steps,reward,lenght
0,0,0
500,-145.8230671757617,500
562,1.8975862264315957,62
1062,-47.959979615378764,500
1077,9.575311956362203,15
1078,10.0,1
1085,9.878573642775475,7
1585,-102.73739244853977,500
2085,-210.5568524537361,500
2094,9.8131895231159,9
2594,-207.43967721585273,500
2598,9.936966942056213,4
3098,-208.96478853594147,500
3598,-209.8971733893634,500
4098,-207.61148331059653,500
4099,10.0,1
4599,-211.9102941567063,500
4600,10.0,1
5100,-207.21295244586196,500
5600,-210.5620107884715,500
5601,10.0,1
6101,-206.06194546004133,500
6349,-91.85649458348824,248
6350,10.0,1
6358,9.850683730815863,8
6858,-210.7787175496473,500
7358,-212.5786623118148,500
7858,-207.4985132893944,500
7862,9.938801825960333,4
8362,-207.67364279172006,500
8363,10.0,1
8367,9.946881047752566,4
8644,-100.64478108301984,277
9144,-208.79651807249093,500
9644,-176.28588692788853,500
9645,10.0,1
10145,-212.00747351882592,500
10645,-213.44367013081927,500
11145,-212.8490639647037,500
11645,-207.40061551379824,500
11651,9.895525609435316,6
12151,-207.1335517010774,500
12651,-209.39228088216865,500
13151,-206.66239479618957,500
13651,-210.0730143223132,500
14151,-210.33989221569144,500
14651,-209.6706780017793,500
15151,-210.9465695167032,500
15651,-209.8955228708516,500
15654,9.969526865749387,3
16154,-196.49966332189834,500
16654,-213.3406553155208,500
17154,-208.78308786382587,500
17654,-208.2584768246786,500
18154,-205.73513079093433,500
18654,-207.16898814346203,500
19154,-211.80519043297784,500
19654,-214.3656139977708,500
20154,-208.6085431303029,500
20654,-209.85582751339305,500
21154,-210.0821941414077,500
21654,-208.35989780355126,500
22154,-195.06336908024588,500
22654,-209.34175765888583,500
23154,-208.1634679936052,500
23654,-212.16915716988674,500
23656,9.986236232890269,2
24156,-208.79454411337917,500
24656,-208.585826045261,500
25156,-194.65490999647741,500
25656,-211.03124371444522,500
26156,-213.43895125232805,500
26161,9.93122274568316,5
26661,-209.2149156922052,500
27161,-207.13034255150828,500
27164,9.959053954364034,3
27664,-209.39854171784006,500
28164,-206.65258985540865,500
28165,9.996294197104225,1
28665,-207.4163006573275,500
29165,-209.04513341412095,500
29665,-207.5017543386637,500
30165,-206.95949092569458,500
30166,10.0,1
30666,-208.5171542557674,500
31166,-185.52729898537677,500
31666,-208.44503024916054,500
32166,-207.6462243457218,500
32666,-206.90657200645342,500
33166,-201.2433696364663,500
33666,-212.80926693535574,500
33667,10.0,1
34167,-210.6991817721864,500
34667,-211.9280457130141,500
35167,-208.76176922519826,500
35667,-209.66778639956615,500
35675,9.82729033854674,8
35678,9.954788049122477,3
36178,-211.36558876341832,500
36182,9.930156459808508,4
36682,-209.66265852439886,500
37182,-209.81660969356474,500
37682,-212.37525243420652,500
38182,-212.54136100694922,500
38682,-207.08038684878798,500
39182,-209.70697891225245,500
39682,-208.75674453152192,500
40182,-206.50249740466677,500
40682,-211.55108334203734,500
41182,-206.22044790921044,500
41183,10.0,1
41191,9.849918396442057,8
41691,-206.51787259367154,500
42191,-211.72581074092443,500
42691,-212.6360237820126,500
43191,-211.822922327755,500
43691,-202.20439296927321,500
44191,-210.38472750933656,500
44691,-212.27798546807253,500
45191,-207.74800475078882,500
45691,-213.52200953749164,500
46191,-208.84912566357977,500
46195,9.930735119153692,4
46695,-210.08239041111156,500
47195,-208.9998312532167,500
47695,-210.39791880427478,500
48195,-212.73133416898276,500
48695,-209.30196103589864,500
49195,-208.69410183911006,500
49695,-212.5964956547254,500
49696,9.99226478388885,1
50196,-206.30406947379285,500
50696,-207.9287435957972,500
51196,-210.36462919718153,500
51696,-210.4543000386817,500
51698,9.973099112559638,2
52198,-208.18604495007034,500
52698,-210.43767538960316,500
53198,-200.62021725003063,500
53207,9.818821196699755,9
53707,-207.474054281784,500
54207,-209.4402612396965,500
54707,-186.89067078677743,500
55207,-137.58344073670804,500
55707,-175.30440970235273,500
56207,-196.5853959582172,500
56707,-128.42252368690723,500
57207,-186.7909219494285,500
57707,-208.60979095080356,500
58207,-197.83630178878192,500
58208,10.0,1
58215,9.902703802865387,7
58216,10.0,1
58716,-199.4304771007718,500
58745,6.273889577777078,29
58745,0,0
59245,-210.02863707077225,500
59745,-212.30982364283028,500
59746,10.0,1
60246,-206.5645267125833,500
60746,-209.20855644595812,500
61246,-190.08035716520118,500
61746,-208.7523106117774,500
62246,-137.70573657187342,500
62746,-185.50015897111317,500
62750,9.927678943222649,4
63250,-130.80523693097516,500
63750,-194.0400513837158,500
64250,-211.60636598031238,500
64750,-204.68806183932705,500
65250,-209.7457612070703,500
65252,9.97283550989924,2
65283,5.6069004878445545,31
65783,-196.2576097955401,500
66283,-203.64572409757474,500
66783,-207.87277523295603,500
67283,-204.4341674245292,500
67783,-183.89599019813664,500
68283,-213.12489163094236,500
68284,10.0,1
68784,-194.42244020970955,500
69284,-200.8540058199263,500
69290,9.901845365001023,6
69790,-198.71473979364126,500
70290,-205.54104659568887,500
70790,-178.3296441222688,500
70799,9.838990054255175,9
71299,-177.50522289982354,500
71799,-201.5740286538429,500
71800,10.0,1
72300,-68.95890943643614,500
72306,9.892453339910045,6
72806,-136.65600126499695,500
73306,-199.5192412553968,500
73806,-155.06080991994656,500
74306,-197.90938073285906,500
74308,9.979058242602585,2
74309,10.0,1
74809,-133.60019170135143,500
74889,-2.406767791830724,80
74914,7.934486259571102,25
74915,10.0,1
74916,10.0,1
75416,-207.5462261717386,500
75916,-190.98816834377072,500
75917,10.0,1
76417,-184.81811609046608,500
76917,-207.85293882325365,500
77417,-151.5177494989007,500
77917,-61.21650993670457,500
78417,-196.75372777841724,500
78917,-36.16883290943521,500
79417,-189.70282536443324,500
79917,-125.69065496219325,500
80417,-184.03850554319155,500
80625,-58.677531793252754,208
81125,-171.1548815824492,500
81625,-195.5322484422564,500
82125,-167.9367745745522,500
82625,-66.26676820321812,500
83125,-162.75266046947712,500
83625,-193.28794799946934,500
84125,-157.0272090223827,500
84625,-156.82882920591345,500
85125,-133.83625819125268,500
85309,5.912429531424908,184
85809,-192.57260795898205,500
85813,9.936046053174369,4
85962,-23.93769243935784,149
86462,-66.23376884669254,500
86463,10.0,1
86467,9.946296825286458,4
86967,-59.36929777918642,500
87467,-170.52855062203335,500
87967,-167.60636354021193,500
88467,-109.14993301528429,500
88967,-61.588931684004976,500
88975,9.875634137822772,8
89475,-65.46059294583085,500
89975,-103.87444131113078,500
89982,9.890423335220227,7
90482,-150.0873890202179,500
90982,-97.37753361986397,500
91482,-189.8311311805024,500
91592,-4.6078879074454,110
92092,-124.45898423562427,500
92093,10.0,1
92593,-76.60532348569201,500
92594,10.0,1
92630,9.196003369164425,36
92631,10.0,1
92859,-0.11306880294191934,228
92868,9.863130713796647,9
92869,10.0,1
93369,-149.91770326352272,500
93869,-100.88389596285091,500
93870,10.0,1
94370,-166.31193239676756,500
94546,-0.5928788217007881,176
95046,-47.0488862160083,500
95546,-114.62088725069842,500
95555,9.332379960834807,9
96055,-82.83732569738538,500
96555,-74.41430550924602,500
97055,-70.04805418384687,500
97555,-147.6554988006295,500
98055,-206.59651375007428,500
98072,8.713181374062684,17
98081,9.83495744564639,9
98581,-177.35738739120677,500
99081,-118.72352438737931,500
99581,-54.437369324771396,500
100081,-95.71629340663782,500
100581,-187.82892883191022,500
101081,-80.0824019709635,500
101581,-130.88139422301833,500
101649,6.106295896810224,68
102149,-37.466245820790526,500
102649,-178.29225558159524,500
102650,9.992856233742955,1
102656,9.889386040294731,6
103156,-59.974865054092135,500
103162,9.916675884197348,6
103236,6.864663609419837,74
103736,-170.53112445386842,500
104236,-61.18764013866964,500
104312,4.003033674708278,76
104812,-60.1738108694284,500
104819,9.900746528018349,7
104825,9.895271774383128,6
105325,-180.97513258808016,500
105825,-113.84472033174796,500
105826,10.0,1
106326,-47.90966560083872,500
106826,-201.92007455173908,500
107326,-211.94020345248208,500
107826,-34.95376796513193,500
108326,-152.81969711169867,500
108826,-167.45885806902837,500
109326,-62.314983228023415,500
109826,-58.70200609929675,500
109835,9.66801755658365,9
110335,-91.8345101830051,500
110346,9.828603451534086,11
110347,10.0,1
110511,6.772822718823836,164
111011,-148.68793629355065,500
111159,-23.034912214466992,148
111184,6.526738613535381,25
111684,-56.942744720475275,500
112184,-59.24611285664003,500
112216,7.616425346929692,32
112217,10.0,1
112218,10.0,1
112718,-51.473913971929214,500
112736,9.607123211693985,18
113236,-41.30745088582044,500
113736,-86.84791385772655,500
113742,9.899804213662136,6
114242,-182.96454711389455,500
114243,9.985851080607285,1
114743,-22.475339572852764,500
115243,-31.192521691403062,500
115743,-205.0083252202324,500
116243,-38.69828759523344,500
116743,-31.07725496017295,500
117185,-25.689850436727568,442
117685,-138.42247009003103,500
117686,10.0,1
118186,-41.399583356734475,500
118686,-207.76346562575594,500
118694,9.884275369071219,8
119194,-41.14715886477155,500
119694,-42.89504716327771,500
120194,-149.11338680209622,500
120235,9.200744624441517,41
120735,-111.66189074288988,500
121235,-22.71555542082405,500
121735,-36.377011549128,500
122235,-71.09222832929211,500
122735,-123.29340315013711,500
123235,-95.38927555699559,500
123554,-9.990995584774955,319
124054,-48.14067306509542,500
124055,10.0,1
124056,10.0,1
124556,-63.462465554966144,500
125056,-20.639756195488104,500
125556,-78.64512668301697,500
126056,-66.8964222677615,500
126556,-34.14739140922316,500
127056,-44.52199921095377,500
127556,-36.37524572139204,500
128056,-30.324597266148224,500
128556,-77.74733972645724,500
129056,-190.12454195415773,500
129556,-22.524030461369808,500
130056,-204.09365717497448,500
130234,3.3918413617618937,178
130734,-152.2683896178016,500
130802,8.377435302043217,68
130821,9.664935573332857,19
131321,-28.043677228560572,500
131821,-31.371268462033495,500
131822,9.993754688024477,1
132322,-76.63503350079222,500
132822,-60.39768166219584,500
133322,-56.91456083228798,500
133822,-192.24992389293584,500
134322,-31.35327655794621,500
134822,-26.36156381650477,500
135322,-54.947525025552,500
135385,8.955988395382823,63
135478,7.572497649695574,93
135978,-34.61431143062758,500
136478,-88.47375355202836,500
136482,9.944424944069828,4
136982,-142.41600805255692,500
137482,-30.205419480017845,500
137982,-76.70672115610662,500
138482,-32.538618845186654,500
138483,10.0,1
138983,-17.222684849597343,500
139483,-22.26452524429643,500
139983,-32.99136523070878,500
140483,-191.0303889737745,500
140983,-53.32754289458495,500
140984,10.0,1
141484,-64.41566613666997,500
141984,-43.113131341588016,500
142484,-124.84241631411184,500
142984,-168.16007190885168,500
143484,-55.28659288954625,500
143984,-62.88062563805834,500
144484,-33.41992781832501,500
144984,-57.10925746417477,500
145484,-213.62211244601696,500
145984,-65.02778162674915,500
146484,-101.20654151865934,500
146984,-40.860596407147504,500
147484,-31.071446910477746,500
147984,-35.1517341671594,500
148034,8.459915674520476,50
148534,-34.168869304870256,500
149034,-21.322371871944203,500
149534,-40.192470249710006,500
150034,-164.8949072453646,500
150534,-52.486936993660905,500
151034,-16.369999324317646,500
151534,-77.29910165161029,500
152034,-186.42697635056032,500
152052,9.693114350168468,18
152552,-80.86720873331372,500
153052,-45.40210120789117,500
153065,9.176282646894547,13
153565,-17.608882885761027,500
154065,-22.599120878142585,500
154565,-198.77968352902224,500
155065,-35.43935203775661,500
155565,-44.15850545882539,500
156065,-51.834985229126644,500
156565,-160.36196141100672,500
157065,-136.30148124676393,500
157253,-12.50791336796233,188
157257,9.943830040523768,4
157757,-46.20568078931244,500
158257,-110.26094094640953,500
158757,-161.84964244994123,500
159257,-28.380509366511834,500
159757,-148.96444348255775,500
160257,-153.60537316459488,500
160757,-32.2036803479604,500
161257,-182.88969877102872,500
161757,-76.11347386882038,500
162257,-51.373636629863114,500
162258,10.0,1
162260,9.980889820541323,2
162267,9.868814660419172,7
162767,-55.50800091813657,500
162781,9.238772489917826,14
163281,-88.46011170020319,500
163781,-72.58729126272227,500
164071,-7.607278716823673,290
164160,-6.3711847304619305,89
164660,-33.545900991711186,500
165160,-70.24500631874791,500
165660,-47.407278593638736,500
165682,9.597383369154135,22
166182,-62.647160742464024,500
166192,9.85057533573481,10
166220,9.30806814336613,28
166272,8.231221000194143,52
166276,9.94851124438089,4
166776,-39.21791782075365,500
167276,-62.92501819513784,500
167327,7.552612720716349,51
167471,-2.8061365290257925,144
167971,-48.90792558448284,500
168471,-39.9904397828323,500
168472,10.0,1
168478,9.905029389301157,6
168978,-96.48716656685728,500
169252,-16.595464523052563,274
169253,10.0,1
169753,-61.533644554305866,500
170253,-36.437269194147724,500
170753,-32.701618382324824,500
171253,-55.33123185111033,500
171442,-21.29593226045135,189
171464,9.530078020641369,22
171788,-21.37318459340359,324
172288,-51.055227277381775,500
172788,-49.72516272006367,500
173288,-175.01678902687598,500
173788,-105.83665703570477,500
174192,-19.78219314220279,404
174692,-35.60104313471592,500
174757,7.796644339803796,65
175257,-69.20395386563553,500
175757,-38.876684262772756,500
175758,10.0,1
175759,9.993106847020828,1
176259,-53.4919360302884,500
176759,-197.21077519411716,500
176795,9.2048485069251,36
177295,-135.38072766922411,500
177296,10.0,1
177796,-20.07442628166986,500
178296,-28.713786273518778,500
178796,-50.77984602416727,500
179296,-46.693520467887666,500
179796,-185.13823070221488,500
179917,2.550838242321676,121
180310,-6.021593889617467,393
180810,-63.592697619034254,500
180828,9.654207330931559,18
181328,-35.276552258307035,500
181358,9.419429229363438,30
181858,-102.15608048658382,500
182358,-214.74346952614096,500
182858,-183.73638770344974,500
183358,-31.489204107952045,500
183858,-43.084322245397104,500
184358,-18.971825084023372,500
184858,-52.8745145223707,500
184859,10.0,1
185359,-52.33758440473474,500
185859,-27.31551514304459,500
185860,10.0,1
186360,-49.48602437101807,500
186860,-139.88419547451042,500
187360,-213.50181348326205,500
187373,9.71719134876631,13
187873,-21.06632808121264,500
188373,-165.30817077191858,500
188873,-214.51440875955143,500
189373,-117.53459717334218,500
189873,-14.100411957951666,500
189874,10.0,1
189895,9.518933539193958,21
190395,-18.3805992633146,500
190397,9.979440956053653,2
190897,-155.39400814004205,500
191397,-78.90481063502972,500
191897,-56.42066649620736,500
192397,-34.74662927272913,500
192408,9.826366790398254,11
192414,9.897531851702151,6
192914,-59.43520150462328,500
193414,-80.41176338804931,500
193425,9.755795856285529,11
193445,9.631664544165472,20
193446,10.0,1
193447,9.992424410142966,1
193947,-86.21692674630357,500
194447,-26.3081282181189,500
194947,-201.1105402303337,500
195447,-33.47292149869022,500
195947,-44.99067970500555,500
195948,10.0,1
196101,6.636229191837131,153
196105,9.939612287667279,4
196605,-29.25179343744892,500
196612,9.899419104359541,7
197112,-33.593527453813415,500
197612,-86.82522432925336,500
198112,-26.06489921689361,500
198612,-44.03210473828134,500
199112,-99.85178751754488,500
199117,9.926761208022262,5
199118,10.0,1
199618,-72.52479585582442,500
199624,8.918597490999176,6
200124,-41.479662516055086,500
200624,-16.752640953981526,500
201124,-44.807948110494365,500
201624,-36.70328741961995,500
202124,-62.808385785996926,500
202624,-49.23076241158865,500
203124,-71.72641503272754,500
203624,-53.67164484604555,500
203633,9.801590890375685,9
204133,-30.83407702485347,500
204134,10.0,1
204634,-61.138249084993355,500
205134,-30.79274667184874,500
205144,9.789596951466109,10
205644,-169.99321772133044,500
206144,-213.5141916147916,500
206644,-184.6657023713891,500
206653,9.82287134413321,9
207153,-162.72275842105395,500
207653,-213.59491681636197,500
208153,-191.1339771799003,500
208154,10.0,1
208155,10.0,1
208655,-60.20980775283986,500
209155,-51.03724082254827,500
209156,10.0,1
209656,-25.19730571608124,500
210156,-44.784729999003105,500
210656,-38.45993751882754,500
211156,-121.69380307562564,500
211656,-63.483269591641275,500
212156,-25.645311731799634,500
212656,-41.932241418079634,500
213156,-73.66111947649178,500
213656,-42.868888019659884,500
214156,-34.3730110999919,500
214164,9.871665366849246,8
214664,-30.29863082120843,500
215164,-70.3149099266789,500
215664,-103.19750020812282,500
216164,-56.98552270986782,500
216178,9.446157119839727,14
216678,-108.77102195290394,500
217178,-193.56055791523215,500
217678,-61.830146217518866,500
218178,-24.790431617979234,500
218678,-145.43795660286176,500
219178,-20.190125158191382,500
219678,-51.07133060023136,500
220178,-43.22313270463745,500
220678,-62.16523157670722,500
221178,-15.809906930497892,500
221678,-63.5850788558199,500
222178,-51.61885027416696,500
222678,-47.788628246444596,500
222683,9.921923707094669,5
223183,-185.99572152187787,500
223683,-45.95679837837288,500
223696,9.199406718412522,13
224196,-28.464933044635764,500
224696,-139.11911304169195,500
225196,-52.516060373575314,500
225696,-68.60224465319153,500
226163,-10.649206785042077,467
226663,-37.12786526235457,500
226675,9.786417230853946,12
226694,9.531025208132258,19
227194,-26.464689203731083,500
227694,-214.49520274490655,500
228194,-36.59717311405839,500
228694,-46.49473963948825,500
229194,-33.66870026014108,500
229197,9.658221923625682,3
229697,-50.432677746005105,500
229712,9.655901879361664,15
230212,-33.39718618770937,500
230712,-35.91888596817316,500
231212,-168.94403887611685,500
231255,0.9457529831369271,43
231755,-57.577333308864006,500
232255,-73.05646005335225,500
232755,-25.47801468578641,500
232812,3.973314540710323,57
233312,-20.805134623068593,500
233812,-40.413784188213484,500
234312,-41.61918483726477,500
234812,-70.10695597478228,500
235312,-58.07811710133018,500
235812,-42.629499283462216,500
235813,10.0,1
236313,-105.41112714547369,500
236813,-18.184600126154816,500
237313,-65.10934214165873,500
237314,10.0,1
237814,-71.66949820583768,500
238314,-211.1110732332089,500
238814,-40.2899307971849,500
238824,9.775658829640829,10
238887,8.33364632678461,63
239387,-20.84903858016472,500
239529,6.881712949579801,142
239530,9.996567335137227,1
240030,-190.36286115419614,500
240530,-33.63466412135254,500
240539,8.62861315481259,9
241039,-185.09775985873992,500
241069,9.353305929899305,30
241070,9.996459988148587,1
241570,-39.9325530715479,500
241602,2.8246358573753954,32
242102,-159.53549442741635,500
242167,-13.739423718709366,65
242169,9.976687558012063,2
242170,10.0,1
242670,-16.52386317629437,500
243170,-18.40296237660928,500
243670,-40.00437462173535,500
244170,-26.123338208329713,500
244172,9.970325887885052,2
244672,-22.603456846186624,500
245172,-22.969269123288175,500
245672,-92.33363341687267,500
246172,-21.469926348214617,500
246672,-24.371388062629563,500
247172,-17.375631346349945,500
247206,9.251592681034987,34
247215,9.829377649271166,9
247715,-98.6713435726643,500
248215,-19.21710000897812,500
248233,9.608623878403654,18
248733,-19.56206937962587,500
249233,-34.776307451908544,500
249234,10.0,1
249235,9.993470758380738,1
249735,-99.92306205469836,500
250235,-32.22222133062159,500
250735,-25.73548369290872,500
251235,-42.919905801092185,500
251735,-36.58365210068596,500
251736,10.0,1
251763,9.39768829997324,27
251770,9.868516125735278,7
251807,9.215254122123698,37
251820,9.712362450928618,13
252320,-194.84885821359055,500
252820,-47.245358724414494,500
253320,-24.502671969361725,500
253820,-23.60375500894423,500
254320,-22.087001365284,500
254820,-38.6807337529285,500
254827,9.886368969764368,7
255327,-22.34669570410954,500
255827,-39.91458852349475,500
256327,-39.935640009912284,500
256827,-198.4319980756273,500
256828,10.0,1
257328,-57.612947898213136,500
257828,-39.26961437104407,500
258328,-213.7646181371916,500
258828,-62.84873925212613,500
259328,-32.67580283345764,500
259383,7.390110697778759,55
259384,10.0,1
259752,-8.384818826745748,368
260252,-25.07365381279819,500
260419,6.381150612352302,167
260919,-12.738466212218801,500
260928,9.837698607864132,9
261428,-20.07739575273636,500
261928,-117.29029093202206,500
261935,9.892233430960374,7
262435,-67.6723757015427,500
262935,-195.3289799248527,500
262940,9.907590298901992,5
263440,-62.61621357292573,500
263461,9.515407720491941,21
263961,-20.445735362631034,500
263962,10.0,1
264462,-48.87159311949298,500
264962,-39.194649646335456,500
265462,-37.45588399170266,500
265476,9.469696242552049,14
265976,-78.1250873655038,500
265985,9.81643376736323,9
266485,-32.78814184026154,500
266985,-47.504388959288825,500
266986,10.0,1
267486,-11.659501645096714,500
267513,9.309230580972214,27
268013,-29.740148121789215,500
268014,10.0,1
268514,-24.099755927659903,500
269014,-24.210022615385284,500
269200,3.9977147176158034,186
269700,-50.635167114010216,500
269709,9.60523975507654,9
270209,-22.031010671377974,500
270269,7.318853240211482,60
270293,9.43056331049777,24
270793,-21.973190416489704,500
271293,-22.943667034853956,500
271793,-204.9376796259718,500
271889,0.7485375246113115,96
272065,5.412804088885584,176
272565,-17.52152566966927,500
273065,-23.102926010036295,500
273565,-19.68772535738886,500
274065,-34.6622269183173,500
274069,9.946942421238736,4
274120,8.365327936965572,51
274122,9.971670831010991,2
274155,9.147049811024642,33
274182,9.308611967148277,27
274682,-60.25880339116995,500
275182,-23.524320822390983,500
275682,-78.59587242248872,500
275690,9.74575703008187,8
276190,-23.48788190287968,500
276191,10.0,1
276216,9.479534303885481,25
276217,10.0,1
276717,-18.00502863965388,500
276737,9.546159508654808,20
277237,-37.9546656863409,500
277737,-18.444577777170085,500
277738,10.0,1
278238,-18.535838154216627,500
278738,-16.815302946669828,500
279238,-19.28912652368529,500
279738,-15.80675567086371,500
279739,9.988597352388393,1
280239,-106.4836954730957,500
280248,9.818755614427479,9
280250,9.973845585794038,2
280750,-23.341186983959904,500
281250,-56.06687669116596,500
281255,9.91079246584737,5
281755,-21.913242252074426,500
281756,10.0,1
282256,-17.146561979295555,500
282313,8.540412572846698,57
282813,-23.00034620558417,500
282829,9.711198916779642,16
283329,-48.8247078041793,500
283829,-19.022550786647823,500
284329,-17.99161500008819,500
284829,-29.70903939219095,500
284837,9.829769249214658,8
285337,-17.24784994845102,500
285837,-37.05011831998458,500
286337,-96.12827198321945,500
286343,9.881853951291292,6
286843,-14.351736642498897,500
286858,9.664303959942753,15
287358,-15.209617529714532,500
287359,10.0,1
287366,9.469587394543815,7
287866,-19.580178296823618,500
288113,3.453738281266749,247
288463,-34.11035639692041,350
288963,-45.792904275274644,500
289463,-15.085368611502371,500
289963,-11.747732325910377,500
290463,-86.79780351769847,500
290963,-18.89131835135133,500
291069,6.015838755454049,106
291569,-48.72961564396167,500
291570,10.0,1
291580,9.785582301867285,10
291874,-0.48082040299172846,294
292374,-25.576875310977094,500
292452,-1.7010941364928982,78
292458,9.891812774670727,6
292958,-20.334965934921787,500
292997,7.855125397173714,39
293497,-63.22048481213683,500
293997,-27.80157899964829,500
294030,9.42678382073506,33
294046,9.656519547784708,16
294052,9.893482184508123,6
294065,9.756505000058953,13
294066,9.990971330019207,1
294067,10.0,1
294567,-13.53008315685714,500
295067,-16.869538402037985,500
295567,-22.57858925233767,500
296067,-17.109018414059893,500
296567,-14.353140942960435,500
297067,-57.569157260081454,500
297567,-22.725434822564857,500
297584,9.613872376230278,17
298084,-92.08625916897975,500
298540,0.7135379488240599,456
298541,10.0,1
298553,8.690973595697034,12
298574,9.480702571912886,21
299074,-36.06614541543106,500
299075,10.0,1
299575,-42.910702669140576,500
300075,-19.853160195237045,500
300575,-25.05781809924194,500
301075,-17.81795655866721,500
301138,8.525983951573226,63
301638,-13.395953969139038,500
302138,-11.9208275025536,500
302638,-21.43247012247494,500
303138,-17.806924241666575,500
303142,9.930367698672352,4
303642,-17.70823377510045,500
304142,-15.006896873207888,500
304642,-19.77587500695604,500
304678,8.718620804718753,36
305178,-16.386910194563974,500
305199,8.390947290553978,21
305239,3.6907680461303682,40
305739,-17.369983183850312,500
306239,-18.93244442075867,500
306739,-15.374943289899585,500
307239,-16.61893610445737,500
307739,-15.984889522771297,500
308239,-16.263664647311384,500
308739,-17.544877812028602,500
308801,6.390383687741734,62
308820,9.016209716361729,19
308838,9.588808115587627,18
309338,-15.827987021593403,500
309838,-19.248693517701838,500
309839,10.0,1
310339,-16.580115424663827,500
310839,-17.818968882648008,500
310857,9.378727399987493,18
310870,9.763573348751398,13
310880,9.793851656465247,10
311380,-19.525515802318996,500
311880,-16.252330027221845,500
312380,-21.05987425301201,500
312880,-14.044416229071151,500
313029,6.786120897386532,149
313529,-14.208106190704576,500
314029,-12.56366544520689,500
314041,9.748681283217781,12
314541,-32.81111450039576,500
314557,9.692861895352094,16
314558,10.0,1
315058,-18.847874701353067,500
315091,9.33164835140014,33
315591,-12.734563519873538,500
316091,-17.435643582203774,500
316103,9.753982038119487,12
316120,8.548542076061498,17
316319,2.464358209512011,199
316819,-15.233166143011696,500
316840,9.641457487655387,21
316874,8.96129543341181,34
317374,-19.575905243128727,500
317452,8.574604873392019,78
317952,-15.859195338534391,500
318452,-16.87772537396963,500
318952,-15.18797002760617,500
319452,-14.356192453991284,500
319952,-12.607849972744784,500
320452,-12.935543207502556,500
320952,-30.37047153568587,500
321452,-20.663062269244236,500
321952,-14.638897864183168,500
321955,9.967194028288455,3
322455,-13.91990954920042,500
322955,-13.773813961251642,500
323455,-26.773099799416116,500
323456,10.0,1
323678,4.195635821141013,222
324178,-17.161179477216002,500
324678,-16.46672706057299,500
325178,-16.615628642006627,500
325678,-15.291845057005117,500
326178,-16.558743277133118,500
326179,10.0,1
326217,9.324718158903032,38
326717,-14.24602729024724,500
326718,10.0,1
326719,9.996254559874206,1
327219,-17.911229571607763,500
327719,-14.463201946076513,500
328219,-16.34259976002361,500
328719,-41.65849572106939,500
329219,-32.18676930360248,500
329719,-14.668412928228825,500
329828,6.890544631693544,109
330328,-13.117151715639565,500
330482,5.943553462805242,154
330486,9.9336679501479,4
330487,10.0,1
330987,-17.783420375722404,500
331487,-14.358810719120422,500
331706,4.327526005620546,219
332206,-107.09626275004183,500
332706,-21.07728691369103,500
333206,-20.783763629304058,500
333706,-15.773323864297211,500
334206,-48.92678641766461,500
334706,-16.63642720443741,500
334845,6.848593857688439,139
335345,-15.075043191437556,500
335845,-13.069646575721524,500
336345,-16.193074855228826,500
336845,-57.815881199126984,500
337345,-15.163951276124168,500
337796,-11.969126068671136,451
337806,9.645817176457129,10
337819,9.716563324346241,13
337887,7.795006217331411,68
338387,-19.082736694513088,500
338887,-21.042878583095227,500
339387,-12.611981522798017,500
339388,10.0,1
339394,9.909661702992425,6
339894,-17.519573562836612,500
340394,-16.47978294293024,500
340894,-17.61836534018823,500
341394,-17.799869474343378,500
341894,-14.078054813894584,500
341903,9.78940372518948,9
342403,-18.977670283305734,500
342903,-49.97008808686776,500
342906,9.947978067577411,3
343406,-50.573790517709895,500
343411,9.830957484956478,5
343911,-13.984025295619338,500
344411,-17.699623813490934,500
344430,9.548036911820466,19
344930,-16.74119943218566,500
344945,9.684499217769842,15
345445,-17.044753084763844,500
345945,-17.220894964528405,500
346445,-16.977392595177445,500
346945,-14.786075262857834,500
347445,-16.320069079933326,500
347448,9.959386776265635,3
347461,9.730570957991368,13
347961,-14.124823510016821,500
347980,9.547763414022477,19
348480,-14.639566434420292,500
348481,10.0,1
348981,-19.22539377696561,500
348989,9.838983788608497,8
349489,-16.786745762526493,500
349989,-15.6214184366731,500
350489,-12.99396519736926,500
350490,9.989152183766098,1
350990,-19.392677887287633,500
351490,-11.810353967890741,500
351990,-16.903267410246443,500
352490,-35.474983553112374,500
352990,-16.78344741987873,500
352993,9.958457632567777,3
353493,-14.605369696295224,500
353496,9.96304496141724,3
353796,-1.3346409514379491,300
354296,-81.88196698848259,500
354796,-16.545265636543302,500
355296,-14.121988754150083,500
355796,-14.762460161973777,500
356296,-11.649297656585901,500
356329,9.017009213013251,33
356829,-17.59198061746553,500
356834,9.931514018557714,5
357334,-17.624253901792102,500
357358,9.533088823024928,24
357858,-11.135476456325488,500
358358,-17.652805230600006,500
358436,7.459233448030986,78
358936,-23.041813299020603,500
358943,9.871932381820766,7
359443,-16.733154581120054,500
359448,9.907825453986842,5
359450,9.97361110170607,2
359950,-13.834262395839994,500
359969,9.681045292120718,19
360469,-53.029330700174825,500
360481,9.749233413240143,12
360482,10.0,1
360494,9.807353605040186,12
360994,-17.403017366425015,500
361494,-14.584153030786686,500
361881,-0.14463279164390208,387
361886,9.923418690903125,5
362386,-18.10056847857876,500
362886,-16.57051406347521,500
362890,9.941655316755053,4
362928,9.130154749345303,38
362929,9.993458641622729,1
363429,-20.744889768447276,500
363929,-17.045798708411656,500
363933,9.932163207581219,4
364433,-17.727356628144506,500
364437,9.945668744552863,4
364885,-3.640148375702479,448
364896,9.75927298292378,11
365396,-15.713213721159288,500
365419,9.581769458712971,23
365919,-18.506419095168336,500
366419,-17.652183978825445,500
366420,10.0,1
366920,-15.770055044954914,500
367420,-27.038085169673696,500
367920,-11.527339571008376,500
368283,-2.4446137749254664,363
368783,-12.076498140164233,500
368784,10.0,1
368785,10.0,1
368792,9.852648464293603,7
368858,8.325174714278882,66
368872,9.669076870449501,14
369372,-15.787846089806827,500
369375,9.96019978794739,3
369395,8.982225041007728,20
369425,9.05549489498227,30
369433,9.83514489489338,8
369434,10.0,1
369435,10.0,1
369436,9.992028294681212,1
369936,-16.94260475577217,500
370436,-18.07313304896693,500
370936,-17.383370298311597,500
370951,9.663886863699314,15
370952,9.996691237990143,1
371452,-16.823485752241115,500
371952,-24.49769095124411,500
371984,9.209191638745562,32
372484,-20.870346265178704,500
372984,-24.792046477662833,500
372985,10.0,1
373485,-24.94280499668156,500
373605,6.23087637078104,120
373648,8.938066837363648,43
374148,-18.593836558081925,500
374149,10.0,1
374150,10.0,1
374650,-24.267547654465865,500
375150,-15.731472760422113,500
375158,9.83402558251846,8
375658,-13.13995512664921,500
376158,-14.408434934068746,500
376380,4.493215830765824,222
376392,9.535640230342853,12
376399,9.854532529553126,7
376899,-17.137163987329476,500
377399,-17.303799285578283,500
377413,9.605140464349684,14
377419,9.893769886429087,6
377919,-16.531889924669684,500
378419,-17.905469212650083,500
378919,-17.91516186904645,500
379419,-17.614081934055775,500
379420,9.996173596959995,1
379920,-15.536815380188406,500
379958,6.748425158053678,38
380458,-12.390063388757167,500
380472,9.698534119227661,14
380479,9.904561737347565,7
380979,-16.921031341991956,500
381479,-17.033317749843903,500
381480,10.0,1
381980,-31.24819149240653,500
382480,-17.12026769329863,500
382540,7.629981762983091,60
382541,9.995975226804497,1
382710,5.577676349053879,169
382711,10.0,1
383211,-17.366496175120904,500
383329,7.210006120333476,118
383337,9.837828801971625,8
383837,-17.892130257751614,500
383900,8.439575924660925,63
383929,8.460277970315516,29
383933,9.953755841468194,4
383942,9.80943880271901,9
384442,-19.172994181376552,500
384942,-20.55525379633769,500
384969,9.36423405493186,27
384970,10.0,1
384974,9.931032763795852,4
385474,-18.566580864026403,500
385974,-17.905199115467724,500
386474,-15.86718495250254,500
386545,6.764770745503558,71
387045,-14.66380077794422,500
387071,9.355077765091501,26
387083,9.76708950258886,12
387583,-126.03408627619653,500
387589,9.903090361495444,6
388089,-17.197058089804997,500
388099,9.797337664869238,10
388111,9.773134040832902,12
388611,-16.827867834792553,500
389111,-14.260004348157656,500
389186,8.112112050347863,75
389686,-18.038346643673478,500
390186,-17.03864958995092,500
390686,-14.287131712584884,500
391116,-0.22077762111606525,430
391120,9.95561031272991,4
391156,9.137903140270097,36
391177,8.919959139249562,21
391677,-22.358484087292794,500
391693,9.655653017521042,16
391751,8.620060601392879,58
392251,-17.34859306328593,500
392751,-15.285317578042907,500
392759,9.84677165403087,8
392760,10.0,1
393260,-34.506780360561585,500
393760,-14.060031049183332,500
393778,9.678516997687735,18
394278,-15.040214106551907,500
394294,9.600178380502546,16
394548,3.5728103531296913,254
394549,10.0,1
394550,10.0,1
394601,8.944228854233984,51
394605,9.947983907156143,4
395105,-16.45944987735171,500
395605,-118.97873799739256,500
396105,-17.648320233424627,500
396140,8.61643832110339,35
396155,9.713678471932598,15
396655,-17.0333740056122,500
397155,-16.92930477887895,500
397170,9.148613291242464,15
397670,-18.10645287970138,500
397747,7.9978597795247595,77
398247,-18.081350978726537,500
398747,-13.69643184858309,500
399247,-16.54825380156886,500
399747,-16.949068570960684,500
400247,-16.451774873702398,500
400747,-17.003596168518587,500
401247,-17.590627228028648,500
401747,-17.19578071445983,500
402023,2.883378644778097,276
402523,-16.75163736192902,500
403023,-16.187174750201084,500
403523,-15.599627767167666,500
404023,-12.729477070156465,500
404523,-11.91507945997279,500
404882,-0.1048239847666661,359
405382,-17.140929150014777,500
405399,9.649136824948279,17
405899,-10.817181825667202,500
405940,9.104144145624854,41
406440,-16.524610384190993,500
406940,-14.476945224309171,500
406941,10.0,1
406980,9.080100516142249,39
407480,-19.950419174440267,500
407482,9.98226637497955,2
407565,8.422915269988744,83
407706,6.486126815511518,141
408206,-16.940618003968577,500
408706,-42.36198030214372,500
409206,-170.95585485943988,500
409706,-19.02893231040523,500
410206,-18.47171863225904,500
410224,9.437151705431845,18
410233,9.841186501711949,9
410733,-16.746016550133792,500
410766,8.928512331531346,33
410792,9.41231450926465,26
410793,10.0,1
411293,-18.475751394035562,500
411793,-16.60514982216482,500
412293,-17.59647104035854,500
412305,9.771276825637615,12
412318,9.743967522395035,13
412818,-15.090886581629372,500
412820,9.96948062979434,2
412827,9.8677621293391,7
412835,9.843492403322045,8
412839,9.949574415382665,4
412846,9.659341855257406,7
412847,10.0,1
412848,9.996448177706606,1
413348,-16.859803988557044,500
413374,8.252167589259319,26
413874,-18.026697327262188,500
413890,8.585442580739842,16
414101,3.4192371818017877,211
414128,9.411025643479071,27
414134,9.906248913409138,6
414135,10.0,1
414142,9.87457937788403,7
414642,-16.22894532637701,500
414660,8.045386752149343,18
414663,9.966466773752241,3
415163,-17.229289985493185,500
415164,10.0,1
415165,10.0,1
415195,7.778656923573569,30
415203,9.866439083703764,8
415264,8.722097368888083,61
415278,9.221769673701004,14
415778,-13.859446024036547,500
416278,-12.36195140524183,500
416288,9.779440522831575,10
416439,4.552079573167195,151
416939,-17.303487021923143,500
417439,-13.771813956676679,500
417458,9.637155670556352,19
417539,7.874016983430099,81
418039,-17.822475509561446,500
418057,9.632389043426427,18
418557,-16.14316085402585,500
419057,-24.892774633371843,500
419163,7.549173312748208,106
419663,-22.265650322480475,500
420163,-18.12666437343869,500
420164,9.987987698937415,1
420664,-18.405622960246916,500
420680,9.411352493189876,16
420681,10.0,1
420697,9.646908105001339,16
420717,9.553638664637932,20
420732,9.690368428969634,15
421232,-15.032094501933427,500
421653,-75.3132767758025,421
421690,9.278772159859939,37
421824,6.845459279281314,134
421833,9.820066956086619,9
421853,9.583959373180267,20
422353,-15.742412214455308,500
422418,7.303123624211507,65
422443,9.488938007418291,25
422943,-17.960186382655888,500
422947,9.94228254680574,4
422959,9.745407743569478,12
423459,-18.866227318958373,500
423461,9.971764934019955,2
423472,9.758112240719532,11
423972,-13.69647557284398,500
424472,-16.87682944269215,500
424479,9.881319784561448,7
424979,-11.341960655437262,500
425479,-11.080496311729034,500
425747,4.0573964049859566,268
426247,-28.08100227542209,500
426344,6.8723045910574765,97
426844,-17.8790850193942,500
426940,7.810747104836381,96
426951,9.759572298500334,11
426960,9.825885811493958,9
427460,-12.32897206711781,500
427477,9.63417239035782,17
427977,-14.535354914858896,500
427988,9.797161381919043,11
428023,7.663294684484183,35
428316,-1.6692884116953994,293
428336,9.082238019616184,20
428836,-14.400999047025362,500
428849,9.690887718879102,13
429349,-85.2760701175817,500
429351,9.978654465081691,2
429419,8.195862803045188,68
429433,9.733213328610915,14
429438,9.80942723980724,5
429502,5.79459380887949,64
429516,9.714012956205167,14
429518,9.971155397476421,2
430018,-17.165699770378687,500
430044,9.415201655540322,26
430483,-19.09026957040279,439
430484,10.0,1
430487,9.956728599606182,3
430633,7.010533037876313,146
431133,-17.608004666017827,500
431633,-17.05725564542555,500
431667,9.323193588614924,34
431677,9.788114401885709,10
431966,3.457911691049122,289
431968,9.971047688364122,2
431971,9.95764123688649,3
431980,9.818016928413545,9
432020,7.99970491327815,40
432021,10.0,1
432521,-17.078302781419076,500
433021,-13.512029656704472,500
433521,-15.261330427148547,500
433523,9.970433297887908,2
433524,10.0,1
433536,9.737653500268541,12
434036,-14.891964546391895,500
434041,9.899796296203201,5
434541,-16.874013999665124,500
435041,-144.2405952473599,500
435065,9.561873895143549,24
435565,-18.022430845470364,500
435597,7.357457575746393,32
435780,5.268993367426704,183
436280,-17.11964616294774,500
436292,9.752198729678874,12
436563,3.8817367043246005,271
436577,9.762583657686932,14
436581,9.935247828549393,4
436601,9.600624647735232,20
436717,6.936257748592789,116
436722,9.924788276462927,5
437222,-18.368125602641616,500
437283,8.617361498491022,61
437296,9.774861412584729,13
437297,10.0,1
437315,9.480108873890764,18
437357,9.028786417233167,42
437857,-13.31967789999988,500
437858,9.993150212799137,1
438358,-17.803245846282046,500
438858,-11.468390722666364,500
439358,-13.28617269508664,500
439379,9.468893948872058,21
439879,-12.481733174820697,500
439888,9.83695917931288,9
439889,10.0,1
439897,9.856221728420818,8
439899,9.880918032937343,2
440399,-20.134382779106772,500
440476,8.00059390534124,77
440976,-15.944098245377145,500
440988,9.725036594152561,12
441028,9.15585383158222,40
441042,9.680803666383012,14
441472,-1.600407811803601,430
441473,10.0,1
441480,9.879442132171938,7
441980,-17.02309010279205,500
441981,10.0,1
442001,9.283228324042263,20
442021,9.6191334934955,20
442521,-13.93325898844681,500
442541,9.561495980294739,20
442559,9.575990157506396,18
443059,-18.230512952849903,500
443075,9.23574216191907,16
443082,9.870022232111404,7
443094,9.740806159337328,12
443100,9.905403394212685,6
443600,-12.409174314887716,500
443630,9.336105095954403,30
443728,7.9568305560074535,98
444228,-16.565700648971966,500
444239,9.75346644810275,11
444245,9.919169168460177,6
444249,9.944079650792785,4
444749,-17.261055849476865,500
444761,9.72721789995161,12
444778,9.677576857446002,17
444779,9.9894264585776,1
444799,9.567583696803043,20
445299,-12.844954470604701,500
445684,-4.511372470425371,385
445688,9.939012837408429,4
445793,7.0232227028129675,105
446293,-17.346763884071173,500
446295,9.97789902105543,2
446795,-15.78190429785615,500
446804,9.827877961658011,9
447078,2.3112523978331367,274
447578,-16.181013952504863,500
447579,10.0,1
447622,9.024124967888195,43
447648,9.389897773958186,26
448148,-17.856247936036244,500
448168,9.657261602560185,20
448207,8.516713450636882,39
448212,9.898786585787239,5
448712,-10.999461092532282,500
448732,9.510025525953095,20
448776,8.20474659457564,44
448895,6.429371594289324,119
449241,1.9366208027983518,346
449741,-20.007737542659928,500
449742,10.0,1
449769,9.44002073801867,27
449777,8.574180653729737,8
450277,-10.38563898449582,500
450281,9.939946651315717,4
450610,0.31018970441020954,329
450616,9.395595372453203,6
451116,-11.042043699539676,500
451132,9.648506064075843,16
451442,3.8989016168065866,310
451451,9.831061109597435,9
451706,3.8728943464156504,255
451718,9.732290427658084,12
451726,9.85400768157248,8
451743,9.638980673753391,17
452243,-21.01469860110699,500
452330,7.835767878092662,87
452351,9.490263990669325,21
452851,-15.344652411408463,500
453351,-14.47408228215604,500
453447,7.961535062232764,96
453634,5.3250234088439035,187
454134,-17.125724590310853,500
454634,-14.14733201713369,500
454635,9.989417474956076,1
455135,-17.195544130809765,500
455635,-13.084576737978262,500
455774,6.633133628251595,139
455778,9.945196053142045,4
455782,9.948166845455379,4
456282,-14.203745348993985,500
456782,-28.00620488214378,500
456849,-0.9447286926389857,67
456864,9.645658701163944,15
456875,9.785778791091893,11
456895,9.523710303229175,20
457395,-17.23186143616565,500
457577,6.189892592561047,182
457597,9.598552348221903,20
458097,-17.229802671958407,500
458116,9.548071882223752,19
458118,9.980752792119153,2
458618,-13.280940301833127,500
459118,-15.23941421380629,500
459170,8.271313879363689,52
459192,9.53419692198503,22
459193,10.0,1
459693,-20.237727112107365,500
460193,-91.30373848809984,500
460693,-14.85013196741712,500
461193,-17.132123991721176,500
461208,9.70417830750506,15
461252,9.079736568302096,44
461347,7.801904994796502,95
461847,-16.62964550568853,500
461868,9.254974897648964,21
461894,9.427194123590274,26
461895,10.0,1
462395,-210.89071078708918,500
462680,-102.4939410142144,285
463180,-16.38060081727133,500
463187,9.872759869559161,7
463211,9.215856926525968,24
463212,10.0,1
463225,9.743027292247925,13
463725,-14.122475582378682,500
463726,10.0,1
464226,-16.54931164481973,500
464227,10.0,1
464428,1.9834737808057579,201
464429,10.0,1
464444,9.68711710788304,15
464577,7.047988256676568,133
464746,5.954275849374856,169
464747,10.0,1
465247,-16.146221926274933,500
465248,10.0,1
465315,8.121086526739411,67
465330,9.704960617067304,15
465343,9.718558952764493,13
465368,9.523384124390043,25
465454,7.234968457247609,86
465954,-13.640781029620278,500
465955,9.992761132091454,1
465980,8.945949384047838,25
465997,9.587008303036072,17
466002,9.911427859854996,5
466003,10.0,1
466503,-11.232396004993497,500
467003,-11.971859817842873,500
467013,9.795608916454034,10
467236,1.6475240053609834,223
467239,9.853048819807595,3
467584,1.784627272156344,345
468084,-20.745289539492656,500
468111,9.128020228204202,27
468505,-6.17514504684099,394
469005,-17.95212126353898,500
469505,-17.096527140676795,500
469589,8.348853908090005,84
469836,2.9548196079476003,247
469858,9.396878335947454,22
469877,9.113276663446326,19
469920,8.71509085444807,43
470420,-18.91439292921,500
470426,9.899382635536522,6
470451,9.4757322085601,25
470455,9.944495357142085,4
470466,9.781728963568527,11
470531,8.24276896548323,65
471031,-13.785721401240368,500
471511,-2.7383349246896778,480
471546,9.080968156806838,35
471560,9.70383275929906,14
471586,9.41385426092301,26
471620,9.250006427438997,34
471628,9.832736940884821,8
471638,9.795860041007812,10
472138,-16.27681451670932,500
472638,-15.84830060475645,500
472658,9.52988885860768,20
473158,-115.48048908217353,500
473658,-44.165095200171216,500
474158,-15.021245036982322,500
474159,10.0,1
474516,0.26225584965413873,357
474554,9.134757396827428,38
475054,-11.955398346423934,500
475554,-17.290995704544223,500
475555,9.987804601423374,1
475572,9.410612165175607,17
475626,6.7258520522007785,54
475637,9.818840682630709,11
476017,1.0905187569245403,380
476517,-13.983701409578993,500
476532,9.739852872869704,15
477032,-16.449032006172455,500
477532,-12.000188150625826,500
477558,9.43812771164514,26
477560,9.972638753849283,2
477628,5.86716601050748,68
477641,9.45618688548787,13
477651,9.7723468317209,10
477682,9.28167431021229,31
477914,3.5661664301134133,232
477930,9.665874100430047,16
477940,9.584385537051764,10
478440,-14.671747975631346,500
478448,9.845518447000588,8
478457,9.840316181206306,9
478477,9.364418433219534,20
478493,9.619106452830966,16
478501,9.845869116345487,8
478510,9.847783221422869,9
478511,10.0,1
478992,0.09688485007766268,481
479492,-16.456901483195374,500
479512,9.528233090042004,20
479535,7.539979581523953,23
479851,2.357553236635897,316
479861,9.405247447496901,10
479873,9.747603598259344,12
480373,-13.255296060959598,500
480396,9.484927951189489,23
480491,7.966976121116101,95
480508,9.360022134825407,17
480540,9.343303817920276,32
481040,-12.700849290370133,500
481540,-72.56000394029202,500
482040,-209.07374536771374,500
482052,8.727738052212654,12
482063,9.762039472009425,11
482079,9.706097763569387,16
482080,10.0,1
482085,9.905294524352517,5
482086,9.98898066041162,1
482256,5.964651662163417,170
482257,10.0,1
482277,9.485319448621102,20
482777,-31.74053061481554,500
482783,9.899292219225538,6
482930,5.7526710530536125,147
482933,9.962408773874795,3
482957,9.476900994481054,24
483434,-3.505228778778406,477
483547,6.6275422141927,113
483548,9.996206506885178,1
483554,9.892808629425252,6
484054,-11.706959123836937,500
484058,9.945975144479718,4
484059,10.0,1
484094,9.332310663885472,35
484149,7.78831701571667,55
484170,9.567794034609872,21
484197,8.39232791452973,27
484216,9.577154671630009,19
484220,9.937963137987234,4
484251,8.918987621370361,31
484253,9.98262963300405,2
484691,-0.95665702397614,438
484711,9.59787080773511,20
484726,9.653771251873208,15
484747,9.582239143681448,21
484766,9.569984651443276,19
484857,7.8168128092798375,91
485357,-17.163733767124388,500
485857,-14.099851022968911,500
486084,4.128881534942483,227
486099,9.714061292765,15
486143,8.888267000485133,44
486167,9.428206722062928,24
486667,-15.120174390569128,500
486699,9.181362433910538,32
486714,9.702307797006686,15
486724,9.819326376347906,10
486731,9.859579789749013,7
486739,9.848225002865263,8
486762,9.44753434611378,23
486804,8.857527542111242,42
486805,10.0,1
486806,10.0,1
486813,9.873662618604078,7
486820,9.857593655442708,7
487320,-19.372567677738708,500
487795,-5.780680059705425,475
487822,9.042915225797472,27
487854,9.145915399244723,32
487870,9.691524524427567,16
487887,9.612196876536652,17
488387,-13.547087722405692,500
488887,-11.739539815427468,500
488947,8.559292547405017,60
488984,7.538857760886705,37
489011,9.079056302700744,27
489025,9.746170703113599,14
489027,9.983926851898397,2
489035,9.849855094830929,8
489042,9.89809343298516,7
489542,-18.89509638061361,500
489631,4.562800184450767,89
490131,-158.5443653826713,500
490150,8.801349286803369,19
490151,10.0,1
490651,-17.80447403997322,500
491151,-19.996393945488965,500
491453,4.227715952690895,302
491552,6.544234932466587,99
491570,9.454273686448033,18
491588,6.233177797181228,18
491617,9.428152369143705,29
491624,9.862953805607068,7
492124,-11.999500019874162,500
492125,10.0,1
492126,10.0,1
492252,7.158064949380982,126
492259,9.875865577025628,7
492759,-14.693537505431898,500
492887,6.33494024197094,128
492916,7.428597820715755,29
493416,-16.243147937639904,500
493418,9.984613609735291,2
493430,9.73527151851436,12
493439,9.80546458157276,9
493441,9.977642860988366,2
493941,-16.320694257690267,500
493952,9.756044670247737,11
493971,9.64923315941088,19
493972,9.991852060855575,1
493986,9.311208421861132,14
494010,9.444331143263213,24
494022,9.731482282718046,12
494023,10.0,1
494024,10.0,1
494048,9.497102784480981,24
494050,9.985683595138594,2
494075,8.707075243925857,25
494256,-2.997688695671771,181
494257,9.996114663905692,1
494298,8.572241467968558,41
494301,9.954961732642406,3
494308,9.869118726199202,7
494320,9.779894209928704,12
494329,9.62669603634925,9
494829,-16.254158504780918,500
494854,9.269653414439954,25
494871,9.631625470537749,17
494875,9.927329801246795,4
494892,9.624368227241364,17
494893,10.0,1
494927,9.196355727712847,34
494942,9.712253155447451,15
494971,9.30123115901505,29
494997,9.42379726590475,26
495014,9.585166952120465,17
495023,9.804945728221597,9
495341,2.0842976964364635,318
495347,9.904623806809141,6
495348,10.0,1
495362,9.701296970077625,14
495381,9.11340770715449,19
495881,-208.5291071611462,500
495884,9.956095225420954,3
495923,8.705520681499493,39
495947,9.169239663098669,24
495955,9.841532768695554,8
495966,9.792868442854877,11
495983,9.683498649511463,17
496005,9.473371465589903,22
496505,-16.020865822046016,500
497005,-204.30692318606344,500
497045,9.049147012436856,40
497046,10.0,1
497065,9.607620144437663,19
497070,9.521852447702102,5
497114,8.881091932952593,44
497614,-19.382713695045325,500
497622,9.821604109737068,8
497952,-1.3179999981839412,330
498060,7.20338305321309,108
498080,9.542822827366075,20
498114,9.108505700981308,34
498133,9.568201249794628,19
498134,10.0,1
498180,8.229452259787639,46
498227,8.89396936323422,47
498266,9.059057569153165,39
498300,9.402595135131468,34
498323,9.122647248756927,23
498709,1.7143369176728527,386
498711,9.97882529422987,2
498723,9.764250350274805,12
498741,9.674964553403356,18
499241,-16.657214789610475,500
499250,9.777505424401514,9
499257,9.885824453060064,7
499757,-38.26855466992055,500
499765,9.851732724038426,8
499767,9.97548595664851,2
500267,-19.8183579263694,500
500277,9.814907468630063,10
500281,9.947963675565731,4
500310,8.99180697171231,29
500368,8.497962514386023,58
500868,-15.743888930429263,500
500878,9.82339468123353,10
501378,-26.786860137186153,500
501413,9.330084250573877,35
501414,10.0,1
501719,0.8521582696302783,305
501722,9.956866239393063,3
501792,8.339754189145337,70
501793,10.0,1
501803,9.788587850162818,10
501824,9.486345853921717,21
501837,9.725157003692066,13
501856,9.590513880876392,19
501865,9.74071279399097,9
502365,-14.899201442233135,500
502481,4.025023772403418,116
502981,-11.484072575676976,500
503481,-15.315717851205479,500
503571,7.264877366620159,90
504071,-16.54418825019039,500
504084,9.729471572245277,13
504151,8.137464181052662,67
504171,9.578656513144718,20
504175,9.930747074691276,4
504181,9.886311677020718,6
504266,6.337665210162127,85
504284,9.632987079476818,18
504285,10.0,1
504299,9.696691132469848,14
504300,10.0,1
504315,9.712506236889736,15
504341,9.457878019072789,26
504841,-12.752302390589215,500
504895,8.38686284208407,54
504978,7.6851302387681475,83
504992,9.711787619708625,14
505492,-16.72873456613348,500
505497,9.92796767475904,5
505520,9.461973446662638,23
505529,9.808550910780319,9
505538,9.826288218109624,9
505648,4.892794939306341,110
505653,9.920264697584818,5
505664,9.762183480021163,11
505670,9.890794031167989,6
505688,9.57522297516273,18
506188,-15.631404473573507,500
506688,-16.943230391040974,500
507188,-26.25982942775536,500
507213,9.526827258647725,25
507221,9.838544721294456,8
507267,8.693882897728287,46
507767,-13.679594654235212,500
507804,9.166516527595121,37
507819,9.623326982448242,15
507827,9.848251272102177,8
507840,9.71167142507761,13
507843,9.951397990145521,3
507856,9.5207397149979,13
507876,9.569873636232698,20
507911,9.273094191571833,35
508411,-17.527211099818366,500
508911,-28.283648763625635,500
508961,7.958606703451448,50
508967,9.598224447524847,6
509467,-17.70202408243243,500
509532,8.706020294094062,65
509570,9.034610831146836,38
509579,9.818415965894149,9
509580,10.0,1
509591,9.763685283938317,11
510091,-16.55124328895101,500
510109,9.60815863409619,18
510609,-40.864647122241244,500
510629,9.582083625891014,20
511129,-16.132722222673177,500
511130,10.0,1
511160,9.238655739494124,30
511177,9.638700002030532,17
511190,9.775827834397829,13
511209,9.543137853757452,19
511231,9.296368370040089,22
511731,-12.694844656367488,500
511738,9.87645436213567,7
511752,9.735174373016974,14
512252,-15.249533276052707,500
512281,9.390830227594769,29
512293,9.765226817745525,12
512757,-3.7453543465027206,464
512760,9.96038532852582,3
513260,-13.753143573392395,500
513322,4.699487425329405,62
513328,9.904289669443362,6
513351,9.492585236583091,23
513390,9.257974310946674,39
513393,9.955997547896292,3
513411,9.537426175333499,18
513433,9.391824757804732,22
513471,7.10885453989204,38
513511,8.538708317127053,40
513514,9.767486062175205,3
514014,-30.041451968398082,500
514075,8.571878849991203,61
514094,9.611057899540803,19
514150,8.54146408092831,56
514151,10.0,1
514193,9.149807924915347,42
514203,9.783462912387593,10
514210,9.878316490076074,7
514240,8.944993515646255,30
514314,8.235363209513284,74
514344,7.2770827230937165,30
514365,9.522347050841805,21
514613,-20.299428725388275,248
514622,9.823273091346044,9
514790,6.307480447793829,168
514922,5.895480689928385,132
514935,9.738404048220293,13
514948,9.709595688574703,13
515001,8.740910203883807,53
515007,9.793502154772852,6
515507,-11.399771302056378,500
515515,9.85625023258833,8
515520,9.921768461803154,5
515527,9.889435099036685,7
515540,9.755676114479103,13
515541,9.996458694597838,1
515605,8.412380083174307,64
515606,10.0,1
516106,-41.912433049562125,500
516606,-12.674031458761954,500
516621,9.667655096352949,15
516822,5.628199281147054,201
516823,10.0,1
516824,10.0,1
517227,-0.235061398151311,403
517727,-14.665247597089648,500
517764,9.268798491599025,37
517774,9.763741321020083,10
517813,9.163416388989598,39
517887,8.425440823215995,74
517888,9.99665713861411,1
518388,-14.23595708425276,500
518449,8.59213293822833,61
518463,9.712922875679464,14
518791,1.7394660097549757,328
518861,8.478865663847953,70
518862,10.0,1
519154,4.006591094471159,292
519171,9.645641889510204,17
519191,9.652375752897067,20
519206,9.67464266590359,15
519706,-15.965723293859584,500
520206,-22.494354417007667,500
520216,9.83376845327678,10
520224,9.830110995464695,8
520232,9.836726238732858,8
520732,-73.22712706479174,500
521232,-15.641990539453097,500
521238,9.905165117752748,6
521249,9.775420396556205,11
521265,9.637645053775287,16
521309,7.734570878379191,44
521318,9.84511844619124,9
521326,9.832234029439268,8
521333,9.864147908575829,7
521344,9.719417478511218,11
521483,6.04728435263195,139
521523,8.510347006016183,40
521554,8.589553529846496,31
521577,9.530168424936097,23
521585,9.842979789218292,8
521586,9.987919371727877,1
522086,-212.76295786323104,500
522088,9.978783139066358,2
522099,9.746669422171982,11
522100,10.0,1
522101,9.99578908910401,1
522116,9.634091794102396,15
522119,9.961784605712586,3
522143,9.500451196217526,24
522160,9.648190930027027,17
522164,9.922903516103815,4
522180,9.664037393328307,16
522211,9.018084734096927,31
522212,10.0,1
522273,8.492680101104263,61
522274,10.0,1
522286,9.752684643984157,12
522300,9.661428387252867,14
522301,10.0,1
522316,9.669677659126723,15
522317,10.0,1
522329,9.439609805733648,12
522334,9.936610000024965,5
522366,9.25530513837716,32
522453,8.157793706944933,87
522953,-13.367914695424403,500
522968,9.666994179074129,15
522995,9.50347293767892,27
523014,9.629263322655923,19
523027,9.719556399784787,13
523042,9.713062744368704,15
523086,8.939275672779102,44
523088,9.976852370462828,2
523588,-15.813508307597663,500
524088,-15.49019598202279,500
524100,9.761867613343414,12
524101,9.992632507567668,1
524601,-160.92492842220867,500
525101,-12.044253903998538,500
525102,9.996291810473503,1
525115,9.694019858937992,13
525205,2.8508798415046925,90
525253,8.757699917829116,48
525276,9.13191605193968,23
525412,0.734032129088467,136
525600,3.71786753192766,188
526100,-15.993188444842183,500
526600,-13.025553950189444,500
526636,8.974474858637112,36
526637,10.0,1
526717,8.220978850603743,80
526758,9.032064607380212,41
526811,8.78006074940405,53
526866,8.674028747195704,55
526873,9.870429345603684,7
527373,-11.52003253944186,500
527455,8.002250770305993,82
527457,9.986149819327082,2
527458,10.0,1
527470,8.970979276057411,12
527484,9.701493394130678,14
527984,-11.219974407686149,500
528484,-11.886051878975614,500
528513,9.298249560017972,29
528523,9.8011559074581,10
528534,9.84634664186191,11
528558,9.456838075169536,24
529058,-116.28553485137819,500
529067,9.818896749047324,9
529083,9.639387948685869,16
529583,-138.21703701647343,500
530083,-23.420447728252984,500
530110,9.448585021139127,27
530610,-19.3368255979828,500
531110,-12.627662802116433,500
531131,8.608085643583976,21
531219,7.123413232407563,88
531255,9.296665943597757,36
531288,9.293094221098505,33
531354,8.509540022296683,66
531357,9.953004998462916,3
531366,9.844077336982414,9
531750,2.080705649635081,384
531753,9.960900642154192,3
531776,9.282469899501908,23
531793,9.62820704929947,17
531868,8.059493909016936,75
531890,9.558846673272757,22
531896,9.895150882375619,6
531903,9.862442383742035,7
531909,9.709416385805227,6
531967,8.607489554735999,58
531990,9.507656341666795,23
532128,5.292805340094623,138
532136,9.86217203922687,8
532636,-14.685893918532555,500
532654,9.569191812161652,18
532662,9.851590115278892,8
532666,9.921555455832385,4
533166,-14.553341724955663,500
533173,9.861447198630195,7
533184,9.760445547151955,11
533213,9.27198414601644,29
533233,9.477012515566846,20
533344,6.704648307535232,111
533358,9.68912928704231,14
533365,9.854570717010144,7
533392,9.353673305092755,27
533393,10.0,1
533394,9.986822019292829,1
533402,9.466392149322315,8
533447,9.140679870760078,45
533451,9.935595538002902,4
533460,9.812592081618241,9
533461,9.991982896114298,1
533462,10.0,1
533475,9.732082600235438,13
533484,9.7997658431799,9
533984,-17.621097443183178,500
533985,10.0,1
534000,9.65144451651426,15
534008,9.841263117760926,8
534088,8.438921469197403,80
534588,-16.47646007692053,500
534593,9.91602532793243,5
534602,9.804091436179101,9
535102,-24.033863604290193,500
535150,-0.5963024962301233,48
535248,-10.686332157137423,98
535249,10.0,1
535384,6.683669953751685,135
535385,10.0,1
535404,9.60853672990424,19
535443,9.15140521031713,39
535491,8.862167226324766,48
535516,9.40767895420307,25
535580,8.118147464471859,64
535590,9.798256247951338,10
536090,-12.188972555769682,500
536104,9.735257246160543,14
536604,-12.292589856044916,500
536611,9.875517436508378,7
536626,9.721534717849126,15
536641,9.655499405890628,15
536676,8.918453054519096,35
536707,9.303455934068289,31
536708,10.0,1
536743,9.299254780012346,35
536783,8.903858137614428,40
537283,-11.732786588887393,500
537783,-14.376349216809551,500
537789,9.895830834995097,6
538289,-12.18254520564667,500
538308,8.978174321733345,19
538340,8.090744910268278,32
538344,9.953547730736526,4
538411,8.460066894394815,67
538447,9.066391050945358,36
538467,9.56898134726757,20
538468,9.992835498703922,1
538855,-5.793159127292533,387
538871,9.657106484974625,16
538907,9.140231945284484,36
538937,9.369631072220969,30
538938,10.0,1
538939,10.0,1
538954,9.700853862694968,15
538969,9.648385909400954,15
539018,9.016251098043005,49
539019,10.0,1
539027,9.877096482350781,8
539038,9.673770227682898,11
539075,8.977866409661619,37
539086,9.781552724181864,11
539094,9.87167106795179,8
539150,8.91516729873606,56
539154,9.944593822207283,4
539182,9.260405594027903,28
539183,10.0,1
539192,9.837255527795834,9
539210,9.672514598054335,18
539213,9.962891720613039,3
539395,6.222543412050975,182
539523,6.8545594780252355,128
539524,10.0,1
540024,-15.29959855281713,500
540314,2.795229491302953,290
540367,8.680022226045535,53
540372,9.929682679916967,5
540416,9.026668021130634,44
540419,9.95136637480756,3
540435,9.700930206609945,16
540468,9.267123136961942,33
540499,9.250087684256819,31
540999,-13.00840125885809,500
541000,10.0,1
541075,8.128949175523728,75
541086,9.778105430548942,11
541586,-18.726854611520395,500
541591,9.916936860720325,5
541592,10.0,1
541878,-8.115892839609943,286
541885,9.859191815872082,7
541896,9.823656195559801,11
541911,9.68077644974713,15
542411,-12.970324742857132,500
542413,9.97825556987337,2
542913,-11.290368549556762,500
542931,9.58267862375522,18
542943,9.725071335221584,12
542956,7.38091606871242,13
542968,9.355611660825417,12
542969,10.0,1
543150,1.6615708172098707,181
543191,9.134489514143503,41
543195,9.955693639707397,4
543213,9.593250485982553,18
543262,8.826468921971603,49
543273,9.774589582242847,11
543304,2.9087346411695005,31
543804,-21.335760546121744,500
543826,8.895517018288947,22
543883,8.724796680278159,57
544005,6.164099848103708,122
544023,9.624295327392257,18
544523,-16.990080393603353,500
544532,9.814617334558628,9
544550,9.584050812832912,18
544551,10.0,1
545051,-11.763900343602568,500
545074,9.461370409985829,23
545085,9.747719019991298,11
545195,7.0293934621371275,110
545211,9.661345028650146,16
545218,9.885695301856364,7
545225,9.877217644406251,7
545240,9.67594698657809,15
545740,-11.725121890191298,500
545833,7.354204844660011,93
545841,9.823376206605719,8
545892,8.79519986232423,51
545908,9.685939623339092,16
546167,3.1760975649757253,259
546179,9.760143284589642,12
546181,9.975620824736358,2
546249,8.41319705516619,68
546261,9.734061107831923,12
546369,7.850474023713163,108
546391,9.590108478693251,22
546492,6.2732835760524726,101
546527,9.213347706785274,35
546540,9.710223332592967,13
546542,9.978404278436019,2
546546,9.956018187772,4
546547,10.0,1
546548,10.0,1
546598,8.564065494866803,50
546606,9.869345482038245,8
546765,5.532018734563491,159
546780,9.65883109095129,15
546855,8.15748160833191,75
546872,8.240591710859867,17
547372,-12.924993409371098,500
547394,9.15279686266058,22
547402,9.865800649472533,8
547412,9.787247164534527,10
547428,9.63150190232604,16
547430,9.984909847069712,2
547443,9.746990962764604,13
547447,9.944301417225477,4
547467,9.63138952028035,20
547482,9.47205586203443,15
547507,9.437900734091928,25
547512,9.918183901543522,5
547557,8.60899670170705,45
547570,9.760571486940268,13
547588,9.591803752175693,18
547616,9.503754367826051,28
547725,-31.762561253338422,109
547770,9.09634060821977,45
547781,9.772635249085123,11
548214,-4.904122530250911,433
548236,9.527576163714624,22
548243,9.843518412010527,7
548258,9.6936161256904,15
548292,9.216337167071913,34
548294,9.979482306347187,2
548371,8.185460025595377,77
548401,9.393676244505377,30
548528,7.046618811071912,127
549028,-11.344344639162435,500
549032,9.950998840935686,4
549307,2.8337815245332063,275
549325,9.190511357187992,18
549825,-11.603790066120178,500
549843,9.629248903268582,18
549844,10.0,1
550344,-12.295910388417019,500
550357,9.748441488335994,13
550358,10.0,1
550361,9.956145605961064,3
550373,9.74917145821558,12
550393,9.553143203979046,20
550401,9.878114126880877,8
550410,9.85398956896453,9
550427,9.502499635553844,17
550927,-11.326985873825253,500
550958,9.01663721460206,31
550971,9.78937621698484,13
551471,-14.496309497980631,500
551486,9.670385872092085,15
551511,9.478987168539348,25
551583,8.50088529503655,72
551612,9.22555061125598,29
552112,-12.2483343593434,500
552153,9.093475268289103,41
552653,-13.553915253781371,500
552661,9.856049224749896,8
552662,10.0,1
553162,-16.094471102266667,500
553662,-16.302861517829527,500
553742,8.131653879794857,80
553757,9.715492504675389,15
553762,9.926945374103358,5
554262,-15.619495897668099,500
554267,9.91492760100325,5
554327,8.69172509523424,60
554827,-119.24749196310421,500
555327,-157.86060389226736,500
555827,-12.171892451395227,500
556327,-17.360189586586507,500
556345,8.869549550380007,18
556346,10.0,1
556375,8.898950684476143,29
556385,9.684155938413747,10
556386,9.993157074658985,1
556391,9.937583372674094,5
556891,-184.2809251731838,500
556904,9.758449283416214,13
556931,9.311257055348586,27
556941,9.824710530999953,10
556942,10.0,1
556949,9.848278106121677,7
557093,7.2229536825046115,144
557096,9.95791331034296,3
557097,10.0,1
557147,8.85319674059258,50
557305,5.055974259599711,158
557362,8.921606216372396,57
557862,-13.282087139135296,500
558362,-13.644607388769316,500
558862,-11.732212014548706,500
558885,9.401201698530922,23
558901,9.642851738177084,16
558933,9.250318574038932,32
558944,9.756295781777924,11
558950,9.915428125233673,6
558969,9.634169768227581,19
558970,10.0,1
558992,9.564121485937957,22
559492,-28.50293574858575,500
559992,-13.320112984415893,500
559999,9.863876992414854,7
560004,9.919256947170227,5
560504,-13.188176682362911,500
560525,9.301780323503792,21
560549,9.380549218025958,24
560563,9.775746808773834,14
560584,9.409278177628615,21
560595,9.803796967834721,11
560600,9.92152150722841,5
560605,9.93274607014935,5
560606,10.0,1
561106,-13.066062620431426,500
561111,9.905237096893252,5
561115,9.926136474558316,4
561275,5.058040089055851,160
561334,8.75114077126011,59
561335,9.988827621557615,1
561381,7.736686942539855,46
561460,6.27255968101761,79
561960,-15.797436833591144,500
561967,9.850114547215354,7
561968,10.0,1
561997,9.296973426822463,29
562497,-20.70417191955576,500
562498,10.0,1
562528,9.252206193571938,30
563028,-16.63232456074249,500
563048,8.110939083899943,20
563055,9.874995848386465,7
563489,-162.96417770382385,434
563989,-14.866622950214904,500
564033,8.955140508806682,44
564045,9.787381690775304,12
564414,2.295655020574638,369
564427,9.699509796985113,13
564432,9.628505849746405,5
564449,9.583445377441002,17
564501,6.743030549662031,52
564532,9.167227191712241,31
564569,9.231479834756597,37
564576,9.857006143812912,7
564581,9.902092125947604,5
564604,7.540889340741318,23
564661,8.773597543408542,57
564672,9.765664919736421,11
564828,6.182701165955491,156
565328,-11.098920925928676,500
565636,1.0338218931531138,308
565637,10.0,1
565647,9.796343026077702,10
565678,9.02382091688918,31
565681,9.959785289282674,3
566181,-16.067597360963436,500
566681,-14.424209163181246,500
566692,9.77278716008543,11
566701,9.831384473521005,9
566732,9.320732771392372,31
566994,2.788250029215388,262
567002,9.832031041067692,8
567241,4.0991199258631905,239
567741,-11.11698021791538,500
567744,9.96832213303468,3
568244,-65.35086916879098,500
568310,8.258379853083447,66
568810,-16.301291790237666,500
569211,-1.8239232600780237,401
569275,8.510662224764346,64
569302,9.14544265336968,27
569303,10.0,1
569803,-13.981080996621683,500
569804,10.0,1
569819,9.647679305564003,15
569861,9.060037714249702,42
569882,9.554838680814257,21
570306,-6.843148316827062,424
570324,9.393780766293345,18
570333,9.810870142674654,9
570833,-12.3761107398801,500
570836,9.967146612155666,3
570859,9.391211631735644,23
570873,9.733774795149854,14
570907,9.234920743222984,34
570914,9.853298597558572,7
570915,10.0,1
570981,8.330514745968545,66
571004,8.812590093110124,23
571028,9.429739115731063,24
571043,9.732017022395743,15
571074,9.42038576437534,31
571075,10.0,1
571112,6.715388280121521,37
571116,9.931746533897039,4
571124,9.809504014114975,8
571137,9.732742027807081,13
571168,9.438027392431211,31
571278,6.1697358227496135,110
571296,9.607795368302568,18
571796,-15.959485380384457,500
571797,10.0,1
571810,9.731628055724535,13
571811,9.988931872626528,1
571830,9.55411587331056,19
572003,6.54666917326416,173
572021,9.62310607335474,18
572397,-0.6307692685981419,376
572414,9.672861390864226,17
572426,9.664980794298446,12
572490,8.764289086440698,64
572499,9.867246291426598,9
572503,9.94494056380432,4
572532,9.259122289126871,29
572533,10.0,1
572534,10.0,1
572561,9.35148302536526,27
572570,9.834259927175008,9
572627,8.718426060308406,57
572639,9.773525963958557,12
572698,8.693005440297355,59
572705,9.853468771223973,7
572710,9.918565503438673,5
572741,9.297764298899311,31
572743,9.973193243365198,2
572764,9.520787505590281,21
572819,-5.091153015125183,55
572834,9.683420266922024,15
572853,9.559896752443564,19
572869,9.654985291330489,16
572995,6.076797836737363,126
573007,9.608784814685842,12
573033,9.340982300425926,26
573053,9.566167423330299,20
573212,6.017908961232255,159
573233,9.566189427966737,21
573272,8.944684537716348,39
573280,9.84017598813388,8
573296,9.702682143381388,16
573301,9.92745920475864,5
573801,-15.117349357078881,500
573824,9.495814019556343,23
573841,9.711111810342443,17
573842,10.0,1
574342,-10.35348205816165,500
574842,-12.248101756233122,500
574855,9.71248130165827,13
574857,9.972866567067157,2
574878,7.221379474272207,21
574971,7.480679089696324,93
575013,9.072722445600998,42
575191,5.385513227384734,178
575691,-13.777940364136812,500
575702,9.78677287696276,11
576202,-17.206102312673266,500
576272,-3.2938573536877875,70
576772,-155.86423943862232,500
576830,7.604862131092636,58
576853,9.072473069367563,23
576855,9.981739167888268,2
577355,-33.543004503914254,500
577729,2.05410471347777,374
577741,9.784475813127179,12
577807,7.449038660720339,66
577808,10.0,1
577856,8.862283219502384,48
578356,-14.88259950908298,500
578371,9.643684145758664,15
578402,9.00462403529717,31
578902,-14.674522526336384,500
578914,9.763706395879979,12
578938,8.129483432285353,24
578951,9.723803681807878,13
578972,9.238008535618508,21
579002,7.715804849091512,30
579003,10.0,1
579004,10.0,1
579259,4.712476799231227,255
579282,9.524010284059681,23
579283,10.0,1
579328,8.945899184859957,45
579645,1.0149932496798328,317
579650,9.903753481731282,5
579660,9.786629357303438,10
580160,-18.328372070165965,500
580161,10.0,1
580169,9.866698650837732,8
580350,4.193608520537434,181
580351,10.0,1
580400,8.75008230237002,49
580436,9.161786914774453,36
580488,8.700203494781087,52
580495,9.85653430860058,7
580496,10.0,1
580503,9.864255645932069,7
580504,10.0,1
580505,10.0,1
580515,9.786159250176437,10
580544,9.116147098220287,29
581044,-12.725401885500926,500
581045,9.988987520702302,1
581053,9.879840545731561,8
581072,9.581554476714922,19
581080,9.84582193248953,8
581129,8.275361040760162,49
581629,-13.204897187469166,500
581641,9.75656627338025,12
581666,8.990399656448012,25
581674,9.48583274032078,8
581829,6.186690311704195,155
581923,6.778043876258524,94
581937,9.688685151300552,14
581943,9.695822642526466,6
581977,9.127654602144474,34
581987,9.820120387380669,10
581990,9.954352037558063,3
582006,8.870835449242142,16
582320,-12.040301270252447,314
582820,-9.627690230439052,500
583320,-16.461524969756308,500
583383,8.77436490761393,63
583408,9.243064013087702,25
583423,9.703033688378587,15
583433,9.823473714564878,10
583595,3.172932549756845,162
584095,-14.920551679345147,500
584105,9.592775326092415,10
584605,-140.4910881066303,500
584609,9.947190395580765,4
584626,9.656520068262921,17
584627,10.0,1
584643,8.483974519677094,16
584671,8.92176871221016,28
584675,9.938091542031783,4
584685,9.815348007277704,10
584702,9.381888233059183,17
584703,10.0,1
584716,9.748363682837752,13
585216,-17.03386180053255,500
585223,9.87399110368936,7
585238,9.690054643411957,15
585505,3.901538396431363,267
585513,9.82371178640193,8
585526,9.687651330812269,13
585527,10.0,1
585875,-3.5299447645643625,348
585881,9.908292998032247,6
585955,8.074406854346922,74
585976,9.55198732967168,21
586012,7.680583086601828,36
586057,9.180485873564342,45
586083,9.329413508415728,26
586334,0.10289890137204871,251
586339,9.935215868435844,5
586433,7.151018691923744,94
586434,10.0,1
586540,7.45959882696574,106
586556,9.631396134282081,16
586557,10.0,1
586564,9.876244724811778,7
586566,9.97264999439934,2
586578,9.753629047856368,12
586606,9.157146973826011,28
586625,9.526200348276301,19
586639,9.67959962735581,14
587139,-17.28813817425903,500
587215,8.148370627565221,76
587258,9.034961880966504,43
587758,-15.676541861636007,500
587766,9.834724406737827,8
588266,-15.780241992433627,500
588285,9.459817583790095,19
588785,-14.04470673555259,500
588855,8.327599487819016,70
589355,-11.746381405512306,500
589367,9.784458347772675,12
589693,0.46282074711838384,326
589708,9.682497926401227,15
589745,9.100402064900718,37
589758,9.711153123569433,13
590258,-15.26845857727452,500
590758,-13.812048937432438,500
590821,5.036859293361404,63
590828,9.868499505660308,7
590835,9.880704795749898,7
591012,4.1812145556244875,177
591015,9.952278183459018,3
591028,9.736500735845764,13
591435,-0.6207561465050269,407
591534,0.5634041414948392,99
591535,10.0,1
592035,-132.3741395812256,500
592040,9.899053985801093,5
592058,9.666228800451512,18
592558,-12.912615977803942,500
592643,7.827105398790728,85
592960,1.9027057735175799,317
593460,-37.95367731923633,500
593960,-51.28013614268759,500
593969,9.815859619039701,9
593978,9.825755457468983,9
594004,9.3284553779369,26
594009,9.933792822872899,5
594030,9.506150656775043,21
594091,8.606345213148938,61
594099,9.857081024319463,8
594123,9.40130443979529,24
594144,9.506766486959261,21
594145,10.0,1
594447,-0.1706120699355278,302
594485,8.933254383127766,38
594501,9.724098296775864,16
594577,8.425763233054475,76
594582,9.92523476498886,5
594612,9.281112468625077,30
594637,9.543160465971033,25
594638,10.0,1
594642,9.949375695076753,4
594656,9.6789370778013,14
594657,10.0,1
594718,6.942894330329499,61
594742,9.44053366012841,24
594755,9.46294650748776,13
595255,-26.61236088379403,500
595256,9.988668794723477,1
595267,9.753402738291703,11
595278,9.793898066447833,11
595478,5.910997752173955,200
595497,8.69038396064985,19
595528,6.642087757116811,31
595562,9.255018595194102,34
595587,9.515747672723991,25
595588,10.0,1
595837,2.4817357854705797,249
595874,7.6164877686706625,37
595902,9.39354220843191,28
596402,-13.213614203793195,500
596902,-31.28586452220377,500
596928,9.352290484248005,26
596932,9.935893558908036,4
596945,9.248467181285266,13
596954,9.841703389463826,9
597454,-19.760387611359054,500
597820,2.2966287106643186,366
598320,-17.45944670864007,500
598342,9.589131754862718,22
598350,9.851480469508452,8
598355,9.92345411236353,5
598387,9.244908991449025,32
598420,9.343146099922365,33
598611,3.5587653234281955,191
598612,10.0,1
598622,9.793973467086982,10
598740,-3.329324980995054,118
598743,9.96614150845871,3
598846,-27.508251920986375,103
598858,9.7453981872001,12
598887,9.345782757000817,29
598891,9.943407974617061,4
598926,4.786719610865224,35
599426,-16.801052246849842,500
599440,9.707443859346505,14
599940,-17.11375510127968,500
599947,9.879584231735622,7
600180,4.262691773475874,233
600183,9.971140613799546,3
600202,9.565617701357306,19
600212,9.80093393449564,10
600363,6.421571303178569,151
600392,9.434499294684686,29
600393,10.0,1
600432,9.013687454516539,39
600433,10.0,1
600463,9.327783770593818,30
600464,10.0,1
600473,9.82220803801845,9
600973,-14.159646331143174,500
600974,10.0,1
600984,9.782587815230746,10
601065,7.911578703293616,81
601395,1.3998458163995746,330
601895,-132.9202605601092,500
601913,5.072356078979526,18
602413,-13.340793586961386,500
602441,9.364368370848545,28
602621,5.700913330068856,180
602622,10.0,1
602633,9.76219601579181,11
602650,9.578440781753235,17
603150,-14.605187502132985,500
603151,9.991495275631646,1
603154,9.96527954310846,3
603164,9.816591611711651,10
603178,9.714960091992285,14
603251,7.483760694662687,73
603253,9.985768299719199,2
603623,0.35475788338882985,370
603659,9.163188692632675,36
604159,-206.55032501107283,500
604659,-11.577143487051943,500
604666,9.879136727301189,7
604679,9.69347919512257,13
604689,9.784403188658851,10
604701,9.742763098459985,12
604704,9.957985562480138,3
605204,-20.077409527754227,500
605234,9.28056907107381,30
605243,9.828579912120238,9
605247,9.943171317865712,4
605252,9.909014738437572,5
605257,9.928919240835288,5
605263,9.898021218558245,6
605278,9.640566588087468,15
605363,5.76928543625256,85
605863,-14.139332639095926,500
605864,10.0,1
606364,-15.90111425905709,500
606380,9.637069812832738,16
606682,-14.917198478050988,302
606931,4.777860251267384,249
606932,10.0,1
607432,-13.721365987698688,500
607932,-11.99168530687849,500
607959,9.455118765538916,27
608059,7.350640779553192,100
608492,0.9766913179224144,433
608493,10.0,1
608521,8.95847548376329,28
608639,6.3874269518129125,118
608676,9.146451992506705,37
608691,9.656488133087041,15
608704,9.725008129167438,13
608740,9.045629982731297,36
608765,9.430424183439495,25
608838,8.209007476528454,73
608892,8.07623387611018,54
608898,9.890497044225707,6
608947,8.765884051754812,49
608948,10.0,1
608949,10.0,1
608956,9.884065339337265,7
609003,-1.9710778607103787,47
609014,9.745111822324997,11
609034,9.51759235740357,20
609054,9.524948039928214,20
609064,9.815830159070503,10
609124,7.090233687647817,60
609133,9.826455026260811,9
609516,-123.69372817394786,383
609526,9.800660520977512,10
609527,10.0,1
609540,9.724678336683896,13
609553,9.705226253382591,13
609617,8.470455637155093,64
609625,9.864258953074877,8
609663,9.056231405637089,38
609688,9.508733740939922,25
609699,9.786666423190812,11
609700,10.0,1
609701,10.0,1
609737,-0.6264914275951785,36
609746,9.616513249241779,9
609762,9.6395009040729,16
610262,-16.413257709079552,500
610281,9.605733735215884,19
610282,10.0,1
610304,9.42924504783941,22
610554,-13.05431547240588,250
610624,7.01644597170867,70
610626,9.974091002295932,2
610627,10.0,1
610644,9.621529091342314,17
610649,9.910878762643488,5
611149,-76.79287416193255,500
611649,-213.39659542787732,500
611650,10.0,1
611651,10.0,1
611861,-46.274006175139206,210
611896,9.300705975068729,35
612396,-34.5190849181125,500
612896,-18.180125166923883,500
612911,9.569723428886704,15
613411,-14.180816288724937,500
613412,10.0,1
613427,8.99903757837994,15
613442,9.641592481614936,15
613445,9.965044959112893,3
613454,9.808098970219069,9
613476,9.548216851892875,22
613477,10.0,1
613490,9.780349802654538,13
613491,10.0,1
613886,1.538770660329492,395
613904,9.596202695414284,18
613915,9.786050261284945,11
614415,-14.064480229997308,500
614429,9.329830647616133,14
614430,10.0,1
614431,10.0,1
614476,9.025393828249452,45
614501,9.370079205119064,25
615001,-13.494738704979584,500
615019,9.658369739615077,18
615050,9.36062461842607,31
615054,9.939509482732127,4
615095,7.885984024441804,41
615109,9.691426911124799,14
615609,-16.820857898657263,500
615645,9.178364497012089,36
615646,10.0,1
615667,9.136010947924373,21
616167,-13.346428480404933,500
616272,7.625728469967289,105
616281,9.817436049085696,9
616781,-13.614283987877007,500
617198,-1.4962987202891895,417
617211,9.70659434566985,13
617218,9.887620018209297,7
617653,-10.666667258811854,435
617690,9.191506178664028,37
617696,9.8684716141417,6
617698,9.97211068630692,2
617731,9.300894774542313,33
618075,2.0369634067530704,344
618106,9.28385386172993,31
618122,7.382325391167923,16
618622,-14.626216468478592,500
618624,9.972014403393102,2
618634,9.82632926389257,10
618641,9.890087931704539,7
618642,10.0,1
618649,9.876729153884028,7
618670,9.582789015831711,21
618673,9.854490103302785,3
618688,9.585851237181322,15
618697,9.80335727866329,9
618703,9.9094451303055,6
618711,9.847344239056177,8
618712,10.0,1
618715,9.953605283323238,3
618722,9.891745558701361,7
619222,-16.482043734629737,500
619223,10.0,1
619244,9.328918059172862,21
619283,8.992744354395262,39
619783,-16.001232982100973,500
620283,-18.515263648896703,500
620284,10.0,1
620290,9.907593765812395,6
620295,9.921730872757795,5
620311,9.667262872925745,16
620328,9.66179749723833,17
620353,8.855206611444546,25
620371,9.634199106697968,18
620871,-18.96801821353588,500
620884,9.73686161289079,13
621033,6.542136732718147,149
621040,9.855204867296761,7
621052,9.753279088179188,12
621071,8.991633572926174,19
621077,9.8975554434368,6
621089,9.73919379103772,12
621092,9.96724312376589,3
621110,9.658530195922037,18
621168,8.804296605602547,58
621184,9.631993805846141,16
621195,9.787409751639592,11
621230,9.173730135380051,35
621249,9.645154555175724,19
621258,9.806081312720199,9
621277,9.658138705759521,19
621279,9.975959515618975,2
621344,8.581992870748767,65
621394,3.0806745830859095,50
621445,9.057846294835754,51
621452,9.875006211775405,7
621456,9.933483770276982,4
621493,9.004450817421763,37
621503,9.794495574501008,10
621572,6.890407261920242,69
621576,9.938585688082213,4
621602,9.51880235916585,26
621606,9.944513637871694,4
621607,10.0,1
621619,9.753794491844436,12
621626,9.85599784774945,7
621649,9.4747873849129,23
621655,9.905692270250848,6
622154,-5.11569149103091,499
622167,9.690498494350328,13
622179,9.77252809317259,12
622235,8.624938060113744,56
622243,9.835621968141817,8
622337,5.495958369610611,94
622370,9.188653566664044,33
622543,3.2984807258219604,173
623043,-17.580419336783624,500
623052,9.817513528004255,9
623062,9.819364833813959,10
623071,9.809776453276902,9
623088,9.65368892062586,17
623103,9.692233765680912,15
623124,9.634615161166975,21
623140,9.653187854835341,16
623170,9.313266103343876,30
623179,9.815648781167283,9
623186,9.90606675236342,7
623686,-16.11907393648804,500
623697,9.80004566950067,11
623705,9.840091856136638,8
623710,9.925451696689954,5
623726,9.684664723172329,16
623727,10.0,1
623767,9.077993478211056,40
623787,9.568280537497984,20
623800,9.681398509619587,13
623821,9.301264943292361,21
623826,9.92812134966903,5
624023,3.23683676649265,197
624054,9.30994572406949,31
624065,9.782007116746874,11
624565,-13.064449590975068,500
624605,8.068013902195272,40
624607,9.973729786669566,2
624617,9.80952172135057,10
624623,9.902049826543877,6
625123,-15.356794332572797,500
625144,8.339959480085941,21
625162,9.589439759583119,18
625232,8.230032698289309,70
625234,9.976834903690138,2
625251,9.510580313951507,17
625276,9.476484189074997,25
625313,9.141002434037283,37
625349,8.98263175502271,36
625428,7.835325912662677,79
625432,9.943346572120495,4
625433,10.0,1
625517,5.938537405320678,84
625539,9.545668600595274,22
625648,7.773247554305286,109
625683,9.272120804128775,35
625688,9.92015449856045,5
626188,-24.287233235163036,500
626235,8.879078726582788,47
626236,10.0,1
626237,10.0,1
626244,9.876675775147639,7
626252,9.84187183899253,8
626268,9.644270171428856,16
626272,9.937073801048841,4
626361,6.183147969068619,89
626489,7.06667195079847,128
626493,9.93610263499953,4
626993,-36.36453446526479,500
627029,8.890483876415894,36
627037,9.850782177238685,8
627050,9.332356331198065,13
627266,2.7142767039872684,216
627386,7.10064920843412,120
627387,9.992363621195382,1
627404,9.587269620951503,17
627577,6.275084656285282,173
627593,9.680387496094465,16
627610,9.625665537411578,17
627646,9.146081549283501,36
627694,5.786178616072384,48
627747,8.543479081156379,53
627754,9.882425644185904,7
627799,8.624801954124818,45
627803,9.950584477617603,4
627807,9.94781416266663,4
627834,9.21654808128929,27
627836,9.977030812606992,2
627861,9.438922296623735,25
627899,8.787022824172473,38
627900,10.0,1
627905,9.916355065667512,5
627936,9.237961154323804,31
627941,9.916108402316967,5
627952,9.773894659119426,11
627955,9.966692120933423,3
627969,9.669907460019218,14
627970,10.0,1
628182,2.78832759486414,212
628189,9.88825637708227,7
628218,9.241024490814933,29
628300,7.463955597235277,82
628326,9.319212900019357,26
628809,-3.601267972240324,483
628817,9.832345743729073,8
628852,7.702735667709414,35
628853,10.0,1
628911,8.535409773566048,58
628939,9.373626608669484,28
628991,7.80969452097311,52
629004,9.727393229609547,13
629031,9.179706555056299,27
629531,-18.19498858955918,500
630031,-10.86700901183403,500
630032,10.0,1
630041,9.825238224737406,9
630044,9.952402789709213,3
630282,3.361901825697891,238
630390,6.6823573288461136,108
630393,9.964381794546458,3
630395,9.97731606679305,2
630421,9.379485819124374,26
630425,9.940491351104905,4
630531,-14.352268481739669,106
630543,9.734444533129107,12
630544,10.0,1
630548,9.929015423667863,4
630554,9.902402320543978,6
630566,9.787145724723212,12
630567,10.0,1
630587,8.3677246800242,20
630621,9.153476516630752,34
630627,9.912132674467673,6
630631,9.94473908231531,4
630638,9.887124986158877,7
630738,7.5269129534114265,100
630769,9.348239193339658,31
631269,-14.672833078336534,500
631769,-16.57278554650583,500
631773,9.931043883171869,4
631774,9.99184757155982,1
631784,9.796927833603968,10
631789,9.898939497791416,5
631827,9.114151251939823,38
631839,9.760246911795967,12
631855,9.694201718416462,16
632355,-18.472881030078636,500
632855,-12.637394395716733,500
632958,6.602830746148236,103
633458,-85.18915154686287,500
633474,9.615433457790463,16
633475,10.0,1
633489,9.67085814406275,14
633496,9.861939018552023,7
633543,8.91948215927222,47
633554,9.772125713459241,11
633555,9.993046344214628,1
633747,3.977860706767429,192
633865,6.272596584595712,118
633948,8.007977418732072,83
633962,9.714956713792342,14
634013,8.356145265175195,51
634025,9.266391357053031,12
634048,9.408255953698,23
634087,8.2396551144919,39
634093,9.880249140661665,6
634130,8.79374570215781,37
634195,0.10535140480672389,65
634222,9.387062760700694,27
634247,9.372650158650545,25
634268,8.844078879103431,21
634272,9.942761334537042,4
634276,9.9347278654891,4
634351,8.084372260387799,75
634376,8.987687544880673,25
634391,9.718222851387269,15
634540,0.496675483983811,149
634576,8.426743173722723,36
634587,9.792944761329883,11
634609,9.061257084842685,22
634635,9.472706839395617,26
634642,9.650949421132736,7
634668,9.260638640071477,26
634711,6.383768597059656,43
634723,9.74688193766177,12
634734,9.77161474114805,11
634931,5.371548642547004,197
634955,9.345878377558725,24
634956,10.0,1
635456,-13.447763133695751,500
635474,9.370697031140686,18
635526,6.459084489816007,52
635534,9.87797450588313,8
635544,9.831384729826842,10
635557,9.743021786721357,13
635625,8.096768762551674,68
635652,9.38617014139061,27
635654,9.979278238005445,2
635659,9.92846126642009,5
636159,-15.387935052056152,500
636659,-23.08137604772578,500
636674,9.669329202236758,15
636732,-0.09730671503189292,58
636750,9.043243587052597,18
636816,0.9284394642954457,66
636822,9.887204373362342,6
636837,9.623734208404894,15
636868,9.136009455395573,31
636869,10.0,1
636876,9.87579227874144,7
636890,9.67984475094282,14
636893,9.950604835638758,3
636894,10.0,1
636909,9.611592104615115,15
637005,5.404705343581863,96
637016,9.759029367501727,11
637019,9.961222742311639,3
637084,8.595380170609491,65
637085,10.0,1
637089,9.943796458638182,4
637120,9.340407873929864,31
637151,9.357072231052069,31
637152,10.0,1
637160,9.84634818248829,8
637173,9.192152179654613,13
637191,9.406064222262259,18
637209,9.660293194725408,18
637222,9.748666642975628,13
637233,9.759573551043415,11
637240,9.865248616530844,7
637348,7.3896345865245445,108
637848,-15.588012980476384,500
637866,9.645771323308107,18
638221,-13.825453903476395,355
638232,9.764404674386551,11
638257,8.858109038437437,25
638335,7.764342545226232,78
638378,8.67430253276209,43
638617,-2.8665021747033155,239
638639,9.031968023710629,22
639139,-17.06167722524926,500
639639,-15.86513033869564,500
639654,9.6779753455969,15
639676,9.56785490865581,22
639697,9.475976349138774,21
639925,4.242725185704052,228
639926,10.0,1
639930,9.935671268422903,4
639955,9.353064072009367,25
639982,9.327855006247923,27
639999,9.662636578643585,17
640026,9.280460628386692,27
640038,9.643331866818436,12
640039,10.0,1
640243,1.8412378063206543,204
640256,9.749028341250405,13
640257,10.0,1
640320,-2.9863424608032236,63
640578,2.0422218492281026,258
640593,9.440131255340528,15
640594,10.0,1
640613,9.328630224023751,19
640619,9.585610728335658,6
640623,9.934885951147766,4
640681,8.777996076021278,58
640699,9.554079462064024,18
640714,9.682098578627715,15
640799,8.391403796014911,85
640813,9.667841410134145,14
641313,-12.680362608417235,500
641498,-49.59521766989481,185
641507,9.79980662128886,9
641519,9.76345761878903,12
642019,-16.843828525508037,500
642068,4.7130977764489925,49
642084,9.617946453124233,16
642099,9.550677447334337,15
642268,3.8889475742152104,169
642768,-173.56203762734182,500
643268,-72.89230094149364,500
643269,10.0,1
643329,8.630917591779728,60
643350,6.567157525597647,21
643373,9.462751996152408,23
643402,9.32318122665096,29
643540,6.957012092065122,138
643560,9.284363017097078,20
643575,9.679014259710554,15
643590,9.658845386030578,15
643591,10.0,1
644091,-10.671086082014272,500
644092,10.0,1
644108,9.691563654902925,16
644125,9.630785475526903,17
644131,9.87764211014288,6
644142,9.743424056580201,11
644143,10.0,1
644144,10.0,1
644644,-11.77958822076895,500
644663,9.475124307252734,19
644678,9.690931265006919,15
644693,9.662405666890827,15
644701,9.827843473997838,8
644739,9.02005845507435,38
645239,-16.174895311855725,500
645291,8.715347094256115,52
645292,10.0,1
645295,9.963568925844346,3
645343,8.008118266966912,48
645365,9.550403675900707,22
645374,9.650572889749004,9
645375,10.0,1
645584,4.50298234884157,209
645620,9.112929358062413,36
645633,9.755193082635504,13
645663,9.263912091365569,30
645690,9.47352744576799,27
645697,9.868220200819689,7
645719,9.522194763999162,22
645738,9.54592963783664,19
645753,9.656021416174802,15
645764,9.757649839579656,11
645782,9.554950085744684,18
645790,9.541007043029376,8
645799,9.833425827003314,9
645858,8.764342538728828,59
645867,9.822777610467638,9
645871,9.943442734689755,4
646011,5.1662363653587295,140
646038,9.37694902265373,27
646538,-12.390111748335396,500
646542,9.943992048259537,4
646561,9.687106341210093,19
646566,9.927581787129533,5
646576,9.815720123441242,10
646605,9.366642619865999,29
646662,8.914143358128392,57
646745,7.980564846862612,83
646750,9.91995836852364,5
647250,-16.7135488134142,500
647267,9.620457266186964,17
647280,9.704630049982715,13
647281,10.0,1
647538,2.9098381194798586,257
647545,9.873402887475311,7
647546,10.0,1
647547,10.0,1
647612,8.422200316465386,65
647651,8.972060634063684,39
647663,9.779997050791069,12
648163,-16.755786843612544,500
648221,8.57450353595011,58
648237,9.314154653855393,16
648247,9.830564876419755,10
648257,9.795271669406985,10
648757,-13.181201719062816,500
648785,9.380505422257404,28
648832,8.889527509482344,47
648833,10.0,1
648837,9.943703291666704,4
648864,9.246306562278741,27
648873,9.850634320956306,9
648885,9.45078539584969,12
648886,9.99657296301071,1
648896,9.778451178820983,10
648929,9.065215891509164,33
649110,-8.132348037033788,181
649147,9.143120099589012,37
649169,9.553878686036217,22
649204,9.116307146552565,35
649241,9.198322204849077,37
649249,9.846826095130723,8
649265,9.657515188852049,16
649293,9.470101155025285,28
649340,8.397086344482833,47
649359,9.604582350455741,19
649360,10.0,1
649378,9.611947309543655,18
649878,-204.30514351826892,500
649886,9.83736766156553,8
649898,9.78223299418437,12
649902,9.942036402361722,4
649923,9.418414852983878,21
649983,8.43893124303887,60
649984,10.0,1
649995,9.785266292776013,11
649996,10.0,1
650496,-18.40543352121607,500
650506,9.767986033095928,10
650526,9.541304798795219,20
650809,2.4438556997161864,283
650847,9.170052466118703,38
650862,9.668769371610027,15
651003,6.719279127428525,141
651033,9.304104068387613,30
651053,9.54666146148902,20
651067,9.701870763283326,14
651567,-17.06856337706551,500
651703,3.154204987748763,136
651709,9.875698013226817,6
651711,9.979383477017425,2
651757,7.635531536930789,46
651760,9.955541003735878,3
652260,-12.911567766943302,500
652270,9.829092322144705,10
652284,9.700425744708323,14
652300,9.599659776886822,16
652321,9.54939760855928,21
652322,10.0,1
652323,10.0,1
652324,9.988801215740494,1
652325,9.996478419405745,1
652331,9.500996336310479,6
652343,9.743766798105975,12
652382,9.03562423662682,39
652388,9.912073074830726,6
652888,-19.033767706742726,500
652896,9.833575361423275,8
652897,10.0,1
652899,9.976596646854018,2
652907,9.858645840340767,8
652976,8.523245735691017,69
653025,8.464656134315312,49
653079,8.225078923515898,54
653093,9.66514450191868,14
653122,9.371748611711059,29
653148,9.288769723801133,26
653648,-16.570840432249064,500
653667,9.58223634998664,19
653675,9.835865887289303,8
653684,9.805302795514677,9
653687,9.963297574256586,3
653711,9.465443589196246,24
654211,-14.020563841412345,500
654213,9.982152160181581,2
654227,9.37449850505045,14
654235,9.835344506398341,8
654240,9.919931741182413,5
654265,9.438391529263237,25
654276,9.793248788894989,11
654776,-14.743021445958188,500
654795,9.537767378696183,19
654797,9.98425501439019,2
655297,-11.841559628609124,500
655319,9.605321949358613,22
655322,9.96571511077926,3
655331,9.865097809281684,9
655342,9.31720241301024,11
655351,9.819898050775889,9
655371,9.499104584375699,20
655383,9.792280827906417,12
655384,10.0,1
655402,9.62804040105366,18
655406,9.647859458437514,4
655419,9.75018953088135,13
655421,9.978831647024002,2
655439,9.25747149834545,18
655441,9.97367956253471,2
655459,9.641256140587439,18
655470,9.746559502854275,11
655533,8.602158807158467,63
655553,9.566289560461135,20
655576,9.434954776354697,23
656076,-13.929207822441944,500
656097,9.532071182943644,21
656114,9.590103397197133,17
656138,9.373277679591117,24
656147,9.809417896173292,9
656151,9.941184191728711,4
656187,9.190423899363548,36
656195,9.841659335283385,8
656219,9.465219974769818,24
656241,9.590425355400363,22
656254,9.712998245406453,13
656291,8.991743862284968,37
656348,-2.273778998614553,57
656361,9.686625112459371,13
656371,9.80419678990492,10
656434,8.74723957897034,63
656445,9.766953817727835,11
656480,9.212826498177998,35
656481,10.0,1
656493,9.778625569008973,12
656636,6.591487568049703,143
656691,8.733647436941705,55
656718,9.45311704067128,27
656775,8.628811000908899,57
656887,7.388725339563937,112
657010,6.454898783022825,123
657033,8.653136243912982,23
657051,9.595467242312093,18
657069,9.610050467271348,18
657569,-76.04191890220858,500
657618,8.864629942464765,49
657619,10.0,1
657644,9.496698849967547,25
657812,5.185461665369129,168
657813,10.0,1
658070,3.889037708639677,257
658127,8.935520959026526,57
658248,6.100603409468528,121
658251,9.960374420223769,3
658261,9.814015573974695,10
658262,9.989345934122547,1
658291,9.07257225862515,29
658292,10.0,1
658342,8.856408695242738,50
658359,9.66249904877651,17
658369,9.787401984756295,10
658376,9.872175975501689,7
658383,9.875703005507829,7
658392,9.828819666525135,9
658422,9.402660244796907,30
658450,9.427132362993824,28
658451,10.0,1
658508,8.818101176659711,57
658553,8.986171806916937,45
658556,9.966207094881014,3
658753,4.464568348400612,197
658785,9.370790911207452,32
658823,9.161723990036068,38
658841,9.554712406425205,18
658855,9.690630473415753,14
658866,9.761588870727616,11
658867,10.0,1
658895,9.423721824982415,28
658902,9.863788470967755,7
658914,9.709434757820688,12
658921,9.883891207927173,7
658946,9.451386146074638,25
658954,9.83341245515899,8
658981,9.44540091719284,27
659000,9.533939055240586,19
659006,9.915028995868871,6
659100,8.190503532242179,94
659136,7.543264579411044,36
659163,9.363329200885364,27
659173,9.788661185724497,10
659191,9.610433409432733,18
659206,9.563037935711106,15
659210,9.942164044630225,4
659218,9.849759339985654,8
659232,9.698188364040394,14
659239,9.874356903376533,7
659321,8.257619579222002,82
659338,9.664609520055716,17
659339,10.0,1
659359,9.575468653934228,20
659360,9.996280393834232,1
659379,9.6416028177163,19
659380,10.0,1
659381,10.0,1
659394,9.713169268245307,13
659409,9.737555987225585,15
659447,9.164964543486285,38
659454,9.887523056416171,7
659591,7.1442158818311405,137
659639,8.862253149556345,48
659658,9.609634749298586,19
659683,9.514224572849788,25
659699,9.62844638159673,16
659705,9.899768867283925,6
659707,9.984394072331884,2
659722,9.652687679448377,15
659742,9.55478501608093,20
660010,3.5720618862411078,268
660480,-6.044136242708555,470
660501,9.547579467056366,21
660517,9.68477827864698,16
660529,9.734443430654956,12
660536,9.888522079331842,7
660608,8.27544299296498,72
660622,9.675556182833349,14
660637,9.65532739005932,15
660641,9.946070832688207,4
660677,9.138647700339638,36
660694,9.588095127892647,17
660706,9.73985124942308,12
660850,6.88808734167308,144
660877,9.192814516166907,27
661082,6.036565220295346,205
661102,9.505142637554101,20
661103,10.0,1
661109,9.87528710544592,6
661119,9.814172995008276,10
661148,9.342914618534147,29
661157,9.827222041815281,9
661160,9.961022121750998,3
661167,9.879424020586123,7
661168,10.0,1
661375,0.05563657326194793,207
661397,9.260184733957272,22
661409,9.720640130305002,12
661410,10.0,1
661910,-18.018415869650166,500
661927,9.386709676625483,17
661955,9.407544607211914,28
661965,9.791399898014488,10
661990,9.447896065108795,25
662000,9.79590418963741,10
662001,10.0,1
662015,9.707173357371017,14
662025,9.80644215950197,10
662199,5.482199236129689,174
662201,9.975226352797819,2
662217,9.663208230335933,16
662226,9.64554061717673,9
662262,9.292774229259152,36
662364,7.413475197374844,102
662864,-140.931016254867,500
662865,10.0,1
662908,8.57014681215289,43
662926,9.668096753047621,18
662927,9.98922852142373,1
662936,9.824364049949937,9
663010,7.976210044261309,74
663025,9.63376137799867,15
663039,9.667066688841775,14
663138,5.379470445425262,99
663146,9.862637078305463,8
663174,8.79320212041942,28
663175,10.0,1
663234,8.545950223424713,59
663247,9.686664629596862,13
663248,10.0,1
663253,9.900537504725637,5
663376,7.36065697908548,123
663377,9.991805573251517,1
663877,-17.040943922268692,500
663894,9.672288154768536,17
663932,9.200385562876447,38
663960,9.40809351423058,28
663979,9.537233383156861,19
663992,9.716962925807579,13
664000,9.846465482184916,8
664050,8.942421045974152,50
664052,9.96784372234797,2
664061,9.82479786622674,9
664065,9.942285894986828,4
664076,9.753761139194062,11
664103,9.390055289110215,27
664109,9.890846451693063,6
664123,9.703458664829435,14
664130,9.881003756847011,7
664139,9.839984538750217,9
664159,9.545231481060194,20
664180,9.606801849447887,21
664191,9.77854692524709,11
664691,-13.169335184639573,500
664700,9.842521539693168,9
664714,9.698297343402178,14
664879,5.335293508404876,165
664880,9.992785429364895,1
664908,9.340071755960269,28
664916,9.84018457221727,8
664960,8.90109121977947,44
664977,9.625473359277304,17
664985,9.866123911966127,8
664992,9.859930142728462,7
664993,10.0,1
665210,5.6871335406766015,217
665219,9.825851911415846,9
665235,9.704063946742744,16
665242,9.855043296538211,7
665252,9.818079879256777,10
665263,9.771075896435345,11
665282,9.647763020713896,19
665295,9.749250955173602,13
665306,9.774927448712953,11
665314,9.849541037828988,8
665315,10.0,1
665334,9.634222838112823,19
665341,9.902877320776488,7
665356,9.638054652811107,15
665378,9.369753795549832,22
665394,9.688931701694564,16
665423,9.37233510413794,29
665447,8.531343779192174,24
665453,9.884320646288918,6
665466,9.737651037156041,13
665504,9.214003739128273,38
665573,7.88752272072444,69
665579,9.866593533336559,6
665583,9.929819287224316,4
666083,-16.810277873834156,500
666096,9.757753046329704,13
666099,9.966853402057398,3
666114,9.680031778796607,15
666119,9.925637079954573,5
666133,9.705493311150484,14
666140,9.674713479845945,7
666640,-15.941052306140026,500
667010,0.6571235078420088,370
667045,9.289362548390793,35
667061,9.630180398873843,16
667090,9.20044660620606,29
667590,-12.161165708042093,500
667608,9.625795756680072,18
667715,7.810890329246155,107
667733,9.64387668968826,18
667764,9.347926442917066,31
667776,9.745488644756142,12
667794,9.615038479114117,18
667802,9.837865878125635,8
667816,9.703516642591964,14
667940,7.107139577086761,124
668440,-10.571589298034098,500
668588,5.923728330491813,148
668603,9.688467099924512,15
668616,9.70069152022535,13
668640,9.553214909755084,24
668685,9.010029705903271,45
668686,10.0,1
668700,9.583617527289718,14
668705,9.923745731083086,5
668720,9.697687903236227,15
668725,9.923177514429277,5
668739,9.725598871401573,14
668806,8.515968463395522,67
668824,9.66315780173075,18
668841,9.435969512764643,17
668852,9.783451989833278,11
668855,9.955558284607601,3
668876,9.485478439509494,21
668891,9.696253196762651,15
668894,9.959451213248126,3
668895,10.0,1
668932,9.22530445498129,37
668963,9.388052184591873,31
669254,3.5573737218372985,291
669257,9.958795206596523,3
669258,9.993265261160554,1
669275,9.641062989158454,17
669775,-15.281534721744997,500
669785,9.793286383828859,10
669820,9.224984547193356,35
669826,9.894292846936196,6
669827,10.0,1
669854,9.436538850383178,27
669861,9.8544855042165,7
669873,9.758777357709947,12
669889,9.684255283766449,16
669900,9.669306516944678,11
669912,9.777395327020633,12
669920,9.842203745453565,8
669926,9.900214049225967,6
669975,8.330551798628047,49
670254,3.3812395324542583,279
670268,9.66582275670147,14
670316,9.037592290306948,48
670324,9.851339405743877,8
670338,9.407778709051414,14
670350,9.718994674956393,12
670850,-12.758201634254567,500
670928,7.795701421300666,78
670929,10.0,1
670930,9.996510855929966,1
670931,10.0,1
670932,10.0,1
671189,3.833369237350011,257
671206,9.4902712903129,17
671212,9.904796633585825,6
671225,9.695406380843105,13
671252,9.377063859048304,27
671261,9.811128351142647,9
671275,9.710152893192511,14
671293,9.561168462258937,18
671299,9.892404830210367,6
671300,10.0,1
671301,10.0,1
671319,9.607731056518025,18
671335,9.621857524054679,16
671351,9.692973680503162,16
671366,9.471671642226337,15
671376,9.833359748312983,10
671378,9.97472692998522,2
671386,9.847872408566722,8
671406,9.573995368467374,20
671462,8.663785184411356,56
671465,9.959127535644168,3
671475,9.785352465145483,10
671609,6.815059338757509,134
671953,0.8542943372596543,344
671958,9.897487065670925,5
671959,10.0,1
671981,9.525813750161028,22
672481,-17.4720627957236,500
672482,10.0,1
672484,9.978632963971169,2
672494,9.829908907637458,10
672498,9.941374957014578,4
672501,9.948700594306262,3
672507,9.91007248196301,6
672512,9.819549827642252,5
672513,10.0,1
672525,9.732156661249702,12
672532,9.872753624838522,7
672533,10.0,1
672561,9.421571660270608,28
673061,-213.60551763651054,500
673066,9.914777010704576,5
673074,9.820168058729221,8
673079,9.909675731509083,5
673120,8.846987010289027,41
673121,10.0,1
673135,9.693552574249196,14
673163,9.292482462776887,28
673253,7.604671831775786,90
673255,9.97689004964899,2
673266,9.775036337737372,11
673326,8.666906809429749,60
673332,9.897812341126938,6
673333,10.0,1
673454,-5.879277186012795,121
673455,10.0,1
673463,9.84676852559444,8
673465,9.976133835125651,2
673473,9.821455374387739,8
673908,0.9339291102730272,435
673912,9.935521120934316,4
673913,10.0,1
673944,9.333313611461165,31
673961,9.580081708307222,17
673977,9.646353562072935,16
674037,8.605214353175699,60
674072,9.271253794302444,35
674080,9.875754221732349,8
674160,8.151234547948134,80
674175,9.488987484887812,15
674177,9.984534964292433,2
674194,9.617640248585422,17
674204,9.802399047263238,10
674211,9.885495349522575,7
674212,10.0,1
674226,9.709169855394531,14
674236,9.841655874532599,10
674261,9.346582269223932,25
674271,9.781028817386193,10
674314,9.0406468259292,43
674326,9.74785862426966,12
674348,9.592208554430647,22
674366,9.66245368485062,18
674370,9.925473512139824,4
674386,9.656467547782958,16
674413,9.311795375634738,27
674419,9.886412974557352,6
674448,8.965915649756607,29
674463,9.70086698695219,15
674465,9.968084956548081,2
674965,-14.527490804016235,500
674975,9.78674545635003,10
674982,9.881239903514542,7
675000,9.56741601138122,18
675023,9.478071484030904,23
675040,9.607663429130207,17
675059,8.195175376596149,19
675060,10.0,1
675084,9.360395168059014,24
675117,9.240666260523207,33
675212,7.957028416425807,95
675213,10.0,1
675221,9.843344862300373,8
675426,4.550252019727642,205
675432,9.878924408229631,6
675453,9.520726201810941,21
675481,9.183087548052585,28
675500,9.642424860927731,19
675529,9.356024590638231,29
675536,9.885308736256308,7
675553,9.657645334212017,17
675556,9.95341715550196,3
675568,9.739715679760751,12
675604,9.223442537616156,36
675619,9.572148736570435,15
675687,8.366117224567864,68
675706,9.598072489570821,19
675902,4.2698105047804065,196
675926,9.5220860857052,24
675927,10.0,1
675945,9.643945914690303,18
675950,9.913442451383673,5
675960,9.693897851895091,10
676001,8.985030977201795,41
676014,9.711281817524709,13
676020,9.910552494615128,6
676031,9.766923068633577,11
676058,9.109886553307605,27
676067,9.802673592696197,9
676091,9.484821984983235,24
676104,8.737143611137684,13
676142,8.92426345415417,38
676146,9.942524804004526,4
676170,9.364076659971103,24
676171,10.0,1
676187,9.44798936153769,16
676214,9.46212474923245,27
676227,9.682644969241121,13
676232,9.91497305640704,5
676233,10.0,1
676244,9.821407745870333,11
676265,9.514353985989063,21
676274,9.807967385509448,9
676277,9.965233358196711,3
676282,9.916416106410045,5
676287,9.919914091702871,5
676288,10.0,1
676296,9.84040313226687,8
676297,10.0,1
676298,10.0,1
676299,10.0,1
676304,9.916496229947178,5
676328,8.669200049415489,24
676329,9.988240126957306,1
676350,9.581083493934809,21
676351,10.0,1
676352,10.0,1
676357,9.937324846889414,5
676358,9.996662331703048,1
676372,9.697541102936226,14
676388,9.66195102536948,16
676407,8.45131434507083,19
676408,10.0,1
676413,9.90111191689936,5
676419,9.882530369936816,6
676436,9.595531830103356,17
676442,9.901314100508541,6
676444,9.972871729714232,2
676452,9.840695635956342,8
676467,9.691330667754334,15
676475,9.82919607173466,8
676485,9.820517627659221,10
676518,8.623346327915321,33
676523,9.904533005474832,5
676541,9.625527532656749,18
676542,10.0,1
676564,9.525990969750705,22
676565,9.992627146881556,1
676573,9.844781425262926,8
676574,10.0,1
676575,10.0,1
676576,10.0,1
676648,8.410499082170604,72
676657,9.838006082156587,9
676665,9.855402846657489,8
676676,9.779701702572195,11
677176,-11.238580869018458,500
677181,9.926827939701937,5
677201,9.216063004812618,20
677213,9.442952678350293,12
677221,9.847868042511756,8
677247,9.356117884284734,26
677257,9.802252405073888,10
677286,9.433488098458131,29
677354,6.843693333655276,68
677440,8.017516217902656,86
677441,10.0,1
677450,9.817473210799673,9
677468,9.642348171173351,18
677489,9.532966337031965,21
677539,8.88487192264168,50
677758,4.097266162956103,219
677770,9.71795173876927,12
677781,9.782101121692262,11
677791,9.804163339825772,10
677857,8.376211807699638,66
677865,9.844051137788023,8
677887,9.490429650675106,22
677894,9.867981516255373,7
677912,9.238893272715803,18
677944,9.386401872398244,32
677951,9.87984996017848,7
677952,9.989516270701394,1
677958,9.895562237201746,6
677979,8.98032036286479,21
677980,9.992121670812919,1
678480,-14.119682374979915,500
678484,9.93506527615077,4
678485,10.0,1
678501,9.658150284883948,16
678519,8.191038493354256,18
678538,9.552150888105293,19
678843,2.100714277273773,305
678846,9.970779680636936,3
678852,9.899724843660112,6
678853,10.0,1
678861,9.856343545565293,8
678875,9.70789562527832,14
678911,9.279630310591989,36
678918,9.88314377781753,7
678952,9.055498762428115,34
679381,-0.03202405802589681,429
679392,9.783210003519063,11
679418,9.472728725526121,26
679426,9.861404693393599,8
679926,-13.013296363814828,500
679939,9.73807147611074,13
679955,9.693572881936461,16
679962,9.87045985032481,7
679973,9.755216105731167,11
679974,10.0,1
680015,8.9543718415175,41
680016,9.993033404535366,1
680060,8.497683854105658,44
680506,-8.449311723746511,446
680519,9.758935477235674,13
680529,9.714825140402139,10
680547,9.286673960707521,18
680558,9.766362599111122,11
680609,7.215066892029311,51
680621,9.719577733309244,12
680643,9.545009745111336,22
680652,9.605428416388062,9
680653,10.0,1
680654,10.0,1
680655,10.0,1
680680,9.539544334259512,25
680695,9.721126325740435,15
680700,9.909717996763316,5
680721,9.467546290748315,21
680752,9.243911039955702,31
680755,9.965244432513588,3
680765,9.815009495481949,10
680777,9.735961860237344,12
680812,9.23234844445161,35
680833,9.531461380635218,21
680834,10.0,1
680836,9.970835816911027,2
680849,9.730676099732843,13
680855,9.896333701084322,6
680856,9.992425957797595,1
680866,9.79303812035767,10
680870,9.939781431974204,4
680903,8.975306906700798,33
680910,9.870683688053823,7
680928,9.602343070451132,18
680952,9.530569567238235,24
680964,9.757663034692161,12
681028,7.691399713413036,64
681036,9.838908724419195,8
681060,9.516332419478259,24
681079,9.597435495730956,19
681145,6.2620901509827345,66
681158,9.750509227898512,13
681164,9.904897518393403,6
681397,4.422873795381644,233
681897,-17.54580482203019,500
681898,10.0,1
682004,7.430037358633301,106
682015,9.754937730971982,11
682034,9.540489338903097,19
682534,-15.693219581841447,500
682575,8.662899601335981,41
682616,8.566365150740307,41
682628,9.723491540375477,12
682767,-15.285012641415754,139
682776,9.855619283875317,9
682779,9.96273993893066,3
682794,9.643117884739747,15
682804,9.789724881021288,10
682832,9.049634314287065,28
682856,9.234377233792264,24
682863,9.852004896305441,7
683021,4.856274141408948,158
683046,9.475990072213753,25
683053,9.855098445017202,7
683059,9.896577167524203,6
683082,9.478386122361616,23
683098,9.646509745289476,16
683135,9.211180206905011,37
683139,9.93274082100007,4
683161,9.447797896485634,22
683408,3.2178593297858784,247
683409,10.0,1
683433,9.402787266342965,24
683442,9.828029475462055,9
683443,9.996504024239815,1
683458,9.660134173616868,15
683466,9.848130103284824,8
683477,9.359625539641794,11
683497,9.577729813261113,20
683511,9.65828443950005,14
683512,10.0,1
683544,9.176380051032256,32
683545,9.993133325800024,1
683560,9.630442215237606,15
683574,9.680792144243227,14
683615,9.085993009603818,41
683628,9.69162500807047,13
683629,10.0,1
683632,9.958754252181791,3
683646,9.68502357711366,14
683663,9.515343377850709,17
683684,7.078963624143652,21
683711,9.284926672300314,27
683728,9.577892918886945,17
683743,9.719601793994261,15
683796,2.6792174459962883,53
683797,10.0,1
684297,-16.04001085131166,500
684316,9.63883877677574,19
684320,9.926319198700682,4
684321,10.0,1
684322,10.0,1
684382,8.104637075000378,60
684397,8.135508392971722,15
684410,9.685589583407188,13
684910,-14.151991492383978,500
684935,9.078509039359716,25
685410,-0.3278633664224273,475
685441,9.323578860977845,31
685449,9.845711937376777,8
685507,8.46670526997564,58
685517,9.795907025496346,10
685528,9.76552812874259,11
685781,3.3432952428817346,253
685787,9.909123446566783,6
685788,9.996489910946359,1
685801,9.749047074096097,13
685813,9.764722056459613,12
685818,9.932424534824293,5
685853,9.35029782250089,35
685868,9.662358085950517,15
685869,10.0,1
685881,9.736433336053587,12
685882,10.0,1
685904,9.441433502448593,22
685941,9.0648180361055,37
685968,9.192144902147005,27
685987,9.590485580866686,19
686022,9.303718634759495,35
686023,10.0,1
686047,9.486242794756816,24
686048,10.0,1
686052,9.936810666285973,4
686069,9.560766346270217,17
686070,10.0,1
686081,9.735497495605578,11
686088,9.860265171578364,7
686129,9.018814821720868,41
686137,9.851998714570364,8
686155,9.622619604523623,18
686163,9.866344120616105,8
686186,9.466741380142862,23
686686,-12.351728569118949,500
686690,9.9327030150143,4
686702,9.743014088169925,12
686718,9.691383099334045,16
687218,-14.93447319463598,500
687718,-50.21447037327064,500
687729,9.756682967267771,11
687731,9.983227671841194,2
687736,9.915236825492382,5
687753,9.580114997336427,17
687762,9.84138625569283,9
687782,9.51913035204905,20
687792,9.820427200766842,10
687793,10.0,1
687808,9.67337924275431,15
687824,9.703874642362171,16
687833,9.859765682157605,9
687834,10.0,1
687850,9.644201393698161,16
687860,9.815475452332965,10
687888,9.41650541264621,28
687979,0.330170102733522,91
688004,9.503247616100017,25
688010,9.880566032356139,6
688028,9.608623955830287,18
688046,9.622354034432316,18
688071,9.451917551434516,25
688109,8.99233552385186,38
688115,9.88567276922538,6
688134,9.563965391574946,19
688135,10.0,1
688142,9.859574105336657,7
688230,8.048028822504365,88
688250,9.601891952289986,20
688251,10.0,1
688272,9.455528111316129,21
688301,9.3576317507391,29
688320,9.597199565452042,19
688497,6.135786796083348,177
688517,9.590787989682998,20
688530,9.754136286576232,13
688531,10.0,1
688564,9.182816123940588,33
688572,9.840474663073582,8
688579,9.895130957273105,7
688639,8.45331925226552,60
688647,9.852338763931584,8
688655,9.857642327047424,8
688682,9.378528744733757,27
688709,9.423604827888678,27
689009,3.7441717965823846,300
689022,9.743398636212083,13
689039,9.617262460788979,17
689058,9.559610212461683,19
689064,9.889243163491763,6
689090,9.309595163690952,26
689100,9.793297329857356,10
689129,9.465562744309414,29
689147,9.60730398027338,18
689157,9.825409442530557,10
689170,9.741981605477074,13
689178,9.855593842360676,8
689201,9.486167844601551,23
689225,9.587931708794518,24
689236,9.788930272550829,11
689736,-14.519285961962376,500
689749,9.646766891818622,13
689771,9.575870617371166,22
689778,9.869013446653739,7
689784,9.69740171784213,6
689794,9.82173490901871,10
689882,7.863265013531018,88
689883,9.993034022099716,1
689896,9.720393192257202,13
689919,9.474379577276693,23
689933,9.686511034562352,14
689980,8.833007817689632,47
690008,9.426928785279872,28
690013,9.907131522567953,5
690034,9.521670473953193,21
690035,9.98788962745139,1
690535,-42.63949191106695,500
690544,9.817371068043515,9
690548,9.943363633194622,4
690549,10.0,1
690563,9.678059976273907,14
690584,9.524463098580565,21
690596,9.760555379847135,12
690619,9.491043429883156,23
690630,9.769366918147693,11
690868,5.279343062525554,238
691368,-189.47610902800395,500
691868,-12.883961348837847,500
691909,9.082710548835582,41
691924,9.690526165245032,15
691925,9.992282754979554,1
691977,8.787442161466066,52
691985,9.877012290752688,8
691991,9.898671751273156,6
692007,9.601918404429279,16
692020,9.712240750351764,13
692031,9.796113320260861,11
692038,9.864874890455008,7
692069,9.38434126766619,31
692113,8.536297147615935,44
692126,9.678782726851104,13
692131,9.928175075060349,5
692144,9.725492749687351,13
692145,10.0,1
692204,8.369395139786814,59
692205,10.0,1
692232,8.209385072541847,27
692242,9.715324938496625,10
692264,9.532959182047936,22
692439,5.040327337136937,175
692449,9.799617108168805,10
692473,9.421357787158037,24
692474,9.988467723792963,1
692480,9.927563436247771,6
692484,9.929569189946234,4
692486,9.979910723774037,2
692493,9.879510360667515,7
692497,9.941086209220837,4
692506,9.806793630118971,9
692523,9.08397589685704,17
692541,9.507251749916769,18
692545,9.943503530033512,4
692679,6.822912472450664,134
692950,3.5880318431379337,271
692987,8.652910427501883,37
693006,9.547870288951021,19
693027,9.562639542289219,21
693527,-11.253689894346213,500
693579,9.100833850634672,52
693593,9.70581431465102,14
693596,9.9589161773741,3
693619,9.448136241670165,23
693641,9.496052185405095,22
693666,9.475923802292948,25
693742,8.017764660915455,76
693743,10.0,1
693786,9.019752941400268,43
693812,9.338201611397947,26
693844,9.31144983054802,32
694344,-14.442441239984117,500
694349,9.90090655682822,5
694356,9.856945693585248,7
694359,9.950536912288499,3
694374,9.695659031506562,15
694668,1.6331694180286007,294
694684,9.663992576675513,16
694750,8.22746669784674,66
694753,9.956664035530963,3
694961,5.221533943732692,208
694977,9.634129415850099,16
694982,9.912034368885955,5
695019,8.204337389181502,37
695024,9.92389359009724,5
695377,-46.62453459657277,353
695389,9.748241516881192,12
695406,8.435923984893229,17
695422,9.658798674806981,16
695425,9.95813969908499,3
695441,9.678121247434776,16
695458,9.704819004718452,17
695465,9.860855719572946,7
695482,9.652788619547067,17
695483,10.0,1
695501,9.58263204913399,18
695511,9.78861230042821,10
695513,9.976577161873943,2
695548,9.130768423492288,35
695560,9.769016914368729,12
695679,5.131781831835411,119
695688,9.820976495567752,9
695695,9.874111017003589,7
695708,9.731241526864693,13
695727,9.60818497576206,19
695735,9.158557262603527,8
695877,6.525524824514051,142
695891,9.684739038624876,14
695911,9.480103363972495,20
695912,10.0,1
695946,9.34337682277913,34
696097,2.5068481725671017,151
696102,9.914598306858444,5
696110,9.87000542586647,8
696131,9.493494395372515,21
696145,9.709834891533427,14
696163,9.658028760149163,18
696167,9.839766319554425,4
696187,9.515791481273006,20
696278,8.07119083397471,91
696343,8.572557943655143,65
696367,9.445792984231467,24
696375,9.878063076942992,8
696392,9.583629365123612,17
696393,9.99634304261198,1
696397,9.940326092329144,4
696401,9.829477813801228,4
696427,8.797526079056578,26
696642,5.496249409647094,215
696652,9.480863781613424,10
696671,9.393093538390056,19
696685,9.75293201126764,14
697185,-13.602889365114017,500
697196,9.789919875437961,11
697210,9.708495486254513,14
697239,9.105676210394323,29
697240,10.0,1
697250,9.797105072136477,10
697251,10.0,1
697262,9.76975847197479,11
697273,9.752705172480237,11
697283,9.816203924577819,10
697310,9.3108295045199,27
697312,9.984486937327858,2
697344,9.391562569660826,32
697358,9.729482587835376,14
697368,9.822027470886818,10
697369,10.0,1
697405,9.200845738329814,36
697513,7.804131827034862,108
697537,9.481098694049638,24
697538,10.0,1
697551,9.720864244490505,13
697578,9.02559860577525,27
697647,8.679461060044082,69
697650,9.951980501279698,3
697690,9.068917804115172,40
697747,8.068295369405758,57
697754,9.896475199726435,7
697755,9.99644364074773,1
697756,10.0,1
697826,8.376285614016767,70
697827,10.0,1
697877,8.651714716691133,50
697885,9.848616165521957,8
697909,9.494697800761553,24
698409,-14.225950866078296,500
698421,9.790859717863114,12
698465,8.957642589625852,44
698468,9.95427917922758,3
698968,-10.917315479274302,500
698991,9.448091849548957,23
699010,9.675729726838867,19
699028,9.639373843976989,18
699217,5.0528937655991255,189
699235,9.663091203410625,18
699270,9.323506356651535,35
699292,9.558025157186602,22
699621,3.322881112984497,329
699714,7.968445780180176,93
699753,9.097460085009613,39
699754,10.0,1
699765,9.763606577718095,11
700026,4.339403334975651,261
700404,1.688022495021544,378
700418,9.73464430693676,14
700495,8.263594995585983,77
700500,9.91830770774915,5
700505,9.908797156124947,5
700507,9.979928410987826,2
700745,4.014287568138024,238
700752,9.86388828042019,7
700813,7.937511992147535,61
700823,9.769802335398877,10
700841,9.58456894021104,18
700971,6.350558037541008,130
701471,-213.37527999282872,500
701971,-213.20922413443122,500
702471,-214.5314993034751,500
702485,9.72394564404133,14
702498,9.725592948651318,13
702752,-5.8125756473826815,254
702763,9.77705329164964,11
702764,10.0,1
702772,9.836133670359985,8
702783,9.76969964544382,11
702845,8.448024797001214,62
702857,9.748375630661531,12
702867,9.591166107820845,10
702901,1.676898042274571,34
702911,9.80374713271526,10
702924,9.730558282684212,13
702929,9.902821443464612,5
702938,9.806589630371404,9
702944,9.916825298349586,6
702950,9.897294393131704,6
703019,8.401547921822685,69
703035,9.687039753694883,16
703535,-12.176755460841953,500
703558,9.593488828355344,23
703582,9.495140777685243,24
703603,9.339756693854055,21
704103,-13.45537292226943,500
704131,9.18142589937215,28
704152,9.487869459623008,21
704155,9.9620856602292,3
704655,-11.888145144357253,500
704672,9.59794860006048,17
705172,-12.219989082689073,500
705175,9.9699979444144,3
705203,9.114103519875584,28
705238,9.248362964176515,35
705245,9.87653232706779,7
705257,9.675414797873776,12
705268,9.793742500862981,11
705305,9.26925417085659,37
705327,9.531588899094743,22
705365,9.28566887380502,38
705415,8.63327072223641,50
705431,9.609664863083612,16
705729,3.320498657713192,298
705756,6.207786499562435,27
705764,9.821562623863244,8
705765,10.0,1
705788,9.575579423581711,23
705797,9.617718162371183,9
705802,9.923610907707676,5
705855,8.798751885326725,53
705885,9.36546141081791,30
705905,9.592013709442352,20
705919,9.700263362446826,14
705944,9.523299853410567,25
705958,9.743586220163614,14
705972,9.704087756858177,14
705973,10.0,1
705974,10.0,1
706474,-20.656567309971845,500
706475,10.0,1
706493,9.651936426049096,18
706993,-14.799210676876944,500
706994,10.0,1
707013,9.587466009974491,19
707053,9.200305149995577,40
707387,1.8575409851110596,334
707887,-11.064362738515628,500
707905,9.574605019301103,18
707907,9.976604242100912,2
707914,9.869742223061177,7
707930,7.486982300640028,16
707945,9.67093405560533,15
708099,5.411417464503846,154
708107,9.854420718485683,8
708109,9.982018770928201,2
708203,7.597117764458899,94
708213,9.79680291063347,10
708226,9.718975549693827,13
708233,9.85162387506741,7
708234,10.0,1
708247,9.747867433870304,13
708265,9.42822697267807,18
708294,9.225242575881119,29
708306,9.783860639134307,12
708321,9.716869155697573,15
708338,9.607855024262047,17
708347,9.816549163100428,9
708356,9.80088065011255,9
708754,-0.6332731167036716,398
708766,9.744574683879343,12
708768,9.971082220086224,2
708772,9.935354834764215,4
708794,9.47953042919406,22
708944,6.76353380345917,150
708999,8.849073835330348,55
709014,9.633666316831587,15
709022,9.877337528807042,8
709044,9.473404947453728,22
709068,9.564455290786876,24
709076,9.844046523268778,8
709086,9.844927704337703,10
709092,9.894667920002403,6
709111,9.592663595006053,19
709114,9.968347003507306,3
709614,-13.356749668910815,500
709640,9.376890085071684,26
709667,8.942164761136016,27
709685,9.604430287507595,18
709761,8.243771740870184,76
709778,9.672844418363603,17
709913,6.366056250315413,135
709955,9.04320954302478,42
709958,9.953168970993715,3
709987,9.220962188607388,29
710004,9.60501884686142,17
710010,9.892906489508949,6
710095,5.877559412477932,85
710117,9.371685535850645,22
710133,9.641177309449452,16
710142,9.858366914253377,9
710156,9.694121578485705,14
710203,8.917812255912352,47
710221,9.578523575779759,18
710232,9.780169380164267,11
710732,-10.07259170525463,500
711232,-15.949799063044395,500
711240,9.838108237626786,8
711256,9.620070326092735,16
711260,9.942589082589867,4
711261,10.0,1
711303,9.132425842259734,42
711320,9.660487308250094,17
711402,5.30267932492457,82
711409,9.853428611110788,7
711434,9.44927546927649,25
711457,9.417255134359047,23
711465,9.845780641940541,8
711478,9.730415897299656,13
711486,9.826735182766274,8
711499,9.731672353903884,13
711513,9.69022826560763,14
711580,5.433226284114325,67
711588,9.833892945396995,8
711809,4.58487500639591,221
711820,9.74353842478275,11
711862,9.1864770032714,42
711935,7.811621926133694,73
711947,9.739840865989716,12
711980,7.025282401680034,33
712003,9.142462818425953,23
712011,9.855456168191356,8
712029,9.614603389622136,18
712043,9.783310216737423,14
712065,9.392463332817613,22
712105,9.175427520311777,40
712156,8.64367968467174,51
712163,9.85408020056116,7
712227,8.661891524282137,64
712281,8.702170574127683,54
712330,9.039559293128205,49
712331,10.0,1
712347,9.4183152000614,16
712348,10.0,1
712398,7.993405853101935,50
712505,1.085640250557942,107
712662,-51.143060672050304,157
712674,9.814230270492079,12
712706,9.349608517725265,32
712714,9.860568008600927,8
713214,-88.93977872551883,500
713714,-218.1798785030091,500
713720,9.899038060490536,6
713750,9.292194160337669,30
713764,9.655605882579975,14
713778,9.687155964342958,14
713793,9.656736383269772,15
713795,9.977014145098716,2
713821,9.388840567829815,26
713822,9.993112819768427,1
713902,5.924557997314863,80
713912,9.837976019773516,10
713934,9.54391251040503,22
713949,9.697278041352343,15
713963,9.685066479412981,14
713986,9.536051187732582,23
714001,9.680495908286902,15
714006,9.932153898481207,5
714022,9.72180019736714,16
714050,9.33530814489132,28
714058,9.86301392739872,8
714164,6.542181845478362,106
714176,9.73278666345178,12
714185,9.80822057850562,9
714197,9.739467904099602,12
714209,9.385028349460583,12
714215,9.88838672624325,6
714227,9.73561873926283,12
714256,8.949249282153998,29
714266,9.803913552337946,10
714276,9.816154091887007,10
714776,-12.103121279290002,500
714819,9.124257703507563,43
714826,9.881813415967736,7
714889,8.533275544459341,63
714905,9.643315455351996,16
714909,9.933161291502577,4
714910,10.0,1
714934,7.758729261028636,24
714948,9.67164943786103,14
714973,9.505323596282965,25
714977,9.944422262861552,4
714997,9.603770013057193,20
715000,9.95615396068304,3
715009,9.637418458471588,9
715025,9.674341580997206,16
715059,9.263476783306036,34
715060,10.0,1
715068,9.846926368775692,8
715069,10.0,1
715117,8.648256783170131,48
715132,9.668251410906691,15
715133,10.0,1
715145,9.71697160712912,12
715157,9.763753996608155,12
715180,8.019240583969946,23
715272,7.354481160760402,92
715281,9.839018353099327,9
715297,9.713265619089244,16
715318,9.332647537953783,21
715319,9.996225781611901,1
715468,6.983632922390267,149
715475,9.868699131161952,7
715481,9.885623298732837,6
715708,4.720102801814736,227
715722,9.691033340976825,14
715732,9.817153702371094,10
715747,9.652375039962937,15
715918,5.474185855616523,171
715919,10.0,1
715923,9.941186974982699,4
715926,9.952207310945138,3
715935,9.809484799580591,9
715939,9.932062415161516,4
715942,9.950625782245833,3
715948,9.884735331235307,6
715952,9.9404897357736,4
715990,9.141035053545753,38
716002,9.750616005304252,12
716010,9.861575834653024,8
716011,10.0,1
716059,8.900884027023022,48
716060,10.0,1
716061,10.0,1
716070,9.861451835619803,9
716219,3.5384960725257866,149
716295,8.374539039079096,76
716302,9.841758581731336,7
716334,9.245504037523004,32
716347,9.710518185176582,13
716523,5.534737968593324,176
716531,9.87194560258001,8
716548,7.745516208611399,17
716570,9.445258252192687,22
716571,10.0,1
716582,9.812372542352595,11
716591,9.835934079134123,9
716609,9.6366248845613,18
716658,8.85266637747369,49
716673,9.699442015380074,15
716681,9.831020666331556,8
716714,9.37613208418763,33
716740,9.082835485962342,26
716815,8.055093431318719,75
716828,9.537547793641146,13
716838,9.519270611263035,10
716877,7.816627911359356,39
716892,9.707036375775393,15
716911,9.542425467753093,19
716929,9.655414100720652,18
717429,-11.42047043048758,500
717442,9.722305626479718,13
717457,9.760813898290717,15
717488,8.886400735996334,31
717501,9.756354552782811,13
717505,9.930900825704883,4
717512,9.874273689195535,7
717518,9.883981915104856,6
717563,9.078363620232642,45
717572,9.829681599550728,9
717682,7.267144050653328,110
717736,8.60303059248833,54
717769,9.18479096568613,33
717770,10.0,1
717794,9.486895237928799,24
717813,8.353886971316216,19
718018,5.657156344662035,205
718027,9.83368757529208,9
718034,9.870868058461143,7
718035,10.0,1
718041,9.901194813975314,6
718057,9.596655568625964,16
718080,9.303723012615032,23
718169,4.238100538347929,89
718196,9.385298527983812,27
718216,9.543741196328366,20
718227,9.81260569877859,11
718245,9.699441938082556,18
718264,9.350024260869112,19
718278,9.710462398228493,14
718306,9.23804065740418,28
718322,9.511586283077182,16
718323,10.0,1
718332,9.799215073084433,9
718345,9.756563614703541,13
718378,9.227346245461321,33
718407,9.374492110993945,29
718423,9.621657567520357,16
718466,8.711447593117503,43
718492,8.640974427842266,26
718493,10.0,1
718502,9.819990114667403,9
718793,3.7676246283117996,291
719246,-1.6144291485589903,453
719255,9.804585644562492,9
719267,9.763546733244373,12
719268,10.0,1
719270,9.977436852866788,2
719282,9.753846654081851,12
719298,9.663565813439625,16
719318,9.566153212169858,20
719385,7.920667985966658,67
719420,9.233775979164148,35
719429,9.829562140272808,9
719430,9.993316760680216,1
719439,9.524656092187382,9
719467,9.217391592213401,28
719478,9.786712444060571,11
719484,9.894707020468786,6
719549,8.549911615010904,65
720049,-207.77472792934097,500
720060,9.753218869966473,11
720067,9.878289548222705,7
720209,6.515353699216714,142
720237,9.419690180375284,28
720252,9.70152619244085,15
720364,7.583701606677275,112
720378,9.66884284965178,14
720384,9.88622085496173,6
720389,9.224264377031696,5
720889,-11.348770885151552,500
720899,9.832123019185342,10
720907,9.873920145368047,8
720938,9.283774065713995,31
720976,9.08663081420911,38
720981,9.919741373007383,5
721023,9.009848051082647,42
721242,3.7724478404107336,219
721252,9.319220486282845,10
721270,9.609197242316194,18
721291,9.194140201828791,21
721302,9.808142507892073,11
721318,9.701964725426983,16
721341,9.467467646796331,23
721356,9.671027622741247,15
721368,9.753529953662518,12
721406,9.003238391711745,38
721417,9.78402964559743,11
721434,9.575963747945757,17
721459,9.42664477504749,25
721466,9.86532983825123,7
721476,9.772662472810438,10
721479,9.962327293878573,3
721486,9.862148497287835,7
721503,9.618523698559583,17
721519,9.62999800084397,16
721539,9.575520234808431,20
721592,9.005610504723661,53
721593,10.0,1
721657,2.9985896630579507,64
721671,9.701405472598303,14
721675,9.947001711367143,4
721733,8.530502068061216,58
721743,9.637866857229183,10
721760,9.05239750481962,17
721821,8.804237114733084,61
721830,9.854443617264208,9
721854,9.46468007078514,24
721856,9.973380057806004,2
721865,9.829993008157196,9
721913,9.05827885634433,48
721953,9.042896912189626,40
722182,4.74186732409815,229
722184,9.981116110635893,2
722199,9.715733639923,15
722200,10.0,1
722232,9.092940665654304,32
722241,9.821234803430611,9
722741,-10.083542642545714,500
722748,9.866781315939855,7
722757,9.817419846085352,9
722766,9.810875373179913,9
722854,7.855244304997106,88
722857,9.950333645691675,3
723357,-13.838798471325278,500
723371,9.706678556913511,14
723871,-12.524424650301016,500
723898,9.06537829207963,27
723949,8.909285432857184,51
723973,9.324230415882825,24
724069,8.005738027009775,96
724076,9.891873459873423,7
724103,9.422804002747313,27
724116,9.73119722660758,13
724127,9.607368376024485,11
724136,9.836142486622725,9
724244,7.544395988816885,108
724291,8.833396666224703,47
724292,10.0,1
724302,9.795105632108536,10
724311,9.801462126454926,9
724811,-15.583869306832643,500
724812,10.0,1
724823,9.775816191965834,11
724838,9.672737593036633,15
724847,9.823713822586905,9
724861,9.721148097114463,14
724882,9.48965501047258,21
724896,9.720043669907746,14
724909,9.767676116200708,13
724911,9.972826564517524,2
724922,9.796742839263352,11
724937,9.669186386059017,15
724956,9.567719790728853,19
724959,9.957162756858155,3
724986,9.527669658219393,27
725000,9.728607975730176,14
725015,9.566728566267152,15
725093,8.351021427601452,78
725102,9.827752701161435,9
725112,9.795225186292932,10
725130,9.59719962499673,18
725142,9.680922521437074,12
725428,3.9424385294641624,286
725451,9.454090334027297,23
725468,9.635852979329886,17
725474,9.894351820353917,6
725475,10.0,1
725483,9.823093458422845,8
725954,0.5742218409039452,471
725974,9.51033432791818,20
725980,9.891262431569672,6
725989,9.853643141546351,9
726005,9.665199733942854,16
726142,6.511325607975607,137
726156,9.711849373551741,14
726157,10.0,1
726168,9.794858764560562,11
726180,9.73394643959059,12
726181,10.0,1
726184,9.961819718394866,3
726189,9.925064919246989,5
726689,-12.057603639777202,500
726735,8.748331936942847,46
726751,9.622389399544211,16
726766,9.46634570673273,15
726783,9.591998449850148,17
726818,9.283061546650293,35
726830,9.653754100036082,12
726847,9.552671301089621,17
726854,9.8884577240568,7
726893,8.372491307707204,39
726908,9.690856172782919,15
726917,9.81783960957394,9
726928,9.758633340108592,11
726951,9.357319030228476,23
726962,9.778782283080881,11
727158,5.776064239363412,196
727160,9.976020455370382,2
727161,10.0,1
727574,-2.8782735016115986,413
727599,9.398322191578156,25
727600,10.0,1
727601,10.0,1
727613,9.747912925479165,12
727616,9.960884231249727,3
728116,-13.153658124706833,500
728139,9.495649658056015,23
728147,9.859092140624728,8
728156,9.841060359349443,9
728167,9.827559731436283,11
728168,10.0,1
728169,10.0,1
728210,9.01213494101787,41
728217,9.885104249840062,7
728227,9.803545992314717,10
728228,10.0,1
728239,9.745700095652978,11
728250,9.762907658382831,11
728264,9.67196461265297,14
728283,9.56129468472419,19
728286,9.9538828257379,3
728287,10.0,1
728304,9.615890202596052,17
728349,8.820088725992532,45
728354,9.907414157849923,5
728377,9.53262192478764,23
728382,9.914021657143497,5
728398,9.69922078040488,16
728420,9.178607246662533,22
728441,9.573035154997699,21
728444,9.951181759441761,3
728457,9.746700855230294,13
728501,9.018745730615358,44
728525,9.456734342094872,24
728540,9.638253030148666,15
728544,9.945067235870813,4
728557,9.734939355487128,13
728564,9.882841247068916,7
728590,9.305825111426447,26
728604,9.671250529887157,14
728610,9.892771563920814,6
728642,9.10263892943137,32
728670,9.324625870047,28
728671,9.992954142126159,1
728674,9.953188281135745,3
728683,9.835413331839991,9
728687,9.948444157647724,4
728691,9.933968060233472,4
728697,9.886402063459052,6
728708,9.816689472017043,11
728719,8.594299005693147,11
728729,8.9213931194029,10
728815,7.825320843534881,86
728821,9.612481435123765,6
728928,7.182243509744428,107
728943,9.744198560537328,15
728944,10.0,1
728988,9.074175224306495,44
729004,9.646272520775632,16
729016,9.71929653599156,12
729046,9.285263012904629,30
729058,9.761222385164467,12
729060,9.9689454402947,2
729070,9.781797288947903,10
729096,9.466050732616655,26
729116,8.433065439952095,20
729122,9.87869361475804,6
729273,6.986253625156731,151
729287,9.651284448478302,14
729304,9.217532871090675,17
729314,9.793492958482332,10
729317,9.958487091544827,3
729318,10.0,1
729344,8.878486154390163,26
729351,9.871565918830193,7
729368,9.618664918488566,17
729478,7.844905398646552,110
729492,9.65267174761924,14
729507,9.649832878538367,15
729520,9.661231091506496,13
729521,10.0,1
729547,9.395039320391362,26
729564,9.629694151023353,17
729662,7.094059735767098,98
729787,7.050774277456522,125
729788,9.996483134602276,1
729802,9.680743450008224,14
729833,9.31346728190346,31
729847,9.717743646548659,14
729883,8.977238312671192,36
729886,9.963151808889746,3
729895,9.82849568054261,9
729910,9.718275371005566,15
730111,5.651969579462573,201
730141,9.105731375182158,30
730154,9.768685861086073,13
730179,9.524282173857223,25
730182,9.964090262486017,3
730197,9.698981163923538,15
730215,9.649305104057728,18
730228,9.749695444010598,13
730728,-15.60765568418547,500
730732,9.95039346115316,4
730775,9.077789459732976,43
730779,9.933634256514885,4
730795,9.61901566597611,16
730957,6.304336565280273,162
730973,9.295594511138802,16
730991,9.680980038798776,18
731002,9.781629549369994,11
731016,9.660063491667279,14
731025,9.82488197243573,9
731045,9.553475517189513,20
731051,9.891869786870322,6
731066,9.635089619896906,15
731073,9.855517040408373,7
731086,9.689601708046936,13
731099,9.687554828113713,13
731113,9.723343430895726,14
731122,9.703007412496028,9
731141,9.59204555664522,19
731168,9.332360996038293,27
731176,9.844498000830445,8
731179,9.956603684156319,3
731190,9.770674107909791,11
731264,8.376204304961506,74
731265,10.0,1
731275,9.812642465669056,10
731276,10.0,1
731328,8.480469238761437,52
731332,9.934867661751735,4
731343,9.777099682894073,11
731409,8.723758510428866,66
731428,9.511999074844981,19
731439,9.73992320640402,11
731446,9.877741424430775,7
731456,9.821761551540796,10
731459,9.958541434322804,3
731461,9.984861446373321,2
731498,9.12067077365541,37
731499,10.0,1
731533,9.272432899284777,34
731612,8.438074487148775,79
731620,9.853484124484805,8
731631,9.81240028302216,11
731642,9.770333166414362,11
731659,9.691783528718702,17
731685,9.460785607547932,26
731696,9.736387560650268,11
731732,9.145708516054498,36
731745,9.765294623914945,13
731762,9.652315983442795,17
731778,9.650949576231824,16
731798,9.619079524166992,20
731810,9.784452796921387,12
731811,10.0,1
731820,9.822692678926746,9
731836,9.6143432411336,16
731875,9.286755963532947,39
731898,9.420204556596042,23
731912,9.717991589937144,14
731923,9.777526847537377,11
731959,9.179416598061067,36
731979,9.569765529413946,20
731996,9.642365677991172,17
732006,9.791293658494187,10
732018,9.778334199006407,12
732036,9.095265836151668,18
732057,9.550752126714539,21
732085,9.32194136942386,28
732107,9.32221271665587,22
732115,9.860631525120372,8
732124,9.836666675771356,9
732150,9.413398186155263,26
732157,9.8763115449895,7
732162,9.92070605520363,5
732170,9.85366437755728,8
732184,9.673553446992132,14
732200,9.629045895240662,16
732201,10.0,1
732209,9.856830665728523,8
732227,9.644435369831015,18
732246,9.623689713193155,19
732251,9.93126921728809,5
732258,9.844187519116929,7
732269,8.978285647368084,11
732273,9.930227565842726,4
732275,9.97888702595133,2
732281,9.902969424734632,6
732292,9.755233371433828,11
732298,9.884672481793663,6
732307,9.811650506817333,9
732324,9.619093845266253,17
732339,9.478743491335754,15
732344,9.916711015156562,5
732345,10.0,1
732356,9.799991736235203,11
732358,9.984060876255054,2
732374,9.695333705252864,16
732384,9.80584371703176,10
732397,9.724987343078558,13
732411,9.66316964230041,14
732911,-62.95195407965175,500
733411,-212.52158136265106,500
733911,-214.11017522842815,500
734411,-214.10459361847649,500
734420,9.853071940359776,9
734425,9.918843237643804,5
734444,9.554720027051417,19
734454,9.81191699263122,10
734464,9.787593997410987,10
734501,9.145582521094523,37
734514,9.751530383982832,13
734515,10.0,1
734519,9.94777198502216,4
734520,10.0,1
734569,9.0047332674941,49
734593,9.5170999807261,24
734817,5.428035620532496,224
734820,9.968235169159911,3
734843,9.531686886747888,23
734853,9.793269159608702,10
734855,9.986126961444734,2
735355,-81.46084313377588,500
735855,-179.12051437873126,500
736355,-72.5742421792083,500
736855,-12.54580746271056,500
736863,9.840163944931815,8
736874,9.824318451008637,11
736982,-1.2004451762884951,108
736990,9.826599019301504,8
736991,10.0,1
736998,9.86104866289106,7
737006,9.837442713380916,8
737007,10.0,1
737021,9.750703893488591,14
737035,9.335325279999019,14
737053,9.635094891911683,18
737084,9.330381597339224,31
737116,9.305151881538162,32
737125,9.81140511473214,9
737130,9.915116431750448,5
737132,9.981521761968736,2
737143,9.792751485603624,11
737147,9.94966107513213,4
737156,9.79743692964716,9
737166,9.804254214043484,10
737193,9.225943137663705,27
737198,9.919233226207394,5
737216,9.631277182868908,18
737238,9.466048962895044,22
737239,10.0,1
737259,9.619799675593534,20
737297,9.269965177304474,38
737305,9.82087309953196,8
737324,9.588268895695911,19
737333,9.820407581975134,9
737489,6.852993742198798,156
737490,9.991758809687411,1
737500,9.785373359203174,10
737511,9.789689406704039,11
737514,9.952566859858369,3
737515,10.0,1
737523,9.752235044547401,8
737528,9.907494885119585,5
737541,9.697255306864369,13
737542,10.0,1
737580,9.244022357808637,38
737582,9.972471288686016,2
737583,10.0,1
737593,9.798681366911673,10
737618,9.510273143333631,25
737645,9.360567642850194,27
737654,9.831264042617311,9
737664,9.782552523550693,10
737665,10.0,1
737672,9.855949761656012,7
737677,9.920940107589779,5
737702,9.419651519580619,25
737726,9.384121973872038,24
737733,9.884297139546723,7
737794,8.000236612456463,61
737807,9.0371234030624,13
737852,9.093085343716725,45
737866,9.693004157049572,14
737875,9.829686779040655,9
737887,9.72601615347306,12
737888,10.0,1
737889,10.0,1
737908,9.63154660510356,19
737941,9.301997564997473,33
738021,8.290868635814773,80
738037,9.709112822858957,16
738039,9.976165569802681,2
738052,9.756390557577731,13
738088,7.943283829751115,36
738093,9.92250405155153,5
738099,9.899220648519565,6
738255,6.740256113604271,156
738284,9.289325520407008,29
738307,9.544234726306632,23
738423,7.521191237219917,116
738696,4.4440648505195135,273
738715,9.684417262129358,19
738724,9.803539343994514,9
738730,9.901450500081186,6
739230,-13.151546131923604,500
739233,9.958773368815203,3
739236,9.95132699677579,3
739265,9.440403483411353,29
739273,9.840744190286486,8
739280,9.880678305021508,7
739780,-11.83331130000584,500
739799,9.601863397558116,19
739812,9.724378630282228,13
739818,9.88578622392365,6
739835,9.613984502001466,17
739854,9.48848328701284,19
739861,9.880028415789493,7
739868,9.886015734331524,7
739869,9.996381613720281,1
739876,9.865516380460923,7
739888,9.761179006532329,12
739889,10.0,1
740389,-15.836528120955194,500
740390,10.0,1
740393,9.961137717236618,3
740422,9.383749660150276,29
740430,9.843696579737424,8
740480,8.909498879371235,50
740520,9.143830610876833,40
740707,6.276896082021632,187
740763,8.658683365483265,56
740774,9.759519083661448,11
741274,-12.70040260073709,500
741281,9.861741274438222,7
741289,9.842335201967527,8
741301,9.736243107800423,12
741316,9.650837671133667,15
741340,9.43950817327512,24
741350,9.796423550039279,10
741363,9.72277778604484,13
741387,8.273920103228537,24
741447,3.7650450472572095,60
741481,9.30750904973282,34
741486,9.925949118292666,5
741498,9.770362068143557,12
741527,9.206621603786523,29
741555,6.436339048312835,28
741563,9.853469654751438,8
741585,9.534778870828896,22
741587,9.96954366230126,2
741605,9.624775884706146,18
741686,8.278656513082966,81
741702,9.66629758142986,16
741829,7.477302332806581,127
741830,10.0,1
741836,9.898594289826256,6
741857,9.515830795155651,21
741863,9.8886561048331,6
741930,8.591222500846586,67
741948,9.63380268504701,18
741949,10.0,1
741958,9.854005418326272,9
741981,9.420939716253816,23
741993,9.74334408388801,12
742018,9.411829396867864,25
742019,10.0,1
742047,9.382672726019065,28
742108,8.591604597804478,61
742123,9.656913844591134,15
742150,9.480640293846548,27
742294,6.57320157495621,144
742295,10.0,1
742296,10.0,1
742306,9.790202789706319,10
742318,9.787535228390292,12
742335,9.68225524295562,17
742339,9.936699753942053,4
742353,9.692114253764256,14
742357,9.944349037777833,4
742375,9.653947621911328,18
742386,9.787829833270154,11
742399,9.703499166181787,13
742409,9.789761066750478,10
742424,9.683232078433843,15
742443,9.615593714216647,19
742449,9.878703642569224,6
742462,9.717792397571255,13
742496,8.527815677780332,34
742510,9.726690780377716,14
742514,9.956430518435118,4
742522,9.854087400931999,8
742533,9.69450990677707,11
742536,9.955180088361297,3
742567,8.782623892343496,31
742583,9.679074037448087,16
742584,10.0,1
742587,9.968356489331223,3
742605,9.636962386779661,18
742607,9.975474114351995,2
742620,9.73732149063362,13
742629,9.84024403352198,9
742644,9.600500700910573,15
742647,9.957573780826483,3
743147,-14.011473060598032,500
743174,9.437802712976243,27
743212,9.212937296847752,38
743225,9.729425590446748,13
743230,9.910092153822335,5
743237,9.848480480710416,7
743260,9.417631627578492,23
743264,9.94255984212985,4
743287,6.648988995430413,23
743301,9.644065843015552,14
743319,9.592355775335037,18
743344,9.378973964535591,25
743357,9.610322209850835,13
743371,9.696502969481818,14
743435,8.49797678811957,64
743460,8.680521572853952,25
743469,9.799248326324864,9
743500,9.201394638116296,31
743504,9.938360265801249,4
743514,9.800604534086249,10
743515,10.0,1
743519,9.944464156443475,4
743537,9.625926677090398,18
743548,9.754416907612242,11
744048,-12.667179525594749,500
744073,9.445885450220713,25
744074,10.0,1
744083,9.800854479085228,9
744100,9.62414599191243,17
744125,9.466263771582431,25
744135,9.76558693023066,10
744148,9.71259450701708,13
744177,8.926614826961249,29
744198,9.536169707381651,21
744210,9.75161431188785,12
744243,9.272248089883622,33
744257,9.736065367061427,14
744757,-9.992318362371606,500
744765,9.847813186506558,8
744775,9.796632867934704,10
744787,9.728079900028918,12
744798,9.780697842174739,11
744823,9.4979877550234,25
744826,9.965923277909164,3
744827,10.0,1
744866,9.230021357737737,39
744898,9.221608708301437,32
744902,9.939178743765336,4
744912,9.811799668170018,10
745412,-11.335878653258222,500
745482,8.529895045422146,70
745491,9.80903782121169,9
745511,9.519197076894232,20
745533,9.236234622425965,22
745540,9.585751124280486,7
745547,9.771646920428505,7
745548,10.0,1
745560,9.767759230525328,12
745572,9.716211452986798,12
745576,9.92922920138068,4
745577,10.0,1
745588,9.779826920142863,11
745597,9.812325217951996,9
745598,10.0,1
745603,9.923277836193044,5
745606,9.967761318587954,3
745627,9.466175309925344,21
745641,9.715291673967604,14
745668,9.428067569325847,27
745685,9.669735656183992,17
745686,10.0,1
745690,9.938371837160032,4
745691,10.0,1
745700,9.821935550321124,9
745713,9.745103330907915,13
745725,9.749861033833094,12
745734,9.830563041008231,9
745779,9.113980655658892,45
745798,9.544917521341956,19
745808,9.794393634049804,10
746139,1.8181920440583035,331
746183,8.959035458868374,44
746221,9.225086432841191,38
746239,9.63288172541157,18
746250,9.77222688521859,11
746260,9.781143885996018,10
746272,9.746269514364174,12
746273,10.0,1
746281,9.844274584669742,8
746282,10.0,1
746286,9.939171010172062,4
746314,9.387175595681233,28
746328,9.707543810939624,14
746809,-1.1597939311271688,481
746820,9.744960060591396,11
746821,10.0,1
746826,9.916944233994382,5
746844,9.583344387733181,18
746845,9.99330255628188,1
746904,8.60637206840266,59
746914,9.788100203436418,10
746947,9.381679013060921,33
747077,6.574575285424864,130
747078,10.0,1
747126,9.009654098768417,48
747138,9.754584557584542,12
747143,9.923825600085474,5
747152,9.823744951300755,9
747163,9.76116474975646,11
747173,9.807134329423425,10
747200,9.342581661719272,27
747224,9.348541867259314,24
747232,9.84683302259442,8
747286,8.664578488378432,54
747300,9.501948097629066,14
747307,9.872351026697604,7
747337,9.090280708606176,30
747347,9.585243108669559,10
747351,9.926858848038401,4
747355,9.94145648620136,4
747356,10.0,1
747365,9.844607942939,9
747366,9.991786908261176,1
747866,-11.7179517094138,500
747867,10.0,1
747881,9.72269590748351,14
747882,10.0,1
747897,9.692506704045007,15
747905,9.857240733521534,8
747917,9.740934736935841,12
747918,10.0,1
747919,10.0,1
747920,9.996524483912976,1
747921,9.996351105506417,1
747932,9.758809406879541,11
747951,8.96191832904012,19
747954,9.948962940828574,3
747955,10.0,1
747974,9.601470278542848,19
748177,5.727321264407899,203
748180,9.95917497481761,3
748204,9.362859645792673,24
748212,9.841197082493647,8
748242,9.39128258531047,30
748244,9.971807988447715,2
748259,9.678237839387673,15
748269,9.777758731021457,10
748276,9.86440376695473,7
748289,9.751690499951428,13
748297,9.871246104245165,8
748327,9.380992474739292,30
748340,9.683551844217824,13
748355,9.695215748876077,15
748375,9.587989803386112,20
748378,9.95595093609919,3
748388,9.809026795598733,10
748415,9.480248727586558,27
748424,9.83120658693126,9
748427,9.967820359081113,3
748927,-11.051762470581293,500
748954,9.308925654543753,27
748974,9.20528162151854,20
748990,9.674977247382818,16
748991,10.0,1
748998,9.839308779933924,7
749011,9.699839866322586,13
749018,9.854107347400861,7
749048,9.303955925349616,30
749049,10.0,1
749063,9.673016415916237,14
749197,7.1101944173938945,134
749206,9.848052167024981,9
749218,9.782324313283858,12
749224,9.910827951208121,6
749232,9.88048846701603,8
749304,8.259106567013589,72
749330,9.525289408687636,26
749367,9.166829944553841,37
749375,9.839927780751037,8
749389,9.733192950767286,14
749409,9.583238667998502,20
749467,8.613662438977897,58
749484,8.928836278719935,17
749494,9.78795538207732,10
749504,9.840738878295838,10
749511,9.858502821767557,7
749521,9.677152926381591,10
749529,9.8420731594483,8
749533,9.935770922714104,4
749547,9.676363427339192,14
749554,9.86174242678512,7
749565,9.789280151345888,11
749573,9.83557173802731,8
749583,9.783559414932553,10
749597,9.674584765201748,14
749605,9.85561249534877,8
749612,9.87551930832363,7
749625,9.707203969078623,13
749642,8.487881991973419,17
749660,9.440173588333561,18
749676,9.644803779509695,16
749688,9.732906615274215,12
749689,9.992508013924473,1
749699,9.798687170927261,10
749712,9.728728947792519,13
750177,-25.437057837826433,465
750182,9.915384168869947,5
750183,10.0,1
750211,6.944743300476712,28
750239,9.400582372674975,28
750248,9.831251852468098,9
750286,9.228381749698816,38
750292,9.892866879799323,6
750305,9.647653583906445,13
750315,9.801293501262505,10
750379,8.629141663740796,64
750388,9.834719521061418,9
750413,9.477364287788243,25
750426,9.724664917603329,13
750438,9.628377369699002,12
750938,-10.955085510695271,500
750944,9.900456051194675,6
750949,9.920479104827011,5
750973,9.457049806473753,24
750987,9.676736328877121,14
751032,9.11427171808814,45
751532,-10.819896671510042,500
751545,9.317657402649015,13
751553,9.864436667751615,8
751628,8.24498766806757,75
751632,9.926284764711667,4
751633,10.0,1
751646,9.700655826150737,13
751653,9.901347699114373,7
751676,9.464680981517862,23
751683,9.859443936554356,7
751688,9.92002659963922,5
751689,10.0,1
751709,9.476010137499069,20
751722,9.748584188153105,13
751736,9.6512744964397,14
751753,9.495700034655169,17
751764,9.76844532012106,11
751797,9.014957825834724,33
751832,9.327808972119792,35
751847,9.691890648542053,15
751910,8.50940984042415,63
751937,9.177278899204211,27
751945,9.84114249185267,8
751962,9.684537098028521,17
751997,9.211000617857419,35
752019,9.539307294387177,22
752073,8.745074178846169,54
752119,8.982053234520464,46
752146,9.440482833036143,27
752159,9.730452403081092,13
752306,6.073046508340118,147
752336,9.390840971382746,30
752356,9.58992743736696,20
752367,9.739996302846663,11
752374,9.849909819502162,7
752759,-0.8918943876548742,385
752763,9.937155746843644,4
752791,9.369250449621358,28
752801,9.852788281216046,10
752808,9.86530169104722,7
752822,9.710759533240942,14
752830,9.847226814595471,8
752985,6.978257872792822,155
752986,9.992148246825385,1
752987,10.0,1
752995,9.848975368742613,8
753009,9.677152014790837,14
753021,9.699368363261536,12
753033,9.710037752183396,12
753068,9.168129907904127,35
753085,9.59016369362789,17
753093,9.347109955023459,8
753095,9.98254779049972,2
753171,8.173173759581516,76
753177,9.897905380129636,6
753187,9.803154950220387,10
753191,9.952808167647841,4
753201,9.774858455662043,10
753235,9.2858184911827,34
753241,9.907133185557665,6
753252,9.751335800778714,11
753275,9.521534045345584,23
753301,9.461310599372602,26
753316,9.739493607800002,15
753319,9.962803721236442,3
753323,9.948400807121358,4
753347,9.491049536442537,24
753350,9.95554242203646,3
753351,10.0,1
753372,9.618055599442876,21
753382,9.814392382811173,10
753383,10.0,1
753385,9.974655929121354,2
753430,8.771075843734003,45
753431,10.0,1
753432,10.0,1
753436,9.932139258422511,4
753453,9.63658923969693,17
753454,10.0,1
753470,9.527159802941538,16
753471,10.0,1
753477,9.521275167116077,6
753492,9.672056590848372,15
753663,3.052954920248447,171
753669,9.87917748699885,6
753681,9.714056963196022,12
753685,9.951246716827608,4
753688,9.944826258837102,3
753768,8.518996733080114,80
753776,9.850710762240876,8
753914,3.950114187513945,138
753922,9.845211582986026,8
753954,9.219061945110871,32
754037,8.33757808125872,83
754076,8.976608522762408,39
754107,9.322692565155025,31
754108,10.0,1
754221,-7.742151137465678,113
754222,10.0,1
754239,9.597520590731701,17
754251,9.73444959269396,12
754263,9.721937496735034,12
754267,9.944668177415352,4
754296,9.072768755369664,29
754315,9.605689155347905,19
754332,9.460319394178523,17
754339,9.875251148167559,7
754350,9.761212490383768,11
754367,9.614071685748957,17
754380,9.732128317629131,13
754381,10.0,1
754390,9.83755401958111,9
754434,8.989195425148262,44
754435,10.0,1
754935,-11.60304241330275,500
754936,10.0,1
754952,9.712315054539578,16
754959,9.848230866323316,7
754966,9.877349152607447,7
754974,9.863075580094828,8
754984,9.816914314937527,10
754985,9.991696782489427,1
755005,9.520965705800226,20
755091,7.914337524478344,86
755092,10.0,1
755093,10.0,1
755103,9.785327668405587,10
755104,10.0,1
755105,10.0,1
755112,9.862712024406042,7
755115,9.968877272481796,3
755134,9.531714932326729,19
755145,9.774424251321445,11
755191,9.071703098678201,46
755322,7.15162607690017,131
755323,10.0,1
755349,9.516817636793817,26
755359,9.798387282089557,10
755373,9.717814526298366,14
755394,9.601351256736187,21
755408,9.676710974690849,14
755415,9.871050519208698,7
755416,10.0,1
755428,9.744710315509222,12
755450,8.886948082673182,22
755492,8.942815746531009,42
755501,9.838218405567384,9
755514,9.711754294259997,13
755515,10.0,1
755524,9.820172323316486,9
755539,9.656766503314524,15
755553,9.6796423207514,14
755569,9.643316744084327,16
755918,2.3662841655771807,349
755977,8.91301006525635,59
755986,9.78709808673944,9
756015,9.416804267571054,29
756078,8.483752569022851,63
756107,9.495571922039195,29
756117,9.606965383756945,10
756128,9.76301736310036,11
756141,9.716235989528109,13
756162,9.523512498153885,21
756163,10.0,1
756191,9.225699853506327,28
756192,10.0,1
756211,9.545440807230646,19
756258,8.998265377237537,47
756259,10.0,1
756260,10.0,1
756267,9.88140602293942,7
756269,9.978390769674512,2
756276,9.882408994724894,7
756281,9.908875933618233,5
756282,10.0,1
756283,10.0,1
756295,9.784293393598217,12
756296,9.99675280381108,1
756666,2.429746307488527,370
756672,9.898370758845992,6
756686,9.59534085097451,14
756687,9.992600433551507,1
756695,9.855906171453876,8
756708,9.757582129706,13
756716,9.850720434841906,8
756730,9.737685821640003,14
756740,9.789630018143498,10
756771,9.368890903469252,31
756837,8.523979257669009,66
756863,9.164612173086516,26
756877,9.672580535068633,14
756885,9.880019504370441,8
756902,8.883590156630499,17
756916,9.673824766983591,14
756939,9.474162953099986,23
756987,8.185951732533981,48
756997,9.80258189539557,10
757019,9.294189098025715,22
757052,9.400245603031923,33
757081,9.43113426761292,29
757084,9.959858517565095,3
757094,9.690225484921115,10
757102,9.857860690520596,8
757105,9.962763100038348,3
757108,9.968999019011711,3
757127,9.58076999781409,19
757136,9.81859300349104,9
757167,6.860734599971453,31
757202,9.052305191260198,35
757702,-12.273765310787953,500
757726,9.415919059478101,24
757727,10.0,1
757741,9.698427277689428,14
757751,9.760840424075289,10
757764,9.72278555953592,13
757777,9.697553315435245,13
757787,9.782166117081971,10
757823,9.219065483308613,36
757842,9.593661025188613,19
757843,10.0,1
757847,9.934956395373762,4
757869,9.470700568758728,22
757896,9.279081254815203,27
757899,9.956522577547824,3
757947,8.76308280282127,48
757948,10.0,1
757974,9.104888717207345,26
758043,8.397115119881965,69
758054,9.795262382156574,11
758116,8.647018631701496,62
758128,9.78626915299572,12
758138,9.7899875399507,10
758174,9.058111974474475,36
758188,9.676535475846144,14
758212,9.558657005643298,24
758250,4.117704744050636,38
758261,9.801382756358347,11
758295,9.198686802715812,34
758306,9.780785142029746,11
758313,9.864698820509355,7
758337,9.510099491043322,24
758349,9.723453133103865,12
758351,9.981714717597255,2
758365,9.68783663046946,14
758372,9.861741896749887,7
758384,9.729287462422752,12
758404,9.622154208956905,20
758462,8.854245825662582,58
758490,9.480854285652198,28
758503,9.710386651776698,13
758516,9.756557951453772,13
758517,9.993308985969824,1
758530,9.72746253883404,13
758555,9.433957498770148,25
758563,9.848005577128287,8
758570,9.865679187931649,7
758582,9.74000666925999,12
758696,7.067901493485621,114
758724,9.325010809094342,28
758742,9.63212675211522,18
758762,9.570769847844513,20
758790,7.797444070353279,28
758831,8.856775764600606,41
758848,9.613741431110796,17
758860,9.726743158605426,12
758894,9.35819963115391,34
758909,9.649531598109274,15
758939,9.434688424552412,30
758955,9.639213366532944,16
758963,9.839383347663913,8
758975,9.788015719580102,12
758993,9.618811144879885,18
759057,8.465654370856422,64
759064,9.858317190301577,7
759065,10.0,1
759109,9.05540978531503,44
759136,9.5419130559748,27
759154,9.600527978191172,18
759161,9.885089711973947,7
759661,-82.32535784794644,500
759798,6.646962344966292,137
760298,-145.4677730747989,500
760798,-216.5414312395674,500
761298,-128.6364094126724,500
761798,-93.4970128942648,500
761799,10.0,1
762299,-16.06424253035786,500
762313,9.714282534900944,14
762346,9.2575795890426,33
762371,9.4458302388856,25
762387,9.684197881777738,16
762393,9.9003802750759,6
762416,9.51685057319779,23
762426,9.802036196198832,10
762430,9.939849334231553,4
762436,9.921303290120463,6
762447,9.671801566776795,11
762451,9.9434729808416,4
762467,9.657149678071681,16
762484,9.65982659838458,17
762489,9.92648469089963,5
762527,9.103945933821661,38
762568,8.58368307815938,41
762577,9.823672297705425,9
762578,9.989732521870405,1
762605,9.350372512444771,27
762632,9.401947956733904,27
762643,9.77670717060551,11
762652,9.709241050905,9
762653,10.0,1
762673,9.599132105255281,20
762696,9.456657994749417,23
762737,9.002895430848799,41
762765,6.457769914985006,28
762812,8.774690584014628,47
762819,9.843722599181365,7
762822,9.965104789360144,3
762831,9.850578461408194,9
762832,10.0,1
762857,9.482152951265746,25
762860,9.94975293907403,3
762873,9.757264558783254,13
762964,8.161450291402913,91
762965,10.0,1
763037,7.856272947973,72
763045,9.842014121773929,8
763070,9.55097047298104,25
763074,9.950546211168886,4
763096,9.51691009728086,22
763120,9.484915296025752,24
763151,9.279986116350171,31
763193,8.972867197720158,42
763334,-20.32776624136697,141
763335,10.0,1
763349,9.703033152155008,14
763457,7.553853616965239,108
763471,9.73024591925468,14
763497,9.433528415157085,26
763568,8.303173290661856,71
763569,10.0,1
763587,9.612184595175199,18
763592,9.906828778699955,5
763610,9.670971771981796,18
763628,9.648710256238443,18
763686,8.614578377891938,58
763698,9.751066180944749,12
763708,9.847215971289195,10
763726,9.584662786298646,18
763730,9.947257164341627,4
763743,9.773333592756869,13
763748,9.924326930486307,5
763785,8.503007715513238,37
763786,9.987414360564303,1
763807,9.081723359529434,21
763814,9.87156946696431,7
763882,8.121338789472146,68
763883,10.0,1
763916,9.284699708099403,33
763943,9.109459240232075,27
763958,9.651833651497778,15
763959,10.0,1
763960,10.0,1
763963,9.96133553342346,3
763971,9.853637477205082,8
763998,9.111182474029725,27
764010,9.753259074672362,12
764056,8.930310443305174,46
764064,9.871177658283893,8
764067,9.970258025488429,3
764093,8.85040850597694,26
764113,9.573067267588794,20
764125,9.756745823685245,12
764152,9.401992359108334,27
764153,10.0,1
764165,9.759377384882951,12
764187,9.51631755143215,22
764188,10.0,1
764204,9.662761041622886,16
764207,9.961874631696821,3
764210,9.964983670589358,3
764260,8.84459166568206,50
764301,9.166987004888778,41
764310,9.796359666881973,9
764381,8.667195361520886,71
764389,9.86167843337151,8
764397,9.838266331419252,8
764402,9.931242887955195,5
764439,9.126336391518958,37
764493,5.594320598155851,54
764500,9.868531189379036,7
764516,9.688761645360065,16
764519,9.964763380571071,3
764786,1.2654456484484538,267
764806,9.51096803980212,20
764807,10.0,1
764818,9.766547936622922,11
764835,9.575365138761404,17
764848,9.737607905211473,13
764874,9.429153259191963,26
764879,9.924519740519981,5
764893,9.617331370892947,14
764906,9.786556798319252,13
764958,8.879697068377137,52
764963,9.897820498917175,5
764972,9.82890367695532,9
765472,-12.529636398119129,500
765475,9.954979471930942,3
765481,9.897304065669468,6
765489,9.834498135360864,8
765509,9.56466896685524,20
765522,9.759581601428174,13
765531,9.819901837033338,9
765580,8.914103788438734,49
765677,7.729915864292688,97
765691,9.674504904610904,14
765709,9.622468450231482,18
765711,9.9726684417205,2
765717,9.899050434491418,6
765945,5.11590820707219,228
765967,9.571522840422146,22
765974,9.88619376838491,7
765991,9.579032374385964,17
766068,8.150342056436896,77
766069,10.0,1
766087,9.663823968217955,18
766101,9.660895278497131,14
766113,9.739948230237147,12
766129,9.529008144336736,16
766140,9.803269725960543,11
766141,10.0,1
766142,10.0,1
766143,10.0,1
766155,9.749322860758976,12
766242,6.24312993914576,87
766258,9.660714905336944,16
766259,10.0,1
766272,9.713499860463344,13
766274,9.97304808384361,2
766292,9.58374806396546,18
766298,9.895659358394786,6
766319,9.531363773739141,21
766338,9.545428484656034,19
766342,9.929507013448138,4
766349,9.877540113278357,7
766356,9.878375475061164,7
766360,9.935295469727148,4
766366,9.896261611996099,6
766367,9.99657393581277,1
766408,9.25222726470292,41
766409,10.0,1
766428,9.582677576003471,19
766441,9.737068840153524,13
766442,10.0,1
766453,9.670182525626904,11
766462,9.847017152920333,9
766477,9.701824790768606,15
766486,9.829186567905,9
766503,9.682435784249407,17
766516,9.733434860758614,13
766526,9.83239273936568,10
766555,9.21165361726123,29
766566,9.825419553505842,11
767051,-1.0510825526652319,485
767069,9.62062980731126,18
767082,9.750524728368239,13
767114,9.1880849296838,32
767122,9.834860666657999,8
767123,10.0,1
767178,8.647848210036358,55
767214,9.363937903145187,36
767219,9.919022571737122,5
767223,9.943336844163886,4
767253,9.283110101781913,30
767293,9.152672923600774,40
767307,9.740162777584038,14
767323,9.696199902901125,16
767347,9.504694577967902,24
767358,9.775927247751165,11
767465,6.770841271514156,107
767478,9.617702905582167,13
767487,9.814964400198004,9
767489,9.980119283707575,2
767518,9.392781049153182,29
767521,9.95751816409746,3
767543,9.495441035840438,22
767544,10.0,1
767557,9.747248294564109,13
767594,8.75321031313877,37
767609,9.702690007820099,15
767621,9.707578679867986,12
767622,10.0,1
767628,9.907957080004072,6
767633,9.90806810144688,5
767661,8.583538394066863,28
767729,8.571420646210681,68
767749,9.534820379743557,20
767750,9.987785460676712,1
767765,9.649704574697946,15
767780,9.66340036787307,15
767902,7.0992349599120645,122
767907,9.913011629406595,5
767925,9.6095722728698,18
767938,9.728038798429148,13
767949,9.773564738294137,11
767967,9.661468651034497,18
767969,9.977351007816264,2
767987,9.583108301154137,18
768000,9.501078946192706,13
768009,9.855429248339917,9
768020,9.783692459447286,11
768039,9.598071665188682,19
768044,9.33127665640757,5
768063,9.655171233993839,19
768075,9.775461104225824,12
768083,9.840670229880518,8
768094,9.815082112283527,11
768101,9.851648620281532,7
768110,9.82856502153311,9
768165,8.911561597637412,55
768166,9.98844633310746,1
768176,9.78266672925865,10
768184,9.843345713970796,8
768207,8.814781918315177,23
768277,8.063081095686616,70
768279,9.976677236317146,2
768287,9.877471861180203,8
768297,9.804801229718336,10
768306,9.815363247523763,9
768313,9.87700767984301,7
768317,9.937199530442848,4
768318,9.993003707825107,1
768336,9.588444965264847,18
768463,7.260058387297056,127
768481,9.640061830432957,18
768504,9.231212402650836,23
768508,9.945090643240244,4
768509,10.0,1
768521,9.761770875708933,12
768522,10.0,1
768534,9.736359596833335,12
768549,9.695125973540435,15
768564,9.678106051577233,15
768598,9.14995783314638,34
768614,9.650249506620128,16
768624,9.840123802575398,10
768636,9.754381204078845,12
768650,9.719416097262956,14
768667,9.623304100891108,17
768668,9.99320130723736,1
768762,7.777477206813793,94
768770,9.832823167204293,8
768773,9.958572168293244,3
768846,8.471655857874303,73
768892,6.7696519458935125,46
768915,9.427916519342068,23
769048,6.634943888809325,133
769070,9.484820803312212,22
769076,9.91463093287396,6
769106,9.267671684153218,30
769136,9.317074370902446,30
769361,3.1683615618493413,225
769376,9.691487824846776,15
769386,9.82006997080963,10
769401,9.671289202947811,15
769417,9.606398184120275,16
769434,9.638513170461362,17
769444,9.830967473793073,10
769445,10.0,1
769466,9.130059679978547,21
769474,9.8500005936588,8
769488,9.723407700215516,14
769497,9.80941571667351,9
769507,9.768806425469208,10
770007,-148.2117433210535,500
770035,9.385804055266094,28
770045,9.828813811038653,10
770062,8.769385475342633,17
770072,9.806473902447687,10
770073,10.0,1
770085,9.528734095105966,12
770134,9.031995494837664,49
770147,9.724476064577713,13
770148,9.988863344282883,1
770157,9.797688027721572,9
770158,10.0,1
770159,10.0,1
770161,9.969541595541546,2
770164,9.953718701694815,3
770181,9.651658161881823,17
770204,9.49077145564627,23
770287,7.8227085410813935,83
770293,9.902025282321498,6
770334,9.24988476045761,41
770344,9.800280588282927,10
770357,9.721695628383769,13
770370,9.766392302837602,13
770379,9.796968747478276,9
770388,9.82427251569146,9
770405,9.656104914102585,17
770413,9.841501028269956,8
770462,8.866392013455979,49
770463,9.987101603642696,1
770469,9.87966376994,6
770878,0.8165354819725756,409
771036,6.438375312466263,158
771042,9.885116691554463,6
771052,9.829918572917041,10
771066,9.675796453914577,14
771077,9.771054339124175,11
771577,-13.982527823120636,500
771584,9.875052896194033,7
771598,9.689270704385645,14
771609,9.81061044703346,11
771610,10.0,1
771626,9.62475058535068,16
771627,9.98790730258856,1
771653,9.346693710755543,26
771662,9.871190128449017,9
771669,9.89217097072546,7
771673,9.922572346015233,4
771684,9.768241201429202,11
771698,9.722731898565243,14
771713,9.666931565971424,15
771756,9.19569831286492,43
771785,9.414641584530868,29
771793,9.838849681201237,8
771806,9.6094203048826,13
771811,9.91139837166517,5
771824,9.750029363028817,13
771861,9.062221384947431,37
771874,9.736925891034382,13
771878,9.933616191572552,4
771889,9.559655561649409,11
771894,9.91092272412121,5
771904,9.833785157890986,10
771918,9.678313289460625,14
771929,9.771370795902966,11
771949,9.597832848130306,20
771962,9.51807424802645,13
771971,9.736896123005758,9
771973,9.983973931881048,2
771974,10.0,1
771975,10.0,1
771981,9.884421787233126,6
771990,9.852552366062502,9
772005,9.218850823264352,15
772011,9.881128951580678,6
772045,9.294775091137678,34
772053,9.856269241013752,8
772072,9.440816723049055,19
772090,9.604225358151215,18
772095,9.912340954099742,5
772105,9.776392963498475,10
772159,8.805426269758051,54
772186,9.517758521986174,27
772187,10.0,1
772188,10.0,1
772204,9.602514235435919,16
772205,10.0,1
772211,9.811758312575076,6
772218,9.894812799922313,7
772353,6.580041691214401,135
772358,9.917856151862944,5
772382,9.471035819241273,24
772385,9.955207978659823,3
772403,9.64889432260347,18
772410,9.869088738909273,7
772432,9.532589958737235,22
772433,10.0,1
772451,9.599237932949416,18
772455,9.929889662045715,4
772463,9.830647041485262,8
772535,7.942347966755487,72
772541,9.882944805586916,6
772574,9.339598411675418,33
772587,9.736946416198968,13
772588,10.0,1
772589,10.0,1
772602,9.731890733319009,13
772628,9.44208155404202,26
772635,9.855829545569355,7
772663,9.392060988087403,28
772680,9.381991412930386,17
772691,9.80060590538954,11
772703,9.752132289355181,12
772715,9.790021596531219,12
772719,9.94487194570281,4
772818,7.2529004412435025,99
772823,9.920320933181952,5
772824,10.0,1
772840,9.621627006685081,16
772862,9.468719791916373,22
772870,9.829929365228663,8
772906,9.225364007902343,36
772913,9.866034164370575,7
772927,9.773767650554221,14
772938,9.769180682075344,11
772952,9.678610483433673,14
772955,9.965251406958162,3
773455,-176.38957859058794,500
773955,-199.51461485066048,500
774455,-212.65724016666758,500
774469,9.718348286712358,14
774483,9.704539137978815,14
774496,9.696472569230068,13
774510,9.701054419771548,14
774521,9.784059041689158,11
774536,9.653091975890483,15
774537,10.0,1
774586,8.928422076677123,49
774607,7.869210906107233,21
774623,9.690418165681981,16
774624,10.0,1
774634,9.810769615188697,10
774659,9.504062742340604,25
774671,9.652263794403874,12
774694,8.986814963035684,23
774720,9.492315738427564,26
774761,9.099875559574897,41
774768,9.873374837070472,7
775268,-12.778714068950432,500
775306,9.261146564999567,38
775320,9.725629882468137,14
775321,10.0,1
775330,9.867471828257738,9
775342,9.766035475263804,12
775365,9.327163802486236,23
775410,8.887616800028011,45
775428,9.62692439091164,18
775442,9.70645243485838,14
775491,9.052859626475838,49
775519,8.862698595878125,28
775560,9.117560496035173,41
775567,9.860268900022469,7
775615,8.758497751539947,48
775622,9.878291736679733,7
775635,9.736609421497228,13
775664,9.385526711894382,29
775665,10.0,1
775680,9.678249311176177,15
775744,8.835273687298187,64
775773,9.343588407733165,29
776242,0.3316949122357524,469
776259,9.639141077639076,17
776269,9.811386656098446,10
776270,10.0,1
776288,9.623847900719005,18
776313,9.431569367846745,25
776324,9.79439341721567,11
776396,-1.9856665159392826,72
776896,-13.550814729145975,500
776967,7.911844028010405,71
776991,9.425581335124852,24
776999,9.876628908275839,8
777012,9.70094611822443,13
777013,10.0,1
777014,10.0,1
777030,9.672730425294407,16
777060,9.33349155265361,30
777068,9.870606133851387,8
777072,9.94301189126563,4
777081,9.835376686281082,9
777121,9.140326376274855,40
777129,9.857303494338726,8
777170,8.993790737988096,41
777191,9.54939722387762,21
777203,9.73598085106071,12
777505,1.572618868719168,302
777506,9.992266242183872,1
777523,9.594636505868692,17
777541,9.119063755230389,18
777561,9.511032242342043,20
777602,8.85780320588282,41
777603,10.0,1
777623,9.661497227512278,20
777631,9.841973859032798,8
777660,9.223081214659741,29
777682,9.526849772742171,22
777688,9.902668371685742,6
777717,9.408860395994788,29
777747,9.203540168185468,30
777764,9.5457571472745,17
777776,9.750769148915163,12
777793,9.645449006065258,17
777822,9.21380256065906,29
777833,9.790707165042663,11
777935,7.7130590936888055,102
777938,9.962303434050828,3
777946,9.776672056934547,8
778042,8.08998013626916,96
778069,9.414799966517911,27
778080,9.761111468689021,11
778115,8.238339499721196,35
778117,9.982583258485642,2
778617,-60.68796863258968,500
778637,9.568959552479669,20
778642,9.914868338465137,5
778654,9.747806453844682,12
778657,9.858554643819453,3
778675,9.627863430625313,18
778783,6.291210188563697,108
778801,9.60371666660882,18
778824,9.242949138449774,23
778829,9.910249039638975,5
778830,10.0,1
778840,9.782806691617589,10
778850,9.815605598901737,10
778864,9.697425057609651,14
778878,9.73666283794895,14
778892,9.58338758873075,14
778896,9.92735849549337,4
778921,9.41964788244822,25
778938,9.584294954376787,17
778940,9.98581436364302,2
778950,9.777024612206201,10
778961,9.74899107387025,11
778967,9.914930509077179,6
778994,9.339101013750234,27
779010,9.312170074719683,16
779025,9.684670190208507,15
779045,9.596646833215754,20
779050,9.915834513976836,5
779059,9.853287268595532,9
779068,9.820663793543028,9
779077,9.8290430984088,9
779090,9.749053634069199,13
779161,7.985393969691659,71
779164,9.952728497840269,3
779200,9.354788618882615,36
779373,6.556219855316664,173
779374,10.0,1
779375,10.0,1
779875,-11.98513029278573,500
779900,9.424451706463863,25
779901,10.0,1
779913,9.744440259011999,12
779921,9.864872191056383,8
780421,-12.59522977048964,500
780436,9.731601534421685,15
780454,9.266607098142662,18
780476,9.582057939554447,22
780485,9.805231988745259,9
780491,9.895759450092097,6
780499,9.728241219714397,8
780515,9.650664856338166,16
780516,10.0,1
780517,10.0,1
780523,9.886996682514425,6
780539,9.675429733947842,16
780540,9.986552046845652,1
780558,9.597194249649734,18
780559,10.0,1
780695,7.089272743003587,136
780703,9.855849407685895,8
780721,9.599323775641107,18
780735,9.69608230802915,14
780758,9.568958302848511,23
780763,9.921633872390151,5
780771,9.843782714250375,8
780798,9.395619719500253,27
780802,9.941567267427285,4
780807,9.913209622119496,5
780825,9.591369366622912,18
780828,9.97104264156738,3
780863,9.255374861019487,35
781363,-12.072756082624268,500
781371,9.835038114384274,8
781384,9.736789361199925,13
781408,9.479261646545583,24
781416,9.822635509493235,8
781421,9.920565336528856,5
781438,9.640555159293758,17
781452,9.697909853109728,14
781464,9.73050626440058,12
781964,-13.714125110585769,500
781965,10.0,1
781974,9.840832677735284,9
781989,9.655551062531826,15
782489,-11.26492712246721,500
782498,9.830473997800006,9
782505,9.88964929357676,7
782510,9.902005773111018,5
782603,7.9296980074945225,93
782634,9.188048084497943,31
782635,10.0,1
782641,9.91348460309979,6
782685,9.20132143195294,44
782692,9.888632098558437,7
782726,9.187213300062883,34
782737,9.802062867563924,11
782742,9.913603086541363,5
782779,8.74928281676996,37
782787,9.851457482833247,8
782789,9.98557998255637,2
782790,10.0,1
782801,9.794128666338835,11
782823,9.544873784680641,22
782832,9.819025952621733,9
782843,9.732466167765855,11
782844,10.0,1
782967,7.920616495439007,123
782975,9.85312140752697,8
782990,9.690636647665116,15
782994,9.956520120541795,4
783007,9.744617086163089,13
783031,9.595185998343595,24
783039,9.84520117734868,8
783059,9.47339901274543,20
783251,4.34473330005686,192
783260,9.818626298641853,9
783285,9.528564342247835,25
783303,9.663430324820894,18
783307,9.937663278885134,4
783308,9.993500156945899,1
783309,10.0,1
783337,9.388530657856698,28
783338,10.0,1
783339,10.0,1
783350,9.750489639132574,11
783355,9.901954519896119,5
783368,9.713539895856941,13
783384,9.687530490842086,16
783396,9.765029078799968,12
783400,9.938229929799288,4
783566,0.772482246134123,166
783570,9.94367203997777,4
783582,9.76185507981992,12
783591,9.810645166670827,9
783598,9.687964420695359,7
783605,9.879658894981334,7
783618,9.709095791161257,13
783624,9.782607239318539,6
783639,9.678390557524338,15
783654,9.499707890369093,15
784154,-12.229061708193797,500
784173,9.608382105175423,19
784219,8.840563968297491,46
784239,9.641015192038278,20
784246,9.863835801035565,7
784261,9.735123624763276,15
784267,9.905865654890526,6
784275,9.843522074390664,8
784287,9.760317304045838,12
784302,9.586329194031661,15
784352,9.083796238742519,50
784379,9.498959860456694,27
784380,10.0,1
784389,9.826579507264091,9
784391,9.976988622684985,2
784402,9.773347692010402,11
784416,9.746101329509633,14
784422,9.905773825266312,6
784434,9.76475796412919,12
784452,9.338931055511274,18
784453,9.991944854492123,1
784464,9.745314851312461,11
784482,9.639422465183317,18
784491,9.850364761791525,9
784495,9.931622113737644,4
784500,9.924806534661942,5
784522,9.505550743175913,22
784549,9.320975789193456,27
784568,9.644009548978353,19
784584,9.649580512136405,16
784590,9.905015124084139,6
784604,9.714189787536265,14
784624,9.51149130339182,20
784628,9.928889015248497,4
784631,9.956517259076529,3
784636,9.907680723686397,5
784642,9.89627768054644,6
784751,7.333766719644733,109
784758,9.85741447998777,7
784759,10.0,1
784777,9.648380151888288,18
784803,9.356141872754788,26
784818,9.715374151103694,15
784836,9.584020306237505,18
784861,9.432224706424927,25
784862,9.99644590681371,1
784874,9.755713858034207,12
784875,10.0,1
784888,9.700845907174989,13
784890,9.978461140627756,2
784948,8.815009196802936,58
784961,9.699260542456011,13
784983,9.4968589587471,22
785009,9.437127959761503,26
785027,9.595533161840585,18
785080,8.556657492653386,53
785096,9.705203681502978,16
785111,9.682204432189993,15
785121,9.772126179998908,10
785144,8.919358021634107,23
785152,9.830870753700285,8
785157,9.909908025356689,5
785167,9.795960175654065,10
785173,9.898202185037313,6
785195,9.588430381487345,22
785196,9.99639678065718,1
785203,9.859981605205707,7
785215,9.736237231857212,12
785217,9.977355846562913,2
785563,-0.31438870242024564,346
785570,9.866976241637206,7
785582,9.743342119893745,12
785595,9.707200305969419,13
785609,9.391790221505982,14
785617,9.863336998523492,8
785624,9.865388494351063,7
785638,9.662817957794285,14
785644,9.894528303450144,6
785655,9.769362727705065,11
785656,10.0,1
785688,9.40583745088732,32
785692,9.944087280327174,4
785711,8.64410741245128,19
785734,9.592398559990327,23
785739,9.92121035747184,5
785754,9.680722234556892,15
785774,8.9520723381988,20
785785,9.675861173969064,11
785906,7.842281760090391,121
785915,9.797212283412604,9
785916,10.0,1
785922,9.881058862031018,6
785923,10.0,1
785934,9.776550248510198,11
785947,9.711424674492735,13
785958,9.573092194387456,11
785969,9.757678856913023,11
785976,9.861991890895162,7
785984,9.8403481576971,8
786011,9.439454514119365,27
786022,9.505190841832947,11
786024,9.975841008009475,2
786027,9.968357458990754,3
786028,10.0,1
786040,9.735977042819792,12
786050,9.77955028614902,10
786062,9.717910116895375,12
786078,9.516015996204038,16
786089,9.755873808647413,11
786090,10.0,1
786170,8.402611407102622,80
786229,8.873617432244936,59
786240,9.760526412845547,11
786740,-11.626462289357217,500
786741,10.0,1
786758,9.60623056046295,17
786765,9.854217658960984,7
786791,9.408169358557055,26
786806,9.675641915170448,15
786979,5.712503398493592,173
787007,9.307427951101056,28
787023,9.181333137163087,16
787024,10.0,1
787033,9.82858229951356,9
787041,9.85424694062522,8
787042,9.996384065300537,1
787092,8.884738201020685,50
787112,9.562695784570494,20
787131,9.540339713577398,19
787139,9.835605484811394,8
787149,9.80857357497374,10
787163,9.681152258411755,14
787170,9.88964135776497,7
787196,9.443345205894236,26
787207,9.763668953844643,11
787255,9.13521634261558,48
787276,9.592677024411799,21
787294,9.611162681509871,18
787310,9.654781001481236,16
787320,9.803160203916557,10
787330,9.796963985505116,10
787337,9.872617850147698,7
787347,9.807092732420305,10
787384,9.17257846436329,37
787392,9.863351053813043,8
787407,9.703670199157283,15
787416,9.818079010785638,9
787428,8.657470611472585,12
787437,9.856798784355979,9
787453,9.69772506064558,16
787506,8.931848836241958,53
787516,9.774960684569875,10
787531,9.703129967195588,15
787538,9.8809340881348,7
787543,9.893231053817594,5
787559,9.662437734781225,16
787571,9.719052347330036,12
787583,9.79148094645216,12
787615,9.387378310558573,32
787628,9.742222950121656,13
787629,10.0,1
787641,9.35339036037829,12
787656,9.705320099771361,15
787664,9.852430960744325,8
787682,9.611256011568099,18
787683,10.0,1
787703,8.928339673042693,20
787717,9.773494640567455,14
787730,9.687168074519558,13
787742,9.765742325234578,12
787775,9.354203402077935,33
787781,9.911383820752915,6
787799,9.684857467928254,18
787805,9.895456778211447,6
787815,9.759533872932735,10
787828,9.738442185847953,13
787857,9.410002772779457,29
787874,9.684484711989407,17
787889,9.699446342192232,15
787906,9.295280695296023,17
788406,-14.229244339816546,500
788440,9.268236987702922,34
788454,8.029296277976307,14
788455,10.0,1
788468,9.730638628099296,13
788487,9.59190019163285,19
788503,9.624341435501254,16
788519,9.667502981930616,16
788757,4.126200065741289,238
788780,9.584388509236339,23
788835,6.639529562317062,55
788846,9.742485896071733,11
788862,9.719055980147909,16
788864,9.977039050957677,2
788893,9.474621163583382,29
788917,9.186560148149137,24
788934,9.67670297899098,17
788942,9.854004769333319,8
788954,9.762384022368598,12
789140,5.426303162455217,186
789173,9.381506088794966,33
789185,9.758772522938925,12
789192,9.884025793332219,7
789193,10.0,1
789194,9.992768946865898,1
789205,9.735110508655383,11
789219,9.72649620508316,14
789232,9.661578816583363,13
789277,8.931647805121262,45
789331,8.808542110785577,54
789379,8.928041629458656,48
789389,9.819026558318493,10
789412,9.564543419376854,23
789413,10.0,1
789445,9.33141919371656,32
789460,9.667565468758132,15
789475,9.708914465099078,15
789485,9.805289553000353,10
789503,9.687942671885883,18
789506,9.962883586778867,3
789522,9.662442537291462,16
789531,9.838456479439946,9
789534,9.966377735651058,3
789535,9.991602208890557,1
789548,9.749227651517446,13
789553,9.902743469898581,5
789599,9.077219270928364,46
789621,9.540315352446012,22
789638,9.661914207941347,17
789671,9.17722775853649,33
789681,9.823609661939638,10
789692,9.777959309934634,11
789701,9.801453874537199,9
789780,8.042761346347872,79
789799,9.562065157861156,19
789809,9.822622052330964,10
789827,9.640092089436925,18
789843,9.708588072679971,16
789865,9.497258427987305,22
789875,9.774924782981829,10
789894,9.538545482586516,19
789897,9.948081629643108,3
789977,8.380484983904365,80
790002,9.570119391767873,25
790006,9.949736135025331,4
790014,9.859931207196924,8
790019,9.897071759725144,5
790039,9.689617623833232,20
790235,6.038887018433158,196
790263,9.317107893808343,28
790321,8.914257801393115,58
790331,9.843917155161757,10
790520,5.591235356037571,189
790642,-22.218139671315676,122
790661,9.688941406680554,19
790690,8.96303812733547,29
790715,9.434384245965935,25
790746,9.327366269294627,31
790763,9.188511164217337,17
790771,9.833793320012926,8
790791,9.400637552402328,20
790804,9.72573464928604,13
790820,9.057486256115494,16
790834,9.728731657631666,14
790843,9.793846238039633,9
790844,10.0,1
790922,8.297946935836825,78
790948,9.106810735364085,26
790952,9.948122951243183,4
790964,9.723859677864438,12
790978,9.731578696508459,14
790982,9.948862864764587,4
791004,9.462943877013975,22
791015,9.771411421113847,11
791028,9.701202765992686,13
791041,9.720916773648826,13
791048,9.85281651624432,7
791058,9.790696191778684,10
791068,9.800069752843218,10
791436,3.0525981407168477,368
791440,9.933697133075121,4
791453,9.708224890779949,13
791953,-11.631316143511453,500
792053,7.457849821900185,100
792062,9.832157984919697,9
792085,9.519613865421585,23
792086,10.0,1
792192,7.738519696088408,106
792193,10.0,1
792217,9.484128060761925,24
792237,9.54997044098419,20
792243,9.913814155088211,6
792257,9.683370386390237,14
792268,9.78646345147057,11
792269,10.0,1
792769,-10.334558178990344,500
793269,-10.939786714829898,500
793280,9.755122729471438,11
793288,9.841991071077043,8
793398,7.840896207424606,110
793411,9.765010893801561,13
793412,9.99336431762385,1
793503,8.345085488250312,91
793505,9.977117911415373,2
793514,9.829871007029384,9
793524,9.811083359675282,10
793558,9.234478982217613,34
793575,9.615113317005243,17
793588,9.72759620828126,13
793631,9.138354969212447,43
793644,9.705312464686365,13
793654,9.799864125042415,10
793663,9.804607888671063,9
793674,9.792702679835584,11
793712,9.266023630254868,38
793720,9.866067309140666,8
793743,9.539952592403802,23
793766,9.5313641884511,23
793827,8.5137109181079,61
793874,8.904037951458427,47
793881,9.88650997158891,7
793907,9.547035811814691,26
793912,9.911208726416895,5
793914,9.972295325185454,2
793932,9.71270180242884,18
793937,9.911266171172697,5
793951,9.655619720791751,14
793958,9.874935943721727,7
794003,4.775996097126912,45
794015,9.72310215555607,12
794043,9.368742006403995,28
794071,8.82029261971682,28
794087,9.65908173847614,16
794096,9.801617428819904,9
794100,9.944528885111673,4
794131,9.408558479031173,31
794148,9.62469305625703,17
794149,9.992797134263986,1
794171,9.558542318560711,22
794180,9.80056542917948,9
794286,6.944482858887925,106
794341,8.702389248225225,55
794353,9.737564058003475,12
794361,9.820092581173762,8
794364,9.964718541143634,3
794409,8.97340311870802,45
794428,9.376027124571866,19
794440,9.729284151337374,12
794451,9.756268583486662,11
794469,9.265065778738055,18
794470,10.0,1
794970,-11.671699454369202,500
794986,9.649479960081166,16
795002,9.601741070505573,16
795052,7.997165439574202,50
795067,9.657168258244287,15
795094,9.252812252298282,27
795095,10.0,1
795116,9.536260422617044,21
795158,9.222401039262609,42
795183,9.406767898065233,25
795202,9.40566375993939,19
795218,9.676118455352915,16
795227,9.796245696831464,9
795228,10.0,1
795239,9.827561334226845,11
795264,9.518723340116958,25
795272,9.83843265448076,8
795288,9.625589422907096,16
795334,8.705499064499383,46
795371,9.12157266725373,37
795382,9.808431353886666,11
795383,9.989201221642938,1
795386,9.958289553778602,3
795394,9.846208220621255,8
795409,9.72860073789538,15
795427,9.559451814481772,18
795428,10.0,1
795551,4.720281900400683,123
795572,9.53872687100816,21
795583,9.7937308539663,11
795603,9.582766621568988,20
795618,8.764834929806058,15
795653,9.143825355825307,35
795654,10.0,1
795666,9.657784970656708,12
795670,9.930323880213946,4
795678,9.84274668065705,8
795729,8.98981432596979,51
795736,9.89595172084178,7
795748,9.7237246657825,12
795769,9.61198777712342,21
795786,9.651358737354178,17
795795,9.836408754430462,9
795885,7.950568165242174,90
795900,9.684984660340593,15
795917,9.60119412898401,17
795964,4.249183479920566,47
796121,6.918621186642818,157
796124,9.96412737291859,3
796140,9.661658424005926,16
796142,9.985580547137891,2
796143,10.0,1
796155,9.762161665130197,12
796173,9.60882358746774,18
796179,9.887367541451853,6
796195,9.695459386606707,16
796198,9.967898181214558,3
796210,9.792595669991641,12
796223,9.745198315057296,13
796228,9.905991009418173,5
796243,9.674334295223334,15
796258,9.645581179964827,15
796269,9.769019417316834,11
796278,9.822291552352578,9
796287,9.847588619337671,9
796299,9.781288670187545,12
796300,9.993428998288584,1
796326,9.407641991088072,26
796347,9.542140102309551,21
796356,9.825645937227144,9
796360,9.94265575348817,4
796361,10.0,1
796379,9.652923755424514,18
796456,8.443774125695537,77
796490,9.380940233745777,34
796492,9.982904105903879,2
796745,4.221277026600054,253
796754,9.844974010273777,9
796772,9.573300562873694,18
796781,9.821380129519953,9
796793,9.7678449679324,12
796804,9.774769157758916,11
796829,9.598222385919588,25
796837,9.87486313063252,8
796838,10.0,1
796841,9.96089643664962,3
796860,9.597764749462625,19
796865,9.930080984811134,5
796877,9.744495681624885,12
796882,9.924672560085284,5
796883,10.0,1
796900,9.64269626196761,17
796901,10.0,1
796973,7.857684473806528,72
796982,9.816508151901147,9
796985,9.947416088560024,3
796989,9.925052357722551,4
797045,8.806751555101867,56
797056,9.809531157456535,11
797063,9.88302632970559,7
797067,9.951050244428714,4
797080,9.744096833307575,13
797136,8.847201640182206,56
797140,9.938721060362893,4
797166,9.475582444222614,26
797309,6.405018064082361,143
797355,8.255932686224366,46
797371,9.669016368967275,16
797381,9.793275259926455,10
797382,10.0,1
797394,9.752617270271283,12
797416,9.507420127728436,22
797424,9.865664877947031,8
797586,7.046085341500868,162
797607,8.893333145432095,21
797637,9.2147259514737,30
798137,-12.372661235233185,500
798146,9.832159929630581,9
798159,9.708652095785435,13
798182,9.544878473333627,23
798219,9.192901820805396,37
798234,9.6922714308813,15
798269,9.196825704831515,35
798270,9.988802268707353,1
798295,9.026993552696677,25
798307,9.74117945117185,12
798310,9.95560784220045,3
798328,9.569521453974026,18
798341,9.703476746081982,13
798349,9.852592035947866,8
798362,9.46973560352696,13
798410,8.31214775526534,48
798411,10.0,1
798413,9.973976808968175,2
798414,9.989644629269904,1
798423,9.718973420024264,9
798429,9.89118166850327,6
798453,9.36522616069748,24
798457,9.932616287665693,4
798580,6.6728417310624675,123
798614,8.93125953916052,34
798644,9.254396898972974,30
798678,9.217195709767092,34
798709,9.127970993854253,31
798717,9.847087294007023,8
798728,9.780223164053865,11
798737,9.816351474270029,9
798753,9.648518233603111,16
798763,9.78784369594163,10
798772,9.835310042056802,9
798778,9.90720431494465,6
798779,10.0,1
798835,8.73681635571737,56
798848,9.714888919291313,13
798858,9.810869245580745,10
798875,9.574575023806064,17
798895,9.551912379422152,20
798917,9.520943810351646,22
798935,9.698911441723652,18
798947,9.289763390988215,12
798961,9.646975039476386,14
798965,9.93781870556258,4
798979,9.731268584286118,14
798991,9.78542449776021,12
799003,9.783258341173571,12
799007,9.942135172496451,4
799020,9.70199887981886,13
799031,9.803935617745696,11
799032,10.0,1
799042,9.661188856850874,10
799063,9.510261023796893,21
799072,9.841174069011851,9
799075,9.962163228503103,3
799087,9.73964391760925,12
799088,9.991703259262763,1
799100,9.555697892041266,12
799115,9.72969607724728,15
799615,-10.807302058098234,500
799624,9.81273004307325,9
799634,9.770085887085688,10
799650,9.610565206483022,16
799655,9.926198209910517,5
799658,9.956906688990493,3
799680,9.48864556178076,22
799687,9.888434351169549,7
799694,9.896050156897484,7
799711,9.592677382170391,17
799712,10.0,1
799721,9.803853551073063,9
799724,9.953353789252924,3
799733,9.835515707910352,9
799749,9.509244334130807,16
799773,9.528890577112929,24
799779,9.898970552861215,6
799780,10.0,1
799807,9.48671737607769,27
799841,8.97152625336377,34
799865,9.459490938376216,24
799894,9.410210960141463,29
799914,9.59912904537175,20
799929,9.657101781996557,15
799938,9.829703726185176,9
799952,9.495394304332269,14
799991,9.2482555916683,39
799994,9.962747398274761,3
800006,9.73281529146697,12
800007,9.992511054878262,1
800023,9.631067395533538,16
800058,8.983165268922885,35
800059,10.0,1
800071,9.733017961205142,12
800075,9.940113030456192,4
800092,9.699456545021114,17
800104,9.556620002453114,12
800105,10.0,1
800605,-10.343123768410125,500
800609,9.935907711466207,4
800631,9.155945216761898,22
800725,7.754709383594065,94
800736,9.717874201153041,11
800744,9.877592697370508,8
800755,9.780931930626222,11
800774,9.346978918085929,19
800791,8.933670649822819,17
800797,9.902603160480298,6
800813,9.649499678792019,16
800829,9.643036969671835,16
800877,9.145728244115942,48
800887,9.806157176234178,10
800904,9.292130136442687,17
800926,9.569622840277502,22
800943,9.619742255398517,17
800953,9.772556611658903,10
800954,10.0,1
800966,9.72436011952043,12
800986,9.495050307997058,20
801004,9.668525828632916,18
801030,9.399182014707062,26
801082,8.783910575489017,52
801091,9.843488134809895,9
801092,10.0,1
801107,9.736496453533737,15
801108,10.0,1
801109,10.0,1
801113,9.930198710501301,4
801116,9.954725423187265,3
801129,9.708663535453079,13
801133,9.939684443812936,4
801141,9.84835732366788,8
801163,9.525273903575718,22
801207,9.17075782634566,44
801422,5.0279041130714,215
801431,9.831402497272855,9
801437,9.913151494782396,6
801449,9.747240156802583,12
801481,9.430861411619546,32
801489,9.844866569872353,8
801490,9.989586617830655,1
801497,9.87063004098635,7
801509,9.78960402240244,12
801765,4.800044994883682,256
801768,9.955680211510709,3
802268,-12.777928883912063,500
802283,9.665333696403755,15
802294,9.272716997013472,11
802300,9.896446441799524,6
802310,9.828065588720438,10
802325,9.639998913119289,15
802326,10.0,1
802330,9.952979282898829,4
802333,9.956418936196801,3
802510,-40.479451946630626,177
802516,9.892281727804045,6
802526,9.792812749512624,10
802536,9.802032869334475,10
802547,9.790058616005824,11
802563,9.72090447688358,16
802571,9.828534253217903,8
802572,9.989137793258136,1
802587,9.693243559726042,15
802605,9.596908842288336,18
802616,9.775259939096141,11
802675,8.348634432343554,59
802691,9.657902770844508,16
802702,9.765586681024013,11
802707,9.90896051545627,5
802776,8.106877310918176,69
802779,9.854248749664427,3
802790,9.753688456097287,11
802804,9.212716690504118,14
802809,9.916228205564128,5
802811,9.975711713344586,2
802818,9.857954982025328,7
802832,9.680042832012827,14
802847,9.615217562045613,15
802866,9.535636701032143,19
802867,10.0,1
802886,9.342332734464481,19
802913,9.41579101273835,27
802940,9.44602767557175,27
802949,9.788078663770763,9
802964,9.658804521071723,15
802983,9.596791001823675,19
802984,10.0,1
802985,10.0,1
802993,9.828257119714648,8
803493,-13.36473661772326,500
803531,9.106527312405047,38
803541,9.814344332971052,10
803550,9.857671119099605,9
803560,9.8098352448445,10
803564,9.934731409403964,4
803590,9.516036634278686,26
803593,9.956519171005011,3
803594,10.0,1
803649,9.043027458571215,55
803659,9.81424889862655,10
803672,9.717251815699298,13
804172,-11.742214223717387,500
804197,9.360221578976532,25
804200,9.958839504405137,3
804205,9.91723821370319,5
804216,9.780869367506275,11
804234,9.585666838617078,18
804254,9.6274400847362,20
804262,9.85479252441322,8
804263,10.0,1
804267,9.93941698759256,4
804274,9.876897732761572,7
804292,9.598346694779575,18
804303,9.791282592800682,11
804320,9.545592958565988,17
804323,9.96689428022872,3
804346,9.568711738125764,23
804350,9.942941137378197,4
804385,9.1932647188822,35
804386,10.0,1
804393,9.879148690762682,7
804406,9.736255582381801,13
804423,9.587577333647278,17
804424,10.0,1
804455,7.038665119367175,31
804462,9.872931411379195,7
804468,9.898663823332157,6
804734,3.314015954228563,266
804742,9.842640438540965,8
804770,9.33886257340605,28
804778,9.843211468087851,8
804798,9.65352541021002,20
804813,9.666701589301093,15
804826,9.697755581812983,13
804842,9.652844219124605,16
804843,10.0,1
804844,10.0,1
804865,9.580510247301058,21
804893,9.403153798776902,28
804962,7.873339651373767,69
804978,9.664780759955255,16
804988,9.776143764378011,10
805023,9.108277959178302,35
805053,9.421844203050778,30
805063,9.806841612861012,10
805087,9.553430248665551,24
805093,9.902027326495986,6
805119,9.470087689663469,26
805138,9.622208529512664,19
805148,9.809402593653955,10
805166,9.658145600626087,18
805180,9.73492675952132,14
805197,9.648854863729929,17
805198,10.0,1
805222,9.504065573918409,24
805236,9.761160858787473,14
805464,4.079972586171816,228
805477,9.730011639166923,13
805491,9.691097532833028,14
805498,9.86809697357367,7
805518,9.51206073811831,20
805529,9.763061570912008,11
805547,9.68254859632531,18
805548,10.0,1
805554,9.904879746048124,6
805558,9.946966773471845,4
805724,4.733600050168324,166
805736,9.758674475093628,12
805750,9.704636487876556,14
805798,9.103597456234043,48
805800,9.983008879520801,2
805801,10.0,1
805808,9.8606989339634,7
805839,7.9917198777106115,31
805843,9.940613343028733,4
805849,9.902846745308388,6
805861,9.580583005653725,12
805876,9.67910590049975,15
805881,9.935675357752926,5
805900,9.57610650579446,19
805904,9.959388718227371,4
805933,9.357981703385764,29
805954,9.1660265592477,21
805973,9.53499947788919,19
806000,9.159046190570656,27
806001,10.0,1
806022,9.59236243675886,21
806034,9.785628630792383,12
806043,9.842600462712486,9
806184,6.645411907607967,141
806193,9.81838379240516,9
806198,9.937257702196636,5
806245,9.147365969770256,47
806256,9.803379105726668,11
806267,9.76320002769868,11
806275,9.86288042716494,8
806322,9.078514826731901,47
806323,10.0,1
806333,9.80850692296282,10
806352,9.625953432653674,19
806360,9.616870472149543,8
806374,9.68917213711609,14
806383,9.804788701600062,9
806389,9.888866955892428,6
806397,9.853316277326941,8
806417,9.599165956398545,20
806432,9.551987977623778,15
806449,9.582389490450394,17
806464,9.737294661293204,15
806490,9.519166956558085,26
806511,9.598390665388518,21
806565,8.869275832739005,54
806577,9.726154604981474,12
806606,9.015010065832126,29
806632,9.260849440090283,26
806639,9.86027563073399,7
806640,10.0,1
806650,9.779838517096064,10
806660,9.788089708224376,10
806670,9.830359234772565,10
806680,9.516922172556878,10
806691,9.750345822356401,11
806698,9.850088474598055,7
806699,10.0,1
806744,9.001942961164257,45
806745,9.996011682038427,1
806863,-0.5591066813017349,118
806870,9.872470921130066,7
806885,9.659974465129201,15
806905,9.551639734403635,20
806917,9.709251057855145,12
806939,9.543801339197042,22
806954,9.616172183812896,15
806969,9.642784179715294,15
807376,1.1193242829133112,407
807382,9.914388072026068,6
807395,9.71593137522836,13
807404,9.855556266128707,9
807409,9.91140308249937,5
807417,9.82000144758592,8
807427,9.819300038756346,10
807442,9.669960525687019,15
807443,10.0,1
807453,9.804091374706639,10
807456,9.952007862890987,3
807468,9.74204914843196,12
807477,9.852690614875538,9
807482,9.915025627859762,5
807497,9.665653563745046,15
807500,9.957892385957908,3
807505,9.914384873010862,5
807514,9.839911734344165,9
807529,9.521680125331251,15
807549,9.519495246357984,20
807554,9.915104945160449,5
808054,-10.432086438519274,500
808060,9.885436911019443,6
808064,9.932926731736803,4
808075,9.8062455346312,11
808083,9.863637579195084,8
808089,9.905616440981355,6
808097,9.841265580940927,8
808103,9.884978052460376,6
808126,9.512055292515619,23
808132,9.884687844975167,6
808139,9.862179348610159,7
808166,9.361134752773003,27
808174,9.830833144344918,8
808180,9.397265123912497,6
808200,9.572690355680974,20
808236,9.177721714994888,36
808249,9.63922251027552,13
808339,4.847160862023295,90
808369,9.362194653311192,30
808421,9.04391237394024,52
808442,9.520275183232988,21
808534,7.6671864518036195,92
808541,9.86675688470092,7
808554,9.717164192895886,13
808565,9.796737240452295,11
808567,9.985001856451861,2
808582,9.685253035291076,15
808629,7.789701710785774,47
808645,9.257940898489043,16
808661,9.632662455404827,16
808666,9.917456713693396,5
808670,9.941855391065342,4
808683,9.620152770417045,13
808695,9.804628607119684,12
808708,9.716409935600586,13
808717,9.812356323132668,9
808756,9.015196545020572,39
808773,9.5655404203551,17
808796,9.549289973472193,23
808803,9.873945082611316,7
808815,9.28066725708676,12
808844,9.3443842836039,29
808853,9.816527396695658,9
808929,-19.676212729310286,76
808932,9.955824346407274,3
808946,9.695047293286864,14
808981,9.246439967440804,35
808988,9.860591547140325,7
808995,9.876758962908223,7
809012,9.606861960006917,17
809031,9.595584326014281,19
809050,9.538875949510262,19
809062,9.779169392977279,12
809072,9.834536446969969,10
809079,9.896291768170242,7
809084,9.919365858793554,5
809088,9.943415942890017,4
809113,9.541229586427253,25
809148,8.62805528332141,35
809159,9.731115303245138,11
809176,9.609897542004564,17
809185,9.783788452101694,9
809193,9.868463922442283,8
809204,9.755032777392831,11
809208,9.938535045885924,4
809228,9.377287337222064,20
809232,9.953214174163195,4
809245,9.328682054683368,13
809274,9.340907460246923,29
809275,10.0,1
809277,9.985728753837153,2
809287,9.794125518587492,10
809304,9.640587466343895,17
809715,-24.33782893107555,411
809732,9.40216388651725,17
809757,9.485206928507068,25
809758,10.0,1
809936,6.3325168281591875,178
809947,9.779881294543285,11
809967,9.46273269689253,20
809977,9.804276552585833,10
810013,8.791356294210058,36
810030,9.32424736234838,17
810035,9.924010742040016,5
810049,9.677863675896942,14
810056,9.870322251696752,7
810099,8.753329644937939,43
810114,9.683414635612042,15
810125,9.75108409462395,11
810145,9.499653311277791,20
810180,9.197376958516026,35
810206,9.46241497560001,26
810209,9.956429141240386,3
810225,9.64637101624651,16
810288,8.56341271005968,63
810305,9.577088424953187,17
810314,9.807714770093355,9
810322,9.844539264845313,8
810603,3.370273050352089,281
810608,9.91806907246033,5
810616,9.849051076672875,8
810621,9.910042919899897,5
810659,8.785357217879959,38
810666,9.858547582720378,7
810690,9.479293514550692,24
810707,9.492327611018524,17
810709,9.975773639739787,2
810889,6.619571174064715,180
810895,9.91164075235186,6
811012,-5.0302803148349025,117
811013,10.0,1
811158,7.272984941126538,145
811167,9.835338996851629,9
811667,-10.734699501094523,500
811675,9.857828388236312,8
811692,9.65386159893513,17
811702,9.78819253743846,10
811716,9.72226390598453,14
811752,9.24848897693814,36
811760,9.864319436682287,8
811792,9.082736317326304,32
811794,9.974493932408498,2
811805,9.769737284621012,11
811810,9.924051813042837,5
811830,9.40422643303785,20
811837,9.867619988142414,7
811842,9.920889125986454,5
811845,9.967910028542706,3
811851,9.897820961679683,6
811876,9.494069321509814,25
811888,9.726016880601776,12
811973,8.333156030621337,85
812047,7.818081526108399,74
812061,9.727349026891117,14
812071,9.83326934492078,10
812086,9.667239898365075,15
812093,9.896342353276685,7
812108,9.71100815211026,15
812608,-10.549060180804462,500
812619,9.783272654838033,11
812626,9.874543517394647,7
812642,9.372499636020516,16
812649,9.869722553613032,7
812651,9.978951535263096,2
812652,10.0,1
812664,9.735840511737225,12
812677,9.644005790428002,13
812691,9.700660971547077,14
812698,9.888446320166663,7
812707,9.81419156808792,9
812717,9.779038366497925,10
812750,9.248977165074152,33
813250,-10.939869653869025,500
813252,9.975883606732637,2
813253,10.0,1
813267,9.716226088128787,14
813275,9.838797383081149,8
813302,8.928039773817975,27
813326,9.510920880592646,24
813327,10.0,1
813337,9.762894177417152,10
813349,9.71868112779731,12
813369,9.545596099312483,20
813372,9.95920198974127,3
813373,10.0,1
813379,9.901748132363998,6
813392,9.709978098811973,13
813393,10.0,1
813395,9.983896942069478,2
813406,9.736695004009377,11
813407,10.0,1
813437,6.501781444856491,30
813446,9.8264960589247,9
813460,9.70620276324913,14
813488,9.207345463320493,28
813489,10.0,1
813493,9.924302819845485,4
813497,9.934980354254867,4
813513,9.628947736265816,16
813536,9.183875387325394,23
813569,9.045510491600513,33
813756,3.310510573240057,187
813770,9.698959001891724,14
813778,9.857948229673552,8
813786,9.848193028847199,8
813791,9.927464000279198,5
813844,8.929693332549313,53
813852,9.832516370385486,8
813863,9.649096721398106,11
813875,9.770570201741823,12
813889,9.759316513420542,14
813899,9.799670447791177,10
813923,9.466213464292824,24
813924,10.0,1
813933,9.802415542801768,9
813944,9.75763182162503,11
813950,9.888015056075414,6
813983,9.326623417085093,33
813995,9.729935681973092,12
814013,7.744255575698213,18
814016,9.951076161709162,3
814017,10.0,1
814033,9.701805468916719,16
814036,9.962116945360984,3
814038,9.979509702312425,2
814051,9.6952895007263,13
814074,9.571137824456379,23
814093,9.652631360483397,19
814096,9.961163037938032,3
814100,9.93128622883077,4
814113,9.394872527639075,13
814123,9.811100645988267,10
814198,7.6314561317262,75
814205,9.889585240761537,7
814216,9.796411842926599,11
814237,9.54462216923944,21
814238,10.0,1
814294,8.931400134554446,56
814338,9.054793272730247,44
814364,9.44217294490189,26
814396,8.936498145677833,32
814409,9.71672810272048,13
814429,9.470897392765831,20
814449,9.549721050415931,20
814459,9.69704426255902,10
814466,9.886037661231008,7
814482,9.674535789816204,16
814504,9.496185540952823,22
814523,9.590463227140448,19
814525,9.976047666436905,2
814557,9.380876937334556,32
814571,9.588824373621604,14
814589,9.581770716830551,18
814607,9.390837845270399,18
815107,-11.6074014472069,500
815173,8.525003225405374,66
815196,9.46276755477707,23
815209,9.782993008242792,13
815225,9.351302228954962,16
815725,-10.165548369983469,500
815756,9.227793975406687,31
815768,9.751539176085041,12
815770,9.981161661630916,2
815771,10.0,1
815782,9.789635406467589,11
815798,9.712259679512007,16
815803,9.913405714614376,5
815804,10.0,1
815819,9.669161720446082,15
815820,10.0,1
815833,9.743197580359608,13
816007,6.311976810880717,174
816020,9.767254692667004,13
816027,9.863011362089738,7
816034,9.884907989255572,7
816036,9.978663683085191,2
816052,9.69787772375361,16
816056,9.934153805748345,4
816071,9.635561695379067,15
816083,9.725560183011252,12
816090,9.883049594898829,7
816133,-1.6071791452820463,43
816134,10.0,1
816547,-1.1472212245367857,413
816553,9.908813428010987,6
816558,9.903556892162616,5
816559,10.0,1
816560,9.996544201607332,1
816586,9.471386366007332,26
816600,9.744158878055563,14
816606,9.794629422228153,6
816620,9.651051369592722,14
816621,10.0,1
816633,9.738264715601538,12
816649,9.717934505398286,16
816948,3.162550079510962,299
816966,9.559244111969313,18
816967,9.996361573686643,1
816995,9.439014310209728,28
817012,9.487869020161947,17
817013,10.0,1
817017,9.945973160346814,4
817049,9.136908718188753,32
817067,9.585404115480573,18
817084,9.404142605473275,17
817119,9.157325110731417,35
817122,9.963193480901273,3
817123,10.0,1
817168,8.917848109779715,45
817176,9.635560669812293,8
817233,8.54514144837722,57
817246,9.746674977008386,13
817746,-10.833143690819488,500
817770,7.8353002446651585,24
817806,8.855848984997712,36
817811,9.928179554351502,5
817853,9.254194855368086,42
817854,10.0,1
817870,9.684880608413954,16
817885,9.725741649808706,15
817891,9.89667749087556,6
817929,9.033834978640105,38
817945,9.648486712234858,16
817994,9.034183698766554,49
818015,9.622758181715746,21
818100,7.960672938982796,85
818131,9.25066855004896,31
818160,9.42896964305007,29
818190,9.38122000527454,30
818206,9.673344478489893,16
818224,9.676610765507453,18
818237,9.657540303793452,13
818247,9.805584314016048,10
818257,9.835497771945906,10
818554,0.6693447977412763,297
818586,9.290819438521929,32
818610,8.519625428083371,24
818635,9.522837016917583,25
818645,9.79871120342937,10
818658,9.720047870506678,13
818671,9.729953234323965,13
818680,9.824492462595972,9
818684,9.939487963305908,4
818691,9.869284758103802,7
818705,9.726565100035202,14
818709,9.93409714930304,4
818715,9.885711667050504,6
818717,9.971666762776653,2
818719,9.986218395737536,2
818737,9.599952042289377,18
818748,9.744318167632285,11
818764,9.703071115629077,16
818800,9.15430953343877,36
818817,9.621160753963203,17
818831,9.696895662069162,14
818842,9.7937699841,11
818846,9.940787382429795,4
818869,9.561658465632481,23
818884,9.664400095092889,15
818896,9.783817035791703,12
818904,9.832411667040066,8
818905,9.992838669271094,1
818915,9.821882875460116,10
818931,9.648103104795895,16
818977,9.069250325697181,46
818980,9.956742318117874,3
818992,9.715717624668697,12
818999,9.890257585091206,7
819032,9.376747301374708,33
819039,9.868781881757384,7
819539,-11.302719161746301,500
819560,9.545995261741874,21
819784,5.664755787911845,224
819793,9.822885608203604,9
819810,9.626438970555439,17
819815,9.828317511570132,5
819819,9.937949661188552,4
819859,7.161158770233069,40
819872,9.575317216102587,13
820372,-16.826986405612878,500
820384,9.766043382873596,12
820401,9.601672294523986,17
820437,9.335975381641644,36
820464,9.478699066987105,27
820481,9.67171418854806,17
820486,9.91701019238276,5
820502,9.503353424619469,16
820520,9.586019496753845,18
820540,9.51942876409669,20
820549,9.807697433034361,9
820820,2.396527916913427,271
820834,9.727433933255208,14
820839,9.910947845662372,5
820840,10.0,1
820845,9.89952267225188,5
820876,9.374141864996666,31
821376,-16.228048377201016,500
821382,9.889889713833552,6
821397,9.65660341042418,15
821402,9.916346809229886,5
821403,10.0,1
821422,9.607634427526877,19
821446,9.491256702567336,24
821476,9.211669027475722,30
821491,9.65697786062082,15
821496,9.917959694666326,5
821531,9.156896223466644,35
821546,9.679866230703341,15
821552,9.886349402848984,6
821575,9.607782568166469,23
821862,3.8875732349661014,287
821868,9.899025581322055,6
821878,9.76583353212261,10
821885,9.89004272359019,7
821897,9.756258698474204,12
821898,9.992475811750746,1
821919,9.432755624062516,21
821927,9.871147798043374,8
822199,0.522477395517269,272
822209,9.830355181665663,10
822212,9.960313098721304,3
822226,9.728182030491414,14
822229,9.952296739182028,3
822235,9.89018151574834,6
822248,9.743777054160327,13
822267,9.644915989108354,19
822309,9.158045876455263,42
822809,-11.870531024496568,500
822811,9.970477394237216,2
822831,9.585419081931343,20
822840,9.839261210325978,9
822891,8.704099243092333,51
822902,9.81307026452966,11
822903,10.0,1
822954,8.930429367844697,51
822973,9.602073745866623,19
822977,9.938027558829555,4
822993,9.659360336397834,16
823001,9.85232051996185,8
823273,2.2047797827918156,272
823285,9.750539392591786,12
823297,9.716650803044072,12
823313,9.671668252755886,16
823337,9.417507512202835,24
823340,9.94909257528526,3
823373,9.236448172861294,33
823391,9.6339047047192,18
823404,9.755695744164614,13
823412,9.84230974908352,8
823425,9.723652080638123,13
823446,9.481670426362411,21
823468,9.429050501739239,22
823475,9.869783204689154,7
823479,9.935509258024044,4
823485,9.899649837028216,6
823505,9.57981438305157,20
823507,9.977047460832944,2
823537,9.345961599493172,30
823549,9.75050431973983,12
823569,9.59444465528246,20
823593,9.575771337099221,24
823608,9.728304461388833,15
823619,9.816411840833647,11
823625,9.916411577922316,6
823630,9.919225438287787,5
823632,9.977255171356353,2
823651,9.567647446362649,19
823661,9.403482407735556,10
823663,9.979097740443676,2
823670,9.866370412762954,7
823692,9.12162443643602,22
823701,9.841187376306838,9
823705,9.928052353683544,4
823719,9.703787102584059,14
823729,9.803300793871585,10
823753,9.538474150846508,24
823758,9.925549590673334,5
823770,9.790411770632831,12
823790,9.50763034174245,20
823819,9.538259638203442,29
823837,9.579139869695496,18
823839,9.981294591102149,2
823886,8.956619634592968,47
824386,-11.912901131100998,500
824387,10.0,1
824394,9.858251637920633,7
824411,9.681467643081419,17
824427,9.65064983845992,16
824445,9.58135590298206,18
824478,9.223990955717912,33
824489,9.801967225834451,11
824787,4.304700353376824,298
824792,9.914200510157547,5
824806,9.69154927641842,14
824853,8.772104962904562,47
824879,9.505468830689198,26
824892,9.700760588457381,13
824899,9.866516176768362,7
824910,9.782565282555273,11
825410,-10.043994520989436,500
825411,9.996872411823173,1
825412,10.0,1
825415,9.95633565650719,3
825443,8.66855542556259,28
825454,9.799982974530735,11
825460,9.90757412556434,6
825463,9.953523321005406,3
825466,9.96723342730376,3
825482,9.68126072116665,16
825507,9.461352165847918,25
825551,9.004238719762748,44
825558,9.851065498085454,7
825574,9.637650303585172,16
825625,9.06046458354892,51
825637,9.757358298422396,12
825665,9.54528886646038,28
825676,9.754236526931045,11
825711,9.25853014666003,35
825719,9.853492614611781,8
825745,9.376033137345154,26
825788,8.260997687847809,43
825801,9.720043165304153,13
825836,9.353746021095414,35
825837,9.996635903505014,1
825838,10.0,1
825862,9.547922593908211,24
826362,-9.083105912697308,500
826387,4.8038248602537355,25
826887,-23.254482034708087,500
827387,-113.93903561514705,500
827395,9.845560149380859,8
827895,-10.590632182907758,500
827909,9.721467710460919,14
827917,9.851453824993463,8
827925,9.843632026264197,8
827929,9.947960304135846,4
827942,9.771682928825655,13
827958,9.663133996731792,16
827965,9.876379678443538,7
827981,9.677660964853546,16
827998,9.633932084998314,17
827999,10.0,1
828007,9.838564670894392,8
828008,10.0,1
828017,9.816059766940947,9
828036,9.632812788242394,19
828051,9.665102960905232,15
828059,9.857848523511253,8
828104,9.003298362647094,45
828111,9.880574277307476,7
828117,9.89337916174715,6
828127,9.792771049057144,10
828138,9.83787160180836,11
828146,9.832912929819338,8
828209,8.839441027680627,63
828707,0.3919665771642613,498
828722,9.669197526153765,15
828730,9.844984427477362,8
828747,9.608834943569466,17
828751,9.936256225312468,4
828769,9.554703565564926,18
828795,9.371060108183642,26
828796,10.0,1
828817,9.48788203153957,21
828820,9.962399047201396,3
828821,10.0,1
828829,9.863488819195876,8
828843,9.647544582452507,14
828849,9.498504673148467,6
828882,9.300170138302574,33
828900,9.438183287625277,18
828911,9.775386887870988,11
828923,9.772905356536091,12
828953,9.318992849434137,30
828971,9.57939837024439,18
828994,9.542345131219587,23
829043,8.823297162199754,49
829048,9.913878712355638,5
829062,9.695796195839213,14
829084,9.473273012764317,22
829120,9.180170648887852,36
829138,9.650427901267912,18
829153,9.635144409586458,15
829159,9.911921274289144,6
829171,9.733526951035133,12
829238,8.464912757367905,67
829250,9.71675535068745,12
829307,8.811309004533062,57
829323,9.737536334675832,16
829339,9.65681505770578,16
829349,9.814900696069694,10
829353,9.946753798829807,4
829355,9.98328577376714,2
829359,9.939383327224547,4
829376,9.600808815878587,17
829390,9.728396066550252,14
829402,9.736656203082111,12
829404,9.98356578188057,2
829418,9.743368548555964,14
829426,9.826497364580655,8
829443,9.657747822929139,17
829459,9.493026987644129,16
829470,9.78139734955601,11
829473,9.95780242379768,3
829474,10.0,1
829480,9.907840539840484,6
829490,9.804137434339015,10
829496,9.889430496069808,6
829510,9.714817956457468,14
829524,9.70341412765671,14
829534,9.772973294967336,10
829551,9.594129934495665,17
829560,9.816747844909928,9
829561,10.0,1
829567,9.895186923579901,6
829576,9.728167321022486,9
829581,9.920797610902556,5
829589,9.85182500760215,8
829601,9.759812931765182,12
829604,9.952109514623206,3
829622,9.5875446476576,18
829635,9.698323054300987,13
829639,9.943216308399858,4
829683,9.00531196772661,44
829705,9.510716598023592,22
829712,9.873817500962653,7
829735,9.468433474337818,23
829740,9.905834195161537,5
829741,9.988746945436105,1
829750,9.827455269023773,9
829766,9.672201539061753,16
829773,9.769399884249511,7
829785,9.750353616592932,12
829793,9.823429669871798,8
829796,9.966936167124821,3
829816,9.509997368210906,20
829820,9.942308857644553,4
829825,9.91971137691531,5
829842,9.685398533860518,17
829857,9.64069869128154,15
829875,9.48884246403834,18
829907,9.269684883979574,32
829911,9.94611541632584,4
829935,9.49694711503853,24
829949,9.681907034550678,14
829959,9.791100700870794,10
829963,9.940581898307107,4
829982,9.59827160126172,19
829995,9.777450522949724,13
830012,9.60178464395399,17
830013,10.0,1
830030,9.13765974468637,17
830048,9.648990670479307,18
830063,9.394117855753706,15
830071,9.541383100624513,8
830076,9.909962464511935,5
830077,10.0,1
830089,9.727569760648114,12
830102,9.721033753958908,13
830107,9.918974362821947,5
830121,9.701770568929248,14
830133,9.72190704825595,12
830137,9.843219078361916,4
830138,10.0,1
830141,9.95838847894246,3
830160,9.587407095105473,19
830175,9.704078395963183,15
830308,6.290552664285501,133
830333,9.440774660442274,25
830341,9.836827256863085,8
830361,8.466954789311034,20
830363,9.970652600033825,2
830364,10.0,1
830374,9.812136749362272,10
830378,9.936943386071594,4
830386,9.847470603124332,8
830403,9.56884524702025,17
830417,9.408367363887706,14
830433,9.616901161130846,16
830461,9.10887467166211,28
830463,9.971121302901564,2
830476,9.768393239310155,13
830477,10.0,1
830516,9.296510779518261,39
830535,9.573451793474629,19
830545,9.80621307453499,10
830553,9.857479229998862,8
830560,9.855169387799355,7
830575,9.70020286540797,15
830607,9.058991958357595,32
830615,9.855774608662555,8
830629,9.73798381320885,14
830638,9.829904504203261,9
830694,8.829794110524581,56
830709,9.516696905876637,15
830917,5.856365915842732,208
830936,9.59299735058449,19
830951,9.731896452173256,15
830965,9.694647497118634,14
830978,9.6797729652831,13
830994,9.57292334101689,16
830996,9.968350117370074,2
831008,9.735077004937812,12
831023,9.74329554266582,15
831077,8.999975038371236,54
831091,9.700397566432539,14
831121,9.412783000069501,30
831132,9.764920600843228,11
831213,7.849796676381892,81
831216,9.950946799213222,3
831273,9.01800441703322,57
831281,9.860103678048844,8
831287,9.888093208450725,6
831294,9.876675022407635,7
831295,9.996608542731012,1
831314,9.608286511800149,19
831331,9.663382339984754,17
831555,5.151423030382027,224
831563,9.857423862191258,8
831581,9.657190252136648,18
831591,9.787244589278098,10
831599,9.859521372468352,8
831601,9.982006735773743,2
831604,9.963136986263665,3
831631,8.270260271185583,27
831632,9.996478686913365,1
831642,9.293249434413408,10
831652,9.814275547374544,10
831653,10.0,1
831683,9.164383527169342,30
831688,9.911786192950702,5
831706,9.593380812318093,18
831715,9.85456672045703,9
831717,9.972643694934053,2
831877,-6.472698694355216,160
831879,9.972100738397252,2
831892,9.723623766972416,13
831901,9.804515193206962,9
832401,-206.98461124446123,500
832901,-211.48970523277566,500
832902,10.0,1
832904,9.983807702885429,2
832909,9.923017647099583,5
832919,9.843336765286873,10
832923,9.941580559059597,4
832934,9.472276623539441,11
832956,9.437992414766116,22
832970,9.700879260070392,14
832987,9.626312119359772,17
832988,10.0,1
833005,9.689056007409977,17
833010,9.912551762064853,5
833016,9.891279048067082,6
833032,9.616829857859639,16
833068,9.186170436193215,36
833074,9.9050614502838,6
833330,3.543292563433372,256
833433,-24.899265549394304,103
833461,8.731119269908566,28
833516,8.717872243708621,55
833548,9.333377835926042,32
833578,9.320021729529602,30
833582,9.949401628627792,4
833599,9.646189571834492,17
833603,9.933806854523187,4
833621,9.564325195521954,18
833649,9.40510283942884,28
833670,9.53687786036656,21
833714,8.961234883890121,44
833716,9.977488401035965,2
833731,9.666193848433924,15
833752,9.213652517512974,21
833786,9.294532251371193,34
833788,9.969198719391613,2
833809,9.521113843451385,21
833822,9.70895394221578,13
833838,9.723000785766686,16
833850,9.760019645103025,12
833901,8.142373482237836,51
833910,9.825756297612674,9
833926,9.700385403804091,16
833934,9.849536301409293,8
833949,9.732181624680559,15
833957,9.8457923055178,8
833959,9.974341680899558,2
833969,9.768273798497615,10
833984,9.672529369976687,15
833990,9.895081729820289,6
834003,9.751745316960983,13
834010,9.8632803958051,7
834051,9.125315186763318,41
834062,9.783438599719782,11
834068,9.902683111762421,6
834083,8.898164251899367,15
834115,9.299110250499947,32
834127,9.771571849888135,12
834135,9.824817987533228,8
834141,9.909859299313373,6
834143,9.976877825616395,2
834161,9.578886470410179,18
834170,9.81730871478215,9
834185,9.757162129524666,15
834193,9.835422167578354,8
834196,9.954864778304746,3
834203,9.86975960383661,7
834205,9.97344030938066,2
834221,9.672938811684675,16
834334,7.649535665196112,113
834335,9.992890252070215,1
834400,8.70873352409432,65
834410,9.77548331075238,10
834412,9.97322806297468,2
834434,8.712789259615711,22
834446,9.812787451048427,12
834455,9.833230521703355,9
834458,9.951144504551266,3
834474,9.649604513901384,16
834481,9.885449192895175,7
834491,9.803659780722832,10
834509,9.662654861561936,18
834512,9.955501019027082,3
835012,-18.365038519855744,500
835021,9.849776867531991,9
835521,-16.271923458112965,500
835529,9.849007321669959,8
835542,9.63455004465612,13
835553,9.742170954368053,11
835769,4.8396802162733685,216
835887,7.4496731712080555,118
835900,9.708211633689519,13
835914,9.719305763574024,14
835942,9.48178747323041,28
835956,9.74946695491013,14
835970,9.743449049139906,14
835993,9.563446746188525,23
835994,9.996085076612593,1
836009,9.65266010171801,15
836045,8.995372621106867,36
836058,9.754458917298535,13
836072,9.476509822654709,14
836089,9.630095488780752,17
836091,9.983761790010695,2
836096,9.933711996876244,5
836118,9.498937926933436,22
836125,9.878339694241042,7
836131,9.876248562630522,6
836160,9.291777924888908,29
836183,9.446271316634322,23
836191,9.865692123847586,8
836210,9.628371954500718,19
836226,9.65940889108591,16
836254,8.62059000663766,28
836269,9.705184794327705,15
836276,9.86616337034773,7
836277,10.0,1
836285,9.864783182185297,8
836291,9.906887895831066,6
836310,9.562942886263922,19
836322,9.735416201171805,12
836331,9.851581046399657,9
836332,10.0,1
836338,9.69518952166593,6
836346,9.868108096111254,8
836358,9.75363364824888,12
836368,9.78605711728265,10
836391,9.491696677964374,23
836460,8.653840110702273,69
836471,9.801917443620708,11
836477,9.89897870234061,6
836481,9.93540754606274,4
836517,9.137781455273917,36
836526,9.844104256956308,9
836527,10.0,1
836546,9.628072581056884,19
836566,9.548164886814845,20
836576,9.8273929325024,10
836588,9.774679101932065,12
836614,9.355026377874688,26
836630,9.667618380116492,16
836640,9.770014732454682,10
836651,9.772528909718458,11
836652,10.0,1
836739,8.28385451695232,87
836743,9.941777360546379,4
836754,9.757177693467137,11
836765,9.76668132135501,11
836772,9.885866194348528,7
837272,-13.36210280246122,500
837362,7.806017348731529,90
837374,9.75021448296639,12
837408,9.242091131241398,34
837436,9.492855749331442,28
837437,10.0,1
837463,9.496220653880819,26
837478,9.663365014913664,15
837484,9.905842665179327,6
837491,9.872122598314288,7
837513,9.529930806691008,22
837517,9.928132526365127,4
837529,9.780279923757957,12
837550,9.531636539954341,21
837843,3.695896202110797,293
837846,9.961129388069205,3
837850,9.937643920742879,4
837889,4.579075003582877,39
837893,9.945089789578143,4
837902,9.831851926881841,9
837909,9.88347048071244,7
837919,9.766398077913706,10
837929,9.785667548925778,10
837930,9.993220398045207,1
837941,9.785956025865767,11
837961,9.625575991149793,20
837965,9.93580026079182,4
837984,9.53596588218252,19
837989,9.914892819098041,5
837990,10.0,1
838008,9.633299734393088,18
838015,9.88852754550615,7
838024,9.817693555787573,9
838037,9.719831271821262,13
838041,9.93602142008855,4
838042,9.996529163251102,1
838057,9.675674822025034,15
838066,9.641378406514427,9
838090,9.497342864700501,24
838127,9.024436028004448,37
838138,9.775618337830123,11
838144,9.912601415095972,6
838150,9.896723162911613,6
838172,8.892468972101947,22
838239,6.575308331819697,67
838259,9.560373269028021,20
838272,9.75390450829077,13
838300,9.474832956145915,28
838309,9.802539962142827,9
838313,9.946534065216552,4
838323,9.81839236168744,10
838324,9.99260777957607,1
838332,9.865818438077762,8
838343,9.600705483622054,11
838356,9.762956569077218,13
838362,9.89778555481322,6
838364,9.975603923840547,2
838380,9.63729989006623,16
838391,9.742948523219615,11
838397,9.895910793483102,6
838422,9.43919195462354,25
838442,9.301928610409325,20
838496,8.313850301932021,54
838522,9.521065601701645,26
838539,9.646450752531246,17
838562,9.412047478468969,23
838571,9.81284821964069,9
838575,9.926001533389538,4
838589,9.719589436217413,14
838612,9.072298476201215,23
838619,9.873086606370824,7
838636,9.601099491190281,17
838649,9.698527408632291,13
838659,9.803812826816584,10
838660,9.98897493223789,1
838668,9.855470277155156,8
838698,9.209043399796757,30
838701,9.962730423957801,3
838702,10.0,1
838727,9.38712616825731,25
838750,9.537240396378461,23
838760,9.80593478559663,10
838772,9.711414650585926,12
838792,9.471362727580722,20
838808,9.597337873603895,16
838816,9.863357637707907,8
838828,7.767652355223808,12
838840,9.665969977057054,12
838846,9.89915264457554,6
838857,9.776162506384363,11
838870,9.610840102034032,13
838876,9.901952847940212,6
838877,10.0,1
838901,9.519521199487903,24
838935,9.184714526114291,34
838949,9.748849382373516,14
838971,9.61400695089006,22
838999,9.317969316554432,28
839037,8.897668709318173,38
839068,9.397036935739592,31
839069,10.0,1
839096,9.46941201714898,27
839101,9.904033716383363,5
839116,9.720921980430093,15
839129,9.713551997314935,13
839130,10.0,1
839137,9.87855337148007,7
839151,9.692656931766166,14
839163,9.751932685379277,12
839173,9.792194348454258,10
839187,9.711839726747362,14
839203,9.618449267677162,16
839285,8.241549753884655,82
839298,9.75602704012846,13
839308,9.815333757994672,10
839315,9.872528573487317,7
839330,9.67425928114031,15
839338,9.854325152833036,8
839353,9.666669434591437,15
839853,-9.838574242358026,500
839862,9.812862440542952,9
839898,9.240640404134973,36
839921,9.492007891345198,23
839931,9.806983550480458,10
839948,9.455806267926265,17
839963,9.693559350915377,15
839968,9.914612346852868,5
839970,9.976506635711583,2
839983,9.72314930197773,13
839990,9.873125737463674,7
839991,10.0,1
840085,8.17965778521433,94
840585,-15.004151374738889,500
840586,9.986450394969829,1
840599,9.628001144504644,13
840620,9.577056396603128,21
840626,9.891695861134217,6
840630,9.939716203939934,4
840648,9.630744549401122,18
840652,9.931796070711874,4
840668,8.669889584685173,16
840674,9.893436299174462,6
841174,-11.912849241201137,500
841192,9.639735460040024,18
841204,9.765079030025827,12
841225,9.55372963861761,21
841241,9.641650937663197,16
841378,6.567937955406673,137
841385,9.908452709831437,7
841396,9.788983597887377,11
841412,9.700286785430722,16
841422,9.80786392127507,10
841432,9.800512262215118,10
841450,9.60459536617223,18
841484,9.259597728058573,34
841516,9.380146373700166,32
841545,9.459977466583311,29
841564,9.536012626110871,19
841582,9.651908211268822,18
841583,10.0,1
841590,9.881969187630382,7
841598,9.856026440376315,8
841607,9.800300945327498,9
841617,9.800484268642798,10
841620,9.971120840198367,3
841630,9.817020119557467,10
841644,9.666742307551312,14
841650,9.887229268428186,6
841693,9.014701046245724,43
841701,9.878604566918044,8
841715,9.710384702257208,14
842002,4.377850848270227,287
842019,9.677292593873137,17
842026,9.866063333153514,7
842061,9.163108716205553,35
842073,9.779318318737065,12
842093,9.621236749189153,20
842127,9.31812690667919,34
842151,9.50402625972185,24
842179,9.467568822687529,28
842197,9.634639894459465,18
842203,9.897151809776414,6
842217,9.614386542346265,14
842221,9.932874830823632,4
842233,9.765673434108269,12
842248,9.701342242782912,15
842279,9.314614807392612,31
842779,-15.795420072025088,500
842783,9.943181037969714,4
842785,9.985411149230695,2
842786,10.0,1
842794,9.842810772058566,8
842802,9.849095788799026,8
842812,9.791836741352418,10
842818,9.877701146325323,6
842832,9.653830407154773,14
842843,9.782768673827627,11
842862,9.575353381225057,19
842876,9.713476738626099,14
842916,8.434926715158374,40
842926,9.766390801816708,10
842943,9.218539099801037,17
842948,9.923037511226235,5
842959,9.775182109382229,11
842972,7.571339384565622,13
842976,9.938571642067883,4
842998,9.318493500512272,22
843053,-9.681124388133874,55
843063,9.78764398401251,10
843171,6.580888494843531,108
843180,9.788258274000995,9
843236,8.526389389953037,56
843237,10.0,1
843239,9.983412632410577,2
843252,9.743217360119063,13
843255,9.756408792397794,3
843269,9.726017654672457,14
843273,9.931885103263545,4
843287,9.677207904899108,14
843304,9.62140191490738,17
843317,9.722706721168095,13
843330,9.718462024533268,13
843358,9.30645196395603,28
843392,9.311104395913913,34
843393,9.99671808140917,1
843404,9.66770504820487,11
843416,9.813719806751473,12
843436,9.632672867675089,20
843936,-11.10827964884147,500
843944,9.853678339506487,8
844444,-11.236150622629333,500
844467,9.575916033895556,23
844492,9.462468759909822,25
844499,9.873967553612758,7
844506,9.884547792560214,7
844557,9.062992149904794,51
844565,9.85795359603288,8
844575,9.825249122335563,10
844584,9.795614885973604,9
844590,9.888916396903308,6
844632,9.162951012949046,42
844647,9.699821752435938,15
844659,9.727469846768319,12
844687,9.29871495331799,28
844698,9.76955996800128,11
844699,10.0,1
844708,9.819303351601148,9
844735,9.194609232955283,27
844743,9.83398966295296,8
844749,9.89984440173984,6
844763,9.687748208147513,14
844769,9.878158591020227,6
844789,9.564202714939897,20
844790,10.0,1
844806,9.697853850444755,16
844978,6.633602361568645,172
844991,9.793285999746248,13
844997,9.894395653960451,6
845497,-20.42186059315519,500
845511,9.677858902230879,14
845518,9.857119264615893,7
845525,9.874533683480363,7
845653,-35.871793159829295,128
845705,8.897397445233793,52
845720,9.712223742329984,15
845726,9.884087032930465,6
845736,9.781580914462479,10
845755,9.588291095088543,19
845770,9.718574325416219,15
845782,9.782041273986382,12
845784,9.98096727477243,2
845801,9.595925027882394,17
845819,9.588846283846088,18
845821,9.984715557631285,2
845868,8.885143208869824,47
845875,9.856123549598331,7
845884,9.835089798039402,9
845894,9.828092922829939,10
845905,9.773122735888697,11
845919,9.69924114100917,14
845923,9.943993659808394,4
845927,9.942751476104705,4
845973,9.086692930398902,46
845976,9.961192102632115,3
845990,9.61318127601123,14
846013,9.419823460975426,23
846053,8.8781095665664,40
846068,8.804094003148299,15
846083,9.648854105283501,15
846095,9.734826469028656,12
846112,9.655994271255956,17
846122,9.802683524049879,10
846279,6.42817479715359,157
846280,10.0,1
846780,-17.280820207033567,500
846793,9.725890821181126,13
846822,8.98317765377266,29
846834,9.760242183031039,12
846853,9.525782071602494,19
846857,9.935567799622893,4
846865,9.8296716964712,8
846876,9.74931182261672,11
846882,9.900620693777675,6
846890,9.833524559319137,8
846898,9.851238691674356,8
846899,10.0,1
846911,9.771262038712033,12
846921,9.778372297064909,10
846945,9.285978382974351,24
846966,9.572046365201453,21
846980,9.458090137355176,14
846983,9.966890193900719,3
846991,9.832438502520287,8
847007,9.730786300242906,16
847029,9.521059781886756,22
847041,9.730547354149053,12
847050,9.840671249453342,9
847058,9.844900865349514,8
847084,7.415553493249573,26
847173,8.155439074241611,89
847177,9.951928459742305,4
847181,9.939527339437998,4
847186,9.925919274191314,5
847204,9.668129728419922,18
847274,8.65052571687788,70
847302,9.436846908233097,28
847309,9.873011976318308,7
847314,9.914607618421178,5
847325,9.754979257511895,11
847358,9.454870055141111,33
847362,9.941517832302113,4
847453,7.905155466810905,91
847489,9.165211084468247,36
847493,9.940923018494896,4
847503,9.785484774173314,10
847545,-2.709595222311341,42
847562,9.512699340640598,17
847563,10.0,1
847564,10.0,1
847573,9.802587487303134,9
847574,10.0,1
847585,9.747157657431229,11
847592,9.877931490574412,7
847600,9.83775046714514,8
847611,9.78953537906134,11
847624,9.750405046830977,13
847636,9.743591530129988,12
847637,10.0,1
847639,9.974240863686623,2
847647,9.816220804535297,8
847649,9.97329001647113,2
847687,8.614585924227873,38
847745,8.717266227470958,58
847746,9.986264997469476,1
847802,8.87967598766208,56
847821,9.32541131280289,19
847829,9.838137970866748,8
847835,9.89673475130398,6
847851,9.654774253025721,16
847864,9.76450007501153,13
847871,9.868047326257217,7
847886,9.680672816735235,15
847913,9.3508139059491,27
847914,10.0,1
847915,9.991006935568127,1
847962,8.519602561963842,47
847963,10.0,1
848034,8.672798762638964,71
848035,10.0,1
848052,9.64784784814027,17
848057,9.916131102794001,5
848070,9.744380791194267,13
848087,9.587872921944502,17
848088,10.0,1
848102,9.571953110532421,14
848113,9.753154494977489,11
848124,9.387692161320766,11
848139,9.493022549808805,15
848144,9.918060037294866,5
848161,9.595211151420118,17
848176,9.65035166225608,15
848180,9.931019895266532,4
848191,9.784501150399494,11
848200,9.81076486158844,9
848214,9.72857900916025,14
848230,9.564263542063907,16
848231,10.0,1
848259,9.505786767782766,28
848272,9.777857807539718,13
848304,9.352399853406087,32
848314,9.795174888655415,10
848327,9.794508421732703,13
848337,9.777351490263612,10
848346,9.8185464263431,9
848350,9.945863897521443,4
848359,9.830364373752454,9
848369,9.786975175805264,10
848403,9.335315964380657,34
848417,9.680048463838293,14
848443,9.327416426805277,26
848466,9.483270908615536,23
848468,9.975898626860088,2
848475,9.865510232678663,7
848552,7.739533824401283,77
848559,9.854703530566116,7
848565,9.881702853410646,6
848576,9.800773004640407,11
848581,9.917531362510408,5
848594,9.722276072706281,13
848605,9.823869868718853,11
848686,8.199061562949126,81
848695,9.829567633296886,9
848718,9.555004731260066,23
848727,9.79341277649451,9
848779,9.079859191609758,52
848780,10.0,1
848796,9.652881278989337,16
848916,7.733846111174686,120
848930,9.675311457123124,14
848933,9.959999625673086,3
848934,9.989352530475093,1
848942,9.87291998330674,8
848953,9.7549598697437,11
848961,9.85283284122731,8
848979,9.70214913499223,18
848983,9.93101435985157,4
848996,9.723582862388543,13
849005,9.849777201651111,9
849016,9.76933141048461,11
849022,9.89581125294602,6
849040,9.514998328115308,18
849540,-10.103521723457044,500
849561,9.500982025317146,21
849574,9.775340989958968,13
849612,9.255103533148773,38
849630,9.611356799600259,18
849637,9.886695021506592,7
849795,5.953964649990566,158
849798,9.96861405683628,3
849810,9.75885607793737,12
849849,9.281595396012548,39
849872,9.55651059528208,23
849887,9.657613887634087,15
849888,10.0,1
849899,9.798354684860032,11
849901,9.981901896367232,2
849907,9.903723402401319,6
849937,9.341095899717892,30
849940,9.952922329808185,3
849959,9.534718693884738,19
849967,9.858608636699145,8
849995,9.3806239511523,28
850002,9.881809385264031,7
850021,9.564168185638202,19
850046,9.27984369831079,25
850056,9.824170227880689,10
850077,9.554182695990958,21
850080,9.965553636043165,3
850098,9.601739199939102,18
850105,9.871123857768096,7
850112,9.876083265302302,7
850123,9.755132108188688,11
850126,9.957687460817239,3
850145,8.830971815220748,19
850151,9.890078979656208,6
850174,9.49581076974952,23
850186,9.632931438312765,12
850201,9.692542560036502,15
850213,9.757159965581574,12
850214,9.996438186751604,1
850216,9.979454274287226,2
850247,9.37359437440057,31
850273,9.128800835045476,26
850283,9.803198578432822,10
850285,9.98472675905813,2
850301,9.668278546645839,16
850317,9.695729687429218,16
850335,9.41298536536999,18
850618,4.385761076807566,283
850626,9.843066254051653,8
850627,10.0,1
850632,9.92139362985094,5
850635,9.955802292859312,3
850636,10.0,1
850649,9.711362424786962,13
850673,9.434394548413911,24
850682,9.825339819421815,9
850686,9.944474944450086,4
850696,9.7594923127741,10
850704,9.878274544942332,8
850708,9.940074373311552,4
850722,9.714970289397108,14
850730,9.860243545615717,8
850746,9.670455198498088,16
850749,9.967317477748574,3
850765,9.701762333313695,16
850790,9.506369694405954,25
850796,9.894023708017047,6
850809,9.619983655092225,13
850819,9.524025491057401,10
850826,9.857996431780979,7
850828,9.983731811609209,2
850832,9.932513006813151,4
850849,9.416495224533499,17
850856,9.881878684569111,7
850860,9.936298481037243,4
850862,9.97060443097848,2
850868,9.892959716419263,6
850875,9.875827305614454,7
850888,9.750158990403257,13
850903,9.624796794995458,15
850914,9.761010294505894,11
850919,9.92792253249694,5
850920,10.0,1
850940,9.587228449867268,20
850946,9.890856965016637,6
850956,9.815964760235431,10
850965,9.841540469006041,9
850971,9.89759001382213,6
850972,10.0,1
850979,9.88668173163606,7
850991,9.763663714783105,12
851017,9.510330558788056,26
851155,6.488195238089634,138
851170,9.711369309051138,15
851178,9.847361377611893,8
851204,9.074610319962146,26
851215,9.590828555090521,11
851553,-0.6722097557262483,338
851565,9.603594309757156,12
851566,10.0,1
851588,9.483711510494201,22
851594,9.915623615767965,6
851607,9.770065513390925,13
851625,9.581798522915358,18
851634,9.821502404864313,9
851653,9.593217628369224,19
851656,9.963932202245562,3
851660,9.938024960548265,4
851681,9.540350650745989,21
851699,9.659312087510141,18
851720,9.486299201372507,21
851800,8.244232932924106,80
851818,9.645678529439827,18
851833,9.722264977318748,15
851842,9.805997793839689,9
851890,8.547225327481225,48
851914,9.53884471019902,24
851915,9.996576774541257,1
851971,8.901669610914327,56
851980,9.80238010511424,9
851992,9.77475114912378,12
851996,9.946921938278837,4
852001,9.916492444044264,5
852003,9.983015762190348,2
852012,9.81995282814554,9
852013,9.98791976310325,1
852019,9.899840042171041,6
852028,9.836679353553405,9
852031,9.957274059891773,3
852045,9.699795656613157,14
852052,9.861121874415405,7
852154,7.423537613556983,102
852167,9.702341656499625,13
852175,9.873857137621163,8
852189,9.711676810164933,14
852213,9.33813206499987,24
852226,9.698714750640853,13
852253,9.465268197998459,27
852623,1.6967273535606804,370
852627,9.946693179245768,4
852630,9.961944000903545,3
852637,9.865409961155564,7
852647,9.794341193170157,10
852650,9.953576363197323,3
852716,8.77268438461483,66
852734,9.613511889935541,18
852764,9.379468641276194,30
852772,9.840738256130726,8
852773,10.0,1
852779,9.896278472693572,6
852786,9.888017003424755,7
852801,9.651567558271232,15
852823,9.519527106500162,22
852824,10.0,1
852829,9.923748873496999,5
852841,9.814973701465883,12
853045,5.789914642286117,204
853058,9.721437693634103,13
853066,9.857987187870295,8
853073,9.882631607858565,7
853077,9.937588745262337,4
853090,9.698917691093328,13
853097,9.882899623907743,7
853110,9.782592429648359,13
853123,9.761697283191943,13
853191,8.704824752960414,68
853192,10.0,1
853203,9.662480684321755,11
853208,9.930522084591068,5
853218,9.827115921112343,10
853221,9.952617870729036,3
853232,9.76630237122067,11
853247,9.657267869726924,15
853255,9.857522484880063,8
853268,9.709973174521998,13
853288,9.593064557333658,20
853302,9.774917067157986,14
853304,9.969632563070775,2
853344,9.044640529445816,40
853345,10.0,1
853373,9.18210506855169,28
853389,9.254133054804292,16
853413,9.51600416318695,24
853421,9.836022067085496,8
853461,9.15219311587777,40
853467,9.895542008556447,6
853481,9.704355684427362,14
853514,9.174382736187843,33
853529,9.684812949956903,15
853540,9.757153284610313,11
853562,9.516565018188938,22
853563,9.996402131928734,1
853573,9.809221543001597,10
853577,9.940453542376035,4
853599,9.447332705430693,22
853640,8.214335648157775,41
853641,9.99644127878898,1
853647,9.889208666113781,6
853662,9.012195380940655,15
853663,10.0,1
853673,9.759587019494976,10
853687,9.727888359855188,14
853726,5.079645217757031,39
853734,9.81666497971224,8
853742,9.858644351613385,8
853755,9.755863500660807,13
853771,9.711739780776748,16
853795,8.265978000111943,24
853802,9.85249238347696,7
853809,9.847545064038476,7
853817,9.827403902758949,8
853829,9.737737992996266,12
853850,9.545188678626333,21
853886,8.938807297683766,36
853893,9.86237124167959,7
853906,9.724239529633298,13
853919,9.774715005506865,13
853948,9.410946111051668,29
853957,9.840016418727098,9
853969,9.749514297515805,12
853981,9.750379960009681,12
853985,9.939120738997417,4
853993,9.827313956174871,8
853994,10.0,1
854000,9.886678353030433,6
854007,9.87441540225117,7
854009,9.980048407927596,2
854020,9.728487348402433,11
854028,9.842481905952846,8
854042,9.67626348356378,14
854060,9.479148109458018,18
854075,9.677645128848475,15
854103,9.454977462422905,28
854118,9.686678856962518,15
854124,9.906994845545055,6
854138,9.73610533138657,14
854139,10.0,1
854171,9.286995068129613,32
854182,9.752272864950424,11
854186,9.940084078081572,4
854193,9.866711650307016,7
854196,9.96900055506189,3
854197,10.0,1
854213,9.64119037424604,16
854229,9.633083775884023,16
854246,9.626482303627077,17
854254,9.648285115342901,8
854270,9.356873480937379,16
854274,9.93738321786451,4
854280,9.897912829661601,6
854281,10.0,1
854291,9.813396965780445,10
854324,9.392921518763572,33
854330,9.881837421846305,6
854345,9.679995971049816,15
854354,9.831505141336846,9
854372,9.549244566796833,18
854391,9.623065765728015,19
854414,9.469196802416905,23
854438,9.548903055316472,24
854453,9.739569888760672,15
854469,9.703794769974262,16
854478,9.82991448033246,9
854488,9.824553836848828,10
854490,9.979208839257076,2
854499,9.821632501882503,9
854501,9.972732740133596,2
854509,9.856238838743723,8
854510,10.0,1
854511,10.0,1
854521,9.78214289153749,10
854528,9.872931605694188,7
854531,9.948530048643219,3
854536,9.922399310938754,5
854544,9.845794284786495,8
854554,9.841010970000617,10
854587,8.609053464059453,33
854596,9.791826531673221,9
854597,10.0,1
854643,8.56284706770633,46
854655,9.709885181837851,12
854669,9.668911113773824,14
854678,9.816599256120616,9
854689,9.75526138493758,11
854695,9.896794497683207,6
854706,9.796481285819503,11
854719,9.75527773602092,13
854727,9.820872855751007,8
854731,9.919557614255138,4
854975,3.876124101612856,244
854976,10.0,1
854982,9.888033476725607,6
854991,9.805472295851414,9
854995,9.934771691092985,4
855047,8.61685565310337,52
855057,9.814116116525593,10
855070,9.726961806181075,13
855084,9.686753273205992,14
855099,9.676138549626609,15
855126,9.377998743499871,27
855127,9.991572426489975,1
855140,9.707627451608126,13
855144,9.940066479830085,4
855155,9.751283048612366,11
855159,9.95066379107987,4
855176,9.653520126863894,17
855179,9.966247681304822,3
855190,9.760759740524103,11
855191,10.0,1
855193,9.975621265747858,2
855209,9.610449372598394,16
855224,9.675921513443933,15
855724,-11.2197234735483,500
855736,9.441925005895174,12
855750,9.719105233525891,14
855801,8.825567401045364,51
855813,9.737140554777953,12
855815,9.969228714161185,2
855825,9.586000227836067,10
855841,9.427667587560268,16
855857,9.652134301261723,16
855874,9.397315598433638,17
855880,9.886188789541706,6
856230,0.9566090632800606,350
856237,9.852553413390552,7
856256,9.659001026424415,19
856306,8.788800500778468,50
856324,9.642685970185461,18
856342,9.604036884233633,18
856343,9.996488634242475,1
856402,8.821966435380743,59
856412,9.761608734027394,10
856413,10.0,1
856508,7.985774580205019,95
856522,9.696199162486106,14
856624,7.113550015901595,102
856639,9.702849142035594,15
856651,9.541504509305843,12
856674,9.323192517332345,23
856696,9.513454777150761,22
856704,9.847735799496958,8
856768,8.635791997653165,64
856792,9.528704065084389,24
856830,9.135688600319696,38
856834,9.94842705801938,4
856853,9.570614217875017,19
856859,9.91599936150741,6
856875,9.607941494346031,16
856912,9.311356289973316,37
856933,9.552586305684587,21
856947,9.685024240119589,14
856952,9.927173712772355,5
856963,9.786773499020345,11
857003,7.6701041889190975,40
857018,9.509823166770463,15
857024,9.891894669018924,6
857030,9.87844229227617,6
857041,9.764495806565888,11
857042,10.0,1
857057,9.671262722487791,15
857063,9.879515082362422,6
857066,9.96503096547293,3
857079,9.698593314596426,13
857135,8.64493631290379,56
857147,9.5885164281873,12
857148,10.0,1
857149,9.996549811920698,1
857161,9.793015360408361,12
857175,9.709792477181136,14
857183,9.83878282152479,8
857195,9.741345136829572,12
857196,10.0,1
857219,9.542472159571265,23
857222,9.965160338760167,3
857233,9.791115407153082,11
857234,10.0,1
857348,7.149246475978801,114
857366,9.689444932258214,18
857371,9.90813867015078,5
857378,9.875610720253821,7
857393,9.655089094368153,15
857440,9.062280415767002,47
857455,9.6422048036945,15
857469,9.737810426593986,14
857476,9.859691102244689,7
857484,9.847427863482247,8
857499,9.640640057446486,15
857518,9.678493779541265,19
857532,9.690656549171655,14
857554,9.490498928563602,22
857569,9.705626049910316,15
857577,9.823117422382468,8
857582,9.927473035630547,5
857599,9.663662611879166,17
857610,9.23202763584451,11
857635,9.480442419008247,25
857646,9.750333844089285,11
857647,10.0,1
857677,1.0048737394710638,30
857683,9.907181142382905,6
857697,9.740280932623483,14
857698,10.0,1
857720,9.587000399367248,22
857742,9.423442433203332,22
857752,9.781144397611774,10
857755,9.964408294485434,3
857772,9.453152323787409,17
857785,9.679649741760668,13
857793,9.841971727895208,8
857844,8.687908939485016,51
857853,9.824250530032401,9
857854,10.0,1
857865,9.808163823089199,11
857866,10.0,1
857886,9.54693171094293,20
857905,9.652163502339496,19
857911,9.893085190488703,6
857915,9.93926835098429,4
857916,10.0,1
857918,9.982515280257193,2
857921,9.952205302635935,3
857931,9.327525436977782,10
857964,8.402242462139286,33
857970,9.87790417408644,6
857974,9.934982339070384,4
858014,9.079344960934261,40
858037,9.363587518328536,23
858060,8.3891508233731,23
858066,9.89879152629075,6
858075,9.82629908920257,9
858110,9.322892577756063,35
858133,9.44505382803844,23
858142,9.817628514521177,9
858164,9.514377921474082,22
858177,9.718676969912522,13
858206,9.426905336740344,29
858222,9.69756867967334,16
858228,9.900386147358919,6
858229,10.0,1
858247,9.620344802377664,18
858258,9.787928889851095,11
858278,9.566207803837221,20
858293,9.631430899905673,15
858311,9.627387459699735,18
858321,9.808834100419938,10
858324,9.968052070974025,3
858355,9.413187883784996,31
858356,10.0,1
858370,9.68844589309463,14
858406,8.87120822236359,36
858407,10.0,1
858419,9.715324967941939,12
858432,9.716195125237176,13
858438,9.908673005084516,6
858443,9.926792903833357,5
858483,9.273232986175275,40
858493,9.80623394662316,10
858496,9.959053702126061,3
858505,9.814830446541498,9
858518,9.706284819686125,13
858534,9.635669578344492,16
858536,9.984711142585935,2
858556,9.562807231774974,20
858568,9.780722738156294,12
858590,9.558226322114635,22
858616,8.896277722365106,26
858625,9.831933257612551,9
858638,9.722785923160224,13
858651,9.734896168724783,13
858659,9.859828051796015,8
858675,9.65260366977319,16
858692,9.599977939132406,17
858693,10.0,1
858697,9.946529337776305,4
858698,9.989461604781178,1
858718,9.579144941144442,20
858743,7.094598969473477,25
858755,9.731549555219914,12
858756,10.0,1
858779,9.502196242921048,23
858793,9.700043251571127,14
858807,9.711597397509454,14
858821,9.191767481400664,14
858878,8.766388532789977,57
858886,9.839861292772378,8
858889,9.653882924992885,3
858898,9.620343739343298,9
858914,9.659694756778913,16
858924,9.812879086754428,10
858925,10.0,1
858939,9.767467402996143,14
858949,9.617123247961624,10
858960,9.766810984268426,11
858969,9.822410761601798,9
858988,9.542051963249799,19
859009,9.646921185480286,21
859010,10.0,1
859025,9.659003479918772,15
859046,9.521133827276142,21
859174,6.159107446768175,128
859175,9.98676711184807,1
859214,8.102104971763593,39
859236,9.41602884651882,22
859242,9.88368277644943,6
859243,9.991517097902967,1
859255,9.746164073111348,12
859268,9.73980932772007,13
859286,9.610604353743955,18
859296,9.83528893234475,10
859302,9.888119236353356,6
859314,9.73945635650697,12
859315,9.996496714319491,1
859334,9.585284659723355,19
859344,9.777033675382116,10
859352,9.824487348931205,8
859366,9.67550519734445,14
859378,9.776127032318787,12
859395,9.663848152039117,17
859407,9.789657015291114,12
859408,10.0,1
859422,9.72939816498262,14
859424,9.985147368473092,2
859448,9.500838373562237,24
859457,9.80582637301858,9
859475,9.574245139853492,18
859481,9.882110497286403,6
859494,9.767442495728517,13
859512,9.633931500815427,18
859518,9.904048164191453,6
859535,9.633984645092504,17
859545,9.803519822449962,10
859556,9.727152371191641,11
859569,9.723012205345402,13
859577,9.858384897556098,8
859580,9.954915355591215,3
859590,9.809813767670878,10
859596,9.888543579987566,6
859626,9.379056532598202,30
859650,8.421757766813347,24
859654,9.936838582448821,4
859668,9.707879920771997,14
859675,9.859565638062788,7
859703,9.399548155493163,28
859714,9.76066958754116,11
859718,9.949198824578632,4
859736,8.290674376753834,18
859744,9.852269331956105,8
859776,9.048839370937314,32
859786,9.816606947329811,10
859799,9.749562587336925,13
859810,9.754511907994162,11
859811,10.0,1
859815,9.939471623989249,4
859831,9.62868137666137,16
859832,10.0,1
859837,9.917724303016659,5
859848,9.77161114627328,11
859857,9.82717207402033,9
859866,9.79797743386922,9
859871,9.922762093769167,5
859876,9.900323089290703,5
859891,9.702924196932237,15
859897,9.900041002593062,6
859926,5.7721797800387185,29
859930,9.533279264819743,4
859976,8.922580064243347,46
859992,9.349082540750517,16
860002,9.776536090526957,10
860044,8.974034875548623,42
860051,9.863065463777243,7
860068,9.613502683769829,17
860072,9.926105409792067,4
860080,9.843170141256511,8
860082,9.970619643638939,2
860124,8.711198503519567,42
860153,9.035735513437615,29
860167,9.703117018525631,14
860171,9.932865754118797,4
860200,9.369817021834727,29
860201,10.0,1
860509,3.3395477395856474,308
860545,9.322903694789641,36
860600,8.799642248188716,55
860639,7.970072558346977,39
860646,9.886224479050185,7
860654,9.862726955184513,8
860660,9.906256210541356,6
860665,9.909263787061589,5
860676,9.759303475981792,11
860694,9.617166006161503,18
860695,10.0,1
860711,9.642561722728708,16
860721,9.817935352624813,10
860863,2.3752785186028094,142
860869,9.90702753467126,6
860872,9.95874409424674,3
860879,9.864851752951687,7
860886,9.88408321159936,7
860909,9.606225601300181,23
860917,9.820634402755184,8
860918,10.0,1
860940,9.497115828630523,22
860957,9.67161600896493,17
860967,9.795223548771958,10
860990,9.04155769440144,23
861022,9.258783331913314,32
861029,9.885301185078553,7
861036,9.853728758166845,7
861070,8.878353065841315,34
861077,9.894997282092817,7
861084,9.851762722789129,7
861093,9.812192247063946,9
861099,9.909922564149724,6
861111,9.71415240639058,12
861113,9.975336230707631,2
861127,9.706470457116104,14
861140,9.73640217270197,13
861149,9.842303825218394,9
861158,9.806359285062035,9
861221,8.060081754572728,63
861242,9.563165887560778,21
861254,9.751097442093705,12
861271,9.591846995569139,17
861277,9.903396774616034,6
861293,9.660183448760858,16
861294,9.98670826135445,1
861303,9.83447260680925,9
861313,9.804574785677257,10
861314,10.0,1
861372,8.984994037022636,58
861385,9.697142715626097,13
861393,9.821494417207086,8
861407,9.709889171559267,14
861422,9.739723456172314,15
861424,9.978915711700461,2
861425,10.0,1
861441,9.749219438285992,16
861467,9.417618870474161,26
861478,9.769659590562222,11
861479,10.0,1
861488,9.82928808428002,9
861495,9.870744573693251,7
861503,9.837419041026578,8
861546,9.011287936847337,43
861624,-14.28154766641992,78
861649,6.4810832775508,25
861650,10.0,1
861657,9.883365322762527,7
861672,9.675063867801615,15
861680,9.858062093023221,8
861737,8.713587938895952,57
861738,10.0,1
861755,9.593195553055585,17
861764,9.81594375116175,9
861783,9.572060540413498,19
861799,9.660348476891357,16
861848,8.156038480161897,49
861854,9.904142587611197,6
861871,9.572624879746552,17
861884,9.693417384377474,13
861905,8.908958175456274,21
861914,9.806308623740838,9
862101,4.919720228801015,187
862143,9.068357539390275,42
862157,9.700960908676889,14
862195,9.151691437564713,38
862216,7.945832228148889,21
862220,9.947476594673038,4
862227,9.872411100410208,7
862242,9.171000932698476,15
862258,9.618461759613636,16
862269,9.77148837070048,11
862290,9.097083128705858,21
862304,9.690424228291143,14
862314,9.715388388570313,10
862428,7.755866178707397,114
862435,9.882008581839683,7
862436,10.0,1
862450,9.666417615033469,14
862465,9.688142009000622,15
862471,9.883025223194066,6
862971,-12.33716127221488,500
862983,9.757491868939306,12
862997,9.719768954788089,14
863008,9.77409790593265,11
863009,9.99586328271978,1
863018,9.801604970444805,9
863073,8.920853043893693,55
863084,9.798829143412956,11
863094,9.791300514656085,10
863109,9.69280668671319,15
863123,9.748715068314878,14
863138,9.622554481016962,15
863148,9.834273995270527,10
863150,9.981156212167647,2
863151,10.0,1
863153,9.968661473818301,2
863194,7.905428413639537,41
863201,9.65813207138638,7
863228,9.493502164247245,27
863240,9.7346035629524,12
863263,9.51664234463237,23
863278,9.683006423017535,15
863299,8.412877278166743,21
863300,10.0,1
863319,9.599917570557734,19
863326,9.860531743102776,7
863341,9.61504440989646,15
863356,9.731906126728605,15
863357,10.0,1
863366,9.825327177848733,9
863367,10.0,1
863375,9.839406732657583,8
863453,8.156869991665758,78
863470,9.613012927967809,17
863484,9.695426107614459,14
863498,9.694853984129491,14
863514,9.610179160682273,16
863524,9.800098101506562,10
863527,9.952489436439866,3
863536,9.858061751778097,9
863547,9.809409189864827,11
863554,9.85632094913988,7
863568,9.696758920613279,14
863569,10.0,1
863577,9.847574257362025,8
863589,9.770605455683036,12
863596,9.859353500945538,7
863603,9.865931551554063,7
863612,9.611827059654294,9
863622,9.827316181115012,10
863635,9.73210801973518,13
863683,3.4944631543886278,48
863689,9.896474613976817,6
863693,9.934782848193578,4
863706,9.717976971816086,13
863707,10.0,1
863717,9.81749938878114,10
863731,9.645133712582254,14
863761,9.379068341297154,30
863762,10.0,1
863782,9.464670088867583,20
863797,9.528206618363322,15
863825,9.511980612730765,28
863826,10.0,1
863842,9.593253608119314,16
863850,9.88273956107922,8
863861,9.767794344250406,11
863884,8.996610856435815,23
863899,9.489172559964436,15
864043,7.304831611243648,144
864280,4.110644200340968,237
864281,10.0,1
864284,9.96233775985137,3
864297,9.676573248125862,13
864310,9.736365549188685,13
864319,9.810081450146079,9
864332,9.707048201311318,13
864350,9.60501271635305,18
864371,9.566814029114493,21
864386,9.653335327279839,15
864391,9.92395123430357,5
864405,9.679753588004765,14
864457,8.920599344405396,52
864468,9.794414754369313,11
864897,-2.9339152342840986,429
864903,9.88341620938202,6
864904,9.986846627909255,1
864920,9.578915899391959,16
864929,9.824947460065593,9
864943,9.736553635936382,14
864956,9.72242524740749,13
864957,9.996423122075653,1
864964,9.867475803515948,7
864965,10.0,1
865001,9.303642554324636,36
865024,9.528476362423456,23
865025,10.0,1
865040,9.682693247065426,15
865077,9.173276030954574,37
865548,-0.5157244057712145,471
865556,9.863816532609405,8
865561,9.920312812949705,5
865625,6.167714731344226,64
865632,9.886144805699544,7
865643,9.749966350408773,11
865644,9.99657027836555,1
865645,10.0,1
865646,10.0,1
865667,9.460531090645143,21
865704,9.137068716121993,37
865719,9.718830852118856,15
865721,9.97472676147728,2
865735,9.663550470866568,14
865747,9.74680371180692,12
865767,9.293941343499283,20
865769,9.969922963184974,2
865770,10.0,1
865780,9.797850270705615,10
865781,10.0,1
865787,9.90825835361135,6
865791,9.93260355707043,4
865799,9.858045379457492,8
865828,9.374132915131204,29
865853,9.47735490377227,25
865857,9.742306313143631,4
865887,9.367387589828816,30
866387,-16.17483662439672,500
866394,9.876160090490655,7
866395,10.0,1
866409,9.727342809497928,14
866418,9.841319211383821,9
866438,9.577741968565329,20
866462,9.569612627318765,24
866482,9.636718819097911,20
866503,9.58339877713534,21
866513,9.820114121316951,10
866530,9.666852814185532,17
866547,9.658674164903744,17
866548,10.0,1
866568,9.427906285149374,20
866572,9.942934759464526,4
866599,9.42472367210616,27
866613,9.687481054256763,14
866632,9.59583193615299,19
866644,9.755046604948932,12
866654,9.829015168272397,10
866903,3.0020181219022497,249
866909,9.884602031184722,6
866919,9.789474089899436,10
866932,9.759036165747005,13
866939,9.862403280649307,7
866940,10.0,1
866946,9.894888157932408,6
866952,9.901708167499043,6
866964,9.735636678476384,12
866979,9.662451991616313,15
866982,9.855603992099965,3
866986,9.93616460314543,4
866998,9.71958139039529,12
867015,9.692890597911731,17
867026,9.764623680975927,11
867041,9.702214686149889,15
867048,9.865033179051999,7
867068,9.564478133582332,20
867071,9.955375806129346,3
867086,9.719385058280292,15
867097,9.77346999746779,11
867119,9.338167362488585,22
867130,9.77304248015212,11
867133,9.95613558031798,3
867143,9.818607814806635,10
867155,9.718616452318786,12
867380,3.247786859783292,225
867390,9.798304158483022,10
867408,9.65137607671151,18
867424,9.682639406623919,16
867432,9.829420507345441,8
867455,9.571740869090396,23
867470,9.643448590259752,15
867474,9.936873811866375,4
867482,9.845977529755007,8
867502,9.499574948167599,20
867514,9.731092324664335,12
867524,9.773879222975296,10
867554,9.446712315058182,30
867562,9.813514211348489,8
867575,9.693384488657545,13
867596,9.209678484247199,21
867608,9.726949352084471,12
867629,9.628724788586576,21
867639,9.80754628740658,10
867643,9.937091598008076,4
867657,9.771375674594923,14
867668,9.766502791994128,11
867671,9.959882791737307,3
867678,9.875101735097184,7
867684,9.891150530922468,6
867702,9.663431118691205,18
867704,9.967254339186393,2
867723,9.281993059975553,19
867724,10.0,1
867743,9.58648704941124,19
867764,9.528859926478539,21
867765,10.0,1
867774,9.81637963392106,9
867790,9.283355802747703,16
868290,-13.645809796025752,500
868301,9.767497784877438,11
868324,2.7399278515231558,23
868355,9.081815007837996,31
868397,9.042780511463368,42
868408,9.772716751986291,11
868423,9.65783166675385,15
868436,9.702966287141699,13
868440,9.543172405613108,4
868441,9.987264285418233,1
868456,9.680465809581362,15
868473,9.442158748922708,17
868476,9.951670620200382,3
868485,9.819539594707763,9
868522,9.01239661274516,37
868527,9.900734808772055,5
868533,9.89693457398424,6
868546,9.759614214463788,13
868554,9.847547299717286,8
868564,9.813932148270654,10
868569,9.724919666787825,5
868570,9.98813862239997,1
868592,9.505689775613128,22
868609,9.63750711693165,17
868615,9.80008661781475,6
868629,9.736756320677069,14
868640,9.826073636914423,11
868664,9.496145959658321,24
868692,9.385206360192965,28
868713,9.59495956869402,21
868723,9.811989287112716,10
868734,9.757953690282871,11
868742,9.826439461749153,8
868759,9.331603326820515,17
868783,9.512956640028918,24
868796,9.507220835137415,13
868802,9.892217728327163,6
868813,9.753831484959571,11
868819,9.901584792171676,6
868830,9.770860021439363,11
868836,9.90514163271176,6
868851,9.722467015719575,15
868864,9.447493972758624,13
868877,9.703630365092707,13
868888,9.795294338470676,11
868979,8.121116214522129,91
868980,10.0,1
868997,7.096838503790057,17
869001,9.941383048407712,4
869014,9.693948107100953,13
869021,9.853939275897469,7
869046,9.427368969907427,25
869060,9.686814298029043,14
869074,9.695721059539258,14
869084,9.805848292727003,10
869095,9.734090173208122,11
869141,8.431557062929478,46
869156,9.686069105095081,15
869164,9.847049057933676,8
869177,9.705166919132454,13
869197,9.535887972877799,20
869231,9.161250585169462,34
869244,9.420190097883493,13
869265,9.214754122643251,21
869276,9.756757911323723,11
869290,9.680248557453584,14
869302,9.749408434279317,12
869305,9.961494269222662,3
869326,9.544483826864539,21
869349,9.56471848177818,23
869351,9.97022046000653,2
869352,9.99328719549808,1
869381,9.472382511278388,29
869385,9.93126825630665,4
869408,9.535897476430087,23
869416,9.85574142164006,8
869432,9.661856543618907,16
869453,9.56950755256982,21
869467,9.727268549241046,14
869478,9.756304076498717,11
869491,9.727254310721506,13
869991,-9.810253236844213,500
870028,9.266517969484362,37
870066,9.161506824371314,38
870099,9.357290717705132,33
870127,9.483827887710925,28
870161,5.732349530984665,34
870166,9.905112618004031,5
870177,9.771778976569873,11
870187,9.831613846664574,10
870204,9.674015653009832,17
870210,9.894586765049999,6
870219,9.829869590019289,9
870224,9.940203833983958,5
870237,9.734666870786771,13
870240,9.967924088003288,3
870254,9.651367994628322,14
870269,9.709807304747297,15
870276,9.853818581524491,7
870286,9.84374180139695,10
870300,9.695962985514411,14
870310,9.788811122292678,10
870332,9.513977176235988,22
870339,9.851011221721167,7
870342,9.950612719123948,3
870354,9.727348122040095,12
870367,9.743440251066184,13
870368,9.99336727986621,1
870397,9.255671737227386,29
870425,9.459013184314355,28
870429,9.930163932023538,4
870433,9.937245363308241,4
870438,9.923158181700323,5
870439,10.0,1
870465,9.368252072085738,26
870475,9.81400843429359,10
870485,9.809458011798485,10
870491,9.871154433852263,6
870492,10.0,1
870494,9.974459579875425,2
870505,9.791356706318595,11
870535,9.423756247121348,30
870543,9.887146292904369,8
870544,10.0,1
870565,9.592398727337585,21
870571,9.898136329627878,6
870577,9.876202641838395,6
870590,9.718848135386418,13
870605,9.569614030018336,15
870608,9.950565442034106,3
870609,10.0,1
870615,9.911221474959492,6
870630,9.67902073851453,15
870638,9.859186335407488,8
870647,9.620522417597817,9
870652,9.934479591931895,5
870668,9.606835886724063,16
870671,9.964757639514765,3
870701,9.469599449725328,30
870712,9.760249511938285,11
870714,9.971979466793893,2
870725,9.751552012277564,11
870738,9.749985253493534,13
871044,0.47976124552751287,306
871070,9.480049122560334,26
871088,9.634436045645762,18
871112,9.43625087008514,24
871127,9.645573923691947,15
871128,10.0,1
871132,9.94704521635755,4
871133,9.988016245531742,1
871134,10.0,1
871151,9.598360457891607,17
871161,9.812355080792532,10
871172,9.771141605135616,11
871180,9.841201032523477,8
871181,10.0,1
871183,9.98088580216206,2
871190,9.867482041086866,7
871220,9.30497154488009,30
871232,9.769412137244023,12
871247,9.640167766469377,15
871262,9.494204801138276,15
871351,7.336424535637742,89
871352,10.0,1
871373,9.538832143338261,21
871374,10.0,1
871376,9.979574620370377,2
871422,8.932487362477376,46
871430,9.76623121696452,8
871452,9.168093826196243,22
871458,9.910788047711495,6
871473,9.714380232847471,15
871478,9.924801807255426,5
871489,9.78676126917329,11
871491,9.981496063818824,2
871492,10.0,1
871519,9.47211513039165,27
871528,9.808642800946698,9
871534,9.897166732859402,6
871544,9.776302903044984,10
871557,9.730262272283326,13
871563,9.907421047250516,6
871578,9.713664524490584,15
871595,9.607077710495156,17
871607,9.723010488602398,12
871611,9.943438067049522,4
871626,9.69137805535703,15
871635,9.830401657212452,9
871661,9.482272789900689,26
871665,9.939894826538321,4
871674,9.812747822571472,9
871680,9.889030566448694,6
871696,9.590408947446356,16
871725,9.236486085290045,29
871737,8.808006313067347,12
871763,9.494216984406847,26
871780,9.586013325520916,17
871799,9.654222665048428,19
871814,9.632413201071111,15
871823,9.800038291337659,9
871840,9.675001548169176,17
871851,9.765628778400798,11
871860,9.835393988085182,9
871869,9.783122101027066,9
871894,9.26918034505655,25
871911,9.622877008995918,17
871928,9.649228340388738,17
871929,10.0,1
871936,9.891302577852333,7
871946,9.78403013677031,10
871955,9.780125328238194,9
871956,10.0,1
871975,9.571447534259262,19
871976,10.0,1
871984,9.837993438110708,8
872240,5.202550502537333,256
872251,9.777753472864308,11
872252,10.0,1
872262,9.769088491766428,10
872269,9.87999914340736,7
872288,9.570844843143954,19
872324,9.267485680743235,36
872346,9.558049343299654,22
872377,9.358242314594575,31
872385,9.822731127179853,8
872394,9.806212519360473,9
872894,-11.817655249497504,500
872897,9.958248154941868,3
872924,6.2354057103226594,27
872977,8.778304323631112,53
872988,9.759563367501853,11
872998,9.803847436166892,10
873009,9.782080999705427,11
873027,9.635427391431248,18
873058,9.25063010037335,31
873079,9.517165797207918,21
873119,9.061820735248963,40
873126,9.86634535583895,7
873127,10.0,1
873155,9.313016272333668,28
873188,9.33731659324437,33
873204,9.680147932923239,16
873218,9.711727005760144,14
873231,9.680196782316063,13
873251,9.517786266655488,20
873253,9.967289468747945,2
873294,8.676082007385416,41
873309,9.689470434916446,15
873318,9.82911133159697,9
873319,10.0,1
873416,7.550676601565025,97
873424,9.84062010261921,8
873435,9.773977744079602,11
873440,9.907873704222911,5
873453,9.71591307774899,13
873454,10.0,1
873485,9.417774242375426,31
873495,9.797893473425814,10
873503,9.817456490208368,8
873508,9.92464390888028,5
873517,9.840683529886975,9
873523,9.88518056788838,6
873562,2.116220242700588,39
873575,9.758465755012177,13
873595,9.610427268936583,20
873596,10.0,1
873604,9.862751522552268,8
873605,10.0,1
873615,9.803327368941726,10
873633,9.621357655561114,18
873654,9.57155041521128,21
873660,9.80316612777071,6
873667,9.859291515076597,7
873688,9.48342876454751,21
873740,8.820235741275651,52
873750,9.7886676051445,10
873759,9.852634661785784,9
873776,9.660228204802074,17
873786,9.798673437707166,10
873798,9.741061950322985,12
873810,9.7303855900421,12
873827,9.610876009956499,17
873839,9.756182482757856,12
873847,9.8493855811506,8
873848,10.0,1
873865,9.60482613507939,17
873866,10.0,1
873872,9.888649590599028,6
873895,9.542054146283318,23
873918,9.572697819283565,23
873922,9.929643343582988,4
873955,9.421128509292767,33
873972,9.647506618032773,17
873975,9.96236068412943,3
873982,9.874245387523043,7
873985,9.950129595485574,3
873991,9.889787185975184,6
874007,9.721185723851674,16
874012,9.902113676666781,5
874013,9.98760155322173,1
874029,9.698527447021911,16
874047,9.616886243493079,18
874060,9.726371254611022,13
874061,10.0,1
874063,9.985171681952613,2
874069,9.887910338215045,6
874076,9.851855674060085,7
874099,9.366648332337153,23
874111,9.719517176709115,12
874112,10.0,1
874206,8.028936145640872,94
874353,6.640541579460997,147
874361,9.83976842168827,8
874366,9.90610948191519,5
874387,9.56561997834616,21
874388,10.0,1
874398,9.793842268710659,10
874413,9.67549424743112,15
874583,6.85194428141915,170
874585,9.978646117069305,2
874611,9.41314914289384,26
874612,10.0,1
874624,9.722659088067598,12
874633,9.853652398194948,9
874640,9.87653494375493,7
874641,10.0,1
874657,9.34040336447744,16
874658,10.0,1
874690,9.24624971567781,32
874710,9.638703342564437,20
874719,9.826332071596152,9
874738,9.581058385143669,19
874745,9.857668048547714,7
874749,9.94521274134468,4
874767,9.613959649004538,18
874789,9.570331122744967,22
875276,-5.130575178694695,487
875286,9.769802791194492,10
875293,9.884848792004835,7
875305,9.771893944286415,12
875320,9.651930581267791,15
875331,9.479434883525693,11
875339,9.84829419251605,8
875352,9.717170210839672,13
875357,9.91464485480323,5
875365,9.826396900229016,8
875633,3.3651981592681324,268
875634,10.0,1
875635,10.0,1
875639,9.950212631815807,4
875640,10.0,1
875644,9.937241871553674,4
875656,9.7834770345285,12
875671,9.630398564886374,15
875709,9.2774409521195,38
875718,9.832354084416128,9
875740,9.498585428733557,22
875751,9.771237925418271,11
875752,10.0,1
875758,9.907248467760803,6
875774,9.640432376886269,16
875791,9.619114158748092,17
875809,9.61438111935368,18
875830,9.47778888022281,21
875836,9.870628222331899,6
875839,9.864123241349406,3
875842,9.953717410988189,3
875863,9.59029579744762,21
875876,9.709172105534968,13
875881,9.92193952973865,5
875882,10.0,1
875896,9.704947432086326,14
875907,9.74532559865894,11
875909,9.984488141534701,2
875912,9.964680640089208,3
875921,9.817511764344307,9
875949,9.397408712211355,28
875958,9.856351191229834,9
875966,9.828118208659443,8
875967,10.0,1
875996,9.077857622232374,29
876007,9.78300895226437,11
876022,9.669120522935962,15
876030,9.849246011491681,8
876052,9.486188181118017,22
876071,9.527846453074654,19
876085,9.722424098540422,14
876111,9.462452357679549,26
876124,9.660365005312991,13
876140,9.626915871679806,16
876141,10.0,1
876149,9.808658745386595,8
876156,9.875845728610354,7
876161,9.920380712931559,5
876172,9.767348046369195,11
876374,5.700858640440327,202
876388,9.724402338628328,14
876398,9.525724245747055,10
876420,9.404535091745217,22
876439,9.594340268039145,19
876445,9.917440079827855,6
876464,9.557059250599913,19
876474,9.818248905972208,10
876484,9.76311367356011,10
876500,9.58050433061788,16
876506,9.889590345706939,6
876521,9.714580156892506,15
876523,9.977956706748143,2
876532,9.807661417410023,9
876604,8.297452230147245,72
876613,9.82413063768375,9
876628,9.706088392098382,15
876645,9.601810807019131,17
876712,8.30332263830522,67
876749,9.186737463148678,37
876766,9.664303944349106,17
876767,10.0,1
876800,9.32433137905745,33
876815,9.6711831759291,15
876861,8.71763827967775,46
876886,9.343145628059421,25
876905,9.550045919779388,19
876924,9.600951745014026,19
876927,9.957703547594384,3
876945,9.640385991594142,18
876963,9.642395000196984,18
876986,9.448502619377127,23
876987,9.98846907677872,1
877022,9.217772324282652,35
877025,9.959925141149693,3
877040,9.71724029664159,15
877059,7.856590381409002,19
877078,9.603711130714698,19
877095,9.569423821060127,17
877112,9.698233655552194,17
877124,9.710043656834713,12
877127,9.950508704473885,3
877149,9.517697119375724,22
877156,9.8929724366491,7
877158,9.982711420741376,2
877173,9.719081205372484,15
877195,9.498069830234844,22
877232,9.213315417428806,37
877244,9.745299491602879,12
877278,9.25611110461391,34
877288,9.782136018591089,10
877299,9.771604189854425,11
877311,9.729958397083704,12
877327,9.659758321946512,16
877336,9.816854321733974,9
877350,9.733511534553154,14
877360,9.774652324480687,10
877368,9.873854627681677,8
877369,10.0,1
877370,9.991728385705613,1
877394,8.470326807325275,24
877412,9.363923763078782,18
877493,8.222177526996667,81
877540,9.097934053067315,47
877547,9.88251732356997,7
877565,9.581389024088335,18
877599,9.363548045527525,34
878099,-10.074870413266483,500
878110,9.785255353105578,11
878116,9.904034279339495,6
878124,9.834098378042814,8
878359,5.724906132610044,235
878373,9.338851215946692,14
878409,9.270048584695527,36
878526,7.499174310801142,117
878648,7.328311863663418,122
878656,9.822029001459555,8
878691,9.366569124454548,35
878694,9.96033231947528,3
878731,9.25676579420592,37
878758,9.529945306288917,27
878760,9.982341121832464,2
878908,7.011883703060599,148
878913,9.924902447128018,5
878943,9.379611361165667,30
878959,9.656180450024511,16
878969,9.81130556258801,10
879004,9.096262596732563,35
879026,9.517683530004058,22
879061,8.022255693260194,35
879090,9.223485359306917,29
879127,7.495801545318487,37
879131,9.941047345492283,4
879143,9.757620745359151,12
879151,9.848024288844043,8
879161,9.8068610543892,10
879168,9.857422553579385,7
879169,10.0,1
879181,9.743322178032102,12
879182,10.0,1
879200,9.703458756619138,18
879226,9.47474950582178,26
879230,9.9431187986294,4
879231,9.992052231395505,1
879234,9.953157479414301,3
879248,9.718644083736192,14
879277,9.492340730590742,29
879296,9.521711723136715,19
879297,10.0,1
879312,9.633652367155596,15
879343,9.417035298690948,31
879357,9.66723951810248,14
879366,9.80450658836612,9
879372,9.899487374270107,6
879373,10.0,1
879455,8.237542541598144,82
879465,9.787099606828068,10
879470,9.907086339627538,5
879488,9.603186648495827,18
879504,9.630734112097878,16
879529,9.38867326614524,25
879544,9.709263911379626,15
879545,10.0,1
879562,9.716827391083681,17
879585,9.56826781345437,23
879594,9.830264061797337,9
879602,9.874203301699472,8
879607,9.926997400377916,5
879608,10.0,1
879618,9.817787895781148,10
879628,9.805754407232051,10
879648,9.569145872149516,20
879649,10.0,1
879665,9.709180939099628,16
879666,10.0,1
879683,9.675801797529319,17
879694,9.772053303061284,11
879708,9.701844137826662,14
879709,10.0,1
879785,8.441821513171764,76
879796,9.781282742362862,11
879828,9.327102361630596,32
879847,9.574394392745024,19
879863,9.628513317600591,16
879877,9.693188590043457,14
879885,9.826953773367846,8
879890,9.918415953603235,5
879907,9.621434671218045,17
879930,9.588162777341395,23
879939,9.844021326340044,9
879942,9.957592182847339,3
879943,10.0,1
879953,9.829211422192929,10
879960,9.85924222349369,7
879969,9.825359205830832,9
879984,9.673462442448615,15
879985,10.0,1
879998,9.496473343226398,13
880019,9.575275153525277,21
880050,9.371271387657378,31
880052,9.985300719578545,2
880064,9.726494233517252,12
880075,9.757957546672737,11
880094,9.580641235762563,19
880120,9.460416689017238,26
880147,9.470579418103647,27
880156,9.846328478881453,9
880159,9.955688017403663,3
880160,10.0,1
880176,9.646244866366128,16
880327,6.947830349495181,151
880334,9.86643394043507,7
880348,9.706631460830234,14
880362,9.718200182396739,14
880365,9.956707318551485,3
880372,9.878658194217158,7
880387,9.734029865249571,15
880393,9.881830380838467,6
880399,9.904611818736871,6
880412,9.746856780069796,13
880421,9.851667980249196,9
880440,9.236614355102338,19
880452,9.746027771045396,12
880469,9.661077958872491,17
880478,9.843772812741081,9
880488,9.802793375584251,10
880494,9.889439303742465,6
880502,9.84751376791108,8
880512,9.804248010828875,10
880519,9.871609966304575,7
880529,9.803064497123504,10
880539,9.785805004208266,10
880546,9.862199466877447,7
880565,9.667185436428444,19
880631,8.677752547460374,66
880648,9.658886696554575,17
880649,10.0,1
880669,9.605794560998746,20
880683,8.879605021863203,14
880687,9.943434201031927,4
880730,9.102010885308086,43
880733,9.967193431786015,3
880754,9.51324853727144,21
880766,9.763325158096817,12
880773,9.883353319993416,7
880778,9.91623179571752,5
880779,10.0,1
880798,9.543783027859003,19
881298,-12.003646129962801,500
881324,6.288596569639403,26
881333,9.698731016942864,9
881358,9.430948694013258,25
881364,9.91240588640265,6
881864,-11.899718183766424,500
881889,9.496395790917884,25
881904,9.34925733492033,15
881920,9.687992565182112,16
881923,9.963541960727138,3
881937,9.686841453510187,14
881951,9.737226442471112,14
881960,9.840943430517695,9
881971,9.373885445524111,11
881986,9.689628919012668,15
881991,9.911229634573235,5
881996,9.937446283533003,5
882024,9.474689447542183,28
882037,9.766290795184908,13
882048,9.698945565644687,11
882055,9.470397295925668,7
882060,9.90706504932473,5
882432,0.4531489369060733,372
882439,9.876255924781496,7
882465,9.51517162635857,26
882479,9.71996568139203,14
882488,9.832494091990926,9
882496,9.856704759891741,8
882498,9.974035519953578,2
882520,9.462804482399418,22
882555,2.085827270178269,35
882574,9.5774604133973,19
882583,9.745798454635057,9
882602,9.651444526114647,19
882613,9.780314000640757,11
882617,9.949445263179888,4
882632,9.706716386560103,15
882633,10.0,1
882634,10.0,1
882648,9.746551678993237,14
882676,9.427840341461543,28
882683,9.861095523766632,7
882844,6.355437460616872,161
882845,10.0,1
882857,9.741044910093006,12
882870,9.75310668142755,13
882875,9.903471146088698,5
882890,9.693429088485,15
882902,9.731113350535196,12
882903,10.0,1
882923,9.661950104283092,20
882941,9.59122827354014,18
882955,9.734815398252953,14
882968,9.736152896731294,13
882969,10.0,1
883001,9.43134982495671,32
883071,8.690019406261788,70
883087,9.631441575899217,16
883100,9.784292301408357,13
883117,9.65446588246846,17
883157,9.288498213936148,40
883180,9.582008801126294,23
883188,9.836189912168452,8
883242,8.91332995434491,54
883252,9.77672775368432,10
883259,9.853735825688206,7
883274,9.718750214080238,15
883523,4.22985183743068,249
883533,9.837065077641268,10
883539,9.893486328863137,6
883552,9.47944010300655,13
883557,9.90835730240079,5
883573,9.698854092795385,16
883579,9.893272306246052,6
883592,9.746724288342353,13
883599,9.859341221312297,7
883615,9.729553252004564,16
883622,9.880511347916848,7
883627,9.92734211040187,5
883680,8.461969025724715,53
883704,9.509887945875391,24
883712,9.861088034675467,8
883715,9.971922012788886,3
883723,9.872662070512105,8
883737,9.669570959176475,14
883745,9.84847121109995,8
883771,9.429237645996489,26
883788,9.380647238645947,17
883791,9.968998152192114,3
883799,9.84262374918229,8
883813,9.411031331762489,14
883828,9.64930409509609,15
883840,9.559320693657705,12
883855,9.747590678153736,15
883859,9.93720660200768,4
883867,9.859042267601343,8
883874,9.876927640291184,7
883887,9.70497249192537,13
883888,10.0,1
883889,9.988984520405028,1
883899,9.779827418958527,10
883915,9.106523939589058,16
883924,9.825389369561304,9
883925,10.0,1
883926,9.99308384499042,1
883943,8.75231985917846,17
883957,9.733192245388752,14
883962,9.913286878850943,5
883972,9.815035919152246,10
883973,10.0,1
884473,-207.84459628122204,500
884493,9.596923987401734,20
884494,9.992879983660545,1
884531,9.28489321143661,37
884545,9.096044987605463,14
884551,9.887454162385254,6
884573,9.568873685517168,22
884581,9.859207796091098,8
884672,7.795136997369676,91
884689,9.708044457380687,17
884720,9.323764738880376,31
884721,10.0,1
884732,9.762069480650151,11
884769,9.126557868743287,37
884784,9.668427972100746,15
884811,9.044399662234717,27
884824,9.720064134083719,13
884836,9.717038596688457,12
884838,9.971628756111167,2
884856,9.59757501490365,18
884860,9.948388015781822,4
884870,9.599673045668643,10
884871,9.99232582143013,1
884879,9.847497257423454,8
884882,9.965622915359585,3
884888,9.784124481034961,6
884904,9.637257299440135,16
885028,7.826597850400983,124
885037,9.845159156566268,9
885046,9.79608033486149,9
885049,9.959578561495768,3
885064,9.63573248815707,15
885077,9.731589483723493,13
885086,9.806611595679358,9
885097,9.779543507704837,11
885109,9.739282990279037,12
885113,9.923261100092738,4
885114,10.0,1
885125,9.780580599679865,11
885135,9.691341868928694,10
885139,9.943404790937219,4
885144,9.915802896914471,5
885326,3.243450884589814,182
885340,9.763394000366674,14
885349,9.818686686827284,9
885364,9.69912259659341,15
885367,9.953376715215827,3
885393,9.472786471127673,26
885415,9.462213659630594,22
885429,9.718483727269101,14
885447,9.621683934975243,18
885449,9.98316746930766,2
885459,9.80580052730894,10
885468,9.84163284798737,9
885479,9.768376120233924,11
885493,9.75265207363152,14
885524,9.390253911114888,31
885537,9.70770751718883,13
885542,9.895050744905925,5
885551,9.818727107705381,9
885563,9.759674360740522,12
885564,10.0,1
885568,9.836758808118294,4
885581,9.756738276888797,13
885604,9.508319269619319,23
885613,9.837126244078986,9
885620,9.855552371117458,7
885639,9.13502149972325,19
885648,9.838937167226243,9
885672,9.428703812475344,24
885693,9.502446012468372,21
885694,9.995761764190997,1
885724,9.339381500836177,30
885747,9.585690117760603,23
885749,9.98212315364935,2
885764,9.254248057160318,15
885769,9.904773816239812,5
885773,9.943921261072756,4
885778,9.906151792522495,5
885785,9.881125747711748,7
885791,9.894434022778517,6
885798,9.88035303699488,7
885815,4.944784413838498,17
885817,9.976649965065272,2
885835,9.558127129135302,18
885840,9.922976009488298,5
885842,9.984170386642916,2
885855,9.737123505153964,13
885868,9.738128797986189,13
885881,9.748130506414707,13
885884,9.96726484449709,3
885900,9.649583168217228,16
885911,9.75499518003271,11
885923,9.760050916568181,12
885950,9.486993628053535,27
885961,9.787524534770384,11
885976,9.71841693091442,15
885985,9.778172673312223,9
885996,9.829260940210737,11
886009,9.739049058695505,13
886016,9.878862268783076,7
886063,9.028492018388942,47
886069,9.902565932042757,6
886091,9.521774922324544,22
886112,6.8532437561423105,21
886133,9.569060186583751,21
886169,9.216956594948806,36
886194,9.563442680909262,25
886221,9.473878025835669,27
886231,9.797282211744687,10
886247,9.442221411086397,16
886351,8.139805824229963,104
886363,9.752384338980402,12
886384,7.982402198075698,21
886395,9.790739960212008,11
886402,9.891445951965133,7
886403,10.0,1
886483,8.453295266589452,80
886487,9.934537119234905,4
886493,9.908902775728592,6
886511,9.562299045235955,18
886611,4.171007928786276,100
886630,9.640372147097155,19
886643,9.722563370375866,13
886702,8.808904007573238,59
886714,9.72743798130674,12
886726,9.772093184426927,12
886742,9.663364912265742,16
886753,9.742869225113793,11
886759,9.887826537941033,6
886764,9.722784089371922,5
886768,9.93252759306316,4
886858,8.29400654454209,90
886894,9.2089572090012,36
886902,9.830899995972104,8
886936,9.417623312795026,34
886956,9.607707061030974,20
886968,9.756431418092765,12
887013,9.207130098587267,45
887016,9.962320334060893,3
887027,9.741783552451842,11
887030,9.963121714819803,3
887048,9.621723146480171,18
887163,7.731454611185148,115
887195,9.40751384741361,32
887227,9.321022412559927,32
887349,7.452751138682764,122
887380,9.369610153032005,31
887389,9.813596139282376,9
887401,9.727395485343584,12
887411,9.762409791885657,10
887436,9.522497752353079,25
887443,9.866137129948962,7
887458,9.685590035823962,15
887466,9.844297003695658,8
887499,9.194160534117978,33
887500,10.0,1
887502,9.975211651404953,2
887509,9.860858353089215,7
887523,9.703383946447133,14
887538,9.656232576901486,15
887564,9.486746006465252,26
887569,9.90866511717772,5
887582,9.545493164262789,13
887588,9.889143630991924,6
887597,9.821688750137879,9
887600,9.965431861063053,3
887610,9.796062799119113,10
887623,9.740755097916002,13
887642,9.53886423239457,19
887656,9.723411958048786,14
887666,9.822844756012595,10
887676,9.710833737749782,10
887712,9.223066869601668,36
887721,9.826209767691633,9
887723,9.981810398735961,2
887727,9.927531818405303,4
887728,10.0,1
887738,9.816545046942602,10
887745,9.8898487870587,7
887759,9.716967939711374,14
887763,9.941663580479023,4
887770,9.883497972981619,7
887791,9.471108810889286,21
888110,3.556326895675384,319
888119,9.828424247216903,9
888173,8.846807458545571,54
888186,9.768019900082459,13
888197,9.81914159375359,11
888216,9.321195487492203,19
888232,9.611890143736481,16
888245,9.703743530701727,13
888266,9.531972835024598,21
888273,9.874716051732968,7
888293,9.509318425499513,20
888311,9.602688164382231,18
888321,9.832354696362252,10
888324,9.961038517766275,3
888333,9.839629216500946,9
888334,10.0,1
888344,9.797310353195487,10
888349,9.924322348360286,5
888365,9.656668375524898,16
888380,9.713476468714994,15
888387,9.874439684001024,7
888413,9.511059869825203,26
888426,9.730814343910577,13
888436,9.816299712313576,10
888438,9.972779121729037,2
888439,10.0,1
888454,9.483397122233423,15
888482,9.458226490281323,28
888495,9.733556838271923,13
888512,9.475291658036072,17
888513,10.0,1
888523,9.824230500152819,10
888528,9.913967791045907,5
888543,9.666595581110949,15
888568,9.457426351524155,25
888579,9.80200432565093,11
888588,9.811928816741226,9
888612,9.537185006865657,24
888614,9.972007836586268,2
888615,10.0,1
888616,10.0,1
888631,9.47201631218137,15
888642,9.796683446433766,11
888652,9.786729808908587,10
888665,9.65563457589736,13
888704,9.378772706330041,39
888755,9.073154385082923,51
888768,9.732627345127467,13
888772,9.936629491147071,4
888784,9.739215757322055,12
888804,9.618482439469432,20
888811,9.578327289653918,7
888823,9.649779294254603,12
888836,9.71839907331238,13
888859,9.642260560665315,23
888891,9.345292821806828,32
888897,9.880437951281067,6
888902,9.913760006194822,5
888935,9.350653156587148,33
888936,10.0,1
888966,9.488629719980961,30
888989,9.35459811126717,23
889012,9.599406252344584,23
889066,6.631090847505899,54
889067,10.0,1
889077,9.794726785078298,10
889087,9.828218551132872,10
889095,9.853236353189509,8
889116,9.58313399668315,21
889137,9.520154941215251,21
889155,9.395772491690494,18
889189,2.7170376146951636,34
889195,9.888820243950732,6
889203,9.863220279420556,8
889222,9.56090159228157,19
889226,9.943332055268462,4
889325,8.2539737603417,99
889335,9.828359189155417,10
889345,9.803969135641225,10
889351,9.916177344744261,6
889370,9.610238361795497,19
889386,9.60616129468245,16
889519,7.364487831287997,133
889533,9.743797464474076,14
889534,10.0,1
889547,9.706254649428821,13
889568,9.509100175699475,21
889599,9.25005091362824,31
889620,9.625082210357839,21
889621,10.0,1
889630,9.813973481589302,9
889658,9.38875759310987,28
889697,9.131729547206358,39
889709,9.755025116842305,12
889724,9.66977321859455,15
889729,9.922498065248705,5
889742,9.76181826356783,13
889769,9.473384635070651,27
889770,10.0,1
889779,9.824124631403826,9
889792,9.70370973185993,13
889795,9.972489341734958,3
889801,9.888296378994802,6
889812,9.748238361004672,11
889814,9.985020405386074,2
889826,9.74140352095924,12
889858,8.875331583587206,32
889876,9.548969589930214,18
889877,10.0,1
889884,9.852923743174799,7
889891,9.861471060652939,7
889911,9.553924267619236,20
889921,9.826758934532286,10
889933,9.741707775777492,12
889957,9.030178798038284,24
889981,9.428980865659677,24
889996,9.444937771729883,15
890014,9.637480124738548,18
890023,9.850829027532669,9
890042,9.536702219512417,19
890043,10.0,1
890071,8.05966271409728,28
890078,9.857220097172577,7
890084,9.879881974494618,6
890099,9.663669830404949,15
890120,9.474224350584926,21
890127,9.848334897431648,7
890140,9.702736938183186,13
890161,9.625293831404795,21
890174,9.643274854443549,13
890175,9.993316187844012,1
890199,8.697679881980086,24
890235,9.193742533217778,36
890245,9.824728062271337,10
890256,9.753794625120806,11
890288,9.382295987047211,32
890307,9.602843734845422,19
890317,9.780466977684844,10
890340,9.558605328896402,23
890345,9.913891224961995,5
890355,9.813296546124853,10
890362,9.882419885854889,7
890387,9.538480416528685,25
890398,9.802178847941214,11
890406,9.824512816105132,8
890427,9.471323292158377,21
890435,9.65697668158043,8
890445,9.824760336773595,10
890506,8.362460606939946,61
890525,9.475338432568904,19
890543,9.611416984445997,18
890553,9.80396220760382,10
890554,10.0,1
890569,9.66766002210638,15
890585,9.728777093594092,16
890601,9.431729155397623,16
890630,9.450327036906282,29
890639,9.811361296957742,9
890682,7.8221877280879895,43
890685,9.963704530799937,3
890694,9.810347924440592,9
890695,10.0,1
890701,9.90014257844148,6
890711,9.819290778612539,10
890720,9.814797533829767,9
890730,9.516135538369749,10
890731,10.0,1
890760,9.359024415057243,29
890787,9.42937366378353,27
890793,9.888896522056985,6
890797,9.931358130197182,4
890802,9.625445263055022,5
890820,9.586957225934063,18
890831,9.76979385102893,11
890842,9.745186099088546,11
890847,9.918938534527005,5
890857,9.80035655797209,10
890868,9.616659599914689,11
890880,9.736982538863888,12
890902,9.343487380455366,22
890909,9.872657783008856,7
890919,9.805517470488224,10
890925,9.877280851617279,6
890926,10.0,1
890927,10.0,1
890943,9.658610479171697,16
890999,8.958538181360192,56
891000,10.0,1
891009,9.830275615564451,9
891043,4.4292740870319784,34
891048,9.899153702933452,5
891150,6.781552080014456,102
891162,9.735797610257546,12
891163,10.0,1
891170,9.854936500943397,7
891175,9.924168660699483,5
891188,9.741013325957114,13
891194,9.896356828134179,6
891210,9.522827331565502,16
891222,9.585224812771639,12
891249,9.438339524579888,27
891281,9.35141722139122,32
891345,1.6666256183911177,64
891346,10.0,1
891357,9.780231401731031,11
891367,9.823451909808115,10
891375,9.823127815792876,8
891389,9.71076057351,14
891424,9.339013303715914,35
891434,9.769998673102249,10
891934,-21.61880873776298,500
891938,9.939417646067351,4
891944,9.920132357564121,6
891952,9.84785766443761,8
891959,9.887178883308044,7
891963,9.93805218236585,4
891972,9.806310105550107,9
891988,9.627324889666061,16
891996,9.834909736706146,8
892013,9.636490646923932,17
892016,9.955815191732396,3
892027,9.7468745671204,11
892049,9.570148040831537,22
892057,9.839074294622868,8
892077,8.872658055648532,20
892084,9.886872025199274,7
892101,9.49072284906849,17
892125,9.490034781754245,24
892138,9.699275608501782,13
892142,9.931241499742033,4
892151,9.721780141731902,9
892166,9.665117571898332,15
892167,10.0,1
892172,9.906956627078534,5
892202,7.995581450157535,30
892218,9.671333371635987,16
892233,9.69101241587259,15
892293,8.83909752211625,60
892297,9.929657241677694,4
892327,9.235051236254353,30
892379,9.051078735719791,52
892443,8.806331929940288,64
892463,9.543945203311639,20
892467,9.949340749795388,4
892477,9.79210904561563,10
892483,9.901534177216066,6
892495,9.76087926951356,12
892512,9.648480171929265,17
892540,9.299660193044787,28
892553,9.67415619686989,13
892563,9.84058271348294,10
892598,9.2366197342851,35
892609,9.761156264889971,11
892622,9.70283054441807,13
892642,9.578831394254859,20
892657,9.730413693473634,15
892680,9.474817297136696,23
892681,10.0,1
892688,9.86778931598585,7
892693,9.931123754787023,5
892705,9.638102641566908,12
892713,9.853714714601121,8
892733,9.524304102193762,20
892749,9.649932520708038,16
892755,9.90812370984607,6
892768,9.720096065341977,13
892774,9.88017277528646,6
892794,9.677094187713118,20
892796,9.974898155507708,2
892805,9.842716622040498,9
892811,9.89843379277987,6
892934,7.437147649802708,123
892937,9.951582790047206,3
893437,-35.73424896511914,500
893447,9.7806598451471,10
893453,9.899781638517933,6
893584,7.107497700585768,131
893593,9.808469566307794,9
893601,9.842993183456732,8
893623,9.522150530635303,22
893674,8.341128185350561,51
893675,10.0,1
893682,9.87262270211437,7
893687,9.908455951882537,5
893688,10.0,1
893708,9.58110193919297,20
893728,9.349656419202557,20
893729,10.0,1
893736,9.86392626585302,7
893749,9.714150502727511,13
893755,9.891779412463482,6
893764,9.824649776004492,9
894260,-13.906998909357476,496
894296,9.317827133584172,36
894301,9.932468499795567,5
894310,9.819804811069131,9
894312,9.973925201771502,2
894324,9.771759847754792,12
894344,9.566594202873823,20
894383,9.125939915303471,39
894413,9.217437596817339,30
894415,9.974489142042282,2
894467,8.90807214664431,52
894482,9.64806341102588,15
894500,9.626760742026113,18
894525,9.576321817030502,25
894543,9.623734833864335,18
894551,9.875023822934615,8
894558,9.846138809519601,7
894580,9.471069859257137,22
894592,9.763097356749627,12
894593,10.0,1
894617,9.394057118790291,24
894623,9.907656063252194,6
894629,9.888012270107039,6
894630,10.0,1
894631,10.0,1
894632,10.0,1
894650,9.635920445386125,18
895150,-11.289009993023782,500
895157,9.875537756348683,7
895192,9.317030499173805,35
895194,9.968427000087543,2
895221,9.448127340595805,27
895252,9.217747597026532,31
895253,10.0,1
895272,9.587271094285438,19
895280,9.854079736261522,8
895289,9.83658101470298,9
895296,9.837280317291652,7
895310,9.402794103011729,14
895328,9.58942040092915,18
895352,9.507845918330993,24
895417,8.675572604365525,65
895431,9.748478430335377,14
895443,9.744641612734831,12
895462,9.613151741242287,19
895643,6.264429994761187,181
895798,6.30798973700692,155
896298,-13.021138005646497,500
896309,9.770887120810105,11
896321,9.526953616503572,12
896336,9.327787067281967,15
896372,9.254432934104386,36
896392,9.270303150462547,20
896393,9.989432375532587,1
896437,8.977693933847869,44
896446,9.840797516270348,9
896457,9.743974588865678,11
896466,9.81328511256806,9
896477,9.789028607172618,11
896535,8.774934462178843,58
896554,9.564429633251992,19
896561,9.882899601088083,7
896567,9.881018275556592,6
896573,9.899682215349594,6
896577,9.932300465447206,4
896591,9.752242455196038,14
896592,10.0,1
896605,9.74371528673834,13
896615,9.849120950919634,10
896620,9.915182055344708,5
896628,9.834087947631664,8
896636,9.861016112821819,8
896644,9.827246928428385,8
896658,9.728453128276756,14
896662,9.942026583061683,4
896970,3.735550890733715,308
896984,9.695612216282738,14
896985,10.0,1
897042,8.907142891303025,57
897182,7.097219533397267,140
897186,9.933662374960768,4
897203,9.647861568494017,17
897225,9.569774147529657,22
897369,2.354590204250125,144
897379,9.793513061855151,10
897387,9.843612023369136,8
897397,9.806471262947076,10
897398,10.0,1
897420,9.594900028261627,22
897431,7.721364083474061,11
897438,9.884549567281168,7
897464,9.469877435902381,26
897480,9.628860845780931,16
897506,9.444891733381285,26
897507,10.0,1
897515,9.829710965469289,8
897516,10.0,1
897521,9.918043731673105,5
897550,9.432614454504307,29
897559,9.812527004069372,9
897570,9.773527834285538,11
897571,10.0,1
897573,9.98235282758476,2
897586,9.696848706323383,13
897627,9.228152721789524,41
897644,9.694181614199946,17
897650,9.908230841268331,6
897671,9.549274318821196,21
897691,9.441903293225026,20
897712,9.596823378890356,21
897729,9.659419661694292,17
898229,-198.30107307449742,500
898243,9.71132288686295,14
898256,9.77164125832214,13
898275,9.661526225980413,19
898285,9.81449683012917,10
898359,8.438857790710363,74
898380,9.559451027983735,21
898420,9.289684881641687,40
898427,9.865960509483092,7
898431,9.927822228474104,4
898436,9.92652967143746,5
898447,9.79614190602984,11
898451,9.944244390977122,4
898452,10.0,1
898471,9.514433514659991,19
898472,10.0,1
898790,4.7447893005871515,318
898843,8.97826153876209,53
898852,9.826909967147774,9
898853,10.0,1
898876,8.932265516973622,23
898889,9.680956726804846,13
898892,9.951671864136374,3
898922,9.386488675136107,30
898937,9.646829785358044,15
899199,5.20885146790004,262
899216,9.639005453683275,17
899228,9.777272189598207,12
899239,9.81381907132865,11
899248,9.784422371369521,9
899260,9.739388114503416,12
899304,9.15046424832651,44
899325,8.845221126865775,21
899354,9.396945445203357,29
899378,8.663307156051838,24
899392,9.693976635624615,14
899419,9.371850595781487,27
899515,3.603945909595124,96
899516,10.0,1
899527,9.772093739787438,11
899532,9.906275501736054,5
899561,9.350277618544183,29
899563,9.970190802410583,2
899576,9.708978438586303,13
899581,9.931976242735052,5
899592,9.73887504899031,11
899593,10.0,1
899594,10.0,1
899607,9.664716584203108,13
899617,9.794185298849873,10
899711,7.9383358482640975,94
899746,9.025004231232604,35
899758,9.744694382119672,12
899765,9.859689428405572,7
899770,9.906649089009612,5
899795,9.526833136458421,25
899824,9.421070096379427,29
899871,8.908685844309112,47
899872,10.0,1
899873,10.0,1
899883,9.789000302000707,10
899888,9.933115731901308,5
899896,9.831618409251634,8
899897,10.0,1
899909,9.7560148630242,12
899932,9.537513607369958,23
899967,9.337653830210739,35
899970,9.95015955160095,3
899981,9.741737617262364,11
900001,9.616093966180328,20
900026,9.464381780682467,25
900041,9.661367790371601,15
900056,9.678506002652286,15
900063,9.858536847155925,7
900076,9.685800285347584,13
900095,9.66963609499033,19
900111,9.647157100353784,16
900112,10.0,1
900128,9.662863105337458,16
900146,9.46602985116887,18
900151,9.918364473860564,5
900164,9.735261715732019,13
900178,9.481550528705295,14
900211,9.26780472525878,33
900224,9.769515051503436,13
900251,6.011870755848337,27
900256,9.916776012506633,5
900275,9.628685441005397,19
900280,9.93069113153864,5
900287,9.848986389799942,7
900301,9.685596456860873,14
900302,10.0,1
900311,9.82454868625878,9
900322,9.755406342997068,11
900329,9.883060520761074,7
900339,9.781186731255557,10
900357,9.352680155403917,18
900367,9.852830677250509,10
900379,9.7747640023916,12
900381,9.971632945572635,2
900392,9.810931185133894,11
900401,9.8195854107735,9
900407,9.893436829861102,6
900438,9.346721518656897,31
900442,9.949277023522537,4
900453,9.781431167174365,11
900457,9.938511449418993,4
900476,9.579462600073429,19
900498,9.514784590113923,22
900511,9.60083320644892,13
900512,9.988284497982258,1
900527,9.665115558912968,15
900528,10.0,1
900541,9.71810467122539,13
900558,9.652563147265964,17
900572,9.459484460197984,14
900610,8.938102314383238,38
900617,9.86842047539592,7
900623,9.89716048823732,6
900632,9.795386617585377,9
900642,9.809585401763183,10
900655,9.78432198011966,13
900682,9.583860720601164,27
900683,10.0,1
900690,9.879349520505064,7
900703,9.72308390397152,13
900737,9.30597927959405,34
900738,10.0,1
900758,9.578594770299329,20
900798,9.165796788247638,40
900806,9.862902349380077,8
900807,10.0,1
900817,9.797838163417156,10
900832,9.652816128945691,15
900840,9.823787256569261,8
900842,9.971951532186987,2
900939,8.10848691832728,97
900966,9.418878551389682,27
900986,9.543780845662582,20
900999,9.76430186798184,13
901004,9.920653592448865,5
901016,9.77914043867988,12
901046,9.312635359263158,30
901047,10.0,1
901055,9.85343348809322,8
901057,9.975981958177014,2
901058,10.0,1
901152,8.281829615617106,94
901153,10.0,1
901162,9.829014400456261,9
901172,9.778937989165108,10
901177,9.915948570459157,5
901190,9.634856984816103,13
901194,9.934269086834476,4
901694,-15.50376598544685,500
901707,9.732930548902024,13
901724,9.597312062270804,17
901726,9.976874612294338,2
901727,10.0,1
901740,9.773082526645112,13
901746,9.901271063869652,6
901762,9.707766706909386,16
901763,9.988015941640006,1
901800,9.302133426099951,37
901802,9.982577560222307,2
901866,8.567499647342238,64
901897,9.385176453934447,31
901913,9.685691131585104,16
901974,8.791093971396071,61
901991,9.66768735656809,17
902010,9.65231994842061,19
902022,9.74559221068573,12
902027,9.903786397447524,5
902034,9.866512934348776,7
902047,9.711502749304461,13
902056,9.815704931650005,9
902071,9.689543796865037,15
902072,10.0,1
902074,9.969120693769122,2
902113,9.134207218394078,39
902128,9.769036261083313,15
902138,9.774238143111441,10
902154,9.645528598312582,16
902174,9.552132240049325,20
902211,9.125640875700999,37
902221,9.833656439799837,10
902222,10.0,1
902253,9.464333346522345,31
902263,9.77234137178133,10
902276,9.735170215532786,13
902285,9.809113025406317,9
902303,9.600459412628743,18
902333,9.437770842287739,30
902352,9.65107827509973,19
902357,9.913441367856027,5
902362,9.933555183705511,5
902366,9.932247295180717,4
902378,9.74225960627808,12
902391,9.681771376549934,13
902397,9.901789248924565,6
902413,9.69298444904569,16
902437,9.459055150365778,24
902445,9.84551182128991,8
902476,9.308073806467807,31
902499,8.868548024684982,23
902522,9.564540243838582,23
902524,9.970052433553573,2
902550,8.861414511395546,26
902566,9.650682340848014,16
902586,9.449814399474358,20
902593,9.876751043908355,7
902595,9.973585895114555,2
903095,-19.323470116000184,500
903106,9.784154467975169,11
903138,9.45787716095465,32
903147,9.80294050309195,9
903158,9.8042221735763,11
903159,10.0,1
903162,9.963795285706883,3
903169,9.855030176005833,7
903180,9.750659812408381,11
903193,9.716362727083572,13
903204,9.808426486773614,11
903222,9.627841129873813,18
903235,9.699902656020674,13
903253,9.363652058979183,18
903289,9.286517769400879,36
903293,9.929786494599806,4
903304,9.769729234397742,11
903325,9.573231411167942,21
903338,9.711932405116144,13
903347,9.810388115754735,9
903354,9.846681479478919,7
903362,9.855674100252187,8
903370,9.849820224679961,8
903377,9.88381303296978,7
903381,9.93880532379545,4
903396,9.601746323179757,15
903397,10.0,1
903406,9.861019168178107,9
903412,9.879176026848276,6
903422,9.804991448110165,10
903427,9.928152569758545,5
903431,9.927538847400141,4
903435,9.939209532208354,4
903446,9.78407942164511,11
903454,9.857328795088748,8
903466,9.763326378104955,12
903491,9.364031260126238,25
903498,9.886270462264523,7
903514,9.576164153366433,16
903530,9.16932503299082,16
903541,9.789302118012948,11
903564,9.328408362772795,23
903589,9.448010399864744,25
903604,9.67922826116673,15
903631,3.8345715135108183,27
903635,9.943489733926967,4
903636,10.0,1
903648,9.719907829897217,12
903672,9.506205791501706,24
903682,9.771797019751494,10
903695,9.714987231571522,13
903702,9.868258339485317,7
903703,10.0,1
904203,-209.6163133913497,500
904235,3.072413965557806,32
904236,10.0,1
904265,8.991534026393284,29
904274,9.845507695345514,9
904293,9.665359283720605,19
904353,8.837576884965626,60
904536,5.629402631387902,183
904538,9.986225148635024,2
904547,9.794033013259632,9
904557,9.805691938756832,10
904572,9.647253944120783,15
904587,9.639386144766593,15
904593,9.905506929786029,6
904733,7.22615257355716,140
904743,9.792868170037991,10
904749,9.912255551622625,6
904776,9.405554982537636,27
904777,10.0,1
904796,9.591283461043965,19
905296,-8.210215957383676,500
905306,9.813894349902235,10
905436,7.410874524589761,130
905454,9.639324402324629,18
905493,9.205498379097735,39
905506,9.710533916800818,13
905517,9.755319158366135,11
905539,8.715139407875961,22
905541,9.97984310931757,2
905558,9.666538635430234,17
905631,5.857780543639543,73
905638,9.680773851854847,7
905650,9.72997354497769,12
905655,9.911797107671799,5
905667,9.734726008427977,12
905672,9.913147245034027,5
905690,9.544883983567729,18
905716,9.231649623820394,26
905726,9.792092890089723,10
905736,9.81435067553491,10
905842,8.000081730112983,106
905853,9.770374160585872,11
906353,-9.362138731052356,500
906366,9.754728594887183,13
906379,9.753471553944342,13
906863,-0.6623364886673748,484
906871,9.833814350330357,8
906875,9.939359003131417,4
906876,10.0,1
906890,9.705120810032623,14
906931,9.05071950466115,41
906944,9.726677184333461,13
906984,9.161245812217032,40
907012,9.434674482905208,28
907031,9.483961841245932,19
907033,9.9785986885983,2
907035,9.977713132442064,2
907036,10.0,1
907045,9.80303941049001,9
907059,9.474832922704659,14
907063,9.924051724182245,4
907067,9.93751819734064,4
907071,9.930978806915508,4
907083,9.733903278004556,12
907084,10.0,1
907101,9.657687421621944,17
907116,9.721492232081149,15
907144,5.80473595402804,28
907157,9.711424255530838,13
907179,9.557918880014467,22
907182,9.964948782855165,3
907193,9.80989680933994,11
907196,9.959097007728632,3
907204,9.832625427361656,8
907216,9.745667943994066,12
907225,9.82734671308949,9
907242,9.742344503534024,17
907271,9.48233712611907,29
907281,9.716040781157663,10
907285,9.94037392449709,4
907298,9.774265104764812,13
907317,9.620346569310199,19
907323,9.903383179866744,6
907324,10.0,1
907348,9.520289492292012,24
907349,10.0,1
907355,9.873809737740794,6
907361,9.894948493618632,6
907362,10.0,1
907366,9.942086609457935,4
907367,9.99162589583553,1
907370,9.962459489374677,3
907371,10.0,1
907386,9.731146959509248,15
907399,9.75648060613981,13
907415,9.702678582591599,16
907424,9.838228275822091,9
907436,9.75382059487906,12
907440,9.93284727395638,4
907441,9.99173429601759,1
907452,9.790782369994604,11
907468,9.652841508043196,16
907472,9.930469223322277,4
907516,9.18098234999446,44
907533,9.65762474800337,17
907548,9.690185899854008,15
907557,9.798918022965383,9
907574,9.605031202352198,17
907578,9.932699432832036,4
907585,9.88192369300848,7
907599,9.721135026713554,14
907600,10.0,1
907602,9.97959519699294,2
907655,8.960298271892068,53
907663,9.851620045729646,8
907678,9.72349756119337,15
907679,10.0,1
907689,9.825297100782276,10
907736,9.235621100864593,47
907740,9.937293077443679,4
907746,9.906634402857781,6
907751,9.934817582726431,5
907764,9.70422127912102,13
907768,9.949339878361094,4
907782,9.724429510243183,14
907794,9.720702197171637,12
907798,9.941173705798239,4
907811,9.710279323038701,13
907830,9.618934287479682,19
907838,9.855699397698444,8
907866,9.373382539174818,28
907892,9.052438414524223,26
907898,9.878022854646535,6
907899,10.0,1
907905,9.880664236248172,6
907924,9.68772268142468,19
907946,9.561651148545817,22
908006,8.267875750109699,60
908241,4.474836048740364,235
908259,9.622754137782232,18
908288,9.439004242978449,29
908293,9.911960386553469,5
908309,9.70867511359117,16
908323,9.734712248562293,14
908329,9.888078371706154,6
908330,10.0,1
908341,9.75015810960139,11
908354,9.433949957538356,13
908378,9.214808814555534,24
908399,9.552318013631034,21
908405,9.886092000160511,6
908425,9.593934495003841,20
908458,9.327129628790892,33
908462,9.937169892478476,4
908470,9.818675692153823,8
908479,9.828125285712508,9
908483,9.94148743442555,4
908502,9.645632473772878,19
908528,9.54467712410342,26
908533,9.910001303071294,5
908557,9.598554266633235,24
908636,8.669211990835269,79
908649,9.76412530307221,13
908653,9.941131139462446,4
908667,9.74039959654262,14
908679,9.738891421422041,12
908698,9.658150627098673,19
908703,9.900851661900147,5
908760,7.945379771069495,57
908767,9.850822284703206,7
908768,9.992970396621262,1
908785,9.673631659836053,17
908812,9.323431558549867,27
908831,9.580932981559913,19
908839,9.830345917750876,8
908855,9.660713451572942,16
908860,9.909873412150771,5
908869,9.851207765308205,9
908877,9.853129807331351,8
908881,9.942313718279422,4
908907,9.46668835911741,26
908908,10.0,1
908923,9.682773356785246,15
908928,9.918524708309787,5
908945,9.565695240544876,17
908950,9.921246866843873,5
908954,9.94956343404747,4
908963,9.820183419407572,9
908978,9.765153751057607,15
908986,9.870387712093919,8
909008,9.541614791869119,22
909023,9.669379464652845,15
909033,9.78708590060735,10
909043,9.825887189430059,10
909057,9.744549431110253,14
909068,9.798715550138713,11
909073,9.913097047046858,5
909091,9.564697761366757,18
909100,9.807108170362904,9
909104,9.942365085906266,4
909118,9.733707403693156,14
909125,9.9015359370088,7
909126,10.0,1
909185,8.17253026674851,59
909189,9.93859433069091,4
909193,9.922849269948237,4
909206,9.69545536802409,13
909222,9.62259829088943,16
909223,10.0,1
909242,9.593739145257459,19
909263,9.433581776400626,21
909270,9.879418685611006,7
909277,9.675327435203428,7
909292,9.545541101062673,15
909370,8.244335925924824,78
909382,9.743632845676895,12
909398,9.546318903209038,16
909401,9.953327394456142,3
909709,0.8853579324431813,308
909738,9.166454053146174,29
909747,9.817634923111735,9
909763,9.682516761985866,16
909779,9.615655088017427,16
909792,9.759051557089576,13
909800,9.840466930336461,8
909820,9.58400124018322,20
909832,9.722505531286767,12
909844,9.73640879018665,12
909860,9.678791548397456,16
909861,10.0,1
909867,9.899647614705364,6
909888,9.560840494828081,21
910006,6.037260657574054,118
910014,9.839285877038094,8
910028,9.656429232640575,14
910051,9.540690802758588,23
910062,9.77882018111238,11
910083,9.349577697580441,21
910087,9.931878306381424,4
910088,10.0,1
910111,9.444331721192603,23
910112,10.0,1
910612,-13.987175368010794,500
910613,10.0,1
910635,9.592666069667814,22
910641,9.913388988003065,6
910653,9.731744632405189,12
910654,10.0,1
910677,9.57098002278646,23
910684,9.86325678578846,7
910685,9.991529696316265,1
910686,10.0,1
910692,9.889755267164672,6
910696,9.935190467444809,4
910710,9.70513070409393,14
910733,9.005870777377016,23
910734,10.0,1
911234,-119.90793014466935,500
911237,9.965839129390186,3
911243,9.909800164210472,6
911252,9.816693426789831,9
911265,9.742376971367745,13
911271,9.899816531678937,6
911277,9.886944208488764,6
911293,9.7059867073471,16
911303,9.594817503349379,10
911304,10.0,1
911312,9.875872413235834,8
911313,10.0,1
911813,-13.56581572910632,500
911829,9.685155993488738,16
911831,9.98088301587806,2
911832,10.0,1
911857,9.49118666755619,25
911863,9.901250998158886,6
911880,9.722088722938722,17
911894,9.659160188690871,14
911911,9.61848782493138,17
911922,9.734336359942068,11
911937,9.744510581130186,15
911938,10.0,1
911981,8.925276400021282,43
911986,9.92821878684705,5
911991,9.933637350618362,5
911992,10.0,1
911995,9.96039508195021,3
912007,9.602168267986348,12
912017,9.797395148961295,10
912028,9.791028183441778,11
912037,9.808636519704379,9
912044,9.888296490467187,7
912072,9.429199029690102,28
912080,9.822518349372064,8
912088,9.852405086412379,8
912093,9.930601404886414,5
912280,6.382364305552319,187
912288,9.809970624303554,8
912292,9.939012879852504,4
912338,6.267012335427545,46
912356,9.615056598864355,18
912368,9.750105920386538,12
912381,9.686620979961326,13
912394,9.744711726690918,13
912410,9.45016718107283,16
912429,9.565025409888706,19
912437,9.656477998707569,8
912453,9.62635039471183,16
912458,9.905392054337884,5
912459,10.0,1
912474,9.65804662830407,15
912531,8.315022119580954,57
912538,9.862402967226014,7
912552,9.73195259605722,14
912562,9.785925228543752,10
912572,9.805824259115582,10
912584,9.708731535428454,12
912602,9.639083327705295,18
912622,9.519583024283117,20
912637,9.700287711837298,15
912638,10.0,1
912657,9.564836171271368,19
912676,9.61048988049125,19
912678,9.983869433753627,2
912687,9.814348773780013,9
912748,8.51690043648788,61
912767,9.550951255077322,19
912768,10.0,1
912787,9.551063694876317,19
912789,9.983766745775338,2
912799,9.80320609189005,10
912807,9.843208722396824,8
912819,9.788419979769772,12
912839,8.685011298886515,20
912932,8.136960241651721,93
912935,9.957916980115057,3
912936,10.0,1
912944,9.85544175633605,8
912959,9.65791063981192,15
912960,10.0,1
912985,9.464418701028162,25
912991,9.902811031555277,6
913007,9.503677398288183,16
913012,9.9197802396083,5
913013,10.0,1
913020,9.896861829045635,7
913039,9.65065799614748,19
913050,9.782171894142405,11
913059,9.864430900415773,9
913075,9.64450544691172,16
913086,9.79709323484443,11
913104,9.711785896215202,18
913137,9.449996719274495,33
913152,9.675243202032632,15
913154,9.976049463811796,2
913168,9.664320396852311,14
913183,9.682537032856509,15
913198,9.672047881356251,15
913201,9.953876143435675,3
913218,9.605989738901124,17
913233,9.672169235062565,15
913244,9.793334555125215,11
913255,9.777823574703191,11
913256,10.0,1
913259,9.954188632856972,3
913260,10.0,1
913268,9.856847224800948,8
913269,9.98861728732603,1
913272,9.966660355273028,3
913413,2.0927825265637967,141
913440,9.358520663941393,27
913507,7.689037235705753,67
913527,9.571101255896583,20
913552,9.517362061856538,25
913555,9.950658099774353,3
913565,9.80918513260461,10
913591,9.247239159187355,26
913598,9.88570699674935,7
913599,10.0,1
913612,9.710861000759554,13
913626,9.719444193783595,14
913638,9.740938797124356,12
913642,9.941191276883558,4
913749,7.757193203460166,107
913750,10.0,1
913753,9.96915639820389,3
913754,10.0,1
913763,9.837484775144699,9
914263,-11.96395829444799,500
914278,9.69541159084747,15
914288,9.836235027045584,10
914299,9.77229173578345,11
914305,9.897112181615148,6
914322,9.620331598756424,17
914329,9.850013603097427,7
914413,7.490030129218799,84
914431,9.578274435456855,18
914440,9.831798573618808,9
914450,9.672709957371733,10
914467,9.581185120800981,17
914482,9.680433163940526,15
914504,9.500850329970357,22
914519,9.420175961194344,15
914552,8.749822343742425,33
914564,9.776161092767918,12
914566,9.973145343674325,2
914592,9.438956166129543,26
914600,9.826308259017571,8
914611,9.71145246286675,11
914616,9.909451528509093,5
914638,9.26771068682827,22
914639,10.0,1
914672,9.373428998917868,33
914684,9.76469575844572,12
914700,9.41952511752917,16
914719,9.58612776969482,19
914728,9.831073432703356,9
914736,9.858407270345383,8
914742,9.8953590309259,6
914753,9.785362297331107,11
914770,9.647740447409037,17
914782,9.71631551661567,12
915099,4.083918262306556,317
915111,9.754477397387287,12
915121,9.775399212869834,10
915146,9.52777961224664,25
915160,9.717757875178552,14
915185,9.468528688578651,25
915211,9.341720584229591,26
915236,9.509681458690142,25
915267,9.48369766168229,31
915273,9.89807021712682,6
915296,9.56779204162434,23
915327,9.259901291560443,31
915328,10.0,1
915330,9.981420470969743,2
915569,4.030646420625218,239
915577,8.843823749803457,8
915592,9.688168667412885,15
915605,9.76558191266608,13
915620,9.66330907225417,15
915626,9.884690529520727,6
915636,9.833889694149969,10
915717,8.130398891414645,81
915720,9.960602105367673,3
915737,9.540060166653893,17
915753,9.611098717142484,16
915767,9.732191159454533,14
915853,8.391384596704246,86
915859,9.905488371919885,6
915876,9.668614084411974,17
915879,9.972067026632551,3
915896,9.588404948331537,17
915897,9.996514157494547,1
915904,9.890648921561349,7
915907,9.950613826126244,3
915919,9.775494094778642,12
916246,-1.3862121194257515,327
916267,9.595947760521119,21
916274,9.85569715303031,7
916280,9.893293408892982,6
916282,9.98306588382054,2
916290,9.846506021915078,8
916291,10.0,1
916292,10.0,1
916295,9.966863871394033,3
916316,9.565060294055105,21
916327,9.746488395671399,11
916380,8.841006340727253,53
916397,9.620703457418498,17
916405,9.859407366931455,8
916457,8.53679826649013,52
916471,9.700415175510967,14
916971,-15.036863102840302,500
916974,9.954381746407147,3
916994,9.500792924566998,20
917027,9.126101925954657,33
917044,9.573763691154033,17
917050,9.70794891375342,6
917076,9.50247952898361,26
917087,9.78340993377881,11
917100,9.72795952846008,13
917119,9.58712871093504,19
917130,9.781512621169778,11
917131,10.0,1
917171,9.248925979475022,40
917194,9.580160135618671,23
917205,9.776144256499279,11
917214,9.840559618516705,9
917222,9.838560840873471,8
917233,9.774693296603866,11
917240,9.85348628286412,7
917241,9.996478965697465,1
917256,9.434403009939773,15
917272,9.66201635306641,16
917276,9.94074849983884,4
917290,9.691732743969695,14
917297,9.87463152092118,7
917301,9.947399228585258,4
917314,9.766333531941697,13
917328,9.7300497320533,14
917347,9.637362206557368,19
917348,10.0,1
917363,9.751594635493515,15
917364,9.989681300893837,1
917370,9.87650042369712,6
917381,9.723087926011027,11
917400,9.579088802138951,19
917414,9.754699072605224,14
917427,9.692259003846656,13
917445,9.35334710590785,18
917459,9.687873889483297,14
917467,9.863954105975829,8
917474,9.862500874265487,7
917539,8.079622802528966,65
917569,9.255554206617111,30
917570,10.0,1
917579,9.797826890645954,9
917589,9.812042840120036,10
917598,9.84006579148331,9
917609,9.543683459631646,11
917631,9.502047281130993,22
917640,9.817744604787563,9
917656,9.708148310760853,16
917677,9.61982779461044,21
917693,9.709185200575646,16
917696,9.963004861111116,3
917710,9.736069851414587,14
917848,5.316354814778304,138
917860,9.80144929396931,12
917878,9.55426640901989,18
917883,9.920227525236692,5
917888,9.936507792556622,5
917889,9.996710362537296,1
917900,9.780828908482018,11
917903,9.970549584690612,3
917922,9.63879055370289,19
917926,9.928224862346486,4
917940,9.60649775419292,14
917941,9.992401404792702,1
917949,9.847992771263204,8
917982,9.111272816195603,33
917995,9.719945325188911,13
918010,9.699647417630285,15
918022,9.750295771466318,12
918044,9.538968918502427,22
918059,9.680138892391723,15
918074,9.633699796033675,15
918081,9.866206004704942,7
918085,9.927603174860609,4
918102,9.626909956261494,17
918110,9.850513371377648,8
918115,9.922673574268186,5
918130,9.720521886682668,15
918154,9.538135082755755,24
918157,9.952765740311207,3
918163,9.898235500107244,6
918182,9.67142926475634,19
918196,9.67465981399058,14
918197,9.993250424925014,1
918202,9.931754964006094,5
918702,-15.822073109020181,500
918718,9.677737753580821,16
919218,-11.383080586916403,500
919230,9.734008735044858,12
919257,9.340298382668362,27
919271,9.670739037584415,14
919290,9.273586778305567,19
919298,9.768177918346261,8
919316,9.621217153590582,18
919386,8.481772767562743,70
919387,10.0,1
919394,9.860292977012083,7
919397,9.96081782605841,3
919409,9.731325475604182,12
919410,10.0,1
919421,9.774269167152218,11
919438,9.62603696282092,17
919439,10.0,1
919460,9.557591533045406,21
919479,9.55951199999621,19
919546,8.43592599500414,67
919555,9.832003502422781,9
919569,9.73617422563358,14
919584,9.441409173855117,15
919593,9.809774125744946,9
919600,9.88042028177472,7
919602,9.98268286057756,2
919612,9.794816851652465,10
919622,9.805729865179224,10
919681,8.983954151635597,59
919709,7.269880405680412,28
919711,9.872136076481127,2
919722,9.797720596758566,11
919724,9.968025595449166,2
919734,9.788356109623614,10
919742,9.821461954258382,8
919754,8.951217472693225,12
919761,9.868624741364982,7
919798,9.153746548158386,37
919813,9.681693657841446,15
919834,9.579807038887644,21
919836,9.974330918134232,2
919842,9.900166781002241,6
919851,9.805810370341762,9
919868,9.615525982585485,17
919869,10.0,1
919871,9.982843695417845,2
919874,9.951667558339429,3
919891,9.462498635362167,17
919895,9.93628392367235,4
919951,8.891999000251825,56
919963,9.72779985227602,12
920224,4.948804950971411,261
920249,9.550394643589808,25
920250,10.0,1
920260,9.781654340474258,10
920271,9.782319770101129,11
920272,9.993247098031146,1
920288,9.630820083565233,16
920304,9.664405746881807,16
920316,9.725824410909134,12
920327,9.774258483685262,11
920339,9.730209809646725,12
920416,8.12033438154895,77
920434,9.574238155627967,18
920439,9.918829687153204,5
920440,10.0,1
920444,9.943462202340204,4
920449,9.91604635443617,5
920457,9.826753853768263,8
920480,9.318851093593246,23
920496,9.678091111775725,16
920505,9.812378957339876,9
920516,9.772875310926336,11
920550,9.357906493449969,34
920560,9.778431775756713,10
920575,9.68729591953666,15
920588,9.719410661613345,13
920602,9.355417215624623,14
920622,9.549259467750261,20
920646,9.477183674712228,24
920670,9.362654860704263,24
920672,9.972381568500486,2
920685,9.745191798402088,13
920697,9.780037151448372,12
920718,9.574914118407653,21
920735,9.422507013672188,17
920748,9.728029863661613,13
920749,9.992348217395659,1
921249,-10.813680242597954,500
921264,9.737073797226785,15
921272,9.858246416383949,8
921283,9.68701950601401,11
921285,9.971908676163189,2
921293,9.837553047255204,8
921329,9.226197769801637,36
921346,9.667738784309217,17
921373,9.423090508820748,27
921378,9.922357665470187,5
921390,9.732580279758743,12
921403,9.666634536066894,13
921404,10.0,1
921421,9.621099122422079,17
921428,9.85222846977887,7
921442,9.733933584178356,14
921481,9.085241885439238,39
921495,9.724513240542825,14
921536,9.259568861539156,41
921627,-2.529303100565368,91
921640,9.685316203557365,13
921641,10.0,1
921644,9.952026526068657,3
921645,10.0,1
921653,9.833888011230691,8
921701,9.007659010676212,48
921707,9.898648760276336,6
921714,9.888660928417549,7
921726,9.722222231393909,12
921742,9.641389787831674,16
921758,9.619641066369576,16
921759,10.0,1
921769,9.790376658968029,10
921771,9.973342929915534,2
921784,9.735252457470535,13
921794,9.779314092876772,10
921818,9.44609190549683,24
921826,9.846178286086946,8
921829,9.951620737764546,3
921841,9.743024418968202,12
921851,9.791804629645906,10
921860,9.816073857344158,9
921864,9.944117662323814,4
922364,-10.369399970703325,500
922377,9.697414266987874,13
922383,9.909050199519575,6
922404,9.537292910571407,21
922416,9.786417505890444,12
922422,9.893600381982754,6
922434,9.748575162043911,12
922438,9.956265900352236,4
922465,9.323976747765215,27
922477,9.737299095818402,12
922491,9.706154648893097,14
922513,9.554860578163895,22
922529,9.706128417766525,16
922544,9.72519844186721,15
922600,8.834769667186269,56
922606,9.898956991810481,6
922607,10.0,1
922621,9.719984281229369,14
922623,9.970632666107873,2
922635,9.722441694185166,12
922669,8.477696466293244,34
922670,9.996160798358062,1
922677,9.878433677384859,7
922679,9.97597383736166,2
922686,9.879763053717422,7
922687,10.0,1
922704,9.641834589114806,17
922763,9.016366915401532,59
922785,9.540163724816546,22
922790,9.917439415569126,5
922797,9.86935158746499,7
922809,9.743401095374587,12
922816,9.877160896414413,7
922859,9.069813923511777,43
922875,9.61817798433276,16
922893,9.607720770431257,18
922903,9.797919509434555,10
922922,9.637976114889952,19
922923,10.0,1
922947,9.280201205957518,24
922957,9.78542024967355,10
922963,9.901360267333635,6
922969,9.903950863268552,6
922970,10.0,1
922977,9.868902178280779,7
922987,9.80519484576234,10
922988,9.986841225150114,1
922995,9.879218682190666,7
923002,9.850165826205108,7
923016,9.690004272560925,14
923027,9.768062242229322,11
923028,10.0,1
923029,9.995725885600006,1
923032,9.951107019366825,3
923033,10.0,1
923038,9.914381547246524,5
923039,10.0,1
923049,9.811395310403219,10
923076,9.470587550374233,27
923086,9.690381295116559,10
923174,7.674992381077018,88
923203,9.418499465513545,29
923229,9.515720514514198,26
923230,10.0,1
923238,9.848410318809618,8
923258,9.327834865201483,20
923269,9.77780739088399,11
923274,9.925031028306575,5
923293,9.584591960816354,19
923296,9.96261453505536,3
923360,8.82204170634081,64
923371,9.774177669576211,11
923372,10.0,1
923378,9.902228357667719,6
923398,9.577738562705855,20
923399,10.0,1
923455,7.756806806418718,56
923626,5.5556366400201185,171
923631,9.92617321857825,5
923632,10.0,1
923641,9.713405464813905,9
923650,9.823235520386321,9
923677,9.390705361977078,27
923690,8.794730457686184,13
923701,9.783863803222715,11
923785,8.473059246588402,84
923787,9.98552292530047,2
923801,9.623241599683286,14
923807,9.814496310993878,6
924307,-16.415353688592777,500
924312,9.936503125481783,5
924320,9.849455758710105,8
924333,9.746692039426069,13
924339,9.795569837029445,6
924354,9.687129274442244,15
924391,8.5247156026404,37
924402,9.787215390827697,11
924412,9.815886676479646,10
924426,9.419104493601331,14
924926,-207.90325526979305,500
924939,9.732119310248992,13
924945,9.898511496226616,6
924965,9.58943958239205,20
924975,9.774609534767457,10
924998,9.458487719056446,23
925017,9.587617000983919,19
925029,9.64655231816532,12
925047,9.357594544915788,18
925064,9.69387654478371,17
925072,9.85210949595549,8
925085,9.70112437820965,13
925099,9.74012875500386,14
925107,9.841550139200105,8
925110,9.968454420051302,3
925130,9.58264290772211,20
925137,9.868948047436147,7
925148,9.759025668875857,11
925202,8.866544898264914,54
925220,9.64665628325657,18
925227,9.854186326246758,7
925254,9.422045830143205,27
925259,9.912153396276727,5
925270,9.774799517748246,11
925280,9.828236177093697,10
925281,10.0,1
925293,9.716406607376246,12
925307,9.725441983417555,14
925372,8.541177362629401,65
925406,9.256699147493629,34
925411,9.91156355688554,5
925420,9.829429056057624,9
925421,9.988789297195348,1
925430,9.829084300219803,9
925435,9.914429977412706,5
925436,10.0,1
925438,9.980033925273158,2
925468,9.400503286685947,30
925479,9.778272007815445,11
925492,9.688927327247503,13
925520,9.417540750374332,28
925538,9.605177817872036,18
925543,9.914605723524064,5
925544,10.0,1
925557,9.739577737908753,13
925565,9.854903226591123,8
925576,9.788264585654446,11
925590,9.688392195449868,14
925601,9.765189903843517,11
925602,10.0,1
925609,9.892754736726431,7
925618,9.810794537525037,9
925639,9.597878472747666,21
925666,9.429224452334672,27
925671,9.932510031182812,5
925688,9.675466625761489,17
925699,9.793567091746288,11
925700,10.0,1
925701,10.0,1
925715,9.656297073921829,14
925725,9.790720167300647,10
925744,9.551554987381868,19
925765,9.077917664806881,21
925787,9.498517234173718,22
925810,9.480600762506787,23
925811,10.0,1
925818,9.872029803710557,7
925842,9.530683879865933,24
925858,9.629305312647517,16
925875,9.580182131744294,17
925896,8.930151501007343,21
925907,9.759807179958877,11
925920,9.745341038595608,13
925934,9.715034600087561,14
925947,9.52995392334851,13
925948,10.0,1
925979,8.228107815373606,31
926008,7.786894800080264,29
926015,9.856997572338154,7
926021,9.876202790811655,6
926030,9.831015551531783,9
926045,9.706205370391482,15
926059,9.723591988166385,14
926083,9.351482869164085,24
926091,9.828137694798512,8
926097,9.911299092797805,6
926098,10.0,1
926111,9.760944132725491,13
926114,9.950196260184443,3
926127,9.756387342457641,13
926135,9.845743095813486,8
926160,9.281236499707607,25
926173,9.760327534975138,13
926187,9.687770178020754,14
926195,9.862297489848297,8
926203,9.838572908926979,8
926209,9.899517526212408,6
926217,9.836655161130386,8
926237,9.635376298356995,20
926251,9.678893089567543,14
926269,9.651561852297817,18
926275,9.88945730804608,6
926296,9.59298632318551,21
926306,9.779628998101968,10
926332,9.495007852207205,26
926343,9.834151038467038,11
926348,9.91656661979337,5
926357,9.823489690635364,9
926386,9.439689282562043,29
926395,9.827245697217291,9
926411,9.705467553415108,16
926414,9.950988785587956,3
926425,9.7765421952697,11
926442,9.705339619108772,17
926453,9.766282789396174,11
926467,9.73407886617734,14
926479,9.748441174145873,12
926491,9.780889441216734,12
926505,9.659283044432364,14
926517,9.650175261157376,12
926533,9.66454256415298,16
926543,9.8263800547986,10
926998,1.6490173201875145,455
927012,9.673385559310768,14
927016,9.941150145295456,4
927030,9.679765608320263,14
927034,9.925528849973999,4
927047,9.732822898467123,13
927048,10.0,1
927076,9.387335213538881,28
927089,9.73691490538456,13
927101,9.726816833728485,12
927148,9.196951391544,47
927149,10.0,1
927165,9.699946635361112,16
927170,9.934755147297205,5
927333,6.252785638640636,163
927343,9.831923591977045,10
927354,9.738114277241785,11
927358,9.952350024241644,4
927370,9.724748826344705,12
927382,9.747709979181947,12
927392,9.808537985500498,10
927412,9.265028402600487,20
927441,9.009431503880883,29
927449,9.841166675678588,8
927462,9.738197330994444,13
927466,9.938168761851722,4
927488,9.470341092045578,22
927498,9.794632553265743,10
927508,9.821134547737234,10
927527,9.614277184664212,19
927541,9.409222256480946,14
927542,10.0,1
927551,9.81101646557189,9
927564,9.700100585715763,13
927578,9.701278750589815,14
927604,9.332401328998575,26
927608,9.944684941810928,4
928108,-205.8707108724992,500
928121,9.72797272191599,13
928155,8.428503444915393,34
928157,9.575657515752162,2
928180,9.543258897050338,23
928187,9.058009115674498,7
928195,9.834929306195098,8
928209,9.72575283612705,14
928220,9.805255529958236,11
928234,9.677175472358382,14
928247,9.696541244020613,13
928263,9.66319734237049,16
928282,9.584847760738098,19
928288,9.903458060142153,6
928302,9.70547794202202,14
928303,10.0,1
928310,9.851762479292104,7
928314,9.93508754224957,4
928315,10.0,1
928316,10.0,1
928320,9.951610923995077,4
928333,9.740034893906072,13
928345,9.758797168999012,12
928360,9.66089574430628,15
928377,9.60435459005709,17
928419,9.199764950193716,42
928420,10.0,1
928429,9.804595044260296,9
928465,9.417636891826092,36
928499,9.292773175285841,34
928510,9.694217153617181,11
928518,9.840676077869325,8
928535,9.624241898755919,17
928549,9.366968779833213,14
928558,9.820306180276972,9
928577,9.609063916957062,19
928600,9.384186980703875,23
928601,10.0,1
928616,9.685330563079741,15
928622,9.588681155998305,6
928639,9.658273187851993,17
928650,9.785888945585356,11
928662,9.723588927495049,12
928676,9.749094266671326,14
928677,10.0,1
928714,7.808931785645343,37
928722,9.82816163680312,8
928723,9.995783955471643,1
928736,9.68498613101382,13
928737,10.0,1
928742,9.908702900610193,5
928747,9.925272976868612,5
928756,9.83889153412393,9
928760,9.926831739854414,4
928771,9.572073564372952,11
928785,9.693928585654012,14
928808,9.464382616603439,23
928818,9.817092305495155,10
928882,8.611344732704303,64
928885,9.960566660561001,3
928902,9.640485108308402,17
928934,9.40388753853496,32
928951,9.620537932283368,17
928963,9.75506716492798,12
929014,9.051996913782897,51
929042,9.519752125072493,28
929054,9.72590908844137,12
929058,9.950473226802528,4
929080,9.410660274756138,22
929089,9.841561498921816,9
929100,9.791595889797128,11
929101,10.0,1
929148,-3.7705176639775075,47
929182,9.32670878663865,34
929193,9.768889131469326,11
929205,9.734804429310215,12
929221,9.700041325452169,16
929236,9.67307830649378,15
929239,9.960738430080305,3
929250,9.741801444105986,11
929256,9.891740357695927,6
929274,8.909166659626312,18
929283,9.820206743764913,9
929296,9.731500125014051,13
929305,9.845872015416269,9
929315,9.816779532585258,10
929316,9.996403424449767,1
929325,9.815519433881514,9
929326,10.0,1
929327,10.0,1
929328,9.996699302624858,1
929336,9.820317717164087,8
929345,9.812335125680264,9
929357,9.774921521503877,12
929368,9.759613185178273,11
929369,10.0,1
929403,9.407742054186505,34
929410,9.86215059706165,7
929422,9.800528583304649,12
929440,9.39655564821274,18
929454,9.72841959989598,14
929456,9.974941645096106,2
929457,10.0,1
929458,10.0,1
929637,5.998545653401894,179
929655,9.002067387769927,18
929662,9.88516272874226,7
929663,10.0,1
929696,9.308125461247258,33
929697,10.0,1
929713,9.627301747306415,16
929724,9.760617375032398,11
929745,9.545509933646864,21
929776,9.297298961473683,31
929777,10.0,1
929791,9.710932020800852,14
929814,9.476413144484003,23
929843,8.165831105956121,29
929878,9.222916978905172,35
929899,3.092984592041506,21
929911,9.765214929574196,12
929921,9.787496130898523,10
929945,9.484722393946965,24
929952,9.861675159367307,7
930193,2.7136175696188065,241
930244,8.412873333613321,51
930260,9.605639476146036,16
930276,9.612657059667937,16
930282,9.877092863445107,6
930288,9.911949238210084,6
930302,9.69875919757016,14
930312,9.816831287659825,10
930320,9.832519766560534,8
930326,9.885492297270876,6
930330,9.94384528399386,4
930341,9.763742484833331,11
930365,9.341326512650314,24
930374,9.825621013279632,9
930400,9.447608538023786,26
930472,8.728000044767697,72
930473,10.0,1
930490,9.590987614255189,17
930516,9.48909838475424,26
930540,9.372777321421019,24
930557,9.612410557134282,17
930573,9.64465364983529,16
930583,9.786370032816976,10
930596,9.748826094246464,13
930602,9.896669513385207,6
930622,9.63126733191006,20
930635,9.579193297943936,13
930636,10.0,1
930653,9.520037768282782,17
930670,9.59912241128618,17
930691,9.542961206034407,21
930695,9.946804482748854,4
930713,9.570210752605346,18
930726,9.634736820759523,13
930744,9.629233834854059,18
930752,9.872089779855814,8
930828,-16.85462241704341,76
930841,9.774569779757355,13
930864,9.332957767596422,23
930891,9.399501715143622,27
930903,9.74737382364719,12
930914,9.815065311662602,11
930936,9.24269204877637,22
930957,9.48600740212863,21
931057,7.4020900251148145,100
931064,9.87929592199606,7
931065,10.0,1
931083,9.555456205923871,18
931090,9.885998856914341,7
931100,9.76673420921023,10
931109,9.82695513938752,9
931303,5.731649152028407,194
931315,9.769404051182631,12
931316,9.988139222050194,1
931327,9.758880412037897,11
931331,9.940036474247291,4
931337,9.908938093555552,6
931346,9.82545245757614,9
931348,9.97277115603755,2
931371,9.608539419916903,23
931382,9.652903315347144,11
931394,9.784581896531993,12
931395,10.0,1
931408,9.712818131319475,13
931425,9.62766430788708,17
931428,9.953185426245646,3
931496,-10.909464753348805,68
931530,9.131521728158042,34
931538,9.813406652346234,8
931561,9.26609946974882,23
931571,9.818637545628029,10
931589,9.671029973641582,18
931599,9.815059427878928,10
931643,8.962489267127864,44
931654,9.80417044022295,11
931662,9.846301584050366,8
931684,9.55682507847974,22
931696,9.745013614262678,12
931707,9.788769385482576,11
931751,8.943057361558433,44
931761,9.833351480521157,10
931778,9.651140118092847,17
931795,9.63862049947458,17
931811,9.625417135711237,16
932131,3.3009636980248622,320
932132,10.0,1
932167,9.332619258831157,35
932172,9.922718430836694,5
932189,9.615790048254361,17
932205,9.64914708036482,16
932216,9.782346702313513,11
932219,9.853443464181748,3
932229,9.780946402658651,10
932254,9.55638924524318,25
932258,9.936298522893788,4
932259,10.0,1
932260,10.0,1
932269,9.834666137696273,9
932284,9.175428338097015,15
932285,10.0,1
932307,9.49442610993092,22
932413,7.622716051187011,106
932429,9.642867249735563,16
932434,9.932150137548613,5
932449,9.682557549016153,15
932452,9.95327126756143,3
932463,9.769519093862199,11
932550,7.860418146539458,87
932563,9.615597446617139,13
932573,9.764408259063282,10
932596,9.510143329935362,23
932607,9.794417629926658,11
932619,9.746593795413913,12
932622,9.949611768042438,3
932635,9.736041007080154,13
932647,9.765813636074952,12
932658,9.801429413800536,11
932691,8.185159409986483,33
932713,9.508927006062319,22
932733,9.065567276042497,20
932739,9.881408608880745,6
932762,9.208497030933676,23
932794,9.30044186881095,32
932809,9.445238496285812,15
932828,9.580274090277044,19
932830,9.987143992971644,2
932849,9.459260905453354,19
932866,9.644319821519582,17
932881,9.66169756884935,15
932923,9.010753630031443,42
932946,9.320557178074473,23
932971,5.837666264234768,25
932981,9.776426054680265,10
932992,9.769581774319091,11
933001,9.81086630318475,9
933002,10.0,1
933003,10.0,1
933011,9.857813565980821,8
933023,9.79140453735104,12
933038,9.621748863462035,15
933048,9.808986308879744,10
933067,9.588853093283257,19
933068,10.0,1
933087,9.518207224212583,19
933091,9.93712623418482,4
933108,9.65753540801219,17
933119,9.752599843587564,11
933129,9.792061892164956,10
933130,10.0,1
933146,9.646193610604383,16
933147,10.0,1
933160,9.719938836670943,13
933165,9.92295955245139,5
933175,9.82508582463596,10
933186,9.758309648949204,11
933197,9.727918760148956,11
933213,9.463854132149468,16
933218,9.934383146881926,5
933227,9.805067756219465,9
933258,9.399063271210203,31
933259,10.0,1
933278,9.640766261728707,19
933284,9.890153519896172,6
933294,9.793445518801562,10
933301,9.889330175024211,7
933306,9.928516561035861,5
933307,10.0,1
933311,9.95398579967754,4
933319,9.878711802277543,8
933327,9.86915702702227,8
933334,9.881408326459828,7
933335,10.0,1
933345,9.81185570859329,10
933373,9.471378396032474,28
933386,9.703434023473617,13
933416,9.37260994371923,30
933421,9.915534639563344,5
933448,9.460264277211195,27
933476,9.435803752120087,28
933486,9.822290864510688,10
933491,9.919412270312465,5
933503,9.784218377016117,12
933513,9.78575409096385,10
933529,9.625997615993835,16
933537,9.849252309342837,8
933547,9.780955732055547,10
933559,9.15597721871477,12
933581,9.387363748670609,22
933585,9.939082802176282,4
933627,8.925147257416798,42
933652,9.339727493539273,25
933670,9.575623134686115,18
933681,9.766391131896723,11
933687,9.899176469768664,6
933689,9.980013076354073,2
933712,9.480795239317745,23
933714,9.983506408359725,2
933724,9.775235315333191,10
933727,9.959609218280539,3
933730,9.954136344044626,3
933732,9.98344742686198,2
933751,9.556162196069964,19
933975,5.949153855075061,224
933987,9.76101188687058,12
934016,4.804848147519795,29
934027,9.815065690634553,11
934033,9.899418403345873,6
934045,9.739144553626836,12
934057,9.757389008516066,12
934063,9.878992209961616,6
934064,10.0,1
934072,9.82456342181403,8
934074,9.979882612941871,2
934088,9.674273605296836,14
934118,9.404628490597595,30
934119,10.0,1
934133,9.495078813410329,14
934147,9.709612086013278,14
934156,9.82294262982689,9
934170,9.681486865319687,14
934177,9.868489666831334,7
934198,9.52825038321056,21
934201,9.967520665012154,3
934215,9.67061569216658,14
934216,10.0,1
934242,9.515935304188975,26
934251,9.784856933964038,9
934253,9.972432346782528,2
934285,9.314292748212962,32
934286,10.0,1
934297,9.772451743914036,11
934314,9.634772517348384,17
934320,9.876739859979434,6
934325,9.921660831040768,5
934332,9.87475218300388,7
934348,9.70654104534982,16
934359,9.759963800698698,11
934365,9.920075636879488,6
934375,9.815085716425617,10
934388,9.718875450774341,13
934400,9.767159227797464,12
934414,9.684143942260906,14
934416,9.976905437727988,2
934417,10.0,1
934432,9.4053200131747,15
934433,9.991918937969555,1
934443,9.794572656458799,10
934447,9.92269349814602,4
934457,9.815866910199894,10
934459,9.972168432679107,2
934483,9.524666893464861,24
934503,9.66050084604772,20
934528,9.486745103268957,25
934551,9.545150723352327,23
934566,9.597157401243738,15
934567,10.0,1
934574,9.869847007068794,7
934586,9.750447646778461,12
934593,9.864884618706762,7
934597,9.928930642602518,4
934623,9.462029162691682,26
934637,9.696369864026305,14
934647,9.574438350444163,10
934654,9.875037130924207,7
934662,9.829281286829618,8
934665,9.950047482261564,3
934677,9.753991022986154,12
934689,9.808554703123471,12
934712,9.328530802707881,23
934718,9.877899026014044,6
934726,9.836257258495772,8
934732,9.902634231792941,6
934742,9.783736208110103,10
934743,10.0,1
934779,9.35255459024528,36
934873,-15.452432624167468,94
934888,9.69335758105703,15
934902,9.713316260921253,14
934917,9.735124835302075,15
934939,9.469868508858369,22
934956,9.636113809838136,17
934963,9.863305270766697,7
934964,10.0,1
934965,10.0,1
934972,9.863438401326391,7
934983,9.794409997783859,11
935094,7.51804041210433,111
935097,9.959393951748511,3
935100,9.955828216228262,3
935114,9.73479329278052,14
935129,9.694005486981396,15
935133,9.948157290800134,4
935142,9.821804322554977,9
935163,8.808505060856186,21
935182,8.805927058395895,19
935204,9.501279614850016,22
935221,9.688823191666621,17
935229,9.862867746011895,8
935243,9.673160245884969,14
935247,9.938061275430034,4
935248,9.98767863437339,1
935249,10.0,1
935250,9.996199779192825,1
935266,9.657204740604307,16
935276,9.82779203172842,10
935277,9.992835062516818,1
935278,10.0,1
935288,9.633789008347977,10
935298,9.775696740753343,10
935308,9.802289464348336,10
935313,9.925329138753119,5
935314,10.0,1
935331,9.639071661156326,17
935343,9.712039811828491,12
935363,9.549346765314729,20
935367,9.932334109861378,4
935375,9.855156304899252,8
935475,7.191984441330291,100
935487,9.739744112711623,12
935493,9.899892663626527,6
935494,10.0,1
935544,9.098429970656762,50
935564,9.519363858238655,20
935606,6.627298289769195,42
935634,9.462317460448519,28
935652,9.63428556039689,18
935664,9.7278220243301,12
935677,9.714415463293244,13
935686,9.801346188295328,9
935697,9.759654399853499,11
935704,9.881075587251802,7
935715,9.741597409675734,11
935768,8.922287581734773,53
935769,10.0,1
935801,9.382747904306086,32
935802,10.0,1
935832,9.402130527739061,30
935852,9.537937347138238,20
935860,9.852976577364249,8
935881,9.362408372761232,21
935892,9.757144131348014,11
935907,9.696521472353528,15
935927,9.516332917799538,20
935928,10.0,1
935982,6.1444125012234725,54
936019,9.110772756232869,37
936034,9.434094955969066,15
936051,9.573833618698412,17
936062,9.80969027747335,11
936065,9.958746726913596,3
936072,9.887448086182216,7
936080,9.86000348458482,8
936097,9.520440212550822,17
936111,9.681985051015785,14
936125,9.604729378804391,14
936136,9.791390892760749,11
936154,9.63366727288416,18
936169,9.6915250060576,15
936182,9.762302012449807,13
936210,8.89865265144422,28
936376,6.737506645226888,166
936383,9.668484747355626,7
936391,9.851681319248797,8
936398,9.862356920133168,7
936403,9.926665395610415,5
936416,9.696359200453037,13
936425,9.813969917349157,9
936432,9.896043925075965,7
936446,9.740781428748555,14
936447,10.0,1
936452,9.913769227205398,5
936461,9.81332246753397,9
936482,9.53476206235062,21
936488,9.882534543133838,6
936501,9.699442864923256,13
936546,7.634496617434232,45
936564,9.581425955302391,18
936635,8.50301080988131,71
936643,9.8363633013865,8
936654,8.113544601026993,11
936665,9.801121605766216,11
936667,9.979814974568493,2
936677,9.803492599054472,10
936684,9.865749507319254,7
936694,9.81380935122207,10
936695,10.0,1
936705,9.822194497432893,10
936715,9.804489900026963,10
936725,9.730880144638284,10
936743,9.575570408580797,18
936756,9.694631422410977,13
936771,9.667691246512675,15
936794,9.540176046175254,23
936819,9.526202942754248,25
936824,9.924950956861167,5
936843,9.66160904726852,19
936855,9.756007265403296,12
936863,9.834019212146204,8
936874,9.790866443139448,11
936885,9.78631827300503,11
936895,9.811300380348914,10
936913,9.658622283105188,18
936953,-0.6491787469912964,40
936959,9.912553657963077,6
936975,9.72387874589101,16
936982,9.867700977640446,7
936993,9.77178638117513,11
937012,8.920087593016618,19
937035,9.48460329450128,23
937049,9.6861271228681,14
937058,9.834062562741778,9
937068,9.791597277553787,10
937076,9.838299293953852,8
937089,9.74094847166197,13
937100,9.8149257140378,11
937110,9.78174388109215,10
937124,9.70629490923517,14
937133,9.811564986893192,9
937150,9.710266489478384,17
937170,9.574612173598847,20
937178,9.746711700897647,8
937213,9.366509086638558,35
937214,10.0,1
937244,9.453349402438374,30
937261,9.661314769341727,17
937285,9.403132103564296,24
937294,9.828720950363186,9
937313,9.60644198815812,19
937314,9.996382668163225,1
937330,9.662967048024505,16
937351,9.506880164826585,21
937358,9.880055678154857,7
937372,9.722053389880417,14
937373,10.0,1
937390,9.673979859159799,17
937426,9.277282657050327,36
937443,9.65904512997842,17
937451,9.834739328010363,8
937470,9.572310923903336,19
937538,8.701480852447535,68
937549,9.801667321666606,11
937560,9.8239612219311,11
937570,9.79319158021735,10
937591,9.289026652913648,21
937606,9.696928625169578,15
937622,9.386947325943527,16
937631,9.84080409163002,9
937642,9.739329644316312,11
937666,9.269350870131248,24
937695,9.376076242564583,29
937698,9.95748363785028,3
938198,-209.81857086029117,500
938206,9.836431115927882,8
938235,9.460824089878045,29
938253,9.64021571426027,18
938279,9.373443012956484,26
938281,9.98219027347632,2
938287,9.88175397816358,6
938310,9.566353620580776,23
938311,10.0,1
938324,9.69774577516208,13
938400,8.535340117143472,76
938417,9.610928208801607,17
938436,9.59144779732511,19
938451,9.682308992434026,15
938466,9.66611112726327,15
938499,9.299790362183572,33
938501,9.970680922058662,2
938513,9.737821625075618,12
938526,9.760397627436472,13
938541,9.695996999351589,15
938581,9.298628753324069,40
938595,9.606590899244289,14
938606,9.770240109633553,11
938613,9.894384847767943,7
938640,9.46459309863225,27
938657,9.674450793108315,17
938692,9.354941775067255,35
938710,9.703857683461171,18
938721,9.785289344899986,11
938728,9.887875275169844,7
938815,8.372072146189227,87
938827,9.740141923351699,12
938860,9.374223901991474,33
938882,9.629498140592224,22
938898,9.642997868629418,16
938909,9.781488347204737,11
938951,8.943626368876565,42
938964,9.730103144250776,13
938976,9.767543150131136,12
938990,9.620157250502267,14
939004,9.708964549992942,14
939021,9.629426387352009,17
939030,9.79180835316476,9
939031,10.0,1
939041,9.77358198971193,10
939046,9.902563009946945,5
939049,9.94613951254481,3
939061,9.74641833228117,12
939094,9.377387258753958,33
939106,9.747052025055506,12
939120,9.75799437608378,14
939135,9.562121666464657,15
939149,9.664473535700049,14
939161,9.773851377122583,12
939165,9.947812569502121,4
939168,9.96450722994977,3
939170,9.986150359217852,2
939180,9.78796699239309,10
939181,10.0,1
939184,9.952485081073446,3
939190,9.910298699256776,6
939203,9.712867659656977,13
939213,9.836061752983746,10
939230,9.50714755098398,17
939236,9.890463706006383,6
939255,9.646949523992971,19
939271,9.618187181984453,16
939276,9.921608295854112,5
939324,8.552493558147914,48
939334,9.82797315718956,10
939344,9.786681907960869,10
939367,9.578707498512578,23
939372,9.916305192819992,5
939386,9.743851688905721,14
939408,9.556250393055914,22
939414,9.91008009561821,6
939431,9.627431938158987,17
939433,9.974894965633794,2
939450,9.613369959578627,17
939531,6.331082546207762,81
939539,9.854074477741458,8
939719,5.157758642988568,180
939744,9.383530814137796,25
939759,9.7039026223092,15
939773,9.68696398169719,14
939777,9.646174431712678,4
939786,9.642107583008391,9
939787,10.0,1
939799,9.77177679720426,12
939803,9.954393655994139,4
939814,9.767645727708672,11
939826,9.733638098233552,12
939835,9.816581834366822,9
939843,9.869020500821426,8
939852,9.831793026745258,9
939859,9.860907185014698,7
939947,8.019761988804888,88
939991,1.6173918907721134,44
939995,9.934441346119392,4
940006,9.763000161964808,11
940011,9.919520149388987,5
940021,9.818190915853153,10
940025,9.937076347269764,4
940037,9.758577259582637,12
940058,9.559237027550358,21
940069,9.81659335068538,11
940091,9.518283530933278,22
940100,9.819173316877382,9
940116,9.65321169151794,16
940192,8.357183784466953,76
940203,9.769800421201031,11
940252,8.865371669961192,49
940253,9.987828975700964,1
940268,9.740265831345821,15
940276,9.86549551957478,8
940288,9.780317368922598,12
940301,9.739374952777055,13
940614,1.9272956088917699,313
940617,9.958287277314295,3
940618,10.0,1
940627,9.800798152194625,9
940628,10.0,1
940639,9.772513368311335,11
940643,9.941454315090462,4
940651,9.866726645758748,8
940652,10.0,1
940661,9.83323540524887,9
940662,9.989013718325827,1
940678,9.692984267570353,16
940683,9.93451377142008,5
940685,9.972627550094451,2
940786,7.968115138522455,101
940795,9.832118764009701,9
940808,9.703990913195797,13
940862,8.539197897561039,54
940874,9.73525169820219,12
940881,9.87053583787838,7
940890,9.834315915099259,9
940898,9.861752361610096,8
940913,9.495811255631196,15
940925,9.736789581680888,12
940966,9.168237660222522,41
940981,9.695634967691905,15
940982,9.996632124352331,1
941071,8.1728304049124,89
941085,9.697424010390321,14
941102,9.712040557309148,17
941103,10.0,1
941136,9.168311383573284,33
941142,9.892978336949405,6
941288,6.683973161453213,146
941788,-124.77138614203722,500
941827,9.182018086949855,39
942327,-36.697024884138,500
942353,8.272684094575759,26
942373,9.339656695861024,20
942384,9.811205396073593,11
942394,9.841604798876137,10
942444,8.61253944771034,50
942483,8.127174284101244,39
942501,9.610295877718345,18
942503,9.971878914487567,2
942518,9.71165606329466,15
942560,9.154159849701802,42
942572,9.80582275808506,12
942575,9.956298286023426,3
942583,9.855906279901037,8
942629,9.092555431550382,46
942648,9.6434062507593,19
942658,9.818838551458438,10
942668,9.791811424055087,10
942673,9.922691459468332,5
942681,9.85626449292836,8
942690,9.853356697037244,9
942703,9.718373514315418,13
942714,9.780053595227582,11
942716,9.975439844735826,2
942724,9.750342266126303,8
942738,9.373680735415954,14
942753,9.551279534461832,15
942757,9.948443858856905,4
942758,10.0,1
942815,8.847414985973803,57
942822,9.86569820216464,7
942824,9.981391942581759,2
942851,3.7849302811472825,27
942871,9.522231994603862,20
942882,9.80513300380968,11
942892,9.785224439306152,10
942912,9.647286088327652,20
942932,6.697978177257294,20
942945,9.709041781649121,13
942953,9.853946985484768,8
942960,9.85794952151766,7
942972,9.742670056881991,12
942976,9.941646110436219,4
942982,9.899908648993033,6
943012,9.154921410760426,30
943026,9.743439782917799,14
943063,9.277024371501401,37
943083,9.572128463151593,20
943093,9.830156346591409,10
943109,9.60029277855119,16
943117,9.836124397892148,8
943120,9.956824532138052,3
943137,9.60737139658339,17
943153,9.702887458244506,16
943173,9.540146975025039,20
943244,8.653887067103081,71
943282,9.288132607557573,38
943290,9.837982749114772,8
943295,9.922356945092078,5
943311,9.031911245751804,16
943340,8.957591429222441,29
943370,9.209798149960369,30
943388,9.560944383544095,18
943398,9.508849106296074,10
943445,9.065697472540013,47
943461,9.672447572183676,16
943472,9.79200852984677,11
943485,9.73665076341193,13
943516,8.702927089016015,31
943584,8.7072706539743,68
943619,9.363545109906262,35
943636,9.672891806394171,17
943655,9.553205959221158,19
943659,9.93531584047808,4
943688,9.152527506764129,29
943703,9.680356100964346,15
943718,9.664043527564676,15
943729,9.747405510322132,11
943730,10.0,1
943743,9.752826165613342,13
943746,9.954985048819266,3
943763,9.689278467591244,17
943779,9.689676228899614,16
943802,9.355177570919093,23
943818,9.430358562132707,16
943822,9.944127291475676,4
943841,9.405652510349595,19
943848,9.864195018354057,7
943856,9.86858000078334,8
943870,9.723409931369027,14
943872,9.984722598934434,2
943876,9.934637698944455,4
943917,9.227450281503693,41
943922,9.917575157851804,5
943927,9.908475441653689,5
943952,9.535205558493068,25
943962,9.832297455036759,10
943977,9.746216226786407,15
943992,9.673240149460952,15
944011,9.690205876081581,19
944083,8.496329357577237,72
944087,9.936480420923482,4
944095,9.84597260700486,8
944111,9.659171716494718,16
944112,10.0,1
944121,9.804939218553525,9
944144,9.510793248939335,23
944202,4.960893426455515,58
944217,9.670591904605068,15
944242,9.560500297634626,25
944247,9.922290785824412,5
944253,9.896460553979137,6
944753,-10.184792736016057,500
945253,-17.147816863455873,500
945282,9.47235219187319,29
945296,9.739351104829389,14
945323,9.4417649531781,27
945361,9.141661355313335,38
945381,9.583735372958104,20
945539,7.190951630150375,158
945572,9.422256152074745,33
946072,-50.26051148419547,500
946572,-27.536750077457334,500
946585,9.800637297737063,13
946599,9.730195638306524,14
946617,9.700974756233313,18
946618,10.0,1
946620,9.979565395926985,2
946621,10.0,1
946643,9.533260969964324,22
946664,9.562687490551248,21
946668,9.92957301133939,4
946681,9.702223351623987,13
946695,9.740128586090753,14
946715,9.55410546514789,20
946820,7.896153631448069,105
946821,10.0,1
946855,9.115179300500602,34
946856,10.0,1
946914,7.576795262218436,58
946925,9.758832780835506,11
946934,9.84880960831379,9
946939,9.908062539376225,5
946960,9.50819344569168,21
946975,9.594255408524175,15
946980,9.912322052440318,5
946990,9.789069084917042,10
947024,8.754728431371001,34
947025,10.0,1
947044,9.636577421865773,19
947057,9.713646572764636,13
947064,9.869355130548778,7
947078,9.697654326055035,14
947079,10.0,1
947090,9.756380176113352,11
947099,9.821713200478358,9
947116,9.653935544022575,17
947166,9.06886065131882,50
947187,9.426734787574173,21
947194,9.88413772786507,7
947211,9.623853564513475,17
947220,9.815492469247163,9
947227,9.853022872578656,7
947234,9.883240948360354,7
947243,9.825102779925407,9
947252,9.827254813014969,9
947264,9.7462404156441,12
947277,9.7261675500746,13
947378,7.839182116725428,101
947384,9.870891858045756,6
947394,9.79517172856175,10
947399,9.91279352393622,5
947410,9.772598789097728,11
947426,9.682146419509719,16
947435,9.831630968035666,9
947436,9.996198499418297,1
947440,9.93296716211559,4
947457,9.592603882386157,17
947471,9.245539186605283,14
947498,9.429843511696633,27
947998,-37.714214574853244,500
948008,9.80555402656679,10
948016,9.843608051956915,8
948023,9.851154690187318,7
948024,9.989258025518813,1
948035,9.608054824588393,11
948047,9.774687161987703,12
948059,9.743785889449198,12
948075,9.642675082618261,16
948101,9.207116091028588,26
948111,9.784506303395966,10
948129,9.122199062078593,18
948140,9.767589877145499,11
948141,10.0,1
948144,9.96704504640131,3
948159,9.647942923580823,15
948178,9.501915689937006,19
948189,9.780389150631223,11
948203,9.667703554466126,14
948224,9.520698248484464,21
948227,9.954709493186948,3
948257,9.160064206877344,30
948277,9.505459424546714,20
948305,9.289282633399148,28
948308,9.969162682531161,3
948323,9.685700487269058,15
948326,9.967832603078808,3
948335,9.805637272352502,9
948336,10.0,1
948347,9.684380225493298,11
948354,9.847257935918526,7
948386,8.88983497870214,32
948394,9.828991927986738,8
948413,9.461865443473867,19
948424,9.75926845569259,11
948433,9.838310125786636,9
948453,9.641670295535361,20
948456,9.96233825357044,3
948459,9.957288288242106,3
948486,9.471125168223233,27
948514,9.487893783511188,28
948515,10.0,1
948525,9.804571265573495,10
948546,9.507283021806147,21
948714,6.688254488967892,168
948731,9.6274672185494,17
948752,9.561456485917967,21
948765,9.744151054938362,13
948767,9.97426977485028,2
948776,8.468300485286527,9
948803,7.451434513059148,27
948812,9.83178146009294,9
948813,10.0,1
948819,9.890931690085527,6
948820,10.0,1
948829,9.85574109808756,9
948838,9.805856064734227,9
948848,9.784334947615704,10
948914,8.69893216681292,66
948925,9.766847688053543,11
948927,9.983653580964065,2
948936,9.793273587699618,9
948947,9.748531402250551,11
948960,9.779778553129084,13
948980,9.558352257977074,20
948998,8.845654804634108,18
949016,9.60912606254234,18
949031,9.701436709850709,15
949058,9.376838731224723,27
949064,9.89939253216554,6
949068,9.933260133252615,4
949092,9.542225793702581,24
949099,9.866727674115536,7
949102,9.955393855575704,3
949129,9.428770463110933,27
949139,9.815267767641707,10
949140,10.0,1
949163,9.388483110891977,23
949171,9.867575145940851,8
949180,9.818323902169455,9
949219,9.308572977879457,39
949237,9.615593611084659,18
949249,9.702050091443203,12
949257,9.834041786001023,8
949269,9.751900510085031,12
949270,10.0,1
949273,9.959965098754767,3
949279,9.877672151977851,6
949286,9.892409820734393,7
949293,9.894213684995234,7
949310,9.704646098120262,17
949327,9.651851362141567,17
949348,9.589725305585896,21
949357,9.798200283821588,9
949387,9.311058252695402,30
949398,9.788520201239216,11
949415,9.685410897216933,17
949429,9.712516669536488,14
949439,9.775202117815079,10
949443,9.93916351792522,4
949451,9.845115994140693,8
949465,9.707441446333213,14
949475,9.780745317148837,10
949486,9.752643413318104,11
949494,9.846087379849656,8
949512,9.269918794884276,18
949537,9.340527033751531,25
949557,9.591184392715116,20
949580,9.462088024611647,23
949591,9.77124544640929,11
949607,9.523380563818302,16
949617,9.80451800078693,10
949629,9.78273025976921,12
949633,9.936365775233908,4
949644,9.769135305707605,11
949659,9.671597102683423,15
949712,8.82982103642584,53
949713,10.0,1
949721,9.855208202502409,8
949728,9.880967271026023,7
949743,9.653446645530861,15
949744,10.0,1
949772,9.357087108424695,28
949787,9.696045436547577,15
949800,9.712794729912448,13
949814,9.664142661030327,14
949893,8.45641696977495,79
949906,9.727221978191027,13
949911,9.919018647264492,5
949926,9.340475524269898,15
949960,9.336185717147242,34
949970,9.833705680577879,10
949976,9.888459006572747,6
949983,9.885133684659966,7
949984,10.0,1
950049,8.278213530661116,65
950062,9.692735972100069,13
950078,9.724381150675189,16
950089,9.755013808745057,11
950094,9.596512792013685,5
950113,9.608204822521705,19
950122,9.850915901303672,9
950216,7.111745989811354,94
950233,9.645175052465357,17
950249,9.415963934237714,16
950275,9.534730853251546,26
950293,9.596913504804196,18
950307,9.72949311542634,14
950313,9.885916377399587,6
950318,9.923469894860002,5
950320,9.974043598702318,2
950332,9.723714211875402,12
950340,9.846302752231361,8
950365,9.178729422510827,25
950397,8.756412011616206,32
950411,9.712985208362985,14
950415,9.945568225624337,4
950429,9.721619090688034,14
950430,10.0,1
950445,9.644082670980758,15
950448,9.962960362447195,3
950458,9.842701394479032,10
950502,8.914730878096393,44
950519,9.630323771187111,17
950535,8.124724483626428,16
950542,9.875204411571543,7
950571,9.434273332560565,29
950575,9.931346769813361,4
950594,9.640808472412003,19
950627,9.27396757820202,33
950638,9.82501343582173,11
950656,9.545050420239491,18
950675,9.65990467092023,19
950689,9.697949269140599,14
950701,9.77778589132113,12
950711,9.762020739353458,10
950722,9.676193184200196,11
950748,9.501829372548073,26
950768,9.594762010004509,20
950776,9.84071347711486,8
950789,9.712076209980149,13
950798,9.812006825333738,9
950807,9.818129123465166,9
950830,9.397067495584112,23
950841,9.789807297371647,11
950856,9.693060854328976,15
950857,10.0,1
950861,9.94092461997254,4
950875,8.35249131491121,14
950890,9.74562847973894,15
950901,9.813742283115696,11
950921,9.414600552483384,20
950936,9.645969943889147,15
950956,9.643325537437937,20
950972,9.618112418208607,16
950988,9.674972043583683,16
950996,9.848791987085718,8
951017,9.54673539503762,21
951049,9.255134513939508,32
951070,9.434501475025547,21
951078,9.85877813014102,8
951088,9.766653627220522,10
951090,9.975483979770404,2
951103,9.762778463052694,13
951128,9.394476554461017,25
951134,9.905306576588607,6
951142,9.852329607616038,8
951149,9.890286477872158,7
951157,9.831558580305085,8
951167,9.8012104894899,10
951193,9.446704552366507,26
951208,9.468172102129069,15
951236,8.865714921631776,28
951247,9.77806077016627,11
951248,9.996344789218774,1
951251,9.955886203516554,3
951260,9.804551247578226,9
951279,9.591799672263726,19
951286,9.865622924352692,7
951295,9.836718406585415,9
951306,9.765360771457436,11
951327,9.621798028094117,21
951349,9.541476739909523,22
951360,9.822812463155698,11
951380,8.840135112523752,20
951385,9.929661514953887,5
951393,9.847219927944217,8
951407,9.754167089469505,14
951417,9.811210370347686,10
951428,9.770205248113975,11
951455,9.387211122133499,27
951497,9.167132444325588,42
951514,9.620510719616384,17
951517,9.956795615479674,3
951532,9.767596588671466,15
951542,9.772990210426691,10
951543,10.0,1
951561,9.095941281505898,18
951568,9.871370854873543,7
951579,9.793302019921072,11
951580,10.0,1
951584,9.946183801390935,4
951603,9.237292722413555,19
951625,9.499622721750933,22
951641,9.665498346823245,16
951651,9.771935007116875,10
951668,9.590879821024634,17
951676,9.85682493362893,8
951682,9.895860810821883,6
951702,9.557055820920707,20
951703,10.0,1
951903,4.000804324774082,200
951924,9.596869953530701,21
951927,9.961515046309021,3
951945,9.622239487734987,18
951955,9.793207764547965,10
951973,9.544913642644188,18
951992,9.581215994332672,19
952005,9.715799514817038,13
952017,9.774383076148432,12
952018,10.0,1
952040,9.572775711160165,22
952049,9.819256686374272,9
952062,9.727066428610929,13
952075,9.659797941012465,13
952102,9.350571917274948,27
952116,9.585113517468264,14
952193,7.085347719170644,77
952211,9.671394943307087,18
952212,10.0,1
952225,9.720059865489432,13
952241,9.631215979478505,16
952252,9.797965317155175,11
952257,9.919443942170984,5
952258,10.0,1
952267,9.796801115814679,9
952292,9.506920125621626,25
952306,9.692572985786109,14
952307,10.0,1
952312,9.911404660245028,5
952318,9.889289909893124,6
952329,9.816651832454662,11
952338,9.624252637082629,9
952355,9.599687671606429,17
952372,9.697730348211905,17
952387,9.166352689500577,15
952405,9.695965350656948,18
952701,3.7835523764439056,296
952715,9.706135678730675,14
952716,10.0,1
952722,9.901288622167836,6
952737,9.69010691940402,15
952743,9.891638631463156,6
952796,8.929173103250957,53
952852,7.180632658307568,56
952853,10.0,1
952879,9.416448432613722,26
952884,9.926373682843435,5
952893,9.809477103560116,9
952895,9.973426136322802,2
952912,9.62117814746437,17
952924,9.79723255689758,12
952951,8.913068506617957,27
952973,9.573105236741199,22
952979,9.89984974473098,6
953000,9.614751589125522,21
953007,9.878411499356314,7
953032,9.498876776987487,25
953051,9.507940531725476,19
953054,9.959938563695061,3
953055,10.0,1
953060,9.924726981817528,5
953061,10.0,1
953088,9.482029479660792,27
953096,9.757898963114727,8
953097,10.0,1
953099,9.97207508071981,2
953113,9.65864932684656,14
953117,9.931714998536581,4
953125,9.85483231835082,8
953137,9.728020348222827,12
953149,9.747118191295574,12
953160,9.7675742902374,11
953164,9.947940902399521,4
953172,9.836924670030486,8
953216,9.22523071692695,44
953236,9.13778438672321,20
953241,9.929541472859116,5
953243,9.972873379462346,2
953244,9.992536597247488,1
953262,9.603159632061972,18
953303,9.085323693760172,41
953315,9.737246352495708,12
953328,9.700572886165252,13
953375,9.136213622708727,47
953384,9.835866473491752,9
953386,9.972000584123368,2
953407,9.501939632286398,21
953416,9.827679423361987,9
953417,9.99254715265194,1
953418,10.0,1
953429,9.778048250558362,11
953438,9.797281610046916,9
953439,10.0,1
953476,8.552745696348728,37
953480,9.925154137814877,4
953482,9.978934589707992,2
953493,9.316369842139194,11
953553,8.615431411037129,60
953555,9.973242364724221,2
953561,9.888812603363439,6
953570,9.817957872876086,9
953573,9.955249640001194,3
953587,9.748486599370393,14
953593,9.693162154015896,6
953667,8.327376089801717,74
953670,9.956490462201476,3
953689,9.58960387839878,19
953710,9.637941640922241,21
953727,9.646538139324969,17
953730,9.970761061086952,3
953743,9.704086888653924,13
953765,9.606957344150647,22
953797,9.350674853438601,32
953810,9.705017820550223,13
953829,9.576418450914936,19
953839,9.787371447170221,10
953872,9.242375428018875,33
953880,9.85642374547649,8
953914,9.205932503258436,34
953918,9.943466165903338,4
953941,9.596958470920404,23
953961,9.53887601290361,20
953970,9.842508558771978,9
953985,9.748995951887776,15
953995,9.643319608480061,10
954210,5.266212927301558,215
954408,5.802130429638723,198
954417,9.818092150138417,9
954427,9.793345723272449,10
954438,9.821102069323814,11
954585,6.965993661951028,147
954598,9.740112377317802,13
954657,8.493987001326921,59
954675,9.588361709135954,18
954690,9.704222241772696,15
954729,9.054224713672394,39
954857,7.5296606339193,128
954868,9.752585172668178,11
954878,9.78447007171191,10
954881,9.951620929268017,3
954891,9.796564187267048,10
954941,0.7683969418163858,50
954947,9.898242006635682,6
954948,10.0,1
954961,9.699558674812407,13
954992,9.196935348250266,31
955008,9.661679437632133,16
955014,9.881641253016202,6
955017,9.960335867733232,3
955024,9.861119448911188,7
955030,9.892637121583055,6
955046,9.331322063439352,16
955060,9.784210827126891,14
955076,9.626555990175866,16
955089,9.719119752058882,13
955106,9.500167275440003,17
955114,9.85844227630506,8
955128,9.673839550933257,14
955140,9.784366589138855,12
955152,9.770508908822281,12
955156,9.936163783373882,4
955174,9.615579187431898,18
955178,9.953266457831852,4
955419,5.070920937060285,241
955420,9.993293980630238,1
955430,9.810798938747324,10
955431,10.0,1
955434,9.96106151331977,3
955435,9.996610038102505,1
955457,9.558487634457725,22
955481,9.481289764407864,24
955500,9.582838075492276,19
955501,10.0,1
955502,10.0,1
955514,9.746913923506591,12
955526,9.741663324710833,12
955530,9.936330516670738,4
955531,10.0,1
955565,9.370028236230073,34
955567,9.981511170418967,2
955575,9.846153306513553,8
955584,9.837627161638729,9
955601,9.60635375004244,17
955615,9.68914404745049,14
955623,9.828455072219835,8
955636,9.74493527651383,13
955638,9.983830070355863,2
955651,9.427659168690274,13
955652,10.0,1
955657,9.901066646734732,5
955682,9.550725866423976,25
955690,9.842881159728208,8
955699,9.82521836667736,9
955700,10.0,1
955741,9.205201657050093,41
955757,9.6329658411628,16
955768,9.752554352881848,11
955780,9.719391966789694,12
955791,9.66890627352269,11
955800,9.812614514085485,9
955814,9.316773130437591,14
955818,9.924294990358248,4
955832,9.491669063705148,14
956000,6.091068425465931,168
956009,9.85506429624996,9
956078,8.491215046260292,69
956099,9.534069847124583,21
956112,9.76502682799336,13
956199,8.38776823028566,87
956207,9.848737972826108,8
956219,9.767228595691662,12
956231,9.774437419144288,12
956244,9.713414542274982,13
956254,9.789436484612919,10
956257,9.9474905549284,3
956293,8.930281475618703,36
956315,9.594519890960623,22
956327,9.701670929539585,12
956335,9.864290837740045,8
956340,9.922941983315743,5
956344,9.94384965586377,4
956362,9.607410970254362,18
956380,9.217019684148383,18
956386,9.89403054679219,6
956393,9.872478098240766,7
956410,9.648306458645784,17
956425,9.618770004179023,15
956427,9.9717959263229,2
956430,9.956700379063557,3
956439,9.809395369786454,9
956445,9.877412993768376,6
956446,10.0,1
956461,9.622922659690955,15
956469,9.846945843253925,8
956475,9.890215016491021,6
956483,9.88452965967291,8
956495,9.753761175600259,12
956505,9.81129674465575,10
956545,9.19592662253767,40
956546,10.0,1
956553,9.88539241689356,7
956554,9.996249632695715,1
956556,9.983767015932157,2
956560,9.935512537517289,4
956561,10.0,1
956575,9.671993291079982,14
956576,10.0,1
956586,9.840341542393341,10
956591,9.922248813569018,5
956597,9.903960201529868,6
956605,9.842362209066415,8
956625,9.584680211701803,20
956629,9.952542881956871,4
956642,9.741704952173944,13
956660,9.62759784101276,18
956675,9.199590380396096,15
956677,9.98432751450148,2
956695,9.57891392698739,18
956710,9.704406714137745,15
956720,9.784717455479493,10
956741,9.520514846853763,21
956765,9.56857861388487,24
956792,9.338005071373939,27
956799,9.878036997948822,7
956816,9.640072579659488,17
956823,9.867228711769148,7
956840,9.653158324434315,17
956845,9.899271543834004,5
956859,9.52752019859157,14
956870,9.752131385859087,11
956874,9.928332931599769,4
956972,7.963169627781717,98
956973,9.9963215786325,1
956977,9.947668028370877,4
957002,9.55863564358257,25
957006,9.940972556398856,4
957035,9.44201739477871,29
957042,9.746329723331629,7
957055,9.700710763152046,13
957064,9.815816828365117,9
957070,9.892753342353483,6
957075,9.905646452278274,5
957092,9.600879476322032,17
957109,9.61577717367068,17
957128,9.599733983201864,19
957159,9.377124417547725,31
957172,9.71923917840793,13
957189,6.995846826647794,17
957216,9.401289565769849,27
957231,9.683976411610256,15
957237,9.898791114439423,6
957276,4.317154340161688,39
957297,9.61736945218806,21
957306,9.860366625062584,9
957316,9.78198385405934,10
957448,7.2841857194372555,132
957453,9.919848804859706,5
957468,9.672791008573725,15
957481,9.551201843525337,13
957494,9.731014225672025,13
957508,9.737039891252778,14
957519,9.775673433160918,11
957540,9.565574538978977,21
957556,9.613163599820757,16
957557,10.0,1
957567,9.785003349202315,10
957568,10.0,1
957619,7.858040535725143,51
957633,9.71347986476955,14
958133,-159.9651403202823,500
958148,9.648467438820585,15
958161,9.730001137482024,13
958171,9.84133482237696,10
958189,9.306610094655262,18
958197,9.852115814336113,8
958214,8.816592644419597,17
958220,9.913245303709429,6
958223,9.96321767849698,3
958232,9.835166290312534,9
958233,10.0,1
958242,9.802542986312634,9
958261,9.588492530178454,19
958273,9.760682927766442,12
958289,9.643376059075633,16
958303,9.701299631863831,14
958311,9.869869841911724,8
958316,9.92799726285657,5
958328,9.768968292825258,12
958347,9.54905250860577,19
958355,9.860714498133767,8
958374,8.940993163643663,19
958376,9.975853541498443,2
958377,10.0,1
958382,9.922753851875026,5
958393,9.787033378145715,11
958394,10.0,1
958406,9.752293073351526,12
958422,9.717261840733435,16
958431,9.812103408552092,9
958448,9.267740092739519,17
958464,9.634801657452632,16
958474,9.803939130159195,10
958511,9.365077698048983,37
958519,9.858308199055426,8
958528,9.830711487547532,9
958532,9.941303518489514,4
958548,9.664392044113796,16
958572,9.49799889774242,24
958585,9.681302184315044,13
958602,9.653300520007573,17
958798,6.010801355173722,196
959090,2.999182007265736,292
959115,9.412537154036862,25
959126,9.762011530345218,11
959127,10.0,1
959135,9.869097710359041,8
959147,9.764551002235558,12
959159,9.789496511011276,12
959181,9.586686407162025,22
959239,8.867473936309391,58
959255,9.666950308548916,16
959265,9.79588274184067,10
959278,9.739388828080516,13
959292,9.737485458383798,14
959301,9.815422866691128,9
959344,7.779808242160117,43
959382,8.815902581057694,38
959414,9.456351469183785,32
959444,9.413737036540972,30
959445,10.0,1
959580,7.268994923961136,135
959587,9.884607597033424,7
959597,9.820147853663766,10
959610,9.797368001494783,13
959620,9.624657952958387,10
959624,9.953862953969345,4
959639,9.678875836209485,15
959650,9.67834174330578,11
960150,-10.910145830331718,500
960159,9.829674949519466,9
960167,9.846885628220031,8
960183,9.719539794856942,16
960185,9.974728347250108,2
960685,-204.48556251146306,500
960702,9.62036670552329,17
960709,9.878591182473988,7
960719,9.844641803991777,10
960741,9.534901629659972,22
960757,9.623319873355603,16
960770,9.427216709875118,13
960816,9.02994160001208,46
960830,9.660926502667136,14
960840,9.82451111114848,10
960863,9.50086923645699,23
960879,9.683742816452954,16
960894,9.641128572510485,15
960895,9.98957498786828,1
960906,9.77791319884369,11
960975,8.319487459818946,69
960999,9.577296559265513,24
961044,9.218640968771465,45
961081,3.9398360803032997,37
961093,9.754249879816106,12
961110,9.68131605773529,17
961125,9.672655798801877,15
961126,10.0,1
961127,10.0,1
961132,9.903168918763674,5
961165,9.200667578152235,33
961180,9.665119903893668,15
961197,9.640313587517237,17
961212,8.59378819088889,15
961712,-13.434040078176958,500
961724,9.63920314145006,12
961734,9.823001566449323,10
961750,9.688634733770378,16
961770,8.958509803103077,20
961777,9.844064580571905,7
961784,9.86119821475298,7
961799,9.680082445045617,15
961908,7.736120765869123,109
961922,9.714563675950428,14
961931,9.818073494171403,9
961941,9.807021006611466,10
961953,9.738089400566894,12
961960,9.861500378989762,7
961961,9.988328824388725,1
961968,9.884363299331937,7
961989,9.52224190315927,21
962026,9.141868854058934,37
962034,9.834815657157222,8
962082,9.051932084002665,48
962087,9.921424570166481,5
962096,9.856234406594687,9
962103,9.87016023289915,7
962111,9.848196102035887,8
962120,9.859324976836607,9
962145,9.480376728610509,25
962181,9.289046584847382,36
962519,-4.464945381990162,338
962530,9.767886371563035,11
962539,9.713590344620712,9
962553,9.735255299971449,14
962560,9.859575731199133,7
962580,9.509765378223253,20
962589,9.825018251750945,9
962604,9.276848461433271,15
962614,9.787332904597854,10
962625,9.826925251637386,11
962631,9.707845910601849,6
962636,9.91662487209001,5
962683,9.192593269612374,47
962684,10.0,1
962708,9.579318511164091,24
962709,10.0,1
962720,9.582112824596168,11
962771,8.944163094472573,51
962784,9.767085780662608,13
962787,9.962503685141204,3
962797,9.829677607338596,10
962810,9.75022581081072,13
962811,10.0,1
962886,8.470567386310634,75
962894,9.816601444820332,8
962907,9.692230090018008,13
962908,10.0,1
962939,9.265853948659721,31
962952,9.752021124282463,13
963108,6.993030342271485,156
963128,9.555835028738995,20
963145,9.613034453534038,17
963155,9.772099812450387,10
963655,-203.85722471207643,500
963711,-3.8275796768635075,56
963722,9.752787628905445,11
963731,9.824856745185874,9
963757,9.506799801927043,26
963761,9.947439709768624,4
963776,9.658978462251001,15
963797,9.594133501136582,21
963806,9.833837763893435,9
963827,9.55221499454409,21
963839,9.736483562087752,12
963841,9.972653515144257,2
963853,9.801089506263521,12
963871,9.61899591762742,18
963959,8.232451491760017,88
963972,9.726137139063866,13
963989,9.643358120130822,17
963993,9.946616332727737,4
963994,10.0,1
964010,9.711344139773377,16
964018,9.345681324520706,8
964034,9.623309719424265,16
964036,9.979159630864984,2
964061,9.487732703622934,25
964074,9.729663166139302,13
964090,9.632221239876756,16
964224,0.25686928150303956,134
964230,9.877186995540358,6
964240,9.773803708787455,10
964255,9.674344307108063,15
964268,9.721511771854173,13
964277,9.824860532610556,9
964283,9.903339796543909,6
964284,9.987377321954387,1
964308,9.344886060494435,24
964322,9.706487838219187,14
964334,9.579694097198555,12
964353,9.594543527064298,19
964355,9.98167995572073,2
964406,8.97048668337059,51
964422,9.649982849907552,16
964434,9.757216290404367,12
964460,8.11430806312979,26
964474,9.712411460432609,14
964481,9.866888480814294,7
964503,9.442570195469253,22
964560,8.190547780962598,57
964581,8.880319821435938,21
964592,9.739147955060163,11
964593,10.0,1
964598,9.916219375226257,5
964628,9.292146970756981,30
964640,9.7236126433857,12
964654,9.741518415611438,14
964692,9.330574795106699,38
964702,9.789612714278054,10
964971,2.25099569839326,269
964980,9.832710706507472,9
964991,9.78541656167936,11
965000,9.81727595011538,9
965011,9.780576889827215,11
965024,9.739493410758207,13
965067,9.116343885173189,43
965077,9.8147477417961,10
965082,9.907965367678022,5
965094,9.717276458500905,12
965103,9.827215631829322,9
965128,9.454038156882625,25
965148,9.580789077554241,20
965178,9.377492187541597,30
965194,9.661807813805734,16
965218,9.519611557862126,24
965221,9.959837114738821,3
965233,9.76792739486191,12
965256,9.27296952252938,23
965280,9.574032837895858,24
965296,9.658093539870737,16
965305,9.869125983256595,9
965313,9.840616097144272,8
965324,9.800281012185014,11
965325,10.0,1
965338,9.722573789152765,13
965339,10.0,1
965353,9.595069959546647,14
965372,9.57662890077428,19
965379,9.861922821475396,7
965390,9.804492576628897,11
965400,9.815820336299534,10
965421,9.487123831046475,21
965428,9.886620819039406,7
965441,9.52498605567139,13
965447,9.908687802946224,6
965457,9.804968314537017,10
965469,9.74264313788219,12
965474,9.928828023706755,5
965600,7.637315980822629,126
965601,10.0,1
965603,9.974335431736979,2
965631,9.474588593573111,28
965644,9.716262117723511,13
965652,9.85349395228693,8
965653,10.0,1
965671,8.468039680343464,18
965686,9.65924816285083,15
965688,9.972227099623444,2
965692,9.925710649510185,4
965706,9.662845480290326,14
965727,9.56276341823335,21
965740,8.06485175328288,13
965753,9.300121707682477,13
965758,9.913186013913268,5
965770,9.703220343871141,12
965775,9.911619594002595,5
965781,9.902317957384628,6
965794,9.541592167655013,13
965801,9.863509717914344,7
965819,9.616962643879223,18
965851,9.398909114892344,32
965861,9.828549728254817,10
965911,9.042732651465201,50
965933,9.496889228693087,22
965942,9.628259253199758,9
965955,9.164995757053568,13
965970,9.652705700599764,15
965979,9.833421229901871,9
965980,10.0,1
965990,9.81924535160832,10
965997,9.866271232345252,7
965998,10.0,1
965999,10.0,1
966041,9.249319480383239,42
966058,9.639175883533843,17
966074,9.528181909260487,16
966075,10.0,1
966084,9.803565277608115,9
966114,9.419279743303711,30
966122,9.86823056121495,8
966123,10.0,1
966138,9.643453208374131,15
966147,9.800328219520013,9
966163,9.645967104157432,16
966173,9.781835828018254,10
966209,7.99295120909792,36
966211,9.968031701460653,2
966212,10.0,1
966223,9.756069256251049,11
966225,9.972938554804529,2
966238,9.639977242222024,13
966239,10.0,1
966254,9.636731779360353,15
966270,9.711492322621062,16
966289,9.622158148974457,19
966297,9.837185163547986,8
966305,9.849792420039405,8
966321,9.624356923152282,16
966368,9.183106407784416,47
966437,8.437145640515093,69
966441,9.924327207878497,4
966459,9.578807551961269,18
966471,9.743944858057585,12
966480,9.816217834039033,9
966492,9.779854705857009,12
966493,10.0,1
966499,9.885025993596281,6
966530,9.406149890864084,31
966534,9.936775753989533,4
966545,9.382418922998239,11
966549,9.536156644761897,4
966552,9.96192632667931,3
966574,9.494897203861598,22
966592,9.570135299732748,18
966594,9.973412430402758,2
966609,9.280768020033857,15
966610,9.98915895313731,1
966623,9.627210049504523,13
966633,9.786598016427956,10
966637,9.934635862316975,4
966648,9.773499266067885,11
966649,9.996734420345081,1
966650,10.0,1
966654,9.941843307582248,4
966663,9.812915893552406,9
966665,9.973270191817303,2
966666,10.0,1
966677,9.746049612075893,11
966682,9.914494788883951,5
966692,9.788586701682854,10
966716,9.436073038758066,24
966725,9.856967173633931,9
966737,9.75487781979032,12
966746,9.839998368347091,9
966751,9.895697655424483,5
966766,9.695265573152556,15
966811,9.15035842685221,45
966842,9.368338084457854,31
966893,9.10426620332464,51
966894,10.0,1
966904,9.813985709771401,10
966911,9.900804849905885,7
967071,-33.297699008641366,160
967081,9.798286342637125,10
967090,9.62799926279849,9
967091,10.0,1
967111,9.558010351776927,20
967120,9.828214632624118,9
967135,9.732173965444156,15
967147,9.761331772086868,12
967176,9.033927969545623,29
967186,9.794459023929647,10
967208,9.439610098488597,22
967241,9.26843742668135,33
967242,10.0,1
967243,10.0,1
967253,9.789396130504203,10
967277,9.547731979439526,24
967287,9.772993207440617,10
967296,9.801651991044404,9
967309,9.759538890492884,13
967630,3.493871364962529,321
967638,9.844693774039767,8
967648,9.81148100975098,10
967661,9.74204576117224,13
967674,9.716869020671695,13
967691,9.628640917738755,17
967695,9.952461409962055,4
967708,9.74558636982286,13
967732,9.497077102564347,24
967745,9.709904959752821,13
967759,9.778580942064506,14
967770,9.778577384936037,11
967792,9.584812565935653,22
967793,10.0,1
967816,9.481561540164108,23
967834,9.678015707194675,18
967836,9.969225507042347,2
967837,10.0,1
967843,9.903312877973065,6
967856,9.751211523805681,13
967863,9.875093670821688,7
967886,9.46975316951136,23
967887,10.0,1
968021,2.610966905195645,134
968040,9.499707558062187,19
968051,9.76106959306792,11
968060,9.80738616045731,9
968064,9.938355476059437,4
968068,9.93825103229123,4
968088,9.415323760485679,20
968102,9.69510208831734,14
968113,9.76786945297125,11
968128,9.742925984162454,15
968130,9.984630035158558,2
968147,9.33101857290349,17
968159,9.721227767295233,12
968174,9.692536975188098,15
968175,10.0,1
968199,9.483004735566876,24
968214,9.697160712042106,15
968240,9.462916444599255,26
968255,9.429213189649966,15
968270,9.64711466849408,15
968292,9.501787902694419,22
968303,9.764758857140706,11
968310,9.876668532850099,7
968312,9.986176109489726,2
968329,9.636905713735418,17
968353,9.507844532921375,24
968387,1.509993513551148,34
968399,9.629835288633009,12
968418,9.5502798617153,19
968422,9.930656818842182,4
968429,9.866170341291516,7
968438,9.812478056302812,9
968439,9.996632124352331,1
968444,9.926050919399678,5
968459,9.759979864162798,15
968460,10.0,1
968465,9.914599970235948,5
968475,9.837556567498604,10
968485,9.798153666085673,10
968497,9.753789442481073,12
968509,9.737711544108604,12
968510,9.992817513177295,1
968530,9.525374033967012,20
968555,9.411195824371243,25
968564,9.8162895289744,9
968578,9.741464362628664,14
968588,9.81249792511399,10
968589,9.99242716920925,1
968604,9.66749649256365,15
968612,9.722457315363107,8
968642,9.312188900207863,30
968643,10.0,1
968665,9.49634647056128,22
968672,9.880768757522665,7
969172,-11.166860957320415,500
969184,9.755990256150369,12
969684,-14.01042796694142,500
969686,9.975037166257055,2
969687,10.0,1
969701,9.69517229895105,14
969709,9.832329504291302,8
969808,7.853188948151569,99
969834,9.129335217124048,26
969852,9.32006362525279,18
969864,9.43534756257681,12
969877,9.686715735891095,13
969882,9.9034165240579,5
969899,9.606013580327486,17
969910,9.761245095592376,11
969917,9.86005215431874,7
969918,10.0,1
969926,9.860424810013328,8
969927,9.988167391340264,1
969936,9.83050368292564,9
969974,8.952348898003654,38
969985,9.753468613478297,11
969991,9.90028898946877,6
970009,8.839607570246454,18
970036,9.251294973598108,27
970108,8.698069183565833,72
970117,9.820478246693316,9
970118,9.995813017623878,1
970123,9.907400632776097,5
970134,9.622961973401216,11
970149,9.64968400734338,15
970170,9.580965904372842,21
970176,9.895135345357392,6
970184,9.770153988709561,8
970197,9.71063399547298,13
970217,9.651490032371708,20
970229,9.787084360412203,12
970237,9.838384166614441,8
970239,9.986153512081712,2
970266,9.284787316238235,27
970287,9.58003627341073,21
970297,9.812177995385687,10
970307,9.792562246486764,10
970318,9.782772991910766,11
970334,9.543428317092943,16
970593,4.942805413040954,259
970605,9.46901018402225,12
970643,1.6518697662915542,38
970673,9.263671468921858,30
970683,9.777889895350482,10
970695,9.733670916446544,12
970703,9.83588253301272,8
970723,9.490384143658174,20
970741,9.55677980283686,18
970745,9.942129228825934,4
970754,9.825924854147488,9
970769,9.71994552406254,15
970782,9.681535695235478,13
970783,10.0,1
970786,9.965462494911092,3
970801,9.646429503224596,15
970812,9.769042648502875,11
970813,10.0,1
970820,9.861725953866356,7
970821,10.0,1
970836,9.629313886090012,15
970842,9.888541293377894,6
970846,9.935428445756394,4
970852,9.892395716048833,6
970870,9.639249408004712,18
970877,9.88921654139319,7
970883,9.897379950483462,6
970897,9.662897731132754,14
970898,10.0,1
970909,9.828521511702576,11
970919,9.775442148736907,10
970923,9.927678616083355,4
970924,10.0,1
970934,9.841373144252637,10
970979,8.98312396553384,45
971005,9.399376481810194,26
971011,9.906579211544926,6
971012,9.989764762154485,1
971074,8.810023646423442,62
971098,9.539398959273436,24
971103,9.920436631054624,5
971109,9.893578734236067,6
971304,-3.0912575505202646,195
971367,8.816659094236257,63
971392,9.521133381386527,25
971410,9.588549504298433,18
971413,9.95963507978272,3
971420,9.864280654547816,7
971425,9.927492417669393,5
971426,10.0,1
971447,9.597882304085719,21
971460,9.698060764318846,13
971466,9.905270593444495,6
971476,9.781447980793843,10
971488,9.712903865859928,12
971497,9.818445883347582,9
971521,9.494832500756202,24
971528,9.865726988211,7
971538,9.823035287168002,10
971541,9.954041208816813,3
971542,10.0,1
971543,10.0,1
971553,9.796650407696614,10
971563,9.811773114327293,10
971591,9.408331511656108,28
971593,9.9828127195468,2
971604,9.80896243043224,11
971605,10.0,1
971606,10.0,1
971621,9.68164773702603,15
971626,9.926176994270689,5
971647,9.162978129322713,21
971648,10.0,1
971657,9.817776465362414,9
971685,9.359931736063945,28
971690,9.927000530421827,5
971696,9.872044083124894,6
971707,9.77778948095006,11
971716,9.835012203084037,9
971728,9.73779810191095,12
971729,9.995894761868252,1
971735,9.891622009585722,6
971740,9.921700516570816,5
971741,10.0,1
971742,10.0,1
971746,9.93410980543924,4
971759,9.730682262178185,13
971773,9.698894790161198,14
971782,9.82169254752212,9
971786,9.944945512961251,4
971798,9.765490560738524,12
971821,9.279262568132882,23
971828,9.861394946402301,7
971834,9.89409491444165,6
971836,9.974771140179026,2
971845,9.844719710284402,9
971893,8.883338410564471,48
971903,9.791300723371224,10
971935,9.233333863752014,32
971936,10.0,1
971941,9.906220181435348,5
971942,10.0,1
971948,9.87955615633856,6
971949,10.0,1
971950,10.0,1
972450,-199.21581737121406,500
972950,-212.5677541851839,500
973450,-214.4009084631944,500
973458,9.856662730016847,8
973468,9.762954286404737,10
973485,9.68048740869159,17
973495,9.817479944067426,10
973500,9.906079346520125,5
973522,9.482402178924765,22
973640,6.096060677070663,118
973646,9.680178673589928,6
973672,9.46298931070516,26
973679,9.766067568252202,7
973680,10.0,1
973681,10.0,1
973700,9.46785235281717,19
973725,9.362208558973567,25
973726,10.0,1
973733,9.878788953935919,7
973734,10.0,1
973735,10.0,1
973743,9.856087086766262,8
973765,9.475959088498051,22
973772,9.888999162436702,7
973791,9.577836986259587,19
973807,9.639476513100508,16
973820,9.697009515319735,13
973821,9.996502440588428,1
973860,6.690050268658162,39
973865,9.911912671444014,5
973877,9.568106942583938,12
973969,-0.47255813891723797,92
973978,9.822897272114416,9
973987,9.780838676305278,9
973999,9.750832682265287,12
974014,9.705427617577849,15
974023,9.818495206610352,9
974027,9.940608001045355,4
974037,9.788180769631227,10
974049,9.733265722183853,12
974063,9.744408489984698,14
974069,9.899629017105953,6
974081,9.740319996814172,12
974116,2.546837857773127,35
974122,9.902036454334654,6
974128,9.672612456681952,6
974145,9.57447381084442,17
974146,10.0,1
974161,9.678597362756067,15
974175,9.691173495597457,14
974186,9.750363436087659,11
974197,7.814148499351877,11
974215,9.535661816084383,18
974223,9.835085779636893,8
974227,9.923007041650914,4
974234,9.866505453654295,7
974238,9.935412697392803,4
974252,9.686556129558982,14
974256,9.92767420783774,4
974261,9.91955717363771,5
974269,9.830224681634512,8
974276,9.852203780280856,7
974289,9.2469159497451,13
974290,9.992291607342082,1
974297,9.856073498401432,7
974455,6.892864199267375,158
974456,9.989366898613632,1
974462,9.89018959188548,6
974467,9.93137173469567,5
974473,9.891068577231168,6
974483,9.811130691292595,10
974507,9.515845834090292,24
974541,9.329153908219109,34
974545,9.939177966678567,4
974580,9.319011159751978,35
974581,10.0,1
974593,9.662123937740704,12
974633,9.269070465275695,40
974644,9.778273151290383,11
974655,9.804139712632107,11
974663,9.870659964346068,8
974668,9.918652367518362,5
974684,9.64105108328405,16
974691,8.78863318321224,7
974697,9.87357374983134,6
974712,9.68642881776127,15
974730,9.58418230247994,18
974740,9.49000374075866,10
974781,9.08938879891069,41
974782,10.0,1
974798,9.658640284620407,16
974799,10.0,1
974837,9.076624108007803,38
974849,9.756263737383486,12
974862,9.724757603544315,13
974866,9.926486532972291,4
974878,9.736288898747258,12
974879,10.0,1
975379,-10.648214846634561,500
975406,9.079453124658539,27
975417,9.790514002148413,11
975429,9.777182050786893,12
975442,9.711813763340523,13
975454,9.76273743672831,12
975469,9.72248354126111,15
975475,9.883375656888207,6
975479,9.937727357468205,4
975487,9.840993090440081,8
975494,9.871815993171255,7
975496,9.979366067617763,2
975503,9.860672579955251,7
975512,9.810663072135902,9
975518,9.897862515931731,6
975519,10.0,1
975532,9.690212014783715,13
975541,9.81366026323142,9
975550,9.819003295940288,9
976050,-11.153265002007196,500
976063,9.731826200030142,13
976064,10.0,1
976083,9.716240216016457,19
976093,9.781172841048509,10
976106,9.753195410872516,13
976121,9.67703973243689,15
976130,9.812520611003848,9
976145,9.693707561753667,15
976155,9.777154301225485,10
976169,9.503142473693861,14
976190,9.431817908354386,21
976198,9.857896506985469,8
976205,9.872107941677926,7
976217,9.733123758159515,12
976230,9.702552775136317,13
976245,9.715270227388144,15
976248,9.955297305991223,3
976259,9.77462511872023,11
976268,9.815621927024232,9
976285,9.613949151858296,17
976303,9.6113243324338,18
976310,9.884978317469278,7
976322,9.792058464253913,12
976326,9.950666709141014,4
976341,9.6847681116557,15
976347,9.889442582332823,6
976360,9.718400769660214,13
976362,9.97608976174073,2
976363,10.0,1
976377,9.703031722566921,14
976398,9.564120394318776,21
976399,10.0,1
976420,9.491904173795582,21
976436,9.531714820084023,16
976448,9.15917770769384,12
976451,9.962798977229905,3
976483,9.133009858792777,32
976492,9.821909740577915,9
976495,9.956091703788458,3
976500,9.912424221991188,5
976503,9.961396591593292,3
976509,9.905461849662196,6
976510,10.0,1
976520,9.806054826940619,10
976535,9.651234038139025,15
976558,9.494256074466614,23
976580,9.499751273150476,22
976597,9.64289642324342,17
976631,9.191112445347168,34
976644,9.725721474565978,13
976649,9.914965784729109,5
976650,9.996533014583934,1
976699,8.740681726639512,49
976709,9.763184562383545,10
976715,9.915205367406843,6
976721,9.912717126510788,6
976729,9.532877616396577,8
976738,9.865294158678727,9
977238,-14.037539310721943,500
977257,9.538799623735331,19
977259,9.974256509871916,2
977269,9.664227136629673,10
977282,9.710964375893182,13
977347,8.555309928903453,65
977363,9.640345405196351,16
977384,9.552997519735072,21
977385,9.991804840262187,1
977400,9.699633205554703,15
977415,9.726228430629902,15
977425,9.796207085931385,10
977443,9.633708534913271,18
977464,9.28310389503824,21
977468,9.93319970546893,4
977482,9.757730956360831,14
977507,9.409729622329277,25
977515,9.863768501473693,8
977530,9.691990356193147,15
977548,9.570298292470113,18
977609,8.875854154404959,61
977626,9.605628034480821,17
977659,9.28418626843301,33
977668,9.832112979511368,9
977669,10.0,1
977686,9.658785301270575,17
977690,9.936863479193814,4
977694,9.948701838972521,4
977697,9.960900051369007,3
977711,9.716313326719895,14
977715,9.938783643049131,4
977730,9.683720049255948,15
977731,10.0,1
977944,5.90758848654792,213
977955,9.76093818539278,11
977959,9.932194341394828,4
977969,9.806653945667358,10
977981,9.742122075179852,12
977987,9.916908542914,6
977992,9.919790592094602,5
978003,9.780305874400376,11
978020,9.642338280691384,17
978097,8.309055525799323,77
978109,9.758132165434047,12
978122,9.728180946147216,13
978139,9.658200499331016,17
978154,9.68223016449392,15
978171,9.561491268519474,17
978182,9.752315060996104,11
978184,9.97214501055533,2
978206,9.497026759883632,22
978211,9.896586848809747,5
978235,9.470191279794024,24
978249,9.220619630964412,14
978254,9.917483478610109,5
978258,9.933913241402879,4
978265,9.860077154053577,7
978275,9.813466824231256,10
978285,9.782569727270223,10
978295,9.810104970353029,10
978330,8.737714817887326,35
978345,9.675858987955158,15
978346,10.0,1
978350,9.935308767331245,4
978375,9.317553223112325,25
978376,10.0,1
978386,9.801923128574098,10
978407,9.507982160063692,21
978416,9.836498900952286,9
978427,9.803886786444385,11
978436,9.862364346320257,9
978442,9.883142805788756,6
978466,9.50121488749281,24
978471,9.89720078048208,5
978533,8.817554761182103,62
978545,9.660935986274687,12
978553,9.838007012565505,8
978560,9.879557441224154,7
978569,9.820856154866156,9
978576,9.866878974742601,7
978587,9.775793111428484,11
978595,9.83961885564598,8
978615,9.407163639540256,20
978627,9.633627856839516,12
978633,9.89548396085473,6
978634,10.0,1
978643,9.827299881936908,9
978650,9.866082860503287,7
978672,9.54979596257538,22
978693,9.601004648382977,21
978707,9.71703840417242,14
978726,9.605503924275535,19
978727,10.0,1
978737,9.81716230901577,10
978754,9.59793345462668,17
978764,9.825459051712679,10
978772,9.835316379397755,8
978780,9.850904498890532,8
978797,9.616954890396723,17
978821,8.997963642892904,24
978831,9.59822255930868,10
978838,9.86677224948043,7
978853,9.672608734342576,15
978866,9.739283186424334,13
978921,9.025815558775179,55
978929,9.851677019996952,8
978935,9.913292485543598,6
978943,9.828202702675467,8
978967,9.320293843988054,24
978981,9.667996878778254,14
978989,9.861393926669212,8
979006,9.61803057736551,17
979011,9.724653545482928,5
979021,9.784812674747858,10
979023,9.980221976678097,2
979026,9.958134118781967,3
979209,4.700548169848878,183
979236,9.518397343953675,27
979254,9.655870618397358,18
979256,9.979218396531737,2
979258,9.98638533316023,2
979271,9.751525515977152,13
979275,9.930897169287018,4
979288,9.75210932141991,13
979301,9.733706280281853,13
979327,9.465346341117186,26
979827,-14.464604523941844,500
979853,8.443699282328467,26
979854,10.0,1
979878,9.470487910520044,24
979879,10.0,1
979888,9.604459456269915,9
979896,9.859925757794032,8
979920,9.526739173563316,24
979926,9.899535267463301,6
979929,9.953540241653897,3
979943,9.659798434310293,14
980145,5.561406829114564,202
980146,10.0,1
980278,7.4058270982119145,132
980331,8.158829217884438,53
980338,9.879714925712323,7
980357,9.486824484511436,19
980368,9.775991470838806,11
980379,9.774804995040293,11
980393,9.705979278725133,14
980411,9.676657781841978,18
980450,9.16140812813223,39
980453,9.96505437986777,3
980473,9.560180585626034,20
980482,9.83456897323676,9
980488,9.910036240833012,6
980499,9.782136111114571,11
980510,9.790680926878222,11
980527,9.640299102404766,17
980548,9.61806127423189,21
980561,9.707427395173385,13
980574,9.733094372851475,13
980597,9.498814391449168,23
980611,9.70815031584221,14
980627,9.688511881866114,16
980704,8.51791359704652,77
980709,9.514008766392182,5
980720,9.754603675448445,11
980730,9.806659946976689,10
980744,9.753231654973694,14
980753,9.832622722207786,9
980758,9.913723380417377,5
980788,9.298234716189723,30
980796,9.846648825762626,8
980811,9.722558068197797,15
980822,9.81647253727907,11
980828,9.914357297150124,6
980855,9.39671147480017,27
980896,9.203035264298911,41
980908,9.762547226062209,12
980920,9.74483619681357,12
980931,9.83348042486627,11
980937,9.906320426905642,6
980952,9.662028551281624,15
980953,10.0,1
980963,9.801319143767511,10
981019,8.469268615148223,56
981038,8.419629622748106,19
981051,9.731814430808718,13
981062,9.752774262038393,11
981080,9.626668709804136,18
981093,9.7485376313376,13
981095,9.979857207665152,2
981105,9.807827674458313,10
981106,9.989272855021573,1
981120,9.694404659829653,14
981121,9.989740097214705,1
981132,9.575026911856513,11
981143,9.818151679947137,11
981155,9.725507681086285,12
981210,8.979441124769613,55
981237,9.233486364820834,27
981242,9.92623173627298,5
981251,9.81680943620672,9
981269,9.586633054320291,18
981281,9.75109809575098,12
981303,9.584879334583407,22
981316,9.693079816671268,13
981326,9.79396646729498,10
981333,9.858708883630088,7
981342,9.83943819578122,9
981353,9.774104103787423,11
981377,9.463268001177623,24
981705,1.883199057278846,328
981712,9.866117452235306,7
981733,9.58274614557989,21
981746,9.702297246313492,13
982246,-11.868306569739643,500
982261,9.704869423499051,15
982267,9.891333220774245,6
982271,9.944213881492503,4
982297,9.538528732591054,26
982311,9.66602860949705,14
982326,9.702102629765113,15
982344,9.646453018668899,18
982359,9.730115946773306,15
982374,9.675449696145165,15
982874,-9.515270626666922,500
982893,9.626617855264895,19
982916,9.58390544929356,23
982932,9.54788819742075,16
982947,9.720908445922648,15
982961,9.725392775079701,14
982983,9.54544635429307,22
982988,9.903793422926706,5
982996,9.84028531306728,8
983021,9.508789415139688,25
983048,9.086966270053125,27
983066,9.548354076068183,18
983082,9.665085171155228,16
983091,9.836105294327583,9
983094,9.960957708532794,3
983104,9.800794827400315,10
983118,9.67958336939555,14
983132,9.747067132909528,14
983146,9.720040854326907,14
983152,9.880677846376246,6
983156,9.932608495090852,4
983172,9.621043438483433,16
983180,9.07636829889483,8
983191,9.786184891046426,11
983193,9.971867158479624,2
983207,9.670424821339063,14
983213,9.902876972028285,6
983237,8.80134693318266,24
983281,9.145634323781367,44
983299,9.418033793524339,18
983306,9.88024384042688,7
983327,9.136346157011383,21
983333,9.887357190569714,6
983336,9.971298654476893,3
983345,9.829499129654767,9
983366,9.599845836309186,21
983379,9.693172724555623,13
983410,9.160894542150622,31
983423,9.760695803427033,13
983438,9.713498395129525,15
983473,9.369577505538485,35
983486,9.734100964241208,13
983500,7.751148036264439,14
983514,9.739070606182056,14
983531,9.661617429448434,17
983539,9.844259404033153,8
983545,9.91912486828012,6
983547,9.973377794126975,2
983728,6.620876783823531,181
983739,9.750537449784874,11
983749,9.809550647777012,10
983753,9.927774456560218,4
983763,9.821971866491243,10
983775,9.743262094343306,12
983776,10.0,1
983785,9.853773663238803,9
983801,9.66076721698527,16
983815,9.687400214891932,14
983826,9.790928916130802,11
983832,9.887879712845757,6
984332,-9.609616729203502,500
984340,9.866492535021191,8
984372,9.257866724126012,32
984388,8.698644728164739,16
984393,9.92407333630119,5
984413,9.639911145643403,20
984431,9.60353683138688,18
984451,9.563334044245897,20
984459,9.860700963791324,8
984466,9.847834360827823,7
984467,10.0,1
984477,9.819554465530857,10
984478,10.0,1
984504,9.425129203935475,26
984510,9.891793272513397,6
984527,9.690610987675065,17
984532,9.91512686333023,5
984542,9.778382850467548,10
984546,9.931912837809856,4
984562,9.649832273967785,16
984574,9.770177224404,12
984575,10.0,1
984579,9.944359863077944,4
984592,9.047697138189859,13
984611,9.492242945090604,19
984613,9.970615943106203,2
984637,9.57365993754881,24
984669,9.334503712478579,32
984680,9.777531741018658,11
984693,9.759142236981384,13
984770,8.602078932532896,77
984779,9.843659494324351,9
984784,9.912296317923795,5
984788,9.935697705531393,4
984793,9.907984477737042,5
984807,9.68425256037384,14
984840,9.381167267085653,33
984870,8.697284898584543,30
984878,9.667396175983,8
984892,9.696661711585204,14
984904,9.760630136811288,12
984905,10.0,1
984908,9.955539292863648,3
984929,9.525635922620982,21
984937,9.834796836505397,8
984949,9.792788289863188,12
984957,9.856352327725798,8
984973,9.613283748141288,16
985002,8.747416698166344,29
985005,9.96063140241292,3
985029,9.4235794135373,24
985034,9.917890181535595,5
985041,9.874202659111333,7
985042,10.0,1
985048,9.909953073523365,6
985061,9.731029038299768,13
985067,9.90023435720674,6
985075,9.858224557786448,8
985076,9.989047613672653,1
985098,9.501526460320356,22
985109,9.814417070534443,11
985155,7.616619187149606,46
985172,9.666670129081679,17
985180,9.844428342663106,8
985181,10.0,1
985198,9.603155984099295,17
985222,9.559523252578128,24
985231,9.836970390713843,9
985235,9.930851963470289,4
985254,9.50896952136347,19
985258,9.936215738562368,4
985308,9.014854535200248,50
985320,9.766339440865156,12
985336,9.658829086163827,16
985343,9.867317408496094,7
985348,9.911661423414802,5
985356,9.847091532856323,8
985372,8.8192499351395,16
985394,8.988862139840975,22
985412,9.612045619893204,18
985414,9.975827704187415,2
985441,9.186325549415713,27
985448,9.85638288886879,7
985461,9.729749770807123,13
985474,9.546111504158711,13
985489,9.687185948862174,15
985492,9.961383235799966,3
985504,9.784734754226163,12
985512,9.838398317774027,8
986012,-202.35441027232292,500
986034,9.537961405234292,22
986049,9.683410785052494,15
986057,9.837108088037539,8
986060,9.965399848382116,3
986066,9.907077315477247,6
986075,9.823952164803512,9
986083,9.849124925265853,8
986091,9.85689835899219,8
986102,9.392616125289656,11
986110,9.847107152939854,8
986120,9.795419850591001,10
986140,9.581536154996328,20
986154,9.734807810111153,14
986169,9.691113614249305,15
986191,9.476008893748606,22
986201,9.786936866717065,10
986203,9.981031643982018,2
986242,9.238332664122987,39
986249,9.876809275020051,7
986278,9.413439057448949,29
986279,10.0,1
986289,9.82195116186375,10
986307,9.304828311601339,18
986315,9.84893405399226,8
986316,10.0,1
986321,9.911616171939857,5
986332,9.76167249650401,11
986374,9.22816449177362,42
986385,9.770229535319965,11
986395,9.802365294844975,10
986402,9.86345930436871,7
986407,9.925580058587775,5
986417,9.796365875039363,10
986426,9.823461699213604,9
986439,9.732887659166552,13
986503,8.746182238760586,64
986516,9.693415054465394,13
986536,9.633308454887423,20
986537,10.0,1
986547,9.804962138835156,10
986555,9.860930708077664,8
986563,9.85807378413561,8
986592,9.470173049901469,29
986609,8.167734716901542,17
986624,9.703430774199484,15
986630,9.878608681547025,6
986647,9.613692650855468,17
986650,9.958989032528894,3
986651,10.0,1
986660,9.836820205893305,9
986675,9.685238585686085,15
986697,9.53502473836201,22
986701,9.941770214722723,4
986714,9.564853930500524,13
986726,9.742026751365172,12
986803,8.387246798603336,77
986814,9.780964719216566,11
986835,9.529952369003697,21
986836,9.996225534581942,1
986844,9.859633364370533,8
986856,9.581216430094276,12
986858,9.980999975550159,2
986859,10.0,1
986871,9.485229343329289,12
986882,9.771634468956819,11
986913,9.298434522414391,31
986928,9.711923504276854,15
986938,9.842406998502225,10
986957,9.611652553721665,19
986958,10.0,1
986971,9.666007832592642,13
986975,9.95053856215791,4
986988,8.752187376840219,13
987150,7.011085010883853,162
987151,10.0,1
987170,9.532015619956708,19
987181,9.773823851117415,11
987206,9.600325746394278,25
987225,9.587446465779596,19
987233,9.827325040112305,8
987246,9.753355566959794,13
987254,9.843842975937067,8
987270,9.618300672471493,16
987286,9.693598085140609,16
987786,-9.781845889973974,500
987787,10.0,1
987797,9.784096818110585,10
987801,9.925855736574897,4
987817,9.618623761044722,16
987829,9.779425025871905,12
987830,9.995682973510833,1
987840,9.799953125745168,10
987858,9.604688478937973,18
987872,9.690769795891022,14
987876,9.947706120888236,4
987880,9.937597537856329,4
987887,9.863245944486144,7
987891,9.940368145102296,4
987909,9.661929971476834,18
987913,9.944739283303523,4
987927,9.691280014672621,14
987929,9.980448175036276,2
987937,9.848780804287006,8
987938,10.0,1
987940,9.969268330848688,2
987941,10.0,1
987972,5.432566828482135,31
987978,9.884846382425241,6
987990,9.647735050891399,12
988184,5.262599555378117,194
988185,10.0,1
988201,9.67457371335176,16
988313,7.830170718093822,112
988326,9.763761915436646,13
988363,9.158684722413426,37
988401,9.228575770539134,38
988422,8.739948669235897,21
988430,9.855122408215486,8
988442,9.733116936452964,12
988453,9.764942832144985,11
988482,9.251950775101609,29
988493,9.777942096384269,11
988494,10.0,1
988495,10.0,1
988517,9.28368405699403,22
988538,9.6028870834849,21
988545,9.870338502986467,7
988552,9.87136680474469,7
988562,9.802049861923678,10
988564,9.972209309501233,2
988567,9.950951531967041,3
988575,9.873312602831264,8
988592,9.597599598574748,17
988601,9.843363475502182,9
988629,9.255449346908007,28
988640,9.757004769879568,11
988651,9.746879853254185,11
988673,9.005640073474162,22
988683,9.787332969321248,10
988696,9.7239441049377,13
988709,9.723490047099723,13
988714,9.905607455503606,5
988725,9.798231581794763,11
988738,9.754069989770867,13
988739,10.0,1
988754,9.624010553052774,15
988764,9.824882707341446,10
988789,9.514952178338858,25
988810,9.509739644155012,21
988811,10.0,1
988817,9.818375766156958,6
988828,9.7790812037138,11
988858,9.350699451216556,30
988891,9.340534920088832,33
988898,9.874679908575953,7
988899,10.0,1
988912,9.773894576842153,13
988924,9.732839821489305,12
988935,9.764586703347147,11
988960,9.10463572576165,25
988971,9.781804985578786,11
988990,9.506023643721326,19
989011,9.582661326711863,21
989019,9.837752889876146,8
989028,9.735976096662755,9
989029,10.0,1
989032,9.961576958234977,3
989033,10.0,1
989055,9.567638380613062,22
989075,9.533853000255867,20
989106,9.286431642393465,31
989108,9.972257569604212,2
989132,9.401913970499571,24
989137,9.909666778085116,5
989171,9.317126959427345,34
989192,9.557915568986434,21
989193,10.0,1
989205,9.732933741854117,12
989219,9.667548824481715,14
989231,9.771150553341275,12
989246,9.676541902610712,15
989256,9.800824248615445,10
989265,9.842199559152478,9
989276,9.765668788856077,11
989281,9.916899696992644,5
989295,9.771538354690332,14
989307,9.755251208412796,12
989311,9.950434738059283,4
989317,9.903026490686091,6
989322,9.89548792371327,5
989328,9.882160790639304,6
989344,9.639054408416051,16
989345,10.0,1
989361,9.631586615878417,16
989368,9.883068553321634,7
989369,10.0,1
989388,9.604819686857875,19
989397,9.807241530168124,9
989416,9.593345628536712,19
989434,9.455742138225498,18
989441,9.887198537752898,7
989455,9.668329659667371,14
989463,9.862015185334263,8
989478,9.751780272535445,15
989531,8.866198495737896,53
989538,9.87427469118405,7
989539,9.992822207326048,1
989546,9.889698688706934,7
989547,9.99237973859271,1
989562,9.694677874208738,15
989580,9.655844136253041,18
989603,9.573630779413548,23
989619,9.623182972555295,16
989624,9.902559834340416,5
989643,9.612541277288024,19
989658,9.732270857491498,15
989674,9.702468570229733,16
989681,9.906200291275464,7
989692,9.781666126104371,11
989696,9.930470438629543,4
989700,9.951237537702731,4
989703,9.951677471792754,3
989709,9.905089133369154,6
989724,9.669050486046117,15
989733,9.837956862378304,9
989746,9.747235549165504,13
989750,9.9358313518224,4
989763,9.700720828832713,13
989770,9.90143652486735,7
989775,9.90593632871748,5
989808,9.024667454097262,33
989827,9.609739177919186,19
989843,9.688471966455445,16
989918,8.696318179365669,75
989935,9.629135609982361,17
989948,9.740854506422838,13
989969,9.40109357497058,21
989981,9.750656533867643,12
990060,8.357489761844645,79
990083,9.545844299248511,23
990090,9.868060012770126,7
990103,9.738386670743663,13
990121,9.626458390563498,18
990138,9.594294701289979,17
990139,10.0,1
990151,9.760963416271998,12
990153,9.981436140499374,2
990155,9.97806697516115,2
990165,9.814256914433692,10
990167,9.984435358342015,2
990168,10.0,1
990169,9.992467426850618,1
990182,9.734845955079074,13
990190,9.841638055983855,8
990200,9.833470785747211,10
990216,9.676507710286225,16
990220,9.94056646199056,4
990231,9.771143930641927,11
990285,8.824811301614474,54
990383,7.793376685759394,98
990399,9.611801199165951,16
990402,9.967963428802847,3
990405,9.953230313740926,3
990416,9.308299959779168,11
990426,9.780341054296159,10
990427,10.0,1
990438,9.799518932743727,11
990450,9.74101138621619,12
990462,9.753334080531255,12
990492,9.414350861864623,30
990504,9.741579804574295,12
990512,9.85370154343006,8
990520,9.86714268285207,8
990521,10.0,1
990530,9.830532959076182,9
990541,9.75880738900921,11
990550,9.808059827824843,9
990562,9.792041593223757,12
990563,10.0,1
990575,9.466908928944052,12
990585,9.808262115926409,10
990586,10.0,1
990592,9.903331325383437,6
990627,9.280297521189619,35
990640,9.74407646165586,13
990650,9.796455379192837,10
990651,10.0,1
990671,9.511821116051511,20
990677,9.896428746959874,6
990703,9.507643239556108,26
990715,9.71984753197884,12
990725,9.809252516538683,10
990749,9.534250020400682,24
990761,9.720064043310483,12
990773,9.766253162355133,12
990786,9.715588718709327,13
990804,9.624889793165288,18
990812,9.85479203581404,8
990820,9.845126791229525,8
990822,9.984085932363659,2
991307,-1.8538227429320493,485
991309,9.973916704552105,2
991317,9.849242564271197,8
991335,9.682145253843812,18
991344,9.825774495208021,9
991349,9.90676830868365,5
991360,9.75888239802125,11
991367,9.885783154690332,7
991372,9.920107196258671,5
991392,9.571341276042384,20
991412,9.60455232063821,20
991420,9.862271919895775,8
991539,6.728531728439832,119
991545,9.91512677506572,6
991556,9.774458706414553,11
991573,9.2095922637775,17
991593,9.559703035462302,20
991600,9.859664138452205,7
991611,9.814111734655455,11
991624,9.740995739909154,13
991633,9.834971182720475,9
991647,9.674921546080078,14
991669,9.490130241747645,22
991679,9.80561207858428,10
991789,6.72203564292986,110
991799,9.77275134109989,10
991809,9.705153540320874,10
991812,9.955083378666917,3
991818,9.897295951460526,6
991840,9.440061272824305,22
991860,9.605099029238417,20
991875,9.522540630781517,15
991897,9.483524973015886,22
991931,9.360048907230327,34
991942,9.751112251830705,11
991956,9.71333103238868,14
991960,9.942710967659481,4
991970,9.771642545489101,10
991975,9.919078587886657,5
991978,9.968652624147866,3
992005,9.398876240372063,27
992019,9.717999951532601,14
992047,9.466267652348794,28
992057,9.78516123731055,10
992080,9.605733313429118,23
992085,9.918814560261135,5
992104,8.474704054563515,19
992128,9.405549654479355,24
992142,9.710165380077408,14
992143,9.99654024037892,1
992242,8.179251930019111,99
992256,9.727706349298026,14
992265,9.850861537022336,9
992273,9.855813435693483,8
992304,9.108230315021178,31
992320,9.666329334291474,16
992329,9.804627078680465,9
992341,9.775508415731132,12
992350,9.34488943853037,9
992354,9.954232033224056,4
992366,9.741673189645201,12
992385,9.63291751544395,19
992482,8.233155374036738,97
992514,9.396231637607427,32
993014,-11.460055959894644,500
993033,9.552486101469324,19
993045,9.728910108251712,12
993049,9.953165028624655,4
993062,9.7412601100205,13
993065,9.962434788784986,3
993066,10.0,1
993076,9.696971383584271,10
993112,9.354876658008344,36
993136,9.492057807116534,24
993145,9.834617134528617,9
993146,10.0,1
993155,9.796961629109711,9
993163,9.828434934617318,8
993183,9.505484290218794,20
993184,10.0,1
993187,9.950685606591186,3
993301,7.535636035762748,114
993302,10.0,1
993317,9.663198403687034,15
993327,9.824914705507032,10
993345,9.622213362439405,18
993348,9.967946349741393,3
993354,9.902824365060122,6
993369,9.674818768913141,15
993378,9.824796407626923,9
993416,9.128624856491694,38
993447,9.40557802934443,31
993472,9.49835982295342,25
993477,9.928329199544608,5
993480,9.963839654826117,3
993495,9.634933159846888,15
993532,9.241153255459404,37
993547,9.671391234084194,15
993564,9.654592826074493,17
993590,9.420283851014073,26
993591,10.0,1
993602,9.774347111965145,11
993613,9.744955520860836,11
993633,9.547057647308042,20
993638,9.910617775588655,5
994086,1.8818370517701482,448
994099,9.722119750285282,13
994110,9.759274165477624,11
994119,9.813899373722306,9
994120,9.992909554970542,1
994129,9.841353753741373,9
994155,9.348450647332651,26
994172,9.640339968835049,17
994182,9.78873191366589,10
994196,9.687596536011302,14
994202,9.90687194889319,6
994244,9.208151992786476,42
994247,9.959757187974585,3
994255,9.870350240121338,8
994258,9.956071077214489,3
994272,9.689771922465578,14
994284,9.761290473377175,12
994332,8.830702523702142,48
994346,9.732543918741085,14
994363,9.604376870229618,17
994378,9.706435726638343,15
994412,9.351794688280972,34
994431,9.663965021840177,19
994445,9.670584064652099,14
994459,9.690734718035127,14
994460,9.996635432616458,1
994471,9.756331660408842,11
994516,9.125465342534143,45
994762,3.761081999199356,246
994775,8.340746265919368,13
994782,9.867239399164712,7
994793,9.74701605417077,11
994794,10.0,1
994821,9.4429338761025,27
994897,8.347542391534276,76
994911,9.329656749645412,14
994928,9.31568993682162,17
994946,9.606406031641622,18
994955,9.811821607546563,9
994980,9.40807024771379,25
995000,9.296465022717584,20
995014,9.724226164447069,14
995025,9.756362135875522,11
995039,9.707842221480641,14
995051,9.373838887655705,12
995052,10.0,1
995135,8.433714453169982,83
995162,9.392003118395944,27
995168,9.917429656810585,6
995169,9.989416126390987,1
995182,9.302348912951265,13
995196,9.727356036041398,14
995206,9.809911705788013,10
995216,9.772865878835722,10
995228,9.748609069449179,12
995242,9.701259355626364,14
995261,9.645940536119335,19
995263,9.974415159416427,2
995301,9.254149706974754,38
995307,9.897162763041877,6
995314,9.875840940543057,7
995323,9.815322750985825,9
995331,9.851425645752391,8
995333,9.980580128163657,2
995347,9.738224308875767,14
995361,9.775276911094442,14
995362,10.0,1
995373,9.770582827072488,11
995378,9.914406157993872,5
995387,9.559854897540662,9
995413,9.470632191912035,26
995414,10.0,1
995428,9.700105179063108,14
995444,9.650725144276757,16
995462,7.845379572326239,18
995469,9.871304188046699,7
995470,10.0,1
995487,9.690250164327265,17
995488,9.989560299648808,1
995495,9.849628434357154,7
995501,9.908169524637072,6
995513,9.804823948998482,12
995518,9.918905097687773,5
995528,9.821040532785812,10
995574,9.051457350564696,46
995594,9.413174192010448,20
995606,9.770806873615149,12
995614,9.86437361655754,8
995625,9.773223537404428,11
995650,6.542788245216659,25
995658,9.842377294961379,8
995666,9.832628907633888,8
995681,9.659857315390584,15
995682,10.0,1
995693,9.80259831744259,11
995704,9.776241687131645,11
995720,9.52304235196865,16
995735,9.720735576755073,15
995741,9.90675902542222,6
995755,9.579838876286765,14
995771,9.727206371444424,16
995792,9.581937356084316,21
995800,9.841207877525264,8
995812,9.779334783076958,12
995815,9.966178855228549,3
995824,9.820385040486935,9
995924,8.097379290136775,100
995951,9.443671773556677,27
995952,10.0,1
995969,9.39337283893931,17
995981,9.741517736340416,12
995994,9.74632079200816,13
996000,9.893740958920489,6
996008,9.86828925794674,8
996032,9.288215908283275,24
996052,9.53452530739517,20
996075,9.505021964948437,23
996096,9.563431341549329,21
996107,9.760939473859406,11
996108,10.0,1
996114,9.90995125734848,6
996128,9.731254421402346,14
996150,9.509103974093756,22
996154,9.931188743756017,4
996160,9.89805397116261,6
996175,9.660414963862538,15
996187,9.747857911698283,12
996204,9.633972535695445,17
996209,9.71411971387358,5
996231,9.526578748808907,22
996243,9.792087769843882,12
996256,9.52520572520225,13
996264,9.861743861856105,8
996266,9.977378014187966,2
996274,9.838988631991908,8
996293,9.63693192553032,19
996303,9.528336225575716,10
996372,8.752349572239027,69
996384,9.717771802467112,12
996390,9.905510786324331,6
996422,9.248500761508629,32
996433,9.761947796009984,11
996445,9.75045958699397,12
996456,9.778466563460292,11
996478,9.493771917131467,22
996978,-204.50398642954025,500
997478,-214.20916003587396,500
997487,9.817570651513504,9
997489,9.980478767576608,2
997492,9.967851126374466,3
997502,9.791720767535393,10
997511,9.807580411324539,9
997512,9.992784093736791,1
997521,9.807358844805982,9
997527,9.921781773006225,6
997546,9.549378879571085,19
997552,9.89229904071933,6
997562,9.779435937475032,10
997572,9.781181953566003,10
997581,9.81388634213465,9
997607,9.493743504364064,26
997617,9.765644301048678,10
997624,9.867535444440593,7
997645,9.497491226003204,21
997653,9.863162147181317,8
997655,9.984509648716351,2
997669,9.692397304804667,14
997687,9.54537722272795,18
997688,10.0,1
997737,8.709747688683194,49
997779,-1.5946602114756985,42
997788,9.805163612363629,9
997796,9.82876148087839,8
997802,9.898098603901968,6
997822,9.564632041143986,20
997845,9.554444437933986,23
997864,9.33596283653896,19
997872,9.83466021302283,8
997887,9.712309010270298,15
997906,9.59926957842595,19
997916,9.781154483077117,10
997923,9.882538893791537,7
997934,9.81186815979374,11
997939,9.909907235123978,5
997940,10.0,1
997954,9.691869058460743,14
997958,9.932676402816137,4
997975,9.671055226191815,17
997987,9.77061390786433,12
997990,9.95598959735077,3
998138,6.614195224026293,148
998143,9.933802849863444,5
998212,8.704021950024316,69
998225,9.718659610850098,13
998238,9.72270362160035,13
998247,9.829981833081234,9
998258,9.766008468545932,11
998269,9.749429114759021,11
998336,8.734247586447829,67
998342,9.877484533050154,6
998358,9.17230402841345,16
998374,9.648300127771023,16
998381,9.881525345619506,7
998404,4.125889926849831,23
998412,9.833829192069704,8
998435,9.44423938156056,23
998453,9.633951863726718,18
998462,9.814181474621922,9
998465,9.952460178449764,3
998476,9.390647336876361,11
998494,9.660763102411732,18
998497,9.950435445417467,3
998510,9.72263481488864,13
998522,9.749593881012446,12
998540,9.621097799779994,18
998548,9.629396337287478,8
998553,9.920989604344598,5
998558,9.91021486512378,5
998559,10.0,1
998564,9.92311784365573,5
998576,9.724136706479474,12
998595,9.61312954068961,19
998613,9.624617396333882,18
998617,9.94263622093521,4
998632,9.664881087947176,15
998633,10.0,1
998640,9.86362890957788,7
998647,9.87942213398595,7
998655,9.821035450558409,8
998656,10.0,1
998668,9.779929245648992,12
998670,9.975742262007879,2
998679,9.833705452069275,9
998686,9.885561126363951,7
998712,9.4486549031876,26
998724,9.771464370054268,12
998734,9.776567836542334,10
998735,10.0,1
998755,9.542417191667512,20
998814,8.802470700675897,59
998931,7.708895743296106,117
998939,9.856615454765647,8
998955,9.692129818020547,16
998963,9.848232496565208,8
998964,10.0,1
999013,8.451451326269394,49
999014,10.0,1
999018,9.937364839506895,4
999023,9.916522065540802,5
999030,9.86312941508257,7
999031,10.0,1
999044,9.783629370298968,13
999049,9.908974976184323,5
999052,9.962792316130725,3
999061,9.829784013272043,9
999074,9.703231483539138,13
999081,9.885700881631946,7
999102,9.464802477223028,21
999107,9.925894182790332,5
999114,9.8630412233489,7
999129,9.751306675869209,15
999142,9.698529900983933,13
999160,9.639593287641766,18
999161,10.0,1
999162,10.0,1
999174,9.76012989510134,12
999177,9.969669193932392,3
999183,9.90017525292102,6
999190,9.867886467759366,7
999239,8.89800986493807,49
999242,9.959110013015483,3
999262,9.581032018018997,20
999278,9.698425400221005,16
999287,9.850692180736495,9
999288,10.0,1
999313,9.390497986421462,25
999318,9.91606072957669,5
999818,-81.82972632526493,500
999848,9.445858199100137,30
999857,9.787870709639462,9
999858,9.996789630487035,1
999868,9.778852577273286,10
999877,9.808239292626196,9
999925,8.941340001586525,48
999926,10.0,1
999927,10.0,1
999943,9.661577592407806,16
999952,9.83584317732569,9
999954,9.97235873822194,2
999965,9.775439822276184,11
999966,10.0,1
999975,9.818890363328343,9
999996,8.266949500101015,21
1000026,9.333396113408247,30
1000032,9.878070285470306,6
1000127,7.93936041754373,95
1000128,10.0,1
1000147,9.59397128021546,19
1000151,9.937680774355995,4
1000168,9.591686294266518,17
1000180,9.752486717345205,12
1000191,9.822167513307052,11
1000197,9.894720481629165,6
1000215,9.6175434117993,18
1000229,9.713305853883735,14
1000238,9.857705351183467,9
1000268,9.26387691601293,30
1000285,9.60752251711119,17
1000305,9.646064935970855,20
1000309,9.933330328281743,4
1000322,9.745117695294086,13
1000344,9.50524360553672,22
1000361,9.603624902073564,17
1000376,9.714569328012239,15
1000396,9.59088501456117,20
1000406,9.793785036788762,10
1000415,9.834435996066427,9
1000423,9.835162762422483,8
1000429,9.921193822576079,6
1000430,10.0,1
1000440,9.806550336550826,10
1000441,9.992223390032573,1
1000453,9.769393116320112,12
1000464,9.761683558956314,11
1000466,9.98364137640088,2
1000467,10.0,1
1000485,9.601812623494977,18
1000489,9.93314430043883,4
1000505,9.70278009962669,16
1000514,9.805406017682284,9
1000544,9.365353978548637,30
1000551,9.883212430832126,7
1000558,9.862711033439952,7
1000561,9.963027246143731,3
1000570,9.80743467235877,9
1000581,9.790813615179552,11
1000585,9.938257308143054,4
1000588,9.948818891025267,3
1000589,10.0,1
1000641,8.250890517454385,52
1000676,9.203842174998181,35
1000685,9.812668295524626,9
1000698,9.671113101995669,13
1000705,9.861241467587005,7
1000710,9.918805326272615,5
1001027,4.430537815122229,317
1001046,9.615087238022594,19
1001085,9.23948458683854,39
1001097,9.740176362294141,12
1001111,9.769764139403435,14
1001127,9.642669570569266,16
1001134,9.878176286481393,7
1001148,9.728116668082619,14
1001158,9.81872624390116,10
1001194,9.193587603784481,36
1001205,9.802572031889287,11
1001208,9.959906754587829,3
1001220,9.727217960930732,12
1001224,9.939109401273639,4
1001245,9.62235546209022,21
1001246,10.0,1
1001258,9.76984400818266,12
1001296,9.262346889010779,38
1001309,9.738203042728536,13
1001313,9.950320191980621,4
1001330,9.617078381157917,17
1001333,9.959415789329244,3
1001357,9.541058184671673,24
1001375,9.588318143573824,18
1001388,9.70069758315417,13
1001396,9.837127021576933,8
1001410,9.682802921472044,14
1001411,10.0,1
1001416,9.933516008173862,5
1001427,9.755636533333597,11
1001439,9.74996169148852,12
1001899,0.6308191768851295,460
1001922,9.518143617263986,23
1001938,9.659415071307544,16
1001947,9.810041132707022,9
1001979,9.087089970873896,32
1001998,9.260812029532117,19
1002022,8.374731707220256,24
1002050,9.309434491676932,28
1002066,9.556932710434742,16
1002072,9.40900043258604,6
1002073,10.0,1
1002085,9.733090971242055,12
1002091,9.897173652619752,6
1002097,9.870154120431152,6
1002134,9.287100701710246,37
1002163,9.321854051950188,29
1002170,9.876236541193457,7
1002205,9.173279242194889,35
1002239,9.308418059338539,34
1002256,9.661466562451455,17
1002268,9.73928405634603,12
1002270,9.971153679335433,2
1002282,9.67425019798264,12
1002298,9.625239439796957,16
1002325,9.52177131301886,27
1002333,9.86753715939467,8
1002345,9.750713652162712,12
1002356,9.745677166812952,11
1002376,9.530509584216894,20
1002377,9.986866566255516,1
1002392,9.728171465123973,15
1002413,9.507155622428979,21
1002427,9.659756928297627,14
1002428,10.0,1
1002442,9.68755359492743,14
1002443,9.993345600405549,1
1002447,9.937537779603886,4
1002453,9.916413090217102,6
1002467,9.548682156881403,14
1002477,9.825395706653033,10
1002483,9.900527574066732,6
1002484,10.0,1
1002498,9.683419329478143,14
1002515,9.700129649664271,17
1002535,9.594610983142754,20
1002546,9.772571649856804,11
1002555,9.794837679613051,9
1002565,9.789551433759627,10
1002574,9.833820403175213,9
1002608,9.335430191822857,34
1002610,9.982721891449623,2
1002631,9.613274731556505,21
1002642,9.73497558307709,11
1002645,9.968577997321393,3
1002662,9.666350445509096,17
1002669,9.886465011844852,7
1002676,9.868133766480554,7
1002707,9.352576300385824,31
1002724,9.639783373146333,17
1002725,10.0,1
1002743,9.643293182738185,18
1002754,9.737868209171431,11
1002779,9.416782225822539,25
1002798,9.631947117915097,19
1002816,9.62790837125677,18
1002825,9.804257737449777,9
1002845,9.575497549777307,20
1002857,9.755402431514428,12
1002885,9.526434697262296,28
1002887,9.97816414718231,2
1002899,9.733438614797894,12
1002909,9.79898200030591,10
1002928,8.950149536481504,19
1003063,7.381732698894264,135
1003072,9.81957277213966,9
1003116,9.164408002893703,44
1003117,10.0,1
1003120,9.961332351343987,3
1003127,9.888284514464104,7
1003130,9.949372685134609,3
1003154,9.532599763661832,24
1003159,9.911848532912238,5
1003167,9.87972659681449,8
1003185,9.636232831942854,18
1003192,9.877710239097054,7
1003207,9.661719497646,15
1003218,9.77156998765597,11
1003227,9.82364803440294,9
1003240,9.70197573777953,13
1003249,9.833765005518025,9
1003250,9.991450170193762,1
1003260,9.808313532078682,10
1003264,9.945459740700397,4
1003279,9.697388254493426,15
1003280,10.0,1
1003298,9.638376825980176,18
1003548,4.853769403353418,250
1003558,9.832775040330121,10
1003573,9.77029358792353,15
1003575,9.986488316958315,2
1003581,9.88348369865369,6
1003590,9.794898328158252,9
1003600,9.832493645027409,10
1003608,9.856312845751617,8
1003615,9.765770842725876,7
1003617,9.96821898216129,2
1003632,9.63198747498157,15
1003649,9.624379338597754,17
1003652,9.960516867057446,3
1003660,9.876279506392123,8
1003669,9.837262470648525,9
1003686,9.50689461944653,17
1003710,9.548205823654646,24
1003722,9.75199028373347,12
1003730,9.846713230429394,8
1003731,10.0,1
1003747,9.638857518758037,16
1003774,9.450975582560055,27
1003784,9.811157659161607,10
1003789,9.91119532416942,5
1003803,9.713074684580729,14
1003827,9.490117871570737,24
1003838,9.734590473145918,11
1003848,9.817041759545338,10
1003859,9.801381300364296,11
1003876,9.318274989622221,17
1003906,9.378395682971165,30
1003909,9.966313949254332,3
1003946,9.186436814551413,37
1003957,9.757281603855702,11
1003965,9.839180566815742,8
1003974,9.821828110244349,9
1003977,9.947478252744144,3
1003980,9.9546923716986,3
1003987,9.912195962264894,7
1003988,10.0,1
1004009,9.583087718740451,21
1004013,9.945626022577454,4
1004023,9.78170528331766,10
1004047,9.498240291924462,24
1004048,10.0,1
1004061,9.7710845512906,13
1004070,9.817566127868355,9
1004078,9.836531136382616,8
1004134,8.928982299704305,56
1004142,9.874241631085209,8
1004143,10.0,1
1004151,9.874056728938394,8
1004166,9.664504341555887,15
1004175,9.830251842295365,9
1004184,9.801748218784738,9
1004194,9.800087898788872,10
1004199,9.905859775605418,5
1004217,9.664246783629874,18
1004251,9.342872640858547,34
1004272,9.484134926926092,21
1004289,9.587297980911325,17
1004306,9.076178902623667,17
1004333,6.693143227459048,27
1004349,9.301824109101055,16
1004360,9.787654936976223,11
1004368,9.846260649737163,8
1004381,9.711555222174512,13
1004395,9.65748424864473,14
1004407,9.765397322362817,12
1004418,9.76603302317618,11
1004421,9.95684243552273,3
1004426,9.906067629963998,5
1004438,9.723687581111303,12
1004449,9.177811629939693,11
1004450,10.0,1
1004458,9.245071248035858,8
1004490,9.073802883736768,32
1004494,9.940938160377494,4
1004507,9.71806245269973,13
1004517,9.78352449145602,10
1004525,9.884471585579266,8
1004539,9.692421259903513,14
1004549,9.83532420069793,10
1004559,9.822336547735976,10
1004563,9.949199836676383,4
1004564,10.0,1
1004589,9.493134085883227,25
1004598,9.810027594515255,9
1004603,9.91316182245331,5
1004611,9.828951073871764,8
1004652,8.709986145192198,41
1004672,9.637441164081425,20
1004673,10.0,1
1004690,9.596319885976538,17
1004770,8.483562912969127,80
1004800,9.265689439809396,30
1004810,9.840902908767971,10
1004826,9.66368981584837,16
1004829,9.963663875632792,3
1004860,9.368039810443962,31
1004872,9.725125208950834,12
1004878,9.912818411653047,6
1004902,9.49011742372501,24
1004916,9.664263171664382,14
1004957,9.151115471461631,41
1004960,9.969106355574485,3
1004991,9.260752361395722,31
1004995,9.926096089018957,4
1004998,9.962122664686513,3
1005015,9.352360026676203,17
1005051,6.721088557448588,36
1005062,9.775552614390893,11
1005106,9.168215076643607,44
1005111,9.923959968074577,5
1005124,9.711505668918196,13
1005136,9.78250478439584,12
1005153,9.588965923742004,17
1005180,8.998088198712985,27
1005198,9.589197054681078,18
1005199,10.0,1
1005201,9.972072079372401,2
1005207,9.902054933800311,6
1005219,9.738970463755143,12
1005230,9.802192860718597,11
1005236,9.873098417485307,6
1005245,9.827391760876097,9
1005253,9.855872026307031,8
1005258,9.913182619002098,5
1005268,9.83603496606993,10
1005288,9.580655422028599,20
1005304,9.628512340767692,16
1005305,10.0,1
1005327,9.505665631852832,22
1005348,9.509749992809734,21
1005366,9.632305056909292,18
1005371,9.930751272221988,5
1005381,9.79924134348286,10
1005397,9.660826341164412,16
1005424,9.464718422758521,27
1005425,10.0,1
1005439,9.696391321283716,14
1005450,9.773155872356025,11
1005461,9.761229517207136,11
1005464,9.96307156186632,3
1005511,8.640823670129254,47
1005512,10.0,1
1005524,9.781822044264308,12
1005530,9.914722022960234,6
1005539,9.856968634132315,9
1005544,9.921693639200964,5
1005553,9.732049289043282,9
1005557,9.94341710912031,4
1005572,9.647289993338664,15
1005578,9.886370058196277,6
1005579,10.0,1
1005585,9.89224732880759,6
1005588,9.972401548780143,3
1005600,9.729259435307815,12
1005604,9.950984112405127,4
1005627,9.027025647861985,23
1005672,9.077069012105678,45
1005674,9.975672316126088,2
1005683,9.83530436750073,9
1005689,9.890555235168229,6
1005695,9.896210143295638,6
1005702,9.869868891820698,7
1005711,9.80876561522342,9
1005717,9.893374699251973,6
1005718,10.0,1
1005753,9.333600186994117,35
1005775,9.470289108804707,22
1005782,9.886910354110487,7
1005794,9.740166240801265,12
1005797,9.951526026705983,3
1005828,9.192562071892027,31
1005843,9.629713419308167,15
1005857,9.704272552245873,14
1005874,9.648805389867372,17
1005881,9.859352527312641,7
1005886,9.922446160444407,5
1005901,9.40838399886049,15
1005913,9.730561672939102,12
1005920,9.88408730726055,7
1005932,9.73543054813239,12
1005941,9.829493075637043,9
1005974,9.322523117323646,33
1005987,9.7078899857889,13
1006010,8.40039641690978,23
1006021,9.763885754339398,11
1006026,9.905875294098669,5
1006038,9.730594362710178,12
1006049,9.749082639170366,11
1006058,9.860069875757768,9
1006064,9.887306479884222,6
1006066,9.968398549558863,2
1006083,9.646021215420637,17
1006087,9.926648756196489,4
1006097,9.791846907568177,10
1006109,9.731282150826118,12
1006123,9.74249798936498,14
1006150,9.461741326330724,27
1006168,9.575091907800159,18
1006180,9.791793582676927,12
1006183,9.94911086804701,3
1006187,9.938943528464833,4
1006197,9.78700472400244,10
1006214,9.641328579609333,17
1006215,9.996712528992106,1
1006216,10.0,1
1006231,9.743422007146744,15
1006247,9.723687209841957,16
1006248,9.993380792677216,1
1006259,9.738364963783114,11
1006263,9.948699682606374,4
1006269,9.92896142399782,6
1006280,9.746743173955062,11
1006293,9.703756069068149,13
1006308,9.668718704874518,15
1006316,9.833145066434508,8
1006326,9.8147886041922,10
1006334,9.81618309584178,8
1006345,9.509934495747913,11
1006362,9.505817557740048,17
1006363,10.0,1
1006373,9.801353735541094,10
1006383,9.756420300071987,10
1006400,9.677359736581261,17
1006418,9.6015254302161,18
1006477,8.502578008056032,59
1006483,9.880136810613878,6
1006545,6.85937538918563,62
1006571,8.150515277631559,26
1006593,9.482975535012926,22
1006602,9.818054402535052,9
1006610,9.849738654245979,8
1006611,10.0,1
1006616,9.926148666770377,5
1006637,9.602247116602726,21
1006647,9.789458161080072,10
1006665,9.575725040038638,18
1006681,9.635473349282936,16
1006682,10.0,1
1006717,9.383976254779615,35
1006732,9.73507207292256,15
1006737,9.924376953638832,5
1006738,10.0,1
1006741,9.96846514877664,3
1006747,9.872843718948554,6
1006760,9.708223508234752,13
1006768,9.834179123810634,8
1006778,9.799516364167525,10
1006792,9.688243280125304,14
1006803,9.801657506820733,11
1006813,9.786199646904027,10
1006822,9.82343591428909,9
1006823,9.992405633987033,1
1006845,9.361506807785737,22
1006859,9.678508645274267,14
1006868,9.825331505023126,9
1006886,9.537520661174495,18
1006895,9.824292151753195,9
1006914,9.631771201564733,19
1006926,9.743380716135881,12
1006938,9.738663561555901,12
1006951,9.72186735283077,13
1006963,9.760709975216209,12
1006986,9.430199953997734,23
1006987,10.0,1
1006991,9.731992455046733,4
1006999,9.819168810409003,8
1007005,9.877284905955197,6
1007009,9.946189878559117,4
1007027,9.63370125946712,18
1007041,9.680286488932305,14
1007048,9.853292354923067,7
1007063,9.68301065515656,15
1007064,10.0,1
1007076,9.743459439699263,12
1007084,9.828406865181742,8
1007099,9.732211366568233,15
1007104,9.914336093895665,5
1007119,9.701048173415009,15
1007120,9.996395064658465,1
1007121,10.0,1
1007132,9.773864963740724,11
1007150,9.600992191603527,18
1007152,9.97990330970529,2
1007158,9.903660814765479,6
1007159,10.0,1
1007166,9.868537002089782,7
1007197,9.432785424158416,31
1007207,9.390741248376395,10
1007228,9.552043931694474,21
1007239,9.77066145166544,11
1007271,9.295571433203836,32
1007281,9.797456632098182,10
1007302,9.471847911110949,21
1007311,9.829098560569028,9
1007324,9.63853192537212,13
1007325,10.0,1
1007326,10.0,1
1007375,-1.5263411528811606,49
1007384,9.807394559980429,9
1007407,9.549671381822785,23
1007411,9.947300578104336,4
1007423,9.746578155966931,12
1007440,9.61113569887768,17
1007450,9.778576458757607,10
1007454,9.94168883248595,4
1007461,9.852444978966453,7
1007469,9.849226638280255,8
1007479,9.780130063234944,10
1007490,9.769097770023409,11
1007503,9.714166904160429,13
1007504,10.0,1
1007512,9.84669945353219,8
1007521,9.827052618275832,9
1007528,9.888840947870362,7
1007529,10.0,1
1007530,9.996658046426,1
1007541,9.796671277295756,11
1007549,9.857857291042261,8
1007550,10.0,1
1007551,10.0,1
1007564,9.737655419421621,13
1007605,9.155816644209423,41
1007621,9.642970329280706,16
1007648,9.4940456264159,27
1007650,9.98026617459596,2
1007662,9.684237104323351,12
1007666,9.949552257062543,4
1007697,9.457327322022467,31
1007701,9.931630961687517,4
1007715,9.70235808788071,14
1007733,7.395640170608981,18
1007746,9.760095446491238,13
1007758,9.73058988777849,12
1007772,9.639114737060448,14
1007777,9.923466325207402,5
1007816,9.292536277092069,39
1007840,9.510451806284623,24
1007852,9.79960868895811,12
1007875,9.532372629134516,23
1007889,9.650053038280301,14
1007896,9.868265205367969,7
1007905,9.792736198396945,9
1007917,9.75701073371219,12
1007927,9.785756343418011,10
1007937,9.843149620393202,10
1008053,7.10124810529578,116
1008060,9.884249483114244,7
1008075,9.652338915994866,15
1008088,9.716357173131358,13
1008098,9.744930154861454,10
1008104,9.903261909818049,6
1008105,9.98892828363149,1
1008113,9.852715159952995,8
1008136,9.48579293728923,23
1008137,10.0,1
1008145,9.842675960611636,8
1008155,9.780041298122734,10
1008161,9.874500992599982,6
1008174,9.734576071743783,13
1008183,9.792939002514427,9
1008210,9.348257165782915,27
1008222,9.765702816558557,12
1008227,9.920140096156695,5
1008228,10.0,1
1008236,9.848987104457054,8
1008248,9.754658394915577,12
1008263,9.639933330179163,15
1008273,9.801049780941913,10
1008286,9.702765321739047,13
1008295,9.81564821510504,9
1008307,9.72740441142365,12
1008317,9.782262082860527,10
1008329,9.696556663714725,12
1008335,9.9036818000487,6
1008346,9.77970108432214,11
1008356,9.790378688861614,10
1008371,9.677769773386677,15
1008376,9.906241097825056,5
1008377,10.0,1
1008395,9.675099182323274,18
1008454,8.93429186795926,59
1008461,9.895378174653185,7
1008483,9.582777224223682,22
1008503,9.606941563450915,20
1008522,9.655082870406948,19
1008534,9.80323310881286,12
1008535,9.991998060800464,1
1008549,9.505081828063817,14
1008553,9.948282929926679,4
1008558,9.923358301725267,5
1008567,9.815710030209978,9
1008578,9.576994390383325,11
1008588,9.772681449437869,10
1008602,9.706397299443156,14
1008614,9.75669999994185,12
1008638,9.524133320804767,24
1008646,9.859227526524776,8
1008713,8.7522025950346,67
1008724,9.778597646138845,11
1008725,10.0,1
1008736,9.764283095717303,11
1008744,9.887445857962144,8
1008749,9.894353812619851,5
1008758,9.816080200639174,9
1008771,9.73839348507507,13
1008781,9.80390994270503,10
1008782,10.0,1
1008797,9.687933847493465,15
1008813,9.653638721491404,16
1008833,9.54486585892014,20
1008846,9.749048614735079,13
1008855,9.844992034470854,9
1008871,9.700375248047376,16
1008884,9.73300605766476,13
1008891,9.876532892841043,7
1008916,9.486824527961899,25
1008948,9.420398943288907,32
1008958,9.795290269227316,10
1008967,9.832469781396433,9
1008987,9.661147448304671,20
1009067,5.312303651555114,80
1009078,9.794813757160902,11
1009086,9.833256132804213,8
1009101,9.705319400192051,15
1009113,9.764622567184507,12
1009128,9.222862425837471,15
1009135,9.8771003730449,7
1009152,9.663854178408299,17
1009162,9.840456972245994,10
1009177,9.719028523999729,15
1009192,9.757015166517256,15
1009216,9.44103247642257,24
1009222,9.905169210546878,6
1009245,9.569781191004115,23
1009266,9.491725822668597,21
1009273,9.878448173318098,7
1009287,9.688759774162875,14
1009294,9.8598570149428,7
1009306,9.700552723625078,12
1009321,9.712700985703988,15
1009325,9.939993755977344,4
1009337,9.747792757306033,12
1009345,9.852041434175447,8
1009361,9.645851486371102,16
1009371,9.81123789181145,10
1009372,10.0,1
1009467,7.937788534784212,95
1009478,9.77587165176239,11
1009494,9.73107102315581,16
1009508,9.686912993466569,14
1009516,9.872288942666637,8
1009518,9.973599535394758,2
1009545,9.31065948425719,27
1009553,9.854623058395235,8
1009566,9.603337116942404,13
1009589,9.492892161226,23
1009595,9.921318854528161,6
1009608,9.719096496038793,13
1009613,9.930766336666046,5
1009623,9.814945360417978,10
1009644,9.553134874226284,21
1009662,9.595512073622272,18
1009782,8.137180611692582,120
1009789,9.887281975509417,7
1009793,9.944354334207473,4
1009808,9.706878774065595,15
1009811,9.961125114132674,3
1009821,9.781212858436424,10
1009822,10.0,1
1009831,9.80909249325874,9
1009838,9.856640967941543,7
1009840,9.983519818497868,2
1009852,9.741915511941084,12
1009860,9.849932601591266,8
1009864,9.946447521830056,4
1009872,9.861041703602142,8
1009890,9.159176449107118,18
1009900,9.824291722989352,10
1009913,9.72706696264384,13
1009914,10.0,1
1009926,9.791101243432243,12
1009949,9.420996035601778,23
1009951,9.980762860657931,2
1009962,9.766289309159179,11
1009973,9.79524955215863,11
1009982,9.847153469590893,9
1009989,9.881116385696313,7
1010007,9.614899844711022,18
1010027,9.567831718018837,20
1010033,9.900602851263846,6
1010042,9.628939649746076,9
1010058,9.084785053572178,16
1010059,10.0,1
1010080,9.497271322313145,21
1010092,9.781142584312533,12
1010116,9.483353850825464,24
1010127,9.78605668581605,11
1010157,9.35856221711538,30
1010169,9.372978865400098,12
1010187,9.706215568671531,18
1010206,9.617734143329818,19
1010217,9.776731988324796,11
1010218,9.987754938282633,1
1010340,-0.555009660937726,122
1010344,9.93098342440456,4
1010384,9.148513563405187,40
1010386,9.971071249278992,2
1010418,9.422410244279142,32
1010426,9.84017179926322,8
1010427,10.0,1
1010443,9.597430950146592,16
1010444,10.0,1
1010462,9.666576391156166,18
1010471,9.81855424201771,9
1010476,9.930767277597543,5
1010490,9.712956810432866,14
1010506,9.682239837503502,16
1010518,9.709957735038776,12
1010592,8.768758418387131,74
1010606,9.76239958162005,14
1010629,9.524889994777679,23
1010637,9.869796999779416,8
1010641,9.332743784613394,4
1010666,9.565910168719222,25
1010701,9.301882605368057,35
1010711,9.798499946960582,10
1010734,9.456945859981747,23
1010746,9.802384536800234,12
1010763,9.663297837772951,17
1010780,6.81852311860834,17
1010783,9.955959499256108,3
1010790,9.874930406057143,7
1010791,10.0,1
1010800,9.81962959851077,9
1010806,9.873693360044488,6
1010807,10.0,1
1010823,9.70096774430407,16
1010846,9.489337223876964,23
1010848,9.972005602856573,2
1010883,9.406760835533841,35
1010892,9.841945850370802,9
1010905,9.728668449856043,13
1010914,9.804364271202532,9
1010919,9.926006158545318,5
1010928,9.741743766933437,9
1010942,9.73587196389128,14
1010956,9.661465288356457,14
1010979,9.445084384685703,23
1010995,9.624141081657237,16
1010996,9.996395064658465,1
1011009,9.73569662261683,13
1011025,9.607095078845255,16
1011038,9.706415543821514,13
1011045,9.86832092403512,7
1011065,9.504118090515382,20
1011071,9.88705235382688,6
1011078,9.764539707724571,7
1011110,8.986837084890567,32
1011111,10.0,1
1011144,9.175784664171687,33
1011171,9.43397082708058,27
1011220,1.1037163761693822,49
1011234,9.665998454812703,14
1011252,9.640375780006183,18
1011272,9.461704411787718,20
1011279,9.870423945799475,7
1011288,9.818030447004036,9
1011295,9.868589300272534,7
1011311,9.628123684704791,16
1011327,9.580906010098545,16
1011328,10.0,1
1011362,9.289870365927937,34
1011372,9.821924518842179,10
1011388,9.681059772783657,16
1011391,9.953917968898418,3
1011429,9.27002476928512,38
1011438,9.8291830509016,9
1011447,9.80815153323798,9
1011458,9.798400842036306,11
1011480,9.456521930054171,22
1011490,9.80308030548888,10
1011495,9.923773806347336,5
1011496,9.989230304985629,1
1011501,9.93043988144592,5
1011515,9.692039299661035,14
1011526,9.805689317006943,11
1011535,9.79420304507904,9
1011543,9.845182288112122,8
1011553,9.784175445297002,10
1011554,10.0,1
1011558,9.945102975375647,4
1011561,9.947869844984716,3
1011562,9.992443612689687,1
1011568,9.91226889321097,6
1011572,9.94628501199875,4
1011578,9.903920904980481,6
1011593,9.670172654806812,15
1011608,9.659206080547365,15
1011614,9.79619539212719,6
1011630,9.624788848671699,16
1011636,9.879628191828019,6
1011641,9.910022104650864,5
1011653,8.188322608728758,12
1011660,9.866381634009333,7
1011671,9.79285072996665,11
1011678,9.866561904743044,7
1011682,9.943026270903562,4
1011694,9.76255017452946,12
1011702,9.86091812133285,8
1011711,9.858524050025338,9
1011725,9.74196915094781,14
1011731,9.881668904962577,6
1011738,9.854229956490322,7
1011762,9.533323836966037,24
1011773,9.74990749248361,11
1011780,9.87775021842076,7
1011791,9.760153829525619,11
1011797,9.896605012225024,6
1011811,9.729092409996976,14
1011821,9.41778700461703,10
1011839,9.580800847576684,18
1011840,10.0,1
1011876,6.625084438037284,36
1011877,10.0,1
1011889,9.271003551152079,12
1011894,9.892892015809537,5
1011902,9.839510620137236,8
1011911,9.821180971905079,9
1011924,9.52575985819549,13
1011936,9.727399919859705,12
1011954,9.60948358851163,18
1011961,9.857141668590787,7
1011968,9.860438642539377,7
1011973,9.901510103552251,5
1012016,8.983435158344458,43
1012030,9.718928140041449,14
1012044,9.699420875563671,14
1012053,9.735236210195861,9
1012064,9.752496225106231,11
1012100,9.020671416557764,36
1012106,9.891879150764229,6
1012262,6.86732926666539,156
1012271,9.83067526086699,9
1012279,9.838426213081057,8
1012293,9.693781236038623,14
1012298,9.902532347239937,5
1012310,9.747182723500119,12
1012326,9.667172673439694,16
1012344,9.605056689555399,18
1012356,9.776119650675469,12
1012365,9.849825324956951,9
1012399,9.265847626556809,34
1012415,9.646279516027597,16
1012421,9.88624785884881,6
1012430,9.826790411343165,9
1012448,9.642878607397398,18
1012466,9.549819738424045,18
1012476,9.814358909645414,10
1012485,9.805164328365754,9
1012496,9.777698091161486,11
1012507,9.774586068096742,11
1012518,9.738616940304418,11
1012533,9.719123933096729,15
1012548,9.68430199264517,15
1012549,10.0,1
1012568,9.638220645508206,19
1012572,9.93269860877994,4
1012574,9.978122823201097,2
1012580,9.889024729164264,6
1012594,9.724994379994158,14
1012623,9.276859644753053,29
1012626,9.964787884031308,3
1012637,9.776070224835971,11
1012643,9.905256162470572,6
1012652,9.82556654982054,9
1012664,9.731724945973038,12
1012676,9.718932498223838,12
1012688,9.744038178888815,12
1012703,9.688037488114333,15
1012717,9.715294663684778,14
1012724,9.872959124310706,7
1012725,10.0,1
1012733,9.83246394299364,8
1012737,9.949858421716065,4
1012758,9.598373956500264,21
1012917,-16.815512547394327,159
1012919,9.977718804722093,2
1012935,9.69451866555307,16
1012948,9.75614147978122,13
1012964,9.636655432327903,16
1012975,9.776978645760307,11
1012979,9.942628186551495,4
1012986,9.877318101372948,7
1013010,9.216941611953562,24
1013029,9.574070338924782,19
1013043,9.739458005702266,14
1013044,10.0,1
1013054,9.787109549229802,10
1013055,10.0,1
1013056,10.0,1
1013078,9.550464924144977,22
1013094,9.597105752890057,16
1013106,9.746115549095723,12
1013121,9.703257008102035,15
1013131,9.785321235156164,10
1013142,9.583635961810028,11
1013152,9.810392530256026,10
1013162,9.790489325130332,10
1013176,9.774263734891852,14
1013186,9.811989156490013,10
1013187,10.0,1
1013198,9.760666935452079,11
1013213,9.624325473806019,15
1013222,9.804255886096442,9
1013228,9.90163379641627,6
1013240,9.787241210481124,12
1013247,9.840116786826739,7
1013260,9.69093124855826,13
1013265,9.925922033404769,5
1013271,9.88205326000656,6
1013277,9.908437128215606,6
1013285,9.849094497539474,8
1013296,9.757902187497415,11
1013297,10.0,1
1013311,9.720628189786284,14
1013315,9.92994770564697,4
1013330,9.67718960246649,15
1013350,8.91700100913554,20
1013363,9.70358756106225,13
1013372,9.806408696776304,9
1013391,9.565589960331383,19
1013405,9.73808354379642,14
1013424,9.5241176156151,19
1013432,9.83760460936953,8
1013440,9.84655680758523,8
1013441,9.988687292603256,1
1013449,9.865842418869759,8
1013457,9.854042811195125,8
1013475,9.612209351516583,18
1013599,7.6986536670236365,124
1013610,8.90950954835724,11
1013611,10.0,1
1013625,9.723591284294729,14
1013637,9.791928692438786,12
1013646,9.853295021139603,9
1013660,9.731292858153113,14
1013677,9.589027934931243,17
1013685,9.342404061968862,8
1013688,9.947810996790528,3
1013698,9.818551871066672,10
1013712,9.484724105861787,14
1013720,9.849311512476234,8
1013739,9.63736690107033,19
1013750,9.758091334212398,11
1013751,10.0,1
1013779,9.493996820287073,28
1013789,9.782015176440126,10
1013806,9.544136609219724,17
1014306,-14.291890624071218,500
1014307,10.0,1
1014337,9.2390239563365,30
1014341,9.928431617447147,4
1014349,9.83135644400175,8
1014356,9.862733815735888,7
1014362,9.884681566228227,6
1014366,9.942047941360473,4
1014374,9.833280521446781,8
1014388,9.689142436334308,14
1014402,9.50539243215605,14
1014412,9.709847910815165,10
1014419,9.87578374283846,7
1014428,9.844972339753994,9
1014445,9.610213269659699,17
1014462,9.673726942735298,17
1014473,9.673005670927086,11
1014485,9.775059295380087,12
1014497,9.719343072408755,12
1014505,9.847319802226227,8
1014517,9.740843656305621,12
1014518,10.0,1
1014519,10.0,1
1014623,8.365901768003399,104
1014642,9.517788943651077,19
1014643,10.0,1
1014647,9.943251222089359,4
1014658,9.75778872259247,11
1014659,10.0,1
1014671,9.704279749406007,12
1014681,9.840403481486055,10
1014694,9.68221868378735,13
1014697,9.96570118860205,3
1014713,9.629308223410023,16
1014722,9.85684643840519,9
1014727,9.90848269871296,5
1014728,9.9961567031742,1
1014743,9.663979262608855,15
1014763,9.51263269869007,20
1014771,9.84929298566721,8
1014785,9.678252315925771,14
1014801,9.68040701488155,16
1014803,9.981584133881372,2
1014805,9.968454707107671,2
1014817,9.746250864669102,12
1014822,9.910827729130789,5
1014832,9.781814598829147,10
1014842,9.207514163180953,10
1014849,9.871134296199461,7
1014856,9.89250942986748,7
1014857,10.0,1
1014861,9.939712452619947,4
1014872,9.791693544317086,11
1014873,9.995509802428211,1
1014877,9.928479218182286,4
1014885,9.832286482595281,8
1014891,9.885110380151332,6
1014899,9.876290095403187,8
1014909,9.788285180287222,10
1014917,9.863771683355324,8
1014930,9.717701441319786,13
1014944,9.6728255483991,14
1014956,9.602181142522383,12
1014969,9.721275366890682,13
1014971,9.971697497727991,2
1014981,9.77879500442119,10
1014987,9.91402354733763,6
1015009,9.5806926891731,22
1015015,9.880030341037092,6
1015021,9.905363302620003,6
1015037,9.625915828895756,16
1015048,9.775253870254902,11
1015074,9.432081991426148,26
1015081,9.867807185137949,7
1015093,9.781840011337403,12
1015099,9.883599729454707,6
1015110,9.778485442021692,11
1015111,10.0,1
1015130,9.632435224132,19
1015145,9.695158729706547,15
1015171,9.22570191239583,26
1015176,9.92574326121846,5
1015186,9.82297682095186,10
1015189,9.949861355160603,3
1015200,9.818401886693431,11
1015205,9.90582593561392,5
1015209,9.941752116627942,4
1015222,9.711959447360966,13
1015235,9.693632838052105,13
1015251,9.430268884097059,16
1015257,9.909853433232351,6
1015274,9.619639807639759,17
1015279,9.911010523521723,5
1015287,9.862268230728864,8
1015306,9.61448518885432,19
1015315,9.812483892353423,9
1015325,9.80353371521989,10
1015337,9.733699418631486,12
1015363,9.469474035265055,26
1015381,9.685917049972222,18
1015397,9.726490905686186,16
1015405,9.830703231371034,8
1015416,9.81865368703348,11
1015430,9.678124533397954,14
1015432,9.976140210219386,2
1015441,9.79347579358202,9
1015447,9.890388844085383,6
1015457,9.807798307277624,10
1015469,9.724814905554508,12
1015480,9.226577889401137,11
1015486,9.891126223512817,6
1015506,9.59631751162625,20
1015527,9.530071737509859,21
1015529,9.985896597388884,2
1015805,2.110911549697211,276
1015806,10.0,1
1015809,9.96028790916855,3
1015821,9.795180213873975,12
1015840,9.60270519641195,19
1015842,9.982418855930685,2
1015852,9.81407025649856,10
1015866,9.718374533503109,14
1015877,9.306587342366598,11
1015889,9.765522418568764,12
1015903,9.761708957392726,14
1015908,9.911152468548584,5
1016002,6.924181642955742,94
1016025,9.503264082410448,23
1016033,9.844146446780229,8
1016037,9.948837485363612,4
1016046,9.81494293328889,9
1016059,9.718875480757777,13
1016080,9.536836859772858,21
1016092,9.75536235443935,12
1016190,7.789333427841816,98
1016205,9.653374343877983,15
1016210,9.92860638867413,5
1016239,9.405193555213476,29
1016240,9.989188582661896,1
1016241,10.0,1
1016252,9.758396062510526,11
1016253,10.0,1
1016262,9.812199873639317,9
1016264,9.977517415899747,2
1016274,9.729871766044656,10
1016281,9.855184075748125,7
1016286,9.929712318071001,5
1016287,9.992000408338225,1
1016294,9.85749578846947,7
1016302,9.877921046433514,8
1016310,9.840657806486993,8
1016311,10.0,1
1016325,9.69418047529276,14
1016335,9.789646672084961,10
1016348,9.743685739008834,13
1016364,9.632641267311428,16
1016372,9.827685774285587,8
1016383,9.752692461479455,11
1016384,10.0,1
1016388,9.928304265117918,4
1016484,-23.798121007982587,96
1016494,9.817612720520128,10
1016495,10.0,1
1016498,9.955695669266907,3
1016505,9.872625381046406,7
1016514,9.824823645280771,9
1016536,9.635697495250897,22
1016545,9.814204278086253,9
1016554,9.860067169235512,9
1016563,9.821045005744349,9
1016575,9.746133501130398,12
1016597,9.451095203127462,22
1016603,9.912259645836041,6
1016613,9.811628076757282,10
1016621,9.838174581692742,8
1016631,9.774885916848122,10
1016657,9.452569967813087,26
1016664,9.855079812443375,7
1016666,9.985734687682301,2
1016672,9.877005591519767,6
1016673,10.0,1
1016700,9.442810586396108,27
1016718,4.347444153800248,18
1016735,9.412720279245836,17
1016748,9.715463491304245,13
1016755,9.873158715306392,7
1016756,10.0,1
1016757,10.0,1
1016777,9.648628682819925,20
1016788,9.708735391898498,11
1016805,9.569363293299837,17
1016818,9.726706530374813,13
1016826,9.835888730171268,8
1016839,9.715178469104236,13
1016852,9.768315257718065,13
1016876,9.457691581830144,24
1016880,9.93026774178384,4
1016888,9.872028311677084,8
1016905,9.589638345278175,17
1016919,9.738270983806238,14
1016925,9.902199240707477,6
1016983,8.805324151371305,58
1017025,8.920308576869273,42
1017037,9.543394742884868,12
1017537,-16.48462350756567,500
1017559,9.577653665717818,22
1017598,9.057608289478175,39
1017611,9.761147290865111,13
1017868,3.844832352301024,257
1017936,-1.1955136186386799,68
1017952,9.720678596395349,16
1018065,7.306372414752518,113
1018079,9.723125823508486,14
1018092,9.754689245100975,13
1018100,9.84991288877626,8
1018112,9.75648813284726,12
1018133,9.557393311418748,21
1018145,9.745507890695592,12
1018152,9.8630748505981,7
1018160,9.836818241895994,8
1018173,9.735881581827526,13
1018185,9.72730189373183,12
1018204,9.649371095411437,19
1018215,9.77525680136627,11
1018233,9.595391973021444,18
1018249,9.635394184109941,16
1018261,9.790512300516097,12
1018288,9.46672403794521,27
1018304,9.192394432718972,16
1018314,9.79829146536666,10
1018323,9.730298329836197,9
1018335,9.740732043861314,12
1018351,9.601345193851342,16
1018365,9.674099955183491,14
1018366,10.0,1
1018375,9.83203833378863,9
1018381,9.895190140295952,6
1018399,9.673460079813617,18
1018405,9.901007709282974,6
1018422,9.73021732524544,17
1018428,9.892006363400183,6
1018446,9.580319531430767,18
1018456,9.813259495691277,10
1018460,9.944748716425284,4
1018476,8.980567538545706,16
1018483,9.875208755206327,7
1018501,9.610723612399493,18
1018516,9.718281924566002,15
1018517,10.0,1
1018528,9.79839823785962,11
1018546,9.647200476287313,18
1018549,9.958592600343811,3
1018551,9.983816492668549,2
1018556,9.903546883665257,5
1018593,8.821020535617455,37
1018603,9.788891487570464,10
1018609,9.897913873374806,6
1018620,9.774851700257866,11
1018640,9.601503596666559,20
1018647,9.865293433342654,7
1018659,9.716549460489638,12
1018661,9.976532840803314,2
1018674,9.76028855745611,13
1018675,10.0,1
1018689,9.668968181803196,14
1018709,9.3505048077704,20
1018719,9.803084040274307,10
1018732,9.680569594289752,13
1018741,9.822914230506502,9
1018747,9.891222143609813,6
1018757,9.775300169281804,10
1018765,9.828517079836836,8
1018770,9.918847046352015,5
1018779,9.821950824198435,9
1018784,9.916302930450078,5
1018795,9.796199184501825,11
1018796,10.0,1
1018810,9.720005624543852,14
1018820,9.828999622632155,10
1018827,9.887966901100278,7
1018839,9.753624567582865,12
1018847,9.830472756604177,8
1018856,9.826683925747643,9
1018868,9.722268924596532,12
1018876,9.838718618296301,8
1018902,9.49725107580943,26
1018913,9.822751980248222,11
1018914,10.0,1
1018920,9.898308008223049,6
1018930,9.796983457677621,10
1018936,9.908314277074878,6
1018948,9.762531451403794,12
1018959,9.801120125604486,11
1018988,9.370387121972112,29
1018989,10.0,1
1018997,9.843796176877403,8
1019015,9.502571720955824,18
1019020,9.921936326183795,5
1019034,9.71843566684556,14
1019035,10.0,1
1019048,9.719878462953684,13
1019076,8.684556863435597,28
1019094,9.601532363218219,18
1019111,9.581263729435914,17
1019114,9.964952475990899,3
1019118,9.93240650329125,4
1019147,9.366445185047255,29
1019150,9.570467571069937,3
1019165,9.724602996388214,15
1019176,9.78808920834844,11
1019178,9.969719495569626,2
1019195,9.590699869341208,17
1019204,9.818413842060478,9
1019221,9.582575591727258,17
1019233,9.79224913379822,12
1019248,9.732592711393417,15
1019257,9.832290069086392,9
1019262,9.91963449083546,5
1019286,9.565258034641944,24
1019288,9.970674116138296,2
1019295,9.871084898921163,7
1019299,9.939714254189921,4
1019304,9.917972781206114,5
1019320,9.71011245013204,16
1019339,9.53703933254087,19
1019347,9.851891144327022,8
1019357,9.787727961722721,10
1019371,9.69207570647612,14
1019377,9.91118351815232,6
1019392,9.687895838885694,15
1019421,9.404194466394411,29
1019429,9.856124907979783,8
1019430,10.0,1
1019446,9.673024745559399,16
1019468,9.5126855363717,22
1019471,9.955938995659228,3
1019479,9.87577355541479,8
1019482,9.953633991943772,3
1019483,10.0,1
1019484,10.0,1
1019544,8.814865136625176,60
1019545,10.0,1
1019568,9.462789378285311,23
1019579,9.612286278668288,11
1019593,9.732788437196136,14
1019616,9.506672180504387,23
1019631,9.643800855245455,15
1019632,10.0,1
1019638,9.908700154221892,6
1019647,9.794551632067593,9
1019668,9.600053079348955,21
1019671,9.96307262835228,3
1019680,9.80106250772428,9
1019697,9.611696780477319,17
1019724,9.425410480930962,27
1019737,9.746555135489212,13
1019761,9.485298389039706,24
1019771,9.6277069878044,10
1019814,9.08140562182244,43
1019827,9.757868194373623,13
1019828,10.0,1
1019831,9.965073168326068,3
1019840,9.827066279430735,9
1019852,9.76406565389699,12
1019868,9.690619806659845,16
1019873,9.914149736356386,5
1019874,10.0,1
1019875,10.0,1
1019884,9.831364028867712,9
1019894,9.800215046693664,10
1019905,9.797748000643756,11
1019914,9.82839422404163,9
1019924,9.788248125382268,10
1019925,10.0,1
1019935,9.79796209106007,10
1019963,9.2380604284049,28
1019980,9.634152657472873,17
1019998,9.689888120251654,18
1020005,9.870834924166074,7
1020022,9.577747943930449,17
1020038,8.71234410736864,16
1020052,9.694489462617573,14
1020053,10.0,1
1020068,9.616250512031144,15
1020083,9.678276744435502,15
1020084,10.0,1
1020094,9.801386503096287,10
1020096,9.984685459824279,2
1020105,9.846968923189536,9
1020115,9.796627780461357,10
1020116,10.0,1
1020219,6.531833171156668,103
1020252,9.335172156564155,33
1020257,9.917733699170531,5
1020264,9.883317851336935,7
1020276,9.731846992640378,12
1020278,9.971610744372287,2
1020285,9.875368191517115,7
1020286,10.0,1
1020311,9.512815422318077,25
1020323,9.789170188546246,12
1020335,9.71326839511737,12
1020343,9.259942760418252,8
1020380,8.829545710285474,37
1020381,9.991695987927155,1
1020390,9.82678708346186,9
1020403,9.513653203443145,13
1020448,8.494562226068634,45
1020458,9.802144370261505,10
1020471,9.745366296199272,13
1020478,9.847886673768686,7
1020517,9.191961201996092,39
1020528,9.77353298714833,11
1020535,9.875856621567907,7
1020547,9.755931724387295,12
1020550,9.959706322638564,3
1020591,8.998181317740425,41
1020604,9.716268813115125,13
1020610,9.888503191412767,6
1020622,9.734735804015559,12
1020624,9.972556744075204,2
1020638,9.016843904907804,14
1020655,9.597398869747158,17
1020662,9.884737504643457,7
1020668,9.899077831155424,6
1020672,9.9374526407912,4
1020682,9.779241609924133,10
1020695,9.73321671924846,13
1020710,9.632745328794353,15
1020729,9.643002076419318,19
1020738,9.819997787544667,9
1020756,9.683490114213965,18
1020763,9.876924321891794,7
1020771,9.86772611996124,8
1020772,9.992162029463168,1
1020784,9.772317854275936,12
1020798,9.670429086635831,14
1020805,9.876573807028073,7
1020814,9.808770561471338,9
1020819,9.90317630887606,5
1020844,9.507909261989079,25
1020858,9.705579916907485,14
1020889,9.347000377730863,31
1020904,9.699827646859305,15
1020922,9.657655914991155,18
1020938,9.713980586223459,16
1020939,10.0,1
1020945,9.898503573284383,6
1020951,9.90825838615123,6
1020973,9.523892944533118,22
1020975,9.972781531072087,2
1020985,9.812774635380435,10
1020996,9.755706607882098,11
1020997,10.0,1
1021018,9.579051990008548,21
1021022,9.938758802600912,4
1021035,9.708885399661611,13
1021053,9.58640657247315,18
1021054,10.0,1
1021060,9.899738947625382,6
1021067,9.872869957919217,7
1021080,9.718272457550286,13
1021091,8.468236655843166,11
1021092,10.0,1
1021100,9.842378443333768,8
1021111,9.773124346742692,11
1021151,9.073614579561067,40
1021159,9.867487974611269,8
1021167,9.823468824128206,8
1021180,9.728854859329845,13
1021198,9.60806323042257,18
1021217,9.288623179679306,19
1021232,9.625060181922981,15
1021238,9.896421514850267,6
1021250,9.753004760304966,12
1021259,9.817960298738022,9
1021267,9.842530000235648,8
1021283,9.67491852322556,16
1021285,9.984905828347172,2
1021294,9.82835388853989,9
1021311,9.62293924106792,17
1021317,9.907658823659409,6
1021327,9.845960569586154,10
1021344,9.641351186849805,17
1021355,9.76654409808445,11
1021363,9.851913413764397,8
1021374,9.789270095393867,11
1021392,9.66342203303626,18
1021393,10.0,1
1021416,9.558435719166736,23
1021424,9.881946117643311,8
1021444,9.581726738664518,20
1021457,9.707477381255002,13
1021470,9.693983372314685,13
1021479,9.83280554258602,9
1021499,8.679393244317179,20
1021507,9.839020065442833,8
1021518,9.775117825478782,11
1021563,8.68820474526801,45
1021572,9.64325283546424,9
1021589,9.511091340930335,17
1021595,9.904611706706547,6
1021715,6.629827368653422,120
1021716,10.0,1
1021721,9.916044013219935,5
1021730,9.821123468412297,9
1021751,9.552452467975115,21
1021763,9.794165128540676,12
1021773,9.816433455182413,10
1021781,9.851984762933595,8
1021792,9.83470008221542,11
1021793,10.0,1
1021810,9.735247324111498,17
1021838,9.392952471288112,28
1021857,9.550243434326454,19
1021867,9.802944997276878,10
1021882,9.677578805599218,15
1021892,9.78095143695991,10
1021902,9.821969693655852,10
1021911,9.817594861190203,9
1021922,9.755232717273179,11
1021929,9.865470308301193,7
1021951,9.622473396131637,22
1021963,9.428733090027686,12
1021987,9.538793393950566,24
1021998,9.813705784468729,11
1022075,8.116672693063673,77
1022076,10.0,1
1022095,9.660002247530246,19
1022104,9.799991992145156,9
1022119,9.65363411296238,15
1022134,9.649220618639774,15
1022146,9.75128948318582,12
1022157,9.745638343756312,11
1022183,9.37932543136593,26
1022196,9.74963445303096,13
1022198,9.970597580440513,2
1022208,9.796179104192293,10
1022219,9.760098831791511,11
1022222,9.95265502213735,3
1022243,9.4922314836792,21
1022259,9.702283663298704,16
1022276,9.348090387547845,17
1022284,9.836626832225456,8
1022285,10.0,1
1022304,9.630996327129706,19
1022316,9.784513882521113,12
1022329,9.631249552167393,13
1022351,9.579577631833398,22
1022356,9.912835813215324,5
1022366,9.761959486452355,10
1022380,9.747819459657599,14
1022392,9.747524626736348,12
1022399,9.849763845811776,7
1022419,9.533598724408973,20
1022431,9.738803341509815,12
1022440,9.808089183622778,9
1022472,9.457118578072913,32
1022514,8.93711588606807,42
1022534,9.6260374607465,20
1022535,10.0,1
1022546,9.769233538452436,11
1022559,9.207298130470312,13
1022570,9.811367282763175,11
1022587,9.497786999978898,17
1022588,10.0,1
1022602,9.727527028835075,14
1022603,10.0,1
1022616,9.719646236531132,13
1022629,9.760456375965877,13
1022645,9.692922089505696,16
1022665,9.453375265734797,20
1022677,9.745993775468971,12
1022698,9.667658334400247,21
1022699,10.0,1
1022703,9.923738052659724,4
1022719,9.680180440304262,16
1022730,9.754139762517132,11
1022742,9.773077310249482,12
1022752,9.790868041847757,10
1022767,9.178346972366949,15
1022782,9.682987324243193,15
1022792,9.77152578270338,10
1022803,9.771790298527788,11
1023303,-13.2994270511493,500
1023324,9.513982754065346,21
1023331,9.853022148180584,7
1023344,9.735593376832883,13
1023348,9.936686746204359,4
1023361,9.719831843447954,13
1023366,9.926068181220984,5
1023367,10.0,1
1023384,9.678457911626406,17
1023397,9.703683892418324,13
1023406,9.840479840702082,9
1023426,9.577875532931452,20
1023427,10.0,1
1023452,9.462936600645097,25
1023469,9.503326678910955,17
1023477,9.852613144186689,8
1023494,9.645668707777688,17
1023500,9.903680805149506,6
1023501,9.991928933986447,1
1023505,9.946527589648717,4
1023507,9.985895950648322,2
1023517,9.789204642027373,10
1023529,9.719453230946211,12
1023537,9.846714698247139,8
1023543,9.896942456116491,6
1023544,10.0,1
1023569,9.49271677872029,25
1023585,9.615829221234163,16
1023605,9.63068699823731,20
1023607,9.974458162586165,2
1023626,9.582224154341745,19
1023640,9.729251349908987,14
1023649,9.824810237837037,9
1023654,9.912470083949293,5
1023667,9.695731944196906,13
1023677,9.77343689821664,10
1023678,10.0,1
1023687,9.86560639072205,9
1023696,9.813945644104804,9
1023715,9.613450278054955,19
1023722,9.880690789300688,7
1023760,9.251791762197506,38
1023773,9.748610496210974,13
1023781,9.847447687413176,8
1023788,9.855358180722938,7
1023790,9.980047438959067,2
1023801,9.781422195116676,11
1023809,9.843591462907675,8
1023819,9.766975124146448,10
1023828,9.824102135495451,9
1023834,9.87540017952962,6
1023835,10.0,1
1023837,9.972326736230032,2
1023847,9.787934603441867,10
1023861,8.922867734199533,14
1023901,8.972855883746476,40
1023909,9.878470354997402,8
1023916,9.868525247871197,7
1023924,9.820372775202292,8
1023940,9.65794667786735,16
1023952,9.75245046069277,12
1023961,9.832869198083525,9
1023989,9.299021391918066,28
1023996,9.868840749388967,7
1024010,9.689616451614187,14
1024011,10.0,1
1024021,9.79507694002815,10
1024034,9.752086991937094,13
1024048,9.68688796725214,14
1024054,9.905484813427512,6
1024057,9.954275104248916,3
1024070,9.705947665585485,13
1024093,8.6823608326769,23
1024101,9.857611157481315,8
1024114,9.721196815307458,13
1024115,10.0,1
1024135,9.575162334068654,20
1024140,9.905349504532891,5
1024149,9.833702223267016,9
1024196,8.937500044545784,47
1024197,10.0,1
1024208,9.74252530635759,11
1024216,9.832389261742975,8
1024219,9.955394001646384,3
1024220,10.0,1
1024234,9.669654303822083,14
1024262,9.414740934375612,28
1024285,9.135513344756774,23
1024305,9.487285824434423,20
1024309,9.937301150088132,4
1024326,9.582855093942644,17
1024327,9.989087346467072,1
1024343,9.720908846531298,16
1024351,9.852990520048776,8
1024361,9.785566648236307,10
1024372,9.76733794736246,11
1024373,10.0,1
1024381,9.85428600780312,8
1024390,9.80691896801075,9
1024399,9.837856973570359,9
1024404,9.929347616956294,5
1024411,9.845548983326752,7
1024421,9.796760098611673,10
1024430,9.872508255029347,9
1024440,9.794059491447987,10
1024441,10.0,1
1024442,10.0,1
1024443,10.0,1
1024452,9.80381353487432,9
1024457,9.911411228878574,5
1024471,9.681297690794073,14
1024498,9.433545156230238,27
1024499,10.0,1
1024509,9.58787664257671,10
1024513,9.947908832291025,4
1024520,9.87637438750558,7
1024528,9.853412161572178,8
1024559,8.720380182974099,31
1024570,9.75836273120636,11
1024589,9.541430852216191,19
1024599,9.8058559709193,10
1024600,9.99297571438592,1
1024607,9.871404946264532,7
1024616,9.841171491189213,9
1024676,6.299764922715206,60
1024708,9.412926735844765,32
1024734,9.412733684071291,26
1024744,9.80724951795979,10
1024756,9.784471990991621,12
1024773,9.67288790688212,17
1024783,9.803404868414741,10
1024796,9.768438291664197,13
1024816,9.573467718795598,20
1024833,9.38770954548241,17
1024836,9.951423036878104,3
1024842,9.913100184561147,6
1024848,9.909087986286758,6
1024857,9.809208552751603,9
1024866,9.84979245643844,9
1024880,9.750005879599204,14
1024902,9.528150342768068,22
1024912,9.83922252620391,10
1024924,9.640307548150828,12
1024929,9.905869556062955,5
1024946,9.619350269183458,17
1024950,9.933022060536308,4
1024968,9.681491435033822,18
1024980,9.711149972722641,12
1025003,9.4454765147548,23
1025009,9.899145177183257,6
1025018,9.850110497623358,9
1025028,9.830256626392483,10
1025097,8.681033702566191,69
1025098,10.0,1
1025109,9.78133466043475,11
1025110,10.0,1
1025118,9.850737915825281,8
1025153,9.217185338810294,35
1025186,9.080488438720714,33
1025187,10.0,1
1025189,9.982392203784006,2
1025212,9.578853228360414,23
1025218,9.71998702586338,6
1025227,9.814645542019369,9
1025237,9.817634924486464,10
1025247,9.850304546206697,10
1025262,9.667980836326949,15
1025284,9.51878018120748,22
1025300,9.676209241098555,16
1025311,9.791862520799436,11
1025317,9.894942985393513,6
1025327,9.798935813806263,10
1025328,10.0,1
1025332,9.937009482060102,4
1025340,9.873939813308793,8
1025345,9.917468025849441,5
1025346,10.0,1
1025358,9.75465619629383,12
1025363,9.937801297462935,5
1025372,9.824116421432864,9
1025373,10.0,1
1025392,9.256004097434051,19
1025393,10.0,1
1025395,9.969337018083154,2
1025400,9.9240837839144,5
1025431,9.390161736699042,31
1025442,9.779603786269865,11
1025458,9.710626673708557,16
1025466,9.822643845119462,8
1025474,9.848586821707643,8
1025486,9.736444942413527,12
1025496,9.798795205676678,10
1025503,9.896508878680677,7
1025515,9.73979618853014,12
1025516,10.0,1
1025532,9.588594794657505,16
1025546,9.656990151554284,14
1025562,9.642721016659857,16
1025570,9.810114124802123,8
1025579,9.841686647652443,9
1025589,9.775924926028065,10
1025597,9.856874892417105,8
1025622,9.377685221788719,25
1025632,9.808480945677406,10
1025646,9.59573744385583,14
1025663,9.605330706143132,17
1025664,10.0,1
1025671,9.898239395320775,7
1025692,9.548225083825837,21
1025725,9.247463448667943,33
1025736,9.791049386904698,11
1025749,9.710218286856625,13
1025759,9.796576351365227,10
1025761,9.97191274906719,2
1025772,9.776567702282707,11
1025773,10.0,1
1025783,9.79331636752953,10
1025798,9.73361381511636,15
1025807,9.793814352051932,9
1025809,9.981880462972425,2
1025817,9.827523081724351,8
1025818,10.0,1
1025834,9.61971610513136,16
1025843,9.826547431938488,9
1025866,9.557314399030929,23
1025877,9.753576111805213,11
1025887,9.794337295113548,10
1025900,9.733454321753268,13
1025908,9.735807498335557,8
1025909,10.0,1
1025922,9.673630119644919,13
1025928,9.879320665449653,6
1025934,9.880752331985962,6
1025948,9.668301518540739,14
1025956,9.844549056671541,8
1025962,9.87972454331619,6
1025973,9.76420729863068,11
1025987,9.691629556207584,14
1025999,9.729762805066898,12
1026034,9.347623045035467,35
1026042,9.885511156893006,8
1026053,9.76160008399035,11
1026059,9.8867719099429,6
1026070,9.77429898607781,11
1026078,9.859425909121661,8
1026084,9.88836665370313,6
1026102,9.517979323323445,18
1026103,10.0,1
1026107,9.935625213812862,4
1026111,9.938698401258751,4
1026117,9.908719143334805,6
1026129,9.751242358317937,12
1026142,9.727395860028672,13
1026158,9.64439463520941,16
1026165,9.901202840879067,7
1026181,9.62582810867417,16
1026194,9.731685930664218,13
1026202,9.865237861097077,8
1026232,9.365001877664698,30
1026235,9.945402547860906,3
1026247,9.747866178767968,12
1026268,9.519404988030896,21
1026282,9.25379563242753,14
1026289,9.857839628452242,7
1026305,9.664376914465963,16
1026308,9.949049171020826,3
1026320,9.751134758939623,12
1026323,9.962981628817348,3
1026344,9.480189160366075,21
1026358,9.713184830338236,14
1026363,9.921007495849643,5
1026407,9.077938225732991,44
1026416,9.851989245703741,9
1026421,9.905492110880502,5
1026426,9.92647429820984,5
1026434,9.82492213004206,8
1026445,9.807995342547706,11
1026451,9.88503929611551,6
1026464,9.72104722158853,13
1026474,9.777437166638427,10
1026475,9.991318986595308,1
1026489,9.655943437577026,14
1026490,10.0,1
1026492,9.971599259080168,2
1026501,9.858781006841959,9
1026508,9.849601690459288,7
1026511,9.949359108746492,3
1026512,9.988621933345033,1
1026521,9.815591963698285,9
1026543,9.468162735260462,22
1026554,9.780199151998673,11
1026566,9.754833767166907,12
1026588,9.42069028570516,22
1026598,9.797395191375992,10
1026618,9.534152502186942,20
1026623,9.926673576576901,5
1026668,9.020855587683563,45
1026680,9.735402559446348,12
1026707,9.36732733446076,27
1026718,9.816012786318463,11
1026728,9.810419532877342,10
1026737,9.82603998547909,9
1026738,10.0,1
1026748,9.707849055370273,10
1026764,9.635471417057376,16
1026768,9.954122406046379,4
1026791,9.51827967578418,23
1026819,9.33496005774005,28
1026828,9.852151003559879,9
1026837,9.79381767122456,9
1026843,9.897169656514876,6
1026844,10.0,1
1026862,9.593357729068838,18
1026863,9.996378561359665,1
1026872,9.83212096777615,9
1026877,9.922714789743656,5
1026885,9.831190553477366,8
1026899,9.536508762825015,14
1026909,9.771717813346399,10
1026916,9.883271119780511,7
1026930,9.664482689644034,14
1027005,8.296618173848671,75
1027010,9.926663608116202,5
1027018,9.820911545693798,8
1027027,9.814169624351157,9
1027029,9.977502039324747,2
1027046,9.684847915050096,17
1027058,9.765069144698028,12
1027105,9.04377410928767,47
1027121,9.699725100512238,16
1027149,9.286944021416716,28
1027155,9.90161032620999,6
1027157,9.97948020176993,2
1027162,9.913171599488132,5
1027172,9.822890435009255,10
1027181,9.824159311795322,9
1027192,9.761345312456264,11
1027201,9.825589102971849,9
1027215,9.73611994922215,14
1027217,9.97071221532174,2
1027232,9.651826643400586,15
1027257,9.18721866828914,25
1027258,10.0,1
1027262,9.944797725559596,4
1027276,9.689677122219724,14
1027472,6.238626794387867,196
1027473,10.0,1
1027485,9.739951708130103,12
1027492,9.870688014088453,7
1027544,8.517531701755498,52
1027548,9.943908904477416,4
1027560,9.716212814969891,12
1027571,9.775765541723139,11
1027581,9.778687602808976,10
1027588,9.849700075046695,7
1027597,9.81468247712132,9
1027611,9.679610504652926,14
1027612,10.0,1
1027632,9.527043470348762,20
1027642,9.824402118100805,10
1027667,9.528356257848218,25
1027679,9.761737099251693,12
1027687,9.835239190635944,8
1027692,9.909828177682712,5
1027693,9.988381459108318,1
1027729,7.2957648892364375,36
1027743,9.67919781495791,14
1027747,9.949797924496034,4
1027758,9.577475797617607,11
1027759,9.986810383999028,1
1027790,9.254270839785075,31
1027801,9.780817834692485,11
1027811,9.782829446208893,10
1027818,9.851516385121068,7
1027833,9.680108780127822,15
1027843,9.80329321070198,10
1027848,9.896281136189087,5
1027856,9.850356208704671,8
1027869,9.736862605844781,13
1027875,9.885993993069793,6
1027894,9.604239583780354,19
1027912,9.610669220925534,18
1027922,9.817271079797576,10
1027929,9.883451372466007,7
1027964,9.24565918658784,35
1027972,9.662483722350036,8
1027986,9.73505846422658,14
1028085,7.893284094116563,99
1028096,9.814672351945903,11
1028130,9.02781781698133,34
1028141,9.75135808213961,11
1028150,9.822731731911,9
1028161,9.745673036330174,11
1028166,9.919335246923426,5
1028177,9.787952954901147,11
1028186,9.82156070562105,9
1028201,9.635293555677478,15
1028211,9.802016623568015,10
1028233,9.436026882273527,22
1028249,9.646910767993349,16
1028250,10.0,1
1028261,9.780022979385254,11
1028265,9.958557417851603,4
1028277,9.778338869877595,12
1028278,10.0,1
1028287,9.786422883470133,9
1028300,9.749553115677,13
1028346,9.191828899822852,46
1028349,9.959601909736536,3
1028364,9.538379767755748,15
1028392,9.313175739016746,28
1028400,9.83906588753688,8
1028410,9.782808017858175,10
1028421,9.760080085647422,11
1028430,9.847241779493915,9
1028431,10.0,1
1028440,9.819994756112056,9
1028448,9.847826589288898,8
1028457,9.855280539368403,9
1028467,9.8057631007734,10
1028484,9.670071796255606,17
1028501,9.60072786326651,17
1028508,9.863238739914845,7
1028517,9.822594147737918,9
1028519,9.976431768341932,2
1028525,9.887309659833402,6
1028544,9.70012593710238,19
1028577,9.321741248509262,33
1028586,9.815492977017328,9
1028603,9.60795613805201,17
1028623,8.492090839826943,20
1028637,9.731939051392873,14
1028681,9.203360149122487,44
1028685,9.943514083407244,4
1028686,10.0,1
1028690,9.949871829572446,4
1028691,10.0,1
1028699,9.833450158832909,8
1028730,9.421481351818443,31
1028746,9.580658597222591,16
1028756,9.79289560001074,10
1028760,9.945793230779591,4
1028761,10.0,1
1028783,9.572961646737353,22
1028789,9.917800527531726,6
1028801,9.767449471221939,12
1028802,10.0,1
1028815,9.720248478184956,13
1028831,7.661121710105687,16
1028854,7.596550923782159,23
1028858,9.93939287134951,4
1028863,9.928714110304686,5
1028874,9.788148939109618,11
1028878,9.953178925600016,4
1028892,9.719242381812354,14
1028898,9.920057288247024,6
1028903,9.927129079503962,5
1028918,9.653112439202747,15
1028928,9.793841684080018,10
1028938,9.811516695557357,10
1028945,9.868429420481547,7
1028955,9.803528199370811,10
1028966,9.775205542929193,11
1028974,9.668688046676479,8
1029003,9.427210773987527,29
1029015,9.703068298433736,12
1029023,9.819501485093816,8
1029048,9.352707347221823,25
1029061,9.79128677708432,13
1029062,10.0,1
1029065,9.950859373350752,3
1029068,9.94711979504031,3
1029069,10.0,1
1029081,9.72403650563885,12
1029100,9.600495771176167,19
1029110,9.794183676131246,10
1029120,9.809453722648865,10
1029131,9.795083359742602,11
1029136,9.903369593649593,5
1029138,9.976065426639979,2
1029154,9.514270176214609,16
1029165,9.79571479835466,11
1029170,9.929723175066027,5
1029171,10.0,1
1029198,9.42236588799913,27
1029207,9.799297453532434,9
1029215,9.846705024089752,8
1029224,9.83644688223414,9
1029233,9.791164546642666,9
1029238,9.922340336434324,5
1029250,9.728609677839156,12
1029257,9.888183267453496,7
1029268,9.780995623913405,11
1029273,9.933433630171281,5
1029284,9.742759505336537,11
1029294,9.790719100400963,10
1029300,9.897621488467175,6
1029306,9.900512603248066,6
1029330,9.386616994358386,24
1029339,9.823299981509411,9
1029347,9.8551571048257,8
1029352,9.932297279412646,5
1029364,9.74464747961461,12
1029367,9.956133002924975,3
1029380,9.680332968622784,13
1029385,9.936571303179454,5
1029386,9.996253180949502,1
1029393,9.858443186393739,7
1029394,10.0,1
1029395,10.0,1
1029396,10.0,1
1029403,9.853048559517191,7
1029415,9.780521980038074,12
1029479,8.222123233336621,64
1029494,9.66113960790745,15
1029506,9.728259025894742,12
1029520,9.737924833394265,14
1029529,9.850341118207227,9
1029584,8.97348941599407,55
1029599,9.646617912957272,15
1029631,9.364457562099554,32
1029647,9.728932378616708,16
1029673,9.340748711624277,26
1029691,9.604761650632682,18
1029698,9.875096542952257,7
1029699,10.0,1
1029716,9.670186055292863,17
1029741,9.58386742248373,25
1029749,9.85510260574619,8
1029756,9.893651902552573,7
1029767,9.758427553563356,11
1029778,9.767383131860509,11
1029798,9.58966993017812,20
1029810,9.789020478556335,12
1029818,9.822612680793984,8
1029819,10.0,1
1029831,9.766255959039276,12
1029840,9.709719984197472,9
1029848,9.863245038991407,8
1029860,9.746005635315782,12
1029871,9.778954820084419,11
1029872,10.0,1
1029875,9.96294841278291,3
1029883,9.836208742250768,8
1029894,9.748042642894298,11
1029901,9.848112801622486,7
1029913,9.771267995989517,12
1029921,9.833339716716015,8
1029927,9.89095250484663,6
1029941,9.715468817665577,14
1029978,7.505592958454757,37
1029985,9.857609320541796,7
1029993,9.86625227611841,8
1030005,9.7330479125039,12
1030016,9.761403308961116,11
1030036,9.608284590470008,20
1030037,10.0,1
1030045,9.853942645290113,8
1030058,9.744065075970514,13
1030069,9.828257879028078,11
1030076,9.848314419236383,7
1030086,9.81400741724922,10
1030098,9.757387199708882,12
1030110,9.813278840223347,12
1030111,10.0,1
1030119,9.845099207568222,8
1030128,9.803896216638572,9
1030139,9.754363130674724,11
1030144,9.916353809214886,5
1030160,9.526351776791929,16
1030161,10.0,1
1030188,9.238762041814926,27
1030203,9.6451201232994,15
1030208,9.934966829034112,5
1030220,9.800684797171952,12
1030227,9.88054313632642,7
1030242,9.665059772899609,15
1030263,9.587544483173563,21
1030269,9.895293338539023,6
1030281,9.721578371443673,12
1030300,9.634091144365836,19
1030316,9.707919586888384,16
1030352,9.194111200418035,36
1030370,9.577156614262542,18
1030387,9.623195405886742,17
1030401,9.668676855712873,14
1030420,9.559777468494199,19
1030439,9.557339623640619,19
1030472,9.313947493357656,33
1030482,9.795848209711423,10
1030490,9.866847451405931,8
1030506,9.626179471583743,16
1030518,9.715816100901712,12
1030519,9.989155660406734,1
1030529,9.796415990741675,10
1030542,9.714838071695652,13
1030554,9.78481589754024,12
1030562,9.888230551900639,8
1030573,9.761379478461308,11
1030591,9.372156204847405,18
1030598,9.85169344503923,7
1030616,9.66630151708027,18
1030622,9.889547062611856,6
1030629,9.872983926634134,7
1030659,9.387418352074766,30
1030740,6.621618116080025,81
1030748,9.831666898131765,8
1031021,3.8184481719484245,273
1031029,9.855814417749642,8
1031030,9.992930358797958,1
1031031,10.0,1
1031051,9.56364640496739,20
1031052,10.0,1
1031064,9.73277461357028,12
1031068,9.944445806513745,4
1031070,9.98247924253443,2
1031075,9.937882379852564,5
1031106,9.340884686771947,31
1031120,9.729290868628722,14
1031125,9.91854730752067,5
1031133,9.85183365463958,8
1031143,9.79727798479356,10
1031643,-85.1425075751809,500
1031650,9.864409222541136,7
1031656,9.90140145479154,6
1031671,9.675025358466083,15
1031688,9.655629905805943,17
1031705,9.084628047424262,17
1031707,9.970790465329472,2
1031726,9.64457922834111,19
1031734,9.858126236415515,8
1031747,9.741451771573182,13
1031753,9.890726160350805,6
1031757,9.93592142946751,4
1031773,9.630633413912879,16
1031798,9.506420073863556,25
1031806,9.847489651415385,8
1031822,9.633018038775218,16
1031823,10.0,1
1031824,10.0,1
1031850,9.06363944468887,26
1031857,9.88141607419351,7
1031858,9.99286035205441,1
1031872,9.69004551608145,14
1031881,9.837293486666873,9
1031936,8.702637850482164,55
1031944,9.83343557106672,8
1031950,9.901576816305601,6
1031954,9.944091131823045,4
1031960,9.88310417222532,6
1031971,9.770530120911555,11
1031974,9.759294488739696,3
1031984,9.771456510348251,10
1031992,9.83798704789466,8
1032003,9.749516524035293,11
1032007,9.947246360037155,4
1032015,9.853043973601812,8
1032027,9.72438907469161,12
1032033,9.885786211680815,6
1032039,9.891618232523344,6
1032060,9.38279855765341,21
1032070,9.832700880196457,10
1032082,9.728022481519934,12
1032083,10.0,1
1032104,9.320416234006892,21
1032118,9.731613177547565,14
1032137,9.544145150567866,19
1032147,9.781003204554969,10
1032153,9.874089756162428,6
1032166,9.727108873366179,13
1032168,9.98346082244784,2
1032169,10.0,1
1032177,9.859939007023424,8
1032180,9.963183609277719,3
1032192,9.731370874349079,12
1032214,9.479702131742465,22
1032232,9.635875674645387,18
1032255,9.530523666802758,23
1032258,9.969519977780333,3
1032271,9.514778686491397,13
1032276,9.896931807484144,5
1032283,9.885071030749002,7
1032297,9.697637807729485,14
1032301,9.94305930833979,4
1032309,9.85193390860378,8
1032313,9.941158481707847,4
1032330,9.018914045907257,17
1032339,9.83321070429022,9
1032348,9.80356235531187,9
1032364,9.700818813124668,16
1032375,9.793704487857685,11
1032393,9.510377332815175,18
1032404,9.772988050728845,11
1032409,9.915054641539227,5
1032422,9.471817195330821,13
1032423,9.992093193566095,1
1032427,9.9286957427,4
1032428,10.0,1
1032432,9.943352368613953,4
1032448,9.667910810078235,16
1032456,9.860476925526836,8
1032470,9.714994490560514,14
1032489,9.64354281334601,19
1032500,9.78199470408461,11
1032512,9.73455875937185,12
1032518,9.886969286084524,6
1032519,10.0,1
1032520,10.0,1
1032535,9.730728402119247,15
1032540,9.92587641270244,5
1032550,9.842307177851577,10
1032566,9.689520209986222,16
1032594,9.282774396411412,28
1032608,9.725200046256917,14
1032615,9.87258409153868,7
1032622,9.884442746535031,7
1032626,9.939914216732383,4
1032638,9.733217193234912,12
1032657,9.55389598334116,19
1032659,9.974887502793143,2
1032669,9.780550115046708,10
1032674,9.914302120361368,5
1032687,9.769884799613493,13
1032695,9.846120510934924,8
1032703,9.866314009250042,8
1032717,9.690227138317598,14
1032765,9.047954943212279,48
1032776,9.791586499663874,11
1032777,10.0,1
1032796,9.606341104614492,19
1032806,9.811286256876503,10
1032809,9.956250704526978,3
1032813,9.941214652590814,4
1032822,9.830815758584155,9
1032837,9.670759495584557,15
1032844,9.783193411903538,7
1032857,9.687851109594604,13
1032859,9.986125690815644,2
1032874,9.687794854337797,15
1032891,8.991620802919114,17
1032904,9.710879074152176,13
1032921,9.626482730106778,17
1032929,9.84406850164041,8
1032938,9.815648828989636,9
1032945,9.867736499702175,7
1032960,9.658958892153503,15
1032970,9.787908688128981,10
1032971,9.996360667081726,1
1033159,6.134058602693145,188
1033165,9.91593577091596,6
1033166,9.995901322970838,1
1033170,9.940682138734585,4
1033186,9.634413085209165,16
1033218,9.332980024197893,32
1033219,10.0,1
1033229,9.80001283748976,10
1033244,9.659105291288245,15
1033262,9.626958142257717,18
1033275,9.414371719914948,13
1033277,9.97145157621507,2
1033278,10.0,1
1033287,9.812219950349062,9
1033302,9.680085726306787,15
1033308,9.884302494012298,6
1033324,9.612884770706493,16
1033335,9.784035272810433,11
1033346,9.755679406169758,11
1033347,10.0,1
1033392,9.02718168058088,45
1033427,9.096100921471033,35
1033438,9.81400005654886,11
1033448,9.778115403685561,10
1033449,10.0,1
1033453,9.949328990110477,4
1033464,9.766612088893902,11
1033521,-7.188270022127309,57
1033540,9.587224108718964,19
1033544,9.947369418330606,4
1033554,9.814637135107773,10
1033566,9.781376952939697,12
1033578,9.746138175570064,12
1033589,9.710814475471677,11
1033613,9.536801252060174,24
1033622,9.850475240069049,9
1033626,9.945073921813494,4
1033638,9.763125194183413,12
1033649,9.759030612746441,11
1033655,9.895784734361657,6
1033666,9.779685399284032,11
1033676,9.804248759402876,10
1033692,9.646412595896312,16
1033705,9.724102913812466,13
1033713,9.830010981101935,8
1033721,9.817961781405701,8
1033724,9.958920077354431,3
1033734,9.798638585597256,10
1033789,9.010682800383448,55
1033800,9.687554499349382,11
1033815,9.650770583672882,15
1033816,10.0,1
1033829,9.700538390084647,13
1033839,9.787239695542112,10
1033858,9.63443368981924,19
1033865,9.866140641421607,7
1033897,9.473626725752066,32
1033900,9.959848148075258,3
1033907,9.88344698544048,7
1033914,9.88538229498497,7
1033925,9.768274240643878,11
1033938,9.719849489871583,13
1033952,9.73574753863158,14
1033969,9.58578257362328,17
1033977,9.849628916072593,8
1033985,9.862395103813109,8
1033998,9.552030024549119,13
1034001,9.957100636054678,3
1034015,9.550970993810566,14
1034018,9.952656792802234,3
1034032,9.690202038520392,14
1034036,9.645275691047955,4
1034045,9.813272012689533,9
1034067,9.503590689228593,22
1034086,9.625010855072617,19
1034091,9.91215843389746,5
1034105,9.66150678669429,14
1034121,9.68119750860206,16
1034122,10.0,1
1034123,10.0,1
1034124,10.0,1
1034135,9.786550955168105,11
1034143,9.81292256739332,8
1034158,9.667511235638981,15
1034173,9.629663482825997,15
1034182,9.819937455441742,9
1034189,9.871084792774091,7
1034218,9.321953675577417,29
1034228,9.81301050598395,10
1034233,9.925387788228624,5
1034243,9.804837498645504,10
1034255,9.740331779510415,12
1034256,10.0,1
1034271,9.72492225434977,15
1034281,9.794682857394902,10
1034300,9.661771355610284,19
1034323,9.185214049674093,23
1034324,10.0,1
1034333,9.827110512745119,9
1034351,9.57179172703713,18
1034366,9.664737528057579,15
1034383,9.610656107956242,17
1034394,9.767238074580463,11
1034404,9.794931468211509,10
1034417,9.701729273989635,13
1034431,9.740080854603882,14
1034438,9.888895611247081,7
1034444,9.897146322500362,6
1034455,9.753060620233487,11
1034461,9.890041502170385,6
1034465,9.931850422790305,4
1034468,9.947536702496107,3
1034479,9.799437771796647,11
1034488,9.824004818415442,9
1034497,9.820254520051785,9
1034503,9.88903145170972,6
1034510,9.882155872941027,7
1034522,9.74129369516309,12
1034533,9.755840885046116,11
1034556,8.163406281775313,23
1034565,9.497886683659274,9
1034578,9.691826157151773,13
1034591,9.704092992803224,13
1034611,9.512887526973302,20
1034625,9.683122378347447,14
1034647,9.536802137153403,22
1034660,9.74896150514962,13
1034672,9.733396783539199,12
1034684,8.973698733447186,12
1034694,9.788220881116269,10
1034733,9.089369842174944,39
1034755,9.322349988843454,22
1034774,8.969607460087474,19
1034783,9.823834874743083,9
1034800,9.68936785845025,17
1034817,9.634571900002252,17
1034844,9.383855425728935,27
1034847,9.752751204110192,3
1034855,9.856753716615644,8
1034860,9.91220569518327,5
1034869,9.841413802291008,9
1034870,9.988635561171103,1
1034875,9.917296977118376,5
1034884,9.809211343978594,9
1034899,9.600453105727667,15
1034922,9.528575725498332,23
1035040,7.871567441414289,118
1035063,9.44700667891995,23
1035092,9.477300429640367,29
1035102,9.761428850612921,10
1035110,9.834041364907016,8
1035116,9.872412943726488,6
1035121,9.918945186694414,5
1035133,9.750817236438953,12
1035134,10.0,1
1035144,9.812929933232226,10
1035151,9.853241366662633,7
1035158,9.87936235507357,7
1035169,9.768585930646907,11
1035181,9.780966523216819,12
1035191,9.814489645565734,10
1035195,9.943330675663313,4
1035198,9.968002074353963,3
1035202,9.9332617204089,4
1035205,9.955404259348665,3
1035215,9.798437404947117,10
1035229,9.723970632272657,14
1035243,9.680007802496924,14
1035250,9.882032797218038,7
1035251,10.0,1
1035263,9.739975298342088,12
1035267,9.941666942769535,4
1035276,9.797683927636257,9
1035289,9.695862698008776,13
1035295,9.886634232111696,6
1035314,9.67060156271118,19
1035325,9.780961060296116,11
1035330,9.92512438435876,5
1035344,9.758841782864142,14
1035353,9.824305297050756,9
1035384,9.297350620184062,31
1035386,9.971149556558162,2
1035410,9.52151995709361,24
1035428,9.51390252741655,18
1035445,9.626109957508701,17
1035456,9.75832837984565,11
1035462,9.872551940083746,6
1035471,9.826350114289152,9
1035476,9.9123077791864,5
1035483,9.885284864808177,7
1035485,9.976334858594813,2
1035504,9.636429927299739,19
1035523,9.66509780937918,19
1035530,9.875914728028611,7
1035536,9.877051516793287,6
1035541,9.92451283912981,5
1035554,9.695761017199638,13
1035574,9.634767646058393,20
1035598,9.327355411104826,24
1035610,9.693460703528707,12
1035615,9.925059072313722,5
1035617,9.96980897683562,2
1035626,9.82316648624427,9
1035634,9.732879084480546,8
1035640,9.910165949556522,6
1035655,9.662910655501575,15
1035662,9.85325906655175,7
1035675,9.702963796963841,13
1035690,9.185278397806538,15
1035696,9.902183969687938,6
1035702,9.87974721113093,6
1035707,9.908035743141943,5
1035726,9.540951956571108,19
1035736,9.795186044663344,10
1035746,9.778807370291585,10
1035755,9.64564413403589,9
1035767,9.746214341468846,12
1035778,9.829242018558855,11
1035806,9.318037898779119,28
1035807,9.992794822967626,1
1035827,9.501425555068574,20
1035847,9.666815614584177,20
1035860,9.719172023299505,13
1035885,9.500621988780397,25
1035886,10.0,1
1035901,9.654902454217998,15
1035916,9.662106983714168,15
1035922,9.903948290829009,6
1035928,9.909484125754426,6
1035938,9.824791310647678,10
1035951,9.769101034249818,13
1036451,-9.961749181211427,500
1036457,9.914196677051795,6
1036469,9.798160773988885,12
1036485,9.691582563368973,16
1036488,9.966698101088797,3
1036498,9.783761819468474,10
1036521,9.47583086227335,23
1036565,9.168756746318055,44
1036570,9.922124681373054,5
1036578,9.849606920758564,8
1036594,9.754993767029783,16
1036613,9.630364140959262,19
1036617,9.931119412783671,4
1036628,9.779367605198484,11
1036637,9.801251870424604,9
1036662,9.456303772207635,25
1036667,9.924807739554206,5
1036668,10.0,1
1036681,9.69210642027991,13
1036686,9.908974081857307,5
1036696,9.793676364139792,10
1036710,9.726223680380762,14
1036720,9.84407395897269,10
1036728,9.81952573883846,8
1036738,9.803033481806061,10
1036748,9.698681374264508,10
1036763,9.710432115202273,15
1036811,8.835440215344521,48
1036823,9.532341723712147,12
1036838,9.317855525699722,15
1036844,9.90430425077538,6
1036877,9.417875401999014,33
1036894,9.620239607514527,17
1036900,9.894422218435457,6
1036943,9.251383659339197,43
1036956,9.715727824339542,13
1036979,8.973284057113105,23
1037022,9.103167991510455,43
1037036,9.660720738327658,14
1037050,9.713050971013075,14
1037109,8.182801510234718,59
1037124,7.796475333447113,15
1037130,9.898373408891622,6
1037137,9.845732263544411,7
1037149,9.739223273358546,12
1037166,9.564418711029171,17
1037175,9.82478692913445,9
1037181,9.915671319198527,6
1037191,9.811101817253682,10
1037195,9.94692872857274,4
1037201,9.902454800137614,6
1037231,7.141307624713895,30
1037232,10.0,1
1037233,10.0,1
1037239,9.887394103670793,6
1037256,9.65044361682896,17
1037266,9.780466584190853,10
1037278,9.757026788535173,12
1037285,9.859669837778497,7
1037290,9.911185491642941,5
1037297,9.887972521636128,7
1037311,9.66003958650685,14
1037320,9.806416352042215,9
1037325,9.936614945567129,5
1037342,9.306313511119928,17
1037370,9.442031840757267,28
1037380,9.789889059249077,10
1037403,5.579808792958187,23
1037420,9.375733844730812,17
1037428,9.844965355854569,8
1037438,9.781117809367812,10
1037447,9.844110587236546,9
1037456,9.806761056109881,9
1037460,9.934746151854265,4
1037478,9.595576668531661,18
1037487,9.828539439708793,9
1037545,8.86376588792509,58
1037573,9.350548529993732,28
1037582,9.83197611824431,9
1037640,8.383227850411572,58
1037658,9.571574576022496,18
1037663,9.925654748677635,5
1037676,9.76361456535058,13
1037686,9.791169104876046,10
1037703,9.61329092049574,17
1037718,9.732822984003796,15
1037729,9.769853006292013,11
1037735,9.914148161466303,6
1037745,9.819125750195719,10
1037757,9.670730486141245,12
1037758,10.0,1
1037776,9.58088524063918,18
1037785,9.794947920100702,9
1037803,9.648633771605809,18
1037806,9.958069944835733,3
1037807,10.0,1
1037810,9.952322593211948,3
1037821,9.785522656118372,11
1037826,9.922897314840737,5
1037838,9.751377107015578,12
1037848,9.817804493442294,10
1037849,10.0,1
1037864,9.64254922308472,15
1037870,9.880515752902665,6
1037874,9.936713765174266,4
1037884,9.775169176579425,10
1037901,9.620785138863235,17
1037903,9.975574970747887,2
1037914,9.771302810035154,11
1037918,9.940813411558185,4
1037929,9.783019652575605,11
1037930,10.0,1
1037935,9.916505040658073,5
1037951,9.739511725655744,16
1037981,9.339340346218057,30
1037991,9.796587244426993,10
1038003,9.751454288893191,12
1038025,9.495376646469484,22
1038070,9.066794639566663,45
1038085,9.676895256885121,15
1038103,9.595617943788703,18
1038114,9.74386174348043,11
1038124,9.844216240602192,10
1038132,9.858400855514068,8
1038139,9.870024907378331,7
1038151,9.797727468948194,12
1038156,9.913518760712552,5
1038171,9.46854928074755,15
1038180,9.802813573413678,9
1038192,9.797949778285831,12
1038208,7.191003619346013,16
1038209,10.0,1
1038224,9.645460955553403,15
1038239,9.654265437718905,15
1038248,9.84022203611943,9
1038252,9.938824975837221,4
1038256,9.935527837408198,4
1038259,9.957765822913816,3
1038260,10.0,1
1038261,10.0,1
1038282,9.557508232348168,21
1038287,9.92381716736911,5
1038288,10.0,1
1038303,9.67749091307661,15
1038316,9.705325593132006,13
1038327,9.65519516726433,11
1038331,9.932991110950498,4
1038346,9.76496160827585,15
1038360,9.678633947235278,14
1038362,9.976100214114872,2
1038373,9.786163515484217,11
1038419,-5.372593443186803,46
1038421,9.969706894615234,2
1038431,9.804735925084287,10
1038447,9.642008515371787,16
1038457,9.425193530537715,10
1038465,9.815920902919203,8
1038473,9.836205328390689,8
1038487,9.70569071836969,14
1038488,10.0,1
1038491,9.964491382290278,3
1038504,9.744110077628038,13
1038529,9.50191991701934,25
1038536,9.871234291302931,7
1038544,9.860564155224223,8
1038552,9.849390495679318,8
1038559,9.870280989561975,7
1038714,6.6334244923037105,155
1038719,9.919045687676446,5
1038721,9.972407327482355,2
1038728,9.870788481289061,7
1038777,9.06768024047032,49
1038789,9.74351473574444,12
1038791,9.98626512287974,2
1038804,9.689850508668863,13
1038816,9.77407336888904,12
1038826,9.81178684443043,10
1038838,9.752507180695146,12
1038848,9.792204177434577,10
1038851,9.959751887465554,3
1038861,9.810877032150595,10
1038864,9.963683333234695,3
1038867,9.955308527732049,3
1038879,9.731602077983805,12
1038880,10.0,1
1038890,9.818909601034656,10
1038905,9.706129773048222,15
1038920,9.388892413735205,15
1038944,9.43512439797826,24
1038947,9.968386259975995,3
1038959,9.773331395568533,12
1038973,9.690415454628539,14
1038998,9.22947395482942,25
1039010,9.744731007304077,12
1039022,9.709624248212416,12
1039043,9.569175955236465,21
1039053,9.777747283746537,10
1039066,9.711748197754428,13
1039086,9.677290892914886,20
1039093,9.889634085870819,7
1039106,9.78313590076337,13
1039114,9.849889230811572,8
1039142,9.38650661514561,28
1039157,9.662233930406869,15
1039176,9.554437247209503,19
1039188,9.734282718375887,12
1039189,10.0,1
1039202,9.725111792479533,13
1039215,9.725704579429044,13
1039222,9.86822331134857,7
1039230,9.846250462145285,8
1039231,10.0,1
1039239,9.849428445677797,8
1039252,9.696788731741675,13
1039264,9.749898379703227,12
1039280,9.646778560009725,16
1039281,10.0,1
1039286,9.917542290495723,5
1039291,9.909386233111292,5
1039317,9.482618233612394,26
1039330,9.721607755668852,13
1039337,9.849810300318689,7
1039346,9.857831134459996,9
1039350,9.95331433871821,4
1039361,9.785340554305524,11
1039367,9.898725484983391,6
1039377,9.818455410131575,10
1039379,9.974235064797096,2
1039395,9.719619007241626,16
1039404,9.835118410131487,9
1039420,9.643234762827511,16
1039440,9.59322486563759,20
1039453,9.308363159809447,13
1039461,9.8181324287622,8
1039474,9.733025559258715,13
1039480,9.889492250315003,6
1039495,9.70901990442564,15
1039510,9.668068880190207,15
1039516,9.877037400769241,6
1039524,9.854018978086522,8
1039532,9.862876510997998,8
1039541,9.813400710372445,9
1039555,9.719963418073847,14
1039568,9.698953650989937,13
1039569,10.0,1
1039583,9.708090249504663,14
1039600,9.600468497060607,17
1039607,9.881829846860393,7
1039616,9.243938481013435,9
1039626,9.820261401269015,10
1039639,9.748207226538122,13
1039647,9.84936802053107,8
1039827,6.937025295899842,180
1039828,10.0,1
1039843,9.520314667568496,15
1039858,9.660735860050158,15
1039864,9.89052600358185,6
1039911,9.087559504646096,47
1039924,9.723090900931343,13
1039937,9.716653901568677,13
1039938,9.996298088193145,1
1039949,9.788170268569475,11
1039965,9.632931598380164,16
1039972,9.908727119708606,7
1039973,10.0,1
1039974,10.0,1
1040023,9.04551502690406,49
1040029,9.888491758295359,6
1040030,10.0,1
1040045,9.651758971923112,15
1040051,9.884763961193887,6
1040052,9.988153736798717,1
1040068,9.610061316757559,16
1040073,9.899947254548945,5
1040103,9.353253217814286,30
1040124,9.595487708555932,21
1040154,9.02767132208604,30
1040162,9.872052240628065,8
1040182,9.564020190342383,20
1040205,9.507144503953667,23
1040206,10.0,1
1040217,9.755740643579049,11
1040234,9.643170699428815,17
1040235,9.993309071772407,1
1040247,9.802971537397784,12
1040252,9.932599223024518,5
1040258,9.901040144342973,6
1040273,9.659550159247997,15
1040279,9.889167980209299,6
1040280,10.0,1
1040285,9.915820550208256,5
1040311,9.217168155703604,26
1040328,9.584860281394722,17
1040346,9.659533155968315,18
1040347,10.0,1
1040432,8.398021226621678,85
1040433,10.0,1
1040440,9.907749602769538,7
1040462,9.602888168923743,22
1040463,10.0,1
1040515,8.893357765511258,52
1040538,9.551505151161964,23
1040549,9.78237318418535,11
1040557,9.877291831007016,8
1040563,9.905937272702083,6
1040587,9.546021353914279,24
1040605,9.638892044680725,18
1040624,9.640757491651177,19
1040629,9.90576767383777,5
1040633,9.938351879362452,4
1040644,9.777442205443903,11
1040651,9.868455473288272,7
1040665,8.162229954979113,14
1040667,9.968010455263679,2
1040670,9.959503028268193,3
1040686,9.639430875461805,16
1040697,9.802461348721947,11
1040707,9.763095816705675,10
1040713,9.890106213265566,6
1040726,9.778508891251736,13
1040733,9.881930908230569,7
1040746,9.717596181576626,13
1040750,9.94349219246131,4
1040759,9.826718843559199,9
1040774,9.702666013205823,15
1040788,9.712509694404316,14
1040793,9.92124642577609,5
1040808,9.640493937241935,15
1040818,9.336219191169054,10
1040819,10.0,1
1040824,9.909343529319454,5
1040828,9.952956960424475,4
1040836,9.836898314570453,8
1040849,9.711059733320848,13
1040856,9.893475551970251,7
1040871,9.715535120182267,15
1040881,9.803486635806724,10
1040902,9.522953996763109,21
1040907,9.932577347372183,5
1040922,9.681566596163588,15
1040939,9.625118637935962,17
1040950,9.756214660670127,11
1040951,10.0,1
1040966,9.7205591730829,15
1040979,9.772787781293292,13
1040993,9.689302705470663,14
1040996,9.94854314612817,3
1041005,9.833308796941271,9
1041016,9.796481908788182,11
1041022,9.91405058728197,6
1041041,9.504389907835987,19
1041059,9.626805166424118,18
1041073,9.668092633738855,14
1041083,9.788215766679917,10
1041129,9.1654123789835,46
1041135,9.870172225835695,6
1041169,9.186651198778168,34
1041173,9.930894983661485,4
1041211,8.915713091394304,38
1041213,9.975346842053057,2
1041223,9.825556104806315,10
1041233,9.777180774306766,10
1041258,9.489043398836525,25
1041259,9.99244821949566,1
1041262,9.961464227005717,3
1041270,9.86311436685568,8
1041280,9.807188675738155,10
1041292,9.731600464305084,12
1041303,9.771946857957387,11
1041305,9.971137548019822,2
1041321,9.679365096577952,16
1041324,9.96404176381369,3
1041336,9.73524274517778,12
1041337,10.0,1
1041352,9.688458082453117,15
1041374,9.516963819161326,22
1041385,9.48672070994588,11
1041413,8.42757253820961,28
1041418,9.821412177628511,5
1041432,9.672548001569156,14
1041441,9.826448068569643,9
1041442,10.0,1
1041455,9.713128665501142,13
1041470,9.701406383342883,15
1041475,9.917319280785478,5
1041480,9.92664397171423,5
1041613,7.552472229611782,133
1041621,9.874683694833909,8
1041626,9.91201221205862,5
1041642,9.696059186082616,16
1041662,9.5806352096274,20
1041663,10.0,1
1041664,10.0,1
1041678,9.696862611511865,14
1041679,10.0,1
1041694,9.711654343885106,15
1041698,9.938914406160617,4
1041707,9.82259850816876,9
1041729,9.571920208862581,22
1041736,9.878287402901417,7
1041750,9.720365299606083,14
1041770,9.451413000745507,20
1041785,9.713207905438242,15
1041792,9.671144426541575,7
1041798,9.910619215643896,6
1041810,9.736159044664927,12
1041811,10.0,1
1041922,7.972105145088882,111
1041923,10.0,1
1041924,10.0,1
1041939,9.62899929704701,15
1041945,9.887892160901028,6
1041950,9.921917964891668,5
1041951,10.0,1
1041965,9.701146552788924,14
1041976,9.778251405846051,11
1041989,9.748393665096367,13
1042006,9.644602288793799,17
1042019,9.713265244223292,13
1042034,9.723874735687982,15
1042047,9.716152437143723,13
1042064,9.391490081594128,17
1042065,10.0,1
1042072,9.878680427749542,7
1042079,9.885695275750322,7
1042084,9.924965464235134,5
1042095,9.808590900172577,11
1042115,9.090615464565493,20
1042117,9.983891742428364,2
1042118,10.0,1
1042128,9.796731306037453,10
1042140,9.707166782429672,12
1042157,9.339595124737297,17
1042167,9.770284702240858,10
1042172,9.930670060982228,5
1042188,9.752970226807118,16
1042195,9.889510110483544,7
1042204,9.838430368974455,9
1042207,9.965959402359625,3
1042217,9.808544405982072,10
1042220,9.95093573646808,3
1042230,9.78263296396312,10
1042235,9.910609723844802,5
1042247,9.56713321934835,12
1042250,9.966869503946702,3
1042256,9.895985240143702,6
1042257,10.0,1
1042264,9.85574793453618,7
1042284,9.667269500311999,20
1042290,9.888519860261699,6
1042293,9.954829026843528,3
1042303,9.789238840863607,10
1042307,9.95224534282254,4
1042326,9.616328507815371,19
1042337,9.74853675695896,11
1042347,9.79327779437501,10
1042348,10.0,1
1042370,9.545360050056898,22
1042385,9.69707915997254,15
1042386,10.0,1
1042397,9.755437283374409,11
1042411,9.57454269943941,14
1042427,9.696574224120862,16
1042428,9.993056649051073,1
1042445,9.637824817644505,17
1042462,9.615090033024767,17
1042478,9.424889091653458,16
1042479,10.0,1
1042492,9.730338538350836,13
1042499,9.591935061421061,7
1042510,9.785611266266192,11
1042515,9.932973364652144,5
1042524,9.838600682277532,9
1042538,9.704496819790759,14
1042545,9.862442197201387,7
1042553,9.855953793357536,8
1042554,9.992637480759074,1
1042570,9.532448950220592,16
1042584,9.710457610741477,14
1042607,9.53703083815951,23
1042614,9.880063435723388,7
1042618,9.940013442096634,4
1042634,9.67001005783118,16
1042651,9.612195488410245,17
1042661,9.789789778207524,10
1042673,9.067587056609492,12
1042683,9.598823553200337,10
1042694,9.778267177272161,11
1042704,9.80160988577263,10
1042719,9.652734877932197,15
1042733,9.677182492300687,14
1042736,9.968809284236317,3
1042740,9.933345081992949,4
1042753,9.729459995328833,13
1042760,9.575485695753796,7
1042769,9.737648942957659,9
1042779,9.77929945343666,10
1042786,9.864670782593201,7
1042807,9.566140548813193,21
1042817,9.81235673415438,10
1042829,9.761213359045957,12
1042848,9.596561877414679,19
1042854,9.92065458853575,6
1042866,9.788877896417699,12
1042884,9.563008924200245,18
1042905,9.616859393702056,21
1042913,9.846526166889996,8
1042915,9.98336673368931,2
1042930,9.711944233036414,15
1042942,9.710394213760457,12
1042959,9.26102942442136,17
1042972,8.68929415303723,13
1042984,9.713174788559995,12
1042987,9.95920218797012,3
1042991,9.937775157309312,4
1043003,9.765242730719295,12
1043039,7.810701964455613,36
1043056,9.6647387186373,17
1043072,9.71625128316154,16
1043084,9.779708248203288,12
1043108,9.504949757629078,24
1043120,9.715874792119848,12
1043125,9.912735473198694,5
1043130,9.92680459749288,5
1043132,9.971572187271134,2
1043143,9.757700247303326,11
1043153,9.827285565098347,10
1043653,-12.421340838067184,500
1043664,9.804337789676891,11
1043665,10.0,1
1043679,9.702718585189722,14
1043680,10.0,1
1043687,9.694100827784286,7
1043695,9.86427756909707,8
1043706,9.75017730926268,11
1043728,8.853732204885986,22
1043742,9.778181208241717,14
1043759,9.6398986994559,17
1043807,9.038718408987874,48
1043819,9.719270631087142,12
1043820,10.0,1
1043836,9.68585102670674,16
1043859,9.426891041637626,23
1043870,9.76087310788074,11
1043885,9.724703492785471,15
1043895,9.787341811976193,10
1043908,9.699424664536002,13
1043911,9.952820216103744,3
1043917,9.90313163498719,6
1043948,9.423373969604132,31
1043972,9.558717416027985,24
1043979,9.868778526010406,7
1043990,9.577545645988534,11
1044003,9.535032291492943,13
1044012,9.799865498540695,9
1044028,9.686027848239815,16
1044038,9.79013489220104,10
1044046,9.871422675802986,8
1044065,9.583602652388326,19
1044081,8.698003387471354,16
1044091,9.782901096329434,10
1044103,9.653899817761122,12
1044107,9.923830427190895,4
1044121,9.678607254939076,14
1044128,9.868606194002403,7
1044150,9.461872301553283,22
1044151,10.0,1
1044169,9.316962152743242,18
1044180,9.757453365385729,11
1044194,9.674155096041678,14
1044208,9.685253791909343,14
1044215,9.864176479350798,7
1044227,9.803192968776314,12
1044245,9.573070030096057,18
1044252,9.876212361166973,7
1044253,10.0,1
1044266,9.734803588468056,13
1044272,9.907125882595233,6
1044281,9.829613902417885,9
1044300,9.620740380591785,19
1044303,9.962718793948207,3
1044311,9.82911456629248,8
1044328,9.682149682364463,17
1044329,10.0,1
1044333,9.956938299311584,4
1044358,9.128622300024512,25
1044371,9.726835279183522,13
1044379,9.83853893877789,8
1044389,9.818398707051994,10
1044406,9.210637604122974,17
1044418,9.722177113479129,12
1044441,9.500754238704449,23
1044445,9.935661439148515,4
1044459,9.662134757334412,14
1044473,9.66104522893117,14
1044496,9.535002072778088,23
1044528,9.338530753713208,32
1044555,9.487827795741556,27
1044573,9.575414999489677,18
1044589,9.70870111220593,16
1044599,9.80622249364003,10
1044673,8.592134666235927,74
1044681,9.875028340929557,8
1044682,10.0,1
1044692,9.824700657643646,10
1044701,9.462260247458305,9
1044711,9.76839747406837,10
1044717,9.898306782591433,6
1044729,9.74564538221901,12
1044740,9.779205514989222,11
1044753,9.764407995319695,13
1044761,9.87437636470168,8
1044766,9.825082786965718,5
1044778,9.750893911844344,12
1044792,9.467271970636995,14
1044800,9.836597103023662,8
1044805,9.930384970444056,5
1044815,9.835778253989046,10
1044855,9.075477959069467,40
1044868,9.335766166478193,13
1044872,9.949595328848897,4
1044886,9.672255153241016,14
1044941,9.01327627544107,55
1044947,9.899710293207068,6
1044948,10.0,1
1044949,9.988219043724984,1
1044954,9.915866887549667,5
1044982,9.440111266409426,28
1044983,10.0,1
1045003,9.569858594399209,20
1045018,9.68128904050292,15
1045047,9.256833166427999,29
1045059,9.746734726039094,12
1045072,9.724346710164934,13
1045073,9.99198447420078,1
1045077,9.937545009841513,4
1045094,9.596697245818577,17
1045108,9.604116563094497,14
1045122,9.697646198737063,14
1045134,9.73181691115449,12
1045147,9.70661576152344,13
1045162,9.684330017399288,15
1045205,9.15505166550503,43
1045224,9.68507959724124,19
1045251,9.476209989749503,27
1045256,9.90502167587911,5
1045263,9.889301878916866,7
1045276,9.675104750206126,13
1045279,9.96422352172036,3
1045284,9.90690459848094,5
1045290,9.886938202624604,6
1045301,9.796588065342847,11
1045346,9.124503203782648,45
1045383,9.259639435573353,37
1045444,8.566058547639113,61
1045490,9.228682491351629,46
1045492,9.973446405211432,2
1045496,9.93156106761455,4
1045501,9.928607821536144,5
1045502,10.0,1
1045510,9.856434707733456,8
1045554,8.543093248246414,44
1045567,9.693078400744342,13
1045584,9.623247157104807,17
1045590,9.90539392495563,6
1045601,9.755454148095502,11
1045602,10.0,1
1045611,9.800826044965687,9
1045618,9.872178796643833,7
1045623,9.899693291029694,5
1045632,9.804601069983642,9
1045652,9.448246444934263,20
1045666,9.676482958405245,14
1045679,9.747863642924107,13
1045690,8.971472021560324,11
1045711,9.382756713729577,21
1045734,8.124788608108606,23
1045743,9.84254780640222,9
1045755,9.780664348306466,12
1045766,9.77484832864256,11
1045776,9.779358114128478,10
1045787,9.78167763589973,11
1045805,8.996263036528408,18
1045816,9.78808385590514,11
1045818,9.985275382088714,2
1045823,9.898242202236949,5
1045828,9.908624779249523,5
1045837,9.800855039516811,9
1045848,9.782652700270738,11
1045855,9.878407143551316,7
1045872,9.215005398887184,17
1045878,9.80300393018712,6
1045891,9.733570614436697,13
1045903,9.755862274483071,12
1045912,9.821517145403647,9
1045948,9.236200418097848,36
1045960,9.778303419260759,12
1045970,9.793617569599926,10
1045978,9.842073965148835,8
1045979,10.0,1
1045980,10.0,1
1045990,9.767875576907265,10
1045997,9.849878288021179,7
1046012,9.68536480891915,15
1046028,9.636683030050147,16
1046036,9.844465669116786,8
1046045,9.804345175713912,9
1046055,9.778396753456013,10
1046060,9.912624141098037,5
1046086,9.498461808261453,26
1046101,9.633882287370069,15
1046163,8.917441864405692,62
1046164,10.0,1
1046165,10.0,1
1046176,9.78306543393783,11
1046195,9.455131214263853,19
1046208,9.745385668294254,13
1046217,9.808061714967254,9
1046231,9.703886571761656,14
1046234,9.95829413637872,3
1046243,9.799217314590408,9
1046256,9.729592277987704,13
1046264,9.849873421736048,8
1046295,4.211543066322359,31
1046309,9.6684934957485,14
1046321,9.721083192600865,12
1046338,9.630139248960102,17
1046344,9.908236706533666,6
1046466,6.792970378837985,122
1046481,9.50433256588576,15
1046498,8.992575678294891,17
1046499,10.0,1
1046514,9.704786228136136,15
1046523,9.818990758859684,9
1046528,9.919411133992854,5
1046540,9.563504865298157,12
1046560,9.560789449043334,20
1046575,9.676022907268427,15
1046585,9.815015159458774,10
1046615,9.312516385212879,30
1046627,9.742886089437777,12
1046657,9.240551834058591,30
1046667,9.805757869191096,10
1046677,9.801937269735381,10
1046686,9.801546948350172,9
1046687,9.991636773933703,1
1046692,9.915802186293162,5
1046696,9.927361478424348,4
1046732,9.271324836278406,36
1046735,9.95556524081616,3
1046744,9.811842378534342,9
1046755,9.824273817205096,11
1046780,9.44195617715316,25
1046792,9.721166928559038,12
1046805,9.754078468872256,13
1046846,8.952255410468858,41
1046857,9.7629300359841,11
1046878,9.575821557947393,21
1046889,9.741731252066952,11
1046896,9.858464213276392,7
1046906,9.782707694080235,10
1046918,9.76930276083586,12
1046928,9.730219790405778,10
1046929,10.0,1
1046933,9.922527948002646,4
1046964,9.294111380526111,31
1046968,9.94351430982537,4
1046974,9.80701400456316,6
1046987,9.766201786800671,13
1046994,9.87712617159289,7
1047006,9.794726409387843,12
1047019,9.716992194364696,13
1047032,9.739470131141147,13
1047039,9.863539792340646,7
1047050,9.759814161710967,11
1047062,9.75973200532864,12
1047073,9.82698939193559,11
1047086,9.804518951675853,13
1047099,9.714855636447998,13
1047104,9.923401586762253,5
1047115,9.798885883599132,11
1047131,9.690292207465776,16
1047147,9.704934318082802,16
1047153,9.890025772667496,6
1047160,9.878798876241182,7
1047176,9.673292851617687,16
1047186,9.807358095485757,10
1047194,9.854176943738254,8
1047199,9.899039881194657,5
1047210,9.662003409849758,11
1047232,9.60663551238036,22
1047249,9.5064569204945,17
1047256,9.877335806023439,7
1047281,9.50758374653591,25
1047282,10.0,1
1047283,9.993139751391693,1
1047297,9.76049256760179,14
1047304,9.846493111647675,7
1047305,10.0,1
1047318,9.71688450387849,13
1047331,9.741296200383045,13
1047332,10.0,1
1047344,9.775144241933068,12
1047346,9.970555644396027,2
1047355,9.814948636620064,9
1047356,10.0,1
1047359,9.66272403480657,3
1047364,9.908928045042575,5
1047370,9.907398060064068,6
1047374,9.936116216625589,4
1047375,10.0,1
1047383,9.8846032330629,8
1047394,9.804623588836584,11
1047407,9.692406072994075,13
1047411,9.942910233256706,4
1047427,9.6034691520304,16
1047440,9.69841689562452,13
1047446,9.909733922901927,6
1047460,9.70145197763718,14
1047463,9.956775458422449,3
1047467,9.93178871084401,4
1047477,9.81494776450795,10
1047485,9.843543402055216,8
1047488,9.957903509048355,3
1047500,9.741335341885083,12
1047543,9.21087620152704,43
1047557,9.721890496501434,14
1047558,10.0,1
1047564,9.892143829145288,6
1047574,9.774907615388493,10
1047575,10.0,1
1047583,9.862255457535483,8
1047587,9.938239566936744,4
1047588,10.0,1
1047601,9.691058045899302,13
1047602,9.988320642121167,1
1047631,9.426455375668013,29
1047642,9.750947385581485,11
1047648,9.888069979733551,6
1047649,10.0,1
1047668,9.65774136907424,19
1047682,9.686691852457333,14
1047707,9.460433015575774,25
1047708,10.0,1
1047722,9.668568341032135,14
1047735,9.757697505376791,13
1047745,9.810079615697541,10
1047747,9.984463978331732,2
1047750,9.957436009947745,3
1047757,9.871380394668344,7
1047763,9.901511033970003,6
1047776,9.692068833887417,13
1047785,9.82808426979115,9
1047796,9.675010825662863,11
1047810,9.668389129032823,14
1047835,9.474200627297968,25
1047855,9.655954140254757,20
1047887,9.37988835870113,32
1047900,9.71053667292109,13
1047904,9.950247738683995,4
1047909,9.913707709463955,5
1047920,9.828302029554607,11
1047936,9.277734433384254,16
1047949,9.721881327492994,13
1047950,10.0,1
1047961,9.449427344340856,11
1048157,-16.854094620962375,196
1048173,9.645428810087152,16
1048186,9.728382832152992,13
1048230,2.4979826804118144,44
1048242,9.769819975748947,12
1048265,9.325139801559121,23
1048283,9.576259646515167,18
1048292,9.820018324726604,9
1048333,-3.5640532291292804,41
1048360,9.367402105490827,27
1048376,9.66536735971688,16
1048393,9.665786555941255,17
1048401,9.835451000881033,8
1048422,9.599268131547255,21
1048426,9.945950018753944,4
1048431,9.940169507071307,5
1048434,9.965380810570586,3
1048445,9.811650352045955,11
1048446,10.0,1
1048456,9.775770181406344,10
1048467,9.758501813598814,11
1048478,9.744691829165939,11
1048479,10.0,1
1048491,9.753201942606696,12
1048510,9.619681445367627,19
1048521,9.773353808161083,11
1049021,-9.768881093052428,500
1049035,9.66236867391336,14
1049055,9.605849427431256,20
1049061,9.916822864595948,6
1049069,9.849405287541272,8
1049100,9.439037638998414,31
1049107,9.849221681779314,7
1049125,9.557761759192422,18
1049136,9.786848036130056,11
1049146,9.81098448189742,10
1049162,9.59681218626523,16
1049189,9.556041218317327,27
1049190,9.99308610878413,1
1049193,9.949655176771719,3
1049202,9.818775084114373,9
1049214,9.629727612407963,12
1049231,9.667777165871618,17
1049235,9.946644939358176,4
1049245,9.781522312573566,10
1049253,9.835926857337084,8
1049318,-11.113737859424697,65
1049328,9.818389733609365,10
1049335,9.884891093296131,7
1049340,9.930617890461466,5
1049343,9.960084667828188,3
1049344,10.0,1
1049355,9.80813144156049,11
1049378,9.539701232977858,23
1049379,10.0,1
1049392,9.735905055623158,13
1049399,9.886032255880743,7
1049404,9.924614977035544,5
1049419,9.639885411620584,15
1049454,8.805155084951823,35
1049468,9.387118113279495,14
1049480,9.655735121959706,12
1049489,9.820295937926662,9
1049497,9.849658467712707,8
1049499,9.979929705570571,2
1049516,9.64104057133502,17
1049527,9.791888178179716,11
1049534,9.874177320424728,7
1049552,9.683171218966717,18
1049568,9.626555301494092,16
1049574,9.896588584891976,6
1049579,9.903505233570916,5
1049580,10.0,1
1049592,9.789926817630237,12
1049606,8.78216287535408,14
1049615,9.815497644060303,9
1049626,9.799185612980265,11
1049627,9.996628941925922,1
1049638,9.767214397418561,11
1049646,9.826112196615242,8
1049655,9.84369479937001,9
1049668,9.588993444547123,13
1049686,9.527644639082459,18
1049698,9.6742709384433,12
1049709,9.765570025364822,11
1049710,9.996447947277376,1
1049720,9.780966792947126,10
1049737,9.59163717904595,17
1049750,9.692192493619826,13
1049751,10.0,1
1049757,9.89286985958457,6
1049765,9.834824094472284,8
1049783,9.59470585602453,18
1049791,9.850058135969597,8
1049809,9.642140800953287,18
1049818,9.830790467180254,9
1049831,9.395552395435192,13
1049832,9.986910308746559,1
1049840,9.862610292987258,8
1049854,9.72053789233429,14
1049867,9.711917584333607,13
1049873,9.801720386000895,6
1049880,9.855879085748986,7
1049881,10.0,1
1049882,10.0,1
1049895,9.701350783973064,13
1049912,9.66347284552413,17
1049928,9.625079738744144,16
1049929,9.992838585739264,1
1049952,9.535657951753475,23
1049969,9.631211240727364,17
1049976,9.858072400961012,7
1049998,9.480325569334807,22
1050012,9.725748734462275,14
1050016,9.934033307741819,4
1050031,9.708666245308187,15
1050045,9.704813467481777,14
1050059,9.694072202076018,14
1050068,9.800200774971811,9
1050069,10.0,1
1050073,9.936995668408652,4
1050085,9.694019062851888,12
1050086,10.0,1
1050108,9.458246124277776,22
1050114,9.90556517352459,6
1050130,9.60364924069761,16
1050144,9.688336709016284,14
1050156,9.761712246895657,12
1050173,9.653569654038783,17
1050185,9.781022645161281,12
1050188,9.95481229888822,3
1050200,9.747522385230228,12
1050203,9.953231686640581,3
1050204,10.0,1
1050205,9.989719981199082,1
1050218,9.715481381349372,13
1050233,9.709760179223656,15
1050242,9.808270359347606,9
1050252,9.794988431955257,10
1050262,9.75690375842487,10
1050277,9.739959073454127,15
1050279,9.976673089241565,2
1050303,7.900892308132367,24
1050308,9.926688734771433,5
1050324,9.600652525096347,16
1050328,9.948510125871847,4
1050330,9.972752890730932,2
1050337,9.853769678692323,7
1050338,10.0,1
1050360,9.619630362721711,22
1050375,9.74154697117189,15
1050391,9.685604006105281,16
1050406,9.654359504620029,15
1050413,9.867405135401718,7
1050416,9.957776619048891,3
1050431,9.658930021209972,15
1050443,9.762329667704362,12
1050456,9.720891946094099,13
1050466,9.810572412196217,10
1050468,9.981740210141814,2
1050483,9.678721891375567,15
1050494,9.778698857458846,11
1050517,9.490421297029314,23
1050519,9.969273724601845,2
1050542,9.405329298831422,23
1050554,9.742033816790403,12
1050558,9.940928872833553,4
1050583,9.42950229906713,25
1050606,9.524510901420108,23
1050613,9.89232916067866,7
1050622,9.826925139820673,9
1050636,9.727158876172444,14
1050644,9.850136059894393,8
1050649,9.912378658311345,5
1050660,9.800262830243172,11
1050670,9.79319382929864,10
1050685,9.627457577958717,15
1050705,9.455637182007804,20
1050715,9.804839139870062,10
1050742,9.179662521300253,27
1050777,9.108219384144812,35
1050786,9.793431639879287,9
1050795,9.803454258709204,9
1050801,9.87820690014784,6
1050820,9.600115002114041,19
1050831,9.77701255052569,11
1050845,9.718212064576147,14
1050852,9.861488148730341,7
1050868,9.741461786524003,16
1050878,9.788837517707119,10
1050879,10.0,1
1050882,9.97158731640916,3
1050901,9.5807276027533,19
1050902,10.0,1
1051402,-13.040458583472306,500
1051414,9.6022600857984,12
1051415,10.0,1
1051428,9.756442477457396,13
1051433,9.907812440225555,5
1051440,9.879872943197629,7
1051441,10.0,1
1051449,9.837747733937722,8
1051450,10.0,1
1051459,9.825619973084278,9
1051487,9.493960001639094,28
1051494,9.874210457110342,7
1051495,10.0,1
1051500,9.915311017408749,5
1051508,9.873634813114935,8
1051518,9.805930456977183,10
1051530,9.765997207321142,12
1051544,9.665320622334342,14
1051567,9.540376878551662,23
1051578,9.810493303891164,11
1051583,9.902439052647937,5
1051608,9.549233216925145,25
1051619,9.79552157871692,11
1051620,10.0,1
1051630,9.807228752972291,10
1051645,9.684299860562092,15
1051648,9.961561413365178,3
1051653,9.933080710149438,5
1051656,9.955270514917444,3
1051673,9.480286182670369,17
1051678,9.919334152893903,5
1051679,10.0,1
1051696,9.67678489545852,17
1051706,8.932467790171593,10
1051720,9.513357593805452,14
1051721,10.0,1
1051725,9.930551073761329,4
1051742,9.635059666692912,17
1051746,9.93246191743998,4
1051747,10.0,1
1051756,9.338407215523478,9
1051760,9.936921847132776,4
1051768,9.865791219950978,8
1051777,9.822831396652969,9
1051787,9.775585677074721,10
1051809,9.534607783125619,22
1051812,9.954291764081962,3
1051818,9.892095312440437,6
1051837,9.620736884519069,19
1051850,9.43202221547649,13
1051854,9.623826816717907,4
1051872,9.545894526132486,18
1051885,9.162543418347413,13
1051896,9.667234347911922,11
1051899,9.963255014294665,3
1051915,9.626992753422533,16
1051916,10.0,1
1051931,9.58241055610588,15
1051940,9.811875362281626,9
1051941,10.0,1
1051953,9.756133790477778,12
1051969,9.6620792710284,16
1051988,9.603436956467661,19
1051993,9.929898375870867,5
1052004,9.758151331728948,11
1052021,9.685422155404286,17
1052040,9.53471029312241,19
1052051,9.768582537458819,11
1052064,9.719945247533119,13
1052074,9.810458102503661,10
1052100,9.1924967550036,26
1052121,7.841901605417549,21
1052134,9.725025477904282,13
1052144,9.805595104980384,10
1052150,9.877520383387916,6
1052152,9.975147590808398,2
1052170,8.793818516868301,18
1052177,9.880943520225445,7
1052188,9.768779110549106,11
1052194,9.881481593977098,6
1052203,9.812027109390103,9
1052204,10.0,1
1052217,9.764240451054544,13
1052222,9.900490515453145,5
1052235,9.752269362780165,13
1052255,9.148500400340563,20
1052262,9.883321865120736,7
1052280,9.682831984579996,18
1052298,9.625452924996317,18
1052314,9.609838482488692,16
1052327,9.717600414549656,13
1052335,9.849535207234023,8
1052342,9.841144884979707,7
1052343,10.0,1
1052355,9.777277730962664,12
1052356,10.0,1
1052454,7.683008800680669,98
1052467,9.776129510908522,13
1052473,9.905089308196018,6
1052500,9.401210575112222,27
1052512,9.754567860618444,12
1052528,9.488486435832064,16
1052536,9.85437865598982,8
1052548,9.767807937638407,12
1052557,9.243746432819648,9
1052646,7.96868608679763,89
1052654,9.849359367350825,8
1052657,9.95747848518966,3
1052669,9.720683233496821,12
1052687,9.608388538191484,18
1052696,9.806541444064235,9
1052704,9.853073003371362,8
1052723,9.598043122511612,19
1052741,9.467123033867894,18
1052742,10.0,1
1052743,10.0,1
1052753,9.794170596318683,10
1052763,9.824186091904584,10
1052775,9.364197822041168,12
1052789,9.762511423169833,14
1052805,9.675744103899335,16
1052816,9.763835548044126,11
1052858,9.213355397391375,42
1052865,9.886741077668537,7
1052875,9.806210167956666,10
1052898,9.03350617598605,23
1052911,9.719457655050348,13
1052913,9.986349355710454,2
1052930,9.616384103331352,17
1052951,9.500001774777713,21
1052967,9.725440517759958,16
1052979,9.738630391154723,12
1052996,9.576670819618185,17
1053065,8.791614072825784,69
1053075,9.804796872000141,10
1053104,9.43773828215225,29
1053114,9.810240317913106,10
1053115,10.0,1
1053122,9.854346492028917,7
1053136,9.578015825628395,14
1053140,9.927726307813503,4
1053145,9.90728276007433,5
1053151,9.887641709805228,6
1053178,9.083487881492234,27
1053187,9.828364937165528,9
1053191,9.938027573220017,4
1053192,9.992648185747635,1
1053229,9.226217190528537,37
1053244,9.715859231300637,15
1053253,9.81912314246261,9
1053257,9.93374138324052,4
1053266,9.818397980540054,9
1053287,9.656486940580862,21
1053382,8.237136803066294,95
1053392,9.795517015096307,10
1053397,9.916546647861393,5
1053409,9.787641914843004,12
1053424,9.636949837614823,15
1053443,9.595342904736615,19
1053448,9.912466150180132,5
1053455,9.892722654976012,7
1053474,9.6892127040145,19
1053491,9.650200184320122,17
1053499,9.841477300446485,8
1053512,9.720582821856151,13
1053520,9.835490910629,8
1053528,9.850069797001229,8
1053533,9.929678925625755,5
1053543,9.816013807842605,10
1053559,8.400542959647598,16
1053567,9.853234922688749,8
1053588,8.188563502483582,21
1053598,9.791400551937107,10
1053599,10.0,1
1053600,10.0,1
1053611,9.789419924574382,11
1053621,9.80043002116705,10
1053627,9.89812990404947,6
1053676,9.105830829216227,49
1053683,9.85594169122193,7
1053695,9.06907515245247,12
1053704,9.794694024558181,9
1053711,9.88786108414811,7
1053718,9.870133477569553,7
1053733,9.64914073727607,15
1053744,9.756687425544206,11
1053762,9.686138700848641,18
1053772,9.822909507029914,10
1053788,9.72838159767504,16
1053795,9.863964580090524,7
1053818,9.456449131121536,23
1053826,9.844636261905876,8
1053830,9.94819397477497,4
1053836,9.894421424715778,6
1053852,9.632972795801345,16
1053865,9.703629675631841,13
1053879,9.69702437707819,14
1053885,9.886059939891362,6
1053897,9.775063776399822,12
1053912,9.395698108301307,15
1053931,9.6007375200236,19
1053977,9.090960509552044,46
1053981,9.929988727545188,4
1053986,9.923432755551568,5
1054000,9.699820999087274,14
1054019,9.613442785849434,19
1054025,9.883762411057537,6
1054046,9.245332046322014,21
1054053,9.873475038889161,7
1054064,9.764046057487377,11
1054073,9.62364334527928,9
1054085,9.741188476069087,12
1054089,9.93919006560609,4
1054096,9.869017588381906,7
1054106,9.808665588834847,10
1054115,9.834710985317919,9
1054116,10.0,1
1054124,9.833773959789024,8
1054134,9.772007964760071,10
1054139,9.912401693066052,5
1054150,9.763257970430244,11
1054157,9.847986647312425,7
1054161,9.937449051541744,4
1054173,9.726028630861467,12
1054184,9.786521980508263,11
1054196,9.724011942306456,12
1054203,9.874035993399147,7
1054204,10.0,1
1054205,10.0,1
1054217,9.74015012399951,12
1054219,9.973454755010204,2
1054227,9.843458907432641,8
1054240,9.703814730390713,13
1054248,9.861673916051242,8
1054273,9.499604799088045,25
1054282,9.814375895043147,9
1054296,9.711321022379227,14
1054308,9.75145639875682,12
1054326,9.528507160932447,18
1054338,9.726753828077047,12
1054342,9.73106234809395,4
1054357,9.651098251331552,15
1054369,9.750149246683591,12
1054374,9.908719604083739,5
1054399,9.250924761262446,25
1054400,10.0,1
1054431,9.476652673612106,31
1054437,9.9187163866166,6
1054457,9.435286644412367,20
1054476,9.602959063962167,19
1054492,9.6893108123924,16
1054501,9.825271757691658,9
1054511,9.77429215062215,10
1054514,9.958284777047352,3
1054522,9.841686167611591,8
1054529,9.865284853011412,7
1054533,9.944469243418759,4
1054536,9.959343085670342,3
1054544,9.84209476425451,8
1054564,9.618665860905843,20
1054569,9.926058854361294,5
1054571,9.97615884798017,2
1054572,10.0,1
1054579,9.866210837913476,7
1054586,9.851366340446356,7
1054588,9.969490986275881,2
1054592,9.941909316649134,4
1054598,9.884047118016554,6
1054602,9.940320445233347,4
1054608,9.882295159971996,6
1054637,9.136923631826745,29
1054664,9.199840819120682,27
1054670,9.897663543660498,6
1054681,9.781891982919795,11
1054693,9.751392546723697,12
1054708,9.710057806918956,15
1054719,9.754528724359488,11
1054732,9.715465914300779,13
1054740,9.845765412009236,8
1054768,9.337884725651021,28
1054781,9.693695070607667,13
1054798,9.61352091498107,17
1054807,9.800982302098946,9
1054818,9.778042874058796,11
1054845,9.434058674268858,27
1054876,9.477477047430177,31
1054898,9.4571297631122,22
1054901,9.965027104690423,3
1054903,9.983491238836391,2
1054910,9.876692970337835,7
1054924,9.710237572697213,14
1054932,9.830736788134843,8
1054949,9.643518532475674,17
1054987,9.22230013503066,38
1054997,9.772132042798429,10
1055009,9.729980959020114,12
1055013,9.932139435577525,4
1055020,9.869178792846853,7
1055021,10.0,1
1055027,9.911734028916504,6
1055032,9.919745248211862,5
1055042,9.68038242120742,10
1055044,9.974859885164618,2
1055054,9.781652522192848,10
1055083,9.30395866045801,29
1055092,9.820297297866993,9
1055096,9.936848591277501,4
1055113,9.654649492131385,17
1055114,10.0,1
1055121,9.878171316377511,7
1055126,9.933141276465575,5
1055142,9.681492730755737,16
1055156,9.700531939941293,14
1055157,10.0,1
1055158,10.0,1
1055159,10.0,1
1055203,5.729891514486092,44
1055213,9.790507770556852,10
1055215,9.985091613072838,2
1055229,9.719216764023287,14
1055230,10.0,1
1055240,9.802397611942407,10
1055247,9.884841993823743,7
1055259,9.765607424472364,12
1055260,9.993107542344916,1
1055268,9.871656001878137,8
1055282,9.580084754187116,14
1055475,-64.51610795074293,193
1055484,9.823708841351024,9
1055495,9.777778396562278,11
1055507,9.77434575976355,12
1055512,9.914744709619733,5
1055530,9.683546178927779,18
1055549,9.555392434282751,19
1055563,9.728857243709847,14
1055578,7.312341053402275,15
1055591,9.71203421047472,13
1055612,9.572697109391237,21
1055620,9.823659784185406,8
1055621,10.0,1
1055627,9.890287554346678,6
1055642,9.662504420626242,15
1055654,9.762608725757623,12
1055655,10.0,1
1055658,9.958530350576673,3
1055659,10.0,1
1055770,7.976733474678076,111
1055776,9.782384941584567,6
1055777,9.992559325113692,1
1055799,7.711326483480814,22
1055814,9.728336345286259,15
1055815,10.0,1
1055822,9.864048349355986,7
1055833,9.76215141569196,11
1055836,9.954786450309829,3
1055849,9.743357839264931,13
1055862,9.6019484338748,13
1055880,9.637161670364938,18
1055882,9.979383242797491,2
1055883,10.0,1
1055906,9.400363722482565,23
1055917,9.767671480837791,11
1055927,9.785339565704346,10
1055947,9.497562030760918,20
1055956,9.823412005297559,9
1055961,9.919575263965038,5
1055993,9.37435235677817,32
1055999,9.88569095270451,6
1056026,9.34351642650598,27
1056049,9.535865831466221,23
1056060,9.760430874331007,11
1056087,9.14716926343933,27
1056088,10.0,1
1056126,9.182565591527588,38
1056130,9.938466598755664,4
1056147,9.592725871057906,17
1056162,9.67331249721059,15
1056168,9.896803827191759,6
1056180,9.735772665623843,12
1056190,9.793195196591657,10
1056196,9.900282258925753,6
1056208,9.74204667395416,12
1056227,9.536699308211944,19
1056235,9.85699232162477,8
1056239,9.932823516718736,4
1056248,9.823951254787048,9
1056256,9.844622064859339,8
1056264,9.836600143979137,8
1056279,9.385807179912176,15
1056288,9.725323024600385,9
1056304,9.692705805445328,16
1056325,9.529775186747873,21
1056336,9.762755846322074,11
1056337,9.99276114470529,1
1056348,9.745388008113432,11
1056373,9.08603363453628,25
1056385,9.751737124875685,12
1056390,9.817931561441158,5
1056404,9.709266765832826,14
1056415,9.753406137861692,11
1056422,9.862666328682181,7
1056431,9.829127186697827,9
1056440,9.834885136258531,9
1056441,10.0,1
1056456,9.686725098344217,15
1056468,9.723736707411476,12
1056482,9.59441522313689,14
1056489,9.892000357701097,7
1056502,9.73438732110435,13
1056531,9.419820684936445,29
1056544,9.776511708551666,13
1056557,9.78003941044309,13
1056562,9.913400326088205,5
1056575,9.714699644713605,13
1056576,10.0,1
1056620,9.063389325871704,44
1056640,9.493273302754124,20
1056650,9.786790504206204,10
1056682,9.43309770567439,32
1056693,9.75898810284484,11
1056697,9.941806556600364,4
1056722,9.500388330849779,25
1056740,9.66628264263891,18
1056750,9.808313899743094,10
1056762,9.755951980858207,12
1056770,9.83652993847476,8
1056792,9.562678802459775,22
1056795,9.964198598605826,3
1056807,9.76184248985987,12
1056814,9.872162159373582,7
1056818,9.941597248545627,4
1056823,9.906595339193473,5
1056839,9.616566343458063,16
1056848,9.852902296605246,9
1056851,9.9594688188222,3
1056874,9.47115073971109,23
1056881,9.879082140192835,7
1056920,9.038723492476509,39
1056943,9.399717505253543,23
1056952,9.811860430376115,9
1056953,10.0,1
1056964,9.806716598620374,11
1056971,9.649626275107195,7
1056973,9.974526323826511,2
1056987,9.000571082111126,14
1056998,9.77275032552944,11
1057024,9.493429596710651,26
1057036,9.747011818465268,12
1057043,9.89019590822835,7
1057057,9.69845290917892,14
1057077,9.588526122684529,20
1057078,10.0,1
1057091,9.798433906441693,13
1057105,9.66633267964373,14
1057119,9.748413953306942,14
1057132,9.703098698957804,13
1057146,9.737959750140886,14
1057159,9.482426897494996,13
1057171,9.76969825317071,12
1057174,9.956998607795738,3
1057188,9.696756171890653,14
1057195,9.883383925128701,7
1057209,9.61740245504858,14
1057210,10.0,1
1057212,9.972439491776509,2
1057237,9.385874714740192,25
1057261,9.515567639623022,24
1057275,9.751688040982119,14
1057299,9.376130688293717,24
1057312,9.724939679168852,13
1057313,10.0,1
1057332,9.549325977495764,19
1057343,9.747434092564204,11
1057357,9.737635523355616,14
1057366,9.806903403975177,9
1057377,9.781314754506402,11
1057378,10.0,1
1057389,9.788478727360763,11
1057430,8.583616506711545,41
1057439,9.847348003063372,9
1057444,9.893898753110689,5
1057450,9.882394686425918,6
1057451,10.0,1
1057464,9.722577582717513,13
1057476,9.7065242412998,12
1057490,9.707627624550858,14
1057508,9.66524608389005,18
1057515,9.86792479907207,7
1057535,9.546411809625113,20
1057536,9.989943778637297,1
1057537,10.0,1
1057541,9.929836899788103,4
1057565,8.557725336886651,24
1057601,9.274734115292416,36
1057618,9.622581811205725,17
1057628,9.712357285198937,10
1057629,10.0,1
1057645,9.484499754716342,16
1057674,9.429483460057973,29
1057685,9.751086231625303,11
1057697,9.767665535550629,12
1057704,9.88222197950853,7
1057719,9.642521709439139,15
1057729,9.796672300485469,10
1057738,9.798954784917226,9
1057755,9.659810475775613,17
1057756,10.0,1
1057764,9.849332797736567,8
1057796,9.135786424591704,32
1057806,9.828731591528562,10
1057819,9.73946898487834,13
1057834,8.42178023818996,15
1057876,9.07029782324416,42
1057885,9.843084899431448,9
1057900,9.68307406633377,15
1057910,9.770607416395038,10
1057917,9.869917426674837,7
1057972,8.973981524673441,55
1058013,9.116951506927824,41
1058025,9.73222502806863,12
1058036,9.832994399194167,11
1058045,9.807469656194096,9
1058060,9.621032267602581,15
1058162,8.179544116008062,102
1058175,9.712488038364187,13
1058178,9.960958883931406,3
1058188,9.800058417125106,10
1058189,9.988071784491128,1
1058205,9.653420356303167,16
1058223,9.654448942008212,18
1058229,9.900387229869665,6
1058244,9.38851965581739,15
1058256,9.782901636089068,12
1058259,9.968688356105849,3
1058293,9.326881816075629,34
1058302,9.83058090914115,9
1058307,9.921732366822857,5
1058308,9.992654015299843,1
1058316,9.837261306927417,8
1058331,9.69631739158214,15
1058338,9.870520732501225,7
1058347,9.855072684874836,9
1058353,9.905403956467449,6
1058372,9.509984999154764,19
1058373,10.0,1
1058384,9.763466700244718,11
1058390,9.893518057331452,6
1058397,9.881044936563535,7
1058425,9.424962768613568,28
1058437,9.732861793244002,12
1058445,9.87145623339946,8
1058448,9.96199047760693,3
1058473,9.43802863478441,25
1058474,10.0,1
1058476,9.978134247323627,2
1058483,9.878867446387977,7
1058488,9.918508652068,5
1058505,9.503672867894693,17
1058517,9.762091365032441,12
1058527,9.813303200134289,10
1058537,9.796632727047449,10
1058555,6.519740283757553,18
1058563,9.832810884877903,8
1058569,9.8949050121862,6
1058584,9.640181128430958,15
1058596,9.777051230360076,12
1058604,9.84450013782575,8
1058609,9.907425543358825,5
1058611,9.976815258434613,2
1058617,9.890136127607061,6
1058626,9.797648282381324,9
1058635,9.829996107229178,9
1058650,9.496324630178199,15
1058671,9.433339857432994,21
1058696,9.499663872443765,25
1058703,9.88158543974349,7
1058717,9.76599207857667,14
1058723,9.89350500420833,6
1058724,10.0,1
1058734,9.767083827125466,10
1058745,9.801342895733226,11
1058757,9.768654138282006,12
1058770,9.73225118488219,13
1058777,9.871385727840597,7
1058780,9.94382253553887,3
1058783,9.967686926875192,3
1058797,9.661268384330196,14
1058817,9.325690015012967,20
1058821,9.932172493731821,4
1058825,9.931997693521328,4
1058832,9.86735175308807,7
1058849,9.556411987941285,17
1058860,9.66957528114376,11
1058870,9.581496382212807,10
1058880,9.778947726689477,10
1058881,10.0,1
1058889,9.860737059327478,8
1058904,9.649598263124863,15
1058907,9.95634228716865,3
1058920,9.701986705509317,13
1058935,9.696837479627872,15
1058965,2.231686832346451,30
1058974,9.799617233732143,9
1058975,10.0,1
1058992,9.632497573289806,17
1059006,9.718206360321002,14
1059017,9.766994453003353,11
1059027,9.702649280221987,10
1059029,9.973414389444038,2
1059042,9.734900259304972,13
1059044,9.984488175442529,2
1059056,9.736967287936475,12
1059068,9.791636783852505,12
1059080,9.752188455194934,12
1059097,9.593100086558085,17
1059121,9.492727772116831,24
1059122,9.992883393155292,1
1059128,9.902485172551193,6
1059132,9.920940427287817,4
1059146,9.287545909080698,14
1059160,9.702388207698004,14
1059184,9.471322222475717,24
1059194,9.785687755459215,10
1059212,9.537168208881702,18
1059217,9.900702223264348,5
1059228,9.755916318340343,11
1059229,10.0,1
1059234,9.924210499299878,5
1059239,9.924186840910755,5
1059254,9.637937014102276,15
1059267,9.760049175252131,13
1059284,9.660998081375173,17
1059298,9.695166517205223,14
1059310,9.71473695615554,12
1059317,9.86028000927942,7
1059335,9.637347998326458,18
1059336,10.0,1
1059345,9.74870505007607,9
1059378,1.1998855413709943,33
1059397,9.5790976973597,19
1059436,9.299016015006522,39
1059454,9.618421010851693,18
1059455,10.0,1
1059471,9.71137566768324,16
1059477,9.910138980205206,6
1059484,9.902270757467765,7
1059486,9.976066004703213,2
1059497,9.813976780292041,11
1059498,10.0,1
1059516,9.633612704100843,18
1059533,9.63383288621656,17
1059535,9.972320635810913,2
1059537,9.98000865671421,2
1059550,9.723034015627405,13
1059569,9.615771198393468,19
1059576,9.883179613068915,7
1059585,9.801732753434893,9
1059599,9.695540979973197,14
1059602,9.95389210711647,3
1059605,9.962901125838247,3
1059613,9.664162001370462,8
1059631,9.535962431903148,18
1059653,9.533108533044565,22
1059659,9.895033891708856,6
1059673,9.706115117841305,14
1059698,9.187299513723616,25
1059704,9.895089505853976,6
1059716,9.660922765120606,12
1059739,9.431021090984236,23
1059748,9.796243643159682,9
1059763,9.719792040229388,15
1059774,9.757512733618972,11
1059778,9.940302964654146,4
1059788,9.772244212104045,10
1059798,9.807328680395095,10
1059807,9.849291412367625,9
1059823,9.715292455945052,16
1059834,9.74748054027728,11
1059836,9.978184021221919,2
1059854,9.615271585306802,18
1059861,9.868472131179773,7
1059863,9.978353472457762,2
1059904,8.115733109700626,41
1059909,9.902166966489544,5
1059927,9.641213668592755,18
1059949,9.495388690784196,22
1059986,8.695990821832547,37
1060000,9.694926961876384,14
1060001,10.0,1
1060019,9.570345135053364,18
1060021,9.977512432863254,2
1060029,9.850850574974189,8
1060039,9.79415686083734,10
1060057,9.613347907640662,18
1060158,8.080898600758271,101
1060167,9.849011820155813,9
1060173,9.892809025943667,6
1060175,9.975078213540753,2
1060185,9.834565503748943,10
1060440,3.06087390339058,255
1060452,9.805690473674169,12
1060591,7.376991189032748,139
1060597,9.896249670305558,6
1060633,9.232643031246154,36
1060639,9.892969073482726,6
1060640,10.0,1
1060662,9.555384471340911,22
1060677,9.697031310518334,15
1060684,9.88405729895694,7
1060692,9.581460040677586,8
1060710,9.495364156105849,18
1060711,10.0,1
1060725,9.47338185832563,14
1060739,9.757246427257021,14
1060795,8.763072952988905,56
1060809,9.681804552966467,14
1060824,9.662791441467382,15
1060825,10.0,1
1060842,9.641631465083583,17
1060859,9.577713683987765,17
1060868,9.81488791398912,9
1060881,9.705623137094436,13
1060890,9.802476132485598,9
1060907,9.679067871324095,17
1060919,9.759735585548967,12
1060927,9.868673987350665,8
1060940,9.70177362937804,13
1060947,9.887005951646271,7
1060948,10.0,1
1060957,9.816073571428062,9
1060958,10.0,1
1060979,9.556996312720553,21
1060991,9.745221641361107,12
1061005,9.709747645914124,14
1061058,8.869080499997583,53
1061067,9.846104170779345,9
1061068,10.0,1
1061071,9.956530871107141,3
1061072,10.0,1
1061083,9.776061684155914,11
1061104,9.629047280220544,21
1061110,9.91586754279848,6
1061119,9.841837206095,9
1061130,9.791233526683383,11
1061142,9.771769758836836,12
1061158,9.66018530042182,16
1061168,9.790832816324045,10
1061177,9.795642088669311,9
1061184,9.843953030613742,7
1061199,9.704583235152286,15
1061206,9.875433819975937,7
1061229,8.83246307113448,23
1061234,9.903181899638687,5
1061244,9.791528150919842,10
1061253,9.809404775553864,9
1061263,9.774468244328224,10
1061265,9.979855422974895,2
1061269,9.923772375431295,4
1061291,9.566754738840515,22
1061314,9.19667941440987,23
1061316,9.97193373960017,2
1061322,9.877639397325561,6
1061334,9.742354458458568,12
1061345,9.752473594173967,11
1061365,9.413285565455753,20
1061374,9.795644759619794,9
1061384,9.769928983465537,10
1061392,9.8299046406111,8
1061395,9.949647925449604,3
1061406,9.750178469220257,11
1061414,9.831396014014166,8
1061415,10.0,1
1061421,9.909821399375877,6
1061429,9.863646573946946,8
1061435,9.87393011778887,6
1061447,9.737954331808822,12
1061451,9.937649590544678,4
1061468,9.650330459336281,17
1061477,9.822652741083852,9
1061488,9.753716789068513,11
1061504,9.620518192168843,16
1061517,9.722284892562028,13
1061537,9.340788482582232,20
1061539,9.967139605616952,2
1061543,9.93025012933897,4
1061548,9.92721458285642,5
1061564,9.645460467345986,16
1061582,9.663634063130608,18
1061589,9.877894761745429,7
1061594,9.914524451552976,5
1061622,8.094943459941238,28
1061628,9.881876456548527,6
1061636,9.862944953168144,8
1061643,9.879807427423154,7
1061648,9.91094835449142,5
1061661,9.764843307360184,13
1061671,9.822392161200073,10
1061672,10.0,1
1061689,9.650705004348012,17
1061703,9.638308192968864,14
1061710,9.871411408100812,7
1061731,9.596458334972215,21
1061741,9.837497253511973,10
1061756,9.654480573514457,15
1061766,9.799421984799837,10
1061767,10.0,1
1061769,9.98321249210101,2
1061770,9.996081231649008,1
1061775,9.908392585424139,5
1061799,9.532034019851222,24
1061800,10.0,1
1061837,9.03838698194674,37
1061868,9.257912530541141,31
1061880,9.744957965342126,12
1061884,9.941761422698738,4
1061887,9.971578748494844,3
1061907,8.772579700774402,20
1061922,9.669965804296837,15
1061933,9.819023035495317,11
1061938,9.919837722876496,5
1061971,9.268887443799475,33
1061980,9.815976567615692,9
1061989,9.81098534644733,9
1062022,9.34300706404725,33
1062031,9.860401792019646,9
1062034,9.961341366695873,3
1062049,9.628095672886115,15
1062059,9.830465743953088,10
1062066,9.868916810893445,7
1062067,9.996768136357556,1
1062068,10.0,1
1062077,9.809737943266287,9
1062086,9.8188936597738,9
1062089,9.851399381941048,3
1062098,9.407204855210836,9
1062107,9.25788731051207,9
1062108,10.0,1
1062111,9.949276426698532,3
1062112,10.0,1
1062127,9.68127238619441,15
1062135,9.852454863065043,8
1062146,9.768062047503694,11
1062155,9.809091300579917,9
1062172,9.684397334356762,17
1062181,9.812925031042735,9
1062192,9.77192799814382,11
1062206,9.710778318062596,14
1062230,9.452533226523958,24
1062235,9.932299948405262,5
1062236,10.0,1
1062253,9.39701322787329,17
1062254,10.0,1
1062261,9.868946149914196,7
1062302,8.809512928837242,41
1062305,9.966728597166503,3
1062325,9.661205939060526,20
1062337,9.713069012427631,12
1062362,9.49734523199462,25
1062363,10.0,1
1062576,4.844574585342977,213
1062577,10.0,1
1062623,8.754150801997296,46
1062634,9.788498945228234,11
1062635,10.0,1
1062650,9.716223171898797,15
1062655,9.907381321013506,5
1062662,9.885011956286778,7
1062677,9.696411069898518,15
1062715,9.291115697736409,38
1062735,9.529466225639053,20
1062753,9.68132174144133,18
1063019,2.0558825651394006,266
1063031,9.743382308323188,12
1063042,9.757349743765365,11
1063050,9.877488647752498,8
1063057,9.875255421293994,7
1063061,9.936993996267738,4
1063068,9.86325793034676,7
1063077,9.814852386415728,9
1063087,9.828944966817462,10
1063101,9.718583761796163,14
1063107,9.893790551894059,6
1063120,9.716903971037128,13
1063126,9.866131734990345,6
1063170,8.597429541174364,44
1063195,9.524806598960769,25
1063212,9.619668677327056,17
1063224,9.758237686458369,12
1063236,9.720805308174452,12
1063246,9.780090715339796,10
1063255,9.82732245233367,9
1063256,10.0,1
1063261,9.907205709880195,5
1063298,9.211384972341202,37
1063338,8.892454352081703,40
1063361,9.492829887274592,23
1063379,9.662514004047548,18
1063386,9.88129835911296,7
1063394,9.857786254914922,8
1063396,9.982110978307961,2
1063397,10.0,1
1063405,9.84546616279283,8
1063415,9.778944422871488,10
1063433,9.613937273751613,18
1063440,9.869873477399295,7
1063441,10.0,1
1063454,9.785154240394316,13
1063460,9.90181872198478,6
1063473,9.53027649840705,13
1063484,9.762906803189452,11
1063493,9.824598516707702,9
1063506,9.737298419124588,13
1063516,9.819929655344213,10
1063521,9.899517698913266,5
1063526,9.911059881403766,5
1063539,9.769478959595068,13
1063550,9.789684526091577,11
1063564,9.734924015802344,14
1063576,9.777178562954408,12
1063580,9.937643999308982,4
1063582,9.979321779026574,2
1063587,9.93243115098679,5
1063589,9.9805671492919,2
1063592,9.950695529181385,3
1063598,9.907551521926477,6
1063611,9.714900036103783,13
1063622,9.761706014865705,11
1063623,10.0,1
1063630,9.857327919808007,7
1063658,9.455849955862881,28
1063675,9.612961527392885,17
1063684,9.800391808771778,9
1063709,9.462715098220775,25
1063716,9.862274513980987,7
1063729,9.743804170325227,13
1063739,9.818815232861105,10
1063758,9.594900541428565,19
1063764,9.880786913358277,6
1063765,10.0,1
1063778,9.769658927117389,13
1063786,9.848034550763975,8
1063787,10.0,1
1063798,9.796976823528917,11
1063812,9.697429963557106,14
1063827,9.663808380293895,15
1063832,9.927091917913643,5
1063838,9.89851767027249,6
1063849,9.747875714081124,11
1063858,9.823110414000665,9
1063866,9.870958390247843,8
1063867,10.0,1
1063871,9.939248807326875,4
1063884,9.637820994524384,13
1063890,9.908108117063414,6
1063901,9.733777237334982,11
1063911,9.790285881842545,10
1063929,9.54173348663358,18
1063943,9.728135257501389,14
1064040,5.451826861193833,97
1064048,9.867305836732807,8
1064060,9.809954080152089,12
1064063,9.95643843331846,3
1064070,9.876663195210725,7
1064081,9.756115885976875,11
1064091,9.833209204544433,10
1064098,9.88090045495614,7
1064104,9.902658867432585,6
1064128,9.58156483743662,24
1064141,9.727713731331294,13
1064146,9.925839907579439,5
1064154,9.86358555420241,8
1064164,9.777299100111309,10
1064173,9.82357657469511,9
1064174,10.0,1
1064184,9.776121849867753,10
1064196,9.75152890517967,12
1064203,9.86296468815485,7
1064211,9.86524475220422,8
1064216,9.922109357657591,5
1064230,9.758723405175704,14
1064238,9.85131772619416,8
1064254,9.067427221618361,16
1064259,9.934665996092958,5
1064272,9.73267597172242,13
1064288,9.705815975065764,16
1064325,9.300138199523854,37
1064339,9.722680097028302,14
1064347,9.860592247201964,8
1064351,9.929901912235641,4
1064366,9.690080346857611,15
1064385,9.649041080334271,19
1064397,9.726596934253383,12
1064427,9.372626403568582,30
1064446,9.66472679073455,19
1064447,10.0,1
1064458,9.58664446816402,11
1064477,9.617893320230607,19
1064485,9.84297471753166,8
1064506,9.51790805636567,21
1064519,9.475573459651498,13
1064520,10.0,1
1064531,9.737334045068296,11
1064532,9.99665713861411,1
1064548,9.630917346027873,16
1064560,9.758236651677871,12
1064586,9.502570800939553,26
1064597,9.771286880327267,11
1064607,9.82013357959329,10
1064610,9.953335377632406,3
1064618,9.857138633797213,8
1064630,9.655916923415754,12
1064640,9.787983583217702,10
1064645,9.94367166148677,5
1064661,9.605921439639847,16
1064678,9.575674182838428,17
1064686,9.569278813584376,8
1064701,9.660239170323221,15
1064709,9.831195422141526,8
1064730,9.522196362030868,21
1064744,9.708832818991059,14
1064746,9.977236811883497,2
1064757,9.777937694404322,11
1064774,9.604341405370391,17
1064782,9.828476224721511,8
1064791,9.741069250894247,9
1064807,9.65037836441962,16
1064820,9.755550653415565,13
1064832,9.812266866769168,12
1064833,9.992418509093861,1
1064851,9.683870636602759,18
1064862,9.563385736732487,11
1064882,9.505262476729584,20
1064883,9.992607751417871,1
1064902,9.564954212894872,19
1064903,10.0,1
1064912,9.81862881445456,9
1064917,9.926560818312568,5
1064934,9.40669547700956,17
1064944,9.79015866616751,10
1064967,9.408454211851305,23
1064990,8.959720981646813,23
1064993,9.963145109652272,3
1065013,9.61395883978459,20
1065028,9.70630348311289,15
1065032,9.940180339889835,4
1065033,10.0,1
1065044,9.756107196820029,11
1065049,9.913595902445884,5
1065061,9.7860339989101,12
1065073,9.741449880660177,12
1065083,9.798507379684876,10
1065109,7.518101646421357,26
1065128,9.51978911056515,19
1065132,9.9310744853126,4
1065134,9.9819357468328,2
1065139,9.925498313519228,5
1065140,10.0,1
1065152,9.734645625079184,12
1065171,9.533405264601083,19
1065189,9.631143470583106,18
1065197,9.857192762479453,8
1065214,9.614688388450311,17
1065215,9.989459059043872,1
1065228,9.737489951060196,13
1065241,9.730361983140467,13
1065252,9.791466137143441,11
1065258,9.891545850468315,6
1065268,9.81726345324701,10
1065278,9.77974833186314,10
1065293,9.66140709690453,15
1065294,10.0,1
1065306,9.740492149918714,12
1065307,10.0,1
1065309,9.97301464531361,2
1065323,9.67590654222958,14
1065352,9.48855466806017,29
1065373,9.590134468235428,21
1065409,9.184409326155645,36
1065417,9.82760141903332,8
1065434,9.639386883001023,17
1065451,9.582217856798573,17
1065459,9.847861339343725,8
1065477,9.655969447582534,18
1065484,9.690167566747972,7
1065497,9.705821279521581,13
1065501,9.924305272261009,4
1065518,9.5350185216797,17
1065532,9.721116291914424,14
1065539,9.884550101317922,7
1065553,9.747088074857876,14
1065559,9.89676363200801,6
1065571,9.751154818651596,12
1065583,9.760126973884281,12
1065595,9.745191108991104,12
1065605,9.77873618600725,10
1065611,9.882676686372564,6
1065627,9.728322351461625,16
1065645,9.217725310910588,18
1065646,10.0,1
1065647,10.0,1
1065656,9.806329918392311,9
1065671,9.652137892752089,15
1065687,9.625422984784896,16
1065690,9.951907495726273,3
1065700,9.805209938608606,10
1065714,9.6543632398494,14
1065729,9.655804057687993,15
1065736,9.896760319460192,7
1065751,9.665558657550243,15
1065760,9.860172785431134,9
1065768,9.86200765556999,8
1065775,9.899454669036466,7
1065786,9.768355040877571,11
1065797,9.777050484792316,11
1065809,9.794515398379376,12
1065819,9.7721580946312,10
1066319,-13.480014394341062,500
1066320,10.0,1
1066351,9.3100465331167,31
1066360,9.852870428210224,9
1066368,9.88611207078602,8
1066385,9.628143837533221,17
1066397,9.750648028248568,12
1066423,9.510119931649008,26
1066430,9.895710297177148,7
1066443,9.618814561115595,13
1066452,9.82198583763532,9
1066460,9.844036262858095,8
1066478,9.629171198374214,18
1066488,9.773319897502741,10
1066514,9.380651648091229,26
1066518,9.935458445065942,4
1066528,9.801840301957121,10
1066542,9.689057972169348,14
1066553,9.741416932347848,11
1066563,9.803182750888197,10
1066567,9.946013786864846,4
1066576,9.825913329257677,9
1066586,9.796714474664656,10
1066601,9.626071547247436,15
1066612,9.739646120408166,11
1066620,9.864000604717125,8
1066621,10.0,1
1066668,9.07611362034614,47
1066676,9.826328194304766,8
1066677,10.0,1
1066687,9.805389681929734,10
1066697,9.761887059034466,10
1066704,9.86835863068321,7
1066715,9.657429152657127,11
1066728,9.747408109756874,13
1066737,9.80934568146538,9
1066751,9.734115474326638,14
1066782,9.285437553523375,31
1066794,9.747684765023815,12
1066802,9.850598909413895,8
1066825,9.49565399955539,23
1066840,9.647685222913173,15
1066854,9.697520055814698,14
1066863,9.809028368944107,9
1066878,9.714455412618594,15
1066884,9.919214692987445,6
1066900,9.654778490258256,16
1066911,9.820510352191194,11
1066926,9.422543601550368,15
1066938,9.128183057250064,12
1066952,9.66781748912576,14
1066955,9.952618260013619,3
1066965,9.789914358868074,10
1066971,9.890685822168853,6
1067001,9.35814316574066,30
1067014,9.708388973952085,13
1067020,9.904865682935364,6
1067032,9.662333900394525,12
1067043,9.786914185060583,11
1067055,9.72346724200789,12
1067065,9.801546786262332,10
1067078,9.75351508244803,13
1067091,9.703330099603003,13
1067104,9.696449033735338,13
1067115,9.754662188810535,11
1067124,9.77607357138785,9
1067129,9.913476396754458,5
1067146,9.664965884511217,17
1067158,9.738490780345916,12
1067163,9.91501520693091,5
1067179,9.686599659339247,16
1067203,9.495173428210164,24
1067213,9.803663057254985,10
1067225,9.72239649509434,12
1067226,10.0,1
1067239,9.762149018818562,13
1067255,9.7505939177598,16
1067259,9.94975092010171,4
1067266,9.863109383498152,7
1067276,9.800140732686117,10
1067284,9.835620180556806,8
1067295,9.47697132876018,11
1067297,9.973516958814589,2
1067306,9.80052387775701,9
1067312,9.897314544983601,6
1067318,9.923985216049408,6
1067330,9.73443462036024,12
1067336,9.906712334050411,6
1067346,9.809662406328782,10
1067347,10.0,1
1067348,10.0,1
1067371,9.53871075730666,23
1067383,9.733458970263957,12
1067392,9.816100456966709,9
1067395,9.943049744142417,3
1067421,9.258101615479946,26
1067443,9.532456130351914,22
1067449,9.893794559523533,6
1067450,10.0,1
1067453,9.854679788489262,3
1067462,9.812372498843112,9
1067471,9.797916851002023,9
1067484,9.728075489786635,13
1067490,9.903267037149726,6
1067495,9.927007161713194,5
1067499,9.926494980889437,4
1067506,9.860600199464985,7
1067507,9.987564312528628,1
1067510,9.961325856076712,3
1067527,9.616063030487208,17
1067549,9.490534901176847,22
1067572,9.428697339413683,23
1067573,10.0,1
1067574,10.0,1
1067582,9.84752407127738,8
1067600,9.617265092451426,18
1067615,9.659785088403583,15
1067629,9.699912887756275,14
1067635,9.887142557495883,6
1067636,9.989433481041873,1
1067645,9.808448586592393,9
1067650,9.936708443096116,5
1067658,9.822322221698181,8
1067661,9.964295354239038,3
1067678,9.50674610053883,17
1067679,9.988190315209078,1
1067686,9.863233913051761,7
1067691,9.912796739918026,5
1067699,9.861347671118775,8
1067728,9.232589709622136,29
1067743,9.735777326137784,15
1067751,9.85753683951425,8
1067771,9.389324177075775,20
1067784,9.730386417152744,13
1067807,9.482924737763396,23
1067833,9.549136682747607,26
1067841,9.828170687760808,8
1067864,9.585679164318027,23
1067879,9.65488681077312,15
1067890,9.78356457747383,11
1067905,9.561119124193308,15
1067922,9.636093763722553,17
1067950,9.28119887045918,28
1067965,9.696157042990224,15
1067971,9.904176962855745,6
1067972,10.0,1
1068005,9.321167699969198,33
1068029,9.604850265616195,24
1068034,9.917775319682612,5
1068046,9.70576761370551,12
1068059,9.703292991544838,13
1068064,9.925787018759088,5
1068068,9.944432100083272,4
1068084,9.643787889769076,16
1068096,9.731807009915029,12
1068106,9.769524141491448,10
1068116,9.792258346646502,10
1068119,9.959477589464722,3
1068127,9.837482203925648,8
1068137,9.830838686072259,10
1068143,9.889378512788753,6
1068159,9.611850001496771,16
1068174,9.69780894459431,15
1068186,9.777709225852208,12
1068200,9.39893263905903,14
1068214,9.722571202647071,14
1068252,9.296545173893701,38
1068258,9.902867508864144,6
1068267,9.837948327171983,9
1068277,9.786539520095262,10
1068288,9.793413849371808,11
1068293,9.907890949200336,5
1068305,9.709405843794114,12
1068317,9.785070052676721,12
1068318,10.0,1
1068327,9.81401639294246,9
1068333,9.907398913808278,6
1068343,9.814701046906357,10
1068357,9.773924314958906,14
1068362,9.917756489532524,5
1068372,9.76496999090163,10
1068377,9.924500154329094,5
1068386,9.825563249680629,9
1068396,9.828023162270854,10
1068478,8.344044501983022,82
1068479,10.0,1
1068484,9.919261323478858,5
1068498,9.386757710100042,14
1068505,9.864883266391637,7
1068511,9.904002425101979,6
1068532,9.526165156542469,21
1068536,9.947764287455637,4
1068543,9.847245075310596,7
1068553,9.814434118453544,10
1068570,9.673366258276713,17
1068676,6.795213427497837,106
1068702,9.326441001802369,26
1068713,9.758280009662267,11
1068736,9.524504810695566,23
1068752,9.678427197592294,16
1068764,9.757892235660671,12
1068769,9.912294003485169,5
1068801,9.402864011934156,32
1068832,8.91032785106011,31
1068838,9.893740410596584,6
1068855,9.616136114326228,17
1068897,9.145304231680544,42
1068914,9.613639226142585,17
1068928,9.704713760848305,14
1068938,9.821041467797947,10
1068949,9.79573807054741,11
1068955,9.905656587481095,6
1068967,9.75836922313902,12
1068974,9.85472683845459,7
1068996,9.533631176505212,22
1069000,9.956558369207738,4
1069011,9.772500801722197,11
1069037,9.578022857067127,26
1069042,9.929714080109731,5
1069058,9.72467927007508,16
1069061,9.96663767707186,3
1069561,-11.69585227789425,500
1069562,9.99356267941447,1
1070062,-14.792360749698478,500
1070562,-99.96003566965075,500
1070567,9.92219223405481,5
1070608,9.122260497092496,41
1071108,-43.594529895166076,500
1071116,9.836910952254435,8
1071133,9.61654970186768,17
1071148,9.549994876780698,15
1071150,9.976580130518633,2
1071162,9.799486496531848,12
1071174,9.732028427683403,12
1071175,10.0,1
1071181,9.894478426529838,6
1071202,9.010655836672923,21
1071211,9.83733686462331,9
1071226,9.650038259971101,15
1071235,9.837987144912036,9
1071239,9.936672605647608,4
1071241,9.972304669341828,2
1071267,9.325198074882076,26
1071276,9.82248055936291,9
1071282,9.900365214428769,6
1071290,9.873403404360994,8
1071302,9.557841210204904,12
1071312,9.784844932345695,10
1071317,9.91811446414668,5
1071332,9.691002885565645,15
1071341,9.836589203167119,9
1071342,9.992180674028766,1
1071351,9.836734786309957,9
1071355,9.940300627559775,4
1071370,9.707030943164856,15
1071375,9.930209142121354,5
1071382,9.878742610495479,7
1071393,9.76179725006144,11
1071407,9.669989773391796,14
1071415,9.84382287604295,8
1071423,9.87691121846565,8
1071430,9.904879969136772,7
1071435,9.908233117894548,5
1071450,9.643297877733492,15
1071465,9.681018100730022,15
1071480,9.647806202152562,15
1071481,10.0,1
1071505,9.591928660078455,24
1071506,10.0,1
1071517,9.753906205330468,11
1071521,9.953027499153048,4
1071536,9.555218292060866,15
1071544,9.83884265499584,8
1071557,9.643947070876056,13
1071566,9.833489119344673,9
1071577,9.771601746587384,11
1071583,9.91003881727859,6
1071593,9.810394840156075,10
1071594,9.99626463110675,1
1071605,9.766267357312909,11
1071618,9.70684261503798,13
1071626,9.540076300105223,8
1071640,9.67192070112312,14
1071642,9.984180707263555,2
1071666,9.507327536917114,24
1071712,8.123670699571939,46
1071725,9.713791139460385,13
1071739,9.746621850326331,14
1071746,9.87097109463141,7
1071761,9.630117719712855,15
1071771,9.76797688899239,10
1071799,9.136353598414463,28
1071809,9.792868256251117,10
1071815,9.897896273453853,6
1071826,9.778577303640876,11
1071840,9.704604391100366,14
1071850,9.786510490199511,10
1071861,9.826596002261978,11
1071879,9.569912439063398,18
1071884,9.906604888447019,5
1071893,9.734210301744822,9
1071903,9.534004085081751,10
1071904,10.0,1
1071918,9.712554894449791,14
1071925,9.875986484471193,7
1071983,8.777629486884733,58
1071993,9.823432080647724,10
1071995,9.97633301098619,2
1071998,9.955007612819808,3
1071999,10.0,1
1072008,9.829102737711619,9
1072019,9.776344648304343,11
1072031,9.78311087997785,12
1072044,9.759703293918237,13
1072045,10.0,1
1072059,9.74374252520456,14
1072402,-1.6955640702045969,343
1072415,9.771706869146994,13
1072449,9.135641973327527,34
1072466,9.62148159356077,17
1072474,9.84408319514177,8
1072480,9.88220860873767,6
1072489,9.826630616407705,9
1072502,9.69628142049607,13
1072515,9.763136609639961,13
1072540,9.535724306749724,25
1072552,9.74626489560332,12
1072570,9.592058623717737,18
1072606,9.308892851586672,36
1072611,9.930392947566686,5
1072618,9.865795257932936,7
1072628,9.784847270985466,10
1072645,9.62277224919947,17
1072657,9.759749895217412,12
1072673,9.452775049716763,16
1072683,9.78481075134485,10
1072688,9.921515115373007,5
1072696,9.839138783682253,8
1072715,9.622436174086326,19
1072725,9.809985188620942,10
1072726,10.0,1
1072748,9.587641312398576,22
1072752,9.943905208152671,4
1072766,9.671771393610243,14
1072775,9.809358717415263,9
1072778,9.964214263773599,3
1072795,9.254409975220504,17
1072796,10.0,1
1072807,9.788508768533402,11
1072820,9.747283580895829,13
1072828,9.87469073329571,8
1072837,9.850623834340492,9
1072866,3.98173578558122,29
1072880,9.692262189448972,14
1072889,9.805639988478532,9
1072904,9.664499423469463,15
1072906,9.98345373044527,2
1072907,10.0,1
1072908,9.98742366908523,1
1072909,10.0,1
1072917,9.867203402251272,8
1072931,9.48414123798332,14
1072936,9.93948399760726,5
1072943,9.891787335398169,7
1073055,7.988639811628225,112
1073064,9.831714067668589,9
1073086,9.541894570825384,22
1073087,10.0,1
1073088,9.996416985084585,1
1073089,10.0,1
1073103,9.721743350964944,14
1073117,9.580472258973922,14
1073118,10.0,1
1073132,9.696998779162165,14
1073144,9.790282754688096,12
1073154,9.805623551931022,10
1073167,9.7133548205521,13
1073168,10.0,1
1073474,-8.348906480226221,306
1073482,9.860069128507417,8
1073505,9.517888451898584,23
1073517,9.758110118330148,12
1073518,10.0,1
1073519,10.0,1
1073521,9.977212061871546,2
1073524,9.964188418612968,3
1073531,9.881511367127356,7
1073532,10.0,1
1073549,9.629829108155102,17
1073580,8.96980897530932,31
1073602,9.528196564970296,22
1073608,9.89050474509296,6
1073620,9.74230500878464,12
1073622,9.976522679154339,2
1073626,9.938144096628834,4
1073641,9.465721448095433,15
1073645,9.946028735287145,4
1073657,9.719081116963169,12
1073658,10.0,1
1073667,9.81744751260385,9
1073668,10.0,1
1073680,9.773558595568554,12
1073681,10.0,1
1073687,9.893914579505536,6
1073698,9.755916011624446,11
1073699,10.0,1
1073718,9.631137480141478,19
1073732,9.745169486867095,14
1073733,9.996506878877563,1
1073742,9.82975071026211,9
1073753,9.773329225261795,11
1073771,9.584745403426092,18
1073777,9.899279658178024,6
1073782,9.919968506052292,5
1073792,9.805859791155227,10
1073801,9.805968531613868,9
1073810,9.818642195227174,9
1073833,9.32482151193027,23
1073850,9.63081555787721,17
1073866,9.691438882070626,16
1073882,9.537841429409259,16
1073890,9.855234931167884,8
1073905,9.680853466984644,15
1073915,9.793875260795058,10
1073926,9.752240489804073,11
1073941,9.726622324582834,15
1073942,9.996269284896584,1
1073949,9.865482079708153,7
1073950,10.0,1
1073951,10.0,1
1073964,9.747590656470258,13
1073969,9.913195286629765,5
1073993,9.427266627166807,24
1073994,9.98896120396043,1
1074006,9.73057903557563,12
1074010,9.941406364180352,4
1074023,9.71795720726268,13
1074032,9.794040620902349,9
1074045,9.735436233308803,13
1074061,9.711795332798655,16
1074074,9.697746933402584,13
1074086,9.757367529936941,12
1074087,10.0,1
1074088,10.0,1
1074091,9.954599312269577,3
1074096,9.915279053554826,5
1074109,9.725036596317786,13
1074117,9.82769858305007,8
1074128,9.775928645999374,11
1074140,9.731275605020361,12
1074147,9.874439003130421,7
1074150,9.95886985217065,3
1074163,9.748896318628844,13
1074165,9.980006495846094,2
1074193,9.171094739745552,28
1074201,9.836027277120662,8
1074212,9.756932342087794,11
1074215,9.94956496259,3
1074225,9.774387432878138,10
1074235,9.78383684518572,10
1074248,9.655650235542128,13
1074253,9.918980608437977,5
1074260,9.901664614453468,7
1074276,9.60762024973269,16
1074286,9.799914416038387,10
1074298,9.721095786359248,12
1074311,9.667330975443118,13
1074312,10.0,1
1074338,9.29863705406419,26
1074342,9.934482618870204,4
1074359,9.439978566863871,17
1074367,9.821542606226778,8
1074380,9.703742485509562,13
1074390,9.81900861750229,10
1074400,9.809857204306788,10
1074415,9.704019979978968,15
1074425,9.798293135970015,10
1074435,9.808562032134779,10
1074445,9.79194542138514,10
1074516,4.931044307594142,71
1074517,10.0,1
1074524,9.884720004229012,7
1074540,9.659704233555603,16
1074550,9.776145805173549,10
1074561,9.766938000082227,11
1074573,9.733442514283626,12
1074647,8.463087767757674,74
1074656,9.811321056667273,9
1074665,9.85357654763385,9
1074671,9.898049932598862,6
1074676,9.913771906199484,5
1074677,9.996644788843376,1
1074687,9.698733229382322,10
1074726,9.265666933124963,39
1074742,9.488977572106904,16
1074751,9.8132131261413,9
1074764,9.703126131445044,13
1074771,9.893155036696418,7
1074785,9.694486065707107,14
1074786,10.0,1
1074791,9.915317907805298,5
1074792,10.0,1
1074807,9.673522166194775,15
1074808,9.992899766859136,1
1074820,9.751697994018427,12
1074833,9.716026242586798,13
1074834,10.0,1
1074844,9.795480687984204,10
1074862,9.648711556265857,18
1074868,9.889154292862793,6
1074869,10.0,1
1074877,9.837936622741625,8
1074878,9.996252482872265,1
1074881,9.967571994144091,3
1074897,9.6384531805256,16
1074898,10.0,1
1074902,9.930321167793588,4
1074906,9.941501977598769,4
1074912,9.874645477970308,6
1074923,9.787583870845266,11
1074927,9.94601277879378,4
1074935,9.857431701740895,8
1074944,9.825495326725873,9
1074952,9.828169088353798,8
1074975,9.524908940193752,23
1074978,9.860313739050635,3
1075002,9.510402102097137,24
1075014,9.806088808053033,12
1075025,9.808283135417533,11
1075028,9.959514686536178,3
1075053,9.524483711340677,25
1075068,9.678647323407697,15
1075074,9.916409260239211,6
1075083,9.81789503775782,9
1075091,9.829446100137941,8
1075103,9.759445804880988,12
1075120,9.664821375062328,17
1075130,9.775001412806768,10
1075141,9.76981664617645,11
1075152,9.76347154009204,11
1075159,9.854936444253337,7
1075170,9.765198658169885,11
1075181,9.822722687894009,11
1075185,9.925648693883259,4
1075243,8.816211631187127,58
1075259,9.64623487474083,16
1075263,9.939592627939252,4
1075268,9.904932796528126,5
1075280,9.760401752868257,12
1075293,9.75873632653438,13
1075299,9.897202541000418,6
1075310,9.749095955604659,11
1075321,9.605282082126754,11
1075337,9.669801765871188,16
1075341,9.953701567963897,4
1075350,9.796857558376255,9
1075370,9.251901146614943,20
1075383,9.79478378491467,13
1075398,9.629312239142976,15
1075406,9.849274586607345,8
1075407,10.0,1
1075424,9.598819329132137,17
1075431,9.863855389213958,7
1075436,9.90173202329242,5
1075451,9.700077939125915,15
1075452,10.0,1
1075457,9.907421887377783,5
1075506,8.469445388793385,49
1075521,9.673037196100823,15
1075540,9.204571393356943,19
1075551,9.756630992174872,11
1075575,9.456574997289316,24
1075585,9.765328957055258,10
1075599,9.68254212172141,14
1075616,9.647671050810722,17
1075617,10.0,1
1075628,9.782745032741776,11
1075634,9.902103483344277,6
1075645,9.74131785060629,11
1075673,8.770286190342912,28
1075681,9.850762437358899,8
1075696,9.671402905444676,15
1075700,9.934400555784846,4
1075724,9.25050938979593,24
1075725,10.0,1
1075733,9.82691326814076,8
1075744,9.74704339196331,11
1075757,9.732365005038037,13
1075768,9.821583254518266,11
1075777,9.820520342383686,9
1075785,9.84269586207251,8
1075788,9.963326821103424,3
1075804,9.655296823239219,16
1075820,9.66123120064753,16
1075829,9.813671623247142,9
1075846,9.61510455368459,17
1075853,9.849292532543465,7
1075865,9.74281379382396,12
1075886,9.494948150330865,21
1075888,9.976702536516788,2
1075898,9.62740726356088,10
1075917,8.711809440874791,19
1075947,9.467150811062481,30
1075948,10.0,1
1075963,9.70069691218885,15
1075981,9.642596287693403,18
1075984,9.964127998326493,3
1075995,9.75383772889782,11
1076010,9.648611350156866,15
1076023,9.723514831314503,13
1076041,9.623544710549197,18
1076050,9.838200303572805,9
1076061,9.759578252088911,11
1076078,9.578465003730892,17
1076089,9.774335464253499,11
1076109,9.593715409936932,20
1076110,10.0,1
1076122,9.768630330444614,12
1076132,9.808263422157514,10
1076141,9.830788960549759,9
1076155,9.719697676311572,14
1076178,9.477104800438243,23
1076186,9.839235917579362,8
1076190,9.830621188159336,4
1076206,9.469216130352121,16
1076210,9.947571582416481,4
1076227,9.636832487704478,17
1076235,9.878699089719632,8
1076247,9.801424771863537,12
1076248,10.0,1
1076260,9.801026481268348,12
1076266,9.897790672245176,6
1076280,9.517734811168891,14
1076302,9.574834673652413,22
1076303,9.996204254779757,1
1076313,9.814999484681985,10
1076317,9.944074557009646,4
1076329,9.758785912768818,12
1076335,9.889100466399844,6
1076337,9.973555325538264,2
1076338,9.995953886014819,1
1076355,9.653993064347777,17
1076368,9.76271341742785,13
1076369,10.0,1
1076370,10.0,1
1076377,9.853236923509897,7
1076383,9.908200648687664,6
1076395,9.715843747154588,12
1076409,9.635461592023795,14
1076410,10.0,1
1076424,9.688719858132252,14
1076451,9.484511232128172,27
1076454,9.969174669453842,3
1076460,9.89141300585929,6
1076478,9.60171314884709,18
1076487,9.849919725631253,9
1076496,9.826415620339759,9
1076505,9.813798394806032,9
1076517,9.634205499635334,12
1076534,9.594049305348012,17
1076536,9.986151230092304,2
1076549,9.722482742015265,13
1076557,9.839400316963806,8
1076562,9.926549211507647,5
1076566,9.949610660340701,4
1076578,9.775967416263759,12
1076588,9.82010799788909,10
1076597,9.811232394586842,9
1076620,9.524874804349828,23
1076650,9.189883587585399,30
1076909,5.115367811503973,259
1076920,9.785454931749896,11
1076937,9.713526486885373,17
1076954,9.60343101119275,17
1076984,9.42885073509362,30
1076999,9.655579630417265,15
1077013,9.735543870399619,14
1077024,9.762703758399729,11
1077039,9.693693837907428,15
1077054,9.661209942144785,15
1077059,9.90828982300761,5
1077070,9.800913543093582,11
1077081,9.797892154379248,11
1077096,9.639402979297465,15
1077105,9.809958550846963,9
1077126,9.493970331679195,21
1077145,9.563632831930551,19
1077149,9.944768006671493,4
1077157,9.853430135412326,8
1077168,9.788877935024548,11
1077169,9.996431899787892,1
1077182,9.759360313048251,13
1077195,9.716396617109538,13
1077201,9.705272390565545,6
1077208,9.879885912849051,7
1077217,9.811444567030126,9
1077224,9.848455051483443,7
1077232,9.84155813106578,8
1077233,10.0,1
1077234,9.996564901471361,1
1077245,9.751097423087819,11
1077247,9.97459989414679,2
1077249,9.973286543794899,2
1077257,9.863817853093357,8
1077267,9.811697304083488,10
1077282,9.648281120972552,15
1077291,9.830170444545704,9
1077300,9.86012764585158,9
1077319,9.520000971596374,19
1077326,9.850249709697453,7
1077334,9.837935506628407,8
1077356,6.4915246509168245,22
1077367,9.820013864600327,11
1077376,9.809361449666504,9
1077383,9.847864239119085,7
1077390,9.865241600187797,7
1077401,9.755457411655629,11
1077413,9.718314474912452,12
1077423,9.80023830896746,10
1077437,9.661388651812322,14
1077451,9.73606275353232,14
1077456,9.917906267344433,5
1077460,9.942593260553654,4
1077470,9.832163172354354,10
1077488,9.682098706278154,18
1077497,9.795739008510159,9
1077515,9.541840866481193,18
1077520,9.930748985116274,5
1077534,9.691177723926945,14
1077637,8.17390417979737,103
1077643,9.914783603091358,6
1077670,9.453484358501038,27
1077745,8.413067875092874,75
1077750,9.934878631226587,5
1078020,5.132582119964027,270
1078042,9.50293622064357,22
1078065,9.566921904350552,23
1078066,10.0,1
1078566,-18.656721163491785,500
1078570,9.937238609050983,4
1078577,9.871480268884353,7
1078600,9.544692559229068,23
1078601,10.0,1
1078613,9.680852221041357,12
1078627,9.736811549946976,14
1078644,9.619734168717809,17
1078650,9.89216764840378,6
1078660,9.780097278810032,10
1078685,9.510371231172781,25
1078692,9.882543428600965,7
1078706,9.688620545129776,14
1078727,9.559462284779313,21
1078731,9.941236602672921,4
1078745,9.696318945832145,14
1078754,9.819809057849726,9
1078760,9.892679535988025,6
1078764,9.942256468880002,4
1078780,9.67496021378323,16
1078793,9.69737490990558,13
1078948,7.054210324020981,155
1078953,9.925065682184535,5
1078978,9.499122992832111,25
1078985,9.873726204404992,7
1079002,9.656409777738732,17
1079012,9.78763287379684,10
1079022,9.715158001303386,10
1079031,9.76661459801947,9
1079043,9.729983497181019,12
1079051,9.860759979625806,8
1079059,9.84754716409476,8
1079060,10.0,1
1079061,10.0,1
1079064,9.951008023179831,3
1079067,9.966261339529941,3
1079088,9.471847684647122,21
1079101,9.719860657891573,13
1079104,9.955605292128022,3
1079105,9.995953385685421,1
1079106,10.0,1
1079118,9.731039294365829,12
1079129,9.779968492709052,11
1079137,9.833012080737689,8
1079152,9.647303236228257,15
1079195,8.860606782013225,43
1079203,9.867931930523532,8
1079204,10.0,1
1079217,9.647772133029537,13
1079265,9.073708827249424,48
1079332,8.062914983818912,67
1079348,9.746650701588143,16
1079358,9.80702735863036,10
1079370,9.728130559708056,12
1079384,9.752070645985008,14
1079403,9.63152654226026,19
1079404,10.0,1
1079413,9.818802799248425,9
1079431,9.636469377996669,18
1079449,9.652937373709172,18
1079463,9.688507742451156,14
1079470,9.901641949556856,7
1079471,10.0,1
1079480,9.816947450221098,9
1079495,9.698342296175966,15
1079500,9.920532805229806,5
1079510,9.788535650286288,10
1079527,9.579366149241915,17
1079545,9.663017743358642,18
1079553,9.834168671741253,8
1079559,9.879845207496603,6
1079564,9.92438999134211,5
1079573,9.800687641125737,9
1079575,9.96894241677533,2
1079591,9.652693863979916,16
1079600,9.839655120143771,9
1079608,9.817827870209602,8
1079610,9.969948411147637,2
1079623,9.47845211268388,13
1079848,5.838003714310381,225
1079861,9.743018256855128,13
1079874,9.723798846734585,13
1079899,9.558745786625893,25
1079914,9.669594164593084,15
1079925,9.793086578312447,11
1079936,9.768981660080001,11
1079970,9.051689919542259,34
1079984,9.664777272907752,14
1080000,9.635125834796932,16
1080016,9.676660225180077,16
1080025,9.797681917817384,9
1080030,9.910120169214661,5
1080069,9.244694094749446,39
1080074,9.9060269178619,5
1080091,9.493338458598108,17
1080097,9.895921875789583,6
1080104,9.862292942737449,7
1080111,9.880414383649288,7
1080113,9.984156323249248,2
1080125,9.735733891027216,12
1080138,9.738595207099593,13
1080155,9.444975761004345,17
1080164,9.805815300633343,9
1080171,9.863348461194816,7
1080182,9.78806157730318,11
1080200,9.52993760232154,18
1080210,9.821996601242072,10
1080214,9.93742504652544,4
1080222,9.847380903053514,8
1080239,9.617671742615087,17
1080251,9.77771177930352,12
1080283,8.392249650547123,32
1080294,9.777844887481923,11
1080308,9.754283550017956,14
1080312,9.938786789908693,4
1080381,8.218354774999337,69
1080387,9.910528318595793,6
1080405,9.590332568952105,18
1080417,9.750531745847388,12
1080422,9.917573824962243,5
1080428,9.906543818376901,6
1080435,9.86553091183136,7
1080439,9.947800062966468,4
1080469,9.245701645466571,30
1080483,9.692870717616382,14
1080484,10.0,1
1080486,9.97141815302929,2
1080493,9.877588792682541,7
1080608,7.222216776870872,115
1080624,9.705355117006997,16
1080625,10.0,1
1080640,9.687497220821601,15
1080650,9.774490191089917,10
1080670,9.633870207132128,20
1080678,9.871399065351621,8
1080688,9.786206565716968,10
1080696,9.837942457778608,8
1080697,9.986980706768424,1
1080705,9.870869603118745,8
1080724,9.618101156401268,19
1080740,9.526226203193264,16
1080747,9.86986148250499,7
1080773,9.487030919434602,26
1080781,9.841990780325164,8
1080787,9.887029869482042,6
1080806,9.40119005866808,19
1080817,9.739435355944682,11
1080820,9.962397747341836,3
1080837,9.606614163021504,17
1080847,9.774985440985652,10
1080858,9.748696116769544,11
1080871,9.733777856699826,13
1080890,9.579685010097823,19
1080904,9.686029301266343,14
1080936,9.194196987508677,32
1080943,9.858346882916363,7
1080954,9.747649266468931,11
1080992,9.296807018500797,38
1081006,9.724986552103744,14
1081007,10.0,1
1081022,9.735996128944674,15
1081029,9.862301149254753,7
1081044,9.644646884191745,15
1081045,10.0,1
1081063,9.599064249674171,18
1081095,9.25681756561988,32
1081169,8.53521439286341,74
1081181,9.70564647591134,12
1081192,9.810630355068339,11
1081195,9.953815202928945,3
1081199,9.938823541268803,4
1081204,9.935043631164259,5
1081216,9.75108488351874,12
1081223,9.884300935675416,7
1081237,9.682903414043409,14
1081244,9.85955508198388,7
1081256,9.227100446079938,12
1081259,9.95746022907143,3
1081272,9.729145394886896,13
1081296,9.537727979906913,24
1081314,9.708535129139607,18
1081328,9.734011852313897,14
1081337,9.784458088720218,9
1081338,9.988932281593822,1
1081351,9.697115005815236,13
1081358,9.861200986663102,7
1081369,9.749922819391035,11
1081378,9.824343837301159,9
1081400,9.537466432322251,22
1081425,9.29280288896638,25
1081477,8.760513951126098,52
1081480,9.948399861642805,3
1081488,9.859431111567504,8
1081489,10.0,1
1081504,9.720095549871479,15
1081516,9.768457216894413,12
1081529,9.752842184284374,13
1081540,9.777511657747072,11
1081573,9.371092217988613,33
1081577,9.942648490891113,4
1081582,9.921515823155614,5
1081606,9.558928525375812,24
1081615,9.807795689232714,9
1081625,9.817693543864012,10
1081634,9.830470276878845,9
1081656,9.587728896846254,22
1081664,9.85657260669023,8
1081675,9.807295923512212,11
1081686,9.750317022437052,11
1081693,9.892160629854908,7
1081705,9.776447129262355,12
1081886,6.603226708563842,181
1081896,9.773275839749443,10
1081897,10.0,1
1081917,9.58633652318959,20
1081927,9.806227204225657,10
1081939,9.754557656025801,12
1081949,9.81786983106147,10
1081961,9.739764817129258,12
1081970,9.812134726034278,9
1081975,9.73368802542514,5
1081990,9.680730577617078,15
1081994,9.931246462251067,4
1082013,9.568419165006954,19
1082014,10.0,1
1082023,9.86139293596302,9
1082040,7.8941654999137825,17
1082063,9.251996590163925,23
1082071,9.82067683943361,8
1082077,9.89868678101464,6
1082085,9.861750483731456,8
1082100,9.63892932222415,15
1082104,9.745819886043094,4
1082113,9.8367593934642,9
1082114,10.0,1
1082135,9.584026595627169,21
1082147,9.733232722298249,12
1082171,9.561616704766088,24
1082172,9.988790399603529,1
1082183,9.758054269530026,11
1082196,9.76269696300019,13
1082203,9.869427735084715,7
1082219,9.525616996002816,16
1082234,9.58718157600624,15
1082242,9.868125782826349,8
1082263,9.62064122370398,21
1082275,9.759122262490065,12
1082287,9.724815134687846,12
1082289,9.979326987940746,2
1082290,10.0,1
1082298,9.855715199513078,8
1082323,9.425732265003314,25
1082338,9.665507694202681,15
1082343,9.925715337675479,5
1082357,9.709038056077627,14
1082364,9.855108859661557,7
1082378,9.690438593013983,14
1082392,9.69772644228311,14
1082417,9.440931398203048,25
1082420,9.950233677061092,3
1082421,10.0,1
1082429,9.855016168569733,8
1082434,9.935682411494872,5
1082439,9.903831589318429,5
1082463,9.5997059357788,24
1082475,9.741082918010667,12
1082484,9.632480851523193,9
1082498,9.710379626528447,14
1082515,9.603649261690682,17
1082525,9.794157135121374,10
1082529,9.924493693010797,4
1082545,9.703948740493212,16
1082553,9.871608242123758,8
1082564,9.8051527821905,11
1082567,9.965890170818716,3
1082573,9.897670445051029,6
1082579,9.899097000968325,6
1082595,9.616197929358284,16
1082608,9.743880602894894,13
1082616,9.830745683835273,8
1082623,9.885794987865419,7
1082645,9.277179865452025,22
1082658,9.52564887076862,13
1082671,9.701190407508374,13
1082681,9.809863429636257,10
1082686,9.919236322249217,5
1082696,9.827373508182289,10
1082701,9.93165173994617,5
1082713,9.735724941952926,12
1082719,9.891730497321648,6
1082724,9.92757814495837,5
1082728,9.930409496295637,4
1082741,9.710151778035888,13
1082761,9.513721443025586,20
1082782,9.646786130784456,21
1082783,10.0,1
1082828,9.139383369647156,45
1082835,9.869141101764155,7
1082836,10.0,1
1082863,9.512630239944018,27
1082870,9.859987566271784,7
1082883,9.757523828448246,13
1082884,10.0,1
1082908,9.503375798345996,24
1082926,9.593635672043217,18
1082935,9.826939520907468,9
1082951,9.677783807205715,16
1082968,9.636772686035124,17
1082992,9.568692055669898,24
1083012,9.634199203412113,20
1083027,9.690203750368461,15
1083029,9.984422139077532,2
1083030,9.99616422799311,1
1083043,9.734454056329488,13
1083052,9.799508042365508,9
1083196,-39.4620058061177,144
1083208,9.756304107104432,12
1083224,9.183079351981837,16
1083240,9.658199655219773,16
1083241,9.98770642974228,1
1083253,9.716807874338938,12
1083286,8.862181829804683,33
1083287,10.0,1
1083288,10.0,1
1083289,10.0,1
1083301,9.763826464201667,12
1083308,9.86043118731769,7
1083309,10.0,1
1083314,9.90798312687172,5
1083325,9.730633627552544,11
1083340,9.733833806876433,15
1083361,6.825229661730308,21
1083539,-58.912545059494164,178
1083548,9.803837289686774,9
1083555,9.867345462332487,7
1083560,9.917910114754072,5
1083561,10.0,1
1083572,9.767756490464938,11
1083573,10.0,1
1083575,9.97493340023693,2
1083589,9.730299577486972,14
1083594,9.908330657471332,5
1083604,9.787662801038106,10
1083614,9.805561273411602,10
1083617,9.95544086409993,3
1083623,9.90073553741492,6
1083632,9.801454741966214,9
1083642,9.811963460896113,10
1083650,9.832031202287595,8
1083666,9.619698241373941,16
1083676,9.793126711630002,10
1083683,9.88096847295051,7
1083695,9.761342573980615,12
1083708,9.711203292696586,13
1083718,9.808694756678424,10
1083731,9.72478692085797,13
1083742,9.770892254128304,11
1083757,9.706483701618161,15
1083769,9.74612803279956,12
1083787,9.614829594410194,18
1083795,9.849187201120323,8
1083803,9.838358743535785,8
1083811,9.850754541025161,8
1083838,9.411699474249504,27
1083844,9.88138773443546,6
1083879,9.350010050220696,35
1083886,9.854430741306176,7
1083897,9.773003896959972,11
1083917,9.58357154438172,20
1083921,9.946280203322429,4
1083925,9.94231994389834,4
1083928,9.954610808084386,3
1083929,10.0,1
1083959,9.345999883172373,30
1083971,9.792796419480721,12
1083972,10.0,1
1083988,9.6546682865531,16
1083994,9.708078269578785,6
1084008,9.544093327293595,14
1084020,9.754262866648988,12
1084027,9.882255331395955,7
1084039,9.528232408330922,12
1084053,9.730487105791857,14
1084060,9.866142871544465,7
1084071,9.767642628716139,11
1084083,9.748563671508316,12
1084084,10.0,1
1084095,9.776179070240376,11
1084109,9.71457526324156,14
1084112,9.951526826042421,3
1084122,9.797551126666118,10
1084127,9.9143410155636,5
1084128,10.0,1
1084129,10.0,1
1084132,9.959738967321227,3
1084142,9.815080879622496,10
1084149,9.87637756871228,7
1084159,9.800691050922191,10
1084184,9.484972021137445,25
1084200,9.453570056951365,16
1084207,9.880843508242014,7
1084219,9.783121470686963,12
1084227,9.85952539175786,8
1084231,9.940192288804266,4
1084238,9.86883400090201,7
1084241,9.95445028891758,3
1084255,9.736481709630102,14
1084266,9.796156121293913,11
1084287,9.559807919351485,21
1084288,10.0,1
1084289,9.996531505789473,1
1084301,9.768555831549891,12
1084309,9.868810286111684,8
1084319,9.79350471899465,10
1084325,9.91168001004697,6
1084329,9.940340647441976,4
1084340,9.770765072682655,11
1084347,9.858664533009671,7
1084350,9.951410004714432,3
1084367,9.70409716948005,17
1084368,10.0,1
1084374,9.881425057225867,6
1084375,10.0,1
1084385,9.786069870989943,10
1084392,9.887555779909748,7
1084399,9.850540696372171,7
1084899,-13.651224673907164,500
1084911,9.755755165243258,12
1084916,9.89873431721894,5
1084924,9.851088564634058,8
1084941,9.652210104318916,17
1084947,9.900721403333355,6
1084957,9.796617222413587,10
1084963,9.804604425585218,6
1084978,9.66982971299047,15
1084990,9.725282421594017,12
1085004,9.654428452804762,14
1085012,9.82847933922913,8
1085014,9.985745876107602,2
1085020,9.891200249040478,6
1085029,9.82291536035819,9
1085053,9.102350580480868,24
1085065,9.77202945731917,12
1085066,10.0,1
1085090,9.169190923866383,24
1085097,9.860899153016923,7
1085111,9.720647053472128,14
1085122,9.766528249421464,11
1085136,9.71307303638027,14
1085143,9.87212237248532,7
1085150,9.865162319287522,7
1085157,9.868961561399734,7
1085163,9.896365261151077,6
1085174,9.699564965366342,11
1085188,9.697304421095136,14
1085202,9.692285344443956,14
1085372,6.150017845655518,170
1085380,9.84875540382049,8
1085407,9.23910341182988,27
1085417,9.709710255238228,10
1085428,9.76365723444954,11
1085461,7.595221219870814,33
1085462,10.0,1
1085470,9.845154706707508,8
1085476,9.894837371849649,6
1085483,9.859131024639161,7
1085488,9.907747187628098,5
1085510,9.494047919945842,22
1085536,9.285027500444013,26
1085542,9.887821695999033,6
1085551,9.803663264615952,9
1085557,9.78038869663104,6
1085562,9.911410843712266,5
1085566,9.935080893121802,4
1085577,9.780532002120506,11
1085578,10.0,1
1085613,9.293424472793928,35
1085619,9.882704488600654,6
1085625,9.883618929791744,6
1085636,9.785518501386019,11
1085643,9.865121970924761,7
1085652,9.805018414577722,9
1085665,9.742468031670262,13
1085673,9.870332888488273,8
1085684,9.783399132866872,11
1085693,9.836696401349863,9
1085703,9.704280405262528,10
1085715,9.767947542242332,12
1085728,9.653641889256972,13
1085740,9.757689934077625,12
1085745,9.911685885116281,5
1085764,9.584030547279117,19
1085779,9.681956757514289,15
1085802,9.501962923102768,23
1085803,10.0,1
1085808,9.911038433135824,5
1085820,9.77580712360122,12
1085828,9.843351008115809,8
1085829,10.0,1
1085843,9.689044793778253,14
1085854,9.782535799190509,11
1085868,9.642109459221553,14
1085882,9.48067200101065,14
1085896,9.677596599596535,14
1085910,9.71561032299018,14
1085925,9.703877735045431,15
1085937,9.763037287420193,12
1085948,9.764829801781264,11
1085958,9.810686699916868,10
1085976,9.61656856334817,18
1085992,9.633061649883919,16
1086000,9.845036435130547,8
1086012,9.699673207305434,12
1086028,9.641228728640396,16
1086033,9.925594378154164,5
1086055,9.57771029435348,22
1086066,9.78485784058877,11
1086067,9.992551120144338,1
1086077,9.819064346551134,10
1086089,9.725079929261726,12
1086101,9.736451802982515,12
1086124,9.453025931448144,23
1086128,9.949470886090193,4
1086133,9.926470165436786,5
1086142,9.806224029012114,9
1086157,9.678483270860376,15
1086164,9.877882822151447,7
1086176,9.767913363019767,12
1086194,9.607467818846338,18
1086202,9.84244889779028,8
1086208,9.91999983756877,6
1086226,9.615087605560964,18
1086235,9.838365100524426,9
1086251,9.565333015701203,16
1086260,9.802048789429806,9
1086269,9.83515538003242,9
1086282,9.724410708816373,13
1086290,9.879860947575162,8
1086303,9.73254540857769,13
1086315,9.724614797386854,12
1086329,9.723614044631763,14
1086376,9.029633164277806,47
1086394,9.589660010946593,18
1086401,9.865686103650717,7
1086407,9.889656014796214,6
1086418,9.827239404236098,11
1086419,10.0,1
1086425,9.87804719770833,6
1086443,9.615095702829885,18
1086459,9.554460489073037,16
1086466,9.855331215027428,7
1086479,9.712377744791436,13
1086486,9.876485494249295,7
1086490,9.931674259225911,4
1086501,9.795775374160128,11
1086511,9.802529140650785,10
1086523,9.745193189745427,12
1086556,9.336816638403173,33
1086573,9.598169085161567,17
1086604,9.325515898136727,31
1086611,9.873214829530008,7
1086629,8.571245623717678,18
1086683,8.778441188542649,54
1086688,9.926403311131859,5
1086700,9.749295062064897,12
1086712,9.73851706680532,12
1086725,9.494505228574823,13
1086765,6.533006247986727,40
1086795,9.461322510183544,30
1086803,9.837760582248926,8
1086814,9.771885132453098,11
1086818,9.943479469074086,4
1086830,9.732807144344665,12
1086845,9.654395724014678,15
1086867,9.593791698497004,22
1086878,9.815066809748215,11
1086891,9.78059379846347,13
1086904,9.739578845839727,13
1086913,9.829700384150469,9
1086921,9.84087975010995,8
1086928,9.86906061972509,7
1086932,9.945458430317808,4
1086948,9.710839626635899,16
1086949,10.0,1
1086958,9.82415982566267,9
1086968,9.80502063733057,10
1086999,9.407145158595121,31
1087000,10.0,1
1087019,9.57731596438938,19
1087024,9.913094261398687,5
1087025,10.0,1
1087036,9.756006179406059,11
1087044,9.830096610255245,8
1087204,6.819874459066,160
1087214,9.827120114247382,10
1087223,9.825166278855253,9
1087224,10.0,1
1087236,9.723707690199072,12
1087253,9.657261791557959,17
1087275,8.75348257229386,22
1087290,9.706770790868813,15
1087293,9.957416848851427,3
1087307,9.659399684550312,14
1087320,9.736637007128058,13
1087332,9.791626538405207,12
1087339,9.91093230762668,7
1087357,9.626644249036646,18
1087370,9.695586899003631,13
1087392,9.529028679856458,22
1087396,9.934730620982354,4
1087410,9.733261708100443,14
1087412,9.985943233061533,2
1087416,9.939747280787168,4
1087439,9.423829541237412,23
1087465,9.512777631362386,26
1087466,9.996119180260521,1
1087485,9.57491808371829,19
1087498,9.496234830984893,13
1087499,10.0,1
1087505,9.91024079132313,6
1087507,9.98507452097352,2
1087520,9.688394846938166,13
1087529,9.847965972385865,9
1087535,9.888154445823025,6
1087541,9.886091973553667,6
1087542,9.996457345381538,1
1087551,9.796306124881374,9
1087575,8.068053436423657,24
1087594,9.59284099950972,19
1087595,10.0,1
1088028,-1.1795148731000076,433
1088029,10.0,1
1088099,-11.455094418792076,70
1088123,9.499190990548229,24
1088136,9.741561982553119,13
1088149,9.5384751141501,13
1088153,9.75026013222691,4
1088162,9.833557917872424,9
1088174,9.741614004806678,12
1088181,9.882154691273024,7
1088191,9.794050999244847,10
1088208,9.671114138412957,17
1088220,9.75799677977449,12
1088230,9.78417821772359,10
1088242,9.561431461071777,12
1088252,9.800513287784696,10
1088266,9.691192874456656,14
1088267,10.0,1
1088272,9.937048605800165,5
1088307,0.6129214472933029,35
1088310,9.654556987221529,3
1088322,9.758882201451742,12
1088372,8.992036240945794,50
1088378,9.90646041647232,6
1088397,9.551284959390953,19
1088398,10.0,1
1088405,9.858477491066926,7
1088441,9.270037572949269,36
1088450,9.824400859151407,9
1088458,9.821905966287922,8
1088466,9.839206228886196,8
1088475,9.833126369770994,9
1088501,9.494909583590296,26
1088515,9.754344260530534,14
1088524,9.793533784500015,9
1088552,9.446978184330574,28
1088561,9.81980734885842,9
1088574,9.69223446229837,13
1088586,9.74682672372839,12
1088600,9.74663535300076,14
1088603,9.949249691706175,3
1088604,10.0,1
1088612,9.66457927100234,8
1088627,9.73732804376066,15
1088640,9.75322643605037,13
1088646,9.885186281673684,6
1088653,9.888215397613775,7
1088654,9.996181798931215,1
1088663,9.832995519936151,9
1088665,9.974223548447757,2
1088671,9.884796560874143,6
1088684,9.747113582524076,13
1088688,9.937816011994071,4
1089188,-11.053857814965221,500
1089189,10.0,1
1089205,9.692490472084021,16
1089221,9.659546286518564,16
1089230,9.851892430021325,9
1089239,9.828282330787397,9
1089257,9.64435255728473,18
1089258,10.0,1
1089262,9.932807999987817,4
1089284,8.806112041149229,22
1089303,9.517145258442538,19
1089304,10.0,1
1089314,9.783518061219743,10
1089327,9.723235305488993,13
1089328,10.0,1
1089348,9.573404323066857,20
1089356,9.851877312522902,8
1089376,9.528365626212302,20
1089382,9.89318990576139,6
1089396,9.74379333806433,14
1089397,10.0,1
1089409,9.763013415094633,12
1089417,9.845118474265094,8
1089427,9.769850577230512,10
1089444,9.66877507270603,17
1089459,9.682448046575862,15
1089460,10.0,1
1089465,9.916317142597915,5
1089476,9.248628550473594,11
1089483,9.868614442900213,7
1089506,9.059470492082895,23
1089510,9.952892208808036,4
1089533,9.558798218919755,23
1089544,9.748962471167161,11
1089549,9.927080383708981,5
1089560,9.765353512302655,11
1089567,9.87989774698668,7
1089569,9.980722126654152,2
1089572,9.969471364002018,3
1089576,9.93944179275556,4
1089595,9.642693501694541,19
1089599,9.93175843322836,4
1089613,9.698094117004452,14
1089617,9.923443041116514,4
1089625,9.836358470703562,8
1089632,9.853720764987655,7
1089645,9.718583246443284,13
1089657,9.725703893596252,12
1089658,10.0,1
1089667,9.81697049858549,9
1089682,9.676080545153741,15
1089684,9.97873727836472,2
1089693,9.821264269767473,9
1089706,9.242714035435139,13
1089707,10.0,1
1089716,9.831412562075867,9
1089728,9.755491718396481,12
1089735,9.863957197319856,7
1089736,10.0,1
1089748,9.744505386623784,12
1089751,9.958052449893069,3
1089759,9.847769258203144,8
1089790,9.3218523981027,31
1089802,9.793927945775248,12
1089806,9.944081296565063,4
1089815,9.803374096970236,9
1089827,9.778436760003997,12
1089839,9.799091519435411,12
1089840,10.0,1
1089844,9.928087050411758,4
1089850,9.89885710424132,6
1089853,9.960136823496997,3
1089856,9.968944127835263,3
1089871,9.757985416959217,15
1089875,9.939532946739273,4
1089892,9.624438098264577,17
1089900,9.833813028821101,8
1089908,9.806040239428588,8
1089916,9.83126980395529,8
1089925,9.796434987549205,9
1089926,10.0,1
1089936,9.766384171772344,10
1089944,9.832412034858312,8
1089945,10.0,1
1089959,9.740098695813316,14
1089969,9.772588369366648,10
1089984,9.673253203672575,15
1089989,9.916388284564443,5
1089999,9.815344322709686,10
1090006,9.864840165326175,7
1090015,9.82387066613976,9
1090037,9.54552646669486,22
1090049,9.72289444345192,12
1090062,9.719363085834157,13
1090074,9.799748237345536,12
1090089,9.711448754725334,15
1090092,9.968322923384695,3
1090101,9.71009564852323,9
1090113,9.729018265610533,12
1090114,9.992696250283053,1
1090115,9.996596084137884,1
1090159,8.56513082739039,44
1090169,9.789559120828557,10
1090178,9.819083259424099,9
1090190,9.712293955765544,12
1090219,9.04264323432296,29
1090223,9.935742851862335,4
1090233,9.783382634351314,10
1090256,9.512433351502404,23
1090267,9.784271522860992,11
1090280,9.70897087011742,13
1090286,9.888804622447525,6
1090326,9.058776942253175,40
1090352,9.414464782677467,26
1090375,9.598584113467044,23
1090384,9.807954582630577,9
1090388,9.940622797277157,4
1090406,9.595621526074494,18
1090421,9.664568078861306,15
1090431,9.791311226338633,10
1090435,9.947442861857619,4
1090443,9.856552299280699,8
1090453,9.79071455089553,10
1090473,9.279080569799119,20
1090488,9.659372966915416,15
1090494,9.888924463322374,6
1090514,9.598236575318188,20
1090520,9.909756517189082,6
1090528,9.831728338870134,8
1090533,9.908856281213934,5
1090560,9.138588687123688,27
1090584,9.539363577926544,24
1090588,9.943716001592334,4
1090597,9.85416600515035,9
1090607,9.795275935955138,10
1090608,10.0,1
1090625,9.601623010082562,17
1090698,8.271312022063041,73
1090699,10.0,1
1090701,9.779421689340335,2
1090723,9.590749533855071,22
1090726,9.954764061202585,3
1090744,9.648845375493284,18
1090752,9.818756652171594,8
1090760,9.868783777795803,8
1090769,9.798721543837852,9
1090774,9.918306972720634,5
1090790,9.6343179578164,16
1090816,9.435619888411098,26
1090829,9.749929459448941,13
1090837,9.852572247269492,8
1091337,-11.265862190790529,500
1091361,9.521036809528873,24
1091407,9.176725152745616,46
1091420,9.72341803257636,13
1091421,10.0,1
1091436,9.746237895564457,15
1091444,9.87667610563509,8
1091445,9.996237974021993,1
1091457,9.783746694143467,12
1091460,9.961181695917661,3
1091465,9.909178717496975,5
1091473,9.844683233217587,8
1091482,9.823143160344731,9
1091483,10.0,1
1091492,9.803674578333668,9
1091503,9.755864557147024,11
1091504,10.0,1
1091521,9.662713977808677,17
1091528,9.872873437651027,7
1091537,9.827054004959484,9
1091538,10.0,1
1091560,9.05196867654284,22
1091564,9.933591930873147,4
1091581,9.632838876949961,17
1091594,9.721619741994406,13
1091601,9.871060697244626,7
1091611,9.777811530643339,10
1091635,9.449226215766542,24
1091648,9.789857781410795,13
1091658,9.79557977129473,10
1091669,9.750662607598912,11
1091691,9.51947326765166,22
1091701,9.823305021512496,10
1091707,9.93153732639513,6
1091719,9.781702801897557,12
1091735,9.711211827008766,16
1091746,9.795968190849695,11
1091749,9.962809520728937,3
1091760,9.801187089691982,11
1091771,9.754640647383278,11
1091782,9.762342957386242,11
1091808,9.429554785157576,26
1091826,9.610980754337062,18
1091864,7.667901072809437,38
1091882,9.655832160592732,18
1091889,9.87538416828872,7
1091895,9.896678808543644,6
1091907,9.752439610810544,12
1091919,9.73916511006819,12
1091939,9.505739697380529,20
1091958,9.604756681971173,19
1091976,9.654561490008529,18
1091994,9.628254079692464,18
1092006,9.751789938152573,12
1092009,9.9509744984079,3
1092019,9.809108344090605,10
1092032,9.70901697683757,13
1092045,9.736531961252261,13
1092057,9.779868407326692,12
1092069,9.755202333426618,12
1092084,9.724679983429931,15
1092088,9.948064261732835,4
1092101,9.718432959190675,13
1092122,9.596845081283412,21
1092130,9.834296841875151,8
1092146,9.684552650709607,16
1092149,9.961119005314778,3
1092166,9.563210397766818,17
1092210,8.903525413405053,44
1092221,9.797068892427786,11
1092234,9.750360561273633,13
1092241,9.874571416182622,7
1092249,9.856997393930994,8
1092258,9.84000406216284,9
1092272,9.757357267340314,14
1092286,9.730129542345084,14
1092296,9.815961066116037,10
1092304,9.842958270557492,8
1092337,9.346036039989805,33
1092342,9.917110304909102,5
1092354,9.734224020720069,12
1092383,9.414187235211623,29
1092397,9.22586444054232,14
1092402,9.611199042109234,5
1092411,9.834024883763346,9
1092420,9.827464824511237,9
1092422,9.97285518622712,2
1092435,9.748438734029257,13
1092505,8.625702147406754,70
1092522,9.687635744200112,17
1092536,9.19428336588953,14
1092553,9.395402171401264,17
1092555,9.985763953845126,2
1092581,9.518324369452333,26
1093081,-12.377930363953558,500
1093094,9.754768921872355,13
1093101,9.89724526073904,7
1093109,9.831589045565902,8
1093110,10.0,1
1093134,7.9064774173741155,24
1093146,9.750994360189903,12
1093153,9.898220250638483,7
1093158,9.933280103443,5
1093159,10.0,1
1093175,9.627970847444416,16
1093185,9.79659265762446,10
1093186,10.0,1
1093212,9.517474116865813,26
1093228,9.642687911412146,16
1093231,9.961088122564268,3
1093242,9.773368862882847,11
1093243,9.992855718015688,1
1093256,9.709386626120464,13
1093284,9.543637879800524,28
1093300,9.67837588464532,16
1093312,9.722940986219331,12
1093325,9.715861742276774,13
1093335,9.857910761622659,10
1093347,9.762609814710594,12
1093353,9.892162067365348,6
1093354,10.0,1
1093369,6.536798890642627,15
1093374,9.914252466460335,5
1093395,9.606521666617947,21
1093396,10.0,1
1093399,9.96516850645133,3
1093408,9.799360081503863,9
1093417,9.819276886070462,9
1093442,9.487678999803,25
1093453,9.785493391263401,11
1093477,5.882903836711196,24
1093490,9.716501161264459,13
1093493,9.956536795575385,3
1093499,9.88832491891212,6
1093524,9.422850686875922,25
1093535,9.746741939179996,11
1093536,10.0,1
1093550,9.700358227793844,14
1093551,10.0,1
1093563,9.733646566168192,12
1093568,9.901631977927606,5
1093573,9.898753956836075,5
1093579,9.877091005781743,6
1093593,8.850867700274332,14
1093604,9.812304097963795,11
1093612,9.837740037849498,8
1093626,9.699863210218206,14
1093642,9.699610380023358,16
1093667,9.423815387656212,25
1093677,9.83195070392379,10
1093681,9.9426156367073,4
1093706,9.504634404785827,25
1093716,9.815545879666614,10
1093736,9.586511401305014,20
1093744,9.838112965445225,8
1093758,9.698399173835513,14
1093766,9.833432806246163,8
1093821,8.79141126849862,55
1093833,9.775009916245429,12
1093847,9.72144837815418,14
1093856,9.804101154170098,9
1093878,9.483108802624686,22
1093882,9.935772579929653,4
1093903,8.673422013093639,21
1093916,9.767607389038151,13
1093925,9.811546366779439,9
1093943,9.630929160354034,18
1093952,9.837575011603743,9
1093965,9.716920024732657,13
1093969,9.951471425164044,4
1093989,9.573167442463301,20
1093995,9.907656091421341,6
1094000,9.926751587327553,5
1094073,8.025692570397037,73
1094086,9.633423919735698,13
1094091,9.896034159002511,5
1094108,9.456357895151472,17
1094116,9.83617433481227,8
1094123,9.877165953278105,7
1094128,9.918081257769206,5
1094129,10.0,1
1094140,9.772452758503848,11
1094150,9.790600428369642,10
1094153,9.96254099722633,3
1094170,9.660208953012852,17
1094182,9.798664389538766,12
1094183,9.996740021224566,1
1094194,9.769227332572706,11
1094203,9.843953583641184,9
1094245,9.119095076597823,42
1094260,9.691404159657825,15
1094269,9.81555887358805,9
1094277,9.834973619574374,8
1094325,7.702085821522868,48
1094338,9.725090558907842,13
1094348,9.787679995083346,10
1094356,9.86883437765871,8
1094737,1.9660378147072404,381
1094743,9.891053619669595,6
1094755,9.766139753254556,12
1094792,9.112964479943294,37
1094839,9.13171703123087,47
1094849,9.801095425746698,10
1094866,9.651997506139795,17
1094875,9.821169329308775,9
1094882,9.876581546954219,7
1094895,9.781130616859134,13
1094909,9.66154366581509,14
1094916,9.88768559095968,7
1094929,9.78458871104014,13
1094945,9.74153317124531,16
1094953,9.8709055251313,8
1094962,9.829612303849764,9
1094971,9.822176413749927,9
1094984,9.709943733816838,13
1094999,9.730370223955715,15
1095000,9.996520077399806,1
1095031,8.894695445549745,31
1095038,9.870305257342029,7
1095044,9.881343757341975,6
1095052,9.86233097470985,8
1095060,9.842971924376819,8
1095075,9.690555198347878,15
1095081,9.920822681681287,6
1095082,10.0,1
1095151,8.554651325605338,69
1095164,9.750187288346833,13
1095172,9.873705154697422,8
1095196,9.465584833914592,24
1095210,9.673350763230724,14
1095231,9.561266302990482,21
1095238,9.87335012025379,7
1095250,9.7669510589091,12
1095261,9.744813170438007,11
1095266,9.916068204721142,5
1095279,9.711029964769356,13
1095280,10.0,1
1095290,9.80061723791992,10
1095301,9.759243963548824,11
1095302,10.0,1
1095308,9.88007499933646,6
1095309,9.996368105239025,1
1095322,9.7095724390495,13
1095323,10.0,1
1095329,9.890920820656733,6
1095350,9.519348969824257,21
1095355,9.924542649609416,5
1095371,9.657543250509041,16
1095381,9.797117513007242,10
1095411,9.395740287875919,30
1095427,9.647659073980785,16
1095454,9.513069801309582,27
1095512,8.78125814544627,58
1095525,9.70186539401192,13
1095532,9.86197233966323,7
1095536,9.941676474053867,4
1095549,9.760129511352133,13
1095563,9.738040015739674,14
1095573,9.794737542644334,10
1095586,9.712903900386879,13
1095641,8.8102070107375,55
1095642,9.99193473236409,1
1095668,9.41489413256925,26
1095679,9.805007745061516,11
1095684,9.924520936858993,5
1095685,10.0,1
1095686,10.0,1
1095691,9.93027480014623,5
1095700,9.822545093294638,9
1095702,9.975846292991369,2
1095727,9.452098047185574,25
1095736,9.82190812251104,9
1095747,9.763883285707328,11
1095756,9.809122616769328,9
1095822,8.776247189149721,66
1095903,8.492388245190043,81
1095907,9.933403738020312,4
1095912,9.929060344945137,5
1095913,9.988327384767858,1
1095927,9.677724862508471,14
1095936,9.831244235047578,9
1095954,9.667981288202485,18
1095969,9.496968317578753,15
1095973,9.933768572576385,4
1095974,10.0,1
1096005,9.327359761895517,31
1096011,9.906108601369578,6
1096031,9.62357931921537,20
1096037,9.898551486648262,6
1096046,9.809237347780911,9
1096052,9.88279939119858,6
1096086,9.131271081985371,34
1096101,9.654186800352678,15
1096109,9.874418228434873,8
1096126,9.659151017911524,17
1096133,9.857845815062594,7
1096148,9.687501525791536,15
1096156,9.834813091642562,8
1096161,9.917159648721753,5
1096173,9.768042613163189,12
1096181,9.839831622904226,8
1096188,9.874554087888574,7
1096190,9.985418306288253,2
1096204,9.658437674265715,14
1096226,9.488616564693885,22
1096228,9.980715967116906,2
1096237,9.840798979785951,9
1096248,9.755056589977302,11
1096249,10.0,1
1096257,9.856806778110201,8
1096262,9.917496531181747,5
1096266,9.94502670547712,4
1096277,9.794186827259239,11
1096313,9.26865674317324,36
1096323,9.803513606196567,10
1096357,9.243333569452053,34
1096363,9.9107834276357,6
1096369,9.884674789796966,6
1096370,10.0,1
1096380,9.798300304582298,10
1096390,9.66819375669736,10
1096398,9.86821655210185,8
1096407,9.799761068492163,9
1096419,9.771262890176484,12
1096428,9.847550217962716,9
1096436,9.8436924676217,8
1096448,9.744528384573007,12
1096465,9.60319954272145,17
1096480,9.70885218387559,15
1096493,9.768730633072373,13
1096496,9.958146400953863,3
1096506,9.831038528494316,10
1096521,9.689894390403254,15
1096528,9.858241915178318,7
1096531,9.963796914033816,3
1096589,8.882164473201557,58
1096601,9.752260863222654,12
1096609,9.862043063359073,8
1096621,9.466655568695531,12
1096632,9.793860136871913,11
1096635,9.954165539547208,3
1096647,9.736571423212888,12
1096683,7.075141581583033,36
1096696,9.732307744821108,13
1096708,9.729440963711568,12
1096723,9.74428043536343,15
1096748,9.413395845067088,25
1096759,9.755803542989648,11
1096771,9.743159803636917,12
1096779,9.849765650972058,8
1096791,9.733189018578889,12
1096808,9.646359859855297,17
1096816,9.82457170830525,8
1096832,9.647450612493415,16
1096842,9.821472258025846,10
1096851,9.795412106460905,9
1096862,9.751161121676002,11
1096868,9.889309708816963,6
1096880,9.77317457252352,12
1096886,9.864867042160238,6
1096891,9.707371922634325,5
1096902,9.752065692915645,11
1096909,9.864269927302592,7
1096911,9.9717847036157,2
1096917,9.88227941002726,6
1096921,9.936222467264319,4
1096953,8.58431835310951,32
1096964,9.740354304238872,11
1096976,9.551425943829441,12
1096990,9.70360926572389,14
1096991,10.0,1
1097009,9.492955864079796,18
1097016,9.863100755405918,7
1097018,9.972913364410209,2
1097019,10.0,1
1097030,9.77573296152837,11
1097039,9.824531500732933,9
1097046,9.868036324078387,7
1097047,10.0,1
1097067,9.508925022888995,20
1097075,9.864384752200321,8
1097091,9.668439499061448,16
1097099,9.861532895684014,8
1097107,9.884845844193798,8
1097126,9.528311943156124,19
1097129,9.955417175112565,3
1097140,9.81492614835483,11
1097177,9.30785670893315,37
1097189,9.753422254776384,12
1097203,9.708578518570366,14
1097204,10.0,1
1097220,9.684546884716621,16
1097232,9.760538014973614,12
1097296,8.839435958140266,64
1097306,9.745828657490417,10
1097806,-15.046461834173112,500
1097826,9.636846880285663,20
1097839,9.717433614649776,13
1097846,9.862544812459506,7
1097856,9.79567924100516,10
1097857,9.996652876064678,1
1097858,10.0,1
1097867,9.826688206043782,9
1097883,9.641768702323889,16
1097893,9.792568581632644,10
1097896,9.955944197106392,3
1097923,9.187664759783232,27
1097924,10.0,1
1097941,9.694331309584213,17
1097946,9.925431834070679,5
1097959,9.774018309791646,13
1097960,10.0,1
1097968,9.856698441065648,8
1098001,9.247379277587777,33
1098012,9.78455596014317,11
1098040,9.381535817144044,28
1098056,9.688908458613353,16
1098064,9.839817859117067,8
1098117,8.830780419654408,53
1098139,9.468624388723875,22
1098152,9.739445703911302,13
1098153,9.989126212732625,1
1098154,10.0,1
1098163,9.80145145851671,9
1098173,9.825947596554986,10
1098193,9.540984579777481,20
1098196,9.959927530378698,3
1098215,9.557190752263821,19
1098222,9.864086369991098,7
1098223,10.0,1
1098231,9.832084432433613,8
1098240,9.82049331594308,9
1098258,9.611594166786997,18
1098271,9.6742577103469,13
1098281,9.810755248750677,10
1098291,9.78966467047646,10
1098298,9.865635493667627,7
1098314,9.630747692713308,16
1098352,9.297498564523165,38
1098356,9.931823158229475,4
1098368,9.726838720496513,12
1098373,9.925034385272795,5
1098378,9.916884778314179,5
1098379,10.0,1
1098384,9.920411385909913,5
1098392,9.851820947455906,8
1098403,9.738140612937682,11
1098410,9.868849438182108,7
1098421,9.764236880865191,11
1098427,9.895339708460227,6
1098428,10.0,1
1098440,9.742854158010942,12
1098441,10.0,1
1098448,9.869131216123245,7
1098456,9.86678000336308,8
1098466,9.786815077285144,10
1098480,9.597682543055106,14
1098489,9.823102216350247,9
1098492,9.95386643794969,3
1098496,9.945202023091909,4
1098509,9.42034369755313,13
1098520,9.7807017352963,11
1098521,9.990988701053642,1
1098531,9.801769150246669,10
1098532,10.0,1
1098539,9.850888756932495,7
1098548,9.842563367975087,9
1098559,9.774169360523608,11
1098574,9.665589268501728,15
1098579,9.914473411409258,5
1098587,9.837078245677038,8
1098603,9.673605970194304,16
1098608,9.925349400802697,5
1098630,9.56737952085805,22
1098645,9.686356649130847,15
1098660,9.605004561807721,15
1098687,9.433170480765906,27
1098692,9.919629060555307,5
1098718,9.311247709638442,26
1098731,9.71978867972684,13
1098741,9.789144492357511,10
1098748,9.851267340794418,7
1098772,9.442164013938227,24
1098776,9.938460671751642,4
1098783,9.855702940218919,7
1098795,9.735658683660596,12
1098797,9.978982331849641,2
1098803,9.89204061593635,6
1098823,8.635455342457472,20
1098830,9.843424937675577,7
1098842,9.713407979330881,12
1098853,9.788599819759662,11
1098861,9.848413400901364,8
1098878,8.853923365629518,17
1098880,9.984139321237286,2
1098895,9.727763002216406,15
1098911,9.638610195782626,16
1098928,9.680703507301967,17
1098934,9.892382100852192,6
1098942,9.83538475223726,8
1098950,9.77645262323804,8
1098965,9.742566661529443,15
1098979,9.678486235203666,14
1098987,9.871373486268427,8
1099004,9.581290103214915,17
1099025,9.532874890738412,21
1099032,9.87806819760996,7
1099042,9.792674127138108,10
1099057,9.633370040485186,15
1099070,9.75163086632522,13
1099088,9.582671111319423,18
1099096,9.833520517408354,8
1099111,9.714244630460398,15
1099119,9.826954797538292,8
1099122,9.969205337508305,3
1099163,8.2209357183037,41
1099164,9.988284191733625,1
1099174,9.815148872260375,10
1099189,9.664036802306578,15
1099196,9.890895365719818,7
1099198,9.974017045211559,2
1099225,9.359910524036943,27
1099247,9.486998623864174,22
1099257,9.816562278700836,10
1099273,9.679805604044432,16
1099277,9.935126528524524,4
1099314,9.129263607407758,37
1099315,10.0,1
1099340,9.511443263338437,25
1099351,9.793817487253122,11
1099365,9.680310127024796,14
1099373,9.846525330892721,8
1099382,9.823260088346311,9
1099385,9.970231130414316,3
1099403,9.71460763402698,18
1099419,9.524281106403741,16
1099425,9.915429548046044,6
1099439,9.71386825212116,14
1099457,9.5479337018261,18
1099459,9.97094471408837,2
1099470,9.741924790478299,11
1099480,9.78243749174979,10
1099490,9.774779988566562,10
1099504,9.721927964288893,14
1099513,9.794989169005408,9
1099521,9.844072539021887,8
1099532,9.781186386273351,11
1099541,9.839861977663132,9
1099562,9.451388943479289,21
1099595,9.196376267365117,33
1099608,9.703364884132819,13
1099623,9.69383384773566,15
1099637,8.947349868988939,14
1099638,10.0,1
1099650,9.742565261286027,12
1099651,9.992034047356073,1
1099654,9.95253037824247,3
1099668,9.670860784848191,14
1099677,9.819941668963644,9
1099684,9.881052303913439,7
1099692,9.830676626806763,8
1099699,9.87719660518143,7
1099700,10.0,1
1099706,9.896044663481113,6
1099717,9.792119173503806,11
1099770,7.667711495167189,53
1099778,9.832296007033694,8
1099789,9.766593335148572,11
1099792,9.959295433917003,3
1099801,9.870837989151266,9
1099802,10.0,1
1099814,9.794691906003473,12
1099831,9.621515055877753,17
1099836,9.823445600880724,5
1099885,8.666579398465204,49
1099886,10.0,1
1099890,9.950857278000242,4
1099900,9.827827396405441,10
1099901,9.989292410219731,1
1099902,10.0,1
1099911,9.83728565598863,9
1099923,9.725510690714328,12
1099927,9.937504810906693,4
1099933,9.103494289897966,6
1099945,9.699857687149692,12
1099960,9.719605112352038,15
1099969,9.787292593733161,9
1099982,9.71862180794006,13
1100005,9.186987939568851,23
1100021,9.681673650731303,16
1100036,9.649513971210748,15
1100045,9.82056462694725,9
1100048,9.963350294857893,3
1100060,9.783554390224053,12
1100061,10.0,1
1100076,9.672939376962947,15
1100086,9.781986741519782,10
1100090,9.920271554021296,4
1100100,9.794518732403386,10
1100110,9.765746386793582,10
1100128,9.631593646693577,18
1100135,9.664349260443192,7
1100136,10.0,1
1100151,9.709126416656831,15
1100166,9.701512674082878,15
1100167,9.991615962668204,1
1100168,10.0,1
1100185,9.593022553431195,17
1100202,9.652493430969862,17
1100209,9.88523171881528,7
1100216,9.86058833737467,7
1100219,9.950938686091261,3
1100231,9.759903326176829,12
1100245,9.725114743087067,14
1100250,9.908791893257686,5
1100307,8.668785816446182,57
1100326,9.542138551750242,19
1100339,9.728954351602384,13
1100340,10.0,1
1100344,9.947633238224718,4
1100357,9.717069493598837,13
1100366,9.855557404900667,9
1100386,9.533324729752596,20
1100397,9.780006281364304,11
1100406,9.859450928706805,9
1100422,9.452905511308238,16
1100445,9.394906734781607,23
1100458,9.688380851964403,13
1100486,9.432082712302293,28
1100500,9.717027568502363,14
1100524,9.521148449248852,24
1100555,9.01154797455648,31
1100564,9.852412745201818,9
1100567,9.962832493451172,3
1100568,9.989261473776116,1
1100579,9.74577969566202,11
1100592,9.698106803247054,13
1100601,9.817617784981726,9
1100604,9.957922631062234,3
1100612,9.853162785072804,8
1100643,9.158740319980383,31
1100663,9.472837596244242,20
1100676,9.731971759265186,13
1100680,9.949507317540414,4
1100738,8.86997844065564,58
1100753,9.682443161349463,15
1100754,10.0,1
1100761,9.882906310091474,7
1100772,9.763493695650304,11
1100777,9.72179111438304,5
1100782,9.924197944612228,5
1100798,9.608514628783293,16
1100803,9.914577092264608,5
1100820,9.638122351007492,17
1100834,9.709096212274083,14
1100840,9.890144457757891,6
1100847,9.882689211384832,7
1100854,9.894955057544907,7
1100857,9.96216225283287,3
1100861,9.944186786196747,4
1100865,9.931189995771964,4
1100877,9.743530858445366,12
1100885,9.846920373566567,8
1100896,9.767139577491514,11
1100920,9.499599294896262,24
1100926,9.890571189608393,6
1100932,9.89428645173395,6
1100952,9.421054641125256,20
1100955,9.951725313340525,3
1100960,9.906533025954582,5
1100965,9.920491864407788,5
1100980,9.686161195304042,15
1100982,9.97580685100919,2
1101000,9.619551557531295,18
1101027,9.118238695568719,27
1101028,10.0,1
1101037,9.264767395627633,9
1101048,9.78426418947593,11
1101059,9.477482775209031,11
1101063,9.948281656977615,4
1101071,9.832717553379123,8
1101077,9.908479244101919,6
1101092,9.70389984103325,15
1101110,9.594325094715469,18
1101123,9.707778125683628,13
1101131,9.83432178161793,8
1101140,9.84779691158664,9
1101149,9.839598888511741,9
1101161,9.74293239438167,12
1101169,9.84321892303896,8
1101171,9.969673072168042,2
1101183,9.758966107085408,12
1101192,9.807961640680809,9
1101193,10.0,1
1101194,10.0,1
1101210,9.713002035957055,16
1101229,9.596325941997996,19
1101231,9.985173896822683,2
1101248,9.569432120896973,17
1101253,9.907127615164878,5
1101264,9.746196706385339,11
1101266,9.982922650137063,2
1101278,9.764197111802385,12
1101279,10.0,1
1101298,9.617131134235919,19
1101305,9.874423606666877,7
1101316,9.770992127099579,11
1101330,9.70585585273745,14
1101335,9.899841529146066,5
1101336,10.0,1
1101356,9.622757761708538,20
1101365,9.798067985544655,9
1101375,9.784300297335811,10
1101393,9.558525741594712,18
1101405,9.206416194121145,12
1101432,9.3090677690523,27
1101445,9.713009592432163,13
1101449,9.937794448998297,4
1101469,9.627484312411243,20
1101483,9.734929744513773,14
1101495,9.740299007577397,12
1101501,9.885399879497811,6
1101512,9.78088910487433,11
1101523,9.754192192563808,11
1101529,9.895047685038364,6
1101534,9.796402419870184,5
1101535,10.0,1
1101552,9.700823577026632,17
1101559,9.86999411181664,7
1101560,10.0,1
1101591,9.273121407521327,31
1101623,9.23548510933851,32
1101632,9.834445564399413,9
1101634,9.979923649097055,2
1101650,9.629141812003162,16
1101651,9.992981326005497,1
1101653,9.973461088159802,2
1101678,9.513886810483827,25
1101691,9.725088412954758,13
1101695,9.942437582595788,4
1101706,9.773048263875802,11
1101720,9.695610204983506,14
1101721,10.0,1
1101730,9.843146029874456,9
1101756,9.535965728435205,26
1101765,9.807991318831462,9
1101783,9.663685286900643,18
1101792,9.874876569394228,9
1101797,9.931046133816395,5
1101810,9.663992685296268,13
1101827,9.337319125831009,17
1101833,9.912457394723505,6
1101840,9.882120185848422,7
1101841,10.0,1
1101856,9.685775071320053,15
1101866,9.791366450693504,10
1101875,9.724214728033429,9
1101876,9.996468522493572,1
1101897,9.54759034725372,21
1101906,9.85648412300283,9
1101910,9.946017605356648,4
1101911,10.0,1
1101916,9.917679671522428,5
1101919,9.951482410873668,3
1101923,9.935043994324605,4
1102001,8.45775913294881,78
1102017,9.647367166302768,16
1102018,10.0,1
1102026,9.843723710364678,8
1102038,9.728356622342677,12
1102050,9.737085671585886,12
1102064,9.532726378301579,14
1102078,9.66501375426906,14
1102088,9.80120728008315,10
1102117,9.436245566784857,29
1102124,9.873867978032935,7
1102125,10.0,1
1102135,9.82833977337052,10
1102138,9.956268403524492,3
1102151,9.725585446494948,13
1102161,9.81930616531489,10
1102174,9.634461813454754,13
1102177,9.967587227663307,3
1102190,9.78014878792611,13
1102225,9.197221085079633,35
1102241,9.664846469236988,16
1102255,9.683825879393076,14
1102273,9.640512926195777,18
1102280,9.874925856831648,7
1102290,9.80807970573323,10
1102296,9.90342772335014,6
1102312,9.636313402814773,16
1102328,9.701385299251992,16
1102329,10.0,1
1102330,10.0,1
1102336,9.895329342100602,6
1102346,9.779350248662706,10
1102355,9.811305444170138,9
1102362,9.865345791837068,7
1102381,9.370031890661856,19
1102394,9.722917551784072,13
1102406,9.792643278798446,12
1102446,9.204042149939015,40
1102462,9.647473749964556,16
1102473,9.758400160679045,11
1102485,9.724648030467998,12
1102486,9.992318719073221,1
1102520,9.320800601022997,34
1102536,9.601718639650917,16
1102557,9.563622649169567,21
1102566,9.811478046756818,9
1102567,10.0,1
1102592,9.342763573539973,25
1102593,10.0,1
1102594,10.0,1
1102600,9.892767984327692,6
1102612,9.752927381063294,12
1102632,9.49492994804137,20
1102643,9.771157654041453,11
1102678,9.349784832609735,35
1102690,9.55397094272291,12
1102725,9.279616554744235,35
1102739,9.725434786456537,14
1102740,10.0,1
1102743,9.965309357718883,3
1102745,9.98578549791206,2
1102748,9.960354037894549,3
1102777,8.759056021127794,29
1102792,9.681063193226358,15
1102810,9.61709775032113,18
1102828,9.259773069590889,18
1102832,9.926431120290287,4
1102837,9.930426341718942,5
1102845,9.832714538523343,8
1102859,9.310844156555962,14
1102869,9.82748124672954,10
1102870,10.0,1
1102871,10.0,1
1102881,9.817585329057138,10
1102882,10.0,1
1102919,9.20746336647748,37
1102974,-7.077985586685584,55
1102979,9.923047663689161,5
1102988,9.80128061021552,9
1102993,9.926256601177533,5
1102994,10.0,1
1102995,10.0,1
1103009,9.670085852458142,14
1103034,9.51575506133339,25
1103053,9.534786288153953,19
1103054,10.0,1
1103056,9.980090262604914,2
1103064,9.883827941648267,8
1103065,10.0,1
1103085,9.565825186563027,20
1103098,9.73345577635667,13
1103110,9.748673085143782,12
1103119,9.824412474365623,9
1103120,10.0,1
1103130,9.804356514541315,10
1103147,9.639073548298969,17
1103155,9.826923963698393,8
1103163,9.859210948913184,8
1103172,9.859659046575551,9
1103179,9.869904398456702,7
1103186,9.875459695084219,7
1103223,9.031796561937693,37
1103230,9.890058367085189,7
1103251,9.585906688017412,21
1103261,9.773428776525886,10
1103264,9.950257446428136,3
1103273,9.821127686125875,9
1103523,3.022538255203812,250
1103564,9.184488795156671,41
1103570,9.898542234098578,6
1103585,9.688422122283265,15
1103592,9.877978206715676,7
1103595,9.967990617776909,3
1103603,9.884627011879543,8
1103613,9.776986399425304,10
1103614,9.989417645778822,1
1103618,9.94109996740992,4
1103637,9.448015601217087,19
1103667,9.02859185180833,30
1103673,9.86711547903952,6
1103674,10.0,1
1103685,9.812454454715315,11
1103699,9.717516460726301,14
1103706,9.856662073809385,7
1103718,9.628350670362547,12
1103730,9.745186568674198,12
1103746,9.664478309621046,16
1103760,9.672769037052957,14
1103773,9.403271826024188,13
1103783,9.597841532337092,10
1103803,9.602528294507023,20
1104030,-18.21679834700624,227
1104043,9.756349074865229,13
1104044,9.996228647864768,1
1104049,8.82281317692457,5
1104064,9.575063033749716,15
1104073,9.834742687305154,9
1104084,9.748769445469156,11
1104095,9.771088973663224,11
1104096,9.992033379263788,1
1104097,10.0,1
1104109,9.770239625548719,12
1104114,9.916467634085947,5
1104130,9.697055484097351,16
1104151,9.496996525479638,21
1104164,9.693977256908664,13
1104173,9.80491682256879,9
1104188,9.660658631713678,15
1104200,9.736016624999195,12
1104206,9.876140104386586,6
1104215,9.7913633608758,9
1104256,8.949005237661039,41
1104263,9.865240332549735,7
1104286,9.496544511202067,23
1104302,9.641708788336251,16
1104319,9.647798268889279,17
1104324,9.917849271238591,5
1104340,9.645694128472027,16
1104343,9.953956936861836,3
1104345,9.975447871508688,2
1104378,9.40993590941201,33
1104379,10.0,1
1104394,9.565889064282706,15
1104410,9.637599306945889,16
1104417,9.847127960108342,7
1104422,9.912164247389642,5
1104428,9.893995206919227,6
1104444,9.658119264038215,16
1104445,10.0,1
1104470,8.787155739501166,25
1104478,9.819399971687268,8
1104492,9.21028453853258,14
1104498,9.706423774838976,6
1104530,8.854828012660882,32
1104539,9.830261429607,9
1104547,9.848869138305279,8
1104555,9.838892451949478,8
1104559,9.939417703003254,4
1104580,9.541864926816825,21
1104597,9.1934938062596,17
1104602,9.914115310661339,5
1104613,9.567745951253624,11
1104627,9.701402927263423,14
1104638,9.811924776217007,11
1104655,9.647074617167586,17
1104671,9.678685839316628,16
1104697,9.55589562289068,26
1104714,9.634231060806583,17
1104746,9.347823947705706,32
1104752,9.893572236951636,6
1104753,10.0,1
1104768,9.649288685650053,15
1104783,9.683961050540415,15
1104791,9.83880161915142,8
1104813,9.509594605920523,22
1104823,9.786295686030236,10
1104825,9.976479382324118,2
1104833,9.866806992187541,8
1104843,9.794985825627693,10
1104848,9.905587368133173,5
1104860,9.706218818064162,12
1104883,9.580781247006675,23
1104895,9.465378665242394,12
1104902,9.872489703343891,7
1104951,8.591001905782159,49
1104961,9.798047692015938,10
1104980,9.56297062192795,19
1104990,8.74225820535492,10
1105001,9.76294020039474,11
1105002,9.987980872749803,1
1105012,9.783493780785474,10
1105026,9.678194730553084,14
1105038,9.750780021115872,12
1105048,9.845119132156853,10
1105062,9.738951678220122,14
1105074,9.73688931202471,12
1105081,9.878000653319395,7
1105105,9.55452701163692,24
1105117,9.722544750232267,12
1105123,9.889344188152583,6
1105151,9.3910805855416,28
1105152,10.0,1
1105163,9.722388302093835,11
1105169,9.891816297398625,6
1105180,9.808250768265976,11
1105181,10.0,1
1105191,9.810441655777948,10
1105197,9.895491212669118,6
1105207,9.801806450469174,10
1105208,10.0,1
1105217,9.858421948600927,9
1105222,9.827605718208519,5
1105234,9.78915783172572,12
1105252,9.613155426799405,18
1105265,9.720267774040863,13
1105270,9.902199369894666,5
1105284,9.706538830389716,14
1105292,9.620159603707494,8
1105301,9.817215090711125,9
1105321,9.60860293531562,20
1105322,10.0,1
1105329,9.875570249949964,7
1105330,10.0,1
1105340,9.790817153683829,10
1105346,9.909349677915616,6
1105354,9.84870127940104,8
1105355,10.0,1
1105372,9.643956739373445,17
1105387,9.700874224784227,15
1105393,9.888913351362602,6
1105406,9.70366367819962,13
1105417,9.802470041284558,11
1105418,10.0,1
1105427,9.818096300691264,9
1105429,9.978533711782854,2
1105449,9.485723633348867,20
1105461,9.749070521702988,12
1105466,9.91196353746026,5
1105475,9.817441696165583,9
1105494,9.074623944419336,19
1105509,9.651809777916812,15
1105522,9.76386582164953,13
1105541,9.596789790995565,19
1105562,9.598742603354989,21
1105569,9.850265576780282,7
1105581,9.70542100635152,12
1105605,9.140982822610379,24
1105620,9.708351584086406,15
1105633,9.723806407257362,13
1105648,9.460574713721432,15
1105657,9.857448114729854,9
1105660,9.965577048862608,3
1105666,9.901991713696866,6
1105673,9.904185682691091,7
1105678,9.923019331544639,5
1105684,9.909550941980436,6
1105692,9.828046406865896,8
1105710,9.58097401988175,18
1105711,10.0,1
1105717,9.898871881965697,6
1105726,9.821690933917752,9
1105739,9.731860855839038,13
1105745,9.89494147674774,6
1105758,9.78400586487927,13
1105779,9.505698081021901,21
1105805,9.465449669198703,26
1105814,9.82081901185055,9
1105823,9.816309108320844,9
1105828,9.918364020208335,5
1105840,9.788344448379252,12
1105841,10.0,1
1105874,9.343110664552453,33
1105886,9.752117076033423,12
1105893,9.870032280537192,7
1105900,9.892575435568364,7
1105903,9.951695903255123,3
1105915,9.713620018039013,12
1105924,9.846663881607505,9
1105990,7.833182867114098,66
1106005,9.694043414530368,15
1106010,9.922717278747108,5
1106035,9.301007660383894,25
1106038,9.957072891132553,3
1106040,9.981777416130212,2
1106061,9.571987676070696,21
1106080,9.596589816777108,19
1106098,9.603458974136899,18
1106117,9.568654944961558,19
1106121,9.935022129495955,4
1106140,9.51667581926077,19
1106158,9.695250884773607,18
1106171,9.723627666356563,13
1106203,9.29837702224562,32
1106207,9.93650995056869,4
1106208,10.0,1
1106209,10.0,1
1106226,9.665065980004742,17
1106240,9.684505346543139,14
1106252,9.761800842490654,12
1106266,9.732623197359997,14
1106274,9.834732128729943,8
1106276,9.975309241662151,2
1106277,10.0,1
1106285,9.841452393027298,8
1106289,9.945394443471102,4
1106299,9.834307220466165,10
1106312,9.075964838260834,13
1106315,9.966404430500804,3
1106329,9.725698619510544,14
1106337,9.86434617233172,8
1106349,9.752806781704454,12
1106350,9.996486691355708,1
1106364,9.597829907487839,14
1106386,9.508632621568431,22
1106393,9.863968082603787,7
1106400,9.86433420480197,7
1106401,10.0,1
1106414,9.76866164803681,13
1106417,9.964807276940398,3
1106423,9.889448390813161,6
1106435,9.744598702817997,12
1106447,9.728342304954344,12
1106461,9.680282563421933,14
1106462,10.0,1
1106465,9.970104316289488,3
1106467,9.975785662898955,2
1106476,9.811086470743867,9
1106485,9.815814322099339,9
1106490,9.915753122994703,5
1106492,9.969458334222827,2
1106500,9.835829216720093,8
1106511,9.780028015509158,11
1106512,10.0,1
1106538,9.209771307918716,26
1106548,9.7924114531517,10
1106565,9.61718572812945,17
1106572,9.881947274610647,7
1106581,9.839960850884461,9
1106593,9.731842332431144,12
1106616,9.421220642716673,23
1106634,9.566851024732655,18
1106643,9.699516620690572,9
1106644,9.988449116306105,1
1106645,10.0,1
1106652,9.663500762739929,7
1106668,9.583026688996917,16
1106681,9.766775851166008,13
1106686,9.91433135239883,5
1106696,9.80964593540385,10
1106703,9.875489647046713,7
1106708,9.909623405701911,5
1106719,9.780796646832036,11
1106733,9.746419224969202,14
1106746,9.733616236355427,13
1106758,9.78807734712164,12
1106768,9.797497258372088,10
1106782,9.724163924718772,14
1106792,9.776004756413306,10
1106809,9.632397733420836,17
1106827,9.570222277953132,18
1106829,9.978635800452595,2
1106838,9.804310946707378,9
1106853,9.394403160143252,15
1106859,9.916836321750944,6
1106860,10.0,1
1106871,9.79849059935266,11
1106883,9.740337886019228,12
1106894,9.783316704624413,11
1106899,9.919900722355273,5
1106914,9.69992183980586,15
1106930,9.631845189169706,16
1106942,9.76726395081499,12
1106957,9.705616356865667,15
1106971,9.411139378560483,14
1106987,9.613653841867329,16
1106996,9.811433840652086,9
1106997,10.0,1
1107004,9.850619093282814,7
1107015,9.788747494050366,11
1107026,9.744856119838209,11
1107035,9.8327444005771,9
1107044,9.837548576177689,9
1107054,9.797701323568061,10
1107070,9.673234557246417,16
1107092,9.510454660600985,22
1107106,9.67847394484784,14
1107119,9.725916979709622,13
1107133,9.685704509461452,14
1107144,9.747030975230398,11
1107158,9.732273238123875,14
1107159,10.0,1
1107166,9.885205607374857,7
1107179,9.698258425282734,13
1107191,9.787293841137492,12
1107194,9.960078836395764,3
1107204,9.826189408521353,10
1107219,9.688448367342668,15
1107239,9.272747320284438,20
1107263,9.169888242673379,24
1107272,9.807214941336587,9
1107283,9.756483616385514,11
1107284,10.0,1
1107298,9.700619145707142,14
1107300,9.974307180699865,2
1107305,9.900569769158622,5
1107321,9.637387167326153,16
1107332,9.750834721357386,11
1107343,9.76895615832504,11
1107344,10.0,1
1107354,9.82135642533094,10
1107373,9.626367279801961,19
1107389,9.684670933348933,16
1107435,9.10283791405368,46
1107449,9.674297462881963,14
1107463,9.713696958065848,14
1107545,8.325013036872857,82
1108045,-13.71930920082807,500
1108545,-15.70586598189362,500
1108571,9.442615414893464,26
1109071,-13.44741189687702,500
1109571,-11.628399012765705,500
1109572,9.989026170853737,1
1109577,9.926734588790753,5
1109589,9.811755289129737,12
1109604,9.659736178505485,15
1109618,9.681717160396332,14
1109627,9.826926326690158,9
1109655,9.463225606974227,28
1109656,9.993444757966655,1
1109670,9.715597433415457,14
1109710,9.179558911938487,40
1109729,9.189828769752728,19
1109730,10.0,1
1109751,9.508430414103255,21
1109759,9.835845341560596,8
1109772,9.727712589560237,13
1109790,9.553471295907592,18
1109802,9.738895898662152,12
1109818,9.707202230800505,16
1109828,9.775860177171893,10
1109832,9.948958114746112,4
1109841,9.556975934495577,9
1109867,9.490099194516304,26
1109869,9.9760476081408,2
1109910,9.267705239420929,41
1109919,9.657668284653159,9
1109927,9.844585446068315,8
1109936,9.811554096590687,9
1109951,9.634968198054638,15
1109965,9.694493049715046,14
1109977,9.717835966856187,12
1109991,9.579271405291001,14
1109995,9.952036356234279,4
1110004,9.824635971610624,9
1110011,9.874915972090037,7
1110019,9.817468363646341,8
1110037,9.241357290555644,18
1110048,9.766607703690772,11
1110050,9.968905917465051,2
1110063,9.680967626588822,13
1110069,9.899228374747347,6
1110081,9.777816004934605,12
1110089,9.878526930165597,8
1110090,10.0,1
1110094,9.933779023840469,4
1110124,9.434127944035673,30
1110126,9.977550878166088,2
1110140,9.748830385934603,14
1110153,9.695840824679282,13
1110166,9.709617482495064,13
1110203,9.229930059262061,37
1110211,9.840973947533318,8
1110225,9.700930954171103,14
1110228,9.953673057518992,3
1110240,9.7085756516072,12
1110253,9.691041208379676,13
1110270,9.646355488367728,17
1110279,9.847057271993048,9
1110299,9.592114837119759,20
1110309,9.822716004317945,10
1110311,9.983319011901871,2
1110316,9.933971308980128,5
1110325,9.822691497092576,9
1110326,10.0,1
1110337,9.768010801764145,11
1110349,9.723611924382867,12
1110355,9.901444068295454,6
1110359,9.938509331324097,4
1110379,9.502854828557972,20
1110393,9.64626529053672,14
1110404,9.769149180107094,11
1110408,9.934629892113636,4
1110409,10.0,1
1110418,9.823587119069453,9
1110431,9.75280514727247,13
1110432,10.0,1
1110433,10.0,1
1110444,9.794547653690259,11
1110459,9.728611549323093,15
1110465,9.89393936726232,6
1110477,9.73983935918789,12
1110493,9.696307855323333,16
1110505,9.778535391976757,12
1110521,8.574301235596723,16
1110522,10.0,1
1110532,9.773608611611541,10
1110543,9.749169787370562,11
1110557,9.753720319697162,14
1110581,9.496177030992845,24
1110592,9.813239313675867,11
1110601,9.814188231855598,9
1110605,9.943959686683595,4
1110620,9.651171653555126,15
1110635,9.731453646225,15
1110671,9.261306724148042,36
1110680,9.808236408919415,9
1110692,9.765554776437614,12
1110700,9.841189871873455,8
1110707,9.874495427925629,7
1110717,9.801019417632256,10
1110718,10.0,1
1110724,9.896619701679864,6
1110744,9.562915787160088,20
1110761,9.65712215821054,17
1110765,9.941038101555089,4
1110766,10.0,1
1110781,9.676911134787519,15
1110802,9.52955008782956,21
1110809,9.867851918325194,7
1110827,9.654376458102032,18
1110841,9.743527023044644,14
1110842,10.0,1
1110845,9.950237535620484,3
1110863,9.634275297789117,18
1110868,9.930827007027913,5
1110877,9.80766101151052,9
1110899,9.512878518298232,22
1110910,9.806371076564487,11
1110911,10.0,1
1110921,9.779141107863797,10
1110929,9.837507252949102,8
1110930,10.0,1
1110931,9.988400711646243,1
1110944,9.73250680040477,13
1110956,9.760021252902115,12
1110959,9.957605210195767,3
1110967,9.856314547233486,8
1110982,9.459882112642237,15
1111015,8.825875243703292,33
1111029,9.681685859571111,14
1111053,9.571485065551832,24
1111065,9.665465064404714,12
1111079,9.672406351163056,14
1111089,9.813196088005176,10
1111090,10.0,1
1111100,9.77905531983888,10
1111111,9.76980470715108,11
1111112,10.0,1
1111113,10.0,1
1111122,9.850919107547158,9
1111135,9.729044513170063,13
1111151,9.725887026948396,16
1111171,9.50435799358327,20
1111182,9.782147861616766,11
1111193,9.787756748303446,11
1111201,9.83732090191973,8
1111210,9.82495881795411,9
1111211,10.0,1
1111228,9.72788971897178,17
1111232,9.933986048380394,4
1111237,9.916056526909589,5
1111251,9.679941049423354,14
1111253,9.969772479413686,2
1111260,9.869483670598798,7
1111270,9.813821403881384,10
1111274,9.926655010561035,4
1111281,9.869110164357656,7
1111295,9.71395023543765,14
1111308,9.70281674604021,13
1111318,9.807337745536044,10
1111338,9.626074703923171,20
1111341,9.968044992283781,3
1111354,9.753430908807621,13
1111367,9.750645897696572,13
1111375,9.632738364064183,8
1111390,9.66625658960252,15
1111401,9.789499950266194,11
1111410,9.815307629876036,9
1111423,9.719624578033677,13
1111424,10.0,1
1111441,9.69296300183719,17
1111453,9.737027516990484,12
1111465,9.765343054733451,12
1111474,9.709542578511956,9
1111486,9.637422642347621,12
1111495,9.810772394761715,9
1111508,9.720602264491756,13
1111527,9.57726987781212,19
1111533,9.891430314912347,6
1111558,9.475691907180906,25
1111559,10.0,1
1111575,9.673342896887469,16
1111589,9.699303080954277,14
1111590,10.0,1
1111591,10.0,1
1111611,9.576745383616526,20
1111628,9.669413572353942,17
1111634,9.879502549849587,6
1111641,9.562676894804927,7
1111648,9.879105681488513,7
1111662,9.758990080718565,14
1111685,9.590512765157415,23
1111695,9.80261812359533,10
1111704,9.816278211932016,9
1111716,9.750192815020888,12
1111721,9.925574325834132,5
1111724,9.964004304829349,3
1111729,9.913198398556196,5
1111739,9.789479469852227,10
1111757,9.646587180619449,18
1111768,9.783713731573142,11
1111787,9.636780457189417,19
1111792,9.926997107716492,5
1111798,9.895631562729058,6
1111803,9.914949984849455,5
1111813,9.829689633028787,10
1111827,9.701600456886794,14
1111831,9.941956005598472,4
1111843,9.72117525506504,12
1111849,9.88315908531171,6
1111855,9.88826014188227,6
1111872,9.602505614371003,17
1111875,9.9649351183534,3
1111886,9.771582443873106,11
1111889,9.955386316366031,3
1111890,10.0,1
1111899,9.864979093450046,9
1111900,10.0,1
1111912,9.70884887870638,12
1111918,9.78415362258773,6
1111941,9.401065687428918,23
1111952,9.767743407534688,11
1111953,9.995984836250432,1
1111967,9.685864443294925,14
1111979,9.772115044935802,12
1112000,9.535490291851678,21
1112016,9.619145150783483,16
1112020,9.935324876372958,4
1112030,9.838813856451345,10
1112032,9.968620421018278,2
1112033,9.992329214902702,1
1112039,9.912271743145768,6
1112052,9.750352208661113,13
1112060,9.843796654064402,8
1112074,9.697459311687517,14
1112092,9.484377998806,18
1112102,9.791158813933452,10
1112116,9.714809379528448,14
1112125,9.815593618655717,9
1112126,10.0,1
1112131,9.92078145383241,5
1112146,9.662240422237472,15
1112147,10.0,1
1112155,9.850938418229527,8
1112175,9.466900563110952,20
1112188,9.748412834678094,13
1112202,9.719579336067802,14
1112207,9.905560020173885,5
1112220,9.778804132266506,13
1112229,9.849072182327353,9
1112242,9.344391945508344,13
1112243,10.0,1
1112249,9.880005701357256,6
1112260,9.770246586277546,11
1112287,9.415792487564012,27
1112298,9.7995220456006,11
1112299,9.988156531894022,1
1112304,9.910399974362575,5
1112323,9.574487110029471,19
1112331,9.831462767497483,8
1112338,9.894032165986026,7
1112343,9.912839828467078,5
1112357,9.693020507250095,14
1112358,10.0,1
1112373,9.622405253395376,15
1112396,9.475146337680606,23
1112407,9.79149462772105,11
1112411,9.939380673364507,4
1112422,9.764787275732665,11
1112423,10.0,1
1112430,9.876691366465641,7
1112431,10.0,1
1112437,9.908909282260888,6
1112448,9.789884190289836,11
1112464,8.860135404696234,16
1112465,10.0,1
1112479,9.705949087080324,14
1112493,9.713041783986627,14
1112513,9.574974582595628,20
1112517,9.939773936375838,4
1112533,9.629283858444694,16
1112534,10.0,1
1112619,-15.462651616547912,85
1112628,9.84567169042923,9
1112650,9.556556590110668,22
1112664,9.694407722026755,14
1112685,9.580396444249704,21
1112698,9.714900473662805,13
1112707,9.830715015570156,9
1112708,10.0,1
1112720,9.736893596702116,12
1112728,9.839033574550461,8
1112737,9.81636440492969,9
1112750,9.731298164242652,13
1112756,9.888782801322101,6
1112778,4.125388890197599,22
1112797,9.547117148995175,19
1112807,9.752436318847016,10
1112814,9.868552456187045,7
1112825,9.78568959426318,11
1112844,9.598616803256249,19
1112855,9.785017411230418,11
1112864,9.836014517044408,9
1112875,9.747951050241799,11
1112891,9.673037148802074,16
1112906,9.704639356584561,15
1112907,10.0,1
1112919,9.747733217158503,12
1112937,9.6266881049699,18
1112941,9.945719439569272,4
1112951,9.77526673655396,10
1112956,9.914500798437377,5
1112960,9.93841702949845,4
1112961,10.0,1
1112969,9.847018643562182,8
1112970,10.0,1
1112973,9.967079109218188,3
1112974,10.0,1
1112987,9.729587450032433,13
1112991,9.934296904423865,4
1113003,9.744334813348832,12
1113012,9.831318826789815,9
1113014,9.985569054404017,2
1113040,9.421639000010677,26
1113050,9.794289398968084,10
1113061,9.843101568142643,11
1113089,9.419071653247451,28
1113090,9.99656188372495,1
1113098,9.859114316817532,8
1113113,9.695101612161746,15
1113149,9.215455881031964,36
1113156,9.841023142725902,7
1113157,10.0,1
1113167,9.773182554398376,10
1113171,9.948810739281647,4
1113179,9.844517923922162,8
1113182,9.959838045898108,3
1113189,9.872918350844284,7
1113204,9.715399928441878,15
1113214,9.791334378451252,10
1113231,9.64020435152011,17
1113236,9.904368394015336,5
1113246,9.805233489559857,10
1113265,9.600426898553014,19
1113274,9.82410679912074,9
1113275,10.0,1
1113285,9.807828969129085,10
1113292,9.874721019013975,7
1113302,9.812755395332882,10
1113314,9.761870064813635,12
1113317,9.95685060786583,3
1113318,10.0,1
1113320,9.979943329043943,2
1113345,9.511992238600365,25
1113354,9.835457354312922,9
1113366,9.721627351469397,12
1113399,7.871054656364548,33
1113403,9.948563465820987,4
1113422,9.638053413973383,19
1113442,9.555523894306031,20
1113452,9.599371437909276,10
1113460,9.853483205937478,8
1113463,9.94495185319308,3
1113478,9.72119899916101,15
1113493,9.690150859001811,15
1113503,9.790443942882405,10
1113508,9.91207017338863,5
1113520,9.783614170626178,12
1113540,9.636991881802007,20
1113553,9.779977921413428,13
1113562,9.841242114762276,9
1113566,9.945678512096947,4
1113569,9.960422986961593,3
1113576,9.878634328363184,7
1113590,9.69906048518821,14
1113591,9.991853817648943,1
1113599,9.856134105471208,8
1113614,9.717230250329184,15
1113632,9.64195765774317,18
1113641,9.816161157069578,9
1113647,9.887682029254346,6
1113658,9.806139884588061,11
1113665,9.875075933767857,7
1113670,9.921786590811646,5
1113695,9.524766251910362,25
1113707,9.756975663317554,12
1113710,9.955092194935617,3
1113722,9.745291006585623,12
1113723,10.0,1
1113724,10.0,1
1113748,9.470522762913989,24
1113765,9.616175037666082,17
1113774,9.559493347136106,9
1113783,9.815420327659371,9
1113788,9.914602437867465,5
1113789,10.0,1
1113813,9.447222704774116,24
1113821,9.830948284261046,8
1113833,9.780185686388137,12
1113844,9.762488735971944,11
1113853,9.833977960457302,9
1113859,9.880103162517628,6
1113870,9.753155030299558,11
1113886,9.673882249146244,16
1113890,9.951402748261476,4
1113912,9.508426251940088,22
1113917,9.91618877037529,5
1113928,9.764734834687166,11
1113938,9.794298243217556,10
1113949,9.781299461682178,11
1113960,9.76104419276887,11
1113965,9.92283560194825,5
1113979,9.752924523357398,14
1113989,9.807759365697919,10
1113998,9.813481946041174,9
1114001,9.95488765182243,3
1114008,9.885586237440565,7
1114022,9.663054494490106,14
1114046,9.53724795766865,24
1114048,9.97858104748699,2
1114071,9.549388909530231,23
1114083,9.80150302795478,12
1114084,9.991947831150817,1
1114085,10.0,1
1114088,9.968702415840545,3
1114102,9.675809707818404,14
1114103,10.0,1
1114107,9.931072667226742,4
1114118,9.764714493377923,11
1114119,10.0,1
1114121,9.981948162227546,2
1114133,9.77920224756548,12
1114153,9.51836068293579,20
1114162,9.805940752988805,9
1114172,9.813948730504938,10
1114186,9.70221948357235,14
1114194,9.864048853502863,8
1114206,9.723735007591708,12
1114220,9.753491428145509,14
1114228,9.847183513302042,8
1114240,9.747202900421199,12
1114255,9.687471531781037,15
1114256,10.0,1
1114267,9.802053043247664,11
1114271,9.948635383389286,4
1114272,10.0,1
1114284,9.759982312816192,12
1114296,9.734918361686246,12
1114310,9.67886560793268,14
1114329,9.583876455808978,19
1114341,9.742945980999009,12
1114346,9.931864680986733,5
1114353,9.870074488798378,7
1114359,9.876320163959036,6
1114364,9.911190085878804,5
1114381,9.451876808674413,17
1114382,10.0,1
1114388,9.909507641839564,6
1114417,9.382982551616921,29
1114419,9.972334811520081,2
1114429,9.770097580396616,10
1114443,9.714520857070085,14
1114455,9.754438264715379,12
1114456,9.996071484233934,1
1114468,9.74775444058142,12
1114469,10.0,1
1114470,10.0,1
1114480,9.808530956354463,10
1114535,8.507268195518911,55
1114548,9.738099450884377,13
1114559,9.787718455144523,11
1114580,9.548257115147253,21
1114588,9.868052257527044,8
1114589,10.0,1
1114600,9.800603281261305,11
1114801,5.974673077144168,201
1114814,9.708351224222952,13
1114835,9.599668740257197,21
1114836,10.0,1
1114849,9.792318534368976,13
1114862,9.696457578734822,13
1114867,9.908073098015748,5
1114895,9.413136666128949,28
1114913,9.668621944069926,18
1114920,9.862871454429582,7
1114926,9.885888744458542,6
1114933,9.892387342838193,7
1114946,8.729609798469093,13
1114964,9.518764201950983,18
1114970,9.898539440601875,6
1114978,9.831893996216388,8
1114999,9.189301298282173,21
1115017,9.663938593766703,18
1115022,9.93094423594225,5
1115026,9.927871073505703,4
1115038,9.73495328397247,12
1115059,9.606313258228319,21
1115060,10.0,1
1115154,8.078067230429264,94
1115155,10.0,1
1115156,10.0,1
1115656,-11.910786974784509,500
1115665,9.83723594027475,9
1115679,9.686552755158363,14
1115684,9.916795459652569,5
1115697,9.713868048955087,13
1115726,9.45280478669294,29
1115740,9.759217579584156,14
1115751,9.757088354026637,11
1115757,9.903419873679505,6
1115766,9.83268709555477,9
1115780,9.69519991397377,14
1115791,9.75890374012081,11
1115803,9.796487067875892,12
1115813,9.80493736175766,10
1115821,9.838793989932277,8
1115845,9.534938261057592,24
1115874,9.383946470463838,29
1115879,9.910765804228182,5
1115880,10.0,1
1115894,9.699076218983757,14
1115902,9.859185521902115,8
1115916,9.706419191036483,14
1115925,9.832507928315353,9
1115934,9.805610895533832,9
1115954,9.53598430067611,20
1115967,9.732611970944294,13
1115968,10.0,1
1115979,9.803686105174348,11
1115986,9.888325307680004,7
1116006,9.536105546989491,20
1116024,9.64712205890323,18
1116035,9.771067693229103,11
1116040,9.896363463373788,5
1116050,9.781086839356426,10
1116054,9.939946457302096,4
1116060,9.88400948078262,6
1116069,9.82218562300463,9
1116073,9.932670863812637,4
1116081,9.85026245810009,8
1116093,9.795468782764267,12
1116100,9.87764809423399,7
1116117,9.614862177613581,17
1116132,9.63364127378452,15
1116141,9.81636757758524,9
1116151,9.795472288392899,10
1116166,9.72585662445077,15
1116169,9.949793746072066,3
1116175,9.883901328427836,6
1116191,9.674567034090831,16
1116206,9.673097130863109,15
1116216,9.78391363981847,10
1116222,9.896372843267566,6
1116225,9.951558692096867,3
1116237,9.755998267662545,12
1116242,9.910936621020289,5
1116250,9.843802539609644,8
1116266,9.700021044822869,16
1116277,9.763085619819634,11
1116326,9.108916899928182,49
1116327,10.0,1
1116337,9.78491321155183,10
1116338,10.0,1
1116346,9.854570539989478,8
1116359,9.7021874769275,13
1116372,9.760259161067292,13
1116378,9.894097386651445,6
1116379,10.0,1
1116394,9.659142118734474,15
1116412,9.636962292368992,18
1116430,9.623556461046991,18
1116448,9.63975129791822,18
1116459,9.807460781676884,11
1116461,9.983697201454333,2
1116484,9.494022916507745,23
1116502,9.605276348183423,18
1116511,9.832838202139198,9
1116517,9.890245877378351,6
1116518,10.0,1
1116544,9.354553004962574,26
1116570,9.436386462141652,26
1116574,9.92905605950845,4
1116594,9.628277673449938,20
1116595,10.0,1
1116616,9.562345732840845,21
1116619,9.955904538744631,3
1116638,9.653454071613023,19
1116639,9.98921152142014,1
1116649,9.802443296186835,10
1116658,9.642134512689982,9
1116661,9.964117041070924,3
1116669,9.829452889745413,8
1116684,9.68178396640246,15
1116700,9.689701794421076,16
1116711,9.789729593213362,11
1116712,10.0,1
1116718,9.909177463027671,6
1116719,10.0,1
1116735,9.603757570109202,16
1116750,9.682853472673969,15
1116751,9.992313354792275,1
1116765,9.745978552461132,14
1116773,9.861131807540245,8
1116782,9.83849706110643,9
1116790,9.848334521302494,8
1116791,10.0,1
1116796,9.926019913187737,5
1116799,9.961563731607011,3
1116806,9.88998173805378,7
1116819,9.747446462631084,13
1116827,9.839629215895272,8
1116839,9.754647366933002,12
1116852,9.72395336716329,13
1116853,10.0,1
1116881,9.389836881760331,28
1116884,9.948502651041878,3
1116893,9.332088021517226,9
1117022,6.634145806118839,129
1117033,9.476624486077815,11
1117051,9.625425901185224,18
1117060,9.842039714812344,9
1117077,9.333400362745987,17
1117091,9.707562485496808,14
1117095,9.932365610197428,4
1117110,9.686794052792408,15
1117114,9.926246666607263,4
1117132,9.602664466864645,18
1117139,9.873006965632463,7
1117147,9.877575781533356,8
1117157,9.821875078978287,10
1117167,9.82557447852031,10
1117174,9.879300532180594,7
1117224,9.02275376717075,50
1117237,9.717598426719158,13
1117248,9.824601152813798,11
1117251,9.961627661087073,3
1117265,9.737490020277047,14
1117283,9.701561298881053,18
1117291,9.851672340868697,8
1117299,9.859084097460673,8
1117318,9.602770799109138,19
1117327,9.807885580094153,9
1117333,9.885162090255387,6
1117334,9.989550984382307,1
1117350,9.640444597720583,16
1117353,9.958225228097394,3
1117357,9.930348689553046,4
1117363,9.886539385549142,6
1117380,9.656974882661174,17
1117419,9.241659668106761,39
1117538,6.697051821734387,119
1117551,9.697527781761895,13
1117573,9.175746446714173,22
1117578,9.9226820210104,5
1117603,9.333457048894704,25
1117614,9.788810440925438,11
1117615,10.0,1
1117616,10.0,1
1117630,9.700958765428155,14
1117638,9.826782176352234,8
1117645,9.8634769770237,7
1117755,7.957920100600804,110
1117785,9.37227312272882,30
1117794,9.83201961384082,9
1117807,9.73110187070698,13
1117822,9.677033015248002,15
1117829,9.873167775390876,7
1117834,9.912397030810522,5
1117846,9.777071530548044,12
1117853,9.883546697593818,7
1117886,9.3231148390357,33
1117891,9.906337881310456,5
1117893,9.973618703578568,2
1117904,9.774054141073801,11
1117918,9.757177864440788,14
1117919,10.0,1
1117930,9.778878711525664,11
1117931,10.0,1
1117946,9.636434479839899,15
1117960,9.682253107600546,14
1117961,9.986643323438877,1
1117979,9.618623988359241,18
1117980,10.0,1
1118001,9.528467003167988,21
1118007,9.90703201216143,6
1118008,10.0,1
1118011,9.9586783588086,3
1118019,9.746713920175871,8
1118024,9.923572531850343,5
1118025,10.0,1
1118034,9.808487222959954,9
1118042,9.866833852154299,8
1118053,9.752218106749035,11
1118060,9.877422598844568,7
1118064,9.94829364133074,4
1118088,9.510777590125087,24
1118098,9.75873619160596,10
1118111,9.702895277352043,13
1118128,9.6414889837918,17
1118135,9.876482591644205,7
1118138,9.954374884676767,3
1118151,9.721057721196093,13
1118156,9.89710329939668,5
1118161,9.917407075507134,5
1118172,9.799625443116323,11
1118174,9.973374046542927,2
1118195,9.549802966876344,21
1118200,9.924015639125441,5
1118212,9.627678739331442,12
1118225,9.706872165840979,13
1118238,9.732287642799758,13
1118255,9.574471591548626,17
1118267,9.74796042352494,12
1118286,9.6437706522129,19
1118305,9.648274538194487,19
1118312,9.859729407794635,7
1118325,9.691073231589929,13
1118340,9.598554152370156,15
1118353,9.69884018849464,13
1118366,9.719525525375833,13
1118374,9.852674840962047,8
1118375,10.0,1
1118382,9.877560255120807,7
1118389,9.866711054054205,7
1118395,9.894005076096718,6
1118402,9.879341072542237,7
1118411,9.837112999539338,9
1118422,9.783571609651231,11
1118424,9.984821701936555,2
1118440,9.652341064437188,16
1118452,9.77208872514745,12
1118458,9.898573498160582,6
1118463,9.922469144916858,5
1118475,9.722125815201158,12
1118489,9.720520713255823,14
1118490,10.0,1
1118494,9.9383323456813,4
1118503,9.825942449820252,9
1118521,9.652940193893935,18
1118525,9.945068875904505,4
1118535,9.825655889530504,10
1118549,9.720267583462075,14
1118559,9.80674993050426,10
1118564,9.91596309143975,5
1118575,9.746787427394612,11
1118576,9.99654788698214,1
1118593,9.62290738782131,17
1118603,9.81307426887218,10
1118609,9.908889346998247,6
1118622,9.742076531568994,13
1118625,9.954859062791424,3
1118634,9.823288130064693,9
1118655,9.393768100159546,21
1118656,10.0,1
1118665,9.78911632245509,9
1118676,9.797285745840567,11
1118688,9.723353425777834,12
1118698,9.797522417448224,10
1118705,9.899686735674395,7
1118709,9.946643941375441,4
1118716,9.870903254939757,7
1118727,9.791509178384771,11
1118744,9.648565073713753,17
1118758,9.665352228646299,14
1118772,9.729500153416309,14
1118790,9.647432716718997,18
1118794,9.639520874491014,4
1118805,9.787534672066492,11
1118814,9.819413092337195,9
1118827,9.693668647440397,13
1118849,9.605856486526717,22
1118867,9.675944441110378,18
1118876,9.81174131048131,9
1118889,9.749018074145946,13
1118905,9.671874695963844,16
1118908,9.960326734928888,3
1118922,9.711675688380362,14
1118930,9.83233919444803,8
1118943,9.713163752266748,13
1118950,9.870577538659662,7
1118951,10.0,1
1118954,9.959257430170808,3
1118967,9.712390997904865,13
1118978,9.766455227949066,11
1118988,9.796382878770192,10
1119004,9.609300417626754,16
1119008,9.944849185572906,4
1119014,9.90191296824356,6
1119026,9.7713570838631,12
1119027,10.0,1
1119040,9.7683079224047,13
1119062,9.505181617134278,22
1119074,9.785020337876489,12
1119078,9.948096169167881,4
1119124,9.055365957649498,46
1119136,9.762176070496688,12
1119159,9.47277595764932,23
1119176,9.661035029117965,17
1119177,10.0,1
1119189,9.744743595944788,12
1119210,9.490956305678047,21
1119223,9.702379805851965,13
1119241,9.663583976695193,18
1119254,9.763310340336435,13
1119276,9.531625692652941,22
1119292,9.491388105641354,16
1119328,9.338438288534174,36
1119346,9.61440006348147,18
1119347,10.0,1
1119355,9.851747949193731,8
1119367,9.471135243277525,12
1119376,9.827490086000433,9
1119387,9.753946497528963,11
1119400,9.720771349669928,13
1119406,9.914774362632503,6
1119421,9.6583716777985,15
1119429,9.739931640439679,8
1119478,8.885508899003057,49
1119492,9.722686407711732,14
1119501,9.82138388800775,9
1119545,9.04656881378459,44
1119556,9.784919480465492,11
1119573,9.618180346069858,17
1119577,9.937708129776484,4
1119599,9.577953948428462,22
1119616,9.658493197140773,17
1119639,9.442605412276153,23
1119647,9.846255742774888,8
1119650,9.964646562663345,3
1119651,10.0,1
1119659,9.838537772280777,8
1119671,9.75352722115591,12
1119677,9.906355411363823,6
1119687,9.715984056923576,10
1119691,9.938410024256708,4
1119706,9.557073553582482,15
1119718,9.450912829067196,12
1119727,9.816769567154957,9
1119728,10.0,1
1119738,9.813094100827778,10
1119747,9.83654275902867,9
1119748,10.0,1
1119782,9.28308114109508,34
1119792,9.803442554843539,10
1119803,9.755975063836098,11
1119810,9.894455233874144,7
1119824,9.69291191912959,14
1119832,9.82506504726961,8
1119839,9.880713265644411,7
1119840,10.0,1
1119852,9.732254934659357,12
1119853,10.0,1
1119861,9.842809316210852,8
1119869,9.86276502536782,8
1119879,9.81662051794486,10
1119881,9.976185818134228,2
1119882,10.0,1
1119887,9.921124001525595,5
1119898,9.761580320995568,11
1119903,9.918731030168194,5
1119909,9.760077522597314,6
1119917,9.87232776652219,8
1119920,9.9468322211472,3
1119921,10.0,1
1119928,9.880797310735142,7
1119978,9.017579572490538,50
1119995,9.613520293164308,17
1120004,9.824203675256443,9
1120034,9.468374716148258,30
1120048,9.563537428516614,14
1120081,9.342985220740909,33
1120083,9.974152382146888,2
1120099,9.621975118538064,16
1120132,9.0248792087719,33
1120154,9.212328490115967,22
1120159,9.928411110640655,5
1120171,9.540682634768006,12
1120176,9.920372173652712,5
1120194,9.669016436695573,18
1120200,9.891070036923333,6
1120211,9.7333337711032,11
1120229,9.496714205410457,18
1120249,9.656297631114395,20
1120256,9.876570320791583,7
1120266,9.794732000139131,10
1120289,9.449330684973269,23
1120300,9.757793083027012,11
1120402,4.161980448034521,102
1120417,9.575291055748966,15
1120426,9.827669845039651,9
1120435,9.804959871723234,9
1120462,9.498021580640355,27
1120475,9.727014857168985,13
1120489,9.729023897791128,14
1120496,9.866263303162846,7
1120501,9.90764549544303,5
1120512,9.7580174251372,11
1120521,9.811389033147375,9
1120535,9.727657698533658,14
1120547,9.78222723019331,12
1120553,9.896653486809264,6
1120558,9.920866934591698,5
1120566,9.841032438410272,8
1120637,8.675226601605566,71
1120650,9.614686031119009,13
1120657,9.855948022212674,7
1120658,10.0,1
1120692,9.435788074219591,34
1120714,9.593305034833346,22
1120721,9.895059885454872,7
1120741,9.5823734724027,20
1120748,9.889380435019852,7
1120758,9.767795079780598,10
1120771,9.739262577570898,13
1120784,9.764763937107464,13
1120795,9.808031578516351,11
1120807,9.785989764609802,12
1120819,9.745530942591008,12
1120829,9.791771251003862,10
1120844,9.644686455780077,15
1120854,9.78824554511845,10
1120869,9.662443996237151,15
1120870,10.0,1
1120884,9.70881640397084,14
1120886,9.981783886832163,2
1120901,9.713943408049836,15
1120911,9.806753305878539,10
1120924,9.728966555840621,13
1120935,9.821127530109472,11
1120955,9.580553521291996,20
1120961,9.89614823556504,6
1120962,9.989196384891917,1
1120967,9.933418765269186,5
1120975,9.843491482302582,8
1120984,9.823545637200844,9
1120995,9.764384630452758,11
1121002,9.890083320064157,7
1121009,9.86565583489987,7
1121036,9.459804641364183,27
1121044,9.825697800438066,8
1121060,9.649046637807828,16
1121061,10.0,1
1121076,9.685723835581536,15
1121576,-211.23417529226884,500
1121585,9.819310419609915,9
1121588,9.958812089278615,3
1121589,10.0,1
1121596,9.869059331206282,7
1121612,9.669385964602819,16
1121622,9.788510698653903,10
1121626,9.918742711659215,4
1121627,10.0,1
1121640,9.71561770792789,13
1121643,9.963274121062826,3
1121655,9.777449152948257,12
1121656,10.0,1
1121657,10.0,1
1121658,10.0,1
1121670,9.78330526739725,12
1121685,9.662838057098302,15
1121699,9.644533235813041,14
1121712,9.693284768205151,13
1121720,9.838457378722277,8
1121734,9.735576248672297,14
1121750,9.683833366277915,16
1121753,9.956712502293357,3
1121766,9.79184940801848,13
1121799,8.915160942304087,33
1121819,9.604132912720184,20
1121831,9.670858758872528,12
1121848,9.692297943932859,17
1121854,9.88873054253372,6
1121865,9.786382761128486,11
1121866,9.988536794966997,1
1121891,9.487111298656659,25
1121901,9.812007937559573,10
1121907,9.875828663944253,6
1121919,9.750628040589133,12
1121924,9.900577507157136,5
1121937,9.715332164137104,13
1121944,9.89243801578428,7
1121949,9.930284941764336,5
1121962,9.732072316507175,13
1121974,9.736412217098371,12
1121988,9.77115822492745,14
1121993,9.914886033106216,5
1122010,9.664582031693602,17
1122014,9.94563407727387,4
1122027,9.712046071142165,13
1122040,9.722401681253825,13
1122049,9.810640509957157,9
1122068,9.604371980411468,19
1122085,9.652803740216395,17
1122091,9.889799096166827,6
1122104,9.732374461186698,13
1122114,9.80736112435612,10
1122129,9.671298427259048,15
1122134,9.706070439969972,5
1122167,9.316332203146722,33
1122171,9.948420832446196,4
1122185,9.68102213082467,14
1122189,9.939690673135894,4
1122204,9.678507875103051,15
1122228,9.500515195564564,24
1122234,9.902552489767242,6
1122259,9.404085470690866,25
1122277,9.688816349341595,18
1122287,9.817197318083391,10
1122295,9.862185755152078,8
1122307,9.7256100817407,12
1122321,9.749955119976919,14
1122342,9.53845534153373,21
1122481,7.304887549071215,139
1122488,9.884575159353163,7
1122512,9.438775601291363,24
1122522,9.798098218317145,10
1122528,9.895455651138729,6
1122533,9.918846841486957,5
1122542,9.857862484324201,9
1122553,9.751607060233031,11
1122565,9.76394033358953,12
1122613,9.006933730344128,48
1122619,9.894315812790813,6
1122631,9.763885069852549,12
1122642,9.748410069899501,11
1122655,9.684656471469637,13
1122663,9.863502342044304,8
1122669,9.892644817876313,6
1122678,9.848425904090405,9
1122679,10.0,1
1122680,10.0,1
1122697,9.634964638878422,17
1122703,9.89798683513177,6
1122715,9.802771041893442,12
1122727,9.739844234535662,12
1122733,9.892618565796669,6
1122740,9.887267792239923,7
1122744,9.937490059831896,4
1122755,9.764687917233621,11
1122759,9.956981781829896,4
1122769,9.82846861458611,10
1122788,9.656832068808052,19
1122802,9.707807087235482,14
1122815,9.742791590373773,13
1122834,9.677789951335585,19
1122836,9.986190345892593,2
1122849,9.735547550675967,13
1122855,9.89721544395176,6
1122869,9.724139737954504,14
1122871,9.98133623114638,2
1122883,9.725541055776324,12
1122894,9.76585532202526,11
1122901,9.880929681077466,7
1122906,9.919224063609713,5
1122916,9.78856102599197,10
1122932,9.654763877003154,16
1122933,10.0,1
1122938,9.912185996941938,5
1122941,9.958611221626926,3
1122957,9.661192568095672,16
1122963,9.881086531056363,6
1122966,9.951156162567159,3
1122975,9.836243466331156,9
1122995,9.601134792207688,20
1123007,9.755989154738218,12
1123008,10.0,1
1123010,9.971151345138528,2
1123011,10.0,1
1123026,9.681825387030248,15
1123039,9.700922295063341,13
1123057,9.583305992894639,18
1123071,9.510208127190335,14
1123090,9.596660786666815,19
1123101,9.744186924089798,11
1123109,9.854562253775407,8
1123112,9.861289054057696,3
1123120,9.836065352468161,8
1123133,9.70402460406666,13
1123140,9.869915777682186,7
1123142,9.97941388004921,2
1123154,9.789109084717994,12
1123155,10.0,1
1123176,9.580554581754907,21
1123194,9.63851173422094,18
1123195,9.988706611830485,1
1123207,9.758232273446938,12
1123219,9.754396483535972,12
1123220,10.0,1
1123231,9.792134392012363,11
1123241,9.77163729162407,10
1123251,9.793512110375135,10
1123254,9.952199489192209,3
1123270,9.64826966606314,16
1123282,9.753457555573794,12
1123291,9.823036168429354,9
1123297,9.883255642304054,6
1123309,9.776527658950247,12
1123317,9.831220258971857,8
1123328,9.773114825967376,11
1123340,9.724077261409152,12
1123350,9.804224225220146,10
1123370,9.205272285484897,20
1123371,9.992523056968999,1
1123372,10.0,1
1123376,9.926032959543555,4
1123393,9.652710468919633,17
1123394,10.0,1
1123416,9.544917609637753,22
1123421,9.921956395276343,5
1123438,9.679588737838742,17
1123448,9.775981164095784,10
1123464,9.702930172395755,16
1123473,9.801812822268728,9
1123487,9.708849432483296,14
1123504,9.675042726723802,17
1123518,9.69750137472251,14
1123535,9.579068791142543,17
1123554,9.680479500898683,19
1123571,9.61326682894659,17
1123599,9.48291508425362,28
1123605,9.888180562879452,6
1123606,10.0,1
1123610,9.949652765358376,4
1123641,9.384863860718553,31
1123652,9.764335931531049,11
1123668,9.6986254156669,16
1123696,9.185089500247942,28
1123707,9.684308864474012,11
1123714,9.86655041930118,7
1123738,9.416903602134914,24
1123748,9.809488461053435,10
1123761,9.714324882745109,13
1123768,9.851490270217774,7
1123769,10.0,1
1123770,9.996095355698086,1
1123797,9.41693013115918,27
1123807,9.79138229958805,10
1123808,10.0,1
1123821,9.752437790659426,13
1123824,9.94580970238777,3
1123837,9.727672666875835,13
1123848,9.796744725779321,11
1123855,9.86077353955993,7
1123861,9.89186018164687,6
1123868,9.569241085601337,7
1123869,10.0,1
1123883,9.702396506124181,14
1123891,9.852852930026428,8
1123898,9.870396984895672,7
1123905,9.643677652737571,7
1123927,9.553472915269978,22
1123931,9.936268037456367,4
1123935,9.931961914623924,4
1123941,9.90759915503933,6
1123951,9.80813145056191,10
1123966,9.683134088182555,15
1123974,9.848546691241522,8
1123987,9.759245751429738,13
1124010,9.250423323994385,23
1124030,9.581578263372482,20
1124047,9.587540242678715,17
1124054,9.888036104318441,7
1124060,9.888634762474293,6
1124074,9.672488008958542,14
1124075,9.987876299772337,1
1124083,9.844133123435839,8
1124087,9.941837611260363,4
1124095,9.847672620582824,8
1124096,9.996090422009662,1
1124111,9.43041445455783,15
1124121,9.804287181587569,10
1124135,9.700638568281098,14
1124144,9.844937162398622,9
1124155,9.759518579174948,11
1124164,9.836150174869585,9
1124167,9.964714667074038,3
1124168,10.0,1
1124175,9.872307321657837,7
1124190,9.692016781910706,15
1124212,9.382141433483016,22
1124221,9.84336828906425,9
1124233,9.742401564866276,12
1124235,9.97619696613801,2
1124245,9.814157365072143,10
1124274,8.747939667764419,29
1124293,9.643605985710458,19
1124309,9.668108334275919,16
1124329,9.549705908578591,20
1124342,9.68475426118111,13
1124348,9.880739777644958,6
1124360,9.816916184982416,12
1124375,9.704719428678992,15
1124378,9.966732846832974,3
1124381,9.973036982287326,3
1124397,9.478382330975833,16
1124404,9.86835205124841,7
1124418,9.697313890411927,14
1124430,9.785235618096916,12
1124446,9.707277866284722,16
1124468,9.575125979124973,22
1124506,8.866365676414928,38
1124593,8.232059448550016,87
1124605,9.729860156913375,12
1124615,9.784094908315872,10
1124631,9.731246781766853,16
1124652,9.538663614824829,21
1124656,9.939279560582547,4
1124666,9.782488711636734,10
1124667,10.0,1
1124679,9.732439447581477,12
1124682,9.953706013587286,3
1124688,9.900360733332196,6
1124691,9.960349988770556,3
1124702,9.733635083550691,11
1124723,9.574950879814358,21
1124733,9.805318277161374,10
1124738,9.92395707937119,5
1124743,9.912732411098391,5
1124747,9.94182222175518,4
1124757,9.724638579693679,10
1124773,9.671540832024347,16
1124788,9.67540735788346,15
1124804,9.694763520532787,16
1124813,9.809986855047883,9
1124818,9.91340455398981,5
1124820,9.972499157095369,2
1124828,9.852919985549555,8
1124855,9.419069521442845,27
1124868,9.776319403332923,13
1124875,9.866985742240994,7
1124888,9.717412504241116,13
1124896,9.829229630899391,8
1124901,9.926984315150884,5
1124908,9.863414325163168,7
1124936,9.426510520717548,28
1124943,9.879728120210196,7
1124961,9.58977149580013,18
1125461,-14.812710808860192,500
1125470,9.799782541077946,9
1125485,9.701773546314193,15
1125536,8.093509035039885,51
1125548,9.743004251486829,12
1125554,9.88272236414862,6
1125570,9.662401060974332,16
1125571,10.0,1
1125580,9.821969652639082,9
1125587,9.859072333320302,7
1125605,9.630569178005226,18
1125615,9.775250764283161,10
1125616,10.0,1
1125617,10.0,1
1125622,9.908774943404161,5
1125631,9.796143145706854,9
1125647,9.651879267450516,16
1125655,9.823604022145089,8
1125664,9.827198852265917,9
1125687,9.49635195463176,23
1125696,9.821839651699028,9
1126196,-210.4081459239602,500
1126210,9.6882569752245,14
1126218,9.857883034822457,8
1126228,9.822650899908965,10
1126235,9.886004503957619,7
1126236,10.0,1
1126242,9.897932818665407,6
1126243,10.0,1
1126254,9.774735200245612,11
1126283,9.253282138155603,29
1126293,9.786803657257288,10
1126298,9.908864702827659,5
1126322,9.471043304192872,24
1126332,9.794183654117006,10
1126345,9.703663630613173,13
1126359,9.737750548055221,14
1126361,9.972282392345628,2
1126373,9.752187375829077,12
1126381,9.858826651636331,8
1126393,9.785963612118298,12
1126415,9.493196975209749,22
1126424,9.83406941111973,9
1126432,9.858162010444001,8
1126442,9.825126096719554,10
1126447,9.925632777715572,5
1126448,10.0,1
1126461,9.726565241884586,13
1126476,9.720257425152827,15
1126478,9.970844453744505,2
1126479,10.0,1
1126491,9.717597508533574,12
1126500,9.814337878389573,9
1126518,9.616173146199454,18
1126524,9.88573408971364,6
1126535,9.78670274165073,11
1126568,9.285301510332395,33
1126569,10.0,1
1126591,9.589994734443618,22
1126601,9.78554118114851,10
1126605,9.935041973626861,4
1126628,9.524852781104686,23
1126629,10.0,1
1126644,9.728286296865702,15
1126660,9.705633354995854,16
1126683,9.439593850581712,23
1126684,10.0,1
1126694,9.791977120806948,10
1126709,9.70685246835892,15
1126726,9.649707618756517,17
1126729,9.960936931643563,3
1126734,9.934814296059724,5
1126768,9.142737808735165,34
1126782,9.749025315548147,14
1126793,9.79358921920624,11
1126797,9.925005309352203,4
1126810,9.758275981843891,13
1126811,10.0,1
1126816,9.894094647605167,5
1126830,9.700323892798611,14
1126913,8.42156526135525,83
1126932,9.583342571783827,19
1126939,9.86366240304367,7
1126963,8.723372677791561,24
1126973,9.777839894731851,10
1126990,9.601354448056382,17
1126994,9.940837906786571,4
1127010,9.733742158124848,16
1127023,9.728174317612725,13
1127035,9.753658866548008,12
1127040,9.927927224903234,5
1127057,9.643558505705053,17
1127066,9.808014074818486,9
1127070,9.930931438234092,4
1127073,9.963134645716794,3
1127083,9.790484151756925,10
1127093,9.801368819104427,10
1127099,9.898132148869127,6
1127116,9.576564686056331,17
1127136,9.632778144304325,20
1127144,9.851846271898635,8
1127145,10.0,1
1127150,9.916535526456343,5
1127176,9.460827073995281,26
1127199,9.55970712594452,23
1127203,9.94224023912529,4
1127219,9.64003431240106,16
1127238,9.492857782511084,19
1127259,9.560986124418484,21
1127267,9.73938369859359,8
1127272,9.925264868963628,5
1127283,9.751944495508859,11
1127296,9.443006235649001,13
1127320,9.517862093757863,24
1127329,9.847101336474703,9
1127330,10.0,1
1127345,9.634326105178678,15
1127354,9.825777353128895,9
1127360,9.921328243259426,6
1127367,9.565231514769946,7
1127375,9.85645889098857,8
1127384,9.813493639439365,9
1127393,9.820252633071682,9
1127437,9.001129525860035,44
1127447,9.804820276245511,10
1127448,10.0,1
1127459,9.761758269531013,11
1127480,9.568462354382639,21
1127492,9.562644318225747,12
1127511,9.598045678365066,19
1127526,9.698370021012451,15
1127544,9.64994466714341,18
1127548,9.929702942234007,4
1127563,9.671660889287104,15
1127577,9.712024262352616,14
1127589,9.718908709029229,12
1127607,9.657629094547229,18
1127623,9.653394357208487,16
1127644,9.592413444322933,21
1127656,9.755163307334534,12
1127671,9.669629836170026,15
1127686,9.688599624056774,15
1127693,9.892149636442287,7
1127701,9.84317146691277,8
1127713,9.72065380827517,12
1127721,9.856117090840558,8
1127732,9.760364286824435,11
1127738,9.890767144646167,6
1127745,9.859602596182329,7
1127751,9.880297906801632,6
1127769,9.596117287068829,18
1127782,9.765825937772028,13
1127786,9.933659925224548,4
1127803,9.650272862088158,17
1127813,9.817307630105354,10
1127820,9.88672047670992,7
1127830,9.819410907447018,10
1127855,9.567960690155175,25
1127864,9.80779175808794,9
1127867,9.947860802502625,3
1127878,9.75647103133277,11
1127890,9.741590132340558,12
1127896,9.884941139131612,6
1127905,9.829228149211591,9
1127910,9.910059024895256,5
1128410,-23.602057075202836,500
1128442,9.26309954628562,32
1128458,9.681257795096695,16
1128459,9.992738733571029,1
1128460,10.0,1
1128473,9.727256076621567,13
1128474,10.0,1
1128488,9.7334163705918,14
1128494,9.864994489074455,6
1128505,9.760891016867808,11
1128515,9.781538254215786,10
1128533,9.577541527822909,18
1128543,9.827636334327007,10
1128557,9.737125425587832,14
1128565,9.847749545123378,8
1128577,9.736972955441916,12
1128588,9.78012854667342,11
1128603,9.751786225915547,15
1128624,9.509343028522105,21
1128635,9.768916943676492,11
1128647,9.706386677439218,12
1128667,9.557915602772557,20
1128668,10.0,1
1128678,9.785946411727192,10
1128679,9.987956187908981,1
1128695,9.61508283088555,16
1128707,9.75568947668117,12
1128717,9.781334905049711,10
1128737,9.598825804254325,20
1128751,9.71303094978302,14
1128783,9.11393245026802,32
1128800,9.305692387680688,17
1128807,9.85384791238961,7
1128811,9.942980590065599,4
1128822,9.765353394869905,11
1128834,9.769085972416455,12
1128845,9.827789411964197,11
1128854,9.820146960450327,9
1128864,9.76403694538881,10
1128879,9.633241828436946,15
1128883,9.9389043972265,4
1128891,9.847784835741233,8
1128898,9.861166387240788,7
1128915,9.64474785306337,17
1128919,9.942008572942113,4
1128926,9.864674461302831,7
1128932,9.889484463545065,6
1128947,9.6559023871207,15
1128955,9.855925988201179,8
1128963,9.83465673062352,8
1128976,9.760438432477716,13
1128982,9.881072699419471,6
1128991,9.813041760776683,9
1129006,9.659534536206195,15
1129018,9.753511279000293,12
1129019,10.0,1
1129029,9.779341487132358,10
1129034,9.907738327579978,5
1129042,9.840024617407458,8
1129047,9.915391620574812,5
1129068,9.594446770875074,21
1129080,9.695164857314555,12
1129094,9.685717299600014,14
1129108,9.711891687386736,14
1129109,10.0,1
1129131,9.458865658061123,22
1129141,9.80028876466391,10
1129156,9.701089212028554,15
1129171,9.668346446836642,15
1129181,9.787055136749942,10
1129185,9.641197569398063,4
1129202,9.603587707620532,17
1129209,9.883062017398364,7
1129220,9.513496994542914,11
1129240,9.601235066124964,20
1129250,9.782663544389544,10
1129270,9.616105849616956,20
1129273,9.968256471749289,3
1129292,9.66932514734564,19
1129304,9.713349705781786,12
1129324,9.306348859869033,20
1129336,9.776991179368668,12
1129394,8.988043796347887,58
1129409,9.709139513922192,15
1129429,9.615032477167459,20
1129442,9.71535495304618,13
1129451,9.825561580537064,9
1129470,9.620528303680238,19
1129489,9.554431130417349,19
1129505,9.637792084027339,16
1129515,9.802216863884455,10
1129524,9.80537678668676,9
1129531,9.874621668880705,7
1129544,9.732249070525803,13
1129562,9.652189992625063,18
1129563,10.0,1
1129569,9.891467425310617,6
1129664,7.981654677208015,95
1129675,9.764577908870436,11
1129685,9.797661973935998,10
1129700,9.688690367924574,15
1129712,9.748210423836523,12
1129716,9.928282313408989,4
1129728,9.745732922490472,12
1129741,9.631560735753466,13
1129748,9.870521429009823,7
1129771,9.517144019053232,23
1129791,9.599179904254706,20
1129797,9.898180394795439,6
1129812,9.69626384939282,15
1129820,9.82523925460708,8
1129829,9.824799821585835,9
1129837,9.839791193060384,8
1129843,9.883721291154732,6
1129860,9.439336796995349,17
1129875,9.666834037762735,15
1129888,9.71478451971393,13
1129901,9.681095232023305,13
1129909,9.844390768950653,8
1129918,9.790393159601978,9
1129929,9.74556384267799,11
1129939,9.770987022654822,10
1129944,9.908486991960412,5
1129956,9.792448792496744,12
1129979,9.450401386469416,23
1129987,9.841770947007605,8
1129993,9.909492178932977,6
1130003,9.7937507656945,10
1130004,10.0,1
1130016,9.7118322726035,12
1130017,10.0,1
1130018,10.0,1
1130024,9.902832364773305,6
1130044,9.345709687839806,20
1130064,7.889813122449551,20
1130076,9.792006905868766,12
1130093,9.69429308789245,17
1130100,9.849120734168425,7
1130116,9.666289775810183,16
1130125,9.82771992801106,9
1130132,9.877641013698252,7
1130140,9.829259867618497,8
1130151,9.801290784878603,11
1130155,9.940861278042572,4
1130161,9.896678576929915,6
1130177,9.692992355976523,16
1130180,9.954626444413307,3
1130199,9.624882651475206,19
1130202,9.947535548817697,3
1130220,9.599212923733667,18
1130221,9.996244034285073,1
1130232,9.760620132630851,11
1130243,9.761680633158061,11
1130244,10.0,1
1130248,9.944615377708372,4
1130251,9.964045309656147,3
1130263,9.756199086077938,12
1130271,9.85692860193695,8
1130280,9.84188222123677,9
1130292,9.729172493863645,12
1130351,8.846716900396164,59
1130355,9.949766088022946,4
1130388,9.463383278499641,33
1130395,9.867741268150077,7
1130413,9.637413372736162,18
1130429,9.656562779159238,16
1130439,9.784169463510873,10
1130453,9.730317299437152,14
1130454,9.988340216195994,1
1130464,9.811324638534007,10
1130477,9.702264348657502,13
1130490,9.71742048141202,13
1130499,9.818006362133591,9
1130504,9.912534183300753,5
1130509,9.9365457577754,5
1130513,9.949939709370343,4
1130531,9.461137569241087,18
1130532,10.0,1
1130539,9.873931330665812,7
1130552,9.68909922456836,13
1130562,9.839065914811435,10
1130574,9.753168301504907,12
1130589,9.709217070331178,15
1130596,9.909044124689128,7
1130610,9.712842252051995,14
1130624,9.7008688960999,14
1130629,9.927985397856292,5
1130645,9.585611211524505,16
1130662,9.605299021981153,17
1130668,9.903399899731289,6
1130677,9.837180440328055,9
1130696,9.626556417661284,19
1130704,9.864548660581058,8
1130709,9.915083913996918,5
1130716,9.889701664456163,7
1130726,9.805721254870972,10
1130738,9.769345794236656,12
1130752,9.71770381911334,14
1130753,10.0,1
1130762,9.821567097860251,9
1130766,9.946695005213742,4
1130779,9.731871516953705,13
1130782,9.958443347973958,3
1130786,9.942164385527734,4
1130791,9.919957772123842,5
1130792,10.0,1
1130806,9.711129450491054,14
1130813,9.778202661652127,7
1130825,9.760887848886867,12
1130834,9.84875184224763,9
1130843,9.81384853010917,9
1130866,9.574936725715984,23
1130879,9.732483419002003,13
1130887,9.860049916410448,8
1130899,9.750128723670416,12
1130902,9.94906181617729,3
1130916,9.716971931982384,14
1130936,9.590157676807008,20
1130953,9.70864207926072,17
1130960,9.87173774878071,7
1130961,9.99653413050866,1
1130968,9.87444922820182,7
1130972,9.95183207048508,4
1130978,9.890959153243166,6
1131029,4.394858868864557,51
1131045,9.729704205872611,16
1131061,9.623442828962455,16
1131067,9.892917790220697,6
1131080,9.72824026251239,13
1131094,9.763528215247085,14
1131104,9.822987570253675,10
1131114,9.786305191994652,10
1131119,9.706924005814084,5
1131127,9.858415288984821,8
1131144,9.647963641652764,17
1131154,9.799811804133506,10
1131167,9.710304373317992,13
1131176,9.830758607242652,9
1131220,8.975784094107766,44
1131223,9.95619396426908,3
1131230,9.890007845360152,7
1131233,9.96234446146819,3
1131234,10.0,1
1131247,9.734226261444467,13
1131255,9.853123900484562,8
1131272,9.6454460281439,17
1131300,9.369188468692965,28
1131312,9.785740257272073,12
1131323,9.753470933615091,11
1131332,9.796732830789926,9
1131335,9.952409164421695,3
1131346,9.671004208675937,11
1131347,10.0,1
1131348,10.0,1
1131359,9.764387688152874,11
1131382,9.604013779361324,23
1131383,10.0,1
1131384,10.0,1
1131411,9.452498352820689,27
1131415,9.93622641851632,4
1131423,9.864565758693118,8
1131430,9.885479760153117,7
1131444,9.696403625770847,14
1131452,9.845582512735303,8
1131459,9.872239624913929,7
1131463,9.929362831419985,4
1131471,9.841144522932108,8
1131481,9.792496378269915,10
1131492,9.762690974714507,11
1131501,9.545791642574388,9
1131519,9.658805637213977,18
1131528,9.825522041371734,9
1131537,9.832796046996473,9
1131548,9.75068310121755,11
1131558,9.831959347247436,10
1131564,9.895520835308794,6
1131575,9.802199116594602,11
1131581,9.89930567168172,6
1131602,9.628268613820287,21
1131615,9.751409843294965,13
1131622,9.886393179797047,7
1131631,9.83635605923495,9
1131639,9.845971677915395,8
1131642,9.95928279102935,3
1131643,10.0,1
1131681,8.650830219624398,38
1131701,9.616514721510146,20
1131713,9.756596388569601,12
1131714,10.0,1
1131750,9.223415832259251,36
1131759,9.81171425791248,9
1131773,9.525812322966965,14
1131787,9.674291835690445,14
1131790,9.968989183710253,3
1131805,9.655669252418866,15
1131815,9.816308490981921,10
1131839,9.300851970147608,24
1131841,9.98372608912775,2
1131864,9.495153267533825,23
1131876,9.793727945451261,12
1131885,9.843837309282248,9
1131886,10.0,1
1131887,10.0,1
1131904,9.716492480703494,17
1131922,9.647251944006117,18
1131935,9.693744023948156,13
1131949,9.748943736489974,14
1131952,9.959676148004396,3
1131968,9.62967457231339,16
1131993,9.53843226533702,25
1132005,9.720851578072168,12
1132009,9.927912570114179,4
1132012,9.967566761536007,3
1132024,9.74532468503081,12
1132034,9.786188531932178,10
1132035,10.0,1
1132039,9.939732232806325,4
1132052,9.707351941322923,13
1132067,9.703965303031636,15
1132078,9.755442108801974,11
1132080,9.973438403147602,2
1132090,9.806412865356366,10
1132105,9.682786699446616,15
1132117,9.74544586836213,12
1132122,9.912399757363502,5
1132136,9.708897205515878,14
1132144,9.845320418056813,8
1132157,9.702470075957187,13
1132164,9.844133326401243,7
1132180,9.620641451110314,16
1132189,9.828538699161495,9
1132190,10.0,1
1132198,9.859353622923253,8
1132203,9.925257364839908,5
1132218,9.726798194017077,15
1132227,9.843329197980662,9
1132238,9.766924429463321,11
1132246,9.849417726678166,8
1132257,9.81463565557272,11
1132267,9.766678913067564,10
1132268,10.0,1
1132283,9.641299583667067,15
1132304,9.5074819732123,21
1132325,9.530459364298288,21
1132332,9.869966004170797,7
1132343,9.793070265468739,11
1132348,9.903543779184924,5
1132353,9.906166499577848,5
1132361,9.850172844473999,8
1132372,9.737112948367832,11
1132384,9.762823364552506,12
1132396,9.74875392586882,12
1132407,9.755501933979879,11
1132419,9.766266761181837,12
1132481,8.672713014274478,62
1132516,8.14536052623522,35
1132531,9.676573306511173,15
1132542,9.75342584067847,11
1132558,9.68649137863058,16
1132571,9.690284783736153,13
1132580,9.835931021045221,9
1132581,10.0,1
1132590,9.851747932827557,9
1132594,9.95456689858301,4
1132612,9.650121569547833,18
1132623,9.761077357631757,11
1132637,9.730552833474244,14
1132644,9.876068752880938,7
1132650,9.888809275669523,6
1132667,9.63291702054425,17
1132672,9.921521778775507,5
1132681,9.832304870351072,9
1132700,9.538092529224963,19
1132715,9.737441587563062,15
1132727,9.788942619372158,12
1132738,9.778096807179477,11
1132768,9.200779104899384,30
1132783,9.65807313264593,15
1132788,9.903016165010191,5
1132811,9.23296594271775,23
1132822,9.771321496998194,11
1132840,9.571944143130205,18
1132852,9.752001182627614,12
1132864,9.736832920482767,12
1132879,9.676180909925947,15
1132890,9.778962544151153,11
1132901,9.78409918202581,11
1132953,9.070851569367738,52
1132962,9.825473993604572,9
1132972,9.77661541827589,10
1132990,9.628006701980048,18
1132991,10.0,1
1133011,9.545930061120039,20
1133017,9.907482652736237,6
1133020,9.952349054823372,3
1133042,9.592552089929216,22
1133050,9.852956775799395,8
1133066,9.66288372424957,16
1133069,9.950742024739158,3
1133078,9.840283601369778,9
1133098,9.59926866188917,20
1133105,9.878235623288754,7
1133125,9.566700294088294,20
1133145,9.527215901265688,20
1133146,10.0,1
1133149,9.953860946401086,3
1133157,9.867585466702113,8
1133173,9.670304757515385,16
1133179,9.887834678551991,6
1133181,9.97906957804418,2
1133190,9.821175928698217,9
1133191,10.0,1
1133197,9.899279557052859,6
1133207,9.785953768050563,10
1133209,9.975004943878107,2
1133225,9.644104880465784,16
1133240,9.689346194820418,15
1133254,9.687522992030027,14
1133274,9.637903893866136,20
1133285,9.783568270463615,11
1133303,9.651306122337331,18
1133328,8.956384219096046,25
1133329,10.0,1
1133358,9.344486215676651,29
1133363,9.929599697962269,5
1133364,9.996762918111628,1
1133365,10.0,1
1133367,9.984807073366605,2
1133379,9.747457242664154,12
1133396,9.627774547975944,17
1133404,9.831991428375499,8
1133414,9.786741276298915,10
1133419,9.923345236552581,5
1133431,9.799087068959718,12
1133460,8.92431425954597,29
1133474,9.526948393758524,14
1133491,9.602207582419897,17
1133496,9.92518790476265,5
1133506,9.804984397091093,10
1133518,9.747530247549495,12
1133523,9.912495109286047,5
1133533,9.79544002070702,10
1133545,9.795282179645536,12
1133556,9.776020328053802,11
1133568,9.783069632067876,12
1133572,9.945534340256593,4
1133578,9.900545856046703,6
1133598,9.550209148785695,20
1133599,10.0,1
1133615,9.66780158364712,16
1133633,9.627774791229267,18
1133634,10.0,1
1133648,9.688712755191625,14
1133649,9.995972060289244,1
1133662,9.758038344133714,13
1133746,8.366932506442085,84
1133754,9.844840713477655,8
1133765,9.770932252090574,11
1133775,9.811465052982006,10
1133784,9.815364392564602,9
1133791,9.883378410882152,7
1133792,10.0,1
1133800,9.83250512409826,8
1133821,9.298313933564684,21
1133838,9.682754557912055,17
1133853,9.657512041317295,15
1133854,10.0,1
1133870,9.660639569669714,16
1133880,9.823334312821956,10
1133909,9.447058570122767,29
1133921,9.757731719758313,12
1133935,9.691335804783888,14
1133937,9.972444074487706,2
1133938,10.0,1
1133947,9.816510810088667,9
1133961,9.716567101259809,14
1133966,9.919804315281336,5
1134466,-144.6333216407307,500
1134473,9.868198874991378,7
1134482,9.820411966628003,9
1134484,9.97750213082087,2
1134489,9.917560982813885,5
1134494,9.923299753704988,5
1134495,9.987049202819517,1
1134504,9.821083022332678,9
1134512,9.852040100875007,8
1134513,10.0,1
1134514,10.0,1
1134523,9.810829377381728,9
1134572,8.864893224623287,49
1134587,9.723718408973136,15
1134595,9.861366396879314,8
1134596,10.0,1
1134599,9.963721693911518,3
1134640,8.682883762128379,41
1135140,-201.25173114611837,500
1135157,7.471131247118521,17
1135214,8.842578821480855,57
1135224,9.777605983458137,10
1135225,10.0,1
1135238,9.681654590086886,13
1135250,9.752210196075147,12
1135254,9.934031712973294,4
1135256,9.98279873899655,2
1135272,9.70015797908159,16
1135278,9.877121181952194,6
1135279,10.0,1
1135297,9.598725185207321,18
1135310,9.73341986991827,13
1135311,10.0,1
1135320,9.807736200802317,9
1135326,9.878502094415598,6
1135372,8.537062085706326,46
1135380,9.845786242970817,8
1135399,9.597915721038607,19
1135401,9.983519595708191,2
1135413,9.76939760059716,12
1135419,9.904893948135472,6
1135423,9.92710064129455,4
1135426,9.966791470744996,3
1135437,9.780826160705391,11
1135454,9.472317104556467,17
1135458,9.941542807934002,4
1135463,9.92126815720025,5
1135475,9.751969511532398,12
1135485,9.845825415642397,10
1135496,9.784558109354366,11
1135502,9.890738775579642,6
1135505,9.96173460615469,3
1135511,9.907468904046418,6
1135512,10.0,1
1135513,9.991907116633584,1
1135522,9.808746089873553,9
1135523,10.0,1
1135540,9.587511984759896,17
1135550,9.789182443353418,10
1135561,9.777175478762732,11
1135591,9.332296361693658,30
1135599,9.845140071533574,8
1135621,9.354371053182813,22
1135633,9.76094755154303,12
1135646,9.738177183701307,13
1135658,9.787749035190433,12
1135675,9.705699834118093,17
1135685,9.800833895355211,10
1135690,9.90478404182054,5
1135691,10.0,1
1135692,10.0,1
1135693,10.0,1
1135697,9.928788283436765,4
1135705,9.86378508571811,8
1135717,9.769059952239111,12
1135738,9.543012526193937,21
1135747,9.842741570048306,9
1135818,-6.212490261445808,71
1135890,8.17752924982014,72
1135941,9.041867571652887,51
1135944,9.95594097871772,3
1135962,9.641061190523029,18
1135966,9.947473911502895,4
1135969,9.963214163670774,3
1135970,10.0,1
1135978,9.872168889720113,8
1135979,10.0,1
1135987,9.84049975431351,8
1136005,9.612080031439266,18
1136017,9.730099853725267,12
1136028,9.796847607758489,11
1136037,9.805683861143066,9
1136051,9.670503641726794,14
1136062,9.814853297827574,11
1136083,9.174855314150141,21
1136093,8.97589741045011,10
1136094,10.0,1
1136105,9.765198016008208,11
1136119,9.676706075478368,14
1136141,9.458749965717724,22
1136145,9.942653944370507,4
1136153,9.841291119226796,8
1136162,9.861084554053468,9
1136173,9.820169653823138,11
1136176,9.968192751302636,3
1136187,9.773330453246404,11
1136238,8.588186264189416,51
1136247,9.793168664071175,9
1136248,9.996588168474208,1
1136252,9.94487921131904,4
1136263,9.759700975381271,11
1136264,10.0,1
1136280,9.441430990318706,16
1136293,9.70786211440335,13
1136310,9.594198543058802,17
1136364,8.965761669108126,54
1136375,9.762242068454333,11
1136397,9.339620527721538,22
1136406,9.81060590571551,9
1136407,10.0,1
1136421,9.55318594211528,14
1136422,10.0,1
1136423,10.0,1
1136427,9.946911828859974,4
1136443,9.588667945291373,16
1136459,9.636586891084363,16
1136485,9.374755177994679,26
1136498,9.712626089717162,13
1136508,9.83123949038225,10
1136520,9.73280926376948,12
1136528,9.831384192623533,8
1136529,10.0,1
1136545,9.354273862521689,16
1136553,9.8715757559715,8
1136573,9.580495552392472,20
1136591,9.563109153944527,18
1136602,9.771986646012834,11
1136609,9.862431172186714,7
1136614,9.928522362021706,5
1136615,9.989588216034491,1
1136632,9.606889931815122,17
1136641,9.822693886205435,9
1136651,9.799133108403197,10
1136659,9.839920359669174,8
1136681,9.261961895266634,22
1136683,9.969889290906632,2
1136689,9.886896506859863,6
1136706,9.676057897402405,17
1136713,9.885984769530909,7
1136718,9.915188798546382,5
1136719,10.0,1
1136730,9.767679594235112,11
1136739,9.792585879958281,9
1136751,9.750215673775903,12
1136762,9.765353399638348,11
1136780,9.624674392641772,18
1136792,9.772956046169815,12
1136797,9.931014013284884,5
1136810,9.705354427342975,13
1136823,9.725232424729722,13
1136829,9.905060425751396,6
1136839,9.80039874981106,10
1136849,9.834274527344885,10
1136853,9.94461467989469,4
1136864,9.746662206237215,11
1136873,9.750915332120575,9
1136879,9.906515194833638,6
1136895,9.646477935224842,16
1136896,10.0,1
1136906,9.801791138678745,10
1136920,9.681513539104067,14
1136921,10.0,1
1136932,9.78843982201367,11
1136936,9.930232261429621,4
1136951,9.626761623738943,15
1136961,9.8151322713296,10
1136962,10.0,1
1136968,9.879886180019293,6
1136983,9.69589456934401,15
1136994,9.77166615070069,11
1137002,9.8602939499375,8
1137007,9.921485564891322,5
1137021,9.709327958290862,14
1137031,9.81009139670276,10
1137034,9.959855557710599,3
1137039,9.91253238598606,5
1137054,9.640462934647376,15
1137059,9.910365688700907,5
1137079,9.187813681881922,20
1137088,9.821112571438908,9
1137189,8.004240625016301,101
1137195,9.89057126265005,6
1137198,9.964416262087443,3
1137218,9.578902807443091,20
1137220,9.972173719035066,2
1137224,9.952962402910769,4
1137225,10.0,1
1137238,9.671329418485858,13
1137246,9.83569285737519,8
1137259,9.422127691617101,13
1137275,9.614696038700538,16
1137281,9.894307324998001,6
1137297,9.597681342426226,16
1137317,9.543039725195152,20
1137320,9.958952813200472,3
1137336,9.700872392735032,16
1137354,9.630863394235446,18
1137371,9.643931138231567,17
1137384,9.71419309302694,13
1137396,9.730276553433663,12
1137400,9.935853466922278,4
1137401,10.0,1
1137409,9.8545930848736,8
1137429,9.42165277884205,20
1137439,9.807442486944325,10
1137485,9.159693707247857,46
1137492,9.87157775733923,7
1137506,9.698187004865979,14
1137517,9.788768255175086,11
1137544,9.455046482049864,27
1137560,9.708255647373555,16
1137571,9.815709804808526,11
1137583,9.756685128389265,12
1137596,9.695794958891838,13
1137602,9.88451946131502,6
1137614,9.74529070160551,12
1137619,9.921739422998115,5
1137634,9.666330327992345,15
1137642,9.850971678699521,8
1137649,9.872006662979821,7
1137653,9.937807650582663,4
1137665,9.753043506427183,12
1137668,9.949769678851416,3
1137679,9.769168417479944,11
1137681,9.976488371875798,2
1137688,9.84999709417453,7
1137697,9.817182874653325,9
1137711,9.69207564485038,14
1137717,9.885700952511309,6
1137736,9.616019981224595,19
1137741,9.928904123427452,5
1137748,9.87600502280446,7
1137751,9.957891686090248,3
1137758,9.880071188334261,7
1137772,9.723319394206964,14
1137777,9.89702522281821,5
1137778,10.0,1
1137790,9.756432037068349,12
1137791,10.0,1
1137794,9.954440884643091,3
1137807,9.74203986581771,13
1137812,9.90273578831516,5
1137822,9.803010600444747,10
1137835,9.723672630463483,13
1137844,9.807322246153461,9
1137850,9.902421383880064,6
1138350,-16.72460735945396,500
1138366,9.474927954307985,16
1138379,9.739122170970687,13
1138391,9.759572179468647,12
1138404,9.723197788647264,13
1138416,9.712901247300758,12
1138428,9.737492610979467,12
1138455,9.454548236887797,27
1138466,9.769022072359853,11
1138467,10.0,1
1138478,9.744454404816972,11
1138496,9.591179250485984,18
1138501,9.930486756824038,5
1138508,9.87051670425084,7
1138524,9.674930736007346,16
1138525,10.0,1
1138534,9.806191346671142,9
1138546,9.727783975056068,12
1138547,10.0,1
1138548,9.996276639169604,1
1138549,10.0,1
1138559,9.792666048184484,10
1138567,9.88513855507716,8
1138578,9.806299434417014,11
1138585,9.854289590122121,7
1138594,9.813622128574297,9
1138600,9.909082394206173,6
1138624,8.282742329602137,24
1138625,10.0,1
1138634,9.837771477378077,9
1138650,9.636250833787047,16
1138665,9.629635729507875,15
1138666,10.0,1
1138682,9.697766016618301,16
1138691,9.8506714630237,9
1138696,9.815709539592024,5
1138700,9.734829293625783,4
1138771,8.40211361585531,71
1138782,9.77318776898436,11
1138783,9.987444398109504,1
1138784,10.0,1
1138791,9.88050763187999,7
1138792,10.0,1
1138800,9.850328129856312,8
1138814,9.725461401758034,14
1138824,9.813629139066181,10
1138837,9.760985653186697,13
1138852,9.641962903619936,15
1138862,9.780855004029887,10
1138863,10.0,1
1138981,-10.714253719379993,118
1138993,9.793919522108444,12
1138999,9.887982133247316,6
1139000,10.0,1
1139017,9.62909260866568,17
1139048,9.37857373063389,31
1139049,9.98929062251839,1
1139050,10.0,1
1139056,9.913561032887458,6
1139061,9.92344017473389,5
1139068,9.86641722285963,7
1139073,9.93491366136338,5
1139096,9.479913552933635,23
1139101,9.902189327419713,5
1139118,9.644021365009808,17
1139140,9.601909809450602,22
1139149,9.796305873564707,9
1139164,9.65427752007671,15
1139177,9.7321505194891,13
1139188,9.817876174775193,11
1139198,9.703173626667247,10
1139214,9.685906848566443,16
1139226,9.77011770409485,12
1139237,9.791892777136267,11
1139250,9.697811095415082,13
1139251,10.0,1
1139262,9.769925776461426,11
1139281,9.566045255236094,19
1139286,9.916711352181485,5
1139302,9.637352021347937,16
1139307,9.932966471449728,5
1139336,9.331961595122563,29
1139351,9.686926373877684,15
1139369,9.675706988458229,18
1139506,7.307421617010949,137
1139517,9.807778880081317,11
1139532,9.635244419894356,15
1139547,9.687041727261626,15
1139557,9.776400738724147,10
1139562,9.925133167375025,5
1139563,9.988202910365741,1
1139575,9.763990268744372,12
1139590,9.681179817752117,15
1139593,9.955194195013018,3
1139615,9.488499598801434,22
1139627,9.740440920675358,12
1139643,9.68208800997021,16
1139650,9.878778163345123,7
1139662,9.741916413402713,12
1139667,9.89854975618582,5
1139668,10.0,1
1139681,9.757523072692697,13
1139692,9.75476934953587,11
1139699,9.867406039704951,7
1139709,9.78021217265186,10
1139710,10.0,1
1139721,9.756308557701592,11
1139732,9.760679489159509,11
1139742,9.775991841410557,10
1139754,9.72974063674174,12
1139763,9.865253340878457,9
1139770,9.859397059503602,7
1139784,9.678422169402658,14
1139791,9.875343009746992,7
1139803,9.770157038512117,12
1139820,9.668826110684046,17
1139832,9.778892528266159,12
1139854,9.536981148828488,22
1139860,9.895049124330841,6
1139875,9.632618998220977,15
1139889,9.675181061816156,14
1139896,9.854109556866653,7
1139911,9.638288785706541,15
1139912,9.99119888925879,1
1139919,9.881922859470123,7
1139926,9.576777539710923,7
1139937,9.763966217338579,11
1139951,9.72743689847029,14
1139962,9.775719325005188,11
1139973,9.763917037960185,11
1139981,9.85666512119834,8
1139989,9.809398044338835,8
1140036,9.060845129720647,47
1140038,9.974014862553425,2
1140046,9.857605377457443,8
1140050,9.944028248684566,4
1140060,9.809331956021463,10
1140074,9.727620540499563,14
1140089,9.702720697196188,15
1140114,9.528969023331399,25
1140126,9.792032560507824,12
1140134,9.836393534783785,8
1140144,9.82413640926798,10
1140153,9.83299618681805,9
1140164,9.785800975232974,11
1140170,9.607425835177898,6
1140183,9.701591755027875,13
1140186,9.960618146891816,3
1140193,9.86241600235508,7
1140204,9.78693358485476,11
1140206,9.974119285307228,2
1140207,10.0,1
1140220,9.724288399430081,13
1140242,9.610651801896582,22
1140254,9.734765297480303,12
1140255,10.0,1
1140266,9.778234229713556,11
1140278,9.742954894463546,12
1140285,9.863825413509511,7
1140293,9.824905075605507,8
1140294,10.0,1
1140303,9.857758330946684,9
1140308,9.908310500308982,5
1140311,9.948345064549617,3
1140325,9.695947950125436,14
1140326,10.0,1
1140473,-22.151606937055963,147
1140483,9.813722830007785,10
1140498,9.654606807988243,15
1140499,10.0,1
1140515,9.606790293633775,16
1140528,9.73706108383224,13
1140544,9.6640891917455,16
1140549,9.916478773511425,5
1140561,9.726305702218237,12
1140572,9.793333545415438,11
1140577,9.919679025153563,5
1140583,9.89249049074842,6
1140588,9.90800834286292,5
1140603,9.687259836841498,15
1140611,9.862137855110298,8
1140635,9.028395978406547,24
1140644,9.822917367389524,9
1140652,9.855563228905158,8
1140668,9.67679736230313,16
1140681,9.770180412137444,13
1140695,9.72727592209241,14
1140698,9.962011038962649,3
1140706,9.8274364269825,8
1140719,9.756405289116147,13
1140725,9.888671596249864,6
1140736,9.794325061635911,11
1140741,9.928603578138228,5
1140755,9.770802354401571,14
1140767,9.642175944121949,12
1140773,9.918648120290753,6
1140781,9.865451316077392,8
1140794,9.749258514206703,13
1140810,9.689310209126804,16
1140825,9.696228400016,15
1140837,9.741879411445568,12
1140851,9.755787394223754,14
1140864,9.787267705274918,13
1140872,9.82927525598898,8
1140873,10.0,1
1140966,7.925427766643134,93
1140974,9.759709786555355,8
1140984,9.817012707671172,10
1140985,10.0,1
1140994,9.825052566828239,9
1141032,9.352029644814497,38
1141043,9.77397724637997,11
1141543,-40.43924454578097,500
1141554,9.765649796125352,11
1141574,9.554452839086998,20
1141583,9.783307109242434,9
1141590,9.677260225678134,7
1141716,8.104281153617215,126
1141723,9.88319713107014,7
1141733,9.780807997079696,10
1141817,8.249184965160035,84
1141820,9.968574741783923,3
1141827,9.873363609360787,7
1141857,9.10088675661419,30
1141864,9.88694691399212,7
1141868,9.931970655592036,4
1141874,9.90580976716352,6
1141876,9.979587301498546,2
1141879,9.953356511638965,3
1141894,9.708841948794431,15
1141899,9.893194486429163,5
1141917,9.570883325590236,18
1141923,9.895773176759766,6
1141924,10.0,1
1141926,9.982246151874776,2
1141929,9.959414238638237,3
1141937,9.83781892212954,8
1141938,10.0,1
1141947,9.82121350820222,9
1141959,9.74158147152286,12
1141962,9.960081165478039,3
1141969,9.88185910477982,7
1141976,9.870454688736732,7
1141999,9.558928859710283,23
1142000,10.0,1
1142012,9.751592162707988,12
1142021,9.813592507754286,9
1142027,9.891604504376991,6
1142040,9.708615870355763,13
1142041,10.0,1
1142057,9.721525902563018,16
1142111,8.920270866324524,54
1142114,9.965218163636642,3
1142127,9.769498523538342,13
1142131,9.940606744171514,4
1142135,9.948002141977984,4
1142140,9.926035345438097,5
1142153,9.743808126080244,13
1142157,9.947949492385378,4
1142159,9.669036112721365,2
1142186,9.493202546681305,27
1142195,9.816004779675879,9
1142203,9.859757262303804,8
1142206,9.948828300888845,3
1142240,1.7458735092094955,34
1142253,9.729543516386297,13
1142265,9.719434272952865,12
1142276,9.738131132323243,11
1142290,9.677929087010867,14
1142293,9.96333864989617,3
1142295,9.974347342895351,2
1142309,9.346297864847594,14
1142324,9.697974433376988,15
1142333,9.825546657062965,9
1142341,9.839638944097143,8
1142435,-5.961292531306327,94
1142442,9.869060775354018,7
1142450,9.867999489399242,8
1142455,9.926183653169453,5
1142464,9.834963593302403,9
1142484,9.5858551136381,20
1142504,9.608599960918557,20
1142529,9.539468371752363,25
1142535,9.911148822287315,6
1142541,9.910931607226734,6
1142546,9.934287478611783,5
1142597,8.94869838390397,51
1142613,9.706429183423781,16
1142614,10.0,1
1142632,9.585988457405424,18
1142633,10.0,1
1142643,9.770843893834204,10
1142658,9.761445157111767,15
1142685,9.477545623739045,27
1142698,9.781880138102277,13
1142699,9.996791838717131,1
1142709,9.771609148366952,10
1142716,9.465599358288639,7
1142721,9.906591855595721,5
1142740,9.606905685596821,19
1142745,9.911248494064386,5
1142747,9.974078992322655,2
1142755,9.754991887709858,8
1142769,9.706108128147722,14
1142776,9.898921472866444,7
1142794,9.599209542042965,18
1142810,9.67554103752357,16
1142821,9.796909774374853,11
1142827,9.881343871838231,6
1142835,9.87784114994167,8
1142836,10.0,1
1142845,9.824003608275978,9
1142857,9.735350300904368,12
1142863,9.873577834423568,6
1142864,10.0,1
1142865,10.0,1
1142877,9.757915987408822,12
1142884,9.865520489361236,7
1142895,9.793908893517502,11
1142909,9.735228936137089,14
1142920,9.562592452901981,11
1142927,9.87977644119505,7
1142931,9.948023945284877,4
1142951,9.578734565356424,20
1142958,9.874890716813013,7
1142964,9.897946156097598,6
1142983,9.607205465869255,19
1142998,9.699484940839035,15
1143018,9.562346704445805,20
1143027,9.828944527657638,9
1143034,9.88487621851197,7
1143047,9.729905180741541,13
1143054,9.898791964348668,7
1143076,9.537737991818046,22
1143090,9.696175854256559,14
1143116,9.4277107612855,26
1143120,9.92642922606952,4
1143130,9.79181775786895,10
1143142,9.715303085727278,12
1143161,8.896847387161266,19
1143171,9.807916566090487,10
1143187,9.633507391559263,16
1143209,9.5575889805992,22
1143215,9.878943481798274,6
1143220,9.911995736619199,5
1143231,9.751438668883308,11
1143232,10.0,1
1143233,10.0,1
1143243,9.595520596115856,10
1143258,9.707171205180549,15
1143271,9.72493335979415,13
1143284,9.696890771771805,13
1143294,9.781289961610948,10
1143308,9.43506174288721,14
1143319,9.31667241400764,11
1143321,9.974194391929387,2
1143334,9.710431209067686,13
1143342,9.85538734895972,8
1143343,10.0,1
1143843,-25.428463244574093,500
1143847,9.942986693181298,4
1143853,9.917594126904344,6
1143867,9.722881158757188,14
1143875,9.85065854457611,8
1143879,9.943446277942398,4
1143887,9.838743062098292,8
1143900,9.773986363839208,13
1143913,9.727937714236127,13
1143929,9.627124567234272,16
1143938,9.79083625105359,9
1143951,9.790762963001926,13
1143953,9.971360942744024,2
1143963,9.825806906152527,10
1143996,9.327194580677943,33
1144002,9.886883528922127,6
1144016,9.684622993870667,14
1144032,9.51730415835066,16
1144034,9.970976363705631,2
1144051,9.644633304773786,17
1144059,9.876233290848074,8
1144068,9.811245683350835,9
1144070,9.98653200499118,2
1144073,9.963475896356424,3
1144087,9.680386842747918,14
1144101,9.667687038308603,14
1144110,9.845787106721927,9
1144123,9.75483561630536,13
1144130,9.869164046772795,7
1144133,9.965137280469143,3
1144144,9.785922592387928,11
1144155,9.7726787299384,11
1144167,9.72486047552631,12
1144174,9.872078230580593,7
1144179,9.904222414223959,5
1144185,9.88100523768874,6
1144196,9.76479371800097,11
1144210,9.674540504485359,14
1144213,9.96479533985478,3
1144232,9.60465910421996,19
1144238,9.809044192429951,6
1144256,9.619099095574281,18
1144264,9.84079042884604,8
1144270,9.86817364040399,6
1144281,9.76290626315432,11
1144291,9.799843369303794,10
1144292,10.0,1
1144297,9.912919645441686,5
1144307,9.787898806587098,10
1144316,9.806422390457417,9
1144322,9.89073681872256,6
1144334,9.747952066233387,12
1144346,9.770714741864047,12
1144394,9.114102697052129,48
1144397,9.94764272348297,3
1144403,9.708254847870512,6
1144411,9.839934850192122,8
1144412,10.0,1
1144419,9.853166785972022,7
1144439,9.599245269498628,20
1144448,9.819231450496156,9
1144459,9.762939329639687,11
1144465,9.897666094893726,6
1144474,9.852515712564713,9
1144495,9.599709524510864,21
1144505,9.798362273230337,10
1144512,9.47709088061682,7
1144530,9.569174827621532,18
1144538,9.856976895973284,8
1144553,9.658263260614296,15
1144561,9.858025801848477,8
1144566,9.907966218072861,5
1144581,9.663314809437276,15
1144589,9.829211285372226,8
1144598,9.824467123863679,9
1144608,9.808999644408432,10
1144622,9.729400823290263,14
1144626,9.941787869606033,4
1144650,9.435604385578877,24
1144653,9.96696691795694,3
1144662,9.800452672399654,9
1144675,9.721848506730089,13
1144940,5.502875778310526,265
1144959,9.590647383848749,19
1144982,9.541324947396786,23
1144994,9.757166367119781,12
1144999,9.914727320821642,5
1145012,9.739956502057593,13
1145152,0.31965785931121005,140
1145153,10.0,1
1145163,9.800290158576129,10
1145166,9.96563642269682,3
1145170,9.94010753191132,4
1145173,9.957290060781766,3
1145179,9.892941278147713,6
1145185,9.905121990999746,6
1145189,9.943985928066136,4
1145211,9.494436688681533,22
1145218,9.86105010580326,7
1145227,9.824873752035176,9
1145228,10.0,1
1145240,9.772347535365771,12
1145245,9.910063620480086,5
1145263,9.581945789570181,18
1145272,9.511415850460516,9
1145289,9.660788937746524,17
1145299,9.796697638626512,10
1145311,9.759653076121802,12
1145342,9.33355520095068,31
1145343,10.0,1
1145347,9.928591320447172,4
1145354,9.879284970844944,7
1145362,9.833247667221393,8
1145373,9.792467089574384,11
1145390,9.730398387626469,17
1145399,9.807176118367547,9
1145406,9.896930501239824,7
1145407,10.0,1
1145410,9.944597395746777,3
1145417,9.845353324341099,7
1145427,9.768334658528346,10
1145438,9.772139348037323,11
1145449,9.770209486094485,11
1145450,10.0,1
1145460,9.81236316273844,10
1145487,8.181102728014048,27
1145674,-8.477980852434289,187
1145697,9.586718380644665,23
1145703,9.798076158874652,6
1145715,9.741049054455678,12
1145726,9.816749388698282,11
1145732,9.90242063390905,6
1145778,9.10499758169416,46
1145802,9.440355460703795,24
1145809,9.863381136549613,7
1145818,9.791779933164962,9
1145819,10.0,1
1145826,9.866668189112447,7
1145835,9.834452391929998,9
1145836,10.0,1
1145839,9.95652942486489,3
1145848,9.802385429708135,9
1145854,9.89679249219946,6
1145864,9.834749422368148,10
1145877,9.707842318890307,13
1145881,9.91894640244543,4
1145912,9.393090967178829,31
1145918,9.908143699261469,6
1145942,9.445561057235347,24
1145943,10.0,1
1145944,10.0,1
1145962,9.588837450310475,18
1145966,9.922645561100722,4
1145976,9.801126271834377,10
1145981,9.93508390773187,5
1146007,9.535727701880717,26
1146011,9.946441635400788,4
1146027,9.685265670405808,16
1146028,10.0,1
1146040,9.788379914602594,12
1146053,9.75619305474916,13
1146064,9.743876210451205,11
1146078,9.665198124607597,14
1146089,9.75084082138183,11
1146096,9.857750702769927,7
1146102,9.890449351948108,6
1146112,9.809593018954235,10
1146120,9.845548857441328,8
1146135,9.721289906950544,15
1146143,9.769307103135574,8
1146196,8.843775861573674,53
1146210,9.684137810546865,14
1146215,9.921537792670732,5
1146227,9.73187408217823,12
1146240,9.727251168197292,13
1146247,9.886236488458803,7
1146261,9.749990249624382,14
1146271,9.787375860671732,10
1146280,9.824162368863066,9
1146285,9.91516718111417,5
1146286,10.0,1
1146289,9.949674560373653,3
1146304,9.673665617380426,15
1146350,9.019824371691904,46
1146365,9.68400081576456,15
1146369,9.942183301355978,4
1146373,9.925034866963813,4
1146379,9.898471425149387,6
1146384,9.92487884800395,5
1146389,9.90911076212042,5
1146400,9.772346520157441,11
1146423,9.536714296920072,23
1146427,9.943100622538838,4
1146435,9.87129368924444,8
1146447,9.743445202452186,12
1146465,9.647544385640932,18
1146478,9.760873438542001,13
1146480,9.983420302105529,2
1146487,9.872568972572394,7
1146500,9.734832290864828,13
1146546,8.993672173523251,46
1146563,9.23145398754721,17
1146584,9.601460443744458,21
1146597,9.721846870424628,13
1146616,9.545794195805682,19
1146617,9.993717003384242,1
1146640,9.509594553763925,23
1146656,9.647209488910287,16
1146661,9.906089522517792,5
1146668,9.852082568121386,7
1146675,9.878736183540559,7
1146680,9.921150636070232,5
1146687,9.870769996504936,7
1146704,9.388137590105726,17
1146709,9.928516379105725,5
1146720,9.78150065738597,11
1146739,9.616787337360407,19
1146749,9.80239216284836,10
1146755,9.889075944758291,6
1146764,9.831982564087292,9
1146774,9.800575090052394,10
1146788,9.687640246855207,14
1146794,9.907254331290039,6
1146802,9.871070324343448,8
1146804,9.97877664434763,2
1146807,9.963071668979936,3
1146831,9.508816650869564,24
1146839,9.871130648959717,8
1146874,9.309982796005007,35
1146875,10.0,1
1146885,9.798209418212085,10
1146899,9.614594930672277,14
1146912,9.685019013836657,13
1146925,9.707976047144049,13
1146940,9.677522952454147,15
1146949,9.812522911273861,9
1146969,9.427098891130331,20
1146978,9.82358079229963,9
1147002,9.385050547150888,24
1147003,9.995777019053465,1
1147011,9.845269259500835,8
1147016,9.932602661266111,5
1147025,9.822239439505436,9
1147039,9.703186481829215,14
1147049,9.78183689703367,10
1147059,9.787359753500496,10
1147072,9.723097967646552,13
1147073,10.0,1
1147089,9.663948239173672,16
1147100,9.727289677263707,11
1147111,9.79358155646734,11
1147125,9.718228511204035,14
1147141,9.692907488493955,16
1147157,9.680427581600405,16
1147168,9.769226275050425,11
1147184,9.652819252224266,16
1147197,9.747309321420023,13
1147203,9.891329534130188,6
1147238,9.110308407222417,35
1147277,9.322608437596125,39
1147288,9.763934551028262,11
1147291,9.959408972826912,3
1147309,9.589145153924779,18
1147314,9.922660758006318,5
1147326,9.733185045369222,12
1147338,9.736292397190763,12
1147349,9.762721050719158,11
1147357,9.84982213988121,8
1147362,9.917199753603278,5
1147373,9.780942363092649,11
1147377,9.945054099989049,4
1147390,9.757759827495065,13
1147396,9.894666104984209,6
1147404,9.858460580896976,8
1147411,9.880969561025928,7
1147412,9.996170938420441,1
1147414,9.983845503614031,2
1147418,9.943131071267056,4
1147429,9.764022306560355,11
1147441,9.747987678689913,12
1147448,9.867755272034243,7
1147463,9.655116121873784,15
1147473,9.819456751936396,10
1147485,9.751008015101997,12
1147490,9.915534034300574,5
1147556,8.656743605330124,66
1147567,9.786635027607312,11
1147579,9.791970760650075,12
1147589,9.797099754720815,10
1147590,10.0,1
1147595,9.927845664589706,5
1147598,9.955790960707578,3
1147604,9.896367049697034,6
1147612,9.829045936347352,8
1147621,9.80477570348601,9
1147633,9.775060476271447,12
1147654,9.586604854595212,21
1147666,9.742669336829819,12
1147676,9.685204006333375,10
1147687,9.75750734482696,11
1147688,10.0,1
1147696,9.877234413589541,8
1147712,9.684270332636036,16
1147718,9.894522663363048,6
1147731,9.736825335436151,13
1147739,9.836684942800744,8
1147740,10.0,1
1147749,9.839806537349578,9
1147752,9.960545872088156,3
1147755,9.951099948885336,3
1147767,9.7621969752047,12
1147776,9.80130210621338,9
1147792,9.619141499925075,16
1147820,9.458081317288574,28
1147822,9.978993504891788,2
1147838,9.72743778653196,16
1147851,9.6892247128495,13
1147864,9.75633817852353,13
1147878,9.711284091221485,14
1147884,9.896776634629285,6
1147902,9.592531554797835,18
1147904,9.984032579576875,2
1147918,9.557473492629693,14
1147930,9.718574494113499,12
1147947,9.645048248087067,17
1147965,9.599975038115538,18
1147971,9.894039212260678,6
1147985,9.715790869869068,14
1147986,9.996433752554687,1
1147988,9.974347810070793,2
1148011,9.499402444945037,23
1148024,9.709109792006855,13
1148026,9.978624538207399,2
1148031,9.92836617681881,5
1148038,9.849452264732108,7
1148050,9.742206716724663,12
1148060,9.820086873126616,10
1148061,10.0,1
1148080,9.619976640908634,19
1148092,9.763752125124823,12
1148592,-201.51019673136386,500
1149092,-212.5476650358567,500
1149112,9.513838376549383,20
1149122,9.782343963505355,10
1149140,9.579254772215503,18
1149143,9.960280941545683,3
1149149,9.908233812171744,6
1149162,9.763583902804287,13
1149166,9.938414061608011,4
1149178,9.758933350199168,12
1149181,9.954962802205639,3
1149192,9.80756242172776,11
1149204,9.784931258684384,12
1149218,9.693379517641906,14
1149224,9.883553094910347,6
1149233,9.823565287065868,9
1149238,9.919929950460402,5
1149248,9.78699331379466,10
1149258,9.814820369788956,10
1149271,9.714002730843394,13
1149771,-50.62249839738129,500
1149791,9.545730512844154,20
1149812,9.61203680222891,21
1149820,9.859165606633653,8
1149838,9.633765852313084,18
1149867,9.517087774850495,29
1149891,9.341782926740038,24
1149899,9.844066504959418,8
1149915,9.620977359709778,16
1149919,9.940786451589519,4
1149926,9.866028928497057,7
1149936,9.802419360145446,10
1150436,-58.80346408277141,500
1150453,9.440487247604807,17
1150462,9.84957335106831,9
1150470,9.855926232955895,8
1150484,9.727763836770553,14
1150514,9.128495359566719,30
1150523,9.629012096109447,9
1150532,9.843764742577946,9
1150546,9.738818463036802,14
1150560,9.740069553351805,14
1150561,10.0,1
1150573,9.765956677579998,12
1150591,9.611819547808407,18
1150602,9.680259185720132,11
1150610,9.844094457187099,8
1150614,9.929445980600043,4
1150615,10.0,1
1150626,9.744383995357719,11
1150637,9.758985744954103,11
1150655,9.613478986768436,18
1150676,9.582099520401867,21
1150690,9.692755400869498,14
1150694,9.946706188743198,4
1150705,9.795455820990073,11
1150726,7.893886123681101,21
1150739,9.710711170090983,13
1150755,9.583977581294487,16
1150756,9.996134280260632,1
1150760,9.935472405199716,4
1150772,9.78095679752403,12
1150812,9.151616277924825,40
1150818,9.901392955964491,6
1150833,9.725558305292783,15
1150842,9.80293162580036,9
1150854,9.754465786634377,12
1150861,9.667556676014454,7
1150871,9.761131205121309,10
1150883,9.74295405847067,12
1150959,8.463521445389917,76
1150970,9.797366607233277,11
1150978,9.83029253634912,8
1150993,9.726139089957792,15
1151009,9.677498492253587,16
1151010,10.0,1
1151027,9.628327156214059,17
1151028,10.0,1
1151034,9.879373470751252,6
1151040,9.87698742085538,6
1151052,9.644569998162943,12
1151112,8.407889382455354,60
1151135,9.496693283316548,23
1151146,9.768248540865498,11
1151151,9.908099524685234,5
1151165,9.72404754400552,14
1151177,9.75847835351031,12
1151183,9.898792318917991,6
1151184,10.0,1
1151204,9.562580032525817,20
1151218,9.728450479797301,14
1151219,10.0,1
1151226,9.882191364837864,7
1151232,9.903258548110133,6
1151240,9.846836647740046,8
1151247,9.882787100388914,7
1151263,9.618737304443828,16
1151277,9.708372615739743,14
1151295,9.505058174005109,18
1151316,9.603411604905627,21
1151324,9.883154717075533,8
1151328,9.94023306551641,4
1151336,9.840454591852456,8
1151341,9.911631035320578,5
1151359,9.59655000973886,18
1151360,10.0,1
1151388,9.534867079103412,28
1151398,9.79973657931604,10
1151401,9.955992194044532,3
1151411,9.781655873194275,10
1151412,10.0,1
1151426,9.681227813427032,14
1151427,10.0,1
1151437,9.795823008572707,10
1151451,9.695481193791204,14
1151452,10.0,1
1151458,9.606980613682982,6
1151482,9.367358337625518,24
1151554,8.574222246250578,72
1151558,9.945240881406267,4
1151570,9.754217028764904,12
1151577,9.868330477213169,7
1151587,9.791228317466715,10
1151589,9.976394400473012,2
1151604,9.738089256248081,15
1151626,9.568447692025039,22
1151741,7.455053245036182,115
1151752,9.764222955829355,11
1151760,9.847003930776628,8
1151819,8.932975608402694,59
1151830,9.786797627671442,11
1151862,9.345849828292266,32
1151882,9.500685195231368,20
1151900,9.21248565338573,18
1151919,9.538659661582189,19
1151931,9.770608286027697,12
1151947,9.68830727890067,16
1151958,9.802228504951255,11
1151979,9.34130386938196,21
1151980,10.0,1
1151987,9.854751285746843,7
1152000,9.696857133887113,13
1152030,9.442676131781083,30
1152046,9.641572337581582,16
1152049,9.955828321075618,3
1152055,9.889170049338352,6
1152066,9.769981544030273,11
1152067,10.0,1
1152084,9.496629780305605,17
1152096,9.75567249252987,12
1152108,9.766703965075571,12
1152115,9.849813126303046,7
1152130,9.64415780912517,15
1152146,9.736007000675636,16
1152162,9.649321541518349,16
1152173,9.570201187893531,11
1152183,9.797226399664082,10
1152203,9.327447980184726,20
1152218,9.736411455956416,15
1152233,9.65876184008909,15
1152249,9.56298547078813,16
1152258,9.840188573109495,9
1152259,10.0,1
1152266,9.878667733627351,7
1152277,9.734090794609278,11
1152290,9.577123981795983,13
1152298,9.825894376297432,8
1152303,9.925776096598682,5
1152327,9.365370755221052,24
1152339,9.743419711831152,12
1152345,9.912785004770521,6
1152360,9.389045450694987,15
1152374,9.763184333102666,14
1152383,9.6206956869432,9
1152406,9.452487440633544,23
1152441,9.231275803557178,35
1152451,9.783293487705558,10
1152464,9.734728864654546,13
1152465,10.0,1
1152484,9.433738643757566,19
1152485,10.0,1
1152489,9.930406709396808,4
1152502,9.761939040778724,13
1152518,9.664762387628134,16
1152519,10.0,1
1152522,9.964862517427028,3
1152529,9.886773450824107,7
1152536,9.88804678780037,7
1152556,9.61787523772547,20
1152575,9.581419238340725,19
1152587,9.805030051047902,12
1152596,9.83015756039311,9
1152603,9.859437441402381,7
1152610,9.857298194922214,7
1152611,10.0,1
1152617,9.908840016103396,6
1152625,9.843054205252567,8
1152637,9.711648771837668,12
1152648,9.796430840926309,11
1152649,9.98845551007606,1
1152654,9.922505462814431,5
1152667,9.776364361498862,13
1152681,9.697504816653453,14
1152811,6.488210350236333,130
1152819,9.839696342274998,8
1152832,9.723940642676965,13
1152837,9.929707763145704,5
1152838,10.0,1
1152847,9.730397074546724,9
1152852,9.914454083940724,5
1152859,9.876551957067647,7
1152863,9.94709507313147,4
1152871,9.847874438705604,8
1152883,9.732937269678011,12
1152890,9.866541586273211,7
1152906,9.355153219098758,16
1152920,9.694931334812194,14
1152934,9.741597111340226,14
1152949,9.718149392428142,15
1152971,9.54131142834294,22
1152976,9.92285010239694,5
1152992,9.426069396129853,16
1153012,9.43866508319273,20
1153016,9.943935938361857,4
1153021,9.911473537104579,5
1153022,10.0,1
1153029,9.879970561672025,7
1153031,9.974670279482009,2
1153044,9.774720924730524,13
1153054,9.772882227960487,10
1153068,9.70295600161087,14
1153069,10.0,1
1153081,9.801800060951155,12
1153090,9.814984491638993,9
1153091,10.0,1
1153096,9.917063750844799,5
1153099,9.958438520413537,3
1153113,9.7361243551646,14
1153151,9.28726918698173,38
1153160,9.82225948061273,9
1153189,9.220731768362015,29
1153191,9.973790984299047,2
1153215,9.511057783707464,24
1153218,9.949297793130897,3
1153221,9.966290006870537,3
1153227,9.885652767410402,6
1153236,9.870334867329724,9
1153250,9.674096623439114,14
1153259,9.811051228043958,9
1153264,9.916380809302103,5
1153273,9.81105199456372,9
1153285,9.756617349669327,12
1153286,10.0,1
1153287,9.989462971940394,1
1153331,8.759467924752865,44
1153333,9.979613096544522,2
1153334,10.0,1
1153359,9.22304891094556,25
1153377,9.661946015424084,18
1153387,9.780676986928642,10
1153425,9.193368611766328,38
1153435,9.798952404510436,10
1153444,9.819869992510542,9
1153462,9.64259997087347,18
1153464,9.975823582689431,2
1153476,9.749964573584217,12
1153502,9.430273521025283,26
1153510,9.85780036507682,8
1153535,9.238829649609634,25
1153573,9.168947862389798,38
1153602,9.422006732016996,29
1153613,9.766339237266049,11
1153628,9.649015737535816,15
1153638,9.788512800170288,10
1153645,9.886175724187732,7
1153652,9.861591247943322,7
1153670,9.600589308449363,18
1153683,9.733314967764555,13
1153689,9.913297481723164,6
1153705,9.614223212098649,16
1153718,9.751824074944963,13
1153731,9.754734115639794,13
1153740,9.850086817016173,9
1153752,9.72138377233377,12
1153760,9.84117346429734,8
1153764,9.944497765147476,4
1153765,10.0,1
1153782,9.65281208512127,17
1153793,9.782085875960904,11
1153806,9.694455913270088,13
1153807,10.0,1
1153817,9.705545832647182,10
1153830,9.665742745404843,13
1153836,9.887876435940882,6
1153837,10.0,1
1153859,9.546632034622421,22
1153869,9.785895907014417,10
1153881,9.771845532630078,12
1153891,9.81453619642289,10
1153901,9.789394556173086,10
1153907,9.886755539120312,6
1153922,9.708456326475929,15
1153935,9.736205825084548,13
1153939,9.943789852579403,4
1153948,9.838646120289095,9
1153953,9.90333510744083,5
1153954,10.0,1
1153964,9.830628512688511,10
1153984,9.549574748048764,20
1153989,9.924373868157334,5
1154015,9.504839817278107,26
1154023,9.8342608041277,8
1154031,9.885788639426412,8
1154036,9.920220058408932,5
1154037,10.0,1
1154056,9.554880355252402,19
1154068,9.78980691669055,12
1154080,9.726281148191537,12
1154100,9.598756372077515,20
1154112,9.72621564614157,12
1154124,9.745496240062785,12
1154135,9.765039577760323,11
1154145,9.796842621292068,10
1154156,9.775515371739552,11
1154157,10.0,1
1154163,9.916732597889089,6
1154173,9.809901751891067,10
1154187,9.732511837445923,14
1154188,10.0,1
1154201,9.72306207629069,13
1154214,9.742061520206217,13
1154233,9.573980972857145,19
1154235,9.980425374165154,2
1154272,9.175642197594621,37
1154285,9.725387484151907,13
1154298,9.725083892273094,13
1154307,9.81735303391826,9
1154316,9.803684911661554,9
1154332,9.637545819163966,16
1154335,9.959222991361905,3
1154351,9.664567140363879,16
1154352,10.0,1
1154355,9.9518575190683,3
1154373,9.561120621457658,18
1154384,9.799982638036777,11
1154403,9.161601459929795,19
1154415,9.773781341996202,12
1154426,9.801048350866688,11
1154437,9.769865668132526,11
1154444,9.859010328007976,7
1154454,9.775733015734302,10
1154472,9.571445665820569,18
1154489,8.744754591312253,17
1154501,9.736170213899166,12
1154535,9.356864046182443,34
1154541,9.896656186804575,6
1154563,9.485168516675682,22
1154566,9.944691846774509,3
1154571,9.915292680171842,5
1154585,9.764204343176354,14
1154591,9.885122407822346,6
1154603,9.795422554169438,12
1154616,9.716322137729476,13
1154627,9.789711584017251,11
1154641,9.681202781992644,14
1154642,10.0,1
1154649,9.860832839694137,7
1154655,9.880099048939183,6
1154660,9.923968365610634,5
1154797,4.12017627139822,137
1154824,9.531337671886948,27
1154825,10.0,1
1154843,9.64890291211416,18
1154858,9.720757389899124,15
1154880,9.319365577710153,22
1154888,9.840899507907945,8
1154892,9.945081520255705,4
1154902,9.79338668642385,10
1154928,9.438512417313833,26
1154956,9.400675649601157,28
1154958,9.984312046065547,2
1154996,7.0092141297399655,38
1155010,9.743552647620225,14
1155022,9.722511503323117,12
1155023,10.0,1
1155046,9.557677961481641,23
1155059,9.700710054918227,13
1155060,10.0,1
1155078,9.558439808769245,18
1155079,10.0,1
1155090,9.768765842811026,11
1155091,10.0,1
1155100,9.876318269526292,9
1155124,9.544255456436217,24
1155140,9.658275291416816,16
1155141,10.0,1
1155143,9.9765664139582,2
1155148,9.925484683799997,5
1155166,9.669068679407449,18
1155169,9.967377758296768,3
1155207,9.193390694532843,38
1155220,9.708322576711131,13
1155235,9.738931107787122,15
1155236,10.0,1
1155297,9.016366573795173,61
1155306,9.83548883917259,9
1155307,10.0,1
1155321,9.6903404297058,14
1155327,9.880885886373965,6
1155355,9.08029179730628,28
1155363,9.846783080255824,8
1155376,9.698376574499727,13
1155386,9.792518446933846,10
1155389,9.960620232383574,3
1155394,9.91944866307818,5
1155411,9.070054051709173,17
1155417,9.79680187926649,6
1155433,9.675925760448672,16
1155449,9.693322435952568,16
1155460,9.795802156286179,11
1155461,10.0,1
1155467,9.878113790709477,6
1155475,9.85876253316718,8
1155487,9.80230800289943,12
1155497,9.783796194261772,10
1155515,9.041316180840314,18
1155528,9.749228301916864,13
1155540,9.427621977745506,12
1155543,9.957935888468684,3
1155555,9.744499666448549,12
1155567,9.759276834188745,12
1155589,9.550192510873883,22
1155590,10.0,1
1155596,9.88918308298436,6
1155602,9.895747543562656,6
1155603,9.988192207272363,1
1155616,9.69473678762923,13
1155640,9.52263927992022,24
1155641,10.0,1
1155655,9.435751972192525,14
1155667,9.736319968762247,12
1155670,9.954536100795666,3
1155680,9.80475065859676,10
1155697,9.67888638091868,17
1155708,9.782329611451932,11
1155717,9.851882347668639,9
1155722,9.906890417479316,5
1155733,9.745201688594161,11
1155750,9.384607188976885,17
1155773,9.502176262283038,23
1155779,9.898981751343891,6
1155795,9.670796500349702,16
1155810,9.664567270376986,15
1155819,9.854288753151907,9
1155834,9.645093053321045,15
1155836,9.985035718078766,2
1155853,9.602711946776907,17
1155863,9.811167285091894,10
1155946,8.036514558658576,83
1155967,9.562032113112647,21
1155969,9.977689253641895,2
1155988,9.64501676666434,19
1156017,9.113206925751602,29
1156032,9.68646788866727,15
1156035,9.9522839895533,3
1156044,9.836641058936742,9
1156045,10.0,1
1156055,9.803871029267023,10
1156069,9.597030237537552,14
1156075,9.891683522532512,6
1156086,9.829210225027685,11
1156091,9.924176501973188,5
1156106,9.666232444213938,15
1156161,8.326337662975362,55
1156173,9.7411269901123,12
1156181,9.843629816457454,8
1156191,9.809681298182467,10
1156192,10.0,1
1156204,9.749645090437316,12
1156217,9.747601032667067,13
1156240,9.439763835718633,23
1156250,9.782236941318908,10
1156259,9.841027805405336,9
1156268,9.792602641668699,9
1156273,9.910300088167876,5
1156294,8.931621928024905,21
1156352,8.745652224211435,58
1156367,9.671220439089218,15
1156368,10.0,1
1156388,9.558874210634752,20
1156398,9.81903744605627,10
1156408,9.803481187049316,10
1156422,9.711475502676576,14
1156431,9.828932060687196,9
1156432,10.0,1
1156438,9.892861037534416,6
1156456,9.663168522144268,18
1156457,10.0,1
1156464,9.895180899186437,7
1156479,9.672354815665502,15
1156491,9.752414318943027,12
1156501,9.81916626406312,10
1156509,9.866588406610214,8
1156525,9.668713563742655,16
1156537,9.771343845618837,12
1156551,9.692693743876381,14
1156552,10.0,1
1156561,9.83452664386778,9
1156567,9.908277435721677,6
1156589,9.44630822340184,22
1156601,9.730608382179991,12
1156602,10.0,1
1156622,9.64362877491626,20
1156625,9.952000555913408,3
1156628,9.951554492555738,3
1156692,8.854642330762514,64
1156706,9.722206345906685,14
1156710,9.74343278668066,4
1156711,10.0,1
1156717,9.876307971326113,6
1156722,9.906184542082045,5
1156733,9.663376881965336,11
1156784,7.869208404848982,51
1156797,9.709941777127204,13
1156809,9.726013013915127,12
1156828,9.62831053282532,19
1156839,9.729668560104187,11
1156856,9.643639232610578,17
1156894,8.801328496507615,38
1156895,9.992453406056697,1
1156902,9.871111971668553,7
1156912,9.791422559148714,10
1156917,9.905623305020177,5
1156930,9.762356220606168,13
1156936,9.877151981195238,6
1156939,9.951357730430722,3
1156946,9.86421939106194,7
1156971,9.394777720121132,25
1156973,9.981566909553742,2
1156975,9.971058908679097,2
1156983,9.867707101427923,8
1156988,9.917750716121038,5
1156999,9.774040650703823,11
1157012,8.905208350160008,13
1157030,9.654114789563808,18
1157046,9.66837290606638,16
1157052,9.901040902249017,6
1157066,9.520354630079478,14
1157069,9.95035807910366,3
1157090,9.186503376415775,21
1157098,9.860224858313083,8
1157103,9.924450680316712,5
1157106,9.958935821376658,3
1157109,9.957861780532319,3
1157122,9.709066373504578,13
1157128,9.890166772990868,6
1157132,9.938176914483673,4
1157147,9.662540026653996,15
1157155,9.848991982019339,8
1157158,9.967080133622394,3
1157658,-15.335296786760994,500
1157673,9.66191076090371,15
1157674,10.0,1
1157685,9.803610659580498,11
1157696,9.740047651288844,11
1157701,9.906051645475392,5
1157714,9.734006846578156,13
1157732,9.631339646030206,18
1157738,9.889697495235794,6
1157754,9.722904207994631,16
1157759,9.914392165776338,5
1157767,9.862157116348486,8
1157777,9.812541551041614,10
1157804,9.487654760325205,27
1157813,9.84360943679103,9
1157825,9.64943678919036,12
1157834,9.805820767002812,9
1157844,9.814815762858956,10
1157851,9.865303901639615,7
1157868,9.643100033800833,17
1157882,9.710300436314133,14
1157892,9.824008487104445,10
1157897,9.914075540619596,5
1157917,9.601487834808776,20
1157941,9.385342585757693,24
1157953,9.73887261433971,12
1157964,9.773674945141606,11
1157986,9.521621729191844,22
1157994,9.857654290565412,8
1158010,9.655771276936767,16
1158025,9.65775634836305,15
1158026,10.0,1
1158033,9.857607747812365,7
1158039,9.911107052451518,6
1158050,9.769674458992034,11
1158064,9.726494142202013,14
1158070,9.89805269562121,6
1158071,10.0,1
1158080,9.825696131892233,9
1158090,9.806778155773545,10
1158091,10.0,1
1158092,10.0,1
1158097,9.914729169222264,5
1158104,9.889983033169964,7
1158115,9.78114252919738,11
1158134,9.548096459537499,19
1158138,9.945506141500553,4
1158141,9.96528343136824,3
1158151,9.826206364828215,10
1158161,9.813723920951562,10
1158164,9.965918028990533,3
1158248,8.295164581624274,84
1158261,9.759706431222611,13
1158267,9.906461130366024,6
1158281,9.696577707235082,14
1158290,9.823789805450515,9
1158313,9.500859784893928,23
1158323,9.827778730536712,10
1158327,9.954040289688836,4
1158333,9.88877380574036,6
1158334,10.0,1
1158343,9.82489187562705,9
1158348,9.926500240547547,5
1158349,10.0,1
1158367,9.667771970928664,18
1158383,9.636925677638454,16
1158397,9.7361065199169,14
1158413,9.630356366234727,16
1158422,9.830273461393189,9
1158430,9.827755047216606,8
1158431,10.0,1
1158444,9.71196031802263,13
1158454,9.816498048609255,10
1158522,8.679651019043607,68
1158527,9.918704189103133,5
1158534,9.886585586137056,7
1158556,9.559173188187476,22
1158557,10.0,1
1158575,9.559724449093887,18
1159075,-12.312872459529396,500
1159082,9.858851604547898,7
1159096,9.7606197695146,14
1159103,9.863329745188805,7
1159114,9.770848014999595,11
1159136,8.154607946205804,22
1159151,9.674447855594535,15
1159167,9.642661192657565,16
1159182,9.633480809004034,15
1159183,10.0,1
1159194,9.775325306364422,11
1159200,9.877838284782838,6
1159218,9.71269777501435,18
1159227,9.840948070056557,9
1159237,9.79686861024808,10
1159246,9.814876046901219,9
1159249,9.970469612922006,3
1159261,9.721963516827449,12
1159268,9.864576965254958,7
1159274,9.88894761269472,6
1159287,9.723031247534088,13
1159298,9.754880707658627,11
1159320,9.43245642213738,22
1159339,9.608603799065435,19
1159342,9.95190679987656,3
1159359,9.57933697508701,17
1159373,9.675393547316938,14
1159382,9.834128363334239,9
1159392,9.764763407304965,10
1159393,10.0,1
1159394,10.0,1
1159401,9.864790733864437,7
1159423,9.548065839038205,22
1159456,9.237495881087003,33
1159473,9.621891521135929,17
1159486,9.707290132241122,13
1159495,9.64776605385982,9
1159514,9.271305543662754,19
1159537,9.607260865713249,23
1159538,10.0,1
1159547,9.84070172470744,9
1159552,9.928845957704985,5
1159559,9.854493515269732,7
1159569,9.779462883138988,10
1159575,9.90164948415945,6
1159591,9.672869275388285,16
1159594,9.962630915403139,3
1159605,9.770338511526498,11
1159612,9.857118670093186,7
1159613,10.0,1
1159662,8.487964466066344,49
1159670,9.84731627065071,8
1159681,9.746725147564884,11
1159690,9.822596547328505,9
1159691,10.0,1
1159697,9.911369359193689,6
1159708,9.742161961901123,11
1159729,9.608523045210374,21
1159739,9.770968111158275,10
1159740,10.0,1
1159748,9.828926460078653,8
1159753,9.899028542716533,5
1159757,9.940663748382038,4
1159768,9.768238001965347,11
1159776,9.83858826031378,8
1159781,9.918440714138624,5
1159782,10.0,1
1159792,9.818240128324014,10
1159810,9.572303832901403,18
1159816,9.878055706061323,6
1159825,9.834596773179863,9
1159837,9.79821918701262,12
1159848,9.73543283842868,11
1159849,10.0,1
1159869,9.498770978015372,20
1159879,9.798107001040064,10
1159885,9.902211536220117,6
1159893,9.867762297328484,8
1159920,9.377412026620762,27
1159925,9.927530642676384,5
1159934,9.813550344765861,9
1159942,9.765228919052703,8
1159953,9.593741951174543,11
1159963,9.802102106346842,10
1159968,9.934848516573206,5
1159973,9.913419590529351,5
1159994,9.568736835996674,21
1160011,9.701196056548213,17
1160012,10.0,1
1160024,9.755968174702646,12
1160032,9.858591600631208,8
1160036,9.933171671463619,4
1160042,9.893340154185365,6
1160048,9.901163938936103,6
1160050,9.98115413583282,2
1160062,9.744834334510777,12
1160063,10.0,1
1160064,9.996070627181814,1
1160083,9.647450459845468,19
1160091,9.840684992116106,8
1160098,9.864604010051144,7
1160101,9.95971809148449,3
1160114,9.734595236181674,13
1160119,9.924354379227944,5
1160619,-14.753834526139213,500
1160635,9.673635379579796,16
1160638,9.95251953361673,3
1160643,9.929584380035433,5
1160668,9.511394378737805,25
1160684,9.671019880516756,16
1160685,10.0,1
1160690,9.897730558565883,5
1160717,9.428909963278985,27
1160738,9.564567325774721,21
1160742,9.943889846662907,4
1160753,9.757614293160591,11
1160761,9.788739586232472,8
1160775,9.684199389390963,14
1160794,9.562324653312317,19
1160801,9.857040015680644,7
1160810,9.837891411696997,9
1160818,9.834957051579735,8
1160835,9.678618524714615,17
1160842,9.768254929699317,7
1160877,9.307180826780058,35
1160886,9.807526057010202,9
1160900,9.714322665723767,14
1160912,9.736739582012605,12
1160926,9.56482870946521,14
1160927,10.0,1
1160935,9.850187853608496,8
1160950,9.653202329397715,15
1160973,8.118144202066418,23
1160982,9.836802243207835,9
1160993,9.756121367437123,11
1161002,9.845126712420715,9
1161025,9.439830049108789,23
1161039,9.6813052216078,14
1161044,9.895110748016126,5
1161067,8.850645404449299,23
1161081,9.756926974685042,14
1161091,9.78262005397232,10
1161096,9.894505426165619,5
1161108,9.764440919343134,12
1161115,9.881853317855688,7
1161134,9.584900662842635,19
1161152,9.567594995629975,18
1161171,9.616933389879184,19
1161179,9.863436773215213,8
1161187,9.833021323507412,8
1161196,9.824322063179885,9
1161208,9.763882876295034,12
1161222,9.686389037423162,14
1161253,9.323733759293974,31
1161268,9.70639287643328,15
1161304,9.32585024688504,36
1161307,9.966459642163311,3
1161313,9.893437158487956,6
1161328,9.680250456974505,15
1161333,9.90813405985618,5
1161338,9.900566022655344,5
1161339,10.0,1
1161358,9.538375508380831,19
1161374,9.633182965862225,16
1161377,9.95719597925711,3
1161389,9.774218184796617,12
1161392,9.946229244015377,3
1161400,9.83337085286432,8
1161416,9.659780855795761,16
1161430,9.66628102078487,14
1161442,9.742740546496186,12
1161462,9.498583350797881,20
1161475,9.719444745984301,13
1161483,9.835365618156663,8
1161499,9.623289855332526,16
1161526,9.308356316303023,27
1161532,9.892655252518113,6
1161549,9.634923007850649,17
1161566,9.602286374820387,17
1161567,10.0,1
1161826,2.4462737872521787,259
1161827,10.0,1
1161833,9.887072739183745,6
1161847,9.709235400321054,14
1161855,9.84795284290869,8
1161872,9.585240675560156,17
1161877,9.914030122129299,5
1161911,9.161194991865607,34
1161935,9.401992844994421,24
1161942,9.853672701374169,7
1161955,9.745841361786235,13
1161958,9.941404178068119,3
1161974,9.583718034024114,16
1161978,9.942782286140515,4
1161986,9.848533558854923,8
1162004,9.620998918849203,18
1162009,9.934979879456357,5
1162018,9.827032317638505,9
1162041,9.251685752316014,23
1162042,9.996072034946891,1
1162046,9.931012431517274,4
1162058,9.732936999823535,12
1162059,10.0,1
1162060,9.988018237032932,1
1162072,9.716664513829686,12
1162081,9.83003946306832,9
1162089,9.849432566832569,8
1162102,9.70422715057304,13
1162112,9.797553275686951,10
1162113,10.0,1
1162120,9.894733182725597,7
1162122,9.978059580567678,2
1162133,9.663498488354495,11
1162137,9.93809040059281,4
1162139,9.976552618137731,2
1162145,9.810792152083362,6
1162151,9.876339453792356,6
1162158,9.861876505029791,7
1162191,9.36374536645884,33
1162211,9.633651042347593,20
1162231,9.578034371629617,20
1162243,9.670933556386332,12
1162249,9.886988600241965,6
1162262,9.78170312237889,13
1162265,9.957712454372444,3
1162278,9.694749408915786,13
1162286,9.827456175743588,8
1162302,9.690732366740871,16
1162313,9.77275072520219,11
1162325,9.575008958789505,12
1162335,9.783995383007168,10
1162346,9.567845194699192,11
1162349,9.969090455013461,3
1162350,10.0,1
1162363,9.722009010682845,13
1162376,9.725784783760984,13
1162386,9.731938435470035,10
1162394,9.762688829260641,8
1162403,9.8477449906086,9
1162407,9.94140996288472,4
1162425,9.660608771468041,18
1162442,9.630357157648135,17
1162449,9.869377925110776,7
1162454,9.914923964686146,5
1162457,9.95395816016514,3
1162467,9.803602174358877,10
1162481,9.688126294101425,14
1162494,9.734700786171363,13
1162497,9.94802734671696,3
1162513,9.621712337972282,16
1162520,9.871837608369328,7
1162527,9.872029402328655,7
1162544,9.633002821306127,17
1162550,9.89933252983075,6
1162562,9.756923342943928,12
1162563,10.0,1
1162579,9.657132150305603,16
1162597,9.605342271112725,18
1162598,10.0,1
1162605,9.867079299554682,7
1162624,9.548996909342772,19
1162644,9.531489705184237,20
1162652,9.845354229177598,8
1162661,9.843097539873193,9
1162662,10.0,1
1162671,9.852045516228834,9
1162677,9.885768856818363,6
1162690,9.734027715642208,13
1162705,9.675358706389256,15
1162715,9.781411034702014,10
1162725,9.8030304544466,10
1162731,9.89286027601885,6
1162733,9.980492357755569,2
1162746,9.732360250482436,13
1162759,9.75995287300947,13
1162768,9.799588914800017,9
1162777,9.842368407713755,9
1162784,9.883995613976195,7
1162785,9.988434768287885,1
1162828,9.090788917942765,43
1162859,9.350064619463462,31
1162867,9.883378072940522,8
1162877,9.785777109039534,10
1162882,9.909997956129068,5
1162887,9.934213666768251,5
1162897,9.788663525806365,10
1162907,9.79972630681979,10
1162919,9.755767789668916,12
1162932,9.704558314767022,13
1162941,9.804561062783053,9
1162963,9.573986862932548,22
1162981,9.593397851224818,18
1162988,9.869299912367307,7
1163000,9.740552312785558,12
1163021,9.20560021758783,21
1163033,9.773254174307327,12
1163042,9.826390087056279,9
1163047,9.918794414247827,5
1163059,9.746717651481505,12
1163060,10.0,1
1163061,10.0,1
1163068,9.883950812885958,7
1163072,9.927564772683658,4
1163073,10.0,1
1163074,10.0,1
1163091,9.646356099788747,17
1163092,10.0,1
1163100,9.83077276350102,8
1163116,9.620000959942784,16
1163124,9.841606419475095,8
1163135,9.776519125342462,11
1163151,9.694929736420798,16
1163164,9.498302274389962,13
1163173,9.8463178149877,9
1163177,9.942859310728236,4
1163399,2.8731699268262183,222
1163444,9.134436497307975,45
1163455,9.809217717577262,11
1163468,9.720415558456347,13
1163485,9.625495247740048,17
1163486,10.0,1
1163494,9.832756231573734,8
1163516,9.553804128912267,22
1163528,9.761598748627739,12
1163533,9.916780522720522,5
1163542,9.83936982589571,9
1163562,9.605724770939101,20
1164062,-13.501701926159859,500
1164069,9.88882134313721,7
1164071,9.980828124174803,2
1164095,9.447690244501084,24
1164120,9.375091450572148,25
1164123,9.955326473059388,3
1164159,9.077148997747765,36
1164186,9.468188162411858,27
1164195,9.817859651487376,9
1164202,9.876131820768084,7
1164220,9.582745589290441,18
1164221,10.0,1
1164222,10.0,1
1164223,10.0,1
1164230,9.869814569231568,7
1164238,9.841716943918291,8
1164245,9.885051830645724,7
1164246,10.0,1
1164291,8.729764597346396,45
1164292,10.0,1
1164293,10.0,1
1164301,9.831888044380575,8
1164309,9.842704522188445,8
1164333,9.516113152305643,24
1164338,9.915824789480865,5
1164343,9.917400319259757,5
1164359,9.693762166341628,16
1164387,9.371282195278932,28
1164397,9.8135986930833,10
1164410,9.694422089364986,13
1164412,9.985181019856448,2
1164419,9.648063169120048,7
1164427,9.761915471859233,8
1164432,9.923648026263528,5
1164445,9.772366429621997,13
1164455,9.816921164684299,10
1164470,9.572003695763946,15
1164487,9.539548393149458,17
1164500,9.467524617593206,13
1164501,9.989557496239318,1
1164502,10.0,1
1164511,9.808767973238803,9
1164524,9.74078410824703,13
1164577,8.877326897300408,53
1164591,9.69386001703693,14
1164601,9.785432387974291,10
1164611,9.685687650995922,10
1164613,9.98219483671879,2
1164614,9.988361651399357,1
1164689,8.636442165090395,75
1164703,9.679535728709046,14
1164715,9.780859351909559,12
1164724,9.81893668283294,9
1164755,8.641493562456912,31
1164765,9.824543914444458,10
1164773,9.820998392220487,8
1164780,9.88358216109542,7
1164781,10.0,1
1164791,9.792603270198645,10
1164798,9.866028276331475,7
1164817,9.027855251662071,19
1164834,9.618159588641399,17
1164848,9.676801067982435,14
1164850,9.979992878683975,2
1164867,9.66026207816373,17
1164878,9.74971482078473,11
1164886,9.844520576533272,8
1164888,9.976897912611228,2
1164905,9.630541764796325,17
1164915,9.777063664710425,10
1164921,9.883572486461103,6
1164927,9.892680878386823,6
1164935,9.861175399956428,8
1164942,9.859788821198087,7
1164950,9.855011737592585,8
1164958,9.849321513205952,8
1164966,9.835497453849992,8
1164974,9.844016733256266,8
1164983,9.84934414388185,9
1164987,9.940845688219454,4
1165003,9.64006816103625,16
1165004,10.0,1
1165016,9.775958649512102,12
1165040,9.526274151870977,24
1165053,9.742468366351256,13
1165063,9.776755229931842,10
1165070,9.878994995076905,7
1165076,9.878960566812605,6
1165082,9.900407970429645,6
1165092,9.788188856165883,10
1165096,9.926757301150811,4
1165106,9.773932487585288,10
1165122,9.686824523347179,16
1165140,9.59204310488069,18
1165164,9.488786912072133,24
1165182,9.674661698983261,18
1165186,9.93050266295023,4
1165193,9.864613193915645,7
1165195,9.975402540381388,2
1165209,9.730096497075397,14
1165211,9.982157133689027,2
1165227,9.648990128981202,16
1165238,9.743777816349274,11
1165259,9.43156111034381,21
1165272,9.722891997374571,13
1165324,9.062621009606968,52
1165336,9.724518681217631,12
1165342,9.89894511307422,6
1165353,9.780655473308062,11
1165364,9.707831480709634,11
1165383,9.584429148458176,19
1165385,9.97053372681337,2
1165404,9.049099263983313,19
1165412,9.872938871315093,8
1165422,9.813468954341111,10
1165434,9.678037890501802,12
1165435,10.0,1
1165456,9.578493125160637,21
1165527,8.567318712830504,71
1165528,10.0,1
1165529,10.0,1
1165541,9.455240819946926,12
1165558,9.63854197935945,17
1165569,9.82018378721195,11
1165579,9.789430800213688,10
1165584,9.925485730643686,5
1165592,9.84778404723578,8
1165600,9.85034427980841,8
1165607,9.880534325445176,7
1165614,9.856137946557592,7
1165615,10.0,1
1165640,9.434028261692559,25
1165660,9.5672858649786,20
1165661,10.0,1
1165678,9.589483526959416,17
1165688,9.803160851552176,10
1165705,9.602733670273974,17
1165714,9.829157177219033,9
1165722,9.851137519649715,8
1165729,9.868276680083094,7
1165731,9.96950876837749,2
1165742,9.756873725007926,11
1165752,9.8186257493625,10
1165765,9.697936442916836,13
1165776,9.758146684609843,11
1165799,9.54666229118811,23
1165808,9.817301682007985,9
1165820,9.737745475420725,12
1165839,9.624742543241615,19
1165852,9.735674695011413,13
1165866,9.717727588285676,14
1165871,9.904368758505523,5
1165883,9.759715479324036,12
1165898,9.673403418494042,15
1165905,9.89786910958502,7
1165918,9.715998213498839,13
1165928,9.803780087927375,10
1165940,9.74209942850067,12
1165950,9.794408486314879,10
1165958,9.854097029981647,8
1165969,9.792297748916939,11
1165983,9.68129782607427,14
1166006,9.425336218069427,23
1166029,9.523526743767883,23
1166042,9.249780354185344,13
1166052,9.810094461409987,10
1166071,9.590595569986473,19
1166086,9.661075758745934,15
1166096,9.782528255371984,10
1166109,9.725750795145743,13
1166111,9.983410016878432,2
1166121,9.81404341911397,10
1166138,9.636311243457769,17
1166152,9.711498609692788,14
1166159,9.861122388363333,7
1166167,9.865713534300784,8
1166174,9.87307763387805,7
1166181,9.861155626930012,7
1166197,9.65351579442037,16
1166205,9.842505799314404,8
1166213,9.846382909286023,8
1166227,9.656103884662821,14
1166238,9.776062645096237,11
1166249,9.770296237769957,11
1166455,2.0322076272245937,206
1166476,9.541116335409246,21
1166486,9.785765540745892,10
1166488,9.976045537279342,2
1166490,9.968908569815454,2
1166503,9.755099031400546,13
1166508,9.899097036011208,5
1166509,10.0,1
1166510,10.0,1
1166511,10.0,1
1166535,9.497760984827025,24
1166536,10.0,1
1166537,10.0,1
1166550,9.777974312418387,13
1166572,9.574568100744953,22
1166578,9.898152121119692,6
1166590,9.788793293022538,12
1166603,9.739807107727763,13
1166611,9.875739976599627,8
1166620,9.800251602019474,9
1166625,9.91187555876607,5
1166626,10.0,1
1166631,9.90020783484002,5
1166638,9.884228419131578,7
1166677,9.329756814295928,39
1166678,10.0,1
1166689,9.768138057709248,11
1166709,9.482409041289236,20
1166724,9.67596684407398,15
1166747,9.560555755186673,23
1166773,9.44710188115959,26
1166791,9.568241287428402,18
1166804,9.683329882544829,13
1166808,9.828805626242897,4
1166821,9.69086851962017,13
1166830,9.814347765388721,9
1166848,9.615115497412868,18
1166866,9.628645305531617,18
1166874,9.862998903626291,8
1166886,9.734729429650011,12
1166894,9.822770182429785,8
1166909,9.672009583184577,15
1166925,9.661837948437679,16
1166941,9.599887563129457,16
1166956,9.649518909987407,15
1166974,9.55640698863472,18
1166991,9.662895446691556,17
1167001,9.775160466206131,10
1167006,9.915381569020203,5
1167011,9.930013707243278,5
1167013,9.977672738568707,2
1167021,9.845527846804979,8
1167034,9.716504172663438,13
1167042,9.836977355079638,8
1167056,9.744616154462742,14
1167057,10.0,1
1167064,9.883663642136586,7
1167065,10.0,1
1167128,8.709196851285041,63
1167140,9.748997124965175,12
1167147,9.84861702097252,7
1167155,9.830686657206838,8
1167160,9.936543011635308,5
1167168,9.643870355916695,8
1167194,9.080853866270147,26
1167206,9.785349884340928,12
1167213,9.865943063596758,7
1167224,9.78298879051756,11
1167240,9.693919850873629,16
1167249,9.831230550696374,9
1167253,9.94166636928293,4
1167753,-15.904372410425795,500
1167768,9.715237232367047,15
1167770,9.970641759340477,2
1167775,9.897776083352126,5
1167777,9.975422161486975,2
1167792,9.652698483673056,15
1167808,9.664079778635578,16
1167836,9.500870188264177,28
1167851,9.677385473036061,15
1167854,9.945382703424213,3
1167867,9.741628297918695,13
1167878,9.795496755672707,11
1167887,9.839946361487696,9
1167892,9.913241735979051,5
1167899,9.877808724321545,7
1167907,9.82808746468867,8
1167922,9.684893848476436,15
1167925,9.97111993738839,3
1167929,9.93875822911226,4
1167960,9.424449287612095,31
1167961,10.0,1
1167992,9.355665360412283,31
1167999,9.880474969396174,7
1168010,9.773599847094431,11
1168050,9.184309090715862,40
1168055,9.93365281297652,5
1168074,9.59104243558902,19
1168096,9.535130699622782,22
1168105,9.815410261126367,9
1168110,9.893405391678764,5
1168111,10.0,1
1168126,9.703930637327263,15
1168135,9.822002364613,9
1168142,9.891422313963139,7
1168154,9.718214001612276,12
1168167,9.728998787338213,13
1168183,9.414784833283651,16
1168184,10.0,1
1168189,9.932275596688013,5
1168200,9.791676501818984,11
1168206,9.89655109666133,6
1168228,9.466119298232691,22
1168243,9.675140686398679,15
1168253,9.82704686978192,10
1168254,9.996927811736452,1
1168265,9.835368555089804,11
1168283,9.573010000767281,18
1168325,6.587506268017245,42
1168340,9.661639319809106,15
1168362,9.593518816840243,22
1168368,9.913078864395294,6
1168385,9.663487211777172,17
1168406,9.585921024775546,21
1168413,9.870267502187883,7
1168426,9.551980519719844,13
1168436,9.810220853704347,10
1168447,9.82011605144316,11
1168458,9.77602592742353,11
1168463,9.924823325333001,5
1168468,9.919977249612087,5
1168472,9.933280580903752,4
1168489,9.635559190199482,17
1168508,9.470429433748471,19
1168525,9.635213973870183,17
1168534,9.813569445205053,9
1168554,9.497264327317177,20
1168565,9.8088265009387,11
1168573,9.848758982305155,8
1168590,9.663609967145188,17
1168595,9.919030686152523,5
1168606,9.75374908284662,11
1168610,9.93625550786698,4
1168611,10.0,1
1168616,9.94020417279708,5
1168639,9.472595530831788,23
1168649,9.82527521986985,10
1168652,9.964394313437735,3
1168657,9.930384008291703,5
1168658,9.996404379886053,1
1168668,9.796283442165606,10
1168694,9.35126953119534,26
1168706,9.766160399048216,12
1168715,9.827838956382804,9
1168728,9.741699503178546,13
1168750,9.418712278568432,22
1168760,9.824382960894049,10
1168772,9.754821101527789,12
1168777,9.915316659141352,5
1168778,10.0,1
1168785,9.842509664091848,7
1168800,9.710648351937998,15
1168812,9.69642971633194,12
1168813,9.992383801419773,1
1168850,9.211692340568742,37
1168864,9.66663600459308,14
1168867,9.955257261416119,3
1168877,9.805903250561867,10
1168892,9.6377098523281,15
1168905,9.715382113057581,13
1168916,9.789286192266767,11
1168929,9.784946063632422,13
1168941,9.738762884081982,12
1168942,10.0,1
1168951,9.802545549819552,9
1168996,8.617149995103567,45
1169019,9.41724291378427,23
1169022,9.965002821261969,3
1169028,9.889465588603164,6
1169070,9.169276501126825,42
1169084,9.709787580852433,14
1169089,9.928705569327793,5
1169090,10.0,1
1169103,9.727222110219994,13
1169112,9.81188920496489,9
1169120,9.823482915257566,8
1169132,9.742426773491522,12
1169146,9.679299828283497,14
1169163,9.580455798725202,17
1169165,9.983449678382115,2
1169179,9.614182804458224,14
1169181,9.972573751117116,2
1169190,9.633432082757645,9
1169211,9.559573593487636,21
1169224,9.744144719639303,13
1169231,9.878927319396071,7
1169246,9.686759158925053,15
1169258,9.762861538845858,12
1169270,9.775106430964517,12
1169293,9.460513082506585,23
1169298,9.935710674679715,5
1169306,9.851434900890345,8
1169322,9.690133029467225,16
1169326,9.942473089945127,4
1169348,9.552310489765198,22
1169354,9.889153045768584,6
1169372,9.243937306205911,18
1169393,9.593616107025113,21
1169399,9.899759306730816,6
1169899,-15.253305133488594,500
1170399,-20.172000310639525,500
1170408,9.797578167952839,9
1170426,9.670663538416504,18
1170445,9.595256048350613,19
1170475,9.229777164686336,30
1170494,9.613333768118945,19
1170507,9.749036314612248,13
1170517,9.800651686207672,10
1170526,9.825017686240543,9
1170527,10.0,1
1170538,9.781409238823901,11
1170547,9.827300742930394,9
1170560,9.708181263089921,13
1170576,9.66317885312401,16
1170585,9.808677442280102,9
1170591,9.890667455234533,6
1170599,9.86945420464249,8
1170603,9.938835141592968,4
1170604,10.0,1
1170618,9.663830887513242,14
1170624,9.892507141266664,6
1170629,9.91238275928026,5
1170754,7.503870300733497,125
1170758,9.951281362064481,4
1170769,9.776078828292093,11
1170782,9.70753492288075,13
1170790,9.846015979317409,8
1170803,9.767908449959304,13
1170810,9.866128559842126,7
1170811,10.0,1
1170834,9.467004584980259,23
1170847,9.743101612704999,13
1170849,9.974384784244085,2
1170857,9.842429205571772,8
1170873,9.666326936084095,16
1170881,9.862314542023729,8
1170896,9.711931748989853,15
1170897,9.996405520122932,1
1170909,9.71332621440161,12
1170930,9.29482994409464,21
1170931,10.0,1
1170935,9.943260498472437,4
1170943,9.85909714762922,8
1170945,9.973013406398072,2
1170964,9.652461115392759,19
1170970,9.909808412896242,6
1170971,10.0,1
1170972,10.0,1
1170991,9.478633063052362,19
1171004,9.70204749857682,13
1171013,9.512703854662298,9
1171025,9.735810449982333,12
1171038,9.751995407677846,13
1171058,9.387233091354723,20
1171075,9.623807036465854,17
1171085,9.811001190734245,10
1171090,9.901712049516258,5
1171095,9.918531659307414,5
1171104,9.850239800839706,9
1171108,9.931463286645712,4
1171119,9.681127982035564,11
1171128,9.831094753987927,9
1171156,9.396462028519629,28
1171211,8.956353031592878,55
1171220,9.844158143012907,9
1171221,10.0,1
1171230,9.811663014025473,9
1171247,9.58944598605375,17
1171250,9.965031963429347,3
1171253,9.962443042202224,3
1171260,9.869919059468556,7
1171266,9.8810538492641,6
1171766,-204.36098023974776,500
1171770,9.641143322393892,4
1171805,9.223652400961152,35
1171809,9.945302199297034,4
1171819,9.805459550072904,10
1171828,9.794082291163969,9
1171829,10.0,1
1171838,9.810326552016106,9
1171839,10.0,1
1171843,9.947672714695917,4
1171844,10.0,1
1171854,9.78647373597049,10
1171875,9.596623601109956,21
1171895,9.595557938367067,20
1171905,9.787188117409729,10
1171914,9.852910222588479,9
1171921,9.851160301142153,7
1171933,9.742125892584562,12
1171955,9.473909770713666,22
1171973,9.643157443080488,18
1171983,9.79203944506471,10
1171999,8.926810620781138,16
1172008,9.834694783589413,9
1172018,9.802139535083189,10
1172023,9.92006401038981,5
1172034,9.823993887366436,11
1172053,9.550181790148208,19
1172061,9.855723158463295,8
1172072,9.768294035346555,11
1172087,9.643972437238737,15
1172090,9.946622835431084,3
1172091,10.0,1
1172100,9.809172785221612,9
1172107,9.8770501962525,7
1172127,9.611028451925483,20
1172135,9.847222450565072,8
1172141,9.907700123889875,6
1172153,9.746288360544,12
1172154,10.0,1
1172155,9.991974095184668,1
1172260,7.582477628705676,105
1172265,9.827916096894539,5
1172310,8.272597771017498,45
1172329,9.598314939822206,19
1172351,9.548039142943342,22
1172403,9.06493065580539,52
1172417,9.678924049463104,14
1172424,9.850705155811646,7
1172440,9.706850828783647,16
1172452,9.736089557498762,12
1172468,9.637939073414119,16
1172477,9.842826159042632,9
1172495,9.688535703847911,18
1172505,9.802074950019458,10
1172506,10.0,1
1172521,9.72798356663255,15
1172529,9.85002664306181,8
1172541,9.76030549475603,12
1172559,9.67276244040468,18
1172563,9.931199940967739,4
1172572,9.854945693261165,9
1172579,9.875620073564122,7
1172592,9.722849865407081,13
1172629,9.252332301699422,37
1172638,9.845945259676958,9
1172652,9.723459743326732,14
1172656,9.93133321477661,4
1172657,10.0,1
1172676,9.620728424738173,19
1172681,9.90972125694769,5
1172696,9.661516684754128,15
1172711,9.721289134102344,15
1172719,9.853487812915928,8
1172728,9.823241618257045,9
1172823,8.29399991193333,95
1172829,9.89552718102407,6
1172838,9.839013207712812,9
1172856,9.54294725126336,18
1172859,9.952369215644481,3
1172877,9.612938600276488,18
1172878,10.0,1
1172884,9.883432838549773,6
1172893,9.834684759205802,9
1172910,9.6606702478726,17
1172920,9.775952400731349,10
1172924,9.938582304082262,4
1172938,9.430487530411442,14
1172947,9.845710386805141,9
1172948,10.0,1
1172963,9.748962644814561,15
1172973,9.802552769693126,10
1172987,9.711070552202239,14
1173008,9.522156579335748,21
1173014,9.882754438609942,6
1173024,9.782801535003685,10
1173031,9.856626200664858,7
1173036,9.921527889440611,5
1173037,10.0,1
1173047,9.838265140247396,10
1173054,9.871156754086645,7
1173072,9.46295370997549,18
1173085,9.756884144877583,13
1173105,9.547371161859239,20
1173118,9.779262009006402,13
1173129,9.793452644036897,11
1173139,9.832889012178384,10
1173142,9.953893189277396,3
1173149,9.86726630269353,7
1173173,8.933969511231703,24
1173184,9.78535321253167,11
1173194,9.794702961293192,10
1173199,9.91721036295918,5
1173204,9.901921346975344,5
1173221,6.253500668447402,17
1173229,9.857014160495364,8
1173249,9.472019439457439,20
1173250,10.0,1
1173261,9.768005652982003,11
1173271,9.830590100817854,10
1173286,9.716866475831463,15
1173287,10.0,1
1173297,9.774111229301216,10
1173300,9.964073175421525,3
1173316,9.6644326911498,16
1173327,9.753689358762912,11
1173328,10.0,1
1173714,0.7543590952244728,386
1173725,9.7540932562114,11
1173749,9.133994988362522,24
1173758,9.70576330876014,9
1173792,8.796698494362182,34
1173799,9.87062221836428,7
1173800,10.0,1
1173814,9.722513108246982,14
1173833,9.524784824263987,19
1173834,10.0,1
1173845,9.744520054050126,11
1173863,9.623516460955573,18
1173868,9.91352019221929,5
1173878,9.67721165212016,10
1173893,9.658279426926086,15
1173898,9.918103646197414,5
1173899,10.0,1
1173913,9.749997797095348,14
1173916,9.961396097793232,3
1173929,9.720299350547466,13
1173939,9.821719530470393,10
1173947,9.8450351266909,8
1173966,9.605173658509393,19
1173967,9.992762982281997,1
1173970,9.961795850488148,3
1173975,9.918121236508242,5
1173982,9.870799824730554,7
1173988,9.881194744402977,6
1174003,9.665576840955621,15
1174016,9.703056570059614,13
1174022,9.877464497192278,6
1174023,10.0,1
1174033,9.821249445967203,10
1174048,9.686287889009805,15
1174055,9.549774519268897,7
1174070,9.649122409641683,15
1174075,9.91834943876925,5
1174079,9.94198717517353,4
1174091,9.733971622943233,12
1174102,9.750395887182883,11
1174112,9.805048247815446,10
1174130,9.662121160409058,18
1174154,9.470375759428606,24
1174155,10.0,1
1174156,10.0,1
1174157,10.0,1
1174168,9.75386124898905,11
1174169,10.0,1
1174174,9.914986342502763,5
1174180,9.894791559895863,6
1174191,9.485533387568754,11
1174192,10.0,1
1174204,9.73059893707281,12
1174205,10.0,1
1174206,9.991811966414861,1
1174214,9.85101229496572,8
1174228,9.689398329737045,14
1174229,10.0,1
1174239,9.793962956237129,10
1174246,9.872317314447553,7
1174254,9.848957047203706,8
1174283,9.392700052392389,29
1174296,9.713435753611051,13
1174306,9.777591220030702,10
1174321,9.694899464617922,15
1174322,10.0,1
1174323,10.0,1
1174332,9.842553982072834,9
1174333,9.992331688339897,1
1174334,10.0,1
1174356,9.627001831905137,22
1174380,9.458397108276749,24
1174389,9.849963282109563,9
1174391,9.971864334298466,2
1174392,10.0,1
1174406,9.695324111340675,14
1174418,9.744189205776802,12
1174434,9.733546246110933,16
1174451,9.65336263690976,17
1174454,9.955101060955629,3
1174467,9.7444489141187,13
1174480,9.599636809348887,13
1174498,9.613371136690649,18
1174510,9.744851901261766,12
1174527,9.659922772267509,17
1174535,9.85527141432395,8
1174547,9.748423561302912,12
1174567,9.585094746998918,20
1174568,10.0,1
1174588,9.548355858348806,20
1174598,9.799091526600453,10
1174605,9.853125741953786,7
1174606,10.0,1
1174623,9.599334496554278,17
1174632,9.814143692176351,9
1174636,9.931943751855718,4
1174637,10.0,1
1174667,9.506902673694677,30
1174674,9.867979598566665,7
1174688,9.683252955297633,14
1174699,9.781561214338044,11
1174709,9.782645139272297,10
1174736,9.515914037749837,27
1174746,9.790079088362312,10
1174778,9.169742552957647,32
1174794,9.629396388851777,16
1174812,9.603067210619743,18
1174820,9.865371717920562,8
1174835,9.667048485463214,15
1174843,9.85260067485937,8
1174853,9.813679881240088,10
1174868,9.688446102579844,15
1174869,10.0,1
1174882,9.760438498876871,13
1174886,9.945688559023745,4
1174893,9.874776774024633,7
1174898,9.911080111285887,5
1174914,9.632510923263647,16
1174926,9.735729031606,12
1174938,9.712900284019982,12
1174953,9.673365991426852,15
1174959,9.90576356408912,6
1174979,9.540135718255174,20
1174985,9.888204497932952,6
1174994,9.797352478105504,9
1175005,9.753840352288286,11
1175013,9.859981541742897,8
1175023,9.807873995700117,10
1175024,10.0,1
1175041,9.613263106653752,17
1175050,9.807126321795721,9
1175067,9.688196052568886,17
1175073,9.904579381304028,6
1175078,9.91880794457952,5
1175095,9.644981762557778,17
1175113,9.566388365402128,18
1175141,9.35485431405557,28
1175165,9.508928298254036,24
1175195,9.452220506706203,30
1175202,9.878797608567986,7
1175210,9.868472104577064,8
1175220,9.796562286873886,10
1175227,9.876609571119852,7
1175237,9.803700185865523,10
1175261,9.57934062692215,24
1175262,10.0,1
1175263,10.0,1
1175278,9.469847921100166,15
1175289,9.761374054741372,11
1175306,9.681191888087264,17
1175346,2.3801419411855953,40
1175347,10.0,1
1175348,10.0,1
1175354,9.89721495166296,6
1175364,9.793282577282817,10
1175371,9.850981887261337,7
1175390,9.046916211997427,19
1175407,9.663659965564069,17
1175424,9.6021628695891,17
1175444,9.613122135130391,20
1175445,10.0,1
1175460,9.69721156434047,15
1175473,9.73039813530775,13
1175483,9.813443704240182,10
1175487,9.943068513166548,4
1175490,9.962110315571206,3
1175503,9.792774412675078,13
1175512,9.839864088481825,9
1175538,9.472738359146295,26
1175540,9.976092974403075,2
1175554,9.504761977453986,14
1175557,9.969176388041392,3
1175575,9.597512257193694,18
1175597,8.797160325118503,22
1175617,9.537883502229572,20
1175622,9.919628336564699,5
1175631,9.777242985327671,9
1175635,9.95067062975279,4
1175647,9.775802336737655,12
1175658,9.762176337954504,11
1175674,9.669139088101742,16
1175690,9.213572877385301,16
1175699,9.844300469547724,9
1175708,9.854295966901278,9
1175733,9.254442375238341,25
1175750,9.630476280465336,17
1175752,9.974598753232115,2
1175771,9.611245585890055,19
1175785,9.695880017976599,14
1175795,9.800639387278085,10
1175804,9.839054156512699,9
1175935,7.586667051875567,131
1175940,9.913793701563746,5
1175952,9.720802054702087,12
1175953,10.0,1
1175954,10.0,1
1175955,10.0,1
1175971,9.665941479657427,16
1175978,9.857708007795072,7
1175991,9.801088419168739,13
1175995,9.939807776049655,4
1176007,9.75593437266703,12
1176016,9.817608856580708,9
1176022,9.878642448861838,6
1176042,9.58885495743848,20
1176063,9.320412633543757,21
1176086,6.6588434088204185,23
1176098,9.782404317781557,12
1176110,9.745422024275065,12
1176121,9.795832003567602,11
1176137,9.620146123436458,16
1176153,9.692402308233989,16
1176158,9.921340867018193,5
1176169,9.748465171531826,11
1176179,9.837547955680995,10
1176180,10.0,1
1176186,9.9057449964697,6
1176187,10.0,1
1176194,9.864137663267854,7
1176205,9.654472367450781,11
1176225,9.612119464039816,20
1176226,9.99658213040587,1
1176232,9.897608705832416,6
1176250,9.620843992643433,18
1176261,9.820346748339013,11
1176272,9.777569839262421,11
1176282,9.803740251364044,10
1176284,9.980378737621418,2
1176297,9.74395816989345,13
1176306,9.806806918627297,9
1176307,10.0,1
1176315,9.817174302117412,8
1176322,9.880116087756873,7
1176335,9.776265458182976,13
1176340,9.919002073617737,5
1176349,9.814604894104955,9
1176363,9.671084817084434,14
1176374,9.783311999208493,11
1176394,9.596647683057158,20
1176405,9.760148299188737,11
1176413,9.841268014964015,8
1176418,9.91490502769187,5
1176426,9.876294885674183,8
1176796,2.115946987835163,370
1176804,9.830839652840925,8
1176809,9.929475844583328,5
1176822,9.764876634412504,13
1176832,9.805440110059804,10
1176836,9.930351713988616,4
1176848,9.746634417229288,12
1176873,9.395056056142845,25
1176876,9.951242823503133,3
1176879,9.948993002593577,3
1176886,9.894242753551993,7
1176896,9.807547797059444,10
1176902,9.903925457198822,6
1176908,9.915931181061437,6
1176913,9.821724877500417,5
1176921,9.850552732769446,8
1176978,8.833656205833915,57
1176992,9.68516016320246,14
1176993,10.0,1
1177008,9.711483900158088,15
1177012,9.942061988637127,4
1177019,9.874848274272567,7
1177132,7.679241777038095,113
1177135,9.943973719376404,3
1177148,9.702058694904853,13
1177158,9.812648244658199,10
1177167,9.840195976625871,9
1177171,9.947832042157096,4
1177188,9.65048506546112,17
1177205,9.573078164348434,17
1177207,9.96790712242984,2
1177216,9.831488177368286,9
1177233,9.66790458738448,17
1177247,9.68621552995,14
1177254,9.860104669824171,7
1177259,9.9096953172397,5
1177263,9.949197367245295,4
1177271,9.851265952029134,8
1177279,9.845414374304383,8
1177292,9.747436005570107,13
1177295,9.957889123910768,3
1177303,9.842472094486792,8
1177331,9.514999284718288,28
1177348,9.685244982443722,17
1177353,9.923018443479215,5
1177356,9.953925074815048,3
1177377,9.597820767557547,21
1177378,10.0,1
1177392,9.763275226320873,14
1177409,9.582592409246171,17
1177415,9.905178321635036,6
1177444,9.473054987436141,29
1177458,9.723565256991138,14
1177469,9.748512794076435,11
1177497,9.412987269906509,28
1177514,9.600032655372956,17
1177531,9.639327112712639,17
1177539,9.841301860289438,8
1177540,10.0,1
1177559,9.586059598507257,19
1177579,9.530134183569858,20
1177580,10.0,1
1177592,9.773350269120034,12
1177606,9.687380946105765,14
1177613,9.873534830306292,7
1177624,9.793643789334633,11
1177630,9.902411034634733,6
1177637,9.885230090677595,7
1177644,9.851601914718513,7
1177647,9.966257015179776,3
1177651,9.931533220563002,4
1177655,9.937442174049583,4
1177663,9.842871389661488,8
1177673,9.782902911343756,10
1177688,9.6588007405992,15
1177701,9.739742709451068,13
1177715,9.410574316865594,14
1177717,9.9749231268001,2
1177755,9.229975170999776,38
1177771,9.69062251941335,16
1177778,9.865576788738238,7
1177791,9.725961356103875,13
1177798,9.895475447653757,7
1177801,9.96306748081434,3
1177810,9.8088241485271,9
1177818,9.82592134072003,8
1177833,9.545604177548125,15
1177834,10.0,1
1177845,9.797600655409335,11
1177850,9.926121316348572,5
1177869,9.663920207871767,19
1177889,9.586803177619341,20
1177902,9.729447524017734,13
1177911,9.82130006172668,9
1177925,9.750043916728991,14
1177937,9.726613337362885,12
1177938,10.0,1
1177967,9.304494959148505,29
1177968,9.996087040034574,1
1177979,9.750898442964457,11
1177986,9.88305923032569,7
1178011,9.441046813114362,25
1178021,9.812841578002727,10
1178026,9.921744815679455,5
1178038,9.746992496194997,12
1178039,10.0,1
1178047,9.845257102124096,8
1178075,9.382063325185792,28
1178083,9.856429179437857,8
1178096,9.698525621233795,13
1178106,9.800538654539082,10
1178111,9.915477401405713,5
1178120,9.806936115828073,9
1178127,9.886578863931526,7
1178133,9.896894241051198,6
1178146,9.754070831171692,13
1178149,9.961924983342687,3
1178158,9.836814277103626,9
1178169,9.765931510973047,11
1178182,9.715908657037293,13
1178183,10.0,1
1178187,9.927911477533764,4
1178191,9.922077082759095,4
1178194,9.96537310870428,3
1178208,9.697996830897045,14
1178218,9.815611532483894,10
1178235,9.453488598454054,17
1178240,9.912538221165335,5
1178249,9.808689739727813,9
1178262,9.731469007023977,13
1178277,9.741255291715612,15
1178298,9.616879675736762,21
1178312,9.67975051481507,14
1178313,10.0,1
1178314,10.0,1
1178329,9.711213919268019,15
1178333,9.938640996797831,4
1178345,9.767301470146888,12
1178350,9.918857746463205,5
1178355,9.918325805091536,5
1178363,9.884616691262,8
1178365,9.979654142315407,2
1178377,9.756894200179635,12
1178385,9.859964437268387,8
1178399,9.698428715035378,14
1178414,9.398946001693425,15
1178419,9.910008807756556,5
1178429,9.829514745525334,10
1178439,9.84423467449808,10
1178451,9.817023352188254,12
1178468,9.6697440867542,17
1178481,9.76721264271245,13
1178486,9.918359181734463,5
1178499,9.738524205929517,13
1178510,9.826775536033992,11
1179010,-10.06358710901515,500
1179018,9.82098589610857,8
1179031,9.711986788658226,13
1179037,9.902721790704451,6
1179046,9.838086724624286,9
1179054,9.847076476401844,8
1179062,9.86371705556644,8
1179068,9.888779843935133,6
1179076,9.84754577640088,8
1179081,9.925109115194811,5
1179104,9.5144420817089,23
1179114,9.790960236108468,10
1179120,9.886167650293375,6
1179132,9.725028331930577,12
1179133,10.0,1
1179152,9.649272783286325,19
1179159,9.864209816889135,7
1179164,9.924703516509688,5
1179180,9.679449454202102,16
1179188,9.848915002409619,8
1179215,9.454334580874798,27
1179235,9.50936672054787,20
1179443,5.8794606969531955,208
1179457,9.711847107374592,14
1179468,9.824945101635025,11
1179477,9.833012197742047,9
1179478,9.988282077423502,1
1179487,9.807355147263705,9
1179488,10.0,1
1179498,9.778281785170014,10
1179516,9.636922672726838,18
1179525,9.829063846021661,9
1179538,9.729507595062673,13
1179551,9.722150788910888,13
1179562,9.782476182199675,11
1179563,10.0,1
1179581,9.575168049331007,18
1179582,10.0,1
1179588,9.898504265676369,6
1179602,9.7270475524148,14
1179605,9.956306853570974,3
1179615,9.805637908930708,10
1179627,9.787457959839669,12
1179644,9.608348324964977,17
1179658,9.71397868959038,14
1179668,9.807031676573944,10
1179670,9.97356821483612,2
1179685,9.644392622420925,15
1179730,9.236145874684814,45
1179736,9.899896166984098,6
1179748,9.754765479628293,12
1179751,9.956798345788545,3
1179758,9.87678789235387,7
1179772,9.657117181116599,14
1179784,9.772699751020967,12
1179794,9.761715305126003,10
1179805,9.791544548620916,11
1179842,8.598417884903515,37
1179843,10.0,1
1179844,9.986759138082999,1
1179851,9.881638742937637,7
1179873,9.500301094176978,22
1179880,9.865596230615823,7
1179892,9.775413997119324,12
1179936,9.205989011848523,44
1179968,9.372534469733743,32
1179969,10.0,1
1179981,9.784906011048484,12
1179990,9.809689375672672,9
1179997,9.891478329021535,7
1180015,9.656544282383276,18
1180019,9.946886073682418,4
1180020,9.991826681542863,1
1180040,9.600869462139151,20
1180061,9.125340288374819,21
1180077,9.707672608722211,16
1180084,9.861460086447408,7
1180085,9.996628977051463,1
1180098,9.706226700510136,13
1180112,9.693221405796482,14
1180117,9.912282444838075,5
1180130,9.762609266079911,13
1180137,9.867578105654932,7
1180139,9.973955870956404,2
1180148,9.8148558789226,9
1180163,9.678751515141384,15
1180176,9.746236956149252,13
1180193,9.64035161972758,17
1180203,9.793752776074038,10
1180214,9.802422265270781,11
1180225,9.785501276052488,11
1180230,9.92304163439122,5
1180232,9.985385585982206,2
1180244,9.757379245349501,12
1180253,9.806867196673538,9
1180594,1.4443961970211276,341
1180598,9.951225882244767,4
1180682,8.536089220212029,84
1180694,9.76993750753834,12
1180707,9.761534563505107,13
1180712,9.918189528151375,5
1180716,9.94739750553066,4
1180731,9.728290862336552,15
1180749,9.608871939250179,18
1180750,10.0,1
1180758,9.822461814159027,8
1180779,9.496170885874202,21
1180795,9.692005690922116,16
1180796,10.0,1
1180803,9.863927921264677,7
1180804,9.996306976698458,1
1180823,9.63239953044998,19
1180824,10.0,1
1180839,9.662957958525617,15
1180864,9.489526604394424,25
1180868,9.950693875346388,4
1180877,9.733856714912902,9
1180885,9.841571782314126,8
1180899,9.565924562405998,14
1180916,9.63144003189756,17
1180917,10.0,1
1180923,9.88980439167082,6
1180924,10.0,1
1180927,9.94695804853548,3
1180928,10.0,1
1180931,9.965877624449824,3
1180950,9.401985821473165,19
1180963,9.715785578948541,13
1181122,6.831120396424675,159
1181132,9.791829894371052,10
1181144,9.781301933962085,12
1181158,9.714642071457085,14
1181160,9.975845422583662,2
1181218,8.838011820044533,58
1181219,9.989308404773167,1
1181229,9.816300173055907,10
1181255,9.407276493354736,26
1181265,9.807788057711845,10
1181269,9.948646711035591,4
1181282,9.76831987732564,13
1181293,9.767239689882189,11
1181297,9.947831876431229,4
1181303,9.894206555884791,6
1181471,6.967156585395896,168
1181472,10.0,1
1181503,9.28582061965933,31
1181517,9.721531016514454,14
1181522,9.915031271942922,5
1181529,9.862640717487153,7
1181533,9.931555489059022,4
1181543,9.786659382839472,10
1181552,9.822453954942464,9
1181565,9.73769028373768,13
1181566,10.0,1
1181589,9.521095120282757,23
1181591,9.977834276607929,2
1181596,9.934678999225362,5
1181597,9.98921521170552,1
1181603,9.90540169910776,6
1181625,9.529620758142984,22
1181636,9.800887314683036,11
1181651,9.634048259121005,15
1181656,9.932056370162853,5
1181676,9.620651726435002,20
1181687,9.652816682362896,11
1181691,9.731664892145806,4
1181702,9.803876604985565,11
1181716,9.698350856369508,14
1181732,9.679346867305274,16
1181733,10.0,1
1181760,9.525886038628219,27
1181764,9.94461900756447,4
1181772,9.835687971159864,8
1181779,9.88382708406831,7
1181794,9.667793696836418,15
1181801,9.890934109281394,7
1181811,9.805580519176395,10
1181812,9.996366403223327,1
1181826,9.723696827074015,14
1181836,9.789545485683545,10
1181844,9.832862936891683,8
1181857,9.717604306841846,13
1181860,9.962664744979868,3
1181867,9.881438192045687,7
1181878,9.793688803326933,11
1181893,9.679990705381558,15
1181907,9.71823970194669,14
1181917,9.777422084116852,10
1181926,9.798543182846458,9
1181937,9.755377600815233,11
1181941,9.942827814081003,4
1181952,9.803359298608713,11
1181969,9.648164983841122,17
1181978,9.847076285994955,9
1181986,9.8742385620976,8
1181992,9.902717350062048,6
1182002,9.58824617708407,10
1182003,10.0,1
1182009,9.398437113904066,6
1182017,9.83935980460498,8
1182022,9.91472472868509,5
1182038,9.684637982986944,16
1182048,9.779810778863958,10
1182055,9.879760906175298,7
1182065,9.804560875580304,10
1182082,9.610116410112248,17
1182086,9.938095822018346,4
1182098,9.770169035646015,12
1182107,9.826073603483792,9
1182117,9.79197769039929,10
1182137,9.56637980423967,20
1182147,9.823239670909537,10
1182163,9.639472575615988,16
1182168,9.924867860170892,5
1182184,9.646577098523801,16
1182203,9.567110796889562,19
1182210,9.868254097863522,7
1182220,9.80166538921227,10
1182221,10.0,1
1182223,9.979659656261225,2
1182235,9.778518353714295,12
1182252,9.631333755381087,17
1182262,9.816562071856643,10
1182274,9.764755207977194,12
1182294,9.616592058607743,20
1182303,9.827681857349617,9
1182325,9.493929044657536,22
1182335,9.802083920881813,10
1182363,9.453065673380015,28
1182387,9.533645262855744,24
1182399,9.797406083073948,12
1182407,9.85812430055518,8
1182424,9.657458588744554,17
1182432,9.844301656641258,8
1182442,9.808972335388333,10
1182446,9.934694458754953,4
1182447,10.0,1
1182456,9.838553650261428,9
1182466,9.781806228694627,10
1182468,9.984106437710803,2
1182485,9.662977056236379,17
1182495,9.783323009961025,10
1182506,9.783969077791,11
1182521,9.668792732096183,15
1182522,10.0,1
1182530,9.860996544323758,8
1182543,9.72234754890462,13
1182566,9.535104646367184,23
1182582,9.674208965378728,16
1182587,9.92167592800757,5
1182600,9.750579974225259,13
1182621,9.548174698416911,21
1182641,9.494676084074545,20
1182652,9.698905935872547,11
1182653,9.99303284749021,1
1182833,4.155499591163174,180
1182837,9.920362974913717,4
1182851,9.665622462244489,14
1182852,10.0,1
1182865,9.714573730264888,13
1182871,9.891389189144816,6
1182879,9.850570222700588,8
1182888,9.813893072152602,9
1182891,9.955415061881109,3
1182897,9.883084858287079,6
1182899,9.977852222644875,2
1182900,10.0,1
1182910,9.821524584241805,10
1182927,9.596466702608788,17
1182939,9.709170589039045,12
1182948,9.836011833010657,9
1182953,9.913882766633876,5
1182974,9.518652683472558,21
1182988,9.683279665447415,14
1182995,9.861864227994383,7
1182996,9.996379744803503,1
1183016,6.909508077800025,20
1183035,9.587348630109254,19
1183045,9.789765999255645,10
1183053,9.841582408366472,8
1183062,9.822481352197322,9
1183562,-11.243588272281741,500
1183571,9.850076429634141,9
1183575,9.941133781592898,4
1183576,10.0,1
1183591,9.707260491152395,15
1183611,9.600339244343184,20
1183612,10.0,1
1183613,10.0,1
1183633,8.962228313416677,20
1183652,9.562785909069776,19
1183663,9.692483297971624,11
1183668,9.920551971189608,5
1183676,9.820858996608884,8
1183682,9.881151400997842,6
1183693,9.793319849304897,11
1183703,9.791695945983225,10
1183708,9.910209416743655,5
1183726,8.948912145765947,18
1183733,9.879645658208913,7
1183740,9.854197173018028,7
1183751,9.758912796891442,11
1183752,10.0,1
1184252,-9.584298478333517,500
1184267,9.693943871222066,15
1184268,10.0,1
1184277,9.827445723547996,9
1184289,9.774452800093957,12
1184297,9.841552422493304,8
1184298,10.0,1
1184305,9.881092116321735,7
1184307,9.981022942839505,2
1184316,9.826640107744867,9
1184329,9.741237883663052,13
1184337,9.86091283138128,8
1184350,9.751915641430237,13
1184366,9.635719930869323,16
1184367,10.0,1
1184385,9.58399273090712,18
1184396,9.785903024727972,11
1184403,9.885582797831644,7
1184411,9.86030754887655,8
1184446,9.284832683623822,35
1184449,9.953150888755452,3
1184461,9.783621971120908,12
1184482,9.588568767452578,21
1184504,9.545039709653919,22
1184518,9.708575081362424,14
1184523,9.908710414384528,5
1184531,9.856198248166029,8
1184544,9.740433213259058,13
1184564,9.564004768210365,20
1184576,9.784798240680384,12
1184592,9.62998024441609,16
1184604,9.643417362040745,12
1184614,9.816027320278335,10
1184629,9.676938207097947,15
1184645,9.312349602100305,16
1184660,9.652271309697143,15
1184673,9.605737414370063,13
1184681,9.86671296007901,8
1184687,9.900479694566599,6
1184697,9.802303057915243,10
1184708,9.788120014597721,11
1184734,9.36056885253242,26
1184748,9.700705932715998,14
1184762,9.731953441825707,14
1184770,9.836110706373148,8
1184783,9.76225590634525,13
1184795,9.763931104367192,12
1184803,9.833270058378035,8
1184809,9.916864055319726,6
1184838,9.433542196896413,29
1184842,9.848739066022905,4
1184851,9.834863840042084,9
1184856,9.919622709538757,5
1184857,10.0,1
1184864,9.85903455780134,7
1184868,9.93877398160219,4
1184882,9.711816820159898,14
1184895,9.725502991550451,13
1184896,9.996244895770772,1
1184905,9.835340854345132,9
1184913,9.824728515243665,8
1184923,9.80215623306031,10
1184931,9.852313581480674,8
1184937,9.890048163039832,6
1184956,9.625570491592377,19
1184960,9.92684434392891,4
1184967,9.849662976335269,7
1184972,9.915178683617114,5
1184989,9.653884053409328,17
1185017,9.166004612155309,28
1185037,9.546629351319629,20
1185049,9.729652109446446,12
1185050,10.0,1
1185051,9.990113555428652,1
1185060,9.802848000353633,9
1185074,9.709928447696862,14
1185075,10.0,1
1185086,9.762952000244395,11
1185104,9.625794929019065,18
1185112,9.839008768575372,8
1185135,9.5996565984628,23
1185147,9.793484388591276,12
1185152,9.908547301825783,5
1185163,9.753306339483846,11
1185172,9.835113645497241,9
1185189,9.676285969796538,17
1185197,9.871500780043469,8
1185211,9.735675619922231,14
1185230,9.611189461399086,19
1185253,9.501122468419267,23
1185268,9.654878337515228,15
1185280,9.711455112851347,12
1185293,9.795819822079855,13
1185298,9.909862715028549,5
1185315,9.667838713086274,17
1185323,9.87474524933311,8
1185331,9.867976744837646,8
1185340,9.82321265957567,9
1185345,9.931176388643417,5
1185358,9.79367257913513,13
1185362,9.933890136349866,4
1185364,9.98009376226734,2
1185370,9.903902273092212,6
1185384,9.744654729480498,14
1185399,9.566086268421376,15
1185407,9.84103642115541,8
1185414,9.897367165127806,7
1185417,9.968082849786402,3
1185428,9.750831825985026,11
1185448,9.566059259381339,20
1185480,6.933362247745501,32
1185488,9.840099791371184,8
1185492,9.934393965919254,4
1185500,9.84666717466371,8
1185507,9.868453393838779,7
1185519,9.783448187386675,12
1185523,9.93860950756519,4
1185532,9.794939520513758,9
1185533,10.0,1
1185546,9.723312860381377,13
1185571,9.465644194229851,25
1185585,9.678026371018593,14
1185590,9.907810638084074,5
1185611,9.40490379568678,21
1185629,9.498958372022866,18
1185641,9.720534581554217,12
1185654,9.701272806917322,13
1185663,9.836897816099686,9
1185669,9.882829278639976,6
1185688,9.540728928668127,19
1185708,9.556307814419222,20
1185723,9.636529503414797,15
1185724,10.0,1
1185725,10.0,1
1185737,9.756420004037377,12
1185743,9.885888603461009,6
1185754,9.79424109771527,11
1185765,9.75091036250569,11
1185772,9.891279576045415,7
1185782,9.804538914725295,10
1185801,9.6180641900227,19
1185806,9.918977286164699,5
1185814,9.875843456291955,8
1185825,9.783005780293418,11
1185830,9.926817085281975,5
1185833,9.956305385301242,3
1185839,9.917230793384723,6
1185856,9.611916470627762,17
1185857,10.0,1
1185858,10.0,1
1185872,9.636111526345358,14
1185913,8.873687227406435,41
1185916,9.950896959257582,3
1185931,9.552713659736666,15
1185964,9.248782101538449,33
1185985,9.219813445014397,21
1186001,9.433050567093273,16
1186015,9.722836931730226,14
1186025,9.784495094340112,10
1186036,9.78289201400846,11
1186037,10.0,1
1186063,8.896167190392015,26
1186098,9.34921822698811,35
1186108,9.782001882146298,10
1186117,9.777174106233675,9
1186118,10.0,1
1186618,-203.03502049026787,500
1187118,-214.5772756121432,500
1187618,-214.20195187927848,500
1188118,-213.28311011321398,500
1188618,-214.49854158921224,500
1188626,9.835320326707539,8
1188637,9.783473514230975,11
1188653,9.62926278310157,16
1188660,9.878741080850808,7
1188667,9.868045217086069,7
1188674,9.874565724871385,7
1188687,9.638978752000602,13
1188701,9.717297321364844,14
1188716,9.675810341429257,15
1188722,9.909305457144614,6
1188734,9.735240067425996,12
1188744,9.80694060272782,10
1188746,9.979337729027192,2
1188771,9.407699710063314,25
1188777,9.88908351329709,6
1188786,9.83122510654098,9
1188787,10.0,1
1188794,9.89490328495481,7
1188802,9.816360284843169,8
1188803,10.0,1
1189303,-10.374990120093518,500
1189315,9.73223906741064,12
1189325,9.770271507492406,10
1189332,9.860072937036337,7
1189352,9.484162420363196,20
1189365,9.709930938944037,13
1189376,9.679557693522375,11
1189388,9.429141932390218,12
1189401,9.74442808536216,13
1189411,9.768441654429633,10
1189418,9.87225307383652,7
1189482,8.735767687662326,64
1189492,9.788734705622351,10
1189508,9.62790000569331,16
1189510,9.978409349381796,2
1190010,-9.694072216229204,500
1190011,10.0,1
1190022,9.793319201403278,11
1190023,10.0,1
1190032,9.816953349749019,9
1190037,9.913490641348604,5
1190046,9.83701921507692,9
1190066,9.199543889212244,20
1190067,10.0,1
1190080,9.710196354591686,13
1190099,9.557578618239466,19
1190140,9.151987040649777,41
1190148,8.267522282864972,8
1190167,9.557616466503706,19
1190173,9.911262328547707,6
1190174,10.0,1
1190178,9.947735784025223,4
1190189,9.772950665901138,11
1190198,9.814016712848254,9
1190208,9.826699307300492,10
1190211,9.945094203715747,3
1190218,9.852724135661822,7
1190224,9.896115705676413,6
1190239,9.337312314839647,15
1190250,9.752603081291227,11
1190251,9.996523152628244,1
1190267,9.645590151108443,16
1190276,9.83587458110989,9
1190285,9.824698966494845,9
1190307,9.588979369206989,22
1190643,4.083780143406813,336
1190653,9.784106135224738,10
1190663,9.827897126571537,10
1190674,9.779628028426988,11
1190685,9.78559109488394,11
1190686,10.0,1
1190698,9.756711576767673,12
1190711,9.730213925195633,13
1190729,9.645558889794431,18
1190741,9.78808763401779,12
1190753,9.796679702878409,12
1190766,9.7293793318044,13
1190772,9.892340762502991,6
1190787,9.678900021316514,15
1190794,9.877373831860782,7
1190807,9.757716411312204,13
1190808,10.0,1
1190824,9.675736908705206,16
1190834,9.809905238550474,10
1190841,9.889823205255432,7
1190847,9.90830785099765,6
1190857,9.785688489322782,10
1190865,9.868805687260407,8
1190881,9.691119882563322,16
1190883,9.972743722449332,2
1191383,-9.937723312566439,500
1191401,9.637257430409173,18
1191411,9.815180775569758,10
1191425,9.696249682303682,14
1191443,9.655165654577042,18
1191450,9.878067343688398,7
1191465,9.726067840354784,15
1191470,9.928582419790224,5
1191471,10.0,1
1191482,9.781495518755632,11
1191492,9.821613628818795,10
1191503,9.76464370583781,11
1191529,9.407470980136075,26
1191542,9.75427363952292,13
1191552,9.821211307791932,10
1191561,9.814894689299724,9
1191580,9.669133804281708,19
1191601,9.571347164413982,21
1191610,9.820079735310395,9
1191623,9.770258312270158,13
1191650,9.070613346034168,27
1191664,9.73058384466074,14
1191677,9.699997726674018,13
1191695,9.67697022265426,18
1191699,9.934327860795841,4
1191743,9.148492126147328,44
1191763,9.591637976566886,20
1191776,9.73391536166399,13
1191808,9.187587943716846,32
1191830,9.567341210681695,22
1191832,9.969334011790771,2
1191867,8.982329527327297,35
1191881,9.698145406821498,14
1191886,9.615749281204709,5
1191906,9.55954134429306,20
1191916,9.812269646635926,10
1191934,9.638474175899686,18
1192434,-205.56009845857588,500
1192449,9.648963903700544,15
1192465,9.603388439119396,16
1192471,9.887404414982635,6
1192491,9.588697127136848,20
1192499,9.861172219429905,8
1192505,9.892170517036039,6
1192506,10.0,1
1192514,9.865090910411325,8
1192528,9.603841585103197,14
1192538,9.846853499886379,10
1192541,9.958073565706112,3
1192547,9.892814882272537,6
1192551,9.919201841661659,4
1192563,9.651328773468958,12
1192570,9.888736550993476,7
1192586,9.67330795567908,16
1192596,9.825512598524801,10
1192606,9.80490033058952,10
1192617,9.803490443882046,11
1192618,10.0,1
1192619,10.0,1
1192622,9.971534914909334,3
1192633,9.776684941646513,11
1192641,9.841521404997259,8
1192648,9.890463065343454,7
1192661,9.699498573878994,13
1192672,9.778596727664361,11
1192673,10.0,1
1192679,9.891427788181575,6
1192692,9.742062838022267,13
1192696,9.947417497993587,4
1192707,9.735388136404953,11
1192711,9.955323504620152,4
1192727,9.62776602487135,16
1192731,9.943073799264146,4
1192753,9.598729050236479,22
1192765,9.759940609107009,12
1192772,9.867856030431797,7
1192787,9.66025680104715,15
1192805,9.613441992993122,18
1192857,9.013990468316845,52
1192876,9.644769979212978,19
1192878,9.97388767696312,2
1192913,9.325093751207534,35
1192923,9.82833621308486,10
1192943,9.524022237828753,20
1192956,9.749142884262193,13
1192960,9.937346567134878,4
1192966,9.904976611947056,6
1192975,9.81533822919468,9
1192981,9.890906475155944,6
1192988,9.884144577197528,7
1192993,9.92385524129137,5
1193011,9.266293390742884,18
1193020,9.62504506109404,9
1193021,9.993188009930797,1
1193030,9.859571648288314,9
1193034,9.947728723518555,4
1193044,9.858634110026044,10
1193061,9.484834763091955,17
1193082,9.343258751061697,21
1193098,9.591797520845427,16
1193113,9.718619079139946,15
1193144,9.35410853988027,31
1193152,9.855386104039898,8
1193168,9.669021759774807,16
1193175,9.867811828899017,7
1193176,9.993010379570915,1
1193186,9.796313673431271,10
1193197,9.781333013497152,11
1193212,9.653423482060527,15
1193236,9.471486469786004,24
1193272,9.316268182351603,36
1193285,9.726382073424658,13
1193296,9.824654770836512,11
1193301,9.923432301088107,5
1193319,9.624642101855839,18
1193339,9.561205243592061,20
1193365,9.354317960312377,26
1193387,9.596661078815561,22
1193405,8.772533848955122,18
1193418,9.714111946757209,13
1193429,9.747610025942963,11
1193440,9.778757848274262,11
1193455,9.688313970031436,15
1193457,9.98093375662347,2
1193477,9.603785262007612,20
1193478,10.0,1
1193483,9.933151971622616,5
1193497,9.69836626705805,14
1193583,8.034206194947705,86
1193597,9.727725409660538,14
1193602,9.943924122053996,5
1193606,9.93309038926552,4
1193616,9.769800895423218,10
1193625,9.797290224811023,9
1193631,9.890576113124148,6
1193643,9.671669321224933,12
1193650,9.88012766909753,7
1193658,9.816131541675162,8
1193662,9.944048633302987,4
1193670,9.844117571037824,8
1193671,9.996470675416653,1
1193678,9.868374515826595,7
1193704,9.46947496874878,26
1193719,9.745222462777138,15
1193727,9.828531033688352,8
1193729,9.9829271692668,2
1193741,9.749630460696288,12
1193746,9.91414432270232,5
1193758,9.762344670910661,12
1193769,9.767699133819919,11
1193776,9.861762635585839,7
1193784,9.84032236028321,8
1193796,9.736533890047701,12
1193839,4.38757068419047,43
1193861,9.57966013591236,22
1193884,9.565218258645677,23
1193887,9.955274115275506,3
1193896,9.81230109811572,9
1193905,9.833682949773923,9
1193906,9.995981368484804,1
1193916,9.793470032882537,10
1193922,9.884995207760827,6
1193941,9.608110824168607,19
1193949,9.858002999831214,8
1193952,9.960621582938538,3
1193960,9.864806211844336,8
1193976,9.594990852112648,16
1193996,9.648070262571196,20
1194009,9.711663590234506,13
1194015,9.869217044561811,6
1194020,9.911489181172668,5
1194034,9.698010433426786,14
1194045,9.757583176158537,11
1194057,9.744578355543933,12
1194061,9.942905717444567,4
1194069,9.823395991928313,8
1194087,9.628913801568052,18
1194100,9.747088342455074,13
1194118,9.638389879329324,18
1194130,9.758901694374885,12
1194142,9.715262181027589,12
1194145,9.952631062452701,3
1194149,9.938167203084616,4
1194150,10.0,1
1194158,9.863262136241149,8
1194159,10.0,1
1194173,9.40325988349786,14
1194194,9.240735387565925,21
1194200,9.584194461474906,6
1194263,8.389009907399142,63
1194279,9.612531800213304,16
1194291,9.74935102265411,12
1194305,9.725698657937677,14
1194311,9.891451216317485,6
1194317,9.897680418348196,6
1194321,9.938742288616098,4
1194322,10.0,1
1194335,9.692794452458983,13
1194336,10.0,1
1194369,9.436910186324301,33
1194370,9.996427570918055,1
1194376,9.89217721204367,6
1194382,9.908013235562734,6
1194385,9.958532442127327,3
1194409,9.491153679803068,24
1194420,9.803014309755385,11
1194443,9.550264930854645,23
1194449,9.889959481392474,6
1194455,9.886855526575618,6
1194464,9.804089513727233,9
1194470,9.8898315240736,6
1194485,9.7122716474612,15
1194496,9.748165069558386,11
1194504,9.829614215108098,8
1194523,9.543754078997535,19
1194533,9.786448209942465,10
1194548,9.695184603787158,15
1194562,9.73124113493882,14
1194579,9.674463952485265,17
1194594,9.689427956111658,15
1194620,9.330429502620548,26
1194631,9.744594751551883,11
1194648,9.635395872095975,17
1194649,10.0,1
1194650,10.0,1
1194669,9.590721889176839,19
1194676,9.880872204437301,7
1194688,9.718834346524444,12
1194700,9.771403574730385,12
1194709,9.81916754934001,9
1194712,9.964678724328904,3
1194728,9.53966040057713,16
1194745,9.698574422839725,17
1194746,10.0,1
1194780,9.313147968837674,34
1194789,9.831537581840351,9
1194804,9.66786693041077,15
1194819,9.712427671251127,15
1194823,9.942315342325655,4
1194824,10.0,1
1194832,9.817543093931393,8
1194844,9.719702846837711,12
1194857,9.737330914398129,13
1194863,9.878536937862389,6
1194874,9.751556739724649,11
1194883,9.869922162771008,9
1195383,-11.523111997634217,500
1195387,9.934812930841145,4
1195401,9.60373637830457,14
1195412,9.790341605710141,11
1195418,9.888545480912677,6
1195423,9.91070549128089,5
1195437,9.732350384670461,14
1195453,9.436854159804028,16
1195456,9.962563710780424,3
1195457,10.0,1
1195467,9.805042773972524,10
1195481,9.704236742369277,14
1195492,9.759328932127552,11
1195507,9.66587354038574,15
1195513,9.880280773684092,6
1195530,9.668879545204286,17
1195531,10.0,1
1195532,10.0,1
1195543,9.787305090977707,11
1195555,9.771945377351285,12
1196055,-10.66637369914688,500
1196068,9.719914691264567,13
1196084,9.666617624123457,16
1196085,10.0,1
1196100,9.670189723292907,15
1196110,9.837404814844092,10
1196116,9.809062983302345,6
1196136,9.61186788621586,20
1196143,9.870028948557009,7
1196166,9.157782222739883,23
1196188,8.58164303986911,22
1196205,9.648485331986775,17
1196217,9.741635843212404,12
1196226,9.850983449211196,9
1196340,7.833350403364959,114
1196350,9.789052328524045,10
1196357,9.857133798326128,7
1196360,9.959643026432168,3
1196366,9.914501522608736,6
1196382,9.740642033001171,16
1196403,9.53692079012306,21
1196413,9.830714517706715,10
1196427,9.716428951711249,14
1196462,9.33164426583487,35
1196463,10.0,1
1196464,9.98879408120409,1
1196467,9.9499841003291,3
1196478,9.785786436519638,11
1196479,10.0,1
1196543,8.695999188360677,64
1196548,9.916457787790582,5
1196558,9.802952693311646,10
1196563,9.92583912416831,5
1196571,9.835991201719827,8
1196598,9.460099390626544,27
1196604,9.898092165510516,6
1196614,9.815639874211596,10
1196621,9.875505005284719,7
1196624,9.964680063622605,3
1196629,9.929899327729117,5
1196639,9.78302629187659,10
1196647,9.848545107032939,8
1196654,9.887783992456253,7
1196665,9.76854957851772,11
1196666,10.0,1
1196676,9.772564654118266,10
1196688,9.647543086790135,12
1196695,9.896699030433792,7
1196705,9.774503835070586,10
1196711,9.907695549741577,6
1196760,9.009514039482854,49
1196764,9.945556383721796,4
1196779,9.627692467269323,15
1196787,9.851182910786287,8
1196797,9.791236131900925,10
1196808,9.77445317421037,11
1196825,9.708060580896603,17
1196839,9.683964823312875,14
1196850,9.779810611437995,11
1196860,9.784059593473117,10
1196875,9.734969091052836,15
1196893,9.533173426581417,18
1196897,9.945588578206525,4
1196910,9.73960133257687,13
1196918,9.813926522522523,8
1196930,9.790621708305164,12
1196931,10.0,1
1196957,9.525743292813413,26
1196959,9.97502364064156,2
1196960,10.0,1
1196973,9.716368387959562,13
1196987,9.701138402746281,14
1197003,9.724491735468842,16
1197018,9.681392150687163,15
1197039,9.559422200530928,21
1197046,9.855003176125967,7
1197061,9.698107771338469,15
1197086,9.445282745218039,25
1197087,10.0,1
1197088,10.0,1
1197089,10.0,1
1197099,9.787153648039741,10
1197108,9.855338008756291,9
1197121,9.703124012650264,13
1197122,9.992926382346658,1
1197137,9.707767804360625,15
1197138,10.0,1
1197150,9.763936438516826,12
1197176,9.475429664361744,26
1197193,9.627278984768154,17
1197202,9.824013474944561,9
1197210,9.842800555258822,8
1197218,9.879853857845683,8
1197232,9.67894687097718,14
1197237,9.924588635487014,5
1197249,9.714304109170232,12
1197280,9.234110411779453,31
1197281,10.0,1
1197295,9.749134641930798,14
1197311,9.675222071170655,16
1197329,7.806145896791753,18
1197331,9.976311285310766,2
1197342,9.775203612531124,11
1197347,9.9415757585057,5
1197358,9.759455554226896,11
1197359,10.0,1
1197363,9.95176326242552,4
1197373,9.793583937076983,10
1197380,9.769540099422768,7
1197391,9.75544966766054,11
1197400,9.802962848977257,9
1197403,9.966934535251097,3
1197414,9.753411077950132,11
1197420,9.880856941334585,6
1197425,9.912925203547971,5
1197433,9.857156621585116,8
1197448,9.660467269865212,15
1197460,9.762575988564272,12
1197477,9.713144715955305,17
1197499,9.491961190125435,22
1197502,9.95638041755783,3
1197509,9.895272105902311,7
1197516,9.85632626101603,7
1197525,9.828073144312503,9
1197528,9.97079530113925,3
1197544,9.720553632105926,16
1197557,9.634193359613931,13
1197598,9.130261952798444,41
1197603,9.921083331997092,5
1197614,9.743013107338559,11
1197633,9.341708802621925,19
1197650,9.613785798499974,17
1197667,9.636084787983428,17
1197670,9.957022237029687,3
1197675,9.905007436669854,5
1197676,9.996485922165741,1
1197691,9.695521002479964,15
1197719,9.334929950435956,28
1197733,9.695427325423715,14
1197755,5.992803704430771,22
1197765,9.785327380125207,10
1197786,9.530619446786659,21
1197800,9.729747867372433,14
1197809,9.824610213627478,9
1197823,9.679275703812213,14
1197847,9.300833822757514,24
1197857,9.817142893120703,10
1197862,9.923692869565551,5
1197868,9.88128330487846,6
1197869,9.992267237374763,1
1197895,9.439896487158892,26
1197908,9.722730556435023,13
1197922,9.52891784087309,14
1197930,9.835352867297916,8
1197942,9.784573627646045,12
1197957,9.707023287220261,15
1197982,9.506840142012074,25
1197987,9.925806998716686,5
1198026,9.105031030166431,39
1198040,9.731106566018235,14
1198044,9.940797847561688,4
1198056,9.748855008046636,12
1198065,9.716092759347253,9
1198066,10.0,1
1198078,9.737150624214724,12
1198135,8.976155882956588,57
1198136,10.0,1
1198229,7.160626446062528,93
1198254,8.572020245543946,25
1198264,9.79076566430371,10
1198273,9.805451953259068,9
1198283,9.795587332318235,10
1198297,9.707240891017207,14
1198307,9.839196859816202,10
1198326,9.58938113071571,19
1198340,9.680560386217564,14
1198365,8.640935226974005,25
1198374,9.824186141272204,9
1198400,9.442277879305394,26
1198410,9.779684592362788,10
1198421,9.743993837958401,11
1198428,9.861744720965302,7
1198440,9.716067372318209,12
1198452,9.791840290178364,12
1198463,9.762197132442095,11
1198472,9.826476645091809,9
1198491,9.59513753627669,19
1198502,9.557547642084389,11
1198514,9.706120588263365,12
1198533,9.641040458061548,19
1198543,9.79361719109489,10
1198571,9.083275116806387,28
1198580,9.826559557328274,9
1198594,9.72708151937398,14
1198602,9.548859751178338,8
1198640,9.361734702509803,38
1198647,9.877551396330833,7
1198656,9.852954587894885,9
1198671,9.678160376554063,15
1198685,9.701803652607857,14
1198693,9.851501492292709,8
1198724,9.262580602889823,31
1198733,9.845548809932657,9
1198740,9.866166815040149,7
1198750,9.786126940713467,10
1198751,10.0,1
1198760,9.832920423609902,9
1198774,9.719003658121594,14
1198779,9.91418472115379,5
1198789,9.830447505017101,10
1198796,9.875727820248464,7
1198797,9.992722408916096,1
1198800,9.956412499603637,3
1198815,9.652593738143254,15
1198824,9.809128619166179,9
1198828,9.939061500583783,4
1198842,9.668325148032984,14
1198854,9.275733942532465,12
1198864,9.830784891374348,10
1198875,9.750191788795295,11
1198878,9.963967281426722,3
1198886,9.864185632353385,8
1198894,9.833303787981253,8
1198895,10.0,1
1198896,9.98859634472993,1
1198913,9.60749675843581,17
1198916,9.950130706404757,3
1198921,9.921704691794638,5
1198935,9.680758443939794,14
1198946,9.791327372281453,11
1198965,9.626138964940774,19
1198970,9.923564294963839,5
1198978,9.856113298623855,8
1198992,9.714858975345333,14
1199016,9.470558306731295,24
1199024,9.8665574342736,8
1199029,9.924701414425941,5
1199033,9.949172468170993,4
1199042,9.836742986476795,9
1199052,9.755934017936404,10
1199060,9.85596182725121,8
1199079,9.52755564953542,19
1199080,10.0,1
1199108,9.401008123877235,28
1199117,9.844504753873547,9
1199129,9.384561170478092,12
1199139,9.783292751540127,10
1199155,9.664750519548607,16
1199165,9.819425108113837,10
1199175,9.77965426516849,10
1199202,9.438835548843215,27
1199203,10.0,1
1199212,9.81059187279982,9
1199216,9.649878652856533,4
1199240,5.884559732436231,24
1199251,9.75404488840021,11
1199264,9.697429773740307,13
1199274,9.775475632167904,10
1199276,9.978008081042894,2
1199282,9.901421845113513,6
1199294,9.722113606818715,12
1199297,9.95547821000816,3
1199298,9.991992883376982,1
1199313,9.69823500957402,15
1199335,9.482207895465457,22
1199336,10.0,1
1199350,9.704258285225658,14
1199364,9.691713593186932,14
1199375,9.76610649371492,11
1199383,9.846282341607797,8
1199384,9.99632191612465,1
1199401,9.624295217052982,17
1199409,9.854802957443622,8
1199421,9.727672463460268,12
1199432,9.770728262006838,11
1199443,9.77064156844333,11
1199449,9.799345673824826,6
1199464,9.665150527075994,15
1199465,9.9959065310662,1
1199472,9.885904174038968,7
1199489,9.617260161423289,17
1199502,9.737733968429074,13
1199503,10.0,1
1199504,9.992563793522462,1
1199511,9.870154812836425,7
1199518,9.901575101998164,7
1199523,9.920577510938331,5
1199534,9.766347854189203,11
1199552,9.658447433297873,18
1199564,9.772634938512452,12
1199569,9.911006118701147,5
1199658,7.710233160131593,89
1199659,10.0,1
1199662,9.962133612870717,3
1199673,9.771082313399141,11
1199678,9.941223936209834,5
1199681,9.969541685583108,3
1199683,9.979523284610314,2
1199684,10.0,1
1199697,9.715083329850065,13
1199712,9.628866124850857,15
1199723,9.740268315844876,11
1199730,9.86952266960612,7
1199743,9.732961939590204,13
1199753,9.800585892985419,10
1199771,9.539485266549109,18
1199772,10.0,1
1199785,9.730223956989894,13
1199809,9.489109324439148,24
1199819,9.837863600332811,10
1199831,9.70534144673696,12
1199840,9.818561075409333,9
1199849,9.826310857210585,9
1199868,9.624265223059325,19
1199873,9.9033238022325,5
1200365,-2.6631527860707056,492
1200374,9.839665138337589,9
1200375,10.0,1
1200385,9.788679861155053,10
1200394,9.81283368061511,9
1200408,9.725234500848874,14
1200413,9.930423908258982,5
1200414,10.0,1
1200438,9.520033916543575,24
1200440,9.969922347459468,2
1200447,9.879842202350881,7
1200448,10.0,1
1200464,9.700095687802241,16
1200473,9.834149955396464,9
1200476,9.967972017748576,3
1200484,9.847012763409657,8
1200490,9.907203654477899,6
1200512,9.527398925983167,22
1200530,9.571517286652732,18
1200569,9.240191020972604,39
1200586,9.660965204780366,17
1200594,9.878909546192167,8
1200602,9.85847502601418,8
1200608,9.900390336165321,6
1200619,9.76148717309296,11
1200626,9.888246096902277,7
1200648,9.51072827272647,22
1200649,10.0,1
1200653,9.932277462125498,4
1200658,9.911565910749818,5
1200663,9.918323313646756,5
1200674,9.768092666120156,11
1200678,9.947560068533432,4
1200687,9.861505651601977,9
1200702,9.701798389191712,15
1200718,9.438237510580189,16
1200719,10.0,1
1200761,9.237335226406051,42
1200777,9.696322194455773,16
1200788,9.76394333220508,11
1200800,9.74682901771902,12
1200808,9.847323054174494,8
1200831,8.251512383509205,23
1200842,9.792042558588454,11
1200843,10.0,1
1200869,9.465632328374346,26
1200885,9.616656529820286,16
1200886,10.0,1
1200890,9.945845926572616,4
1200901,9.791810394611662,11
1200906,9.9180356288242,5
1200913,9.88682255808485,7
1200918,9.915526368679968,5
1200926,9.87167909177007,8
1200942,9.656763827155254,16
1200948,9.888524272539003,6
1200966,9.6554681690479,18
1200983,9.700164789005425,17
1200989,9.903417950189077,6
1201001,9.765012412914945,12
1201021,9.591298748983638,20
1201036,9.638440685385039,15
1201041,9.909823671408292,5
1201051,9.798926105665796,10
1201060,9.794163238898019,9
1201072,9.759740064446344,12
1201130,8.968378037235675,58
1201152,9.573767786327139,22
1201172,9.57757156262256,20
1201173,10.0,1
1201191,9.606879508227943,18
1201200,9.79841680819566,9
1201217,6.847343487658564,17
1201224,9.882002649960446,7
1201233,9.847946231768386,9
1201251,9.589147178671757,18
1201267,9.671750786436071,16
1201276,9.826615872316344,9
1201286,9.729338957889741,10
1201301,9.705059249065807,15
1201316,9.69155436653709,15
1201323,9.880473585945065,7
1201327,9.928988241787641,4
1201348,9.306373413905838,21
1201368,9.630903896485743,20
1201369,10.0,1
1201374,9.935470384452893,5
1201384,9.733765480839232,10
1201403,9.65710032996728,19
1201417,9.641595780259538,14
1201432,7.346197306296164,15
1201445,9.75688258020665,13
1201462,9.673701029155378,17
1201472,9.80379300992068,10
1201481,9.805161665058222,9
1201493,9.74841724025862,12
1201494,10.0,1
1201503,9.840341512861574,9
1201513,9.840073412212817,10
1201530,9.628802685399382,17
1201542,9.752394706444315,12
1201550,9.861300619728516,8
1201559,9.522294515099334,9
1201565,9.892458540435914,6
1201574,9.801621434854805,9
1201582,9.831294155812131,8
1201596,9.694176536675474,14
1201599,9.961108873914666,3
1201600,10.0,1
1201601,10.0,1
1201608,9.876015929688311,7
1201621,9.723840811345074,13
1201624,9.953705887756687,3
1201631,9.85796626441259,7
1201651,9.566432450874679,20
1201657,9.909835486509651,6
1201665,9.848281810328587,8
1201670,9.913448292285477,5
1201677,9.882241066319903,7
1201681,9.950504075891159,4
1201702,9.50763263578728,21
1201706,9.938398692028,4
1201711,9.925731566647324,5
1201720,9.820097453034231,9
1201736,9.643445174802723,16
1201743,9.902515151549927,7
1201763,9.573460605403714,20
1201772,9.806622590795458,9
1201777,9.903561965487587,5
1201793,9.617567140752607,16
1201795,9.978282088187576,2
1201804,9.80992874866303,9
1201805,10.0,1
1201820,9.46185839901739,15
1201829,9.8178597115941,9
1201837,9.864185152035162,8
1201855,9.531438185733453,18
1201856,10.0,1
1201872,9.632980290553023,16
1201883,9.731019170122147,11
1201904,9.051129557399321,21
1201918,9.239042713070342,14
1201926,9.845250234625468,8
1201928,9.973295696784355,2
1201944,9.638285935069284,16
1201959,9.630086022270639,15
1201960,10.0,1
1201971,9.793340451806936,11
1202028,8.821642074466588,57
1202029,10.0,1
1202030,9.987835745716724,1
1202037,9.852838304318965,7
1202041,9.934870833609827,4
1202059,9.600263720305657,18
1202066,9.873763312546071,7
1202078,9.779375526107803,12
1202084,9.888840171695504,6
1202085,10.0,1
1202098,9.717887085624547,13
1202112,9.77342025830574,14
1202123,9.761559970463285,11
1202142,9.581183495432015,19
1202149,9.881494765025664,7
1202158,9.820827906939531,9
1202163,9.917930809161204,5
1202264,8.116906558411012,101
1202288,9.461248394830111,24
1202293,9.933588347483738,5
1202305,9.745843121066027,12
1202467,6.798028151488175,162
1202483,9.41630315004977,16
1202484,9.988286596632339,1
1202496,9.765167462012414,12
1202506,9.567532617312597,10
1202527,8.886947783810617,21
1202536,9.827505238867035,9
1202556,9.544791831606785,20
1202576,9.4949649908773,20
1202582,9.896720957001683,6
1202634,9.039275254980506,52
1202653,9.572648705491167,19
1202665,9.762927257042062,12
1202671,9.881264227923465,6
1202696,9.468065795407737,25
1202739,9.034717111575997,43
1202751,9.763308314506721,12
1202762,9.73810985994908,11
1202763,10.0,1
1202770,9.871856421039146,7
1202776,9.900545330025187,6
1202783,9.903169809855005,7
1202795,9.748179324959969,12
1202810,9.640515467239524,15
1202860,9.039906782383811,50
1202870,9.818789477301937,10
1202883,9.766997717370021,13
1202897,9.691038046070554,14
1202901,9.935992742776317,4
1202910,9.853697160423438,9
1202916,9.89044055726366,6
1202917,10.0,1
1202931,9.736151020197768,14
1202937,9.891808494120127,6
1202952,9.66647306318133,15
1202962,9.763868387839517,10
1202968,9.88781291583127,6
1202988,9.557236171422865,20
1202989,10.0,1
1203017,8.480745490404594,28
1203021,9.933474775607277,4
1203032,9.77437746277493,11
1203041,9.79443702987142,9
1203054,9.692318410902866,13
1203072,9.627657254337894,18
1203075,9.967741260658157,3
1203080,9.917648299150386,5
1203095,9.764950812629085,15
1203112,9.47516273930209,17
1203123,9.676114081150635,11
1203124,10.0,1
1203125,10.0,1
1203126,10.0,1
1203138,9.742227218664588,12
1203147,9.803181645515284,9
1203159,9.75062837340449,12
1203167,9.837053826333218,8
1203177,9.815906632671208,10
1203192,9.668915430732898,15
1203217,9.574368023494706,25
1203236,9.661909194958229,19
1203248,9.790739142706359,12
1203254,9.90160122182677,6
1203257,9.963983801620367,3
1203259,9.968812661998312,2
1203269,9.796516593686249,10
1203277,9.862753746715772,8
1203282,9.909621879464288,5
1203307,9.526650301168706,25
1203322,9.682702806132815,15
1203334,9.752934403832336,12
1203345,9.784280259953267,11
1203350,9.914165252750353,5
1203363,9.73976460480884,13
1203390,9.313537247169064,27
1203401,9.76919175679881,11
1203419,9.575644917526358,18
1203429,9.821279524013987,10
1203441,9.765462954887463,12
1203530,8.31592737719075,89
1203549,9.63778363535293,19
1203560,9.776776351241281,11
1203563,9.955261007542303,3
1203564,10.0,1
1203572,9.831306144567693,8
1203576,9.950802968839003,4
1203577,9.996621888018664,1
1203585,9.853090582168857,8
1203588,9.954483382273994,3
1203589,10.0,1
1203605,9.638241729899663,16
1203617,9.73330639428574,12
1203630,9.710341908278346,13
1203643,9.71486378603164,13
1203650,9.859877815057857,7
1203668,9.665162140935303,18
1203669,10.0,1
1203671,9.973749891048051,2
1203690,9.577603342730287,19
1203698,9.837528015386606,8
1203709,9.59806909132511,11
1203723,8.988671774861208,14
1203726,9.971520826728009,3
1203749,9.607252207905892,23
1203760,9.784205909682676,11
1203768,9.860584252378231,8
1203781,9.767362272992697,13
1203789,9.847107064886222,8
1203804,9.71651998613004,15
1203808,9.930252240984654,4
1203818,9.505549461421618,10
1203836,9.643676043569167,18
1203847,9.773480508518809,11
1203861,9.680300293755584,14
1203862,10.0,1
1203872,9.804928444137035,10
1203879,9.891278793859497,7
1203898,9.610400300688603,19
1203908,9.820951408019571,10
1203946,9.2220653475876,38
1203958,9.744989194567767,12
1203968,9.80216572989778,10
1203974,9.90823838447742,6
1203987,9.695332641145532,13
1204002,9.644918341408385,15
1204003,10.0,1
1204015,9.73011656968563,12
1204028,9.745225607408475,13
1204045,9.63324234190804,17
1204052,9.87501056039711,7
1204102,9.012440203887136,50
1204120,9.575489661781893,18
1204125,9.923109625382912,5
1204174,8.996776750415673,49
1204184,9.77701716014199,10
1204197,9.748768781308948,13
1204208,9.783795187638216,11
1204222,9.68255076463582,14
1204223,10.0,1
1204237,9.707867479011663,14
1204254,9.704245862651337,17
1204265,9.77913180974244,11
1204286,9.600071319331654,21
1204296,9.776534339312132,10
1204311,9.672564576250156,15
1204317,9.925213223652971,6
1204337,9.627660689138088,20
1204352,9.676787559167435,15
1204382,9.239965685790814,30
1204397,8.430747677204623,15
1204398,10.0,1
1204412,9.746284035561596,14
1204419,9.868959936696937,7
1204433,9.757474695870942,14
1204434,9.992850418923819,1
1204441,9.867006456049571,7
1204467,9.574156085477245,26
1204474,9.881062047812943,7
1204510,9.375857612860925,36
1204511,10.0,1
1204535,9.512761968392192,24
1204540,9.904081803014979,5
1204549,9.853353598397234,9
1204553,9.954934564824443,4
1204562,9.853959829262,9
1204569,9.852417957846024,7
1204580,9.799599294652346,11
1204591,9.75683621521759,11
1204603,9.754597925591165,12
1204615,9.719360843257341,12
1204634,9.656233544105875,19
1204654,9.614707356960658,20
1204665,9.799694487710315,11
1204678,9.503888559490123,13
1204689,9.772768448564893,11
1204705,9.608389118338781,16
1204711,9.919764902029419,6
1204712,10.0,1
1204713,9.988986725969161,1
1204714,10.0,1
1204733,9.558147520734346,19
1204738,9.925599873713825,5
1204761,9.503721594267745,23
1204765,9.939460195653183,4
1204773,9.83908966863255,8
1204790,9.680165187382014,17
1204801,9.78677369478086,11
1204821,9.528363486619526,20
1204831,9.805570783758123,10
1204850,9.669110276302737,19
1204865,9.721125089608728,15
1204875,9.797116434999769,10
1204904,9.463819628207098,29
1204920,9.662843323313782,16
1204950,8.733299834737299,30
1204959,9.81229232147203,9
1204962,9.95715534633634,3
1204965,9.957761756828111,3
1204980,9.583057489501215,15
1205001,9.52728763442732,21
1205014,9.700049539299263,13
1205020,9.894110130720708,6
1205059,9.325191768226558,39
1205078,9.508110728439645,19
1205091,9.72514370745743,13
1205095,9.92758742831543,4
1205103,9.846096912653866,8
1205122,9.656648569372694,19
1205138,9.643217738190652,16
1205150,9.732558790769636,12
1205151,10.0,1
1205156,9.932317419628848,5
1205161,9.9137733112019,5
1205165,9.946441728104297,4
1205173,9.838149032595556,8
1205228,8.93654461480207,55
1205231,9.963089516350815,3
1205238,9.880298124147995,7
1205245,9.76957862104973,7
1205249,9.94075595850193,4
1205260,9.668120878762089,11
1205267,9.888191103837764,7
1205323,8.71710473142153,56
1205338,9.600860103644091,15
1205344,9.897886064804242,6
1205350,9.890399667233313,6
1205362,9.764988139856172,12
1205365,9.968418802692707,3
1205375,9.779101226007864,10
1205391,9.680164276859074,16
1205404,9.699890871946769,13
1205406,9.97606143538062,2
1205423,9.653602067754582,17
1205429,9.883129924680528,6
1205431,9.97665106521963,2
1205441,9.767553688135928,10
1205455,9.744563687014884,14
1205485,9.40980830592935,30
1205495,9.791214181749503,10
1205503,9.843886320165199,8
1205511,9.858680267538526,8
1205517,9.908269460954994,6
1205518,10.0,1
1205527,9.830964437063553,9
1205551,9.596928009943323,24
1205566,9.65337687038787,15
1205577,9.511086121237273,11
1205589,9.74567298329745,12
1205597,9.83633661853585,8
1205672,7.140326198045081,75
1205693,9.596659706078379,21
1205709,9.759736780478006,16
1205723,9.67981990204817,14
1205749,9.00777444046437,26
1205766,8.94819995741302,17
1205782,9.645914742352282,16
1205783,10.0,1
1205786,9.967935684647628,3
1205794,9.843899676548372,8
1205799,9.927396551912466,5
1205806,9.876634062053391,7
1205821,9.72633655299006,15
1205831,9.80989547768141,10
1205841,9.830427152550579,10
1205842,9.995893490751186,1
1205860,9.662413826625741,18
1205866,9.899948655099976,6
1205872,9.791366261712676,6
1205875,9.956999407286125,3
1205880,9.927723973020512,5
1205885,9.905214468723154,5
1205897,9.774629838153096,12
1205904,9.890778877296077,7
1205918,9.716213500758222,14
1205932,9.739060675154413,14
1205942,9.802965456599079,10
1205949,9.863656469971032,7
1205963,9.720092114428555,14
1205969,9.907150563946264,6
1205971,9.973284387027597,2
1205985,9.68042750023117,14
1205998,8.59819596957691,13
1206000,9.979663536119201,2
1206001,10.0,1
1206024,9.53896621071278,23
1206031,9.862070824346375,7
1206046,9.524209655690292,15
1206051,9.9157929431303,5
1206059,9.836403000956343,8
1206065,9.881983048266745,6
1206565,-12.449513334744793,500
1206572,9.880347767618352,7
1206585,9.68936835361255,13
1206586,10.0,1
1206595,9.812385413329036,9
1206603,9.846320889131745,8
1206611,9.870376236096808,8
1206612,10.0,1
1206629,9.708220195535162,17
1206639,9.769535780258796,10
1206658,9.641310872033714,19
1206660,9.977871111480718,2
1206667,9.84826182967762,7
1206682,9.645785137886651,15
1206695,9.727339037570964,13
1206708,9.729424218338258,13
1206725,9.631313789808166,17
1206738,9.442414706448362,13
1206750,9.81991761749347,12
1206758,9.823605522750633,8
1206763,9.922509372931431,5
1206780,9.599664771557672,17
1206788,9.84484277442398,8
1206808,9.568970680969954,20
1206811,9.964836627790724,3
1206843,9.195039485572082,32
1206856,9.759637435047104,13
1206857,10.0,1
1206858,10.0,1
1206876,9.633409936452601,18
1206879,9.967353859241765,3
1206880,10.0,1
1206889,9.844543177616359,9
1206890,10.0,1
1206895,9.924665917414076,5
1206908,9.713578932260758,13
1206934,9.405399720327173,26
1206946,9.752163150339914,12
1206963,9.634452879602401,17
1206967,9.93835372163394,4
1206991,9.452312002916152,24
1207001,9.78911925747971,10
1207002,10.0,1
1207020,9.617076428013211,18
1207022,9.980619513506568,2
1207035,9.705442270152599,13
1207047,9.802118149175918,12
1207048,10.0,1
1207064,9.748016453976845,16
1207068,9.942174602399938,4
1207069,10.0,1
1207078,9.822806959365927,9
1207087,9.819122801711327,9
1207089,9.971830010875767,2
1207091,9.975691072526885,2
1207111,9.564906329783438,20
1207116,9.92029251791306,5
1207127,9.767342390552361,11
1207141,9.521788247234209,14
1207160,9.299182863252401,19
1207170,9.802229950765124,10
1207205,8.752666479154117,35
1207209,9.940575318929193,4
1207220,9.773197893798928,11
1207224,9.926815365719094,4
1207238,9.692873946967241,14
1207249,9.757931409435528,11
1207261,9.744189526849231,12
1207262,9.986996648577124,1
1207273,9.740837684966351,11
1207280,9.845428583365024,7
1207295,9.664146251277364,15
1207311,9.623337329621524,16
1207316,9.91058512262761,5
1207334,9.62177236408457,18
1207341,9.845196266648253,7
1207352,9.788340727637783,11
1207364,9.742385151755371,12
1207375,9.77137589699283,11
1207403,9.20085872899785,28
1207419,9.670722949953328,16
1207434,9.573122182374176,15
1207444,9.719992132957435,10
1207449,9.919170804921844,5
1207450,10.0,1
1207460,9.788530036007046,10
1207473,9.68844136081347,13
1207491,9.633123583897655,18
1207504,9.710824067088748,13
1207516,9.730572615150566,12
1207522,9.911005277777772,6
1207536,9.68878544776433,14
1207537,10.0,1
1207554,9.582014347570421,17
1207570,9.638004859908433,16
1207574,9.939154325085248,4
1207579,9.926987338342425,5
1207590,9.802819639709462,11
1207604,9.69186271841708,14
1207625,9.626355433163607,21
1207640,9.389143146757265,15
1207648,9.744823565765053,8
1207649,10.0,1
1207669,9.202338528361487,20
1207693,8.915502186967673,24
1207700,9.873326995763005,7
1207701,10.0,1
1207721,9.604891698088512,20
1207722,10.0,1
1207743,9.551430913874656,21
1207751,9.875956853239375,8
1207754,9.958592302285883,3
1207755,10.0,1
1207768,9.711826500087204,13
1207769,10.0,1
1207787,9.63213390515812,18
1207796,9.824348330314612,9
1207805,9.810682130958794,9
1207813,9.855286835540511,8
1207826,9.751878190635065,13
1207838,9.772743012013773,12
1207843,9.928204638311472,5
1207855,9.786961243881638,12
1207867,9.808968909257104,12
1207879,9.73574816262296,12
1207894,9.674196540407285,15
1207903,9.816981586587916,9
1207914,9.652955072847687,11
1207922,9.874103340595413,8
1207935,9.765774020898702,13
1207941,9.910278187715445,6
1207951,9.756738688562745,10
1208088,7.382702895820957,137
1208103,9.66309420452851,15
1208108,9.889767534100903,5
1208112,9.941514854307744,4
1208113,10.0,1
1208125,9.734423305027494,12
1208130,9.91661276974929,5
1208131,10.0,1
1208146,9.615739588040057,15
1208158,9.438499026124708,12
1208164,9.886350259859654,6
1208165,10.0,1
1208166,9.992024868758111,1
1208179,9.700099039126668,13
1208189,9.808358241799251,10
1208195,9.891328258721584,6
1208203,9.86899819159729,8
1208221,9.61059430439304,18
1208227,9.892813838325129,6
1208239,9.727654396171063,12
1208250,9.765010498015911,11
1208254,9.933334785102755,4
1208264,9.811550876402888,10
1208274,9.80117358346023,10
1208275,10.0,1
1208283,9.838745365581236,8
1208297,9.71221252964243,14
1208319,9.343315172589254,22
1208335,9.700526259861435,16
1208344,9.839087069156312,9
1208345,10.0,1
1208368,9.608380551687956,23
1208372,9.944594058495003,4
1208383,9.784980008674001,11
1208396,9.708815633936284,13
1208414,9.625343967878921,18
1208432,9.60579302665427,18
1208433,10.0,1
1208442,9.813750977177975,9
1208456,9.745620954315173,14
1208469,9.71140815601803,13
1208479,9.796164813990156,10
1208483,9.924468213670862,4
1208490,9.898404287094106,7
1208499,9.820454024828994,9
1208500,10.0,1
1208501,10.0,1
1208544,9.031686340987964,43
1208551,9.857058959563327,7
1208562,9.745418789173534,11
1208573,9.733314917883572,11
1208588,9.666159875005166,15
1208599,9.819066634168555,11
1208600,10.0,1
1208608,9.847652423670555,8
1208609,10.0,1
1208621,9.768374455998607,12
1208628,9.87487265493898,7
1208635,9.858183322942715,7
1208653,9.554510042413957,18
1208668,9.682658316852498,15
1208683,9.744946685792554,15
1208690,9.884662741993003,7
1208697,9.873552282856954,7
1208707,9.788494378909547,10
1208722,9.745532775628448,15
1208724,9.975480801859595,2
1208725,10.0,1
1208749,9.476368368514557,24
1208756,9.88327688297349,7
1208777,9.532933895575422,21
1208785,9.850042720032375,8
1208794,9.831960659766196,9
1208802,9.834554192079743,8
1209054,5.288263902799773,252
1209065,9.777701210374396,11
1209077,9.76415044821756,12
1209085,9.86185703965172,8
1209096,9.78486082844885,11
1209112,9.613734537253862,16
1209125,9.690800158443146,13
1209149,9.524907347773496,24
1209153,9.934554174573975,4
1209161,9.840915364486616,8
1209162,9.993011526166667,1
1209176,9.754477815141241,14
1209189,9.712333643384477,13
1209204,9.663067375349536,15
1209210,9.886379730137966,6
1209221,9.499152905393405,11
1209244,9.564328968677081,23
1209245,9.996676232609527,1
1209260,9.702593834159062,15
1209263,9.953456435681044,3
1209266,9.962314812381294,3
1209274,9.849904182865895,8
1209280,9.901601278878632,6
1209287,9.88519309707371,7
1209292,9.915479328061183,5
1209306,9.68922436052199,14
1209315,9.805960756015743,9
1209331,9.622196233199857,16
1209344,9.729752407514507,13
1209354,9.793927354224365,10
1209367,9.750204297836055,13
1209368,10.0,1
1209665,4.335316121103232,297
1209669,9.944333453480006,4
1209679,9.824060600506003,10
1209689,9.798557624043415,10
1209699,9.784650272003367,10
1209703,9.945046682076018,4
1209714,9.754836529785551,11
1209722,9.85776709193498,8
1209733,9.77832530504849,11
1209753,9.591960853094903,20
1209770,9.637213945183902,17
1209790,9.454379132137937,20
1209799,9.807045729750254,9
1209810,9.761763262549037,11
1209820,9.790435131664928,10
1209837,9.71605368294996,17
1209848,9.796782223690284,11
1209857,9.8758405877438,9
1209858,10.0,1
1210108,4.826179970510331,250
1210117,9.832594254452868,9
1210175,8.787458055595787,58
1210180,9.895767622097887,5
1210192,9.751220807609979,12
1210193,9.996380435377597,1
1210202,9.836584940515557,9
1210230,9.40894178083609,28
1210231,10.0,1
1210242,9.80860859380924,11
1210248,9.884313524416664,6
1210263,9.722250710304477,15
1210279,9.70056143983598,16
1210303,9.519377731565527,24
1210304,10.0,1
1210318,9.766953340621464,14
1210332,9.710467029244633,14
1210348,9.464907617094196,16
1210354,9.898035478770247,6
1210379,9.431781098909136,25
1210396,9.581700321556687,17
1210406,9.800216764397835,10
1210626,4.987019826875011,220
1210672,9.195468663084096,46
1210781,8.022779654061324,109
1210792,9.763260729068092,11
1210798,9.918255138887364,6
1210815,9.676505121529445,17
1210828,9.730719896822551,13
1210831,9.965530904000984,3
1210844,9.742752370724917,13
1210849,9.919831356019023,5
1210850,10.0,1
1210860,9.805170593800733,10
1210873,9.770257259547746,13
1210892,9.641522399261666,19
1210898,9.90381967469287,6
1210905,9.853829788170604,7
1210906,10.0,1
1210921,9.729598621460465,15
1210930,9.322457906248621,9
1210943,9.75729248485887,13
1210944,10.0,1
1210948,9.932509114148344,4
1210949,10.0,1
1210954,9.922439081267594,5
1210965,9.802259907584167,11
1210979,9.761635291506668,14
1210991,9.782079072251442,12
1211007,9.696937695667138,16
1211008,10.0,1
1211018,9.81479111853576,10
1211027,9.817354169514456,9
1211029,9.972774364281031,2
1211038,9.802215476391233,9
1211044,9.892223398544026,6
1211054,9.796360115547685,10
1211063,9.84214038437186,9
1211070,9.87889626723869,7
1211075,9.929689217637788,5
1211093,9.551992459294764,18
1211098,9.926272727176338,5
1211111,9.724539314764124,13
1211137,8.795537493077184,26
1211141,9.931166887656701,4
1211145,9.924813913254791,4
1211191,8.899210417526904,46
1211200,9.815077402777208,9
1211212,9.77159535832824,12
1211217,9.922833173960944,5
1211227,9.713573963745308,10
1211235,9.854589339511177,8
1211242,9.87398323653768,7
1211255,9.62075943812912,13
1211257,9.98394599963167,2
1211282,9.564312537551315,25
1211735,-3.8374167005099427,453
1211746,9.783378972816159,11
1211753,9.857741059247184,7
1211763,9.838148851034987,10
1211773,9.790992043369599,10
1211785,9.736875470320426,12
1211793,9.830519619737878,8
1211980,6.476004225593458,187
1211991,9.758365360397248,11
1212001,9.82073284720531,10
1212008,9.863710765549703,7
1212009,10.0,1
1212010,9.993581175433244,1
1212011,10.0,1
1212020,9.867574064425899,9
1212032,9.783577149387865,12
1212043,9.793391780796279,11
1212051,9.836135453521283,8
1212070,9.547626409434839,19
1212081,9.784756926009763,11
1212087,9.91762983096101,6
1212098,9.774853499769543,11
1212105,9.857663457302506,7
1212114,9.793551008751717,9
1212126,9.726050016662436,12
1212133,9.894399402202245,7
1212143,9.784330757856154,10
1212144,10.0,1
1212152,9.862238461896567,8
1212164,9.144007363529184,12
1212173,9.825476486347535,9
1212178,9.920558229066703,5
1212188,9.78684447945444,10
1212201,9.706517059627869,13
1212205,9.93842336109491,4
1212219,9.205206331227041,14
1212237,9.633289824911847,18
1212246,9.80483339175249,9
1212256,9.807541190427923,10
1212264,9.856828327492478,8
1212281,9.670090641991692,17
1212286,9.914258528710148,5
1212287,10.0,1
1212310,9.389924074268029,23
1212316,9.9005494402677,6
1212327,9.795470401588164,11
1212336,9.810318365388497,9
1212348,9.722826774272532,12
1212349,10.0,1
1212362,9.737282073364685,13
1212363,9.992603714775768,1
1212381,9.57643723557852,18
1212401,9.618023083711046,20
1212408,9.878329694598587,7
1212421,9.720685345613822,13
1212439,9.614605892175522,18
1212445,9.898544916980851,6
1212450,9.908127502303488,5
1212451,10.0,1
1212460,9.849065805559873,9
1212464,9.942689303131877,4
1212477,9.744678366744035,13
1212486,9.823592230525936,9
1212491,9.90537561981632,5
1212500,9.818988573037196,9
1212517,9.532828287754178,17
1212522,9.904521192823024,5
1212523,10.0,1
1212585,8.798339684588399,62
1212591,9.90816329749272,6
1212603,9.75168179657483,12
1212631,9.4601231677721,28
1212636,9.931138953945064,5
1212644,9.832081732551222,8
1212649,9.917336657895289,5
1212661,9.751592065426339,12
1212668,9.88406875435902,7
1212679,9.765910595329837,11
1212680,10.0,1
1212688,9.83094523103524,8
1212689,10.0,1
1212690,10.0,1
1212710,9.481154391983331,20
1212714,9.943960934192997,4
1212727,9.73828676705848,13
1212732,9.908243912728748,5
1212739,9.872945185570025,7
1212740,10.0,1
1212750,9.760506457475822,10
1212758,9.855077736282253,8
1212762,9.93226852624732,4
1212778,9.722729756820124,16
1212779,10.0,1
1212780,9.996323276602066,1
1212800,9.557562580094391,20
1212812,9.744230814950708,12
1212823,9.809831818153109,11
1212835,9.781432317489532,12
1212845,9.788826673985408,10
1212850,9.926807749401485,5
1212854,9.946211288744978,4
1212866,9.762306575054033,12
1212886,9.520953378815605,20
1212897,9.767902788486365,11
1212909,9.7452840695968,12
1212913,9.950081453397948,4
1212922,9.842858494853024,9
1212934,9.73835376322008,12
1212964,9.37188487825109,30
1212980,9.662216803067022,16
1212987,9.88872549820772,7
1213001,9.70378278550203,14
1213015,9.68562745560587,14
1213024,9.822580722115768,9
1213028,9.943653610402633,4
1213029,10.0,1
1213100,8.3802868946336,71
1213112,9.757851594227008,12
1213125,9.743930197497912,13
1213131,9.8962560368332,6
1213133,9.975382668077163,2
1213141,9.84168173119437,8
1213144,9.949222458533134,3
1213173,9.354008502564314,29
1213180,9.868007459408188,7
1213181,9.996216003328147,1
1213641,1.3814266783570393,460
1213643,9.981201354882806,2
1213667,9.577231524085331,24
1213669,9.981751039460645,2
1213678,9.716650961525781,9
1213685,9.882133193140616,7
1213697,9.7556611648423,12
1213714,9.634588526611163,17
1213717,9.957170908244041,3
1213729,9.749793632233338,12
1213740,9.780814662261944,11
1213756,9.610026823558698,16
1213774,9.677328156839465,18
1213791,9.647962900748492,17
1213806,9.67748742492375,15
1213819,9.730759541663687,13
1213837,9.547565266654937,18
1213850,9.612041271815169,13
1213861,9.788423610629357,11
1213875,9.707790615446251,14
1213880,9.918718412299665,5
1213926,9.183565775547994,46
1213933,9.868649533652667,7
1213935,9.982263712198769,2
1213939,9.940351096679409,4
1213945,9.889539036286175,6
1213955,9.793431746779317,10
1213961,9.876852467118939,6
1213974,9.713380169821514,13
1213980,9.898936701773998,6
1213986,9.896323915693374,6
1213996,9.815401738427877,10
1214010,9.708446794295625,14
1214022,9.71797185474202,12
1214032,9.823021709218876,10
1214033,10.0,1
1214034,10.0,1
1214045,9.79518232114815,11
1214055,9.770522279410365,10
1214075,9.067434557406091,20
1214078,9.959661319256712,3
1214088,9.831364321743168,10
1214093,9.931093377158293,5
1214111,9.599396542576537,18
1214123,9.781645791379674,12
1214156,9.154042167823736,33
1214167,9.78435051877547,11
1214179,9.756156636484029,12
1214204,9.176643893420499,25
1214234,9.234627048111502,30
1214249,9.683281669355408,15
1214265,9.685693330050126,16
1214276,9.789073007940097,11
1214286,9.78358720767648,10
1214301,9.242777515395483,15
1214302,9.996624434985698,1
1214306,9.925275091666908,4
1214316,9.80193480679738,10
1214331,9.690858161025002,15
1214343,9.7570462025237,12
1214365,9.509436173264834,22
1214371,9.881900900314097,6
1214374,9.66095333982141,3
1214390,9.702015682884566,16
1214391,10.0,1
1214411,9.518699871334526,20
1214422,9.762600332024745,11
1214430,9.867190545372603,8
1214439,9.829308720664294,9
1214449,9.7947286819135,10
1214456,9.858197741281272,7
1214467,9.791843860884121,11
1214474,9.862471468651659,7
1214494,9.583781349327971,20
1214505,9.769782274240722,11
1214521,8.96763153631349,16
1214524,9.955412082177284,3
1214529,9.921056247548378,5
1214541,9.803400005645624,12
1214552,9.34128573440998,11
1214553,10.0,1
1214563,9.826223967415576,10
1214611,8.752204998759577,48
1214621,9.779313900741128,10
1214632,9.668330534407003,11
1214643,9.768751551498951,11
1214655,9.757145378725271,12
1214657,9.985847792137442,2
1214670,9.73718701008564,13
1214699,9.404447493110954,29
1214716,9.441693340543956,17
1214722,9.914078231159204,6
1214726,9.934858860919594,4
1214740,9.622752033217006,14
1214751,9.750226930718208,11
1214764,9.735857105512066,13
1214777,9.740553341100062,13
1214786,9.80902486743978,9
1214797,9.774037536410484,11
1214812,9.724759806177106,15
1214831,9.5705127908195,19
1214849,9.721711533994839,18
1214870,9.576214356209144,21
1214877,9.879040916505419,7
1214883,9.892238139190326,6
1214895,9.72441187831862,12
1214911,9.735889647785037,16
1214923,9.762083022669604,12
1214929,9.884282322112735,6
1214930,9.99668006436463,1
1214947,9.597932254418453,17
1214966,9.509204435954084,19
1214979,9.72614116119755,13
1214985,9.893168136274012,6
1214987,9.9695873035316,2
1215002,9.72776319194655,15
1215009,9.787996243574295,7
1215025,9.61392911876688,16
1215053,9.393185305998884,28
1215063,9.8250528076952,10
1215165,6.511421381891282,102
1215201,9.24210331751642,36
1215203,9.976998360114665,2
1215209,9.90433840934239,6
1215269,8.990349923714321,60
1215277,9.841496563711344,8
1215291,9.717967934338063,14
1215299,9.88601956627285,8
1215313,9.694122163731782,14
1215329,9.423159334147924,16
1215357,9.463221475933034,28
1215371,9.721574021821528,14
1215384,9.700542402635897,13
1215397,9.775031509756582,13
1215402,9.908729924255013,5
1215419,9.637867188750464,17
1215428,9.840818855077288,9
1215492,8.645525899103925,64
1215495,9.971456283161606,3
1215496,9.992722408916096,1
1215512,9.645195876420395,16
1215522,9.82759184819865,10
1215538,9.642036395352312,16
1215548,9.794496215509577,10
1215557,9.808967956587841,9
1215561,9.93626963389849,4
1215573,9.729413293096293,12
1215583,9.769064917735177,10
1215587,9.940810204715367,4
1215600,9.719244647013433,13
1215612,9.765955093432124,12
1215617,9.913895731652348,5
1215631,9.693342721276553,14
1215635,9.937807953528639,4
1215640,9.90451540600003,5
1215654,9.732489841691416,14
1215687,9.352888155516057,33
1215697,9.799856382952107,10
1215706,9.823357617503781,9
1215707,10.0,1
1215716,9.813461963280291,9
1215719,9.95221326134448,3
1215723,9.9368637515791,4
1215747,9.53801552127946,24
1215748,10.0,1
1215758,9.78179627797705,10
1215765,9.880440691938787,7
1215769,9.929037054133717,4
1215777,9.849086728682895,8
1215780,9.964107242724795,3
1215781,10.0,1
1215791,9.812876991037456,10
1215801,9.80513293734828,10
1215814,9.721693791152129,13
1215820,9.906637788605092,6
1216320,-8.950096717948883,500
1216326,9.894210930756255,6
1216402,8.563604404018466,76
1216415,9.699853450982825,13
1216439,9.277593253466069,24
1216446,9.891139867683984,7
1216479,9.319860553089029,33
1216487,9.840777661229422,8
1216488,10.0,1
1216498,9.79386952206154,10
1216506,9.855129000401716,8
1216511,9.911195588640808,5
1216515,9.937789177624987,4
1216519,9.937004036231361,4
1216529,9.803115410495726,10
1216898,-0.6122857763523122,369
1216911,9.698306336649589,13
1216924,9.722423603702435,13
1216931,9.857970746657521,7
1216974,9.147621539036225,43
1216990,9.650321074838034,16
1216993,9.948280819907433,3
1217008,9.64031809624732,15
1217011,9.949348838276345,3
1217020,9.857586099207051,9
1217025,9.929850880501059,5
1217044,9.583915764878647,19
1217052,9.841055112482595,8
1217064,9.787008545152458,12
1217072,9.857398740546094,8
1217077,9.908308541437334,5
1217092,9.682147772155236,15
1217095,9.960918636690105,3
1217106,9.768123079031128,11
1217122,9.684713458256892,16
1217132,9.798609758246247,10
1217140,9.84796478980348,8
1217170,9.406501094073441,30
1217183,9.748914480148686,13
1217189,9.898396250691018,6
1217196,9.867340951622449,7
1217210,9.656533622186187,14
1217223,9.743418789438124,13
1217230,9.875482633152929,7
1217245,9.66730490015854,15
1217256,9.776463633431803,11
1217261,9.928512051604125,5
1217277,9.661585522601046,16
1217623,3.4867123008427274,346
1217624,10.0,1
1217638,9.704587080278348,14
1217656,9.651962230928387,18
1217659,9.960092345504458,3
1217667,9.833996609213914,8
1217672,9.917702808202158,5
1217685,9.724819256913824,13
1217691,9.718204620776376,6
1217706,9.704884482601466,15
1217707,10.0,1
1217732,8.970074230923688,25
1217748,9.624817529622971,16
1217759,9.7810805855808,11
1217767,9.882606765442452,8
1217768,9.99645282295737,1
1217781,9.703757706800676,13
1217804,9.496036881748411,23
1217825,9.495694942702897,21
1217833,9.858998893838972,8
1217846,9.698736630475032,13
1217857,9.772122013282662,11
1217872,9.742403618779784,15
1217884,9.69616322317601,12
1217895,9.832282834799283,11
1217908,9.731941505711616,13
1217920,9.746382151079633,12
1217932,9.728813873072,12
1217951,9.589143813395228,19
1217959,9.846273889671671,8
1217966,9.886181353406842,7
1217983,9.625381706921345,17
1217994,9.777878504580128,11
1218007,9.71487623922782,13
1218012,9.922954180767062,5
1218024,9.745057216049306,12
1218041,9.62808206295137,17
1218051,9.792926549701832,10
1218075,9.556629527242679,24
1218085,9.781003974709146,10
1218096,9.76863150574857,11
1218106,9.777472498042192,10
1218111,9.926448377373502,5
1218116,9.913875774774471,5
1218117,10.0,1
1218137,9.439967881572477,20
1218152,9.68151950584353,15
1218166,9.673910720164756,14
1218175,9.835800799297383,9
1218193,9.593106884595002,18
1218195,9.981311546607397,2
1218197,9.978774324846201,2
1218206,9.80112819614365,9
1218232,9.453427521700748,26
1218257,9.508884770602934,25
1218265,9.840415552922877,8
1218283,9.683828753779103,18
1218298,9.469924332968978,15
1218311,9.597585734791785,13
1218318,9.861692577325817,7
1218332,9.717508229155646,14
1218341,9.829798003652714,9
1218346,9.911028429557273,5
1218353,9.888525152398907,7
1218354,10.0,1
1218365,9.749488791082724,11
1218371,9.896673356863376,6
1218381,9.823309536051237,10
1218404,9.531792643553297,23
1218410,9.899443095473618,6
1218420,9.792594316067209,10
1218431,9.77818796120007,11
1218433,9.980961946840274,2
1218442,9.838566475507772,9
1218456,9.419691963306878,14
1218457,9.989208881009679,1
1218472,9.658818079509468,15
1218486,9.657427340140229,14
1218493,9.860823725623918,7
1218496,9.957364971410543,3
1218497,10.0,1
1218503,9.91072434841856,6
1218526,9.557365457328194,23
1218527,9.992593756608162,1
1219027,-10.69943613287944,500
1219041,9.683588200043294,14
1219077,9.349026972328167,36
1219087,9.797697286148852,10
1219102,9.671727439788182,15
1219105,9.96680557927611,3
1219116,9.765834438319247,11
1219134,9.646686722035648,18
1219164,9.322055106923436,30
1219176,9.721283970842395,12
1219676,-76.61976775604859,500
1219691,9.727568586350229,15
1219699,9.847661630813686,8
1219705,9.896826247155955,6
1219730,9.375411594721466,25
1219752,9.546347629691601,22
1219760,9.847774018438049,8
1219765,9.92456826176859,5
1219779,9.7737328554849,14
1219789,9.812943499707348,10
1219809,9.507260315078188,20
1219825,9.645162784158849,16
1219826,10.0,1
1219828,9.98576978020562,2
1219837,9.825994488390549,9
1219843,9.894495941797324,6
1219854,9.794372618550275,11
1219867,9.714147873029207,13
1219874,9.897302870325802,7
1219894,9.551526976866949,20
1219895,9.993004714985497,1
1219904,9.801028356719051,9
1219919,9.67947430355507,15
1219926,8.777272811023582,7
1219927,9.995863442499846,1
1219976,9.20807860213198,49
1219993,9.629143165255293,17
1220000,9.857397863037365,7
1220012,9.479028619757164,12
1220037,9.477932250388767,25
1220050,9.739209394909329,13
1220123,8.02749518719781,73
1220143,9.365355029432974,20
1220158,9.689810157296439,15
1220169,9.76394169149066,11
1220176,9.874791103055141,7
1220196,9.619324808847315,20
1220211,9.671188458440659,15
1220214,9.95236660846649,3
1220226,9.741759096938049,12
1220234,9.866804194293628,8
1220246,9.753192433989618,12
1220259,9.724156813572279,13
1220275,9.608367728614336,16
1220727,1.1165944568899864,452
1220749,9.525176552794097,22
1220760,9.81828136006036,11
1220761,10.0,1
1220762,10.0,1
1220773,9.750868226257461,11
1220788,9.673908751882683,15
1220789,9.992608074878117,1
1220794,9.91110291306683,5
1220831,9.29374632492488,37
1220839,9.836096960027712,8
1220866,9.280973147901982,27
1220884,9.610640269627927,18
1220907,9.467061973141972,23
1220917,9.785477782748181,10
1220918,9.992293877836634,1
1220921,9.968160148653809,3
1220926,9.911678312355418,5
1220935,9.832435557301258,9
1220951,9.640792023229471,16
1220981,9.31878370692358,30
1220996,9.633778467988172,15
1221008,9.734476356374882,12
1221018,9.781641067549826,10
1221044,9.450491236896829,26
1221045,10.0,1
1221065,9.582460318680033,20
1221114,8.864346804964605,49
1221126,9.78038428749728,12
1221135,9.85620032172798,9
1221152,9.620775648909193,17
1221173,9.42771584512195,21
1221189,9.4699642079363,16
1221205,9.677193677776247,16
1221222,9.65769221893248,17
1221233,9.766068843516976,11
1221257,9.150385761712094,24
1221267,9.797846124905876,10
1221278,9.734869382968668,11
1221294,9.66233801185964,16
1221308,9.71573360031388,14
1221321,9.70018768569803,13
1221330,9.833228904345551,9
1221342,9.70498700001132,12
1221355,9.697411536251737,13
1221356,10.0,1
1221367,9.794682924332186,11
1221382,9.694163678045532,15
1221383,10.0,1
1221384,10.0,1
1221387,9.965080802713649,3
1221399,9.756343662977335,12
1221457,8.93733425325266,58
1221497,0.5943228745472986,40
1221507,9.787773502649044,10
1221515,9.849364486808835,8
1221521,9.877478051002038,6
1221530,9.815363130463497,9
1221575,9.01688182040447,45
1221590,9.687712794281271,15
1221594,9.925665690317953,4
1221606,9.744653523632651,12
1221610,9.940761666801862,4
1221611,10.0,1
1221622,9.768592723770642,11
1221639,9.600201963654323,17
1221645,9.89091724412999,6
1221658,9.713130665956678,13
1221659,10.0,1
1221682,6.915404675780542,23
1221691,9.79939762745815,9
1221705,9.760570804004473,14
1221713,9.845968947300909,8
1221729,9.655435277542377,16
1221747,9.56989888703673,18
1221759,9.79832393737058,12
1221761,9.973616397132963,2
1221769,9.823874149387846,8
1221792,9.439273800798432,23
1221803,9.772823239953938,11
1221812,9.824187632244104,9
1221818,9.87325720357811,6
1221829,9.17613129427039,11
1221843,9.71602433453416,14
1221851,9.824610331027529,8
1221870,9.615003388146576,19
1221881,9.754172905457548,11
1221891,9.811363481338764,10
1221910,9.519360705663296,19
1221914,9.939284050936411,4
1221928,9.704372609897083,14
1221932,9.943586716604164,4
1221933,10.0,1
1221947,9.739808919306762,14
1221960,9.691366737005088,13
1221986,9.404330116160514,26
1222037,-1.0048269980131757,51
1222038,10.0,1
1222040,9.985628324803097,2
1222046,9.877486158018288,6
1222058,9.802192315865021,12
1222072,9.745756335464591,14
1222088,9.687871591702601,16
1222104,9.708726877102848,16
1222107,9.970782416634242,3
1222111,9.939528439753449,4
1222118,9.896188155428797,7
1222120,9.974574227107311,2
1222127,9.882852870957677,7
1222148,9.53688438596232,21
1222158,9.82996988753274,10
1222166,9.840945265720004,8
1222170,9.950780438019573,4
1222171,10.0,1
1222204,9.412316815924058,33
1222211,9.797714844504894,7
1222228,9.35447389860312,17
1222229,10.0,1
1222240,9.770860018890676,11
1222249,9.705064823161905,9
1222260,9.765903210761198,11
1222261,10.0,1
1222381,6.9888178267360095,120
1222404,9.588224701252672,23
1222420,9.677748164244509,16
1222434,9.744327743776767,14
1222443,9.831651495838518,9
1222445,9.969471734003125,2
1222449,9.944369527632201,4
1222460,9.655602221552208,11
1222468,9.850923337797951,8
1222469,10.0,1
1222476,9.88616311468188,7
1222489,9.538838588512391,13
1222505,9.661166870808723,16
1222526,9.619496745938354,21
1222558,9.377463133017972,32
1222567,9.80882701535343,9
1222576,9.741976518419241,9
1222586,9.795107002487828,10
1222592,9.894469903427833,6
1222606,9.700201499032069,14
1222607,10.0,1
1222619,9.795199886051144,12
1222660,9.084795480005228,41
1222663,9.968297291159596,3
1222664,10.0,1
1222675,9.808711136949606,11
1222685,9.813821226356445,10
1222690,9.910330723988398,5
1222698,9.842973391253903,8
1222710,9.802868947758924,12
1222727,9.617113708021849,17
1222745,9.630684192029229,18
1222755,9.791553181062987,10
1222759,9.938722547290144,4
1222774,9.664369023701456,15
1222783,9.818350665878159,9
1222791,9.841976439537152,8
1222798,9.852385994301729,7
1222811,9.700041854170326,13
1222825,9.706631073884276,14
1222833,9.858455391598984,8
1222850,9.58032477186427,17
1222851,10.0,1
1222860,9.796828104646405,9
1222871,9.757553774413497,11
1222874,9.955932839554988,3
1222890,9.73337830401916,16
1222910,9.457941047026837,20
1222911,10.0,1
1222934,9.444996326148061,23
1222942,9.853518152036601,8
1222943,10.0,1
1222953,9.789838052102805,10
1222962,9.798683414039663,9
1222966,9.935818800065341,4
1222983,9.428331229663838,17
1222993,9.84386184198768,10
1223002,9.825634302116304,9
1223012,9.7902743657868,10
1223023,9.763636052100557,11
1223044,9.511601721315504,21
1223047,9.958211444957628,3
1223060,9.746245273635841,13
1223064,9.937729520487023,4
1223076,9.746163598091323,12
1223096,9.599014950405689,20
1223107,9.753850846743294,11
1223111,9.939653037057665,4
1223124,9.711403170912934,13
1223130,9.898225687359377,6
1223145,9.628743038898614,15
1223146,10.0,1
1223147,10.0,1
1223157,9.782094574576638,10
1223169,9.735193926400715,12
1223178,9.828371924723832,9
1223183,9.920424631434908,5
1223194,9.722946923553527,11
1223209,9.65151046223325,15
1223210,9.991855395480007,1
1223211,10.0,1
1223223,9.756270931714933,12
1223232,9.841429153242203,9
1223238,9.90210840980597,6
1223239,10.0,1
1223249,9.810297349998752,10
1223251,9.984741515424794,2
1223259,9.84726102765076,8
1223262,9.957003402619087,3
1223293,9.360694075794676,31
1223299,9.88296843413465,6
1223318,9.601809298731803,19
1223336,9.627763893196878,18
1223342,9.884650709444825,6
1223360,9.575462512647203,18
1223377,9.618779702018047,17
1223386,9.818550400165405,9
1223391,9.925468724118831,5
1223423,9.427464121192074,32
1223436,9.732062902951386,13
1223440,9.938568016532324,4
1223454,9.668111245818512,14
1223468,9.710983656483045,14
1223485,9.602750496419642,17
1223495,9.795549505236934,10
1223496,10.0,1
1223513,9.660260391477543,17
1223524,9.779045341840382,11
1223555,9.43578542355365,31
1223609,8.890746914684833,54
1223619,9.803818628135687,10
1223635,9.683779087312232,16
1223652,9.663977185083828,17
1223657,9.929951229262523,5
1223666,9.838828490832476,9
1223672,9.897091050494318,6
1223677,9.931283537626557,5
1223692,8.899710660330904,15
1223693,10.0,1
1223706,9.736986640858587,13
1223707,10.0,1
1223726,9.610557166976932,19
1223733,9.859751331962896,7
1223740,9.881752543033858,7
1223751,9.78948468059051,11
1223760,9.856251987509225,9
1223764,9.939889741154067,4
1223767,9.763777977773255,3
1223786,9.27802484512036,19
1223791,9.92542463274352,5
1223815,9.469135805145763,24
1223818,9.957412216252076,3
1223832,9.681952598273254,14
1223852,9.569858424270473,20
1223879,9.4738046365907,27
1223880,10.0,1
1223887,9.867960124992427,7
1223910,9.55160912002106,23
1223922,9.18583899667193,12
1223928,9.910170006078603,6
1223942,9.707213714429539,14
1223952,9.386070990500286,10
1223958,9.891233199534419,6
1223968,9.671877621329717,10
1223976,9.769415505805632,8
1223990,9.663985954152842,14
1224014,9.617297867855688,24
1224015,9.996131004680556,1
1224022,9.874272282740511,7
1224041,9.270502996855294,19
1224048,9.858030034348268,7
1224064,9.622657924380857,16
1224071,9.857652862742661,7
1224077,9.881577294394502,6
1224078,10.0,1
1224097,9.247349615140909,19
1224112,9.706970231593726,15
1224115,9.95123703297879,3
1224122,9.888821231839142,7
1224131,9.80005877637034,9
1224148,9.681286055409995,17
1224153,9.923392944776332,5
1224166,9.714660738099756,13
1224167,10.0,1
1224171,9.95887067870472,4
1224180,9.82079046552779,9
1224188,9.869924641759535,8
1224202,9.68878051784891,14
1224209,9.871316093701843,7
1224228,9.619199886070316,19
1224238,9.781952034555765,10
1224259,9.502594783618456,21
1224261,9.978599578637064,2
1224277,9.41293127280497,16
1224282,9.913534802392215,5
1224284,9.97112409587549,2
1224303,9.60278465283802,19
1224313,9.822349304453777,10
1224325,9.770963059975552,12
1224328,9.965230162481667,3
1224352,8.404656706131021,24
1224358,9.90271671791252,6
1224367,9.821903290058737,9
1224373,9.877432887087561,6
1224381,9.839456612724854,8
1224388,9.873852564817982,7
1224392,9.927151354861243,4
1224398,9.8876020505561,6
1224413,9.688354747350393,15
1224437,7.7266348359598425,24
1224444,9.855515773692089,7
1224445,10.0,1
1224455,9.793741170659963,10
1224465,9.83324885358103,10
1224479,9.704349877957535,14
1224564,7.799443788420839,85
1224571,9.846028265573047,7
1224589,9.4183945798816,18
1224598,9.853679951832797,9
1224599,10.0,1
1224600,10.0,1
1224613,9.709870870747762,13
1224614,10.0,1
1224625,9.79866655514442,11
1224626,10.0,1
1224638,9.757678504028164,12
1224639,10.0,1
1224653,9.71356360174154,14
1224655,9.974890260504331,2
1224656,10.0,1
1224664,9.827363916654692,8
1224675,9.756530372549683,11
1224676,10.0,1
1224691,9.692837152449652,15
1224699,9.844424962419003,8
1224700,10.0,1
1224707,9.874398181232463,7
1224723,9.632892365988202,16
1224731,9.837246658200497,8
1224735,9.736105438223671,4
1224754,9.585711681351437,19
1224770,9.62435056460033,16
1224777,9.877750806260682,7
1224789,9.78423967205814,12
1224794,9.927199974670799,5
1224813,9.564274958157236,19
1224825,9.757573757540488,12
1224867,-1.2738766868353455,42
1224873,9.687786410260905,6
1224886,9.510678058390257,13
1224893,9.873545794227782,7
1224937,9.03520820865669,44
1224952,9.69363094737394,15
1224958,9.880298430150154,6
1224959,10.0,1
1224970,9.764797103118362,11
1224987,9.671212111223637,17
1224992,9.91986264291712,5
1224997,9.930313806803623,5
1225013,9.62974753416504,16
1225018,9.923062331628852,5
1225019,10.0,1
1225031,9.75358448526419,12
1225041,9.805408068085235,10
1225055,9.6913277674762,14
1225082,9.288447034017093,27
1225098,9.609968724978803,16
1225105,9.85822135123432,7
1225118,9.754057182157593,13
1225124,9.876514545523232,6
1225125,10.0,1
1225132,9.873892748715923,7
1225133,10.0,1
1225154,9.483208393469395,21
1225155,10.0,1
1225160,9.917425709779847,5
1225170,9.557526142029385,10
1225182,9.792957536810324,12
1225185,9.948993593763545,3
1225187,9.971545099441839,2
1225202,9.62214373567364,15
1225209,9.87204245801471,7
1225223,9.723733784352598,14
1225245,9.363311827914037,22
1225246,10.0,1
1225257,9.76925881810915,11
1225267,9.80193842343504,10
1225281,9.719673365643725,14
1225289,9.465595098197667,8
1225300,9.732056508810098,11
1225317,9.68763398511071,17
1225331,9.673274168399134,14
1225336,9.91960654319979,5
1225348,9.764560077221834,12
1225363,9.657303246602568,15
1225376,9.733550983095943,13
1225381,9.915868221328452,5
1225382,10.0,1
1225392,9.820049372081174,10
1225437,9.125981247330845,45
1225455,9.597640965146459,18
1225480,9.384184865028617,25
1225503,9.411070115146885,23
1225507,9.923922548682658,4
1225516,9.828527041325358,9
1225528,9.717149356555739,12
1225541,9.566284454730733,13
1225552,9.790730444763913,11
1225587,9.177524184155388,35
1225598,9.792903111579752,11
1225607,9.84247077804232,9
1225631,9.542817929130091,24
1225635,9.932280865058003,4
1225636,10.0,1
1225645,9.823788303367953,9
1225659,9.67187485212451,14
1225671,9.664729358487048,12
1225702,9.377036399646,31
1225703,10.0,1
1225714,9.745495994176988,11
1225729,9.69111982637178,15
1225745,9.661336882495513,16
1225746,9.995823071354087,1
1225747,10.0,1
1225753,9.891613290492327,6
1225757,9.941412980853396,4
1225765,9.851162493351744,8
1225782,9.60314587671158,17
1225807,9.21509727891951,25
1225822,9.74693506669959,15
1225834,9.727213148624395,12
1225843,9.82818549491194,9
1225854,9.743810826209874,11
1225870,9.605154183832367,16
1225889,9.404805816697962,19
1225930,9.288609278058106,41
1225941,9.781224095542402,11
1225961,9.672896250855818,20
1225965,9.948659486412657,4
1225984,9.634061809765086,19
1226004,9.58262325777009,20
1226015,9.782791058087197,11
1226030,9.732681955552478,15
1226042,9.746875395871601,12
1226054,9.739417862700131,12
1226074,9.601032962806645,20
1226091,9.651197409364366,17
1226101,9.825766845033474,10
1226104,9.951197760124895,3
1226107,9.967923905533317,3
1226112,9.9302104271127,5
1226113,9.988475391530761,1
1226125,9.713781266272958,12
1226146,9.581704317802139,21
1226164,9.677438332402007,18
1226177,9.71913875905085,13
1226189,9.773490903742141,12
1226199,9.812867868654186,10
1226200,10.0,1
1226204,9.921353753093264,4
1226221,9.61641630311103,17
1226228,9.885974441225484,7
1226233,9.92448624600662,5
1226243,9.787354101685791,10
1226255,9.762231975394332,12
1226282,9.388975977301211,27
1226286,9.93310375627853,4
1226301,9.522223768242599,15
1226318,9.605527724824226,17
1226325,9.88360272510691,7
1226342,9.638315853199227,17
1226374,9.235850037802653,32
1226384,9.525125328958367,10
1226389,9.92075060450622,5
1226393,9.938452728798682,4
1226399,9.900709277070662,6
1226413,9.732727531638934,14
1226423,9.792210700951074,10
1226434,9.776033425738545,11
1226440,9.883140251098808,6
1226445,9.930841122077162,5
1226461,9.635395391275177,16
1226472,9.797204339706855,11
1226484,9.739932467219656,12
1226496,9.724301017966376,12
1226503,9.881139444738137,7
1226509,9.89873554769318,6
1226528,9.683682436028075,19
1226530,9.982232228939024,2
1226532,9.978227057877865,2
1226541,9.829659368432745,9
1226553,9.75083550008353,12
1226555,9.980332337315142,2
1226563,9.841957656917746,8
1226581,9.730349500082719,18
1226609,9.124341889277579,28
1226621,9.741263596786943,12
1226659,9.202300766486424,38
1226673,9.643734153836615,14
1226684,9.790502828331707,11
1226701,9.63632209136479,17
1226702,10.0,1
1226710,9.833159947250781,8
1226722,9.761008571575173,12
1226740,9.557638013199503,18
1226764,9.544165421363573,24
1226778,9.46843014437849,14
1226779,10.0,1
1226780,10.0,1
1226781,9.9925518823581,1
1226796,8.022250923564826,15
1226808,9.73739985656038,12
1226814,9.897945095931872,6
1226821,9.851497953708481,7
1226838,9.676549998188214,17
1226848,9.826018326354218,10
1226856,9.852128887634104,8
1226859,9.957190262592565,3
1226871,9.74381450417685,12
1226874,9.96054996258944,3
1226880,9.91904616583318,6
1226910,5.288988330762614,30
1226919,9.811301333519323,9
1226932,9.66095111186105,13
1226945,9.685660567586789,13
1226946,10.0,1
1226956,9.807847263808075,10
1226967,9.81712052041627,11
1226983,9.75265621559395,16
1226989,9.889634481729258,6
1227002,9.749978249621892,13
1227018,9.64708837513417,16
1227024,9.879506174104831,6
1227028,9.936876093206058,4
1227040,9.74473414514527,12
1227044,9.938478711706646,4
1227058,9.711875456992086,14
1227070,9.323422795542493,12
1227093,9.457685796727302,23
1227100,9.86270907370611,7
1227108,9.852344290153884,8
1227118,9.79333501388869,10
1227137,9.627012973884069,19
1227143,9.884876923730248,6
1227159,9.648263052949877,16
1227170,9.756300181548264,11
1227177,9.887302346992936,7
1227192,9.421361821604732,15
1227200,9.833693957377768,8
1227224,9.504410579500993,24
1227242,9.570272646745666,18
1227251,9.847392010138556,9
1227255,9.943045103161445,4
1227274,9.596168581352073,19
1227284,9.782622343520142,10
1227291,9.873974536658766,7
1227307,9.6534067418807,16
1227316,9.812981449531799,9
1227334,9.669128517376588,18
1227339,9.913071953771034,5
1227366,9.465274951381412,27
1227376,9.80343037284021,10
1227381,9.810710641550678,5
1227384,9.95115092340869,3
1227390,9.908175378474082,6
1227398,9.885034474029375,8
1227404,9.89408326466634,6
1227421,9.644243581958122,17
1227444,9.487296816746841,23
1227456,8.885089293733804,12
1227468,9.759552394387958,12
1227481,9.702396337691315,13
1227482,10.0,1
1227495,9.738930758671888,13
1227500,9.9037425172427,5
1227504,9.948779158354727,4
1227511,9.878054670952983,7
1227524,9.51087120148896,13
1227534,9.823244381435401,10
1227557,9.45832715569241,23
1227588,7.203484555472723,31
1227624,8.63756223001992,36
1227632,9.834757653602576,8
1227637,9.921689005707291,5
1227649,9.75015745065715,12
1227667,9.6914471625119,18
1227669,9.978084868397268,2
1227701,9.381047672112249,32
1227702,10.0,1
1227716,9.73632323867008,14
1227717,10.0,1
1227729,9.742537140015514,12
1227737,9.849658930676712,8
1227738,10.0,1
1227746,9.835688022587297,8
1227756,9.824568156756648,10
1227766,9.770141794104175,10
1227776,9.827323294778505,10
1227781,9.929710851347684,5
1227803,9.316675736317073,22
1227820,9.632516449251279,17
1227825,9.91444537209268,5
1227837,9.813020791010471,12
1227866,9.277310197099435,29
1227878,9.719935136256867,12
1227888,9.795885187436374,10
1227902,9.730917926735707,14
1227908,9.898733795963516,6
1227924,9.390368454650218,16
1227943,9.60268434807094,19
1227947,9.95591503809753,4
1227954,9.878516321298784,7
1227972,9.669297911268256,18
1227986,9.708789970536067,14
1227999,9.707472053683942,13
1228001,9.97975416258441,2
1228007,9.882575454207311,6
1228017,9.795307116640894,10
1228061,9.263112364586432,44
1228074,9.72919297421808,13
1228086,9.768987722324965,12
1228098,9.619691088904702,12
1228111,9.75480652524022,13
1228120,9.841678399238893,9
1228143,8.992843833976293,23
1228155,8.157967591745766,12
1228165,9.580500997590303,10
1228166,10.0,1
1228193,9.492802377370587,27
1228197,9.951874704323389,4
1228206,9.859115333761714,9
1228222,6.689331831534732,16
1228237,9.662795540137543,15
1228248,9.753608477555856,11
1228259,9.742401906530759,11
1228270,9.815164729370547,11
1228284,9.702225908158033,14
1228289,9.910823608475013,5
1228295,9.894626654524115,6
1228307,9.72533708395957,12
1228314,9.847029206138044,7
1228335,9.550411067122088,21
1228349,9.679669571088352,14
1228354,9.908207942527756,5
1228359,9.908133697235174,5
1228371,9.74359379035095,12
1228386,9.668108886407747,15
1228389,9.960269598856394,3
1228440,8.98690905740876,51
1228450,9.799036248584152,10
1228459,9.843891987972407,9
1228464,9.913374081650618,5
1228482,9.588381527620875,18
1228493,9.781667469148152,11
1228504,9.781632615592406,11
1228509,9.92851397858185,5
1228513,9.943732534225738,4
1228526,9.712132063855364,13
1228538,9.752776625961749,12
1228613,8.54883326425981,75
1228632,9.598834753338815,19
1228644,9.76477134284168,12
1228665,9.569686930067727,21
1228694,9.484616921742676,29
1228700,9.907390039861562,6
1228713,9.735441491124272,13
1228724,9.757668805928981,11
1228742,9.643732639212663,18
1228745,9.970850693730934,3
1228751,9.884481695616563,6
1228760,9.667223437319963,9
1228771,9.789593970907982,11
1228777,9.882911954701518,6
1228783,9.896248746349768,6
1228790,9.899347408162978,7
1228816,9.251201080948084,26
1228821,9.920687728034384,5
1228838,9.67460679231398,17
1228861,9.475452303364582,23
1228874,9.74351902173016,13
1228884,9.834201062896748,10
1228913,9.399308294969535,29
1228917,9.9340130069622,4
1229122,5.883438777659263,205
1229132,9.787949031749466,10
1229135,9.958014723660646,3
1229144,9.814018292757707,9
1229181,9.283562264253643,37
1229190,9.822750475708252,9
1229211,9.548531365110296,21
1229223,9.711065820769463,12
1229230,9.875043933737935,7
1229248,9.604071942162555,18
1229263,9.647503932403994,15
1229292,9.497749450401585,29
1229305,9.709741820075266,13
1229319,9.714446716470247,14
1229359,8.836120643964728,40
1229371,9.725708050946615,12
1229373,9.97498082752524,2
1229374,9.987701804825534,1
1229377,9.95058601951503,3
1229384,9.876515164163823,7
1229398,9.74800409739007,14
1229399,10.0,1
1229414,9.65404815053221,15
1229427,9.706419127850655,13
1229436,9.8375095962344,9
1229444,9.844792751106372,8
1229456,9.724515458329654,12
1229457,10.0,1
1229465,9.829617240706733,8
1229486,9.529740200605563,21
1229499,9.781666654668951,13
1229523,8.927083094468856,24
1229532,9.827150938020372,9
1229581,8.882373962642324,49
1229582,10.0,1
1229596,9.756197767165727,14
1229600,9.927665962546001,4
1229625,9.229269591688498,25
1229644,9.533662971611621,19
1229655,9.797907256935654,11
1229668,9.74376068543798,13
1229672,9.94606872488439,4
1229673,10.0,1
1229687,9.750742060296762,14
1229703,9.693704673760003,16
1229704,9.996211160819856,1
1229719,9.653270881578818,15
1229733,9.598073146825584,14
1229741,9.852551646530852,8
1229750,9.850338377779298,9
1229762,9.735140602868462,12
1229777,9.67528156155409,15
1229778,10.0,1
1229793,9.687513013356972,15
1229805,9.297211035910992,12
1229831,9.436418547560379,26
1229838,9.86786193928396,7
1229857,9.599467138470688,19
1229871,9.686577840226974,14
1229872,10.0,1
1229884,9.751592563580463,12
1229885,9.991479693980684,1
1229903,9.635134163086297,18
1229904,10.0,1
1229923,9.617473226702081,19
1229927,9.9426448029293,4
1229940,9.730113366796015,13
1229954,9.677155592867411,14
1229971,9.626673888982182,17
1229975,9.939931058405712,4
1229976,10.0,1
1229979,9.959234690053323,3
1229990,9.80555712265075,11
1229998,9.849106616168655,8
1230006,9.836875993865869,8
1230020,9.67958463593441,14
1230022,9.975089304883499,2
1230046,9.494133343229239,24
1230054,9.846972723682358,8
1230059,9.915337411574423,5
1230067,9.833837800020726,8
1230082,9.69105664934329,15
1230089,9.847559603353448,7
1230093,9.945419279673603,4
1230099,9.902492222755669,6
1230100,10.0,1
1230104,9.939030001714809,4
1230115,9.770399465800867,11
1230116,10.0,1
1230127,9.802906644410298,11
1230138,9.829253843410285,11
1230148,9.78708129089993,10
1230150,9.97843538049005,2
1230161,9.767529057890382,11
1230166,9.927862843984443,5
1230173,9.870697437662642,7
1230185,9.60610830212792,12
1230196,9.772466388809471,11
1230204,9.838761398422047,8
1230241,9.28037104165723,37
1230259,9.693562027390387,18
1230264,9.9396690356755,5
1230274,9.79410963158684,10
1230277,9.961508462334214,3
1230295,9.673877195127494,18
1230297,9.974050132567116,2
1230309,9.759920283778605,12
1230327,9.651653894361592,18
1230333,9.906346655549044,6
1230345,9.739573957103778,12
1230348,9.964658113497693,3
1230359,9.760659810389836,11
1230375,9.649426346384582,16
1230379,9.94591933658934,4
1230392,9.746959330423831,13
1230410,9.635117835134697,18
1230433,9.547996804244473,23
1230441,9.848804530971062,8
1230471,9.398245111346428,30
1230480,9.855689992981837,9
1230496,9.70279424930949,16
1230505,9.805827818146422,9
1230523,9.632347937906916,18
1230538,9.706301740013659,15
1230539,10.0,1
1230547,9.85300979073224,8
1230559,9.78068545518022,12
1230561,9.973820566757347,2
1230571,9.786236149298302,10
1230587,9.666520063371198,16
1230604,9.63554413070364,17
1230615,9.776110367951778,11
1230632,9.642300149254948,17
1230642,9.19350811444979,10
1230654,9.74554310899343,12
1230670,9.656251508830083,16
1230677,9.882700373425847,7
1230693,9.315330275151346,16
1230703,9.795102662837957,10
1230722,9.586251291952479,19
1230725,9.956851536430392,3
1230740,9.717186904292213,15
1230761,9.523830380751157,21
1230779,9.695573828172373,18
1230819,9.202071001823732,40
1230846,9.426421134048036,27
1230852,9.88263744437057,6
1230859,9.881838875863416,7
1230860,10.0,1
1230865,9.929358676464812,5
1230882,9.610914211406467,17
1230892,9.786265417204142,10
1230905,9.678319108251866,13
1230911,9.875500711882337,6
1230925,9.68049648150946,14
1230932,9.878911555441807,7
1230941,9.819826510136103,9
1230959,9.272107005598388,18
1230965,9.882581377129817,6
1230979,9.765697559738987,14
1230986,9.874393821648075,7
1230989,9.951669677551667,3
1230990,10.0,1
1231001,9.766943182225395,11
1231014,9.759378505431659,13
1231031,9.626511212997883,17
1231042,9.814308889066233,11
1231056,9.750374298340809,14
1231064,9.751730784881001,8
1231094,9.433536457144577,30
1231106,9.720673473560485,12
1231114,9.823208590867996,8
1231128,9.714787666868856,14
1231132,9.923445904692432,4
1231143,9.739948759777816,11
1231159,9.527328790568394,16
1231168,9.84701400567185,9
1231197,9.426877441479192,29
1231213,9.721109941746901,16
1231234,9.524051344495213,21
1231242,9.837372013555932,8
1231254,9.74539262963391,12
1231263,9.860557431133595,9
1231271,9.844447987766747,8
1231282,9.753790196056187,11
1231302,9.622688443915703,20
1231316,9.559581810679111,14
1231320,9.939330583146281,4
1231326,9.90695045889952,6
1231334,9.852039511943758,8
1231348,9.70667630252524,14
1231367,9.561450815812442,19
1231665,5.45632081339256,298
1231676,9.769057524482541,11
1231687,9.782348532922603,11
1231691,9.93780304871607,4
1231708,9.636558215210117,17
1231720,9.758487464547667,12
1231725,9.914707906218268,5
1231726,9.993382555199897,1
1231741,9.097275138403111,15
1231900,5.627259293864901,159
1231912,9.736061777364924,12
1231935,7.375389947213827,23
1231944,9.846412754266314,9
1231959,9.74038373244664,15
1231970,9.752795604809975,11
1231976,9.898464022259699,6
1231991,9.665303249027225,15
1232012,9.611143304323281,21
1232018,9.89299888657413,6
1232026,9.858484183113992,8
1232035,9.831015861858107,9
1232054,9.554432013759525,19
1232071,9.62368055993135,17
1232074,9.959425290396357,3
1232081,9.889266926144618,7
1232088,9.86203495073597,7
1232102,9.70129992725387,14
1232112,9.829728173712708,10
1232116,9.955508096076592,4
1232126,9.79500133212344,10
1232137,9.390579785188244,11
1232146,9.83468601957248,9
1232159,9.774425517416473,13
1232162,9.9680762574633,3
1232173,9.789264587989859,11
1232218,9.159742331059478,45
1232227,9.809554857946265,9
1232231,9.93859444118256,4
1232289,8.921947518238705,58
1232332,9.124815816541219,43
1232334,9.982483947735679,2
1232345,9.750971075578477,11
1232357,9.763685897703864,12
1232358,10.0,1
1232361,9.946510704691551,3
1232371,9.810024799152945,10
1232377,9.902227951531493,6
1232388,9.772910584709585,11
1232405,9.438456008070037,17
1232422,9.704954268733424,17
1232427,9.91323766350797,5
1232441,9.750324756025577,14
1232455,9.682211806421988,14
1232466,9.745494431478015,11
1232474,9.848804091425855,8
1232492,8.609072603898701,18
1232497,9.917551674243116,5
1232509,9.474794832006827,12
1232519,9.804538353347882,10
1232527,9.846891984793011,8
1232541,9.741733718212947,14
1232552,9.801512327262627,11
1232556,9.92720903730748,4
1232558,9.977070412886558,2
1232571,9.722806833713316,13
1232589,9.583705752963203,18
1232602,9.738638278500273,13
1232609,9.87118746495186,7
1232610,10.0,1
1232643,9.232066296457983,33
1232649,9.874216666002427,6
1232650,10.0,1
1232701,9.029834403233664,51
1232713,9.740864538495511,12
1232717,9.946770315962397,4
1232737,9.568406489083088,20
1232747,9.77786215211454,10
1232748,10.0,1
1232749,9.986979045387876,1
1232759,9.828623593777566,10
1232766,9.876841150883152,7
1232775,9.820953238210683,9
1232795,9.578881827152998,20
1232802,9.858851748215866,7
1232814,9.779069202865294,12
1232817,9.950871523637337,3
1232818,10.0,1
1232829,9.771379531602413,11
1232835,9.910093789005257,6
1232860,8.17464325120171,25
1232861,10.0,1
1232867,9.893002614311591,6
1232877,9.774190421240233,10
1232886,9.821657213922274,9
1232894,9.867143130077515,8
1232902,9.83982195878158,8
1232917,9.700886041984477,15
1232981,8.362595118311773,64
1232994,9.747874405744748,13
1233000,9.875522739572627,6
1233001,10.0,1
1233010,9.815045839615781,9
1233013,9.957040018835743,3
1233018,9.907063057706802,5
1233036,9.559688617924829,18
1233056,9.647068904275253,20
1233059,9.955451032970496,3
1233060,10.0,1
1233068,9.857827180060438,8
1233082,9.710345126061561,14
1233101,9.552480194485604,19
1233136,9.32077508644735,35
1233199,7.9589999351471175,63
1233214,9.66011211737805,15
1233215,9.996927909236419,1
1233219,9.942235494051573,4
1233236,9.646215610123123,17
1233239,9.951044994544507,3
1233259,9.598202404734154,20
1233278,9.64568939923008,19
1233281,9.967034655070599,3
1233296,9.73222628198747,15
1233304,9.853419985612756,8
1233320,9.655646656304922,16
1233332,9.78933875099199,12
1233333,10.0,1
1233360,9.257030339663396,27
1233416,9.002386475656989,56
1233432,9.637835592433671,16
1233442,9.779485291532728,10
1233453,9.774555097328967,11
1233463,9.838039700349954,10
1233464,10.0,1
1233467,9.952929801084151,3
1233484,9.689698887766289,17
1233491,9.88267421634061,7
1233512,9.545273125788402,21
1233518,9.897674066204374,6
1233527,9.800578311803855,9
1233543,9.731912135393003,16
1233545,9.977035876558439,2
1233554,9.864647720433522,9
1233558,9.94828900655138,4
1233574,9.617433913565476,16
1233598,9.46188193620935,24
1233631,9.372989366379661,33
1233637,9.910191469863072,6
1233661,9.480120141197123,24
1233677,9.517919012554513,16
1233691,9.693784370500678,14
1233695,9.941208552626005,4
1233719,9.557160951724688,24
1233736,9.671742570496,17
1233747,9.79132595006582,11
1233764,9.672634347890188,17
1233806,9.231063812187045,42
1233814,9.861789182304834,8
1233823,9.816902562962284,9
1233824,10.0,1
1234324,-10.014743024763238,500
1234410,8.362532687748876,86
1234418,9.859737724939123,8
1234435,9.726993672512727,17
1234436,10.0,1
1234447,9.76401271466001,11
1234458,9.790732450860798,11
1234503,7.851819153074297,45
1234517,9.736299755137718,14
1234519,9.97452938474042,2
1234520,10.0,1
1234536,9.631752769484839,16
1234546,9.777921584568146,10
1234604,8.84271658739712,58
1234624,9.417764139991535,20
1234636,9.456155571911587,12
1234638,9.977596122988293,2
1234647,9.843814701378198,9
1234738,6.392292720547306,91
1234784,8.599908595609053,46
1234797,9.738864839883444,13
1234845,8.312378957848017,48
1234862,9.623723275694251,17
1234888,9.517492943381916,26
1234915,9.52069249139054,27
1234918,9.964191319592523,3
1234926,9.872634106736294,8
1234931,9.911873583387404,5
1234947,9.358084675324452,16
1234958,9.771901461055693,11
1234976,9.62745920072092,18
1234983,9.876906733047777,7
1235001,9.625177070910373,18
1235011,9.680005823924798,10
1235024,9.717342495589886,13
1235025,10.0,1
1235040,9.676819704950374,15
1235042,9.97096989633243,2
1235065,9.479917642107718,23
1235066,9.99302952075303,1
1235074,9.849175354284833,8
1235084,9.803672975554075,10
1235097,9.710678335818926,13
1235117,9.552647644423162,20
1235128,9.78742876784347,11
1235129,9.995830129154223,1
1235138,9.826746177640201,9
1235153,9.630737921486975,15
1235164,9.796667082292949,11
1235165,9.991651372569018,1
1235166,10.0,1
1235178,9.759285984187922,12
1235187,9.823681556625052,9
1235200,9.659381031213705,13
1235206,9.876990305832335,6
1235280,-11.26808733617425,74
1235281,9.99581186939584,1
1235292,9.731902917552365,11
1235293,10.0,1
1235300,9.871363545843408,7
1235321,9.52322914419674,21
1235326,9.92887437993701,5
1235341,9.713546907840556,15
1235345,9.946664098967032,4
1235360,9.655281548424167,15
1235375,9.673213643384988,15
1235385,9.780282281274662,10
1235397,9.772154033451349,12
1235407,9.831413510511128,10
1235416,9.862454874130377,9
1235438,9.309383978892406,22
1235450,9.710579193506137,12
1235463,9.745843303057041,13
1235468,9.91966513680434,5
1235485,9.67420448201917,17
1235505,9.636661670377908,20
1235510,9.914535433394452,5
1235518,9.851417466907643,8
1235534,9.657992483154592,16
1235545,9.669247037093474,11
1235561,9.640377577141951,16
1235592,9.313148099181275,31
1235613,9.271321395833057,21
1235614,9.996531582957061,1
1235637,9.48945465481361,23
1235655,9.69377521860578,18
1235668,9.746505150692572,13
1235677,9.618367426071021,9
1235683,9.902350099206927,6
1235699,9.622964689601837,16
1235715,9.7387782469349,16
1235724,9.819100407478162,9
1235736,9.743111130179479,12
1235746,9.78311797319346,10
1235758,9.752345500155782,12
1235774,9.63847442180481,16
1235790,9.662387794361694,16
1235807,9.672969779146767,17
1235818,9.745325631849493,11
1235819,10.0,1
1235826,9.863264811766525,7
1235831,9.901798228953945,5
1235844,9.709352516812814,13
1235856,9.537110069979924,12
1235867,9.813936783891958,11
1235875,9.856452304229885,8
1235891,9.655353523019652,16
1235898,9.881627190075445,7
1235910,9.736288617623204,12
1235919,9.80720344413843,9
1235920,10.0,1
1235922,9.972762904585506,2
1235932,9.7899465786465,10
1235935,9.954387888133446,3
1235942,9.880849107289055,7
1235950,9.862462187790767,8
1235968,9.599993153580934,18
1235969,10.0,1
1236000,6.398027261894428,31
1236023,9.475704393925092,23
1236052,9.498195259384813,29
1236053,10.0,1
1236056,9.948918372476184,3
1236064,9.836047590005176,8
1236084,9.519797954055692,20
1236095,9.798876950365923,11
1236096,10.0,1
1236105,9.852074626768012,9
1236108,9.959390896144399,3
1236109,10.0,1
1236119,9.801355119076707,10
1236120,10.0,1
1236121,10.0,1
1236138,9.621469569306944,17
1236152,9.677143250570621,14
1236160,9.842733474435615,8
1236171,9.751360333261832,11
1236172,10.0,1
1236189,9.58231328205233,17
1236190,10.0,1
1236198,9.86124898115186,8
1236199,10.0,1
1236205,9.879718904390009,6
1236218,9.698341438957318,13
1236228,9.817858654403251,10
1236252,9.438523888350943,24
1236262,9.814208185732346,10
1236290,9.42701567396084,28
1236295,9.899982751163318,5
1236304,9.817764114148424,9
1236319,9.46290073313687,15
1236339,9.545785633006986,20
1236349,9.819350909726202,10
1236355,9.904743658373553,6
1236366,9.790113792846906,11
1236379,9.731230437565785,13
1236396,9.653925104291798,17
1236406,9.796403310438812,10
1236412,9.903672790045457,6
1236413,10.0,1
1236425,9.708927951257543,12
1236440,9.668665740801234,15
1236450,9.846815659048618,10
1236456,9.914541743711379,6
1236465,9.82567198341369,9
1236466,10.0,1
1236484,9.654239877125665,18
1236505,9.53888011264754,21
1236524,9.559325981398725,19
1236531,9.887320914831419,7
1236568,9.221559738204624,37
1236578,9.796213061539232,10
1236592,9.756899247586649,14
1236606,9.70321168786124,14
1236616,9.818816853598761,10
1236627,9.767190183182183,11
1236639,9.738234537307143,12
1236643,9.948801294965053,4
1236663,9.580860407997191,20
1236674,9.598130441332868,11
1236675,10.0,1
1236688,9.740235649577548,13
1236699,9.811146760045487,11
1236706,9.861072538534986,7
1236723,9.602847782604588,17
1236732,9.828043930253152,9
1236737,9.931930072651692,5
1236747,9.831538008900813,10
1236759,9.750764588360363,12
1236774,9.699838729521337,15
1236785,9.740993210282946,11
1236800,9.717320480858922,15
1236806,9.882627946923881,6
1236840,9.201569858209112,34
1236841,10.0,1
1236847,9.903200099194917,6
1236865,9.497853281328302,18
1236902,9.377259327881044,37
1236917,9.125662500575196,15
1236929,9.732324381353992,12
1236944,9.687910054583583,15
1236950,9.904496463911167,6
1236954,9.937973213454926,4
1236964,9.824185763473242,10
1236975,9.790334520932099,11
1236996,9.61230291270057,21
1237005,9.82439259850592,9
1237013,9.842624660634296,8
1237014,10.0,1
1237023,9.851085899232622,9
1237034,9.794296043869783,11
1237035,9.992841581090694,1
1237052,9.595582338943071,17
1237055,9.963986000266239,3
1237074,9.091103923406385,19
1237084,9.791886585109157,10
1237092,9.853499211232732,8
1237096,9.938408401242448,4
1237110,9.712302735522542,14
1237120,9.77562687441705,10
1237121,10.0,1
1237133,9.73598902955609,12
1237137,9.93087756536611,4
1237138,10.0,1
1237164,9.456846963913947,26
1237165,9.99178970180089,1
1237183,9.5428644432808,18
1237192,9.801178140408028,9
1237193,9.988985779906834,1
1237197,9.949748846775735,4
1237208,9.752088599185635,11
1237235,9.410248768986026,27
1237239,9.93365102637432,4
1237251,9.801852695613384,12
1237260,9.833280861083283,9
1237267,9.858111043421733,7
1237281,9.726663781553382,14
1237293,9.760602363025237,12
1237294,9.996371491462456,1
1237295,10.0,1
1237316,9.540702929965658,21
1237325,9.812426712057064,9
1237330,9.919845862938663,5
1237341,9.73975493368481,11
1237365,9.498225807036901,24
1237372,9.871887643041521,7
1237382,9.773835237806022,10
1237400,9.626599479694645,18
1237406,9.909030620753605,6
1237426,9.281037824241656,20
1237436,9.79090803028832,10
1237484,3.563299605567746,48
1237493,9.824023257660697,9
1237497,9.923964197094014,4
1237514,9.628119392800727,17
1237527,9.704329898098875,13
1237540,9.720215378674055,13
1237544,9.944309347923022,4
1237553,9.809890089513571,9
1237558,9.924516288369645,5
1237559,10.0,1
1237574,9.675959862316029,15
1237585,9.756181744946222,11
1237610,9.078805752898592,25
1237616,9.897140506224764,6
1237625,9.809967707007372,9
1237640,9.732461753161795,15
1237641,10.0,1
1237689,9.11961403970894,48
1237708,9.570628283287295,19
1237714,9.887882078915425,6
1237732,9.663319818233026,18
1237733,10.0,1
1237744,9.773188126095102,11
1237752,9.824037580510106,8
1237756,9.931750798651736,4
1237762,9.892273432888633,6
1237769,9.86951788871848,7
1237775,9.880879405697979,6
1237779,9.91794068881821,4
1237789,9.77286202679017,10
1237882,8.343742534237645,93
1237887,9.925999998116387,5
1237895,9.893891619263677,8
1237907,9.76622027969799,12
1237931,7.685652088740342,24
1237959,9.44459309522008,28
1238072,8.083335732448203,113
1238087,9.660473675657228,15
1238098,9.786229381070202,11
1238108,9.816306374850628,10
1238119,9.76685047402138,11
1238133,9.707584092271109,14
1238152,9.022211491942132,19
1238180,9.51801764239699,28
1238201,9.498500474546287,21
1238212,9.743275967717704,11
1238221,9.840580525838709,9
1238227,9.895286710102077,6
1238240,9.699622688950537,13
1238244,9.941719384094986,4
1238255,9.775131576887132,11
1238271,9.6641204340301,16
1238274,9.949874461670609,3
1238287,9.725950870495314,13
1238296,9.82174823010313,9
1238309,9.686640267992455,13
1238322,9.772325178048776,13
1238325,9.959624039047423,3
1238336,9.775431796237333,11
1238352,8.736849849783221,16
1238358,9.905890385489307,6
1238362,9.951672227883629,4
1238363,10.0,1
1238368,9.9188292917922,5
1238369,9.989855018351879,1
1238384,9.6397209767113,15
1238400,9.644103964751238,16
1238407,9.771438857732967,7
1238409,9.985683535409004,2
1238420,9.757912774198305,11
1238435,9.724187724819108,15
1238436,10.0,1
1238442,9.905108929632974,6
1238444,9.984557961933882,2
1238476,9.297131437261648,32
1238477,10.0,1
1238498,9.597746170919269,21
1238509,9.832710766490838,11
1238535,9.505605935634982,26
1238546,9.756441658827262,11
1238556,9.811352164015227,10
1238590,9.339700872005523,34
1239090,-212.8741589940941,500
1239096,9.885312855099723,6
1239104,9.857869969507925,8
1239118,9.716943170851794,14
1239130,9.364803545595876,12
1239143,9.701046741747057,13
1239152,9.816122482663019,9
1239164,9.738608369513347,12
1239165,10.0,1
1239169,9.937769022729597,4
1239185,9.701436313238784,16
1239200,9.6383905292332,15
1239204,9.931381173121482,4
1239205,10.0,1
1239217,9.734836922147958,12
1239227,9.827866694770906,10
1239239,9.740081933725607,12
1239250,9.806430350430915,11
1239258,9.87803646200868,8
1239264,9.890959758158438,6
1239268,9.947586223736568,4
1239282,9.673907230262314,14
1239298,9.658582026965718,16
1239306,9.8541440726264,8
1239315,9.828882181277972,9
1239330,9.750258442923338,15
1239359,9.421940874951265,29
1239370,9.794775232050313,11
1239382,9.707563854863952,12
1239383,10.0,1
1239387,9.943292691119964,4
1239406,9.546993202336258,19
1239415,9.834926826606493,9
1239430,9.717757285919461,15
1239432,9.974105449346622,2
1239449,9.600357272962304,17
1239458,9.81284511666126,9
1239477,9.577591636581388,19
1239486,9.829497429717309,9
1239487,10.0,1
1239496,9.822100322550941,9
1239528,9.396617320728895,32
1239530,9.976797390851404,2
1239540,9.764374153392414,10
1239551,9.751260976329666,11
1239554,9.957180727487955,3
1239562,9.84958790776361,8
1239564,9.97740275790621,2
1239573,9.805000235192773,9
1239574,10.0,1
1239579,9.923075082574549,5
1239587,9.825870813812786,8
1239588,10.0,1
1239599,9.75159978349004,11
1239600,10.0,1
1239626,9.464393230999336,26
1239648,9.274887724669563,22
1239649,10.0,1
1239675,9.480902209256929,26
1239686,9.778917518199666,11
1239691,9.935569732897182,5
1239699,9.842748559336094,8
1239702,9.968584149076984,3
1239720,9.605365992481522,18
1239741,9.640477961775849,21
1239758,9.603672966241811,17
1239759,10.0,1
1239774,9.64164735076859,15
1239786,9.769154103168747,12
1239816,9.418354012126729,30
1239820,9.945350957205141,4
1239830,9.771759305352674,10
1239834,9.93415369152781,4
1239839,9.925476142779546,5
1239852,9.743301100812557,13
1239870,9.620223849054726,18
1239872,9.97894296098895,2
1239886,9.690835866658364,14
1239905,9.592576817521453,19
1239909,9.943334699892457,4
1239930,9.484441144332008,21
1239944,9.414983439444306,14
1239988,9.075529151645881,44
1240001,9.716501281373885,13
1240009,9.836803720211654,8
1240032,9.4465567431079,23
1240042,9.801193957659715,10
1240054,9.714198346312298,12
1240194,2.955180657055564,140
1240197,9.967518230772528,3
1240203,9.896294932493088,6
1240209,9.889564246159388,6
1240222,9.711758745732615,13
1240227,9.929132128315318,5
1240233,9.890203956505498,6
1240253,9.453646689234537,20
1240259,9.880523214472007,6
1240271,9.778644950971778,12
1240280,9.816846520339286,9
1240291,9.754814332724859,11
1240297,9.90015239212896,6
1240306,9.820239492160702,9
1240317,9.727674029063587,11
1240318,9.996702148176166,1
1240319,10.0,1
1240344,9.417446494705201,25
1240345,10.0,1
1240369,9.390192271893792,24
1240384,9.75451110181732,15
1240385,10.0,1
1240406,9.507630748242352,21
1240418,9.726677570437396,12
1240425,9.86523229014296,7
1240439,9.718987788740096,14
1240450,9.78937357497995,11
1240453,9.950757007376215,3
1240456,9.964081206711796,3
1240469,9.725589456195117,13
1240478,9.807490243801025,9
1240637,7.259222075543882,159
1240641,9.938377810824662,4
1240645,9.93110965598099,4
1240651,9.89599077923318,6
1240652,10.0,1
1240653,10.0,1
1240668,9.696611122141071,15
1240683,9.384022104945728,15
1240695,9.707929686046725,12
1240704,9.832699391686079,9
1240710,9.875276282888823,6
1240716,9.905292963865532,6
1240728,9.747152559459332,12
1240737,9.799755483922018,9
1240750,9.706772346937017,13
1240769,9.511365726524852,19
1240773,9.944503520200803,4
1240775,9.979187207984538,2
1240792,9.630644007097704,17
1240803,9.778889258066222,11
1240821,9.538146435510122,18
1240848,9.421811126604736,27
1240855,9.887343736929745,7
1240864,9.811253549434173,9
1240877,9.702423997327081,13
1240890,9.741299641597646,13
1240904,9.679290258197021,14
1240911,9.867271082581942,7
1240929,9.543872242637793,18
1240937,9.844881670719024,8
1240944,9.859538097341023,7
1240953,9.838180802460622,9
1240965,9.753974400314794,12
1240979,9.501274892309812,14
1240990,9.605654975511431,11
1241004,9.749298222592385,14
1241005,10.0,1
1241034,9.41518462105331,29
1241044,9.800876437590729,10
1241050,9.900730691256078,6
1241066,9.655019704824202,16
1241097,9.410732521987011,31
1241105,9.83857418394096,8
1241116,9.77844865857098,11
1241119,9.949420456195334,3
1241120,10.0,1
1241129,9.848757001701166,9
1241140,9.78427529986019,11
1241147,9.862995655434922,7
1241152,9.926150888866138,5
1241155,9.953238091838042,3
1241168,9.712798883387755,13
1241174,9.909347634366817,6
1241175,10.0,1
1241180,9.90509776335658,5
1241193,9.746461966293174,13
1241200,9.850558769061884,7
1241213,9.767827460639687,13
1241216,9.964129850696006,3
1241226,9.796153884450055,10
1241227,10.0,1
1241235,9.872774586205523,8
1241246,9.73119707566868,11
1241271,9.48607225929417,25
1241276,9.919370263720985,5
1241277,10.0,1
1241287,9.696922165651065,10
1241303,9.633353232896084,16
1241317,9.715335294325573,14
1241324,9.844773369455428,7
1241337,9.737129603789057,13
1241346,9.807961589829223,9
1241348,9.9801827021795,2
1241363,9.666632041864542,15
1241370,9.857216553576336,7
1241384,9.680339537083853,14
1241389,9.918679047104098,5
1241400,9.788918598327268,11
1241406,9.893722222564213,6
1241409,9.946713807118563,3
1241414,9.916425310691128,5
1241418,9.926731545105456,4
1241437,9.311239001001898,19
1241448,9.77314675385352,11
1241467,9.57637449665819,19
1241475,9.850920493920778,8
1241486,9.781711285144171,11
1241489,9.965068278831517,3
1241503,9.469569736949849,14
1241516,9.715627057224594,13
1241523,9.87520649131837,7
1241524,10.0,1
1241534,9.831993090403573,10
1241542,9.854239752550455,8
1241546,9.932730057175544,4
1241562,9.619463159176004,16
1241594,9.307407373777838,32
1241600,9.874726941026301,6
1241605,9.923666554259572,5
1241619,9.712524300358996,14
1241629,9.842345000607565,10
1241647,9.500274589655447,18
1241660,9.720062845073233,13
1241661,9.988199243224924,1
1241679,9.584579270657205,18
1241683,9.930054504920326,4
1241715,9.351136696743136,32
1241724,9.825455265943129,9
1241735,9.813017187142155,11
1241742,9.898521676597667,7
1241743,10.0,1
1241755,9.564687490166733,12
1241777,9.527147820092598,22
1241786,9.812023958041056,9
1241794,9.829951674974561,8
1241833,8.634295745921754,39
1241839,9.893052700994513,6
1241865,9.453754315775575,26
1241879,9.70127380439554,14
1241885,9.900320703691479,6
1241901,9.64754178710714,16
1241909,9.856595938559193,8
1241910,10.0,1
1241947,0.04764798726850117,37
1241957,9.814959723796715,10
1241971,9.701688604445723,14
1241972,10.0,1
1241976,9.949485759039739,4
1241986,9.807490235043685,10
1241994,9.854523454868758,8
1242002,9.842819566144078,8
1242003,10.0,1
1242014,9.76660417034153,11
1242026,9.739147158600455,12
1242037,9.744423469891096,11
1242047,9.77506133961935,10
1242054,9.880065303324699,7
1242070,9.604100502724286,16
1242075,9.908904031760288,5
1242089,9.713502437632087,14
1242103,9.717326159503138,14
1242109,9.912570254370864,6
1242112,9.955699640904875,3
1242116,9.940840100989082,4
1242125,9.805831852612489,9
1242129,9.944141145321463,4
1242146,9.400758373991255,17
1242155,9.809413805248747,9
1242169,9.676982998125371,14
1242186,9.64388482602201,17
1242196,9.807779250184515,10
1242211,9.424365536434399,15
1242222,9.806372118072064,11
1242232,9.807275487903683,10
1242242,9.766693167750017,10
1242258,9.54745175217161,16
1242274,9.184389591740267,16
1242284,9.773214590310163,10
1242297,9.701867468371665,13
1242309,9.765693863301145,12
1242316,9.86290899882223,7
1242325,9.852399483678926,9
1242334,9.825100198990246,9
1242349,9.682764130036661,15
1242353,9.93704686473223,4
1242359,9.896866404727657,6
1242378,9.63667623185939,19
1242382,9.935975882858063,4
1242390,9.857545150345375,8
1242396,9.88706853538505,6
1242408,9.768147888543032,12
1242414,9.903591844273647,6
1242417,9.969405251172823,3
1242425,9.819256058669438,8
1242449,9.490856930092834,24
1242493,8.965463934077674,44
1242500,9.854660931357627,7
1242514,9.6949235100136,14
1242515,10.0,1
1242531,9.695979018456377,16
1242536,9.909770250548222,5
1242551,9.693207741842084,15
1242577,9.355123688360859,26
1242582,9.910149437720873,5
1242593,9.772529627371961,11
1242605,9.746947503583057,12
1242621,9.712899409984008,16
1242628,9.868258442363546,7
1242639,9.752903991788365,11
1242642,9.944933470737016,3
1242656,9.681111098902203,14
1242670,9.736228184913465,14
1242681,9.77242260433353,11
1242694,9.593058946617802,13
1242699,9.921821712428137,5
1242713,9.677608161870364,14
1242719,9.900964335511643,6
1242723,9.945438930012392,4
1242731,9.85674677003803,8
1242737,9.91010520733169,6
1242744,9.880628723598807,7
1242770,9.516003888665313,26
1242775,9.923281530362516,5
1242836,8.70269925975267,61
1242864,9.354945423547635,28
1242888,9.544623105798905,24
1243388,-152.88864593006457,500
1243888,-25.24509023049527,500
1243955,8.766897821611316,67
1243956,10.0,1
1243968,9.593921648418059,12
1243987,9.632049951074329,19
1243989,9.976815550122733,2
1244006,9.654721218336968,17
1244007,10.0,1
1244010,9.964394490094591,3
1244013,9.956635622890923,3
1244018,9.931735750765993,5
1244041,9.570478885004114,23
1244049,9.888596713454994,8
1244054,9.913587565866758,5
1244074,9.55372520960794,20
1244077,9.966638238944965,3
1244087,9.81969507257489,10
1244091,9.926564657161716,4
1244103,9.735503636795308,12
1244114,9.771991621227809,11
1244125,9.753389121112313,11
1244150,9.412948072386994,25
1244215,8.775663429683156,65
1244224,9.827371832803143,9
1244244,9.36900967665834,20
1244255,9.400961056012898,11
1244262,9.669362520849564,7
1244287,9.560814452794647,25
1244294,9.880469607193717,7
1244302,9.834346496800682,8
1244316,9.677135402315376,14
1244326,9.791489759416221,10
1244330,9.936659488282082,4
1244341,9.787637288105657,11
1244351,9.797301363191197,10
1244365,9.735496546787708,14
1244378,9.708442088370743,13
1244393,9.717791099585881,15
1244414,9.566318760050569,21
1244415,10.0,1
1244419,9.937273175742467,4
1244430,9.752930007279957,11
1244438,9.831634017011337,8
1244449,9.768791037922153,11
1244464,9.650703761098102,15
1244471,9.869089356988223,7
1244480,9.82802916646436,9
1244486,9.693703055835744,6
1244492,9.900617808213784,6
1244498,9.913642876391577,6
1244509,9.763255661752734,11
1244510,10.0,1
1244516,9.902605406637518,6
1244522,9.896534799587219,6
1244524,9.97370808981562,2
1244525,10.0,1
1244541,9.672264652264788,16
1244552,9.669248347083707,11
1244557,9.915024508460819,5
1244561,9.928150129278205,4
1244567,9.901050256918136,6
1244568,10.0,1
1244569,9.996596256335977,1
1244589,9.570268948330876,20
1244594,9.93131730249093,5
1244604,9.815900370552649,10
1244614,9.833674305223198,10
1244632,9.5517008569588,18
1244642,9.78443965442041,10
1244657,9.663370862263077,15
1244666,9.818259115793836,9
1244694,9.466670748358267,28
1244705,9.762439998300199,11
1244720,9.6496522656767,15
1244721,10.0,1
1244766,9.199168914448753,45
1244779,9.778682328645228,13
1244790,9.78012045482687,11
1244802,9.77513305340366,12
1244803,10.0,1
1244814,9.4510038110562,11
1244822,9.849937272139533,8
1244836,9.670299348838656,14
1244846,9.769019967403041,10
1244853,9.86589701420947,7
1244860,9.87148853629621,7
1244871,9.725070348856205,11
1244877,9.891989111757487,6
1244888,9.79216309406231,11
1244905,9.650668452169414,17
1244917,9.769314996699794,12
1244927,9.796654552838934,10
1244928,10.0,1
1244937,9.828431847033364,9
1244942,9.915416112326906,5
1244952,9.789339302280347,10
1244965,9.700407405353236,13
1244966,9.988995413117406,1
1244973,9.863912179919028,7
1244980,9.898277677339195,7
1244989,9.806145209942835,9
1244996,9.875403089366108,7
1245000,9.947144892385628,4
1245001,10.0,1
1245017,9.670498600890914,16
1245026,9.841103905798755,9
1245037,9.782377509635783,11
1245045,9.844263262648994,8
1245056,9.768405029936375,11
1245067,9.762704082663433,11
1245081,9.643805293692356,14
1245092,9.794100887283006,11
1245093,10.0,1
1245108,9.70557533769071,15
1245115,9.885771104630225,7
1245119,9.955836470904668,4
1245138,9.577580208921075,19
1245153,9.698620896070677,15
1245159,9.881398657977856,6
1245180,9.579004168672215,21
1245194,9.680913547473656,14
1245210,9.64042673372607,16
1245221,9.766145390145455,11
1245234,9.721154811964796,13
1245248,9.732953545787195,14
1245249,9.992816512017708,1
1245255,9.876159392996435,6
1245265,9.78908766633642,10
1245282,9.684919291468956,17
1245287,9.909588223236941,5
1245291,9.944281674196466,4
1245305,9.692062434138188,14
1245338,9.386771279781534,33
1245355,9.583070450414791,17
1245366,9.794716789993531,11
1245381,9.639014717527054,15
1245389,9.856924490220464,8
1245394,9.925373106308205,5
1245407,9.7758738100885,13
1245419,9.740734745596631,12
1245420,10.0,1
1245504,8.52125971636444,84
1245505,10.0,1
1245512,9.872804723694797,7
1245520,9.89368140927549,8
1245538,9.622806542613171,18
1245545,9.906483253500621,7
1245551,9.894369310256693,6
1245558,9.895676152766178,7
1245573,9.632005769621653,15
1245583,9.793188330501359,10
1245607,9.442719054186119,24
1245621,9.700599107148465,14
1245633,9.715869145973878,12
1245642,9.823143364002265,9
1245660,9.631541602179553,18
1245663,9.961668878583303,3
1245669,9.907230450072019,6
1245680,9.755251572284518,11
1245692,9.730366102157276,12
1245704,9.674421802874445,12
1245721,9.656251812323701,17
1245726,9.924881921368145,5
1245770,8.927622070266176,44
1245790,9.648975049445605,20
1245791,10.0,1
1245797,9.891965326548144,6
1245811,9.741950341200873,14
1245822,9.68511453858098,11
1245836,9.691784048154979,14
1245850,9.690709736606605,14
1245851,9.989823705753745,1
1245866,9.711960539427139,15
1245878,9.748122357697886,12
1245892,9.726333064415845,14
1245913,9.488348750037867,21
1245923,9.799787188776504,10
1245942,9.601020038028736,19
1245943,10.0,1
1245956,9.751551487452158,13
1245970,9.666091231127174,14
1245980,9.782200551650432,10
1245990,9.78267042921829,10
1245996,9.884970546095994,6
1246009,9.752864428700784,13
1246013,9.919818441187523,4
1246027,9.70277712586391,14
1246039,9.725557416203744,12
1246047,9.849662309082769,8
1246055,9.837828949775325,8
1246056,10.0,1
1246070,9.711783054318335,14
1246079,9.83921480253511,9
1246093,9.668977078817335,14
1246100,9.858562572847266,7
1246112,9.73395586491028,12
1246128,9.620118320962602,16
1246141,9.600321954106064,13
1246144,9.964393452420246,3
1246155,9.80164881519625,11
1246169,9.724206322602871,14
1246175,9.889671645753111,6
1246185,9.763806173889332,10
1246191,9.89252440112267,6
1246200,9.815941640975101,9
1246211,9.76642754862861,11
1246218,9.846699454154477,7
1246222,9.934101394264633,4
1246229,9.894765087228873,7
1246237,9.835110685347722,8
1246241,9.942799767790927,4
1246250,9.787986829093354,9
1246262,9.74719292945346,12
1246277,9.723492980937255,15
1246289,9.770873412567859,12
1246300,9.798686766775479,11
1246308,9.843382663214431,8
1246323,9.525089712266317,15
1246324,10.0,1
1246339,9.759319987264382,15
1246346,9.894269446837278,7
1246368,9.473349170551986,22
1246376,9.831626011861403,8
1246390,9.71867700350588,14
1246398,9.842621631442176,8
1246411,9.414082943771481,13
1246428,9.658681180607866,17
1246445,9.664750038767945,17
1246460,9.632574992046665,15
1246472,9.769038023377544,12
1246476,9.934342607879575,4
1246485,9.85622835109077,9
1246495,9.790311031913088,10
1246508,9.61192793524712,13
1246525,9.672685906900082,17
1246535,9.783369642303105,10
1246552,9.558221711068736,17
1246562,9.780299251523466,10
1246571,9.791587087204809,9
1246588,9.588527843367855,17
1246601,9.710623710118593,13
1246618,9.660587245503379,17
1246631,9.695474477836424,13
1246633,9.971945769036717,2
1246644,9.770367230372626,11
1246656,9.812166032299062,12
1246661,9.910170582794446,5
1246675,9.771949729057315,14
1246690,9.67001474787905,15
1246704,9.742634725413238,14
1246711,9.87537973330807,7
1246712,10.0,1
1246713,10.0,1
1246720,9.878186891158466,7
1246721,10.0,1
1246731,9.786242344314303,10
1246744,9.70012875986544,13
1246747,9.953163306784445,3
1246768,9.552635953252608,21
1246779,9.776816525064731,11
1246796,9.59626579561141,17
1246801,9.923606523721238,5
1246811,9.769640748061336,10
1246816,9.905704354685946,5
1246829,9.692266304593351,13
1246849,9.533083239858483,20
1246862,9.707652165576746,13
1246867,9.903452695403091,5
1246879,9.812943404940295,12
1246887,9.833743392876501,8
1246888,10.0,1
1246907,9.632928705004362,19
1246931,9.440886393176804,24
1246940,9.802946562269398,9
1246956,9.65628864200652,16
1246984,9.272471555940875,28
1246985,10.0,1
1246986,10.0,1
1247003,9.634475675404317,17
1247017,9.7097419806134,14
1247030,8.177830744154027,13
1247042,9.75341540221523,12
1247106,8.63695652391695,64
1247606,-9.997308806205059,500
1247613,9.874082781797417,7
1247623,9.826067975070771,10
1247630,9.870010250753188,7
1247644,9.724756849951355,14
1247674,9.421585736109344,30
1247693,9.524431343681051,19
1247704,9.76437575814467,11
1247712,9.865618343300023,8
1247732,9.616714365453957,20
1247737,9.905844830025098,5
1247744,9.850945891662342,7
1247765,9.569560494294459,21
1247774,9.843000615581786,9
1247776,9.97684215571061,2
1247779,9.967624930263563,3
1247780,9.993042062528097,1
1247797,9.681163364527936,17
1247798,10.0,1
1247812,9.722527871316148,14
1247822,9.779701937762844,10
1247833,9.769152185311333,11
1247847,9.693549714117333,14
1247862,9.71287248136588,15
1247872,9.78035667556074,10
1247873,10.0,1
1247880,9.878449947778128,7
1247903,9.410845443437351,23
1247904,9.996517936662226,1
1247919,9.72793625987582,15
1247922,9.958251903181127,3
1247942,9.572636657192751,20
1247960,9.582804182419512,18
1247963,9.963881034659028,3
1247977,9.708559508768316,14
1247982,9.910505418202382,5
1247987,9.913109739158884,5
1248015,9.377280863442508,28
1248036,9.487554422780628,21
1248056,9.600461395373262,20
1248070,9.686910506542981,14
1248083,9.73541811460439,13
1248096,9.708251055198506,13
1248097,10.0,1
1248108,9.771340627849073,11
1248127,9.632353563447055,19
1248131,9.939635188375417,4
1248146,9.657998666955512,15
1248218,-12.212348728567866,72
1248224,9.883548195884295,6
1248242,9.643424971507708,18
1248249,9.855590640892062,7
1248250,10.0,1
1248262,9.777742921987263,12
1248276,9.672058640452173,14
1248290,9.723920629714419,14
1248301,9.657812836865803,11
1248319,9.64044888013415,18
1248330,9.60005072249768,11
1248343,9.492275684499635,13
1248344,10.0,1
1248349,9.90842565368912,5
1248352,9.954730196834435,3
1248361,9.818333962300198,9
1248374,9.777752777454086,13
1248396,9.335030540529319,22
1248403,9.866989593406366,7
1248407,9.938209102390191,4
1248413,9.879405498450522,6
1248421,9.848723182935288,8
1248455,9.326807781327522,34
1248467,9.708823597802008,12
1248480,9.728292205105875,13
1248492,9.7328032890569,12
1248499,9.869419731385051,7
1248515,9.71594221233193,16
1248516,10.0,1
1248526,9.79806163342179,10
1248535,9.817542963415562,9
1248536,10.0,1
1248572,9.33411932180474,36
1248577,9.936161119441156,5
1248578,10.0,1
1248593,9.661241528320824,15
1248607,9.772550825765897,14
1248610,9.959843680411135,3
1248611,10.0,1
1248632,9.606423472598655,21
1248634,9.975915976685299,2
1248649,9.649590168551592,15
1248650,10.0,1
1248657,9.878309133657304,7
1248673,9.717077185308044,16
1248680,9.858033076202448,7
1248700,9.650558135366328,20
1248708,9.850083340678223,8
1248715,9.862322239240674,7
1248728,9.741267185710964,13
1248729,10.0,1
1248733,9.936214922806743,4
1248734,9.9965404317761,1
1248764,4.600269001343082,30
1248772,9.835068197708626,8
1248777,9.902462818549111,5
1248782,9.914074446411506,5
1248783,9.988888732704748,1
1248793,9.570325383899931,10
1248794,10.0,1
1248812,8.53407034429012,18
1248813,10.0,1
1248816,9.955832866845816,3
1248833,9.608974561208308,17
1248836,9.962595937499168,3
1248846,9.370670622769655,10
1248859,9.755829050488575,13
1248873,9.674989476340718,14
1248882,9.83365363777294,9
1248903,9.571831591476869,21
1248907,9.941745130688311,4
1248908,10.0,1
1248918,9.799791622231506,10
1248930,9.748271703846523,12
1248939,9.791061865664718,9
1248951,9.770286862948797,12
1248962,9.792994679509889,11
1248970,8.042005030813213,8
1248979,9.838678878408682,9
1248981,9.983403754813489,2
1248988,9.879849328183766,7
1248995,9.887400668731392,7
1249001,9.899041435805474,6
1249006,9.907502289099739,5
1249010,9.939209006097178,4
1249018,9.856902212554001,8
1249033,9.659971758827536,15
1249047,9.693119336162848,14
1249063,9.674820042706333,16
1249065,9.971865229082262,2
1249067,9.96781681896689,2
1249075,9.865719705528265,8
1249086,9.78619045184347,11
1249095,9.855523263038306,9
1249114,9.558882210040878,19
1249128,9.67428618538534,14
1249136,9.864081916082705,8
1249139,9.964297898375046,3
1249152,9.718499296820278,13
1249170,9.623613956414031,18
1249183,9.686622827758793,13
1249190,9.868622082728173,7
1249199,9.840037959576437,9
1249210,9.754980781964845,11
1249254,9.203253623861423,44
1249264,9.806783772270007,10
1249298,9.35526609504576,34
1249309,9.795683955662065,11
1249326,9.60117172756118,17
1249336,9.795805535421147,10
1249341,9.908302031946103,5
1249345,9.942958489224862,4
1249353,9.831217623797377,8
1249362,9.835936293728004,9
1249369,9.887329737621823,7
1249370,10.0,1
1249375,9.928652978543788,5
1249381,9.900468511235037,6
1249387,9.900689326039792,6
1249403,9.631609808828593,16
1249409,9.692225537577198,6
1249440,9.364697198326558,31
1249453,9.79155157896376,13
1249472,9.63239756347679,19
1249479,9.885082322120423,7
1249494,9.651961813910763,15
1249506,9.748846927268435,12
1249518,9.756862299275896,12
1249523,9.908159603251189,5
1249546,9.479965373022372,23
1249561,9.689998893026033,15
1249567,9.899569553611869,6
1249580,9.692463663165757,13
1249594,9.705665994522525,14
1249600,9.900995953996205,6
1249630,9.363973382546915,30
1249639,9.837957746587287,9
1249650,9.749455420539658,11
1249660,9.796439125661259,10
1249671,9.801892989081423,11
1249719,9.02947236036085,48
1249732,9.707291818228352,13
1249750,9.674069697170333,18
1249763,9.732750856474038,13
1249768,9.915790214187316,5
1249784,9.425353519637806,16
1249790,9.908403066275504,6
1249800,9.793735426002748,10
1249802,9.968677983470753,2
1249805,9.962582977415119,3
1249815,9.781669223659689,10
1249816,10.0,1
1249844,9.302557828690222,28
1249851,9.899921548755783,7
1249863,9.736493249457013,12
1249875,9.749621584980957,12
1249878,9.956292854209686,3
1249988,8.173108532268667,110
1250010,9.29865268084351,22
1250013,9.959472859888075,3
1250025,9.742248333490245,12
1250026,10.0,1
1250027,10.0,1
1250044,9.622548702423595,17
1250045,10.0,1
1250055,9.781056868527797,10
1250059,9.94457906834617,4
1250070,9.74773214692993,11
1250079,9.817267066432825,9
1250083,9.93638837747197,4
1250097,9.718458294606458,14
1250100,9.95650664763419,3
1250114,9.705942160369522,14
1250126,9.74874823021818,12
1250140,9.711567180244332,14
1250149,9.84580805630081,9
1250167,9.61417596152197,18
1250175,9.836115448725666,8
1250176,10.0,1
1250198,9.437294203115073,22
1250206,9.821394802887369,8
1250214,9.854325124948472,8
1250222,9.860256897408393,8
1250234,9.760120626758036,12
1250241,9.882380417613067,7
1250263,9.112505501284373,22
1250272,9.818864718210989,9
1250273,10.0,1
1250274,10.0,1
1250275,10.0,1
1250285,9.7961349314091,10
1250292,9.851930350740108,7
1250307,9.652252448402749,15
1250321,9.754245097825136,14
1250322,10.0,1
1250331,9.813323619868296,9
1250365,9.333044668917928,34
1250378,9.754752136946717,13
1250381,9.968157046971456,3
1250382,10.0,1
1250470,-21.941268412249038,88
1250516,9.046061952335233,46
1250517,10.0,1
1250521,9.937442352607777,4
1250543,9.514064131929901,22
1250559,9.699946096169207,16
1250587,9.412807879149138,28
1250588,10.0,1
1250589,10.0,1
1250600,9.7757001240172,11
1250623,9.555922807620943,23
1250624,10.0,1
1250628,9.931508439241458,4
1250640,9.747069848514863,12
1250655,9.65607918528745,15
1250656,10.0,1
1250673,8.626629399178075,17
1250684,9.762072863636387,11
1250685,10.0,1
1250698,9.70156466668564,13
1250700,9.9744513039617,2
1250701,10.0,1
1250711,9.79657823675942,10
1250724,9.713843326386794,13
1250731,9.859515290206815,7
1250753,9.578838791831014,22
1250765,9.71749480965191,12
1250775,9.807551300397565,10
1250785,9.778551634383629,10
1250799,9.691672781216733,14
1250814,9.400898998918771,15
1250831,9.640241786127197,17
1250848,9.629912618781686,17
1250849,9.992139574526359,1
1250863,9.681364350898942,14
1250867,9.932203430857582,4
1250889,9.563496913346432,22
1250890,9.993026394795377,1
1250901,9.705931331787642,11
1250912,9.754746244355532,11
1250917,9.925533577142833,5
1250935,9.571163585818283,18
1250953,9.625334791719759,18
1250959,9.894637958032927,6
1250970,9.781693080623636,11
1250980,9.793469128299318,10
1250984,9.947114828797076,4
1250999,9.662297214643452,15
1251007,9.872499148845527,8
1251022,9.69206011484651,15
1251029,9.86574336769654,7
1251041,9.761025433733417,12
1251049,9.4730464613999,8
1251053,9.933875492205477,4
1251065,9.788371371524251,12
1251082,9.581545778042203,17
1251089,9.872698696595599,7
1251094,9.918032550580183,5
1251104,9.821329423448864,10
1251124,9.512187752290078,20
1251125,9.992936580230776,1
1251135,9.803624000203117,10
1251136,10.0,1
1251150,9.421415129737289,14
1251160,9.759038898993516,10
1251162,9.983692940396494,2
1251175,9.719336785570722,13
1251181,9.891703695456362,6
1251192,9.776534098600562,11
1251200,9.841534200352253,8
1251204,9.948075086252942,4
1251220,9.626405002595929,16
1251227,9.888986817153194,7
1251234,9.882932730123514,7
1251244,9.79860547765238,10
1251257,9.757705161337759,13
1251261,9.935873636118108,4
1251263,9.976117347664244,2
1251279,9.677101541979342,16
1251292,9.70845072577167,13
1251308,9.375943456128892,16
1251309,10.0,1
1251318,9.823441634882125,9
1251326,9.851072434891067,8
1251336,9.818713915946157,10
1251353,9.579012454666637,17
1251369,9.741739975635149,16
1251386,9.668966814027124,17
1251387,10.0,1
1251406,9.524165400947544,19
1251421,9.288494443489064,15
1251426,9.918952582232569,5
1251456,9.31408104308973,30
1251457,10.0,1
1251468,9.754631491309086,11
1251485,9.682081255895248,17
1251495,9.815378090682522,10
1251506,9.782600905626301,11
1251509,9.968249384143348,3
1251517,9.852449046465663,8
1251521,9.936796218923144,4
1251530,9.832917397655308,9
1251538,9.869118348497583,8
1251548,9.762342012814287,10
1251558,9.799795349192486,10
1251565,9.866204503447758,7
1251581,9.629187410986441,16
1251592,9.739096407032232,11
1251599,9.890053468414798,7
1251602,9.954115070438409,3
1251617,9.705885013700453,15
1251630,9.708497880742282,13
1251631,10.0,1
1251637,9.907781718132648,6
1251653,9.69926531330174,16
1251664,9.809270426848872,11
1251669,9.902645409779236,5
1251689,9.503955141399897,20
1251700,9.776525922652478,11
1251713,9.553106382981108,13
1251735,9.579519397772865,22
1251736,10.0,1
1251744,9.85246163012292,8
1251750,9.903617362573224,6
1251764,9.700092879187604,14
1251776,9.736175603109835,12
1251793,9.620741360803194,17
1251797,9.940375964633681,4
1251798,9.99246859622962,1
1251899,7.659026555735931,101
1251909,9.818875331425232,10
1251918,9.849615697491247,9
1251922,9.937285150442158,4
1251941,9.618307985155438,19
1251944,9.960396962486797,3
1251946,9.970702931733637,2
1251976,9.383445667752357,30
1251986,9.810206088876535,10
1251995,9.822454764447556,9
1252005,9.795915892579314,10
1252011,9.890171793916267,6
1252025,9.713576626451532,14
1252029,9.935653940925736,4
1252057,9.422463379670745,28
1252059,9.979666461637173,2
1252060,10.0,1
1252061,10.0,1
1252069,9.758275606035857,8
1252075,9.891271630853845,6
1252112,9.24579767693801,37
1252127,9.701833636604418,15
1252128,10.0,1
1252145,9.624878182854646,17
1252164,9.564042365091245,19
1252167,9.965902686505444,3
1252193,9.513367392753349,26
1252202,9.809196784242346,9
1252210,9.86166757737257,8
1252211,10.0,1
1252232,9.5478274730326,21
1252247,9.694836746660696,15
1252259,9.776557859493982,12
1252260,10.0,1
1252287,9.498743081933217,27
1252295,9.84063993166665,8
1252298,9.957980041240432,3
1252311,9.770391403882243,13
1252312,10.0,1
1252324,9.777657601082371,12
1252326,9.973740226871387,2
1252341,9.669093977299758,15
1252342,10.0,1
1252353,9.785415902678276,11
1252365,9.742368384524422,12
1252388,9.426739084858712,23
1252396,9.833952870194425,8
1252414,9.559249986307938,18
1252423,9.803005878481176,9
1252424,10.0,1
1252447,9.448318060389118,23
1252478,9.164870190299428,31
1252492,9.721035863457198,14
1252497,9.923952968261698,5
1252505,9.835283021434407,8
1252508,9.96753957263818,3
1252526,9.65239232574687,18
1252537,9.8062197291734,11
1252542,9.895652300522999,5
1252551,9.80722881157712,9
1252569,9.6496472689254,18
1252579,9.496754192824168,10
1252600,9.579673353084553,21
1252617,9.046818311841669,17
1252624,9.591551584016567,7
1252640,9.634103335248799,16
1252643,9.956063312882977,3
1252664,9.566786604897672,21
1252673,9.817906577033957,9
1252683,9.793492760029237,10
1252721,9.27651798567681,38
1252724,9.960090897501056,3
1252740,9.699976409089375,16
1252752,9.779439373518976,12
1252753,10.0,1
1252762,9.844207732755718,9
1252774,9.771576598301916,12
1252775,10.0,1
1252780,9.92203887192264,5
1252787,9.894267625871477,7
1252788,10.0,1
1252793,9.916156092016232,5
1252805,9.787824056049804,12
1252821,9.621576853104097,16
1252830,9.806664522513746,9
1252840,9.822385888797884,10
1252856,9.65483855211391,16
1252860,9.937231480931931,4
1252873,9.689147119425296,13
1252875,9.974619215235018,2
1252894,9.585130836753274,19
1252902,9.882230792306997,8
1252905,9.948470938058215,3
1252924,9.575266412995239,19
1252934,9.7849534076012,10
1252935,10.0,1
1252937,9.97371605877822,2
1252989,8.854706475356224,52
1253006,9.612067642906519,17
1253021,9.712156356461817,15
1253026,9.911598917066902,5
1253044,9.631944362900114,18
1253053,9.814558991109035,9
1253073,9.554991884107231,20
1253085,9.765359605566191,12
1253092,9.856891065470299,7
1253112,9.600806959074497,20
1253133,9.52966288739945,21
1253155,9.591674101200141,22
1253161,9.910463083829217,6
1253173,9.764446533492377,12
1253179,9.876055325050123,6
1253180,9.989741106520855,1
1253190,9.796462125528837,10
1253202,9.76013946191341,12
1253213,9.749829134065022,11
1253232,9.565285644929947,19
1253233,9.996887605485906,1
1253242,9.836558565464784,9
1253251,9.84447224117791,9
1253255,9.959140906203206,4
1253263,9.860996137127168,8
1253270,9.877045921110003,7
1253284,9.679971781648675,14
1253290,9.895449654012909,6
1253299,9.803477912291136,9
1253313,9.731676651930702,14
1253327,9.769857853620017,14
1253330,9.96709744842286,3
1253349,9.570550451998391,19
1253362,9.336989570930681,13
1253378,9.64144150764001,16
1253391,9.742460421849259,13
1253400,9.813435344639991,9
1253412,9.72158395745135,12
1253419,9.887780218839728,7
1253428,9.801900764675288,9
1253436,9.836540989208743,8
1253437,10.0,1
1253444,9.874286174701078,7
1253446,9.98478689532444,2
1253460,9.746954609862382,14
1253464,9.927941987082187,4
1253471,9.89680268267591,7
1253484,9.709725793863482,13
1253488,9.94140184625467,4
1253494,9.891509469902768,6
1253504,9.787436430462856,10
1253518,9.727381259585242,14
1253523,9.931327856834518,5
1253532,9.840390415015877,9
1253542,9.82664400442606,10
1253555,9.77678331687927,13
1253556,10.0,1
1253565,9.830186150477743,9
1253581,9.673456844407765,16
1253593,9.791488811729335,12
1253594,9.995977804068039,1
1253603,9.811235456694444,9
1253605,9.97849969818401,2
1253617,9.817760121068648,12
1253618,10.0,1
1253632,9.67404025039037,14
1253657,9.378531963235796,25
1253665,9.858603381033275,8
1253673,9.830289237521814,8
1253681,9.88121200847486,8
1253693,9.762132126464406,12
1253708,9.72848198614441,15
1253709,10.0,1
1253730,9.571947697798143,21
1253742,9.717506059419797,12
1254043,4.314682576069776,301
1254066,9.525745481255974,23
1254072,9.897923441153463,6
1254078,9.888463824344166,6
1254079,10.0,1
1254097,9.572284252771073,18
1254115,9.644626778260276,18
1254142,9.441892199153623,27
1254147,9.916441814137196,5
1254166,9.602042647265545,19
1254169,9.956549856980015,3
1254186,9.64835041764386,17
1254192,9.878438871912422,6
1254196,9.93071860392826,4
1254202,9.88989378606766,6
1254207,9.91752488164109,5
1254213,9.916202017107118,6
1254238,9.291238117559564,25
1254250,9.727533785262882,12
1254254,9.943955328609361,4
1254270,9.631075600414047,16
1254273,9.968740929043554,3
1254289,9.628830071313313,16
1254306,9.645818093755814,17
1254319,9.648242447113873,13
1254327,9.8784365446976,8
1254351,9.567402330589513,24
1254352,9.988707536183409,1
1254367,9.672347192592941,15
1254381,9.696687762502458,14
1254397,9.69193431080827,16
1254398,10.0,1
1254406,9.871208280095486,8
1254421,9.723301541598794,15
1254426,9.909109398344528,5
1254438,9.660449406555449,12
1254451,9.718038241706113,13
1254470,9.47530677881602,19
1254488,9.633957261860303,18
1254491,9.971161204650674,3
1254492,10.0,1
1254506,9.690875057768508,14
1254517,9.745517899999909,11
1254523,9.875943804322153,6
1254525,9.98581741810133,2
1254533,9.830960942016048,8
1254542,9.81575578898693,9
1254544,9.973613470323755,2
1254551,9.874625652232256,7
1254561,9.772866584049424,10
1254583,9.579236234136186,22
1254584,9.99658201897265,1
1254600,9.466041061587369,16
1254609,9.62132605319753,9
1254620,9.48297676055872,11
1254633,9.72206627378867,13
1254644,9.784571667247004,11
1254651,9.876404482803437,7
1254675,9.382867320811261,24
1254691,9.661016086680807,16
1254702,9.81798195013838,11
1254709,9.881907130928463,7
1254722,9.723778339650883,13
1254736,9.746458073332098,14
1254750,9.710743386403955,14
1254765,9.66152476728067,15
1254773,9.846095836759197,8
1254792,9.426338362345009,19
1254801,9.820553549548292,9
1254806,9.898196229520366,5
1254818,9.719002439832062,12
1254824,9.88736846416547,6
1254835,9.752433235989056,11
1254856,9.585001687273977,21
1254880,9.49987397217558,24
1254889,9.849830294229651,9
1254896,9.85131232699529,7
1254908,9.761307264023898,12
1254909,10.0,1
1254926,9.615700725115149,17
1254932,9.901589610814623,6
1254941,9.62006054793494,9
1254949,9.866415002923857,8
1254970,9.517074728964893,21
1254985,9.681750128646867,15
1254995,9.716603115254054,10
1255003,9.834693357109574,8
1255015,9.766822331436675,12
1255025,9.801135900940176,10
1255038,9.690535080293191,13
1255050,9.734013171170826,12
1255051,9.988248367827117,1
1255063,9.749652198627544,12
1255070,9.865862520778666,7
1255086,9.628583708405271,16
1255107,9.56327990419728,21
1255110,9.967258214643957,3
1255124,9.747879149329076,14
1255125,10.0,1
1255133,9.865213753195773,8
1255144,9.767167684491145,11
1255161,9.591893051275608,17
1255172,9.779352299247062,11
1255184,9.721657773063088,12
1255193,9.83185415378414,9
1255202,9.828292378128246,9
1255216,9.693205559744346,14
1255229,9.723329692861679,13
1255230,10.0,1
1255244,9.675436389947423,14
1255255,9.762940790585281,11
1255755,-11.883338488385451,500
1255762,9.878442264904553,7
1255774,9.539060258239177,12
1255775,10.0,1
1255776,10.0,1
1255784,9.838190547805434,8
1255808,8.26231795228606,24
1255814,9.879967337224697,6
1255823,9.822029329921621,9
1255831,9.885513876568664,8
1255848,9.617795638425566,17
1255850,9.978652654572478,2
1255851,10.0,1
1255868,9.662476933998205,17
1255891,9.497614157134713,23
1255900,9.815989787712153,9
1255929,9.471044822168622,29
1255938,9.804489911330117,9
1255939,9.993428125314043,1
1255952,9.752085153943689,13
1255958,9.907167459452367,6
1255971,9.725514642302127,13
1255995,9.420919884329534,24
1256001,9.903790011239463,6
1256016,9.710259152493192,15
1256023,9.851370870297888,7
1256028,9.914230923530647,5
1256034,9.890758309239397,6
1256051,9.585367819580027,17
1256059,9.858567488161976,8
1256065,9.88501869951568,6
1256077,9.720741900379,12
1256088,9.77141258733688,11
1256100,9.746881038500792,12
1256113,9.732379492170644,13
1256128,9.707962539550307,15
1256138,9.793953927038848,10
1256142,9.947041830928912,4
1256163,9.56201828034185,21
1256189,9.32788865620136,26
1256204,9.63599064570989,15
1256205,10.0,1
1256213,9.84124539163652,8
1256217,9.949202557014512,4
1256226,9.814650371946088,9
1256227,10.0,1
1256240,9.73788322199969,13
1256254,9.522523384488178,14
1256262,9.863684483199618,8
1256271,9.610973696728506,9
1256272,10.0,1
1256286,9.694775589402843,14
1256304,7.583534198050295,18
1256310,9.906394170317483,6
1256321,9.807143463325554,11
1256323,9.976326910107984,2
1256347,9.455780157518442,24
1256362,9.682064224869604,15
1256365,9.955723113690215,3
1256376,9.745200549923904,11
1256384,9.848469891384475,8
1256388,9.940668022605422,4
1256389,10.0,1
1256393,9.923427978404376,4
1256405,9.788404982326519,12
1256410,9.904708578802786,5
1256416,9.892378313692449,6
1256417,9.995843051981296,1
1256424,9.885305138665833,7
1256434,9.80720873301065,10
1256454,9.63349180847987,20
1256462,9.846853602925094,8
1256463,10.0,1
1256475,9.523680694164218,12
1256482,9.866618214311599,7
1256488,9.89205284938757,6
1256494,9.895014865992474,6
1256518,9.51794238498019,24
1256533,9.673668278303026,15
1256534,10.0,1
1256561,9.438598463162187,27
1256566,9.919744328180148,5
1256583,9.61711172266517,17
1256596,9.727064462587206,13
1256603,9.883195170425507,7
1256606,9.965204016170986,3
1256612,9.886103291820522,6
1256624,9.712868847259553,12
1256627,9.955305620508163,3
1256635,9.844360971711144,8
1256636,9.992616931293144,1
1256637,10.0,1
1256640,9.956703432701326,3
1256649,9.800310087751514,9
1256688,9.251185894773073,39
1256697,9.818714522137713,9
1256705,9.855677589068106,8
1256706,10.0,1
1256719,9.694213676261768,13
1256731,9.717492728963661,12
1256747,9.711778698549649,16
1256762,9.699943152769475,15
1256774,9.722158004927625,12
1256790,9.616422860642489,16
1256796,9.878497604815067,6
1256808,9.769549858246101,12
1256826,9.510872744248971,18
1256827,10.0,1
1256834,9.851982995436458,7
1256850,9.695191621538608,16
1256878,9.40231131008663,28
1256885,9.873983134829095,7
1256897,9.786513881212887,12
1256898,10.0,1
1256909,9.773653959929232,11
1256921,9.795915855568046,12
1256928,9.882259467816878,7
1256937,9.821869898956882,9
1256945,9.846467147862997,8
1256962,9.559183132860381,17
1256973,9.81961077214501,11
1256979,9.893490526894794,6
1256986,9.88313432828758,7
1257011,9.512850410722088,25
1257015,9.945308886851407,4
1257033,9.580294945761855,18
1257042,9.819764144115025,9
1257054,9.720797284440495,12
1257079,9.387619788508301,25
1257090,9.76358556399034,11
1257101,9.697914031170692,11
1257109,9.839278806761119,8
1257126,9.62083516534404,17
1257130,9.93629570962038,4
1257143,9.717958391933808,13
1257153,9.826011298963627,10
1257160,9.87618644370614,7
1257181,9.177236185104874,21
1257192,9.815871768159656,11
1257206,9.690463233034626,14
1257217,9.780093558324166,11
1257222,9.927216614820466,5
1257242,9.56962047058672,20
1257254,9.727094627963737,12
1257273,9.489562278645142,19
1257274,9.996344690356217,1
1257282,9.847227218473954,8
1257286,9.933167703578942,4
1257296,9.820045323306298,10
1257316,9.44638540969745,20
1257334,9.644045446208642,18
1257341,9.853945974476494,7
1257730,2.2828568037838357,389
1257735,9.923301450441098,5
1257748,9.72378788190865,13
1257758,9.800927248903266,10
1257766,9.857167939387066,8
1257783,9.67279691396439,17
1257793,9.825053786700444,10
1257812,9.62734318556174,19
1257822,9.795457260483193,10
1257841,9.528404243827712,19
1257842,9.98716884651702,1
1257850,9.824964962817573,8
1257862,9.738297634596732,12
1257875,9.736565863496644,13
1257881,9.893494271351807,6
1257897,9.650255914806854,16
1257898,9.987223664789802,1
1257914,9.636998033202175,16
1257950,9.19809460124086,36
1257964,9.70880333048273,14
1257979,9.518508432967597,15
1257998,9.637101161239782,19
1258006,9.86288450821424,8
1258007,10.0,1
1258021,9.738005742609374,14
1258035,9.70769498296052,14
1258062,9.499596014253198,27
1258086,9.469077803513613,24
1258094,9.84292185972064,8
1258108,9.383466231102704,14
1258111,9.955025047587814,3
1258114,9.963130297652855,3
1258135,9.582128886458065,21
1258177,9.237352805483996,42
1258188,9.744419097288228,11
1258189,10.0,1
1258200,9.800188528253342,11
1258201,10.0,1
1258210,9.831310480936738,9
1258223,9.429689802216057,13
1258227,9.947999522783059,4
1258252,9.398756952808931,25
1258260,9.83430781472423,8
1258261,10.0,1
1258280,9.644224459126631,19
1258287,9.878669449756757,7
1258294,9.890774265068192,7
1258295,10.0,1
1258297,9.975078163048732,2
1258298,10.0,1
1258312,9.7118730161972,14
1258329,9.660838418438825,17
1258347,9.092151234815535,18
1258357,9.820724057956896,10
1258381,9.499183638310997,24
1258394,9.657131216325809,13
1258400,9.887102864930442,6
1258411,9.752955904990335,11
1258423,9.764936004598798,12
1258433,9.7900772636096,10
1258446,9.705971865123322,13
1258449,9.965672159744056,3
1258457,9.857644742334184,8
1258462,9.899932757623446,5
1258469,9.881507707444596,7
1258479,9.807031140779337,10
1258493,9.708816212052369,14
1258498,9.90306082193085,5
1258541,9.150280213623027,43
1258546,9.921962522430094,5
1258561,9.69806091875985,15
1258573,9.725904768210675,12
1258582,9.843104916037207,9
1258599,9.606801429687465,17
1258609,9.794146632356593,10
1258610,10.0,1
1258641,9.373049770400288,31
1258653,9.747655130692154,12
1258654,10.0,1
1258660,9.889121000045591,6
1258670,9.793900198501866,10
1258688,9.650968308721776,18
1258700,9.728385909371399,12
1258701,10.0,1
1258708,9.883446034553405,7
1258714,9.89714022891315,6
1258725,9.78832983099122,11
1258739,9.73344568753596,14
1258752,9.724566131155497,13
1258757,9.921309091923641,5
1258777,9.469035648064308,20
1258778,9.996232520149523,1
1258784,9.901763774592204,6
1258794,9.802072700056566,10
1258809,9.704856122287977,15
1258821,9.713392479514992,12
1258824,9.96317980220296,3
1258849,9.390666565198353,25
1258853,9.95230932214455,4
1258868,9.694198428710344,15
1258877,9.843226413330482,9
1258890,9.765856474167634,13
1258908,9.047305382716848,18
1258926,9.636736000131021,18
1258934,9.843140449212513,8
1258935,10.0,1
1258947,9.785081998187074,12
1258948,9.99665713861411,1
1258961,9.77478055011267,13
1258965,9.939096296126277,4
1258977,9.80372430064782,12
1258978,10.0,1
1258988,9.797972508195823,10
1258994,9.896140222129123,6
1259000,9.901562425024299,6
1259001,10.0,1
1259017,9.652033459720746,16
1259030,9.725385776259179,13
1259037,9.4645296693155,7
1259039,9.97269763015869,2
1259041,9.97266486532663,2
1259071,9.433488222565735,30
1259077,9.870159662600587,6
1259086,9.851806323663936,9
1259097,9.778644607428182,11
1259103,9.907281175160428,6
1259116,9.759897541823616,13
1259117,10.0,1
1259130,9.74495344730619,13
1259131,10.0,1
1259147,9.075293113190241,16
1259171,9.477788436512439,24
1259172,10.0,1
1259175,9.961369593792949,3
1259185,9.786764333678946,10
1259189,9.936746322991613,4
1259198,9.811260358838313,9
1259203,9.91173801715389,5
1259217,9.665406025450128,14
1259235,9.636975213708489,18
1259259,9.40384715626012,24
1259260,10.0,1
1259265,9.92574500193772,5
1259311,9.169532176460404,46
1259325,9.727465183753232,14
1259340,9.70844459301604,15
1259352,9.721547479517515,12
1259359,9.882879630320351,7
1259363,9.95042244463834,4
1259375,9.409577635002504,12
1259388,9.742152394604078,13
1259403,9.653036177659166,15
1259412,9.838793180675214,9
1259450,9.35937965399195,38
1259468,9.620112515146221,18
1259479,9.799385090795042,11
1259510,9.373230992059003,31
1259511,10.0,1
1259529,9.511426030483012,18
1259538,9.814723725572861,9
1259543,9.912027383985718,5
1259572,9.487399898778339,29
1259591,9.585042994708926,19
1259600,9.825459660288814,9
1259602,9.984777256504083,2
1259622,9.540809409310805,20
1259641,9.613126333042418,19
1259652,9.80449454897982,11
1259665,9.731200548381235,13
1259673,9.855995497265331,8
1259686,9.724393983012849,13
1259711,9.468010204747566,25
1259729,9.672544494882622,18
1259739,9.834694227684924,10
1259745,9.87622877169851,6
1259756,9.769161285615596,11
1259768,9.758341519091,12
1259797,9.161299870872131,29
1259800,9.954011004277163,3
1259803,9.947847732743815,3
1259812,9.858526706408808,9
1259814,9.986104550296401,2
1259822,9.855621404054293,8
1259846,9.491835809744634,24
1259858,9.731707957438228,12
1259866,9.869218459118018,8
1259883,9.658072721097893,17
1259910,9.47642261872449,27
1259920,9.8384438083299,10
1259972,9.08052777587377,52
1259982,9.805623706856558,10
1260038,7.868185874295849,56
1260060,9.591946319383936,22
1260061,10.0,1
1260067,9.891444017159701,6
1260079,9.769769595841728,12
1260093,9.716182664410612,14
1260097,9.935417322926085,4
1260109,9.767187771993177,12
1260111,9.968677697627312,2
1260112,10.0,1
1260127,9.675516813036387,15
1260142,9.686245184060779,15
1260165,9.5445204979303,23
1260189,9.463145172053206,24
1260199,9.795896339430989,10
1260207,9.845403082791018,8
1260216,9.83489253477187,9
1260226,9.798758229065582,10
1260234,9.864057372299573,8
1260244,9.815747404946002,10
1260250,9.796729272270229,6
1260258,9.751294113412644,8
1260263,9.91164578339144,5
1260276,9.707946614880553,13
1260282,9.9000801295078,6
1260288,9.914174574383852,6
1260293,9.919200458625184,5
1260303,9.620404166133738,10
1260318,9.661149048653465,15
1260331,9.70351134259598,13
1260354,9.396656997055166,23
1260355,10.0,1
1260369,9.717755270307885,14
1260374,9.927774037858297,5
1260376,9.979075956878187,2
1260384,9.83664129409797,8
1260389,9.910263964542867,5
1260390,10.0,1
1260399,9.822652998871574,9
1260412,9.707091011782913,13
1260424,9.588535155196507,12
1260433,9.813171335856673,9
1260444,9.674139094247847,11
1260453,9.819044513991162,9
1260479,9.436138174904444,26
1260484,9.929456144389414,5
1260497,9.688261959815753,13
1260509,9.780052541746418,12
1260519,9.816550060732471,10
1260534,9.640880029814369,15
1260554,9.491328221033767,20
1260556,9.975374071868933,2
1260562,9.898157582979735,6
1260569,9.88953966648254,7
1260576,9.905435749517359,7
1260593,9.608997956040165,17
1260608,9.73979161370914,15
1260620,9.746186842184578,12
1260630,9.510534536790692,10
1260653,9.473923929620485,23
1260670,9.655955986664631,17
1260676,9.877479706404928,6
1260682,9.88264921958074,6
1260696,9.779975559537188,14
1260711,9.68341480508129,15
1260730,9.568147157579148,19
1260750,9.584465600497689,20
1260758,9.849176110158153,8
1260762,9.93925980670871,4
1260784,9.647988894665135,22
1260789,9.918142071864255,5
1260798,9.815561774932084,9
1260809,9.785758796332399,11
1260819,9.784181422433678,10
1260828,9.804859648667009,9
1260852,9.442888447532601,24
1260863,9.74743433156918,11
1260870,9.894185704475596,7
1260876,9.904412757326789,6
1260879,9.966971668684156,3
1260889,9.794956298523198,10
1260902,9.717648752756622,13
1260928,8.907792985362796,26
1260940,9.537008494510268,12
1260946,9.889958045875396,6
1260952,9.86824605304291,6
1260970,9.604168627056547,18
1260987,9.615140272134726,17
1261017,9.415195333741494,30
1261029,9.73829737537886,12
1261038,9.807288656414055,9
1261049,9.773049463633724,11
1261054,9.90773741959771,5
1261067,9.763120322151947,13
1261070,9.956320820405251,3
1261088,9.648148498307235,18
1261089,10.0,1
1261137,8.689868701722943,48
1261153,9.684129691352354,16
1261168,9.690662575246032,15
1261182,9.770164722697096,14
1261196,9.751534201617853,14
1261230,9.283854908377116,34
1261242,9.72541061015944,12
1261250,9.81702104228584,8
1261270,9.628273399601078,20
1261296,9.495953740328831,26
1261312,9.710202774119622,16
1261328,9.419930746842244,16
1261337,9.8305606779435,9
1261347,9.845090171617311,10
1261348,9.993002115241,1
1261361,9.751941918414412,13
1261362,10.0,1
1261363,10.0,1
1261392,9.42028097547115,29
1261398,9.909074169808521,6
1261415,9.632940936493846,17
1261426,9.768796679071938,11
1261448,9.514412951005845,22
1261457,9.816445518779442,9
1261458,10.0,1
1261467,9.8059128979467,9
1261470,9.960039579274909,3
1261487,9.616069902603453,17
1261488,10.0,1
1261489,10.0,1
1261500,9.768177194058078,11
1261508,9.869545254817021,8
1261515,9.891755957706847,7
1261516,9.98824784354343,1
1261539,9.418480716100467,23
1261557,9.438077098645548,18
1261575,9.619981176511546,18
1261591,9.642944154422555,16
1261610,9.371903606882487,19
1261633,9.57645894096158,23
1261634,10.0,1
1261646,9.792871144669034,12
1261654,9.86424943869621,8
1261655,10.0,1
1261661,9.8810106364865,6
1261668,9.876587847664597,7
1261686,9.588088498126112,18
1261707,8.974706852167667,21
1261712,9.912652929089273,5
1261721,9.793115720271542,9
1261735,9.70595654844659,14
1261747,9.372084539179166,12
1261761,9.719443946259481,14
1261767,9.906524464249303,6
1261775,9.864572556031892,8
1261781,9.902275047270484,6
1262281,-10.50428836594552,500
1262291,9.71517095586711,10
1262325,9.097699102785816,34
1262334,9.832069477550123,9
1262347,9.682759241268329,13
1262358,9.770144373686648,11
1262365,9.865989817168861,7
1262377,9.785262487677816,12
1262389,9.748404537564646,12
1262403,9.700389689020751,14
1262417,9.682100923278472,14
1262421,9.938134756524258,4
1262426,9.91977783178061,5
1262438,9.727660878589617,12
1262442,9.943569388518785,4
1262460,9.590696141235808,18
1262465,9.916473361736209,5
1262474,9.8061944496445,9
1262477,9.959058258815958,3
1262482,9.907338117218266,5
1262492,9.793132356879005,10
1262522,9.421590041506278,30
1262530,9.842040371990981,8
1262545,9.641568038054029,15
1262553,9.839657234666891,8
1262561,9.861077383896026,8
1262583,9.546475525518128,22
1262589,9.880669160021908,6
1262605,9.68723908352171,16
1262620,9.685158356764807,15
1262635,9.702019086447976,15
1262636,10.0,1
1262646,9.779586610471789,10
1262647,10.0,1
1262648,10.0,1
1262650,9.982442423746827,2
1262665,9.697602708841014,15
1262682,9.61637066001026,17
1262689,9.867299393765727,7
1262700,9.732351193476472,11
1262712,9.773902482944267,12
1262718,9.903959011091938,6
1262728,9.819047042344803,10
1262734,9.897093722394933,6
1262741,9.858171206668366,7
1262753,9.750161722608802,12
1262754,9.988594683733881,1
1262758,9.928757530218236,4
1262759,10.0,1
1262770,9.75643214353413,11
1262790,9.602925529002064,20
1262791,10.0,1
1262795,9.954532382928004,4
1262811,9.671274796738617,16
1262818,9.868506338442556,7
1262823,9.925797428942364,5
1262827,9.945691847841255,4
1262838,9.764557245742028,11
1262842,9.940492179431034,4
1262855,9.739869813562663,13
1262859,9.946263756868845,4
1262860,10.0,1
1262865,9.918130718856448,5
1262866,10.0,1
1262873,9.862672123135786,7
1262886,9.733269530643152,13
1262892,9.875637189112345,6
1262899,9.870469558820375,7
1262911,9.686958849013118,12
1262936,9.492484565905972,25
1262944,9.864928689297976,8
1262959,9.73678997471668,15
1262971,9.738444372130074,12
1262986,9.65102601730347,15
1262987,9.987958418835127,1
1262992,9.916194650003389,5
1263002,9.794035636567447,10
1263005,9.954353099760073,3
1263021,9.590240907384885,16
1263036,9.695789516814205,15
1263043,9.88393713022231,7
1263057,9.722222958206798,14
1263072,9.732378255451291,15
1263083,9.647330968592241,11
1263091,9.869773395456368,8
1263101,9.79707233370404,10
1263108,9.663310151222188,7
1263129,9.606800108695179,21
1263172,8.954417315010582,43
1263180,9.862251612028636,8
1263184,9.933108806234783,4
1263195,9.75664072872861,11
1263209,9.66068881385894,14
1263226,9.515537473687644,17
1263230,9.921168060514626,4
1263243,9.536373905384554,13
1263256,9.708200785698363,13
1263263,9.881968417702954,7
1263277,9.724590798833413,14
1263288,9.781815320580836,11
1263304,9.337463477960084,16
1263307,9.965604300583786,3
1263319,9.739949772448652,12
1263328,9.80634770392939,9
1263336,9.844855523443568,8
1263356,9.632324024573505,20
1263365,9.82363500430219,9
1263366,10.0,1
1263378,9.773807997136077,12
1263388,9.8000910883614,10
1263403,9.718156231739083,15
1263411,9.841883531568763,8
1263421,9.807642179541538,10
1263458,8.99051335416576,37
1263469,9.784117201194727,11
1263470,10.0,1
1263471,10.0,1
1263480,9.836721671409881,9
1263492,9.746187195517622,12
1263500,9.844206948243295,8
1263501,10.0,1
1263507,9.693808685190168,6
1263517,9.82408674337261,10
1263518,10.0,1
1263535,9.647024490194006,17
1263549,9.692502795433727,14
1263561,9.77183260645342,12
1263575,9.42156041851471,14
1263579,9.937406163697773,4
1263580,10.0,1
1263587,9.901230337716472,7
1263596,9.796145409001202,9
1263621,9.182388708719197,25
1263626,9.92062030760619,5
1263639,9.73398689947235,13
1263645,9.890918874696094,6
1263658,9.785089320199603,13
1263686,9.083206855069095,28
1263702,9.522546420368016,16
1263717,9.726852544949573,15
1263724,9.90340013731413,7
1263730,9.903906821321282,6
1263747,9.593958800530306,17
1263759,9.745762772601706,12
1263765,9.883853404564507,6
1263773,9.844446954967145,8
1263781,9.869384791616268,8
1263797,9.040240499934972,16
1263803,9.89845851903815,6
1263813,9.633594475040862,10
1263821,9.874886298204041,8
1263825,9.940097592530734,4
1263836,9.750928936545515,11
1263846,9.827315218386966,10
1264099,-1.1167683366555785,253
1264106,9.86758299222973,7
1264119,9.742025720402568,13
1264123,9.94641832849431,4
1264127,9.939124827225225,4
1264137,9.825941056806084,10
1264144,9.877815842580143,7
1264163,9.566716027562455,19
1264168,9.9122002002858,5
1264183,9.661904296707283,15
1264193,9.774982615496421,10
1264200,9.874496341461887,7
1264211,9.576043064987562,11
1264225,9.706160760578854,14
1264237,9.742444369214013,12
1264251,9.726733804510246,14
1264262,9.756195328774782,11
1264263,9.996308571122162,1
1264275,9.75032694673981,12
1264284,9.808634128779918,9
1264293,9.827342339487217,9
1264301,9.850966851046858,8
1264311,9.77504329163258,10
1264316,9.925389387660307,5
1264322,9.888104406290237,6
1264326,9.942329604742055,4
1264327,9.996521074156513,1
1264336,9.827144692669885,9
1264346,9.788051478349805,10
1264359,9.71363553074534,13
1264365,9.890696624362016,6
1264404,9.224739843882704,39
1264413,9.622820878766452,9
1264414,10.0,1
1264428,9.680843272961937,14
1264432,9.919932392355483,4
1264441,9.790426614319971,9
1264451,9.796923722197256,10
1264466,9.629854432861464,15
1264513,8.881468730742737,47
1264535,9.503332220937672,22
1264546,9.75144272545389,11
1264573,9.420523550121937,27
1264582,9.803526343042913,9
1264599,9.60200853629862,17
1264606,9.876861390280439,7
1264624,9.61687479001762,18
1264668,8.89397306454916,44
1264682,9.67843252085354,14
1264687,9.91315403868298,5
1264688,10.0,1
1264696,9.849413983417435,8
1264699,9.957348120630183,3
1264711,9.740088092776386,12
1264716,9.912930691851424,5
1264732,9.657606725085035,16
1264752,9.602416940942229,20
1264760,9.8507724782988,8
1264769,9.805423316610979,9
1264784,9.651289090522766,15
1264785,10.0,1
1264790,9.814942568225193,5
1264807,9.638107441521592,17
1264817,9.680380645459481,10
1264835,9.518534019690929,18
1264844,9.814241689392793,9
1264845,9.996492228647726,1
1264858,9.697866237407512,13
1264865,9.656145308339607,7
1264870,9.90812237662925,5
1264880,9.803995495951321,10
1264885,9.908575131530645,5
1264889,9.944988530718977,4
1264903,9.699881286792293,14
1264920,9.690823993707534,17
1264925,9.924703187910119,5
1264967,9.027258019693816,42
1264972,9.917818765508292,5
1264982,9.776727565203817,10
1264993,9.569136528338476,11
1264994,9.987931580095166,1
1265007,9.740770713250999,13
1265018,9.760074889518148,11
1265029,9.769556484762052,11
1265033,9.93122625462552,4
1265047,9.70576727975871,14
1265058,9.77400793638913,11
1265063,9.90493534417728,5
1265076,9.467809876309728,13
1265091,9.696191559533156,15
1265093,9.972318168670043,2
1265103,9.49721211390077,10
1265111,9.850912931469397,8
1265120,9.813435771148047,9
1265139,9.605178466087537,19
1265151,9.72094448517867,12
1265157,9.883787891737951,6
1265173,9.640084819097309,16
1265235,8.62017476958633,62
1265249,9.695173349992785,14
1265254,9.911235187799686,5
1265259,9.921869389364987,5
1265268,9.855898735799192,9
1265284,9.706325907424942,16
1265296,9.752225376104768,12
1265297,10.0,1
1265315,9.603116443865298,18
1265319,9.943793576732823,4
1265322,9.967144624555763,3
1265341,9.611675006662614,19
1265367,9.475896764196197,26
1265376,9.822707308593618,9
1265379,9.968548149376005,3
1265399,9.511506144661547,20
1265418,9.551189167143558,19
1265422,9.928636556371885,4
1265433,9.769258389069307,11
1265451,9.60816678612943,18
1265460,9.827255308350578,9
1265467,9.881245165441193,7
1265475,9.859178203628584,8
1265481,9.895084376943387,6
1265485,9.930832334026261,4
1265493,9.655234985969361,8
1265504,9.790772309888306,11
1265512,9.855227282912091,8
1265516,9.954268640265814,4
1265574,8.94112234887939,58
1265579,9.91340606543388,5
1265596,9.357195944011213,17
1265606,9.65881072461513,10
1265624,9.654204659298294,18
1265625,10.0,1
1265636,9.681498283739474,11
1265646,9.782908783709152,10
1265652,9.891646919652601,6
1265657,9.898479086082858,5
1265669,9.76496473103743,12
1265675,9.894265267409937,6
1265676,10.0,1
1265686,9.778748495855497,10
1265703,9.566358908430525,17
1265706,9.963024752216691,3
1265722,9.698068064623916,16
1265730,9.862730308663744,8
1265739,9.834518994264046,9
1265745,9.887665341874035,6
1265753,9.83470914157237,8
1265766,9.698987332578332,13
1265768,9.976320206587305,2
1265769,10.0,1
1265785,9.314841570215968,16
1265788,9.957315571639244,3
1265795,9.87042311585735,7
1265806,9.777172358650557,11
1265817,9.807516819402755,11
1265818,10.0,1
1265827,9.813767439864362,9
1265832,9.911322009649028,5
1265848,9.635097274948413,16
1265849,10.0,1
1265851,9.981815704037105,2
1265866,9.68514667147297,15
1265880,9.693858253955591,14
1265895,9.702728685270163,15
1265913,9.598617295683132,18
1265918,9.91417902329398,5
1265922,9.94788002137125,4
1265932,9.81795651560668,10
1265949,9.676149689623646,17
1265957,9.853579621792298,8
1265962,9.926828675748384,5
1265966,9.937190882210963,4
1265973,9.903573904141318,7
1265980,9.8547134755894,7
1265989,9.844395515897315,9
1265998,9.817566741984237,9
1265999,10.0,1
1266006,9.883925816220101,7
1266044,9.30219029050218,38
1266058,9.677493725679824,14
1266059,9.98758891679456,1
1266069,9.76979651318045,10
1266082,9.762695016639258,13
1266087,9.711354773643253,5
1266093,9.900979392325498,6
1266094,10.0,1
1266102,9.853987752921057,8
1266112,9.829385739435537,10
1266119,9.894353517526147,7
1266131,9.753813097225455,12
1266142,9.761677752325733,11
1266155,9.76687248317769,13
1266165,9.769884222553975,10
1266198,9.184506037621842,33
1266205,9.840364503230877,7
1266212,9.865976701386655,7
1266223,9.760314671742595,11
1266233,9.767840810092023,10
1266253,9.586334668893569,20
1266260,9.8663901016965,7
1266279,9.173268624725,19
1266280,10.0,1
1266290,9.784730186051572,10
1266301,9.752473002571177,11
1266306,9.907438880552561,5
1266321,9.585355298920518,15
1266330,9.807270405061908,9
1266344,9.735819251655029,14
1266349,9.914249810867439,5
1266371,9.629816936835597,22
1266389,9.363919906183394,18
1266404,9.685619940602114,15
1266415,9.7630728938655,11
1266420,9.925871934033422,5
1266427,9.886987106443236,7
1266442,9.736170742873385,15
1266460,9.617422952051975,18
1266465,9.913159783117534,5
1266473,9.840626871531848,8
1266491,9.66462589047312,18
1266508,9.678213220397796,17
1266547,9.231468058398118,39
1266552,9.913148407445256,5
1266570,9.661765881539683,18
1266573,9.951192237685847,3
1266582,9.845994262179072,9
1266599,9.640455994123625,17
1266600,9.996362432077577,1
1266613,9.699452196917715,13
1266637,8.893040127704207,24
1266640,9.956265046836476,3
1266647,9.901585941300345,7
1266657,9.784714042231274,10
1266667,9.813688273126601,10
1266673,9.868569888363707,6
1266688,9.745214495168074,15
1266698,9.788695924897187,10
1266811,-8.672714750534947,113
1266822,9.77879658908828,11
1266837,9.629839286032952,15
1266841,9.939553660567755,4
1266852,9.75004445109003,11
1266870,9.560403954611296,18
1266871,10.0,1
1266872,9.988893674380634,1
1266890,9.53609593238588,18
1266908,9.616529533683375,18
1266925,9.646012037397037,17
1266926,9.988771087833967,1
1266938,9.729916825993824,12
1266947,9.823381241793104,9
1266953,9.89548252145862,6
1266968,9.652320420223885,15
1266982,9.72171637626051,14
1266989,9.880187703908502,7
1267002,9.720666768758601,13
1267003,10.0,1
1267014,9.792217650178456,11
1267031,9.690667787134728,17
1267044,9.784350446250823,13
1267060,9.671846057461334,16
1267152,8.01460894626733,92
1267157,9.911041697350285,5
1267164,9.864836855276312,7
1267175,9.79181135109531,11
1267626,-0.14090525695247358,451
1267633,9.883162288826199,7
1267653,9.603382707910619,20
1267658,9.921370023852202,5
1267668,9.8080386151097,10
1267675,9.870838897788895,7
1267679,9.92335627718527,4
1267680,10.0,1
1267684,9.948053000167723,4
1267690,9.893275338418292,6
1267706,9.503161214179757,16
1267755,9.099901751257597,49
1267766,9.781754210860601,11
1267835,8.73862231761902,69
1267842,9.891738504167673,7
1267866,9.455361247140413,24
1267882,9.665488007592064,16
1267883,10.0,1
1267906,9.534201972109775,23
1267914,9.834089896226377,8
1267927,9.75604439758253,13
1267950,9.525056784552817,23
1267962,9.751734066120717,12
1267977,9.677480756035553,15
1267981,9.937587711498502,4
1267999,9.45795901839765,18
1268009,9.831888065910713,10
1268028,9.485751890247608,19
1268041,9.75522707260107,13
1268059,9.606021707802665,18
1268072,9.769931878633718,13
1268086,9.727924934809797,14
1268103,9.6799700695802,17
1268124,9.54115223301451,21
1268143,9.532469567040987,19
1268144,10.0,1
1268165,7.687633608260292,21
1268173,9.827548798909945,8
1268174,10.0,1
1268191,9.66177746733243,17
1268201,9.823000321337716,10
1268233,9.119019572825772,32
1268234,9.996054538113961,1
1268235,10.0,1
1268242,9.867420733215875,7
1268255,9.711480272854697,13
1268256,10.0,1
1268257,9.99649943524124,1
1268268,9.769271484081662,11
1268280,9.732160891283215,12
1268281,9.987759305036816,1
1268290,9.797490094133394,9
1268296,9.889158417827849,6
1268307,9.755988629147419,11
1268332,9.435548445650936,25
1268341,9.826070309229417,9
1268349,9.854300207239602,8
1268390,9.149174767385686,41
1268395,9.9086891738711,5
1268406,9.743433406014145,11
1268422,9.329961757047087,16
1268433,9.78391577353641,11
1268445,9.752316112469048,12
1268453,9.838578671224202,8
1268468,9.61312356089907,15
1268493,9.337118372721768,25
1268506,9.739067427413072,13
1268516,9.789020328133464,10
1268526,9.686659044566264,10
1268540,9.737593491850085,14
1268557,9.433859752280732,17
1268561,9.935946149588498,4
1268573,9.749252344946964,12
1268578,9.906631857916313,5
1268588,9.798765927821469,10
1268594,9.90212642945399,6
1268613,9.56772083568477,19
1268637,9.395796914196861,24
1268647,9.767961207877562,10
1268655,9.831346335394548,8
1268662,9.880059661377533,7
1268677,9.687709512966661,15
1268692,9.6645760074414,15
1268705,9.690214671515347,13
1268750,9.122733266989535,45
1268754,9.937706020033502,4
1268765,9.743623332139238,11
1268766,9.993188568084998,1
1268773,9.893942834370769,7
1268786,9.710072203353723,13
1268797,9.793910134962752,11
1268804,9.876215471796712,7
1268809,9.919007004771943,5
1268834,9.451839954625942,25
1268845,9.764912170831174,11
1268859,9.682550723200542,14
1268868,9.80787511777807,9
1268890,8.217972548892003,22
1268898,9.883566435648348,8
1268913,9.691467368206757,15
1268920,9.883532553919313,7
1268928,9.845739153294895,8
1268946,9.61006728332044,18
1268953,9.889700487269312,7
1268966,9.759782152814077,13
1268969,9.96780453999009,3
1268980,9.763938035314744,11
1268999,9.578119517686693,19
1269003,9.937699799754299,4
1269010,9.865355655898886,7
1269041,9.229078564334593,31
1269042,10.0,1
1269054,9.75497031582306,12
1269055,9.996393622710144,1
1269061,9.898645570181555,6
1269078,9.65250108005089,17
1269084,9.891566267631536,6
1269085,10.0,1
1269092,9.863527007423071,7
1269102,9.813936159174698,10
1269117,9.671272198619073,15
1269127,9.783181095143213,10
1269140,9.761231156553386,13
1269141,10.0,1
1269153,9.508377920774798,12
1269166,9.703878275345485,13
1269178,9.76619026954172,12
1269193,9.69467817912568,15
1269223,9.395434449474532,30
1269233,9.791579721899348,10
1269240,9.871254071954205,7
1269241,10.0,1
1269251,9.827106635742783,10
1269258,9.86863783218385,7
1269265,9.88296986153738,7
1269275,9.793414226676104,10
1269282,9.868889836689538,7
1269287,9.927094564250233,5
1269292,9.922283687981727,5
1269304,9.705190804563093,12
1269316,9.757773910393466,12
1269317,10.0,1
1269330,9.677902458874637,13
1269344,9.700067830255733,14
1269356,9.78288942814583,12
1269362,9.896868824421098,6
1269366,9.94375721296747,4
1269368,9.972620114971226,2
1269382,9.68341699279523,14
1269392,9.79911611986536,10
1269403,9.805875572628175,11
1269413,9.78169155258763,10
1269423,9.784795878265944,10
1269439,9.382175735488152,16
1269440,10.0,1
1269448,9.870916847235911,8
1269459,9.737693635569993,11
1269471,9.742714992927986,12
1269477,9.898974440362341,6
1269482,9.929089247354485,5
1269489,9.857207332985258,7
1269504,9.46886072080549,15
1269505,10.0,1
1269517,9.790599945981038,12
1269530,9.697016807825788,13
1269531,9.991891511957919,1
1269541,9.807354629009948,10
1269562,9.644641116183953,21
1269564,9.971555222346622,2
1269582,9.63352939042294,18
1269591,9.840671324721136,9
1269605,9.689341385118533,14
1269614,9.817353508219504,9
1269625,9.757654135012565,11
1269637,9.615923630649181,12
1269644,9.879958861733513,7
1269645,10.0,1
1269654,9.823386852760285,9
1269668,9.643099236286576,14
1269678,9.791959203983067,10
1269684,9.891098190311087,6
1269698,9.77843046614117,14
1269713,9.716213349485,15
1269741,9.393911898070765,28
1269759,9.64348852102888,18
1269768,9.849505229034339,9
1269775,9.85690453180195,7
1269784,9.824386503354056,9
1269804,9.527918397091314,20
1269811,9.865809466032855,7
1269815,9.93322016129992,4
1269836,9.599299794215314,21
1269851,9.665401227299135,15
1269866,9.657707354924613,15
1269867,10.0,1
1269873,9.88527138728393,6
1269874,9.991730387307497,1
1269891,9.450714379325662,17
1269914,9.443961807018633,23
1269921,9.860847394093678,7
1269941,9.611720922231758,20
1269953,9.744579706970859,12
1269978,9.419671197488892,25
1269990,9.72074378582015,12
1270006,9.664475292680718,16
1270008,9.966708067470371,2
1270011,9.959512870969952,3
1270026,9.648335943003978,15
1270027,10.0,1
1270035,9.82135862427032,8
1270048,9.696660072019073,13
1270059,9.746138096035262,11
1270069,9.689861642824395,10
1270074,9.92230471151637,5
1270088,9.696415156603244,14
1270107,9.563290786025158,19
1270116,9.811848609860762,9
1270122,9.895379182268623,6
1270123,10.0,1
1270135,9.675099578288387,12
1270151,9.647449239331284,16
1270158,9.864632666349447,7
1270159,10.0,1
1270171,9.764793652296879,12
1270172,10.0,1
1270173,10.0,1
1270176,9.953105698143936,3
1270182,9.900489991889762,6
1270191,9.843620545619707,9
1270192,10.0,1
1270208,9.617009492789624,16
1270211,9.967594831965624,3
1270220,9.805695784629021,9
1270226,9.904219861761536,6
1270232,9.8949743691992,6
1270233,10.0,1
1270247,9.664690571282291,14
1270251,9.940003290246075,4
1270260,9.831343890644163,9
1270264,9.95278644387872,4
1270285,9.448468912661127,21
1270292,9.883348013797002,7
1270295,9.958622019485103,3
1270312,9.611199652643775,17
1270317,9.912862609665742,5
1270337,9.596611015499231,20
1270357,9.520846934910233,20
1270369,9.698096729435877,12
1270383,9.680379124133417,14
1270399,9.611901029307774,16
1270417,9.609958356575708,18
1270424,9.840144895158359,7
1270435,9.811748347553879,11
1270437,9.976414430297485,2
1270443,9.898739172593789,6
1270457,9.655637535405345,14
1270467,9.810172619194539,10
1270483,9.688477200949992,16
1270484,10.0,1
1270497,9.752026391519278,13
1270528,9.403886881537801,31
1270540,9.784673890327081,12
1270552,9.678486595399884,12
1270563,9.75839953488761,11
1270571,9.831407088182019,8
1270579,9.868961047668726,8
1270587,9.853637316979512,8
1270599,9.731737765527376,12
1270604,9.912872421552628,5
1270610,9.905939391412264,6
1270613,9.958120280820287,3
1270624,9.805946529202526,11
1270627,9.960816550048053,3
1270644,9.616802736623,17
1270662,9.554455047275042,18
1270668,9.874158709893173,6
1270677,9.818025365679771,9
1270691,9.680064007228168,14
1270700,9.81634258863709,9
1270713,9.64429354030877,13
1270724,9.784941994370561,11
1270730,9.810342173713861,6
1270733,9.958704300602841,3
1270734,10.0,1
1270751,9.304879195683826,17
1270786,9.352138187246432,35
1270805,9.6189707433173,19
1270814,9.852262817350155,9
1270840,9.39363535799435,26
1270853,9.678640473368167,13
1270860,9.877415433124796,7
1270881,9.504065859669593,21
1270890,9.826739408582498,9
1270900,9.82767459954274,10
1270913,9.728412489275255,13
1270917,9.943118737887994,4
1270925,9.816643358387394,8
1270935,9.731686680375086,10
1270948,9.714970336205688,13
1270982,9.277606340993193,34
1270999,9.684482548407438,17
1271016,9.623723783107609,17
1271028,9.592895828054552,12
1271036,9.819125674000885,8
1271041,9.921875082457499,5
1271064,6.034728238946958,23
1271073,9.835062686640564,9
1271076,9.95366179364599,3
1271087,9.76903032817021,11
1271099,9.732831065997624,12
1271105,9.89338342164238,6
1271122,9.677139135869766,17
1271131,9.845194126014693,9
1271135,9.938221563582484,4
1271144,9.831763391687057,9
1271151,9.86842314769615,7
1271162,9.74637056195218,11
1271174,9.274752308502388,12
1271182,9.83700850286115,8
1271190,9.84023128869748,8
1271206,9.59161166040206,16
1271211,9.936144520235388,5
1271213,9.969128423371615,2
1271231,9.29827973121937,18
1271247,9.64819294038073,16
1271254,9.857175203457546,7
1271279,9.511869883130304,25
1271284,9.933175565701479,5
1271295,9.778237301239715,11
1271311,9.62979417742389,16
1271322,9.646600161967758,11
1271329,9.868148028235884,7
1271352,9.62394426123086,23
1271355,9.960787816486453,3
1271361,9.894767524612936,6
1271375,9.708709732764076,14
1271392,9.648873929521752,17
1271393,10.0,1
1271404,9.776606419126022,11
1271412,9.869224489483399,8
1271413,10.0,1
1271429,9.688824088962528,16
1271444,9.641643046648456,15
1271459,9.675373565558557,15
1271475,9.653077079901408,16
1271476,10.0,1
1271491,9.708193935829815,15
1271495,9.94169943061712,4
1271515,9.533074653495879,20
1271523,9.875004701805867,8
1271539,9.62918523826627,16
1271548,9.82906846533433,9
1271560,9.74224069256851,12
1271570,9.800134153820968,10
1271574,9.944027798087724,4
1271575,10.0,1
1271595,9.581814550921353,20
1271611,9.72214770029532,16
1271628,9.691119900031246,17
1271641,9.74161111764667,13
1271648,9.867663343570218,7
1271654,9.870769566355992,6
1271665,9.777840345072649,11
1271667,9.973110870653807,2
1271673,9.90535128740206,6
1271677,9.946017367156468,4
1271683,9.901226505599956,6
1271696,9.715530051983926,13
1271720,9.098639759156523,24
1271721,9.992551120144338,1
1271728,9.88738143121632,7
1271739,9.788793509333104,11
1271740,10.0,1
1271751,9.791675834179557,11
1271758,9.860442944747088,7
1271759,10.0,1
1271765,9.877949567774664,6
1271777,9.560236017346714,12
1271782,9.925028006001583,5
1271788,9.902066188174466,6
1271803,9.681337853084873,15
1271806,9.964556854338012,3
1271810,9.94255862907742,4
1271818,9.84329477621603,8
1271819,9.996872807006827,1
1271825,9.89557325609727,6
1271836,9.806268152011816,11
1271844,9.831581261092701,8
1271860,9.69012680408213,16
1271869,9.82894409505156,9
1271879,9.803164194498356,10
1271887,9.842782640131704,8
1271900,9.757466829104015,13
1271921,9.608748721488634,21
1271929,9.868030278438338,8
1271942,9.615159976901076,13
1271946,9.931143126159922,4
1271960,9.747946437743733,14
1271961,10.0,1
1271971,9.79964909285651,10
1271975,9.946042642296963,4
1271976,10.0,1
1271992,9.61351102891867,16
1271998,9.797697400258793,6
1271999,9.987815550418292,1
1272009,9.593009986035861,10
1272065,8.910698796824368,56
1272068,9.951153993682647,3
1272087,9.60608387969501,19
1272089,9.972019174218053,2
1272090,9.996312907420323,1
1272102,9.724034523850753,12
1272106,9.930749891896724,4
1272117,9.60033949448353,11
1272121,9.937901558566002,4
1272145,9.53456019362758,24
1272146,10.0,1
1272151,9.919678618585078,5
1272160,9.7937085709228,9
1272175,9.65149568920734,15
1272178,9.951682074165692,3
1272196,9.623079441874069,18
1272199,9.95473520290776,3
1272208,9.799104166066098,9
1272225,9.611128199750286,17
1272267,9.19040195801335,42
1272275,9.586320634163545,8
1272276,10.0,1
1272284,9.845567417949672,8
1272302,9.199032145728172,18
1272307,9.921505391959304,5
1272315,9.839772536572255,8
1272329,9.667807370173119,14
1272337,9.85705502201877,8
1272348,9.74863124863886,11
1272349,10.0,1
1272366,9.60440193155473,17
1272378,9.705866357591866,12
1272401,9.495708195765342,23
1272417,9.663932679508699,16
1272433,9.551691485193677,16
1272449,9.666488245907338,16
1272460,9.79813951556013,11
1272461,10.0,1
1272469,9.847087413573885,8
1272477,9.661637603518281,8
1272500,9.49746231443984,23
1272508,9.86936886897258,8
1272555,9.161363460145823,47
1272561,9.910072944100941,6
1272577,9.657030133308123,16
1272591,9.707948213581622,14
1272599,9.817312189485257,8
1272603,9.922006534605893,4
1272604,10.0,1
1272614,9.817685307141886,10
1272637,9.516381857207186,23
1272644,9.869544772949116,7
1272653,9.800866342599736,9
1272668,9.717940206361162,15
1272687,9.616859542729223,19
1272696,9.831547659510747,9
1272712,9.6034973914403,16
1272726,9.73891306774944,14
1272736,9.583385007047031,10
1272746,9.792331957484615,10
1272753,9.852881418306673,7
1272760,9.873773797264601,7
1272769,9.612133028270861,9
1272770,10.0,1
1272780,9.807853581819217,10
1272827,8.843486750950865,47
1272838,9.69661627403843,11
1272853,9.722352472456839,15
1272867,9.753472811553253,14
1272868,10.0,1
1272881,9.729220229414091,13
1272882,10.0,1
1272888,9.908333003630005,6
1272897,9.842307580723997,9
1272906,9.801649515012274,9
1272927,9.521836564326364,21
1273236,3.636112269274875,309
1273248,9.793460639932126,12
1273253,9.913737259699932,5
1273267,9.723060013238724,14
1273271,9.9376747215788,4
1273280,9.835322992678181,9
1273298,9.636790085197026,18
1273311,9.799126037121388,13
1273336,9.529079994037762,25
1273340,9.937587198057921,4
1273347,9.873213651854188,7
1273348,10.0,1
1273358,9.81795220137306,10
1273361,9.960849842779714,3
1273379,9.534093783686911,18
1273397,9.665851429925818,18
1273403,9.903855002037727,6
1273412,9.82297156293923,9
1273414,9.974162536820243,2
1273431,9.670625736047628,17
1273432,10.0,1
1273439,9.889832992370174,7
1273443,9.837856434027849,4
1273450,9.869111320014204,7
1273461,9.813517041852236,11
1273482,9.581554203982702,21
1273485,9.954449911415505,3
1273501,9.638406475642345,16
1273520,9.62871168535616,19
1273584,8.744915918984093,64
1273602,9.616673315859678,18
1273620,9.487776095222038,18
1273635,9.695728527112651,15
1273645,9.769971038359344,10
1273654,9.817819736418048,9
1273661,9.887869025078075,7
1273672,9.761437263220529,11
1273675,9.958962617572425,3
1273694,9.611291015981731,19
1273698,9.933551156246823,4
1273713,9.694147877218146,15
1273728,9.711118912697275,15
1273735,9.863639184516941,7
1273740,9.913599388396996,5
1273744,9.93803244154757,4
1273755,9.765261263710965,11
1273774,9.588403336435826,19
1273782,9.831851862567687,8
1273796,9.67574053188179,14
1273810,9.71628923978448,14
1273821,9.794892355150301,11
1273835,9.683817739475034,14
1273846,9.760452842911747,11
1273851,9.920648521766037,5
1273859,9.83570010709824,8
1273862,9.957644765321083,3
1273873,9.784652217565387,11
1273881,9.826815120050234,8
1273894,9.727403763593264,13
1273909,9.767209369613365,15
1273918,9.823848183878749,9
1273935,9.674067705860011,17
1273951,9.632674441343308,16
1273959,9.876317796858778,8
1273966,9.881476491804769,7
1273972,9.886400161104845,6
1273987,9.70621317317555,15
1274005,9.580176427788382,18
1274035,9.419943889592579,30
1274045,9.79837696591906,10
1274065,9.467193888664793,20
1274083,9.547255575734559,18
1274093,9.782162291351593,10
1274107,9.710908203124506,14
1274115,9.837593021055516,8
1274119,9.946284920139728,4
1274130,9.804886720280532,11
1274148,9.60296962355934,18
1274156,9.84061723188471,8
1274170,9.314039841479115,14
1274187,9.45413742084362,17
1274199,9.719557895653766,12
1274203,9.943091519043048,4
1274213,9.808424350694885,10
1274214,9.996764794575245,1
1274238,9.526097348470097,24
1274683,0.4860304646636884,445
1274684,10.0,1
1274689,9.925317403612,5
1274696,9.866620601885213,7
1274707,9.75958497790319,11
1274718,9.80890751155625,11
1274731,9.735868933563602,13
1274751,5.6439342611628796,20
1274760,9.801740485595593,9
1274765,9.911989902769962,5
1274766,10.0,1
1274770,9.942378024141773,4
1274772,9.97184109691596,2
1274790,9.52113500325002,18
1274801,9.781452543173739,11
1274808,9.86150589743344,7
1274816,9.87119315515849,8
1274822,9.891764414257128,6
1274837,9.676527993950273,15
1274853,9.68798331357845,16
1274913,8.873002821391193,60
1274919,9.912782767635894,6
1274920,9.988050167622728,1
1274938,9.586174054234235,18
1274941,9.956009187485733,3
1274942,10.0,1
1274949,9.861934976502564,7
1274966,9.58958139233397,17
1274974,9.852846067516987,8
1274982,9.864818248299196,8
1274983,10.0,1
1274991,9.759838588046424,8
1275006,9.709808700456163,15
1275008,9.973249923328579,2
1275011,9.948170723768003,3
1275024,9.743478965279182,13
1275026,9.982350394666634,2
1275036,9.793476903432602,10
1275039,9.961383923185432,3
1275045,9.913840873997577,6
1275072,7.49232563362683,27
1275073,10.0,1
1275080,9.873151876251933,7
1275082,9.980085599059244,2
1275091,9.856382684543233,9
1275104,9.738753309614054,13
1275122,9.6240323906941,18
1275132,9.740755378340102,10
1275141,9.81809789611556,9
1275142,10.0,1
1275156,9.675847869506564,14
1275161,9.909062226956033,5
1275196,9.281903953039624,35
1275206,9.781343452059009,10
1275221,9.70641051552674,15
1275228,9.863786881820964,7
1275233,9.732541145824277,5
1275252,9.637815801758068,19
1275264,9.76743493172717,12
1275276,9.748112046912066,12
1275279,9.962633653923325,3
1275288,9.830012135190724,9
1275620,2.845797568924863,332
1275644,9.240466956335977,24
1275661,9.586290078536178,17
1275666,9.930136299507847,5
1275676,9.830780519554924,10
1275678,9.984164422011018,2
1275686,9.860210045360715,8
1275692,9.883703146725834,6
1275696,9.936057394369389,4
1275701,9.909107794320686,5
1275714,9.713044136542582,13
1275726,9.77472858887364,12
1275730,9.937039771079418,4
1275731,9.989499720225357,1
1275742,9.76568582898844,11
1275752,9.776171752627938,10
1275763,9.779915459622636,11
1275776,9.771779363437133,13
1275789,9.711709363468968,13
1275796,9.878848530752657,7
1275807,9.800010325314043,11
1275808,10.0,1
1275809,10.0,1
1275816,9.858389657651891,7
1275830,9.747688450962253,14
1275844,9.694241932151542,14
1275865,9.59938697733479,21
1275877,9.71735694006043,12
1275879,9.974731951842525,2
1275898,9.62854687416646,19
1275908,9.809514073290266,10
1275916,9.84664146640851,8
1275924,9.871877203116211,8
1275935,9.794063348178916,11
1275947,9.704269540880416,12
1275957,9.803203542455542,10
1275969,9.80669507489319,12
1275975,9.913972123990064,6
1275999,8.794976621249825,24
1276011,9.760483168862486,12
1276024,9.683769764220854,13
1276032,9.853380482193627,8
1276040,9.832501807515877,8
1276049,9.834009993317629,9
1276096,6.054265186963077,47
1276119,9.45092368514298,23
1276135,9.669676427467516,16
1276155,9.4704451710487,20
1276161,9.899072389326992,6
1276183,9.549599696764364,22
1276184,10.0,1
1276191,9.862852105883972,7
1276201,9.81003058025458,10
1276213,9.75658550269233,12
1276229,9.697871989580184,16
1276244,9.656874509054878,15
1276258,9.705914997043644,14
1276269,9.779692649040232,11
1276292,9.509128916983524,23
1276330,9.311529933434038,38
1276332,9.978195550931842,2
1276340,9.847869855482687,8
1276348,9.863617547856323,8
1276354,9.873719737283544,6
1276376,9.57634972038958,22
1276384,9.836811259614581,8
1276393,9.81899465722241,9
1276411,8.871116277100768,18
1276421,9.796001604387731,10
1276429,9.875909059619847,8
1276436,9.892343554793692,7
1276451,9.730310495602009,15
1276460,9.821979228025898,9
1276478,9.6160281009353,18
1276479,9.996427833278718,1
1276487,9.84639122861483,8
1276495,9.829291129810265,8
1276500,9.91012997816058,5
1276510,9.768837966528757,10
1276514,9.937935554080612,4
1276522,9.821615421830778,8
1276535,9.727937961622535,13
1276538,9.96301754700242,3
1276552,9.677494448395256,14
1276568,9.676650913114754,16
1276578,9.788949094918486,10
1276586,9.861688041165996,8
1276598,9.585097225085239,12
1276599,10.0,1
1276603,9.946056901527786,4
1276611,9.852557033470127,8
1276617,9.892777735946016,6
1276630,9.757881893205397,13
1276640,9.760484603185846,10
1276661,9.379504387580724,21
1276676,9.478199200757086,15
1276686,9.703254639817093,10
1276703,9.544366730068482,17
1276714,9.738552919572033,11
1276722,9.87645078420902,8
1276739,9.56822027543003,17
1276745,9.898809912576253,6
1276755,9.793356886514319,10
1276768,9.73572346343191,13
1276791,9.578102447685154,23
1276792,10.0,1
1276808,9.690581139105536,16
1276825,9.594692424088082,17
1276838,9.723142772891297,13
1276851,9.72173142977732,13
1276856,9.928373138727414,5
1276864,9.876543941225835,8
1276879,9.660253881285875,15
1276903,9.373584985106012,24
1276917,9.711386624480722,14
1276922,9.928748307351288,5
1276931,9.822984797994232,9
1276942,9.827223458029431,11
1276964,9.642693327716227,22
1276965,10.0,1
1276977,9.763458154637686,12
1276979,9.987399400090226,2
1277019,9.06782461512144,40
1277034,9.693762058081568,15
1277050,9.081866199119068,16
1277063,9.688993344463867,13
1277066,9.971917063838758,3
1277070,9.932380513126576,4
1277071,10.0,1
1277126,0.9968326643356917,55
1277140,9.752682420062573,14
1277148,9.830002550678971,8
1277158,9.790255077668252,10
1277170,9.727670138469133,12
1277180,9.573778301090895,10
1277194,9.697331102305268,14
1277214,9.466799894793743,20
1277216,9.979855840568806,2
1277219,9.9578776528211,3
1277223,9.923217413868638,4
1277237,9.685397129901578,14
1277244,9.870752023216298,7
1277252,9.855176336061696,8
1277263,9.756570942589672,11
1277299,9.376587817227207,36
1277311,9.720679208244963,12
1277317,9.904448246098259,6
1277326,9.829187867110376,9
1277329,9.957199845565874,3
1277335,9.890113840956296,6
1277347,9.723779233748054,12
1277349,9.975117289469866,2
1277356,9.899330255169353,7
1277367,9.284092831783896,11
1277378,9.771774378769978,11
1277403,9.53241737158286,25
1277409,9.912463865304971,6
1277427,9.619508505179049,18
1277440,9.721052237010927,13
1277441,10.0,1
1277446,9.928628661867483,5
1277463,9.742376663429845,17
1277476,9.706177290881161,13
1277480,9.945142707862042,4
1277488,9.850443083909667,8
1277505,9.642872239814706,17
1277510,9.913188732845743,5
1277520,9.784653761626878,10
1277527,9.902435247656559,7
1277549,9.569537478548845,22
1277551,9.971844319537745,2
1277560,9.813859896899814,9
1277574,9.683957752647018,14
1277589,9.742070306497146,15
1277598,9.821224723453437,9
1277602,9.944441297083962,4
1277604,9.974808881422797,2
1277610,9.905362319962583,6
1277617,9.866543859773387,7
1277636,9.614849995796245,19
1277637,10.0,1
1277645,9.861890361169822,8
1277660,9.660714974479095,15
1277666,9.890014415055832,6
1277667,10.0,1
1277704,9.290229059271851,37
1277726,9.484673820254647,22
1277739,9.776353586300344,13
1277749,9.822699193088075,10
1277759,9.79733686894975,10
1277760,9.995973340430739,1
1277768,9.872318074555134,8
1277777,9.842448443024892,9
1277791,9.75010862438878,14
1277796,9.91364031924751,5
1277797,10.0,1
1277815,9.548706319334585,18
1277823,9.8439067750824,8
1277828,9.92433043936393,5
1277829,10.0,1
1277844,9.642447139306295,15
1277853,9.833973878117424,9
1277862,9.847484751617728,9
1277868,9.889736892370065,6
1277891,9.324677640777967,23
1277908,9.591162282953908,17
1277915,9.85698638598981,7
1277921,9.897133608525747,6
1277933,9.723221686400105,12
1277935,9.981886819681334,2
1277936,10.0,1
1277955,9.560190500447089,19
1277970,9.698880333926438,15
1277976,9.902437917107815,6
1277988,9.736681604967062,12
1277991,9.950957489702262,3
1277999,9.866279137900856,8
1278018,9.6048643443942,19
1278025,9.872636955096716,7
1278026,10.0,1
1278039,9.718365991468351,13
1278048,9.816609410145315,9
1278054,9.894938924174529,6
1278058,9.94270336762164,4
1278147,8.240519922989568,89
1278153,9.880875289381922,6
1278168,9.73185634936022,15
1278169,10.0,1
1278180,9.804753400707252,11
1278191,9.785480808638834,11
1278208,9.731451955192108,17
1278213,9.917586878887105,5
1278224,9.827300263552457,11
1278235,9.749849019343113,11
1278274,8.723558454159546,39
1278279,9.928292901557452,5
1278285,9.887673259765275,6
1278328,3.7445232507987294,43
1278339,9.795177012970669,11
1278366,9.361963775829242,27
1278375,9.81895324927694,9
1278387,9.725242892405241,12
1278400,9.692068011240616,13
1278481,-17.63413554090772,81
1278513,9.340337665122142,32
1278528,9.343667468808395,15
1278547,9.58930671882656,19
1278552,9.928899633833302,5
1278568,9.670734405541932,16
1278584,9.650359066448384,16
1278585,10.0,1
1278599,9.70787811780166,14
1278612,9.787065800563298,13
1278629,9.623603906738438,17
1278638,9.849793275613552,9
1278649,9.767953899011841,11
1278650,10.0,1
1278654,9.941454733398981,4
1278668,9.707548605176664,14
1278681,9.770996303216444,13
1278683,9.978970276636948,2
1278692,9.812427604473692,9
1278703,9.774741926348849,11
1278706,9.96190070748205,3
1278713,9.894398490517146,7
1278726,9.745783740841222,13
1278738,9.757106674228297,12
1278747,9.83034067382651,9
1278757,9.841044498704477,10
1278767,9.802820269226306,10
1278790,9.441415441472857,23
1278807,9.609537952482595,17
1278815,9.851207965270227,8
1278822,9.869731492049134,7
1278825,9.969812974605672,3
1278839,9.739589938469418,14
1278848,9.818339962690496,9
1278852,9.933054003065646,4
1278869,9.518982158706017,17
1278879,9.829966181109427,10
1278883,9.941970197865599,4
1278890,9.868098204244871,7
1278897,9.880202820489016,7
1278903,9.878909350989726,6
1278914,9.800017000393238,11
1278944,9.374073012514568,30
1278957,9.550858594310723,13
1278971,9.73914039305675,14
1278977,9.705351790838247,6
1279008,9.027179626508145,31
1279010,9.98413451969417,2
1279015,9.920439957270768,5
1279028,9.725591787447222,13
1279036,9.850738904954538,8
1279061,9.482838164947088,25
1279067,9.906372424844594,6
1279079,9.754278452246481,12
1279080,10.0,1
1279091,9.800206921630723,11
1279103,9.737654901257752,12
1279115,9.743274577707433,12
1279121,9.8889857513084,6
1279142,9.528748448536861,21
1279148,9.896205321055934,6
1279163,9.64898987995752,15
1279178,9.67803926015314,15
1279179,10.0,1
1279193,9.712820018124196,14
1279207,9.719606560560592,14
1279220,9.685715744676068,13
1279227,9.875007859415348,7
1279234,9.883744293908956,7
1279267,9.218333836854951,33
1279282,9.739793137172029,15
1279296,9.761579772645717,14
1279339,9.03601261498761,43
1279340,9.988926374547635,1
1279840,-15.177576540341946,500
1279841,10.0,1
1280341,-17.382945833214283,500
1280841,-18.149126498582625,500
1281341,-18.33082939590179,500
1281361,9.668653687539107,20
1281363,9.98725948738257,2
1281863,-161.4367846472084,500
1282363,-15.496889378724838,500
1282863,-34.70119518571617,500
1283363,-33.5411974659879,500
1283863,-110.68699956009343,500
1283883,9.657571295877144,20
1284383,-14.47383979751059,500
1284883,-35.997746472723506,500
1285383,-64.17221766165349,500
1285883,-218.97267039609943,500
1285894,9.773927310842485,11
1285895,10.0,1
1285908,9.7366287192678,13
1285910,9.982355091068529,2
1285976,8.133418654958177,66
1285992,9.618707561188904,16
1286003,9.767887148005569,11
1286009,9.89665323163081,6
1286020,9.720834664415452,11
1286032,9.769897776438153,12
1286038,9.895345152392803,6
1286046,9.85264899788265,8
1286059,9.507763113850302,13
1286061,9.985245889641444,2
1286072,9.79330127888789,11
1286081,9.786895422152119,9
1286084,9.956454435986306,3
1286087,9.962712274319474,3
1286097,9.812829651738049,10
1286098,10.0,1
1286110,9.72055273295803,12
1286136,9.377651599871587,26
1286147,9.820724513724741,11
1286159,9.728456676899206,12
1286175,9.712875603722713,16
1286187,9.743667189612138,12
1286194,9.873293633679324,7
1286199,9.904491962570354,5
1286202,9.947744521773494,3
1286212,9.805315102098147,10
1286220,9.844942208554832,8
1286230,9.813642930295597,10
1286244,9.772019441409368,14
1286249,9.93818091892384,5
1286259,9.80468175923118,10
1286273,9.677992786632418,14
1286287,9.737856595215664,14
1286295,9.861085615031346,8
1286309,9.705598261515837,14
1286320,9.763092346011787,11
1286334,9.699770840615122,14
1286359,9.484245424112023,25
1286371,9.730436909157817,12
1286382,9.764358561082638,11
1286383,10.0,1
1286393,9.803845844447908,10
1286400,9.88603010696895,7
1286409,9.818114890926447,9
1286412,9.961976350824926,3
1286419,9.886198031327703,7
1286432,9.697345536178192,13
1286445,9.675713441292839,13
1286460,9.682471822052651,15
1286470,9.823928696816674,10
1286483,9.713329850864573,13
1286493,9.735373035570705,10
1286494,9.995914373777731,1
1286506,9.793445827063993,12
1286520,9.674001211988514,14
1286607,8.249788998250288,87
1286608,10.0,1
1286612,9.927624002656573,4
1286617,9.907717502186575,5
1286626,9.797055702128862,9
1286636,9.767580419619442,10
1286650,9.67691287358006,14
1286665,9.640786672956283,15
1286684,9.527050678207027,19
1286685,10.0,1
1286686,10.0,1
1286699,9.73005823915103,13
1286730,9.278430082520483,31
1286736,9.881351308552885,6
1286737,10.0,1
1286748,9.800255714928563,11
1286751,9.961653673513961,3
1286756,9.899403848041898,5
1286767,9.829172893563362,11
1286774,9.854457457573552,7
1286780,9.602459044644572,6
1286790,9.75858786330314,10
1286802,9.76732991436809,12
1286814,9.74161752843674,12
1286816,9.976540493405098,2
1286849,9.189633437427776,33
1286881,8.925233642938325,32
1286891,9.804640022775487,10
1286904,9.742189248248227,13
1286917,9.753989735697253,13
1286918,10.0,1
1286926,9.857103262640901,8
1286939,9.703790783496846,13
1286957,9.610807956714213,18
1286964,9.886677324594462,7
1286970,9.904812852211926,6
1286980,9.78977227816309,10
1286990,9.79695137024194,10
1286992,9.969414281763049,2
1287007,9.659531702293616,15
1287009,9.98178240342453,2
1287014,9.912879975581694,5
1287033,9.527703265297127,19
1287034,9.992212553741549,1
1287042,9.842572834891598,8
1287054,9.72250465647863,12
1287064,9.772656907382984,10
1287070,9.904998386993375,6
1287074,9.932655130794128,4
1287081,9.8843860720575,7
1287088,9.850812638702113,7
1287097,9.802700818189281,9
1287102,9.93282869977701,5
1287105,9.95865771459008,3
1287109,9.928724849135916,4
1287118,9.806160779514027,9
1287124,9.912680407185519,6
1287133,9.527806284365425,9
1287140,9.856065279417715,7
1287162,9.50369755404149,22
1287171,9.83771577444647,9
1287185,9.684997125455736,14
1287189,9.935155024398439,4
1287190,10.0,1
1287209,9.554224166309242,19
1287216,9.77133538796015,7
1287223,9.858115634931423,7
1287237,9.67797286727868,14
1287239,9.972662736677412,2
1287243,9.93453868184372,4
1287252,9.842457664227632,9
1287257,9.910245646913133,5
1287280,9.05573302841231,23
1287297,9.65546259677928,17
1287303,9.876170601634282,6
1287313,9.796155011564457,10
1287320,9.870187539911143,7
1287329,9.824230318020637,9
1287335,9.89538994490674,6
1287337,9.979372368756145,2
1287346,9.81809071483626,9
1287361,9.69684872712946,15
1287362,10.0,1
1287399,9.123706089255215,37
1287409,9.804982311561487,10
1287414,9.932875887852713,5
1287435,9.517107468350352,21
1287447,9.76017352345771,12
1287448,9.987532948381219,1
1287454,9.901538264019441,6
1287471,9.621913540712722,17
1287478,9.874463603037382,7
1287482,9.931580383380265,4
1287494,9.70976546800771,12
1287495,10.0,1
1287502,9.88707455362492,7
1287524,9.533538146504016,22
1287538,9.66470074461849,14
1287550,9.760820285164689,12
1287563,9.704053820522608,13
1287575,9.756021173622688,12
1287584,9.821537142327221,9
1287585,10.0,1
1287600,9.660945288001225,15
1287613,9.747906525062227,13
1287621,9.860435821927698,8
1287622,9.989579146954389,1
1287635,9.739062714257276,13
1287645,9.783836839333729,10
1287663,9.631172331009092,18
1287681,9.581835028543031,18
1287689,9.85856428480665,8
1287709,9.551772819755032,20
1287721,9.752628946628585,12
1287730,9.810369456086454,9
1287740,9.802224992068176,10
1287823,8.540710368430851,83
1287830,9.864691254768859,7
1287835,9.913008065684188,5
1287846,9.75830117677156,11
1287851,9.918937310809238,5
1287855,9.933439129765409,4
1287870,9.662562165829154,15
1287875,9.90576928916875,5
1287876,10.0,1
1287892,9.688383515664913,16
1287900,9.832858195969585,8
1287910,9.810432223942435,10
1287929,9.583377779420259,19
1287948,9.552351158121109,19
1287952,9.938440132927902,4
1287960,9.865536887823232,8
1287986,9.551543211400555,26
1287994,9.822751826412178,8
1287995,10.0,1
1288003,9.873111055785342,8
1288005,9.973312885129912,2
1288013,9.849029672410218,8
1288126,7.782509648743757,113
1288143,9.657976530458193,17
1288152,9.810767920177057,9
1288162,9.8251410002233,10
1288184,9.419716690342163,22
1288194,9.830556939085511,10
1288206,9.677852660445495,12
1288219,9.745400737212057,13
1288227,9.817837306747176,8
1288256,9.295657945022223,29
1288261,9.915488555469592,5
1288275,9.70989335865075,14
1288276,10.0,1
1288286,9.795413273889931,10
1288298,9.752819492255519,12
1288301,9.957792753650242,3
1288343,8.977995110074215,42
1288359,9.68555858534185,16
1288360,9.99231840731369,1
1288362,9.971976683804975,2
1288381,9.632326039097485,19
1288383,9.97729839909871,2
1288390,9.853688629378256,7
1288393,9.96679875456763,3
1288404,9.75828324636792,11
1288411,9.866153318113497,7
1288414,9.95944582775395,3
1288418,9.926197392244394,4
1288426,9.832474710842487,8
1288436,9.779329008622303,10
1288441,9.91732296557463,5
1288444,9.96579114957243,3
1288455,9.737054507861309,11
1288462,9.863514480261468,7
1288464,9.984324147450582,2
1288467,9.95568538151743,3
1288477,9.825417520613385,10
1288486,9.799233590534778,9
1288492,9.894764281271978,6
1288496,9.932634138809009,4
1288517,9.55505866609948,21
1288518,9.991496669380368,1
1288528,9.826651926208042,10
1288539,9.777184695302761,11
1288552,9.743016060546985,13
1288563,9.788253796932059,11
1288578,9.665941948465713,15
1288596,9.618565944351586,18
1288607,8.79643880556712,11
1288625,9.236975590617432,18
1288632,9.694780374586891,7
1288640,9.834496734667939,8
1288649,9.797019000341807,9
1288672,9.574966645588836,23
1288682,9.776766350035649,10
1288726,8.651092355104238,44
1288750,9.593930618033587,24
1288764,9.68829065049044,14
1288774,9.784451847717623,10
1288775,10.0,1
1288781,9.898210892853593,6
1288786,9.906704036634464,5
1288804,9.588789264739752,18
1288820,9.680080680710741,16
1288830,9.771100730888834,10
1288840,9.783954393410546,10
1288859,9.60516242152476,19
1288867,9.846329935003896,8
1288874,9.862898790744168,7
1288936,8.649126824250551,62
1288940,9.932787674069111,4
1288951,9.730974455723246,11
1288960,9.612473859186814,9
1288985,9.463229685562396,25
1289000,9.677024990412866,15
1289012,9.798172043530391,12
1289020,9.861318041920548,8
1289021,10.0,1
1289033,9.748629758312417,12
1289034,10.0,1
1289043,9.816810781817948,9
1289052,9.831957692314084,9
1289058,9.899538256337856,6
1289074,9.716783344475095,16
1289077,9.966545466730214,3
1289125,-5.650910268151819,48
1289137,9.715520402528844,12
1289147,9.768642053821932,10
1289159,9.796356031594087,12
1289168,9.833799917101613,9
1289174,9.91138368544399,6
1289191,9.385805765051169,17
1289200,9.834402928549828,9
1289211,9.770230761818471,11
1289229,9.576951644195756,18
1289236,9.885062356819741,7
1289243,9.872891737826249,7
1289257,9.615846667910064,14
1289264,9.856734040987549,7
1289280,9.680587105141354,16
1289281,10.0,1
1289288,9.878948326618655,7
1289301,9.710254932394282,13
1289302,10.0,1
1289311,9.847391866454213,9
1289320,9.804684511552544,9
1289321,10.0,1
1289326,9.913992995915134,5
1289334,9.854487022236636,8
1289340,9.877293957394143,6
1289346,9.887905277392795,6
1289354,9.833321157998911,8
1289360,9.893499029513784,6
1289367,9.845296350338824,7
1289371,9.925164811120075,4
1289379,9.845630240045306,8
1289383,9.936165806222467,4
1289386,9.948342345947673,3
1289387,9.98881877993985,1
1289406,9.604832890368794,19
1289603,5.7498008245215715,197
1289615,9.713995434598504,12
1289627,9.562315002906118,12
1289634,9.866109467749233,7
1289649,9.699131991197213,15
1289658,9.818493514047388,9
1289680,9.15039627110322,22
1289689,9.820164707795643,9
1289690,10.0,1
1289695,9.915278978990239,5
1289707,9.72002853706706,12
1289721,9.724869379578085,14
1290221,-62.50163850271847,500
1290222,10.0,1
1290235,9.711217746547755,13
1290245,9.7908647140671,10
1290255,9.822094894559203,10
1290269,9.721820183445763,14
1290272,9.954575260537347,3
1290279,9.865854277282956,7
1290292,9.710137428190967,13
1290297,9.926835867436333,5
1290304,9.878770230706627,7
1290308,9.929379608568173,4
1290312,9.927180264789255,4
1290324,9.763730631953836,12
1290336,9.753207213604776,12
1290346,9.807363089010833,10
1290347,10.0,1
1290362,9.683362432023713,15
1290371,9.806918591564477,9
1290372,10.0,1
1290378,9.884789959433204,6
1290685,3.7221483290128035,307
1290690,9.901331117473175,5
1290699,9.84551019580358,9
1290720,9.567293216198806,21
1290726,9.904851867601696,6
1290739,9.758086967294737,13
1290753,9.708857414348262,14
1290765,9.384504187228856,12
1290770,9.940871270979562,5
1290780,9.803303588588209,10
1290793,9.724315664859692,13
1290794,9.996279420389376,1
1290809,9.659655413005757,15
1290876,8.317958205287885,67
1290885,9.821332553967983,9
1290893,9.82203410554296,8
1290915,9.541776585926398,22
1290916,10.0,1
1290921,9.90193549865924,5
1290928,9.876788353471174,7
1290943,9.679444480137212,15
1290962,9.572690224475648,19
1290969,9.86077872966795,7
1290984,9.724380085863208,15
1290998,9.729080148664949,14
1291010,9.761229572386961,12
1291019,9.822506207570214,9
1291034,9.670134226512062,15
1291534,-10.05627087515881,500
1291543,9.806414138225545,9
1291557,9.73128192455696,14
1291560,9.967027239796078,3
1291571,9.793886715776294,11
1291580,9.84973060204992,9
1291591,9.721997927736952,11
1291604,9.708567047239077,13
1291626,9.574135616965524,22
1291658,9.296579386649523,32
1291679,9.613182419270778,21
1291700,9.457852518098013,21
1291716,9.48379152197396,16
1291733,9.68857210252044,17
1291755,9.498142406560067,22
1291763,9.552505629338375,8
1291765,9.978664110770245,2
1291777,9.719722374795786,12
1291786,9.83025626032121,9
1291787,10.0,1
1291792,9.916301145774886,5
1291800,9.87833761466926,8
1291818,9.671874717891168,18
1291834,9.68170398443187,16
1291863,9.43709877722375,29
1291876,9.77626856189643,13
1291910,8.874641624524756,34
1291921,9.771356521213871,11
1291931,9.846622332085783,10
1291934,9.961774868316953,3
1291947,9.700593119008452,13
1291954,9.884903911201313,7
1291957,9.956596097081487,3
1291958,10.0,1
1291965,9.845665867018704,7
1291985,9.645510648458707,20
1291998,9.730345820006011,13
1292013,9.678146786163564,15
1292025,9.784509079824673,12
1292034,9.842140985603159,9
1292038,9.95086545901268,4
1292045,9.867861321094058,7
1292054,9.8366684685743,9
1292069,9.120580411358006,15
1292082,9.759492749820524,13
1292099,9.695304375411945,17
1292113,9.764054217505258,14
1292121,9.848454243048737,8
1292133,9.751792986130301,12
1292142,9.811861098490397,9
1292153,9.760708985573666,11
1292183,9.380822249852221,30
1292194,9.744763799105591,11
1292205,9.780304380615439,11
1292217,9.736110902406077,12
1292227,9.799813264580814,10
1292232,9.93360879653135,5
1292238,9.894216447969702,6
1292239,10.0,1
1292245,9.908345710749094,6
1292258,9.72099569756528,13
1292281,9.371180076946215,23
1292290,9.83389435063611,9
1292297,9.862442751584503,7
1292301,9.92838386158064,4
1292302,10.0,1
1292308,9.878368962166393,6
1292310,9.973006462759022,2
1292326,9.655070816861382,16
1292340,9.121379670101133,14
1292341,10.0,1
1292350,9.811866557326834,9
1292360,9.80367752321726,10
1292369,9.84713369149967,9
1292374,9.925327300623099,5
1292384,9.776279611724695,10
1292393,9.82751627735527,9
1292406,9.739506279564555,13
1292418,9.743163023435223,12
1292435,9.400400644338665,17
1292444,9.84935698825149,9
1292458,9.692772430437982,14
1292477,8.083696102127394,19
1292493,9.648794472882193,16
1292494,10.0,1
1292522,9.493697916835703,28
1292530,9.835481576594708,8
1292540,9.785816031040365,10
1292549,9.853769221477291,9
1292559,9.789369384433524,10
1292567,9.840285493628276,8
1292587,9.5538187975668,20
1292600,9.47528223511832,13
1292610,9.77931041952692,10
1292630,9.602292701720451,20
1292649,9.594236645713528,19
1292657,9.850496322586762,8
1292675,9.67287426748139,18
1292681,9.887893223080571,6
1292696,9.674009526671723,15
1292701,9.912382045019937,5
1292713,9.783822658621814,12
1292715,9.980545442957405,2
1292725,9.780299585507514,10
1292732,9.900332012721007,7
1292745,9.75472221755567,13
1292761,8.385605354679354,16
1292775,9.01251992025023,14
1292796,9.424781434412166,21
1292803,9.887336240681686,7
1292814,9.764078431442908,11
1292822,9.85697767808074,8
1292834,9.714336641104326,12
1292845,9.752644040428402,11
1292846,10.0,1
1292864,9.556401079589387,18
1292871,9.876403811167863,7
1292888,9.621220150257736,17
1292920,9.123912547995435,32
1292943,9.206621804746115,23
1292948,9.933779438633076,5
1292962,9.666377423469168,14
1292973,9.77841586689169,11
1292989,9.695889087947174,16
1292997,9.849372583579356,8
1293005,9.85515976952662,8
1293008,9.95265430682174,3
1293030,9.603245461903652,22
1293040,9.821406675496359,10
1293041,9.996557204015234,1
1293053,9.728216002563931,12
1293068,9.710530212323878,15
1293073,9.925237983166435,5
1293089,9.55136118297845,16
1293094,9.9103293856877,5
1293095,9.995846842797967,1
1293110,9.686708412727336,15
1293126,9.668651954033123,16
1293135,9.858921599432641,9
1293141,9.91107904116395,6
1293142,10.0,1
1293150,9.827160601068341,8
1293161,9.742699521716853,11
1293166,9.922902110355226,5
1293182,9.685694400600815,16
1293206,9.615953090132393,24
1293211,9.919157386749411,5
1293221,9.820681769783393,10
1293241,9.412628305026836,20
1293242,10.0,1
1293255,9.744988448932714,13
1293273,9.65262636364151,18
1293275,9.97427336872224,2
1293621,2.078584623645064,346
1293767,5.450952674446098,146
1293784,9.660397769406044,17
1293802,9.558847080138527,18
1293815,9.727587625492298,13
1293827,9.731788950964622,12
1293845,9.557277675920561,18
1293859,9.6680215048383,14
1293866,9.870796124913161,7
1293891,9.515536609187583,25
1293900,9.843726524310599,9
1293913,9.733235732095856,13
1293919,9.898830700449771,6
1293920,10.0,1
1293931,9.761353901548006,11
1293944,9.694086878918421,13
1293950,9.889265351536475,6
1293962,9.805550288394041,12
1293964,9.984494639964012,2
1293965,10.0,1
1293975,9.808559305131883,10
1293993,9.566437922622853,18
1293994,10.0,1
1294010,9.678503236140623,16
1294022,9.739954634860917,12
1294030,9.841942853730792,8
1294041,9.789959581426361,11
1294051,9.791017186734576,10
1294106,8.152157381948305,55
1294113,9.86664908774804,7
1294115,9.971035537926827,2
1294118,9.953472460520407,3
1294120,9.984305301629506,2
1294121,10.0,1
1294126,9.911949262067939,5
1294133,9.875758010550875,7
1294140,9.851536919533805,7
1294147,9.869719117460338,7
1294151,9.928217119053922,4
1294167,9.669004143846017,16
1294180,9.799093122500986,13
1294181,10.0,1
1294183,9.98051136627984,2
1294683,-9.653324825670369,500
1294691,9.842656618871535,8
1294706,9.679863385573466,15
1294714,9.841522996814268,8
1294727,9.747719652001301,13
1294742,9.639528156735862,15
1294763,9.396775007579858,21
1294765,9.972493354794084,2
1294771,9.887838721934953,6
1294783,9.736425381988504,12
1294794,9.760865893178632,11
1294812,9.543942669046398,18
1294813,9.99601467883738,1
1294817,9.927292162715823,4
1294833,9.671304820556164,16
1295006,6.1155100121579125,173
1295008,9.972583591439092,2
1295022,9.711131607962622,14
1295030,9.847167406385193,8
1295038,9.839531633772785,8
1295045,9.877764001308504,7
1295057,9.773585514479718,12
1295061,9.942836236824151,4
1295074,9.699521658943315,13
1295086,9.792666484282416,12
1295094,9.842693287718774,8
1295102,9.835881914771992,8
1295111,9.850757618369977,9
1295123,9.7370537343614,12
1295129,9.910237735064161,6
1295138,9.814131404995631,9
1295139,10.0,1
1295146,9.863730517981155,7
1295166,9.534311666720999,20
1295167,10.0,1
1295168,10.0,1
1295182,9.709004681320295,14
1295200,9.648656460063494,18
1295208,9.853711073611297,8
1295219,9.758779800605161,11
1295226,9.871541492032115,7
1295229,9.963024767972202,3
1295241,9.746558245301427,12
1295268,8.750867237975811,27
1295281,9.707767277224393,13
1295408,7.148946007673372,127
1295409,10.0,1
1295416,9.860235128309052,7
1295425,9.814887208174529,9
1295432,9.878531040001759,7
1295438,9.909473430884656,6
1295452,9.694725215854257,14
1295461,9.810039736381343,9
1295475,9.695475496796213,14
1295476,10.0,1
1295482,9.888074615865447,6
1295493,9.77234347285346,11
1295501,9.8415472404821,8
1295516,9.695107180663138,15
1295527,9.767532752428481,11
1295544,9.632225228392286,17
1295545,10.0,1
1295554,9.836567530643821,9
1295555,10.0,1
1295569,9.748118582620666,14
1295609,9.210870326976053,40
1295619,9.691528668052229,10
1295621,9.979724053693387,2
1295630,9.827130225204234,9
1295637,9.883276419474862,7
1295641,9.939677321342359,4
1295653,9.568627001792713,12
1295655,9.985628823061223,2
1295671,9.688545438542493,16
1295672,10.0,1
1295678,9.906118403706138,6
1295680,9.979693399097293,2
1295689,9.809545426210786,9
1295697,9.842390251382003,8
1295706,9.784960636632228,9
1295725,9.62990471835067,19
1295737,9.721660090804383,12
1295750,9.739572308559511,13
1295758,9.844905119411155,8
1295771,9.764016717945104,13
1295775,9.950324169514419,4
1295776,9.996703213771555,1
1295789,9.771013759609588,13
1295797,9.825197514135887,8
1295802,9.907774530837683,5
1295815,9.728402172514855,13
1295816,10.0,1
1295822,9.895924793269316,6
1295838,9.603555839078336,16
1295870,9.191008275831269,32
1295896,9.477943297429182,26
1295903,9.851045849588278,7
1295920,9.682308954204933,17
1295921,10.0,1
1295929,9.869133481076956,8
1295941,9.705494749805796,12
1295950,9.832763776658805,9
1295958,9.834617092722281,8
1295970,9.723812096762138,12
1295971,10.0,1
1295983,9.729169718140087,12
1295988,9.916126117106225,5
1295995,9.869781941184131,7
1296002,9.877159303779742,7
1296020,9.613037898044182,18
1296034,9.7173334421245,14
1296048,9.722430101798146,14
1296056,9.83530745792291,8
1296057,10.0,1
1296067,9.807054793942958,10
1296088,9.554067649823738,21
1296102,9.697659567365752,14
1296110,9.85199988101246,8
1296111,9.986571195180863,1
1296117,9.887600696712939,6
1296130,9.716686989783636,13
1296143,9.726782748332568,13
1296152,9.805957399806823,9
1296169,9.609467368051119,17
1296189,9.530470394806084,20
1296197,9.850860318075807,8
1296213,9.679134602864076,16
1296219,9.911172292090603,6
1296226,9.878335689094234,7
1296237,9.794320940795174,11
1296249,9.728148764526141,12
1296263,9.749373237841038,14
1296279,9.405146854992655,16
1296290,9.79184408702382,11
1296302,9.75234479985229,12
1296312,9.797545014088673,10
1296337,9.352193485383154,25
1296338,10.0,1
1296358,9.398568880109362,20
1296371,9.695489227866819,13
1296390,9.662650418896737,19
1296402,9.715766968601718,12
1296418,9.602965938501036,16
1296427,9.829530684882403,9
1296434,9.896309099514152,7
1296439,9.909393338934592,5
1296458,9.600186894835327,19
1296680,4.5728831196762165,222
1296692,9.753938298741842,12
1296698,9.901422284301127,6
1296712,9.725937429588093,14
1296725,9.722749761860687,13
1296735,9.793899617915217,10
1296745,9.771047106883074,10
1296759,9.689509258529696,14
1296765,9.890123065467794,6
1296772,9.868897992334873,7
1296775,9.950254624035962,3
1296782,9.856064526022177,7
1296793,9.756159769139698,11
1296811,9.611904761126972,18
1296827,9.662104449796704,16
1296832,9.929425162077427,5
1296859,9.403380213976693,27
1296874,9.702249456331135,15
1296883,9.831750337795635,9
1296887,9.938466407346448,4
1296907,9.54338477680697,20
1296915,9.840832817730082,8
1296924,9.815628038344443,9
1296934,9.846352817760998,10
1296937,9.963730770895877,3
1296948,9.796939631584529,11
1296959,9.770050885289058,11
1296982,9.515368444005277,23
1296991,9.830184410029602,9
1297003,9.73771579177958,12
1297015,9.717950342009937,12
1297062,9.02712694225394,47
1297081,9.606785157128263,19
1297086,9.907453110201631,5
1297095,9.845601954226643,9
1297101,9.882287875168934,6
1297108,9.851363747706705,7
1297122,9.712809888051801,14
1297134,9.729078068835287,12
1297152,9.63099124561434,18
1297158,9.90074380633195,6
1297168,9.80665610909806,10
1297181,9.726458276468907,13
1297189,9.852662083041754,8
1297194,9.929185929175981,5
1297205,9.739459490557469,11
1297220,9.574571444113973,15
1297225,9.919989681542944,5
1297233,9.84042132288281,8
1297243,9.794282011149331,10
1297251,9.85319005475595,8
1297254,9.966595672750403,3
1297256,9.971049130283825,2
1297269,9.762197293462615,13
1297280,9.79370115708917,11
1297293,9.695268792892255,13
1297303,9.822727607739072,10
1297317,9.78193756568503,14
1297334,9.600159392636868,17
1297350,9.578482373209,16
1297363,9.705904618431923,13
1297366,9.970396264905403,3
1297384,9.555909143050894,18
1297398,9.676089149704985,14
1297419,9.594453382375056,21
1297420,10.0,1
1297434,9.674933957937432,14
1297443,9.819493289140379,9
1297456,9.795423656582136,13
1297469,9.7060591868381,13
1297487,9.59042359286135,18
1297495,9.853166524834387,8
1297507,9.776080521465635,12
1297517,9.786164306080689,10
1297520,9.955827405169178,3
1297530,9.792866231693464,10
1297538,9.887056063314196,8
1297556,9.66175842546199,18
1297568,9.784002380048033,12
1297581,9.747614740114269,13
1297592,9.770280832991324,11
1297597,9.923344908642035,5
1297608,9.81847507597354,11
1297618,9.784779780156802,10
1297633,9.645860749781335,15
1297646,9.733905472967153,13
1297647,10.0,1
1297663,9.670578505746683,16
1297665,9.775679417156761,2
1297669,9.946680441810747,4
1297703,9.097190219733317,34
1297704,10.0,1
1297713,9.813250193682258,9
1297720,9.85887427882918,7
1297739,9.596257092334202,19
1297750,9.783714361567956,11
1297761,9.769221570707803,11
1297774,9.706853721097305,13
1297775,10.0,1
1297793,7.877609195327676,18
1297794,10.0,1
1297797,9.949158429706886,3
1297810,9.757291412315235,13
1297817,9.852608891736182,7
1297825,9.850451987071645,8
1297829,9.930154895816,4
1297836,9.86883782433462,7
1297838,9.982711058215264,2
1297844,9.888388593717524,6
1297856,9.762310391503394,12
1297867,9.74701842137041,11
1297875,9.831290214446812,8
1297882,9.847700246706616,7
1297895,9.723200632650357,13
1297907,9.747474189435918,12
1297908,10.0,1
1297919,9.731009998513812,11
1297938,9.541284842792368,19
1297949,9.762852114933397,11
1297960,9.785702137685064,11
1297976,9.710873147654732,16
1297995,9.591803221398896,19
1298008,9.721709660322322,13
1298012,9.950678769170995,4
1298013,10.0,1
1298023,9.799807242694992,10
1298024,10.0,1
1298027,9.966761165202156,3
1298030,9.967029826765767,3
1298034,9.94223110830095,4
1298035,10.0,1
1298040,9.923058560867318,5
1298051,9.752072524278145,11
1298060,9.808240521796526,9
1298065,9.911328327960067,5
1298073,9.877815603805843,8
1298081,9.842668621162428,8
1298087,9.886100317306852,6
1298094,9.877475519324193,7
1298109,9.650644421734452,15
1298120,9.776120780504689,11
1298140,9.54595580966794,20
1298148,9.835172603696083,8
1298156,9.86276071238571,8
1298160,9.922361443958323,4
1298172,9.719667496046277,12
1298179,9.85935030830522,7
1298186,9.869137933681468,7
1298193,9.857905117146439,7
1298206,9.767367071829593,13
1298238,9.427576771302984,32
1298244,9.875606765563624,6
1298248,9.934793853193938,4
1298256,9.84439018731981,8
1298263,9.895352787574954,7
1298264,9.996344441448114,1
1298265,10.0,1
1298266,10.0,1
1298272,9.916000265389394,6
1298285,9.705155450937575,13
1298292,9.87935196993192,7
1298306,9.708518601843945,14
1298315,9.822026140073774,9
1298323,9.852741556582723,8
1298333,9.788063805487534,10
1298343,9.687393503462308,10
1298344,10.0,1
1298353,9.859163062990318,9
1298371,9.657267644078928,18
1298385,9.711240012178994,14
1298392,9.851057615025068,7
1298393,10.0,1
1298406,9.71366353909653,13
1298412,9.879893955459556,6
1298427,9.680748210242992,15
1298438,9.792990451015688,11
1298439,10.0,1
1298461,9.581470856225762,22
1298463,9.977356012741874,2
1298471,9.867916365988435,8
1298475,9.929993509716937,4
1298482,9.868884094980075,7
1298500,8.357647481786042,18
1298505,9.920158671170041,5
1298513,9.83397109405665,8
1298514,9.987727746611792,1
1298528,9.626538084369566,14
1298539,9.742119334318318,11
1298545,9.875619414972245,6
1298565,9.603251549549725,20
1298571,9.884859669634587,6
1298577,9.882523204399757,6
1298578,9.986938408568138,1
1298587,9.809651610592676,9
1298594,9.872202854634084,7
1298602,9.860862084546719,8
1298612,9.825329231895767,10
1298614,9.967422283203632,2
1298637,9.44793857876557,23
1298645,9.847976650720211,8
1298646,10.0,1
1298654,9.88878026801148,8
1298665,9.782543158269245,11
1298673,9.834935413896824,8
1298683,9.777583408829605,10
1298689,9.675066006786606,6
1298695,9.89259210952445,6
1298707,9.743841635731695,12
1298717,9.804985494093724,10
1298723,9.891886743319347,6
1298737,9.761626667040794,14
1298745,9.819546275164102,8
1298768,9.454100580488038,23
1298783,9.711009698913564,15
1298784,9.988849304161391,1
1298799,9.667998777599339,15
1298807,9.569063235250058,8
1298820,9.67747612372376,13
1298834,9.676248759682357,14
1298835,10.0,1
1298846,9.816894490635399,11
1298856,9.773309586825329,10
1298868,9.748623322189449,12
1298879,9.778347096444126,11
1298895,9.078551975280343,16
1298900,9.916317848713245,5
1298913,9.74549822927859,13
1298919,9.893134171891207,6
1298948,9.083102280250628,29
1298957,9.834145010285527,9
1298974,9.691382807724052,17
1298978,9.934334829356459,4
1298998,9.618147088407495,20
1299015,9.606964969455767,17
1299040,9.497535614061606,25
1299047,9.890268795687112,7
1299056,9.823048711823246,9
1299076,9.548669495137126,20
1299085,9.813148609964946,9
1299087,9.981398616647226,2
1299089,9.973634284275109,2
1299095,9.878718235011478,6
1299111,9.689690169639254,16
1299118,9.894982352916745,7
1299129,9.755612510415363,11
1299141,9.77682981562382,12
1299151,9.833789021848931,10
1299152,10.0,1
1299166,9.669640684837574,14
1299176,9.781527570206864,10
1299184,9.850452556591927,8
1299199,9.766647639409918,15
1299215,9.663258483458723,16
1299225,9.812859475708898,10
1299226,10.0,1
1299248,9.592303908714255,22
1299256,9.821888455916651,8
1299270,9.692627391966258,14
1299285,9.649995421116197,15
1299295,9.805984113732444,10
1299314,9.260693820489394,19
1299327,9.754905672110622,13
1299340,9.776220544493096,13
1299354,9.724135096590324,14
1299367,9.739012867371509,13
1299373,9.885550539318881,6
1299389,9.652423781303959,16
1299409,9.60260763194528,20
1299414,9.905936195614446,5
1299423,9.81199020896889,9
1299424,10.0,1
1299433,9.838787092263074,9
1299449,9.635152259735566,16
1299455,9.918759987380106,6
1299465,9.789928516980167,10
1299477,9.154008428914402,12
1299485,9.850330755348036,8
1299498,9.736354311586824,13
1299506,9.873541770430812,8
1299511,9.913610160292441,5
1299517,9.889192659562243,6
1299527,9.787687047401533,10
1299546,9.085008470502224,19
1299556,9.815715527882869,10
1299566,9.802172441527684,10
1299576,9.771841450807319,10
1299588,9.730121320984907,12
1299597,9.808387167995763,9
1299607,9.75883216349,10
1299610,9.96527324275114,3
1299621,9.771642573203478,11
1299632,9.75298875300001,11
1299643,9.770284552886555,11
1299653,9.809648677834899,10
1299664,9.798226386404384,11
1299678,9.738639467861905,14
1299687,9.849297685997113,9
1299693,9.90983017341988,6
1299706,9.751316835466216,13
1299715,9.806238483467828,9
1299725,9.808830478480933,10
1299734,9.801214091993268,9
1299743,9.844871697629385,9
1299759,9.643318017073613,16
1299770,9.786596284805439,11
1299776,9.897455654056866,6
1299780,9.935890941645185,4
1299796,9.674116968036621,16
1299807,9.756928303569648,11
1299820,9.71473657850364,13
1299828,9.849338996275941,8
1299840,9.757820762633441,12
1299849,9.855177185484335,9
1299861,9.74134199167461,12
1299865,9.941912142074996,4
1299873,9.86215490049833,8
1299876,9.968993681544813,3
1299884,9.841685499538508,8
1299897,9.75760614427401,13
1299898,10.0,1
1299899,10.0,1
1299904,9.925349095408986,5
1299905,10.0,1
1299912,9.859284206804979,7
1299916,9.95050704092455,4
1299923,9.861108569717992,7
1299935,9.738936500864238,12
1299945,9.78406986651649,10
1299953,9.87282845447669,8
1299958,9.932064529364158,5
1299984,9.354511063249333,26
1300002,9.57806753292171,18
1300012,9.784116733100047,10
1300034,9.515501001404562,22
1300039,9.923234584443463,5
1300042,9.970012612090095,3
1300046,9.73272048637814,4
1300127,7.640408128871134,81
1300140,9.703152905400602,13
1300156,9.623713407822722,16
1300172,9.663673703843537,16
1300175,9.954982992438488,3
1300178,9.96968403664747,3
1300187,9.822328263290135,9
1300200,9.721668657236958,13
1300214,9.670236275439501,14
1300215,10.0,1
1300230,9.717106945256813,15
1300231,10.0,1
1300240,9.833757811893811,9
1300260,9.57392453148347,20
1300270,9.804644267153785,10
1300284,9.673142075015202,14
1300295,9.757342439476165,11
1300312,9.543151852811274,17
1300327,9.672271551929079,15
1300328,10.0,1
1300339,9.796423798463778,11
1300342,9.956069247940718,3
1300352,9.796041259330792,10
1300353,9.988856028601836,1
1300369,9.642046832589731,16
1300384,9.68941294945206,15
1300394,9.83823821160053,10
1300398,9.936939193778331,4
1300399,10.0,1
1300426,9.478095159451192,27
1300438,9.752197524145915,12
1300450,9.755368746642906,12
1300478,9.417073238969113,28
1300481,9.961721850690056,3
1300492,9.764610132886075,11
1300500,9.838601715365307,8
1300521,9.590371170657255,21
1300533,9.748552083806096,12
1300546,9.719553943440125,13
1300576,9.453330598742399,30
1300588,9.79977784518429,12
1300605,9.565717722360098,17
1300611,9.89066368669764,6
1300612,10.0,1
1300633,9.329883283500969,21
1300645,9.744586303315584,12
1300660,9.530879311963398,15
1300677,8.039291613982874,17
1300692,9.66596821755386,15
1300697,9.912257118555841,5
1300705,9.862378430383199,8
1300730,9.498318100970355,25
1300745,9.73983644569324,15
1300758,9.702470683556884,13
1300766,9.877700873543404,8
1300773,9.85485291606657,7
1300778,9.920413915459827,5
1300791,9.729206690355866,13
1300792,10.0,1
1300804,9.748499595853275,12
1300813,9.856671591970946,9
1300818,9.924665653190972,5
1300833,9.703668067760654,15
1300845,9.744229168503244,12
1300849,9.926893685228595,4
1300860,9.784185782674964,11
1300889,9.47505353857361,29
1300890,10.0,1
1300895,9.930292380582165,5
1300916,9.253242976858715,21
1300923,9.867955553824183,7
1300931,9.844001557082555,8
1300948,9.635226660992831,17
1300957,9.840678088790375,9
1300963,9.881238683100111,6
1300972,9.841278759481229,9
1300986,9.66139555713797,14
1300993,9.868699927039719,7
1300994,10.0,1
1301000,9.897669898843095,6
1301003,9.960876699607793,3
1301021,9.588624069481677,18
1301043,9.55598471041057,22
1301044,10.0,1
1301056,9.789011644089209,12
1301057,10.0,1
1301069,9.712538944185349,12
1301079,9.796463223055177,10
1301093,9.669589396764854,14
1301103,9.806212992921179,10
1301104,9.988367068463045,1
1301112,9.824791204984235,8
1301130,9.64371406819832,18
1301141,9.747009075593198,11
1301162,9.581347957898862,21
1301176,9.686099645023207,14
1301205,9.393124565384376,29
1301275,7.483013715938197,70
1301291,9.687007754592852,16
1301297,9.884246083855205,6
1301309,9.777013874436236,12
1301325,9.642796259474455,16
1301327,9.973763414593753,2
1301337,9.818988108231592,10
1301340,9.954239697550827,3
1301341,10.0,1
1301342,10.0,1
1301353,9.793718927848811,11
1301361,9.853079959828793,8
1301365,9.934462617122978,4
1301368,9.960508795835162,3
1301378,9.795573092775298,10
1301396,9.637848789918596,18
1301430,8.199423203908575,34
1301441,9.767788980985081,11
1301451,9.819593790134782,10
1301460,9.797753999478985,9
1301468,9.850091804747164,8
1301482,9.695083616408871,14
1301493,9.765810963816149,11
1301504,9.806247913606935,11
1301519,9.661403932988925,15
1301535,9.677553430232429,16
1301557,9.554649787067998,22
1301563,9.873899480837299,6
1301572,9.808810618856215,9
1301582,9.75628066984976,10
1301600,9.630896063461572,18
1301611,9.757970201661369,11
1301643,7.576658386963752,32
1301651,9.873588191601355,8
1301657,9.8954305911894,6
1301666,9.821758140287866,9
1301668,9.978094438325682,2
1301678,9.776245791749702,10
1301683,9.911523528150829,5
1301688,9.911927743823442,5
1301699,9.79845644661124,11
1301713,9.68760338522308,14
1301725,9.748769043861062,12
1301751,9.338695924610832,26
1301762,9.780560576659681,11
1301772,9.821394946639996,10
1301781,9.800585330824275,9
1301793,9.752451053143377,12
1301806,9.693253251382727,13
1301829,9.516302437253579,23
1301849,9.192998344041623,20
1301855,9.902393553469302,6
1301856,10.0,1
1301870,9.739923313866027,14
1301884,9.570629712028282,14
1301895,9.781934360969778,11
1301902,9.89186167078964,7
1301911,9.803581128342513,9
1301920,9.854676179131465,9
1301936,9.680655814399923,16
1301937,10.0,1
1301943,9.917305866031974,6
1301957,9.745982611520033,14
1301972,9.680667589667232,15
1301973,10.0,1
1301978,9.909691414840612,5
1301993,9.697051606524642,15
1302002,9.834872868499085,9
1302012,9.832204334409052,10
1302032,9.5769750287362,20
1302041,9.801951791211582,9
1302046,9.934317332041338,5
1302059,9.785300376928086,13
1302073,9.666739005059322,14
1302098,9.477711705706827,25
1302105,9.865539010729677,7
1302120,9.597503051930552,15
1302130,9.828226828980428,10
1302134,9.927352555295315,4
1302139,9.909403249639109,5
1302150,9.746734081939355,11
1302157,9.856093475773575,7
1302164,9.849992540655132,7
1302166,9.97632213200752,2
1302173,9.863536672421326,7
1302181,9.853481299133506,8
1302192,9.761718635336544,11
1302202,9.780431749814293,10
1302208,9.904020190748788,6
1302213,9.915082806023225,5
1302223,9.815150907614894,10
1302243,9.555912842079104,20
1302252,9.836575238252859,9
1302259,9.76905800637686,7
1302262,9.967644403747501,3
1302273,9.574579414336823,11
1302289,9.661091827573166,16
1302303,9.694990983478311,14
1302309,9.870775474908065,6
1302316,9.867587905397516,7
1302319,9.951936504281116,3
1302330,9.753125073344892,11
1302347,9.598567355925846,17
1302359,9.738352926675226,12
1302369,9.785362381226305,10
1302378,9.844498980953109,9
1302382,9.955661090675743,4
1302386,9.946837817114766,4
1302392,9.91967703485799,6
1302404,9.719161295669885,12
1302422,9.563492586182935,18
1302426,9.929375622463569,4
1302438,9.778210754761522,12
1302453,9.71275343160472,15
1302462,9.835739731012506,9
1302476,9.612488397790317,14
1302534,8.475033634614546,58
1302535,10.0,1
1302544,9.831631041105362,9
1302572,9.399342689860493,28
1302584,9.734634722186904,12
1302591,9.868140559473677,7
1302610,9.540209921492503,19
1302617,9.880535907363962,7
1302623,9.883038206108983,6
1302632,9.823153541702258,9
1302635,9.960848224178562,3
1302655,9.588617139177442,20
1302662,9.857784285423724,7
1302682,9.650312939652151,20
1302686,9.935211897740384,4
1302712,9.605086340741707,26
1302713,10.0,1
1302731,9.603157873520162,18
1302738,9.873435489950483,7
1302752,9.703630226271356,14
1302759,9.870831559053219,7
1302760,10.0,1
1302775,9.69364414724493,15
1302776,10.0,1
1302787,9.796837022666438,11
1302792,9.912450198638261,5
1302807,9.731545155725348,15
1302821,9.70336558435287,14
1302822,9.98599458041287,1
1302833,9.771909706638107,11
1302837,9.942881283069037,4
1302856,9.560519972761275,19
1302865,9.835301463664507,9
1302866,10.0,1
1302869,9.960275519196532,3
1302876,9.87504223653594,7
1302880,9.934420693366304,4
1302888,9.823882039127742,8
1302901,9.70076142499911,13
1302910,9.833475079335386,9
1302929,9.560845728456549,19
1302941,9.744006280559697,12
1302959,9.364850897569667,18
1302968,9.815926093385468,9
1302975,9.890644361009745,7
1302977,9.97162198446015,2
1302978,10.0,1
1302979,10.0,1
1302980,10.0,1
1302981,10.0,1
1302993,9.744828825755805,12
1303003,9.810359415797212,10
1303004,10.0,1
1303021,9.619715329459186,17
1303031,9.789841394991479,10
1303040,9.846811082672101,9
1303048,9.858578216242389,8
1303052,9.942833930951565,4
1303065,9.79278144428595,13
1303073,9.829385668124988,8
1303088,9.708816041536085,15
1303104,9.620679435687688,16
1303106,9.97252852422208,2
1303112,9.87658839125425,6
1303120,9.853339427133493,8
1303125,9.919181140246257,5
1303139,9.679997673761228,14
1303149,9.764513334279435,10
1303150,10.0,1
1303167,9.605492095144097,17
1303182,9.70398647633854,15
1303189,9.86219874563651,7
1303202,9.708105118283605,13
1303213,9.808568449427069,11
1303222,9.816502597852384,9
1303234,9.552735926634524,12
1303246,9.752867157772762,12
1303254,9.85939886115936,8
1303266,9.742788829856158,12
1303275,9.813604511497704,9
1303288,9.785647320952123,13
1303301,9.778110843377894,13
1303308,9.766681087856401,7
1303321,9.71514452674575,13
1303343,9.443151946883603,22
1303357,9.73916426387537,14
1303373,9.64378150178048,16
1303385,9.760348880287381,12
1303388,9.956355927542317,3
1303393,9.927312376199861,5
1303397,9.940657675274625,4
1303416,9.549653188667522,19
1303422,9.886668279923388,6
1303439,9.583697584472269,17
1303450,9.7599729228792,11
1303459,9.801113064589837,9
1303476,9.627145291842037,17
1303489,9.697899099603147,13
1303508,9.700757623927453,19
1303519,9.798620127114198,11
1303532,9.692048001121046,13
1303542,9.822365231041541,10
1303547,9.898662112929717,5
1303548,10.0,1
1303562,9.709700548144331,14
1303571,9.83276393755205,9
1304071,-10.522553448423922,500
1304080,9.847972543107321,9
1304126,9.02786892108244,46
1304131,9.922027415974322,5
1304143,9.72306540042858,12
1304154,9.646442172561484,11
1304164,9.766634553265781,10
1304169,9.922643184926873,5
1304170,10.0,1
1304183,9.716268183701896,13
1304194,9.790330907751718,11
1304204,9.785789222552703,10
1304205,10.0,1
1304211,9.9109556248085,6
1304218,9.842515603012414,7
1304222,9.930236275237124,4
1304234,9.750935793483876,12
1304240,9.88325158964472,6
1304246,9.901587707842642,6
1304255,9.817460086261445,9
1304256,10.0,1
1304271,9.690953101765107,15
1304272,9.992416600317348,1
1304285,9.629084594410399,13
1304290,9.930179911635735,5
1304302,9.717704018949314,12
1304310,9.833913114844515,8
1304321,9.776155153181243,11
1304340,9.611993322845931,19
1304351,9.771656631922715,11
1304352,10.0,1
1304353,10.0,1
1304359,9.884657726769111,6
1304370,9.78143343264548,11
1304374,9.933558956786438,4
1304375,10.0,1
1304387,9.771537800238677,12
1304398,9.777444727417585,11
1304402,9.93971232261082,4
1304415,9.517631070883343,13
1304421,9.917621012536198,6
1304422,10.0,1
1304428,9.891430886182487,6
1304444,9.673372597856623,16
1304465,9.504446179268573,21
1304478,9.744174476648935,13
1304497,9.623616162355567,19
1304507,9.803689160834564,10
1304518,9.731247395867715,11
1304535,9.677344595737349,17
1304546,9.79622217077081,11
1304549,9.95915836142286,3
1304556,9.883262342715769,7
1304557,10.0,1
1304566,9.809838660716402,9
1304575,9.833397563774264,9
1304584,9.8081641026845,9
1304596,9.67558602475798,12
1304754,6.853130339798222,158
1304763,9.79879880028441,9
1304773,9.813181197349122,10
1304785,9.792688298100117,12
1304794,9.83894409566961,9
1304805,9.790464962063872,11
1304817,9.73132847014197,12
1304832,9.29378572535417,15
1304842,9.7902593579626,10
1304857,9.718813492820024,15
1304861,9.93049946414272,4
1304886,9.394772126665368,25
1304902,9.701062216376862,16
1304903,10.0,1
1304904,10.0,1
1304921,9.656315136145226,17
1304934,9.725633861547967,13
1304937,9.948418960490713,3
1304946,9.827659374825366,9
1304964,9.379434140065,18
1304969,9.899366485767338,5
1305016,9.020228894297608,47
1305030,9.735291670121526,14
1305034,9.93371320310425,4
1305035,10.0,1
1305043,9.8362013388837,8
1305056,9.698132701918144,13
1305065,9.802556276549007,9
1305075,9.8157807219391,10
1305099,9.50706588379454,24
1305105,9.889617610776366,6
1305121,9.690125316816042,16
1305138,9.676268090771991,17
1305139,10.0,1
1305151,9.75104517886499,12
1305157,9.887220944211203,6
1305160,9.943053364850154,3
1305174,9.68295432516004,14
1305185,9.80597735652524,11
1305192,9.889689039506802,7
1305198,9.903845402744704,6
1305211,9.713141528991088,13
1305225,9.692543881361253,14
1305229,9.949495469695087,4
1305242,9.731808387869602,13
1305251,9.838594711159065,9
1305253,9.984217199238731,2
1305262,9.846846626279778,9
1305279,9.579937264268631,17
1305313,9.276167183740723,34
1305321,9.860134674509206,8
1305335,8.951343589106113,14
1305342,9.868305744841644,7
1305348,9.911028147554617,6
1305349,10.0,1
1305356,9.870271108617892,7
1305360,9.949170699943018,4
1305367,9.87538709903986,7
1305384,9.550867289308236,17
1305392,9.873477321008735,8
1305413,9.567944513560947,21
1305422,9.82022978604048,9
1305433,9.760845879638309,11
1305436,9.952404708148947,3
1305448,9.740636309637171,12
1305454,9.905712632087749,6
1305469,9.685821753929844,15
1305474,9.914627244638751,5
1305486,9.730101071635927,12
1305499,9.534268918853593,13
1305517,9.566586181938815,18
1305523,9.89497396132142,6
1305539,9.697257153943635,16
1305555,9.670004507691445,16
1305562,9.862398328241373,7
1305571,9.833153056610268,9
1305586,9.711529307114933,15
1305597,9.766436743579854,11
1305604,9.8891802596596,7
1305610,9.899921113817909,6
1305615,9.933424308226877,5
1305625,9.800812040920846,10
1305632,9.867748810583784,7
1305638,9.801121759377741,6
1305643,9.903761852600665,5
1305653,9.825044458560594,10
1305662,9.877626233820555,9
1305665,9.96109622627047,3
1305677,9.732521655109288,12
1305690,9.702443619065004,13
1305696,9.892952908901162,6
1306050,3.2144293032801405,354
1306066,9.690367637781193,16
1306078,9.782972139126553,12
1306087,9.842512497839952,9
1306090,9.955813478266226,3
1306106,9.357246885395103,16
1306125,9.546392666360031,19
1306131,9.910834402789805,6
1306135,9.943601657094419,4
1306143,9.875968946950783,8
1306163,9.238301982735528,20
1306164,10.0,1
1306172,9.850046584885833,8
1306192,9.567136868366408,20
1306210,9.68137644122259,18
1306215,9.928171132257075,5
1306297,8.560594013583241,82
1306301,9.929803753661195,4
1306318,9.651217731553178,17
1306337,9.599774879243707,19
1306351,9.60392477723372,14
1306365,9.618040907717067,14
1306370,9.913393056700642,5
1306373,9.963306236218054,3
1306377,9.929123035625382,4
1306379,9.97351442348283,2
1306383,9.93976965756969,4
1306384,10.0,1
1306404,9.447700320011009,20
1306423,9.545360375286254,19
1306436,9.695133598614433,13
1306455,9.543255999144609,19
1306458,9.963053655054312,3
1306473,9.713844623123547,15
1306476,9.952219356585367,3
1306483,9.87947354780404,7
1306514,9.164095685963547,31
1306530,9.649953130601471,16
1306539,9.845991952505514,9
1306549,9.766558882427,10
1306553,9.947582013918677,4
1306565,9.75418680547839,12
1306570,9.909117601928635,5
1306577,9.86081692379577,7
1306590,9.242133674446132,13
1306603,9.727413246022081,13
1306621,9.630644175469973,18
1306629,9.857720768167116,8
1306634,9.90679127853525,5
1306642,9.85783217820743,8
1306667,9.478475066727743,25
1306671,9.930584982226454,4
1306677,9.902431011730219,6
1306696,9.643611009161813,19
1306700,9.939202034053245,4
1306713,9.70556445286369,13
1306732,9.623249535910807,19
1306734,9.982989088625397,2
1306735,10.0,1
1306750,9.681574675121036,15
1306751,10.0,1
1306767,9.604896497308504,16
1306779,9.738847484144607,12
1306806,7.107668093785608,27
1306813,9.876867521780852,7
1306821,9.873545103259387,8
1306830,9.825556498549778,9
1306831,10.0,1
1306834,9.970368363118235,3
1306848,9.72685145268007,14
1306859,9.74506431521717,11
1306869,9.798545761534315,10
1306877,9.860896100539817,8
1306881,9.936612872612114,4
1306889,9.855751626026214,8
1306895,9.607402391443793,6
1306912,9.628360170102606,17
1306923,9.774919104669983,11
1306935,9.726348308312051,12
1306943,9.845514050095373,8
1306961,9.576830040330314,18
1306972,9.801552650837568,11
1306973,10.0,1
1306974,10.0,1
1306994,9.625821420638372,20
1307012,9.556883575408376,18
1307016,9.934554684957062,4
1307023,9.885148929010347,7
1307045,9.519897076159108,22
1307059,9.684537692566392,14
1307063,9.94162407697913,4
1307064,10.0,1
1307073,9.83062204167773,9
1307088,9.679256881580116,15
1307094,9.90727701748813,6
1307095,10.0,1
1307111,9.674991756647858,16
1307120,9.822979272510223,9
1307134,9.712360245012325,14
1307144,9.79434757166922,10
1307148,9.938367735533578,4
1307159,9.483956611755358,11
1307171,9.7526935770567,12
1307182,9.776761572877865,11
1307196,9.680972129909923,14
1307206,9.707379946102197,10
1307217,9.74205774941648,11
1307223,9.904688865256407,6
1307230,9.85071717749168,7
1307245,9.699211948803102,15
1307246,10.0,1
1307249,9.964048334479248,3
1307253,9.929289307472047,4
1307263,9.787832673833705,10
1307267,9.93362975121401,4
1307278,9.750198478787583,11
1307284,9.894472547179237,6
1307296,9.655395853366358,12
1307304,9.853617687931877,8
1307307,9.966775980176443,3
1307316,9.843350122414378,9
1307343,9.454587116114535,27
1307367,9.398423258639587,24
1307374,9.868078404259428,7
1307386,9.755797535665266,12
1307391,9.899559122156514,5
1307392,9.99273818367517,1
1307405,9.691184793349088,13
1307409,9.926534539271234,4
1307419,9.783806706296708,10
1307420,10.0,1
1307422,9.977687841761885,2
1307432,9.78001061430074,10
1307439,9.865028506551178,7
1307443,9.948817173992792,4
1307458,9.696099403424574,15
1307467,9.849099237188213,9
1307468,9.996845554946114,1
1307469,10.0,1
1307470,10.0,1
1307471,10.0,1
1307475,9.941934659369497,4
1307486,9.777005327116536,11
1307494,9.843631017120384,8
1307514,9.597044625589419,20
1307528,9.719212781410777,14
1307529,10.0,1
1307530,9.989409905803287,1
1307531,9.990050398889846,1
1307539,9.835651270597095,8
1307544,9.929094642047872,5
1307551,9.847297477704124,7
1307565,9.463758143197866,14
1307571,9.882215161467778,6
1307575,9.945687683730801,4
1307586,9.763084016203454,11
1307594,9.844751668958775,8
1307599,9.925565105038425,5
1307608,9.803084272660376,9
1307614,9.897979132220666,6
1307626,9.753152065746272,12
1307632,9.901050830774874,6
1307643,9.759705795831445,11
1307650,9.859714455867378,7
1307668,9.634570849264348,18
1307680,9.720590237036564,12
1307686,9.907005625855884,6
1307693,9.852505271513401,7
1307704,9.571315097107329,11
1307715,9.762177634430268,11
1307722,9.839759784128368,7
1307723,10.0,1
1307733,9.805480416689539,10
1307737,9.937521660064629,4
1307749,9.746250447810407,12
1307756,9.794170995851154,7
1307763,9.864321658100847,7
1307777,9.684274091181477,14
1307795,9.16294029035355,18
1307806,9.668821486392353,11
1307812,9.88558022751994,6
1307825,9.731585136992564,13
1307839,9.696500639019805,14
1307848,9.63865920532338,9
1307857,9.7914945604019,9
1307860,9.957746334899921,3
1307875,9.316573873971901,15
1307893,9.61752038403793,18
1307904,9.792343902561068,11
1307908,9.945131999298898,4
1307914,9.888551091501354,6
1307921,9.873431373972268,7
1307935,9.685315815201893,14
1307936,10.0,1
1307937,10.0,1
1307945,9.84385429236298,8
1307946,10.0,1
1307964,9.547254399989464,18
1307978,9.753307695630532,14
1307996,9.48337196445109,18
1308012,9.602388805073268,16
1308022,9.81999429630366,10
1308023,9.992142565047235,1
1308029,9.888722050537062,6
1308039,9.818408284974458,10
1308064,8.030725386104754,25
1308066,9.96747210834906,2
1308067,10.0,1
1308068,10.0,1
1308074,9.876076060126938,6
1308083,9.818885477548692,9
1308089,9.902420534537471,6
1308096,9.878949038751582,7
1308101,9.928911001211329,5
1308112,9.75874847558216,11
1308117,9.911900056452366,5
1308148,9.336659723658052,31
1308166,9.588613631395711,18
1308175,9.833142268809409,9
1308188,9.710631090380788,13
1308189,10.0,1
1308199,9.806389103443125,10
1308207,9.87208943295383,8
1308217,9.7780476407731,10
1308218,9.996197217818096,1
1308224,9.904803590515714,6
1308235,9.800197534303365,11
1308245,9.776552415387075,10
1308249,9.942426089051338,4
1308258,9.803801223385669,9
1308276,9.586977179878717,18
1308302,9.347798148912373,26
1308315,9.771803329669746,13
1308327,9.741814625614786,12
1308337,9.790033364245033,10
1308346,9.837362757801651,9
1308361,9.674665421493112,15
1308363,9.978094814616481,2
1308369,9.868423730169845,6
1308380,9.783298493077307,11
1308388,9.857976412903476,8
1308401,9.72839014315769,13
1308406,9.917395127337214,5
1308415,9.801383129351018,9
1308432,9.62508361777102,17
1308433,10.0,1
1308446,9.72566631057712,13
1308466,9.5788691066465,20
1308483,9.63917172776964,17
1308498,9.720940598413073,15
1308502,9.95016767484812,4
1308515,9.7175581284768,13
1308536,9.44786391951307,21
1308549,9.723025322015978,13
1308560,9.788528192764689,11
1308576,9.640850730917196,16
1308590,9.71841536310498,14
1308597,9.8775866365832,7
1308598,10.0,1
1308612,9.744329475931645,14
1308617,9.908872607767059,5
1308621,9.947040609404967,4
1308631,9.819660408586833,10
1308647,9.695036202077604,16
1308651,9.94680386654151,4
1308669,9.582558935724602,18
1308672,9.96007793317613,3
1308688,9.641261351052364,16
1308691,9.958721255744841,3
1308708,9.478932321675051,17
1308712,9.94148471619832,4
1308722,9.796064369179392,10
1308723,9.996787012428882,1
1308739,9.695340574085627,16
1308741,9.97989271605351,2
1308745,9.94270951250291,4
1308758,9.739208304968596,13
1308761,9.946417732926019,3
1308766,9.928192088476498,5
1308772,9.90407910726011,6
1308786,9.71092785751256,14
1308797,9.793707364316447,11
1308798,10.0,1
1308814,9.470992067867732,16
1308826,8.217261578226173,12
1308837,9.81747124360259,11
1308848,9.794025936623068,11
1308865,8.620908638868372,17
1308866,9.99647272172597,1
1308873,9.877782125900556,7
1308886,9.764120560951794,13
1308923,9.10023119775153,37
1308929,9.903146401356855,6
1308946,9.65408840618102,17
1308961,9.678379561450026,15
1308964,9.961700941353573,3
1308973,9.838065924426816,9
1308997,9.486968671229395,24
1309005,9.861927124068103,8
1309006,10.0,1
1309026,9.657118964245315,20
1309041,9.677794201842856,15
1309042,10.0,1
1309050,9.858016417145341,8
1309060,9.797877927255161,10
1309063,9.967584372518965,3
1309083,9.546041404632518,20
1309084,10.0,1
1309091,9.873092400106762,7
1309097,9.910644771729864,6
1309101,9.945149035601238,4
1309113,9.728173958941737,12
1309135,8.587374515381798,22
1309157,9.519395456931857,22
1309175,9.609418326706532,18
1309181,9.920067583463602,6
1309190,9.841296498040457,9
1309219,9.35072367928287,29
1309225,9.9127689327408,6
1309233,9.854090912019556,8
1309235,9.984610831557685,2
1309239,9.930729376385743,4
1309255,9.681914983795389,16
1309265,9.780224740332837,10
1309284,9.615893261901148,19
1309301,9.635006632345585,17
1309308,9.859618487127754,7
1309323,9.671352271704922,15
1309324,10.0,1
1309325,10.0,1
1309331,9.894322816525175,6
1309342,9.78780897499545,11
1309351,9.833624671936604,9
1309358,9.84873489043841,7
1309365,9.848309726258023,7
1309381,9.633200981345277,16
1309398,9.625961458806156,17
1309407,9.814923589750046,9
1309416,9.847937797650152,9
1309428,9.723790793418678,12
1309440,9.456687142772399,12
1309458,9.683700096468629,18
1309467,9.808869729012844,9
1309472,9.929562270577843,5
1309473,10.0,1
1309490,9.67929051663524,17
1309506,9.69673554672762,16
1309514,9.843598032888162,8
1309522,9.844880786519152,8
1309528,9.877348916758697,6
1309534,9.894060385080078,6
1309543,9.566808589873249,9
1309549,9.903148199530454,6
1309557,9.74167742421798,8
1309562,9.937208718508883,5
1309571,9.816922494979302,9
1309577,9.904355606540053,6
1309596,9.599819714231934,19
1309607,9.77129005215732,11
1309623,9.64072516878929,16
1309637,9.738507207927858,14
1309650,9.693374359696014,13
1309663,9.74040892936163,13
1309674,9.819074299811781,11
1309685,9.757547334416788,11
1309686,10.0,1
1309687,9.996383423756319,1
1309694,9.86831004882747,7
1309696,9.977625347535858,2
1309703,9.866396706893877,7
1309711,9.843957323861742,8
1309722,9.690330194460689,11
1309734,9.641717783171611,12
1309751,9.64735280139411,17
1309763,9.70617207747606,12
1309764,9.988397406475979,1
1309765,9.992093698713932,1
1309766,10.0,1
1309773,9.875939387143738,7
1309786,9.68414664148539,13
1309794,9.856682017098139,8
1309804,9.781390305415236,10
1309870,7.868179767447524,66
1309877,9.874235964286154,7
1309890,9.770773231220414,13
1309904,9.701726597816997,14
1309921,9.613645350792016,17
1309932,9.765835202062561,11
1309950,9.665458085136022,18
1309962,9.739651378326421,12
1309969,9.877208373603303,7
1309978,9.807654370892203,9
1309979,10.0,1
1309994,9.677121216691118,15
1309997,9.955939959989022,3
1310001,9.928190738871553,4
1310016,9.69292689557501,15
1310017,10.0,1
1310026,9.835024865723831,9
1310037,9.786251427411605,11
1310045,9.825173991927468,8
1310046,10.0,1
1310066,9.615247117966373,20
1310074,9.834960165326812,8
1310086,9.732938890943432,12
1310100,9.736844851297695,14
1310106,9.909306423919658,6
1310113,9.87316356941744,7
1310128,9.720951424715265,15
1310129,9.996640092079536,1
1310130,10.0,1
1310145,9.71307363603087,15
1310156,9.777264788228452,11
1310161,9.921150692355216,5
1310174,9.694866033308578,13
1310175,10.0,1
1310194,9.573194874252463,19
1310206,9.755756233688961,12
1310207,10.0,1
1310214,9.880989468879871,7
1310225,9.698756840628077,11
1310232,9.885290687242772,7
1310242,9.823591132178683,10
1310251,9.811559390581342,9
1310255,9.941977830555972,4
1310265,9.715264902274477,10
1310274,9.862772635498386,9
1310279,9.91872506078971,5
1310297,9.670274969502627,18
1310310,9.706622600662786,13
1310322,9.78110727483798,12
1310323,10.0,1
1310332,9.822185149663804,9
1310336,9.939092582482214,4
1310345,9.838820962491777,9
1310353,9.857442479169524,8
1310359,9.921056018182025,6
1310369,9.797454659650256,10
1310385,9.424024268504102,16
1310395,9.787178580622156,10
1310403,9.864506983510763,8
1310423,9.102972733832678,20
1310435,9.75065485969989,12
1310448,9.783856477043958,13
1310449,10.0,1
1310464,9.633011692783189,15
1310477,9.464869686656867,13
1310480,9.971236853139743,3
1310488,9.843786444836121,8
1310495,9.876241898429612,7
1310507,9.773672145020818,12
1310508,10.0,1
1310509,9.996538595500631,1
1310510,10.0,1
1310514,9.940951438587298,4
1310559,8.617300096176319,45
1310567,9.840029965398044,8
1310584,9.638822399454918,17
1310589,9.912930932275568,5
1310602,9.69672809713808,13
1310605,9.967321663589967,3
1310621,9.654834589371363,16
1310651,9.319171725058185,30
1310661,9.788247273939579,10
1310671,9.77529495061053,10
1310684,9.715457836566328,13
1310693,9.817794359455274,9
1310715,9.577350329463005,22
1310729,9.681675925223301,14
1310740,9.75200386232317,11
1310778,7.557899603832443,38
1310799,9.115877803023876,21
1310811,9.790462230181006,12
1310821,9.681673690209989,10
1310836,9.711312217558838,15
1310848,9.751177621701329,12
1310864,9.650463920910166,16
1310866,9.967649316126245,2
1310878,9.734432952664951,12
1310889,9.7408596400272,11
1310890,10.0,1
1310912,9.564968258501386,22
1310920,9.849734406408114,8
1310921,10.0,1
1310946,9.378777509571243,25
1310950,9.930216039884591,4
1310957,9.873280643578735,7
1310980,9.448871191193094,23
1310986,9.913543399282863,6
1310989,9.952785143448512,3
1311019,9.391025617692312,30
1311029,9.810931252034235,10
1311047,9.66923287765684,18
1311061,9.770479789689892,14
1311065,9.950818025622592,4
1311075,9.70090055150079,10
1311086,9.825833474359012,11
1311109,9.52858562315211,23
1311193,8.521668025466218,84
1311242,9.17450352703617,49
1311243,10.0,1
1311743,-17.27732847501543,500
1312243,-12.7341900196347,500
1312743,-42.27819044256737,500
1313243,-41.48161244255632,500
1313266,9.483886657467902,23
1313268,9.97406075194258,2
1313768,-139.514109427186,500
1314268,-66.84865639304824,500
1314768,-26.53916093517737,500
1315268,-128.006478625582,500
1315275,9.89468477549289,7
1315775,-16.305452562559406,500
1315776,10.0,1
1315789,9.741482887488278,13
1315801,9.799356786833805,12
1315819,9.599689446950842,18
1315825,9.887203452285858,6
1315847,9.294646471430738,22
1315860,9.710822591188265,13
1315870,9.822037200558887,10
1315871,9.995945520381047,1
1315879,9.839710747482448,8
1315895,9.70231561107039,16
1315906,9.788456030350034,11
1315922,9.69256201007518,16
1315935,9.758209581937649,13
1315964,6.439738688468196,29
1315973,9.810206975714404,9
1315982,9.828879465606438,9
1315988,9.9047008205331,6
1316002,9.701650512696215,14
1316003,10.0,1
1316018,9.670940526053108,15
1316032,9.728009736613126,14
1316041,9.837313050307744,9
1316058,9.632002432883871,17
1316068,9.825741656934204,10
1316070,9.983381825784742,2
1316090,9.535804021029497,20
1316099,9.802098091026355,9
1316105,9.877190021249609,6
1316117,9.743377744291884,12
1316128,9.749082635327753,11
1316145,9.534680287885122,17
1316151,9.901693728252342,6
1316160,9.820051666766327,9
1316333,-58.05951271056408,173
1316342,9.755117210685697,9
1316350,9.85970063162127,8
1316351,10.0,1
1316365,9.698019959576971,14
1316369,9.944874315358115,4
1316373,9.939092512367035,4
1316386,9.524946090824601,13
1316397,9.773345744592788,11
1316403,9.901915850173033,6
1316421,9.557573390149717,18
1316432,9.77248167595175,11
1316449,9.595584270149097,17
1316463,9.425475549210594,14
1316464,9.996441541869613,1
1316479,9.675684277247921,15
1316480,10.0,1
1316484,9.943636425052246,4
1316505,9.586572409433556,21
1316524,9.55516656514106,19
1316532,9.646089453577098,8
1316546,9.707370596239201,14
1316562,9.655242731073598,16
1316573,9.812310429531326,11
1316588,9.712905463490157,15
1316601,9.764963024134907,13
1316613,9.765297445753157,12
1316620,9.867867109267795,7
1316630,9.800641555908033,10
1316638,9.857406497995761,8
1316642,9.935964308838782,4
1316654,9.770582028488883,12
1316659,9.924948588832507,5
1316672,9.739202554141638,13
1316683,9.807380036255662,11
1316694,9.810523705223188,11
1316695,10.0,1
1316708,9.735717075313984,13
1316713,9.908778222417336,5
1316723,9.768563588040434,10
1316727,9.939310491234599,4
1316735,9.869051763938387,8
1316744,9.83906967006015,9
1316768,9.520871239906421,24
1316782,9.71944019431499,14
1316795,9.702405544212759,13
1316802,9.887989071690052,7
1316810,9.853675737448166,8
1316824,9.664642075294815,14
1316834,9.804179860351855,10
1316842,9.840760073317234,8
1316846,9.928868146190538,4
1316856,9.761913697622676,10
1316867,9.79387850204022,11
1316875,9.841978940747966,8
1316887,9.786304971547374,12
1316899,9.673287088137988,12
1316900,10.0,1
1316901,10.0,1
1316903,9.981671571284064,2
1316904,10.0,1
1316921,9.688739822052312,17
1316930,9.81510568083197,9
1316931,9.988947072909903,1
1316953,9.56806939529168,22
1316957,9.930405200271203,4
1316959,9.972895917526431,2
1317014,8.987614141377936,55
1317027,9.736843803897155,13
1317036,9.839437438923529,9
1317050,9.707202385186765,14
1317053,9.956907301662522,3
1317072,9.66288567294003,19
1317079,9.87217007025799,7
1317092,9.70030544109214,13
1317107,9.69560127614553,15
1317121,9.68604155671488,14
1317135,9.668091379546885,14
1317144,9.822019351687088,9
1317145,10.0,1
1317151,9.888284193398164,6
1317162,9.786775813728415,11
1317169,9.885102692800261,7
1317170,9.99305299023579,1
1317178,9.842096784356341,8
1317185,9.86234380162284,7
1317191,9.905286102733353,6
1317209,9.5448864101549,18
1317215,9.888368261085262,6
1317224,9.797077513325599,9
1317232,9.855579874419869,8
1317233,10.0,1
1317254,9.537886820982163,21
1317270,9.66589362355228,16
1317280,9.773930853198049,10
1317295,9.679510889148245,15
1317305,9.800895403952884,10
1317318,9.70156448895225,13
1317334,9.615335321385107,16
1317341,9.863384737195744,7
1317421,8.227356579697428,80
1317429,9.853406606220215,8
1317439,9.784286922053141,10
1317445,9.88699725338738,6
1317454,9.780669441483072,9
1317469,9.565632917800368,15
1317482,9.716652864309753,13
1317491,9.836056757027144,9
1317502,9.745801581049568,11
1317514,9.779375292400818,12
1317524,9.791821965934496,10
1317549,9.489454990797762,25
1317553,9.937141435797631,4
1317554,10.0,1
1317565,9.766446081652743,11
1317578,9.761305529633457,13
1317585,9.585484309961265,7
1317594,9.809085943768356,9
1317605,9.768892681199382,11
1317606,9.992848440610754,1
1317614,9.739044256160712,8
1317625,9.773349022752376,11
1317632,9.852858847760672,7
1317654,9.55831695205769,22
1317661,9.873496904281499,7
1317666,9.906808319674717,5
1317684,9.62663110586187,18
1317689,9.916644477846404,5
1317699,9.796766873298994,10
1317709,9.7732335636669,10
1317714,9.90944090064438,5
1317737,9.553415890909923,23
1317749,9.77516530302224,12
1317752,9.972434312684847,3
1317761,9.817331296392238,9
1317762,9.989477956257554,1
1317766,9.923515672509952,4
1317785,9.593097471856455,19
1317793,9.862745022732856,8
1317798,9.92524898485378,5
1317800,9.97104961532891,2
1317817,9.602366347929964,17
1317828,9.756977230059615,11
1317830,9.97179825756606,2
1317836,9.898946714995557,6
1317837,10.0,1
1317864,9.251839241815686,27
1317876,9.764415921864535,12
1317890,9.719864051379165,14
1317893,9.966815714911194,3
1317910,9.429604500336701,17
1317911,10.0,1
1317912,10.0,1
1317921,9.830446082835099,9
1317928,9.683786166846494,7
1317947,9.342963246010903,19
1317953,9.89872504267547,6
1317956,9.967609675728275,3
1317972,9.686933057122776,16
1317980,9.847770957846517,8
1317987,9.87184075807458,7
1317995,9.83564945093179,8
1318008,9.728361944954067,13
1318011,9.953439125812134,3
1318013,9.970117404326155,2
1318028,9.676780140824878,15
1318036,9.857060135176404,8
1318046,9.798350777588945,10
1318053,9.874337648456413,7
1318054,10.0,1
1318061,9.849073801354127,7
1318062,10.0,1
1318063,10.0,1
1318070,9.85630900085612,7
1318079,9.813954192490518,9
1318086,9.89139859352102,7
1318096,9.850616867122525,10
1318108,9.775182929374195,12
1318118,9.80801316841802,10
1318130,9.72266410846428,12
1318133,9.965419454011117,3
1318147,9.69934794619533,14
1318161,9.672222570680361,14
1318163,9.976006484496429,2
1318177,9.59753192072909,14
1318198,9.591796342273064,21
1318209,9.664411377903697,11
1318217,9.854886423126738,8
1318218,9.996190857837925,1
1318223,9.914771886496922,5
1318241,9.549680277022466,18
1318255,9.587277149627132,14
1318262,9.871690648580179,7
1318268,9.908084559549698,6
1318276,9.860785654179148,8
1318277,9.992170858289494,1
1318290,9.725734975724357,13
1318301,9.822271465977346,11
1318465,6.067166678127154,164
1318482,9.657264215809317,17
1318492,9.78897746663998,10
1318500,9.863660260415186,8
1318503,9.963066591221672,3
1318519,9.648919296454594,16
1318530,9.767673231698689,11
1318537,9.883230388058266,7
1318544,9.869891682058322,7
1318550,9.905550191582934,6
1318566,9.66172145061357,16
1318579,9.745446878118061,13
1318587,9.828851855208137,8
1318598,9.79509316337494,11
1319098,-165.6250389843231,500
1319545,-158.05584868280005,447
1319549,9.931920532352592,4
1319555,9.888372759466577,6
1319563,9.845233175749192,8
1319575,9.732951502044017,12
1319598,9.360569081363138,23
1319612,9.704679006902422,14
1319615,9.950925534501842,3
1319623,9.86702912033275,8
1319647,9.381070885803023,24
1319668,9.464818431369805,21
1319676,9.838479341683648,8
1319679,9.948497232287478,3
1319690,9.817792434935487,11
1319698,9.851011862115628,8
1319709,9.8256049839903,11
1319721,9.762840458328968,12
1319737,9.67751029698589,16
1319748,9.749428913942253,11
1319753,9.92451526193996,5
1319767,9.712874425439376,14
1319780,9.704576388991605,13
1319790,9.802666435180244,10
1319798,9.823252763499704,8
1319822,9.281736141258197,24
1319829,9.850120764577271,7
1319836,9.862290372970971,7
1319845,9.811252322446363,9
1319850,9.904064625666683,5
1319869,9.639742321010875,19
1319924,8.787443242234962,55
1319925,10.0,1
1319928,9.962661158429714,3
1319938,9.818726181413867,10
1319943,9.911028219048987,5
1319955,9.748942754229779,12
1319965,9.795008151888412,10
1319997,8.637201039043404,32
1320010,9.731616525518557,13
1320022,9.730083600850687,12
1320036,9.665865296308843,14
1320051,9.64905024736217,15
1320065,9.711964360129862,14
1320074,9.82230938321894,9
1320089,9.642476911929204,15
1320090,9.996234279857056,1
1320098,9.847413316968042,8
1320110,9.764420468784985,12
1320123,9.723189256059802,13
1320135,9.71934467674189,12
1320149,9.666828994009697,14
1320150,10.0,1
1320174,9.483136005817693,24
1320188,9.730655586087316,14
1320195,9.84422416061144,7
1320200,9.927153105807074,5
1320210,9.82589756868085,10
1320211,10.0,1
1320212,10.0,1
1320222,9.7835342737032,10
1320234,9.772156621638064,12
1320241,9.86361680021753,7
1320260,9.303741076334152,19
1320276,9.651467902427356,16
1320277,9.996555436250292,1
1320291,9.684760899798833,14
1320316,9.424301962993274,25
1320317,10.0,1
1320322,9.92468715883427,5
1320330,9.83244649513149,8
1320335,9.917781155423869,5
1320339,9.938555471872563,4
1320354,9.662165217604148,15
1320355,10.0,1
1320378,9.524154719852113,23
1320383,9.91200679689059,5
1320392,9.79413334412515,9
1320404,9.772015465946417,12
1320413,9.848667095266567,9
1320424,9.749562815891345,11
1320425,10.0,1
1320442,9.61392592315135,17
1320452,9.778438618581397,10
1320468,9.620384794983556,16
1320482,9.698269769620385,14
1320493,9.784207263231306,11
1320496,9.955874741326415,3
1320498,9.970667986736661,2
1320516,9.600324935706,18
1320522,9.880914090840504,6
1320530,9.744200500941067,8
1320540,9.818933781900514,10
1320552,9.749537007436205,12
1320571,9.606909064628592,19
1320580,9.852363944579364,9
1320591,9.785558414267012,11
1320592,10.0,1
1320601,9.848582184671157,9
1320603,9.976206134856554,2
1320604,9.99647300571411,1
1320606,9.981752377272047,2
1320652,8.969883894406246,46
1320662,9.815084506778694,10
1320725,8.61051304723038,63
1320740,8.925997201462911,15
1320748,9.850201823937486,8
1320755,9.860974372228524,7
1320760,9.906735538567203,5
1320771,9.764483697788032,11
1320782,9.783755530201352,11
1320802,9.585667966974471,20
1320809,9.874440204326532,7
1320826,9.620093590952628,17
1320848,9.538725638168046,22
1320854,9.897617984980295,6
1320862,9.852262292141003,8
1320871,9.79350355651814,9
1320890,9.390477547444105,19
1320900,9.817158675708722,10
1320908,9.840506032220866,8
1320910,9.975997498422462,2
1320912,9.97528365015536,2
1320913,10.0,1
1320937,9.471352071314959,24
1320945,9.839092808950637,8
1320955,9.795898397786225,10
1320963,9.835479340196663,8
1320967,9.944345135181795,4
1320975,9.829906205650428,8
1320979,9.945124525522644,4
1320987,9.845689543761887,8
1320993,9.894974128988936,6
1321010,9.67318640407501,17
1321022,9.722580112391242,12
1321026,9.93334597993809,4
1321027,10.0,1
1321035,9.842075430446203,8
1321046,9.785519700121519,11
1321057,9.779969267820018,11
1321076,9.543714090696046,19
1321082,9.882547902653075,6
1321098,9.623107043768066,16
1321112,9.677129298424571,14
1321127,9.703968195402178,15
1321154,9.498197424669604,27
1321162,9.830893041355036,8
1321180,9.605709547867892,18
1321193,9.713179008301955,13
1321202,9.832426468192487,9
1321218,9.653284700941127,16
1321224,9.89374213693794,6
1321235,9.830473282699897,11
1321250,9.449867932316447,15
1321251,10.0,1
1321266,9.726769750813398,15
1321298,9.361596317483194,32
1321310,9.745537213225935,12
1321323,9.752451597791712,13
1321328,9.914513872726882,5
1321336,9.853527893086724,8
1321350,9.720574820603435,14
1321358,9.872675274808365,8
1321379,9.504897596246007,21
1321380,10.0,1
1321463,8.491268651507733,83
1321473,9.803686147761818,10
1321483,9.79572404833994,10
1321497,9.72165486565532,14
1321512,9.6922323568852,15
1321524,9.800386295889005,12
1321536,9.74568834055258,12
1321544,9.842569351680664,8
1321552,9.856363492229594,8
1321553,9.988693653418089,1
1321561,9.833605711993076,8
1321566,9.921824360336887,5
1321578,9.72723646467928,12
1321579,10.0,1
1321585,9.894161730844374,6
1321590,9.935860175867411,5
1321601,9.765335006243014,11
1321605,9.940103389870433,4
1321618,9.692884276825833,13
1321630,9.744339550002152,12
1321642,9.748642071992219,12
1321647,9.90626927756627,5
1321648,9.992777480760498,1
1321651,9.968757308367904,3
1321662,9.74344029321399,11
1321684,9.57034253213773,22
1321697,9.718493936293031,13
1321706,9.838907393904321,9
1321710,9.931751501491634,4
1321722,9.659985100161077,12
1321731,9.814837359666893,9
1321754,9.543324119715757,23
1321759,9.917439611907865,5
1321760,9.987981307679211,1
1321761,10.0,1
1321776,9.707124551664107,15
1321784,9.853914795781561,8
1321790,9.884300986372649,6
1321799,9.816629139891953,9
1321808,9.809689249850686,9
1321809,10.0,1
1321817,9.828438626851769,8
1321833,9.66580826643643,16
1321834,10.0,1
1321840,9.888293514621845,6
1321846,9.89246778890576,6
1321858,9.764298262952146,12
1321869,9.756896156440478,11
1321879,9.797074492325125,10
1321880,10.0,1
1321889,9.844250881787948,9
1321890,10.0,1
1321891,10.0,1
1321901,9.766935836641192,10
1321908,9.859234539923522,7
1321913,9.92973063955673,5
1321928,9.679954380890031,15
1321933,9.91932576148365,5
1321934,10.0,1
1321946,9.747719766555099,12
1321953,9.890913168735914,7
1321969,9.693815387986332,16
1321975,9.88488931776549,6
1321988,9.745098642798697,13
1321991,9.965573478680604,3
1321996,9.919770208675882,5
1322012,9.68037922865569,16
1322023,9.746566276415818,11
1322044,9.448973932481245,21
1322046,9.974165938460214,2
1322056,9.793096462132418,10
1322061,9.92729874997542,5
1322070,9.838075678212185,9
1322082,9.739478820652735,12
1322088,9.781838765651848,6
1322098,9.770094388070108,10
1322102,9.941614562938803,4
1322118,9.666242362333184,16
1322127,9.830693617176074,9
1322132,9.906512304343904,5
1322143,9.813021787471145,11
1322153,9.83323238975485,10
1322163,9.861159840061442,10
1322172,9.80789665887795,9
1322180,9.83604229146608,8
1322191,9.764498648160796,11
1322192,10.0,1
1322401,5.268809077019486,209
1322415,9.70638659387423,14
1322428,9.755438960823657,13
1322445,9.659050628100085,17
1322452,9.872931338177958,7
1322464,9.762612048932246,12
1322476,9.748129768665326,12
1322486,9.790196396162168,10
1322491,9.934110204221259,5
1322498,9.90413444036592,7
1322504,9.910742874213588,6
1322513,9.858176532301014,9
1322517,9.935878340923594,4
1322518,10.0,1
1322519,10.0,1
1322522,9.96506469929049,3
1322535,9.764778827504431,13
1322536,10.0,1
1322540,9.932070849646822,4
1322544,9.938291907858881,4
1322564,9.549017007801943,20
1322574,9.805735065663315,10
1322585,9.780163207054647,11
1322591,9.898859719665516,6
1322592,10.0,1
1322596,9.94045683998063,4
1322602,9.879101554935406,6
1322616,9.710231033283645,14
1322622,9.888173183695708,6
1322629,9.87287907462255,7
1322645,9.68392743450596,16
1322666,9.566543376545143,21
1322671,9.93912895053957,5
1322690,9.606107579204856,19
1322695,9.927979807140177,5
1322701,9.88781623028528,6
1322706,9.934548447109922,5
1322718,9.774928218166746,12
1322734,9.63727626894485,16
1322755,9.485327481185418,21
1322761,9.890164199633315,6
1322799,9.315920326586248,38
1322807,9.835117643115806,8
1322826,9.603508095401885,19
1322830,9.927990464786843,4
1322845,9.619739675415294,15
1322861,9.665590583859538,16
1322871,9.804915565593676,10
1322872,10.0,1
1322887,9.670447020381514,15
1322899,9.765209447820748,12
1322912,9.717348497472571,13
1322924,9.787120640547217,12
1322928,9.927920942461634,4
1322939,9.771264309891405,11
1322954,9.69650374092275,15
1322960,9.900875165887191,6
1322971,9.80380580233203,11
1322978,9.887879092896888,7
1322986,9.845888350723266,8
1322988,9.973642953126712,2
1323000,9.741691708503554,12
1323008,9.858437730876718,8
1323036,9.511830907709786,28
1323075,8.214542606591866,39
1323087,9.716670383033225,12
1323094,9.860882718079994,7
1323107,9.726799388401282,13
1323108,10.0,1
1323114,9.902601673949604,6
1323115,10.0,1
1323138,9.464896315008806,23
1323139,10.0,1
1323150,9.756078776810638,11
1323163,9.713068828830748,13
1323181,9.623516557265292,18
1323186,9.917613553232208,5
1323187,10.0,1
1323202,9.628198689310933,15
1323210,9.839188279338911,8
1323227,9.623615149266268,17
1323231,9.948489037129061,4
1323232,10.0,1
1323248,9.634988517377693,16
1323256,9.829571481980205,8
1323272,9.625060310548402,16
1323288,9.54088007583259,16
1323302,9.706833990740076,14
1323306,9.934054653384162,4
1323315,9.791485614526623,9
1323324,9.825655831531105,9
1323325,10.0,1
1323329,9.945276631228861,4
1323333,9.952482923398264,4
1323348,9.646151968265785,15
1323354,9.896654651778613,6
1323361,9.860011540599464,7
1323372,9.801978871369764,11
1323404,9.404307009233406,32
1323416,9.77687006664498,12
1323417,10.0,1
1323421,9.940812727907176,4
1323426,9.902364137375855,5
1323433,9.855122166204158,7
1323438,9.929604729805769,5
1323445,9.878654738614701,7
1323457,9.802572287069797,12
1323467,9.79978146242274,10
1323483,9.649373654626215,16
1323497,9.644816574965217,14
1323518,9.534442666159924,21
1323526,9.862730856875439,8
1323536,9.817554856622149,10
1323542,9.90792852617754,6
1323552,9.820482284934199,10
1323560,9.8749328254284,8
1323563,9.950158948920738,3
1323568,9.916048860551934,5
1323573,9.9204426374346,5
1323582,9.825599507063664,9
1323595,9.742683921189357,13
1323596,10.0,1
1323600,9.94459181684373,4
1323608,9.843245469538175,8
1323615,9.853855826608,7
1323625,9.78520928969499,10
1323633,9.845561194125787,8
1323645,9.698073819104232,12
1323654,9.859574154167031,9
1323660,9.881776927061978,6
1323671,9.745038107886378,11
1323679,9.862588268185371,8
1323696,9.62601560327184,17
1323698,9.979538616396093,2
1323711,9.694073841904366,13
1323729,9.53390575465906,18
1323730,10.0,1
1323731,9.996676984527502,1
1323733,9.980327690510528,2
1323737,9.934052039323666,4
1323808,8.545378943745838,71
1323818,9.821848933144837,10
1323828,9.806761047273303,10
1323841,9.728371963305625,13
1323847,9.87866217805917,6
1323903,7.048588859152396,56
1323915,9.741097675397773,12
1323924,9.85963657400051,9
1323935,9.781777674450359,11
1323936,10.0,1
1323937,10.0,1
1323959,9.554518263426885,22
1323964,9.919026803212773,5
1323981,9.663798197207363,17
1323999,9.565997246173112,18
1324002,9.9662662070923,3
1324020,9.598530094545847,18
1324021,10.0,1
1324029,9.846064762588393,8
1324046,9.698083464017772,17
1324050,9.933598267546472,4
1324051,10.0,1
1324052,10.0,1
1324063,9.76733099542067,11
1324064,9.99240551418692,1
1324069,9.916161643812428,5
1324077,9.873863157134695,8
1324090,9.724203810518105,13
1324116,9.292485904238724,26
1324137,9.618402032916912,21
1324172,2.109017817967848,35
1324184,9.76779112859901,12
1324185,10.0,1
1324195,9.825282112138371,10
1324203,9.8488117415631,8
1324214,9.78153220168589,11
1324225,9.790589708203354,11
1324247,9.54082473551948,22
1324255,9.837329425746383,8
1324269,9.656749222880025,14
1324275,9.903053266733599,6
1324286,9.768529828087386,11
1324298,9.71830798736267,12
1324310,9.775977492075981,12
1324316,9.900650921723315,6
1324329,9.684798276343564,13
1324339,9.576654688768214,10
1324350,9.772634941566842,11
1324361,9.76240775299369,11
1324368,9.866543036102032,7
1324386,9.614607979080315,18
1324394,9.845762667150202,8
1324395,10.0,1
1324402,9.870920746831501,7
1324413,9.73869057648667,11
1324422,9.806730040907059,9
1324433,9.79138595153699,11
1324434,9.99609240158457,1
1324461,9.472901720566185,27
1324465,9.949066488085439,4
1324472,9.898606456063439,7
1324478,9.890595355506907,6
1324505,9.449185818032175,27
1324515,9.79021298557638,10
1324526,9.845637142614958,11
1324534,9.843963468188438,8
1324546,9.733540185367378,12
1324553,9.874867507874667,7
1324561,9.839657341940653,8
1324572,9.81181546236095,11
1324575,9.965203756167814,3
1324590,9.694622842885884,15
1324604,9.724580379239315,14
1324605,10.0,1
1324613,9.87796114862685,8
1324614,10.0,1
1324620,9.885912129390707,6
1324631,9.804203817098642,11
1324654,9.56400078742744,23
1324664,9.79324437132219,10
1324684,9.553981691747769,20
1324685,9.99677195801487,1
1324701,9.666119179418066,16
1324717,9.661952834365717,16
1324731,9.6769518309396,14
1324748,9.654249879573317,17
1324791,8.943662181042969,43
1324794,9.955844192741505,3
1324797,9.962626447360746,3
1324815,9.602409786116036,18
1324823,9.855251150066936,8
1324838,9.700805095697655,15
1324850,9.766717529113478,12
1324865,9.692044826471177,15
1324872,9.851837740095998,7
1324888,9.63863541065204,16
1324898,9.790758111412107,10
1324915,9.655930385140792,17
1324916,10.0,1
1324929,9.698949132180156,13
1324945,9.672487641878938,16
1324967,9.454078849126613,22
1324977,9.812146289816548,10
1324978,10.0,1
1324989,9.770101846067945,11
1324997,9.824968199605573,8
1324998,10.0,1
1325018,9.52077826904933,20
1325028,9.828078002504352,10
1325035,9.899379883644462,7
1325045,9.825494178193884,10
1325046,10.0,1
1325047,9.992630714481027,1
1325056,9.791359314685318,9
1325067,9.77614883917912,11
1325086,9.593120243208332,19
1325094,9.830432855660787,8
1325119,9.47236956013448,25
1325127,9.82809556108235,8
1325141,9.642915038030917,14
1325158,9.608095695855232,17
1325159,10.0,1
1325160,10.0,1
1325169,9.817254803921067,9
1325177,9.82527521310829,8
1325187,9.803527398964183,10
1325202,9.708682285705134,15
1325210,9.842101285386908,8
1325224,9.674165415164811,14
1325237,9.715917704835789,13
1325245,9.833363839149838,8
1325252,9.878181799770394,7
1325254,9.97915163543552,2
1325267,9.778754029997176,13
1325277,9.7902296877124,10
1325288,9.75184553338709,11
1325298,9.783797965558579,10
1325308,9.781044578960557,10
1325319,9.748955218275096,11
1325328,9.826840796550208,9
1325337,9.818341481686508,9
1325342,9.930127391550268,5
1325343,10.0,1
1325358,9.669940525143497,15
1325370,9.77829912503398,12
1325371,10.0,1
1325382,9.786353313576349,11
1325391,9.826755041289546,9
1325412,9.542787133009769,21
1325425,9.757896102641462,13
1325426,10.0,1
1325441,9.683424373159683,15
1325452,9.761557206766339,11
1325952,-9.675133418907773,500
1325971,9.634081173143763,19
1325972,10.0,1
1325985,9.784415080626175,13
1325995,9.779492362553109,10
1326002,9.892510962134443,7
1326010,9.863018879161377,8
1326019,9.812313938440735,9
1326045,9.315326445393614,26
1326058,9.738374780479297,13
1326066,9.891165075578154,8
1326067,10.0,1
1326076,9.849146926432846,9
1326084,9.842985926101296,8
1326089,9.916044762895796,5
1326093,9.93983995191404,4
1326098,9.818438438355935,5
1326114,9.651703809562031,16
1326121,9.873656304864737,7
1326128,9.860047846026317,7
1326149,9.645013731772062,21
1326161,9.725660516261566,12
1326166,9.92112660384448,5
1326182,9.639611242224277,16
1326191,9.829598704621176,9
1326195,9.929353192347728,4
1326205,9.775120001957234,10
1326206,10.0,1
1326218,9.77530569349284,12
1326228,9.775285333621431,10
1326230,9.980256462056365,2
1326231,10.0,1
1326236,9.925934740087854,5
1326246,9.79766344483826,10
1326248,9.978466322005376,2
1326257,9.803297662635817,9
1326258,10.0,1
1326269,9.783218295352956,11
1326281,9.793465254170119,12
1326292,9.757471356653712,11
1326296,9.942518246537718,4
1326303,9.881549892611467,7
1326315,9.745120463490085,12
1326337,9.465860963968147,22
1326349,9.753743000136835,12
1326357,9.85412347090328,8
1326362,9.912766975450756,5
1326375,9.779765696526495,13
1326384,9.850905963230167,9
1326398,9.694245014468105,14
1326411,9.78382750180201,13
1326418,9.90198081636637,7
1326424,9.893612450321873,6
1326460,9.065955806209784,36
1326470,9.813866520412407,10
1326478,9.851783265894067,8
1326485,9.88946859923425,7
1326490,9.938149814663413,5
1326491,10.0,1
1326505,9.707142023820378,14
1326511,9.89609705398788,6
1326560,9.021478327057395,49
1326566,9.882161925756884,6
1326573,9.88036324206591,7
1326585,9.738246446338199,12
1326586,9.988283834949879,1
1326592,9.899456872841267,6
1326609,9.624033240808915,17
1326610,10.0,1
1326624,9.726872946628045,14
1326636,9.719150144275623,12
1326647,9.786343063135519,11
1326659,9.737239224418747,12
1326660,10.0,1
1326681,9.509128861025305,21
1326682,9.993028383111662,1
1326685,9.957442795894368,3
1326691,9.890973167400885,6
1326702,9.756000450086539,11
1326713,9.755664851460393,11
1326714,10.0,1
1326715,10.0,1
1326718,9.956513021715883,3
1326728,9.80938723268606,10
1326736,9.837328013026507,8
1326745,9.81929225690327,9
1326750,9.90938210537809,5
1326758,9.653292587018475,8
1326762,9.945044915243002,4
1326776,9.705733151246726,14
1326780,9.940506735445153,4
1326790,9.822531318695443,10
1326802,9.751558707217558,12
1326813,9.788750083105636,11
1326821,9.838561578707973,8
1326838,9.646813259877698,17
1326854,9.662505538317106,16
1326867,9.70520574258675,13
1326876,9.839192979306718,9
1326883,9.866765914868726,7
1326891,9.843576127779585,8
1326911,9.645526390553547,20
1326918,9.877175591666983,7
1326930,9.75743869776426,12
1326943,9.71605767742936,13
1326955,9.759494033816862,12
1326962,9.871052814403699,7
1326973,9.786554862537447,11
1326988,9.669181471911944,15
1326994,9.885030668428957,6
1327001,9.883433000502942,7
1327014,9.698466117909947,13
1327027,9.760029671316834,13
1327043,8.855920815417036,16
1327062,9.606968980485563,19
1327074,9.746188915105403,12
1327079,9.91025218943728,5
1327080,10.0,1
1327081,10.0,1
1327089,9.861543911420448,8
1327103,9.699565311287323,14
1327110,9.898042903452799,7
1327122,9.738972240193544,12
1327132,9.796836886182083,10
1327140,9.842933699362291,8
1327148,9.850623217537022,8
1327158,9.814896003170704,10
1327165,9.870644859203882,7
1327170,9.900561206456834,5
1327171,10.0,1
1327180,9.852521232153475,9
1327181,10.0,1
1327200,9.621830899032885,19
1327210,9.806276296809472,10
1327215,9.911700292708803,5
1327222,9.859267798578777,7
1327722,-15.342577551392436,500
1327728,9.896217649816087,6
1327759,9.37667085742114,31
1327760,10.0,1
1327768,9.833264700826984,8
1327781,9.753479251459027,13
1327789,9.848661733079455,8
1327790,9.99211375730817,1
1327802,9.773761079660316,12
1327815,9.709528473616642,13
1327825,9.776891321648465,10
1327842,9.69240216513049,17
1327850,9.860647426068764,8
1327867,9.66477525519882,17
1327875,9.872746857402609,8
1327876,9.996378561359665,1
1327883,9.882779985351851,7
1327906,9.464652522819124,23
1327910,9.93806601972696,4
1327921,9.745566520697034,11
1327925,9.934557272554537,4
1327932,9.877037704045557,7
1327936,9.952288507651284,4
1327952,9.686617350939585,16
1327953,10.0,1
1327960,9.888187990627333,7
1327968,9.83614568451633,8
1327982,9.692580890960603,14
1327987,9.919041584693932,5
1327994,9.856881714581625,7
1328002,9.8726592961036,8
1328014,9.800132685564803,12
1328042,9.459376620628689,28
1328051,9.845589484565485,9
1328074,9.472024272374828,23
1328081,9.881654108203131,7
1328083,9.981339249405066,2
1328094,9.754928793690448,11
1328110,9.729520370951617,16
1328123,9.742044389249497,13
1328142,9.542412453932915,19
1328152,9.80372539731161,10
1328165,9.76362396838594,13
1328173,9.844126525033843,8
1328185,9.720043228940812,12
1328203,9.566752320221747,18
1328216,9.714576203789669,13
1328236,8.86668728078831,20
1328252,9.668897685129082,16
1328271,9.544838790056758,19
1328272,10.0,1
1328285,9.751312021544132,13
1328294,9.833784316853839,9
1328304,9.803337589986661,10
1328306,9.98215189896962,2
1328361,8.708317298477269,55
1328375,9.772259745386393,14
1328376,10.0,1
1328381,9.930382243762882,5
1328382,9.993422296104002,1
1328882,-12.103231119900757,500
1329255,2.1189876008578645,373
1329267,9.765832242486956,12
1329281,9.718047783037942,14
1329294,9.713115285256588,13
1329295,10.0,1
1329311,9.630674722610856,16
1329315,9.939607043925545,4
1329330,9.690389743063612,15
1329340,9.811324780625206,10
1329344,9.94635726723176,4
1329357,9.76380584284103,13
1329381,9.422504689200277,24
1329386,9.92905456465919,5
1329393,9.861156591003372,7
1329412,9.645283971337783,19
1329426,9.752228762170269,14
1329438,9.75501359744719,12
1329453,9.676722534447,15
1329460,9.864949804854861,7
1329477,9.70252885141495,17
1329497,9.583087023360605,20
1329514,9.507559821528904,17
1329532,9.639932189868086,18
1329554,9.455002070701278,22
1329563,9.87451836412836,9
1329578,9.6626077525121,15
1329591,9.693785845207447,13
1329606,9.71698195358486,15
1329612,9.889686904977177,6
1329624,9.744997722734507,12
1329657,9.363760439083878,33
1329658,9.991476305775407,1
1329665,9.882936633835916,7
1329668,9.952314307124478,3
1329686,9.624751812653543,18
1329698,9.745375035982399,12
1329707,9.855797110375512,9
1329723,9.55137712820733,16
1329731,9.870455354617095,8
1329741,9.805206719782635,10
1329756,9.652420471186764,15
1329765,9.816987992849185,9
1329782,9.657613672874767,17
1329788,9.93022692958392,6
1329798,9.817020057250774,10
1329808,9.782563343851884,10
1329829,9.522768471517185,21
1329835,9.885127371796717,6
1329845,9.786090166396944,10
1329866,9.537600371864993,21
1329875,9.826453889230343,9
1329881,9.891010573918434,6
1329887,9.915465013418032,6
1329895,9.845317295568929,8
1329896,10.0,1
1329897,10.0,1
1329902,9.919145581972826,5
1329908,9.893957246107075,6
1329909,9.99674525318779,1
1329914,9.911918722819445,5
1329923,9.832055079291667,9
1329939,9.660799838460026,16
1329946,9.850394053304065,7
1329952,9.909725038885869,6
1329967,9.71529455643535,15
1329970,9.965255728751618,3
1329977,9.895535651192962,7
1329989,9.763494534020717,12
1329997,9.872788485088824,8
1330001,9.947639199344433,4
1330017,9.659388421919735,16
1330033,9.628824993043624,16
1330040,9.86616813430467,7
1330049,9.811988703812192,9
1330055,9.885503123155011,6
1330056,10.0,1
1330059,9.958655961705816,3
1330074,9.669443565455198,15
1330087,9.765117044962638,13
1330088,10.0,1
1330100,9.725612313207547,12
1330110,9.848705809108186,10
1330123,9.402168536855758,13
1330148,9.475094686896304,25
1330159,9.780570072169489,11
1330165,9.906906073601105,6
1330202,9.37568200663087,37
1330217,9.66626445770536,15
1330232,9.701134986515719,15
1330235,9.958523125058093,3
1330245,9.770928076831357,10
1330261,9.62775388769664,16
1330268,9.86675473871445,7
1330284,9.666664746150765,16
1330291,9.88174454464475,7
1330293,9.97167965896026,2
1330299,9.589748898513731,6
1330311,9.647267778205745,12
1330317,9.89633504545467,6
1330326,9.839533465480047,9
1330341,9.712708072391287,15
1330355,9.707272587732552,14
1330366,9.824917558115256,11
1330367,10.0,1
1330378,9.74479888702114,11
1330390,9.745201764990222,12
1330400,9.77932023117391,10
1330413,9.705069876395326,13
1330416,9.944420370706604,3
1330424,9.842939231827025,8
1330439,9.708933352817299,15
1330449,9.802053414527164,10
1330455,9.914252492819394,6
1330470,9.667020011547638,15
1330473,9.943997130472553,3
1330478,9.906548870077756,5
1330479,10.0,1
1330492,9.75002976180036,13
1330551,8.674440236745614,59
1330561,9.800908661786924,10
1330575,9.701212958857171,14
1330576,10.0,1
1330577,10.0,1
1330578,10.0,1
1330671,8.419497369100222,93
1330681,9.798472434118297,10
1330688,9.86047132994614,7
1330698,9.806700768738466,10
1330707,9.729789061347576,9
1330789,8.465985594256523,82
1330817,9.453092393542569,28
1330825,9.851868457130855,8
1330829,9.938075822231877,4
1330842,9.711922159717613,13
1330852,9.782261416996473,10
1330857,9.914432057388991,5
1330870,9.710835350145057,13
1330878,9.860588312052698,8
1330892,9.684638585410005,14
1330893,10.0,1
1330897,9.939011909147133,4
1330905,9.87275936708721,8
1330918,9.732345840332567,13
1330925,9.883421885480043,7
1330934,9.850096699260131,9
1330943,9.835586644365955,9
1330949,9.87857138208732,6
1330956,9.878178668468864,7
1330957,9.992387109775,1
1330964,9.858185211427564,7
1330974,9.805533162701785,10
1330979,9.933027937909381,5
1331001,9.542179048060598,22
1331010,9.865818479456667,9
1331028,9.603338580685133,18
1331035,9.861639892193987,7
1331048,9.748511391297507,13
1331063,9.65291520033708,15
1331079,9.643457079378,16
1331092,9.701175387611457,13
1331096,9.932807573047274,4
1331109,9.723714479050056,13
1331119,9.814353284585996,10
1331126,9.876801744340103,7
1331134,9.835134667789792,8
1331144,9.852014321313609,10
1331154,9.799635747136987,10
1331158,9.950208657292118,4
1331170,9.747503032527579,12
1331184,9.694432880110861,14
1331186,9.980815865614604,2
1331207,9.57440040210212,21
1331229,9.41562421760289,22
1331240,9.771670310573215,11
1331241,10.0,1
1331242,10.0,1
1331252,9.822927903868633,10
1331261,9.79060665416607,9
1331265,9.942502436939039,4
1331278,9.750871572808897,13
1331292,9.767952566592703,14
1331293,10.0,1
1331306,9.734535519794713,13
1331321,9.728285343519591,15
1331332,9.769080675458198,11
1331337,9.926566819876278,5
1331353,9.627135597804262,16
1331367,9.67407066676803,14
1331378,9.767005550332293,11
1331412,4.952469607719247,34
1331424,9.74155483041893,12
1331434,9.782211653331508,10
1331453,9.607984433225363,19
1331473,9.574260014086905,20
1331484,9.781495489588274,11
1331495,9.790585857172625,11
1331509,9.684037140583385,14
1331519,9.795602501913631,10
1331523,9.942608997190217,4
1331537,9.775233506649247,14
1331538,10.0,1
1331554,9.63915951979172,16
1331575,9.238914891474577,21
1331591,9.561582541838888,16
1331606,9.678783363455246,15
1331619,9.794265523984398,13
1331627,9.83578341027613,8
1331638,9.675061369389123,11
1331639,9.996592761958889,1
1331640,10.0,1
1331650,9.815631756168765,10
1331651,10.0,1
1331667,9.656330570820133,16
1331677,9.78704767559915,10
1331685,9.84705683007723,8
1331695,9.826892017782425,10
1331711,9.618106204179725,16
1331716,9.922482642228733,5
1331724,9.82195041647103,8
1331732,9.85761945237113,8
1331735,9.970161880185403,3
1331743,9.834983839579161,8
1331759,9.639445435155546,16
1331769,9.775409837757568,10
1331776,9.884374674819542,7
1331781,9.911637358029697,5
1331788,9.87469877741195,7
1331789,9.992865691338402,1
1331797,9.836851089250219,8
1331802,9.920200116466702,5
1331814,9.734388389534423,12
1331821,9.861168025400064,7
1331838,9.653495996811639,17
1331849,9.763566235821134,11
1331860,9.767429490432454,11
1331861,10.0,1
1331864,9.958672587699759,3
1331865,10.0,1
1331880,9.69677140055971,15
1331881,9.992832649352835,1
1331890,9.812764286421155,9
1331893,9.958175469795734,3
1331901,9.83929259774078,8
1331910,9.811128318749219,9
1331922,9.73550636162373,12
1331929,9.865142776350929,7
1331950,9.57743218050855,21
1331956,9.901373557757701,6
1331968,9.788247262642534,12
1331982,9.70541155664537,14
1332003,9.54493560669385,21
1332013,9.783717366465831,10
1332023,9.822538102904081,10
1332040,9.631607593309292,17
1332047,9.877284440529346,7
1332070,9.33016585255901,23
1332080,9.761252130461795,10
1332086,9.874728027595893,6
1332091,9.919817309450634,5
1332106,9.677460000414998,15
1332114,9.878470171851701,8
1332134,9.465971482980773,20
1332163,9.383214288283842,29
1332174,9.790513460999806,11
1332184,9.775836304614435,10
1332192,9.84625747308104,8
1332198,9.897643851797932,6
1332206,9.853080055663474,8
1332214,9.836347884708289,8
1332234,9.52639573591992,20
1332236,9.980760224039829,2
1332245,9.829188363080426,9
1332256,9.760806358987253,11
1332261,9.93116033340395,5
1332266,9.931006593834269,5
1332272,9.886296730445341,6
1332280,9.852998241458472,8
1332281,10.0,1
1332292,9.771665315777403,11
1332302,9.805893958994087,10
1332313,9.80810523461078,11
1332323,9.779543139977951,10
1332341,9.569551137945664,18
1332342,10.0,1
1332353,9.747192076791958,11
1332358,9.912398157428674,5
1332359,10.0,1
1332372,9.692616426913073,13
1332384,9.745702540387432,12
1332398,9.71071841974514,14
1332403,9.924800909024205,5
1332413,9.799237728761714,10
1332428,9.691764392485084,15
1332429,10.0,1
1332442,9.724529475381809,13
1332446,9.936731800872021,4
1332507,8.084003831092526,61
1332517,9.839540971429292,10
1332523,9.889376520229717,6
1332524,9.99600938967136,1
1332535,9.76365646280406,11
1332555,9.579825972188491,20
1332556,10.0,1
1332559,9.967686236535146,3
1332573,9.686521709061168,14
1332583,9.761420242638824,10
1332590,9.866054451979451,7
1332600,9.81185648723363,10
1332608,9.856168243838313,8
1332621,9.741184040511301,13
1332623,9.979630023469557,2
1332675,8.940616694599516,52
1332691,9.665562396551328,16
1332710,9.617943328884358,19
1332728,9.591152349111379,18
1332750,9.481512848452846,22
1332757,9.87532385039843,7
1332776,9.575640246475086,19
1332780,9.939415376255363,4
1332792,9.745533632571837,12
1332801,9.813036159313363,9
1332807,9.907212638474697,6
1332821,9.751757853588412,14
1332825,9.930590066850328,4
1332836,9.749501776188264,11
1332853,9.610191353457854,17
1332859,9.884433422918523,6
1332873,9.658233829421384,14
1332886,9.747742256878382,13
1332900,9.701522101003754,14
1332909,9.82336225932531,9
1332918,9.791254571413,9
1332924,9.91243351968286,6
1332934,9.7696079667274,10
1332945,9.770660035128538,11
1332955,9.78087089746557,10
1332975,9.512806242905214,20
1332981,9.88829708962703,6
1333008,9.209575082846202,27
1333031,9.548546902720577,23
1333044,9.739106118142784,13
1333053,9.837804855708074,9
1333056,9.953302918166212,3
1333062,9.896276132515224,6
1333063,10.0,1
1333067,9.948222694838977,4
1333079,9.777157179569027,12
1333087,9.847887652928437,8
1333096,9.456759108628539,9
1333105,9.722814686546524,9
1333118,8.997346375311619,13
1333133,9.672765573727705,15
1333144,9.601368523155427,11
1333149,9.917487862967997,5
1333163,9.67573427392785,14
1333200,9.173707349935997,37
1333209,9.828650692276344,9
1333215,9.893329326268338,6
1333226,9.782302009677519,11
1333227,10.0,1
1333237,9.827444924378204,10
1333239,9.981928440338466,2
1333249,9.821233993405851,10
1333254,9.927755059975768,5
1333255,9.996685374568184,1
1333263,9.830671825489953,8
1333279,9.703437280753615,16
1333286,9.875592865760602,7
1333302,9.633023656788236,16
1333319,9.616164395225404,17
1333329,9.78791404248504,10
1333330,9.992914645311865,1
1333335,9.903119530979664,5
1333336,10.0,1
1333354,9.650796960868389,18
1333355,10.0,1
1333366,9.805208310405021,11
1333384,9.58905019749005,18
1333396,9.733616431707741,12
1333397,9.99319763418544,1
1333407,9.776516226430008,10
1333489,8.20367089814188,82
1333497,9.832110152891342,8
1333511,9.492986845186666,14
1333529,9.60239870805261,18
1333540,9.776423864183334,11
1333546,9.902484300319072,6
1333552,9.916814031099717,6
1333561,9.802339489466764,9
1333569,9.811348246345899,8
1333785,0.21296058308258736,216
1333792,9.874380913644458,7
1333798,9.909934902418964,6
1333806,9.85214859855338,8
1333816,9.809696253672143,10
1333838,9.589910341879268,22
1333845,9.854567273597572,7
1333851,9.90303214248634,6
1333869,9.648545029561854,18
1333884,9.657885418815123,15
1333901,9.646036079078725,17
1333913,9.780667304821838,12
1333937,9.524607803947069,24
1333945,9.826099475282607,8
1333956,9.767188032534609,11
1333985,9.20444554113499,29
1333996,9.78183199696623,11
1334005,9.84359314893632,9
1334022,9.631459714990902,17
1334035,9.712668315443434,13
1334205,7.199776890212524,170
1334216,9.77409779212434,11
1334222,9.904460461921552,6
1334240,9.58531524569829,18
1334251,9.636564332195723,11
1334252,10.0,1
1334285,9.139636508258228,33
1334293,9.859885009028034,8
1334302,9.847820404884084,9
1334318,9.674645098869497,16
1334324,9.901087374728313,6
1334338,9.435058163745587,14
1334356,9.560064264940683,18
1334361,9.912664966600497,5
1334381,9.631695900748092,20
1334394,9.699868582598027,13
1334412,9.613523655409017,18
1334419,9.876343085775654,7
1334425,9.896196477232024,6
1334436,9.829356366089957,11
1334452,9.672914040955327,16
1334487,9.37954453623319,35
1334493,9.879053374476538,6
1334502,9.858793543801486,9
1334509,9.87030538176622,7
1334515,9.887182629242284,6
1334530,9.716890027174399,15
1334554,9.476362702379504,24
1334562,9.87252016785259,8
1334576,9.676944880403944,14
1334585,9.821054087045836,9
1334595,9.78060014085279,10
1334599,9.936234598874655,4
1334606,9.882125413851064,7
1334607,10.0,1
1334620,9.780773144882781,13
1334627,9.86469628546689,7
1334628,10.0,1
1334631,9.960129414334295,3
1334635,9.946818500100166,4
1334640,9.909854520537802,5
1334654,9.72167013014642,14
1334668,9.711625859176445,14
1334673,9.913713599731059,5
1334680,9.869848209568357,7
1334681,9.99647002154311,1
1334682,10.0,1
1334690,9.87713264186129,8
1334705,9.716719478485343,15
1334717,9.737903333554687,12
1334722,9.92568646034183,5
1334731,9.841256235969064,9
1334739,9.87860191219449,8
1334745,9.878195095248591,6
1334755,9.786091146323331,10
1334768,9.724568830551632,13
1334777,9.862792494710842,9
1334789,9.778514273311004,12
1334799,9.802406784759881,10
1334806,9.884226914801186,7
1334824,9.584906015877506,18
1334849,9.509140649440955,25
1334862,9.716129430619745,13
1334870,9.861550008237101,8
1334881,9.769417781433548,11
1334887,9.892756145967269,6
1334896,9.829402783478258,9
1334903,9.861603286989816,7
1334907,9.936557694832874,4
1334922,9.641234822046094,15
1334933,9.76052586992204,11
1334957,9.562433231197081,24
1334966,9.839650413070338,9
1334981,8.796989891522578,15
1334993,9.750816732265168,12
1335004,9.660567951246694,11
1335013,9.860463164219485,9
1335021,9.847100022325588,8
1335034,9.704289072560252,13
1335048,9.673711746025402,14
1335049,10.0,1
1335059,9.775952208864481,10
1335066,9.88101495228212,7
1335074,9.842010694692972,8
1335080,9.886537948022868,6
1335090,9.77934033496432,10
1335100,9.801029965482465,10
1335127,8.825537926638741,27
1335133,9.902598120094394,6
1335134,10.0,1
1335160,9.444102816668536,26
1335164,9.937788077423313,4
1335177,9.493194432401316,13
1335183,9.897676626596462,6
1335201,9.611029368951899,18
1335220,9.298671363410364,19
1335235,9.733321187105526,15
1335236,10.0,1
1335249,9.726385067374899,13
1335253,9.937069962459116,4
1335254,9.995667769796386,1
1335308,8.819105366304518,54
1335317,9.810263328010835,9
1335371,8.83102794279658,54
1335377,9.888528208029117,6
1335384,9.88715582577033,7
1335401,9.606960747523091,17
1335414,9.74148478538036,13
1335419,9.917946417168947,5
1335425,9.879529622706087,6
1335442,9.623602297671145,17
1335451,9.818492920545514,9
1335463,9.75361485143549,12
1335469,9.893415111870407,6
1335480,9.770049529923588,11
1335491,9.790296179975881,11
1335497,9.895596430731436,6
1335504,9.86614334487149,7
1335505,10.0,1
1335513,9.847736478097644,8
1335521,9.863950181386713,8
1335524,9.957291600339103,3
1335536,9.738397546082066,12
1335549,9.758106168465005,13
1335558,9.812343259656062,9
1335565,9.888302761527624,7
1335578,9.699424797753943,13
1335584,9.904673870013267,6
1335587,9.964018422234279,3
1335590,9.960965142072602,3
1335620,8.572907885149476,30
1335629,9.81771700511014,9
1335641,9.719827636750018,12
1335653,9.762670938372127,12
1335665,9.746056426539207,12
1335666,10.0,1
1335667,9.99619119182489,1
1335680,9.625352572858976,13
1335700,9.624955248022673,20
1335705,9.915015714363618,5
1335709,9.941771584169983,4
1335725,9.651504625686457,16
1335726,10.0,1
1335729,9.959053581339116,3
1335732,9.951087558456166,3
1335740,9.859061240567344,8
1335752,9.524224306733975,12
1335759,9.882861327024457,7
1335780,9.585110516995586,21
1335790,9.768938820621367,10
1335805,9.713108458169478,15
1335820,9.692817980067176,15
1335821,10.0,1
1335822,9.995951540312912,1
1335831,9.871498800278834,9
1335948,7.731957927696371,117
1335988,9.18614784259629,40
1335999,9.770600747369066,11
1336000,10.0,1
1336013,9.713904637158008,13
1336028,9.560342353350636,15
1336034,9.899888599138135,6
1336047,9.723915548107174,13
1336057,9.81003252590932,10
1336063,9.913101570052456,6
1336068,9.90379017274204,5
1336072,9.936509181307104,4
1336085,9.754201070678443,13
1336098,9.732128638041242,13
1336109,9.783681665387354,11
1336212,7.898737446838842,103
1336218,9.889230333936906,6
1336219,10.0,1
1336229,9.83587207104441,10
1336240,9.800359865056093,11
1336241,10.0,1
1336250,9.829815714795448,9
1336265,9.679710843464703,15
1336268,9.967109971439946,3
1336275,9.892993405017481,7
1336281,9.903815200531795,6
1336287,9.913180897043924,6
1336301,9.773265778075162,14
1336302,10.0,1
1336303,10.0,1
1336305,9.981824607713717,2
1336315,9.829029403195847,10
1336323,9.848036315105324,8
1336336,9.711135566228206,13
1336347,9.777757188791275,11
1336358,9.793350927214535,11
1336366,9.858824822738834,8
1336368,9.973159284821353,2
1336371,9.968019527850567,3
1336380,9.823888487824009,9
1336382,9.971435366104759,2
1336406,9.577323348913513,24
1336420,9.572794940273553,14
1336425,9.923591213793985,5
1336436,9.795352590182059,11
1336444,9.853935661803508,8
1336460,9.663402399181937,16
1336473,9.722454637431058,13
1336478,9.908875372515032,5
1336502,9.464241686637813,24
1336507,9.918056657626073,5
1336523,9.595435098808103,16
1336540,9.655841390033306,17
1336550,9.771601945342123,10
1336560,9.783795472507045,10
1336569,9.849598706718306,9
1336578,9.870571854320405,9
1336591,9.72132882894512,13
1336606,9.655677205426949,15
1336617,9.767742950271515,11
1336625,9.85042149047411,8
1336626,10.0,1
1336631,9.928423159878617,5
1336637,9.88854442382053,6
1336641,9.940708538172716,4
1336647,9.87926944627766,6
1336660,9.72853285080998,13
1336668,9.841280427708327,8
1336676,9.175583341674871,8
1336684,9.843254868941822,8
1336690,9.912348168111892,6
1336703,9.715156630923008,13
1336719,9.672380165095127,16
1336727,9.842718633427436,8
1336757,9.091803952368393,30
1336778,9.647790693949618,21
1336792,9.698498477391443,14
1336804,9.75871945365214,12
1336818,9.675500896559459,14
1336830,9.763055920131855,12
1336845,9.75959168083586,15
1336853,9.87797874996562,8
1336886,9.23939777631043,33
1336888,9.982495255080446,2
1336893,9.918303824169199,5
1336897,9.923897521184625,4
1336906,9.80744380179992,9
1336918,9.810987545585611,12
1336943,9.476324943277964,25
1336944,10.0,1
1336949,9.923887873178797,5
1336952,9.95197268306497,3
1336960,9.851737365247923,8
1336978,9.635526300650483,18
1336991,9.726126901401518,13
1336997,9.897285090582399,6
1336998,10.0,1
1337007,9.833587821747704,9
1337024,9.68382402177606,17
1337036,9.809471797143779,12
1337064,9.256426955913756,28
1337087,9.234468043072978,23
1337098,9.771680013156216,11
1337099,9.996262204774046,1
1337100,10.0,1
1337101,9.988716400742181,1
1337115,9.711423691206585,14
1337127,9.606549460035351,12
1337132,9.916387448134723,5
1337141,9.81857353390375,9
1337164,9.587809013922586,23
1337184,9.593112522557142,20
1337188,9.946148813231376,4
1337194,9.886132249857146,6
1337203,9.846862523697217,9
1337210,9.87587538313664,7
1337223,9.722331998377557,13
1337237,9.711076965647703,14
1337240,9.969117711928922,3
1337249,9.810155802468957,9
1337257,9.846827165536073,8
1337268,9.806634157020618,11
1337280,9.765138889642609,12
1337284,9.929513963312614,4
1337290,9.88788435670839,6
1337299,9.832772998601842,9
1337310,9.779643040071875,11
1337328,9.568227602859222,18
1337329,10.0,1
1337347,9.679584937587881,18
1337361,9.678402864161244,14
1337370,9.859229968665309,9
1337376,9.904500309752496,6
1337385,9.813908040508304,9
1337393,9.863899269986511,8
1337407,9.678779997460452,14
1337416,9.812100716653765,9
1337419,9.969790431315548,3
1337428,9.823411871196498,9
1337435,9.865486304887936,7
1337439,9.938337934000561,4
1337445,9.914299668288585,6
1337446,10.0,1
1337467,9.467613923763421,21
1337476,9.749983508457607,9
1337484,9.830442749883845,8
1337491,9.874724231361379,7
1337492,10.0,1
1337544,8.83513352777458,52
1337553,9.799464650672371,9
1337561,9.829672626858212,8
1337564,9.95837757363716,3
1337580,9.622138096706806,16
1337591,9.682009525309995,11
1337611,9.578513543449375,20
1337628,9.641235276535125,17
1337639,9.815097815333912,11
1337654,9.688141802710115,15
1337659,9.923428813663422,5
1337669,9.780344698246456,10
1337675,9.913239733477544,6
1337687,9.772802004757256,12
1337693,9.88122572527397,6
1337710,9.645618955458701,17
1337725,9.67417898592438,15
1337748,9.582339280732194,23
1337755,9.866841490783678,7
1337771,9.647804778029512,16
1337773,9.97293375192251,2
1337787,9.703454919914886,14
1337793,9.889543977520123,6
1337794,10.0,1
1337854,8.843541852563266,60
1337861,9.878612542405321,7
1337862,10.0,1
1337871,9.821074296700898,9
1337882,9.757348807261028,11
1337897,9.485611225887249,15
1337904,9.86260387404866,7
1337924,9.68601107093216,20
1337931,9.871039102997445,7
1337954,9.539914287018778,23
1337955,10.0,1
1337968,9.745844988789388,13
1337969,9.988904429854133,1
1337978,9.809284612636976,9
1337996,9.576089917916907,18
1338010,9.757581941647526,14
1338021,9.769136020220973,11
1338031,9.784537135596125,10
1338032,10.0,1
1338033,10.0,1
1338034,10.0,1
1338045,9.640758840524523,11
1338057,9.792315752372293,12
1338066,9.821754580266568,9
1338086,9.68767662481174,20
1338087,10.0,1
1338094,9.863602351684072,7
1338096,9.979599666125496,2
1338097,10.0,1
1338111,9.73192533000066,14
1338118,9.850570824048445,7
1338120,9.983752459427938,2
1338137,9.667253730512703,17
1338154,9.625526346978294,17
1338181,9.420228170008379,27
1338184,9.96812132306783,3
1338191,9.862735044377018,7
1338203,9.763312172123833,12
1338210,9.84014689711926,7
1338217,9.864414513256378,7
1338230,9.716982494180343,13
1338240,9.785816898913785,10
1338249,9.832384775759806,9
1338250,10.0,1
1338256,9.904351881190552,6
1338265,9.839556884023905,9
1338277,9.779317087900578,12
1338300,9.500623707047652,23
1338308,9.867507608879528,8
1338332,9.490634827828083,24
1338339,9.859739486927081,7
1338348,9.820578489755551,9
1338359,9.763525076442619,11
1338360,10.0,1
1338367,9.856717807482921,7
1338370,9.955197065037758,3
1338391,9.555049944403986,21
1338401,9.78046928733723,10
1338402,9.995823071354087,1
1338413,9.77289141446922,11
1338424,9.772786528065293,11
1338433,9.852907251091755,9
1338446,9.738865810179277,13
1338454,9.856281964425284,8
1338463,9.79622919238428,9
1338477,9.398581839136503,14
1338489,9.575806221792543,12
1338499,9.764127743673011,10
1338521,9.52086398048348,22
1338545,9.493571409245108,24
1338558,9.742634139432607,13
1338578,9.574153711670634,20
1338588,9.821560984810791,10
1338593,9.912237672458097,5
1338602,9.814164498326857,9
1338613,9.773056584982735,11
1338614,10.0,1
1338620,9.902874426997416,6
1338628,9.85687613996343,8
1338634,9.883479773767457,6
1338653,9.529686806254608,19
1338654,10.0,1
1338677,9.504147928835815,23
1338683,9.880357231772452,6
1338705,9.3019011400989,22
1338716,9.759656958767607,11
1338728,9.801967258395841,12
1338732,9.938808831977,4
1338740,9.834614495419556,8
1338743,9.952235311444003,3
1338753,9.781064424634433,10
1338754,9.996651289777873,1
1338768,9.705127302352814,14
1338790,6.013088514295539,22
1338797,9.866610540080664,7
1338805,9.844815805096893,8
1338815,9.815904708972505,10
1338827,9.762519433312576,12
1338834,9.870270553206472,7
1338851,9.645399385704502,17
1338862,9.75468060791229,11
1338879,9.56838898462199,17
1338909,9.360182220695604,30
1338917,9.844863185916095,8
1338923,9.902614728744183,6
1338924,10.0,1
1338979,8.91398578034862,55
1338983,9.939670782188164,4
1338993,9.783658180680018,10
1339000,9.870007515217875,7
1339001,10.0,1
1339008,9.871210318816537,7
1339010,9.972245377221684,2
1339020,9.782220884805065,10
1339030,9.826660986252662,10
1339037,9.865941384424678,7
1339058,9.640300993200858,21
1339074,9.630385985018282,16
1339075,10.0,1
1339082,9.860561969241097,7
1339096,9.668574913449861,14
1339111,9.669726000962486,15
1339125,9.684943626059031,14
1339139,9.74855045355872,14
1339147,9.849128944986592,8
1339159,9.792465828163534,12
1339173,9.699342149668729,14
1339180,9.870497953314171,7
1339183,9.961594271455967,3
1339194,9.800271903625758,11
1339219,8.034779070239562,25
1339221,9.970812597153024,2
1339228,9.876843713704039,7
1339243,9.766648182853451,15
1339252,9.851510130617584,9
1339269,9.679795997170848,17
1339281,9.805170838178476,12
1339342,8.738412096267277,61
1339356,9.70780728211068,14
1339370,9.7458284887405,14
1339382,9.74525798752381,12
1339397,9.498283126798983,15
1339401,9.944176553722802,4
1339410,9.833865509059775,9
1339411,9.996728641379514,1
1339421,9.793544798224902,10
1339435,9.765325827949004,14
1339436,10.0,1
1339444,9.85851413902663,8
1339453,9.852075976542407,9
1339465,9.729271068865256,12
1339477,9.723410945220076,12
1339478,9.992989421002665,1
1339510,9.441269627165294,32
1339525,9.67799092196121,15
1339526,10.0,1
1339539,9.67977003743476,13
1339549,9.838692613737523,10
1339554,9.926590589314479,5
1339562,9.850493890977212,8
1339576,9.741740102792315,14
1339583,9.866792278985871,7
1339599,9.643311615950028,16
1339615,9.643143183317356,16
1339626,9.77391272363534,11
1339640,9.728699276215666,14
1339647,9.893288785198985,7
1339663,9.223773357223413,16
1339678,9.687544350154656,15
1339703,5.7009145806487505,25
1339713,9.793220422792986,10
1339725,9.814060620602254,12
1339739,9.543136991392934,14
1339760,9.448986443771748,21
1339782,9.214516881461968,22
1339798,9.619037536303805,16
1339826,9.36398920588136,28
1339841,9.656980909762378,15
1339859,9.483104572764725,18
1339864,9.905326268026121,5
1339866,9.9697981873965,2
1339881,9.579203743970972,15
1339892,9.806047488547183,11
1339897,9.904595914732992,5
1339908,9.81781679487076,11
1339920,9.728382069157965,12
1339936,9.694501355377628,16
1339950,9.676213864894168,14
1339963,9.746263489634147,13
1339970,9.87178245877888,7
1339981,9.742683808274569,11
1339994,9.510591647859698,13
1340013,9.60813405368758,19
1340022,9.832800225763904,9
1340023,9.988410852597028,1
1340042,9.615474622172576,19
1340054,9.715306711519986,12
1340084,9.372213848800117,30
1340095,9.776509369777932,11
1340104,9.809755014749477,9
1340115,9.780739557413364,11
1340130,9.726042137314268,15
1340143,9.728291927740983,13
1340305,6.390640729190363,162
1340306,10.0,1
1340318,9.733288915842042,12
1340331,9.730066074858989,13
1340341,9.805995404018484,10
1340361,9.460828855445653,20
1340371,9.82610042813965,10
1340374,9.961925796891244,3
1340375,10.0,1
1340395,9.634948136375208,20
1340401,9.90556672565777,6
1340409,9.839548050985535,8
1340424,9.715762785988723,15
1340431,9.85758997828518,7
1340432,10.0,1
1340440,9.81689319851653,8
1340459,9.64764911441108,19
1340474,9.707173656372502,15
1340484,9.809226618388276,10
1340491,9.864915141453883,7
1340492,9.99349557412004,1
1340504,9.746091750033914,12
1340505,10.0,1
1340513,9.817497207480468,8
1340514,10.0,1
1340517,9.970170018372775,3
1340533,9.681313196526963,16
1340541,9.854740501146262,8
1340542,9.993128968760276,1
1340543,10.0,1
1340558,9.71210228372653,15
1340570,9.591971512021361,12
1340579,9.84094611875674,9
1340599,9.52795763697485,20
1340617,8.487454711832868,18
1340623,9.899077317955362,6
1340632,9.832096235229073,9
1340640,9.853560111991184,8
1340649,9.817477036001792,9
1340650,9.992929236392397,1
1340655,9.90329309756485,5
1340665,9.797362614331838,10
1340676,9.563578697845122,11
1340683,9.872113244111803,7
1340685,9.977314057523438,2
1340686,10.0,1
1340688,9.975504299492137,2
1340696,9.863583936781206,8
1340707,9.765508293985087,11
1340715,9.846112047672477,8
1340722,9.901831117570074,7
1340733,9.786936026034967,11
1340743,9.834961140192162,10
1340761,7.981141496398207,18
1340765,9.939848160636055,4
1340775,9.780602381260902,10
1340785,9.795930505064327,10
1340794,9.833209940402176,9
1340805,9.763891164125484,11
1340810,9.908557168105547,5
1340818,9.854403369760998,8
1340830,9.784607902206071,12
1340831,10.0,1
1340836,9.91703226702871,5
1340842,9.907952492011718,6
1340853,9.776237756613545,11
1340864,9.765456470636975,11
1340873,9.817796431550217,9
1340882,9.827774810892185,9
1340894,9.755729111435892,12
1340901,9.889572335797494,7
1340910,9.829330105772385,9
1340926,9.697530662905331,16
1340936,9.775325251104293,10
1340947,9.796689752448701,11
1340965,9.549976950281446,18
1340975,9.78072906889865,10
1340999,9.419810429205466,24
1341010,9.789207910446525,11
1341013,9.963117187197435,3
1341019,9.893647875112372,6
1341023,9.9438204612896,4
1341037,9.694648114215466,14
1341048,9.781938302475739,11
1341049,10.0,1
1341062,9.68741755130487,13
1341072,9.808817824533712,10
1341081,9.807171272576607,9
1341096,9.723238982882187,15
1341104,9.816908975600443,8
1341112,9.852941583542588,8
1341130,9.374740622557628,18
1341151,9.60625466148027,21
1341167,9.689550445898679,16
1341180,9.716034280301916,13
1341190,9.795915655707939,10
1341199,9.841426614510159,9
1341203,9.934287473009016,4
1341223,9.60662907150667,20
1341264,9.205091450871324,41
1341273,9.859455218213318,9
1341283,9.787579152439145,10
1341284,10.0,1
1341285,10.0,1
1341298,9.507118310613183,13
1341306,9.835191151159322,8
1341316,9.800610937171351,10
1341323,9.877504678734088,7
1341327,9.936605949594535,4
1341342,9.716682388870485,15
1341345,9.960024217705048,3
1341371,9.362442989105935,26
1341390,9.55606829080357,19
1341401,9.768829148003942,11
1341417,9.673087520061125,16
1341423,9.902577644252442,6
1341429,9.893009714756673,6
1341440,9.791104895196082,11
1341441,10.0,1
1341451,9.844243315327946,10
1341468,9.473415723066893,17
1341484,9.733641813298743,16
1341508,9.47785975885115,24
1341515,9.757455269960632,7
1341526,9.76955299488279,11
1341538,9.780180770933194,12
1341550,9.808948392380358,12
1341644,8.129263517455579,94
1341645,9.988484586391602,1
1341664,9.617387650271068,19
1341680,9.685421063220229,16
1341697,9.37728822686655,17
1341710,9.767803116870098,13
1341722,9.348038797431652,12
1341731,9.816650340304626,9
1341747,9.627362813236171,16
1341758,9.665621688907507,11
1341773,9.78240009135029,15
1341869,7.827803415544523,96
1341876,9.856462007100184,7
1342376,-17.296819041542633,500
1342382,9.890079606726337,6
1342389,9.875965354122991,7
1342390,10.0,1
1342398,9.855673000934813,8
1342415,9.621564007219193,17
1342432,9.636515349704812,17
1342433,9.996109483941783,1
1342438,9.925601495375112,5
1342455,9.691434181869651,17
1342470,9.713082154903478,15
1342477,9.881851282616514,7
1342480,9.9512185662367,3
1342493,9.681129788441837,13
1342526,9.418491317469535,33
1342554,9.423367407805257,28
1342653,8.322618412975956,99
1342659,9.904693417545873,6
1342673,9.690605649971955,14
1342702,9.413415753354325,29
1342705,9.970993673997079,3
1342717,9.743959398885785,12
1342726,9.653235521279438,9
1342747,9.500016622867042,21
1342753,9.894821079171873,6
1342767,9.696013797153922,14
1342770,9.959186125051055,3
1342773,9.966435670838797,3
1342785,9.754730694388057,12
1342801,9.635771101647528,16
1342813,9.745640737285125,12
1342824,9.765712709408554,11
1342828,9.923652004850789,4
1342843,9.441787136138352,15
1342854,9.78106214523115,11
1342862,9.82381693207739,8
1342872,9.795466826718563,10
1342878,9.884805689843807,6
1342893,9.676018888765748,15
1342912,9.548241417656307,19
1342942,9.524880261619817,30
1342953,9.773855413756776,11
1342958,9.904217170866906,5
1342972,9.675812548160195,14
1342974,9.983880693572488,2
1342987,9.691818804750774,13
1342994,9.877091424069544,7
1343005,9.81175051382263,11
1343006,10.0,1
1343019,9.736012455745081,13
1343020,10.0,1
1343024,9.930080298178254,4
1343032,9.8370887239474,8
1343046,9.695307771689738,14
1343063,9.643179658480244,17
1343081,9.628921041582599,18
1343095,9.684221961647431,14
1343105,9.687050324593121,10
1343117,9.735755737867,12
1343125,9.847092379548965,8
1343128,9.960130135038941,3
1343136,9.835593300180864,8
1343139,9.87055386986771,3
1343148,9.83210867935464,9
1343152,9.947405188734097,4
1343178,9.503075800519987,26
1343198,9.432537996725232,20
1343238,8.845937963070101,40
1343248,9.775804266587086,10
1343257,9.800954246354166,9
1343271,9.668676158700174,14
1343290,9.64144291479551,19
1343298,9.859456735831465,8
1343310,9.682403098782984,12
1343317,9.881093330845205,7
1343323,9.899554228426291,6
1343334,9.601705817345472,11
1343348,9.672554498687408,14
1343354,9.893075961543063,6
1343355,10.0,1
1343363,9.848752703956844,8
1343378,9.729337978004535,15
1343391,9.733229886383436,13
1343403,9.78687279921476,12
1343404,9.992927509450167,1
1343413,9.835159166079002,9
1343427,9.681428061261641,14
1343437,9.83027060883345,10
1343448,9.801447482553161,11
1343449,10.0,1
1343459,9.795035988183564,10
1343476,9.651429171315115,17
1343483,9.874284504545765,7
1343495,9.751111294905273,12
1343507,9.719162854670389,12
1343516,9.814299957808286,9
1343520,9.923703812067538,4
1343529,9.834441160261603,9
1343539,9.786556608265757,10
1343553,9.753430608731518,14
1343568,9.678811068273763,15
1343590,8.510472222326962,22
1343606,9.681384786043155,16
1343635,9.50806010173664,29
1343651,9.731978001069729,16
1343658,9.886088819933118,7
1343684,9.415648946305799,26
1343696,9.737934038616709,12
1343702,9.905660416205473,6
1343705,9.948795996213933,3
1343717,9.713089976619342,12
1343728,9.777993811083554,11
1343729,9.988673726599616,1
1343738,9.844853093108972,9
1343745,9.878262645666656,7
1343750,9.80312406386111,5
1343756,9.884195649553396,6
1343757,10.0,1
1343778,9.593731974271206,21
1343788,9.613193044151807,10
1343793,9.911624354564406,5
1343814,9.62847118334566,21
1343815,9.989246355984521,1
1343829,9.718816797837931,14
1343838,9.79458816330404,9
1343844,9.881952625265823,6
1343861,9.610452911597806,17
1343875,9.7046341159709,14
1343887,9.735303094379534,12
1343899,9.73538990311891,12
1343900,10.0,1
1343905,9.920603602101052,5
1343913,9.87799462002848,8
1343917,9.943563507254927,4
1343929,9.76868303093044,12
1343940,9.75694782274479,11
1343965,9.430532409420602,25
1343978,9.604884200118113,13
1343988,9.818990536181731,10
1344008,9.60923668848339,20
1344149,6.999350040222528,141
1344161,9.77586286843196,12
1344187,9.449653798443565,26
1344196,9.807389806506931,9
1344208,9.7959819546432,12
1344230,9.488057754071203,22
1344231,9.99638787052597,1
1344243,9.644736434076542,12
1344252,9.820259026693346,9
1344253,10.0,1
1344263,9.792068692295759,10
1344271,9.850754946940125,8
1344278,9.855114027415476,7
1344285,9.88583625043539,7
1344288,9.962445948578855,3
1344299,9.768695009950452,11
1344300,10.0,1
1344304,9.9403264960697,4
1344320,9.618549474302451,16
1344335,9.660007554470111,15
1344343,9.833633981736325,8
1344376,9.455449421457573,33
1344387,9.810005011293443,11
1344404,9.632715200398282,17
1344413,9.79476386558319,9
1344435,9.603795878120408,22
1344460,9.381634742444396,25
1344484,9.481838889344896,24
1344492,9.8261914806989,8
1344493,10.0,1
1344511,9.647356311280806,18
1344524,9.69124018233479,13
1344537,9.69030240775122,13
1344538,9.993529357858044,1
1344552,9.718628807230314,14
1344554,9.978637164011953,2
1344569,9.699517144043146,15
1344589,9.1245015566268,20
1344596,9.853651347376166,7
1344606,9.819272471699703,10
1344621,9.689517337376717,15
1344626,9.916114040359687,5
1344655,9.204035464596325,29
1344668,9.758780921263874,13
1344681,9.51375296079013,13
1344698,9.47699169308267,17
1344711,9.455675380693274,13
1344738,9.389164250851076,27
1344742,9.947401875348765,4
1344746,9.92706790847552,4
1344760,9.745536789589812,14
1344775,9.674876868035932,15
1344792,9.653250317369396,17
1344800,9.842399222391625,8
1344801,10.0,1
1344807,9.887621123086104,6
1344818,9.762206972326739,11
1344819,10.0,1
1344829,9.760293229373648,10
1344849,9.636849735292751,20
1344865,9.621078523167547,16
1344878,9.759087634810067,13
1344891,9.701128922167795,13
1344905,9.693074131459147,14
1344915,9.77709717963676,10
1344933,9.624669391648872,18
1344937,9.942074617036388,4
1344947,9.817771105270388,10
1344956,9.814543893632626,9
1344957,10.0,1
1344963,9.902304870316446,6
1344967,9.931503477020069,4
1344973,9.896697788788744,6
1344979,9.877390032134,6
1345006,9.581817008758659,27
1345017,9.739074890522131,11
1345024,9.87884147670908,7
1345033,9.820505862784925,9
1345034,10.0,1
1345045,9.784722036525038,11
1345052,9.867625701319522,7
1345056,9.941704774810647,4
1345078,9.583665168569462,22
1345106,9.359273378655866,28
1345118,9.790571005463375,12
1345120,9.979446413511655,2
1345139,9.637160579067851,19
1345152,9.74568713833516,13
1345211,8.991436887215517,59
1345212,10.0,1
1345213,10.0,1
1345220,9.882397608538758,7
1345233,9.712071697995677,13
1345248,9.619078074887577,15
1345261,9.738664635828705,13
1345262,10.0,1
1345279,9.639655534893697,17
1345287,9.84116166871357,8
1345402,7.414339413862331,115
1345416,9.64940130537546,14
1345425,9.71337201989105,9
1345429,9.926722029783058,4
1345436,9.880499815963866,7
1345445,9.85761611497288,9
1345456,9.826588297870078,11
1345471,9.651470076470652,15
1345483,9.716237720205594,12
1345487,9.947138682369262,4
1345497,9.803521137616837,10
1345498,10.0,1
1345516,9.608126013694218,18
1345517,9.992221723270927,1
1345540,9.632767194375289,23
1345556,9.409799118022928,16
1345568,9.752972752855083,12
1345578,9.789996171136542,10
1345608,9.414742763525858,30
1345637,9.488333657646004,29
1345638,10.0,1
1345639,10.0,1
1345661,9.536420965980202,22
1345670,9.826799273172837,9
1345679,9.815447909548572,9
1345686,9.860823054198404,7
1345687,9.992711277071159,1
1345696,9.810237803352983,9
1345712,9.648756621634517,16
1345726,9.713668210306873,14
1345731,9.920054671631336,5
1345744,9.784876278142596,13
1345757,9.758801908139041,13
1345768,9.75755312103612,11
1345779,9.772744447724834,11
1345799,9.611293218470298,20
1345806,9.83332044095777,7
1345821,9.573135414582197,15
1345837,9.663933382227155,16
1345846,9.83336175038108,9
1345857,9.754810660486253,11
1345951,8.35221435961592,94
1345970,9.558001063840326,19
1345987,9.611542962079852,17
1345997,9.803436592700926,10
1346001,9.94015219068322,4
1346014,9.705007673328083,13
1346017,9.969158511303771,3
1346020,9.957176851753635,3
1346027,9.587883051079556,7
1346045,9.58298887328563,18
1346054,9.803402137928071,9
1346055,10.0,1
1346061,9.900419005667862,6
1346087,9.466433836165455,26
1346099,9.77583822979834,12
1346122,9.286587488860153,23
1346138,9.602497594854926,16
1346153,9.670320665532158,15
1346171,9.615793757147095,18
1346181,9.790897489155302,10
1346186,9.926401386090033,5
1346205,9.514320333562527,19
1346206,10.0,1
1346211,9.906174601779771,5
1346214,9.957397918613848,3
1346227,9.692804469716043,13
1346237,9.806891976031421,10
1346245,9.836325192673051,8
1346251,9.898210884267396,6
1346265,9.70924605720522,14
1346276,9.807230870428157,11
1346277,9.996104792206006,1
1346291,9.717378533121192,14
1346302,9.757610592281448,11
1346317,9.672327795818534,15
1346333,9.70989214293316,16
1346350,9.645568973635825,17
1346365,9.675879040310168,15
1346371,9.899531662089316,6
1346384,9.746292204903845,13
1346385,10.0,1
1346395,9.791826798943347,10
1346408,9.743025513073059,13
1346416,9.845353643958079,8
1346445,9.40865285973889,29
1346459,9.707302220993661,14
1346474,9.648317983169733,15
1346487,9.756876147661009,13
1346494,9.887244206850447,7
1346567,8.549883328592145,73
1346575,9.844723629887424,8
1346576,10.0,1
1346591,9.72875939929082,15
1346602,9.743786485374777,11
1346616,9.768978985713183,14
1346628,9.73861296646739,12
1346630,9.979667430463763,2
1346638,9.84694629190048,8
1346647,9.80927477689087,9
1346657,9.773222998436792,10
1346669,9.70007570888467,12
1346670,9.987335316354056,1
1346676,9.888612342200476,6
1346688,9.740129126424563,12
1346702,9.636154660942356,14
1346716,9.726738470734704,14
1346734,8.775141418810918,18
1346742,9.839509558618893,8
1346743,10.0,1
1346749,9.907639338781843,6
1346763,9.690641478621908,14
1346764,10.0,1
1346787,9.420056859711002,23
1346805,9.64120836261187,18
1346810,9.929676882503953,5
1346811,10.0,1
1346816,9.911352796570887,5
1346827,9.787125004711523,11
1346853,9.448186401671538,26
1346858,9.90992173116779,5
1346865,9.882232804125028,7
1346866,10.0,1
1346879,9.671109760487688,13
1346880,9.996751631571463,1
1346884,9.94465034622308,4
1346899,9.727322174220557,15
1346908,9.83579515504037,9
1346913,9.93101635214739,5
1346938,9.458227571612175,25
1346948,9.799837304217316,10
1346972,9.56750655494299,24
1346980,9.849019806217717,8
1346981,10.0,1
1346982,10.0,1
1346987,9.93606361461037,5
1347002,9.690891977836749,15
1347018,9.692425353503127,16
1347026,9.834440172940326,8
1347035,9.840727896534837,9
1347050,9.548682156559122,15
1347053,9.949040072658578,3
1347064,9.795422185545235,11
1347077,9.707830112738156,13
1347089,9.768697861621808,12
1347094,9.906572036744379,5
1347105,9.794730181121198,11
1347114,9.799499931595749,9
1347122,9.848269964687821,8
1347140,9.606743132366763,18
1347149,9.819882399522049,9
1347175,9.489292079837721,26
1347178,9.96227569091795,3
1347187,9.81383418701793,9
1347193,9.886670317469699,6
1347204,9.764734454600648,11
1347210,9.906060388881077,6
1347222,9.737292713464726,12
1347238,9.740260688293771,16
1347254,9.72385601095822,16
1347261,9.875279362910828,7
1347273,9.778759652263597,12
1347283,9.811729717289937,10
1347289,9.898104619861055,6
1347375,8.4050604706574,86
1347535,6.929026659486472,160
1348035,-16.129376817684992,500
1348093,8.94310249004945,58
1348219,7.509215440581317,126
1348311,7.986955053172405,92
1348368,8.842763285148934,57
1348868,-62.27168523048887,500
1348900,9.387439383108246,32
1348909,9.79849305902418,9
1348913,9.94653892195589,4
1348914,10.0,1
1348932,9.659298867398038,18
1348940,9.876878505568646,8
1348947,9.89547366255969,7
1348951,9.940243066086175,4
1348955,9.924609941750544,4
1348967,9.743132912778966,12
1348981,9.679990535376334,14
1348987,9.906647781952426,6
1349000,9.734127558422374,13
1349009,9.832987392095239,9
1349013,9.928603061219205,4
1349029,9.621269133125303,16
1349035,9.891468255988151,6
1349042,9.903775868532142,7
1349053,9.785477516350007,11
1349063,9.802306588989461,10
1349080,9.618803568703752,17
1349092,9.775599467453809,12
1349108,9.720618158113373,16
1349120,9.818239848789066,12
1349128,9.864586848001982,8
1349140,9.704733331356426,12
1349155,9.648935177800222,15
1349173,9.677485114519799,18
1349192,9.676656915001297,19
1349204,9.766539456585397,12
1349213,9.85343507003585,9
1349220,9.874900674543369,7
1349221,10.0,1
1349222,9.989378309941936,1
1349233,9.755478301802613,11
1349242,9.818390357231202,9
1349259,9.608588756420485,17
1349266,9.888014661787091,7
1349273,9.878655898188388,7
1349281,9.856005134323027,8
1349295,9.693371675840622,14
1349341,9.056449684004612,46
1349349,9.846309699159324,8
1349355,9.895145368502666,6
1349368,9.740293497747677,13
1349369,9.988766095455329,1
1349392,9.430082329640301,23
1349400,9.816555020205241,8
1349417,9.678461595386137,17
1349441,9.612910340484623,24
1349467,9.404189630874914,26
1349478,9.76761749415271,11
1349488,9.804574479791519,10
1349504,9.63445977488897,16
1349509,9.915279275985952,5
1349528,9.574376238936297,19
1349533,9.92145698791849,5
1349546,9.707032116254627,13
1349564,9.646523587307255,18
1349572,9.846609022520479,8
1349579,9.88329185934229,7
1349581,9.985101926593709,2
1349602,9.509707349941461,21
1349607,9.903610832143565,5
1349613,9.91690353633824,6
1349615,9.97264818930333,2
1349631,9.667700649856336,16
1349642,9.774582476656688,11
1349651,9.825605923985972,9
1349652,10.0,1
1349663,9.765953623955859,11
1349675,9.75055097202996,12
1349694,9.56972769768045,19
1349697,9.950985083304499,3
1349716,9.558503235009235,19
1349728,9.609929545617923,12
1349729,10.0,1
1349735,9.899643927038433,6
1349746,9.779949225636933,11
1349747,10.0,1
1349754,9.887102258269818,7
1349762,9.829265784301668,8
1349776,9.706805383647307,14
1349788,9.673974429046037,12
1349797,9.834555621405801,9
1349803,9.91407313349411,6
1349809,9.692634159811309,6
1349816,9.87679280616502,7
1349825,9.846920331670603,9
1349835,9.834584116981576,10
1349842,9.884061821751924,7
1349845,9.953541544715414,3
1349849,9.933925264598912,4
1349866,9.671934379751272,17
1349884,9.584156178939304,18
1349885,9.988963393156032,1
1349895,9.790073742590371,10
1349896,10.0,1
1349906,9.797220772445526,10
1349921,9.695525546458594,15
1349932,9.761657258821938,11
1349950,9.542443773375854,18
1349956,9.903772960323439,6
1349963,9.876828462160729,7
1349978,9.683192357548684,15
1349982,9.92216189187892,4
1349983,10.0,1
1349991,9.84302082400545,8
1349998,9.865147644162004,7
1350010,9.758984419607808,12
1350013,9.96760427618695,3
1350026,9.72138183645123,13
1350047,9.526483630775912,21
1350056,9.839228581361917,9
1350061,9.911884871608278,5
1350071,9.789354207990687,10
1350072,10.0,1
1350081,9.820681263799456,9
1350082,10.0,1
1350096,9.693301785752745,14
1350110,9.673568576274432,14
1350116,9.880204986396377,6
1350127,9.760924118894636,11
1350136,9.858364720769163,9
1350145,9.835773420072263,9
1350150,9.900007816959727,5
1350171,9.592485935830247,21
1350183,9.756345102442161,12
1350190,9.87900885085395,7
1350198,9.867855079558895,8
1350205,9.865744321334253,7
1350206,10.0,1
1350212,9.884589916097603,6
1350223,9.675649317609707,11
1350239,9.394652636033499,16
1350248,9.801377952107565,9
1350250,9.974951568149685,2
1350258,9.864836605596672,8
1350260,9.98325068324466,2
1350283,9.535456627172172,23
1350285,9.985291458255254,2
1350463,-59.44185403971014,178
1350471,9.864800976035303,8
1350507,9.280288560713844,36
1350511,9.936192606801058,4
1350525,9.685556317493196,14
1350528,9.958449358511007,3
1350537,9.833016563983646,9
1350560,9.52985871881911,23
1350569,9.878165847342522,9
1350579,9.790790721943555,10
1350583,9.936575590028282,4
1350597,9.691798252574403,14
1350599,9.979964906996905,2
1350602,9.954486446392144,3
1350603,10.0,1
1350619,9.678702971509146,16
1350629,9.83303313646872,10
1350638,9.790890124537231,9
1350648,9.79221638394445,10
1350664,9.555182778008296,16
1350677,9.698124846293744,13
1350684,9.851155226419356,7
1350686,9.977711448710972,2
1350705,9.007511820439884,19
1350732,9.196195575710645,27
1350742,9.411338816625706,10
1350750,9.85903586517561,8
1350763,9.623615411104982,13
1350776,9.705099848543975,13
1350781,9.910038471964109,5
1350787,9.875961136595745,6
1350819,7.805772553532199,32
1350827,9.867561726839774,8
1350846,9.564362689215148,19
1350847,10.0,1
1350858,9.805939522849906,11
1350869,9.78378933271403,11
1350884,9.653027539920615,15
1350898,9.691603792870941,14
1350911,9.739746642157783,13
1350925,9.57365586571157,14
1350927,9.969390401540748,2
1350996,8.680352271049914,69
1351007,9.756607732814095,11
1351022,9.688462394176623,15
1351033,9.726157739870443,11
1351050,9.565594564410139,17
1351054,9.938436737491175,4
1351069,9.536961764636882,15
1351077,9.85557665990976,8
1351090,9.742628568924388,13
1351103,9.732201505520559,13
1351107,9.942344305902726,4
1351112,9.928798814582754,5
1351124,9.742723718194258,12
1351145,9.606613552505035,21
1351155,9.778786274216966,10
1351168,9.742035319443332,13
1351177,9.818194034677445,9
1351192,9.681771339847904,15
1351207,9.664968693557581,15
1351212,9.917209237275474,5
1351225,9.704832216606155,13
1351240,9.621398343641845,15
1351253,9.752379287603892,13
1351260,9.867181060432326,7
1351269,9.818336765570681,9
1351276,9.858628900166256,7
1351288,9.752221244782271,12
1351299,9.785921435781692,11
1351310,9.754510253672347,11
1351326,9.649458351873195,16
1351335,9.834249465264984,9
1351355,9.561464079329792,20
1351402,9.212275864344054,47
1351413,9.786466393886247,11
1351419,9.909520791731476,6
1351427,9.848789214877044,8
1351443,9.615249346173583,16
1351444,10.0,1
1351478,7.804230412078281,34
1351479,9.9889562521837,1
1351488,9.834590259936085,9
1351489,10.0,1
1351490,10.0,1
1351499,9.822408790205062,9
1351516,9.586682511111942,17
1351529,9.72405839124106,13
1351534,9.938538245973586,5
1351544,9.796541088918127,10
1351554,9.804465842455631,10
1351560,9.890248723071384,6
1351565,9.921574785306685,5
1351575,9.7984062529148,10
1351576,10.0,1
1351590,9.706751325014475,14
1351602,9.747288755148935,12
1351621,9.621812220386573,19
1351654,8.637593559483923,33
1351665,9.778452345305238,11
1351673,9.821897416616228,8
1351690,9.364544844677834,17
1351697,9.892003104380478,7
1351712,9.63220717511525,15
1351733,9.483030793702317,21
1351763,9.299427440270277,30
1351785,9.453603145878622,22
1351800,9.65871267623288,15
1351801,10.0,1
1351813,9.754748642862982,12
1351861,9.00440048169416,48
1351870,9.802634145377901,9
1351871,10.0,1
1351876,9.914912280351455,5
1351892,9.693650925528873,16
1351903,9.76416001916211,11
1351904,10.0,1
1351905,10.0,1
1351920,9.657882757809874,15
1351923,9.963432961660107,3
1351928,9.926748499142652,5
1351931,9.952433989094066,3
1351938,9.864604809143135,7
1351941,9.95384553352448,3
1351951,9.780697306084313,10
1351954,9.953910229618566,3
1351971,9.324189516755679,17
1351986,9.632902091876124,15
1351996,9.767139954854667,10
1352002,9.869352449437972,6
1352012,9.792411843365358,10
1352020,9.852025566063325,8
1352025,9.915983008659671,5
1352026,9.987841038454695,1
1352036,9.803533627900315,10
1352054,9.56076407679796,18
1352060,9.891365127313417,6
1352066,9.895919813394853,6
1352081,9.68125867896921,15
1352084,9.966967614877914,3
1352093,9.85083740278217,9
1352100,9.883329486465277,7
1352118,9.558683870562513,18
1352126,9.860673569528744,8
1352137,9.678016187104687,11
1352142,9.914157752657493,5
1352148,9.915465290738505,6
1352165,9.62623993899564,17
1352174,9.82945151693093,9
1352190,9.64252184845897,16
1352200,9.794263384238441,10
1352209,9.813653734756445,9
1352220,9.789050325577598,11
1352233,9.718418824665992,13
1352247,9.515797154947299,14
1352260,9.74647938207457,13
1352263,9.964229987170672,3
1352273,9.82041334376908,10
1352282,9.825297243815704,9
1352294,9.756565685025258,12
1352311,9.704271439973471,17
1352323,9.73416158990536,12
1352326,9.967057094780866,3
1352342,9.46945499664382,16
1352355,9.718980501171886,13
1352365,9.84060188685752,10
1352371,9.910528554604804,6
1352378,9.873899889494206,7
1352389,9.739260570525584,11
1352405,9.596276997208633,16
1352408,9.954431871539356,3
1352409,10.0,1
1352414,9.910851490615325,5
1352425,9.76916157475011,11
1352439,9.66231569271481,14
1352448,9.810573675867113,9
1352457,9.820499192504844,9
1352464,9.846017089524334,7
1352478,9.736066748528096,14
1352480,9.978773171969333,2
1352498,9.57405777370074,18
1352508,9.77403251721741,10
1352509,10.0,1
1352510,10.0,1
1352518,9.836661044355635,8
1352529,9.757752922147313,11
1352541,9.73784946336525,12
1352555,9.662070807903683,14
1352557,9.974765648588434,2
1352572,9.69428773833486,15
1352577,9.91810731692637,5
1352582,9.933824780054893,5
1352586,9.942659104258109,4
1352602,9.701743098695939,16
1352617,9.725027226047812,15
1352623,9.90695712242068,6
1352631,9.851298095785264,8
1352642,9.745934576530443,11
1352651,9.825305068873382,9
1352655,9.929293074925718,4
1352665,9.825958642510974,10
1352676,9.827219810531012,11
1352680,9.935780917394869,4
1352693,9.696185845868849,13
1352694,9.996344794866765,1
1352701,9.855638407940477,7
1352719,9.65062589876287,18
1352735,9.68186490992193,16
1352752,9.60288939072648,17
1352757,9.934476167304135,5
1352761,9.953072310238376,4
1352763,9.986460483329175,2
1352823,8.851452646468758,60
1352828,9.916561314015073,5
1352849,9.4161733498145,21
1352852,9.96129841752168,3
1352853,10.0,1
1352866,9.714520416091409,13
1352877,9.747881810577152,11
1352888,9.760934074856559,11
1352889,10.0,1
1352893,9.933455363495206,4
1352905,9.757212586749025,12
1352917,9.740491866162808,12
1352936,9.559618502673779,19
1352951,9.677434700614722,15
1352962,9.763799179785709,11
1352974,9.763828763801431,12
1352978,9.938807515238953,4
1352983,9.838739750372824,5
1352998,9.677605927372628,15
1353007,9.851098126293152,9
1353015,9.836049764725587,8
1353018,9.958402120318482,3
1353028,9.785094298698926,10
1353042,9.73964278460715,14
1353049,9.851799213036466,7
1353057,9.846650819432481,8
1353069,9.746563627520194,12
1353077,9.874313137107244,8
1353086,9.83315529755808,9
1353100,9.680465747586604,14
1353110,9.771255668517272,10
1353127,9.634106646561493,17
1353130,9.954525662189575,3
1353158,9.36691410651498,28
1353170,9.736771236471773,12
1353183,9.744640608245264,13
1353204,9.497823208444691,21
1353217,9.712499919262669,13
1353228,9.813741593452992,11
1353249,9.56221754440119,21
1353258,9.848401224572713,9
1353264,9.899336677446296,6
1353272,9.848523405989647,8
1353285,9.690521342937632,13
1353302,9.655784730110572,17
1353314,9.718929330626324,12
1353327,9.751213688883514,13
1353332,9.898646657971542,5
1353344,9.74466787085341,12
1353354,9.789701532108543,10
1353366,9.421027779155848,12
1353384,9.580050345534087,18
1353394,9.80607964248018,10
1353401,9.848868764390929,7
1353424,9.502139305596568,23
1353431,9.86178475929609,7
1353445,9.713544263369277,14
1353455,9.80257753399378,10
1353465,9.819609167482428,10
1353478,9.697066764735114,13
1353483,9.919517145395332,5
1353499,9.638578290982261,16
1353510,9.769457424130485,11
1353517,9.89241288567705,7
1353530,9.702753789486337,13
1353545,9.743371518865027,15
1353546,10.0,1
1353553,9.863237202587833,7
1353554,10.0,1
1353555,10.0,1
1353563,9.851479564749974,8
1353581,9.605659439663528,18
1353599,9.647078595322963,18
1353611,9.7249501621893,12
1353612,10.0,1
1353627,9.681419157130756,15
1353648,9.633686492597734,21
1353660,9.778519501229889,12
1353690,9.43441995333878,30
1353692,9.973139690143329,2
1353693,10.0,1
1353703,9.812289914635688,10
1353743,9.359841282305993,40
1353751,9.825678403293432,8
1353759,9.886646943612885,8
1353770,9.778967075744061,11
1353791,9.56084914735011,21
1353815,9.509262021858742,24
1353821,9.880222800872444,6
1353825,9.927126260130564,4
1353829,9.935850416794553,4
1353839,9.765625088001359,10
1353849,9.779961775179421,10
1353868,9.624403931487496,19
1353877,9.831917126950948,9
1353906,9.346727163617551,29
1353911,9.933865686216032,5
1353916,9.91543476471028,5
1353921,9.92907254158875,5
1353930,9.821926892916286,9
1353941,9.783001266541142,11
1353947,9.904251886702458,6
1353959,9.73841277566963,12
1353969,9.819505567451275,10
1353980,9.812472856790524,11
1353989,9.514495064398853,9
1354001,9.764522064099806,12
1354007,9.915269758730044,6
1354029,9.465957204567726,22
1354033,9.941082420901543,4
1354039,9.888859070732565,6
1354053,9.710829553244794,14
1354069,9.68185477528512,16
1354089,9.01829671033314,20
1354100,9.814025923163653,11
1354101,10.0,1
1354110,9.835990827547803,9
1354117,9.87857955095761,7
1354137,9.538333074562598,20
1354144,9.853487478889454,7
1354145,10.0,1
1354157,9.753599822888432,12
1354175,9.65491276425064,18
1354185,9.803967002819856,10
1354186,10.0,1
1354198,9.74255855507368,12
1354229,9.258929350958429,31
1354235,9.890196236912077,6
1354236,10.0,1
1354244,9.841330574227007,8
1354262,9.5904829906256,18
1354263,10.0,1
1354281,9.294474417580771,18
1354290,9.817322337399709,9
1354302,9.727681859555988,12
1354305,9.94579848122355,3
1354320,9.658493576237344,15
1354335,9.741582275573803,15
1354347,9.740816504594093,12
1354353,9.88388546912173,6
1354354,10.0,1
1354355,10.0,1
1354363,9.848571200811707,8
1354373,9.820468291797283,10
1354379,9.895351358429389,6
1354386,9.86516538909095,7
1354391,9.90795233044326,5
1354398,9.865098955669726,7
1354406,9.868495390769997,8
1354429,9.426493522790711,23
1354437,9.84802097846787,8
1354439,9.9796639377544,2
1354443,9.936636357079896,4
1354453,9.798683830453943,10
1354466,9.701098463678369,13
1354478,9.74551612121825,12
1354479,9.988587390859069,1
1354493,9.702220350992276,14
1354502,9.805041653392747,9
1354519,9.657017491346766,17
1354530,9.783831800322014,11
1354554,9.474748949914689,24
1354560,9.894853701112673,6
1354568,9.856564430653687,8
1354582,9.711467986746964,14
1354593,9.768928375600803,11
1354598,9.922977325107292,5
1354622,9.4512012280976,24
1354623,10.0,1
1354633,9.80453438839803,10
1354635,9.973087405987966,2
1354643,9.83919688657692,8
1354644,9.996386545426384,1
1354648,9.942848840885263,4
1354652,9.933319545649393,4
1354659,9.855105924486567,7
1354672,9.742821878168627,13
1354680,9.849271938644181,8
1354687,9.87275883776341,7
1354688,10.0,1
1354694,9.90676826837735,6
1354710,9.694771368108341,16
1354711,10.0,1
1354712,10.0,1
1354723,9.798145871891448,11
1354758,8.595304233492426,35
1354772,9.678515711514242,14
1354780,9.854398132800938,8
1354783,9.960776703740148,3
1354784,9.992235392962364,1
1354790,9.893454846615068,6
1354810,9.579056686520957,20
1354819,9.841090338185749,9
1354823,9.935886240893383,4
1354829,9.901608146966845,6
1354838,9.812705569834295,9
1354856,9.22425125652796,18
1354862,9.88308149417854,6
1354868,9.899852916988834,6
1354880,9.779111645442558,12
1354887,9.868042386248845,7
1354911,9.412506055338051,24
1354912,9.988283773386154,1
1354913,9.995826317983717,1
1354936,9.44500521631404,23
1354946,9.825350437298955,10
1354956,9.681109620788977,10
1354968,9.782010015519138,12
1354987,9.548537904306315,19
1354996,9.853007551087991,9
1355008,9.722016300462148,12
1355009,10.0,1
1355018,9.822111902036626,9
1355029,9.772655810655094,11
1355039,9.792516708842378,10
1355056,9.594629594203685,17
1355066,9.821291711622912,10
1355072,9.90132288953968,6
1355073,10.0,1
1355080,9.861678400965365,7
1355102,9.396718120061536,22
1355112,9.821627029178623,10
1355118,9.892959301828181,6
1355125,9.840720038917274,7
1355126,9.987843527659981,1
1355135,9.800583136334671,9
1355149,9.700349477979671,14
1355154,9.926325129376306,5
1355155,10.0,1
1355166,9.747068440807562,11
1355182,9.64391955504717,16
1355191,9.820332549460016,9
1355215,9.049345249545782,24
1355225,9.797244778554528,10
1355229,9.932419030840181,4
1355234,9.91235634287805,5
1355240,9.907386341061578,6
1355256,9.42635185990251,16
1355274,9.610290898851883,18
1355292,9.583231060033503,18
1355293,9.988723965534396,1
1355298,9.927193998604297,5
1355315,9.619807943102547,17
1355329,9.700720240833357,14
1355339,9.78234255945705,10
1355340,10.0,1
1355341,10.0,1
1355352,9.768811142200068,11
1355366,9.67706193269159,14
1355379,9.692658631910748,13
1355386,9.884316522014931,7
1355402,9.654302173444783,16
1355409,9.873094497451188,7
1355415,9.901476956264617,6
1355423,9.835415734158222,8
1355442,9.559932291561443,19
1355447,9.907498183117445,5
1355458,9.826952376322053,11
1355470,9.713208129197954,12
1355489,9.53922515100515,19
1355494,9.914751690976194,5
1355503,9.81371616196403,9
1355512,9.813956620928689,9
1355528,9.447857818202671,16
1355533,9.905598861716928,5
1355539,9.894495953820586,6
1355551,9.71548749327017,12
1355560,9.816292010284625,9
1355573,9.747854403943464,13
1355719,7.396391211591288,146
1355729,9.828658315469104,10
1355738,9.85069323892994,9
1355746,9.85722562711876,8
1355758,9.734415133230392,12
1355761,9.949197195610958,3
1355774,9.69918183873448,13
1355785,9.824103374683549,11
1355796,9.80225002454193,11
1355802,9.878379246835772,6
1355803,10.0,1
1355811,9.81537914294352,8
1355817,9.904323555669798,6
1355819,9.978423054444534,2
1355835,9.677044313250072,16
1355864,9.42349112928806,29
1355888,9.4783696604097,24
1355889,10.0,1
1355890,10.0,1
1355903,9.733765524532275,13
1355908,9.923114648990659,5
1355915,9.884755363141077,7
1355928,9.725131059118754,13
1355929,10.0,1
1355937,9.851350082319456,8
1355947,9.856451994939622,10
1355968,9.614081501140472,21
1355986,9.611223920473984,18
1356000,9.681805015927528,14
1356009,9.840673731838741,9
1356022,9.714831638059255,13
1356037,9.680519046868366,15
1356053,9.66503929544176,16
1356061,9.834057619103211,8
1356072,9.7662206101088,11
1356083,9.786201296123238,11
1356090,9.878544195411001,7
1356093,9.955330757689898,3
1356106,9.698481036494176,13
1356123,9.571891635087995,17
1356140,9.623195794853789,17
1356157,9.641935341792385,17
1356163,9.902482827786484,6
1356189,9.548967741759265,26
1356191,9.977663161670035,2
1356201,9.810185064873352,10
1356206,9.933172310754946,5
1356212,9.89397058619944,6
1356220,9.849448514073703,8
1356222,9.780747627017302,2
1356236,9.410961938230137,14
1356248,9.773393773852565,12
1356261,9.737844669472462,13
1356268,9.869710717253094,7
1356269,10.0,1
1356319,8.878800881714678,50
1356324,9.911287358933073,5
1356348,9.526601199881226,24
1356356,9.853542411017678,8
1356357,9.996434680331017,1
1356368,9.7326302945888,11
1356378,9.785002729029406,10
1356387,9.826794890305534,9
1356397,9.77476858641033,10
1356410,9.731944461040843,13
1356461,8.850987914170005,51
1356476,9.675840883122632,15
1356483,9.884329560032418,7
1356497,9.714510666362502,14
1356511,9.681473777343639,14
1356515,9.937415595650567,4
1356520,9.913494919305766,5
1356525,9.899974590075015,5
1356530,9.91467349274093,5
1356534,9.93463891571476,4
1356542,9.876786683832757,8
1356565,8.741868439424342,23
1356577,9.765466037054702,12
1356585,9.861357678557626,8
1356604,9.548980373704644,19
1356617,9.752770324238908,13
1356625,9.863305213477483,8
1356638,9.752128728257489,13
1356645,9.891164326405976,7
1356657,9.749967484774672,12
1356672,9.629823619390894,15
1356683,9.764779295842214,11
1356688,9.923004612960176,5
1356705,9.620345503570249,17
1356718,9.69352228775664,13
1356729,9.782558556991065,11
1356736,9.870347893658197,7
1356747,9.801055074667794,11
1356758,9.741693867551655,11
1356769,9.794485523120242,11
1356784,9.624140614494031,15
1356791,9.883235964719702,7
1356800,9.845558198568048,9
1356810,9.776065858193594,10
1356822,9.75007101035636,12
1356829,9.860023779616316,7
1356840,9.766391553040222,11
1356863,9.427754114410643,23
1356889,9.485502979272866,26
1356900,9.759653126706917,11
1356913,9.683271856927618,13
1356924,9.482268753805583,11
1356935,9.7865439423592,11
1356945,9.805628684884198,10
1356952,9.85801060946872,7
1356955,9.9642521647969,3
1356970,9.658052514017287,15
1356988,9.617027842210954,18
1356994,9.883039707957602,6
1357003,9.825143716289933,9
1357009,9.906939347727498,6
1357019,9.784063407762511,10
1357027,9.88072996294702,8
1357028,9.991635437291292,1
1357033,9.9239461303956,5
1357046,9.733251101479967,13
1357076,9.229368112405133,30
1357077,10.0,1
1357095,9.458858849606786,18
1357111,9.672699221376543,16
1357118,9.889413481081643,7
1357128,9.785099527249846,10
1357143,9.68988640540853,15
1357144,9.987737719101395,1
1357148,9.946494416992152,4
1357163,9.740861631026249,15
1357179,9.218076480164829,16
1357180,9.993007556887003,1
1357181,10.0,1
1357191,9.804386781076177,10
1357202,9.753423954573725,11
1357211,9.813367151565403,9
1357220,9.835400628189424,9
1357237,9.632892525435276,17
1357255,9.626088066912326,18
1357264,9.872511231072169,9
1357277,9.730539655474416,13
1357292,9.692099991030704,15
1357296,9.932439697881868,4
1357305,9.820590807661778,9
1357311,9.91852511546542,6
1357323,9.757411830841628,12
1357340,9.503699369657935,17
1357358,9.639481553057811,18
1357372,9.679106178845734,14
1357386,9.735487679775622,14
1357393,9.889375859925693,7
1357407,9.727031938561192,14
1357434,7.876325535692663,27
1357442,9.843710890079574,8
1357449,9.877669181400602,7
1357459,9.790953830855367,10
1357473,9.689510942815183,14
1357483,9.836654007648722,10
1357484,10.0,1
1357499,9.748902505374303,15
1357517,9.657025001595951,18
1357531,9.660593205231113,14
1357548,9.683736559977836,17
1357549,10.0,1
1357554,9.912697751468421,5
1357569,9.648348457485639,15
1357577,9.823022455824397,8
1357594,9.566670705599151,17
1357603,9.645173525471472,9
1357627,9.579932741598025,24
1357636,9.802507726325809,9
1357646,9.792490703515524,10
1357654,9.850205896686395,8
1357659,9.917715499044146,5
1357675,9.65650799661511,16
1357682,9.888864203283868,7
1357692,9.816948720799752,10
1357708,9.642227583471243,16
1357720,9.728065434885089,12
1357734,9.50707630026157,14
1357749,9.66592743909172,15
1357763,9.550656183606627,14
1357774,9.758603073236968,11
1357790,9.646059012430669,16
1357814,7.912851610306846,24
1357822,9.861877203785149,8
1357832,9.683769346223922,10
1357842,9.17452915756414,10
1357865,9.568736230249046,23
1357873,9.854275838525338,8
1357903,9.398577069442293,30
1357920,9.561293053550635,17
1357926,9.902557005015948,6
1357930,9.940597751587994,4
1357939,9.861416549903058,9
1357941,9.985550843538736,2
1357942,9.99250054316709,1
1357951,9.85627128481703,9
1357973,9.519582171020017,22
1357979,9.888812252597894,6
1357988,9.83023611714793,9
1358004,9.656219789449628,16
1358012,9.836550543199689,8
1358029,9.592915685539948,17
1358044,9.529962812021418,15
1358055,9.789686235527377,11
1358067,9.737406551808071,12
1358079,9.728118119638719,12
1358088,9.848829230934856,9
1358100,9.769774307686568,12
1358116,9.477548765511674,16
1358129,9.77747010457348,13
1358143,9.704759859942037,14
1358151,9.845732960953464,8
1358166,9.408585452780533,15
1358178,9.766341640548003,12
1358190,9.771032214299304,12
1358219,9.41270364039344,29
1358224,9.923588592364585,5
1358238,9.714284909478724,14
1358248,9.782958178001438,10
1358269,9.227796018799939,21
1358276,9.865728793513174,7
1358277,10.0,1
1358285,9.836317756603606,8
1358289,9.932742063813771,4
1358301,9.72971604988127,12
1358307,9.91165977693258,6
1358323,9.670403541431854,16
1358332,9.841211513360102,9
1358334,9.977980514187715,2
1358345,9.781406591731646,11
1358358,9.685941619019243,13
1358359,10.0,1
1358364,9.911903615119618,5
1358370,9.890015625371063,6
1358379,9.807445353560404,9
1358391,9.753801006381739,12
1358404,9.702328601132132,13
1358410,9.889436647216725,6
1358421,9.764994341481458,11
1358430,9.836364033985925,9
1358440,9.78826496346625,10
1358455,9.681933129681521,15
1358467,9.724695926133347,12
1358481,9.746593919138547,14
1358508,9.300725804992462,27
1358514,9.908997417742208,6
1358524,9.798689324884954,10
1358533,9.82080291089676,9
1358545,9.725708790999827,12
1358561,9.68989951318832,16
1358574,9.704922286175625,13
1358584,9.802783876115278,10
1358588,9.924250087910794,4
1358589,10.0,1
1358594,9.906589185435061,5
1358612,9.358425070167144,18
1358616,9.92663222892633,4
1358617,9.988656739436637,1
1358627,9.686814847288787,10
1358646,9.560032063178898,19
1358659,9.758969709702841,13
1358660,9.992182758355606,1
1358681,9.371223129939187,21
1358695,9.672594728570603,14
1358696,10.0,1
1358704,9.8511471535651,8
1358705,10.0,1
1358706,10.0,1
1358713,9.909517644032801,7
1358724,9.774135035168033,11
1358728,9.94534993268211,4
1358739,9.755198601778089,11
1358751,9.743722184746586,12
1358758,9.868972085227668,7
1358759,9.987994561948206,1
1358764,9.933652540422726,5
1358765,10.0,1
1358769,9.942200304931854,4
1358788,9.639885908692005,19
1358789,9.992481638487984,1
1358792,9.97056200831131,3
1358793,10.0,1
1358795,9.977163094824506,2
1358796,10.0,1
1358807,9.761421489573431,11
1358816,9.827151681039192,9
1358819,9.96363511056476,3
1358821,9.979207889971677,2
1358830,9.84285825485038,9
1358842,9.749255100209307,12
1358853,9.818150263495498,11
1358865,9.764757633338014,12
1358873,9.84624891633584,8
1358874,10.0,1
1358889,9.700645115591424,15
1358900,9.765101086729807,11
1358915,9.681306167952135,15
1358928,9.725754284418294,13
1358939,9.799366260235058,11
1358949,9.800817386089138,10
1358959,9.814293661889547,10
1358960,10.0,1
1358975,9.45031440660896,15
1358990,9.67165624117455,15
1358991,10.0,1
1358992,9.996318194380654,1
1358996,9.927132382690319,4
1359010,9.704130536654837,14
1359025,9.67189820729189,15
1359031,9.89954700011345,6
1359040,9.839735271283242,9
1359050,9.793031053866759,10
1359054,9.938009729967355,4
1359073,9.599752293217964,19
1359087,9.720079203641784,14
1359101,9.763359254607451,14
1359113,9.7783443197246,12
1359125,9.742941063016383,12
1359138,9.764634530100249,13
1359153,9.728098140110744,15
1359178,9.463644339671655,25
1359197,9.63591154793767,19
1359207,9.778508854943215,10
1359235,8.978208205391137,28
1359246,9.7995757674598,11
1359257,9.775667116639555,11
1359272,9.618057282410113,15
1359279,9.874507954975869,7
1359288,9.831975734458615,9
1359289,10.0,1
1359298,9.820898471110073,9
1359301,9.95321532179785,3
1359320,9.511773075714341,19
1359344,9.510840875383828,24
1359352,9.878203192701251,8
1359366,9.739303074883603,14
1359392,9.417798209190622,26
1359400,9.861974113223493,8
1359422,9.497406513832393,22
1359434,9.742598089005515,12
1359446,9.761413069788613,12
1359458,9.736575287019607,12
1359471,9.765808754796668,13
1359485,9.668702522526203,14
1359504,9.533616131444708,19
1359522,9.62220178470835,18
1359537,9.664172443962714,15
1359561,8.407919830300951,24
1359562,10.0,1
1359563,10.0,1
1359566,9.969682585672642,3
1359572,9.906405602814647,6
1359573,10.0,1
1359590,9.6875644067547,17
1359602,9.731142019113049,12
1359613,9.775762279385392,11
1359634,9.589344938556023,21
1359677,9.184288817874426,43
1359698,9.568972945297725,21
1359699,9.992927112959217,1
1359707,9.863933129256058,8
1359710,9.967219913596491,3
1359722,9.759913511920187,12
1359738,9.665085563419275,16
1359746,9.856481963934822,8
1359747,10.0,1
1359750,9.963831614977293,3
1359751,10.0,1
1359766,9.669296135801703,15
1359778,9.339886308500521,12
1359790,9.755309148984736,12
1359798,9.844184260111335,8
1359809,9.775081500003138,11
1359810,10.0,1
1359811,10.0,1
1359820,9.852097249703997,9
1359850,9.443626764969979,30
1359941,7.8146012286425375,91
1359950,9.834755585630447,9
1359954,9.924227485411949,4
1359955,10.0,1
1359956,10.0,1
1359979,9.48852119672024,23
1359983,9.938980497813118,4
1359991,9.879789680765017,8
1360007,9.666606591827017,16
1360013,9.883232531946257,6
1360016,9.967352745085359,3
1360023,9.875533912949773,7
1360025,9.970970245328344,2
1360032,9.862499438068332,7
1360047,9.683604404959766,15
1360054,9.877970656930165,7
1360068,9.688596466727986,14
1360073,9.919763325428333,5
1360082,9.820656575174121,9
1360107,9.49106301851515,25
1360136,9.40704104453107,29
1360146,9.80278061263949,10
1360156,9.8234949160028,10
1360157,10.0,1
1360163,9.895904837550725,6
1360196,9.344217916130685,33
1360203,9.89591952863562,7
1360213,9.793905698650201,10
1360221,9.729909726205051,8
1360231,9.790971842131325,10
1360245,9.678203696632423,14
1360259,9.708163055437032,14
1360263,9.94222407425892,4
1360268,9.91043001065936,5
1360278,9.812941244990107,10
1360289,9.780397205965908,11
1360297,9.82429358901719,8
1360306,9.854643059732258,9
1360311,9.906080118264455,5
1360312,9.991375310080823,1
1360321,9.826745823421614,9
1360331,9.798247828312494,10
1360355,9.504917089138665,24
1360359,9.948174257492486,4
1360368,9.836099173595489,9
1360375,9.876742187292571,7
1360393,9.658104948901988,18
1360402,9.815214074623446,9
1360405,9.956180852214167,3
1360414,9.846950013269923,9
1360430,9.734822093346235,16
1360431,10.0,1
1360440,9.835305224153519,9
1360452,9.752329769114018,12
1360460,9.87717150322979,8
1360470,9.778770348278446,10
1360484,9.670830452746602,14
1360485,10.0,1
1360491,9.888835339509525,6
1360496,9.923928732812092,5
1360510,9.669421630716466,14
1360521,9.746539236920503,11
1360559,7.98947235012799,38
1360573,9.701514240299876,14
1360583,9.805742092993642,10
1360588,9.817789657828136,5
1360589,10.0,1
1360608,9.112792169229342,19
1360621,9.728822369412526,13
1360641,9.528949997862197,20
1360650,9.799551820992443,9
1360681,9.346710217702801,31
1360682,10.0,1
1360696,9.704408580695011,14
1360713,9.32724077262144,17
1360720,9.887313796862939,7
1360730,9.780058659671454,10
1360750,9.609533958250104,20
1360771,9.583462041004863,21
1360772,10.0,1
1360780,9.861619693147786,8
1360791,9.768627796803386,11
1360802,9.77850051083577,11
1360810,9.870806366009395,8
1360835,9.413725357183177,25
1360848,9.76044379472667,13
1360863,9.667420197205827,15
1360876,9.730850541911805,13
1361128,3.2717693433295425,252
1361628,-14.245838959647347,500
1362128,-213.9484996702097,500
1362132,9.732077841790003,4
1362148,9.658830657085424,16
1362167,9.582976621747445,19
1362170,9.952447529747538,3
1362171,9.996737684148181,1
1362300,7.962800705147716,129
1362310,9.77827196120276,10
1362326,9.626757030530475,16
1362333,9.891046165729783,7
1362339,9.901322894455815,6
1362346,9.896231830806986,7
1362356,9.790212873948855,10
1362376,9.368138059841971,20
1362384,9.882923466307295,8
1362395,9.751774638248833,11
1362400,9.90939672958157,5
1362413,9.720570913931434,13
1362418,9.916412051790266,5
1362424,9.899748279162925,6
1362437,9.724220789817405,13
1362461,9.490911181010333,24
1362468,9.877222869269767,7
1362488,9.522625313311936,20
1362489,9.996795672002783,1
1362497,9.858027609886888,8
1362508,9.750188573479722,11
1362518,9.816432064154847,10
1362519,10.0,1
1362524,9.920112316217105,5
1362530,9.900202461168547,6
1362542,9.740163150917734,12
1362549,9.879521382952813,7
1362557,9.89136657548493,8
1362559,9.97470637029802,2
1362576,9.594924997818957,17
1362592,8.679563959663067,16
1362593,10.0,1
1362594,9.989255884255982,1
1362613,9.633407069263656,19
1362641,6.34726740955618,28
1362658,9.578236095785474,17
1362659,9.98794556067778,1
1362671,9.723217166312999,12
1362686,9.640421143637411,15
1362701,9.655889806537857,15
1362715,9.698134041944344,14
1362728,9.546098846596006,13
1362733,9.904486777344182,5
1362742,9.820520939776085,9
1362747,9.915626574060429,5
1362749,9.972811314052569,2
1362753,9.941746332418292,4
1362765,9.742692658681463,12
1362771,9.892658213813457,6
1362782,9.74044057803321,11
1362785,9.956986707719597,3
1362805,9.609301085717496,20
1362865,8.724901932622483,60
1362867,9.969927977044717,2
1362868,10.0,1
1362885,9.623181367484152,17
1362901,9.707225007597428,16
1362902,10.0,1
1362931,9.360671023243345,29
1362945,9.697732439022081,14
1362966,9.586596718073096,21
1362983,9.649929128511102,17
1362995,9.712007877161058,12
1362999,9.941206375236916,4
1363021,9.517613890369306,22
1363031,9.796656199320573,10
1363040,9.84274813853086,9
1363050,9.798188389611386,10
1363057,9.881603826822088,7
1363068,9.845190094785988,11
1363096,9.446379061953225,28
1363108,9.774803606837763,12
1363121,9.71618577712351,13
1363129,9.835990680471808,8
1363130,10.0,1
1363139,9.829326946967882,9
1363147,9.83835309012368,8
1363172,9.496703666145194,25
1363182,9.783680454100047,10
1363204,9.036994213238007,22
1363220,9.520096035503242,16
1363224,9.933149872588565,4
1363228,9.955699305192615,4
1363241,9.696174506654327,13
1363248,9.883987489728685,7
1363255,9.897276226785676,7
1363266,9.777241398292533,11
1363280,9.691064151226138,14
1363291,9.764917557079412,11
1363303,9.770039501464744,12
1363319,7.891750257367063,16
1363327,9.84140310864791,8
1363335,9.850912632762883,8
1363347,9.735296737184239,12
1363361,9.70242754422178,14
1363367,9.900871931320603,6
1363374,9.854219143552399,7
1363383,9.799209653281936,9
1363392,9.824888993984285,9
1363397,9.905178251690918,5
1363399,9.98232893594387,2
1363409,9.798734409735745,10
1363445,9.025432205907519,36
1363446,10.0,1
1363491,9.304410413279543,45
1363499,9.74801943003641,8
1363512,9.697452327698622,13
1363525,9.688443087671537,13
1363549,9.235838407903206,24
1363553,9.942522874263654,4
1363575,9.560861376223931,22
1363584,9.499110329793009,9
1363587,9.96706938922582,3
1363592,9.908689394339415,5
1363604,9.727168358446434,12
1363621,9.581014607212781,17
1363627,9.905824323899594,6
1363635,9.860404254884356,8
1363636,9.99225792920226,1
1363637,10.0,1
1363652,9.702159699387277,15
1363661,9.8260863426681,9
1363690,9.43328106303538,29
1363697,9.753529913404634,7
1363710,9.697612749381467,13
1363719,9.820236156514538,9
1363737,9.597459509991468,18
1363745,9.841623800941454,8
1363773,9.284190524869265,28
1363788,9.660381231989184,15
1363797,9.827645689416505,9
1363798,9.996160128607226,1
1363807,9.835141061195232,9
1363823,9.613247950651063,16
1363834,9.775283886339592,11
1363845,9.780070412812346,11
1363854,9.709050690677673,9
1363865,9.788867567363747,11
1363868,9.9450870284371,3
1363872,9.932554572904566,4
1363887,9.68417851277454,15
1363890,9.958017913031737,3
1363896,9.916267359418702,6
1363907,9.743922517557989,11
1363915,9.869842339422355,8
1363916,10.0,1
1363923,9.863407637399362,7
1363924,10.0,1
1363925,9.99297433804606,1
1363934,9.84123255150848,9
1363945,9.792677966775729,11
1363956,9.788186025150125,11
1363957,10.0,1
1363967,9.814858223174916,10
1363975,9.844504780877534,8
1363984,9.802512415850451,9
1363995,9.814181396983155,11
1363998,9.959183846948319,3
1364020,9.533880186522637,22
1364026,9.89596687811393,6
1364027,9.996404351787097,1
1364034,9.864406012370084,7
1364046,9.798684482755636,12
1364048,9.968794959607404,2
1364064,9.642964937189753,16
1364066,9.97345269633169,2
1364071,9.90355045044618,5
1364084,9.721018533930483,13
1364085,10.0,1
1364093,9.87466084047397,8
1364099,9.902475521133947,6
1364110,9.783218114769332,11
1364137,9.517240354278691,27
1364144,9.890231484432054,7
1364150,9.88141032348528,6
1364163,9.690463026989242,13
1364164,10.0,1
1364179,8.994481007816134,15
1364194,9.666419523813762,15
1364197,9.952465307801443,3
1364206,9.848593618128085,9
1364218,9.745470051491377,12
1364224,9.89130500176823,6
1364226,9.965711124331632,2
1364233,9.88146373512187,7
1364244,9.780295467561855,11
1364259,7.153332474003905,15
1364264,9.914720510067673,5
1364273,9.825986356106275,9
1364279,9.896447359063165,6
1364288,9.824377969900592,9
1364315,9.53888851049884,27
1364333,8.451454247578708,18
1364341,9.753966439893395,8
1364396,0.9519523081390524,55
1364410,9.710617231437991,14
1364419,9.830636683268736,9
1364432,9.707842447160184,13
1364446,9.711798852105582,14
1364457,9.792542219372198,11
1364462,9.910304650758976,5
1364463,10.0,1
1364465,9.975635096290922,2
1364479,9.694183227481592,14
1364493,9.7180777765289,14
1364501,9.833052668921825,8
1364506,9.927653563415742,5
1364523,9.614085591951227,17
1364535,9.787684144502684,12
1364540,9.905356871615096,5
1364566,9.291144110303154,26
1364573,9.883517493604296,7
1364574,10.0,1
1364581,9.871284825785091,7
1364588,9.863579461445934,7
1364619,9.14810640261934,31
1364644,9.56338970225176,25
1364650,9.897919688891726,6
1364654,9.934468935915898,4
1364661,9.881345820017186,7
1364666,9.92584823565637,5
1364671,9.911916051518713,5
1364689,9.62254197057514,18
1364698,9.863919174907878,9
1364709,9.791967628857615,11
1364716,9.882829723370063,7
1364721,9.92501662294955,5
1364758,9.226642099141205,37
1364771,9.42347890615525,13
1364777,9.892337314373776,6
1364787,9.676358249423807,10
1364792,9.939958901345515,5
1364794,9.977460463080432,2
1364801,9.87510055063147,7
1364805,9.947666143064067,4
1364819,9.339717673069602,14
1364831,9.789941793701148,12
1364840,9.855475772340675,9
1364854,9.729169864474038,14
1364867,9.784573312857885,13
1364883,9.612616920321766,16
1364886,9.948380688247978,3
1364889,9.856825538220539,3
1364909,9.550631957047573,20
1364910,10.0,1
1364922,9.732658152100177,12
1364931,9.829146638785398,9
1364944,9.761627170267147,13
1364960,9.595261351916387,16
1364976,9.579523527836287,16
1364984,9.818275373086264,8
1365002,9.596970760376925,18
1365007,9.923660623560023,5
1365016,9.797130964714087,9
1365022,9.902621169480511,6
1365023,10.0,1
1365027,9.935239720861954,4
1365039,9.797768026583674,12
1365053,9.66987218007127,14
1365055,9.980665755629884,2
1365065,9.801890552199565,10
1365070,9.939886738222645,5
1365084,9.748971595163237,14
1365088,9.624097752967208,4
1365093,9.933450396409267,5
1365104,9.778006686289382,11
1365113,9.824323376486658,9
1365118,9.90108858332875,5
1365138,5.614378024002639,20
1365144,9.874817801229293,6
1365150,9.89186707374368,6
1365161,9.781103197120887,11
1365162,9.991941682211083,1
1365181,9.556372447332969,19
1365182,10.0,1
1365190,9.84228305993636,8
1365194,9.939444788078399,4
1365204,9.776044114697333,10
1365205,10.0,1
1365221,9.657672248784824,16
1365237,9.652834708647397,16
1365258,9.561978959032974,21
1365259,10.0,1
1365267,9.860238361712527,8
1365281,9.712371757878644,14
1365304,9.507681818136682,23
1365326,9.533411476232425,22
1365335,9.835626961801925,9
1365339,9.924393350881504,4
1365341,9.972025437685039,2
1365344,9.965716568007224,3
1365351,9.874436107981454,7
1365363,9.787447000189772,12
1365387,9.262029046507573,24
1365404,9.682088697374896,17
1365412,9.836779071603718,8
1365421,9.794662235124836,9
1365433,9.781637720632805,12
1365446,9.704804799383984,13
1365456,9.815318297007812,10
1365468,9.75252722006053,12
1365475,9.875004126906578,7
1365476,10.0,1
1365480,9.930877240524236,4
1365492,9.809428605627948,12
1365500,9.849288947787093,8
1365506,9.898447749940054,6
1365508,9.974241730867996,2
1365525,9.624778654207525,17
1365527,9.97369291372701,2
1365529,9.983660446868832,2
1365538,9.805134768847786,9
1365543,9.91430720902125,5
1365551,9.84781004404501,8
1365562,9.76794970105256,11
1365568,9.899237422323804,6
1365576,9.838511135875482,8
1365577,10.0,1
1365582,9.920437233465426,5
1365593,9.809534629153239,11
1365607,9.729294933872739,14
1365612,9.928139178313188,5
1365625,9.720928036104423,13
1365641,9.68608337734907,16
1365642,10.0,1
1365655,9.769167548719347,13
1365656,10.0,1
1365669,9.766230797627983,13
1365678,9.804836843457304,9
1365693,9.733426620015884,15
1365701,9.876313087113935,8
1365712,9.773562910371945,11
1365721,9.81640542551561,9
1365730,9.830822651057613,9
1365734,9.937282853497617,4
1365745,9.788097441677643,11
1365757,9.728239731682297,12
1365771,9.661302654979254,14
1365781,9.791185715497301,10
1365791,9.803243859714279,10
1365792,10.0,1
1365807,9.646823647300035,15
1365820,9.703819037472487,13
1365824,9.920812857947434,4
1365834,9.829157326992764,10
1365849,9.657570317956266,15
1365863,9.705992691439622,14
1365872,9.813415438609802,9
1365873,10.0,1
1365883,9.783727091746428,10
1365894,9.785317624881023,11
1365905,9.79901009836528,11
1365906,10.0,1
1365916,9.785227385746037,10
1365926,9.82944445003045,10
1365931,9.933634549973991,5
1365955,9.551044498551025,24
1365962,9.876586647814714,7
1365969,9.873526708825496,7
1365981,9.461807985459451,12
1365995,9.74379040224108,14
1366002,9.882301710126283,7
1366006,9.942282292578085,4
1366012,9.909453738703608,6
1366021,9.808387285251081,9
1366035,9.741706397530393,14
1366052,9.694769565672813,17
1366058,9.890629035501284,6
1366059,10.0,1
1366060,10.0,1
1366070,9.771182510241474,10
1366077,9.887933314141245,7
1366087,9.589177583809176,10
1366093,9.886730710107756,6
1366105,9.733900231566086,12
1366116,9.80847229370388,11
1366117,10.0,1
1366128,9.785597748274938,11
1366139,9.763617408968697,11
1366178,8.5332262289136,39
1366188,9.830286538222824,10
1366197,9.79764222449956,9
1366212,9.672660163389908,15
1366216,9.725905661534393,4
1366232,9.632095295164001,16
1366241,9.730710714888945,9
1366257,9.629125123319952,16
1366274,9.60728336872819,17
1366275,10.0,1
1366287,9.738184211441872,12
1366297,9.813568629550984,10
1366298,10.0,1
1366307,9.810406809924542,9
1366311,9.946947697067829,4
1366312,10.0,1
1366318,9.90423173079055,6
1366326,9.83791940838605,8
1366336,9.809897317178077,10
1366362,9.363413940219163,26
1366371,9.808983089954566,9
1366382,9.783510539093085,11
1366394,9.748588476748596,12
1366406,9.741493424290418,12
1366412,9.89550865754951,6
1366421,9.820959519808,9
1366425,9.93295447524853,4
1366440,9.692218694235118,15
1366450,9.7893179584443,10
1366457,9.877469958795409,7
1366478,9.525886409242958,21
1366488,9.791554155204217,10
1366491,9.962744365545081,3
1366504,9.732860046142957,13
1366516,9.740784600567002,12
1366517,10.0,1
1366536,9.616318883029962,19
1366554,9.630032303436005,18
1366559,9.911965079687832,5
1366562,9.959994045572504,3
1366574,9.757603307151042,12
1366586,9.736848483786783,12
1366602,9.704014573952097,16
1366616,9.700682915337552,14
1366627,9.818654752900931,11
1366631,9.934057384042159,4
1366641,9.778633433025378,10
1366659,9.560686004906296,18
1366663,9.946330864347434,4
1366672,9.801724946928749,9
1366681,9.818316434813841,9
1366691,9.781335975566984,10
1366696,9.9103670751686,5
1366706,9.793805243918818,10
1366721,9.702070709230021,15
1366730,9.84985543618128,9
1366750,9.370079643700473,20
1366763,9.700348473637844,13
1366782,9.562017633732271,19
1366790,9.851994503729681,8
1366796,9.901195893469186,6
1366798,9.972763776664642,2
1366816,9.561204106078009,18
1366826,9.79448856797686,10
1366840,9.70780104784597,14
1366842,9.983609258816749,2
1366846,9.94825660436057,4
1366855,9.813700453296622,9
1366865,9.792833267701148,10
1366868,9.96424308710877,3
1366877,9.854287550235904,9
1366887,9.776502634720378,10
1366889,9.977570985658385,2
1366903,9.734695823944687,14
1366907,9.935375923607907,4
1366916,9.829349789210205,9
1366922,9.886958299554987,6
1366923,10.0,1
1366935,9.77377572061572,12
1366944,9.816285613959371,9
1366951,9.88383113735142,7
1366965,9.66202251531217,14
1366982,9.654620589224459,17
1366993,9.779801507099025,11
1367007,9.770647408646324,14
1367008,10.0,1
1367015,9.885543228683279,7
1367018,9.97073776264013,3
1367020,9.982911334075592,2
1367029,9.836475243028069,9
1367039,9.739799125919028,10
1367055,9.688544511638353,16
1367066,9.787097655171463,11
1367079,9.704917650351092,13
1367096,9.626123308295067,17
1367101,9.926885220221681,5
1367111,9.796042495563709,10
1367116,9.919433309736089,5
1367117,10.0,1
1367131,9.72853032760276,14
1367144,9.69685925841664,13
1367150,9.906254659919178,6
1367167,9.614382609240353,17
1367182,9.656503074941227,15
1367183,9.992684202616442,1
1367191,9.836626603223726,8
1367201,9.785938623550848,10
1367202,10.0,1
1367203,10.0,1
1367204,10.0,1
1367218,9.715856530510825,14
1367228,9.79608536508904,10
1367233,9.912521678462952,5
1367234,9.996515147812211,1
1367248,9.618739161549241,14
1367291,9.148087559235126,43
1367300,9.848369301609774,9
1367301,9.99308091956208,1
1367309,9.632217525297042,8
1367312,9.961055618086522,3
1367812,-10.282088287973979,500
1367818,9.879580187710172,6
1367845,9.469644061528445,27
1367852,9.863457934275052,7
1367857,9.917551626741748,5
1367868,9.794060216385144,11
1367880,9.737762074990579,12
1367881,9.990993078245014,1
1367892,9.783417643263775,11
1367904,9.747952881677879,12
1367911,9.888385937011773,7
1367925,9.72682706041607,14
1367928,9.949095461108978,3
1367940,9.748044967514767,12
1367947,9.87439678111298,7
1367955,9.835523780852023,8
1367969,9.706708244650041,14
1367972,9.953270880720279,3
1367981,9.789280820275662,9
1368009,9.295113204788382,28
1368027,9.535370985470642,18
1368041,9.69476330284751,14
1368046,9.909522496413729,5
1368052,9.891692141488718,6
1368053,10.0,1
1368063,9.790397294958181,10
1368070,9.895271548168854,7
1368074,9.930113141690292,4
1368081,9.902917978841474,7
1368096,9.762528711727898,15
1368107,9.784089876935118,11
1368113,9.907740554392902,6
1368121,9.89027242429079,8
1368126,9.928675738842493,5
1368128,9.968472171208562,2
1368145,9.61646286814436,17
1368159,9.699053063194699,14
1368162,9.858555784081828,3
1368173,9.75881594429229,11
1368174,10.0,1
1368183,9.807678723842328,9
1368197,9.603870048695052,14
1368207,9.774927569243454,10
1368213,9.912641898718356,6
1368222,9.829535626590353,9
1368236,9.702558483754403,14
1368261,9.29069715372535,25
1368273,9.749791983928723,12
1368286,9.612122598937212,13
1368292,9.900196293479768,6
1368299,9.890692595121461,7
1368309,9.772902356251205,10
1368317,9.448387946735725,8
1368332,9.711937585190531,15
1368347,9.652380924310206,15
1368358,9.754351463979242,11
1368379,9.570397054222518,21
1368406,9.247693898484163,27
1368417,9.782959745048021,11
1368421,9.945467355019073,4
1368432,9.844301452444085,11
1368433,10.0,1
1368449,9.622217324471121,16
1368451,9.972760570122404,2
1368468,9.597555964677843,17
1368476,9.835738825703814,8
1368481,9.920327899994858,5
1368487,9.912069316944656,6
1368488,10.0,1
1368491,9.9632550584985,3
1368503,9.722149518172255,12
1368504,10.0,1
1368511,9.87019106335804,7
1368519,9.851294981174242,8
1368526,9.867101813061218,7
1368531,9.906034623568573,5
1368542,9.79270065499991,11
1368547,9.903988864537762,5
1368569,9.497082364323806,22
1368580,9.76434442206087,11
1368601,9.521735592204355,21
1368607,9.90584363304879,6
1368662,8.910570986372178,55
1368667,9.910277944531046,5
1368677,9.814387561492577,10
1368687,9.786800155520597,10
1368689,9.97716031236444,2
1368694,9.925790631059183,5
1368732,9.15079542348271,38
1368745,9.770768051037557,13
1368746,10.0,1
1368749,9.957685842387944,3
1368755,9.895564604282278,6
1368759,9.947361843300255,4
1368774,9.636154089942687,15
1368787,9.719461460333221,13
1368802,9.689648484393356,15
1368811,9.813591943860375,9
1368813,9.983197156262994,2
1368828,9.639906294708128,15
1368842,9.692130546648977,14
1368843,10.0,1
1368849,9.878683517896585,6
1368859,9.798612031684259,10
1368879,9.617297060720466,20
1368887,9.854634670823303,8
1368894,9.86697830347372,7
1368897,9.960448934257103,3
1368904,9.889318957764672,7
1368912,9.852889724624038,8
1368928,9.681934649866493,16
1368931,9.959963090051817,3
1368939,9.87991666580447,8
1368947,9.832453442254813,8
1368950,9.970335726797696,3
1368964,9.744312622611934,14
1368965,10.0,1
1368985,9.572896856239728,20
1368992,9.894187189883144,7
1369007,9.532504755156396,15
1369015,9.849457046511157,8
1369029,9.68927223682608,14
1369035,9.892717470269798,6
1369048,9.754831190805813,13
1369049,10.0,1
1369059,9.343602352116484,10
1369066,9.864544017562709,7
1369079,9.697584053935856,13
1369080,10.0,1
1369096,9.6993921586482,16
1369109,9.694326180411885,13
1369121,9.752476875317859,12
1369122,10.0,1
1369131,9.823160288635702,9
1369136,9.895169805460608,5
1369141,9.91057458787904,5
1369146,9.927495308122843,5
1369150,9.932637066908061,4
1369158,9.840846816987096,8
1369164,9.884854167316494,6
1369167,9.96256566653235,3
1369168,10.0,1
1369180,9.736729813180164,12
1369196,9.649501547965121,16
1369223,9.484411179918524,27
1369239,9.67515702034166,16
1369245,9.90061613481677,6
1369246,10.0,1
1369247,9.996345576910992,1
1369260,9.714614475298069,13
1369274,9.68463866160552,14
1369281,9.84127982034935,7
1369293,9.72224307826783,12
1369304,9.761677504107453,11
1369310,9.795740074539808,6
1369321,9.790435603927417,11
1369326,9.912663480881271,5
1369339,9.720858673254769,13
1369352,9.484584130241574,13
1369367,9.702130753318144,15
1369386,9.554473601897605,19
1369395,9.840661257493826,9
1369404,9.82779551899558,9
1369411,9.873118188704868,7
1369425,9.188530539086612,14
1369430,9.897438324570915,5
1369441,9.772615361450388,11
1369453,9.791781057096417,12
1369457,9.933519197555938,4
1369458,10.0,1
1369473,9.642562145288293,15
1369491,9.532815333340366,18
1369492,10.0,1
1369503,9.812769728949439,11
1369511,9.865450757366295,8
1369513,9.97333354640629,2
1369524,9.802195860220724,11
1369539,9.704843934904483,15
1369552,9.763747060996174,13
1369572,9.508458644642051,20
1369581,9.821377104092692,9
1369593,9.75282681075872,12
1369606,9.731278763368953,13
1369610,9.937892823801953,4
1369616,9.883451650063737,6
1369625,9.736746303643447,9
1369632,9.862897062349699,7
1369638,9.896563036008539,6
1369640,9.967107370320704,2
1369641,10.0,1
1369646,9.907292964149805,5
1369659,9.71084865264935,13
1369667,9.881600243084925,8
1369672,9.918618224116075,5
1369684,9.728169822400208,12
1369696,9.745335101958682,12
1369706,9.784596032145872,10
1369708,9.978558651647237,2
1369725,9.54999956105925,17
1369738,9.70023062496985,13
1369746,9.843053348717884,8
1369751,9.917606833645282,5
1369762,9.793936025832696,11
1369769,9.78655677716613,7
1369776,9.883693600271357,7
1369777,10.0,1
1369781,9.929383768804364,4
1369792,9.756297972496556,11
1369809,9.64011542327197,17
1369822,9.721369022819225,13
1369832,9.831046277793742,10
1369835,9.953405477086019,3
1369838,9.951965010452447,3
1369841,9.971360698096802,3
1369852,9.814139724283823,11
1369861,9.830960413775994,9
1369862,10.0,1
1369875,9.719432802604024,13
1369925,8.88835852638917,50
1369930,9.931634003219047,5
1369932,9.982649635221133,2
1369940,9.818638268086431,8
1369960,9.600785974873704,20
1369968,9.820628223704244,8
1369975,9.878526490240509,7
1369985,9.7994592063104,10
1369986,10.0,1
1369999,9.719907162302908,13
1370007,9.859696875854809,8
1370010,9.955246036750562,3
1370018,9.833281591059308,8
1370034,9.656063487481568,16
1370047,9.695531047201538,13
1370066,9.613993542334942,19
1370077,9.743683827535262,11
1370081,9.94166936668889,4
1370092,9.812073428774047,11
1370101,9.82837260463365,9
1370110,9.839475993754242,9
1370122,9.669564620852508,12
1370139,9.651020197554118,17
1370140,10.0,1
1370153,9.627155215857671,13
1370161,9.878770398932078,8
1370166,9.926557566161406,5
1370174,9.862027119628026,8
1370193,9.285985358874782,19
1370204,9.798254142237523,11
1370220,9.638031283501968,16
1370225,9.908448945680588,5
1370243,9.642973828839704,18
1370264,9.611976422680264,21
1370271,9.890226668655968,7
1370278,9.876143753860356,7
1370292,9.694853024019215,14
1370300,9.833876748476246,8
1370304,9.948966116862245,4
1370309,9.917834860014757,5
1370319,9.809358241918929,10
1370329,9.803625418528956,10
1370330,10.0,1
1370338,9.837228588424743,8
1370348,9.836412681794654,10
1370360,9.646690660276011,12
1370364,9.948685736673246,4
1370375,9.799983170105547,11
1370385,9.798556909298652,10
1370395,9.719250722091859,10
1370403,9.879585738404828,8
1370410,9.87697392401318,7
1370419,9.822480647478097,9
1370425,9.902349357234424,6
1370442,9.678333183735665,17
1370445,9.95765120130287,3
1370461,9.503110888851033,16
1370494,9.09235867308189,33
1370505,9.76843341958752,11
1370521,9.647859301441635,16
1370531,9.782142618022498,10
1370537,9.899125193357238,6
1370563,9.470041494511541,26
1370564,9.992869446133819,1
1370565,10.0,1
1370574,9.846609594923612,9
1370588,9.716068130806109,14
1370596,9.821692213132845,8
1370613,9.602975136364151,17
1370626,9.68598760182619,13
1370637,9.75797520367831,11
1370656,9.564755254632022,19
1370666,9.7692139505578,10
1370673,9.84151859440134,7
1370688,9.701363581644209,15
1370695,9.839501905227047,7
1370706,9.68548214281486,11
1370718,9.741341519138285,12
1370728,9.812315059583513,10
1370729,10.0,1
1370730,9.992614294500994,1
1370743,9.707849884718483,13
1370746,9.947983407657587,3
1370770,9.047816295425546,24
1370789,9.261041474265687,19
1370798,9.815220125578552,9
1370829,9.34064408919863,31
1370839,9.802119277122006,10
1370845,9.874817904368362,6
1370852,9.877173621464696,7
1370856,9.947370736253664,4
1370863,9.898081437691836,7
1370873,9.790823838563634,10
1370874,10.0,1
1370876,9.97692149961314,2
1370890,9.700183775209657,14
1370897,9.883524259322916,7
1370898,10.0,1
1370937,9.078222631585456,39
1370944,9.877461586825127,7
1370959,9.715092573998772,15
1370968,9.83013944448228,9
1370975,9.864808345124752,7
1370980,9.899919104545413,5
1370988,9.858859412754336,8
1371021,6.8852445164067895,33
1371033,9.757267488679874,12
1371048,9.70220004534096,15
1371063,9.688355952645532,15
1371070,9.86011712621148,7
1371071,9.987593283869671,1
1371080,9.804153010304097,9
1371091,9.77658526311349,11
1371110,9.638260295676801,19
1371118,9.837040554853292,8
1371132,9.696085934626254,14
1371146,9.719477971324451,14
1371157,9.753712070366735,11
1371169,9.761419160634485,12
1371181,9.714933486531505,12
1371209,9.273219455070493,28
1371219,9.766281278268979,10
1371228,9.826738965205752,9
1371229,10.0,1
1371238,9.848349236793721,9
1371265,9.26140506223606,27
1371271,9.890723359062175,6
1371284,9.717735751539578,13
1371336,8.285444826313334,52
1371349,9.7983452437479,13
1371360,9.77437307190125,11
1371377,9.66308228952624,17
1371389,9.764753138572939,12
1371396,9.858418105174591,7
1371409,9.745780144700666,13
1371413,9.948862334832102,4
1371424,9.759570251220735,11
1371434,9.796687376635422,10
1371443,9.847426128443946,9
1371451,9.847163275883604,8
1371477,7.401040142807664,26
1371487,9.808084710014583,10
1371500,9.73287124416572,13
1371506,9.911812426807375,6
1371518,9.7476516463934,12
1371530,9.736272204744973,12
1371543,9.755343603338595,13
1371558,9.640238664838181,15
1371559,9.9962096197112,1
1371564,9.9238653787553,5
1371570,9.891488855348776,6
1371577,9.86850154085438,7
1371592,9.691998078532288,15
1371597,9.918067875134193,5
1371621,9.565163643219755,24
1371639,9.623525357138393,18
1371640,10.0,1
1371655,9.665023676895078,15
1371658,9.952887165544523,3
1371678,9.365149702604803,20
1371679,10.0,1
1371689,9.794793216201326,10
1371695,9.896066609767638,6
1371699,9.953319925675501,4
1371707,9.846298211215567,8
1371719,9.738700615732377,12
1371725,9.894128500903665,6
1371729,9.940178014630554,4
1371741,9.781984149706739,12
1371752,9.803397633370649,11
1371784,3.851871985036257,32
1371797,9.772307645925972,13
1371807,9.84514367465515,10
1371816,9.74619896175588,9
1371826,9.789427331194851,10
1371838,9.738421132841703,12
1371839,10.0,1
1371870,9.358484001186852,31
1371887,9.599344049914016,17
1371890,9.963058680298966,3
1371902,9.799496755993198,12
1371913,9.798270223589103,11
1371926,9.710459984469809,13
1371936,9.778467700168273,10
1371947,9.760506547272417,11
1371951,9.938377871174216,4
1371959,9.86129514339401,8
1371973,9.544368335111535,14
1371981,9.857725261277393,8
1371982,10.0,1
1371987,9.930431911669151,5
1371999,9.72401750753767,12
1372005,9.88935370463289,6
1372012,9.86362784138733,7
1372023,9.777389194599046,11
1372037,9.719217754433826,14
1372047,9.853605591184447,10
1372061,9.701546941040908,14
1372062,10.0,1
1372071,9.836362020518699,9
1372072,10.0,1
1372325,4.931749376390006,253
1372477,5.676715143284297,152
1372482,9.936486637461147,5
1372503,9.490589233867128,21
1373003,-84.2009546762302,500
1373503,-27.46927075389434,500
1373519,9.63574081829439,16
1373528,9.833210371841892,9
1373545,9.307226089976542,17
1373551,9.891552573348278,6
1373567,9.637673967443423,16
1373578,9.786230602223688,11
1373592,9.67276696815033,14
1373596,9.928437300471666,4
1373607,9.678174155694967,11
1373623,9.691237186892334,16
1373624,10.0,1
1373640,9.642692733144358,16
1373647,9.892882197336764,7
1373656,9.811276888596886,9
1373667,9.77348501538225,11
1373673,9.896785407452143,6
1373681,9.873029794489712,8
1373688,9.8833776977676,7
1373702,9.679547639612446,14
1373703,10.0,1
1373716,9.625950304849008,13
1373726,9.785910413794433,10
1373736,9.797360139002048,10
1373747,9.766281178345928,11
1373760,9.70445914392102,13
1373773,9.713785739991025,13
1373778,9.929465493193357,5
1373785,9.853721636984249,7
1373792,9.867792087412063,7
1373805,9.704113647960662,13
1373816,9.780095741784852,11
1373823,9.86100927384862,7
1373828,9.911386447298936,5
1373839,9.76474362734877,11
1373850,9.82294435515071,11
1373857,9.85007032142435,7
1373858,9.996570619079458,1
1373872,9.644448681014131,14
1373894,9.49384480922392,22
1373907,9.726101856357827,13
1373916,9.830967734328658,9
1373929,9.760455562875949,13
1373948,9.626259067373981,19
1373959,9.763440767922734,11
1373964,9.901731724927963,5
1373973,9.786439782503473,9
1373987,9.748596293821985,14
1373990,9.861421748752342,3
1373999,9.811755939656958,9
1374009,9.82824346250687,10
1374014,9.924945951642023,5
1374025,9.800412693404297,11
1374047,9.324231232604065,22
1374050,9.953632244812784,3
1374057,9.87871708587597,7
1374072,9.640285948122424,15
1374088,9.611809467014123,16
1374089,10.0,1
1374090,10.0,1
1374096,9.897647358093597,6
1374101,9.91913105857189,5
1374137,8.856816459457821,36
1374190,8.884006916595233,53
1374216,9.508377850304907,26
1374227,9.745637496747783,11
1374240,9.757648472964426,13
1374241,9.996216106301723,1
1374250,9.818149116457382,9
1374258,9.82578461222187,8
1374268,9.782513026921695,10
1374271,9.96537981533343,3
1374293,9.535582646190626,22
1374328,8.74794227987177,35
1374332,9.941140932986158,4
1374342,9.777735093025289,10
1374343,10.0,1
1374350,9.879992405583964,7
1374358,9.877887177334049,8
1374378,9.518154717839789,20
1374401,9.587947801624976,23
1374417,9.669201082741518,16
1374418,10.0,1
1374424,9.900440334102589,6
1374438,9.666450624518443,14
1374448,9.571129700059013,10
1374457,9.741800608011319,9
1374466,9.833330848900125,9
1374479,9.72512143886658,13
1374495,9.73362914495031,16
1374503,9.838252846797149,8
1374519,9.609266958230755,16
1374553,5.609478355823048,34
1374562,9.82484205851476,9
1374574,9.765112850608633,12
1374575,10.0,1
1374578,9.968843622103606,3
1374586,9.8337892842358,8
1374594,9.81983321484528,8
1374609,9.677240495275006,15
1374615,9.893214704987942,6
1374616,10.0,1
1374626,9.791481168878985,10
1374635,9.801582133495792,9
1374654,9.607722071002607,19
1374665,9.77169260770715,11
1374674,9.826697351536918,9
1374682,9.838241204697221,8
1374702,9.64858645614618,20
1374718,9.619513695795705,16
1374728,9.79215425688295,10
1374742,9.695419221490656,14
1374757,9.66884945721208,15
1374777,9.50205835762011,20
1374787,9.794316208467402,10
1374795,9.837905627520701,8
1374797,9.978952668342714,2
1374798,10.0,1
1374811,9.725041278627243,13
1374829,9.598311138570653,18
1374846,9.655604718216923,17
1374847,10.0,1
1374858,9.764316120839258,11
1374869,9.79472584250687,11
1374870,10.0,1
1374892,9.607014670738334,22
1374906,9.685093393585198,14
1374926,9.606674801628866,20
1374946,9.659236622605711,20
1374958,9.781565197641022,12
1374983,9.300039132473424,25
1375004,9.524671439471465,21
1375008,9.95630118692567,4
1375018,9.823769697966911,10
1375030,9.750572212287063,12
1375048,9.566196853949394,18
1375053,9.930683902665484,5
1375074,9.61486874404831,21
1375086,9.72994232014724,12
1375098,9.77006944805625,12
1375114,9.667802713286328,16
1375126,9.791917052016935,12
1375141,9.650488923831888,15
1375162,9.58464100723033,21
1375164,9.973351779260302,2
1375175,9.786932008982346,11
1375190,9.71076024613831,15
1375202,9.788313818580226,12
1375215,9.678631156450098,13
1375237,9.623681019927991,22
1375245,9.861246861699929,8
1375253,9.808635139250903,8
1375261,9.834772603767169,8
1375271,9.798823704746871,10
1375280,9.85493007196773,9
1375291,9.797611838969061,11
1375357,8.657916695756168,66
1375362,9.923684895275297,5
1375371,9.840402184479407,9
1375390,9.624815616094105,19
1375405,9.687352841975905,15
1375414,9.801485351323805,9
1375441,9.45585126393802,27
1375444,9.968764288418322,3
1375452,9.843686894892958,8
1375459,9.8553147172736,7
1375473,9.69864421960736,14
1375481,9.847961499413422,8
1375495,9.758409126809715,14
1375512,9.692122029700043,17
1375529,9.390970497257005,17
1375538,9.820929680687266,9
1375542,9.939593720936713,4
1375559,9.57038080709753,17
1375561,9.968668478697456,2
1375582,9.593193124403868,21
1375583,10.0,1
1375591,9.862946623619093,8
1375592,10.0,1
1375608,9.636485013223998,16
1375612,9.950134310561735,4
1375643,9.21450798082128,31
1375650,9.88691675171578,7
1375666,9.692845098487279,16
1375667,10.0,1
1375692,9.428212954112938,25
1375701,9.844914906525368,9
1375703,9.971097541025744,2
1375710,9.865442703031679,7
1375712,9.977539877739517,2
1375727,9.689940785669812,15
1375749,9.541850549519062,22
1375770,9.544221944457314,21
1375782,9.763129079010502,12
1375784,9.977622232262796,2
1375799,9.661857238065094,15
1375805,9.893208738445058,6
1375823,9.585704420958912,18
1375824,10.0,1
1375840,9.68800755173314,16
1375860,9.603234091560669,20
1375870,9.777866501761658,10
1375884,9.686833701053676,14
1375890,9.885379469018202,6
1375906,9.671096602436272,16
1375907,9.993208801949146,1
1375917,9.818738071335222,10
1375932,9.668121273298985,15
1375941,9.85190204250625,9
1375946,9.914307660463516,5
1375960,9.686556945533217,14
1375971,9.81335106683725,11
1375999,9.479002699950353,28
1376007,9.827254017662474,8
1376021,9.698132932376199,14
1376028,9.851809769791858,7
1376035,9.876234138892729,7
1376043,9.854270487791437,8
1376055,9.72777907100745,12
1376072,9.581190151923417,17
1376075,9.952416163301224,3
1376085,9.781351848688928,10
1376097,9.742809608996419,12
1376110,8.863498594413716,13
1376127,9.59690499354187,17
1376142,9.65298234648522,15
1376160,9.62629419094624,18
1376168,9.853766729807395,8
1376172,9.9481085115198,4
1376183,9.7854509175507,11
1376192,9.819308647023945,9
1376200,9.859333083086026,8
1376203,9.955092348291341,3
1376204,10.0,1
1376207,9.964281975991563,3
1376219,9.750330879292333,12
1376220,10.0,1
1376223,9.970276669124162,3
1376243,9.644547909509201,20
1376244,10.0,1
1376261,9.709634977465004,17
1376275,9.711798779981384,14
1376289,9.692666983418473,14
1376304,9.703206840467178,15
1376312,9.845731248479755,8
1376319,9.87745814755509,7
1376328,9.826827744272677,9
1376330,9.986928677698764,2
1376344,9.74508091444869,14
1376349,9.924378951863403,5
1376354,9.926009875661283,5
1376361,9.857147193236687,7
1376362,9.996466493409132,1
1376375,9.698684810723888,13
1376383,9.83382164263,8
1376400,9.648889627556798,17
1376404,9.931018526915443,4
1376409,9.90559816759944,5
1376418,9.819450469450619,9
1376428,9.832984783875784,10
1376439,9.765949301087021,11
1376449,9.791307251354977,10
1376458,9.859826627133097,9
1376477,9.557510050800403,19
1376486,9.848580327226957,9
1376494,9.839012855797996,8
1376504,9.816395252236559,10
1376517,9.706344732204721,13
1376520,9.945615984563554,3
1376536,9.609391660409381,16
1376551,9.647438886500304,15
1376563,9.731181643328899,12
1376571,9.84475777824707,8
1376573,9.981090491292015,2
1376574,10.0,1
1376580,9.892563194221632,6
1376590,9.814371546190637,10
1376601,9.752175923330666,11
1376602,10.0,1
1376606,9.93868046515513,4
1376618,9.754736907477955,12
1376623,9.926027621052686,5
1376639,9.652135502639407,16
1376653,9.501104018717172,14
1376663,9.706137596044057,10
1376678,9.663329283801941,15
1376684,9.882533479904833,6
1376690,9.891887357324306,6
1376699,9.83293470382835,9
1376719,9.536179564075718,20
1376737,9.597106690290856,18
1376743,9.894344217377311,6
1376749,9.89861450532539,6
1376750,10.0,1
1376755,9.905055932677426,5
1376767,9.7311022829418,12
1376787,9.511263817670715,20
1376803,9.646095385646785,16
1376811,9.83066857464471,8
1376821,9.802741144364557,10
1376837,9.663224622107464,16
1376862,9.444273036114502,25
1376881,9.551078999757332,19
1376898,9.612350153348471,17
1376903,9.926173739894052,5
1376912,9.805740439649576,9
1376947,9.098270090920385,35
1376956,9.811302125666707,9
1376972,9.661525600190487,16
1377003,9.358512620830675,31
1377024,9.252389112883906,21
1377033,9.840257105029108,9
1377034,10.0,1
1377041,9.874199048233004,7
1377059,9.23570388089829,18
1377060,10.0,1
1377073,9.699253110398889,13
1377074,10.0,1
1377080,9.901129120153369,6
1377088,9.854417371168628,8
1377094,9.711088689725807,6
1377140,5.2781364210339,46
1377145,9.914244155450517,5
1377154,9.792935137832659,9
1377161,9.867110160139848,7
1377167,9.895352283059422,6
1377171,9.947440775351513,4
1377172,9.98870206964595,1
1377173,10.0,1
1377184,9.782276356929751,11
1377187,9.967780216695418,3
1377190,9.949574556460592,3
1377198,9.837627099072389,8
1377211,9.724344343313092,13
1377222,9.771544761304177,11
1377228,9.893367170710393,6
1377251,9.419695787312067,23
1377260,9.78759527458135,9
1377268,9.855554114041869,8
1377270,9.970360560068306,2
1377278,9.869014650577,8
1377290,9.812743711416518,12
1377303,9.772423981816479,13
1377317,9.69067475914602,14
1377332,9.67974581232057,15
1377343,9.814715256757902,11
1377349,9.892910329090254,6
1377355,9.912126742180387,6
1377364,9.827112438822596,9
1377376,9.684836042402473,12
1377384,9.851133555747435,8
1377391,9.890552952390943,7
1377392,10.0,1
1377397,9.90906319469419,5
1377408,9.7674576065213,11
1377417,9.803831060740785,9
1377427,9.797563909289924,10
1377448,9.456253968746964,21
1377459,9.751304151670249,11
1377465,9.884025634281928,6
1377474,9.83691452864807,9
1377487,9.70794539607402,13
1377494,9.885814867044388,7
1377499,9.919559072150882,5
1377510,9.784540530110208,11
1377521,9.798527805175606,11
1377527,9.594273789559265,6
1377537,9.812757224303915,10
1377538,9.996221206448068,1
1377556,9.561803849389728,18
1377561,9.93414857248601,5
1377573,9.761296648364725,12
1377578,9.901276936677318,5
1377583,9.90692121156004,5
1377590,9.887022793867208,7
1377600,9.807168975960401,10
1377611,9.777657646445968,11
1377633,9.47097736503591,22
1377634,10.0,1
1377643,9.873755987737756,9
1377653,9.801716873315348,10
1377664,9.750448018597037,11
1377682,9.627116237098654,18
1377685,9.952353079371301,3
1377694,9.816545503175636,9
1377707,9.689753718147678,13
1377711,9.925616860622432,4
1377712,10.0,1
1377724,9.732928274028763,12
1377747,9.54132527245516,23
1377748,10.0,1
1377752,9.942217537710823,4
1377753,10.0,1
1377759,9.896127027297837,6
1377762,9.957338969890447,3
1377772,9.811940658517472,10
1377783,9.556323172388485,11
1377798,9.647593771926529,15
1377808,9.825229358979648,10
1377809,10.0,1
1377813,9.929437283487207,4
1377821,9.870538260727793,8
1377827,9.908720307625076,6
1377835,9.85331147681935,8
1378245,-21.524699394531563,410
1378254,9.857244697315762,9
1378258,9.925158005594964,4
1378263,9.936223749809288,5
1378273,9.786795158023773,10
1378276,9.957551331471679,3
1378387,6.937723083681743,111
1378391,9.949387139752774,4
1378405,9.685592744837058,14
1378415,9.796470167966913,10
1378428,9.685378678394711,13
1378438,9.784063958904603,10
1378455,9.484734039243094,17
1378472,9.675496748035942,17
1378490,9.576109070031093,18
1378500,9.777653929308388,10
1378520,9.594532776660905,20
1378529,9.811239254103421,9
1378548,9.422609044430628,19
1378553,9.937414572850464,5
1378562,9.815440117255438,9
1378569,9.870279597976843,7
1378580,9.796013074885703,11
1378590,9.805584472908345,10
1378604,9.681304010265722,14
1378617,9.784969194903832,13
1378628,9.770695690845304,11
1378629,10.0,1
1378631,9.986633174364494,2
1378632,10.0,1
1378639,9.877133377396405,7
1378663,9.379453246940114,24
1378674,9.821538246549757,11
1378692,9.565986137382536,18
1378704,9.775288832004218,12
1378724,9.580613316594135,20
1378740,9.688265694107994,16
1378751,9.811956916653374,11
1378756,9.906111345149677,5
1378757,10.0,1
1378766,9.841065312460623,9
1378779,9.699485401406271,13
1378792,9.71444673202458,13
1378806,9.699156453748568,14
1378872,4.421001969411515,66
1378876,9.937033716045839,4
1378881,9.91740367015991,5
1378882,10.0,1
1378886,9.946597461145485,4
1378892,9.900569959592968,6
1378904,9.75054897362357,12
1378909,9.923895768463293,5
1378913,9.939941024012986,4
1378921,9.835333182886007,8
1378922,10.0,1
1378934,9.542466396469134,12
1378942,9.842697122083335,8
1378951,9.84749461187013,9
1378967,9.658887530243923,16
1378975,9.8588773924007,8
1378981,9.910737776277644,6
1378995,9.68460489512379,14
1379006,9.767950724331527,11
1379015,9.844003889698527,9
1379022,9.903521739011195,7
1379032,9.808564002077436,10
1379043,9.760498828100031,11
1379044,9.996823789634202,1
1379057,9.705501697145339,13
1379062,9.904219939884333,5
1379063,9.99609919770262,1
1379064,10.0,1
1379078,9.695038199782122,14
1379086,9.827121231154004,8
1379101,9.654038768274383,15
1379109,9.862937199958193,8
1379125,9.642182170801897,16
1379137,9.766702441864524,12
1379147,9.818533721207636,10
1379159,9.75332623178697,12
1379164,9.924405934376471,5
1379165,10.0,1
1379168,9.9624708629244,3
1379175,9.875632418351461,7
1379192,9.605573490195772,17
1379208,9.623265408269472,16
1379214,9.91811909759447,6
1379226,9.747579854427107,12
1379230,9.949054375568052,4
1379244,9.705862017392196,14
1379250,9.888261704539318,6
1379265,9.710909145186598,15
1379271,9.886280432625576,6
1379284,9.706041326709217,13
1379297,9.711404615007298,13
1379304,9.872438862380081,7
1379318,9.491877534070195,14
1379328,9.594984882813376,10
1379339,9.816431845017641,11
1379355,9.630995815952401,16
1379363,9.876159904044654,8
1379380,9.443848875337142,17
1379880,-16.046499176836008,500
1379894,9.704864447327221,14
1379906,9.726190840135533,12
1379914,9.851858217428022,8
1380076,-1.2817877899413705,162
1380576,-13.352572930125076,500
1380577,9.996446050388135,1
1380596,9.65533339416592,19
1380604,9.826964762463989,8
1380606,9.977537096394837,2
1380607,10.0,1
1380608,10.0,1
1380628,9.598752599178768,20
1380640,9.748477565788459,12
1380649,9.82403729684866,9
1380652,9.954088229419146,3
1380669,9.426703914778223,17
1380670,10.0,1
1380671,10.0,1
1380675,9.944501604620458,4
1380679,9.951603905505841,4
1380694,9.641853081586266,15
1380702,9.833705797712899,8
1380703,10.0,1
1380710,9.868940702957495,7
1380711,10.0,1
1380726,9.74380077968938,15
1380740,9.679095158614073,14
1380744,9.94484465715238,4
1380749,9.929854536740674,5
1380759,9.78009913037341,10
1380773,9.683021294068118,14
1380789,9.709985862247313,16
1380790,10.0,1
1380800,9.80657267270096,10
1380807,9.86059265259648,7
1380816,9.808175661651171,9
1380833,9.625851524840746,17
1380846,9.748919418310502,13
1380851,9.906434697142211,5
1380857,9.896489112886405,6
1380869,9.752383603492154,12
1380878,9.82731860042595,9
1380889,9.72000979968361,11
1380899,9.800731636193817,10
1380914,9.690930856341689,15
1380922,9.869956033664415,8
1380936,9.781606828121667,14
1380939,9.961911466014524,3
1380951,9.723471460541347,12
1380978,9.45011567331542,27
1380989,9.744892997197606,11
1381011,9.483947157977884,22
1381021,9.790996798908793,10
1381044,9.544282335000474,23
1381052,9.847567721020406,8
1381058,9.885403751030335,6
1381068,9.82065265217744,10
1381076,9.847789458889737,8
1381100,9.51515617791145,24
1381102,9.970400726200968,2
1381110,9.867081270047592,8
1381111,10.0,1
1381118,9.87659824695177,7
1381120,9.980304361996057,2
1381123,9.951493260739467,3
1381127,9.933464265828977,4
1381136,9.806968770462074,9
1381137,10.0,1
1381138,10.0,1
1381155,9.666356787145652,17
1381163,9.844023266911123,8
1381171,9.84495853638888,8
1381196,8.674699811832122,25
1381208,9.728354282710628,12
1381209,10.0,1
1381226,9.629443728909841,17
1381251,9.363516712120639,25
1381264,9.72318250706126,13
1381277,9.703068419068034,13
1381291,9.753280031933793,14
1381315,9.336165521544396,24
1381321,9.899113362114615,6
1381333,9.742923688423657,12
1381340,9.86034934292391,7
1381350,9.804676084951797,10
1381358,9.885936273622026,8
1381370,9.719484904304116,12
1381375,9.93221286355045,5
1381392,9.642081513498878,17
1381393,9.995899598346588,1
1381415,9.4627119675836,22
1381416,10.0,1
1381432,9.650329131603662,16
1381434,9.972261458711651,2
1381439,9.916785921281756,5
1381444,9.921568827725881,5
1381448,9.933743845629,4
1381470,9.573453170739194,22
1381477,9.849777087164858,7
1381491,9.660292410948998,14
1381498,9.869795799173309,7
1381508,9.77702224480613,10
1381510,9.982579553171423,2
1381517,9.860212732876036,7
1381524,9.872310993506721,7
1381531,9.876160991340772,7
1381556,9.409508014261966,25
1381574,9.627283091784115,18
1381576,9.96997136940393,2
1381577,10.0,1
1381592,9.665862103684022,15
1381602,9.797378085186358,10
1381615,9.713506843732409,13
1381629,9.731405024279272,14
1381648,9.605830395433149,19
1381658,9.788085672895994,10
1381668,9.804920833800475,10
1381690,9.549547093744986,22
1381696,9.881952345513625,6
1381714,9.614252805582296,18
1381718,9.928285184290058,4
1381719,9.996253897189842,1
1381732,9.497322386608401,13
1381734,9.97118993028617,2
1381739,9.925877341394004,5
1381744,9.912668865913119,5
1381760,9.630689070932558,16
1381769,9.811567736378505,9
1381785,9.669221424423538,16
1381800,9.701384070544817,15
1381811,9.799015101849271,11
1381823,9.72074375986188,12
1381830,9.892817153858678,7
1381837,9.869147692740533,7
1381846,9.800763096716727,9
1381870,9.502719135145995,24
1381884,9.686200509487962,14
1381901,9.652939702833546,17
1381913,9.640264079345526,12
1381920,9.898763073218463,7
1381929,9.845445324601311,9
1381939,9.798414755406228,10
1381950,9.772625864384937,11
1381951,10.0,1
1381964,9.699994496853618,13
1381974,9.767753897990769,10
1381991,9.612208435708487,17
1381997,9.894594080767607,6
1382005,9.841149982658415,8
1382013,9.880413597050799,8
1382016,9.969272332466678,3
1382027,9.755179689693687,11
1382042,9.48145860880005,15
1382066,9.59251567194736,24
1382077,9.739383851876354,11
1382089,9.801994016446738,12
1382109,9.620488352964578,20
1382118,9.839454198296458,9
1382132,9.731991403853177,14
1382140,9.844846262832977,8
1382156,9.631135754579264,16
1382168,9.729821428135457,12
1382175,9.865509130306368,7
1382182,9.88660149449777,7
1382192,9.801327446676078,10
1382198,9.908001721387942,6
1382204,9.904341998330606,6
1382222,9.63238609379845,18
1382229,9.88178799545389,7
1382238,9.809027700789466,9
1382242,9.945958627679289,4
1382252,9.824829062221548,10
1382262,9.797758801293691,10
1382290,9.324137082863352,28
1382299,9.804511439383038,9
1382307,9.863734199421463,8
1382326,9.558748533286343,19
1382334,9.831242902226483,8
1382341,9.88383278433571,7
1382357,9.669366981305274,16
1382366,9.82724333776803,9
1382380,9.737042599014007,14
1382396,9.659302630279942,16
1382399,9.95619277481302,3
1382406,9.899303045737991,7
1382425,9.436905994554003,19
1382428,9.96325981188007,3
1382440,9.735734306239166,12
1382447,9.87087365990355,7
1382448,10.0,1
1382462,9.674358710743382,14
1382471,9.81828027872249,9
1382477,9.890961311478687,6
1382489,9.71991918647013,12
1382501,9.737159145223378,12
1382511,9.807181678049147,10
1382514,9.955770340004,3
1382528,9.706988554334815,14
1382542,9.715090194511465,14
1382563,5.769825788389214,21
1382571,9.874513776631353,8
1382588,9.509601078628235,17
1382603,9.662307927632877,15
1382612,9.819797784321075,9
1382621,9.824773584910146,9
1382638,9.671055809882278,17
1382643,9.915221396346896,5
1382653,9.809077582637556,10
1382658,9.91537039279605,5
1382673,9.684643613809229,15
1382677,9.948384684327202,4
1382681,9.934637940934712,4
1382690,9.809119951676921,9
1382701,9.776173830219422,11
1382702,10.0,1
1382714,9.779659938152742,12
1382738,9.568612245321296,24
1383238,-13.416033812271655,500
1383247,9.847531770503368,9
1383747,-13.065656871915662,500
1383766,9.380066369257719,19
1383774,9.866329098070775,8
1383790,9.612875684301308,16
1383799,9.823884346793886,9
1383817,9.579998623594303,18
1383825,9.855905554563824,8
1383830,9.932790503197152,5
1383848,9.629039919249832,18
1383851,9.954577086416899,3
1383864,9.73517827330403,13
1383878,9.690084497689835,14
1383880,9.97667390073608,2
1383959,8.458089522308189,79
1383965,9.89679280420051,6
1384008,9.107976376744725,43
1384017,9.850636020635188,9
1384034,9.63835965571883,17
1384042,9.878300942416043,8
1384057,9.689662332074064,15
1384098,9.116850026744599,41
1384322,4.77182934736567,224
1384343,9.497435075837915,21
1384357,9.700431407739739,14
1384360,9.96667072659996,3
1384368,9.851509089743107,8
1384376,9.844321120608962,8
1384386,9.794156824901815,10
1384400,9.474831775499508,14
1384401,9.987813753012357,1
1384411,9.785956496624403,10
1384427,9.319782055660607,16
1384442,9.65318370796232,15
1384476,9.081938755729372,34
1384520,8.923629894434464,44
1384533,9.74026958674782,13
1384534,10.0,1
1384552,9.493402616605573,18
1384557,9.925007778599065,5
1384570,9.700481517359165,13
1384571,10.0,1
1384583,9.789813967307213,12
1384597,9.758033571287891,14
1384608,9.773654463689947,11
1384614,9.904299638436056,6
1384621,9.88066592057115,7
1384627,9.90518666555562,6
1384642,9.662635469531962,15
1384654,9.7605021848531,12
1384655,9.991575277590325,1
1384662,9.87969450701089,7
1384680,9.574155256866042,18
1384695,9.678955817531293,15
1384712,9.670205300650125,17
1384731,9.20966551438502,19
1384736,9.921928615422221,5
1384743,9.87562971344915,7
1384751,9.842536534089076,8
1384758,9.879009511320833,7
1384767,9.804802040200435,9
1384768,10.0,1
1384773,9.920502670071967,5
1384786,9.695775257343888,13
1384787,10.0,1
1384788,9.992236322378675,1
1384791,9.954050725890237,3
1384799,9.85795701342626,8
1384810,9.824913779000532,11
1384822,9.740210805810895,12
1384831,9.830921249260813,9
1384844,9.71751121565072,13
1384860,9.742697413729367,16
1384862,9.976314836044198,2
1384863,10.0,1
1384881,9.651307888900286,18
1384898,9.651800684362092,17
1384913,9.696646172330196,15
1384961,9.157758812871835,48
1384967,9.901627291328202,6
1384974,9.870367039428912,7
1385474,-13.870380216096317,500
1385481,9.87617665639933,7
1385487,9.817271601688825,6
1385495,9.826372204600759,8
1385517,9.48066622319475,22
1385526,9.826645083550002,9
1385538,9.709801257052195,12
1385545,9.863683162548021,7
1385556,9.747807622427294,11
1385570,9.713610725895698,14
1385579,9.826549431501181,9
1385586,9.858678408229546,7
1385591,9.930291018117792,5
1385596,9.927423002099719,5
1385600,9.949190546403736,4
1385622,9.544228066048063,22
1385629,9.888334458181333,7
1385638,9.81368741507693,9
1385649,9.76825277691413,11
1385650,10.0,1
1385663,9.731995853793778,13
1385667,9.940748270931728,4
1385668,10.0,1
1385681,9.539042158522665,13
1385690,9.815548364195694,9
1385701,9.795627321263655,11
1385707,9.876839432699464,6
1385714,9.885732083979882,7
1385720,9.885139250661824,6
1385735,9.690308359444003,15
1385737,9.971653082459513,2
1385745,9.846714560195558,8
1385746,10.0,1
1385758,9.742371924950277,12
1385763,9.918236129180531,5
1385775,9.729465898854528,12
1385785,9.79467533826545,10
1385790,9.910539148635134,5
1385791,10.0,1
1385798,9.866726496823414,7
1385812,9.671206421560985,14
1385821,9.848395104457143,9
1385834,9.71380561006114,13
1385838,9.934365119864523,4
1385842,9.94463035911748,4
1385850,9.865867752850157,8
1385851,10.0,1
1385873,9.467315816139369,22
1385887,9.73318405562652,14
1385895,9.843668072686803,8
1385905,9.777556116902748,10
1385916,9.754518428554585,11
1385928,9.742586729741715,12
1385942,9.665106325178655,14
1385955,9.728101033224151,13
1385966,9.758823576065815,11
1385976,9.587971481430879,10
1386005,9.44889280152169,29
1386043,9.2644211044511,38
1386077,9.434023664360188,34
1386092,9.661052742477533,15
1386103,9.806706600683205,11
1386134,9.352291138062842,31
1386634,-59.97292666541173,500
1387134,-12.296920662900604,500
1387140,9.896185811143361,6
1387146,9.908045872472762,6
1387154,9.858323710836574,8
1387162,9.868145730657606,8
1387164,9.978704372045215,2
1387174,9.809960260054199,10
1387177,9.962797402831189,3
1387191,9.77066480760591,14
1387192,9.996469607509557,1
1387200,9.833003162323694,8
1387211,9.765660600476854,11
1387220,9.825387240789077,9
1387231,9.800451560349464,11
1387234,9.966006182325486,3
1387235,9.98912531881735,1
1387244,9.810139650727436,9
1387255,9.77361697909811,11
1387271,9.64257754865227,16
1387272,10.0,1
1387278,9.903309334302666,6
1387279,9.988206100318246,1
1387294,9.725456251654338,15
1387303,9.802602356284996,9
1387313,9.792409250942667,10
1387323,9.766258257350772,10
1387334,9.779037625951483,11
1387335,10.0,1
1387336,10.0,1
1387346,9.808812143416608,10
1387366,9.505515694756742,20
1387367,9.996369286421656,1
1387381,9.708749391265785,14
1387391,9.812247521327858,10
1387398,9.887879353019889,7
1387409,9.779144307271883,11
1387410,10.0,1
1387423,9.729812897717034,13
1387428,9.908867027676282,5
1387441,9.701810306305763,13
1387447,9.895909755193633,6
1387462,9.665853646338787,15
1387473,9.795902990899878,11
1387486,9.75672112610575,13
1387496,9.80601739860209,10
1387502,9.875567921175955,6
1387509,9.892221327518774,7
1387528,9.546001064613455,19
1387538,9.59490055697734,10
1387549,9.772668270232806,11
1387557,9.819165098191336,8
1387567,9.790105635026398,10
1387584,9.608308059627056,17
1387599,9.653204422160574,15
1387600,10.0,1
1387616,9.479407972409017,16
1387632,9.692500193827673,16
1387635,9.96337916308312,3
1387641,9.918634582769753,6
1387656,9.6808222334633,15
1387672,9.64030072086276,16
1387673,10.0,1
1387676,9.96181204412485,3
1387689,9.637414835675418,13
1387702,9.785192825940861,13
1387721,9.57589943694619,19
1387726,9.929481660807406,5
1387737,9.77446309038767,11
1387740,9.965101872849658,3
1387745,9.913682956388326,5
1387756,9.774165714985832,11
1387767,9.773440856602464,11
1387775,9.86720583270433,8
1387780,9.916096386388283,5
1387796,9.665424703410379,16
1387797,9.992228217602559,1
1387798,9.991479405346887,1
1387808,9.822846903421432,10
1387832,9.3847478829131,24
1387845,9.706580802842435,13
1387851,9.895363185161942,6
1388351,-22.21440831523345,500
1388353,9.977616007986201,2
1388394,0.9211732944759561,41
1388404,9.792120334231281,10
1388405,10.0,1
1388419,9.713633249428856,14
1388425,9.901734658927108,6
1388433,9.824427798816808,8
1388434,10.0,1
1388463,9.443173051174913,29
1388476,9.692285839851587,13
1388477,10.0,1
1388535,8.578061809747483,58
1388568,9.097329947982182,33
1388569,10.0,1
1388574,9.918237307589443,5
1388577,9.961507827396971,3
1388591,9.680583748081942,14
1388599,9.85185132483878,8
1388600,9.992719964615564,1
1388603,9.966680661920034,3
1388616,9.730881912858134,13
1388624,9.847620914815025,8
1388630,9.90294054425473,6
1388651,9.337462521899779,21
1388669,9.643274613105342,18
1388681,9.75806160330687,12
1388703,8.826002560189972,22
1388722,9.628042973354056,19
1388742,9.457297574553802,20
1388754,9.73340702732533,12
1388763,9.852230798356082,9
1388764,10.0,1
1388765,10.0,1
1388773,9.865376781862151,8
1388777,9.938306762145276,4
1388800,9.519269847366422,23
1388815,9.741856467307116,15
1388822,9.863904323530122,7
1388834,9.736402779013378,12
1388843,9.832360981716635,9
1388855,9.766086263728438,12
1388872,9.646658662692365,17
1388888,9.676184447484857,16
1388896,9.870375495332691,8
1388910,9.676282836325719,14
1388911,10.0,1
1388922,9.782696746803904,11
1388939,9.587883573449941,17
1388978,9.220380095208045,39
1388983,9.914127210071165,5
1388998,9.662938831631624,15
1389012,9.738112266977518,14
1389022,9.800750292339133,10
1389035,9.706391704282934,13
1389036,9.989695352705306,1
1389042,9.917310673136852,6
1389056,9.737680805954295,14
1389135,8.417110340990746,79
1389144,9.808827641744237,9
1389154,9.811185748514061,10
1389167,9.69388980433367,13
1389187,9.513414807616419,20
1389202,9.628905358551359,15
1389211,9.839389202181804,9
1389227,9.705582915275253,16
1389242,9.706919853929461,15
1389268,9.39802968233623,26
1389284,9.69957505604659,16
1389299,9.72469762827859,15
1389307,9.844666049779068,8
1389314,9.859560414083102,7
1389324,9.783524228865158,10
1389330,9.885241156121673,6
1389341,9.77705306047273,11
1389352,9.766236012259856,11
1389358,9.908152532938807,6
1389363,9.899844607150571,5
1389380,9.644287239392591,17
1389381,9.991391347260368,1
1389385,9.940346517583421,4
1389398,9.724314545727141,13
1389408,9.766965385091778,10
1389417,9.823966430779771,9
1389430,9.698134777623281,13
1389433,9.966459345053229,3
1389442,9.85090262879137,9
1389454,9.731254445856584,12
1389455,10.0,1
1389463,9.849607246494648,8
1389469,9.90275483120845,6
1389494,9.484138200723377,25
1389506,9.752104220391306,12
1389521,9.629390786420668,15
1389532,9.768009284811445,11
1389541,9.840077896821175,9
1389552,9.796177871735926,11
1389565,9.735135475495712,13
1389572,9.86003304987207,7
1389573,10.0,1
1389579,9.894325670033451,6
1389589,9.792474687069742,10
1389607,9.643775233472066,18
1389619,9.747714412169115,12
1389631,9.780181453173896,12
1389646,9.679919721235263,15
1389654,9.814928226973535,8
1389655,10.0,1
1389663,9.746389492576451,8
1389674,9.764787940239644,11
1389690,9.677434041926068,16
1389699,9.503022759611216,9
1389710,9.74324687505503,11
1389720,9.820161599239313,10
1389729,9.837132809175474,9
1389737,9.81647924576598,8
1389751,9.698795257763205,14
1389752,10.0,1
1389757,9.926325921691515,5
1389764,9.878934520713338,7
1389769,9.90414844328949,5
1389780,9.77313642595252,11
1389789,9.836265081855109,9
1389793,9.929169683017522,4
1389810,9.581692803574338,17
1389825,9.696437436064175,15
1389826,9.99098735218221,1
1390326,-91.25898704045007,500
1390345,9.38495444068569,19
1390360,9.624752826169393,15
1390361,10.0,1
1390381,9.508928452152293,20
1390391,9.807075452227604,10
1390399,9.86293905966522,8
1390412,9.202239419073766,13
1390423,9.754927427731644,11
1390427,9.933391462032754,4
1390434,9.864164869423558,7
1390438,9.944660761036266,4
1390443,9.912372967182543,5
1390464,9.495569483270037,21
1390479,9.673422402949285,15
1390484,9.918885744678988,5
1390493,9.85016359170011,9
1390502,9.830961597874264,9
1390512,9.802418363166185,10
1390518,9.896356220303602,6
1390522,9.925874626877581,4
1390537,9.715340667245808,15
1390550,9.695401864524566,13
1390552,9.975317645135917,2
1390566,9.762910123238909,14
1390570,9.932096390764523,4
1391070,-12.319664456044464,500
1391092,9.512194577128865,22
1391102,9.816932551982154,10
1391132,9.388996419745208,30
1391144,9.652583904642887,12
1391150,9.882993744912566,6
1391162,9.727816050610343,12
1391173,9.766039429727098,11
1391184,9.767318449734239,11
1391200,9.006606549163552,16
1391209,9.797182157625747,9
1391219,9.788111203482844,10
1391232,9.710330617217334,13
1391233,10.0,1
1391234,10.0,1
1391235,10.0,1
1391246,9.765227022446133,11
1391262,9.631469347088172,16
1391273,9.771760401016676,11
1391274,10.0,1
1391293,9.579501801509778,19
1391307,9.6826135125637,14
1391324,9.684487904602001,17
1391371,8.909833811496243,47
1391392,9.577046827906592,21
1391399,9.886759496769356,7
1391413,9.667439135425191,14
1391427,9.75791466953772,14
1391437,9.790897380066713,10
1391445,9.819155945403304,8
1391455,9.765148333708897,10
1391471,9.65551725190497,16
1391483,9.748107771279276,12
1391492,9.798480540404842,9
1391499,9.865057801384399,7
1391511,9.71681028844781,12
1391525,9.753070247561105,14
1391535,9.806689614600593,10
1391545,9.80684553166442,10
1391566,9.567701303879486,21
1391591,6.5774606895375225,25
1391612,9.496548921128321,21
1391614,9.985114990636717,2
1391630,9.592917422918536,16
1391635,9.924023946797002,5
1391639,9.94643890968029,4
1391651,9.796046848002018,12
1391656,9.922431143491371,5
1391672,9.631245032312485,16
1391725,9.007338546227501,53
1391741,9.132217025421161,16
1391762,9.571249960123634,21
1391942,6.409896426704448,180
1391957,9.678722994372317,15
1391968,9.76192417088782,11
1391985,9.65171798712253,17
1391997,9.64646546003988,12
1392028,9.450563147406873,31
1392043,9.201835421440746,15
1392053,9.813115345353438,10
1392066,9.70501585556888,13
1392069,9.961543062294611,3
1392076,9.872920305558836,7
1392084,9.850940972872882,8
1392095,9.744571655812335,11
1392104,9.831660025081788,9
1392113,9.801389511976002,9
1392114,9.987406405414921,1
1392136,9.528868188084484,22
1392151,9.709968847993071,15
1392172,9.48877021367358,21
1392672,-12.298291025017773,500
1393172,-12.615841717832852,500
1393182,9.780821985871864,10
1393191,9.618061820555623,9
1393199,9.845613924171497,8
1393204,9.91070071710632,5
1393205,10.0,1
1393207,9.970276732403432,2
1393208,10.0,1
1393223,9.456017498560115,15
1393242,9.554991234795796,19
1393250,9.82213858533419,8
1393264,9.68440629346749,14
1393265,10.0,1
1393266,10.0,1
1393285,9.604279904240173,19
1393286,10.0,1
1393294,9.877117295043002,8
1393297,9.963350978058186,3
1393314,9.623265768076925,17
1393325,9.742163409500284,11
1393336,9.805164798131889,11
1393350,9.67821845849145,14
1393355,9.91594369599305,5
1393360,9.905179388473423,5
1393363,9.964116148669909,3
1393373,9.78154169119761,10
1393380,9.874346426611378,7
1393391,9.739665918289852,11
1393402,9.774482425131719,11
1393406,9.930657763647686,4
1393407,10.0,1
1393907,-14.349875615261881,500
1393911,9.949715066892727,4
1393917,9.894202755893563,6
1393936,9.61927375074449,19
1393937,9.987814414746715,1
1393940,9.958068323710751,3
1393953,9.727006245737531,13
1393966,9.634969690311754,13
1393986,9.534712653695303,20
1394002,9.191304418097788,16
1394023,9.57079915200432,21
1394046,9.479437684548213,23
1394056,9.79627842241533,10
1394070,9.69192915326079,14
1394078,9.866630040601976,8
1394093,9.656608628743955,15
1394094,10.0,1
1394096,9.973471424415528,2
1394108,9.735063136100319,12
1394120,9.785108030782146,12
1394131,9.78566894592501,11
1394142,9.758113595582103,11
1394162,9.640009414374227,20
1394165,9.946018095394713,3
1394168,9.954370272102032,3
1394180,9.737421555467183,12
1394186,9.90425019021341,6
1394190,9.94177605156459,4
1394191,10.0,1
1394197,9.90533384562227,6
1394203,9.899244606222616,6
1394213,9.782729210576255,10
1394223,9.809242466487976,10
1394230,9.877596050475741,7
1394242,9.736785948282725,12
1394248,9.898485025679403,6
1394258,9.806297598357146,10
1394287,9.33626484213602,29
1394293,9.899145485317991,6
1394294,10.0,1
1394303,9.807172094359204,9
1394306,9.953542815098393,3
1394324,9.38697554593905,18
1394329,9.928254738991406,5
1394341,9.64196972916691,12
1394350,9.846594594226977,9
1394364,9.70115543596581,14
1394375,9.817587167813828,11
1394381,9.912617350282572,6
1394391,9.826885660648621,10
1394396,9.916716784063842,5
1394414,9.614183665526808,18
1394418,9.945224117529733,4
1394419,10.0,1
1394420,10.0,1
1394429,9.817454505715665,9
1394435,9.87999415486286,6
1394445,9.8270789618952,10
1394457,9.739937487809986,12
1394458,10.0,1
1394958,-13.069677204871443,500
1394964,9.889922221410512,6
1394967,9.969668999480573,3
1394982,9.669366251022975,15
1394989,9.779178238677071,7
1394990,10.0,1
1395001,9.78822806907102,11
1395009,9.845422333274986,8
1395032,9.444260620157822,23
1395036,9.931229305613492,4
1395070,9.21325976444944,34
1395074,9.925916952379712,4
1395081,9.87217535608486,7
1395090,9.803064270719258,9
1395100,9.806521891230586,10
1395119,9.56521795162734,19
1395122,9.948013132396644,3
1395125,9.958954115746074,3
1395126,10.0,1
1395132,9.89411687337589,6
1395143,9.764653041459894,11
1395155,9.750368352951815,12
1395160,9.912470053958094,5
1395166,9.9031420207388,6
1395174,9.872264838327528,8
1395192,9.584150576111115,18
1395197,9.910892107601397,5
1395207,9.788671548602618,10
1395220,9.69587417397795,13
1395232,9.796740826785218,12
1395243,9.780960122380483,11
1395244,10.0,1
1395245,10.0,1
1395259,9.696644873469195,14
1395269,9.797814535179072,10
1395278,9.814592679944326,9
1395290,9.775187668219617,12
1395291,10.0,1
1395299,9.85556529728179,8
1395312,9.738038223886344,13
1395318,9.901132286629881,6
1395319,10.0,1
1395323,9.948949470605005,4
1395336,9.685432041040517,13
1395369,9.4208791811621,33
1395370,9.99299720306707,1
1395449,8.681310178752208,79
1395457,9.84960324889923,8
1395458,10.0,1
1395467,9.827746159423624,9
1395468,9.98875976878047,1
1395474,9.900990778850923,6
1395486,9.733738758269391,12
1395487,10.0,1
1395495,9.840237590900433,8
1395504,9.804881253285306,9
1395527,9.097515402550773,23
1395534,9.878204506447965,7
1395540,9.910244347227485,6
1395550,9.77870617259939,10
1395580,9.34084114089621,30
1395585,9.910813517238989,5
1395591,9.893845810297245,6
1395600,9.807281974100183,9
1395609,9.814972905973988,9
1395620,9.76333561071333,11
1395622,9.976199086516765,2
1395631,9.807220219194573,9
1395633,9.976858416537238,2
1395646,9.7265747731996,13
1395650,9.921196841865495,4
1395660,9.798120388473535,10
1395668,9.869595424659991,8
1395687,9.563251673145293,19
1395694,9.88202407521503,7
1395695,10.0,1
1395704,9.833879519115149,9
1395712,9.542199666764008,8
1395719,9.882291043700924,7
1395731,9.786632302723726,12
1395755,9.33320498632281,24
1395762,9.880332438697753,7
1395767,9.912850179096488,5
1395781,9.6997148781726,14
1395794,9.714570074114468,13
1395802,9.745413516096756,8
1395815,9.14989106164727,13
1395820,9.923986620812366,5
1395845,9.367759835216825,25
1395851,9.911812837093375,6
1395859,9.846190357545886,8
1395871,9.751434577521081,12
1395882,9.802860811507143,11
1395902,9.565501720858975,20
1395908,9.906679892028208,6
1395912,9.925620234869037,4
1395918,9.90186436301076,6
1395928,9.801637565518853,10
1396428,-12.514888649772786,500
1396433,9.9210290925228,5
1396441,9.826442080356404,8
1396449,9.832749685847254,8
1396456,9.874773842969274,7
1396468,9.768126037397618,12
1396472,9.949826079070622,4
1396485,9.731501187580841,13
1396499,9.701169938243034,14
1396522,9.492636730520802,23
1396531,9.825227105607945,9
1396533,9.976675984899014,2
1396540,9.891567787513067,7
1396563,9.508191649029307,23
1396616,8.97524252997728,53
1396617,10.0,1
1396630,9.720593491040704,13
1396648,9.684175916565762,18
1396659,9.796476038520376,11
1396676,9.582743103900665,17
1396680,9.944027075333151,4
1396696,9.6403227019587,16
1396701,9.92577141932485,5
1396708,9.87911308206568,7
1396713,9.92455915323101,5
1396718,9.940349138383027,5
1396730,9.735915080155934,12
1396731,10.0,1
1396742,9.765872013895455,11
1396750,9.84377435476506,8
1396756,9.897610394301497,6
1396769,9.788316452645999,13
1396774,9.920180126793076,5
1396784,9.79486298946021,10
1396787,9.9543188198171,3
1396790,9.962745658682318,3
1396797,9.872638036845963,7
1396798,10.0,1
1396811,9.722410182501319,13
1396818,9.871103671390818,7
1396820,9.984327072861971,2
1396821,10.0,1
1396823,9.98091843290878,2
1396827,9.92558185799992,4
1396832,9.903128543773812,5
1396846,9.689342065139085,14
1396859,9.649800955544759,13
1396867,9.850891745658988,8
1396883,9.635807922726041,16
1396900,9.623682373146998,17
1396906,9.902399278911963,6
1396907,10.0,1
1396923,9.699786293810831,16
1396934,9.776438671471082,11
1396935,10.0,1
1396940,9.922860896901044,5
1396947,9.862939977679748,7
1396958,9.767315275023723,11
1396969,9.798762487526878,11
1396974,9.915330457924277,5
1396985,9.815826563252344,11
1396994,9.830597430106984,9
1397003,9.817303675707155,9
1397009,9.872377811392292,6
1397044,9.161494099061702,35
1397065,9.5385628542588,21
1397071,9.894097734737246,6
1397077,9.90155993785582,6
1397080,9.957304149526363,3
1397101,9.549171823787404,21
1397115,9.683645596285983,14
1397127,9.744056573686175,12
1397128,10.0,1
1397144,9.71350058997961,16
1397156,9.761608648602847,12
1397157,10.0,1
1397166,9.81782872891254,9
1397173,9.859235549062982,7
1397174,10.0,1
1397188,9.713359348157459,14
1397189,10.0,1
1397204,9.671452593886631,15
1397222,9.59234099912162,18
1397228,9.914172163036989,6
1397239,9.771417686118664,11
1397248,9.843288077592373,9
1397258,9.81805792351508,10
1397266,9.849501702168428,8
1397279,9.700345904522134,13
1397295,9.638203476595598,16
1397314,9.598328686675908,19
1397328,9.687890760207496,14
1397329,10.0,1
1397339,9.779945401593041,10
1397350,9.751584533281228,11
1397362,9.79972995473088,12
1397370,9.747690472813987,8
1397374,9.941145800856011,4
1397384,9.776150806245063,10
1397403,9.556654628051026,19
1397421,9.572409712498857,18
1397422,10.0,1
1397437,9.72228320567977,15
1397438,10.0,1
1397449,9.389043457360012,11
1397459,9.842673969759526,10
1397460,10.0,1
1397480,9.636986922018801,20
1397487,9.865867907696732,7
1397490,9.959243557088943,3
1397511,9.492118248019885,21
1397528,9.600798614683423,17
1397552,9.507601710265064,24
1397567,9.688668699819285,15
1398067,-204.58085242041827,500
1398068,9.99223344217006,1
1398071,9.964103237808677,3
1398084,9.726208956645142,13
1398085,10.0,1
1398089,9.93913387531129,4
1398097,9.868912740890686,8
1398106,9.815464913417285,9
1398127,9.5024391989519,21
1398134,9.901051769072641,7
1398137,9.954500058891007,3
1398147,9.806525746853712,10
1398159,9.754424703933225,12
1398164,9.910564329322055,5
1398165,10.0,1
1398178,9.6885071716476,13
1398179,9.988177707856401,1
1398188,9.843643672701736,9
1398200,9.729812022716153,12
1398212,9.57459916453774,12
1398222,9.795676871971867,10
1398235,9.744163538400338,13
1398241,9.87772693338261,6
1398242,10.0,1
1398260,9.673042998736287,18
1398266,9.896774819486495,6
1398272,9.885887733073632,6
1398279,9.8613952864641,7
1398289,9.793541229709565,10
1398300,9.744947113711065,11
1398312,9.730327568033681,12
1398327,9.68035492970416,15
1398328,10.0,1
1398342,9.703745568461805,14
1398356,9.736920459799542,14
1398364,9.844083463875863,8
1398393,9.054282324340535,29
1398402,9.820367268390372,9
1398412,9.80060863256037,10
1398422,9.788325237792986,10
1398428,9.924041047673882,6
1398429,10.0,1
1398439,9.797660282929664,10
1398440,10.0,1
1398505,8.810660853143613,65
1398509,9.944334003316941,4
1398516,9.872800706416212,7
1398519,9.96481450697853,3
1398545,9.545689236516388,26
1398559,9.737359942132162,14
1398567,9.844437163308518,8
1398584,9.612714696425112,17
1398599,9.670982573862094,15
1398600,10.0,1
1398607,9.846930082945313,7
1398620,9.770621735370225,13
1398639,9.555233799356769,19
1398649,9.799205866187371,10
1398652,9.96498001872571,3
1398653,9.992039311811668,1
1398659,9.872545765087738,6
1398664,9.91323273607738,5
1398675,9.804848435205695,11
1398686,9.769577763107906,11
1398699,9.742038945789755,13
1398703,9.94066561732421,4
1398897,5.688833424753416,194
1398936,9.175599461994864,39
1398955,9.644672835971813,19
1398963,9.762190837602589,8
1398975,9.771337518688641,12
1398987,9.758921018000756,12
1398998,9.777058875822059,11
1399008,9.804070065724657,10
1399012,9.941161175611137,4
1399027,9.691216612932669,15
1399065,9.106158793073712,38
1399076,9.80029237755354,11
1399084,9.869261490505913,8
1399101,9.628693218543983,17
1399114,9.695786791442762,13
1399155,9.19537954206784,41
1399160,9.923261582242372,5
1399168,9.847612667624551,8
1399174,9.885529475921564,6
1399175,10.0,1
1399190,9.675532493809465,15
1399192,9.983835146596569,2
1399207,9.661635470010587,15
1399247,8.379122899711518,40
1399263,9.716017064998237,16
1399270,9.867437964899906,7
1399282,9.744818985664601,12
1399290,9.881958892119052,8
1399302,9.74150894510596,12
1399310,9.82362175947355,8
1399317,9.858444150024178,7
1399318,10.0,1
1399332,9.70378058653024,14
1399336,9.952727017928588,4
1399347,9.775295395522708,11
1399353,9.91481234866753,6
1399367,9.683295448480411,14
1399372,9.916441244299467,5
1399385,9.78849240297672,13
1399405,9.556092907988381,20
1399406,10.0,1
1399415,9.793004771075383,9
1399430,9.665637011563568,15
1399447,9.602324927591162,17
1399455,9.822215365988223,8
1399469,9.684560290959492,14
1399486,9.690269386440862,17
1399498,9.725379430243361,12
1399499,10.0,1
1399507,9.831104552432437,8
1399508,10.0,1
1399525,9.616405969203711,17
1399533,9.839725827087685,8
1399541,9.83349610751013,8
1399553,9.740074715346893,12
1399562,9.817640290568075,9
1399580,9.657602623001699,18
1399831,5.949633829747544,251
1399838,9.87620885893793,7
1399869,9.369305770021311,31
1399876,9.861952912391038,7
1399881,9.907036246343436,5
1399891,9.79695001812986,10
1399910,9.585975372332078,19
1399914,9.939810439158954,4
1399927,9.701687508096224,13
1399945,9.677242560783975,18
1399949,9.94421212613285,4
1399962,9.664849580538466,13
1400060,7.883019240076106,98
1400066,9.894757987531664,6
1400074,9.837524075882923,8
1400075,10.0,1
1400083,9.8312868123396,8
1400097,9.685115843088333,14
1400103,9.870356048463012,6
1400120,9.642630411627627,17
1400125,9.72924515290977,5
1400137,9.788428862622997,12
1400138,10.0,1
1400148,9.803079249217689,10
1400157,9.800825501182166,9
1400171,9.687042769150391,14
1400183,9.788237077481615,12
1400201,9.588903927467964,18
1400209,9.85884230906967,8
1400220,9.75537157998048,11
1400225,9.926487348718476,5
1400237,9.729482075404583,12
1400238,10.0,1
1400243,9.90510309072879,5
1400259,9.664547907018395,16
1400279,9.45714289039364,20
1400286,9.46737521911453,7
1400296,9.811298079005864,10
1400300,9.926141817748752,4
1400314,9.682690044792658,14
1400315,9.996048990592058,1
1400324,9.809020500683232,9
1400328,9.927828070133845,4
1400341,9.725657617148167,13
1400359,9.585975713130615,18
1400362,9.951605438986668,3
1400363,10.0,1
1400377,9.679781726163899,14
1400388,9.79785912346779,11
1400409,9.421045213528695,21
1400416,9.883664000298136,7
1400436,9.551576104118086,20
1400458,9.557948230043314,22
1400475,9.616957389569563,17
1400488,9.731167859573127,13
1400490,9.98467417220846,2
1400523,9.12374959381204,33
1400545,9.531694838813571,22
1400553,9.847596621487748,8
1400562,9.816786528004965,9
1400572,9.826905875150501,10
1400573,9.996381006055323,1
1400586,9.723712325890604,13
1400591,9.9204957072406,5
1400594,9.96392646321645,3
1400632,9.187711804528673,38
1400645,9.685728310100764,13
1400654,9.85101647972429,9
1400663,9.80222727006886,9
1400671,9.8649825196684,8
1400680,9.815186930364327,9
1400692,9.749128017679181,12
1400706,9.709799671308886,14
1400713,9.852744230873459,7
1400721,9.850643337636436,8
1400727,9.911259748124518,6
1400728,10.0,1
1400735,9.858985038221789,7
1400751,9.632892476040167,16
1400772,9.515889030852753,21
1400773,10.0,1
1400785,9.748450276556579,12
1400793,9.87736903242175,8
1400808,9.639371220342444,15
1400814,9.896807019974911,6
1400820,9.90712183665768,6
1400821,10.0,1
1400841,9.499352290479859,20
1400851,9.800934956337281,10
1400852,10.0,1
1400856,9.939086622970779,4
1400857,9.987449070798144,1
1400866,9.817198478356667,9
1400871,9.63367916449184,5
1400883,9.777991700698196,12
1400889,9.892764148026814,6
1400891,9.965926182282544,2
1400904,9.752378954707504,13
1400908,9.952485294313108,4
1400916,9.8532961407853,8
1400925,9.426506046442624,9
1400938,9.751111890033776,13
1400955,9.606309185694645,17
1400957,9.985264574304587,2
1400974,9.676372270092843,17
1400989,9.733238392736558,15
1401000,9.785395881551196,11
1401001,10.0,1
1401002,10.0,1
1401008,9.888726725640817,6
1401012,9.944356958872417,4
1401022,9.797195887469277,10
1401038,9.63004301986188,16
1401048,9.834929482848494,10
1401063,9.72618733678664,15
1401075,9.765955440894436,12
1401082,9.885756491114496,7
1401090,9.829855190662771,8
1401103,9.723411305457141,13
1401123,9.497142069083962,20
1401132,9.803672472009463,9
1401139,9.879562198388188,7
1401141,9.971346302286651,2
1401142,9.9964137658062,1
1401275,7.7706583423636815,133
1401290,9.718532761526436,15
1401298,9.850485465485256,8
1401312,9.655786021940344,14
1401319,9.864185121583494,7
1401334,9.65223018212219,15
1401353,9.568923150556868,19
1401360,9.871203092254756,7
1401375,9.689940541124633,15
1401395,9.558383327429205,20
1401401,9.900927174588162,6
1401413,9.734346167805056,12
1401416,9.954472569445038,3
1401419,9.96285737709421,3
1401434,9.617762746681757,15
1401446,9.761901905142455,12
1401457,9.7401637997954,11
1401458,10.0,1
1401487,9.515809949876116,29
1401488,10.0,1
1401494,9.886279162235697,6
1401501,9.906161521405974,7
1401508,9.866110691230617,7
1401518,9.799131674262291,10
1401527,9.814737350602664,9
1401536,9.824365023155998,9
1401550,9.72992326447133,14
1401561,9.757697772264624,11
1401573,9.748347780724444,12
1401576,9.958702260428948,3
1401585,9.816928850978684,9
1401595,9.75930825982057,10
1401607,9.260138758500739,12
1401620,9.74583396740186,13
1401627,9.873037021140366,7
1401630,9.96211921186492,3
1401652,9.118331455580549,22
1401861,3.057186599519058,209
1401877,9.63123585024909,16
1401882,9.936898869195087,5
1401926,9.16079408449887,44
1401933,9.884969070941068,7
1401950,9.606897520576851,17
1401951,10.0,1
1401962,9.746774456966216,11
1401981,9.625849530003691,19
1401988,9.867766735310525,7
1401997,9.833640085675277,9
1401998,10.0,1
1402003,9.930150066766458,5
1402021,9.568813157417244,18
1402029,9.819778496665974,8
1402035,9.914840573933558,6
1402051,9.677216418990323,16
1402057,9.922812816686148,6
1402073,9.64578613829284,16
1402074,10.0,1
1402077,9.959630104096188,3
1402079,9.971637282771777,2
1402093,9.70353328983015,14
1402110,9.703134362895032,17
1402131,9.535009987197585,21
1402142,9.733888540114346,11
1402157,8.888207599613043,15
1402171,9.687949250866616,14
1402175,9.945942575352321,4
1402187,9.721643972631778,12
1402188,9.989749091901313,1
1402200,9.790775870717212,12
1402210,9.792493958558554,10
1402281,8.380871089311489,71
1402290,9.862894361316856,9
1402312,9.393100803368677,22
1402358,9.187115036589917,46
1402365,9.884975814302454,7
1402377,9.787273294416837,12
1402390,9.785489501912641,13
1402391,9.992473441521838,1
1402399,9.856117159179107,8
1402406,9.874240223175835,7
1402415,9.817193186844218,9
1402430,9.744173926572063,15
1402435,9.912560054810905,5
1402457,9.287367041753784,22
1402465,9.833476046435935,8
1402468,9.959820340073186,3
1402480,9.76427458925665,12
1402493,9.762206243448809,13
1402502,9.810815453108322,9
1402504,9.974205716115705,2
1402505,10.0,1
1402506,10.0,1
1402515,9.824531383683146,9
1402530,9.687130258681114,15
1402543,9.70700247350819,13
1402552,9.83291289250149,9
1402561,9.790734104032518,9
1402562,10.0,1
1402574,9.719730432472039,12
1402594,9.534344425332527,20
1402603,9.81801629758261,9
1402613,9.778057726558707,10
1402621,9.836200876939188,8
1402634,9.618950516503837,13
1402642,9.839681643224429,8
1402654,9.741564096279703,12
1402666,9.738786334051763,12
1402667,10.0,1
1402680,9.734537251315489,13
1402701,9.598838485691404,21
1402714,9.690146736145168,13
1402721,9.885620025229892,7
1402731,9.80359489063481,10
1402735,9.935106925777266,4
1402770,9.183623876464111,35
1402781,9.76931980106545,11
1402789,9.860918597961884,8
1402798,9.823006393773117,9
1402805,9.867764352111745,7
1402813,9.832182119084846,8
1402824,9.756222308342087,11
1402839,9.695753016258607,15
1402840,10.0,1
1402843,9.95741975150135,3
1402844,10.0,1
1402859,9.661074248819439,15
1402860,10.0,1
1402871,9.769220227117685,11
1402884,9.773840616159372,13
1402885,10.0,1
1402886,10.0,1
1402896,9.804271236181503,10
1402902,9.892983505497522,6
1402910,9.851990197672723,8
1402933,9.480432630545423,23
1402949,9.653593324251052,16
1402954,9.931701682318513,5
1402959,9.929612760902378,5
1402980,9.543048065163916,21
1402981,10.0,1
1402982,10.0,1
1402983,10.0,1
1402989,9.89464874804824,6
1402996,9.86868656146016,7
1403009,9.736230910355179,13
1403010,10.0,1
1403017,9.684405049551621,7
1403032,8.946293673223066,15
1403052,9.55944970423613,20
1403053,9.990261382352104,1
1403059,9.896080234955273,6
1403070,9.778499525960587,11
1403122,8.85054098198588,52
1403130,9.860907718878424,8
1403148,9.612656209340457,18
1403164,9.640878337438306,16
1403178,9.730862734932712,14
1403203,9.384969101410784,25
1403213,9.794961343775563,10
1403240,9.406997581482813,27
1403244,9.945709427275736,4
1403254,9.783152961454322,10
1403259,9.918901633027401,5
1403274,9.667518135919202,15
1403298,9.420578487688642,24
1403303,9.931474961114672,5
1403309,9.883265037350979,6
1403319,9.793640132444095,10
1403328,9.825507328910755,9
1403334,9.898012549027966,6
1403346,9.761041119407153,12
1403364,9.547970366643103,18
1403379,9.675553380811674,15
1403396,9.606424424074703,17
1403410,9.708683731140532,14
1403417,9.88538514234073,7
1403427,9.786810458565363,10
1403428,10.0,1
1403444,9.688386501717936,16
1403454,9.78864195838233,10
1403466,9.736981869944934,12
1403475,9.800222533142712,9
1403484,9.8358699675391,9
1403495,9.752222787195748,11
1403502,9.873354310209574,7
1403522,9.597877728621151,20
1403524,9.985991593886334,2
1403536,9.813579586538543,12
1403549,9.744909870461166,13
1403555,9.903495996744047,6
1403569,9.680496134595106,14
1403585,9.589518690249896,16
1403589,9.93684915299709,4
1403599,9.803002144791586,10
1403604,9.921680864562802,5
1403612,9.8514786703869,8
1403620,9.832088508723015,8
1403625,9.91228892072543,5
1403628,9.956980130750887,3
1403643,9.585040829282596,15
1403650,9.864786572551484,7
1403651,10.0,1
1403659,9.841160854713277,8
1403667,9.871048978552952,8
1403683,9.637467545020458,16
1403686,9.949670575477517,3
1403694,9.842144014956123,8
1403697,9.954874117389195,3
1403718,9.266422680923396,21
1403731,9.730571215466892,13
1403739,9.845344229686052,8
1403748,9.822970935253931,9
1403761,9.750560262261047,13
1403772,9.6754065435002,11
1403786,9.683201999260659,14
1403787,9.996383990665848,1
1403789,9.984579594284218,2
1403795,9.904309182560114,6
1403801,9.886797073073698,6
1403807,9.903950185516146,6
1403821,9.704655397618803,14
1403822,10.0,1
1403837,9.627743432382807,15
1403845,9.8376899306658,8
1403852,9.875807624630218,7
1403854,9.969261521915701,2
1403864,9.812164381753805,10
1403874,9.781840566782806,10
1403877,9.97233828876033,3
1403888,9.760150788658017,11
1403903,9.740177099236476,15
1403920,9.667207716023713,17
1403931,9.779775401567337,11
1403936,9.908124875059448,5
1403951,9.675823235586366,15
1403959,9.862948146218214,8
1403972,9.724528259396612,13
1403992,9.432380475408394,20
1404007,9.707406560754052,15
1404024,9.618510410055352,17
1404029,9.923019050943099,5
1404043,9.695187375394463,14
1404044,9.993191755502604,1
1404048,9.943614555012195,4
1404070,9.55101434318066,22
1404085,9.71099468256747,15
1404100,9.66546878511294,15
1404107,9.868397620702885,7
1404108,10.0,1
1404125,9.669599510661746,17
1404130,9.922863574282664,5
1404152,9.539512395583872,22
1404164,9.745492011427263,12
1404176,9.749128005745218,12
1404209,9.395665202412845,33
1404221,9.782312979199967,12
1404222,10.0,1
1404231,9.660595855324782,9
1404260,9.39648449368056,29
1404273,9.711510532963818,13
1404285,9.731525796677344,12
1404299,9.73198842679206,14
1404314,9.690737657726075,15
1404315,10.0,1
1404327,9.75549997776993,12
1404343,9.660376563411264,16
1404366,9.426907701309826,23
1404386,9.693702493281156,20
1404387,10.0,1
1404398,9.76931594941196,11
1404409,9.788618690842572,11
1404428,9.60782074761063,19
1404435,9.878400001510634,7
1404451,9.670608251075418,16
1404460,9.809473412797507,9
1404466,9.88935775848556,6
1404475,9.832110234506176,9
1404480,9.915841206854452,5
1404481,10.0,1
1404491,9.775266092397993,10
1404497,9.893195113516024,6
1404509,9.736403852000254,12
1404526,9.652944999837379,17
1404527,10.0,1
1404539,9.753640936150067,12
1404548,9.814488366424783,9
1404560,9.753986144267703,12
1404624,8.596497011619135,64
1404633,9.842426005247626,9
1404651,9.595993720112162,18
1404673,9.555166839481096,22
1404679,9.882575732393894,6
1404692,9.727073579524305,13
1404703,9.804327680850461,11
1404713,9.784731528101341,10
1404722,9.814954863946062,9
1404728,9.894704947284113,6
1404741,9.712472696610686,13
1404759,9.61826303533941,18
1404777,9.565184631747064,18
1404795,9.658991347498976,18
1404804,9.855622188534687,9
1404807,9.961563924186203,3
1404822,9.68632912380875,15
1404832,9.797606145880826,10
1404846,9.667038428790034,14
1404850,9.935143363697803,4
1404858,9.864246003006164,8
1404872,9.671008076312772,14
1404881,9.814760924898259,9
1404939,8.838702037874148,58
1404947,9.844882312610117,8
1404962,9.74021034653593,15
1404967,9.932106056248319,5
1404981,9.750097555944157,14
1404989,9.842279982921637,8
1404990,10.0,1
1404999,9.815003820473436,9
1405002,9.96529320212365,3
1405011,9.835678727661934,9
1405029,9.594443814416898,18
1405047,9.6377573994476,18
1405058,9.78642649637205,11
1405064,9.905203166790475,6
1405075,9.774192499434838,11
1405079,9.9386724848295,4
1405093,9.693624084290402,14
1405112,9.5620136615049,19
1405151,8.955037840154391,39
1405152,10.0,1
1405166,9.728053546719325,14
1405169,9.948488736624153,3
1405175,9.90362793901852,6
1405186,9.765085465548603,11
1405210,9.517892728052157,24
1405225,9.674753760792742,15
1405235,9.81030442796822,10
1405250,9.701765315227107,15
1405251,10.0,1
1405255,9.938089293039098,4
1405262,9.776119199754866,7
1405270,9.83678713068558,8
1405283,9.694140458359358,13
1405294,9.76460259991172,11
1405297,9.959549541234649,3
1405304,9.87804736687884,7
1405312,9.861484017850747,8
1405318,9.899349297405568,6
1405337,9.612780713070784,19
1405347,9.78393161863358,10
1405359,9.724300922012725,12
1405365,9.916614125773133,6
1405384,9.5862749060801,19
1405393,9.837347129993358,9
1405406,9.713803963145212,13
1405419,9.706691059642061,13
1405425,9.89826665268904,6
1405426,10.0,1
1405440,9.687664142989997,14
1405453,9.711245334666213,13
1405472,9.600381564222925,19
1405480,9.861319287499729,8
1405500,9.567559364485914,20
1405509,9.81645519051495,9
1405514,9.914733170401774,5
1405517,9.96182535074374,3
1405525,9.827341596103318,8
1405554,9.04462881936831,29
1405565,9.745930431612294,11
1405579,9.706490134278454,14
1405580,10.0,1
1405583,9.855839103306971,3
1405607,9.33389105720445,24
1405631,9.49505401699603,24
1405638,9.869886649041788,7
1405642,9.938058661726668,4
1405654,9.744956678994097,12
1405661,9.875042998070446,7
1405670,9.81569336331658,9
1405686,9.661593180116503,16
1405697,9.765054086726652,11
1405710,9.717803854472098,13
1405713,9.961226239873739,3
1405728,9.708012522051334,15
1405744,9.703676962248919,16
1405757,9.496188401129816,13
1405763,9.905606374194564,6
1405779,9.68655818724423,16
1405791,9.818547105528474,12
1405797,9.89897723996705,6
1405799,9.97858186211739,2
1405813,9.682969428874516,14
1406182,3.280911948525149,369
1406195,9.751668714998292,13
1406205,9.812256123455514,10
1406225,9.662359904520116,20
1406236,9.811983025673172,11
1406246,9.708115791183078,10
1406247,10.0,1
1406268,9.461410078489408,21
1406272,9.74102552578533,4
1406282,9.769666416743084,10
1406301,9.689510914040428,19
1406323,9.521507512874294,22
1406332,9.859179593658007,9
1406343,9.763471059908788,11
1406352,9.81992821521689,9
1406360,9.858511540846884,8
1406366,9.884325228954864,6
1406372,9.898422639681746,6
1406386,9.712054829596653,14
1406394,9.837351109779235,8
1406403,9.7960189148746,9
1406409,9.906404763199992,6
1406419,9.788897844043479,10
1406430,9.763552893094841,11
1406445,9.686172516082038,15
1406450,9.914623102692959,5
1406460,9.805811348776423,10
1406469,9.841033454711146,9
1406483,9.735394361698768,14
1406495,9.7559879517848,12
1406510,9.68697667180252,15
1406519,9.831456293297054,9
1406529,9.797012071848588,10
1406540,9.789395429606712,11
1406551,9.77596417990048,11
1406573,9.584239541848673,22
1406578,9.926420466172281,5
1406589,9.767776138417553,11
1406594,9.93021457661048,5
1406600,9.891133408630582,6
1406610,9.77010744112913,10
1406620,9.809600661986309,10
1406632,9.751526213762663,12
1406645,9.716169451130115,13
1406661,9.70215729532332,16
1406666,9.91116347363824,5
1406677,9.807563719583483,11
1406746,8.690716435665978,69
1406757,9.751447439790935,11
1406778,9.577255916635005,21
1406788,9.792343405865486,10
1406795,9.87146274444744,7
1406796,10.0,1
1406803,9.668604188493724,7
1406819,9.656932321185993,16
1406831,9.360978362913777,12
1406843,9.770150395753848,12
1406853,9.777749659408455,10
1406861,9.840182860469076,8
1406872,9.77112531378366,11
1406881,9.850301136882196,9
1406892,9.795972159181504,11
1406904,9.722521756755214,12
1406905,9.99659010851945,1
1406916,9.491385308496168,11
1406917,10.0,1
1406934,8.313519016066095,17
1406941,9.877290592659513,7
1407087,-0.805088340912647,146
1407107,9.671624359170263,20
1407111,9.945436328074225,4
1407118,9.861882363974102,7
1407134,9.61093320587863,16
1407146,9.783667831623745,12
1407149,9.962900165902871,3
1407153,9.928757624141678,4
1407157,9.942455109949758,4
1407193,9.375366299531606,36
1407196,9.966956588259729,3
1407204,9.837784128897095,8
1407227,9.499945696321387,23
1407238,9.760200729057408,11
1407244,9.878345610579572,6
1407264,9.596478882454223,20
1407276,9.825609178110353,12
1407292,9.686217368012267,16
1407300,9.809176737103396,8
1407315,9.684860055358088,15
1407326,9.747152290268799,11
1407328,9.984623960084585,2
1407338,9.788967154841322,10
1407350,9.747227956245775,12
1407354,9.932579619011346,4
1407370,9.646524598637825,16
1407385,9.383817497369868,15
1407387,9.981985041182032,2
1407391,9.94118462620673,4
1407401,9.787100806714541,10
1407412,9.773577802694808,11
1407421,9.77988327161212,9
1407429,9.867979265609936,8
1407430,10.0,1
1407436,9.89650861052596,6
1407569,7.59931997249566,133
1407570,10.0,1
1407584,9.684099830137422,14
1407593,9.79730058367885,9
1407627,9.147400898889206,34
1407633,9.912375192635423,6
1407644,9.776193351568589,11
1407655,9.749084092047067,11
1407677,9.469679460888763,22
1407678,10.0,1
1407698,9.424702954070174,20
1407708,9.807907761359765,10
1407725,9.65514285599415,17
1407748,9.424002590273314,23
1407758,9.792335877640012,10
1407769,9.822464769257095,11
1407779,9.794148710477737,10
1407792,9.706282984991967,13
1407800,9.842976635034402,8
1407817,9.622902887612954,17
1407820,9.963130957765488,3
1407828,9.84140311237497,8
1407841,9.71931499120909,13
1407859,9.56201533647561,18
1407877,9.660664353678312,18
1407878,10.0,1
1407880,9.972371666219244,2
1407898,9.689092594210006,18
1407932,9.345979026102944,34
1407948,9.619366380957993,16
1407961,9.698806132409834,13
1407972,9.780028520622462,11
1407988,9.605338300796076,16
1408000,9.733796926125516,12
1408014,9.742850220126732,14
1408020,9.910197493642965,6
1408021,10.0,1
1408036,9.66686399035205,15
1408045,9.823966576862155,9
1408048,9.958931410908782,3
1408053,9.905315618504755,5
1408059,9.883215441455594,6
1408068,9.857160244300264,9
1408072,9.936971898075281,4
1408076,9.940173967310278,4
1408077,10.0,1
1408091,9.706010978722235,14
1408116,9.49060296073127,25
1408127,9.782105875055315,11
1408138,9.748118510896226,11
1408139,9.986785688161557,1
1408149,9.77843744988704,10
1408163,9.721963185195916,14
1408178,9.653239379884006,15
1408187,9.799725714795485,9
1408193,9.893216699591473,6
1408199,9.901511418847694,6
1408209,9.774878262554614,10
1408218,9.825287004602158,9
1408219,10.0,1
1408230,9.761904197734742,11
1408265,9.011861955353792,35
1408269,9.931517792816157,4
1408275,9.900782780483361,6
1408288,9.723516506949151,13
1408298,9.777730562422,10
1408308,9.795581608025978,10
1408314,9.917514881687731,6
1408327,9.70415861679187,13
1408337,9.782040461163499,10
1408340,9.959079101724008,3
1408350,9.772151720157046,10
1408365,9.668363534305072,15
1408374,9.816033872698373,9
1408385,9.774420770396961,11
1408401,9.615282533075014,16
1408406,9.910983690049676,5
1408424,9.605315390238037,18
1408436,9.795509508954817,12
1408440,9.928166181345494,4
1408442,9.979675815134438,2
1408443,9.992430116839499,1
1408458,9.732825541956764,15
1408474,9.61824107937512,16
1408478,9.938915185800967,4
1408492,9.682459077400429,14
1408503,9.745633642437694,11
1408516,9.69136772626467,13
1408519,9.954952510756533,3
1408528,9.828945785131008,9
1408529,10.0,1
1408544,9.646651849718035,15
1408552,9.850928505385218,8
1408565,9.602436900339548,13
1408572,9.87649856830296,7
1408583,9.776799331427947,11
1408598,9.666166249318309,15
1408608,9.803296625447743,10
1408622,9.704089378532654,14
1408623,9.996399656562916,1
1408630,9.870845427401777,7
1408639,9.805172329295296,9
1408647,9.862479039061574,8
1408648,10.0,1
1408649,9.986290998580662,1
1408661,9.78200939383946,12
1408666,9.90233143952639,5
1408672,9.884946518606728,6
1408673,10.0,1
1408677,9.95066994455982,4
1408692,9.179289775712999,15
1408704,9.733559183752108,12
1408717,9.707093915906036,13
1408755,9.179019093394075,38
1408765,9.78480634203449,10
1408775,9.774515648485924,10
1408787,9.742968905425272,12
1408806,9.566863052060729,19
1408821,9.671448484435698,15
1408843,9.486620030608321,22
1408857,9.718412108318942,14
1408860,9.957614330101912,3
1408877,9.615968974333562,17
1408900,9.55892726816054,23
1408906,9.910685113533964,6
1408916,9.804978868302076,10
1408930,9.656582459599969,14
1408939,9.81397103520239,9
1408954,9.686978167962486,15
1408966,9.724748313784792,12
1408981,9.69837896004422,15
1408982,10.0,1
1408993,9.758201284372317,11
1409002,9.830561715012449,9
1409003,10.0,1
1409004,10.0,1
1409012,9.87952347792416,8
1409020,9.855002361552838,8
1409032,9.774771922157214,12
1409041,9.824385641885536,9
1409043,9.98399417698639,2
1409047,9.92323332643941,4
1409065,9.613247862874346,18
1409075,9.802802671821095,10
1409085,9.774124198681728,10
1409096,9.783310136981862,11
1409107,9.803984181030664,11
1409109,9.986667659456703,2
1409126,9.401164717933879,17
1409142,9.63923555592746,16
1409160,9.684856783741271,18
1409161,9.993227803832346,1
1409194,9.384027074396545,33
1409201,9.892203535647527,7
1409203,9.984124563680023,2
1409211,9.833260090292018,8
1409212,10.0,1
1409224,9.788497041486107,12
1409226,9.980712630077397,2
1409227,10.0,1
1409233,9.893691486277012,6
1409239,9.902144993701686,6
1409252,9.71673377286232,13
1409273,9.553641697810688,21
1409289,9.688750396899763,16
1409315,9.436623102704658,26
1409331,9.630344238070293,16
1409339,9.843041507157475,8
1409380,9.18196159129455,41
1409400,9.541128849418623,20
1409410,9.839121242391084,10
1409420,9.818561241748741,10
1409487,8.821993943038555,67
1409496,9.86279851922903,9
1409514,9.661400954451246,18
1409521,9.88292959120787,7
1409522,10.0,1
1409533,9.743015438338483,11
1409550,9.611841035464009,17
1409558,9.851094694163574,8
1409575,9.513500055570336,17
1409581,9.8928514227173,6
1409582,9.992132035067266,1
1409591,9.811203060820032,9
1409601,9.81050861040754,10
1409602,10.0,1
1409607,9.926863598750488,5
1409617,9.831214680026717,10
1409635,9.656639557801043,18
1409645,9.80283439290273,10
1409650,9.928459272487345,5
1409656,9.879938240206888,6
1409695,9.07075446778443,39
1409707,9.77573099080448,12
1409711,9.931202182999437,4
1409712,10.0,1
1409731,9.677447852356428,19
1409739,9.839515301559471,8
1409742,9.958252281770207,3
1409747,9.931163949322999,5
1409757,9.790912717100706,10
1409772,9.68112383892917,15
1409786,9.662473672343065,14
1409810,9.499732339069984,24
1409818,9.877559631704958,8
1409835,9.691226177936398,17
1409836,10.0,1
1409847,9.820340940596374,11
1409857,9.805051253497865,10
1409862,9.92497472798735,5
1409875,9.703979369258372,13
1409876,10.0,1
1409890,9.732895991615953,14
1409896,9.899866072794419,6
1409907,9.760590179488599,11
1409920,9.729305126324148,13
1409930,9.686763216395537,10
1409939,9.833164956870476,9
1409952,9.710107996627464,13
1409972,9.611738787878853,20
1409985,9.686910276081417,13
1409986,10.0,1
1409999,9.724508025096867,13
1410011,9.720804670465526,12
1410032,6.97976469712642,21
1410043,9.742004865843914,11
1410048,9.927098572863205,5
1410050,9.968474705384404,2
1410061,9.761088527696478,11
1410078,9.635333623554885,17
1410101,9.487718082770536,23
1410118,9.42680989961917,17
1410123,9.90171214226105,5
1410125,9.98549874358513,2
1410126,10.0,1
1410136,9.793286242130032,10
1410149,9.751018443436761,13
1410166,9.65632054661244,17
1410176,9.829137498176234,10
1410177,9.996776826153216,1
1410189,9.773123953764316,12
1410200,9.792174760470978,11
1410206,9.903825030728843,6
1410210,9.936312086992668,4
1410219,9.811765311070493,9
1410228,9.819399485139925,9
1410238,9.792362314249205,10
1410249,9.168233416983652,11
1410250,10.0,1
1410268,9.595122074600836,18
1410283,9.650957333926806,15
1410295,9.738784384980937,12
1410311,9.632175011897543,16
1410313,9.978410863439988,2
1410333,9.59125850065335,20
1410342,9.814103851882882,9
1410352,9.798178761043669,10
1410353,10.0,1
1410354,10.0,1
1410370,9.614224218571659,16
1410375,9.91210701445231,5
1410381,9.893410474275495,6
1410384,9.953017502889466,3
1410394,9.808977639954149,10
1410401,9.786186961487763,7
1410407,9.899484781555909,6
1410419,9.770362674710993,12
1410428,9.813971779180433,9
1410447,9.605572753003527,19
1410465,9.572794374244797,18
1410474,9.814309350086933,9
1410475,10.0,1
1410487,9.723702555406298,12
1410488,10.0,1
1410496,9.839050310642396,8
1410497,10.0,1
1410511,9.48521853098624,14
1410523,9.764785025414483,12
1410550,9.113223405744858,27
1410559,9.827055815570162,9
1410569,9.811276318661436,10
1410575,9.903453796302818,6
1410580,9.920650157569144,5
1410587,9.849910632884121,7
1410635,7.7995629683993295,48
1410638,9.959791177809109,3
1410645,9.87063572162517,7
1410658,9.761545947371596,13
1410659,10.0,1
1410673,9.660021830140646,14
1410686,9.787508915668777,13
1410694,9.843071937632859,8
1410696,9.975222156893448,2
1410706,9.828157401499857,10
1410712,9.890032216948065,6
1410717,9.914875102478694,5
1410718,10.0,1
1410722,9.835833162546143,4
1410723,10.0,1
1410738,9.73600770787162,15
1410744,9.912370567051083,6
1410754,9.793161186526108,10
1410764,9.817049058554586,10
1410770,9.907080007543323,6
1410771,10.0,1
1410772,10.0,1
1410781,9.32518395453621,9
1410792,9.787360169422515,11
1410799,9.88436361129387,7
1410814,9.67416433470377,15
1410822,9.83384494021974,8
1410826,9.949390153455107,4
1410832,9.908581389797401,6
1410851,9.44128004919649,19
1410860,9.832280434243126,9
1410862,9.970744287096233,2
1410876,9.698060480061164,14
1410883,9.89074563184788,7
1410892,9.78928122323566,9
1410908,9.666850715313576,16
1410921,9.704258737970964,13
1410932,9.771298091943706,11
1410933,10.0,1
1410950,9.704499387189028,17
1410961,9.777803992138853,11
1410971,9.813416415979566,10
1410980,9.832903048629053,9
1410990,9.818059121911531,10
1410991,10.0,1
1410998,9.875956793281931,7
1411006,9.856579622110452,8
1411033,8.97974022265164,27
1411037,9.94769157222177,4
1411038,10.0,1
1411047,9.811711240420554,9
1411058,9.800318581682221,11
1411065,9.868210769384824,7
1411073,9.81879640265809,8
1411079,9.922342128103946,6
1411086,9.882176310321592,7
1411094,9.852346117922107,8
1411104,9.835085274314375,10
1411105,10.0,1
1411108,9.964692734369947,3
1411109,10.0,1
1411114,9.902943220708003,5
1411129,9.521465487400583,15
1411134,9.715700310161825,5
1411146,9.74007813346862,12
1411157,9.587374623489865,11
1411172,9.644851794960333,15
1411177,9.925192801159158,5
1411183,9.882746028725343,6
1411195,9.791171940522732,12
1411207,9.737132163642364,12
1411211,9.944041604858176,4
1411212,9.992833886771026,1
1411230,9.582139144790855,18
1411246,9.626921748008698,16
1411255,9.804243179613026,9
1411280,9.410456606564157,25
1411291,9.76401917535849,11
1411304,9.716867898510397,13
1411316,9.739662699558423,12
1411369,8.990159311343662,53
1411383,9.682118930056085,14
1411384,10.0,1
1411385,10.0,1
1411389,9.933971043482979,4
1411390,10.0,1
1411395,9.924789347844984,5
1411396,10.0,1
1411402,9.87269651012874,6
1411407,9.914788623055847,5
1411411,9.93779617071843,4
1411422,9.824252014960901,11
1411431,9.820045702226695,9
1411436,9.916421072178437,5
1411437,10.0,1
1411454,9.650035402531865,17
1411464,9.842787487789195,10
1411473,9.840103048872628,9
1411474,10.0,1
1411498,9.449523497825698,24
1411505,9.86857499132762,7
1411517,9.786428928559541,12
1411521,9.941724394617033,4
1411525,9.924936357833495,4
1411526,9.987550997453628,1
1411533,9.87010075183113,7
1411554,9.558733761173887,21
1411573,9.616842778697261,19
1411577,9.947317975287262,4
1411581,9.949862495086224,4
1411597,9.719965806283085,16
1411603,9.904208056692788,6
1411614,9.778771175582763,11
1411625,9.781990542609929,11
1411646,9.290324488715802,21
1411647,10.0,1
1411654,9.858755055269153,7
1411655,10.0,1
1411663,9.850398911959864,8
1411668,9.906240863088554,5
1411681,9.739936524055507,13
1411696,9.649140072368334,15
1411708,9.719644948454727,12
1411719,9.766210536370476,11
1411721,9.974165251040617,2
1411738,9.637934328951173,17
1411747,9.813844710146832,9
1411753,9.893989519977978,6
1411754,10.0,1
1411758,9.931298599268397,4
1411770,9.78870209658375,12
1411786,9.639935892340928,16
1411802,9.686414851090916,16
1411817,9.687462857106338,15
1411825,9.840903885668215,8
1411832,9.880682228974871,7
1411836,9.926172362154471,4
1411843,9.747980063778487,7
1411853,9.812343636233434,10
1411866,9.701970774746584,13
1411875,9.801244112139724,9
1411887,9.735104479903425,12
1411898,9.779785062606868,11
1411901,9.957852051324094,3
1411913,9.757412679077722,12
1411941,9.470299967811037,28
1411952,9.794838545228487,11
1411955,9.963420755810798,3
1411970,9.650588409427822,15
1411975,9.91964131327766,5
1412001,9.405758239977708,26
1412010,9.835032666072225,9
1412026,9.662690842185317,16
1412035,9.801826881863935,9
1412055,9.479556212898512,20
1412076,9.621659619576228,21
1412086,9.82664721824768,10
1412087,10.0,1
1412093,9.897995410323533,6
1412108,9.650066652976024,15
1412112,9.934579759471095,4
1412131,9.598552109004626,19
1412136,9.916809344353457,5
1412148,9.765782767865561,12
1412150,9.975454225692317,2
1412155,9.906581199880849,5
1412159,9.932974621785442,4
1412180,9.543015345280779,21
1412192,9.735893473422554,12
1412199,9.865473900306949,7
1412201,9.971464388763236,2
1412204,9.960714610307603,3
1412215,9.762654931949022,11
1412230,9.688129192412461,15
1412244,9.697912413682108,14
1412263,9.655042581988074,19
1412269,9.909890199150857,6
1412281,9.733431177024856,12
1412288,9.872786255236711,7
1412296,9.855098076487682,8
1412305,9.854057685374476,9
1412320,9.640579179851835,15
1412336,9.690308802746225,16
1412342,9.896574992859582,6
1412371,9.26680903547604,29
1412382,9.75555690526528,11
1412386,9.949919320812645,4
1412396,9.779601098925541,10
1412420,9.398381817158654,24
1412441,9.597257219019907,21
1412461,9.449744352067219,20
1412479,9.620456297785271,18
1412485,9.876572271357722,6
1412495,9.770137726695705,10
1412510,9.674377755778329,15
1412517,9.876625494715714,7
1412539,9.517541284445311,22
1412548,9.837704623978084,9
1412555,9.852521263882606,7
1412560,9.916364219338778,5
1412567,9.875185479342615,7
1412579,9.770804168620568,12
1412596,9.577114769438003,17
1412602,9.881290653128707,6
1412607,9.915843136132164,5
1412612,9.921397268331768,5
1412633,9.511662100191005,21
1412643,9.796516716400955,10
1412650,9.886402524679058,7
1412676,9.291171214745964,26
1412688,9.661548811365654,12
1412689,10.0,1
1412698,9.835370483050312,9
1412731,8.862077415597849,33
1412741,9.57494980992073,10
1412754,9.732804288379858,13
1412762,9.853376864511294,8
1412772,9.779978202347548,10
1412779,9.874575460729552,7
1412785,9.911052841143018,6
1412800,9.578671802424962,15
1412819,9.627597943536,19
1412832,9.734608574328666,13
1412848,9.666570221278857,16
1412852,9.94992234581703,4
1412867,9.576339366485971,15
1412876,9.82699196833434,9
1412880,9.931609931145172,4
1412887,9.855650137912559,7
1412890,9.960110511849882,3
1412920,9.287908885638126,30
1412921,10.0,1
1412996,8.26612544638801,75
1413007,9.758264914204858,11
1413010,9.95710661557403,3
1413011,10.0,1
1413028,9.63323008357972,17
1413040,9.767331668310419,12
1413041,10.0,1
1413048,9.88050353181566,7
1413052,9.94327741306895,4
1413063,9.760550438846508,11
1413070,9.860485393758628,7
1413075,9.908935901684123,5
1413076,10.0,1
1413085,9.813412139764159,9
1413101,9.664292982953448,16
1413113,9.709938643166321,12
1413119,9.903498289612575,6
1413131,9.749100670515539,12
1413140,9.821563937664225,9
1413148,9.866924060428085,8
1413161,9.397213143386113,13
1413163,9.976161375495192,2
1413171,9.84750355799877,8
1413183,9.760525761767889,12
1413193,9.824066735753616,10
1413202,9.822146212236488,9
1413208,9.887146609729202,6
1413220,9.721765443283171,12
1413233,9.715094444769711,13
1413241,9.86685265602963,8
1413244,9.963690195047388,3
1413258,9.69586069711449,14
1413262,9.942768899399688,4
1413266,9.944521200987566,4
1413279,9.694911534704262,13
1413299,9.635526143828203,20
1413310,9.792235805130842,11
1413321,9.763919542230447,11
1413334,9.710804177559023,13
1413352,9.486135820989883,18
1413371,9.54901097686257,19
1413381,9.801784722802395,10
1413391,9.804652227672818,10
1413401,9.830208233576167,10
1413415,9.718632722789291,14
1413427,9.733879333121946,12
1413429,9.975594122874686,2
1413432,9.95377646253748,3
1413438,9.892273374285798,6
1413456,9.613940826547845,18
1413473,9.635902896908757,17
1413488,9.643000559372618,15
1413501,9.74057506969809,13
1413509,9.872253201595651,8
1413521,9.795856838479168,12
1413538,9.662309026511153,17
1413549,9.803666068445402,11
1413562,9.770572810907517,13
1413579,9.38483742074349,17
1413589,9.78221946626999,10
1413592,9.960071195055658,3
1413605,9.731280280390955,13
1413618,9.75007503283117,13
1413622,9.956823417233569,4
1413636,9.750524602845344,14
1413642,9.887734278941984,6
1413653,9.741534761701772,11
1413659,9.881132456311265,6
1413660,10.0,1
1413675,9.690908207136783,15
1413680,9.8993163854733,5
1413691,9.779227441421073,11
1413692,10.0,1
1413705,9.722297917119672,13
1413709,9.945896950140618,4
1413720,9.743538461361366,11
1413723,9.952969288881258,3
1413728,9.912194126507284,5
1413735,9.881685306751423,7
1413750,9.485185475987157,15
1413759,9.812717623290514,9
1413760,10.0,1
1413773,9.764745547952758,13
1413787,9.67506710245981,14
1413809,9.481704933181502,22
1413816,9.898181486604255,7
1413822,9.873853660856117,6
1413855,8.903448122608308,33
1413861,9.88278288032084,6
1413871,9.815053586210396,10
1413884,9.703165680138834,13
1413890,9.890891786846787,6
1413900,9.801640425846202,10
1413914,9.705691285060926,14
1413931,9.625268550951912,17
1413941,9.834328699433364,10
1413954,9.716223311642796,13
1413968,9.699761126770353,14
1413976,9.857655240876424,8
1413993,9.71978946335454,17
1414009,9.60984475530145,16
1414028,9.639013563268273,19
1414051,9.50307490151993,23
1414066,9.671459567599143,15
1414075,9.844157048044574,9
1414083,9.87611394779857,8
1414096,9.796812788315565,13
1414105,9.809286404784332,9
1414106,10.0,1
1414143,9.384755697044746,37
1414158,9.652852626373598,15
1414168,9.815998812407313,10
1414171,9.96101605359564,3
1414190,9.552772102146161,19
1414204,9.727904775270803,14
1414211,9.86626648830201,7
1414225,9.732081949076543,14
1414246,8.200117611087553,21
1414265,9.586770444961791,19
1414276,9.786099623531223,11
1414299,9.562378233150584,23
1414300,10.0,1
1414303,9.951141249643033,3
1414313,9.797900947114469,10
1414318,9.911038206071751,5
1414323,9.911618586982717,5
1414337,9.661996339844686,14
1414344,9.879633744105568,7
1414360,9.614745224883201,16
1414369,9.846285283360038,9
1414375,9.893182268711225,6
1414404,9.422879209527597,29
1414405,10.0,1
1414409,9.92707536232587,4
1414420,9.769240402158879,11
1414431,9.78262423237232,11
1414437,9.90004328565609,6
1414450,9.434792333787856,13
1414455,9.91382984673648,5
1414463,9.848986057690936,8
1414476,9.787538068800567,13
1414483,9.878862170146505,7
1414495,9.776964547944495,12
1414512,9.591134664235216,17
1414515,9.952024162879173,3
1414532,9.605338981932018,17
1414538,9.897027844648493,6
1414544,9.8938498727628,6
1414554,9.831067437008521,10
1414561,9.866613163100526,7
1414573,9.703139595006045,12
1414589,9.670910267164048,16
1414607,9.613224610215694,18
1414610,9.962909966721426,3
1414611,10.0,1
1414617,9.91392478079498,6
1414625,9.850459895852152,8
1414633,9.85552705471633,8
1414634,10.0,1
1414647,9.702148195189766,13
1414657,9.782452810120436,10
1414661,9.946723406278908,4
1414673,9.745864312441102,12
1414682,9.808145699704886,9
1414693,9.767855747469502,11
1414708,9.65951385498741,15
1414718,9.785215239495408,10
1414726,9.837925188752099,8
1414738,9.77002386110678,12
1414743,9.907949680428398,5
1414754,9.772732834295756,11
1414758,9.925796942594811,4
1414764,9.887827652557139,6
1414774,9.782271862086077,10
1414781,9.8778764044978,7
1414793,9.78500818462528,12
1414803,9.789185566665417,10
1414813,9.77657454001141,10
1414821,9.833823142779973,8
1414836,9.482786607214937,15
1414870,9.364529611165631,34
1414888,9.65811912050344,18
1414896,9.85675545361483,8
1414928,9.351286575392454,32
1414932,9.942567326975775,4
1414944,9.718675432333788,12
1414959,9.676810071810097,15
1414964,9.916599874227158,5
1414970,9.89521694645819,6
1414984,9.71748622091974,14
1414996,9.753189878204592,12
1414997,10.0,1
1415004,9.884731410346758,7
1415015,9.74572496301148,11
1415027,9.752225868911475,12
1415034,9.88639340593476,7
1415051,9.629920334471295,17
1415056,9.892843423802702,5
1415065,9.797879311687543,9
1415076,9.743729860004075,11
1415081,9.9142221393098,5
1415082,10.0,1
1415096,9.710860744498062,14
1415103,9.88407823268202,7
1415107,9.946386181485256,4
1415114,9.879981170360171,7
1415128,9.692967208943768,14
1415147,9.647788940572536,19
1415161,9.690173415337021,14
1415162,10.0,1
1415173,9.764552705433275,11
1415180,9.883419183399806,7
1415183,9.961984534382987,3
1415197,9.722908689880406,14
1415198,10.0,1
1415206,9.844806576103629,8
1415209,9.966246800226429,3
1415229,9.147844610726327,20
1415254,9.48374080639506,25
1415262,9.826852518804452,8
1415277,9.726141045280533,15
1415285,9.849554855626042,8
1415299,9.673243364442992,14
1415307,9.842647343762303,8
1415324,9.641978729157517,17
1415406,7.797128635742044,82
1415419,9.542200476230896,13
1415433,9.67482878228817,14
1415444,9.642615862105579,11
1415455,9.75421225142703,11
1415466,9.789696105093785,11
1415472,9.89922378188573,6
1415487,9.706599825701579,15
1415495,9.83895745490816,8
1415564,8.571170435074796,69
1415578,9.66944797532864,14
1415584,9.905776347675362,6
1415593,9.788921830845936,9
1415600,9.859563777842931,7
1415609,9.798575273613418,9
1415619,9.79171117954531,10
1415631,9.780267957360133,12
1415644,9.687408922585552,13
1415649,9.925376461127325,5
1415650,10.0,1
1415651,10.0,1
1415661,9.838904605303606,10
1415668,9.8662303663267,7
1415712,9.168395023607708,44
1415722,9.790602347657822,10
1415731,9.79883305248055,9
1415753,9.430106282710371,22
1415782,9.271967388046551,29
1415791,9.804742070933802,9
1415792,10.0,1
1415797,9.921892564645104,5
1415815,9.636471289782591,18
1415824,9.843364353138295,9
1415838,9.690743480842324,14
1415855,9.621901490611027,17
1415861,9.887415666549822,6
1415874,9.760908764979233,13
1415875,10.0,1
1415881,9.882296445715824,6
1415890,9.842324583551873,9
1415900,9.79863910425075,10
1415902,9.976019091498703,2
1415911,9.806008591416928,9
1415920,9.836652758278314,9
1415930,9.79639027989094,10
1415942,9.634167243288587,12
1415957,9.709217079316797,15
1415970,9.750914413755616,13
1415971,10.0,1
1415990,9.65196247344428,19
1415996,9.881652667426861,6
1416019,9.539786293100965,23
1416028,9.851027616142064,9
1416032,9.932147898301801,4
1416044,9.738798361957565,12
1416053,9.834359786601077,9
1416055,9.970456437994557,2
1416057,9.975459173952776,2
1416077,9.591461573164159,20
1416086,9.833063676874247,9
1416092,9.883115639926269,6
1416104,9.724765104305039,12
1416110,9.875559801388418,6
1416111,10.0,1
1416119,9.849127681760146,8
1416120,10.0,1
1416126,9.885844460952017,6
1416135,9.87245714676312,9
1416146,9.78117462417232,11
1416162,9.652582077723336,16
1416164,9.967415500143684,2
1416175,9.413832175873274,11
1416183,9.824215520302152,8
1416184,10.0,1
1416199,9.664780499202767,15
1416201,9.969747502438118,2
1416215,9.693501367523114,14
1416223,8.767590691455585,8
1416238,9.67015876595501,15
1416247,9.84357139918373,9
1416265,9.65000856236335,18
1416283,9.655933124437487,18
1416290,9.880901690571603,7
1416299,9.801924693625464,9
1416306,9.875065569253058,7
1416330,9.417882481160365,24
1416375,9.128805021660815,45
1416381,9.889829995408155,6
1416397,9.584845005884311,16
1416418,9.559579629136197,21
1416428,9.70344529762759,10
1416438,9.793284478759373,10
1416449,9.802069940929988,11
1416462,9.680656027261627,13
1416468,9.90431420165718,6
1416486,9.696008225401007,18
1416490,9.931917211226471,4
1416500,9.321035232364864,10
1416529,9.397995734889424,29
1416538,9.813700446808216,9
1416547,9.820998927809844,9
1416560,9.72870054832481,13
1416567,9.857750963256505,7
1416582,9.66818506612466,15
1416590,9.824769840570578,8
1416600,9.274745898540118,10
1416610,9.80589369710483,10
1416617,9.878270462879028,7
1416622,9.920345439370928,5
1416656,9.025743593414246,34
1416673,9.592808041966915,17
1416674,10.0,1
1416682,9.847811536859227,8
1416694,9.789417778936324,12
1416707,9.360132043058734,13
1416721,9.701367583560778,14
1416732,9.782919040406917,11
1416738,9.903839112047237,6
1416740,9.985798477044016,2
1416754,9.726288614266938,14
1416767,9.788583253892863,13
1416773,9.88476401716217,6
1416784,9.74988186328275,11
1416791,9.862580520076863,7
1416792,10.0,1
1416802,9.788272832143265,10
1416803,10.0,1
1416807,9.939395492950132,4
1416816,9.827803242149681,9
1416829,9.73637707554393,13
1416834,9.919182496892823,5
1416847,9.782848735394943,13
1416860,9.720728524242293,13
1416867,9.868607039875421,7
1416869,9.970775229546023,2
1416883,9.714710432527053,14
1416888,9.901240197473564,5
1416909,9.555005523112365,21
1416919,9.790142103510954,10
1416928,9.85502345446214,9
1416943,9.740542997138961,15
1416955,9.756376708618147,12
1416959,9.9366432628481,4
1416969,9.792791611462313,10
1416985,9.681810197378296,16
1416995,9.784874356910281,10
1417002,9.85182724994726,7
1417003,10.0,1
1417014,9.756119526172583,11
1417021,9.860412746703213,7
1417022,10.0,1
1417030,9.854977127861195,8
1417044,9.689536016328402,14
1417058,9.701723185694146,14
1417072,9.687530977972655,14
1417091,9.454182012527653,19
1417098,9.871263861389826,7
1417105,9.851372981495384,7
1417125,8.679423214315854,20
1417137,9.752947461027823,12
1417160,9.533109122295812,23
1417163,9.951062403118527,3
1417167,9.93969999456447,4
1417179,9.756474765876831,12
1417183,9.93470114791326,4
1417186,9.97137666378856,3
1417197,9.766246697033214,11
1417205,9.84676067843218,8
1417207,9.979411269033886,2
1417224,9.67050029148447,17
1417228,9.947915626962097,4
1417235,9.878750647040096,7
1417236,10.0,1
1417244,9.872699203065045,8
1417251,9.882408093689298,7
1417288,9.211043809726451,37
1417302,9.71605897350736,14
1417312,9.807977003621597,10
1417324,9.75528198583376,12
1417325,10.0,1
1417336,9.791953921679784,11
1417339,9.96368127146721,3
1417361,9.496731819861221,22
1417366,9.901144827863487,5
1417377,9.745429349591191,11
1417386,9.80448952092751,9
1417398,9.747695912394835,12
1417403,9.92184911736872,5
1417411,9.82324468608944,8
1417419,9.888690333960694,8
1417434,9.697650769930238,15
1417452,9.579247121326402,18
1417453,10.0,1
1417460,9.88401133918168,7
1417466,9.88888518178228,6
1417478,9.798522840886923,12
1417484,9.892823683864115,6
1417496,9.725115456225904,12
1417508,9.773868469540282,12
1417510,9.974099161040767,2
1417535,9.449524867231231,25
1417536,9.988987098723296,1
1417554,9.559445174168367,18
1417572,9.571077241278036,18
1417588,9.618692353793078,16
1417613,9.435112275935026,25
1417630,9.571029394054992,17
1417638,9.831361689359865,8
1417639,10.0,1
1417646,9.877205989388235,7
1417647,9.996590945536173,1
1417662,9.649624828053511,15
1417663,10.0,1
1417678,9.653346567158161,15
1417689,9.813952913659946,11
1417705,9.627751645160881,16
1417719,9.70630102348254,14
1417735,9.681017291938952,16
1417747,9.736124032747696,12
1417759,9.73552592930682,12
1417764,9.910565534386318,5
1417771,9.893535061947427,7
1417785,9.661756930901323,14
1417807,9.475467020887933,22
1417814,9.903014550025343,7
1417815,10.0,1
1417828,9.704668043068287,13
1417838,9.787950122464252,10
1417863,9.425926024117487,25
1417864,10.0,1
1417892,9.303444097411402,28
1417903,9.762899143336787,11
1417914,9.696605500053282,11
1417928,7.14090097344593,14
1417940,9.70888455551312,12
1417953,9.76542357473961,13
1417954,10.0,1
1417981,9.489991654952759,27
1417991,9.789720521507062,10
1418002,9.751769650327933,11
1418020,9.569930104794906,18
1418025,9.935508814116744,5
1418032,9.869442795801282,7
1418033,10.0,1
1418037,9.93462355074502,4
1418038,10.0,1
1418042,9.940372697068307,4
1418051,9.622824485979075,9
1418059,9.842354847080754,8
1418073,9.422142300588327,14
1418089,9.023431993400592,16
1418109,9.635893584704128,20
1418119,9.805789935348432,10
1418122,9.95887655759369,3
1418130,9.86016097751826,8
1418144,9.696882537656853,14
1418171,9.209771269187506,27
1418180,9.854784431874288,9
1418188,9.857285458142842,8
1418207,9.63961409887597,19
1418227,9.513916816138307,20
1418239,9.75138521515431,12
1418242,9.960863179543274,3
1418248,9.900653542343644,6
1418259,9.574641570467351,11
1418266,9.858225866985387,7
1418282,9.623832571539761,16
1418287,9.933193488843315,5
1418298,9.763478505552486,11
1418311,9.694726732403579,13
1418317,9.910534123100145,6
1418333,9.626547040855625,16
1418342,9.800695649430429,9
1418343,10.0,1
1418356,9.595474609478337,13
1418365,9.856677882495577,9
1418374,9.832052712587506,9
1418380,9.89628041248858,6
1418393,9.547938605170598,13
1418401,9.836179977181251,8
1418409,9.856136822045379,8
1418421,9.804270746647129,12
1418438,9.689033590526579,17
1418447,9.829277288885656,9
1418463,9.67618547053974,16
1418483,9.612184017111867,20
1418496,9.71527347483315,13
1418506,9.78462212696245,10
1418522,9.654615668232209,16
1418536,9.701550188301706,14
1418550,9.484572375874578,14
1418562,9.77360558778327,12
1418577,9.691506340130049,15
1418585,9.852608537937773,8
1418586,10.0,1
1418600,9.72318626555947,14
1418606,9.906244870356163,6
1418613,9.844533415931052,7
1418634,9.470934369378853,21
1418646,9.71699313559586,12
1418658,9.474722919095615,12
1418663,9.929148173892102,5
1418670,9.88764008300729,7
1418715,8.567983902017215,45
1418716,10.0,1
1418722,9.889303560376348,6
1418731,9.827718692285114,9
1418733,9.977269712185727,2
1418742,9.820393646626624,9
1418743,9.991857622598591,1
1418759,9.689124604623533,16
1418775,9.615762357455905,16
1418790,9.633899739007408,15
1418802,9.756542242412097,12
1418804,9.973796159728087,2
1418808,9.937322862823253,4
1418824,9.654180448043387,16
1418835,9.80548805199614,11
1418840,9.90116577619295,5
1418845,9.919218481572162,5
1418851,9.87762396160547,6
1418864,9.777610962075222,13
1418877,9.729543051803924,13
1418878,10.0,1
1418881,9.958295056027383,3
1418896,9.647798239781464,15
1418919,8.474566826400416,23
1418920,10.0,1
1418932,9.771088019978757,12
1418938,9.806211713905514,6
1418950,9.772185911403312,12
1418963,9.547737289805545,13
1418975,9.736485645549635,12
1418982,9.87951672980722,7
1418994,9.793238031654845,12
1419006,9.758980999230175,12
1419007,10.0,1
1419029,9.505831420764238,22
1419040,9.822127472758565,11
1419041,10.0,1
1419051,9.842986300459765,10
1419061,9.570687964988617,10
1419065,9.937836336633083,4
1419068,9.958721902622365,3
1419077,9.807992254712218,9
1419087,9.829932162393327,10
1419101,9.673035540127,14
1419124,9.414154895325082,23
1419132,9.86654509478039,8
1419137,9.927373015659114,5
1419142,9.921336829167576,5
1419148,9.898386858200432,6
1419157,9.832174467181643,9
1419180,9.546028715123597,23
1419191,9.798968371615093,11
1419192,10.0,1
1419200,9.85147669415044,8
1419204,9.947564433847647,4
1419215,9.764141823978344,11
1419248,9.275488074315437,33
1419253,9.897439085997837,5
1419272,9.631447770378747,19
1419281,9.835993822674675,9
1419290,9.828902600708066,9
1419300,9.794910492870315,10
1419303,9.967034823685292,3
1419312,9.793574843757062,9
1419373,8.569450692786992,61
1419374,10.0,1
1419389,9.692738283532309,15
1419393,9.928825889420121,4
1419397,9.939103258509359,4
1419406,9.830988520533422,9
1419415,9.807229609291877,9
1419419,9.946123165559138,4
1419425,9.892996333366138,6
1419435,9.652679093644634,10
1419443,9.863698910905715,8
1419454,9.756952322960784,11
1419467,9.717437306772482,13
1419486,9.67512030771369,19
1419492,9.918109034392774,6
1419493,10.0,1
1419507,9.675795793393636,14
1419509,9.972488778772064,2
1419521,9.743040875488003,12
1419528,9.876632022554253,7
1419536,9.873006219659919,8
1419548,9.7223815072283,12
1419566,9.581142007255298,18
1419578,9.751624642111167,12
1419589,9.750984724515527,11
1419590,10.0,1
1419591,9.996122175626988,1
1419605,9.66038340812924,14
1419612,9.686360706928786,7
1419682,8.049974943648671,70
1419683,10.0,1
1419693,9.804623987705046,10
1419702,9.80760883702625,9
1419718,9.688771045384344,16
1419730,9.77998040592026,12
1419747,9.594674270073297,17
1419749,9.585249604024234,2
1419762,9.7234472323257,13
1419772,9.79012070603394,10
1419788,9.617538920095994,16
1419801,9.72168671855161,13
1419815,9.67040282979148,14
1419830,9.644581249026475,15
1419843,9.712601660760537,13
1419844,10.0,1
1419846,9.973488011799272,2
1419863,9.643533059089632,17
1419876,9.726144486574924,13
1419883,9.89956758273655,7
1419890,9.867918019508323,7
1419902,9.746066949385085,12
1419912,9.793393144768462,10
1419924,9.740904886488961,12
1419930,9.902493365503656,6
1419941,9.75400436805398,11
1419956,9.681822403385565,15
1419969,9.739239421815137,13
1419977,9.876948313318822,8
1419978,9.996560158439907,1
1419984,9.914657000048049,6
1420003,9.603511294656702,19
1420011,9.859465294593292,8
1420042,9.354143492542441,31
1420055,9.715039310213655,13
1420061,9.9059367238744,6
1420078,9.647401873125412,17
1420088,9.801588234356942,10
1420102,9.730184273259878,14
1420112,9.783797905151502,10
1420128,9.637610287126275,16
1420132,9.936409389448835,4
1420141,9.815726497465826,9
1420145,9.927308526991723,4
1420156,9.783301746880133,11
1420170,9.720190878334595,14
1420171,9.991956098459877,1
1420184,9.722939575920917,13
1420197,9.703015203275053,13
1420206,9.816718907067559,9
1420223,9.642352481895507,17
1420224,10.0,1
1420233,9.80340799291281,9
1420242,9.810273339077483,9
1420246,9.937552914830254,4
1420255,9.812470485728381,9
1420263,9.819617707701763,8
1420286,9.39695463242217,23
1420299,9.736404546449926,13
1420300,10.0,1
1420316,9.66000387666243,16
1420324,9.745735104138753,8
1420335,9.769724218415085,11
1420348,9.7141471499045,13
1420349,10.0,1
1420359,9.811671258554831,10
1420365,9.884360115523505,6
1420366,10.0,1
1420394,9.381521393923885,28
1420417,9.5086309457366,23
1420427,9.808605962264448,10
1420446,9.634243831839388,19
1420465,9.306218085926043,19
1420484,9.646435766717959,19
1420489,9.904577378663685,5
1420502,9.720207669608993,13
1420515,9.716343875977396,13
1420529,9.67759244449458,14
1420536,9.864479246210236,7
1420560,9.389379571174066,24
1420570,9.783756317750683,10
1420577,9.90718078476536,7
1420585,9.85002432250707,8
1420612,9.506018790360896,27
1420621,9.85055694355347,9
1420636,9.698669049510142,15
1420643,9.881051457997753,7
1420649,9.885528166101144,6
1420673,9.48698579959221,24
1420681,9.850842623806145,8
1420686,9.905500576063968,5
1420703,9.407665205422104,17
1420714,9.815595570288798,11
1420715,10.0,1
1420735,9.597932123915452,20
1420744,9.810419251503683,9
1420754,9.81791448636132,10
1420772,9.588060468158213,18
1420792,9.492000073216024,20
1420802,9.800431094608337,10
1420807,9.916384900341576,5
1420914,7.8148061151461885,107
1420925,9.779344113977357,11
1420951,9.467674070174436,26
1420979,9.432040076382535,28
1420980,10.0,1
1420983,9.956371382217814,3
1420994,9.768806674927783,11
1421002,9.267388529846817,8
1421019,9.69959992692875,17
1421035,9.633898575260547,16
1421041,9.894680971170745,6
1421042,10.0,1
1421074,9.323992958323124,32
1421088,9.691185845522366,14
1421099,9.814341877849204,11
1421105,9.903474233346065,6
1421128,9.51819182546349,23
1421136,9.840920550207075,8
1421143,9.872346217667367,7
1421166,9.485833761494701,23
1421174,9.862343085162747,8
1421185,9.76753439631851,11
1421199,9.670236983500702,14
1421223,9.370508729497661,24
1421228,9.91260935281951,5
1421231,9.956877785545515,3
1421232,10.0,1
1421256,9.488135543064523,24
1421258,9.97563710075066,2
1421274,9.659080066023567,16
1421285,9.784363027476966,11
1421303,9.617938732014226,18
1421314,9.73720009780537,11
1421328,9.693837328480253,14
1421342,9.706778806360957,14
1421349,9.88244101308445,7
1421363,9.677078468416122,14
1421384,9.572113904933884,21
1421400,9.23789617601778,16
1421405,9.909403004566691,5
1421406,10.0,1
1421413,9.89649096608996,7
1421417,9.941096818587294,4
1421422,9.928483890382978,5
1421432,9.798229759263588,10
1421433,9.993175335831173,1
1421438,9.921542046130444,5
1421451,9.693059144019433,13
1421471,9.58855336534897,20
1421478,9.89422138109064,7
1421491,9.71872386580861,13
1421508,9.681439429458399,17
1421509,10.0,1
1421510,10.0,1
1421511,10.0,1
1421521,9.78651974422368,10
1421529,9.8447303653763,8
1421536,9.863980191364616,7
1421546,9.768245337707622,10
1421558,9.783331912324137,12
1421560,9.970535540446367,2
1421566,9.896365434123949,6
1421568,9.97926128561482,2
1421569,10.0,1
1421570,10.0,1
1421619,9.123819970027348,49
1421629,9.782069681851954,10
1421647,9.580186783910042,18
1421659,9.735461655358723,12
1421700,9.071420508631613,41
1421705,9.918643791250465,5
1421713,9.811952792805423,8
1421736,9.57721845254386,23
1421745,9.852934586978911,9
1421779,9.436587334451776,34
1421782,9.964301090887421,3
1421799,9.628155125270583,17
1421803,9.93561827712824,4
1421811,9.855849571102585,8
1421820,9.820961099600549,9
1421826,9.876908947830806,6
1421831,9.906045458180994,5
1421836,9.918311804102926,5
1421842,9.889539352012946,6
1421912,8.190626412405232,70
1421917,9.906590772182584,5
1421927,9.789534535641394,10
1421937,9.769049727908254,10
1421943,9.899761503941773,6
1421944,10.0,1
1421946,9.973405249473917,2
1421947,10.0,1
1421967,9.590680434840943,20
1421976,9.81113800106298,9
1421991,9.65913704941072,15
1422001,9.818514606310316,10
1422013,9.720318604481392,12
1422036,9.547829755070667,23
1422043,9.875654612506745,7
1422044,10.0,1
1422054,9.768091589137347,10
1422060,9.902533717545463,6
1422071,9.774670795406216,11
1422077,9.89972028564047,6
1422082,9.922812582352282,5
1422093,9.755979847634364,11
1422096,9.965144564793727,3
1422104,9.837609412600486,8
1422114,9.84394449342538,10
1422126,9.73468248878147,12
1422135,9.825352350250089,9
1422144,9.858906201781693,9
1422158,9.698536414220012,14
1422165,9.875649616311588,7
1422177,9.761224701788597,12
1422192,9.644091758575227,15
1422200,9.81872765166687,8
1422206,9.900129930069086,6
1422225,9.625593463279277,19
1422230,9.921187595112734,5
1422242,9.76276406606848,12
1422245,9.95866799239508,3
1422260,9.677795957250323,15
1422269,9.806907443655133,9
1422283,9.727085798881859,14
1422287,9.944257094001522,4
1422291,9.935940750034733,4
1422306,9.660599173272598,15
1422310,9.936124945257028,4
1422320,9.810006016715985,10
1422328,9.840686939489395,8
1422342,9.71731012268561,14
1422349,9.850156648535643,7
1422359,9.787368507620835,10
1422372,9.729885712431221,13
1422387,9.650235678267299,15
1422398,9.743254202511984,11
1422403,9.90865358040297,5
1422404,9.995775188462146,1
1422422,9.645644403284921,18
1422427,9.925924541946975,5
1422434,9.858931707379076,7
1422442,9.868883761316377,8
1422443,10.0,1
1422470,9.435275194936121,27
1422477,9.873826740376288,7
1422490,9.752495616976349,13
1422500,9.800966017072522,10
1422527,9.409207524260532,27
1422542,9.623698616788378,15
1422543,10.0,1
1422554,9.784592654171277,11
1422571,9.602602829209236,17
1422581,9.779229036875213,10
1422585,9.940797977040194,4
1422589,9.929318419111022,4
1422596,9.860366348557736,7
1422607,9.737785820587066,11
1422615,9.840275834940186,8
1422616,10.0,1
1422628,9.725156557002427,12
1422647,9.590955539627297,19
1422658,9.77184255037304,11
1422666,9.856508201053705,8
1422678,9.730651600491058,12
1422682,9.944613816247417,4
1422707,9.445711397714362,25
1422714,9.866064599152159,7
1422724,9.770961795618163,10
1422736,9.728648931175956,12
1422746,9.812529295386064,10
1422757,9.805502156964895,11
1422765,9.850762992055218,8
1422819,8.998546579940266,54
1422834,9.67685415826915,15
1422842,9.831135432116493,8
1422853,9.752044153699131,11
1422887,9.412707519187254,34
1422891,9.944726580473569,4
1422910,9.585654416782521,19
1422911,9.988024980126827,1
1422929,9.62860786071818,18
1422936,9.867896176522938,7
1422948,9.737324061867527,12
1422950,9.981243711060937,2
1422963,9.745133679410001,13
1422965,9.980695960296751,2
1422981,9.644989953030125,16
1422986,9.92411829552743,5
1422993,9.883791289439165,7
1422999,9.897376871780722,6
1423013,9.71011536072831,14
1423027,9.738136009750937,14
1423038,9.78423917342423,11
1423047,9.829428786167036,9
1423048,10.0,1
1423060,9.77516293109614,12
1423087,8.883885217325144,27
1423179,0.9588286958691157,92
1423207,9.276574013804602,28
1423211,9.932019333994894,4
1423215,9.922729597152628,4
1423226,9.738969451250032,11
1423240,9.702148979312089,14
1423257,9.65553054671783,17
1423266,9.811590390775947,9
1423272,9.897220768911408,6
1423286,9.70286966420161,14
1423287,10.0,1
1423294,9.882692246322868,7
1423298,9.937899090193158,4
1423316,9.618579075908922,18
1423317,10.0,1
1423326,9.844429846664852,9
1423335,9.833854229954014,9
1423354,9.556426571379006,19
1423372,9.691334094696435,18
1423387,9.715539728507968,15
1423403,9.66582531543588,16
1423410,9.883689672335626,7
1423418,9.850150072126244,8
1423419,10.0,1
1423425,9.889014631232412,6
1423443,9.617487925915896,18
1423455,9.730845994431144,12
1423468,9.759399510839012,13
1423488,9.605645961248912,20
1423497,9.831725159276315,9
1423505,9.83331929138115,8
1423517,9.75348616009065,12
1423522,9.926966268941658,5
1423556,9.283953184656704,34
1423559,9.763891922671828,3
1423577,9.593321886323334,18
1423585,9.826308242374298,8
1423586,10.0,1
1423606,9.523275421200955,20
1423616,9.806238041633623,10
1423626,9.77393098751394,10
1423642,9.627691606677882,16
1423645,9.969221329646272,3
1423657,9.745729110271416,12
1423669,9.600755053996146,12
1423682,9.746363252078005,13
1423683,10.0,1
1423694,9.783009909362887,11
1423704,9.791164658122174,10
1423712,9.821465884048155,8
1423729,9.59899027031682,17
1423732,9.966726028040267,3
1423738,9.894227743845695,6
1423743,9.927808187208976,5
1423807,8.71296689729751,64
1423814,9.78517428603275,7
1423824,9.79731604942929,10
1423830,9.901781592137834,6
1423831,10.0,1
1423846,9.728635297702377,15
1423860,9.707818620856402,14
1423873,9.721693527591048,13
1423877,9.928579505204862,4
1423894,9.657671536472638,17
1423898,9.926916347600333,4
1423913,9.693858962929571,15
1423927,9.670901716498951,14
1423937,9.788449256244126,10
1423942,9.91937641643425,5
1423948,9.88700363541498,6
1423951,9.96910614678081,3
1423957,9.896828608065054,6
1423965,9.858818180236451,8
1423975,9.799272792926196,10
1423981,9.888532012825449,6
1423982,10.0,1
1423987,9.926456854999213,5
1423999,9.761752179433302,12
1424010,9.750468321444199,11
1424017,9.885562186093363,7
1424030,9.712607652664405,13
1424040,9.812223915537558,10
1424049,9.844191532994456,9
1424050,9.996339838363841,1
1424062,9.676728889854873,12
1424066,9.934883971757186,4
1424078,9.759156948674867,12
1424096,9.626372210575862,18
1424112,9.654831981515514,16
1424117,9.9079302175613,5
1424120,9.965888147816822,3
1424121,10.0,1
1424123,9.97756558732455,2
1424130,9.840066587524584,7
1424139,9.85173349169126,9
1424149,9.790553894002166,10
1424159,9.790527146643035,10
1424171,9.76511849224326,12
1424187,9.645717018442593,16
1424217,6.9848629242693825,30
1424222,9.916800105568697,5
1424234,9.722171608433491,12
1424271,9.184760927441097,37
1424287,9.633686840399156,16
1424288,10.0,1
1424298,9.784796231145936,10
1424310,9.760100666464034,12
1424324,9.728947919328167,14
1424337,9.717456994423566,13
1424338,10.0,1
1424349,9.788733571332205,11
1424362,9.719636467993126,13
1424377,9.647289564680637,15
1424390,9.755272229526735,13
1424403,9.681148201251931,13
1424420,9.62549959570131,17
1424430,9.780645056483175,10
1424439,9.80811392985159,9
1424451,9.736593194103715,12
1424466,9.68272827658894,15
1424487,9.586994987108179,21
1424489,9.971181474207865,2
1424499,9.836037708030913,10
1424514,9.70991661020078,15
1424517,9.956013317987306,3
1424530,9.735191965228854,13
1424540,9.831199964848732,10
1424554,9.715127234324358,14
1424561,9.868116775833796,7
1424562,9.992362994279338,1
1424574,9.712505933999891,12
1424581,9.857789688521654,7
1424585,9.640967858424691,4
1424595,9.7854722365345,10
1424604,9.69297774613526,9
1424605,10.0,1
1424615,9.773304068917954,10
1424628,9.609710478839618,13
1424630,9.97237706629172,2
1424640,9.777761309999315,10
1424655,9.62444960444076,15
1424671,9.605530854617253,16
1424674,9.967920470634928,3
1424682,9.83807674875161,8
1424701,9.559074178158104,19
1424718,9.608563025771323,17
1424727,9.822692369734884,9
1424728,10.0,1
1424736,9.82309821281249,8
1424750,9.7000468008902,14
1424751,9.987780679298792,1
1424758,9.870557405573114,7
1424771,9.680936041008456,13
1424787,9.647151213808627,16
1424795,9.834506164695199,8
1424807,9.77657091280954,12
1424823,9.651642052529258,16
1424831,9.823144177513774,8
1424842,9.764313839721156,11
1424854,9.786939424173589,12
1424868,9.663309883287276,14
1424870,9.976809045274713,2
1424889,9.596371328204231,19
1424924,7.526699447651568,35
1424947,9.485975882909237,23
1424957,9.731368217221512,10
1424970,9.714891745248302,13
1424983,9.674498896068677,13
1425034,8.823511587902315,51
1425035,10.0,1
1425043,9.849951302419527,8
1425054,9.732642084830996,11
1425055,10.0,1
1425073,8.282151668502408,18
1425084,9.751633128507228,11
1425092,9.823424974436504,8
1425096,9.932923043954482,4
1425107,9.76122093789236,11
1425112,9.915664895755276,5
1425130,9.669873566672035,18
1425141,9.76579086174481,11
1425147,9.780658949149023,6
1425165,9.5362150400883,18
1425166,10.0,1
1425173,9.857050100303725,7
1425252,8.567167022940504,79
1425255,9.960421346933696,3
1425260,9.925351306708473,5
1425261,10.0,1
1425272,9.765262291695953,11
1425273,10.0,1
1425274,10.0,1
1425285,9.806306720412396,11
1425301,9.662172663499236,16
1425307,9.895282831681975,6
1425320,9.699198103869692,13
1425346,7.664428815987834,26
1425363,9.640017857842569,17
1425374,9.76101248689737,11
1425400,9.267725074945906,26
1425429,9.332001441785192,29
1425437,9.876977716426849,8
1425442,9.918428207911086,5
1425448,9.875520068868395,6
1425456,9.849695407076577,8
1425476,9.59041129503493,20
1425477,9.987655754366846,1
1425484,9.861069205320039,7
1425485,9.99166969783179,1
1425493,9.762292418751624,8
1425494,10.0,1
1425498,9.942106067697244,4
1425511,9.789178575148334,13
1425527,9.518667316522599,16
1425549,9.588954384639901,22
1425553,9.957520373609958,4
1425572,9.561296484869768,19
1425573,10.0,1
1425577,9.94587673245196,4
1425589,9.798443116247242,12
1425598,9.72346290404596,9
1425608,9.804428585538341,10
1425617,9.797878503819488,9
1425623,9.89504401291341,6
1425632,9.818864326959657,9
1425634,9.969348928754002,2
1425643,9.830760941047584,9
1425653,9.820364149433628,10
1425660,9.86274193601811,7
1425661,10.0,1
1425674,9.729653454672631,13
1425685,9.76099796892946,11
1425691,9.707412747253041,6
1425701,9.828901162272818,10
1425728,8.805594683372503,27
1425734,9.899487464866587,6
1425740,9.902444866236044,6
1425753,9.749774657647398,13
1425765,9.735287350553167,12
1425766,9.989305134060361,1
1425777,9.773083750763075,11
1425795,9.667019813176559,18
1425809,9.736996748943358,14
1425826,9.493767224332226,17
1425827,10.0,1
1425844,9.660887693467888,17
1425855,9.743295770157482,11
1425856,10.0,1
1425860,9.950603534164033,4
1425869,9.84782660796014,9
1425875,9.907784229827266,6
1425881,9.89591781591976,6
1425895,9.6829874300536,14
1425915,9.519256444856891,20
1425925,9.808323887047237,10
1425933,9.85009343418075,8
1425947,9.655187407261833,14
1425956,9.832560111403437,9
1425970,9.686986548443885,14
1425991,8.936829818409695,21
1426004,9.740286573189062,13
1426014,9.825860244977225,10
1426023,9.824520244929753,9
1426047,9.522943284331461,24
1426055,9.829196302051104,8
1426078,6.731555452421157,23
1426092,9.680457013595188,14
1426105,9.70777673682784,13
1426109,9.929642361709586,4
1426126,9.63148733896539,17
1426138,9.76258615629131,12
1426155,9.574988161062555,17
1426183,9.320285385678874,28
1426210,9.091680261210586,27
1426216,9.889722739239614,6
1426227,9.563441231072106,11
1426240,9.44059966385025,13
1426253,9.76023456731757,13
1426266,9.753029994019903,13
1426276,9.788703376248264,10
1426287,9.739149064226272,11
1426289,9.976319187055692,2
1426298,9.69503974312897,9
1426303,9.927878284382405,5
1426304,10.0,1
1426316,9.737362723477016,12
1426317,9.987951692115528,1
1426325,9.87304158590846,8
1426328,9.956150333202302,3
1426329,10.0,1
1426345,9.679895399772127,16
1426352,9.872082492976574,7
1426356,9.931504510688514,4
1426360,9.94378914609359,4
1426375,9.300086028364262,15
1426384,9.818577588090688,9
1426395,9.77181231831045,11
1426406,9.754683609220598,11
1426418,9.71931799023186,12
1426438,9.54322734289598,20
1426451,9.702519658367985,13
1426455,9.944579125646555,4
1426458,9.961189229849387,3
1426467,9.861154051177454,9
1426476,9.81639285634628,9
1426481,9.91163374829713,5
1426514,9.30736003052851,33
1426520,9.906217057949695,6
1426521,10.0,1
1426525,9.938814133748862,4
1426544,9.5318014735876,19
1426545,10.0,1
1426551,9.895681459448536,6
1426559,9.859359584266745,8
1426568,9.820387978518534,9
1426586,9.542594280564106,18
1426591,9.945317399808559,5
1426598,9.88908844798896,7
1426606,9.84969446452953,8
1426619,9.7477648132519,13
1426630,9.455007061887226,11
1426651,9.563702342698383,21
1426659,9.862915270731214,8
1426662,9.958680440211767,3
1426671,9.816537529967912,9
1426685,9.668073521191506,14
1426686,10.0,1
1426687,10.0,1
1426694,9.875219018452638,7
1426704,9.80358544472933,10
1426717,9.727699599150766,13
1426733,9.298964264504425,16
1426739,9.86702777468402,6
1426749,9.775866297139904,10
1426760,9.738508187976741,11
1426774,9.694311004543035,14
1426793,8.795864154114039,19
1426795,9.984377890703614,2
1426799,9.940551029375866,4
1426804,9.903066058417043,5
1426819,9.713710909440971,15
1426821,9.984217909142066,2
1426837,9.666668162975748,16
1426849,9.778750891626721,12
1426855,9.898629069625535,6
1426870,9.643874505084272,15
1426886,9.73363717044372,16
1426889,9.9457705143082,3
1426901,9.728332917940474,12
1426913,9.750857970531513,12
1426924,9.583003601728041,11
1426931,9.859622553970398,7
1426956,9.485713457963984,25
1426957,10.0,1
1426968,9.774909714964348,11
1426978,9.816539010562918,10
1426989,9.771177703720634,11
1426994,9.92776792703136,5
1427016,9.366250611765434,22
1427029,9.750335418194576,13
1427036,9.878360286744414,7
1427039,9.967415559437228,3
1427053,9.706210431467742,14
1427060,9.870679955039519,7
1427082,9.559640688958261,22
1427090,9.836710502502553,8
1427102,9.757129806418726,12
1427121,9.513334447731546,19
1427148,9.409274478188365,27
1427169,9.450910583752277,21
1427183,9.703668962347248,14
1427189,9.884048336362717,6
1427194,9.925273715743971,5
1427206,9.73517579193576,12
1427215,9.799184987522047,9
1427221,9.90643477154175,6
1427229,9.833735700473161,8
1427230,10.0,1
1427241,9.827869039709237,11
1427252,9.787265356763106,11
1427262,9.837397713301133,10
1427276,9.73268609457832,14
1427277,10.0,1
1427292,9.706996356368178,15
1427307,9.690400000135288,15
1427322,9.496824885139807,15
1427326,9.929725091928713,4
1427332,9.897928878958318,6
1427339,9.889180451715083,7
1427347,9.850226540154903,8
1427355,9.881335681567196,8
1427364,9.852943009467099,9
1427377,9.718671831104974,13
1427381,9.947139377943564,4
1427384,9.95224684657562,3
1427392,9.834601008552932,8
1427408,9.710736490703832,16
1427414,9.901113461153356,6
1427434,9.561594742297366,20
1427438,9.931314626738056,4
1427443,9.931827682605235,5
1427447,9.942304633479852,4
1427452,9.93465143834884,5
1427458,9.889830221971817,6
1427463,9.900365496052496,5
1427468,9.918617102120367,5
1427471,9.954131366484798,3
1427484,9.745139432756117,13
1427497,9.793555021596765,13
1427498,10.0,1
1427511,9.737319967265568,13
1427531,9.52842642655912,20
1427544,9.729276154011554,13
1427563,9.141081571618173,19
1427564,10.0,1
1427583,9.687482782163363,19
1427599,9.729160875495808,16
1427614,9.678163175199542,15
1427702,8.152852822935296,88
1427708,9.911058226020732,6
1427728,9.601683414100151,20
1427745,9.672340974019141,17
1427750,9.907567563931044,5
1427759,9.801667500964015,9
1427765,9.883757314005278,6
1427778,9.711097316057387,13
1427781,9.965864571007373,3
1427813,8.778081721517964,32
1427830,9.585930492231707,17
1427878,8.91903675172028,48
1427890,9.75147353734468,12
1427904,9.729036857529254,14
1427908,9.945752377293402,4
1427923,9.642843506758304,15
1427938,9.669507329733436,15
1427945,9.864312859785407,7
1427961,9.608896807719264,16
1427977,9.618383158571493,16
1427978,10.0,1
1427999,9.497377135185882,21
1428005,9.887293373154597,6
1428014,9.826326079699891,9
1428030,9.715087126404452,16
1428040,9.4902429223631,10
1428051,9.792282681089821,11
1428052,10.0,1
1428146,7.617772889645944,94
1428170,9.09283347667584,24
1428183,9.39885585296919,13
1428221,3.5557067677910323,38
1428234,9.726267796352644,13
1428246,9.754759839561226,12
1428254,9.850802216150091,8
1428257,9.953679658493824,3
1428268,9.73711420315941,11
1428285,9.644990101550908,17
1428289,9.944256006489823,4
1428294,9.911335337264955,5
1428300,9.912848108993206,6
1428312,9.643835253850444,12
1428394,8.356366615845669,82
1428401,9.870790149954193,7
1428416,9.727311470476183,15
1428428,9.734406339274669,12
1428440,9.805467154513737,12
1428452,9.730421443838816,12
1428457,9.932915324162506,5
1428470,9.726871003647615,13
1428491,9.4659838062989,21
1428501,9.800918054240409,10
1428502,10.0,1
1428508,9.893643817367638,6
1428527,9.551577504273254,19
1428540,9.755436354654773,13
1428547,9.865250034147996,7
1428570,9.49994648023786,23
1428591,9.601481927023734,21
1428606,9.584894985426097,15
1428646,7.675111309565285,40
1428654,9.847165732110474,8
1428666,9.757668900833169,12
1428676,9.794968053335298,10
1428699,9.467836609154906,23
1428711,9.5600397738512,12
1428712,9.996594367074609,1
1428720,9.847934990762242,8
1428738,9.61864020727414,18
1428756,9.674566690050817,18
1428764,9.849315125349754,8
1428777,9.766773369769698,13
1428785,9.844213784924014,8
1428788,9.968089265486624,3
1428801,9.76163915079257,13
1428813,9.728047905883738,12
1428821,9.833955392739382,8
1428824,9.953142345020133,3
1428831,9.855232648738124,7
1428846,9.687748248239663,15
1428851,9.921231283994011,5
1428855,9.942824905677279,4
1428866,9.762574177923689,11
1428874,9.849532485761118,8
1428881,9.865438646521575,7
1428888,9.890452966357126,7
1428889,10.0,1
1428904,9.48215580467286,15
1428912,9.836229770546362,8
1428924,9.726421876386505,12
1428925,10.0,1
1428927,9.983368534439713,2
1428942,9.629308458700566,15
1428955,9.733996806837231,13
1428969,9.733961850062741,14
1428980,9.78397558546564,11
1428996,9.624884451060636,16
1429002,9.888942404202698,6
1429014,9.788430027470406,12
1429015,10.0,1
1429026,9.759735294198219,11
1429027,10.0,1
1429028,10.0,1
1429040,9.755964080619096,12
1429042,9.984450613986949,2
1429049,9.857039373211846,7
1429063,9.683513877228663,14
1429071,9.818902127226485,8
1429090,9.642757803989674,19
1429091,10.0,1
1429107,9.633738278489918,16
1429120,9.750432519719709,13
1429127,9.867992725901827,7
1429133,9.873381253720598,6
1429147,9.734269795938543,14
1429158,9.7796503779061,11
1429170,9.721835539188273,12
1429187,9.639991462483186,17
1429251,8.904829869079336,64
1429264,9.751392802573402,13
1429265,10.0,1
1429268,9.958082579088973,3
1429282,9.745839767391958,14
1429292,9.812979705921835,10
1429294,9.872053370780653,2
1429309,9.61237995781068,15
1429325,9.633808700364217,16
1429327,9.97384194266968,2
1429344,9.612296943269975,17
1429359,9.646815057852518,15
1429364,9.914441946127624,5
1429376,9.739570735847721,12
1429395,9.545354088996993,19
1429401,9.90004447155897,6
1429414,9.75338788840708,13
1429421,9.882406078705362,7
1429442,9.476701685327601,21
1429443,10.0,1
1429453,9.795094090516121,10
1429460,9.763651263379744,7
1429471,9.799709257801606,11
1429477,9.911879310050791,6
1429482,9.927209918651105,5
1429483,9.996351465362558,1
1429487,9.931892199487434,4
1429510,9.431258587758215,23
1429527,9.643398604274285,17
1429530,9.95436106010001,3
1429540,9.79918602215473,10
1429548,9.856540403765488,8
1429563,9.677664037378525,15
1429570,9.656372147418782,7
1429579,9.84661266206489,9
1429599,9.577738781171476,20
1429611,9.76756194147978,12
1429622,9.76519510165433,11
1429634,9.718522927418833,12
1429650,9.69926288443387,16
1429668,9.499530015180019,18
1429686,9.582099269865632,18
1429697,9.767020947772448,11
1429699,9.782517271483563,2
1429700,10.0,1
1429718,9.511884855018845,18
1429729,9.767758456757818,11
1429736,9.87691772824511,7
1429739,9.959301795376167,3
1429744,9.913881034287144,5
1429745,10.0,1
1429756,9.763957408925021,11
1429766,9.789926686613079,10
1429775,9.813348089613953,9
1429790,9.70170694189281,15
1429807,9.581872052171919,17
1429823,9.661016308958862,16
1429831,9.8242519293256,8
1429856,9.138044382371307,25
1429868,9.74813197374929,12
1429885,9.614900376135369,17
1429893,9.863530356505581,8
1429908,9.616593331341603,15
1429919,9.767392468899759,11
1429920,10.0,1
1429930,9.787174023268832,10
1429934,9.932994182796559,4
1429946,9.749626169637168,12
1429956,9.811198479758897,10
1429970,9.728956668531445,14
1429997,9.361257421559584,27
1430005,9.879918109018755,8
1430023,9.557550887798492,18
1430031,9.833590782772971,8
1430048,8.861301363820413,17
1430067,9.482722877795439,19
1430082,9.72135116253111,15
1430096,9.68581967429666,14
1430097,10.0,1
1430106,9.804119771142211,9
1430122,9.591169277635789,16
1430126,9.924533346521484,4
1430129,9.971679854438701,3
1430138,9.84073021693531,9
1430139,10.0,1
1430152,9.392920254167791,13
1430165,9.765823653677257,13
1430170,9.918878532838164,5
1430190,9.55598468948062,20
1430206,9.645288753806998,16
1430225,8.831168932478612,19
1430238,9.7906821103744,13
1430250,9.751309852915886,12
1430264,9.669220205635941,14
1430270,9.907333823701167,6
1430277,9.88658896055158,7
1430280,9.95630112147325,3
1430287,9.849214191471798,7
1430302,9.670129762299112,15
1430320,9.593484131459734,18
1430329,9.792572556396143,9
1430338,9.821851941133952,9
1430355,9.59642593531282,17
1430367,9.78929701164464,12
1430378,9.790600097098423,11
1430396,9.63978707856072,18
1430399,9.968826909562083,3
1430414,9.683718242803081,15
1430422,9.865872813791078,8
1430436,9.663962422588988,14
1430448,9.73315453198641,12
1430450,9.972198809051163,2
1430451,9.988301544597544,1
1430459,9.849488839499166,8
1430460,10.0,1
1430468,9.861510737501984,8
1430477,9.818566747258343,9
1430492,9.70938005876509,15
1430506,9.693670165760388,14
1430522,9.659417093748294,16
1430525,9.970609328855288,3
1430539,9.699833127832495,14
1430552,9.744485613207864,13
1430561,9.811151224878111,9
1430576,9.672001046775668,15
1430591,9.600622925382892,15
1430594,9.952600157001973,3
1430606,9.798917300868684,12
1430622,9.61135123256817,16
1430631,9.839901590815668,9
1430654,9.459116698705778,23
1430662,9.835601062740317,8
1430674,9.737349618256141,12
1430690,9.705765941015219,16
1430701,9.756147829128377,11
1430705,9.936440430881543,4
1430711,9.871505988923968,6
1430719,9.86668203183923,8
1430726,9.87936805618262,7
1430731,9.925621553196109,5
1430743,9.733974481893995,12
1430758,9.664690727024626,15
1430760,9.96664657589415,2
1430769,9.713296314041681,9
1430786,9.67799356711525,17
1430787,10.0,1
1430806,9.533909573503006,19
1430821,9.651028162668362,15
1430834,9.706924348413496,13
1430844,9.789304581834713,10
1430851,9.65810788942589,7
1430862,9.737219062209485,11
1430875,9.735067173757619,13
1430878,9.962885262640105,3
1430910,2.7888792462127396,32
1430912,9.579592138088003,2
1430913,10.0,1
1430914,10.0,1
1430915,10.0,1
1430927,9.81672553898459,12
1430937,9.79160925498345,10
1430942,9.931770566590979,5
1430948,9.87988545390621,6
1430949,10.0,1
1430969,9.528592756230767,20
1430984,9.66556961634118,15
1430994,9.767251517706022,10
1431010,9.692929370758343,16
1431026,9.650547960742465,16
1431037,9.766239279850618,11
1431050,9.749018455083075,13
1431062,9.80677772664091,12
1431075,9.717440682944874,13
1431088,9.72118567514044,13
1431115,8.893345978254033,27
1431129,9.749501647842466,14
1431136,9.84671613707539,7
1431140,9.93667980563987,4
1431161,9.623967402060359,21
1431166,9.92063304608209,5
1431172,9.918994110197469,6
1431182,9.821763089264856,10
1431190,9.874062781253903,8
1431194,9.932516718150142,4
1431199,9.910995142546353,5
1431212,9.716083533168526,13
1431225,9.708123951031798,13
1431255,9.37459812492223,30
1431267,9.775190153962365,12
1431281,9.720659111840224,14
1431297,9.641181029125224,16
1431298,10.0,1
1431306,9.771518907849515,8
1431332,9.482558949978975,26
1431334,9.967760679405147,2
1431343,9.832100660388608,9
1431345,9.984463540552728,2
1431353,9.860134985314918,8
1431360,9.367592153795533,7
1431367,9.867955159026604,7
1431371,9.93100920228125,4
1431375,9.920025181035303,4
1431383,9.826079485115546,8
1431404,9.485327434062865,21
1431425,9.513709944406978,21
1431436,9.767916542799535,11
1431437,10.0,1
1431460,9.328445901448264,23
1431475,9.685649332299072,15
1431486,9.803777967174018,11
1431498,9.771508212295915,12
1431510,9.744772518394669,12
1431522,9.737778575984247,12
1431530,9.838850918745921,8
1431547,9.635578384173714,17
1431580,9.102530280912992,33
1431590,9.794872586729284,10
1431592,9.97422803719684,2
1431605,9.701098758199281,13
1431615,9.798127960118661,10
1431621,9.886157201500861,6
1431625,9.936837661270001,4
1431637,9.714932957386733,12
1431650,9.771945988816881,13
1431664,9.703850296324381,14
1431681,9.63792227663377,17
1431701,9.583235610874972,20
1431712,9.81861411536317,11
1431726,9.714200377735457,14
1431736,9.802006307386291,10
1431745,9.855960170793303,9
1431756,9.777607461761644,11
1431765,9.830611813396523,9
1431773,9.838195704118105,8
1431785,9.779412373394132,12
1431794,9.848810630369861,9
1431805,9.791853681183103,11
1431817,9.760861944096186,12
1431830,9.699017843037197,13
1431843,9.699651212247991,13
1431850,9.884869653628648,7
1431872,9.307673534615411,22
1431877,9.924001735434082,5
1431886,9.821260936242263,9
1431893,9.860706722950878,7
1431904,9.82778712906833,11
1431905,10.0,1
1431915,9.774074739224773,10
1431925,9.812392288277072,10
1431926,10.0,1
1431937,9.778528962887918,11
1431947,9.79241519204029,10
1431957,9.782890153152202,10
1431980,9.444443846331875,23
1431993,9.718373097625616,13
1431997,9.933479496306424,4
1432009,9.717606868779212,12
1432010,10.0,1
1432027,9.541365037681668,17
1432039,9.463189947217387,12
1432052,9.72843874205972,13
1432065,9.717715027074485,13
1432066,10.0,1
1432085,9.58224204951036,19
1432087,9.970158924193054,2
1432088,10.0,1
1432090,9.980553960856527,2
1432107,9.62384248623671,17
1432115,9.835515776960053,8
1432121,9.885775158948183,6
1432128,9.874922488864161,7
1432129,10.0,1
1432147,9.45684977523982,18
1432148,10.0,1
1432159,9.780704547420843,11
1432170,9.793011923871282,11
1432189,9.532961489565915,19
1432192,9.966502483367986,3
1432203,9.78068801166352,11
1432210,9.870978382327214,7
1432230,9.683313865341134,20
1432237,9.884876735099764,7
1432252,9.658593310827525,15
1432253,10.0,1
1432269,9.706314486435152,16
1432274,9.898981793310059,5
1432281,9.845812159250682,7
1432298,9.565081287996597,17
1432299,9.992265289856872,1
1432305,9.886000257228623,6
1432306,9.988029245537227,1
1432311,9.927363736636396,5
1432329,8.881019117737246,18
1432355,9.48033992830436,26
1432362,9.848220846142205,7
1432384,9.550745048974393,22
1432392,9.851284956761766,8
1432401,9.831427214123853,9
1432402,10.0,1
1432411,9.829058344363332,9
1432412,10.0,1
1432421,9.80676506778125,9
1432428,9.863697131227344,7
1432429,10.0,1
1432441,9.718998415747173,12
1432443,9.966785226332851,2
1432452,9.807823502168182,9
1432465,9.70558196572762,13
1432514,8.962159279231726,49
1432528,9.700853093882662,14
1432538,9.807174085441579,10
1432541,9.967415206448774,3
1432548,9.866637924708714,7
1432550,9.975903673827023,2
1432572,9.49662426869453,22
1432573,10.0,1
1432581,9.858775053697602,8
1432587,9.911070019012781,6
1432600,9.730283460910348,13
1432624,9.480374301196642,24
1432625,10.0,1
1432639,9.725381782233839,14
1432646,9.89253433264849,7
1432654,9.825350054785343,8
1432662,9.844406892058553,8
1432678,9.525257376951346,16
1432684,9.875472870082236,6
1432693,9.83527700572365,9
1432703,9.796938527596135,10
1432715,9.746917164983795,12
1432716,9.987979234665817,1
1432717,9.991493016697103,1
1432733,9.651968954714507,16
1432750,9.599624856670133,17
1432777,2.807968183636304,27
1432785,9.847027910196442,8
1432796,9.792214655799704,11
1432809,9.719247011443327,13
1432821,9.759186697602235,12
1432825,9.923260112658587,4
1432851,8.195778604947742,26
1432856,9.917562347927769,5
1432869,9.730411186815795,13
1432876,9.879602815050024,7
1432889,9.755789340240904,13
1432897,9.85467620294297,8
1432909,9.780511106032538,12
1432915,9.886325386418553,6
1432924,9.836717236840672,9
1432937,9.732180666167139,13
1432944,9.663989307935974,7
1432946,9.986289879926883,2
1432952,9.907669130292767,6
1432963,9.796966418397348,11
1432972,9.811834932796996,9
1432987,9.66547809749488,15
1432991,9.93612544462368,4
1433008,9.611556416541953,17
1433024,9.691826455737667,16
1433025,10.0,1
1433043,9.514806207905101,18
1433051,9.8241502270571,8
1433068,9.650973870333914,17
1433081,9.698258570267221,13
1433092,9.767508189804147,11
1433104,9.729459542758725,12
1433119,9.465101967719628,15
1433132,9.692729277394312,13
1433138,9.915803466701668,6
1433153,9.646779763791617,15
1433154,10.0,1
1433160,9.90509358970556,6
1433170,9.827107814611473,10
1433180,9.811603662672598,10
1433191,9.77548593263111,11
1433202,9.798532702037633,11
1433220,9.672496293790152,18
1433229,9.823506173499478,9
1433230,10.0,1
1433231,9.98936944785023,1
1433243,9.55638412065679,12
1433254,9.800028964994825,11
1433260,9.904978550423941,6
1433271,9.7952736321145,11
1433273,9.97727919618533,2
1433288,9.737653895681397,15
1433289,10.0,1
1433298,9.83439915284787,9
1433308,9.798178876344922,10
1433316,9.852064765724855,8
1433321,9.925746294739241,5
1433322,10.0,1
1433333,9.766013738886523,11
1433353,9.530470648411917,20
1433367,9.764180041315772,14
1433382,9.669358187678284,15
1433383,10.0,1
1433388,9.940356308639709,5
1433392,9.94085698384323,4
1433401,9.822816488296354,9
1433416,9.679972725776178,15
1433422,9.903594419126582,6
1433442,9.590225407213,20
1433471,9.313182892563656,29
1433480,9.832640419463342,9
1433490,9.722669120971968,10
1433504,9.706433481231342,14
1433512,9.852420037738348,8
1433526,9.722975317233843,14
1433541,9.737782261380465,15
1433542,10.0,1
1433577,9.249633121612725,35
1433589,9.76943092903806,12
1433592,9.959850485440736,3
1433594,9.982225372217044,2
1433601,9.872534610706026,7
1433609,9.816465243915477,8
1433632,9.49376123380403,23
1433671,9.185996774056266,39
1433684,9.69243160278844,13
1433704,9.577423335742978,20
1433720,9.695725872017004,16
1433729,9.822220129925924,9
1433736,9.882030879752948,7
1433749,9.694790729963728,13
1433761,9.745118914346824,12
1433777,7.445856989845116,16
1433781,9.948223804334427,4
1433794,9.731326840479031,13
1433802,9.870811647916431,8
1433809,9.87377336183354,7
1433817,9.849002076677296,8
1433818,10.0,1
1433827,9.823694853327792,9
1433838,9.795199045720521,11
1433841,9.954509257854275,3
1433846,9.918518675553644,5
1433864,9.578943891065759,18
1433874,9.801481934002277,10
1433877,9.96784487848587,3
1433891,9.733755076978468,14
1433911,9.529771956155002,20
1433917,9.875414853456242,6
1433925,9.856032948967115,8
1433934,9.825289079846664,9
1433943,9.82786070742035,9
1433948,9.817411354799038,5
1433954,9.882819862347134,6
1433961,9.860422337927114,7
1433968,9.876792083142574,7
1433972,9.93921103878956,4
1433981,9.873960468443485,9
1434007,9.359931305590331,26
1434009,9.974321720957944,2
1434012,9.963489412042914,3
1434013,9.99601146577884,1
1434034,9.57883886706557,21
1434047,9.715379071482884,13
1434053,9.903436801348205,6
1434060,9.856256719611373,7
1434092,9.312537473193968,32
1434093,9.996263124203258,1
1434102,9.85884720255753,9
1434103,10.0,1
1434117,9.702713188050721,14
1434140,9.523436183155189,23
1434141,10.0,1
1434195,8.813516218296964,54
1434209,9.70272613463518,14
1434226,9.617129942806471,17
1434233,9.883901918983058,7
1434247,9.673680944560248,14
1434252,9.931098471855888,5
1434276,9.036864891638317,24
1434293,9.611258712042796,17
1434309,9.635415108429907,16
1434322,9.710246321883599,13
1434323,10.0,1
1434353,9.482750144347213,30
1434367,9.724623709668315,14
1434384,9.616149175766987,17
1434397,9.780746292256483,13
1434404,9.877896461475466,7
1434421,9.659355794849773,17
1434422,10.0,1
1434436,9.688371114982301,14
1434458,9.58040147834726,22
1434471,9.720153684490391,13
1434487,9.688080824553767,16
1434488,10.0,1
1434501,9.714039555145382,13
1434502,9.996554572933594,1
1434509,9.873125293846742,7
1434513,9.937015727176243,4
1434520,9.877108326620622,7
1434533,9.713807003963277,13
1434535,9.971319583781433,2
1434536,10.0,1
1434549,9.599654401892735,13
1434563,9.696661919633188,14
1434580,9.582074009792553,17
1434589,9.810344909550308,9
1434600,9.756295155901102,11
1434612,9.743044871076767,12
1434623,9.730786387777432,11
1434633,9.796998559807545,10
1434638,9.909163896316363,5
1434645,9.857921561446092,7
1434652,9.86750842623712,7
1434669,9.625069171747485,17
1434678,9.841816165223811,9
1434682,9.952246099064773,4
1434684,9.972597964413575,2
1434687,9.967250333478635,3
1434696,9.795115592467432,9
1434716,9.550398632708612,20
1434719,9.960692798484171,3
1434723,9.934760794076023,4
1434731,9.819463056183103,8
1434742,9.764190353341048,11
1434756,9.704957499164998,14
1434763,9.869017751139575,7
1434772,9.840749316673962,9
1434773,9.996801944083325,1
1434779,9.906661328825852,6
1434799,9.63447283584994,20
1434805,9.876243354325107,6
1434822,9.626777953366227,17
1434829,9.686146739932846,7
1434830,10.0,1
1434845,9.700962399216321,15
1434857,9.757678437733848,12
1434870,9.755062951643573,13
1434881,9.781673191405808,11
1434898,9.69153605515877,17
1434906,9.836574085164708,8
1434925,9.60694530487585,19
1434940,9.649249879760761,15
1434952,9.758595562719831,12
1434962,9.83356587492999,10
1434971,9.84602079684987,9
1434984,9.720976340550292,13
1434989,9.92577052433319,5
1435002,9.735130713476154,13
1435020,9.605053359026316,18
1435022,9.984197879410887,2
1435023,9.993335586405436,1
1435028,9.909987133616376,5
1435048,7.279407791615575,20
1435056,9.837975992134147,8
1435057,10.0,1
1435066,9.819376853992708,9
1435079,9.715449553711888,13
1435091,9.770013869831715,12
1435103,9.73620690811803,12
1435116,9.703816935143573,13
1435130,9.733381562079096,14
1435138,9.846906481042963,8
1435155,9.617488872074226,17
1435165,9.809529462621452,10
1435173,9.844725001955446,8
1435188,9.72557202304658,15
1435203,9.733522629387092,15
1435223,9.44524907330371,20
1435235,9.734088791684089,12
1435248,9.689846382372025,13
1435252,9.945917856137381,4
1435274,4.631251230469096,22
1435276,9.972458757563803,2
1435286,9.828901413060313,10
1435290,9.935589376911741,4
1435291,10.0,1
1435307,9.665930168876129,16
1435314,9.871016514712078,7
1435318,9.949135768298321,4
1435324,9.882907367385517,6
1435337,9.735060734050743,13
1435354,9.630484968143987,17
1435365,9.769295006168566,11
1435373,9.83691324465025,8
1435375,9.980181573383831,2
1435376,9.996629357176348,1
1435390,9.666838584858878,14
1435404,9.69649139282468,14
1435407,9.952684656898587,3
1435410,9.966212163447214,3
1435428,9.667918057584426,18
1435448,9.537874729964583,20
1435468,9.666857726738083,20
1435475,9.878323934894777,7
1435483,9.839635574290229,8
1435495,9.74148621543399,12
1435496,10.0,1
1435508,9.742620764546077,12
1435521,9.750258279810952,13
1435529,9.854578558020963,8
1435546,9.603395268712385,17
1435551,9.916462656934874,5
1435562,9.770792458472636,11
1435564,9.977073484505672,2
1435570,9.918139838011497,6
1435577,9.895651905123293,7
1435591,9.735256921205528,14
1435598,9.885365342001828,7
1435599,10.0,1
1435612,9.716270004971411,13
1435627,9.68309868699068,15
1435640,9.795930593902362,13
1435648,9.84905305505253,8
1435675,9.502601976412413,27
1435683,9.847831053835458,8
1435691,9.869481736761966,8
1435699,9.841295557378212,8
1435716,9.572564399454548,17
1435725,9.827552774564127,9
1435727,9.978033857118163,2
1435753,8.958165415226338,26
1435762,9.837215719220342,9
1435771,9.82296007836676,9
1435784,9.686709380181002,13
1435785,10.0,1
1435786,9.996184042636278,1
1435791,9.918035315233823,5
1435793,9.98425587967423,2
1435798,9.922129010919129,5
1435806,9.836771141785588,8
1435810,9.94417523366388,4
1435823,9.723776308000918,13
1435842,9.5660058713386,19
1435852,9.519947066169316,10
1435857,9.91978222518003,5
1435865,9.838885097656851,8
1435876,9.784468468612872,11
1435881,9.917004020549497,5
1435888,9.864708075170338,7
1435911,7.83681476970523,23
1435917,9.90455853325545,6
1435937,9.542972885935267,20
1435941,9.946734534921674,4
1435955,9.692485049039279,14
1435956,10.0,1
1435972,9.670271280111287,16
1435992,9.47524808777634,20
1435996,9.941681776975875,4
1435997,10.0,1
1436006,9.612358313619055,9
1436020,9.687541381887531,14
1436029,9.816247977745025,9
1436038,9.807588971803533,9
1436039,9.992283023581683,1
1436040,10.0,1
1436052,9.798990439722244,12
1436063,9.744356815229484,11
1436076,9.750153953519254,13
1436082,9.908092808566975,6
1436093,9.760435438983347,11
1436101,9.847256964203691,8
1436115,9.728973714978853,14
1436124,9.833620607836156,9
1436139,9.64065642858045,15
1436151,9.724195012766081,12
1436155,9.941548739808129,4
1436172,9.576395301432624,17
1436190,9.701550606950208,18
1436208,9.683461451048574,18
1436218,9.810442810644185,10
1436227,9.82070394794783,9
1436228,10.0,1
1436238,9.812300315813962,10
1436245,9.858461169984936,7
1436249,9.936247776848099,4
1436260,9.784230007032182,11
1436271,9.673087159195186,11
1436283,9.784036961255378,12
1436286,9.956141072064279,3
1436295,9.80519767975127,9
1436302,9.869529289352572,7
1436353,8.997966280802068,51
1436373,9.305495396411525,20
1436388,9.658106490869702,15
1436412,9.423562635152877,24
1436417,9.931355854691846,5
1436434,9.68987410168202,17
1436435,10.0,1
1436477,9.154677476787368,42
1436489,9.77826112531887,12
1436493,9.942302186358315,4
1436516,9.531655785882243,23
1436550,9.201994474856065,34
1436561,9.765999441019513,11
1436571,9.841431149344636,10
1436582,9.791290110557167,11
1436599,9.6901642428044,17
1436609,9.809805198789428,10
1436626,9.621284829042704,17
1436647,9.62736997090315,21
1436653,9.913615217792724,6
1436667,9.713471365638568,14
1436670,9.956958595650601,3
1436690,9.58729104587954,20
1436696,9.882172926464339,6
1436707,9.786252649641186,11
1436716,9.848327811539772,9
1436729,9.734122683267193,13
1436741,9.776850316147456,12
1436742,10.0,1
1436747,9.920340100353538,5
1436761,9.709808977428757,14
1436773,9.775402982231785,12
1436785,9.743739698478663,12
1436795,9.822109874185246,10
1436806,9.807042297243795,11
1436818,9.745737283110916,12
1436841,9.567686525227641,23
1436845,9.953728796169766,4
1436861,9.736302405449504,16
1436872,9.816501740703897,11
1436887,9.68503231818807,15
1436899,9.79629871535911,12
1436911,9.750915684908023,12
1436923,9.769589426634207,12
1436937,9.759324199951877,14
1436943,9.892787491543352,6
1436944,10.0,1
1436958,9.687971629441797,14
1436959,10.0,1
1436967,9.844256489288977,8
1436968,10.0,1
1436974,9.874289651134637,6
1436978,9.933564478369819,4
1436990,9.741800489961548,12
1437004,9.709920077155394,14
1437009,9.920554320813809,5
1437018,9.833609676964162,9
1437025,9.870067818707046,7
1437047,7.295988166737289,22
1437059,9.746672499851954,12
1437068,9.806083104973602,9
1437086,9.57192597542776,18
1437100,9.711922229798708,14
1437111,9.741880666374497,11
1437122,9.750088505239695,11
1437135,9.714650751645308,13
1437140,9.92157501290072,5
1437152,9.376209842516534,12
1437169,9.271975119258038,17
1437171,9.97090695161603,2
1437172,10.0,1
1437179,9.869767592083074,7
1437188,9.618277070231631,9
1437190,9.973342793013456,2
1437193,9.97078940844749,3
1437205,9.754119571285438,12
1437217,9.73231687741982,12
1437230,9.735951934546241,13
1437245,9.5805644228368,15
1437249,9.956163019907049,4
1437259,9.807475528652153,10
1437269,9.81330872351758,10
1437285,9.495454461034374,16
1437301,9.440710420271296,16
1437304,9.949176572029357,3
1437317,9.738431905148875,13
1437324,9.875086665538946,7
1437335,9.785582584947237,11
1437336,10.0,1
1437346,9.788987018189834,10
1437347,9.993402429326204,1
1437376,9.441133860382145,29
1437402,9.498825686203121,26
1437411,9.867479652346777,9
1437425,9.697579968476482,14
1437450,9.2269932817788,25
1437517,8.560730608247098,67
1437534,9.653578623179822,17
1437556,9.655397261124648,22
1437574,9.668318403771295,18
1437590,9.731266420352345,16
1438090,-39.841756466191946,500
1438134,9.133684172690918,44
1438152,9.642754886459507,18
1438652,-36.567007580524404,500
1438662,9.783156455512742,10
1438666,9.948016301306977,4
1439166,-85.39466977575121,500
1439666,-29.12230913117012,500
1440166,-115.69425311413191,500
1440666,-108.32916295238331,500
1440668,9.979433814207276,2
1440679,9.77022497300047,11
1440694,9.666370846220879,15
1440695,10.0,1
1440700,9.918322456733014,5
1440784,7.637729654356762,84
1440795,9.832844294062001,11
1440806,9.777286892179308,11
1440828,9.337409653776737,22
1440833,9.927323217157959,5
1440846,9.709075874057119,13
1440847,10.0,1
1440863,9.666499751936144,16
1440878,9.509676755139752,15
1440879,10.0,1
1440890,9.730161973259015,11
1440896,9.898735492527111,6
1440908,9.779891078483894,12
1440920,9.734643755135,12
1440931,9.783737617488084,11
1440943,9.764531945803538,12
1440957,9.721977196575091,14
1440976,9.425093208469097,19
1440985,9.802049117821648,9
1440995,9.838229881451236,10
1441004,9.835381340031407,9
1441019,9.339309330988254,15
1441033,9.759841707459536,14
1441042,9.829620977113102,9
1441056,9.684532667427382,14
1441064,9.881615591036885,8
1441073,9.800880198371791,9
1441080,9.864085444677173,7
1441085,9.910716780175427,5
1441100,9.653357455354229,15
1441113,9.748353813103645,13
1441129,9.620414777999176,16
1441135,9.901973914063,6
1441147,9.781368671715976,12
1441169,9.369704227750704,22
1441181,9.75636601516333,12
1441186,9.929572998331757,5
1441203,9.652787010539106,17
1441211,9.855567957669388,8
1441217,9.891254366390235,6
1441223,9.892466778791496,6
1441229,9.898112369099048,6
1441251,9.49506003925782,22
1441270,9.641662591836695,19
1441279,9.844377333310623,9
1441287,9.823862416172615,8
1441288,10.0,1
1441289,10.0,1
1441292,9.962571465931452,3
1441316,9.521890244402325,24
1441330,9.711650364986568,14
1441336,9.898564062075009,6
1441343,9.887298717408468,7
1441347,9.937799051302749,4
1441354,9.886567221953944,7
1441365,9.772664030273415,11
1441366,9.987489246839571,1
1441391,7.983619123978034,25
1441405,9.75716450764599,14
1441417,9.744676745834418,12
1441433,9.647124468994715,16
1441438,9.918910815959277,5
1441454,9.61692948397269,16
1441468,9.701771208448411,14
1441476,9.843663209809582,8
1441479,9.965768717420795,3
1441501,9.57392852321998,22
1441518,9.643923863375091,17
1441534,9.64573105834745,16
1441535,9.996069917242302,1
1441548,9.717931621695778,13
1441556,9.82186402000259,8
1441559,9.958767705872182,3
1441577,9.640615964729792,18
1441589,9.78871044871189,12
1441605,9.649726617090822,16
1441617,9.73717166345298,12
1441628,9.80495607083413,11
1441646,9.607295390768265,18
1441679,8.810762525724652,33
1441680,10.0,1
1441688,9.846193681536619,8
1441728,1.106673140085407,40
1441739,9.793338375587934,11
1441757,9.648201355878305,18
1441768,9.761215060369876,11
1441772,9.945546807476665,4
1441790,9.147637908517417,18
1441799,9.823662169047847,9
1441817,9.033254250566852,18
1441829,9.76488275635396,12
1441842,9.767455983967205,13
1441848,9.875906448075783,6
1441849,9.989743055917573,1
1441852,9.948961977924661,3
1441858,9.909819838260235,6
1441866,9.659555776113834,8
1441874,9.871577259936311,8
1441901,9.219140791359182,27
1441910,9.808601533615759,9
1441915,9.926221030278368,5
1441916,10.0,1
1441923,9.878248017323848,7
1441932,9.825185109973107,9
1441934,9.98561717745294,2
1441935,10.0,1
1441946,9.769858582069263,11
1441958,9.76503667949306,12
1442003,-1.944872201850794,45
1442018,9.657338645187142,15
1442022,9.93761210244081,4
1442036,9.675485276437636,14
1442054,9.630835045297939,18
1442074,9.57275032431875,20
1442085,9.786413632392831,11
1442096,9.796128024095946,11
1442103,9.889070241014466,7
1442127,8.520760428079052,24
1442136,9.842897381020059,9
1442150,9.70135187804194,14
1442159,9.830624323018654,9
1442175,9.642498418031273,16
1442182,9.868950174666303,7
1442203,9.457268244108999,21
1442218,9.668608021822985,15
1442226,9.875844748830962,8
1442230,9.949544890182965,4
1442233,9.9517354460341,3
1442238,9.914766781585614,5
1442243,9.91184394857347,5
1442244,10.0,1
1442252,9.847051340154641,8
1442256,9.94117195091182,4
1442257,10.0,1
1442261,9.935006752148187,4
1442290,9.333350658445992,29
1442301,9.801182018773089,11
1442305,9.958212012311819,4
1442318,9.720031001374181,13
1442321,9.969944338865048,3
1442338,9.609589111848972,17
1442349,9.782447836983968,11
1442356,9.872657277335147,7
1442367,8.90963427362079,11
1442381,9.687470830393426,14
1442382,10.0,1
1442392,9.795266021035696,10
1442396,9.954605919431346,4
1442397,10.0,1
1442408,9.783319477644907,11
1442416,9.833178322937606,8
1442422,9.894275050962865,6
1442430,9.880586765431083,8
1442438,9.828530079277876,8
1442460,9.51473981919869,22
1442475,9.649281342702919,15
1442486,9.762916800422703,11
1442493,9.866760681691673,7
1442496,9.965269712304451,3
1442516,9.665231383941004,20
1442523,9.866047561365868,7
1442544,9.569177669351978,21
1442548,9.943659896520087,4
1442562,9.708157873865902,14
1442563,10.0,1
1442572,9.830740059137131,9
1442580,9.856181674589463,8
1442597,9.599392496714364,17
1442604,9.871360814188861,7
1442607,9.96019394675469,3
1442618,9.788223021135867,11
1442627,9.810694357066511,9
1442638,9.759355801591422,11
1442649,9.757735979961867,11
1442668,9.51832837135966,19
1442670,9.97298386457761,2
1442679,9.82865297819103,9
1442690,9.786304096999189,11
1442701,9.767139503582298,11
1442716,9.634737517447432,15
1442724,9.839032962996793,8
1442729,9.9342726146662,5
1442742,9.746839886682041,13
1442752,9.77732644834891,10
1442765,9.710914488777235,13
1442775,9.790607917150663,10
1442795,9.049544238187151,20
1442808,9.711539235345324,13
1442812,9.943377886950323,4
1442833,9.484153750022335,21
1442845,9.77445793003041,12
1442855,9.815946915958486,10
1442869,9.71347136700373,14
1442876,9.88651829214855,7
1442883,9.836652297222813,7
1442889,9.890616650357257,6
1442890,10.0,1
1442904,9.714645857364852,14
1442924,9.51206475040368,20
1442938,9.6483286482422,14
1442946,9.826312138604566,8
1442959,9.343686578408866,13
1442962,9.96401068665593,3
1442968,9.882056635903927,6
1442977,9.817207167324685,9
1442990,9.71490818316814,13
1442998,9.839673657693979,8
1443006,9.827034997788328,8
1443029,9.501058487633982,23
1443039,9.811137522155681,10
1443056,9.669364901976655,17
1443075,9.637117162465064,19
1443082,9.887177987797633,7
1443098,9.66971973155517,16
1443104,9.91218270956195,6
1443113,9.808940061180586,9
1443126,9.76033623689705,13
1443131,9.910584381385007,5
1443136,9.924009415703418,5
1443146,9.803284363318607,10
1443151,9.925285455499274,5
1443164,9.728919049941403,13
1443183,9.525699638640248,19
1443193,9.796200420650154,10
1443213,9.535822506096023,20
1443224,9.800109651929192,11
1443233,9.81681496576418,9
1443240,9.863955060636691,7
1443241,10.0,1
1443290,8.948153322933166,49
1443300,9.840348167619561,10
1443306,9.896341107322188,6
1443310,9.936822529232975,4
1443311,10.0,1
1443316,9.913672015141112,5
1443329,9.710010902155124,13
1443342,9.751021103480086,13
1443357,9.663132168397615,15
1443365,9.877035466240601,8
1443370,9.92301931485769,5
1443385,9.696011733006303,15
1443399,9.673983816647482,14
1443412,9.757154227290105,13
1443420,9.81860605232014,8
1443431,9.783356300836983,11
1443442,9.772142910998957,11
1443451,9.630594469961647,9
1443464,9.77146862952328,13
1443477,9.70986848747599,13
1443482,9.920415805978237,5
1443501,9.561389100918621,19
1443508,9.895974758857124,7
1443515,9.907968925117254,7
1443522,9.874230290952601,7
1443564,9.20950650597791,42
1443571,9.87074378356969,7
1443583,9.715853919493178,12
1443594,9.318527046639176,11
1443604,9.785987030417687,10
1443616,9.745161425422546,12
1443629,9.720319101764037,13
1443642,9.77844036318233,13
1443649,9.860556306702698,7
1443655,9.907321242420196,6
1443661,9.901908970518218,6
1443679,9.545920180745128,18
1443680,10.0,1
1443691,9.805806834121624,11
1443707,9.6644567584189,16
1443721,9.720343078737141,14
1443725,9.93425093041377,4
1443728,9.958172022099154,3
1443734,9.89544291985496,6
1443735,10.0,1
1443745,9.784650182364402,10
1443758,9.749635723071268,13
1443772,9.333202272393422,14
1443773,10.0,1
1443784,9.793509470579558,11
1443794,9.78639290759731,10
1443799,9.915465878044749,5
1443812,9.76957805410226,13
1443824,9.745361256542518,12
1443825,10.0,1
1443827,9.970238007128641,2
1443830,9.956439705837628,3
1443839,9.812110839219303,9
1443854,9.730589369320118,15
1443867,9.741305380272717,13
1443868,10.0,1
1443876,9.846974198673381,8
1443877,10.0,1
1443878,10.0,1
1443890,9.542440871230946,12
1443895,9.925216897694503,5
1443896,9.99635648673109,1
1443905,9.811311163170073,9
1443917,9.79299590427214,12
1443924,9.866195972168716,7
1443941,9.628025173948227,17
1443943,9.980438712749585,2
1443946,9.950202060593467,3
1443954,9.843544976821653,8
1443977,9.524471835523789,23
1443981,9.93695078217193,4
1443982,10.0,1
1443985,9.969490517136583,3
1444004,9.59226416114604,19
1444005,9.991843144524482,1
1444015,9.813542524474398,10
1444028,9.750498883093412,13
1444036,9.849889079816423,8
1444049,8.764026153684531,13
1444051,9.986536101410667,2
1444052,10.0,1
1444078,9.06615410826031,26
1444102,9.079572776011421,24
1444109,9.872384803294496,7
1444152,9.078892968883869,43
1444159,9.893564250194508,7
1444163,9.951551573624569,4
1444164,10.0,1
1444184,9.638073992406888,20
1444201,9.648696331497348,17
1444214,9.73387730986921,13
1444220,9.891498960308033,6
1444229,9.808579877438996,9
1444235,9.884251635764137,6
1444253,9.631214388644857,18
1444256,9.948036699739207,3
1444278,9.53171620572283,22
1444292,9.697286381276014,14
1444305,9.743726656236477,13
1444309,9.941617611113918,4
1444319,9.836260236715177,10
1444328,9.834631245517476,9
1444341,9.721395324379571,13
1444346,9.896826350271818,5
1444354,9.855532478951124,8
1444357,9.949911939148288,3
1444374,9.565375710565627,17
1444391,9.724631211746484,17
1444402,9.758123150843634,11
1444410,9.746244899118729,8
1444423,9.761764125082072,13
1444436,9.726565750355725,13
1444437,10.0,1
1444441,9.929103613879587,4
1444460,9.656602997589015,19
1444470,9.763436719951452,10
1444471,10.0,1
1444472,10.0,1
1444485,9.728724903957334,13
1444488,9.966747481271083,3
1444512,9.492552974676228,24
1444516,9.932616164011511,4
1444528,9.743732194839618,12
1444532,9.943433581817937,4
1444546,9.777637539746017,14
1444556,9.79434333069022,10
1444568,9.772212748208952,12
1444587,9.362667769231216,19
1444597,9.786684399583747,10
1444612,9.676689621231212,15
1444630,9.55896138499932,18
1444633,9.962180597929548,3
1444649,9.602323952040006,16
1444650,10.0,1
1444661,9.768888766447064,11
1444662,10.0,1
1444676,9.690727488080713,14
1444690,9.717872714337771,14
1444702,9.745255803832999,12
1444709,9.87720578133509,7
1444718,9.810565671550373,9
1444728,9.797282538824966,10
1444745,7.686633036084817,17
1444756,9.769879277537092,11
1444770,9.673815314750186,14
1444792,9.543606302251543,22
1444800,9.859498813859181,8
1444807,9.88529814471291,7
1444813,9.904780529411292,6
1444814,10.0,1
1444819,9.919286956829675,5
1444828,9.836405612989944,9
1444844,9.476088974548308,16
1444861,9.591795020525996,17
1444872,9.77776547151054,11
1444883,9.755404846186956,11
1444910,9.36669066875765,27
1444924,9.680426804747926,14
1444941,9.664596854734256,17
1444953,9.755720933006147,12
1444963,9.823680563536126,10
1444964,10.0,1
1444977,9.714416854251192,13
1444989,9.781933128018283,12
1445000,9.81453539714923,11
1445006,9.89934259195705,6
1445013,9.887472926900415,7
1445014,10.0,1
1445037,9.062988577547848,23
1445046,9.813472781061268,9
1445047,10.0,1
1445052,9.91596199651559,5
1445076,9.145333643368076,24
1445089,9.720552331733929,13
1445471,-6.264719621013052,382
1445475,9.939652238228195,4
1445488,9.71562654917948,13
1445506,9.592973913596007,18
1445532,9.173323584236515,26
1445553,9.51750874720358,21
1445563,9.810170239948139,10
1445576,9.685683702084384,13
1445585,9.835954701056314,9
1445601,9.690560288621965,16
1445612,9.7546503996373,11
1445622,9.789446902405688,10
1445637,9.661727070960861,15
1445647,9.783980210995328,10
1445658,9.578881865689038,11
1445659,10.0,1
1445666,9.87403563190681,7
1445672,9.911378266881224,6
1445713,8.92015340086409,41
1445726,9.715679737715917,13
1445730,9.928971218746165,4
1445731,9.992036460683915,1
1445744,9.70252582192706,13
1445755,9.773263070488506,11
1445759,9.932786118450037,4
1445778,9.583975512562397,19
1445788,9.775266512666011,10
1445795,9.870101337207402,7
1445820,9.428031191944891,25
1445830,9.786033312505202,10
1445831,10.0,1
1445832,10.0,1
1445843,9.76624311326979,11
1445844,10.0,1
1445847,9.949606780956868,3
1445864,9.633475866616527,17
1445874,9.764377548082733,10
1445880,9.888076626879462,6
1445886,9.906652194657129,6
1445889,9.964755142052901,3
1445896,9.86288107536082,7
1445897,9.987829556799147,1
1445908,9.73287096728631,11
1445923,9.647890118076278,15
1445927,9.942860342011542,4
1445932,9.900595758503302,5
1445941,9.821938273061933,9
1445951,9.78696477869873,10
1445952,10.0,1
1445964,9.752605556687355,12
1445979,9.689759080222368,15
1445989,9.803198866597198,10
1446003,9.720030252211345,14
1446013,9.786523321959724,10
1446023,9.782780139176358,10
1446024,10.0,1
1446033,9.84467500034284,9
1446040,9.879092266776391,7
1446045,9.904782447743521,5
1446046,10.0,1
1446057,9.757176486620851,11
1446067,9.809865109663214,10
1446072,9.909305696158674,5
1446101,9.292650446946228,29
1446109,9.86550354867176,8
1446125,9.671815525812159,16
1446133,9.8360539026766,8
1446134,9.99667948875358,1
1446178,8.170345448430663,44
1446183,9.918501223236637,5
1446190,9.84441053130685,7
1446196,9.9225943551795,6
1446206,9.825165415788884,10
1446216,9.788782334386605,10
1446233,9.627103379514557,17
1446242,9.839345772571972,9
1446253,9.782613906658918,11
1446267,9.711353694996443,14
1446281,9.760286154890228,14
1446296,9.658234969693876,15
1446305,9.822435410049675,9
1446308,9.964330918261922,3
1446317,9.82212529121466,9
1446320,9.962178731439401,3
1446330,9.786203501646707,10
1446338,9.762567440378684,8
1446348,9.787105298808145,10
1446359,9.784680689780348,11
1446375,9.422515074053837,16
1446400,9.499517149401992,25
1446414,9.683159656132041,14
1446420,9.9134123405251,6
1446448,9.123097253882994,28
1446476,9.286166214311095,28
1446500,9.466205238273256,24
1446502,9.984997030774542,2
1446516,9.681153331684126,14
1446529,9.72230457458888,13
1446540,9.59191503655196,11
1446555,9.20233756699032,15
1446567,9.740241964756095,12
1446568,9.99302521558707,1
1446569,10.0,1
1446577,9.850501746174352,8
1446588,9.763700508624375,11
1446597,9.843783052335269,9
1446608,9.77948486382773,11
1446623,9.563563931953901,15
1446634,9.784761923992138,11
1446643,9.856557585092542,9
1446649,9.889099911757981,6
1446679,9.057838099374505,30
1446683,9.948130019873025,4
1446695,9.723097444757991,12
1446713,9.56012313448829,18
1446722,9.811787922424111,9
1446725,9.958244055987096,3
1446735,9.68912073025452,10
1446753,9.455528494145366,18
1446762,9.80669883187893,9
1446763,10.0,1
1446765,9.969707186321433,2
1446778,9.739179532020746,13
1446782,9.932125030941405,4
1446791,9.822569031347417,9
1446803,9.724659055576002,12
1446817,9.745062516091577,14
1446825,9.842015217739956,8
1446828,9.96174398559645,3
1446829,10.0,1
1446844,9.476884557023608,15
1446902,8.548426905131542,58
1446918,9.727973049561422,16
1446927,9.809053082246965,9
1446947,9.623388547868709,20
1446951,9.942427270654937,4
1446962,9.790531400839185,11
1446969,9.84897202464842,7
1446988,9.584578855037503,19
1446989,10.0,1
1446993,9.932297564663582,4
1446994,10.0,1
1447002,9.835836209341002,8
1447006,9.93484725736924,4
1447017,9.741304832049021,11
1447032,9.654637348221941,15
1447051,9.59507449168596,19
1447064,9.709958373585945,13
1447065,10.0,1
1447076,9.810440485197384,11
1447083,9.861007759228217,7
1447102,9.66476788197697,19
1447114,9.798724645245878,12
1447152,9.32349361446364,38
1447162,9.779488844738584,10
1447172,9.796852761826985,10
1447187,9.676539091878597,15
1447195,9.770280361001653,8
1447218,9.415156337333883,23
1447223,9.920406931298647,5
1447238,9.670788124718687,15
1447244,9.88583520084485,6
1447253,9.84934543927608,9
1447275,9.56488039460796,22
1447293,9.561334930160978,18
1447296,9.959669247944394,3
1447312,9.679730940017386,16
1447319,9.903065215553859,7
1447328,9.81471084067639,9
1447337,9.815931445635881,9
1447346,9.833679183199072,9
1447353,9.877490723445483,7
1447364,9.787351973686821,11
1447370,9.890214312565044,6
1447381,9.760631968961558,11
1447395,9.678447381310034,14
1447396,10.0,1
1447442,9.01201003290593,46
1447450,9.862814490188036,8
1447459,9.829443886405162,9
1447470,9.808308959259481,11
1447477,9.900242643076195,7
1447495,9.585891012382874,18
1447506,9.793837571332023,11
1447512,9.90196008575641,6
1447529,9.623347130987836,17
1447537,9.844241256158451,8
1447540,9.964825652652387,3
1447547,9.879973765384818,7
1447552,9.918198241020251,5
1447565,9.701469630070624,13
1447588,9.497176485634673,23
1447593,9.904536698039667,5
1447594,9.996020848460306,1
1447612,9.562564618789919,18
1447621,9.839964608170659,9
1447633,9.742075026186468,12
1447648,9.66245458065592,15
1447657,9.840293918050895,9
1447669,9.798912696628106,12
1447675,9.876764988041225,6
1447686,9.770660141720018,11
1447693,9.859286815790297,7
1447708,9.670904176244798,15
1447736,9.391086559250292,28
1447749,9.738115738388784,13
1447759,9.819793491013566,10
1447760,9.9888034022213,1
1447775,9.591680994334462,15
1447781,9.88925357041598,6
1447788,9.875346230519309,7
1447797,9.827207380900184,9
1447802,9.921508121262242,5
1447821,9.198159352373676,19
1447831,9.81806683899707,10
1447832,10.0,1
1447844,9.712079117601364,12
1447855,9.738760732492494,11
1447864,9.856506720523804,9
1447875,9.784180327725554,11
1447892,9.609598745762874,17
1447902,9.811249260314414,10
1447903,10.0,1
1447904,9.98860138337061,1
1447915,9.740282066761598,11
1447919,9.94022303388182,4
1447927,9.840529947411797,8
1447928,9.98771408197446,1
1447929,10.0,1
1447930,10.0,1
1447937,9.865091262382762,7
1447938,9.996131004680556,1
1447946,9.826130696651246,8
1447957,9.760038404425957,11
1447970,9.724917351754025,13
1448008,8.835125497176488,38
1448015,9.9020168984018,7
1448029,9.70081331779317,14
1448038,9.811970984668621,9
1448052,9.69199191597667,14
1448056,9.940758812353877,4
1448057,10.0,1
1448065,9.826832111478154,8
1448078,9.71089241019535,13
1448087,9.816267623523427,9
1448095,9.84680362183875,8
1448100,9.917723085837062,5
1448116,9.731347507139947,16
1448124,9.851809269405216,8
1448132,9.816913974130145,8
1448154,9.383456764783842,22
1448164,9.811101585499813,10
1448175,9.735355612380726,11
1448186,9.822573906914366,11
1448223,5.9313764762106995,37
1448234,9.672587267022513,11
1448251,9.634742736218751,17
1448252,10.0,1
1448253,9.993020142285301,1
1448254,10.0,1
1448276,9.453424821185958,22
1448279,9.952604849293628,3
1448284,9.915100867358477,5
1448291,9.859555326971371,7
1448307,9.6403114988418,16
1448321,9.697277481425791,14
1448338,9.214403491238453,17
1448341,9.964053046423926,3
1448348,9.866650734018632,7
1448360,9.730273186217467,12
1448379,9.560247371839882,19
1448396,9.674910832011951,17
1448404,9.867751931569767,8
1448409,9.913607965145756,5
1448410,10.0,1
1448411,9.98752420784107,1
1448414,9.951733251083763,3
1448416,9.970602585936167,2
1448424,9.827204767839724,8
1448425,10.0,1
1448432,9.779981953273413,7
1448447,9.677114706179601,15
1448452,9.919888384350857,5
1448456,9.938601024995476,4
1448457,10.0,1
1448468,9.830176210560367,11
1448481,9.728308028673206,13
1448491,9.806774057500505,10
1448514,9.442082090569508,23
1448537,9.505820690138776,23
1448546,9.80758166445186,9
1449046,-96.32937805681149,500
1449049,9.96148688979642,3
1449060,9.788514611115241,11
1449065,9.90533495115379,5
1449076,9.76491910578807,11
1449077,10.0,1
1449089,9.794607732947576,12
1449093,9.936747598020034,4
1449098,9.910043662636019,5
1449099,10.0,1
1449108,9.85980870683706,9
1449118,9.823903224096881,10
1449125,9.878003548547111,7
1449128,9.961548238018576,3
1449142,9.66255732176713,14
1449143,9.992701518498466,1
1449156,9.684718339663455,13
1449174,9.275819535356263,18
1449187,9.734586100025863,13
1449197,9.798029077366708,10
1449199,9.98678888057754,2
1449210,9.791765587454849,11
1449213,9.966563301985884,3
1449226,9.366787535438212,13
1449239,9.709242599313505,13
1449294,8.633616053982653,55
1449305,9.78491578609493,11
1449319,9.754337385810274,14
1449329,9.80630093509301,10
1449354,9.525068667288078,25
1449365,9.566365507976723,11
1449389,9.538493240384035,24
1449405,9.395637913837813,16
1449415,9.798109406414367,10
1449445,9.275408086504047,30
1449455,9.83559445407128,10
1449474,9.545345389741746,19
1449488,9.72551715618782,14
1449506,9.673976810707568,18
1449516,9.783251712688939,10
1449525,9.80872952533788,9
1449536,9.784946375607335,11
1449539,9.959473343790469,3
1449550,9.764143278224568,11
1449570,9.63650872139995,20
1449597,9.321084060602837,27
1449606,9.819400183562138,9
1449613,9.852988094433327,7
1449622,9.847533727711935,9
1449632,9.805741690350587,10
1449641,9.82463105867278,9
1449652,9.751988640924642,11
1449668,9.660345336822834,16
1449669,10.0,1
1449692,8.885416606798563,23
1449696,9.937298749146313,4
1449697,9.99646441722556,1
1449706,9.809454061963352,9
1449713,9.900506454707108,7
1449725,9.792610104854337,12
1449728,9.956159106210848,3
1449740,9.510030363004072,12
1449749,9.82363412044497,9
1449753,9.955361392368063,4
1449760,9.84308232688805,7
1449761,9.98838737401281,1
1449764,9.957037894915432,3
1449774,9.783589924579791,10
1449788,9.384587876990963,14
1449807,9.671771881786361,19
1449808,10.0,1
1449818,9.793036918895233,10
1449821,9.953797457145006,3
1449828,9.854000833767213,7
1449841,9.712958980857623,13
1449858,9.688268626164914,17
1449859,9.99649024751322,1
1449870,9.785134693414918,11
1449876,9.891949626612007,6
1449886,9.79097735129276,10
1449912,9.424675296758346,26
1449919,9.86358958806747,7
1449941,9.476100858475014,22
1449947,9.904480761460881,6
1449955,9.847936386912851,8
1449967,9.73326306683271,12
1449968,10.0,1
1449975,9.858593172225133,7
1449990,9.713522544396923,15
1449995,9.939710137164118,5
1450004,9.81329646544605,9
1450060,8.648414891983881,56
1450066,9.885967233996956,6
1450072,9.91019759673444,6
1450075,9.954057790478567,3
1450088,9.72902996919341,13
1450094,9.884981443380923,6
1450107,9.742900109230213,13
1450114,9.868315138135094,7
1450130,9.665277170779175,16
1450131,10.0,1
1450143,9.756171245284598,12
1450147,9.93478253952847,4
1450155,9.882424108829174,8
1450162,9.879754778469357,7
1450174,9.742405336065092,12
1450182,9.860909878316694,8
1450196,9.68639651154315,14
1450215,9.577071420026027,19
1450224,9.814847313829706,9
1450231,9.887913055016536,7
1450249,9.574449932015103,18
1450263,9.715267120467013,14
1450272,9.807442508577719,9
1450290,9.625631952368158,18
1450306,9.670063144386587,16
1450317,9.752463465772196,11
1450335,9.596130803197692,18
1450352,9.595328686257192,17
1450365,9.715632301343412,13
1450373,9.81601158028618,8
1450395,9.58127281980043,22
1450401,9.903164316622322,6
1450405,9.941174709761066,4
1450419,9.721488799658694,14
1450426,9.87291724459448,7
1450433,9.865641591653716,7
1450436,9.952462232670541,3
1450437,10.0,1
1450443,9.872514869094454,6
1450451,9.853673473622232,8
1450469,9.682497686561693,18
1450474,9.915760930736507,5
1450483,9.837169303193484,9
1450499,9.638830855177906,16
1450513,9.64494270664906,14
1450528,8.463450171068667,15
1450534,9.878382780681067,6
1450535,10.0,1
1450543,9.7700387837504,8
1450557,9.72013121001722,14
1450572,9.647380845268556,15
1450586,9.574959580581377,14
1450609,6.034666748268672,23
1450615,9.9035690965373,6
1450622,9.858417649813491,7
1450638,9.719587543475818,16
1450639,10.0,1
1450651,9.719567584658519,12
1450667,9.66175118662917,16
1450683,9.638073203857688,16
1450692,9.829403847024677,9
1450693,10.0,1
1450705,9.726001335472228,12
1450714,9.81227829151544,9
1451011,1.5053270529168525,297
1451017,9.899688292899635,6
1451036,9.578512163384369,19
1451050,9.698121990526875,14
1451060,9.796692731751055,10
1451073,9.744225731268694,13
1451077,9.93194713315671,4
1451085,9.821444966596864,8
1451089,9.946091068431222,4
1451113,9.473999210955125,24
1451128,9.654377413058645,15
1451131,9.954851442082493,3
1451142,9.834175640737332,11
1451152,9.80353662044382,10
1451166,9.677486907987294,14
1451175,9.8638672699267,9
1451176,10.0,1
1451189,9.694360262150562,13
1451196,9.872969276620832,7
1451213,9.634328423953399,17
1451217,9.934501571551118,4
1451221,9.93697230334476,4
1451231,9.772244639926583,10
1451242,9.809457417821745,11
1451263,9.589919284541597,21
1451265,9.98285410573503,2
1451269,9.930917351809692,4
1451283,9.695164529979944,14
1451304,9.577298512028815,21
1451305,10.0,1
1451344,8.480618281859257,39
1451356,9.77805521349516,12
1451372,9.633795994481838,16
1451389,9.634944894188255,17
1451405,9.613700337456343,16
1451411,9.900297537111186,6
1451415,9.949124677652783,4
1451430,9.676014563263072,15
1451441,9.787907854230767,11
1451442,9.993832704452254,1
1451452,9.788071166706725,10
1451460,9.874611448081893,8
1451472,9.745389490317018,12
1451491,9.414618044046179,19
1451495,9.8449208127704,4
1451507,9.736749147198228,12
1451519,9.783930242080649,12
1451528,9.815223173269061,9
1451537,9.81275559554722,9
1451551,9.542647482693972,14
1451560,9.830410475219505,9
1451570,9.682449920639149,10
1451583,9.739952073651294,13
1451585,9.9739091538897,2
1451593,9.845764825174795,8
1451607,9.74817324290391,14
1451619,9.757777964078908,12
1451632,9.722086497452455,13
1451639,9.846614942313229,7
1451640,9.987419814951151,1
1451647,9.887045529177293,7
1451653,9.878720486996407,6
1451662,9.846450663727465,9
1451668,9.874817268064906,6
1451677,9.798486817882806,9
1451695,9.614362412423539,18
1451712,9.617698133516301,17
1451727,9.689312951815204,15
1451743,9.639487566153502,16
1451758,9.593163177245371,15
1451765,9.87927914738194,7
1451782,9.309014894003914,17
1451783,10.0,1
1451798,9.67708775037792,15
1451818,9.500704680463281,20
1451828,9.809941914918404,10
1451838,9.810000720579712,10
1451851,9.753344195223644,13
1451858,9.870524805282606,7
1451874,9.63710042101954,16
1451883,9.812739010238372,9
1451885,9.982629054949314,2
1451904,9.55919371836075,19
1451914,9.823874442683401,10
1451925,9.760375835176758,11
1451936,9.760678746611749,11
1451940,9.923341497216757,4
1451945,9.912139692436272,5
1451956,9.781648045500788,11
1451970,9.735247210575633,14
1451978,9.818354154790198,8
1451988,9.784784071769645,10
1451989,10.0,1
1451992,9.96270219923414,3
1451993,9.996092959966328,1
1452007,9.681553584839957,14
1452019,9.74331447074609,12
1452031,9.751297171503666,12
1452042,9.769367306179833,11
1452068,9.441305800769264,26
1452081,9.700462571151373,13
1452082,10.0,1
1452109,9.341488075548419,27
1452120,9.75444921803955,11
1452139,9.317225771069753,19
1452140,10.0,1
1452146,9.8965469138518,6
1452155,9.811674871031878,9
1452163,9.833454983237543,8
1452164,10.0,1
1452183,9.692157344430075,19
1452192,9.822555374523471,9
1452209,9.675891701931057,17
1452222,9.804410600921118,13
1452232,9.817005270867634,10
1452241,9.835416873051438,9
1452242,10.0,1
1452243,10.0,1
1452250,9.85063631287976,7
1452254,9.931011134504088,4
1452265,9.503762279470532,11
1452274,9.815917368937013,9
1452284,9.792985834935044,10
1452296,9.778070926337193,12
1452305,9.796581064248313,9
1452310,9.915063710389537,5
1452319,9.802369307214295,9
1452337,9.615568792457491,18
1452342,9.915478855339336,5
1452347,9.907727037336599,5
1452355,9.868344832649447,8
1452356,10.0,1
1452370,9.67886040201305,14
1452379,9.852171128243558,9
1452400,9.626369053312022,21
1452432,9.099695930391228,32
1452438,9.900213089607119,6
1452439,10.0,1
1452449,9.819408619002637,10
1452452,9.960369838397787,3
1452453,10.0,1
1452461,9.836616240216603,8
1452468,9.888136240794138,7
1452469,10.0,1
1452478,9.835311897095274,9
1452521,9.145496569420688,43
1452528,9.873219701897368,7
1452529,10.0,1
1452535,9.907677823603699,6
1452549,9.72252118750121,14
1452562,9.75589216305535,13
1452575,9.737025451633771,13
1452594,9.634914728108582,19
1452611,9.451028963755558,17
1452621,9.797579730054842,10
1452622,10.0,1
1452628,9.87949843422729,6
1452638,9.788319175894754,10
1452640,9.984510779438086,2
1452641,10.0,1
1452648,9.869831903046116,7
1452662,9.775196962422113,14
1452663,9.987381353958018,1
1452675,9.740433184771486,12
1452676,10.0,1
1452685,9.842505954138833,9
1452695,9.844449092842424,10
1452709,9.685855935594237,14
1452719,9.795403022889435,10
1452730,9.770307046657955,11
1452735,9.908755490333087,5
1452749,9.674712392094033,14
1452761,9.78523932203333,12
1452778,9.67132015840217,17
1452785,9.867989535815173,7
1452791,9.896118218818671,6
1452792,10.0,1
1452801,9.833643424981368,9
1452811,9.823417821479605,10
1452827,9.683294872476488,16
1452833,9.893943232664327,6
1452843,9.694568886287598,10
1452862,9.606418557014557,19
1452867,9.910430772968759,5
1452874,9.868475369830202,7
1452881,9.8518363621922,7
1452884,9.95252813934285,3
1452890,9.906829869400896,6
1452903,9.73425561267216,13
1452918,9.682480946194639,15
1452930,9.771174411130023,12
1452937,9.879597785248196,7
1452947,9.792210943481772,10
1452953,9.883481685572596,6
1452960,9.904602319262768,7
1452970,9.803454537643589,10
1452983,9.684840116457556,13
1452984,9.988808133201575,1
1452985,10.0,1
1452990,9.924081501976353,5
1453000,9.854229228827585,10
1453012,9.750241460286254,12
1453028,9.631955584457376,16
1453037,9.836538621599198,9
1453046,9.81316270690886,9
1453049,9.955994484635406,3
1453057,9.865761463297213,8
1453064,9.861808692702265,7
1453077,9.69270631267211,13
1453081,9.929066739467324,4
1453092,9.754688499841667,11
1453102,9.82749946516487,10
1453127,9.370481024314852,25
1453142,9.663586880789698,15
1453156,9.692792243775408,14
1453157,10.0,1
1453165,9.855537114096142,8
1453195,9.162846632198365,30
1453197,9.975812139877826,2
1453203,9.910568062062016,6
1453208,9.922848056562641,5
1453212,9.939390504631481,4
1453219,9.847465764831622,7
1453229,9.77967629192686,10
1453239,9.801136465436125,10
1453259,9.528079756509543,20
1453274,9.676714196914336,15
1453282,9.834637929687277,8
1453294,9.738551757206933,12
1453310,9.615775594883125,16
1453311,10.0,1
1453320,9.849359217917824,9
1453332,9.800251978252982,12
1453333,10.0,1
1453346,9.700858025776977,13
1453366,9.089954932279195,20
1453380,9.751360673912972,14
1453395,9.675095875025999,15
1453410,9.640707444956897,15
1453424,9.700063411723558,14
1453435,9.785024928703043,11
1453436,10.0,1
1453440,9.95675454265838,4
1453448,9.841144379082953,8
1453489,9.0240466335027,41
1453501,9.81677982306203,12
1453502,10.0,1
1453514,9.790340209058126,12
1453521,9.855256548267608,7
1453533,9.740331824570928,12
1453534,9.995863169401549,1
1453552,9.572861731556419,18
1453561,9.848595372956352,9
1453580,9.558912575695661,19
1453583,9.96175291621129,3
1453584,10.0,1
1453595,9.76620606032164,11
1453612,9.6043312188674,17
1453617,9.911857582740419,5
1453636,9.571438176479576,19
1453652,9.663759498638067,16
1453660,9.837568718915497,8
1453676,9.686962059704143,16
1453678,9.97043409545642,2
1453694,9.629336386147806,16
1453706,9.767107868511523,12
1453710,9.933159539415882,4
1453712,9.980435422348034,2
1453721,9.82881410708131,9
1453734,9.728075305589883,13
1453748,9.746897266635463,14
1453762,9.694144940989148,14
1453771,9.835957268904123,9
1453785,9.684879247375695,14
1453796,9.750153883020651,11
1453804,9.865025242343263,8
1453812,9.861610542481573,8
1453819,9.861552380107865,7
1453820,10.0,1
1453822,9.975245895799311,2
1453830,9.882835997006728,8
1453856,5.103737583250192,26
1453873,9.637572606051434,17
1453874,9.988604601491263,1
1453887,9.718536729410587,13
1453904,9.58681918827749,17
1453928,9.308080999848942,24
1453929,10.0,1
1453936,9.884970861867998,7
1453952,9.624363959113024,16
1453961,9.828615468750838,9
1453966,9.931220434020311,5
1453973,9.880764253428708,7
1453987,9.717168059664752,14
1453992,9.916368067162562,5
1453993,9.99326071829545,1
1454075,8.407515354219845,82
1454076,10.0,1
1454098,9.193118761678553,22
1454110,9.743396059400366,12
1454129,9.66460908088206,19
1454136,9.877320761508075,7
1454161,9.442619813005818,25
1454661,-189.15602705799662,500
1455161,-211.42016058464182,500
1455661,-213.34555865904613,500
1455667,9.896985166444992,6
1455670,9.969450376939522,3
1455680,9.791110581013967,10
1455688,9.861862140936847,8
1455698,9.782272738734859,10
1455709,9.452817580949807,11
1455710,10.0,1
1455716,9.895367162758138,6
1455720,9.946728688220709,4
1455721,10.0,1
1455736,9.707510829986617,15
1455745,9.817228643453747,9
1455752,9.902053381013234,7
1455762,9.818404866365995,10
1455766,9.946053744330552,4
1455778,9.789293288475108,12
1455779,10.0,1
1455784,9.902797740545484,5
1455790,9.878697330761202,6
1455797,9.872890098064824,7
1455810,9.732244630427314,13
1455815,9.904979890442554,5
1455829,9.687263722984225,14
1455840,9.778573302148544,11
1455853,9.706617870081766,13
1455865,9.763759089879036,12
1455870,9.913703242970978,5
1455883,9.718769196324162,13
1455890,9.871287422790228,7
1455897,9.855418573874747,7
1455904,9.848224257521357,7
1455911,9.877094045485576,7
1455925,9.70000654791678,14
1455935,9.816265140459272,10
1455941,9.888812450596468,6
1455957,9.647740752039425,16
1455978,9.55300353117362,21
1455982,9.94945514693203,4
1455983,10.0,1
1455984,10.0,1
1455988,9.945269551060628,4
1455989,10.0,1
1455994,9.900363190056192,5
1456005,9.746935503346739,11
1456013,9.852945559206272,8
1456024,9.784128453317711,11
1456032,9.850752764575263,8
1456036,9.952390780624354,4
1456040,9.73129975709055,4
1456052,9.744940920853756,12
1456069,9.599783299288445,17
1456074,9.909785655060363,5
1456084,9.771213615131739,10
1456085,10.0,1
1456100,9.654213334119184,15
1456107,9.860378410842557,7
1456117,9.812346818201929,10
1456118,10.0,1
1456124,9.876553154915134,6
1456131,9.862518465411991,7
1456132,10.0,1
1456143,9.748335097007361,11
1456155,9.746794977723104,12
1456170,9.67333440565499,15
1456187,9.67389982872187,17
1456196,9.629269726203278,9
1456207,9.770106193199908,11
1456208,10.0,1
1456217,9.824376944284017,9
1456230,9.702400155674846,13
1456239,9.80178286613836,9
1456241,9.984557398164114,2
1456254,9.718264201822237,13
1456274,9.409826097915168,20
1456280,9.892711090855707,6
1456294,9.70207733805865,14
1456308,9.72721983820439,14
1456314,9.88473600928051,6
1456319,9.630758872150006,5
1456339,9.447479562857396,20
1456345,9.89500870930984,6
1456346,10.0,1
1456352,9.908888395754635,6
1456358,9.896740582264053,6
1456366,9.869637309384032,8
1456372,9.90755699360779,6
1456380,9.847547530651369,8
1456395,9.665112960821718,15
1456405,9.264834438563897,10
1456417,9.749647456593847,12
1456433,9.621809928461012,16
1456437,9.938950794785569,4
1456469,9.219546812112322,32
1456470,10.0,1
1456473,9.961274106879198,3
1456483,9.799324633975495,10
1456489,9.901788769438005,6
1456498,9.825757922430801,9
1456507,9.829243518160025,9
1456513,9.918519332336878,6
1456526,9.715476850182409,13
1456529,9.961292633200854,3
1456540,9.768453424197022,11
1456544,9.926258538376553,4
1456550,9.880291172232296,6
1456551,10.0,1
1456559,9.817260281010466,8
1456568,9.785141840559413,9
1456576,9.847435836825543,8
1456583,9.87768367655699,7
1456589,9.891355082402502,6
1456593,9.926561877023438,4
1456596,9.94787671429247,3
1456605,9.82324763950968,9
1456613,9.860766824161436,8
1456614,10.0,1
1456634,9.524148323756032,20
1456637,9.95368840658076,3
1456642,9.6047821051123,5
1456645,9.960529491765122,3
1456655,9.780231607415653,10
1456656,10.0,1
1456668,9.766048378045772,12
1456671,9.96120080063311,3
1456677,9.911433301664198,6
1456689,9.715353656079412,12
1456701,9.752764185182958,12
1456715,9.693586176174835,14
1456723,9.865651467366293,8
1456732,9.819279375013876,9
1456741,9.835803699550823,9
1456748,9.850061988516885,7
1456760,9.740631657692607,12
1456777,9.651056759220326,17
1456780,9.954737451496328,3
1456795,9.565933015747095,15
1456802,9.849536334621932,7
1456803,10.0,1
1456814,9.769518383729514,11
1456821,9.868879999873979,7
1456834,9.696393442128704,13
1456843,9.821013366282163,9
1456849,9.877076008881867,6
1456867,8.841090587687509,18
1456879,9.73981526156479,12
1456891,9.74284926009725,12
1456898,9.870446728772666,7
1456907,9.81657635960459,9
1456910,9.953718710994343,3
1456920,9.806617760237945,10
1456934,9.692981142432362,14
1456943,9.811954647374328,9
1456949,9.884208221247864,6
1456960,9.762586748732318,11
1456973,9.693069357660935,13
1456985,9.617313320325097,12
1456997,9.764718826606591,12
1457006,9.81792502391408,9
1457019,9.74493129126577,13
1457026,9.873585010913759,7
1457035,9.805484109505768,9
1457041,9.907176220428141,6
1457043,9.877304716089345,2
1457047,9.954733157785945,4
1457053,9.913614229679483,6
1457068,9.572229269917155,15
1457069,10.0,1
1457082,9.735884263498868,13
1457095,9.694076929748027,13
1457109,9.700355598435808,14
1457121,9.74387129170829,12
1457129,9.888563634752414,8
1457139,9.80188231902379,10
1457149,9.800956742564452,10
1457160,9.795788390027939,11
1457169,9.836985920351033,9
1457181,9.728041014040254,12
1457188,9.874102818013712,7
1457189,10.0,1
1457203,9.7165736674867,14
1457215,9.7407547345505,12
1457220,9.915008029048773,5
1457230,9.80917416635936,10
1457241,9.789287820237062,11
1457243,9.98547677941389,2
1457249,9.898664253186816,6
1457261,9.729905115154002,12
1457267,9.88760927853214,6
1457283,9.645605022090301,16
1457294,9.754660692093724,11
1457307,9.697334205925303,13
1457317,9.790369677608375,10
1457320,9.95801401661544,3
1457329,9.819904740496824,9
1457345,9.738236215531234,16
1457352,9.888407115511628,7
1457357,9.928142282167247,5
1457365,9.846533829112934,8
1457389,9.441997516938605,24
1457395,9.909176320026699,6
1457410,9.636934817411609,15
1457422,9.785874940990896,12
1457426,9.943761070073862,4
1457437,9.784109561945606,11
1457441,9.938263755652262,4
1457467,9.456048403239759,26
1457475,9.863328222234388,8
1457484,9.824733392452814,9
1457503,9.651909893312972,19
1457523,9.567779144103994,20
1457531,9.88163260671146,8
1457536,9.9197754573775,5
1457550,9.69677423960166,14
1457563,9.719579327023423,13
1457580,9.66914411777489,17
1457582,9.971603069931053,2
1457592,9.785077802844558,10
1457595,9.947918179710179,3
1457619,9.310905029033893,24
1457625,9.899237782700157,6
1457638,9.743713480607223,13
1457639,9.992805064425994,1
1457658,9.67669247283117,19
1457661,9.966096548175955,3
1457667,9.909323044506946,6
1457684,9.567006933692369,17
1457690,9.90274867512935,6
1457703,9.730097276442272,13
1457713,9.799782005061564,10
1457714,10.0,1
1457727,9.74234711708229,13
1457733,9.886033059744186,6
1457742,9.843246039736714,9
1457750,9.842477204474978,8
1457763,9.706987853508918,13
1457769,9.909495335528526,6
1457775,9.900699470887922,6
1457783,9.817973506227615,8
1457793,9.789768195643248,10
1457810,9.597513396004445,17
1457816,9.907843229143818,6
1457827,9.79416454873707,11
1457833,9.888638922357126,6
1457835,9.975239329259905,2
1457845,9.801575582289114,10
1457847,9.974959134358137,2
1457848,10.0,1
1457859,9.769664323561564,11
1457868,9.820084273594595,9
1457881,9.722006524361486,13
1457882,10.0,1
1457886,9.93820814172456,4
1457896,9.791834779288807,10
1457906,9.819150698753285,10
1457912,9.910184800038495,6
1457916,9.950730548851064,4
1457918,9.969758769615543,2
1457923,9.9253731168209,5
1457946,9.497183609449056,23
1457965,9.505101075049676,19
1457982,9.647089204674812,17
1457994,9.727683584587197,12
1458002,9.846129948179035,8
1458005,9.946085732276588,3
1458006,10.0,1
1458018,9.717615071235887,12
1458020,9.980844836829426,2
1458034,9.69149186028765,14
1458035,10.0,1
1458044,9.84380360215154,9
1458057,9.726383402839515,13
1458068,9.757232839612742,11
1458071,9.962265963800174,3
1458081,9.792311635167632,10
1458093,9.773573475994914,12
1458103,9.804521595436423,10
1458121,9.567037304831986,18
1458125,9.933410663628088,4
1458142,9.592089717892803,17
1458148,9.886770473014801,6
1458165,9.67886709460017,17
1458174,9.826631899845156,9
1458175,10.0,1
1458185,9.792229581784877,10
1458199,9.726733093831344,14
1458219,9.602799124309366,20
1458220,10.0,1
1458232,9.7885374207385,12
1458246,9.690039866473501,14
1458258,9.766380879819929,12
1458270,9.759026538470039,12
1458271,10.0,1
1458287,9.639977526657708,16
1458288,10.0,1
1458298,9.80720038555624,10
1458310,9.751105523576655,12
1458318,9.86077385033834,8
1458338,9.520647776273375,20
1458355,9.607580229614154,17
1458359,9.925186918714699,4
1458381,9.507287505031883,22
1458383,9.986472854314348,2
1458389,9.915285754514178,6
1458392,9.959384005599905,3
1458400,9.870323126604623,8
1458409,9.813473590350249,9
1458413,9.93822985085184,4
1458415,9.971439148647475,2
1458423,9.824530461475808,8
1458436,9.72593535331779,13
1458437,10.0,1
1458446,9.8291852127095,9
1458458,9.757159501674703,12
1458472,9.698831864963179,14
1458479,9.87908705386048,7
1458487,9.842144271329866,8
1458496,9.842116670553132,9
1458510,9.663505554184248,14
1458521,9.768396970193976,11
1458522,10.0,1
1458531,9.839212427929274,9
1458545,9.647801631462794,14
1458552,9.884866866879827,7
1458557,9.920333417435954,5
1458579,9.475444161147916,22
1458590,9.810340902568132,11
1458601,9.770073705310471,11
1458609,9.850153083133472,8
1458621,9.714271795393678,12
1458634,8.792754077616689,13
1458637,9.956176736931374,3
1458651,9.71781740240549,14
1458664,9.74277485573699,13
1458684,9.597077493928625,20
1458692,9.826544993445737,8
1458705,9.728658466746502,13
1458707,9.98189433543994,2
1458719,9.791846551899097,12
1458734,9.668867638698835,15
1458747,9.73416563313173,13
1458768,9.627947879159503,21
1458793,9.3427157819897,25
1458794,10.0,1
1458804,9.780174498679454,10
1458820,9.620832265147675,16
1458833,9.71267585007238,13
1458850,9.614313466847658,17
1458857,9.886501861892604,7
1458859,9.98153857009357,2
1458860,10.0,1
1458866,9.893881610087519,6
1458877,9.754659783328908,11
1458883,9.908154799300112,6
1458885,9.98060543869864,2
1458890,9.924382875750773,5
1458904,9.687663015834964,14
1458923,9.538117842802006,19
1458930,9.590510995013224,7
1458931,10.0,1
1458943,9.73603587636745,12
1458953,9.809504571713887,10
1458967,9.752191933967493,14
1458974,9.879342698621073,7
1458986,9.773449694373763,12
1458998,9.73882839928318,12
1459003,9.924997997436824,5
1459014,9.785851006480971,11
1459032,9.630817017474476,18
1459038,9.904256311131432,6
1459050,9.73876981845851,12
1459072,9.522071199392375,22
1459079,9.844947882742375,7
1459081,9.973236598198827,2
1459089,9.669522991911174,8
1459109,9.399959892923318,20
1459125,9.66483668311311,16
1459143,9.641819187651933,18
1459151,9.829218186432362,8
1459160,9.813617595701603,9
1459183,9.433823607791735,23
1459191,9.853758545389635,8
1459205,9.701312018899268,14
1459210,9.92736241675804,5
1459220,9.798217138944572,10
1459226,9.898234093850329,6
1459233,9.875039264743627,7
1459243,9.771971573829296,10
1459261,9.62525483604793,18
1459277,9.682363373855804,16
1459295,9.562719317096198,18
1459304,9.829740274497425,9
1459317,9.740655537974254,13
1459331,9.727351538452966,14
1459341,9.81557942027254,10
1459354,9.623708657435923,13
1459360,9.90223862808217,6
1459371,9.752325258551899,11
1459379,9.824059897183316,8
1459391,9.76010351998224,12
1459407,9.641095753619513,16
1459424,9.628266417871375,17
1459436,9.737808046659675,12
1459439,9.965449061002676,3
1459442,9.955766055874506,3
1459450,9.842457017743525,8
1459463,9.703425743432454,13
1459468,9.90632865420782,5
1459477,9.795660641427595,9
1459482,9.926383551677477,5
1459488,9.404533412495951,6
1459489,10.0,1
1459496,9.862752231805024,7
1459498,9.97576984406759,2
1459499,10.0,1
1459508,9.83768458653796,9
1459514,9.90178034385184,6
1459516,9.98053992746194,2
1459517,10.0,1
1459534,9.62396779471583,17
1459547,9.772400210272071,13
1459548,10.0,1
1459562,9.729256060925003,14
1459563,10.0,1
1459587,9.51553945669788,24
1459595,9.86916897864228,8
1459607,9.74347131589743,12
1459618,9.768454403478177,11
1459632,9.704643911029988,14
1459650,7.342596197058687,18
1459661,9.74143849114932,11
1459664,9.964758757657869,3
1459673,9.834740358201364,9
1459683,9.788569146091472,10
1459688,9.905867225189871,5
1459694,9.866169628536515,6
1459711,9.65186459320702,17
1459718,9.896105851352212,7
1459734,9.657356872492139,16
1459738,9.83182784911125,4
1459739,10.0,1
1459764,9.128903163232822,25
1459776,9.747314905036504,12
1459800,9.483672643192277,24
1459813,9.679932130480498,13
1459818,9.913790958387978,5
1459826,9.850619705447965,8
1459838,9.762815030708511,12
1459846,9.847678481287815,8
1459852,9.907554020265708,6
1459867,9.662024305564652,15
1459883,9.641847874676396,16
1459902,9.54249734604139,19
1459906,9.93150294937376,4
1459910,9.953082643151692,4
1459928,9.35445099581373,18
1459933,9.908457325339242,5
1459948,9.699272284792709,15
1459965,9.557822135592136,17
1459984,9.276852340059554,19
1459993,9.807188564053494,9
1459995,9.98616096422191,2
1460002,9.876410564680986,7
1460008,9.893739567362243,6
1460030,9.588950088039905,22
1460038,9.849440244472275,8
1460047,9.842871084449877,9
1460051,9.93667565818198,4
1460063,9.761589171368005,12
1460075,9.738282418227547,12
1460076,10.0,1
1460109,9.286449455566508,33
1460122,9.748662901475898,13
1460144,9.505872328326792,22
1460157,9.661885103504499,13
1460175,9.623160111972854,18
1460181,9.909723951948445,6
1460196,9.560104125242113,15
1460211,9.72976540259481,15
1460218,9.87683039178021,7
1460220,9.969567061777427,2
1460225,9.929564973187507,5
1460236,9.782124446427986,11
1460250,9.706805410409316,14
1460269,9.58508511256466,19
1460281,9.765830608154845,12
1460286,9.924268048424809,5
1460288,9.977793409409083,2
1460360,8.595293428767068,72
1460377,9.598629012142382,17
1460392,9.677532308819195,15
1460403,9.765053998562166,11
1460410,9.852366788119802,7
1460414,9.94754261976461,4
1460421,9.880812257244424,7
1460441,9.588760199352286,20
1460447,9.885123021011454,6
1460455,9.876474636494253,8
1460456,10.0,1
1460470,9.726739072252034,14
1460471,10.0,1
1460485,9.725957750822744,14
1460503,9.622558625845189,18
1460520,9.621573768059347,17
1460521,10.0,1
1460522,10.0,1
1460545,9.443405886834094,23
1460549,9.949776733577986,4
1460559,9.765846784562035,10
1460573,9.743794517903291,14
1460574,10.0,1
1460585,9.77570242651196,11
1460592,9.871195607704294,7
1460596,9.936876831743076,4
1460607,9.79443509623785,11
1460617,9.78196895805127,10
1460627,9.813441919966234,10
1460628,10.0,1
1460642,9.612649169224936,14
1460664,9.527636118436849,22
1460669,9.910928877498854,5
1460688,9.562022757916244,19
1460690,9.977789889465681,2
1460699,9.817853031767873,9
1460720,9.572128210732908,21
1460734,9.700833858629897,14
1460740,9.900094881014482,6
1460745,9.907595844007727,5
1460748,9.9484981672326,3
1460749,10.0,1
1460764,9.70286889919698,15
1460773,9.821357736430404,9
1460782,9.849285419246327,9
1460797,9.67555467673825,15
1460807,9.792452256648604,10
1460822,9.670603250835383,15
1460836,9.768696996706693,14
1460837,10.0,1
1460850,9.721602293337176,13
1460898,8.78577435390568,48
1460907,9.841327780240842,9
1460919,9.653878366446088,12
1460933,9.678449828802242,14
1460947,9.624587335529258,14
1460957,9.783179230009674,10
1460963,9.87748449658511,6
1460990,9.01044365048728,27
1460996,9.903218838665095,6
1461067,8.570608592488826,71
1461214,-45.752365537248394,147
1461219,9.925590531189693,5
1461223,9.951908927911152,4
1461224,10.0,1
1461225,10.0,1
1461226,10.0,1
1461232,9.902251988151452,6
1461235,9.961949850359845,3
1461236,9.993213977052287,1
1461248,9.736392069761127,12
1461257,9.79010179628951,9
1461268,9.77523206027436,11
1461285,9.648341603765008,17
1461286,10.0,1
1461299,9.768526023358007,13
1461303,9.939828045148714,4
1461311,9.849395653677021,8
1461317,9.901278236482792,6
1461329,9.748553635444043,12
1461343,9.753945244807802,14
1461354,9.7788401230398,11
1461365,9.80644344508991,11
1461376,9.771212445635012,11
1461389,9.69312531773984,13
1461424,9.062252729582982,35
1461444,9.548039766872233,20
1461448,9.931227796333825,4
1461456,9.856186505417938,8
1461457,9.991737994279152,1
1461467,9.805158302054728,10
1461489,9.50098045525051,22
1461514,9.537442990312028,25
1461518,9.93154986247791,4
1461519,9.988978739602075,1
1461533,9.703409276883386,14
1461540,9.695189988692652,7
1461549,9.838639782529611,9
1461561,9.741571311759738,12
1461585,9.446107188260607,24
1461597,9.742880797204124,12
1461608,9.808363374846001,11
1461610,9.978931472459033,2
1461611,9.992277933356998,1
1461612,9.988358963424025,1
1461625,9.741130428281174,13
1461631,9.885516560844463,6
1461642,9.76622341568988,11
1461658,9.682908423087607,16
1461671,9.76927965548996,13
1461672,10.0,1
1461695,9.529032224346048,23
1461705,9.772676819534185,10
1461722,9.650819925818192,17
1461737,9.669270845695594,15
1461740,9.952996423888605,3
1461747,9.877420714181397,7
1461759,9.75438987158361,12
1461770,9.782000318585323,11
1461795,9.455608693810612,25
1461796,9.989206186418398,1
1461807,9.774626469939063,11
1461814,9.870211347782083,7
1461831,9.663046260510713,17
1461837,9.892039732505998,6
1461840,9.962321778898023,3
1461850,9.817635773807352,10
1461861,9.787233728948664,11
1461870,9.845811182774943,9
1461877,9.868389079166057,7
1461885,9.838473914683565,8
1461894,9.807876883258007,9
1461896,9.98468947351787,2
1461903,9.862186800146873,7
1461904,10.0,1
1461919,9.684868717285738,15
1461924,9.916747260714445,5
1461925,10.0,1
1461933,9.831743140141851,8
1461948,9.697267194603377,15
1461953,9.92551053951716,5
1461964,9.755155353018337,11
1461970,9.897255670573582,6
1461977,9.876452057184244,7
1461984,9.898304751183707,7
1461989,9.907688904557322,5
1461991,9.974372021048996,2
1461992,10.0,1
1461993,10.0,1
1462003,9.796889452520604,10
1462025,9.157743002937304,22
1462036,9.811366453864537,11
1462041,9.9142086639105,5
1462042,10.0,1
1462049,9.877779434633776,7
1462053,9.929644966183737,4
1462067,9.672574951952896,14
1462079,9.739272240541716,12
1462088,9.820572118016017,9
1462102,9.695001068143144,14
1462119,9.602650965797118,17
1462125,9.89752093309596,6
1462137,9.788161190419665,12
1462138,10.0,1
1462140,9.984401377139992,2
1462145,9.919876082788178,5
1462156,9.761940341261054,11
1462188,9.248915406065752,32
1462197,9.803944997641915,9
1462211,9.70642941304915,14
1462233,9.488629294618619,22
1462240,9.885179134870365,7
1462253,9.741956209319198,13
1462269,9.634432496086202,16
1462270,10.0,1
1462278,9.553991450635223,8
1462287,9.803097826692222,9
1462300,9.721239582259578,13
1462307,9.880144173502703,7
1462319,9.823285341838298,12
1462329,9.78768023650534,10
1462338,9.841087896677362,9
1462347,9.830621037568635,9
1462360,9.677530720765951,13
1462371,9.705279940032122,11
1462377,9.911316363363895,6
1462391,9.688680055532508,14
1462400,9.824843147111912,9
1462406,9.896850775469495,6
1462427,9.526478334144569,21
1462428,9.988610610732621,1
1462440,9.742530802090153,12
1462445,9.928357733324255,5
1462456,9.768323053440819,11
1462461,9.920015709240795,5
1462468,9.87804827679326,7
1462486,9.624706603728878,18
1462492,9.912692849607108,6
1462493,10.0,1
1462500,9.865117377532082,7
1462521,9.44632760022476,21
1462536,9.640554376521804,15
1462542,9.903081602756238,6
1462572,9.4001447194327,30
1462576,9.934219323310593,4
1462583,9.85695368104966,7
1462598,9.716195170807902,15
1462607,9.838682479270183,9
1462621,9.702788946329717,14
1462641,9.549131751556507,20
1462644,9.954411047539445,3
1462649,9.916258869305556,5
1462659,9.82512686151314,10
1462660,10.0,1
1462662,9.971401674189416,2
1462670,9.836410247001506,8
1462684,9.711321139885765,14
1462699,9.551857831991722,15
1462702,9.950796815789442,3
1462703,10.0,1
1462715,9.701029857794548,12
1462730,9.652340795867119,15
1462740,9.806386187899289,10
1462747,9.87966850379306,7
1462769,9.289843993403728,22
1462778,9.722913275298957,9
1462786,9.852332275528045,8
1462802,9.642813876890461,16
1462809,9.86714537639788,7
1462825,9.574735453864276,16
1462838,9.254301513095754,13
1462850,9.770807378121138,12
1462864,9.743330913287043,14
1462865,10.0,1
1462873,9.82696023795895,8
1462927,8.66174591830696,54
1462936,9.850173572337583,9
1462942,9.91693740898081,6
1462956,9.679505355967272,14
1462961,9.910702055499055,5
1462968,9.875459068803389,7
1462983,9.672973013262256,15
1462995,9.724146682140926,12
1462998,9.959593728057687,3
1463005,9.868739613594213,7
1463011,9.899566736225692,6
1463022,9.772468149751326,11
1463036,9.747801740962974,14
1463048,9.76222266814541,12
1463063,9.692763769710169,15
1463069,9.892047576783957,6
1463072,9.961063399423988,3
1463084,9.76578854409135,12
1463087,9.951618978421347,3
1463095,9.845582870324042,8
1463104,9.816111099378407,9
1463117,9.726499508285947,13
1463136,9.64024712857647,19
1463137,10.0,1
1463147,9.792120998093658,10
1463153,9.891514985196485,6
1463160,9.870517496383426,7
1463167,9.593438077002766,7
1463176,9.82172192048294,9
1463178,9.979879789080368,2
1463192,9.591579345515939,14
1463194,9.972166511728672,2
1463208,9.688317171252649,14
1463221,9.446818324598382,13
1463222,10.0,1
1463233,9.781885148518453,11
1463244,9.768803312403218,11
1463254,9.804890758192277,10
1463275,9.51402494994007,21
1463294,9.557346657994104,19
1463295,10.0,1
1463303,9.8383622150592,8
1463309,9.897697389492649,6
1463321,9.765892072063933,12
1463339,9.62199396708682,18
1463348,9.821924157609054,9
1463349,9.992780999662738,1
1463369,9.228530048904585,20
1463380,9.781375341693959,11
1463394,9.754734431425318,14
1463396,9.974314742477954,2
1463407,9.757470050779986,11
1463430,9.451056671279437,23
1463431,10.0,1
1463453,9.541312251936494,22
1463466,9.721742396343338,13
1463467,9.991442144782102,1
1463472,9.905856640129839,5
1463478,9.897483243611344,6
1463493,9.660220730218533,15
1463494,10.0,1
1463495,10.0,1
1463506,9.782610206596871,11
1463532,9.475697915688695,26
1463543,9.775979618052645,11
1463570,9.511040820014008,27
1463581,9.769346661786166,11
1463585,9.945296109179681,4
1463601,9.633761316854967,16
1463610,9.831707241051324,9
1463622,9.793380582515402,12
1463634,9.749288060539278,12
1463642,9.850892239677245,8
1463643,10.0,1
1463644,10.0,1
1463664,9.521765434024909,20
1463691,9.4381196887674,27
1463707,9.690115557854282,16
1463732,9.440370796500117,25
1463758,9.47844530525603,26
1463766,9.85643364296583,8
1463775,9.823708423784751,9
1463783,9.840856224070398,8
1463791,9.859574393716525,8
1463814,9.432666919201846,23
1463823,9.810212863901478,9
1463836,9.526380315509673,13
1463856,9.53106486736899,20
1463869,9.735454143829207,13
1463886,9.698496140366858,17
1463896,9.785280544867339,10
1463897,10.0,1
1463930,9.391269163790348,33
1463933,9.960998477023546,3
1463939,9.896038615870342,6
1464072,-40.75421776016197,133
1464076,9.950716771629939,4
1464088,9.738751867302486,12
1464099,9.809613169608035,11
1464106,9.856836411297614,7
1464117,9.837486494209843,11
1464118,9.992610284797886,1
1464122,9.932642928828493,4
1464128,9.900084004239474,6
1464141,9.721289351257592,13
1464149,9.874061268877641,8
1464160,9.745009545608367,11
1464173,9.65369991905683,13
1464190,9.641247966806635,17
1464191,10.0,1
1464196,9.916938907126097,5
1464199,9.95770765586641,3
1464206,9.864680875330086,7
1464232,9.251771704745053,26
1464240,9.85646912240422,8
1464261,9.49207671653383,21
1464276,9.649681725878041,15
1464284,9.852338608240398,8
1464291,9.886285910991685,7
1464298,9.872075968444609,7
1464304,9.90040078813319,6
1464324,9.536607017656044,20
1464325,10.0,1
1464341,9.657081674943267,16
1464354,9.752935793126422,13
1464387,9.15491155416445,33
1464409,9.346503556780412,22
1464417,9.881971736942436,8
1464420,9.965598249185392,3
1464460,9.178131388449456,40
1464468,9.821073494808997,8
1464476,9.835413790865832,8
1464489,9.746496971961042,13
1464498,9.837856439978982,9
1464512,9.682791989673087,14
1464522,9.790877617524519,10
1464526,9.932891687519982,4
1464540,9.713264151836187,14
1464552,9.746056849050692,12
1464558,9.874787756326258,6
1464577,9.571763703570976,19
1464588,9.76564085907825,11
1464601,9.733351771257254,13
1464620,9.606510439447382,19
1464627,9.891132347141653,7
1464641,9.71655732961545,14
1464642,10.0,1
1464647,9.930296711046413,5
1464655,9.876237356667511,8
1464664,9.794052666934405,9
1464690,8.430969376122626,26
1464700,9.793149854649533,10
1464713,9.744659565419667,13
1464720,9.863711481879086,7
1464725,9.927943027532141,5
1464740,9.649483032438633,15
1464748,9.849408527179664,8
1464750,9.981509907816385,2
1464759,9.819637521193114,9
1464764,9.918677644230186,5
1464780,9.667542507000878,16
1464786,9.915411388542818,6
1464798,9.763177041930943,12
1464806,9.843601499263828,8
1464819,9.709946991824298,13
1464827,9.82639184193353,8
1464944,7.934206929080657,117
1464955,9.773332028268609,11
1464959,9.944195253965981,4
1464964,9.902889595944986,5
1464965,10.0,1
1464977,9.772456147905835,12
1464986,9.816865496130784,9
1464991,9.91391793677714,5
1465006,9.67206225267754,15
1465014,9.851739212319986,8
1465026,9.717526635153355,12
1465032,9.902709826866623,6
1465046,9.71123908326549,14
1465054,9.865428248398773,8
1465059,9.924660076879062,5
1465069,9.806414179146175,10
1465085,9.721769240604429,16
1465088,9.9651732679334,3
1465103,9.664062497181117,15
1465118,9.762665756299977,15
1465128,9.81827492854975,10
1465129,10.0,1
1465139,9.825029083673746,10
1465144,9.936297412030516,5
1465145,10.0,1
1465157,9.739889450436968,12
1465158,9.995948744061938,1
1465164,9.918772305198257,6
1465178,9.737748821089504,14
1465189,9.793612421426516,11
1465190,10.0,1
1465225,9.314497283332555,35
1465235,9.778069866912636,10
1465263,9.34073170485722,28
1465270,9.879749211798124,7
1465282,9.76005461745339,12
1465290,9.86316630282279,8
1465294,9.950584812886609,4
1465309,9.692570530803572,15
1465318,9.793201255610443,9
1465331,9.775522472921171,13
1465333,9.972132570429649,2
1465334,10.0,1
1465345,9.784263018062282,11
1465346,9.996591201613896,1
1465358,9.755085730530531,12
1465366,9.84297842053507,8
1465378,9.788879432170512,12
1465390,9.729696424611685,12
1465400,9.832994476038317,10
1465414,9.677949429605484,14
1465423,9.826546298106987,9
1465433,9.764362870832835,10
1465434,10.0,1
1465439,9.91489489581898,5
1465479,9.226579612558648,40
1465486,9.880086446546764,7
1465498,9.761024476654704,12
1465504,9.888994389232076,6
1465516,9.780808328036874,12
1465534,9.584578225958031,18
1465554,9.347051987639356,20
1465575,9.565375076318594,21
1465614,9.205502758889686,39
1465627,9.716067865185178,13
1465644,9.681069024199699,17
1465653,9.818825386378537,9
1465658,9.930189803744858,5
1465675,9.592346586421865,17
1465692,9.598989495023043,17
1465705,9.795040683655802,13
1465713,9.890330479255606,8
1465732,9.658140833866515,19
1465762,9.329593802577024,30
1465777,9.666935379664077,15
1465785,9.842508382546718,8
1465809,9.41420354854375,24
1465816,9.878717890655317,7
1465818,9.975603166672597,2
1465827,9.831407913788167,9
1465842,9.66804227761661,15
1465843,10.0,1
1465849,9.889668705429363,6
1465862,8.849889708139669,13
1465879,9.62853568020826,17
1465894,9.685300846132465,15
1465895,10.0,1
1465919,9.328662434484011,24
1465939,9.235691895105296,20
1465959,8.66371648934641,20
1465966,9.873036917138094,7
1465980,9.702744126251847,14
1465990,9.78448574292413,10
1466014,9.562653968949569,24
1466015,10.0,1
1466026,9.759329878041445,11
1466033,9.862774019515786,7
1466042,9.84036421719586,9
1466057,9.712415179581766,15
1466065,9.8576591437696,8
1466073,9.872855176604999,8
1466079,9.887392267561017,6
1466093,9.749135077296478,14
1466101,9.840062348988763,8
1466107,9.913957353344022,6
1466133,9.37643524953483,26
1466140,9.861396639782296,7
1466141,9.989170632616966,1
1466155,9.68680532203585,14
1466162,9.856971598251747,7
1466163,10.0,1
1466176,9.733343044636216,13
1466187,9.755557848415823,11
1466196,9.805953827220652,9
1466214,9.535938676077189,18
1466224,9.795927368154599,10
1466229,9.91915508021645,5
1466237,9.849757660921881,8
1466246,9.85804992591954,9
1466258,9.734940038719875,12
1466279,7.749195454723987,21
1466291,9.7504003355064,12
1466302,9.79263167459086,11
1466308,9.896739516802471,6
1466314,9.883155654035084,6
1466325,9.777993791940753,11
1466340,9.653425386819006,15
1466356,9.622482377727904,16
1466363,9.865920283727299,7
1466372,9.832648570872815,9
1466384,9.747546273600753,12
1466389,9.903752341531748,5
1466398,9.814634433959093,9
1466413,9.681697561416138,15
1466423,9.819436170609768,10
1466439,9.696337848457443,16
1466449,9.788440674870493,10
1466456,9.881300676892918,7
1466465,9.802050558912077,9
1466469,9.945406094377207,4
1466475,9.878100453909575,6
1466483,9.839664400844688,8
1466502,9.638596058517862,19
1466507,9.908977943407006,5
1466513,9.890090554805012,6
1466530,9.609070499870098,17
1466531,10.0,1
1466536,9.909487864536379,5
1466555,9.592828753750503,19
1466562,9.872351983813722,7
1466573,9.761488398794873,11
1466582,9.805151569523517,9
1466591,9.855045472190916,9
1466602,9.756880508100924,11
1466622,9.503949780571276,20
1466639,9.634748028459313,17
1466646,9.8801082485279,7
1466657,9.770832495860777,11
1466674,9.67832644661717,17
1466689,9.45868794070113,15
1466697,9.824217762001817,8
1466714,9.626943170408024,17
1466729,9.668611818188479,15
1466746,9.61752323783665,17
1466756,9.818925775857902,10
1466763,9.871169372298448,7
1466773,9.82747568878316,10
1466784,9.81698898465041,11
1466793,9.813509821575774,9
1466809,9.443541305381803,16
1466816,9.861673491307329,7
1466820,9.935217924754769,4
1466833,9.727773158403014,13
1466835,9.973454919278286,2
1466836,10.0,1
1466842,9.902516572480579,6
1466863,9.27918614543395,21
1466875,9.740939822089066,12
1466893,9.613819031116224,18
1466911,9.618038582110882,18
1466912,10.0,1
1466923,9.776158740062174,11
1466933,9.803577804572315,10
1466941,9.848139353402685,8
1466947,9.89781561689226,6
1466952,9.899841497439413,5
1466959,9.889937906026768,7
1466974,9.656415471404353,15
1466984,9.771586839464879,10
1466998,9.701900013135154,14
1467012,9.685524663609122,14
1467022,9.778035212293872,10
1467027,9.928415106712247,5
1467034,9.87959755141397,7
1467035,10.0,1
1467058,9.445638417216994,23
1467071,9.697902256571272,13
1467074,9.953844676773093,3
1467088,9.678612029730173,14
1467093,9.919305723037217,5
1467102,9.812842652101146,9
1467103,10.0,1
1467115,9.731833130036474,12
1467127,9.769837700077758,12
1467143,9.671568804973257,16
1467151,9.835817909315313,8
1467152,10.0,1
1467171,9.533273012608344,19
1467172,10.0,1
1467190,9.586681814612339,18
1467214,9.344662240915829,24
1467226,9.75579543067523,12
1467237,9.775049109477317,11
1467248,9.782971359337239,11
1467261,9.730332970406712,13
1467268,9.907205837576313,7
1467280,9.735671204881891,12
1467293,9.724878289062403,13
1467308,9.677750942844561,15
1467317,9.850936331917815,9
1467335,9.599481723712083,18
1467345,9.779677122130957,10
1467353,9.84260800513092,8
1467367,9.443614450776682,14
1467372,9.921353668471296,5
1467387,9.664561571310179,15
1467400,9.697474694312675,13
1467416,9.6796523859591,16
1467417,10.0,1
1467423,9.914060181407665,6
1467426,9.95552898623259,3
1467436,9.794686765704208,10
1467449,9.725974022331926,13
1467475,9.387505022029442,26
1467490,9.69326747575187,15
1467502,9.719708780356406,12
1467511,9.802192075480097,9
1467517,9.881381100962054,6
1467535,9.554729517958023,18
1467544,9.814651744245301,9
1467546,9.973928326613219,2
1467563,9.576141019356196,17
1467579,9.622766572731335,16
1467588,9.832061580307736,9
1467595,9.892612655112721,7
1467604,9.803114926781946,9
1467613,9.823593494006493,9
1467617,9.946532529308808,4
1467623,9.903738626052776,6
1467636,9.731416823563448,13
1467643,9.871883166138668,7
1467650,9.855829067413348,7
1467666,9.654981466854645,16
1467672,9.904715488719303,6
1467686,9.742868673090419,14
1467693,9.864342741753047,7
1467709,9.65981460559914,16
1467722,9.129780941551328,13
1467728,9.896923534968208,6
1467738,9.813880390865114,10
1467751,9.774880898286648,13
1467762,9.471617724629478,11
1467770,9.873009115434975,8
1467784,9.658856008126573,14
1467785,10.0,1
1467795,9.805535964419892,10
1467805,9.79989325353115,10
1467807,9.980618501222636,2
1467830,9.445098890914366,23
1467832,9.98135078757331,2
1467835,9.961627127049656,3
1467839,9.93946699911755,4
1467857,9.558301404017024,18
1467867,9.807027032757183,10
1467880,9.711563002998496,13
1467897,9.605581057302839,17
1467898,10.0,1
1467915,9.649109993118929,17
1467923,9.854318081015457,8
1467932,9.794425840471414,9
1467962,1.783659344499604,30
1467963,10.0,1
1467979,9.676709019345772,16
1467987,9.850659901817677,8
1467988,9.988912434044979,1
1468006,9.637912885148967,18
1468016,9.769134867260236,10
1468030,9.706109966909192,14
1468038,9.813611629136066,8
1468049,9.767959210141019,11
1468050,9.996659531192925,1
1468051,10.0,1
1468062,9.758105326146751,11
1468081,9.628622389984898,19
1468098,9.602211523812572,17
1468106,9.848030012850957,8
1468116,9.801880885517187,10
1468119,9.955716654414118,3
1468120,10.0,1
1468129,9.812690883497249,9
1468140,9.600874764022597,11
1468154,9.70333335264681,14
1468162,9.864985966380075,8
1468175,9.702835504475324,13
1468181,9.889009427304668,6
1468187,9.90336975415335,6
1468197,9.794962874400463,10
1468205,9.85052839909685,8
1468219,9.67697789299792,14
1468220,10.0,1
1468237,9.651197429002583,17
1468250,9.798684017606293,13
1468261,9.784340754624376,11
1468270,9.843167140030882,9
1468287,9.630522238519399,17
1468294,9.877865983015537,7
1468310,9.653620799335888,16
1468320,9.78739756106226,10
1468334,9.71461724996923,14
1468354,9.655234727553076,20
1468367,9.748156295618921,13
1468375,9.866102716289932,8
1468380,9.924113042835423,5
1468391,9.799232587581912,11
1468397,9.885817204929465,6
1468408,9.74304588805638,11
1468422,9.71422541115498,14
1468428,9.881523629821448,6
1468433,9.919543718565341,5
1468450,9.133985014825122,17
1468463,9.749461887723205,13
1468480,9.64207570911077,17
1468483,9.962135335838088,3
1468490,9.881153969074397,7
1468491,10.0,1
1468503,9.717560843035328,12
1468504,10.0,1
1468506,9.979778819016161,2
1468518,9.725657612307028,12
1468523,9.92101696521331,5
1468524,10.0,1
1468561,9.137578695387905,37
1468573,9.766971314643648,12
1468574,9.987862375429225,1
1468589,9.579622288038342,15
1468599,9.789168645881393,10
1468606,9.878938272618061,7
1468616,9.791192472889165,10
1468620,9.946884337955145,4
1468622,9.972663447052744,2
1468623,9.989364201600713,1
1468632,9.80415084966057,9
1468638,9.90012723051666,6
1468645,9.850325812889507,7
1468658,9.709336660160158,13
1468659,10.0,1
1468665,9.886663043561018,6
1468671,9.88688661393025,6
1468678,9.866671289064241,7
1468690,9.7383453081576,12
1468698,9.83464205176795,8
1468706,9.87823615097581,8
1468724,9.61145542662365,18
1468734,9.830880435635972,10
1468740,9.895944019512271,6
1468747,9.861457141986847,7
1468751,9.346287798013105,4
1468761,9.75726428858964,10
1468766,9.915975244997947,5
1468772,9.898946522085465,6
1468783,9.758526028951396,11
1468786,9.954489239200667,3
1468789,9.953013447457566,3
1468804,9.681649133175814,15
1468814,9.769387626844047,10
1468822,9.87933960468849,8
1468828,9.922055594152333,6
1468834,9.904205716457069,6
1468847,9.761739030668364,13
1468859,9.72331233226814,12
1468871,9.742372411864793,12
1468876,9.920134978256629,5
1468882,9.90001095929315,6
1468896,9.762722413731101,14
1468907,9.749207181081712,11
1468924,9.653370662871591,17
1468945,9.513203573859139,21
1468956,9.753001890967989,11
1468961,9.92460047353033,5
1468967,9.891226573234922,6
1468976,9.83530200611472,9
1468988,9.739029311516566,12
1469003,9.673002980751228,15
1469015,9.762754854312417,12
1469020,9.92848660533269,5
1469028,9.846911630132038,8
1469038,9.779423205817682,10
1469049,9.76060804348605,11
1469054,9.935346122755199,5
1469074,9.60614516567648,20
1469092,9.596029805240748,18
1469103,9.76003239278014,11
1469114,9.76712939999797,11
1469120,9.903135076492484,6
1469133,9.721736683860051,13
1469145,9.762041921397275,12
1469162,9.693756277405374,17
1469174,9.710607981699457,12
1469188,9.67610100915365,14
1469194,9.904587405610476,6
1469213,9.456664747036003,19
1469248,9.112585659431195,35
1469256,9.83866238149956,8
1469265,9.808153382913835,9
1469296,9.31623887043281,31
1469315,9.642571946433085,19
1469321,9.902320887249196,6
1469333,9.746220553994615,12
1469352,9.561144035501528,19
1469353,10.0,1
1469361,9.834073372594872,8
1469370,9.806677445895406,9
1469383,9.713592267502296,13
1469396,9.730447076439068,13
1469411,9.65778250873471,15
1469412,10.0,1
1469421,9.861692320068629,9
1469426,9.921028363889922,5
1469438,9.757360770800792,12
1469450,9.747671497662576,12
1469460,9.791164042566091,10
1469468,9.851780752785352,8
1469484,9.727746967641268,16
1469493,9.836856781859499,9
1469502,9.80968959214707,9
1469506,9.940542898105253,4
1469511,9.91176887194256,5
1469521,9.783217185266274,10
1469524,9.971899067046099,3
1469536,9.786862216599589,12
1469543,9.875563700253645,7
1469556,9.752760245372864,13
1469561,9.924521242935286,5
1469567,9.91288790377437,6
1469575,9.84831699289559,8
1469583,9.829829112688154,8
1469592,9.807527088177238,9
1469607,9.720858019901666,15
1469623,9.646767164748237,16
1469641,9.598823595985728,18
1469644,9.953811595267904,3
1469653,9.82676677589653,9
1469664,9.756044614238766,11
1469672,9.842788950399125,8
1469685,9.700402346678432,13
1469691,9.895217737070007,6
1469701,9.782438835592503,10
1469708,9.854853334379508,7
1469719,9.756501294433791,11
1469722,9.96134162853686,3
1469731,9.800903573184105,9
1469737,9.890138177218663,6
1469744,9.867887116655636,7
1469746,9.974644887480254,2
1469757,9.790026153010581,11
1469767,9.814839272760963,10
1469775,9.829293851741145,8
1469785,9.794178109339596,10
1469786,10.0,1
1469787,10.0,1
1469804,9.64584139565178,17
1469813,9.798261208593724,9
1469826,9.715964831917683,13
1469828,9.980590510587286,2
1469843,9.67115274796233,15
1469848,9.911395147441835,5
1469869,9.539006761371821,21
1469878,9.832153776007113,9
1469896,9.596605834235339,18
1469915,9.617562943330123,19
1469925,9.811487441714743,10
1469934,9.83819318409175,9
1469945,9.77745761463569,11
1469958,9.757257973228139,13
1469973,9.738891556760208,15
1469981,9.840296797612925,8
1469982,10.0,1
1469988,9.889670923886337,6
1469995,9.855796408970287,7
1470003,9.862510831909272,8
1470007,9.938069577751138,4
1470024,9.60770067190537,17
1470025,9.992067085451538,1
1470037,9.768008944290827,12
1470069,9.410216988287601,32
1470082,9.705096609809168,13
1470086,9.93691728592706,4
1470087,9.996651492037884,1
1470103,9.44024051791586,16
1470105,9.975485852330426,2
1470118,9.722394457702446,13
1470139,9.51459331884291,21
1470153,9.658299516578774,14
1470166,9.753697836228046,13
1470178,9.727752109514073,12
1470190,9.752564209123902,12
1470197,9.879583568974404,7
1470208,9.79847092522574,11
1470221,9.714997045754087,13
1470231,9.798492018866774,10
1470240,9.833826588563165,9
1470265,9.254707123682651,25
1470266,10.0,1
1470275,9.811299190124753,9
1470287,9.749859684149197,12
1470297,9.796071341277868,10
1470302,9.918648511696537,5
1470337,9.178785713298947,35
1470352,9.674880439592133,15
1470363,9.770298622941102,11
1470371,9.845890526702695,8
1470391,9.577356244517365,20
1470392,10.0,1
1470401,9.813646411030154,9
1470416,8.935661349312245,15
1470417,10.0,1
1470423,9.885969379045305,6
1470436,9.717175916675098,13
1470439,9.963255020703048,3
1470448,9.808000914092707,9
1470455,9.8666620004496,7
1470465,9.486053723427988,10
1470473,9.839328778011549,8
1470480,9.854937859218246,7
1470493,9.756967927701254,13
1470500,9.856619973760012,7
1470508,9.841867585060308,8
1470521,9.715751707143669,13
1470536,9.70951064924314,15
1470551,9.696349159793066,15
1470561,9.837753524443162,10
1470578,9.611178634863945,17
1470583,9.899565095503863,5
1470599,9.655935801705699,16
1470609,9.799083993412916,10
1470625,9.470050267985744,16
1470645,9.575734055818847,20
1470650,9.9285020672819,5
1470661,9.68740686247245,11
1470673,9.739199309890973,12
1470674,10.0,1
1470680,9.915941012454502,6
1470681,10.0,1
1470682,10.0,1
1470697,9.700394603706577,15
1470707,9.820994959757837,10
1470716,9.816060713976956,9
1470727,9.778468014449688,11
1470739,9.735808589610013,12
1470765,9.466431832798275,26
1470775,9.697203749825242,10
1470782,9.863676050072595,7
1470792,9.803142189058654,10
1470798,9.886079092742913,6
1470817,9.567268928392517,19
1470827,9.774938728315886,10
1470828,10.0,1
1470836,9.844175162297066,8
1470843,9.871294003374379,7
1470860,9.613253550547686,17
1470885,9.578362831013623,25
1470894,9.800172551182355,9
1470909,9.733764675261185,15
1470923,9.737548211573822,14
1471423,-13.05306460198497,500
1471437,9.73310481903547,14
1471450,9.747857968721119,13
1471459,9.801282222713795,9
1471475,9.654781994489806,16
1471489,9.516255986747149,14
1471490,10.0,1
1471502,9.757814401634734,12
1471513,9.761734330713276,11
1471523,9.808315694755184,10
1471529,9.898564805979998,6
1471532,9.965929949370839,3
1471539,9.868121248208109,7
1471542,9.963977829541022,3
1471550,9.817530638093299,8
1471556,9.891571614371943,6
1471557,9.996573656485015,1
1471562,9.94225095947435,5
1471563,9.992477785904013,1
1471573,9.78775531054577,10
1471583,9.824275966234019,10
1471589,9.884129994752563,6
1471593,9.92940788155169,4
1471604,9.749113570047484,11
1471615,9.758543310102972,11
1471630,9.65124713542118,15
1471639,9.810776089425014,9
1471647,9.845711351332989,8
1471663,9.68842161579,16
1471675,9.766568482553188,12
1471676,10.0,1
1471684,9.84372889977571,8
1471693,9.806531999163376,9
1471700,9.875261530269142,7
1471722,9.433777511406893,22
1471733,9.75509288168284,11
1471742,9.809000900964218,9
1471747,9.911973385459248,5
1471767,9.590995449277298,20
1471770,9.967573084851953,3
1471782,9.754306863593756,12
1471787,9.630402887702118,5
1471791,9.638944626452211,4
1471798,9.884569213041146,7
1471810,9.740242837207099,12
1471818,9.855343219308091,8
1471823,9.923376505992083,5
1471829,9.891072747209389,6
1471841,9.770905770778931,12
1471848,9.884303962293842,7
1471849,9.99282226131309,1
1471865,9.656139763494798,16
1471874,9.796628280973051,9
1471883,9.836779829770572,9
1471890,9.857863148788498,7
1471911,9.554592643312194,21
1471918,9.88144043265874,7
1471929,9.779036888760189,11
1471942,9.713129242554832,13
1471952,9.807077952140165,10
1471976,9.421723661366222,24
1471987,9.783040035932725,11
1471988,10.0,1
1471989,9.988681756097323,1
1471993,9.945211258159874,4
1472002,9.797693447150317,9
1472004,9.981424762952136,2
1472015,9.750728386568227,11
1472029,9.66170821039398,14
1472037,9.834441652288078,8
1472040,9.966539443892213,3
1472052,9.776402249081384,12
1472067,9.667138638823097,15
1472082,9.729210901225741,15
1472097,9.660746813881762,15
1472106,9.84056910685967,9
1472113,9.858107490348099,7
1472127,9.7002528654516,14
1472145,9.58422700971432,18
1472164,9.528149611774323,19
1472171,9.883339451423565,7
1472185,9.70794996078845,14
1472202,9.60647826121952,17
1472217,9.694474513270432,15
1472230,9.622748029561075,13
1472237,9.902745353696579,7
1472250,9.679293801045365,13
1472256,9.89310877245983,6
1472262,9.898103189789582,6
1472277,9.498262727340153,15
1472286,9.827633614567654,9
1472301,9.691538537315738,15
1472313,9.796192788489156,12
1472323,9.829998353875585,10
1472331,9.838741000632034,8
1472335,9.9372526041735,4
1472336,10.0,1
1472353,9.624818326906812,17
1472365,9.764493623281671,12
1472375,9.76719483719343,10
1472409,8.91229579284979,34
1472419,9.830371367352003,10
1472424,9.916239357998181,5
1472434,9.516701716012847,10
1472435,10.0,1
1472445,9.853513071653396,10
1472456,9.769796327314168,11
1472473,9.634002681755081,17
1472485,9.733122311403946,12
1472491,9.915794841935561,6
1472492,10.0,1
1472507,9.742572262062458,15
1472513,9.904338388418868,6
1472525,9.739526048665919,12
1472537,9.743349376001575,12
1472547,9.798508458357876,10
1472548,10.0,1
1472559,9.799388357956062,11
1472566,9.88318010454652,7
1472567,9.996563279247637,1
1472575,9.82794916638558,8
1472577,9.977036811097749,2
1472589,9.764499509336046,12
1472591,9.975503053290723,2
1472610,9.65498057987648,19
1472631,9.542948812529122,21
1472648,9.637787986910528,17
1472657,9.722950528250998,9
1472668,9.483609520423487,11
1472671,9.957522872492111,3
1472684,9.699607552266224,13
1472693,9.824557164328276,9
1472705,9.736447378674377,12
1472709,9.93985835808389,4
1472725,9.610965613533363,16
1472741,9.592772596553257,16
1472748,9.857578259169909,7
1472749,10.0,1
1472758,9.852240228777871,9
1472774,9.626449796991098,16
1472782,9.849866210040723,8
1472785,9.945234471948469,3
1472787,9.97168658914553,2
1472795,9.855711771050737,8
1472807,9.727493960948774,12
1472819,9.771966597391389,12
1472824,9.928183103156893,5
1472833,9.811455503662602,9
1472853,9.642971801437108,20
1472865,9.763541337516699,12
1472876,9.769657792654579,11
1472888,9.754265047048962,12
1472890,9.983477277502493,2
1472897,9.879110598853753,7
1472913,9.614711436415146,16
1472925,9.71017922060272,12
1472933,9.847779646789046,8
1472942,9.84891626371039,9
1472954,9.72587605484492,12
1472967,9.743834383749874,13
1472968,9.996015192788006,1
1472981,9.733563827334631,13
1472994,9.727409700760406,13
1473013,9.617960199429461,19
1473019,9.884175417035458,6
1473035,9.642692518935672,16
1473036,9.996086003071335,1
1473042,9.880122255970685,6
1473051,9.828292847881745,9
1473060,9.838640734965637,9
1473075,9.672748861485697,15
1473092,9.221192292233475,17
1473109,9.697120023434659,17
1473121,9.731931092313445,12
1473134,9.680000429753216,13
1473135,10.0,1
1473149,9.707812468959041,14
1473167,9.60383082911906,18
1473178,9.784640481123516,11
1473182,9.94621359204695,4
1473191,9.836618715079185,9
1473202,9.76553213783842,11
1473214,9.737563197820926,12
1473224,9.636620161472493,10
1473248,9.535581192713671,24
1473255,9.876949853721092,7
1473259,9.943763780390778,4
1473272,9.742571620526551,13
1473285,9.636079901273607,13
1473301,9.658221538570615,16
1473302,10.0,1
1473314,9.754566270856438,12
1473321,9.848719704295066,7
1473327,9.911861718591833,6
1473339,9.732911359308332,12
1473351,9.235345517077793,12
1473364,9.700292210479816,13
1473365,9.992030726867032,1
1473380,9.62018202907385,15
1473396,9.665193458179782,16
1473422,8.970987202915436,26
1473436,9.710807463163926,14
1473449,9.732482413275775,13
1473457,9.845362449483224,8
1473466,9.831931818863621,9
1473478,9.751105857600146,12
1473495,9.645500508271716,17
1473505,9.587660671009273,10
1473506,10.0,1
1473514,9.83744690113125,8
1473518,9.953626812314063,4
1473525,9.860840416419881,7
1473534,9.851819558482005,9
1473542,9.83919523976829,8
1473554,9.73168448044728,12
1473566,9.781193831499175,12
1473572,9.893079552017419,6
1473581,9.83255063627737,9
1473586,9.922697691148567,5
1473592,9.902339763200017,6
1473612,9.668645799666312,20
1473615,9.956654931500987,3
1473621,9.893508271808434,6
1473630,9.831254878149293,9
1473639,9.799967813552986,9
1473649,9.844673072806238,10
1473667,9.64088168359968,18
1473682,9.685395201348918,15
1473699,9.638989788884595,17
1473710,9.81098866386263,11
1473719,9.810233840251865,9
1473731,9.796299682328087,12
1473740,9.805266001130404,9
1473754,9.692429728542908,14
1473776,9.492265237650694,22
1473786,9.79738524487408,10
1473787,10.0,1
1473795,9.85281965525077,8
1473803,9.863829669433843,8
1473812,9.811518370497375,9
1473823,9.820885073963813,11
1473829,9.902984014855779,6
1473834,9.905473771552478,5
1473846,9.725679296267911,12
1473855,9.826366992248305,9
1473874,9.572909595667184,19
1473883,9.813628027134909,9
1473890,9.897558541127895,7
1473900,9.797398807390264,10
1473904,9.95603579462764,4
1473912,9.850932153745948,8
1473932,9.653264744000527,20
1473940,9.832991741162392,8
1473955,9.65810462337951,15
1473972,9.622540764914515,17
1473976,9.94524286673716,4
1473977,10.0,1
1473982,9.906203258063714,5
1473996,9.420336244734937,14
1474009,9.757233265590056,13
1474025,9.643746592278056,16
1474045,9.587722382809744,20
1474055,9.805386397791654,10
1474056,10.0,1
1474076,9.261171325647116,20
1474088,9.358395250481099,12
1474093,9.906111281527092,5
1474104,9.758835476286226,11
1474124,9.479413968915761,20
1474132,9.87203359606402,8
1474141,9.81946889915758,9
1474202,8.630939346954365,61
1474207,9.911549289393385,5
1474229,9.475935759848106,22
1474250,9.584955443949863,21
1474260,9.773830600154103,10
1474281,9.611564703704987,21
1474287,9.900844439205816,6
1474290,9.951732870787401,3
1474296,9.906626501870404,6
1474310,9.69220476984304,14
1474313,9.961437268649721,3
1474314,10.0,1
1474323,9.336648189023249,9
1474327,9.948748259057181,4
1474342,9.6691391593233,15
1474350,9.855078815209525,8
1474366,9.644267151665337,16
1474367,10.0,1
1474374,9.889927207680286,7
1474397,9.548872380637738,23
1474411,9.680816808905867,14
1474431,9.513678785823894,20
1474449,9.613885469073871,18
1474450,10.0,1
1474457,9.873530986923905,7
1474466,9.816266536880446,9
1474479,9.724270400101794,13
1474497,9.646318799819184,18
1474518,9.576195196214691,21
1474524,9.900742633174724,6
1474541,9.607346318435003,17
1474556,9.694419635956839,15
1474568,9.778651959366558,12
1474591,9.526300104589213,23
1474598,9.559597275600975,7
1474611,9.339484074531494,13
1474622,9.264164288424189,11
1474631,9.814824242473687,9
1474635,9.93543707107145,4
1474636,9.996233450024146,1
1474639,9.955369650324407,3
1474652,9.71384986204449,13
1474663,9.766979392043025,11
1474680,9.601394443477973,17
1474686,9.892996611065248,6
1474725,9.106390016331583,39
1474730,9.909147682701505,5
1474737,9.88729179870896,7
1474747,9.802044557711664,10
1474757,9.847403870957603,10
1474763,9.902122342124365,6
1474771,9.866879779943439,8
1474778,9.874704800666233,7
1474780,9.982015406122029,2
1474781,10.0,1
1474786,9.928839828810288,5
1474810,9.456749734482855,24
1474817,9.88283654703246,7
1474831,9.711838518253849,14
1474845,9.684476090216803,14
1475345,-10.390186837069734,500
1475359,9.706959710621478,14
1475372,9.777136000356368,13
1475380,9.860202125478628,8
1475404,9.453252647172539,24
1475405,10.0,1
1475451,9.00200687332977,46
1475452,10.0,1
1475952,-64.96703012276797,500
1476452,-81.44290273510234,500
1476952,-46.13989801164036,500
1477452,-28.202240823382642,500
1477952,-218.6651255801175,500
1477958,9.893723603452804,6
1477964,9.881178061486645,6
1477975,9.76163882686825,11
1477992,9.659450337836708,17
1478001,9.826612502854125,9
1478014,9.743414056785248,13
1478026,9.804514037975812,12
1478035,9.853421508017588,9
1478039,9.927501061689851,4
1478048,9.842648504703558,9
1478058,9.783434189972164,10
1478065,9.863990182934463,7
1478079,9.68915591514051,14
1478087,9.856993770485447,8
1478099,9.790447624579521,12
1478109,9.832667782474848,10
1478118,9.827403157335874,9
1478126,9.853364993240376,8
1478145,9.625852738540212,19
1478149,9.945140022902896,4
1478150,10.0,1
1478160,9.791312566035316,10
1478169,9.825815253430564,9
1478182,9.771025822496803,13
1478192,9.78793504463541,10
1478199,9.853683549108446,7
1478214,9.695622152015417,15
1478224,9.78162027685955,10
1478235,9.775334761709939,11
1478245,9.790733947461106,10
1478256,9.799030693450947,11
1478275,9.536774290052957,19
1478284,9.834631988156838,9
1478287,9.961734669570687,3
1478303,9.596749817561522,16
1478323,9.538075091876578,20
1478330,9.869462813157957,7
1478335,9.935611817118215,5
1478349,9.649891193321094,14
1478354,9.917702431721393,5
1478364,9.810292589177195,10
1478380,9.645710796637527,16
1478393,9.754463470517985,13
1478399,9.900816047888258,6
1478411,9.750062566539885,12
1478412,10.0,1
1478419,9.86702897512741,7
1478428,9.799155888965247,9
1478433,9.939433024027682,5
1478442,9.84427598898131,9
1478459,9.66532052688222,17
1478477,9.52686193461628,18
1478480,9.95652156879733,3
1478481,10.0,1
1478486,9.911904693155934,5
1478491,9.895558837124275,5
1478492,10.0,1
1478503,9.76694062228552,11
1478515,9.766837872770779,12
1478540,9.492794132596805,25
1478542,9.97493887085157,2
1478547,9.914607713267714,5
1478556,9.827814614352437,9
1478562,9.880858490703192,6
1478578,9.65087712537129,16
1478586,9.849583731202792,8
1478602,9.663053419008804,16
1478614,9.784059803933523,12
1478634,9.229368451170146,20
1478647,9.710154791046023,13
1478662,9.690892366358906,15
1478666,9.936263439462417,4
1478678,9.762733221964446,12
1478687,9.839773155197244,9
1478695,9.84069317345432,8
1478710,9.679104019115098,15
1478728,9.633816788028385,18
1478746,9.618308677216948,18
1478756,9.783628187859627,10
1478757,10.0,1
1478763,9.907948443826351,6
1478784,9.58384031808214,21
1478803,9.58876151042534,19
1478809,9.885921887748209,6
1478819,9.785185803903998,10
1478838,9.645573833051717,19
1478845,9.883397562499962,7
1478854,9.800452816359872,9
1478867,9.72084114929035,13
1478883,9.627709565069125,16
1478890,9.885575431124584,7
1478891,10.0,1
1478901,9.708958639716416,10
1478923,9.544326629898837,22
1478927,9.947686305493972,4
1478934,9.868833440079271,7
1478940,9.903569490160844,6
1478952,9.760841085356276,12
1478960,9.818074901880438,8
1478985,9.277806207295232,25
1478997,9.73368340352863,12
1479009,9.737839564290583,12
1479027,9.57815265903395,18
1479028,10.0,1
1479041,9.763977898082695,13
1479049,9.846078805753855,8
1479064,9.671136536584015,15
1479083,9.531720070051572,19
1479089,9.88692004494438,6
1479097,9.8702780491775,8
1479098,10.0,1
1479103,9.90870022909573,5
1479111,9.849145478722669,8
1479121,9.802259616146749,10
1479132,9.766615100815534,11
1479140,9.855346748812078,8
1479148,9.830780837234407,8
1479155,9.873670066327941,7
1479167,9.78118864044875,12
1479182,9.696577312485246,15
1479191,9.83397407075892,9
1479201,9.806549523166979,10
1479206,9.914639493966872,5
1479212,9.903018518099197,6
1479213,10.0,1
1479217,9.928902267272575,4
1479230,9.707278330361824,13
1479244,9.702137948108824,14
1479245,10.0,1
1479246,10.0,1
1479255,9.793084628907767,9
1479268,9.703512383415505,13
1479276,9.865193802052026,8
1479277,10.0,1
1479278,10.0,1
1479303,9.367629331191878,25
1479309,9.879263188214875,6
1479324,9.717098558677483,15
1479325,10.0,1
1479332,9.884040330028045,7
1479344,9.726745165680866,12
1479349,9.711246362462244,5
1479362,9.737243284286308,13
1479370,9.870799939415777,8
1479391,9.583448408047428,21
1479405,9.690911124824932,14
1479412,9.892338319834165,7
1479420,9.841247554831027,8
1479437,9.622568482473419,17
1479441,9.939634999087101,4
1479448,9.8742470866372,7
1479464,9.639497486955413,16
1479474,9.779135276775026,10
1479478,9.94289694657298,4
1479489,9.792394101542161,11
1479495,9.897582706259657,6
1479505,9.79510649458988,10
1479514,9.831043969597491,9
1479515,10.0,1
1479524,9.803302111872037,9
1479525,9.988098167735444,1
1479531,9.898365164247087,6
1479541,9.785131748263073,10
1479560,9.52483322961745,19
1479561,10.0,1
1479569,9.841407081942679,8
1479586,9.626440234061038,17
1479596,9.79684587396074,10
1479603,9.878361517352602,7
1479610,9.880199875546511,7
1479621,9.772824296263332,11
1479635,9.700233632889995,14
1479650,9.710216319448055,15
1479651,9.992464632730822,1
1479661,9.80197798904716,10
1479666,9.927594005365211,5
1479678,9.754166202488971,12
1479691,9.698922590224555,13
1479692,10.0,1
1479701,9.813508003958075,9
1479706,9.932658878791138,5
1479725,9.626758523156402,19
1479735,9.77119939718813,10
1479748,9.694381155310658,13
1479764,9.632083846308806,16
1479771,9.863055172856008,7
1479785,9.67657728669841,14
1479800,9.620583141393864,15
1479817,9.595464441555356,17
1479825,9.865427702981883,8
1479826,10.0,1
1479827,9.996590109838621,1
1479846,9.619883256241229,19
1479855,9.847906073148739,9
1479873,9.37186382322112,18
1479879,9.891464802762322,6
1479894,9.628135527507942,15
1479909,9.664324137710725,15
1479918,9.828953336860101,9
1479928,9.780508212487147,10
1479939,9.77840321911306,11
1479962,7.54310200894691,23
1479972,9.687005068188343,10
1479973,10.0,1
1479980,9.892071138864335,7
1479996,9.647182508449967,16
1479997,10.0,1
1480004,9.870656800793146,7
1480017,9.701401678387699,13
1480024,9.883597708163947,7
1480027,9.96187643468789,3
1480028,10.0,1
1480031,9.958085288511073,3
1480045,9.741840311514972,14
1480066,9.537649006131373,21
1480078,9.739591598752073,12
1480096,9.623729989248648,18
1480097,10.0,1
1480105,9.852457991724922,8
1480106,9.988734182916835,1
1480107,10.0,1
1480120,9.683262730796123,13
1480162,9.174519313241467,42
1480175,9.74311538475042,13
1480182,9.85568263223393,7
1480189,9.87596874471684,7
1480200,9.748802757698337,11
1480209,9.715930738529492,9
1480233,9.42896583358121,24
1480235,9.986451146064018,2
1480244,9.84320577552534,9
1480258,9.69298048011391,14
1480266,9.855421858659025,8
1480275,9.82884710864284,9
1480288,9.738663533792595,13
1480293,9.921891149664129,5
1480339,9.126698389001913,46
1480355,9.459549420418444,16
1480362,9.865038775162397,7
1480368,9.889241293115557,6
1480377,9.82053528629493,9
1480394,9.555956258577336,17
1480401,9.8616319262282,7
1480412,9.751436981423309,11
1480416,9.937362593956959,4
1480439,8.806931376216458,23
1480443,9.930546359334297,4
1480466,9.518403563440833,23
1480478,9.779118353377097,12
1480483,9.905051839394195,5
1480491,9.644988010397354,8
1480496,9.924419908205822,5
1480497,10.0,1
1480507,9.837911844911643,10
1480518,9.780969621138565,11
1480527,9.827297333155528,9
1480554,9.306914206241313,27
1480569,9.535794388391185,15
1480570,10.0,1
1480581,9.822778330650975,11
1480606,9.391768239588057,25
1480611,9.896495746304721,5
1480618,9.89086833782416,7
1480633,9.656277953217389,15
1480634,10.0,1
1480651,9.645185719530268,17
1480660,9.828414095570881,9
1480673,9.752393188523449,13
1480686,9.761759909321405,13
1480693,9.870326085748053,7
1480696,9.954211265329748,3
1480704,9.859508687412596,8
1480716,9.776231166045095,12
1480722,9.888732359860686,6
1480729,9.850502583334814,7
1480741,9.728443095670123,12
1480751,9.776655944172681,10
1480761,9.798773244193042,10
1480776,9.656536400894765,15
1480787,9.749722525227973,11
1480795,9.837192067176952,8
1480809,9.690859370265096,14
1480828,9.629073578669445,19
1480839,9.771972466323835,11
1480843,9.933610581620396,4
1480844,10.0,1
1480848,9.928136413950268,4
1480862,9.697186285703365,14
1480868,9.906606663036305,6
1480879,9.75895938567744,11
1480899,9.547189208317342,20
1480900,9.988533418746488,1
1480903,9.951368551856309,3
1480918,9.699492690892846,15
1480927,9.815441698339624,9
1480931,9.945288178797883,4
1480932,10.0,1
1480942,9.810069536127104,10
1480952,9.770243547589944,10
1480965,9.719485241995905,13
1480971,9.900565475001175,6
1481005,9.317668444961296,34
1481022,9.61274755870197,17
1481031,9.802961673024516,9
1481045,9.686851606579992,14
1481075,5.98097033783638,30
1481091,9.661477168534471,16
1481099,9.85322698704624,8
1481106,9.888871171593069,7
1481115,9.826187111430693,9
1481127,9.791373639496081,12
1481138,9.746652721610648,11
1481142,9.937345634968056,4
1481154,9.746776217875881,12
1481169,9.67581910787599,15
1481176,9.869068228261158,7
1481190,9.688816701376178,14
1481213,9.035475183536978,23
1481221,9.845228997276639,8
1481222,10.0,1
1481236,9.74176786659899,14
1481244,9.85251607081523,8
1481245,10.0,1
1481246,10.0,1
1481247,10.0,1
1481258,9.760373154374227,11
1481261,9.954020182685442,3
1481274,9.671352178554125,13
1481298,9.559770210927319,24
1481310,9.761732202426618,12
1481328,9.076741358980946,18
1481338,9.794933404057065,10
1481341,9.95403387222269,3
1481351,9.83340208796823,10
1481373,9.543321787107693,22
1481374,9.996571300060578,1
1481385,9.7389252275984,11
1481391,9.907291296095321,6
1481413,8.359195155737279,22
1481428,9.680643628767985,15
1481444,9.601116361537793,16
1481445,10.0,1
1481459,9.686540465228024,14
1481473,9.653657105670542,14
1481485,9.771070253445048,12
1481489,9.945777164817857,4
1481493,9.94719503531526,4
1481517,9.47467718157956,24
1481522,9.912646806795014,5
1481523,10.0,1
1481542,9.537448827741466,19
1481551,9.834833267134435,9
1481557,9.897555447942377,6
1481569,9.73368244864579,12
1481587,9.543871642003014,18
1481598,9.74980896851346,11
1481608,9.769104346012295,10
1481611,9.961197017373518,3
1481629,9.546080418223493,18
1481636,9.875484395833647,7
1481648,9.745210623758073,12
1481658,9.840966658525518,10
1481662,9.948021482384505,4
1481668,9.897934475405819,6
1481672,9.940004986625041,4
1481680,9.85453043017789,8
1481692,9.734006017059114,12
1481711,9.598534029513125,19
1481716,9.922591973585574,5
1481719,9.950959719064581,3
1481730,9.755778108667705,11
1481740,9.804906068843843,10
1481752,9.756558058593559,12
1481755,9.957718374340578,3
1481760,9.907759281639297,5
1481769,9.808720614860622,9
1481775,9.88511159998341,6
1481789,9.725517212193695,14
1481794,9.924518289444446,5
1481798,9.945649714295925,4
1481806,9.844916768581204,8
1481814,9.868351759713335,8
1481832,9.582315016013675,18
1481833,10.0,1
1481849,9.671951084870667,16
1481859,9.766700162769576,10
1481860,10.0,1
1481874,9.727335489089686,14
1481877,9.953184350438372,3
1481882,9.90908731334007,5
1481888,9.8915471424539,6
1481893,9.924158385352042,5
1481898,9.917193969760328,5
1481908,9.782060459000455,10
1481913,9.717834794235419,5
1481926,9.701581255773467,13
1481939,9.771376979750611,13
1481948,9.833407886783387,9
1481955,9.8801075862982,7
1481961,9.895781634784731,6
1481973,9.71889542533627,12
1481974,10.0,1
1481975,9.992237020827103,1
1481990,9.707696939451724,15
1481998,9.860221723445633,8
1482020,9.546217674005062,22
1482027,9.872456288173638,7
1482041,9.672058970285104,14
1482047,9.900428575849412,6
1482048,10.0,1
1482053,9.917964048252319,5
1482062,9.82269526599061,9
1482065,9.95398820965708,3
1482076,9.781426080163717,11
1482082,9.917497259336756,6
1482101,9.598286983978115,19
1482113,9.715987858608953,12
1482130,9.697683052154744,17
1482133,9.964444916028166,3
1482166,9.293603524057556,33
1482186,9.558487482834904,20
1482196,9.77503642811141,10
1482213,9.619005728493738,17
1482214,10.0,1
1482222,9.870461042469676,8
1482224,9.983131541319551,2
1482234,9.814344975216823,10
1482251,9.666232372397054,17
1482260,9.82847440681533,9
1482266,9.799701068180417,6
1482269,9.95370683271575,3
1482283,9.711574369832848,14
1482291,9.84903305480265,8
1482294,9.958906646574505,3
1482302,9.848777746020184,8
1482314,9.74050979247907,12
1482320,9.89901663414251,6
1482321,10.0,1
1482327,9.898913168491543,6
1482329,9.980900822303195,2
1482335,9.907726923597476,6
1482341,9.908250599663965,6
1482353,9.731637020525946,12
1482359,9.883954127324701,6
1482363,9.949312455684804,4
1482372,9.822437758149942,9
1482373,10.0,1
1482383,9.798131461152137,10
1482392,9.791653737621663,9
1482402,9.792665217297442,10
1482408,9.898383384277583,6
1482416,9.823226483730085,8
1482421,9.90895560618741,5
1482425,9.932800726800647,4
1482428,9.951071554392932,3
1482432,9.942896256454288,4
1482442,9.811697237372888,10
1482443,9.98863690647636,1
1482451,9.87042499802523,8
1482465,9.68869259410606,14
1482472,9.880166851823175,7
1482476,9.936768325983476,4
1482489,9.70690161820267,13
1482494,9.899614167842195,5
1482505,9.768234906443526,11
1482514,9.810280216629984,9
1482523,9.713431709694833,9
1482532,9.812116959226472,9
1482542,9.797285860378594,10
1482551,9.811952763127445,9
1482566,9.692492924627844,15
1482577,9.77532244766884,11
1482592,9.592781470685058,15
1482599,9.873835663046412,7
1482604,9.901923607621972,5
1482616,9.770279757516235,12
1482630,9.70106469766245,14
1482642,9.771039819908498,12
1482649,9.87811672349909,7
1482656,9.872413363147576,7
1482667,9.774954801412356,11
1482672,9.922843398037855,5
1482685,9.681843608977479,13
1482696,9.77016682184083,11
1482702,9.899328520750158,6
1482718,9.677899627398478,16
1482723,9.91226682051765,5
1482739,9.617726223348924,16
1482746,9.873604869188874,7
1482747,10.0,1
1482748,10.0,1
1482755,9.85876398309137,7
1482764,9.790354570009306,9
1482773,9.818034861233356,9
1482790,9.245288409198379,17
1482801,9.791882449999505,11
1482804,9.964847088230933,3
1482806,9.976346714994628,2
1482816,9.820057609932862,10
1482827,9.786660019899072,11
1482839,9.740501193402,12
1482855,9.666765209587242,16
1482871,9.648925123337266,16
1482877,9.897579475216718,6
1482886,9.867166314475284,9
1482894,9.839422606104492,8
1482905,9.786182047937787,11
1482917,9.780721918270473,12
1482932,9.686480429827036,15
1482941,9.859441582038453,9
1482948,9.869592821141469,7
1483175,3.725670380888393,227
1483188,9.771966175910688,13
1483203,9.69835766125654,15
1483213,9.795528753363918,10
1483226,9.745168808875047,13
1483232,9.890352443522001,6
1483241,9.837705056977917,9
1483255,9.690280493996143,14
1483279,9.493472951988814,24
1483290,9.758368548526416,11
1483307,9.50464001336692,17
1483308,10.0,1
1483312,9.949498486924064,4
1483326,9.659145079831262,14
1483336,9.780097154132285,10
1483341,9.922685060524843,5
1483344,9.963141285095157,3
1483354,9.808798324738637,10
1483364,9.778064920370992,10
1483371,9.844123943857756,7
1483378,9.866885510325902,7
1483379,10.0,1
1483393,9.69184677397202,14
1483394,10.0,1
1483401,9.859751162778394,7
1483413,9.807150930025003,12
1483416,9.96335316148046,3
1483427,9.772521304737587,11
1483429,9.972219103882436,2
1483440,9.792593762072206,11
1483441,10.0,1
1483442,10.0,1
1483450,9.85391598422839,8
1483469,9.574478384883252,19
1483470,9.996125963679031,1
1483481,9.760486208070528,11
1483494,9.690977172723256,13
1483517,9.480326185472562,23
1483531,9.688595298364913,14
1483535,9.9463915881807,4
1483547,9.755155132542722,12
1483566,8.60483371846256,19
1483582,9.674845872832874,16
1483586,9.9340147535435,4
1483597,9.761819583380543,11
1483614,9.690798504882718,17
1483626,9.767279300549523,12
1483635,9.845515759511377,9
1483647,9.753039400999782,12
1483648,10.0,1
1483657,9.81374274277128,9
1483659,9.979316784321396,2
1483670,9.775729118774114,11
1483677,9.89539587219955,7
1483686,9.825764567545285,9
1483697,9.758932208985192,11
1483709,9.53635050329922,12
1483725,9.667846009704993,16
1483732,9.863229299504763,7
1483739,9.848240376438596,7
1483754,9.739793166887884,15
1483762,9.866333822273146,8
1483767,9.893356303917209,5
1483777,9.826432389517977,10
1483778,10.0,1
1483779,10.0,1
1483783,9.935013769686174,4
1483787,9.946944587502854,4
1483791,9.936175862546932,4
1483796,9.913981236514866,5
1483805,9.816697666658587,9
1483816,9.777214080711977,11
1483823,9.870624332200942,7
1483831,9.853861574797213,8
1483841,9.801695042114765,10
1483853,9.722131829569799,12
1483859,9.886601572170582,6
1483866,9.873358179707376,7
1483872,9.903293959087588,6
1483885,9.713817274977561,13
1483892,9.897505933703943,7
1483901,9.82545249916557,9
1483913,9.754916870376348,12
1483924,9.795613791938235,11
1483933,9.829961570239597,9
1483941,9.837350716956633,8
1483948,9.902138294312525,7
1483972,9.522630819913529,24
1483981,9.821266222191804,9
1483990,9.825667820370658,9
1483999,9.822147670066435,9
1484019,9.5162446155807,20
1484023,9.928445983537776,4
1484037,9.599384745498796,14
1484050,9.714702161668693,13
1484060,9.790501101490376,10
1484086,9.07477872134473,26
1484095,9.80670222726236,9
1484103,9.861117339018172,8
1484104,10.0,1
1484116,9.748788904716742,12
1484132,9.646268960307415,16
1484148,9.607730830660154,16
1484151,9.96725008349204,3
1484165,9.680622868646267,14
1484179,9.685311607086797,14
1484183,9.852916778461873,4
1484184,9.988724972219801,1
1484188,9.928592902239592,4
1484193,9.915690151570592,5
1484198,9.918555476364656,5
1484205,9.855634191890603,7
1484234,9.38105328874912,29
1484244,9.77040301676385,10
1484257,9.767517941210459,13
1484277,9.565818996262967,20
1484296,9.532378939758209,19
1484338,9.169688096139527,42
1484345,9.848068461705004,7
1484357,9.720161837456375,12
1484372,9.68508570841048,15
1484382,9.791807196245639,10
1484394,9.705792674159301,12
1484397,9.954508953184115,3
1484411,9.691950501432098,14
1484423,9.783936773287824,12
1484434,9.760618441966944,11
1484478,8.976081602271531,44
1484479,10.0,1
1484489,9.788773559457514,10
1484497,9.85534607428674,8
1484503,9.900666054507333,6
1484504,10.0,1
1484507,9.962095193999817,3
1484516,9.611803520888898,9
1484523,9.865487720775338,7
1484535,9.790569193314877,12
1484538,9.958028419996944,3
1484542,9.935067103115248,4
1484556,9.6773099027773,14
1484560,9.946082598026189,4
1484561,10.0,1
1484567,9.90806699657363,6
1484578,9.780937565026587,11
1484586,9.846398016775746,8
1484606,9.558601661123456,20
1484612,9.889982004527015,6
1484613,9.988397716494454,1
1484614,10.0,1
1484625,9.783554150954412,11
1484632,9.859425304526413,7
1484636,9.948043050597787,4
1484645,9.851430654018607,9
1484646,10.0,1
1484647,10.0,1
1484658,9.770359513394386,11
1484672,9.674553047921952,14
1484679,9.876771622733823,7
1484701,9.500534746485934,22
1484707,9.885919466873332,6
1484724,9.587867842095497,17
1484743,9.483214827314965,19
1484751,9.864849243008885,8
1484755,9.940174571962208,4
1484765,9.789434244873929,10
1484777,9.766759902147156,12
1484799,9.552580440447143,22
1484827,9.349022122797015,28
1484840,9.740824868359963,13
1484846,9.905264262791983,6
1484870,9.3124316105503,24
1484871,9.99665570770127,1
1484876,9.902645890668127,5
1484886,9.768236994351334,10
1484903,9.672025220594572,17
1484904,10.0,1
1484933,9.037468241391352,29
1484938,9.921769499068937,5
1484949,9.79609190656525,11
1484969,9.57805871632714,20
1484979,9.7977993845296,10
1484997,9.43361966371329,18
1485012,9.698249069599873,15
1485013,10.0,1
1485021,9.86359371562982,8
1485029,9.859764778431732,8
1485036,9.877839854668888,7
1485037,10.0,1
1485049,9.75322245496054,12
1485060,9.78883818205629,11
1485065,9.9079279930645,5
1485066,10.0,1
1485089,9.45265712445574,23
1485098,9.806251444563664,9
1485108,9.78199734543228,10
1485119,9.761157650712716,11
1485123,9.9311375903055,4
1485138,9.729155578690449,15
1485149,9.800690941665104,11
1485159,9.802766380977694,10
1485169,9.83117975803243,10
1485182,9.747815178387585,13
1485195,9.719788472387584,13
1485202,9.854446587496133,7
1485203,9.987832798698546,1
1485204,10.0,1
1485235,9.294317992659664,31
1485243,9.649655953258502,8
1485255,9.724953008486638,12
1485264,9.83600904082934,9
1485276,9.738789661018608,12
1485287,9.79788902537678,11
1485290,9.954731921589135,3
1485302,9.632709162169359,12
1485308,9.881503552058607,6
1485328,9.459976556383246,20
1485347,9.65809038413431,19
1485353,9.88336590576308,6
1485364,9.770253527503193,11
1485372,9.835138315186981,8
1485375,9.95143759856004,3
1485388,9.71552612400675,13
1485404,9.64190366827307,16
1485410,9.887392331440742,6
1485429,9.63107684176459,19
1485442,9.78787155176181,13
1485455,9.702885818547879,13
1485461,9.893347879968866,6
1485468,9.853115992952738,7
1485478,9.79993633863847,10
1485479,9.988499947431563,1
1485480,10.0,1
1485488,9.849882981548085,8
1485497,9.822905894445203,9
1485499,9.98715889111458,2
1485502,9.962344649226953,3
1485516,9.695947046936801,14
1485520,9.947629259191249,4
1485536,9.639155798946208,16
1485542,9.906233199445794,6
1485550,9.8334098292721,8
1485562,9.745885386425005,12
1485572,9.80551560637499,10
1485581,9.810011791033265,9
1485586,9.920468537217468,5
1485595,9.824701716004107,9
1485607,9.718887869034328,12
1485612,9.906540951399574,5
1485624,9.734802262350316,12
1485634,9.819885787989081,10
1485648,9.673624954469576,14
1485651,9.964905357922541,3
1485659,9.84840793257158,8
1485672,9.634684390248223,13
1485679,9.858581170333881,7
1485681,9.982412052692597,2
1485695,9.694249065169005,14
1485702,9.88066735895694,7
1485709,9.900129471782046,7
1485726,9.656631414202598,17
1485728,9.98136322584144,2
1485732,9.942462508460743,4
1485733,10.0,1
1485745,9.7542054504669,12
1485754,9.810271410695275,9
1485764,9.798318339881131,10
1485771,9.850155000873839,7
1485784,9.723064950060458,13
1485799,9.704826388966652,15
1485802,9.951396874750404,3
1485806,9.934849258232875,4
1485812,9.893604318721023,6
1485830,9.585015550526888,18
1485839,9.84847808426263,9
1485849,9.790936419619667,10
1485859,9.808680640992087,10
1485860,10.0,1
1485870,9.793395655488753,10
1485883,9.72554014321273,13
1485894,9.817524703508894,11
1485906,9.71791546889888,12
1485918,9.40495451442206,12
1485925,9.879417869652974,7
1485938,9.725336404983775,13
1485945,9.892851280068912,7
1485956,9.697621119040368,11
1485965,9.804522741619232,9
1485971,9.893526519632355,6
1485976,9.919253381344316,5
1485984,9.856519349086033,8
1485988,9.936259655401365,4
1485996,9.855694578741078,8
1486006,9.836275945086925,10
1486014,9.87976860094549,8
1486027,9.688743635802354,13
1486036,9.836526878920484,9
1486051,8.54700693636242,15
1486060,9.814463028692982,9
1486072,9.729307160950773,12
1486076,9.94943151208373,4
1486077,9.987584620550704,1
1486089,9.734122976925802,12
1486132,9.205281873016824,43
1486142,8.789431830577525,10
1486164,9.55878555421778,22
1486168,9.95164975433456,4
1486184,9.642550757334845,16
1486192,9.842084926158721,8
1486205,9.716479353466006,13
1486216,9.770881337160397,11
1486231,9.262877883974857,15
1486239,9.850259042842179,8
1486244,9.928622440412603,5
1486256,9.747471528744583,12
1486269,9.706676371345372,13
1486286,9.587395124236076,17
1486291,9.926281614453922,5
1486299,9.86590450229712,8
1486308,9.823313368752666,9
1486310,9.972963240476908,2
1486325,9.674959448154397,15
1486338,9.582155391129414,13
1486344,9.892615812259098,6
1486353,9.843993666439333,9
1486366,9.717578922167295,13
1486375,9.826845864328126,9
1486388,9.738370488348618,13
1486396,9.827598055461532,8
1486402,9.900851345654571,6
1486403,10.0,1
1486417,9.67585150425982,14
1486419,9.977547052949271,2
1486421,9.97546323321349,2
1486424,9.96244082462257,3
1486444,9.578320101154281,20
1486449,9.913412189258262,5
1486462,9.71371504962558,13
1486465,9.95323076604041,3
1486477,9.720252863448133,12
1486493,9.681543276480676,16
1486513,9.568973529213839,20
1486519,9.893035366335718,6
1486526,9.893102702110859,7
1486544,9.652058550430837,18
1486568,9.432547308437282,24
1486583,9.658509119419168,15
1486593,9.79989988604889,10
1486596,9.957879772441517,3
1486607,9.778332205275985,11
1486609,9.981768799834217,2
1486614,9.91669008993046,5
1486628,9.7339174535865,14
1486638,9.78582987234111,10
1486639,10.0,1
1486654,9.66334495326536,15
1486670,9.663773990257097,16
1486677,9.889707649035971,7
1486681,9.94768553083197,4
1486682,10.0,1
1486687,9.910500825532841,5
1486697,9.777376659921387,10
1486703,9.920175772051529,6
1486710,9.871182719167154,7
1486711,10.0,1
1486730,9.516918892188242,19
1486745,9.704461072794546,15
1486758,9.786867166753803,13
1486769,9.770155849370093,11
1486780,9.765308689978514,11
1486792,9.779034540041325,12
1486799,9.865440177523002,7
1486815,9.692684982372121,16
1486829,9.729811362100497,14
1486841,9.777120177536645,12
1486854,9.718825874794206,13
1486863,9.81236683173097,9
1486869,9.896921641693732,6
1486886,9.57853123894152,17
1486893,9.887857520498873,7
1486903,9.691760554874408,10
1486917,9.676770227821114,14
1486926,9.830481915070706,9
1486931,9.925837481209195,5
1486942,9.792499528430097,11
1486943,10.0,1
1487118,6.152373576374074,175
1487125,9.872958208820208,7
1487139,9.676466583954115,14
1487141,9.973771203563414,2
1487148,9.874650058540512,7
1487160,9.752050329092311,12
1487168,9.84404540550804,8
1487180,9.739358927666148,12
1487184,9.933290124754283,4
1487191,9.88273403605832,7
1487201,9.791974419092911,10
1487211,9.835262025932483,10
1487218,9.847246175336577,7
1487227,9.624159747818512,9
1487237,9.795941610011274,10
1487248,9.747876675558238,11
1487259,9.82240224150125,11
1487273,9.702729202275513,14
1487305,9.348342674816765,32
1487306,9.992110864705385,1
1487309,9.965472168937112,3
1487326,9.626242503427388,17
1487350,9.391829254672789,24
1487364,9.7061971782083,14
1487377,9.708905364319312,13
1487396,9.577290038360557,19
1487404,9.827636521813448,8
1487411,9.881464036477153,7
1487419,9.834037275925288,8
1487438,9.536644254908474,19
1487450,9.706359607776033,12
1487452,9.977233562062391,2
1487453,10.0,1
1487459,9.914197541018252,6
1487474,9.716875845882164,15
1487487,9.755577336890033,13
1487498,9.836150396082598,11
1487509,9.77717763403191,11
1487522,9.726263181471593,13
1487529,9.866512767496115,7
1487531,9.98539801071609,2
1487533,9.972964754294994,2
1487566,9.33721176489517,33
1487588,9.628314586135312,22
1487606,9.607796035557453,18
1487625,9.576422848626736,19
1487637,9.75278772419168,12
1487652,9.73992029713937,15
1487665,9.701946135939771,13
1487675,9.801263010354702,10
1487676,10.0,1
1487687,9.771725152514737,11
1487696,9.815659398738935,9
1487702,9.896478195491259,6
1487721,9.63312739804053,19
1487733,9.762589801127913,12
1487755,9.553955327514707,22
1487766,9.803763399532293,11
1487785,9.616164810880516,19
1487792,9.875790682410203,7
1487801,9.822040925692896,9
1487837,9.245574797600469,36
1487838,9.989382855347062,1
1487853,9.716518442666446,15
1487865,9.754222837096565,12
1487866,10.0,1
1487877,9.7500870340292,11
1487881,9.944919567965592,4
1487896,9.650737328924635,15
1487908,9.74881808768635,12
1487909,10.0,1
1487922,9.705840691422496,13
1487936,9.704228705701583,14
1487946,9.812287086050569,10
1487958,9.725318492453837,12
1487960,9.9722805265093,2
1487980,9.576501569094237,20
1487992,9.75427665881285,12
1488000,9.85675714282667,8
1488007,9.88622476259867,7
1488016,9.838083219571274,9
1488024,9.865485925760018,8
1488034,9.770565287686013,10
1488054,9.552057935493881,20
1488065,9.775867696604122,11
1488083,9.606611793309522,18
1488100,9.663101496722831,17
1488107,9.893379953607507,7
1488113,9.907710760841628,6
1488135,9.615928817294773,22
1488151,9.66018861152646,16
1488156,9.931760351924183,5
1488175,9.651094424859075,19
1488187,9.75971537976398,12
1488202,9.683229104092725,15
1488203,9.989098558880757,1
1488219,9.659670445910972,16
1488220,10.0,1
1488229,9.842751844921956,9
1488237,9.845615005833375,8
1488244,9.874078075269502,7
1488261,9.677289629134485,17
1488262,10.0,1
1488265,9.950862369820312,3
1488271,9.901063011739597,6
1488293,9.466837819704494,22
1488294,10.0,1
1488295,9.987584130722068,1
1488296,10.0,1
1488309,9.680139916253808,13
1488328,9.62120634486284,19
1488352,6.3390529726287905,24
1488366,9.67979926188167,14
1488370,9.940293570942266,4
1488379,9.813801906901558,9
1488384,9.915330485045724,5
1488387,9.96475083107904,3
1488405,9.601294641342264,18
1488479,7.9124438659063605,74
1488483,9.93631689402007,4
1488487,9.94496465264738,4
1488492,9.92552488430819,5
1488498,9.891770226156233,6
1488506,9.85270364082487,8
1488507,10.0,1
1488518,9.78034586347466,11
1488528,9.824814307262631,10
1488550,9.488246806539514,22
1488554,9.94448882555105,4
1488555,10.0,1
1488563,9.859034985483374,8
1488577,9.68820083133373,14
1488579,9.984714444860241,2
1488599,4.951457512425486,20
1488604,9.9228527959265,5
1488614,9.79303429487621,10
1488626,9.75285261380475,12
1488641,9.66642173047477,15
1488642,10.0,1
1488662,9.548144794225442,20
1488672,9.765660544016463,10
1488683,9.785312979283335,11
1488684,10.0,1
1488693,9.807316906224083,9
1488697,9.9352880799269,4
1488709,9.742504188801,12
1488730,9.502702110453882,21
1488734,9.938294374757367,4
1488737,9.959183376229266,3
1488744,9.87953232604884,7
1488765,9.579348498213378,21
1488786,9.499280433923888,21
1488794,9.868904936822117,8
1488813,9.67655201174405,19
1488833,9.612761688888108,20
1488834,9.98920194020991,1
1488845,9.761568189103416,11
1488855,9.852144947523731,10
1488856,10.0,1
1488862,9.901073695676947,6
1488870,9.83427741882105,8
1488882,9.723047662995905,12
1488890,9.827046659841493,8
1488899,9.797507440838618,9
1488904,9.91945587837278,5
1488907,9.952424519665371,3
1488913,9.878525197781475,6
1488915,9.971218310960623,2
1488919,9.94818577264459,4
1488922,9.970993295346327,3
1488935,9.715129103592146,13
1488950,9.666151014677036,15
1488961,9.613893880799125,11
1488974,9.745902675191768,13
1488990,9.623722035342618,16
1489006,9.64019443713173,16
1489017,9.783779165601645,11
1489025,9.845292684252575,8
1489049,9.522255735862423,24
1489053,9.942940859515984,4
1489074,9.465120321929895,21
1489085,9.747337609089755,11
1489090,9.919808441024896,5
1489102,9.73666930733017,12
1489107,9.93222756143925,5
1489110,9.963646034901547,3
1489114,9.940002759640484,4
1489121,9.866116131543764,7
1489126,9.907924615704564,5
1489127,10.0,1
1489139,9.734616022088742,12
1489140,10.0,1
1489144,9.943823086817245,4
1489148,9.935763222474515,4
1489160,9.784783775967734,12
1489161,10.0,1
1489176,9.718901272637476,15
1489177,10.0,1
1489179,9.9714418938788,2
1489194,9.65035660263236,15
1489205,9.760469845471402,11
1489218,9.69393381868892,13
1489234,9.645994709213134,16
1489248,9.699607342048937,14
1489249,10.0,1
1489256,9.869644151378843,7
1489263,9.87909097872726,7
1489271,9.845615908510554,8
1489294,9.610371088078798,23
1489300,9.893351333777465,6
1489305,9.937299499590639,5
1489314,9.84100931897337,9
1489315,10.0,1
1489336,9.48805756003088,21
1489352,9.65527170676925,16
1489368,9.616492686359056,16
1489374,9.903439732803733,6
1489375,10.0,1
1489384,9.80636918136929,9
1489395,9.770466754419164,11
1489398,9.95553527417988,3
1489399,10.0,1
1489408,9.847315574963684,9
1489437,9.26386491089341,29
1489447,9.806285264932844,10
1489462,7.536632654940978,15
1489469,9.866329742766991,7
1489478,9.738097862202547,9
1489492,9.758838132327107,14
1489503,9.756240519072042,11
1489509,9.891580611324887,6
1489522,9.743573173598124,13
1489547,9.427742309306836,25
1489551,9.94484003033115,4
1489558,9.904720505391522,7
1489568,9.517144875599215,10
1489575,9.890724225489533,7
1489594,9.570262288290646,19
1489610,9.717573991470704,16
1489621,9.74245278241843,11
1489630,9.827481145999121,9
1489641,9.794416024113843,11
1489642,10.0,1
1489652,9.788198476526524,10
1489671,9.597166472728548,19
1489683,9.75481558630217,12
1489690,9.89336830303322,7
1489709,9.584652715170442,19
1489718,9.858509440434046,9
1489731,9.717079174136023,13
1489738,9.883416511829708,7
1489748,9.7991754709013,10
1489767,9.561669406053015,19
1489779,9.760707300439215,12
1489791,9.721110533337313,12
1489799,9.735274657761055,8
1489810,9.756930628728867,11
1489825,9.743773526708036,15
1489839,9.704106881612896,14
1489840,10.0,1
1489856,9.651869762434984,16
1489866,9.776658328246295,10
1489879,9.698628804769795,13
1489881,9.971105131861016,2
1489891,9.795616894376465,10
1489898,9.887700196998225,7
1489916,9.584984630131824,18
1489945,9.480675596299067,29
1489953,9.812877827360545,8
1489954,10.0,1
1490454,-213.88150991406633,500
1490462,9.83256454984117,8
1490471,9.824292730686878,9
1490474,9.954700496922893,3
1490486,9.73065468202312,12
1490496,9.786173279814122,10
1490501,9.921416969899315,5
1490507,9.904680750976105,6
1490510,9.947812277645493,3
1490511,10.0,1
1490516,9.90926296428182,5
1490517,9.99165217434605,1
1490523,9.89848116450741,6
1490530,9.874827314147687,7
1490544,9.686704568341943,14
1490553,9.835377085037074,9
1490565,9.740878386150886,12
1490569,9.935292519188957,4
1490587,9.398575934207912,18
1490593,9.87857066640232,6
1490611,9.693702985383382,18
1490627,9.781209158631013,16
1490628,10.0,1
1490638,9.784075946830653,10
1490648,9.83147362458125,10
1490650,9.972236880224376,2
1490658,9.854394881743245,8
1490663,9.907797170430607,5
1490668,9.915656653496095,5
1490673,9.92091466492538,5
1490676,9.954258151477863,3
1490689,9.742022374038152,13
1490692,9.957390410343745,3
1490698,9.900200145338163,6
1490702,9.93129392462489,4
1490709,9.901354439779313,7
1490710,10.0,1
1490720,9.819243908848787,10
1490730,9.808703456310853,10
1490751,9.569254759588892,21
1490759,9.827520884733994,8
1490768,9.794981537262142,9
1490787,9.614374625012381,19
1490791,9.935582405644718,4
1490810,9.36383456810496,19
1490824,9.669468733292952,14
1490832,9.869320176093531,8
1490860,8.927687131452995,28
1490865,9.92326596113776,5
1490870,9.931643468617152,5
1490876,9.907027029338002,6
1490888,9.729743650256575,12
1490906,9.597089648996903,18
1490913,9.856141814126769,7
1490918,9.91974868560064,5
1490927,9.853890121922998,9
1490938,9.800632660545801,11
1490939,9.989570698080405,1
1490950,9.777107419277925,11
1490956,9.899372644432773,6
1490975,9.38264964649517,19
1490992,9.603541819905212,17
1490993,10.0,1
1490994,10.0,1
1490996,9.976889697421408,2
1490997,10.0,1
1491013,9.642641909151953,16
1491026,9.701967614144028,13
1491038,9.69895488079344,12
1491039,10.0,1
1491045,9.888952340492498,6
1491052,9.886245533534485,7
1491066,9.7324998043476,14
1491075,9.871175136773779,9
1491086,9.782225709814643,11
1491091,9.914167850590397,5
1491120,9.430840837015817,29
1491130,9.792855081993507,10
1491137,9.869959039345485,7
1491142,9.899853663722851,5
1491149,9.849940357673955,7
1491158,9.824745809630015,9
1491159,10.0,1
1491176,9.658454353519554,17
1491185,9.805190685092821,9
1491186,10.0,1
1491195,9.805143828326655,9
1491211,9.627420430850487,16
1491218,9.875427716658766,7
1491222,9.942013925940007,4
1491232,9.78019658424891,10
1491233,10.0,1
1491247,9.742819546888342,14
1491252,9.920946812518705,5
1491256,9.939234555985957,4
1491265,9.812306192673686,9
1491267,9.980980678390637,2
1491284,9.598736366083477,17
1491285,10.0,1
1491290,9.930300477803641,5
1491292,9.978938121334632,2
1491301,9.830932046038168,9
1491306,9.93715724319137,5
1491316,9.82131233700723,10
1491328,9.742167166041423,12
1491329,10.0,1
1491351,9.395142613131451,22
1491356,9.927244053732474,5
1491370,9.595076964781668,14
1491388,9.609777041070354,18
1491396,9.813505872272357,8
1491399,9.957382671302922,3
1491414,9.653239285579435,15
1491418,9.933021577025729,4
1491430,9.75120527152121,12
1491448,9.64954391305898,18
1491455,9.853993862026323,7
1491459,9.934114217946126,4
1491472,9.724351654062177,13
1491484,9.752539042998304,12
1491485,10.0,1
1491504,9.577110730518905,19
1491510,9.898355871715431,6
1491515,9.929700305093291,5
1491527,9.733265841649485,12
1491528,10.0,1
1491543,9.694862393939099,15
1491552,9.830396687501564,9
1491568,9.631859874921213,16
1491573,9.915769768541303,5
1491586,9.737970112235956,13
1491587,10.0,1
1491594,9.888599191510904,7
1491604,9.80436773040094,10
1491605,10.0,1
1491619,9.759301325997415,14
1491626,9.875323558799769,7
1491645,9.483307379280989,19
1491658,9.761692291986217,13
1491675,9.69793892871373,17
1491689,9.713340086513334,14
1491703,9.67749140091645,14
1491714,9.795066746997037,11
1491721,9.888443099047016,7
1491728,9.863968030487788,7
1491730,9.971641442830425,2
1491745,9.731391280735648,15
1491760,9.283584184708463,15
1491767,9.888205300768368,7
1491768,9.988778317790484,1
1491782,9.713216987500632,14
1491793,9.750981669605567,11
1491801,9.852303213226325,8
1491806,9.908808710178509,5
1491812,9.902519420807081,6
1491813,10.0,1
1491821,9.842675898680422,8
1491831,9.782861491488912,10
1491832,10.0,1
1491842,9.819704654994837,10
1491861,9.612946405803504,19
1491865,9.933740313046174,4
1491871,9.884811173926721,6
1491887,9.73718368986986,16
1491889,9.983591728499238,2
1491899,9.804276478782867,10
1491901,9.983488704932983,2
1491916,9.66873287570817,15
1491950,9.362844702343917,34
1491962,9.748457000669415,12
1491972,9.821683005999711,10
1491988,9.663875051897305,16
1491991,9.970402589414265,3
1491999,9.82452756842018,8
1492002,9.95627143835332,3
1492011,9.838731491714636,9
1492012,9.996586916054891,1
1492014,9.972714111586374,2
1492028,9.696732628253026,14
1492045,9.633037147832724,17
1492048,9.965186819165222,3
1492058,9.81549424489078,10
1492070,9.735005528748708,12
1492081,9.758700424545204,11
1492091,9.777990524380346,10
1492100,9.81569833337253,9
1492108,9.870441715501592,8
1492114,9.90627140083659,6
1492124,9.794227779174426,10
1492137,9.569163059627286,13
1492138,10.0,1
1492147,9.811861259659103,9
1492152,9.916396302678802,5
1492167,9.680467369338759,15
1492168,9.988113794794163,1
1492175,9.88188954943465,7
1492182,9.881897936403904,7
1492193,9.777869416982147,11
1492200,9.8820343419514,7
1492213,9.73110674114691,13
1492223,9.822787394955904,10
1492235,9.733264606204223,12
1492246,9.763282451420245,11
1492268,9.526974164466628,22
1492286,9.58686017584621,18
1492291,9.910660650746976,5
1492304,9.725824617396803,13
1492309,9.921063833387285,5
1492315,9.896843540161889,6
1492321,9.904487939488938,6
1492328,9.88480231275083,7
1492329,10.0,1
1492334,9.929531397025453,5
1492340,9.903341729573112,6
1492351,9.769074092790227,11
1492357,9.880812441075122,6
1492373,9.634097683276487,16
1492385,9.771661951019222,12
1492404,9.662340755340047,19
1492414,9.781564308452475,10
1492428,9.670679121852888,14
1492442,9.726265216847981,14
1492448,9.891630039603017,6
1492456,9.842041808103993,8
1492471,9.678725021232669,15
1492488,9.608206930683355,17
1492503,9.659615472736155,15
1492513,9.829852272695886,10
1492540,9.320911008930471,27
1492552,9.735039384388987,12
1492564,9.726366455200354,12
1492569,9.938270070831502,5
1492573,9.950401751746575,4
1492586,9.736071506502553,13
1492599,9.662793448817238,13
1492608,9.828939461085524,9
1492629,9.539521446469866,21
1492653,9.480290839925063,24
1492670,9.70297269162741,17
1492677,9.894357787435485,7
1492696,9.592477514762326,19
1492709,9.732730514286583,13
1492713,9.935905380552635,4
1492722,9.839806995090356,9
1492733,9.804301724973245,11
1492737,9.932497501395673,4
1492744,9.87106123067852,7
1492746,9.973294397833572,2
1492747,10.0,1
1492760,9.733295032572421,13
1492769,9.835918472039571,9
1492783,9.691955063314502,14
1492794,9.763631608350462,11
1492800,9.909977104405145,6
1492804,9.945140368518816,4
1492807,9.961033304210513,3
1493026,5.453187407371282,219
1493040,9.688054847229768,14
1493047,9.8806307580306,7
1493063,9.682635578833528,16
1493080,9.698090848196845,17
1493087,9.905489362028502,7
1493088,10.0,1
1493094,9.876321294373243,6
1493098,9.944011098108012,4
1493118,9.507527351606248,20
1493124,9.913397956726188,6
1493129,9.936411081556558,5
1493134,9.918406025809649,5
1493148,9.697352186865842,14
1493155,9.86709919608968,7
1493655,-10.751249268696434,500
1493671,9.648831464405049,16
1493687,9.62071558223855,16
1493699,9.797092783212596,12
1493711,9.779832426614387,12
1493730,9.57840514890973,19
1493731,10.0,1
1493738,9.8733512197559,7
1493758,9.58541802746418,20
1493773,9.66370275221403,15
1493787,9.573126010202882,14
1493788,10.0,1
1493802,9.70264669505297,14
1493818,9.651007473269072,16
1493829,9.804905194657088,11
1493838,9.876026362054414,9
1493854,9.551595085470163,16
1493869,9.664114892965031,15
1493870,9.992528495883988,1
1493889,9.564135209602734,19
1493897,9.843970535269241,8
1493899,9.974664667876887,2
1493923,9.518030575928746,24
1493931,9.854962596936465,8
1493947,9.625769655490092,16
1493958,9.802798099630063,11
1493967,9.83457826207198,9
1493968,9.988890315846124,1
1493985,9.640021190144378,17
1493999,9.673945513624812,14
1494007,9.840799644788694,8
1494013,9.897035409694553,6
1494022,9.842438060187426,9
1494024,9.977392549018301,2
1494025,10.0,1
1494037,9.736202611626632,12
1494044,9.900814030475782,7
1494052,9.866286722132246,8
1494065,9.667571468586143,13
1494066,10.0,1
1494070,9.923264003786738,4
1494081,9.77103771907293,11
1494091,9.825166043252688,10
1494102,9.78668423381719,11
1494108,9.904471866459048,6
1494120,9.719570552746235,12
1494129,9.81388029017155,9
1494134,9.902350659258202,5
1494136,9.970382857866936,2
1494152,9.715394708787949,16
1494153,10.0,1
1494159,9.902243156249764,6
1494169,9.782823944055156,10
1494183,9.741999283759304,14
1494202,9.627677776454856,19
1494208,9.900753638464199,6
1494213,9.901074081077546,5
1494218,9.925280727994313,5
1494231,9.752355775175893,13
1494245,9.7132402715646,14
1494256,9.733672960310663,11
1494266,9.768583641363811,10
1494280,9.68533261024166,14
1494287,9.88240687935002,7
1494302,9.66088287562922,15
1494309,9.880525016588042,7
1494320,9.769126533641591,11
1494337,9.647080497263714,17
1494340,9.954739581431745,3
1494350,9.821099326456142,10
1494360,9.815015516261726,10
1494366,9.897850982847002,6
1494379,9.720363847243982,13
1494394,9.732339275425982,15
1494401,9.863582871071102,7
1494414,9.7157954233277,13
1494443,9.50577105665186,29
1494444,10.0,1
1494450,9.9012003398321,6
1494466,9.694045230052017,16
1494494,9.21721517870713,28
1494503,9.839637445974784,9
1494509,9.876899702391626,6
1494522,9.755353948595031,13
1494530,9.82822736341685,8
1494550,9.537729692745806,20
1494563,9.735122915478676,13
1494571,9.850881086212373,8
1494581,9.844257147932382,10
1494597,9.623720544994674,16
1494598,10.0,1
1494609,9.76475697078185,11
1494618,9.825046204187728,9
1494621,9.966529284936996,3
1494630,9.811422833019767,9
1494647,8.933207598061554,17
1494659,9.747813322269131,12
1494670,9.738799730164278,11
1494677,9.879742456446666,7
1494683,9.9019557163635,6
1494694,9.780480204451544,11
1494704,9.759941898613608,10
1494708,9.93310534238578,4
1494713,9.912997830174595,5
1494728,9.66111382336309,15
1494739,9.772352169453834,11
1494754,9.735753778935315,15
1494770,9.619173597585247,16
1494783,9.710650011827276,13
1494791,9.860439817720223,8
1494805,9.752111794323971,14
1494807,9.967983343387852,2
1494825,9.590241609604625,18
1494828,9.954326845584232,3
1494835,9.876096984702107,7
1494844,9.81999259733368,9
1494858,9.730333369254875,14
1494869,9.74932566696703,11
1494878,9.819250079996365,9
1494888,9.79882887115355,10
1494916,9.41194223667948,28
1494960,-1.5983420030723643,44
1494969,9.82306841433204,9
1494972,9.954188597335339,3
1494973,9.992947849189093,1
1494984,9.763874510219932,11
1494988,9.948802334828445,4
1494995,9.880347432904758,7
1495002,9.869163951087337,7
1495003,10.0,1
1495015,9.754257991433997,12
1495025,9.78999305084889,10
1495035,9.822086533244633,10
1495041,9.892314025909936,6
1495052,9.723210265275739,11
1495061,9.826438702920193,9
1495065,9.939141368699397,4
1495071,9.896728395603175,6
1495080,9.84728059963304,9
1495108,9.31838016767487,28
1495123,9.665627135627417,15
1495129,9.896697253243117,6
1495141,9.770117826112225,12
1495151,9.771799214306027,10
1495160,9.825175886206999,9
1495166,9.895021301414761,6
1495168,9.980988490263721,2
1495178,9.792756021893915,10
1495186,9.847277919402572,8
1495195,9.8242266998769,9
1495215,9.609204688545505,20
1495219,9.94518408188141,4
1495220,10.0,1
1495227,9.891841126191984,7
1495237,9.794768776086324,10
1495248,9.78675260916308,11
1495251,9.961818106823285,3
1495262,9.804307319201659,11
1495279,9.589696536155518,17
1495294,9.654835394423696,15
1495297,9.953149365398327,3
1495319,9.584618511502873,22
1495320,10.0,1
1495333,9.753788066179855,13
1495342,9.809208700939152,9
1495358,9.251304593981963,16
1495373,9.680074691055712,15
1495379,9.887169710787868,6
1495383,9.92551646443657,4
1495400,9.674094662061854,17
1495412,9.738676952514371,12
1495419,9.864476572732816,7
1495426,9.88889637157485,7
1495427,9.988029145574316,1
1495445,9.571046986634803,18
1495453,9.848726552006394,8
1495466,9.731947229415217,13
1495481,9.64957886200622,15
1495490,9.799096609669137,9
1495496,9.885180767454695,6
1495508,9.729684778468386,12
1495514,9.875138075838516,6
1495523,9.812032018437126,9
1495524,10.0,1
1495526,9.982341905783615,2
1495532,9.898306850460463,6
1495552,9.537014108787456,20
1495556,9.93864691738531,4
1495564,9.745246123320534,8
1495596,9.217501784395383,32
1495608,9.716074241263218,12
1495627,9.508672570821298,19
1495628,9.989462678879207,1
1495630,9.976505846587774,2
1495646,9.610945104143399,16
1495654,9.84210461599507,8
1495668,9.689748953656846,14
1495669,9.98762514882748,1
1495672,9.944624837651938,3
1495678,9.911166431103492,6
1495705,9.353776949548653,27
1495718,9.699116004689646,13
1495725,9.880089058535289,7
1495736,9.775189911293785,11
1495746,9.78509904383249,10
1495764,9.585243255780462,18
1495765,10.0,1
1495774,9.821299860370855,9
1495813,9.29311130087318,39
1495814,10.0,1
1495822,9.82579170016476,8
1495835,9.725603707182387,13
1495848,9.75417571742807,13
1495849,10.0,1
1495859,9.799639197994322,10
1495867,9.837318101668052,8
1495869,9.974283237013495,2
1495889,9.673356393923108,20
1495901,9.749642045829887,12
1495902,10.0,1
1495915,9.71856379494746,13
1495927,9.78284368711444,12
1495972,9.183731270510382,45
1495986,9.706373030668152,14
1495996,9.816272936975125,10
1496002,9.902236316820064,6
1496007,9.914320356535258,5
1496022,9.663912478245981,15
1496031,9.824432812803035,9
1496041,9.797327432116418,10
1496050,9.829525701916413,9
1496064,9.673739789492117,14
1496075,9.80483266474772,11
1496090,9.711042444896353,15
1496103,9.735044981055681,13
1496116,9.739604660043636,13
1496120,9.930018046280725,4
1496126,9.893243665358527,6
1496129,9.962513600974413,3
1496138,9.857948824282035,9
1496143,9.918263070278655,5
1496144,10.0,1
1496146,9.978902280604256,2
1496154,9.865199923472092,8
1496156,9.976288912782513,2
1496166,9.79613843760141,10
1496176,9.797734019544826,10
1496187,9.775925930203824,11
1496190,9.964911308079461,3
1496193,9.963549905860164,3
1496201,9.848351863959696,8
1496206,9.929576410916454,5
1496222,9.654814730046766,16
1496233,9.780015655199731,11
1496242,9.807429115324185,9
1496247,9.919440551853311,5
1496250,9.946405632571285,3
1496264,9.730057318152381,14
1496267,9.964022407481563,3
1496278,9.783702174534662,11
1496288,9.784322490480395,10
1496293,9.938114096398051,5
1496294,10.0,1
1496297,9.96453545110854,3
1496304,9.866350319098807,7
1496318,9.723404545847474,14
1496340,9.565548142797905,22
1496341,9.988147021841348,1
1496352,9.76831852580905,11
1496363,9.503549504387326,11
1496372,9.839026612318737,9
1496382,9.779634435593364,10
1496399,9.638486404339737,17
1496403,9.937500936507567,4
1496413,9.82908506364988,10
1496423,9.808448564890138,10
1496432,9.829851419991902,9
1496438,9.89514399363323,6
1496443,9.928040326881275,5
1496444,10.0,1
1496448,9.931428948535087,4
1496464,9.662373316401895,16
1496478,9.715916597863798,14
1496485,9.859017721275224,7
1496490,9.910576939724216,5
1496500,9.771761025067148,10
1496511,9.838896403687022,11
1496525,9.730139745186749,14
1496543,9.662661241679757,18
1496545,9.972473009595529,2
1496549,9.936675781827393,4
1496553,9.935470937499346,4
1496567,9.688854170649297,14
1496573,9.906917555673079,6
1496583,9.807786965854438,10
1496589,9.906678603714395,6
1496619,8.52204832866578,30
1496630,9.772759006223508,11
1496640,9.776309276302777,10
1496652,9.727145932245385,12
1496666,9.708026181287442,14
1496673,9.861734441114564,7
1496688,9.686531512365173,15
1496698,9.780865117647215,10
1496725,9.386239148149114,27
1496736,9.794680923275276,11
1496748,9.794219006331042,12
1496761,9.753384697560957,13
1496767,9.891877633066173,6
1496778,9.75131853608771,11
1496783,9.912923037248184,5
1496794,9.798917264795856,11
1496812,9.604913474701224,18
1496819,9.856944304158809,7
1496826,9.883817926202246,7
1496835,9.84763179942817,9
1496836,10.0,1
1496844,9.837037646049525,8
1496858,9.723093656596925,14
1496872,9.655878117191266,14
1496888,9.675859023439191,16
1496895,9.861265894479747,7
1496898,9.970251043513768,3
1496915,9.648866533017763,17
1496933,9.622767794775847,18
1496942,9.818214129057141,9
1496953,9.739011212751532,11
1496954,9.996039575563765,1
1496974,9.559897998169994,20
1496981,9.891842320534334,7
1496999,9.649786759506748,18
1497015,9.676658270778466,16
1497018,9.965421478397,3
1497025,9.87813605832564,7
1497044,9.638748272950092,19
1497055,9.771874403075783,11
1497065,9.804304984982583,10
1497072,9.860622858841355,7
1497076,9.943518584240605,4
1497086,9.80932361745062,10
1497097,9.770885850294858,11
1497106,9.854169098639355,9
1497112,9.896722738591473,6
1497113,10.0,1
1497131,9.65421323981659,18
1497138,9.902199664534367,7
1497143,9.904974709536729,5
1497154,9.75543114227979,11
1497162,9.850921170417651,8
1497169,9.888166644745644,7
1497179,9.822008101283586,10
1497191,9.74599408432835,12
1497195,9.940555982677234,4
1497196,10.0,1
1497205,9.804891209955901,9
1497206,10.0,1
1497221,9.693674591245019,15
1497231,9.81210173178815,10
1497245,9.698561997506538,14
1497246,10.0,1
1497254,9.845805476462871,8
1497267,9.707485634090467,13
1497278,9.75259711494384,11
1497287,9.826652589604384,9
1497298,9.791269158554703,11
1497303,9.917088506200992,5
1497313,9.79963599253624,10
1497328,9.694746257321114,15
1497335,9.870522547469614,7
1497346,9.825583542703056,11
1497364,9.587002765399765,18
1497378,9.715464544646006,14
1497384,9.886145305752539,6
1497401,9.59546030388524,17
1497410,9.828082062821196,9
1497421,9.739724048102714,11
1497427,9.90682002565225,6
1497437,9.807435289547753,10
1497454,9.488679437242514,17
1497474,9.546346778815685,20
1497481,9.87751755554643,7
1497487,9.90927587540241,6
1497496,9.817710822208783,9
1497513,9.674807331500238,17
1497514,10.0,1
1497520,9.88903900834569,6
1497530,9.818979148852803,10
1497555,9.310982107667298,25
1497562,9.878103358887344,7
1497568,9.90202539160419,6
1497583,9.619447955596602,15
1497604,9.53785536563369,21
1497610,9.892064882928585,6
1497621,9.811567487766562,11
1497628,9.863771080125815,7
1497644,9.673184560868716,16
1497651,9.850744131734194,7
1497652,9.996458828813617,1
1497662,9.834791319717752,10
1497672,9.827697556513503,10
1497685,9.717845678517412,13
1497691,9.875752438208465,6
1497707,9.667765453445158,16
1497722,9.65009902777456,15
1497735,9.708951264591994,13
1497744,9.815206330605761,9
1497760,9.679658598453088,16
1497775,9.630257474153755,15
1497787,9.741500100086,12
1497791,9.921529783227985,4
1497794,9.945047493719345,3
1497803,9.817289271619082,9
1497810,9.887396114642984,7
1497818,9.822608325890164,8
1497830,9.741075273468564,12
1497841,9.77380894676876,11
1497853,9.743946910133321,12
1497858,9.926954927141724,5
1497876,9.631437231171045,18
1497877,10.0,1
1497894,9.623617782864454,17
1497902,9.845745135382312,8
1497905,9.962412769480574,3
1497911,9.886194588530724,6
1497913,9.977879218919124,2
1497917,9.94517281514631,4
1497929,9.704851794394145,12
1497941,9.730810121647316,12
1497950,9.818031451940321,9
1497967,9.682998094607164,17
1497976,9.819465371612049,9
1497984,9.64842294798638,8
1497985,10.0,1
1497998,9.721957773013465,13
1498007,9.841790040715011,9
1498026,9.588205120942186,19
1498030,9.92921775401004,4
1498034,9.941979154896012,4
1498041,9.860707028279268,7
1498057,9.677508046576841,16
1498070,9.70915912212168,13
1498084,9.6982602473048,14
1498107,9.59636376408344,23
1498110,9.95074345638378,3
1498121,9.766165767819675,11
1498132,9.767464771330367,11
1498147,9.692807269451313,15
1498155,9.82574344762999,8
1498156,10.0,1
1498168,9.729341834703437,12
1498180,9.763828038196518,12
1498194,9.69888729686727,14
1498206,9.74304466916953,12
1498217,9.765657797334558,11
1498221,9.945312242962247,4
1498231,9.808409789875897,10
1498248,9.515337036932282,17
1498253,9.716950165681402,5
1498271,9.547704176967551,18
1498283,9.737330799239839,12
1498304,9.513083299369328,21
1498306,9.973913971318597,2
1498307,9.996379186303813,1
1498317,9.822837738756025,10
1498325,9.832470315217185,8
1498335,9.791266799553558,10
1498339,9.934665950011548,4
1498350,9.768132693286734,11
1498358,9.846475037401618,8
1498362,9.943768617735698,4
1498369,9.85150521792889,7
1498390,9.5962463771702,21
1498401,9.794165831781946,11
1498409,9.818416343767083,8
1498420,9.770091513244363,11
1498433,9.735586999054028,13
1498453,9.546597366718343,20
1498467,9.526932733787914,14
1498480,9.682784036904085,13
1498498,9.69959777030449,18
1498503,9.921127923676694,5
1498523,9.504592777096505,20
1498537,9.696324556355583,14
1498549,9.763317878777386,12
1498559,9.800019243428,10
1498565,9.877498494535171,6
1498566,10.0,1
1498572,9.89089431700905,6
1498578,9.919989631637055,6
1498586,9.875475429606222,8
1498598,9.725604722514348,12
1498606,9.861307652061747,8
1498613,9.868283763428545,7
1498633,9.571782911666117,20
1498647,9.721845992415785,14
1498652,9.926959159558056,5
1498656,9.944642338966473,4
1498664,9.866967995090238,8
1498675,9.752368119038325,11
1498684,9.830797621556338,9
1498695,9.741072424439635,11
1498698,9.964501297429617,3
1498708,9.776709026312963,10
1498709,10.0,1
1498739,9.370275478609804,30
1498756,9.69351648139753,17
1498768,9.734980473893252,12
1498780,9.791892825190802,12
1498781,10.0,1
1498800,5.354455782275176,19
1498806,9.888028090182525,6
1498818,9.551912110190315,12
1498830,9.739091144467213,12
1498831,10.0,1
1498878,9.060342952353539,47
1498879,10.0,1
1498891,9.75801748868932,12
1498897,9.892176909684236,6
1498913,9.73812242483059,16
1498928,9.686857845222955,15
1498937,9.833946451782388,9
1498945,9.832058006880885,8
1498952,9.852700461281746,7
1498958,9.916266558922908,6
1498975,9.633666034054356,17
1498976,10.0,1
1498977,10.0,1
1498985,9.856315483110535,8
1498996,9.742467997623473,11
1499007,9.72942442250477,11
1499008,10.0,1
1499022,9.692650451608346,14
1499035,9.708242312470006,13
1499045,9.80981446844592,10
1499055,9.809127714348293,10
1499073,9.611365750700696,18
1499078,9.911358668983677,5
1499079,10.0,1
1499089,9.818239837571692,10
1499098,9.803356936282373,9
1499113,9.728375369577632,15
1499120,9.867471347421137,7
1499133,9.756559801959618,13
1499141,9.857355896335115,8
1499153,9.78527575737399,12
1499157,9.927801157683309,4
1499163,9.88761488703336,6
1499172,9.82932477254079,9
1499180,9.821533143009177,8
1499181,10.0,1
1499191,9.836488797201913,10
1499204,9.692830443863924,13
1499215,9.77808300284382,11
1499223,9.856206235026129,8
1499228,9.935602661138013,5
1499229,10.0,1
1499237,9.852797444311358,8
1499248,9.75313717170338,11
1499262,9.697462963154194,14
1499269,9.882624292817665,7
1499277,9.857025319216264,8
1499289,9.782878125735216,12
1499304,9.638827520681545,15
1499314,9.77571704752415,10
1499325,9.76246548971535,11
1499326,10.0,1
1499333,9.857229348673902,7
1499334,10.0,1
1499337,9.962035721676537,3
1499347,9.787084220202209,10
1499351,9.93583931256337,4
1499360,9.811061451754526,9
1499375,9.649591082866896,15
1499376,10.0,1
1499385,9.821407905749417,9
1499396,9.778993054502516,11
1499402,9.899533533948398,6
1499412,9.772939322959909,10
1499417,9.906795047810261,5
1499423,9.879571067587255,6
1499432,9.821974787394074,9
1499440,9.86652072432844,8
1499447,9.883078516825723,7
1499454,9.875092330810435,7
1499459,9.92426620481281,5
1499500,9.22688554503378,41
1499501,10.0,1
1499515,9.696776553432423,14
1499521,9.906709525679164,6
1499533,9.820296929365075,12
1499540,9.863992541685324,7
1499551,9.746611808815757,11
1499564,9.70067746415402,13
1499578,9.690272658152633,14
1499591,9.752246006221178,13
1499592,9.991996881586381,1
1499604,9.75047655161382,12
1499617,9.679598774259524,13
1499624,9.87750448801322,7
1499642,9.421203575128265,18
1499648,9.917192206857687,6
1499655,9.855928195299086,7
1499657,9.985457367132504,2
1499672,9.708887191948126,15
1499684,9.720535042093685,12
1499693,9.826768414263798,9
1499706,9.721722683938792,13
1499724,9.605952641744432,18
1499727,9.962951434072586,3
1499744,9.556017268635165,17
1499750,9.894829858791251,6
1499751,9.995821085208476,1
1499754,9.953178292849776,3
1499766,9.725670012533207,12
1499784,9.614723140228683,18
1499794,9.813004088871745,10
1499806,9.729236824654507,12
1499807,10.0,1
1499820,9.703076289445615,13
1499821,10.0,1
1499830,9.826144233249053,9
1499837,9.882406699510433,7
1499846,9.806580272019035,9
1499854,9.866419612250926,8
1499866,9.742731048256537,12
1499876,9.81699465787755,10
1499890,9.679879157227544,14
1499900,9.819143413523491,10
1499906,9.496075568423313,6
1499915,9.862058048630944,9
1499917,9.981313911702083,2
1499923,9.889930518450605,6
1499934,9.823061916590653,11
1499945,9.77622131324427,11
1499959,9.718641888521274,14
1499961,9.980851143892465,2
1499976,9.659740338480665,15
1499990,9.669093936145556,14
1499996,9.911165832173921,6
1499997,10.0,1
1500012,9.694392124802459,15
1500019,9.883511361867367,7
1500022,9.950709847774936,3
1500034,9.774571562834609,12
1500048,9.689152616932796,14
1500059,9.788457433507164,11
1500069,9.805789057187582,10
1500086,9.518072670917444,17
1500097,9.741643961939095,11
1500105,9.82767613061302,8
1500111,9.878625558189487,6
1500120,9.81918989126104,9
1500123,9.956655935555924,3
1500136,9.742794157862718,13
1500142,9.893262041493491,6
1500147,9.904993580705487,5
1500148,10.0,1
1500155,9.876547712618978,7
1500163,9.857667621515182,8
1500179,9.649075061382726,16
1500194,9.656385388064825,15
1500200,9.891961565099358,6
1500208,9.828874791435675,8
1500225,9.587319931025212,17
1500226,10.0,1
1500238,9.746800792610946,12
1500255,9.62215903841405,17
1500263,9.828949173780543,8
1500267,9.940449593053568,4
1500270,9.968436182286785,3
1500273,9.960084027055535,3
1500286,9.714368354439886,13
1500287,9.991744611605476,1
1500288,10.0,1
1500292,9.939415294386288,4
1500297,9.906155311475665,5
1500309,9.743214729524693,12
1500310,10.0,1
1500323,9.769249110974137,13
1500324,9.987237375653697,1
1500328,9.934176716797207,4
1500329,9.996204792419853,1
1500342,9.52253421182018,13
1500343,9.989580309444596,1
1500354,9.772532099483383,11
1500355,10.0,1
1500371,9.7178888560044,16
1500385,9.753264693296464,14
1500386,10.0,1
1500394,9.838666599716435,8
1500410,9.634605459646062,16
1500411,9.992403380664873,1
1500420,9.84499846144297,9
1500434,9.690023698797667,14
1500445,9.773948682691259,11
1500452,9.86566248404244,7
1500458,9.879351979665802,6
1500468,9.831971937676379,10
1500469,10.0,1
1500470,10.0,1
1500489,9.611384124138212,19
1500502,9.75497827869461,13
1500515,9.721807694790522,13
1500516,10.0,1
1500525,9.804405132902897,9
1500542,9.607687440864284,17
1500549,9.89638212588988,7
1500557,9.843190509388714,8
1500561,9.922716721465214,4
1500565,9.935124147946729,4
1500568,9.952984234368289,3
1500569,10.0,1
1500583,9.433946053289048,14
1500589,9.88566950824044,6
1500594,9.926473727278355,5
1500602,9.858233074578319,8
1500614,9.76288552612613,12
1500637,8.987545324510412,23
1500649,9.819125696219063,12
1500658,9.796008436590991,9
1500667,9.845214997620685,9
1500686,9.619893612364631,19
1500696,9.802570012249918,10
1500705,9.848593651410939,9
1500708,9.966349539976369,3
1500727,9.548987592161366,19
1500738,9.757991204705498,11
1500750,9.758870838108601,12
1500754,9.941077826731235,4
1500762,9.838762453118834,8
1500763,10.0,1
1500773,9.828601264819362,10
1500785,9.760345511950808,12
1500798,9.70087226133594,13
1500805,9.873357626071899,7
1500816,9.735890831969643,11
1500832,9.651595614149764,16
1500833,9.989075221891477,1
1500842,9.818727572238911,9
1500852,9.814694642758914,10
1500885,9.401257918895977,33
1500886,10.0,1
1500893,9.879212658008395,7
1500898,9.924515397669662,5
1500909,9.76633886450557,11
1501009,7.933684698242661,100
1501025,9.338877292092848,16
1501035,9.793506371303085,10
1501047,9.724097195661466,12
1501048,10.0,1
1501059,9.813993737446376,11
1501066,9.903332271702915,7
1501083,9.585108732793593,17
1501097,9.677577818398444,14
1501112,9.759679724633493,15
1501122,9.839721205912017,10
1501137,9.692525860654088,15
1501145,9.870788788520724,8
1501154,9.838445928350884,9
1501155,10.0,1
1501159,9.95225319033194,4
1501165,9.890382354500671,6
1501177,9.73572401985354,12
1501182,9.928300267983557,5
1501185,9.959696057303939,3
1501189,9.94054493546312,4
1501201,9.762009023772583,12
1501212,9.748375211842216,11
1501218,9.896464657867346,6
1501229,9.412064113810164,11
1501238,9.813485225294883,9
1501249,9.770471505462687,11
1501259,9.194611227238962,10
1501266,9.872155517941687,7
1501280,9.579396906765275,14
1501281,10.0,1
1501288,9.86092180750665,7
1501306,9.681154480336287,18
1501308,9.98197760877165,2
1501313,9.922439711652641,5
1501322,9.843806354490967,9
1501326,9.940986463814145,4
1501338,9.752375627573773,12
1501357,9.588859960413913,19
1501367,9.794472471810293,10
1501370,9.960911805813286,3
1501389,9.640638511049032,19
1501407,9.568864659158505,18
1501426,9.59145600146393,19
1501438,9.788630463075851,12
1501440,9.970650134342291,2
1501457,9.61223731235331,17
1501465,9.862744687323639,8
1501466,10.0,1
1501479,9.768072772865265,13
1501483,9.942730413777669,4
1501500,9.650941768834091,17
1501502,9.98057086460344,2
1501515,9.72430208238266,13
1501518,9.957060989568449,3
1501580,8.767052803438279,62
1501589,9.843467512691198,9
1501590,10.0,1
1501597,9.857588762863273,7
1501598,10.0,1
1501611,9.712485007470196,13
1501627,9.601137954191552,16
1501630,9.962802705984675,3
1501649,9.593424757932986,19
1501659,9.786702173215069,10
1501662,9.966454084795734,3
1501665,9.952072590309914,3
1501671,9.895468840171908,6
1501681,9.80236931266427,10
1501682,10.0,1
1501692,9.78395576283539,10
1501712,9.55295394779319,20
1501713,10.0,1
1501726,9.648082029158445,13
1501731,9.918396502780311,5
1501742,9.784425077980215,11
1501759,9.654303775473917,17
1501769,9.818683428993596,10
1501778,9.81534555817585,9
1501780,9.985889790158481,2
1501793,9.746362747052325,13
1501809,9.652725111702276,16
1501818,9.815632045920413,9
1501839,9.556100235583484,21
1501862,9.42735912375428,23
1501868,9.899337068602904,6
1501884,9.652167760591324,16
1501886,9.973549233033737,2
1501894,9.8412727833981,8
1501898,9.925981109722098,4
1501904,9.885785198837942,6
1501921,9.63877301961669,17
1501922,10.0,1
1501932,9.816940080222855,10
1501940,9.856262115775332,8
1501946,9.907628848877549,6
1501955,9.817191684467701,9
1501963,9.86011999958448,8
1501964,10.0,1
1501972,9.848636148130598,8
1501989,9.588650245159544,17
1501998,9.835343113121978,9
1502003,9.915968784830996,5
1502021,9.554054008791162,18
1502023,9.974955505823369,2
1502034,9.781853810988707,11
1502047,9.677959169324263,13
1502052,9.91545438883311,5
1502059,9.87214174042689,7
1502109,8.974355873410897,50
1502118,9.83005993695003,9
1502127,9.83703333171443,9
1502131,9.947855498950632,4
1502140,9.82458825146312,9
1502148,9.873727825380021,8
1502159,9.781192128979331,11
1502170,9.798931887414993,11
1502183,9.70347639492293,13
1502187,9.94481299271037,4
1502196,9.834703844079499,9
1502203,9.88733599668779,7
1502218,9.633047752529684,15
1502227,9.84787984494719,9
1502236,9.829586637725008,9
1502242,9.807493549888846,6
1502244,9.97326371678513,2
1502245,10.0,1
1502257,9.733347066393817,12
1502269,9.74898564525116,12
1502270,10.0,1
1502272,9.970199214704246,2
1502276,9.92296644834248,4
1502285,9.818133968014399,9
1502294,9.813542724004792,9
1502301,9.867048693200521,7
1502315,9.712978547458155,14
1502318,9.954792882936818,3
1502320,9.967193203415658,2
1502336,9.61631297680625,16
1502348,9.74183169999308,12
1502354,9.883892125260815,6
1502358,9.942490601419863,4
1502360,9.975710422102187,2
1502364,9.941594725835213,4
1502371,9.887063597856455,7
1502377,9.886519647334858,6
1502386,9.830879959941345,9
1502393,9.88806993400153,7
1502396,9.95857043694632,3
1502397,10.0,1
1502414,9.669249259413021,17
1502426,9.726539718954292,12
1502442,9.611521601780948,16
1502457,9.670295445573263,15
1502462,9.913521123100772,5
1502464,9.971371198645436,2
1502482,9.640937768568989,18
1502497,9.663296404519992,15
1502690,-67.33836107562212,193
1502698,9.860341788853567,8
1502708,9.805003738969624,10
1502720,9.756824658082229,12
1502730,9.80410889330014,10
1502735,9.914895961863502,5
1502748,9.701980900510678,13
1502767,9.620926169598132,19
1502784,9.591367545139965,17
1502794,9.808786099974297,10
1502796,9.981374621595613,2
1502802,9.884152004723338,6
1502810,9.844602206121584,8
1502815,9.922109447505386,5
1502819,9.947219279100848,4
1502820,10.0,1
1502826,9.872243337374584,6
1502834,9.845978196377791,8
1502843,9.811656728223486,9
1502858,9.661766718696397,15
1502865,9.879753119529886,7
1502879,9.677444525359432,14
1502888,9.83855815042454,9
1502902,9.73441263623239,14
1502904,9.973445993118318,2
1502905,10.0,1
1502908,9.965734365756077,3
1502916,9.823989001421511,8
1502925,9.819818065912091,9
1502945,9.443783933180205,20
1502952,9.844136582407682,7
1502960,9.072405768958957,8
1502975,9.67121075538641,15
1502995,9.560286674406788,20
1502996,10.0,1
1503005,9.802937282290847,9
1503016,9.668380109408789,11
1503031,9.641448698625455,15
1503049,9.690074405805738,18
1503064,9.716526815345546,15
1503076,9.811316756390706,12
1503078,9.974707808264236,2
1503090,9.772624959218637,12
1503091,9.992901295728206,1
1503099,9.842775133137781,8
1503101,9.978064988805523,2
1503115,9.752618719882088,14
1503127,9.758824808236175,12
1503131,9.944947942527907,4
1503144,9.524056807126883,13
1503172,9.390834056158145,28
1503192,9.598800038357952,20
1503206,9.699892569279534,14
1503211,9.914111237012989,5
1503220,9.800578290307,9
1503243,9.51703403681856,23
1503247,9.941945092847934,4
1503251,9.927533445010308,4
1503252,10.0,1
1503263,9.801179561907073,11
1503265,9.972615186536968,2
1503270,9.80136752506004,5
1503285,9.721502793716269,15
1503307,9.443596243468724,22
1503308,10.0,1
1503322,9.691404737807375,14
1503333,9.802580087838834,11
1503351,9.62582946019694,18
1503358,9.88633524408424,7
1503362,9.931399320523619,4
1503369,9.847814252336583,7
1503381,9.776187322091909,12
1503383,9.979094277480705,2
1503389,9.803350854252699,6
1503396,9.883323628109796,7
1503413,9.63276799598855,17
1503422,9.840669229233777,9
1503431,9.822368192400129,9
1503432,10.0,1
1503442,9.794995179854636,10
1503454,9.760455883562521,12
1503455,9.99206837733148,1
1503466,9.75241472979448,11
1503479,9.796353393876702,13
1503483,9.935450914793984,4
1503484,10.0,1
1503499,9.659769065380935,15
1503509,9.784895825242943,10
1503516,9.878917436830159,7
1503528,9.727786794990903,12
1503536,9.844273160017824,8
1503543,9.87187691157266,7
1503548,9.91485136112714,5
1503558,9.788514912151225,10
1503560,9.968492296074775,2
1503576,9.459054221049751,16
1503588,9.746190631865318,12
1503589,10.0,1
1503611,8.983547253120102,22
1503626,9.668103453032517,15
1503649,9.460004167130572,23
1503661,9.74979096226239,12
1503674,9.713268257792699,13
1503675,9.992438675233903,1
1503686,9.790630350066412,11
1503699,9.739109185621658,13
1503700,10.0,1
1503715,9.643831232396172,15
1503725,9.802015599174586,10
1503740,9.668619214174978,15
1503745,9.92663384429428,5
1503761,9.66835350659993,16
1503768,9.868700954464385,7
1503779,9.776695209934148,11
1503794,9.699266932275732,15
1503807,9.802338680635753,13
1503817,9.797273516979969,10
1503824,9.882094391201793,7
1503832,9.842109041904283,8
1503841,9.862528380383282,9
1503845,9.953373559481166,4
1503854,9.817758455335154,9
1503864,9.781567477550055,10
1503875,9.778527141952349,11
1503886,9.766573719056085,11
1503932,8.940469589099015,46
1503933,10.0,1
1503942,9.812205290166762,9
1503959,9.609285409205588,17
1503968,9.82117431854657,9
1503977,9.820067882709083,9
1503988,9.761649547530615,11
1503997,9.825132956351652,9
1504012,9.619197017919491,15
1504013,10.0,1
1504019,9.882772054326272,6
1504029,9.804173256184539,10
1504042,9.72496185337243,13
1504053,9.73835379962265,11
1504061,9.847180156402581,8
1504076,9.68524674779051,15
1504090,9.68607173526456,14
1504105,9.672429866674381,15
1504110,9.904550880227657,5
1504128,9.632906660705439,18
1504141,9.73392598225887,13
1504142,10.0,1
1504147,9.925913292607264,5
1504152,9.909277053146372,5
1504166,9.685201306768192,14
1504174,9.838022575571342,8
1504175,9.992731028748999,1
1504179,9.948385687584404,4
1504188,9.79640795305387,9
1504189,10.0,1
1504190,10.0,1
1504199,9.8312079317462,9
1504209,9.829937536390705,10
1504225,9.609163152059914,16
1504231,9.916099477255289,6
1504258,7.022122386862635,27
1504267,9.829075892214432,9
1504280,9.750179388720365,13
1504286,9.886515227940505,6
1504296,9.830426389281664,10
1504316,9.556710739769995,20
1504328,9.735312427444029,12
1504346,9.22910032506042,18
1504356,9.798571055313086,10
1504365,9.818878226783516,9
1504370,9.915392798613974,5
1504380,9.805278827296702,10
1504390,9.788555824871409,10
1504395,9.907847583520962,5
1504400,9.925927985970613,5
1504413,9.734152284882725,13
1504422,9.713776988221024,9
1504438,9.668915993987358,16
1504445,9.893360514546886,7
1504446,10.0,1
1504455,9.833181809235544,9
1504456,10.0,1
1504477,9.55187509558167,21
1504485,9.581338286046373,8
1504501,9.694099610437519,16
1504503,9.96937253011918,2
1504513,9.816409084633644,10
1504523,9.814789738720043,10
1504540,9.502129496250896,17
1504551,9.774250283299184,11
1504566,9.702898283986379,15
1504581,9.654135572474313,15
1504591,9.793169681493856,10
1504599,9.858575288394546,8
1504603,9.941708739890252,4
1504610,9.876735481448716,7
1504614,9.938482048708044,4
1504621,9.885024778696327,7
1504628,9.851197962230854,7
1504640,9.802908424849228,12
1504648,9.841253449825142,8
1504654,9.910577189713813,6
1504662,9.815892892301553,8
1504669,9.87450413613496,7
1504684,9.68975958661219,15
1504693,9.803158487895905,9
1504703,9.77906934648609,10
1504704,10.0,1
1504713,9.809777766861,9
1504723,9.76397078060134,10
1504741,9.618442161476203,18
1504748,9.863383558294686,7
1504759,9.754404824790404,11
1504771,9.809711441928652,12
1504785,9.695234901454638,14
1504790,9.92904872398931,5
1504797,9.874094312373408,7
1504820,9.45429743455023,23
1504833,9.712535271005665,13
1504848,9.675558665445754,15
1504860,9.749586709016645,12
1504865,9.909338114174592,5
1504874,9.811044457652326,9
1504886,9.748681387729444,12
1504899,9.71726737435154,13
1504906,9.865973573572836,7
1504925,9.531152168261023,19
1504930,9.929030759731097,5
1504936,9.88335717852011,6
1504947,9.800758679171603,11
1504958,9.78447396213472,11
1504963,9.921342966024122,5
1504964,9.992541649115294,1
1504975,9.792137592774186,11
1504980,9.927404849369633,5
1504985,9.925346583161787,5
1504998,9.688903435066853,13
1505014,9.6487034907511,16
1505023,9.817007721304938,9
1505036,9.753461642708597,13
1505051,9.708101582175402,15
1505056,9.92200249685948,5
1505062,9.889397178051848,6
1505081,9.566139391726512,19
1505084,9.968359082707192,3
1505100,9.623389363850922,16
1505114,9.589482003786207,14
1505118,9.948701714421976,4
1505129,9.758320425936478,11
1505139,9.806966977597412,10
1505144,9.906366038139131,5
1505147,9.961219069869301,3
1505166,9.427516015282631,19
1505181,9.67779955259124,15
1505200,9.646014341683427,19
1505225,9.474528853080452,25
1505235,9.813087857702072,10
1505241,9.905464577521641,6
1505248,9.878475708748045,7
1505254,9.901683811860764,6
1505267,9.738883370333028,13
1505278,9.789755097756338,11
1505301,9.564428102392446,23
1505302,9.99650038997284,1
1505319,9.619613247851058,17
1505332,9.500125314998414,13
1505351,9.50743329918318,19
1505353,9.974198830474748,2
1505369,9.703070938041604,16
1505388,9.59997921560312,19
1505400,9.75154029413375,12
1505407,9.888152011212245,7
1505422,9.727702489560588,15
1505430,9.848288742523664,8
1505439,9.83080476134556,9
1505444,9.923024842496831,5
1505445,10.0,1
1505459,9.573886966069699,14
1505473,9.685983036854646,14
1505478,9.901182735024006,5
1505486,9.877571727572603,8
1505499,9.738152531492497,13
1505511,9.762460747888312,12
1505524,9.514503256578847,13
1505529,9.920469447516739,5
1505534,9.92692190277187,5
1505544,9.806874404308882,10
1505555,9.777647245618574,11
1505566,9.649141507697559,11
1505583,9.59045704660265,17
1505595,9.75959649263296,12
1505611,9.647198829595323,16
1505613,9.97683775195097,2
1505628,7.922401879003786,15
1505643,9.645832765348025,15
1505651,9.848853779647474,8
1505660,9.815693097894123,9
1505681,9.146876348417699,21
1505688,9.882966802570497,7
1505694,9.908897680657976,6
1505695,10.0,1
1505707,9.719491979848435,12
1505725,9.617825038474084,18
1505735,9.789489566485148,10
1505741,9.905784954044941,6
1505747,9.905910009254056,6
1505757,9.819389864510848,10
1505760,9.957528195862167,3
1505772,9.739850718528034,12
1505781,9.828207756295585,9
1505795,9.703931039188232,14
1505803,9.863130323865786,8
1505807,9.938694175570294,4
1505814,9.86357294468206,7
1505822,9.847444382923056,8
1505841,9.627224349012065,19
1505850,9.85103276226023,9
1505852,9.971853486224065,2
1505863,9.792236267986205,11
1505864,9.987795017561448,1
1505886,9.487351121326338,22
1505893,9.86980344844399,7
1505897,9.932785790383912,4
1505910,9.745768831577806,13
1505923,9.737539745901422,13
1505934,9.550334617892545,11
1505947,9.705924622017948,13
1505958,9.808493755915647,11
1505962,9.930659347349772,4
1505974,9.742923205459281,12
1505985,9.75311120197574,11
1505992,9.87531198149736,7
1506000,9.849027415402924,8
1506005,9.90409212600056,5
1506016,9.782968854244768,11
1506026,9.786698570930128,10
1506131,7.939005819567908,105
1506138,9.87867379609008,7
1506150,9.76215753139156,12
1506155,9.914208031024113,5
1506174,9.543201935826684,19
1506188,9.700799683427784,14
1506194,9.88676790287516,6
1506197,9.961373902900513,3
1506204,9.851248620168983,7
1506205,9.989259698627347,1
1506211,9.889602941533509,6
1506220,9.839087505166448,9
1506230,9.824552789781132,10
1506244,9.708362707833212,14
1506268,9.370373086398425,24
1506284,9.636061857134065,16
1506288,9.946639155648738,4
1506294,9.907234717388508,6
1506303,9.826791115597375,9
1506315,9.815400321642743,12
1506316,10.0,1
1506320,9.950103048519306,4
1506333,9.74413475422584,13
1506340,9.867974953576834,7
1506346,9.907056938631992,6
1506351,9.917669219295508,5
1506357,9.90888362473794,6
1506373,9.632414995571713,16
1506381,9.857820363884796,8
1506384,9.972382095525493,3
1506401,9.58082183869162,17
1506418,9.667268094483179,17
1506428,9.832600673004226,10
1506444,9.634396733588247,16
1506459,9.710613266627469,15
1506470,9.795506764840052,11
1506482,9.747700834942588,12
1506504,9.42416906827423,22
1506519,9.577214234233285,15
1506535,9.535240029935384,16
1506566,9.389780978061331,31
1506574,9.885072724266335,8
1506592,9.595288208275255,18
1506596,9.939683799286344,4
1506607,9.758802785729005,11
1506625,9.563544444424146,18
1506633,9.869418582129606,8
1506646,9.741516114677054,13
1506654,9.87239095241864,8
1506674,9.632514653005348,20
1506688,9.718803057385038,14
1506704,9.68255159918923,16
1506720,9.66963125410285,16
1506742,9.564759360280082,22
1506756,9.587515493735149,14
1506757,10.0,1
1506760,9.949505018983208,3
1506761,10.0,1
1506780,9.543198085130683,19
1506797,9.640728769606,17
1506812,9.656714455194168,15
1506822,9.789313564742008,10
1506840,9.19791632509977,18
1506844,9.953163400406297,4
1506856,9.802486886017467,12
1506867,9.749233032578742,11
1506879,9.772975576609705,12
1506900,9.07608952168891,21
1506910,9.809312080480563,10
1506915,9.913239912150228,5
1506916,10.0,1
1506933,8.888809171689141,17
1506948,9.5339435966352,15
1506961,9.740909420186437,13
1506985,9.506774412857759,24
1506997,9.743277343560692,12
1506999,9.973111598757562,2
1507018,9.661039738614289,19
1507041,9.516040907937098,23
1507045,9.926491552420774,4
1507052,9.86182905613611,7
1507058,9.896832423985773,6
1507068,9.784131483088348,10
1507071,9.970301611886834,3
1507077,9.89560967835116,6
1507078,10.0,1
1507090,9.742274163709617,12
1507091,10.0,1
1507101,9.774971944970273,10
1507109,9.851567240109388,8
1507122,9.751087802504761,13
1507139,9.617912637231235,17
1507148,9.790516690173071,9
1507154,9.881003487133615,6
1507167,9.72377969296447,13
1507183,9.563325657962304,16
1507191,9.84622962346542,8
1507194,9.953479420859937,3
1507203,9.81631544012097,9
1507205,9.972244814198872,2
1507223,9.435680897303456,18
1507240,9.583971964992244,17
1507251,9.801846492830975,11
1507252,10.0,1
1507264,9.747746264537167,12
1507276,9.751034908759559,12
1507284,9.844816211249984,8
1507298,9.755284117596915,14
1507304,9.908714617431787,6
1507326,9.52949086589433,22
1507331,9.898301279101865,5
1507332,9.996421832531903,1
1507342,9.802608989591532,10
1507352,9.779499231749663,10
1507359,9.857991578673975,7
1507372,9.726514414625193,13
1507384,9.742848349517812,12
1507390,9.911801399446013,6
1507392,9.972920668792487,2
1507399,9.884558667869122,7
1507406,9.894417683047642,7
1507417,9.73415374816138,11
1507433,9.603730046606435,16
1507443,9.774565127960718,10
1507460,9.603015683931819,17
1507474,9.687894441637686,14
1507475,10.0,1
1507477,9.971826641623043,2
1507481,9.938298342205288,4
1507495,9.74234143754901,14
1507497,9.975663906987926,2
1507517,9.621034101611617,20
1507521,9.946470452246631,4
1507528,9.890883465807356,7
1507532,9.949242749496829,4
1507539,9.863975068624619,7
1507547,9.83130692539707,8
1507559,9.746719934423357,12
1507564,9.912682069364942,5
1507568,9.748398348414112,4
1507574,9.884169100241635,6
1507577,9.965854827642337,3
1507584,9.871329139001705,7
1507589,9.923415541777187,5
1507598,9.80057917218526,9
1507600,9.975111656101014,2
1507620,9.50082765694631,20
1507640,9.611556358173777,20
1507641,10.0,1
1507660,9.654038640514006,19
1507669,9.821304266525683,9
1507670,10.0,1
1507680,9.795990612584124,10
1507693,9.73292737467579,13
1507694,9.992750310545459,1
1507705,9.776349928797718,11
1507706,10.0,1
1507718,9.785009138901005,12
1507724,9.906580146892376,6
1507737,9.805965074110434,13
1507743,9.900485478332302,6
1507754,9.497747899998798,11
1507760,9.912195255946935,6
1507766,9.890830885046539,6
1507767,10.0,1
1507786,9.673131612039608,19
1507790,9.92775002325738,4
1507809,9.602575442480092,19
1507821,9.731698534166275,12
1507838,9.585543419697277,17
1507845,9.900871161747306,7
1507851,9.880163595764762,6
1507860,9.811004660025091,9
1507869,9.832141454320002,9
1507880,9.748413045222048,11
1507887,9.867936614550194,7
1507901,9.701271991286616,14
1507918,9.356377219188087,17
1507919,10.0,1
1507927,9.86792122434087,8
1507937,9.8436477156257,10
1507941,9.933240161206605,4
1507952,9.727020496896747,11
1507963,9.775083493587141,11
1507977,9.208229345359788,14
1507989,9.756804127231657,12
1508004,9.639098319570312,15
1508010,9.884059752803468,6
1508016,9.906935216831343,6
1508035,9.584998140940707,19
1508049,9.69431805048854,14
1508062,9.125486970003656,13
1508071,9.827013280873107,9
1508079,9.865450870896192,8
1508093,9.699369277907326,14
1508103,9.785785377508924,10
1508111,9.861445203084195,8
1508119,9.857864825440513,8
1508121,9.970954015305589,2
1508126,9.919059208430006,5
1508127,10.0,1
1508136,9.815112932298023,9
1508146,9.798212865499394,10
1508159,9.727648947895911,13
1508176,9.618478534207314,17
1508180,9.92934109362863,4
1508191,9.777663683586743,11
1508208,9.608511808165064,17
1508209,10.0,1
1508218,9.82360994870603,9
1508227,9.82842557398588,9
1508228,10.0,1
1508229,10.0,1
1508237,9.843394820417876,8
1508262,9.414353076204971,25
1508272,9.807926924610781,10
1508273,9.996680906562787,1
1508285,9.74957859684249,12
1508298,9.683569035625023,13
1508305,9.857231748474206,7
1508306,10.0,1
1508307,10.0,1
1508331,9.500757195077,24
1508342,9.75084689665184,11
1508354,9.757545040144668,12
1508362,9.836597332438108,8
1508377,9.695643115386606,15
1508378,10.0,1
1508386,9.85847645784004,8
1508395,9.783290378149914,9
1508404,9.823499339470164,9
1508424,9.55306920784217,20
1508441,9.592978369298704,17
1508447,9.89186615663567,6
1508455,9.841693099182503,8
1508477,9.31143852920367,22
1508495,9.605519682212721,18
1508498,9.953170340032624,3
1508501,9.960446497782232,3
1508521,9.590559069657587,20
1508530,9.827596499024438,9
1508531,10.0,1
1508532,10.0,1
1508535,9.957633482721727,3
1508536,10.0,1
1508545,9.813013480280414,9
1508557,9.545751259614686,12
1508569,9.54451479913699,12
1508579,9.790091478743385,10
1508586,9.853011250250848,7
1508593,9.867872094772663,7
1508599,9.905835835471512,6
1508609,9.780859799651742,10
1508619,9.8096139635196,10
1508634,9.675507060216882,15
1508640,9.886109555217931,6
1508643,9.946902962674416,3
1508654,9.765857019911003,11
1508655,10.0,1
1508676,9.572398037100443,21
1508677,10.0,1
1508697,9.573214845857347,20
1508710,9.735514284063715,13
1508729,9.589048978071501,19
1508750,9.55117864607196,21
1508764,9.703368155763565,14
1508765,10.0,1
1508770,9.906641669473414,5
1508771,10.0,1
1508775,9.94247827653404,4
1508799,9.402131328464263,24
1508949,7.2238506417065755,150
1508966,9.627787162271828,17
1508983,9.435021205824349,17
1509001,9.49257514472064,18
1509005,9.938285401601412,4
1509013,9.873240238984566,8
1509026,9.713720524565174,13
1509027,9.99617554536802,1
1509036,9.841673295568064,9
1509050,9.73118078449208,14
1509063,9.011737870819337,13
1509065,9.97572647735603,2
1509078,9.723786796178747,13
1509079,9.986879067524415,1
1509086,9.866287895828982,7
1509099,9.484491701649166,13
1509106,9.863341859329685,7
1509119,9.688920774159108,13
1509124,9.915286252237353,5
1509131,9.878106777966291,7
1509140,9.85319646205282,9
1509145,9.913306004943335,5
1509154,9.714748266606964,9
1509163,9.844863629289511,9
1509167,9.927941747147472,4
1509177,9.829523746696156,10
1509184,9.879747776613096,7
1509185,10.0,1
1509195,9.81240650170634,10
1509196,10.0,1
1509197,10.0,1
1509206,9.80378680458867,9
1509220,9.71283623087421,14
1509226,9.901856011031223,6
1509235,9.791022893425778,9
1509244,9.823933972395146,9
1509263,9.535740772931907,19
1509278,9.707995066689158,15
1509285,9.881252744219319,7
1509299,9.708539109275897,14
1509317,9.633323038153415,18
1509328,9.81309949124398,11
1509336,9.842394772086605,8
1509340,9.938264252082163,4
1509346,9.906972860064746,6
1509357,9.790776242258334,11
1509358,9.993036648050735,1
1509361,9.9665141087426,3
1509380,9.605193263795133,19
1509395,9.674438215610618,15
1509412,9.603190403025637,17
1509417,9.928030589241265,5
1509418,9.98961912085527,1
1509419,10.0,1
1509435,9.668412645023908,16
1509448,9.740845387540928,13
1509454,9.890069044743939,6
1509463,9.854769469434368,9
1509473,9.809250567719474,10
1509507,9.221989034864079,34
1509512,9.931045133084915,5
1509526,9.694630955661134,14
1509541,9.5821777212242,15
1509555,9.675538577636672,14
1509574,9.524282237731507,19
1509585,9.762902341833904,11
1509598,9.700906916495187,13
1509610,9.766472664020135,12
1509636,9.327693463596948,26
1509648,9.730162890052574,12
1509656,9.867106521567019,8
1509670,9.687507835303945,14
1509678,9.868516745146778,8
1509692,9.699494264784896,14
1509697,9.917363592470405,5
1509705,9.823841420308117,8
1509719,9.716116460996902,14
1509726,9.871933312073645,7
1509731,9.921971630598723,5
1509734,9.964568370781233,3
1509735,10.0,1
1509744,9.812345967841033,9
1509753,9.831619617124367,9
1509763,9.80495355113592,10
1509768,9.904815848335199,5
1509774,9.920768680041784,6
1509788,9.68844000333713,14
1509798,9.80534766683973,10
1509815,9.679604081126516,17
1509824,9.819693707343474,9
1509840,9.72483688619869,16
1509845,9.919558909612608,5
1509857,9.731715106323561,12
1509866,9.42164770599316,9
1509884,9.677198751885511,18
1509895,9.75225349290474,11
1509923,8.688229623119689,28
1509942,9.538711363187627,19
1509967,9.506825755209606,25
1509971,9.938174801444548,4
1509981,9.804469065915193,10
1509999,9.581143204250244,18
1510009,9.79160472134678,10
1510019,9.771745626366206,10
1510024,9.917639652493145,5
1510026,9.984757619653042,2
1510037,9.764187313370712,11
1510043,9.896233729214874,6
1510045,9.974703519927587,2
1510049,9.949764869529591,4
1510050,10.0,1
1510063,9.75974646176982,13
1510073,9.626977655514004,10
1510082,9.838843335376529,9
1510092,9.829296950426835,10
1510105,9.742199641196185,13
1510118,9.717305801140634,13
1510133,9.70154748653999,15
1510147,9.512738908267258,14
1510155,9.850688830661694,8
1510171,9.638798606743146,16
1510189,9.576056824031271,18
1510200,9.803825138306719,11
1510212,9.745374664243094,12
1510222,9.787656159088863,10
1510263,9.13211781902922,41
1510267,9.9301088052498,4
1510300,9.22438481371285,33
1510310,9.839283438002573,10
1510331,9.555083129188441,21
1510341,9.81653439914617,10
1510353,9.770016025762095,12
1510354,9.989654504526781,1
1510368,9.610432371162338,14
1510376,9.819147499199385,8
1510407,9.40857376126363,31
1510419,9.724564127948835,12
1510468,9.090897263923729,49
1510476,9.841042979494883,8
1510501,9.426963711779178,25
1510969,0.7286864546383196,468
1511469,-14.520863224411602,500
1511473,9.941233141606746,4
1511481,9.743281457135028,8
1511489,9.867471352732274,8
1511498,9.824126267256073,9
1511511,9.72647067044314,13
1511512,10.0,1
1511519,9.846602808890493,7
1511523,9.932516021685133,4
1511530,9.856714800624042,7
1511539,9.81990380049244,9
1511541,9.97421164216775,2
1511548,9.867117714262735,7
1511560,9.80304316780106,12
1511569,9.812245836974347,9
1511575,9.890454938309635,6
1511591,9.630645907248569,16
1511607,9.653216316714232,16
1511614,9.859465877396412,7
1511617,9.956358125325938,3
1511620,9.94531252418133,3
1511632,9.774819291359073,12
1511650,9.624376586499816,18
1511702,8.514312159595155,52
1511716,9.69507406883931,14
1511723,9.874638048468432,7
1511724,9.993005111824703,1
1511739,9.435178153956384,15
1511753,9.702603166469896,14
1511765,9.777809512749089,12
1511772,9.856399014314292,7
1511789,9.638083999777354,17
1511801,9.76585736190843,12
1511802,10.0,1
1511816,9.672172350296291,14
1511826,9.805626010976383,10
1511839,9.727976395524577,13
1511903,8.824842574465245,64
1511912,9.849561236617797,9
1511924,9.766786772707402,12
1511929,9.921440470074428,5
1511934,9.907015166782381,5
1511935,10.0,1
1511943,9.835668110607783,8
1511949,9.913438180976303,6
1511967,9.666769309356383,18
1511975,9.864721558888162,8
1511987,9.72855542559252,12
1512005,9.680180547981479,18
1512020,9.650640559934716,15
1512031,9.751942832379264,11
1512045,9.729446071068944,14
1512057,9.73008539832887,12
1512069,9.774874004715018,12
1512080,9.80398016069925,11
1512090,9.774072164200431,10
1512102,9.755961698693843,12
1512108,9.889788540599278,6
1512116,9.762032280374344,8
1512123,9.896708271430143,7
1512132,9.824467516628287,9
1512146,9.70365778207276,14
1512159,9.757145568071815,13
1512167,9.855098368443896,8
1512176,9.802096906567114,9
1512179,9.952284720534903,3
1512204,9.47441014759424,25
1512214,9.796268591806996,10
1512230,9.603255283577855,16
1512236,9.87999291624816,6
1512239,9.963142989908611,3
1512240,10.0,1
1512255,9.698798433284344,15
1512256,10.0,1
1512264,9.854102310955502,8
1512291,9.427470321019419,27
1512305,9.657122019504898,14
1512340,9.273065307370574,35
1512349,9.819390045867708,9
1512365,9.63714406625096,16
1512379,9.653744374453852,14
1512388,9.834578420026789,9
1512395,9.867480865881994,7
1512412,9.543705226066118,17
1512427,9.652867639650234,15
1512434,9.855658674373222,7
1512440,9.898601380985998,6
1512449,9.814799677739707,9
1512454,9.909802281590615,5
1512455,10.0,1
1512469,9.66123736835765,14
1512476,9.64646271578271,7
1512477,10.0,1
1512482,9.909209250612347,5
1512493,9.792689598585083,11
1512508,9.67813364650645,15
1512513,9.828318273923946,5
1512520,9.859372753856247,7
1512533,9.727048827452114,13
1512534,10.0,1
1512538,9.942732920138782,4
1512551,9.731886737295715,13
1512567,9.647937485701714,16
1512568,10.0,1
1512574,9.898553016875232,6
1512580,9.895767859654026,6
1512586,9.8888238779711,6
1512589,9.948042584393464,3
1512597,9.826305701897038,8
1512604,9.861570355483694,7
1512612,9.854333376334456,8
1512616,9.93355117613668,4
1512625,9.806551567312932,9
1512647,9.507006232060823,22
1512648,10.0,1
1512649,10.0,1
1512653,9.945540325899843,4
1512665,9.71367036655044,12
1512681,9.647372792766514,16
1512685,9.93666912109976,4
1512690,9.91461005395933,5
1512698,9.846000882691994,8
1512706,9.835802571138363,8
1512723,9.627971047309392,17
1512732,9.826493370535099,9
1512739,9.881086917993514,7
1512748,9.86078605276824,9
1512762,9.739058456918992,14
1512765,9.958041949114616,3
1512777,9.731296912629652,12
1512782,9.92427482361959,5
1512789,9.863306404573574,7
1512791,9.976650347564975,2
1512797,9.885984646349822,6
1512806,9.844069591963827,9
1512809,9.962989499650885,3
1512823,9.698118060567607,14
1512833,9.786729002528297,10
1512845,9.767737521524605,12
1512848,9.957060611595093,3
1512852,9.945735359523296,4
1512859,9.881898144973361,7
1512860,10.0,1
1512873,9.743408084990163,13
1512883,9.831419148201531,10
1512889,9.902849600435419,6
1512892,9.955734399897691,3
1512893,10.0,1
1512894,10.0,1
1512910,9.616382203760967,16
1512926,9.694210239949268,16
1512934,9.855782008495584,8
1512945,9.815338489704942,11
1512952,9.864522028710635,7
1512955,9.950625016537774,3
1512970,9.722672668719513,15
1512973,9.964009396461146,3
1512981,9.863142005092174,8
1512984,9.961040230138599,3
1512996,9.747797909684156,12
1512999,9.963376140503573,3
1513000,9.995823071354087,1
1513010,9.781983658999264,10
1513079,8.541917662229741,69
1513094,9.646634842606975,15
1513110,9.615910139894645,16
1513123,9.702961416326257,13
1513130,9.86762852771806,7
1513148,9.652545187008371,18
1513157,9.869267185785707,9
1513159,9.983126935203115,2
1513166,9.86424477086789,7
1513175,9.862496720903403,9
1513194,9.513639216588881,19
1513199,9.909813372689717,5
1513208,9.838454787229058,9
1513219,9.803881361693255,11
1513239,9.537043578300699,20
1513255,9.634589396986293,16
1513261,9.89648877878024,6
1513269,9.831155161869646,8
1513300,9.470893517414487,31
1513305,9.909711677998388,5
1513323,9.642480366201532,18
1513332,9.834073377227325,9
1513333,9.992624235306277,1
1513334,9.992158764595542,1
1513340,9.885902558222265,6
1513354,9.722653394347862,14
1513366,9.699222254847745,12
1513379,9.722156210882329,13
1513389,9.785532157069488,10
1513403,9.759840920550149,14
1513412,9.822365935134295,9
1513425,9.75119182990271,13
1513432,9.877219630530032,7
1513440,9.88423038035106,8
1513453,9.700651607492851,13
1513476,9.503097355995335,23
1513482,9.908902036102033,6
1513489,9.863940472766972,7
1513499,9.783870625801653,10
1513504,9.92329606721167,5
1513513,9.800512903446037,9
1513514,10.0,1
1513516,9.975018526314457,2
1513526,9.802759086074634,10
1513529,9.951277159307644,3
1513540,9.77651661448135,11
1513556,9.581611577403084,16
1513567,9.802569075449629,11
1513579,9.725462406059451,12
1513581,9.97024966714919,2
1513585,9.93328249248105,4
1513599,9.70803649630345,14
1513610,9.779189209053538,11
1513626,9.693965151103555,16
1513644,9.672441807521487,18
1513645,10.0,1
1513651,9.909393581392791,6
1513662,9.770740652763122,11
1513676,9.69209440270603,14
1513699,9.537932710970283,23
1513700,10.0,1
1513706,9.896338085251147,6
1513707,10.0,1
1513723,9.616195930209786,16
1513734,9.809293914062515,11
1513749,9.685043576330209,15
1513756,9.868171702095406,7
1513773,9.673085227642591,17
1513788,9.764596721832978,15
1513794,9.894281055295956,6
1513797,9.958153644601904,3
1513801,9.929075908249565,4
1513815,8.65612784454606,14
1513832,9.632200493022154,17
1513839,9.876839760587082,7
1513840,9.99677688388513,1
1513851,9.764572652790973,11
1513857,9.904947756098382,6
1513865,9.84633852316166,8
1513881,9.593048117812781,16
1513894,9.722297249704626,13
1513905,9.805285418754695,11
1513915,9.78922021266439,10
1513916,10.0,1
1513935,9.586744862866105,19
1513948,9.735290567976463,13
1513958,9.833103599533485,10
1513965,9.857623899437625,7
1514000,9.341565528199027,35
1514022,9.49449493662687,22
1514028,9.88925625414432,6
1514043,9.704492568886293,15
1514047,9.934748954830164,4
1514057,9.79756559411703,10
1514071,9.689148282820526,14
1514073,9.974155938956947,2
1514080,9.855291472779074,7
1514084,9.929478054437283,4
1514093,9.837987214281355,9
1514104,9.780402864269824,11
1514117,9.708324586933221,13
1514132,9.643884963180609,15
1514143,9.665953992006505,11
1514147,9.951866412299283,4
1514159,9.742048851148946,12
1514169,9.762662681654165,10
1514178,9.803904465354462,9
1514192,9.66953319995159,14
1514208,9.687036822317753,16
1514213,9.92957380170744,5
1514223,9.813730319193583,10
1514234,9.75997012063882,11
1514242,9.846996595974701,8
1514255,9.766343747562837,13
1514268,9.712931642513613,13
1514273,9.925330763081147,5
1514285,9.733605791212138,12
1514287,9.97618912933847,2
1514296,9.823631584752881,9
1514302,9.91292847551341,6
1514311,9.826439217789142,9
1514316,9.916993430776134,5
1514324,9.828448531275724,8
1514328,9.929626208956696,4
1514344,9.642617732939165,16
1514369,9.403135541240722,25
1514382,9.74022157429667,13
1514405,9.455036168183076,23
1514411,9.890625269757633,6
1514419,9.833658946356264,8
1514427,9.85491447626793,8
1514437,9.811469916934502,10
1514478,9.18966752218606,41
1514501,9.486522908617546,23
1514511,9.806152136614436,10
1514521,9.695093163111459,10
1514529,9.829892547894223,8
1514537,9.849061410720273,8
1514546,9.825556553055215,9
1514556,9.809882134217991,10
1514573,9.56901397988253,17
1514580,9.891298166259203,7
1514616,9.32374281128169,36
1514628,9.562192355575753,12
1514643,9.591517912682411,15
1514654,9.794466776498407,11
1514655,10.0,1
1514660,9.917334276754406,5
1514671,9.829674111295791,11
1514685,9.723209159258104,14
1514692,9.86203271326853,7
1514709,9.602373144038348,17
1514713,9.954414376956384,4
1514728,9.722761153777817,15
1514746,9.506023819003223,18
1514753,9.88428491796609,7
1514759,9.884109506278389,6
1514770,9.778782108443226,11
1514787,9.590240203145342,17
1514791,9.947898541050591,4
1514804,9.718850031536478,13
1514838,9.15833666757575,34
1514865,9.379461653925688,27
1514879,9.696988160876696,14
1514895,9.500381863429993,16
1514911,9.688918072042588,16
1514920,9.723316556426106,9
1514924,9.9546529158197,4
1514927,9.95421913612055,3
1514941,9.722584199607585,14
1514957,9.635435320044365,16
1514963,9.896068591026362,6
1514964,9.996263148687923,1
1515382,1.3058101392692656,418
1515384,9.984746393208432,2
1515402,9.625793054220955,18
1515413,9.749687875483499,11
1515421,9.848893289110146,8
1515437,9.670024863716653,16
1515441,9.94497665260169,4
1515448,9.881547941408295,7
1515464,9.461991108922133,16
1515465,10.0,1
1515477,9.750701535652494,12
1515484,9.900066710926177,7
1515501,9.549562944371333,17
1515516,9.633879823718273,15
1515517,10.0,1
1515518,10.0,1
1515525,9.876735903537824,7
1515540,9.668746678508153,15
1515561,9.56449966587659,21
1515576,9.618371001618696,15
1515580,9.950266715101696,4
1515591,9.782507831337794,11
1515594,9.957683729127988,3
1515601,9.862523307385894,7
1515611,9.81187706766643,10
1515617,9.889298684769964,6
1515618,10.0,1
1515622,9.933147030118702,4
1515629,9.87951643991345,7
1515633,9.939733351940504,4
1515636,9.963950934914006,3
1515658,9.650534672932825,22
1515664,9.896789565083186,6
1515675,9.76295807567768,11
1515685,9.822064359281839,10
1515686,9.988736978168628,1
1515692,9.878993634322827,6
1515696,9.949248699640014,4
1515713,9.703352262011757,17
1515724,9.767302297726724,11
1515734,9.809834134909266,10
1515744,9.812972111109344,10
1515750,9.896594430758345,6
1515767,9.568816275456117,17
1515768,10.0,1
1515776,9.855044180739924,8
1515777,9.996554907271287,1
1515789,9.765986576423462,12
1515806,9.622994058593035,17
1515820,9.479323523330219,14
1515826,9.88459206063873,6
1515835,9.81233947496824,9
1515847,9.73461587898643,12
1515859,9.719071941578658,12
1515871,9.72888504449396,12
1515885,9.70151579337385,14
1515894,9.856054080358774,9
1515910,9.69453644755357,16
1515929,9.543323972883769,19
1515943,9.721069592964096,14
1515952,9.847218330651195,9
1515964,9.775067183914194,12
1515971,9.873104069637874,7
1515985,9.677668279566232,14
1515998,9.681594412573157,13
1516012,9.683169725375468,14
1516021,9.841325704544984,9
1516040,9.626638878885336,19
1516043,9.957882075917249,3
1516071,5.746562870061126,28
1516083,9.744323130839547,12
1516119,9.277855837181324,36
1516127,9.828521279388875,8
1516135,9.84466793836952,8
1516144,9.819326519716137,9
1516153,9.81873357908569,9
1516162,9.81572022494996,9
1516177,9.64578116180606,15
1516183,9.90880404581556,6
1516196,9.759258954140853,13
1516207,9.75254860266376,11
1516217,9.815380768859447,10
1516224,9.871802454403978,7
1516233,9.82197575401797,9
1516243,9.775441148534076,10
1516247,9.928826501654159,4
1516249,9.974436592941773,2
1516255,9.908359938330364,6
1516274,9.587997295307792,19
1516289,9.640947528037806,15
1516308,9.644021581221113,19
1516317,9.810880611708109,9
1516325,9.84505827170531,8
1516329,9.924494508297308,4
1516339,9.783201089554403,10
1516342,9.970229720952807,3
1516353,9.817739805508898,11
1516354,10.0,1
1516362,9.816182571510586,8
1516363,10.0,1
1516379,9.611651057954003,16
1516380,10.0,1
1516381,10.0,1
1516387,9.89478706841426,6
1516393,9.900496952102102,6
1516401,9.838325532756926,8
1516418,9.692236219722465,17
1516433,9.463467953250905,15
1516436,9.964152053974345,3
1516439,9.965893158972214,3
1516452,9.701569675533323,13
1516472,9.6011189325473,20
1516481,9.813409752978165,9
1516487,9.879762339782175,6
1516491,9.937714844391824,4
1516497,9.886526010318562,6
1516505,9.829027979159298,8
1516527,9.424294439555164,22
1516533,9.900575240636979,6
1516539,9.882454129113869,6
1516540,10.0,1
1516554,9.694174863720818,14
1516561,9.893761295823658,7
1516570,9.840079332225175,9
1516581,9.76318595654738,11
1516594,9.698336944539916,13
1516605,9.778753938050274,11
1516617,9.788229251744607,12
1516626,9.837530264946945,9
1516634,9.826281317712027,8
1516636,9.974547748236544,2
1516639,9.953305160722227,3
1516650,9.762651359737285,11
1516691,9.195160275961877,41
1516704,9.773757848558702,13
1516719,9.693484781646744,15
1516720,10.0,1
1516729,9.799206542075096,9
1516741,9.474177273768886,12
1516747,9.896962667887863,6
1516750,9.967462494584034,3
1516764,9.673770581148458,14
1516776,9.796393861084836,12
1516785,9.83098856152371,9
1516795,9.565810008787494,10
1516810,9.68781915855856,15
1516831,9.56112104099099,21
1516840,9.811828496119585,9
1516844,9.942498912955266,4
1516854,9.783112403050454,10
1516859,9.917307909752244,5
1516868,9.811676054652494,9
1516884,9.682351961430237,16
1516893,9.820795672379559,9
1516894,10.0,1
1516895,10.0,1
1516898,9.951666605482886,3
1516904,9.903181161788973,6
1516920,9.608291295412814,16
1516952,9.028568478626145,32
1516996,8.799795230464298,44
1517010,9.720088480736552,14
1517021,9.7897675860765,11
1517028,9.862273479882429,7
1517041,9.776733045386147,13
1517051,9.809178510072798,10
1517063,9.731841359386262,12
1517072,9.849599147117994,9
1517087,9.682872552239576,15
1517104,9.647603687265875,17
1517120,9.635731154047383,16
1517125,9.927262946120928,5
1517142,9.543795419382798,17
1517156,9.708534901760745,14
1517159,9.963711469325656,3
1517165,9.884636359029175,6
1517173,9.850224171310854,8
1517188,9.685229284291577,15
1517189,10.0,1
1517190,10.0,1
1517201,9.802856074395743,11
1517203,9.977442356234446,2
1517214,9.816099789604554,11
1517225,9.778860763521449,11
1517226,10.0,1
1517227,10.0,1
1517243,9.621400292705925,16
1517244,9.988860546890832,1
1517255,9.79439697829469,11
1517259,9.94216856630504,4
1517273,9.666979593772384,14
1517289,9.622968898314536,16
1517290,10.0,1
1517302,9.74559563021162,12
1517305,9.956396857529171,3
1517307,9.970893756110412,2
1517322,9.719094239150294,15
1517333,9.731062487145117,11
1517340,9.863835273635926,7
1517354,9.668820285632739,14
1517360,9.884756505829369,6
1517374,9.68127635152181,14
1517381,9.85953412061014,7
1517387,9.900750618242137,6
1517392,9.903448572111783,5
1517393,10.0,1
1517394,10.0,1
1517411,9.63964561577445,17
1517419,9.848974139115764,8
1517434,9.703272124194326,15
1517448,9.693918936628506,14
1517459,9.759312513016914,11
1517467,9.87719306709664,8
1517481,9.711097948316525,14
1517491,9.786216218951973,10
1517496,9.82148793331719,5
1517499,9.964162758203194,3
1517509,9.819493480939615,10
1517517,9.838737226515118,8
1517525,9.846171542384786,8
1517534,9.841863285778881,9
1517549,9.645710752409695,15
1517554,9.930265383792449,5
1517571,9.64008190576772,17
1517579,9.858650535565053,8
1517605,9.574049821848853,26
1517618,9.651737973993846,13
1517665,9.120190033383816,47
1517674,9.8326680235294,9
1517684,9.806368143581828,10
1517692,9.844822904997674,8
1517702,9.78446626308673,10
1517706,9.94096045526935,4
1517713,9.867140452454564,7
1517721,9.845953094967994,8
1517726,9.914630734173043,5
1517739,9.716910425273529,13
1517749,9.821854346473225,10
1517919,6.518006546885767,170
1517928,9.826743024835109,9
1517952,9.504411187320756,24
1517987,9.293485165794106,35
1517991,9.94637405623507,4
1517999,9.894058864363217,8
1518029,9.355933496356753,30
1518045,9.637788645781976,16
1518054,9.825594342349152,9
1518059,9.912330616293028,5
1518061,9.974925782847102,2
1518062,10.0,1
1518079,9.659071787158057,17
1518086,9.789847957124497,7
1518109,9.468568932088159,23
1518113,9.94035629962685,4
1518117,9.942931889336386,4
1518142,9.504486712754437,25
1518151,9.829826339249756,9
1518174,9.483554926532687,23
1518202,9.169329534450288,28
1518219,9.650575770685215,17
1518220,9.99622312620289,1
1518230,9.7811776873026,10
1518234,9.927341326720196,4
1518235,10.0,1
1518243,9.838405310518006,8
1518249,9.89833905873063,6
1518260,9.79865191245538,11
1518272,9.786546333214819,12
1518278,9.889107400088369,6
1518295,9.611503453865591,17
1518306,9.779041604102241,11
1518307,10.0,1
1518309,9.972868503697041,2
1518321,9.73085098995093,12
1518322,9.989305229437377,1
1518335,9.71371002265525,13
1518346,9.745678165125893,11
1518349,9.967056083254601,3
1518352,9.945829544671316,3
1518360,9.830939937695291,8
1518374,9.738762760155543,14
1518382,9.84973467936637,8
1518391,9.81894112208621,9
1518402,9.792062970736142,11
1518412,9.776119637612448,10
1518424,9.806062032875355,12
1518434,9.76567722440526,10
1518435,10.0,1
1518449,9.60877316665473,14
1518459,9.812223004521979,10
1518481,9.445488703149628,22
1518493,8.643628803410275,12
1518504,9.803554238342704,11
1518512,9.86504953271891,8
1518527,9.364800986920296,15
1518549,9.484536110513194,22
1518558,9.811965427458361,9
1518571,9.745790560099998,13
1518601,5.551608757179732,30
1518611,9.797521092693383,10
1518612,10.0,1
1518616,9.945505855998903,4
1518630,9.506324389379708,14
1518635,9.935873114923666,5
1518642,9.891447892887433,7
1518666,9.501191095408842,24
1518676,9.822408671162476,10
1518691,9.650951852992526,15
1518700,9.809686328405,9
1518704,9.929082004484242,4
1518711,9.893775852299378,7
1518719,9.836002746950294,8
1518733,9.709656287091203,14
1518739,9.88928987007699,6
1518744,9.92454278665697,5
1518754,9.79427281505776,10
1518765,9.773389969083892,11
1518781,9.454870657768302,16
1518792,9.774634953631436,11
1518798,9.87682101514864,6
1518799,10.0,1
1518812,9.695612887284991,13
1518828,9.6321929756014,16
1518835,9.86139622899062,7
1518845,9.781434983752217,10
1518850,9.9286557976304,5
1518853,9.966242286283254,3
1518862,9.855659415934202,9
1518875,9.734690988419036,13
1518883,9.87012346515696,8
1518888,9.917081159138423,5
1518893,9.924973944538204,5
1518912,9.549384064873779,19
1518918,9.895511766230205,6
1518934,9.66688037564056,16
1518947,9.693271944963856,13
1518958,9.781332779161746,11
1518966,9.832897812562262,8
1518981,9.700051622252326,15
1518986,9.924073275891416,5
1518994,9.836740973048617,8
1519005,9.767199499636089,11
1519011,9.896224708472726,6
1519023,9.766635542941088,12
1519032,9.833428507519965,9
1519041,9.833944672965453,9
1519055,9.3932805445063,14
1519067,9.755919138926703,12
1519076,9.833953903661524,9
1519088,9.755808928040551,12
1519106,9.60646622389505,18
1519107,9.996037372350145,1
1519120,9.758323406151835,13
1519134,9.713780039608952,14
1519135,10.0,1
1519153,9.645117394614012,18
1519157,9.942577154877833,4
1519168,9.769630650470642,11
1519174,9.901584603622249,6
1519187,9.71637013915372,13
1519196,9.78743713851434,9
1519206,9.774233705174568,10
1519215,9.837883495854804,9
1519220,9.925824126470767,5
1519224,9.951286566331678,4
1519239,9.681611368757176,15
1519261,9.536232144110869,22
1519267,9.899394446536604,6
1519279,9.758063991105665,12
1519290,9.794557699501619,11
1519302,9.741179718810837,12
1519303,9.993090305852718,1
1519311,9.836947106486868,8
1519321,9.784484818775988,10
1519329,9.86169321759702,8
1519342,9.720381934996833,13
1519363,9.548953530920715,21
1519377,9.70456055788217,14
1519399,9.588741261342658,22
1519400,10.0,1
1519414,9.719778112643176,14
1519429,9.664763102834316,15
1519452,9.607776207964957,23
1519464,9.752342985675547,12
1519467,9.959286001323155,3
1519478,9.785124552435004,11
1519481,9.968160308155003,3
1519487,9.884042784134484,6
1519501,9.705392272385206,14
1519506,9.92998427907972,5
1519511,9.928297720518936,5
1519515,9.94827378618718,4
1519519,9.939971413285836,4
1519525,9.890710732607321,6
1519527,9.967662893605578,2
1519536,9.849593900438299,9
1519545,9.793092836548434,9
1519553,9.864593319122932,8
1519562,9.793815285781081,9
1519569,9.86619039266658,7
1519581,9.77101507708722,12
1519594,9.688813071005034,13
1519601,9.871218205680883,7
1519617,9.637011871326763,16
1519628,9.789598240153802,11
1519638,9.790748096287635,10
1519650,9.745335232007,12
1519651,9.988882833236122,1
1519656,9.911645793953078,5
1519660,9.936850805656968,4
1519667,9.881966488313344,7
1519681,9.741654061883997,14
1519696,9.690475939863143,15
1519703,9.850672070268036,7
1519710,9.86369718903656,7
1519711,10.0,1
1519719,9.857560588182569,8
1519730,9.815114617304841,11
1519747,9.43800479752677,17
1519762,9.66158121993664,15
1519767,9.927609092265849,5
1519768,9.988029154195855,1
1519779,9.800777655128543,11
1519789,9.785336062452304,10
1519799,9.841739936985961,10
1519814,9.688864573803658,15
1519815,9.992516649632492,1
1519816,10.0,1
1519819,9.95091396751647,3
1519824,9.916046310381564,5
1519844,9.556735705489718,20
1519845,10.0,1
1519858,9.731958166334259,13
1519864,9.886501848204285,6
1519872,9.858900725670892,8
1519883,9.786253791135083,11
1519903,9.650630111385869,20
1519944,9.096055111961373,41
1519949,9.919155844044843,5
1519968,9.56463018954985,19
1519990,9.557185769175288,22
1519991,10.0,1
1520002,9.761492967981955,11
1520009,9.884991199053916,7
1520027,9.368721144900045,18
1520038,9.795515484661921,11
1520040,9.974362138241418,2
1520058,9.607884358225611,18
1520067,9.834203905223825,9
1520068,10.0,1
1520081,9.71697597496398,13
1520087,9.91142509688801,6
1520094,9.87663439388977,7
1520097,9.964065364089032,3
1520102,9.92381170290828,5
1520108,9.892108238820395,6
1520119,9.76695224030211,11
1520132,9.776565448439063,13
1520146,9.736360186509662,14
1520155,9.816989750333466,9
1520156,10.0,1
1520165,9.82801455623885,9
1520166,10.0,1
1520173,9.859503152292342,7
1520183,9.78688306665391,10
1520191,9.866237098832976,8
1520204,9.734554958662892,13
1520205,10.0,1
1520206,10.0,1
1520215,9.815799084209958,9
1520229,9.73606630695782,14
1520236,9.88358196678522,7
1520253,9.713080013786916,17
1520292,9.36030317005919,39
1520304,9.752826773519471,12
1520311,9.898284771808685,7
1520327,9.642922202434644,16
1520340,9.729823976454028,13
1520350,9.775388982900107,10
1520363,9.71532044588724,13
1520367,9.931216039644738,4
1520381,9.6715070380354,14
1520398,9.59174426792876,17
1520414,9.584416945501205,16
1520424,9.799149514299812,10
1520434,9.777304157630073,10
1520469,9.286779913629479,35
1520477,9.846660899623354,8
1520486,9.859165935198169,9
1520490,9.935558457041656,4
1520493,9.96670526218207,3
1520506,9.743171338678518,13
1520571,8.696864801230332,65
1520585,9.692505832713076,14
1520600,9.712698974163562,15
1520611,9.787175603114042,11
1520615,9.93431479942577,4
1520616,10.0,1
1520617,10.0,1
1520625,9.864417442328316,8
1520640,9.680295783291049,15
1520646,9.903078983491925,6
1520656,9.769691296513274,10
1520661,9.925704043713482,5
1520672,9.765592054950782,11
1520682,9.83069291587791,10
1520692,9.789723178986701,10
1520697,9.929145739670364,5
1520703,9.895686457974092,6
1520723,9.591353823676055,20
1520756,9.241897163130373,33
1520757,10.0,1
1520760,9.964669795518855,3
1520764,9.93789179294375,4
1520779,9.709086867509374,15
1520788,9.835209825718247,9
1520799,9.599040072003216,11
1520810,9.747963178969627,11
1520811,10.0,1
1520833,9.561976741313412,22
1520842,9.830551851743282,9
1520852,9.80860471018053,10
1520862,9.81499917044665,10
1520876,9.726452627721025,14
1520891,9.648624583139043,15
1520900,9.81930071322306,9
1520908,9.8480662464426,8
1520936,9.459956619749876,28
1520945,9.834141890870557,9
1520954,9.800987662540736,9
1520973,9.291991968477035,19
1520986,9.754156985377538,13
1521000,9.739709741815794,14
1521019,9.556664404065383,19
1521020,10.0,1
1521025,9.91755232501416,5
1521053,9.324932632220717,28
1521059,9.899693433786625,6
1521060,10.0,1
1521081,9.36200509632157,21
1521082,10.0,1
1521091,9.821280916187789,9
1521100,9.807924444543312,9
1521109,9.805209052389106,9
1521112,9.972479602304778,3
1521125,9.75064003095355,13
1521128,9.967041603512577,3
1521141,9.715133326230708,13
1521205,8.993428183709726,64
1521238,9.5122250478427,33
1521248,9.840942155116169,10
1521267,9.37107790215805,19
1521287,9.574305013830404,20
1521300,9.773036226015028,13
1521303,9.967138039993648,3
1521306,9.955114862803248,3
1521318,9.749154035373309,12
1521327,9.816031964262825,9
1521336,9.831186527791774,9
1521340,9.946062635357402,4
1521356,9.635791437456952,16
1521357,10.0,1
1521364,9.849214055587394,7
1521369,9.904419682002175,5
1521371,9.978810621523229,2
1521379,9.837566174733878,8
1521389,9.784064018082022,10
1521399,9.823235776240896,10
1521418,9.595277224151987,19
1521419,10.0,1
1521426,9.863057046745578,7
1521437,9.777682859474732,11
1521441,9.938146969466075,4
1521453,9.800871019748637,12
1521454,10.0,1
1521457,9.964416445001461,3
1521462,9.92276700925565,5
1521464,9.969074497119484,2
1521470,9.873478336126295,6
1521481,9.809209864623028,11
1521490,9.835079753429754,9
1521505,9.619013270183908,15
1521510,9.915798068664637,5
1521517,9.852621447379885,7
1521525,9.837369767934518,8
1521526,10.0,1
1521530,9.95665858150567,4
1521542,9.73364779668296,12
1521554,9.766696099485856,12
1521563,9.841603797056532,9
1521571,9.825104764222461,8
1521587,9.641266145084833,16
1521598,9.773796360545623,11
1521599,10.0,1
1521604,9.920471084985383,5
1521609,9.905969324762868,5
1521618,9.829465998399169,9
1521627,9.805967158914163,9
1521647,9.401674870325339,20
1521662,9.655752302715173,15
1521668,9.895333213490654,6
1521669,10.0,1
1521679,9.790057965564927,10
1521700,9.633361181105972,21
1521708,9.83555945697401,8
1521724,9.707788441610456,16
1521731,9.895874080805905,7
1521744,9.763124710481279,13
1521756,9.755879852389628,12
1521760,9.930503314498571,4
1521772,9.740233675208986,12
1521773,10.0,1
1521785,9.719718174923425,12
1521822,9.240546946204377,37
1521830,9.84286247288033,8
1521842,9.701353894637723,12
1521848,9.89393327912456,6
1521855,9.880202784143986,7
1521875,9.592203261518382,20
1521883,9.834836191113059,8
1521891,9.803910293161,8
1521896,9.931332949300497,5
1521904,9.823501619749603,8
1521911,9.892280235797543,7
1521915,9.949084302785398,4
1521928,9.531155894080392,13
1521943,9.683049683277227,15
1521955,9.752306874909092,12
1521967,9.742798282537187,12
1521976,9.811979740783228,9
1521978,9.9777983330821,2
1521982,9.938932739537691,4
1521996,9.773920596813626,14
1522004,9.842084578349889,8
1522029,9.541053502074213,25
1522036,9.873599088033947,7
1522051,9.70879053115162,15
1522061,9.785487071687953,10
1522070,9.80704600714198,9
1522085,9.706111397608286,15
1522096,9.502713591799784,11
1522097,10.0,1
1522108,9.751091101484331,11
1522116,9.840016144093795,8
1522129,9.732646007874381,13
1522140,9.826394696018584,11
1522146,9.904776378420822,6
1522155,9.800375309654024,9
1522169,9.716979579836758,14
1522183,9.672466125352082,14
1522193,9.780647091761143,10
1522203,9.765888872667915,10
1522221,9.597637706599293,18
1522229,9.850132189078325,8
1522234,9.922861989082838,5
1522239,9.920087516944637,5
1522251,9.75194640618923,12
1522261,9.60252752052403,10
1522272,9.78373907545888,11
1522275,9.952976688556006,3
1522285,9.804549650365413,10
1522293,9.847377732572708,8
1522298,9.905366570632237,5
1522309,9.807817914531537,11
1522336,9.411243295222025,27
1522342,9.911146545776553,6
1522362,9.502049823372639,20
1522368,9.90847112190524,6
1522371,9.955158183018991,3
1522380,9.806163240594227,9
1522387,9.885930494567669,7
1522396,9.822678783064548,9
1522404,9.832187958524496,8
1522416,9.766500704772028,12
1522417,9.992660714656092,1
1522421,9.94282731508809,4
1522422,10.0,1
1522435,9.714501581340507,13
1522458,9.51470211146135,23
1522469,9.790353157445141,11
1522480,9.764512368431088,11
1522484,9.94111840739591,4
1522492,9.827705298414715,8
1522501,9.856515016020307,9
1522512,9.757577176284006,11
1522524,9.714426888809484,12
1522528,9.941924462000832,4
1522536,9.873885001699549,8
1522550,9.696795657599193,14
1522566,9.718173159397745,16
1522567,10.0,1
1522580,9.578206749057712,13
1522590,9.817930559166602,10
1522617,9.4252966574522,27
1522629,9.767128659070226,12
1522648,9.645536251384101,19
1522665,9.589767625893357,17
1522671,9.896375240408808,6
1522683,9.715863045357525,12
1522686,9.968404662386872,3
1522698,9.735980691949694,12
1522714,9.658910152685381,16
1522725,9.80674372870665,11
1522731,9.880731855250623,6
1522739,9.845691008940328,8
1522746,9.876072109665559,7
1522747,9.992703007842225,1
1522754,9.877548769511431,7
1522766,9.77176959094148,12
1522767,9.996315204244665,1
1522779,9.756795911836024,12
1522788,9.833465193801922,9
1522804,9.63913460904534,16
1522813,9.85250235057407,9
1522825,9.780179515160855,12
1522827,9.971562573702652,2
1522833,9.915292093315452,6
1522846,9.72768813775072,13
1522857,9.815839792955611,11
1522869,9.44236298209638,12
1522897,8.797336732454102,28
1522910,9.756415491849703,13
1522922,9.738117596874876,12
1522933,9.793805087706238,11
1522937,9.926379486836069,4
1522943,9.892408924371873,6
1522952,9.860096398761197,9
1522965,9.70815617875692,13
1522976,9.787492063715758,11
1522989,9.722204327275723,13
1522995,9.877575680085558,6
1523009,9.674731835566353,14
1523037,5.887233801270145,28
1523066,9.517721392093932,29
1523071,9.903948217103059,5
1523095,9.235418292020675,24
1523110,9.68339649901455,15
1523121,9.747457832309854,11
1523132,9.810581588034673,11
1523140,9.857841464176246,8
1523159,9.619018299629381,19
1523164,9.92401532685297,5
1523176,9.728104175173558,12
1523196,9.58986631075397,20
1523217,9.623262063365111,21
1523227,9.785520549022285,10
1523245,9.654828575160742,18
1523255,9.779933839723444,10
1523256,10.0,1
1523257,10.0,1
1523265,9.855117131468191,8
1523276,9.726143526870322,11
1523291,9.360953944438682,15
1523306,9.687340380236064,15
1523309,9.95320743959238,3
1523310,9.991965550527452,1
1523314,9.924132053642913,4
1523331,9.632899319293111,17
1523346,9.716780114854803,15
1523366,9.531330517291059,20
1523389,9.411147599267727,23
1523403,9.666694735384954,14
1523411,9.866637531534595,8
1523412,10.0,1
1523421,9.837718981926749,9
1523433,9.768525945134071,12
1523459,9.46665485123648,26
1523471,9.750517971570956,12
1523472,10.0,1
1523477,9.92190343027735,5
1523478,10.0,1
1523486,9.874209740050468,8
1523493,9.869592007019355,7
1523498,9.921257517851647,5
1523507,9.828722666763595,9
1523523,9.651386070787572,16
1523528,9.89763699144579,5
1523529,10.0,1
1523540,9.7492790693357,11
1523542,9.974750886376855,2
1523552,9.6937852013543,10
1523560,9.836314277305837,8
1523568,9.854886560151558,8
1523584,9.652225445461829,16
1523592,9.839895591248146,8
1523600,9.830965643517379,8
1523671,8.60735854853504,71
1523679,9.830133476229662,8
1523689,9.840025981666066,10
1523706,9.634291055277494,17
1523716,9.823365664567913,10
1523727,9.742969814125559,11
1523736,9.85587363216202,9
1523749,9.732968894841555,13
1523760,9.760844212666765,11
1523769,9.825670672883508,9
1523770,10.0,1
1523786,9.666112623007045,16
1523802,9.690349733875388,16
1523813,9.761477391216827,11
1523816,9.962702627184376,3
1523830,9.679624943835487,14
1523836,9.884471024661272,6
1523847,9.777117364139523,11
1523859,9.763857054758954,12
1523864,9.925357417960974,5
1523869,9.917745483648261,5
1523881,9.75119035826462,12
1523896,9.41012293776231,15
1523902,9.894702580918647,6
1523914,9.765412434803219,12
1523927,9.736138028540767,13
1523934,9.855941390802649,7
1523947,9.226907960172314,13
1523960,9.74595719175902,13
1523966,9.880702106408457,6
1523971,9.910772511073919,5
1523985,9.721473027374316,14
1523995,9.8079257670743,10
1524006,9.764925776580437,11
1524023,9.650222773878278,17
1524024,10.0,1
1524038,9.742162245090533,14
1524044,9.904936827172017,6
1524058,9.612512685409618,14
1524071,9.715762050014995,13
1524073,9.980999877891332,2
1524078,9.914620847248452,5
1524080,9.973186270011588,2
1524108,9.419981308704505,28
1524110,9.972243388843198,2
1524123,9.734553721496297,13
1524138,9.65520885562494,15
1524144,9.906782239625976,6
1524153,9.80432853090892,9
1524172,9.450330570096066,19
1524177,9.931168214486611,5
1524183,9.890267753604684,6
1524185,9.984031885554655,2
1524203,9.626539290464542,18
1524218,9.704784982619664,15
1524234,9.721421684839115,16
1524242,9.873581143161323,8
1524249,9.886233520169073,7
1524254,9.91444589656637,5
1524267,9.700851170350468,13
1524270,9.968306302935584,3
1524276,9.893181188866272,6
1524277,9.996668586662558,1
1524292,9.684456970820527,15
1524300,9.861447853259644,8
1524304,9.937278429788785,4
1524317,9.700536615813855,13
1524330,9.712876208491439,13
1524343,9.706431675947861,13
1524355,9.731181067090171,12
1524370,9.66969090174485,15
1524377,9.871052261239706,7
1524378,10.0,1
1524383,9.919772950005939,5
1524387,9.947857103125859,4
1524392,9.922934216424474,5
1524407,9.655404139733486,15
1524416,9.841329774241789,9
1524425,9.83635299323457,9
1524434,9.824836505412843,9
1524435,10.0,1
1524445,9.7657474005825,10
1524457,9.713189177409932,12
1524463,9.88385908248044,6
1524479,9.695482274085638,16
1524490,9.764767344076605,11
1524494,9.955934694031127,4
1524515,9.566627942682665,21
1524516,9.996434519317049,1
1524521,9.916217002449226,5
1524532,9.751013488706997,11
1524541,9.809173880911146,9
1524574,9.264998102578296,33
1524579,9.900955418642052,5
1524592,9.802365852496278,13
1524604,9.758816750318545,12
1524619,9.66479520783231,15
1524622,9.96915610425659,3
1524635,9.719173314577887,13
1524653,9.535642589188956,18
1524679,9.343049049462524,26
1524686,9.872051068895535,7
1524700,9.679249973492286,14
1524704,9.951340396170226,4
1524705,9.98853281967785,1
1524717,9.748141372495786,12
1524728,9.763866043870847,11
1524733,9.930850220287505,5
1524741,9.84912393613229,8
1524748,9.864178801171546,7
1524749,10.0,1
1524757,9.83900680663635,8
1524771,9.746260432106043,14
1524773,9.986326776375837,2
1524788,9.635478660858336,15
1524794,9.885047600139096,6
1524795,9.99282086181866,1
1524796,10.0,1
1524804,9.839255402971409,8
1524811,9.874378302235016,7
1524831,9.637768243371994,20
1524839,9.852761725601987,8
1524860,9.550470039943683,21
1524874,9.740837699065663,14
1524875,10.0,1
1524879,9.936583816371984,4
1524894,9.744812590320079,15
1524905,9.773506143250662,11
1524913,9.850603568731442,8
1524918,9.911594011004684,5
1524932,9.718795485966398,14
1524948,9.647042763544478,16
1524957,9.811974008912284,9
1524961,9.93188651748564,4
1524967,9.882095377225255,6
1524977,9.788788883199096,10
1524986,9.814032204592234,9
1524987,10.0,1
1524998,9.806060425019206,11
1525008,9.762005575093312,10
1525026,9.594821593111691,18
1525033,9.855494218576023,7
1525038,9.917068177752935,5
1525051,9.703713665361189,13
1525054,9.958432106180329,3
1525063,9.830679294325057,9
1525067,9.924009581432733,4
1525086,9.556896729467812,19
1525094,9.853060742013673,8
1525095,9.996658046426,1
1525110,9.553885047596516,15
1525114,9.92386504671216,4
1525123,9.827363874537214,9
1525124,10.0,1
1525135,9.823864000561253,11
1525150,9.658994993956654,15
1525164,9.681655916825047,14
1525179,9.643129730061792,15
1525199,9.504289152480716,20
1525200,9.9960937876369,1
1525229,9.347260702697259,29
1525232,9.968309360164778,3
1525242,9.789749094382724,10
1525250,9.843752882969923,8
1525262,9.735100437226748,12
1525276,9.68418276791604,14
1525301,9.382550287119539,25
1525310,9.840217472300557,9
1525311,10.0,1
1525319,9.86549353607503,8
1525336,9.65077192955326,17
1525343,9.8642655486689,7
1525356,9.737845399488371,13
1525373,9.665108159721397,17
1525386,9.723365449179335,13
1525394,9.828080401647256,8
1525411,9.646810969545918,17
1525423,9.758240072058388,12
1525435,9.741227108727935,12
1525440,9.915401772520617,5
1525455,9.654088831444938,15
1525477,9.48189842472369,22
1525490,9.752420460962682,13
1525499,9.830703161142706,9
1525512,9.734352456088601,13
1525519,9.889256674530476,7
1525528,9.840248416350493,9
1525545,9.701652840239689,17
1525550,9.911053667113222,5
1525557,9.903640576197594,7
1525565,9.845867921505,8
1525582,9.604913335167947,17
1525597,9.648546871277864,15
1525615,9.603913933516004,18
1525627,9.764501796794292,12
1525628,9.996976732780888,1
1525640,9.766296956766212,12
1525648,9.35171038220861,8
1525652,9.935465811307997,4
1525748,8.521801397721225,96
1525754,9.903253335446735,6
1525758,9.928906269459526,4
1525768,9.830260247766912,10
1525777,9.801010819707832,9
1525783,9.91117317785837,6
1525788,9.910191948174274,5
1525797,9.833727393048092,9
1525803,9.905647867910906,6
1525813,9.8291870494012,10
1525819,9.901384413887815,6
1525824,9.907969485495958,5
1525842,9.681950786658927,18
1525862,9.623389872237718,20
1525871,9.841546240853017,9
1525880,9.822476389918299,9
1525894,9.70124116689994,14
1525905,9.774682402453466,11
1525925,9.59568806752254,20
1525955,9.288668424151602,30
1525966,9.775191834548616,11
1525983,9.638217054788546,17
1526002,9.51251895026283,19
1526010,9.87455255028204,8
1526024,9.711457922459104,14
1526033,9.839427481445663,9
1526034,10.0,1
1526051,9.616565047803652,17
1526059,9.847506073547873,8
1526063,9.934209629451075,4
1526071,9.85296430007707,8
1526090,9.518773851207385,19
1526095,9.923947588080658,5
1526117,9.070534181054791,22
1526139,9.59892947409023,22
1526149,9.844237940037173,10
1526160,9.776801581838292,11
1526170,9.764378544485549,10
1526181,9.776874287360554,11
1526190,9.840362575715332,9
1526198,9.84670583555641,8
1526212,9.681808228002556,14
1526219,9.885740790995307,7
1526228,9.806139828699616,9
1526242,9.683811309461408,14
1526257,9.704180914867681,15
1526266,9.835242243896612,9
1526273,9.870326258110882,7
1526295,8.62146312939104,22
1526300,9.931146210277378,5
1526309,9.811019210239929,9
1526322,9.725585500707805,13
1526336,9.689535723723464,14
1526344,9.863830517408099,8
1526354,9.801434657823568,10
1526382,6.994531755573259,28
1526393,9.762022611879873,11
1526406,9.784712432418411,13
1526407,10.0,1
1526415,9.856203300774856,8
1526424,9.858350406034925,9
1526434,9.789690208718778,10
1526440,9.889084321921219,6
1526441,9.992425627267325,1
1526442,10.0,1
1526453,9.743749969529826,11
1526464,9.756713103447728,11
1526473,9.822222137576658,9
1526485,9.735850930920435,12
1526494,9.807241603630985,9
1526505,9.743529461199111,11
1526506,10.0,1
1526511,9.919480189636738,5
1526520,9.811357706648831,9
1526522,9.978781706252404,2
1526527,9.912341937612686,5
1526531,9.939279998809624,4
1526541,9.804476345743003,10
1526552,9.758658108037213,11
1526565,9.741163404756513,13
1526581,9.652946978002534,16
1526586,9.915054372696178,5
1526592,9.892796283648472,6
1526602,9.839241421903703,10
1526614,9.721686149498812,12
1526624,9.798382041988459,10
1526625,10.0,1
1526654,9.35327303724536,29
1526669,9.679019545104241,15
1526681,9.76725354530679,12
1526682,9.993075219181216,1
1526702,9.64022974950245,20
1526703,10.0,1
1526714,9.802772206670356,11
1526737,9.545368279673319,23
1526747,9.798961337270446,10
1526758,9.814071439405508,11
1526765,9.848690989743346,7
1526779,9.697136858601288,14
1526788,9.802870938199225,9
1526797,9.823784034313814,9
1526805,9.827411467825986,8
1526819,9.741279125799561,14
1526825,9.894921871662497,6
1526838,9.722607431766757,13
1526840,9.970566799322897,2
1526850,9.788120237046456,10
1526860,9.817796036480196,10
1526879,9.580178893687188,19
1526890,9.780339837956106,11
1526892,9.979523590547972,2
1526913,9.531808408119948,21
1526925,9.769509432973297,12
1526938,9.729197665211633,13
1526947,9.81510196766611,9
1527043,3.530473104560458,96
1527056,9.740397542597101,13
1527066,9.777342079964741,10
1527073,9.865669667667412,7
1527080,9.862411069585782,7
1527081,9.99290357095907,1
1527092,9.751169809132415,11
1527103,9.785268117111974,11
1527107,9.936185065806793,4
1527115,9.8350127298786,8
1527116,10.0,1
1527123,9.874370751800424,7
1527150,9.435239144048792,27
1527151,10.0,1
1527161,9.775165056842782,10
1527185,9.552112780706716,24
1527186,10.0,1
1527199,9.719966663937887,13
1527206,9.891358842202658,7
1527207,10.0,1
1527213,9.902153027754961,6
1527214,10.0,1
1527223,9.833197746731718,9
1527224,10.0,1
1527245,9.530823054310124,21
1527257,9.781227383810403,12
1527270,9.790698775342863,13
1527281,9.766854826930494,11
1527289,9.84893991983268,8
1527298,9.83621166464207,9
1527308,9.796605789064346,10
1527319,9.804825348656378,11
1527323,9.932317859472747,4
1527351,9.369847605190843,28
1527359,9.820662048051384,8
1527364,9.921228054827973,5
1527372,9.872439834613772,8
1527376,9.937503054437197,4
1527388,9.799780356695356,12
1527400,9.735237133517865,12
1527404,9.94489195390928,4
1527417,9.794097728462125,13
1527426,9.844378810995712,9
1527427,10.0,1
1527440,9.716867272581913,13
1527441,9.993050293288828,1
1527463,9.59596130665292,22
1527472,9.830397037686295,9
1527486,9.71977522934961,14
1527488,9.97613908507557,2
1527501,9.761288888291213,13
1527506,9.936296362878062,5
1527520,9.680286438526917,14
1527533,9.749504782886978,13
1527540,9.872716860041868,7
1527547,9.860754588427847,7
1527553,9.90572999172394,6
1527557,9.946145529927572,4
1527568,9.761766930747909,11
1527570,9.970941047244839,2
1527585,9.681428379957078,15
1527602,9.671782116306359,17
1527606,9.935055450841226,4
1527613,9.87681437870501,7
1527620,9.860785090715178,7
1527621,10.0,1
1527628,9.881164845493165,7
1527634,9.916023888996511,6
1527638,9.935202317311953,4
1527648,9.77919906843652,10
1527662,9.68319683218681,14
1527669,9.865378498563373,7
1527682,9.734880094535244,13
1527688,9.888769133031277,6
1527700,9.732920447501094,12
1527717,9.650778442529361,17
1527727,9.688565106996366,10
1527734,9.844741387777665,7
1527735,10.0,1
1527746,9.734490364771567,11
1527752,9.899052867015158,6
1527765,9.702613603902781,13
1527771,9.883939653516528,6
1527783,9.740059655078696,12
1527793,9.774598645590292,10
1527804,9.77502832976633,11
1527813,9.807102202597449,9
1527824,9.741127010655335,11
1527830,9.900320914182082,6
1527833,9.946912714064835,3
1527842,9.834268520437288,9
1527856,9.666816430964237,14
1527869,9.733701752981837,13
1527874,9.911386942137385,5
1527880,9.896084896324195,6
1527884,9.937643884277541,4
1527894,9.78070130047695,10
1527905,9.659465588452782,11
1527919,9.619771172379803,14
1527924,9.924424662399048,5
1527936,9.761241330923236,12
1527955,9.589179376428879,19
1527963,9.853776183892117,8
1527976,9.688148660176507,13
1527979,9.963439689323646,3
1527980,10.0,1
1527994,9.69186927128946,14
1528002,9.861652263792884,8
1528014,9.779480256521943,12
1528031,9.598817247818072,17
1528039,9.865290750797971,8
1528049,9.802784073745142,10
1528052,9.956352953458424,3
1528059,9.850552112638741,7
1528072,9.724056369700572,13
1528082,9.806395353689323,10
1528093,9.77609835888346,11
1528111,9.584800827497766,18
1528121,9.786180647765045,10
1528136,9.69249757968397,15
1528145,9.794791628236261,9
1528147,9.976394022215997,2
1528157,9.796670263151514,10
1528158,10.0,1
1528170,9.759500923209147,12
1528177,9.863329578538524,7
1528194,9.609183854214894,17
1528207,9.61606115397355,13
1528211,9.94336194282717,4
1528220,9.832133426767463,9
1528237,9.642561192079823,17
1528245,9.835482253528342,8
1528257,9.742889345863453,12
1528268,9.779507379823896,11
1528273,9.907921194221624,5
1528282,9.81640905366549,9
1528290,9.846193525001981,8
1528293,9.96721166981484,3
1528307,9.700621231385941,14
1528312,9.920111057478374,5
1528324,9.765828889277044,12
1528333,9.807935049125927,9
1528352,9.282608455850744,19
1528362,9.796640888401187,10
1528392,8.8925594641487,30
1528395,9.967992685393837,3
1528401,9.89766095768956,6
1528415,9.70499381506362,14
1528428,9.61789565918349,13
1528431,9.962903301833972,3
1528447,9.734849388451005,16
1528463,9.667150122169753,16
1528480,9.65439134735771,17
1528491,9.778093442303415,11
1528507,9.621595114213356,16
1528520,9.761364980547118,13
1528526,9.911305334618485,6
1528537,9.774064059940121,11
1528538,10.0,1
1528552,9.691676053204827,14
1528553,10.0,1
1528564,9.75736267661755,11
1528578,9.69722477646177,14
1528579,10.0,1
1528590,9.741555115401892,11
1528592,9.983642511758493,2
1528598,9.902798706312467,6
1528614,9.48777136047506,16
1528621,9.877297847549794,7
1528622,10.0,1
1528637,9.645779915727623,15
1528668,9.473888113237162,31
1528676,9.845095273827994,8
1528683,9.861487187926196,7
1528711,9.40732699738577,28
1528719,9.856460764940623,8
1528720,10.0,1
1528721,9.992882441509963,1
1528727,9.887946773366652,6
1528746,9.544521071223798,19
1528761,9.667220727322222,15
1528762,10.0,1
1528770,9.86128608369091,8
1528771,10.0,1
1528772,10.0,1
1528782,9.7981805501852,10
1528795,9.774910502064536,13
1528799,9.924861892455926,4
1528807,9.84620207948251,8
1528814,9.882802940862781,7
1528826,9.728501210607257,12
1528833,9.86287380297545,7
1528842,9.810253355574732,9
1528855,9.783714824182034,13
1528893,9.313128286559406,38
1528906,9.777191880675058,13
1528926,9.678687155946246,20
1528929,9.958701353672987,3
1528938,9.803468254010147,9
1528943,9.92014081129533,5
1528953,9.790523298030429,10
1528963,9.811209382282767,10
1528968,9.92435038279006,5
1528982,9.71357594720339,14
1528988,9.899836035658248,6
1529008,9.605025059636855,20
1529028,9.598961457070425,20
1529041,9.720735466958168,13
1529055,9.698339637843482,14
1529069,9.711575153897888,14
1529255,6.051245696862452,186
1529257,9.970537151887354,2
1529260,9.968122649187512,3
1529272,9.734951528900854,12
1529278,9.870677520622703,6
1529279,10.0,1
1529280,9.992688119364297,1
1529288,9.83151260529498,8
1529300,9.748762517304003,12
1529305,9.925424005795678,5
1529308,9.956790819889855,3
1529311,9.962224996851745,3
1529322,9.824100166669707,11
1529349,9.361995607480463,27
1529359,9.788427135101534,10
1529368,9.818638434012346,9
1529370,9.972462966465407,2
1529385,9.652247687461536,15
1529398,9.715355566098863,13
1529426,9.441087114997584,28
1529429,9.959745013859282,3
1529455,9.437578131219182,26
1529465,9.775277143502214,10
1529473,9.877423534833204,8
1529496,9.487190245951442,23
1529507,9.77301537173649,11
1529521,9.669150887864804,14
1529537,9.658418075961055,16
1529550,9.776773896255648,13
1529563,9.781648493472407,13
1529575,9.719701454283058,12
1529582,9.880401196929437,7
1529606,9.471167644576765,24
1529620,9.679220220661623,14
1529632,9.80138501254733,12
1529639,9.87669186276751,7
1529650,9.786406276940054,11
1529662,9.764727944738842,12
1529677,9.718890949524708,15
1529695,9.625074398424381,18
1529707,9.76750734635593,12
1529714,9.875292899318836,7
1529730,9.665621433371305,16
1529769,8.851141135766595,39
1529774,9.907736339238024,5
1529786,9.769720120143852,12
1529795,9.866828360882755,9
1529799,9.943910731255997,4
1529808,9.61176009377133,9
1529811,9.669903456587472,3
1529819,9.829003184901357,8
1529830,9.794334291191985,11
1529852,9.519457387539079,22
1529866,9.701410984353503,14
1529874,9.850798625631752,8
1529883,9.821216763961003,9
1529898,9.69091545806994,15
1529911,9.727203784788555,13
1529919,9.867865328148554,8
1529928,9.83081284634784,9
1529941,9.708250428232983,13
1529953,9.742711575003822,12
1529965,9.74573026752618,12
1529978,9.719850306589118,13
1529980,9.981196445891525,2
1529988,9.85655487667671,8
1530003,9.68018104304101,15
1530010,9.86671825990478,7
1530011,9.991665558269306,1
1530016,9.926161311863194,5
1530029,9.703823595166424,13
1530040,9.761842198076181,11
1530057,9.703709545362434,17
1530058,10.0,1
1530070,9.737508382972015,12
1530076,9.909860519921283,6
1530087,9.767531426369212,11
1530099,9.749609880156212,12
1530123,9.613998763211196,24
1530126,9.954701220215618,3
1530132,9.802702491076717,6
1530147,9.671378478276957,15
1530160,9.713635855822872,13
1530166,9.902473249840376,6
1530175,9.44674589139976,9
1530181,9.889362556080943,6
1530195,9.694666197839815,14
1530204,9.829588175395465,9
1530207,9.955501208989025,3
1530219,9.756968970962994,12
1530252,8.55929684560244,33
1530262,9.805849280619928,10
1530272,9.762128652799413,10
1530282,9.794918928288388,10
1530296,9.69362488699541,14
1530297,10.0,1
1530298,10.0,1
1530306,9.867478740458868,8
1530319,9.720277618097713,13
1530323,9.953207898641836,4
1530336,9.528383471467476,13
1530348,9.758621201435624,12
1530353,9.931994898050945,5
1530358,9.920369665136109,5
1530368,9.771423283644495,10
1530428,-8.649496165433968,60
1530437,9.813179413802224,9
1530442,9.913109273088232,5
1530459,9.655339549428623,17
1530480,9.566746273771711,21
1530507,9.533255540794684,27
1530518,9.82462980089973,11
1530530,9.746691475607255,12
1530531,10.0,1
1530548,9.617190527015941,17
1530569,9.47231409425301,21
1530582,9.709395176389062,13
1530586,9.944699235062222,4
1530597,9.813418188721172,11
1530605,9.86379233237448,8
1530650,9.131075426844998,45
1530651,10.0,1
1530664,9.79666610570974,13
1530671,9.875518722656016,7
1530686,9.669466383841563,15
1530700,9.662850112450576,14
1530708,9.850924883659166,8
1530711,9.961238211699886,3
1530719,9.856386857119405,8
1530731,9.741765437973635,12
1530748,9.64220404513978,17
1530757,9.814929595883653,9
1530760,9.95997050300921,3
1530778,9.633777605213877,18
1530788,9.815077185811939,10
1530799,9.764501527232373,11
1530802,9.948732050480496,3
1530812,9.793172638576651,10
1530819,9.861862712155759,7
1530823,9.938731234697322,4
1530833,9.781411660220316,10
1530855,9.484617730195664,22
1530866,9.783266273103928,11
1530879,9.724603160281998,13
1530885,9.90090756503923,6
1530894,9.839140802737091,9
1530900,9.899519740299365,6
1530916,9.716617434543494,16
1530924,9.659606955191489,8
1530938,9.728959612228628,14
1530950,9.728840690739538,12
1530961,9.80850709018392,11
1530969,9.854722381802073,8
1530976,9.884408481460843,7
1530988,9.708158981212405,12
1531005,8.746713044335845,17
1531019,9.697103678923515,14
1531020,10.0,1
1531029,9.821278585898385,9
1531039,9.788450240372608,10
1531051,9.770086602588638,12
1531067,9.687365826865737,16
1531071,9.938792743215883,4
1531085,9.713834744167077,14
1531099,9.702416228970339,14
1531100,10.0,1
1531104,9.942551788712237,4
1531108,9.945812157562592,4
1531149,9.130847132525929,41
1531154,9.912460598235544,5
1531165,9.772134480471403,11
1531171,9.883731690809705,6
1531187,9.652867781484053,16
1531191,9.93492066816542,4
1531204,9.73868918275467,13
1531221,9.631715167367005,17
1531230,9.823523232623069,9
1531233,9.946066145328754,3
1531257,9.516126547434968,24
1531262,9.92597229409125,5
1531276,9.728491274083016,14
1531277,10.0,1
1531292,9.63149981525267,15
1531305,9.677882073809934,13
1531320,9.351577219097685,15
1531326,9.912061910922217,6
1531341,9.66071976410426,15
1531352,9.791052820121546,11
1531355,9.952604752085731,3
1531363,9.837632487295412,8
1531376,9.761110406056664,13
1531378,9.972730566129158,2
1531391,9.730154435248245,13
1531409,9.612561712326539,18
1531414,9.910118279051007,5
1531419,9.913166731187927,5
1531475,8.958934670130711,56
1531487,9.741003273895855,12
1531498,9.784602701285905,11
1531513,9.657061307334107,15
1531523,9.756699752444582,10
1531527,9.950316550070347,4
1531535,9.848918693239039,8
1531548,9.706870854228422,13
1531565,9.618516675234357,17
1531580,9.686735544605867,15
1531581,10.0,1
1531604,9.421724707850919,23
1531612,9.818310641224995,8
1531613,10.0,1
1531626,9.736964696543385,13
1531627,10.0,1
1531643,9.678806751423611,16
1531644,9.9890351183364,1
1531664,9.627944431357049,20
1531682,9.58937059105088,18
1531687,9.89475271577633,5
1531692,9.90762536755106,5
1531711,9.568962968710657,19
1531719,9.874619963258496,8
1531721,9.968135532152154,2
1531725,9.948495899800141,4
1531732,9.876430646770325,7
1531739,9.864757288274452,7
1531751,9.747036983922094,12
1531756,9.9272920293454,5
1531765,9.836849304599964,9
1531766,10.0,1
1531788,9.471539215355447,22
1531792,9.937832982885439,4
1531804,9.74930772759418,12
1531806,9.968084105419415,2
1531816,9.773922057312666,10
1531819,9.950715792019679,3
1531828,9.82839536510295,9
1531836,9.84944508348451,8
1531855,9.576070675729106,19
1531862,9.884498615220233,7
1531863,9.996411720506723,1
1531870,9.865109225506682,7
1531884,9.664261955373481,14
1531893,9.793083550499484,9
1531907,9.680847321235554,14
1531909,9.972438415360314,2
1531926,9.598344645251833,17
1531932,9.900573768296093,6
1531936,9.932181389075454,4
1531946,9.798526811444274,10
1531962,9.45187617910845,16
1531977,9.678408094222634,15
1531988,9.761813137210044,11
1531998,9.781064167028054,10
1531999,10.0,1
1532006,9.861069437432196,7
1532009,9.96131031992249,3
1532012,9.956688202441434,3
1532018,9.897721325664923,6
1532028,9.814754183425357,10
1532031,9.964170759146489,3
1532052,9.59484027172254,21
1532061,9.828000914559674,9
1532073,9.79844664647093,12
1532085,9.75065504158682,12
1532089,9.92973442857984,4
1532097,9.862427553873305,8
1532098,10.0,1
1532111,9.802635322274375,13
1532129,9.609954320788379,18
1532141,9.740126854090127,12
1532146,9.926033851252543,5
1532154,9.549679119474456,8
1532163,9.813715241793886,9
1532164,10.0,1
1532170,9.881537653717887,6
1532171,10.0,1
1532186,9.675441194555225,15
1532194,9.873128808346946,8
1532211,9.654618766657837,17
1532213,9.975368851535082,2
1532228,9.659006399713714,15
1532238,9.79907137570647,10
1532249,9.740469331113731,11
1532260,9.749521177059659,11
1532265,9.908559703151802,5
1532276,9.729617989945517,11
1532277,10.0,1
1532289,9.769071964290838,12
1532296,9.84776395788702,7
1532301,9.934747606368427,5
1532306,9.909767000105786,5
1532313,9.847091773271885,7
1532323,9.83955110680613,10
1532341,9.61515252496505,18
1532354,9.699349716313455,13
1532368,9.676275088062791,14
1532382,9.663198320783552,14
1532388,9.907043580117769,6
1532396,9.817776934129668,8
1532416,9.564958217737482,20
1532422,9.902884253353772,6
1532428,9.877174688276924,6
1532442,9.690908261427476,14
1532453,9.763893241918213,11
1532459,9.90172562098068,6
1532460,10.0,1
1532479,9.519989396657433,19
1532489,9.776242099561234,10
1532490,10.0,1
1532491,9.987677794098854,1
1532506,9.713665213430549,15
1532511,9.915608924268586,5
1532520,9.839123926744035,9
1532535,9.70835125935934,15
1532542,9.888800505505364,7
1532551,9.842420766459588,9
1532561,9.801661454867489,10
1532571,9.801221804773197,10
1532588,9.60681380282944,17
1532603,9.642333977999236,15
1532607,9.947831037438265,4
1532619,9.774983322255533,12
1532623,9.92345978214615,4
1532625,9.977501525565705,2
1532652,9.508048655619756,27
1532655,9.962930211092415,3
1532664,9.815615278855146,9
1532670,9.788665619380183,6
1532682,9.788380616261577,12
1532696,9.680354099814112,14
1532711,9.657341315255493,15
1532722,9.763200413983704,11
1532731,9.7939610701996,9
1532732,10.0,1
1532735,9.953602897751251,3
1532740,9.899405729442815,5
1532752,9.754056101834491,12
1532769,9.609192609685017,17
1532776,9.866377653791806,7
1532782,9.891133821803876,6
1532799,9.644308886853684,17
1532800,10.0,1
1532814,9.67406159504474,14
1532834,9.601058029978141,20
1532843,9.80237333695845,9
1532850,9.864726143737757,7
1532864,9.591805013948017,14
1532871,9.88105625187046,7
1532872,10.0,1
1532878,9.895879472453938,6
1532879,10.0,1
1532906,9.327028421842954,27
1532909,9.955262688955637,3
1532913,9.942624195996913,4
1532919,9.900837094551727,6
1532921,9.977454884960022,2
1532929,9.840578019909126,8
1532932,9.963253119776125,3
1532948,9.651395751928368,16
1532953,9.930194430240544,5
1532954,10.0,1
1532960,9.893774196145717,6
1532967,9.903386283564616,7
1532979,9.72358431578925,12
1532987,9.856682330213177,8
1533003,9.701034146975006,16
1533008,9.918043781479566,5
1533010,9.977886814636221,2
1533016,9.890805092885742,6
1533020,9.95179452214919,4
1533034,9.736934004649042,14
1533042,9.832741711293682,8
1533061,9.678655867609859,19
1533076,9.723306456843613,15
1533085,9.825289240029848,9
1533087,9.979800028896886,2
1533090,9.967454141365854,3
1533094,9.929292838411484,4
1533111,9.585718993862574,17
1533126,9.64554624871794,15
1533137,9.771305178046013,11
1533156,9.595177613353414,19
1533163,9.872500151118754,7
1533164,10.0,1
1533173,9.821991478553896,9
1533184,9.785169140037343,11
1533203,9.635902760775462,19
1533220,9.622322626858,17
1533226,9.896210109386978,6
1533242,9.61110010393041,16
1533250,9.85981988517537,8
1533258,9.822514435805934,8
1533275,9.62984604887006,17
1533290,9.662131103221808,15
1533294,9.943507439774557,4
1533298,9.94431174466462,4
1533302,9.945829925997673,4
1533310,9.86242551864334,8
1533320,9.768160656371784,10
1533327,9.872523836281987,7
1533335,9.838344021431357,8
1533342,9.857384439127209,7
1533352,9.809008254369543,10
1533363,9.739042905282412,11
1533364,9.996545851606784,1
1533370,9.884629436164628,6
1533377,9.869718238708561,7
1533388,9.76117550526462,11
1533390,9.97659376379576,2
1533391,10.0,1
1533398,9.758100676503531,7
1533427,9.383360895813375,29
1533436,9.838516310377305,9
1533442,9.913675735235028,6
1533453,9.773241148011227,11
1533465,9.77205584237916,12
1533476,9.752836734003377,11
1533481,9.910979243337714,5
1533482,10.0,1
1533495,9.717566848535116,13
1533506,9.789339617029459,11
1533520,9.587159255986805,14
1533530,9.835194479032532,10
1533543,9.723287987809751,13
1533557,9.59409827357884,14
1533567,9.78685456280229,10
1533576,9.820991952848466,9
1533577,10.0,1
1533583,9.894544690493602,6
1533592,9.804880406673407,9
1533601,9.50584262802784,9
1533608,9.859525120557397,7
1533627,9.523955318674703,19
1533638,9.789809855574433,11
1533649,9.812006114661532,11
1533662,9.710744628894906,13
1533692,9.34347069406921,30
1533712,9.574207783869428,20
1533729,9.681351010901578,17
1533739,9.784837284901823,10
1533749,9.807328665148553,10
1533755,9.883283616603963,6
1533761,9.894210953013712,6
1533774,9.709341292313063,13
1533777,9.955654789393916,3
1533781,9.933328651633342,4
1533796,9.648980481652773,15
1533810,9.735364369042225,14
1533816,9.895595483420356,6
1533824,9.847947223766042,8
1533825,10.0,1
1533827,9.977908080259295,2
1533831,9.946551043068984,4
1533842,9.746340824710717,11
1533853,9.79023664282004,11
1533855,9.974236856185799,2
1533882,8.946788367975827,27
1533886,9.945107630457334,4
1533895,9.839448512922614,9
1533902,9.885934858176688,7
1533910,9.824586948072998,8
1533920,9.808123950591245,10
1533925,9.919088623567667,5
1533931,9.898681043914602,6
1533943,9.777465784288214,12
1533956,9.698535696343669,13
1533961,9.897158760383512,5
1533969,9.849253008993813,8
1534017,9.051221116055613,48
1534024,9.85711642019121,7
1534025,10.0,1
1534033,9.853189369719722,8
1534044,9.758879444826743,11
1534053,9.849788822992759,9
1534066,9.795534065208958,13
1534081,9.699808090610004,15
1534096,9.678074863345659,15
1534100,9.947293591420946,4
1534104,9.932160254547119,4
1534112,9.816725143477434,8
1534121,9.84572266851296,9
1534124,9.95732314436748,3
1534127,9.95145481330444,3
1534137,9.782739864290484,10
1534138,10.0,1
1534149,9.779581839266752,11
1534150,10.0,1
1534564,1.3026401570227009,414
1534568,9.945624139818976,4
1534573,9.900755898685432,5
1534579,9.891933891011247,6
1534590,9.76023936499268,11
1534602,9.757181225935701,12
1534603,10.0,1
1534624,9.188382110407815,21
1534635,9.783457448227775,11
1534644,9.839289484254934,9
1534645,10.0,1
1534650,9.918699079282078,5
1534651,10.0,1
1534664,9.722420642424916,13
1534669,9.91831307665233,5
1534674,9.91908033037699,5
1534682,9.84363969032121,8
1534692,9.81295884526488,10
1534698,9.904381289655673,6
1534702,9.93560090307865,4
1534712,9.82718618859396,10
1534720,9.854210956357404,8
1534730,9.831720202920401,10
1534738,9.833327373977612,8
1534751,9.717003608388557,13
1534760,9.849482757115947,9
1534771,9.758240625311426,11
1534773,9.96887507365932,2
1534786,9.704939902816506,13
1534794,9.878649701163184,8
1534796,9.980319677122932,2
1534812,9.659567710660061,16
1534820,9.872953314570612,8
1534827,9.862806172765824,7
1534838,9.798486604380642,11
1534845,9.863791486444377,7
1534855,9.831492311205002,10
1534856,10.0,1
1534865,9.809457817368678,9
1534873,9.853374175486149,8
1534883,9.780051816802956,10
1534891,9.868248791550943,8
1534905,9.707419134489905,14
1534912,9.840930404066366,7
1534919,9.859263155549957,7
1534920,10.0,1
1534931,9.748744117363392,11
1534945,9.300894490608506,14
1534965,9.532377787752496,20
1534973,9.832729232122073,8
1534987,9.725529094104376,14
1534988,9.988449553955245,1
1535003,9.680343349138523,15
1535018,9.63737483792782,15
1535027,9.848696675651977,9
1535038,9.741325872396393,11
1535050,9.721943402606659,12
1535057,9.883723036056896,7
1535058,9.988200896527397,1
1535066,9.854818669828806,8
1535078,9.766731059265457,12
1535090,9.768121300326435,12
1535109,9.563553045019175,19
1535124,9.693742941800302,15
1535132,9.850669064339098,8
1535133,10.0,1
1535142,9.820288079143891,9
1535151,9.817614874966257,9
1535152,10.0,1
1535159,9.880212021387626,7
1535167,9.840320956418003,8
1535173,9.885768922195005,6
1535174,10.0,1
1535180,9.892828813138355,6
1535283,7.300175017938386,103
1535284,10.0,1
1535291,9.86793223457001,7
1535305,9.694970673212502,14
1535320,9.69911630036707,15
1535324,9.951626380760436,4
1535345,9.501223571208707,21
1535357,9.535476176207657,12
1535364,9.862118268015431,7
1535365,9.98942375326239,1
1535377,9.739132858190846,12
1535389,9.747233273608332,12
1535408,9.621040667581507,19
1535418,9.831396046244263,10
1535427,9.858718963794825,9
1535435,9.849003635158361,8
1535447,9.752984714704768,12
1535459,9.722088678195504,12
1535469,9.803777786845858,10
1535470,9.987375980994623,1
1535472,9.978090007711371,2
1535487,9.718514958781553,15
1535500,9.760514050399028,13
1535515,9.712565127995035,15
1535528,9.700137110972591,13
1535542,9.768395164674743,14
1535553,9.774321581028227,11
1535560,9.86626801765932,7
1535575,9.680813944032822,15
1535588,9.715193720069877,13
1535599,9.778176196251042,11
1535608,9.82113973168312,9
1535619,9.745119316135595,11
1535622,9.958458621815625,3
1535631,9.819325868268672,9
1535641,9.795027281975862,10
1535652,9.796518476080287,11
1535670,9.669951886016399,18
1535671,9.993298849147699,1
1535680,9.811938976315972,9
1535700,9.659890477098449,20
1535706,9.897336115064677,6
1535714,9.856951956210468,8
1535728,9.69001280987512,14
1535736,9.862198280067094,8
1535754,9.646350541989532,18
1535762,9.843443479232462,8
1535763,9.992068371638567,1
1535771,9.863055720084349,8
1535776,9.912059820614857,5
1535782,9.887675057842793,6
1535783,10.0,1
1535784,9.993113828311099,1
1535792,9.867353218189185,8
1535806,9.69672685914429,14
1535814,9.84842114997063,8
1535825,9.768102891613447,11
1535840,9.659407396051154,15
1535852,9.761559367258881,12
1535870,9.581457427824159,18
1535875,9.897283970479553,5
1535909,9.276642318059766,34
1535919,9.82645992920907,10
1535920,10.0,1
1535930,9.820149309003302,10
1535939,9.836156375002723,9
1535946,9.87954292553843,7
1535953,9.865938788818372,7
1535968,9.664029177016912,15
1535970,9.974367904251833,2
1535986,9.636542903777931,16
1535999,9.69290359557629,13
1536007,9.847234232059947,8
1536025,9.587284616365547,18
1536026,10.0,1
1536033,9.847839508670747,7
1536045,9.759711709669125,12
1536048,9.964757526846878,3
1536061,9.681843988759274,13
1536069,9.848284616738754,8
1536091,9.561703539708681,22
1536100,9.789911634295207,9
1536111,9.749679279878546,11
1536116,9.931336093988012,5
1536136,9.622123062855138,20
1536145,9.831953945710477,9
1536151,9.898624139558706,6
1536158,9.848822193493374,7
1536163,9.913877031829118,5
1536170,9.858747931493248,7
1536176,9.920902824846184,6
1536194,9.57811567179012,18
1536198,9.942130913012294,4
1536207,9.817979207753222,9
1536218,9.777512361089173,11
1536226,9.871018247834732,8
1536235,9.79965358219014,9
1536241,9.906837156918735,6
1536257,9.678256665804197,16
1536266,9.718892896221877,9
1536283,9.661184608715521,17
1536292,9.82316106777045,9
1536308,9.664015503620105,16
1536309,10.0,1
1536321,9.659939659522898,12
1536328,9.857827849026018,7
1536339,9.769339593141042,11
1536358,9.602443623647785,19
1536363,9.916468171580632,5
1536373,9.769193909356568,10
1536394,9.022073787613134,21
1536402,9.856121499120146,8
1536410,9.868660577242638,8
1536415,9.908505422762934,5
1536421,9.871470269373413,6
1536426,9.923859699275804,5
1536433,9.864041563418997,7
1536434,9.98968829880549,1
1536438,9.934205053713837,4
1536448,9.803976119817822,10
1536462,9.672996572173805,14
1536469,9.85565869801483,7
1536480,9.778886640288027,11
1536547,7.093938889349339,67
1536562,9.698844213509396,15
1536563,10.0,1
1536570,9.853950092410017,7
1536580,9.799949248715722,10
1536590,9.829595494393933,10
1536591,9.996223113908773,1
1536596,9.915833290109024,5
1536611,9.659761962104561,15
1536622,9.771643165847854,11
1536633,9.760768982854561,11
1536642,9.81703842761388,9
1536656,9.688016586947827,14
1536661,9.917652241787724,5
1536673,9.75179227811285,12
1536675,9.981256417327327,2
1536676,10.0,1
1536683,9.860114163017556,7
1536693,9.832634963244512,10
1536706,9.742694729819664,13
1536713,9.879706042355362,7
1536739,9.452584527546545,26
1536744,9.914101881414405,5
1536760,9.636710827689724,16
1536766,9.790914662814005,6
1536775,9.846537231839806,9
1536783,9.870864728530782,8
1536798,9.369699931536827,15
1536809,9.7971680852605,11
1536810,10.0,1
1536820,9.826837670443071,10
1536857,9.321405468462572,37
1536863,9.914655833499081,6
1536874,9.804001642799628,11
1536890,9.650329968852304,16
1536897,9.889758805116587,7
1536907,9.817630000170626,10
1536922,9.74588213108188,15
1536939,9.661650136100228,17
1536960,9.50037678455742,21
1536968,9.864722400031706,8
1536979,9.786673674290059,11
1536988,9.81924598872018,9
1536997,9.832524148712524,9
1536998,10.0,1
1537007,9.841781045133267,9
1537025,9.596260784682725,18
1537043,9.615428657634416,18
1537044,10.0,1
1537052,9.851419333729565,8
1537073,9.58159147691539,21
1537095,9.248631475186142,22
1537096,9.992635620551841,1
1537106,9.798872441802603,10
1537120,9.744928636762866,14
1537134,9.753090015374026,14
1537148,9.71382732458539,14
1537160,9.786086263158424,12
1537170,9.845178065088982,10
1537179,9.850775893340128,9
1537184,9.929506751139403,5
1537195,9.785674699002517,11
1537202,9.860118323148072,7
1537204,9.985783754436731,2
1537214,9.782060624630368,10
1537215,10.0,1
1537230,9.681293606400754,15
1537241,9.80133718561106,11
1537255,9.705334370329526,14
1537272,9.656021237033311,17
1537279,9.88041636195825,7
1537292,9.70719592210353,13
1537306,9.692898762872924,14
1537307,10.0,1
1537317,9.77970383556875,10
1537325,9.831841438988658,8
1537331,9.881900017920596,6
1537346,9.754742431745443,15
1537353,9.867150574130495,7
1537359,9.895430170724337,6
1537371,9.734878811877039,12
1537375,9.929554824764386,4
1537390,9.630810203300772,15
1537401,9.839922445072105,11
1537404,9.960141078828062,3
1537409,9.941380609105954,5
1537418,9.838665694492107,9
1537427,9.870232543505814,9
1537434,9.874892477392633,7
1537440,9.912514000893632,6
1537450,9.791570289050467,10
1537458,9.837932209553147,8
1537471,9.720812176338457,13
1537482,9.772009029935276,11
1537499,9.57427437356745,17
1537508,9.818265881945305,9
1537509,9.996297669345216,1
1537518,9.809046830254202,9
1537532,9.708990040231482,14
1537536,9.946614243354455,4
1537546,9.770478373543082,10
1537563,9.621658934775198,17
1537571,9.882110941574442,8
1537590,9.533735985031033,19
1537597,9.869696651140343,7
1537622,9.498573205879397,25
1537634,9.742005246065323,12
1537643,9.808147348328061,9
1537654,9.756407839673022,11
1537668,9.720134332479494,14
1537680,9.770727091845309,12
1537692,9.7509627579331,12
1537701,9.810333773958478,9
1537707,9.889298975574514,6
1537712,9.900373929542436,5
1537714,9.96649762175857,2
1537720,9.908545644835598,6
1537726,9.920615291378041,6
1537756,9.348563133780802,30
1537770,9.122592877278509,14
1537775,9.925997961479073,5
1537787,9.752591334870369,12
1537789,9.97455546993255,2
1537792,9.9659509100341,3
1537793,10.0,1
1537801,9.884810109252415,8
1537815,9.768453330486572,14
1537829,9.677892992139393,14
1537845,9.635539276916289,16
1537858,9.714884120267051,13
1537873,9.667723052320797,15
1537882,9.825821430366423,9
1537896,9.70565714612497,14
1537904,9.842930373805665,8
1537908,9.942160236940286,4
1537913,9.924063075762879,5
1537926,9.716945746772252,13
1537948,9.524062531515844,22
1537955,9.862333594942553,7
1537961,9.89688493422148,6
1537971,9.786786748819312,10
1537982,9.746082641214223,11
1537993,9.773289944778323,11
1538030,9.22607235320674,37
1538044,9.296740796345052,14
1538057,9.719511493050069,13
1538066,9.844722409668433,9
1538078,9.724985890756153,12
1538092,9.730621930009242,14
1538118,9.495595619422524,26
1538120,9.966257083973508,2
1538135,9.671419563665017,15
1538142,9.895916725663897,7
1538149,9.856349746705531,7
1538154,9.923265417948008,5
1538158,9.932017331229712,4
1538180,9.57446694043799,22
1538191,9.779909484192457,11
1538198,9.875999047998688,7
1538220,9.579828698000156,22
1538227,9.87868547309469,7
1538244,9.632634932944937,17
1538258,9.710718257149862,14
1538259,10.0,1
1538260,10.0,1
1538273,9.70697554863552,13
1538283,9.807332366479045,10
1538293,9.769467350208442,10
1538294,9.996248942252564,1
1538306,9.756251727319539,12
1538314,9.864101973237302,8
1538333,9.520033160267163,19
1538353,9.62838837658234,20
1538361,9.854568625414577,8
1538366,9.921458225044793,5
1538371,9.919018065633274,5
1538385,9.7095973244702,14
1538402,9.61752521070294,17
1538403,10.0,1
1538405,9.982982955368204,2
1538417,9.733196112815612,12
1538422,9.926571262145805,5
1538423,9.989111727429782,1
1538432,9.801371233440358,9
1538437,9.92525204359191,5
1538447,9.819336647381142,10
1538448,10.0,1
1538449,10.0,1
1538454,9.927578331204247,5
1538456,9.97686989606578,2
1538470,9.694926707979652,14
1538479,9.813397747333083,9
1538494,9.655910700610484,15
1538502,9.87990233327907,8
1538511,9.81948528552131,9
1538524,9.723244828051794,13
1538525,10.0,1
1538540,9.656956375045246,15
1538554,9.693609024518501,14
1538561,9.865344262946305,7
1538562,10.0,1
1538570,9.865216124637724,8
1538574,9.942553043719547,4
1538586,9.632815617685837,12
1538603,9.635824575839738,17
1538618,9.62244087708054,15
1538626,9.864615164159126,8
1538650,7.909738676651045,24
1538684,8.821908432603319,34
1538691,9.874397314514676,7
1538706,9.673832647222252,15
1538716,9.781939286875431,10
1538721,9.916086923493657,5
1538730,9.827986228785706,9
1538740,9.791363501300612,10
1538764,9.453750787448445,24
1538774,9.795039653531457,10
1538791,9.604460610881342,17
1538813,9.493479071665249,22
1538827,9.720449231010322,14
1538830,9.959396159788623,3
1538837,9.867050669792764,7
1538848,9.755096051302637,11
1538849,10.0,1
1538850,9.992899072239434,1
1538851,10.0,1
1538860,9.7881926555598,9
1538881,9.467849482325336,21
1538901,9.58875775143564,20
1538918,9.608581011138666,17
1538923,9.916890282405426,5
1538926,9.953341847503065,3
1538939,9.716092834494,13
1538951,9.75742471543755,12
1538965,9.694819646926492,14
1538966,10.0,1
1538969,9.957560464990976,3
1538974,9.917916974007998,5
1538975,10.0,1
1538992,9.438819759977255,17
1538999,9.862133141637718,7
1539034,9.325286565025852,35
1539041,9.88080025465424,7
1539042,10.0,1
1539043,10.0,1
1539057,9.730999230348836,14
1539066,9.822795877410732,9
1539071,9.920434634202001,5
1539077,9.289042903368843,6
1539084,9.880150506553052,7
1539095,9.767624837829919,11
1539110,9.681271683628964,15
1539114,9.934055885826947,4
1539122,9.854307592804203,8
1539128,9.899491237442366,6
1539137,9.820460981211749,9
1539139,9.98294437170984,2
1539140,10.0,1
1539153,9.736997334794031,13
1539167,9.690496499109182,14
1539173,9.89651633147599,6
1539183,9.78672644249642,10
1539196,9.776374404147502,13
1539210,9.731872402311835,14
1539231,9.617427375371198,21
1539244,9.764610419656126,13
1539250,9.895338631868642,6
1539259,9.826427832973993,9
1539268,9.821624449463812,9
1539277,9.845822592719983,9
1539296,9.587469330642698,19
1539301,9.91092688385266,5
1539305,9.934576695290865,4
1539321,9.652490536499256,16
1539336,9.661435883610556,15
1539340,9.937183289637147,4
1539351,9.807507301527577,11
1539357,9.897146562123952,6
1539358,10.0,1
1539359,9.996452320231997,1
1539366,9.882727728030547,7
1539376,9.80177404897287,10
1539379,9.965864416763191,3
1539386,9.866582203317632,7
1539390,9.950555125544936,4
1539398,9.870983593789928,8
1539399,10.0,1
1539410,9.774827524969783,11
1539417,9.876048585416607,7
1539418,10.0,1
1539440,9.507925906358688,22
1539457,9.601287415063057,17
1539458,10.0,1
1539466,9.86210792712373,8
1539475,9.849386530160166,9
1539486,9.812349184294668,11
1539496,9.807127477574149,10
1539500,9.932547390692047,4
1539512,9.780762808371602,12
1539528,9.669663171978337,16
1539532,9.948645874852868,4
1539547,9.686140491653171,15
1539561,9.68937100094826,14
1539585,9.580446079237165,24
1539591,9.898472600651662,6
1539592,10.0,1
1539607,9.674512299416994,15
1539616,9.845067934277793,9
1539620,9.944556053060175,4
1539632,9.726138460037399,12
1539638,9.880018882957499,6
1539645,9.867613812757266,7
1539653,9.851149708317605,8
1539658,9.911078199637391,5
1539667,9.819636853995032,9
1539676,9.81468237558962,9
1539684,9.844995476630551,8
1539689,9.907326635187047,5
1539704,9.574101908874836,15
1539714,9.810647627348457,10
1539717,9.963630532280597,3
1539733,9.632697367463459,16
1539752,9.495335923965678,19
1539769,9.646647466128455,17
1539775,9.8791490221495,6
1539779,9.936876011650083,4
1539795,9.613714554140286,16
1539803,9.835845411320253,8
1539812,9.852896086955528,9
1539819,9.881375052265543,7
1539823,9.945997172361627,4
1539832,9.818569313977845,9
1539833,10.0,1
1539843,9.805897766043826,10
1539859,9.632965699648716,16
1539867,9.829247294656613,8
1539880,9.723404811839698,13
1539890,9.67934009811463,10
1539901,9.750807359921442,11
1539918,9.497076821839936,17
1539934,9.542697884228154,16
1539937,9.950805590642705,3
1539944,9.89019329273941,7
1539953,9.800604845724472,9
1539954,10.0,1
1539966,9.46093067442915,12
1539971,9.929531607343977,5
1539974,9.954156279801543,3
1539984,9.81575735437365,10
1539997,9.702026777783818,13
1540007,9.831643689203979,10
1540022,9.733114853714579,15
1540025,9.95786623989603,3
1540034,9.808743882236225,9
1540045,9.825241672935688,11
1540064,9.54163881992844,19
1540073,9.812036702817135,9
1540075,9.973838923785792,2
1540093,9.616666396299317,18
1540103,9.795667250028703,10
1540104,10.0,1
1540107,9.966526270106193,3
1540151,9.155291057626135,44
1540157,9.89656020732973,6
1540161,9.946933941054969,4
1540170,9.80090831918404,9
1540185,9.642729226289473,15
1540204,9.596419719181585,19
1540214,9.811185536313227,10
1540225,9.80484944255827,11
1540232,9.90418077617092,7
1540239,9.893058567306843,7
1540244,9.899972988034364,5
1540248,9.943837454720876,4
1540252,9.940905145589667,4
1540253,10.0,1
1540259,9.910412384400665,6
1540278,9.638532306025233,19
1540293,9.68476775389245,15
1540304,9.809285273698974,11
1540313,9.802043496696673,9
1540322,9.244794023630806,9
1540323,10.0,1
1540331,9.849828236533337,8
1540332,10.0,1
1540347,9.639619499743425,15
1540352,9.919354399181994,5
1540357,9.931434212449002,5
1540366,9.838424818815618,9
1540398,9.364209409903697,32
1540401,9.951807105398094,3
1540419,9.570627506268766,18
1540423,9.938832691345075,4
1540431,9.842211647821111,8
1540445,9.700885567304868,14
1540447,9.984814549738289,2
1540453,9.895735703784235,6
1540473,9.544022777650282,20
1540481,9.859642790811975,8
1540482,10.0,1
1540493,9.77515584815288,11
1540501,9.868136779214868,8
1540511,9.783626820252968,10
1540520,9.837024368010539,9
1540521,10.0,1
1540529,9.860669346030527,8
1540533,9.936402994209347,4
1540537,9.729459895067514,4
1540542,9.910285194494346,5
1540559,9.648713778250604,17
1540574,9.666769920543356,15
1540586,9.762952895123544,12
1540594,9.827859544044022,8
1540595,9.993507906501948,1
1540605,9.804312087846979,10
1540610,9.924619884329958,5
1540614,9.950091920260771,4
1540626,9.733619213108293,12
1540634,9.835942266658355,8
1540642,9.864975069553621,8
1540647,9.921497629187101,5
1540651,9.932870985963328,4
1540666,9.705911362971545,15
1540679,9.773592555120462,13
1540688,9.866902066555106,9
1540689,10.0,1
1540699,9.826358782300126,10
1540706,9.880464623325881,7
1540710,9.948356270213777,4
1540727,9.628342200325658,17
1540735,9.866799190917735,8
1540741,9.913022333529165,6
1540748,9.889304362438313,7
1540754,9.9192855821057,6
1540760,9.899438727781575,6
1540772,9.750358927104813,12
1540779,9.86776079446842,7
1540792,9.7294013881186,13
1540807,9.705128078617232,15
1540812,9.906756706384535,5
1540813,10.0,1
1540826,9.784710580778436,13
1540832,9.890508682817156,6
1540842,9.828198371775033,10
1540843,9.992129584143745,1
1540852,9.801123936213813,9
1540868,9.692859050996292,16
1540881,9.755259776860381,13
1540899,9.563045258501573,18
1540900,10.0,1
1540901,9.992070556154932,1
1540902,10.0,1
1540910,9.837103478861962,8
1540911,10.0,1
1540912,10.0,1
1540921,9.11964240854757,9
1540938,9.580144843058497,17
1540944,9.881073128215508,6
1540959,9.653896779888862,15
1540960,10.0,1
1540966,9.9159774528919,6
1540981,9.579087666961124,15
1541006,9.351145793298926,25
1541023,9.641742475251366,17
1541035,9.77988743428411,12
1541074,9.217800675956546,39
1541075,10.0,1
1541095,9.608980131368124,20
1541103,9.846684765836258,8
1541108,9.910042973237472,5
1541120,9.760964905600579,12
1541123,9.95938185920407,3
1541125,9.971558890229328,2
1541127,9.979987533923078,2
1541139,9.745390633139202,12
1541152,9.712093330153326,13
1541156,9.948540020088963,4
1541164,9.85777761044864,8
1541172,9.833653656180157,8
1541177,9.922763709146256,5
1541187,9.792444194223092,10
1541194,9.875112295983676,7
1541204,9.775413472110356,10
1541208,9.928230488209683,4
1541226,9.641926731587555,18
1541235,9.851862672162898,9
1541248,9.7043560736757,13
1541249,10.0,1
1541263,9.676147236632985,14
1541277,9.731923168320543,14
1541278,10.0,1
1541284,9.877821984907053,6
1541304,9.247267182009868,20
1541310,9.899703778450606,6
1541319,9.834185028171515,9
1541320,10.0,1
1541329,9.813947165453609,9
1541339,9.788010444943415,10
1541346,9.867680015053521,7
1541363,9.64035765409136,17
1541369,9.895089606179614,6
1541373,9.935089734526237,4
1541394,9.499794519883471,21
1541412,9.525713506337397,18
1541413,10.0,1
1541417,9.929462723945452,4
1541421,9.92349257557038,4
1541432,9.766451545278738,11
1541448,9.661360466475468,16
1541456,9.862266933991,8
1541462,9.888081678245152,6
1541467,9.810427982876393,5
1541478,9.792643892409414,11
1541486,9.848180465463523,8
1541493,9.858452073093305,7
1541510,9.647112960756541,17
1541511,10.0,1
1541521,9.775774530175287,10
1541529,9.854021578609082,8
1541543,9.661889883883303,14
1541547,9.946708258801404,4
1541548,10.0,1
1541554,9.885517101158591,6
1541566,9.26532481465855,12
1541580,9.690216439604198,14
1541582,9.966105564627677,2
1541585,9.97006126443418,3
1541606,9.639771813983014,21
1541609,9.946571875415904,3
1541620,9.805558725389638,11
1541625,9.908787664641507,5
1541642,9.581871240188871,17
1541645,9.960861987342106,3
1541657,9.74055710962773,12
1541683,9.52892190985014,26
1541698,9.687543824385608,15
1541707,9.834649925320887,9
1541713,9.898546224231142,6
1541720,9.863242268185076,7
1541725,9.936428443167566,5
1541733,9.844329588289662,8
1541734,10.0,1
1541737,9.961498801432437,3
1541747,9.772738073276702,10
1541758,9.746483394644411,11
1541768,9.715151491731111,10
1541787,9.622310401151132,19
1541797,9.78698372886231,10
1541815,9.594755527862306,18
1541852,7.337157443399655,37
1541864,9.792023449822915,12
1541876,9.738173188036484,12
1541885,9.813609732550363,9
1541887,9.980663223490623,2
1541893,9.875355262981968,6
1541900,9.864647120365229,7
1541903,9.957996184774059,3
1541905,9.97057117366423,2
1541911,9.887421003512292,6
1541929,9.673754502626311,18
1541931,9.979036659917337,2
1542071,6.77862368985547,140
1542083,9.7814827738134,12
1542094,9.789289808371496,11
1542095,10.0,1
1542105,9.824018849867986,10
1542108,9.95329694693843,3
1542114,9.871506003129918,6
1542128,9.682896462516235,14
1542144,9.693317620411692,16
1542155,9.736233385496067,11
1542162,9.877543156277362,7
1542173,9.749562065611407,11
1542185,9.754024911852703,12
1542190,9.928898310105593,5
1542202,9.727131112405496,12
1542209,9.88532769245508,7
1542224,9.668531062708269,15
1542233,9.844963311402237,9
1542246,9.72425846737967,13
1542265,9.550078831958842,19
1542282,9.660785427897725,17
1542283,10.0,1
1542284,9.993356370780498,1
1542293,9.791484506270114,9
1542299,9.914350246756687,6
1542309,9.783069408301273,10
1542341,9.424518425694046,32
1542350,9.812418097434966,9
1542358,9.652675810395474,8
1542366,9.819513716835326,8
1542367,9.988669108092664,1
1542378,9.815651781296458,11
1542388,9.828607036618166,10
1542409,9.504305184572445,21
1542429,9.324785760579866,20
1542458,9.435139225041148,29
1542475,9.618616639442841,17
1542477,9.972610103892123,2
1542478,10.0,1
1542487,9.818539056335927,9
1542503,9.646539874813682,16
1542504,10.0,1
1542509,9.924666285792673,5
1542520,9.762045085641725,11
1542578,8.921493695330629,58
1542593,9.710412700299015,15
1542599,9.921567050209408,6
1542609,9.773454294749728,10
1542618,9.84647471303201,9
1542633,9.712228995516732,15
1542638,9.936660028734225,5
1542651,9.740426023958111,13
1542666,9.38622427047042,15
1542670,9.933518679227642,4
1542672,9.980256828879403,2
1542686,9.708140178402159,14
1542692,9.900489800333355,6
1542701,9.788949218456379,9
1542716,9.443984339230903,15
1542724,9.866197566211529,8
1542739,9.715170459847208,15
1542740,9.996351223770928,1
1542748,9.824582229494709,8
1542763,9.639830804741575,15
1542779,9.648543081231953,16
1542785,9.902956502631113,6
1542786,9.988855243184455,1
1542816,9.414542030882338,30
1542821,9.92805501210838,5
1542826,9.919938513110104,5
1542838,9.783059588383626,12
1542839,10.0,1
1542844,9.917317288761792,5
1542846,9.984738938752795,2
1542853,9.875037087932254,7
1542854,10.0,1
1542863,9.85145846733477,9
1542870,9.87889310947445,7
1542890,9.551474904687238,20
1542901,9.778990547860376,11
1542916,9.67036382921357,15
1542932,9.628198058766253,16
1542933,9.996603361495746,1
1542946,9.726032505328877,13
1542950,9.939850619259815,4
1542957,9.886480694975011,7
1542965,9.85642923024899,8
1542979,9.708410012246981,14
1542990,9.798116315883822,11
1542995,9.919517382920072,5
1543006,9.782277268471619,11
1543008,9.98204981032321,2
1543009,10.0,1
1543014,9.923224360322427,5
1543015,10.0,1
1543016,10.0,1
1543022,9.886222942272067,6
1543042,9.476661892998727,20
1543043,10.0,1
1543058,9.650202193329367,15
1543065,9.874909268585231,7
1543086,9.575277790637557,21
1543097,9.760401223990991,11
1543104,9.875101812496693,7
1543108,9.92936816549335,4
1543121,9.697398184957299,13
1543122,9.995750633472273,1
1543131,9.80889920311452,9
1543140,9.849381595107804,9
1543152,9.72483955657478,12
1543159,9.882316854035832,7
1543160,10.0,1
1543165,9.904102225655585,5
1543178,9.734952493788539,13
1543195,9.623235659567571,17
1543205,9.809707483765733,10
1543206,9.988123760683598,1
1543207,9.989563710480079,1
1543212,9.92832390330556,5
1543215,9.966306877392208,3
1543230,9.67835669510708,15
1543240,9.77277142183864,10
1543243,9.960433801032796,3
1543250,9.884949585068583,7
1543271,9.600855359000308,21
1543281,9.78435831392695,10
1543282,10.0,1
1543285,9.955211201650222,3
1543291,9.907424569825713,6
1543292,9.99289272468387,1
1543300,9.839624942395618,8
1543310,9.768891969819254,10
1543311,10.0,1
1543322,9.76021523792046,11
1543338,9.643830556483469,16
1543346,9.831272883694927,8
1543347,9.99235096461875,1
1543359,9.749700938022357,12
1543360,10.0,1
1543364,9.939238489975573,4
1543372,9.84921770267332,8
1543379,9.87665080231107,7
1543382,9.965439377698306,3
1543398,9.687859353447882,16
1543400,9.979903684104913,2
1543401,10.0,1
1543414,9.682642411610711,13
1543429,9.704210075362209,15
1543430,9.993205842642146,1
1543439,9.826678385405467,9
1543444,9.944238430238906,5
1543447,9.96212405869552,3
1543457,9.782605709778414,10
1543467,9.812666767437483,10
1543477,9.81303096384398,10
1543492,9.702180684878495,15
1543502,9.822973795636774,10
1543509,9.899683748581198,7
1543514,9.911204017464748,5
1543521,9.881960011747363,7
1543530,9.823092378631818,9
1543538,9.87171060850992,8
1543545,9.861364949417899,7
1543554,9.82269935856408,9
1543564,9.804328441760456,10
1543565,10.0,1
1543580,9.674475634592113,15
1543597,9.607929844537649,17
1543600,9.959565629275218,3
1543608,9.886869358558481,8
1543616,9.868356723415435,8
1543624,9.83750326464999,8
1543641,9.651511934301348,17
1543654,9.714468093458908,13
1543658,9.948613645141263,4
1543664,9.878185947098123,6
1543670,9.880383014370983,6
1543683,9.773654149935018,13
1543688,9.927046974111489,5
1543693,9.920094666670717,5
1543702,9.85208795922149,9
1543704,9.97614179077591,2
1543719,9.649585459478365,15
1543729,9.798188195488843,10
1543743,9.696987922043894,14
1543751,9.847051230841807,8
1543758,9.874434203431843,7
1543760,9.974834234433555,2
1543773,9.735693081650519,13
1543788,9.44306363069192,15
1543789,10.0,1
1543805,9.635460182618665,16
1543818,9.705129912223112,13
1543819,10.0,1
1543827,9.856622074178059,8
1543840,9.711623654778425,13
1543842,9.981413712985223,2
1543852,9.803573879991852,10
1543873,9.48412284125384,21
1543882,9.837779968985794,9
1543887,9.901146277356043,5
1543903,9.623606237298787,16
1543913,9.796113772515826,10
1543921,9.854060024506136,8
1543932,9.772630285059316,11
1543945,9.68960729241488,13
1543972,9.365465169054769,27
1543975,9.96350123724562,3
1543979,9.948890150710866,4
1543985,9.899277727830464,6
1543992,9.874395684391834,7
1543994,9.968507221198312,2
1544007,9.743920368468256,13
1544017,9.796356165071938,10
1544018,9.995880557026975,1
1544024,9.904072369755603,6
1544036,9.769646081030801,12
1544046,9.813450042671013,10
1544053,9.88409232609212,7
1544060,9.870887426844405,7
1544061,9.996278228988452,1
1544070,9.810951940891446,9
1544081,9.802725363351145,11
1544089,9.864507233481348,8
1544095,9.880124512595806,6
1544107,9.739456650843167,12
1544607,-11.26075279313568,500
1544625,9.54959532691131,18
1544633,9.861684001606063,8
1544639,9.882750241938975,6
1544655,9.661961042195289,16
1544671,9.635602085298807,16
1544681,9.790810320721658,10
1544687,9.90430163712604,6
1544691,9.940738895344737,4
1544692,10.0,1
1544708,9.730502469348837,16
1544724,9.647307419426328,16
1544731,9.88152880254911,7
1544742,9.754189746712157,11
1544753,9.798676080522588,11
1544759,9.878149075213784,6
1544768,9.787859448538425,9
1544773,9.922330945998958,5
1544786,9.734455744191177,13
1544791,9.921689612457293,5
1544792,10.0,1
1544799,9.860221712017097,7
1544800,9.98897516106555,1
1544811,9.75830816805549,11
1544823,9.77869343837037,12
1544835,9.705637138758473,12
1544841,9.90750368797425,6
1544852,9.767097004975334,11
1544889,9.277654434267092,37
1544893,9.947321273981444,4
1544914,9.561612261533117,21
1544922,9.830742546941217,8
1544929,9.877757951478342,7
1544939,9.791739808671926,10
1544949,9.829739490637506,10
1544950,10.0,1
1544952,9.980224027650065,2
1544958,9.896387998638396,6
1544967,9.822318138860735,9
1544976,9.812349021483099,9
1544983,9.865085256860379,7
1544993,9.787422652936879,10
1545009,9.712645531187455,16
1545019,9.804768098151381,10
1545033,9.737354096182527,14
1545040,9.881170241879813,7
1545047,9.879192187805968,7
1545052,9.917595710701567,5
1545053,9.992212419120294,1
1545055,9.969981056929655,2
1545058,9.944074119132996,3
1545064,9.903597312233181,6
1545085,9.583739553442784,21
1545098,9.775851903101172,13
1545104,9.884172545350157,6
1545120,9.538242739229505,16
1545121,10.0,1
1545133,9.776398104441007,12
1545141,9.856263642760748,8
1545143,9.981760124455866,2
1545155,9.73362346178583,12
1545160,9.90280590651741,5
1545164,9.34034894066612,4
1545179,9.674336256824228,15
1545187,9.851805859992066,8
1545193,9.892516192886125,6
1545207,9.705490455563732,14
1545219,9.724706331848093,12
1545237,9.669172251973807,18
1545246,9.82119670075223,9
1545256,9.78437212066965,10
1545261,9.91366303924021,5
1545267,9.887636579048147,6
1545271,9.940804180531012,4
1545283,9.736808288942067,12
1545290,9.873070228997628,7
1545291,10.0,1
1545303,9.735993190329642,12
1545314,9.771678871321702,11
1545329,9.698752080964633,15
1545343,9.734695545162062,14
1545344,9.996974827373522,1
1545363,9.592090657794563,19
1545372,9.814046751624929,9
1545388,9.66362769413071,16
1545456,8.82019823192384,68
1545464,9.88057747748252,8
1545475,9.817973072421609,11
1545488,9.726255642381206,13
1545497,9.828065997603757,9
1545511,9.68132007132948,14
1545523,9.744945611684066,12
1545525,9.986357990961357,2
1545537,9.760039218560314,12
1545553,9.701960026228758,16
1545564,9.75604795400383,11
1545572,9.879657591339097,8
1545573,10.0,1
1545582,9.815616998751443,9
1545583,10.0,1
1545591,9.848924615049231,8
1545605,9.704102883021246,14
1545621,9.626612701993066,16
1545628,9.8641915157182,7
1545635,9.879824605456307,7
1545641,9.893721979207598,6
1545646,9.918049050989161,5
1545654,9.831533536121736,8
1545663,9.801935842864562,9
1545664,10.0,1
1545672,9.87079381683466,8
1545675,9.949256317299628,3
1545676,10.0,1
1545688,9.726024356988246,12
1545696,9.875750196321688,8
1545702,9.900345902710503,6
1545717,9.653118082036228,15
1545733,9.65076880526164,16
1545738,9.915008347665381,5
1545746,9.838615082735304,8
1545747,10.0,1
1545755,9.863833579538872,8
1545758,9.961001595926795,3
1545771,9.723218265107722,13
1545775,9.933121972984253,4
1545789,9.680425868392664,14
1545792,9.950305119822005,3
1545793,10.0,1
1545808,9.690903217691533,15
1545817,9.796612340645858,9
1545829,9.738966686046378,12
1545841,9.769346420801876,12
1545844,9.949476413592418,3
1545851,9.870613018734803,7
1545861,9.77468374221469,10
1545870,9.817889018902523,9
1545871,10.0,1
1545884,9.716480071133633,13
1545897,9.55012664745102,13
1545903,9.90895689261243,6
1545908,9.908953535854504,5
1545915,9.851206756182691,7
1545916,9.992137066764558,1
1545920,9.9450581909325,4
1545930,9.787231122704965,10
1545938,9.848744122456196,8
1545948,9.81610961722413,10
1545956,9.825480432457999,8
1545957,10.0,1
1545960,9.96742399124349,3
1545976,9.689217850597842,16
1545979,9.946889897292202,3
1545986,9.855503270970194,7
1545996,9.802269201351134,10
1546012,9.672766029899073,16
1546031,9.570118168830044,19
1546042,9.553604388076321,11
1546057,9.689527040334495,15
1546086,9.375196004931116,29
1546104,9.617050114851502,18
1546121,9.653487000967955,17
1546125,9.948726311254642,4
1546131,9.896115855186444,6
1546285,-2.439975516956352,154
1546295,9.792660428249599,10
1546300,9.912016582230692,5
1546309,9.646138116000042,9
1546311,9.985102083749467,2
1546320,9.847207773473162,9
1546327,9.872566994651685,7
1546337,9.790919270041323,10
1546341,9.939369862535285,4
1546355,9.636812582811872,14
1546365,9.801196313088536,10
1546377,9.730493026257113,12
1546381,9.940557775583349,4
1546389,9.752934048293666,8
1546401,9.792776038738943,12
1546419,9.636042765270874,18
1546431,9.730432353118932,12
1546432,10.0,1
1546447,9.705639063053622,15
1546466,9.664464065994904,19
1546476,9.785111400102016,10
1546477,10.0,1
1546502,8.929096032324404,25
1546518,9.638608279627094,16
1546530,9.729912100781409,12
1546927,1.566957596329992,397
1546943,9.257639838266009,16
1546949,9.900898188528627,6
1546965,9.682904374206997,16
1546972,9.88422707820844,7
1546982,9.793645465855418,10
1546993,9.782542919668638,11
1547008,9.62051917394571,15
1547016,9.843366287853275,8
1547025,9.632216810404408,9
1547032,9.884911100070868,7
1547042,9.774331028112124,10
1547053,9.753962028555668,11
1547073,9.472270299059215,20
1547078,9.92225013206139,5
1547082,9.940938294427978,4
1547092,9.782828763135528,10
1547099,9.851123933918378,7
1547100,9.996168599358453,1
1547105,9.930791036523877,5
1547118,9.69180297958314,13
1547138,9.263146312811331,20
1547145,9.875168202896688,7
1547178,9.270629221728148,33
1547202,9.406316701189537,24
1547206,9.951753734760015,4
1547227,9.570355190215363,21
1547238,9.787369773059226,11
1547249,9.828022335223771,11
1547266,9.648470634100644,17
1547276,9.838742705381694,10
1547279,9.956856985255442,3
1547293,9.749522797869757,14
1547294,10.0,1
1547295,10.0,1
1547300,9.931911814691803,5
1547309,9.814395494571821,9
1547313,9.933667973419825,4
1547324,9.77244042579257,11
1547336,9.721621033102654,12
1547363,8.872105020342595,27
1547375,9.770990263764586,12
1547391,9.693258241391156,16
1547402,9.783240376860824,11
1547420,8.94650268782224,18
1547431,9.79153862096292,11
1547432,10.0,1
1547438,9.876114572705381,6
1547450,9.687746131320937,12
1547455,9.91151542242244,5
1547460,9.919102681994705,5
1547468,9.859001416311358,8
1547479,9.764515082007636,11
1547492,9.715300287213156,13
1547503,9.772662908120928,11
1547519,9.650937257626296,16
1547526,9.867282440447761,7
1547535,9.811952613671595,9
1547544,9.827245215513498,9
1547553,9.830719863791622,9
1547564,9.573408035036923,11
1547577,9.67862288838819,13
1547585,9.829910984708432,8
1547597,9.729629889303247,12
1547627,9.425966386441715,30
1547638,9.775627634457098,11
1547644,9.874047433320792,6
1547645,9.996514651306319,1
1547657,9.762583260369153,12
1547667,9.838637420635491,10
1547668,9.993151527866306,1
1547680,9.72137052106982,12
1547691,9.784331180893869,11
1547693,9.969046835734929,2
1547694,10.0,1
1547704,9.785747698834223,10
1547710,9.879951054158319,6
1547730,9.582673192364805,20
1547739,9.831294352446989,9
1547740,10.0,1
1547748,9.856460203460923,8
1547765,9.631655546708622,17
1547773,9.87554870241432,8
1547780,9.864219581673911,7
1547796,9.6685501814318,16
1547800,9.929026236026914,4
1547807,9.861087743960239,7
1547813,9.916777682680364,6
1547823,9.817974054615167,10
1547830,9.88597757678971,7
1547835,9.921661333328553,5
1547840,9.91763030699808,5
1547853,9.71858323376686,13
1547864,9.758270402385385,11
1547876,9.726852520774791,12
1547886,9.78888380171865,10
1547896,9.818028151931378,10
1547906,9.803313085453322,10
1547924,9.665803713303474,18
1547936,9.7479669527322,12
1547942,9.896345201808417,6
1547949,9.870069221669901,7
1547956,9.886365498686336,7
1547968,9.738679075335286,12
1547973,9.909564971199776,5
1547993,9.5438593044406,20
1547996,9.955761567867722,3
1547997,10.0,1
1548001,9.918001954354505,4
1548008,9.888077522441485,7
1548022,9.725855780307272,14
1548039,9.62506735422727,17
1548049,9.763387449293191,10
1548050,10.0,1
1548051,10.0,1
1548056,9.909281506896587,5
1548057,10.0,1
1548058,10.0,1
1548063,9.921625741094738,5
1548067,9.934229322557456,4
1548075,9.842840702142727,8
1548078,9.967851213048615,3
1548093,9.70373025291349,15
1548105,9.742182907428598,12
1548106,10.0,1
1548114,9.845170419115455,8
1548134,9.374088436671503,20
1548135,10.0,1
1548151,9.604346737690404,16
1548158,9.875912349303057,7
1548170,9.772874700282156,12
1548181,9.760001964944571,11
1548194,9.748888939942642,13
1548214,9.45528553403512,20
1548218,9.940308961957658,4
1548228,9.838066773541938,10
1548244,9.619687392399735,16
1548257,9.722753735618651,13
1548275,9.671915285145355,18
1548292,9.613189302472088,17
1548300,9.847832269037639,8
1548301,9.996109759460984,1
1548314,9.717959706039858,13
1548320,9.897260376870616,6
1548324,9.931460981141727,4
1548336,9.779168526295209,12
1548349,9.76604227015907,13
1548364,9.656573378505938,15
1548377,9.755305836631061,13
1548388,9.763996686997034,11
1548400,9.737421057436931,12
1548407,9.876034008758591,7
1548421,9.69506346053441,14
1548435,9.77028023925334,14
1548449,9.750739266014584,14
1548475,9.475439728364517,26
1548496,9.574256871846156,21
1548510,9.73704216089369,14
1548524,9.700731716049923,14
1548527,9.959796224357227,3
1548533,9.8941079382278,6
1548546,9.736567994024245,13
1548560,9.697021132361124,14
1548573,9.753323350399548,13
1548588,9.648790394495816,15
1548595,9.889581880636003,7
1548619,9.399482641900956,24
1548637,9.584252888711902,18
1548642,9.929936274855127,5
1548655,9.737450625771581,13
1548671,9.666790998606736,16
1548679,9.836252607257217,8
1548689,9.799992692414788,10
1548700,9.760431978332472,11
1548701,10.0,1
1548704,9.959456054914709,3
1548717,9.73524649165034,13
1548729,9.719148278973003,12
1548737,9.840115434335424,8
1548747,9.788259438769979,10
1548759,9.712669289544491,12
1548768,9.796885779454712,9
1548769,10.0,1
1548776,9.863859664723911,7
1548785,9.821106216396581,9
1548802,9.648411869264642,17
1548821,9.596617834140975,19
1548829,9.857328893639373,8
1548844,9.735717934111605,15
1548860,9.614274310835226,16
1548865,9.908451864479067,5
1548877,9.781687390723649,12
1548886,9.79504470411672,9
1548887,9.991748816914996,1
1548912,9.547068019258258,25
1548913,10.0,1
1548925,9.765093586551691,12
1548935,9.77282801709133,10
1548946,9.81045374572605,11
1548950,9.928229221907433,4
1548960,9.82473504839561,10
1548966,9.877716070211799,6
1548967,9.989904690927364,1
1548969,9.980932242617977,2
1548982,9.776170720354656,13
1548992,9.827881227651654,10
1549008,9.574097386512841,16
1549009,10.0,1
1549021,9.392448476365958,12
1549028,9.883865166083778,7
1549046,9.605563988250136,18
1549048,9.984228555894896,2
1549052,9.93014295447101,4
1549068,9.721763802953856,16
1549083,9.682110801322352,15
1549096,9.74846898577758,13
1549100,9.934091709954634,4
1549114,9.714048302765413,14
1549124,9.776814302007441,10
1549131,9.86423752239179,7
1549145,9.713489016952318,14
1549157,9.725425187325593,12
1549175,9.611395588566767,18
1549186,9.756831527516479,11
1549191,9.70528777582524,5
1549206,9.650286306329637,15
1549227,9.278663096704642,21
1549238,9.746274774478145,11
1549244,9.889345643068854,6
1549248,9.943654538028238,4
1549256,9.661402877604033,8
1549257,10.0,1
1549265,9.866281902473649,8
1549273,9.856063830536874,8
1549285,9.727317298772135,12
1549290,9.919448653887372,5
1549291,10.0,1
1549306,9.682266697903367,15
1549314,9.846293255895137,8
1549331,9.617098232986844,17
1549345,9.664397501332612,14
1549349,9.950798057118254,4
1549359,9.794424152669926,10
1549366,9.867881331206256,7
1549379,9.71467476049254,13
1549389,9.831794495393666,10
1549393,9.939648507861152,4
1549394,10.0,1
1549402,9.854728844816002,8
1549411,9.84405522968055,9
1549421,9.807851265902615,10
1549435,9.681002943784145,14
1549441,9.891489882816586,6
1549454,9.732127743872164,13
1549463,9.84336781274999,9
1549467,9.946174829618357,4
1549473,9.910134457097243,6
1549476,9.963489214639466,3
1549490,9.700709558022066,14
1549507,9.6091456297585,17
1549521,9.66396276125943,14
1549528,9.873204397334984,7
1549533,9.926225713679965,5
1549541,9.860836384235078,8
1549555,9.6573186016295,14
1549566,9.759640618697594,11
1549575,9.835739452641931,9
1549583,9.851704329468289,8
1549597,9.70631439390431,14
1549616,9.563155567152583,19
1549629,9.733864966699354,13
1549637,9.819135976180542,8
1549647,9.838179472298702,10
1549653,9.88201325887199,6
1549666,9.729617898962205,13
1549680,9.751040015329108,14
1549690,9.807775437955723,10
1549726,9.305731262871955,36
1549737,9.737894616040538,11
1549756,9.590984639860554,19
1549768,9.742716157632955,12
1549776,9.832224107506553,8
1549777,10.0,1
1549791,9.743761630381341,14
1549808,9.641143246162118,17
1549835,9.280084837505424,27
1549842,9.843634274196031,7
1549857,9.629520921749945,15
1549870,9.782569100237282,13
1549878,9.828024861646302,8
1549891,9.713052940121845,13
1549904,9.75164255552908,13
1549917,9.732889845232267,13
1549927,9.782716272691504,10
1549930,9.970052563176909,3
1549939,9.808263451980133,9
1549950,9.448479037862908,11
1549954,9.948528118844475,4
1549962,9.831603501702249,8
1549963,10.0,1
1549987,9.530596493126408,24
1550001,9.618461618226103,14
1550002,10.0,1
1550015,9.71507846140617,13
1550028,9.597034695013853,13
1550033,9.930613583227547,5
1550036,9.962222104690142,3
1550052,9.627764356196431,16
1550064,9.771548060023838,12
1550067,9.954892679526932,3
1550073,9.901264450671006,6
1550074,9.987280486685908,1
1550086,9.75311464414515,12
1550100,9.660633629495058,14
1550114,9.696021999924996,14
1550128,9.679966613564478,14
1550129,10.0,1
1550148,9.599087809117714,19
1550155,9.88141357861519,7
1550170,9.637145188112978,15
1550189,9.560080784518368,19
1550197,9.845309017891662,8
1550202,9.91825563674778,5
1550203,10.0,1
1550207,9.93636169692701,4
1550208,10.0,1
1550221,9.738694873449651,13
1550225,9.955866284530622,4
1550226,10.0,1
1550239,9.716088412424163,13
1550246,9.855463552391445,7
1550256,9.77962572909752,10
1550271,9.640903416321166,15
1550276,9.926385361320877,5
1550285,9.837273926592085,9
1550297,9.728531231034399,12
1550308,9.776186967522792,11
1550319,9.779465912720713,11
1550329,9.81673697338512,10
1550330,10.0,1
1550342,9.731209756036959,12
1550353,9.772643857483272,11
1550370,9.654480664959177,17
1550379,9.793093832799297,9
1550397,9.644064845732366,18
1550406,9.834166189734225,9
1550416,9.793772292310909,10
1550425,9.820625883749248,9
1550429,9.933459334959572,4
1550437,9.832097572633648,8
1550447,9.796615830691344,10
1550455,9.886383676895393,8
1550463,9.851178983290367,8
1550499,9.34854247221363,36
1550509,9.773678115812519,10
1550516,9.864765221716883,7
1550518,9.97786895467213,2
1550524,9.891896855050819,6
1550525,10.0,1
1550541,9.675285053973203,16
1550556,9.679410321249371,15
1550571,9.539748400629234,15
1550583,9.754512592663444,12
1550592,9.824177525586526,9
1550600,9.868113967207519,8
1550613,9.720866748552137,13
1550632,9.461832024642048,19
1550649,9.632960829772445,17
1550650,10.0,1
1550655,9.918676709875898,5
1550667,9.729703839007943,12
1550675,9.858665356221529,8
1550679,9.9366276994166,4
1550689,9.81980255187164,10
1550697,9.859662637166187,8
1550713,9.625911823342127,16
1550721,9.832118685497294,8
1550735,9.742221450285426,14
1550741,9.908017679443448,6
1550745,9.941702866673422,4
1550753,9.868498595060277,8
1550763,9.836074169728088,10
1550765,9.97616030234288,2
1550771,9.886849079000351,6
1550780,9.80977747104705,9
1550791,9.809925186845524,11
1550805,9.703206081152807,14
1550818,9.710705634238204,13
1550828,9.79163064572762,10
1550834,9.908972318575366,6
1550858,9.296966752466261,24
1550865,9.869872150280253,7
1550875,9.798052052262296,10
1550898,9.412219645889309,23
1550912,9.680521055410194,14
1550928,9.614806531525623,16
1550937,9.819909917913773,9
1550943,9.89113535061191,6
1550954,9.80703011467712,11
1550961,9.870410616085746,7
1550964,9.95752841186959,3
1550969,9.910197941464219,5
1550985,9.676830955948581,16
1550995,9.799352978165189,10
1551013,9.650340366983476,18
1551018,9.924653724727188,5
1551039,7.769038528085321,21
1551044,9.918190137172285,5
1551062,9.63194257505842,18
1551079,9.6409411575735,17
1551088,9.833018826160838,9
1551096,9.831690201349694,8
1551104,9.866292953546184,8
1551105,10.0,1
1551115,9.776219210773695,10
1551126,9.792295188538867,11
1551131,9.93490639534675,5
1551141,9.792307513135622,10
1551148,9.892251828391936,7
1551154,9.886800802181337,6
1551158,9.927780229691168,4
1551166,9.85082803408204,8
1551167,10.0,1
1551168,10.0,1
1551169,9.996158223854392,1
1551180,9.762455463316595,11
1551187,9.857359194758976,7
1551194,9.879107371070658,7
1551220,9.457294412205295,26
1551230,9.832093032599545,10
1551241,9.779507623929465,11
1551254,9.714731406604173,13
1551262,9.826803723187348,8
1551263,10.0,1
1551286,4.82516804368361,23
1551304,9.466421907374224,18
1551309,9.924907241612013,5
1551325,9.02198749053585,16
1551334,9.818247356320308,9
1551347,9.757969515529089,13
1551358,9.760221421911208,11
1551369,9.738954480425349,11
1551380,9.766250962263411,11
1551388,9.84047062562271,8
1551390,9.978164261468457,2
1551399,9.802586210135692,9
1551410,9.769137969027016,11
1551428,9.599319437781926,18
1551440,9.712905102598183,12
1551441,10.0,1
1551453,9.735429890870485,12
1551497,9.088180879710212,44
1551507,9.801644953555666,10
1551518,9.785871747317852,11
1551527,9.83933827398856,9
1551537,9.793426880403388,10
1551547,9.796273403801278,10
1551559,9.728032043942425,12
1551572,9.707949614500773,13
1551599,9.227596626619093,27
1551607,9.867074309302911,8
1551615,9.858457896449941,8
1551623,9.874506783351533,8
1551632,9.810527031586307,9
1551662,9.41172620589028,30
1551669,9.853698063720131,7
1551682,9.701941181612991,13
1551692,9.810349806317287,10
1551697,9.917637856748396,5
1551708,8.75851363390008,11
1551713,9.933726552533063,5
1551725,9.776223556034942,12
1551741,9.679445043399436,16
1551769,5.3961283146374734,28
1551776,9.872352725515707,7
1551788,9.75188170909535,12
1551791,9.966523897607258,3
1551799,9.868653005953803,8
1551811,9.734887108023154,12
1551828,9.649527081054698,17
1551835,9.871379492911236,7
1551843,9.843411305276623,8
1551862,9.576766491308083,19
1551872,9.79172649287263,10
1551881,9.818223195284228,9
1551888,9.893101705471183,7
1551899,9.755264289983039,11
1551900,10.0,1
1551913,9.728420713025935,13
1551959,9.058241198353143,46
1551966,9.865972541273347,7
1551979,9.731169845425873,13
1551980,10.0,1
1551981,10.0,1
1551993,9.7479165088809,12
1552006,9.688040132134558,13
1552020,9.680149815312841,14
1552032,9.758267890698123,12
1552033,10.0,1
1552040,9.87564317221756,7
1552054,9.616446543427692,14
1552055,9.989672546916834,1
1552073,9.644861512872085,18
1552074,10.0,1
1552079,9.924618153375729,5
1552090,9.758096997809247,11
1552096,9.903475504291112,6
1552103,9.866313509180307,7
1552117,9.68203917724013,14
1552122,9.922537816174424,5
1552133,9.836594787896479,11
1552160,9.291162141729666,27
1552181,9.316434745795096,21
1552190,9.833732012981264,9
1552197,9.776331177704543,7
1552198,10.0,1
1552205,9.879602318000657,7
1552206,9.996183549870553,1
1552207,9.988694698586944,1
1552219,9.565990473749778,12
1552220,10.0,1
1552221,9.996396723526358,1
1552226,9.928131856007207,5
1552243,9.063084247152272,17
1552253,9.796203140635768,10
1552254,10.0,1
1552263,9.836349931314244,9
1552268,9.905662576724586,5
1552269,10.0,1
1552279,9.797818207492055,10
1552281,9.975000486061258,2
1552291,9.820032278724758,10
1552298,9.87551080277296,7
1552317,9.600875837716735,19
1552335,9.645285901508696,18
1552349,9.703075025651295,14
1552354,9.90933117036878,5
1552372,9.619660743664653,18
1552382,9.802201329822195,10
1552390,9.882104506638806,8
1552393,9.953783334426655,3
1552396,9.959056584671025,3
1552404,9.828528569241012,8
1552416,9.796409182666139,12
1552419,9.97137575273913,3
1552434,9.683777105132156,15
1552445,9.769124103748073,11
1552453,9.841984664994351,8
1552467,9.698649300845561,14
1552468,10.0,1
1552474,9.904249299783885,6
1552475,9.993285994621337,1
1552495,9.632740864613163,20
1552497,9.979406713682009,2
1552503,9.897573369128827,6
1552516,9.727173995392073,13
1552527,9.777249404685724,11
1552561,9.397245119610103,34
1552562,9.996743614954399,1
1552584,9.537776940309955,22
1552598,9.670805026909216,14
1552604,9.89308076131938,6
1552616,9.769622953047975,12
1552619,9.964757519521234,3
1552628,9.846096615942995,9
1552641,9.711741086960801,13
1552646,9.9142768206192,5
1552660,9.752227977609984,14
1552670,9.78904217324231,10
1552673,9.95241138450729,3
1552679,9.591704353227074,6
1552688,9.80287964911634,9
1552703,9.717264593146787,15
1552707,9.951909055212052,4
1552723,9.645544569325283,16
1552724,9.996616388966839,1
1552747,8.7999938015697,23
1552752,9.906994179067244,5
1552757,9.919764823608595,5
1552762,9.913405188610952,5
1552770,9.832407788634518,8
1552779,9.813863302098582,9
1552797,9.577990265376789,18
1552804,9.90595426649798,7
1552830,9.434593769981811,26
1552847,9.609854293079481,17
1552861,9.673289175136246,14
1552873,9.72698730991971,12
1552891,9.582125749552214,18
1552899,9.823068049900625,8
1552907,9.853409499583472,8
1552910,9.968248144307093,3
1552928,9.60895518314346,18
1552935,9.875539614969327,7
1552940,9.901226734525574,5
1552955,9.681994613886697,15
1552969,9.733345656396661,14
1552977,9.85530442808319,8
1552985,9.832837191746007,8
1552992,9.87685168490948,7
1552993,10.0,1
1553006,9.70219155581857,13
1553011,9.916305067471535,5
1553012,9.992393488275113,1
1553016,9.947277750975877,4
1553032,9.66830238944488,16
1553039,9.883688760417748,7
1553057,6.106161329769116,18
1553058,10.0,1
1553077,9.666324632331303,19
1553084,9.842762206643728,7
1553095,9.808913681175696,11
1553111,9.619169149638356,16
1553122,9.761252675495513,11
1553130,9.849920482992223,8
1553146,9.628969674305157,16
1553155,9.79577681304964,9
1553172,9.595531390986105,17
1553185,9.729615105973489,13
1553190,9.926185290906634,5
1553199,9.811178797454094,9
1553215,9.659991728551464,16
1553227,9.747280280078504,12
1553243,9.708408484375013,16
1553244,9.992965826698327,1
1553256,9.7390687868131,12
1553271,9.630027549481822,15
1553274,9.959979050228105,3
1553279,9.925627896555378,5
1553288,9.812821133591822,9
1553289,9.989169414278294,1
1553296,9.861270357603185,7
1553299,9.957876768773623,3
1553308,9.83633813667058,9
1553338,9.344885293425579,30
1553347,9.836725737646525,9
1553350,9.963718476823693,3
1553359,9.817277089878743,9
1553373,9.68488562138683,14
1553382,9.827976321640417,9
1553388,9.890367786474428,6
1553393,9.919099018625873,5
1553394,10.0,1
1553409,9.625427626191525,15
1553418,9.839422869298264,9
1553430,9.774495905779702,12
1553437,9.885918640034898,7
1553450,9.708211351236901,13
1553457,9.897866281569229,7
1553479,9.473691003339887,22
1553483,9.93185952507544,4
1553495,9.747167698918824,12
1553504,9.813692559084345,9
1553512,9.824351287525275,8
1553523,9.720004807124539,11
1553543,9.558175205010416,20
1553544,10.0,1
1553561,9.720813793910047,17
1553569,9.852967714215762,8
1553575,9.898541899567805,6
1553590,9.679245466110508,15
1553596,9.89690285079018,6
1553609,9.68753943147261,13
1553620,9.777102794199704,11
1553634,9.705660590204612,14
1553635,10.0,1
1553650,9.62153090728312,15
1553671,9.618099521076712,21
1553677,9.877987478226558,6
1553684,9.879013209650546,7
1553704,9.550291823258144,20
1553708,9.938499121073702,4
1553718,9.79122053283083,10
1553719,9.99646973859896,1
1553726,9.866706437451864,7
1553745,9.57583486833485,19
1553757,9.77229409741069,12
1553772,9.675069558106577,15
1553777,9.916884891835645,5
1553791,9.694861189816127,14
1553812,9.560667823000784,21
1553824,9.734593111025633,12
1553830,9.887683879532702,6
1553836,9.898104326149921,6
1553846,8.630212332603872,10
1553847,9.995991778624202,1
1553863,9.6347768858913,16
1553872,9.828708850668395,9
1553877,9.707479940417716,5
1553887,9.784838425528873,10
1553894,9.867662278208579,7
1553918,9.416697729703694,24
1553927,9.809405591034105,9
1553938,9.750549172712171,11
1553939,10.0,1
1553951,9.762632447684402,12
1553952,10.0,1
1553959,9.8768666708104,7
1553960,10.0,1
1553965,9.916319645760616,5
1553979,9.672775439170872,14
1553996,9.625049114847444,17
1554008,9.737189962838862,12
1554023,9.723166733526275,15
1554031,9.866335936720128,8
1554041,9.765690784930692,10
1554042,10.0,1
1554043,10.0,1
1554046,9.956055704992384,3
1554058,9.737578564878646,12
1554062,9.94343401687271,4
1554063,10.0,1
1554073,9.787730361492066,10
1554079,9.906033538764943,6
1554092,9.731522438918965,13
1554106,9.649279397842074,14
1554117,9.74837611983259,11
1554123,9.898940242052666,6
1554134,9.775283832575312,11
1554145,9.775497689427768,11
1554171,9.43124414695581,26
1554241,8.73019292497264,70
1554251,9.79045702942243,10
1554261,9.789909876192647,10
1554264,9.960663167394271,3
1554270,9.903355779308438,6
1554282,9.75829881494094,12
1554295,9.707492410760743,13
1554311,9.660633886158617,16
1554316,9.923259636667707,5
1554326,9.78289576241992,10
1554327,10.0,1
1554338,9.786417023225752,11
1554343,9.920612748938701,5
1554356,9.749789199855991,13
1554367,9.772047340440986,11
1554379,9.75604259169939,12
1554402,9.581479152473149,23
1554406,9.942141032498519,4
1554412,9.903041845446078,6
1554420,9.855872003189024,8
1554421,10.0,1
1554433,9.747368322688494,12
1554445,9.744713360315496,12
1554460,9.675554618372963,15
1554469,9.811776201704202,9
1554481,9.772976187953372,12
1554487,9.895653031022304,6
1554495,9.7866192418115,8
1554517,9.459228381974969,22
1554518,10.0,1
1554530,9.763090650412712,12
1554538,9.830675378199643,8
1554558,9.567295934579198,20
1554570,9.732682133633912,12
1554580,9.815216350709319,10
1554581,10.0,1
1554582,10.0,1
1554592,9.791065705330299,10
1554602,9.587219457401094,10
1554607,9.917090295824307,5
1554620,9.762386038803472,13
1554629,9.817226547255245,9
1554633,9.93531160515824,4
1554647,9.740080013576007,14
1554653,9.911851035328965,6
1554667,9.655990304243689,14
1554673,9.880442287471302,6
1554682,9.815501711060485,9
1554696,9.757772136350734,14
1554710,9.571997409095669,14
1554717,9.873353458478073,7
1554732,9.697050622665959,15
1554739,9.875861757298903,7
1554746,9.877541965586403,7
1554755,9.848082555860067,9
1554784,9.50184441623973,29
1554797,9.722038917313714,13
1554804,9.858763477652419,7
1554811,9.875799764018222,7
1554819,9.853180101936227,8
1554826,9.867766169011576,7
1554835,9.805803901779363,9
1554857,9.508503390061142,22
1554861,9.949696720627518,4
1554875,9.696340615364264,14
1554885,9.834282548410869,10
1554901,9.557739555681522,16
1554906,9.934131980708942,5
1554912,9.88044875811152,6
1554928,9.632124274485596,16
1554937,9.847773792649626,9
1554954,9.609243279021243,17
1554957,9.960471170113317,3
1554958,10.0,1
1554967,9.812035438344038,9
1554984,9.177674342081298,17
1554991,9.895181820888174,7
1555002,9.765839880129288,11
1555006,9.942472944021311,4
1555026,9.555218262172103,20
1555036,9.807291748752418,10
1555040,9.940500459147064,4
1555052,9.746063070400597,12
1555059,9.850458771427794,7
1555060,9.99660882248464,1
1555070,9.80060991149479,10
1555083,9.718293602934265,13
1555093,9.79029452363979,10
1555105,9.750379386572419,12
1555110,9.923942125709582,5
1555117,9.86120190730919,7
1555122,9.913469553806976,5
1555123,9.996530287377448,1
1555132,9.82889354357644,9
1555133,10.0,1
1555142,9.815387309058085,9
1555153,9.745926355678364,11
1555163,9.810388413828813,10
1555171,9.873578257069669,8
1555183,9.72481424883358,12
1555193,9.795011751579906,10
1555204,9.777831561875713,11
1555215,9.772526634667958,11
1555223,9.85107579255671,8
1555233,9.784743975065156,10
1555241,9.85816827080168,8
1555247,9.879517675452744,6
1555252,9.904563547391186,5
1555266,9.674255568285304,14
1555281,9.688940980218554,15
1555292,9.786118857158153,11
1555293,10.0,1
1555311,9.603682577424618,18
1555318,9.895382691355653,7
1555333,9.681188556698409,15
1555347,9.687382245699752,14
1555357,9.693462041023375,10
1555358,10.0,1
1555359,10.0,1
1555367,9.873444207761809,8
1555385,9.670327940035621,18
1555394,9.851391949627908,9
1555402,9.859053545423135,8
1555421,9.522751341088364,19
1555429,9.84285183097037,8
1555440,9.753034682090668,11
1555466,9.451969136316702,26
1555478,9.746521351419979,12
1555486,9.848265738366015,8
1555505,9.666287506310471,19
1555515,9.82208378178277,10
1555519,9.928470318432156,4
1555532,9.73116420129212,13
1555554,9.089905411734634,22
1555564,9.802896324751858,10
1555577,9.739189990637671,13
1555578,9.996283089155611,1
1555598,9.518874160880706,20
1555599,10.0,1
1555606,9.842689077898239,7
1555619,9.71603120712533,13
1555630,9.797531416971896,11
1555640,9.772104273139838,10
1555649,9.827137692758797,9
1555656,9.876773202497859,7
1555676,9.544562220761186,20
1555688,9.74011195175295,12
1555696,9.851729197817669,8
1555709,9.792285715226413,13
1555720,9.780770028765014,11
1555729,9.821468376267953,9
1555736,9.854664877751675,7
1555753,9.709972013437563,17
1555754,10.0,1
1555768,9.702233528465092,14
1555780,9.822066665629615,12
1555790,9.774744463970382,10
1555791,10.0,1
1555803,9.76544349639011,12
1555826,9.517756779345927,23
1555832,9.886833425907724,6
1555847,9.685374232556601,15
1555858,9.761909918767499,11
1555875,9.639523796631796,17
1555886,9.789028570679717,11
1555892,9.903815502609005,6
1555898,9.896499301535059,6
1555911,9.708031479460622,13
1555918,9.868887655393822,7
1555922,9.927214360822827,4
1555923,10.0,1
1555924,9.992461060814852,1
1555931,9.908203940830145,7
1555947,9.65481847078762,16
1555950,9.970307209811102,3
1555958,9.842794418262184,8
1555968,9.769584341009224,10
1555969,10.0,1
1555978,9.799963411311365,9
1555990,9.729444897566053,12
1555998,9.871638184375094,8
1555999,9.98948417320021,1
1556015,9.607085527425067,16
1556025,9.608807006986185,10
1556030,9.9293551725226,5
1556043,9.740605830336062,13
1556058,9.658156683146442,15
1556068,9.772244987931632,10
1556070,9.974203009891019,2
1556071,10.0,1
1556086,9.668340741420144,15
1556091,9.91788302381804,5
1556106,9.664067474045861,15
1556112,9.906689869641129,6
1556119,9.886702314187772,7
1556134,9.672581590249122,15
1556146,9.742885762594142,12
1556153,9.868546374362747,7
1556157,9.947049656765053,4
1556166,9.839094644287451,9
1556184,9.659884791460815,18
1556193,9.848196284183187,9
1556207,9.70250576794063,14
1556215,9.838763814444293,8
1556239,9.4484357713749,24
1556246,9.854319680677978,7
1556256,9.81885780765975,10
1556266,9.81160450805426,10
1556277,9.742285985080933,11
1556278,10.0,1
1556286,9.840480939137757,8
1556302,9.632687470905047,16
1556315,9.71455306222181,13
1556345,9.234041308043553,30
1556350,9.914370585366838,5
1556364,9.684183536979015,14
1556377,9.738062582336916,13
1556383,9.90903103065008,6
1556387,9.935098216431811,4
1556399,9.73504531921449,12
1556409,9.781999653473008,10
1556416,9.844343234782396,7
1556427,9.806386069088333,11
1556436,9.841167431272186,9
1556445,9.825509168457975,9
1556446,10.0,1
1556457,9.82381837526464,11
1556461,9.93971404523328,4
1556475,9.661094354100424,14
1556484,9.804665416397487,9
1556502,9.644215126509163,18
1556503,9.996092854379036,1
1556517,9.708737688193187,14
1556528,9.794788754504687,11
1556529,10.0,1
1556537,9.627747917288488,8
1556554,9.677656346051783,17
1556570,9.63748225735637,16
1556579,9.826794332446903,9
1556602,9.514233846070049,23
1556638,2.236031040901671,36
1556640,9.970418135201193,2
1556646,9.891445147188216,6
1556652,9.90652149652194,6
1556661,9.829438559755188,9
1556672,9.73895301772832,11
1556682,9.836921571621714,10
1556687,9.923023656121794,5
1556715,8.960909054628768,28
1556723,9.832292739181993,8
1556745,9.563732227384833,22
1556749,9.945866911313484,4
1556752,9.970895432631677,3
1556768,9.64195603818977,16
1556778,9.812633740220278,10
1556781,9.959104930301873,3
1556791,9.780446512685382,10
1556802,9.831063817749401,11
1556818,9.612291536919075,16
1556827,9.842397910818093,9
1556850,9.504693188781593,23
1556859,9.823963386242806,9
1556865,9.893445129927855,6
1556869,9.93454777119201,4
1556880,9.784810740397077,11
1556885,9.894196207464194,5
1556901,9.637823203203101,16
1556915,9.695280808569022,14
1556916,10.0,1
1556926,9.787764322587257,10
1556928,9.980403815051679,2
1556950,9.592988081796612,22
1556977,9.322300034688853,27
1556984,9.861482307724893,7
1556995,9.759279952076708,11
1557009,9.717429252299373,14
1557020,9.792484428692843,11
1557025,9.914622051323983,5
1557026,10.0,1
1557031,9.929108400538965,5
1557050,9.121410610432958,19
1557061,9.6115442940955,11
1557074,9.690252415910141,13
1557082,9.843750606645072,8
1557085,9.964379849337957,3
1557086,10.0,1
1557095,9.804811741845857,9
1557107,9.724428446979482,12
1557111,9.934847368367674,4
1557125,9.718726196067463,14
1557158,2.429223577039026,33
1557169,9.581678800650153,11
1557191,8.644197989469031,22
1557201,9.77560123691484,10
1557210,9.797058785680987,9
1557220,9.786780081920355,10
1557228,9.836122932384571,8
1557234,9.884097691032531,6
1557235,10.0,1
1557240,9.913162142427165,5
1557244,9.94327466395846,4
1557258,9.7233230523899,14
1557273,9.64688878664895,15
1557275,9.774670132004816,2
1557288,9.723785818089189,13
1557292,9.941372479670344,4
1557307,9.666441914720194,15
1557320,9.704180546319277,13
1557328,9.85096896138934,8
1557342,9.66421017262045,14
1557349,9.863063975660877,7
1557353,9.929928491732824,4
1557360,9.877064970531844,7
1557380,9.508797026199879,20
1557390,9.7791989044663,10
1557397,9.869248398887915,7
1557408,9.763319447002093,11
1557421,9.701307278779575,13
1557424,9.963253834048285,3
1557437,9.701390920020549,13
1557444,9.8602842015713,7
1557447,9.954561596321929,3
1557455,9.828196728235513,8
1557468,9.719968258542313,13
1557483,9.6617632803801,15
1557490,9.887997522980283,7
1557496,9.889568529673827,6
1557521,9.496336512240571,25
1557532,9.758999605082579,11
1557536,9.938593395198728,4
1557538,9.981840513525942,2
1557547,9.837929669602804,9
1557563,9.628725880548728,16
1557564,10.0,1
1557568,9.94582315353813,4
1557572,9.938296119021096,4
1557573,10.0,1
1557593,9.608000481038726,20
1557602,9.814638833591369,9
1557612,9.787058486741534,10
1557619,9.868278066643331,7
1557620,10.0,1
1557634,9.58865599289655,14
1557643,9.848323521416905,9
1557651,9.86332364004881,8
1557661,9.807414377953116,10
1557668,9.886314717655923,7
1557676,9.728622839737659,8
1557688,9.735068874925874,12
1557694,9.907799145380407,6
1557699,9.927124422126685,5
1557708,9.791702176553807,9
1557724,9.726244829534263,16
1557738,9.664659147952191,14
1557743,9.919685742571982,5
1557744,10.0,1
1557754,9.790624549593794,10
1557761,9.868021365922328,7
1557774,9.726169278473723,13
1557781,9.873773039355727,7
1557787,9.891706722981139,6
1557798,9.753073518315293,11
1557803,9.923188347305945,5
1557811,9.854965493390106,8
1557820,9.817263772385319,9
1557821,10.0,1
1557838,9.627039481637789,17
1557850,9.756432619032955,12
1557856,9.786880879466773,6
1557874,9.6280643065776,18
1557880,9.915821450292102,6
1557881,10.0,1
1557887,9.881378241472701,6
1557893,9.903337565619385,6
1557896,9.967468762257194,3
1557897,10.0,1
1557904,9.87444934021468,7
1557908,9.9394372129063,4
1557923,9.657267391477173,15
1557934,9.814537832556766,11
1557943,9.826597839183668,9
1557958,9.696308436606802,15
1557962,9.9227258687739,4
1557977,9.689743068960778,15
1557992,9.663120679681088,15
1558002,9.787591780373901,10
1558021,9.55017333910846,19
1558032,9.769667282609484,11
1558048,9.692347054983637,16
1558069,9.566159051516058,21
1558085,9.66243915660771,16
1558091,9.902027483509503,6
1558102,9.734508671528543,11
1558110,9.859203071388245,8
1558111,10.0,1
1558125,9.717807329274422,14
1558136,9.76831064796889,11
1558145,9.845827917272365,9
1558149,9.952920830628335,4
1558153,9.948211732379594,4
1558159,9.89461611668925,6
1558164,9.914191382903633,5
1558177,9.647372930946496,13
1558197,8.920850311644955,20
1558210,9.730182309219053,13
1558228,9.581893367356615,18
1558229,10.0,1
1558238,9.830705165205632,9
1558249,9.830903976453307,11
1558253,9.936356240188571,4
1558268,9.70385969154348,15
1558282,9.715488026759312,14
1558299,9.68294362360268,17
1558302,9.970252493281626,3
1558317,9.664233492462538,15
1558322,9.917480733503997,5
1558331,9.787430858588277,9
1558350,9.622778873646432,19
1558351,10.0,1
1558358,9.868634051042257,7
1558368,9.81570933433834,10
1558381,9.684270453832807,13
1558382,10.0,1
1558400,9.678540380561696,18
1558404,9.93101592980478,4
1558414,9.840454526162107,10
1558422,9.843296785989462,8
1558432,9.797982691837804,10
1558438,9.895723141843098,6
1558441,9.970715574947102,3
1558442,10.0,1
1558446,9.942790637489882,4
1558456,9.827856689650527,10
1558460,9.93986146408811,4
1558465,9.912255412437768,5
1558481,9.676988243448765,16
1558493,9.734153206440928,12
1558509,9.55740603817455,16
1558523,9.728162538255578,14
1558551,9.461074600118648,28
1558561,9.798281077422464,10
1558574,9.760207343232684,13
1558577,9.959492472079498,3
1558584,9.887263401846257,7
1558594,9.847201070042178,10
1558603,9.814520603863697,9
1558624,9.569277061272919,21
1558642,9.556131018974561,18
1558645,9.954822012936713,3
1558657,9.72315631795972,12
1558667,9.789187017450056,10
1558687,9.615000453750893,20
1558694,9.873579703811329,7
1558702,9.854494350100476,8
1558710,9.875675167525019,8
1558723,9.702412070163046,13
1558725,9.977754088759772,2
1558730,9.92119705108285,5
1558731,9.991837200239003,1
1558739,9.846484262820663,8
1558757,9.659317829222593,18
1558773,9.624292270475703,16
1558780,9.86308973693431,7
1558791,9.804545816579374,11
1558797,9.871255226687023,6
1558806,9.71798218152467,9
1558809,9.96005027145216,3
1558819,9.779333098880102,10
1558844,9.437459516520343,25
1558850,9.886455281965134,6
1558864,9.694631388201694,14
1558877,9.72253174650986,13
1558885,9.857205024707461,8
1558893,9.824180940306096,8
1558904,9.762240184635301,11
1558919,9.71424053797956,15
1558927,9.86548669398827,8
1558936,9.825359370360516,9
1558944,9.864441547473017,8
1558948,9.947611828315958,4
1558955,9.873436529453299,7
1558956,10.0,1
1558968,9.757555345523635,12
1558978,9.807445921530956,10
1558983,9.924167949827549,5
1558992,9.81092821801117,9
1559006,9.698137240674953,14
1559015,9.818662325163233,9
1559017,9.980378603174612,2
1559021,9.946601613063013,4
1559030,9.864754083945288,9
1559042,9.75187484833326,12
1559048,9.883108190613607,6
1559066,9.642199720936373,18
1559080,9.708237602473185,14
1559089,9.816426178392089,9
1559099,9.822083048894855,10
1559106,9.870186222255876,7
1559117,9.786555023585715,11
1559133,9.650300426771361,16
1559139,9.904796978685935,6
1559145,9.90926330891101,6
1559152,9.872233751277605,7
1559178,9.47353519434278,26
1559179,10.0,1
1559186,9.878442304535474,7
1559204,9.598533678558317,18
1559208,9.941056572645822,4
1559224,9.620840028407288,16
1559235,9.748994797884674,11
1559247,9.722871154325416,12
1559248,10.0,1
1559255,9.882228186600177,7
1559274,9.535083761878093,19
1559287,9.701261153691117,13
1559302,9.691485331373865,15
1559303,10.0,1
1559309,9.914388033089368,6
1559324,9.681532161148505,15
1559330,9.875774684084679,6
1559336,9.897000978357601,6
1559348,9.76622820844333,12
1559353,9.911992926968717,5
1559364,9.834257416859211,11
1559373,9.80709828593062,9
1559384,9.77569379192048,11
1559399,9.718558471522808,15
1559410,9.775004573443793,11
1559418,9.854378137116031,8
1559424,9.885724236977909,6
1559430,9.892801897650038,6
1559432,9.973411068610822,2
1559445,9.697918486980912,13
1559452,9.86736482372174,7
1559459,9.866808089816486,7
1559460,10.0,1
1559471,9.773200844634177,11
1559475,9.92162229714798,4
1559490,9.679992629771993,15
1559491,10.0,1
1559509,9.568433298211188,18
1559525,9.722365038781543,16
1559539,9.710829476617839,14
1559544,9.912640933119938,5
1559551,9.887860000697003,7
1559552,10.0,1
1559569,9.604021492355578,17
1559575,9.906841135848397,6
1559580,9.930969493598656,5
1559597,9.695304822793027,17
1559607,9.767601778364474,10
1559617,9.73473221249006,10
1559632,9.690679733528336,15
1559640,9.831301548094041,8
1559649,9.845535938779921,9
1559658,9.815878869457324,9
1559669,9.769252046865548,11
1559676,9.902075720231942,7
1559677,10.0,1
1559684,9.879072795285387,7
1559691,9.875849911736404,7
1559708,9.573716298374336,17
1559719,9.784749890688122,11
1559735,9.684888279250952,16
1559749,9.71499220401744,14
1559760,9.767073492467652,11
1559773,9.70438183017501,13
1559783,9.786418497836676,10
1559798,9.6751933786264,15
1559809,9.777452896331638,11
1559813,9.938512655651365,4
1559818,9.92007221937891,5
1559835,9.658431248697898,17
1559841,9.897465456095963,6
1559853,9.72154126107976,12
1559866,9.751704329392322,13
1559880,9.682137223895637,14
1559889,9.804237757365575,9
1559901,9.71731611468542,12
1559909,9.846644577300777,8
1559917,9.842728847343984,8
1559925,9.855180202002133,8
1559938,9.683432133581752,13
1559943,9.914954597865597,5
1559957,9.670607849332715,14
1559968,9.773232697430666,11
1559971,9.967699223390726,3
1559974,9.95572348295613,3
1559985,9.767940942884682,11
1559998,9.713688753303817,13
1560006,9.858964859864406,8
1560011,9.908777450821848,5
1560019,9.841789426993206,8
1560024,9.928033283128377,5
1560027,9.955909724543504,3
1560031,9.945987953397257,4
1560043,9.767584113760112,12
1560070,9.438400843980247,27
1560083,9.733638398893879,13
1560089,9.8886232713677,6
1560103,9.729439630648036,14
1560114,9.809797032267637,11
1560124,9.776846739218213,10
1560128,9.949575272364132,4
1560131,9.954408609110871,3
1560149,9.633733815926094,18
1560156,9.865823851356891,7
1560163,9.857313264701835,7
1560178,9.750462665585578,15
1560179,10.0,1
1560189,9.776969761038467,10
1560198,9.811435447718013,9
1560200,9.978933660145188,2
1560212,9.733689820355385,12
1560216,9.937624110201263,4
1560217,10.0,1
1560227,9.779564322776993,10
1560238,9.780731172451585,11
1560243,9.924591748882884,5
1560259,9.671791347459703,16
1560270,9.750127005172857,11
1560285,9.660034437802867,15
1560294,9.823075884807059,9
1560304,9.805089846329391,10
1560313,9.810975307996902,9
1560323,9.82866961652093,10
1560328,9.928241174558604,5
1560341,9.705582800806955,13
1560345,9.930649588089416,4
1560355,9.80264509349337,10
1560356,9.988428689546803,1
1560383,9.428509228016383,27
1560397,9.515728922907122,14
1560409,9.7477786330682,12
1560418,9.817497429825584,9
1560431,9.733780299244529,13
1560439,9.837309696533783,8
1560462,9.486213890289946,23
1560480,9.622656445978324,18
1560490,9.829980923962628,10
1560497,9.888225596447214,7
1560509,9.74231603794139,12
1560519,9.814462259965227,10
1560539,9.515993817775207,20
1560549,9.799782434603891,10
1560566,9.63002872248212,17
1560568,9.984719171140526,2
1560582,9.720160689958346,14
1560586,9.937926110160868,4
1560590,9.939220913626453,4
1560599,9.835107077444317,9
1560600,9.992406524562373,1
1560601,10.0,1
1560610,9.80682379367007,9
1560619,9.832394449429215,9
1560636,9.70217862380129,17
1560644,9.863720472152323,8
1560654,9.786279460860067,10
1560667,9.739198293293763,13
1560679,9.733882954014577,12
1560696,9.412217061964133,17
1560701,9.930871095170044,5
1560715,9.678078855705152,14
1560725,9.7834592183784,10
1560737,9.71688417204869,12
1560753,9.664928706468146,16
1560777,9.467918883799392,24
1560786,9.817387673601795,9
1560798,9.73202813000217,12
1560800,9.979002321190686,2
1560807,9.852442302117012,7
1560828,9.053995209936193,21
1560843,9.68639579584376,15
1560847,9.937995341842079,4
1560857,9.800592297851708,10
1560858,10.0,1
1560869,9.738963230858895,11
1560881,9.729068669794538,12
1560890,9.822115111088664,9
1560897,9.876013391090149,7
1560917,9.58826684445588,20
1560920,9.957459391666003,3
1560933,9.749859676003748,13
1560945,9.74531142877859,12
1560954,9.837954110238467,9
1560964,9.785299342678535,10
1560973,9.801521706160527,9
1560979,9.887475234810099,6
1560990,9.770410070757476,11
1561000,9.810935930038958,10
1561016,9.644011660123178,16
1561033,9.676896220254049,17
1561046,9.596430525642216,13
1561057,9.761929763986995,11
1561063,9.877115070047143,6
1561073,9.790261321861625,10
1561088,9.649325013448882,15
1561098,9.78127841025843,10
1561100,9.976493572879729,2
1561117,9.604324620453419,17
1561122,9.92242003214456,5
1561147,7.829932403506609,25
1561164,9.62034125479406,17
1561168,9.72864009447234,4
1561176,9.852653645205203,8
1561187,9.760462665198073,11
1561205,9.60817590082881,18
1561212,9.897666582884375,7
1561216,9.940621387230504,4
1561226,9.81007594563434,10
1561237,9.774887043650486,11
1561242,9.913215270358794,5
1561243,10.0,1
1561257,9.579049720005855,14
1561269,9.749772224281537,12
1561274,9.924245784025404,5
1561284,9.824303748761835,10
1561294,9.766749109076718,10
1561296,9.974029012259768,2
1561308,9.766108959118693,12
1561315,9.887647002811306,7
1561326,9.767929563177669,11
1561332,9.894194558605815,6
1561341,9.796990663093277,9
1561346,9.928675795024365,5
1561361,9.65615763944952,15
1561367,9.908627508499826,6
1561385,9.610531418302992,18
1561406,9.4795546863267,21
1561430,9.334781730889713,24
1561448,9.576437845194574,18
1561451,9.955486678685034,3
1561453,9.979026391137378,2
1561461,9.824090808190991,8
1561465,9.943342862533605,4
1561477,9.781426558109416,12
1561485,9.85602870155202,8
1561497,9.740593392698342,12
1561507,9.811723441040417,10
1561517,9.786986458155154,10
1561524,9.8582899611217,7
1561533,9.814361659409876,9
1561547,9.741564332021218,14
1561548,10.0,1
1561559,9.767273246351058,11
1561572,9.716673090701757,13
1561576,9.94614882873937,4
1561577,9.99646103375967,1
1561589,9.724484025506374,12
1561609,9.560271022818856,20
1561610,10.0,1
1561624,9.617725984731434,14
1561625,10.0,1
1561635,9.782507727641566,10
1561642,9.844201898818639,7
1561646,9.943627602119376,4
1561663,9.064854584484713,17
1561665,9.978027216033729,2
1561671,9.897101033202045,6
1561675,9.952752813596165,4
1561685,9.797228741530336,10
1561698,9.7296936427116,13
1561728,8.722591424575779,30
1561737,9.79995630442874,9
1561742,9.905567860291434,5
1561747,9.937253065822038,5
1561756,9.821971120955025,9
1561765,9.820762213352308,9
1561771,9.901237056003348,6
1561781,9.786754303138705,10
1561792,9.841609003495103,11
1561803,9.744604537915881,11
1561805,9.985730072955539,2
1561814,9.803694341840286,9
1561828,9.701332836273131,14
1561839,9.77546527055562,11
1561841,9.985891121060101,2
1561860,9.577768930954445,19
1561865,9.914418270908012,5
1561866,10.0,1
1561873,9.880535619823487,7
1561882,9.841006025173044,9
1561888,9.887547485611991,6
1561908,9.563475471467301,20
1561916,9.847942736010115,8
1561929,9.729643918880987,13
1561942,9.72700801874399,13
1561949,9.852684718425065,7
1561959,9.77181040033499,10
1561974,9.72756697788096,15
1561988,9.679946108781627,14
1561989,10.0,1
1561999,9.817801927473285,10
1562005,9.883598622934928,6
1562006,10.0,1
1562012,9.904315953215459,6
1562018,9.891543055530759,6
1562027,9.833394528002811,9
1562041,9.715604779505108,14
1562050,9.807370850082213,9
1562054,9.955886983885064,4
1562065,9.766372658057572,11
1562082,9.583821690858162,17
1562091,9.827714327613652,9
1562100,9.792458013169757,9
1562107,9.874421156687742,7
1562110,9.961901458573761,3
1562117,9.876824756630455,7
1562136,9.608795869429041,19
1562146,9.784358884621785,10
1562154,9.82983038972373,8
1562170,9.6465914026789,16
1562171,10.0,1
1562180,9.850410829270517,9
1562188,9.846537346088704,8
1562202,9.772001216446602,14
1562213,9.776249193351926,11
1562214,10.0,1
1562243,9.419918343576636,29
1562251,9.84487280357479,8
1562267,9.628620061259417,16
1562288,9.503413292648036,21
1562315,9.487907064560803,27
1562324,9.629692176164545,9
1562343,9.568667914300184,19
1562351,9.869256024245125,8
1562365,9.702391239763129,14
1562372,9.868787635176947,7
1562377,9.919634732212927,5
1562387,9.832485220068302,10
1562393,9.896727747005873,6
1562403,9.799040462779773,10
1562416,9.779716043696064,13
1562417,10.0,1
1562421,9.9409120607216,4
1562434,9.689209866551888,13
1562449,9.64147087004306,15
1562471,9.215015773105318,22
1562478,9.865061852713614,7
1562485,9.865403535516867,7
1562495,9.793866094408918,10
1562506,9.789607721019527,11
1562514,9.84293611730524,8
1562515,10.0,1
1562529,9.694386977345456,14
1562540,9.777069929664822,11
1562551,9.742520410568073,11
1562557,9.885786927237483,6
1562562,9.900050665893698,5
1562566,9.93159135553044,4
1562581,9.493196290250697,15
1562585,9.94266355178842,4
1562592,9.862078726171042,7
1562598,9.91014548510813,6
1562606,9.838497254505109,8
1562621,9.64691425966529,15
1562622,10.0,1
1562625,9.966272250902751,3
1562629,9.932426772744847,4
1562633,9.930443852627533,4
1562640,9.880981731342013,7
1562641,10.0,1
1562650,9.821080654174507,9
1562668,9.545536662831982,18
1562678,9.831047064971687,10
1562684,9.897229197088247,6
1562691,9.872205472397418,7
1562701,9.832846375037809,10
1562708,9.869627732880767,7
1562713,9.917423566773321,5
1562726,9.713084442896996,13
1562731,9.918788718740972,5
1562737,9.887821895586828,6
1562749,9.729815869144952,12
1562750,10.0,1
1562755,9.932013560764322,5
1562768,9.71455008824101,13
1562778,9.783001966053957,10
1562785,9.874776149150485,7
1562795,9.789094856160085,10
1562804,9.834906976767211,9
1562808,9.930962497675347,4
1562819,9.756239404277395,11
1562830,9.757539933378393,11
1562843,9.734304781012204,13
1562858,9.752342616158998,15
1562872,9.708331672095818,14
1562882,9.780525496420028,10
1562883,10.0,1
1562898,9.651520271632423,15
1562902,9.934303654079955,4
1562903,10.0,1
1562908,9.922314855082538,5
1562914,9.919587633893286,6
1562922,9.885055177651358,8
1562931,9.827717768995026,9
1562940,9.80193277152379,9
1562951,9.785103507798254,11
1562965,9.711319534668224,14
1562983,9.585326561655302,18
1562999,9.648540601053167,16
1563011,9.73351807047343,12
1563014,9.952929679156195,3
1563025,9.783747949050237,11
1563041,9.644116983254136,16
1563076,9.266220223999772,35
1563077,9.993272948946622,1
1563089,9.757085745773152,12
1563093,9.92919702518834,4
1563110,9.626711725422016,17
1563120,9.802613138644016,10
1563132,9.798418467108165,12
1563147,9.383524835686723,15
1563158,9.463263954204018,11
1563163,9.91658876140428,5
1563167,9.938757559000804,4
1563185,9.627978533172824,18
1563186,10.0,1
1563197,9.754502501014212,11
1563203,9.90080182428632,6
1563217,9.70510367519153,14
1563218,10.0,1
1563222,9.946553243670891,4
1563230,9.84826949138106,8
1563236,9.90182832837721,6
1563248,9.79070963956164,12
1563259,9.765519948582895,11
1563262,9.949404021758008,3
1563274,9.760188174804314,12
1563275,10.0,1
1563280,9.908505337553592,5
1563292,9.75394004842379,12
1563300,9.85635098192138,8
1563312,9.73471898416146,12
1563327,9.720980608191105,15
1563333,9.893705335908363,6
1563335,9.979814302136917,2
1563343,9.83299157484654,8
1563347,9.951148381908009,4
1563361,9.677230293376676,14
1563362,10.0,1
1563371,9.816329729952828,9
1563377,9.909950910381156,6
1563380,9.957539687335021,3
1563392,9.720650181663295,12
1563394,9.976046172193648,2
1563395,9.996458130002322,1
1563403,9.855593099067969,8
1563433,9.356991237499038,30
1563446,9.76325865842538,13
1563454,9.871686542754647,8
1563455,10.0,1
1563459,9.935437189961007,4
1563470,9.776257741984244,11
1563486,9.628488744421494,16
1563488,9.982246092047996,2
1563495,9.855366090966518,7
1563505,9.799940330663166,10
1563513,9.853042669234508,8
1563523,9.809594455925994,10
1563525,9.973037124357422,2
1563534,9.845553117003499,9
1563548,9.714160063667588,14
1563558,9.798073328172606,10
1563572,9.705452473712295,14
1563575,9.954086326359656,3
1563576,9.992771640734707,1
1563589,9.713977242540961,13
1563592,9.972260989962953,3
1563595,9.96026508754314,3
1563605,9.808875773267149,10
1563607,9.974951073077348,2
1563614,9.847546207952727,7
1563619,9.919922829424923,5
1563629,9.80021070397602,10
1563650,9.550830867722349,21
1563665,9.664271130672896,15
1563675,9.795628509503283,10
1563684,9.822813884664962,9
1563685,10.0,1
1563697,9.751198510760943,12
1563714,9.596820883912192,17
1563717,9.959713341637114,3
1563718,10.0,1
1563733,9.689516171283739,15
1563744,9.783851070305827,11
1563757,9.71750729677542,13
1563761,9.94547850799005,4
1563767,9.886119866012544,6
1563772,9.90879287942963,5
1563776,9.9494481423278,4
1563785,9.816838924315535,9
1563786,10.0,1
1563795,9.825495119287154,9
1563804,9.840669178105179,9
1563816,9.730914633892803,12
1563832,9.665608939565132,16
1563847,9.70167627907415,15
1563856,9.840590218231947,9
1563864,9.864633471363245,8
1563879,9.679217929310175,15
1563894,9.688560980958146,15
1563895,10.0,1
1563906,9.782437647806136,11
1563911,9.90589950944101,5
1563929,9.65679866922252,18
1563930,9.988596391315037,1
1563945,9.658337821055913,15
1563967,9.472974209150015,22
1563970,9.955627849602152,3
1563972,9.97943319613458,2
1563987,9.660317485602828,15
1563992,9.900812717223992,5
1564003,9.779888382982152,11
1564022,9.595846242256941,19
1564028,9.887032394782274,6
1564037,9.809056938427636,9
1564050,9.735579526758215,13
1564059,9.80181766091755,9
1564064,9.906678271491495,5
1564072,9.826268956508354,8
1564076,9.92826731037512,4
1564090,9.679213276119453,14
1564097,9.855188980756946,7
1564098,10.0,1
1564101,9.952076810706428,3
1564122,9.537542071855142,21
1564133,9.771227726465678,11
1564134,10.0,1
1564145,9.749976768292445,11
1564155,9.795367719113457,10
1564156,10.0,1
1564164,9.825565789781018,8
1564173,9.80646803985912,9
1564182,9.806818643021312,9
1564191,9.814741112743894,9
1564195,9.938768832288433,4
1564207,9.752567475859406,12
1564219,9.75963081673548,12
1564227,9.855563197276956,8
1564242,9.720178701476636,15
1564246,9.92552622191261,4
1564256,9.834973646184364,10
1564270,9.707661268192982,14
1564283,9.73314365327844,13
1564299,9.69447621303079,16
1564314,9.693203851178795,15
1564331,9.605799293061953,17
1564338,9.863599482471209,7
1564351,9.722996116988007,13
1564364,9.757558155974905,13
1564381,9.659793776925131,17
1564382,10.0,1
1564394,9.746509536929207,12
1564395,10.0,1
1564402,9.879854541239245,7
1564414,9.764049691460945,12
1564427,9.710648115354763,13
1564440,9.73090015968139,13
1564453,9.704071572839261,13
1564466,9.701295219569317,13
1564477,9.790099521101386,11
1564486,9.855712480856262,9
1564494,9.85006056736824,8
1564504,9.801603700461719,10
1564505,10.0,1
1564506,10.0,1
1564520,9.676547775180168,14
1564532,9.729918454606967,12
1564550,9.406474882005917,18
1564556,9.890144003916868,6
1564568,9.745451699562624,12
1564569,9.996766455923316,1
1564580,9.697350774913458,11
1564588,9.852243874712597,8
1564589,10.0,1
1564601,9.736302941251882,12
1564609,9.838732694154702,8
1564615,9.884146542301183,6
1564627,9.737205093255358,12
1564647,9.601325283898348,20
1564660,9.68932398396998,13
1564663,9.961741741472007,3
1564664,10.0,1
1564672,9.847996694782081,8
1564684,9.792798949110857,12
1564705,9.551980957889882,21
1564713,9.852490096277382,8
1564715,9.971898187666039,2
1564718,9.963067437545465,3
1564726,9.863330939520907,8
1564735,9.808511297663392,9
1564743,9.848842041871086,8
1564754,9.758720060966647,11
1564760,9.89213145353479,6
1564788,9.287447558149312,28
1564821,9.25070834783129,33
1564834,9.745873223667928,13
1564863,9.48359728085077,29
1564879,9.642870691188648,16
1564885,9.898708522229786,6
1564903,9.59610389714257,18
1564905,9.978044925890805,2
1564909,9.95310827615587,4
1564936,9.491643717674599,27
1564944,9.859540951162836,8
1564955,9.811776461920864,11
1564967,9.750765231557303,12
1564973,9.898869747887877,6
1564981,9.833044725961743,8
1565016,9.286531849838337,35
1565024,9.841616571929293,8
1565031,9.889380002925058,7
1565045,9.743283616559951,14
1565046,9.996452781135867,1
1565059,9.746429903951485,13
1565073,9.666432775316158,14
1565079,9.901089012535273,6
1565085,9.905659393249152,6
1565093,9.835187391194733,8
1565110,9.61824744806034,17
1565115,9.92767858151364,5
1565129,9.665532530043901,14
1565131,9.978745290387247,2
1565138,9.86721042030724,7
1565145,9.897056468424584,7
1565150,9.921210888694908,5
1565158,9.825859538021176,8
1565159,10.0,1
1565175,9.621895402955413,16
1565182,9.88222609420101,7
1565196,9.701550014387173,14
1565197,10.0,1
1565206,9.815865907729759,9
1565217,9.782038256117236,11
1565237,9.585302244234532,20
1565252,9.66155880225056,15
1565262,9.771448763624187,10
1565267,9.929262888819428,5
1565293,9.463398682988942,26
1565310,9.563523529960534,17
1565311,10.0,1
1565324,9.720270302180761,13
1565334,9.786993379795312,10
1565346,9.773105921675159,12
1565363,9.66751730867472,17
1565377,9.708633388872597,14
1565378,10.0,1
1565385,9.879954301843012,7
1565395,9.802757919171535,10
1565396,10.0,1
1565407,9.768509167960953,11
1565408,10.0,1
1565416,9.84266078841485,8
1565422,9.895975428669399,6
1565432,9.843312251804976,10
1565440,9.854690736145887,8
1565445,9.917005777585832,5
1565451,9.896971297772064,6
1565464,9.706641131164048,13
1565487,9.503809625413222,23
1565495,9.868014920212005,8
1565502,9.878729891140152,7
1565510,9.84445513484489,8
1565526,9.669053902655763,16
1565537,9.751033490082538,11
1565555,9.587338487158076,18
1565569,9.682507509874577,14
1565579,9.794469662813132,10
1565588,9.828897513996992,9
1565589,9.988865902616947,1
1565596,9.856320499670426,7
1565600,9.94872534982739,4
1565617,9.594772731380385,17
1565624,9.897860479534579,7
1565625,10.0,1
1565641,9.635381818418633,16
1565642,10.0,1
1565644,9.983778199403845,2
1565659,9.677020378114968,15
1565665,9.889663197051128,6
1565744,7.911084245591303,79
1565756,9.739273518744062,12
1565778,9.540656149399393,22
1565790,9.744978273888242,12
1565800,9.83026326208344,10
1565807,9.856291106680956,7
1565817,9.776987818412254,10
1565825,9.822915678682488,8
1565826,10.0,1
1565830,9.931184721361761,4
1565833,9.955379001043902,3
1565834,10.0,1
1565839,9.910260101000377,5
1565850,9.78766498441679,11
1565869,9.54447219704991,19
1565883,9.751057062492853,14
1565884,10.0,1
1565895,9.701210441469739,11
1565896,10.0,1
1565898,9.970635932519102,2
1565900,9.985572891449939,2
1565908,9.847577147184193,8
1565909,10.0,1
1565915,9.88551782185646,6
1565924,9.816661608900148,9
1565933,9.82609362336321,9
1565938,9.621151130373022,5
1565950,9.762318385554904,12
1565955,9.915882412658506,5
1565958,9.96262229167634,3
1565971,9.713603091210025,13
1565978,9.874815233658358,7
1565986,9.842703416080816,8
1565999,9.74233219067901,13
1566007,9.863260839623848,8
1566016,9.831933743055536,9
1566030,9.687907388065135,14
1566034,9.929823383234986,4
1566040,9.886825738746813,6
1566054,9.676596742961305,14
1566065,9.763900182324718,11
1566068,9.95767571779193,3
1566074,9.920502222299094,6
1566082,9.834008911158886,8
1566097,9.675283547337546,15
1566103,9.896571120013824,6
1566111,9.855247818207177,8
1566122,9.81610466321912,11
1566123,10.0,1
1566129,9.89008946381199,6
1566145,9.651765599632022,16
1566161,9.644657641531664,16
1566162,10.0,1
1566173,9.804967935571854,11
1566180,9.843565103521508,7
1566189,9.797694314651302,9
1566197,9.547046293464371,8
1566207,9.615649633890559,10
1566209,9.97196958374697,2
1566215,9.888730390253956,6
1566222,9.869542258372828,7
1566230,9.871267992897447,8
1566241,9.808283584226391,11
1566246,9.897130516471517,5
1566252,9.877089459443818,6
1566253,10.0,1
1566259,9.891545018711644,6
1566275,9.621164174506125,16
1566283,9.840159000607935,8
1566296,9.791317759470992,13
1566314,9.665794604653945,18
1566316,9.977268741250665,2
1566327,9.789522888063463,11
1566346,9.605156430213423,19
1566348,9.97944112853145,2
1566359,9.771167836631282,11
1566371,9.766588889161248,12
1566385,9.690303599178959,14
1566386,9.996645947996935,1
1566399,9.729139949499759,13
1566413,9.726086425164342,14
1566428,9.679940077629142,15
1566429,9.992333185057745,1
1566438,9.828657735789879,9
1566441,9.966045292751042,3
1566446,9.934616010356446,5
1566450,9.942984919934062,4
1566468,9.552105268003618,18
1566478,9.810839922456566,10
1566497,9.62026243592964,19
1566502,9.901964565833046,5
1566511,9.823518821260166,9
1566519,9.854072214057394,8
1566540,9.506715639359443,21
1566552,9.766227902406937,12
1566563,9.77717486742557,11
1566565,9.980870456531052,2
1566574,9.825657935439843,9
1566584,9.777853323801358,10
1566589,9.92607870246412,5
1566601,9.773309537899483,12
1566614,9.70910251400527,13
1566618,9.93411528492251,4
1566631,9.72944728032213,13
1566646,9.684889129068784,15
1566647,10.0,1
1566653,9.904903797845357,6
1566663,9.799659141519202,10
1566664,9.988609699903034,1
1566671,9.57649174562401,7
1566675,9.939030387328646,4
1566685,9.802961434515241,10
1566691,9.867308866714652,6
1566692,9.99301629174287,1
1566705,9.683623923660127,13
1566714,9.795909763728664,9
1566721,9.862853328315632,7
1566730,9.856332269693482,9
1566743,9.730721233077512,13
1566756,9.722175370391902,13
1566767,9.769514487107125,11
1566774,9.863399258423696,7
1566783,9.823311241737313,9
1566795,9.718449316920248,12
1566798,9.962043010017409,3
1566806,9.855795514623603,8
1566818,9.741110413142477,12
1566825,9.876385631510747,7
1566834,9.813517222823783,9
1566835,10.0,1
1566838,9.96094839216451,3
1566849,9.75399266153878,11
1566873,9.422670744577234,24
1566875,9.985955397987329,2
1566889,9.69096468634468,14
1566908,9.582199889778865,19
1566914,9.905347202790523,6
1566920,9.87128044050884,6
1566928,9.857179792345313,8
1566929,10.0,1
1566937,9.859717865674183,8
1566957,9.632654892245878,20
1566963,9.897833733837002,6
1566970,9.38392989064733,7
1566984,9.686692543370679,14
1567000,9.641320505015324,16
1567023,9.21920399391052,23
1567031,9.849426424236588,8
1567040,9.837503326416599,9
1567051,9.781099835708815,11
1567058,9.872387345995605,7
1567059,10.0,1
1567066,9.899645079571524,7
1567070,9.945467428458192,4
1567076,9.891842764920327,6
1567083,9.887435791775697,7
1567095,9.769579537252907,12
1567098,9.950966588935538,3
1567106,9.838588242363738,8
1567113,9.872046191692377,7
1567123,9.793419214375088,10
1567137,9.489821750238097,14
1567148,9.7509301056134,11
1567155,9.867069730416988,7
1567159,9.949889940722729,4
1567171,9.755115996217755,12
1567182,9.787926586519635,11
1567191,9.812521289486703,9
1567201,9.824796143493852,10
1567213,9.77137070010388,12
1567215,9.984643886289867,2
1567234,9.612402838287199,19
1567241,9.8708936982139,7
1567246,9.924723844971126,5
1567249,9.956842358024943,3
1567260,9.746479575251369,11
1567270,9.764843674694308,10
1567274,9.943047530461673,4
1567282,9.833139146622662,8
1567289,9.896247651679829,7
1567290,10.0,1
1567298,9.815205959396144,8
1567302,9.924432602932157,4
1567317,9.68123861463129,15
1567320,9.958333418169127,3
1567333,9.74232569957594,13
1567342,9.849479873248095,9
1567359,9.65162256543755,17
1567364,9.919432278521766,5
1567372,9.854083957611095,8
1567389,9.66740343781591,17
1567396,9.86214421215321,7
1567404,9.853513299867496,8
1567415,9.440506187248069,11
1567420,9.909825553100225,5
1567451,9.290940441406736,31
1567458,9.882126199034987,7
1567460,9.979911942032635,2
1567461,10.0,1
1567468,9.893841548291798,7
1567481,9.727218468607315,13
1567486,9.911802375300676,5
1567490,9.939457047221202,4
1567499,9.809196321120318,9
1567507,9.836223914659895,8
1567515,9.829372053329584,8
1567528,9.726566731231948,13
1567529,10.0,1
1567551,9.600313186445874,22
1567563,9.792056073204046,12
1567568,9.9190203836898,5
1567582,9.690018139405346,14
1567600,9.643382768667529,18
1567626,9.493456654693166,26
1567627,10.0,1
1567636,9.813606572019665,9
1567645,9.810600535225449,9
1567648,9.957286140214942,3
1567653,9.920134784088,5
1567661,9.81861905211237,8
1567662,10.0,1
1567672,9.82682204694263,10
1567681,9.815467627508708,9
1567697,9.517835012919237,16
1567705,9.861383070817002,8
1567706,10.0,1
1567707,9.996110160170346,1
1567731,9.434771079162662,24
1567739,9.884618043456191,8
1567750,9.774101815684082,11
1567766,9.667777732036125,16
1567789,9.496487724934164,23
1567807,9.636085941618488,18
1567814,9.853507518590337,7
1567816,9.975360217439192,2
1567833,9.047626599397619,17
1567840,9.907150694588047,7
1567853,9.731700058027856,13
1567864,9.806334912639599,11
1567870,9.882651093398621,6
1567884,9.664985219448136,14
1567891,9.865311843113972,7
1567902,9.784328446691974,11
1567903,9.988342355511497,1
1567915,9.745370138518727,12
1567920,9.908333771728303,5
1567931,9.787307369891542,11
1567944,9.759575412723887,13
1567948,9.930442807128468,4
1567954,9.906939470294835,6
1567955,10.0,1
1567967,9.742240199671588,12
1567977,9.812293400616053,10
1567978,10.0,1
1567999,9.495040227579462,21
1568000,10.0,1
1568011,9.76923805644946,11
1568012,10.0,1
1568015,9.965813486356732,3
1568025,9.810926819743843,10
1568035,9.785627089539881,10
1568051,9.664231297604635,16
1568064,9.738067771612526,13
1568074,9.804220864095091,10
1568086,9.751181425199348,12
1568087,10.0,1
1568104,9.646052332232049,17
1568111,9.861619125625626,7
1568115,9.946529740927497,4
1568126,9.763014450157268,11
1568138,9.744010679435581,12
1568149,9.776311762053506,11
1568165,9.453446713776515,16
1568181,9.728406295452201,16
1568189,9.856272717252185,8
1568197,9.860077332530407,8
1568205,9.832125274948108,8
1568212,9.863254060852672,7
1568219,9.892991603046614,7
1568232,9.768711192910695,13
1568246,9.689489205008904,14
1568249,9.962940095646829,3
1568259,9.801699935865278,10
1568271,9.708454336070233,12
1568286,9.643372964900797,15
1568297,9.755661976976159,11
1568309,9.760185661713589,12
1568321,9.807746825506976,12
1568328,9.888544777359655,7
1568333,9.918956718152804,5
1568338,9.925116082242752,5
1568348,9.799515432928956,10
1568364,9.65731121101647,16
1568368,9.940849687687162,4
1568376,9.853465633732853,8
1568390,9.726355761544369,14
1568395,9.915991209600637,5
1568424,9.225683648023878,29
1568438,9.77125266760428,14
1568451,9.72175892450943,13
1568454,9.94992633409404,3
1568459,9.92798192177601,5
1568474,9.705852155056226,15
1568483,9.837495060467345,9
1568497,9.747848652991081,14
1568502,9.91629489627777,5
1568506,9.947565300550513,4
1568509,9.961912566055277,3
1568519,9.806254106611643,10
1568524,9.915276485032667,5
1568526,9.97107098924559,2
1568532,9.914548122879722,6
1568547,9.675168373819599,15
1568548,10.0,1
1568551,9.965614540816516,3
1568562,9.799327312032439,11
1568565,9.960194159414003,3
1568571,9.886894472812154,6
1568583,9.770153077287404,12
1568593,9.795898953625718,10
1568599,9.909199097969369,6
1568616,9.633548340221767,17
1568627,9.763073366778759,11
1568670,9.18776414179975,43
1568687,9.614242477893221,17
1568707,9.61237274263517,20
1568718,9.763504886415538,11
1568732,9.682689595735237,14
1568734,9.971470266554515,2
1568740,9.909503297033934,6
1568753,9.72824701923873,13
1568760,9.895263881425329,7
1568766,9.90552807108244,6
1568786,9.558199611159775,20
1568789,9.959837891577255,3
1568798,9.86131064770297,9
1568805,9.857334743873723,7
1568808,9.964525905986338,3
1568820,9.751649762985073,12
1568829,9.81097261944071,9
1568842,9.715621561895244,13
1568843,10.0,1
1568860,9.621463989851245,17
1568868,9.871798441730137,8
1568879,9.740436429887145,11
1568888,9.85955560844624,9
1568898,9.830907487360939,10
1568909,9.353721726119943,11
1568914,9.922118689873313,5
1568917,9.963354156808386,3
1568923,9.896760918734547,6
1568932,9.834971828448934,9
1568943,9.813509739501995,11
1568952,9.80046430959694,9
1568957,9.930619161796935,5
1568963,9.893832927257973,6
1568980,9.623409805984991,17
1568989,9.82634707125935,9
1568995,9.913943414077405,6
1569001,9.913630015202985,6
1569018,9.666621692729132,17
1569034,9.62273017187266,16
1569056,9.09283397719577,22
1569068,9.723472545882982,12
1569074,9.894329355972136,6
1569076,9.977784433295765,2
1569087,9.781513707214168,11
1569104,9.606224622341582,17
1569109,9.92212543944182,5
1569125,9.615987739999515,16
1569136,9.798739302878698,11
1569144,9.850429337428787,8
1569156,9.510583976253686,12
1569178,9.543037548546776,22
1569179,10.0,1
1569196,9.668394877704303,17
1569207,9.758089294254749,11
1569208,9.989491089023009,1
1569218,9.783702111352847,10
1569223,9.916455000358098,5
1569228,9.921757716275726,5
1569237,9.820129924808242,9
1569253,9.632020815321777,16
1569263,9.818964230797667,10
1569277,9.72363869583339,14
1569288,9.751812783515591,11
1569292,9.949491269729867,4
1569304,9.744308172692689,12
1569305,10.0,1
1569322,9.668022280549541,17
1569332,9.778022842852529,10
1569347,9.685056723280974,15
1569355,9.866162888682561,8
1569365,9.818418406714617,10
1569389,9.40231846725157,24
1569394,9.901124308256682,5
1569403,9.819486934330037,9
1569409,9.894693373943797,6
1569421,9.731973592675212,12
1569434,9.735775975480076,13
1569442,9.879424881757402,8
1569456,9.70181947275061,14
1569459,9.961160366901746,3
1569466,9.888822180720862,7
1569481,9.696109819543627,15
1569491,9.79711472022902,10
1569497,9.910679252900385,6
1569507,9.801129538016037,10
1569511,9.935245983574275,4
1569521,9.789583648379162,10
1569524,9.965948810077242,3
1569533,9.805510449187068,9
1569542,9.819360389003677,9
1569550,9.848438339735285,8
1569558,9.845807141163533,8
1569559,10.0,1
1569567,9.8716894719538,8
1569580,9.698946148609433,13
1569589,9.794455219315992,9
1569599,9.815414580777674,10
1569615,9.677643174795438,16
1569625,9.798143803871076,10
1569632,9.853717828900315,7
1569637,9.905748758644789,5
1569648,9.780264154728174,11
1569664,9.664590741727586,16
1569665,9.992507518249381,1
1569677,9.72239376868447,12
1569688,9.822384006456215,11
1569697,9.80992887928183,9
1569704,9.8766219664189,7
1569718,9.481862209539644,14
1569720,9.978967811871286,2
1569733,9.71913065927716,13
1569765,9.25169964365928,32
1569780,9.640800732814977,15
1569796,9.61249260326684,16
1569805,9.827510341317712,9
1569806,10.0,1
1569817,9.799964602489318,11
1569818,10.0,1
1569819,10.0,1
1569821,9.970921529580316,2
1569832,9.75182769729018,11
1569843,9.798047496290069,11
1569849,9.894798795094228,6
1569850,10.0,1
1569851,9.98952116397836,1
1569859,9.860184498194613,8
1569870,9.771781896115705,11
1569886,9.655114524197645,16
1569893,9.847599644669401,7
1569904,9.763529127381437,11
1569914,9.793885432051992,10
1569924,9.806740301266142,10
1569926,9.966575604802186,2
1569929,9.964497456004391,3
1569937,9.848034195396147,8
1569949,9.755631727042914,12
1569954,9.92621903215858,5
1569968,9.710419056009318,14
1569980,9.710917820452515,12
1569995,9.633696513105898,15
1570004,9.849954929410542,9
1570005,10.0,1
1570008,9.964887380177133,3
1570019,9.776193103437405,11
1570020,9.988864021274455,1
1570030,9.78225100659409,10
1570040,9.79886367993183,10
1570054,9.719863988663178,14
1570059,9.801076202253,5
1570075,9.669774682317636,16
1570078,9.967029430883356,3
1570088,9.813778008887907,10
1570099,9.798890843084848,11
1570108,9.817535763669579,9
1570117,9.813709305566391,9
1570125,9.842554679468364,8
1570143,9.550962753254069,18
1570149,9.880762852824462,6
1570163,9.751181179290917,14
1570174,9.786470336240555,11
1570181,9.88647031858581,7
1570189,9.82562013736482,8
1570198,9.834522045314085,9
1570199,10.0,1
1570205,9.892162760493854,6
1570219,9.661618864750867,14
1570238,9.575816347937995,19
1570246,9.826223997266728,8
1570255,9.809533908089673,9
1570265,9.78493595539723,10
1570268,9.970003714492599,3
1570279,9.765253566398094,11
1570296,9.69972915868375,17
1570301,9.931180445777542,5
1570308,9.871134181262079,7
1570333,9.429462674537383,25
1570340,9.854143768917469,7
1570346,9.881847297468678,6
1570352,9.895940615079077,6
1570367,9.640745309371205,15
1570369,9.971394693227772,2
1570370,10.0,1
1570380,9.772327237849035,10
1570390,9.827123201055992,10
1570402,9.755629927009933,12
1570403,10.0,1
1570412,9.823938639916815,9
1570416,9.94488658114998,4
1570417,10.0,1
1570429,9.768604849250915,12
1570438,9.83524610866289,9
1570439,10.0,1
1570455,9.653754627205057,16
1570468,9.742313383311624,13
1570469,10.0,1
1570484,9.647103604416476,15
1570493,9.794627968540924,9
1570494,10.0,1
1570495,10.0,1
1570514,9.588733297056303,19
1570526,9.748295536825509,12
1570538,9.772142532876217,12
1570541,9.952996331921504,3
1570552,9.774027817995195,11
1570567,9.67121953039832,15
1570568,9.992419251832008,1
1570573,9.906149469059581,5
1570580,9.873539437056747,7
1570593,9.70512676279038,13
1570603,9.79873966704137,10
1570610,9.89855522037089,7
1570618,9.876999983002973,8
1570630,9.710989135261938,12
1570642,9.76731229890424,12
1570651,9.867601337415513,9
1570662,9.78241813186019,11
1570668,9.882121039541664,6
1570669,9.992292385576024,1
1570677,9.860563667637189,8
1570678,10.0,1
1570685,9.869966738106383,7
1570694,9.811554087467087,9
1570703,9.86370790672196,9
1570706,9.951126490849077,3
1570715,9.812612822901015,9
1570716,10.0,1
1570731,9.619294760131266,15
1570739,9.853638928259487,8
1570741,9.970124077700763,2
1570752,9.752263898370096,11
1570757,9.910392644101668,5
1570766,9.81951204034126,9
1570769,9.956381922882615,3
1570776,9.876307133003118,7
1570787,9.772855707103068,11
1570804,9.426775143039722,17
1570823,9.526256711620007,19
1570834,9.800412631120288,11
1570865,9.44052368684294,31
1570875,9.817685518388362,10
1570877,9.97662453821164,2
1570888,9.772238974565123,11
1570892,9.9373470459684,4
1570903,9.766236125469122,11
1570917,9.193282435544871,14
1570925,9.87903730416675,8
1570928,9.954124730846479,3
1570934,9.895300653602087,6
1570957,9.487732262950285,23
1570966,9.828368756187642,9
1570979,9.72363660050299,13
1570988,9.824563347983732,9
1570997,9.810680610754543,9
1571006,9.850908485103288,9
1571018,9.764457687830355,12
1571019,10.0,1
1571037,9.647395755007578,18
1571052,9.758363922753388,15
1571060,9.8403756377703,8
1571090,9.28384987969612,30
1571101,9.798477670068202,11
1571117,9.654916741634647,16
1571122,9.93651449467367,5
1571125,9.95238896000309,3
1571126,10.0,1
1571133,9.884224277022334,7
1571141,9.86349529140195,8
1571161,9.58257039915197,20
1571167,9.883451726950305,6
1571172,9.817099200827766,5
1571180,9.866499247672765,8
1571186,9.903361487070534,6
1571195,9.814082875355217,9
1571209,9.758002217042337,14
1571219,9.79486033605488,10
1571225,9.897723924930906,6
1571241,9.62014183271621,16
1571247,9.904824008414142,6
1571259,9.77839285329893,12
1571272,9.69755863424931,13
1571274,9.974916988003393,2
1571286,9.735778775884434,12
1571293,9.886379007033788,7
1571302,9.833955763365326,9
1571307,9.910531329284355,5
1571313,9.907482337281971,6
1571326,9.677980102171714,13
1571327,10.0,1
1571339,9.746700297484063,12
1571345,9.878663398186193,6
1571350,9.926700151789937,5
1571355,9.910894091057973,5
1571364,9.812555787144253,9
1571382,9.620175045630422,18
1571387,9.911824280355553,5
1571388,9.988056249919948,1
1571400,9.756904527788718,12
1571417,9.60380818936887,17
1571418,10.0,1
1571433,9.70989989099505,15
1571442,9.82601663723361,9
1571457,9.66968799844613,15
1571460,9.944722115530253,3
1571465,9.926966879195513,5
1571473,9.866899623839062,8
1571475,9.969000319464824,2
1571485,9.80856087844833,10
1571495,9.814895235537087,10
1571506,9.762711829894423,11
1571520,9.695376588955085,14
1571529,9.820399155504841,9
1571534,9.918009391624546,5
1571543,9.796393796072962,9
1571553,9.816964151539082,10
1571558,9.909511510229517,5
1571572,9.670070333516103,14
1571588,9.611518085036819,16
1571603,9.65074745758118,15
1571614,9.810848862884612,11
1571621,9.864683160773025,7
1571630,9.850118504709302,9
1571651,9.555554703380642,21
1571660,9.828054364910813,9
1571667,9.865096677182613,7
1571676,9.839289355964583,9
1571684,9.855162198552042,8
1571702,9.581686945480467,18
1571711,9.806514884664097,9
1571714,9.965398655777769,3
1571724,9.78788918713526,10
1571735,9.514806637212455,11
1571749,9.478400104941809,14
1571756,9.876457564367252,7
1571758,9.98222455786382,2
1571763,9.927538040422013,5
1571774,9.77591288786779,11
1571776,9.981570798514499,2
1571792,9.660213602001866,16
1571793,9.990077477259872,1
1571820,9.413429209586,27
1571832,9.770238472077752,12
1571847,9.702690158052286,15
1571857,9.79056743735036,10
1571881,9.453423407999226,24
1571887,9.903671801161481,6
1571899,9.71863169072413,12
1571913,9.710880371243551,14
1571928,9.67149284235727,15
1571939,9.780004092413986,11
1571946,9.85356070015335,7
1571947,10.0,1
1571971,9.510324092233871,24
1571993,9.588443167672526,22
1572002,9.822306889014389,9
1572005,9.957171634539531,3
1572016,9.809187395957274,11
1572021,9.930277980902957,5
1572026,9.91243487484855,5
1572039,9.723609931836462,13
1572045,9.888697049542522,6
1572063,9.149319040556177,18
1572079,9.69821317744236,16
1572082,9.965971679611814,3
1572086,9.946152079115864,4
1572099,9.699592108787396,13
1572108,9.81626615906726,9
1572115,9.862752222665913,7
1572125,9.783106822397531,10
1572126,10.0,1
1572128,9.96854683480114,2
1572141,9.75270981338939,13
1572145,9.942767957760124,4
1572158,9.709491134632591,13
1572168,9.79967386149591,10
1572191,9.474632833087819,23
1572203,9.76443727889817,12
1572211,9.865121007647843,8
1572226,9.660907007788701,15
1572241,9.660177743078197,15
1572256,9.631421767586199,15
1572281,9.467541587695791,25
1572291,9.809932426425968,10
1572297,9.916332054025133,6
1572301,9.949330952023214,4
1572310,9.835580640847137,9
1572320,9.79137333200034,10
1572327,9.860420148891857,7
1572328,9.996553530875607,1
1572345,9.577201160960486,17
1572354,9.84113947296198,9
1572366,9.760771051031753,12
1572374,9.826101892480288,8
1572386,9.744262766304182,12
1572399,9.696448619523085,13
1572410,9.739924538408651,11
1572422,9.71135405227528,12
1572434,9.773734099270971,12
1572444,9.813308597732608,10
1572459,9.657969388668024,15
1572460,10.0,1
1572480,9.542165116693702,20
1572492,9.743436602094132,12
1572502,9.79555206413503,10
1572506,9.9391509707244,4
1572525,9.512905064415532,19
1572535,9.804384607907275,10
1572539,9.947527545168374,4
1572545,9.900066601035464,6
1572558,9.733043866954741,13
1572569,9.758271252768315,11
1572582,9.70470043536246,13
1572589,9.87627663325985,7
1572608,9.552969821536346,19
1572622,9.722810410860001,14
1572625,9.958912045049898,3
1572639,9.711433054397444,14
1572651,9.755176545806385,12
1572659,9.818132409855794,8
1572660,10.0,1
1572677,9.692067022066789,17
1572686,9.800986471430628,9
1572764,-10.473419547641873,78
1572767,9.960044856755292,3
1572778,9.780935543195667,11
1572793,9.67557257837037,15
1572794,10.0,1
1572812,9.559887304609644,18
1572822,9.824823651405616,10
1572845,9.483112352329925,23
1572857,9.72817483349947,12
1572867,9.793612951038284,10
1572868,10.0,1
1572869,10.0,1
1572876,9.853762854886694,7
1572888,9.750156944614726,12
1572890,9.975391211343558,2
1572896,9.894898881605942,6
1572925,9.445146252918216,29
1572935,9.827168892386435,10
1572950,9.69989482604798,15
1572958,9.849557979108326,8
1572965,9.842251954805324,7
1572969,9.94888963978449,4
1572986,9.750209297545153,17
1573010,9.519144293215923,24
1573016,9.8902621461556,6
1573021,9.926688247746558,5
1573022,10.0,1
1573023,10.0,1
1573037,9.681237869944201,14
1573042,9.91956928131454,5
1573069,9.353022766013595,27
1573077,9.836756655083452,8
1573086,9.817537750578634,9
1573097,9.811494708952573,11
1573112,9.67977344261652,15
1573113,10.0,1
1573117,9.936488685094087,4
1573121,9.936427820824543,4
1573132,9.793672970080921,11
1573144,9.73610955350795,12
1573150,9.883377572981384,6
1573165,9.68971871147359,15
1573166,10.0,1
1573174,9.861163825934325,8
1573186,9.780625229266285,12
1573197,9.786050274158672,11
1573202,9.911411638311224,5
1573224,9.567094512145657,22
1573232,9.865641375718102,8
1573252,9.499311476770732,20
1573253,10.0,1
1573254,10.0,1
1573258,9.936832154935548,4
1573268,9.807966118086318,10
1573276,9.846759289587038,8
1573277,10.0,1
1573290,9.795570469608606,13
1573295,9.930466585721257,5
1573297,9.979447699034228,2
1573307,9.791285807859563,10
1573308,9.989794415253458,1
1573319,9.76646078092263,11
1573338,9.542100777239655,19
1573345,9.87030383903705,7
1573356,9.767557406564595,11
1573363,9.875053054660588,7
1573370,9.864488648452882,7
1573387,9.595445278109354,17
1573396,9.841115244525243,9
1573411,9.695413495183269,15
1573426,9.691071008844457,15
1573436,9.794577638541197,10
1573444,9.837638136098825,8
1573449,9.901485938640553,5
1573462,9.737023546516951,13
1573469,9.85788778178797,7
1573483,9.680256767483167,14
1573490,9.868096621878662,7
1573491,10.0,1
1573503,9.747127894125839,12
1573514,9.76780092086015,11
1573538,9.473051075276427,24
1573548,9.793500292632896,10
1573568,9.473840823829724,20
1573580,9.740587737494671,12
1573594,9.597409333398689,14
1573606,9.78170456039265,12
1573617,9.635706325770354,11
1573633,9.45700721389474,16
1573657,9.307689603464489,24
1573658,10.0,1
1573665,9.873241884290183,7
1573684,9.57120413188903,19
1573700,9.664997826588975,16
1573708,9.883986732378748,8
1573717,9.823292837118053,9
1573728,9.808054110111792,11
1573729,10.0,1
1573754,9.496987661065436,25
1573755,10.0,1
1573767,9.383667627286421,12
1573770,9.959039935028406,3
1573779,9.795554319101223,9
1573784,9.923013710527135,5
1573791,9.88678063163192,7
1573792,10.0,1
1573802,9.821629945874665,10
1573810,9.857638235805563,8
1573815,9.91295242875044,5
1573823,9.82752336143821,8
1573842,9.640091740497475,19
1573850,9.840274165308726,8
1573864,9.694536025731255,14
1573865,10.0,1
1573878,9.733107682585763,13
1573887,9.835371583037421,9
1573891,9.945470223407598,4
1573903,9.717391843891356,12
1573918,9.658603020174086,15
1573931,9.734382950835407,13
1573937,9.884296576270522,6
1573946,9.837452847364856,9
1573951,9.909903550583392,5
1573976,9.365405297227506,25
1573984,9.853448650450375,8
1573992,9.848151892331193,8
1574003,9.759868249691898,11
1574004,10.0,1
1574011,9.910699918506012,7
1574020,9.828895216439479,9
1574026,9.88223929978459,6
1574035,9.814635665258464,9
1574056,9.621250217817229,21
1574058,9.980242541355047,2
1574065,9.886247701352016,7
1574074,9.820470477313128,9
1574082,9.837659470365523,8
1574090,9.869141843457381,8
1574091,10.0,1
1574124,9.383617486432266,33
1574129,9.924593158799173,5
1574137,9.835423928403468,8
1574152,9.713310478534106,15
1574165,9.722909675227669,13
1574178,9.706651608417433,13
1574188,9.804122127707798,10
1574223,9.363550588650968,35
1574233,9.835363941753005,10
1574246,9.699606801333195,13
1574258,9.775586946424918,12
1574265,9.859472055209928,7
1574275,9.702256660193834,10
1574289,9.494782633779435,14
1574302,9.721276201022388,13
1574317,9.699488972791658,15
1574331,9.703093747202633,14
1574351,9.614168562963304,20
1574359,9.868011619122347,8
1574367,9.84963246601851,8
1574378,9.779506868645601,11
1574381,9.957266527124528,3
1574391,9.732120319282823,10
1574399,9.860525385097743,8
1574407,9.881967084658667,8
1574413,9.881444447935618,6
1574432,9.614513250060813,19
1574433,10.0,1
1574452,9.554020297173016,19
1574458,9.890746213946006,6
1574461,9.960901755842048,3
1574463,9.974382023344361,2
1574477,9.569694942378453,14
1574499,9.529227703373817,22
1574505,9.873764575109826,6
1574507,9.983987943823005,2
1574524,9.448494656988856,17
1574533,9.807557302254013,9
1574534,10.0,1
1574549,9.714022501284068,15
1574556,9.886992143380105,7
1574560,9.946291674332723,4
1574568,9.851845755621422,8
1574575,9.851200264819992,7
1574578,9.963849301356417,3
1574586,9.871987684656661,8
1574595,9.821703597088243,9
1574602,9.885259618114269,7
1574609,9.888460982012356,7
1574615,9.889424879136568,6
1574620,9.925284896932887,5
1574635,9.703041605254224,15
1574643,9.85679218005115,8
1574648,9.912664961720711,5
1574656,9.866028405498794,8
1574664,9.860075942372106,8
1574691,9.398087378167814,27
1574700,9.82372029324112,9
1574715,9.023790745762843,15
1574751,3.96547089280433,36
1574761,9.82137095276772,10
1574768,9.870825780066236,7
1574780,9.785429332598227,12
1574791,9.763736494080995,11
1574793,9.970006194195422,2
1574802,9.814475965742382,9
1574816,9.728312335160188,14
1574827,9.785471158191884,11
1574828,10.0,1
1574831,9.960776872134996,3
1574832,10.0,1
1574840,9.837442544667281,8
1574848,9.852786584126434,8
1574851,9.950429171981352,3
1574882,9.289670686462248,31
1574892,9.828429788638884,10
1574902,9.809444707227762,10
1574907,9.922979652953137,5
1574922,9.747306289103252,15
1574927,9.911310667481937,5
1574945,9.608012945772776,18
1574949,9.955098434712577,4
1574956,9.854630825443566,7
1574965,9.824269210069234,9
1574973,9.852015707373326,8
1574996,9.42290673347496,23
1575001,9.907625086923085,5
1575006,9.914695581647358,5
1575014,9.831679124741276,8
1575031,9.627853357605229,17
1575043,9.769817273732507,12
1575054,9.74756199895511,11
1575062,9.824749042673844,8
1575071,9.831724361947584,9
1575081,9.829555546247105,10
1575087,9.90050623815998,6
1575092,9.911080921787134,5
1575099,9.879129105484783,7
1575105,9.913502574586834,6
1575115,9.812306411117916,10
1575123,9.84648093055966,8
1575140,9.609254474822325,17
1575146,9.899653062523255,6
1575159,9.700844778261452,13
1575167,9.849784246882482,8
1575173,9.893721698375407,6
1575178,9.908592038162869,5
1575186,9.878025932616644,8
1575188,9.985576396186126,2
1575203,9.70336443812512,15
1575217,9.709910229252163,14
1575235,9.610320846907866,18
1575241,9.906509466384616,6
1575251,9.774494516747087,10
1575252,10.0,1
1575258,9.887471706365687,6
1575288,9.439542068573225,30
1575302,9.727908651504677,14
1575314,9.732890138092678,12
1575320,9.88555633474596,6
1575334,9.745140023725373,14
1575344,9.790797961014931,10
1575354,9.84714865932795,10
1575364,9.828501510014915,10
1575365,10.0,1
1575379,9.750302358019887,14
1575391,9.743230989997095,12
1575396,9.912852697835703,5
1575397,10.0,1
1575405,9.855173090874267,8
1575419,9.682770521918123,14
1575434,9.667031680372173,15
1575441,9.874309596238906,7
1575442,10.0,1
1575458,9.682740044917102,16
1575467,9.840394649561768,9
1575470,9.963786213556444,3
1575479,9.762389942384084,9
1575486,9.853757236339456,7
1575505,9.594995966719125,19
1575517,9.529678779667263,12
1575534,9.603706065456212,17
1575546,9.788105115263352,12
1575550,9.852968352900836,4
1575554,9.939204174330296,4
1575561,9.869873639480518,7
1575582,9.491794939837185,21
1575583,9.996198499418297,1
1575597,9.700039508673846,14
1575603,9.899262790234978,6
1575614,9.757124448423147,11
1575615,10.0,1
1575621,9.889559315213852,6
1575634,9.699352673234822,13
1575658,9.415719199775253,24
1575662,9.9448677215998,4
1575669,9.864361569249576,7
1575675,9.915016687510239,6
1575678,9.967727857649015,3
1575681,9.953236651553006,3
1575682,10.0,1
1575697,9.661576634187083,15
1575710,9.718759307474693,13
1575714,9.93078852645875,4
1575721,9.865870358176638,7
1575724,9.968880931601849,3
1576224,-17.083871186188365,500
1576235,9.802935460882761,11
1576252,9.641694366812326,17
1576262,9.81175049568983,10
1576280,9.605251016788095,18
1576288,9.85920074006435,8
1576299,9.767185997411998,11
1576308,9.866831266757691,9
1576312,9.93610206225424,4
1576319,9.881402357659798,7
1576322,9.954955857600762,3
1576323,10.0,1
1576335,9.743243629473007,12
1576345,9.777043652344004,10
1576352,9.882763642280986,7
1576353,10.0,1
1576363,9.774018600581009,10
1576367,9.95160965603012,4
1576372,9.90812819543195,5
1576373,10.0,1
1576387,9.735573676282053,14
1576397,9.805328382276338,10
1576416,9.633915261174394,19
1576429,9.771602302086022,13
1576438,9.804725787052359,9
1576445,9.860921274812831,7
1576472,9.39850393497965,27
1576477,9.903785513835036,5
1576492,9.671668019851174,15
1576493,10.0,1
1576506,9.719087295960454,13
1576521,9.461109679317971,15
1576535,9.72141069826464,14
1576553,9.627192848498401,18
1576567,9.67721153612935,14
1576580,9.719288622725527,13
1576585,9.92162610491786,5
1576589,9.92557148144192,4
1576590,10.0,1
1576614,9.416330494307859,24
1576626,9.752916995315266,12
1576627,10.0,1
1576642,9.725685346370712,15
1576651,9.839096999393828,9
1576666,9.681387144468378,15
1576675,9.796069204889408,9
1576676,10.0,1
1576688,9.748055298193018,12
1576695,9.866455247941158,7
1576707,9.737468127720375,12
1576720,9.738049628328557,13
1576729,9.725978883031617,9
1576744,9.690654432771108,15
1576757,9.710477450654215,13
1576768,9.78060091539576,11
1576773,9.917304057857912,5
1576787,9.711831543508685,14
1576798,9.759485971680371,11
1576806,9.869243379319494,8
1576812,9.881313268318452,6
1576829,9.616364269272868,17
1576845,9.64838929083646,16
1576855,9.805734310148342,10
1576864,9.809056501301733,9
1576877,9.748250854361247,13
1576884,9.861358474183191,7
1576905,9.55700860132166,21
1576907,9.972930799005477,2
1576919,9.748794342578572,12
1576935,9.630299306850937,16
1576944,9.81833766061009,9
1576960,9.675226301593499,16
1576972,9.726751513418714,12
1576985,9.69739525043008,13
1576989,9.93797716505026,4
1576991,9.976052296297071,2
1576999,9.853577025312353,8
1577007,9.845125844071271,8
1577017,9.781307366083418,10
1577023,9.888894694431453,6
1577037,9.73910018817437,14
1577053,9.6533548751966,16
1577065,9.736516311159004,12
1577069,9.941136888214992,4
1577071,9.97266015452288,2
1577075,9.932398989332198,4
1577087,9.7692757340367,12
1577091,9.93857862414606,4
1577092,10.0,1
1577098,9.891440757632546,6
1577099,10.0,1
1577105,9.899840441157087,6
1577115,9.795709795960082,10
1577124,9.805090601419755,9
1577146,9.601227552503525,22
1577160,9.693066034462941,14
1577173,9.730287185183961,13
1577174,10.0,1
1577187,9.713856676825015,13
1577196,9.825643092581295,9
1577201,9.90329371665721,5
1577211,9.76262182867533,10
1577219,9.826910381127846,8
1577239,9.548985193803937,20
1577262,9.447225141343855,23
1577277,9.655629936460064,15
1577286,9.016742853400032,9
1577313,8.620587983986695,27
1577315,9.97084551070165,2
1577323,9.852951153300255,8
1577331,9.85069890150598,8
1577332,10.0,1
1577338,9.91232395854507,6
1577349,9.750644203699082,11
1577356,9.87775101061055,7
1577374,9.59493145735449,18
1577389,9.695703128540798,15
1577399,9.801295503217919,10
1577416,9.692165021980722,17
1577418,9.977364502789083,2
1577420,9.982688766665541,2
1577428,9.876351726878282,8
1577443,9.686280351012323,15
1577458,9.745886513202235,15
1577463,9.936958888919136,5
1577475,9.813145418606506,12
1577480,9.910714150759178,5
1577487,9.870054809275022,7
1577497,9.804154348190862,10
1577501,9.932054208976384,4
1577514,9.705620477581451,13
1577530,9.659606384525913,16
1577540,9.778223363749072,10
1577576,9.250051063978862,36
1577584,9.850177175213249,8
1578084,-86.4402187011256,500
1578093,9.81635355195142,9
1578094,10.0,1
1578142,7.728421889120773,48
1578156,9.319857688839377,14
1578167,9.742422051542643,11
1578179,9.768511914294047,12
1578194,8.895633314519593,15
1578200,9.903532209289388,6
1578209,9.798137589697854,9
1578224,9.57856453246907,15
1578228,9.934411053186947,4
1578261,9.317276011601539,33
1578264,9.959406737008582,3
1578270,9.88504545958581,6
1578278,9.855013809823934,8
1578292,9.672782016499845,14
1578302,9.797800888486288,10
1578316,9.681799242914565,14
1578322,9.892028170682574,6
1578323,9.996301523191276,1
1578333,9.793004213412676,10
1578334,10.0,1
1578337,9.965335487635585,3
1578350,9.734856060774941,13
1578362,9.783645710430067,12
1578370,9.84319427470949,8
1578383,9.709587899796018,13
1578384,10.0,1
1578392,9.829010494673103,8
1578395,9.96414100184319,3
1578406,9.76428687364772,11
1578420,9.705018013909442,14
1578421,10.0,1
1578429,9.841385551350218,8
1578446,9.649755889656337,17
1578459,9.585023681430565,13
1578465,9.906149322111744,6
1578470,9.918123650870678,5
1578487,9.707147053550976,17
1578501,9.64642849973815,14
1578504,9.965124204972396,3
1578516,9.733608043242077,12
1578523,9.893049408167505,7
1578536,9.421188396593763,13
1578542,9.894883683385903,6
1578546,9.939429294659382,4
1578558,9.726545921009293,12
1578570,9.666029958939683,12
1578574,9.949631036444924,4
1578580,9.882107813882419,6
1578588,9.824944792294318,8
1578603,9.682299768123976,15
1578620,9.59627569225444,17
1578627,9.85811226610077,7
1578631,9.936300903283035,4
1578653,9.519969819296316,22
1578658,9.919881262035986,5
1578664,9.908673345545246,6
1578673,9.855487700983048,9
1578681,9.82744695538655,8
1578686,9.922003316768029,5
1578690,9.942057170110477,4
1578696,9.917607941669914,6
1578705,9.836633117590502,9
1578709,9.934400935177393,4
1578715,9.891780230308225,6
1578716,10.0,1
1578727,9.79291734272304,11
1578732,9.923489257201107,5
1578733,10.0,1
1578737,9.933203863600879,4
1578744,9.87004693667374,7
1578754,9.794338207040376,10
1578767,9.732597541117018,13
1578773,9.90216295442874,6
1578784,9.799200222707293,11
1578788,9.948100982183648,4
1578789,10.0,1
1578790,10.0,1
1578795,9.912129834974976,5
1578802,9.880441178470871,7
1578811,9.832597756931856,9
1578817,9.900724246883078,6
1578825,9.847952012049184,8
1578847,9.530328718158698,22
1578854,9.864218864722696,7
1578873,9.590464924135249,19
1578897,9.49152706761882,24
1578907,9.79833604840795,10
1578911,9.9521631970712,4
1578923,9.768357143712299,12
1578933,9.819531726902209,10
1578934,10.0,1
1578942,9.87755645816464,8
1578947,9.907159089462063,5
1578954,9.876469541557409,7
1578966,9.73643555751719,12
1579084,7.741409486103718,118
1579102,9.608303451273201,18
1579111,9.808287796639666,9
1579113,9.969647778169454,2
1579120,9.859461782598064,7
1579122,9.967183053701781,2
1579163,8.77407606620119,41
1579171,9.855776828111063,8
1579179,9.856336121521085,8
1579188,9.801875993598808,9
1579192,9.942405082031518,4
1579199,9.865731319890756,7
1579217,9.596934363881514,18
1579229,9.753361526379319,12
1579237,9.835538251641236,8
1579246,9.816564960715588,9
1579254,9.642972418250675,8
1579261,9.88764015099901,7
1579272,9.790560273664456,11
1579280,9.84008335003822,8
1579291,9.760307609144546,11
1579300,9.813615017894397,9
1579317,9.656103710195305,17
1579325,9.847412231719181,8
1579334,9.828134502036827,9
1579344,9.805646583354262,10
1579353,9.841766226243514,9
1579366,9.715784708923913,13
1579369,9.955857714666536,3
1579379,9.788597324496099,10
1579391,9.73282019639712,12
1579397,9.877550342360369,6
1579401,9.93885310960651,4
1579404,9.94627759331924,3
1579416,9.721589832564112,12
1579424,9.856479013121914,8
1579435,9.763340964580848,11
1579436,9.996332443288061,1
1579451,9.656451474868511,15
1579464,9.74557287227176,13
1579471,9.867613820051565,7
1579472,10.0,1
1579477,9.927646519097785,5
1579482,9.908602199828026,5
1579490,9.860225279105503,8
1579499,9.842874442684858,9
1579507,9.845138671822939,8
1579513,9.87425363807005,6
1579523,9.765707423560768,10
1579524,10.0,1
1579536,9.72917635765261,12
1579542,9.891543288998522,6
1579550,9.870623603363518,8
1579561,9.761005590744196,11
1579575,9.711891552510611,14
1579595,9.541031312773091,20
1579596,10.0,1
1579598,9.972730821505863,2
1579600,9.977406761115903,2
1579618,9.570197175777297,18
1579634,9.636907953217003,16
1579643,9.824615359121134,9
1579657,9.704399500133237,14
1579658,10.0,1
1579672,9.680891680833147,14
1579677,9.909842368859671,5
1579696,9.122142124894667,19
1579716,9.533796571284357,20
1579744,9.377597440609991,28
1579755,9.785215834995332,11
1579760,9.917681489819925,5
1579771,9.808285295093523,11
1579794,9.54867940278344,23
1579808,9.700706420560788,14
1579833,9.55210314242047,25
1579870,9.309105139657586,37
1579876,9.902329591175203,6
1579889,9.713817239575805,13
1579901,9.730745152202918,12
1579917,9.64114376659177,16
1579934,9.658351840622837,17
1579939,9.922029036831695,5
1579946,9.86815961482215,7
1579959,9.70481776734638,13
1579966,9.865031757359898,7
1579982,9.610339236479792,16
1579994,9.733586900664076,12
1580006,9.74632329766782,12
1580012,9.891081699598113,6
1580017,9.924970096066282,5
1580029,9.763122713667954,12
1580033,9.938531259237765,4
1580048,9.657266559437101,15
1580049,10.0,1
1580069,9.570316272970556,20
1580084,9.69081935322554,15
1580099,9.558120290990763,15
1580107,9.847788235616052,8
1580118,9.764348896642161,11
1580136,9.580871734637974,18
1580153,9.6082308935749,17
1580154,10.0,1
1580165,9.767051027898669,11
1580173,9.845913511888211,8
1580188,9.653325652033082,15
1580189,10.0,1
1580190,10.0,1
1580191,10.0,1
1580203,9.745769702822813,12
1580207,9.932527266452642,4
1580221,9.691410749918013,14
1580231,9.68037180000356,10
1580241,9.794121558443823,10
1580251,9.809185557740504,10
1580264,9.713082086204079,13
1580283,9.57896937893223,19
1580287,9.941998601103297,4
1580304,9.677137176697652,17
1580326,9.535060953642384,22
1580333,9.897246498133326,7
1580339,9.922590466593295,6
1580345,9.907324570736892,6
1580354,9.8393263300289,9
1580358,9.941801977583086,4
1580372,9.717079351253693,14
1580379,9.799859149810253,7
1580389,9.793655748158496,10
1580396,9.893381109855785,7
1580401,9.913498629594706,5
1580412,9.776848399004631,11
1580448,9.233118180179812,36
1580450,9.968168743015983,2
1580460,9.800096159859162,10
1580470,9.784527814057647,10
1580483,9.735678485267414,13
1580487,9.932988394016242,4
1580501,9.725979407329671,14
1580511,9.809248161039395,10
1580518,9.868469146866197,7
1580531,9.731747517500171,13
1580532,10.0,1
1580545,9.628695597677572,13
1580560,9.66561263161014,15
1580561,10.0,1
1580574,9.717128886108846,13
1580584,9.793298758545784,10
1580593,9.831866452594292,9
1580607,9.660684075933233,14
1580623,9.676564588919206,16
1580629,9.901076882575584,6
1580634,9.922723677675394,5
1580660,9.491867978765661,26
1580671,9.82695122358458,11
1580680,9.843010650949763,9
1580689,9.842427850582379,9
1580695,9.893721815334361,6
1580703,9.84987628973115,8
1580711,9.861846575465346,8
1580728,9.62247508578414,17
1580738,9.822451485827338,10
1580754,9.661999058357232,16
1580763,9.851274328800164,9
1580782,9.586564459732864,19
1580783,10.0,1
1580794,9.779234296515526,11
1580819,9.419570282980793,25
1580833,9.724812883108525,14
1580836,9.95193217287719,3
1580848,9.798108532046555,12
1580849,10.0,1
1580857,9.854844507489016,8
1580872,9.685687606965413,15
1580889,9.644718778127501,17
1580892,9.94573441077415,3
1580900,9.837918056534319,8
1580912,9.765091653122118,12
1580921,9.798516046395402,9
1580923,9.96767355054883,2
1580931,9.863101950867568,8
1580932,10.0,1
1580937,9.941506386965115,5
1580948,9.766610862766624,11
1580952,9.930734542368157,4
1580970,9.455678800726755,18
1580985,9.658909559455376,15
1580991,9.897687321856496,6
1581003,9.764533908157825,12
1581014,9.740869436442914,11
1581020,9.8882741677,6
1581024,9.945927554819974,4
1581025,10.0,1
1581029,9.953663452907232,4
1581045,9.64948684430396,16
1581059,9.686685678493706,14
1581072,9.770337175423911,13
1581080,9.87161799925739,8
1581090,9.785590097348091,10
1581103,9.753220273693032,13
1581113,9.777241920880822,10
1581114,10.0,1
1581126,9.703204026849438,12
1581144,9.654037527517607,18
1581162,9.660135360239906,18
1581165,9.949594964500193,3
1581166,9.987198381944285,1
1581180,9.402586594541752,14
1581194,9.667506282686,14
1581202,9.846899679496003,8
1581213,9.812027618780224,11
1581224,9.771896535564444,11
1581238,9.683586200530252,14
1581250,9.55672516531713,12
1581263,9.714668664018681,13
1581286,9.457205600922691,23
1581297,9.749478494822213,11
1581314,9.590959181825422,17
1581326,9.740645371581072,12
1581345,9.624327832259427,19
1581354,9.832582505122243,9
1581372,9.573533735750251,18
1581389,8.952259955470783,17
1581402,9.737684788490851,13
1581409,9.873352048921577,7
1581417,9.866315261230616,8
1581425,9.819309039688525,8
1581429,9.936242130558586,4
1581440,9.775215897218718,11
1581450,9.843411676647628,10
1581462,9.761143113749371,12
1581463,10.0,1
1581478,9.655839118217319,15
1581485,9.888856196071583,7
1581494,9.824325212791939,9
1581505,9.832033604429597,11
1581510,9.912711079596644,5
1581511,10.0,1
1581523,9.745568806136175,12
1581535,9.757643083661446,12
1581548,9.717900030893363,13
1581558,9.796178209257786,10
1581563,9.91242690353721,5
1581644,8.528468654866463,81
1581652,9.837492953612752,8
1581678,9.521111687866787,26
1581697,9.633034281425036,19
1581698,10.0,1
1581714,9.63255161748263,16
1581726,9.75634978225825,12
1581737,9.776191190343374,11
1581738,10.0,1
1581749,9.782060445096741,11
1581758,9.816169192167802,9
1581773,9.629487390647334,15
1581782,9.816591747682242,9
1581783,10.0,1
1581791,9.829437262994341,8
1581798,9.855342099207508,7
1581801,9.962501123311094,3
1581802,10.0,1
1581808,9.897068523269668,6
1581818,9.80458125304553,10
1581819,10.0,1
1581833,9.754582548810264,14
1581843,9.774108707151903,10
1581854,9.786646558460765,11
1581866,9.767362059454785,12
1581886,9.137234461993202,20
1581887,10.0,1
1581889,9.972687008090466,2
1581901,9.728921624283496,12
1581909,9.852403024491768,8
1581923,9.72475968345068,14
1581935,9.731796711060017,12
1581949,9.385520770033745,14
1581955,9.902126390298806,6
1581964,9.79368287730029,9
1581965,10.0,1
1581966,10.0,1
1581970,9.938153411931216,4
1581988,9.620172549662815,18
1581994,9.903020338961655,6
1582005,9.751195309604165,11
1582012,9.871534666862889,7
1582019,9.869206635072459,7
1582030,9.755329576966798,11
1582034,9.725893302167869,4
1582052,9.624691545441838,18
1582053,10.0,1
1582065,9.758671110248345,12
1582083,9.65835492864995,18
1582091,9.8537470411176,8
1582102,9.765166745337265,11
1582112,9.791366977954974,10
1582125,9.713302850413045,13
1582133,9.871205000743755,8
1582137,9.946907974948731,4
1582147,9.768906428568993,10
1582161,9.728208387298162,14
1582174,9.694143406165544,13
1582182,9.62759236052294,8
1582192,9.797652717462903,10
1582205,9.730310264107606,13
1582211,9.894970495349556,6
1582223,9.745207218964067,12
1582245,9.395327661647753,22
1582253,9.854743245413617,8
1582263,9.81753744801662,10
1582274,9.758885659557622,11
1582275,9.992594181993939,1
1582284,9.81026284547047,9
1582299,9.655500224949087,15
1582315,9.688768595079223,16
1582334,9.640830445232128,19
1582348,9.715038504515288,14
1582351,9.96688331946762,3
1582371,9.505624169119676,20
1582378,9.874431505947275,7
1582384,9.89562637933029,6
1582398,9.697343011199932,14
1582411,9.725587978267157,13
1582414,9.960212588091757,3
1582426,9.766940305005006,12
1582437,9.786716587624154,11
1582439,9.780595760603443,2
1582451,9.71005705160856,12
1582460,9.829665930627664,9
1582471,9.77039370737922,11
1582481,9.833048336050329,10
1582487,9.89830196692494,6
1582499,9.740914511420943,12
1582506,9.882249048296934,7
1582509,9.948025260544703,3
1582510,9.98831219866748,1
1582519,9.822874654711532,9
1582531,9.759808833686694,12
1582536,9.91165499690194,5
1582537,10.0,1
1582544,9.894664358031058,7
1582547,9.957366955707064,3
1582559,9.728018416302746,12
1582573,9.774148397557504,14
1582574,10.0,1
1582592,9.430125930808119,18
1582607,9.66751764728357,15
1582631,9.367020929659798,24
1582647,9.639182010224735,16
1582652,9.912248155593817,5
1582668,9.683870849443682,16
1582679,9.80382276708402,11
1582680,9.988513817634999,1
1582689,9.825494830677613,9
1582701,9.756775883179275,12
1582708,9.894084618574198,7
1582722,9.685086584406394,14
1582727,9.907908156458724,5
1582731,9.931482762030246,4
1582738,9.886982082970723,7
1582754,9.722785167136248,16
1582770,9.648445912387182,16
1582771,10.0,1
1582776,9.916545635367891,5
1582784,9.86831252829042,8
1582790,9.889125677993462,6
1582794,9.942473280693218,4
1582798,9.940082315025533,4
1582803,9.909863919146122,5
1582813,9.795130844256821,10
1582825,9.758542879333163,12
1582847,9.540815934920918,22
1582863,9.69607026540543,16
1582871,9.83815248126375,8
1582880,9.821121315841484,9
1582891,9.760294570059154,11
1582900,9.803660153299765,9
1582919,9.08196226580361,19
1582920,10.0,1
1582950,9.408409148138334,30
1582951,10.0,1
1582958,9.897725659978223,7
1582962,9.934506103274662,4
1582963,10.0,1
1582995,9.281668078832622,32
1583019,9.568320158619022,24
1583037,9.635106537107877,18
1583044,9.880230422523466,7
1583053,9.817122593208964,9
1583063,9.791406948493952,10
1583078,9.667611161218344,15
1583102,9.445377440115108,24
1583112,9.691571067955321,10
1583123,9.765077034334542,11
1583130,9.868165100304173,7
1583151,9.529453165353464,21
1583158,9.865160415516716,7
1583170,9.797378612354011,12
1583175,9.920715377681477,5
1583185,9.788760965481298,10
1583188,9.962307936552637,3
1583194,9.887995662675484,6
1583195,9.995953605953595,1
1583216,9.565589259992493,21
1583227,9.805156963512644,11
1583236,9.84228215499533,9
1583248,9.75543244573164,12
1583261,9.73683100630327,13
1583266,9.936907678947943,5
1583271,9.920361146793033,5
1583279,9.824829110872402,8
1583294,9.662916215087218,15
1583302,9.844733008365811,8
1583322,9.4937498678293,20
1583333,9.782388813243513,11
1583345,9.738959891386905,12
1583350,9.920666943321866,5
1583352,9.970769406399226,2
1583365,9.70824308974432,13
1583372,9.866452316395604,7
1583383,9.780409962040137,11
1583390,9.875008401409545,7
1583391,10.0,1
1583398,9.874702210638857,7
1583436,8.608668634174684,38
1583450,9.524974761289798,14
1583466,9.631652383935748,16
1583471,9.913723578382005,5
1583481,9.759538621883996,10
1583490,9.811225310602076,9
1583503,9.734099735094507,13
1583521,9.616309135390518,18
1583540,9.490573687064732,19
1583546,9.895258976994526,6
1583556,9.812182071106108,10
1583564,9.835881770512506,8
1583580,9.695546254973417,16
1583597,9.597923380801562,17
1583604,9.857658302737304,7
1583626,9.528067736058649,22
1583631,9.910946666135915,5
1583644,9.696862330114088,13
1583652,9.848954425998478,8
1583670,9.614268676418774,18
1583682,9.738672337980748,12
1583701,9.599347635660049,19
1583721,9.565290033663393,20
1583763,9.3062819583303,42
1583768,9.927169369413486,5
1583777,9.808548500784715,9
1583781,9.940620298095233,4
1583796,9.644368960833258,15
1583803,9.892876142361974,7
1583815,9.78409920463827,12
1583827,9.72463597721061,12
1583837,9.828208341669582,10
1583838,10.0,1
1583849,9.7827974873949,11
1583856,9.876050884578774,7
1583867,9.7890477146817,11
1583878,9.74130246078926,11
1583888,9.788299796672081,10
1583895,9.868130754435706,7
1583905,9.811675560616804,10
1583914,9.842763120671663,9
1583928,9.663890730517723,14
1583934,9.887539537117526,6
1583947,9.711530919225096,13
1583959,9.732841877047854,12
1583968,9.814336946429826,9
1583983,9.678322878377971,15
1583993,9.803105161143716,10
1583996,9.967333244804284,3
1583997,10.0,1
1584012,9.642604427076442,15
1584022,9.794369309357553,10
1584033,9.785406568423877,11
1584044,9.76701342293433,11
1584051,9.868213651648501,7
1584056,9.911395021702772,5
1584060,9.948304712151808,4
1584075,9.721475015400681,15
1584080,9.933425734704407,5
1584089,9.822126131600147,9
1584098,9.82053707073391,9
1584111,9.698176621678204,13
1584112,10.0,1
1584114,9.985049947348005,2
1584118,9.94125616354873,4
1584124,9.888090227107016,6
1584131,9.881926831894706,7
1584143,9.778214054348718,12
1584158,9.702731996411543,15
1584170,9.72400874980355,12
1584182,9.726038816297887,12
1584186,9.943229507777657,4
1584199,9.736879645135962,13
1584202,9.965308082772339,3
1584218,9.409518834898575,16
1584229,9.787114442659703,11
1584244,9.640491183638717,15
1584245,9.992042403575681,1
1584246,10.0,1
1584249,9.966728927493516,3
1584255,9.909784874750663,6
1584264,9.816487058876216,9
1584278,9.358218280110764,14
1584281,9.951710471784466,3
1584290,9.82367029175029,9
1584292,9.979807655704722,2
1584309,9.639582456482014,17
1584315,9.888509897066122,6
1584325,9.846246474570766,10
1584328,9.959725825679975,3
1584337,9.816644781667044,9
1584346,9.819715104463224,9
1584360,9.517055630985624,14
1584372,9.705154023294549,12
1584373,10.0,1
1584386,9.696594495633597,13
1584389,9.960422021363815,3
1584411,9.55874750974784,22
1584417,9.899019911033237,6
1584418,9.98954918362958,1
1584441,9.081017500220776,23
1584446,9.9157823126681,5
1584454,9.857834217428673,8
1584466,9.709062431407764,12
1584474,9.855827518263062,8
1584492,9.572552097146565,18
1584501,9.807811867789347,9
1584515,9.71194960422336,14
1584534,9.570841323899984,19
1584541,9.863640741177408,7
1584552,9.784925672139476,11
1584566,9.709270120088524,14
1584573,9.860714503833803,7
1584583,9.82669372131091,10
1584595,9.775135641826305,12
1584606,9.799926799320781,11
1584613,9.87906384369784,7
1584619,9.876632727756244,6
1584627,9.846867104741431,8
1584632,9.921937924303442,5
1584646,9.679390097433826,14
1584657,9.79781879356484,11
1584667,9.7954368324815,10
1584669,9.969927544967025,2
1584684,9.674416363206479,15
1584692,9.81926056699718,8
1584708,8.825937745864255,16
1584717,9.802023087870168,9
1584719,9.974038796612676,2
1584732,9.720906578269073,13
1584744,9.743224489978173,12
1584747,9.967885594189358,3
1584761,9.667421652189995,14
1584773,9.712690297900096,12
1584795,9.43267673778516,22
1584816,9.470000934563554,21
1584817,10.0,1
1584826,9.83098695806402,9
1584848,9.463536949426839,22
1584860,9.748632084270845,12
1584864,9.94920393258245,4
1584865,9.988817190369348,1
1584875,9.794929883014424,10
1584889,9.714808037327584,14
1584903,9.66518177538647,14
1584908,9.913748429849823,5
1584916,9.844099068269012,8
1584921,9.927781540675005,5
1584929,9.849017213598165,8
1584938,9.808248681467516,9
1584946,9.744660665765233,8
1584972,9.431408376824933,26
1584982,9.78704235112855,10
1584996,9.7046014166283,14
1585016,9.561440996561954,20
1585031,9.69875554019939,15
1585043,9.328845031870888,12
1585054,9.295672709358946,11
1585066,9.746227649282996,12
1585067,9.993430506997477,1
1585076,9.819273694202181,9
1585079,9.95667663918573,3
1585089,9.800356975948056,10
1585103,9.686881365560794,14
1585113,9.813950592454843,10
1585114,9.993258547019831,1
1585125,9.773113299192211,11
1585135,9.852381030239304,10
1585144,9.851030709663647,9
1585157,9.707802486427173,13
1585162,9.9235712612984,5
1585163,10.0,1
1585164,10.0,1
1585190,9.435844740985608,26
1585193,9.953514879483363,3
1585210,9.585854562036376,17
1585216,9.612999580142425,6
1585236,9.565360853816639,20
1585243,9.854409841694194,7
1585256,9.705693416853984,13
1585261,9.92263642449953,5
1585272,9.592317349823926,11
1585273,10.0,1
1585283,9.810804066176843,10
1585290,9.661568630702082,7
1585295,9.910354118571085,5
1585296,9.996372893187777,1
1585308,9.742999580719921,12
1585318,9.82877923128045,10
1585331,9.711798405101439,13
1585341,9.781808317072688,10
1585360,9.556788634291575,19
1585365,9.932533561000984,5
1585377,9.739325013213321,12
1585393,9.638021018494712,16
1585395,9.972296075871874,2
1585398,9.947208063791978,3
1585410,9.731694403332527,12
1585411,9.992317643367945,1
1585417,9.879815978599328,6
1585421,9.925093807623647,4
1585442,9.11236307737973,21
1585459,9.633606190701073,17
1585477,9.573504882688406,18
1585481,9.950846781759045,4
1585494,9.712551246772605,13
1585508,9.729135972460798,14
1585519,9.778327194086607,11
1585526,9.862379136384964,7
1585548,9.481710489202827,22
1585558,9.831901774406106,10
1585567,9.73274471159648,9
1585588,9.5180192609382,21
1585601,9.744746858332046,13
1585613,9.772166449575476,12
1585630,9.626827028681666,17
1585648,9.608073460996808,18
1585660,9.729431001089289,12
1585666,9.894575278079227,6
1585673,9.8710077288364,7
1585684,9.765200970864042,11
1585695,9.755773141163246,11
1585696,10.0,1
1585700,9.931831602641429,4
1585709,9.82329547647293,9
1585715,9.905249646636776,6
1585730,9.665178190729975,15
1585734,9.930659523838171,4
1585746,9.791322328925325,12
1585761,9.660348079710468,15
1585772,9.759808816705137,11
1585795,9.520919339421663,23
1585802,9.86100413613939,7
1585809,9.869945740467404,7
1585812,9.947660236967078,3
1585827,9.670397282341641,15
1585841,9.705638237700931,14
1585855,9.66795054737878,14
1585864,9.81276014392537,9
1585865,9.987982281112865,1
1585875,9.796195800949935,10
1585880,9.924648769476818,5
1585887,9.8653909341281,7
1585907,9.566195816146863,20
1585920,9.717924796435545,13
1585922,9.977496162110766,2
1585931,9.787999405929424,9
1585933,9.985767500369569,2
1585941,9.846903820576586,8
1585948,9.895123331466696,7
1585959,9.766166399682744,11
1585973,9.727106337233545,14
1585984,9.770788024587716,11
1585995,9.782152380910988,11
1585999,9.94118358324711,4
1586006,9.88945106997354,7
1586011,9.925225732796328,5
1586024,9.731929751356448,13
1586033,9.820010972253044,9
1586039,9.895412321790634,6
1586040,10.0,1
1586043,9.964766590675373,3
1586054,9.795318842582558,11
1586059,9.935769332874193,5
1586070,9.755575570867089,11
1586076,9.904081561601695,6
1586084,9.869564667930431,8
1586093,9.833203374566716,9
1586111,9.612783074063879,18
1586112,10.0,1
1586117,9.901505781138686,5
1586135,9.568378196233434,18
1586153,9.600188766035409,18
1586162,9.836552941024726,9
1586174,9.723166185834359,12
1586190,9.661089370031425,16
1586193,9.965377147984947,3
1586201,9.8452786677705,8
1586215,9.721012216004961,14
1586224,9.814012066051855,9
1586225,10.0,1
1586226,9.98868933734754,1
1586237,9.7526268136801,11
1586241,9.936691412101174,4
1586248,9.867980644844225,7
1586256,9.837234385371538,8
1586260,9.950911128929846,4
1586271,9.75148542722909,11
1586280,9.810528444818543,9
1586288,9.839063964909462,8
1586294,9.906835630973495,6
1586316,9.488008636701233,22
1586321,9.936030553860505,5
1586333,9.789773923534073,12
1586334,10.0,1
1586343,9.823364364338659,9
1586348,9.92368457504767,5
1586352,9.941723299970887,4
1586357,9.912690790246664,5
1586374,9.61147732112891,17
1586382,9.828741282029245,8
1586409,8.618728265521062,27
1586426,9.644417230588399,17
1586431,9.93079694004872,5
1586441,9.790392028034661,10
1586454,9.721924641362307,13
1586464,9.79808137821351,10
1586467,9.96285161219988,3
1586473,9.888230520494815,6
1586478,9.915375397549733,5
1586487,9.828788489354398,9
1586493,9.887267223456725,6
1586494,10.0,1
1586499,9.924674884033271,5
1586506,9.885527281414374,7
1586520,9.693267238352792,14
1586529,9.835239138165955,9
1586545,9.662264575950681,16
1586557,9.760769905903231,12
1586559,9.969624800206219,2
1586581,9.301924515053129,22
1586590,9.83735498202129,9
1586601,9.784059725356421,11
1586615,9.703007085487698,14
1586635,9.559523912372503,20
1586646,9.76754381919761,11
1586656,9.797321378943154,10
1586668,9.739732593554105,12
1586675,9.859298462179256,7
1586681,9.900181953127916,6
1586685,9.945604163836977,4
1586703,9.600001006880216,18
1586711,9.857423192274213,8
1586724,9.734101585851098,13
1586728,9.927901708086463,4
1586737,9.824734815509803,9
1586748,9.765901018271617,11
1586753,9.918053507278106,5
1586754,10.0,1
1586756,9.97412336173011,2
1586767,9.819328963860203,11
1586773,9.88895748036713,6
1586787,9.650915131945789,14
1586799,9.74057920560053,12
1586814,9.677006707461967,15
1586820,9.886717270856243,6
1586825,9.925015515652634,5
1586834,9.817027226777068,9
1586851,9.483422283810906,17
1586858,9.87842365488872,7
1586859,10.0,1
1586860,10.0,1
1586866,9.890885545197632,6
1586876,9.800994225364533,10
1586886,9.805687554213067,10
1586887,9.989305912405396,1
1586900,9.69719937073182,13
1586902,9.971707246493331,2
1586917,9.661919789133826,15
1586923,9.896347078569649,6
1586940,9.117536824252483,17
1586953,9.692664772291089,13
1586955,9.985316440264834,2
1586968,9.732574125759655,13
1586971,9.958389212333445,3
1586981,9.825911685531297,10
1586999,9.588938588808785,18
1587009,9.621033370454837,10
1587014,9.917829829450096,5
1587027,9.744381767352149,13
1587035,9.826475675056741,8
1587036,9.988375945353777,1
1587038,9.976488460535762,2
1587039,9.988299528261898,1
1587040,10.0,1
1587049,9.835984671599544,9
1587059,9.80169927078563,10
1587075,8.978631733480439,16
1587079,9.950946103005684,4
1587097,9.581513423747875,18
1587110,9.692478855393148,13
1587119,9.830252656218521,9
1587131,9.73606045073625,12
1587154,9.550142070189708,23
1587171,9.623145845001044,17
1587187,9.610634054127816,16
1587197,9.808018438634729,10
1587198,10.0,1
1587201,9.970518086329767,3
1587244,9.33509639959725,43
1587248,9.940002674988968,4
1587254,9.899666278709663,6
1587260,9.908118904508305,6
1587275,9.692488076470019,15
1587286,9.80220376465985,11
1587287,10.0,1
1587298,9.745020415093077,11
1587323,9.509737400626346,25
1587326,9.966753024991261,3
1587335,9.843075319969211,9
1587346,9.800080250512808,11
1587352,9.902611084256803,6
1587362,9.802707093137606,10
1587374,9.732064559321213,12
1587391,9.595276677665113,17
1587410,9.38148560619971,19
1587421,9.77087509466577,11
1587430,9.832117765234669,9
1587440,9.825458350154776,10
1587448,9.887970016760606,8
1587459,9.798533346027066,11
1587469,9.764639361907905,10
1587477,9.85236235716185,8
1587488,9.80869473980317,11
1587497,9.814901193906966,9
1587509,9.748881485268182,12
1587513,9.943167605500845,4
1587518,9.928613007439713,5
1587519,10.0,1
1587534,9.692220004772018,15
1587547,9.723910785828554,13
1587567,9.542760264319465,20
1587571,9.95031814156469,4
1587577,9.891774806173775,6
1587605,9.400177536970357,28
1587620,9.674193786003794,15
1587626,9.883307673935276,6
1587629,9.967469085081316,3
1587635,9.89715596022042,6
1587647,9.770816642998522,12
1587648,10.0,1
1587659,9.769349437855698,11
1587678,9.575201363772658,19
1587679,10.0,1
1587683,9.92412300766545,4
1587697,9.688888733746392,14
1587706,9.836699199237486,9
1587716,9.809016698453346,10
1587717,10.0,1
1587726,9.851238171799094,9
1587732,9.883424742263443,6
1587740,9.871542909644644,8
1587755,9.700370428798676,15
1587760,9.921929744514236,5
1587772,9.76591720773811,12
1587776,9.632343509059734,4
1587786,9.828621352097805,10
1587793,9.870804851633999,7
1587796,9.951109184793195,3
1587815,9.542048694064023,19
1587820,9.927795663755715,5
1587830,9.829023039070671,10
1587837,9.861707698062894,7
1587848,9.773075652560905,11
1587849,10.0,1
1587862,9.762604860021268,13
1587868,9.893754142051078,6
1587876,9.845415313892353,8
1587877,10.0,1
1587884,9.870387707623259,7
1587899,9.659733256393595,15
1587906,9.8930438334265,7
1587914,9.846199593148066,8
1587915,10.0,1
1587919,9.935858083702858,4
1587924,9.912285782520794,5
1587931,9.845010937095733,7
1587940,9.820151023156448,9
1587955,9.686403770289935,15
1587956,9.988350371286524,1
1587974,9.587094747618048,18
1587984,9.812313149731034,10
1587990,9.89794767933935,6
1587991,9.995980306594827,1
1587995,9.934728815672388,4
1588009,9.728430024765208,14
1588015,9.904967109398925,6
1588027,9.719086859506714,12
1588037,9.58438059003895,10
1588054,9.652903527122369,17
1588060,9.877862931214427,6
1588061,10.0,1
1588072,9.77166687086457,11
1588086,9.743027871692048,14
1588094,9.859793641736731,8
1588107,9.71967806199716,13
1588115,9.86536092584559,8
1588134,9.534625751283205,19
1588147,9.753239464865349,13
1588159,9.796617014185081,12
1588173,9.699972620911929,14
1588185,9.731024799286212,12
1588198,9.698494931827911,13
1588206,9.822033990433612,8
1588222,9.657424217473613,16
1588228,9.891004085789682,6
1588236,9.830290704325286,8
1588240,9.942744114819014,4
1588251,9.762266738592858,11
1588264,9.700009291905996,13
1588274,9.79850730624018,10
1588282,9.844342746387163,8
1588297,9.696857157990992,15
1588299,9.97195290802928,2
1588302,9.951689181842802,3
1588303,10.0,1
1588310,9.85041146287546,7
1588314,9.942591223289226,4
1588315,9.991934167279954,1
1588334,9.579060158982047,19
1588344,9.786416091638552,10
1588361,9.58810407606171,17
1588370,9.825394250445015,9
1588387,9.623850419031445,17
1588395,9.866840599453758,8
1588404,9.81850081017899,9
1588416,9.772071647299096,12
1588429,9.688989142850668,13
1588441,9.751769377089289,12
1588445,9.948640262405876,4
1588455,9.83188799711477,10
1588460,9.908857520799367,5
1588474,9.681006959797184,14
1588482,9.830448635983368,8
1588483,10.0,1
1588496,9.695892347186847,13
1588501,9.918125266227054,5
1588510,9.827382630283248,9
1588524,9.718028943469779,14
1588533,9.824212843626697,9
1588534,9.993265838545732,1
1588535,9.996526108237283,1
1588547,9.557078085112071,12
1588555,9.84717876418959,8
1588565,9.802022376085626,10
1588578,9.723125393896394,13
1588589,9.77848985386176,11
1588601,9.767885729395829,12
1588612,9.78191344593061,11
1588618,9.914087328163905,6
1588628,9.783795936710131,10
1588641,9.734644652104693,13
1588655,9.683874283740264,14
1588668,9.77677583685419,13
1588686,9.605784382279005,18
1588687,10.0,1
1588701,9.688371463517527,14
1588707,9.900290706605452,6
1588716,9.824442380712288,9
1588717,10.0,1
1588723,9.885541333347494,6
1588734,9.781397431277004,11
1588735,9.996312707160065,1
1588745,9.83531662991285,10
1588760,9.674315061377023,15
1588775,9.638194720109295,15
1588786,9.769572784856912,11
1588800,9.664260334127732,14
1588814,9.70436170933493,14
1588826,9.771359588951281,12
1588836,9.397781049490014,10
1588846,9.788016428424703,10
1588854,9.848471413534156,8
1588870,9.623596891125052,16
1588875,9.898859139749213,5
1588889,9.743414729291121,14
1588896,9.881110042429722,7
1588909,9.6737944360544,13
1588922,9.718795167321835,13
1588930,9.83541438419644,8
1588937,9.85249701092078,7
1588954,9.659831753867495,17
1588986,9.445342066805022,32
1588995,9.813676921144932,9
1589008,9.695236357115453,13
1589016,9.859849371386499,8
1589020,9.925820730794237,4
1589028,9.85170649551316,8
1589037,9.822318485926786,9
1589043,9.895820947451533,6
1589055,9.632591050480952,12
1589058,9.951032175532918,3
1589059,10.0,1
1589064,9.922177729975852,5
1589072,9.840902129044018,8
1589080,9.855267281206528,8
1589091,9.772696929045374,11
1589094,9.967129529692743,3
1589099,9.921748829124647,5
1589106,9.877048321378709,7
1589107,10.0,1
1589118,9.778990897450857,11
1589128,9.799975131047894,10
1589136,9.837684316968435,8
1589144,9.828578398447668,8
1589156,9.535241935308681,12
1589162,9.90672911661604,6
1589167,9.91873701148548,5
1589196,9.432894733610189,29
1589203,9.867998475847914,7
1589211,9.815571759691185,8
1589221,9.79282906017883,10
1589222,10.0,1
1589230,9.846740650835512,8
1589241,9.656211868801734,11
1589248,9.877550919811421,7
1589252,9.937311796910175,4
1589258,9.876436802409724,6
1589273,9.702711128682733,15
1589281,9.844288488635089,8
1589286,9.908437576124076,5
1589299,9.704238915105318,13
1589300,10.0,1
1589310,9.786706557239379,10
1589312,9.976283679434665,2
1589322,9.758848968041331,10
1589323,10.0,1
1589332,9.845508838206928,9
1589335,9.964530709650369,3
1589344,9.780823775967045,9
1589366,9.52056520707435,22
1589372,9.90327270377473,6
1589378,9.89581823331656,6
1589384,9.885525170356837,6
1589398,9.630232564496225,14
1589404,9.892253230594717,6
1589418,9.77110793535392,14
1589419,10.0,1
1589438,9.59521974107555,19
1589442,9.742735481153073,4
1589462,9.563712779217747,20
1589470,9.860684502075161,8
1589480,9.772310571237975,10
1589490,9.807977544622869,10
1589496,9.898335656070024,6
1589501,9.908325011885532,5
1589509,9.88597620024224,8
1589535,9.425881378858172,26
1589561,9.3988043656895,26
1589577,9.645315054151357,16
1589583,9.924103379495742,6
1589593,9.781824513755604,10
1589605,9.777396030990555,12
1589620,9.628763178655234,15
1589628,9.881653170844913,8
1589639,9.765522546612264,11
1589655,8.890351049974175,16
1589660,9.92588053881929,5
1589682,9.448918511978437,22
1589690,9.84076409417357,8
1589697,9.881006791270133,7
1589699,9.9733684217723,2
1589713,9.718767460587348,14
1589722,9.813040633372971,9
1589735,9.755831109759113,13
1589744,9.821163221277846,9
1589752,9.839725448739168,8
1589766,9.739961915003319,14
1589775,9.818747040630328,9
1589809,9.28833354122045,34
1589825,9.6448024529464,16
1589834,9.83574036179736,9
1589838,9.928660006251247,4
1589855,9.709354422887397,17
1589866,9.758552372275197,11
1589876,9.769556918442944,10
1589887,9.760906545468968,11
1589891,9.933988264095909,4
1589892,9.988874208328104,1
1589898,9.904821217402104,6
1589906,9.84046432488777,8
1589922,9.647519104057055,16
1589948,9.471055829237262,26
1589958,9.834079763992642,10
1589968,9.791771419524586,10
1589975,9.87262038258992,7
1589976,10.0,1
1589984,9.85647773233882,8
1589997,9.730068171403088,13
1590001,9.94888651355838,4
1590003,9.98043860812958,2
1590006,9.966968141979821,3
1590018,9.74814738777128,12
1590025,9.87623120538364,7
1590037,9.785478696792996,12
1590056,9.491540470913739,19
1590057,10.0,1
1590065,9.856345451195672,8
1590076,9.780205883697175,11
1590081,9.924170737535063,5
1590084,9.961367211997853,3
1590103,9.590008079701269,19
1590110,9.858225459782245,7
1590117,9.884092891901778,7
1590119,9.976937629350834,2
1590132,9.70686258499185,13
1590144,9.752665665473751,12
1590153,9.80984763386121,9
1590164,9.760314403805262,11
1590173,9.83801411353271,9
1590180,9.875395084388694,7
1590195,9.67220787844948,15
1590209,9.70111955291135,14
1590216,9.843269983969988,7
1590220,9.94423997815222,4
1590243,9.451799513655235,23
1590246,9.966549003939408,3
1590253,9.88534357920966,7
1590263,9.783007623978751,10
1590280,9.68260196159554,17
1590289,9.789175118207815,9
1590291,9.976284200859263,2
1590301,9.800911178890102,10
1590302,10.0,1
1590312,9.795277214603496,10
1590319,9.863201115430938,7
1590329,9.854617360106834,10
1590332,9.964935108784854,3
1590349,9.67711253974629,17
1590359,9.799816053089597,10
1590364,9.924945645240866,5
1590368,9.93513062102531,4
1590376,9.870587756447103,8
1590381,9.918965854166945,5
1590385,9.952444093670788,4
1590405,9.555214570980002,20
1590414,9.819490726655367,9
1590428,9.682738745140258,14
1590435,9.867428572345315,7
1590438,9.965232399483554,3
1590449,9.758236434786763,11
1590460,9.752412181671799,11
1590462,9.974811795681328,2
1590465,9.958176943345311,3
1590475,9.793139452960725,10
1590492,9.645932301076655,17
1590496,9.950155242123659,4
1590506,9.842376086896772,10
1590519,9.698955294735244,13
1590523,9.93632823001725,4
1590538,9.727922620825955,15
1590550,9.744452957552072,12
1590561,9.753984668461493,11
1590575,9.68155442881316,14
1590588,9.760810569163178,13
1590596,9.868089883161797,8
1590602,9.896566882430067,6
1590607,9.913843427231821,5
1590615,9.846057671833714,8
1590619,9.926110822799918,4
1590631,9.733995053225149,12
1590649,9.614669283019996,18
1590662,9.714760160157947,13
1590673,9.78403860610443,11
1590679,9.909256073353516,6
1590689,9.804952089142336,10
1591077,2.202201569132697,388
1591087,9.462918103931655,10
1591089,9.976730561776526,2
1591102,9.71732539228483,13
1591110,9.837593141290512,8
1591112,9.971440435492042,2
1591119,9.89780479940173,7
1591133,9.697275486791026,14
1591141,9.871497539965665,8
1591149,9.895199671240173,8
1591157,9.84787642508835,8
1591162,9.929382265218281,5
1591173,9.74173516429947,11
1591184,9.793445624903823,11
1591199,9.675027315461488,15
1591215,9.637204449393053,16
1591230,9.64897433476699,15
1591250,9.61575542354792,20
1591261,9.777617673663537,11
1591267,9.893681538567574,6
1591277,9.783052007317902,10
1591287,9.532847187136028,10
1591298,9.775358957805247,11
1591310,9.759614023240495,12
1591319,9.83813217777263,9
1591323,9.937249589752927,4
1591338,9.672114873004865,15
1591359,9.605617791891927,21
1591374,9.703492272176353,15
1591378,9.924373705422552,4
1591381,9.952234215389474,3
1591393,9.738646574497302,12
1591398,9.930193029240568,5
1591399,10.0,1
1591417,9.590104173420546,18
1591421,9.95041311121575,4
1591432,9.766434850222415,11
1591440,9.844373528127353,8
1591448,9.85226617643238,8
1591452,9.945048488871189,4
1591463,9.745424121982733,11
1591486,9.43527129146656,23
1591491,9.920313821744607,5
1591506,9.610029907151505,15
1591526,9.565358754509434,20
1591536,9.790985702855506,10
1591547,9.750949043719906,11
1591548,10.0,1
1591549,10.0,1
1591550,9.992780397739011,1
1591563,9.719824501622501,13
1591569,9.916142083723042,6
1591582,9.730399520325008,13
1591590,9.830386200964918,8
1591595,9.905099837933248,5
1591608,9.702254847819175,13
1591618,9.782481693770256,10
1591623,9.910375846878702,5
1591630,9.891077951947484,7
1591637,9.859986526138592,7
1591642,9.919497919991532,5
1591655,9.751321982181341,13
1591666,9.764150663692101,11
1591677,9.749154980736336,11
1591692,9.631233357133725,15
1591697,9.91053894058999,5
1591708,9.804419195242788,11
1591719,9.769628541031606,11
1591720,9.989266346138491,1
1591729,9.84180783212682,9
1591732,9.960759799461979,3
1591759,9.455367804097802,27
1591765,9.89458918901717,6
1591774,9.803636905848556,9
1591783,9.839665347637192,9
1591795,9.748416643449227,12
1591797,9.974415823600358,2
1591807,9.847582624425451,10
1591820,9.74333967493009,13
1591830,9.802182737833663,10
1591841,9.779314695653456,11
1591847,9.872430771166819,6
1591860,9.695376504081231,13
1591878,9.630505448376836,18
1591887,9.823079212808931,9
1591903,9.466459867472073,16
1591906,9.967812127292781,3
1591924,9.565570378478029,18
1591945,9.46501645070004,21
1591950,9.898552763782138,5
1591956,9.895756359960336,6
1591970,9.680820565908023,14
1591987,9.66520357089124,17
1591990,9.94628332742406,3
1591999,9.781904430291199,9
1592005,9.88886803488148,6
1592023,9.64066631666399,18
1592031,9.866825557311069,8
1592036,9.924044455601324,5
1592045,9.831876080781083,9
1592051,9.908239066791527,6
1592067,9.643555678229303,16
1592068,9.993235027945124,1
1592072,9.93026570081478,4
1592077,9.908445120704013,5
1592083,9.8996787131863,6
1592091,9.85156750440624,8
1592101,9.787271061060638,10
1592105,9.937367449883991,4
1592119,9.701765875416758,14
1592133,9.39117955537193,14
1592138,9.920732771305007,5
1592148,9.80397979658085,10
1592154,9.88730471382798,6
1592170,9.657644521344194,16
1592173,9.96347056515037,3
1592189,9.6477451460904,16
1592203,9.706346421651117,14
1592216,9.709892349544592,13
1592218,9.982042061757904,2
1592226,9.823531605226565,8
1592227,10.0,1
1592238,9.771018127186599,11
1592239,9.992232501363613,1
1592251,9.74410099618706,12
1592258,9.884873224341609,7
1592264,9.894992017897476,6
1592270,9.895228334090591,6
1592278,9.856115875078151,8
1592282,9.925057957449164,4
1592297,9.696627062657285,15
1592299,9.974069799698341,2
1592314,9.706887478380688,15
1592326,9.731220351654743,12
1592327,10.0,1
1592336,9.827306901094037,9
1592348,9.76400982546021,12
1592359,9.774998474591637,11
1592368,9.828565011254414,9
1592374,9.90009977949456,6
1592384,9.780755158899598,10
1592386,9.97928935007747,2
1592399,9.700026775861398,13
1592401,9.986230393675068,2
1592405,9.938649050118588,4
1592410,9.918974911982023,5
1592422,9.741755156100037,12
1592425,9.955819365166843,3
1592433,9.852363862980512,8
1592446,9.723161424192604,13
1592453,9.868447170267912,7
1592459,9.900085147109545,6
1592463,9.927485978151617,4
1592479,9.658747887176718,16
1592482,9.951109809251497,3
1592489,9.88607643293817,7
1592499,9.799653618110106,10
1592505,9.89275605397986,6
1592518,9.786405246413235,13
1592525,9.357919958061766,7
1592536,9.764924621632412,11
1592543,9.867267797735686,7
1592544,10.0,1
1592555,9.776151675276768,11
1592562,9.867643837972876,7
1592563,10.0,1
1592575,9.758454999982778,12
1592588,9.715272675186993,13
1592598,9.796907347365076,10
1592599,10.0,1
1592604,9.918205352789386,5
1592612,9.840917498218653,8
1592629,9.636906275546261,17
1592635,9.881523590670545,6
1592646,9.820974264397039,11
1592661,9.66050984010376,15
1592670,9.814586768108212,9
1592681,9.797530700247348,11
1592688,9.868957131145672,7
1592696,9.865644420186232,8
1592715,9.610191115966698,19
1592716,10.0,1
1592735,9.56442335230618,19
1592743,9.850201117717326,8
1592744,10.0,1
1592756,9.761256513801142,12
1592767,9.768374238246892,11
1592775,9.839971007423856,8
1592785,9.832448195381383,10
1592795,9.797537223886064,10
1592806,9.772955345253465,11
1592813,9.878326444354471,7
1592823,9.797531756116992,10
1592830,9.887489667301326,7
1592836,9.8928657519096,6
1592853,9.363982205819033,17
1592862,9.805411318537454,9
1592869,9.894327330702438,7
1592876,9.874478146464535,7
1592882,9.896845325155596,6
1592891,9.826302838516995,9
1592907,9.701280242473064,16
1592912,9.911779462269367,5
1592913,10.0,1
1592914,10.0,1
1592925,9.76325847763578,11
1592934,9.806843521834669,9
1592940,9.912983231860096,6
1592946,9.89605336786117,6
1592958,9.72416051639871,12
1592959,10.0,1
1592965,9.91420450192946,6
1592970,9.9105739432203,5
1592984,9.666882303565592,14
1592995,9.759455210857952,11
1593002,9.862969051641391,7
1593011,9.84047581092935,9
1593015,9.940354555368192,4
1593024,9.823040288496022,9
1593026,9.970638055694604,2
1593036,9.80505277347054,10
1593039,9.96925016297727,3
1593046,9.879965851432427,7
1593055,9.830206020404805,9
1593068,9.681236733572337,13
1593083,9.668836128894553,15
1593087,9.947996530177639,4
1593100,9.753475517438039,13
1593101,10.0,1
1593105,9.947885421878757,4
1593110,9.926660707278977,5
1593115,9.919030018303694,5
1593127,9.771410473779522,12
1593144,9.653791816014767,17
1593170,9.454676175494072,26
1593180,9.804051261673553,10
1593181,10.0,1
1593194,9.716772337842173,13
1593202,9.823809338199052,8
1593209,9.860807569225072,7
1593227,9.626664521295126,18
1593235,9.860453668345755,8
1593238,9.950050922129929,3
1593247,9.8078583489752,9
1593256,9.805774137474268,9
1593262,9.877348383253624,6
1593272,9.788265836611433,10
1593273,10.0,1
1593274,10.0,1
1593281,9.885497784063375,7
1593291,9.807827146215958,10
1593294,9.961973961524432,3
1593308,9.75880186281759,14
1593316,9.855315446779922,8
1593319,9.961501581270324,3
1593328,9.809250945257078,9
1593348,9.547833376617954,20
1593366,9.715258579600022,18
1593372,9.897386684868447,6
1593378,9.906986726617898,6
1593394,9.680388020281544,16
1593395,10.0,1
1593408,9.782009909502449,13
1593409,10.0,1
1593428,9.5870383319765,19
1593434,9.896155741996589,6
1593438,9.950353689355126,4
1593458,9.603589736545493,20
1593467,9.826301792579038,9
1593472,9.914866794057845,5
1593479,9.902516565645167,7
1593490,9.76704757856342,11
1593501,9.74742633315873,11
1593507,9.897272320656382,6
1593523,9.673845688375204,16
1593524,10.0,1
1593529,9.93600195203363,5
1593535,9.907462901682656,6
1593544,9.842299837483631,9
1593551,9.881074771346425,7
1593567,9.6971238816728,16
1593568,9.992785099335794,1
1593574,9.882065906747757,6
1593590,9.595944126581832,16
1593610,9.522187187703677,20
1593621,9.744345289093676,11
1593622,10.0,1
1593632,9.815334533142849,10
1593634,9.985607113798295,2
1593653,9.553266260863339,19
1593669,9.629718465920513,16
1593674,9.908115743287432,5
1593684,9.823083783288508,10
1593694,9.813481772865579,10
1593708,9.613206997589378,14
1593721,9.50154233164243,13
1593740,8.912456025997024,19
1593764,9.424168718264502,24
1593790,9.532946114976307,26
1593798,9.844973780415675,8
1593811,9.706021984188586,13
1593827,9.639696524545569,16
1593828,10.0,1
1593833,9.911598827069154,5
1593834,9.988075341742638,1
1593842,9.830298619725868,8
1593850,9.840198908186432,8
1593857,9.868320830031088,7
1593864,9.86881698292794,7
1593873,9.81248388850759,9
1593890,9.622622139842074,17
1593900,9.825886136628624,10
1593903,9.954964511133035,3
1593911,9.853677949895529,8
1593925,9.700890389644924,14
1593931,9.885098225539155,6
1593945,9.737822050376536,14
1593964,9.572680613574942,19
1593967,9.965452747091575,3
1593975,9.864283135125925,8
1593988,9.716399655709937,13
1593993,9.920832574512973,5
1593998,9.94014529904902,5
1593999,10.0,1
1594011,9.711965428420713,12
1594015,9.934461197268629,4
1594028,9.696459939452728,13
1594039,9.76411893639896,11
1594057,9.568929613391996,18
1594058,9.99624345750881,1
1594060,9.679735396632852,2
1594071,9.59489931757615,11
1594085,9.714214788086194,14
1594086,10.0,1
1594089,9.967274047789234,3
1594103,9.710646815623319,14
1594116,9.780599543160656,13
1594127,9.754851182871274,11
1594143,9.476280767903948,16
1594148,9.915236773801126,5
1594152,9.953867332459478,4
1594166,9.740267604896081,14
1594176,9.789976630750687,10
1594195,9.617154852622807,19
1594201,9.882441531104321,6
1594221,9.516581577445946,20
1594239,9.423565778009213,18
1594249,9.833594782691057,10
1594259,9.722576877241671,10
1594271,9.767797943445336,12
1594272,10.0,1
1594278,9.890388193207887,6
1594292,9.705756346131345,14
1594302,9.825193265064637,10
1594320,9.596664392521083,18
1594328,9.846222497848169,8
1594339,9.754223626153065,11
1594343,9.938432486431516,4
1594363,9.617254337883484,20
1594380,9.581063388151055,17
1594389,9.823514162303583,9
1594397,9.840496341551264,8
1594412,9.6716038368661,15
1594417,9.924464421403593,5
1594418,10.0,1
1594419,10.0,1
1594434,9.695822033875022,15
1594451,9.654591554369219,17
1594455,9.94725482648323,4
1594466,9.761862987736226,11
1594467,9.99640061433137,1
1594475,9.852050686192682,8
1594499,9.539108508941572,24
1594507,9.843286883293528,8
1594523,9.66999566253642,16
1594527,9.940811385371408,4
1594550,9.499387754608072,23
1594564,9.692240539152815,14
1594568,9.946935618292198,4
1594581,9.703028376919512,13
1594589,9.85368545541722,8
1594599,9.78364162905759,10
1594621,9.547326230722424,22
1594631,9.789801573740334,10
1594642,9.749686219247241,11
1594653,9.749821417393704,11
1594662,9.841822375565492,9
1594677,9.369955438471433,15
1594678,10.0,1
1594681,9.965509739598389,3
1594686,9.913592403314368,5
1594696,9.811510070072954,10
1594703,9.868983569248249,7
1594722,9.44782333079327,19
1594723,10.0,1
1594734,9.752871628351807,11
1594745,9.761685571355121,11
1594756,9.746451304890543,11
1594769,9.708597985065891,13
1594783,9.679614216208464,14
1594784,9.991934716526027,1
1594799,9.656432425046567,15
1594803,9.9347494319214,4
1594817,9.671213771572376,14
1594823,9.895794281139178,6
1594834,9.752651707885839,11
1594843,9.852672916168318,9
1594852,9.79740626993104,9
1594862,9.771072003501928,10
1594874,9.77201057039928,12
1594876,9.98069534918653,2
1594887,9.815335749257253,11
1594892,9.92204790032161,5
1594897,9.909717779349524,5
1594912,9.72941430567689,15
1594928,9.63528648398391,16
1594940,9.728881839807862,12
1594948,9.846517757382244,8
1594957,9.828497913581092,9
1594962,9.726003750368426,5
1594980,9.599690981355351,18
1594993,9.705331754861922,13
1595011,9.593305790814847,18
1595012,10.0,1
1595018,9.899289971282736,6
1595037,9.610463352566844,19
1595048,9.795996860264744,11
1595049,10.0,1
1595050,10.0,1
1595060,9.823006748030558,10
1595064,9.941330399244945,4
1595079,9.64408553601064,15
1595100,9.470444713352263,21
1595101,9.988198868388345,1
1595102,10.0,1
1595104,9.969386957337154,2
1595115,9.795815301940834,11
1595123,9.850654727562173,8
1595150,8.667099375848807,27
1595153,9.960651438007284,3
1595170,9.637036663626683,17
1595182,9.760297256498642,12
1595192,9.792110522067274,10
1595196,9.948118337583168,4
1595217,9.462256600168155,21
1595221,9.95033956448868,4
1595239,9.562423367134642,18
1595252,9.738225987519254,13
1595258,9.878013912183286,6
1595265,9.863974645291945,7
1595271,9.898860819770398,6
1595281,9.797575455230405,10
1595292,9.796070140227647,11
1595301,9.807613546754789,9
1595310,9.824053934368806,9
1595311,9.993248754335227,1
1595315,9.936846758473052,4
1595326,9.771672561848815,11
1595335,9.8168589196605,9
1595340,9.910795122184943,5
1595354,9.752014271881016,14
1595356,9.978659094931954,2
1595368,9.764549905098615,12
1595641,3.4000558816146205,273
1595643,9.984774908444637,2
1595644,9.996666737673122,1
1595656,9.733319302538614,12
1595661,9.910910725841882,5
1595662,10.0,1
1595675,9.679657134964073,13
1595695,9.549881130296358,20
1595698,9.961182676839822,3
1595705,9.8795797044154,7
1595711,9.893290337090676,6
1595721,9.824857530399596,10
1595747,8.754791609997621,26
1595756,9.844192082119832,9
1595772,9.696923207600618,16
1595782,9.792379854718634,10
1595794,9.418390292835259,12
1595805,9.776497280875137,11
1595812,9.868902060517406,7
1595827,9.701367524938219,15
1595841,9.675391220894735,14
1595847,9.915191127323117,6
1595859,9.759548722890832,12
1595880,9.542142463930169,21
1595910,9.379435030026956,30
1595922,9.781089900539516,12
1595953,9.356063694322872,31
1596367,0.46470883289035925,414
1596392,9.481615874897653,25
1596892,-17.915411041475725,500
1597392,-16.719459393752963,500
1597393,10.0,1
1597435,9.149664019260227,42
1597440,9.925108950067013,5
1597446,9.877445324448448,6
1597455,9.827037352599032,9
1597475,9.508205088751946,20
1597488,9.715711031105355,13
1597489,10.0,1
1597500,9.813018117454805,11
1597506,9.881947265651311,6
1597521,9.659418031671546,15
1597537,9.435258461188804,16
1597547,9.781892900617162,10
1597557,9.83535821772042,10
1597567,9.817556801582182,10
1597577,9.782565802949076,10
1597587,9.781749949806056,10
1597594,9.870879911042504,7
1597605,9.753589229312215,11
1597613,9.838705184923048,8
1597626,9.759190263634887,13
1597641,9.653881524605692,15
1597653,9.714188392541974,12
1597657,9.93539618817055,4
1597669,9.735422366802206,12
1597680,9.766552529535685,11
1597694,9.697199364019648,14
1597702,9.81669791813096,8
1597711,9.819557714622285,9
1597716,9.920589153652234,5
1597752,9.009736522542012,36
1597765,9.707768860733522,13
1597775,9.790143945399734,10
1597786,9.742942581066602,11
1597801,9.68401317874484,15
1597812,9.781757846429462,11
1597819,9.878991970103497,7
1597824,9.906544801630936,5
1597825,10.0,1
1597839,9.674952730220523,14
1597863,9.447732817146651,24
1597871,9.865542375927937,8
1597880,9.61001875684443,9
1597894,9.660275374839994,14
1597914,8.940574516858902,20
1597930,9.653231437360022,16
1597945,9.690137382976156,15
1597964,9.601298662151395,19
1597971,9.86313545467814,7
1597975,9.946197692475401,4
1597983,9.818976642411513,8
1597984,10.0,1
1597986,9.978396541535346,2
1597994,9.83147488128797,8
1598002,9.868892381584917,8
1598014,9.718846088766401,12
1598032,9.59020107655525,18
1598041,9.856225645283175,9
1598050,9.808209355217992,9
1598052,9.985818789146183,2
1598065,9.732373406104667,13
1598084,9.58807394769989,19
1598094,9.775433595001092,10
1598107,9.710188969022791,13
1598121,9.676993028695625,14
1598125,9.94360336020347,4
1598133,9.829953541490461,8
1598136,9.959010783627019,3
1598171,9.284695499153687,35
1598180,9.815273531670833,9
1598188,9.838079061084358,8
1598194,9.890498063045406,6
1598200,9.896177353684894,6
1598214,9.712576463735552,14
1598228,9.709041879531414,14
1598236,9.840852557595374,8
1598251,9.663434463063442,15
1598256,9.922808299717346,5
1598264,9.840471182849905,8
1598283,9.622381222906625,19
1598295,9.769173325722468,12
1598296,9.992978922613927,1
1598297,10.0,1
1598305,9.832527892516154,8
1598313,9.843787517093709,8
1598322,9.811717122207975,9
1598323,9.988531558621036,1
1598335,9.752915588726552,12
1598344,9.83369101202265,9
1598356,9.73185416301583,12
1598370,9.711000443688192,14
1598382,9.712691122467097,12
1598383,10.0,1
1598387,9.940418421170534,4
1598388,10.0,1
1598389,10.0,1
1598397,9.84953446414046,8
1598398,9.989205311908146,1
1598404,9.877156727133011,6
1598405,9.99221805401615,1
1598422,9.593780673906355,17
1598433,9.772960517197664,11
1598446,9.73798103565656,13
1598462,9.618592118402795,16
1598484,9.513582836150134,22
1598490,9.905452574546361,6
1598501,9.78782486317158,11
1598517,9.627517858064873,16
1598526,9.826200472397458,9
1598536,9.809443473175662,10
1598543,9.880716163833013,7
1598554,9.568205350249533,11
1598569,9.675281389972136,15
1598570,10.0,1
1598571,10.0,1
1598574,9.955202591019571,3
1598584,9.795188869765795,10
1598593,9.831599913266952,9
1598594,10.0,1
1598604,9.775832564913223,10
1598613,9.828862416313568,9
1598618,9.919897418390786,5
1598627,9.82713058488892,9
1598636,9.813567311057549,9
1598646,9.782445459574332,10
1598657,9.776089176511855,11
1598658,10.0,1
1598672,9.681457211910564,14
1598682,9.817349993219626,10
1598692,9.821265899626988,10
1598700,9.829623680202136,8
1598705,9.907249735364642,5
1598720,9.719499196290611,15
1598748,9.193485265772296,28
1598764,9.602212647156676,16
1598770,9.889346405437744,6
1598780,9.82673224163602,10
1598788,9.85198096255963,8
1598799,9.821801321552575,11
1598811,9.750125844298445,12
1598817,9.892882620679346,6
1598831,9.695260199751772,14
1598832,10.0,1
1598852,9.561908476185629,20
1598856,9.931331353031787,4
1598870,9.588169873842276,14
1598876,9.896762122805834,6
1598890,9.69008866542683,14
1598897,9.859986269303665,7
1598911,9.719013970689948,14
1598928,9.698280030976537,17
1598935,9.891719868346073,7
1598949,9.691068719471074,14
1598962,9.751186519922651,13
1598972,9.77559972849571,10
1598981,9.408223699837642,9
1599000,9.592248345159044,19
1599014,9.732075270531762,14
1599022,9.851107363358384,8
1599048,9.525459023773847,26
1599063,9.690111745551631,15
1599078,9.692111180773836,15
1599093,9.716335428365342,15
1599099,9.896576997312511,6
1599101,9.970911576504328,2
1599114,9.679317357400203,13
1599115,10.0,1
1599126,9.771796809260659,11
1599127,10.0,1
1599128,10.0,1
1599133,9.92487416609805,5
1599148,9.6914833676314,15
1599163,9.658860198020804,15
1599167,9.930256715716922,4
1599174,9.876198310691567,7
1599185,9.769391456784982,11
1599207,9.538558412256045,22
1599225,9.582378692317878,18
1599243,9.652398227508666,18
1599250,9.876095963080457,7
1599258,9.837224182661663,8
1599264,9.89755152868643,6
1599317,7.870177430630979,53
1599327,9.809818540696671,10
1599347,9.607535794281246,20
1599361,9.748595974175206,14
1599367,9.919014959786546,6
1599381,9.714041805511302,14
1599383,9.973319172419313,2
1599389,9.893467708792851,6
1599407,9.60689466322276,18
1599414,9.886015775462523,7
1599420,9.902798655000256,6
1599427,9.870344375385017,7
1599442,9.657341905671824,15
1599451,9.84196255716316,9
1599462,9.78227736154243,11
1599466,9.94077977901758,4
1599473,9.8733938934195,7
1599479,9.904761396726737,6
1599492,9.731130331297424,13
1599498,9.893910420644998,6
1599511,9.753584182240377,13
1599539,9.432667997534166,28
1599554,9.096363858223274,15
1599567,9.722330847149529,13
1599579,9.793901229179,12
1599597,9.59576263927458,18
1599603,9.88664878841234,6
1599610,9.871862631590275,7
1600093,-184.71024198122888,483
1600106,9.714049115416804,13
1600108,9.978383054453245,2
1600118,9.824839865052805,10
1600126,9.84196093946011,8
1600139,9.705524290504439,13
1600141,9.980769083415241,2
1600153,9.75462053192158,12
1600160,9.903157782595647,7
1600179,9.569115639581426,19
1600180,9.991855333705264,1
1600193,9.618990732493106,13
1600198,9.51926669962802,5
1600201,9.956239008113597,3
1600212,9.77675765706552,11
1600227,9.652058362423286,15
1600235,9.852599787212048,8
1600250,9.69796347904831,15
1600265,9.434192591820317,15
1600269,9.935987376402238,4
1600270,10.0,1
1600271,10.0,1
1600287,9.649409971486724,16
1600299,9.77212829185682,12
1600307,9.82306686011329,8
1600308,10.0,1
1600317,9.794502093180158,9
1600323,9.89565408250162,6
1600329,9.892749561310001,6
1600335,9.911393148890081,6
1600342,9.862082915294808,7
1600356,9.705799268904354,14
1600359,9.957523029337114,3
1600367,9.829158925283664,8
1600380,9.532474516470048,13
1600407,9.339753441386184,27
1600412,9.913632972044516,5
1600422,9.779426686685024,10
1600433,9.461802932246048,11
1600440,9.892910094500682,7
1600441,10.0,1
1600455,9.668539945618079,14
1600461,9.893912245299271,6
1600470,9.83027906897219,9
1600481,9.748473782427112,11
1600485,9.936041894776881,4
1600490,9.928190819504993,5
1600500,9.82581148404487,10
1600515,9.642094564027918,15
1600521,9.88318901525691,6
1600533,9.746798593546092,12
1600558,9.261677462315657,25
1600566,9.85752375812972,8
1600591,9.530144052797228,25
1600598,9.871251615564834,7
1600611,9.656937929220431,13
1600623,9.775421334198366,12
1600630,9.869327805692148,7
1600634,9.932144632140119,4
1600646,9.76350272242693,12
1600655,9.84877448364081,9
1600663,9.872622493753337,8
1600675,9.76182681045657,12
1600676,10.0,1
1600696,9.554588635266317,20
1600703,9.877172973536034,7
1600711,9.86395715877681,8
1600719,9.844424363925274,8
1600726,9.861345612188067,7
1600733,9.881781603266319,7
1600741,9.85323447437505,8
1600747,9.911206892511897,6
1600749,9.984134691030235,2
1600771,9.571329996935738,22
1600808,9.172894404169234,37
1600811,9.95526266797717,3
1600820,9.81939540297527,9
1600830,9.77847627458983,10
1600844,9.721717665662002,14
1600864,9.613739983314199,20
1600873,9.843231568673135,9
1600890,9.385244695143731,17
1600891,9.993297495962196,1
1600901,9.768437018827331,10
1600918,9.636541089705629,17
1600923,9.915993348851465,5
1600924,10.0,1
1600928,9.947644057377065,4
1600929,10.0,1
1600936,9.889068009541006,7
1600988,8.999093833992848,52
1600994,9.904788680496965,6
1601003,9.825761513251729,9
1601018,9.667183540547594,15
1601023,9.938504726571121,5
1601027,9.948625327029813,4
1601036,9.821198755770592,9
1601057,9.560676144876156,21
1601068,9.796668834105446,11
1601079,9.777856453065457,11
1601097,9.62129622168808,18
1601107,9.787711210332306,10
1601117,9.82229245760846,10
1601132,9.677625176556468,15
1601137,9.92157839731758,5
1601145,9.87707707020289,8
1601155,9.788555064900997,10
1601169,9.717826564274326,14
1601179,9.763432188680186,10
1601200,9.649495810464627,21
1601214,9.691301425535697,14
1601221,9.86090149280897,7
1601231,9.813573263495616,10
1601246,9.646371839198789,15
1601257,9.791885325958827,11
1601269,9.74239582794531,12
1601274,9.930048645690501,5
1601286,9.785885286572354,12
1601292,9.915100046391496,6
1601305,9.70578461380075,13
1601326,9.512328940531876,21
1601334,9.842352826286206,8
1601335,10.0,1
1601336,9.988331314327096,1
1601341,9.916718589637076,5
1601346,9.923086969019108,5
1601360,9.52134886825576,14
1601363,9.95180500220498,3
1601371,9.82863564857102,8
1601382,9.794996704936661,11
1601383,10.0,1
1601390,9.863945808270968,7
1601403,9.75261811617049,13
1601421,9.660052030319534,18
1601426,9.913297298213415,5
1601433,9.864005751918302,7
1601444,9.79219152416429,11
1601449,9.925119572478545,5
1601460,9.77551225838058,11
1601479,9.642138165769873,19
1601489,9.800767560739557,10
1601490,10.0,1
1601496,9.912478033197033,6
1601504,9.832676423812147,8
1601535,9.417372680099572,31
1601557,9.097691812798075,22
1601565,9.861909544885478,8
1601576,9.765585176124917,11
1601590,9.692805695935556,14
1601598,9.78341119252452,8
1601618,9.602695398564924,20
1601664,8.928454003995334,46
1601671,9.877330479302017,7
1601678,9.870286475560246,7
1601687,9.826379151343657,9
1601702,9.724462575959095,15
1601714,9.737479599386164,12
1601719,9.909358977379174,5
1601730,9.742839413215155,11
1601738,9.840799281111364,8
1601748,9.82905160099141,10
1601758,9.796534537268158,10
1601768,9.791258018412544,10
1601769,9.996528133206002,1
1601777,9.855231945762894,8
1601794,9.63094895737204,17
1601812,9.59835481635057,18
1601816,9.944495394842361,4
1601836,9.605346781390793,20
1601837,10.0,1
1601856,9.432596208283329,19
1601861,9.921152258498484,5
1601867,9.901939725644441,6
1601868,10.0,1
1601877,9.849480913678521,9
1601889,9.810259913547702,12
1601900,9.767380405224001,11
1601911,9.779038681328839,11
1601926,9.349863500770923,15
1601946,9.581707316782387,20
1601951,9.916492980637583,5
1601957,9.888726445160923,6
1601971,9.504314569933792,14
1601976,9.916317450053263,5
1601980,9.943113835911092,4
1601981,10.0,1
1601982,10.0,1
1601989,9.874739834433587,7
1601994,9.918060398072106,5
1602013,9.620861796250283,19
1602024,9.761982100281301,11
1602034,9.780006355306758,10
1602044,9.506853718429799,10
1602051,9.865254412942532,7
1602060,9.825148686925798,9
1602061,9.99643418192183,1
1602077,9.670474660542794,16
1602092,9.654157016821413,15
1602109,9.650104843265494,17
1602128,9.583010179437993,19
1602134,9.881747552730761,6
1602170,7.689236871561196,36
1602175,9.939153924814914,5
1602177,9.986250226664465,2
1602195,9.597539029559314,18
1602207,9.589796208232773,12
1602208,10.0,1
1602218,9.781598864185531,10
1602228,9.794283001513005,10
1602242,9.695462320767783,14
1602247,9.930068628058947,5
1602272,9.398539027125663,25
1602291,9.607307006894237,19
1602292,10.0,1
1602300,9.862623490027406,8
1602315,9.729518094281643,15
1602323,9.861122248208767,8
1602331,9.875961133167676,8
1602341,9.81128126542829,10
1602368,9.306037871385595,27
1602389,9.634710834044197,21
1602399,9.792346574263028,10
1602400,10.0,1
1602424,9.410912082751286,24
1602435,9.751213515712458,11
1602442,9.875816472531653,7
1602445,9.964431799405421,3
1602450,9.93221814035667,5
1602461,9.754798393839632,11
1602471,9.7872919884679,10
1602480,9.808887939529091,9
1602488,9.858757659120492,8
1602498,9.850426855010866,10
1602514,9.652137122250403,16
1602515,10.0,1
1602526,9.765535890279118,11
1602538,9.76691325118297,12
1602550,9.79972492569368,12
1602562,9.742135855291183,12
1602597,9.355120542299879,35
1602611,9.683648359350604,14
1602625,9.722429413036371,14
1602630,9.921519032597349,5
1602637,9.880179500038977,7
1602646,9.822639633320842,9
1602654,9.865140019233484,8
1602655,10.0,1
1602669,9.599757590173505,14
1602672,9.95635069884884,3
1602680,9.85710989207495,8
1602694,9.702238951779147,14
1602698,9.932238778223,4
1602706,9.840803403967609,8
1602724,9.59620717795047,18
1602733,9.844661177013762,9
1602752,9.601281111478212,19
1602763,9.745625359854017,11
1602778,9.618135762419392,15
1602791,9.723454550007016,13
1602798,9.877317499829509,7
1602810,9.779951398060216,12
1602816,9.893928943056887,6
1602831,9.744403706990651,15
1602883,8.806522548826472,52
1602905,9.523396920251189,22
1602913,9.812642083082759,8
1602929,9.670869619691079,16
1602935,9.891459618836969,6
1602938,9.95344633610594,3
1602946,9.837203782260582,8
1602954,9.843268617206803,8
1602964,9.789105797248666,10
1602975,9.78768828998898,11
1602990,9.676907996774673,15
1602994,9.94408021118507,4
1602997,9.962180731303919,3
1603004,9.882839926119539,7
1603015,9.779154519801807,11
1603017,9.974578059792998,2
1603027,9.82582538737048,10
1603038,9.760120624566229,11
1603042,9.940071806337384,4
1603046,9.943623009217475,4
1603054,9.848194827127497,8
1603055,10.0,1
1603067,9.715648401960301,12
1603080,9.740176492739952,13
1603091,9.782556498685876,11
1603092,9.989134697608558,1
1603104,9.76090333327652,12
1603116,9.719104359408105,12
1603134,9.563985030168807,18
1603154,9.51749462148243,20
1603159,9.930844532355634,5
1603170,9.759271972153979,11
1603183,9.710921312597556,13
1603206,9.535482423915738,23
1603217,9.758708637677506,11
1603226,9.802104558927276,9
1603233,9.882346623504006,7
1603250,9.712711218751581,17
1603267,9.558491212509583,17
1603272,9.907111926457455,5
1603290,9.615402943406757,18
1603310,9.577640399429898,20
1603321,9.765702048831274,11
1603330,9.817670792849274,9
1603336,9.899636973229894,6
1603353,9.633869448985877,17
1603362,9.832345893458175,9
1603371,9.807335068614286,9
1603376,9.93637922019345,5
1603377,10.0,1
1603385,9.84774285191986,8
1603393,9.83400170023036,8
1603408,9.740486669302705,15
1603409,10.0,1
1603417,9.868555734130576,8
1603426,9.832414067104573,9
1603427,10.0,1
1603436,9.811694961981477,9
1603447,9.738978218793717,11
1603456,9.853577246827552,9
1603467,9.759327174384364,11
1603478,9.783728170673145,11
1603490,9.77447613585994,12
1603513,9.534427860918065,23
1603525,9.764709710695666,12
1603538,9.701698084682677,13
1603553,9.697831875754405,15
1603567,9.141819568919125,14
1603568,10.0,1
1603583,9.712317054841025,15
1603588,9.918574948185105,5
1603599,9.772562944736872,11
1603608,9.810745078128937,9
1603616,9.88274969013626,8
1603622,9.919602555470323,6
1603633,9.78694559565312,11
1603644,9.5654003835325,11
1603652,9.855327587435319,8
1603667,9.661064861292045,15
1603668,9.992144818788487,1
1603679,9.775089228869998,11
1603697,9.609362612120512,18
1603698,10.0,1
1603704,9.889853014315726,6
1603708,9.938136149140357,4
1603734,9.496493351754452,26
1603740,9.799216120688113,6
1603755,9.696271302201712,15
1603774,9.22281448010637,19
1603786,9.065625918684622,12
1603794,9.821412164101515,8
1603804,9.81485417886983,10
1603805,10.0,1
1603806,10.0,1
1603811,9.919095605477183,5
1603821,9.807065098229108,10
1603822,10.0,1
1603828,9.879846440630144,6
1603836,9.837943684693233,8
1603854,9.56247109994163,18
1603855,10.0,1
1603866,9.784207533249875,11
1603878,9.72882131788886,12
1603884,9.907085709627546,6
1603901,9.712077827872198,17
1603912,9.792806399482282,11
1603920,9.835462760985864,8
1603926,9.904918099780195,6
1603938,9.739732647883306,12
1603955,9.653404437506271,17
1603962,9.864245099307935,7
1603970,9.85727752161706,8
1603982,9.720435524726485,12
1603991,9.800733856028776,9
1604002,9.767526593640465,11
1604015,9.729138336382036,13
1604025,9.787739116477768,10
1604039,9.70137928384272,14
1604050,9.748497999771056,11
1604067,9.706250882251556,17
1604068,9.995876102804068,1
1604079,9.781516012438248,11
1604113,0.7886251727703648,34
1604118,9.906445553964529,5
1604128,9.7833882542498,10
1604136,9.848477123041484,8
1604147,9.725208829740444,11
1604152,9.917357348323222,5
1604163,9.818462665804713,11
1604165,9.97308621875342,2
1604180,9.704306856665863,15
1604187,9.870020519919162,7
1604195,9.841960931242504,8
1604207,9.778205727793113,12
1604208,9.99590298805741,1
1604211,9.964091080830315,3
1604214,9.961854688444484,3
1604216,9.974338925695003,2
1604222,9.891652137726396,6
1604224,9.974214837894971,2
1604225,9.996632894963065,1
1604236,9.78307747104088,11
1604243,9.882860443720817,7
1604249,9.908090489525927,6
1604255,9.910697376895602,6
1604270,9.69825755869778,15
1604292,9.514961749791064,22
1604307,9.672654884927205,15
1604320,9.124336697695203,13
1604329,9.848847704843159,9
1604339,9.781443302013075,10
1604343,9.936854094652281,4
1604344,10.0,1
1604347,9.951655819714347,3
1604355,9.847229956101309,8
1604364,9.841487811865688,9
1604365,10.0,1
1604379,9.693047202318395,14
1604391,9.732375118862475,12
1604396,9.897031738418484,5
1604407,9.795185142925625,11
1604424,9.662499375364213,17
1604447,9.550377875257103,23
1604463,9.665003677597289,16
1604471,9.866318573885076,8
1604486,9.661435041448232,15
1604495,9.803636362521168,9
1604496,10.0,1
1604505,9.821895642259733,9
1604506,10.0,1
1604515,9.843040099362259,9
1604521,9.890768970717954,6
1604533,9.751972250046416,12
1604539,9.902614373991813,6
1604545,9.914519465558666,6
1604552,9.880590523158899,7
1604567,9.387240957715154,15
1604576,9.821292057914233,9
1604582,9.893201010421297,6
1604587,9.908438998363271,5
1604601,9.687180250557113,14
1604710,7.515162758138231,109
1604743,9.346828623462416,33
1604749,9.910455976640744,6
1604758,9.838984597903247,9
1604759,10.0,1
1604766,9.874361098543877,7
1604776,9.709808482802865,10
1604785,9.837249206331979,9
1604793,9.863926325204192,8
1604821,9.334010748966671,28
1604828,9.85988818087293,7
1604843,9.717810647609408,15
1604850,9.869547485428317,7
1604862,9.743259134276043,12
1604873,9.778055167504657,11
1604886,9.705999058225666,13
1604891,9.905244221188372,5
1604897,9.892995748600036,6
1604911,9.722197733764665,14
1604924,9.719713745267947,13
1604937,9.599616219968082,13
1604942,9.916729151213971,5
1604948,9.914474832253257,6
1604949,10.0,1
1604956,9.865801472160285,7
1604973,9.57243053754802,17
1604983,9.803362384728965,10
1605001,9.653288817087377,18
1605013,9.781670583055464,12
1605023,9.799641164358684,10
1605039,9.639610418090474,16
1605055,9.677023496835481,16
1605064,9.825558865665473,9
1605069,9.912038916598188,5
1605074,9.901282138404927,5
1605084,9.785108552884582,10
1605094,9.780518979304256,10
1605097,9.954249704914785,3
1605109,9.776939581799674,12
1605124,9.658034606651398,15
1605138,9.688565514174103,14
1605174,9.33010072655377,36
1605178,9.94718220946201,4
1605188,9.81275112908103,10
1605190,9.986058716947609,2
1605200,9.793965419294269,10
1605213,9.700900850712024,13
1605222,9.825704523465333,9
1605235,9.697260052720377,13
1605236,9.99164410839616,1
1605242,9.865665391187731,6
1605254,9.7438537065342,12
1605258,9.949515542815094,4
1605272,9.733089180239801,14
1605283,9.794757959380336,11
1605294,9.751748033836874,11
1605295,10.0,1
1605308,9.718383605196543,13
1605326,9.399091457123951,18
1605338,9.76270621049744,12
1605344,9.91180535778673,6
1605356,9.555949303482706,12
1605361,9.906531436439543,5
1605370,9.829719143161894,9
1605389,9.623646720622151,19
1605394,9.915383040959734,5
1605407,9.762917065261787,13
1605411,9.939245120858468,4
1605417,9.898410538952653,6
1605426,9.824069701976008,9
1605430,9.932926797680583,4
1605438,9.860302680969422,8
1605451,9.650220347887963,13
1605487,9.28582893179768,36
1605498,9.759233174648248,11
1605499,10.0,1
1605500,10.0,1
1605501,10.0,1
1605507,9.900683019728458,6
1605517,9.804394816040068,10
1605533,9.622846355191857,16
1605534,10.0,1
1605535,10.0,1
1605545,9.791285969226045,10
1605554,9.819759767343276,9
1605558,9.931401202330806,4
1605565,9.89805938442235,7
1605572,9.846221781798793,7
1605579,9.856528355503828,7
1605584,9.928652466326007,5
1605594,9.794982080888055,10
1605595,9.996494230064863,1
1605596,9.992818965655523,1
1605605,9.85212056495409,9
1605625,9.581389572546229,20
1605640,9.658585142715022,15
1605647,9.846320534462405,7
1605655,9.834960450567456,8
1605670,9.693601839415841,15
1605680,9.810132625870745,10
1605688,9.868475425571438,8
1605690,9.975922266763877,2
1605695,9.903884774019659,5
1605696,10.0,1
1605715,9.649017643505353,19
1605729,9.740332065732353,14
1605733,9.921178777082373,4
1605740,9.86511557703404,7
1605756,9.649681353359112,16
1605765,9.83949242091371,9
1605775,9.787223459536673,10
1605784,9.816172330346935,9
1605802,9.57941758363444,18
1605807,9.905596959216657,5
1605815,9.833431104198803,8
1605825,9.80087526990771,10
1605829,9.940621567066115,4
1605842,9.720199362794075,13
1605843,10.0,1
1605877,9.248857304570176,34
1605881,9.943821959140209,4
1605888,9.87551839422006,7
1605899,9.75436959209517,11
1605923,9.225112764011804,24
1605932,9.840091192745653,9
1605936,9.929376317986856,4
1605954,9.609483052821961,18
1605971,9.630843397542895,17
1605996,9.322383406739643,25
1606007,9.759797779564579,11
1606008,10.0,1
1606009,9.996478515932742,1
1606016,9.873846832563247,7
1606020,9.9435036336095,4
1606033,9.723793044563926,13
1606047,9.562688074384429,14
1606063,9.640449426037081,16
1606068,9.923201217184898,5
1606080,9.724182325457408,12
1606096,9.679324107547892,16
1606113,9.665648211816386,17
1606123,9.80892732939415,10
1606124,10.0,1
1606134,9.775321093107728,10
1606154,9.56719599739643,20
1606163,9.808105810722282,9
1606176,9.711352800553238,13
1606193,9.252091260532232,17
1606204,9.787523084191136,11
1606213,9.821737003538987,9
1606224,9.773393030487306,11
1606237,9.724024936842007,13
1606245,9.83185381868132,8
1606253,9.85378600320733,8
1606258,9.90361666154244,5
1606273,9.697684506992598,15
1606286,9.7369489690997,13
1606310,9.494738028099569,24
1606326,9.657663804419654,16
1606327,10.0,1
1606333,9.898865590047505,6
1606342,9.799493148435637,9
1606347,9.90986923651331,5
1606355,9.875698148883247,8
1606358,9.971963582630245,3
1606363,9.918264363799244,5
1606364,10.0,1
1606372,9.767247376289074,8
1606385,9.729737672073902,13
1606396,9.79754228928831,11
1606411,9.672428438133663,15
1606418,9.87509580104355,7
1606423,9.931254763829935,5
1606433,9.807495638490533,10
1606446,9.70348707055894,13
1606464,9.596691900023998,18
1606479,9.653543311077092,15
1606488,9.852589928039919,9
1606505,9.621229464913531,17
1606516,9.682827990451031,11
1606528,9.765840664281763,12
1606542,9.70506084337988,14
1606550,9.852576621306191,8
1606561,9.782443044971693,11
1606575,9.702870689071885,14
1606576,10.0,1
1606584,9.841113953642553,8
1606596,9.70641423037645,12
1606612,9.620839473279304,16
1606615,9.952923935734578,3
1606627,9.766882127297997,12
1606640,9.74600093113325,13
1606656,9.647265888447595,16
1606673,9.592777187688414,17
1606679,9.905129076175376,6
1606690,9.775932867243451,11
1606693,9.96560315140503,3
1606706,9.728043422931307,13
1606728,9.562187955178391,22
1606743,9.651881110432969,15
1606755,9.73605018429231,12
1606765,9.795460245077651,10
1606779,9.697134588632196,14
1606788,9.806730192945285,9
1606803,9.667304854006101,15
1606815,9.759363340468246,12
1606816,9.988480767996135,1
1606827,9.81480023822679,11
1606837,9.783079286890382,10
1606844,9.892268744701864,7
1606865,9.487791349445795,21
1606872,9.876587726158851,7
1606889,9.667428149843861,17
1606894,9.906589812873953,5
1606904,9.78292020461329,10
1606916,9.741373629638018,12
1606940,9.263330000004103,24
1606950,9.803192508522555,10
1606962,9.726234238875037,12
1606973,9.762349597659966,11
1606978,9.918006860585708,5
1606985,9.884844181968823,7
1606987,9.977798723736695,2
1606988,10.0,1
1606999,9.789083263027605,11
1607000,10.0,1
1607008,9.841615072693681,8
1607016,9.87443135379997,8
1607025,9.807519999739656,9
1607035,9.79489859970475,10
1607045,9.84502913358664,10
1607053,9.824583713421045,8
1607054,9.995858591549402,1
1607064,9.780088868873593,10
1607071,9.883297763751592,7
1607072,10.0,1
1607089,9.65024202277886,17
1607090,10.0,1
1607105,9.655844592753281,15
1607119,9.71712577903558,14
1607125,9.896532534435643,6
1607135,9.788708678537674,10
1607152,9.1440502042139,17
1607160,9.873276632843965,8
1607167,9.86250608925974,7
1607174,9.88639576757815,7
1607185,9.742059061715228,11
1607194,9.82361576966074,9
1607203,9.832780700590618,9
1607212,9.845701205549192,9
1607226,9.686069122711373,14
1607233,9.858671031239107,7
1607240,9.875482995335394,7
1607251,9.7566826878312,11
1607257,9.904589138729644,6
1607264,9.869920078576765,7
1607271,9.853281943893284,7
1607287,9.698701381455265,16
1607293,9.883559192701847,6
1607298,9.902586146299582,5
1607310,9.76327234377258,12
1607317,9.87867690707556,7
1607323,9.907243372364682,6
1607332,9.827250916245582,9
1607342,9.78326940924097,10
1607347,9.910590396580572,5
1607355,9.830529756175993,8
1607356,10.0,1
1607367,9.750275962870814,11
1607379,9.76084973699509,12
1607389,9.786789117832603,10
1607400,9.745213840541005,11
1607416,9.657536746680785,16
1607429,9.525199393940502,13
1607435,9.914476372334653,6
1607442,9.884750193009982,7
1607449,9.849400956928365,7
1607458,9.806602254741277,9
1607469,9.753838218596352,11
1607485,6.307910130798576,16
1607494,9.846474074262806,9
1607505,9.776036689418639,11
1607513,9.879316845607994,8
1607525,9.750971344469354,12
1607539,9.697713799974856,14
1607544,9.908420776960028,5
1607547,9.948921875183265,3
1607563,9.611447934110203,16
1607572,9.824511675889278,9
1607585,9.56126006971662,13
1607601,9.640927555674208,16
1607602,10.0,1
1607610,9.850124750134295,8
1607620,9.802647342438178,10
1607622,9.976090786746616,2
1607626,9.95213271602026,4
1607636,9.78349766611142,10
1607637,10.0,1
1607649,9.59346217598648,12
1607666,9.633659230117278,17
1607685,9.623899133059536,19
1607703,9.639182469273887,18
1607715,9.73937352198483,12
1607729,9.692138486146405,14
1607740,9.801845293395832,11
1607751,9.794288303627669,11
1607759,9.876245476066764,8
1607771,9.716169447999846,12
1607781,9.796199968279616,10
1607802,9.598246910373879,21
1607807,9.920369468041272,5
1607808,10.0,1
1607813,9.932493665067652,5
1607814,9.99311192232827,1
1607828,9.675767382784834,14
1607837,9.81886989875112,9
1607838,9.988762295690309,1
1607849,9.785160889802237,11
1607858,9.834154302046148,9
1607873,9.626437158805373,15
1607877,9.939210840388053,4
1607889,9.730289833127475,12
1607897,9.83158179150662,8
1607906,9.82098324262999,9
1607911,9.910208578659304,5
1607917,9.891501691438997,6
1607925,9.858354784456294,8
1607947,9.47823211786812,22
1607948,10.0,1
1607955,9.870924939995986,7
1607965,9.810021475092972,10
1607973,9.864265903866801,8
1607979,9.890307108700648,6
1608479,-204.6105895479053,500
1608497,9.605664857419267,18
1608503,9.911390133626295,6
1608518,9.6133847478592,15
1608521,9.955783202691746,3
1608533,9.737936557591384,12
1608541,9.824298166713062,8
1608548,9.874440290370655,7
1608564,9.65194401658635,16
1608572,9.848330977312601,8
1608575,9.956666638886404,3
1608586,9.804459592821773,11
1608593,9.881777889112282,7
1608594,10.0,1
1608599,9.907074459758483,5
1608618,9.548540947432198,19
1608625,9.884225710833698,7
1608636,9.767205167460098,11
1608643,9.87900474721671,7
1608658,9.664426067029723,15
1608672,8.80345433120909,14
1608684,9.739991236645208,12
1608690,9.901122891557673,6
1608703,9.655787462467071,13
1608717,9.72157736651855,14
1608724,9.872523452792619,7
1608726,9.97293808105597,2
1608727,10.0,1
1608745,9.51389559439547,18
1608746,10.0,1
1608760,9.712622079492993,14
1608770,9.807572811592083,10
1608784,9.72486552368818,14
1608794,9.608140567567382,10
1608811,9.609901621539866,17
1608820,9.809726805856439,9
1608821,10.0,1
1608822,10.0,1
1608823,9.992915402124055,1
1608829,9.884519288707908,6
1608869,8.890494605517313,40
1608885,9.620801260599952,16
1608896,9.763873344803455,11
1608905,9.81686530708767,9
1608910,9.903064290468697,5
1608925,9.691816364732741,15
1608938,9.726063223047879,13
1608954,9.652878736023265,16
1608961,9.86882965684155,7
1609252,4.259613811200327,291
1609257,9.926054183813875,5
1609258,10.0,1
1609265,9.883492444076122,7
1609298,8.94444475333816,33
1609311,9.713340713346522,13
1609326,9.653316419438546,15
1609327,10.0,1
1609331,9.946755641252283,4
1609342,9.7911352300818,11
1609349,9.878424439918893,7
1609361,9.763150335784687,12
1609377,9.626248621365043,16
1609387,9.793837057233269,10
1609388,10.0,1
1609402,9.712302445452641,14
1609413,9.771519542216204,11
1609427,9.686256657676536,14
1609430,9.96974022608114,3
1609435,9.914842134051275,5
1609436,9.99251798389685,1
1609438,9.976587470597714,2
1609451,9.718761234247367,13
1609456,9.913568210264232,5
1609468,9.725484537281906,12
1609472,9.943087709940212,4
1609482,9.821583774235448,10
1609483,10.0,1
1609496,9.762989946685849,13
1609508,9.775657845404158,12
1609518,9.793295607924977,10
1609528,9.814934205112406,10
1609533,9.917704317621665,5
1609547,9.724617072902127,14
1609550,9.957646206176149,3
1609562,9.747740816281713,12
1609567,9.91714820342247,5
1609575,9.82243043307056,8
1609589,9.722606735868176,14
1609602,9.710931531346365,13
1609610,9.830454281610052,8
1609612,9.977370839298814,2
1609613,10.0,1
1609624,9.796890900158736,11
1609633,9.851889141475382,9
1609640,9.85968463314514,7
1609648,9.864333608133753,8
1609649,10.0,1
1609663,8.918899774328567,14
1609664,10.0,1
1609670,9.894274684503587,6
1609682,9.737426857467506,12
1609698,9.628290845146624,16
1609704,9.904656168251405,6
1609715,9.763324143790857,11
1609716,10.0,1
1609726,9.774198263535661,10
1609727,10.0,1
1609730,9.967090558722166,3
1609749,9.562288001086381,19
1609750,10.0,1
1609751,10.0,1
1609768,9.586434025026156,17
1609775,9.852161956274276,7
1609792,9.658692300933376,17
1609799,9.87629686345028,7
1609808,9.7957934225043,9
1609816,9.828444098669374,8
1609828,9.725813139297912,12
1609842,9.677894252940373,14
1609870,9.151704279258944,28
1609879,9.830736173909312,9
1609889,9.781388375011177,10
1609899,9.805814199626639,10
1609908,9.83926617797069,9
1609924,9.623405411405281,16
1609933,9.82845127380225,9
1609945,9.743135710477956,12
1609954,9.83915566686559,9
1609966,9.729128021707286,12
1609980,9.597279032455782,14
1609986,9.911626295666144,6
1609996,9.79997885580918,10
1610007,9.804771606782985,11
1610012,9.911684002823538,5
1610022,9.788897806855207,10
1610031,9.809570554925221,9
1610039,9.86869237073915,8
1610047,9.843030344129593,8
1610059,9.777087829678964,12
1610060,10.0,1
1610067,9.86930467185306,7
1610076,8.998388759568364,9
1610095,9.60307554590067,19
1610097,9.982759178530124,2
1610125,8.902182181041344,28
1610129,9.930698865361054,4
1610130,10.0,1
1610142,9.744081182826372,12
1610156,9.693164600865613,14
1610163,9.866631493697076,7
1610165,9.97559185704959,2
1610190,9.526850790171032,25
1610203,9.756086354966865,13
1610211,9.763527107652926,8
1610224,9.705303841496779,13
1610245,9.494369325747824,21
1610249,9.936698612424415,4
1610260,9.773977097840975,11
1610275,9.645751373271047,15
1610276,10.0,1
1610297,9.578623794247745,21
1610313,9.680732543251514,16
1610329,9.646559028604099,16
1610330,10.0,1
1610339,9.824185264886466,9
1610351,9.795324878831247,12
1610371,9.514310118690371,20
1610376,9.918274417754645,5
1610380,9.936097600673252,4
1610390,9.802688044313504,10
1610397,9.871179499635218,7
1610401,9.93837617100422,4
1610409,9.841932896798713,8
1610421,9.759994338729678,12
1610427,9.896779540731956,6
1610447,8.979286204453249,20
1610458,9.599670982054402,11
1610470,9.776547680623791,12
1610471,10.0,1
1610490,9.309658178770615,19
1610494,9.926889719960922,4
1610496,9.977074918971203,2
1610509,9.687204388516113,13
1610522,9.695881861355334,13
1610537,9.691862231729315,15
1610541,9.949022882309208,4
1610544,9.97062514563532,3
1610554,9.39517628888857,10
1610561,9.859954203624158,7
1610571,9.825064064088641,10
1610580,9.236174956804096,9
1610597,9.610794443263073,17
1610602,9.911799765651436,5
1610610,9.868315072084878,8
1610616,9.894554574957883,6
1610624,9.844211239285771,8
1610636,9.755584394483867,12
1610637,10.0,1
1610664,9.213438941446615,27
1610680,9.71836029641393,16
1610689,9.825675462014658,9
1610708,9.528493553416967,19
1610724,9.67600090689837,16
1610735,9.76007345071937,11
1610736,10.0,1
1610743,9.871034916709517,7
1610755,9.723209876486878,12
1610766,9.768758403156097,11
1610784,9.612906659307768,18
1610796,9.75055345750221,12
1610801,9.926387240135846,5
1610833,9.482437572501214,32
1610850,9.630980572450412,17
1610857,9.86980634578152,7
1610877,9.553421533268168,20
1610878,9.988687591474688,1
1610886,9.84106819519022,8
1610888,9.96901229763888,2
1610897,9.813230247879304,9
1610907,9.797823047300835,10
1610922,9.651071183264486,15
1610923,10.0,1
1610928,9.914946834133135,5
1610936,9.853775881204013,8
1610950,9.693888842923577,14
1610954,9.92817288336443,4
1610974,9.493995306451342,20
1610975,10.0,1
1610991,9.191475632982108,16
1610998,9.867387760991686,7
1611019,9.258612993198588,21
1611034,9.734074258643705,15
1611060,9.555048268416137,26
1611073,9.725300430679637,13
1611081,9.84638812165866,8
1611104,9.436411575273537,23
1611105,10.0,1
1611125,9.595166519512967,20
1611135,9.79174404959861,10
1611158,9.454137636732343,23
1611162,9.95092661571165,4
1611173,9.771232020880596,11
1611183,9.772852286313519,10
1611193,9.819980815875741,10
1611202,9.820558770804356,9
1611203,9.996599855005293,1
1611212,9.795756735826727,9
1611220,9.839508432893906,8
1611234,9.722704018066159,14
1611242,9.35813380139375,8
1611257,9.723072446259073,15
1611275,9.620262074096711,18
1611283,9.858816512098318,8
1611284,10.0,1
1611298,9.696950294928003,14
1611308,9.801487287526374,10
1611309,10.0,1
1611312,9.969357026068755,3
1611315,9.962011924173586,3
1611320,9.918351388585373,5
1611332,9.754698415238659,12
1611340,9.829640170622948,8
1611346,9.908948891583032,6
1611365,9.568217408574425,19
1611420,8.992516501843193,55
1611425,9.92693830593629,5
1611450,9.53125551010311,25
1611456,9.896244587059986,6
1611464,9.833796321466066,8
1611474,9.786594660607,10
1611479,9.909617294351369,5
1611489,9.77540656445931,10
1611494,9.927344042605133,5
1611496,9.96636687193799,2
1611506,9.802541768755447,10
1611518,9.650643717342366,12
1611525,9.85498656035354,7
1611530,9.90511324624347,5
1611532,9.978480660889332,2
1611539,9.87579490957342,7
1611560,9.533032018725553,21
1611571,9.770531641837641,11
1611582,9.831104437348444,11
1611593,9.75388340339305,11
1611594,10.0,1
1611641,9.288856092844874,47
1611651,9.791189327093942,10
1611663,9.752006583222446,12
1611681,9.611112417101102,18
1611688,9.885136862168551,7
1611701,9.720044854489268,13
1611706,9.928724049771416,5
1611720,9.766244083393554,14
1611728,9.828527731922712,8
1611740,9.771580611165469,12
1611751,9.762056892578382,11
1611765,9.633822189124642,14
1611942,6.2801652316990015,177
1611963,9.617115468155259,21
1611990,9.520811317431836,27
1612005,9.688763972565495,15
1612011,9.900260729004787,6
1612014,9.959354752322433,3
1612028,9.73122990010653,14
1612047,9.558243536535063,19
1612048,10.0,1
1612058,9.776932184802378,10
1612069,9.786729706799767,11
1612079,9.820726022275961,10
1612087,9.825260617575491,8
1612091,9.950961429763044,4
1612095,9.944472763369333,4
1612102,9.882915267160154,7
1612124,9.434460709856793,22
1612139,9.696523095990026,15
1612158,9.587862817627268,19
1612176,9.642636607343805,18
1612193,9.39856313815893,17
1612204,9.758848096026929,11
1612213,9.807125418881586,9
1612216,9.95403867515857,3
1612225,9.831530065431673,9
1612244,9.59500226582253,19
1612265,9.500552125898036,21
1612273,9.864036793555657,8
1612286,9.729033320795578,13
1612293,9.875335675136219,7
1612294,10.0,1
1612303,9.854910500550053,9
1612318,9.717827579600334,15
1612338,9.630162684109417,20
1612355,9.58503853427313,17
1612357,9.97722948245218,2
1612375,9.65351071919249,18
1612391,9.60860177459606,16
1612403,9.752333707763347,12
1612406,9.762672147788384,3
1612416,9.78542166083587,10
1612424,9.869927172661617,8
1612434,9.780375258904161,10
1612441,9.870604849329707,7
1612446,9.899040242629502,5
1612470,9.191542605816945,24
1612476,9.887049314710262,6
1612483,9.870016488668838,7
1612504,9.56115378970585,21
1612516,9.671732857034987,12
1612528,9.794847305964243,12
1612537,9.818308134288483,9
1612545,9.848912208874214,8
1612558,9.712990751976303,13
1612568,9.802827962282787,10
1612583,9.684765393162719,15
1612599,9.66336857607197,16
1612612,9.73794880475274,13
1612624,9.723538206585308,12
1612644,9.597435912718227,20
1612645,10.0,1
1612656,9.82218477044451,11
1612664,9.837432458353659,8
1612665,10.0,1
1612668,9.957618647057751,3
1612679,9.684224057873406,11
1612686,9.87444872777722,7
1612706,9.597115193956443,20
1612722,9.625789986208783,16
1612724,9.971073290082275,2
1612748,9.376845873188772,24
1612763,9.654269766914261,15
1612776,9.696169311583832,13
1612794,9.587150251329183,18
1612805,9.747104756473767,11
1612812,9.847728194698817,7
1612828,9.658931277199018,16
1612837,9.819342713586948,9
1612848,9.81407986050824,11
1612866,9.630045271207806,18
1612883,9.590849711486364,17
1612894,9.782162557402643,11
1612907,9.733481834503706,13
1612916,9.820973326355704,9
1612933,9.634730201665544,17
1612948,9.640840372580348,15
1612956,9.85123270992674,8
1612965,9.738790652857432,9
1612976,9.788593697843234,11
1612980,9.943014330049227,4
1612995,9.661426182905178,15
1612999,9.937386767094761,4
1613018,9.555627522386988,19
1613025,9.872680410105042,7
1613030,9.905808053626984,5
1613037,9.867074803552544,7
1613056,9.573676641314153,19
1613063,9.846921690465992,7
1613069,9.903300130102267,6
1613080,9.767993515707005,11
1613098,9.577826815854596,18
1613115,9.648800831563987,17
1613123,9.822231244700967,8
1613129,9.895947940042223,6
1613143,9.713220086688265,14
1613153,9.779480252963642,10
1613174,9.509778056737558,21
1613185,9.773640735803603,11
1613194,9.849647890110647,9
1613201,9.908180620194639,7
1613221,9.588818217159197,20
1613235,9.723742845563253,14
1613242,9.871978711997563,7
1613260,9.584002303057883,18
1613277,9.684983580576963,17
1613294,9.645887261432836,17
1613306,9.727571133488977,12
1613317,9.76143108898549,11
1613318,10.0,1
1613330,9.743231475936645,12
1613338,9.838159037508651,8
1613347,9.829265661950124,9
1613359,9.763094993023447,12
1613378,9.557323974280278,19
1613386,9.859191478761447,8
1613397,9.779879645522508,11
1613402,9.910023061316425,5
1613415,9.72093988041495,13
1613416,10.0,1
1613417,9.989298600036669,1
1613430,9.705615268785854,13
1613439,9.822756433113563,9
1613448,9.872797847114201,9
1613458,9.827182591330962,10
1613460,9.984636660635742,2
1613471,9.790066088117928,11
1613479,9.854866118331357,8
1613482,9.958680359957842,3
1613493,9.765892659921574,11
1613509,9.591388594242453,16
1613517,9.834186650238728,8
1613523,9.908879500823476,6
1613542,9.53579020958978,19
1613557,9.647776412914862,15
1613567,9.799953434395684,10
1613568,9.996189269464574,1
1613578,9.800617911414085,10
1613600,9.485542624014547,22
1613606,9.88042781149412,6
1613612,9.918761342234673,6
1613624,9.72866938360258,12
1613625,10.0,1
1613635,9.784099135979696,10
1613636,10.0,1
1613637,10.0,1
1613647,9.821793066318293,10
1613658,9.752613265949433,11
1613666,9.845905234294323,8
1613676,9.81691689416894,10
1613682,9.915856062444753,6
1613683,10.0,1
1613695,9.736665616528489,12
1613706,9.77225672554131,11
1613714,9.828710237836633,8
1613715,10.0,1
1613720,9.915432751228415,5
1613721,10.0,1
1613722,10.0,1
1613723,10.0,1
1613725,9.973008121513692,2
1613733,9.846210799822002,8
1613756,9.455817774701295,23
1613779,9.535469495347312,23
1613809,9.192873295748795,30
1613823,9.679956219607178,14
1613839,9.611809373720963,16
1613846,9.871426035114329,7
1613849,9.964419009730593,3
1613852,9.956524589489252,3
1613866,9.729137772142302,14
1613870,9.941633295056205,4
1613871,10.0,1
1613872,10.0,1
1613881,9.84444274194735,9
1613884,9.95673649565768,3
1613885,10.0,1
1613891,9.878164354559553,6
1613903,9.740260027222476,12
1613910,9.875014390975553,7
1613919,9.804938226840617,9
1613927,9.823033059956337,8
1613934,9.878232219324852,7
1613945,9.802737691818086,11
1613956,9.797019474595878,11
1613964,9.844487858399116,8
1613967,9.95416015193265,3
1613980,9.77862611852056,13
1613993,9.699718015187603,13
1614000,9.848657399862502,7
1614010,9.834064527202212,10
1614018,9.86016715285285,8
1614019,10.0,1
1614026,9.873288685195272,7
1614036,9.778583550188753,10
1614043,9.875383553622983,7
1614049,9.888050529736603,6
1614060,9.611588886307747,11
1614068,9.83359207689786,8
1614071,9.960710875748024,3
1614095,8.271115374606763,24
1614100,9.92947963702923,5
1614111,9.741203368821775,11
1614119,9.884484387705811,8
1614130,9.801556289490996,11
1614133,9.960412894882356,3
1614136,9.953857032446344,3
1614144,9.842544487721899,8
1614155,9.753331293695776,11
1614164,9.789261006152572,9
1614181,9.599355179777524,17
1614189,9.831926151747366,8
1614197,9.844057305381277,8
1614202,9.924500165539218,5
1614209,9.87615816560727,7
1614220,9.804443996285169,11
1614230,9.78128337194659,10
1614242,9.760039221533,12
1614256,9.6830841611597,14
1614266,9.80438098828914,10
1614277,9.754916121753418,11
1614279,9.983213119991376,2
1614285,9.883970779396863,6
1614291,9.897655084312845,6
1614296,9.906875865341938,5
1614303,9.872138873839434,7
1614316,9.735319483473557,13
1614333,8.609421054319778,17
1614347,9.669047959681595,14
1614357,9.794974834663124,10
1614530,-53.48423840335722,173
1614542,9.343891585166316,12
1614545,9.960888217389623,3
1614546,10.0,1
1614551,9.927109026475604,5
1614566,9.56557201095798,15
1614571,9.92036863316918,5
1614572,10.0,1
1614578,9.899366495093417,6
1614581,9.96098511139807,3
1614589,9.837469959080863,8
1614602,9.69931902178386,13
1614603,10.0,1
1614613,9.799207064199953,10
1614641,9.418705896484653,28
1614657,9.71607973295486,16
1614660,9.96411378893482,3
1614673,9.72594090750756,13
1614685,9.764629594737471,12
1614694,9.829814444688088,9
1614695,10.0,1
1614707,9.762047990598742,12
1614711,9.948950748145057,4
1614728,9.592217988889129,17
1614746,9.681646949111505,18
1614754,9.850805059309224,8
1614773,9.511545683260623,19
1614774,10.0,1
1614783,9.829090615375524,9
1614785,9.97732608560323,2
1614794,9.829507487505712,9
1614797,9.95982822273396,3
1614809,9.425667173077475,12
1614824,9.680788976860836,15
1614832,9.82181717820389,8
1614841,9.834969587465508,9
1614854,9.696427533646789,13
1614874,9.583963871777183,20
1614884,9.80725482963221,10
1614896,9.749019782059168,12
1614915,9.63806682880585,19
1614927,9.746019348817578,12
1614943,9.650772463651395,16
1614950,9.869162079511902,7
1614968,9.575813731229013,18
1614978,9.79106978033431,10
1614981,9.965045476826923,3
1614990,9.428992237656164,9
1614996,9.898575295290756,6
1615011,9.74175992770368,15
1615018,9.867987889802388,7
1615023,9.92205915927887,5
1615037,9.694565793267383,14
1615054,9.64892636106058,17
1615084,9.303057179315113,30
1615086,9.98003058099442,2
1615102,9.606177608614436,16
1615105,9.964202150607992,3
1615115,9.813782446075113,10
1615128,9.73218847721946,13
1615152,8.449082340012545,24
1615165,9.714895095121678,13
1615177,9.756346777156466,12
1615184,9.883715952389691,7
1615205,9.525847515893826,21
1615213,9.85084434219881,8
1615223,9.770779056980277,10
1615235,9.801436495478459,12
1615243,9.860756899592197,8
1615259,9.682568122435207,16
1615271,9.789350666652737,12
1615291,9.585102177556223,20
1615312,9.637087209473167,21
1615321,9.82346500148642,9
1615337,9.695884386128558,16
1615357,9.493182781976037,20
1615362,9.917152355451128,5
1615388,9.371783833544173,26
1615390,9.978258016142645,2
1615404,9.690747998353434,14
1615417,9.723474258595873,13
1615418,9.996347621377689,1
1615435,8.288661940200477,17
1615445,9.78750236120104,10
1615458,9.53464395994964,13
1615465,9.869666488437197,7
1615482,9.71038336055154,17
1615492,9.794893350139708,10
1615496,9.934749893581184,4
1615517,9.490100950252337,21
1615528,9.795777265124753,11
1615543,9.645841196663081,15
1615544,10.0,1
1615564,9.576327419818897,20
1615577,9.733747660100617,13
1615588,9.772283542328587,11
1615599,9.794345600460534,11
1615600,10.0,1
1615606,9.89893419283322,6
1615638,9.421916969203917,32
1615645,9.889652699016963,7
1615654,9.822927788793637,9
1615665,9.752295851684067,11
1615682,9.327217569864347,17
1615699,9.650585930840194,17
1615716,9.594605714598545,17
1615717,10.0,1
1615718,10.0,1
1615719,10.0,1
1615731,9.757485843318852,12
1615742,9.788548925892805,11
1615747,9.91784044547308,5
1615769,9.506557339539484,22
1615781,9.741854460733192,12
1615782,10.0,1
1615786,9.944523772943782,4
1615793,9.877040966214803,7
1615816,9.501230538135333,23
1615838,6.467066325868556,22
1615856,9.668712752660095,18
1615857,10.0,1
1615876,9.575873377361168,19
1615879,9.96675251196068,3
1615885,9.904397439463873,6
1615886,9.989029384606024,1
1615890,9.939988508426543,4
1615899,9.832021820201085,9
1615917,9.598528008165474,18
1615918,10.0,1
1615930,9.742403287485613,12
1615935,9.915047673923553,5
1615944,9.795293405644369,9
1615959,9.707619330445677,15
1615980,9.541662582640958,21
1615982,9.977526994408997,2
1615991,9.824378236839442,9
1616020,9.369667719787872,29
1616030,9.808158168007807,10
1616036,9.897930733336995,6
1616045,9.822549058114944,9
1616048,9.955347638685073,3
1616052,9.932265198416886,4
1616061,9.822955302087648,9
1616062,10.0,1
1616067,9.919322696207844,5
1616079,9.738559483612926,12
1616080,10.0,1
1616081,10.0,1
1616093,9.765426863090752,12
1616102,9.817680489251012,9
1616106,9.94559938271095,4
1616114,9.856499911853206,8
1616119,9.904343288000767,5
1616126,9.864239952176272,7
1616131,9.91106595335387,5
1616134,9.963232268462617,3
1616141,9.878346372085844,7
1616148,9.888126659310148,7
1616154,9.887242036140405,6
1616160,9.878997408341329,6
1616169,9.832482636033777,9
1616174,9.905900778850981,5
1616191,9.640439452297112,17
1616195,9.9471787600093,4
1616198,9.96833434833931,3
1616199,10.0,1
1616206,9.873567513087586,7
1616213,9.898848050409276,7
1616221,9.847610085894313,8
1616234,9.722855190272622,13
1616243,9.823851790617448,9
1616256,9.708953470204708,13
1616260,9.941147398872646,4
1616269,9.808189348988897,9
1616273,9.951138861571339,4
1616274,10.0,1
1616284,9.519758038149764,10
1616294,9.794513530588452,10
1616299,9.914742250015122,5
1616307,9.835659834833503,8
1616308,10.0,1
1616311,9.957347313256953,3
1616328,9.637916930851944,17
1616345,9.685966510619947,17
1616361,9.569151466522456,16
1616363,9.975489417407609,2
1616372,9.720591621973014,9
1616373,10.0,1
1616374,10.0,1
1616389,9.538900006713893,15
1616409,9.65568639357031,20
1616421,9.742335588896774,12
1616432,9.7876250974039,11
1616444,9.760759001299649,12
1616458,9.664823823545968,14
1616475,9.09657585569232,17
1616483,9.840725324561237,8
1616495,9.770673432341097,12
1616505,9.598536522716785,10
1616506,9.990992503370071,1
1616508,9.97622079871243,2
1616528,9.51882911524169,20
1616535,9.853933854744454,7
1616545,9.844436371635714,10
1616552,9.878380251324751,7
1616555,9.965941748489382,3
1616556,9.991985461782841,1
1616557,10.0,1
1616573,9.6742769033927,16
1616575,9.979654996149584,2
1616576,10.0,1
1616580,9.955925034661453,4
1616592,9.719247445357913,12
1616601,9.792731414766992,9
1616616,9.70951041007031,15
1616635,9.533230978275506,19
1616636,10.0,1
1616640,9.940951036364408,4
1616641,10.0,1
1616649,9.846307123649316,8
1616668,9.600601356305663,19
1616673,9.924217398759161,5
1616679,9.899349957407736,6
1616709,9.264996358586666,30
1616716,9.862372771160915,7
1616720,9.935286575078942,4
1616721,10.0,1
1616735,9.70727641575392,14
1616738,9.951066690080383,3
1616755,9.627810689975853,17
1616767,9.751038725886877,12
1616768,10.0,1
1616769,10.0,1
1616770,9.988262260521422,1
1616771,10.0,1
1616778,9.85508848515379,7
1616791,9.73254724725131,13
1616803,9.71548999406347,12
1616804,10.0,1
1616806,9.975175463297155,2
1616807,10.0,1
1616818,9.810049651378566,11
1616833,9.639959903585657,15
1616840,9.87276098349632,7
1616845,9.923435663593079,5
1616852,9.870085857844373,7
1616868,9.64974449392116,16
1616877,9.826772967568791,9
1616901,9.453447697330233,24
1616914,9.6829040133636,13
1616919,9.918018494810577,5
1616941,9.164778074607197,22
1616951,9.807751297526154,10
1616965,9.6963884150904,14
1616968,9.95836207465919,3
1616972,9.936292583827885,4
1616973,10.0,1
1616984,9.74534251609691,11
1616993,9.826453889990848,9
1617003,9.782101471019349,10
1617012,9.831498209908773,9
1617014,9.979585053735729,2
1617022,9.852120167043804,8
1617033,9.776889295152321,11
1617047,9.686568572181566,14
1617072,7.9039184552072985,25
1617075,9.950740872174602,3
1617099,9.496352033610734,24
1617106,9.859231963811077,7
1617116,9.800120589211462,10
1617117,10.0,1
1617133,9.658135241217709,16
1617140,9.870137174602212,7
1617149,9.807201587252303,9
1617159,9.811047616810812,10
1617160,10.0,1
1617168,9.856241184346771,8
1617180,9.74821085459904,12
1617194,9.658426104787864,14
1617201,9.864123059026195,7
1617211,9.839447982079923,10
1617229,9.616202564866683,18
1617243,9.673654690942126,14
1617254,9.780401820218845,11
1617266,9.748416426205592,12
1617280,9.720865172274934,14
1617285,9.925773355484225,5
1617304,9.511313460694913,19
1617317,9.71573593880119,13
1617330,9.700358493399134,13
1617338,9.557576352915902,8
1617340,9.973861583648988,2
1617341,10.0,1
1617350,9.828087927381986,9
1617362,9.735011932497866,12
1617365,9.951303137844226,3
1617377,9.768127295253425,12
1617382,9.922872162120765,5
1617391,9.8097688288266,9
1617403,9.735549310684663,12
1617416,9.758144894232196,13
1617419,9.965673829649857,3
1617425,9.874938846041465,6
1617446,9.32378018485337,21
1617453,9.891456182471945,7
1617467,9.710124684091676,14
1617475,9.848326459685703,8
1617480,9.92939263121494,5
1617483,9.95174122244929,3
1617488,9.904564438932384,5
1617505,9.44204046200299,17
1617521,9.720081019996742,16
1617533,9.754591397215126,12
1617550,9.633604023145903,17
1617570,9.532937726678702,20
1617592,9.586452744481306,22
1617604,9.736389654219796,12
1617618,9.732266582845297,14
1617627,9.842934122522387,9
1617628,9.988801012818053,1
1617636,9.835765424322188,8
1617640,9.930660403958306,4
1617653,9.716363024485984,13
1617662,9.834636909699022,9
1617669,9.874454798491266,7
1617679,9.813841848430233,10
1617696,9.641024993431293,17
1617715,9.614394092276946,19
1617716,10.0,1
1617721,9.918182708328873,5
1617723,9.97431951773668,2
1617724,10.0,1
1617729,9.926791730350685,5
1617745,9.620956530881886,16
1617752,9.849086137380377,7
1617767,9.643558521910954,15
1617770,9.967381270808323,3
1617782,9.73182984425498,12
1617793,9.774335030023765,11
1617798,9.928711438827893,5
1617801,9.957361295535202,3
1617803,9.975034027490883,2
1617814,9.748648181089175,11
1617815,9.99229820150668,1
1617828,9.727661764095908,13
1617838,9.785481413745742,10
1617846,9.863312888764082,8
1617860,9.675903997630082,14
1617872,9.764199770720309,12
1617891,9.530226769854968,19
1617896,9.920779534192421,5
1617905,9.796345436489167,9
1617912,9.859738682520971,7
1617919,9.854278267414482,7
1617932,9.718077182626336,13
1617933,9.992693874646173,1
1617938,9.933578498564644,5
1617944,9.877840817973224,6
1617958,9.696645881198318,14
1617963,9.913556930915274,5
1617976,9.693246542548755,13
1617985,9.85816908432134,9
1617992,9.890775014985952,7
1618003,9.791600429183859,11
1618006,9.951983580825118,3
1618013,9.862984228551896,7
1618030,9.606790569971102,17
1618048,9.563921495583125,18
1618055,9.871411901578353,7
1618059,9.956296157049975,4
1618077,9.69555494564724,18
1618082,9.904677996750156,5
1618084,9.97492809010037,2
1618098,9.68502286625325,14
1618103,9.916818163803029,5
1618113,9.80239401610221,10
1618125,9.73568715344369,12
1618146,9.544293300382138,21
1618154,9.853326307101366,8
1618165,9.603385514788213,11
1618178,9.738947962306453,13
1618196,9.5925942005719,18
1618197,10.0,1
1618206,9.80670379381402,9
1618217,9.665250909270583,11
1618231,9.674490167618321,14
1618243,9.73984878942038,12
1618247,9.951105851742286,4
1618260,9.723874373292984,13
1618274,9.73335095277275,14
1618286,9.73219984545312,12
1618294,9.845429813433338,8
1618308,9.677043965492853,14
1618315,9.877534728835865,7
1618327,9.767662863300702,12
1618337,9.795930412260036,10
1618349,9.750647841179099,12
1618363,9.706607548478187,14
1618375,9.733575725323119,12
1618394,9.63162993218315,19
1618398,9.938602445254476,4
1618400,9.972663721596298,2
1618401,10.0,1
1618405,9.937085087289374,4
1618430,9.605248187609265,25
1618431,10.0,1
1618441,9.842119147968186,10
1618442,10.0,1
1618443,10.0,1
1618455,9.754259434151471,12
1618459,9.94431166082718,4
1618469,9.822691359829594,10
1618479,9.797102945537901,10
1618498,9.56657576537379,19
1618508,9.517415660787204,10
1618517,9.828135297903717,9
1618532,9.663579852928882,15
1618534,9.974146138301075,2
1618541,9.86417125601468,7
1618554,9.748591842955008,13
1618562,9.834222744792328,8
1618563,10.0,1
1618564,10.0,1
1618579,9.704616604193722,15
1618585,9.904310540432673,6
1618596,9.768050618234987,11
1618611,9.70431186052104,15
1618621,9.797142109752007,10
1618632,9.766420384034404,11
1618641,9.856828717924449,9
1618652,9.78973146493344,11
1618666,9.655837164045595,14
1618673,9.859729331720352,7
1618679,9.883782656351435,6
1618690,9.673137237012835,11
1618694,9.93839300178431,4
1618695,9.992003872106638,1
1618701,9.887556198746784,6
1618714,9.733715369425612,13
1618725,9.7858717871841,11
1618736,9.762665098818763,11
1618749,9.726937005237136,13
1618755,9.922565985781842,6
1618760,9.915570603081854,5
1618769,9.813050546885595,9
1618773,9.945523695791184,4
1618785,9.776797403836023,12
1618800,9.654757525899871,15
1618817,9.650566357880791,17
1618830,9.713706274378298,13
1618838,9.855409874669263,8
1618840,9.98356091247172,2
1618845,9.920745066707719,5
1618851,9.92157251745914,6
1618861,9.78197612866441,10
1618862,10.0,1
1618875,9.726397921343482,13
1618883,9.865651356580143,8
1618891,9.83985758982712,8
1618892,10.0,1
1618898,9.898078247803202,6
1618908,9.783169454837996,10
1618920,9.750756416481778,12
1618949,9.445203916685994,29
1618986,8.979146653961251,37
1618987,10.0,1
1618992,9.921061915147021,5
1619021,9.481750412643354,29
1619037,9.662520449716759,16
1619046,9.85868317319974,9
1619057,9.785418174864347,11
1619069,9.761832300067569,12
1619080,9.764372300763176,11
1619092,9.743164887521868,12
1619112,9.591340564147801,20
1619124,9.746534777011867,12
1619134,9.809241180072508,10
1619142,9.854345190304533,8
1619162,9.547857557018068,20
1619174,9.758031459345915,12
1619184,9.77993529513018,10
1619195,9.760141119154067,11
1619204,9.826383148955895,9
1619226,9.553950937973529,22
1619233,9.902576783493757,7
1619243,9.799302624292634,10
1619250,9.864439435928775,7
1619251,10.0,1
1619272,9.519863171353721,21
1619274,9.978471322465193,2
1619286,9.731233634100677,12
1619291,9.929112130374985,5
1619298,9.86501725196193,7
1619313,9.65333235360465,15
1619321,9.83357392970238,8
1619329,9.87150444015233,8
1619333,9.942223839092595,4
1619339,9.878919025202482,6
1619349,9.815355998870704,10
1619362,9.694506886018333,13
1619368,9.895609153008657,6
1619385,8.966515251520649,17
1619391,9.900441688220651,6
1619398,9.850101787356751,7
1619405,9.886994186344127,7
1619420,9.68332554246655,15
1619426,9.889390792033549,6
1619449,9.50018854132616,23
1619450,10.0,1
1619458,9.279128360519133,8
1619473,9.688001077482015,15
1619475,9.976837748752011,2
1619485,9.813061192825806,10
1619500,9.471365769005022,15
1619512,9.758109942668739,12
1619516,9.9399457777327,4
1619527,9.764278702433742,11
1619539,9.773283402993583,12
1619547,9.830506459485752,8
1619556,9.811191079881501,9
1619566,9.845123618714668,10
1619574,9.839296672756223,8
1619575,10.0,1
1619576,10.0,1
1619582,9.886567820783561,6
1619601,9.465538947149957,19
1619602,10.0,1
1619611,9.834604516282454,9
1619622,9.757926603064677,11
1619631,9.816919354356147,9
1619639,9.841396349101624,8
1619643,9.94000790681607,4
1619645,9.975337077204436,2
1619659,9.698401553506521,14
1619670,9.792859985610878,11
1619671,10.0,1
1619678,9.872533896080885,7
1619688,9.790372723323202,10
1619693,9.925838982817025,5
1619703,9.822429989672859,10
1619716,9.702246300274933,13
1619726,9.792460827271626,10
1619733,9.887309256000204,7
1619738,9.923727682853725,5
1619754,9.634767270729721,16
1619778,9.502982267677458,24
1619790,9.735837798295654,12
1619791,10.0,1
1619797,9.914717422660203,6
1619800,9.948293557133603,3
1619812,9.739286005158258,12
1619830,9.569870951424866,18
1619836,9.901901318441865,6
1619855,9.592318340170923,19
1619867,9.745478062196517,12
1619875,9.82717527336686,8
1619886,9.786043092722116,11
1619913,9.411543373957896,27
1619924,9.793083867350669,11
1619937,9.68029434898328,13
1619948,9.754437106590714,11
1619956,9.858638268511188,8
1619968,9.758985857415471,12
1619974,9.89400247036034,6
1619975,10.0,1
1619994,9.627019387190362,19
1620494,-9.141751624029238,500
1620528,9.176454705900081,34
1620538,9.789080965872449,10
1620554,9.647921801994379,16
1620558,9.945026500316784,4
1620569,9.738737315216262,11
1620570,9.993435087942139,1
1620582,9.729778747561086,12
1620594,9.758790728825103,12
1620596,9.971923443514369,2
1620610,9.746886051324402,14
1620611,10.0,1
1620617,9.892593796684434,6
1620629,9.742673452715685,12
1620634,9.909909105444624,5
1620655,9.547315646631432,21
1620666,9.76789036612179,11
1620689,9.478375999140484,23
1620690,9.987613476414387,1
1620703,9.718665921100076,13
1620721,9.59454577449366,18
1620729,9.893906807557373,8
1620752,9.409398010400354,23
1620769,9.593465065865827,17
1620780,9.755505392198824,11
1620785,9.900389088467291,5
1620805,9.572607654173762,20
1620833,9.360541645756486,28
1620840,9.879017280395205,7
1620853,9.709391503799326,13
1620865,9.739432563716719,12
1620869,9.935226155568012,4
1620870,10.0,1
1620904,9.12077343718247,34
1620906,9.978626173509529,2
1620920,9.686775311768992,14
1620931,9.801989992121625,11
1620950,9.644273702981184,19
1620951,10.0,1
1620955,9.9498626883611,4
1620970,9.647229292880018,15
1620979,9.833017593877116,9
1620983,9.939064143254758,4
1620993,9.801630343198605,10
1621003,9.784061366154747,10
1621012,9.81279008748972,9
1621023,9.768261217463602,11
1621031,9.860086169104429,8
1621034,9.950960241177953,3
1621048,9.693772991446977,14
1621055,9.87773844811475,7
1621089,9.173146271511456,34
1621099,9.787977436547495,10
1621102,9.95503282372293,3
1621103,10.0,1
1621118,9.666016263158683,15
1621134,9.478600847927241,16
1621147,9.724272398144503,13
1621167,9.460439426255293,20
1621173,9.893487061091962,6
1621187,9.689538146590506,14
1621196,9.820261977408501,9
1621215,9.483804142682661,19
1621224,9.836868058099244,9
1621255,9.399286372695789,31
1621256,10.0,1
1621264,9.847899255168228,8
1621273,9.817588697956161,9
1621285,9.781710098777841,12
1621296,9.75825685433037,11
1621311,9.633755301615146,15
1621325,9.748040644183313,14
1621338,9.716668186940577,13
1621347,9.819251694920892,9
1621372,9.454270985427074,25
1621382,9.791352718717025,10
1621390,9.852773285024641,8
1621398,9.869339203458393,8
1621404,9.896935994833147,6
1621407,9.965938513391889,3
1621417,9.787337627321982,10
1621427,9.788859811045494,10
1621428,10.0,1
1621430,9.968600087351094,2
1621443,9.738498866306323,13
1621451,9.837564511373243,8
1621460,9.820833991250453,9
1621465,9.935027082458015,5
1621472,9.881728654496836,7
1621488,9.074892335585316,16
1621499,9.467448254356455,11
1621508,9.820660794675987,9
1621520,9.76178907095086,12
1621521,10.0,1
1621542,9.604734749006237,21
1621563,9.617851963317811,21
1621564,10.0,1
1621577,9.678861529964406,13
1621580,9.952157162243102,3
1621589,9.812347245971736,9
1621598,9.821771922346962,9
1621599,9.992015437001374,1
1621611,9.733198297393775,12
1621613,9.971818042554307,2
1621616,9.967323349166932,3
1621621,9.91781284896288,5
1621643,9.57521616723057,22
1621657,9.676470310497631,14
1621660,9.95196342934992,3
1621672,9.750647616334158,12
1621686,8.516445579102294,14
1621694,9.856218583137915,8
1621708,9.691002040152064,14
1621711,9.967767240817626,3
1621712,10.0,1
1621728,9.538800174227195,16
1621742,9.692620149231434,14
1621760,9.593374261748757,18
1621776,9.669381693591284,16
1621784,9.846711958153504,8
1621788,9.940363194392672,4
1621810,9.474433792009629,22
1621822,9.799053031411539,12
1621825,9.961104605008234,3
1621836,9.769807546204117,11
1621849,9.700683955778564,13
1621852,9.964903408766638,3
1621865,9.734993285996998,13
1621879,9.700505203646689,14
1621890,9.78239678852568,11
1621902,9.736436922477996,12
1621907,9.910937751986042,5
1621909,9.977421926442863,2
1621913,9.927003713582813,4
1621920,9.871371972199217,7
1621935,9.736838829255657,15
1621951,9.675309269219666,16
1621955,9.9554959690807,4
1621969,9.495515687716066,14
1621986,9.633368149007628,17
1621998,9.763359523729209,12
1622017,9.379644570308724,19
1622038,9.399590670664727,21
1622051,9.70902136413685,13
1622059,9.860287966570194,8
1622071,9.725856123797469,12
1622081,9.812547893810603,10
1622092,9.781976692532812,11
1622102,9.801845388393419,10
1622138,9.025264344235842,36
1622139,9.992815754184257,1
1622149,9.828122702397497,10
1622150,10.0,1
1622160,9.774171887882197,10
1622164,9.931138561313062,4
1622513,2.6987442645479103,349
1622517,9.945168599924502,4
1622531,9.728036868477679,14
1622534,9.962165371629892,3
1622547,9.506700978903433,13
1622556,9.80575336873363,9
1622567,9.777479792695427,11
1622582,9.667721036639023,15
1622583,10.0,1
1622595,9.732175673899263,12
1622602,9.874828352123853,7
1622607,9.920023710536777,5
1622622,9.675688653628775,15
1622628,9.912546379218442,6
1622639,9.794959706964796,11
1622642,9.950089436485303,3
1622666,9.476049548927012,24
1622672,9.892141581731565,6
1622687,9.653605265022632,15
1622688,10.0,1
1622698,9.83442012726344,10
1622710,9.739687214382286,12
1622722,9.75230600376707,12
1622731,9.830749419562892,9
1622748,9.586880605176072,17
1622762,9.688260738331367,14
1622770,9.826773582604996,8
1622773,9.94946892963702,3
1622784,9.770655763989566,11
1622785,10.0,1
1622797,9.719620862614063,12
1622807,9.778577890911546,10
1622812,9.9266820625664,5
1622827,9.681371372726568,15
1622841,9.676898688526988,14
1622854,9.751157991505638,13
1622866,9.750637205612971,12
1622878,9.76358123973219,12
1622884,9.88654455538237,6
1622898,9.702081177764647,14
1622905,9.866451296703826,7
1622913,9.858366111217311,8
1622918,9.910019116083474,5
1622927,9.829716053695567,9
1622937,9.804119305221393,10
1622944,9.862748061710926,7
1622960,9.691240609443549,16
1622966,9.892904583023372,6
1622970,9.938967091277886,4
1622973,9.966718409385237,3
1623017,9.010686486219809,44
1623020,9.954849064552603,3
1623032,9.750163705330644,12
1623033,10.0,1
1623036,9.962306639301678,3
1623042,9.90503788247252,6
1623045,9.964713841266175,3
1623058,9.7303152421961,13
1623069,9.746063302004883,11
1623076,9.875892454846605,7
1623089,9.761058285387206,13
1623108,9.563099998001318,19
1623134,9.430711123420034,26
1623139,9.925562536741351,5
1623146,9.860172505590889,7
1623156,9.824379670989025,10
1623170,9.720342949976258,14
1623174,9.93799783355542,4
1623181,9.788552764545512,7
1623192,9.825068843195444,11
1623204,9.75405340490735,12
1623215,9.745426935632398,11
1623227,9.726825251871087,12
1623230,9.956519261526415,3
1623237,9.868058288537673,7
1623246,9.820972244451443,9
1623258,9.768171514630318,12
1623267,9.847475052766582,9
1623767,-208.10334302073025,500
1623776,9.84608101803243,9
1623784,9.841338768888104,8
1623803,9.540595430925533,19
1623811,9.842928629487387,8
1623826,9.714679719785932,15
1623830,9.93196542767513,4
1623838,9.827138889673199,8
1623845,9.858871020500118,7
1623851,9.889175615113484,6
1623858,9.892466746418263,7
1623872,9.756610542282367,14
1623877,9.897303954970774,5
1623889,9.739592473062075,12
1623896,9.87099542911268,7
1623898,9.977966580481224,2
1623914,9.590243146840487,16
1623942,8.964512028112628,28
1623956,9.674627095052148,14
1623958,9.985862812840292,2
1623976,9.629530662187664,18
1623981,9.931777981523252,5
1623982,10.0,1
1623992,9.774665322429337,10
1623995,9.963600906392333,3
1623996,10.0,1
1624005,9.86393294481296,9
1624020,9.681276169766369,15
1624029,9.799668304562106,9
1624044,9.580308770764121,15
1624062,9.559924813135655,18
1624077,9.670205119912232,15
1624092,9.680091312467765,15
1624101,9.813260959983433,9
1624123,8.744422050887303,22
1624152,9.386794425591214,29
1624160,9.864977186244568,8
1624165,9.91277392495421,5
1624174,9.81251025037792,9
1624191,9.655837022287578,17
1624199,9.842506019584148,8
1624223,9.467018395233655,24
1624236,9.730209425787796,13
1624243,9.86074363958633,7
1624259,9.721205024674411,16
1624265,9.902868312863124,6
1624273,9.870852002492684,8
1624288,9.666398299043612,15
1624295,9.883257265901564,7
1624308,9.708891029891934,13
1624350,8.956988793668849,42
1624363,9.786400006468499,13
1624371,9.847009228914343,8
1624375,9.946502827710347,4
1624384,9.834175085454259,9
1624392,9.845295166651512,8
1624405,9.715171430398273,13
1624406,10.0,1
1624415,9.792611062547634,9
1624422,9.86145902210392,7
1624434,9.753628007631109,12
1624454,9.632943262725224,20
1624455,9.988928852816397,1
1624456,10.0,1
1624475,9.568681811973963,19
1624481,9.920926245672376,6
1624488,9.869637691489144,7
1624496,9.578066641327586,8
1624503,9.87064307103692,7
1624517,9.723452809249693,14
1624531,9.695433476138327,14
1624532,10.0,1
1624536,9.735189056609864,4
1624547,9.787105813958439,11
1624551,9.93973944908627,4
1624564,9.724492619631754,13
1624574,9.776379128656906,10
1624581,9.87258554446566,7
1624586,9.920430605348677,5
1624591,9.910984192978892,5
1624600,9.623883716427072,9
1624614,9.722781511296994,14
1624629,9.693498507852773,15
1624637,9.841154810269687,8
1624644,9.861583159613527,7
1624645,10.0,1
1624647,9.974669699865423,2
1624664,9.63680694713805,17
1624665,10.0,1
1624682,9.564024551191839,17
1624683,10.0,1
1624685,9.971233019436127,2
1624702,9.681501451240853,17
1624719,9.655734662863951,17
1624726,9.864184704726235,7
1624740,9.719484366129723,14
1624748,9.871579346954114,8
1624753,9.919226728320316,5
1624770,9.636388724868851,17
1624771,10.0,1
1624787,9.655943890714614,16
1624795,9.862172562479289,8
1624805,9.810339524289583,10
1624818,9.714601738642955,13
1624826,9.821252351112063,8
1624858,9.383160264127046,32
1624867,9.806953502484678,9
1624873,9.896390793990802,6
1624885,9.724862343584721,12
1624895,9.808324561161962,10
1624908,9.744700242655783,13
1624914,9.88543027747503,6
1624928,9.73988965853475,14
1624935,9.875510657963796,7
1624949,9.700567474823963,14
1624954,9.928424861821691,5
1624955,10.0,1
1624960,9.923419289430491,5
1624969,9.813540903438547,9
1624986,9.628279133745949,17
1624990,9.94761358790926,4
1625000,9.81620392225284,10
1625013,9.760810770374796,13
1625019,9.917256227245158,6
1625031,9.717656425198753,12
1625034,9.954706365427363,3
1625042,9.849732405058775,8
1625057,9.756368899219053,15
1625069,9.815909103033087,12
1625072,9.957650814336995,3
1625082,9.809547946181466,10
1625083,10.0,1
1625089,9.899651729671266,6
1625094,9.936118669790929,5
1625104,9.778434297822395,10
1625105,10.0,1
1625106,10.0,1
1625118,9.722491425423406,12
1625119,10.0,1
1625133,9.670788274854281,14
1625164,9.163961695906865,31
1625171,9.89338027015639,7
1625182,9.760877590556202,11
1625193,9.738057508834244,11
1625207,9.733072582747809,14
1625210,9.969284635185389,3
1625215,9.908385451913158,5
1625216,9.98864884605826,1
1625226,9.85715030950883,10
1625235,9.833578921656017,9
1625239,9.94936678577971,4
1625256,9.698667801343808,17
1625270,9.691032645464361,14
1625271,10.0,1
1625279,9.84412599183911,8
1625298,9.627985706731275,19
1625315,9.627370085649297,17
1625322,9.885602067866275,7
1625327,9.93546585758734,5
1625338,9.810918966175937,11
1625351,9.720544855457243,13
1625361,9.803685774555246,10
1625373,9.792012758077323,12
1625376,9.964494668781285,3
1625377,9.989099261226293,1
1625390,9.772636783803428,13
1625400,9.780631131351122,10
1625404,9.931707715869003,4
1625410,9.890800695712423,6
1625416,9.897913835180546,6
1625430,9.709854352135407,14
1625437,9.87217993475637,7
1625454,9.658036669652605,17
1625455,10.0,1
1625458,9.962408337090332,3
1625459,9.988874395703778,1
1625468,9.819882913896183,9
1625469,10.0,1
1625478,9.814286996441664,9
1625485,9.84055307473007,7
1625489,9.936908955245976,4
1625498,9.843655150713241,9
1625505,9.857823479243239,7
1625516,9.801257307141205,11
1625517,10.0,1
1625525,9.874518306670721,8
1625531,9.900725479260842,6
1625544,9.699256299321952,13
1625550,9.887205494640455,6
1625559,9.819788545697484,9
1625560,10.0,1
1625573,9.708380313711555,13
1625580,9.884528357601184,7
1625588,9.8613790571428,8
1625601,9.674083007997723,13
1625608,9.855873980120592,7
1625614,9.895313754969774,6
1625617,9.956354630635454,3
1625632,9.225251427260039,15
1625636,9.933729097178945,4
1625648,9.725633040903062,12
1625662,9.78932789393895,14
1625668,9.919292170631524,6
1625681,9.725793456919252,13
1625698,9.642119081645944,17
1625714,9.6177375757426,16
1625726,9.794754203459005,12
1625727,10.0,1
1625733,9.793920149708393,6
1625742,9.809153637455022,9
1625759,9.6393730197124,17
1625769,9.79495429685818,10
1625770,10.0,1
1625771,10.0,1
1625783,9.763593576157255,12
1625794,9.736653261014192,11
1625799,9.911651667088409,5
1625803,9.941877656490478,4
1625813,9.82617793684202,10
1625826,9.696284399943316,13
1625838,9.755131240743488,12
1625853,9.692844514566614,15
1625869,9.679948281162634,16
1625870,10.0,1
1625876,9.90058759458756,6
1625882,9.900846478143032,6
1625893,9.75252880634725,11
1625905,9.721012143089863,12
1625921,9.620597124270425,16
1625922,10.0,1
1625930,9.853321253813917,8
1625948,9.617354629138525,18
1625952,9.93181000978052,4
1625961,9.82179977802214,9
1625962,10.0,1
1625966,9.950330842395392,4
1625979,9.724019244801305,13
1625984,9.931903466141556,5
1625986,9.96676896536297,2
1625992,9.904255880276372,6
1626000,9.856592630885462,8
1626006,9.890315743922153,6
1626014,9.875741276789089,8
1626022,9.83737410020044,8
1626036,9.652497977504963,14
1626051,9.713088148506817,15
1626071,9.545681593153924,20
1626079,9.860309000309384,8
1626084,9.918575504731391,5
1626097,9.696035389337457,13
1626107,9.782915835876965,10
1626108,10.0,1
1626126,9.226934610294713,18
1626127,10.0,1
1626137,9.782775050598051,10
1626147,9.805465489424487,10
1626161,9.70512713981579,14
1626171,9.786158923620196,10
1626180,9.819724746527259,9
1626186,9.913019988211689,6
1626193,9.8692797875691,7
1626209,9.630592882511486,16
1626215,9.873473793670678,6
1626223,9.851482693002161,8
1626233,9.796997921020543,10
1626234,10.0,1
1626243,9.832272142530531,9
1626266,9.452709997206377,23
1626280,9.71745962126621,14
1626293,9.739995034627977,13
1626299,9.899073569395691,6
1626306,9.867962015996694,7
1626341,9.351996102269553,35
1626360,9.581063254725038,19
1626367,9.880203736695272,7
1626393,9.407168375636795,26
1626400,9.88575012363153,7
1626404,9.938363836281713,4
1626409,9.906919147058645,5
1626418,9.832679760441298,9
1626429,9.77579499856163,11
1626443,9.723732153065662,14
1626452,9.865164878780496,9
1626464,9.759113180479607,12
1626480,9.647982267767093,16
1626499,9.609899520506614,19
1626506,9.899432629209059,7
1626510,9.93363140667794,4
1626523,9.681724034125702,13
1626553,9.24896288614762,30
1626569,9.692088362483563,16
1626584,9.640604918126787,15
1626603,9.613307602127518,19
1626605,9.972302508748298,2
1626609,9.948439535687188,4
1626617,9.840277368779054,8
1626630,9.706692894319632,13
1626631,10.0,1
1626643,9.722501142426644,12
1626650,9.865123111116139,7
1626667,9.657387986519247,17
1626692,9.516700509187835,25
1626709,9.628322751657407,17
1626719,9.810517191753629,10
1626725,9.905149718761974,6
1626736,9.768543953931715,11
1626754,9.575924549662162,18
1626755,9.996641151337595,1
1626759,9.948864253915527,4
1626760,9.989486737561585,1
1626761,10.0,1
1626769,9.837640170037192,8
1626780,9.748200111770593,11
1626790,9.791499530706,10
1626795,9.922539928440523,5
1626803,9.844545054281134,8
1626816,9.706992773067462,13
1626826,9.782020430235393,10
1626833,9.87616053140714,7
1626849,9.648093087694106,16
1626867,9.576933463123352,18
1626873,9.914674822335716,6
1626879,9.91168042927501,6
1626892,9.710824666668247,13
1626900,9.838957982970825,8
1626905,9.923586379396438,5
1626934,8.836981817149056,29
1626937,9.965990685661971,3
1626947,9.801104150452122,10
1626953,9.890474608126544,6
1626964,9.756997216951289,11
1626978,9.685780101109609,14
1626987,9.824835211749333,9
1627010,9.474069557778964,23
1627011,10.0,1
1627022,9.801744090907622,11
1627032,9.792441592825568,10
1627035,9.952854415210474,3
1627042,9.86820192056486,7
1627050,9.860841534740626,8
1627058,9.864630801060152,8
1627068,9.769219561293696,10
1627070,9.979478551452827,2
1627078,9.859694324137648,8
1627095,9.72237628310352,17
1627108,9.716623675780562,13
1627113,9.928923388044707,5
1627131,9.624651932350202,18
1627140,9.815066850948199,9
1627151,9.783656942733053,11
1627156,9.906061344090997,5
1627169,9.721855150040499,13
1627174,9.915785460743063,5
1627180,9.883807028638342,6
1627206,8.25654187053073,26
1627221,9.73776421560967,15
1627224,9.96505387979992,3
1627230,9.887141385558621,6
1627238,9.843031594999895,8
1627271,9.35569722601073,33
1627282,9.750152486367258,11
1627296,9.696856265032542,14
1627307,9.745866864009711,11
1627319,9.740176253570432,12
1627326,9.885219466555991,7
1627342,9.074514351161728,16
1627348,9.90365622526733,6
1627364,9.661319162310292,16
1627377,9.716389048190273,13
1627391,9.712179505767297,14
1627401,9.82377241593459,10
1627410,9.820385652627541,9
1627415,9.928738285449413,5
1627434,9.648267475012767,19
1627435,10.0,1
1627447,9.728780127916767,12
1627462,9.664774122389161,15
1627477,9.684490262641738,15
1627482,9.909191091232097,5
1627487,9.915837581688661,5
1627498,9.799718440586636,11
1627506,9.849228088797714,8
1627507,9.992508325619292,1
1627525,9.63409822488076,18
1627534,9.82133017294172,9
1627551,9.631147736491915,17
1627560,9.820793001282125,9
1627570,9.765556602189255,10
1627584,9.598560807512285,14
1627602,9.606697562568513,18
1627603,10.0,1
1627604,10.0,1
1627612,9.856153214850647,8
1627618,9.909323911813607,6
1627624,9.887712138250064,6
1627634,9.719784977011301,10
1627640,9.902173108868602,6
1627653,9.758135115414749,13
1627658,9.914213395878072,5
1627661,9.954090269223446,3
1627672,9.79348783358683,11
1627673,10.0,1
1627683,9.788889056581173,10
1627688,9.920044611476184,5
1627689,9.987351098424313,1
1627702,9.756223779722278,13
1627727,9.314823222006138,25
1627747,9.567848810048629,20
1627777,9.31104940967012,30
1627785,9.873272251564288,8
1627802,9.708609542657172,17
1627803,10.0,1
1627811,9.82735503420245,8
1627813,9.973655618127196,2
1627824,9.745349777393285,11
1627829,9.910736071415775,5
1627846,9.601008938685624,17
1627847,10.0,1
1627854,9.877145208487569,7
1627863,9.818462485784671,9
1627871,9.853703709206863,8
1627885,9.674485570311592,14
1627886,10.0,1
1627887,9.99311030591566,1
1627901,9.72494812952782,14
1628027,7.625793657810227,126
1628040,9.744908511041283,13
1628052,9.754705546737869,12
1628056,9.936085424216515,4
1628065,9.797955789480488,9
1628075,9.794459208509222,10
1628084,9.844045382823104,9
1628085,10.0,1
1628105,9.64035873345114,20
1628124,9.580088069706212,19
1628140,9.630767947940939,16
1628150,9.810989468882964,10
1628167,9.588107302906643,17
1628170,9.950696081816913,3
1628178,9.541646439624884,8
1628185,9.86971899076503,7
1628193,9.821305739160165,8
1628194,10.0,1
1628196,9.979343192627423,2
1628212,9.650830904681195,16
1628221,9.820981034353402,9
1628262,9.027548810071742,41
1628263,10.0,1
1628282,9.56729838141014,19
1628288,9.905490988070994,6
1628292,9.93677352031451,4
1628312,9.558726290230304,20
1628322,9.798524897317595,10
1628331,9.80199063656989,9
1628344,9.72451132542335,13
1628358,9.702974298975473,14
1628365,9.870638066659723,7
1628371,9.895732792073828,6
1628372,9.992348625387637,1
1628381,9.809779985554448,9
1628390,9.832374444625056,9
1628398,9.850042340684766,8
1628407,9.820742392240298,9
1628413,9.889211132569429,6
1628420,9.906815905481528,7
1628425,9.918473653311635,5
1628433,9.860906747278182,8
1628445,9.751595453292214,12
1628462,9.656438504945244,17
1628480,9.665806763668577,18
1628493,9.728475769692974,13
1628497,9.939057674393768,4
1628510,9.705329913988152,13
1628529,9.596409788597557,19
1628537,9.859561975162952,8
1628538,9.989478784192642,1
1628541,9.964052144100394,3
1628557,9.655635704161565,16
1628570,9.765679306793862,13
1628578,9.821499106406392,8
1628582,9.947945533825889,4
1628590,9.840698311468277,8
1628615,9.401569914757845,25
1628635,9.550263335260643,20
1628643,9.848157358443899,8
1628656,9.70104620254136,13
1628670,9.71907686171635,14
1628674,9.934855471806985,4
1628683,9.838518501644302,9
1628686,9.964844207819493,3
1628688,9.970556283347303,2
1628703,9.650583798459547,15
1628718,9.719071862285812,15
1628723,9.920508157668444,5
1628735,9.747842102310976,12
1628740,9.911953662901693,5
1628748,9.847861627658268,8
1628764,9.687838094972003,16
1628782,9.584109387438652,18
1628787,9.923053232673755,5
1628793,9.900039776535582,6
1628799,9.873165589481351,6
1628806,9.865931122876889,7
1628832,9.405718789500584,26
1628842,9.790304513581322,10
1628847,9.922071896028871,5
1628861,9.738038999648486,14
1628872,9.770649953793132,11
1628875,9.967255958425966,3
1628883,9.852999062323926,8
1628888,9.924339909745184,5
1628898,9.385675884942401,10
1628899,9.99161087044476,1
1628911,9.770323156076179,12
1628921,9.783274695748876,10
1628932,9.80707038421766,11
1628940,9.842884587517554,8
1628941,10.0,1
1628961,9.620397357125388,20
1628970,9.820186610234241,9
1628971,10.0,1
1628973,9.977259978958012,2
1628986,9.710250837915039,13
1628992,9.909272280096218,6
1629004,9.755424974738665,12
1629005,10.0,1
1629011,9.890322055456107,6
1629012,10.0,1
1629015,9.95257779791272,3
1629022,9.896474296553697,7
1629023,10.0,1
1629024,10.0,1
1629039,9.684368334221011,15
1629045,9.898692994209398,6
1629058,9.74230572287001,13
1629059,10.0,1
1629076,9.591285138884285,17
1629082,9.883118318291013,6
1629093,9.779333929001591,11
1629095,9.976303224364434,2
1629110,9.614718193657096,15
1629128,9.628462086711385,18
1629135,9.871754129627032,7
1629147,9.72316091630531,12
1629150,9.949294186919607,3
1629157,9.896375510828085,7
1629172,9.672378027784434,15
1629177,9.917854884563038,5
1629182,9.909500642246623,5
1629194,9.771716969179158,12
1629200,9.887938677297733,6
1629221,9.554322937988479,21
1629227,9.904901022586126,6
1629228,9.996399596060002,1
1629234,9.8673857563069,6
1629241,9.881368516459077,7
1629252,9.672794494219072,11
1629262,9.80197994936748,10
1629272,9.79361046130515,10
1629289,9.649404145098579,17
1629290,9.988997217677765,1
1629292,9.976124740147835,2
1629298,9.88988456120148,6
1629306,9.731265816363377,8
1629316,9.779107771794122,10
1629329,9.736960232311134,13
1629330,10.0,1
1629338,9.831018218884006,8
1629339,10.0,1
1629343,9.946068096042694,4
1629351,9.82634138872821,8
1629402,8.953617628987567,51
1629411,9.81191284365069,9
1629422,9.7664283756658,11
1629436,9.696131928748153,14
1629449,9.739120781643742,13
1629461,9.57038155989208,12
1629471,9.838035964396875,10
1629475,9.949943448407618,4
1629482,9.875419598895897,7
1629501,9.5583774680913,19
1629504,9.953458191282506,3
1629505,10.0,1
1629518,9.749417992487807,13
1629532,9.7112455792353,14
1629547,9.484038010853055,15
1629548,10.0,1
1629556,9.838588595457114,8
1629570,9.725623974990603,14
1629583,9.71442165226853,13
1629590,9.860398437820052,7
1629610,9.616072090877795,20
1629611,10.0,1
1629615,9.941889633207012,4
1629618,9.963518911556465,3
1629628,9.695658973346282,10
1629633,9.915710404769813,5
1629644,9.787651738867343,11
1629645,10.0,1
1629649,9.943215022721713,4
1629656,9.868215014909868,7
1629670,9.716558219593724,14
1629679,9.819559680389428,9
1629680,10.0,1
1629687,9.88829925741507,7
1629698,9.768777678572327,11
1629709,9.792307340493576,11
1629721,9.75196680214371,12
1629732,9.801197093864214,11
1629740,9.830258494046868,8
1629753,9.718219250200367,13
1629760,9.875242355418653,7
1629769,9.817159114336269,9
1629774,9.931667448145031,5
1629782,9.832066798883472,8
1629804,9.506562715933255,22
1629810,9.903574730626385,6
1629817,9.860103731398828,7
1629821,9.936686865301697,4
1629835,9.590290404278162,14
1629841,9.90133074724442,6
1629847,9.888742402101137,6
1629864,9.576121784576413,17
1629868,9.948135856513222,4
1629878,9.778159937739947,10
1629886,9.840982784818687,8
1629895,9.838419259787324,9
1629906,9.764037001599359,11
1629913,9.874998011008023,7
1629922,9.82403223387898,9
1629926,9.939597959297483,4
1629927,10.0,1
1629935,9.836086725022865,8
1629946,9.804662001870296,11
1629947,10.0,1
1629965,9.599218459443076,18
1629973,9.857640384855834,8
1629974,10.0,1
1629985,9.769869640075896,11
1629997,9.75044601093409,12
1630015,9.636954528150685,18
1630028,9.643760420838449,13
1630043,9.655631632636638,15
1630050,9.877225265481144,7
1630060,9.785345775913425,10
1630072,9.772147612428375,12
1630080,9.862189244647134,8
1630090,9.785641287808025,10
1630128,9.339218952391303,38
1630146,9.523952713428084,18
1630154,9.845417450808254,8
1630161,9.882521709842244,7
1630168,9.84934698517169,7
1630176,9.819709184682527,8
1630192,9.650074639434216,16
1630206,9.224408840524756,14
1630217,9.764015541546224,11
1630223,9.896375159072322,6
1630237,9.725904659368869,14
1630243,9.90002701816254,6
1630248,9.909685416480816,5
1630258,9.787676514749872,10
1630283,9.509827691070136,25
1630285,9.97030694920701,2
1630292,9.879611889997825,7
1630304,9.787751751204802,12
1630315,9.763261506952695,11
1630325,9.803981203523863,10
1630330,9.921028320794774,5
1630345,9.752862166646615,15
1630353,9.827528093069182,8
1630361,9.84350586385734,8
1630367,9.897590391173141,6
1630369,9.978305782593456,2
1630381,9.816992234533942,12
1630383,9.970657854001814,2
1630388,9.923035821022195,5
1630399,9.749391861809183,11
1630416,9.648115666207906,17
1630451,9.324176068800835,35
1630462,9.7740840059208,11
1630466,9.944697360164458,4
1630470,9.949965709118633,4
1630486,9.657176848599414,16
1630497,9.743250522541222,11
1630504,9.89024929435219,7
1630505,10.0,1
1630558,8.966164526504357,53
1630565,9.876892945568366,7
1630578,9.718569191216206,13
1630596,9.654176418901196,18
1630614,9.642949092283619,18
1630621,9.853432929748013,7
1630628,9.847977840504187,7
1630641,9.713377404273992,13
1630648,9.867604262200159,7
1630668,9.55652390037606,20
1630669,10.0,1
1630683,9.683807686648924,14
1630696,9.70305511994899,13
1630708,9.745973439778497,12
1630723,9.710567983471897,15
1630729,9.901186488200825,6
1630741,9.727043557920044,12
1630745,9.939278106831454,4
1630758,9.70592960997462,13
1630769,9.543864520416724,11
1630780,9.776388665756826,11
1630789,9.829222692285152,9
1630823,9.264530905078907,34
1630829,9.884106076766637,6
1630843,9.659523471689871,14
1630846,9.9689512601079,3
1630855,9.81349906565663,9
1630866,9.793846706283263,11
1630868,9.979328878949428,2
1630884,9.688941303495685,16
1630891,9.857690411103635,7
1630898,9.857044440671231,7
1630906,9.833193675766925,8
1630913,9.889117362738334,7
1630921,9.858695558564197,8
1630932,9.763585267539483,11
1630933,10.0,1
1630950,9.666396584704604,17
1630955,9.896685307388315,5
1630956,9.992529432667352,1
1630975,9.517759101627135,19
1630995,9.577726086416824,20
1631000,9.926714415103305,5
1631014,9.68338314069252,14
1631031,9.657214526554494,17
1631045,9.692286726297176,14
1631058,9.712566407531206,13
1631072,9.68543707134516,14
1631075,9.969380033982954,3
1631081,9.901558677503322,6
1631097,9.650554382913674,16
1631107,9.789788321615664,10
1631114,9.868522291716731,7
1631125,9.73946928470546,11
1631145,9.54757129583678,20
1631159,9.690818919616182,14
1631169,9.80356789825575,10
1631177,9.86665965061175,8
1631188,9.818690682534244,11
1631192,9.942753112455506,4
1631203,9.777851355548043,11
1631215,9.729458462392374,12
1631223,9.860349746490513,8
1631230,9.877171274074023,7
1631236,9.9125995403965,6
1631249,9.80895402515963,13
1631254,9.93118793565698,5
1631267,9.735253458481871,13
1631275,9.819389574426697,8
1631290,9.673191291666779,15
1631297,9.876126230543276,7
1631310,9.759119092451607,13
1631325,9.656304345047827,15
1631334,9.815097732712651,9
1631336,9.979975595302747,2
1631348,9.746125966917578,12
1631357,9.832406186807976,9
1631370,9.719439909524485,13
1631384,9.688138610605838,14
1631394,9.815821074409268,10
1631413,9.585219326678505,19
1631431,9.652180165202042,18
1631438,9.877576487763362,7
1631453,9.624562223041801,15
1631468,9.56439952098544,15
1631477,9.806621794402094,9
1631481,9.938479193761788,4
1631482,10.0,1
1631487,9.91086063000977,5
1631502,9.573901277370336,15
1631523,9.561374892724261,21
1631525,9.972949913536166,2
1631552,9.52563071151925,27
1631561,9.794499848752363,9
1631565,9.92480757462074,4
1631569,9.93472895456221,4
1631570,9.988146469991781,1
1631574,9.94935581490329,4
1631575,10.0,1
1631576,10.0,1
1631601,9.509074085149818,25
1631609,9.855700597015508,8
1631615,9.897955275439328,6
1631625,9.57158266322837,10
1631637,9.746325806204414,12
1631640,9.955350284325581,3
1631649,9.811190434359029,9
1631661,9.741149295746272,12
1631673,9.753050367199029,12
1631678,9.914530039551495,5
1631690,9.733653123681952,12
1631704,9.684659273960223,14
1631706,9.977318789382451,2
1631720,9.705092118986972,14
1631732,9.74952724804993,12
1631747,9.649389908376472,15
1631756,9.820601692820183,9
1631766,9.805045767257065,10
1631778,9.72666340394393,12
1631797,9.528086527992606,19
1631810,9.735322952626598,13
1631811,10.0,1
1631822,9.794780995533285,11
1631833,9.790295159260701,11
1631840,9.881022659885646,7
1631865,9.480587845398038,25
1631875,9.799126559357056,10
1631880,9.905654965491182,5
1631892,9.766067636224612,12
1631916,9.5437596228581,24
1631926,9.78146171079566,10
1631927,10.0,1
1631937,9.819423335047118,10
1631949,9.738019256147872,12
1631959,9.7882445411937,10
1631965,9.8934759090485,6
1631986,9.558890633013249,21
1631998,9.714341297579958,12
1632002,9.93522924004565,4
1632008,9.88228780295333,6
1632022,9.66111461583818,14
1632028,9.902146762100726,6
1632034,9.89637758372485,6
1632052,9.61451951103805,18
1632059,9.861129388935005,7
1632077,9.587543802197011,18
1632106,9.435676747711739,29
1632111,9.91017322254452,5
1632116,9.926317159866391,5
1632124,9.840892408762882,8
1632125,10.0,1
1632144,9.620124029420563,19
1632153,9.82884880914786,9
1632159,9.89916179489456,6
1632170,9.781883279802402,11
1632185,9.668684898554881,15
1632194,9.846520353644355,9
1632210,9.632908925182436,16
1632215,9.92004449468057,5
1632226,9.77612418995761,11
1632227,10.0,1
1632228,10.0,1
1632232,9.93462709359954,4
1632250,9.574444655814723,18
1632275,9.473930484452401,25
1632285,9.805399948012756,10
1632291,9.912558888950947,6
1632295,9.944379341623184,4
1632303,9.844995145068975,8
1632307,9.93138481200354,4
1632330,9.536283249067308,23
1632340,9.82452464589165,10
1632355,9.661718416084904,15
1632361,9.881857462852293,6
1632371,9.80263669079183,10
1632372,10.0,1
1632373,10.0,1
1632374,10.0,1
1632375,10.0,1
1632386,9.75911722767423,11
1632397,9.605136252236878,11
1632402,9.924750000804991,5
1632424,9.356241281940743,22
1632427,9.953729426555393,3
1632434,9.855140437813823,7
1632449,9.681973545629535,15
1632462,9.693048308520504,13
1632469,9.861499838805095,7
1632482,9.751790780114424,13
1632496,9.672942874642718,14
1632507,9.777042976864102,11
1632526,9.505559240898474,19
1632531,9.90299570281206,5
1632544,9.747396919965272,13
1632565,9.568402253444162,21
1632573,9.85712461227127,8
1632581,9.870831854229102,8
1632598,9.595877471161645,17
1632603,9.935736092818791,5
1632608,9.904967594912726,5
1632621,9.691167507494413,13
1632622,10.0,1
1632631,9.840377405965539,9
1632632,10.0,1
1632647,9.62497422896804,15
1632654,9.866479308211659,7
1632665,9.721331053052761,11
1632672,9.864050416200651,7
1632678,9.891500370569835,6
1632679,10.0,1
1632689,9.786478585866096,10
1632698,9.807937703806367,9
1632710,9.745939887670538,12
1632720,9.816910587003802,10
1632732,9.726143705456979,12
1632736,9.940575795001772,4
1632743,9.87643906974867,7
1632744,10.0,1
1632748,9.945976930086152,4
1632769,9.57801283016276,21
1632774,9.914085689949896,5
1632776,9.970169944054675,2
1632777,9.992475065733604,1
1632791,9.702846414400415,14
1632805,9.700124741263558,14
1632808,9.96178907037693,3
1632813,9.905196569646234,5
1632820,9.888133896846487,7
1632829,9.817149662364994,9
1632834,9.922956537619793,5
1632845,9.825028680178646,11
1632846,10.0,1
1632854,9.861049588060867,8
1632863,9.815480961934336,9
1632869,9.896837554927714,6
1632877,9.867805566758214,8
1632894,9.678919234807948,17
1632906,9.746038382332731,12
1632916,9.776813821912077,10
1632942,5.546970916404298,26
1632961,9.615595413029425,19
1632966,9.941924766845974,5
1632973,9.857546614537476,7
1632976,9.955801521449642,3
1632989,9.684021012535416,13
1632998,9.83273206361202,9
1633008,9.809814817179712,10
1633017,9.819414636697656,9
1633033,9.688009354213104,16
1633038,9.927274221591201,5
1633048,9.789958198101026,10
1633049,10.0,1
1633050,10.0,1
1633065,9.657261011652757,15
1633084,9.54638930017328,19
1633088,9.940951560611117,4
1633096,9.86726997338163,8
1633105,9.835109458545269,9
1633124,9.569634830918702,19
1633135,9.79598398164234,11
1633152,9.642693253617509,17
1633163,9.781459441074984,11
1633171,9.879690937736015,8
1633183,9.771914448140084,12
1633201,9.640465809696694,18
1633224,9.472758609804547,23
1633225,10.0,1
1633232,9.899065626525056,7
1633241,9.835239089991973,9
1633252,9.766703558947924,11
1633264,9.747240807666092,12
1633269,9.916737980075826,5
1633282,9.703778149921954,13
1633295,9.705050255818675,13
1633298,9.952609489127438,3
1633316,9.55736012825315,18
1633329,9.794165687018277,13
1633345,9.653068568576124,16
1633350,9.9192188373844,5
1633354,9.93640902687056,4
1633373,9.569752611518753,19
1633380,9.859405396701662,7
1633381,10.0,1
1633392,9.797207920490166,11
1633396,9.94304885275802,4
1633400,9.945400689766647,4
1633412,9.783373352272674,12
1633415,9.960606171265075,3
1633433,9.55056605461616,18
1633444,9.796368467944836,11
1633448,9.93419887841155,4
1633465,9.663358160716186,17
1633478,9.718919741156377,13
1633489,9.787960086341748,11
1633490,10.0,1
1633500,9.790750178331892,10
1633519,9.328603844938293,19
1633538,9.595418137149553,19
1633544,9.896547698141674,6
1633560,9.6800772021915,16
1633561,10.0,1
1633570,9.81582704436979,9
1633579,9.808293417520378,9
1633583,9.92491838328942,4
1633587,9.929767775772577,4
1633591,9.939440821230141,4
1633592,10.0,1
1633601,9.82243057360603,9
1633612,9.793915898983009,11
1633640,9.357818356683016,28
1633641,10.0,1
1633648,9.878890338363727,7
1633659,9.787465037711605,11
1633679,9.512861503362373,20
1633691,9.788319051015838,12
1633702,9.768209519566259,11
1633713,9.748300588583609,11
1633723,9.83114861901427,10
1633749,9.413391403475492,26
1633750,10.0,1
1633755,9.899853376672029,5
1633766,9.77130110246079,11
1633776,9.783207079004246,10
1633789,9.685112057812002,13
1633801,9.76704564177578,12
1633816,9.692066543206048,15
1633824,9.866833171889379,8
1633835,9.765050660506766,11
1633847,9.755016004056564,12
1633858,9.3979706634888,11
1633866,9.83550889423439,8
1633877,9.756998537027563,11
1633896,9.572723313059159,19
1633904,9.865468734835886,8
1633905,10.0,1
1633918,9.711099009183494,13
1633935,9.641414347173741,17
1633941,9.88762256447566,6
1633953,9.769997336909256,12
1633981,9.498097230484948,28
1633989,9.848252975862675,8
1634002,9.748288993516855,13
1634006,9.95500229530943,4
1634020,9.771236343868358,14
1634025,9.918953910440363,5
1634042,9.684762703603226,17
1634055,9.76526117757279,13
1634068,9.727350188248792,13
1634074,9.889415046567024,6
1634082,9.85775561955418,8
1634092,9.868394044595506,10
1634112,9.509488700754714,20
1634120,9.858555303848274,8
1634132,9.763358900176955,12
1634141,9.859942821247877,9
1634155,9.679934778773166,14
1634168,9.714162279719321,13
1634178,9.80079241570659,10
1634188,9.826549668209694,10
1634192,9.943993909222243,4
1634194,9.97604439623402,2
1634230,8.994112371316639,36
1634246,9.6476764251208,16
1634275,9.464789521229106,29
1634276,10.0,1
1634284,9.845914417054667,8
1634294,9.81245676856967,10
1634309,9.607055446167273,15
1634312,9.95844908992859,3
1634328,9.670026547701859,16
1634344,9.69824991118546,16
1634353,9.824563909313706,9
1634366,9.731208882536006,13
1634367,10.0,1
1634380,9.70107182693377,13
1634388,9.847398712926372,8
1634407,9.588694137118717,19
1634414,9.859303793409628,7
1634422,9.835708634984787,8
1634434,9.763508204083768,12
1634440,9.901695789069507,6
1634458,9.559246319865826,18
1634467,9.81666170898701,9
1634471,9.927081170933915,4
1634478,9.904451773591765,7
1634479,10.0,1
1634488,9.826518325648172,9
1634539,9.028525136137189,51
1634555,9.671488119524636,16
1634570,9.487337231927658,15
1634585,9.661653787427454,15
1634593,9.881079317592436,8
1634599,9.905254417365805,6
1634604,9.912449182707652,5
1634616,9.769207069947578,12
1634626,9.805360027135153,10
1634635,9.8191499915843,9
1634652,9.655365331516963,17
1634662,9.824347584517888,10
1634670,9.834206998084483,8
1634683,9.138450320389667,13
1634687,9.923565360409054,4
1634694,9.850713004240058,7
1634705,9.7770839629866,11
1634719,9.654787225641954,14
1634736,9.648161899151894,17
1634749,9.691781122456463,13
1634758,9.856252183496672,9
1634763,9.913160852514704,5
1634764,10.0,1
1634786,9.527114863012672,22
1634790,9.935482178929908,4
1634795,9.937122511019952,5
1634810,9.657227200310844,15
1634822,9.747261404490501,12
1634827,9.931014601291688,5
1634846,9.541736585192506,19
1634848,9.973762794982196,2
1634865,9.571202647070509,17
1634877,9.753764452019274,12
1634889,9.739682236225969,12
1634890,10.0,1
1634902,9.717874351465202,12
1634906,9.953126797444618,4
1634910,9.939740662633804,4
1634912,9.97523087399584,2
1634930,9.563060067048236,18
1634943,9.765955332605081,13
1634946,9.953633266234458,3
1634958,9.559833433185899,12
1634983,9.433215132827867,25
1635004,9.532765099206792,21
1635005,9.992314260391625,1
1635024,9.609672867608195,19
1635025,10.0,1
1635034,9.837174226503715,9
1635047,9.71524579311562,13
1635060,9.760540325327707,13
1635071,9.777594059540679,11
1635084,9.725771327646578,13
1635092,9.850213876201211,8
1635102,9.79827535624392,10
1635108,9.906039023280908,6
1635114,9.891637551035048,6
1635120,9.917580292324281,6
1635138,9.59014741269024,18
1635151,9.716356870964962,13
1635170,9.605617783353848,19
1635171,10.0,1
1635172,10.0,1
1635173,9.992707489860257,1
1635183,9.85608398128792,10
1635194,9.746157266571899,11
1635204,9.814059865741282,10
1635220,9.616592344612815,16
1635229,9.827411554059696,9
1635233,9.932467306781755,4
1635235,9.983819704812433,2
1635247,9.769507076195525,12
1635258,9.73684632622783,11
1635272,9.702889292753007,14
1635280,9.844587748495242,8
1635287,9.879242320474184,7
1635299,9.735876933629221,12
1635304,9.923317985192863,5
1635311,9.874108426032631,7
1635326,9.620219404361139,15
1635335,9.80398402844213,9
1635342,9.896169965155405,7
1635355,9.756288007437218,13
1635360,9.934570375874815,5
1635382,9.371054462585924,22
1635389,9.872817019308856,7
1635401,9.739396936294531,12
1635412,9.78790248478872,11
1635425,9.69580362750502,13
1635449,9.510591118367234,24
1635450,10.0,1
1635456,9.897950761684573,6
1635468,9.750065476416268,12
1635492,9.271835724591542,24
1635509,9.592531907110164,17
1635513,9.935353532087719,4
1635520,9.870097006744183,7
1635540,9.606593726219332,20
1635541,9.996688309241792,1
1635552,9.778366811785622,11
1635558,9.886491374627324,6
1635585,9.36929322793548,27
1635604,9.580840501428012,19
1635605,10.0,1
1635607,9.980438556482996,2
1635614,9.879015339953822,7
1635630,9.647606224942859,16
1635637,9.872087557211623,7
1635645,9.860924104092476,8
1635654,9.810737174111795,9
1635663,9.819531315582903,9
1635673,9.814597731153128,10
1635694,9.016354184942442,21
1635704,9.67704210273867,10
1635708,9.949425982856917,4
1635709,10.0,1
1635718,9.801881452039655,9
1635723,9.911628464787505,5
1635735,9.720968776569412,12
1635740,9.522803334419624,5
1635741,10.0,1
1635752,9.809628924759902,11
1635759,9.890472013582869,7
1635764,9.62290025324256,5
1635796,9.273887959716896,32
1635816,9.573813044686364,20
1635824,9.843528810491645,8
1635834,9.774960671109984,10
1635841,9.885427588352893,7
1635851,9.778075631156911,10
1635874,9.576910796569104,23
1635875,10.0,1
1635884,9.806784862211767,9
1635898,9.736493222232175,14
1635899,10.0,1
1635914,9.372763007437758,15
1635915,10.0,1
1635921,9.885826923275614,6
1635935,9.682158833668456,14
1635947,9.777502729843123,12
1635952,9.92095998090757,5
1635960,9.833140784134649,8
1635963,9.951734713835782,3
1635971,9.839868986855086,8
1635972,10.0,1
1635981,9.843692969362499,9
1635994,9.728082192681,13
1636004,9.787006773660481,10
1636013,9.817812611581948,9
1636014,10.0,1
1636028,9.692997183554235,14
1636030,9.975870462200817,2
1636031,10.0,1
1636039,9.867721912484555,8
1636052,9.729324900436163,13
1636063,9.746407613459603,11
1636075,9.72060059159198,12
1636082,9.851160099694011,7
1636096,9.70081995889531,14
1636101,9.933054058957604,5
1636114,9.751691648926906,13
1636123,9.815895987261252,9
1636139,9.639369403139028,16
1636160,9.548264129299872,21
1636167,9.884844376272978,7
1636174,9.851116881361722,7
1636189,9.740149982114502,15
1636200,9.77833633280371,11
1636212,9.781624489635638,12
1636222,9.808048403472547,10
1636240,8.995528793067711,18
1636257,9.665891326331591,17
1636264,9.871247104744146,7
1636278,9.697990643706463,14
1636281,9.956251509943113,3
1636289,9.830921105716465,8
1636302,9.717379743095343,13
1636306,9.944587797478674,4
1636320,9.706713279761031,14
1636331,9.744195426945092,11
1636339,9.886487211400693,8
1636350,9.805955074913555,11
1636352,9.9749035796655,2
1636366,9.054308002908407,14
1636381,9.669813790078766,15
1636389,9.846447476893296,8
1636396,9.87658699333031,7
1636406,9.842767670004477,10
1636411,9.91871336325274,5
1636425,9.69680105534931,14
1636429,9.941612296867639,4
1636445,9.727568833176518,16
1636446,10.0,1
1636447,9.992319926247662,1
1636459,9.72952473329873,12
1636468,9.806307904781745,9
1636481,9.724608916089982,13
1636492,9.794049875860814,11
1636493,10.0,1
1636500,9.892774819981462,7
1636517,9.65678807594584,17
1636525,9.866510664833832,8
1636551,9.488331423280677,26
1636552,10.0,1
1636568,9.618867249441916,16
1636576,9.823585313361002,8
1636586,9.799828404739516,10
1636596,9.825223321742586,10
1636597,10.0,1
1636609,9.732785479501517,12
1636623,9.697860006789531,14
1636640,9.574739882519019,17
1636653,9.74395232016706,13
1636662,9.806525628370583,9
1636667,9.918814611440961,5
1636678,9.784116123384997,11
1636689,9.788164373436791,11
1636700,9.754930789061842,11
1636713,9.7047783862361,13
1636719,9.893718250292421,6
1636732,9.748140463873836,13
1636746,9.647503198412437,14
1636751,9.904436198470211,5
1636754,9.96808599913761,3
1636765,9.797234355038139,11
1636782,9.59686642321973,17
1636795,9.750140667878407,13
1636803,9.839576756354546,8
1636823,9.521732071650687,20
1636837,9.681481223386331,14
1636847,9.77084725718705,10
1636859,9.752760998803927,12
1636865,9.888806699089443,6
1636876,9.745976837943372,11
1636894,9.595765062578595,18
1636904,9.805571098341256,10
1636920,9.67501405751612,16
1636930,9.506756094373412,10
1636942,9.741007022568276,12
1636948,9.899890643935095,6
1636954,9.895942830089318,6
1636962,9.852737560586638,8
1636966,9.930998110874066,4
1636977,9.75800767255921,11
1637007,9.306517363456228,30
1637025,9.593090475443491,18
1637048,9.475181946595063,23
1637058,9.807735949029048,10
1637113,8.28762331147325,55
1637120,9.903696180150071,7
1637121,9.98946840891761,1
1637126,9.902167777491577,5
1637127,10.0,1
1637132,9.610990298955208,5
1637146,9.70945873115131,14
1637153,9.853872134183979,7
1637162,9.84213660104612,9
1637170,9.837358810069077,8
1637187,9.609864798107713,17
1637194,9.880344379662226,7
1637211,9.658254180803132,17
1637214,9.958447193288425,3
1637226,9.720597083552999,12
1637232,9.897066992895217,6
1637242,9.787346968844945,10
1637243,10.0,1
1637245,9.981170459811134,2
1637246,10.0,1
1637251,9.900820759086487,5
1637253,9.97261372753729,2
1637254,10.0,1
1637272,9.687449941714995,18
1637283,9.792023505443916,11
1637295,9.753590996356053,12
1637305,9.798069430511266,10
1637307,9.97032924731559,2
1637325,9.642171379866697,18
1637335,9.81003637472873,10
1637337,9.975178543341901,2
1637341,9.941329573338065,4
1637350,9.817331149536152,9
1637358,9.851000824845647,8
1637373,9.688733143467223,15
1637374,10.0,1
1637398,9.52121482679842,24
1637403,9.906512715107382,5
1637415,9.759938061930168,12
1637428,9.723410994404803,13
1637429,10.0,1
1637437,9.86984556935483,8
1637446,9.803825823615398,9
1637452,9.900011986394633,6
1637466,9.715380228905223,14
1637481,9.663220816790762,15
1637500,9.560046385538202,19
1637516,9.621521775469672,16
1637530,9.662960833175442,14
1637542,9.765392740224053,12
1637547,9.94024980939691,5
1637566,9.473096527043491,19
1637577,9.766850197531511,11
1637590,9.702439627044846,13
1637598,9.835030968402997,8
1637609,9.79316878672623,11
1637619,9.602922552138747,10
1637627,9.851117138919742,8
1637629,9.986299258546424,2
1637636,9.8677310103581,7
1637648,9.745853509269887,12
1637657,9.803425175261914,9
1637662,9.92658488941226,5
1637667,9.918454598385857,5
1637668,9.996755077581017,1
1637678,9.833350649422478,10
1637693,9.68072535165745,15
1637702,9.798730793411073,9
1637716,9.7068798073896,14
1637729,9.735841935299607,13
1637742,9.734398586195269,13
1637752,9.790291658865028,10
1637761,9.806957516196855,9
1637767,9.908461022701387,6
1637780,9.693623786342462,13
1637781,10.0,1
1637791,9.784225689078413,10
1637801,9.779774808608767,10
1637810,9.812175171881293,9
1637811,10.0,1
1637819,9.845178427743539,8
1637835,9.635728423491898,16
1637841,9.898561313627244,6
1637850,9.812033050125585,9
1637861,9.660182352330203,11
1637876,9.640908013170627,15
1637877,10.0,1
1637879,9.97845449375853,2
1637885,9.877323990679363,6
1637897,9.752663845953473,12
1637900,9.965441080195223,3
1637916,9.635234698807425,16
1637917,9.98859801328406,1
1637925,9.827863033451461,8
1637937,9.739941150586766,12
1637946,9.814394460484515,9
1637954,9.89205271030541,8
1637970,9.655442980814325,16
1637992,9.483350579516282,22
1638003,9.768868135803212,11
1638006,9.955784660949782,3
1638011,9.135920465408944,5
1638024,9.323353802934562,13
1638033,9.864731621897576,9
1638043,9.828046546465977,10
1638051,9.845580818519789,8
1638063,9.750174658564076,12
1638082,9.529783413130023,19
1638098,9.729268222009756,16
1638099,10.0,1
1638123,7.333184807121542,24
1638130,9.883580416539372,7
1638144,9.686820502249642,14
1638155,9.800619707623474,11
1638160,9.91195080284985,5
1638170,9.773275040450379,10
1638187,9.610702086052294,17
1638191,9.931726204766646,4
1638200,9.829451748700453,9
1638211,9.802443052008774,11
1638221,9.796736639960194,10
1638234,9.692578191530629,13
1638241,9.87012500702901,7
1638254,9.731448498659935,13
1638265,9.756898601016978,11
1638276,9.802318921365407,11
1638290,9.701886343773802,14
1638302,9.738983385130334,12
1638312,9.768336992841895,10
1638316,9.939827321402564,4
1638326,9.808616135608528,10
1638329,9.95316560477803,3
1638336,9.843027256651549,7
1638344,9.861233967704884,8
1638347,9.950211255770672,3
1638357,9.78871009360156,10
1638358,10.0,1
1638359,10.0,1
1638369,9.764140644649798,10
1638379,9.80064498784668,10
1638388,9.79010784545559,9
1638391,9.96903328746993,3
1638404,9.705448804590098,13
1638409,9.917527488278115,5
1638416,9.869816586726525,7
1638429,9.728640934614376,13
1638437,9.86598066706175,8
1638452,9.657576950219724,15
1638466,9.713955773037705,14
1638478,9.715293338375032,12
1638480,9.986903509791823,2
1638499,9.53487355535614,19
1638515,9.635648374099542,16
1638530,9.679122182769,15
1638536,9.897030173438072,6
1638545,9.840227267132017,9
1638559,9.716849207710851,14
1638593,9.30058251987727,34
1638611,9.600751777063909,18
1638629,9.64624358669059,18
1638650,9.538240549994834,21
1638665,9.646687540912787,15
1638678,9.708933288907048,13
1638683,9.920034097153891,5
1638703,9.576597322953267,20
1638704,10.0,1
1638717,9.743575153741881,13
1638729,9.730319689807128,12
1638749,9.543958874538992,20
1638763,9.715251028532105,14
1638769,9.915653917775604,6
1638791,9.438867830866439,22
1638802,9.762346782953625,11
1638810,9.848035206353137,8
1638824,9.606349041784043,14
1638839,9.6422276974902,15
1638850,9.776949915740662,11
1638851,9.992709694558348,1
1638865,9.706901544691705,14
1638875,9.78766159288303,10
1638895,9.66510036051769,20
1638906,9.671483355431686,11
1638911,9.910381676329772,5
1638925,9.650382058326336,14
1638934,9.806311154583737,9
1638947,9.766235604823462,13
1638958,9.786953744493214,11
1638960,9.97455908711291,2
1638982,9.513635349441383,22
1638990,9.857215392760123,8
1638998,9.854972046879489,8
1639011,9.760779109876635,13
1639023,9.79787879322442,12
1639024,10.0,1
1639025,10.0,1
1639032,9.85636109832077,7
1639052,9.558988592600828,20
1639053,10.0,1
1639061,9.846037222356696,8
1639078,9.581179424999796,17
1639087,9.806396018060399,9
1639100,9.714759349283558,13
1639101,10.0,1
1639106,9.927637992736436,5
1639120,9.751376082069445,14
1639127,9.877940691761726,7
1639137,9.784093910216187,10
1639148,9.75105937130158,11
1639149,10.0,1
1639155,9.906341375685141,6
1639170,9.623363505379698,15
1639172,9.981324092709484,2
1639185,9.358459674692753,13
1639190,9.914785070237327,5
1639197,9.858772642287507,7
1639206,9.872667780545413,9
1639215,9.840216048722416,9
1639227,9.763606604481335,12
1639236,9.831702339275978,9
1639248,9.742952619200413,12
1639249,10.0,1
1639250,10.0,1
1639258,9.858466177929532,8
1639264,9.908864248978725,6
1639271,9.900159863042454,7
1639283,9.748175013881335,12
1639290,9.876418070828358,7
1639301,9.796178956165882,11
1639308,9.876078273186648,7
1639310,9.97413439985495,2
1639319,9.820158067145838,9
1639320,9.996576771362744,1
1639332,9.7716936619682,12
1639338,9.88565482911205,6
1639345,9.878583983738004,7
1639353,9.85456963900203,8
1639364,9.796375761715796,11
1639368,9.947626997895714,4
1639369,9.988677343338328,1
1639370,9.98680222297176,1
1639392,9.359053567405367,22
1639400,9.84071497003198,8
1639414,9.716348032682436,14
1639426,9.746281502593973,12
1639435,9.803624334539254,9
1639450,9.67389203524858,15
1639454,9.946386286238448,4
1639462,9.835208291635833,8
1639466,9.941969886407247,4
1639479,9.73964110466081,13
1639487,9.861055832583176,8
1639495,9.834042350561115,8
1639512,9.625116390135604,17
1639529,9.647006677157606,17
1639540,9.758621540588662,11
1639555,9.679481459661234,15
1639573,8.827450255914014,18
1639581,9.864945956797524,8
1639591,9.780130093065198,10
1639596,9.913056073141474,5
1639603,9.767977806108457,7
1639614,9.761341459043031,11
1639637,9.483219463852498,23
1639641,9.950743521434857,4
1639642,10.0,1
1639644,9.975548651683521,2
1639646,9.97924731455592,2
1639652,9.888746589102452,6
1639656,9.947961402767698,4
1639663,9.875119999713432,7
1639679,8.696160577633107,16
1639697,9.652015262149629,18
1639698,10.0,1
1639705,9.876363416376579,7
1639706,10.0,1
1639719,9.563247905893686,13
1639731,9.73900843582457,12
1639739,9.838346054901278,8
1639757,9.586166022021867,18
1639768,9.786653538115708,11
1639782,9.697013473070582,14
1639789,9.876042017202197,7
1639796,9.865203199262359,7
1639806,9.776085232687622,10
1639813,9.901785038598836,7
1639829,9.688856445662811,16
1639830,10.0,1
1639838,9.863856908854789,8
1639845,9.873356056425177,7
1639851,9.87089266050566,6
1639858,9.861441308715017,7
1639873,9.707272263004887,15
1639885,9.769533295842141,12
1639895,9.793866035751384,10
1640131,-81.5518481065124,236
1640144,9.739009953362196,13
1640153,9.817857921443478,9
1640162,9.808268631883276,9
1640167,9.920826812299653,5
1640172,9.926209133403876,5
1640179,9.854935463031836,7
1640184,9.921420022378125,5
1640188,9.934035445984804,4
1640207,9.569781462532198,19
1640220,9.712560927552856,13
1640227,9.886051053448568,7
1640237,9.835955751383207,10
1640246,9.834124916867973,9
1640257,9.75941797755029,11
1640276,9.60956378897878,19
1640294,9.605870285684313,18
1640304,9.788391465237257,10
1640322,9.580432969785411,18
1640332,9.82574980704441,10
1640347,9.649601442671157,15
1640357,9.832260981916486,10
1640381,9.54594293968233,24
1640395,9.695953488178677,14
1640401,9.904631624140011,6
1640418,9.580250642151931,17
1640428,9.787149173125059,10
1640492,8.787091967467699,64
1640505,9.740688450938176,13
1640506,10.0,1
1640511,9.917378448562781,5
1640536,9.519079658346984,25
1640539,9.954503998307276,3
1640551,9.735627628960055,12
1640552,10.0,1
1640558,9.886186258267394,6
1640570,9.708286582491468,12
1640576,9.912024463818035,6
1640582,9.9024642837905,6
1640589,9.872569901370388,7
1640605,9.658118620884037,16
1640617,9.741874019406888,12
1640635,9.661932043300043,18
1640646,9.759579323897936,11
1640650,9.922613437793881,4
1640660,9.817230185481046,10
1640672,9.758408417963686,12
1640693,9.564279878186982,21
1640702,9.841649548221937,9
1640713,9.783953877519979,11
1640727,9.712130506761724,14
1640745,9.597488374846026,18
1640759,9.71926279642169,14
1640784,9.42640327177015,25
1640785,10.0,1
1640787,9.97692701521346,2
1640795,9.855696187841097,8
1640811,9.641537305778975,16
1640812,10.0,1
1640826,9.732746598437393,14
1640836,9.781437941195067,10
1640846,9.780147409764464,10
1640854,9.843677354956684,8
1640867,9.732114441584413,13
1640876,9.821348597182224,9
1640880,9.93024370109437,4
1640881,10.0,1
1640891,9.807471120269883,10
1640901,9.80770517105696,10
1640912,9.809962442066073,11
1640921,9.831894788746652,9
1640931,9.790780240940224,10
1640941,9.786714074741107,10
1640950,9.821953063047802,9
1640962,9.740128761372189,12
1640973,9.757126466701504,11
1640989,9.621729871441934,16
1640994,9.91245759736896,5
1641012,9.36506360960464,18
1641022,9.79710260673869,10
1641033,9.815464341376703,11
1641044,9.790266952661522,11
1641053,9.830647728102507,9
1641068,9.6681038641023,15
1641073,9.93510917773464,5
1641081,9.81624956834804,8
1641101,9.174690973910323,20
1641102,9.989079259313428,1
1641123,9.485031371987224,21
1641134,9.770922999898907,11
1641144,9.783327801348113,10
1641145,10.0,1
1641151,9.89249258502603,6
1641160,9.81722775828893,9
1641171,9.764278022179765,11
1641177,9.917391017516152,6
1641188,9.785646236006556,11
1641226,9.018083046727735,38
1641247,9.386488918453576,21
1641254,9.874394165342757,7
1641267,9.730767736319486,13
1641268,10.0,1
1641280,9.753150354222127,12
1641292,9.740474445278137,12
1641304,9.76115551506792,12
1641312,9.851262264551645,8
1641328,9.6781520651937,16
1641334,9.911440626592334,6
1641345,9.756723110508542,11
1641354,9.79905974573941,9
1641361,9.868738241140672,7
1641370,9.847794634645455,9
1641371,10.0,1
1641375,9.947928836169336,4
1641386,9.76902686626478,11
1641397,9.760954648970221,11
1641409,9.725413044965682,12
1641418,9.836709758663124,9
1641430,9.729290171267383,12
1641436,9.883260103177394,6
1641444,9.86683661193226,8
1641456,9.716157142202256,12
1641473,9.59301708817486,17
1641484,9.762750134268611,11
1641490,9.898258860157412,6
1641491,10.0,1
1641497,9.907817562557467,6
1641504,9.88290054771927,7
1641518,9.67235035018579,14
1641529,9.762433348926598,11
1641534,9.91455430715292,5
1641537,9.956254105620056,3
1641548,9.768240384929536,11
1641555,9.883143449136844,7
1641568,9.740763345908533,13
1641570,9.974912679435752,2
1641575,9.916856039814133,5
1641586,9.754502355862668,11
1641597,9.762294029128181,11
1641608,9.771009674431976,11
1641619,9.806393722996193,11
1641620,10.0,1
1641623,9.95745126235271,3
1641634,9.821728323421803,11
1641644,9.800004932672698,10
1641649,9.918362891580239,5
1641672,9.485841861102264,23
1641685,9.693378204717407,13
1641701,9.661415343443446,16
1641717,9.679663017046282,16
1641722,9.924287867173959,5
1641732,9.762518229563101,10
1641748,9.720751340369853,16
1641749,10.0,1
1641755,9.895306872499027,6
1641762,9.871392259130348,7
1641770,9.836687777013225,8
1641781,9.758259314359922,11
1641795,9.652073302476964,14
1641808,9.701644823153064,13
1641820,9.72730023130921,12
1641833,9.748860406310332,13
1641838,9.91041931384163,5
1641847,9.800364809946371,9
1641854,9.883279393013153,7
1641859,9.920990953950275,5
1641860,10.0,1
1641863,9.949553773934408,3
1641881,9.642119639925717,18
1641890,9.814254775551081,9
1641892,9.971465071297477,2
1641893,10.0,1
1641913,9.626842650290726,20
1641918,9.928381268390822,5
1641919,10.0,1
1641930,9.763649532749428,11
1641931,10.0,1
1641933,9.97534688798022,2
1641944,9.745037524942795,11
1641946,9.975054511848231,2
1641951,9.923795731380626,5
1641965,9.697945187296938,14
1641979,9.67836853987039,14
1641988,9.82040296122342,9
1641997,9.793915406226908,9
1642006,9.799868027474847,9
1642010,9.943497230966488,4
1642011,10.0,1
1642026,9.6802496157242,15
1642033,9.847819199186759,7
1642040,9.856107910978494,7
1642054,9.708431297819095,14
1642071,9.58840300994609,17
1642089,9.577353596785155,18
1642102,9.69652687056318,13
1642105,9.955657544318436,3
1642106,10.0,1
1642117,9.763882792167761,11
1642118,10.0,1
1642122,9.951955629120182,4
1642128,9.892268767489286,6
1642131,9.97017998313989,3
1642145,9.671769705547687,14
1642149,9.937103342495002,4
1642153,9.955165757825803,4
1642155,9.985418501415623,2
1642168,9.728222059282928,13
1642169,10.0,1
1642170,9.989585757943043,1
1642178,9.86099003893066,8
1642182,9.947002681167243,4
1642192,9.634135947747858,10
1642199,9.863313401519228,7
1642210,9.76761465254966,11
1642224,9.676432942601174,14
1642229,9.917802204808716,5
1642239,9.81571397543756,10
1642251,9.719460084973678,12
1642266,9.652804418601729,15
1642273,9.867653653161508,7
1642276,9.960753979878845,3
1642281,9.92944640916334,5
1642287,9.90365218604274,6
1642307,9.55870830951742,20
1642313,9.886674382266806,6
1642317,9.941552650210477,4
1642329,9.77515713561729,12
1642341,9.747958666565715,12
1642351,9.788808156579186,10
1642365,9.688050388109634,14
1642372,9.881551530120618,7
1642385,9.72616885402883,13
1642395,9.77152304013473,10
1642413,9.56947308206536,18
1642431,9.628089031788704,18
1642452,9.520222724062101,21
1642469,9.610147866520474,17
1642476,9.871987947118393,7
1642487,9.758737622598849,11
1642492,9.917908851706068,5
1642507,9.672600635621064,15
1642514,9.887622280051449,7
1642530,9.683528525593472,16
1642541,9.765890854403043,11
1642548,9.876531554399145,7
1642556,9.872784228248019,8
1642569,8.949787880442829,13
1642573,9.945022951459137,4
1642583,9.83667761837783,10
1642596,9.639398870557606,13
1642607,9.729225086503158,11
1642621,9.666007884729387,14
1642623,9.971135462106295,2
1642635,9.77087659428269,12
1642638,9.954694017031251,3
1642659,9.501296307717864,21
1642660,10.0,1
1642671,9.773923014369087,11
1642675,9.951194796520591,4
1642688,9.756793042086132,13
1642705,9.604665877123038,17
1642716,9.800434323471155,11
1642732,9.638172423056401,16
1642749,9.651132194071577,17
1642761,9.798740907206897,12
1642773,9.749782323802554,12
1642785,9.750772942886083,12
1642792,9.858914444263558,7
1642808,9.642834952276985,16
1642817,9.633354918924073,9
1642830,9.694656738922465,13
1642837,9.882332012805984,7
1642847,9.812381016127219,10
1642863,9.664175419570602,16
1642867,9.93150801941405,4
1642875,9.869281236666025,8
1642887,9.734625282706808,12
1642888,10.0,1
1642901,9.693880692144095,13
1642909,9.848549517535476,8
1642921,9.754973879256777,12
1642969,8.8082644880998,48
1642984,9.661693517698604,15
1642995,9.828785584210218,11
1643007,9.761037674313402,12
1643047,7.792422805906993,40
1643052,9.925037434938769,5
1643060,9.844363980137173,8
1643068,9.856534005020269,8
1643080,9.712936361350684,12
1643101,9.62977939281032,21
1643106,9.908541579389611,5
1643120,9.755731663557336,14
1643134,9.69806589629342,14
1643143,9.806725744714898,9
1643159,9.650064416111201,16
1643181,9.599801078897412,22
1643190,9.806966278805548,9
1643197,9.872879277638635,7
1643212,9.667936994721897,15
1643223,9.773356790721074,11
1643237,9.694256554690277,14
1643253,9.654985169578492,16
1643261,9.824324747612582,8
1643264,9.963456882256281,3
1643276,9.742183760062408,12
1643287,9.751563823179495,11
1643314,9.495798645213458,27
1643318,9.944255182960598,4
1643324,9.906762924151359,6
1643337,9.70930033712978,13
1643341,9.939845729683826,4
1643354,9.751620258675066,13
1643364,9.7836577572465,10
1643380,9.653472117248802,16
1643387,9.843418661839776,7
1643392,9.91217111049259,5
1643405,9.705632800992799,13
1643409,9.947355406522115,4
1643423,9.701561077589513,14
1643424,10.0,1
1643425,10.0,1
1643439,9.672909416892677,14
1643450,9.759430781497322,11
1643470,9.52995236371933,20
1643490,9.496000858113051,20
1643500,9.791306084233668,10
1643509,9.798206492694673,9
1643539,8.965198276571925,30
1643550,9.785735500597504,11
1643557,9.852955891720736,7
1643573,9.717871144763935,16
1643577,9.931894730088832,4
1643586,9.836846168405273,9
1643602,9.609490589502961,16
1643618,9.659305450551233,16
1643627,9.805908978235395,9
1643628,10.0,1
1643640,9.75193644788245,12
1643655,9.744624049789051,15
1643657,9.97078034412433,2
1643671,9.727568402589077,14
1643689,9.545082558051654,18
1643698,9.795144954077276,9
1643722,9.518909003461385,24
1643733,9.771138378863524,11
1643749,9.692557725234883,16
1643755,9.904544874899784,6
1643772,9.606352139767102,17
1643779,9.880981333410407,7
1643780,10.0,1
1643791,9.765892259976209,11
1643805,9.686481988361487,14
1643807,9.77298024574582,2
1643815,9.749667232782251,8
1643824,9.829098687493907,9
1643848,9.506965875684742,24
1643849,10.0,1
1643859,9.805507508325487,10
1643869,9.786261525879839,10
1643871,9.985107962721994,2
1643890,9.565865651511961,19
1643891,10.0,1
1643904,9.701124259328965,13
1643906,9.97505678365671,2
1643919,9.783949952050518,13
1643933,9.688109560364177,14
1643946,9.702448139728709,13
1643958,9.74609826532609,12
1643972,9.701947424484276,14
1643985,9.711960897491474,13
1643996,9.776502998139756,11
1644007,9.767499565896298,11
1644016,9.808451413355174,9
1644022,9.901949175197542,6
1644033,9.745567865829642,11
1644041,9.862573865458005,8
1644054,9.765315537028012,13
1644062,9.850086412549407,8
1644074,9.745972567118669,12
1644076,9.97226935733749,2
1644083,9.895839556696046,7
1644087,9.923554286026333,4
1644101,9.690726958627383,14
1644104,9.952145508501385,3
1644113,9.838423595440572,9
1644124,9.744646701541807,11
1644128,9.93543380514146,4
1644129,9.990087794414254,1
1644142,9.728999391568005,13
1644146,9.95092334060276,4
1644166,9.567070671003853,20
1644180,9.698827710670646,14
1644181,10.0,1
1644185,9.945958167072202,4
1644190,9.918643459644088,5
1644204,9.66679402092609,14
1644214,9.803707094622887,10
1644222,9.845091439833935,8
1644223,10.0,1
1644236,9.719169241377077,13
1644281,9.20914799210368,45
1644293,9.791887238101742,12
1644305,9.758530370031815,12
1644312,9.89845574588978,7
1644315,9.959846096909189,3
1644317,9.971985859523162,2
1644326,9.843809667206164,9
1644331,9.94114633696774,5
1644337,9.892930023467223,6
1644347,9.79483127784579,10
1644351,9.943774554735356,4
1644367,9.7263244743551,16
1644377,9.80514727205695,10
1644391,9.700164429503232,14
1644399,9.821002121926748,8
1644420,9.607648783463233,21
1644431,9.7415910425237,11
1644432,10.0,1
1644433,9.98935620773039,1
1644442,9.848690755857596,9
1644453,9.76868487615091,11
1644455,9.974984670912594,2
1644479,9.37339442118839,24
1644480,10.0,1
1644490,9.796468134380628,10
1644497,9.877972690929413,7
1644513,9.699252504569362,16
1644514,10.0,1
1644528,9.70125622891413,14
1644541,9.72366734209141,13
1644554,9.777880146735647,13
1644560,9.897031744560254,6
1644564,9.944589871335149,4
1644571,9.876528464730898,7
1644580,9.822552356515823,9
1644582,9.97755569892991,2
1644593,9.778958768972146,11
1644598,9.910969256397891,5
1644599,10.0,1
1644600,9.996603715629687,1
1644607,9.902896893657193,7
1644615,9.862369666600152,8
1644625,9.81005175488939,10
1644636,9.766921611968653,11
1644641,9.909059457838943,5
1644651,9.782644860239389,10
1644665,9.699733371803683,14
1644671,9.90497496625505,6
1644681,9.796556260376617,10
1644692,9.799227714330868,11
1644704,9.729018959581508,12
1644713,9.829287917130182,9
1644714,10.0,1
1644715,10.0,1
1644716,10.0,1
1644727,9.74800499328586,11
1644728,9.987107999864635,1
1644732,9.924578288333453,4
1644743,9.766915030871699,11
1644754,9.700960350242758,11
1644759,9.92214746552353,5
1644784,9.519839308137765,25
1644797,9.706721748395392,13
1644798,10.0,1
1644800,9.971607037727964,2
1644806,9.880605621417395,6
1644819,9.719021479537014,13
1644822,9.955809152812419,3
1644835,9.70566328980744,13
1644839,9.950004413046123,4
1644861,9.50372338519973,22
1644862,9.995903602186447,1
1644864,9.96980403615648,2
1644881,9.686146100511223,17
1644894,9.700462187581419,13
1644898,9.933596902155017,4
1644915,9.631419815687892,17
1644932,9.690108270029043,17
1644940,9.86317627819228,8
1644947,9.888346904491241,7
1644948,9.99244020546727,1
1644957,9.836820646500263,9
1644971,9.712574389813007,14
1644974,9.950370898167693,3
1644981,9.877346057212353,7
1644985,9.946179400373197,4
1644988,9.96063982512378,3
1644995,9.895030407275495,7
1644998,9.956374629959228,3
1645019,9.488012712210084,21
1645030,9.762606278192653,11
1645037,9.87113370805196,7
1645038,10.0,1
1645053,9.689447811942324,15
1645054,10.0,1
1645063,9.813767373801483,9
1645065,9.976398791599578,2
1645069,9.927971723241667,4
1645072,9.958521169314366,3
1645095,9.543016904172426,23
1645100,9.906169911042479,5
1645113,9.701997804641122,13
1645130,9.661002299682222,17
1645147,9.56302505258087,17
1645154,9.88214874738203,7
1645155,10.0,1
1645161,9.89783027836642,6
1645164,9.957897260030144,3
1645188,9.492193565874203,24
1645203,9.383028047413129,15
1645208,9.898005553529497,5
1645222,9.715838291764616,14
1645223,10.0,1
1645226,9.9587535096773,3
1645238,9.738112237178779,12
1645249,9.801913953360442,11
1645257,9.866056998373335,8
1645274,9.702403931534231,17
1645283,9.789981878494403,9
1645284,10.0,1
1645298,9.729569571934363,14
1645309,9.773018185038834,11
1645322,9.766405571392987,13
1645330,9.835814254603754,8
1645354,9.432553537948976,24
1645364,9.805570774412768,10
1645371,9.891128497901798,7
1645372,10.0,1
1645383,9.775561151226862,11
1645390,9.907859742570261,7
1645399,9.795461748687526,9
1645416,9.646686676861961,17
1645424,9.84174988287938,8
1645425,10.0,1
1645435,9.78790054904158,10
1645439,9.935575334901083,4
1645446,9.678821245404869,7
1645455,9.826482785971209,9
1645461,9.91244209066474,6
1645472,9.765773547907159,11
1645497,9.56134296085619,25
1645501,9.938533338471213,4
1645508,9.903508566434466,7
1645522,9.648436124109846,14
1645531,9.826660177127888,9
1645548,9.706695432210575,17
1645555,9.874247334523718,7
1645561,9.902628975251606,6
1645572,9.757506638367238,11
1645581,9.810090873620167,9
1645595,9.74488886568447,14
1645596,10.0,1
1645611,9.68185014296917,15
1645621,9.835693994917499,10
1645633,9.72413024692085,12
1645645,9.784241154697053,12
1645650,9.924193752528504,5
1645661,9.793854579852189,11
1645666,9.898561626191723,5
1645679,9.720804071762025,13
1645687,9.848927519862325,8
1645701,9.686446952679301,14
1645706,9.92408830488785,5
1645726,9.502746283362328,20
1645740,9.679488508434561,14
1645746,9.890018396101453,6
1645749,9.963229383002798,3
1645755,9.882890428937902,6
1645765,9.795771052779749,10
1645775,9.764539353581355,10
1645790,9.657329886238472,15
1645804,9.704761611739368,14
1645805,10.0,1
1645808,9.959740331151815,3
1645820,9.724378493572392,12
1645828,9.838558635644777,8
1645838,9.768399622704637,10
1645848,9.787777970074853,10
1645861,9.728947375804163,13
1645865,9.928428987303954,4
1645886,9.513192466663261,21
1645894,9.851280563264442,8
1645895,10.0,1
1645903,9.845429050966263,8
1645911,9.858213230262633,8
1645921,9.79227094666303,10
1645927,9.865196328966803,6
1645941,9.707666166568261,14
1645949,9.822358603401085,8
1645956,9.850465752350654,7
1645971,9.682949511474524,15
1645974,9.960559431547667,3
1645975,10.0,1
1645977,9.967894182036238,2
1645984,9.885586218908408,7
1645987,9.957769391126982,3
1645989,9.985154524564015,2
1645995,9.881984103582841,6
1646000,9.904146357975614,5
1646016,9.622144159841081,16
1646017,10.0,1
1646018,10.0,1
1646023,9.914347923249846,5
1646032,9.819581956210158,9
1646043,9.76905265031532,11
1646047,9.938591157889741,4
1646049,9.97789175030446,2
1646052,9.954870690835872,3
1646075,9.482079190285202,23
1646082,9.867459971358517,7
1646111,9.270404272853742,29
1646125,9.744153888457054,14
1646135,9.795361261465995,10
1646145,9.815510824321537,10
1646155,9.8032161679032,10
1646169,9.741031021447006,14
1646181,9.790155894153692,12
1646188,9.880800831244011,7
1646195,9.858980338915977,7
1646205,9.837129415099907,10
1646213,9.854702335297556,8
1646224,9.772040379161739,11
1646236,9.754424143949752,12
1646248,9.71171716041126,12
1646260,9.752236703492782,12
1646281,8.66480640231186,21
1646282,10.0,1
1646299,9.605073798433795,17
1646313,9.321777222471825,14
1646323,9.796382081019392,10
1646337,9.731923362760089,14
1646338,10.0,1
1646345,9.877210263210685,7
1646352,9.888252694364692,7
1646363,9.781551737695189,11
1646368,9.926761744623056,5
1646385,9.65305878601582,17
1646405,9.525784711217126,20
1646414,9.831459843163245,9
1646423,9.809672312424178,9
1646436,9.700217760000431,13
1646454,9.60031290382358,18
1646470,9.656180230368234,16
1646474,9.92666584651206,4
1646481,9.875637254551476,7
1646492,9.762035613399183,11
1646495,9.956282486182833,3
1646509,9.70724326622284,14
1646510,9.99174282666829,1
1646511,9.99226397602551,1
1646514,9.958192122333585,3
1646519,9.899215107167057,5
1646522,9.957569981170998,3
1646527,9.903139051752984,5
1646535,9.87679413760007,8
1646549,9.697402855538849,14
1646565,9.700275834882982,16
1646574,9.806770598435854,9
1646575,9.99664693267668,1
1646576,9.99269461797254,1
1646587,9.798722582842645,11
1646603,9.652947059685754,16
1646608,9.90740417565206,5
1646618,9.786609552890285,10
1646629,9.743687841464965,11
1646639,9.810694615485417,10
1646646,9.755078265939767,7
1646654,9.85214102905544,8
1646666,9.730189571907388,12
1646677,9.75169323326944,11
1646692,9.699304575432619,15
1646714,9.436519859943587,22
1646717,9.969658930213768,3
1646750,8.718180256859458,33
1646754,9.937634502433653,4
1646766,9.72741222556368,12
1646772,9.908711417299772,6
1646783,9.76012853358836,11
1646793,9.76937101392982,10
1646811,9.57954030149063,18
1646822,9.7911374370444,11
1646838,9.672738587749452,16
1646850,9.748292615698647,12
1646855,9.91521433842355,5
1646866,9.772340435234273,11
1646881,9.642468887809688,15
1646893,9.71981806945152,12
1646901,9.841694804330187,8
1646909,9.866794879680803,8
1646910,10.0,1
1646911,9.989096688906917,1
1646920,9.83774107855587,9
1646935,9.679309289845587,15
1646946,9.797525505945952,11
1646954,9.86368593086026,8
1646962,9.827295449989814,8
1646982,9.533055047395845,20
1646989,9.869740182230466,7
1646997,9.835172200265422,8
1647017,9.620232628357298,20
1647034,9.646950495136094,17
1647041,9.880818075292979,7
1647060,9.544461399052489,19
1647064,9.933903518867703,4
1647071,9.872652772447402,7
1647083,9.78817452836269,12
1647095,9.789695237653419,12
1647096,9.996439308137465,1
1647106,9.798224403939725,10
1647107,10.0,1
1647108,10.0,1
1647119,9.771614077259928,11
1647129,9.836664849062316,10
1647140,9.775980176492403,11
1647146,9.877993916969144,6
1647155,9.85357729335843,9
1647165,9.779158370022012,10
1647175,9.775833517881292,10
1647188,9.710113572324248,13
1647203,9.659521733499115,15
1647217,9.67456962886186,14
1647231,9.69831271800016,14
1647247,9.699884157867219,16
1647249,9.969332548850707,2
1647263,9.682442379807219,14
1647270,9.882038324080028,7
1647281,9.778634482329608,11
1647297,9.68267032680129,16
1647313,9.630112635504407,16
1647331,9.642030024698226,18
1647343,9.807745890174363,12
1647353,9.823010027587689,10
1647367,9.691589684309614,14
1647380,9.767672623277667,13
1647392,9.748533809783993,12
1647406,9.676554046782579,14
1647407,9.993303558989597,1
1647419,9.763137054079408,12
1647435,9.640649816844851,16
1647457,9.618921795862729,22
1647467,9.813104304860827,10
1647480,9.707465536282074,13
1647481,10.0,1
1647489,9.839797358830658,8
1647501,9.736868665202119,12
1647512,9.79568585218731,11
1647515,9.94860924931701,3
1647528,9.724626098332926,13
1647539,9.802106486423122,11
1647550,9.752496996538856,11
1647562,9.759713737900126,12
1647575,9.747630265363574,13
1647593,9.625467410960683,18
1647605,9.758376851799728,12
1647606,9.989035661853832,1
1647634,9.46422743209439,28
1647637,9.963077130882066,3
1647644,9.887764588972644,7
1647660,9.659170890406944,16
1647669,9.828827770545676,9
1647678,9.819194849030946,9
1647707,9.463905714475484,29
1647716,9.819427026028338,9
1647727,9.234650079555315,11
1647740,9.696921905140234,13
1647743,9.955586674277214,3
1647745,9.976036084098663,2
1647759,9.690760933587445,14
1647775,9.656040404845086,16
1647790,9.668631799682878,15
1647792,9.985195100197448,2
1647802,9.806714942848295,10
1647809,9.885533030587158,7
1647814,9.927525810922559,5
1647825,9.770336691861269,11
1647826,10.0,1
1647839,9.757954584346235,13
1647850,9.822964738792882,11
1647879,9.338761690182231,29
1647885,9.890370589529965,6
1647890,9.917126145083262,5
1647893,9.951688991609918,3
1647898,9.920854353593096,5
1647899,10.0,1
1647901,9.97527199696639,2
1647914,9.746482725928862,13
1647917,9.956589468542894,3
1647920,9.95022713472459,3
1647930,9.805500663321782,10
1647935,9.917850651863636,5
1647941,9.900456790360472,6
1647948,9.879152990119493,7
1647959,9.786285235102483,11
1647968,9.81851402428874,9
1647991,9.454224175435288,23
1647995,9.943350420441467,4
1648027,9.388679858238218,32
1648034,9.871581903989632,7
1648037,9.860830573500778,3
1648053,9.672199536286143,16
1648061,9.84170579175205,8
1648066,9.909806681168854,5
1648080,9.706794074272544,14
1648089,9.805591626730612,9
1648090,9.996166695023964,1
1648102,9.724743386701451,12
1648114,9.78418002105963,12
1648130,9.589221853769423,16
1648131,10.0,1
1648151,9.554713622119323,20
1648163,9.732603352202752,12
1648175,9.82681869486617,12
1648183,9.824605326699082,8
1648188,9.931251146099239,5
1648189,10.0,1
1648198,9.44638922581511,9
1648199,10.0,1
1648208,9.804128368494158,9
1648227,9.619050017539085,19
1648228,10.0,1
1648234,9.891728825379394,6
1648241,9.850966467222054,7
1648251,9.817806854956334,10
1648266,9.673610450889408,15
1648267,10.0,1
1648276,9.81072455308749,9
1648279,9.964315226087836,3
1648284,9.928436151722865,5
1648288,9.93576031283898,4
1648299,9.77796187338519,11
1648306,9.87616806520617,7
1648320,9.716843600937056,14
1648332,9.704908737153033,12
1648337,9.919101706194724,5
1648350,9.730975560637676,13
1648374,9.26109060256043,24
1648390,9.536080806903074,16
1648398,9.823183315394838,8
1648407,9.830630557564342,9
1648418,9.751449058643475,11
1648419,10.0,1
1648428,9.827690260898406,9
1648441,9.335367002845098,13
1648442,10.0,1
1648443,10.0,1
1648451,9.852413519100121,8
1648464,9.715329330844035,13
1648504,9.298464648371297,40
1648514,9.783914253001534,10
1648529,9.666952912937722,15
1648535,9.897266472009012,6
1648543,9.857389941519807,8
1648574,9.45756975734264,31
1648577,9.95227508044263,3
1648589,9.816607574004935,12
1648603,9.720855005404685,14
1648606,9.961437304183574,3
1648624,9.63575399525704,18
1648638,9.715438985369639,14
1648659,9.530544864368254,21
1648660,10.0,1
1648668,9.873645576754935,8
1648677,9.804639255521137,9
1648694,9.588809540621208,17
1648701,9.902092143662491,7
1648709,9.823293362137546,8
1648719,9.823456445766698,10
1648723,9.930146867303423,4
1648733,9.817457361999436,10
1648739,9.901632136039986,6
1648749,9.7924168753216,10
1648754,9.912379962765643,5
1648763,9.829111731682227,9
1648773,9.80265231968256,10
1648780,9.908964143817698,7
1648801,9.512157845156525,21
1648808,9.862127957756863,7
1648827,9.601242333352078,19
1648838,9.772938864760233,11
1648839,10.0,1
1648849,9.787041617592223,10
1648854,9.926813518400742,5
1648870,9.660509568698016,16
1648881,9.777477806032934,11
1648888,9.874632387881308,7
1648898,9.821356334160365,10
1648904,9.9263272106371,6
1648911,9.869946064130833,7
1648916,9.814685966582555,5
1648925,9.821061529481728,9
1648941,9.642319051214399,16
1648944,9.969039758895857,3
1648957,9.706449255514535,13
1648961,9.936280920489923,4
1648962,10.0,1
1648968,9.878321102451999,6
1648972,9.944828276149448,4
1648975,9.953760606628379,3
1648976,10.0,1
1648977,10.0,1
1648994,9.589227092994612,17
1649003,9.812360653445324,9
1649018,9.63968556987324,15
1649029,9.784076595757737,11
1649039,9.823800585054006,10
1649057,9.568457763522298,18
1649070,9.725670055931843,13
1649078,9.881394239070033,8
1649084,9.889249239572347,6
1649085,10.0,1
1649086,10.0,1
1649100,9.593296193257839,14
1649110,9.820110819044144,10
1649117,9.869094064228543,7
1649145,5.810383696731759,28
1649146,9.988400835604763,1
1649166,9.582200920221487,20
1649169,9.963441256961394,3
1649172,9.945311520223266,3
1649181,9.839961960382754,9
1649194,9.73998481784532,13
1649231,9.260157981544534,37
1649232,10.0,1
1649241,9.816152166128935,9
1649257,9.686005832681236,16
1649264,9.870565786431774,7
1649268,9.945041252449121,4
1649287,9.524611050179177,19
1649307,9.578280182564363,20
1649308,10.0,1
1649319,9.754609948513794,11
1649320,10.0,1
1649323,9.9597566065785,3
1649345,9.59991022223216,22
1649360,9.694299597808035,15
1649375,9.640569429316338,15
1649376,10.0,1
1649377,10.0,1
1649389,9.734310927982573,12
1649402,9.713993884089877,13
1649407,9.923916499314151,5
1649416,9.325519722056889,9
1649434,9.68313859784076,18
1649443,9.826326763899942,9
1649452,9.79644664281682,9
1649482,9.427909316142445,30
1649491,9.856758075472415,9
1649509,9.6696808504815,18
1649514,9.901760758937392,5
1649522,9.84452237314825,8
1649523,9.993466616337876,1
1649529,9.898791217901733,6
1649542,9.762863652953481,13
1649552,9.804316803194494,10
1649560,9.838077187784933,8
1649570,9.807999466993243,10
1649571,10.0,1
1649574,9.955219565087535,3
1649576,9.979134710417819,2
1649577,10.0,1
1649590,9.70198647701543,13
1649596,9.895371660116076,6
1649602,9.91572820775019,6
1649613,9.766757907413238,11
1649628,9.67976535623504,15
1649638,9.79745209128946,10
1649643,9.914183911234995,5
1649661,9.623271225248294,18
1649669,9.843753145684072,8
1649678,9.813014112540454,9
1649693,9.652077667362521,15
1649701,9.82582056487986,8
1649707,9.901928467235203,6
1649719,9.569620227170045,12
1649729,9.82300670820503,10
1649731,9.980694473570892,2
1649738,9.850386970204646,7
1649747,9.746173805869606,9
1649756,9.809746828583375,9
1649761,9.894685560088547,5
1649774,9.747121437650524,13
1649784,9.805741534380243,10
1649796,9.766424021842589,12
1649803,9.870768161022927,7
1649817,9.672678824760471,14
1649835,9.586548619209772,18
1649848,9.752464376308575,13
1649854,9.899340817681443,6
1649860,9.890982522587375,6
1649862,9.97776384124813,2
1649868,9.89824240151638,6
1649879,9.810705976693452,11
1649890,9.752783260569343,11
1649912,9.428051880006578,22
1649913,9.991673724759485,1
1649934,9.529009362200354,21
1649940,9.87743737164071,6
1649948,9.848063341593717,8
1649949,10.0,1
1649962,9.709657240917775,13
1649969,9.881776731622038,7
1649975,9.889361027544458,6
1649983,9.856572274343273,8
1649992,9.84054387916072,9
1650000,9.831060988550862,8
1650004,9.943008368885465,4
1650012,9.84918988536105,8
1650019,9.878875123984802,7
1650030,9.755762057579288,11
1650034,9.935720771090446,4
1650046,9.78165042691125,12
1650047,10.0,1
1650051,9.9264111829928,4
1650067,9.671978884486522,16
1650084,9.634241382177558,17
1650103,9.645224156909515,19
1650109,9.89982546641085,6
1650115,9.90834568479722,6
1650126,9.755453828295924,11
1650136,9.798365036067718,10
1650145,9.865008074802851,9
1650146,10.0,1
1650149,9.960339566871209,3
1650170,9.583612407309836,21
1650173,9.962808791019901,3
1650176,9.955651210034032,3
1650188,9.748804651545028,12
1650201,9.684656741730452,13
1650210,9.810843385777035,9
1650222,9.765935981199119,12
1650231,9.807078020712261,9
1650243,9.759829475857625,12
1650259,9.648221184330108,16
1650274,9.665213922709574,15
1650278,9.934850076033388,4
1650280,9.984762800545388,2
1650293,9.711074153174867,13
1650300,9.890291337543992,7
1650301,10.0,1
1650312,9.743766048283636,11
1650322,9.78348231364988,10
1650337,9.64119902321606,15
1650349,9.744449094597519,12
1650356,9.88184864787754,7
1650363,9.87707999989928,7
1650371,9.852162378447323,8
1650389,9.635516012183714,18
1650401,9.725954151413136,12
1650415,9.709324485901812,14
1650422,9.88478967431208,7
1650433,9.753308024253014,11
1650434,10.0,1
1650448,9.7163838031741,14
1650458,9.783427219754776,10
1650460,9.971881833653265,2
1650475,9.700074909825155,15
1650479,9.930637227429393,4
1650491,9.752702105776622,12
1650501,9.560176378612468,10
1650505,9.93134076634682,4
1650520,9.668264048181628,15
1650528,9.83869844966862,8
1650534,9.882461194401817,6
1650537,9.947709111836438,3
1650557,9.497291009505208,20
1650560,9.955439718510561,3
1650565,9.904617418697116,5
1650578,9.689718832662217,13
1650591,9.757063401706722,13
1650596,9.920069653776356,5
1650608,9.740541872597923,12
1650622,9.722566757417036,14
1650630,9.861199453345273,8
1650653,9.51724584349273,23
1650666,9.725058806959336,13
1650673,9.890577612538719,7
1650678,9.916291949759122,5
1650689,9.797234977277913,11
1650696,9.882816038344606,7
1650707,9.786856623108182,11
1650723,9.65560873846583,16
1650725,9.984187059031324,2
1650741,9.559778565648067,16
1650755,9.677742184633985,14
1650762,9.86840466694594,7
1650772,9.797288452222158,10
1650775,9.96592154617786,3
1650876,8.123237666613516,101
1650887,9.831757932563317,11
1650902,9.679097299135476,15
1650914,9.761010464823448,12
1650925,9.668692000519714,11
1650936,9.746266684348605,11
1650938,9.971660313536704,2
1650947,9.811315029402854,9
1650962,9.71663623335849,15
1650963,10.0,1
1650969,9.89492552758082,6
1650971,9.980311149447633,2
1650975,9.930341323459691,4
1650991,9.674133971893033,16
1650997,9.889123139802644,6
1651012,9.7034515223803,15
1651013,10.0,1
1651014,9.992366026935573,1
1651027,9.701582118229174,13
1651035,9.828531189858973,8
1651048,9.71762001647926,13
1651057,9.807632725517145,9
1651062,9.919784514057385,5
1651064,9.971723822826645,2
1651068,9.94109660526696,4
1651077,9.816216414312736,9
1651087,9.771109868055575,10
1651101,9.66044313933142,14
1651107,9.773367854780949,6
1651108,10.0,1
1651109,10.0,1
1651121,9.720033847066178,12
1651127,9.908263825540853,6
1651135,9.880139484578264,8
1651136,9.992397354653368,1
1651145,9.627851692293994,9
1651160,9.641761559938837,15
1651173,9.754185526565438,13
1651177,9.936905235529736,4
1651197,9.523693392026198,20
1651212,9.735248262504062,15
1651230,9.567383277936687,18
1651242,9.788008515112011,12
1651250,9.840238483296591,8
1651263,9.728198570384558,13
1651288,9.512130985331188,25
1651293,9.916490148972866,5
1651298,9.921455974429792,5
1651307,9.833474513296936,9
1651315,9.857022838885468,8
1651320,9.921489782408521,5
1651325,9.908671692014783,5
1651333,9.857588938964033,8
1651353,9.532264030882427,20
1651370,9.6671988262741,17
1651372,9.979650934330241,2
1651381,9.816449960412085,9
1651391,9.663207441429751,10
1651392,10.0,1
1651402,9.75101445874905,10
1651411,9.835090747480628,9
1651422,9.7684792914509,11
1651438,9.638557130647603,16
1651440,9.983916091845781,2
1651457,9.580628894463008,17
1651464,9.877877881351596,7
1651484,9.517277798074403,20
1651495,9.809493478974364,11
1651502,9.881152360954689,7
1651503,10.0,1
1651511,9.863126531839635,8
1651518,9.865213033282755,7
1651519,10.0,1
1651523,9.934257252226477,4
1651527,9.940611169494394,4
1651532,9.909773059827797,5
1651533,10.0,1
1651546,9.731549784381865,13
1651558,9.751280381959397,12
1651569,9.76081160264366,11
1651573,9.919973898687676,4
1651574,10.0,1
1651579,9.921611193956917,5
1651594,9.711024618255713,15
1651606,9.722384762924003,12
1651613,9.871416700970215,7
1651620,9.85804754661278,7
1651631,9.779412945551673,11
1651644,9.677651389037157,13
1651645,10.0,1
1651660,9.697130819077373,15
1651674,9.69028354099721,14
1651675,10.0,1
1651679,9.937181399162963,4
1651689,9.771901987159739,10
1651695,9.895731480653764,6
1651705,9.810406201197,10
1651710,9.9156677880012,5
1651722,9.745287014620985,12
1651723,10.0,1
1651732,9.791786351647406,9
1651738,9.877701525120816,6
1651757,9.635145571416084,19
1651761,9.941611598359332,4
1651776,9.648829225488551,15
1651781,9.934786844919556,5
1651798,9.625464715111313,17
1651799,10.0,1
1651961,-51.83158419181916,162
1651969,9.87649715236239,8
1651978,9.835231746312074,9
1651989,9.600565629905205,11
1652001,9.733987005293654,12
1652012,9.79718536651872,11
1652027,9.706954291795764,15
1652037,9.77747182928525,10
1652047,9.842448062044049,10
1652052,9.920182064223999,5
1652073,9.542723824530196,21
1652079,9.90363580353399,6
1652083,9.93292886971938,4
1652086,9.96726194134755,3
1652102,9.673522716890366,16
1652111,9.815081038329712,9
1652117,9.880611409041423,6
1652119,9.971849405509928,2
1652123,9.935619269129282,4
1652126,9.947966907214434,3
1652131,9.920710672501624,5
1652141,9.76541062188846,10
1652148,9.871457063483208,7
1652165,9.576787056863733,17
1652176,9.745321308933311,11
1652185,9.809367210738152,9
1652207,9.55675960816665,22
1652252,9.049400440884414,45
1652272,9.26070636188105,20
1652281,9.824717233439587,9
1652293,9.77907514885188,12
1652294,10.0,1
1652305,9.76301265569096,11
1652311,9.883846821475323,6
1652323,9.72529485675908,12
1652329,9.88277028067348,6
1652334,9.925576881909103,5
1652347,9.726319865130359,13
1652348,10.0,1
1652353,9.940590097519305,5
1652359,9.901041817619866,6
1652368,9.840905138543233,9
1652382,9.723339385406227,14
1652389,9.869996847935486,7
1652395,9.889632515140468,6
1652402,9.891146759288787,7
1652416,9.693643334548184,14
1652442,9.339629584535341,26
1652463,9.523330938898495,21
1652483,9.565668689650224,20
1652490,9.876875211949265,7
1652502,9.74769231442242,12
1652530,9.422235145145429,28
1652544,9.689323961507624,14
1652555,9.793799312892963,11
1652556,10.0,1
1652557,10.0,1
1652567,9.778081641752504,10
1652574,9.884110196705326,7
1652582,9.84589635679262,8
1652600,9.565750469441463,18
1652623,9.513764679846364,23
1652637,9.673486277745383,14
1652643,9.886647919357877,6
1652649,9.884339626090359,6
1652650,10.0,1
1652657,9.84416011253256,7
1652664,9.862578065005042,7
1652665,10.0,1
1652676,9.782760400561177,11
1652685,9.800497298618394,9
1652692,9.884597562495546,7
1652704,9.747175155572926,12
1652715,9.766263223352137,11
1652723,9.857932214101105,8
1652732,9.727443912214076,9
1652740,9.841531610518707,8
1652753,9.765233305757114,13
1652761,9.846370698666782,8
1652768,9.862381286802702,7
1652776,9.83908035658819,8
1652783,9.885129192826087,7
1652792,9.815522895171592,9
1652803,9.766221649016394,11
1652813,9.816021232803092,10
1652830,9.594762219064101,17
1652839,9.828961897781562,9
1652846,9.880290053981014,7
1652853,9.86128631668429,7
1652865,9.739709688643103,12
1652907,9.230131402834445,42
1652916,9.806397904205598,9
1652935,9.532857927801357,19
1652936,10.0,1
1652942,9.505402856668821,6
1652944,9.985387532972897,2
1652965,9.571046911969884,21
1652977,9.717519311846347,12
1652978,10.0,1
1652981,9.957689184321623,3
1652983,9.98491595071292,2
1652991,9.839756794997562,8
1652997,9.888317167472964,6
1653002,9.90822806303843,5
1653011,9.82813398977882,9
1653034,9.505558190659944,23
1653045,9.749588138954591,11
1653056,9.824776490810692,11
1653114,7.310760460191759,58
1653115,10.0,1
1653132,9.59312480387114,17
1653147,9.647579263333945,15
1653161,9.739553465708594,14
1653172,9.796010525042682,11
1653182,8.899466989475725,10
1653193,9.799016672088058,11
1653197,9.949452640237785,4
1653209,9.716986456923227,12
1653225,9.720988846294617,16
1653234,9.809059776273154,9
1653235,10.0,1
1653251,9.397250822031342,16
1653256,9.912917657168615,5
1653263,9.864006343308452,7
1653277,9.707556615400145,14
1653278,10.0,1
1653284,9.794675586116377,6
1653295,9.764106022292731,11
1653296,10.0,1
1653299,9.949824682871625,3
1653316,9.623934092728327,17
1653331,9.689788422215871,15
1653335,9.830670811958951,4
1653351,9.655713294648274,16
1653353,9.967511152797671,2
1653356,9.96102541539402,3
1653370,9.684711622848234,14
1653376,9.89044848778933,6
1653385,9.820508135412243,9
1653401,9.520542603357033,16
1653416,9.649923599207206,15
1653427,9.761201642685986,11
1653441,9.727451017764466,14
1653451,9.797389925767074,10
1653458,9.861882194144542,7
1653468,9.767386523042946,10
1653471,9.963129281904449,3
1653482,9.776148978333255,11
1653492,9.7943400592849,10
1653502,9.797695804092523,10
1653516,9.715637663776862,14
1653524,9.879539429469501,8
1653531,9.882852468743938,7
1653545,9.739834043957096,14
1653555,9.767899270600429,10
1653559,9.937597880774701,4
1653567,9.850712033645591,8
1653582,9.688246795430226,15
1653588,9.889411883954077,6
1653597,9.838528604484189,9
1653611,9.722190815161973,14
1653616,9.912534984158148,5
1653629,9.75834666890912,13
1653641,9.717848282094861,12
1653648,9.87730546125061,7
1653660,9.728425708378674,12
1653700,9.13307329936594,40
1653708,9.886629984837771,8
1653727,9.55861656189978,19
1653739,9.74032118395294,12
1653762,9.412842964816669,23
1653772,9.816745744334078,10
1653775,9.954079202594015,3
1653784,9.81540642478969,9
1653794,9.802960363268141,10
1653798,9.929612394914477,4
1653805,9.868406103357266,7
1653818,9.720604442437969,13
1653827,9.844867713129956,9
1653836,9.818140123037278,9
1653843,9.860055651140533,7
1653853,9.809624876525133,10
1653861,9.863259932457025,8
1653870,9.815320499711643,9
1653880,9.794464254318669,10
1653881,10.0,1
1653888,9.890194316198993,7
1653901,9.741618744598687,13
1653909,9.836616528969444,8
1653920,9.755273552177622,11
1653930,9.778023034744198,10
1653933,9.950012761942713,3
1653946,9.704701959091615,13
1653958,9.748069818653303,12
1653961,9.967019511438798,3
1653966,9.925199654156954,5
1653973,9.874639997788629,7
1653994,9.488444675916112,21
1654002,9.825264117447396,8
1654007,9.910418996822424,5
1654014,9.867638733542199,7
1654022,9.865353056263043,8
1654028,9.903251662241933,6
1654035,9.875132932267682,7
1654043,9.85596939976032,8
1654047,9.942838599052,4
1654048,10.0,1
1654055,9.856689575064358,7
1654065,9.783557166271121,10
1654076,9.803569529760997,11
1654082,9.89118692356865,6
1654083,9.988836582713345,1
1654089,9.914467231793822,6
1654097,9.862291468899068,8
1654106,9.812210644335709,9
1654119,9.690645382878778,13
1654130,9.775560593180309,11
1654139,9.824745568278916,9
1654152,9.696768913853722,13
1654153,10.0,1
1654169,9.693199049537608,16
1654171,9.976270026284437,2
1654176,9.916445228592268,5
1654182,9.899971477278353,6
1654191,9.847515497881496,9
1654202,9.665181877859366,11
1654208,9.903257210974186,6
1654217,9.809096612832418,9
1654232,9.711166403650042,15
1654233,9.992760942550388,1
1654239,9.872636824563827,6
1654241,9.983971940265965,2
1654244,9.95857042278745,3
1654249,9.92154530837623,5
1654269,9.538985497663054,20
1654276,9.864265779010656,7
1654277,10.0,1
1654282,9.90759996450294,5
1654292,9.803317531571146,10
1654308,9.65144355920785,16
1654324,9.611028205416218,16
1654332,9.853652204307382,8
1654347,9.720312043798153,15
1654359,9.77012726183259,12
1654371,9.755376405781155,12
1654380,9.868344407975297,9
1654401,9.672379201836623,21
1654409,9.844704736816002,8
1654422,9.710781936735795,13
1654430,9.833097553201801,8
1654443,9.708508547566012,13
1654454,9.776449197261105,11
1654467,9.735524383515918,13
1654476,9.832682364949067,9
1654486,9.826330230531752,10
1654494,9.875234184334229,8
1654502,9.874080266536057,8
1654505,9.960065339946478,3
1654508,9.970644205279733,3
1654517,9.820817914301786,9
1654529,9.723427880215466,12
1654532,9.965514689912832,3
1654541,9.832412489230625,9
1654551,9.81604812585335,10
1654569,9.526450369371254,18
1654575,9.89001499149384,6
1654576,10.0,1
1654579,9.969866660399365,3
1654598,9.595067572259524,19
1654609,9.790461862318914,11
1654635,9.419412479958668,26
1654645,9.795975435410892,10
1654653,9.84320464438353,8
1654663,9.8534412624752,10
1654664,9.992214105168394,1
1654681,9.618449132459777,17
1654693,9.763427070714092,12
1654694,10.0,1
1654702,9.840483476522001,8
1654704,9.974609546698456,2
1654716,9.756391659330692,12
1654717,10.0,1
1654718,10.0,1
1654722,9.957243693720729,4
1654735,9.719153997692125,13
1654744,9.839675945589645,9
1654759,9.674219306590375,15
1654765,9.885796588830704,6
1654787,9.541009817489151,22
1654808,9.604127967310198,21
1654815,9.887308672710017,7
1654816,10.0,1
1654822,9.890750980030054,6
1654839,9.70376678965177,17
1654853,9.716306288641967,14
1654869,9.604273230691557,16
1654891,9.480391331242958,22
1654903,9.779136457181085,12
1654906,9.963870295902998,3
1654914,9.832012130277846,8
1654920,9.9156474442636,6
1654930,9.820514502875428,10
1654942,9.754049220870105,12
1654952,9.796125931577874,10
1654953,10.0,1
1654963,9.821612689780938,10
1654976,9.699995134739638,13
1654988,9.754551881029776,12
1654997,9.822350275760401,9
1655007,9.828505414703516,10
1655015,9.870741096716381,8
1655024,9.832471859160796,9
1655033,9.871897587130709,9
1655051,9.590229382782708,18
1655057,9.888693193811536,6
1655062,9.897798820834643,5
1655075,9.72657807108681,13
1655079,9.936297109323894,4
1655082,9.97113301129409,3
1655087,9.905149099014706,5
1655091,9.934076862061307,4
1655103,9.730558773040222,12
1655106,9.962075947093645,3
1655115,9.83608642706147,9
1655123,9.826219130163306,8
1655132,9.822987458699828,9
1655146,9.728373757904471,14
1655155,9.853790447244664,9
1655174,9.686298458475525,19
1655175,10.0,1
1655191,9.572606059525059,16
1655206,9.64921728077033,15
1655217,9.81037734826149,11
1655231,9.566392651859308,14
1655239,9.820262915400205,8
1655248,9.814739269767864,9
1655262,9.666166145879457,14
1655275,9.745504350092638,13
1655288,9.747551715578707,13
1655298,9.824672176257687,10
1655313,9.698382572336495,15
1655320,9.887055464195107,7
1655321,10.0,1
1655336,9.721138593089814,15
1655343,9.890963909659199,7
1655357,9.703869076596638,14
1655369,9.754854295862673,12
1655379,9.817689894068085,10
1655382,9.9605680021103,3
1655392,9.791059915625643,10
1655403,9.81039642736505,11
1655414,9.748264836384667,11
1655621,6.052169614301713,207
1655636,9.65453694650074,15
1655646,9.789598413559233,10
1655656,9.805409287860936,10
1655661,9.940716290762921,5
1655671,9.78935153783621,10
1655682,9.777165868705186,11
1655696,9.68280376017912,14
1655698,9.978734833238775,2
1655715,9.63338967440367,17
1655729,9.695953013417222,14
1655742,9.761889318283707,13
1655755,9.541211919066637,13
1655767,9.742999046864059,12
1655781,9.70518094160451,14
1655790,9.806152554121134,9
1655804,9.592238638382,14
1655812,9.86265375971819,8
1655835,9.526035048945207,23
1655842,9.854358500435788,7
1655854,9.742222734270317,12
1655857,9.955987299139462,3
1655859,9.979028461341287,2
1655872,9.720129900599915,13
1655875,9.957544745959469,3
1655893,9.600706716778161,18
1655900,9.878513377851537,7
1655911,9.755524112045988,11
1655931,9.343338460508344,20
1655935,9.93463834041685,4
1655943,9.851989085563863,8
1655953,9.781388953868495,10
1655960,9.868328331345262,7
1655967,9.849263961819888,7
1655970,9.963556074770603,3
1656002,9.286077569734141,32
1656012,9.686895965119737,10
1656025,9.71818885646633,13
1656029,9.83340393117367,4
1656036,9.86065133175379,7
1656037,10.0,1
1656046,9.82117206837613,9
1656058,9.751048087971583,12
1656072,9.703621589554064,14
1656078,9.910122619727854,6
1656092,9.685558184340248,14
1656097,9.904903507466502,5
1656110,9.713221771917079,13
1656124,9.73703395364144,14
1656139,9.688926118945911,15
1656168,9.18093104446329,29
1656172,9.944856092616462,4
1656181,9.849331134763286,9
1656200,9.570446185951345,19
1656209,9.831714935458368,9
1656214,9.920239117129594,5
1656227,9.717857184362476,13
1656228,10.0,1
1656232,9.955609060886692,4
1656245,9.776505171570815,13
1656257,9.753847372563053,12
1656271,9.674743849854682,14
1656285,9.756828901691755,14
1656304,9.612409664308258,19
1656316,9.785270612638604,12
1656336,9.610002624085102,20
1656348,9.731985141630359,12
1656355,9.844260459853466,7
1656363,9.845914058248477,8
1656364,10.0,1
1656379,9.679511595125149,15
1656387,9.851121784314826,8
1656399,9.537873797443826,12
1656411,9.422256059016133,12
1656432,9.57189141526771,21
1656439,9.850842276312665,7
1656444,9.928054398914002,5
1656454,9.796085893083719,10
1656471,9.608252284180756,17
1656477,9.888972783313164,6
1656485,9.855453448899656,8
1656498,9.70271586168142,13
1656504,9.70387210076118,6
1656519,9.659203527729302,15
1656541,9.534362268013895,22
1656542,10.0,1
1656549,9.888401391224978,7
1656556,9.898191082604011,7
1656565,9.839218931097376,9
1656571,9.903487304790048,6
1656576,9.930472008994602,5
1656595,9.574646097364068,19
1656604,9.830601419736642,9
1656608,9.940153584872029,4
1656618,9.768092425303154,10
1656630,9.739875723030016,12
1656650,9.554974773203844,20
1656654,9.929695269805501,4
1656661,9.874338387538877,7
1656664,9.956802821351264,3
1656671,9.862087102526798,7
1656684,9.742322788319171,13
1656691,9.886616619602123,7
1656711,9.490269681623298,20
1656724,9.756673117002853,13
1656728,9.940647323772941,4
1656737,9.830428366486265,9
1656745,9.864425993779077,8
1656752,9.874068271891355,7
1656767,9.669299490291168,15
1656771,9.928856038925868,4
1656781,9.797166915824526,10
1656802,9.559658442868347,21
1656815,9.732038927392768,13
1656820,9.915745360595444,5
1656839,9.55235571715737,19
1656848,9.808127995532088,9
1656859,9.80584941072083,11
1656881,9.563939179137652,22
1656890,9.851832593535233,9
1656921,9.301648295369123,31
1656923,9.979292759905407,2
1656935,9.77329360732901,12
1656942,9.87850538066688,7
1656951,9.834152843277636,9
1656964,9.727717045840677,13
1656973,9.848466808247567,9
1656986,9.768168921544078,13
1656990,9.934838869570672,4
1656991,9.996270804642597,1
1657010,9.599146226535355,19
1657023,9.71498664555244,13
1657037,9.68637636409674,14
1657047,9.8110328154366,10
1657064,9.628731465884357,17
1657076,9.74000199068703,12
1657084,9.850431056077394,8
1657091,9.903654136021544,7
1657093,9.971061604653444,2
1657100,9.857239827836128,7
1657110,9.7920560704763,10
1657123,9.787064260150824,13
1657128,9.915671859434537,5
1657140,9.768100801454716,12
1657149,9.846416299406178,9
1657156,9.874854383778993,7
1657168,9.752764900683202,12
1657173,9.92884138663937,5
1657175,9.971004184672482,2
1657179,9.936932280559011,4
1657192,9.720100211663347,13
1657195,9.949427396540473,3
1657200,9.916440263485512,5
1657209,9.834412282022779,9
1657210,10.0,1
1657211,10.0,1
1657219,9.743501119716147,8
1657231,9.726069731569094,12
1657235,9.929502240436744,4
1657248,9.723354935090484,13
1657259,9.804658517104196,11
1657266,9.871184015469373,7
1657276,9.80605849188744,10
1657285,9.8311231559825,9
1657288,9.953556661128738,3
1657294,9.895026794355397,6
1657308,9.675474145796146,14
1657315,9.858624432904069,7
1657318,9.957688438692234,3
1657329,9.757506046752367,11
1657341,9.752161365257791,12
1657350,9.827231554565746,9
1657368,9.660746595904236,18
1657381,9.735948859567014,13
1657386,9.920111384219272,5
1657394,9.870690483391211,8
1657402,9.855575075189325,8
1657403,9.99692790418889,1
1657418,9.681185852740885,15
1657430,9.7521529884017,12
1657446,9.683810710106256,16
1657447,10.0,1
1657463,9.636293221332785,16
1657471,9.856899700812544,8
1657479,9.846477048497237,8
1657485,9.889360467245627,6
1657498,9.689814940033457,13
1657499,10.0,1
1657503,9.946192291655132,4
1657515,9.747710822262345,12
1657528,9.695034488118011,13
1657539,9.762378287500374,11
1657548,9.729564053462335,9
1657558,9.805458805165305,10
1657566,9.837225343244983,8
1657569,9.955956049120381,3
1657578,9.812093098508162,9
1657586,9.83497298024647,8
1657601,9.494874244039835,15
1657609,9.847658931157765,8
1657617,9.836213747850689,8
1657626,9.81167715365507,9
1657636,9.796895942501077,10
1657647,9.778810702513761,11
1657666,9.547015325710635,19
1657670,9.93541020252428,4
1657677,9.851647094830033,7
1657684,9.858841219320258,7
1657698,9.671479766980536,14
1657703,9.92070600052785,5
1657712,9.80716528747145,9
1657731,9.582008031249142,19
1657738,9.872441256212264,7
1657750,9.721105588722564,12
1657764,9.648505878438629,14
1657777,9.72685240052294,13
1657782,9.91974138253383,5
1657793,9.743647302317946,11
1657807,9.721612135081186,14
1657815,9.856960992148633,8
1657818,9.951558571436934,3
1657822,9.946845183870794,4
1657838,9.614489212501937,16
1657850,9.756663299833386,12
1657857,9.890159393476575,7
1657866,9.806252614448004,9
1657879,9.711868535148696,13
1657893,9.737411831404431,14
1657905,9.73810502825774,12
1657910,9.901901571374514,5
1657928,9.607613515970762,18
1657940,9.776860247408433,12
1657950,9.79754541960855,10
1657964,9.718076829380133,14
1657966,9.972632351166677,2
1657979,9.715581784077164,13
1657989,9.756954910450183,10
1657996,9.886538476144489,7
1657997,10.0,1
1658008,9.757419888437152,11
1658020,9.718743021869454,12
1658031,9.754146599481764,11
1658043,9.736040274896364,12
1658048,9.92834945392351,5
1658057,9.78163171727964,9
1658066,9.81817619645379,9
1658067,9.99238419389282,1
1658074,9.88792661221379,7
1658075,9.992103007269055,1
1658081,9.885255268746507,6
1658089,9.824748353531412,8
1658099,9.773007255358763,10
1658104,9.925422191269252,5
1658113,9.846854661454872,9
1658125,9.73609142029119,12
1658130,9.903655853608115,5
1658139,9.822883817946249,9
1658145,9.913632851091846,6
1658165,9.58589434850994,20
1658172,9.865136381588451,7
1658178,9.892171083802824,6
1658188,9.806340290017156,10
1658199,9.808280391632952,11
1658206,9.867822323844168,7
1658224,9.620639389513755,18
1658229,9.900076282324434,5
1658232,9.953725541009325,3
1658246,9.686033091461308,14
1658251,9.924807871126257,5
1658265,9.686220108686722,14
1658274,9.819064222502789,9
1658279,9.909293086351367,5
1658280,9.995957147703908,1
1658291,9.814308238988252,11
1658300,9.807098193940277,9
1658311,9.780575204239879,11
1658317,9.896352322274597,6
1658323,9.881521250186685,6
1658340,9.605924979632828,17
1658341,10.0,1
1658359,9.473953480572035,18
1658373,9.6673122877969,14
1658380,9.87541045379852,7
1658390,9.786835468358229,10
1658391,10.0,1
1658404,9.748122220169218,13
1658414,9.79607457467737,10
1658423,9.814595671578276,9
1658426,9.94783914573707,3
1658437,9.76973006876213,11
1658447,9.793511289060886,10
1658454,9.897613756277947,7
1658459,9.917772894731039,5
1658470,9.709385815305218,11
1658471,10.0,1
1658480,9.809776847001524,9
1658500,9.49960643177003,20
1658516,9.628786279733895,16
1658527,9.793258077276517,11
1658528,10.0,1
1658546,9.624344708355519,18
1658556,9.794482988649973,10
1658558,9.971695177485874,2
1658572,9.702037390829469,14
1658575,9.951379203818918,3
1658576,10.0,1
1658600,9.263631585836242,24
1658612,9.737835096316559,12
1658618,9.884691639946835,6
1658619,10.0,1
1658627,9.860422668851207,8
1658638,9.78811252431298,11
1658649,9.765073356689294,11
1658650,10.0,1
1658654,9.949299458722246,4
1658659,9.916389105635432,5
1658669,9.785955756779213,10
1658674,9.91785066570883,5
1658681,9.855803981040209,7
1658692,9.764933215383493,11
1658704,9.722448778540747,12
1658715,9.755483406342751,11
1658719,9.939049613153388,4
1658721,9.98473382374371,2
1658729,9.859474005721452,8
1658730,10.0,1
1658740,9.690059582878808,10
1658755,9.682971036900062,15
1658759,9.930409792293196,4
1658775,9.632900656402498,16
1658791,9.648767817973322,16
1658806,9.684137203085092,15
1658810,9.928190119319769,4
1658827,9.641796761108656,17
1658832,9.92197028704074,5
1658844,9.74838431009804,12
1658856,9.726043881928092,12
1658867,9.794222506090154,11
1658879,9.819220235877287,12
1658901,9.463978312091747,22
1658910,9.824443758116502,9
1658926,9.66978433097681,16
1658938,9.752046156199333,12
1658957,9.576270070075129,19
1658973,9.643038176465241,16
1658991,9.678723624257936,18
1658994,9.96540263293292,3
1659022,9.455814374059553,28
1659036,9.678958328303533,14
1659052,9.629658048807453,16
1659062,9.807331998160064,10
1659073,9.785738280888259,11
1659077,9.923313727186269,4
1659091,9.684185800727748,14
1659092,10.0,1
1659099,9.881688132717306,7
1659100,9.989500177312319,1
1659105,9.919465181754868,5
1659108,9.955161714383584,3
1659122,9.647911050816493,14
1659136,9.746368266557743,14
1659140,9.941948835367194,4
1659152,9.752904003895122,12
1659160,9.840063457556719,8
1659161,10.0,1
1659169,9.871896737529532,8
1659187,9.590850560126533,18
1659193,9.88435854874817,6
1659198,9.928035218996179,5
1659215,9.605352501056693,17
1659232,9.65658432436182,17
1659249,9.642765282810565,17
1659263,9.686626057413896,14
1659276,9.70620997527001,13
1659307,9.193228767028273,31
1659327,9.5717706807718,20
1659339,9.756475026643379,12
1659348,9.803329246918157,9
1659355,9.850687154446216,7
1659365,9.808281135152033,10
1659379,9.704374792315393,14
1659389,9.802697656808999,10
1659400,9.760191029681424,11
1659410,9.790114071994038,10
1659437,9.318407753313727,27
1659451,9.700712285130406,14
1659460,9.836745470917215,9
1659465,9.930196582872162,5
1659470,9.908455287079134,5
1659475,9.928451345493727,5
1659488,9.727766858565102,13
1659504,9.691226026339306,16
1659511,9.865573298209567,7
1659522,9.78405287868815,11
1659550,9.508023598686977,28
1659563,9.719051039674993,13
1659566,9.954440706026032,3
1659570,9.93450523792612,4
1659575,9.908768908372435,5
1659590,9.71586116067729,15
1659599,9.81220662659142,9
1659600,9.992643430984506,1
1659613,9.752979621871205,13
1659623,9.794432449517341,10
1659624,10.0,1
1659633,9.837448431036023,9
1659639,9.904759507783295,6
1659656,9.599479849581387,17
1659664,9.837722154632585,8
1659669,9.909190389364387,5
1659673,9.934529357355839,4
1659689,9.65714735083818,16
1659706,9.680578036828432,17
1659719,9.696889063852362,13
1659734,9.647374061470199,15
1659744,9.810810130664603,10
1659758,9.701495355330792,14
1659780,9.496057942128735,22
1659798,9.659973929963837,18
1659849,9.049333822988327,51
1659860,9.79256779420153,11
1659865,9.91104818998512,5
1659875,9.790357244987824,10
1659876,9.996551170794511,1
1659883,9.855983560538336,7
1659901,9.619712044646013,18
1659902,10.0,1
1659918,9.696121029183605,16
1659922,9.948068886941707,4
1659935,9.739103916039673,13
1659947,9.746784059036266,12
1659948,10.0,1
1659965,9.61410798947926,17
1659976,9.793265715706363,11
1659983,9.864846368371987,7
1659984,9.996522734368543,1
1659995,9.798889743072623,11
1660005,9.809705940164697,10
1660014,9.824648948966113,9
1660021,9.884939685463555,7
1660032,9.764656030187432,11
1660037,9.89980616784513,5
1660051,9.671333177482778,14
1660057,9.914804811322588,6
1660060,9.959929343229538,3
1660067,9.890419688505832,7
1660077,9.774715331546425,10
1660090,9.53604242061538,13
1660096,9.878219524626838,6
1660102,9.881387755001137,6
1660112,9.786801428986216,10
1660138,9.48771055495054,26
1660161,9.553048372143728,23
1660167,9.905759086851932,6
1660198,8.528206007214282,31
1660203,9.911103597992984,5
1660210,9.86479428557381,7
1660216,9.889979116101912,6
1660222,9.9077535217283,6
1660223,10.0,1
1660224,10.0,1
1660232,9.812053556767523,8
1660250,9.428347534250545,18
1660265,9.74436363831177,15
1660272,9.88101097949187,7
1660273,9.996385939199389,1
1660279,9.90235194200814,6
1660280,10.0,1
1660284,9.925720718373912,4
1660300,9.648099581207408,16
1660309,9.806004999627994,9
1660312,9.94558137219051,3
1660320,9.861018015444355,8
1660332,9.765891775671603,12
1660336,9.945880888367409,4
1660340,9.93762589617703,4
1660349,9.827324727953807,9
1660363,9.765891177928243,14
1660370,9.868420693775704,7
1660384,9.723837479498686,14
1660385,10.0,1
1660389,9.935210354389211,4
1660390,10.0,1
1660391,10.0,1
1660401,9.787213056768177,10
1660402,9.992476393232451,1
1660412,9.82310905413494,10
1660417,9.913253080788078,5
1660427,9.779510311660976,10
1660438,9.77263500560571,11
1660443,9.91100072258313,5
1660456,9.724064839273915,13
1660469,9.761762705810149,13
1660483,9.729760808221862,14
1660491,9.840460969503395,8
1660496,9.926915457234488,5
1660503,9.883443574772459,7
1660510,9.850003823475737,7
1660516,9.88656939622407,6
1660526,9.736633596073636,10
1660536,9.831248132422875,10
1660544,9.844963249521525,8
1660557,9.704502339118074,13
1660569,9.81592375682209,12
1660583,9.724549000242979,14
1660602,9.557866189783336,19
1660620,9.6592742007754,18
1660629,9.816112862586785,9
1660643,9.72761681039401,14
1660650,9.889559824411355,7
1660658,9.851117022243399,8
1660666,9.838876902586861,8
1660670,9.94623784476925,4
1660682,9.777909768314887,12
1660698,9.27308933160676,16
1660715,9.581109788978742,17
1660734,9.596427463704297,19
1660738,9.93321986740041,4
1660755,9.691031357704992,17
1660774,9.463368843300238,19
1660793,9.616800623492427,19
1660804,9.78659940651759,11
1660807,9.962207870630257,3
1660823,9.643671164918374,16
1660897,-12.357568062740896,74
1660906,9.823577258236412,9
1660923,9.616123149892887,17
1660936,9.703811992750216,13
1660937,10.0,1
1660949,9.760221223637494,12
1660952,9.959003725018823,3
1660958,9.596171670349896,6
1660966,9.849368605005344,8
1660981,9.674366985364221,15
1660995,9.67922645463576,14
1661001,9.887081826074443,6
1661011,9.785154707789832,10
1661017,9.911387128786055,6
1661030,9.712772792317354,13
1661041,9.787888165006088,11
1661042,10.0,1
1661049,9.856264622829924,7
1661056,9.860688746212016,7
1661066,9.776452307893619,10
1661084,9.617597322704487,18
1661096,9.774257991933977,12
1661097,9.996585412704574,1
1661103,9.911358936077864,6
1661109,9.889973741771982,6
1661123,9.723666102699777,14
1661143,9.574975019813644,20
1661153,9.526802813610658,10
1661169,9.630354389377535,16
1661177,9.86621586251667,8
1661178,10.0,1
1661191,9.726447663122718,13
1661210,9.549885078077692,19
1661223,9.71516970720353,13
1661235,9.736298489464414,12
1661236,10.0,1
1661240,9.931303970473099,4
1661255,9.65121641892965,15
1661265,9.783717000388997,10
1661279,9.677991203648148,14
1661287,9.839144516169396,8
1661290,9.963336729468667,3
1661294,9.931750994475621,4
1661301,9.856991004954091,7
1661304,9.968593560942752,3
1661310,9.891580680149959,6
1661320,9.794949683734488,10
1661324,9.941073894428174,4
1661328,9.92405617619326,4
1661336,9.855327376671784,8
1661344,9.827293815955217,8
1661367,9.150735744081139,23
1661379,9.717651852713304,12
1661387,9.850383756921543,8
1661396,9.822294257856212,9
1661401,9.9149548020831,5
1661411,9.680108318936536,10
1661421,9.786965114229439,10
1661428,9.870720389758919,7
1661436,9.844329937634793,8
1661446,9.83038109463003,10
1661450,9.949744620798052,4
1661451,9.996784870047028,1
1661456,9.92944452862808,5
1661461,9.917252369328708,5
1661469,9.847394435142384,8
1661474,9.92409103880207,5
1661488,9.706831847395158,14
1661491,9.966772095930423,3
1661506,9.706286431205704,15
1661513,9.892823822435263,7
1661516,9.960207785842705,3
1661522,9.901884172593457,6
1661527,9.893397803755688,5
1661536,9.831390252267289,9
1661537,10.0,1
1661560,9.575523610856166,23
1661565,9.911736262242758,5
1661566,9.996484140934475,1
1661583,9.632833921174171,17
1661600,9.617836393237283,17
1661601,10.0,1
1661604,9.965495868842458,3
1661614,9.770740442889124,10
1661622,9.840829114511688,8
1661638,9.664490277404257,16
1661656,8.339398128563518,18
1661657,10.0,1
1661668,9.77753912989083,11
1661681,9.720623607536687,13
1661682,10.0,1
1661695,9.726574136826986,13
1661704,9.806742129715904,9
1661706,9.97804219532921,2
1661721,9.70133192698645,15
1661724,9.958081317435173,3
1661736,9.793986749905343,12
1661746,9.778859411456002,10
1661752,9.918762493702644,6
1661764,9.748634215682703,12
1661782,9.61543303613868,18
1661793,9.76675375087954,11
1661807,9.610659007635178,14
1661818,9.760773038454497,11
1661827,9.821982169567296,9
1661833,9.91332829971979,6
1661842,9.821967705050946,9
1661849,9.88461948225681,7
1661850,10.0,1
1661851,10.0,1
1661876,9.582370164647177,25
1661884,9.863040642230727,8
1661899,9.71542729626697,15
1661904,9.916327651077626,5
1661920,9.658216439656933,16
1661929,9.826378106158423,9
1661930,9.989731826072852,1
1661945,9.672276870597214,15
1661966,9.525387007663907,21
1661983,9.641704069839093,17
1661994,9.671034667641894,11
1662006,9.74027230139098,12
1662009,9.953365651915123,3
1662020,9.747436089458688,11
1662025,9.909934262869157,5
1662038,9.716288892572095,13
1662059,9.63011052641821,21
1662074,9.653263924412368,15
1662082,9.832945323828314,8
1662088,9.897693185715674,6
1662103,9.652650589965004,15
1662117,9.754906090662319,14
1662153,9.022834031519162,36
1662164,9.760208302043504,11
1662192,9.4263810403047,28
1662199,9.895041355226484,7
1662215,9.631265926073207,16
1662223,9.83320036433094,8
1662239,9.651023765046721,16
1662248,9.83564300811916,9
1662271,8.99990681712806,23
1662274,9.96135151957891,3
1662277,9.952612122237369,3
1662284,9.872794176911473,7
1662285,10.0,1
1662302,9.684420701217679,17
1662309,9.88396022514488,7
1662325,9.662522488361434,16
1662335,9.838043644337844,10
1662344,9.798662851807174,9
1662360,9.638765544896119,16
1662370,9.781869534315978,10
1662388,9.584972329286062,18
1662389,10.0,1
1662393,9.935637670684471,4
1662411,9.60887099785569,18
1662421,9.835435893797117,10
1662427,9.911497084761104,6
1662442,9.602767811714592,15
1662451,9.807797976213516,9
1662460,9.831688282003785,9
1662477,9.671446496681412,17
1662489,9.741726115378157,12
1662502,9.732489219354832,13
1662514,9.759329419872952,12
1662525,9.802833805716451,11
1662535,9.861083662672156,10
1662540,9.908306225436553,5
1662553,9.736851791117669,13
1662559,9.878376215014105,6
1662560,9.991079777671581,1
1662571,9.769789005057296,11
1662572,10.0,1
1662579,9.87830281968923,7
1662580,10.0,1
1662589,9.821165530431788,9
1662598,9.84483170098443,9
1662609,9.770172566603481,11
1662614,9.922934037879106,5
1662625,9.819034172758643,11
1662629,9.932532916498939,4
1662635,9.895725392271334,6
1662645,9.769093254342074,10
1662657,9.710533230733114,12
1662678,9.608311692695873,21
1662690,9.747679125961241,12
1662696,9.898560128157818,6
1662697,9.989966533846598,1
1662702,9.90682891246384,5
1662716,9.714177898027403,14
1662720,9.934230232190448,4
1662731,9.753698009484966,11
1662732,10.0,1
1662739,9.862008618863522,7
1662744,9.926266145215738,5
1662745,10.0,1
1662754,9.734119414451712,9
1662758,9.947643438637794,4
1662767,9.81529851062554,9
1662782,9.702474282611808,15
1662799,9.669561559633943,17
1662811,9.771751731574044,12
1662815,9.931866280497896,4
1662816,10.0,1
1662819,9.959043777429343,3
1662832,9.762070967780662,13
1662840,9.448310469909721,8
1662867,9.384925792825554,27
1662880,9.746025821870665,13
1662888,9.858315326029784,8
1662892,9.948880354144286,4
1662899,9.860016374481098,7
1662912,9.730133049816937,13
1662918,9.908252320335585,6
1662936,9.574299224716787,18
1662942,9.91243284884946,6
1662947,9.922269576254683,5
1662956,9.831421188736687,9
1662996,9.165487049082692,40
1663005,9.858475006894551,9
1663008,9.962854628597436,3
1663020,9.55825710496885,12
1663029,9.820654207300231,9
1663035,9.88405936418134,6
1663046,9.765879832369231,11
1663058,9.731916594605025,12
1663069,9.757828423795685,11
1663073,9.924106882420885,4
1663081,9.859127605288824,8
1663087,9.896836980465277,6
1663095,9.84590274176352,8
1663109,9.722836972985746,14
1663110,10.0,1
1663129,9.565027841886044,19
1663130,10.0,1
1663149,9.614956225942038,19
1663174,8.898110233174314,25
1663180,9.905301106712079,6
1663183,9.967445239600124,3
1663192,9.803081804167265,9
1663196,9.931345710220075,4
1663201,9.909472894107203,5
1663210,9.820675937192586,9
1663241,9.41094955244229,31
1663248,9.872043012330158,7
1663264,9.680167670486544,16
1663273,9.81347642429487,9
1663279,9.908824621249567,6
1663280,10.0,1
1663286,9.896378707261764,6
1663291,9.91397273818999,5
1663303,9.763213977858781,12
1663311,9.841415674928927,8
1663317,9.884737595957981,6
1663332,9.694863956528772,15
1663336,9.9406355030133,4
1663346,9.810407967644323,10
1663358,9.756259408219643,12
1663371,9.688046645463547,13
1663379,9.828086417068581,8
1663386,9.856208468418426,7
1663401,9.68765628598339,15
1663403,9.984659535580198,2
1663419,9.646179526963797,16
1663437,9.610177233733717,18
1663442,9.92628670023246,5
1663451,9.792985838686498,9
1663477,9.565326157373972,26
1663481,9.95236639018552,4
1663482,10.0,1
1663493,9.743736380124114,11
1663500,9.886389025319259,7
1663511,9.76274083363794,11
1663517,9.900194984297439,6
1663526,9.819924289487812,9
1663535,9.818494328288926,9
1663545,9.79657018461641,10
1663558,9.710959464854666,13
1663566,9.85244683630255,8
1663580,9.693831905949724,14
1663599,9.607421591118861,19
1663600,10.0,1
1663611,9.800398786986603,11
1663616,9.916622071126913,5
1663617,10.0,1
1663626,9.813375390471354,9
1663631,9.909218767750083,5
1663635,9.936541798426163,4
1663642,9.874998471051942,7
1663646,9.951660786175172,4
1663649,9.95509179285555,3
1663658,9.810197813358798,9
1663665,9.854591774451146,7
1663674,9.812971247114454,9
1663685,9.79790449611769,11
1663686,10.0,1
1663687,10.0,1
1663688,10.0,1
1663698,9.792840264046342,10
1663705,9.864021428249464,7
1663715,9.699470233499165,10
1663720,9.915079042026374,5
1663733,9.769002046091261,13
1663737,9.931711405403583,4
1663749,9.702211102824373,12
1663760,9.763213833838137,11
1663769,9.824831186194961,9
1663777,9.84250873998046,8
1663786,9.820731287283406,9
1663787,10.0,1
1663794,9.893278421576714,7
1663799,9.904639342577298,5
1663813,9.6722383280049,14
1663831,9.641639049620773,18
1663837,9.916846162248142,6
1663843,9.876289032070845,6
1663854,9.757952001596744,11
1663863,9.802284515122912,9
1663864,10.0,1
1663867,9.964775414783803,3
1663881,9.594422768070267,14
1663894,9.580110683175171,13
1663904,9.813591456974482,10
1663911,9.878026490111816,7
1663921,9.767027410232675,10
1663944,9.46284647807897,23
1663949,9.912685895126502,5
1663956,9.747513577625273,7
1663968,9.73395092671603,12
1663973,9.913158496531258,5
1663974,10.0,1
1663982,9.825354374844423,8
1663983,10.0,1
1663986,9.962864937012208,3
1664007,9.521645909578277,21
1664010,9.95666802569533,3
1664033,9.402119190496201,23
1664048,9.691135253672101,15
1664062,9.713543165717162,14
1664069,9.892125212948661,7
1664070,10.0,1
1664075,9.932580949486777,5
1664080,9.913834023668862,5
1664096,9.66116447122648,16
1664111,9.634813119017322,15
1664124,9.704061353894337,13
1664135,9.787149777536111,11
1664136,10.0,1
1664148,9.76960532235063,12
1664163,9.677922704597842,15
1664164,9.996594816134975,1
1664173,9.83634595144268,9
1664177,9.928408650339739,4
1664187,9.818784792490836,10
1664197,9.803316705153007,10
1664208,9.792454724628097,11
1664214,9.902438447105057,6
1664223,9.810321353409252,9
1664224,9.996418574674786,1
1664239,9.661513293044555,15
1664252,9.74986543445504,13
1664264,9.749203828909147,12
1664287,9.603486244158098,23
1664288,10.0,1
1664297,9.824928603148628,9
1664308,9.645834132925387,11
1664322,9.709077203287018,14
1664333,9.781608056068022,11
1664345,9.757969616091017,12
1664362,9.68702376694551,17
1664368,9.91261015562769,6
1664375,9.858578526883209,7
1664383,9.845062637355545,8
1664389,9.898676489590184,6
1664395,9.882426058472154,6
1664398,9.950035426163035,3
1664399,10.0,1
1664411,9.7337974550736,12
1664419,9.859461744231364,8
1664423,9.94640163603537,4
1664432,9.806500331382574,9
1664454,9.51941839714791,22
1664462,9.860017783753019,8
1664473,9.770078201488728,11
1664487,9.696365967169742,14
1664500,9.748214921245925,13
1664516,9.698780154558728,16
1664525,9.847037407193978,9
1664532,9.844176038763235,7
1664540,9.84474580627969,8
1664553,9.774711070725026,13
1664562,9.810316847745403,9
1664564,9.971281778941131,2
1664575,9.756771135105712,11
1664589,9.623002002629269,14
1664598,9.827490849813971,9
1664599,10.0,1
1664609,9.775267552927058,10
1664615,9.90283939906535,6
1664633,9.587487193642009,18
1664640,9.871729381926121,7
1664650,9.780224692998665,10
1664664,9.57679172202304,14
1664682,9.634838227548608,18
1664715,9.316096387833838,33
1664729,9.677751145674067,14
1664742,9.730930621785248,13
1664743,9.989065531850628,1
1664765,8.738736062282957,22
1664770,9.92763166686129,5
1664775,9.907681770948408,5
1664789,9.693613065892542,14
1664796,9.874883904926483,7
1664806,9.81240437782152,10
1664814,9.850326415467151,8
1664824,9.800132222996565,10
1664836,9.775832671167745,12
1664837,10.0,1
1664848,9.771834460609536,11
1664859,9.769805268395547,11
1664866,9.890151105681097,7
1664871,9.916416671963079,5
1664872,10.0,1
1664882,9.814519092842907,10
1664883,10.0,1
1664893,9.816191640856388,10
1664909,9.684171625353871,16
1664916,9.88513329913261,7
1664926,9.790270510016976,10
1664941,9.669411630812759,15
1664949,9.861004865652403,8
1664963,9.717625265218215,14
1664974,9.755715759575548,11
1664977,9.968924644980433,3
1664985,9.872320128693898,8
1665000,9.693814160714327,15
1665006,9.889320942775926,6
1665017,9.751871396249268,11
1665026,9.807591120078829,9
1665033,9.87442546606534,7
1665040,9.875601691576184,7
1665048,9.86644966119737,8
1665049,10.0,1
1665059,9.81172858816645,10
1665067,9.841786618409039,8
1665083,9.647864164989732,16
1665093,9.80105529643057,10
1665106,9.723242843960323,13
1665121,9.711542150250908,15
1665130,9.850312694082021,9
1665136,9.880133899309905,6
1665144,9.863226028548473,8
1665157,9.767303937047696,13
1665166,9.797719843639529,9
1665182,9.672494559361416,16
1665183,10.0,1
1665189,9.889430594476439,6
1665190,10.0,1
1665208,9.61421308038363,18
1665215,9.860067124348204,7
1665217,9.969808676438781,2
1665225,9.890732910687673,8
1665243,9.61934524537303,18
1665248,9.932715313280212,5
1665252,9.93361078843433,4
1665264,9.793562182421889,12
1665295,9.408486882077426,31
1665307,9.742730328646694,12
1665317,9.79779668097227,10
1665327,9.804695195895652,10
1665341,9.695730758875056,14
1665342,9.996433835195287,1
1665346,9.940538075863197,4
1665355,9.824629363094019,9
1665371,9.611223709897352,16
1665375,9.940580055413317,4
1665395,9.342209321222374,20
1665407,9.754954550320093,12
1665408,10.0,1
1665419,9.761467680045136,11
1665428,9.8002017147173,9
1665436,9.829947483365475,8
1665447,9.76602360749986,11
1665448,10.0,1
1665459,9.734028234922466,11
1665471,9.74531062948062,12
1665479,9.84533435660887,8
1665482,9.949609965070875,3
1665490,9.86477209394817,8
1665496,9.898835050936773,6
1665515,9.575145724647298,19
1665521,9.895097755244107,6
1665535,9.676266130669337,14
1665547,9.649995319717526,12
1665562,9.239473290118648,15
1665576,9.691359541526104,14
1665581,9.90423172286763,5
1665590,9.796310321809976,9
1665614,9.47193664968171,24
1665633,9.545043773068645,19
1665643,9.838098368863719,10
1665666,9.519111158866133,23
1665670,9.947733000263463,4
1665675,9.910539991860508,5
1665676,10.0,1
1665679,9.961312532104754,3
1665694,9.7114006188862,15
1665706,9.76787881026649,12
1665718,9.77674376537906,12
1665729,9.68067389021064,11
1665742,9.778210657047174,13
1665746,9.94046338655631,4
1665752,9.907708072709035,6
1665756,9.939303956591987,4
1665757,10.0,1
1665759,9.969302380789161,2
1665778,9.509411398407234,19
1665792,9.67740874960448,14
1665807,9.684038535782486,15
1665812,9.9161760082099,5
1665819,9.877185877754636,7
1665823,9.947492547108357,4
1665832,9.80901850538857,9
1665833,10.0,1
1665835,9.975482267157112,2
1665844,9.811123198365955,9
1665850,9.88617805208752,6
1665858,9.879917468050346,8
1665866,9.827429003763681,8
1665869,9.95323649880009,3
1665880,9.794590956763834,11
1665899,9.569954843754475,19
1665918,9.538328609347511,19
1665961,8.860006187897163,43
1665972,9.812874278530895,11
1665975,9.962618157826332,3
1665979,9.945615784120344,4
1665987,9.876736098438714,8
1665997,9.7949505914271,10
1666007,9.779346844644781,10
1666020,9.698527546194791,13
1666033,9.679735124949921,13
1666042,9.803357540921864,9
1666054,9.734730382952062,12
1666060,9.899901281430866,6
1666065,9.917115234317167,5
1666080,9.685460009731111,15
1666096,9.61953076240517,16
1666111,9.445930240295437,15
1666119,9.863042758395164,8
1666125,9.89971052639949,6
1666140,9.692527129228575,15
1666153,9.726006186192148,13
1666166,9.742860966633994,13
1666178,9.71085098243649,12
1666187,9.808887850505744,9
1666191,9.93605585227137,4
1666195,9.940317451914709,4
1666209,9.703321956939984,14
1666220,9.807728640543194,11
1666235,9.68165627117606,15
1666239,9.93959968277778,4
1666247,9.838505577754782,8
1666248,10.0,1
1666258,9.8111015332938,10
1666269,9.75510367413604,11
1666270,10.0,1
1666287,9.624451121903785,17
1666298,9.806952068619031,11
1666318,9.528893527745685,20
1666319,10.0,1
1666329,9.791617552578495,10
1666347,9.51433094002642,18
1666350,9.958823767945555,3
1666362,9.758239155172108,12
1666374,9.754352169392233,12
1666384,9.77819222103435,10
1666395,9.738903003520843,11
1666407,9.7717201602283,12
1666416,9.808123792446107,9
1666422,9.911678012104707,6
1666425,9.965624168193155,3
1666436,9.8168766998601,11
1666448,9.78326853586833,12
1666453,9.926301366778652,5
1666465,9.432928406018634,12
1666470,9.907245165981005,5
1666478,9.84674028075155,8
1666494,9.629394371232403,16
1666499,9.922094191414413,5
1666503,9.943319539945577,4
1666508,9.930932191691513,5
1666509,10.0,1
1666515,9.907160553357683,6
1666527,9.73559947840438,12
1666532,9.911812818145302,5
1666541,9.829557395819947,9
1666545,9.93660127327323,4
1666579,9.22944357306773,34
1666589,9.676997158514334,10
1666596,9.873160659238849,7
1666610,9.665648459249834,14
1666622,9.749123071964924,12
1666627,9.925830953122643,5
1666639,9.744116158418116,12
1666649,9.800834875653738,10
1666659,9.812534989736573,10
1666668,9.827174778709736,9
1666686,9.576617376129525,18
1666695,9.849997528031782,9
1666708,9.707494364245429,13
1666731,9.526783350123914,23
1666744,9.699907638621463,13
1666747,9.756692187069351,3
1666751,9.944484268420394,4
1666765,9.699453755830945,14
1666771,9.908438554832546,6
1666807,9.133597122497754,36
1666816,9.821402754401646,9
1666817,10.0,1
1666822,9.914702810533212,5
1666825,9.968631157109133,3
1666842,9.62585385620541,17
1666858,9.716251677915343,16
1666871,9.724874337237404,13
1666895,9.443855350359241,24
1666909,9.709766565211869,14
1666919,9.837750792698518,10
1666923,9.940217462223186,4
1666931,9.850692976727382,8
1666946,9.66277578664567,15
1666954,9.859264814720886,8
1666962,9.873749854873633,8
1666965,9.95768200610535,3
1666966,10.0,1
1666973,9.853818329594539,7
1666981,9.846138678298363,8
1666987,9.897538634650681,6
1666992,9.917777694133921,5
1666995,9.94771714314094,3
1667011,9.689230865895777,16
1667024,9.724341736925243,13
1667035,9.7656792355374,11
1667049,9.68970425274955,14
1667061,9.72362291114208,12
1667071,9.83110721828013,10
1667084,9.726603325092876,13
1667095,9.787861693082728,11
1667106,9.786679211878916,11
1667120,9.665920766342822,14
1667134,9.589064879427031,14
1667135,10.0,1
1667139,9.946576750483304,4
1667141,9.968749174760175,2
1667153,9.755502534816383,12
1667176,9.577734498756277,23
1667183,9.89113078251151,7
1667190,9.859740778731021,7
1667201,9.752535007137121,11
1667214,9.721741676822157,13
1667224,9.801374190186928,10
1667238,9.667517817143313,14
1667242,9.929074982322506,4
1667252,9.802097347779114,10
1667262,9.784672077437905,10
1667275,9.697597315214983,13
1667276,10.0,1
1667280,9.926500497874015,4
1667288,9.849119885962203,8
1667300,9.758215006537093,12
1667312,9.714137523493077,12
1667321,9.792473121715343,9
1667327,9.891039470887453,6
1667338,9.74884103169636,11
1667351,9.769215373928148,13
1667357,9.89922852125973,6
1667372,9.660785646597141,15
1667377,9.929086466343923,5
1667388,9.817438567160728,11
1667390,9.967813715867978,2
1667391,10.0,1
1667393,9.976855031067316,2
1667401,9.841014632254911,8
1667421,9.446295557142259,20
1667433,9.790565215670847,12
1667444,9.771006548124248,11
1667454,9.767292058810773,10
1667460,9.69368857948766,6
1667461,10.0,1
1667476,9.646817845573679,15
1667496,9.557217636118127,20
1667502,9.884710037642119,6
1667503,10.0,1
1667516,9.502946124551483,13
1667523,9.851463409468431,7
1667533,9.791671987781896,10
1667543,9.79215679185315,10
1667550,9.88954793979624,7
1667551,10.0,1
1667558,9.760422061758371,7
1667559,10.0,1
1667571,9.773812814118251,12
1667574,9.964348764595504,3
1667584,9.791584387180585,10
1667611,9.422455016084921,27
1667616,9.917498128261137,5
1667617,10.0,1
1667621,9.925249893516893,4
1667631,9.783270327001754,10
1667645,9.679856055703667,14
1667660,9.664162072839012,15
1667661,10.0,1
1667668,9.857268430593257,7
1667679,9.77184723839574,11
1667694,9.663957633716104,15
1667708,9.65051831114952,14
1667715,9.844453167755038,7
1667721,9.887578888367758,6
1667730,9.806760827121769,9
1667756,9.289259742377972,26
1667769,9.713281439690151,13
1667780,9.77316047660041,11
1667786,9.879200899055643,6
1667794,9.821176426654649,8
1667806,9.70774435844341,12
1667815,9.81575035345677,9
1667830,9.670958125868038,15
1667833,9.961250395290387,3
1667843,9.808005473048599,10
1667851,9.88568885036761,8
1667862,9.80917639920501,11
1667873,9.776333373901227,11
1667877,9.940426172153758,4
1667889,9.756929132453196,12
1667894,9.91251304843009,5
1667903,9.800417426190405,9
1667917,9.69253282807331,14
1667932,9.693121130721304,15
1667944,9.780760256261868,12
1667963,9.524592004843115,19
1667977,9.673252377621404,14
1667992,9.644934918680615,15
1668003,9.790656364089626,11
1668010,9.899256122674648,7
1668016,9.90417015514243,6
1668026,9.795974030915854,10
1668037,9.794387533710356,11
1668045,9.866508816835214,8
1668058,9.72327841910701,13
1668079,9.579453280072821,21
1668093,9.676674834160096,14
1668100,9.868285003033344,7
1668103,9.958749806237956,3
1668104,10.0,1
1668110,9.89318691195287,6
1668119,9.854571218508614,9
1668135,9.636011198481036,16
1668143,9.872920971942388,8
1668160,9.326593928368561,17
1668180,9.396098814792415,20
1668181,10.0,1
1668193,9.753044512491842,12
1668206,9.724115126442449,13
1668221,9.696059332608854,15
1668233,9.669621755211065,12
1668237,9.937350065276288,4
1668251,9.716480455639537,14
1668264,9.752021201295861,13
1668273,9.834724096118398,9
1668279,9.889260538312898,6
1668280,10.0,1
1668286,9.88992628473275,6
1668295,9.864638686397926,9
1668310,9.660651493855477,15
1668323,9.718195057498873,13
1668324,9.993020069769845,1
1668334,9.782404802878403,10
1668344,9.785014617312825,10
1668370,9.476990505202503,26
1668384,9.734724331327369,14
1668393,9.809500797730466,9
1668397,9.932211371057317,4
1668414,9.625526261056322,17
1668640,-79.40059581001502,226
1668718,6.656454935792003,78
1668724,9.89714602841618,6
1668729,9.907926116373124,5
1668737,9.860717909189018,8
1668754,9.66002395384785,17
1668762,9.860801454151558,8
1668769,9.880232855452642,7
1668774,9.927943204239496,5
1668785,9.761302227166443,11
1668801,9.622652646427673,16
1668802,10.0,1
1668808,9.915104382490272,6
1668822,9.753809446214904,14
1668837,9.733547406671567,15
1668840,9.957073092999407,3
1668849,9.805062323119998,9
1668856,9.866309494095088,7
1668868,9.743599664450478,12
1668885,9.582835359691286,17
1668892,9.881234553910174,7
1668899,9.885918973185749,7
1668904,9.928499845237,5
1668919,9.6360327460133,15
1668924,9.911922921976599,5
1668926,9.974007739619614,2
1668927,10.0,1
1668944,9.652737925583608,17
1668956,9.748555889696501,12
1668969,9.694065252261094,13
1668978,9.806388306892709,9
1668985,9.893468761359077,7
1669000,9.68225611959226,15
1669004,9.928901894790858,4
1669015,9.78916055719879,11
1669024,9.835466535001167,9
1669032,9.85067689559001,8
1669044,9.756628667653587,12
1669052,9.857793366545629,8
1669060,9.854179984839012,8
1669072,9.719364559293805,12
1669078,9.877167606920734,6
1669084,9.900474525442915,6
1669104,9.546718371234185,20
1669114,9.797781069766796,10
1669116,9.97980766865937,2
1669121,9.935552998579523,5
1669136,9.637167846096524,15
1669146,9.803842368412178,10
1669151,9.907314530625685,5
1669158,9.864936801381774,7
1669167,9.819864732499294,9
1669168,10.0,1
1669188,9.523717507950703,20
1669199,9.771690922372548,11
1669205,9.901207453418854,6
1669214,9.837924938949781,9
1669215,10.0,1
1669231,9.630166862888077,16
1669238,9.879476607172725,7
1669242,9.950045842114722,4
1669248,9.894019899270686,6
1669262,9.724362531589168,14
1669279,9.486657118218906,17
1669281,9.974653120898681,2
1669292,9.73036164617891,11
1669310,9.63854348748558,18
1669315,9.920579205952968,5
1669323,9.850883878955807,8
1669324,10.0,1
1669338,9.65340436865084,14
1669344,9.886378248411631,6
1669354,9.777701864360449,10
1669360,9.87488293817318,6
1669370,9.825629467165408,10
1669372,9.974990410536202,2
1669381,9.806631494601412,9
1669394,9.757811396974537,13
1669401,9.85307435291609,7
1669409,9.841573438502333,8
1669422,9.780592347243106,13
1669423,10.0,1
1669425,9.978501976385854,2
1669438,9.74747169528915,13
1669442,9.937189336885682,4
1669450,9.833947732849893,8
1669460,9.805434259635625,10
1669461,10.0,1
1669465,9.928508023746618,4
1669482,9.63056607728233,17
1669486,9.740031372042328,4
1669496,9.816361944125045,10
1669506,9.775260757677408,10
1669513,9.874243791030967,7
1669521,9.830031351457292,8
1669528,9.866036397740952,7
1669540,9.777012173540477,12
1669552,9.73200682092267,12
1669557,9.912166692929407,5
1669568,9.750930476670648,11
1669571,9.963492037800291,3
1669572,10.0,1
1669575,9.964047444031541,3
1669586,9.779060554229282,11
1669598,9.73606862336534,12
1669604,9.913462677557073,6
1669615,9.799351461837418,11
1669625,9.796354166097762,10
1669632,9.869216395166129,7
1669655,9.438930903257326,23
1669660,9.938856080886422,5
1669678,9.597329095315077,18
1669687,9.839020581699867,9
1669707,9.580481274035796,20
1669728,9.540836889861465,21
1669738,9.786036135019897,10
1669751,9.724574628089002,13
1669752,9.989687892031272,1
1669776,9.502613177094071,24
1669794,9.58464224842484,18
1669795,10.0,1
1669804,9.803078427638493,9
1669814,9.806268089104872,10
1669822,9.85527967441262,8
1669823,10.0,1
1669832,9.849606422626627,9
1669837,9.906365061167083,5
1669844,9.877795087114858,7
1669857,9.723013384741861,13
1669863,9.889527498654545,6
1669866,9.952773344866916,3
1669873,9.874187124491282,7
1669884,9.766244542210089,11
1669885,10.0,1
1669888,9.956914275400832,3
1669899,9.778409910155592,11
1669912,9.69690956410212,13
1669916,9.938330748178588,4
1669925,9.821725140139035,9
1669937,9.516570960896624,12
1669938,10.0,1
1669949,9.793377303793102,11
1669953,9.949404366835557,4
1669963,9.78911222207991,10
1669978,9.63044792269678,15
1669979,10.0,1
1669980,10.0,1
1669994,9.67574778494528,14
1670003,9.811447833445124,9
1670006,9.9596326466338,3
1670018,9.731183086882629,12
1670034,9.453490199881196,16
1670038,9.948328959505163,4
1670044,9.902319124153948,6
1670053,9.817891384008188,9
1670067,9.725027092201026,14
1670068,10.0,1
1670080,9.730510588675214,12
1670085,9.921199631898935,5
1670095,9.840851157516727,10
1670126,9.22362246503407,31
1670127,10.0,1
1670131,9.952923880264246,4
1670145,9.677049721319595,14
1670158,9.710873892835398,13
1670164,9.909016143380265,6
1670175,9.790368689903614,11
1670184,9.83550160430599,9
1670197,9.778100598436668,13
1670207,9.79133066018828,10
1670209,9.776616063955508,2
1670225,9.649085126357775,16
1670241,9.67151784047733,16
1670249,9.874566654309577,8
1670253,9.940826645049274,4
1670269,9.63748668073935,16
1670279,9.788313539609433,10
1670285,9.87513177661316,6
1670298,9.748016703242937,13
1670299,10.0,1
1670308,9.822244298241099,9
1670318,9.783103145953515,10
1670330,9.717392396247181,12
1670331,10.0,1
1670347,9.610531719373045,16
1670361,9.751434303751424,14
1670376,9.646109690627606,15
1670390,9.708317760002677,14
1670398,9.859542017106053,8
1670410,9.632146628966735,12
1670431,9.490868643172819,21
1670441,9.791932452968922,10
1670454,9.698941768764971,13
1670462,9.840076856551079,8
1670472,9.804095384128754,10
1670481,9.80416869021733,9
1670482,10.0,1
1670491,9.796367967758636,9
1670495,9.941401981514296,4
1670508,9.74926505580717,13
1670512,9.941535337732804,4
1670513,9.992745740523711,1
1670514,10.0,1
1670517,9.949732486617409,3
1670530,9.689722617836475,13
1670538,9.856087987649824,8
1670545,9.865549746510636,7
1670546,9.992060002373819,1
1670574,8.973760519399196,28
1670580,9.889018332593215,6
1670581,10.0,1
1670591,9.803970030116323,10
1670596,9.934622109934018,5
1670607,9.748705435089903,11
1670613,9.90478964571236,6
1670618,9.910210104780242,5
1670629,9.80390272170454,11
1670630,10.0,1
1670652,9.512940280070351,22
1670667,9.69627403599274,15
1670675,9.862895794141867,8
1670679,9.94466284408176,4
1670683,9.924656885034285,4
1670694,9.766802152350444,11
1670700,9.900049392651388,6
1670704,9.944235968818802,4
1670719,9.658110721210857,15
1670733,9.670507613644537,14
1670741,9.85295585977703,8
1670742,10.0,1
1670749,9.873031558826689,7
1670765,9.727471940924351,16
1670768,9.959843911188,3
1670781,9.70690377296252,13
1670785,9.931033523117502,4
1670800,9.658189657684275,15
1670801,9.99669040723912,1
1670817,9.621019462680662,16
1670822,9.810454983869569,5
1670840,9.65681583853917,18
1670859,9.551391480057335,19
1670882,9.493303253007577,23
1670893,9.776113030465886,11
1670898,9.924112572873868,5
1670905,9.77492274650355,7
1670915,9.807109812474755,10
1670925,9.819882606791674,10
1670936,9.790479577565524,11
1670946,9.833543026811245,10
1670951,9.929343849195936,5
1670955,9.94480250216256,4
1670969,9.751482474163245,14
1670980,9.781402840752577,11
1670993,9.701891551844763,13
1671006,9.714584125731434,13
1671010,9.94279537365711,4
1671026,9.696351594782973,16
1671035,9.546185882796788,9
1671041,9.9225751341978,6
1671298,1.013395293852728,257
1671299,9.993151723623473,1
1671300,10.0,1
1671307,9.880328538513085,7
1671330,7.040314275782861,23
1671339,9.533661241484449,9
1671350,9.773294288998699,11
1671360,9.776364940169536,10
1671368,9.833854233201993,8
1671382,9.704401951331416,14
1671387,9.924052508427842,5
1671424,9.253797256255682,37
1671426,9.9785448941823,2
1671430,9.941850711357135,4
1671441,9.751671847320612,11
1671451,9.796990442843898,10
1671452,10.0,1
1671467,9.24218142853753,15
1671471,9.928695395751255,4
1671477,9.888796803787537,6
1671486,9.821687423632449,9
1671493,9.857681881331986,7
1671496,9.953091310107835,3
1671507,9.794256148846797,11
1671515,9.858022070927385,8
1671522,9.867920896205279,7
1671527,9.896351110943028,5
1671530,9.962212091365732,3
1671531,10.0,1
1671548,9.407466670012933,17
1671560,9.788976072277812,12
1671567,9.784897652114804,7
1671568,10.0,1
1671585,9.644082753280667,17
1671598,9.701341267285775,13
1671601,9.953659844362358,3
1671610,9.837299696138537,9
1671615,9.929825873723853,5
1671620,9.91887461690146,5
1671628,9.846536431621727,8
1671636,9.817885085614467,8
1671648,9.774876158305416,12
1671649,10.0,1
1671657,9.86258070640447,8
1671666,9.831019745144639,9
1671671,9.920849420364576,5
1671680,9.814981282351658,9
1671687,9.868111461682275,7
1671702,9.731796916356847,15
1671709,9.870428101277662,7
1671710,10.0,1
1671716,9.904583158347458,6
1671725,9.852763921135171,9
1671726,10.0,1
1671738,9.78662297685863,12
1671745,9.873711171983508,7
1671754,9.827855437359421,9
1671760,9.883892359382799,6
1671778,9.61352104345372,18
1671784,9.905291741220802,6
1671785,10.0,1
1671798,9.717886793517227,13
1671810,9.729806681095704,12
1671825,9.704468180821388,15
1671833,9.85148673420091,8
1671851,9.565950878477851,18
1671872,9.621782702949105,21
1671873,10.0,1
1671878,9.918077843329323,5
1671900,9.507945801945107,22
1671910,9.839738074965787,10
1671925,9.679052007666908,15
1671926,9.993142218050636,1
1671940,9.730511489071496,14
1671947,9.893341526236174,7
1671959,9.767095957487449,12
1671971,9.760834948596704,12
1671972,10.0,1
1671980,9.865347702381243,8
1671991,9.76534254761676,11
1671992,10.0,1
1671999,9.886453112303872,7
1672009,9.797110992841512,10
1672015,9.891164428453676,6
1672016,10.0,1
1672026,9.795130907850526,10
1672027,10.0,1
1672028,10.0,1
1672042,9.71225241888756,14
1672056,9.747628209745418,14
1672063,9.870293960301977,7
1672075,9.799650101758463,12
1672082,9.848207402642904,7
1672083,10.0,1
1672093,9.78776633805518,10
1672094,10.0,1
1672095,10.0,1
1672103,9.853704751122805,8
1672111,9.84232669941172,8
1672133,9.443255915071031,22
1672142,9.79984977975421,9
1672150,9.840523184302945,8
1672151,10.0,1
1672152,10.0,1
1672159,9.88597914209472,7
1672170,9.748893934711397,11
1672171,10.0,1
1672175,9.936256712132055,4
1672176,10.0,1
1672177,10.0,1
1672183,9.89669209915221,6
1672194,9.805872303104161,11
1672213,9.425448145614114,19
1672219,9.911067257926366,6
1672228,9.797640874469499,9
1672233,9.90638615560722,5
1672238,9.91423538162456,5
1672254,9.654034403331027,16
1672259,9.937660304412232,5
1672260,9.987073096204576,1
1672272,9.649416592851498,12
1672286,9.732965765001689,14
1672292,9.896196405959305,6
1672298,9.881795545699573,6
1672310,9.71658598781565,12
1672319,9.787864906267153,9
1672333,9.721340249678121,14
1672335,9.966281279456807,2
1672353,9.579298370116707,18
1672365,9.755164224984211,12
1672377,9.758984759286173,12
1672378,10.0,1
1672407,9.37741107538927,29
1672409,9.978294335308531,2
1672413,9.943391283213751,4
1672432,9.627274425175031,19
1672438,9.883712509597434,6
1672449,9.758377610402139,11
1672457,9.851438732146995,8
1672471,9.731408722748425,14
1672487,9.631230155058514,16
1672508,9.583707454553025,21
1672521,9.719510162241273,13
1672524,9.958886528487577,3
1672527,9.946228716096682,3
1672540,9.745744026906097,13
1672547,9.864973641553757,7
1672562,9.701088598464063,15
1672569,9.87795668703496,7
1672583,9.72275598408157,14
1672594,9.769817010705468,11
1672597,9.952133967346564,3
1672610,9.721433030664565,13
1672620,9.815658648638516,10
1672628,9.854881328731556,8
1672640,9.750681664016017,12
1672644,9.925142978470017,4
1672650,9.881973035401728,6
1672659,9.79113848727958,9
1672676,9.633842980672146,17
1672685,9.816063166869426,9
1672686,10.0,1
1672697,9.765789775128654,11
1672706,9.830680380104099,9
1672723,9.497316535226444,17
1672730,9.8762168839637,7
1672736,9.895258415552894,6
1672755,9.614006244607365,19
1672795,8.882805867559245,40
1672805,9.815790942592638,10
1672815,9.77260812143798,10
1672827,9.751362846001195,12
1672828,10.0,1
1672841,9.733225180104474,13
1672846,9.922208048248876,5
1672858,9.774385274962318,12
1672859,9.995896226326902,1
1672866,9.8665069952767,7
1672867,10.0,1
1672881,9.677833108559561,14
1672893,9.731278429565346,12
1672903,9.827596826595643,10
1672917,9.687208986731212,14
1672931,9.660918498613983,14
1672934,9.94760292472279,3
1672936,9.98164457838681,2
1672951,9.71682129658176,15
1672952,10.0,1
1672953,9.996207638000195,1
1672962,9.824518363719157,9
1672967,9.921550137308778,5
1672980,9.71169168261126,13
1672989,9.84095464651444,9
1673004,9.65018926259031,15
1673012,9.854644432040123,8
1673020,9.836646761559988,8
1673033,9.694948704743288,13
1673034,9.99674057041757,1
1673037,9.948100764925453,3
1673048,9.765366611596557,11
1673052,9.94699752442501,4
1673062,9.781650424011241,10
1673066,9.938662118217822,4
1673067,9.996219068334534,1
1673068,10.0,1
1673074,9.902417182927605,6
1673079,9.90643281457913,5
1673086,9.882052863635131,7
1673093,9.86114328235102,7
1673102,9.806578879715477,9
1673105,9.95114372671778,3
1673123,9.584951044464534,18
1673132,9.65230891254088,9
1673145,9.69058148559421,13
1673146,10.0,1
1673153,9.88223525792781,7
1673165,9.746327317875679,12
1673177,9.780793932154888,12
1673189,9.71849918096306,12
1673200,9.794810549514748,11
1673206,9.892407146566853,6
1673219,9.734734992207326,13
1673227,9.829731954321511,8
1673238,9.746322321015246,11
1673240,9.971947953066133,2
1673256,9.618106417747843,16
1673270,9.703117914704366,14
1673276,9.905073167114782,6
1673283,9.857049426052022,7
1673289,9.901420991606157,6
1673304,9.678847969549155,15
1673314,9.779922963891055,10
1673319,9.923070994317136,5
1673322,9.955683367986703,3
1673327,9.92221164505341,5
1673338,9.812922826544646,11
1673350,9.810308819421348,12
1673351,10.0,1
1673354,9.950432621235272,3
1673363,9.818498468393747,9
1673375,9.740465789283236,12
1673388,9.758905897916069,13
1673394,9.91454194805616,6
1673395,9.996822448449963,1
1673408,9.725208835564644,13
1673419,9.774974684405127,11
1673429,9.789795865834643,10
1673437,9.857213486525678,8
1673445,9.842433868974506,8
1673450,9.91513585560737,5
1673457,9.88885880477443,7
1673465,9.856875593248343,8
1673474,9.79485710170101,9
1673488,9.668551039868808,14
1673494,9.895484928324041,6
1673508,9.674751861822989,14
1673527,9.562494138746889,19
1673539,9.734596659758486,12
1673547,9.834897190635843,8
1673548,9.996621687785874,1
1673559,9.782510358039328,11
1673570,9.776695901781608,11
1673583,9.719060787114747,13
1673594,9.77909946551841,11
1673607,9.684375355547436,13
1673609,9.975208764911454,2
1673627,9.633953760591762,18
1673628,10.0,1
1673635,9.872815233610774,7
1673639,9.935921235777867,4
1673658,9.603611253425687,19
1673667,9.819863595694613,9
1673675,9.828318225264903,8
1673685,9.800724507683624,10
1673693,9.869033503184358,8
1673700,9.868960785899374,7
1673706,9.902605786314144,6
1673707,10.0,1
1673725,9.599716361707193,18
1673729,9.946905129423522,4
1673730,10.0,1
1673740,9.793819622994896,10
1673755,9.698313173519779,15
1673761,9.896980881012245,6
1673769,9.851596413772937,8
1673772,9.963139058041705,3
1673795,9.497800634676482,23
1673803,9.816674726980368,8
1673812,9.81284517402947,9
1673821,9.852885504618527,9
1673833,9.744093108722666,12
1673840,9.861165297430246,7
1673849,9.828013582725623,9
1673852,9.967536768385024,3
1673869,9.591222556990475,17
1673888,9.611296118389332,19
1673903,9.646134926384793,15
1673924,9.610580635332887,21
1673935,9.764475022074867,11
1673943,9.863082346056116,8
1673959,9.681033351160142,16
1673964,9.921399381722846,5
1673970,9.914395584188387,6
1673981,9.80139925548059,11
1673998,6.996976332977058,17
1674006,9.839642222364962,8
1674007,10.0,1
1674012,9.90386987397049,5
1674025,9.710175851522447,13
1674026,10.0,1
1674044,9.610400607019583,18
1674049,9.903359830511537,5
1674058,9.822044650517306,9
1674066,9.848092198840302,8
1674080,9.681601341988268,14
1674094,9.693905001369934,14
1674105,9.77782350714471,11
1674109,9.934422330911021,4
1674116,9.882434025073266,7
1674128,9.755992513224067,12
1674138,9.789725238693011,10
1674141,9.955096729725009,3
1674150,9.804290815082233,9
1674151,10.0,1
1674174,9.608831031169709,23
1674186,9.761616622034628,12
1674197,9.734240221761757,11
1674210,9.739291209659264,13
1674222,9.740418534734912,12
1674250,8.85395824756288,28
1674256,9.900471290371343,6
1674260,9.936820141960796,4
1674267,9.899598105386417,7
1674273,9.876778391761006,6
1674299,9.397024208864329,26
1674312,9.72732294781209,13
1674321,9.837330718378146,9
1674331,9.781448145839244,10
1674337,9.891539092210463,6
1674357,9.519505121789544,20
1674370,9.72041829726181,13
1674382,9.775193016922472,12
1674384,9.978688852467293,2
1674401,9.68100798354586,17
1674405,9.936226151939463,4
1674412,9.868735339566602,7
1674417,9.933941783247056,5
1674427,9.800443688882035,10
1674438,9.753869384590033,11
1674439,9.99687114032723,1
1674449,9.794318592665388,10
1674459,9.808544427909261,10
1674470,9.766812176673405,11
1674498,9.443802330553076,28
1674501,9.956625050152272,3
1674510,9.853788744084753,9
1674520,9.801027979168113,10
1674534,9.68507063434018,14
1674541,9.868582475979482,7
1674544,9.966804605251566,3
1674561,9.629429085522375,17
1674562,10.0,1
1674563,10.0,1
1674573,9.804285312934713,10
1674589,9.68532903358065,16
1674602,9.73976135950677,13
1674617,9.66537003527694,15
1674622,9.911640046742496,5
1674623,10.0,1
1674631,9.862425965019574,8
1674634,9.964027766389433,3
1674651,9.62410610474062,17
1674661,9.800199779435305,10
1674674,9.496082912571552,13
1674683,9.836276051009408,9
1674693,9.828284151351127,10
1674699,9.90897100434496,6
1674711,9.728788467215557,12
1674727,9.63395557825309,16
1674743,9.59503160603909,16
1674753,9.785978769257593,10
1674765,9.735346751379286,12
1674775,9.819127251421282,10
1674782,9.87393047197079,7
1674787,9.929944312901943,5
1674795,9.849586235153621,8
1674800,9.922389797685387,5
1674808,9.874448570705997,8
1674814,9.898247132389233,6
1674828,9.681110823115349,14
1674840,9.735016399628707,12
1674849,9.794230754131451,9
1674856,9.866519892503648,7
1674859,9.958083309709417,3
1674863,9.946171376626756,4
1674864,9.992309199132254,1
1674870,9.896444697901856,6
1674874,9.938587455886104,4
1674875,10.0,1
1674887,9.721862192123318,12
1674902,9.653147376959124,15
1674916,9.67975059351011,14
1674917,10.0,1
1674918,9.991633521288831,1
1674928,9.794193837481629,10
1674936,9.85743333038769,8
1674942,9.907171227851673,6
1674946,9.940254914467033,4
1674950,9.949052974388184,4
1674951,10.0,1
1674960,9.812676652760716,9
1674968,9.839596061513781,8
1674973,9.906742281596143,5
1674989,9.660190847116239,16
1674998,9.539576125613788,9
1675013,9.706669098821333,15
1675022,9.81728254938951,9
1675037,9.664159957233853,15
1675048,9.75250840620396,11
1675057,9.845889213487615,9
1675058,10.0,1
1675074,9.669759561828645,16
1675091,9.702514969311796,17
1675104,9.689924684328396,13
1675114,9.783329658361714,10
1675126,9.745062513269136,12
1675134,9.853217378717211,8
1675140,9.91271105865635,6
1675149,9.827498641212173,9
1675150,10.0,1
1675156,9.892256715910978,6
1675172,9.706773518597533,16
1675193,9.501979908653821,21
1675197,9.93539660290999,4
1675203,9.901228930251197,6
1675217,9.687893870569283,14
1675227,9.782478415666787,10
1675236,9.818130424788688,9
1675237,10.0,1
1675249,9.788026196824747,12
1675250,9.996398116744132,1
1675272,9.473316294066892,22
1675287,9.72997659540239,15
1675295,9.846925264229844,8
1675299,9.939307800868033,4
1675313,9.730603939427231,14
1675326,9.725193026838449,13
1675329,9.965825302076624,3
1675337,9.844243431488218,8
1675345,9.856461617981585,8
1675354,9.641256374107137,9
1675355,10.0,1
1675356,10.0,1
1675362,9.883681008670147,6
1675369,9.872590213063056,7
1675379,9.817594489089409,10
1675389,9.80775690594479,10
1675390,10.0,1
1675398,9.833344415901562,8
1675404,9.89402021106357,6
1675410,9.89699551660545,6
1675420,9.770277174443489,10
1675438,9.597699434097292,18
1675439,10.0,1
1675448,9.850697405045945,9
1675449,10.0,1
1675459,9.844753399588198,10
1675466,9.869889826460527,7
1675476,9.778500388318665,10
1675481,9.910833738638392,5
1675492,9.800973718234413,11
1675497,9.92343291796766,5
1675511,9.677919734182197,14
1675512,10.0,1
1675519,9.865794843819785,7
1675541,9.580991229633199,22
1675553,9.7181540860088,12
1675580,9.50216769300475,27
1675585,9.918598717336682,5
1675599,9.688405158811767,14
1675610,9.74960072863303,11
1675622,9.741254598482618,12
1675630,9.81246506287711,8
1675648,9.562662631504711,18
1675649,10.0,1
1675656,9.864650638455807,7
1675664,9.850240959246392,8
1675665,10.0,1
1675671,9.913486597060466,6
1675686,9.64977137813935,15
1675702,9.67592947129339,16
1675716,9.75832980545373,14
1675717,9.996142898642804,1
1675722,9.903311699865162,5
1675742,9.561382239832088,20
1675748,9.885906087023127,6
1675753,9.929256772128303,5
1675758,9.92787587601702,5
1675766,9.837320862652234,8
1675775,9.804809656228265,9
1675790,9.670960130449455,15
1675796,9.890414199105306,6
1675818,9.493709854341883,22
1675826,9.85183710492084,8
1675836,9.780046018129427,10
1675837,10.0,1
1675851,9.700915061606489,14
1675858,9.87914267824962,7
1675879,9.549058619619796,21
1675890,9.79639968429152,11
1676031,4.877395180015956,141
1676043,9.757584785436329,12
1676049,9.907190379328767,6
1676050,9.996452229853425,1
1676063,9.693903288178776,13
1676081,9.55870810314902,18
1676083,9.972374083260014,2
1676090,9.856478524147075,7
1676106,9.71087700331488,16
1676115,9.803701851936644,9
1676125,9.82518312534601,10
1676135,9.783486664295786,10
1676142,9.883572206126995,7
1676143,10.0,1
1676159,9.678216245516428,16
1676176,9.591975348030319,17
1676178,9.969743871843074,2
1676179,9.992267096163275,1
1676188,9.81300868298007,9
1676200,9.725495768539872,12
1676208,9.829041437747467,8
1676209,10.0,1
1676221,9.70654118994715,12
1676227,9.900417711327307,6
1676229,9.97115444226483,2
1676261,9.393740787104614,32
1676276,9.703930140073998,15
1676284,9.860150435647865,8
1676300,9.624948977169431,16
1676309,9.843562873162842,9
1676321,9.74322518552103,12
1676328,9.885444313565328,7
1676334,9.894569195645563,6
1676355,9.153999247690559,21
1676368,9.778282020061862,13
1676378,9.781082635952442,10
1676386,9.844055101093755,8
1676408,9.491961850189021,22
1676415,9.861004427054022,7
1676424,9.822969087674995,9
1676445,9.56421900048607,21
1676452,9.889599919422347,7
1676513,8.815989065470237,61
1676526,9.703771696138096,13
1676544,9.655717698344311,18
1676557,9.721005224129168,13
1676561,9.93534329915798,4
1676580,9.56533147500095,19
1676598,9.672719866480211,18
1676613,9.672178764067043,15
1676626,9.720609349743176,13
1676637,9.751270019867318,11
1676647,9.814104452315789,10
1676648,10.0,1
1676657,9.81559998145309,9
1676722,8.48463680141089,65
1676723,10.0,1
1676741,9.604733125365737,18
1676743,9.969499415234756,2
1676746,9.962086005356479,3
1676766,9.57851066494416,20
1676788,9.302019984759417,22
1676792,9.942772976918343,4
1676801,9.806738876466358,9
1676815,9.723320398574012,14
1676831,9.648390860999985,16
1676848,9.599377657293367,17
1676858,9.781555544862723,10
1676859,9.991631333556118,1
1676873,9.697793919555256,14
1676875,9.974593342552922,2
1676880,9.913853329881736,5
1676893,9.744702773721473,13
1676928,9.215297813963513,35
1676935,9.867272648567665,7
1676942,9.858560013948289,7
1676945,9.94983978091716,3
1676959,9.738999392972161,14
1676963,9.943833062038975,4
1676968,9.912933461382279,5
1676991,9.537076415797479,23
1676994,9.968655417442895,3
1676995,10.0,1
1677008,9.725264940112211,13
1677030,9.535150918922618,22
1677046,9.610373024533814,16
1677058,9.733270341431894,12
1677071,9.713296812528743,13
1677072,10.0,1
1677080,9.85021822376505,8
1677089,9.817206799700065,9
1677101,9.75861472293657,12
1677112,9.75080396056915,11
1677117,9.900538046531778,5
1677123,9.888218459632375,6
1677124,10.0,1
1677152,9.338988797686241,28
1677156,9.934563222846046,4
1677171,9.726037263940203,15
1677192,9.509974562952088,21
1677207,9.66130946261537,15
1677224,9.597414736454871,17
1677228,9.937747121768608,4
1677250,7.773571698168507,22
1677263,9.704785752666133,13
1677266,9.965662237080409,3
1677275,9.821293571383725,9
1677283,9.839787685728288,8
1677295,9.758919958479947,12
1677302,9.869309400696086,7
1677315,9.721426438190303,13
1677340,9.547950266530183,25
1677341,10.0,1
1677357,9.644240001658275,16
1677361,9.95285921960654,4
1677370,9.841289890687197,9
1677378,9.840822139595398,8
1677379,10.0,1
1677395,9.666418699441804,16
1677409,9.735065181136688,14
1677909,-14.295739887558986,500
1677918,9.83318821962831,9
1677925,9.857227885778576,7
1677933,9.841337479677057,8
1677938,9.918252624949009,5
1677944,9.920829938824065,6
1677950,9.911060742241242,6
1677958,9.84421366808328,8
1677969,9.826515679360504,11
1677987,9.584945509562598,18
1677998,9.750431251989312,11
1678004,9.906812285618233,6
1678011,9.85415775850032,7
1678026,9.689260369723007,15
1678033,9.913936439009412,7
1678051,9.641157428367231,18
1678052,10.0,1
1678059,9.84863967805608,7
1678089,9.353209501217275,30
1678100,9.793459605097539,11
1678119,9.559361985099192,19
1678147,9.495629776083607,28
1678161,9.743101066593736,14
1678165,9.940233182477947,4
1678177,9.771420767607077,12
1678203,9.382614923703139,26
1678220,9.599636674783817,17
1678345,7.672932563577235,125
1678354,9.829165208639465,9
1678362,9.855814385266168,8
1678370,9.86047636386948,8
1678383,9.71797663479254,13
1678401,9.566681786411669,18
1678405,9.93603969510328,4
1678415,9.797927025931733,10
1678426,9.787409042084619,11
1678433,9.87384018246962,7
1678445,9.74381777122829,12
1678455,9.798022506614814,10
1678456,10.0,1
1678457,10.0,1
1678470,9.723637974994531,13
1678473,9.953614421054318,3
1678493,9.624810393038992,20
1678502,9.80953887205505,9
1678508,9.881049297961827,6
1678513,9.923045291945058,5
1678520,9.880893263897022,7
1678535,9.640511113242304,15
1678545,9.789912698429845,10
1678559,9.685535633330911,14
1678569,8.311054531901034,10
1678573,9.937249703094126,4
1678583,9.780846450528303,10
1678600,8.308320879090775,17
1678603,9.964867053936121,3
1678616,9.742501657189766,13
1678622,9.893805187209544,6
1678630,9.848678362043666,8
1678631,10.0,1
1678642,9.780717579992492,11
1678659,9.605000726344672,17
1678671,9.722114992915591,12
1678672,10.0,1
1678673,10.0,1
1678684,9.786406078065317,11
1678687,9.953421748742883,3
1678693,9.890666670415065,6
1678704,9.740568830842289,11
1678715,9.8233529865696,11
1678723,9.85156981418413,8
1678732,9.83673634291794,9
1678738,9.900671597197896,6
1678751,9.74629860717263,13
1678757,9.900792437028754,6
1678759,9.97571681199849,2
1678760,10.0,1
1678773,9.686439012940033,13
1678785,9.732258904191907,12
1678786,10.0,1
1678792,9.890077203462003,6
1678803,9.784367164537807,11
1678809,9.907528126656018,6
1678820,9.766773223969697,11
1678825,9.915026774464316,5
1678829,9.93784787365854,4
1678830,10.0,1
1678841,9.746112777770806,11
1678870,9.35139630682242,29
1678877,9.864279801033723,7
1678896,9.646491857157605,19
1678908,9.744776847019013,12
1678909,9.988598233337429,1
1678918,9.813946331266354,9
1678929,9.774127249806794,11
1678956,9.284730291935482,27
1678966,9.806316922485554,10
1678971,9.931330378182578,5
1678988,9.68023839083907,17
1678994,9.889027954759742,6
1679005,9.768573527226401,11
1679019,9.69401305335758,14
1679034,9.679959921413252,15
1679040,9.883285541552327,6
1679041,10.0,1
1679045,9.930247334133453,4
1679053,9.816570759856265,8
1679057,9.936908105793378,4
1679058,9.996889693630417,1
1679068,9.842756011601917,10
1679081,9.733415662135702,13
1679087,9.914792941592784,6
1679093,9.92213450215775,6
1679101,9.845572846956452,8
1679102,10.0,1
1679120,9.618681283091131,18
1679129,9.816221569855623,9
1679140,9.739050109401338,11
1679148,9.857843777326588,8
1679164,9.62477602719629,16
1679177,9.71088958168766,13
1679195,9.582247470432288,18
1679200,9.909020473356822,5
1679208,9.865461953867765,8
1679221,9.709216442407943,13
1679234,9.738421545623911,13
1679235,10.0,1
1679236,10.0,1
1679244,9.847348383857756,8
1679256,9.749653770074323,12
1679263,9.877945226083376,7
1679266,9.95976427485745,3
1679268,9.975120969716592,2
1679276,9.851371668876483,8
1679287,9.805168202808835,11
1679299,9.770969309423505,12
1679300,10.0,1
1679311,9.733207215905534,11
1679324,9.699421655147251,13
1679327,9.957691604560557,3
1679338,9.742771389857376,11
1679343,9.929616462702722,5
1679356,9.690176223352491,13
1679372,9.67679761339289,16
1679379,9.851838633511997,7
1679386,9.877268962944642,7
1679400,9.666621853147674,14
1679412,9.78002004590851,12
1679417,9.90928441558044,5
1679425,9.853759188735248,8
1679437,9.723630917340863,12
1679448,9.750686267250945,11
1679450,9.980341848946301,2
1679456,9.891222910472926,6
1679457,9.996581056902494,1
1679462,9.913010899347757,5
1679468,9.889101208593466,6
1679472,9.925362317699328,4
1679473,10.0,1
1679491,9.578759589564635,18
1679498,9.871517511892376,7
1679511,9.707197778013096,13
1679520,9.8212539300223,9
1679529,9.816013910838478,9
1679530,10.0,1
1679540,9.801115557633736,10
1679546,9.90073151121207,6
1679564,9.61835255434849,18
1679580,9.632095699924236,16
1679581,9.996495380690071,1
1679592,9.798681976137736,11
1679605,9.718221217919558,13
1679618,9.720560487302512,13
1679627,9.836245375016084,9
1679640,9.717419906304977,13
1679645,9.9224086982133,5
1679659,9.674644005564426,14
1679679,9.522890415711927,20
1679680,10.0,1
1679683,9.96105819499583,3
1679684,9.989318382849143,1
1679694,9.783366462036309,10
1679712,9.6332252300442,18
1679723,9.805145805557695,11
1679730,9.866060186441606,7
1679740,9.831181160821286,10
1679748,9.840800930054078,8
1679749,10.0,1
1679755,9.891200119984212,6
1679756,10.0,1
1679757,10.0,1
1679760,9.953830380497196,3
1679774,9.677344445942543,14
1679785,9.770320743074208,11
1679796,9.76418324887886,11
1679810,9.699609670845113,14
1679826,9.680355224119385,16
1679840,9.681118057095954,14
1679858,9.614171121087077,18
1679870,9.764460923066899,12
1679889,9.531904590239945,19
1679898,9.814729781237112,9
1679907,9.856803030495815,9
1679920,9.72231026710936,13
1679923,9.971149950399385,3
1679943,9.558059826765788,20
1679951,9.848174610126282,8
1679964,9.727275080530832,13
1679982,9.622546777089603,18
1679990,9.834643317461726,8
1680001,9.752142043602973,11
1680006,9.930546097426873,5
1680019,9.734414256833938,13
1680042,9.438280331746862,23
1680045,9.95704699343583,3
1680055,9.788078999444316,10
1680056,10.0,1
1680057,10.0,1
1680069,9.779578111098873,12
1680083,9.727354223311089,14
1680098,9.678938946149138,15
1680116,9.60663805983437,18
1680129,9.69571610567516,13
1680154,9.537408843127677,25
1680167,9.735917113399692,13
1680184,9.61105879680933,17
1680196,9.730455820341811,12
1680203,9.869402675784434,7
1680204,10.0,1
1680222,9.569498608580078,18
1680234,9.717720047613039,12
1680235,10.0,1
1680247,9.736705138636225,12
1680249,9.983946235488494,2
1680262,9.679530206272936,13
1680267,9.901293424695242,5
1680271,9.926215827222913,4
1680272,10.0,1
1680279,9.867769675814934,7
1680282,9.965601546737027,3
1680298,9.606875699839666,16
1680302,9.942464845577195,4
1680317,9.71918619607537,15
1680334,9.661235062067176,17
1680340,9.900542979440546,6
1680353,9.724235112535379,13
1680354,10.0,1
1680366,9.73783784517123,12
1680372,9.892871078035448,6
1680374,9.97373394563649,2
1680375,10.0,1
1680465,8.3859691442756,90
1680471,9.893871270932435,6
1680473,9.977662599101155,2
1680482,9.789556660096206,9
1680487,9.906950429606997,5
1680509,9.446785267434514,22
1680510,10.0,1
1680511,10.0,1
1680523,9.754877114203218,12
1680532,9.848342519787797,9
1680557,5.968442471962371,25
1680564,9.860607319724773,7
1680586,9.42777145659207,22
1680594,9.840370276601673,8
1680600,9.894150662771823,6
1680612,9.75072150946825,12
1680616,9.938744989412683,4
1680631,9.655644402187104,15
1680637,9.889688482311268,6
1680641,9.938617139437726,4
1680653,9.73295590567081,12
1680661,9.86131461527155,8
1680675,9.682047705126926,14
1680678,9.961262478480618,3
1680683,9.919447749774044,5
1680698,9.56035505432366,15
1680716,9.547835559777008,18
1680733,9.615770844154945,17
1680743,9.807814022094568,10
1680751,9.848379166202673,8
1680764,9.748607276931446,13
1680765,10.0,1
1680770,9.916071399251237,5
1680776,9.894809783188174,6
1680795,9.582425514562317,19
1680799,9.750867004561151,4
1680805,9.8898027506281,6
1680814,9.624931343934495,9
1680823,9.790405555265625,9
1680838,9.661384939404261,15
1680861,9.561073153775604,23
1680875,9.665836233384175,14
1680888,9.735521750494915,13
1680896,9.8463536333172,8
1680904,9.87442755947995,8
1680921,9.706095399765168,17
1680936,9.745161761268756,15
1680949,9.730294866454278,13
1680964,9.636531853050139,15
1680973,9.80770918174691,9
1680980,9.862270764953713,7
1680989,9.834865806021387,9
1681000,9.754222828035607,11
1681001,10.0,1
1681012,9.791440796327455,11
1681036,9.539870428524756,24
1681053,9.665542531027132,17
1681066,9.761723353105987,13
1681073,9.863947191040245,7
1681087,9.752108170369063,14
1681103,9.673786054771726,16
1681111,9.845835749840562,8
1681118,9.875151761398492,7
1681128,9.812598873539415,10
1681136,9.86516208987113,8
1681143,9.881846315336645,7
1681145,9.969331650834143,2
1681157,9.788697028006432,12
1681170,9.708471573266431,13
1681186,9.696643572290366,16
1681194,9.837218799303184,8
1681203,9.80671454984851,9
1681224,9.517770191717602,21
1681237,9.723801790340053,13
1681238,10.0,1
1681252,9.749472277403093,14
1681268,9.636559925730323,16
1681278,9.805738436873256,10
1681288,9.783636210918406,10
1681294,9.89604555497285,6
1681302,9.83397793649748,8
1681303,10.0,1
1681312,9.84390234736858,9
1681318,9.911987067725402,6
1681320,9.972292771527547,2
1681327,9.877548759011963,7
1681341,9.698200341923314,14
1681348,9.871183920469404,7
1681349,10.0,1
1681362,9.733272451949496,13
1681375,9.713494652366784,13
1681381,9.895469784438799,6
1681392,9.797733708703026,11
1681399,9.85861314366114,7
1681410,9.76656226969676,11
1681416,9.87916648931537,6
1681430,9.70039831850683,14
1681435,9.911375247111195,5
1681445,9.822672089717143,10
1681459,9.679851660336357,14
1681480,9.509973638255229,21
1681492,9.766322319509365,12
1681505,9.693775031028485,13
1681516,9.797360852689469,11
1681527,9.77452887746924,11
1681537,9.799530492877835,10
1681551,9.75766419995159,14
1681558,9.863656652156589,7
1681560,9.97648797443672,2
1681571,9.754851132145385,11
1681581,9.834556222538465,10
1681598,9.626807369284322,17
1681599,10.0,1
1681610,9.76031370909254,11
1681619,9.821683305069474,9
1681620,10.0,1
1681647,9.503529627455793,27
1681661,9.69500440017824,14
1681671,9.786559722614454,10
1681676,9.907897083008553,5
1681679,9.967068508867655,3
1681682,9.957099753106574,3
1681693,9.753752607135734,11
1681705,9.773368943186055,12
1681713,9.86070871246606,8
1681723,9.771456245717184,10
1681724,9.99229992174753,1
1681733,9.822436005086407,9
1681741,9.833316821620818,8
1681748,9.865883817266825,7
1681753,9.926965539938328,5
1681764,9.758262327453727,11
1681769,9.921137769060735,5
1681784,9.658145803032347,15
1681798,9.724215397972907,14
1681811,9.717499868730552,13
1681820,9.809897051595543,9
1681837,9.575550275782923,17
1681846,9.833209844579809,9
1681852,9.881976204804763,6
1681859,9.889035771694292,7
1681871,9.720113097862413,12
1681875,9.933444438500961,4
1681880,9.927822118671932,5
1681882,9.98363376922875,2
1681888,9.89925222059624,6
1681900,9.782419148703301,12
1681908,9.856713879416068,8
1681914,9.899200437580769,6
1681916,9.98496896652401,2
1681924,9.862829484662706,8
1681934,9.83416151831027,10
1681949,9.64966922553199,15
1681997,6.6617511164682846,48
1682005,9.874896522233586,8
1682012,9.885240869820834,7
1682019,9.858602942710368,7
1682028,9.814405000991519,9
1682032,9.933989021823912,4
1682038,9.892216926343565,6
1682049,9.769515739881667,11
1682057,9.847881395735163,8
1682069,9.172435973534371,12
1682072,9.954629552913559,3
1682080,9.843521515109412,8
1682089,9.819308507172206,9
1682093,9.95085998076857,4
1682105,9.743589200871858,12
1682114,9.817014443412122,9
1682117,9.960343683077124,3
1682119,9.985722808248513,2
1682148,9.414485478566464,29
1682159,9.754520352938592,11
1682171,9.7570726171836,12
1682176,9.911691434948612,5
1682181,9.905277960038207,5
1682186,9.898291238651282,5
1682194,9.862147925087704,8
1682197,9.958321331973421,3
1682202,9.901626577143372,5
1682206,9.947343676090087,4
1682216,9.781174711329209,10
1682222,9.911958727862679,6
1682546,1.0172738377994435,324
1682558,9.784669626455859,12
1682575,9.641811318364468,17
1682596,9.512946862113838,21
1682602,9.914204821288426,6
1682608,9.898528844930462,6
1682617,9.806844684982085,9
1682626,9.822464562270007,9
1682638,9.733098965739087,12
1682650,9.765215799713715,12
1682654,9.94542415214989,4
1682671,9.607015730738242,17
1682691,9.538563014325359,20
1682701,9.807282686655462,10
1682705,9.947723484118093,4
1682706,9.99141127274113,1
1682715,9.839035344404502,9
1682724,9.837379063076016,9
1682739,9.706250395193706,15
1682748,9.802292184277212,9
1682752,9.942421527044713,4
1682770,9.678099386539651,18
1682781,9.790001253914603,11
1682801,9.482495735966204,20
1682804,9.952117749825897,3
1682807,9.951723706805245,3
1682830,8.98613101724665,23
1682831,10.0,1
1682838,9.860663044134848,7
1682912,6.9301176507257285,74
1682934,9.474958941454403,22
1682942,9.828598542653296,8
1682950,9.835097655290568,8
1682951,10.0,1
1682958,9.861868248728571,7
1682972,9.686007522942935,14
1682981,9.834958093289167,9
1682997,9.6984612011151,16
1683012,9.671944484223035,15
1683018,9.907084652768761,6
1683029,9.777878421716759,11
1683035,9.890894532350512,6
1683051,9.699219400612797,16
1683059,9.82432488891945,8
1683068,9.822513148362738,9
1683075,9.870357721638337,7
1683079,9.928336801460436,4
1683080,10.0,1
1683081,10.0,1
1683093,9.743923222370608,12
1683108,9.6749189568817,15
1683115,9.874075582905009,7
1683127,9.780490475163242,12
1683142,9.64676001716507,15
1683152,9.798234875112204,10
1683175,9.484340145349758,23
1683200,8.526961511132576,25
1683227,9.3583044763323,27
1683232,9.901741428931242,5
1683244,9.741922381256128,12
1683253,9.807245636732114,9
1683259,9.897761326089121,6
1683276,9.623538854935571,17
1683285,9.829819162697156,9
1683298,7.607724550283697,13
1683304,9.901189439977125,6
1683321,9.344647499544301,17
1683322,10.0,1
1683329,9.847293474817938,7
1683330,10.0,1
1683337,9.882914731640794,7
1683352,9.677070729152112,15
1683361,9.80193167019889,9
1683374,9.738134452524495,13
1683375,10.0,1
1683387,9.764185792423573,12
1683398,9.714026165229996,11
1683410,9.739251438883967,12
1683413,9.949760833716672,3
1683447,9.254984981503076,34
1683458,9.752138267923854,11
1683482,9.507737137363513,24
1683493,9.783210781048636,11
1683503,9.80075549353804,10
1683513,9.809119051203966,10
1683525,9.760906438541959,12
1683533,9.863759596654774,8
1683543,9.79191929760877,10
1683557,9.730801219221487,14
1683572,9.63972774191248,15
1683594,9.542272431798292,22
1683608,9.682287226295145,14
1683610,9.97841508668236,2
1683615,9.921763559092458,5
1683624,9.858301239311878,9
1683636,9.729181181704543,12
1683639,9.950495182793484,3
1683700,8.916628756531882,61
1683711,9.735641980247141,11
1683716,9.930246065876734,5
1683728,9.72846487830983,12
1683754,9.373052850232696,26
1683771,9.658841118011047,17
1683779,9.841210623530364,8
1683783,9.936942648955396,4
1683802,9.588182633045104,19
1683818,9.72256094099529,16
1683827,9.82977747526545,9
1683828,9.988380466111419,1
1683836,9.844029025743225,8
1683840,9.947456001344008,4
1683841,10.0,1
1683849,9.842639194832163,8
1683850,9.992612390245938,1
1683855,9.90456545519092,5
1683868,9.686756837115313,13
1683879,9.766500840362808,11
1683884,9.913508744725533,5
1683887,9.953731616038011,3
1683888,10.0,1
1683892,9.927199019601868,4
1683900,9.875903464895796,8
1683918,8.869693331980452,18
1683928,9.807373641706885,10
1683938,9.80109143997525,10
1683953,9.663570970122635,15
1683956,9.965322386685415,3
1683967,9.794925820451036,11
1683970,9.960184675650565,3
1683978,9.85729306570907,8
1683997,9.623796657789384,19
1683998,10.0,1
1684003,9.91722072335826,5
1684008,9.919444558156346,5
1684009,10.0,1
1684014,9.922294461187708,5
1684023,9.857812857887835,9
1684024,10.0,1
1684040,8.91352886423069,16
1684041,10.0,1
1684046,9.91306209670631,5
1684061,9.657524709518235,15
1684071,9.780628294252654,10
1684074,9.96036608695853,3
1684081,9.859896192961628,7
1684089,9.860423460647734,8
1684099,9.807241666320632,10
1684115,9.659354085611112,16
1684129,9.75132556599037,14
1684141,9.734230926606235,12
1684150,9.799325502178753,9
1684151,10.0,1
1684157,9.907187547923282,6
1684168,9.771834138093288,11
1684185,9.65890781820704,17
1684191,9.917363702285602,6
1684205,9.695572857722198,14
1684214,9.861548624081248,9
1684230,9.630755758111125,16
1684240,9.792916499220224,10
1684249,9.845093127747605,9
1684259,9.831644091743023,10
1684266,9.854255220737937,7
1684272,9.905817182982815,6
1684279,9.906691193595133,7
1684289,9.788062952971291,10
1684304,9.567569081146097,15
1684313,9.84168538648244,9
1684323,9.81333767186977,10
1684327,9.941767841845136,4
1684338,9.747138496757715,11
1684353,9.654430261566954,15
1684361,9.853129242802003,8
1684368,9.879906181721509,7
1684369,9.987719101798376,1
1684378,9.847812210898622,9
1684389,9.76988857056515,11
1684399,9.792718140217596,10
1684413,9.49177376923448,14
1684442,9.4371414775529,29
1684456,9.711203848857599,14
1684462,9.890868910139282,6
1684478,9.686398571938403,16
1684490,9.781428780195897,12
1684502,9.723416088922496,12
1684507,9.90561251667665,5
1684508,10.0,1
1684512,9.950931543732452,4
1684518,9.893460824992822,6
1684525,9.866559701496262,7
1684534,9.814409306853603,9
1684550,9.623953629474478,16
1684562,9.746505883639303,12
1684577,9.669750654627187,15
1684595,9.603190191032759,18
1684601,9.894741664415223,6
1684617,9.637652672999346,16
1684620,9.957634475864138,3
1684629,9.803084258190726,9
1684647,9.587628431620757,18
1684661,9.734603225500248,14
1684671,9.829337157560941,10
1684685,9.657436894708495,14
1684700,9.65335478191036,15
1684710,9.783231475449485,10
1684724,9.666330983082082,14
1684734,9.796405253572312,10
1684737,9.94772417569685,3
1684741,9.926982754526342,4
1684751,9.800839622815527,10
1684755,9.923473108930365,4
1684765,9.798038864683432,10
1684778,9.734205209378874,13
1684783,9.91339189263197,5
1684792,9.823560676381996,9
1684801,9.806620491060333,9
1684814,9.690887308530463,13
1684822,9.852118907951255,8
1684833,9.785312667415548,11
1684839,9.889370698807912,6
1684852,9.60642772057966,13
1684862,9.797033905673736,10
1684868,9.87966829013795,6
1684883,9.696772298316631,15
1684899,9.609714510959575,16
1684924,9.46589068504088,25
1684936,9.702920805314823,12
1684937,10.0,1
1684941,9.936909854523623,4
1684953,9.76780881372037,12
1684965,9.703380702064377,12
1684977,9.732871494256361,12
1684990,9.677884940575732,13
1684991,10.0,1
1684992,10.0,1
1685003,9.788218526832223,11
1685022,9.570231013517056,19
1685029,9.87353948086336,7
1685039,9.775825062695603,10
1685048,9.843701796859678,9
1685053,9.923807472917089,5
1685057,9.941910690118515,4
1685062,9.913806955130662,5
1685072,9.810498078176145,10
1685087,9.633488129762988,15
1685091,9.936465670034327,4
1685095,9.947638039210847,4
1685111,9.564270269577147,16
1685121,9.814195404315475,10
1685126,9.911168112797561,5
1685132,9.891014858964565,6
1685135,9.965551714770992,3
1685150,9.521952764643013,15
1685165,9.646810892979135,15
1685166,10.0,1
1685184,9.707280305136736,18
1685200,9.634765764491021,16
1685202,9.969262802145247,2
1685203,10.0,1
1685215,9.718542169225906,12
1685274,8.920590246842544,59
1685325,9.010389116800427,51
1685326,10.0,1
1685340,9.667515688757215,14
1685343,9.964458907561164,3
1685353,9.80249428391618,10
1685354,10.0,1
1685367,9.731626110847458,13
1685371,9.953043964545424,4
1685381,9.811611926708073,10
1685390,9.809634725799352,9
1685408,9.548013046929714,18
1685423,9.694793419019707,15
1685424,10.0,1
1685441,9.593732495527888,17
1685446,9.92196711880861,5
1685447,10.0,1
1685457,9.822214805089995,10
1685463,9.902018672066577,6
1685468,9.926243405585078,5
1685483,9.64679930770672,15
1685491,9.86192784711885,8
1685502,9.772261036709384,11
1685521,9.591909986347023,19
1685540,9.521803828650286,19
1685555,9.674461514777406,15
1685561,9.917575657339087,6
1685573,9.76464596749933,12
1685574,9.987367959806626,1
1685584,9.793119512899716,10
1685585,9.99308415272434,1
1685601,9.664702325664509,16
1685610,9.816776128205197,9
1685627,9.620412807923,17
1685633,9.913949963047706,6
1685636,9.961416157171406,3
1685646,9.768475715358939,10
1685654,9.863887589131888,8
1685665,9.765374342030118,11
1685673,9.864559034461175,8
1685687,9.699885970929378,14
1685695,9.866442330894095,8
1685703,9.838639603551856,8
1685705,9.981279653934454,2
1685715,9.844186773261836,10
1685744,9.41040826062242,29
1685750,9.901007470949232,6
1685762,9.77172196056651,12
1685769,9.874404050687467,7
1685783,9.693973532320987,14
1685794,9.767544832203553,11
1685803,9.809353396784383,9
1685812,9.825444422393906,9
1685826,9.715889988094007,14
1685834,9.832226450117245,8
1685851,7.497275480464772,17
1685866,9.648253105070024,15
1685873,9.877283402931832,7
1685881,9.839479812693703,8
1685888,9.883152134071558,7
1685918,5.794327254361631,30
1685927,9.834119343797328,9
1685928,10.0,1
1685939,9.786645256131767,11
1685952,9.713724160337048,13
1685953,10.0,1
1685954,9.992665451933846,1
1685963,9.818738777907434,9
1685976,9.72857539624185,13
1685977,9.98953279621263,1
1685992,9.633325462128903,15
1685996,9.935848780267188,4
1686005,9.81237746709592,9
1686017,9.773241701485947,12
1686032,9.638791847566962,15
1686033,10.0,1
1686048,9.624678542680462,15
1686054,9.90141064867095,6
1686068,9.728041986191627,14
1686081,9.725295193462415,13
1686087,9.904555108419569,6
1686099,9.766899223702934,12
1686104,9.929379800014681,5
1686113,9.81832574497153,9
1686141,9.427541214468855,28
1686149,9.823034642932377,8
1686160,9.804245310827286,11
1686167,9.861392688643296,7
1686177,9.808985743090627,10
1686220,9.174144046698764,43
1686225,9.911755149879914,5
1686227,9.985716733395146,2
1686239,9.730740811389136,12
1686253,9.678260732067583,14
1686263,9.815651622609446,10
1686264,10.0,1
1686268,9.935961971789235,4
1686274,9.896454902731646,6
1686293,9.637725547946307,19
1686307,9.74031730047628,14
1686323,9.611711102367781,16
1686335,9.778515660598053,12
1686336,10.0,1
1686352,9.69720097213852,16
1686359,9.84671662186163,7
1686360,10.0,1
1686372,9.721834262597012,12
1686383,9.792080797659805,11
1686384,10.0,1
1686397,9.472233798248823,13
1686412,9.70833962466541,15
1686419,9.863125578772573,7
1686430,9.72603701100523,11
1686437,9.850710451257001,7
1686438,10.0,1
1686439,10.0,1
1686443,9.95348823213562,4
1686454,9.778810880716035,11
1686462,9.840989017597309,8
1686464,9.98472599175988,2
1686470,9.900099835513911,6
1686481,9.744973380183366,11
1686500,9.575522949081064,19
1686517,8.690592350985186,17
1686525,9.842369536907347,8
1686534,9.83366975521966,9
1686543,9.81352905780176,9
1686558,9.693570617110309,15
1686562,9.930220252462531,4
1686580,9.616200679654046,18
1686589,9.81879405809439,9
1686603,9.61943733539597,14
1686613,9.785978639445636,10
1686622,9.822544882168804,9
1686636,9.751369997265833,14
1686654,9.621580695020947,18
1686662,9.83879083350667,8
1686672,9.789745473955414,10
1686681,9.799568410159186,9
1686696,9.721644580913662,15
1686723,9.104690243240116,27
1686740,9.61362831119173,17
1686746,9.901723085393387,6
1686751,9.909752561612013,5
1686758,9.875762956387831,7
1686766,9.845600581843476,8
1686792,9.549097800748767,26
1686802,9.781304647384909,10
1686816,9.448075430628872,14
1686824,9.83141840653311,8
1686834,9.827228912698672,10
1686853,9.60690991453682,19
1686868,9.705821802994842,15
1686880,9.79051514597178,12
1686901,9.582770197808118,21
1686915,9.666407588994609,14
1686926,9.779640399115365,11
1686938,9.774077046960906,12
1686951,9.749827439742294,13
1686952,9.993307575621273,1
1686959,9.858180843387276,7
1686978,9.583582276816962,19
1686995,9.510541238569324,17
1687006,9.797961617572984,11
1687007,10.0,1
1687021,9.748858318868812,14
1687029,9.83098094766368,8
1687040,9.775155520125738,11
1687049,9.821003104003603,9
1687062,9.710946268070048,13
1687074,9.77012110616265,12
1687090,9.650661872927987,16
1687098,9.843851483208722,8
1687107,9.806324153848227,9
1687120,9.74030162727195,13
1687132,9.753792027399593,12
1687140,9.842339919431941,8
1687148,9.842269509252183,8
1687149,10.0,1
1687155,9.877378338166283,6
1687166,9.771948393116256,11
1687178,9.745955696367004,12
1687179,10.0,1
1687189,9.789619841173915,10
1687204,9.68420796858164,15
1687218,9.66316954519983,14
1687220,9.98154814149438,2
1687225,9.898568331451923,5
1687233,9.830781471348372,8
1687239,9.881994075300318,6
1687247,9.819707668494411,8
1687259,9.78485483999414,12
1687271,9.805705670003706,12
1687279,9.863802774817833,8
1687291,9.635034387157525,12
1687292,10.0,1
1687314,9.558622000303144,22
1687324,9.77758263689746,10
1687332,9.863097186505824,8
1687337,9.927452594421323,5
1687346,9.819579993672878,9
1687358,9.752477499394198,12
1687366,9.85115301344081,8
1687377,9.757268168304945,11
1687398,9.58458227469324,21
1687410,9.770896202222694,12
1687411,10.0,1
1687417,9.898895481232998,6
1687426,9.840023348766028,9
1687435,9.863060386635793,9
1687447,9.758073266948271,12
1687457,9.767819399018872,10
1687467,9.801289204577166,10
1687484,9.709551778360982,17
1687497,9.70583842382284,13
1687516,9.581154218326988,19
1687519,9.957669904014184,3
1687522,9.952566774879116,3
1687530,9.855095993972295,8
1687539,9.847138474752796,9
1687558,9.576257111577569,19
1687559,9.988085858454118,1
1687569,9.771313144228959,10
1687570,10.0,1
1687577,9.8801962466829,7
1687578,10.0,1
1687580,9.969118177946129,2
1687598,9.544330150808932,18
1687605,9.873041281944106,7
1687606,10.0,1
1687614,9.855925096430417,8
1687615,10.0,1
1687622,9.883477718025281,7
1687623,10.0,1
1687635,9.755007121448685,12
1687651,9.656770339453441,16
1687666,9.691721261543286,15
1687681,9.684024014113593,15
1687693,9.757576164351427,12
1687700,9.858462312765072,7
1687710,9.787530656768448,10
1687715,9.931787286875075,5
1687726,9.748718316368361,11
1687735,9.83438879104568,9
1687737,9.985984727277327,2
1687752,9.643473493969363,15
1687759,9.868032460548951,7
1687762,9.944306402642479,3
1687768,9.880883044282616,6
1687778,9.782354520991728,10
1687789,9.780351461756778,11
1687793,9.941157420051406,4
1687794,10.0,1
1687796,9.983870969939524,2
1687815,9.58904257921657,19
1687817,9.969704079251231,2
1687828,9.745723994819146,11
1687849,9.456888388000818,21
1687861,9.710700704344912,12
1687868,9.855450448759262,7
1687878,9.793892368973497,10
1687880,9.982944338595711,2
1687889,9.830783375135823,9
1687901,9.680208340676423,12
1687916,9.63571281684617,15
1687936,9.555056720283458,20
1687952,9.621058123652801,16
1687960,9.855927183895293,8
1687969,9.807731212838789,9
1687976,9.86430832796593,7
1687991,9.697456161140076,15
1688006,9.674749175184928,15
1688024,9.599506898718627,18
1688031,9.875900451942908,7
1688033,9.984322897190804,2
1688045,9.750401308414723,12
1688059,9.671094895978896,14
1688068,9.79419342851488,9
1688081,9.775626600032567,13
1688083,9.976863112867095,2
1688091,9.840518555304829,8
1688092,10.0,1
1688093,9.988550171115179,1
1688104,9.78487502432931,11
1688118,9.689333203479965,14
1688130,9.732134547310022,12
1688139,9.818193806539842,9
1688151,9.773147298489812,12
1688152,9.992369236944603,1
1688168,9.60768197759405,16
1688185,9.69548870652192,17
1688194,9.81464840125425,9
1688195,10.0,1
1688213,9.651014580010353,18
1688227,9.70823995631554,14
1688245,9.605870006630353,18
1688261,9.113742871222641,16
1688279,9.627171808139813,18
1688280,9.989410924364243,1
1688294,9.663904779851284,14
1688303,9.84671310868785,9
1688314,9.804823541257354,11
1688331,9.60642281258867,17
1688332,10.0,1
1688339,9.877226419405,7
1688350,9.795775660618643,11
1688359,9.822879237408442,9
1688372,9.728028678972478,13
1688385,9.722071133005777,13
1688386,9.988666591864936,1
1688396,9.790682522566142,10
1688399,9.968505128102617,3
1688403,9.94736059309455,4
1688413,9.806879879153866,10
1688437,9.503432751211566,24
1688443,9.90435753580516,6
1688451,9.843131845874185,8
1688460,9.824323456512932,9
1688468,9.842645237459823,8
1688479,9.742613709824973,11
1688493,9.718287651048765,14
1688503,9.810441741272522,10
1688510,9.895997111546961,7
1688528,9.625651250456773,18
1688546,9.674475622422017,18
1688551,9.919028416513596,5
1688554,9.969918446960103,3
1688561,9.875446031347899,7
1688562,10.0,1
1688574,9.763488809196529,12
1688584,9.819646950761381,10
1688596,9.752155773691488,12
1688607,9.75055446987184,11
1688611,9.941682493836204,4
1688627,9.674225247530233,16
1688646,9.572998548526686,19
1688647,10.0,1
1688665,9.653561296462076,18
1688672,9.874669530484686,7
1688682,9.674780087326399,10
1688685,9.956832493889122,3
1688694,9.805354312418864,9
1688707,9.716623819338189,13
1688708,10.0,1
1688721,9.760663054605457,13
1688735,9.65321433901193,14
1688747,9.577646744375746,12
1688754,9.860032751737863,7
1688760,9.905413084740385,6
1688769,9.808385280429592,9
1688773,9.934144689270674,4
1688783,9.772029801313808,10
1688784,10.0,1
1688792,9.828207944118184,8
1688804,9.755683290829246,12
1688810,9.883134495572662,6
1688818,9.852677962463883,8
1688830,9.744895886396916,12
1688846,9.61505001007413,16
1688860,9.747539714714287,14
1688870,9.792998149907243,10
1688872,9.973366898982981,2
1688880,9.862948591588678,8
1688896,9.677224429684465,16
1688904,9.86510083534481,8
1688917,9.699230160962626,13
1688920,9.950675967620091,3
1688921,10.0,1
1688923,9.979992814792192,2
1688927,9.933254582930612,4
1688934,9.84843498150798,7
1688941,9.883521146653433,7
1688950,9.829961805774394,9
1688957,9.859972380226393,7
1688966,9.826098425707965,9
1688967,9.989075884822338,1
1688984,9.617286938139875,17
1689003,9.660017325899014,19
1689012,9.834421947067932,9
1689024,9.804524741924121,12
1689042,9.589715134158556,18
1689052,9.798690288594646,10
1689065,9.778585419898272,13
1689076,9.768234149951443,11
1689080,9.957516755064425,4
1689090,9.828653415586725,10
1689095,9.913903231702346,5
1689104,9.847219342681111,9
1689111,9.87757254600443,7
1689130,9.527649852757774,19
1689139,9.816326771854223,9
1689151,9.76477129526885,12
1689156,9.919793543326815,5
1689167,9.767652945331418,11
1689175,9.860459680952113,8
1689183,9.844444016039164,8
1689194,9.788346874367797,11
1689204,9.789082078138637,10
1689207,9.968116542877857,3
1689222,9.641552617428333,15
1689230,9.835246244653854,8
1689235,9.927057101920626,5
1689236,9.992162161335061,1
1689240,9.932630630205171,4
1689246,9.897331042685586,6
1689256,9.80183531883716,10
1689263,9.857810279272282,7
1689278,9.650129549020017,15
1689295,9.647354412118318,17
1689299,9.946327445430581,4
1689311,9.752484396882299,12
1689317,9.9013066396506,6
1689322,9.930210207568972,5
1689331,9.848295780632736,9
1689339,9.85821852590758,8
1689347,9.838644783904083,8
1689355,9.845130756589617,8
1689359,9.944407193991315,4
1689367,9.826071650518813,8
1689370,9.958566881156576,3
1689385,9.672576529953231,15
1689395,9.820576325015887,10
1689396,9.995991106272907,1
1689410,9.651583065131126,14
1689411,10.0,1
1689428,9.6066377566076,17
1689435,9.849069776725973,7
1689440,9.913285267541703,5
1689447,9.878331961992354,7
1689460,9.685805602773698,13
1689475,9.656347946347775,15
1689478,9.95933269572187,3
1689490,9.746745791047735,12
1689501,9.765479578873908,11
1689513,9.82103088103921,12
1689526,9.749420133931437,13
1689536,9.829824710875407,10
1689542,9.908161430138346,6
1689552,9.82912388690258,10
1689557,9.912948716585046,5
1689570,9.711489595879174,13
1689578,9.864050585593091,8
1689581,9.961684412045074,3
1689586,9.916245389686605,5
1689596,9.781234696254025,10
1689604,9.831022364553597,8
1689625,9.470976806220408,21
1689635,9.83803786180135,10
1689644,9.818096693019887,9
1689659,9.684905498251677,15
1689668,9.814897644106523,9
1689681,9.710062011197234,13
1689682,10.0,1
1689693,9.806840593891216,11
1689701,9.832548999429,8
1689703,9.975035274679426,2
1689713,9.759453481624046,10
1689722,9.808245407661037,9
1689740,9.599996040040383,18
1689747,9.902669774072924,7
1689751,9.939213196617528,4
1689752,10.0,1
1689767,9.683540327581001,15
1689768,10.0,1
1689791,9.423919683468394,23
1689803,9.73926712211249,12
1689861,8.973926349206472,58
1689880,9.567793291578933,19
1689881,10.0,1
1689897,9.727291789081944,16
1689908,9.7660920703428,11
1689916,9.870049610051803,8
1689930,9.721982163929297,14
1689931,10.0,1
1689946,9.549957456198639,15
1689956,9.76682258221242,10
1689968,9.776798298024048,12
1689976,9.850367601156874,8
1689993,9.653368380954968,17
1690006,9.249357952820434,13
1690015,9.825155690964351,9
1690026,9.767035915474207,11
1690033,9.843606709823893,7
1690073,9.216105261020665,40
1690081,9.837783611009247,8
1690085,9.728119724611313,4
1690094,9.816412234432601,9
1690098,9.928690687333377,4
1690120,9.588469110652838,22
1690134,9.678382918779286,14
1690149,9.651004294370374,15
1690166,9.602099062658441,17
1690176,9.60736782724942,10
1690195,9.648994457848401,19
1690196,9.988059526348614,1
1690202,9.9028520723049,6
1690220,9.62748638740265,18
1690228,9.640383921129969,8
1690240,9.75401509533394,12
1690241,10.0,1
1690255,9.775187924500724,14
1690267,9.775338129690967,12
1690277,9.856111796251238,10
1690285,9.84840233879419,8
1690298,9.744008679047296,13
1690310,9.73814749517661,12
1690315,9.916373570373446,5
1690328,9.706241121519355,13
1690332,9.939672036452942,4
1690351,9.564946629595639,19
1690361,9.773359115282185,10
1690384,9.58087906373397,23
1690393,9.794018727302927,9
1690394,9.99198980851149,1
1690403,9.81587695259596,9
1690410,9.855009477291059,7
1690426,9.652647687056945,16
1690431,9.912244102894524,5
1690432,10.0,1
1690452,9.565312205327638,20
1690456,9.928362338606492,4
1690461,9.939593859747005,5
1690464,9.966154920826918,3
1690473,9.812683248686179,9
1690474,10.0,1
1690486,9.765324787358214,12
1690501,9.696091358216677,15
1690520,9.615678360701676,19
1690530,9.829395289936617,10
1690539,9.809861415701,9
1690547,9.836922519246306,8
1690548,10.0,1
1690566,9.636567790411968,18
1690578,9.709535434613855,12
1690586,9.857433050536022,8
1690592,9.894156533871408,6
1690604,9.750124216236896,12
1690617,9.731854317206773,13
1690624,9.868707159927725,7
1690631,9.885817593456435,7
1690646,9.677250592236613,15
1690656,9.834466695247748,10
1690664,9.849914409586866,8
1690671,9.858043440890158,7
1690680,9.830942515799894,9
1690690,9.774064540833391,10
1690703,9.792382886386271,13
1690704,10.0,1
1690705,9.992841656244348,1
1690715,9.783595758718832,10
1690724,9.83588886271425,9
1690725,10.0,1
1690734,9.827359081168872,9
1690753,9.558705511182772,19
1690754,10.0,1
1690764,9.836829194585988,10
1690773,9.839298761338714,9
1690786,9.757782321839274,13
1690795,9.823404588122257,9
1690800,9.913549296825247,5
1690825,9.461550806371937,25
1690826,10.0,1
1690833,9.884790427247221,7
1690843,9.567637545206424,10
1690847,9.942138572509327,4
1690853,9.878001701300358,6
1690862,9.829226515026381,9
1690863,10.0,1
1690865,9.985596222529514,2
1690877,9.7667936931802,12
1690881,9.943844235154778,4
1690882,9.996650975784243,1
1690892,9.802213055507792,10
1690907,9.664851903217398,15
1690909,9.976731107872594,2
1690924,9.695477031347203,15
1690926,9.98380581245897,2
1690928,9.971047872712344,2
1690954,9.4120459938787,26
1690972,9.594399704736594,18
1690987,9.650894580976361,15
1690994,9.85809799915291,7
1691008,9.70403340261795,14
1691014,9.896349646806238,6
1691023,9.81302466305543,9
1691049,9.492479694651292,26
1691066,9.327012096229641,17
1691067,10.0,1
1691072,9.924196999476484,5
1691082,9.789032192447953,10
1691090,9.862752991155425,8
1691091,10.0,1
1691097,9.890454422255225,6
1691101,9.940989823462882,4
1691114,9.689265393731134,13
1691122,9.839147530987276,8
1691128,9.897622949794751,6
1691138,9.78982011037234,10
1691149,9.788963185757416,11
1691153,9.941976091778503,4
1691170,9.647515876041853,17
1691177,9.880281934670816,7
1691193,9.678558960305269,16
1691201,9.862907490174361,8
1691206,9.90779397189369,5
1691219,9.70120174116226,13
1691220,9.988588624068301,1
1691228,9.841824559329782,8
1691240,9.74936272503416,12
1691243,9.967050636858037,3
1691249,9.88794337299179,6
1691262,9.713851740095238,13
1691266,9.943920419295674,4
1691278,9.776345430876681,12
1691289,9.749542874770613,11
1691303,9.756502067301428,14
1691311,9.844960657044311,8
1691325,9.70489188684426,14
1691335,9.810799441804459,10
1691343,9.858068942404477,8
1691345,9.978946028851718,2
1691352,9.854000376800695,7
1691361,9.821874451709299,9
1691369,9.862019377340587,8
1691398,9.265778157209324,29
1691405,9.8644489603402,7
1691418,9.710615477794455,13
1691419,10.0,1
1691430,9.763475881521845,11
1691434,9.9375660716338,4
1691438,9.944760300626521,4
1691448,9.805350364902102,10
1691449,10.0,1
1691459,9.832293950398151,10
1691466,9.884227704796091,7
1691471,9.90783881354259,5
1691479,9.857306703254222,8
1691486,9.879222226901899,7
1691489,9.96645690312397,3
1691505,8.815260803069291,16
1691518,9.708888510067244,13
1691527,9.827078203654377,9
1691541,9.698378677334231,14
1691551,9.819694969313904,10
1691569,9.663484253273069,18
1691578,9.817021091621212,9
1691591,9.754420310247781,13
1691609,9.60865878415132,18
1691615,9.909717973045856,6
1691616,9.988406308075945,1
1691627,9.797616742323857,11
1691640,9.761475311753069,13
1691646,9.916775571515815,6
1691669,9.487616114621403,23
1691688,9.391939452585802,19
1691695,9.884775788137642,7
1691712,9.634299812127251,17
1691721,9.845336326848095,9
1691737,9.63616306566765,16
1691738,10.0,1
1691756,9.663516416288573,18
1691763,9.88825851938998,7
1691766,9.959757996845742,3
1691777,9.802869103150043,11
1691787,9.81066082178605,10
1691791,9.926075402166642,4
1691798,9.896372171049718,7
1691799,10.0,1
1691810,9.79781640129188,11
1691818,9.860461598403132,8
1691824,9.911778344137078,6
1691839,9.626662757769221,15
1691855,9.640102028724451,16
1691866,9.778949447380775,11
1691876,9.789709245748504,10
1691883,9.877916040047587,7
1691903,9.566559568439587,20
1691915,9.763041697105649,12
1691935,9.513968381344773,20
1691937,9.986090719895618,2
1691940,9.965715504480706,3
1691946,9.903962578783938,6
1691972,9.43580494667177,26
1691981,9.633260591241864,9
1691985,9.938472921962125,4
1692001,9.679982234091089,16
1692006,9.917240596281282,5
1692017,9.781085314831282,11
1692018,10.0,1
1692027,9.816300545317706,9
1692043,9.645675193751508,16
1692057,9.666470887581152,14
1692068,9.779799539476768,11
1692077,9.822732679890724,9
1692092,9.658307339252842,15
1692093,10.0,1
1692153,8.716357700071358,60
1692170,9.648301655894182,17
1692182,9.73059074632777,12
1692187,9.91146446821303,5
1692202,9.672721966393244,15
1692213,9.834202741806768,11
1692217,9.937192357136889,4
1692237,9.4719578759884,20
1692244,9.868311167807466,7
1692254,9.769916008855034,10
1692265,9.775976659549109,11
1692682,1.9909507255433825,417
1692698,9.639298059617193,16
1692699,10.0,1
1692715,9.639741929948077,16
1692722,9.877307872948608,7
1692731,9.827392835250663,9
1692743,9.771857082332245,12
1692747,9.940099457009193,4
1692763,9.655295175196468,16
1692774,9.786032216627301,11
1692781,9.863851401900398,7
1692798,9.672835751771537,17
1692805,9.881233151848582,7
1692818,9.723869363175577,13
1692845,9.44751985625281,27
1692856,9.776500773902514,11
1692872,9.706006303465015,16
1692874,9.968821012764165,2
1692883,9.811386464231914,9
1692894,9.78575008595967,11
1692904,9.827984857574847,10
1692915,9.779037916714573,11
1692921,9.90969532614797,6
1692933,9.733129852649856,12
1692941,9.843080923015096,8
1692952,9.762399100401076,11
1692960,9.853479445858433,8
1692994,9.116334546953057,34
1693007,9.727077453323092,13
1693013,9.901684528597883,6
1693031,9.609997174738485,18
1693042,9.75761717427507,11
1693055,9.751115707836552,13
1693067,9.761722330301177,12
1693070,9.956267349238638,3
1693075,9.931780654637071,5
1693087,9.748161822742205,12
1693094,9.848783036803232,7
1693098,9.940151027605479,4
1693101,9.960998434023693,3
1693107,9.871288944074712,6
1693116,9.84193821019434,9
1693124,9.843299782449126,8
1693131,9.86988959111838,7
1693137,9.906973424921217,6
1693139,9.983641913074708,2
1693147,9.857349350036356,8
1693160,9.692217495516985,13
1693168,9.832284708416104,8
1693174,9.904158883822733,6
1693175,10.0,1
1693182,9.878445895205505,7
1693185,9.96260455186345,3
1693196,9.768588706418962,11
1693205,9.818653738306676,9
1693214,9.808662866718835,9
1693226,9.745387921924342,12
1693228,9.97856737379768,2
1693233,9.917959241926882,5
1693237,9.945789591847547,4
1693251,9.66245629791048,14
1693261,9.794358745362283,10
1693267,9.897978701405973,6
1693280,9.541150577820387,13
1693284,9.941236115833856,4
1693294,9.795141575550629,10
1693305,9.768485838409768,11
1693322,9.633938939134916,17
1693324,9.978694014736218,2
1693327,9.967582081233413,3
1693342,9.666621992366238,15
1693349,9.754976145926312,7
1693366,9.642784275957256,17
1693388,9.523730562640624,22
1693400,9.794630015930506,12
1693408,9.876025230668686,8
1693415,9.851044391201993,7
1693421,9.894639997141816,6
1693431,9.82058012369334,10
1693444,9.643574060037233,13
1693458,9.684981127503562,14
1693471,9.73815017436268,13
1693475,9.939404723604587,4
1693491,9.621737351692037,16
1693497,9.886869314348829,6
1693510,9.717906617620198,13
1693521,9.811948399196389,11
1693524,9.967424995489809,3
1693528,9.951288211822213,4
1693534,9.90309292546506,6
1693541,9.866806090127291,7
1693560,9.595985784780718,19
1693569,9.852593615927708,9
1693616,9.117295718304067,47
1693619,9.96670366456732,3
1693636,9.707716787224564,17
1693637,9.996597531905863,1
1693646,9.82992956846516,9
1693651,9.922498813291279,5
1693658,9.853623859848957,7
1693678,9.545542066846073,20
1693685,9.881348281409984,7
1693688,9.956627002579866,3
1693697,9.818304757019822,9
1693712,9.45565520272428,15
1693725,9.70667614599869,13
1693741,9.668300617875536,16
1693755,9.747867827592357,14
1693767,9.766808307648288,12
1693783,9.667044934478552,16
1693787,9.948364665018048,4
1693802,9.642230413920895,15
1693813,9.758571851609304,11
1693827,9.451015788902643,14
1693844,9.541987188019748,17
1693863,9.552227491981848,19
1693874,9.75762312856855,11
1693890,9.651042292932175,16
1693891,10.0,1
1693906,9.721770537577681,15
1693918,9.800607654092545,12
1693922,9.937574397700802,4
1693932,9.788223403093628,10
1693933,9.991920976697445,1
1693945,9.765495854761374,12
1693958,9.706432421923,13
1693977,9.536491784953782,19
1693996,9.561515119762205,19
1694006,9.796043433221948,10
1694013,9.850472747362627,7
1694022,9.814238933337831,9
1694027,9.907135888997132,5
1694037,9.778973514301203,10
1694049,9.739787276035152,12
1694064,9.670834158092582,15
1694078,9.68146450193095,14
1694095,9.601187690984217,17
1694103,9.840798174242577,8
1694112,9.831501861943046,9
1694122,9.805634521248631,10
1694129,9.890051959672148,7
1694135,9.889396651431205,6
1694140,9.916146477574888,5
1694142,9.985338684754115,2
1694145,9.960235518178257,3
1694158,9.713618169324548,13
1694177,9.562718725501927,19
1694193,9.63837888152507,16
1694231,8.991200225708269,38
1694245,9.682278571713564,14
1694260,9.648616916897687,15
1694272,9.725670749512783,12
1694281,9.820688434674906,9
1694290,9.827996501740323,9
1694304,9.69663645436095,14
1694305,9.992092103545268,1
1694317,9.754951415132354,12
1694330,9.74445529050432,13
1694331,10.0,1
1694339,9.858220293480512,8
1694349,9.800334925336271,10
1694362,9.586535992082172,13
1694363,10.0,1
1694374,9.751285528349873,11
1694387,9.700823830733972,13
1694398,9.741963713672147,11
1694404,9.890452096082852,6
1694421,9.638713952106679,17
1694433,9.50509608082274,12
1694444,9.782857580872932,11
1694460,9.570473817801723,16
1694477,9.60342252158812,17
1694488,9.7889313447993,11
1694505,9.608534844506991,17
1694520,9.653354201222582,15
1694523,9.963837917804543,3
1694528,9.91610028598921,5
1694534,9.895631329714606,6
1694538,9.942651800025121,4
1694560,9.547256683258391,22
1694566,9.896269389147719,6
1694570,9.934229991374522,4
1694571,10.0,1
1694585,9.712737950948247,14
1694596,9.752584976609167,11
1694599,9.958088952513979,3
1694607,9.844939086157972,8
1694623,9.665050437525723,16
1694636,9.702037738730759,13
1694637,10.0,1
1694650,9.738453066250537,13
1694669,9.523859189760952,19
1694676,9.882200705698457,7
1694691,9.679215040257313,15
1694692,10.0,1
1694696,9.931787073357235,4
1694697,10.0,1
1694755,9.030059083489371,58
1694759,9.933113564552974,4
1694768,9.844929697440397,9
1694776,9.84304794491667,8
1694781,9.911750901596054,5
1694788,9.857819383028188,7
1694794,9.902732900722874,6
1694806,9.719206192402241,12
1694812,9.899064018322944,6
1694823,9.762206480514463,11
1694832,9.831206443483211,9
1694848,9.7023500337735,16
1694865,9.40057773624081,17
1694871,9.881875394904778,6
1694881,9.802380102146403,10
1694889,9.848256457057907,8
1694910,9.352968801719785,21
1694912,9.972027013675861,2
1694922,9.789146230591841,10
1694939,9.231032528858453,17
1694950,9.777352773224354,11
1694964,9.574034871459354,14
1694985,9.560325748050273,21
1694988,9.95659154582175,3
1694994,9.890113609222327,6
1694995,10.0,1
1695000,9.9076697005362,5
1695011,9.786424359502238,11
1695022,9.807818701961637,11
1695031,9.840009032542548,9
1695048,9.610524656712387,17
1695061,9.734395401602573,13
1695062,10.0,1
1695078,9.71159123068056,16
1695093,9.657221092822972,15
1695103,9.809203493065421,10
1695113,9.830559877637933,10
1695121,9.83159444036969,8
1695136,9.633867311150244,15
1695137,10.0,1
1695149,9.75261802963522,12
1695156,9.887305913226367,7
1695159,9.975353329016393,3
1695165,9.902233174583461,6
1695174,9.841075297077573,9
1695184,9.791204865253977,10
1695186,9.976360337483252,2
1695194,9.824824887319343,8
1695201,9.8803743588684,7
1695206,9.93494901095483,5
1695218,9.822589674600795,12
1695227,9.818729256917358,9
1695246,9.575610457598096,19
1695258,9.789213108350578,12
1695261,9.954565950665817,3
1695271,9.804539109293586,10
1695286,9.540185620795004,15
1695293,9.867979098113139,7
1695308,9.642431332273706,15
1695337,9.328501382728593,29
1695347,9.776287388991923,10
1695349,9.968211051218201,2
1695355,9.881837956139993,6
1695367,9.728151960121473,12
1695375,9.819280576742079,8
1695385,9.829173588150047,10
1695386,9.989975872987204,1
1695392,9.913945858281862,6
1695395,9.955335373997446,3
1695406,9.801898074573915,11
1695419,9.702965684072511,13
1695428,9.8128528252583,9
1695441,9.713244809775368,13
1695445,9.949540472534043,4
1695448,9.957103063921627,3
1695459,9.782815076600066,11
1695465,9.886687361127747,6
1695469,9.926315136385968,4
1695478,9.83275950422044,9
1695484,9.892348936170121,6
1695492,9.826462211198177,8
1695501,9.740625164994688,9
1695520,9.595093215827802,19
1695521,10.0,1
1695529,9.863699976069743,8
1695536,9.890381889672046,7
1695548,9.73704862549477,12
1695556,9.843716665368087,8
1695559,9.956076908604555,3
1695562,9.954498226310399,3
1695569,9.876711811147853,7
1695575,9.88381913988596,6
1695588,9.715809707731768,13
1695597,9.812353276712317,9
1695608,9.775702492733267,11
1695620,9.738063900365955,12
1695626,9.895251196893735,6
1695632,9.81117779652703,6
1695635,9.96244650223803,3
1695645,9.821764327369861,10
1695648,9.95867485111373,3
1695657,9.84634228925236,9
1695661,9.948599045850251,4
1695675,9.716317785804874,14
1695679,9.942653796698773,4
1695695,9.681598973312186,16
1695709,9.711760680151494,14
1695713,9.94507994923451,4
1695722,9.81205084628545,9
1695738,9.714543010869683,16
1695747,9.82715958867556,9
1695757,9.800606483967762,10
1695774,9.682880302754551,17
1695792,9.571494566328079,18
1695798,9.894593185714694,6
1695805,9.858485618067498,7
1695817,9.622847743760424,12
1695824,9.853141813049215,7
1695830,9.907983833640603,6
1695864,9.133756989938576,34
1695874,9.794520839796666,10
1695881,9.867096972334918,7
1695894,9.719333218150258,13
1695907,9.7230983363385,13
1695910,9.957812998929375,3
1695919,9.823114756853334,9
1695925,9.89982193726508,6
1695939,9.659581990997443,14
1695948,9.807529017627902,9
1695978,9.393708489183094,30
1695994,9.62628282805517,16
1696002,9.860040695814172,8
1696014,9.742924737315956,12
1696024,9.787199443439281,10
1696043,9.58330767327135,19
1696049,9.889956945251626,6
1696059,9.792981510390703,10
1696070,9.804727162464566,11
1696078,9.871824228473903,8
1696092,9.722769816986222,14
1696097,9.916745316750642,5
1696108,9.771350535534152,11
1696122,9.684663304493393,14
1696133,9.775295970547413,11
1696141,9.882873624172182,8
1696149,9.871355976356623,8
1696159,9.788829060343062,10
1696171,9.747045538100364,12
1696181,9.787814102747577,10
1696185,9.940685212492038,4
1696195,9.58968535937063,10
1696206,9.765741984246898,11
1696210,9.949011542795711,4
1696231,9.48884778417485,21
1696236,9.919055627842145,5
1696241,9.927619601207585,5
1696258,9.616529243974732,17
1696272,9.67445555217419,14
1696273,10.0,1
1696274,10.0,1
1696285,9.779184477281701,11
1696300,9.663828953315852,15
1696306,9.888808987545298,6
1696335,9.473255401566268,29
1696337,9.975044015053223,2
1696346,9.828051330659225,9
1696380,9.30112329648996,34
1696393,9.729830055255597,13
1696406,9.767504654758852,13
1696411,9.91622663765506,5
1696418,9.870623867680402,7
1696419,10.0,1
1696422,9.961186491634653,3
1696430,9.835677276896002,8
1696441,9.791949593027462,11
1696442,10.0,1
1696454,9.735790688235152,12
1696461,9.88694489964218,7
1696466,9.938364338022206,5
1696474,9.861864436818944,8
1696488,9.523392482049998,14
1696489,9.99615046476133,1
1696497,9.82884485459453,8
1696516,9.597407517681784,19
1696528,9.727705576374419,12
1696539,9.754188966393418,11
1696554,9.72226687440964,15
1696560,9.876372835020314,6
1696570,9.807757664869833,10
1696572,9.977871156427641,2
1696573,10.0,1
1696574,9.9927695936308,1
1696588,9.704921344662425,14
1696599,9.769881308315945,11
1696615,9.67768873321009,16
1696636,9.52049665779746,21
1696645,9.82937572021218,9
1696657,9.736646805474642,12
1696661,9.942872481939922,4
1696672,9.760313053941756,11
1696684,9.753479232924164,12
1696687,9.965920825790606,3
1696691,9.944400982626394,4
1696700,9.82035756695526,9
1696715,9.67568076336718,15
1696728,9.760474082300135,13
1696740,9.7518124532825,12
1696751,9.74494431481112,11
1696761,9.830720464895451,10
1696771,9.83410472817422,10
1696772,10.0,1
1696778,9.909364823484857,6
1696788,9.807474184024786,10
1696792,9.94507266983832,4
1696801,9.798689604378986,9
1696806,9.92581869697389,5
1696819,9.710419759468342,13
1696820,10.0,1
1696830,9.82410423631658,10
1696831,10.0,1
1696847,9.656152381893753,16
1696915,8.422641527184682,68
1696929,9.72370448136951,14
1696934,9.91720117477237,5
1696948,9.777185848868776,14
1696959,9.778008318131747,11
1696973,9.725302498443144,14
1696982,9.821059693998492,9
1696996,9.69195217001192,14
1697006,9.771216506701752,10
1697010,9.946772743704992,4
1697020,9.794338734595065,10
1697031,9.756104989175238,11
1697043,9.732712383298162,12
1697054,9.815703162512975,11
1697064,9.77421994799933,10
1697072,9.868357781979366,8
1697081,9.840666916219021,9
1697091,9.785944941186,10
1697097,9.89772308897394,6
1697110,9.707022338851475,13
1697113,9.964225832351051,3
1697128,9.715951362583057,15
1697133,9.91293650558881,5
1697139,9.89693567895854,6
1697147,9.878457672947977,8
1697150,9.962933496653314,3
1697165,9.393988593521321,15
1697167,9.981092022406363,2
1697176,9.803811091388956,9
1697184,9.839717482098136,8
1697208,6.319484646663805,24
1697221,9.743533663589627,13
1697230,9.811472176827275,9
1697232,9.97030746526112,2
1697235,9.962147580360822,3
1697244,9.811676674585412,9
1697247,9.958067693943692,3
1697258,9.756550533106761,11
1697279,9.493494172368171,21
1697288,9.840106245882943,9
1697294,9.880125775688784,6
1697309,9.654153956163434,15
1697311,9.978460227978466,2
1697314,9.95696565076724,3
1697318,9.946312226421105,4
1697323,9.919350263139696,5
1697333,9.826100835394975,10
1697334,10.0,1
1697353,9.644649104821402,19
1697364,9.778947357556358,11
1697376,9.779812205672672,12
1697391,9.72351727962945,15
1697411,9.477000252925079,20
1697422,9.764463971303135,11
1697463,9.190476680033107,41
1697474,9.736828285145375,11
1697479,9.925798240454082,5
1697483,9.925415444291824,4
1697484,10.0,1
1697503,9.098958527133394,19
1697520,9.606778262040844,17
1697523,9.947161751661001,3
1697529,9.911517859577799,6
1697540,9.790371186155046,11
1697552,9.734393375074108,12
1697558,9.89081012995081,6
1697573,9.661765070221623,15
1697576,9.940946213193826,3
1697594,9.570665885503805,18
1697603,9.827786969121261,9
1697611,9.871513035974946,8
1697620,9.824987688452177,9
1697636,9.444872711048523,16
1697642,9.899069105016565,6
1697645,9.95721767366903,3
1697654,9.848608193981656,9
1697700,9.102287225185444,46
1697707,9.852899557556684,7
1697728,9.630401366502896,21
1697740,9.625035518284877,12
1697745,9.915197234753588,5
1697751,9.913707357683819,6
1697756,9.90817189427338,5
1697764,9.841040219204247,8
1697778,9.694242616803567,14
1697785,9.680153257316041,7
1697803,9.61040798422441,18
1697805,9.975541334403484,2
1697816,9.771694251873692,11
1697826,9.801409416215165,10
1697835,9.821313999421337,9
1697844,9.84687148675047,9
1697848,9.924477088147537,4
1697858,9.810521106610476,10
1697861,9.957494127579032,3
1697870,9.850979950082404,9
1697883,9.747508381563495,13
1697890,9.866345000747287,7
1697901,9.791404205106922,11
1697915,9.765355502160102,14
1697919,9.942173878841276,4
1697928,9.814848969948375,9
1697940,9.729765631058184,12
1697961,9.507832635454708,21
1697976,9.695094121772977,15
1697990,9.694710613114346,14
1697998,9.859257754732566,8
1698012,9.498509468320231,14
1698016,9.453846666336958,4
1698032,9.64474976548217,16
1698041,9.834672283698456,9
1698042,10.0,1
1698064,9.514424358618728,22
1698071,9.870129800433956,7
1698078,9.876012765975556,7
1698082,9.928099132051324,4
1698087,9.917402172036459,5
1698092,9.924821975700018,5
1698103,9.77425356663924,11
1698106,9.952334581865928,3
1698115,9.837562308408113,9
1698130,9.66570442701139,15
1698157,9.341343720083547,27
1698166,9.81301936959851,9
1698174,9.854237256609009,8
1698181,9.857269122231783,7
1698188,9.861026238176875,7
1698189,10.0,1
1698191,9.975098556178278,2
1698194,9.969744647468039,3
1698206,9.759079865465928,12
1698215,9.804536413958033,9
1698217,9.983957164976294,2
1698225,9.855940435437047,8
1698228,9.963689438381524,3
1698239,9.767751905379582,11
1698250,9.818422031867831,11
1698257,9.861641662769308,7
1698264,9.893522755350183,7
1698275,9.790099553642174,11
1698276,10.0,1
1698282,9.903664282913665,6
1698283,10.0,1
1698287,9.93697743667249,4
1698292,9.911503579914388,5
1698301,9.832386337925708,9
1698306,9.912434628598906,5
1698312,9.900617974280255,6
1698322,9.816586528577968,10
1698334,9.711694652412941,12
1698344,9.795019182962614,10
1698354,9.778260509360527,10
1698376,9.483675111330257,22
1698382,9.909354642419935,6
1698400,9.6927710636292,18
1698403,9.954595183574968,3
1698414,9.738495720910109,11
1698420,9.909008190446421,6
1698434,9.688236645061064,14
1698450,9.629928779920363,16
1698458,9.863224872167782,8
1698474,9.606190812928311,16
1698481,9.84084690027945,7
1698491,9.809436714394073,10
1698497,9.893870763286275,6
1698505,9.626281734248264,8
1698717,5.8821969798758005,212
1698730,9.71694716099724,13
1698743,9.701272286044116,13
1698750,9.849058604927304,7
1698765,9.645769618584206,15
1698778,9.703773218588823,13
1698788,9.78015360421324,10
1698791,9.960367472117554,3
1698797,9.900778185750909,6
1698817,9.491788112408992,20
1698831,9.728779500565865,14
1698846,9.694976440192944,15
1698847,9.988221593034567,1
1698857,9.780767785736467,10
1698864,9.861652833827176,7
1698868,9.92682895986826,4
1698880,9.71620180205535,12
1698886,9.914556744511739,6
1698901,9.541197129411307,15
1698919,9.605265674342267,18
1698928,9.805046298662859,9
1698933,9.903582425109104,5
1698944,9.774984800092874,11
1698954,9.789862532532544,10
1698962,9.853260245216784,8
1698979,9.66715904462269,17
1698991,9.715946620026322,12
1699009,9.617571423311555,18
1699021,9.76074518814419,12
1699034,9.718178229812324,13
1699035,10.0,1
1699050,9.671721703235637,15
1699059,9.835874319123835,9
1699077,9.6468210528639,18
1699089,9.781018512832544,12
1699094,9.920469296471168,5
1699104,9.790087336005715,10
1699118,9.766987373603396,14
1699119,10.0,1
1699120,10.0,1
1699129,9.820792736179254,9
1699140,9.764169976501064,11
1699148,9.828926580995192,8
1699152,9.929669046131112,4
1699163,9.780584374895563,11
1699166,9.95836870286768,3
1699178,9.744359048547171,12
1699189,9.75432501985242,11
1699197,9.83295672660419,8
1699198,10.0,1
1699202,9.93278502788818,4
1699216,9.703252497883682,14
1699235,9.603177746519012,19
1699252,9.567036775449143,17
1699267,9.696166367559705,15
1699275,9.870905000250648,8
1699281,9.883069663248572,6
1699283,9.975816728728809,2
1699295,9.777041989750213,12
1699300,9.900252783161717,5
1699304,9.941727254085578,4
1699316,9.755379644877936,12
1699325,9.811187171756421,9
1699335,9.781311038934682,10
1699345,9.792705895269073,10
1699350,9.930503719165394,5
1699359,9.83856945222932,9
1699369,9.794039642685059,10
1699391,9.590520939421756,22
1699401,9.800619670789162,10
1699412,9.788195169672948,11
1699421,9.815854883240783,9
1699422,10.0,1
1699438,9.713389795533306,16
1699457,9.563561459946033,19
1699463,9.886146097968487,6
1699467,9.941788395990871,4
1699492,9.484245194040785,25
1699493,10.0,1
1699510,9.607431292705709,17
1699528,9.56151383963355,18
1699529,10.0,1
1699530,10.0,1
1699540,9.834580789616695,10
1699557,9.59912953148963,17
1699576,9.538669926306046,19
1699590,9.669563025134748,14
1699596,9.91319516100031,6
1699608,9.755316009138301,12
1699620,9.758139800628374,12
1699623,9.966577361683742,3
1699634,9.755992613436913,11
1699647,9.770901843799702,13
1699656,9.816948993895346,9
1699670,9.65397367494528,14
1699682,9.773661330308375,12
1699693,9.784994845818572,11
1699694,10.0,1
1699712,9.684192267735718,18
1699723,9.77741935198225,11
1699733,9.808292103003843,10
1699739,9.906332738760184,6
1699752,9.701123007364426,13
1699765,9.70121419161775,13
1699772,9.8694372112386,7
1699777,9.903695973128665,5
1699782,9.927222795992806,5
1699800,9.643297073444177,18
1699814,9.68856847412154,14
1699830,9.660230911269874,16
1699838,9.83550524500528,8
1699852,9.707358694392738,14
1699857,9.904971690788555,5
1699873,9.650686204549332,16
1699896,9.259451715819624,23
1699897,10.0,1
1699901,9.939533653258033,4
1699917,9.646811825592735,16
1699923,9.886109578425206,6
1699937,9.654371148735187,14
1699940,9.954651386302313,3
1699954,9.7199304064519,14
1699963,9.816138084323642,9
1699971,9.86907897860956,8
1699982,9.77275906767616,11
1699989,9.889288643431119,7
1700006,9.726133021509979,17
1700009,9.960095233015029,3
1700010,10.0,1
1700024,9.733584623724735,14
1700042,9.564405718255339,18
1700058,9.70120279892636,16
1700076,9.57985140381237,18
1700083,9.882408639696946,7
1700097,9.782036884310687,14
1700105,9.848154969670665,8
1700119,9.72959604635328,14
1700145,9.278973362905322,26
1700155,9.792470637424008,10
1700164,9.611283634473551,9
1700180,9.725255810156245,16
1700186,9.90908148045304,6
1700217,8.892275192008583,31
1700226,9.830223211084867,9
1700232,9.884455782893058,6
1700236,9.931218853930497,4
1700237,10.0,1
1700253,8.61878149942985,16
1700261,9.654129589730697,8
1700267,9.901223405027512,6
1700280,9.722132481224326,13
1700281,10.0,1
1700289,9.846953844322034,8
1700296,9.871507559335846,7
1700321,9.524439507263295,25
1700331,9.79730132320688,10
1700342,9.762730737614676,11
1700353,9.72771564854111,11
1700364,9.74696258688124,11
1700374,9.579878942134773,10
1700381,9.876147550363607,7
1700384,9.955218058382364,3
1700385,10.0,1
1700403,9.600215820878336,18
1700415,9.751413562393084,12
1700422,9.8646400678584,7
1700428,9.880802371838769,6
1700440,9.75911173919838,12
1700458,9.570516862585924,18
1700468,9.80439772134597,10
1700479,9.80973443106478,11
1700485,9.891267682863882,6
1700494,9.824609732137718,9
1700501,9.880784650558578,7
1700508,9.862184444991534,7
1700516,9.845072993363788,8
1700517,10.0,1
1700531,9.702116935611768,14
1700537,9.88212534341108,6
1700546,9.81031682065723,9
1700547,10.0,1
1700557,9.808481540589057,10
1700563,9.890819218296237,6
1700576,9.710092760379702,13
1700582,9.89663370777478,6
1700585,9.949876961055924,3
1700593,9.83520668825555,8
1700610,9.602196827987717,17
1700626,9.612239917385809,16
1700627,10.0,1
1700635,9.838973761439945,8
1700640,9.921887938810585,5
1700646,9.897075380442878,6
1700654,9.85266921190006,8
1700663,9.817187363382507,9
1700676,9.715464911646887,13
1700692,9.636787561199544,16
1700699,9.860565170723614,7
1700711,9.759577019787596,12
1700726,9.709433893764784,15
1700728,9.970079654518853,2
1700731,9.964430945865637,3
1700747,9.679998383243639,16
1700749,9.973892627927317,2
1700757,9.824932810958995,8
1700765,9.860645918193823,8
1700773,9.84025950924809,8
1700786,9.67457323812296,13
1700798,9.74651293346558,12
1700799,10.0,1
1700800,10.0,1
1700801,9.996641794847942,1
1700812,9.77616219536321,11
1700813,10.0,1
1700822,9.805787677335676,9
1700834,9.740368575474795,12
1700837,9.965179008269523,3
1700842,9.926946987449977,5
1700861,9.628778838123374,19
1700870,9.843036988996253,9
1700883,9.70823210338858,13
1700897,9.699069501566767,14
1700903,9.902983261085431,6
1700918,9.666035194470789,15
1700928,9.79242960525393,10
1700934,9.892729314824765,6
1700952,9.300927981122383,18
1700962,9.79373380813527,10
1700965,9.95338914099055,3
1700974,9.829697201917035,9
1700978,9.937653674311896,4
1700993,9.6764759652316,15
1701004,9.800204678752218,11
1701014,9.793158073798827,10
1701015,10.0,1
1701019,9.940094409270129,4
1701027,9.85041281248517,8
1701041,9.679604011204072,14
1701042,10.0,1
1701047,9.91727932597076,5
1701065,9.594354545850443,18
1701078,9.715195008322826,13
1701084,9.89633687592371,6
1701110,9.557990960701524,26
1701126,9.615074562335616,16
1701132,9.905455782247339,6
1701140,9.831023654900635,8
1701147,9.872067039564975,7
1701170,9.580197150608486,23
1701185,9.64529610684316,15
1701186,10.0,1
1701189,9.953346637876809,3
1701200,9.75632146775089,11
1701207,9.866873471620709,7
1701225,9.623572062234313,18
1701237,9.772275514201356,12
1701249,9.75762410252614,12
1701250,10.0,1
1701253,9.959202069144228,3
1701254,10.0,1
1701268,9.7520283808239,14
1701271,9.969455084731878,3
1701272,10.0,1
1701284,9.711926989533682,12
1701297,9.699955843339318,13
1701306,9.854119315984505,9
1701307,10.0,1
1701316,9.843564039994753,9
1701329,9.698712696663975,13
1701332,9.968914731554527,3
1701347,9.679779987613161,15
1701360,9.76149065834897,13
1701379,9.555234304139015,19
1701395,9.628041285183595,16
1701396,10.0,1
1701403,9.86134824345361,7
1701409,9.919534823502634,6
1701415,9.886639681978348,6
1701416,9.996515418164089,1
1701419,9.954386173201987,3
1701429,9.826186662587602,10
1701440,9.497835202165753,11
1701453,9.687589511685111,13
1701472,9.613499850152023,19
1701485,9.752515296883638,13
1701498,9.712076765107716,13
1701509,9.766321528570796,11
1701510,10.0,1
1701521,9.797219359703934,11
1701539,9.574172843631118,18
1701548,9.84438700376163,9
1701549,10.0,1
1701558,9.814355927765265,9
1701570,9.753922595315302,12
1701577,9.875215768182603,7
1701581,9.943343793759574,4
1701596,9.699997236695522,15
1701601,9.930363645358275,5
1701614,9.70706840807127,13
1701625,9.805985583768603,11
1701640,9.693984242144323,15
1701659,9.429914950684104,19
1701675,9.661211913658116,16
1701687,9.726512098688488,12
1701717,9.377583445539482,30
1701726,9.844194994033717,9
1701727,10.0,1
1701731,9.941119904710456,4
1701736,9.921172678640314,5
1701749,9.739772051367536,13
1701767,9.567801009260641,18
1701792,9.431466045388245,25
1701801,9.822414208194571,9
1701811,9.805903737536037,10
1701830,9.562489208421377,19
1701835,9.930091333449841,5
1701853,9.174731284671305,18
1701868,9.65646610275603,15
1701880,9.761259401479851,12
1701890,9.780881587691342,10
1701905,9.71596330716033,15
1701906,10.0,1
1701918,9.75180535350301,12
1701928,9.810122806069407,10
1701945,9.608376618855738,17
1701965,7.611254832098144,20
1701968,9.958873161216507,3
1701975,9.889370252525891,7
1701985,9.798099587564915,10
1701994,9.803813134005537,9
1702002,9.829510231625894,8
1702008,9.907011848369091,6
1702021,9.718989925568135,13
1702034,9.772601401646808,13
1702045,9.80449763617127,11
1702048,9.965821505264488,3
1702066,9.547907756108437,18
1702071,9.939136940430148,5
1702084,9.749063343402705,13
1702092,9.834730476365888,8
1702098,9.888213157898363,6
1702113,9.538905638147885,15
1702125,9.75207194184685,12
1702133,9.864631321893917,8
1702142,9.823318925883289,9
1702151,9.812461609221765,9
1702161,9.845014294323528,10
1702162,10.0,1
1702173,9.746261121699964,11
1702190,9.629960210180897,17
1702191,9.992202257360134,1
1702205,9.686604356143734,14
1702214,9.801133523443974,9
1702228,9.712511601865334,14
1702240,9.748031487750385,12
1702241,10.0,1
1702250,9.822401116905393,9
1702259,9.806392665903747,9
1702267,9.853499720948294,8
1702347,8.349455730212904,80
1702352,9.926320284657336,5
1702358,9.890727319742872,6
1702369,9.698750194242223,11
1702371,9.975454186972016,2
1702375,9.947635371292236,4
1702389,9.700565728624383,14
1702398,9.832375843435635,9
1702412,9.71734683484912,14
1702417,9.932564008281535,5
1702429,9.732678004922438,12
1702437,9.879655829663815,8
1702448,9.784244506837888,11
1702451,9.947369830609329,3
1702470,9.579315313315462,19
1702475,9.912232009218059,5
1702520,9.133339132777813,45
1702526,9.910469081262875,6
1702540,9.697850063645573,14
1702548,9.871831286082319,8
1702561,9.716549906230622,13
1702569,9.858508969974412,8
1702578,9.819114614935073,9
1702579,10.0,1
1702580,10.0,1
1702583,9.96307810131677,3
1702586,9.94901751751048,3
1702593,9.88204207832938,7
1702594,10.0,1
1702602,9.853206091948426,8
1702628,9.452646384538191,26
1702639,9.262369166762552,11
1702654,9.712972449473368,15
1702660,9.8852402623283,6
1702672,9.737286636255407,12
1702675,9.96397621679079,3
1702684,9.825756095320987,9
1702701,9.70334797552217,17
1702718,9.621303964765726,17
1702721,9.95783596044336,3
1702735,9.691102519430459,14
1702743,9.831264471942255,8
1702759,9.712854600404016,16
1702771,9.773834933230823,12
1702776,9.908042884362972,5
1702783,9.853878824951433,7
1702793,9.75926215754018,10
1702799,9.902349753874223,6
1702808,9.837961910465886,9
1702818,9.800617814385161,10
1702826,9.848983974372413,8
1702836,9.806214484902197,10
1702842,9.906213172028568,6
1702852,9.833284360851366,10
1702861,9.797159128237547,9
1702867,9.890689758696318,6
1702877,9.819506154835592,10
1702887,9.798601352740178,10
1702899,9.712813219190192,12
1702907,9.816656507896,8
1702911,9.942007237649216,4
1702923,9.744094972187035,12
1702931,9.824255889864348,8
1702942,9.7666077026854,11
1702956,9.689588608455,14
1702982,9.57725197174662,26
1702998,9.638145609940505,16
1703006,9.853183626266013,8
1703020,9.668238233617043,14
1703028,9.82633522718255,8
1703035,9.880334165394933,7
1703054,9.630336727196772,19
1703058,9.934018436159878,4
1703064,9.892148242977829,6
1703068,9.925550541718863,4
1703071,9.96837368116443,3
1703080,9.806443121507106,9
1703098,9.700599687547816,18
1703104,9.886616622038003,6
1703109,9.90887329585359,5
1703110,10.0,1
1703114,9.946756104260906,4
1703123,9.839614270100956,9
1703137,9.730163049259344,14
1703138,10.0,1
1703145,9.884865588999121,7
1703151,9.697423279027149,6
1703159,9.845161615090944,8
1703160,10.0,1
1703162,9.983800192969268,2
1703178,9.625367100950122,16
1703196,9.608184799536188,18
1703201,9.923343917987042,5
1703204,9.963174331482842,3
1703218,9.661357424656671,14
1703225,9.859849641404656,7
1703238,9.68365586572944,13
1703249,9.766780555396663,11
1703255,9.909378040605153,6
1703266,9.795141187281436,11
1703271,9.917422985429672,5
1703284,9.698036157953823,13
1703292,9.866437176063542,8
1703293,10.0,1
1703307,9.690142474280274,14
1703313,9.891542651332758,6
1703327,9.771631085636116,14
1703339,9.731914497633896,12
1703341,9.97153278522895,2
1703342,10.0,1
1703343,10.0,1
1703346,9.963612558821486,3
1703354,9.837207170556395,8
1703362,9.832103034291384,8
1703366,9.932002010014411,4
1703372,9.895036134598351,6
1703379,9.865310876576352,7
1703405,9.363523316078615,26
1703412,9.877902999744544,7
1703442,9.432764568892436,30
1703449,9.86759605452009,7
1703459,9.809413090521756,10
1703467,9.863992452739135,8
1703478,9.796106563615051,11
1703479,10.0,1
1703496,9.622954019948445,17
1703504,9.830602887369695,8
1703509,9.927356378172068,5
1703521,9.746167384836099,12
1703529,9.834981377539746,8
1703530,10.0,1
1703539,9.84131555803704,9
1703549,9.772018646201504,10
1703559,9.800258947484794,10
1703567,9.854213548482358,8
1703570,9.964005518794682,3
1703584,9.687755162786857,14
1703594,9.782644866416685,10
1703608,9.72004741784277,14
1703618,9.817408021562288,10
1703647,9.425788623980658,29
1703656,9.8541641552137,9
1703660,9.920510976054809,4
1703667,9.870009980473963,7
1703688,9.602325923247772,21
1703695,9.88190322125881,7
1703701,9.892981154373263,6
1703711,9.815066738781178,10
1703721,9.769839474386218,10
1703735,9.662312206051464,14
1703744,9.805569711269802,9
1703758,9.660083275518781,14
1703772,9.6668756765318,14
1703783,9.765135182308859,11
1703785,9.96994527265087,2
1703788,9.958039822866056,3
1703789,10.0,1
1703801,9.782028185734756,12
1703807,9.890335851505801,6
1703819,9.794032212589865,12
1703838,9.630697734884718,19
1703842,9.951381775011475,4
1703857,9.695323246264982,15
1703871,9.690907649589844,14
1703890,9.643265928930541,19
1703904,9.784244055899183,14
1703907,9.95236500428327,3
1703912,9.912063683188148,5
1703920,9.860328971067416,8
1703931,9.806193701539039,11
1703945,9.679600917234769,14
1703957,9.774140757466006,12
1703958,10.0,1
1703960,9.982510420790662,2
1703972,9.81531129832128,12
1703989,9.676708319094079,17
1703994,9.925363019744955,5
1704005,9.778332928944225,11
1704012,9.876218452504594,7
1704024,9.730785802478028,12
1704025,10.0,1
1704039,9.688928607390162,14
1704048,9.805332677207758,9
1704054,9.898736690560215,6
1704063,9.841934864873599,9
1704075,9.753656062745991,12
1704076,10.0,1
1704080,9.938756320366702,4
1704083,9.95921518049801,3
1704091,9.844096741227082,8
1704102,9.733066651288091,11
1704108,9.894456205551066,6
1704120,9.746963405383989,12
1704138,9.626865304319903,18
1704142,9.937262993939697,4
1704143,10.0,1
1704151,9.821030922742125,8
1704165,9.680878374277212,14
1704171,9.891678367142406,6
1704188,9.65064775608884,17
1704209,9.527888403756553,21
1704228,9.568875270773509,19
1704229,10.0,1
1704276,9.096259218524695,47
1704282,9.89516908431496,6
1704308,9.512692938217814,26
1704315,9.863072139635147,7
1704323,9.836125927925956,8
1704332,9.810304146303096,9
1704336,9.943624399198567,4
1704348,9.801951582766344,12
1704363,9.669480167932495,15
1704394,9.349069752798542,31
1704403,9.810903073077885,9
1704417,9.659139453075136,14
1704423,9.90873450629201,6
1704436,9.764370027464132,13
1704441,9.930342626874788,5
1704443,9.979561980543671,2
1704453,9.776226709510478,10
1704458,9.902226664373046,5
1704466,9.8638499039846,8
1704473,9.858923289919879,7
1704483,9.798248702721807,10
1704491,9.83126265981277,8
1704501,9.79284012833862,10
1704513,9.74487975246305,12
1704519,9.894652334099147,6
1704522,9.956697516169355,3
1704531,9.807754686217343,9
1704545,9.719960927635432,14
1704553,9.840905748361195,8
1704570,9.636187141695025,17
1704571,10.0,1
1704587,9.616863772410117,16
1704597,9.78543436770761,10
1704611,9.688069602771309,14
1704617,9.88437722842913,6
1704637,9.61837554712357,20
1704651,9.694459929582095,14
1704655,9.950031447320198,4
1704664,9.816138508071795,9
1704669,9.92846508833835,5
1704688,8.089835068676386,19
1704709,9.42870650441342,21
1704717,9.855523847708993,8
1704728,9.80660690207512,11
1704739,9.7615921742395,11
1704745,9.8816243827594,6
1704762,9.648182249237674,17
1704764,9.985090665606402,2
1704778,9.692628225276655,14
1704783,9.914270651517233,5
1704789,9.913450630257762,6
1704800,9.800411806299538,11
1704810,9.803246603451424,10
1704818,9.880127133736504,8
1704828,9.820064372798745,10
1704835,9.872961462613418,7
1704841,9.906481869916005,6
1704853,9.763223111081823,12
1704861,9.84343228574279,8
1704862,10.0,1
1704871,9.839139605794431,9
1704878,9.875748853727327,7
1704884,9.87791435130841,6
1704890,9.88722222145046,6
1704891,10.0,1
1705165,4.46690797481793,274
1705180,9.64356152348903,15
1705181,10.0,1
1705182,10.0,1
1705183,9.992047748548426,1
1705184,10.0,1
1705196,9.727179194340952,12
1705202,9.89569568193896,6
1705221,9.5606505415839,19
1705228,9.878930945717363,7
1705241,9.793307307675589,13
1705258,9.618511550029504,17
1705260,9.986128726198185,2
1705279,9.610098010678785,19
1705286,9.888165901345738,7
1705309,9.487477890594981,23
1705329,9.609657898813731,20
1705330,10.0,1
1705344,9.70959174489617,14
1705356,9.76389680835211,12
1705366,9.791547434810992,10
1705376,9.802954304576096,10
1705382,9.904242091788126,6
1705405,9.49659828859386,23
1705412,9.902093984810573,7
1705420,9.861702582048306,8
1705431,9.780934528421565,11
1705447,9.669132017193375,16
1705460,9.74359611598398,13
1705464,9.939685362165118,4
1705473,9.842470693085467,9
1705569,8.038899603931345,96
1705588,9.561444858004311,19
1705607,9.612194800565089,19
1705617,9.832040015864111,10
1705628,9.743688527784588,11
1705638,9.782452211784094,10
1705661,9.608787832769186,23
1705667,9.899619243280155,6
1705678,9.762473673831098,11
1705679,10.0,1
1705692,9.699444523947225,13
1705696,9.93647965327359,4
1705712,9.751634511018592,16
1705732,9.57530814126933,20
1705746,9.67392050344602,14
1705765,9.630689709938341,19
1705774,9.854295760604712,9
1705775,10.0,1
1705791,9.683540605944867,16
1705794,9.968986101256846,3
1705801,9.888399144057427,7
1705807,9.902104698279716,6
1705816,9.837095398959914,9
1705825,9.814356611749695,9
1705833,9.848122785712562,8
1705853,9.552308965794959,20
1705867,9.693552164159598,14
1705878,9.735404213762001,11
1705884,9.913126703401197,6
1705894,9.794093829798571,10
1705909,9.643680157533149,15
1705920,9.80407798974591,11
1705929,9.838743740890806,9
1705931,9.970404188925823,2
1705947,9.337052071729012,16
1705963,9.676455347524843,16
1705971,9.838621165982138,8
1705985,9.72473373359152,14
1705997,9.711135082957094,12
1705998,10.0,1
1706005,9.881413770587445,7
1706014,9.824614570410919,9
1706015,10.0,1
1706022,9.860134514022166,7
1706023,10.0,1
1706037,9.712798795006428,14
1706048,9.75085199652212,11
1706056,9.843243562542096,8
1706062,9.898337444269183,6
1706071,9.837010342917285,9
1706080,9.808774997774497,9
1706093,9.73443102927181,13
1706112,8.809781981452748,19
1706113,10.0,1
1706125,9.813187458276387,12
1706139,9.704668426288201,14
1706143,9.947509154329016,4
1706152,9.857714623676122,9
1706163,9.75606231796763,11
1706168,9.927431249365627,5
1706178,9.806118243691062,10
1706179,10.0,1
1706184,9.90814253856098,5
1706272,8.197985045020198,88
1706293,9.586233253634289,21
1706294,10.0,1
1706301,9.893931506105197,7
1706306,9.908971762465205,5
1706318,9.744065043590096,12
1706336,9.595063615359997,18
1706350,9.682356995356686,14
1706363,9.707779457660468,13
1706385,8.497544324130267,22
1706390,9.90499956182203,5
1706391,10.0,1
1706404,9.725376496743168,13
1706408,9.936987148156252,4
1706423,9.702844360611481,15
1706434,9.805738458984077,11
1706435,10.0,1
1706446,9.755206082006383,11
1706458,9.75287988824557,12
1706459,10.0,1
1706471,9.794041177218629,12
1706490,9.645876786558981,19
1706505,9.715658312962834,15
1706514,9.851587234615655,9
1706547,9.213063977369112,33
1706549,9.982372372538428,2
1706562,9.684165377770627,13
1706567,9.902596105049769,5
1706573,9.903253567777549,6
1706581,9.842560752969804,8
1706589,9.855637485726668,8
1706596,9.876812073446107,7
1706605,9.839727336891594,9
1706611,9.883877659012848,6
1706620,9.829024765850281,9
1706625,9.910052824816583,5
1706637,9.772799311722737,12
1706657,9.513801785413404,20
1706663,9.8818924134862,6
1706930,4.870963973951954,267
1706933,9.953296847674096,3
1706934,10.0,1
1706942,9.873814146440077,8
1706943,9.993272161217355,1
1706944,10.0,1
1706958,9.668127125998176,14
1706970,9.780685307727754,12
1706981,9.796903728063157,11
1706982,10.0,1
1706996,9.690853260721134,14
1706999,9.963386532310032,3
1707009,9.809772497396372,10
1707013,9.922957176158082,4
1707027,9.696595486338284,14
1707028,9.99609240158457,1
1707029,10.0,1
1707035,9.889901604449218,6
1707043,9.851170177774653,8
1707055,9.734639800787175,12
1707075,9.508422487997866,20
1707091,9.693885376332766,16
1707093,9.973805517577894,2
1707099,9.90531653594567,6
1707115,9.665675557499203,16
1707124,9.736269465871548,9
1707135,9.779427735885173,11
1707169,8.892988909398891,34
1707182,9.723347973797875,13
1707192,9.801394880581153,10
1707200,9.861215706272331,8
1707204,9.930759783314064,4
1707216,9.73312130159554,12
1707217,10.0,1
1707221,9.934518462317403,4
1707229,9.855943229760982,8
1707232,9.951768753651773,3
1707242,9.822889322110546,10
1707244,9.985557343920505,2
1707245,10.0,1
1707256,9.808781469697536,11
1707267,9.760635177856601,11
1707275,9.877572590702012,8
1707292,9.633814598595995,17
1707301,9.828228320707236,9
1707311,9.82865952991731,10
1707323,9.777257107697906,12
1707327,9.93561461985786,4
1707341,9.69955269796175,14
1707347,9.908242748699475,6
1707355,9.881156753647861,8
1707368,9.749792802032957,13
1707378,9.810628155501954,10
1707379,10.0,1
1707380,9.996791642326125,1
1707391,9.751286765376223,11
1707395,9.929831215452104,4
1707405,9.838660745898173,10
1707420,9.658914203775343,15
1707426,9.88931608603829,6
1707429,9.964201369648622,3
1707446,9.623801589507854,17
1707456,9.804692897682553,10
1707462,9.880899501681277,6
1707469,9.87773195772694,7
1707473,9.937905393847597,4
1707484,9.776581131732247,11
1707499,9.684609845759036,15
1707513,9.33093408718039,14
1707522,9.828557078484748,9
1707535,9.695980199549417,13
1707538,9.956546149775864,3
1707553,9.64620705254816,15
1707557,9.946797978763158,4
1707588,9.181963321698731,31
1707589,10.0,1
1707605,9.71867467685592,16
1707616,9.76347745586525,11
1707617,10.0,1
1707631,9.70850374486969,14
1707642,9.807442913923216,11
1707653,9.79712636919618,11
1707658,9.924919845734179,5
1707675,9.69107723954088,17
1707692,9.64816233328774,17
1707711,9.588117126728648,19
1707721,9.770761555157101,10
1707733,9.75921816597504,12
1707747,9.677120385936512,14
1707751,9.925288349897572,4
1707764,9.74328901938516,13
1707768,9.946750600704478,4
1707779,9.766756404503148,11
1707781,9.96966117339587,2
1707791,9.784961240581044,10
1707793,9.973803806148917,2
1707802,9.838147587898293,9
1707806,9.938258558036738,4
1707810,9.933400996662524,4
1707819,9.839312282501995,9
1707826,9.868592971683134,7
1707837,9.786547526458811,11
1707848,9.7906908004002,11
1707856,9.8739857739322,8
1707864,9.813672664130555,8
1707871,9.875891511858633,7
1707876,9.919698138114967,5
1707882,9.909565532434534,6
1707889,9.857874255347909,7
1707903,9.700114511394709,14
1707924,8.672592307678705,21
1707937,9.724511103522971,13
1707949,9.722580844286272,12
1707955,9.880442292405693,6
1707958,9.963250418068844,3
1707970,9.727960811647266,12
1707974,9.95088875782839,4
1707989,9.635179278980647,15
1708004,9.702165959570278,15
1708008,9.953785737227035,4
1708020,9.732769259270986,12
1708021,10.0,1
1708033,9.545585901906188,12
1708041,9.85667682189924,8
1708057,9.646912662529365,16
1708064,9.87169819294958,7
1708074,9.812799338473344,10
1708081,9.856362780852763,7
1708088,9.885867738688097,7
1708097,9.824029855251819,9
1708107,9.802467027101413,10
1708119,9.714261937406576,12
1708130,9.7686251651739,11
1708140,9.830023359491037,10
1708141,10.0,1
1708153,9.758512812765504,12
1708187,9.096568171144039,34
1708199,9.737633257728326,12
1708204,9.91297738684088,5
1708212,9.857075517569674,8
1708216,9.929679828870892,4
1708217,9.989009641831863,1
1708226,9.809183885491016,9
1708242,9.62178561651924,16
1708254,9.766069119259132,12
1708259,9.930712060788228,5
1708272,9.758796386782839,13
1708275,9.953098862622788,3
1708291,9.729022372724577,16
1708304,9.718801935445649,13
1708314,9.815192751148079,10
1708329,9.711354679546337,15
1708339,9.813946247943525,10
1708367,9.415982919134574,28
1708382,9.67650293500645,15
1708389,9.849388387030258,7
1708396,9.846425559050873,7
1708412,9.653294252336407,16
1708415,9.965007915786364,3
1708423,9.860895135382236,8
1708433,9.830655263713279,10
1708454,9.585402076763529,21
1708466,9.723187955952799,12
1708469,9.96966612834439,3
1708479,9.814729249868524,10
1708493,9.705057659812102,14
1708503,9.790402995419088,10
1708518,9.700844546767343,15
1708527,9.805768443268118,9
1708542,9.632109090760855,15
1708555,9.565776958060884,13
1708556,10.0,1
1708567,9.784204416603973,11
1708574,9.861629246490354,7
1708583,9.809620046378605,9
1708596,9.721141250684896,13
1708608,9.717748146983162,12
1708620,9.766500251820109,12
1708623,9.967094839270027,3
1708635,9.78707382558579,12
1708646,9.742096583721272,11
1708656,9.772091185542239,10
1708668,9.735408776931006,12
1708680,9.783540545627627,12
1708689,9.633852536902985,9
1708700,9.761325250680725,11
1708711,9.773863087974709,11
1708724,9.705981435205704,13
1708756,9.189166728342247,32
1708761,9.914491887172288,5
1708774,9.77234356203364,13
1708776,9.979446204642267,2
1708790,9.688315794644135,14
1708799,9.791779979400848,9
1708810,9.795793139198473,11
1708817,9.880979038694875,7
1708826,9.815115682822144,9
1708831,9.928870843414035,5
1708838,9.86606054642102,7
1708840,9.98591476664271,2
1708842,9.970256581441308,2
1708860,9.582130224287145,18
1708864,9.9447124954497,4
1708871,9.74890435775526,7
1708872,10.0,1
1708881,9.816709296759115,9
1708887,9.895067545776351,6
1708901,9.650507784890264,14
1708914,9.716419650808389,13
1708992,8.39633733404862,78
1709001,9.79759222600996,9
1709016,9.719622860746552,15
1709023,9.882897501369413,7
1709040,9.623426987466468,17
1709051,9.750613490496065,11
1709063,9.757607087360036,12
1709064,10.0,1
1709070,9.890679399644172,6
1709080,9.82722243011783,10
1709093,9.716414643830502,13
1709094,10.0,1
1709107,9.73562702203059,13
1709111,9.947710101829784,4
1709115,9.929633036589701,4
1709129,9.699762834828471,14
1709137,9.860231774169467,8
1709139,9.969988715523405,2
1709148,9.829808871116812,9
1709149,10.0,1
1709160,9.819404752007042,11
1709167,9.872034390410127,7
1709184,9.64792709361511,17
1709195,9.775710169794925,11
1709207,9.73354015072882,12
1709220,9.726034880009774,13
1709228,9.881782868643802,8
1709229,10.0,1
1709243,9.58272451540823,14
1709249,9.904931217452212,6
1709260,9.789329838937025,11
1709261,10.0,1
1709265,9.933024021089533,4
1709273,9.859015061616308,8
1709286,9.73441999553878,13
1709300,9.691697858278243,14
1709301,10.0,1
1709303,9.973883895984143,2
1709314,9.780789776370225,11
1709334,9.507982992118743,20
1709339,9.927879863195253,5
1709346,9.859859751184349,7
1709363,9.518581619512,17
1709373,9.819780159377567,10
1709374,9.988328378948257,1
1709385,9.752814837586877,11
1709398,9.749934283415142,13
1709407,9.854582122469388,9
1709424,9.664707780373183,17
1709438,9.68730248797694,14
1709447,9.858825982567472,9
1709449,9.97548000447378,2
1709450,10.0,1
1709457,9.868450818024352,7
1709474,9.595097264271667,17
1709483,9.818168086745686,9
1709484,10.0,1
1709495,9.777927570295924,11
1709502,9.857202301764033,7
1709511,9.815450598665985,9
1709522,9.8270816982757,11
1709528,9.894644497524302,6
1709542,9.670581598853374,14
1709559,9.589288407306285,17
1709569,9.769067825426736,10
1709577,9.853856828529969,8
1709580,9.96497277822813,3
1709594,9.720688137647096,14
1709605,9.754301968621089,11
1709609,9.943516866521467,4
1709619,9.79280804412706,10
1709622,9.963668506184764,3
1709625,9.96485968375062,3
1709635,9.772009346976837,10
1709636,10.0,1
1709642,9.90213534299925,6
1709652,9.775714618555341,10
1709653,10.0,1
1709662,9.806860212503201,9
1709673,9.763599558293256,11
1709676,9.949267449863257,3
1709686,9.766983215421202,10
1709693,9.879693848394622,7
1709703,9.77163349566881,10
1709727,9.235797432643286,24
1709740,9.728346584613188,13
1709753,9.717923462185478,13
1709763,9.792460799931828,10
1709775,9.750572639327808,12
1709782,9.88463967749253,7
1709790,9.857958528419173,8
1709804,9.667218651638665,14
1709813,9.796279021442368,9
1709823,9.795912296420981,10
1709824,10.0,1
1709831,9.877829872284726,7
1709839,9.850749089461893,8
1709855,9.661438743816724,16
1709859,9.939243426390659,4
1709874,9.687595166897665,15
1709880,9.891031134108674,6
1709885,9.923371904865261,5
1709893,9.835545689422847,8
1709909,9.67657949328681,16
1709916,9.876343162627597,7
1709924,9.866026652501374,8
1709938,9.739845273534876,14
1709948,9.794041322992616,10
1709952,9.945841282337351,4
1709961,9.864170384968876,9
1709974,9.686661279101012,13
1709988,9.735674714493607,14
1709998,9.829362450330951,10
1710008,9.796397812873337,10
1710040,9.448586481151423,32
1710043,9.949766005468136,3
1710060,9.584356641583172,17
1710061,10.0,1
1710077,9.613331143616918,16
1710087,9.830363425947152,10
1710093,9.87808233876303,6
1710100,9.862092021260171,7
1710108,8.78789601095093,8
1710121,9.705075926960765,13
1710129,9.845180902755297,8
1710131,9.980573768570324,2
1710143,9.779775369314606,12
1710159,9.626946552236465,16
1710169,9.782050473271491,10
1710173,9.948968199155177,4
1710183,9.792898441459823,10
1710185,9.977096739476847,2
1710208,7.3141040009943,23
1710218,9.816454204429935,10
1710219,10.0,1
1710232,9.715570552126495,13
1710235,9.958486599232254,3
1710239,9.948107302350415,4
1710240,10.0,1
1710254,9.677286988064461,14
1710279,9.478573942140633,25
1710287,9.759247405684391,8
1710288,9.991614728224224,1
1710299,9.780828153260197,11
1710310,9.801735407497283,11
1710328,9.585686078488918,18
1710339,9.745419741277557,11
1710340,10.0,1
1710353,9.758627253668479,13
1710364,9.757646634933975,11
1710375,9.792779581949905,11
1710382,9.851649993557038,7
1710385,9.965200258733901,3
1710391,9.877163442658599,6
1710397,9.906723827063841,6
1710406,9.826898944930281,9
1710619,5.799215551429146,213
1710622,9.960415468893064,3
1710644,9.547716879190292,22
1710659,9.709785868384342,15
1710673,9.713111504511769,14
1710682,9.838487571690655,9
1710693,9.767536926087427,11
1710707,9.71035445363614,14
1710716,9.825791191207633,9
1710724,9.875697668529288,8
1710726,9.968431898735655,2
1710729,9.968960869530394,3
1710738,9.843098790217521,9
1710739,10.0,1
1710747,9.831671885764079,8
1710748,10.0,1
1710753,9.913481759388832,5
1710761,9.836213560551418,8
1710779,9.599194357522935,18
1710788,9.81177629428114,9
1710793,9.921383221519877,5
1710808,9.671149052445315,15
1710822,9.681318595119098,14
1710841,9.582241971654863,19
1710850,9.808395274115988,9
1710858,9.836247097537932,8
1710894,9.266886655088594,36
1710904,9.805491224729309,10
1710911,9.846076849974777,7
1710916,9.902129214834286,5
1710925,9.812072196874952,9
1710933,9.867753601138075,8
1710945,9.753625712964784,12
1710948,9.95291346198463,3
1710953,9.928622300085088,5
1710954,10.0,1
1710955,10.0,1
1710961,9.889479463218338,6
1710968,9.891391093229497,7
1710975,9.89019344846225,7
1710983,9.844657974532048,8
1711000,9.624508925743754,17
1711003,9.959879345261161,3
1711005,9.970076865795921,2
1711006,10.0,1
1711016,9.804285715902507,10
1711017,10.0,1
1711030,9.739959762358621,13
1711045,9.715495185457188,15
1711050,9.92523525771671,5
1711057,9.882136904222593,7
1711067,9.785123475558702,10
1711077,9.821405000824077,10
1711078,9.988009070239928,1
1711099,8.849359559953276,21
1711113,9.66578434856134,14
1711123,9.830798718867774,10
1711133,9.813228459073477,10
1711145,9.735186617304223,12
1711156,9.276907066799524,11
1711173,9.608380689102123,17
1711194,9.603800082431206,21
1711198,9.951739446927238,4
1711200,9.978299019212214,2
1711212,9.723257842449595,12
1711216,9.94794076067564,4
1711228,9.763360640113113,12
1711232,9.955557979796563,4
1711241,9.828619792036465,9
1711246,9.909263939339786,5
1711251,9.913914975956033,5
1711257,9.889432523053964,6
1711258,10.0,1
1711263,9.931679561746046,5
1711268,9.919869897371766,5
1711281,9.709997622005003,13
1711282,10.0,1
1711291,9.812471083729987,9
1711300,9.806638255525934,9
1711317,9.617276479441326,17
1711321,9.945502555887971,4
1711325,9.938615850348238,4
1711347,9.51173205914729,22
1711358,9.777723013552079,11
1711371,9.695477366778842,13
1711385,9.657431818375102,14
1711402,9.608963571499002,17
1711415,9.706466621595114,13
1711431,9.633960739974487,16
1711435,9.92717527828935,4
1711436,10.0,1
1711437,9.993165612755247,1
1711444,9.859953270837442,7
1711455,9.758012466997926,11
1711466,9.769852004074744,11
1711482,9.64545627161379,16
1711491,9.831160918112786,9
1711500,9.821641884261231,9
1711507,9.87820414685621,7
1711509,9.986839989175023,2
1711517,9.862144448798542,8
1711523,9.89782006784691,6
1711524,10.0,1
1711528,9.938138733209575,4
1711537,9.802960155510535,9
1711545,9.850077856088426,8
1711556,9.785147352223866,11
1711557,10.0,1
1711565,9.866511967627524,8
1711566,10.0,1
1711588,9.48134215459195,22
1711596,9.839963230140379,8
1711597,10.0,1
1711608,9.768900296703794,11
1711621,9.690167102841226,13
1711635,9.64439845398495,14
1711640,9.921181400902336,5
1711650,9.793243266250656,10
1711660,9.809686306854607,10
1711678,9.629600181190844,18
1711684,9.906251307815086,6
1711685,9.989037218450793,1
1711697,9.735206042795443,12
1711698,9.996530681455598,1
1711704,9.887020980649705,6
1711705,10.0,1
1711706,10.0,1
1711716,9.788937860001194,10
1711733,9.600432380717603,17
1711748,9.728735210582142,15
1711755,9.864690827109673,7
1711765,9.81502161384809,10
1711775,9.707805571595848,10
1711785,9.832753192215833,10
1711794,9.839963086334256,9
1711807,9.731922587033518,13
1711817,9.789808883059958,10
1711826,9.79660276892978,9
1711837,9.790259876995087,11
1711845,9.844682078708695,8
1711863,9.619043383352523,18
1711864,10.0,1
1711881,9.655784874026889,17
1711897,9.605290078344353,16
1711899,9.975978385986066,2
1711910,9.809179908492633,11
1711921,9.763918038082075,11
1711931,9.794390490454008,10
1711951,9.527794341715907,20
1711966,9.661161717075979,15
1711971,9.908465112529738,5
1711987,9.654643228653278,16
1711990,9.954960431007715,3
1712024,9.380897604886776,34
1712035,9.747102891419619,11
1712043,9.871499972320468,8
1712053,9.812039496305704,10
1712066,9.73958238563244,13
1712077,9.756320026134151,11
1712081,9.952137092927455,4
1712085,9.934368977206399,4
1712095,9.78708405683519,10
1712096,10.0,1
1712110,9.686984503056603,14
1712116,9.90200363939339,6
1712119,9.967664077318183,3
1712132,9.732188940987122,13
1712140,9.87840564543928,8
1712152,9.279177487154756,12
1712154,9.978476524319424,2
1712156,9.9707344143257,2
1712168,9.717573886392849,12
1712181,9.694940263695631,13
1712185,9.931031871917899,4
1712186,10.0,1
1712193,9.85209951701121,7
1712205,9.721364585529706,12
1712206,10.0,1
1712212,9.881748192678264,6
1712222,9.79276454934331,10
1712236,9.696779951001837,14
1712237,10.0,1
1712246,9.826490883266061,9
1712260,9.651490786057463,14
1712261,9.996410966999802,1
1712268,9.895546985763923,7
1712276,9.841948438897315,8
1712277,10.0,1
1712283,9.89688613610325,6
1712298,9.646374034353814,15
1712306,9.839875704700242,8
1712318,9.750715134281208,12
1712325,9.862327120795182,7
1712328,9.954674144349427,3
1712329,10.0,1
1712339,9.780564008202182,10
1712351,9.766053559662776,12
1712360,9.81143914194786,9
1712368,9.86236849296787,8
1712379,9.74318152077012,11
1712386,9.858463139690882,7
1712391,9.91592700711159,5
1712400,9.81788158271452,9
1712410,9.790867024017308,10
1712412,9.979366790088399,2
1712417,9.927771077965756,5
1712424,9.873376263243628,7
1712425,10.0,1
1712435,9.791494650324397,10
1712445,9.800846657517022,10
1712457,9.74556502478094,12
1712462,9.935114021813742,5
1712468,9.912695661912174,6
1712479,9.782321231153265,11
1712480,10.0,1
1712490,9.799288349275605,10
1712501,9.766978942981764,11
1712506,9.920255528458759,5
1712507,10.0,1
1712519,9.42646625663837,12
1712523,9.929548423754836,4
1712537,9.691970326834364,14
1712542,9.918059385545977,5
1712550,9.845828864947729,8
1712561,9.471594760985816,11
1712567,9.914092884200002,6
1712580,9.765026925801203,13
1712597,9.577418734018114,17
1712605,9.851363298309503,8
1712606,10.0,1
1712622,9.674890002659424,16
1712641,8.877300509241419,19
1712654,9.75212511650578,13
1712657,9.959187643452974,3
1712666,9.629375430243273,9
1712679,9.710504968139313,13
1712695,9.685852125876055,16
1712709,9.69052863236339,14
1712717,9.832035882485311,8
1712726,9.842475418144103,9
1712734,9.867478307135022,8
1712739,9.937727326658248,5
1712761,9.535812950544663,22
1712767,9.876416002093777,6
1712769,9.966320095874545,2
1712777,9.82411815388071,8
1712778,9.995991705878598,1
1712788,9.797370380738947,10
1712800,9.742042254096766,12
1712809,9.810320631210821,9
1712815,9.916701400142578,6
1712833,9.414511647552118,18
1712834,10.0,1
1712864,9.4130612534812,30
1712870,9.906071301323674,6
1712871,10.0,1
1712877,9.888333524576707,6
1712878,10.0,1
1712897,9.581942525318155,19
1712898,10.0,1
1712913,9.662508482367434,15
1712917,9.92809820927012,4
1712920,9.956070234975254,3
1712927,9.859406728466396,7
1712938,9.775148696604852,11
1712955,9.659564612463251,17
1712970,9.674478217100825,15
1712982,9.748884109625646,12
1712994,9.75965727436456,12
1712999,9.922663259117485,5
1713010,9.769259336702339,11
1713012,9.968903238325362,2
1713013,10.0,1
1713019,9.890206992742808,6
1713028,9.347326991206925,9
1713039,9.75541546165911,11
1713046,9.872938604946352,7
1713060,9.732560170844758,14
1713068,9.840839709176565,8
1713091,9.51356534158143,23
1713106,9.669633379767735,15
1713112,9.892133931204945,6
1713125,9.778095661412182,13
1713129,9.942029381228267,4
1713141,9.710211626441732,12
1713159,9.610205122990417,18
1713171,9.708813307916294,12
1713190,9.626512090763196,19
1713204,9.67953033811725,14
1713215,9.771270598790931,11
1713225,9.841651842125751,10
1713232,9.86147303897621,7
1713245,9.71820591095626,13
1713255,9.810060177829424,10
1713264,9.829423335293221,9
1713270,9.90050167387517,6
1713281,9.754202273541841,11
1713292,9.763492618819425,11
1713308,9.700655348926844,16
1713326,9.596573546811609,18
1713336,9.787581310224006,10
1713340,9.942643911953846,4
1713347,9.851478298481124,7
1713352,9.93543324256669,5
1713359,9.864767111801033,7
1713365,9.899302678263021,6
1713371,9.880317135050946,6
1713382,9.782931820492413,11
1713392,9.818469041005073,10
1713393,10.0,1
1713405,9.742008368261244,12
1713411,9.88053042476132,6
1713427,9.654908267591352,16
1713439,9.738515978905772,12
1713442,9.963936748348496,3
1713454,9.78693718062748,12
1713457,9.963731832734876,3
1713468,9.789322249336813,11
1713474,9.902737412163095,6
1713484,9.808819926787654,10
1713498,9.68174218943899,14
1713499,10.0,1
1713509,9.80751689520728,10
1713527,9.56939279596211,18
1713542,9.716367146407652,15
1713552,9.813357807123513,10
1713562,9.86042571517926,10
1713565,9.96993263092066,3
1713577,9.794385348156622,12
1713586,9.828322974115205,9
1713590,9.930649057931161,4
1713597,9.870987409327974,7
1713619,9.55942106044966,22
1713635,9.632178540507322,16
1713650,9.662842703274785,15
1713664,9.689993792550753,14
1713677,9.759054712722326,13
1713698,9.563505062217288,21
1713703,9.916439029920145,5
1713710,9.889305236136192,7
1713716,9.896134273654646,6
1713721,9.922959338030767,5
1713722,10.0,1
1713726,9.937305361988756,4
1713728,9.98124630392443,2
1713736,9.818109069778671,8
1713747,9.784986620959591,11
1713750,9.962066525833517,3
1713776,9.438780672741217,26
1713782,9.901660920266956,6
1713792,9.768058659350691,10
1713793,10.0,1
1713808,9.608785413184258,15
1713821,9.734659021220963,13
1713824,9.961577830737369,3
1713827,9.965735446171735,3
1713838,9.791551425602535,11
1713843,9.912724881328844,5
1713850,9.887705872549125,7
1713869,9.637229753024672,19
1713882,9.699034313633907,13
1713936,8.970371006249332,54
1713951,9.691191502285633,15
1713964,9.72855331992332,13
1713975,9.778428886941638,11
1713994,9.555885935982637,19
1714002,9.852897019286484,8
1714013,9.798946570133376,11
1714026,9.764125841362068,13
1714035,9.839818461434998,9
1714046,9.795834306975294,11
1714059,9.725946389288122,13
1714062,9.960949411104009,3
1714064,9.970891104054923,2
1714079,9.634326022342444,15
1714080,9.992604530328185,1
1714081,10.0,1
1714091,9.825580785258177,10
1714096,9.91817171225586,5
1714112,9.529794707882653,16
1714115,9.958055738277203,3
1714124,9.832018458467848,9
1714125,10.0,1
1714134,9.820904772278459,9
1714135,10.0,1
1714144,9.803646688303036,9
1714145,10.0,1
1714188,9.109405870127356,43
1714193,9.917161701045412,5
1714194,10.0,1
1714206,9.740477024515938,12
1714217,9.77657590460346,11
1714235,9.591089023758332,18
1714239,9.926701134369079,4
1714252,9.689797337364844,13
1714258,9.882042746415713,6
1714274,9.343661870528368,16
1714275,10.0,1
1714281,9.87856346422106,6
1714282,10.0,1
1714289,9.870495916596479,7
1714306,9.634138278316517,17
1714318,9.719870419060442,12
1714327,9.828197739470639,9
1714346,9.58868568420715,19
1714357,9.809791995843543,11
1714379,9.549203572795395,22
1714386,9.882229746652376,7
1714408,9.617657629690633,22
1714419,9.808060437864244,11
1714434,9.691051033143628,15
1714435,10.0,1
1714457,9.54888106607228,22
1714477,9.57338581558597,20
1714502,9.445977120893255,25
1714505,9.967316965420588,3
1714514,9.820763059923346,9
1714532,9.662728573506248,18
1714542,9.797794751092525,10
1714550,9.87010633420269,8
1714567,9.620931883455153,17
1714584,9.675510235258017,17
1714591,9.889814353802196,7
1714593,9.97379634755738,2
1714608,9.659693168774325,15
1714614,9.900582011803348,6
1714617,9.95414728374113,3
1714634,9.612324018517869,17
1714639,9.90924098435911,5
1714650,9.795387314521033,11
1714656,9.882596902549693,6
1714659,9.969548264516275,3
1714674,9.646559465463884,15
1714690,9.634405239642366,16
1714696,9.898370639076093,6
1714697,10.0,1
1714711,9.675953751703414,14
1714723,9.743294308814745,12
1714741,9.586408985789669,18
1714752,9.774144560406722,11
1714758,9.906867166208832,6
1714769,9.765876718959058,11
1714780,9.743580493157296,11
1714790,9.821867067023637,10
1714791,10.0,1
1714801,9.776975931581065,10
1714808,9.907812470226153,7
1714833,9.485945709185135,25
1714834,10.0,1
1714840,9.905806386687535,6
1714879,8.93430516599037,39
1715379,-155.73246979315107,500
1715388,9.814693841165454,9
1715888,-149.56662869933317,500
1716388,-19.900501469258867,500
1716888,-96.86412729277332,500
1717388,-16.170195900505018,500
1717888,-37.13271667176956,500
1718388,-59.24911858433006,500
1718888,-16.4403973980529,500
1718900,9.762335534505688,12
1718911,9.764182443056404,11
1718925,9.75486388309844,14
1718936,9.789479836906812,11
1718937,9.988864263376504,1
1718943,9.898148118542737,6
1718958,9.622650006556922,15
1718982,9.400619948742463,24
1718989,9.882174894902743,7
1719007,9.49817245830518,18
1719020,9.701063706708357,13
1719021,10.0,1
1719032,9.754054863709806,11
1719045,9.728125362582285,13
1719053,9.853145324900037,8
1719061,9.835900923534512,8
1719078,9.643972775823878,17
1719085,9.858150981035509,7
1719087,9.972507839496279,2
1719107,9.528940658734973,20
1719108,10.0,1
1719116,9.83707301172351,8
1719127,9.760043433915715,11
1719134,9.889572172040708,7
1719151,9.551976563114872,17
1719162,9.755854457449793,11
1719174,9.768528313760548,12
1719185,9.770564125329553,11
1719202,9.645964835572661,17
1719211,9.816156321264874,9
1719223,9.731687002280685,12
1719227,9.950574753500499,4
1719239,9.759023788156119,12
1719240,10.0,1
1719241,10.0,1
1719255,9.696344290139677,14
1719261,9.90611952424641,6
1719270,9.814318759889947,9
1719283,9.72759748148888,13
1719294,9.77857788987515,11
1719303,9.851018746034068,9
1719311,9.849667227294999,8
1719321,9.612268145743045,10
1719335,9.303583433524977,14
1719343,9.850576151678215,8
1719347,9.94141770640696,4
1719356,9.83264860732191,9
1719365,9.723943299797696,9
1719418,8.950121504164263,53
1719430,9.768934029183075,12
1719438,9.752206196596234,8
1719450,9.737441527798527,12
1719465,9.666667033681325,15
1719474,9.821173195674385,9
1719486,9.753110926538307,12
1719501,9.688841679435576,15
1719512,9.779183430882323,11
1719514,9.973037248381845,2
1719529,9.700658508935064,15
1719538,9.824450828620531,9
1719544,9.89644303929951,6
1719557,9.75877346520353,13
1719570,9.618216715287941,13
1719576,9.892977363159515,6
1719581,9.922838744211226,5
1719582,10.0,1
1719596,9.668131732546668,14
1719600,9.93694791279529,4
1719612,9.732768492963379,12
1719619,9.860209988941685,7
1719620,9.99625566445564,1
1719622,9.970483104644778,2
1719635,9.737257921521227,13
1719640,9.93092517989039,5
1719646,9.90765263002653,6
1719648,9.985956954363626,2
1719650,9.975706110392828,2
1719664,9.696419256363466,14
1719668,9.940038008895366,4
1719682,9.690604000613309,14
1719723,9.232779324339536,41
1719724,10.0,1
1719731,9.859382057491466,7
1719744,9.723428147304608,13
1719752,9.840069193195223,8
1719754,9.975826773874216,2
1719755,10.0,1
1719764,9.822876766184065,9
1719771,9.879684135758195,7
1719785,9.746015678211409,14
1719790,9.913273124377495,5
1719802,9.746356921617815,12
1719803,9.99665713861411,1
1719815,9.443857440479809,12
1719828,9.723072920373198,13
1719832,9.931995087810192,4
1719846,9.685056410308148,14
1719857,9.74210320651243,11
1719886,5.463737958583136,29
1719899,9.531672019202352,13
1719909,9.817187347032613,10
1719912,9.949179067871116,3
1719923,9.814379396702881,11
1719930,9.858397510505096,7
1719939,9.819107588004726,9
1719945,9.922321156295428,6
1719948,9.963691760221533,3
1719954,9.894498280110065,6
1719963,9.806340986721171,9
1719970,9.849669683819718,7
1719976,9.896231721274216,6
1719977,10.0,1
1719985,9.858233779625465,8
1719989,9.944606062951808,4
1720001,9.742017962765285,12
1720004,9.962027970676445,3
1720007,9.967330739653189,3
1720025,9.417969029754692,18
1720033,9.80917853694935,8
1720035,9.978250096091788,2
1720046,9.762889644991,11
1720077,9.262176879063755,31
1720089,9.730867146522133,12
1720101,9.764427183921429,12
1720117,9.623923458955861,16
1720120,9.955834565907669,3
1720130,9.794622945103615,10
1720142,9.752908301976706,12
1720163,9.304758575882039,21
1720170,9.84953569852968,7
1720189,9.568476087042512,19
1720202,9.72862473122387,13
1720210,9.848259549055767,8
1720223,9.71161640514246,13
1720236,9.700200157741147,13
1720254,9.603329120325999,18
1720263,9.82342433189898,9
1720290,9.434168315914896,27
1720298,9.852327069879296,8
1720320,9.280380309249493,22
1720324,9.936474305904198,4
1720336,9.75043629683105,12
1720345,9.859973136940114,9
1720364,9.638900407925274,19
1720369,9.905135505902429,5
1720370,10.0,1
1720383,9.549974766399814,13
1720395,9.766734238992793,12
1720402,9.88149207987482,7
1720417,9.673414287003768,15
1720418,9.99235241733941,1
1720434,9.663710463644936,16
1720442,9.82475795381841,8
1720443,10.0,1
1720446,9.969124420947663,3
1720448,9.97666725621311,2
1720454,9.887613994967191,6
1720455,9.996708570651988,1
1720467,9.74398759592515,12
1720483,9.631340158174512,16
1720492,9.84319767727959,9
1720541,7.511587810961196,49
1720552,9.790232242568624,11
1720559,9.859279188138656,7
1720569,9.755869042445623,10
1720578,9.616911392325097,9
1720595,9.657712180530773,17
1720609,9.724927615950852,14
1720615,9.89226895440781,6
1720616,10.0,1
1720619,9.953306136607269,3
1720620,10.0,1
1720623,9.951912943018487,3
1720636,9.723656572716115,13
1720642,9.887491499573173,6
1720647,9.915751585582097,5
1720665,9.505772449092497,18
1720674,9.83204489704488,9
1720678,9.92633594344271,4
1720681,9.95977775832841,3
1720687,9.896376978284277,6
1720697,9.801451636783229,10
1720710,9.748196510188034,13
1720724,9.669325098648779,14
1720731,9.886559470770615,7
1720744,9.71427198670068,13
1720753,9.868808331760135,9
1720764,9.795559979108306,11
1720766,9.973081465147889,2
1720779,9.741283999976206,13
1720787,9.839359234770294,8
1720792,9.946878842135078,5
1720793,10.0,1
1720801,9.875894850835424,8
1720803,9.9863795591736,2
1720809,9.894910698419297,6
1720816,9.875269439231968,7
1720824,9.850967503907457,8
1720833,9.831949834991608,9
1720843,9.827781538820656,10
1720854,9.81862602421153,11
1720857,9.959048800575477,3
1720877,9.52061200214072,20
1720897,9.52119109165191,20
1720903,9.909474603850487,6
1720906,9.9591083850921,3
1720922,9.630666282680265,16
1720936,9.690786533986218,14
1721436,-36.18846525973774,500
1721440,9.953885385377717,4
1721458,9.602975610990507,18
1721470,9.740749684511378,12
1721478,9.840992490059117,8
1721485,9.863726646533282,7
1721492,9.895096447963363,7
1721507,9.049218339446105,15
1721511,9.928192010025226,4
1721512,10.0,1
1721513,10.0,1
1721523,9.805443013218047,10
1721524,10.0,1
1721528,9.942150484680942,4
1721537,9.811875207997476,9
1721552,9.71577159110273,15
1721554,9.967349639622782,2
1721561,9.864434564416843,7
1721572,9.778403867142545,11
1721583,9.320270841500706,11
1721624,9.290500236397198,41
1721633,9.815833649520224,9
1721643,9.784021232268891,10
1721649,9.888222568510205,6
1721650,9.996668104095914,1
1721652,9.985888022455136,2
1721654,9.975585077413095,2
1721668,9.665882449793301,14
1721679,9.751224227651782,11
1721681,9.978840777669966,2
1721692,9.775471612553602,11
1721704,9.761046768721101,12
1721711,9.873117241810675,7
1721724,9.721530851096604,13
1721732,9.651874269769134,8
1721745,9.706068281197068,13
1721746,10.0,1
1721758,9.746754630368287,12
1721775,9.628591513486954,17
1721778,9.9477344256525,3
1721787,9.824397158028244,9
1721796,9.817004514274686,9
1721804,9.88062917758388,8
1721805,10.0,1
1721820,9.731335780974797,15
1721821,10.0,1
1721832,9.763212525454707,11
1721840,9.836974735282244,8
1721846,9.88771034194297,6
1721847,10.0,1
1721855,9.858285964431664,8
1721890,9.088682562883571,35
1721903,9.760145308850658,13
1721904,9.992875459162816,1
1721925,9.571801139113417,21
1721926,10.0,1
1721936,9.8064199241379,10
1721954,9.572461108275165,18
1721955,10.0,1
1721961,9.891284119021021,6
1721970,9.818185476808202,9
1721971,9.98819353305183,1
1721984,9.696594212117986,13
1721987,9.954351579077445,3
1721988,10.0,1
1721995,9.75040506757086,7
1722003,9.84922170128157,8
1722008,9.905728535180282,5
1722016,9.8372696724051,8
1722035,9.57425654819645,19
1722044,9.840949107033666,9
1722060,9.671872156137589,16
1722070,9.775213289251651,10
1722074,9.949399476220126,4
1722084,9.828198736859227,10
1722089,9.930375350880105,5
1722099,9.800288444749569,10
1722113,9.682878230899806,14
1722116,9.959774331922084,3
1722130,9.714364529982905,14
1722137,9.887529269940503,7
1722147,9.796464174922091,10
1722151,9.94286076338698,4
1722162,9.7940675895112,11
1722166,9.941220689660986,4
1722184,8.766130204548855,18
1722188,9.948709672388844,4
1722189,10.0,1
1722202,9.687394432080772,13
1722208,9.890232427743854,6
1722213,9.922892799257294,5
1722214,10.0,1
1722222,9.84927796694084,8
1722223,10.0,1
1722235,9.749699079402301,12
1722236,10.0,1
1722251,9.6921644526688,15
1722255,9.934120134129536,4
1722259,9.947154079314176,4
1722276,9.2627385224474,17
1722303,9.507106380745547,27
1722310,9.865958629730269,7
1722311,10.0,1
1722326,9.67095973996156,15
1722333,9.875691155442606,7
1722344,9.78251786589926,11
1722353,9.823789101866657,9
1722365,9.748168676552138,12
1722366,10.0,1
1722381,9.651574819401093,15
1722387,9.900210011777709,6
1722411,9.56940665882239,24
1722427,9.601165577413484,16
1722455,9.418885405000175,28
1722460,9.91277971078973,5
1722466,9.891611970405567,6
1722467,10.0,1
1722478,9.790613197858006,11
1722489,9.740796705497402,11
1722500,9.82842139626618,11
1722501,10.0,1
1722502,10.0,1
1722513,9.79443973962404,11
1722525,9.711802121347954,12
1722526,10.0,1
1722536,9.818915582237043,10
1722558,9.338319146313243,22
1722559,9.996674222516829,1
1722560,10.0,1
1722579,9.61509972732679,19
1722585,9.898996557606827,6
1722597,9.743297092897704,12
1722603,9.889484834257713,6
1722616,9.716395256038643,13
1722623,9.880646664914606,7
1722628,9.92500172150365,5
1722641,9.718703435218348,13
1722655,9.579542817998435,14
1722665,9.800830569746212,10
1722674,9.827441180224456,9
1722693,9.621142420137625,19
1722702,9.824304760953076,9
1722717,9.639535203054969,15
1722726,9.81957754976786,9
1722733,9.885584976285315,7
1722740,9.881804636436199,7
1722753,9.722991977098214,13
1722754,9.996177485600189,1
1722761,9.867725133437776,7
1722773,9.758220984209144,12
1722785,9.748194284545221,12
1722792,9.86001817839306,7
1722804,9.758913757209507,12
1722812,9.862042094122131,8
1722822,9.782598159148055,10
1722829,9.873765222868222,7
1722836,9.887115292549666,7
1722847,9.78580428249597,11
1722859,9.727727271237276,12
1722860,10.0,1
1722878,9.639029137219715,18
1722886,9.83056789809088,8
1722887,10.0,1
1722893,9.904491218884719,6
1722902,9.823318821608868,9
1722911,9.824683764013534,9
1722924,9.708423501311563,13
1722932,9.865991998211603,8
1722938,9.893215784662178,6
1722949,9.746339204189326,11
1722959,9.78875467324988,10
1722972,9.772684164661277,13
1722976,9.944024372322,4
1723003,9.12753407014675,27
1723009,9.895430279424604,6
1723016,9.860525335189266,7
1723036,9.546542960543535,20
1723048,9.757097725985632,12
1723061,9.720003269965712,13
1723083,9.568579526000725,22
1723101,9.563516913819438,18
1723102,10.0,1
1723110,9.872996048055949,8
1723118,9.834851330770496,8
1723129,9.77943069188245,11
1723140,9.76884943423251,11
1723145,9.901645467273308,5
1723151,9.893147079550012,6
1723156,9.912041251280792,5
1723169,9.699151499191785,13
1723179,9.804403460039161,10
1723189,9.79366017283341,10
1723196,9.848251659372567,7
1723209,9.534347019210971,13
1723218,9.821050304705832,9
1723230,9.73058066680633,12
1723238,9.830370907820551,8
1723245,9.85003708312407,7
1723255,9.797096245854053,10
1723264,9.808768755954272,9
1723278,9.691116532830604,14
1723287,9.810361427371646,9
1723291,9.944215958584842,4
1723296,9.924155296832216,5
1723299,9.949687637469447,3
1723306,9.873161853402458,7
1723315,9.809850582508869,9
1723317,9.98075967023368,2
1723332,9.650564244623915,15
1723338,9.885868397649752,6
1723348,9.82149481724561,10
1723355,9.85671105410544,7
1723362,9.886385995663462,7
1723390,9.411181778630292,28
1723401,9.780407893966283,11
1723413,9.745312717945646,12
1723414,10.0,1
1723422,9.865417196372277,8
1723423,9.987083089577894,1
1723424,9.992363062964898,1
1723429,9.910994783174534,5
1723444,9.692737679563928,15
1723445,10.0,1
1723449,9.941286464978228,4
1723454,9.91808219329111,5
1723455,10.0,1
1723471,9.63905944617377,16
1723485,9.710365325612372,14
1723495,9.77098792584398,10
1723496,10.0,1
1723511,9.64446366465365,15
1723517,9.886474082235726,6
1723523,9.881660356295058,6
1723533,9.766197649925772,10
1723544,9.782950208241585,11
1723557,9.696751933612179,13
1723567,9.799022605873656,10
1723573,9.87886856335384,6
1723598,9.41420229773932,25
1723616,9.59329971646172,18
1723617,10.0,1
1723627,9.823542676069556,10
1723641,9.675162959207652,14
1723651,9.79807752436097,10
1723664,9.715419036968957,13
1723683,9.611555031592884,19
1723686,9.950397450854757,3
1723687,9.99192362276396,1
1723696,9.836194617028479,9
1723703,9.881182756331432,7
1723716,9.728797255459012,13
1723729,9.719693579712155,13
1723736,9.870581011199318,7
1723745,9.81769958901534,9
1723756,9.78080259287612,11
1723764,9.844064214686961,8
1723774,9.78263701474366,10
1723780,9.894158717246592,6
1723791,9.749802566074068,11
1723797,9.882403803534002,6
1723807,9.825843347932896,10
1723821,9.680065694232182,14
1723822,10.0,1
1723828,9.895855326582595,6
1723834,9.89445722660564,6
1723835,10.0,1
1723848,9.704031910422435,13
1723849,10.0,1
1723865,9.633319127868722,16
1723878,9.770200971226622,13
1723883,9.907257692403135,5
1723886,9.96683397911074,3
1723903,9.689872299233743,17
1723913,9.799879944052485,10
1723920,9.868508299654694,7
1723934,9.58044116554964,14
1723953,9.65610437549982,19
1723967,9.706640981396633,14
1723972,9.913257001503954,5
1723981,9.799463902284769,9
1723996,9.66257583041446,15
1724009,9.724634361008357,13
1724014,9.918183595984178,5
1724020,9.885678911860508,6
1724035,9.722733501254018,15
1724052,9.564465774502345,17
1724061,9.810779178257059,9
1724075,9.727440267797089,14
1724076,10.0,1
1724078,9.976138228959266,2
1724090,9.731594492238766,12
1724102,9.728334608630364,12
1724119,9.653664877488557,17
1724120,10.0,1
1724124,9.937367789698826,4
1724125,10.0,1
1724139,9.665662209157812,14
1724144,9.915975204083708,5
1724161,9.577888807842367,17
1724175,9.708124420823664,14
1724193,9.614688966076107,18
1724209,9.60631094846619,16
1724217,9.830258698340376,8
1724233,9.676509480634657,16
1724257,9.559486206300326,24
1724266,9.825535491726777,9
1724276,9.79350431052419,10
1724286,9.826140555104425,10
1724294,9.851593813582408,8
1724305,9.811991954560776,11
1724315,9.838237515585023,10
1724327,9.743311381498014,12
1724341,9.680707388215714,14
1724354,9.713590987741394,13
1724355,10.0,1
1724368,9.752993136356691,13
1724376,9.843749951066716,8
1724404,9.349199021864425,28
1724412,9.839559004649502,8
1724413,10.0,1
1724423,9.62093527223303,10
1724433,9.803394014849706,10
1724452,9.607054863199776,19
1724453,10.0,1
1724460,9.897084613828051,7
1724469,9.814047422105222,9
1724478,9.811851226312253,9
1724486,9.854906251841625,8
1724491,9.912772484889851,5
1724492,9.988656496275048,1
1724493,9.992615777648554,1
1724507,9.657958944775682,14
1724543,9.133749258504533,36
1724549,9.898354084889377,6
1724558,9.838897691101446,9
1724561,9.962515046012564,3
1724571,9.78443183410142,10
1724581,9.82116709961353,10
1724585,9.932660767849102,4
1724594,9.83394717009447,9
1724598,9.944930915456238,4
1724602,9.931669361940966,4
1724608,9.876523480368851,6
1724615,9.84666904400069,7
1724632,9.635849966473648,17
1724639,9.883234880615614,7
1724651,9.73673803828136,12
1724670,9.663113189928241,19
1724682,9.742128145046674,12
1724696,9.732327275805023,14
1724705,9.83448173786058,9
1724725,9.40817749240121,20
1724808,8.46679929949795,83
1724819,9.769227394546416,11
1724833,9.707303583610006,14
1724843,9.791308322875608,10
1724844,10.0,1
1724854,9.80336828375393,10
1724860,9.904371695328122,6
1724868,9.83718478668355,8
1724875,9.865351071367456,7
1724890,9.026898821173479,15
1724901,9.791445871908648,11
1724909,9.856609951530096,8
1724923,9.762350204664303,14
1724927,9.940168357028806,4
1724947,9.58938756236455,20
1724954,9.869520745368277,7
1724958,9.932033753451023,4
1724968,9.799754509728528,10
1724972,9.934445624855698,4
1724973,10.0,1
1724974,9.9962872700731,1
1724978,9.949805038838516,4
1724991,9.694618318859906,13
1724997,9.874874179968634,6
1725001,9.953621601162764,4
1725032,9.377985256970632,31
1725046,9.672267913051945,14
1725055,9.82432474031458,9
1725058,9.95565959274289,3
1725075,9.552061257402864,17
1725092,9.628746559778765,17
1725096,9.928715954430823,4
1725099,9.947801349121706,3
1725110,9.77154384612616,11
1725115,9.911507282960997,5
1725120,9.915289008880873,5
1725133,9.729595352125001,13
1725142,9.848950282232442,9
1725159,9.624685452264147,17
1725187,9.41249567697612,28
1725200,9.71668714121311,13
1725207,9.884349732119036,7
1725219,9.797351532530307,12
1725231,9.732920079280268,12
1725242,9.41101966205892,11
1725250,9.860922528299293,8
1725257,9.87060649541845,7
1725266,9.789596009346369,9
1725280,9.6951502966877,14
1725295,9.694327107353573,15
1725309,9.758784585106435,14
1725311,9.97533511806798,2
1725321,9.8357135663762,10
1725334,9.710949180026523,13
1725340,9.912964109884907,6
1725347,9.87346337800688,7
1725351,9.933509344115816,4
1725352,10.0,1
1725365,9.70413675358742,13
1725371,9.896799802604036,6
1725379,9.835964084351327,8
1725384,9.921148020118109,5
1725385,10.0,1
1725395,9.779809021127171,10
1725406,9.792220919816009,11
1725415,9.814973222937331,9
1725422,9.84998781890303,7
1725433,9.77155125193571,11
1725448,9.671232934602527,15
1725460,9.779346315988292,12
1725466,9.910344063648008,6
1725475,9.815715462726807,9
1725476,9.987691933680976,1
1725482,9.910874804798457,6
1725491,9.849859790002967,9
1725501,9.793636809747374,10
1725518,9.604391671997396,17
1725532,9.559251931084008,14
1725544,9.757247402322756,12
1725553,9.808477904668917,9
1725556,9.950787876521346,3
1725564,9.842082777127894,8
1725567,9.962894075505293,3
1725593,9.494421886249492,26
1725602,9.817282498811783,9
1725616,9.711598842780436,14
1725617,10.0,1
1725632,9.673339243763612,15
1725641,9.61057977159127,9
1725653,9.736262727653093,12
1725655,9.972695596849924,2
1725672,9.645725887271096,17
1725676,9.935858777777415,4
1725692,9.738984885506207,16
1725713,9.585714398209149,21
1725725,9.750855556875678,12
1725741,9.68009090134148,16
1725761,9.61063422897332,20
1725790,9.398336402451966,29
1725804,9.684013786717946,14
1725821,9.488332120018523,17
1725825,9.941513543788872,4
1725826,10.0,1
1725837,9.791674868332612,11
1725839,9.978755243155664,2
1725857,9.651284637382448,18
1725868,9.765308359133465,11
1725869,10.0,1
1725892,9.498461179262128,23
1725894,9.979030775541469,2
1725912,9.480980967041448,18
1725913,10.0,1
1725916,9.970343963220701,3
1725923,9.880988400631258,7
1725924,10.0,1
1725936,9.749767793508015,12
1725947,9.750138603699675,11
1725957,9.79192581188586,10
1725964,9.874443081262035,7
1725967,9.950920872420332,3
1725978,9.782648415992382,11
1725992,9.713175691851209,14
1726002,9.791926225232906,10
1726021,9.562696827202924,19
1726025,9.93357539940771,4
1726035,9.786462159552533,10
1726041,9.91742139035251,6
1726054,9.724872636710115,13
1726055,10.0,1
1726065,9.782714643429555,10
1726072,9.865143279073347,7
1726079,9.88519148373797,7
1726090,9.773257416692909,11
1726091,10.0,1
1726096,9.923449624380208,5
1726112,9.667898503488718,16
1726123,9.773664376046598,11
1726124,10.0,1
1726126,9.978817394289752,2
1726145,9.519474605408977,19
1726153,9.80872490004918,8
1726164,9.745642815358114,11
1726167,9.949830946350554,3
1726168,10.0,1
1726175,9.85961552904502,7
1726176,10.0,1
1726191,9.695828927883937,15
1726193,9.970874883173646,2
1726201,9.858595561919234,8
1726202,10.0,1
1726203,10.0,1
1726210,9.876706800852338,7
1726224,9.704874824812503,14
1726241,9.642942693787539,17
1726247,9.879086050898533,6
1726256,9.789189434331806,9
1726267,9.766052504606746,11
1726273,9.87582314334508,6
1726280,9.898708801552205,7
1726289,9.81449390753033,9
1726294,9.932550266203227,5
1726310,9.661213426725519,16
1726319,9.820726872892013,9
1726327,9.849253165136242,8
1726343,9.70488241596145,16
1726354,9.802880159004644,11
1726360,9.904338878524849,6
1726372,9.754571940826093,12
1726375,9.955933547934656,3
1726376,10.0,1
1726389,9.714013393375065,13
1726406,9.6509960847091,17
1726417,9.77112571486751,11
1726422,9.910896789210351,5
1726433,9.744644079200391,11
1726451,9.555992593004484,18
1726460,9.826170751395221,9
1726461,10.0,1
1726473,9.752738020638837,12
1726493,9.603443344694004,20
1726501,9.849574171726765,8
1726508,9.872632947064146,7
1726520,9.739804122396743,12
1726531,9.747831966037278,11
1726539,9.865453072681587,8
1726560,9.537621010328367,21
1726565,9.93966881785199,5
1726569,9.945970954206432,4
1726573,9.940647319314452,4
1726584,9.810571128897429,11
1726601,9.633043030414454,17
1726608,9.872395105469726,7
1726619,9.777675353040816,11
1726623,9.93150195200634,4
1726639,9.631797740636094,16
1726647,9.861321838604916,8
1726648,9.995962510368088,1
1726656,9.851363063879058,8
1726673,9.608763699400505,17
1726680,9.852574429153629,7
1726683,9.959409089555935,3
1726698,9.671745587931158,15
1726699,10.0,1
1726716,9.626872261900496,17
1726727,9.76448535648989,11
1726739,9.774484033519645,12
1726743,9.934307497794746,4
1726750,9.876792500200208,7
1726776,9.403986641841925,26
1726786,9.765216706112826,10
1726799,9.705236176676111,13
1726802,9.955418885238807,3
1726815,9.727308776472528,13
1726825,9.841589038830387,10
1726831,9.88238644026264,6
1726837,9.893206887991969,6
1726849,9.730749576246009,12
1726861,9.35147085571583,12
1726868,9.872704186803444,7
1726877,9.838549805378976,9
1726892,9.67901598779307,15
1726893,10.0,1
1726900,9.886235297033549,7
1726917,9.62853503075288,17
1726926,9.81452900731873,9
1726950,9.537184164898557,24
1726960,9.826765533733488,10
1726964,9.929816609605197,4
1726972,9.866383593594165,8
1726975,9.950096647980166,3
1726977,9.980216981802057,2
1726988,8.754617134168068,11
1726999,9.762798288736843,11
1727003,9.933759389621413,4
1727019,9.625208446799492,16
1727024,9.905611957542705,5
1727030,9.904873655138342,6
1727038,9.824327952779878,8
1727045,9.874135805066457,7
1727051,9.900430511587546,6
1727061,9.783443373785452,10
1727069,9.861632991281187,8
1727084,9.650427908885437,15
1727092,9.871455096188951,8
1727102,9.786984614162302,10
1727104,9.971104658782298,2
1727110,9.903734243818972,6
1727118,9.837074804585457,8
1727128,9.777097424514139,10
1727139,9.784714068883254,11
1727149,9.81280016318687,10
1727161,9.741305413087462,12
1727180,9.570361647652245,19
1727198,9.560832940041896,18
1727205,9.886136541716208,7
1727222,9.594318395777469,17
1727236,9.695275954623568,14
1727237,10.0,1
1727249,9.737493228067546,12
1727252,9.94585440351217,3
1727264,9.803712624284367,12
1727274,9.797489558739287,10
1727291,9.635031070238671,17
1727298,9.898527622390255,7
1727308,9.844467669941183,10
1727323,9.681491099327083,15
1727327,9.938745261154432,4
1727333,9.897113311310939,6
1727360,9.405503856745426,27
1727363,9.956058810260679,3
1727372,9.816942004748892,9
1727396,9.429126018655708,24
1727406,9.806804359278821,10
1727413,9.881349328327873,7
1727417,9.936842105639478,4
1727429,9.754345653892283,12
1727443,9.69789727601514,14
1727445,9.98628664080974,2
1727456,9.516151452778189,11
1727466,9.809195043302184,10
1727476,9.815728868588833,10
1727494,9.637682084046434,18
1727502,9.854316754138408,8
1727507,9.917335148350992,5
1727518,9.796386063342961,11
1727536,9.573507308040934,18
1727542,9.877680924648251,6
1727551,9.8493666899643,9
1727560,9.808596506695212,9
1727563,9.95548708570852,3
1727566,9.969650877680316,3
1727581,9.655111435155872,15
1727587,9.891884230111978,6
1727588,10.0,1
1727597,9.81308523033541,9
1727605,9.881120794361758,8
1727608,9.956168016880946,3
1727621,9.708133546635375,13
1727634,9.715115682411524,13
1727636,9.968954272941335,2
1727640,9.941132805340967,4
1727648,9.853614657072226,8
1727657,9.820213888050251,9
1727658,10.0,1
1727666,9.836166778295452,8
1727667,10.0,1
1727674,9.879918050783026,7
1727680,9.904828640579565,6
1727695,9.67897618723846,15
1727701,9.892937972543198,6
1727713,9.778693974313668,12
1727719,9.879278891963262,6
1727732,9.706480047646487,13
1727752,9.539229363134686,20
1727756,9.936423575386522,4
1727767,9.771028968331818,11
1727782,9.654538250295873,15
1727800,9.602817496944677,18
1727807,9.869138362188599,7
1727811,9.940377822614591,4
1727816,9.908319224220607,5
1727841,9.442195482660267,25
1727854,9.708949078195397,13
1727865,9.732436137028449,11
1727870,9.906976663325244,5
1727882,9.755171775601351,12
1727896,9.667444484379768,14
1727907,9.801569496059292,11
1727921,9.686412286387775,14
1727936,9.669058223017963,15
1727945,9.830410923564422,9
1727954,9.81154551607279,9
1727963,9.795857620506426,9
1727984,9.595715691861827,21
1727995,9.763519527356046,11
1728001,9.897749165428069,6
1728004,9.965281848010472,3
1728021,9.691810220955706,17
1728022,9.99263880378876,1
1728031,9.833422516855627,9
1728043,9.742991160269217,12
1728052,9.823048500717965,9
1728064,9.756728633744697,12
1728077,9.697580073794928,13
1728090,9.797151500429967,13
1728096,9.919220225980641,6
1728104,9.853478538193986,8
1728112,9.847342627629734,8
1728126,9.664695850597456,14
1728133,9.8666798901935,7
1728147,9.70069136290135,14
1728168,9.579235757443573,21
1728174,9.714242814371216,6
1728179,9.925721678280823,5
1728188,9.80880191307348,9
1728199,9.763495100741016,11
1728242,8.859620242782983,43
1728255,9.711017487647963,13
1728256,10.0,1
1728271,9.719229768129942,15
1728281,9.807774899112772,10
1728287,9.893460686762113,6
1728302,9.6449115791459,15
1728311,9.820072665243046,9
1728324,9.73771302491439,13
1728329,9.906261324470067,5
1728335,9.921870545366895,6
1728336,10.0,1
1728351,9.716844821691232,15
1728372,9.522973358135788,21
1728384,9.745435220463834,12
1728391,9.890192330437635,7
1728405,9.743442921518364,14
1728414,9.81434117722593,9
1728424,9.808938454401645,10
1728436,9.751228593614325,12
1728445,9.817091933148403,9
1728455,9.787640821955879,10
1728475,9.005994486882434,20
1728481,9.898594407376999,6
1728492,9.787485213343437,11
1728504,9.731033610092256,12
1728527,9.434246170128402,23
1728528,10.0,1
1728533,9.92876073512976,5
1728544,9.741146141441941,11
1728585,9.303115171371912,41
1728591,9.891845847998681,6
1728596,9.91854379066036,5
1728603,9.864486312559142,7
1728613,9.84423673976505,10
1728614,10.0,1
1728615,10.0,1
1728622,9.874456185162538,7
1728634,9.738707035199107,12
1728635,10.0,1
1728640,9.922888628331872,5
1728654,9.67991495964157,14
1728660,9.899047616301297,6
1728669,9.795970726057584,9
1728683,9.626897046611875,14
1728693,9.813388245827475,10
1728700,9.910273215873513,7
1728713,9.699655121863692,13
1728721,9.827805167704684,8
1728736,9.451490434305132,15
1728743,9.86478216843559,7
1728755,9.740214632924728,12
1728759,9.933180055896148,4
1728768,9.833197182541257,9
1728780,9.733440850870812,12
1728788,9.84928934839486,8
1728797,9.832437171296796,9
1728798,10.0,1
1728817,8.744310800119706,19
1728829,9.720357810188432,12
1728836,9.869813418462318,7
1728855,9.680525432073289,19
1728867,9.738205417168912,12
1728873,9.880691777022623,6
1728880,9.859778288651023,7
1728893,9.729808385948834,13
1728900,9.881885766077701,7
1728910,9.79480711280666,10
1728925,9.65168002054881,15
1728949,9.440321464794792,24
1728965,9.630551348288478,16
1728975,9.796273461059599,10
1728976,10.0,1
1728989,9.766037679637352,13
1729004,9.664753084742124,15
1729017,9.740084963018136,13
1729024,9.858886289763303,7
1729031,9.864862281945788,7
1729037,9.896387892202616,6
1729044,9.661984725471063,7
1729052,9.824174890899814,8
1729061,9.881396883384957,9
1729071,9.815364630845187,10
1729072,10.0,1
1729073,10.0,1
1729084,9.80226472769941,11
1729100,9.654001564152814,16
1729110,9.82820906989131,10
1729119,9.822910617141964,9
1729123,9.935625065067622,4
1729127,9.933680732801735,4
1729140,9.729486436389656,13
1729147,9.855708904031141,7
1729154,9.848562496558477,7
1729173,9.537369178169545,19
1729192,9.537085416928678,19
1729202,9.777267340426809,10
1729209,9.86797698288381,7
1729217,9.868138311734484,8
1729226,9.817096258485556,9
1729227,10.0,1
1729235,9.851000765935186,8
1729245,9.792328932758052,10
1729259,9.69309704312035,14
1729274,9.671337615904344,15
1729283,9.804814565738377,9
1729284,9.988742406602327,1
1729294,9.810538676518517,10
1729300,9.88751357465488,6
1729301,10.0,1
1729302,10.0,1
1729314,9.732583386090438,12
1729323,9.818934537054334,9
1729330,9.880517469272283,7
1729333,9.945716474962314,3
1729338,9.912652775079618,5
1729339,10.0,1
1729341,9.981456658331707,2
1729348,9.853741310668976,7
1729349,10.0,1
1729365,9.618357708863229,16
1729378,9.720567493855405,13
1729384,9.890386306470761,6
1729406,9.41841369445448,22
1729418,9.731838869203026,12
1729420,9.972053337171996,2
1729421,9.996630473290404,1
1729422,10.0,1
1729427,9.929240130043775,5
1729435,9.85328550722453,8
1729440,9.928248804372918,5
1729453,9.719847017017202,13
1729468,9.723694873588068,15
1729472,9.951938620187084,4
1729493,9.518834330763315,21
1729505,9.727092688043749,12
1729519,9.678658664099476,14
1729522,9.958240056274132,3
1729535,9.711003078668545,13
1729555,9.553838140354918,20
1729561,9.89106192041185,6
1729575,9.690464574723302,14
1729581,9.874123837146586,6
1729593,9.71688860878703,12
1729596,9.959243805372648,3
1729602,9.905019760189287,6
1729611,9.812759869021622,9
1729616,9.897917953622262,5
1729627,9.774713641620153,11
1729630,9.949511233986577,3
1729632,9.971622945560533,2
1729633,10.0,1
1729644,9.779639243158396,11
1729646,9.976621373618155,2
1729654,9.84398157161469,8
1729664,9.815473596756066,10
1729715,9.088727705450502,51
1729733,9.55157582797703,18
1729741,9.893209815102434,8
1729756,9.667632344337719,15
1729767,9.761346151256557,11
1729782,9.647657459613766,15
1729793,9.761594137670905,11
1729796,9.966478102817861,3
1729804,9.865771598697341,8
1729815,9.767154440694242,11
1729826,9.773972277041953,11
1729827,10.0,1
1729833,9.902496417940693,6
1729836,9.967937407206731,3
1729852,9.650486137317523,16
1729874,9.516049142543602,22
1729889,9.680047154176755,15
1729897,9.841124626329801,8
1729909,9.729475328882687,12
1729922,9.722557102374036,13
1729927,9.926342371770591,5
1729931,9.927407607692924,4
1729934,9.961057743485002,3
1729942,9.832473455260509,8
1729949,9.859938364696315,7
1729950,10.0,1
1729952,9.967855426052294,2
1729967,9.678800390227332,15
1729974,9.871685894190357,7
1729982,9.846489614330334,8
1729991,9.81340307387506,9
1730005,9.737508726940264,14
1730015,9.789985983526087,10
1730026,9.772014737477704,11
1730031,9.924013871686675,5
1730045,9.701201144526596,14
1730056,9.77265438067537,11
1730071,9.63293744183336,15
1730073,9.976584373895848,2
1730089,9.648838374033677,16
1730096,9.874907606470439,7
1730108,9.781301199861256,12
1730116,9.853175315934712,8
1730123,9.879658241848793,7
1730137,9.685973525661813,14
1730151,9.678937053020757,14
1730163,9.744209046855818,12
1730178,9.695147910247158,15
1730181,9.956814903806853,3
1730193,9.746663108840652,12
1730215,9.49600600043203,22
1730221,9.905005682192405,6
1730234,9.705824678487867,13
1730244,9.804994395595772,10
1730256,9.736564708198895,12
1730271,9.680814850176235,15
1730279,9.845773335593922,8
1730294,9.679571827994534,15
1730305,9.746878248312582,11
1730309,9.937161078543781,4
1730323,9.726495299195168,14
1730329,9.904517643361084,6
1730335,9.901230368672051,6
1730349,9.670100926466734,14
1730360,9.777866821205091,11
1730373,9.72999104674411,13
1730408,9.3234221288918,35
1730409,10.0,1
1730432,8.378155164149577,23
1730433,10.0,1
1730443,9.794145083144448,10
1730449,9.598506585435446,6
1730454,9.906123982428523,5
1730456,9.97516083999388,2
1730457,10.0,1
1730472,9.653939513857349,15
1730482,9.792313771937671,10
1730495,9.638453436183307,13
1730518,9.492525354323138,23
1730525,9.87792912086324,7
1730544,9.578806600675211,19
1730547,9.949236851040116,3
1730557,9.786376907046732,10
1730571,9.711453696828245,14
1730579,9.84179623780768,8
1730591,9.774864744973094,12
1730610,9.578183476268569,19
1730614,9.94362368391985,4
1730621,9.864254721400458,7
1730630,9.831359701863002,9
1730636,9.890874646030321,6
1730646,9.791785062808547,10
1730651,9.9138287230817,5
1730664,9.714332278344068,13
1730667,9.958193913534947,3
1730674,9.855427899923303,7
1730683,9.812535092811927,9
1730687,9.933147392605573,4
1730699,9.797833840694791,12
1730717,9.5921516819095,18
1730725,9.834716267894924,8
1730733,9.865187128661844,8
1730748,9.71820494888258,15
1730749,10.0,1
1730757,9.833342086317236,8
1730761,9.942708649170328,4
1730771,9.772926206164122,10
1730774,9.950019269514744,3
1730787,9.704724051885426,13
1730804,9.61627584671635,17
1730816,9.746785729184413,12
1730824,9.842420420044801,8
1730834,9.798884653075016,10
1730835,10.0,1
1730849,9.666031524427114,14
1730863,9.701956399365157,14
1730875,9.761568634133532,12
1730886,9.750209073251817,11
1730894,9.852905929708882,8
1730895,10.0,1
1730899,9.944470884461502,4
1730904,9.911763188197412,5
1730912,9.814130802557482,8
1730915,9.965133883964759,3
1730929,9.6632147069801,14
1730941,9.729023090074849,12
1730946,9.925895640077833,5
1730953,9.858276180781862,7
1730961,9.835238914410475,8
1730970,9.828630006889968,9
1730978,9.861624576151447,8
1730992,9.651434807301136,14
1730998,9.886750531771368,6
1731003,9.916476763162182,5
1731024,9.511668723440886,21
1731028,9.934208425778401,4
1731046,9.624758597567146,18
1731068,9.494798803162135,22
1731074,9.889114435193653,6
1731084,9.784505044475308,10
1731086,9.983776248127931,2
1731105,9.376560025499192,19
1731110,9.915516330101635,5
1731119,9.830818088967614,9
1731134,9.65396261797335,15
1731143,9.849091133084723,9
1731146,9.959838019353924,3
1731159,9.73360789094996,13
1731172,9.724914354806865,13
1731180,9.86715278661134,8
1731190,9.764792634971785,10
1731196,9.909753949160503,6
1731210,9.67164996751317,14
1731217,9.864726885184103,7
1731227,9.807607790467978,10
1731235,9.839366690251286,8
1731236,10.0,1
1731263,9.023906147277913,27
1731264,10.0,1
1731269,9.926432211619137,5
1731282,9.751991177672506,13
1731286,9.936167382190716,4
1731289,9.956969293732572,3
1731297,9.857945655209317,8
1731298,10.0,1
1731304,9.908075994095935,6
1731305,10.0,1
1731312,9.87897612956613,7
1731326,9.707216737964474,14
1731334,9.840317464839734,8
1731346,9.742164771682065,12
1731352,9.90737391469613,6
1731355,9.959802579856623,3
1731356,9.98843765479811,1
1731376,9.519902339450278,20
1731391,9.745554916527214,15
1731400,9.821510158214119,9
1731408,9.840695893388169,8
1731409,10.0,1
1731426,9.68152671851095,17
1731439,9.716524989046585,13
1731448,9.816268930892143,9
1731459,9.752353958331225,11
1731461,9.985200611036053,2
1731477,9.65496782513382,16
1731489,9.74139043111245,12
1731499,9.813425858127511,10
1731506,9.874669548714856,7
1731520,9.487513709831148,14
1731530,9.788739914677901,10
1731544,9.687371087715578,14
1731554,9.797005350605938,10
1731566,9.762231372780063,12
1731580,9.67282806283423,14
1731581,10.0,1
1731586,9.940114375586942,5
1731591,9.910262826319869,5
1731602,9.778886881969807,11
1731612,9.836907756924898,10
1731629,9.60981710111602,17
1731639,9.778018468544635,10
1731653,9.74540853907757,14
1731663,9.836353007658062,10
1731675,9.746722455091575,12
1731686,9.760582642102703,11
1731692,9.896760100841663,6
1731696,9.938217724510341,4
1731705,9.834184811278393,9
1731719,9.688072290106549,14
1731733,9.694783110189068,14
1731742,9.81707331697632,9
1731753,9.743784054880724,11
1731762,9.837946979747292,9
1731772,9.785797226074784,10
1731781,9.798764928737917,9
1731791,9.822879204161625,10
1731801,9.81468921743339,10
1731811,9.821353459112045,10
1731830,9.571602134321736,19
1731845,9.65474416787195,15
1731846,9.996626655821458,1
1731853,9.860540386704045,7
1731865,9.751829902546364,12
1731872,9.852536539212293,7
1731882,9.771295838829484,10
1731898,9.627569775060126,16
1731910,9.763535227523041,12
1731922,9.287019430891034,12
1731933,9.824950162141809,11
1731954,9.45426071119557,21
1731961,9.875532253090265,7
1731974,9.722395571324178,13
1731984,9.822177836752726,10
1731990,9.890537013390103,6
1732001,9.748453854174556,11
1732005,9.937519736933174,4
1732016,9.742486598800179,11
1732033,9.612574297886857,17
1732049,9.682687213539342,16
1732063,9.69434463244501,14
1732074,9.78678783877342,11
1732084,9.66556297201827,10
1732089,9.940126631003555,5
1732102,9.712345480281538,13
1732109,9.847478848509656,7
1732122,9.481790904704706,13
1732134,9.763125687366685,12
1732149,9.726153295325057,15
1732167,9.642844658752123,18
1732179,9.730705861598054,12
1732237,8.984046580121053,58
1732241,9.945900001684777,4
1732242,10.0,1
1732259,9.43696459964931,17
1732265,9.793203526186817,6
1732279,9.721428340257498,14
1732289,9.772937968208673,10
1732293,9.930555048913561,4
1732310,9.605894378295694,17
1732316,9.90113122453832,6
1732331,9.655369102274872,15
1732336,9.919988771184709,5
1732339,9.961442312150451,3
1732351,9.77091084173654,12
1732357,9.91134103837842,6
1732366,9.816058074118638,9
1732367,10.0,1
1732375,9.856875143170598,8
1732394,9.553240895015932,19
1732399,9.941684560558874,5
1732409,9.810428780824717,10
1732421,9.749435298745455,12
1732427,9.892217926966959,6
1732430,9.9527781221033,3
1732446,9.195774097723259,16
1732462,9.651941662057473,16
1732466,9.926434451827852,4
1732483,9.627723542131516,17
1732497,9.650396046031137,14
1732506,9.832128753174622,9
1732514,9.856739735568402,8
1732522,9.868309511231322,8
1732531,9.829851024505228,9
1732541,9.774177995242932,10
1732551,9.770200309590763,10
1732552,10.0,1
1732555,9.961482303243043,3
1732566,9.775018865060185,11
1732577,9.776696207212217,11
1732581,9.93023094350097,4
1732607,7.568226057674836,26
1732618,9.775046703932139,11
1732632,9.70486289403789,14
1732637,9.900939604600115,5
1732638,9.992197478509883,1
1732645,9.880640311763702,7
1732654,9.812164834244875,9
1732657,9.953208492862158,3
1732660,9.967813424219443,3
1732668,9.862340802056956,8
1732671,9.963928670467977,3
1732684,9.722339993726507,13
1732700,9.71916441142399,16
1732709,9.816096532760486,9
1732710,10.0,1
1732726,9.73997462025384,16
1732734,9.867495424422273,8
1732743,9.805972430058258,9
1732757,9.68865213787299,14
1732772,9.651862252904865,15
1732782,9.80518887894691,10
1732792,9.823139696782818,10
1732793,10.0,1
1732806,9.705458752644592,13
1732821,9.719519431807555,15
1732828,9.87876949281736,7
1732834,9.882883285000728,6
1732843,9.826623498977824,9
1732844,10.0,1
1732857,9.72364921427843,13
1732865,9.881241898064607,8
1732866,10.0,1
1732870,9.934763644275343,4
1732882,9.769537339207606,12
1732899,9.37686331782266,17
1732912,9.727947365694401,13
1732920,9.838714252202138,8
1732938,9.658961998689641,18
1732945,9.894035345979887,7
1732950,9.907028412309643,5
1732959,9.84030858574975,9
1732965,9.89950345428493,6
1732980,9.639503636369371,15
1732981,10.0,1
1732994,9.734220185541494,13
1733017,9.445606556162543,23
1733020,9.963350474779446,3
1733037,9.73101435596251,17
1733038,10.0,1
1733044,9.895348521600981,6
1733057,9.74832053889971,13
1733072,9.659095557046841,15
1733080,9.846891627964602,8
1733100,9.606367944608273,20
1733113,9.72092614079608,13
1733126,9.719781412905498,13
1733147,9.48076691621906,21
1733152,9.911082161185176,5
1733163,9.7611631620689,11
1733168,9.911258393032558,5
1733176,9.851292689218495,8
1733189,9.697711050130144,13
1733200,9.79422126080127,11
1733203,9.964188793451898,3
1733208,9.908470702558768,5
1733214,9.893647329142572,6
1733226,9.728778308684044,12
1733237,9.788888849059177,11
1733247,9.7955323653318,10
1733258,9.766915626684561,11
1733265,9.865460231052413,7
1733284,9.57127771469726,19
1733285,9.99588188688693,1
1733291,9.898842064868095,6
1733310,9.422708214855048,19
1733313,9.952026714306838,3
1733319,9.894995969802888,6
1733329,9.791792687031673,10
1733336,9.85562935796608,7
1733357,9.451958695340325,21
1733368,9.82858396175904,11
1733380,9.705463941720213,12
1733383,9.950249060360326,3
1733391,9.87264154387677,8
1733413,9.426077245757943,22
1733438,9.454720785269345,25
1733443,9.932086310906929,5
1733943,-10.975104955407225,500
1733952,9.81316601086489,9
1733964,9.747750461632572,12
1733985,9.59341168248982,21
1733987,9.97643379939507,2
1733999,9.751853119414065,12
1734009,9.747478412434603,10
1734020,9.776464507048255,11
1734021,10.0,1
1734031,9.801443689222255,10
1734042,9.785649795837632,11
1734056,9.733223730664069,14
1734065,9.823086732605503,9
1734075,9.779903171590307,10
1734089,9.773986750711531,14
1734096,9.87652563707261,7
1734114,9.661737902597187,18
1734124,9.822902940168122,10
1734136,9.772543003077,12
1734153,9.58640601707314,17
1734154,10.0,1
1734205,9.049423848217943,51
1734215,9.792093589721203,10
1734222,9.874482400894742,7
1734223,10.0,1
1734235,9.751980720443367,12
1734243,9.852845848737774,8
1734244,9.992485978195537,1
1734279,9.356892483724389,35
1734290,9.755416900949156,11
1734304,9.700381473930666,14
1734318,9.73628606351258,14
1734321,9.961860168103236,3
1734322,10.0,1
1734323,10.0,1
1734334,9.76948403366143,11
1734346,9.745396977287601,12
1734355,9.825464198986248,9
1734362,9.864685588407854,7
1734386,9.545806356888498,24
1734392,9.900245685324435,6
1734395,9.96648418847653,3
1734430,8.517378432865252,35
1734431,10.0,1
1734444,9.74174637147891,13
1734449,9.926559582287119,5
1734460,9.80976651345268,11
1734464,9.931599576073024,4
1734474,9.818631873913512,10
1734487,9.706738343229096,13
1734488,10.0,1
1734499,9.773513429900094,11
1734504,9.922889950261947,5
1734518,9.719307431708275,14
1734528,9.79727327833239,10
1734543,9.356132683971406,15
1734550,9.899236947114508,7
1734551,10.0,1
1734552,9.988823565987216,1
1734560,9.866998269633967,8
1734566,9.896292539242083,6
1734580,9.717855178642955,14
1734592,9.76309541558545,12
1734595,9.968966996611611,3
1734623,9.057254589436456,28
1734638,9.683590147567347,15
1734653,9.706379091734515,15
1734658,9.902197474998768,5
1734659,9.996175890443999,1
1734673,9.684436018803266,14
1734675,9.985442297842278,2
1734686,9.77068794253829,11
1734743,7.087414489136456,57
1734760,9.66104355535965,17
1734771,9.74972277853162,11
1734772,10.0,1
1734778,9.869827104617428,6
1734780,9.972335267537986,2
1734789,9.828716098344877,9
1734794,9.911424895687004,5
1734799,9.914086174575587,5
1734802,9.959109686371841,3
1734812,9.80949813291917,10
1734813,10.0,1
1734819,9.896612014488053,6
1734826,9.87789653573186,7
1734827,10.0,1
1734847,9.587784972469223,20
1734851,9.937869562662312,4
1734861,9.821008980612788,10
1734873,9.802138233849663,12
1734874,10.0,1
1734922,9.152090575734016,48
1734929,9.85896743873891,7
1734939,9.782601198732026,10
1734944,9.901043415453643,5
1734960,9.629906487259111,16
1734961,9.996825469688268,1
1734965,9.929754981414266,4
1734969,9.944707390606467,4
1734975,9.883955160508886,6
1734983,9.855218861356287,8
1734997,9.695871641812875,14
1735004,9.879807633535993,7
1735007,9.957012964640883,3
1735012,9.933223413097759,5
1735071,8.848916578617201,59
1735082,9.76165542788253,11
1735093,9.797473605169817,11
1735098,9.919860802673723,5
1735107,9.8073546797917,9
1735114,9.880567881152658,7
1735123,9.81656638207156,9
1735142,9.549554414189082,19
1735149,9.872626050063314,7
1735158,9.813449446740329,9
1735165,9.893954865251848,7
1735185,9.117493791324948,20
1735196,9.778703064184267,11
1735205,9.833915217757603,9
1735212,9.859911357774122,7
1735227,9.701216138816823,15
1735233,9.885815347757294,6
1735246,9.733393326779103,13
1735248,9.967716799708636,2
1735255,9.85782125401918,7
1735256,10.0,1
1735264,9.849051587860206,8
1735270,9.905701610314393,6
1735275,9.913373457355343,5
1735283,9.833358376933402,8
1735298,9.661049757387808,15
1735308,9.7993620973864,10
1735320,9.70012025964832,12
1735336,9.632868788758733,16
1735337,10.0,1
1735347,9.780865565486927,10
1735354,9.871825552418128,7
1735364,9.788208811557551,10
1735380,9.657443401453722,16
1735390,7.428337832145671,10
1735392,9.975719884925905,2
1735402,9.78797185083987,10
1735410,9.855772649264448,8
1735416,9.893578293479411,6
1735462,9.056725677903216,46
1735474,9.745072924653888,12
1735475,9.99644227733203,1
1735490,7.579717590821854,15
1735515,9.393770801133696,25
1735526,9.760987563002365,11
1735535,9.52692986200305,9
1735547,9.769005503643413,12
1735566,9.550454305612291,19
1735577,9.774173178886,11
1735591,9.675839223504155,14
1735605,9.668243974011109,14
1735623,9.645826341792981,18
1735637,9.64339279083778,14
1735643,9.903238214816845,6
1735663,9.52900377841508,20
1735671,9.85483635699149,8
1735678,9.863752252590427,7
1735685,9.863168413759718,7
1735693,9.836857184980627,8
1735696,9.957908874108671,3
1735699,9.970989328287686,3
1735705,9.910933336731015,6
1735715,9.825966769140505,10
1735724,9.72184632040379,9
1735734,9.80491127099707,10
1735747,9.703351454790845,13
1735758,9.793511803197347,11
1735778,9.435540237876555,20
1735790,9.732300726127225,12
1735800,9.780110754802704,10
1735809,9.833737005531841,9
1735824,9.651749866025105,15
1735839,9.666954717840301,15
1735847,9.841748262260701,8
1735854,9.652270002824647,7
1735855,10.0,1
1735866,9.759269972066818,11
1735880,9.673138971678917,14
1735885,9.897584763798658,5
1735886,10.0,1
1735888,9.979112955802055,2
1735901,9.736463448526925,13
1735908,9.867770353665046,7
1735920,9.795492977975018,12
1735926,9.883565911425146,6
1735938,9.739469583776778,12
1735947,9.8451124790378,9
1735955,9.829495868187045,8
1735975,9.567828239020772,20
1735980,9.905926971782288,5
1735984,9.949016302555801,4
1736002,6.201771328835083,18
1736013,9.750524090981042,11
1736027,9.676262453640886,14
1736038,9.800475277311586,11
1736052,9.691183197142827,14
1736056,9.948348428343726,4
1736063,9.884227040605456,7
1736073,9.79851729272664,10
1736083,9.811671426945612,10
1736092,9.857644465396682,9
1736108,9.710828731561152,16
1736117,9.804928775427516,9
1736124,9.874567697754909,7
1736178,9.01168409287234,54
1736187,9.829271416527016,9
1736202,9.668392750230087,15
1736207,9.913121039483004,5
1736222,9.679929779990587,15
1736232,9.791865742262377,10
1736243,9.772619153690101,11
1736256,9.72613449682086,13
1736279,9.425628598800076,23
1736287,9.837701003005341,8
1736300,9.723432972980875,13
1736306,9.896428710446212,6
1736317,9.766195559845091,11
1736325,9.846132998078058,8
1736337,9.733142574943633,12
1736342,9.915589083394188,5
1736354,9.798423004453431,12
1736372,9.681945445618766,18
1736374,9.973734612653796,2
1736377,9.964218063167431,3
1736400,9.564124099159821,23
1736401,9.993219893566591,1
1736421,9.532441539551243,20
1736434,9.120015487935845,13
1736443,9.851286730382522,9
1736450,9.873865504872452,7
1736462,9.767443893262042,12
1736472,9.791305131251818,10
1736483,9.750407694623101,11
1736502,9.532001750511416,19
1736507,9.911834750987568,5
1736513,9.895323345087546,6
1736518,9.924222253047683,5
1736523,9.90440794209676,5
1736528,9.914324195039097,5
1736605,7.890287325573793,77
1736617,9.786109646566764,12
1736618,10.0,1
1736627,9.807453356479733,9
1736642,9.660554894182674,15
1736646,9.942218601981729,4
1736663,9.707565118805421,17
1736667,9.925367715757304,4
1736669,9.979036662951577,2
1736689,9.618231441987906,20
1736709,9.649918436593996,20
1736718,9.820532294969203,9
1736729,9.781581170296967,11
1736739,9.803679891696492,10
1736740,9.996732144132594,1
1736749,9.833229489471362,9
1736760,9.815547806094658,11
1736766,9.885589415556572,6
1736778,9.732204782491,12
1736787,9.829677234942922,9
1736795,9.838224587662692,8
1736803,9.831321345059768,8
1736827,9.464199442597566,24
1736842,9.670066576578241,15
1736860,9.590266976031389,18
1736869,9.802552091741598,9
1736875,9.903332283315876,6
1736892,9.66564497053016,17
1736893,10.0,1
1736903,9.783145366890974,10
1736905,9.974846145131679,2
1736906,10.0,1
1736933,9.385285855763208,27
1736936,9.956075820898086,3
1736943,9.879101528945919,7
1736954,9.841934794314245,11
1736962,9.83808724040808,8
1736973,9.824371770014501,11
1736986,9.744147470510141,13
1736997,9.775918797691517,11
1737000,9.96377178000583,3
1737006,9.883672948080028,6
1737011,9.926387679693043,5
1737019,9.840964889881413,8
1737035,9.667451215302453,16
1737049,9.736187419784516,14
1737050,10.0,1
1737053,9.96360532799224,3
1737068,9.651965366384,15
1737078,9.796606569858932,10
1737086,9.832604229617104,8
1737121,6.822882132810362,35
1737134,9.791656544358121,13
1737143,9.826034170407674,9
1737162,9.60994604783711,19
1737163,10.0,1
1737174,9.79232031264664,11
1737184,9.813453658289292,10
1737190,9.883952008249214,6
1737208,9.58171371569878,18
1737212,9.935203249938471,4
1737218,9.90780252004654,6
1737224,9.89688243437753,6
1737226,9.979048399608805,2
1737236,9.811485561274074,10
1737247,9.777545246276592,11
1737254,9.880013146968869,7
1737268,9.696140151525206,14
1737276,9.846439629872485,8
1737294,9.567666212819516,18
1737309,9.7333262711853,15
1737315,9.89542249656585,6
1737320,9.9130578586468,5
1737335,9.702547782852898,15
1737336,10.0,1
1737342,9.893822667132765,6
1737346,9.944842298895788,4
1737352,9.898527340386533,6
1737353,10.0,1
1737356,9.95890452647659,3
1737358,9.971115860008512,2
1737359,9.988861091539855,1
1737362,9.970389663413279,3
1737373,9.749931171627473,11
1737385,9.738222871573628,12
1737398,9.614330806802155,13
1737414,9.636899796556522,16
1737423,9.796069462701325,9
1737440,9.593675975960588,17
1737445,9.924611180588109,5
1737446,10.0,1
1737460,9.70221552225674,14
1737483,9.513334250943597,23
1737488,9.927069420080223,5
1737495,9.89188605098466,7
1737499,9.938907720578147,4
1737510,9.752324622924933,11
1737529,9.627147562772278,19
1737544,9.71100232076921,15
1737548,9.93801876836832,4
1737552,9.94328783408058,4
1737554,9.976227717874545,2
1737560,9.898549870892545,6
1737561,10.0,1
1737573,9.76962759605936,12
1737596,9.56156258952621,23
1737603,9.873731511243278,7
1737610,9.67188721250739,7
1737628,9.587752472017764,18
1737635,9.862490870338897,7
1737648,9.726054040007899,13
1737662,9.688936780011954,14
1737672,9.792151522861298,10
1737685,9.72605927928886,13
1737686,10.0,1
1737693,9.877765589809268,7
1737697,9.945117931690588,4
1737711,9.738990677516533,14
1737712,10.0,1
1737735,9.568618490959432,23
1737744,9.837789602008765,9
1737762,9.63887341091862,18
1737771,9.821950495391134,9
1737781,9.774519430188302,10
1737806,9.527842002856517,25
1737808,9.97733145772447,2
1737813,9.91715890772725,5
1737818,9.941336157207843,5
1737827,9.833679154432428,9
1737840,9.738791072110288,13
1737850,9.811710025960608,10
1737860,9.796746355979852,10
1737871,9.772330518162756,11
1737885,9.735761644989683,14
1737895,9.798854389703951,10
1737907,9.763993125633426,12
1737922,9.643957001820947,15
1737933,9.77991682429348,11
1737941,9.840117955296801,8
1737949,9.827813040820779,8
1737956,9.852757152170051,7
1737967,9.814924453914944,11
1737976,9.830436277912803,9
1737980,9.93791042454353,4
1737986,9.90299924978578,6
1737995,9.842639729359716,9
1738009,9.692049410249474,14
1738018,9.871343698011481,9
1738021,9.951441652014047,3
1738028,9.85837856485475,7
1738039,9.793626737220034,11
1738042,9.961434364589037,3
1738049,9.891681688865026,7
1738050,10.0,1
1738068,9.614556146397952,18
1738080,9.735937146856578,12
1738088,9.85087066235271,8
1738101,9.729027875153522,13
1738120,9.588070957268705,19
1738142,9.555076224425614,22
1738157,9.728870101052689,15
1738171,9.714883371016018,14
1738187,9.667034452011405,16
1738201,9.752817395802653,14
1738208,9.886983790374646,7
1738215,9.864222172002926,7
1738218,9.965129274148774,3
1738227,9.830797715951842,9
1738242,9.660800889965312,15
1738253,9.771332272268658,11
1738269,9.619981490112337,16
1738277,9.865940543041457,8
1738284,9.876030192150088,7
1738285,10.0,1
1738298,9.658874465418107,13
1738299,10.0,1
1738300,10.0,1
1738301,10.0,1
1738311,9.79620060734084,10
1738314,9.951200987716147,3
1738337,9.530768921209713,23
1738360,9.496940363016213,23
1738361,9.987010130873154,1
1738371,9.795848108621277,10
1738383,9.752356926808845,12
1738395,9.771466826929515,12
1738408,9.743087019086778,13
1738419,9.764037553653187,11
1738423,9.93297299483591,4
1738431,9.864389103381503,8
1738442,9.796903738215827,11
1738455,9.771880878541248,13
1738457,9.986626126477356,2
1738468,9.78684862088521,11
1738484,9.627920049392936,16
1738499,9.692207221047523,15
1738500,10.0,1
1738517,9.65381486445016,17
1738529,9.718563248675967,12
1738536,9.865229261579262,7
1738546,9.763418317379795,10
1738565,9.516074021306526,19
1738572,9.874469613457805,7
1738576,9.956126919065055,4
1738583,9.872986742833929,7
1738588,9.925949426146389,5
1738593,9.90825409457176,5
1738603,9.692684976955494,10
1738613,9.778237819916543,10
1738627,9.681705399711847,14
1738629,9.973409241510302,2
1738640,9.76497733702686,11
1738652,9.750433833918091,12
1738659,9.884191234932597,7
1738669,9.779878065403231,10
1738674,9.912903046967894,5
1738680,9.877581740551374,6
1738697,9.633905806949906,17
1738707,9.784269353033887,10
1738717,9.814344702235152,10
1738732,9.69439236913612,15
1738743,9.783535727502128,11
1738746,9.95574627914923,3
1738755,9.837686224203782,9
1738769,9.76201312250238,14
1738774,9.912482881721774,5
1738791,9.621886573716134,17
1738792,9.989171046156892,1
1738806,9.676611929639234,14
1738808,9.985781149608377,2
1738812,9.940991247455953,4
1738820,9.84851198069153,8
1738834,9.699685866477177,14
1738838,9.934973385796608,4
1738846,9.794744429969722,8
1738854,9.870471145268738,8
1738857,9.95407501081904,3
1738865,9.839785904274514,8
1738870,9.927719093857256,5
1738878,9.827038429382162,8
1738894,9.677516338906369,16
1738905,9.770463389941268,11
1738914,9.837644824261652,9
1738920,9.896429402906113,6
1738928,9.84654281073844,8
1738935,9.884994336006875,7
1738951,9.684168980748142,16
1738956,9.925542591984229,5
1738970,9.70823157885878,14
1738981,9.770156666933236,11
1738982,10.0,1
1738987,9.923295982742522,5
1738990,9.960903981318909,3
1738998,9.831272221044816,8
1739003,9.928373055899977,5
1739016,9.780436078699129,13
1739025,9.825886052886894,9
1739026,9.992161752835907,1
1739036,9.767832012287547,10
1739050,9.6792493139443,14
1739064,9.763115107349812,14
1739083,9.655849422036418,19
1739098,9.197308002342929,15
1739102,9.932388055269373,4
1739107,9.91589341150978,5
1739120,9.67936447893309,13
1739131,9.793294391881915,11
1739141,9.783740411416018,10
1739149,9.881951338852813,8
1739154,9.917868250004775,5
1739167,9.75046017159357,13
1739178,9.791301563143127,11
1739193,9.66570245080162,15
1739199,9.886816618028492,6
1739205,9.897049728570591,6
1739208,9.964408574166056,3
1739211,9.95487657346823,3
1739227,9.693999328104448,16
1739236,9.619503290422463,9
1739237,10.0,1
1739255,9.591949670971749,18
1739260,9.917952124705403,5
1739277,9.627676743711907,17
1739288,9.76157491256172,11
1739292,9.948060827504971,4
1739313,9.577021904071117,21
1739327,9.664863082147283,14
1739335,9.845426975089584,8
1739343,9.873402490395339,8
1739347,9.944098752259519,4
1739357,9.814951185680297,10
1739363,9.920369728361376,6
1739364,10.0,1
1739371,9.8610757815572,7
1739382,9.759108353878606,11
1739386,9.952406267712396,4
1739401,9.691859884730384,15
1739418,9.592776496788657,17
1739419,10.0,1
1739434,9.647977727176542,15
1739447,9.631767324633156,13
1739454,9.893299130373014,7
1739518,8.9207474227327,64
1739522,9.94010463734663,4
1739532,9.806975516061488,10
1739533,10.0,1
1739547,9.676237179430242,14
1739548,10.0,1
1739550,9.986383926115613,2
1739551,10.0,1
1739552,10.0,1
1739553,10.0,1
1739566,9.736892952538923,13
1739567,10.0,1
1739583,9.642090844716083,16
1739594,9.563213403053602,11
1739595,10.0,1
1739599,9.93594082014791,4
1739604,9.925123497283494,5
1739617,9.741537836932295,13
1739627,9.821771874193043,10
1739632,9.905623802242022,5
1739635,9.963131616350429,3
1739664,8.871047511810094,29
1739676,9.736611780874231,12
1739680,9.941276992647039,4
1739693,9.702753944110746,13
1739726,9.366420683557742,33
1739736,9.813038495950906,10
1739765,9.439190560498462,29
1739774,9.79511390282886,9
1739789,9.65929833778553,15
1739790,10.0,1
1739803,9.698532190416188,13
1739804,10.0,1
1739825,9.494808107743792,21
1739832,9.85191555468907,7
1739834,9.979780738037404,2
1739843,9.823491491777268,9
1739853,9.80845451925248,10
1739865,9.727702049618346,12
1739878,9.702377247890544,13
1739887,9.789450767905622,9
1739888,10.0,1
1739903,9.639654681784517,15
1739906,9.954253638003344,3
1739922,9.668673243521704,16
1739930,9.738238459573243,8
1739944,9.689106127196379,14
1739945,10.0,1
1739946,10.0,1
1739973,9.3440531856583,27
1739978,9.903153151051118,5
1739991,9.720322615014235,13
1740005,9.669086390639873,14
1740014,9.822032229891137,9
1740023,9.83193423347059,9
1740045,9.235573359059648,22
1740062,9.598071664254949,17
1740067,9.91382359888711,5
1740073,9.89625261493552,6
1740086,9.688842090047538,13
1740098,9.751648313256478,12
1740099,10.0,1
1740112,9.743555350682273,13
1740133,9.535130346065987,21
1740138,9.917622236950718,5
1740143,9.923881242629248,5
1740147,9.946468458407503,4
1740159,9.737106485738224,12
1740172,9.715879811582651,13
1740187,9.70029141030581,15
1740207,9.543224611525538,20
1740217,9.794964081032399,10
1740235,9.548355622597656,18
1740239,9.946212330997215,4
1740251,9.753274140282782,12
1740257,9.91943708230416,6
1740267,9.794922164618367,10
1740273,9.896430269181215,6
1740282,9.823313735021477,9
1740306,9.538800157383216,24
1740313,9.88618859768078,7
1740329,9.65498778364337,16
1740346,9.626029852120412,17
1740362,9.653141533860081,16
1740368,9.889190912080647,6
1740378,9.798204837322038,10
1740398,9.513860547207026,20
1740407,9.82171106367541,9
1740417,9.845246399459368,10
1740424,9.863783090107555,7
1740438,9.733451014873719,14
1740454,9.670145412755467,16
1740469,9.757350321401884,15
1740492,9.432865392192483,23
1740496,9.94826557448825,4
1740512,9.708717865632492,16
1740523,9.800316641976991,11
1740536,9.698216852327425,13
1740543,9.882532141437128,7
1740556,9.364166179861499,13
1740564,9.840304431358412,8
1740565,10.0,1
1740615,8.361095212016412,50
1740645,9.174801099899828,30
1740651,9.884509356630579,6
1740658,9.871107036122249,7
1740660,9.985757630671962,2
1740663,9.959145211237804,3
1740675,9.741079161957927,12
1740678,9.950231836677853,3
1740691,9.716067768539478,13
1740702,9.781015671830401,11
1740713,9.75703624378443,11
1740731,9.671896103659083,18
1740748,9.644663946335408,17
1740761,9.726486201262066,13
1740769,9.850094987746774,8
1741081,-4.409241020953434,312
1741092,9.78174814688483,11
1741093,10.0,1
1741103,9.79724912241702,10
1741115,9.766127942382331,12
1741132,9.624460868617172,17
1741144,9.744328601103152,12
1741165,9.625185628985207,21
1741171,9.906423403638787,6
1741172,10.0,1
1741186,9.683374694340088,14
1741187,10.0,1
1741191,9.929490587826969,4
1741197,9.892568800607863,6
1741205,9.830779888381773,8
1741219,9.706398325654733,14
1741232,9.717827957346273,13
1741233,10.0,1
1741245,9.724766032787333,12
1741264,9.499158204056974,19
1741273,9.820473805939693,9
1741282,9.816343510681802,9
1741293,9.761933281605659,11
1741297,9.934994444225008,4
1741307,9.806778881834019,10
1741314,9.871340646531483,7
1741323,9.830028968620232,9
1741342,9.56192330790478,19
1741349,9.855870895320038,7
1741363,9.673195840866173,14
1741369,9.880634511936153,6
1741378,9.796293086144562,9
1741388,9.826077255588043,10
1741399,9.786545552680302,11
1741414,9.631387961515642,15
1741428,9.66761301482942,14
1741437,9.795578296152337,9
1741452,9.65448003421867,15
1741466,9.677053313904613,14
1741476,9.801839275503427,10
1741490,9.740616499936465,14
1741511,9.590603719079711,21
1741521,9.81114974759814,10
1741530,9.84958939820612,9
1741534,9.942459959029993,4
1741554,9.573383050512064,20
1741556,9.985888806677961,2
1741565,9.795271821809518,9
1741581,9.60856704786497,16
1741598,9.618163708601323,17
1741619,9.604329579752122,21
1741628,9.822873518569807,9
1741638,9.83517666280033,10
1741648,9.801812839346336,10
1741656,9.857061061848645,8
1741669,9.751859325566112,13
1741673,9.950657151512258,4
1741674,10.0,1
1741679,9.912828168234832,5
1741693,9.670984509374948,14
1741709,9.639980197681119,16
1741713,9.923645782148217,4
1741728,9.69477205413964,15
1741738,9.799563928247972,10
1741754,9.678969996257841,16
1741763,9.812401346643014,9
1741774,9.768779373123332,11
1741782,9.821206686577385,8
1741793,9.76043250701453,11
1741799,9.896603955127482,6
1741802,9.959939432158947,3
1741803,10.0,1
1741810,9.868360216507153,7
1741816,9.908507106921725,6
1741828,9.747012237222505,12
1741835,9.85853580667145,7
1741838,9.971647904095171,3
1741864,9.496575518818855,26
1741870,9.901569696356892,6
1741882,9.73591307276016,12
1741892,9.796675516644939,10
1741902,9.771988899732415,10
1741911,9.831787423189654,9
1741923,9.756847262290545,12
1741933,9.789708232344209,10
1741944,9.787404967365823,11
1741955,9.787736220410121,11
1741963,9.86638914459543,8
1741971,9.844578610798969,8
1741987,9.625406184389286,16
1741999,9.730428676279113,12
1742017,9.556819762055781,18
1742026,9.853255906498362,9
1742039,9.702908931676754,13
1742045,9.924866918090933,6
1742058,9.743033750338693,13
1742066,9.865808631359545,8
1742069,9.963749054364206,3
1742546,-1.4175281835194493,477
1742555,9.814225312855566,9
1742561,9.900385164499621,6
1742566,9.914193759125679,5
1742578,9.66567511012709,12
1742598,9.213065929650842,20
1742608,9.794457475333113,10
1742620,9.753921529920904,12
1742622,9.985534519687901,2
1742640,9.540755662399702,18
1742642,9.979775999166495,2
1742651,9.812679336557354,9
1742660,9.807753798471655,9
1742667,9.880398790497942,7
1742682,8.712034438938247,15
1742686,9.934024951144611,4
1742697,9.765305876670409,11
1742706,9.81403684305295,9
1742714,9.84835756451711,8
1742726,9.734901777334109,12
1742741,9.686777075257888,15
1742756,9.656863951245834,15
1742771,9.655286013173892,15
1742776,9.914655790363462,5
1742780,9.942256730923289,4
1742791,9.775073362065827,11
1742801,9.813178755880985,10
1742802,10.0,1
1742813,9.778079970694654,11
1742818,9.909285158066881,5
1742836,9.592801940374867,18
1742843,9.870760658201952,7
1742858,9.65772634932923,15
1742874,9.684665076423913,16
1742885,9.801815665884089,11
1742889,9.93909183272249,4
1742896,9.885395680810506,7
1742900,9.946305141020014,4
1742903,9.951997843477914,3
1742909,9.902373991268012,6
1742918,9.808609235186257,9
1742924,9.893912978571027,6
1742926,9.986206500841769,2
1742938,9.775918632291788,12
1742948,9.774656294120295,10
1742958,9.786371881159303,10
1742959,10.0,1
1742970,9.766993607646505,11
1742972,9.9839456054842,2
1742975,9.960506559676329,3
1742984,9.842056547159112,9
1742991,9.883638996780364,7
1742993,9.981628632105503,2
1743004,9.770544751016928,11
1743010,9.88720924223727,6
1743019,9.791536645568646,9
1743029,9.80640523737871,10
1743040,9.810325389181623,11
1743057,9.6375456652185,17
1743069,9.78354739266136,12
1743078,9.819903675081864,9
1743084,9.90328868175925,6
1743094,9.812835995961029,10
1743102,9.853418803800425,8
1743111,9.863097588135542,9
1743130,9.541822585241025,19
1743146,9.665190917526306,16
1743162,9.646492729225436,16
1743176,9.78934897445825,14
1743200,9.328355644155296,24
1743201,10.0,1
1743202,10.0,1
1743213,9.778984539455461,11
1743221,9.854695526945042,8
1743232,9.78415195479089,11
1743247,9.668857949142726,15
1743252,9.941331649797906,5
1743263,9.802526308556853,11
1743264,10.0,1
1743271,9.876351612239842,7
1743281,9.798680963946135,10
1743291,9.801080128680638,10
1743298,9.8813542004695,7
1743310,9.742520114703664,12
1743316,9.903928408177551,6
1743317,10.0,1
1743321,9.950759460768442,4
1743331,9.799824361743902,10
1743332,10.0,1
1743333,9.992598671349823,1
1743337,9.939677277558665,4
1743351,9.683141579817761,14
1743371,9.610223139913003,20
1743386,9.661269865613876,15
1743395,9.842802410009151,9
1743409,9.663124594531325,14
1743426,9.620192957416423,17
1743430,9.935156238657964,4
1743437,9.857292336104274,7
1743459,9.457292909360394,22
1743473,9.718906367732663,14
1743478,9.902151656161985,5
1743489,9.770244079971619,11
1743502,9.733862685695149,13
1743508,9.910699807928534,6
1743515,9.866465108282856,7
1743523,9.848428007607302,8
1743527,9.937780335236171,4
1743535,9.840244822865131,8
1743551,9.63375196049812,16
1743561,9.82235693052479,10
1743572,9.572038544077271,11
1743594,9.560873283528597,22
1743599,9.915694820271273,5
1743613,9.711624069373745,14
1743622,9.825462723562543,9
1743632,9.813460961101173,10
1743633,10.0,1
1743639,9.898832272936232,6
1743651,9.719591874439487,12
1743677,9.338988756978052,26
1744177,-38.58452616762449,500
1744191,9.706596816187,14
1744192,10.0,1
1744206,9.70001863785103,14
1744210,9.930495853107406,4
1744222,9.752085327966714,12
1744234,9.738653614947248,12
1744238,9.935931434578997,4
1744248,9.811798099968602,10
1744271,6.118480298462037,23
1744287,9.659473183172132,16
1744295,9.839057818853998,8
1744305,9.79137611034886,10
1744316,9.772779489465567,11
1744326,9.785655490106707,10
1744344,9.62896308816477,18
1744346,9.973047635822656,2
1744366,9.57194100687585,20
1744385,9.638636829242005,19
1744393,9.85400588264176,8
1744407,9.68165277683726,14
1744411,9.948804370237346,4
1744419,9.852785124615178,8
1744427,9.828376770316979,8
1744437,9.82098082946971,10
1744442,9.915345063724153,5
1744461,9.677489732304581,19
1744474,9.788819839830435,13
1744483,9.837011200164534,9
1744489,9.886635720374986,6
1744500,9.748542814889047,11
1744515,9.65530404662839,15
1744526,9.821489350430285,11
1744533,9.871691064647502,7
1744555,9.59894567039044,22
1744560,9.919237571317362,5
1744570,9.800270300205657,10
1744575,9.921127260069083,5
1744576,9.996461922918634,1
1744592,9.64841581802138,16
1744593,10.0,1
1744608,9.62631951992954,15
1744617,9.841904024383352,9
1744623,9.67907452913748,6
1744636,9.731613051738464,13
1744645,9.622420410240519,9
1744664,9.641794895749888,19
1744674,9.765869676131437,10
1744679,9.932077302144563,5
1744689,9.789067232524419,10
1744695,9.88268127342383,6
1744703,9.853755163123017,8
1744767,8.803924394683245,64
1744806,9.268659571668378,39
1744822,9.684662735027839,16
1744829,9.87134569652303,7
1744838,9.818544452283007,9
1744853,9.513690263420488,15
1744857,9.942229444094977,4
1744870,9.705611721255798,13
1744881,9.787731181710658,11
1744890,9.856191909511578,9
1744892,9.987736401543543,2
1744899,9.86683678592808,7
1744914,9.676376768009826,15
1744930,9.713031752489732,16
1744951,9.658073918167652,21
1744958,9.889872795385525,7
1744982,9.49269031910454,24
1744986,9.92576777358244,4
1744994,9.855557693740076,8
1745003,9.830844282382031,9
1745009,9.900951692500234,6
1745013,9.945999347032993,4
1745025,9.74269672959594,12
1745036,9.766210190006658,11
1745049,9.760910627529091,13
1745050,9.996426917112252,1
1745062,9.783568500778443,12
1745080,9.641799200287466,18
1745102,9.53676337575251,22
1745113,9.765081841510936,11
1745122,9.838024285569132,9
1745142,9.600312894542151,20
1745147,9.915671719868838,5
1745149,9.98221891801837,2
1745154,9.928099720313487,5
1745165,9.781023804878924,11
1745166,10.0,1
1745167,10.0,1
1745178,9.772903313134497,11
1745190,9.740011999450743,12
1745191,10.0,1
1745201,9.79905289508291,10
1745206,9.920642703183097,5
1745215,9.812228999713417,9
1745221,9.893719863311286,6
1745228,9.890472640720251,7
1745238,9.820670976100152,10
1745248,9.827923475894845,10
1745261,9.717765451618611,13
1745269,9.824337813229107,8
1745278,9.843973121004735,9
1745299,9.147104353050706,21
1745308,9.834008954506317,9
1745311,9.952522383293708,3
1745322,9.78922949460235,11
1745334,9.789241447701592,12
1745335,10.0,1
1745345,9.82940598299574,10
1745362,9.594353240169067,17
1745363,9.988111774463366,1
1745373,9.80159203482424,10
1745385,9.738615517649205,12
1745386,10.0,1
1745390,9.939149704456513,4
1745399,9.8425011101868,9
1745408,9.812290039201114,9
1745412,9.94865835165788,4
1745417,9.922589566078393,5
1745420,9.966991994038805,3
1745427,9.849347511728915,7
1745433,9.894164734150943,6
1745445,9.76943065200066,12
1745458,9.689519070101614,13
1745463,9.923744312041297,5
1745469,9.897599303050207,6
1745481,9.75236675168433,12
1745491,9.782002875499092,10
1745499,9.844864805203523,8
1745502,9.955817211591334,3
1745507,9.92449813794509,5
1745511,9.946341544707547,4
1745523,9.752208942447917,12
1745530,9.86243711158607,7
1745538,9.8668402382411,8
1745556,9.570796906367043,18
1745557,10.0,1
1745568,9.746298430969432,11
1745581,9.723321633497482,13
1745592,9.802095769335654,11
1745596,9.935119902627163,4
1745602,9.892752944357786,6
1745603,9.988036158128098,1
1745612,9.827056176974347,9
1745623,9.816568477580619,11
1745640,9.6243776223243,17
1745660,8.23620935850602,20
1745669,9.804912735002953,9
1745673,9.941660043330723,4
1745682,9.820382400343632,9
1745694,9.775070358982884,12
1745704,9.779320604794414,10
1745715,9.765295887856738,11
1745721,9.874519009840398,6
1745734,9.719932744484701,13
1745745,9.755104607971495,11
1745755,9.803889404319364,10
1745772,9.637042152472947,17
1745792,9.591326228330281,20
1745800,9.879626634032514,8
1745809,9.599206280640848,9
1745821,9.727697547481585,12
1745828,9.854732131396796,7
1745837,9.816208456289944,9
1745850,9.795530866230747,13
1745852,9.975834027864856,2
1745873,9.496646983278556,21
1745884,9.790042387139477,11
1745893,9.796144575400177,9
1745906,9.73350490449417,13
1745917,9.753651679474057,11
1745926,9.829691403330987,9
1745931,9.925128660996307,5
1745964,9.281299058851964,33
1745967,9.957144472337172,3
1745974,9.885952492937252,7
1745975,10.0,1
1745981,9.884042655364158,6
1745998,9.636337968118054,17
1745999,10.0,1
1746006,9.844083214638541,7
1746017,9.768465334473152,11
1746029,9.74035945420612,12
1746034,9.918901254941863,5
1746047,9.738505197609275,13
1746050,9.955115821286297,3
1746057,9.844064030503588,7
1746079,9.570679634613446,22
1746119,9.2189387562475,40
1746128,9.81916322036507,9
1746142,9.71527856220255,14
1746151,9.863956479139024,9
1746152,10.0,1
1746153,10.0,1
1746163,9.774647504122713,10
1746176,9.636571859603343,13
1746193,9.567823727734122,17
1746194,10.0,1
1746195,10.0,1
1746210,9.635693126435223,15
1746226,9.649053391452064,16
1746236,9.807789859558136,10
1746246,9.808929452643078,10
1746257,9.797436826615995,11
1746261,9.95079689882776,4
1746268,9.85861323617357,7
1746280,9.5795547293675,12
1746287,9.861918678204946,7
1746288,9.988921635502672,1
1746294,9.902025774410983,6
1746301,9.877608054868984,7
1746309,9.855016738517948,8
1746318,9.840999609370385,9
1746345,9.490524435687414,27
1746361,9.651514709295274,16
1746371,9.83070681734277,10
1746390,9.56395153312649,19
1746400,9.782312799264684,10
1746403,9.95755677487118,3
1746411,9.878954512190065,8
1746423,9.460061880145085,12
1746429,9.900610144058147,6
1746433,9.933178675502857,4
1746436,9.961327875205953,3
1746441,9.923486449027095,5
1746489,9.046156273285122,48
1746495,9.907843741451954,6
1746510,9.695709574392971,15
1746524,9.760506559127476,14
1746536,9.733534304850377,12
1746547,9.787906911898858,11
1746559,9.731957956816485,12
1746574,9.640374094344908,15
1746589,9.697652907105141,15
1746598,9.848721774350231,9
1746602,9.931188717832539,4
1746616,9.686441614094155,14
1746619,9.954117604308209,3
1746620,10.0,1
1746631,9.754386678259845,11
1746640,9.84226505609621,9
1746641,10.0,1
1746654,9.70432830534589,13
1746658,9.937465115813605,4
1746673,9.660779646318574,15
1746685,9.772051444769966,12
1746708,9.464673677760441,23
1746721,9.737095681907851,13
1746734,9.611746759265728,13
1746745,9.741983658162582,11
1746746,10.0,1
1746779,9.34844136437765,33
1746790,9.78873805753822,11
1746793,9.95716706241083,3
1746801,9.851547309926646,8
1746802,10.0,1
1746814,9.759706208449513,12
1746821,9.883644405908678,7
1746835,9.708874984987135,14
1746850,9.697393158727825,15
1746859,9.828054683963403,9
1746860,9.98930177802221,1
1746869,9.831906273565933,9
1746877,9.864196196491182,8
1746892,9.702244555034943,15
1746899,9.883392083990202,7
1746908,9.828811210944098,9
1746925,9.606054171369017,17
1746936,9.777293408321734,11
1746951,9.641647257288273,15
1746960,9.830887030317266,9
1746972,9.761706321634396,12
1746994,9.47219128810505,22
1747009,9.60149984359505,15
1747011,9.985432333843471,2
1747015,9.927216104615017,4
1747025,9.817671260385413,10
1747032,9.871060136820148,7
1747040,9.832581849518215,8
1747044,9.941670235100949,4
1747055,9.759935381517122,11
1747057,9.984913913324087,2
1747060,9.949712439910046,3
1747069,9.836338487835576,9
1747077,9.749414054963031,8
1747078,10.0,1
1747088,9.78517313965693,10
1747108,9.547845812936052,20
1747112,9.940323046961876,4
1747120,9.850693137967436,8
1747128,9.858187927309778,8
1747143,9.659313124114332,15
1747156,9.728149137101656,13
1747162,9.87578405283606,6
1747173,9.804974743749199,11
1747176,9.964576434195608,3
1747187,9.784941770406233,11
1747205,9.579470767546297,18
1747216,9.796451428063428,11
1747227,9.773856021222551,11
1747236,9.824939139415372,9
1747242,9.883364979485995,6
1747252,9.806885359603834,10
1747257,9.909081189276248,5
1747268,9.812491751553907,11
1747280,9.784213333162507,12
1747292,9.786585367537029,12
1747298,9.889818749404432,6
1747311,9.715692497909716,13
1747321,9.789962337687445,10
1747331,9.773352077354515,10
1747348,9.640486742420837,17
1747361,9.696579971527944,13
1747369,9.845823556601017,8
1747379,9.789400659416843,10
1747392,9.80814985284483,13
1747407,9.740944263872542,15
1747424,9.61606868580482,17
1747433,9.85353384392147,9
1747445,9.735377050082512,12
1747453,9.852286750441698,8
1747454,10.0,1
1747461,9.66164431709653,7
1747478,9.635970240061493,17
1747494,9.655604518421574,16
1747504,9.812808036732775,10
1747521,9.583101670388528,17
1747530,9.8064542627092,9
1747531,10.0,1
1747544,9.723238801758846,13
1747559,9.64018810386998,15
1747574,9.656705401895017,15
1747575,10.0,1
1747595,9.293910226895163,20
1747608,9.747455168291925,13
1747618,9.611952275184958,10
1747627,9.824534603635243,9
1747635,9.879680579730726,8
1747646,9.78702237053803,11
1747652,9.888720436712283,6
1747664,9.730614528817311,12
1747665,10.0,1
1747674,9.846844120191015,9
1747682,9.864207813179227,8
1747689,9.860498196436007,7
1747706,9.610131175083604,17
1747714,9.863900650089617,8
1747723,9.873081727559917,9
1747743,9.265117991823304,20
1747754,9.759385017341808,11
1747758,9.937202385918622,4
1747767,9.810193561798284,9
1747768,10.0,1
1747773,9.920462874604045,5
1747774,10.0,1
1747787,9.750613652684432,13
1747796,9.82632579053182,9
1747802,9.896831287481987,6
1747814,9.595893622397105,12
1747820,9.888971928621169,6
1747822,9.98309155022275,2
1747827,9.92024443209245,5
1747828,10.0,1
1747842,9.722695489894424,14
1747847,9.915362407540485,5
1747858,9.754601333844287,11
1747862,9.94725586251333,4
1747866,9.920139859190398,4
1747877,9.665884366738906,11
1747887,9.772647216112532,10
1747894,9.856302429626846,7
1747896,9.674740045437282,2
1747909,9.626716092125532,13
1747921,9.731423694278263,12
1747932,9.788952685982562,11
1747947,9.652896686351502,15
1747961,9.686494400717391,14
1747976,9.68187903269101,15
1747992,9.649667696544677,16
1748005,9.719530036932538,13
1748024,9.581406085692965,19
1748041,9.658588357362655,17
1748042,10.0,1
1748075,7.7415735441325815,33
1748082,9.873991537920391,7
1748092,9.78921044560338,10
1748105,9.72138749606256,13
1748106,10.0,1
1748119,9.713834122116687,13
1748128,9.851239536539246,9
1748138,9.778723148092807,10
1748153,9.638570845468536,15
1748164,9.768537608128042,11
1748172,9.852565268601971,8
1748174,9.971276693750474,2
1748176,9.978860787855016,2
1748185,9.806515217429958,9
1748194,9.813678437760109,9
1748201,9.861278206572388,7
1748209,9.858277698702082,8
1748222,9.74231784782029,13
1748225,9.970746414852204,3
1748238,9.698309952205804,13
1748253,9.65223214914806,15
1748270,9.5894430392147,17
1748274,9.948347237790998,4
1748287,9.732736433711628,13
1748295,9.86633992069217,8
1748303,9.744906505898596,8
1748304,10.0,1
1748311,9.86607443062886,7
1748320,9.813514403602479,9
1748322,9.98711371993598,2
1748331,9.836637269458269,9
1748339,9.845801643672367,8
1748355,9.642150923173524,16
1748369,9.680402890432298,14
1748381,9.70250264415913,12
1748394,9.721252162742934,13
1748397,9.96779092043332,3
1748418,9.604457523437123,21
1748430,9.72796604546518,12
1748441,9.756247183097901,11
1748448,9.889123636135304,7
1748465,9.624971192341917,17
1748476,9.788505114076436,11
1748478,9.871956217144469,2
1748498,9.079241024136142,20
1748499,10.0,1
1748506,9.862825316037911,7
1748520,9.669797793806135,14
1748532,9.758101791574154,12
1748552,9.439892105351388,20
1748559,9.86937206708466,7
1748567,9.834697897734806,8
1748576,9.824807099448002,9
1748589,9.692438736631804,13
1748590,10.0,1
1748597,9.856146790015625,7
1748615,9.591539068757651,18
1748628,9.696707677276756,13
1748635,9.860950219825245,7
1748643,9.75298108689332,8
1748651,9.857793099685473,8
1748655,9.93957114497433,4
1748667,9.767815213260617,12
1748683,9.557273660935508,16
1748687,9.931833950595516,4
1748696,9.80010462871149,9
1748714,9.601791649630165,18
1748733,9.601600365396914,19
1748739,9.910371796795497,6
1748745,9.893878538993674,6
1748755,9.781144999905477,10
1748766,9.742950324205621,11
1748770,9.946927845781273,4
1748771,10.0,1
1748787,9.654676588243085,16
1748788,10.0,1
1748804,9.587209431407402,16
1748805,10.0,1
1748818,9.712694118075225,13
1748827,9.823770787473265,9
1748845,9.640415728179741,18
1748851,9.913594820007875,6
1748858,9.863935284709292,7
1748875,9.630873916694284,17
1748887,9.753558081968652,12
1748899,9.809132490908867,12
1748912,9.717937296502813,13
1748913,9.996621035027628,1
1748917,9.938889920797772,4
1748925,9.842385817363292,8
1748934,9.804012766124435,9
1748943,9.81738573636044,9
1748950,9.880038339806053,7
1748959,9.848170955669248,9
1748974,9.68350746938945,15
1748981,9.897530649535197,7
1748992,9.768963751490523,11
1748994,9.979385058418258,2
1749005,9.784306180700554,11
1749013,9.643081786881341,8
1749026,9.70258911552601,13
1749036,9.804317430912786,10
1749048,9.758577257960743,12
1749052,9.949466162159407,4
1749066,9.697728759885045,14
1749080,9.656294790026182,14
1749087,9.903200485051622,7
1749090,9.960796880517051,3
1749103,9.770433924355512,13
1749108,9.920074402633965,5
1749133,9.449046729847936,25
1749146,9.73565148702617,13
1749157,9.761393533487555,11
1749247,8.532210894836478,90
1749262,9.678512717442496,15
1749268,9.924155769708278,6
1749269,10.0,1
1749271,9.977040455449737,2
1749291,9.669903369394607,20
1749306,9.718190117517276,15
1749309,9.956108743027837,3
1749310,10.0,1
1749311,9.996571183715929,1
1749314,9.954448116679012,3
1749315,10.0,1
1749332,9.614299057606198,17
1749342,9.837236918557771,10
1749357,9.700567626786098,15
1749358,10.0,1
1749363,9.925112504554477,5
1749368,9.90482544835607,5
1749381,9.72688692961828,13
1749388,9.874334920127083,7
1749390,9.97717134682541,2
1749399,9.820128504299085,9
1749400,10.0,1
1749417,9.598530682466825,17
1749424,9.873415471826053,7
1749438,9.75700101225152,14
1749450,9.774586726173144,12
1749466,9.676597174369153,16
1749476,9.786815480401769,10
1749486,9.788410093906794,10
1749500,9.484012955108549,14
1749504,9.94129517891127,4
1749505,10.0,1
1749519,9.670469148975311,14
1749523,9.940981444890198,4
1749529,9.90587421810992,6
1749543,9.7055087608477,14
1749556,9.732203945230843,13
1749563,9.888150314964786,7
1749576,9.707022622117352,13
1749584,9.827837008338113,8
1749591,9.873505438050314,7
1749594,9.951637167884261,3
1749602,9.827063271507061,8
1749610,9.849703374801033,8
1749621,9.83019452626344,11
1749642,9.545141854375611,21
1749651,9.805806997417905,9
1749655,9.945689574938275,4
1749664,9.83842061986337,9
1749666,9.974723131572018,2
1749677,9.762463462772098,11
1749678,10.0,1
1749687,9.828404959165685,9
1749702,9.67428761298589,15
1749713,9.781052193046346,11
1749722,9.812972963170978,9
1749732,9.835866526896712,10
1749747,9.677812606727908,15
1749748,10.0,1
1749751,9.967805180295171,3
1749761,9.78464663419403,10
1749762,9.986974329877501,1
1749778,9.652456914322745,16
1749792,9.705307840861714,14
1749807,9.66893803467702,15
1749809,9.984204805863811,2
1749821,9.714636678412644,12
1749822,9.992280181870711,1
1749823,10.0,1
1749833,9.785417527851925,10
1749842,9.826899665626476,9
1749852,9.822385554298652,10
1749853,10.0,1
1749864,9.798103737546404,11
1749877,9.726890436720153,13
1749887,9.817953155832463,10
1749895,9.848482047880424,8
1749905,9.760030453732773,10
1749907,9.978630563988595,2
1749914,9.863661822874096,7
1749915,10.0,1
1749919,9.934784938195014,4
1749941,9.528378327753531,22
1749949,9.85167768882179,8
1749959,9.796167110353666,10
1749968,9.807830498831573,9
1749982,9.763451707398227,14
1749998,9.514684309640485,16
1750013,9.700914642154848,15
1750037,9.410380474425782,24
1750055,9.3688105486418,18
1750061,9.908527676802814,6
1750077,9.637134733669754,16
1750092,9.674692330566073,15
1750101,9.7491286332733,9
1750108,9.871991178678813,7
1750118,9.80297716513563,10
1750129,9.787853651752501,11
1750141,9.752634787900284,12
1750146,9.90640765422175,5
1750160,9.674902541337357,14
1750169,9.78462881724471,9
1750176,9.865474445571671,7
1750185,9.850559680832315,9
1750198,9.757618788699544,13
1750217,9.538872464337434,19
1750229,9.740624880105745,12
1750238,9.85742113868781,9
1750256,9.650827724465426,18
1750259,9.952595100637527,3
1750275,9.650319783551558,16
1750292,9.679250378511687,17
1750297,9.924385159849674,5
1750298,10.0,1
1750336,9.095048717145938,38
1750337,10.0,1
1750353,9.623981371006742,16
1750372,9.537942306622003,19
1750394,9.520597570637051,22
1750406,9.746283005352378,12
1750419,9.70849323552813,13
1750431,9.749491564196246,12
1750450,9.665833064103492,19
1750460,9.791000216297078,10
1750472,9.776594566853545,12
1750482,9.796421563360232,10
1750486,9.938507757323336,4
1750497,9.760906370376734,11
1750519,9.508397682873648,22
1750529,9.784817804443454,10
1750539,9.80178027206338,10
1750543,9.938762853625034,4
1750549,9.901994141447156,6
1750561,9.733641928767272,12
1750580,8.75394754645896,19
1750591,9.752654628641896,11
1750600,9.801032774411713,9
1750601,10.0,1
1750614,9.726487985667424,13
1750626,9.7512066417373,12
1750633,9.857233186539373,7
1750644,9.759071901372687,11
1750651,9.882875488563496,7
1750657,9.917707850966423,6
1750665,9.83111112153723,8
1750681,9.652737395324436,16
1750686,9.934872192529815,5
1750694,9.845329348395886,8
1750696,9.985047951496226,2
1750705,9.825037864376538,9
1750716,9.761031571305253,11
1750721,9.922970177995088,5
1750731,9.791545690160579,10
1750737,9.886948898895678,6
1750743,9.883858237408742,6
1750748,9.919059870984979,5
1750752,9.939250566761615,4
1750754,9.972073244861713,2
1750765,9.766725345971759,11
1750774,9.827229491914903,9
1750775,10.0,1
1750782,9.868259702823176,7
1750784,9.97862892045596,2
1750794,9.834377323382572,10
1750800,9.904460734495116,6
1750805,9.897526198226064,5
1750815,9.762645779979517,10
1750832,9.605926401472361,17
1750833,10.0,1
1750850,9.569293588264754,17
1750860,9.320315339534039,10
1750868,9.855665922164654,8
1750872,9.936411147344765,4
1750891,9.559772216464944,19
1750908,9.621158039295151,17
1750916,9.871524853762697,8
1750930,9.730761940690584,14
1750933,9.968005480908408,3
1750934,10.0,1
1750935,10.0,1
1750936,10.0,1
1750943,9.881341091372521,7
1750954,9.75623961588956,11
1750955,10.0,1
1750959,9.952800934705122,4
1750967,9.838512867143614,8
1750976,9.827645975403573,9
1750992,9.096950546646664,16
1751000,9.857579504082947,8
1751004,9.929460885812697,4
1751013,9.816568073059827,9
1751023,9.788212578857554,10
1751027,9.949831271575643,4
1751037,9.748146225750599,10
1751049,9.776853826150617,12
1751061,9.478708329363787,12
1751071,9.793115206261254,10
1751075,9.944843329456425,4
1751088,9.718105138439329,13
1751094,9.891977979110331,6
1751104,9.78883484237021,10
1751112,9.840278471722272,8
1751129,9.547230642683346,17
1751134,9.924750702522408,5
1751149,9.672730159267914,15
1751152,9.960378499506778,3
1751157,9.919624953521359,5
1751158,10.0,1
1751161,9.965047273766656,3
1751169,9.828092088921561,8
1751190,7.524675518943031,21
1751199,9.82032697725397,9
1751211,9.749259132786738,12
1751214,9.968060566590248,3
1751223,9.837825941486821,9
1751224,10.0,1
1751225,10.0,1
1751230,9.912336024608459,5
1751231,10.0,1
1751232,10.0,1
1751233,10.0,1
1751242,9.817167190460333,9
1751243,10.0,1
1751252,9.807252084302396,9
1751259,9.874508785700845,7
1751263,9.94141509881004,4
1751278,9.672984834632862,15
1751286,9.82035242012602,8
1751295,9.80902369473728,9
1751304,9.840778355248853,9
1751305,10.0,1
1751322,9.598993431646663,17
1751328,9.882398685823928,6
1751337,9.8193505344084,9
1751351,9.720778527710412,14
1751367,9.652212032586805,16
1751368,10.0,1
1751377,9.81987424543226,9
1751384,9.860109636116523,7
1751389,9.912799502223448,5
1751393,9.938362590019176,4
1751399,9.880777608169138,6
1751405,9.879473920084672,6
1751419,9.703140805986306,14
1751422,9.971962037458145,3
1751435,9.719586669440776,13
1751442,9.893289639447994,7
1751454,9.758786121434092,12
1751457,9.96251860780741,3
1751461,9.750694113132946,4
1751470,9.834111331324944,9
1751471,10.0,1
1751479,9.861033290767846,8
1751494,9.686502611091571,15
1751504,9.791251908837651,10
1751510,9.8820643962709,6
1751511,10.0,1
1751527,9.637519894266267,16
1751539,9.756786626039357,12
1751549,9.80181326611716,10
1751560,9.806254046272768,11
1751571,9.754827187724981,11
1751590,9.606346626895723,19
1751600,9.808671609917123,10
1751607,9.870676181600567,7
1751610,9.959561613681537,3
1751629,9.555273954105775,19
1751638,9.814849821731674,9
1751651,9.734038369891866,13
1751658,9.864650530179333,7
1751671,9.730327747912881,13
1751682,9.77697058822538,11
1751689,9.671504877964232,7
1751690,10.0,1
1751700,9.724448097897847,10
1751713,9.718909096426357,13
1751719,9.896364653461795,6
1751728,9.816714830185552,9
1751733,9.916583756243975,5
1751744,9.78890907097655,11
1751745,10.0,1
1751747,9.975324519393585,2
1751761,9.667524180822362,14
1751768,9.88911894784199,7
1751779,9.769479479121634,11
1751782,9.954417100778404,3
1751793,9.751070750398664,11
1751799,9.896544270717921,6
1751805,9.922646586131648,6
1751807,9.98168460814333,2
1751825,9.588189111888305,18
1751833,9.840845424404979,8
1751834,10.0,1
1751846,9.789523035435527,12
1751860,9.701491104745251,14
1751881,9.638845692258943,21
1751893,9.736765094910103,12
1751898,9.921045388437314,5
1751909,9.787044008205765,11
1751910,10.0,1
1751929,9.519681897821219,19
1751936,9.884731888452027,7
1751946,9.840651823006228,10
1751951,9.933465214001844,5
1751961,9.811459198142856,10
1751974,9.755075265788365,13
1751985,9.773567677414178,11
1752000,9.684358953225333,15
1752027,9.466194619946114,27
1752039,9.766927173755874,12
1752040,10.0,1
1752050,9.80829584290654,10
1752063,9.743930260772522,13
1752076,9.743556095835444,13
1752081,9.919354322768902,5
1752098,9.662802845041838,17
1752104,9.910293715599542,6
1752123,9.578481893166114,19
1752218,7.337986977500918,95
1752232,9.696756189563407,14
1752242,9.783062433266974,10
1752252,9.787401277640804,10
1752259,9.873642682199725,7
1752260,10.0,1
1752261,10.0,1
1752279,9.654455439744721,18
1752297,9.662618522900184,18
1752302,9.924155317382189,5
1752313,9.802537156314415,11
1752326,9.770415951298006,13
1752333,9.858198858507102,7
1752343,9.763026756715542,10
1752350,9.853452278542608,7
1752356,9.875367633163808,6
1752371,9.724666821070338,15
1752376,9.93053609051227,5
1752394,9.570314123842632,18
1752398,9.93155857774071,4
1752430,9.212941185340235,32
1752435,9.913771792861658,5
1752447,9.74377725236301,12
1752465,9.584995163947855,18
1752472,9.87948228766588,7
1752489,9.641485965354642,17
1752500,9.76191054206044,11
1752507,9.868441390607233,7
1752508,10.0,1
1752509,10.0,1
1752522,9.709532648376355,13
1752532,9.800947252654735,10
1752537,9.894940191573166,5
1752540,9.954383316701895,3
1752555,9.683930865544875,15
1752562,9.864788463862865,7
1752571,9.808682830707413,9
1752584,9.592585201718368,13
1752605,9.631788782893011,21
1752608,9.959137727072907,3
1752613,9.902603048863092,5
1752616,9.955984868163437,3
1752631,9.698937396582652,15
1752633,9.978657746953536,2
1752647,9.681323406998265,14
1752648,10.0,1
1752659,9.770980108689502,11
1752672,9.709394465521735,13
1752688,9.627126266345174,16
1752691,9.94824988508281,3
1752692,10.0,1
1752704,9.768576803193204,12
1752713,9.819080856983458,9
1752730,9.619590715434589,17
1752740,9.795743866628795,10
1752772,9.275866995510901,32
1752780,9.858347005811517,8
1752805,9.453840373364415,25
1752806,10.0,1
1752812,9.921633058291617,6
1752826,9.593441734389069,14
1752832,9.895053350169153,6
1752838,9.895852364626261,6
1752839,10.0,1
1752859,9.606823344532126,20
1752865,9.892128160610529,6
1752889,9.107908692521606,24
1752901,9.717979096341509,12
1752904,9.953013553123268,3
1752910,9.904666856345555,6
1752917,9.897584685862403,7
1752918,10.0,1
1752929,9.77723428962282,11
1752937,9.856442155940709,8
1752953,9.656958258049762,16
1752964,9.739900987462086,11
1752979,9.686699266339996,15
1752985,9.895500062378838,6
1752994,9.824028141633352,9
1752999,9.915580368104886,5
1753001,9.977188175071802,2
1753006,9.902438358725313,5
1753013,9.864572463139536,7
1753023,9.80515025691774,10
1753032,9.85187871965035,9
1753043,9.76610027647701,11
1753046,9.96968233092615,3
1753055,9.821449814454349,9
1753065,9.789548474002405,10
1753084,9.599452999933485,19
1753085,10.0,1
1753093,9.843243721909616,8
1753099,9.899038556531849,6
1753115,9.712045963636381,16
1753125,9.852017182254391,10
1753130,9.917867265006894,5
1753141,9.7465062363012,11
1753143,9.985226149076942,2
1753150,9.846260635599444,7
1753158,9.851936216409753,8
1753166,9.826082767769112,8
1753174,9.84449239066522,8
1753179,9.917120575115872,5
1753187,9.852244318673698,8
1753196,9.851750881954374,9
1753205,9.823176927649914,9
1753219,9.685439140212681,14
1753224,9.909206292557771,5
1753232,9.872043301138193,8
1753238,9.88730364373518,6
1753244,9.89794489024695,6
1753253,9.822245734801973,9
1753254,10.0,1
1753276,9.517207175901055,22
1753279,9.955424970148472,3
1753280,10.0,1
1753291,9.776781448024167,11
1753305,9.691668898879815,14
1753333,9.355887415682535,28
1753341,9.8522245565283,8
1753342,9.986811691212369,1
1753348,9.897654007644459,6
1753364,9.670065862499182,16
1753371,9.884490430754669,7
1753375,9.825073126634623,4
1753383,9.85951243860525,8
1753391,9.854380604632073,8
1753403,9.73244989319079,12
1753407,9.938228473426399,4
1753408,10.0,1
1753413,9.913688888760198,5
1753426,9.721390273507572,13
1753456,9.448245138602644,30
1753462,9.576866564964385,6
1753473,9.788615381218449,11
1753485,9.740715251499788,12
1753486,10.0,1
1753487,10.0,1
1753499,9.756403134288107,12
1753511,9.778351380594335,12
1753515,9.938667079139988,4
1753526,9.807003904069845,11
1753537,9.791139786153517,11
1753538,10.0,1
1753550,9.754521320073424,12
1753567,9.258883683521972,17
1753571,9.950038841531393,4
1753584,9.701424125965717,13
1753599,9.694484996028198,15
1753608,9.833544515903778,9
1753609,10.0,1
1753612,9.95828828304803,3
1753638,9.526172300195952,26
1753646,9.85598704371874,8
1753647,10.0,1
1753663,9.67680927984996,16
1753669,9.888641475087073,6
1753686,9.640580137830124,17
1753698,9.718589129576072,12
1753699,10.0,1
1753707,9.861542802740516,8
1753725,9.606126480049564,18
1753737,9.771570037699115,12
1753738,10.0,1
1753739,9.992919174354506,1
1753754,9.652290163407795,15
1753767,9.76509733246103,13
1753768,10.0,1
1753775,9.861247879473096,7
1753788,9.720785397370427,13
1753804,9.755231853012608,16
1753812,9.838834012048444,8
1753816,9.948504895508549,4
1753821,9.936322452174053,5
1753830,9.852387729862725,9
1753838,9.826088126079178,8
1753839,10.0,1
1753851,9.765197863028568,12
1753852,10.0,1
1753857,9.912203946041933,5
1753870,9.708427404961673,13
1753883,9.69003721968435,13
1753884,10.0,1
1753895,9.777096882924837,11
1753897,9.976664339487888,2
1753900,9.962704482276562,3
1753911,9.76596174194192,11
1753930,8.93316842387998,19
1753931,10.0,1
1753939,9.82661320737488,8
1753945,9.891518833839255,6
1753948,9.954993061239772,3
1753955,9.849282760412672,7
1753960,9.936411609295067,5
1753970,9.786402979067176,10
1753981,9.777194710181393,11
1753989,9.864020652758168,8
1753992,9.966376690812446,3
1754002,9.791087608191226,10
1754009,9.896025866656064,7
1754015,9.916326051646228,6
1754022,9.874470094918403,7
1754031,9.874950966106248,9
1754035,9.93210462550715,4
1754046,9.751978047249855,11
1754048,9.978048099900162,2
1754059,9.767667823473216,11
1754065,9.89582255452049,6
1754070,9.926735197944593,5
1754079,9.855216013687293,9
1754103,9.395257560246874,24
1754113,9.773842569954557,10
1754117,9.941540521163814,4
1754118,9.992597157431568,1
1754119,10.0,1
1754132,9.701379647284984,13
1754146,9.695509366875932,14
1754148,9.869354789840735,2
1754154,9.907668218342579,6
1754157,9.963282122857038,3
1754167,9.792760326433557,10
1754170,9.955940550094912,3
1754184,9.718629156882852,14
1754222,8.977666678994598,38
1754223,10.0,1
1754237,9.725607299596344,14
1754241,9.944557548712785,4
1754262,9.468475775542508,21
1754265,9.958035488602913,3
1754278,9.724575084422385,13
1754288,9.768171316102494,10
1754300,9.803907220953699,12
1754314,9.728572211706119,14
1754323,9.842605853463423,9
1754335,9.724985464809267,12
1754341,9.893011623602536,6
1754346,9.931234177985322,5
1754350,9.946444220621396,4
1754355,9.914135548700452,5
1754370,9.688953820336135,15
1754371,10.0,1
1754379,9.880583396790138,8
1754385,9.909938664759345,6
1754386,10.0,1
1754404,9.565439080049913,18
1754411,9.863720652429759,7
1754430,9.531256193273647,19
1754440,9.83551057413272,10
1754443,9.960138243853127,3
1754452,9.83557709922812,9
1754460,9.885450181839966,8
1754474,9.76176952300173,14
1754488,9.69047427493188,14
1754498,9.770893315173469,10
1754512,9.643291345738636,14
1754518,9.903940899027702,6
1754519,10.0,1
1754520,9.988932869734803,1
1754524,9.947122619814769,4
1754525,10.0,1
1754533,9.842650733777248,8
1754547,9.671922210227565,14
1754634,7.917935757498688,87
1754642,9.834837908968085,8
1754647,9.918949655657897,5
1754661,9.644666975814596,14
1754674,9.740346659186342,13
1754691,9.658773539889673,17
1754704,9.729931953026004,13
1754711,9.88016445848402,7
1754723,9.754293761645453,12
1754736,9.755553077872587,13
1754737,10.0,1
1754745,9.853334327492643,8
1754748,9.961955934455935,3
1754753,9.905395288492361,5
1754758,9.921084175721262,5
1754770,9.745790419885461,12
1754775,9.903906658056917,5
1754781,9.815240487714016,6
1754782,9.989595476261622,1
1754797,9.645115936783137,15
1754802,9.911238329470807,5
1754817,9.63932978732783,15
1754832,9.65501538647668,15
1754838,9.89459012420904,6
1754848,9.79302473035975,10
1754874,8.971232615679856,26
1754886,9.73251044474627,12
1754887,9.988932998229517,1
1754888,10.0,1
1754891,9.961460653731448,3
1754901,8.771074371648217,10
1754910,9.839726929134036,9
1754911,10.0,1
1754918,9.867998456028413,7
1754921,9.96558897465078,3
1754934,9.735034310068677,13
1754948,9.765630035353269,14
1754961,9.766854829494754,13
1754973,9.766727510910473,12
1754981,9.8253078623298,8
1754989,9.838823458276913,8
1754994,9.909573777522825,5
1755101,8.183188484290891,107
1755112,9.752121252629278,11
1755114,9.974288658039614,2
1755127,9.6482457039327,13
1755138,9.787604854711397,11
1755154,9.651956465201446,16
1755165,9.757875875699103,11
1755172,9.873264018709778,7
1755177,9.906756480836838,5
1755187,9.797162984435369,10
1755199,9.739356797409414,12
1755219,9.512658541808786,20
1755228,9.80922612230925,9
1755242,9.712076193326615,14
1755245,9.951532041199469,3
1755260,9.67783069692884,15
1755261,9.992405375960193,1
1755277,9.647722548742289,16
1755303,7.409054895577935,26
1755304,10.0,1
1755317,9.710532619359366,13
1755326,9.849324255597365,9
1755327,10.0,1
1755331,9.95413073015105,4
1755351,9.56599691000725,20
1755363,9.746104006766341,12
1755364,9.992441495405863,1
1755374,9.780361765640924,10
1755378,9.924593037790096,4
1755390,9.803627557101208,12
1755400,9.789338860552968,10
1755419,9.54100226305408,19
1755435,9.724618055949822,16
1755436,10.0,1
1755438,9.974972685237656,2
1755447,9.805423674829084,9
1755458,9.739171916875646,11
1755463,9.930180742055063,5
1755469,9.900398458296754,6
1755478,9.802684246767667,9
1755482,9.92966647333987,4
1755496,9.680975702279454,14
1755497,10.0,1
1755498,10.0,1
1755502,9.92463614314397,4
1755511,9.82384484483235,9
1755518,9.85565550374832,7
1755524,9.892817103824964,6
1755534,9.803025903925938,10
1755546,9.721875940388767,12
1755556,9.767711995834944,10
1755561,9.910673450580294,5
1755564,9.962692068035711,3
1755573,9.836809636792035,9
1755592,9.588342627516122,19
1755596,9.643986879275147,4
1755597,10.0,1
1755624,7.266352292214774,27
1755640,9.651915463305043,16
1755676,8.293720706798839,36
1755693,9.140057317274426,17
1755715,9.573960186063474,22
1755723,9.8404049772921,8
1755731,9.860061381917408,8
1755744,9.72603687463858,13
1755757,9.705468508756242,13
1755771,9.688387614676875,14
1755777,9.900073521373915,6
1755786,9.853824239736396,9
1755792,9.883911414557636,6
1755795,9.957794249925442,3
1755804,9.833100857902268,9
1755825,9.600139264910554,21
1755834,9.831237028170685,9
1755847,9.725001391890697,13
1755848,10.0,1
1755862,9.785919333181857,14
1755875,9.764307824246252,13
1755890,9.672618436345289,15
1755895,9.910095962575468,5
1755900,9.914083815760815,5
1755919,9.573139579745966,19
1755925,9.895834289397346,6
1755930,9.909021347089979,5
1755931,9.996543351165512,1
1755944,9.704033122364711,13
1755958,9.668658783677522,14
1755969,9.738949519666209,11
1755986,9.617492735901514,17
1756002,9.272899087378256,16
1756012,9.770376542130379,10
1756036,9.40121239140962,24
1756038,9.97446060765489,2
1756056,9.592500272037388,18
1756059,9.95686226393101,3
1756069,9.799923424504774,10
1756084,9.704831629600346,15
1756095,9.744793081436834,11
1756103,9.829804297201399,8
1756112,9.846244002284742,9
1756122,9.795377228502252,10
1756134,9.760283479621513,12
1756154,9.562936140352926,20
1756161,9.874935236874139,7
1756173,9.77326116257767,12
1756191,9.633572705354615,18
1756202,9.795902039071011,11
1756210,9.861689583631758,8
1756219,9.84821998820896,9
1756234,9.711910207004252,15
1756239,9.926472034758518,5
1756255,9.647891151175209,16
1756271,9.723709635893956,16
1756281,9.715073912297044,10
1756289,9.858037955440558,8
1756295,9.913526221532969,6
1756297,9.977831993694576,2
1756314,9.599733035713573,17
1756326,9.731714916184583,12
1756342,9.64725260221664,16
1756356,9.659333897123943,14
1756365,9.824687681056503,9
1756375,9.787322922873143,10
1756385,9.800796696008424,10
1756389,9.936392482236844,4
1756400,9.768146524315725,11
1756401,10.0,1
1756415,9.71480959729189,14
1756416,10.0,1
1756432,9.48909005091025,16
1756434,9.981525788413615,2
1756437,9.97248380498841,3
1756444,9.86393344577067,7
1756445,10.0,1
1756461,9.634797501513875,16
1756469,9.847095031638672,8
1756487,9.594169972456317,18
1756501,9.687814997352667,14
1756524,9.259801273576032,23
1756530,9.897182880480349,6
1756540,9.843734951074746,10
1756549,9.840541891963527,9
1756553,9.944975849477121,4
1756575,9.570848032444735,22
1756584,9.81033409060591,9
1756590,9.898430283598751,6
1756608,9.62218012246427,18
1756609,10.0,1
1756622,9.71255469027301,13
1756630,9.87627088958206,8
1756631,10.0,1
1756639,9.85795979408937,8
1756640,10.0,1
1756650,9.809363010553872,10
1756651,10.0,1
1756661,9.781880613151541,10
1756682,9.580368220093773,21
1756696,9.679686930077416,14
1756702,9.886662615991254,6
1756703,10.0,1
1756720,9.595358250672088,17
1756727,9.866212128068069,7
1756739,9.726524331538847,12
1756744,9.912253236383432,5
1756755,9.777449076227448,11
1756760,9.907538191978107,5
1756772,9.725171515742007,12
1756773,10.0,1
1756786,9.736844852663552,13
1756836,8.525598230295072,50
1756840,9.944026511977123,4
1756846,9.890579184687061,6
1756853,9.867953140605811,7
1756860,9.8594766286934,7
1756861,10.0,1
1756864,9.952494118980724,3
1756875,9.788338527219826,11
1756879,9.924161330903438,4
1756881,9.97241832659953,2
1756885,9.935831070729837,4
1756886,9.988129341409108,1
1756888,9.970552914073926,2
1756901,9.716392678279435,13
1756909,9.837661253631222,8
1756915,9.914381746575211,6
1756924,9.819288914350334,9
1756938,9.774418848151972,14
1756942,9.927609258101178,4
1756957,9.668345571417495,15
1756966,9.822968395533389,9
1756972,9.903938314879552,6
1756987,9.693274512571413,15
1756991,9.937802934260201,4
1757003,9.725380254072729,12
1757016,9.719081569739862,13
1757017,10.0,1
1757029,9.769296542785106,12
1757034,9.917825685805491,5
1757049,9.682296519790656,15
1757051,9.985694860563433,2
1757059,9.836466937876887,8
1757071,9.748994468938111,12
1757076,9.907808869080021,5
1757084,9.834141451901283,8
1757091,9.878071293319412,7
1757102,9.766811313578334,11
1757108,9.90367058463164,6
1757128,9.544106462201023,20
1757145,9.573038478372606,17
1757146,10.0,1
1757155,9.834979574479979,9
1757169,9.674808732411245,14
1757178,9.82443243519654,9
1757181,9.95570720983522,3
1757191,9.795671636628695,10
1757193,9.973097815451304,2
1757203,9.802205548110782,10
1757215,9.771464883144173,12
1757226,9.74548824323565,11
1757229,9.956818521100638,3
1757239,9.802802377224785,10
1757240,10.0,1
1757243,9.968413441533261,3
1757244,10.0,1
1757247,9.948957983750523,3
1757252,9.914854138305651,5
1757265,9.71747298294412,13
1757266,10.0,1
1757267,10.0,1
1757279,9.755416987193751,12
1757292,9.716389709845732,13
1757305,9.71788318337634,13
1757318,9.75255069518688,13
1757328,9.830132029521653,10
1757335,9.889479188214997,7
1757345,9.809454329453184,10
1757360,9.671318886326926,15
1757373,9.745882704773111,13
1757388,9.700607045844542,15
1757389,10.0,1
1757394,9.91507825377891,5
1757399,9.90938077067191,5
1757406,9.859577159409364,7
1757412,9.89876584964542,6
1757419,9.879637573112097,7
1757427,9.864939289882322,8
1757435,9.843909951265141,8
1757440,9.92381278022232,5
1757459,9.65443955822079,19
1757463,9.92521418061852,4
1757473,9.775611615895423,10
1757474,10.0,1
1757483,9.830088841495394,9
1757484,10.0,1
1757498,9.671172535008681,14
1757507,9.801084773714377,9
1757524,4.0281952491977435,17
1757536,9.726923405962165,12
1757546,9.825504677769658,10
1757547,10.0,1
1757548,9.98830904751392,1
1757562,9.70443533934141,14
1757571,9.822223774066059,9
1757591,9.568349254316685,20
1757592,10.0,1
1757598,9.901965526894887,6
1757601,9.952715562791937,3
1757612,9.753866438822802,11
1758112,-10.412457335464426,500
1758114,9.972312598487392,2
1758125,9.77122647197489,11
1758136,9.796520521383444,11
1758159,9.51088792852566,23
1758171,9.812833335932934,12
1758180,9.821214214251855,9
1758181,10.0,1
1758182,10.0,1
1758183,9.98936685831612,1
1758184,10.0,1
1758196,9.746203845340029,12
1758210,9.738762562168944,14
1758211,10.0,1
1758224,9.731060212108012,13
1758233,9.860588946012388,9
1758236,9.967621563841247,3
1758249,9.758041179705126,13
1758251,9.980627053551354,2
1758259,9.833551374737748,8
1758267,9.833496393916109,8
1758276,9.850624444116347,9
1758283,9.870175388804459,7
1758288,9.91429893992577,5
1758298,9.769620376664955,10
1758303,9.935405121378158,5
1758317,9.70022856741245,14
1758324,9.84021417478967,7
1758329,9.937750849970477,5
1758340,9.794531670906256,11
1758355,9.674203286789092,15
1758356,10.0,1
1758362,9.904066269529304,6
1758369,9.881533447399287,7
1758385,9.653366523465786,16
1758396,9.769939231112545,11
1758410,9.733925228184406,14
1758415,9.916473360364929,5
1758428,9.689328591775244,13
1758437,9.825758283848886,9
1758445,9.854859709503899,8
1758451,9.894702828000577,6
1758459,9.846568942162301,8
1758470,9.759759125198002,11
1758478,9.854925968511314,8
1758483,9.922280070430022,5
1758499,9.49202585615379,16
1758512,9.728314811934439,13
1758526,9.678639062203798,14
1758546,9.589894656004539,20
1758592,9.162047262364542,46
1758593,10.0,1
1758605,9.745295932862808,12
1758606,10.0,1
1758615,9.811367780784256,9
1758621,9.915306441493264,6
1758632,9.775175239451737,11
1758655,9.558958241260282,23
1758669,9.695378565549321,14
1758672,9.954651221800386,3
1758678,9.892479887939517,6
1758694,9.632709375933032,16
1758702,9.843834778196987,8
1758713,9.752934461910533,11
1758719,9.906491020272764,6
1758728,9.810394371671787,9
1758738,9.80452226484568,10
1758749,9.684089974336443,11
1758755,9.915651344231124,6
1758766,9.78514057487536,11
1758784,9.651027703098812,18
1758794,9.818540170805427,10
1758802,9.85634335057801,8
1758810,9.832215365502941,8
1758821,9.79056001001489,11
1758834,9.734650735197237,13
1758836,9.980588074984734,2
1758846,9.809394180084869,10
1758851,9.9298003714272,5
1758854,9.960485911864149,3
1758859,9.925584613086624,5
1758874,9.726591201749033,15
1758890,9.606897739448948,16
1758896,9.882018400992031,6
1758903,9.871771761699218,7
1758911,9.771180465966268,8
1758919,9.869485024651562,8
1758932,9.76827034501913,13
1758938,9.906111885346279,6
1758944,9.912957350505243,6
1758946,9.967207847927492,2
1758968,9.371608067537935,22
1758980,9.723613776712913,12
1758981,10.0,1
1758992,9.83893891053601,11
1759003,9.760337041734656,11
1759009,9.883735784642766,6
1759017,9.847623613114765,8
1759018,10.0,1
1759030,9.783755738574072,12
1759048,9.588149399898448,18
1759060,9.749262757649353,12
1759076,9.64191018590994,16
1759084,9.84244252560544,8
1759090,9.892395566962296,6
1759153,8.956448637626867,63
1759159,9.893315043320497,6
1759166,9.870415641406437,7
1759175,9.831936966466916,9
1759190,9.470103462183742,15
1759194,9.944958484791155,4
1759200,9.909093044422086,6
1759202,9.97632665898047,2
1759203,10.0,1
1759218,9.64999097535513,15
1759227,9.821709350308574,9
1759253,9.419530087190145,26
1759254,9.995726432247269,1
1759264,9.801840313121273,10
1759273,9.800223487292362,9
1759280,9.858263345231327,7
1759296,9.680871343457001,16
1759315,9.562630974031988,19
1759328,9.71186572469249,13
1759348,9.58415932160084,20
1759352,9.946781173609248,4
1759365,9.74051784213805,13
1759372,9.872143207778647,7
1759384,9.763250188737713,12
1759401,9.650166119786972,17
1759413,9.765933710097528,12
1759423,9.832748499682483,10
1759424,10.0,1
1759432,9.874452283661705,8
1759444,9.758336408720863,12
1759452,9.852819100784302,8
1759457,9.911125024906582,5
1759466,9.850183677977933,9
1759472,9.882763459019934,6
1759489,9.681110096460648,17
1759504,9.740609499559724,15
1759513,9.819786441070756,9
1759521,9.812989268650893,8
1759524,9.966292764889904,3
1759534,9.783596509621285,10
1759547,9.733943034465709,13
1759548,9.996698178857999,1
1759553,9.904788161266039,5
1759572,9.55874312605933,19
1759586,9.682672494698487,14
1759599,9.712896783596296,13
1759612,9.783415197859181,13
1759628,9.679762562444722,16
1759635,9.864650882481655,7
1759643,9.83343797508505,8
1759654,9.761289470267394,11
1759682,9.390799265721808,28
1759685,9.858874650673188,3
1759697,9.76316756357691,12
1759710,9.725497071108219,13
1759711,9.989447741118143,1
1759723,9.788647521341023,12
1759730,9.887841724221758,7
1759737,9.875484702806501,7
1759745,9.855156338174991,8
1759774,9.277485620216916,29
1759790,9.628142046200468,16
1759809,9.597625187430948,19
1759818,9.803622935189145,9
1759825,9.874647766134064,7
1759843,9.667126821083155,18
1759852,9.857740384647652,9
1759863,9.789208711276432,11
1759865,9.969811677467108,2
1759874,9.802223043315363,9
1759886,9.75484029845985,12
1759899,9.71071235923129,13
1759910,9.787194940709282,11
1759919,9.843262212527101,9
1759921,9.978054190515524,2
1759931,9.7853273024436,10
1759949,9.596397493593267,18
1759950,10.0,1
1759960,9.78788634552762,10
1759968,9.851165614768973,8
1759983,9.66111503247373,15
1759990,9.87751154975935,7
1759998,9.867578904243487,8
1760001,9.95478193455777,3
1760016,9.658681630287411,15
1760030,9.698166140522765,14
1760034,9.942761839810192,4
1760046,9.752297382699362,12
1760058,9.805133600164512,12
1760071,9.71324068004041,13
1760072,9.99232680220728,1
1760085,9.609649214521022,13
1760104,9.605472883045936,19
1760116,9.73479209883625,12
1760122,9.907862885739776,6
1760130,9.854101605706052,8
1760145,9.730605539087547,15
1760152,9.853500699862655,7
1760157,9.923376962852645,5
1760167,9.816082613334991,10
1760174,9.853235875704456,7
1760190,9.61838003805672,16
1760198,9.856027564232122,8
1760209,9.768779001498526,11
1760223,9.686874615897997,14
1760236,9.735354677083118,13
1760280,9.13289364056893,44
1760295,9.666798584977814,15
1760299,9.93741154181532,4
1760309,9.794958476247766,10
1760322,9.713143357528192,13
1760337,9.734587386443597,15
1760344,9.85293273104061,7
1760352,9.88991130841351,8
1760353,10.0,1
1760360,9.894548078227727,7
1760370,9.793637849192866,10
1760385,9.663337468144146,15
1760392,9.885965538325483,7
1760395,9.95600331221159,3
1760396,10.0,1
1760407,9.759859746167754,11
1760417,9.805484570647502,10
1760430,9.736164552432415,13
1760438,9.844902944850391,8
1760451,9.032272829119854,13
1760458,9.875261024951039,7
1760469,9.776738764101106,11
1760492,9.454648026968773,23
1760501,9.82248708400772,9
1760511,9.783650836543208,10
1760528,9.625764282681553,17
1760540,9.729656813878334,12
1760547,9.867724523546299,7
1760556,9.827320832461547,9
1760563,9.891253088179006,7
1760580,9.611755436766414,17
1760593,9.721948956269225,13
1760594,9.98830881685349,1
1760606,9.701629453633727,12
1760615,9.817171511307768,9
1760616,10.0,1
1760628,9.729534469454801,12
1760639,9.782026410533927,11
1760645,9.901557269662938,6
1760652,9.858541081830918,7
1760653,10.0,1
1760662,9.840047433160448,9
1760680,9.586347023206548,18
1760694,9.725393289784988,14
1760704,9.814187566922017,10
1760712,9.859289074421284,8
1760720,9.847746158452479,8
1760732,9.774244879698836,12
1760745,9.725196097459172,13
1760761,8.738171566734309,16
1760762,10.0,1
1760769,9.874824793911579,7
1760780,9.76331818716616,11
1760789,9.834064525070268,9
1760797,9.842978840751822,8
1760810,9.694854443044784,13
1760825,9.647949501530913,15
1760831,9.904575053146031,6
1760839,9.86199359680904,8
1760842,9.955631643917368,3
1760850,9.828958483649009,8
1760856,9.876244789970396,6
1760861,9.89307099196928,5
1760862,10.0,1
1760867,9.9104545872065,5
1760868,10.0,1
1760881,9.700696414237825,13
1760892,9.765819638120067,11
1760902,9.816083795305266,10
1760910,9.832602315340445,8
1760925,9.655410150193768,15
1760938,9.697933509012792,13
1760951,9.714118308998723,13
1760959,9.83970821878339,8
1760968,9.825948317921208,9
1760984,9.662288167728779,16
1761001,9.61425350291268,17
1761013,9.752723581943645,12
1761021,9.868777829408357,8
1761037,9.365067596082676,16
1761052,9.667343023490563,15
1761070,9.613217665284958,18
1761080,9.797718468626616,10
1761091,9.768274505891892,11
1761098,9.878489669857462,7
1761105,9.894287905394417,7
1761106,9.996198924272955,1
1761116,9.736884674844651,10
1761122,9.910198553729096,6
1761128,9.889950305208721,6
1761133,9.91953433614647,5
1761143,9.786551020708368,10
1761157,9.682276801824402,14
1761171,9.727897648415476,14
1761180,9.823247708743235,9
1761189,9.83178119832507,9
1761195,9.882070625354988,6
1761205,9.839855172263011,10
1761212,9.903531054809436,7
1761231,9.561458848668902,19
1761235,9.944961509789858,4
1761244,9.826255614987506,9
1761255,9.761462013518226,11
1761263,9.840654927709476,8
1761270,9.895004597245805,7
1761276,9.91663015754038,6
1761292,9.629008144618147,16
1761298,9.904508056497859,6
1761306,9.871063784401066,8
1761316,9.790915740829027,10
1761326,9.805530315833753,10
1761332,9.904189967055961,6
1761342,9.788474460466977,10
1761350,9.836244894345674,8
1761354,9.933618569193829,4
1761364,9.792800384443888,10
1761374,9.811071220493472,10
1761386,9.755716055335805,12
1761398,9.73867797462008,12
1761402,9.935068267585601,4
1761409,9.862350024369622,7
1761421,9.765803725572404,12
1761434,9.70006550809919,13
1761450,9.688039037606883,16
1761452,9.984235089904262,2
1761459,9.860214120877412,7
1761473,9.684798955408098,14
1761480,9.896667524953097,7
1761493,9.708574731246191,13
1761504,9.756799573738599,11
1761519,9.26307045486732,15
1761530,9.751916977867678,11
1761537,9.877206451509707,7
1761547,9.833399062584096,10
1761554,9.857359273447177,7
1761567,9.728157146254024,13
1761575,9.837901111298732,8
1761586,9.771176003243708,11
1761591,9.920052371403136,5
1761597,9.878820076280643,6
1761608,9.80830933622808,11
1761623,9.724227546403824,15
1761624,10.0,1
1761645,9.490220116767084,21
1761656,9.786095272399626,11
1761667,9.790251882597687,11
1761678,9.774790037039107,11
1761688,9.780658471386605,10
1761700,9.774934925018584,12
1761708,9.830391822825339,8
1761720,9.740040223906803,12
1761721,10.0,1
1761723,9.984961519566768,2
1761724,10.0,1
1761744,9.617370032177709,20
1761745,10.0,1
1761746,10.0,1
1761760,9.716562361894184,14
1761769,9.837489238341924,9
1761774,9.932352104204336,5
1761781,9.883361569578163,7
1761782,10.0,1
1761790,9.850331441968214,8
1761796,9.890751543969385,6
1761825,9.175849882289578,29
1761837,9.456375817805835,12
1761838,10.0,1
1761840,9.981394251533361,2
1761850,9.780179580939825,10
1761860,9.777807725421308,10
1761874,9.69770688650066,14
1761884,9.759343156243089,10
1761888,9.934269964293438,4
1761907,9.545259920593487,19
1761914,9.872843358805495,7
1761915,10.0,1
1761919,9.953679758855767,4
1761920,10.0,1
1761928,9.871408575647584,8
1761938,9.784401060621141,10
1761943,9.913137037143107,5
1761957,9.650771716981993,14
1761962,9.921346383816989,5
1761969,9.888192777447491,7
1761991,9.551454825126084,22
1761998,9.836147520532458,7
1762003,9.913190146043661,5
1762010,9.857945616802557,7
1762020,9.780569616443167,10
1762035,9.668843419872516,15
1762046,9.77522385139788,11
1762057,9.77418550750142,11
1762069,9.758169874882276,12
1762088,9.546571567314194,19
1762096,9.834191998281781,8
1762104,9.856496967517021,8
1762123,9.637621784823825,19
1762136,9.581361397667079,13
1762137,9.996534457794699,1
1762153,9.667966975915583,16
1762165,9.739338608292128,12
1762169,9.951180477363227,4
1762197,9.458620995134956,28
1762199,9.975715098722556,2
1762215,9.65887906539861,16
1762216,10.0,1
1762226,9.771283485920128,10
1762229,9.965135595812445,3
1762239,9.83333318569783,10
1762240,9.996239730306687,1
1762244,9.950910682450575,4
1762252,9.835551074852308,8
1762263,9.747930267178374,11
1762274,9.77733654539285,11
1762311,9.276364848607352,37
1762312,10.0,1
1762321,9.816323027330304,9
1762328,9.85981457280898,7
1762343,9.631953130972665,15
1762351,9.848269755834867,8
1762361,9.775701645814017,10
1762371,9.831902366387935,10
1762388,9.629934242550247,17
1762395,9.881533399825486,7
1762404,9.818419991080182,9
1762405,10.0,1
1762406,10.0,1
1762408,9.97979192025804,2
1762422,9.686225604165262,14
1762436,9.656385907455487,14
1762454,9.646661556659103,18
1762464,9.786850568666686,10
1762469,9.92313634253386,5
1762475,9.869884210276556,6
1762495,9.585525854604706,20
1762511,9.645464104938753,16
1762512,10.0,1
1762523,9.744795431379325,11
1762524,10.0,1
1762536,9.741733566060022,12
1762546,9.800608093886806,10
1762558,9.75309326693484,12
1762559,10.0,1
1762561,9.981840679903529,2
1762573,9.774268897244788,12
1762575,9.971236278019953,2
1762578,9.96103472630368,3
1762586,9.839828216226783,8
1762592,9.889915289147064,6
1762593,10.0,1
1762600,9.8802786695725,7
1762612,9.778371338351455,12
1762629,9.647529726231905,17
1762643,9.696552567523662,14
1762644,10.0,1
1762658,9.674464743557325,14
1762670,9.753408690433078,12
1762678,9.832039588184013,8
1762724,8.750453979468569,46
1762739,9.682024372867797,15
1762747,9.889701815646934,8
1762759,9.74911544211235,12
1762773,9.722557883746902,14
1762782,9.8235453499073,9
1762797,9.586384437351237,15
1762798,10.0,1
1762804,9.905058000139151,6
1762810,9.914054844041411,6
1762814,9.932404987410465,4
1762824,9.788781685734053,10
1762832,9.83085306281623,8
1762837,9.937959749924643,5
1762838,9.989064270936224,1
1762839,10.0,1
1762848,9.813610035189269,9
1762865,9.670083433543157,17
1762875,9.82132438089182,10
1762888,9.735716037260007,13
1762898,9.790288666457844,10
1762904,9.90521780304797,6
1762905,10.0,1
1762914,9.820467279294398,9
1762923,9.857008831617785,9
1762925,9.975126384024291,2
1762933,9.851209522952947,8
1762937,9.933195615080695,4
1762943,9.886112769687314,6
1762953,9.836213155093194,10
1762955,9.976360689309287,2
1762959,9.941339452732118,4
1762962,9.969469230985588,3
1762963,10.0,1
1762976,9.708851425279013,13
1762986,9.79778667638425,10
1762987,10.0,1
1763108,4.753548599041888,121
1763111,9.963805219523977,3
1763128,9.63517713589036,17
1763139,9.751736120058053,11
1763142,9.968052478125722,3
1763155,9.714767850992546,13
1763165,9.821104580000533,10
1763166,10.0,1
1763181,9.664956175003532,15
1763190,9.850152191950333,9
1763201,9.78826547091926,11
1763211,9.806559193987328,10
1763215,9.94669573873907,4
1763221,9.888677216713058,6
1763229,9.865385759191454,8
1763244,9.645912129319989,15
1763258,9.73839182965353,14
1763262,9.938460888354763,4
1763276,9.71486165357763,14
1763286,9.80280326266142,10
1763293,9.879339809015296,7
1763299,9.895219265869672,6
1763312,9.759519265609514,13
1763319,9.893066091981042,7
1763328,9.872453129983564,9
1763331,9.96239113638385,3
1763341,9.797729975280316,10
1763349,9.86161277780436,8
1763364,9.766717670389573,15
1763376,9.753162479088227,12
1763385,9.862185337099596,9
1763386,10.0,1
1763396,9.803481926100012,10
1763407,9.775946168785984,11
1763414,9.86378986371441,7
1763421,9.864219709405297,7
1763434,9.712465224459919,13
1763435,10.0,1
1763447,9.73047794368674,12
1763460,9.692833052159752,13
1763464,9.946417959766825,4
1763474,9.786781826657347,10
1763489,9.63626158607449,15
1763508,9.551728852728488,19
1763526,9.567922224433394,18
1763529,9.956199384000193,3
1763539,9.782463170910228,10
1763554,9.690929186816177,15
1763558,9.934927722709556,4
1763561,9.958211715263133,3
1763570,9.796777492504656,9
1763589,9.606251574384906,19
1763593,9.943906372824124,4
1763608,9.664357843329915,15
1763609,10.0,1
1763610,9.99327669603646,1
1763615,9.934680926265779,5
1763629,9.694135420825255,14
1763630,10.0,1
1763631,10.0,1
1763649,9.601347846231967,18
1763660,9.820010025164436,11
1763671,9.755083489644445,11
1763680,9.830874854110318,9
1763681,10.0,1
1763715,9.286950359920654,34
1763718,9.958672246820843,3
1763734,9.475305779251167,16
1763746,9.722877452996272,12
1763750,9.939847929058624,4
1763761,9.759784931598261,11
1763774,9.734140347257538,13
1763782,9.852029101788197,8
1763788,9.899071043135644,6
1763801,9.724388602802003,13
1763811,9.778593643008504,10
1763814,9.962151960595754,3
1763818,9.941213354568891,4
1763826,9.823813801008981,8
1763834,9.835924973711185,8
1763847,9.777015209400105,13
1763863,9.611572165605958,16
1763866,9.950310047789088,3
1763877,9.786182790226686,11
1763894,9.60014476344809,17
1763913,9.61781498589996,19
1763937,9.421160687310232,24
1763943,9.896439425843111,6
1763960,9.601250255972216,17
1763973,9.766774532601756,13
1763983,9.809047308850541,10
1763984,10.0,1
1763999,9.666089444434322,15
1764005,9.899438183228876,6
1764020,9.66870552247622,15
1764032,9.795093598414816,12
1764042,9.80204173931729,10
1764058,9.632152839327192,16
1764076,9.596016708024045,18
1764090,9.699849830765665,14
1764096,9.913036739166362,6
1764118,9.525466425085794,22
1764130,9.778961679115536,12
1764143,9.801608831705906,13
1764173,9.349572993911012,30
1764188,8.764530738494159,15
1764204,9.629817798863535,16
1764216,9.781314702692859,12
1764230,9.694657165669746,14
1764241,9.773768299202866,11
1764248,9.865017125477658,7
1764256,9.83779127676109,8
1764257,10.0,1
1764262,9.903354284128602,5
1764263,10.0,1
1764270,9.88902594682855,7
1764275,9.904811856777762,5
1764277,9.982402140192233,2
1764291,9.694089164158855,14
1764295,9.947923968464663,4
1764299,9.93571031884822,4
1764309,9.810373413399795,10
1764322,9.410087675891033,13
1764329,9.847195914332039,7
1764341,9.744153440943354,12
1764357,9.700310573678205,16
1764365,9.844460959182591,8
1764379,9.692999463557998,14
1764385,9.897742765291499,6
1764387,9.968872359522562,2
1764395,9.887146033298158,8
1764404,9.84381523069712,9
1764406,9.980541877602057,2
1764420,9.734949199866412,14
1764436,9.635223122972167,16
1764455,9.590219514081006,19
1764465,9.77925856269605,10
1764472,9.909484163229251,7
1764487,9.700228016289886,15
1764498,9.79107142237001,11
1764517,9.576568531583696,19
1764532,9.67414771491996,15
1764561,9.396614293002811,29
1764581,9.471211606955716,20
1764587,9.896822360636454,6
1764601,9.751225159686783,14
1764607,9.916038802315605,6
1764614,9.865293225922121,7
1764622,9.82561492933091,8
1764630,9.846098633589353,8
1764637,9.881809635360048,7
1764639,9.985785528279028,2
1764640,10.0,1
1764653,9.712895904408164,13
1764663,9.835495329482333,10
1764679,9.605079155583256,16
1764698,9.587680021688943,19
1764712,9.686181552955494,14
1764720,9.87215794940684,8
1764721,10.0,1
1764729,9.847047323449537,8
1764734,9.933061143891614,5
1764742,9.822857687845085,8
1764754,9.724172028578042,12
1764756,9.975972421800654,2
1764772,9.597595611849083,16
1764784,9.752182451260943,12
1764812,8.588780076984614,28
1764814,9.97359765300104,2
1764823,9.864662590516932,9
1764866,9.15978327625328,43
1764867,10.0,1
1764880,9.729912338265223,13
1764886,9.912077218919393,6
1764896,9.790313644462085,10
1764908,9.468497417844226,12
1764922,9.737026287470522,14
1764926,9.943915114505844,4
1764932,9.895383444379299,6
1764965,9.22903347297218,33
1764973,9.824973300619424,8
1764989,9.62786675401952,16
1765005,9.667154508533407,16
1765017,9.78901386621567,12
1765033,9.651278491657363,16
1765038,9.919711816493686,5
1765039,10.0,1
1765050,9.749166998589683,11
1765054,9.936372280447767,4
1765057,9.96266743258206,3
1765063,9.880840365096761,6
1765071,9.88074445723873,8
1765077,9.898153028066558,6
1765091,9.664250482952376,14
1765107,9.109039669040701,16
1765118,9.777179440182096,11
1765123,9.928018175371463,5
1765131,9.856502448331137,8
1765158,9.496843792798577,27
1765176,9.533575309369725,18
1765187,9.777917737580918,11
1765198,9.758298611034373,11
1765213,9.74118951385539,15
1765228,9.67741382194643,15
1765235,9.880221416870222,7
1765244,9.86671414171513,9
1765245,10.0,1
1765259,9.712216729003213,14
1765275,9.685452919974427,16
1765281,9.874546979059641,6
1765298,9.588203135888355,17
1765310,9.744503840909053,12
1765315,9.926195364186691,5
1765320,9.920177103828287,5
1765327,9.868419853224411,7
1765340,9.711548107743928,13
1765341,10.0,1
1765354,9.731120148812897,13
1765367,9.702664530329743,13
1765382,9.66756855035157,15
1765389,9.857684604510972,7
1765396,9.854200447394867,7
1765397,10.0,1
1765406,9.824635787231081,9
1765411,9.901460755996444,5
1765419,9.851731878802356,8
1765427,9.85573646431052,8
1765436,9.823480688030516,9
1765441,9.932422058132966,5
1765446,9.919849273005433,5
1765453,9.88703836888494,7
1765459,9.889046371518646,6
1765464,9.90237236313987,5
1765467,9.948412599135537,3
1765472,9.92280790856077,5
1765491,9.56179514816027,19
1765496,9.912453780208955,5
1765504,9.847798239682302,8
1765525,9.503862543475272,21
1765527,9.98041929775254,2
1765528,10.0,1
1765543,9.639993339365608,15
1765548,9.921667834517514,5
1765557,9.838841092587783,9
1765567,9.783510313170867,10
1765576,9.818723448496907,9
1765584,9.83799705310836,8
1765595,9.789215981681473,11
1765603,9.836189189604159,8
1765606,9.964083493242805,3
1765619,9.74500643203807,13
1765629,9.824536305729453,10
1765641,9.72750717291046,12
1765651,9.816886417777077,10
1765659,9.832754960364113,8
1765664,9.919833376649702,5
1765665,10.0,1
1765670,9.92074602708677,5
1765680,9.792098337523287,10
1765686,9.907150442600582,6
1765689,9.952882583710464,3
1765693,9.943163086824212,4
1765694,9.987231148152178,1
1765700,9.904305295900418,6
1765704,9.94016063265847,4
1765716,9.72604505551417,12
1765726,9.777091819702896,10
1765733,9.867590722731473,7
1765734,9.99653542767369,1
1765742,9.852951345680156,8
1765764,9.289784642453737,22
1765775,9.771215571679054,11
1765785,9.799482460020503,10
1765796,9.758063381907412,11
1765805,9.811503599813546,9
1765809,9.949746876825614,4
1765824,9.65968307018689,15
1765835,9.779535027574902,11
1765841,9.910195875141325,6
1765846,9.928563276911568,5
1765863,9.62421681731883,17
1765870,9.848312362279351,7
1765874,9.94181237172259,4
1765875,10.0,1
1765876,9.991826427109187,1
1765888,9.757846420543538,12
1765897,9.798336776671587,9
1765908,9.74201089021716,11
1765913,9.913590168127234,5
1765917,9.934567956948971,4
1765927,9.808701157806121,10
1765928,10.0,1
1765936,9.828780041820998,8
1765940,9.93339738970598,4
1765948,9.852648945134515,8
1765953,9.912702694260858,5
1765963,9.806735852315617,10
1765988,9.563425416302117,25
1766017,9.468353637259726,29
1766031,9.662036822943545,14
1766041,9.795939331072153,10
1766053,9.72658915883038,12
1766063,9.792391735773357,10
1766074,9.749670331712794,11
1766094,9.492844654481512,20
1766097,9.96109628985786,3
1766107,9.815136142947816,10
1766120,9.703556489664052,13
1766135,9.560043145693713,15
1766143,9.860992990121575,8
1766157,9.690370080006982,14
1766163,9.896553932921316,6
1766164,10.0,1
1766169,9.916266351331263,5
1766175,9.891660357382612,6
1766189,9.671975578406592,14
1766194,9.927068556798835,5
1766203,9.822216959524988,9
1766208,9.923506446275278,5
1766211,9.959430046445023,3
1766215,9.94938764555945,4
1766216,10.0,1
1766227,9.804294421887285,11
1766236,9.829034677674164,9
1766238,9.976636450905993,2
1766250,9.749847122245185,12
1766255,9.92241710714036,5
1766265,9.789619458500445,10
1766285,9.547667660254088,20
1766296,9.783347066813192,11
1766307,9.748707483455323,11
1766315,9.840768694713734,8
1766316,10.0,1
1766324,9.835777043257051,8
1766336,9.758405857090464,12
1766343,9.880417387796342,7
1766353,9.275420396123513,10
1766354,9.989004559466318,1
1766373,9.603175588012318,19
1766389,9.634897390945127,16
1766397,9.847033556610551,8
1766409,9.779410070098134,12
1766422,9.744229293665793,13
1766423,10.0,1
1766438,9.651469203947507,15
1766456,9.662045703714966,18
1766470,9.699607938914214,14
1766479,9.813137672139518,9
1766490,9.794056418983557,11
1766505,9.639669454765524,15
1766517,9.79710617284441,12
1766529,9.728861931688646,12
1766550,9.494794428767792,21
1766554,9.937151226684515,4
1766573,9.666876937798,19
1766593,9.505859433164881,20
1766594,10.0,1
1766610,9.678030148431377,16
1766618,9.850542715085362,8
1766627,9.833418813255076,9
1766634,9.801582627944606,7
1766653,9.387558765301497,19
1766664,9.757534099126516,11
1766699,9.34919298109595,35
1766702,9.968376734664233,3
1766721,9.558562937463417,19
1766733,9.735996963909914,12
1766734,10.0,1
1766751,9.599983912601587,17
1766760,9.816085413000978,9
1766768,9.847560007416408,8
1766781,9.742115398019047,13
1766787,9.910334651257875,6
1766800,9.710879244762875,13
1766809,9.818321752230947,9
1766810,10.0,1
1766823,9.73062473868998,13
1766853,9.404980779000478,30
1766854,9.992205471964603,1
1766868,9.737012636456871,14
1766869,10.0,1
1766881,9.756115930801487,12
1766882,10.0,1
1766897,9.639724789853428,15
1766903,9.893909543573397,6
1766922,9.656259451549685,19
1766928,9.89210909317362,6
1766940,9.708760849965813,12
1766941,10.0,1
1766949,9.857493987220689,8
1766968,9.035377741719142,19
1766980,9.723762375737032,12
1766993,9.687872213179553,13
1767002,9.847230414147365,9
1767003,10.0,1
1767025,9.48429216874181,22
1767038,9.69279972450853,13
1767046,9.836732803649788,8
1767064,9.442046624074127,18
1767072,9.840775813546959,8
1767083,9.758305714190879,11
1767101,9.646598707666996,18
1767112,9.606937456187708,11
1767165,9.039554237909615,53
1767172,9.892585478518141,7
1767185,9.694329120063161,13
1767199,9.66682260208067,14
1767208,9.784041072045971,9
1767218,9.769647913122522,10
1767230,9.775415829185377,12
1767242,9.729518664554911,12
1767254,9.736334556852546,12
1767256,9.981889195139559,2
1767273,8.911438292912216,17
1767277,9.946467473504047,4
1767278,10.0,1
1767294,9.670233350179702,16
1767303,9.805962120237668,9
1767307,9.935860742272116,4
1767318,9.750053250602987,11
1767322,9.941433675469371,4
1767328,9.891691286444074,6
1767343,9.665175750429738,15
1767360,9.624182725238331,17
1767367,9.882691990310692,7
1767372,9.915926097971907,5
1767378,9.910265443291184,6
1767379,10.0,1
1767398,9.581572227751074,19
1767420,9.368297059177921,22
1767437,9.259808426426416,17
1767450,9.795626906739315,13
1767477,6.398822447378334,27
1767483,9.903597687610375,6
1767494,9.779419624279857,11
1767497,9.965356750477524,3
1767509,9.632619857305048,12
1767518,9.825500637134942,9
1767532,9.704532828671198,14
1767544,9.795500206978833,12
1767549,9.909915568484678,5
1767555,9.88304705333105,6
1767567,9.767049280174572,12
1767576,9.825402655171667,9
1767578,9.984094345912576,2
1767593,9.716654550672766,15
1767616,9.567138516333387,23
1767629,9.722308964262684,13
1767636,9.888048926458282,7
1767644,9.864692987748972,8
1767652,9.861729047658494,8
1767657,9.909864151112318,5
1767665,9.847757374730637,8
1767679,9.757411820408512,14
1767692,9.715665247566557,13
1767693,9.996683312328523,1
1767715,9.552574933593878,22
1767717,9.97549925541747,2
1767731,9.706328618475261,14
1767736,9.900970998456325,5
1767749,9.721231931635343,13
1767756,9.578912224817866,7
1767759,9.960116015138492,3
1767769,9.790232529666767,10
1767785,9.722238861338734,16
1767797,9.742940870362867,12
1767804,9.867296086800705,7
1767811,9.86652458135303,7
1767820,9.80673646212871,9
1767829,9.84546074389939,9
1767834,9.929268620346589,5
1767848,9.686322792887774,14
1767861,9.71354457338464,13
1767869,9.852584511512482,8
1767874,9.915045785457247,5
1767882,9.845239757901172,8
1767899,9.673809261931417,17
1767910,9.776731347560215,11
1767928,9.578463696521878,18
1767934,9.906575161658129,6
1767946,9.731222807512466,12
1767950,9.946729889882658,4
1767976,8.731434391341246,26
1767992,9.642581547368994,16
1767995,9.970177740683564,3
1768007,9.726855617188571,12
1768017,9.800691532613696,10
1768037,9.611079487886348,20
1768038,10.0,1
1768046,9.851790506125672,8
1768062,9.630459302920036,16
1768064,9.984076456044665,2
1768073,9.81242624381116,9
1768085,9.659990353383657,12
1768086,10.0,1
1768093,9.873825374953562,7
1768102,9.82675968969293,9
1768112,9.806895558315757,10
1768124,9.712491008558343,12
1768129,9.929197850975727,5
1768138,9.848633804945722,9
1768150,9.741239169086777,12
1768160,9.822135650438307,10
1768164,9.945261473059771,4
1768178,9.692136727663963,14
1768192,9.705633341703622,14
1768203,9.748306793703971,11
1768214,9.748468400573813,11
1768215,9.992540376007737,1
1768216,9.993108482513076,1
1768217,9.99316299736262,1
1768227,9.794074055393299,10
1768235,9.84107073991221,8
1768248,9.715141756965952,13
1768270,9.52768901778291,22
1768285,9.670420305306395,15
1768289,9.946396376743795,4
1768300,9.748561825226846,11
1768312,9.766868235451135,12
1768313,10.0,1
1768322,9.806045801880941,9
1768325,9.958007958345716,3
1768345,9.521269737070348,20
1768368,9.524366021805236,23
1768373,9.901921687074584,5
1768379,9.895609158388195,6
1768383,9.924327065096085,4
1768392,9.843637247080828,9
1768400,9.8425304190806,8
1768404,9.939551798159076,4
1768412,9.83148857513039,8
1768425,9.704559063378637,13
1768437,9.71051661111486,12
1768454,9.587214419421391,17
1768455,10.0,1
1768456,10.0,1
1768464,9.833868623264426,8
1768472,9.821819330253012,8
1768496,9.529256912910858,24
1768499,9.958769768999087,3
1768500,10.0,1
1768511,9.76552001284022,11
1768512,9.99241596664543,1
1768517,9.911310988238224,5
1768526,9.832900648322884,9
1768535,9.84985521402463,9
1768543,9.859880552604729,8
1768545,9.982946749123103,2
1768546,10.0,1
1768556,9.788229745775459,10
1768568,9.765098519611485,12
1768577,9.815750297165456,9
1768588,9.76893161598636,11
1768606,9.699013420514873,18
1768623,9.620233975186176,17
1768624,10.0,1
1768637,9.716492897618027,13
1768644,9.885787212532822,7
1768650,9.912457326702524,6
1768671,9.506761744295272,21
1768672,10.0,1
1768685,9.720206978199256,13
1768697,9.694195294820528,12
1768708,9.800486633637133,11
1768722,9.702757068854034,14
1768725,9.962934888976399,3
1768732,9.875473445767073,7
1768750,9.650438990462264,18
1768767,9.493472870522353,17
1768779,9.19983143955905,12
1768787,9.889306956170353,8
1768792,9.920290278687776,5
1768799,9.891823913018799,7
1768805,9.89136639521014,6
1768822,9.691616341642064,17
1768835,9.769824525856556,13
1768847,9.802417616837374,12
1768852,9.927602080497952,5
1768864,9.737987300559382,12
1768879,9.682282050137719,15
1768887,9.830508723257976,8
1768891,9.946841905785368,4
1768904,9.760949000453078,13
1768906,9.98320866224762,2
1768912,9.912846602274186,6
1768920,9.856810028208152,8
1768932,9.742060843976383,12
1768940,9.850059212658818,8
1768953,9.700688852353432,13
1768976,9.18739752123294,23
1768986,9.800776275526713,10
1768993,9.778802815579258,7
1769005,9.739377610794788,12
1769017,9.773689751743355,12
1769021,9.95462927489523,4
1769028,9.896318336229738,7
1769033,9.91141707358302,5
1769051,9.572550044313461,18
1769063,9.745944202471566,12
1769077,9.692876142764506,14
1769080,9.968794180251749,3
1769085,9.91029186914214,5
1769095,9.808096010332013,10
1769106,9.775514227156222,11
1769117,9.763387747566789,11
1769123,9.905098297192728,6
1769134,9.78734926247303,11
1769145,9.77219778893778,11
1769153,9.831321064430684,8
1769158,9.929592303457941,5
1769167,9.823418827082092,9
1769181,9.714111061722353,14
1769193,8.83153565011474,12
1769203,9.785164268424142,10
1769211,9.82887027300066,8
1769215,9.932479789159247,4
1769222,9.88407854219896,7
1769229,9.862641169372257,7
1769240,9.788110410110372,11
1769249,9.802372346440059,9
1769250,10.0,1
1769261,9.761288075781298,11
1769273,9.740629619160163,12
1769280,9.845510833021285,7
1769288,9.846634189756763,8
1769289,10.0,1
1769295,9.900463552458387,6
1769300,9.923652204896223,5
1769308,9.84055871153511,8
1769316,9.837353865486614,8
1769321,9.911714428776332,5
1769328,9.892051024724665,7
1769334,9.920202552812775,6
1769338,9.945794645834328,4
1769348,9.804671175092963,10
1769361,9.688594075031409,13
1769362,10.0,1
1769377,9.667543615374777,15
1769396,9.58379698786738,19
1769404,9.853240010614337,8
1769416,9.726803102539202,12
1769428,9.777962198741507,12
1769434,9.907183941191398,6
1769467,9.262489060783032,33
1769481,9.48392701036756,14
1769498,9.63995015932094,17
1769505,9.848677184963575,7
1769569,8.551659679467125,64
1769579,9.797866461628816,10
1769586,9.858061081386271,7
1769622,8.542869723943106,36
1769623,9.988610266290326,1
1769636,9.743567689304749,13
1769647,9.765987548293927,11
1769662,9.66813568331482,15
1769675,9.714038401942416,13
1769681,9.901226241506086,6
1769686,9.936137400510244,5
1769697,9.75157438337917,11
1769698,9.989202762528052,1
1769711,9.70716940479302,13
1769717,9.86882062627287,6
1769726,9.839223205470274,9
1769732,9.872858244229361,6
1769746,9.676124518538918,14
1769751,9.932898947599277,5
1769756,9.923046839846602,5
1769766,9.783452802365044,10
1769780,9.721488247483721,14
1769785,9.902270105182808,5
1769799,9.717331690201608,14
1769808,9.836940703278861,9
1769819,9.781060253294388,11
1769820,10.0,1
1769826,9.8976505807789,6
1769840,9.677131091435546,14
1769861,9.558531692385687,21
1769870,9.8285217449767,9
1769898,9.39325864664547,28
1769904,9.892373448930703,6
1769911,9.871984257963977,7
1769921,9.83220007052472,10
1769924,9.963974274220556,3
1769925,10.0,1
1769939,9.704392875420274,14
1769944,9.92382853549553,5
1769957,9.695330355964318,13
1769973,9.641240798392934,16
1769987,9.711663356879082,14
1769998,9.388701432754798,11
1770010,9.777726090548507,12
1770018,9.855780343840149,8
1770022,9.933091898871638,4
1770026,9.936747143640266,4
1770039,9.753818684503399,13
1770049,9.773378150470695,10
1770055,9.919693435643238,6
1770066,9.760875843980973,11
1770077,9.785632812397854,11
1770091,9.685481752931627,14
1770092,10.0,1
1770105,9.717967610778999,13
1770124,9.584183055206783,19
1770134,9.806080904915127,10
1770146,9.727706118311469,12
1770155,9.809041148844125,9
1770166,9.758330845245624,11
1770171,9.920709218820976,5
1770181,9.796840668494934,10
1770194,9.73466676747637,13
1770208,9.666062799798617,14
1770225,9.582806349392209,17
1770232,9.877006090293122,7
1770237,9.901258540216642,5
1770251,9.7517710449806,14
1770263,9.74959528251475,12
1770275,9.726979250804886,12
1770279,9.944363753504565,4
1770291,9.79278812011473,12
1770298,9.879495623572957,7
1770301,9.950781332053236,3
1770307,9.87861073774411,6
1770309,9.975637083845301,2
1770321,9.777390631616218,12
1770332,9.739735955570211,11
1770346,9.649785371159412,14
1770350,9.94635198394984,4
1770360,9.818906930438104,10
1770361,10.0,1
1770367,9.885635887214786,6
1770386,9.533988415103416,19
1770390,9.940451050325182,4
1770397,9.865240336678815,7
1770411,9.673557445136726,14
1770414,9.948160264776718,3
1770417,9.95817957704987,3
1770421,9.933378793715363,4
1770426,9.911278566319494,5
1770439,9.731725960691179,13
1770450,9.769140025525074,11
1770460,9.819769100791452,10
1770466,9.891859595129205,6
1770474,9.827526880687683,8
1770482,9.837277181918891,8
1770494,9.751044940884325,12
1770508,9.719064885930221,14
1770521,9.720422839705423,13
1770532,9.74779135660439,11
1770533,10.0,1
1770540,9.860981878377693,7
1770541,9.996098383212356,1
1770544,9.95550814720835,3
1770547,9.95099736189938,3
1770551,9.94764681330591,4
1770554,9.960616392088214,3
1770564,9.796054150728274,10
1770580,9.722186848205446,16
1770585,9.918094356442252,5
1770598,9.733429463201917,13
1770600,9.975320380652333,2
1770612,9.756457580556896,12
1770625,9.75640690885821,13
1770641,9.633134563864859,16
1770649,9.827935533391388,8
1770663,9.09978316726602,14
1770671,9.876792219846434,8
1770672,10.0,1
1770673,10.0,1
1770683,9.801912197375962,10
1770698,9.688188053390515,15
1770714,9.598448785820121,16
1770720,9.896928839058427,6
1770732,9.787566037068434,12
1770741,9.82161632902639,9
1770752,9.76236010789415,11
1770757,9.91633402630008,5
1770758,9.98921411654025,1
1770767,9.80456466397709,9
1770779,9.721651928272596,12
1770789,9.822268266891294,10
1770790,10.0,1
1770797,9.83927979033843,7
1770808,9.83059167052676,11
1770813,9.91647231773282,5
1770814,9.987370515103995,1
1770826,9.750779768854864,12
1770835,9.813152573730733,9
1770841,9.896900438561548,6
1770852,9.756820929074774,11
1770856,9.949477179941258,4
1770862,9.886568325152645,6
1770865,9.96331047934373,3
1770875,9.78454086652981,10
1770885,9.817143590005127,10
1770892,9.867875040627311,7
1770902,9.825702808817868,10
1770906,9.953133119916696,4
1770915,9.806033420081663,9
1770916,10.0,1
1770928,9.57759279036576,12
1770938,9.800911185462665,10
1770946,9.822199886137343,8
1770948,9.978573787326185,2
1770958,9.782986225456746,10
1770963,9.904411712246459,5
1770987,9.52356231340452,24
1770988,10.0,1
1771002,9.725138245547882,14
1771003,10.0,1
1771004,10.0,1
1771016,9.74019104483564,12
1771022,9.907638483138753,6
1771029,9.853770091104145,7
1771031,9.96862673202804,2
1771044,9.419423736642981,13
1771052,9.849196391566512,8
1771061,9.810023383534253,9
1771064,9.965595848008622,3
1771078,9.71502016779398,14
1771083,9.915438463563317,5
1771093,9.799858274879458,10
1771100,9.892073593367142,7
1771109,9.794610351583867,9
1771118,9.850037067466307,9
1771119,10.0,1
1771129,9.790938996632711,10
1771137,9.847650587307557,8
1771146,9.625150692859282,9
1771147,10.0,1
1771156,9.813599867793634,9
1771166,9.820026894743446,10
1771180,9.695010360170214,14
1771196,9.653369775794705,16
1771205,9.835781857273119,9
1771219,9.682900861539174,14
1771228,9.822877960489931,9
1771241,9.732877933957495,13
1771245,9.93701568110378,4
1771265,9.552320834803961,20
1771275,9.811735709012128,10
1771306,9.288138577584109,31
1771318,9.747961911629048,12
1771332,9.755665861973622,14
1771341,9.805669865416924,9
1771354,9.710073579254944,13
1771359,9.929840710355274,5
1771372,9.759124332749465,13
1771383,9.785792720101277,11
1771390,9.679417620445877,7
1771396,9.908497241648861,6
1771409,9.761719381006968,13
1771426,9.604933284522664,17
1771435,9.842768599806917,9
1771446,9.813510612332728,11
1771451,9.807749893632241,5
1771456,9.917237129992662,5
1771472,9.62736905392157,16
1771483,9.703018979834333,11
1771484,10.0,1
1771496,9.727757386521118,12
1771507,9.795350482993985,11
1771518,9.75463510180758,11
1771519,10.0,1
1771526,9.857278509605674,7
1771536,9.772068704794282,10
1771547,9.785007691489094,11
1771548,9.992481003892449,1
1771549,10.0,1
1771562,9.710060122890516,13
1771568,9.889553535827527,6
1771573,9.91709346004968,5
1771581,9.851970237142696,8
1771593,9.77751049274011,12
1771599,9.897484068078326,6
1771610,9.768984528854128,11
1771621,9.752000675286979,11
1771628,9.783929634571068,7
1771638,9.794788677570148,10
1771650,9.734527920757353,12
1771660,9.805468627543227,10
1771683,9.455476073420927,23
1771698,9.650845773545404,15
1771705,9.866728959184599,7
1771712,9.90378624079094,7
1771727,9.683144698599772,15
1771739,9.802000088869466,12
1771751,9.78148386756799,12
1771754,9.965787519492213,3
1771772,9.66894294931621,18
1771775,9.957237655280805,3
1771783,9.84668393994392,8
1771788,9.925273787878442,5
1771797,9.797322772784451,9
1771806,9.81084530003457,9
1771818,9.756235733499004,12
1771829,9.787610071655507,11
1771830,10.0,1
1771838,9.875738408557494,8
1771842,9.940822295009426,4
1771863,9.472587454314978,21
1771874,9.778247528740016,11
1771883,9.824422745964325,9
1771899,9.622584670259224,16
1771921,9.598466543302603,22
1771927,9.893920005016145,6
1771951,9.409901325750855,24
1771952,10.0,1
1771961,9.825098325501443,9
1771973,9.771396274562667,12
1771996,9.335306384182314,23
1772007,9.774919114576019,11
1772010,9.95823458786365,3
1772019,9.817598330521506,9
1772031,9.545815241431612,12
1772047,9.67223990621722,16
1772059,9.715894807861446,12
1772067,9.850052247059272,8
1772068,10.0,1
1772080,9.722316299909373,12
1772099,9.565021909253764,19
1772104,9.92263660218872,5
1772115,9.754250101222933,11
1772129,9.69387847319488,14
1772137,9.834078443276319,8
1772146,9.81337849734028,9
1772152,9.906623195912902,6
1772153,10.0,1
1772154,10.0,1
1772166,9.771168133145931,12
1772180,9.69675219048252,14
1772189,9.802921517067206,9
1772212,9.55891780271895,23
1772227,9.696205660183832,15
1772247,9.379113741752892,20
1772256,9.841577294444223,9
1772268,9.76459165790192,12
1772284,9.723801458821363,16
1772288,9.959278259664865,4
1772296,9.83282271357061,8
1772307,9.77722189022509,11
1772324,9.584678206800902,17
1772325,10.0,1
1772333,9.832706405344606,8
1772338,9.921825891518786,5
1772351,9.712444792203842,13
1772356,9.912011694114092,5
1772369,9.741796392871748,13
1772380,9.781947704017018,11
1772390,9.76657679936358,10
1772401,9.767515235365487,11
1772413,9.762076423569246,12
1772414,10.0,1
1772423,9.819224795907518,9
1772439,9.62763476764131,16
1772453,9.721159552124282,14
1772467,9.716442666152352,14
1772498,9.419196695949474,31
1772502,9.9362453782286,4
1773002,-20.225309034380828,500
1773034,9.375884076275131,32
1773534,-45.414987707577005,500
1774034,-176.59054316271423,500
1774035,10.0,1
1774046,9.834954883022661,11
1774056,9.796104248240443,10
1774072,9.587009286782749,16
1774073,10.0,1
1774084,9.805243250045844,11
1774089,9.922420103014067,5
1774104,9.651766497613547,15
1774108,9.94009665159217,4
1774122,9.667871569318764,14
1774140,9.632615372514799,18
1774158,9.672288664818296,18
1774162,9.950794691488914,4
1774163,10.0,1
1774174,9.769082179164423,11
1774179,9.926396066873354,5
1774198,9.595087016429348,19
1774209,9.760977103056653,11
1774212,9.964564227863155,3
1774218,9.89362547950762,6
1774232,9.721827649812804,14
1774239,9.844961305208017,7
1774249,9.788106693045895,10
1774252,9.956254570043097,3
1774265,9.711665185474592,13
1774278,9.664369167412485,13
1774289,9.791248378788183,11
1774299,9.809882884309406,10
1774307,9.866287739837459,8
1774312,9.901888390020451,5
1774324,9.508847885328725,12
1774338,9.737731440983197,14
1774339,10.0,1
1774344,9.931128182308015,5
1774354,9.80333883944723,10
1774355,9.996266240525895,1
1774370,9.64363254045264,15
1774378,9.852908837182815,8
1774385,9.865048201934368,7
1774396,9.788698652124335,11
1774408,9.734278399147774,12
1774417,9.833220293225867,9
1774425,9.851935938238555,8
1774439,9.672839849627044,14
1774461,9.539192955130515,22
1774474,9.736158084748244,13
1774479,9.928677355255573,5
1774485,9.895141115277536,6
1774496,9.778102425179538,11
1774505,9.819628978000106,9
1774510,9.927532905796165,5
1774514,9.939067132230651,4
1774525,9.785278937565709,11
1774534,9.816300139103658,9
1774543,9.815763268142833,9
1774557,9.72101719295164,14
1774569,9.758960357714793,12
1774587,9.539203182187322,18
1774597,9.7793677371806,10
1774608,9.786321125150712,11
1774628,9.312033578951276,20
1774635,9.875067604839453,7
1774641,9.91077239338809,6
1774651,9.801738240469458,10
1774664,9.75338712201772,13
1774674,9.516726870450574,10
1774679,9.917910665793737,5
1774689,9.810224637561188,10
1774703,9.693652737784063,14
1774711,9.873338077565199,8
1774724,9.709690591278575,13
1774728,9.94273602277991,4
1774736,9.835377578730329,8
1774747,9.471100868113446,11
1774760,9.374093414698592,13
1774766,9.903136549220939,6
1774775,9.791969204429082,9
1774785,9.775369502074016,10
1774793,9.846188943242371,8
1774797,9.927653676422256,4
1774835,9.346076108580576,38
1774845,9.788556585868623,10
1774846,10.0,1
1774847,10.0,1
1774858,9.767007763256942,11
1774859,9.989462017047774,1
1774869,9.794073718255923,10
1774881,9.752076420546208,12
1774889,9.8323749643015,8
1774896,9.888693646504018,7
1774909,9.722568697386246,13
1774922,9.743431400299896,13
1774931,9.828252095166595,9
1774935,9.926890845214514,4
1774945,9.809142294611444,10
1774950,9.928613002264434,5
1774961,9.759959284609128,11
1774978,9.616167599859951,17
1774983,9.923561302928253,5
1774991,9.845656412999766,8
1775002,9.788325236185884,11
1775017,9.715800528967678,15
1775018,9.996581851009715,1
1775024,9.890609171228535,6
1775025,10.0,1
1775026,10.0,1
1775041,9.712790031913313,15
1775045,9.943574521387344,4
1775053,9.837334538788735,8
1775069,9.60800010152277,16
1775075,9.894816855396341,6
1775081,9.90060024107761,6
1775090,9.840665337290838,9
1775100,9.8005393374538,10
1775101,10.0,1
1775113,9.722070439466192,12
1775128,9.691529087797354,15
1775135,9.870746816365134,7
1775149,9.67209957250164,14
1775150,10.0,1
1775158,9.860849421232823,8
1775225,8.456946672321088,67
1775226,10.0,1
1775241,9.644311219873227,15
1775249,9.856033381053656,8
1775255,9.886172310392608,6
1775266,9.573705467659758,11
1775272,9.905110138455138,6
1775277,9.922158920218076,5
1775290,9.722901824121799,13
1775307,9.641348515011698,17
1775320,9.733642299336987,13
1775341,9.493193686320632,21
1775344,9.968161807864053,3
1775364,9.57670508214008,20
1775366,9.97413049382571,2
1775367,10.0,1
1775380,9.702622901731914,13
1775390,9.80096784431211,10
1775391,10.0,1
1775400,9.822631927633735,9
1775414,9.702771301971907,14
1775430,9.639082145893788,16
1775434,9.939205557198935,4
1775440,9.898811292327151,6
1775441,10.0,1
1775454,9.74292549367064,13
1775460,9.90817049234307,6
1775476,9.674169354271644,16
1775486,9.813508755815619,10
1775986,-49.13682186930561,500
1776486,-16.06600925419321,500
1776498,8.463334667209626,12
1776513,9.662791314634493,15
1776531,9.597003000221335,18
1776532,10.0,1
1776534,9.970765620691498,2
1776541,9.764388901760888,7
1776569,9.28803208109197,28
1776575,9.873237289760329,6
1776580,9.911446937243147,5
1776592,9.784238309898884,12
1776601,9.805975455828122,9
1776603,9.982891745681925,2
1776613,9.822688906053296,10
1776620,9.884608510003273,7
1776632,9.743660512185176,12
1776636,9.928630898526768,4
1776641,9.909151150833528,5
1776656,9.726946538342638,15
1776672,9.62642243758836,16
1776684,9.748704854869638,12
1776693,9.817584814566919,9
1776700,9.885143698565347,7
1776704,9.940275444725227,4
1776715,9.819525781132768,11
1776722,9.872059830000612,7
1776738,9.651796368835607,16
1776745,9.857092810653457,7
1776751,9.877855993264792,6
1776786,9.252965350568381,35
1776796,9.797437780376693,10
1776803,9.872513771881641,7
1776818,9.683263201476144,15
1776833,9.663281321763485,15
1776840,9.87068167651189,7
1776850,9.791297127901188,10
1776867,9.670440958468955,17
1776872,9.912006116804365,5
1776876,9.930002714133435,4
1776883,9.88313934773532,7
1776894,9.76961072350128,11
1776904,9.81006398138471,10
1776909,9.935391569095321,5
1776919,9.81209162172682,10
1776920,10.0,1
1776927,9.875996605716061,7
1776935,9.84951075261142,8
1776945,9.801187813457284,10
1776959,9.693715815186929,14
1776971,9.749880543570576,12
1776984,9.721051008123753,13
1776985,10.0,1
1776993,9.878879837798184,8
1777006,9.692407730153697,13
1777007,10.0,1
1777008,10.0,1
1777023,9.63541826402157,15
1777024,10.0,1
1777035,9.753982331888917,11
1777038,9.968330552754267,3
1777052,9.714378962389588,14
1777064,9.722341860999625,12
1777069,9.920303317927036,5
1777080,9.824377838342354,11
1777098,9.586727383836678,18
1777109,9.759367644539909,11
1777111,9.970148090266381,2
1777123,9.754787893508064,12
1777127,9.947534196138724,4
1777128,10.0,1
1777129,10.0,1
1777142,9.768488104538,13
1777155,9.718551849074663,13
1777177,9.486621579512166,22
1777182,9.928737170256246,5
1777183,10.0,1
1777199,9.687389346411928,16
1777223,9.495303439399914,24
1777234,9.749059080024036,11
1777246,9.783346447434461,12
1777257,9.782792009981863,11
1777273,9.691829306400898,16
1777286,9.694032486627519,13
1777305,9.567127998616993,19
1777323,9.561635016326845,18
1777333,9.805169549418766,10
1777348,9.687289595025618,15
1777353,9.923966814438437,5
1777367,9.692642691305574,14
1777382,9.692872234929505,15
1777390,9.8351996966629,8
1777391,10.0,1
1777403,9.727364953299544,12
1777417,9.67400344589673,14
1777423,9.886390039848678,6
1777431,9.86746025882677,8
1777442,9.796503934842193,11
1777450,9.85392917374102,8
1777455,9.918133741989719,5
1777462,9.857945226112324,7
1777465,9.9480722918245,3
1777475,9.783686339811782,10
1777482,9.857752391239957,7
1777488,9.898306894791103,6
1777511,9.517911518909283,23
1777517,9.89674320265302,6
1777526,9.808983913810685,9
1777530,9.94987405066751,4
1777549,9.570496003668618,19
1777552,9.953401188807538,3
1777563,9.785049332908182,11
1777568,9.923532386047896,5
1777576,9.832427972580696,8
1777577,10.0,1
1777594,9.666653452386008,17
1777603,9.85159983491126,9
1777620,9.597907444590591,17
1777626,9.891762397377002,6
1777641,9.545188808496977,15
1777649,9.85007520326235,8
1777662,9.71735898809034,13
1777676,9.687858633863058,14
1777687,9.759777016125856,11
1777693,9.887693910552862,6
1777696,9.959950950670004,3
1777705,9.794575865714691,9
1777707,9.973977741488968,2
1777721,9.73760414930658,14
1777733,9.756955133301163,12
1777742,9.839694330882322,9
1777747,9.928106203012362,5
1777755,9.875424907541394,8
1777767,9.751819214367838,12
1777780,9.726201306593316,13
1777794,9.681964058455426,14
1777806,9.761231211773127,12
1777813,9.868848315616086,7
1777824,9.693441321427867,11
1777829,9.907524651818772,5
1777837,9.829836181267797,8
1777850,9.18665089460224,13
1777872,9.569718744722278,22
1777878,9.884115659305003,6
1777887,9.660704998639892,9
1777889,9.973529768342996,2
1777897,9.88519940683809,8
1777903,9.912973964207005,6
1777907,9.940685643689292,4
1777920,9.768626308635886,13
1777923,9.956272488248036,3
1777933,9.809709191887839,10
1777936,9.960389244350015,3
1777937,9.991531856146254,1
1777946,9.821209030978828,9
1777949,9.96739218675191,3
1777951,9.98573329487323,2
1777962,9.780584649079548,11
1777968,9.878655707461862,6
1777970,9.983743212349639,2
1777980,9.780364231222869,10
1777995,9.65821947246539,15
1778004,9.795730615501757,9
1778013,9.811027172445243,9
1778030,9.614526018048318,17
1778035,9.915343275147583,5
1778045,9.794072173735621,10
1778054,9.849870245114946,9
1778064,9.784730314462962,10
1778093,9.393832722037269,29
1778106,9.697011717054433,13
1778118,9.754609184266114,12
1778119,10.0,1
1778133,9.674468459293882,14
1778151,9.588439770466866,18
1778152,10.0,1
1778155,9.970527916130525,3
1778175,9.578419183438275,20
1778185,9.832169385846967,10
1778202,9.705409275234222,17
1778219,9.703701614135792,17
1778222,9.952971653008296,3
1778226,9.953448299929475,4
1778227,10.0,1
1778240,9.72716598708848,13
1778247,9.887938470332362,7
1778261,9.7299746861997,14
1778262,9.992658216038087,1
1778263,9.996399596060002,1
1778264,10.0,1
1778268,9.933260506680474,4
1778289,9.50096012373907,21
1778303,9.720638105343678,14
1778310,9.886533587943985,7
1778323,9.707765687547758,13
1778337,9.714996735179952,14
1778341,9.936341399169198,4
1778350,9.820256384480835,9
1778357,9.875666743977323,7
1778366,9.809185904516921,9
1778371,9.914800532188758,5
1778377,9.908340639946722,6
1778391,9.61322631765019,14
1778401,9.81671216406553,10
1778413,9.74361185164185,12
1778414,10.0,1
1778415,9.992618747958003,1
1778436,9.590344834942947,21
1778449,9.71478812489944,13
1778454,9.900893986646466,5
1778465,9.77396230238144,11
1778478,9.71850907117045,13
1778491,9.685269628982692,13
1778499,9.877364377147144,8
1778511,9.754340468823216,12
1778514,9.967191120698052,3
1778520,9.88133966357758,6
1778521,9.996401571107336,1
1778525,9.926958165482134,4
1778531,9.884912126113683,6
1778538,9.87200863770831,7
1778553,9.67195841406669,15
1778564,9.763110566206944,11
1778572,9.827361395413968,8
1778579,9.872050955175093,7
1778594,9.637677901347812,15
1778610,9.646483446935548,16
1778624,9.687080635456903,14
1778625,9.992996624324812,1
1778638,9.723885120904583,13
1778643,9.921447217277242,5
1778658,9.651009379523485,15
1778661,9.952925463310134,3
1778675,9.692194458951121,14
1778685,9.786098407819665,10
1778695,9.813909708393693,10
1778701,9.895022398577192,6
1778711,9.812148396395473,10
1778720,9.870474176467608,9
1778726,9.907319779625471,6
1778733,9.901520758327456,7
1778776,9.240864343461103,43
1778783,9.880530313726583,7
1778786,9.96243880551019,3
1778794,9.86908618697533,8
1778799,9.903474888719185,5
1778800,10.0,1
1778801,10.0,1
1778809,9.840521366960402,8
1778815,9.876509452000398,6
1778840,9.438147589347663,25
1778846,9.873589681373497,6
1778851,9.925950410199398,5
1778855,9.93519977796475,4
1778862,9.869151371023364,7
1778873,9.746870354386802,11
1778882,9.82475067751314,9
1778894,9.761247223474314,12
1778916,9.522312214585265,22
1778981,8.373868769486325,65
1778982,10.0,1
1778983,10.0,1
1778990,9.887922521573358,7
1778994,9.943106850474098,4
1778995,10.0,1
1779001,9.899313756997781,6
1779016,9.494004968781766,15
1779027,9.78595771035213,11
1779029,9.969664224017158,2
1779048,9.552829485830722,19
1779049,10.0,1
1779058,9.810687932425058,9
1779067,9.831192909090072,9
1779074,9.8589417069293,7
1779098,9.46875159796227,24
1779105,9.856199047543242,7
1779109,9.955912846288319,4
1779118,9.850487430532812,9
1779128,9.780762931184208,10
1779145,9.610786689931246,17
1779150,9.923052832101607,5
1779151,10.0,1
1779165,9.684397841581854,14
1779168,9.947782736593183,3
1779170,9.971391366336258,2
1779175,9.912888046640676,5
1779184,9.808071101773422,9
1779190,9.878790090440285,6
1779211,9.522318011463254,21
1779220,9.823751817019307,9
1779233,9.76406427047251,13
1779249,9.64631585890797,16
1779261,9.724194871021766,12
1779273,9.7595320278994,12
1779281,9.84802816619165,8
1779290,9.797562233971219,9
1779293,9.962906297094234,3
1779307,9.721638077669695,14
1779322,9.664966886923613,15
1779324,9.969842171023828,2
1779336,9.736341151219776,12
1779359,9.524479412631342,23
1779363,9.939941241903101,4
1779378,9.726371845404309,15
1779392,9.632756228714985,14
1779393,10.0,1
1779394,10.0,1
1779413,9.604839384959266,19
1779424,9.759445394383292,11
1779443,9.619082394571654,19
1779467,9.446378533730048,24
1779479,9.74235195423314,12
1779488,9.815507960597895,9
1779499,9.817480988523654,11
1779506,9.874968317136913,7
1779516,9.813537779211106,10
1779523,9.865026590622076,7
1779538,9.688215217871424,15
1779547,9.83898649883587,9
1779568,9.496706880746245,21
1779575,9.88236212738466,7
1779587,9.77529298338389,12
1779607,9.693891253519059,20
1779625,9.656665514620991,18
1779626,10.0,1
1779644,9.607971780165956,18
1779653,9.853771840724916,9
1779666,9.728539257304092,13
1779674,9.873529043529459,8
1779696,9.532950962762575,22
1779718,9.6135129878769,22
1779733,9.69495160580692,15
1779745,9.773737158323458,12
1779760,9.682316019503908,15
1779765,9.919666597324282,5
1779770,9.917382336275672,5
1779783,9.70584656915415,13
1779784,10.0,1
1779794,9.768224730573023,10
1779814,9.560881561640477,20
1779832,9.61067115313866,18
1779851,9.603402992567625,19
1779857,9.883104242875651,6
1779868,9.78454421312959,11
1779875,9.902178872052538,7
1779882,9.86927182680974,7
1779898,9.633668253817012,16
1779903,9.923027327172704,5
1779915,9.744685666683843,12
1779923,9.844596825865391,8
1779927,9.931986096157535,4
1779931,9.9406103929935,4
1779940,9.816689529044439,9
1779954,9.691520693414732,14
1779960,9.888521295966623,6
1779963,9.959653312971628,3
1779972,9.851515793170922,9
1779979,9.865269358534215,7
1779985,9.907493470877226,6
1780004,9.545868122194776,19
1780018,9.69970104467428,14
1780025,9.873204944693462,7
1780030,9.922552574030817,5
1780040,9.770696153836466,10
1780047,9.88790579820812,7
1780058,9.770335902961895,11
1780076,9.64450256658819,18
1780081,9.924036158138852,5
1780091,9.773477168778145,10
1780096,9.917584428661938,5
1780101,9.921902237211773,5
1780103,9.972960340332754,2
1780116,9.72592223097243,13
1780124,9.836953739783493,8
1780125,10.0,1
1780139,9.684055935280892,14
1780147,9.842891490549547,8
1780158,9.579174592159,11
1780175,9.630923360581546,17
1780184,9.838333817562292,9
1780201,9.571448641392399,17
1780215,9.69389005853273,14
1780226,9.762379685132785,11
1780233,9.861054622742897,7
1780242,9.851611340648747,9
1780253,9.752239666610167,11
1780264,9.765792458280774,11
1780281,9.64523727452486,17
1780286,9.903486460512667,5
1780300,9.667043360650462,14
1780321,9.59242339162212,21
1780322,10.0,1
1780330,9.848300430061302,8
1780342,9.742554475488255,12
1780354,9.71854607188385,12
1780358,9.943999396878823,4
1780366,9.817237909032684,8
1780382,9.657822096551845,16
1780391,9.8190966453498,9
1780395,9.736498446366591,4
1780403,9.872360839052405,8
1780422,9.578205169365916,19
1780437,9.711412328142929,15
1780441,9.946189585437006,4
1780447,9.890756459528262,6
1780453,9.89579281407541,6
1780466,9.756852730766521,13
1780468,9.980014398880385,2
1780475,9.860995635693026,7
1780481,9.897784602472635,6
1780484,9.949919277731494,3
1780486,9.970391898536908,2
1780487,10.0,1
1780491,9.948239818923156,4
1780496,9.9209360660432,5
1780497,10.0,1
1780514,9.708121647154885,17
1780517,9.955023870959065,3
1780521,9.93476478056184,4
1780524,9.953970352527252,3
1780529,9.93064172513776,5
1780540,9.809244088378971,11
1780541,10.0,1
1780548,9.866377165999298,7
1780558,9.676714003867362,10
1780576,9.59668339460093,18
1780595,9.279280211946407,19
1780596,10.0,1
1780609,9.718737055767624,13
1780624,9.703780138066145,15
1780639,9.681413467845937,15
1780659,9.510028756948767,20
1780663,9.940351711792633,4
1780679,9.638451752312633,16
1780689,9.785488049045092,10
1780690,10.0,1
1780694,9.95326763755586,4
1780702,9.845497968314401,8
1780709,9.849463714352893,7
1780718,9.704691622344836,9
1780730,9.654908317604283,12
1780734,9.941907703660428,4
1780740,9.883739446905851,6
1780746,9.908660649743062,6
1780763,9.609541850024591,17
1780776,9.693946770137604,13
1780787,9.771525702421824,11
1780789,9.971156303677166,2
1780798,9.823745264236447,9
1780804,9.902761714831493,6
1780805,10.0,1
1780814,9.84951961029329,9
1780818,9.939254373132023,4
1780827,9.809567177694642,9
1780833,9.898240941590991,6
1780840,9.862591104425313,7
1780849,9.806830009623186,9
1780856,9.874296227253279,7
1780865,9.857066809016812,9
1780875,9.809917820292208,10
1780881,9.876711884910206,6
1780887,9.896830536156058,6
1780893,9.895702707551703,6
1780910,9.621400570872892,17
1780916,9.88846077341619,6
1780929,9.716727155076821,13
1780946,9.608807363049642,17
1780954,9.6504833040052,8
1780955,10.0,1
1780963,9.761308056591343,8
1780976,9.73064705375914,13
1780977,10.0,1
1780986,9.809023610335109,9
1780987,10.0,1
1781004,9.670447527058464,17
1781048,8.994457381194879,44
1781054,9.87708217182813,6
1781063,9.87339073188727,9
1781073,9.797275809547559,10
1781083,9.802379503797967,10
1781084,10.0,1
1781092,9.869725595844145,8
1781102,9.808184464773365,10
1781116,9.713406600068451,14
1781122,9.887485795646754,6
1781135,9.75279413065965,13
1781136,10.0,1
1781146,9.807796257486407,10
1781147,9.992545824304898,1
1781160,9.69637606674475,13
1781170,9.815420793135821,10
1781187,9.688313319364298,17
1781193,9.909626815160648,6
1781201,9.839342886403411,8
1781209,9.854270641532159,8
1781224,9.72626640849966,15
1781226,9.971335315057198,2
1781230,9.931164334575634,4
1781241,9.783058493080354,11
1781252,9.754601460826885,11
1781262,9.774278586722415,10
1781270,9.842943540144534,8
1781277,9.875086802787843,7
1781301,9.562588087411013,24
1781309,9.858517826751932,8
1781320,9.764055955886441,11
1781329,9.838547461107895,9
1781333,9.934712194132523,4
1781341,9.84228140512668,8
1781355,9.708596869886636,14
1781358,9.961791047039952,3
1781373,9.731231011643514,15
1781388,9.697504187053001,15
1781399,9.768568260869163,11
1781400,10.0,1
1781401,9.987063658477245,1
1781408,9.848769470765305,7
1781419,9.751277113806774,11
1781430,9.802828559635657,11
1781438,9.834717786564394,8
1781452,9.68822490800576,14
1781463,9.80035986923132,11
1781464,10.0,1
1781475,9.766375401120726,11
1781481,9.89496999773702,6
1781492,9.753771272277284,11
1781500,9.837297989214836,8
1781509,9.826600503672273,9
1781518,9.818133967831272,9
1781527,9.825651621953954,9
1781539,9.755181215739446,12
1781542,9.967739493685546,3
1781558,9.648152010432783,16
1781568,9.779644125204445,10
1781582,9.745842944575429,14
1781593,9.742617303356873,11
1781600,9.87514804391703,7
1781601,10.0,1
1781608,9.882555231932317,7
1781615,9.668302997857676,7
1781624,9.85284305109361,9
1781628,9.948186433730335,4
1781629,10.0,1
1781632,9.96271016228416,3
1781637,9.910262031702647,5
1781646,9.834835370253789,9
1781662,9.659121402919007,16
1781675,9.696046948646217,13
1781676,10.0,1
1781683,9.879126693410027,7
1781684,10.0,1
1781689,9.908337406918333,5
1781706,9.671369265599953,17
1781717,9.75447939396262,11
1781726,9.83297515933727,9
1781730,9.932847169761105,4
1781734,9.940155197330736,4
1781741,9.87417291096657,7
1781743,9.968430602097571,2
1781758,9.661720957688917,15
1781779,9.56050841001105,21
1781793,9.731337455056364,14
1781804,9.77150576001313,11
1781807,9.959037715474935,3
1781823,9.64002884048322,16
1781837,9.681652993386095,14
1781847,9.783654734317455,10
1781868,9.584204566970383,21
1781883,9.662054865069637,15
1781888,9.920681668101539,5
1781910,9.485299095453827,22
1781920,9.817923190955025,10
1781929,9.824411675358503,9
1781937,9.853244166663167,8
1781947,9.82269370501754,10
1781960,9.71445372692238,13
1781971,9.807387789948947,11
1781974,9.963314405379942,3
1781975,10.0,1
1781981,9.887776534704573,6
1781990,9.819399219487453,9
1782001,9.838376386797908,11
1782003,9.967730285453726,2
1782021,9.66737293627848,18
1782036,9.646742153474364,15
1782046,9.789829569509354,10
1782047,10.0,1
1782053,9.889604643092708,6
1782058,9.907446589360692,5
1782067,9.69376476049365,9
1782079,9.703938056252388,12
1782094,9.643005345544843,15
1782105,9.762620531035902,11
1782120,9.653093068244493,15
1782126,9.914014462824063,6
1782127,10.0,1
1782138,9.773135697638775,11
1782147,9.828501577602248,9
1782148,10.0,1
1782158,9.785447048559853,10
1782159,10.0,1
1782170,9.787475826368215,11
1782179,9.793852079623699,9
1782189,9.79732588043856,10
1782197,9.8448015070055,8
1782207,9.766054395998829,10
1782213,9.887805435303372,6
1782224,9.76980339249186,11
1782243,9.6111510331081,19
1782253,9.779365208034985,10
1782254,10.0,1
1782265,9.772003991188793,11
1782276,9.772997130138435,11
1782277,10.0,1
1782283,9.900283387917195,6
1782308,7.106796297463671,25
1782321,9.696414654590718,13
1782326,9.924901493656876,5
1782340,9.668074041638004,14
1782351,9.786273336401965,11
1782353,9.981051606928329,2
1782365,9.739828752968721,12
1782376,9.783293866029748,11
1782391,9.644804656365244,15
1782393,9.967911053239725,2
1782405,9.728339184151208,12
1782430,9.502822624529095,25
1782446,9.6791154048238,16
1782451,9.9029608408557,5
1782458,9.853810036560983,7
1782459,9.99555269012663,1
1782473,9.32417718936816,14
1782474,10.0,1
1782481,9.875878390423265,7
1782485,9.929451110673403,4
1782495,9.778846451134136,10
1782502,9.870594932263169,7
1782511,9.816631771093949,9
1782514,9.94913821151552,3
1782522,9.53799672926968,8
1782526,9.940984960466249,4
1782540,9.690116962536367,14
1782548,9.846228924552982,8
1782560,9.55016813378587,12
1782566,9.901012795765983,6
1782571,9.906213948205751,5
1782573,9.983224222632787,2
1782580,9.866542084364415,7
1782582,9.97338147161771,2
1782593,9.812872995415391,11
1782603,9.814667903567727,10
1782614,9.781121334173466,11
1782628,9.743204634032672,14
1782629,10.0,1
1782634,9.9191149290169,5
1782644,9.778692075857439,10
1782658,9.70640435851665,14
1782669,9.774442810037312,11
1782693,9.265210788948838,24
1782694,9.989170982363563,1
1782709,9.689883664199401,15
1782723,9.70383158841893,14
1782730,9.879861958351384,7
1782739,9.8506703594725,9
1782751,9.739974401865524,12
1782755,9.952586424383517,4
1782765,9.777236288129648,10
1782781,9.665182552671226,16
1782801,9.507292750903497,20
1782808,9.869107429279984,7
1782817,9.820525203313021,9
1782832,9.699448215557936,15
1782840,9.838088398927104,8
1782851,9.780424745253008,11
1782863,9.76435243194592,12
1782882,9.185075214932617,19
1782883,10.0,1
1782889,9.891351861597414,6
1782895,9.886629290808544,6
1782907,9.750230931844067,12
1782926,9.559987421950177,19
1782937,9.738095747000951,11
1782956,9.546954817514024,19
1782964,9.84583967016622,8
1782970,9.906842059708042,6
1782972,9.971815120923496,2
1782981,9.839207354529156,9
1782997,9.564087256278238,16
1782999,9.777071510668168,2
1783017,9.676203754805222,18
1783028,9.794289107176894,11
1783042,9.667087910166694,14
1783052,9.671281284710524,10
1783060,9.829497402295814,8
1783071,9.805765985673371,11
1783079,9.83968372676851,8
1783094,9.602247681383584,15
1783099,9.920366352724201,5
1783105,9.889754523364521,6
1783119,9.697587961449717,14
1783129,9.791085354355978,10
1783140,9.774642991867148,11
1783144,9.947471469495113,4
1783155,9.785247735213906,11
1783173,9.583524110429213,18
1783182,9.843829707026716,9
1783189,9.879984499540408,7
1783207,9.653769661758128,18
1783220,9.43715562379155,13
1783233,9.721127656633985,13
1783246,9.704428688180004,13
1783250,9.933623415086696,4
1783263,9.699902772285148,13
1783278,9.631748935357207,15
1783280,9.976075689202348,2
1783286,9.895421944475393,6
1783297,9.754311684338578,11
1783311,9.702166288807144,14
1783324,9.723981716995656,13
1783331,9.877892834783905,7
1783344,9.686833248993832,13
1783364,9.58978880570164,20
1783378,9.693302767998082,14
1783379,10.0,1
1783385,9.891520236043139,6
1783397,9.751227690720373,12
1783403,9.89735830163811,6
1783404,10.0,1
1783409,9.918474941222602,5
1783419,9.787975193803096,10
1783420,10.0,1
1783429,9.844005082595242,9
1783442,9.702217676002096,13
1783452,9.827138105169604,10
1783468,9.665499312822654,16
1783493,9.347447813155092,25
1783501,9.824122030469814,8
1783503,9.977506441330815,2
1783504,10.0,1
1783515,9.80676587078673,11
1783527,9.730807392632345,12
1783533,9.89248467037215,6
1783536,9.96726415629645,3
1783549,9.741326979131195,13
1783550,10.0,1
1783560,9.820259591510933,10
1783561,9.99581513768085,1
1783565,9.949352776076635,4
1783574,9.794216404422093,9
1783575,9.987820550571161,1
1783585,9.827691278452587,10
1783601,9.633238678362638,16
1783604,9.951234500918416,3
1783614,9.779078860128957,10
1783621,9.849139399394856,7
1783629,9.849554737517023,8
1783643,9.701577898595287,14
1783653,9.799549838307348,10
1783654,10.0,1
1783656,9.971338453369171,2
1783681,9.513750233825055,25
1783694,9.707038273728669,13
1783709,9.702564006392548,15
1783713,9.949803706137272,4
1783728,9.634803902410532,15
1783736,9.871301263566982,8
1783744,9.854816313746921,8
1783754,9.800408294646262,10
1783758,9.941499000400393,4
1783767,9.843383989885142,9
1783769,9.979806740588883,2
1783774,9.926726629354018,5
1783784,9.801049965034787,10
1783797,9.696796674940645,13
1783804,9.858624495255217,7
1783818,9.662431213675198,14
1783823,9.923684543648266,5
1783833,9.803726255402431,10
1783842,9.816532001318155,9
1783849,9.871834310392432,7
1783853,9.941066155983917,4
1783867,9.419620443602385,14
1783878,9.79111908596406,11
1783890,9.719721770099223,12
1783898,9.862121012199506,8
1783909,9.734522872947204,11
1783923,9.679152601286075,14
1783931,9.846609147702566,8
1783936,9.91323495832781,5
1783945,9.819717884621033,9
1783957,9.733109663298467,12
1783966,9.797804092043652,9
1783968,9.971488586236376,2
1783981,9.693643819721924,13
1783994,9.706745353983639,13
1783997,9.96991403299889,3
1784004,9.777978073719279,7
1784022,9.593792869603428,18
1784025,9.955928553517282,3
1784029,9.948754354493397,4
1784033,9.944857595604711,4
1784041,9.870138174505655,8
1784049,9.844576778815926,8
1784051,9.973590985363902,2
1784077,9.348684351637676,26
1784088,9.781980000990517,11
1784094,9.878242600572314,6
1784109,9.6448395953436,15
1784126,9.657203838974311,17
1784135,9.85600905083501,9
1784148,9.703347153913846,13
1784162,9.728687050480538,14
1784163,10.0,1
1784174,9.756470997207073,11
1784175,10.0,1
1784182,9.844056010161323,7
1784189,9.888781164423406,7
1784206,9.609971831426554,17
1784212,9.896970357364294,6
1784224,9.749694230850329,12
1784230,9.893700464397504,6
1784238,9.842470012986512,8
1784249,9.751797502639414,11
1784255,9.90295789953835,6
1784259,9.94558337053538,4
1784266,9.874332828932516,7
1784270,9.938244161813465,4
1784279,9.848429239744451,9
1784290,9.743152769223741,11
1784299,9.871646603092708,9
1784307,9.870648115832617,8
1784319,9.747855491818814,12
1784324,9.920523950554548,5
1784332,9.825592435918503,8
1784342,9.790809660613672,10
1784350,9.853588247954931,8
1784362,9.773011218721699,12
1784371,9.831417797760263,9
1784390,9.577870846008006,19
1784397,9.857549404976517,7
1784404,9.874261122418542,7
1784409,9.921988737105025,5
1784418,9.796044129426267,9
1784430,9.76533704707816,12
1784435,9.918622603916967,5
1784441,9.793713332203938,6
1784445,9.93382194052656,4
1784453,9.835565205835849,8
1784461,9.84178351354621,8
1784463,9.976699500537912,2
1784467,9.931391701859342,4
1784470,9.968140557029535,3
1784478,9.862611874304807,8
1784479,10.0,1
1784488,9.799175196941693,9
1784496,9.837875950034075,8
1784518,8.70745300473138,22
1784535,9.634862666143015,17
1784542,9.86309637393375,7
1784547,9.911888833180075,5
1784548,10.0,1
1784556,9.845713851545595,8
1784577,9.55953562074123,21
1784587,9.828018754530891,10
1784592,9.936173068060585,5
1784613,9.577156897146724,21
1784621,9.875497285901716,8
1784630,9.829309182529245,9
1784642,9.79174028870858,12
1784648,9.906781922970046,6
1784659,9.76753122477704,11
1784661,9.979649966980988,2
1784668,9.86265765159633,7
1784682,9.728190645117602,14
1784687,9.92663775358315,5
1784688,9.988343276979776,1
1784693,9.91213825480964,5
1784699,9.900702139436696,6
1784708,9.80952230504266,9
1784714,9.900705926261715,6
1784715,9.992934023401814,1
1784726,9.737154620852596,11
1784736,9.766601058148492,10
1784737,10.0,1
1784744,9.874006515388254,7
1784750,9.886495500279453,6
1784777,9.281434362290888,27
1784787,9.801247934967709,10
1784793,9.904688061122338,6
1784801,9.88703294472493,8
1784809,9.847275218990832,8
1784819,9.785417340173957,10
1784828,9.82754767854054,9
1784829,10.0,1
1784861,8.872443799411018,32
1784872,9.779193224601338,11
1784884,9.768342512139581,12
1784889,9.932082849523914,5
1784897,9.839178286275262,8
1784908,9.779233857306899,11
1784909,10.0,1
1784925,9.686258436748416,16
1784938,9.71068856413886,13
1784950,9.760464467767283,12
1784953,9.950647151540014,3
1784963,9.77476108851447,10
1785003,9.124387075065247,40
1785004,10.0,1
1785017,9.714062776594922,13
1785018,10.0,1
1785039,9.539874457967766,21
1785045,9.90975700317022,6
1785046,9.989006858199296,1
1785055,9.84988540881503,9
1785058,9.963178765158489,3
1785068,9.794780169196587,10
1785078,9.83846035654314,10
1785087,9.802968247325621,9
1785088,10.0,1
1785099,9.736927174660229,11
1785112,9.706891690838225,13
1785119,9.87081831902085,7
1785122,9.95101273344053,3
1785125,9.957883295536504,3
1785128,9.970472614207402,3
1785129,10.0,1
1785139,9.793075950100677,10
1785144,9.896337208595924,5
1785148,9.947945462653365,4
1785153,9.9091788300516,5
1785165,9.740717882996618,12
1785178,9.727321470638463,13
1785185,9.874386922450666,7
1785198,9.719563415010201,13
1785208,9.300191642528322,10
1785222,9.722203501059154,14
1785236,9.415981004019178,14
1785254,9.623561562354054,18
1785265,9.794100827895713,11
1785271,9.88692369421859,6
1785284,9.741028818559808,13
1785285,10.0,1
1785290,9.920275544115018,5
1785291,9.993153172235298,1
1785306,9.693650191321032,15
1785316,9.801607041470705,10
1785319,9.95851727552101,3
1785328,9.813119421762456,9
1785331,9.951203733042442,3
1785332,10.0,1
1785339,9.867509150348631,7
1785340,10.0,1
1785348,9.846860021684249,8
1785351,9.950741350752178,3
1785362,9.748802903271418,11
1785376,9.691461657855474,14
1785382,9.902253549133496,6
1785397,9.697170194323117,15
1785405,9.876397223990123,8
1785418,9.697903791097849,13
1785426,9.834837709382654,8
1785436,9.801962350740663,10
1785441,9.9087054648571,5
1785451,9.809295060698297,10
1785461,9.846416070907747,10
1785480,9.605846239259005,19
1785481,10.0,1
1785493,9.76301086869166,12
1785504,9.633511280405221,11
1785524,9.523621389816926,20
1785529,9.925458690792206,5
1785538,9.826534408680653,9
1785543,9.907297159725822,5
1785552,9.812890572314544,9
1785555,9.947572034726669,3
1785559,9.947775662161705,4
1785585,9.46810013159956,26
1785602,9.633465350743535,17
1785614,9.747970003040544,12
1785629,9.661184215318151,15
1785638,9.825518527142501,9
1785646,9.817109671858805,8
1785658,9.76789348143665,12
1785668,9.81887972836004,10
1785669,9.996485733482874,1
1785672,9.963748468888893,3
1785675,9.962398999730107,3
1785692,9.65560198576011,17
1785710,9.596118584215757,18
1785720,9.80883856379777,10
1785728,9.82650749409722,8
1785738,9.812115172681873,10
1785747,9.798066757604067,9
1785759,9.725715769364408,12
1785772,9.748469472145555,13
1785785,9.738637550174444,13
1785790,9.907117694664608,5
1785794,9.925047531737356,4
1785800,9.884150806554025,6
1785818,9.608249471867481,18
1785844,9.25017539850621,26
1785877,9.363682585252802,33
1785888,9.737087058819682,11
1785898,9.78959582538997,10
1785900,9.973673243101372,2
1785916,9.671172608602204,16
1785928,9.733742383787138,12
1785942,9.712131558644328,14
1785952,9.78658626763952,10
1785963,9.77024008296275,11
1785971,9.847343495816675,8
1785976,9.932920430054736,5
1785994,9.574259283083071,18
1786004,9.78980830036779,10
1786064,8.637098461455736,60
1786067,9.755053829055859,3
1786073,9.897944024460442,6
1786081,9.842311141017083,8
1786085,9.949411053941459,4
1786097,9.729040812242456,12
1786098,10.0,1
1786108,9.787079388679768,10
1786123,9.659346565806562,15
1786134,9.759575432008207,11
1786146,9.739685512132342,12
1786156,9.796860413142563,10
1786174,9.550700270862961,18
1786204,9.191399549250495,30
1786223,9.575549291403537,19
1786234,9.777891866055562,11
1786250,9.63974472208208,16
1786257,9.864022067215918,7
1786267,9.801699525779693,10
1786271,9.937091740267833,4
1786283,9.702525422236981,12
1786293,9.793218256771045,10
1786304,9.775256838883044,11
1786305,10.0,1
1786309,9.930578808203247,4
1786322,9.651707329349396,13
1786350,4.248372237194837,28
1786360,9.774655141702354,10
1786366,9.892196750476765,6
1786371,9.901095408952974,5
1786385,9.67602011674103,14
1786392,9.875126871995798,7
1786399,9.884898600826315,7
1786408,9.811867647059433,9
1786409,9.989522268500439,1
1786414,9.912929045076824,5
1786415,10.0,1
1786431,9.625607913795074,16
1786443,9.727755268098534,12
1786456,9.77282482417208,13
1786473,9.6309430952246,17
1786478,9.91270176081558,5
1786486,9.843082757999943,8
1786490,9.9444872324177,4
1786499,9.82748247020534,9
1786502,9.965163604278873,3
1786518,9.592535911726756,16
1786523,9.930144514366276,5
1786536,9.757635623247888,13
1786552,9.468912127762541,16
1786563,9.783982518908706,11
1786564,9.996587693552637,1
1786570,9.896221412123209,6
1786577,9.86654470816535,7
1786590,9.715182610317708,13
1786605,9.71398060801327,15
1786617,9.788994833005656,12
1786626,9.826281421364738,9
1786639,9.712498401912804,13
1786640,10.0,1
1786655,9.640976338182385,15
1786662,9.854171369609963,7
1786670,9.750012462355407,8
1786676,9.895488047212416,6
1786683,9.866802324871886,7
1786693,9.784456789769331,10
1786710,9.261642242519782,17
1786719,9.827630858691812,9
1786729,9.781030403948208,10
1786739,9.818503873312093,10
1786742,9.948825176226189,3
1786747,9.702688719907266,5
1786755,9.859155918261257,8
1786773,9.5584351402419,18
1786786,9.747427374826145,13
1786795,9.80393161170244,9
1786804,9.839066817309178,9
1786807,9.965974971410944,3
1786810,9.964187559246971,3
1786816,9.88276093168488,6
1786825,9.849193924477476,9
1786840,9.685976591223794,15
1786841,10.0,1
1786856,9.44691630557923,15
1786871,9.693802805536524,15
1786889,9.545981832500216,18
1786903,9.682913558853075,14
1786917,9.695558137103157,14
1786921,9.948278329109792,4
1786926,9.92914164635173,5
1786931,9.923083586503136,5
1786942,9.758518578357783,11
1786944,9.973007626426197,2
1786959,9.669663444287885,15
1786971,9.716606964998222,12
1786976,9.911300844624993,5
1786989,9.696116964902018,13
1786994,9.913644326462801,5
1787009,9.695692535572269,15
1787025,9.660495371730464,16
1787068,9.18876474189109,43
1787077,9.827282189301908,9
1787078,10.0,1
1787094,9.63767857574842,16
1787099,9.906664667661438,5
1787112,9.72493885189464,13
1787124,9.731346054001069,12
1787137,9.719605664278125,13
1787153,9.647320097009668,16
1787169,9.65383618262679,16
1787183,9.687630560752321,14
1787192,9.80797432685524,9
1787203,9.797192109642618,11
1787213,9.836603798648321,10
1787225,9.794319738595707,12
1787226,10.0,1
1787230,9.9482354032581,4
1787244,9.68197008122428,14
1787245,9.991702930595249,1
1787253,9.864477184012483,8
1787261,9.876764352933744,8
1787271,9.779258850486103,10
1787280,9.794918457807693,9
1787283,9.96847044582725,3
1787290,9.88685449532413,7
1787293,9.970227699601347,3
1787308,9.633539713864234,15
1787311,9.963685782436878,3
1787316,9.9275374065593,5
1787325,9.831222476681358,9
1787336,9.79646154757161,11
1787337,10.0,1
1787345,9.838302273434653,8
1787355,9.811332578845182,10
1787356,10.0,1
1787361,9.905287953293396,5
1787373,9.748682723382489,12
1787384,9.781897681104335,11
1787401,9.62857733679074,17
1787410,9.82338840888022,9
1787412,9.973441152577173,2
1787420,9.843372210716256,8
1787426,9.888686436620548,6
1787434,9.870295271565471,8
1787440,9.90402554264477,6
1787446,9.88966454049723,6
1787457,9.823232048839493,11
1787464,9.868489380782297,7
1787471,9.881280297795923,7
1787486,9.679679979388444,15
1787500,9.701204047027815,14
1787513,9.70906333314741,13
1787527,9.672495400399379,14
1787537,9.796865932393041,10
1787553,9.682526374701922,16
1787569,9.64364491856815,16
1787579,9.798066185212356,10
1787597,9.678985722520144,18
1787608,9.75199362459711,11
1787616,9.833842137545238,8
1787618,9.980450678142313,2
1787628,9.767554039172527,10
1787637,9.845823385314707,9
1787649,9.488106629552911,12
1787659,9.793189295139092,10
1787675,9.659061611617005,16
1787676,10.0,1
1787685,9.82921542613928,9
1787698,9.736314909887044,13
1787708,9.859539032970018,10
1787714,9.904400055046901,6
1787724,9.806974826130931,10
1787737,9.712221351406235,13
1787738,10.0,1
1787747,9.813734364803649,9
1787748,10.0,1
1787778,9.374110745555717,30
1787779,10.0,1
1787780,10.0,1
1787787,9.876749276614627,7
1787797,9.77698499227861,10
1787808,9.760348884189014,11
1787814,9.891127583413963,6
1787815,10.0,1
1787826,9.808041631046773,11
1787841,9.636589103060057,15
1787848,9.886943543744284,7
1787858,9.810776532448777,10
1787874,9.684419023760588,16
1787884,9.795511254726156,10
1787889,9.91485842285721,5
1787896,9.862819244716478,7
1787907,9.753204709234469,11
1787915,9.852127832365436,8
1787926,9.756023273904088,11
1787940,9.741815865521716,14
1787946,9.91263656917987,6
1787961,9.678825802253211,15
1787969,9.855086801092828,8
1787982,9.729038765491351,13
1787983,10.0,1
1787991,9.84430084235133,8
1787992,10.0,1
1788001,9.81549457493158,9
1788016,9.682047696842355,15
1788024,9.832354643036911,8
1788035,9.11248267240271,11
1788042,9.873961521283874,7
1788060,9.580461681452988,18
1788074,9.699458604165844,14
1788075,9.993127872105992,1
1788081,9.896804929037485,6
1788129,8.264736952296738,48
1788141,9.748624966227839,12
1788167,9.526880786483096,26
1788173,9.887587801191069,6
1788190,9.670429641822405,17
1788195,9.914741812122863,5
1788207,9.734186949454712,12
1788217,9.583405416282499,10
1788228,9.789868357915806,11
1788239,9.790482104982326,11
1788262,9.483404477889822,23
1788273,9.787991799883184,11
1788289,9.63940566604401,16
1788298,9.83045289271518,9
1788304,9.902573319962565,6
1788311,9.890037651374051,7
1788325,9.699476070174729,14
1788336,9.770413645379152,11
1788337,10.0,1
1788345,9.875700171185091,8
1788357,9.767333829358304,12
1788359,9.982156026755181,2
1788363,9.9443052835041,4
1788364,9.992338365469957,1
1788371,9.8771825524427,7
1788382,9.782077061114094,11
1788391,9.846579590204856,9
1788408,9.680529118276317,17
1788423,9.69329451636657,15
1788426,9.957100024774055,3
1788438,9.715302017420084,12
1788446,9.851902725132838,8
1788447,10.0,1
1788456,9.827131492840168,9
1788469,9.726188188112204,13
1788484,9.671154630926297,15
1788493,9.833485109684124,9
1788503,9.81434700554859,10
1788515,9.744181454434415,12
1788529,9.75150249117836,14
1788532,9.95443111565698,3
1788539,9.876580133590007,7
1788553,9.67202462826009,14
1788568,9.66484398201973,15
1788577,9.835439498440904,9
1788584,9.859844742754445,7
1788602,9.585353057046733,18
1788604,9.973445891412668,2
1788614,9.702199497980752,10
1788625,9.774367745754162,11
1788631,9.90211807631249,6
1788635,9.944451840977894,4
1788654,9.484672554018557,19
1788663,9.83254404933968,9
1788670,9.872728109456935,7
1788682,9.75193448421021,12
1788688,9.88529714864017,6
1788695,9.884561206504326,7
1788703,9.854751904168946,8
1788717,9.69084945061996,14
1788724,9.877542168266205,7
1788736,9.730075164508042,12
1788744,9.843821908372707,8
1788754,9.770027075643625,10
1788774,9.573569009250324,20
1788780,9.891026824011583,6
1788781,10.0,1
1788785,9.947844501440242,4
1788805,9.50977369343773,20
1788812,9.856862041111485,7
1788821,9.8334962416077,9
1788829,9.829533236654843,8
1788847,9.644715423466078,18
1788851,9.944187882365572,4
1788868,9.62611534679962,17
1788879,9.814332446033243,11
1788887,9.841865911888945,8
1788908,9.589560089597908,21
1788927,9.603598182275219,19
1788943,9.664854250845002,16
1788945,9.9855418827174,2
1788958,9.75669677321273,13
1788978,9.520145643250867,20
1788984,9.89621049463433,6
1788998,9.743743208265574,14
1789012,9.693308906915938,14
1789013,10.0,1
1789016,9.946211449508974,3
1789027,9.284185286077527,11
1789031,9.749976474115128,4
1789036,9.911400334551317,5
1789040,9.952312437037673,4
1789046,9.912529951499225,6
1789049,9.96212735660176,3
1789067,9.60923535503522,18
1789079,9.75217303904558,12
1789089,9.817668464714135,10
1789090,10.0,1
1789099,9.80497608217163,9
1789104,9.92348114722481,5
1789116,9.760067692372173,12
1789130,9.760178325776046,14
1789139,9.714372273959128,9
1789144,9.916742320441653,5
1789150,9.885533151455181,6
1789157,9.875263838091088,7
1789159,9.982726217545622,2
1789168,9.87339949129249,9
1789171,9.952254767463762,3
1789179,9.850570556037885,8
1789185,9.900732495533408,6
1789197,9.740999483446952,12
1789211,9.718808696763936,14
1789221,9.7780038051219,10
1789234,9.738690040029281,13
1789235,10.0,1
1789236,10.0,1
1789241,9.919653138540644,5
1789252,9.83007839955959,11
1789259,9.875117597351469,7
1789267,9.860155575012904,8
1789271,9.950705617893982,4
1789293,8.480066406697782,22
1789305,9.772014039025184,12
1789317,9.773548592546003,12
1789326,9.839220084049455,9
1789334,9.870194686380584,8
1789343,9.801820553600813,9
1789351,9.866848424809683,8
1789359,9.874870227487769,8
1789360,10.0,1
1789386,9.371125424242061,26
1789394,9.831560387780167,8
1789404,9.828734297243539,10
1789416,9.760183159309719,12
1789428,9.76303052274464,12
1789438,9.81207281865855,10
1789448,9.786019108834896,10
1789449,10.0,1
1789456,9.576556588817981,7
1789467,9.789198712975615,11
1789479,9.785709511251337,12
1789488,9.798243086780316,9
1789499,9.603747663091935,11
1789506,9.866953397433866,7
1789511,9.922676996551887,5
1789522,9.769431324479648,11
1789523,9.996762802451796,1
1789534,9.78843680857257,11
1789535,9.993529775668279,1
1789555,9.497981764058595,20
1789559,9.956107069280627,4
1789584,6.055960698177769,25
1789598,9.679148867541315,14
1789612,9.76096254729446,14
1789616,9.936215427974632,4
1789623,9.87108807793509,7
1789624,9.993010598638463,1
1789630,9.891535684081944,6
1789636,9.902027201573427,6
1789648,9.769962905664473,12
1789649,10.0,1
1789660,9.775221940528091,11
1789661,10.0,1
1789675,9.680821810943721,14
1789676,10.0,1
1789695,9.556843062536998,19
1789706,9.779114597666036,11
1789715,9.814759905414983,9
1789718,9.949872482338607,3
1789720,9.974486194194448,2
1789731,9.794232417283277,11
1789742,9.761623672235308,11
1789750,9.851990404154169,8
1789756,9.879552653560562,6
1789767,9.790952412407252,11
1789776,9.863362787652926,9
1789784,9.85551866717864,8
1789799,9.676922182917595,15
1789814,9.638308667610017,15
1789823,9.808165830164487,9
1789825,9.970363353037895,2
1789826,10.0,1
1789831,9.91848083754693,5
1789840,9.795071224160441,9
1789843,9.953827901302216,3
1789848,9.713121093811065,5
1789978,7.386713328397974,130
1789991,9.745857597666836,13
1789995,9.938663812702863,4
1790005,9.814833627739594,10
1790014,9.82150540996983,9
1790018,9.94507353565265,4
1790021,9.947959006570992,3
1790034,9.722993427314911,13
1790045,9.76878405343536,11
1790063,9.61375756587978,18
1790079,9.654951949356827,16
1790089,9.795937951406284,10
1790105,9.657115265580979,16
1790130,9.417635476268849,25
1790145,9.67926536538949,15
1790150,9.920469597354288,5
1790156,9.87952115983353,6
1790157,10.0,1
1790160,9.968476640304628,3
1790165,9.922679690785731,5
1790181,9.605317406665996,16
1790182,10.0,1
1790200,9.569813452269619,18
1790209,9.800344629002524,9
1790223,9.69057033335221,14
1790226,9.953480278870634,3
1790255,9.272825484086482,29
1790265,9.827734258514703,10
1790281,9.67616820630679,16
1790292,9.794459635776382,11
1790303,9.764557431951095,11
1790311,9.84755049769551,8
1790328,9.651760951189235,17
1790338,9.782384819122031,10
1790343,9.908520249103486,5
1790346,9.95689275567884,3
1790367,9.585736832966878,21
1790368,10.0,1
1790370,9.972708720828745,2
1790380,9.779152017594317,10
1790391,9.684702453676113,11
1790409,9.542126788230046,18
1790422,9.714186633460292,13
1790429,9.868966218103836,7
1790437,9.84259583536261,8
1790441,9.922127246022002,4
1790447,9.899398015305808,6
1790454,9.861858936732359,7
1790465,9.751623283544214,11
1790477,9.77557669877531,12
1790488,9.80304748536403,11
1790494,9.912925767042413,6
1790506,9.735331477867863,12
1790518,9.729506402068909,12
1790530,9.745196366775666,12
1790533,9.973375088829219,3
1790544,9.767993527675866,11
1790557,9.710557053905198,13
1790564,9.861468859675437,7
1790575,9.765454801029383,11
1790588,9.59217500864047,13
1790609,6.88902707468868,21
1790623,9.679623995305958,14
1790630,9.852408718831583,7
1790644,9.722380448577253,14
1790657,9.721038251518754,13
1790666,9.843419191894629,9
1790669,9.95420739539859,3
1790677,9.861162373693903,8
1790678,9.989463193656658,1
1790683,9.91353570916148,5
1790691,9.831728189775742,8
1790699,9.853944491984794,8
1790705,9.871019014679923,6
1790711,9.878037556642807,6
1790725,9.71877748955953,14
1790738,9.70653169602188,13
1790751,9.748318835582985,13
1790756,9.920491865950693,5
1790767,9.782314779657137,11
1790786,9.548797225711732,19
1790803,9.571548068878544,17
1790821,9.555253204262213,18
1790840,9.549935700784284,19
1790850,9.791077717983098,10
1790858,9.863209051777513,8
1790865,9.858055108350102,7
1790878,9.767333668438221,13
1790886,9.823709353607317,8
1790894,9.851126260968899,8
1790906,9.75051650958496,12
1790923,9.065552748094682,17
1790931,9.833953484165162,8
1790944,9.765630294611539,13
1790956,9.437022857655311,12
1790970,9.671137424080147,14
1790976,9.9035853095453,6
1790985,9.857921510472625,9
1790994,9.81747617825743,9
1791006,9.789641232961776,12
1791014,9.846868400163729,8
1791029,9.64185194869012,15
1791044,9.736038985223926,15
1791053,9.834965584872634,9
1791065,9.753334899762983,12
1791067,9.981048452946304,2
1791073,9.900277446490714,6
1791084,9.81514242158388,11
1791086,9.98524341038248,2
1791102,9.455836601659092,16
1791103,10.0,1
1791109,9.887577501898623,6
1791116,9.8480282367911,7
1791121,9.922401769542034,5
1791135,9.710522874175014,14
1791145,9.805492956068834,10
1791157,9.76532947631792,12
1791172,9.596730458313395,15
1791175,9.959806262043061,3
1791183,9.841087120320235,8
1791192,9.72291300466278,9
1791209,9.60037459953558,17
1791218,9.830907716203024,9
1791231,9.721726966131897,13
1791235,9.934538262741174,4
1791247,9.725488794135856,12
1791249,9.978309719877554,2
1791250,9.99629418297766,1
1791251,10.0,1
1791261,9.771625008669067,10
1791280,9.603633907011314,19
1791301,9.484636238027798,21
1791307,9.893585146428173,6
1791310,9.965446172169505,3
1791322,9.756283494086539,12
1791331,9.836138665589116,9
1791336,9.927112367351025,5
1791351,9.361757282682223,15
1791364,9.741315695478725,13
1791370,9.904584243434305,6
1791383,9.713089328690655,13
1791391,9.838570786219607,8
1791395,9.94086520510664,4
1791396,10.0,1
1791407,9.757876011558212,11
1791408,10.0,1
1791425,9.62847679427657,17
1791426,10.0,1
1791430,9.92866832222834,4
1791431,10.0,1
1791436,9.932393880864169,5
1791450,9.67685270951757,14
1791455,9.930184602370613,5
1791464,9.830413007784816,9
1791472,9.839217052125953,8
1791478,9.899429493172994,6
1791487,9.831239449921302,9
1791488,9.988351541535602,1
1791489,10.0,1
1791497,9.855321299385075,8
1791499,9.966140774578925,2
1791510,9.785091352722835,11
1791517,9.851696406398336,7
1791525,9.832700914445569,8
1791535,9.799446939462898,10
1791539,9.941734635434868,4
1791540,10.0,1
1791545,9.930720259676763,5
1791552,9.89639512331181,7
1791558,9.89173792109195,6
1791579,9.434071237780298,21
1791590,9.805657187168158,11
1791606,9.658339463662307,16
1791614,9.859432033891613,8
1791626,9.796037942196934,12
1791635,9.820203168517212,9
1791638,9.964150861174927,3
1791644,9.884975542992917,6
1791656,9.787139176336568,12
1791663,9.861307930950595,7
1791664,10.0,1
1791675,9.766382490472513,11
1791691,9.649554936730205,16
1791698,9.861344411802797,7
1791712,9.684492716823922,14
1791722,9.813148665631488,10
1791729,9.875165872632058,7
1791737,9.841481419109854,8
1791739,9.986836962314348,2
1791745,9.910061066816661,6
1791751,9.913210938178594,6
1791759,9.863101962152157,8
1791760,9.989523405978684,1
1791771,9.748503042408906,11
1791774,9.965145298380055,3
1791791,9.647023244010644,17
1791803,9.782842657274827,12
1791815,9.713722028432487,12
1791819,9.94400022132281,4
1791831,9.748691288411504,12
1791838,9.79658237305419,7
1791845,9.865058581534846,7
1791852,9.875190883299336,7
1791862,9.782980741249508,10
1791874,9.725101755093368,12
1791898,9.420682100863786,24
1791912,9.686657803604692,14
1791919,9.86878253936203,7
1791925,9.891182660342848,6
1791926,10.0,1
1791927,10.0,1
1791942,9.678959345468597,15
1791947,9.910080014316797,5
1791960,9.713933022561594,13
1791967,9.872420602041204,7
1791973,9.884657247522059,6
1791980,9.863472147376696,7
1791992,9.74974882093462,12
1792005,9.728882018346791,13
1792020,9.67343131829363,15
1792036,9.672732347408747,16
1792040,9.929871178660159,4
1792050,9.791503251410866,10
1792051,10.0,1
1792057,9.895621123024792,6
1792074,9.645891104960329,17
1792084,9.780162919857512,10
1792090,9.871126013237118,6
1792101,9.784581082284024,11
1792106,9.936402551358809,5
1792124,9.646013577214944,18
1792138,9.718303172900018,14
1792153,9.672695461330848,15
1792166,9.740098464664033,13
1792182,9.628835839612076,16
1792192,9.801316770589946,10
1792200,9.837728003783,8
1792222,9.489619572671101,22
1792231,9.856905417991026,9
1792240,9.822574603631612,9
1792269,9.427926308787677,29
1792287,9.591293953824513,18
1792387,-29.437457614797744,100
1792392,9.824301513540934,5
1792399,9.876057299789144,7
1792406,9.86857565302243,7
1792475,8.739356703985417,69
1792476,9.9964753195564,1
1792486,9.778078283561708,10
1792489,9.962267910066466,3
1792492,9.963332710400978,3
1792504,9.738783727163204,12
1792514,9.811066111494233,10
1792517,9.958303313409692,3
1792522,9.91262596291389,5
1792528,9.873475903931077,6
1792539,9.769700199143752,11
1792552,9.732354663389627,13
1792560,9.81207791991289,8
1792573,9.710616974680873,13
1792584,9.770573316639055,11
1792592,9.862175624949085,8
1792598,9.903624093154447,6
1792611,9.61936495999003,13
1792617,9.885479250050452,6
1792618,10.0,1
1792637,9.540189763698992,19
1792644,9.856230689189427,7
1792651,9.86045801279872,7
1792655,9.94265290925393,4
1792659,9.921588155175877,4
1792660,9.996158223854392,1
1792669,9.815529066361162,9
1792672,9.96095487569388,3
1792682,9.868735310536952,10
1792693,9.522038608700509,11
1792700,9.869044710316306,7
1792702,9.985229114884836,2
1792715,9.73374273798165,13
1792718,9.962383376213335,3
1792721,9.969819686410933,3
1792727,9.912485427518778,6
1792731,9.949456137467738,4
1792744,9.72712170560044,13
1792761,9.695150203660852,17
1792787,9.388201615967361,26
1792791,9.936361992517078,4
1792801,9.777871059304038,10
1792815,9.666561693535089,14
1792826,9.779848492929434,11
1792847,9.648416441955572,21
1792858,9.823848616609709,11
1792867,9.822895135640286,9
1792868,9.988156753977727,1
1792877,9.820157900269995,9
1792881,9.938093645347026,4
1792895,9.699195623413855,14
1792899,9.833922739533996,4
1792910,9.757493441500023,11
1792921,9.757531656639001,11
1792927,9.913150058010029,6
1792941,9.733805374699656,14
1792943,9.965513221509344,2
1792953,9.799243257692678,10
1792954,10.0,1
1792964,9.809692773251761,10
1792980,9.626885976913885,16
1792984,9.931004624960897,4
1792990,9.894371904678575,6
1792997,9.874290264432062,7
1793001,9.944417116654858,4
1793013,9.760244506935365,12
1793014,10.0,1
1793022,9.860876847129166,8
1793037,9.67403783866331,15
1793052,9.719131660654252,15
1793053,9.991904474813369,1
1793058,9.91272478112114,5
1793059,10.0,1
1793060,10.0,1
1793073,9.709121489511435,13
1793080,9.869015860230585,7
1793088,9.818610038101633,8
1793115,8.343201748746411,27
1793121,9.877779480897413,6
1793128,9.873863924989823,7
1793142,9.692423450322442,14
1793143,10.0,1
1793151,9.860115404182466,8
1793153,9.983215019127718,2
1793161,9.863505917383328,8
1793175,9.51327798656202,14
1793184,9.810837594781864,9
1793190,9.913372067845263,6
1793195,9.926552060185218,5
1793196,10.0,1
1793215,9.608200720414455,19
1793226,9.798774443429561,11
1793239,9.70893127592864,13
1793240,10.0,1
1793257,9.49244030430998,17
1793270,9.742646540209167,13
1793282,9.713578020241489,12
1793286,9.94253148391277,4
1793291,9.915028859490253,5
1793294,9.963065094972686,3
1793307,9.724741675515423,13
1793318,9.78553109242851,11
1793325,9.868111749422367,7
1793335,9.823173448860569,10
1793347,9.727609142214098,12
1793349,9.977103293445124,2
1793363,9.685978611200685,14
1793368,9.939737741114893,5
1793378,9.790424055389831,10
1793399,9.560248921068174,21
1793411,9.787200416620635,12
1793414,9.96830947509816,3
1793420,9.916051533290744,6
1793434,9.759847582075682,14
1793440,9.903731875558014,6
1793449,9.856086900103989,9
1793455,9.903062329988908,6
1793466,9.840154257225542,11
1793482,9.616912414694063,16
1793497,9.742663813140865,15
1793506,9.836036349696322,9
1793523,9.6385433514247,17
1793538,9.643149489781521,15
1793547,9.82818973861347,9
1793548,10.0,1
1793558,9.814049714408672,10
1793563,9.925114961754423,5
1793573,9.826230487098456,10
1793584,9.760857664164394,11
1793598,9.588658975221463,14
1793603,9.9195932937556,5
1793621,9.653674817057318,18
1793631,9.785825485148425,10
1793641,9.81462146198077,10
1793652,9.745827759339091,11
1793658,9.884787968919733,6
1793669,9.775935607894434,11
1793696,9.337688033366948,27
1793718,9.526779620956118,22
1793728,9.813082910129898,10
1793734,9.899784064660428,6
1793747,9.721481767921013,13
1793757,9.810612728689533,10
1793764,9.874582468733703,7
1793773,9.83712969154825,9
1793784,9.749033886253624,11
1793793,9.84478258360847,9
1793803,9.786426707293002,10
1793809,9.911211748756305,6
1793817,9.855672438853851,8
1793820,9.95289069545809,3
1793829,9.860642906950135,9
1793841,9.715921440522022,12
1793852,9.747048563243748,11
1793853,10.0,1
1793863,9.812036877526422,10
1793871,9.851198708798968,8
1793882,9.79503157166061,11
1793891,9.83163913995635,9
1793901,9.69357508578503,10
1793905,9.937546586319147,4
1793910,9.922642677007891,5
1793922,9.734698470301954,12
1793932,9.821872727377757,10
1793940,9.834591038710352,8
1793941,10.0,1
1793954,9.71197148970501,13
1793969,9.726559440856105,15
1793981,9.74604603043558,12
1793994,9.715080948613235,13
1794005,9.743724908364127,11
1794006,10.0,1
1794024,9.55188066863805,18
1794032,9.838452984345544,8
1794040,9.84048809234109,8
1794041,10.0,1
1794042,10.0,1
1794064,9.564451032466401,22
1794074,9.777249163635108,10
1794088,9.6910569559419,14
1794094,9.879393458671077,6
1794099,9.92917415527742,5
1794108,9.828758641189001,9
1794114,9.805113972227922,6
1794126,9.753482792259762,12
1794130,9.928922464820495,4
1794145,9.640009700316861,15
1794161,9.660294874239478,16
1794162,10.0,1
1794169,9.845932016964872,7
1794177,9.829865425436385,8
1794189,9.714203950340563,12
1794197,9.757042929919605,8
1794211,9.614968119831554,14
1794217,9.881157460958292,6
1794230,9.749776111888904,13
1794242,9.734593687512994,12
1794243,10.0,1
1794254,9.753364943008163,11
1794267,9.729089964468448,13
1794268,10.0,1
1794279,9.739305545746827,11
1794288,9.804543187334883,9
1794294,9.88526686188664,6
1794300,9.905001205527538,6
1794305,9.927059639788373,5
1794328,9.06343421504319,23
1794344,9.750994011615209,16
1794345,10.0,1
1794354,9.828893031984878,9
1794366,9.7403366169454,12
1794369,9.94960070715473,3
1794383,9.714575965138978,14
1794394,9.760767682171336,11
1794398,9.941452287173783,4
1794402,9.932705162039053,4
1794410,9.822390413422907,8
1794419,9.826552942979006,9
1794422,9.957208744938864,3
1794427,9.919278502205708,5
1794441,9.684566084065462,14
1794457,9.623510501254158,16
1794467,9.784493934061185,10
1794474,9.885870628422632,7
1794486,9.785927372030113,12
1794497,9.650387368767323,11
1794507,9.817535435084103,10
1794516,9.83474091884863,9
1794522,9.890430934775777,6
1794530,9.878926614365126,8
1794536,9.896362998480642,6
1794539,9.960910913658692,3
1794553,9.737938733198698,14
1794558,9.923953940560938,5
1794572,9.721092611233114,14
1794582,9.757753113510326,10
1794595,9.72141334110054,13
1794606,9.765721633865818,11
1794621,9.647415918470195,15
1794630,9.812893995740069,9
1794633,9.955473340942817,3
1794643,9.797810416100527,10
1794655,9.743657696288498,12
1794656,10.0,1
1794666,9.830771473463312,10
1794676,9.78765252770973,10
1794682,9.90056547368681,6
1794691,9.85692133587173,9
1794705,9.685701604426319,14
1794716,9.77809293509026,11
1794723,9.894213103213579,7
1794733,9.8089870385836,10
1794747,9.70017416272653,14
1794755,9.83084389317536,8
1794766,9.758192543219241,11
1794775,9.801908897839263,9
1794778,9.966247013327376,3
1794788,9.800449998574939,10
1794797,9.85997263281363,9
1794804,9.871484060837371,7
1794818,9.705642598829886,14
1794835,9.616791128681193,17
1794836,10.0,1
1794847,9.779679006342816,11
1794848,10.0,1
1794859,9.773547056595962,11
1794865,9.900284118354506,6
1794876,9.788444724836722,11
1794895,9.589996699714643,19
1794903,9.82983415446568,8
1794914,9.764907504483656,11
1794915,10.0,1
1794935,9.553031780972194,20
1794948,9.705298912122414,13
1794971,9.441195908562618,23
1794979,9.859118785804268,8
1794995,9.699696670498893,16
1794996,9.989101929782759,1
1795010,9.689315240085195,14
1795015,9.91692510253385,5
1795026,9.767802078175327,11
1795027,9.996054538113961,1
1795033,9.88135406282074,6
1795046,9.713914276579448,13
1795056,9.785688747672324,10
1795088,9.128231451709162,32
1795089,10.0,1
1795090,10.0,1
1795093,9.952034779657007,3
1795094,9.99649175243813,1
1795109,9.63905230991168,15
1795126,9.590202180547575,17
1795136,9.799789071967517,10
1795152,9.61051656311987,16
1795161,9.812003535474869,9
1795171,9.809500216658549,10
1795188,9.621075997288777,17
1795199,9.755857148364484,11
1795204,9.918337281015454,5
1795223,9.583122143474109,19
1795231,9.853157232336557,8
1795245,9.719143693187284,14
1795250,9.918045936080023,5
1795262,9.72424339671274,12
1795264,9.978319750312572,2
1795276,9.748002383158004,12
1795290,9.70065049049232,14
1795291,10.0,1
1795304,9.729311810122276,13
1795313,9.79967693026444,9
1795323,9.792899890783229,10
1795329,9.915147339966706,6
1795343,9.698886398343975,14
1795353,9.831881498345947,10
1795364,9.7935384028205,11
1795398,9.275890833305096,34
1795411,9.710127968187084,13
1795415,9.944284535328467,4
1795432,9.096480951736961,17
1795452,9.59796628872117,20
1795456,9.948031868361603,4
1795463,9.854382295914256,7
1795472,9.820819688056178,9
1795484,9.782914607490397,12
1795493,9.824948147425472,9
1795502,9.832351550773794,9
1795503,10.0,1
1795515,9.744388232829431,12
1795522,9.87163066454687,7
1795530,9.85147073650866,8
1795535,9.926618595392117,5
1795548,9.727658125543927,13
1795552,9.935921777943902,4
1795561,9.811558309250687,9
1795569,9.850613964120559,8
1795584,9.369246754694382,15
1795596,9.744460777525783,12
1795604,9.853471653284572,8
1795616,9.71955669909007,12
1795623,9.875208265888714,7
1795643,9.562986396877653,20
1795652,9.82086546364856,9
1795655,9.967594267924143,3
1795661,9.886943581925058,6
1795669,9.826763483229234,8
1795677,9.839104608597857,8
1795690,9.730191084403405,13
1795704,9.699306463029634,14
1795711,9.878874742667675,7
1795727,9.716110629784364,16
1795736,9.849097207804812,9
1795752,9.640230597037066,16
1795768,8.941143354145243,16
1795772,9.632397294986188,4
1795782,9.761597787079758,10
1795784,9.970343578834063,2
1795788,9.940981764198813,4
1795801,9.702137628066174,13
1795805,9.937941086016576,4
1795812,9.891246544351892,7
1795826,9.747626831660408,14
1795849,9.511313513931848,23
1795861,9.74639436366295,12
1795868,9.706471974374967,7
1795877,9.832233118927833,9
1795892,9.672959666494517,15
1795899,9.878346058346194,7
1795900,10.0,1
1795905,9.914434420448915,5
1795911,9.883981905781,6
1795921,9.79105944286333,10
1795932,9.75190564876936,11
1795933,10.0,1
1795966,9.265980644744795,33
1795979,9.613742914180031,13
1796018,8.88782222303699,39
1796022,9.935958200976813,4
1796030,9.868567240648861,8
1796043,9.693565889630234,13
1796047,9.938258745380736,4
1796058,9.78933149410676,11
1796067,9.806905640739087,9
1796123,8.896043478906096,56
1796126,9.760843878418557,3
1796127,10.0,1
1796128,9.996006074116414,1
1796135,9.846082347746679,7
1796139,9.94811137686985,4
1796150,9.752525000661693,11
1796153,9.95593778733121,3
1796163,9.775877705311906,10
1796174,9.798292337026583,11
1796192,9.6458399644709,18
1796193,10.0,1
1796206,9.734190651151819,13
1796213,9.870204171617676,7
1796214,10.0,1
1796228,9.710219098784421,14
1796234,9.886496435679616,6
1796239,9.934431033279427,5
1796245,9.885977239686008,6
1796255,9.817090512175422,10
1796256,10.0,1
1796261,9.912854873020812,5
1796266,9.914589878409496,5
1796282,9.649256843910162,16
1796290,9.858773474518422,8
1796310,9.573063357890154,20
1796322,9.75310539047314,12
1796331,9.825134685029765,9
1796338,9.869596139067928,7
1796345,9.883235915467298,7
1796353,9.84202650698845,8
1796366,9.740450131511931,13
1796376,9.833195539448614,10
1796383,9.874529647835775,7
1796394,9.78021914609522,11
1796409,9.126115439019197,15
1796410,10.0,1
1796414,9.93373234816494,4
1796415,10.0,1
1796425,9.80095186617359,10
1796435,9.847239494408946,10
1796450,9.66761388479586,15
1796467,9.660215668459774,17
1796473,9.902261653484082,6
1796489,9.61760839815779,16
1796503,9.7497554998602,14
1796514,9.780500797660633,11
1796519,9.929883798180706,5
1796531,9.736142049132168,12
1796538,9.860681135557918,7
1796541,9.953832467911418,3
1796549,9.863744067985975,8
1796563,9.685075043687533,14
1796564,10.0,1
1796571,9.874123655819709,7
1796572,10.0,1
1796582,9.793159506702557,10
1796599,9.61542548996519,17
1796611,9.803253758167083,12
1796629,9.582138861117569,18
1796644,9.537114658830513,15
1796645,10.0,1
1796657,9.751412873344268,12
1796661,9.92862403758986,4
1796679,9.613208359050851,18
1796683,9.943903469100734,4
1796692,9.819954710526831,9
1796700,9.853258182008561,8
1796708,9.868705800994409,8
1796719,9.748583026022835,11
1796720,9.988973701508284,1
1796727,9.891231623597813,7
1796737,9.780784296227298,10
1796746,9.810681849855223,9
1796753,9.884024863374094,7
1796760,9.854523760567345,7
1796764,9.930796994778207,4
1796766,9.968989254300904,2
1796778,9.764047349286498,12
1796785,9.85758318951988,7
1796788,9.960815713527985,3
1796793,9.932900145423973,5
1796806,9.745928625486698,13
1796814,9.857904977445335,8
1796829,9.667190817656149,15
1796838,9.801235624472625,9
1796849,9.760459344883163,11
1796850,10.0,1
1796856,9.895887271150738,6
1796860,9.93951093205434,4
1796869,9.81903191075335,9
1796882,9.778311872114768,13
1796889,9.87596258548345,7
1796898,9.793958682330526,9
1796908,9.780761543578114,10
1796927,9.586823723565422,19
1796933,9.90541853806739,6
1796938,9.915636264564329,5
1796950,9.810579677524142,12
1796964,9.631894966930783,14
1796976,9.78014351235752,12
1796986,9.820630046696563,10
1796994,9.840604453774123,8
1797008,9.682921693363905,14
1797014,9.885908721301218,6
1797030,9.652808671756974,16
1797043,9.733206512603884,13
1797056,9.79231810973567,13
1797069,9.721206681489651,13
1797070,10.0,1
1797078,9.83171803143801,8
1797087,9.801049814225646,9
1797102,9.662411762093331,15
1797118,9.66582546630684,16
1797124,9.901171086511274,6
1797138,9.707850636455237,14
1797154,9.667060547565942,16
1797162,9.835312952246044,8
1797182,9.50047405216854,20
1797193,9.751909178677256,11
1797198,9.906061405121687,5
1797204,9.88725604470669,6
1797214,9.824014564203098,10
1797223,9.842243333486547,9
1797234,9.79505851341683,11
1797242,9.861882520222917,8
1797248,9.898631418196747,6
1797255,9.897995120187284,7
1797261,9.90163343374792,6
1797270,9.79836307432097,9
1797274,9.938446141093458,4
1797289,9.668430501901952,15
1797290,10.0,1
1797301,9.769997638435305,11
1797302,10.0,1
1797309,9.864951707137838,7
1797325,9.60549934294725,16
1797344,9.524410486630478,19
1797355,9.760534401556741,11
1797369,9.686841019989163,14
1797384,9.65216240851578,15
1797392,9.884860177922715,8
1797404,9.722521617079211,12
1797418,9.520336134167872,14
1797429,9.755489361503017,11
1797435,9.886066354693172,6
1797444,9.855579422878723,9
1797450,9.871292093054366,6
1797453,9.954877722867735,3
1797462,9.821767596465772,9
1797476,9.675914947400866,14
1797477,10.0,1
1797492,9.669208909716604,15
1797501,9.82853942093248,9
1797508,9.88755721401255,7
1797525,9.6132077199565,17
1797534,9.82892362035669,9
1797543,9.80977100893337,9
1797566,9.424663496073359,23
1797580,9.658301721136333,14
1797596,9.042665335945893,16
1797605,9.83027334370143,9
1797606,9.996572935843187,1
1797619,9.713625554746136,13
1797626,9.873625006057724,7
1797641,9.64349031844429,15
1797645,9.942542695155915,4
1797648,9.953923425953038,3
1797662,9.692522938050763,14
1797681,9.623403808580296,19
1797694,9.74580308782094,13
1797705,9.736072674782934,11
1797728,9.485182469824652,23
1797739,9.812591960390506,11
1797755,9.624365177652358,16
1797762,9.891055165086915,7
1797776,9.700866906131022,14
1797786,9.822117101009882,10
1797788,9.974275709388573,2
1797795,9.851661899064963,7
1797800,9.930797355087718,5
1797808,9.844236068600564,8
1797814,9.896060417448194,6
1797828,9.687014352943814,14
1797845,9.636394587710019,17
1797859,9.727211211630372,14
1797868,9.829299565184375,9
1797882,9.669167634978857,14
1797886,9.950174643856567,4
1797896,9.803048379908416,10
1797897,10.0,1
1797911,9.663887507758393,14
1797926,9.742225032853518,15
1797938,9.725116693104491,12
1797949,9.799805873911486,11
1797961,9.715302854036967,12
1797973,9.753328279550912,12
1797980,9.872172204668455,7
1797990,9.795775820382643,10
1797991,10.0,1
1797996,9.905809553014775,5
1798019,9.409441964435203,23
1798026,9.899179056985293,7
1798039,9.689754589083332,13
1798043,9.949129724365928,4
1798051,9.880456172242747,8
1798063,9.728590347003166,12
1798072,9.8640309395856,9
1798077,9.91141835934361,5
1798080,9.959306153545832,3
1798092,9.762304906737324,12
1798106,9.709717612368667,14
1798117,9.765232233656572,11
1798128,9.779790908755896,11
1798135,9.870693350629892,7
1798140,9.920476449326797,5
1798157,9.663890315051768,17
1798169,9.758691056475,12
1798179,9.793226325288979,10
1798187,9.84331839562497,8
1798196,9.815589518740335,9
1798205,9.820762816854204,9
1798219,9.733292031431638,14
1798220,10.0,1
1798233,9.702422862735332,13
1798241,9.83394558697902,8
1798250,9.818846282249423,9
1798266,9.641386144333323,16
1798277,9.735810457936058,11
1798283,9.889044437350114,6
1798287,9.940706449867324,4
1798315,9.422602635516343,28
1798325,9.779481699559613,10
1798332,9.879469979523614,7
1798338,9.888713730885224,6
1798348,9.80984931270842,10
1798350,9.968645487336206,2
1798361,9.757011657780653,11
1798364,9.949976992085725,3
1798377,9.70385548157573,13
1798386,9.790016563634266,9
1798393,9.865992148510772,7
1798395,9.976961187994357,2
1798402,9.873964077638302,7
1798415,9.79590435986164,13
1798430,9.692388899201482,15
1798438,9.828124993263534,8
1798449,9.789424109218958,11
1798454,9.932634567010666,5
1798455,10.0,1
1798467,9.799631195483851,12
1798481,9.679489249859222,14
1798486,9.920888850355807,5
1798487,9.992142985129687,1
1798490,9.951990379061366,3
1798505,9.591348793575843,15
1798517,9.74816377366629,12
1798530,9.713464819436762,13
1798541,9.790784189803727,11
1798561,9.536802993269163,20
1798569,9.86933191311735,8
1798584,9.626495013346101,15
1798594,9.788837580341607,10
1798608,9.716878641534592,14
1798612,9.943930037982478,4
1798613,10.0,1
1798626,9.71995471338585,13
1798642,9.672597086345114,16
1798649,9.875128570407679,7
1798657,9.849730371239737,8
1798666,9.80227994196963,9
1798676,9.779401495302302,10
1798679,9.957411202201005,3
1798691,9.549300454638846,12
1798704,9.690519622292413,13
1798717,9.707014326013736,13
1798722,9.924692841023012,5
1798733,9.798891944783202,11
1798749,9.724046624243742,16
1798757,9.858168413906917,8
1798773,9.57210745362203,16
1798779,9.892325392519695,6
1798790,9.751490419894106,11
1798792,9.982147569430852,2
1798805,9.732010865848036,13
1798809,9.955367123574812,4
1798827,9.589469638750977,18
1798847,9.601697775788002,20
1798866,9.596055827014252,19
1798882,9.657220546291718,16
1798896,9.688218225185322,14
1798905,9.82595892588434,9
1798911,9.896434881747204,6
1798923,9.742216640106026,12
1798933,9.80696953561233,10
1798948,9.678324108910532,15
1798959,9.741904163274771,11
1798969,9.83013629778297,10
1798983,9.679519533110629,14
1798988,9.923749667320612,5
1799001,9.713587321527262,13
1799012,9.760120666348689,11
1799023,9.77286760777992,11
1799026,9.954352500626475,3
1799044,9.390282480522231,18
1799058,9.699092905983733,14
1799063,9.930120715103486,5
1799073,9.814074927099833,10
1799086,9.703108985491474,13
1799090,9.937268777834316,4
1799096,9.907424085205998,6
1799110,9.6734335180077,14
1799111,10.0,1
1799118,9.860280954174724,7
1799123,9.917060248837283,5
1799136,9.726964582505223,13
1799152,9.668333584452688,16
1799164,9.710006638348467,12
1799165,10.0,1
1799185,9.520670814077183,20
1799190,9.926426460980995,5
1799193,9.950758464914928,3
1799201,9.81658397690415,8
1799208,9.859412102074216,7
1799215,9.900417640855924,7
1799227,9.54163031677712,12
1799234,9.873283747849053,7
1799236,9.97933354195012,2
1799240,9.94628012811137,4
1799246,9.888947526350032,6
1799260,9.690884910905883,14
1799281,9.554159909664305,21
1799294,9.718003253477788,13
1799338,9.134841001934197,44
1799354,9.549010454785476,16
1799359,9.71199284005524,5
1799362,9.967670546105854,3
1799377,9.660020225695753,15
1799381,9.937048934385379,4
1799393,9.74982589558623,12
1799394,9.99329026509021,1
1799412,9.59456350078518,18
1799429,9.666435337270453,17
1799441,9.707770960375314,12
1799444,9.952573794684112,3
1799452,9.846153503683267,8
1799457,9.90568306294662,5
1799462,9.914531197201105,5
1799470,9.86319371505207,8
1799471,10.0,1
1799483,9.785584419896617,12
1799486,9.959947423150012,3
1799498,9.748952972460605,12
1799509,9.779054396963634,11
1799513,9.937862538352263,4
1799524,9.792255543185913,11
1799537,9.694052347057639,13
1799553,9.707876356930077,16
1799568,9.692120826442927,15
1799579,9.763896915615419,11
1799583,9.940746524563785,4
1799588,9.918762554016931,5
1799595,9.863750999508536,7
1799609,9.666297806382556,14
1799620,9.764864721038329,11
1799628,9.846828787818403,8
1799633,9.904358387039963,5
1799648,9.72690283701955,15
1799657,9.820922320646073,9
1799658,10.0,1
1799664,9.793395543335635,6
1799675,9.78408557204001,11
1799680,9.923706437357058,5
1799684,9.948126894413516,4
1799701,9.613088555379221,17
1799715,9.74264061119535,14
1799729,9.67967861493057,14
1799748,8.70914592407006,19
1799753,9.936999344576337,5
1799760,9.882754677126531,7
1799774,9.694679008409125,14
1799794,9.508207456186122,20
1799802,9.858058789469224,8
1799818,9.710098115622081,16
1799828,9.794065090558117,10
1799840,9.740855246654387,12
1799848,9.86391198405894,8
1799867,9.568610829642166,19
1799876,9.862417834404686,9
1799889,9.708184718580204,13
1799908,9.581733180115943,19
1799909,10.0,1
1799920,9.819468844696114,11
1799929,9.823916013681645,9
1799931,9.979013786376608,2
1799942,9.742170303772989,11
1799956,9.388735590552486,14
1799969,9.735007519119907,13
1799979,9.809331367406068,10
1800357,2.4770478317149465,378
1800365,9.847178161787905,8
1800370,9.930384109413898,5
1800373,9.961254659253605,3
1800385,9.625095806190178,12
1800398,9.730332113657795,13
1800399,9.988419569958468,1
1800400,10.0,1
1800404,9.945324625984444,4
1800409,9.916945214353934,5
1800415,9.91041072966182,6
1800428,9.69722911005254,13
1800436,9.85009288195096,8
1800448,9.739472192947462,12
1800449,10.0,1
1800459,9.789706429490183,10
1800467,9.840212955504963,8
1800479,9.759604464499997,12
1800491,9.73356749347632,12
1800492,10.0,1
1800505,9.691384289275309,13
1800518,9.730536684749062,13
1800528,9.768608037053438,10
1800534,9.895697690093622,6
1800542,9.836935281864289,8
1800544,9.983076801416352,2
1800553,9.803061572719042,9
1800565,9.74635688169589,12
1800574,9.82323499195811,9
1800588,9.67413524145431,14
1800589,9.996048216924278,1
1800608,9.642099704271429,19
1800624,9.606425064040621,16
1800631,9.864894320205742,7
1800645,9.422481480831287,14
1800649,9.934242810906392,4
1800667,9.611780243593934,18
1800675,9.852382502665858,8
1800683,9.83742990627725,8
1800695,9.730687066267652,12
1800697,9.984400521992498,2
1800701,9.932635515467608,4
1800712,9.785463347322981,11
1800730,9.636544507430358,18
1800740,9.789762941341309,10
1800755,9.70228000514939,15
1800767,9.769407804088196,12
1800789,9.515233774233277,22
1800790,10.0,1
1800791,9.996291528160299,1
1800804,9.707103756853584,13
1800813,9.808558325768619,9
1800814,10.0,1
1800822,9.869461585778343,8
1800834,9.763066102321137,12
1800845,9.75886243191334,11
1800857,9.74017798993282,12
1800858,10.0,1
1800860,9.977485429619591,2
1800871,9.819560727718077,11
1800878,9.903471729859746,7
1800879,10.0,1
1800882,9.953928500165066,3
1800883,9.988255334050496,1
1800893,9.812236048317763,10
1800903,9.823089099250387,10
1800919,9.629864320535814,16
1800920,10.0,1
1800935,9.680098309958941,15
1800950,9.68785443544771,15
1800962,9.546356977982908,12
1800975,9.710135401852494,13
1800987,9.753563198613275,12
1800997,9.795622768453699,10
1801007,9.836188538367887,10
1801012,9.914237389682313,5
1801022,9.786854694902377,10
1801028,9.909042368984982,6
1801040,9.775753633521973,12
1801049,9.813716413990234,9
1801054,9.911652938628029,5
1801065,9.777612198565857,11
1801078,9.701618911047236,13
1801079,10.0,1
1801080,10.0,1
1801092,9.767354060053293,12
1801093,10.0,1
1801094,10.0,1
1801095,10.0,1
1801103,9.845790597165617,8
1801115,9.741696385314048,12
1801130,9.634126245560205,15
1801131,10.0,1
1801136,9.918680504530384,5
1801145,9.848698444974818,9
1801152,9.877941419595833,7
1801157,9.921584026328029,5
1801182,9.456497755852102,25
1801188,9.88554000676505,6
1801204,9.660806941537457,16
1801217,9.70223696289157,13
1801231,9.748380335183967,14
1801235,9.927603992060567,4
1801244,9.844404664116604,9
1801255,9.774835726510025,11
1801266,9.805951572158897,11
1801268,9.975306564487829,2
1801308,9.227100338911283,40
1801313,9.926153839007208,5
1801316,9.961977486419201,3
1801326,9.784351251917347,10
1801340,9.630033502438662,14
1801345,9.899375027096236,5
1801347,9.973714590083212,2
1801352,9.924258136759454,5
1801353,10.0,1
1801357,9.943380158588116,4
1801359,9.973882368217168,2
1801373,9.684134475962539,14
1801374,10.0,1
1801380,9.899723110864645,6
1801386,9.899200398703,6
1801392,9.885511308999945,6
1801393,10.0,1
1801416,9.549274832401615,23
1801424,9.842511780120367,8
1801439,9.478171236624616,15
1801451,9.799225307021395,12
1801468,9.631157936376828,17
1801476,9.827537902691777,8
1801488,9.75042569906905,12
1801492,9.930352605501142,4
1801495,9.949149179851865,3
1801506,9.829294013494067,11
1801514,9.86673872412995,8
1801533,9.542738349491275,19
1801544,9.760473845898929,11
1801553,9.80292227023159,9
1801554,10.0,1
1801555,10.0,1
1801563,9.8264179363802,8
1801576,9.78300096720727,13
1801583,9.861115246020322,7
1801595,9.73910377830507,12
1801608,9.754494974962928,13
1801616,9.831369521605408,8
1801624,9.83672134516753,8
1801628,9.944384494502257,4
1801636,9.87223599000704,8
1801647,9.785349366268138,11
1801653,9.893943871818013,6
1801656,9.946238011293978,3
1801666,9.800207583177148,10
1801672,9.884623376558366,6
1801684,9.726962829364776,12
1801698,9.716418244869558,14
1801706,9.646260993972316,8
1801710,9.934329394462168,4
1801712,9.985893451907131,2
1801713,10.0,1
1801719,9.889110522747156,6
1801730,9.77501194437009,11
1801745,9.659773013119993,15
1801748,9.961276785844712,3
1801763,9.73739103746177,15
1801764,10.0,1
1801765,9.996878482516736,1
1801778,9.720420015201192,13
1801798,9.524486788332728,20
1801799,10.0,1
1801813,9.69602169246972,14
1801830,9.634677405681275,17
1801839,9.847609589861776,9
1801849,9.81804132891889,10
1801867,9.60868473588488,18
1801879,9.750356942803243,12
1801888,9.846947002688577,9
1801910,9.253031657950148,22
1801920,9.762690952087096,10
1801929,9.824060517055653,9
1801941,9.714908369853186,12
1801954,9.720930547031815,13
1801966,9.736156683847694,12
1801972,9.877940553192914,6
1801981,9.844763554628628,9
1801990,9.815036984593519,9
1801995,9.909337328395308,5
1801998,9.965934100182201,3
1802079,5.411098146386641,81
1802081,9.984216265843209,2
1802082,10.0,1
1802094,9.732668042595002,12
1802100,9.800106087069246,6
1802110,9.820116937921162,10
1802116,9.883790659974284,6
1802138,9.592613695997894,22
1802145,9.872908557057041,7
1802150,9.926136420391213,5
1802151,10.0,1
1802154,9.952268367823821,3
1802160,9.877614130327641,6
1802175,9.74598768575626,15
1802181,9.900162479292804,6
1802186,9.910536454285026,5
1802197,9.792435308993014,11
1802207,9.808923906881054,10
1802218,9.81441363986462,11
1802228,9.78069368592791,10
1802240,9.729099059423332,12
1802256,9.677601406848995,16
1802275,8.618418542794663,19
1802278,9.967973544026249,3
1802294,9.709804710034362,16
1802310,9.641577252926314,16
1802316,9.894455728714865,6
1802333,9.656590746241742,17
1802346,9.76554091370371,13
1802347,9.989806360240673,1
1802358,9.824283760044395,11
1802371,9.698890773607214,13
1802375,9.952078471525851,4
1802383,9.868016053276891,8
1802397,9.69584579403535,14
1802408,9.761472140523995,11
1802422,9.666688793196975,14
1802434,9.78509588616046,12
1802449,9.705952723078909,15
1802459,9.803660129158,10
1802463,9.946486167519987,4
1802467,9.930883671332076,4
1802481,9.709783584386475,14
1802496,9.69403244615121,15
1802507,9.74968328398043,11
1802518,9.745576757979592,11
1802520,9.977276275299593,2
1802525,9.937271449811197,5
1802526,9.988642590644607,1
1802536,9.771364264219176,10
1802549,9.723972907958855,13
1802550,10.0,1
1802551,10.0,1
1802554,9.958304066697215,3
1802555,10.0,1
1802568,9.714608062121114,13
1802572,9.939217839897399,4
1802578,9.881865563994687,6
1802599,9.545688854254875,21
1802600,10.0,1
1802608,9.851959353228182,8
1802612,9.94533293238348,4
1802618,9.889917623505076,6
1802630,9.781472123665665,12
1802638,9.871365627698973,8
1802653,9.693898700057272,15
1802660,9.86972784833843,7
1802661,10.0,1
1802669,9.83988046859357,8
1802675,9.898171771914045,6
1802686,9.754281918610179,11
1802696,9.780764548665237,10
1802717,9.571878204497061,21
1802729,9.764127252621744,12
1802740,9.781613935983847,11
1802744,9.949325504029709,4
1802758,9.722704743399888,14
1802764,9.906116417175758,6
1802767,9.964383726660936,3
1802770,9.95056357679445,3
1802784,9.698366707951767,14
1802800,9.44093728030598,16
1802806,9.910015649695529,6
1802815,9.800842575157585,9
1802817,9.985266244295202,2
1802818,10.0,1
1802821,9.949162451513395,3
1802822,9.99669284058697,1
1802839,9.632551395800824,17
1802850,9.7779423817312,11
1802856,9.90365825459415,6
1802872,9.737954041608422,16
1802873,10.0,1
1802874,10.0,1
1802882,9.855505932104254,8
1802898,9.690754313983922,16
1802901,9.963534603858733,3
1802908,9.877683634424823,7
1802927,9.605598039385766,19
1802941,9.681681590469761,14
1802943,9.968731455204699,2
1802948,9.91157049993346,5
1802956,9.877338645281638,8
1802962,9.910143576579227,6
1802971,9.844901711191225,9
1802985,9.708207885888264,14
1802987,9.971871115978077,2
1802993,9.878767844560315,6
1803004,9.686857854073377,11
1803014,9.794957186330066,10
1803030,9.592844822284924,16
1803045,9.644006878399583,15
1803056,9.765021976572255,11
1803079,9.524868959112734,23
1803099,9.482525620751213,20
1803112,9.735600326250514,13
1803119,9.87918466128242,7
1803123,9.94182501901878,4
1803128,9.909849763153696,5
1803139,9.809297690047897,11
1803140,10.0,1
1803152,9.74275233023457,12
1803153,10.0,1
1803159,9.906166403451522,6
1803168,9.799103027827469,9
1803171,9.954303859214791,3
1803174,9.963251256150121,3
1803179,9.92421932436291,5
1803188,9.830837268803238,9
1803204,9.685635753926073,16
1803212,9.83193931518022,8
1803217,9.909427161382592,5
1803231,9.708785256384997,14
1803239,9.843850988463492,8
1803243,9.934388257303178,4
1803251,9.857824827758119,8
1803268,9.583333273050902,17
1803275,9.867725975263033,7
1803283,9.850939274763398,8
1803284,9.992403562510804,1
1803309,9.378618180286969,25
1803321,9.753686751787097,12
1803335,9.666168193523516,14
1803342,9.884430870585874,7
1803347,9.917600486790239,5
1803354,9.86085262998354,7
1803370,9.671493990391655,16
1803385,9.632125980765402,15
1803386,10.0,1
1803396,9.784529564478241,10
1803404,9.84500000636268,8
1803410,9.900897143879972,6
1803423,9.708024378498807,13
1803428,9.925125048001577,5
1803439,9.783701379789578,11
1803453,9.668223493661644,14
1803467,9.692924215029933,14
1803473,9.877633935472495,6
1803486,9.71875916191416,13
1803497,9.751628318418778,11
1803498,10.0,1
1803505,9.875990106001089,7
1803514,9.827742502929356,9
1803522,9.8384208890576,8
1803528,9.913561588433678,6
1803536,9.844256369864803,8
1803551,9.648654079129745,15
1803562,9.800459096903621,11
1803572,9.770184705559528,10
1803584,9.541447023998245,12
1803598,9.679083782625392,14
1803625,9.497772273790938,27
1803642,9.620372534415786,17
1803652,9.795671179010027,10
1803669,9.603588977986952,17
1803684,9.627452226116253,15
1803697,9.710216243027656,13
1803705,9.813752188390705,8
1803718,9.708947869520378,13
1803719,10.0,1
1803720,10.0,1
1803724,9.949814764663872,4
1803735,9.764323919501308,11
1803747,9.77609539480354,12
1803774,9.449770779054653,27
1803781,9.887049680799263,7
1803791,9.383567158195762,10
1803799,9.83522690796327,8
1803811,9.780684653846546,12
1803823,9.753327644500072,12
1803829,9.905091801303236,6
1803845,9.654158641778567,16
1803851,9.878981038805701,6
1803867,9.6665957453715,16
1803880,9.746696078705774,13
1803896,9.628877333545525,16
1803897,10.0,1
1803913,9.517382500619066,16
1803918,9.898792789900602,5
1803929,9.792173338121733,11
1803934,9.921097042565899,5
1803943,9.808739073854113,9
1803946,9.963777888713125,3
1803955,9.81355646253064,9
1803966,9.76291147282799,11
1803979,9.683208624043406,13
1803984,9.935637361443348,5
1803997,9.697191162708119,13
1804004,9.885248845276696,7
1804010,9.883870812614488,6
1804015,9.928121116789645,5
1804027,9.796703249620265,12
1804032,9.924780241024786,5
1804035,9.961543048832613,3
1804047,9.747108452148463,12
1804061,9.706660772308908,14
1804071,9.797252713213863,10
1804079,9.24602842105936,8
1804093,9.693846202456436,14
1804105,9.773380106175713,12
1804117,9.755139159168301,12
1804135,9.412731898337816,18
1804142,9.881859334375987,7
1804154,9.781752576702353,12
1804167,9.73326441797463,13
1804179,9.787556760360523,12
1804192,9.699684560654791,13
1804205,9.72030874440043,13
1804211,9.894433822719543,6
1804216,9.922104586219685,5
1804223,9.868698763698152,7
1804226,9.95243069005624,3
1804240,9.69597729285223,14
1804244,9.952453572361899,4
1804263,9.632099054787476,19
1804274,9.786086101788387,11
1804290,9.684499094628626,16
1804297,9.867604942093843,7
1804312,9.648149436779654,15
1804331,9.582599942428455,19
1804339,9.845274187145796,8
1804340,10.0,1
1804347,9.881417435752512,7
1804357,9.84124400467801,10
1804373,9.659591008726576,16
1804380,9.907913203275287,7
1804382,9.977567549452196,2
1804388,9.883415924793555,6
1804391,9.951164737833128,3
1804403,9.791242487845595,12
1804406,9.969194408059485,3
1804410,9.95636986374712,4
1804413,9.963825426727594,3
1804419,9.917495894666697,6
1804424,9.931618979438701,5
1804434,9.79784832222319,10
1804446,9.767942124553262,12
1804455,9.841789888875732,9
1804460,9.924904046874198,5
1804461,10.0,1
1804467,9.90299046605185,6
1804477,9.820676580498997,10
1804486,9.819514013367277,9
1804493,9.875024008818993,7
1804500,9.85127122436565,7
1804507,9.867286896210532,7
1804517,9.838596178407151,10
1804530,9.71635029193883,13
1804543,9.697140755780163,13
1804552,9.828915986997282,9
1804556,9.947675983507972,4
1804557,10.0,1
1804562,9.921867976412416,5
1804571,9.831562207776527,9
1804590,9.555380533331261,19
1804603,9.75348954382632,13
1804621,9.613963335254251,18
1804636,9.644567914006947,15
1804640,9.941212136099109,4
1804641,10.0,1
1804652,9.767839085760858,11
1804665,9.745996861572628,13
1804681,9.631704736316767,16
1804684,9.95679723624635,3
1804700,9.633343892603305,16
1804704,9.924073444219268,4
1804713,9.838701833508473,9
1804728,9.680708663174604,15
1804737,9.84178845347891,9
1804746,9.803598334678007,9
1804755,9.813056420594316,9
1804766,9.743611686522462,11
1804781,9.668208292890546,15
1804792,9.768212149427068,11
1804801,9.817848739844326,9
1804804,9.953922506623243,3
1804816,9.736582114858507,12
1804833,9.671791069659703,17
1804834,10.0,1
1804847,9.726044168137213,13
1804851,9.930114719732302,4
1804859,9.84286310153595,8
1804860,10.0,1
1804861,10.0,1
1804873,9.760220683776318,12
1804882,9.840588888489018,9
1804894,9.76762370043884,12
1804918,9.542032869267539,24
1804933,9.57072359078838,15
1804935,9.983725756601418,2
1804939,9.941976281991511,4
1804964,9.228593018951553,25
1804965,10.0,1
1804977,9.720991104187602,12
1804986,9.822788535446394,9
1804987,10.0,1
1804993,9.885787861189192,6
1804994,10.0,1
1805008,9.687702766120687,14
1805018,9.780978407764442,10
1805027,9.81720435321601,9
1805040,9.775415126290879,13
1805051,9.774912681401425,11
1805057,9.882754194274076,6
1805066,9.804874390876114,9
1805067,10.0,1
1805075,9.838713416068282,8
1805085,9.792211138719827,10
1805104,9.581183167236743,19
1805121,9.586091714380776,17
1805129,9.84566188938213,8
1805142,9.713995214354254,13
1805143,10.0,1
1805147,9.948569776739083,4
1805158,9.74901865003244,11
1805167,9.829632127221565,9
1805176,9.830705836858433,9
1805187,9.770984727981945,11
1805196,9.821638204207984,9
1805205,9.835120708877856,9
1805213,9.858634961213715,8
1805224,9.756574178160188,11
1805228,9.93922609098492,4
1805241,9.724303176214724,13
1805249,9.84434856490619,8
1805258,9.847996294137968,9
1805275,9.61865033060367,17
1805279,9.9398281442899,4
1805291,9.771219601897444,12
1805303,9.731560852508682,12
1805311,9.823609095259748,8
1805319,9.832321308789993,8
1805337,9.635056925721441,18
1805349,9.720331858304249,12
1805352,9.953169063261607,3
1805364,9.755289976296641,12
1805369,9.920121706942027,5
1805380,9.772406185376614,11
1805391,9.776612476941661,11
1805400,9.833974824219379,9
1805409,9.858524532973908,9
1805410,10.0,1
1805424,9.696142686009862,14
1805425,10.0,1
1805443,9.623687137170764,18
1805450,9.858096244065582,7
1805462,9.725201942276923,12
1805468,9.89453318728418,6
1805481,9.731684459010939,13
1805491,9.793340619882477,10
1805503,9.753812378430952,12
1805509,9.887473642942647,6
1805518,9.821177752027012,9
1805525,9.875376251947458,7
1805541,9.664222511816615,16
1805548,9.865562284135512,7
1805566,9.6154653891577,18
1805581,9.492029946645735,15
1805595,9.663465028345428,14
1805616,9.63913528100013,21
1805633,9.59286485294252,17
1805638,9.93202553330735,5
1805640,9.976579955096698,2
1805654,9.755070706708674,14
1805666,9.740906003770515,12
1805681,9.642291695660104,15
1805692,9.77318994062359,11
1805699,9.868814999985887,7
1805700,9.988875989570884,1
1805707,9.867517768328456,7
1805728,9.505014237100259,21
1805736,9.82942314686575,8
1805740,9.938616063463128,4
1805741,10.0,1
1805742,9.993104150628465,1
1805751,9.836756112433035,9
1805764,9.740824895267444,13
1805773,9.819059898160122,9
1805788,9.727233711288958,15
1805794,9.910948706808451,6
1805807,9.667240984838978,13
1805817,9.820508244012421,10
1805828,9.751894275351368,11
1805829,10.0,1
1805841,9.74056553715967,12
1805844,9.953587957929432,3
1805856,9.750373311778583,12
1805862,9.890925575206106,6
1805865,9.963779364012463,3
1805867,9.984350889887423,2
1805875,9.839341965943582,8
1805887,9.735517062254024,12
1805896,9.813232904818571,9
1805910,9.368777709909025,14
1805924,9.725530552207646,14
1805934,9.778435328058533,10
1805938,9.928348302312,4
1806438,-11.87909096941971,500
1806456,9.603730323605676,18
1806476,9.28617752097544,20
1806488,9.74726472765161,12
1806497,9.798579129156016,9
1806509,9.045001407937468,12
1806519,9.78081331743347,10
1806527,9.851721673121176,8
1806531,9.937083958239713,4
1806547,9.638464584891345,16
1806557,9.785734548414665,10
1806574,9.629734209820727,17
1806588,9.695729980702351,14
1806589,10.0,1
1806590,9.987511360092007,1
1806591,10.0,1
1806596,9.913503940129194,5
1806600,9.931095752974471,4
1806612,9.765972654821072,12
1806627,9.661864066549398,15
1806628,10.0,1
1806637,9.837370788722833,9
1806647,9.809161766635604,10
1806660,9.737396450216302,13
1806673,9.700556824698138,13
1806687,9.723412108863478,14
1806688,10.0,1
1806695,9.873721060791855,7
1806707,9.761732016963725,12
1806718,9.757233121246886,11
1806730,9.722365590988627,12
1806740,9.791968962298363,10
1806749,9.82967791264144,9
1806760,9.770187996348618,11
1806761,10.0,1
1806769,9.857891768277554,8
1806774,9.928295301167964,5
1806784,9.814092411211726,10
1806785,10.0,1
1806786,10.0,1
1806793,9.886134131592721,7
1806809,9.607786191114588,16
1806820,9.739558228597874,11
1806827,9.890164484244657,7
1806842,9.713884586597544,15
1806851,9.825967175521821,9
1806863,9.716288047177082,12
1806868,9.941826363057466,5
1806874,9.896706605072648,6
1806884,9.778639722201707,10
1806891,9.875962289605688,7
1806905,9.723239973838007,14
1806911,9.890947349172905,6
1806918,9.867051484125923,7
1806919,10.0,1
1806931,9.774288089480192,12
1806936,9.930214824426404,5
1806939,9.959266831333563,3
1806948,9.824677776186812,9
1806956,9.852732031862569,8
1806971,9.645174240922382,15
1806985,9.398142095562923,14
1806992,9.860504617069639,7
1807000,9.865765788442106,8
1807007,9.873219443514413,7
1807012,9.931990514973558,5
1807023,9.746305057514537,11
1807039,9.582819059644342,16
1807046,9.863578894853978,7
1807052,9.881824303288559,6
1807069,9.647575821723503,17
1807078,9.821636509422097,9
1807079,10.0,1
1807084,9.928066771949084,5
1807085,10.0,1
1807101,9.646733031174005,16
1807114,9.767020391838784,13
1807120,9.899504492333623,6
1807145,9.233244968967048,25
1807155,9.77848674519069,10
1807163,9.867344013237272,8
1807174,9.769290110969328,11
1807178,9.955022919555788,4
1807186,9.862226790541712,8
1807187,10.0,1
1807200,9.772606474494973,13
1807209,9.810930719805963,9
1807228,9.643269391990565,19
1807234,9.902853931970878,6
1807250,9.248898085853094,16
1807257,9.874776936048935,7
1807259,9.97812689461534,2
1807267,9.866884194144118,8
1807280,9.689047182631668,13
1807283,9.950759455474017,3
1807291,9.82966391926516,8
1807301,9.794984176192447,10
1807307,9.893377715239657,6
1807319,9.733841785746424,12
1807324,9.907167708494036,5
1807340,9.598949094860592,16
1807363,9.505616800105084,23
1807368,9.908808168093378,5
1807371,9.955178593168315,3
1807378,9.888240189822188,7
1807388,9.78782787721161,10
1807394,9.895328621735242,6
1807397,9.966013145415522,3
1807406,9.804047887711572,9
1807411,9.917954848640226,5
1807425,9.750535636179288,14
1807435,9.799823105472809,10
1807444,9.826707138889178,9
1807467,9.491434622826478,23
1807480,9.719759189732539,13
1807488,9.840618639129755,8
1807500,9.733467915313849,12
1807510,9.812536011711371,10
1807519,9.8288797795108,9
1807529,9.782300818612073,10
1807546,9.671344111848663,17
1807554,9.848493144620177,8
1807560,9.898905993518163,6
1807582,9.620128319234315,22
1807584,9.968385060284179,2
1807596,9.78735655697817,12
1807605,9.833990056992214,9
1807615,9.817139424850648,10
1807631,9.61969299065125,16
1807637,9.90144909505376,6
1807649,9.722118607591554,12
1807656,9.864584065928518,7
1807674,9.561664143214347,18
1807675,10.0,1
1807685,9.789959309387946,10
1807693,9.879672766565369,8
1807695,9.980104276701182,2
1807696,10.0,1
1807709,9.72216419710712,13
1807723,9.676306956141262,14
1807729,9.897956343497967,6
1807740,9.727567493083644,11
1807750,9.792154484018944,10
1807751,10.0,1
1807768,9.585836637630944,17
1807769,9.988267929816143,1
1807780,9.79525215715783,11
1807785,9.913368460683794,5
1807792,9.902980504123907,7
1807802,9.771741719930336,10
1807815,9.75113440623293,13
1807821,9.924344126787288,6
1807829,9.859246253809918,8
1807851,9.452534787376996,22
1807874,9.50673193193396,23
1807887,9.72901834429967,13
1807900,9.72792237882421,13
1807914,9.730516303019783,14
1807923,9.826227885881302,9
1807931,9.860788666847744,8
1807940,9.852619362796394,9
1807941,10.0,1
1807960,9.57206858863947,19
1807966,9.89227863662882,6
1807972,9.915296199463057,6
1807986,9.663129519540167,14
1808001,9.660808498852173,15
1808011,9.808937371936164,10
1808018,9.849176800748735,7
1808029,9.748098587330105,11
1808033,9.941044969836767,4
1808038,9.89741096264232,5
1808059,9.589874565338656,21
1808072,9.718154285086113,13
1808079,9.855240134103504,7
1808093,9.731677217973305,14
1808102,9.802172863071602,9
1808110,9.868013302057559,8
1808111,10.0,1
1808122,9.76566633953244,11
1808128,9.89137094534244,6
1808136,9.849724277005317,8
1808147,9.778613979663291,11
1808160,9.684950744322691,13
1808163,9.953873735925564,3
1808173,9.77501751228249,10
1808189,9.626144106864876,16
1808207,9.651640367132474,18
1808214,9.883633236987686,7
1808215,10.0,1
1808224,9.820874995970359,9
1808235,9.756721931532123,11
1808238,9.954369241737703,3
1808239,10.0,1
1808248,9.792140525137519,9
1808252,9.929970134976882,4
1808253,10.0,1
1808263,9.810025784778455,10
1808269,9.906228216887046,6
1808278,9.828687453839336,9
1808283,9.926649577007238,5
1808291,9.845965232699514,8
1808292,10.0,1
1808302,9.778628782638297,10
1808311,9.816270406523874,9
1808317,9.914794637184645,6
1808332,9.633191251769373,15
1808338,9.90726827633402,6
1808339,10.0,1
1808340,10.0,1
1808360,9.644899425222503,20
1808370,9.810228712863719,10
1808384,9.74491427155542,14
1808389,9.902581068326825,5
1808404,9.651617028007689,15
1808413,9.820079114339208,9
1808421,9.851611640478184,8
1808429,9.839906317505832,8
1808443,9.68667215224282,14
1808454,9.776604794768614,11
1808466,9.755665022032284,12
1808477,9.772855828565822,11
1808485,9.82474598449026,8
1808496,9.766417923283841,11
1808504,9.859788849360044,8
1808513,9.818239025465132,9
1808525,9.721169996657224,12
1808533,9.88268464091502,8
1808534,10.0,1
1808549,9.672955533487665,15
1808558,9.844001420753319,9
1808563,9.912865676460429,5
1808574,9.73356198382567,11
1808575,10.0,1
1808585,9.77743315339641,10
1808597,9.78153786055754,12
1808607,9.806806585815272,10
1808620,9.727669235886777,13
1808622,9.98090178427381,2
1808634,9.725239524305216,12
1808649,9.66914256116378,15
1808659,9.834665794414581,10
1808673,9.690734972518966,14
1808686,9.732740621844389,13
1808692,9.874666524932413,6
1808697,9.915774437700861,5
1808708,9.786990150849274,11
1808714,9.890030991206704,6
1808715,10.0,1
1808728,9.69525734087389,13
1808733,9.924563529623299,5
1808744,9.753212539537978,11
1808765,9.476416990685596,21
1808774,9.804083680164476,9
1808775,10.0,1
1808777,9.985126634218215,2
1808793,9.700862421277991,16
1808801,9.833048324937469,8
1808809,9.844587401175703,8
1808822,9.6941282719462,13
1808839,9.626413025465,17
1808854,9.615542570952282,15
1808862,9.851588841766487,8
1808875,9.716786242825071,13
1808882,9.861857742117202,7
1808888,9.896238762104675,6
1808898,9.794681376334124,10
1808907,9.81747931822187,9
1808912,9.908442683886115,5
1808913,10.0,1
1808917,9.946277250536449,4
1808918,10.0,1
1808930,9.750483332714182,12
1808940,9.817256407023429,10
1808952,9.740253175939307,12
1808966,9.68488519935362,14
1808977,9.773669707227977,11
1808984,9.883647014556901,7
1809000,9.673507256215963,16
1809018,9.646980020996704,18
1809019,10.0,1
1809025,9.87031707010349,6
1809032,9.856579425460573,7
1809047,9.671138941309794,15
1809057,9.82003828954737,10
1809072,9.660143199146674,15
1809076,9.941059702893122,4
1809079,9.958148584322382,3
1809089,9.799363615675814,10
1809106,9.608976031902047,17
1809110,9.94054954559321,4
1809120,9.799314053368676,10
1809121,10.0,1
1809139,9.58694231843898,18
1809143,9.948727001024226,4
1809153,9.79531151825804,10
1809168,9.692432059620433,15
1809176,9.83982364769402,8
1809187,9.767938046483298,11
1809197,9.683837673488899,10
1809200,9.969560783877032,3
1809211,9.766034416177607,11
1809220,9.812702890202065,9
1809234,9.669296053553076,14
1809245,9.771169895213676,11
1809267,9.525442828055198,22
1809282,9.684721211808517,15
1809292,9.765088235619416,10
1809296,9.949381557434725,4
1809304,9.852637317745506,8
1809372,8.877260049683814,68
1809388,9.643832919692784,16
1809400,9.797132089834754,12
1809412,9.724916957853765,12
1809428,9.639664476094104,16
1809441,9.330024099651633,13
1809451,9.816995532404123,10
1809459,9.841204455975697,8
1809471,9.681667443826294,12
1809482,9.7646736896909,11
1809488,9.905752791136663,6
1809489,10.0,1
1809500,9.802039582665929,11
1809512,9.722785228132917,12
1809518,9.877027121920486,6
1809527,9.821677015163553,9
1809540,9.738672424094679,13
1809542,9.978492330787887,2
1809555,9.757208398906073,13
1809562,9.873667452042612,7
1809570,9.850473430941692,8
1809585,9.70096032335297,15
1809597,9.756924320148048,12
1809607,9.798550952090462,10
1809614,9.88921103464333,7
1809617,9.95811635401748,3
1809618,10.0,1
1809619,10.0,1
1809625,9.901785057355989,6
1809629,9.946066179863568,4
1809635,9.880245864874245,6
1809655,9.513230567008437,20
1809666,9.780425392277468,11
1809702,9.225263607190355,36
1809706,9.93919430266745,4
1809721,9.706911756157032,15
1809729,9.855117718724001,8
1809742,9.725100096402265,13
1809752,9.800078496257969,10
1809762,9.773104178186639,10
1809784,9.605357970419394,22
1809790,9.901112450814875,6
1809801,9.750916087388214,11
1809802,10.0,1
1809815,9.702009797828852,13
1809824,9.797846546630856,9
1809838,9.69314914366592,14
1809846,9.840306601404711,8
1809850,9.937806658007572,4
1809861,9.757396493909775,11
1809863,9.969959828434758,2
1809874,9.760650865271323,11
1809887,9.72246766695294,13
1809897,9.782417152624834,10
1809899,9.98046473256967,2
1809907,9.82774578900933,8
1809919,9.724144955197291,12
1809928,9.799522627626935,9
1809933,9.91778229591038,5
1809939,9.893631418055989,6
1809951,9.723099165203259,12
1809961,9.790626573357168,10
1809962,10.0,1
1809967,9.929896940078315,5
1809980,9.688278795152408,13
1809985,9.921556857129591,5
1809996,9.773688012840047,11
1809997,10.0,1
1810003,9.883864751557493,6
1810011,9.841788246690049,8
1810022,9.765746723034438,11
1810037,9.6161389543705,15
1810049,9.480449246819267,12
1810079,9.379055917269744,30
1810087,9.832433633134183,8
1810096,9.824481336677048,9
1810103,9.88941355118949,7
1810113,9.800656823444491,10
1810116,9.956068852965753,3
1810126,9.789254653220153,10
1810142,9.711501331332224,16
1810166,9.517700924150146,24
1810174,9.895223230161859,8
1810175,10.0,1
1810199,9.497771167251008,24
1810206,9.861608408167719,7
1810210,9.93602490232717,4
1810218,9.84548661979326,8
1810223,9.916968645012043,5
1810226,9.961049198235305,3
1810232,9.887549295851494,6
1810238,9.900220468185504,6
1810247,9.81184144264686,9
1810260,9.69443441567573,13
1810277,9.65508079723409,17
1810279,9.983175649338486,2
1810290,9.761658625459855,11
1810295,9.918298356105327,5
1810303,9.870058089227966,8
1810309,9.87576923206463,6
1810321,9.734826168505542,12
1810325,9.948412387676683,4
1810334,9.80814659617487,9
1810343,9.79038045941829,9
1810350,9.875224792963078,7
1810366,9.660952983452344,16
1810367,9.996353018755023,1
1810368,10.0,1
1810372,9.945795229375946,4
1810374,9.981865001164001,2
1810376,9.981822402683031,2
1810392,9.671792796908004,16
1810406,9.730600993777877,14
1810407,10.0,1
1810423,9.658508048770566,16
1810438,9.654886621376704,15
1810444,9.892445816254181,6
1810450,9.896339059648469,6
1810457,9.89779659530111,7
1810478,9.523060724506207,21
1810485,9.865877873117675,7
1810498,9.743094223569493,13
1810510,9.788262357880102,12
1810521,9.774777607915775,11
1810531,9.779635606320342,10
1810536,9.923553818859407,5
1810537,10.0,1
1810542,9.91531780933806,5
1810545,9.962632066250775,3
1810569,9.160987953080362,24
1810571,9.97771207483175,2
1810579,9.857630634147428,8
1810585,9.907006208361395,6
1810598,9.71819913180966,13
1810606,9.824052330793359,8
1810612,9.894060522132394,6
1810617,9.907157873831357,5
1810621,9.934150611442748,4
1810632,9.764151514398668,11
1810641,9.816912093941719,9
1810648,9.846714666968571,7
1810656,9.858068002205824,8
1810670,9.687945906684929,14
1810682,9.736684854962064,12
1810696,9.695551908806268,14
1810700,9.92656141582632,4
1810704,9.929462402280006,4
1810719,9.653989815935383,15
1810728,9.832861191423701,9
1810744,9.674786708090835,16
1810750,9.878742462488866,6
1810754,9.93768156859706,4
1810762,9.872854585527119,8
1810771,9.804974929145505,9
1810781,9.795299832773415,10
1810795,9.65909533327322,14
1810800,9.923533833856668,5
1810812,9.776634685866961,12
1810825,9.701441314371682,13
1810839,9.737071559408982,14
1810840,10.0,1
1810847,9.855387671157043,7
1810850,9.951988439206811,3
1810862,9.753423258603005,12
1810874,9.743447185410584,12
1810875,10.0,1
1810889,9.680012876939164,14
1810900,9.78155139232263,11
1810908,9.839081717741701,8
1810918,9.77862132090895,10
1810933,9.655341832470498,15
1810950,9.597916352189145,17
1810965,9.642590013585336,15
1810966,10.0,1
1810975,9.847421990110385,9
1810984,9.812702696569987,9
1810989,9.94274537239411,5
1811004,9.653320910601828,15
1811006,9.976328957797756,2
1811009,9.964898308767438,3
1811011,9.986777296649272,2
1811023,9.79833428465515,12
1811040,9.601706641275923,17
1811056,9.668853581101494,16
1811072,9.676785068629917,16
1811083,9.182669377156936,11
1811084,10.0,1
1811097,9.70188634617214,13
1811102,9.921114140696123,5
1811109,9.874570879780544,7
1811118,9.81615802964509,9
1811124,9.889211519069827,6
1811132,9.844482799538426,8
1811137,9.912019409618338,5
1811143,9.898764165542397,6
1811154,9.78632116912097,11
1811164,9.772679734497217,10
1811174,9.788714198160735,10
1811175,9.989471701607616,1
1811184,9.837625900671902,9
1811193,9.869052440094071,9
1811196,9.952874756582101,3
1811201,9.919054669272354,5
1811207,9.913776927609359,6
1811222,9.215563347140069,15
1811242,9.509388653722608,20
1811253,9.768592879698364,11
1811265,9.734990163917717,12
1811272,9.856944320459469,7
1811287,9.660167111570079,15
1811293,9.894087564943693,6
1811304,9.781734872473274,11
1811309,9.921348855957222,5
1811318,9.847686247530683,9
1811339,8.664371094040643,21
1811346,9.859474442404208,7
1811352,9.884726059903615,6
1811361,9.874797848402709,9
1811375,9.683791016829618,14
1811386,9.74724448500797,11
1811394,9.844362134507922,8
1811397,9.95053896074167,3
1811417,9.540171324376681,20
1811433,9.052495388064244,16
1811440,9.884296041451057,7
1811461,9.070667579592408,21
1811473,9.745410204111726,12
1811484,9.809253892560298,11
1811487,9.96753900281879,3
1811501,9.710230609192953,14
1811516,9.721736917630013,15
1811520,9.9357132478765,4
1811538,9.547947874606038,18
1811545,9.863604912309638,7
1811551,9.89829042512262,6
1811560,9.727649653432625,9
1811605,-3.973532431767824,45
1811613,9.829477344074988,8
1811614,10.0,1
1811633,9.530175119057574,19
1811642,9.829919174087436,9
1811648,9.89592315317938,6
1811653,9.906533829439407,5
1811660,9.87509233830102,7
1811665,9.92952450350561,5
1811666,10.0,1
1811668,9.978083604749703,2
1811675,9.857925772643616,7
1811683,9.863823429967237,8
1811684,10.0,1
1811699,9.656872610105621,15
1811702,9.958348893691014,3
1811716,9.699917272540466,14
1811732,9.648429811705109,16
1811740,9.81194958859904,8
1811749,9.818901032913653,9
1811760,9.613494639039944,11
1811777,9.64142026377291,17
1811795,9.60462375458334,18
1811805,9.771506735865572,10
1811806,9.99283998557894,1
1811809,9.946609271495792,3
1811819,9.821687909318669,10
1811827,9.852749799101456,8
1811837,9.800243531560653,10
1811843,9.903036029983834,6
1811872,9.254030670878631,29
1811893,9.498790227792986,21
1811899,9.89803576481153,6
1811909,9.804120505765281,10
1811921,9.761937533224492,12
1811928,9.853199858647995,7
1811938,9.802994516477346,10
1811947,9.82359825375067,9
1811960,9.731469934517028,13
1811966,9.886947763609237,6
1811971,9.911592578254977,5
1811996,9.454772623234811,25
1812003,9.847869521413505,7
1812016,9.710209128562116,13
1812030,9.699588091135306,14
1812039,9.795529456610517,9
1812049,9.122293033280934,10
1812052,9.958614703757064,3
1812066,9.74170793473019,14
1812073,9.865237782534875,7
1812081,9.833650770133094,8
1812099,9.610034106792947,18
1812110,9.751423115357298,11
1812128,9.620975839355097,18
1812139,9.758487166081348,11
1812150,9.796824268888152,11
1812167,9.354685213965718,17
1812168,10.0,1
1812175,9.873664193462556,7
1812176,10.0,1
1812181,9.930508178112463,5
1812196,9.718279535409064,15
1812198,9.981815908540097,2
1812206,9.87275286378744,8
1812215,9.830700299292884,9
1812220,9.93488634859181,5
1812238,9.659808368672543,18
1812251,9.702427311385106,13
1812254,9.95654955320208,3
1812267,9.782104185616756,13
1812276,9.869387089230585,9
1812283,9.868304950306472,7
1812291,9.842592538965995,8
1812306,9.643580809314475,15
1812310,9.92472097597335,4
1812325,9.6671551254438,15
1812326,10.0,1
1812333,9.864565039864875,7
1812343,9.780515445325545,10
1812353,9.814382251395735,10
1812354,10.0,1
1812362,9.86633705584447,8
1812369,9.86442199339226,7
1812375,9.882851335723464,6
1812390,9.673498774344209,15
1812393,9.95480109921922,3
1812404,9.787633524898515,11
1812490,8.545971072111797,86
1812496,9.89570520077488,6
1812506,9.777272408161211,10
1812516,9.794923638595987,10
1812517,10.0,1
1812532,9.651745427959625,15
1812535,9.963489640864088,3
1812536,9.988007630083269,1
1812548,9.732048938557055,12
1812557,9.818228612127784,9
1812562,9.90646318544265,5
1812580,9.616434432066102,18
1812585,9.91293530458269,5
1812596,9.772052711515594,11
1812609,9.71973707252177,13
1812612,9.953161497987585,3
1812628,9.631856411198477,16
1812643,9.6958340269619,15
1812676,9.465551105070418,33
1812680,9.932529820842278,4
1812692,9.737205231867536,12
1812711,9.71255324480499,19
1812718,9.867773339466602,7
1812729,9.758249197321003,11
1812738,9.838449969644131,9
1812754,9.657395728649877,16
1812759,9.907619908942475,5
1812762,9.957586848034847,3
1812778,9.646135423375922,16
1812791,9.689924853864177,13
1812804,9.706006340891449,13
1812818,9.737651025022052,14
1812832,9.699895178820537,14
1812846,9.673372666804992,14
1812859,9.762237697854166,13
1812867,9.862624737754482,8
1812874,9.875143112761837,7
1812888,9.669518421260968,14
1812895,9.89172193250691,7
1812901,9.911577595166728,6
1812907,9.899150873946807,6
1812923,9.647511870914327,16
1812927,9.935748947344466,4
1812928,10.0,1
1812935,9.871957252330002,7
1812950,9.713201593473668,15
1812951,10.0,1
1812952,10.0,1
1812963,9.758226627325763,11
1812972,9.794950314297198,9
1812976,9.74771892926035,4
1812985,9.807260829082644,9
1812986,9.986790570410252,1
1813007,9.543804367286553,21
1813008,10.0,1
1813018,9.769890996856759,10
1813024,9.883055018686798,6
1813035,9.783067975086372,11
1813036,10.0,1
1813040,9.941858146682835,4
1813047,9.86630655902251,7
1813063,9.609635114939525,16
1813064,10.0,1
1813081,9.60744529107421,17
1813095,9.689959005721214,14
1813114,9.511810353710093,19
1813126,9.73312211002839,12
1813144,9.607751567340168,18
1813147,9.95677133252147,3
1813151,9.925611034102147,4
1813158,9.873296596511837,7
1813159,10.0,1
1813175,9.664009781720447,16
1813185,9.816147520848844,10
1813188,9.954856121232082,3
1813195,9.865023365013549,7
1813200,9.934378295925796,5
1813201,10.0,1
1813202,9.996632124352331,1
1813218,9.701230129575247,16
1813229,9.757864903979911,11
1813240,9.780989207242742,11
1813253,9.717696213084464,13
1813257,9.935178162463805,4
1813273,9.638290648463755,16
1813286,9.23886635462825,13
1813295,9.811880813599503,9
1813303,9.859959481945477,8
1813313,9.789306160992778,10
1813314,9.992667028526666,1
1813326,9.743072293299324,12
1813333,9.854365854182788,7
1813340,9.882324566422241,7
1813344,9.947115842363285,4
1813356,9.722499986749561,12
1813363,9.860259808668077,7
1813371,9.85242746610885,8
1813372,10.0,1
1813383,9.773447487678679,11
1813388,9.914908924954517,5
1813402,9.497012446011002,14
1813417,9.64836298185603,15
1813430,9.73603337627933,13
1813435,9.912639717957843,5
1813445,9.79142141212383,10
1813452,9.866483433922836,7
1813476,9.448312647771852,24
1813488,9.7566307536835,12
1813497,9.830792682548664,9
1813507,9.794462661881592,10
1813521,9.695403527264974,14
1813522,10.0,1
1813533,9.771567658935451,11
1813541,9.840413577377882,8
1813557,9.671248832426244,16
1813564,9.877919034878035,7
1813570,9.907338666144875,6
1813578,9.84316166894985,8
1813590,9.775833906393899,12
1813595,9.912077954788623,5
1813612,9.292981261310878,17
1813613,10.0,1
1813614,10.0,1
1813625,9.771418670246414,11
1813641,9.680846054702831,16
1813642,10.0,1
1813643,10.0,1
1813660,9.613530019703623,17
1813661,10.0,1
1813671,9.788680534276395,10
1813679,9.828329182378962,8
1813685,9.875956197777674,6
1813697,9.73226675280744,12
1813712,9.699771757306229,15
1813720,9.84367257629574,8
1813721,10.0,1
1813728,9.877010120286318,7
1813740,9.723188657973001,12
1813749,9.83891337210861,9
1813762,9.731100420657201,13
1813776,9.695162878545394,14
1813783,9.870095657311236,7
1813784,10.0,1
1813788,9.939342061040346,4
1813803,9.7290578444679,15
1813821,9.625242210380051,18
1813831,9.799685836368877,10
1813841,9.792785957912029,10
1813856,9.659694557238018,15
1813866,9.813329613445854,10
1813867,9.987066313729981,1
1813889,9.334888511932572,22
1813896,9.875655158478741,7
1813906,9.79821626920145,10
1813917,9.770606992366766,11
1813928,9.759761897094304,11
1813929,10.0,1
1813948,9.649718477027191,19
1813956,9.833447557767046,8
1813962,9.901830863588827,6
1813971,9.814841147578438,9
1813978,9.86912078748231,7
1813988,9.806580680426816,10
1814004,9.665975633365607,16
1814005,10.0,1
1814008,9.969381699023094,3
1814015,9.876837568163847,7
1814024,9.801764658504336,9
1814034,9.780283553426807,10
1814037,9.96376326647397,3
1814044,9.885849508972747,7
1814055,9.777480441032338,11
1814065,9.778208023504131,10
1814077,9.720638337956615,12
1814087,9.83855408009265,10
1814095,9.83175588544523,8
1814110,9.69507972093961,15
1814121,9.79746151034689,11
1814122,10.0,1
1814132,9.816864232602995,10
1814143,9.78910495869041,11
1814155,9.759749869134977,12
1814170,9.77007695714725,15
1814183,9.7097540825527,13
1814194,9.790438107242482,11
1814195,10.0,1
1814205,9.768947337744047,10
1814215,9.812755398899116,10
1814217,9.972306731619428,2
1814234,9.615534354573391,17
1814246,9.779828291784822,12
1814273,9.435236542847987,27
1814277,9.937872329736427,4
1814289,9.753400431513965,12
1814294,9.927412114010702,5
1814305,9.761104957089696,11
1814308,9.956317492495513,3
1814317,9.80769172648566,9
1814322,9.92931469815512,5
1814340,9.59947792864494,18
1814352,9.730958653390143,12
1814384,8.700392346626238,32
1814391,9.854277624640382,7
1814401,9.816498987713866,10
1814409,9.860175534968322,8
1814414,9.922889620398317,5
1814423,9.823634833628946,9
1814430,9.877068943113803,7
1814437,9.884440666454553,7
1814440,9.954372014562283,3
1814448,9.88106082275349,8
1814457,9.830977327607853,9
1814465,9.834487386289698,8
1814479,9.701378859189688,14
1814490,9.780306172955271,11
1814502,9.724004123456636,12
1814508,9.88141888719424,6
1814516,9.828953498659557,8
1814528,9.752517753543188,12
1814529,10.0,1
1814538,9.828406039610128,9
1814547,9.795815772965016,9
1814548,9.988066863641546,1
1814560,9.756091148698841,12
1814572,9.729816376191984,12
1814573,10.0,1
1814581,9.849943842173412,8
1814595,9.712642128491835,14
1814604,9.62053850421729,9
1814605,10.0,1
1814619,9.715215011081371,14
1814624,9.919232291502851,5
1814633,9.851157075439636,9
1814646,9.764307724337485,13
1814655,9.87121839978365,9
1814662,9.89476204379412,7
1814669,9.881041618431883,7
1814683,9.745301088333363,14
1814694,9.80487457729217,11
1814712,9.596143164156906,18
1814723,9.812280267998666,11
1814759,9.255546008740438,36
1814767,9.861140475126415,8
1814775,9.881546279018002,8
1814788,9.714118928085965,13
1814799,9.799854546723726,11
1814813,9.515818276906373,14
1814828,9.660132377502345,15
1814847,9.5566979379574,19
1814855,9.871364998038484,8
1814864,9.837030456006765,9
1814866,9.976056960819603,2
1814872,9.896059572170152,6
1814890,9.61363077737828,18
1814902,9.78608985870298,12
1814903,10.0,1
1814907,9.933600697770194,4
1814918,9.74972452097621,11
1814927,9.826734783367009,9
1814946,9.560717974275564,19
1814960,9.70187965146142,14
1814964,9.933046847106244,4
1814965,9.992258668554477,1
1814966,9.996722500932796,1
1814977,9.78347980187206,11
1814998,9.598165738669627,21
1815002,9.937010229944786,4
1815014,9.747396946106191,12
1815019,9.922103966259334,5
1815027,9.737606513641941,8
1815029,9.978682305254294,2
1815037,9.857258109279886,8
1815048,9.816104661832906,11
1815060,9.71449021318334,12
1815070,9.800791701925043,10
1815073,9.951936586904187,3
1815110,9.22921832128594,37
1815111,10.0,1
1815124,9.724368431932445,13
1815125,10.0,1
1815143,9.580523568588758,18
1815156,9.728323196750043,13
1815167,9.82160367425719,11
1815174,9.85885640592955,7
1815186,9.759672558565997,12
1815201,9.662619414178053,15
1815207,9.89798273031451,6
1815213,9.887483215012757,6
1815224,9.786495204395326,11
1815225,10.0,1
1815235,9.799332222394577,10
1815244,9.812461653852099,9
1815248,9.927274956579657,4
1815251,9.962697059494205,3
1815260,9.81316145467146,9
1815272,9.728006666658057,12
1815284,9.764287096991147,12
1815295,9.756689881072491,11
1815305,9.795584962110574,10
1815316,9.725256992914513,11
1815327,9.743870280614734,11
1815331,9.947455893200667,4
1815343,9.706590263620862,12
1815350,9.869489775708622,7
1815362,9.718383413476472,12
1815370,9.87403272075109,8
1815382,9.743578942152133,12
1815383,10.0,1
1815397,9.709009861163809,14
1815404,9.863200403453133,7
1815405,9.996345134400988,1
1815426,9.543987050612326,21
1815430,9.92261742696502,4
1815454,9.225827842080218,24
1815462,9.830311956402726,8
1815475,9.740705581290525,13
1815486,9.812903134184968,11
1815495,9.848927969722308,9
1815506,9.773901126829841,11
1815519,9.724706459668827,13
1815533,9.692461111848658,14
1815534,10.0,1
1815548,9.673475039017223,14
1815563,9.65367433161656,15
1815580,9.648600962845853,17
1815592,9.758729373440353,12
1815595,9.954775278803398,3
1815607,9.731031116262269,12
1815608,9.993228250558365,1
1815626,9.628201289868015,18
1815635,9.818512271135587,9
1815643,9.841316195748213,8
1815649,9.890925694352921,6
1815656,9.880199479889097,7
1815660,9.950085124027074,4
1815670,9.794860909448705,10
1815681,9.769177696969658,11
1815687,9.885473485308635,6
1815701,9.67521918522436,14
1815710,9.850829082390524,9
1815714,9.937815951662488,4
1815724,9.79684130158551,10
1815730,9.88829937398511,6
1815738,9.833941806414794,8
1815744,9.907221469518793,6
1815760,9.631899149722162,16
1815772,9.729106931231739,12
1815781,9.814756003038964,9
1815783,9.98358963918122,2
1815788,9.91289930901214,5
1815799,9.801668493645836,11
1815810,9.773595131643422,11
1815819,9.835037686277126,9
1815824,9.907701760470093,5
1815835,9.764142459303718,11
1815845,9.84026612750873,10
1815853,9.864873520553811,8
1815862,9.846991721413257,9
1815863,9.988392665510878,1
1815878,9.678351958709921,15
1815891,9.726179744999769,13
1815902,9.739348241739682,11
1815976,8.611690516282136,74
1815983,9.868398526872301,7
1815990,9.882667587120272,7
1816004,9.691606706052811,14
1816034,9.41771441566351,30
1816042,9.82978622101564,8
1816054,9.740914622338423,12
1816068,9.707363153741296,14
1816079,9.80987176486915,11
1816088,9.849215427408318,9
1816092,9.931555083664879,4
1816101,9.82263988694059,9
1816130,9.406047699990577,29
1816138,9.82893975839142,8
1816147,9.755475850999842,9
1816152,9.931960071526566,5
1816154,9.96977763457271,2
1816155,10.0,1
1816156,10.0,1
1816166,9.70002591338075,10
1816167,10.0,1
1816179,9.748109254395573,12
1816186,9.88072657710363,7
1816199,9.738665712185062,13
1816206,9.857282511041571,7
1816209,9.9534112534417,3
1816221,9.763056689843598,12
1816222,9.986675039663487,1
1816237,9.655704761761573,15
1816238,10.0,1
1816241,9.956960758391464,3
1816246,9.914528996572242,5
1816260,9.721510479568739,14
1816269,9.790847384975411,9
1816282,9.717933098793557,13
1816292,9.788075431416678,10
1816299,9.861620893746196,7
1816314,9.660212762742193,15
1816325,9.667809401391226,11
1816337,9.728727047307613,12
1816346,9.800544873721623,9
1816353,9.868113074861265,7
1816354,10.0,1
1816367,9.73749965650727,13
1816372,9.925656184348584,5
1816388,9.643628192936072,16
1816389,10.0,1
1816393,9.943724922417235,4
1816396,9.968175965400631,3
1816399,9.95761623728271,3
1816414,9.696652453116979,15
1816428,9.791304623237059,14
1816429,9.986517441360611,1
1816431,9.9735594769728,2
1816435,9.949857597553597,4
1816443,9.834435869786937,8
1816456,9.753792635969658,13
1816466,9.799926832707095,10
1816476,9.81730869010609,10
1816487,9.672485915083467,11
1816503,9.675550553880987,16
1816515,9.758328834165766,12
1816520,9.923083625998304,5
1816547,9.500339796801855,27
1816558,9.773866176916707,11
1816575,9.668401390926352,17
1816617,8.001887727784297,42
1816626,9.822209714937426,9
1816641,9.721019142598935,15
1816647,9.8812951998809,6
1816654,9.88809935181485,7
1816662,9.842676255428623,8
1816666,9.945295097672059,4
1816669,9.953777781362447,3
1816670,10.0,1
1816686,9.688056715004159,16
1816693,9.882945461663594,7
1816701,9.82615112306757,8
1816703,9.975674866685345,2
1816704,10.0,1
1816709,9.919614254460074,5
1816752,9.18176329153949,43
1816760,9.862499885534142,8
1816761,10.0,1
1816767,9.897648101663473,6
1816779,9.768083260415805,12
1816785,9.883762526216945,6
1816794,9.824816418058541,9
1816803,9.814781021052166,9
1816810,9.884780243408995,7
1816823,9.70261353389652,13
1816830,9.893251418544743,7
1816841,9.79990110940859,11
1816846,9.915575152767378,5
1816851,9.918653343253194,5
1816863,9.735836625219106,12
1816873,9.829341662624286,10
1816883,9.807603156994503,10
1816886,9.955704448302123,3
1816895,9.846534879685558,9
1816899,9.957175336092893,4
1816912,9.76206924715948,13
1816920,9.857670639441292,8
1816930,9.839677639484572,10
1816942,9.710974714467797,12
1816955,9.400299087573533,13
1816970,9.694216183538682,15
1816981,9.775522288801769,11
1816982,10.0,1
1816993,9.782694613135263,11
1817008,9.681580250048583,15
1817009,10.0,1
1817015,9.901797309377864,6
1817016,10.0,1
1817022,9.884781334813564,6
1817028,9.872268335301568,6
1817035,9.87731772221923,7
1817038,9.95541599763999,3
1817054,9.64426629978106,16
1817060,9.895496694904187,6
1817068,9.829148843399166,8
1817077,9.814057177969927,9
1817078,10.0,1
1817088,9.81454494291409,10
1817102,9.676289696017339,14
1817104,9.982507131697403,2
1817110,9.891284243852732,6
1817125,9.64773591941628,15
1817141,9.612215905281376,16
1817149,9.836139411144798,8
1817156,9.89845811355182,7
1817168,9.730703466174326,12
1817177,9.81976603043902,9
1817184,9.884678314298073,7
1817187,9.972405408901775,3
1817197,9.799959787102122,10
1817209,9.711928149788063,12
1817221,9.763173362127674,12
1817231,9.802805521262755,10
1817235,9.92588421118447,4
1817236,10.0,1
1817247,9.787676883011434,11
1817248,10.0,1
1817249,10.0,1
1817251,9.985665520145119,2
1817255,9.940056991325799,4
1817256,10.0,1
1817261,9.910272871449097,5
1817499,5.219159076759431,238
1817509,9.779083132452891,10
1817518,9.803247761293328,9
1817525,9.89450756733919,7
1817536,9.762645031048779,11
1817553,9.638785585607314,17
1817567,9.669794561373093,14
1817576,9.80008638753143,9
1817578,9.977597984760438,2
1817582,9.92483489464475,4
1817598,9.644796185378759,16
1817615,9.666907531904304,17
1817619,9.942198837011242,4
1817635,9.627614821962903,16
1817645,9.794625984451702,10
1817652,9.881446521939536,7
1817662,9.806458044200566,10
1817666,9.949934028136152,4
1817678,9.770532832761944,12
1817681,9.958866115377877,3
1817694,9.735815047067351,13
1817709,9.672829333344788,15
1817722,9.7136314168173,13
1817740,9.5666409527615,18
1817745,9.935143381524451,5
1817753,9.859815876769161,8
1817767,9.693224668291785,14
1817772,9.937146542525433,5
1817785,9.730954774832355,13
1817788,9.963818257120316,3
1817807,9.576980251348486,19
1817816,9.822444276179501,9
1817829,9.709134707791915,13
1817831,9.979293791796696,2
1817834,9.953285718973179,3
1817848,9.74716856408741,14
1817859,9.801191253703516,11
1817868,9.87182868943631,9
1817876,9.87883879260308,8
1817880,9.950575453756167,4
1817881,9.992376506449938,1
1817894,9.713237003574166,13
1817903,9.800923573065827,9
1817910,9.870658855441295,7
1817911,9.989114227107944,1
1817922,9.748129278402905,11
1817929,9.869320366056046,7
1817938,9.806694973088927,9
1817945,9.868692801931049,7
1817948,9.95536505446355,3
1817953,9.918958055318377,5
1817957,9.925056005849171,4
1817968,9.792898320929181,11
1817979,9.76917335227178,11
1817996,9.684872770816597,17
1818004,9.867336729233605,8
1818014,9.79608695344206,10
1818030,9.668370561174587,16
1818048,9.576689600927374,18
1818055,9.87768431135073,7
1818071,9.353165215196626,16
1818072,10.0,1
1818074,9.979199368472157,2
1818116,9.161602365852817,42
1818123,9.876759273118605,7
1818124,10.0,1
1818134,9.80671042707202,10
1818136,9.98540155215588,2
1818149,9.703257128613235,13
1818180,8.631176282115105,31
1818191,9.758022592444142,11
1818198,9.896892000461602,7
1818211,9.68950200114754,13
1818214,9.949617887318327,3
1818235,9.5700736875544,21
1818237,9.981965971029497,2
1818245,9.856874541961037,8
1818254,9.825364786026226,9
1818264,9.807748052657399,10
1818276,9.752516566332597,12
1818281,9.92963059815721,5
1818286,9.926584238540501,5
1818294,9.868135975527556,8
1818308,9.727604546415101,14
1818316,9.84712593344856,8
1818323,9.870592742126185,7
1818328,9.908483693158276,5
1818348,9.596890729082457,20
1818364,9.718065309349566,16
1818374,9.819151704344668,10
1818375,10.0,1
1818390,9.681076073235612,15
1818397,9.879866146131379,7
1818404,9.859185170796845,7
1818411,9.863072581489481,7
1818424,9.757454528472048,13
1818425,10.0,1
1818434,9.849493843179294,9
1818449,9.65360647863572,15
1818464,9.680637172533315,15
1818473,9.794980261254961,9
1818479,9.883705096195639,6
1818489,9.794910131815659,10
1818501,9.721440491141578,12
1818506,9.909875103052748,5
1818521,9.681966303072477,15
1818532,9.767905335610433,11
1818552,9.630376846223514,20
1818561,9.815509762345007,9
1818579,9.609549248452113,18
1818591,9.742686968096196,12
1818602,9.781896774611162,11
1818614,9.806248144130816,12
1818625,9.767739630436997,11
1818648,9.42316905347418,23
1818649,10.0,1
1818662,9.71899730660629,13
1818678,9.668109972643446,16
1818681,9.949249755207562,3
1818694,9.706418759904297,13
1818699,9.918839427388656,5
1818708,9.830339289567908,9
1818717,9.833594101521179,9
1818736,9.568434719997825,19
1818745,9.825160422255856,9
1818765,9.392812725340063,20
1818766,10.0,1
1818773,9.85047688466294,7
1818780,9.871508511392696,7
1818784,9.940370870229636,4
1818797,9.695221257861109,13
1818801,9.9432300388497,4
1818808,9.863397759804124,7
1818809,10.0,1
1818821,9.734324981533035,12
1818833,9.731318426264238,12
1818843,9.127088867863685,10
1818858,9.672867104203702,15
1818871,9.701595396465825,13
1818875,9.944733346350887,4
1818881,9.900006005431791,6
1818889,9.852509264796344,8
1818900,9.371908444414284,11
1818911,9.762492106739774,11
1818919,9.83638365573443,8
1818955,9.342256642147994,36
1818965,9.779415317863403,10
1818974,9.828961557789047,9
1818982,9.834177959985825,8
1818989,9.888139695291182,7
1818993,9.934294374726296,4
1818994,10.0,1
1818998,9.938389277015103,4
1818999,10.0,1
1819011,9.70731522121287,12
1819014,9.959659057365833,3
1819029,9.675365630111806,15
1819043,9.754970988014643,14
1819044,9.993344959580458,1
1819056,9.712077447544887,12
1819064,9.824951599115854,8
1819070,9.890452707477069,6
1819085,9.664265915471692,15
1819098,9.691001329435844,13
1819106,9.842624405579528,8
1819118,9.77407042727007,12
1819119,10.0,1
1819128,9.810391070614374,9
1819142,9.684514541253241,14
1819151,9.859255881500232,9
1819162,9.741457441096872,11
1819172,9.806011247892025,10
1819183,9.783643271457183,11
1819193,9.79343625173427,10
1819198,9.918200892338126,5
1819206,9.862257299826569,8
1819212,9.888309673542317,6
1819221,9.82157804386939,9
1819238,9.610204193151962,17
1819246,9.841023107733953,8
1819256,9.778006500532051,10
1819262,9.894156952333205,6
1819271,9.830975900601759,9
1819278,9.8679175748951,7
1819279,10.0,1
1819282,9.960184387309546,3
1819295,9.714980841791986,13
1819303,9.835724112478626,8
1819320,9.577350061093801,17
1819325,9.924028256246563,5
1819345,9.521732291504861,20
1819346,10.0,1
1819349,9.947358053501965,3
1819354,9.900356312252688,5
1819367,9.690262115702433,13
1819380,9.748653486668124,13
1819383,9.956312245105483,3
1819395,9.741750313625996,12
1819407,9.773783251690583,12
1819411,9.947135923777559,4
1819421,9.825652467674164,10
1819428,9.886028248951021,7
1819436,9.874990822439612,8
1819450,9.726864088258708,14
1819461,9.758536874898764,11
1819472,9.759671527536083,11
1819482,9.82690180449738,10
1819496,9.695772985226096,14
1819499,9.961556777780373,3
1819503,9.945085134145483,4
1819504,10.0,1
1819519,9.639975230470982,15
1819521,9.986663365402666,2
1819522,9.996359019376134,1
1819535,9.715349552553636,13
1819536,10.0,1
1819549,9.708407261516099,13
1819560,9.769915814523255,11
1819581,9.524894675795636,21
1819582,9.989061349717725,1
1819600,9.705479469148226,18
1819607,9.883673859484205,7
1819623,9.614424170806295,16
1819636,9.69721737362493,13
1819638,9.973420028827258,2
1819651,9.736185867850178,13
1819663,9.751247884969187,12
1819672,9.808982045621292,9
1819697,9.251826510849613,25
1819699,9.982999247320496,2
1819707,9.849424876781567,8
1819726,9.578313366848048,19
1819742,9.632705761832872,16
1819754,9.730174580095188,12
1819758,9.948077124935793,4
1819769,9.765323238765294,11
1819780,9.778830996817296,11
1819792,9.724078001843955,12
1819793,10.0,1
1819802,9.786480037919393,9
1819817,9.736561565531408,15
1819822,9.92761698021421,5
1819825,9.96324301611842,3
1819839,9.67843817810986,14
1819842,9.956170541821077,3
1819855,9.694127691358013,13
1819860,9.907865822324608,5
1819877,8.373187699938601,17
1819889,9.74429412559588,12
1819898,9.836392118823397,9
1820177,5.279633937404264,279
1820199,9.46096161337849,22
1820208,9.816480509554957,9
1820209,10.0,1
1820224,9.569506849671876,15
1820240,9.641127421504729,16
1820253,9.708601277718019,13
1820265,9.750552409356487,12
1820276,9.75051476646577,11
1820282,9.914659397690667,6
1820292,9.820539548630038,10
1820298,9.913068105269934,6
1820312,9.722078184235688,14
1820323,9.766510509707157,11
1820328,9.917221393193957,5
1820333,9.907457311807564,5
1820344,9.63871225164198,11
1820349,9.918852925333779,5
1820355,9.913136275492228,6
1820364,9.8722674225872,9
1820375,9.755663810922334,11
1820382,9.853664519999136,7
1820401,9.58953000348455,19
1820411,9.797903395586067,10
1820415,9.936285231934157,4
1820425,9.81027318006312,10
1820436,9.830488605039676,11
1820438,9.98214013105267,2
1820450,9.783599286268526,12
1820479,9.426362173439111,29
1820492,9.762470910835331,13
1820504,8.988118570428036,12
1820509,9.930589648450782,5
1820524,9.70654685597011,15
1820530,9.887696416879955,6
1820542,9.752698132809762,12
1820558,9.654069087626176,16
1820563,9.910291477723533,5
1820564,10.0,1
1820568,9.943295892020531,4
1820570,9.973698506431688,2
1820571,10.0,1
1820584,9.71139033248046,13
1820592,9.844182419496383,8
1820601,9.867986290090661,9
1820614,9.720604027782915,13
1820620,9.902115157387945,6
1820629,9.514309800690478,9
1820638,9.832217895515374,9
1820653,9.721836504716991,15
1820663,9.78291448164556,10
1820674,9.79972267537503,11
1820679,9.90519962363535,5
1820700,9.405747577507116,21
1820707,9.870752368867565,7
1820710,9.949194853138286,3
1820723,9.77188877412295,13
1820740,9.63516814745102,17
1820743,9.94474004587963,3
1820748,9.922323488105748,5
1820749,10.0,1
1820765,9.709897422991256,16
1820774,9.825817068745305,9
1820781,9.893274306934186,7
1820789,9.84745882304146,8
1820790,10.0,1
1820801,9.680204033217606,11
1820809,9.833192264905074,8
1820814,9.912037807930126,5
1820841,9.51271111198547,27
1820842,10.0,1
1820852,9.79010111225519,10
1820857,9.92577950761091,5
1820871,9.669225715290628,14
1820879,9.869359552666483,8
1820887,9.84923569754042,8
1820904,9.600978831906696,17
1820918,9.6796283401492,14
1820922,9.9469158267844,4
1820940,9.607460738937188,18
1820948,9.840991601202239,8
1820965,9.693834772452893,17
1820979,9.688656890518674,14
1820984,9.924316808029264,5
1820989,9.921029210801377,5
1820995,9.903748014279797,6
1820996,10.0,1
1821007,9.764029799686927,11
1821066,8.982224458165767,59
1821069,9.971785154374295,3
1821077,9.839702274916053,8
1821087,9.812774722407738,10
1821091,9.932479253590106,4
1821109,9.589548264505597,18
1821115,9.879084401715772,6
1821127,9.756936078841418,12
1821148,9.644656223301954,21
1821187,9.397356297590987,39
1821202,9.675001648509499,15
1821207,9.906377131282117,5
1821221,9.724926701869377,14
1821229,9.827074347016733,8
1821236,9.884545567968072,7
1821241,9.916276753579048,5
1821249,9.857386112225784,8
1821255,9.894390775786851,6
1821265,9.806983416493368,10
1821277,9.76658807786906,12
1821286,9.832242053676687,9
1821292,9.886143268198326,6
1821308,9.669326335110892,16
1821317,9.84671159407762,9
1821318,10.0,1
1821319,10.0,1
1821330,9.749491976468137,11
1821346,9.67256658718538,16
1821354,9.839004485596641,8
1821362,9.829964919618837,8
1821375,9.72244769003504,13
1821386,9.753683223694948,11
1821395,9.808459142269342,9
1821402,9.885766318730218,7
1821416,9.69382050872178,14
1821424,9.840459647884474,8
1821432,9.835020454927141,8
1821449,9.497341706563944,17
1821463,9.680034237807126,14
1821481,9.644409325467635,18
1821487,9.895584938471396,6
1821488,10.0,1
1821503,9.65791419521338,15
1821510,9.882836430570933,7
1821518,9.861118736710688,8
1821534,9.670024452474177,16
1821548,9.719268950843642,14
1821555,9.873186645732055,7
1821562,9.876300462368423,7
1821579,9.612302205068175,17
1821581,9.987313357266785,2
1821593,9.749458101446248,12
1821607,9.72396804418483,14
1821615,9.839165517353466,8
1821630,9.636165170918702,15
1821631,10.0,1
1821642,9.453839868766895,11
1821652,9.793649232766734,10
1821653,10.0,1
1821655,9.978017381077786,2
1821656,10.0,1
1821667,9.749502148954239,11
1821679,9.744424787164155,12
1821680,9.988711900980588,1
1821692,9.748894999215816,12
1821706,9.732771463308897,14
1821717,9.771675951540951,11
1821733,9.738256816973983,16
1821740,9.87951737886439,7
1821749,9.840267414067128,9
1821754,9.909556971725893,5
1821763,9.808921974446655,9
1821776,9.736360687189146,13
1821787,9.767697306735078,11
1821789,9.97078415894116,2
1821800,9.754795297439973,11
1821804,9.947962922535549,4
1821810,9.902582390637617,6
1821822,9.728782943757606,12
1821831,9.831389456726646,9
1821839,9.835996569064024,8
1821843,9.940398527419774,4
1821855,9.756610964699352,12
1821864,9.816133563454159,9
1821869,9.910942987492778,5
1821878,9.815500749614008,9
1821882,9.949242161599553,4
1821896,9.656557472723089,14
1821905,9.847343136169142,9
1821910,9.909124516032769,5
1821920,9.78477183510227,10
1821934,9.700702439001287,14
1821942,9.823705325466362,8
1821946,9.93702851313717,4
1821958,9.741246923800873,12
1821959,9.99664090311944,1
1821968,9.84029631172914,9
1821973,9.926486973688172,5
1821981,9.836224333250545,8
1821992,9.7989434238047,11
1822003,9.76012588536097,11
1822014,9.763369110438877,11
1822032,9.587581380581954,18
1822041,9.819682806634349,9
1822052,9.795933179231998,11
1822062,9.772048164759624,10
1822070,9.859296649539546,8
1822095,9.509885886270293,25
1822111,9.72115124559737,16
1822116,9.909681640111593,5
1822128,9.748699550838706,12
1822138,9.83706536458881,10
1822152,9.681775684875985,14
1822163,9.776732854678704,11
1822171,9.857739423335527,8
1822176,9.917813524963332,5
1822185,9.816382157357841,9
1822193,9.855080788231392,8
1822200,9.854262588344985,7
1822204,9.942952934295585,4
1822205,10.0,1
1822219,9.675048483226606,14
1822235,9.617766001383586,16
1822240,9.919405979509895,5
1822254,9.68275846728176,14
1822264,9.7883108106959,10
1822268,9.950512648380123,4
1822279,9.775277411149288,11
1822289,9.775600718732074,10
1822298,9.844031642962593,9
1822318,9.419449994590485,20
1822327,9.831030743359998,9
1822329,9.983928238071401,2
1822332,9.954492093975835,3
1822348,9.63006419907949,16
1822358,9.794585830535523,10
1822372,9.562600774872541,14
1822380,9.831646163492803,8
1822383,9.959940598347288,3
1822392,9.810969384247311,9
1822404,9.776233568698524,12
1822412,9.879816667437801,8
1822421,9.827113482080936,9
1822437,9.663633206466244,16
1822459,9.466765802072397,22
1822478,9.609779992938682,19
1822489,9.788905656136501,11
1822500,9.739451415715275,11
1822503,9.953748719375671,3
1822506,9.954653498583983,3
1822515,9.816254679259695,9
1822533,9.616310462611255,18
1822550,9.61896192289257,17
1822562,9.740698894174301,12
1822570,9.836622728651117,8
1822572,9.971486658414092,2
1822580,9.887113129053889,8
1822595,9.67803666601233,15
1822606,9.774212164529617,11
1822607,10.0,1
1822608,10.0,1
1822630,9.45501058694935,22
1822637,9.882438297600526,7
1822658,9.488822059002718,21
1822659,9.98819107941506,1
1822660,10.0,1
1822661,9.989157562037501,1
1822667,9.894249213333387,6
1822674,9.873989807245875,7
1822675,9.996636254275725,1
1822687,9.732143284647051,12
1822693,9.902263273500814,6
1822702,9.821619285744045,9
1822709,9.87128869912586,7
1822711,9.977179193576996,2
1822720,9.832385595237408,9
1822735,9.647272388592304,15
1822745,9.795618495839774,10
1822749,9.946473622927163,4
1822752,9.959942349925402,3
1822762,9.79986121866612,10
1822779,9.63991028322934,17
1822793,9.698441526248669,14
1822803,9.782956139501998,10
1822806,9.968391753914732,3
1822808,9.985059850789987,2
1822819,9.812696106626381,11
1822820,10.0,1
1822826,9.887591296949024,6
1822827,10.0,1
1822841,9.69838516313181,14
1822855,9.657777630525048,14
1822862,9.857763133588508,7
1822868,9.889516922435105,6
1822880,9.74777924106542,12
1822885,9.923965561419768,5
1822895,9.777952978160673,10
1822912,9.612526990706337,17
1822925,9.75713792754699,13
1822944,9.646313096386999,19
1822947,9.861633628531289,3
1822948,10.0,1
1822983,9.179982464846802,35
1822991,9.82137321857817,8
1823005,9.742429016949236,14
1823018,9.711528121770238,13
1823027,9.82850691576723,9
1823029,9.973453517590341,2
1823041,9.790943826394333,12
1823043,9.975542887190251,2
1823054,9.76115662576473,11
1823062,9.859095771765197,8
1823073,9.762087655702931,11
1823077,9.942238869472318,4
1823083,9.904163003051835,6
1823110,5.045250138743162,27
1823115,8.834602913327949,5
1823116,10.0,1
1823126,9.807079757759778,10
1823129,9.959732432628206,3
1823141,9.767330806608157,12
1823146,9.927515487726597,5
1823154,9.872249998532475,8
1823170,9.58939561777345,16
1823175,9.903441819676427,5
1823178,9.969723568511592,3
1823186,9.856922735879268,8
1823195,9.815538550041115,9
1823210,9.64940485247568,15
1823222,9.733587311245516,12
1823244,9.498318956676409,22
1823258,9.681310897248068,14
1823276,9.667775856967706,18
1823286,9.798245788838313,10
1823287,10.0,1
1823300,9.673079461906966,13
1823301,9.992883781235873,1
1823311,9.792080756316134,10
1823319,9.860891117581351,8
1823325,9.904742303759123,6
1823329,9.93695031753096,4
1823343,9.70926545133391,14
1823359,9.705916650745523,16
1823365,9.900460096354402,6
1823374,9.840375052491467,9
1823380,9.902124446035158,6
1823472,8.215203031313978,92
1823480,9.844385607987865,8
1823490,9.78410211112193,10
1823492,9.985177044501054,2
1823506,9.708946464993286,14
1823510,9.9265066513941,4
1823517,9.870637248133791,7
1823523,9.87480167206737,6
1823533,9.79845452954852,10
1823545,9.73493907790929,12
1823557,9.756283105195896,12
1823564,9.883155268259499,7
1823576,9.73949124222138,12
1823586,9.757749475706957,10
1823593,9.857848904422138,7
1823595,9.978118977998745,2
1823600,9.912548805304292,5
1823613,9.704729424475845,13
1823618,9.92489347185039,5
1823622,9.925199240384131,4
1823641,9.076007038667765,19
1823651,9.772641912828458,10
1823652,9.996585374379116,1
1823659,9.858387284594663,7
1823660,9.98914629171754,1
1823669,9.819098689396753,9
1823670,9.988617490704984,1
1823677,9.893072473503707,7
1823693,9.70453903168577,16
1823696,9.96913350939868,3
1823705,9.81617571581533,9
1823723,9.630508079503542,18
1823740,9.596718758780616,17
1823747,9.885201591300058,7
1823763,9.677517354232902,16
1823764,10.0,1
1823776,9.754868614020307,12
1823782,9.900092128587863,6
1823796,9.744979619753815,14
1823806,9.784165664959868,10
1823816,9.817449293375788,10
1823823,9.855624317018615,7
1823824,9.992579883651773,1
1823834,9.81337461600716,10
1823841,9.882167219313267,7
1823842,9.992141482907481,1
1823847,9.899275090753127,5
1823858,9.80130501117639,11
1823864,9.887972269219636,6
1823865,10.0,1
1823871,9.899325327611034,6
1823882,9.789125305561013,11
1823897,9.682265343366845,15
1823898,10.0,1
1823911,9.681557007097402,13
1823918,9.872552354643666,7
1823925,9.880662444545043,7
1823931,9.893227803665877,6
1823932,10.0,1
1823935,9.868239615117206,3
1823947,9.748006720365385,12
1823954,9.865879740002615,7
1823969,9.640947759846927,15
1823984,9.74265864824851,15
1823991,9.870218652864533,7
1824005,9.699989504354185,14
1824015,9.794067022304743,10
1824030,9.674403664184924,15
1824038,9.850517447237886,8
1824045,9.863418818332905,7
1824056,9.744455204940225,11
1824058,9.98528302241125,2
1824059,10.0,1
1824062,9.963320809849534,3
1824081,9.537570119641938,19
1824087,9.888903145346404,6
1824088,10.0,1
1824103,9.728834617217252,15
1824119,9.681482435288304,16
1824137,9.569894674469252,18
1824146,9.83633527653604,9
1824152,9.898608021966197,6
1824161,9.825185911742244,9
1824181,9.5266103703299,20
1824192,9.766482571950398,11
1824193,10.0,1
1824208,9.678848590169226,15
1824222,9.729532945033235,14
1824232,9.768610624099802,10
1824240,9.829490508629078,8
1824253,9.737024774438265,13
1824255,9.97839480709474,2
1824268,9.73853765270502,13
1824280,9.715240928397916,12
1824291,9.77500336246672,11
1824292,9.99646917951133,1
1824309,9.664994378694002,17
1824310,10.0,1
1824321,9.755372756186599,11
1824339,9.610214441488923,18
1824347,9.837041116645164,8
1824358,9.746329398514185,11
1824364,9.885098683512544,6
1824365,9.996598991915683,1
1824366,10.0,1
1824379,9.694438537001469,13
1824393,9.721540518516536,14
1824402,9.808708030886494,9
1824403,9.996734646258709,1
1824410,9.862726928473132,7
1824423,9.699318855611532,13
1824424,10.0,1
1824439,9.450574613660129,15
1824446,9.856458458717366,7
1824464,9.537820681060925,18
1824482,9.662440673322548,18
1824483,10.0,1
1824497,9.678248899449658,14
1824498,10.0,1
1824499,10.0,1
1824511,9.747585804505443,12
1824523,9.741841909788135,12
1824531,9.856872064055592,8
1824532,10.0,1
1824535,9.948777148600511,3
1824539,9.955297808001868,4
1824548,9.81483118705356,9
1824555,9.858598691303866,7
1824558,9.957665494821955,3
1824568,9.785673985546817,10
1824575,9.858163524702558,7
1824587,9.726402462379614,12
1824600,9.76759323476519,13
1824610,9.815348263140956,10
1824615,9.92648993774575,5
1824625,9.770946785101929,10
1824630,9.926806354916252,5
1824636,9.875649366005538,6
1824643,9.870077557503537,7
1824652,9.841532594061299,9
1824655,9.961852181291537,3
1824664,9.82170986995285,9
1824680,9.63366765446123,16
1824711,9.454486446259684,31
1824719,9.845335631636912,8
1824734,9.677916403819767,15
1824749,9.6474722566522,15
1824761,9.730570680035116,12
1824775,9.725510592742507,14
1824786,9.762022338929201,11
1824799,9.713155871202554,13
1824801,9.9687491594867,2
1824818,9.698393706664527,17
1824829,9.74750602547435,11
1824830,9.992794574555568,1
1824837,9.86072933571092,7
1824854,9.616534080530592,17
1824872,7.351733753352644,18
1824879,9.87576122751777,7
1824892,9.683794647922479,13
1824901,9.837582829867491,9
1824910,9.832029038484569,9
1824916,9.88737119933112,6
1824923,9.89890908190764,7
1824924,10.0,1
1824929,9.893144520792573,5
1824942,9.709874024563863,13
1824956,9.69669898388682,14
1824967,9.752417937030405,11
1824975,9.856268979011523,8
1824976,10.0,1
1824990,9.696711992827284,14
1824998,9.844518179409109,8
1825006,9.877630529314693,8
1825009,9.963757618928552,3
1825047,9.194606182105,38
1825053,9.902163774760092,6
1825057,9.934803861769817,4
1825061,9.936604635284217,4
1825076,9.640550961678205,15
1825087,9.795205078678455,11
1825114,7.265853686297762,27
1825126,9.769187014813673,12
1825137,9.76327141812058,11
1825159,9.471104666828444,22
1825167,9.844151735503806,8
1825172,9.92440952850175,5
1825178,9.906726756724249,6
1825191,9.70522756765522,13
1825195,9.931967239967516,4
1825208,9.713741459614498,13
1825217,9.805372651697743,9
1825233,9.758603793665108,16
1825243,9.80673037764304,10
1825249,9.908442492324399,6
1825267,9.651784364054157,18
1825280,9.759362261757248,13
1825288,9.86260475103496,8
1825304,9.636821485658276,16
1825313,9.798971623627436,9
1825319,9.903071365208863,6
1825336,9.609382608982427,17
1825343,9.890224580684563,7
1825345,9.972744110130515,2
1825359,9.704597102911244,14
1825371,9.734815011548259,12
1825413,9.14019851838971,42
1825424,9.80177637083524,11
1825434,9.811837785207562,10
1825448,9.708462832374272,14
1825449,9.99631147404323,1
1825464,9.697819701336329,15
1825480,9.492100097625208,16
1825491,9.751780763222985,11
1825499,9.865062075809595,8
1825525,9.509183818363294,26
1825541,9.66202193462173,16
1825545,9.935753897036085,4
1825556,9.796298885869865,11
1825566,9.822721503330655,10
1825573,9.87447833682236,7
1825574,10.0,1
1825596,9.451141057966034,22
1825597,10.0,1
1825608,9.771001764098802,11
1825615,9.87474596951519,7
1825629,9.681147351518135,14
1825645,9.644593875754133,16
1825655,9.84654205330197,10
1825664,9.817845448688034,9
1825679,9.670237554895472,15
1825700,9.492090377869994,21
1825708,9.84922654476991,8
1825712,9.941891831685636,4
1825719,9.877743409239852,7
1825733,9.704021390445291,14
1825737,9.932736619189333,4
1825747,9.844571001745514,10
1825754,9.905234806404467,7
1825762,9.866354330348603,8
1825774,9.7767954135311,12
1825784,9.814395451588778,10
1825795,9.763678307860438,11
1825808,9.735446494435534,13
1825815,9.842292297910035,7
1825824,9.822863663826325,9
1825831,9.858359967281249,7
1825837,9.901448778992515,6
1825844,9.85923200943919,7
1825858,9.700853099800682,14
1825859,10.0,1
1825865,9.884511669612134,6
1825883,9.584844928971147,18
1825900,9.660468513037554,17
1825910,9.802722224382846,10
1825925,9.17264207673908,15
1825936,9.786544083023157,11
1825945,9.829681253138519,9
1825951,9.781209616540377,6
1825959,9.837249213505402,8
1825964,9.900092496164108,5
1825980,9.66646109497863,16
1825981,10.0,1
1825994,9.674502450925566,13
1825998,9.941861480104404,4
1826003,9.920751881552425,5
1826006,9.961025979502752,3
1826016,9.824227867259518,10
1826021,9.901338328576106,5
1826022,10.0,1
1826032,9.818444551946177,10
1826040,9.876560846605441,8
1826045,9.922896956581368,5
1826054,9.818218483834633,9
1826071,9.626254288834412,17
1826086,9.753173365484749,15
1826094,9.877070914074078,8
1826100,9.910937881737661,6
1826106,9.692590826184489,6
1826111,9.92636953951256,5
1826114,9.956472701219877,3
1826126,9.736649305904168,12
1826157,8.282833894138808,31
1826165,9.857918535682684,8
1826182,9.678994413064482,17
1826196,9.677453528767394,14
1826199,9.960321474355247,3
1826217,9.672940461619973,18
1826231,9.7480507975019,14
1826232,10.0,1
1826233,10.0,1
1826248,9.66337216616273,15
1826264,9.623307448988161,16
1826286,9.408266727197299,22
1826289,9.950104618811318,3
1826296,9.88187822513001,7
1826310,9.679726126741675,14
1826317,9.880253835749832,7
1826318,10.0,1
1826327,9.821574163206819,9
1826337,9.789719537872335,10
1826346,9.8028043025662,9
1826357,9.7855380674095,11
1826368,9.756644904677213,11
1826387,9.644250926805586,19
1826401,9.714229928897325,14
1826407,9.90549700445462,6
1826413,9.888123427007338,6
1826416,9.953928175312008,3
1826429,9.714707064791462,13
1826436,9.878325657306338,7
1826440,9.938725953637753,4
1826451,9.77130797773372,11
1826460,9.837740488079008,9
1826463,9.95374985951045,3
1826477,9.681421151970333,14
1826496,9.613066798955165,19
1826509,9.711478623770658,13
1826520,9.77348030077913,11
1826526,9.877950219931208,6
1826533,9.861827883866065,7
1826534,10.0,1
1826537,9.956125603813504,3
1826540,9.961708638529458,3
1826545,9.897379855272465,5
1826557,9.744090395862695,12
1826567,9.802205696931164,10
1826569,9.98593237969156,2
1826575,9.900240155718102,6
1826593,9.616108754906065,18
1826613,9.563085419331273,20
1826616,9.959609706734128,3
1826621,9.936405137443717,5
1826631,9.824857725652558,10
1826643,9.172418089550105,12
1826653,9.80572811226788,10
1826656,9.963375297631696,3
1826665,9.847994548522081,9
1826677,9.722120729237133,12
1826688,9.778488667327016,11
1826689,10.0,1
1826697,9.842768433239659,8
1826703,9.805095188416253,6
1826704,10.0,1
1826716,9.751661868918674,12
1826733,9.703334525844237,17
1826742,9.826527518506694,9
1826746,9.932070316368138,4
1826751,9.917371718676792,5
1826761,9.790767204754248,10
1826779,9.613210672730771,18
1826787,9.881736572966387,8
1826789,9.977720699083125,2
1826802,9.712022097615954,13
1826814,9.72998596963602,12
1826815,9.995818634657189,1
1826816,10.0,1
1826823,9.8519950203927,7
1826836,9.71882938539349,13
1826844,9.835869724622983,8
1826852,9.848229593491217,8
1826856,9.936018579354167,4
1826869,9.743475484051999,13
1826875,9.89177402621666,6
1826885,9.814002861907614,10
1826895,9.82592337932672,10
1826906,9.776486974476246,11
1826911,9.902541534396693,5
1826922,9.761815269495132,11
1826932,9.831573914736941,10
1826949,9.591421111125266,17
1826959,9.78848929135104,10
1826968,9.838988317482906,9
1826970,9.979679121111932,2
1826980,9.813367761827081,10
1826998,9.63603121315259,18
1827059,9.00572546415977,61
1827066,9.859442903527729,7
1827089,9.324973587523123,23
1827097,9.860222053181339,8
1827111,9.678261655147399,14
1827131,9.575468954983595,20
1827140,9.84270857839539,9
1827152,9.716040760933423,12
1827156,9.937942924915436,4
1827164,9.841159608051164,8
1827182,9.58708446591394,18
1827188,9.896932937363447,6
1827199,9.762953960162799,11
1827217,9.636529300594166,18
1827227,9.835875023642146,10
1827236,9.838315669595314,9
1827245,9.817176212178682,9
1827255,9.776402366945018,10
1827268,9.74159512077364,13
1827601,4.471682618601638,333
1827605,9.93952479751745,4
1827615,9.791158959270652,10
1827624,9.8056360388166,9
1827636,9.755515231897474,12
1827640,9.941714360816368,4
1827649,9.801898633512193,9
1827663,9.672840221010041,14
1827667,9.935175502875204,4
1827673,9.878739351617016,6
1827681,9.855515001182534,8
1827682,10.0,1
1827683,9.9890688001029,1
1827691,9.826338848551375,8
1827692,10.0,1
1827709,9.63105363547034,17
1827719,9.818573338812541,10
1827724,9.918131996162346,5
1827734,9.788517188943315,10
1827743,9.838966126025598,9
1827763,9.579702449098706,20
1827779,9.716791196049867,16
1827792,9.730155407335298,13
1827800,9.836036234424995,8
1827807,9.876203748903263,7
1827809,9.980119783101737,2
1827810,10.0,1
1827820,9.777373080493042,10
1827822,9.978734246096247,2
1827823,10.0,1
1827829,9.906736008820358,6
1827836,9.881213185492058,7
1827840,9.922394533273152,4
1827856,9.649113746596688,16
1827861,9.904457221991066,5
1827866,9.921010763568736,5
1827886,9.609783507659396,20
1827898,9.755356351703737,12
1827903,9.908689699256652,5
1827908,9.92039530878524,5
1827917,9.819484717052738,9
1827920,9.955891980307086,3
1827924,9.946687836323848,4
1827938,9.714677404680915,14
1827944,9.884072114436151,6
1827953,9.845505283194642,9
1827963,9.810071500799127,10
1827969,9.901959688111289,6
1827970,10.0,1
1827984,9.720607984938807,14
1827990,9.894582918426575,6
1827996,9.909092425523548,6
1828012,9.675880717143567,16
1828026,9.695990806832434,14
1828038,9.753739431639302,12
1828046,9.855459185498116,8
1828056,9.78487432677185,10
1828062,9.902172187428416,6
1828069,9.881004348297312,7
1828079,9.779969167877072,10
1828088,9.812805968986563,9
1828099,9.760550985717108,11
1828100,9.99189952037434,1
1828117,9.644237213568426,17
1828126,9.834500128432126,9
1828135,9.809945573113016,9
1828150,9.634553996260506,15
1828163,9.72970735390797,13
1828180,9.644805066509381,17
1828191,9.77451788588215,11
1828215,9.466997616504756,24
1828237,9.452455668818692,22
1828241,9.9374171097479,4
1828251,9.809137564420627,10
1828252,10.0,1
1828266,9.684009417350822,14
1828269,9.955338783391332,3
1828285,9.62595852994226,16
1828292,9.880080961698292,7
1828293,10.0,1
1828307,9.694605298261367,14
1828309,9.971664692356109,2
1828311,9.974932464277463,2
1828321,9.808647312230223,10
1828333,9.738158198824365,12
1828341,9.82239813213106,8
1828343,9.97148253419774,2
1828345,9.978205027094893,2
1828348,9.756541291240573,3
1828357,9.836904425384201,9
1828361,9.943737122822908,4
1828375,9.695534630439468,14
1828376,10.0,1
1828384,9.825042026043807,8
1828396,9.736416256781071,12
1828406,9.79662888670328,10
1828407,9.996240072123024,1
1828411,9.948803985008201,4
1828421,9.769001303446172,10
1828433,9.737960862986617,12
1828441,9.862357771755043,8
1828446,9.925828539150553,5
1828460,9.7365581076493,14
1828480,9.514963485363129,20
1828490,9.791734184075155,10
1828509,9.534640711137216,19
1828531,9.477278367391515,22
1828541,9.806212165034044,10
1828542,10.0,1
1828555,9.730802074822982,13
1828556,10.0,1
1828569,9.737749701128083,13
1828578,9.81068774086905,9
1828593,9.475263024358439,15
1828604,9.769489560343096,11
1828610,9.904667854363172,6
1828614,9.923209427600597,4
1828628,9.678945289736417,14
1828637,9.81079908339667,9
1828659,9.494609881455881,22
1828679,9.542748453055628,20
1828682,9.967981134310888,3
1828690,9.821720733841259,8
1828697,9.872996412713395,7
1828710,9.70864735352456,13
1828717,9.888876656273348,7
1828718,10.0,1
1828725,9.842599134058695,7
1828735,9.788142860480306,10
1828742,9.870491756936344,7
1828745,9.968995648955412,3
1828764,9.525603071999061,19
1828781,9.636254580848137,17
1828790,9.818396371997546,9
1828800,9.771549149475613,10
1828812,9.730593654216207,12
1828824,9.772705627821297,12
1828833,9.837562917022431,9
1828844,9.757169087546687,11
1828861,9.596182678481297,17
1828875,9.684179623719256,14
1828886,9.74234835425287,11
1828888,9.967610276466637,2
1828893,9.905408523285669,5
1828898,9.915376421586767,5
1828907,9.806436644977518,9
1828916,9.81827992407473,9
1828923,9.890809800144453,7
1828931,9.845007858105923,8
1828943,9.653905086359792,12
1828944,9.988655396894467,1
1828951,9.884262591460436,7
1828968,9.650836287377146,17
1828975,9.912105148946965,7
1828989,9.755329024463318,14
1828996,9.879887913388275,7
1829001,9.934177806764517,5
1829002,10.0,1
1829010,9.848983499889492,8
1829018,9.863769186414503,8
1829029,9.774011103514262,11
1829036,9.853392200450259,7
1829048,9.7750778146093,12
1829061,9.73586430487687,13
1829067,9.912534868728825,6
1829075,9.841421943393645,8
1829077,9.982950170784315,2
1829086,9.820922998622317,9
1829090,9.939353416115964,4
1829106,9.69021786405247,16
1829111,9.906921183710013,5
1829126,9.717636721338746,15
1829142,9.616634556829684,16
1829169,9.4311198699818,27
1829173,9.947544722554346,4
1829190,9.623876362075263,17
1829191,10.0,1
1829200,9.846042929315207,9
1829213,9.727145375029478,13
1829224,9.758105535342121,11
1829236,9.81723131781571,12
1829247,9.75913296701445,11
1829259,9.724891171191084,12
1829282,9.55256446015129,23
1829283,9.991310890664684,1
1829289,9.88209017777963,6
1829297,9.842418502001351,8
1829311,9.725282195118966,14
1829322,9.76818637753076,11
1829342,9.567855936567392,20
1829346,9.941296673455476,4
1829357,9.742818479194451,11
1829362,9.91183661489046,5
1829368,9.886804614142795,6
1829371,9.952402274326095,3
1829377,9.901320646182345,6
1829391,9.711586951385609,14
1829399,9.841705142373392,8
1829414,9.679773858367296,15
1829419,9.907007749852436,5
1829430,9.764819196328133,11
1829436,9.883316654359925,6
1829439,9.958856138664958,3
1829448,9.824844765706958,9
1829460,9.740319251946653,12
1829763,4.148447023238402,303
1829764,9.98764983017867,1
1829777,9.7158762904489,13
1829787,9.762863371815877,10
1829796,9.83753778075058,9
1829802,9.901607761629744,6
1829813,9.7656892143913,11
1829823,9.818043471917994,10
1829824,10.0,1
1829832,9.856288120078847,8
1829837,9.932462500805839,5
1829838,10.0,1
1829856,9.565144806840836,18
1829859,9.962534945183375,3
1829873,9.734365990716096,14
1829877,9.942082913382709,4
1829878,10.0,1
1829897,9.627055388502484,19
1829902,9.91407618151813,5
1829913,9.589354482265717,11
1829921,9.850584287001189,8
1829922,10.0,1
1829929,9.865178677168377,7
1829939,9.794974790702314,10
1829955,9.44663891257284,16
1829960,9.927965091627145,5
1829969,9.788259334148448,9
1829973,9.946266892654249,4
1829978,9.923971429225798,5
1829988,9.835165737517091,10
1829996,9.84429327474706,8
1829997,10.0,1
1830009,9.718398806013667,12
1830014,9.93212795490456,5
1830028,9.682468637988611,14
1830037,9.801813335299654,9
1830056,9.547892826750793,19
1830057,10.0,1
1830071,9.702503340906134,14
1830079,9.856669910413384,8
1830080,10.0,1
1830086,9.921090703494425,6
1830098,9.737834052777814,12
1830113,9.677560372238604,15
1830134,9.604884572555557,21
1830137,9.963929460183529,3
1830147,9.821395309049137,10
1830152,9.935113339254663,5
1830166,9.72372357646267,14
1830172,9.912453064322401,6
1830183,9.784433948549063,11
1830195,9.750048253725181,12
1830214,9.554427490072182,19
1830226,9.804549980750263,12
1830232,9.885918857997192,6
1830244,9.736480480107778,12
1830247,9.956921199489816,3
1830262,9.664695992439977,15
1830276,9.683663890768925,14
1830282,9.902241662500732,6
1830283,10.0,1
1830288,9.929754406696912,5
1830304,9.633578617114418,16
1830311,9.862309378349819,7
1830317,9.90221367721736,6
1830326,9.810950807522044,9
1830327,10.0,1
1830339,9.747178428141867,12
1830352,9.709704165282906,13
1830353,10.0,1
1830368,9.68592699107356,15
1830378,9.831654385687274,10
1830390,9.746686566400713,12
1830400,9.768205973179796,10
1830413,9.735381067178377,13
1830429,9.64057032312391,16
1830435,9.911258228573054,6
1830442,9.876216575338496,7
1830453,9.780220436494728,11
1830722,4.576590275617613,269
1830737,9.630917142513214,15
1830751,9.282758656553257,14
1830752,10.0,1
1830762,9.795307230323706,10
1830772,9.807761378516526,10
1830773,10.0,1
1830784,9.747326045203861,11
1830794,9.787397700333795,10
1830807,9.728850146358175,13
1830810,9.962720188578158,3
1830817,9.898964961592727,7
1830823,9.89702007381955,6
1830828,9.917288105145019,5
1830843,9.669804236596898,15
1830844,10.0,1
1830857,9.71335463480885,13
1830861,9.940985479314222,4
1830877,9.640566813361021,16
1830880,9.969337852671872,3
1830889,9.83711064999913,9
1830893,9.944849479113316,4
1830897,9.937248922308228,4
1830908,9.777300593733056,11
1830911,9.953587614658092,3
1830921,9.773909351385303,10
1830932,9.775395401218724,11
1830933,10.0,1
1830945,9.756653241948367,12
1830953,9.830293467235446,8
1830965,9.765102366204403,12
1830969,9.938622657988976,4
1830974,9.928239462804742,5
1830989,9.687575259634201,15
1831002,9.711976361978191,13
1831011,9.847833636238688,9
1831019,9.839684338639374,8
1831020,10.0,1
1831022,9.984645467959478,2
1831039,9.108531270064312,17
1831044,9.916394574337133,5
1831055,9.765222268665417,11
1831071,9.67385653729528,16
1831075,9.950278056944088,4
1831100,9.544456942465773,25
1831104,9.937547097078498,4
1831118,9.684816110721437,14
1831130,9.742621530213826,12
1831145,9.659433262562393,15
1831154,9.836398709934082,9
1831158,9.95033825687387,4
1831163,9.919497841577831,5
1831177,9.056545967743682,14
1831178,10.0,1
1831182,9.927020870302792,4
1831193,9.787003887242921,11
1831200,9.882877849823448,7
1831211,9.790820609314096,11
1831212,10.0,1
1831219,9.868206145652548,7
1831231,9.744744953108691,12
1831239,9.848072529077212,8
1831250,9.755536861804897,11
1831267,9.606042760921717,17
1831278,9.753196975027794,11
1831288,9.788367077692625,10
1831299,9.764024433276203,11
1831313,9.681986645711186,14
1831317,9.936041991115681,4
1831332,9.689416391559687,15
1831341,9.817873056009788,9
1831351,9.815243315272129,10
1831366,9.712972346992087,15
1831378,9.776547883312848,12
1831384,9.896952142507551,6
1831392,9.86547730996853,8
1831397,9.903706045685807,5
1831398,10.0,1
1831409,9.738718835247276,11
1831411,9.972199582639188,2
1831420,9.814787358515618,9
1831436,9.66889181153055,16
1831444,9.816433536220735,8
1831454,9.830368658982184,10
1831464,9.780436831825066,10
1831475,9.769523731593182,11
1831482,9.881970335489461,7
1831484,9.975089310024844,2
1831495,9.802028721281223,11
1831497,9.981722898193015,2
1831503,9.905565461089793,6
1831510,9.872659874692848,7
1831522,9.70853824904399,12
1831523,10.0,1
1831527,9.948689307672188,4
1831537,9.80714080782658,10
1831546,9.82120465765684,9
1831554,9.838553294354838,8
1831569,9.639394155883453,15
1831575,9.904450653130537,6
1831593,9.672363973362868,18
1831603,9.781827245588332,10
1831614,9.76810730388654,11
1831621,9.877435214115739,7
1831631,9.834065254999626,10
1831632,9.989813984000174,1
1831633,10.0,1
1831642,9.833580517503004,9
1831654,9.756183989555433,12
1831671,9.684492916178534,17
1831676,9.926870722738855,5
1831690,9.688212774777869,14
1831701,9.758962521303674,11
1831716,9.655443907859192,15
1831733,9.616328315549563,17
1831751,9.63085798620083,18
1831765,9.681379103321287,14
1831779,9.676586429730605,14
1831780,10.0,1
1831781,10.0,1
1831793,9.774827797365822,12
1831811,9.479912853853143,18
1831816,9.923355012857268,5
1831832,9.6141727183347,16
1831847,9.639695376757494,15
1831855,9.843949834244302,8
1831895,9.218989996658372,40
1831902,9.859396330927082,7
1831919,9.623125577315822,17
1831929,9.681488454706747,10
1831937,9.764975459752362,8
1831950,9.706809147783064,13
1831951,10.0,1
1831957,9.907220538005268,6
1831968,9.766041906752587,11
1831978,9.775057959805732,10
1831979,10.0,1
1831984,9.925784767338978,5
1831993,9.830001860392287,9
1831998,9.933923218213266,5
1832005,9.896590679522488,7
1832009,9.948411294610597,4
1832021,9.741211802754545,12
1832032,9.699380031824294,11
1832050,9.601223769032105,18
1832055,9.900997194921148,5
1832056,10.0,1
1832067,9.759235661025727,11
1832074,9.88632282359006,7
1832081,9.861160707847546,7
1832094,9.731956681760114,13
1832110,9.665785127132535,16
1832117,9.864861812856663,7
1832129,9.74823966111899,12
1832138,9.825357926960443,9
1832149,9.752043658858232,11
1832152,9.954732966925077,3
1832161,9.80429651612451,9
1832176,9.660222740450424,15
1832183,9.869926307290877,7
1832197,9.718808982954068,14
1832208,9.759015463802259,11
1832222,9.697335673254074,14
1832227,9.911813631002744,5
1832234,9.876265539106262,7
1832242,9.852075691370938,8
1832254,9.74310772414758,12
1832264,9.79641219659938,10
1832267,9.952167240857033,3
1832282,9.719486407768782,15
1832292,9.77299719028893,10
1832299,9.874576042476717,7
1832303,9.926122162321072,4
1832316,9.510285438048347,13
1832323,9.88062521182262,7
1832330,9.88134763227443,7
1832334,9.935168487900212,4
1832343,9.821982342228138,9
1832356,9.688641102622418,13
1832362,9.898998778109075,6
1832365,9.956155737579683,3
1832366,10.0,1
1832376,9.774851269565172,10
1832383,9.84648165773971,7
1832398,9.622281940715522,15
1832410,9.792472159498935,12
1832428,9.554772552716715,18
1832449,9.547855703563474,21
1832450,10.0,1
1832452,9.965573813164916,2
1832460,9.850479601909605,8
1832468,9.840706108308169,8
1832473,9.913065078111087,5
1832490,9.589322742162397,17
1832494,9.931071311712559,4
1832502,9.842063857207147,8
1832514,9.739714289156947,12
1832522,9.877478031608906,8
1832536,9.748414957080438,14
1832544,9.855866694003616,8
1832545,9.996201619136441,1
1832556,9.768317421803268,11
1832564,9.845726953777776,8
1832586,9.513799492021256,22
1832610,9.535550902929177,24
1832629,9.585288808329361,19
1832643,9.585488355027364,14
1832647,9.934962177140712,4
1832653,9.884579631451487,6
1832657,9.95377202420417,4
1832662,9.933916527051098,5
1832663,10.0,1
1832664,10.0,1
1832672,9.85736398462824,8
1832675,9.970931411787378,3
1832693,9.616589158288651,18
1832708,9.72504404718524,15
1832714,9.91390651320316,6
1832719,9.91463243417165,5
1832727,9.835530529476953,8
1832733,9.892473612618153,6
1832740,9.893062706248875,7
1832743,9.962145204959912,3
1832744,9.989584641622365,1
1832745,10.0,1
1832750,9.916572799280953,5
1832760,9.79487866611523,10
1832762,9.981778030890743,2
1832781,9.55876903679464,19
1832789,9.811916388210156,8
1832793,9.941046770327135,4
1832821,9.349965310745253,28
1832831,9.790508175287135,10
1832844,9.690429771473749,13
1832852,9.833039094855982,8
1832863,9.746909060338881,11
1832868,9.901020286138356,5
1832871,9.965018603148868,3
1832879,9.878727485039228,8
1832887,9.821404389948759,8
1832894,9.884431566036046,7
1832908,9.705196697605533,14
1832909,10.0,1
1832915,9.883806114471438,6
1832925,9.802716257423901,10
1832927,9.877141682620767,2
1832935,9.860513697150564,8
1832956,9.583637317025241,21
1832965,9.820537737257892,9
1832968,9.963975932229431,3
1832985,9.617529003843234,17
1832999,9.71779572569488,14
1833000,10.0,1
1833011,9.788130117539165,11
1833026,9.692093990017161,15
1833040,9.704495363437855,14
1833055,9.701716331729543,15
1833067,9.731627640069146,12
1833068,10.0,1
1833086,9.657191988557345,18
1833093,9.860724028229589,7
1833094,9.996592112233603,1
1833107,9.69406759270462,13
1833115,9.839643440488393,8
1833125,9.783247369149652,10
1833142,9.643266668209277,17
1833146,9.937464850604595,4
1833159,9.711235165554399,13
1833171,9.360252894574993,12
1833182,9.766554334337545,11
1833183,10.0,1
1833189,9.888425883562006,6
1833203,9.679639944030267,14
1833211,9.853391997886918,8
1833223,9.757081628364267,12
1833230,9.878831294769691,7
1833231,9.996495135628034,1
1833235,9.94638254932765,4
1833241,9.902341371059,6
1833244,9.661496505614464,3
1833245,10.0,1
1833253,9.83915689531553,8
1833263,9.79668620841308,10
1833268,9.907092785055147,5
1833276,9.846054831827253,8
1833277,10.0,1
1833291,9.701131761901928,14
1833304,9.695513587344754,13
1833307,9.963493273219836,3
1833313,9.888394330417457,6
1833328,9.665393569102406,15
1833329,10.0,1
1833333,9.941494119889185,4
1833338,9.922979688124153,5
1833346,9.84751356904479,8
1833363,9.681986799574478,17
1833367,9.929727423533746,4
1833369,9.974985909301834,2
1833376,9.884585038120973,7
1833386,9.767827409695437,10
1833396,9.782299524371025,10
1833408,9.74881198162372,12
1833451,9.149537026548538,43
1833456,9.918237460195229,5
1833477,9.265642956658528,21
1833489,9.633387977188825,12
1833501,9.782988166780331,12
1833511,9.79695581655066,10
1833574,7.722752794324746,63
1833597,5.740240990316183,23
1833608,9.758825602126759,11
1833632,9.414917821101811,24
1833658,9.388828232058835,26
1833669,9.819053398925671,11
1833682,9.738509866578601,13
1833687,9.926972825136435,5
1833688,10.0,1
1833698,9.818751226464745,10
1833699,9.996424520325743,1
1833709,9.807514040364568,10
1833718,9.786033564941931,9
1833719,10.0,1
1833725,9.88470867191992,6
1833732,9.880925297139367,7
1833741,9.830195400526952,9
1833751,9.778015269499054,10
1833767,9.664415423410189,16
1833783,9.633016136119696,16
1833793,9.822268808278748,10
1833803,9.804485556638415,10
1833819,9.637976867826618,16
1833820,10.0,1
1833822,9.976309081747605,2
1833823,9.987678160079794,1
1833824,10.0,1
1833836,9.733872042439703,12
1833840,9.928642716881697,4
1833847,9.876471214185086,7
1833853,9.891387680777967,6
1833868,9.471603246720337,15
1833881,9.705080085433403,13
1833896,9.656749030370168,15
1833901,9.917557808917739,5
1833914,9.71570528821301,13
1833915,9.996017895681245,1
1833920,9.935997069921587,5
1833948,9.40872158274404,28
1833954,9.893571870987593,6
1833961,9.86823632173057,7
1833996,9.309666096489607,35
1834005,9.8163530759582,9
1834009,9.943182413454235,4
1834015,9.893779400133399,6
1834024,9.688442470464762,9
1834026,9.980797017160853,2
1834040,9.748237426505238,14
1834054,9.7217535502699,14
1834055,9.996505362213034,1
1834065,9.781756047756003,10
1834081,9.690224972730027,16
1834096,9.735140548314511,15
1834097,10.0,1
1834108,9.776392862487237,11
1834122,9.660825352711136,14
1834129,9.87095021206299,7
1834137,9.755137807715597,8
1834144,9.865788752239421,7
1834145,10.0,1
1834151,9.894866345612895,6
1834162,9.787184278022398,11
1834174,9.732421198197049,12
1834175,10.0,1
1834189,9.674420822265596,14
1834198,9.815920891473398,9
1834212,9.723627660857028,14
1834219,9.875834399018796,7
1834225,9.902224623895629,6
1834226,10.0,1
1834235,9.804689566682756,9
1834243,9.83958170004206,8
1834250,9.861313429367293,7
1834251,9.993002510987752,1
1834256,9.926536889248911,5
1834261,9.93001590516525,5
1834270,9.824626921222007,9
1834278,9.867188855196675,8
1834299,9.52654305677121,21
1834310,9.768438095853536,11
1834311,10.0,1
1834323,9.746905670711355,12
1834335,9.779006080291714,12
1834344,9.847125455797078,9
1834356,9.737473893099438,12
1834372,9.587602504156864,16
1834382,9.802873258471497,10
1834386,9.938083373113418,4
1834405,9.576802459804309,19
1834406,10.0,1
1834417,9.781143250860987,11
1834422,9.9018113909302,5
1834433,9.770931440256929,11
1834449,9.689212789610155,16
1834469,9.55493262336647,20
1834477,9.856801361784989,8
1834481,9.945724760598887,4
1834489,9.827290561126123,8
1834494,9.91164842060746,5
1834498,9.944616215806244,4
1834510,9.705899701541123,12
1834519,9.838093424240249,9
1834523,9.9357144325657,4
1834527,9.948490795263867,4
1834537,9.800246963681532,10
1834538,10.0,1
1834543,9.917222946616608,5
1834551,9.850440422944704,8
1834563,9.76272447098566,12
1834568,9.929365545673528,5
1834584,9.6270293757254,16
1834595,9.788573263852184,11
1834606,9.76841154496014,11
1834607,10.0,1
1834625,9.612563969948456,18
1834643,9.605802713508375,18
1834652,9.823537346198604,9
1834656,9.929726012913122,4
1834666,9.79899084496809,10
1834667,10.0,1
1834674,9.855585634210463,7
1834676,9.971792707662622,2
1834677,9.989254696888077,1
1834681,9.935069719308155,4
1834688,9.867707852446514,7
1834703,9.674193757215177,15
1834713,9.809646038492042,10
1834721,9.841862324329572,8
1834728,9.855152717023726,7
1834738,9.777568652893681,10
1834742,9.95129252336071,4
1834743,10.0,1
1834748,9.903470615043016,5
1834771,9.507328299161804,23
1834785,9.691910202390952,14
1834794,9.835650996391214,9
1834798,9.93930624702462,4
1834806,9.86811394871179,8
1834821,9.681121769292615,15
1834842,9.52528316245173,21
1834857,9.679072620160488,15
1834869,9.743437070181722,12
1834880,9.762047015291436,11
1834883,9.953435062597729,3
1834901,9.592277909929829,18
1834906,9.917000659063381,5
1834915,9.828517320787583,9
1834950,9.281805183345073,35
1834964,9.731326231699459,14
1834973,9.843483820754349,9
1834977,9.938567467950856,4
1834986,9.823295178245175,9
1834993,9.87528040007853,7
1834999,9.901925962774158,6
1835014,9.659884823210891,15
1835015,10.0,1
1835016,10.0,1
1835028,9.571114146041376,12
1835044,9.676324577058821,16
1835047,9.961803215025194,3
1835059,9.788154987249031,12
1835072,9.736014669092672,13
1835091,9.533416487276615,19
1835101,9.807512234125817,10
1835122,9.147655794137005,21
1835127,9.921789871020112,5
1835131,9.946350836285147,4
1835143,9.747693719106847,12
1835149,9.89036178170917,6
1835150,9.989063887357707,1
1835157,9.875312794239715,7
1835161,9.939129688582204,4
1835165,9.941714704212973,4
1835167,9.98056898259856,2
1835169,9.967994834362566,2
1835170,10.0,1
1835181,9.785729926865866,11
1835195,9.67523346111464,14
1835202,9.855716837295414,7
1835218,9.625522470692276,16
1835221,9.949515640726021,3
1835225,9.924932237411692,4
1835245,9.543964353323464,20
1835249,9.93635881916582,4
1835258,9.811350210990149,9
1835275,9.605066399199625,17
1835282,9.86679872413611,7
1835283,10.0,1
1835292,9.817338546217348,9
1835293,10.0,1
1835304,9.763164143375612,11
1835310,9.895526066022356,6
1835316,9.905485118993253,6
1835327,9.763222277431792,11
1835335,9.831338116855338,8
1835342,9.867239709845606,7
1835353,9.773706028030432,11
1835357,9.942613836073301,4
1835363,9.906635609386715,6
1835374,9.753456463779514,11
1835380,9.898394802243542,6
1835387,9.854486271536462,7
1835397,9.77266105017757,10
1835398,9.991201054381854,1
1835399,10.0,1
1835409,9.771118246147154,10
1835417,9.834547359611676,8
1835418,10.0,1
1835423,9.912217955744687,5
1835442,9.528921784393482,19
1835444,9.97068489818872,2
1835454,9.808955362127044,10
1835461,9.867692481230362,7
1835462,9.988683557909415,1
1835468,9.904567905708888,6
1835479,9.772752692259676,11
1835494,9.660876940353939,15
1835502,9.841076903984906,8
1835503,10.0,1
1835524,9.600170694602392,21
1835532,9.871455743637076,8
1835552,9.553778116479329,20
1835557,9.928593034214037,5
1835564,9.86098087251005,7
1835577,9.718213687539478,13
1835595,9.644145979612299,18
1835598,9.957025248937557,3
1835609,9.81680222104623,11
1835617,9.843797266684835,8
1835631,9.70702169085287,14
1835643,9.727375057927164,12
1835647,9.941971959219888,4
1835648,9.98677403007922,1
1835656,9.838605080796722,8
1835657,9.988545091863969,1
1835658,9.987157446999058,1
1835662,9.943283427112455,4
1835669,9.880125050946756,7
1835688,9.546732115070059,19
1835701,9.297754873917135,13
1835716,7.680333828398165,15
1835721,9.918917902478759,5
1835732,9.763637934531177,11
1835744,9.734975010073459,12
1835758,9.671137146860453,14
1835772,9.73015576312704,14
1835784,9.759667351201058,12
1835793,9.817250817984426,9
1835798,9.9210301116669,5
1835834,9.271898068195618,36
1835837,9.958876097462172,3
1835850,9.700676833922904,13
1835866,9.711990083495252,16
1835869,9.96831299866432,3
1835888,9.68854570880674,19
1835893,9.915987356771307,5
1835894,10.0,1
1835901,9.87333028470437,7
1835906,9.920178083912905,5
1835921,9.658427987893138,15
1835923,9.97706390298862,2
1835936,9.712920946680416,13
1835937,9.996257145475852,1
1835944,9.8629257731392,7
1835959,9.669719196160766,15
1835968,9.810897971171345,9
1835969,9.996065990663537,1
1835981,9.744195107956871,12
1835982,9.98657016790726,1
1835990,9.828570132172192,8
1835997,9.855319805334808,7
1836015,9.609357501719048,18
1836027,9.740069338158811,12
1836036,9.81041226201467,9
1836041,9.90970437667443,5
1836052,9.783841269979371,11
1836069,9.59419947834864,17
1836081,9.75881304679017,12
1836092,9.789577097901942,11
1836103,9.773068328078404,11
1836106,9.968382378789418,3
1836108,9.967744286860311,2
1836137,9.401997178868477,29
1836145,9.846269872178214,8
1836159,9.701621763891158,14
1836171,9.73615637157999,12
1836176,9.90749750254153,5
1836185,9.82758318583214,9
1836198,9.705328905057097,13
1836210,9.714166044955277,12
1836225,9.67090346675042,15
1836234,9.834267464089509,9
1836242,9.849985517990266,8
1836253,9.77935687212567,11
1836258,9.913475119821408,5
1836266,9.862371803880436,8
1836278,9.758889516419757,12
1836294,9.673480992767148,16
1836314,9.569354963509882,20
1836321,9.890283551903439,7
1836334,9.698899710638234,13
1836345,9.762174219735744,11
1836358,9.689802551865641,13
1836368,9.816224657396134,10
1836379,9.752463075371463,11
1836389,9.797199716450379,10
1836399,9.857832791784912,10
1836417,9.62474654479188,18
1836420,9.964670288313837,3
1836431,9.739329392476328,11
1836441,9.783372439983422,10
1836468,9.446619666095136,27
1836475,9.887290262063962,7
1836488,9.698509567849465,13
1836494,9.886576075883122,6
1836495,10.0,1
1836499,9.953266990550572,4
1836509,9.786720420158172,10
1836519,9.804982126192641,10
1836527,9.822459836643326,8
1836540,9.728446679608501,13
1836556,9.684101617587563,16
1836567,9.579010110865818,11
1836575,9.862435402008831,8
1836586,9.761151265500889,11
1836595,9.818500746334363,9
1836602,9.862409587440357,7
1836609,9.866922135390565,7
1836633,9.486317207578727,24
1836645,9.738451783284013,12
1836653,9.864319244632163,8
1836654,10.0,1
1836664,9.807239961971131,10
1836675,9.777376387920546,11
1836683,9.8448732365054,8
1836687,9.930551229840653,4
1836703,9.608909678144506,16
1836704,10.0,1
1836713,9.790316143666894,9
1836722,9.843889768355876,9
1836732,9.77637090226199,10
1836735,9.95885207890937,3
1836749,9.714372603145062,14
1836753,9.930006379091868,4
1836766,9.704709567271097,13
1836780,9.675686175859225,14
1836800,9.588602699126811,20
1836801,10.0,1
1836812,9.770130177059826,11
1836819,9.858497263352248,7
1836833,9.689163460600856,14
1836843,9.483178415337417,10
1836850,9.667486913294615,7
1836854,9.924679074865484,4
1836865,9.765122050100208,11
1836877,9.71485821728184,12
1836882,9.928026836850513,5
1836883,10.0,1
1836888,9.912111298295928,5
1836904,9.590645270521822,16
1836914,9.814016215856023,10
1836928,9.690742096859182,14
1836968,8.930239414837132,40
1836969,10.0,1
1836975,9.880829578267482,6
1836985,9.813987426064328,10
1837002,9.599841549766554,17
1837017,9.731519174195842,15
1837029,9.73085125231871,12
1837036,9.867736796672503,7
1837046,9.796390801548776,10
1837058,9.720373754393295,12
1837068,9.766391170033991,10
1837082,9.69458506534652,14
1837093,9.778109727181317,11
1837098,9.906271694297645,5
1837112,9.248220968681094,14
1837120,9.864021777779042,8
1837134,9.68209845385684,14
1837137,9.963141620559474,3
1837157,9.53337945864632,20
1837179,9.490768757251411,22
1837185,9.88950604597291,6
1837189,9.938650777125305,4
1837198,9.851594245026543,9
1837213,9.728249719999962,15
1837223,9.794081422020808,10
1837230,9.879808051105949,7
1837234,9.93777103084169,4
1837246,9.77535167346967,12
1837266,9.608548620185767,20
1837274,9.854604008267131,8
1837314,9.220365911487017,40
1837319,9.917563857430197,5
1837328,9.841423476955994,9
1837337,9.825483722281508,9
1837353,9.613534093241729,16
1837363,9.79228464094869,10
1837366,9.972028328439054,3
1837371,9.926073398301524,5
1837455,-7.637969019973529,84
1837486,9.037291466707787,31
1837487,10.0,1
1837491,9.947956099909513,4
1837505,9.69786701350044,14
1837517,9.734721049358685,12
1837525,9.826891362325537,8
1837535,9.823193352224827,10
1837546,9.76933515220173,11
1837567,9.544251491367271,21
1837576,9.845170162392655,9
1837577,9.986457220356042,1
1837583,9.897231585560855,6
1837593,9.786885248705637,10
1837594,10.0,1
1837605,9.77897444815607,11
1837619,9.695706995093937,14
1837632,9.710407940420293,13
1837641,9.849425517224878,9
1837642,10.0,1
1837643,10.0,1
1837647,9.93606984754125,4
1837655,9.862883190389834,8
1837666,9.7623692943603,11
1837669,9.951393350124725,3
1837680,9.750453755722095,11
1837693,9.704924171344492,13
1837741,8.68582636451772,48
1837750,9.824693880729647,9
1837755,9.918044889402625,5
1837757,9.97268465413042,2
1837768,9.736817644730431,11
1837781,9.724796604269944,13
1837797,9.647072726241817,16
1837803,9.896386461440763,6
1837807,9.933077443745242,4
1837827,9.306786560907401,20
1837838,9.778629190666297,11
1837844,9.88900737796163,6
1837853,9.825872259704099,9
1837864,9.763930712259958,11
1837876,9.728216071861162,12
1837882,9.917073746323108,6
1837902,9.476911882437195,20
1837914,9.733673379270044,12
1837930,9.688294579213908,16
1837942,9.743614742935478,12
1837952,9.775240863476641,10
1837962,9.782309608040718,10
1837972,9.806592679254805,10
1837985,9.740757095912382,13
1838006,9.577046284418628,21
1838008,9.979830235733862,2
1838009,10.0,1
1838023,9.528817199213664,14
1838024,10.0,1
1838035,9.784528601199735,11
1838042,9.871952854987782,7
1838055,9.72374096802609,13
1838064,9.807794582978019,9
1838068,9.930360277383597,4
1838075,9.876458550322441,7
1838076,10.0,1
1838086,9.7824723430236,10
1838087,10.0,1
1838099,9.744871854232787,12
1838106,9.873663381130566,7
1838107,10.0,1
1838128,9.540324703779879,21
1838146,9.652350520548215,18
1838165,9.541895653687167,19
1838227,8.84012391095532,62
1838233,9.910500895964088,6
1838243,9.791387066298777,10
1838253,9.8239451878426,10
1838264,9.767309578511744,11
1838269,9.922588694879492,5
1838279,9.785891974565233,10
1838288,9.824831409687757,9
1838294,9.888731666717872,6
1838296,9.978351608339041,2
1838299,9.957859475128481,3
1838300,10.0,1
1838310,9.799963857093612,10
1838311,10.0,1
1838320,9.82544166974873,9
1838321,9.99281518620124,1
1838333,9.754858020768369,12
1838345,9.723042446977262,12
1838358,9.623507177240135,13
1838364,9.900618718157713,6
1838368,9.943232420461726,4
1838369,10.0,1
1838380,9.765676887433965,11
1838391,9.782140964051841,11
1838408,9.597183406375285,17
1838413,9.915158563785978,5
1838431,9.64850626659981,18
1838434,9.94488622335576,3
1838443,9.830837795549542,9
1838454,9.77932194540203,11
1838455,10.0,1
1838463,9.83349964242422,8
1838472,9.813573064406533,9
1838488,9.610495743048276,16
1838499,9.760150131686418,11
1838500,9.992589765465354,1
1838503,9.94487698699572,3
1838513,9.774160635513017,10
1838526,9.395647601266202,13
1838533,9.862048635012735,7
1838537,9.938143996390732,4
1838541,9.923541135663331,4
1838553,9.750950758129974,12
1838568,9.63768955750191,15
1838569,10.0,1
1838573,9.950133900436306,4
1838590,9.612914159303172,17
1838599,9.81476575136443,9
1838610,9.76973090278896,11
1838620,9.790217316504501,10
1838633,9.71509187871731,13
1838647,9.680532628201425,14
1838653,9.903405351414781,6
1838663,9.85096756671277,10
1838664,9.988724631143189,1
1838670,9.877417068445009,6
1838680,9.78516644699203,10
1838683,9.952157359868185,3
1838684,10.0,1
1838694,9.807935814620599,10
1838703,9.82034099545683,9
1838707,9.927542334857858,4
1838716,9.808130642589836,9
1838729,9.723339417977684,13
1838739,9.803022847504257,10
1838747,9.842471906308633,8
1838758,9.779229177693203,11
1838759,10.0,1
1838766,9.867572301472672,7
1838781,9.706904322769494,15
1838790,9.803297934427333,9
1838803,9.648764702715702,13
1838806,9.958670307044596,3
1838816,9.786072966423937,10
1838830,9.751876743637073,14
1838845,9.655974512655597,15
1838873,8.50556935625889,28
1838884,9.745334182192456,11
1838890,9.419517972006947,6
1838895,9.91970240903573,5
1838896,9.996572486636742,1
1838897,10.0,1
1838902,9.924624557447796,5
1838914,9.77411161330622,12
1838933,9.608241132963412,19
1838940,9.874554582731708,7
1838941,10.0,1
1838948,9.873044066428957,7
1838957,9.828273457789255,9
1838962,9.910753950598895,5
1838986,9.495380482816408,24
1838990,9.93633920337629,4
1838998,9.850849194511415,8
1839016,9.668426137951279,18
1839030,9.693541247311062,14
1839033,9.955359972317495,3
1839048,9.666063986545202,15
1839051,9.96884859900145,3
1839057,9.89631015053975,6
1839064,9.883668472513769,7
1839067,9.964829730949752,3
1839081,9.685039566374135,14
1839112,5.385752937447616,31
1839121,9.813918527178627,9
1839129,9.845719927268835,8
1839144,9.653562496413887,15
1839145,10.0,1
1839153,9.860008438667666,8
1839165,9.77356241278679,12
1839181,9.695545180763775,16
1839187,9.880696845616136,6
1839198,9.773189471817819,11
1839206,9.866603502549406,8
1839217,9.787611660791956,11
1839224,9.88200818094191,7
1839229,9.912923159594964,5
1839233,9.930853180643425,4
1839244,9.77871720645846,11
1839263,9.350051672444339,19
1839275,9.717804490987996,12
1839281,9.880328010232985,6
1839291,9.83483089919177,10
1839301,9.713164648245742,10
1839305,9.94240423676311,4
1839320,9.660327005553253,15
1839321,10.0,1
1839334,9.721730631967752,13
1839346,9.784516584321842,12
1839351,9.921816958693983,5
1839358,9.847991647275245,7
1839365,9.877872984830413,7
1839377,9.778863135870724,12
1839384,9.880370396831697,7
1839394,9.798762556138145,10
1839398,9.929978932907815,4
1839405,9.860939198310808,7
1839412,9.903113295082953,7
1839422,9.808412241603394,10
1839428,9.920902483018258,6
1839442,9.67030155073046,14
1839454,9.743581990854093,12
1839468,9.73230268162319,14
1839478,9.809203344957751,10
1839483,9.908377568318661,5
1839495,9.739585341271479,12
1839506,9.743303506405109,11
1839507,10.0,1
1839520,9.713310227482234,13
1839535,9.744221658339706,15
1839551,9.647693243747169,16
1839562,9.79831983770265,11
1839574,9.730554237953832,12
1839577,9.96027531876018,3
1839593,9.654111809798584,16
1839614,9.448100600748793,21
1839637,9.337073011264245,23
1839660,9.568789473735132,23
1839661,10.0,1
1839670,9.830405122127589,9
1839683,9.729677176730707,13
1839703,6.825419941441028,20
1839732,9.342674751163102,29
1839739,9.903124606835206,7
1839741,9.97337460106266,2
1839747,9.910365263479322,6
1839752,9.934885084942184,5
1839763,9.774407399118237,11
1839771,9.854764417999721,8
1839780,9.81247533688263,9
1839792,9.768284184672837,12
1839802,9.776873420292628,10
1839808,9.895627151457784,6
1839820,9.782952647144535,12
1839824,9.943395559017114,4
1839825,10.0,1
1839826,10.0,1
1839843,9.605188347680558,17
1839857,9.709335059266676,14
1839870,9.739124927319002,13
1839885,9.663833934344854,15
1839894,9.836672006576677,9
1839911,9.518952249875761,17
1839914,9.960092006318254,3
1839915,10.0,1
1839923,9.838452825886499,8
1839942,9.647505471684646,19
1839950,9.854325047563655,8
1839963,9.729682465935953,13
1839966,9.97157253297715,3
1839967,9.988174936576907,1
1839984,8.813137848588822,17
1839999,9.68167836425212,15
1840008,9.660225270397008,9
1840013,9.908137807301694,5
1840038,9.510184867371356,25
1840047,9.809741538070094,9
1840059,9.73309682329227,12
1840068,9.818353538449783,9
1840073,9.920476371411098,5
1840093,9.515573368838817,20
1840103,9.799995445780885,10
1840106,9.968453129832152,3
1840109,9.964345923290338,3
1840111,9.984667234166588,2
1840123,9.732907587440602,12
1840137,9.713726324326545,14
1840139,9.967837301428533,2
1840151,9.746918980465471,12
1840172,9.548172958223256,21
1840184,9.769577100884927,12
1840192,9.870944294369979,8
1840203,9.778184343976715,11
1840204,10.0,1
1840217,9.687525837680953,13
1840231,9.678178931639303,14
1840274,9.249799130343884,43
1840284,9.754420799647894,10
1840290,9.896700438566814,6
1840297,9.87521635425842,7
1840317,9.56122187340037,20
1840327,9.812940641080788,10
1840336,9.841527880222342,9
1840374,9.185621957137567,38
1840382,9.829741254552118,8
1840392,9.810088211844368,10
1840399,9.890385021147523,7
1840407,9.865940480933318,8
1840423,9.60892545317861,16
1840432,9.81309743701033,9
1840439,9.866703598526426,7
1840445,9.901179176198326,6
1840456,9.738796086759889,11
1840464,9.860931231677842,8
1840475,9.803665558943006,11
1840487,9.745614693579356,12
1840498,9.761864093939097,11
1840508,9.797363563480726,10
1840520,9.71267092810823,12
1840533,9.778998692211957,13
1840537,9.942635473207686,4
1840559,9.528875299882202,22
1840635,8.534239982322509,76
1840641,9.896523372197569,6
1840654,9.72969097457117,13
1840670,9.719847514751942,16
1840671,10.0,1
1840688,9.662890574062065,17
1840689,10.0,1
1840690,10.0,1
1840704,9.69455564275609,14
1840720,9.634093664896447,16
1840728,9.84759641809469,8
1840739,9.810799157599607,11
1840749,9.780848437716008,10
1840757,9.833825777803364,8
1840758,10.0,1
1840771,9.707128444577721,13
1840777,9.887578768268849,6
1840788,9.764311028040295,11
1840795,9.886629212766445,7
1840807,9.728524027375796,12
1840817,9.825481142442715,10
1840818,10.0,1
1840826,9.859190078812068,8
1840835,9.827778425995916,9
1840847,9.749316607698917,12
1840848,9.992032998681779,1
1840852,9.939994912622584,4
1840855,9.95811922254917,3
1840871,9.74414145774656,16
1840882,9.801537682600378,11
1840887,9.937111229472288,5
1840902,9.429558166887801,15
1840923,9.616170105249903,21
1840936,9.714387812057836,13
1840943,9.877269524880552,7
1840953,9.819647171614436,10
1840956,9.95700934221214,3
1840971,9.640531792611625,15
1840979,9.86913710879198,8
1840997,9.618551541310746,18
1840998,9.996466772703672,1
1841002,9.938958718010825,4
1841007,9.919366362938383,5
1841013,9.911382129488057,6
1841018,9.92625995612395,5
1841036,9.627741148628465,18
1841049,9.711517105926344,13
1841061,9.749810894583643,12
1841074,9.762446238333192,13
1841082,9.846876485098226,8
1841089,9.862804544044646,7
1841092,9.950886740966336,3
1841096,9.93913069221548,4
1841104,9.86537167999145,8
1841109,9.922682422364673,5
1841115,9.886500802836235,6
1841120,9.908747256154083,5
1841134,9.693734777020588,14
1841142,9.843602843882616,8
1841153,9.76706480162522,11
1841155,9.977720791625948,2
1841163,9.868816288654267,8
1841172,9.821153075388263,9
1841183,9.79216605091828,11
1841184,10.0,1
1841189,9.912376487442387,5
1841202,9.720451831868502,13
1841209,9.877728112380312,7
1841210,10.0,1
1841220,9.822720311914734,10
1841234,9.686271227265138,14
1841245,9.753945969030815,11
1841249,9.931134343694508,4
1841252,9.962738795062478,3
1841259,9.879665981289767,7
1841266,9.875420409242565,7
1841274,9.876000298250606,8
1841289,9.650810443367275,15
1841297,9.879569494907129,8
1841309,9.726313658754677,12
1841315,9.898942800684111,6
1841322,9.88781807581192,7
1841340,9.69635238407111,18
1841346,9.891656760405057,6
1841355,9.86464825915318,9
1841363,9.856337844572781,8
1841382,9.169358281409563,19
1841391,9.802900738704084,9
1841399,9.840648256147892,8
1841410,9.771200024460246,11
1841419,9.837657526911118,9
1841431,9.739022956076576,12
1841446,9.69252595047203,15
1841457,9.808945384870269,11
1841458,10.0,1
1841459,10.0,1
1841467,9.86883587933061,8
1841476,9.843986317331497,9
1841492,9.648722283167482,16
1841500,9.848605336855412,8
1841508,9.849964273428313,8
1841511,9.962579664201243,3
1841512,10.0,1
1841520,9.842642997701072,8
1841539,9.548877078513081,19
1841549,9.83406263264102,10
1841550,9.996366219458729,1
1841555,9.907796430042554,5
1841558,9.954207640529885,3
1841567,9.797268942323644,9
1841568,10.0,1
1841577,9.84022165964627,9
1841586,9.803319461990373,9
1841606,9.595349168544198,20
1841624,9.513256983571951,18
1841631,9.873362430919506,7
1841639,9.870574892562969,8
1841651,9.729369545284978,12
1841660,9.804199151898272,9
1841667,9.871897197590966,7
1841675,9.847034982675439,8
1841686,9.776053546012283,11
1841689,9.959243829571268,3
1841703,9.669762808671132,14
1841715,9.727810816373122,12
1841763,-2.8583217871809588,48
1841771,9.847315900706503,8
1841783,9.751030438856748,12
1841797,9.760937642610184,14
1841798,9.988943671215608,1
1841801,9.95566440611991,3
1841817,9.698624085613583,16
1841833,9.610993371251855,16
1841839,9.884769850514113,6
1841850,9.769746574608387,11
1841896,2.6898141088078864,46
1841897,10.0,1
1841900,9.948713038893311,3
1841902,9.971310314065526,2
1841910,9.850369438566029,8
1841920,9.801015745829847,10
1841933,9.723528917965425,13
1841941,9.853574002094035,8
1841954,9.722242864832637,13
1841968,9.696256322450015,14
1841977,9.143365581997307,9
1841978,10.0,1
1841979,10.0,1
1841988,9.838028079849055,9
1842005,9.631054778319442,17
1842014,9.796505147265398,9
1842017,9.953586771449324,3
1842029,9.707711277341046,12
1842037,9.86860705289214,8
1842041,9.93773322439354,4
1842058,9.642666920720199,17
1842066,9.847402220012716,8
1842087,9.559087684473777,21
1842097,9.791178373185634,10
1842108,9.501723389213069,11
1842114,9.896727616434383,6
1842119,9.918201329803752,5
1842129,9.767922349444191,10
1842139,9.778968926214027,10
1842145,9.900992840263974,6
1842164,9.36902635811187,19
1842165,10.0,1
1842174,9.80935880246451,9
1842175,10.0,1
1842176,10.0,1
1842190,9.691670982986617,14
1842196,9.881059443220687,6
1842202,9.901029079462925,6
1842208,9.902027887475631,6
1842210,9.98714273281588,2
1842226,9.681255645963267,16
1842234,9.828639870898575,8
1842241,9.896947628200207,7
1842251,9.799544907783853,10
1842265,9.703619077562324,14
1842314,9.094702944588587,49
1842319,9.931101758853593,5
1842326,9.858393561569644,7
1842332,9.893199132696905,6
1842395,8.855864044970275,63
1842404,9.604009186761576,9
1842419,9.680265055127062,15
1842429,9.785443919245994,10
1842435,9.910991451123394,6
1842443,9.875714160451011,8
1842468,9.523650430354255,25
1842470,9.975258757556528,2
1842471,10.0,1
1842479,9.833441896215538,8
1842491,9.631256917535271,12
1842509,9.574978353832892,18
1842525,9.620919460008853,16
1842549,9.469507867988142,24
1842565,9.662370218904725,16
1842576,9.757781909279585,11
1842583,9.841618858987704,7
1842592,9.811327545358758,9
1842602,9.77416489822427,10
1842610,9.832380041709273,8
1842618,9.83748243940671,8
1842619,9.991732575644026,1
1842627,9.841294475776571,8
1842628,10.0,1
1842630,9.98150620296064,2
1842637,9.855232462586578,7
1842642,9.913078878683198,5
1842654,9.766796349792353,12
1842657,9.960095012407686,3
1842664,9.877046776756275,7
1842673,9.844709382243346,9
1842694,7.160358892895666,21
1842696,9.978725366023873,2
1842697,9.989360934574869,1
1842705,9.826038467346168,8
1842711,9.911134518527664,6
1842720,9.82489771207189,9
1842732,9.729954898335254,12
1842748,9.715057945335582,16
1842767,8.341567576835995,19
1842774,9.88685718673496,7
1842775,10.0,1
1842782,9.87908394308807,7
1842787,9.914263497726928,5
1842788,10.0,1
1842794,9.882324449383884,6
1842801,9.865446202233832,7
1842810,9.85956167334761,9
1842818,9.85150146816828,8
1842821,9.96802711063243,3
1842831,9.587341762206885,10
1842839,9.816911804673653,8
1842842,9.963343488663114,3
1842845,9.96981418767186,3
1842863,9.707968062971885,18
1842874,9.769432393804909,11
1842880,9.900326948703473,6
1842886,9.928247623039171,6
1842891,9.920596753802023,5
1842907,9.665521962342725,16
1842918,9.756279490365868,11
1842933,9.663569787973366,15
1842937,9.93357119551076,4
1842950,9.735014197192196,13
1842954,9.929638229579101,4
1842967,9.703082870389993,13
1842976,9.843945375216144,9
1842988,9.73183171820698,12
1843018,9.478142395810828,30
1843019,10.0,1
1843037,9.609678229713799,18
1843063,9.478417337159089,26
1843073,9.799813439490618,10
1843075,9.981114611306,2
1843086,9.746395176982498,11
1843090,9.923245079351291,4
1843091,10.0,1
1843097,9.880593992284286,6
1843108,9.798901752398885,11
1843122,9.688179303308795,14
1843123,10.0,1
1843140,9.639340981536373,17
1843161,9.382766844372263,21
1843167,9.913035194291183,6
1843177,9.798590980687184,10
1843181,9.94197803529393,4
1843182,10.0,1
1843184,9.976542383527867,2
1843198,9.732950321753004,14
1843213,9.677643095402894,15
1843216,9.954364771998721,3
1843217,9.995994946722204,1
1843226,9.819802878436999,9
1843237,9.77633818646561,11
1843250,9.70674267508708,13
1843261,9.807767133421601,11
1843262,10.0,1
1843270,9.85658583146702,8
1843285,9.665796896594268,15
1843291,9.886698500255989,6
1843307,9.677112709599385,16
1843329,9.466432416204594,22
1843330,10.0,1
1843337,9.86790312820434,7
1843342,9.918236321138997,5
1843348,9.907460372670666,6
1843349,9.993140098991136,1
1843355,9.879219123848106,6
1843366,9.732961377857984,11
1843367,10.0,1
1843376,9.82947745277133,9
1843384,9.839467222472436,8
1843388,9.93511393955026,4
1843404,9.641438099141263,16
1843417,9.74242105542186,13
1843429,9.744167242008414,12
1843442,9.692837624360813,13
1843454,9.745332312646545,12
1843472,9.641282761036107,18
1843482,9.78162757935099,10
1843487,9.910023517618775,5
1843498,9.745084411822978,11
1843506,9.844163876102183,8
1843513,9.853174689871814,7
1843519,9.884826239246697,6
1843524,9.91887685119984,5
1843525,10.0,1
1843535,9.799973146874727,10
1843548,9.70313251294642,13
1843549,10.0,1
1843563,9.668697263633154,14
1843574,9.744155330089622,11
1843593,9.622777572635963,19
1843594,9.996654616321724,1
1843595,10.0,1
1843611,9.660257387699753,16
1843620,9.842520045331002,9
1843633,9.679198002981817,13
1843641,9.848069214846939,8
1843648,9.871909175376583,7
1843660,9.756745227646602,12
1843661,10.0,1
1843673,9.798345738470653,12
1843674,10.0,1
1843681,9.860677956281478,7
1843689,9.834652453998405,8
1843690,10.0,1
1843700,9.829007337703068,10
1843704,9.938589238511645,4
1843714,9.330301914560685,10
1843733,9.60502770043205,19
1843745,9.727391231675762,12
1843749,9.940479523236107,4
1843750,9.996323745701684,1
1843765,9.682541914313353,15
1843772,9.896534281317024,7
1843789,9.632681812847007,17
1843791,9.973476772265606,2
1843792,10.0,1
1843797,9.91267834772567,5
1843808,9.745268331383325,11
1843829,9.47821441448839,21
1843841,9.746104412531224,12
1843860,9.58601122358215,19
1843869,9.842854557631208,9
1843873,9.938418404041727,4
1843883,9.7922648361355,10
1843884,10.0,1
1843899,9.670704259667406,15
1843915,9.63001838853765,16
1843924,9.83740979888213,9
1843930,9.905013882774197,6
1843939,9.82510291219465,9
1843949,9.791121208722467,10
1843962,9.746643431335393,13
1843971,9.8156847186821,9
1843988,9.645255906377745,17
1843997,9.834613687759104,9
1844006,9.819267732699611,9
1844015,9.828356495727704,9
1844027,9.737428865912742,12
1844044,9.622849860114716,17
1844056,9.739329850234501,12
1844075,9.56826281063886,19
1844087,9.768311882922022,12
1844089,9.97191941786783,2
1844100,9.766070420533437,11
1844115,9.650489458533938,15
1844116,10.0,1
1844125,9.709265645777466,9
1844133,9.867882335946158,8
1844139,9.904651979184736,6
1844154,9.667606090798474,15
1844158,9.937855971073004,4
1844166,9.854423883759084,8
1844179,9.704019550348521,13
1844190,9.758235622106044,11
1844193,9.958750848757598,3
1844199,9.900370394067744,6
1844213,9.685852038031905,14
1844220,9.8620654763684,7
1844225,9.912102707596825,5
1844232,9.855254554334234,7
1844233,10.0,1
1844241,9.835540160749233,8
1844246,9.92763648307473,5
1844258,9.73461227102257,12
1844264,9.879786649880607,6
1844277,9.686005387123688,13
1844291,9.655401299220623,14
1844301,9.800970924053445,10
1844310,9.810613525130007,9
1844322,9.735164950272493,12
1844336,9.48790721810692,14
1844351,9.586394918228507,15
1844359,9.83047969772551,8
1844370,9.79954677606968,11
1844380,9.79058739951087,10
1844391,9.814689107341374,11
1844398,9.886486768752187,7
1844408,9.811016844071737,10
1844420,9.72933650678248,12
1844424,9.92952528840339,4
1844427,9.964199018842262,3
1844432,9.916150486579792,5
1844445,9.768472539903517,13
1844456,9.765690828931676,11
1844464,9.86305908915409,8
1844471,9.876532961830259,7
1844493,9.570905739881837,22
1844496,9.960945396739863,3
1844507,9.787279561037597,11
1844515,9.838052921311757,8
1844525,9.778804884405782,10
1844532,9.88275404936976,7
1844546,9.669902541982168,14
1844550,9.939929482596272,4
1844557,9.872497857897727,7
1844563,9.890668021879813,6
1844569,9.883672254147656,6
1844583,9.720046513018834,14
1844614,9.384539658354944,31
1844621,9.866795993823558,7
1844622,10.0,1
1844640,9.600659550879351,18
1844645,9.931828654326669,5
1844652,9.86115975131714,7
1844659,9.865415374256246,7
1844668,9.81005233174453,9
1844679,9.737327705950275,11
1844694,9.675686231484045,15
1844703,9.827853889658943,9
1844704,10.0,1
1844717,9.734759462852164,13
1844732,9.667900525793703,15
1844743,9.777344994934648,11
1844763,9.612372926236336,20
1844783,9.573865980249188,20
1844794,9.783376341454817,11
1844801,9.874892561820607,7
1844803,9.96886012679531,2
1844813,9.807863581997374,10
1844820,9.8964513529104,7
1844830,9.817609465034405,10
1844848,9.605223549892393,18
1844868,9.6116298465037,20
1844874,9.914265866472679,6
1844884,9.796265098573883,10
1844899,9.700357248523542,15
1844905,9.919824421564115,6
1844910,9.908931992546863,5
1844926,9.626535031191343,16
1844932,9.890668035856724,6
1844950,9.63492530092561,18
1844989,9.29056998609181,39
1844996,9.857055075376971,7
1845011,9.694942220103288,15
1845026,9.688457017425025,15
1845031,9.923652707052122,5
1845036,9.930999473304102,5
1845040,9.940105267805444,4
1845044,9.940685958278689,4
1845052,9.831982556272783,8
1845066,9.713716285177451,14
1845075,9.814241070848214,9
1845085,9.786345292484647,10
1845105,9.509796014723936,20
1845110,9.921441436208633,5
1845115,9.914204447837179,5
1845116,9.996561824503956,1
1845117,10.0,1
1845130,9.71646324743836,13
1845147,9.66478298540034,17
1845155,9.812540247279351,8
1845167,9.741024342885463,12
1845185,9.582911577999187,18
1845196,9.755502702570642,11
1845206,9.807124013527334,10
1845213,9.87160460621306,7
1845218,9.924663934289885,5
1845219,10.0,1
1845220,10.0,1
1845232,9.704831439610684,12
1845235,9.965260294159272,3
1845244,9.84442344333141,9
1845255,9.784566110207965,11
1845263,9.859481232843402,8
1845269,9.904272220246778,6
1845270,10.0,1
1845281,9.77956702870062,11
1845289,9.851596300881036,8
1845307,9.577011986897215,18
1845308,10.0,1
1845321,9.739798170126011,13
1845355,9.159263423139901,34
1845366,9.766316796230948,11
1845372,9.892168762551194,6
1845380,9.832549245222546,8
1845382,9.981761707405242,2
1845395,9.727522436587117,13
1845407,9.7379503468099,12
1845413,9.908972623328964,6
1845432,9.58634103671416,19
1845442,9.79080120330143,10
1845445,9.955908968632707,3
1845462,9.637837190731094,17
1845485,9.53007737606317,23
1845490,9.910700128172875,5
1845496,9.888737055714,6
1845507,9.747398521191695,11
1845535,9.502256623107348,28
1845562,9.35170446911646,27
1845569,9.876336451546523,7
1845578,9.833309310280482,9
1845579,10.0,1
1845595,9.635865392086254,16
1845607,9.724106458638097,12
1845611,9.955199553068805,4
1845624,9.783483386920352,13
1845632,9.851335396911248,8
1845646,9.700472682961621,14
1845656,9.17387749217896,10
1845663,9.86137088152406,7
1845670,9.886244751010336,7
1845677,9.855879248269487,7
1845695,9.591182963445336,18
1845713,9.67699680074478,18
1845722,9.79476719334034,9
1845723,10.0,1
1845724,10.0,1
1845734,9.834873975655135,10
1845741,9.869539550091279,7
1845757,9.670091417216732,16
1845763,9.878529782823684,6
1845770,9.87224633231608,7
1845785,9.685734445239286,15
1845796,9.814562590925453,11
1845808,9.767774996123451,12
1845827,9.6180760356107,19
1845838,9.762637464547288,11
1845845,9.881177898925214,7
1845849,9.941217885245122,4
1845864,9.520291333665256,15
1845869,9.924812568870983,5
1845878,9.825283079259773,9
1845884,9.893428727503712,6
1845895,9.783171290402338,11
1845896,10.0,1
1845913,9.619110173991842,17
1845924,9.834680182418271,11
1845925,10.0,1
1845934,9.80500843190578,9
1845936,9.980790960770287,2
1845939,9.953948614819021,3
1845948,9.823945804224744,9
1845956,9.837814464584833,8
1845973,9.61250642109893,17
1845979,9.886369190951537,6
1846006,9.527353971722706,27
1846010,9.953263685451041,4
1846018,9.847678991458173,8
1846019,10.0,1
1846025,9.894693451448756,6
1846034,9.812228568402412,9
1846039,9.919590699054295,5
1846052,9.728260932285535,13
1846053,10.0,1
1846073,9.578983460817474,20
1846088,9.663867897003891,15
1846098,9.79314917945677,10
1846111,9.710292859483493,13
1846132,9.602763709329546,21
1846147,9.68543464956498,15
1846148,10.0,1
1846156,9.869823113457624,8
1846157,10.0,1
1846168,9.76292792542334,11
1846182,9.68334774502703,14
1846188,9.901978918284327,6
1846211,9.549306014262338,23
1846226,9.722976661318315,15
1846236,9.800638416462093,10
1846237,9.987408614058351,1
1846243,9.875042089697203,6
1846255,9.718482836867095,12
1846264,9.787933680443686,9
1846270,9.891796847441539,6
1846274,9.935390118247403,4
1846275,10.0,1
1846284,9.801606167718788,9
1846296,9.745999844732772,12
1846297,10.0,1
1846307,9.790401104740369,10
1846320,9.771762668599,13
1846330,9.792306882121462,10
1846338,9.8516396560905,8
1846358,9.4918335678236,20
1846359,10.0,1
1846360,9.99302397368199,1
1846367,9.859157089341814,7
1846372,9.928685155414351,5
1846378,9.901452869266526,6
1846380,9.975891215878775,2
1846390,9.789760820744547,10
1846400,9.774117669814578,10
1846409,9.811459168792132,9
1846418,9.8378999229118,9
1846420,9.98027453384949,2
1846429,9.815271692517022,9
1846442,9.761573870937681,13
1846449,9.856726352799432,7
1846458,9.841704692100352,9
1846464,9.888769381243117,6
1846477,9.715480155445267,13
1846489,9.77227017382946,12
1846500,9.785565349839745,11
1846508,9.838286183364144,8
1846517,9.84757753900521,9
1846536,9.65676066682819,19
1846545,9.833054862178644,9
1846556,9.744702577984713,11
1846566,9.781874934553409,10
1846569,9.957646769549191,3
1846570,10.0,1
1846573,9.951055860124873,3
1846583,9.769241845704116,10
1846586,9.948897254942697,3
1846594,9.844354118026663,8
1846602,9.840283717287765,8
1846609,9.867169147223368,7
1846627,9.492165339374095,18
1846632,9.89973802162192,5
1846644,9.769460685552218,12
1846664,9.60260486487842,20
1846680,9.65063755711228,16
1846689,9.809742846120326,9
1846700,9.828915636026442,11
1846705,9.917786604698088,5
1846714,9.800101219843722,9
1846724,9.84198699999046,10
1846741,9.59264411186433,17
1846758,9.698895177185996,17
1846767,9.826915644235319,9
1846775,9.83850060950901,8
1846786,9.775236742395732,11
1846792,9.884160573510572,6
1846804,9.735479179371865,12
1846819,9.700106243653913,15
1846820,10.0,1
1846833,9.723447170875184,13
1846851,9.54578695320343,18
1846865,9.68028888352122,14
1846873,9.833499149846412,8
1846885,9.770905627542753,12
1846898,9.731800404558044,13
1846911,9.703794797444637,13
1846923,9.712674796070251,12
1846925,9.983382784598183,2
1846938,9.685195941540247,13
1846939,10.0,1
1846944,9.94110879930959,5
1846957,9.751833769015217,13
1846973,9.607604365965594,16
1846974,10.0,1
1846982,9.848091098610265,8
1846990,9.828252702705333,8
1847000,9.823862822037915,10
1847003,9.965825936667924,3
1847013,9.793447217038564,10
1847044,9.294308817647607,31
1847045,10.0,1
1847048,9.968500055792983,3
1847053,9.928545136808337,5
1847067,9.656455926734333,14
1847073,9.901305730303108,6
1847084,9.776396942730956,11
1847093,9.834525936054973,9
1847096,9.966435686839082,3
1847104,9.869330848881802,8
1847110,9.903542200173025,6
1847125,9.762595227934558,15
1847133,9.831330358308676,8
1847136,9.958791632211142,3
1847146,9.837158815250907,10
1847155,9.821018574176486,9
1847165,9.823788538476393,10
1847168,9.96273293621857,3
1847175,9.883541276257397,7
1847192,9.599812399810839,17
1847202,9.77892569762823,10
1847218,9.19581763918943,16
1847223,9.907524548151619,5
1847232,9.81218878497414,9
1847240,9.841175534510802,8
1847251,9.804708072034142,11
1847263,9.75770175535208,12
1847269,9.905149324485041,6
1847276,9.852260590436568,7
1847282,9.881997499090971,6
1847288,9.901674124359749,6
1847291,9.959767358960049,3
1847299,9.846090539037588,8
1847303,9.933880223252721,4
1847306,9.959471507857195,3
1847311,9.915277335628621,5
1847324,9.725044586148798,13
1847336,9.644538695231835,12
1847342,9.873556840683307,6
1847357,9.655745992594362,15
1847358,10.0,1
1847368,9.808194202313926,10
1847377,9.79493176173124,9
1847386,9.712014027300945,9
1847397,9.766895620994598,11
1847406,9.809997862571484,9
1847415,9.84981670528099,9
1847427,9.76211763622425,12
1847440,9.74471245584627,13
1847448,9.852125665642719,8
1847452,9.937983781296452,4
1847456,9.92262204836572,4
1847469,9.720987746580239,13
1847475,9.899534326718328,6
1847486,9.755609625146741,11
1847501,9.664633360812307,15
1847510,9.819557910617865,9
1847511,10.0,1
1847517,9.898742100814877,6
1847526,9.840276706672531,9
1847531,9.91106498487265,5
1847538,9.85625883500591,7
1847554,9.629865263352844,16
1847562,9.877581778739623,8
1847571,9.826597672596709,9
1847593,9.425475496117397,22
1847611,9.679684480266802,18
1847612,10.0,1
1847615,9.95306881749064,3
1847621,9.90295745851156,6
1847631,9.808395301813716,10
1847638,9.878148023510978,7
1847651,9.692397511704758,13
1847662,9.773250398854723,11
1847669,9.868605076555992,7
1847670,10.0,1
1847673,9.962216809032718,3
1847684,9.75818792327102,11
1847696,9.758265477686622,12
1847705,9.78951592997091,9
1847717,9.78007010104647,12
1847718,10.0,1
1847721,9.955868152366621,3
1847738,9.63875490370188,17
1847740,9.983788282429854,2
1847747,9.884897124310571,7
1847759,9.70750072971878,12
1847760,10.0,1
1847784,9.571331747889936,24
1847791,9.888158999343766,7
1847810,9.55506756943224,19
1847825,9.661165190600915,15
1847835,9.798408591302074,10
1847841,9.899218956394131,6
1847853,9.770878209210984,12
1847862,9.837910660438553,9
1847868,9.898586073457896,6
1847872,9.942528545115541,4
1847886,9.668278237894846,14
1847894,9.868772854163154,8
1847895,10.0,1
1847905,9.817712274606166,10
1847908,9.965663340682838,3
1847913,9.93595419737831,5
1847926,9.717244202033013,13
1847937,9.750373221490339,11
1847943,9.906597478895058,6
1847951,9.862489512894982,8
1847964,9.722151482081324,13
1847983,9.613655717781855,19
1847984,10.0,1
1847993,9.81435451024388,9
1847998,9.923809061779458,5
1848008,9.793718167463208,10
1848018,9.788787790498073,10
1848026,9.852193227822864,8
1848027,10.0,1
1848033,9.909752225991573,6
1848039,9.908394938872036,6
1848051,9.744357535594139,12
1848061,9.791812828991626,10
1848070,9.856153663881054,9
1848071,10.0,1
1848079,9.844740507715242,8
1848093,9.649646493443658,14
1848105,9.734862887429102,12
1848119,9.679767188002232,14
1848129,9.790317561429735,10
1848133,9.93120912939867,4
1848142,9.825951865837602,9
1848157,9.261320047260934,15
1848159,9.972654879353744,2
1848167,9.853559670602706,8
1848174,9.872617952600855,7
1848175,10.0,1
1848176,10.0,1
1848190,9.695449876839087,14
1848192,9.973398126162133,2
1848201,9.797646113897594,9
1848203,9.972082052210675,2
1848216,9.741164762684784,13
1848230,9.68750800950446,14
1848244,9.682252176142722,14
1848251,9.869323625078621,7
1848255,9.941825138643809,4
1848265,9.778608412828174,10
1848272,9.881384395923982,7
1848275,9.96368305772288,3
1848281,9.877304875170966,6
1848291,9.78904054253908,10
1848299,9.823184357791856,8
1848305,9.888085547226114,6
1848306,10.0,1
1848316,9.80724862387351,10
1848317,9.993075538938182,1
1848325,9.844706019841395,8
1848332,9.88310189618834,7
1848334,9.973093283898741,2
1848347,9.721321334405452,13
1848353,9.694380717330798,6
1848357,9.945435458271065,4
1848367,9.80782888986282,10
1848375,9.840345474067716,8
1848384,9.84208163625337,9
1848393,9.833417584559342,9
1848410,9.66797216854483,17
1848411,9.996381519579538,1
1848425,9.692610521866017,14
1848431,9.88019868083344,6
1848442,9.783528145591577,11
1848456,9.7263458644493,14
1848457,10.0,1
1848463,9.713833167358494,6
1848474,9.791229638749511,11
1848495,9.537811020244128,21
1848501,9.8849974271383,6
1848504,9.966394679825644,3
1848513,9.84016615487414,9
1848528,9.673560124969189,15
1848536,9.829836791735998,8
1848543,9.869142494638904,7
1848552,9.810893984103753,9
1848555,9.967661121910574,3
1848564,9.833337149344075,9
1848572,9.833638602960274,8
1848642,8.649791995149155,70
1848644,9.970939546895144,2
1848649,9.918146051590485,5
1848660,9.765441363048058,11
1848671,9.767534177593523,11
1848678,9.889307872864268,7
1848688,9.806261918592485,10
1848694,9.909592176409612,6
1848702,9.833450919368282,8
1848713,9.785908928050032,11
1848726,9.697111417316302,13
1848734,9.846474846124133,8
1848741,9.872122086132459,7
1848753,9.762823152235729,12
1848754,10.0,1
1848767,9.76234946447894,13
1848779,9.749667401305508,12
1848780,10.0,1
1848786,9.904226257891931,6
1848796,9.849496464281794,10
1848807,9.803673776413897,11
1848812,9.929989833939535,5
1848824,9.779712956794052,12
1848825,10.0,1
1848833,9.834372061191788,8
1848866,8.948254273788832,33
1848883,9.445001015169556,17
1848890,9.86978907101511,7
1848905,9.67227136017066,15
1848911,9.879099430880618,6
1848916,9.911915842205786,5
1848920,9.941646384347786,4
1848930,9.796296448508025,10
1848938,9.878092898170856,8
1848951,9.723702597435457,13
1848959,9.843938239257586,8
1848971,9.292639624929107,12
1848978,9.868519978738318,7
1848994,9.681516963305999,16
1849010,9.64068318713327,16
1849011,10.0,1
1849018,9.874097919668209,7
1849034,9.65142383846964,16
1849053,8.156819131803262,19
1849062,9.814666953749699,9
1849065,9.959782148775123,3
1849074,9.809593236615427,9
1849086,9.749062009688037,12
1849087,10.0,1
1849088,10.0,1
1849093,9.90965647252737,5
1849094,10.0,1
1849102,9.84790432394804,8
1849118,9.662886078064798,16
1849134,9.641072045568265,16
1849150,9.527827072808776,16
1849162,9.748605750076852,12
1849166,9.930602816706596,4
1849167,10.0,1
1849175,9.827612523864646,8
1849188,9.703360358747512,13
1849195,9.86828384824856,7
1849205,9.79103618118678,10
1849206,9.993140897641213,1
1849210,9.948351867308906,4
1849213,9.967305664061533,3
1849216,9.961102437222355,3
1849225,9.82072076749207,9
1849275,-6.005411564551858,50
1849306,9.404105127841653,31
1849315,9.819769808479903,9
1849329,9.713973151301241,14
1849339,9.813226572766622,10
1849346,9.879806232170095,7
1849354,9.832292249589345,8
1849366,9.746223387895922,12
1849378,9.715812340668212,12
1849386,9.84728536379776,8
1849397,9.768379909672138,11
1849398,10.0,1
1849407,9.821107320196028,9
1849410,9.960367103171992,3
1849423,9.736152162039442,13
1849429,9.888139583977068,6
1849440,9.766310918553138,11
1849445,9.920903447229755,5
1849452,9.879994027593883,7
1849461,9.826637862979235,9
1849470,9.80275385399109,9
1849481,9.78459487144808,11
1849489,9.855128855308385,8
1849496,9.876677467505955,7
1849509,9.733434757060987,13
1849518,9.828729844594543,9
1849524,9.795689708801316,6
1849539,9.69083032335029,15
1849551,9.76668985179724,12
1849559,9.842926842151696,8
1849572,9.712365206121635,13
1849573,10.0,1
1849581,9.868627698825687,8
1849582,9.992854287385446,1
1849594,9.743465322975094,12
1849605,9.755488074321837,11
1849606,9.996407569890073,1
1849622,9.64398814746524,16
1849623,10.0,1
1849641,9.664187494422919,18
1849645,9.943472986008999,4
1849652,9.88859894593693,7
1849655,9.969042731425066,3
1849659,9.933017588327052,4
1849664,9.926735171870034,5
1849665,10.0,1
1849673,9.768481552156533,8
1849674,10.0,1
1849683,9.717760907786387,9
1849696,9.672734381036978,13
1849697,10.0,1
1849707,9.79387782095359,10
1849712,9.82680424520667,5
1849717,9.913027086608022,5
1849724,9.876642016571388,7
1849735,9.765700507186557,11
1849744,9.812812943079129,9
1849752,9.873183392651148,8
1849757,9.921000971423158,5
1849758,9.992381889288014,1
1849772,9.706339519617318,14
1849784,9.735807888454817,12
1849793,9.836698574670367,9
1849794,10.0,1
1849823,9.328072999783624,29
1849828,9.920752330073544,5
1849832,9.93194292185449,4
1849839,9.880443818443803,7
1849840,10.0,1
1849854,9.77401488230378,14
1849862,9.851979306326172,8
1849879,9.61523131293276,17
1849880,9.99273919359131,1
1849892,9.747160352557769,12
1849903,9.77709585156726,11
1849909,9.885047023992183,6
1849937,9.400052815456446,28
1849958,9.506550771529824,21
1849959,10.0,1
1849964,9.922295925259476,5
1849986,9.492413375967455,22
1849990,9.934125973461677,4
1850003,9.702429400293104,13
1850009,9.893309101696202,6
1850019,9.793831788086734,10
1850023,9.949613787474602,4
1850028,9.920204559757677,5
1850029,9.988502555518677,1
1850030,10.0,1
1850031,10.0,1
1850045,9.650358400594923,14
1850057,9.762173158692454,12
1850058,10.0,1
1850060,9.972246342956499,2
1850062,9.978535544612862,2
1850073,9.766931209454228,11
1850083,9.811481484652303,10
1850102,9.576090113657422,19
1850103,10.0,1
1850109,9.89912063730808,6
1850120,9.770538382618106,11
1850135,9.679389915625551,15
1850142,9.878980314448375,7
1850151,9.79731678314544,9
1850161,9.784706437403466,10
1850170,9.826840579101635,9
1850181,9.78653941971122,11
1850191,9.809099294777257,10
1850200,9.810381058589025,9
1850203,9.960606434741473,3
1850217,9.574703893183377,14
1850232,9.668391091375883,15
1850235,9.96127914687976,3
1850244,9.825990076986066,9
1850259,9.698250834877806,15
1850266,9.88422964708289,7
1850278,9.775173417575687,12
1850302,9.52807851035528,24
1850312,9.810167699391682,10
1850313,10.0,1
1850324,9.771399158855006,11
1850329,9.920533811019855,5
1850336,9.87620144699108,7
1850351,9.67548579144805,15
1850360,9.820120520841794,9
1850381,9.542099626547449,21
1850394,9.73501022153768,13
1850395,10.0,1
1850407,9.716051612575034,12
1850418,9.766000461521802,11
1850425,9.886647241618245,7
1850439,9.711714825843679,14
1850451,9.776850036428039,12
1850461,9.819061390236175,10
1850476,9.706734660672112,15
1850484,9.842722051588364,8
1850494,9.837116358379097,10
1850498,9.940983558493395,4
1850505,9.882143122536467,7
1850508,9.963162347216803,3
1850527,9.552095487978871,19
1850534,9.860701301499589,7
1850543,9.811548107901546,9
1850546,9.950361748102367,3
1850558,9.714555470059562,12
1850562,9.945763878966721,4
1850574,9.728030932549354,12
1850587,9.739805098553592,13
1850599,9.790242603394072,12
1850615,9.659372553833183,16
1850618,9.969168863253422,3
1850619,10.0,1
1850625,9.895745271948812,6
1850633,9.75594619488239,8
1850642,9.829036361506523,9
1850653,9.825841918733055,11
1850658,9.930662714213968,5
1850670,9.743024081225274,12
1850687,9.619265597002766,17
1850692,9.918836039291127,5
1850702,9.776300480903444,10
1850711,9.838170941089091,9
1850716,9.909429291811705,5
1850726,9.807742621866215,10
1850738,9.752615745008857,12
1850746,9.827146523280254,8
1850750,9.939233211545053,4
1850770,9.548589410647246,20
1850781,9.775688306894764,11
1850782,10.0,1
1850803,9.540311078927074,21
1850820,9.624018439269058,17
1850828,9.83814837316752,8
1850840,9.731627766240157,12
1850852,9.728337529478024,12
1850863,9.772402868153566,11
1850869,9.887090962392982,6
1850880,9.777278326460412,11
1850888,9.848020698437251,8
1850904,9.651770907356283,16
1850905,10.0,1
1850914,9.83013814494232,9
1850918,9.952766690071135,4
1850919,10.0,1
1850932,9.743257138267106,13
1850946,9.71161505888813,14
1850957,9.815897293742612,11
1850969,9.759158698315304,12
1850970,10.0,1
1850980,9.513238215922522,10
1850981,10.0,1
1850982,10.0,1
1850994,9.775056728158932,12
1851015,9.53677639443366,21
1851024,9.817593591883764,9
1851029,9.932037883066615,5
1851038,9.813820294037853,9
1851064,9.16828518563806,26
1851074,9.81307448616392,10
1851084,9.757846843184572,10
1851098,9.702490845655257,14
1851110,9.738963986338067,12
1851117,9.86310818290578,7
1851132,9.651612422783211,15
1851144,9.7350801734769,12
1851154,9.792243663116814,10
1851163,9.803962783740332,9
1851173,9.788038389240366,10
1851181,9.829201884752006,8
1851183,9.974241563270848,2
1851190,9.889762979117014,7
1851192,9.971096263087883,2
1851196,9.93456186266893,4
1851200,9.947335012255913,4
1851208,9.837167834755698,8
1851214,9.90024046792785,6
1851224,9.800623462710979,10
1851232,9.652444913121416,8
1851246,9.690109541500796,14
1851276,9.392213672247212,30
1851285,9.860477341412926,9
1851302,9.66337430627904,17
1851315,9.761682720378134,13
1851320,9.921230407620337,5
1851333,9.737777573244305,13
1851340,9.852896803994362,7
1851341,10.0,1
1851346,9.91687476894792,5
1851353,9.788450285198754,7
1851367,9.69805780185235,14
1851375,9.861271616500504,8
1851388,9.761179724584826,13
1851405,9.645730070806039,17
1851407,9.972271899487275,2
1851416,9.819215254198978,9
1851426,9.805386188604414,10
1851427,10.0,1
1851434,9.85227900034503,7
1851452,9.631806032463018,18
1851459,9.867007936997775,7
1851474,9.711050063406711,15
1851486,9.772541529008855,12
1851491,9.917249476761695,5
1851492,10.0,1
1851505,9.740270515322452,13
1851507,9.972048279564898,2
1851514,9.87126092731956,7
1851525,9.760132362960801,11
1851526,10.0,1
1851527,10.0,1
1851537,9.813243856670699,10
1851543,9.89189733766724,6
1851551,9.856030152636608,8
1851552,10.0,1
1851558,9.885741439614252,6
1851566,9.846329151927968,8
1851581,9.690929589212493,15
1851582,10.0,1
1851589,9.849439744834072,7
1851595,9.870937052101688,6
1851596,9.98864332659543,1
1851605,9.818174151400543,9
1851611,9.909795537796253,6
1851615,9.945142133178278,4
1851616,9.98917023972622,1
1851620,9.928990000639734,4
1851635,9.673771810596412,15
1851647,9.740572746155506,12
1851650,9.963789319317655,3
1851656,9.47885525605881,6
1851659,9.969114510058635,3
1851672,9.730991809288291,13
1851673,10.0,1
1851680,9.657539639511098,7
1851692,9.728521239596162,12
1851696,9.936328140636743,4
1851703,9.854666046076378,7
1851715,9.64343597249505,12
1851727,9.736848185395804,12
1851746,9.568049076294418,19
1851768,9.472613210492321,22
1851774,9.870398915934985,6
1851783,9.820895492693825,9
1851796,9.67604736791208,13
1851821,9.345897665083779,25
1851825,9.926364980892645,4
1851837,9.719331072215155,12
1851843,9.891128212864396,6
1851850,9.873870445323348,7
1851859,9.80620491800092,9
1851860,10.0,1
1851868,9.858784582999224,8
1851869,10.0,1
1851880,9.7628834117192,11
1851889,9.828767699278181,9
1851895,9.89025032769532,6
1851903,9.848968792284305,8
1851904,10.0,1
1851906,9.971810905711076,2
1851907,10.0,1
1851913,9.885139609139612,6
1851920,9.87014298904014,7
1851926,9.878975166485642,6
1851931,9.905260135331789,5
1851937,9.88563174574347,6
1851940,9.954389914874337,3
1851946,9.89676893098591,6
1851957,9.7603825470555,11
1851966,9.799462251283373,9
1851972,9.905160107240263,6
1851996,9.348266674094555,24
1852014,9.583792171658638,18
1852022,9.86287183100095,8
1852025,9.945879180106452,3
1852030,9.927073002574813,5
1852042,9.765903478076442,12
1852056,9.682583979738892,14
1852061,9.902605475584842,5
1852068,9.87536366087202,7
1852087,9.500741029202324,19
1852097,9.796167901834409,10
1852104,9.858079901013621,7
1852120,9.603103615485226,16
1852137,9.677699160655909,17
1852146,9.836920102686552,9
1852156,9.824808830962676,10
1852170,9.685984913680272,14
1852179,9.816258294235487,9
1852180,10.0,1
1852181,10.0,1
1852189,9.858205587363637,8
1852195,9.894290984445458,6
1852196,10.0,1
1852204,9.846978243205287,8
1852211,9.894631507575756,7
1852212,10.0,1
1852228,9.617353942512807,16
1852235,9.840770868492925,7
1852238,9.952314388251851,3
1852245,9.865743338450264,7
1852250,9.90147072333441,5
1852253,9.965240030860231,3
1852265,9.741297023466421,12
1852277,9.732886453308309,12
1852280,9.970027559568452,3
1852296,9.669258088562298,16
1852305,9.829372256251402,9
1852317,9.742035540807592,12
1852319,9.972361098629257,2
1852326,9.883396189942466,7
1852339,9.755071127094588,13
1852347,9.858395894235876,8
1852416,8.691404035894488,69
1852424,9.879737028060163,8
1852428,9.93943362159182,4
1852435,9.876025769635127,7
1852447,9.778858935351435,12
1852448,9.992522424090792,1
1852449,10.0,1
1852450,10.0,1
1852457,9.870504409396789,7
1852458,10.0,1
1852463,9.912291008512423,5
1852468,9.938370171235084,5
1852472,9.938321152912325,4
1852484,9.759314793154447,12
1852498,9.687404993832423,14
1852507,9.85649299888269,9
1852514,9.879204520701277,7
1852521,9.862167896215345,7
1852534,9.706328896564843,13
1852540,9.89745651826761,6
1852554,9.69031442621847,14
1852563,9.842373214613469,9
1852577,9.693679135315065,14
1852582,9.917854489779774,5
1852595,9.714746589064738,13
1852596,10.0,1
1852605,9.822793686151206,9
1852607,9.983463208713742,2
1852615,9.826305270119496,8
1852625,9.792363244204374,10
1852634,9.812132124920776,9
1852646,9.714608065179752,12
1852657,9.736728767271385,11
1852668,9.781359628435549,11
1852675,9.876186232344637,7
1852677,9.98358368617989,2
1852681,9.944547221456187,4
1852690,9.823843732809625,9
1852698,9.857940677065173,8
1852708,9.766129294598796,10
1852719,9.755739122131887,11
1852725,9.915921403509985,6
1852733,9.862969158689955,8
1852749,9.658819255119498,16
1852753,9.933303276518998,4
1852763,9.79406523362041,10
1852779,9.63022161064844,16
1852780,10.0,1
1852789,9.828841179049114,9
1852790,10.0,1
1852798,9.849763323549093,8
1852810,9.74494859790426,12
1852824,9.686519317557915,14
1852837,9.713215855566958,13
1852838,10.0,1
1852839,10.0,1
1852842,9.955534453465123,3
1852857,9.620989346962958,15
1852867,9.801539898831587,10
1852882,9.653056447095256,15
1852896,9.70121460439931,14
1852898,9.979615271307464,2
1852911,9.738913909261406,13
1852923,9.722957986279315,12
1852931,9.86703271642607,8
1852935,9.948603526582243,4
1852941,9.898631121646353,6
1852955,9.737178502213181,14
1852979,9.491707714528902,24
1852997,9.640248913893195,18
1853001,9.9491888617183,4
1853006,9.92439725669039,5
1853013,9.851393734468282,7
1853016,9.959471299569465,3
1853027,9.742313545364846,11
1853028,9.992185394220279,1
1853031,9.949116468881458,3
1853050,9.544248453055394,19
1853072,9.506066376448048,22
1853082,9.782659894211902,10
1853089,9.865989097387724,7
1853106,9.623608930031194,17
1853107,10.0,1
1853108,10.0,1
1853116,9.854472472530865,8
1853124,9.868155234228505,8
1853128,9.947388539931017,4
1853135,9.89244011028565,7
1853138,9.952073522974837,3
1853148,9.77788765931124,10
1853149,10.0,1
1853150,9.988655279314171,1
1853160,9.76818119680129,10
1853167,9.874398067072953,7
1853188,9.596396369754098,21
1853190,9.975808174939479,2
1853199,9.819074941554367,9
1853207,9.820203981548982,8
1853212,9.923540984927051,5
1853216,9.94156027684763,4
1853228,9.734678408936263,12
1853229,9.989870340207426,1
1853236,9.868675380735073,7
1853248,9.733783067039171,12
1853263,9.695907798816648,15
1853271,9.86971211463817,8
1853286,9.718642773948218,15
1853297,9.784068941625739,11
1853309,9.765930610629121,12
1853314,9.91703283423328,5
1853316,9.9720823972303,2
1853326,9.805171062357827,10
1853339,9.70755279338531,13
1853350,9.779601184496295,11
1853360,9.67712450715504,10
1853367,9.864702616261834,7
1853375,9.837547291898769,8
1853382,9.853307695466716,7
1853391,9.834782976899213,9
1853406,9.673207539951756,15
1853431,9.518106259085425,25
1853441,9.81782769140367,10
1853450,9.81925857917367,9
1853472,9.514286538954279,22
1853473,10.0,1
1853474,10.0,1
1853484,9.78381190840317,10
1853495,9.779858412069428,11
1853503,9.850014268783443,8
1853506,9.951782093054252,3
1853516,9.763122577559123,10
1853534,9.586038563435054,18
1853542,9.834500052721726,8
1853556,9.37466294189146,14
1853564,9.83611498582548,8
1853577,9.733900612374837,13
1853578,10.0,1
1853586,9.85602379789072,8
1853606,9.587026201027077,20
1853607,9.988568700735234,1
1853617,9.793356177052967,10
1853637,9.528671802215792,20
1853653,9.652507354872201,16
1853664,9.760750555157955,11
1853668,9.95228821646882,4
1853673,9.925910152238645,5
1853695,9.426473863693438,22
1853700,9.91392091573568,5
1853721,9.475560051392812,21
1853731,9.78680821988979,10
1853746,9.70129436173936,15
1853761,9.61031726006279,15
1853762,10.0,1
1853767,9.930313300281163,5
1853782,9.738105343588945,15
1853796,9.697874725941462,14
1853817,9.58599037766178,21
1853831,9.702286711804257,14
1853845,9.682727861081736,14
1853846,9.992530454803957,1
1853847,10.0,1
1853857,9.808110613555055,10
1853869,9.754942873834839,12
1853882,9.794744765882927,13
1853911,8.96058919053072,29
1853922,9.789444436421388,11
1853925,9.958715577885455,3
1853930,9.93418835524304,5
1853934,9.940955830045375,4
1853946,9.756844959387925,12
1853950,9.937953382213806,4
1853971,9.522661810767753,21
1853972,10.0,1
1853976,9.945361505008538,4
1853985,9.83684783302274,9
1854000,9.68322520207251,15
1854022,9.50141879678155,22
1854029,9.860313426920545,7
1854038,9.840565616297397,9
1854060,9.6230267476511,22
1854071,9.76767855698292,11
1854083,9.775265854555924,12
1854093,9.793726474572484,10
1854104,9.795272488720766,11
1854107,9.949465413982102,3
1854120,9.72964070800046,13
1854124,9.932776407355124,4
1854131,9.88095560613532,7
1854141,9.77845647939117,10
1854147,9.898887708168857,6
1854155,9.84390958129577,8
1854165,9.791358811775142,10
1854175,9.776014183180605,10
1854185,9.805825561850973,10
1854191,9.577506574765396,6
1854201,9.77559901700438,10
1854210,9.834614148051285,9
1854217,9.860889498728405,7
1854229,9.743300371508582,12
1854242,9.71951686662032,13
1854250,9.849870003864506,8
1854259,9.83235638266448,9
1854275,9.657422392208161,16
1854287,9.767469154665939,12
1854299,9.776639976580181,12
1854310,9.803551305865877,11
1854318,9.838669300817502,8
1854334,9.60652913359532,16
1854347,9.728210851470555,13
1854348,10.0,1
1854360,9.7715461870937,12
1854366,9.905119680234629,6
1854367,10.0,1
1854387,9.011074259886984,20
1854399,9.724481289412948,12
1854402,9.961587594461708,3
1854415,9.755972784716402,13
1854416,10.0,1
1854421,9.926324434831137,5
1854428,9.880821248423608,7
1854437,9.811905792301902,9
1854445,9.835544526301886,8
1854456,9.77529887399466,11
1854461,9.92637489111563,5
1854484,9.582803840016405,23
1854487,9.962445375367016,3
1854510,9.258804354791407,23
1854522,9.719279908381411,12
1854534,9.736826335214845,12
1854538,9.93739093412893,4
1854541,9.962724658947396,3
1854561,9.62592713258216,20
1854584,9.592680236776282,23
1854596,9.749026318744658,12
1854597,10.0,1
1854598,9.996649990645523,1
1854605,9.890898382020591,7
1854621,9.649174982493745,16
1854628,9.855386260003009,7
1854640,9.734347727950484,12
1854642,9.976122136162017,2
1854646,9.928877464113727,4
1854656,9.795229617965287,10
1854667,9.790521514216266,11
1854668,9.996036634403323,1
1854669,10.0,1
1854678,9.811431996340282,9
1854697,9.523828258454031,19
1854701,9.947239908181825,4
1854712,9.789050400180587,11
1854719,9.86810301630607,7
1854720,10.0,1
1854728,9.826054495532093,8
1854737,9.830932554963885,9
1854745,9.847618218916187,8
1854755,9.790007694152417,10
1854756,10.0,1
1854759,9.958161767108821,3
1854766,9.86294233868924,7
1854773,9.890972104818397,7
1854776,9.948943340592326,3
1854777,10.0,1
1854778,10.0,1
1854794,9.626565690982304,16
1854804,9.781282073523869,10
1854814,9.829901823786138,10
1854822,9.837450582895196,8
1854828,9.889183863934623,6
1854841,9.713592627920672,13
1854842,10.0,1
1854854,9.76859462189436,12
1854855,10.0,1
1854869,9.667905662792334,14
1854885,9.620028219654207,16
1854893,9.855207011959061,8
1854908,9.66247632949472,15
1854920,9.703668967270685,12
1854930,9.76882213359332,10
1854938,9.852467574625862,8
1854947,9.835527137897346,9
1854969,9.034155495509692,22
1854975,9.874159261151943,6
1854979,9.93388559147107,4
1854985,9.891222780004924,6
1854996,9.763216100615772,11
1855009,9.712068346418128,13
1855020,9.557811119606223,11
1855034,9.74519212903417,14
1855051,9.624033204592283,17
1855061,9.792772550769865,10
1855069,9.853308723679959,8
1855070,9.988822359379572,1
1855079,9.835899685226947,9
1855087,9.8870995647105,8
1855102,9.665682566569012,15
1855106,9.94089392688575,4
1855111,9.922468376201845,5
1855122,9.794452682804595,11
1855129,9.874404643785113,7
1855136,9.854621108089342,7
1855152,9.703014071221494,16
1855166,9.666937876567523,14
1855169,9.964469022676848,3
1855180,9.77419061418222,11
1855190,9.793122930558159,10
1855206,9.622728237536768,16
1855207,10.0,1
1855213,9.890048776670188,6
1855226,9.696657845976192,13
1855228,9.97334885659928,2
1855235,9.903243189066758,7
1855244,9.816051014219806,9
1855253,9.809265667609667,9
1855270,9.58891610396283,17
1855280,9.850722591431854,10
1855293,9.755277237097712,13
1855299,9.907997077457749,6
1855303,9.953730312034008,4
1855325,9.486563411023557,22
1855328,9.956336397228739,3
1855431,2.898372258396554,103
1855443,9.774320422277,12
1855455,9.763110298894107,12
1855464,9.845364036151173,9
1855470,9.890659033403379,6
1855475,9.92140075176589,5
1855478,9.957437695442541,3
1855488,9.850301285089616,10
1855498,9.8291322429245,10
1855508,9.787855972005186,10
1855522,9.684979958733601,14
1855528,9.888251020711424,6
1855532,9.839280409000295,4
1855541,9.849301263662552,9
1855550,9.822826811002376,9
1855551,9.996573349953385,1
1855552,10.0,1
1855563,9.776333681158276,11
1855572,9.833650298097625,9
1855581,9.85026905602856,9
1855589,9.865487671350563,8
1855596,9.847238040295668,7
1855623,7.203124464848273,27
1855629,9.894749385776407,6
1855630,10.0,1
1855639,9.803774430872371,9
1855652,9.72900330561142,13
1855656,9.945819945627019,4
1855666,9.800493168914963,10
1855676,9.812188248708903,10
1855687,9.782180524616228,11
1855699,9.751315031230966,12
1855700,10.0,1
1855705,9.907799495765929,5
1855708,9.950016341921419,3
1855721,9.684872031183012,13
1855743,9.495610379081349,22
1855751,9.848339049935257,8
1855762,9.77509982482871,11
1855773,9.760527793189183,11
1855781,9.848858929621969,8
1855785,9.949530554884863,4
1855800,9.679463800619958,15
1855831,8.811479663118835,31
1855851,9.590783430049617,20
1855861,9.69344568373587,10
1855873,9.752511912873477,12
1855874,10.0,1
1855875,10.0,1
1855890,9.680763511234067,15
1855900,9.81598686834418,10
1855919,9.601804714448141,19
1855925,9.898640104685846,6
1855935,9.803493986629139,10
1855938,9.956593686760268,3
1855945,9.875362403273204,7
1855956,9.637756483038757,11
1855967,9.784309009271132,11
1855968,10.0,1
1855974,9.900203987637443,6
1855988,9.689219848445598,14
1855994,9.889716985690614,6
1856002,9.844722255578604,8
1856017,9.656397169098254,15
1856027,9.77941405079539,10
1856039,9.745149456706566,12
1856040,10.0,1
1856056,9.634302992747418,16
1856072,9.631524373873932,16
1856082,9.810045205334822,10
1856095,9.713178110189773,13
1856107,9.73314949782888,12
1856111,9.945657155383689,4
1856120,9.836346132635956,9
1856124,9.939727726171094,4
1856142,9.682524583351672,18
1856176,9.116209325532237,34
1856177,10.0,1
1856186,9.852272071374651,9
1856202,9.67222636587711,16
1856208,9.899439950638856,6
1856215,9.86084677966571,7
1856221,9.898021073558503,6
1856233,9.786625572663684,12
1856257,9.561893602359762,24
1856266,9.824994681331193,9
1856279,9.680989851908095,13
1856291,9.74633647577458,12
1856297,9.890698448984484,6
1856315,9.607862461579991,18
1856330,9.696558704399697,15
1856341,9.755181539484932,11
1856345,9.942581165358401,4
1856355,9.801891458466807,10
1856367,9.725598067910017,12
1856376,9.789600896260758,9
1856380,9.93714254116346,4
1856389,9.840359175245863,9
1856405,9.628780116383586,16
1856415,9.797132208390707,10
1856426,9.773661562195453,11
1856433,9.878152735296021,7
1856434,9.992811725991375,1
1856441,9.873232333518596,7
1856450,9.79795580155643,9
1856451,10.0,1
1856463,9.741544879998418,12
1856464,10.0,1
1856469,9.938458321770307,5
1856478,9.809137004716742,9
1856479,10.0,1
1856481,9.971070355800727,2
1856495,9.692208555779331,14
1856503,9.869062352750344,8
1856515,9.790931565153143,12
1856526,9.780612955348738,11
1856531,9.903894632691667,5
1856536,9.927007544193428,5
1856538,9.96979055970425,2
1856539,10.0,1
1856550,9.786295714856049,11
1856558,9.82490521074788,8
1856559,10.0,1
1856570,9.79489355010602,11
1856582,9.741894900618897,12
1856586,9.925994965966467,4
1856590,9.931959620337445,4
1856595,9.920405506425249,5
1856596,9.99293501359407,1
1856607,9.758262172010586,11
1856614,9.86404503000085,7
1856622,9.845803718680791,8
1856631,9.823802747516812,9
1856643,9.721854571210814,12
1856650,9.873433229718811,7
1856661,9.774270138180631,11
1856662,10.0,1
1856673,9.751748291754915,11
1856678,9.92058873268238,5
1856685,9.840946428081969,7
1856689,9.934448226228385,4
1856690,9.988760881455153,1
1856698,9.833124298988224,8
1856705,9.8756840182807,7
1856717,9.729131907670943,12
1856718,10.0,1
1856728,9.821060772179504,10
1856729,10.0,1
1856737,9.829525872119188,8
1856740,9.953382924861316,3
1856743,9.965216426636472,3
1856749,9.913665265550382,6
1856759,9.774562083917496,10
1856770,9.782562370476064,11
1856778,9.857176191266305,8
1856789,9.803212087253796,11
1856806,9.687902372755108,17
1856815,9.786049865892965,9
1856821,9.887039942278923,6
1856836,9.67958705277054,15
1856846,9.778794000658833,10
1856852,9.902055559117146,6
1856863,9.739471842165575,11
1856868,9.918645302876493,5
1856877,9.822779481028157,9
1856880,9.966733280104044,3
1856882,9.969418990940492,2
1856887,9.922301773173517,5
1856888,10.0,1
1856897,9.818800309855257,9
1856903,9.875537928422826,6
1856909,9.908266242299577,6
1856913,9.928325648872109,4
1856918,9.900280512516394,5
1856920,9.973810816309742,2
1856928,9.83286262973775,8
1856944,9.424752658590634,16
1856953,9.83117560792833,9
1856954,10.0,1
1856961,9.850621919679007,7
1856995,9.23762901348509,34
1857006,9.680024586726418,11
1857007,10.0,1
1857018,9.806731695262211,11
1857034,9.643499831189224,16
1857039,9.897932767846287,5
1857072,9.370927428548123,33
1857074,9.983413793541946,2
1857075,10.0,1
1857079,9.9372596878775,4
1857097,9.564351990702024,18
1857098,10.0,1
1857108,9.797211932724467,10
1857119,9.759455212980805,11
1857124,9.919409565799798,5
1857125,9.992410375266513,1
1857137,9.73667471268387,12
1857146,9.866537086353132,9
1857158,9.729506285921634,12
1857172,9.730285836777156,14
1857175,9.957679451596187,3
1857177,9.983395220813332,2
1857192,9.659191709358504,15
1857198,9.872052750793797,6
1857200,9.98542002520858,2
1857219,9.569593111860543,19
1857220,9.991579416196943,1
1857230,9.81116088863266,10
1857246,9.634127638143648,16
1857261,9.63974571082058,15
1857275,9.701646786087291,14
1857278,9.960278180986824,3
1857286,9.851193824863957,8
1857289,9.959183562746507,3
1857296,9.868090421611408,7
1857298,9.972756018183595,2
1857301,9.948732600562115,3
1857310,9.839589919032761,9
1857319,9.811381574284756,9
1857326,9.864006618070668,7
1857327,10.0,1
1857331,9.94714855561858,4
1857337,9.881236813614352,6
1857348,9.785339518676233,11
1857351,9.951032554187865,3
1857359,9.831618992727563,8
1857367,9.830977821553603,8
1857377,9.789569467272557,10
1857386,9.803993370835387,9
1857389,9.969780231488421,3
1857405,9.629009123885597,16
1857411,9.909540730723476,6
1857412,10.0,1
1857419,9.874101251047486,7
1857429,9.787164255425864,10
1857436,9.870830177618705,7
1857450,9.658921640789583,14
1857454,9.923862137160643,4
1857463,9.811996111342985,9
1857465,9.98157498027559,2
1857466,9.995856988591399,1
1857471,9.918076353391829,5
1857475,9.948170539601415,4
1857480,9.920509206265805,5
1857495,9.703472326487939,15
1857519,9.582687933109394,24
1857525,9.875183071973908,6
1857535,9.820069107388397,10
1857536,10.0,1
1857546,9.821177364909298,10
1857571,9.4632212869173,25
1857583,9.735900102868458,12
1857588,9.900246586530834,5
1857593,9.907258543358239,5
1857603,9.785879299630768,10
1857618,9.637967767402042,15
1857629,9.77012135700141,11
1857641,9.701236172655799,12
1857647,9.876777365444767,6
1857662,9.6678788944192,15
1857682,9.548553507096305,20
1857688,9.907455542749869,6
1857699,9.788108318952425,11
1857713,9.713945844845442,14
1857716,9.95694072325349,3
1857724,9.864823265519428,8
1857736,9.763195644617918,12
1857744,9.843513168078003,8
1857749,9.915834266979209,5
1857765,9.628613912572414,16
1857766,10.0,1
1857777,9.787140492776299,11
1857778,10.0,1
1857784,9.91971393711882,6
1857793,9.839858946890203,9
1857801,9.883522150929199,8
1857809,9.864922971120645,8
1857817,9.825860995051118,8
1857826,9.80684829871086,9
1857829,9.950993461201376,3
1857833,9.953374674714238,4
1857835,9.980701281078954,2
1857848,9.706471270728073,13
1857858,9.761456770138512,10
1857875,9.614418545689649,17
1857882,9.873351449551556,7
1857898,9.676799311342263,16
1857910,9.782444863937897,12
1857917,9.859963798095377,7
1857927,9.802085083902716,10
1857935,9.8519511265085,8
1857953,9.61895437889074,18
1857956,9.959564021926465,3
1857957,10.0,1
1857963,9.895295137890258,6
1857979,9.694924941440286,16
1857984,9.901152564980128,5
1857998,9.739562249481999,14
1858003,9.912475856512458,5
1858011,9.854783026181272,8
1858020,9.815271254026188,9
1858032,9.786595170786306,12
1858039,9.848696266461518,7
1858046,9.584210071598168,7
1858049,9.969063922865418,3
1858065,9.612447445403847,16
1858077,9.768836213112678,12
1858086,9.860330045101074,9
1858097,9.75940785966667,11
1858107,9.804700864046172,10
1858116,9.81536933679669,9
1858124,9.835893523898262,8
1858128,9.93000326646484,4
1858137,9.819251413214264,9
1858148,9.801855119787765,11
1858150,9.98398506577286,2
1858166,9.610626839960874,16
1858183,9.61550570535222,17
1858184,10.0,1
1858192,9.86724107759272,8
1858195,9.961336036441917,3
1858201,9.914796271004084,6
1858208,9.874719608018506,7
1858221,9.684776513337734,13
1858235,9.72830074864238,14
1858242,9.866589803135664,7
1858248,9.888813100062452,6
1858259,9.762997609269704,11
1858260,9.992971341618816,1
1858278,9.068959678810081,18
1858284,9.905664017455642,6
1858286,9.971514598531504,2
1858300,9.674383154770284,14
1858307,9.87319469122694,7
1858341,9.340489401868396,34
1858352,9.755226453238397,11
1858363,9.75772148892682,11
1858377,9.67636366128265,14
1858391,9.679978192243128,14
1858405,9.713935369404822,14
1858409,9.950319713661026,4
1858413,9.936210252676963,4
1858420,9.873592642779371,7
1858423,9.966156350943576,3
1858437,9.735668610620914,14
1858449,9.758476537193681,12
1858459,9.823316183835502,10
1858466,9.866742173851708,7
1858468,9.980318931755418,2
1858478,9.81098951661304,10
1858494,9.618016718537296,16
1858499,9.936327295533276,5
1858517,9.592852924951826,18
1858533,9.708598073360866,16
1858535,9.977532144181064,2
1858544,9.827294507266362,9
1858556,9.729689356872466,12
1858565,9.834847463507284,9
1858579,9.680760080572327,14
1858600,9.482037125755388,21
1858611,9.774354205467427,11
1858616,9.9058946703163,5
1858623,9.902367371510726,7
1858624,10.0,1
1858629,9.925207887125355,5
1858630,10.0,1
1858632,9.980846337951743,2
1858637,9.914380151995102,5
1858646,9.84138901663336,9
1858658,9.711115821300488,12
1858668,9.811997113151959,10
1858671,9.96154346232812,3
1858682,9.775635754386773,11
1858693,9.806818518457673,11
1858696,9.96093669705121,3
1858697,10.0,1
1858698,10.0,1
1858709,9.809336256711797,11
1858710,10.0,1
1858714,9.934652476512323,4
1858723,9.845493998229873,9
1858736,9.510060084294318,13
1858737,10.0,1
1858740,9.959425162039675,3
1858751,9.746527742843085,11
1858771,9.51756710749331,20
1858773,9.973188475626014,2
1858777,9.735439448639088,4
1858785,9.853170004711085,8
1858788,9.952616273350861,3
1858802,9.689550503792209,14
1858809,9.86677002332868,7
1858816,9.8627455812471,7
1858828,9.753575521172277,12
1858836,9.83463405110508,8
1858837,10.0,1
1858838,10.0,1
1858847,9.819550486871986,9
1858858,9.77025012638639,11
1858866,9.854065509348104,8
1858878,9.740774407370353,12
1858883,9.924130229887998,5
1858891,9.851997023517509,8
1858909,9.57460584833418,18
1858920,9.78232555347635,11
1858921,10.0,1
1858935,9.740963798509668,14
1858941,9.903010602295918,6
1858952,9.818683643397595,11
1858961,9.816014023708695,9
1858973,9.734381218925737,12
1858974,10.0,1
1858980,9.899498079647424,6
1858986,9.87797181138089,6
1858987,10.0,1
1858988,10.0,1
1858999,9.758623408310699,11
1859019,9.541740706372426,20
1859028,9.83872032259589,9
1859029,10.0,1
1859039,9.79649049254995,10
1859046,9.860537231992705,7
1859047,10.0,1
1859063,9.59808753290435,16
1859073,9.783086582784474,10
1859074,10.0,1
1859106,9.36209811278522,32
1859109,9.965601380175707,3
1859120,9.779736923090685,11
1859127,9.858387019545601,7
1859139,9.73715863305815,12
1859145,9.8993305948678,6
1859149,9.930927434783955,4
1859150,10.0,1
1859156,9.90294843560789,6
1859163,9.883014645323858,7
1859169,9.900810599795149,6
1859175,9.894394855991164,6
1859180,9.905830929615268,5
1859190,9.794762712795709,10
1859193,9.95276528864387,3
1859203,9.784940194457532,10
1859209,9.91517567510523,6
1859218,9.83943723834101,9
1859228,9.768823476076106,10
1859237,9.818628285077546,9
1859238,9.992717968151204,1
1859244,9.912908654934382,6
1859253,9.835167699523572,9
1859271,9.646026006307913,18
1859281,9.822393313040434,10
1859288,9.88484445321348,7
1859302,9.688308548439535,14
1859308,9.60087026491504,6
1859317,9.817126804047062,9
1859327,9.822710502760813,10
1859336,9.805036951523578,9
1859349,9.707208604907775,13
1859358,9.861868725845394,9
1859380,9.543263601449901,22
1859396,9.670874801262412,16
1859397,10.0,1
1859408,9.774146805492114,11
1859418,9.825973295861408,10
1859432,9.70518515934655,14
1859449,9.666545777384936,17
1859455,9.911005629779453,6
1859470,9.683607242489861,15
1859484,9.686720061285415,14
1859492,9.833661540145636,8
1859506,9.689395286760002,14
1859524,9.586213627132258,18
1859536,9.794168470929728,12
1859544,9.870771400481344,8
1859547,9.96321609965006,3
1859563,9.642823463889748,16
1859569,9.906586910670757,6
1859586,9.627531412598422,17
1859588,9.980765478624194,2
1859596,9.819568670423088,8
1859609,9.728772532546989,13
1859621,9.745933231504088,12
1859633,9.733108071882178,12
1859643,9.791500020620923,10
1859656,9.746541234816828,13
1859665,9.832121029731152,9
1859676,9.787365440501874,11
1859684,9.84070819819115,8
1859693,9.83455177059336,9
1859694,10.0,1
1859702,9.840462935753482,8
1859722,9.536439048753167,20
1859725,9.959515441577858,3
1859728,9.9570461351056,3
1859741,9.767491565928974,13
1859760,9.640451186510735,19
1859763,9.952333171926574,3
1859765,9.97040787599426,2
1859772,9.858037065184902,7
1859777,9.9246755350993,5
1859780,9.961040821245387,3
1859784,9.929847497789353,4
1859796,9.75349317988011,12
1859809,9.732824444321992,13
1859823,9.696309561963542,14
1859832,9.828024813735922,9
1859839,9.879165831504494,7
1859849,9.759718463373758,10
1859862,8.941067509784641,13
1859869,9.872182644520787,7
1859875,9.908333678548656,6
1859876,10.0,1
1859882,9.890558611879907,6
1859892,9.690930019530509,10
1859910,9.606457529975643,18
1859916,9.889522209666836,6
1859918,9.968239952003003,2
1859928,9.812830285870175,10
1859933,9.928871754674606,5
1859942,9.842818935251039,9
1859956,9.697567489584825,14
1859963,9.870036158590302,7
1859974,9.757195057771325,11
1859979,9.938063977201484,5
1859988,9.806355720593444,9
1860004,9.640799846034037,16
1860005,9.993441542029517,1
1860008,9.957266304977987,3
1860011,9.963440826995113,3
1860023,9.751408181652772,12
1860029,9.88809523740657,6
1860043,9.704153167989135,14
1860058,9.682375497654704,15
1860072,9.733216372442774,14
1860073,10.0,1
1860088,9.688113287083983,15
1860096,9.841032649940269,8
1860106,9.778257261921192,10
1860114,9.861671700726992,8
1860118,9.930534403171025,4
1860130,9.739681699014708,12
1860145,9.619262315390248,15
1860155,9.699461770161863,10
1860156,10.0,1
1860167,9.808158508143354,11
1860177,9.819702533994734,10
1860187,9.786856721850109,10
1860194,9.862206370821275,7
1860195,10.0,1
1860204,9.829544393234459,9
1860216,9.747440140920006,12
1860225,9.832764723218375,9
1860232,9.867065474835748,7
1860249,9.64101607007736,17
1860250,9.992831905146431,1
1860261,9.753898940136915,11
1860272,9.772562435024959,11
1860290,9.55135188075242,18
1860296,9.889578095199024,6
1860310,9.68452141864473,14
1860311,10.0,1
1860325,9.676361940976374,14
1860338,9.742441671900814,13
1860344,9.882333450658276,6
1860359,9.574837682529619,15
1860372,9.718908077884974,13
1860386,9.577984461887985,14
1860396,9.801058976800872,10
1860406,9.805349783571353,10
1860414,9.869787183346029,8
1860415,10.0,1
1860416,10.0,1
1860433,9.556446265782752,17
1860447,9.721944207440682,14
1860453,9.89892826850963,6
1860468,9.714497944191148,15
1860477,9.853481721955466,9
1860485,9.838707204513318,8
1860486,9.996461376866403,1
1860501,9.742198308593949,15
1860502,10.0,1
1860503,10.0,1
1860509,9.888469311346684,6
1860518,9.846323582849243,9
1860523,9.927479846183262,5
1860529,9.881031703587045,6
1860545,9.614353555389455,16
1860548,9.956107246895773,3
1860563,9.644387732014073,15
1860569,9.886893346301358,6
1860583,9.68013882468691,14
1860590,9.877065226409398,7
1860597,9.860478670239612,7
1860603,9.898171590399016,6
1860614,9.804934280955873,11
1860633,9.53995630647176,19
1860644,9.813915785557695,11
1860648,9.94845869237575,4
1860666,9.554193044606638,18
1860682,9.643049962106133,16
1860695,9.576939897665795,13
1860699,9.936049023688463,4
1860704,9.922294103165177,5
1860712,9.859718992436303,8
1860718,9.903648919018181,6
1860728,9.789005173583,10
1860736,9.819744812540273,8
1860737,10.0,1
1860745,9.83176361265775,8
1860753,9.847864045960867,8
1860758,9.909592155208529,5
1860767,9.816090679193868,9
1860782,9.686012068938291,15
1860795,9.7198649471778,13
1860798,9.945982246381387,3
1860806,9.854650380826941,8
1860811,9.905453713762942,5
1860817,9.88470043237988,6
1860829,9.779728755813247,12
1860839,9.808245158244517,10
1860855,9.668910429328534,16
1860863,9.849846228758144,8
1860868,9.899809399007676,5
1860885,9.286251065973913,17
1860895,9.786080032672066,10
1860905,9.81415694689509,10
1860921,9.627352423867148,16
1860932,9.759833625483243,11
1860943,9.774313881316784,11
1860954,9.757992795599044,11
1860959,9.909938050767558,5
1860967,9.838922771904231,8
1860971,9.935753015419966,4
1860972,10.0,1
1860985,9.745397777069892,13
1860996,9.795298576361908,11
1861017,9.576855400405032,21
1861032,9.68616276605023,15
1861048,9.66266046258944,16
1861052,9.918079629436313,4
1861053,10.0,1
1861060,9.878169390803059,7
1861070,9.839654852468376,10
1861077,9.868926946207207,7
1861091,9.709718226093232,14
1861099,9.858187425011783,8
1861114,9.67179231737734,15
1861119,9.91750229744875,5
1861120,10.0,1
1861124,9.95415745282698,4
1861133,9.822699495083324,9
1861142,9.798058340048945,9
1861160,9.624113894167477,18
1861173,9.716927031456766,13
1861180,9.865014980178653,7
1861184,9.934416797594912,4
1861196,9.73381418810384,12
1861210,9.724673167077292,14
1861211,10.0,1
1861231,9.538141200420617,20
1861234,9.949399637796752,3
1861267,9.1965355800062,33
1861268,10.0,1
1861282,9.714365436507071,14
1861283,10.0,1
1861299,9.660253373294948,16
1861309,9.774262676790507,10
1861311,9.983105284419242,2
1861317,9.882788621775095,6
1861328,9.745402024205681,11
1861342,9.704576878761154,14
1861343,9.9891830762095,1
1861353,9.797717694478646,10
1861357,9.948955133331456,4
1861370,9.685606178018599,13
1861378,9.823334895058794,8
1861387,9.819136327189838,9
1861389,9.974382705299671,2
1861402,9.726039094277684,13
1861414,9.763507322065884,12
1861422,9.878261876352452,8
1861428,9.895303405245148,6
1861441,9.712688094019912,13
1861459,9.605932477118465,18
1861469,9.799531698153782,10
1861481,9.75268670886352,12
1861490,9.825547468638923,9
1861501,9.799803600040018,11
1861508,9.875894399969749,7
1861516,9.86898626417199,8
1861520,9.940967269558188,4
1861521,10.0,1
1861529,9.819559896284392,8
1861530,10.0,1
1861540,9.782019019360675,10
1861550,9.7930248668075,10
1861554,9.844901000870191,4
1861592,8.276286075026885,38
1861601,9.812155131646325,9
1861607,9.880527907923733,6
1861622,9.330950016882653,15
1861625,9.971368214687041,3
1861632,9.852744359973574,7
1861639,9.870225282095552,7
1861650,9.78987508509884,11
1861651,9.988905912577684,1
1861663,9.72934967094358,12
1861666,9.967655798645135,3
1861667,10.0,1
1861675,9.83012332275278,8
1861689,9.712296815031559,14
1861701,9.752763581205803,12
1861705,9.936560595630747,4
1861709,9.932699375032136,4
1861731,9.557135789183537,22
1861742,9.761991218089552,11
1861743,10.0,1
1861751,9.851751937506299,8
1861752,10.0,1
1861760,9.859670732092786,8
1861771,9.793531607858643,11
1861788,9.587012883562975,17
1861795,9.867898612908789,7
1861803,9.869833771679506,8
1861811,9.846045309750417,8
1861824,9.701423330083397,13
1861836,9.755625639777666,12
1861843,9.848858111480356,7
1861860,9.57249799292256,17
1861871,9.828334240517426,11
1861882,9.74979917654045,11
1861884,9.974451487693768,2
1861889,9.896894350595504,5
1861899,9.787143507795326,10
1861906,9.76658545000326,7
1861913,9.85727217539908,7
1861914,10.0,1
1861923,9.807248810505964,9
1861926,9.961067451592184,3
1861936,9.76501025618541,10
1861937,10.0,1
1861952,9.683320354384138,15
1861960,9.863442141723036,8
1861968,9.871774059456051,8
1861982,9.759116367363017,14
1861986,9.95047925384792,4
1861992,9.913673649327558,6
1862013,9.578393006241447,21
1862014,10.0,1
1862022,9.839761794083884,8
1862031,9.850983109670075,9
1862044,9.713710180449599,13
1862059,9.688386293884196,15
1862065,9.89921134542927,6
1862069,9.932950762281422,4
1862070,10.0,1
1862071,10.0,1
1862080,9.80896711209384,9
1862090,9.794633975812578,10
1862094,9.92682431999193,4
1862100,9.876755714103425,6
1862108,9.858930524793251,8
1862109,10.0,1
1862110,10.0,1
1862120,9.812975343870095,10
1862129,9.839071977547606,9
1862143,9.680486751531332,14
1862149,9.893339321310275,6
1862154,9.905051744441192,5
1862175,6.480302192837756,21
1862181,9.892591660062106,6
1862189,9.637130617490705,8
1862192,9.963606664699219,3
1862201,9.833857604475687,9
1862212,9.766842369704161,11
1862217,9.606004551137678,5
1862224,9.88023267059296,7
1862225,9.99241571028281,1
1862240,9.710790339589614,15
1862259,9.58913910691318,19
1862260,10.0,1
1862273,9.72669419098395,13
1862280,9.878648809616667,7
1862285,9.91786562968475,5
1862299,9.677031652253216,14
1862301,9.982889525362708,2
1862317,9.619355850121863,16
1862323,9.89124979649428,6
1862336,9.713381672203345,13
1862340,9.92772213969254,4
1862352,9.759425435433855,12
1862353,10.0,1
1862362,9.818848622052203,9
1862373,9.761294477460467,11
1862389,9.672109044245442,16
1862397,9.842234124962543,8
1862407,9.79642895212261,10
1862417,9.764966020653707,10
1862418,10.0,1
1862419,9.996486690627046,1
1862428,9.79582568356994,9
1862433,9.910640683511176,5
1862436,9.95796009703751,3
1862443,9.89182528761411,7
1862450,9.871276142689124,7
1862463,9.716929326503273,13
1862469,9.887738970317029,6
1862472,9.954425441052301,3
1862485,9.730023119287988,13
1862486,9.996390809313388,1
1862495,9.813441298370662,9
1862500,9.919314399329709,5
1862505,9.892557374391798,5
1862524,9.53816259410589,19
1862547,9.490954776780642,23
1862550,9.9578117206244,3
1862551,10.0,1
1862562,9.72956790866815,11
1862573,9.766610034906847,11
1862588,9.691863836678726,15
1862601,9.743241569485651,13
1862613,9.718579290172935,12
1862614,10.0,1
1862628,9.66962544147868,14
1862638,9.770913854859252,10
1862646,9.839846049179034,8
1862655,9.83735228718529,9
1862656,9.99636026591388,1
1862666,9.754402194910831,10
1862673,9.85667045181977,7
1862684,9.763124973369662,11
1862694,9.788683192943026,10
1862695,10.0,1
1862703,9.823470583758665,8
1862708,9.905541343263504,5
1862713,9.910194222806014,5
1862715,9.98017624825444,2
1862732,9.631098936760617,17
1862733,10.0,1
1862743,9.78754218407378,10
1862756,9.70670726724904,13
1862764,9.841217135820767,8
1862775,9.796433923844033,11
1862784,9.804660508536573,9
1862785,10.0,1
1862795,9.803353457641007,10
1862808,9.748042079407648,13
1862809,10.0,1
1862821,9.719914807227326,12
1862825,9.938286006054078,4
1862838,9.68742789743122,13
1862856,9.604388124394196,18
1862866,9.824176854300761,10
1862867,10.0,1
1862885,9.590772155312795,18
1862893,9.877457241741105,8
1862903,9.79625559409862,10
1862911,9.857295848914719,8
1862918,9.877808188538863,7
1862919,9.996474349587935,1
1862920,10.0,1
1862935,9.689959051692076,15
1862944,9.803465974943517,9
1862946,9.975458340108602,2
1862965,9.587389326572055,19
1862973,9.824426131562122,8
1862989,9.632313301928313,16
1862999,9.783179228101547,10
1863012,9.699909711522857,13
1863015,9.956587545245632,3
1863017,9.971680361308074,2
1863023,9.900970624056672,6
1863028,9.914873746090572,5
1863031,9.955368660814333,3
1863039,9.836223811764016,8
1863049,9.777140625414795,10
1863065,9.65099400284774,16
1863069,9.932055603690532,4
1863070,10.0,1
1863077,9.865430333991473,7
1863098,9.219677312786818,21
1863102,9.940772520430455,4
1863110,9.83766687107993,8
1863115,9.91448411029768,5
1863121,9.91083645616805,6
1863122,10.0,1
1863142,9.54386094163263,20
1863153,9.77605458850526,11
1863159,9.922014160680114,6
1863171,9.757802346660588,12
1863182,9.777918518201368,11
1863191,9.805197687410788,9
1863195,9.924505227449849,4
1863201,9.891861932625133,6
1863210,9.817824858878803,9
1863220,9.79980544233194,10
1863234,9.758758744688876,14
1863241,9.852037410117227,7
1863246,9.90554870032653,5
1863247,10.0,1
1863256,9.80910740439699,9
1863265,9.842075119501766,9
1863275,9.705643494029935,10
1863292,9.606517101636717,17
1863301,9.79845112064799,9
1863313,9.76335547953213,12
1863325,9.74728986656271,12
1863334,9.848973362500066,9
1863338,9.534128098062437,4
1863343,9.910528791731561,5
1863353,9.824432969273285,10
1863359,9.902384255550748,6
1863363,9.93254773486947,4
1863365,9.975163210320245,2
1863374,9.810046858354083,9
1863389,9.643464822670385,15
1863401,9.764236826728508,12
1863418,9.329962860779249,17
1863419,10.0,1
1863426,9.87049274517233,7
1863434,9.865510025228392,8
1863449,9.658217962707852,15
1863463,9.706923634135245,14
1863476,9.676019319095579,13
1863491,9.706272855004629,15
1863500,9.834166411455168,9
1863505,9.932636514591636,5
1863519,9.696592710760253,14
1863532,9.754877776408398,13
1863537,9.919385604419356,5
1863545,9.868573286931003,8
1863553,9.870384119616812,8
1863554,10.0,1
1863564,9.808214336012606,10
1863577,9.7037781045585,13
1863586,9.846968909953729,9
1863598,9.745690651504113,12
1863612,9.718172433451443,14
1863629,9.639543689053681,17
1863643,9.676227017172941,14
1863652,9.822763049079212,9
1863661,9.809362301896096,9
1863672,9.781689985539932,11
1863675,9.953664006696878,3
1863676,10.0,1
1863687,9.75338396853888,11
1863698,9.76423928160523,11
1863718,9.60089508114521,20
1863725,9.867700883091755,7
1863738,9.753481525939812,13
1863746,9.832333765148036,8
1863759,9.7220260463966,13
1863770,9.780162260525143,11
1863775,9.921832441819097,5
1863780,9.940305657441995,5
1863790,9.793911841791576,10
1863796,9.900435675952417,6
1863805,9.556424391484535,9
1863811,9.897508046099624,6
1863817,9.908794451101066,6
1863825,9.847877328229645,8
1863836,9.772792084349447,11
1863848,9.775643562802085,12
1863854,9.8887847369921,6
1863864,9.776106524750693,10
1863874,9.83063991482615,10
1863877,9.954005635360046,3
1863888,9.780318527899627,11
1863898,9.804950752383792,10
1863913,9.666568204497544,15
1863918,9.920297281711301,5
1863931,9.7665152642372,13
1863941,9.766503918916179,10
1863945,9.931516141045616,4
1863954,9.81966600782191,9
1863968,9.671984494050372,14
1863982,9.688227493082644,14
1863983,10.0,1
1863984,10.0,1
1863986,9.983937962775808,2
1863990,9.93264856502984,4
1863995,9.916086423712109,5
1864008,9.764322709498915,13
1864017,9.825389451207252,9
1864022,9.940263917104554,5
1864034,9.737308720844593,12
1864038,9.950711720605321,4
1864041,9.96244141731841,3
1864046,9.915394980049154,5
1864051,9.93344536998823,5
1864062,9.784562334509733,11
1864071,9.82557122377614,9
1864076,9.924782589267686,5
1864088,9.728696187418233,12
1864102,9.698299895189285,14
1864108,9.881263050459056,6
1864110,9.97429529131474,2
1864121,9.754178995579432,11
1864138,9.647006790375002,17
1864159,9.574053446046232,21
1864161,9.982516199999983,2
1864166,9.908999194490917,5
1864167,10.0,1
1864174,9.871915943081586,7
1864190,9.710377260384977,16
1864197,9.884889582228752,7
1864209,9.759265021179878,12
1864210,10.0,1
1864217,9.869328162389081,7
1864228,9.7523227849812,11
1864229,9.992699648674478,1
1864232,9.96600444842462,3
1864242,9.80859940639275,10
1864253,9.78039515750287,11
1864261,9.850613687950911,8
1864283,9.488162536478594,22
1864288,9.933214556664982,5
1864291,9.954327115040098,3
1864296,9.906786939815918,5
1864307,9.760120713727078,11
1864321,9.69077055742864,14
1864334,9.737178866773547,13
1864337,9.95801631178832,3
1864345,9.825926912416262,8
1864361,9.653407470912008,16
1864372,9.772660348136926,11
1864381,9.810305002413243,9
1864384,9.972494778448185,3
1864390,9.87601728282215,6
1864394,9.933875122740059,4
1864407,9.52216795419751,13
1864408,10.0,1
1864413,9.931634206994282,5
1864422,9.868960216891647,9
1864423,10.0,1
1864427,9.93176639093907,4
1864433,9.888916160602694,6
1864438,9.904214621424835,5
1864451,9.705694855592409,13
1864463,9.731909005412511,12
1864464,10.0,1
1864480,9.453501856598514,16
1864492,9.743455492983058,12
1864509,9.585106336071771,17
1864520,9.771261925208695,11
1864531,9.743630783235371,11
1864543,9.751384572324092,12
1864555,9.77861537566929,12
1864556,10.0,1
1864572,9.675683745941331,16
1864584,9.766563471568873,12
1864585,10.0,1
1864587,9.97315542903599,2
1864595,9.861359259628243,8
1864596,10.0,1
1864606,9.809801488735475,10
1864614,9.848633236713408,8
1864630,9.657092688795501,16
1864639,9.831972277300483,9
1864643,9.948415157051231,4
1864658,9.7135280293601,15
1864665,9.894017131869894,7
1864671,9.886678241032177,6
1864675,9.932762804278074,4
1864685,9.791647936103004,10
1864706,9.531873597526747,21
1864721,9.661189316559529,15
1864722,10.0,1
1864727,9.916054733215677,5
1864732,9.918811057112014,5
1864745,9.710693036001906,13
1864746,9.992978828823563,1
1864758,9.769541406834463,12
1864770,9.764038995239424,12
1864774,9.91598835323218,4
1864789,9.69762438894427,15
1864790,10.0,1
1864794,9.930199951622207,4
1864795,10.0,1
1864807,9.526525098559318,12
1864816,9.799631705361032,9
1864823,9.873998675008803,7
1864832,9.831805344018491,9
1864845,9.71082780254236,13
1864858,9.689966317584089,13
1864859,9.987647390321495,1
1864868,9.79921608250148,9
1864877,9.811948404804832,9
1864891,9.667375248944646,14
1864892,10.0,1
1864893,10.0,1
1864904,9.684222961238195,11
1864913,9.848393562991145,9
1864921,9.87535636446848,8
1864925,9.945726297174906,4
1864927,9.972257387612252,2
1864940,9.783526061959344,13
1864941,10.0,1
1864942,10.0,1
1864956,9.733049464421065,14
1864958,9.974507288786885,2
1864962,9.941709104916555,4
1864978,9.690533207189423,16
1864986,9.86791999140783,8
1864987,10.0,1
1864991,9.936245659933057,4
1864998,9.878959557904151,7
1865007,9.838255538800034,9
1865095,7.467608578024923,88
1865099,9.941799050948948,4
1865105,9.885493481107476,6
1865109,9.926045946983116,4
1865117,9.850343104881778,8
1865121,9.93592894076317,4
1865129,9.829870973679405,8
1865137,9.853301658998017,8
1865150,9.77353051844669,13
1865151,10.0,1
1865157,9.893433624901673,6
1865167,9.808813195075237,10
1865173,9.911820398104606,6
1865190,9.642653906552297,17
1865193,9.943798684389664,3
1865207,9.700549371478141,14
1865213,9.891595697264066,6
1865220,9.8644838266395,7
1865230,9.78082669458039,10
1865231,10.0,1
1865241,9.789416235365952,10
1865247,9.884420334831368,6
1865253,9.895897314192887,6
1865261,9.856704421611044,8
1865273,9.757810939241498,12
1865286,9.749618222872508,13
1865292,9.901131764762587,6
1865304,9.744164565202597,12
1865321,9.59419373023942,17
1865322,10.0,1
1865327,9.906113435276495,5
1865335,9.830594156506605,8
1865345,9.76903024859064,10
1865346,10.0,1
1865361,9.669180636580165,15
1865362,10.0,1
1865365,9.952255146029769,3
1865379,9.689446227883973,14
1865390,9.7624137017836,11
1865396,9.89634306635271,6
1865400,9.948277886394022,4
1865407,9.86841151738557,7
1865419,9.74434029811214,12
1865420,10.0,1
1865427,9.880589654172784,7
1865432,9.926739223712866,5
1865444,9.734467375672653,12
1865453,9.828641336666946,9
1865463,9.778559958568481,10
1865472,9.794706899737433,9
1865478,9.889928907065514,6
1865489,9.770656110936315,11
1865490,10.0,1
1865491,9.987969193340707,1
1865496,9.925951100533846,5
1865508,9.632804983290391,12
1865516,9.862287645207948,8
1865524,9.865516006147685,8
1865529,9.931103236674609,5
1865536,9.86470966013062,7
1865551,9.70557334998122,15
1865560,9.863026968058183,9
1865568,9.846615339582032,8
1865573,9.919660554305894,5
1865674,8.066513173821923,101
1865681,9.878418084830955,7
1865692,9.793506252180373,11
1865700,9.837295722971243,8
1865706,9.90312723059548,6
1865710,9.936004749703038,4
1865720,9.792475995393614,10
1865729,9.83788111217438,9
1865736,9.864198565297153,7
1865754,9.621733168512984,18
1865762,9.84145432638908,8
1865769,9.87269648348126,7
1865787,9.604027951903694,18
1865788,10.0,1
1865800,9.730452368908876,12
1865808,9.820931232126423,8
1865810,9.97295895425112,2
1865823,9.695048656619429,13
1865848,6.625641810710601,25
1865855,9.872789779507213,7
1865873,9.589690885007855,18
1865878,9.939392736048505,5
1865889,9.763075007125646,11
1865902,9.696899559470346,13
1865908,9.900828463147683,6
1865911,9.955467413988064,3
1865918,9.859330355366648,7
1865940,9.65054382875287,22
1865955,9.645534093337128,15
1865962,9.872698727900579,7
1865968,9.906661970276945,6
1865980,9.74425872564072,12
1865995,9.652088508788578,15
1866000,9.917878357417802,5
1866010,9.79095986610087,10
1866021,9.45553138023336,11
1866035,9.704213223602158,14
1866040,9.914082565714933,5
1866054,9.730744249608136,14
1866077,9.504403162041823,23
1866093,9.63709552514855,16
1866102,9.803020698708783,9
1866105,9.954775853599996,3
1866111,9.893016064319182,6
1866124,9.691796865618311,13
1866134,9.820455262540627,10
1866141,9.842496741898476,7
1866156,9.670739947485204,15
1866165,9.842959091020711,9
1866170,9.892345592564086,5
1866182,9.803509457044333,12
1866191,9.812666778361072,9
1866200,9.82337707365664,9
1866211,9.750313704008668,11
1866214,9.95939365420111,3
1866225,9.803399344281624,11
1866233,9.819203041959039,8
1866238,9.909972225329364,5
1866247,9.79258472237267,9
1866252,9.931111078071593,5
1866263,9.754608067143442,11
1866267,9.931642485900793,4
1866276,9.81497247540863,9
1866288,9.750597467824555,12
1866294,9.881508415623511,6
1866305,9.760395566610534,11
1866323,9.606037354801378,18
1866349,9.375587403167687,26
1866360,9.786731730992692,11
1866361,10.0,1
1866375,9.71544452039779,14
1866388,9.7045640283616,13
1866402,9.698105396007398,14
1866411,9.80171174013971,9
1866421,9.801797662651301,10
1866440,9.641460011698046,19
1866447,9.87567912646954,7
1866461,9.707721045914168,14
1866462,10.0,1
1866472,9.78951972732603,10
1866489,9.614738141254287,17
1866499,9.79992998513126,10
1866511,9.784103621740927,12
1866521,9.810051878161902,10
1866526,9.917991378991498,5
1866534,9.749245815540059,8
1866538,9.932212769341973,4
1866542,9.947388794087097,4
1866543,10.0,1
1866548,9.926692106023724,5
1867048,-212.70372566676912,500
1867049,10.0,1
1867050,10.0,1
1867066,9.664653758994376,16
1867078,9.745625769773502,12
1867096,9.62815269871943,18
1867104,9.85114852886361,8
1867115,9.791659404454899,11
1867126,9.781909510122658,11
1867131,9.919999560175967,5
1867140,9.832497726077678,9
1867156,9.63293085395277,16
1867161,9.934113046296545,5
1867182,9.52205607942943,21
1867188,9.883992338792341,6
1867210,9.573300281680686,22
1867221,9.806660468165035,11
1867230,9.815191227269326,9
1867236,9.890203922151965,6
1867237,10.0,1
1867244,9.861063808317368,7
1867252,9.823670114685351,8
1867269,9.605227365917495,17
1867276,9.875078091473561,7
1867285,9.838080383532285,9
1867290,9.926031298156381,5
1867291,10.0,1
1867303,9.737948223928056,12
1867314,9.746734440535613,11
1867321,9.89417442140741,7
1867325,9.945201332621929,4
1867326,10.0,1
1867342,9.679565183903721,16
1867352,9.790551258480734,10
1867364,9.757945889385468,12
1867371,9.861268639581796,7
1867384,9.696064511600515,13
1867415,9.536638493757737,31
1867425,9.779971229747858,10
1867436,9.757370667131793,11
1867438,9.986892455155678,2
1867447,9.809496478337191,9
1867460,9.757045689388514,13
1867463,9.9657530679657,3
1867480,9.605978257535357,17
1867486,9.90790171725671,6
1867495,9.609320518320084,9
1867501,9.88875376042537,6
1867512,9.78274337514909,11
1867523,9.78793157634731,11
1867538,9.635069345979202,15
1867543,9.926800309671776,5
1867557,9.694782938344392,14
1867566,9.79211995906719,9
1867574,9.85274045622939,8
1867582,9.840874078541628,8
1867592,9.738349090753081,10
1867600,9.82628254842863,8
1867605,9.916613416460914,5
1867618,9.716498168347899,13
1867634,9.652949296883097,16
1867642,9.86770300558977,8
1867651,9.800012923600498,9
1867656,9.918374914088325,5
1867664,9.841424692670852,8
1867675,9.79801618491914,11
1867677,9.986458383728285,2
1867679,9.973051138020377,2
1867685,9.896840174621442,6
1867705,9.540822813264851,20
1867716,9.797195256970047,11
1867719,9.966795379724296,3
1867728,9.838816513559221,9
1867740,9.75292147125501,12
1867742,9.985672873276917,2
1867770,9.403626645352794,28
1867775,9.930051306242731,5
1867788,9.724646071368566,13
1867810,9.447211995721716,22
1867821,9.752198093715986,11
1867822,10.0,1
1867838,9.622877072276212,16
1867844,9.893591364547586,6
1867899,8.985736277624309,55
1867902,9.9668624557875,3
1867913,9.738486211383755,11
1867924,9.796127141513523,11
1867947,9.350881055584326,23
1867954,9.866160848614678,7
1867967,9.705294052592766,13
1867970,9.957591617506054,3
1867981,9.761651897544734,11
1867989,9.840363919079953,8
1868003,9.688819460721078,14
1868011,9.861400101745131,8
1868026,9.644108218522527,15
1868038,9.768020157115235,12
1868045,9.887548879242226,7
1868060,9.645374491988875,15
1868070,9.785096076965278,10
1868080,9.790187526690476,10
1868094,9.723848034348649,14
1868098,9.940726139800137,4
1868107,9.835302863943296,9
1868112,9.898276624510258,5
1868115,9.960178382885863,3
1868144,9.358405536008963,29
1868161,9.591695368264226,17
1868165,9.940297742337954,4
1868179,9.6830621587154,14
1868180,9.996477055204227,1
1868190,9.775559602667018,10
1868199,9.815246967652415,9
1868208,9.821247480187909,9
1868218,9.68216392359975,10
1868223,9.92372609226108,5
1868233,9.804436991195795,10
1868244,9.770772004932594,11
1868256,9.725188714753443,12
1868265,9.852116538600153,9
1868266,10.0,1
1868281,9.634061765108425,15
1868295,9.27845013831504,14
1868313,9.596138887065507,18
1868329,9.645256629749179,16
1868333,9.94469607785101,4
1868336,9.950934015525137,3
1868348,9.74705005472939,12
1868358,9.800094729168682,10
1868374,9.643258639719345,16
1868383,9.814401517702002,9
1868394,9.796838203614566,11
1868412,9.560693085449511,18
1868414,9.982036455602998,2
1868422,9.881767485800738,8
1868427,9.907810714602185,5
1868439,9.753319348198909,12
1868451,9.747518969789164,12
1868466,9.704905329607014,15
1868478,9.770269471568726,12
1868487,9.856279231129573,9
1868494,9.877604628787294,7
1868500,9.897327839825863,6
1868513,9.722057059396246,13
1868526,9.704064864454484,13
1868527,10.0,1
1868539,9.775514089326137,12
1868554,9.721930083134676,15
1868567,9.776121952302457,13
1868579,9.746083487315056,12
1868586,9.860947540536529,7
1868587,10.0,1
1868599,9.765529996524199,12
1868619,9.607524170273882,20
1868628,9.822560892610653,9
1868637,9.827868718319056,9
1868638,9.992043590105716,1
1868649,9.757649055801851,11
1868662,9.7000878747513,13
1868681,9.602117407974756,19
1868685,9.835531834124339,4
1868690,9.925666098217624,5
1868700,9.78786557347235,10
1868712,9.732753551679444,12
1868765,8.911713824856152,53
1868776,9.787045573545543,11
1868791,9.648670636779267,15
1868797,9.89412484353097,6
1868803,9.906677854269804,6
1868810,9.87816363733019,7
1868821,9.760598577744155,11
1868830,9.857247803539238,9
1868835,9.932640742584864,5
1868852,9.631580374831541,17
1868862,9.777095317854876,10
1868872,9.765214228812301,10
1868881,9.81795822619341,9
1868895,9.676671617504734,14
1868911,9.638042415111277,16
1868922,9.782120172151187,11
1868935,9.716133150057736,13
1868946,9.793581892481516,11
1868956,9.767529453706986,10
1868974,9.644589431032554,18
1868987,9.71872644311227,13
1868991,9.949356258077987,4
1868997,9.90101913073412,6
1869012,9.678107150591334,15
1869016,9.94759923386732,4
1869036,9.631764852206949,20
1869047,9.777568472181741,11
1869056,9.61250401023597,9
1869057,10.0,1
1869069,9.744111172696382,12
1869078,9.802755327874072,9
1869090,9.757332484797375,12
1869093,9.95711276759552,3
1869099,9.879375654178256,6
1869101,9.975733652606388,2
1869105,9.946902592255025,4
1869118,9.70602124984529,13
1869119,10.0,1
1869128,9.827078717882994,9
1869136,9.751718454235776,8
1869139,9.96480653625213,3
1869141,9.972157833363527,2
1869142,10.0,1
1869143,9.99606713136482,1
1869144,10.0,1
1869148,9.942157436566406,4
1869158,9.81812174112694,10
1869176,9.631589668724104,18
1869189,9.690108978975829,13
1869202,9.754758656545576,13
1869207,9.910306400455472,5
1869215,9.819890135766348,8
1869226,9.75370598017042,11
1869232,9.89276792140991,6
1869248,9.637614016042022,16
1869249,10.0,1
1869254,9.921420266403526,5
1869258,9.939616493865117,4
1869269,9.776847722451638,11
1869271,9.974937277284045,2
1869272,10.0,1
1869279,9.869334849032803,7
1869280,10.0,1
1869290,9.785382479124692,10
1869291,10.0,1
1869294,9.955077196869851,3
1869309,9.623716283504097,15
1869314,9.916420051250595,5
1869320,9.881559255402006,6
1869330,9.83023419342429,10
1869335,9.916743792540615,5
1869336,10.0,1
1869344,9.861032280116772,8
1869353,9.849636979139348,9
1869359,9.903656406902103,6
1869367,9.83579093168594,8
1869373,9.89327243845258,6
1869387,9.699298493806856,14
1869388,10.0,1
1869395,9.878199358448434,7
1869399,9.93002893850742,4
1869414,9.674301708440993,15
1869425,9.782182368887263,11
1869434,9.800835110678227,9
1869435,9.99635310552082,1
1869452,9.629140475356875,17
1869461,9.842782028281043,9
1869465,9.943541116108234,4
1869466,9.988596705951924,1
1869472,9.898242933149179,6
1869481,9.840687394481929,9
1869493,9.750052783623817,12
1869505,9.74408064208683,12
1869507,9.984713084656939,2
1869511,9.943695556146855,4
1869522,9.766564889742785,11
1869535,9.703044742705327,13
1869541,9.912345644182297,6
1869547,9.899349688173205,6
1869560,9.617325924364764,13
1869571,9.760314781886628,11
1869579,9.870533510827748,8
1869590,9.782683489981274,11
1869608,9.613034982605567,18
1869619,9.750458695624578,11
1869627,9.845276851982007,8
1869636,9.83327985011713,9
1869640,9.93525856152963,4
1869645,9.910790858691541,5
1869654,9.810089063044385,9
1869667,9.714088399882296,13
1869673,9.894325157478692,6
1869679,9.9075848422319,6
1869684,9.923562991970483,5
1869689,9.926102446205622,5
1869707,9.394825001424072,18
1869730,9.52639087704246,23
1869736,9.87996857341408,6
1869751,9.670967488301905,15
1869759,9.855868996374367,8
1869764,9.906502220469806,5
1869777,9.747908553564889,13
1869790,9.704930579571416,13
1869806,9.648024892183328,16
1869815,9.86740229310512,9
1869825,9.783913378694326,10
1869827,9.97901339885481,2
1869842,9.702183445301483,15
1869845,9.957037084317735,3
1869857,9.75420208879767,12
1869872,9.703942529153903,15
1869879,9.849450268618108,7
1869893,9.680289219309437,14
1869904,9.788113393093429,11
1869914,9.804280337506524,10
1869930,9.716261369055886,16
1869931,10.0,1
1869934,9.955369082249062,3
1869950,9.672893847528602,16
1869962,9.6067448388775,12
1869978,9.61196983918849,16
1869986,9.845640164652899,8
1869999,8.56029883561137,13
1870013,9.685063352848928,14
1870029,9.68764756101692,16
1870034,9.919143873674711,5
1870042,9.82929853347228,8
1870057,9.699018177427082,15
1870063,9.892476979709112,6
1870077,9.725971138940913,14
1870085,9.842243123169538,8
1870092,9.871406536303448,7
1870100,9.836293122757612,8
1870103,9.961103924137749,3
1870113,9.807270211987388,10
1870119,9.906533729476912,6
1870129,9.769382646635439,10
1870137,9.810088720557975,8
1870145,9.863195917534657,8
1870156,9.773916318731068,11
1870169,9.7309475207899,13
1870170,10.0,1
1870176,9.899719263155884,6
1870187,9.758046541415409,11
1870196,9.836601286385072,9
1870201,9.922907763096115,5
1870209,9.858418191725557,8
1870210,9.99621080129681,1
1870216,9.913043023195256,6
1870225,9.818832444380686,9
1870235,9.767686825917224,10
1870236,10.0,1
1870252,9.64041481263117,16
1870261,9.837686432038279,9
1870273,9.750976025843604,12
1870286,9.690570833275933,13
1870302,9.63971555451717,16
1870309,9.758507406103448,7
1870316,9.853759256501375,7
1870317,10.0,1
1870329,9.745163846397475,12
1870352,9.507827464738252,23
1870369,9.60179231554602,17
1870373,9.92362513567134,4
1870380,9.85945616672105,7
1870383,9.949854329678558,3
1870384,10.0,1
1870385,10.0,1
1870395,9.774072123419991,10
1870398,9.94916665644984,3
1870407,9.850212002288186,9
1870411,9.95194990997963,4
1870416,9.935861729382323,5
1870436,9.551112428586354,20
1870448,9.761812925099786,12
1870462,9.713536729927336,14
1870471,9.845448920413212,9
1870477,9.882472985893267,6
1870487,9.809533049139995,10
1870499,9.4186681143971,12
1870520,9.522571162724967,21
1870536,9.658082986945264,16
1870545,9.791305522295504,9
1870557,9.745796976327522,12
1870563,9.900902964815819,6
1870567,9.938106066513036,4
1870568,10.0,1
1870577,9.822629041200525,9
1870582,9.900000993174062,5
1870592,9.794769112232194,10
1870596,9.923242106061458,4
1870609,8.956906351128309,13
1870610,10.0,1
1870612,9.968120036212389,2
1870625,9.403627493797584,13
1870640,9.691186373392249,15
1870641,10.0,1
1870652,9.752303701098986,11
1870667,9.683754077016705,15
1870668,10.0,1
1870669,10.0,1
1870676,9.8735162339286,7
1870685,9.803465834478226,9
1870688,9.952868548519106,3
1870705,9.631642180973083,17
1870706,10.0,1
1870709,9.952262286962315,3
1870717,9.848943758775503,8
1870724,9.863667433696163,7
1870730,9.790538935955091,6
1870735,9.937154740891055,5
1870739,9.946266484603788,4
1870749,9.813616563698478,10
1870757,9.858132227941201,8
1870764,9.858512306521447,7
1870765,10.0,1
1870773,9.840239377556577,8
1870785,9.743744168365753,12
1870803,9.60486423223281,18
1870817,9.755954311054039,14
1870832,9.656337262215521,15
1870851,9.53557294084411,19
1870866,9.66109557455338,15
1870868,9.983598443946617,2
1870879,9.81256562861257,11
1870886,9.878448295949775,7
1870898,9.732798393381948,12
1870910,9.749519279033894,12
1870915,9.925955911960568,5
1870921,9.906526428703694,6
1870922,10.0,1
1870926,9.941996605073745,4
1870937,9.75297339967189,11
1870946,9.840755868835624,9
1870966,9.536691085826446,20
1870972,9.899495308953002,6
1870993,9.596098069202139,21
1870998,9.915261924752107,5
1871007,9.834022069318937,9
1871018,9.771888504049757,11
1871026,9.850245417723391,8
1871092,-10.33267516896144,66
1871097,9.931458976230019,5
1871108,9.772644164160274,11
1871122,9.684389123458848,14
1871134,9.713209700751152,12
1871146,9.737647327539413,12
1871160,9.689069679660246,14
1871182,9.490785393726215,22
1871190,9.843475051540976,8
1871201,9.81289177390538,11
1871220,9.560699714898384,19
1871231,9.790237099362825,11
1871240,9.83036333056903,9
1871241,10.0,1
1871245,9.941190348366252,4
1871255,9.7897385823116,10
1871270,9.700349853638551,15
1871291,9.607017040081539,21
1871311,9.688564166080766,20
1871322,9.737272297947934,11
1871331,9.81735336013639,9
1871346,9.492191175426457,15
1871356,9.778141954310604,10
1871360,9.9467991352519,4
1871377,9.611277216468961,17
1871378,9.996579736426366,1
1871391,9.73826944179672,13
1871401,9.798498654697815,10
1871413,9.73703155372012,12
1871425,9.747947032131526,12
1871438,9.750367932063382,13
1871444,9.906482667302617,6
1871448,9.943182486030981,4
1871459,9.74742006298914,11
1871482,9.310945829734807,23
1871493,9.487116374731057,11
1871513,9.598725311011808,20
1871516,9.957715025173664,3
1871529,9.753913049380625,13
1871535,9.896296488386792,6
1871540,9.926720804435927,5
1871558,9.676293214608728,18
1871573,9.715683081444663,15
1871582,9.803987118829305,9
1871583,10.0,1
1871592,9.844024077256934,9
1871603,9.774441397877556,11
1871610,9.874635480847168,7
1871620,9.803707652614714,10
1871630,9.766631648935524,10
1871643,9.706009176895561,13
1871646,9.965089810823498,3
1871664,9.615177064118491,18
1871672,9.854951703030428,8
1871682,9.769357668898532,10
1871692,9.821437557128041,10
1871704,9.309312010160516,12
1871724,9.416024844320496,20
1871726,9.974472830068766,2
1871737,9.772657712533,11
1871753,9.659161547697884,16
1871760,9.875341086266772,7
1871770,9.778615864582237,10
1871771,9.9965395151799,1
1871784,9.668645514648682,13
1871796,9.790279805916514,12
1871812,9.639392622414869,16
1871826,9.728004941180982,14
1871834,9.840475963177948,8
1871841,9.877635595208272,7
1871849,9.855978719424831,8
1871854,9.920535204721062,5
1871866,9.747123571840733,12
1871873,9.88900306561448,7
1871886,9.717439030304218,13
1871894,9.857892542064192,8
1871902,9.84735518964126,8
1871916,9.689962831968932,14
1871924,9.854553297892615,8
1871927,9.967373732595403,3
1871932,9.90685162011079,5
1871941,9.813929550223387,9
1871958,8.753140648220551,17
1871964,9.87730826543993,6
1871995,9.21355475367342,31
1871998,9.959438926192478,3
1871999,10.0,1
1872001,9.97877572360021,2
1872004,9.952238283434358,3
1872011,9.875020406000584,7
1872016,9.916734679943492,5
1872024,9.859022675897375,8
1872032,9.846361217324562,8
1872046,9.677038468462602,14
1872047,10.0,1
1872057,9.846313510160801,10
1872064,9.890627786282037,7
1872070,9.888399337997626,6
1872077,9.86764195920805,7
1872086,9.81202125235256,9
1872087,10.0,1
1872099,9.75264069505375,12
1872109,9.826436512403305,10
1872125,9.652300077243355,16
1872127,9.976285626637505,2
1872129,9.97690137909879,2
1872138,9.832322169833983,9
1872145,9.861655388258065,7
1872153,9.859150515137866,8
1872156,9.959585087579395,3
1872171,9.680040503124347,15
1872180,9.842431609328568,9
1872193,9.761677092708702,13
1872198,9.938256670771448,5
1872206,9.830014682321682,8
1872214,9.859663633379633,8
1872215,10.0,1
1872227,9.756345484225559,12
1872242,9.672266270178874,15
1872248,9.896168353368793,6
1872261,9.692175301910478,13
1872268,9.850245379563688,7
1872273,9.91819121916938,5
1872284,9.781880170685922,11
1872287,9.9636575998102,3
1872301,9.690830399073294,14
1872314,9.709825842877768,13
1872319,9.911595381483204,5
1872320,10.0,1
1872330,9.77540695127806,10
1872335,9.904531422042046,5
1872341,9.895101654532628,6
1872347,9.889105038003633,6
1872352,9.906347707803212,5
1872353,10.0,1
1872359,9.882231517127805,6
1872360,10.0,1
1872373,9.755861605123027,13
1872391,9.677633436134885,18
1872395,9.945958314954142,4
1872404,9.79594583730224,9
1872414,9.799746691136026,10
1872421,9.873266765703914,7
1872432,9.752218115951402,11
1872441,9.827410292467302,9
1872452,9.765399410016878,11
1872453,10.0,1
1872463,9.803665266916282,10
1872469,9.906715169359288,6
1872476,9.86275544016495,7
1872491,9.669817667424157,15
1872501,9.797410989613043,10
1872512,9.81569860432879,11
1872513,10.0,1
1872526,9.711320241163753,13
1872536,9.79982951354739,10
1872549,9.750491109267635,13
1872550,10.0,1
1872560,9.795258945390833,10
1872574,9.712301398753459,14
1872575,10.0,1
1872588,9.750048920192448,13
1872591,9.953715272650413,3
1872594,9.96369597018138,3
1872600,9.908144177829579,6
1872601,10.0,1
1872606,9.919724723043174,5
1872619,9.761490929323509,13
1872622,9.959704151710993,3
1872623,10.0,1
1872632,9.804055769983815,9
1872634,9.981054859020604,2
1872645,9.779333556839122,11
1872659,9.712015785207448,14
1872666,9.874381623896003,7
1872671,9.92296331410411,5
1872679,9.843498348009696,8
1872680,10.0,1
1872686,9.8958546360307,6
1872698,9.741994313154933,12
1872709,9.819815456810348,11
1872710,10.0,1
1872726,9.68748588070311,16
1872739,9.717280188065486,13
1872750,9.781031664086932,11
1872751,10.0,1
1872760,9.832376293598836,9
1872772,9.725895252534626,12
1872773,10.0,1
1872782,9.82412895266202,9
1872789,9.878449311147541,7
1872801,9.718361597285856,12
1872810,9.82813502969744,9
1872819,9.803098454467529,9
1872832,9.78891084691748,13
1872838,9.903064391122427,6
1872842,9.947799978169082,4
1872849,9.868611726989245,7
1873136,4.482006287029792,287
1873143,9.86875597123134,7
1873156,9.75278035417009,13
1873163,9.893947127315862,7
1873175,9.726334202027129,12
1873186,9.785871590860065,11
1873202,9.662582724571925,16
1873215,9.71107934529206,13
1873225,9.801097950479306,10
1873226,10.0,1
1873227,10.0,1
1873231,9.950533488087752,4
1873241,9.783417073106502,10
1873256,9.693432536026126,15
1873261,9.920000618764268,5
1873271,9.836840574236566,10
1873279,9.867118069197765,8
1873289,9.83440734353962,10
1873299,9.804569125449746,10
1873300,10.0,1
1873320,9.596092394654788,20
1873327,9.867033110148316,7
1873333,9.916400912557018,6
1873349,9.635542085011863,16
1873354,9.926604804487717,5
1873367,9.729394082035606,13
1873383,9.660814407774977,16
1873393,9.779017032621109,10
1873397,9.943155630189343,4
1873399,9.974292109707742,2
1873405,9.890083361652964,6
1873423,9.632971157485045,18
1873430,9.871158486931272,7
1873445,9.681505752025222,15
1873456,9.789052382755822,11
1873460,9.937502933964543,4
1873466,9.886455642126286,6
1873478,9.731647743657998,12
1873491,9.736700432325213,13
1873509,9.578527809525815,18
1873510,10.0,1
1873529,9.580794632874802,19
1873540,9.772897842475977,11
1873547,9.872918291402957,7
1873555,9.849319549334185,8
1873556,10.0,1
1873568,9.339495482568278,12
1873582,9.68020009011993,14
1873590,9.844415219547972,8
1873594,9.94810315540848,4
1873601,9.896567910199616,7
1873609,9.849788735799907,8
1873617,9.841469093781024,8
1873630,9.691813728459078,13
1873640,9.793588396103832,10
1873648,9.862836230065827,8
1873660,9.73023167905183,12
1873664,9.929961036848551,4
1873667,9.955318527392059,3
1873676,9.83755036286745,9
1873689,9.595669940580294,13
1873692,9.95076239632162,3
1873703,9.653248843893799,11
1873713,9.782229180298447,10
1873724,9.760822126223458,11
1873739,9.690274272217387,15
1873747,9.83399749808051,8
1873748,10.0,1
1873761,9.581441716575128,13
1873767,9.886377171856855,6
1873785,9.587173347592532,18
1873796,9.746761084103122,11
1873805,9.832033376738222,9
1873814,9.836448728466037,9
1873825,9.760636112757213,11
1873839,9.667001575908996,14
1873845,9.910245980680473,6
1873857,9.759134053666427,12
1873863,9.877821881869046,6
1873872,9.804941510014698,9
1873886,9.682649464107397,14
1873894,9.850550217286742,8
1873907,9.749629279673002,13
1873917,9.830959681511125,10
1873934,9.615724641310479,17
1873944,9.797247382316852,10
1873949,9.926218428501027,5
1873955,9.905119556904925,6
1873963,9.863511281883909,8
1873981,9.645388040025693,18
1873992,9.831674009220716,11
1874014,9.481277436374265,22
1874026,9.772267010037302,12
1874042,9.609055901686297,16
1874057,9.656595062270837,15
1874058,10.0,1
1874067,9.8596571148707,9
1874088,9.44900823147343,21
1874090,9.969832049406268,2
1874099,9.810692104965756,9
1874114,9.690978833097189,15
1874122,9.842903027171593,8
1874130,9.851201507360715,8
1874131,10.0,1
1874139,9.874072685475921,8
1874145,9.907042232850626,6
1874158,9.69425144423939,13
1874171,9.691478133188852,13
1874177,9.898532377405738,6
1874178,10.0,1
1874182,9.936920477241218,4
1874188,9.892306823197005,6
1874194,9.877080690043853,6
1874207,9.752435785224776,13
1874209,9.97512383181842,2
1874217,9.844579674614925,8
1874226,9.812058625556887,9
1874231,9.915757652167992,5
1874242,9.797988250231528,11
1874244,9.972282960900989,2
1874251,9.865231908936652,7
1874262,9.775455576566491,11
1874275,9.742589535910934,13
1874292,9.71355176464759,17
1874295,9.955932818044351,3
1874303,9.849841429553841,8
1874309,9.880048621190658,6
1874326,9.630737557959119,17
1874348,9.543230354606393,22
1874358,9.78052217928801,10
1874369,9.742622109623852,11
1874381,9.7292074088307,12
1874395,9.349970226864071,14
1874396,10.0,1
1874410,9.69530284560668,14
1874419,9.826852754926819,9
1874428,9.806984517992845,9
1874429,10.0,1
1874436,9.78549282569556,7
1874454,9.56194607023746,18
1874472,9.644527881185867,18
1874493,9.515506740576933,21
1874505,9.771144380953219,12
1874517,9.735181200997445,12
1874528,9.781290998160614,11
1874536,9.865707728603619,8
1874537,9.99610050014921,1
1874548,9.796147164122821,11
1874557,9.152350235054035,9
1874565,9.852667134264163,8
1874572,9.856655085384439,7
1874591,9.688374177894854,19
1874597,9.898556119592477,6
1874608,9.75867730073864,11
1874620,9.762251141425999,12
1874633,9.74387776971888,13
1874646,9.742942529214737,13
1874649,9.9432299528884,3
1874653,9.949255416986711,4
1874654,10.0,1
1874666,9.728440974756827,12
1874675,9.80087354387617,9
1874683,9.667776870126545,8
1874695,9.682757707393613,12
1874726,6.221401482471697,31
1874734,9.811848569200887,8
1874741,9.874925242041908,7
1874752,9.760187820263535,11
1874758,9.90830241403894,6
1874768,9.802995591148576,10
1874781,9.741995446637388,13
1874789,9.820558075729824,8
1874800,9.778952674441527,11
1874811,9.748352663424095,11
1874820,9.825187255930302,9
1874836,9.71413312666862,16
1874847,9.800938803349908,11
1874861,9.702960251923358,14
1874871,9.770847497121935,10
1874889,9.571574868765676,18
1874896,9.863674088903927,7
1874902,9.901827027928483,6
1874903,10.0,1
1874912,9.80047971118456,9
1874922,9.773790852485655,10
1874936,9.701364940109622,14
1874941,9.913122410313704,5
1874942,10.0,1
1874950,9.842265317928721,8
1874958,9.848496931698195,8
1874974,9.291237592292202,16
1874989,9.715889552314277,15
1874999,9.790685284289872,10
1875003,9.945376049450267,4
1875020,9.649605314290513,17
1875026,9.906411877423256,6
1875037,9.774776683257974,11
1875043,9.904571034372418,6
1875044,10.0,1
1875051,9.862602448194952,7
1875064,9.710408832321347,13
1875071,9.84753230299328,7
1875082,9.765650326916345,11
1875100,9.611978688208836,18
1875103,9.965038624056817,3
1875117,9.685489148043041,14
1875130,9.710491820328347,13
1875135,9.919241875411128,5
1875139,9.941780145498925,4
1875142,9.951354895884043,3
1875167,9.3362998245128,25
1875169,9.987376722602544,2
1875177,9.86250111405074,8
1875187,9.780993317225928,10
1875203,9.638077428955121,16
1875222,9.621849046495324,19
1875225,9.963307620716092,3
1875242,9.614970947790802,17
1875257,9.661101802167495,15
1875262,9.905099144914528,5
1875267,9.9031838996194,5
1875272,9.918214277380597,5
1875283,9.799538255504938,11
1875292,9.826746050026918,9
1875293,9.988336182001884,1
1875308,9.644458694648101,15
1875310,9.97889631346459,2
1875326,9.69086968538817,16
1875333,9.878899149758459,7
1875344,9.787246710126153,11
1875350,9.892412048472211,6
1875351,10.0,1
1875366,9.686016255958661,15
1875376,9.796362864697356,10
1875382,9.890515345113053,6
1875399,9.598467417996046,17
1875412,9.70445103791301,13
1875420,9.841154257223401,8
1875439,9.55757271145453,19
1875446,9.869959266600436,7
1875449,9.9691851102264,3
1875450,10.0,1
1875465,9.662181497452345,15
1875470,9.9290221191938,5
1875473,9.957188559477995,3
1875474,10.0,1
1875480,9.89510173736763,6
1875491,9.750013699291783,11
1875492,10.0,1
1875504,9.754986996577445,12
1875518,9.728019644287924,14
1875526,9.849623691213758,8
1875532,9.909712358714224,6
1875548,9.660467366162404,16
1875552,9.932744103517848,4
1875560,9.86529892791685,8
1875575,9.666621977253223,15
1875583,9.862212779906391,8
1875597,9.709841346873567,14
1875604,9.872657886248339,7
1875605,9.989114351245764,1
1875613,9.820967802007894,8
1875628,9.709348390458446,15
1875636,9.825750202765565,8
1875648,9.726861508028481,12
1875656,9.851884118109645,8
1875670,9.701571399618054,14
1875679,9.816494512010282,9
1875695,9.55662509585214,16
1875706,9.755318786375492,11
1875720,9.684601777035352,14
1875730,9.773199830878639,10
1875743,9.728470041596944,13
1875756,9.74655991992585,13
1875764,9.853394795499382,8
1875766,9.969863913312473,2
1875778,9.740279488174865,12
1875784,9.903819038985873,6
1875793,9.833057076579685,9
1875794,10.0,1
1875803,9.816428784722493,9
1875814,9.689815886653292,11
1875815,10.0,1
1875819,9.930061442580737,4
1875827,9.848351736801384,8
1875841,9.671139008818653,14
1875860,9.591531858987048,19
1875864,9.946476730971723,4
1875867,9.959755841742037,3
1875874,9.887166833208694,7
1875885,9.761510356480441,11
1875894,9.821005956382342,9
1875905,9.75439812549277,11
1875906,10.0,1
1875919,9.756349017117792,13
1875930,9.786456992347075,11
1875939,9.828049449773317,9
1875950,9.785011985373307,11
1875968,9.611577115801971,18
1875978,9.838963461265207,10
1875987,9.833916161868588,9
1875997,9.799821768946076,10
1876011,9.735878834138907,14
1876015,9.741817709122412,4
1876016,9.988823503720688,1
1876026,9.835512670207523,10
1876036,9.847513343176077,10
1876041,9.925443788578686,5
1876055,9.680061220923397,14
1876067,9.727923815790968,12
1876071,9.932739291084614,4
1876080,9.833960456755582,9
1876086,9.906545997717831,6
1876090,9.944635074825023,4
1876109,9.579469238729377,19
1876114,9.924923225130842,5
1876126,9.521920402301493,12
1876145,9.646833230341171,19
1876149,9.947200138067815,4
1876174,9.52917992309065,25
1876185,9.775524447026047,11
1876196,9.769683380589802,11
1876210,9.485685694642738,14
1876215,9.917115472035986,5
1876220,9.91758164679645,5
1876227,9.860772183764599,7
1876229,9.972650383805593,2
1876232,9.956439859097976,3
1876246,9.680050133494596,14
1876250,9.9413823374041,4
1876253,9.959146552034086,3
1876263,9.789999154283777,10
1876278,9.652428635092884,15
1876290,9.736456436393139,12
1876296,9.892614346565953,6
1876315,8.682861756822078,19
1876332,9.648551953967557,17
1876343,9.760252866840595,11
1876356,9.722522738500738,13
1876362,9.882642603707696,6
1876373,9.790238801362381,11
1876391,9.65555355999325,18
1876392,10.0,1
1876397,9.932469380527905,5
1876407,9.794071936140108,10
1876408,10.0,1
1876422,9.663899215922829,14
1876436,9.683192666875808,14
1876443,9.884517752946,7
1876453,9.784162093395862,10
1876456,9.957787289675064,3
1876469,9.741712015466303,13
1876479,9.767804690235682,10
1876492,9.73518857488311,13
1876509,9.624412175358025,17
1876517,9.847820941409712,8
1876525,9.822989254706519,8
1876537,9.75044203115614,12
1876557,9.573517814124758,20
1876563,9.895676002751845,6
1876569,9.88815028536832,6
1876570,10.0,1
1876584,9.66792510174188,14
1876585,10.0,1
1876588,9.957261462755861,3
1876599,9.754530541897973,11
1876600,10.0,1
1876601,9.992830394432193,1
1876604,9.959601978330427,3
1876613,9.811850823141883,9
1876618,9.907336302859356,5
1876629,9.753911337148574,11
1876643,9.689201720760856,14
1876651,9.831673529673166,8
1876662,9.770261090979677,11
1876676,9.662686227096822,14
1876690,9.692772419183237,14
1876702,9.749404324046107,12
1876712,9.78941614059221,10
1876728,9.665707324810887,16
1876734,9.90634294833187,6
1876745,9.760268518924976,11
1876751,9.875362306190215,6
1876759,9.85778473144365,8
1876773,9.70160368315356,14
1876783,9.801562380553758,10
1876788,9.90203663862541,5
1876804,9.635059830125451,16
1876819,9.669135663514485,15
1876820,10.0,1
1876829,9.844445033094619,9
1876836,9.892890352032428,7
1876841,9.917178870565948,5
1876846,9.918232930594517,5
1876853,9.874012760433729,7
1876860,9.891054198476361,7
1876883,9.534761056961266,23
1876884,10.0,1
1876890,9.882454829449367,6
1876900,9.794373903341471,10
1876906,9.919323076982431,6
1876914,9.82969319135448,8
1876921,9.870208642097042,7
1876924,9.958751982127605,3
1876932,9.837830534502062,8
1876946,9.618675664365462,14
1876959,9.693836672629352,13
1876971,9.758308040225332,12
1876978,9.87350941736938,7
1876985,9.880209619505868,7
1876993,9.856375134668543,8
1877003,9.79999665690245,10
1877014,9.770764681149709,11
1877019,9.913596307355638,5
1877022,9.95186496988427,3
1877030,9.830203366190926,8
1877033,9.964113776457113,3
1877034,10.0,1
1877048,9.712797579968006,14
1877049,10.0,1
1877057,9.874806302663252,8
1877061,9.939582610595375,4
1877066,9.921704021441114,5
1877075,9.809865448523045,9
1877085,9.77274969768419,10
1877092,9.86764361336364,7
1877095,9.947766274332455,3
1877100,9.904264165287401,5
1877101,10.0,1
1877112,9.783906318934502,11
1877116,9.945654681089849,4
1877117,10.0,1
1877118,10.0,1
1877149,9.187425886829962,31
1877156,9.885012184751755,7
1877169,9.712305917788525,13
1877179,9.792109322801483,10
1877180,10.0,1
1877187,9.864087923484952,7
1877218,9.272849347578019,31
1877233,9.705319802195927,15
1877240,9.890980548715305,7
1877254,9.693250233051078,14
1877255,10.0,1
1877267,9.783631250555818,12
1877283,9.657072246857053,16
1877288,9.900588604853285,5
1877304,9.707791648844067,16
1877315,9.782183676521175,11
1877323,9.859022948719069,8
1877329,9.907698594141824,6
1877348,9.60301068135765,19
1877353,9.821079280053466,5
1877366,9.706577025200241,13
1877372,9.919992246263735,6
1877374,9.97053289435512,2
1877382,9.833723550581622,8
1877391,9.834657554941089,9
1877402,9.758950196801397,11
1877405,9.968138845326829,3
1877414,9.830735701798845,9
1877424,9.778891735399265,10
1877433,9.81290651675271,9
1877442,9.825505135900546,9
1877449,9.86541854752179,7
1877457,9.849310262702055,8
1877471,9.320823886280898,14
1877485,9.667276208962775,14
1877492,9.87037227774079,7
1877502,9.796372860894811,10
1877507,9.921043853697922,5
1877516,9.83130578968528,9
1877531,9.671268848908237,15
1877547,9.627395428595173,16
1877554,9.868660914076825,7
1877575,9.538072713365603,21
1877589,9.713379955072844,14
1877595,9.895958200792391,6
1877606,9.755263055923516,11
1877613,9.849096342544549,7
1877629,9.634242644404122,16
1877642,9.717553770919748,13
1877658,9.708957122517978,16
1877664,9.892659712194474,6
1877677,9.705684261964517,13
1877695,9.593390098169369,18
1877708,9.74422303108441,13
1877721,9.72855990255449,13
1877730,9.8154730109827,9
1877739,9.817404718297304,9
1877754,9.659670210352273,15
1877760,9.912242373420174,6
1877770,9.733176885547046,10
1877771,9.991761304271153,1
1877785,9.690467070993623,14
1877794,9.807970005336635,9
1877802,9.852904284519349,8
1877804,9.971460254523853,2
1877819,9.618173753591554,15
1877820,10.0,1
1877825,9.90721162036919,5
1877835,9.786811529229308,10
1877845,9.69965536170597,10
1877855,9.827964523244425,10
1877866,9.764481480367545,11
1877879,8.382107097685209,13
1877889,9.796150344261257,10
1877905,9.625205642984108,16
1877906,10.0,1
1877916,9.78330867507591,10
1877920,9.943589118564232,4
1877924,9.93082931460261,4
1877940,9.636005144931342,16
1877953,9.783601220523176,13
1877954,9.996464191704474,1
1877957,9.952571851279979,3
1877966,9.81924744627607,9
1877972,9.894565058418161,6
1877981,9.821375407683563,9
1877989,9.850420439898752,8
1878007,9.571533140851317,18
1878008,10.0,1
1878012,9.938418195311424,4
1878018,9.894465648920633,6
1878022,9.941307811066403,4
1878035,9.726531686594141,13
1878041,9.917613736752754,6
1878053,9.734015091368708,12
1878065,9.734475466054416,12
1878071,9.889750628532912,6
1878074,9.946680269350965,3
1878084,9.786464622963457,10
1878094,9.827241287653951,10
1878106,9.732949182286355,12
1878107,9.986906175859922,1
1878120,9.69435344816097,13
1878130,9.487808154927157,10
1878146,9.546054998557512,16
1878150,9.926068587960756,4
1878158,9.862634586803392,8
1878164,9.888781184086127,6
1878169,9.92390028017538,5
1878178,9.806749973766438,9
1878185,9.901021540545615,7
1878187,9.976380179949594,2
1878192,9.894228046301501,5
1878193,10.0,1
1878203,9.80345070311268,10
1878228,9.603341575036723,25
1878240,9.757461151745257,12
1878254,9.691771395665281,14
1878261,9.875325325746319,7
1878269,9.668631141920926,8
1878274,9.93159050604557,5
1878283,9.789282654649705,9
1878300,9.681532234074828,17
1878303,9.969554760123179,3
1878312,9.827263784455686,9
1878319,9.879993693528403,7
1878335,9.616259566385708,16
1878347,9.749742493724844,12
1878352,9.912226563576358,5
1878359,9.87888869209624,7
1878366,9.867125436139558,7
1878367,10.0,1
1878382,9.697977097664788,15
1878385,9.968260485773351,3
1878403,9.624491193863886,18
1878404,10.0,1
1878410,9.887047100625304,6
1878420,9.788270363077459,10
1878427,9.86566288874038,7
1878435,9.850974962595014,8
1878442,9.891010110956618,7
1878443,9.996511214583329,1
1878447,9.928563305678793,4
1878461,9.71450364535984,14
1878473,9.727676452923522,12
1878474,10.0,1
1878484,9.818317965864852,10
1878489,9.915219454429343,5
1878499,9.782358772309362,10
1878500,10.0,1
1878510,9.799471786577763,10
1878521,8.919117537716447,11
1878538,9.62509938411167,17
1878545,9.884422430142651,7
1878556,9.757133794904785,11
1878564,9.836735145071271,8
1878571,9.890657457093544,7
1878579,9.841710656254275,8
1878583,9.92508402047312,4
1878599,9.633560010188688,16
1878600,10.0,1
1878609,9.81310536068315,9
1878616,9.863431496824148,7
1878626,9.798987633463952,10
1878629,9.953221504529669,3
1878637,9.851207374217998,8
1878641,9.939798723534551,4
1878651,9.769882405170941,10
1878662,9.807741554084537,11
1878677,9.433240618556043,15
1878685,9.860742894683472,8
1878695,9.815782667072446,10
1878700,9.918475353242505,5
1878708,9.81830638830705,8
1878709,10.0,1
1878717,9.83454876484628,8
1878738,9.485519200131831,21
1878743,9.933785267915548,5
1878744,10.0,1
1878757,9.647251944174947,13
1878772,9.678812842116862,15
1878778,9.901118923583374,6
1878779,9.988784248352943,1
1878784,9.905787292982302,5
1878786,9.980335216781164,2
1878791,9.909374175705713,5
1878792,9.992691652148427,1
1878804,9.765920002702659,12
1878817,9.731482018845119,13
1878824,9.875568769558209,7
1878834,9.78733700922627,10
1878847,9.72894987610822,13
1878852,9.909661008549895,5
1878862,9.825183163634904,10
1878865,9.955890598013651,3
1878886,9.488115851865667,21
1878896,9.797322023109347,10
1878915,9.52139843933209,19
1879036,-36.56359930863454,121
1879046,9.79977815380506,10
1879056,9.778220251575053,10
1879062,9.908001129497285,6
1879076,9.288365753794471,14
1879086,9.486810690244148,10
1879096,9.78047031012193,10
1879097,10.0,1
1879104,9.863274598716073,7
1879117,9.710699404736193,13
1879118,10.0,1
1879123,9.905820410990655,5
1879127,9.947446691513907,4
1879137,9.802979695657204,10
1879146,9.819123001231967,9
1879156,9.790995186260458,10
1879173,9.673804266731192,17
1879183,9.778880853897107,10
1879184,10.0,1
1879208,9.28506804346032,24
1879209,10.0,1
1879234,9.479859026901863,25
1879240,9.891467298117693,6
1879248,9.852052632853187,8
1879255,9.859933674994531,7
1879262,9.877793961688976,7
1879269,9.876338702755554,7
1879278,9.845769776614423,9
1879285,9.865321667530159,7
1879291,9.87141543710223,6
1879298,9.849677675985298,7
1879304,9.904367023676132,6
1879312,9.825875227860577,8
1879322,9.804821322757865,10
1879332,9.802142886522825,10
1879338,9.884113100949097,6
1879347,9.793401587560908,9
1879357,9.791200437868932,10
1879359,9.97123652662459,2
1879378,9.647477875742737,19
1879399,9.60362881352269,21
1879413,9.693318396292074,14
1879420,9.875285336247297,7
1879426,9.892020357628827,6
1879428,9.981482654539173,2
1879442,9.69416428716304,14
1879456,9.677589394336826,14
1879463,9.902678054097004,7
1879483,9.55546302034753,20
1879492,9.79263825291225,9
1879497,9.930339825537324,5
1879510,9.755876369916,13
1879521,9.756045532701666,11
1879533,9.749484152198052,12
1879540,9.873589236582735,7
1879541,10.0,1
1879542,10.0,1
1879552,9.78231909268846,10
1879570,9.618686482052958,18
1879581,9.806030974117515,11
1879588,9.854555299382351,7
1879605,9.588605848637604,17
1879623,9.591853022944584,18
1879656,9.364519504057181,33
1879665,9.844260285885733,9
1879666,10.0,1
1879677,9.759226834893376,11
1879689,9.75616163371402,12
1879716,9.06396326082735,27
1879728,9.730349582745427,12
1879745,9.684485844963529,17
1879756,9.757414140695104,11
1879771,9.67652245027685,15
1879776,9.90821706055194,5
1879779,9.958329817903374,3
1879789,9.791073124440306,10
1879793,9.931565482682483,4
1879804,9.793626901352505,11
1879825,9.595012115172008,21
1879832,9.891807844875474,7
1879846,9.671804843588655,14
1879861,9.713446455979835,15
1879862,9.992308746161179,1
1879872,9.829149738266986,10
1879884,9.750489826591194,12
1879890,9.879944878852122,6
1879904,9.701457341210553,14
1879921,9.611896182752838,17
1879928,9.854011221290055,7
1879929,10.0,1
1879930,10.0,1
1879939,9.616745061956514,9
1879943,9.932321872620365,4
1879954,9.766939059460206,11
1879961,9.86796254066567,7
1879973,9.752986639181382,12
1879986,9.722539804117101,13
1880000,9.7053062498748,14
1880010,9.79560969333035,10
1880022,9.735532575518201,12
1880040,9.611063604712674,18
1880047,9.871108385826126,7
1880058,9.769923367861592,11
1880066,9.827941537339695,8
1880081,9.721514705468842,15
1880104,9.458265645690398,23
1880121,9.61290019741831,17
1880138,9.611927826730378,17
1880149,9.76830197907589,11
1880152,9.963376136462834,3
1880160,9.839033297454332,8
1880164,9.933400852671754,4
1880167,9.959061904035474,3
1880181,9.662144607471292,14
1880201,9.347073050571442,20
1880207,9.912309299143892,6
1880215,9.82254614054776,8
1880226,9.789108962645747,11
1880231,9.931544861220122,5
1880235,9.94709423785225,4
1880241,9.881686495453168,6
1880249,9.855738374902003,8
1880252,9.96660223703197,3
1880261,9.806784179415539,9
1880262,10.0,1
1880271,9.806369264580033,9
1880286,9.708859707875929,15
1880301,9.682414685058943,15
1880308,9.875171521732646,7
1880315,9.859065656613426,7
1880324,9.818738204169653,9
1880327,9.949668749741816,3
1880333,9.911868223286712,6
1880338,9.909935426258805,5
1880341,9.968148126466374,3
1880347,9.882798860932716,6
1880351,9.936909258134307,4
1880368,9.658977718008416,17
1880373,9.921335657964953,5
1880386,9.719606627426218,13
1880400,9.737765069886573,14
1880412,9.793751291989826,12
1880424,9.768635168859829,12
1880425,10.0,1
1880432,9.889915416602491,7
1880443,9.769907357444724,11
1880451,9.84515503530044,8
1880459,9.83913294363418,8
1880465,9.902240235744303,6
1880473,9.870261761275538,8
1880490,9.610635230867384,17
1880507,9.622440226956412,17
1880508,10.0,1
1880522,9.695789485560065,14
1880524,9.977218149788703,2
1880532,9.851830808055468,8
1880551,9.326464727638593,19
1880561,9.81108306103391,10
1880566,9.918619158745262,5
1880570,9.935857702022632,4
1880583,9.757129600434705,13
1880593,9.767725556338997,10
1880606,9.710123491542578,13
1880607,9.992145888159282,1
1880615,9.838769025666611,8
1880622,9.88413368355123,7
1880636,9.679045801621816,14
1880642,9.905864543515673,6
1880647,9.92975306278671,5
1880660,9.70452243560877,13
1880665,9.908060646951787,5
1880669,9.945641151787523,4
1880683,9.710213540164105,14
1880690,9.863908142424409,7
1880696,9.88465141375481,6
1880698,9.983507522035959,2
1880700,9.97334249927638,2
1880716,9.637644537889187,16
1880721,9.900596356587641,5
1880733,9.778454304752616,12
1880746,9.689515563289024,13
1880749,9.95904950884793,3
1880753,9.933077852157043,4
1880777,9.44317978442559,24
1880788,9.781787453847732,11
1880808,9.543333727328946,20
1880817,9.814771075140513,9
1880829,9.747001279597548,12
1880841,9.743088377143103,12
1880849,9.836886142834626,8
1880859,9.780223480783148,10
1880874,9.715232144461991,15
1880878,9.937226209331708,4
1880879,10.0,1
1880892,9.717263773033189,13
1880904,9.759948933845711,12
1880918,9.691580545673574,14
1880927,9.833225229985974,9
1880941,9.688001231292715,14
1880952,9.715720968688553,11
1880960,9.84067842210129,8
1880962,9.9838033483066,2
1880978,9.65313773356485,16
1880989,9.744794131695611,11
1880990,9.99668364596035,1
1881000,9.776453590660338,10
1881011,9.751119400100812,11
1881017,9.902959379854254,6
1881029,9.72777113359928,12
1881036,9.872826186328533,7
1881042,9.915421848390428,6
1881050,9.860465332804123,8
1881058,9.843249449512822,8
1881065,9.884285543997528,7
1881075,9.834525878090496,10
1881076,10.0,1
1881092,9.521666550262687,16
1881099,9.871439570437053,7
1881117,9.5883467893737,18
1881134,9.617467695082622,17
1881139,9.916664161177506,5
1881144,9.928809146906175,5
1881154,9.798290121457724,10
1881171,9.648880072421216,17
1881178,9.877562102420743,7
1881180,9.978589444810739,2
1881194,9.74291548459463,14
1881214,9.513745074985772,20
1881223,9.823416664384728,9
1881236,9.73164427040704,13
1881243,9.856606608309754,7
1881244,10.0,1
1881256,9.774091044702194,12
1881281,9.448593137564748,25
1881296,9.658643825696505,15
1881304,9.870461415679085,8
1881311,9.864576006189761,7
1881321,9.832126223446075,10
1881329,9.867843662627102,8
1881333,9.954223380007145,4
1881339,9.90412094377432,6
1881350,9.803912667996244,11
1881363,9.728082439731507,13
1881383,9.587458691902459,20
1881389,9.899295875100611,6
1881403,9.699997122848018,14
1881404,10.0,1
1881414,9.682096751910688,10
1881420,9.905439479943182,6
1881424,9.932737004306944,4
1881437,9.71443586171979,13
1881442,9.909221700370706,5
1881453,9.749567194900548,11
1881463,9.787359442966078,10
1881469,9.90230582363594,6
1881479,9.806241968700611,10
1881480,10.0,1
1881483,9.952853175916673,3
1881495,9.724133824297674,12
1881496,10.0,1
1881506,9.821976389455074,10
1881508,9.972879821115738,2
1881521,9.604318344507544,13
1881528,9.870185116648257,7
1881541,9.712537879240346,13
1881549,9.831825815748681,8
1881550,10.0,1
1881559,9.808815315613732,9
1881561,9.974085305887668,2
1881585,9.542929207247221,24
1881590,9.924093865814898,5
1881613,9.524136225029666,23
1881625,9.65603905241881,12
1881629,9.945134197213221,4
1881656,9.417818697422824,27
1881671,9.7050963975236,15
1881684,9.727046087081831,13
1881690,9.890716027200513,6
1881702,9.748901108625033,12
1881704,9.985426240291154,2
1881715,9.772228326978878,11
1881731,9.647516234888048,16
1881732,10.0,1
1881739,9.864731173252327,7
1881762,9.372265954813058,23
1881769,9.907138467824781,7
1881782,9.729259554739352,13
1881785,9.95617781753062,3
1881794,9.81059868456911,9
1881804,9.688066543235994,10
1881820,9.67572050783626,16
1881837,9.58990392087105,17
1881849,9.777425342955967,12
1881864,9.698915296627538,15
1881898,9.378118946422276,34
1881901,9.963677236392428,3
1881915,9.733569295584134,14
1881916,10.0,1
1881930,9.748840499838368,14
1881933,9.964591526976804,3
1881944,9.753294607022411,11
1881957,9.699753465060809,13
1881964,9.86856202149512,7
1881974,9.800506978916237,10
1881988,9.716325932673852,14
1882008,9.190398978799683,20
1882019,9.77754952065108,11
1882025,9.887587268718253,6
1882028,9.963849030957235,3
1882041,9.696842704930138,13
1882056,9.658624307236876,15
1882063,9.880263872408154,7
1882070,9.861881542605095,7
1882084,9.666508359104265,14
1882086,9.974616703836622,2
1882095,9.831366282988842,9
1882108,9.687102801403682,13
1882113,9.901803090803707,5
1882120,9.881717206280987,7
1882126,9.884137522540858,6
1882133,9.86899180656829,7
1882145,9.74134781419767,12
1882153,9.855146434626748,8
1882169,9.695859372465382,16
1882177,9.83827409512023,8
1882192,9.67991701004744,15
1882193,10.0,1
1882196,9.954413687276572,3
1882210,9.748419379796713,14
1882228,9.628108942817637,18
1882237,9.83498452188787,9
1882242,9.923978166796836,5
1882245,9.952121218896538,3
1882256,9.781300268299905,11
1882265,9.857082297922126,9
1882270,9.92355567905492,5
1882283,9.705250238535418,13
1882292,9.82724881938135,9
1882301,9.790238558925415,9
1882307,9.878326583585082,6
1882311,9.924575696743183,4
1882324,9.704811649671413,13
1882337,9.703344048605183,13
1882339,9.978346250233933,2
1882353,9.671815059067457,14
1882365,9.76707507843586,12
1882369,9.945096177274968,4
1882384,9.732788661077716,15
1882393,9.810559463809051,9
1882394,10.0,1
1882405,9.757767764178313,11
1882406,9.988798729754288,1
1882418,9.72851266433636,12
1882424,9.894283769269833,6
1882435,9.822612016155764,11
1882446,9.749012623254602,11
1882462,9.719373111530789,16
1882465,9.957163660086222,3
1882471,9.903638080244805,6
1882476,9.921135052405736,5
1882480,9.932920569883562,4
1882492,9.819140250091934,12
1882508,9.625424967240827,16
1882518,9.815363406466036,10
1882523,9.918143449956688,5
1882534,9.800544098566487,11
1882542,9.881194859888627,8
1882551,9.826080177433505,9
1882561,9.794884119918608,10
1882573,9.762224639294834,12
1882582,9.825360438110176,9
1882595,9.707579936939405,13
1882596,10.0,1
1882613,9.634606873489238,17
1882627,9.685826609314528,14
1882632,9.930031818154982,5
1882639,9.862751039296233,7
1882651,9.763185207179044,12
1882675,9.39817102067188,24
1882690,9.647078446080608,15
1882699,9.819924083472717,9
1882704,9.928565733588664,5
1882712,9.842812693145136,8
1882718,9.902128704876164,6
1882724,9.870829801721472,6
1882732,9.841923092751072,8
1882737,9.89557361662186,5
1882748,9.656916055825489,11
1882754,9.889368667809709,6
1882761,9.882397561045389,7
1882766,9.894331537320582,5
1882781,9.747618621204353,15
1882799,9.605417285823414,18
1882805,9.87466067975249,6
1882825,9.580982771943876,20
1882831,9.886198169751435,6
1882833,9.981610600349628,2
1882840,9.868991270613424,7
1882860,9.550063826860253,20
1882861,10.0,1
1882875,9.695857876942254,14
1882886,9.752610063164195,11
1882898,9.730123150664959,12
1882905,9.871014519025467,7
1882913,9.840177746138492,8
1882925,9.787619665744076,12
1882929,9.932849536598065,4
1882942,9.641451580072655,13
1882949,9.862548182939298,7
1882959,9.788882844479758,10
1882966,9.871512977695994,7
1882974,9.844104372313687,8
1882990,9.632714032764305,16
1883001,9.781991855613054,11
1883009,9.845760141198449,8
1883018,9.803941824093302,9
1883027,9.825404169970202,9
1883048,9.568317574865286,21
1883054,9.908060679494321,6
1883064,9.702729450695871,10
1883072,9.84436164622687,8
1883087,9.710106775998074,15
1883098,9.804539723520039,11
1883109,9.781649525342397,11
1883117,9.864930349998811,8
1883125,9.846930426744184,8
1883142,9.605126276309855,17
1883151,9.787673762770867,9
1883163,9.729758783778347,12
1883177,9.704137311507056,14
1883190,9.747574942650807,13
1883191,10.0,1
1883200,9.808559936037677,9
1883203,9.96477627073672,3
1883209,9.900115600174445,6
1883213,9.947325233556041,4
1883225,9.705304910295332,12
1883234,9.850471298919187,9
1883245,9.751957006950848,11
1883257,9.740742120343217,12
1883258,10.0,1
1883271,9.719366105666667,13
1883278,9.87331991694108,7
1883288,9.802885231529274,10
1883298,9.811847239589854,10
1883304,9.908538335609578,6
1883305,10.0,1
1883313,9.837404728586364,8
1883334,9.508615093791036,21
1883346,9.756542363124556,12
1883364,9.636324545163086,18
1883373,9.829350813866983,9
1883380,9.856900256169823,7
1883394,9.718579786245702,14
1883395,10.0,1
1883403,9.83248461173455,8
1883410,9.875853333603667,7
1883424,9.75773530162338,14
1883433,9.836518639701007,9
1883434,10.0,1
1883445,9.743994625791624,11
1883446,10.0,1
1883448,9.972893743299457,2
1883462,9.686303909167679,14
1883484,9.558671315668521,22
1883496,9.738516909698443,12
1883509,9.72074360203719,13
1883523,9.66958412891155,14
1883529,9.89803178073253,6
1883543,9.555139681664379,14
1883552,9.826725541424336,9
1883569,9.64850792088854,17
1883575,9.902989569332057,6
1883588,9.74235775635829,13
1883594,9.905279770804286,6
1883601,9.869134876520084,7
1883613,9.76098834903688,12
1883624,9.78333279706901,11
1883633,9.818833193388786,9
1883636,9.966711123537282,3
1883651,9.653321315474068,15
1883658,9.869788589506312,7
1883667,9.812141089043852,9
1883673,9.887451648229598,6
1883678,9.910840973275846,5
1883693,9.689038008483775,15
1883706,9.747567287798438,13
1883714,9.84867093281181,8
1883720,9.907400091154791,6
1883756,9.311079505801699,36
1883769,9.713814471024829,13
1883774,9.92933662645403,5
1883776,9.976750471821923,2
1883785,9.834853022148785,9
1883788,9.969889455346346,3
1883789,10.0,1
1883796,9.89099905105314,7
1883809,9.77164302433937,13
1883816,9.857781305221575,7
1883817,10.0,1
1883831,9.686094937953616,14
1883840,9.804414518047741,9
1883854,9.723013018034704,14
1883855,10.0,1
1883866,9.770262111558791,11
1883873,9.846042920702782,7
1883886,9.703932546126907,13
1883901,9.589606730430155,15
1883908,9.877469120057674,7
1883926,9.576496506427107,18
1883949,9.206850773596356,23
1883959,9.736843620565505,10
1883970,9.761408788643488,11
1883981,9.790077448360135,11
1884003,9.458636829371246,22
1884017,9.696330027107486,14
1884023,9.79261477560672,6
1884024,9.992765671977384,1
1884034,9.805424988203479,10
1884039,9.916263068272633,5
1884051,9.7435793534422,12
1884061,9.792608290563374,10
1884072,9.78485378660546,11
1884080,9.836972701257169,8
1884114,9.239266260557228,34
1884143,9.438585807620825,29
1884151,9.86140528906263,8
1884164,9.697851145845776,13
1884183,9.60283968832483,19
1884193,9.793593268294853,10
1884201,9.871127980484701,8
1884213,9.623132033941086,12
1884230,9.624015983763556,17
1884238,9.858919151327605,8
1884245,9.873829221001381,7
1884257,9.71696126184891,12
1884274,9.651613546638073,17
1884281,9.279655337638324,7
1884286,9.931739719818653,5
1884290,9.933017793570272,4
1884301,9.758530321342738,11
1884305,9.947981731953679,4
1884310,9.918699140668755,5
1884317,9.859703789361983,7
1884336,9.548315652978419,19
1884339,9.964499896528585,3
1884351,9.741644529787276,12
1884355,9.941403302755074,4
1884368,9.71869369235535,13
1884377,9.810616039926936,9
1884389,9.713658257129447,12
1884396,9.88339978854537,7
1884404,9.850074301717882,8
1884410,9.900556097401935,6
1884421,9.748012754371517,11
1884425,9.940304338239452,4
1884430,9.906385185612217,5
1884434,9.940449263114768,4
1884435,10.0,1
1884450,9.724585495129974,15
1884457,9.886154164124257,7
1884463,9.921552210397671,6
1884472,9.859563836262003,9
1884482,9.851125790554569,10
1884491,9.826270617368815,9
1884498,9.872090885603443,7
1884505,9.862298189763669,7
1884519,9.66565164583725,14
1884521,9.972954547089808,2
1884529,9.838373477349037,8
1884530,10.0,1
1884531,10.0,1
1884537,9.893615040950277,6
1884546,9.814688744856225,9
1884556,9.8143616874917,10
1884576,9.583822323581302,20
1884581,9.907815040717072,5
1884587,9.887625375392668,6
1884597,9.796779590833674,10
1884614,9.60731360478043,17
1884615,10.0,1
1884618,9.96534567393737,3
1884634,9.648848368036886,16
1884656,9.446370462814475,22
1884668,9.759815298926016,12
1884678,9.802564102956373,10
1884691,9.718893959665358,13
1884692,10.0,1
1884699,9.871026794267708,7
1884705,9.899476398140465,6
1884708,9.964605274644603,3
1884710,9.974264240892332,2
1884711,10.0,1
1884714,9.97028146702424,3
1884725,9.782033117022397,11
1884731,9.89890136453845,6
1884735,9.951422950681918,4
1884745,9.797357849983971,10
1884763,9.481782260732137,18
1884781,9.585895839928728,18
1884796,9.706036626118069,15
1884811,9.653788909047744,15
1884814,9.964036305498597,3
1884828,9.724548818447643,14
1884830,9.985346239205205,2
1884860,9.43646728188499,30
1884878,8.35942862204536,18
1884890,9.747053325161556,12
1884909,9.585176634107665,19
1884910,9.993077141200322,1
1884920,9.768914303245811,10
1884925,9.926766842300761,5
1884944,9.604595303284755,19
1884955,9.769556070886013,11
1884969,9.704390572318516,14
1884977,9.85747172310707,8
1884998,9.575297433251116,21
1885013,9.72811160984752,15
1885036,9.416032388975315,23
1885047,9.756990882570795,11
1885050,9.960282192901158,3
1885056,9.92116140611082,6
1885072,9.658918498193573,16
1885084,9.736675732868221,12
1885092,9.872401321457982,8
1885109,9.646026585352777,17
1885116,9.862772022052619,7
1885126,9.796122803430679,10
1885131,9.918173106816022,5
1885142,9.809791119468835,11
1885152,9.79091649594154,10
1885163,9.760532985338715,11
1885178,9.578937893047298,15
1885189,9.802503230897537,11
1885198,9.848173358083033,9
1885204,9.916878805372551,6
1885212,9.860532442167523,8
1885215,9.968811658148317,3
1885224,9.814640451784118,9
1885234,9.800367363904043,10
1885236,9.97465226846861,2
1885253,9.581524783584669,17
1885259,9.897223959794795,6
1885260,10.0,1
1885269,9.84039789661062,9
1885307,9.174671960266672,38
1885316,9.823889816185952,9
1885333,9.654897030077462,17
1885347,9.704944799778296,14
1885355,9.871797922751282,8
1885356,10.0,1
1885368,9.769290953389692,12
1885374,9.902765054244917,6
1885384,9.80464701050601,10
1885393,9.815034774124232,9
1885400,9.872858041963653,7
1885402,9.981473605547924,2
1885419,9.717539547368359,17
1885429,9.81054575496493,10
1885440,9.774441028353223,11
1885447,9.87199200903602,7
1885451,9.940339330868321,4
1885463,9.763239205747578,12
1885475,9.740086392795773,12
1885482,9.867993280484544,7
1885495,9.724723466339531,13
1885500,9.922038705635387,5
1885510,9.768887785692128,10
1885517,9.879760365798369,7
1885521,9.940289140476105,4
1885538,9.655355418067469,17
1885555,9.607838101228788,17
1885567,9.714173799543074,12
1885579,9.72553441615306,12
1885588,9.801664989587735,9
1885595,9.871093668054243,7
1885599,9.930249599733786,4
1885605,9.887995430185063,6
1885615,9.803317226792176,10
1885618,9.944494338245107,3
1885627,9.834750313799773,9
1885635,9.830706252490788,8
1885636,9.992612607654591,1
1885649,9.760722840458126,13
1885664,9.664639264650596,15
1885665,10.0,1
1885681,9.663226077660184,16
1885698,9.616092028974139,17
1885705,9.868451228345569,7
1885724,8.9782130184923,19
1885737,9.622165837752673,13
1885741,9.93305207169356,4
1885754,9.709517030636036,13
1885758,9.944244271084262,4
1885767,9.819203940165334,9
1885769,9.976047983844117,2
1885778,9.82617996834544,9
1885790,9.752310601179774,12
1885803,9.714086482763145,13
1885805,9.972915966021372,2
1885813,9.818044179729542,8
1885817,9.952593929645582,4
1885827,9.79215982707923,10
1885844,9.58605968158151,17
1885850,9.891541068802391,6
1885856,9.913724947103146,6
1885863,9.859627968650662,7
1885869,9.905053458178074,6
1885871,9.973304444559211,2
1885876,9.905153675295532,5
1885886,9.812911408859327,10
1885899,9.698131102218836,13
1885912,9.70248558953376,13
1885926,9.715611599583672,14
1885940,9.700835873685945,14
1885958,9.643044878146558,18
1885965,9.862859312656271,7
1885978,9.687756339871267,13
1885984,9.908270313869712,6
1885991,9.88369104698739,7
1886001,9.799344771276548,10
1886006,9.917530790656162,5
1886007,10.0,1
1886012,9.922954885162644,5
1886026,9.708922195134438,14
1886033,9.875299122068224,7
1886044,9.769813210285443,11
1886061,9.61113673995007,17
1886071,9.701080099302196,10
1886076,9.909186615013029,5
1886090,9.708793347633616,14
1886101,9.770247564497236,11
1886108,9.868198960199914,7
1886126,9.59375805927353,18
1886141,9.652195228175444,15
1886143,9.979594972001621,2
1886153,9.791449987332378,10
1886167,9.704327987292883,14
1886173,9.908534538728277,6
1886182,9.812592712223186,9
1886188,9.87599412238519,6
1886200,9.735071699264356,12
1886211,9.743172384591166,11
1886223,9.747121278862213,12
1886229,9.905210632292313,6
1886233,9.923225744021968,4
1886244,9.781549373827252,11
1886256,9.764586682226259,12
1886283,9.353566933655825,27
1886284,9.992627328772992,1
1886291,9.87307660204009,7
1886297,9.900078334656019,6
1886310,9.714846923695067,13
1886314,9.9412153820193,4
1886323,9.82223970917489,9
1886333,9.794605335635246,10
1886341,9.839785044062836,8
1886351,9.808251634218955,10
1886354,9.964818670842618,3
1886364,9.771865570977834,10
1886379,9.657187828289226,15
1886382,9.952277369607218,3
1886389,9.849985222116901,7
1886394,9.911547635022131,5
1886403,9.824168202449854,9
1886414,9.738677131065382,11
1886418,9.938455790269193,4
1886419,10.0,1
1886434,9.596858919229375,15
1886444,9.805718073959916,10
1886452,9.849963961818514,8
1886476,9.282273572651894,24
1886492,9.649979105015465,16
1886501,9.826680039267725,9
1886506,9.923134916839956,5
1886511,9.901947932533082,5
1886526,9.672705258527268,15
1886543,9.626930591582292,17
1886559,9.608577070482683,16
1886574,9.577695896218108,15
1886584,9.822059135334124,10
1886591,9.871965691671086,7
1886592,10.0,1
1886596,9.935306561510528,4
1886606,9.80474614212918,10
1886607,10.0,1
1886616,9.804463996577578,9
1886625,9.861128328223419,9
1886626,10.0,1
1886636,9.783332694238903,10
1886638,9.981447750861378,2
1886640,9.976064833056949,2
1886650,9.795703854019923,10
1886657,9.893000480535129,7
1886659,9.985468510226616,2
1886678,9.59818115992868,19
1886684,9.88049221237822,6
1886685,9.990254297664904,1
1886690,9.91620362617569,5
1886713,9.567452524981748,23
1886722,9.80358854132509,9
1886727,9.92725522198393,5
1886735,9.869408098147217,8
1886746,9.671507778774242,11
1886757,9.792263446577218,11
1886768,9.771922848507147,11
1886775,9.881557952051693,7
1886789,9.706510438897359,14
1886795,9.880780332624937,6
1886800,9.932372668252057,5
1886808,9.858319222836128,8
1886814,9.905550931543841,6
1886818,9.954418588193356,4
1886828,9.801729712208799,10
1886842,9.679426394812305,14
1886884,9.091110239834586,42
1886896,9.740018826587344,12
1886901,9.914638672368355,5
1886909,9.837671421520785,8
1886931,9.585612220164315,22
1886940,9.864858107576296,9
1886952,9.723711274918301,12
1886970,9.569755023085571,18
1886984,9.684354943059807,14
1886999,9.680913827286371,15
1887000,10.0,1
1887016,9.654633269012198,16
1887017,10.0,1
1887018,10.0,1
1887030,9.757195917441596,12
1887042,9.755322262361913,12
1887055,9.714743519690769,13
1887064,9.825257930575779,9
1887065,10.0,1
1887070,9.91995255994227,5
1887078,9.850251927709538,8
1887079,10.0,1
1887081,9.970790228950694,2
1887087,9.899331608819153,6
1887097,9.790414965404784,10
1887104,9.874326108134504,7
1887109,9.902833194378939,5
1887116,9.884364830307975,7
1887126,9.788075905902444,10
1887137,9.763685711752432,11
1887153,9.61355626863633,16
1887164,9.765779062068937,11
1887175,9.761539388381179,11
1887188,9.741569155426442,13
1887199,9.78897413879994,11
1887218,9.640231788636662,19
1887219,10.0,1
1887234,9.603228037592803,15
1887242,9.840490611700702,8
1887244,9.976959035099048,2
1887261,9.607963308686633,17
1887267,9.89444515602583,6
1887274,9.867016396921402,7
1887279,9.931517145350172,5
1887292,9.69626643630031,13
1887301,9.800232111784993,9
1887305,9.941306673046657,4
1887314,9.814318896757117,9
1887322,9.850886536475794,8
1887330,9.839158192311775,8
1887342,9.717567548394458,12
1887355,9.695870138667583,13
1887356,10.0,1
1887370,9.700813463648327,14
1887377,9.853576521778399,7
1887380,9.962244036084648,3
1887392,9.736121699887379,12
1887395,9.96281557931808,3
1887405,9.789929232306564,10
1887412,9.854621735725763,7
1887432,9.575268550300656,20
1887445,9.761416856038627,13
1887446,10.0,1
1887457,9.812000243010269,11
1887461,9.932599738699363,4
1887462,10.0,1
1887470,9.848569440339988,8
1887472,9.97880782126344,2
1887479,9.869078257032394,7
1887481,9.974972964645955,2
1887482,9.996578507440617,1
1887488,9.87371670624834,6
1887494,9.88295552870877,6
1887498,9.938483187718333,4
1887506,9.857896022599247,8
1887510,9.922770700912421,4
1887517,9.854026671684414,7
1887520,9.967720670460658,3
1887524,9.833557690956685,4
1887539,9.567110768368178,15
1887548,9.811688932739125,9
1887557,9.836816271863206,9
1887565,9.846849904020816,8
1887574,9.814637497348947,9
1887581,9.862143351388811,7
1887591,9.784280833504912,10
1887599,9.833152465171056,8
1887606,9.866124808689909,7
1887607,10.0,1
1887615,9.832078043050553,8
1887627,9.748417209991555,12
1887631,9.937829651761295,4
1887638,9.884933688470328,7
1887639,10.0,1
1887654,9.680205133959527,15
1887659,9.919766516778347,5
1887665,9.909603651411201,6
1887684,9.573807318275863,19
1887697,9.71095418513447,13
1887698,10.0,1
1887702,9.929392530962353,4
1887719,9.59046634695411,17
1887730,9.777898429064829,11
1887739,9.821497013000357,9
1887748,9.807820902862863,9
1887750,9.971993230756494,2
1887759,9.818246449317162,9
1887770,9.75965441472424,11
1887783,9.689716825879868,13
1887784,9.987999075027993,1
1887785,10.0,1
1887789,9.954213640198256,4
1887803,9.676409093665635,14
1887815,9.727640220453807,12
1887825,9.808645687126146,10
1887842,9.594596769252986,17
1887848,9.905082513595577,6
1887849,10.0,1
1887859,9.803291856071157,10
1887860,10.0,1
1887874,9.712889568321481,14
1887881,9.872322593220236,7
1887891,9.781694818014836,10
1887900,9.822599084814993,9
1887907,9.868054425674316,7
1887912,9.899204991373344,5
1887913,10.0,1
1887918,9.91673068464979,5
1887925,9.871037420789868,7
1887927,9.977117685574395,2
1887934,9.88087864181815,7
1887938,9.948219145325764,4
1887948,9.795452896774474,10
1887956,9.860393952901287,8
1887963,9.869047506258939,7
1887970,9.893556500982394,7
1887975,9.907216032546105,5
1887977,9.976047464470058,2
1887985,9.822263496144915,8
1887990,9.90822507847248,5
1888000,9.784373724229901,10
1888014,9.701937993306478,14
1888015,9.99319763418544,1
1888024,9.805858248779089,9
1888040,9.673886867323917,16
1888052,9.759353428035048,12
1888062,9.777544382532204,10
1888075,9.73302305927013,13
1888078,9.949669272172176,3
1888099,9.419848013535699,21
1888114,9.692680557052151,15
1888123,9.80944292878296,9
1888126,9.961477218365154,3
1888134,9.836970736819412,8
1888143,9.832785137651571,9
1888154,9.741965476231934,11
1888166,9.72288817502497,12
1888174,9.840958021096807,8
1888185,9.773133801147132,11
1888200,9.65859753182381,15
1888212,9.719386268238958,12
1888219,9.864231841940938,7
1888225,9.885824880055393,6
1888227,9.972189303516386,2
1888239,9.630681609549141,12
1888262,9.5800995814197,23
1888263,10.0,1
1888272,9.801064501882863,9
1888283,9.759126037172852,11
1888284,10.0,1
1888290,9.880837746171272,6
1888305,9.655751300690202,15
1888306,10.0,1
1888314,9.841075304955424,8
1888326,9.75706805488671,12
1888334,9.828809658317336,8
1888346,9.734199209706132,12
1888352,9.874418113004307,6
1888353,10.0,1
1888362,9.863811459763143,9
1888376,9.667549401820997,14
1888377,10.0,1
1888378,10.0,1
1888389,9.766707766370036,11
1888395,9.89720168189237,6
1888410,9.685440413992152,15
1888416,9.905060261171167,6
1888423,9.851799386267457,7
1888446,9.47476332321455,23
1888455,9.803787563593248,9
1888459,9.928624478029597,4
1888463,9.923815226892314,4
1888464,9.992593980485617,1
1888646,2.7479475283486643,182
1888652,9.88734380516066,6
1888659,9.869463479929824,7
1888662,9.956641839142533,3
1888671,9.81077457684718,9
1888684,9.708650479258145,13
1888692,9.827023855197561,8
1888693,9.988391145755315,1
1888701,9.846442332434886,8
1888706,9.911401011848012,5
1888711,9.914964750129288,5
1888715,9.934443852142355,4
1888726,9.375052511689926,11
1888737,9.760292941902955,11
1888751,9.750016273704263,14
1888754,9.951123989569808,3
1888771,9.619760141920038,17
1888783,9.753764508824888,12
1888784,10.0,1
1888792,9.858909866855154,8
1888804,9.730647491437981,12
1888812,9.825572482940588,8
1888819,9.882603439327404,7
1888830,9.78082049909903,11
1888841,9.806364685461885,11
1888856,9.679501219174945,15
1888863,9.891880593924755,7
1888865,9.98493168305213,2
1888869,9.9446595736579,4
1888880,9.787970260261412,11
1888893,9.751714050601786,13
1888897,9.947247345985456,4
1888910,9.721355329572024,13
1888930,9.529532241367924,20
1888933,9.95934796679299,3
1888943,9.788806342843149,10
1888954,9.759422485525379,11
1888969,9.718093469597092,15
1888974,9.914964782974868,5
1888975,10.0,1
1889024,8.919932586005604,49
1889027,9.957659961342143,3
1889035,9.843784828985784,8
1889038,9.956796471763228,3
1889045,9.889337357518487,7
1889049,9.9435219721236,4
1889050,10.0,1
1889060,9.806126495520182,10
1889078,9.441917347703454,18
1889088,9.796867734564657,10
1889099,9.742055875830543,11
1889100,10.0,1
1889107,9.867658107684035,7
1889108,10.0,1
1889116,9.840306444725176,8
1889124,9.848063720386413,8
1889138,9.667506530862193,14
1889139,10.0,1
1889149,9.812615452158564,10
1889162,9.692141364066671,13
1889174,9.757940129595138,12
1889183,9.836178694489485,9
1889193,9.794242541657127,10
1889200,9.868669320708596,7
1889215,9.673889503852209,15
1889231,9.732940127009194,16
1889237,9.878633872073681,6
1889238,10.0,1
1889240,9.970125138479656,2
1889251,9.730996035339746,11
1889266,9.684314616673552,15
1889268,9.984545668568778,2
1889275,9.888821102222995,7
1889277,9.973050058058616,2
1889291,9.677913153799581,14
1889297,9.881303276096777,6
1889308,9.799148413920296,11
1889318,9.813683938862447,10
1889330,9.733416897757232,12
1889341,9.787685533809551,11
1889352,9.777257898604963,11
1889364,9.784385801428925,12
1889374,9.814473724571812,10
1889385,9.768938574653042,11
1889395,9.826083376463192,10
1889398,9.955815296010066,3
1889412,9.657053256625147,14
1889415,9.954893647926909,3
1889424,9.81407922868601,9
1889434,9.79392116557715,10
1889446,9.726350383669812,12
1889458,9.757693764298006,12
1889459,10.0,1
1889465,9.89476096091229,6
1889477,9.761298292896015,12
1889491,9.684238541615732,14
1889494,9.967574214951199,3
1889503,9.83628010224441,9
1889509,9.88471709746111,6
1889523,9.674992012332037,14
1889524,10.0,1
1889527,9.948511441642607,3
1889541,9.689474331678344,14
1889544,9.95356661780799,3
1889569,9.53196295554728,25
1889584,9.664939374226563,15
1889597,9.704567404762576,13
1889599,9.978964668422751,2
1889602,9.953699303653378,3
1889603,10.0,1
1889614,9.77153170551014,11
1889618,9.932739563184334,4
1889627,9.80890896504698,9
1889628,9.996762413969082,1
1889644,9.607139519825067,16
1889658,9.732829317999535,14
1889669,9.744187568914096,11
1889674,9.9174522818251,5
1889678,9.937379475861885,4
1889685,9.868897130616894,7
1889692,9.883084938616154,7
1889693,10.0,1
1889695,9.982414460876134,2
1889696,10.0,1
1889704,9.828767521209585,8
1889714,9.770078966633886,10
1889721,9.896296405833075,7
1889728,9.890667402816861,7
1889733,9.92021621921687,5
1889734,10.0,1
1889742,9.862163174025694,8
1889746,9.932833174246237,4
1889760,9.762064903460555,14
1889769,9.839559780328255,9
1889777,9.867665796732993,8
1889783,9.912474630866337,6
1889796,9.684951655361367,13
1889805,9.749738694743177,9
1889819,9.719316505925313,14
1889824,9.919776815559402,5
1889833,9.793614042241165,9
1889841,9.848102653941178,8
1889843,9.973733565032973,2
1889848,9.911484531684101,5
1889854,9.892279147429534,6
1889860,9.882014936180386,6
1889864,9.950868344974099,4
1889873,9.830785170714279,9
1889890,9.635029462322159,17
1889900,9.799819916196173,10
1889912,9.744539003137776,12
1889929,8.571785543849561,17
1889940,9.811706624238514,11
1889951,9.775522755459592,11
1889961,9.835194440274407,10
1889972,9.767826977435435,11
1889982,9.807056833868854,10
1889992,9.764652375198775,10
1890012,9.553833717744105,20
1890024,9.761577720283796,12
1890038,9.704702162593577,14
1890043,9.920702989331263,5
1890053,9.770788930593369,10
1890063,9.809918416513437,10
1890068,9.905856075654457,5
1890081,9.729532751782095,13
1890090,9.836144705645914,9
1890105,9.596176073052622,15
1890116,9.79041029369435,11
1890122,9.914710434343478,6
1890135,9.69601703368326,13
1890144,9.807896996300311,9
1890151,9.855245653590558,7
1890157,9.907538646411652,6
1890167,9.625445080499174,10
1890177,9.832752644976898,10
1890186,9.825711246391421,9
1890196,9.815496813039132,10
1890211,9.66845158984211,15
1890219,9.87467539470901,8
1890226,9.871800572600186,7
1890231,9.917389478418691,5
1890238,9.89389567079381,7
1890246,9.84634162199676,8
1890254,9.849866514072913,8
1890258,9.929476453038438,4
1890276,9.566533364276877,18
1890283,9.867403924987299,7
1890292,9.838791174998523,9
1890300,9.87806911227932,8
1890301,10.0,1
1890312,9.762182891325764,11
1890321,9.79694889783982,9
1890325,9.932183955441959,4
1890339,9.703923925342103,14
1890353,9.732600942036992,14
1890361,9.86577922643599,8
1890370,9.808512948805097,9
1890378,9.86636551083204,8
1890389,9.77231935772107,11
1890393,9.934888563730333,4
1890397,9.937186371908695,4
1890402,9.925610553589845,5
1890410,9.833635473839939,8
1890415,9.726538475047022,5
1890429,9.647809625450803,14
1890431,9.984061912288428,2
1890435,9.94402508391811,4
1890451,9.648629275461154,16
1890459,9.853877984905818,8
1890506,8.956758613150535,47
1890516,9.815424222505987,10
1890522,9.901299532050716,6
1890531,9.834994377639646,9
1890536,9.924202441001787,5
1890542,9.888099267148467,6
1890558,9.649661395403601,16
1890577,9.551168449851025,19
1890587,9.78937244144486,10
1890594,9.860223494030995,7
1890615,5.8777437024303385,21
1890629,9.740941210791444,14
1890630,10.0,1
1890631,10.0,1
1890639,9.83805844028362,8
1890645,9.90094640430591,6
1890662,9.625244703160526,17
1890674,9.7381214050316,12
1890676,9.973032079164149,2
1890681,9.915398099253137,5
1890689,9.864109514149968,8
1890707,9.566759797214077,18
1890714,9.866334593171954,7
1890799,8.717905937445533,85
1890807,9.827133110007717,8
1890812,9.928214468846534,5
1890836,9.447244132518305,24
1891336,-205.09556368004453,500
1891340,9.925667342112764,4
1891346,9.905732569353004,6
1891356,9.822371728057325,10
1891367,9.778086299942025,11
1891373,9.882327969898249,6
1891376,9.963957773404822,3
1891391,9.644544350236114,15
1891413,9.61170626821457,22
1891419,9.910976666598701,6
1891421,9.978365047358055,2
1891429,9.808155339172698,8
1891430,10.0,1
1891446,9.692916583124898,16
1891460,9.695870439663025,14
1891466,9.876959720359181,6
1891477,9.727875553591634,11
1891490,9.739707409210975,13
1891495,9.925810209591722,5
1891496,10.0,1
1891517,9.496362130486725,21
1891528,9.77078315351397,11
1891535,9.897653839791989,7
1891536,10.0,1
1891544,9.828389957736915,8
1891556,9.756899115529867,12
1891557,9.996380102650564,1
1891571,9.627763252436408,14
1891584,9.741880559525603,13
1891590,9.89743571399146,6
1891598,9.838986968451083,8
1891610,9.628749353876884,12
1891622,9.718321524962663,12
1891633,9.766182579633403,11
1891642,9.842118314609904,9
1891643,10.0,1
1891660,9.628590514483905,17
1891671,9.801965377421732,11
1891690,9.59660948069326,19
1891691,10.0,1
1891700,9.815393180702097,9
1891711,9.756637618885037,11
1891721,9.787828733114923,10
1891722,10.0,1
1891733,9.764910244745062,11
1891752,9.5789404723199,19
1891753,10.0,1
1891757,9.944945026393889,4
1891763,9.89666717447312,6
1891766,9.957163338172295,3
1891767,10.0,1
1891773,9.90624010601073,6
1891783,9.77985204281307,10
1891784,10.0,1
1891793,9.84712690309947,9
1891809,9.308835229973102,16
1891819,9.811415445462208,10
1891830,9.79284890722517,11
1891848,9.638703101169542,18
1891855,9.867488364482874,7
1891860,9.930528147492762,5
1891871,9.756097020882143,11
1891875,9.93919497715666,4
1891876,10.0,1
1891881,9.92045857681425,5
1891890,9.81797725459904,9
1891893,9.96064836371876,3
1891894,10.0,1
1891900,9.882826505718786,6
1891910,9.801534037929045,10
1891912,9.985050621871427,2
1891926,9.655552358354335,14
1891929,9.964063445302358,3
1891945,9.624261907290105,16
1891954,9.826367501301725,9
1891968,9.688730897220989,14
1891979,9.756568411007377,11
1891981,9.971150512645181,2
1891982,9.996456010415363,1
1891995,9.761911006530104,13
1892006,9.754487723682878,11
1892011,9.912505696765345,5
1892018,9.867471219242129,7
1892029,9.75199422221099,11
1892040,9.72630093234697,11
1892041,10.0,1
1892052,9.75861592187672,11
1892072,9.351637173950401,20
1892078,9.918854493978861,6
1892090,9.757435204870527,12
1892103,9.713194693979975,13
1892109,9.905588903457746,6
1892119,9.815168736737393,10
1892123,9.938319555277218,4
1892131,9.843446939196998,8
1892150,9.52252432629506,19
1892154,9.94775548404189,4
1892163,9.837628091543813,9
1892170,9.880179149573138,7
1892184,9.67772246692931,14
1892196,9.742111883608866,12
1892210,9.703688732719398,14
1892221,9.760481725164546,11
1892234,9.72531529690112,13
1892246,9.745339943302525,12
1892275,9.298960869658998,29
1892292,9.24208253581934,17
1892294,9.972175334018372,2
1892304,9.778461479549723,10
1892319,9.69956047245113,15
1892338,9.616686661260877,19
1892347,9.842382792145099,9
1892355,9.836985831574147,8
1892368,9.702980862019086,13
1892369,10.0,1
1892387,9.566009157292035,18
1892389,9.984966538301803,2
1892407,9.58844950460431,18
1892421,9.720810549672422,14
1892437,9.685712559106227,16
1892438,10.0,1
1892441,9.9668115782195,3
1892456,9.688402536512866,15
1892472,9.62449110894169,16
1892476,9.945391158606366,4
1892477,10.0,1
1892500,9.527869721345745,23
1892513,9.72872303251788,13
1892526,9.801608229063026,13
1892535,9.843343968094157,9
1892543,9.828758101559687,8
1892556,9.781210259478705,13
1892565,9.824266181700725,9
1892570,9.918900903952714,5
1892571,10.0,1
1892577,9.898871023507553,6
1892593,9.646367630800352,16
1892613,9.22020400538576,20
1892614,10.0,1
1892623,9.826383787756532,9
1892641,9.599756913026683,18
1892643,9.977059202459928,2
1892653,9.808559890128919,10
1892672,9.552596770437901,19
1892680,9.835407652583505,8
1892690,9.814595323434325,10
1892694,9.92336912473598,4
1892710,9.634430484186408,16
1892725,9.64200541552596,15
1892728,9.956856606844376,3
1892734,9.895188380030238,6
1892741,9.881402079909417,7
1892742,10.0,1
1892758,9.745603682936347,16
1892770,9.768421354460356,12
1892784,9.761306959221056,14
1892795,9.77325565809811,11
1892811,9.636240364597871,16
1892816,9.913583782888491,5
1892827,9.822984097176347,11
1892832,9.924955765179865,5
1892846,9.700899858188418,14
1892857,9.76976701524511,11
1892865,9.840116808480234,8
1892870,9.909572973641781,5
1892875,9.93190714896411,5
1892879,9.942344385975709,4
1892886,9.888483422697902,7
1892908,9.381500572635273,22
1892918,9.792221806836384,10
1892931,9.736946644327965,13
1892942,9.791656424914374,11
1892951,9.821493352071608,9
1892964,9.740764182969944,13
1892975,9.759651009776816,11
1892993,9.632070931053189,18
1892994,10.0,1
1893011,9.63941995428173,17
1893018,9.868823456171635,7
1893019,10.0,1
1893023,9.941376993692899,4
1893032,9.804938250805169,9
1893033,10.0,1
1893044,9.757133813305584,11
1893045,10.0,1
1893059,9.708193023370601,14
1893071,9.727729108261924,12
1893088,9.611124339342332,17
1893100,9.740046811047744,12
1893101,10.0,1
1893102,9.996263124203258,1
1893118,9.655936602820818,16
1893121,9.961894313553046,3
1893131,9.78379644342611,10
1893132,10.0,1
1893143,9.815311584651775,11
1893148,9.81432944118412,5
1893158,9.812724882937555,10
1893163,9.928774725645898,5
1893182,9.56577932869603,19
1893208,9.36105249654588,26
1893223,9.689597959600711,15
1893224,9.996693096677612,1
1893241,9.57237645358876,17
1893242,10.0,1
1893271,8.511805944071183,29
1893277,9.890173689547701,6
1893287,9.79001645712546,10
1893291,9.933236318898421,4
1893303,9.729515195925,12
1893318,9.638519305636356,15
1893337,9.454146518275225,19
1893347,9.821005310441995,10
1893352,9.923271494554356,5
1893367,9.647436116310175,15
1893376,9.835565071792793,9
1893383,9.89391108253919,7
1893384,10.0,1
1893397,9.741275236240364,13
1893411,9.731298602753403,14
1893425,9.692625159473192,14
1893428,9.964385562044278,3
1893429,10.0,1
1893439,9.826753262813956,10
1893451,9.787764229905907,12
1893456,9.913229857762618,5
1893460,9.931720466665752,4
1893471,9.766665181079416,11
1893472,10.0,1
1893476,9.955292478208897,4
1893490,9.669269807240546,14
1893493,9.956670981878673,3
1893495,9.966931692354018,2
1893497,9.974922863695186,2
1893506,9.82261347241193,9
1893512,9.888548292690151,6
1893524,9.73393396373173,12
1893532,9.640583532337416,8
1893533,10.0,1
1893547,9.691306465462002,14
1893548,9.996709938949142,1
1893560,9.77131567551205,12
1893573,9.519651888045875,13
1893586,9.716586847691817,13
1893604,9.621709657849033,18
1893617,9.695051593868673,13
1893618,10.0,1
1893622,9.952733103526441,4
1893629,9.8892044981647,7
1893637,9.842978888496765,8
1893650,9.72779935785926,13
1893666,9.67263697505528,16
1893676,9.785434339640632,10
1893677,10.0,1
1893687,9.796953412463822,10
1893692,9.91546439856236,5
1893705,9.722903532101094,13
1893713,9.850537804929903,8
1893721,9.840394186341177,8
1893734,9.699687397166437,13
1893745,9.774537668411302,11
1893751,9.888709042373351,6
1893764,9.723108713738913,13
1893773,9.840463824111561,9
1893780,9.880935596615718,7
1893796,9.619510665004277,16
1893818,9.573381285928525,22
1893833,9.645505362090367,15
1893844,9.758003919460482,11
1893855,9.79204365608125,11
1893864,9.852318423072422,9
1893870,9.891433893078164,6
1893885,9.657150612288062,15
1893891,9.886584172495544,6
1893899,9.874903248510227,8
1893911,9.772166001996176,12
1893921,9.81031045510336,10
1893927,9.88941395891628,6
1893931,9.93672891126812,4
1893938,9.884082221959872,7
1893954,9.634893819331621,16
1893967,9.710401615737444,13
1893968,10.0,1
1893976,9.85579390858071,8
1893998,9.554094971067755,22
1894000,9.976882475518424,2
1894010,9.80288546722278,10
1894011,10.0,1
1894026,9.653224693333803,15
1894033,9.861942900469492,7
1894039,9.881781312615752,6
1894051,9.7721349842783,12
1894065,9.65462641272483,14
1894072,9.873273144318718,7
1894073,10.0,1
1894082,9.819933882397557,9
1894095,6.9987833144118845,13
1894105,9.507823519782258,10
1894124,9.54072956303464,19
1894125,10.0,1
1894138,9.724944122198412,13
1894147,9.818170169719714,9
1894157,9.802747597247377,10
1894171,9.690666296715547,14
1894180,9.808368897554134,9
1894193,9.723108802280349,13
1894202,9.826894471831755,9
1894214,9.805770112702438,12
1894239,9.543687521690357,25
1894253,9.725379388983724,14
1894258,9.904893438949237,5
1894270,9.717092798691391,12
1894296,9.427457757065573,26
1894309,9.73504135139828,13
1894312,9.964263482402965,3
1894318,9.885114263252975,6
1894319,10.0,1
1894327,9.178117672618205,8
1894328,9.989440481235862,1
1894333,9.902448045075838,5
1894347,9.66063282997204,14
1894356,9.831091597490634,9
1894357,10.0,1
1894371,9.674265333383323,14
1894388,9.646886544270071,17
1894393,9.923112497911463,5
1894403,9.798701769296978,10
1894409,9.909202610174088,6
1894418,9.810439350909029,9
1894421,9.956697936026746,3
1894422,10.0,1
1894433,9.76560294427726,11
1894448,9.742363145721503,15
1894449,10.0,1
1894457,9.848882582283164,8
1894467,9.789345525948683,10
1894492,9.483965366028979,25
1894506,9.677678306730089,14
1894518,9.732564491511873,12
1894520,9.983122397296608,2
1894532,9.729544235424557,12
1894540,9.882019221431559,8
1894558,9.569983930801575,18
1894559,10.0,1
1894570,9.766300779066414,11
1894579,9.842197247827288,9
1894599,9.265268523606492,20
1894600,10.0,1
1894608,9.85421906789997,8
1894620,9.739065131568779,12
1894630,9.788772325453237,10
1894632,9.973001530534424,2
1894636,9.95218359464085,4
1894649,9.73950308502969,13
1894650,10.0,1
1894656,9.896068112052017,6
1894667,9.787068080814935,11
1894684,9.63581156085639,17
1894700,9.620196681159953,16
1894703,9.95485347594843,3
1894713,9.773298488892008,10
1894717,9.954045177438408,4
1894723,9.896826481085947,6
1894726,9.952170274624834,3
1894740,9.715110483186502,14
1894744,9.938665534089981,4
1894757,9.69867324081212,13
1894771,9.707331570220203,14
1894775,9.951242569796634,4
1894780,9.922841596658744,5
1894781,10.0,1
1894789,9.849829992656966,8
1894798,9.829860817227603,9
1894806,9.830228557466247,8
1894819,9.71009989069497,13
1894841,9.436821387654241,22
1894861,9.527887482297084,20
1894870,9.832228841755493,9
1894873,9.956929668980461,3
1894881,9.87621270238986,8
1894901,9.576559941280568,20
1894906,9.921845949895365,5
1894907,10.0,1
1894908,10.0,1
1894917,9.818176536856141,9
1894923,9.916264676278335,6
1894927,9.954408254773298,4
1894929,9.985053373212233,2
1894934,9.918237678934616,5
1894938,9.928261271409035,4
1894950,9.727765988499387,12
1894957,9.881411858666919,7
1894965,9.870168180286798,8
1894977,9.74628262761497,12
1894988,9.777401252563838,11
1894991,9.957079521031389,3
1894996,9.90863942405934,5
1895004,9.84928658587171,8
1895024,5.259114193629476,20
1895027,9.968376730639353,3
1895038,9.774884960855822,11
1895047,9.824724453937483,9
1895066,9.570250208954358,19
1895074,9.847004157260113,8
1895075,10.0,1
1895076,10.0,1
1895077,10.0,1
1895088,9.781845083282661,11
1895096,9.865806513019047,8
1895109,9.703681162546044,13
1895114,9.915902209200071,5
1895130,9.330253687066467,16
1895132,9.985349863205705,2
1895138,9.902717799918115,6
1895148,9.815428589248418,10
1895162,9.706380997903437,14
1895171,9.830462865291777,9
1895182,9.759089190286273,11
1895192,9.808151378748267,10
1895204,9.747126968593212,12
1895209,9.921152744127795,5
1895217,9.844443937066679,8
1895225,9.84473222458053,8
1895231,9.882803212903644,6
1895250,9.56388862081924,19
1895251,10.0,1
1895263,9.748387125739686,12
1895272,9.856300684076981,9
1895280,9.844004926401075,8
1895281,10.0,1
1895298,9.654967588988121,17
1895310,9.751102795565684,12
1895314,9.937847520080972,4
1895326,9.749247250216877,12
1895341,9.685566916443184,15
1895349,9.856364831585402,8
1895360,9.841690854483097,11
1895365,9.921820922601961,5
1895370,9.936558679932672,5
1895376,9.879115578972577,6
1895384,9.836827605498826,8
1895389,9.901249899114486,5
1895404,9.6451462574561,15
1895419,9.445507947112091,15
1895428,9.873316449678585,9
1895442,9.676900545970211,14
1895443,10.0,1
1895480,9.128584718795437,37
1895490,9.790585698699598,10
1895503,9.754019919542808,13
1895513,9.793244140097945,10
1895514,10.0,1
1895525,9.791185932181383,11
1895533,9.835486733854534,8
1895540,9.883257785926515,7
1895546,9.887092649129174,6
1895547,10.0,1
1895549,9.971656382590197,2
1895554,9.924519601242944,5
1895565,9.807452966713386,11
1895587,9.541136661114578,22
1895595,9.84563119861376,8
1895599,9.936661742542265,4
1895605,9.889488147297644,6
1895614,9.806478901002128,9
1895622,9.861991844545146,8
1895629,9.85846076510048,7
1895648,9.652650548767308,19
1895649,10.0,1
1895665,9.653703353205147,16
1895677,9.743846412949607,12
1895686,9.803456334914157,9
1895700,9.63473736502196,14
1895725,9.492353905047626,25
1895726,9.996433557650393,1
1895735,9.815818361652108,9
1895745,9.834610948492005,10
1895753,9.866181847413761,8
1895759,9.905869616847214,6
1895763,9.95102425861807,4
1895764,10.0,1
1895798,4.449402616301131,34
1895815,9.633180609627342,17
1895826,9.762068336789874,11
1895838,9.717251078172568,12
1895855,9.623345928498322,17
1895869,9.699498237543866,14
1895882,9.740471035411124,13
1895897,9.715135062928917,15
1895906,9.824754648885586,9
1895921,9.698647289923374,15
1895933,9.75618794963926,12
1895939,9.89769122405043,6
1895953,9.692840465246707,14
1895964,9.762376039108227,11
1895974,9.80536962736929,10
1895984,9.815946991727252,10
1895993,9.845147373914946,9
1896005,9.735508513652322,12
1896011,9.907469646705321,6
1896024,9.746412893482777,13
1896038,9.70699736642043,14
1896059,9.547307121339204,21
1896072,9.716205493579649,13
1896073,10.0,1
1896088,9.67795188623478,15
1896094,9.89224347134575,6
1896109,9.659677458313464,15
1896121,9.722007988574703,12
1896131,9.794053163132014,10
1896142,9.797269255910301,11
1896145,9.96979057206894,3
1896148,9.959828216331248,3
1896159,9.76918458037819,11
1896165,9.899727453049472,6
1896175,9.777004635113398,10
1896187,9.760915413810347,12
1896201,9.677468756589256,14
1896211,9.781330130628202,10
1896212,9.996556388066116,1
1896218,9.918389868457245,6
1896242,9.533960920689914,24
1896258,9.671865761563803,16
1896273,9.647080300076425,15
1896289,9.465627282539156,16
1896302,9.749707989196816,13
1896309,9.869047651687659,7
1896314,9.928611655096832,5
1896321,9.866085726351267,7
1896323,9.982300371242555,2
1896384,8.761561893046295,61
1896395,9.804715506121635,11
1896403,9.870727313712978,8
1896413,9.813360426429696,10
1896425,9.737076633581928,12
1896439,9.697591904961813,14
1896443,9.942549435939904,4
1896457,9.598230592133051,14
1896458,10.0,1
1896473,9.656876459546474,15
1896474,9.996563377434759,1
1896481,9.866381832140688,7
1896484,9.965405852993749,3
1896494,9.78968016339534,10
1896505,9.790324974126106,11
1896513,9.865446993213391,8
1896514,9.989282037098421,1
1896529,9.67145170586148,15
1896537,9.83611080772733,8
1896549,9.423405556603093,12
1896570,9.552045641352098,21
1896571,10.0,1
1896574,9.95495777366377,3
1896582,9.841239810625359,8
1896589,9.874214141281973,7
1896595,9.906048944932932,6
1896599,9.934815296335948,4
1896610,9.791084452238485,11
1896638,9.44777975433341,28
1896641,9.961680899392542,3
1896651,9.797379082390808,10
1896667,9.636912350753326,16
1896679,9.732804394452497,12
1896691,9.793354493482973,12
1896713,9.521641058546006,22
1896728,9.668343821777245,15
1896735,9.86342760645109,7
1896740,9.932936937156857,5
1896747,9.86118652081781,7
1896752,9.923970402516925,5
1896760,9.84425758240023,8
1896766,9.889895912987987,6
1896777,9.786907742686418,11
1896788,9.778393231930933,11
1896797,9.831037499595716,9
1896805,9.849281464244259,8
1896810,9.918380793828142,5
1896820,9.772676749048447,10
1896827,9.860634049971525,7
1896838,9.761556315629448,11
1896842,9.930802053285182,4
1896856,8.544427917192069,14
1896864,9.854585816147768,8
1896874,9.81275433022615,10
1896884,9.764357357909596,10
1896896,9.745858168719792,12
1896899,9.957918745718347,3
1896907,9.833637137345665,8
1896908,10.0,1
1896918,9.775529993868302,10
1896921,9.966172098886206,3
1896935,9.691954739683998,14
1896944,9.717216379489207,9
1896950,9.894813061231945,6
1896961,9.762365644729874,11
1896966,9.917788329683033,5
1896972,9.914555034252752,6
1896983,9.781130905510857,11
1896998,9.650498530935193,15
1897013,9.671541134473122,15
1897023,9.813104904966089,10
1897034,9.736965217086116,11
1897046,9.769221385380895,12
1897054,9.865319923699818,8
1897060,9.912515721745944,6
1897069,9.833483776974738,9
1897079,9.800602040828553,10
1897089,9.815178998328854,10
1897103,9.703969562780385,14
1897112,9.828825787897856,9
1897119,9.866573862897873,7
1897135,9.673832142298586,16
1897146,9.783469152628191,11
1897158,9.713495548348332,12
1897231,8.585251764418366,73
1897240,9.836910727515889,9
1897253,9.76534981240235,13
1897257,9.944860185824751,4
1897267,9.836824598537037,10
1897325,8.710607773381465,58
1897330,9.899949603422678,5
1897357,9.475885941367785,27
1897362,9.92441363899828,5
1897369,9.876882892166096,7
1897383,9.665343676019019,14
1897391,9.85412380251627,8
1897392,10.0,1
1897406,9.706920149272838,14
1897416,9.796140068344158,10
1897419,9.949253327438585,3
1897430,9.767935005273957,11
1897447,9.652210439023102,17
1897451,9.949371277158926,4
1897461,9.813676570033651,10
1897489,9.441371846161612,28
1897495,9.877423197773442,6
1897502,9.866445606067975,7
1897515,9.780374701493345,13
1897525,9.797826492471954,10
1897530,9.913362135583393,5
1897539,9.830574200284243,9
1897550,9.766250384160795,11
1897562,9.73387673939284,12
1897568,9.906504235863531,6
1897574,9.898781259500407,6
1897587,9.701458866490276,13
1897593,9.902467524770643,6
1897600,9.883271054564919,7
1897605,9.902592389088603,5
1897617,9.784784266133483,12
1897640,9.257971346566586,23
1897647,9.861651730701256,7
1897655,9.847788007942604,8
1897667,9.744426722915652,12
1897695,9.220478461117949,28
1897704,9.799845396939483,9
1897705,10.0,1
1897717,9.748624164128602,12
1897728,9.76165563977853,11
1897730,9.974355549713268,2
1897740,9.810248987056374,10
1897751,9.821848968043376,11
1897760,9.804240234088738,9
1897773,9.717968940259176,13
1897783,9.792620943058838,10
1897793,9.794862724472754,10
1897800,9.880068839039373,7
1897811,9.737221277455044,11
1897823,9.724582012447744,12
1897861,8.968133773400798,38
1897867,9.889461557243706,6
1897876,9.83338775323628,9
1897888,9.720787104969721,12
1897893,9.910384575770262,5
1897894,10.0,1
1897904,9.806718024135373,10
1897917,9.72090181804545,13
1897927,9.790183527587592,10
1897940,9.738426457392448,13
1897949,9.837975870590617,9
1897958,9.842066828208216,9
1897963,9.932604297710727,5
1897972,9.858024133147946,9
1897985,9.671144562012325,13
1898002,9.5978129952214,17
1898009,9.882073297103375,7
1898022,9.752205281536149,13
1898027,9.91463632215603,5
1898036,9.827696139277688,9
1898047,9.779295814207085,11
1898058,9.76888720381966,11
1898069,9.804148310908326,11
1898073,9.94421861812872,4
1898132,8.791717323385354,59
1898141,9.819650872115597,9
1898156,9.67293625576364,15
1898162,9.898883728841309,6
1898172,9.822630411673837,10
1898186,9.688523204115038,14
1898192,9.900584619958934,6
1898204,9.73489604296698,12
1898220,9.69074932431582,16
1898233,8.978798415824626,13
1898240,9.661411678876808,7
1898250,9.78521193172571,10
1898255,9.92080315431777,5
1898265,9.789946052964801,10
1898292,9.295844306152333,27
1898304,9.72470341180408,12
1898319,9.704038771976894,15
1898337,9.556815441301522,18
1898346,9.84220833825117,9
1898357,9.755111199972534,11
1898373,9.659932468719171,16
1898382,9.804695948098818,9
1898386,9.940217833457684,4
1898394,9.86803086483807,8
1898410,9.636586043318289,16
1898411,10.0,1
1898421,9.793591743179979,10
1898423,9.983234846187097,2
1898435,9.75751314796305,12
1898436,10.0,1
1898437,9.995905794853837,1
1898449,9.732394333834376,12
1898454,9.906725836222213,5
1898462,9.836520053011792,8
1898482,9.186618107625183,20
1898493,9.667955944448613,11
1898506,9.705642559988066,13
1898514,9.825087693573577,8
1898528,9.678463324902836,14
1898540,9.717150752415257,12
1898550,9.795561807426163,10
1898561,9.76160551325852,11
1898568,9.880767345950856,7
1898581,9.710335871114864,13
1898591,9.777056169457603,10
1898605,9.703643596418464,14
1898613,9.827526398430695,8
1898628,9.678686157496232,15
1898642,9.670311777965912,14
1898657,9.658562019126546,15
1898671,9.531683316675064,14
1898685,9.601542145934825,14
1898690,9.92141179052051,5
1898700,9.811208401657067,10
1898715,9.656171389236542,15
1898722,9.873097687469361,7
1898732,9.802969607959795,10
1898745,9.705461226114743,13
1898763,9.569764131492738,18
1898777,9.686668963262841,14
1898790,9.7191380606425,13
1898793,9.95739708423581,3
1898809,9.637045855401391,16
1898819,9.791701724897008,10
1898839,9.598316160099131,20
1898842,9.957003961640831,3
1898852,9.796756260180164,10
1898867,9.699581142089437,15
1898870,9.96327019228279,3
1898880,9.731542348705037,10
1898886,9.893222469972974,6
1898893,9.860971512461116,7
1898902,9.820834327478053,9
1898903,10.0,1
1898911,9.661998474087795,8
1898912,10.0,1
1898932,9.524443009147802,20
1898946,9.645212251835492,14
1898958,9.768220509659823,12
1898969,9.763542761811044,11
1898995,9.331078468573661,26
1899003,9.834174784582888,8
1899032,9.40994027129855,29
1899039,9.66568095165833,7
1899052,9.779287805911931,13
1899063,9.753706188110645,11
1899068,9.914159012574041,5
1899080,9.744628572297461,12
1899086,9.894121500501369,6
1899088,9.971345062774768,2
1899102,9.688659923298248,14
1899121,9.634068727594304,19
1899135,9.700044548175539,14
1899140,9.90497215337938,5
1899150,9.804873358830166,10
1899165,9.654819426056463,15
1899176,9.564838364744137,11
1899184,9.8799294826762,8
1899189,9.904327451849197,5
1899200,9.803036879114925,11
1899201,10.0,1
1899212,9.797724986495208,11
1899226,9.7144990765016,14
1899232,9.89371862248699,6
1899255,9.517919948402644,23
1899256,10.0,1
1899270,9.707058465043021,14
1899280,9.792199379635363,10
1899294,9.72286427293233,14
1899300,9.886546251749825,6
1899309,9.825578162693951,9
1899310,9.988961494672317,1
1899322,9.73547675298435,12
1899327,9.931211048666494,5
1899331,9.934337189502893,4
1899340,9.804298201122755,9
1899342,9.972246869712041,2
1899350,9.831365918502545,8
1899362,9.804583614344635,12
1899374,9.71605550417267,12
1899375,9.987677569992755,1
1899383,9.837826765803456,8
1899397,9.750245427502914,14
1899400,9.96448064040102,3
1899409,9.832215308772827,9
1899419,9.83764145266118,10
1899427,9.84068303621442,8
1899431,9.950544419302659,4
1899434,9.969541654358798,3
1899447,9.73437669073459,13
1899457,9.711404859157964,10
1899471,9.667825587453084,14
1899472,10.0,1
1899489,9.56821468425398,17
1899493,9.93236063744077,4
1899509,9.638846761262627,16
1899516,9.861748733160496,7
1899522,9.887417954571253,6
1899544,9.524608014252006,22
1899566,9.449722414546393,22
1899575,9.826750050777203,9
1899583,9.866805072801895,8
1899587,9.949825646468472,4
1899597,9.7672348152489,10
1899600,9.961236172466053,3
1899615,9.70411793501445,15
1899625,9.790012505116726,10
1899639,9.71087822346514,14
1899644,9.91270593948669,5
1899648,9.946044142960313,4
1899651,9.964055286629733,3
1899653,9.975833077117006,2
1899669,9.660255078137903,16
1899677,9.856190753288903,8
1899693,9.647594012623092,16
1899700,9.881939855393862,7
1899711,9.792864716677022,11
1899717,9.906975002987414,6
1899722,9.933048839812006,5
1899730,9.841508393704348,8
1899737,9.877238094429114,7
1899746,9.828426028645406,9
1899751,9.903755730751787,5
1899764,9.628192930544765,13
1899771,9.88205771220754,7
1899787,9.662662512189751,16
1899798,9.753973635202406,11
1899803,9.921038821718485,5
1899809,9.888611230919167,6
1899810,10.0,1
1899816,9.902007850472657,6
1899817,10.0,1
1899821,9.92328046105759,4
1899844,9.37899831598011,23
1899856,9.759861152466822,12
1899868,9.741947732547047,12
1899874,9.894979076185287,6
1899885,9.752373634924302,11
1899886,10.0,1
1899899,9.747287094269394,13
1899905,9.895026983265875,6
1899914,9.821102554697429,9
1899924,9.82301392584534,10
1899937,9.73212101343507,13
1899946,9.845515536895913,9
1899996,5.502537303179123,50
1900004,9.833230672042708,8
1900016,9.762547237587047,12
1900034,9.573621248622556,18
1900038,9.952981920061807,4
1900044,9.907149469549587,6
1900060,9.651506554602612,16
1900065,9.913024900687413,5
1900074,9.81035737047454,9
1900081,9.868558042996574,7
1900091,9.7606465913748,10
1900099,9.864699824635883,8
1900137,9.362790600616966,38
1900138,10.0,1
1900141,9.959121895160184,3
1900151,9.790001332729107,10
1900157,9.889596489580219,6
1900159,9.976689677023572,2
1900172,9.708598998375727,13
1900182,9.82490411151332,10
1900199,9.591653338850698,17
1900207,9.845983529608157,8
1900212,9.912262182066268,5
1900221,9.817752144308697,9
1900225,9.923737637005573,4
1900242,9.60123633598972,17
1900248,9.898297964838221,6
1900257,9.851269481526002,9
1900269,9.836839348830672,12
1900278,9.809199034520343,9
1900291,9.718535246764635,13
1900298,9.884607652421154,7
1900309,9.77519081194002,11
1900317,9.836606362157271,8
1900322,9.905894580620174,5
1900331,9.840641357321045,9
1900338,9.86232325290917,7
1900342,9.943731633720638,4
1900350,9.846489384919069,8
1900356,9.911011194236732,6
1900371,9.656238255156492,15
1900379,9.855298160949745,8
1900388,9.810963390953667,9
1900401,9.72217553790008,13
1900402,10.0,1
1900416,9.69414729021988,14
1900429,9.71976192325712,13
1900437,9.836436995818298,8
1900447,9.78488816829354,10
1900463,9.64117020226742,16
1900468,9.917669863974345,5
1900474,9.884018724159557,6
1900487,9.76623124260563,13
1900505,9.618368734840352,18
1900513,9.825668392702116,8
1900520,9.86480588711511,7
1900522,9.974613035708943,2
1900535,9.719507441362124,13
1900538,9.968617541966543,3
1900539,10.0,1
1900551,9.748469395315134,12
1900555,9.943181160158046,4
1900569,9.350970417361776,14
1900579,9.50434376981421,10
1900591,9.76029034461752,12
1900605,9.726645193284655,14
1900614,9.854397687528659,9
1900621,9.864371471388903,7
1900633,9.743492481010627,12
1900643,9.834539424051629,10
1900655,9.75699682956346,12
1900669,9.682505046852452,14
1900676,9.851848584025408,7
1900686,9.806323748275789,10
1900717,9.359509903773215,31
1900731,9.399236072355375,14
1900737,9.88547340366969,6
1900738,9.9931980101967,1
1900740,9.97866740343302,2
1900750,9.765045564530782,10
1900762,9.713812569963695,12
1900775,9.710862060660428,13
1900788,9.719857925779854,13
1900802,9.685889992890322,14
1900819,9.603547085239052,17
1900821,9.972582309378273,2
1900830,9.818181052567697,9
1900831,10.0,1
1900845,9.68198690445098,14
1900855,9.793505706827364,10
1900860,9.925067084563864,5
1900871,9.750292063709448,11
1900883,9.761306555311924,12
1900889,9.890912183335336,6
1900898,9.847209096368482,9
1900899,10.0,1
1900912,9.73989413348946,13
1900929,9.429063827320666,17
1900936,9.866207753968654,7
1900940,9.94246961554057,4
1900944,9.938791759239313,4
1900955,9.793453123120885,11
1900973,9.631447589441926,18
1900985,9.742200168653682,12
1900994,9.81633155470054,9
1901006,9.752649708656417,12
1901007,10.0,1
1901017,9.79664879281678,10
1901022,9.917489218240076,5
1901029,9.884501494015504,7
1901041,9.744627686230691,12
1901042,9.988611846361756,1
1901052,9.805338023595448,10
1901056,9.945366660028977,4
1901069,9.726797421915055,13
1901077,9.832872486899426,8
1901078,10.0,1
1901085,9.889239970381398,7
1901088,9.956805586351496,3
1901095,9.873290570076513,7
1901108,9.699236608993877,13
1901118,9.82558016778361,10
1901124,9.892875423367055,6
1901132,9.875441557573538,8
1901145,9.737805389051346,13
1901154,9.820944927770768,9
1901164,9.78788604587666,10
1901179,9.682004216534724,15
1901228,8.938296294884715,49
1901234,9.882548419542081,6
1901245,9.80113552585591,11
1901262,9.59351988764839,17
1901272,9.79325721441732,10
1901286,9.688967876470345,14
1901287,9.98872973638052,1
1901298,9.748255902365878,11
1901307,9.816485645357712,9
1901316,9.798660235428883,9
1901329,9.74902796850677,13
1901333,9.944316165271465,4
1901345,9.737006637810484,12
1901347,9.985517340231128,2
1901350,9.957785358246001,3
1901355,9.915776585315955,5
1901366,9.748826950064236,11
1901377,9.76484534751587,11
1901396,9.652234603674186,19
1901406,9.802188945428494,10
1901416,9.764767841236564,10
1901430,9.695554845959926,14
1901437,9.865749685250094,7
1901438,10.0,1
1901439,10.0,1
1901463,9.403716114299373,24
1901466,9.966330525489202,3
1901472,9.881699813958969,6
1901490,9.599051659253139,18
1901506,9.63633865674398,16
1901509,9.967114205499598,3
1901510,10.0,1
1901519,9.809524645536104,9
1901530,9.764107426622907,11
1901531,10.0,1
1901550,9.571264066220232,19
1901553,9.958531305207252,3
1901554,10.0,1
1901564,9.777575312013088,10
1901576,9.766312674862585,12
1901587,9.776884359326399,11
1901595,9.821945460016385,8
1901599,9.93634028326329,4
1901609,9.787094212445565,10
1901621,9.575147409382765,12
1901631,9.816599046091056,10
1901644,9.537819924332442,13
1901659,9.636228240336358,15
1901672,9.709089598264372,13
1901685,9.674868859787399,13
1901689,9.947104863909832,4
1901697,9.85845395820085,8
1901715,9.59575734362527,18
1901726,9.778361323954146,11
1901729,9.952918233120315,3
1901733,9.93076051587613,4
1901748,9.691874215624729,15
1901757,9.858943195105835,9
1901770,9.701981236411966,13
1901786,9.620155383089283,16
1901797,9.783444453747984,11
1901799,9.969409547294388,2
1901800,9.996678196686858,1
1901801,10.0,1
1901809,9.853740826556313,8
1901820,9.656153773886327,11
1901837,9.673883309001845,17
1901845,9.640539682122096,8
1901859,9.698425580404232,14
1901872,9.355849776631066,13
1901885,9.702195054202274,13
1901900,9.68318941158802,15
1901909,9.828512279995817,9
1901925,9.717937756707016,16
1901939,9.72844259993649,14
1901951,9.729593963146717,12
1901974,9.509692855198905,23
1901975,10.0,1
1901976,10.0,1
1901982,9.905556815635407,6
1901987,9.911661987486891,5
1901993,9.90034600918353,6
1902007,9.659896215890306,14
1902009,9.967856116575941,2
1902022,9.755724678316746,13
1902023,10.0,1
1902036,9.744802154794515,13
1902047,9.751221898869007,11
1902054,9.869269797554914,7
1902073,9.581648895659407,19
1902085,9.73444957126717,12
1902093,9.84703342483866,8
1902104,9.776312054986427,11
1902105,9.993107579001103,1
1902110,9.93262763594391,5
1902124,9.685146093495858,14
1902130,9.905602003258373,6
1902140,9.777671433080572,10
1902145,9.909431776567658,5
1902158,9.741450257813618,13
1902164,9.904862650303206,6
1902177,9.739259818800827,13
1902185,9.82499314619451,8
1902205,9.587265128802061,20
1902208,9.963761777701047,3
1902220,9.72795876823955,12
1902225,9.922550207229888,5
1902228,9.957335438076132,3
1902241,9.720971971732943,13
1902251,9.822758953184247,10
1902258,9.876219490870573,7
1902265,9.886121781585077,7
1902271,9.905290843426988,6
1902294,6.9012599022989995,23
1902301,9.869587078941048,7
1902308,9.856432809802596,7
1902317,9.80744553300052,9
1902329,9.765906483189646,12
1902336,9.874107810853728,7
1902339,9.961465438119909,3
1902362,9.472914107012153,23
1902382,9.563844886653976,20
1902383,9.992240127470556,1
1902393,9.820056824215047,10
1902400,9.85673293774273,7
1902407,9.858633287757241,7
1902413,9.882381291962938,6
1902414,10.0,1
1902426,9.76693512836997,12
1902427,10.0,1
1902441,9.689065574348241,14
1902449,9.865762312980097,8
1902462,9.72506604022459,13
1902473,9.81565641936203,11
1902478,9.911101753148781,5
1902486,9.85467904278187,8
1902498,9.746901669656152,12
1902499,10.0,1
1902500,10.0,1
1902513,9.717286985142414,13
1902514,10.0,1
1902515,10.0,1
1902523,9.821110848447919,8
1902526,9.959717493249375,3
1902531,9.907385255637701,5
1902545,9.485832310502602,14
1902553,9.877838358084686,8
1902558,9.908904543718064,5
1902572,9.699243649539907,14
1902584,9.725881294782203,12
1902586,9.97903820379402,2
1902587,10.0,1
1902590,9.958987936491592,3
1902601,9.760362871607432,11
1902608,9.869457237829117,7
1902620,9.732050290109346,12
1902636,9.65874933577053,16
1902643,9.868560259488063,7
1902656,9.759927295309438,13
1902657,10.0,1
1902670,9.700533333118447,13
1902689,9.548745154834593,19
1902700,9.751311741294966,11
1902713,9.730999281383536,13
1902714,10.0,1
1902720,9.890522520234603,6
1902724,9.937791397962323,4
1902738,9.701373571690368,14
1902744,9.888004885582454,6
1902747,9.952371940519154,3
1902748,10.0,1
1902758,9.80511244804264,10
1902764,9.901493784310384,6
1902775,9.767768880432948,11
1902781,9.897314736648495,6
1902786,9.91777721909662,5
1902800,9.680705559526327,14
1902807,9.87580732252397,7
1902811,9.945373068670632,4
1902812,10.0,1
1902821,9.636672799613615,9
1902836,9.694135526720226,15
1902843,9.886890350155753,7
1902846,9.962313974447188,3
1902853,9.870165482293714,7
1902862,9.841143838763767,9
1902875,9.723622053997044,13
1902876,10.0,1
1902877,10.0,1
1902882,9.913926247928549,5
1902900,9.606237142046815,18
1902901,10.0,1
1902905,9.933961956477003,4
1902919,9.7398073949625,14
1902923,9.940548918162277,4
1902926,9.957039146099977,3
1902942,9.613207892367427,16
1902959,9.626929197028504,17
1902968,9.82157200764402,9
1902969,10.0,1
1902980,9.785560874937401,11
1902993,9.709907586161263,13
1902995,9.97202930260443,2
1903003,9.826098788967595,8
1903011,9.838025333175864,8
1903034,9.533179772894893,23
1903047,9.714792505688765,13
1903048,9.992329143745913,1
1903052,9.937075308785145,4
1903064,9.749657492771608,12
1903077,9.755170924027029,13
1903080,9.96791783608261,3
1903092,9.06605147958702,12
1903100,9.84535512806666,8
1903117,9.588479509139546,17
1903123,9.880726048402572,6
1903142,9.6111840413891,19
1903149,9.863227769763688,7
1903164,9.632514679145812,15
1903167,9.955523582779875,3
1903182,9.675050053069956,15
1903189,9.864000829943889,7
1903194,9.912883634999242,5
1903202,9.8219524048088,8
1903208,9.914949927371499,6
1903214,9.902804619496077,6
1903224,9.804158032664812,10
1903232,9.86686256317784,8
1903248,9.6287186086626,16
1903266,9.549133918149238,18
1903271,9.93115677493439,5
1903277,9.910960958418954,6
1903290,9.79633703093656,13
1903300,9.804856692800115,10
1903308,9.860651702072635,8
1903314,9.888912271156224,6
1903327,9.730292625610383,13
1903330,9.96494380635509,3
1903337,9.883934970614604,7
1903346,9.804791043062373,9
1903361,9.62988062396349,15
1903376,9.702109152912882,15
1903384,9.872150793720067,8
1903393,9.816270569272204,9
1903405,9.723974721669164,12
1903430,9.221354957092066,25
1903431,10.0,1
1903440,9.844385799138674,9
1903454,9.690575557312952,14
1903455,9.989426023283464,1
1903457,9.976082070063569,2
1903470,9.683370830152851,13
1903471,10.0,1
1903484,9.702165587450477,13
1903492,9.846115150927403,8
1903500,9.837976299716773,8
1903508,9.871052408862594,8
1903518,9.76120585129444,10
1903528,9.791108093768967,10
1903546,9.602083787744453,18
1903554,9.8549719779826,8
1903555,9.992207941342059,1
1903557,9.978965673801989,2
1903570,9.774060271585835,13
1903574,9.934934080221135,4
1903575,10.0,1
1903576,10.0,1
1903592,9.635771052699246,16
1903598,9.895915925823939,6
1903604,9.884057818689708,6
1903609,9.915185321089249,5
1903621,9.73495209482068,12
1903634,9.706329529854576,13
1903648,9.690297160109749,14
1903655,9.853697379476179,7
1903667,9.771754356340441,12
1903677,9.785774352593862,10
1903681,9.942260845915218,4
1903687,9.895429449493532,6
1903692,9.918800131908316,5
1903699,9.853250172656569,7
1903704,9.92437441785297,5
1903715,9.783709938214695,11
1903750,9.415783172451551,35
1903760,9.800914968779518,10
1903762,9.978077522836546,2
1903769,9.861990908704366,7
1903782,9.720078364857258,13
1903793,9.795322474473595,11
1903804,9.769643710773108,11
1903811,9.877072677632398,7
1903820,9.828033993286688,9
1903831,9.77826668991466,11
1903843,9.745398880696916,12
1903854,9.789713217291828,11
1903860,9.9134849976197,6
1903876,9.628559191457095,16
1903881,9.913310810160851,5
1903887,9.90672616635893,6
1903897,9.843272861968849,10
1903903,9.89367603032287,6
1903917,9.71227809610762,14
1903933,9.734706570853339,16
1903937,9.840215082445036,4
1903946,9.839240479765184,9
1903966,9.516871862407195,20
1903999,9.191500766459491,33
1904008,9.868948977409485,9
1904017,9.818792987771875,9
1904034,9.602979309741684,17
1904045,9.775821626127696,11
1904053,9.833478017148332,8
1904073,9.649345232776653,20
1904088,9.562741557579162,15
1904097,9.830576287077282,9
1904106,9.838013853717069,9
1904116,9.779562393789519,10
1904120,9.944777436492423,4
1904129,9.78940217492228,9
1904135,9.699569347679779,6
1904139,9.937051423888986,4
1904150,9.7493564585644,11
1904164,9.673152077048053,14
1904174,9.784013969693143,10
1904189,9.648422817543125,15
1904199,9.8093225916959,10
1904213,9.714684286884701,14
1904229,9.632542681988696,16
1904235,9.903420631956518,6
1904245,9.78264269896894,10
1904256,9.745003680323833,11
1904257,10.0,1
1904270,9.693934923789088,13
1904277,9.859630241197076,7
1904291,9.589596239671517,14
1904293,9.975971425528956,2
1904300,9.875703401237585,7
1904313,9.711778462775612,13
1904318,9.91740749187389,5
1904320,9.971434102240892,2
1904337,9.612081853339081,17
1904351,9.562056828750988,14
1904355,9.93902298532994,4
1904371,9.638289981704911,16
1904380,9.826992475922887,9
1904398,9.595706469360286,18
1904416,9.603425059109844,18
1904423,9.873196038031926,7
1904445,9.620081086185115,22
1904461,9.697686742655955,16
1904469,9.718435743248119,8
1904470,10.0,1
1904486,9.63456612545371,16
1904502,9.34629097440536,16
1904521,9.547335611305044,19
1904529,9.83244753737745,8
1904539,9.817436349760898,10
1904553,9.707838360595868,14
1904564,9.82884296882547,11
1904577,9.71337216233925,13
1904590,9.687269104982162,13
1904594,9.944305896018987,4
1904596,9.965882013227201,2
1904606,9.784992047631727,10
1904616,9.784538544358346,10
1904633,9.620367339023195,17
1904644,9.750397781535357,11
1904658,9.665379383279454,14
1904667,9.815250278315641,9
1904677,9.801718524884492,10
1904683,9.908872593679185,6
1904684,10.0,1
1904695,9.785544772055019,11
1904703,9.824335534003232,8
1904712,9.822551397228308,9
1904720,9.869073536920443,8
1904731,9.772813267634072,11
1904738,9.85901434126471,7
1904754,9.134646685101973,16
1904763,9.823241200939007,9
1904771,9.856528396856328,8
1904773,9.976152636432541,2
1904782,9.813493797282097,9
1904783,10.0,1
1904795,9.73327918025372,12
1904812,9.66426328047466,17
1904826,9.719349114297703,14
1904832,9.911177472672504,6
1904843,9.761966427918155,11
1904872,9.343693857513282,29
1904886,9.794304555875387,14
1904900,9.681192941412409,14
1904916,9.663295269551705,16
1904934,9.652615698333069,18
1904951,9.700246315236594,17
1904971,9.484971184090625,20
1904984,9.727179767302905,13
1904990,9.917046867056545,6
1904998,9.853245999830017,8
1905010,9.779348166094207,12
1905018,9.821931489217915,8
1905024,9.913845212798671,6
1905043,9.371169878481165,19
1905058,9.694934132650452,15
1905065,9.885147275740502,7
1905080,9.63228985219493,15
1905091,9.768068216404338,11
1905093,9.972318844210363,2
1905105,9.739034065489262,12
1905122,9.643510154347393,17
1905135,9.757768880025159,13
1905143,9.860891832534923,8
1905155,9.73633426604756,12
1905176,9.611903141626836,21
1905189,9.776637667139497,13
1905203,9.700926175071814,14
1905213,9.789884341457403,10
1905228,9.643266144075298,15
1905241,9.72666478880537,13
1905250,9.796587050685478,9
1905260,9.794393788690162,10
1905268,9.848601082243121,8
1905280,9.766930218353846,12
1905297,9.702627853161292,17
1905306,9.855709376624198,9
1905311,9.922479680885358,5
1905317,9.891166514428704,6
1905324,9.873561764631079,7
1905330,9.905365440166282,6
1905341,9.77999327844271,11
1905349,9.822464442195209,8
1905375,9.329762400002549,26
1905378,9.956743701688174,3
1905392,9.72204293316685,14
1905402,9.795067821608017,10
1905414,9.726072057920403,12
1905422,9.843011501440522,8
1905433,9.754919896844246,11
1905439,9.896739440509723,6
1905453,9.680896471067927,14
1905465,9.755162355855099,12
1905480,9.69013927894503,15
1905481,10.0,1
1905488,9.870249127716423,7
1905492,9.944693871236192,4
1905495,9.956149104064488,3
1905502,9.861474393922476,7
1905507,9.916472694882167,5
1905517,9.785953406548904,10
1905529,9.726339126181575,12
1905539,9.795453486739682,10
1905540,10.0,1
1905541,9.98630414914971,1
1905543,9.978845011945795,2
1905546,9.95712535814857,3
1905552,9.889047458550522,6
1905553,10.0,1
1905565,9.766682897615764,12
1905566,9.996667609585405,1
1905575,9.823063077882594,9
1905581,9.895361365149114,6
1905592,9.770320639592045,11
1905602,9.777972273222693,10
1905615,9.737316773436607,13
1905622,9.876137575255298,7
1905626,9.947594379082277,4
1905640,9.743358610263005,14
1905673,9.439398462746627,33
1905680,9.868723246111921,7
1905683,9.967779738892826,3
1905690,9.858769557958434,7
1905705,9.698717302040896,15
1905716,9.684703998249677,11
1905730,9.475978134583805,14
1905748,9.638524557087099,18
1905760,9.717149087427398,12
1905769,9.840343060545141,9
1905770,9.988295186926274,1
1905780,9.621004827653017,10
1905784,9.939275785039367,4
1905788,9.948949957488333,4
1905791,9.963966058829262,3
1905798,9.865078829433495,7
1905816,9.217136909784534,18
1905826,9.673561185253874,10
1905838,9.7467386894815,12
1905845,9.896036977060815,7
1905851,9.891738787733779,6
1905861,9.805127260230913,10
1905862,10.0,1
1905878,9.617204248484455,16
1905879,9.993145059056621,1
1905896,9.63313652616176,17
1905909,9.742339444599438,13
1905915,9.87804654202804,6
1905924,9.785858352945285,9
1905936,9.76674167748047,12
1905944,9.865243222583299,8
1905951,9.857650728850654,7
1905952,10.0,1
1905960,9.856850436152852,8
1905964,9.930713900523088,4
1905971,9.889197882779644,7
1905980,9.82234966542813,9
1905981,10.0,1
1905995,9.684253733819094,14
1906002,9.880627045770643,7
1906003,10.0,1
1906004,9.996146842378739,1
1906018,9.665229131529077,14
1906031,9.720049950356412,13
1906043,9.755945896498742,12
1906063,9.60739743275618,20
1906064,10.0,1
1906069,9.934653816559948,5
1906086,9.577444064601682,17
1906096,9.770792792684738,10
1906097,10.0,1
1906112,9.647218149305637,15
1906124,9.759518451432799,12
1906134,9.788572528335457,10
1906146,9.751222343307575,12
1906156,9.79800881127136,10
1906178,9.521531550333306,22
1906189,9.79337681662209,11
1906197,9.835455379333327,8
1906198,10.0,1
1906209,9.758250065735478,11
1906226,9.599917315172137,17
1906228,9.977941277878902,2
1906233,9.920538090667629,5
1906245,9.776535153189014,12
1906252,9.878412489506436,7
1906258,9.897083383127264,6
1906260,9.9821187322828,2
1906270,9.824794672137148,10
1906274,9.935772519334765,4
1906282,9.856101527833031,8
1906294,9.730090359713795,12
1906308,9.714916989087527,14
1906313,9.917436592056221,5
1906326,9.60469125722156,13
1906344,9.605992887872938,18
1906347,9.96223818105484,3
1906362,9.674570541898497,15
1906375,9.723606538003676,13
1906384,9.807037395177746,9
1906393,9.838588761021695,9
1906399,9.90598228810961,6
1906403,9.938874269307673,4
1906411,9.869803241309738,8
1906426,9.662822214576217,15
1906438,9.73470146934692,12
1906450,9.740764610764124,12
1906453,9.959130591025279,3
1906454,9.996697930818103,1
1906493,9.285897219705339,39
1906502,9.796611530063146,9
1906512,9.798156805737248,10
1906532,9.514866115949895,20
1906543,9.803268376863745,11
1906555,9.734150517506885,12
1906567,9.537295336431594,12
1906607,9.103053048232145,40
1906619,9.758865950737531,12
1906623,9.9388773142738,4
1906625,9.973988766845197,2
1906632,9.874661970190346,7
1906650,9.670276799357943,18
1906657,9.856928932096935,7
1906668,9.775324108595727,11
1906677,9.808016948649836,9
1906688,9.726299412376575,11
1906698,9.772312317645248,10
1906706,9.858310547603155,8
1906709,9.959591790763728,3
1906720,9.783074020506515,11
1906733,9.722472224961813,13
1906737,9.931576308486315,4
1906751,9.591043496241124,14
1906760,9.860789926896995,9
1906770,9.706476409862406,10
1906782,9.776018075510516,12
1906799,9.612866435273798,17
1906807,9.877979681510487,8
1906844,3.2086129218880153,37
1906852,9.831781397329793,8
1906872,9.38671375974553,20
1906875,9.952607012279293,3
1906884,9.804050004831607,9
1906891,9.88732686427089,7
1906906,9.25321855355913,15
1906911,9.923185112890176,5
1906916,9.932149508160924,5
1906927,9.790722033998868,11
1906931,9.935804412220696,4
1906941,9.841075608273686,10
1906949,9.843053692650003,8
1906962,9.686072562697921,13
1906968,9.915935067428608,6
1906976,9.835697542211449,8
1906989,9.797069085694103,13
1906998,9.812615271729708,9
1907009,9.775726620673204,11
1907016,9.865204903875956,7
1907017,10.0,1
1907021,9.937444597093286,4
1907022,10.0,1
1907037,9.656437284308971,15
1907049,9.740646960097509,12
1907072,9.22468856450154,23
1907073,10.0,1
1907074,10.0,1
1907082,9.860950692072386,8
1907089,9.864072280261023,7
1907090,10.0,1
1907093,9.954860340149823,3
1907099,9.885466492133343,6
1907100,10.0,1
1907115,9.716153815257375,15
1907117,9.970416943995064,2
1907133,9.633604017964887,16
1907135,9.973417597577448,2
1907147,9.710937667457046,12
1907161,9.670234630412331,14
1907165,9.945246168813968,4
1907170,9.712273653785921,5
1907190,9.538140065505184,20
1907193,9.954059116434708,3
1907203,9.79854981938865,10
1907207,9.95158084776535,4
1907208,10.0,1
1907216,9.846991245963096,8
1907230,9.6907398092724,14
1907231,10.0,1
1907234,9.962063168535549,3
1907242,9.832211434069684,8
1907254,9.733319872136743,12
1907262,9.852716485262313,8
1907273,9.769770123051371,11
1907282,9.83820560925151,9
1907283,10.0,1
1907295,9.733808322552354,12
1907307,9.774505057945017,12
1907312,9.909528069001768,5
1907313,10.0,1
1907322,9.834730556333973,9
1907326,9.939737608084341,4
1907344,9.641859292302218,18
1907358,9.707820730495422,14
1907373,9.708388567131177,15
1907380,9.87589013720341,7
1907390,9.790088116758085,10
1907402,9.822324153010815,12
1907407,9.718581968675524,5
1907416,9.81749809022677,9
1907428,9.74687130123052,12
1907447,9.60962167337743,19
1907461,9.705787312944285,14
1907479,9.623139996195176,18
1907489,9.821893773767275,10
1907499,9.794297168711328,10
1907511,9.769773221553374,12
1907512,10.0,1
1907535,9.482291766592242,23
1907550,8.85461648906913,15
1907562,9.73956257511546,12
1907569,9.844728574235777,7
1907577,9.842943852034027,8
1907586,9.814649825196106,9
1907593,9.883544501088554,7
1907601,9.729171455686814,8
1907604,9.966137186373908,3
1907608,9.940344785090584,4
1907619,9.770302698531477,11
1907626,9.863343715828655,7
1907635,9.82802557066273,9
1907636,10.0,1
1907650,9.642740467335061,14
1907656,9.895500820228962,6
1907667,9.780543924216454,11
1907680,9.764798455350304,13
1907689,9.823637734911783,9
1907690,10.0,1
1907702,9.758759740645276,12
1907712,9.812956576378474,10
1907719,9.871588697743293,7
1907729,9.771548492015228,10
1907730,9.992239556263934,1
1907735,9.927927190720458,5
1907749,9.722822111119319,14
1907758,9.851082495435795,9
1907764,9.88428504063817,6
1907768,9.942932871799952,4
1907782,9.727237721657906,14
1907784,9.976470008322426,2
1907786,9.97509865161828,2
1907790,9.93365205797568,4
1907807,9.597693055783072,17
1907815,9.823946948551937,8
1907817,9.983268446809408,2
1907833,9.681721162707595,16
1907834,9.993351716133605,1
1907840,9.900359084289416,6
1907843,9.959452136056335,3
1907853,9.761328095567503,10
1907870,9.53342704948835,17
1907879,9.821895154648383,9
1907884,9.920110275233885,5
1907892,9.874188112407694,8
1907903,9.79864299245095,11
1907918,9.660264031621127,15
1907929,9.770212945873348,11
1907934,9.428605446484918,5
1907939,9.916530281255142,5
1907940,10.0,1
1907943,9.967795206872053,3
1907962,9.580905582502478,19
1907975,9.678470353161735,13
1907990,9.682306163345542,15
1908001,9.771703082506038,11
1908013,9.73309459851383,12
1908016,9.959400626796707,3
1908020,9.931806595253798,4
1908031,9.762769265768501,11
1908045,9.783393575313768,14
1908051,9.896865272529102,6
1908062,9.777281154964665,11
1908076,9.690534499590436,14
1908090,9.695285060511821,14
1908095,9.92680883454999,5
1908097,9.985012092236627,2
1908105,9.865450914322672,8
1908125,9.570979337108582,20
1908136,9.747693482020013,11
1908152,9.613568038989182,16
1908164,9.754008983544745,12
1908169,9.911479423490503,5
1908170,10.0,1
1908178,9.856344502109437,8
1908185,9.873982458286147,7
1908198,9.73414375567544,13
1908206,9.861904224733859,8
1908207,9.992454775886886,1
1908216,9.822624718606617,9
1908223,9.891999427501842,7
1908238,9.642279429822132,15
1908239,10.0,1
1908243,9.63555152546134,4
1908248,9.914027425982168,5
1908252,9.927803843879092,4
1908260,9.837394521643505,8
1908272,9.726657884286544,12
1908284,9.766965190082633,12
1908295,9.803967714900256,11
1908309,9.668560911530772,14
1908317,9.84944752532597,8
1908339,9.226968515914809,22
1908350,9.764491884713223,11
1908362,9.761233681598235,12
1908374,9.7460319493129,12
1908381,9.857735923773502,7
1908387,9.873231785156825,6
1908398,9.774898893100954,11
1908411,9.684784506824082,13
1908425,9.725718564587504,14
1908437,9.76762037743392,12
1908442,9.914902555626922,5
1908447,9.903951023221703,5
1908457,9.796277788303264,10
1908458,10.0,1
1908468,9.774731897398292,10
1908483,9.444226838409625,15
1908492,9.808868537164123,9
1908493,10.0,1
1908502,9.811486568386396,9
1908521,9.543043954903585,19
1908531,9.766477575249093,10
1908542,9.579036860334945,11
1908543,10.0,1
1908550,9.882532303372766,7
1908551,10.0,1
1908570,9.540263073134424,19
1908576,9.895520024891875,6
1908587,9.805861397715427,11
1908592,9.916002220205351,5
1908603,9.781511833074044,11
1908614,9.781091720478047,11
1908624,9.786664419908425,10
1908625,10.0,1
1908636,9.78542590943505,11
1908643,9.850953532900052,7
1908645,9.982125038545613,2
1908658,9.739391333340807,13
1908669,9.745036879369028,11
1908696,9.365501773103674,27
1908705,9.835498582438927,9
1908713,9.868428445476436,8
1908718,9.926625606229313,5
1908736,9.406921577489122,18
1908750,9.772624291253287,14
1908754,9.940533903818006,4
1908761,9.860514273174584,7
1908767,9.89390998851479,6
1908782,9.660268748051871,15
1908790,9.841121471729402,8
1908792,9.974170786407655,2
1908805,9.723049740369662,13
1908817,9.732376811575689,12
1908818,9.996755809082522,1
1908834,9.674010480434253,16
1908837,9.967002582901554,3
1908845,9.859403324340468,8
1908860,9.664594955746656,15
1908869,9.816654429620794,9
1908872,9.958041414807933,3
1908883,9.75443834280276,11
1908893,9.778232135504732,10
1908903,9.804381103600061,10
1908909,9.919109474946204,6
1908915,9.890900275043027,6
1908927,9.734949855284158,12
1908938,9.75610943755876,11
1908951,9.727550336636277,13
1908957,9.884242039029367,6
1908966,9.819924046319189,9
1908975,9.818943165361336,9
1908983,9.838416086793345,8
1908997,9.723001927961928,14
1908998,10.0,1
1908999,10.0,1
1909009,9.84526624591236,10
1909012,9.950967520359058,3
1909014,9.968108926152107,2
1909028,9.69457632070777,14
1909037,9.835589024259026,9
1909043,9.90947613692061,6
1909054,9.756433034154785,11
1909055,10.0,1
1909060,9.910158832047477,5
1909071,9.754186869596255,11
1909086,9.479359574404583,15
1909093,9.876717179369928,7
1909099,9.914672535923863,6
1909117,9.543453921212484,18
1909120,9.94965418883217,3
1909143,9.554007077296115,23
1909144,10.0,1
1909147,9.953762249698087,3
1909148,10.0,1
1909164,9.624965732978524,16
1909175,9.793790766944019,11
1909176,9.996500937157512,1
1909189,9.724781852203815,13
1909190,10.0,1
1909199,9.824731635156239,9
1909202,9.95167222362754,3
1909219,9.584512431747719,17
1909225,9.878194330493182,6
1909231,9.907618336448705,6
1909235,9.935772628092574,4
1909243,9.83540629598677,8
1909245,9.971750720389245,2
1909266,9.43430952131851,21
1909271,9.922131195933805,5
1909281,9.799157782472463,10
1909285,9.950175218727832,4
1909297,9.749785376252312,12
1909307,9.804899097727835,10
1909316,9.814121361995875,9
1909326,9.79302870670929,10
1909334,9.82021699562507,8
1909345,9.79556151963562,11
1909356,9.821506320473242,11
1909371,9.658431046720004,15
1909374,9.94412881408317,3
1909387,9.697067273100764,13
1909399,9.751411919689353,12
1909412,9.715714576805631,13
1909426,9.681406138603911,14
1909439,9.718551152562506,13
1909449,9.809359164654515,10
1909460,9.739113106502106,11
1909461,9.993392565061269,1
1909477,9.359056737823316,16
1909492,9.093222559141918,15
1909504,9.737506402069803,12
1909516,9.751299064983561,12
1909523,9.867910747631898,7
1909536,9.752269599600663,13
1909540,9.941744608995053,4
1909547,9.866627999563482,7
1909550,9.960374513598216,3
1909560,9.776023065013133,10
1909568,9.866803846186254,8
1909569,10.0,1
1909577,9.840729756482649,8
1909581,9.954337287603199,4
1909601,9.658481453646967,20
1909603,9.984611420911605,2
1909614,9.809113708274557,11
1909624,9.813479934697533,10
1909670,8.751760989135839,46
1909684,9.673417466505168,14
1909694,9.771518725809381,10
1909702,9.860010598016423,8
1909709,9.866137964869882,7
1909710,10.0,1
1909716,9.912338153344706,6
1909731,9.592639510969821,15
1909734,9.952194689935025,3
1909741,9.856188185721011,7
1909755,9.71103234339626,14
1909767,9.716989704349952,12
1909772,9.915232889434938,5
1909788,9.647644896677011,16
1909797,9.803747625977637,9
1909803,9.903664376220107,6
1909833,9.238469441689462,30
1909842,9.811713748595347,9
1909854,9.755114922718006,12
1909861,9.891298223023133,7
1909875,9.6913624563883,14
1909887,9.75794784893192,12
1909899,9.747763478987352,12
1909908,9.827373260172678,9
1909920,9.741300538915567,12
1909932,9.74201732494668,12
1909944,9.755325185691554,12
1909953,9.71811999133734,9
1909955,9.97307465568011,2
1909966,9.757634406589872,11
1909974,9.764532027944895,8
1909977,9.955085065087774,3
1909993,9.652680527988585,16
1910003,9.802793832315636,10
1910021,9.577848415860117,18
1910027,9.898953458652946,6
1910028,10.0,1
1910037,9.821043193426192,9
1910053,9.634153699938608,16
1910068,9.494364474100264,15
1910076,9.853595770482517,8
1910085,9.827835886074908,9
1910097,9.789850322913729,12
1910120,9.358722218607829,23
1910127,9.860320373902029,7
1910137,9.803462368411257,10
1910148,9.772964473595398,11
1910154,9.902136583533087,6
1910174,9.566041524463571,20
1910188,9.680579614262719,14
1910192,9.934229819815492,4
1910193,10.0,1
1910199,9.90622766764303,6
1910204,9.924873702936814,5
1910222,9.565556947227234,18
1910230,9.860423992105499,8
1910240,9.851584383213524,10
1910251,9.738327514621412,11
1910258,9.871098012958436,7
1910274,9.62895416300491,16
1910286,9.754883669716472,12
1910289,9.95320336522243,3
1910290,10.0,1
1910294,9.933884599859757,4
1910306,9.76103222040893,12
1910312,9.89379490416768,6
1910324,9.716537581620898,12
1910327,9.961493505789024,3
1910330,9.948518605517048,3
1910336,9.913149883370055,6
1910345,9.850132098123256,9
1910350,9.936060789111652,5
1910361,9.783838255964074,11
1910369,9.832471819965425,8
1910377,9.849202893821678,8
1910380,9.958972397952186,3
1910387,9.872011119523627,7
1910388,9.991500512473161,1
1910397,9.813454832274637,9
1910897,-11.173216851146929,500
1910911,9.730521206760374,14
1910925,9.705158580499873,14
1910932,9.891370167551708,7
1910939,9.877748562463998,7
1910940,10.0,1
1910954,9.687735466203387,14
1910960,9.881089250995158,6
1910961,10.0,1
1910987,9.57463822864244,26
1911006,9.61120715215491,19
1911037,9.4263901323313,31
1911042,9.934185976626567,5
1911043,9.987743779781294,1
1911069,9.348107740491827,26
1911071,9.975186373756168,2
1911076,9.90804386226038,5
1911089,9.735512509462268,13
1911097,9.839044371408233,8
1911101,9.936320643195014,4
1911106,9.9267972910505,5
1911107,10.0,1
1911127,9.538485497765604,20
1911149,9.431253347363329,22
1911153,9.942035730648897,4
1911169,9.63745430740394,16
1911176,9.860506513445655,7
1911193,9.616478661903646,17
1911196,9.95341401838719,3
1911204,9.865102488783986,8
1911215,9.76151757526045,11
1911225,9.801304700702067,10
1911240,9.631653309852602,15
1911247,9.866101523571174,7
1911253,9.893415652411614,6
1911272,9.533684352322643,19
1911282,9.806489458571527,10
1911289,9.89738795713837,7
1911295,9.894662786850521,6
1911301,9.897716304677722,6
1911303,9.978182280950177,2
1911308,9.922459575531732,5
1911316,9.832327065510441,8
1911327,9.78277486503373,11
1911329,9.969436960699896,2
1911338,9.82822721910402,9
1911345,9.884902766168082,7
1911358,9.650031631520728,13
1911371,9.620359826109771,13
1911380,9.802258317508791,9
1911392,9.739548798127354,12
1911404,9.461643082162562,12
1911416,9.763472702066906,12
1911421,9.918403928880927,5
1911432,9.779471790471442,11
1911440,9.8497322858568,8
1911445,9.923727821981656,5
1911457,9.737727270035728,12
1911461,9.949519835208719,4
1911466,9.920860855878118,5
1911473,9.881148343707729,7
1911491,9.508641402995236,18
1911497,9.90346640302315,6
1911498,10.0,1
1911499,9.996644539894634,1
1911515,9.632064284572941,16
1911523,9.861750548427667,8
1911535,9.780580386003574,12
1911553,9.503142774342871,18
1911561,9.859781357261118,8
1911569,9.842352592300013,8
1911584,9.71444076375137,15
1911595,9.768573634401905,11
1911603,9.863620198006984,8
1911618,9.335666552897337,15
1911624,9.9090653790649,6
1911637,9.764859867760164,13
1911644,9.889076020938333,7
1911659,9.691928478430627,15
1911686,9.371513483837159,27
1911697,9.780780047325836,11
1911703,9.895388646194835,6
1911704,10.0,1
1911723,9.560964198831401,19
1911737,9.738361582584304,14
1911748,9.746640842794022,11
1911762,9.67756125695146,14
1911774,9.728853957318103,12
1911780,9.902878258915564,6
1911781,10.0,1
1911788,9.867680843102264,7
1911789,10.0,1
1911803,9.712757421951915,14
1911809,9.885590598442578,6
1911820,9.770206167757758,11
1911832,9.775163721991566,12
1911839,9.903132155482929,7
1911845,9.870226375453537,6
1911854,9.809714026119371,9
1911875,9.60392719734762,21
1911881,9.888852121012677,6
1911882,10.0,1
1911888,9.885029534859708,6
1911904,9.64300611861234,16
1911908,9.93678651127383,4
1911909,10.0,1
1911913,9.94630611100549,4
1911922,9.808764438374682,9
1911930,9.85251541160183,8
1911945,9.674406398667063,15
1911946,10.0,1
1911956,9.800778201244581,10
1911957,10.0,1
1911973,9.672102325958091,16
1911984,9.77383152253105,11
1911989,9.913624968762283,5
1911998,9.813378520221805,9
1912009,9.768390807677305,11
1912015,9.900552778011809,6
1912028,9.697438893791077,13
1912029,10.0,1
1912039,9.77869139646605,10
1912061,9.492350840111307,22
1912075,9.691870074760763,14
1912084,9.809504633111958,9
1912095,9.758483947256654,11
1912098,9.949009136893558,3
1912111,9.71164971787165,13
1912120,9.817701933889948,9
1912128,9.824985419842724,8
1912138,9.80287125642337,10
1912159,9.559481198816432,21
1912170,9.739238567277882,11
1912179,9.815034625709178,9
1912188,9.828348675699417,9
1912201,9.739304795608767,13
1912218,9.564974887641347,17
1912228,9.819161188927888,10
1912266,9.25697493535666,38
1912286,9.373880438746387,20
1912295,9.815257010750893,9
1912301,9.883780756430692,6
1912312,9.772116542117065,11
1912328,9.669706982593667,16
1912329,9.988134139467286,1
1912339,9.796951311206954,10
1912348,9.814025407327874,9
1912355,9.860046013504475,7
1912364,9.803486083584314,9
1912373,9.809060893663162,9
1912376,9.952376712925922,3
1912377,9.992971307394898,1
1912390,9.75381240700202,13
1912403,9.70586781903594,13
1912413,9.793384174829038,10
1912419,9.888925162483247,6
1912429,9.81061046007881,10
1912439,9.806799321984156,10
1912449,9.786938431800438,10
1912463,9.675256134786725,14
1912472,9.826593818940722,9
1912483,9.739335721276234,11
1912502,9.474090182506938,19
1912514,9.741347084328453,12
1912527,9.709015546393369,13
1912532,9.915321443212456,5
1912540,9.855240362917256,8
1912569,9.247585216295368,29
1912577,9.819046862640539,8
1912584,9.853003710765938,7
1912592,9.836190600617517,8
1912594,9.98184114144944,2
1912600,9.884450016762102,6
1912612,9.728746460103451,12
1912618,9.88773026814309,6
1912629,9.777531953021908,11
1912635,9.88529077056758,6
1912650,9.657966315128196,15
1912664,9.665711715522697,14
1912671,9.875674553123334,7
1912686,9.697647653731353,15
1912690,9.936334481397006,4
1912701,9.782253172112277,11
1912709,9.833959289565584,8
1912714,9.934321025554725,5
1912721,9.88208691683264,7
1912732,9.797775393400176,11
1912740,9.864036814300068,8
1912751,9.76294438379964,11
1912758,9.8882858913477,7
1912762,9.941472532264465,4
1912771,9.815427052369419,9
1912777,9.896806237529077,6
1912784,9.884959500656278,7
1912796,9.7578133534648,12
1912798,9.979392430742193,2
1912801,9.960901064263476,3
1912803,9.971823337710555,2
1912812,9.820026621657727,9
1912813,10.0,1
1912819,9.894966584328612,6
1912823,9.94313321757825,4
1912828,9.919679605398576,5
1912841,9.721518193695832,13
1912852,9.765672784235717,11
1912856,9.951499201446724,4
1912861,9.926290552565735,5
1912869,9.838565048269412,8
1912872,9.958508651894988,3
1912877,9.9260171589642,5
1912878,10.0,1
1912882,9.951909088756025,4
1912886,9.933317377727485,4
1912891,9.92175007424774,5
1912905,9.713559031199075,14
1912916,9.749320446919679,11
1912917,10.0,1
1912923,9.916963481348127,6
1912934,9.780179806419287,11
1912935,10.0,1
1912936,10.0,1
1912946,9.786148080569347,10
1912964,9.616059962972653,18
1912965,10.0,1
1912968,9.965984459271999,3
1912979,9.786626668682501,11
1912988,9.821609982045743,9
1913015,9.485750503357302,27
1913016,10.0,1
1913026,9.783557143663316,10
1913054,9.399790654818132,28
1913128,8.677569391281795,74
1913134,9.693568834138965,6
1913145,9.757809603694763,11
1913146,10.0,1
1913160,9.719866174649075,14
1913170,9.778571439325031,10
1913175,9.927375514182893,5
1913186,9.7970094917839,11
1913187,10.0,1
1913192,9.91642558655753,5
1913204,9.746318790232818,12
1913205,10.0,1
1913212,9.879497530963395,7
1913213,10.0,1
1913220,9.87373597375914,7
1913225,9.899698317366097,5
1913226,9.989432029314536,1
1913241,9.670732573745472,15
1913245,9.94527500521464,4
1913256,9.654051064996949,11
1913257,9.989034818688152,1
1913271,9.663963724368243,14
1913284,9.724570118890474,13
1913298,9.691037301537122,14
1913307,9.830752225647608,9
1913313,9.903320829869047,6
1913325,9.701700873997774,12
1913331,9.900691799186365,6
1913345,9.664094621352394,14
1913351,9.892020115884185,6
1913380,8.223458623446442,29
1913386,9.875134521422092,6
1913399,9.780305912014477,13
1913402,9.946096300803385,3
1913410,9.846348220832116,8
1913437,8.495525239948167,27
1913446,9.799072604951654,9
1913463,9.699820474029597,17
1913485,9.444262171187278,22
1913499,9.761170167736033,14
1913508,9.83044118462109,9
1913513,9.904887582447127,5
1913520,9.865723385232387,7
1913531,9.770631499625766,11
1913550,9.561732898932952,19
1913551,10.0,1
1913561,9.768712723643722,10
1913566,9.921282558647281,5
1913579,9.329709929657419,13
1913586,9.87024465279768,7
1913594,9.86256265974638,8
1913606,9.749165174299966,12
1913617,9.763483390934244,11
1913624,9.861065803094183,7
1913639,9.666702983585962,15
1913655,9.629935394027672,16
1913663,9.824257777968512,8
1913666,9.951723070249965,3
1913667,9.996871568969029,1
1913680,9.684622573701738,13
1913687,9.860049643600089,7
1913692,9.73100650864942,5
1913697,9.916605747838831,5
1913715,9.59620098568047,18
1913716,10.0,1
1913723,9.855896163275608,7
1913731,9.870004953992494,8
1913737,9.89784921648532,6
1913746,9.817033463469368,9
1913747,10.0,1
1913761,9.710274244367548,14
1913767,9.892145630718948,6
1913770,9.960673449555538,3
1913771,10.0,1
1913772,10.0,1
1913785,9.748463022333722,13
1913801,9.658844613416772,16
1913819,9.645621316150903,18
1913828,9.8038130750129,9
1913843,9.67486755769728,15
1913847,9.943483472923127,4
1913866,7.640525841638697,19
1913873,9.868327399528145,7
1913881,9.844261599995054,8
1913891,9.779033357663302,10
1913901,9.798779286603443,10
1913911,9.79220280036301,10
1913919,9.839631195930508,8
1913931,9.743914448362217,12
1913940,9.813153945217165,9
1913944,9.942362811609641,4
1913952,9.866846709202385,8
1913960,9.84128193450671,8
1913964,9.946034627593889,4
1913969,9.911868468178618,5
1913983,9.70242699885574,14
1914003,9.570685120607582,20
1914020,9.633290943953723,17
1914028,9.86441465217535,8
1914042,9.731971916769822,14
1914044,9.981677478988276,2
1914050,9.71364222985433,6
1914055,9.924686927675467,5
1914056,10.0,1
1914074,9.492289779259057,18
1914082,9.852267580294932,8
1914090,9.806688208722418,8
1914109,9.643121043640098,19
1914116,9.857896929804076,7
1914122,9.912777655125726,6
1914125,9.962929496488586,3
1914141,9.25670572000236,16
1914149,9.856974941115796,8
1914157,9.868470716928716,8
1914158,10.0,1
1914163,9.922848450544038,5
1914164,10.0,1
1914177,9.690867967072037,13
1914193,9.675380690278963,16
1914208,9.452474507644279,15
1914213,9.930888601738719,5
1914224,9.793800311207152,11
1914229,9.925244585496495,5
1914238,9.803904463388212,9
1914241,9.965395731750265,3
1914242,10.0,1
1914243,10.0,1
1914254,9.754206290778034,11
1914256,9.96880081748695,2
1914266,9.805336231570228,10
1914281,8.922819866430313,15
1914282,10.0,1
1914291,9.844386978217988,9
1914295,9.939826017876252,4
1914300,9.921884009623826,5
1914305,9.91770466829957,5
1914315,9.787604918852987,10
1914328,9.676559057050069,13
1914335,9.888841259241893,7
1914336,10.0,1
1914343,9.876920620886194,7
1914355,9.533585986752687,12
1914361,9.895030208512122,6
1914362,10.0,1
1914369,9.854181895810921,7
1914370,10.0,1
1914379,9.816208698809824,9
1914382,9.962946274578496,3
1914407,9.409929759377711,25
1914427,9.536886067558694,20
1914441,9.665661243734041,14
1914468,9.457164158461609,27
1914478,9.804757901950943,10
1914490,9.785032614351485,12
1914495,9.909760968622969,5
1914509,9.675540375102225,14
1914511,9.969072608948087,2
1914518,9.868107128136907,7
1914525,9.872126110325397,7
1914535,9.827052340227171,10
1914541,9.883512426763263,6
1914542,10.0,1
1914549,9.866733524717523,7
1914555,9.905706580388886,6
1914559,9.94570735644223,4
1914560,10.0,1
1914565,9.925088273863146,5
1914566,10.0,1
1914584,9.47730064152876,18
1914589,9.911633924605026,5
1914605,9.634972903360387,16
1914610,9.927545885969641,5
1914617,9.881928010746316,7
1914648,9.38245253304986,31
1914655,9.870995644207072,7
1914668,9.69739968909825,13
1914672,9.949746963400095,4
1914683,9.787450136040023,11
1914689,9.9020119326046,6
1914695,9.887760272399577,6
1914716,9.518912456784618,21
1914718,9.975001761299472,2
1914726,9.868907646510776,8
1914735,9.792992220259123,9
1914743,9.843458416576182,8
1914746,9.940310439155803,3
1914770,9.477857247504028,24
1914783,9.756503007076942,13
1914794,9.766871037599635,11
1914803,9.69968160365485,9
1914808,9.91022262014219,5
1914818,9.81062738864418,10
1914827,9.844525612806475,9
1914835,9.840491995338757,8
1914855,9.532421594710856,20
1914856,9.98878966453276,1
1914862,9.907452401281994,6
1914875,9.71033392928164,13
1914881,9.907023150320583,6
1914883,9.977306806888606,2
1914892,9.825300139437898,9
1914901,9.809664846827667,9
1914910,9.841242915778714,9
1914916,9.880711038443287,6
1914926,9.701657091764856,10
1914933,9.849259861983139,7
1914936,9.959918008736345,3
1914946,9.826166839283772,10
1914948,9.985845947119005,2
1914958,9.843166947486896,10
1914962,9.940762580311995,4
1914971,9.820762314526633,9
1914979,9.85387794334416,8
1914990,9.763096340596496,11
1915006,9.630414689238188,16
1915023,9.61446141590023,17
1915037,9.70859043972265,14
1915040,9.96358078573406,3
1915043,9.948766091459131,3
1915053,9.841361174061811,10
1915054,10.0,1
1915068,9.6949415857233,14
1915079,9.758682060487033,11
1915086,9.856327965748527,7
1915117,0.33174026294756587,31
1915135,9.640734282157373,18
1915148,9.716405179852718,13
1915151,9.95421740618537,3
1915161,9.785739037542333,10
1915179,9.34005148811495,18
1915180,10.0,1
1915187,9.870504718423582,7
1915215,9.34885001403142,28
1915225,9.798704338121125,10
1915231,9.90110663166893,6
1915247,9.634766412974283,16
1915254,9.861595533212604,7
1915256,9.980713045107025,2
1915269,9.76873809088739,13
1915273,9.938918861435193,4
1915286,9.681248470339824,13
1915296,9.798697837173895,10
1915310,9.697680605497872,14
1915320,9.810456984303517,10
1915323,9.9652183577473,3
1915331,9.830219824470957,8
1915332,10.0,1
1915345,9.732594750458533,13
1915352,9.87379382868627,7
1915353,10.0,1
1915364,9.794060144729816,11
1915376,9.731216841358245,12
1915384,9.863662260968216,8
1915396,9.759996699581691,12
1915400,9.95007122471805,4
1915412,9.785680655345523,12
1915413,10.0,1
1915419,9.803352547732107,6
1915424,9.921810909598902,5
1915425,10.0,1
1915434,9.800217984580948,9
1915439,9.921716549673151,5
1915449,9.819220100211252,10
1915457,9.863310614760447,8
1915470,9.705181141470893,13
1915474,9.942500862614677,4
1915475,10.0,1
1915489,9.469719364376983,14
1915498,9.805847616827505,9
1915504,9.913138649372689,6
1915515,9.777694587350533,11
1915519,9.957049794659836,4
1915538,9.570132396053502,19
1915561,9.494213147180167,23
1915570,9.823863085027805,9
1915586,9.74585560121059,16
1915589,9.951007938325699,3
1915598,9.848619067003671,9
1915607,9.82768230684987,9
1915619,9.588043686743076,12
1915634,9.62361415422754,15
1915644,9.793898780308092,10
1915656,9.736392686678942,12
1915658,9.97912762110617,2
1915667,9.813787307763246,9
1915674,9.895554565567242,7
1915675,9.989176864820886,1
1915682,9.868580483727975,7
1915683,10.0,1
1915695,9.730549981886938,12
1915696,10.0,1
1915707,9.787580625571177,11
1915716,9.807006841220302,9
1915720,9.931538677835317,4
1915724,9.93399574692904,4
1915729,9.923445809618249,5
1915739,9.825856822283454,10
1915745,9.895122182926654,6
1915747,9.977483624863126,2
1915754,9.876646984388826,7
1915763,9.832586933518616,9
1915776,9.755628179505763,13
1915787,9.767368207077062,11
1915795,9.843201251386773,8
1915808,9.718398151460267,13
1915823,9.66300499247271,15
1915824,9.992765751090024,1
1915828,9.958576162519817,4
1915831,9.95252024186358,3
1915841,9.81883760035623,10
1915847,9.903768456817147,6
1915869,9.546115104646555,22
1915878,9.812335828359656,9
1915879,10.0,1
1915886,9.864469951440263,7
1915901,9.682120298350435,15
1915902,10.0,1
1915911,9.836505622152965,9
1915918,9.889596356274916,7
1915925,9.892365296912041,7
1915941,9.642771499443171,16
1915945,9.946805645835468,4
1915954,9.814281019697352,9
1915956,9.975453768981447,2
1915973,9.65797008426297,17
1915988,9.659418291144927,15
1915995,9.875754915154873,7
1916008,9.717342585808634,13
1916021,9.702519251828464,13
1916031,9.78678485450111,10
1916081,8.959463878853075,50
1916085,9.92673349590924,4
1916096,9.754105768700665,11
1916104,9.860846973390029,8
1916111,9.860027457182305,7
1916120,9.840714850856019,9
1916131,9.76665325754787,11
1916132,10.0,1
1916149,9.62395770424108,17
1916157,9.861390581612762,8
1916176,9.582298286850131,19
1916187,9.784532752289167,11
1916197,9.776137977553732,10
1916208,9.754073679333105,11
1916220,9.721380715114748,12
1916228,9.876831811173457,8
1916233,9.92150673246589,5
1916245,9.730865764318883,12
1916246,10.0,1
1916252,9.886621980107895,6
1916258,9.877527707376494,6
1916270,9.764589771332354,12
1916271,10.0,1
1916272,9.988837176673245,1
1916278,9.889318547870317,6
1916292,9.69789125381544,14
1916311,9.56083572208853,19
1916321,9.795764108118194,10
1916336,9.66954427653364,15
1916345,9.838480292535516,9
1916356,9.793318117009301,11
1916368,9.764566858883724,12
1916369,10.0,1
1916388,9.542649582067037,19
1916408,9.544518587469138,20
1916424,9.630974690207713,16
1916425,10.0,1
1916430,9.928790598926481,5
1916438,9.85658967579206,8
1916439,10.0,1
1916455,9.610738274352533,16
1916461,9.878684851926074,6
1916471,9.757039733375022,10
1916474,9.9586356733066,3
1916486,9.736143303973178,12
1916496,9.705586538304937,10
1916522,9.450528581320237,26
1916523,10.0,1
1916537,9.680353063600373,14
1916546,9.808581631097724,9
1916553,9.887809871557812,7
1916556,9.958463327573005,3
1916564,9.832346131297454,8
1916571,9.866439204476235,7
1916588,9.574082465775648,17
1916595,9.865779965578374,7
1916607,9.724746580093376,12
1916617,9.818252850892616,10
1916623,9.888528734732652,6
1916637,9.696883220689001,14
1916642,9.914673003635773,5
1916644,9.983585795097166,2
1916646,9.9789063873518,2
1916657,9.782352331327633,11
1916664,9.885736331396059,7
1916675,9.79037226947217,11
1916679,9.947423387392822,4
1916692,9.724621641896416,13
1916701,9.8029144127709,9
1916705,9.947233978503949,4
1916714,9.808175236439922,9
1916722,9.85782768635816,8
1916734,9.718146041071638,12
1916739,9.905315749877134,5
1916749,9.817280202789107,10
1916758,9.805103840419498,9
1916771,9.708383552705566,13
1916772,10.0,1
1916775,9.956188787759276,3
1916778,9.956277270623088,3
1916794,9.653277063154153,16
1916801,9.877701877260991,7
1916811,9.808940061905833,10
1916828,9.587006151309716,17
1916835,9.873773183431846,7
1916844,9.828540962659742,9
1916853,9.820399626686365,9
1916868,9.693097738807,15
1916882,9.682535555976322,14
1916886,9.933670082957176,4
1916897,9.805193610702348,11
1916926,2.1236326325761627,29
1916932,9.872750419757018,6
1916942,9.7996753869001,10
1916953,9.767199881220844,11
1916961,9.841486104659058,8
1916962,10.0,1
1916963,9.986618702777982,1
1916973,9.793891085011616,10
1916986,9.687672819866377,13
1916993,9.891150680995024,7
1917006,9.696111354968734,13
1917012,9.903370318861016,6
1917019,9.769301559498897,7
1917027,9.848835762407996,8
1917046,9.46552361948412,19
1917063,9.540359559995501,17
1917079,9.696822771615487,16
1917088,9.84844818649075,9
1917092,9.944221368585882,4
1917111,9.586838894040126,19
1917126,9.689453112078487,15
1917136,9.79718921583378,10
1917137,9.99296389861124,1
1917141,9.942965266990026,4
1917144,9.950778466388682,3
1917145,10.0,1
1917150,9.907661608386354,5
1917163,9.684075987513964,13
1917178,9.370748102605702,15
1917189,9.770137171834723,11
1917198,9.789113979857312,9
1917208,9.812498444174471,10
1917220,9.732780394346362,12
1917225,9.933330568860297,5
1917230,9.909036345645013,5
1917240,9.81066309544424,10
1917250,9.796566011786135,10
1917262,9.7395738784822,12
1917268,9.914538677507112,6
1917281,9.714672010071533,13
1917282,9.9895935221934,1
1917290,9.826011431080477,8
1917291,10.0,1
1917300,9.855210869560016,9
1917302,9.979009749501666,2
1917321,9.44985729957496,19
1917333,9.755495895535748,12
1917346,9.755857404040166,13
1917360,9.678378873658627,14
1917371,9.785838278505379,11
1917376,9.932248998914009,5
1917378,9.970860614971818,2
1917387,9.828083314846795,9
1917392,9.922379139642336,5
1917417,6.518343345671605,25
1917421,9.942447281323403,4
1917432,9.761200261022394,11
1917433,10.0,1
1917441,9.736070445502957,8
1917442,10.0,1
1917456,9.687622411966577,14
1917467,9.755380091335276,11
1917476,9.824229568309008,9
1917484,9.848734620607047,8
1917497,9.552939745037275,13
1917509,9.720266721417463,12
1917510,9.992594257095078,1
1917519,9.749232732227789,9
1917528,9.799967313773767,9
1917534,9.883188165426763,6
1917541,9.756547364151837,7
1917547,9.890738425836588,6
1917551,9.944957793271469,4
1917556,9.925233649155627,5
1917571,9.18881235204475,15
1917585,9.717666193933162,14
1917589,9.945934013066749,4
1917590,10.0,1
1917600,9.793811968881633,10
1917612,9.739382964250185,12
1917618,9.888594569803805,6
1917641,9.06536705617987,23
1917643,9.973449618568944,2
1917659,9.6433181698135,16
1917667,9.840513805365585,8
1917674,9.872765299274079,7
1917681,9.87335479972627,7
1917687,9.88028451434243,6
1917701,8.931686280762108,14
1917720,9.252998589097245,19
1917729,9.846452322963522,9
1917738,9.81915790068305,9
1917747,9.832590867782775,9
1917757,9.766589865536652,10
1917766,9.823596261495343,9
1917771,9.89797602007963,5
1917788,9.620662433725071,17
1917789,10.0,1
1917803,9.687432629701284,14
1917808,9.919748334342124,5
1917817,9.79232080732742,9
1917827,9.782818696541735,10
1917836,9.835166011330898,9
1917848,9.778797158086359,12
1917849,10.0,1
1917850,10.0,1
1917862,9.63634789714094,12
1917868,9.885423018638043,6
1917869,10.0,1
1917879,9.799872544854695,10
1917891,9.764944995247761,12
1917916,9.199902251271231,25
1917921,9.926202087985935,5
1917937,9.708870259282174,16
1917946,9.843120570363832,9
1917955,9.851525351658712,9
1917969,9.690036674728505,14
1917982,9.705203502802114,13
1917983,10.0,1
1917990,9.869268377513544,7
1918011,9.600863162459932,21
1918020,9.821225053273237,9
1918029,9.856224270973396,9
1918043,9.719884052365073,14
1918058,9.622929741764455,15
1918064,9.905997283707539,6
1918065,10.0,1
1918075,9.776658475156076,10
1918085,9.792556078121043,10
1918096,9.765905253875644,11
1918099,9.958393860268085,3
1918100,10.0,1
1918107,9.879445057345134,7
1918124,9.623533563388229,17
1918128,9.94688404767115,4
1918131,9.96630908412916,3
1918140,9.845582941028212,9
1918146,9.926318865441392,6
1918155,9.85287489977278,9
1918165,9.782251327591245,10
1918166,9.99004431588396,1
1918181,9.65829838811316,15
1918192,9.764399901959598,11
1918204,9.75343332528686,12
1918225,9.530528738273832,21
1918226,9.996817686270665,1
1918237,9.583630264797256,11
1918241,9.948613660766002,4
1918251,9.810760230698435,10
1918267,9.675086860832394,16
1918268,10.0,1
1918287,9.561956839401711,19
1918294,9.87184786160388,7
1918302,9.842285802893574,8
1918328,9.47305349192728,26
1918332,9.924919864590251,4
1918345,9.74065058112193,13
1918358,9.741068647004024,13
1918373,9.751043215342118,15
1918381,9.845328572204888,8
1918396,9.657202484215592,15
1918402,9.902160420854624,6
1918408,9.91300199439689,6
1918418,9.788586953941019,10
1918421,9.955979694772246,3
1918430,9.794944733683348,9
1918441,9.810978227670475,11
1918455,9.741394896954333,14
1918465,9.79969880671957,10
1918473,9.861997074406695,8
1918488,9.659781065642811,15
1918495,9.88457483178948,7
1918503,9.889819379128566,8
1918505,9.981424135738727,2
1918516,9.741685011488254,11
1918523,9.866168562417315,7
1918535,9.716049114518423,12
1918560,9.479483309765962,25
1918561,10.0,1
1918568,9.769394953894826,7
1918580,9.736945936559314,12
1918585,9.919855897171324,5
1918600,9.623505245286806,15
1918615,9.255215086155072,15
1918627,9.73130905703588,12
1918639,9.640078789853264,12
1918640,10.0,1
1918646,9.903487530846391,6
1918647,10.0,1
1918666,9.566220678437608,19
1918671,9.895718505848254,5
1918679,9.844192610652238,8
1918689,9.807217252562236,10
1918700,9.761713628224717,11
1918717,9.631186102301278,17
1918733,9.697088293527111,16
1918744,9.803785551977828,11
1918756,9.64588542505036,12
1918761,9.90996878595688,5
1918762,9.99690806819655,1
1918766,9.939619567628457,4
1918779,9.77270435530543,13
1918793,9.69135349255285,14
1918802,9.865499855685192,9
1918814,9.715082007700316,12
1918833,9.557004783687875,19
1918843,9.776502816715196,10
1918854,9.7340629086502,11
1918867,9.730003580083356,13
1918885,9.56211855653833,18
1918896,9.761410901500925,11
1918907,9.774213323947833,11
1918914,9.868483552401658,7
1919027,7.719657604030326,113
1919028,10.0,1
1919041,9.750390810662728,13
1919052,9.773776332322845,11
1919056,9.942111943605775,4
1919063,9.880347004052883,7
1919069,9.880619774217893,6
1919073,9.95279101302007,4
1919079,9.89453458088332,6
1919092,9.726447829896996,13
1919109,9.620765547171624,17
1919113,9.957312581074405,4
1919122,9.84715515034619,9
1919130,9.874746264079397,8
1919140,9.791176087465308,10
1919155,9.672073958796165,15
1919157,9.97323423125306,2
1919170,9.717672356157582,13
1919179,9.805453621184173,9
1919190,9.791159378002884,11
1919191,10.0,1
1919198,9.674225670191687,7
1919206,9.838953734727532,8
1919223,9.601196876570787,17
1919238,9.67360399144252,15
1919252,9.70305737285856,14
1919257,9.9174643310649,5
1919271,9.692489719815486,14
1919274,9.968736738468051,3
1919288,9.667727976754126,14
1919296,9.870971470231105,8
1919305,9.833251017986472,9
1919306,9.988762934781006,1
1919322,9.65056962934256,16
1919335,9.73424578827592,13
1919338,9.959287951825544,3
1919339,9.987908290137396,1
1919344,9.931155023203472,5
1919358,9.686821507803232,14
1919371,9.729381818278195,13
1919381,9.794332764139977,10
1919388,9.865328090259066,7
1919400,9.75584634477875,12
1919409,9.841885845496652,9
1919424,9.67519049795891,15
1919434,9.793824442879158,10
1919459,9.544613317726526,25
1919469,9.787440524997391,10
1919470,10.0,1
1919483,9.791115661694196,13
1919536,7.751121054135131,53
1919555,8.90482463436276,19
1919564,9.827841295621134,9
1919574,9.823120411082819,10
1919592,9.554040173747978,18
1919607,9.684404629824042,15
1919620,9.699449783350818,13
1919636,9.644039532436068,16
1919642,9.895206291368572,6
1919645,9.95353240005276,3
1919646,10.0,1
1919653,9.868425906441292,7
1919663,9.728806336306038,10
1920163,-208.51242418957133,500
1920164,10.0,1
1920176,9.77066470356672,12
1920183,9.874131340246672,7
1920193,9.835838540358557,10
1920208,9.668729275791682,15
1920210,9.97401759619516,2
1920222,9.7572610297516,12
1920223,10.0,1
1920229,9.905590470807626,6
1920238,9.841059166534711,9
1920253,9.765138997532263,15
1920270,8.674333035704041,17
1920274,9.929945683461145,4
1920285,9.766027706249435,11
1920291,9.904531731278707,6
1920300,9.806955043415638,9
1920308,9.850413894428256,8
1920322,9.72918523831964,14
1920334,9.781279184928009,12
1920342,9.846488412752992,8
1920348,9.901326616671541,6
1920356,9.846214781409401,8
1920361,9.915743808075883,5
1920365,9.94796279965713,4
1920373,9.861558105246626,8
1920387,9.671054078496383,14
1920388,9.989042448460129,1
1920392,9.937992659669264,4
1920412,9.55372987846577,20
1920413,9.989328348608085,1
1920432,9.624627005929907,19
1920439,9.873066556410981,7
1920444,9.931289749051727,5
1920446,9.976297054764375,2
1920454,9.850293744590095,8
1920469,9.587346878062363,15
1920498,9.415934635318344,29
1920505,9.869913172387706,7
1920509,9.948571204683153,4
1920529,9.524415379405065,20
1920540,9.757339809306734,11
1920549,9.792595053148327,9
1920564,9.660879173888642,15
1920575,9.755336495209074,11
1920583,9.819136103140458,8
1920586,9.964667862555704,3
1920600,9.75914820474311,14
1920604,9.926343404119306,4
1920612,9.83914657606285,8
1920623,9.758739879911701,11
1920626,9.956475198656818,3
1920633,9.866613365138859,7
1920642,9.812739618194707,9
1920649,9.886510871129543,7
1920664,9.66543068701025,15
1920680,9.636508809836723,16
1920689,9.833554208119434,9
1920693,9.933275645196547,4
1920704,9.750568924929842,11
1920710,9.878010998157913,6
1920716,9.808204783315631,6
1920726,9.806514339427524,10
1920736,9.783665363102926,10
1920743,9.853282593401895,7
1920750,9.873826774731496,7
1920758,9.853016158656049,8
1920769,9.780018494113655,11
1920776,9.863493420142463,7
1920790,9.699512847831528,14
1920791,10.0,1
1920803,9.756253156315216,12
1920804,9.98934639349418,1
1920820,9.569090870358599,16
1920827,9.861901801901505,7
1920836,9.814616027104375,9
1920850,9.661865333748423,14
1920851,10.0,1
1920858,9.840856612467496,7
1920879,9.523168623251191,21
1920896,9.62320670938452,17
1920908,9.757957094958947,12
1920923,9.696156636413239,15
1920930,9.870435028259543,7
1920937,9.860548361847712,7
1920949,9.758712115322798,12
1920961,9.731682180131834,12
1920969,9.840360355629912,8
1920987,9.678913513655909,18
1920995,9.84088567662828,8
1920996,10.0,1
1921009,9.777027211507072,13
1921017,9.855292159785211,8
1921035,9.654303348931057,18
1921038,9.967018232825652,3
1921052,9.691922470674628,14
1921067,9.682122383819785,15
1921076,9.83481835656134,9
1921099,9.47665384294124,23
1921125,9.383658247427531,26
1921143,9.542178395083276,18
1921152,9.828851981281268,9
1921173,9.474167212386698,21
1921174,10.0,1
1921182,9.863081760943727,8
1921197,9.655817180545947,15
1921205,9.88179645356872,8
1921208,9.95864553999506,3
1921216,9.867571612134771,8
1921224,9.838648218022808,8
1921233,9.63386108769443,9
1921245,9.769688967182176,12
1921246,10.0,1
1921258,9.747768079563047,12
1921259,10.0,1
1921267,9.816065613192144,8
1921303,9.118122462924193,36
1921319,9.625890689912067,16
1921343,9.451471483399176,24
1921344,9.996633421541484,1
1921355,9.777246297252212,11
1921367,9.74985695797325,12
1921375,9.835430234116574,8
1921381,9.925209128915546,6
1921388,9.865794811090169,7
1921411,9.398921445126899,23
1921418,9.889762732940484,7
1921429,9.770993406913787,11
1921432,9.966441394155815,3
1921464,9.333487680872777,32
1921471,9.87276822725983,7
1921477,9.903244122181546,6
1921488,9.783517771957978,11
1921499,9.75560177100619,11
1921505,9.902602600875118,6
1921511,9.917306183000834,6
1921516,9.922891645289402,5
1921524,9.843602256321141,8
1921531,9.861506588643728,7
1921535,9.924214086166844,4
1921545,9.823992928930384,10
1921546,10.0,1
1921556,9.779403141244504,10
1921564,9.826866443489267,8
1921566,9.986165673365909,2
1921579,9.735982632443621,13
1921582,9.953376217278896,3
1921592,9.83167619962132,10
1921593,10.0,1
1921601,9.841427989804924,8
1921615,9.73581492073279,14
1921626,9.76679021433238,11
1921631,9.938687185957493,5
1921646,9.657294452773945,15
1921650,9.949754494982146,4
1921660,9.806493703534436,10
1921669,9.809679099137428,9
1921681,9.749491195537493,12
1921698,9.640664865343313,17
1921712,9.731907821337796,14
1921722,9.830761221902288,10
1921734,9.684185406155853,12
1921745,9.792471159919916,11
1921755,9.785204377343247,10
1921766,9.786569376578838,11
1921779,9.72101679474744,13
1921783,9.930804578933218,4
1921786,9.954341756115097,3
1921793,9.882894024379334,7
1921794,10.0,1
1921804,9.84846596759332,10
1921815,9.766881365539168,11
1921826,9.756669184367256,11
1921838,9.75066874275296,12
1921850,9.764522705462346,12
1921858,9.852650463412562,8
1921862,9.948318134410577,4
1921879,8.084790483933766,17
1921880,9.996464803887747,1
1921892,9.759923520363749,12
1921895,9.960056636147858,3
1921902,9.865712300706592,7
1921921,9.599559969392187,19
1921935,9.668280065847043,14
1921936,10.0,1
1921937,10.0,1
1921956,9.565869378809746,19
1921968,9.76064212956743,12
1921972,9.95137325987484,4
1921979,9.868588275512876,7
1921988,9.859174689845146,9
1921995,9.857359718658072,7
1922005,9.785720930564354,10
1922025,9.630875006850438,20
1922034,9.835698159154434,9
1922036,9.967994082555034,2
1922038,9.984359915716164,2
1922039,10.0,1
1922049,9.793181087468508,10
1922059,9.767706266584874,10
1922066,9.894920795308863,7
1922079,9.743014603022862,13
1922080,10.0,1
1922086,9.881002583098377,6
1922089,9.964674910469423,3
1922098,9.838768945876657,9
1922103,9.92597077036694,5
1922114,9.768691134157756,11
1922135,9.555689206998998,21
1922140,9.924565223525276,5
1922152,9.737079774538888,12
1922168,8.855009885558616,16
1922174,9.882328514024227,6
1922181,9.882184704161293,7
1922186,9.920642898074453,5
1922188,9.971362924597704,2
1922197,9.81085463501212,9
1922211,9.672909788209855,14
1922212,10.0,1
1922229,9.652038980154002,17
1922236,9.871222921537978,7
1922258,9.182464910640252,22
1922259,10.0,1
1922264,9.922002451470762,5
1922271,9.880517857711451,7
1922288,9.65653352789285,17
1922290,9.979886091585431,2
1922293,9.954760196004134,3
1922295,9.974472114308545,2
1922308,9.649185710706803,13
1922322,9.679708283144116,14
1922328,9.874868009976211,6
1922339,9.76403255588793,11
1922352,9.69961674610643,13
1922363,9.768706679408098,11
1922373,9.823130430612446,10
1922386,9.7102635678794,13
1922387,10.0,1
1922390,9.962371598885214,3
1922399,9.826197187096719,9
1922402,9.962281687995441,3
1922413,9.792704011660845,11
1922422,9.85168045724724,9
1922430,9.825105061558961,8
1922435,9.899731131101328,5
1922451,9.65320829832106,16
1922463,9.78863417288519,12
1922476,9.758998952029957,13
1922479,9.965118251525379,3
1922483,9.955322577173002,4
1922495,9.742872699525623,12
1922504,9.812085264626655,9
1922518,9.711372234974611,14
1922531,9.730833306923184,13
1922545,9.707932461125152,14
1922547,9.971084895628689,2
1922558,9.788171538734758,11
1922564,9.885236679089036,6
1922575,9.80371855172262,11
1922577,9.97614410585927,2
1922581,9.952800478648548,4
1922596,9.672950865392366,15
1922607,9.800761321490313,11
1922618,9.770028644995458,11
1922636,9.696986930818767,18
1922645,9.83189601013089,9
1922660,9.715408102499246,15
1922675,9.67497776521535,15
1922768,6.988791775640749,93
1922784,9.63680155525327,16
1922790,9.913195448385439,6
1922802,9.769116516199274,12
1922810,9.835677018228935,8
1922824,9.666528406641413,14
1922837,9.720419144892714,13
1922846,9.851373898740006,9
1922847,10.0,1
1922850,9.946050779973246,3
1922858,9.848630389417751,8
1922866,9.863386205379154,8
1922867,10.0,1
1922868,10.0,1
1922883,9.669180561532743,15
1922893,9.788305615960583,10
1922901,9.837972191525736,8
1922908,9.850568635531316,7
1922918,9.792343830503865,10
1922927,9.834210109129865,9
1922928,10.0,1
1922938,9.804247827450956,10
1922948,9.80202002357332,10
1922968,9.513845922494133,20
1922976,9.846066713563033,8
1922984,9.857882175739011,8
1922999,9.614475813565111,15
1923008,9.845933323417645,9
1923021,9.721936910658593,13
1923027,9.867466430905248,6
1923037,9.816320874405791,10
1923063,9.465740156700685,26
1923075,9.80221676300078,12
1923083,9.848282915164942,8
1923090,9.896718085193111,7
1923094,9.945494560001569,4
1923098,9.94709011441933,4
1923102,9.940701238622205,4
1923115,9.706808840276405,13
1923128,9.733075171557083,13
1923133,9.907196060689502,5
1923134,10.0,1
1923141,9.856830247053436,7
1923148,9.865255125672096,7
1923157,9.816712306659442,9
1923163,9.89433977077105,6
1923170,9.869431299657014,7
1923182,9.738349147045527,12
1923186,9.937040243724379,4
1923193,9.887585299052123,7
1923209,9.644564252872879,16
1923214,9.933159729814953,5
1923219,9.919103896643506,5
1923227,9.846277995653326,8
1923235,9.825565200833193,8
1923240,9.902602821156146,5
1923250,9.799370788239388,10
1923259,9.710870631310813,9
1923268,9.841784366674384,9
1923278,9.809377842186068,10
1923283,9.916228447894891,5
1923293,9.781939897965012,10
1923299,9.91244734218328,6
1923309,9.815839187645656,10
1923321,9.733773603393217,12
1923332,9.761754407116351,11
1923343,9.738616022238196,11
1923351,9.843241431076633,8
1923361,9.733024054840342,10
1923371,9.796369779726474,10
1923376,9.914176682380091,5
1923385,9.821776585399705,9
1923392,9.87474501616325,7
1923397,9.906030043538442,5
1923411,9.693549753982248,14
1923423,9.728688486201925,12
1923424,10.0,1
1923431,9.888881256214678,7
1923438,9.857546144870495,7
1923439,10.0,1
1923453,9.70548380861811,14
1923454,10.0,1
1923464,9.782935911839374,10
1923467,9.955973667652653,3
1923473,9.906502383368975,6
1923507,9.00061814835834,34
1923511,9.936682142519782,4
1923528,9.706095199356394,17
1923536,9.848182295074455,8
1923546,9.783125388103077,10
1923556,9.795301131163349,10
1923564,9.855443524579194,8
1923573,9.79301757046718,9
1923586,9.691064974444126,13
1923587,10.0,1
1923596,9.839108246844871,9
1923612,9.694198460449913,16
1923624,9.760453064691008,12
1923628,9.953731352367411,4
1923652,9.558709026110346,24
1923662,9.84417970886553,10
1923672,9.831144292880637,10
1923690,9.573801943339872,18
1923695,9.920348762644965,5
1923721,9.511487983501036,26
1923724,9.963568340457083,3
1923730,9.890702245466494,6
1923731,10.0,1
1923738,9.863276680125868,7
1923746,9.783881878450128,8
1923747,10.0,1
1923754,9.865545569148033,7
1923755,10.0,1
1923758,9.959009746890104,3
1923766,9.842227719747237,8
1923779,9.769178838452884,13
1923786,9.877470922176062,7
1923791,9.910560216722924,5
1923799,9.86423043916522,8
1923807,9.848838101066159,8
1923822,9.589234742628488,15
1923828,9.883913411985093,6
1923834,9.907881206414684,6
1923843,9.816120994811657,9
1923848,9.904075767291054,5
1923857,9.83531356665677,9
1923869,9.741072588238419,12
1923883,9.69362451691674,14
1923897,9.692160112182453,14
1923898,10.0,1
1923902,9.937043358905557,4
1923911,9.824541492968782,9
1923921,9.844393386117558,10
1923933,9.743660235407559,12
1923941,9.844617754428299,8
1923953,9.768278687638936,12
1923962,9.809177334615786,9
1923970,9.868423608726438,8
1923981,9.780772033186226,11
1923987,9.910064081849919,6
1923995,9.846030297533694,8
1924001,9.882282554023028,6
1924006,9.935513203949265,5
1924020,9.685609311374652,14
1924028,9.857211386948036,8
1924032,9.944878267016842,4
1924040,9.84469301762364,8
1924055,9.679432641450633,15
1924056,10.0,1
1924076,9.560678004370555,20
1924088,9.784900960760483,12
1924102,9.68831381443406,14
1924113,9.774264615974653,11
1924128,9.653426274085103,15
1924136,9.840501615899552,8
1924137,10.0,1
1924152,9.651397402078478,15
1924159,9.871976945732209,7
1924166,9.85581186326306,7
1924181,9.681865925120638,15
1924199,9.544771166213106,18
1924223,9.440601177931477,24
1924229,9.90005140047323,6
1924232,9.949530256732722,3
1924237,9.90225888209942,5
1924247,9.818265773479348,10
1924259,9.75420908774675,12
1924275,9.27464343238888,16
1924283,9.84900305641601,8
1924284,10.0,1
1924297,9.727339161311022,13
1924298,10.0,1
1924299,10.0,1
1924300,10.0,1
1924312,9.658392287453488,12
1924313,10.0,1
1924322,9.840616461919852,9
1924332,9.773362985766102,10
1924344,9.731990130685306,12
1924359,9.689099021166786,15
1924371,9.757930052840557,12
1924375,9.942579094657702,4
1924404,8.909537438142868,29
1924412,9.863397143468129,8
1924418,9.88324499985895,6
1924430,9.743523825142498,12
1924440,9.852835238112316,10
1924453,9.71933427642576,13
1924467,9.111617038061214,14
1924471,9.939449643082265,4
1924491,9.57660893621807,20
1924503,9.77204655551808,12
1924511,9.835389821922039,8
1924523,9.64252519100476,12
1924545,9.47219169725519,22
1924562,9.721100937964607,17
1924568,9.908489654303597,6
1924581,9.753297365757327,13
1924593,9.75500652951817,12
1924603,9.79724019282224,10
1924605,9.98392762992536,2
1924613,9.873507946108102,8
1924619,9.800161699959984,6
1924629,9.815181912543027,10
1924630,9.99610455640655,1
1924631,9.996693137853516,1
1924640,9.835056731469294,9
1924653,9.744272741973782,13
1924664,9.751497896730395,11
1924686,9.183791812815484,22
1924694,9.837142194542182,8
1924695,10.0,1
1924702,9.874087959558421,7
1924709,9.876952832458235,7
1924724,9.248043453575733,15
1924741,8.898396839342587,17
1924756,9.690277745863803,15
1924758,9.97120195140584,2
1924763,9.915974778985026,5
1924776,9.72884744766127,13
1924777,10.0,1
1924782,9.906701987794216,5
1924787,9.929326688196486,5
1924794,9.872008286574012,7
1924795,9.996118596740354,1
1924803,9.836018616546717,8
1924817,9.679560230008518,14
1924830,9.642897059935,13
1924845,9.677566607873326,15
1924858,9.72605705042669,13
1924875,9.582621748577477,17
1924878,9.96216154246221,3
1924879,9.991940329839329,1
1924895,9.633117685282027,16
1924898,9.967724483599072,3
1924899,10.0,1
1924900,10.0,1
1924906,9.894113190726324,6
1924916,9.811452196505327,10
1924917,10.0,1
1924928,9.750120727992662,11
1924992,8.63436169459777,64
1925000,9.841708515561159,8
1925012,9.724452043945528,12
1925020,9.856147601851223,8
1925029,9.809967143302023,9
1925036,9.894447482993455,7
1925047,9.747800776784604,11
1925055,9.8382788818864,8
1925067,9.726023388130214,12
1925068,10.0,1
1925073,9.910988146270565,5
1925082,9.813556807675274,9
1925271,6.449901840484489,189
1925286,9.697022778702978,15
1925290,9.93719864598497,4
1925298,9.86364585313612,8
1925299,10.0,1
1925304,9.915443442071682,5
1925313,9.82672868657218,9
1925321,9.85732177959917,8
1925330,9.712510609758652,9
1925336,9.863181423505832,6
1925352,9.619624536888537,16
1925360,9.841512483171469,8
1925368,9.830771781397882,8
1925372,9.95064275092672,4
1925386,9.694685559293074,14
1925393,9.866890438707756,7
1925396,9.961027658524593,3
1925404,9.855230904472702,8
1925422,9.568350582445534,18
1925445,9.535509920713341,23
1925461,9.619456597290002,16
1925465,9.947046355904762,4
1925474,9.837223565088339,9
1925485,9.790112344314691,11
1925493,9.841013264849865,8
1925500,9.886602268113423,7
1925505,9.931436641634154,5
1925519,9.693142537585507,14
1925529,9.788178498223848,10
1925537,9.874351693657259,8
1925548,9.773525291977176,11
1925557,9.8144558363337,9
1925568,9.772783846251052,11
1925577,9.80903849442239,9
1925588,9.797973559407248,11
1925594,9.886097636305033,6
1925600,9.90790306511248,6
1925607,9.870590217200103,7
1925617,9.796392452987273,10
1925624,9.872998806197714,7
1925637,9.694539144797828,13
1925649,9.74850797786962,12
1925659,9.790083930438042,10
1925671,9.742028359375409,12
1925684,9.71888499706752,13
1925691,9.879175668697405,7
1925701,9.818823961046196,10
1925713,9.756524327986526,12
1925721,9.828281942057467,8
1925722,10.0,1
1925727,9.934636910034035,5
1925743,9.612746576806396,16
1925758,9.639192636234549,15
1925766,9.847235981934153,8
1925775,9.81810079170739,9
1925783,9.831417635737814,8
1925794,9.796438851320671,11
1925806,9.731763800231873,12
1925807,10.0,1
1925813,9.894841696736375,6
1925824,9.728513391567482,11
1925828,9.95266441091023,4
1925829,10.0,1
1925845,9.623809723315263,16
1925848,9.964832441793702,3
1925862,9.723695616612423,14
1925866,9.940592923450772,4
1925872,9.898899701858085,6
1925874,9.985031965933173,2
1925880,9.895730077835783,6
1925894,9.212209140224477,14
1925905,9.776967367294933,11
1925906,10.0,1
1925910,9.94643138013468,4
1925920,9.835028540185329,10
1925927,9.87797075817825,7
1925933,9.913654573611705,6
1925934,10.0,1
1925939,9.93053537733947,5
1925944,9.83088557950062,5
1925954,9.775213214569028,10
1925962,9.833083764162199,8
1925974,9.744525325504922,12
1925985,9.778606320907198,11
1925988,9.960116906852782,3
1925991,9.953854867485807,3
1925999,9.857037178708703,8
1926012,9.735338538056256,13
1926026,9.69025196282207,14
1926033,9.870653080009541,7
1926045,9.746646202622584,12
1926046,9.992575428616293,1
1926055,9.793717098617162,9
1926059,9.928322036504609,4
1926067,9.85346227837083,8
1926082,9.652524195239465,15
1926094,9.728310277092191,12
1926107,9.760949359108107,13
1926118,9.779133087604983,11
1926122,9.936722932004264,4
1926139,9.646558733197248,17
1926146,9.874324862682679,7
1926147,10.0,1
1926156,9.833884558385046,9
1926157,10.0,1
1926162,9.922083770900365,5
1926535,2.614496255092903,373
1926543,9.839871253405322,8
1926555,9.784820420433562,12
1926564,9.817402908941297,9
1926572,9.838178308202824,8
1926589,9.661060593777455,17
1926611,9.53197009205112,22
1926620,9.832027320014518,9
1926636,9.642213716935263,16
1926644,9.845018841683343,8
1926652,9.832479691639689,8
1926654,9.980051677812519,2
1926668,9.71304805633666,14
1926669,10.0,1
1926678,9.834342200717956,9
1926688,9.785682900071565,10
1926690,9.986304207448379,2
1926706,9.669167977849641,16
1926721,9.654431885530993,15
1926730,9.823880944552874,9
1926739,9.809970286299027,9
1926750,9.747315017991886,11
1926753,9.963765757026462,3
1926758,9.915085590182917,5
1926763,9.91620228552409,5
1926764,10.0,1
1926768,9.93474681613765,4
1926772,9.942263745338444,4
1926785,9.752604649530882,13
1926791,9.915632352155669,6
1926795,9.94987510807305,4
1926806,9.786205549389198,11
1926815,9.825224614974998,9
1926821,9.90681140982666,6
1926833,9.618573913233734,12
1926839,9.902927268991968,6
1926846,9.862097211166038,7
1926853,9.883744354656395,7
1926864,9.675223200096704,11
1926871,9.867544959284302,7
1926872,10.0,1
1926886,9.70330556997385,14
1926899,9.721533551132444,13
1926909,9.804504790105065,10
1926915,9.891033855776415,6
1926921,9.896132477676193,6
1926930,9.817414882829139,9
1926956,9.513112752580703,26
1926960,9.937368097050198,4
1926968,9.872337513088807,8
1926971,9.970097566056715,3
1926976,9.915935887266889,5
1926977,10.0,1
1926983,9.89271366673073,6
1926991,9.820132391769459,8
1926997,9.890133738768233,6
1927005,9.832094845328632,8
1927017,9.758940224719293,12
1927026,9.845298978905058,9
1927036,9.779238185495995,10
1927048,9.716181051086464,12
1927058,9.80638718390341,10
1927071,9.719694867442069,13
1927072,10.0,1
1927077,9.907032176200477,5
1927091,9.71624930017575,14
1927100,9.812809770998289,9
1927111,9.570532994267039,11
1927127,9.594018000268019,16
1927134,9.887216268441007,7
1927140,9.889913282840405,6
1927149,9.805044061145146,9
1927150,10.0,1
1927157,9.885909646965658,7
1927169,9.751559995319953,12
1927182,9.693256021144604,13
1927183,10.0,1
1927196,9.731622438012302,13
1927206,9.784046666589468,10
1927207,10.0,1
1927219,9.745336399445685,12
1927225,9.90728038164233,6
1927230,9.909841238238574,5
1927248,9.59637969076576,18
1927260,9.734264872264095,12
1927264,9.942131406319067,4
1927276,9.751763565201793,12
1927283,9.878849675314717,7
1927284,10.0,1
1927290,9.891434555448976,6
1927311,9.345435513915817,21
1927329,9.072016812473787,18
1927335,9.8960656095643,6
1927349,9.711958723289197,14
1927360,9.736890354035575,11
1927371,9.775046358968993,11
1927384,9.695029875792413,13
1927385,9.996657241246112,1
1927395,9.81246995469278,10
1927410,9.674680425715,15
1927411,10.0,1
1927425,9.682933394423282,14
1927433,9.872268393326928,8
1927434,10.0,1
1927437,9.952131045908382,3
1927443,9.902492222748151,6
1927460,9.64000440312706,17
1927472,9.821448951724827,12
1927473,9.99626612145033,1
1927478,9.906544644807624,5
1927481,9.96925845621309,3
1927491,9.787968006709434,10
1927508,9.664643227443417,17
1927517,9.796243856579558,9
1927528,9.666042033010708,11
1927531,9.960083273326424,3
1927541,9.818613821536774,10
1927550,9.81324836595443,9
1927556,9.898978339230062,6
1927566,9.784778980905475,10
1927567,9.996503908291446,1
1927577,9.792051374702186,10
1927587,9.786936603261875,10
1927588,10.0,1
1927600,9.746771886400836,12
1927605,9.926449048500803,5
1927609,9.933381362027985,4
1927617,9.870135906448557,8
1927631,9.648207970668686,14
1927650,9.611885052594541,19
1927656,9.901273404116374,6
1927662,9.783882689794147,6
1927677,9.45555874052804,15
1927680,9.959267352657866,3
1927687,9.850929022354554,7
1927706,9.523445015400672,19
1927711,9.927889704859124,5
1927712,10.0,1
1927725,9.724812770888374,13
1927735,9.799817920431668,10
1927744,9.803356155649634,9
1927749,9.922398093267102,5
1927755,9.912728525751596,6
1927763,9.858485692439944,8
1927770,9.867580658209336,7
1927777,9.863350250286697,7
1927788,9.795660135003056,11
1927793,9.930027254572563,5
1927805,9.72877070654636,12
1927825,9.58192322960364,20
1927841,9.665401385865454,16
1927848,9.882486202719956,7
1927862,9.708903219425874,14
1927870,9.860968622131812,8
1927883,9.736341360403902,13
1927890,9.901898131279008,7
1927892,9.982014439854733,2
1927897,9.916094681977613,5
1927901,9.936993750825437,4
1927902,10.0,1
1927913,9.771020356556647,11
1927916,9.964798115554165,3
1927921,9.925048752698405,5
1927922,9.996384536122049,1
1927930,9.433733851297664,8
1927931,10.0,1
1927937,9.898551629274872,6
1927946,9.816029232689928,9
1927952,9.90347893284134,6
1927953,10.0,1
1927966,9.729084465124421,13
1927981,9.64752705808928,15
1927993,9.73258783310394,12
1928006,9.143806756379467,13
1928506,-203.9610300377234,500
1928512,9.880533803627712,6
1928523,9.785673826207912,11
1928537,9.64708355643416,14
1928538,9.99655790376189,1
1928540,9.978817537628919,2
1928551,9.78772405895793,11
1928554,9.953930524164523,3
1928571,9.642025634137848,17
1928590,9.661253380555817,19
1928597,9.879780985896216,7
1928618,9.550069640981633,21
1928635,9.63932520841567,17
1928649,9.686616356884874,14
1928657,9.833183147549946,8
1928663,9.894991615689504,6
1928676,9.737050109871634,13
1928680,9.950855358948532,4
1928693,9.753237616838662,13
1928702,9.80569776921269,9
1928740,8.865439166176142,38
1928744,9.942589783059978,4
1928747,9.960189406682364,3
1928759,9.761838324009322,12
1928777,9.677090591941608,18
1928784,9.879250946917761,7
1928794,9.80679780557616,10
1928806,9.765932538529356,12
1928816,9.805129285219227,10
1928825,9.808873917283355,9
1928830,9.917408203014345,5
1928843,9.710891637221005,13
1928853,9.806087168022573,10
1928862,9.820346326791219,9
1928876,9.676877566205306,14
1928881,9.928777577533763,5
1928893,9.751484766778246,12
1928904,9.758857286406496,11
1928920,9.63379633018666,16
1928928,9.820853022714799,8
1928931,9.955488081790673,3
1928940,9.731157408574237,9
1928957,9.619122069353114,17
1928966,9.71559410820145,9
1928967,10.0,1
1928970,9.955458488436138,3
1928971,10.0,1
1928980,9.826510295145093,9
1928992,9.721192642683349,12
1929001,9.825667258704154,9
1929005,9.951840430365293,4
1929018,9.697597460554334,13
1929028,9.797367262183418,10
1929041,9.518072464873748,13
1929052,9.759189263226315,11
1929056,9.939275378839003,4
1929057,10.0,1
1929070,9.732279201158256,13
1929071,9.99634132670692,1
1929081,9.823177883803082,10
1929092,9.782257319911112,11
1929093,10.0,1
1929098,9.923417942099787,5
1929105,9.870166292142233,7
1929116,9.776404366548222,11
1929133,9.627869871785862,17
1929147,9.721910913138382,14
1929162,9.660688122453683,15
1929169,9.850756325383005,7
1929182,9.520816990912227,13
1929202,9.550494556118146,20
1929207,9.932949167643782,5
1929208,10.0,1
1929215,9.859272342347035,7
1929226,9.779381257569103,11
1929232,9.906580243152124,6
1929235,9.967422650978152,3
1929244,9.804481392799065,9
1929258,9.69869019156431,14
1929268,9.79821682326851,10
1929289,9.61602289488308,21
1929298,9.813660608207401,9
1929311,9.733523022954259,13
1929316,9.928100924276464,5
1929323,9.873713985266878,7
1929336,9.735849375545962,13
1929337,9.996192860533924,1
1929342,9.913735856230709,5
1929350,9.86044926312469,8
1929351,10.0,1
1929355,9.957694453678672,4
1929363,9.850583480012673,8
1929364,9.996713028644317,1
1929365,10.0,1
1929404,9.065301768366838,39
1929413,9.812712568840436,9
1929418,9.930998037445336,5
1929419,10.0,1
1929424,9.909632346765456,5
1929436,9.721326315206731,12
1929448,9.724408363029333,12
1929457,9.728631669543926,9
1929473,9.697055048539514,16
1929482,9.834843534996866,9
1929491,9.843972953053191,9
1929495,9.931442564134432,4
1929508,9.715823846290988,13
1929511,9.951186226728048,3
1929527,9.674222507618161,16
1929531,9.935429452902527,4
1929541,9.796428097003957,10
1929547,9.883369275590118,6
1929555,9.840148972483975,8
1929556,10.0,1
1929569,9.709578446570562,13
1929586,9.684882132853163,17
1929594,9.828664345701403,8
1929603,9.799497582286987,9
1929620,9.60702374177047,17
1929622,9.978289334117758,2
1929626,9.924165803719662,4
1929634,9.854400873901005,8
1929647,9.714610079432164,13
1929664,9.656824159883266,17
1929673,9.807530119577823,9
1929676,9.948959387082459,3
1929685,9.814666437644949,9
1929695,9.815655617499498,10
1929709,9.742326680371585,14
1929714,9.919260649143407,5
1929715,10.0,1
1929722,9.862080967225795,7
1929725,9.96277629396115,3
1929736,9.789670934521514,11
1929748,9.745057874102997,12
1929761,9.699958148121606,13
1929775,9.697283823121754,14
1929784,9.83422743276263,9
1929795,9.74377251223093,11
1930038,4.255017586523451,243
1930040,9.971609362042074,2
1930041,10.0,1
1930051,9.576582243596931,10
1930058,9.869617050707426,7
1930067,9.809879943691888,9
1930077,9.78337349834472,10
1930088,9.77931457096891,11
1930101,9.711378591630808,13
1930123,9.476825647769147,22
1930138,9.67519302985478,15
1930147,9.84182715770704,9
1930172,9.439661822209004,25
1930183,9.740849686449863,11
1930191,9.85327864452687,8
1930196,9.93236072659594,5
1930212,9.686905169089798,16
1930213,10.0,1
1930225,9.72533930711685,12
1930231,9.912053627178622,6
1930240,9.82709292983844,9
1930256,9.70121191055089,16
1930264,9.851606080483897,8
1930273,9.758270321809238,9
1930283,9.78810913808962,10
1930297,9.496506576968692,14
1930305,9.844079879801154,8
1930314,9.830104314880357,9
1930324,9.846179710099333,10
1930330,9.911402514093115,6
1930695,1.5059315789970622,365
1930699,9.932538736469205,4
1930703,9.941744345878044,4
1930708,9.916834537930493,5
1930722,9.671983450366001,14
1930735,9.742872098142577,13
1930750,9.738916658713745,15
1930757,9.880473666884715,7
1930768,9.784575596899094,11
1930778,9.840468327774902,10
1930782,9.93582316071316,4
1930789,9.886841344035792,7
1930797,9.862839722225296,8
1930811,9.730663593831968,14
1930817,9.895186614591195,6
1930826,9.802457206608754,9
1930841,9.666320116539742,15
1930851,9.797672611277042,10
1930863,9.797828860967247,12
1930873,9.565829575745537,10
1930874,10.0,1
1930885,9.78667938316989,11
1930900,9.629698443777585,15
1930904,9.950521463443184,4
1930911,9.88583786710685,7
1930919,9.856267607657774,8
1930934,9.708048945339858,15
1930945,9.760491100770302,11
1930950,9.918615763902068,5
1930965,9.661731483000707,15
1930966,9.989275923244263,1
1930979,9.714183086282977,13
1930992,9.758656837716476,13
1930993,10.0,1
1930999,9.890483235665574,6
1931013,9.754151063724208,14
1931014,10.0,1
1931021,9.861876612689446,7
1931036,9.661181713385933,15
1931048,9.733667745127521,12
1931058,9.827048836532848,10
1931068,9.776873914015871,10
1931070,9.771988241198311,2
1931071,10.0,1
1931077,9.899858833421405,6
1931087,9.810417162082768,10
1931092,9.929300110561236,5
1931099,9.868541057970928,7
1931102,9.955409868715027,3
1931106,9.932345482993377,4
1931107,10.0,1
1931110,9.957078184108413,3
1931117,9.878500950633743,7
1931127,9.807104043990467,10
1931137,9.809744716060699,10
1931146,9.828037828700554,9
1931151,9.724778193970906,5
1931152,9.992271153760383,1
1931167,9.661887731794662,15
1931174,9.855483104629316,7
1931183,9.81330918515036,9
1931192,9.832705904727383,9
1931193,10.0,1
1931201,9.854446738493296,8
1931212,9.767825080441172,11
1931223,9.745515180850317,11
1931232,9.723014845025912,9
1931245,9.720302185075733,13
1931259,9.705500112002262,14
1931260,9.993080257538379,1
1931266,9.893459614396,6
1931271,9.92173055092734,5
1931290,9.583432669542908,19
1931293,9.956437466625065,3
1931301,9.827622262460585,8
1931311,9.791180442912129,10
1931315,9.949981064968009,4
1931325,9.697103810018307,10
1931335,9.396032612967609,10
1931358,9.373909414121371,23
1931379,9.569355079174143,21
1931397,9.62958728529252,18
1931411,9.690346455319801,14
1931412,10.0,1
1931422,9.799545352178272,10
1931433,9.824197844742814,11
1931447,9.69902282786243,14
1931463,9.676277577250746,16
1931474,9.764067229842608,11
1931481,9.676332258698952,7
1931482,10.0,1
1931483,10.0,1
1931488,9.928795652102629,5
1931495,9.879186334799911,7
1931504,9.784901840973255,9
1931509,9.909891596976392,5
1931517,9.84810358012027,8
1931518,9.992304496834677,1
1931529,9.782245735890026,11
1931539,9.786140705078664,10
1931555,9.63264871729354,16
1931557,9.971054569915353,2
1931564,9.874051256307562,7
1931572,9.84950569294676,8
1931578,9.878475411758956,6
1931587,9.84070208430229,9
1931606,9.643525084394112,19
1931616,9.816643632201917,10
1931633,9.637962079370109,17
1931648,9.649511061225832,15
1931659,9.77999050281318,11
1931662,9.945915395008534,3
1931669,9.885078932816713,7
1931688,9.622161317643757,19
1931697,9.833266347953765,9
1931713,9.365223378327558,16
1931722,9.815399366722582,9
1931737,9.69768358720788,15
1931751,9.69301545693337,14
1931762,9.802338009469242,11
1931773,9.802806417937491,11
1931785,9.712351673631163,12
1931786,10.0,1
1931789,9.959254592014986,3
1931807,9.599651343317202,18
1931817,9.792547589075536,10
1931828,9.74676990737042,11
1931843,9.6723607554763,15
1931857,9.693938574315126,14
1931861,9.826553559784442,4
1931870,9.829484494276025,9
1931871,10.0,1
1931878,9.861220102328305,7
1931896,8.539994471583238,18
1931903,9.873301779564107,7
1931907,9.930422908679107,4
1931916,9.798375555407686,9
1931929,9.746997977403266,13
1931942,9.779012599840858,13
1931957,9.683016015809988,15
1931966,9.798535711943064,9
1931982,9.607269496378722,16
1931990,9.843591770497788,8
1931995,9.918139388174508,5
1932007,9.753567963995526,12
1932012,9.930428399514408,5
1932022,9.772207529404394,10
1932040,9.595077069502386,18
1932048,9.843190597081396,8
1932064,9.676055983951839,16
1932073,9.814237156182815,9
1932074,10.0,1
1932077,9.963947030669148,3
1932093,9.662237846466612,16
1932097,9.938138167628342,4
1932105,9.84365140536756,8
1932114,9.80991940086498,9
1932123,9.836852329639948,9
1932135,9.548042755950503,12
1932145,9.783376258553337,10
1932155,9.81444122740944,10
1932156,10.0,1
1932166,9.796393309778926,10
1932179,9.699365448277481,13
1932185,9.89043136594412,6
1932201,9.730890750317592,16
1932212,9.761732280151955,11
1932222,9.798274255711444,10
1932228,9.892241938480053,6
1932244,9.684059000125524,16
1932262,9.649525024593677,18
1932265,9.95786585070175,3
1932275,9.79084216380834,10
1932287,9.73882047585031,12
1932288,10.0,1
1932292,9.930212014732765,4
1932305,9.733203047326267,13
1932313,9.866400159788828,8
1932316,9.951953762317013,3
1932328,9.75984540372016,12
1932329,9.989274349547895,1
1932337,9.863007088387782,8
1932353,9.651085152422045,16
1932364,9.769615221888033,11
1932390,9.18043570649784,26
1932392,9.97961771360578,2
1932404,9.731202195352592,12
1932426,9.510408427327118,22
1932429,9.961043140798543,3
1932441,9.784089740007175,12
1932450,9.8318987837319,9
1932469,9.576828191621455,19
1932476,9.872785235906584,7
1932484,9.856597530273417,8
1932496,9.746150586314313,12
1932497,10.0,1
1932509,9.7552358235492,12
1932519,9.837302421986003,10
1932527,9.752511591834049,8
1932538,9.75828396053806,11
1932552,9.708181548636071,14
1932561,9.790564150980309,9
1932564,9.95376027668725,3
1932573,9.802127073684057,9
1932574,10.0,1
1932588,9.652486585550987,14
1932596,9.808947106563755,8
1932609,9.713241796301347,13
1932615,9.900838655963996,6
1932632,9.65118875340361,17
1932638,9.897037381267374,6
1932639,9.992681932874756,1
1932645,9.891879117779888,6
1932660,9.650763734458565,15
1932661,10.0,1
1932665,9.953590701023652,4
1932680,9.661500961687343,15
1932690,9.784930549575307,10
1932698,9.845024667754984,8
1932706,9.860842324733788,8
1932723,9.616808229406095,17
1932733,9.789017418749092,10
1932744,9.751514086064828,11
1932759,9.682543767914437,15
1932775,9.6633299586718,16
1932788,9.727036403288706,13
1932800,9.2588708307349,12
1932811,9.789524490166729,11
1932820,9.857350564311112,9
1932831,9.7538555414608,11
1932840,9.815548007432744,9
1932845,9.914475994553632,5
1932859,9.662957076483476,14
1932866,9.850434454468575,7
1932867,10.0,1
1932878,9.633054651750312,11
1932886,9.850501620371547,8
1932899,9.719385029521604,13
1932914,9.678107202614989,15
1932928,9.285462045659143,14
1932938,9.781132681083829,10
1932945,9.84502550479235,7
1932958,9.738626146241895,13
1932972,9.732537397845366,14
1932978,9.88951317636559,6
1932979,10.0,1
1932986,9.864393177002553,7
1932996,9.827305969727712,10
1933000,9.948229198957774,4
1933006,9.896279030931481,6
1933014,9.840930547499669,8
1933035,9.465397919469817,21
1933047,9.756562091613226,12
1933061,9.687794558588132,14
1933072,9.789299259384027,11
1933073,10.0,1
1933085,9.751440043294433,12
1933093,9.840967699377774,8
1933103,9.791807033493372,10
1933113,9.797490540632342,10
1933117,9.928217139665039,4
1933119,9.974490516709192,2
1933129,9.824090497865347,10
1933135,9.901747700407807,6
1933138,9.96192604962626,3
1933147,9.791046782525424,9
1933155,9.869917779563878,8
1933166,9.78889369403259,11
1933185,9.556995697684695,19
1933200,9.676319667283366,15
1933206,9.89296610914943,6
1933207,10.0,1
1933220,9.736225263498255,13
1933226,9.887989317978972,6
1933229,9.963964702550125,3
1933245,9.63072502452918,16
1933261,9.676967410520463,16
1933268,9.885944158696374,7
1933277,9.869873142213127,9
1933286,9.800724815394661,9
1933296,9.801374956638822,10
1933307,9.762555651414747,11
1933313,9.894069491081472,6
1933326,9.716176519781781,13
1933344,9.625695557087994,18
1933353,9.811337906695613,9
1933372,9.572689081327246,19
1933373,10.0,1
1933382,9.850024897967925,9
1933388,9.90103420181292,6
1933400,9.797288173373602,12
1933401,10.0,1
1933410,9.835011365312806,9
1933423,9.735631942188677,13
1933434,9.762090422790214,11
1933440,9.877984176117392,6
1933446,9.900754385426318,6
1933449,9.972618023809373,3
1933473,7.634829628070717,24
1933480,9.875278904736234,7
1933493,9.718770842795035,13
1933505,9.441638871906795,12
1933512,9.880204009201524,7
1933516,9.938896591585078,4
1933520,9.935089127044126,4
1933531,9.787658608598155,11
1933546,9.665327015395425,15
1933556,9.799449079884374,10
1933568,9.75994455336241,12
1933583,9.681287905303318,15
1933604,9.593964435442306,21
1933611,9.866726165658852,7
1933622,9.795880546568219,11
1933636,9.70432491880316,14
1933647,9.76468533973326,11
1933657,9.833045411252707,10
1933662,9.911044889646295,5
1933674,9.740941424891709,12
1933679,9.912986597825531,5
1933692,9.379595930714583,13
1933704,9.784576003208485,12
1933708,9.933894280766257,4
1933709,10.0,1
1933720,9.772780691238665,11
1933732,9.771564197522595,12
1933736,9.930048767689872,4
1933770,9.313904192520285,34
1933778,9.881151797828887,8
1933793,9.664285352800377,15
1933794,10.0,1
1933795,9.996615371572402,1
1933811,9.45442300923554,16
1933826,9.641633625882585,15
1933835,9.846067599652558,9
1933837,9.97339276244051,2
1933848,9.770050928051447,11
1933858,9.798705838736872,10
1933859,10.0,1
1933861,9.98049985608528,2
1933868,9.86796616321992,7
1933879,9.76011781046668,11
1933891,9.753123686194833,12
1933900,9.833103351356847,9
1933905,9.912334477175449,5
1933907,9.973984333119839,2
1933910,9.967357389045427,3
1933920,9.803941098545716,10
1933926,9.888943211483456,6
1933942,9.65097467179381,16
1933951,9.81811670805538,9
1933956,9.911004267017582,5
1933974,9.371654822072141,18
1933989,9.674017687358742,15
1933993,9.94292776726882,4
1934004,9.827699686167769,11
1934017,9.733851899636582,13
1934035,9.626244875688894,18
1934039,9.92835168638181,4
1934050,9.808470340505675,11
1934057,9.878948022719557,7
1934067,9.783314964401841,10
1934071,9.930318393740452,4
1934082,9.76607739295359,11
1934105,9.235859223361901,23
1934117,9.78367644419725,12
1934129,9.742232637177116,12
1934146,9.614277719610769,17
1934151,9.90590366157972,5
1934159,9.839782523360068,8
1934169,9.803532900239425,10
1934176,9.853350880212894,7
1934187,9.808675932184498,11
1934197,9.805201603966308,10
1934215,9.562215759207646,18
1934229,9.659821812195608,14
1934230,10.0,1
1934238,9.831431377034964,8
1934243,9.9112449443918,5
1934253,9.811285398230988,10
1934267,9.686471063053618,14
1934268,10.0,1
1934271,9.95348726776863,3
1934283,9.72089593876346,12
1934298,9.691460253020297,15
1934307,9.816234816384254,9
1934315,9.828901569229217,8
1934323,9.849538011489889,8
1934326,9.94461673239488,3
1934331,9.897094217310547,5
1934342,9.466884286542989,11
1934352,9.7727590361201,10
1934364,9.731564423075698,12
1934369,9.92422289101434,5
1934375,9.89200639715454,6
1934385,9.82510392273411,10
1934391,9.905101259097405,6
1934397,9.888559817424635,6
1934412,9.473719361234895,15
1934422,9.784967697158342,10
1934423,9.992949042187208,1
1934449,8.103919306279803,26
1934450,9.991533596368514,1
1934461,9.589880347087165,11
1934468,9.873767084591217,7
1934469,9.996650403212007,1
1934481,9.737614174437804,12
1934493,9.727347831314638,12
1934496,9.953566425911955,3
1934506,9.787945459760946,10
1934526,8.651344153063318,20
1934528,9.975292207432128,2
1934531,9.968079781054303,3
1934541,9.818615598390434,10
1934547,9.694318573575249,6
1934563,9.653144467469119,16
1934564,10.0,1
1934578,9.715107182668484,14
1934590,9.790542056408187,12
1934606,9.592005585411949,16
1934617,9.776683780558821,11
1934631,9.686861602653233,14
1934644,9.732506787524633,13
1934654,9.784239433157571,10
1934665,9.80657074966077,11
1934669,9.951432861250685,4
1934685,9.696361761165111,16
1934693,9.84518647646039,8
1934704,9.773817385543197,11
1934720,9.643366350608463,16
1934724,9.919274435685818,4
1934725,10.0,1
1934741,9.64493996119978,16
1934749,9.868157347256204,8
1934756,9.907215011068407,7
1934762,9.903145553235,6
1934771,9.815796952641321,9
1934779,9.832728395224693,8
1934788,9.836983867170755,9
1934790,9.974298229984946,2
1934803,9.717209368431572,13
1934808,9.91358687124641,5
1934818,9.832204007059095,10
1934827,9.82705149718506,9
1934837,9.828123751733624,10
1934846,9.830469986257352,9
1934868,9.47302312563217,22
1934882,9.754623629787051,14
1934897,9.646551779156361,15
1934917,9.602592343955804,20
1934926,9.840508558990987,9
1934944,9.604191981205412,18
1934955,9.740697657701523,11
1934968,9.730882331469342,13
1934977,9.83786213968594,9
1934993,9.683233812102305,16
1935003,9.804311884430032,10
1935014,9.692207749587126,11
1935027,9.722902108513226,13
1935034,9.852992667146703,7
1935038,9.83631487809676,4
1935043,9.91098093193811,5
1935053,9.767166296876892,10
1935063,9.842905043622913,10
1935072,9.825645309949065,9
1935075,9.968471820107272,3
1935083,9.84015912978539,8
1935091,9.895565677322303,8
1935097,9.896044120355056,6
1935101,9.942344473017982,4
1935105,9.939644914510707,4
1935114,9.820862305493238,9
1935121,9.87086424826367,7
1935130,9.829288821758793,9
1935138,9.842532330004081,8
1935143,9.93172833270038,5
1935152,9.618661177686903,9
1935171,9.602395998618366,19
1935181,9.778434127436546,10
1935189,9.866696165815389,8
1935194,9.915022811776145,5
1935207,9.710162838531733,13
1935217,9.831375504691183,10
1935229,9.740670783453604,12
1935235,9.89897507832525,6
1935240,9.929798467392201,5
1935246,9.8795465131199,6
1935261,9.71959650709779,15
1935270,9.809505017163817,9
1935277,9.86423954690696,7
1935288,9.791398569509283,11
1935289,10.0,1
1935298,9.819893244310972,9
1935309,9.808103849921075,11
1935321,9.77344490206494,12
1935329,9.846888786586216,8
1935338,9.819096720940646,9
1935349,9.743092166880388,11
1935354,9.917434571046511,5
1935383,9.442574339175463,29
1935405,9.492149693662224,22
1935406,9.992520979634334,1
1935407,9.987497690234903,1
1935420,9.707413740106249,13
1935428,9.849343782518384,8
1935442,9.682273495473178,14
1935453,9.789214499300726,11
1935460,9.864193978538676,7
1935471,9.77621227409652,11
1935478,9.883673133378426,7
1935485,9.87061429982112,7
1935497,9.729157514398198,12
1935504,9.878824131181394,7
1935509,9.919415303372627,5
1935526,9.589038138787865,17
1935537,9.755593764354336,11
1935540,9.958734233804291,3
1935555,9.680963480559484,15
1935565,9.799654928758471,10
1935578,9.712172488815733,13
1935587,9.844708679324068,9
1935591,9.944141687316788,4
1935600,9.856134828740666,9
1935621,9.431790668145563,21
1935622,9.987057860499238,1
1935632,9.798786874256459,10
1935665,8.338230398249094,33
1935686,9.643915110274296,21
1935695,9.824266913824745,9
1935702,9.866702009308016,7
1935716,9.694600709951832,14
1935728,9.730497774941451,12
1935742,9.713971602186149,14
1935764,9.486008950046878,22
1935776,9.742382649507745,12
1935781,9.912995977024082,5
1935782,10.0,1
1935800,9.566634805904267,18
1935814,9.684546044282953,14
1935822,9.847762938058969,8
1935835,9.758276407390607,13
1935849,9.68283443640628,14
1935860,9.811918475154533,11
1935871,9.76277860349068,11
1935874,9.972110357280126,3
1935877,9.966191107460553,3
1935881,9.937736009043194,4
1935896,9.66724379874819,15
1935900,9.937337870957,4
1935908,9.833541846081312,8
1935930,9.512520717912311,22
1935940,9.807863695724826,10
1935953,9.694696109704479,13
1935962,9.82172886071529,9
1935974,9.811263353897564,12
1935982,9.834819511421301,8
1935990,9.854253619575573,8
1936000,9.795028127010442,10
1936001,10.0,1
1936002,10.0,1
1936012,9.792119487229105,10
1936018,9.897648202329377,6
1936027,9.798121763907128,9
1936038,9.753287381743528,11
1936044,9.880022056327213,6
1936130,4.4820336110017385,86
1936143,9.737187165252738,13
1936154,9.757659734128667,11
1936179,9.181610520784114,25
1936180,9.988352676382172,1
1936191,9.7774393653288,11
1936205,9.741241084520825,14
1936209,9.942507367744433,4
1936219,9.79729225610514,10
1936234,9.677647115717562,15
1936248,9.7329678894443,14
1936262,9.682379191378448,14
1936271,9.832938546697028,9
1936280,9.85527481701059,9
1936286,9.884851653182213,6
1936287,9.992637664501855,1
1936288,10.0,1
1936303,9.62846696528864,15
1936312,9.83137674873968,9
1936316,9.943761212684594,4
1936327,9.78702345840977,11
1936338,9.75710734342835,11
1936351,9.774781711572816,13
1936403,8.81317563732476,52
1936423,9.588464826524724,20
1936436,9.777679220925323,13
1936452,9.703285631977982,16
1936465,9.753074621095463,13
1936484,9.62897009652369,19
1936491,9.882511494354674,7
1936499,9.877216954994626,8
1936515,9.713936291847261,16
1936522,9.865331301350668,7
1936533,9.781979560565562,11
1936547,9.684424304744539,14
1936553,9.894167705485657,6
1936559,9.871176759176386,6
1936568,9.798626802622932,9
1936583,9.656016610591292,15
1936591,9.863745780023532,8
1936596,9.912696436459205,5
1936606,9.816913035845344,10
1936613,9.876014166423213,7
1936631,9.587515192154617,18
1936635,9.944348259072182,4
1936648,9.694827833222508,13
1936659,9.798204312527618,11
1936670,9.771237950922451,11
1936676,9.88511784318967,6
1936683,9.882584145817784,7
1936695,9.802551838979717,12
1936705,9.787136719870864,10
1936718,9.721367309098428,13
1936729,9.772266895094672,11
1936737,9.838703347943065,8
1936747,9.810657659512234,10
1936758,9.776403110784916,11
1936768,9.78446252549253,10
1936772,9.947728232716758,4
1936788,9.670370956700513,16
1936789,9.993648443307288,1
1936809,9.559378022371193,20
1936822,9.76872937307772,13
1936827,9.938345649510019,5
1936836,9.851296232246437,9
1936843,9.87302318965879,7
1936856,9.719130958018669,13
1936864,9.859478307420423,8
1936872,9.887569176062541,8
1936885,9.639375441252016,13
1936889,9.938778820572736,4
1936895,9.914370080215432,6
1936912,9.413170889281261,17
1936921,9.830680257241758,9
1936923,9.973491335259583,2
1936926,9.965658314090305,3
1936940,9.374926857404697,14
1936941,10.0,1
1936942,10.0,1
1936945,9.9602021375019,3
1936946,9.988755584580568,1
1936953,9.89027165857581,7
1936978,8.674930266870675,25
1936985,9.876616667187731,7
1936991,9.881513345690017,6
1937005,9.69832969777467,14
1937023,9.563600850016464,18
1937031,9.862162041053926,8
1937048,9.616051036176433,17
1937053,9.926756728291535,5
1937062,9.821137689085909,9
1937063,9.996429019757402,1
1937069,9.893593144746037,6
1937076,9.875318232602774,7
1937077,10.0,1
1937081,9.92736015366532,4
1937088,9.880723694454698,7
1937093,9.922900300833522,5
1937105,9.742371720032075,12
1937121,9.675593435094695,16
1937130,9.814773190429712,9
1937145,9.681106281585706,15
1937146,9.988071327841212,1
1937149,9.75820848174448,3
1937158,9.836786792708937,9
1937169,9.799058667191822,11
1937184,9.67229836267461,15
1937190,9.916187262481364,6
1937198,9.849950714785834,8
1937204,9.902942755370752,6
1937213,9.849679467920973,9
1937217,9.944479964611428,4
1937234,9.651799443919833,17
1937244,9.80265035302907,10
1937258,9.702178031898272,14
1937269,9.757719190417474,11
1937286,9.606689130115683,17
1937296,9.832599749784645,10
1937307,9.771363911108685,11
1937316,9.847407520438942,9
1937324,9.840322920700128,8
1937336,9.753009827561481,12
1937344,9.859774318119552,8
1937355,9.801254255766029,11
1937359,9.832252510168678,4
1937363,9.932214924675437,4
1937378,9.686142076824806,15
1937394,9.643329185865117,16
1937411,9.598181646852819,17
1937428,9.632261294720188,17
1937438,9.799718497612302,10
1937447,9.810034996984196,9
1937463,9.509189617891018,16
1937466,9.948068562184883,3
1937469,9.963291655959774,3
1937477,9.8528231431049,8
1937488,9.76374771164605,11
1937498,9.813869841437244,10
1937512,9.709492448036332,14
1937513,10.0,1
1937515,9.970941097550313,2
1937530,9.704261768579975,15
1937531,10.0,1
1937543,9.758904921440614,12
1937548,9.928355425295683,5
1937549,9.995963808456294,1
1937558,9.844204897953611,9
1937562,9.948666496679358,4
1937577,9.534160385936532,15
1937584,9.870354890281611,7
1937590,9.91629684374226,6
1937598,9.868826410499338,8
1937609,9.465909980640827,11
1937618,9.805700835006386,9
1937619,10.0,1
1937629,9.788916253136472,10
1937639,9.784246030653875,10
1937646,9.85706209932888,7
1937654,9.846297890732288,8
1937656,9.969901864109792,2
1937660,9.933003367777337,4
1937663,9.665843862819305,3
1937664,10.0,1
1937673,9.836720640783009,9
1937676,9.751662491055674,3
1937694,9.634849975821089,18
1937705,9.785694046529958,11
1937711,9.904591850180232,6
1937718,9.885156023703448,7
1937722,9.935893112832034,4
1937725,9.948734279296312,3
1937727,9.973700802399494,2
1937753,9.244145726490359,26
1937759,9.883093189674527,6
1937769,9.789306056666828,10
1937770,10.0,1
1937781,9.776436347907394,11
1937787,9.891643252494289,6
1937795,9.873084043060251,8
1937804,9.818244020375836,9
1937817,9.735787908342953,13
1937823,9.8965408100799,6
1937836,9.751030513791823,13
1937846,9.804877320232022,10
1937855,9.832581231287064,9
1937867,9.756101059567861,12
1937875,9.857834140491653,8
1937884,9.801239166225852,9
1937897,9.735280127801085,13
1937901,9.944915527928853,4
1937902,9.996364869252256,1
1937905,9.961965792694643,3
1937921,9.65797769339942,16
1937922,10.0,1
1937927,9.920624504547723,5
1937940,9.716733993931049,13
1937949,9.844708818386078,9
1937963,9.688418744180042,14
1937972,9.792038589891941,9
1937982,9.797053527018239,10
1937996,9.71475365456323,14
1938003,9.878587338140274,7
1938006,9.957835772652238,3
1938016,9.601127785745554,10
1938027,9.738738673801354,11
1938033,9.890852008026897,6
1938044,9.80432400661696,11
1938054,9.789057598221415,10
1938068,9.730813199184007,14
1938080,9.775154184124032,12
1938089,9.814728440248217,9
1938096,9.873241030718171,7
1938103,9.880803052656253,7
1938116,9.715894058023176,13
1938118,9.98050924530676,2
1938129,9.755344498052875,11
1938144,9.593691590062665,15
1938153,9.82550420456167,9
1938160,9.569978569129407,7
1938162,9.984616176777172,2
1938167,9.909363779838621,5
1938187,9.536941001293018,20
1938203,9.670057510172594,16
1938224,9.629792548887584,21
1938231,9.880701209160785,7
1938234,9.956800099595453,3
1938245,9.776165568831187,11
1938260,9.622456880035063,15
1938270,9.807982913387573,10
1938282,9.749005087951014,12
1938302,9.29219476519937,20
1938324,9.471912126757138,22
1938325,10.0,1
1938336,9.800224277751864,11
1938345,9.850545472191442,9
1938352,9.875187777114709,7
1938355,9.955084286325462,3
1938359,9.94187675502782,4
1938366,9.876502063327631,7
1938377,9.758301831089533,11
1938386,9.810684209656932,9
1938399,9.791017325393984,13
1938414,9.737922853714192,15
1938428,9.369130626001922,14
1938443,9.711076682291033,15
1938444,10.0,1
1938457,9.742212938939964,13
1938460,9.957642876854365,3
1938461,10.0,1
1938469,9.827088719163473,8
1938477,9.846581658955767,8
1938490,9.712235919181095,13
1938508,9.598624206822677,18
1938523,9.680560686372344,15
1938532,9.809820361832148,9
1938535,9.958319823572724,3
1938546,9.757011370010272,11
1938565,9.56822658836196,19
1938574,9.837957119993826,9
1938596,9.480832705575343,22
1938610,9.686538855859752,14
1938619,9.784600528693861,9
1938629,9.811464298892131,10
1938638,9.78626624913967,9
1938648,9.804381824175234,10
1938655,9.871477482940705,7
1938662,9.876216683064769,7
1938680,9.667701999402905,18
1938692,9.712027787524338,12
1938695,9.961897091787554,3
1938714,9.5465679322507,19
1938726,9.736155500649113,12
1938730,9.947024060854874,4
1938733,9.96608594398451,3
1938745,9.758669265271653,12
1938755,9.805555526005485,10
1938770,9.681723503313135,15
1938783,9.712600572707558,13
1938793,9.81082725489775,10
1938801,9.8665761103771,8
1938810,9.827752434065097,9
1938828,9.660400338322434,18
1938838,9.811713697562151,10
1938841,9.962210960796124,3
1938842,9.988611042540535,1
1938852,9.797365767408435,10
1938865,9.74239312523858,13
1938870,9.906038631366792,5
1938871,10.0,1
1938872,10.0,1
1938894,9.333779662984975,22
1938896,9.978150558709682,2
1938904,9.859521523057618,8
1938917,9.699911686182409,13
1938928,9.776256034655134,11
1938932,9.958637134733811,4
1938934,9.978774649901915,2
1938944,9.781535271945462,10
1938948,9.929781483912029,4
1938959,9.780178607957502,11
1938970,9.748571282765758,11
1938973,9.962436948420574,3
1938984,9.771551344982718,11
1939007,9.396497676323001,23
1939026,9.585303497543403,19
1939032,9.886647154363642,6
1939046,9.70326999226037,14
1939065,9.179704783866695,19
1939079,9.711768096794675,14
1939091,9.753523252840779,12
1939109,9.592477803096127,18
1939126,9.610960960212509,17
1939141,9.67786954039483,15
1939150,9.80010908846395,9
1939168,9.563186439917546,18
1939173,9.925721265575923,5
1939182,9.796767436140417,9
1939195,9.747343297407147,13
1939197,9.978200751195534,2
1939207,9.789364714832331,10
1939217,9.774732328683614,10
1939229,9.760067778410583,12
1939240,9.779217226043304,11
1939249,9.801431904899328,9
1939261,9.72137850114373,12
1939270,9.810484308318266,9
1939278,9.85365254619721,8
1939291,9.711241337734727,13
1939302,9.762153559068173,11
1939305,9.953255399200431,3
1939310,9.924118404244727,5
1939325,9.679976731277328,15
1939332,9.852736570475752,7
1939338,9.904282919678991,6
1939346,9.862536992475894,8
1939359,9.720509048440098,13
1939364,9.934306441516018,5
1939368,9.957353938931806,4
1939384,9.70392045940127,16
1939393,9.8614346082902,9
1939406,9.6812516982858,13
1939411,9.936654225194793,5
1939503,8.146359079010704,92
1939511,9.840620628142299,8
1939512,10.0,1
1939523,9.771831011462579,11
1939534,9.77828494843055,11
1939551,9.580620418167804,17
1939562,9.765805019461936,11
1939567,9.899942885040609,5
1939575,9.862261364033085,8
1939581,9.890836849255573,6
1939582,10.0,1
1939599,9.60724992457267,17
1939602,9.95740448456569,3
1939610,9.827119331776414,8
1939619,9.823094541863021,9
1939635,9.637320188821134,16
1939644,9.834634645108496,9
1939649,9.932556217812126,5
1939655,9.87139276267589,6
1939661,9.906313748294911,6
1939669,9.832923848858957,8
1939692,9.524920031540496,23
1939693,9.992876945914748,1
1939708,9.661409569014907,15
1939709,10.0,1
1939718,9.619014735754686,9
1939731,9.71362824744033,13
1939741,9.798484696597585,10
1939756,9.644306607072068,15
1939770,9.711138368021647,14
1939781,9.786935911450426,11
1939794,9.739512480332179,13
1939812,9.675112637813521,18
1939821,9.862923649207689,9
1939826,9.928150206203867,5
1939833,9.859680911486283,7
1939847,9.69739414763687,14
1939859,9.536034615522386,12
1939871,9.749084862539288,12
1939884,9.708323546070385,13
1939893,9.793584254756777,9
1939906,9.720337453565692,13
1939929,4.854004978997452,23
1939938,9.832983276649,9
1939946,9.857238496198853,8
1939960,9.717355457881098,14
1939968,9.868123841145481,8
1939974,9.900325005540056,6
1939975,10.0,1
1939988,9.711569171376135,13
1940001,9.702505290751233,13
1940005,9.929348155849228,4
1940006,10.0,1
1940018,9.73524024138643,12
1940032,9.72415596679454,14
1940044,9.723907032376093,12
1940055,9.622553641834937,11
1940070,9.723703587435063,15
1940089,9.372689000249256,19
1940096,9.886232448927261,7
1940104,9.83379636015827,8
1940105,10.0,1
1940108,9.954513295000659,3
1940117,9.8125416794891,9
1940125,9.86134674411508,8
1940129,9.946488586026254,4
1940137,9.845722738371657,8
1940148,9.78691779634392,11
1940153,9.91081396922045,5
1940160,9.86851674329189,7
1940164,9.931381967110683,4
1940180,9.69200858296018,16
1940198,9.594647123903954,18
1940202,9.950539610115118,4
1940213,9.788762389782136,11
1940214,10.0,1
1940223,9.832827531168176,9
1940236,9.669569019538345,13
1940237,9.996430456556691,1
1940242,9.894765791479518,5
1940251,9.820536388115142,9
1940259,9.86907646989461,8
1940264,9.921372027777597,5
1940273,9.793429976838144,9
1940274,10.0,1
1940293,9.189536733347552,19
1940295,9.983934414653847,2
1940303,9.864354010212404,8
1940316,9.713203777016208,13
1940326,9.616311644798037,10
1940338,9.760609410319047,12
1940344,9.904002602839771,6
1940350,9.878376341871524,6
1940351,10.0,1
1940365,9.650630430041616,14
1940368,9.96099023336573,3
1940379,9.79344781579262,11
1940383,9.942396990640088,4
1940392,9.820001836223621,9
1940410,9.62777695961089,18
1940419,9.847432184347763,9
1940428,9.810374161511717,9
1940429,10.0,1
1940434,9.932249476239429,5
1940440,9.89253584610725,6
1940446,9.914827834849449,6
1940460,9.666869647895414,14
1940466,9.904614540260827,6
1940467,9.996614096973728,1
1940473,9.875917908822919,6
1940490,9.617683541873554,17
1940503,9.773243684893496,13
1940506,9.960727638536872,3
1940511,9.915271634248205,5
1940519,9.835291642602494,8
1940520,10.0,1
1940530,9.775564296146715,10
1940547,9.676073748640817,17
1940551,9.93776423019323,4
1940554,9.964991204625239,3
1940560,9.89478528777426,6
1940583,9.545204467083549,23
1940590,9.883095175439063,7
1940597,9.881363329121488,7
1940603,9.881884805124,6
1940609,9.894659370888371,6
1940610,10.0,1
1940612,9.971328088125668,2
1940614,9.972284088454515,2
1940615,10.0,1
1940627,9.776410083234927,12
1940636,9.832108904869058,9
1940637,9.98769332166635,1
1940642,9.92086340391976,5
1940651,9.819960850953251,9
1940698,9.132583052527071,47
1940703,9.92959397035399,5
1940715,9.727513622044583,12
1940737,9.624632152840416,22
1940748,9.787289053761114,11
1940752,9.931691073909708,4
1940762,9.82138785171109,10
1940766,9.94278089418068,4
1940776,9.803812075869882,10
1940781,9.915903729821117,5
1940796,9.688086178260221,15
1940798,9.973688247909203,2
1940812,9.665678343785778,14
1940816,9.932102212989413,4
1940824,9.857303385667862,8
1940832,9.835753433077114,8
1940833,9.992648630893171,1
1940834,10.0,1
1940841,9.876736085318095,7
1940844,9.946235671073014,3
1940855,9.741135825321567,11
1940865,9.780162588318994,10
1940874,9.822221527893289,9
1940879,9.899617612306324,5
1940884,9.910197566321063,5
1940894,9.800098873884684,10
1940905,9.761207875996314,11
1940936,9.372976998533144,31
1940945,9.796364286276761,9
1940952,9.868056402955647,7
1940955,9.965441269093544,3
1940961,9.899080330268859,6
1940964,9.863661661408626,3
1940977,9.730399841025275,13
1940981,9.931836037518314,4
1940992,9.773175299161318,11
1940996,9.926497467959347,4
1941017,9.625686205048257,21
1941031,9.695936462351604,14
1941041,9.791807586777317,10
1941053,9.73545585722443,12
1941059,9.890743055090924,6
1941062,9.961049783062638,3
1941063,10.0,1
1941067,9.942718931147644,4
1941075,9.84612034175046,8
1941081,9.901952046568761,6
1941092,9.752706904982785,11
1941101,9.802720028435791,9
1941104,9.954249129691659,3
1941112,9.845120189628624,8
1941122,9.789147608245512,10
1941140,9.57611484121429,18
1941159,9.656575145833663,19
1941170,9.76870827297261,11
1941175,9.914670722486093,5
1941192,9.667569747385631,17
1941204,9.63690074998519,12
1941217,9.692272538305827,13
1941229,9.698338010568166,12
1941236,9.851636326367885,7
1941265,9.272418459001505,29
1941274,9.819198911556807,9
1941279,9.923741765641896,5
1941287,9.859896813779258,8
1941298,9.75004384372941,11
1941302,9.945546319737208,4
1941319,9.634646794556579,17
1941320,10.0,1
1941332,9.744319341369128,12
1941333,9.99628273013971,1
1941335,9.972986548104837,2
1941352,9.68375639933056,17
1941368,9.60870473047144,16
1941385,9.204332298685397,17
1941387,9.97466145714318,2
1941404,9.589227389483575,17
1941418,9.69154499922994,14
1941441,9.464341680717812,23
1941551,5.395955541371781,110
1941571,9.434126420924995,20
1941580,9.853655350733106,9
1941588,9.825517675004301,8
1941596,9.842791055957434,8
1941601,9.921922532580654,5
1941605,9.941610527166393,4
1941610,9.927139303715169,5
1941614,9.935031510834742,4
1941621,9.88836301129278,7
1941633,9.78336914196757,12
1941647,9.693926919747177,14
1941653,9.885697860561866,6
1941675,9.44098316738622,22
1941680,9.926101650263567,5
1941684,9.938900269823659,4
1941686,9.979205666084052,2
1941721,9.248649946426923,35
1941725,9.944139979179049,4
1941734,9.82461523316281,9
1941738,9.920621753681171,4
1941752,9.706733256352654,14
1941753,10.0,1
1941757,9.934905388217969,4
1941771,9.705259345822562,14
1941772,9.996017673010403,1
1941773,9.99634831868784,1
1941785,9.717043645403605,12
1941800,9.670322110680294,15
1941805,9.919085408949165,5
1941821,9.671472906984766,16
1941832,9.770948228267782,11
1941834,9.974217665832473,2
1941835,10.0,1
1941848,9.752846362289183,13
1941856,9.860523909429357,8
1941867,9.578386611459806,11
1941874,9.855723351861997,7
1941883,9.8413432702422,9
1941896,9.751809367097197,13
1941905,9.806578124405906,9
1941918,9.740259058924295,13
1941925,9.871713482317217,7
1941934,9.734739860671013,9
1941949,9.676732386431707,15
1941960,9.778291253196329,11
1941971,9.753334278535743,11
1941981,9.8137025405307,10
1941990,9.808816830530425,9
1941996,9.872015984806819,6
1941998,9.9730869025951,2
1942000,9.980533926251464,2
1942011,9.764922551410132,11
1942019,9.868053539394687,8
1942030,9.769561285691793,11
1942040,9.784858014015107,10
1942051,9.75739820375455,11
1942061,9.776386564438559,10
1942062,10.0,1
1942074,9.775499648760322,12
1942081,9.869442074183839,7
1942086,9.909873579970254,5
1942104,9.541346407135341,18
1942120,9.536349156272324,16
1942131,9.754808546126657,11
1942142,9.737706709289352,11
1942143,10.0,1
1942150,9.869056883125346,7
1942155,9.927910225308914,5
1942184,9.583863279893052,29
1942196,9.722298348219347,12
1942208,9.64559573371359,12
1942214,9.890739186245687,6
1942215,10.0,1
1942216,9.987777055551122,1
1942226,9.768808163250867,10
1942227,10.0,1
1942243,9.641137417880088,16
1942254,9.764093556048595,11
1942261,9.867511956342366,7
1942274,9.705178479893519,13
1942283,9.819598572288676,9
1942287,9.93168143880554,4
1942293,9.88622165008224,6
1942303,9.821542463712449,10
1942309,9.89037847214493,6
1942317,9.837063588965787,8
1942332,9.653384905269677,15
1942337,9.917415193002704,5
1942338,9.992873021845664,1
1942345,9.866831035566074,7
1942358,9.725494230912567,13
1942365,9.879853522683359,7
1942374,9.822645718886848,9
1942384,9.791872658879797,10
1942394,9.79550089676869,10
1942403,9.811255485679196,9
1942421,9.442552702499716,18
1942427,9.893073748421061,6
1942435,9.749464937085143,8
1942448,9.705227769529417,13
1942458,9.797415275107307,10
1942471,9.702140312361701,13
1942472,9.992080190303174,1
1942478,9.874169966635206,6
1942482,9.942842545109855,4
1942489,9.883848469717849,7
1942502,9.653430988472548,13
1942509,9.854015390269867,7
1942526,9.613999116946857,17
1942538,9.766599996589933,12
1942553,9.668288317835403,15
1942565,9.734487981501758,12
1942572,9.47159766056485,7
1942573,10.0,1
1942588,9.641367583963534,15
1942592,9.925248153953929,4
1942615,8.947602308172288,23
1942618,9.966335419785631,3
1942625,9.877027638199595,7
1942634,9.83453562264464,9
1942635,10.0,1
1942648,9.520567887823235,13
1942661,9.74408102952484,13
1942685,8.647732887489811,24
1942694,9.80803502583605,9
1942705,9.743580063476024,11
1942714,9.836644945501137,9
1942728,9.723717841767094,14
1942729,9.99318424522792,1
1942739,9.794554875464511,10
1942750,9.785048145329473,11
1942754,9.940409492784706,4
1942770,9.686149835821652,16
1942784,9.688458031494473,14
1942792,9.841112334034044,8
1942801,9.809786268270585,9
1942802,10.0,1
1942806,9.94799799301895,4
1942807,10.0,1
1942820,9.744477541219956,13
1942831,9.789129262654809,11
1942832,10.0,1
1942840,9.872744889729907,8
1942841,10.0,1
1942858,9.66107236797592,17
1942871,9.722609196745148,13
1942882,9.80234248593313,11
1942883,10.0,1
1942900,9.581488438068428,17
1942923,9.580475402758305,23
1942939,9.72439856613174,16
1942960,9.547531534533261,21
1942963,9.953651539404436,3
1942975,9.729616655156757,12
1942991,9.626692760795246,16
1943004,9.701277435047857,13
1943019,9.66868612185972,15
1943020,9.989272194038046,1
1943025,9.908672164480866,5
1943047,9.53316059105644,22
1943058,9.774945027205874,11
1943059,10.0,1
1943074,9.644350897932862,15
1943082,9.845637324034241,8
1943086,9.931889922593344,4
1943097,9.754289882950399,11
1943101,9.923653142489897,4
1943104,9.958416948500975,3
1943124,9.572354483375545,20
1943125,9.993276344153724,1
1943141,9.61485536632975,16
1943153,9.73626812992847,12
1943168,9.704080261686013,15
1943172,9.944638517170274,4
1943179,9.852898431795815,7
1943210,9.160796775795426,31
1943226,9.540873591431621,16
1943241,9.051505240122586,15
1943252,9.780264147157803,11
1943258,9.903906833689575,6
1943259,10.0,1
1943262,9.973358169987922,3
1943264,9.973987291585708,2
1943270,9.906304810708223,6
1943286,9.65522628036587,16
1943297,9.793051947171667,11
1943298,10.0,1
1943315,9.54738225739356,17
1943328,9.762577299523528,13
1943334,9.906932727526632,6
1943341,9.876834253547159,7
1943348,9.685191828791346,7
1943362,9.699210181701808,14
1943368,9.912347623692929,6
1943384,9.684669192283955,16
1943395,9.75893659736591,11
1943407,9.745092268698697,12
1943413,9.90985060244149,6
1943418,9.931301616235423,5
1943424,9.869319308934957,6
1943438,9.728767425100111,14
1943451,9.706620048902467,13
1943460,9.837645141430365,9
1943468,9.818070250362933,8
1943481,9.71276833796623,13
1943511,9.242368491259377,30
1943525,9.668279171678543,14
1943534,9.80853321171851,9
1943535,10.0,1
1943540,9.905475272111241,5
1943555,9.698968635131205,15
1943559,9.942080214721182,4
1943560,10.0,1
1943563,9.951808821182267,3
1943565,9.979367710580581,2
1943575,9.78636605712978,10
1943576,9.988778766643224,1
1943579,9.959017375752097,3
1943591,9.747283539419566,12
1943599,9.861157848578365,8
1943612,9.684472274191421,13
1943619,9.88911332753906,7
1943631,9.732319745562666,12
1943644,9.747060244683933,13
1943658,9.735056390924495,14
1943666,9.657836667513207,8
1943670,9.946189767610099,4
1943687,9.608351740608867,17
1943693,9.90718424240261,6
1943700,9.895601085041656,7
1943708,9.849784279851164,8
1943718,9.794173881101148,10
1943731,9.72605267182006,13
1943738,9.893973321587804,7
1943743,9.920956113282973,5
1943759,9.641181673800089,16
1943771,9.568271878932308,12
1943774,9.95781207366679,3
1943783,9.841861278877905,9
1943789,9.912576203607387,6
1943794,9.922635403587888,5
1943804,9.79653860857574,10
1943813,9.827222832225898,9
1943828,9.66398248759987,15
1943835,9.655942809056834,7
1943849,9.710125742071762,14
1943856,9.890378350639706,7
1943865,9.824522942451853,9
1943868,9.957207848943982,3
1943883,9.638591229473656,15
1943892,9.8620087804496,9
1943893,10.0,1
1943898,9.91520078120102,5
1943911,9.722256292305882,13
1943922,9.76644499393453,11
1943967,8.695686236051019,45
1943980,9.730225806118865,13
1943991,9.81259733303343,11
1944009,9.563128771883349,18
1944021,9.750070573392259,12
1944036,9.622492496177616,15
1944037,10.0,1
1944041,9.948357372594495,4
1944047,9.79973017761649,6
1944055,9.849194321114968,8
1944063,9.86202397033464,8
1944071,9.83682179035216,8
1944083,9.752015835098765,12
1944096,9.699911222615068,13
1944101,9.926724478272469,5
1944106,9.913985479240987,5
1944113,9.87662010206625,7
1944122,9.825258005034133,9
1944131,9.830414622096672,9
1944140,9.826222956814691,9
1944152,9.749908823187187,12
1944166,9.695846822482768,14
1944178,9.706968697356148,12
1944191,9.712360670411766,13
1944206,9.697920337775438,15
1944219,9.73590267355887,13
1944221,9.971137864846941,2
1944239,9.597758403417979,18
1944240,10.0,1
1944244,9.938577126784384,4
1944260,9.599886419696883,16
1944323,7.878523844132376,63
1944328,9.908420050939684,5
1944331,9.958770030979824,3
1944347,9.665767094146997,16
1944360,9.699001147741296,13
1944364,9.93381341602935,4
1944377,9.740055220188177,13
1944386,9.827740146569251,9
1944401,9.674852231113537,15
1944404,9.963953875916447,3
1944409,9.907194790856654,5
1944436,9.408924211778109,27
1944449,9.612847503603763,13
1944450,10.0,1
1944455,9.916830247725047,5
1944470,9.639789152359683,15
1944476,9.896576367703146,6
1944486,9.775776428847214,10
1944499,9.80804916995218,13
1944511,9.751274156595477,12
1944512,10.0,1
1944518,9.901792284512489,6
1944530,9.719969317980663,12
1944531,10.0,1
1944541,9.815452528149642,10
1944550,9.834376285334866,9
1944569,9.698818864303844,19
1944587,9.549769794799966,18
1944602,9.658871121314831,15
1944623,9.493704962392679,21
1944637,9.682527467433298,14
1944654,9.3152431719055,17
1944662,9.856777191666103,8
1944666,9.946574844065578,4
1944679,9.719894475799887,13
1944687,9.84875782949649,8
1944688,10.0,1
1944689,10.0,1
1944692,9.95212055026626,3
1944697,9.921426339570754,5
1944708,9.776696469300306,11
1944721,9.691892768883452,13
1944735,9.713154857927968,14
1944740,9.908840675997084,5
1944752,9.748960040222617,12
1944758,9.899345090990147,6
1944763,9.910819725367972,5
1944771,9.853615699593485,8
1944780,9.839422627454747,9
1944793,9.729662942674494,13
1944804,9.774817063172966,11
1944814,9.785668069249601,10
1944824,9.7980669588024,10
1944847,9.491123204271613,23
1944856,9.827597413489888,9
1944866,9.810432737604877,10
1944876,9.786451927466283,10
1944890,9.580586357671635,14
1944894,9.94698551330193,4
1944905,9.801927889556845,11
1944914,9.859385278340383,9
1944923,9.837693819668464,9
1944934,9.810180075136394,11
1945024,6.8732351816054225,90
1945032,9.669738342350108,8
1945040,9.853185616173624,8
1945041,10.0,1
1945053,9.746092527984718,12
1945060,9.885148820211178,7
1945072,9.789540645015997,12
1945077,9.91799060041385,5
1945088,9.776069891353176,11
1945095,9.884668066930983,7
1945098,9.968712956116018,3
1945110,9.73898956068535,12
1945120,9.809334412470802,10
1945121,10.0,1
1945135,9.685787638410421,14
1945198,8.180026713817158,63
1945207,9.825915066335881,9
1945220,9.693126483278133,13
1945225,9.905552248303332,5
1945236,9.78307297414117,11
1945238,9.9770811986587,2
1945245,9.866001737154008,7
1945247,9.978385331473214,2
1945256,9.81249600990233,9
1945270,9.710584672232308,14
1945280,9.79596515832175,10
1945292,9.716283953350597,12
1945300,9.829190773793115,8
1945301,10.0,1
1945302,10.0,1
1945314,9.75610288226245,12
1945320,9.901189342182956,6
1945342,9.590025646721244,22
1945346,9.950639192597103,4
1945349,9.96353558091967,3
1945357,9.859297817767356,8
1945368,9.772464977460494,11
1945375,9.90352948151902,7
1945382,9.882351130390743,7
1945395,9.709507998624474,13
1945398,9.96181324538254,3
1945413,9.662912850110246,15
1945414,10.0,1
1945419,9.907521074086386,5
1945428,9.86022362391306,9
1945433,9.922281599817165,5
1945438,9.905754734355364,5
1945448,9.81506838096757,10
1945463,9.653753508008966,15
1945479,9.691115811770253,16
1945491,9.74106771870456,12
1945502,9.790726111007757,11
1945508,9.889434362219701,6
1945518,9.805331473459566,10
1945522,9.950252577281036,4
1945529,9.884335997485156,7
1945539,9.77884629739878,10
1945544,9.917152798654906,5
1945551,9.886552538325356,7
1945561,9.771920218974428,10
1945572,9.780597408877087,11
1945580,9.835524417923452,8
1945587,9.894712426239328,7
1945598,9.780087174517115,11
1945607,9.800657021957264,9
1945611,9.94391931547959,4
1945612,9.996009420523446,1
1945621,9.842401685217474,9
1945628,9.861258293086594,7
1945629,9.996581167223669,1
1945651,8.730330587217466,22
1945654,9.962860226525416,3
1945663,9.859375952672268,9
1945673,9.805169712066634,10
1945683,9.782652761816447,10
1945687,9.94722952671888,4
1945699,9.713265013326247,12
1945716,9.612177243186434,17
1945730,9.682909637134191,14
1945731,10.0,1
1945743,9.770483138839907,12
1945755,9.797037040335123,12
1945762,9.873353894156368,7
1945764,9.982010086167335,2
1945776,9.758022162438271,12
1945786,9.825989198753776,10
1945798,9.746625130225825,12
1945827,9.327774606084606,29
1945836,9.828611992152107,9
1945845,9.813496016017735,9
1945856,9.762779409649085,11
1945869,9.743569036347846,13
1945879,9.786617289209493,10
1945893,9.531824470492811,14
1945908,9.649403377385777,15
1945925,9.60962924180106,17
1945931,9.88506439572792,6
1945934,9.94784823701026,3
1945939,9.90442201729012,5
1945958,9.603887728528841,19
1945959,10.0,1
1945971,9.733876629748437,12
1945980,9.814423452258982,9
1945998,9.652002291434972,18
1945999,10.0,1
1946004,9.924987528995976,5
1946013,9.806213329361505,9
1946031,9.642741368891155,18
1946044,9.750105360927336,13
1946059,9.685700468810932,15
1946065,9.885600653993597,6
1946078,9.692356055465696,13
1946085,9.882593207799138,7
1946103,9.588504777856137,18
1946112,9.850238524829084,9
1946113,10.0,1
1946116,9.965310288228219,3
1946120,9.948337228590521,4
1946135,9.67807969597759,15
1946136,9.98943876039326,1
1946137,9.993405966673677,1
1946142,9.923251716018605,5
1946159,9.646823391225258,17
1946160,10.0,1
1946165,9.920830309596186,5
1946174,9.831086170062472,9
1946188,9.724453872879403,14
1946200,9.750750822261487,12
1946214,9.715779341962085,14
1946215,10.0,1
1946216,10.0,1
1946230,9.678773009635472,14
1946237,9.862089683506923,7
1946245,9.868823685945658,8
1946259,9.742440429695169,14
1946274,9.666654990141529,15
1946283,9.83805032234288,9
1946288,9.91228735100398,5
1946291,9.95761827957279,3
1946304,9.76934858893542,13
1946312,9.863108720249377,8
1946343,9.327662104803458,31
1946352,9.84627600306653,9
1946368,9.680813218803987,16
1946369,10.0,1
1946394,9.482995222097669,25
1946395,10.0,1
1946422,9.432639918822238,27
1946432,9.796758844968013,10
1946441,9.855422474277344,9
1946450,9.820256510131383,9
1946463,9.717322874683225,13
1946470,9.860364284535297,7
1946474,9.948268269880577,4
1946526,7.724254296957152,52
1946532,9.889139238393518,6
1946540,9.84078545143143,8
1946544,9.925787652194803,4
1946549,9.91648624768274,5
1946564,9.644956977733006,15
1946571,9.881581657009491,7
1946578,9.868114038405603,7
1946597,9.603102005685155,19
1946606,9.823011087947322,9
1946611,9.912785036656109,5
1946628,9.585413581106103,17
1946636,9.83174815411971,8
1946649,9.745439462011282,13
1946668,9.580582913546465,19
1946802,3.6226199663271617,134
1946811,9.614151304002243,9
1946826,9.581816272371938,15
1946831,9.901980824931114,5
1946848,9.6012366374602,17
1946852,9.952988407099413,4
1946865,9.704701763139953,13
1946869,9.934987666214676,4
1946877,9.85436815648798,8
1946885,9.864645042722108,8
1946897,9.766403955671766,12
1946902,9.925565384831478,5
1946909,9.862102839206152,7
1946914,9.908519831253825,5
1946926,9.721369870986567,12
1946938,9.769389935180362,12
1946946,9.85768137914352,8
1946948,9.971832792086168,2
1946952,9.92741449665642,4
1946971,9.575634217116907,19
1946977,9.868888190370086,6
1946985,9.837469078259955,8
1947001,9.632058219040276,16
1947010,9.828318667950413,9
1947017,9.894881759309625,7
1947024,9.882819152171994,7
1947027,9.955680151082703,3
1947037,9.772590988108577,10
1947048,9.77077084375331,11
1947052,9.931929880209657,4
1947063,9.762765983394994,11
1947066,9.950833083453073,3
1947078,9.771993578152674,12
1947087,9.810840249785786,9
1947090,9.958877032808635,3
1947105,9.68624734747223,15
1947108,9.969626170344913,3
1947120,9.741764972768598,12
1947123,9.951654480493849,3
1947137,9.674138435112113,14
1947148,9.765049064004248,11
1947156,9.835385045463392,8
1947168,9.769245728350302,12
1947176,9.84806507308004,8
1947180,9.957273267480275,4
1947189,9.823024670949493,9
1947202,9.736446506969306,13
1947210,9.851843453412632,8
1947221,9.74276265423602,11
1947224,9.960120707749319,3
1947240,9.664207124482752,16
1947255,9.640962781368218,15
1947267,9.74173322164349,12
1947282,9.724110159968454,15
1947285,9.951884196499151,3
1947308,9.327386743475023,23
1947313,9.898175073571988,5
1947320,9.893026151946772,7
1947330,9.811557427836092,10
1947336,9.88748315860464,6
1947351,9.622607222737088,15
1947353,9.981965073838545,2
1947360,9.886684798786403,7
1947367,9.872453651406358,7
1947368,9.995814834245666,1
1947384,9.652683132535874,16
1947392,9.834680313836033,8
1947398,9.895030366325235,6
1947404,9.897191368064746,6
1947411,9.866396225569606,7
1947412,10.0,1
1947413,9.99201582453626,1
1947424,9.781736440520678,11
1947439,9.650725065768096,15
1947443,9.935210342216745,4
1947449,9.908399642294567,6
1947454,9.90557656205484,5
1947464,9.805688987584315,10
1947474,9.829107233567505,10
1947477,9.94721333992548,3
1947485,9.873271399971777,8
1947492,9.850808340866683,7
1947501,9.826054696192777,9
1947504,9.962269367957537,3
1947518,9.697602490141481,14
1947532,9.698713082632413,14
1947536,9.942226415078187,4
1947546,9.798949684588758,10
1947554,9.84316115583491,8
1947594,9.186859717777022,40
1947606,9.718538009316925,12
1947618,9.73616714142685,12
1947619,10.0,1
1947627,9.845418801602442,8
1947628,10.0,1
1947636,9.835655672711518,8
1947638,9.98359252850373,2
1947647,9.852198414748665,9
1947667,9.173249677851873,20
1947676,9.810947909348542,9
1947677,10.0,1
1947690,9.714963676834653,13
1947698,9.854199201740428,8
1947703,9.917680742431255,5
1947704,10.0,1
1947717,9.686914580961206,13
1947724,9.862844208221945,7
1947741,9.630876237918567,17
1947749,9.8531930218027,8
1947752,9.960851891324742,3
1947756,9.923838492209455,4
1947763,9.863088739938396,7
1947769,9.887900920796785,6
1947777,9.847284323531003,8
1947784,9.849978950336087,7
1947788,9.941654176066818,4
1947797,9.803625016448128,9
1947812,9.734297984367913,15
1947833,9.563346134449377,21
1947835,9.983448785572019,2
1947843,9.839901360680496,8
1947845,9.976453597484342,2
1947846,10.0,1
1947852,9.914754379439655,6
1947858,9.780522802155048,6
1947874,9.654253091993265,16
1947882,9.863804252925474,8
1947887,9.905797346691115,5
1947898,9.793529472471521,11
1947902,9.932840107093485,4
1947903,10.0,1
1947904,10.0,1
1947979,-10.479361564344575,75
1947984,9.914623759658056,5
1947989,9.917993823553164,5
1948005,9.616268249595965,16
1948012,9.8751499806407,7
1948018,9.894461492496639,6
1948027,9.815900769302381,9
1948040,9.70447617211964,13
1948045,9.919411648341118,5
1948048,9.968107534890581,3
1948056,9.860688991592697,8
1948073,9.502387605404655,17
1948092,9.575337358346319,19
1948114,9.421610282662426,22
1948115,10.0,1
1948127,9.762674448747608,12
1948128,10.0,1
1948139,9.753553931251055,11
1948154,9.68046061201644,15
1948162,9.851868711119602,8
1948171,9.802630784433957,9
1948193,9.544678716413761,22
1948199,9.902401019826957,6
1948206,9.874954082066974,7
1948220,9.670250387067425,14
1948227,9.876268091965311,7
1948238,9.762981494852419,11
1948249,9.754858617332118,11
1948258,9.831389340168235,9
1948553,3.394767102002638,295
1948565,9.724094541904932,12
1948576,9.653559403359298,11
1948587,9.754069161543672,11
1948595,9.855366962558996,8
1948613,9.582672960129862,18
1948626,9.72308209007878,13
1948639,9.749041718345792,13
1948655,9.647347593953754,16
1948666,9.754397755895015,11
1948668,9.968925028467481,2
1948673,9.908983191639493,5
1948687,9.7081732383269,14
1948694,9.852366410729521,7
1948707,9.735587716340182,13
1948713,9.90966517549862,6
1948720,9.854905490425224,7
1948731,9.777468075725583,11
1948746,9.654899821466245,15
1948762,9.658254089120087,16
1948774,9.724902571682309,12
1948781,9.863889502439145,7
1948794,9.713863201996542,13
1948804,9.835470605146769,10
1948814,9.793069719515422,10
1948819,9.921122338896536,5
1948826,9.849793533944588,7
1948835,9.809570076075302,9
1948844,9.800579801757367,9
1948855,9.814860744430696,11
1948856,10.0,1
1948868,9.755860621701492,12
1948873,9.906547080643584,5
1948885,9.752870551726827,12
1948890,9.9183182134456,5
1948891,9.992274300849047,1
1948898,9.866331203709855,7
1948907,9.817109412522614,9
1948913,9.891872121801638,6
1948914,9.996577293855431,1
1948918,9.919357888091502,4
1948926,9.843758173718586,8
1948938,9.805472434549277,12
1948950,9.742878168253602,12
1948955,9.91897948057099,5
1948960,9.912935689213109,5
1948970,9.80750533144349,10
1948974,9.931464749566313,4
1948977,9.961923195359367,3
1948994,9.652378211201878,17
1949012,9.621638765760764,18
1949025,9.698939630685581,13
1949030,9.921970845288811,5
1949043,9.700818152744088,13
1949048,9.91456680007874,5
1949057,9.840327656249084,9
1949062,9.929119613330343,5
1949077,9.676342082336005,15
1949080,9.958189253287044,3
1949088,9.856896026103085,8
1949097,9.811294828977415,9
1949108,9.78792388803753,11
1949121,9.71868766642016,13
1949141,9.604153955198555,20
1949148,9.888655075669025,7
1949164,9.635707062563029,16
1949167,9.960514095768785,3
1949180,9.756298613561327,13
1949207,9.23207913157874,27
1949219,9.737057296825647,12
1949232,9.767353428342606,13
1949239,9.859709385064377,7
1949247,9.856437352111168,8
1949258,9.809456918665926,11
1949265,9.864077155556116,7
1949268,9.954047967345296,3
1949277,9.817193413777103,9
1949283,9.88932624937484,6
1949293,9.80423495683988,10
1949297,9.947278517690876,4
1949313,9.691318717110189,16
1949325,9.722368425516011,12
1949332,9.87148200114143,7
1949354,9.525422385020162,22
1949373,9.5445972635237,19
1949374,10.0,1
1949383,9.818255476145746,9
1949400,9.594907956976444,17
1949417,9.507439734177568,17
1949419,9.986396958562567,2
1949434,9.643405605675941,15
1949450,9.696158950218587,16
1949464,9.78848149846806,14
1949472,9.835749007349246,8
1949490,9.57380884564998,18
1949500,9.763452726566802,10
1949507,9.871258840737779,7
1949510,9.958174303057877,3
1949520,9.776463413982128,10
1949533,9.755014844627018,13
1949541,9.81474481586092,8
1949550,9.838791791210191,9
1949551,10.0,1
1949555,9.938706812082671,4
1949563,9.866092504348712,8
1949576,9.596770919031698,13
1949581,9.935297878932259,5
1949583,9.979531714614017,2
1949590,9.878811422773435,7
1949606,9.671608943603692,16
1949613,9.863790077785152,7
1949627,9.68017325295389,14
1949628,10.0,1
1949639,9.664303491062508,11
1949655,9.627324430758923,16
1949661,9.89526818090607,6
1949674,9.679616746446563,13
1949680,9.913769272459081,6
1949687,9.863743310962072,7
1949700,9.728395782048347,13
1949708,9.84198741080008,8
1949714,9.904008499950317,6
1949715,10.0,1
1949727,9.729904197826691,12
1949735,9.83428642246858,8
1949749,9.675667479384286,14
1949764,9.703782761306043,15
1949774,9.777277243676645,10
1949780,9.879085209820834,6
1949781,10.0,1
1949794,9.71954265552381,13
1949796,9.973633618113013,2
1949810,9.69643184316945,14
1949821,9.779911535400936,11
1949823,9.975745981404867,2
1949829,9.908211182228197,6
1949840,9.773823848015521,11
1949851,9.754566138221497,11
1949860,9.844924367515999,9
1949877,9.625285772600316,17
1949896,9.606064119871874,19
1949901,9.91101207608,5
1949922,9.504309278917036,21
1949923,10.0,1
1949941,9.627456655686611,18
1949956,9.665099118284369,15
1949980,9.516139459798765,24
1949987,9.903548926464488,7
1949996,9.844033274616905,9
1950014,9.680553186639248,18
1950031,9.625984684526825,17
1950042,9.786725819885547,11
1950055,9.73548778864945,13
1950064,9.792454252830417,9
1950075,9.751103093978651,11
1950078,9.957357895328904,3
1950087,9.843529061097932,9
1950098,9.377186846196098,11
1950106,9.851924747999242,8
1950113,9.890397255572637,7
1950130,9.65839703494098,17
1950139,9.823140488564416,9
1950149,9.814885014626228,10
1950155,9.892484790048275,6
1950156,10.0,1
1950164,9.827954291891524,8
1950170,9.895461159417794,6
1950184,9.695617610397933,14
1950187,9.960352384822182,3
1950192,9.918964575498746,5
1950200,9.843960845333129,8
1950206,9.88558240214861,6
1950217,9.747064359920245,11
1950222,9.924835717863255,5
1950237,9.66897378800995,15
1950261,9.497202246376018,24
1950279,9.46482882452168,18
1950280,9.98853131581412,1
1950295,9.630763074911986,15
1950309,9.722671980043412,14
1950316,9.86548436399333,7
1950333,9.586285024516272,17
1950337,9.939623984335311,4
1950341,9.927775471672705,4
1950353,9.745051251976545,12
1950367,9.741503673650383,14
1950368,10.0,1
1950380,9.627356618262418,12
1950381,9.996634759632242,1
1950390,9.828357624399594,9
1950396,9.913179139518387,6
1950406,9.79779521299999,10
1950413,9.857549887549835,7
1950414,10.0,1
1950428,9.742168379671359,14
1950468,9.023373921412663,40
1950470,9.969115045834489,2
1950476,9.912659057211878,6
1950477,10.0,1
1950496,8.460408686144808,19
1950510,9.74671927329586,14
1950520,9.832338515363194,10
1950521,10.0,1
1950527,9.918183406549552,6
1950528,10.0,1
1950544,9.677554955834196,16
1950564,9.509087605875898,20
1950568,9.938150966968157,4
1950573,9.916825010506907,5
1950584,9.766253749749886,11
1950588,9.942691179528772,4
1950604,9.640450294278923,16
1950616,9.742721181500816,12
1950630,9.722091814070513,14
1950637,9.878527150044226,7
1950645,9.841300964413467,8
1950649,9.938124173610989,4
1950662,9.733346005729556,13
1950677,9.679742127743229,15
1950690,9.728046392637754,13
1950702,9.782372517077121,12
1950715,9.73181775566462,13
1950723,9.862321432621247,8
1950735,9.72438560375217,12
1950736,10.0,1
1950746,9.813850218280729,10
1950750,9.94692575539283,4
1950759,9.814973312872098,9
1950769,9.781773844000423,10
1950778,9.810582725719586,9
1950790,9.741697183030968,12
1950802,9.748751071925666,12
1950804,9.972492441119378,2
1950818,9.71837916476137,14
1950833,9.686957657774656,15
1950842,9.83397367320024,9
1950845,9.95168389041361,3
1950846,10.0,1
1950861,9.65736326985039,15
1950862,10.0,1
1950872,9.800567745876014,10
1950876,9.94373251721056,4
1950882,9.919704613418672,6
1950886,9.95124962785074,4
1950891,9.923404949202013,5
1950906,9.679918797426835,15
1950913,9.87815196560477,7
1950923,9.799483144252378,10
1950926,9.971281778716996,3
1950928,9.971900728318323,2
1950936,9.81711379424155,8
1950950,9.694044354429515,14
1950957,9.860864957838839,7
1950961,9.954289820915353,4
1950970,9.82984687316076,9
1950974,9.947003487756392,4
1950978,9.93485961004539,4
1950994,9.636778933923372,16
1951015,9.571226321176301,21
1951018,9.96587887346702,3
1951030,9.728357798838912,12
1951036,9.90181181735001,6
1951041,9.932911713343424,5
1951050,9.802601340177562,9
1951065,9.665933145587857,15
1951075,9.821224454939289,10
1951077,9.982526159522903,2
1951108,9.229996996962234,31
1951130,9.511714192221389,22
1951142,9.748387642439724,12
1951153,9.779025275183317,11
1951162,9.84460029382643,9
1951173,9.78422467393651,11
1951182,9.716101144698206,9
1951195,9.70052543854969,13
1951209,9.665677264771029,14
1951222,9.707886149494596,13
1951234,9.645758611093783,12
1951247,9.703297576662836,13
1951254,9.855090249771656,7
1951270,9.689665215229951,16
1951279,9.824791856169725,9
1951286,9.878245439961463,7
1951287,9.988949361321996,1
1951291,9.942931722857463,4
1951309,9.533354848833278,18
1951321,9.732100313767113,12
1951330,9.81302690295419,9
1951345,9.670192599635326,15
1951355,9.789333870507964,10
1951368,9.720319945011587,13
1951375,9.890931632936192,7
1951379,9.950239392626921,4
1951387,9.86385327367167,8
1951392,9.920627730670116,5
1951404,9.642851725346771,12
1951415,9.753832195285636,11
1951423,9.842736942243317,8
1951437,9.689107311925078,14
1951456,9.585136408738668,19
1951460,9.948141208055665,4
1951467,9.874701018225982,7
1951475,9.846697845466476,8
1951490,9.713683603628738,15
1951494,9.92770779401244,4
1951498,9.945569511091701,4
1951508,9.79199491642172,10
1951539,4.496161391765935,31
1951540,10.0,1
1951545,9.922125054666955,5
1951559,9.695729333125339,14
1951579,9.577228361228856,20
1951592,9.732940962874531,13
1951601,9.858860476163025,9
1951610,9.79544939374506,9
1951617,9.887846128305112,7
1951619,9.978855354882349,2
1951626,9.885439155784638,7
1951638,9.774601516040724,12
1951645,9.865647417053689,7
1951658,9.72846188663826,13
1951673,9.675355824687143,15
1951689,9.692459470877678,16
1951698,9.823080471935365,9
1951708,9.783724270324987,10
1951715,9.869788881332248,7
1951721,9.89550748546853,6
1951732,9.758398745221509,11
1951737,9.921165254509862,5
1951749,9.38208456008407,12
1951750,10.0,1
1951751,10.0,1
1951759,9.845789566757746,8
1951760,9.996441195406087,1
1951772,9.769612376142181,12
1951780,9.864595209640672,8
1951791,9.76484549610418,11
1951811,9.129541670444702,20
1951816,9.921851631471968,5
1951822,9.897609080960882,6
1951827,9.926440279847172,5
1951840,9.721522495029465,13
1951859,9.640387815612046,19
1951866,9.852765270785657,7
1951871,9.90249310862548,5
1951894,9.176946030827597,23
1951899,9.934933497673965,5
1951908,9.78545681605301,9
1951918,9.812799665203713,10
1951933,9.712783904173824,15
1951956,9.439038054247938,23
1951970,9.699433072088526,14
1951981,9.766928671090318,11
1951982,9.996437650177409,1
1951988,9.903163380149104,6
1952009,9.555671685922247,21
1952020,9.772049324381124,11
1952029,9.804070399642848,9
1952036,9.870527626257726,7
1952049,9.706942898427803,13
1952060,9.825516638221178,11
1952073,9.761851963093303,13
1952077,9.94713152603633,4
1952089,9.758777619482938,12
1952107,9.589220308469935,18
1952115,9.843719925965793,8
1952132,9.588212285137384,17
1952136,9.93466083205081,4
1952137,10.0,1
1952140,9.963703767691717,3
1952141,10.0,1
1952150,9.862410316272468,9
1952151,10.0,1
1952161,9.803389799592114,10
1952170,9.818554928420825,9
1952187,9.63271750328596,17
1952191,9.935220907866496,4
1952205,9.68409646601532,14
1952223,9.562484301685473,18
1952233,9.8013788850726,10
1952237,9.931605362695644,4
1952244,9.871545032127372,7
1952261,9.538177443036803,17
1952302,9.13171261990568,41
1952322,9.491330994801057,20
1952333,9.791102760153224,11
1952336,9.966427603144549,3
1952341,9.930560469078365,5
1952346,9.915142223048399,5
1952350,9.947790058482331,4
1952351,10.0,1
1952368,9.677668840058066,17
1952374,9.892784690666366,6
1952379,9.931510866238781,5
1952386,9.876191965129491,7
1952398,9.715798331745617,12
1952412,9.697362203894516,14
1952419,9.869659136629952,7
1952425,9.890002689407629,6
1952428,9.952973735219294,3
1952441,9.740665518062686,13
1952453,9.746694067517609,12
1952465,9.735630023660356,12
1952467,9.979866939057674,2
1952477,9.795030681473857,10
1952488,9.772402794469073,11
1952505,9.613549151700045,17
1952513,9.858875703488936,8
1952522,9.80810731223344,9
1952538,9.683911305942047,16
1952550,9.738020354927235,12
1952559,9.84343052190336,9
1952565,9.906955590678743,6
1952578,9.75879530811095,13
1952591,9.74333363105374,13
1952607,9.670439767664547,16
1952614,9.752326251015933,7
1952627,9.742202941634886,13
1952640,9.722345172559013,13
1952646,9.880601624963477,6
1952672,9.320130862800415,26
1952686,9.79706698703439,14
1952694,9.842043762443652,8
1952703,9.821118090011765,9
1952711,9.83914806470624,8
1952716,9.9182166529553,5
1952717,10.0,1
1952718,10.0,1
1952725,9.884907642961233,7
1952737,9.775188362137783,12
1952762,9.54223273912452,25
1952770,9.866935618253617,8
1952784,9.701981170345894,14
1952787,9.95240546053657,3
1952798,9.753120855802607,11
1952807,9.865394345844729,9
1952813,9.884797946799562,6
1952818,9.906568842314584,5
1952828,9.795690941963501,10
1952841,9.743005395641777,13
1952849,9.824901356590527,8
1952856,9.895786658236343,7
1952879,9.457195208404123,23
1952891,9.745293930325728,12
1952901,9.799513915378503,10
1952903,9.976281472898123,2
1952913,9.791883710063727,10
1952918,9.907622782772684,5
1952928,9.813254604213075,10
1952937,9.836856508245353,9
1952951,9.683861409726939,14
1952962,9.780546711701772,11
1952975,9.705884281980323,13
1952984,9.829244532517794,9
1952990,9.903378168473129,6
1953005,9.708124060346222,15
1953008,9.955385719693448,3
1953015,9.857974105671406,7
1953029,9.704457327702588,14
1953046,9.639899286840459,17
1953051,9.909520044454451,5
1953058,9.867481813093793,7
1953065,9.870260255848724,7
1953073,9.836652056362759,8
1953085,9.750195469642284,12
1953087,9.96923398579856,2
1953103,9.654731206490023,16
1953118,9.651463627147072,15
1953123,9.91150326823792,5
1953127,9.937215114014673,4
1953137,9.813014034759822,10
1953144,9.8864864421782,7
1953160,9.49347792903818,16
1953174,9.714177049301767,14
1953187,9.728167083913254,13
1953211,9.479642390400533,24
1953217,9.906200052658487,6
1953234,9.644432905401132,17
1953240,9.91955630091991,6
1953257,9.617188388312023,17
1953272,9.656638363623845,15
1953289,9.60742681148977,17
1953299,9.797718124104266,10
1953317,9.552369928232977,18
1953331,9.703701978765714,14
1953333,9.979997135114669,2
1953351,9.689140955502797,18
1953360,9.816311777279777,9
1953372,9.73636037036874,12
1953375,9.955091653804843,3
1953380,9.92456320863787,5
1953382,9.981355566838305,2
1953383,10.0,1
1953389,9.880987680936574,6
1953390,10.0,1
1953405,9.660362927752693,15
1953407,9.973008769151251,2
1953411,9.936362264888905,4
1953419,9.845513781737946,8
1953431,9.768956165107584,12
1953443,9.721173185182439,12
1953458,9.450535516256727,15
1953479,9.555031706009563,21
1953486,9.870163126509706,7
1953495,9.81632480237102,9
1953509,9.700453433770845,14
1953519,9.77441853993452,10
1953525,9.92493296553614,6
1953542,9.601738083031192,17
1953549,9.886575637554122,7
1953555,9.90778031899929,6
1953562,9.858224038883286,7
1953574,9.733267279065643,12
1953589,9.687048167851598,15
1953595,9.896713400511643,6
1953598,9.955833120166723,3
1953623,9.475635298746864,25
1953634,9.757940258876092,11
1953655,9.506623374214334,21
1953661,9.90115955800816,6
1953669,9.870797756926118,8
1953688,9.554722496922013,19
1953701,9.71621655010771,13
1953714,9.770740068647227,13
1953723,9.809925858585924,9
1953729,9.911680634032127,6
1953741,9.792687677179359,12
1953756,9.682650720032312,15
1953761,9.905866380014569,5
1953765,9.924661753322948,4
1953785,9.546270028069705,20
1953795,9.799809418036963,10
1953806,9.766857222257544,11
1953814,9.826187217672082,8
1953821,9.860794833181789,7
1953834,9.7664958425458,13
1953841,9.849317602571329,7
1953851,9.78960896051873,10
1953858,9.878867934113856,7
1953870,9.757262967575308,12
1953884,9.655000980928303,14
1953896,9.740247693750046,12
1953906,9.771007660650803,10
1953916,9.793023584802176,10
1953930,9.745743912533083,14
1953935,9.90216877372527,5
1953944,9.82834494913024,9
1953956,9.739419532645032,12
1953962,9.891814172139153,6
1953971,9.845699738043626,9
1953980,9.800732054463872,9
1953987,9.864338211204212,7
1953996,9.856246057963853,9
1954001,9.920823977946021,5
1954008,9.763939758446963,7
1954019,9.790061810378992,11
1954033,9.72225753658512,14
1954043,9.80571520790169,10
1954044,10.0,1
1954056,9.728307095431107,12
1954060,9.93703394025903,4
1954069,9.797336368839565,9
1954087,9.372333944972812,18
1954095,9.851919017667566,8
1954102,9.860195057482251,7
1954108,9.920047587187682,6
1954114,9.893378243843909,6
1954124,9.807378659520412,10
1954135,9.736687218478952,11
1954147,9.736189417600233,12
1954157,9.77033905501854,10
1954166,9.803215274645197,9
1954171,9.932292481437994,5
1954172,10.0,1
1954182,9.79374479117646,10
1954196,9.701616181128589,14
1954207,9.745429157631724,11
1954211,9.93154107568672,4
1954215,9.944481814313773,4
1954227,9.725164075304024,12
1954233,9.884886848883689,6
1954245,9.752204513452646,12
1954258,9.711514502065775,13
1954266,9.865501787228233,8
1954271,9.919123567467393,5
1954281,9.82099401543637,10
1954292,9.496180402437002,11
1954303,9.773194707249507,11
1954304,10.0,1
1954315,9.812963840123164,11
1954331,9.05118155555615,16
1954347,9.64234205058953,16
1954350,9.954758401558516,3
1954359,9.859240264183423,9
1954361,9.985270821282615,2
1954362,10.0,1
1954375,9.711437754985583,13
1954376,10.0,1
1954388,9.743634063531301,12
1954394,9.888747209461666,6
1954408,9.726098339764842,14
1954416,9.829581098813282,8
1954426,9.804667924279567,10
1954434,9.823566685437525,8
1954437,9.954946195814005,3
1954444,9.872193350101767,7
1954451,9.881295941591564,7
1954465,9.689144030493681,14
1954467,9.979425730463316,2
1954474,9.891160403202043,7
1954484,9.788826486234788,10
1954499,9.650306663297858,15
1954505,9.89669151980546,6
1954510,9.915968912142603,5
1954517,9.875042710028035,7
1954528,9.772946008250639,11
1954539,9.77568157486797,11
1954553,9.718876879634777,14
1954574,8.917343174919655,21
1954577,9.956984735512806,3
1954584,9.89729919636329,7
1954592,9.840022674143626,8
1954597,9.917303556982258,5
1954602,9.915167271909766,5
1954611,9.83278184301406,9
1954618,9.869241729535783,7
1954626,9.85856182081802,8
1954636,9.812762599603303,10
1954651,9.681437546906349,15
1954655,9.952312879643811,4
1954664,9.826417897910972,9
1954672,9.831578012782689,8
1954681,9.837072770733315,9
1954687,9.890761621167814,6
1954698,9.78050307631237,11
1954704,9.90088537291426,6
1954716,9.666709738516225,12
1954717,10.0,1
1954722,9.925743323164774,5
1954738,9.47757811059229,16
1954753,9.642330448150007,15
1954766,9.752981398058813,13
1954776,9.823360079309472,10
1954783,9.859476282663191,7
1954802,9.654995341501433,19
1954820,9.60660820030159,18
1954834,9.718484200345307,14
1954844,9.815726238035346,10
1954845,10.0,1
1954846,10.0,1
1954863,9.580019002232326,17
1954876,9.767113890297342,13
1954892,9.661650486560934,16
1954894,9.976617426316485,2
1954904,9.81673606314251,10
1954911,9.872231789008762,7
1954918,9.879993191822823,7
1954927,9.80157717611036,9
1954933,9.893863954250323,6
1954934,10.0,1
1954941,9.863254039542012,7
1954951,9.763021344862631,10
1954962,9.127264119135177,11
1954963,9.986915384796474,1
1954972,9.8287786235979,9
1954979,9.86766094738836,7
1954987,9.857833722718896,8
1954995,9.845917743898971,8
1954998,9.95806803878083,3
1955001,9.870507532938788,3
1955010,9.84135214153634,9
1955025,9.670006565465016,15
1955042,9.609963944065703,17
1955043,10.0,1
1955059,9.596322219453008,16
1955072,9.74384175825423,13
1955081,9.838132140602335,9
1955082,10.0,1
1955088,9.891523066916758,6
1955101,9.751934606262438,13
1955109,9.856614777668932,8
1955119,9.791354919515165,10
1955127,9.848342254076275,8
1955136,9.813167611634109,9
1955149,9.734258189699585,13
1955158,9.811790133990332,9
1955169,9.807219764805353,11
1955181,9.725453764068037,12
1955187,9.884663133140553,6
1955201,9.684646360927731,14
1955205,9.94842191222051,4
1955219,9.699787447009253,14
1955223,9.935431818400966,4
1955236,9.761568156114821,13
1955240,9.947600848014892,4
1955259,9.639027800777695,19
1955271,9.762655562989446,12
1955279,9.83902448339481,8
1955291,9.758499231726764,12
1955307,9.670628458354962,16
1955308,10.0,1
1955319,9.771011654331131,11
1955331,9.756487448489175,12
1955334,9.95449567341566,3
1955342,9.873334974456217,8
1955352,9.829686775129721,10
1955361,9.843187173275853,9
1955377,9.697629907424082,16
1955394,9.689961800605822,17
1955412,9.558737741554008,18
1955415,9.95193143419612,3
1955423,9.851922255842894,8
1955429,9.886708680961323,6
1955431,9.984377659444121,2
1955448,9.626286653762826,17
1955449,10.0,1
1955451,9.982360289331503,2
1955464,9.696650763786595,13
1955465,10.0,1
1955521,5.415655611779074,56
1955530,9.808622345135324,9
1955549,9.323330778223418,19
1955565,9.308455379773767,16
1955566,10.0,1
1955576,9.81228846900947,10
1955582,9.873646744799213,6
1955590,9.859285059462662,8
1955593,9.96931060010217,3
1955597,9.931160204235443,4
1955608,9.812092093700446,11
1955617,9.821236573639993,9
1955624,9.878980582272755,7
1955638,9.426899992297239,14
1955647,9.661356268738551,9
1955658,9.757568468832504,11
1955667,9.790908124438834,9
1955672,9.919546866773217,5
1955678,9.905227292994482,6
1955684,9.900248927060348,6
1955688,9.941397319058773,4
1955698,9.834356644833449,10
1955708,9.765218296486216,10
1955726,9.468703799326747,18
1955730,9.927912471649966,4
1955738,9.839180350261403,8
1955751,9.724891928372294,13
1955758,9.870578806376054,7
1955769,9.794116911212589,11
1955778,9.836130265521067,9
1955787,9.826356995865163,9
1955791,9.941299707551309,4
1955794,9.971302588644564,3
1955808,9.701980449126886,14
1955812,9.942916258578189,4
1955819,9.902637608650991,7
1955826,9.886756664950134,7
1955834,9.857101122164131,8
1955846,9.737230905543182,12
1955855,9.827881086213763,9
1955870,9.694967926516306,15
1955878,9.825330112237125,8
1955885,9.851217423928475,7
1955898,9.692707423334493,13
1955919,9.488032626959862,21
1955927,9.826519060234487,8
1955932,9.916729751836174,5
1955939,9.87536883359242,7
1955945,9.878332020113692,6
1955958,9.724323588254691,13
1955960,9.9790286788739,2
1955965,9.918264463238279,5
1955972,9.860292059585392,7
1955986,9.676684999499178,14
1956004,9.68188348819077,18
1956007,9.951067327872181,3
1956015,9.81999941406311,8
1956032,9.603340349085856,17
1956035,9.96421964935732,3
1956044,9.788340272460928,9
1956055,9.769905779459863,11
1956062,9.886195069435477,7
1956064,9.983940678228278,2
1956070,9.898290879617944,6
1956087,9.676585167578635,17
1956091,9.930713229774193,4
1956092,10.0,1
1956103,9.78954716494227,11
1956110,9.86373809530653,7
1956122,9.736932967032535,12
1956130,9.82148001245124,8
1956134,9.947352361911637,4
1956148,9.737700238772858,14
1956172,8.416997734688207,24
1956183,9.068342142778521,11
1956188,9.920386438445147,5
1956216,6.162469621780124,28
1956221,9.915062437776651,5
1956242,9.531443902016926,21
1956249,9.873271452836391,7
1956277,9.443116996576126,28
1956279,9.979805975713841,2
1956287,9.864234975489397,8
1956288,9.988622269487136,1
1956294,9.884451816352602,6
1956299,9.91725009998221,5
1956308,9.823086888110753,9
1956324,9.673815151969064,16
1956326,9.981009277444354,2
1956371,8.722212169282914,45
1956378,9.880138791377952,7
1956391,9.333289610341868,13
1956392,10.0,1
1956401,9.817227189475828,9
1956415,9.691600013505884,14
1956429,9.736181593203469,14
1956439,9.782432938776964,10
1956444,9.926034373611635,5
1956445,10.0,1
1956464,9.631345166801822,19
1956465,10.0,1
1956485,9.51067959338699,20
1956499,9.712872142082988,14
1956512,9.713235720653856,13
1956513,9.996121602619127,1
1956520,9.855181185147865,7
1956533,9.680940850775746,13
1956542,9.835832500961903,9
1956555,9.742191965895229,13
1956565,9.765143911415604,10
1956574,9.708244043838802,9
1956575,9.989184446463748,1
1956585,9.77719737022493,10
1956600,9.66191361440975,15
1956603,9.949797423800218,3
1956621,9.559171648573413,18
1956627,9.891477484501685,6
1956629,9.984434345153304,2
1956635,9.902422728133535,6
1956638,9.960690167281081,3
1956661,9.226882927781308,23
1956674,9.718060025200007,13
1956700,9.49753367291486,26
1956701,10.0,1
1956712,9.769247984540172,11
1956723,9.779573812861653,11
1956734,9.79440923380693,11
1956735,10.0,1
1956740,9.913529687581176,5
1956741,10.0,1
1956753,9.742467013580741,12
1956762,9.845776637629422,9
1956766,9.924284639001051,4
1956769,9.960866353905894,3
1956780,9.738202489165324,11
1956790,9.7862094499218,10
1956797,9.875499147730782,7
1956800,9.966068491437138,3
1956810,9.799289586234993,10
1956812,9.973134853098369,2
1956821,9.821211915860129,9
1956832,9.738752286449612,11
1956849,9.664325354194725,17
1956867,9.626178963724792,18
1956883,9.709609664626088,16
1956887,9.938165064572852,4
1956898,9.77722294043284,11
1956904,9.900351653985853,6
1956907,9.959801525018138,3
1956910,9.960815428510195,3
1956924,9.692403890187057,14
1956936,9.733583084489688,12
1956947,9.787264788803583,11
1956957,9.786117722647592,10
1956965,9.860083265047837,8
1956969,9.952382339490526,4
1956976,9.87384798618473,7
1956989,9.646830429304785,13
1956990,10.0,1
1957001,9.763886223127221,11
1957011,9.836314699761754,10
1957015,9.936196125775375,4
1957016,10.0,1
1957030,9.704573963871262,14
1957031,9.988990975071971,1
1957037,9.888484254551688,6
1957046,9.820993449310457,9
1957067,9.527986150785758,21
1957074,9.865281709774607,7
1957080,9.916745232598721,6
1957086,9.90437857394791,6
1957090,9.936339502178912,4
1957098,9.844663416596514,8
1957099,10.0,1
1957107,9.836316922531022,8
1957113,9.893423362184654,6
1957128,9.592039016160987,15
1957130,9.985411062877581,2
1957144,9.660811980342308,14
1957156,9.736455411091466,12
1957164,9.882451893380637,8
1957172,9.836126908588923,8
1957185,9.703030619371388,13
1957191,9.895008643067879,6
1957197,9.90329448708749,6
1957204,9.876309403404106,7
1957207,9.95792720891731,3
1957215,9.828439818654148,8
1957227,9.751727146484118,12
1957243,9.561092452181517,16
1957253,9.722423949958452,10
1957268,9.681198275750768,15
1957279,9.801932777570414,11
1957291,9.752012582653279,12
1957301,9.803653871858225,10
1957312,9.804013379737695,11
1957314,9.972502363433755,2
1957315,10.0,1
1957319,9.936065720061622,4
1957326,9.884242047779914,7
1957343,9.66257680089953,17
1957344,10.0,1
1957345,9.99296894607178,1
1957359,9.669948403511153,14
1957363,9.946309158782553,4
1957373,9.808967360064411,10
1957389,9.284293577806586,16
1957397,9.863191831409184,8
1957409,9.760702706476344,12
1957429,9.588145084219699,20
1957449,9.577981176264325,20
1957453,9.952777926682337,4
1957463,9.762248021728002,10
1957477,9.777935604369496,14
1957495,9.605720822565806,18
1957502,9.890411384953355,7
1957505,9.96823682918391,3
1957519,9.737885464616753,14
1957520,10.0,1
1957529,9.834777101058274,9
1957534,9.932897454541076,5
1957548,9.701905105971333,14
1957560,9.784163764884845,12
1957561,9.992986077139594,1
1957570,9.810974310488586,9
1957576,9.89970583669359,6
1957587,9.706066074716222,11
1957596,9.831696078757028,9
1957606,9.829858730061414,10
1957615,9.839322138969555,9
1957623,9.825250089383456,8
1957624,10.0,1
1957628,9.945319595554654,4
1957635,9.879689846889457,7
1957640,9.920820862016729,5
1957651,9.747360757481186,11
1957654,9.952412894943798,3
1957670,9.660227531530927,16
1957684,9.665507833817006,14
1957688,9.945314202164397,4
1957692,9.94285076099059,4
1957713,9.544166879049433,21
1957725,9.745263775396577,12
1957728,9.962141210576661,3
1957743,9.661627218244186,15
1957751,9.860518981928012,8
1957769,9.592892087554285,18
1957776,9.87043809762753,7
1957779,9.958966892882549,3
1957782,9.971648079567306,3
1957794,9.734558338286933,12
1957798,9.934157426463324,4
1957802,9.944712814108422,4
1957807,9.92455783722699,5
1957808,9.996424377051602,1
1957816,9.853759805098221,8
1957829,9.712471959232865,13
1957841,9.771627446777343,12
1957856,9.539226259747991,15
1957863,9.867798422348146,7
1957877,9.707383012817674,14
1957887,9.780658553053941,10
1957905,9.623256718479562,18
1957911,9.894544640758127,6
1957920,9.813678042043877,9
1957926,9.89628078392613,6
1957943,9.616045980714993,17
1957944,10.0,1
1957956,9.746047874730268,12
1957969,9.719616575576438,13
1957970,9.989129659881778,1
1957981,9.781475407532223,11
1957988,9.865281575652793,7
1957999,9.748027004884463,11
1958008,9.842151457100652,9
1958017,9.82739144890618,9
1958033,9.654468430581462,16
1958038,9.91406493068564,5
1958049,9.753835713999512,11
1958058,9.82408322447866,9
1958070,9.739303073954968,12
1958078,9.857840523657716,8
1958086,9.860593494351836,8
1958096,9.804807527463714,10
1958103,9.875454825554833,7
1958107,9.931320738007576,4
1958108,10.0,1
1958115,9.867824944839764,7
1958127,9.728295668141595,12
1958128,10.0,1
1958133,9.919271330409192,5
1958144,9.758824367724614,11
1958147,9.965574981624407,3
1958164,9.630905213184665,17
1958165,9.989317713523569,1
1958176,9.765543792935716,11
1958183,9.855219272736075,7
1958193,9.808653365365192,10
1958208,9.698079646916673,15
1958235,9.525033875078762,27
1958242,9.892573798025383,7
1958248,9.890149567706834,6
1958255,9.877054053081963,7
1958263,9.856369949248107,8
1958271,9.827460775354503,8
1958280,9.830649277235258,9
1958291,9.833155023622826,11
1958296,9.91806444696753,5
1958309,9.418090385251979,13
1958316,9.873072443201487,7
1958324,9.877966030178175,8
1958336,9.759648894652221,12
1958342,9.92349118795686,6
1958343,9.988347825759417,1
1958356,9.738055085664307,13
1958375,9.526601334441272,19
1958388,9.726594185638254,13
1958392,9.92975026800977,4
1958408,9.617419915195242,16
1958419,9.774469093656597,11
1958420,10.0,1
1958429,9.80758159637749,9
1958444,9.665202571850898,15
1958454,9.788707158055708,10
1958458,9.956608756207578,4
1958469,9.773534154001206,11
1958479,9.84191060940208,10
1958485,9.88312642231309,6
1958495,9.808032384750838,10
1958498,9.956126396017954,3
1958508,9.83666547285838,10
1958514,9.915062096645878,6
1958533,9.518993424240119,19
1958534,9.993428943918799,1
1958535,10.0,1
1958536,10.0,1
1958555,9.531369839272703,19
1958562,9.856647041352549,7
1958568,9.886683739078792,6
1958577,9.846485453578413,9
1958589,9.779445978906727,12
1958595,9.887989804715021,6
1958612,9.610158657318168,17
1958623,9.806589793709039,11
1958635,9.741079307822536,12
1958643,9.834820404326422,8
1958656,9.717201353986246,13
1958665,9.813691927367044,9
1958673,9.85270351333795,8
1958687,9.726625035359941,14
1958740,8.10812511052315,53
1958744,9.943683278077451,4
1958752,9.838228440840751,8
1958753,10.0,1
1958765,9.731192444779598,12
1958774,9.801717325506674,9
1958784,9.794334269591122,10
1958798,9.689190944764306,14
1958807,9.82248308438483,9
1958812,9.91379953457605,5
1958827,9.65555287194195,15
1958838,9.776957553004028,11
1958847,9.824669211524826,9
1958859,9.74673131170006,12
1958865,9.888417817697105,6
1958866,10.0,1
1958867,10.0,1
1958873,9.899789700595422,6
1958897,9.49643960149448,24
1958915,9.599982450506468,18
1958916,10.0,1
1958925,9.83389198425133,9
1958929,9.938940571206988,4
1958934,9.921152087944874,5
1958941,9.866342851559843,7
1958942,10.0,1
1958959,9.6120476544389,17
1958962,9.962031277043783,3
1958978,9.687294121121287,16
1958989,9.75450954608526,11
1958997,9.826768207111519,8
1959007,9.798316392853053,10
1959015,9.852103286099807,8
1959022,9.868830439510774,7
1959030,9.844897067006539,8
1959046,9.656359203361731,16
1959060,9.692895080472624,14
1959067,9.844957861030926,7
1959076,9.811277894541822,9
1959079,9.96872250805121,3
1959094,9.066119280752876,15
1959105,9.756862409627503,11
1959115,9.801844141506104,10
1959134,9.515726986379486,19
1959142,9.838513555878363,8
1959158,9.649802941522296,16
1959159,10.0,1
1959170,9.786827858303361,11
1959176,9.901360990934394,6
1959184,9.84332942518058,8
1959192,9.862319762143695,8
1959200,9.865613942188862,8
1959206,9.905334205792908,6
1959219,9.723137306954353,13
1959229,9.780082434170913,10
1959241,9.713770131794833,12
1959243,9.983646688318492,2
1959269,9.37747616869967,26
1959270,10.0,1
1959274,9.94193206919241,4
1959283,9.797481248399988,9
1959290,9.87205503001849,7
1959300,9.810427469334439,10
1959316,9.688224789219907,16
1959320,9.941219244312855,4
1959334,9.68902257789611,14
1959348,9.76224605276159,14
1959356,9.839264335263557,8
1959370,9.707123833236073,14
1959377,9.890830340281026,7
1959390,9.727210344005194,13
1959393,9.96156600157217,3
1959400,9.887174772889878,7
1959409,9.814899191468024,9
1959413,9.933697215083928,4
1959428,9.66964750592389,15
1959440,9.648677399676142,12
1959452,9.739205107525,12
1959460,9.830447848306136,8
1959464,9.931225830308717,4
1959478,9.671966857885712,14
1959494,9.668975696616641,16
1959504,9.809565795359283,10
1959519,9.701643980021952,15
1959536,9.641861812856156,17
1959548,9.729185353852273,12
1959555,9.8719962624775,7
1959566,9.777941763478667,11
1959584,9.350437473442986,18
1959591,9.862806947544541,7
1959601,9.72993398379191,10
1959611,9.768592812329322,10
1959619,9.855072497980077,8
1959633,9.699209289115757,14
1959643,9.82486585374534,10
1959649,9.896864957439073,6
1959666,9.50598516718526,17
1959676,9.801731179051146,10
1959686,9.793500518640164,10
1959703,9.614951642225437,17
1959714,9.769667385676131,11
1959732,9.704572378876582,18
1959742,9.81087674068023,10
1959752,9.803192701885349,10
1959766,9.6672304330283,14
1959772,9.894793539984507,6
1959787,9.65516062403936,15
1959791,9.936226128161831,4
1959794,9.966370808677796,3
1959800,9.882491549522113,6
1959805,9.915984103341273,5
1959811,9.893396461902649,6
1959817,9.895455626126937,6
1959818,10.0,1
1959831,9.74033702375964,13
1959837,9.907249715296771,6
1959846,9.842324991116136,9
1959851,9.93925120253197,5
1959887,9.180046213093656,36
1959902,9.67472367904324,15
1959904,9.981726236373094,2
1959925,9.584876727960399,21
1959934,9.819351283505558,9
1959935,10.0,1
1959949,9.713896950795732,14
1959962,9.744885871333674,13
1959979,9.615781657120529,17
1959988,9.825047279193685,9
1959989,10.0,1
1959995,9.884438024890606,6
1959998,9.969202670369013,3
1959999,10.0,1
1960014,9.562933749255771,15
1960027,9.709620338985818,13
1960044,9.604638334920779,17
1960061,9.63213960174695,17
1960073,9.731370839607894,12
1960079,9.911052076014222,6
1960084,9.916722741520301,5
1960092,9.829684162834523,8
1960096,9.92956449748358,4
1960103,9.864328561902834,7
1960107,9.94194964383876,4
1960109,9.9738953902133,2
1960120,9.790009841835703,11
1960126,9.897983300644334,6
1960142,9.693132598079993,16
1960162,9.51393138669028,20
1960174,9.740877684502337,12
1960182,9.835246785112703,8
1960185,9.963361850406177,3
1960199,9.695243198085484,14
1960210,9.755453526107262,11
1960220,9.807073476695752,10
1960246,9.470792060299024,26
1960248,9.976398598843433,2
1960266,9.441333890956132,18
1960267,9.989788624774137,1
1960271,9.940794498052092,4
1960281,9.796093286444252,10
1960292,9.785830953097953,11
1960293,10.0,1
1960303,9.80651721447059,10
1960304,10.0,1
1960339,9.354364555321693,35
1960343,9.945176383370645,4
1960346,9.954519503100888,3
1960349,9.966068563983306,3
1960360,9.74481327382195,11
1960377,9.648059909954501,17
1960384,9.867527039445987,7
1960390,9.904695627094423,6
1960395,9.933061190677984,5
1960401,9.911782814388637,6
1960406,9.916973031421007,5
1960407,10.0,1
1960412,9.911133716983887,5
1960416,9.935648250045846,4
1960424,9.841462372327186,8
1960425,10.0,1
1960440,9.703394468583337,15
1960442,9.975781816955053,2
1960453,9.659665088802983,11
1960460,9.87509485060386,7
1960461,10.0,1
1960478,9.627936383683409,17
1960482,9.933205184064812,4
1960490,9.841611896882204,8
1960493,9.955220425639302,3
1960511,9.590945334352746,18
1960512,10.0,1
1960520,9.856459206506816,8
1960526,9.82407971491209,6
1960531,9.91885607737385,5
1960542,9.778520561965419,11
1960548,9.906958595472766,6
1960557,9.808988568140073,9
1960558,10.0,1
1960567,9.82139726299197,9
1960577,9.832585287192636,10
1960584,9.873712344027533,7
1960597,9.72675243696293,13
1960603,9.914064034001118,6
1960610,9.870972380808535,7
1960631,9.52962932128521,21
1960639,9.827125920332467,8
1960644,9.921528727661224,5
1960658,9.694235250958165,14
1960661,9.962415824892684,3
1960676,9.701877344864277,15
1960677,10.0,1
1960683,9.918056915242813,6
1960688,9.926158205109994,5
1960699,9.7620854290051,11
1960704,9.904669698005478,5
1960706,9.972562450491704,2
1960707,10.0,1
1960715,9.864357367722853,8
1960724,9.810278325258164,9
1960735,9.751181030140774,11
1960749,9.659319298941705,14
1960757,9.848305307857123,8
1960768,9.783996695553446,11
1960779,9.801172315835124,11
1960780,10.0,1
1960781,10.0,1
1960787,9.898459183236737,6
1960793,9.894832476400088,6
1960797,9.930339899984569,4
1960798,9.992985443567836,1
1960806,9.867569040488025,8
1960812,9.897661258542897,6
1960813,10.0,1
1960821,9.839088899928143,8
1960828,9.872409524064695,7
1960833,9.91926356530411,5
1960843,9.800010575301187,10
1960849,9.883046821092622,6
1960860,9.799188292482787,11
1960861,10.0,1
1960882,9.450634875704012,21
1960883,10.0,1
1960886,9.950538303093962,3
1960901,9.718778548609905,15
1960912,9.790332480936113,11
1960913,9.996399596060002,1
1960930,9.591924240095459,17
1960955,9.355960184716423,25
1960961,9.901206491717097,6
1960969,9.755504841360574,8
1960970,10.0,1
1960983,9.741104400772018,13
1960995,9.733340780526735,12
1960996,10.0,1
1961010,9.674652870962563,14
1961019,9.82633554498748,9
1961025,9.905599151759363,6
1961038,9.761124089571519,13
1961045,9.878748437799153,7
1961056,9.747019462324433,11
1961066,9.7859672940085,10
1961078,9.766651836080188,12
1961096,9.66597767418916,18
1961115,9.534044312101987,19
1961119,9.945124018793509,4
1961127,9.851460452788084,8
1961137,9.80538656941878,10
1961149,9.737087292286054,12
1961154,9.934487876780576,5
1961164,9.783852065531176,10
1961168,9.95556139655871,4
1961169,10.0,1
1961171,9.983870603126045,2
1961182,9.744141178465702,11
1961191,9.824585622938537,9
1961208,9.62018323878527,17
1961219,9.78748754982578,11
1961228,9.804394995637011,9
1961235,9.885662254690331,7
1961244,9.807289425640963,9
1961251,9.865580792671773,7
1961261,9.823824172612147,10
1961269,9.83814493569754,8
1961275,9.897767984343817,6
1961283,9.866191056407267,8
1961297,9.556834978518312,14
1961306,9.826593138247992,9
1961307,10.0,1
1961310,9.965365896800433,3
1961314,9.945398985466749,4
1961341,9.479572345197061,27
1961343,9.984062537402018,2
1961352,9.794478777702215,9
1961362,9.7744067234558,10
1961372,9.813726492015325,10
1961382,9.802091600159041,10
1961390,9.843167211039912,8
1961395,9.922269112191772,5
1961401,9.89571820028755,6
1961412,9.728402449033515,11
1961421,9.830467687032844,9
1961424,9.963725290505042,3
1961433,9.803715832445057,9
1961441,9.853204512837706,8
1961447,9.909584920309184,6
1961479,9.245103064867982,32
1961494,9.701468018856955,15
1961503,9.810620858923874,9
1961516,9.720361745444835,13
1961520,9.954373143399303,4
1961531,9.754639066215201,11
1961543,9.757097388631205,12
1961556,9.723512973815234,13
1961566,9.784821566010063,10
1961567,10.0,1
1961578,9.744929349022327,11
1961590,9.782587385785291,12
1961599,9.798669477328806,9
1961601,9.974037510498157,2
1961609,9.853670807191683,8
1961619,9.843088685225597,10
1961622,9.955971518724407,3
1961635,9.750320508237207,13
1961638,9.964579518805499,3
1961649,9.758050462559765,11
1961650,10.0,1
1961660,9.80471013432279,10
1961681,9.576676762078701,21
1961696,9.67276742865297,15
1961715,9.559884265151325,19
1961727,9.73497029923578,12
1961728,10.0,1
1961739,9.767762535661403,11
1961747,9.846447445611217,8
1961751,9.951854898856887,4
1961762,9.780745653097302,11
1961768,9.900649354815664,6
1961773,9.922086797302738,5
1961781,9.840188829961805,8
1961791,9.795244121734765,10
1961801,9.778972829754823,10
1961818,9.612996384670014,17
1961849,9.2701828064904,31
1961852,9.9568580111565,3
1961864,9.746642871484315,12
1961879,9.66846621905188,15
1961886,9.863319258687097,7
1961888,9.971382360735582,2
1961895,9.863785671047127,7
1961913,9.569180453013889,18
1961917,9.937814264785288,4
1961927,9.802371331914328,10
1961941,9.687561924503605,14
1961952,9.778115971749132,11
1961959,9.874450435413472,7
1961972,9.699026921156822,13
1961977,9.928915916520458,5
1961978,10.0,1
1962030,8.990451102828686,52
1962038,9.867293717007044,8
1962044,9.896314072306236,6
1962053,9.825917821042417,9
1962064,9.758634884964247,11
1962074,9.797567739160439,10
1962083,9.817951027673505,9
1962088,9.912308155769779,5
1962094,9.899975035405065,6
1962103,9.826074923456584,9
1962106,9.953025028924909,3
1962112,9.905918874936704,6
1962123,9.76168912674493,11
1962140,9.57196889544766,17
1962148,9.839528085834452,8
1962160,9.802804808424703,12
1962173,9.708251135700745,13
1962176,9.952492586252719,3
1962191,9.659927258841707,15
1962206,9.641745718323763,15
1962215,9.864046753857203,9
1962224,9.834342216452258,9
1962234,9.802792954056425,10
1962240,9.893074201607964,6
1962245,9.918950027709206,5
1962258,9.715856432660702,13
1962282,9.464873897716506,24
1962286,9.943459521986089,4
1962292,9.88376726311329,6
1962303,9.75757971563922,11
1962312,9.820365126471245,9
1962328,9.462033073960656,16
1962345,9.62980606079657,17
1962349,9.929946914283699,4
1962352,9.96405697401795,3
1962362,9.794576517795905,10
1962376,9.725096115774479,14
1962382,9.893918675879805,6
1962402,9.466842287350959,20
1962407,9.923606424065056,5
1962417,9.788550747756027,10
1962427,9.791017805657233,10
1962432,9.922132225996673,5
1962437,9.920764951991208,5
1962442,9.90688793932907,5
1962456,9.705897491114111,14
1962467,9.659673082926338,11
1962481,9.736955000037497,14
1962502,9.595533242679325,21
1962503,10.0,1
1962507,9.823074351727985,4
1962515,9.83848269547414,8
1962518,9.968472196092694,3
1962537,9.566795806593218,19
1962548,9.79346224030688,11
1962559,9.802506284978938,11
1962574,9.766102697169181,15
1962592,9.643094963863,18
1962593,10.0,1
1962594,10.0,1
1962595,9.992338534060927,1
1962603,9.87332879594685,8
1962617,9.674224483719497,14
1962627,9.793440006776297,10
1962633,9.904722852768739,6
1962646,9.703854751045753,13
1962650,9.939826355262413,4
1962658,9.842397424107004,8
1962664,9.872938907115863,6
1962677,9.72825092928511,13
1962682,9.91844340058809,5
1962688,9.88232990462618,6
1962697,9.808778003602981,9
1962703,9.798605851330647,6
1962711,9.861762035043167,8
1962716,9.93086752348244,5
1962724,9.870071092188338,8
1962731,9.880084638221373,7
1962737,9.879512048635942,6
1962755,9.595921676868706,18
1962756,10.0,1
1962757,10.0,1
1962765,9.857841542183882,8
1962774,9.824877377327617,9
1962785,9.797491448773947,11
1962798,9.768553314480076,13
1962814,9.63436019152386,16
1962823,9.833403310691242,9
1962832,9.833760740714167,9
1962843,9.764722218119113,11
1962853,9.821098988309934,10
1962865,9.744612820083722,12
1962873,9.838911442282898,8
1962874,10.0,1
1962877,9.950889089285006,3
1962925,9.055769773529965,48
1962943,9.630104603182652,18
1962952,9.830775173569506,9
1962956,9.939907230777921,4
1962960,9.941311349031835,4
1962974,9.673224345867073,14
1962979,9.908824443609817,5
1962989,9.783031904047075,10
1963000,9.770740719668058,11
1963010,9.810743472811279,10
1963016,9.897669472572455,6
1963037,9.469857885450576,21
1963045,9.822200731533597,8
1963057,9.712058790880977,12
1963063,9.893676247472746,6
1963068,9.921840347883789,5
1963082,9.6983583056522,14
1963091,9.841019479852196,9
1963102,9.763334155246,11
1963114,9.755951471156676,12
1963122,9.817043359073764,8
1963128,9.894199430958874,6
1963142,9.733851629505184,14
1963143,10.0,1
1963159,9.701091588811375,16
1963171,9.742539127729293,12
1963180,9.800596052727451,9
1963188,9.821345989452078,8
1963197,9.806080625926667,9
1963206,9.813988008758592,9
1963221,9.693527406292256,15
1963226,9.905146588641903,5
1963233,9.881520938462767,7
1963245,9.727023996269093,12
1963253,9.852028603381953,8
1963256,9.96147347413613,3
1963263,9.870112686256974,7
1963264,10.0,1
1963277,9.726889318824735,13
1963292,9.665070608511273,15
1963300,9.867449650333935,8
1963306,9.872527163169785,6
1963316,9.80860098361328,10
1963329,9.701251544342606,13
1963338,9.841619167613137,9
1963345,9.84487388653445,7
1963352,9.86275607169993,7
1963364,9.74408975264221,12
1963372,9.841644494910701,8
1963377,9.936284841043019,5
1963391,9.669863175452157,14
1963399,9.83829476046025,8
1963410,9.796487713792883,11
1963426,9.69644386757557,16
1963435,9.817581079995106,9
1963441,9.884584551499144,6
1963454,9.73639401992757,13
1963467,9.748932567954906,13
1963477,9.778605510447981,10
1963484,9.864678642221278,7
1963485,10.0,1
1963495,9.77011447935815,10
1963507,9.412238336349091,12
1963522,9.571396686740568,15
1963529,9.861220003055406,7
1963579,8.634271056674995,50
1963585,9.892373327377916,6
1963598,9.701906271479439,13
1963605,9.877600175536317,7
1963618,9.583562681303105,13
1963632,9.697422124042077,14
1963640,9.855501751941825,8
1963653,9.727342212403618,13
1963654,10.0,1
1963673,9.638520703530821,19
1963684,9.804424581925504,11
1963692,9.831636803979034,8
1963701,9.809984219753566,9
1963714,9.719587616644933,13
1963730,9.677264861392594,16
1963735,9.726118941729391,5
1963859,7.050434400276587,124
1963864,9.91121206045425,5
1963865,10.0,1
1963873,9.847323070853966,8
1963874,10.0,1
1963891,9.614695261330363,17
1963893,9.980832038299502,2
1963897,9.9426225436878,4
1963906,9.804842686554364,9
1963915,9.807635279652729,9
1963919,9.92902222984263,4
1963927,9.855913311558165,8
1963937,9.796471876241538,10
1963941,9.939140532161788,4
1963960,9.491123708779124,19
1963972,9.746377207955677,12
1963999,9.33677837637596,27
1964009,9.824008141212259,10
1964021,9.774689606092617,12
1964028,9.765162630546943,7
1964033,9.919508593981062,5
1964041,9.864051320198746,8
1964052,9.772241437065121,11
1964055,9.960577543203419,3
1964060,9.920755004905788,5
1964067,9.87673620893379,7
1964079,9.71767306123672,12
1964084,9.914208120234322,5
1964091,9.890529593388115,7
1964104,9.705779380891334,13
1964105,10.0,1
1964116,9.75151997509156,11
1964127,9.782595008653068,11
1964128,10.0,1
1964138,9.81576871629104,10
1964146,9.843016657907441,8
1964156,9.794352502467763,10
1964170,9.737608614710364,14
1964175,9.926301256730666,5
1964185,9.779043308668935,10
1964199,9.73378132249809,14
1964208,9.812900125787648,9
1964215,9.853730217665436,7
1964224,9.833459135928349,9
1964238,9.677864402972707,14
1964243,9.920883807512817,5
1964255,9.775795963921157,12
1964266,9.740630860429656,11
1964278,9.73066774392303,12
1964293,9.65982412718261,15
1964299,9.904671138760824,6
1964309,9.805194279258115,10
1964311,9.971792433376168,2
1964320,9.850252206101867,9
1964326,9.903289415757408,6
1964335,9.829907473339501,9
1964345,9.780350611575923,10
1964351,9.902909391162055,6
1964368,9.632751336596828,17
1964375,9.884573465856414,7
1964387,9.74051651822481,12
1964394,9.892025537025162,7
1964407,9.722108661553413,13
1964414,9.873413643338484,7
1964423,9.821791903487215,9
1964432,9.83991619684981,9
1964435,9.955999211053285,3
1964448,9.724141638121244,13
1964456,9.821138297121879,8
1964457,10.0,1
1964462,9.911589924065371,5
1964472,9.785673708048302,10
1964481,9.596307624710045,9
1964494,9.71260590333551,13
1964500,9.899605892257032,6
1964516,9.618967533210927,16
1964528,9.797223465845484,12
1964529,10.0,1
1964536,9.882985826838377,7
1964542,9.905019625377685,6
1964547,9.924308203092966,5
1964557,9.818258932617573,10
1964568,9.764221040212947,11
1964578,9.838792451248935,10
1964591,9.706649427003466,13
1964606,9.663924314330245,15
1964614,9.873249795978214,8
1964627,9.711568789817258,13
1964639,9.748257936270655,12
1964647,9.858701748408544,8
1964654,9.886297365614459,7
1964662,9.856439511064346,8
1964673,9.168726881036493,11
1964679,9.899993148248559,6
1964681,9.97004593385289,2
1964694,9.688417700128522,13
1964702,9.854846900014502,8
1964709,9.85923082891682,7
1964714,9.911115148129154,5
1964731,9.632947351861581,17
1964732,10.0,1
1964737,9.90979071179343,5
1964742,9.914536036689121,5
1964756,9.720890301025694,14
1964766,9.818523695666531,10
1964774,9.835897043229128,8
1964780,9.868330228785458,6
1964786,9.892572799157936,6
1964808,9.577305752004659,22
1964839,9.156039843641702,31
1964843,9.931606757638605,4
1964853,9.816427765131532,10
1964854,10.0,1
1964876,9.45951346759722,22
1964885,9.831530055654492,9
1964888,9.96417449097101,3
1964897,9.810586677701702,9
1964911,9.714899814726877,14
1964923,9.733471467618006,12
1964930,9.845572565045869,7
1964946,9.62976101164501,16
1964947,10.0,1
1964953,9.898166460891035,6
1964961,9.851363929390512,8
1964966,9.935488060096288,5
1964970,9.925188982137218,4
1964979,9.858418396687924,9
1964991,9.72235568131127,12
1964997,9.900024468541163,6
1964998,10.0,1
1965010,9.776019511466648,12
1965023,9.749850578220762,13
1965037,9.758085494244442,14
1965046,9.832062952525627,9
1965058,9.775675841116659,12
1965065,9.771868207932622,7
1965081,9.734820522239904,16
1965082,10.0,1
1965097,9.673982408798258,15
1965113,9.67858702763945,16
1965114,10.0,1
1965123,9.82554070308717,9
1965134,9.785250333360334,11
1965151,9.661270537412278,17
1965159,9.865503358728297,8
1965164,9.909212872954065,5
1965169,9.91680173098891,5
1965173,9.949790224125989,4
1965180,9.880327843200162,7
1965191,9.837887153540947,11
1965200,9.81797654282327,9
1965207,9.865543531930697,7
1965213,9.908982569213297,6
1965227,9.685936035993079,14
1965232,9.923384282484538,5
1965240,9.834077919252856,8
1965258,9.597220855935666,18
1965259,10.0,1
1965274,9.656116509832176,15
1965279,9.911603914475139,5
1965284,9.94626099614565,5
1965298,9.711031749786509,14
1965306,9.84152594307733,8
1965318,9.752722778375064,12
1965336,9.651249976224852,18
1965355,9.56206880607204,19
1965361,9.89214424737218,6
1965368,9.884952033586606,7
1965379,9.77926263016174,11
1965380,10.0,1
1965392,9.755404939729425,12
1965416,9.00273897540197,24
1965423,9.878722090867674,7
1965436,9.697243893740172,13
1965445,9.823066721106018,9
1965455,9.806901655245557,10
1965462,9.869377067342862,7
1965474,9.78462031514334,12
1965483,9.819682328248621,9
1965486,9.968254286853258,3
1965506,9.607414220722283,20
1965509,9.971200988576724,3
1965518,9.80047188666625,9
1965519,10.0,1
1965527,9.85094305989221,8
1965536,9.809698623045376,9
1965544,9.837861827030697,8
1965552,9.82407674977788,8
1965555,9.959700386715303,3
1965571,9.636293566424275,16
1965577,9.872439935827732,6
1965578,10.0,1
1965589,9.75802688809789,11
1965596,9.861216110736486,7
1965603,9.86974646496966,7
1965612,9.799203189894257,9
1965621,9.836650352199069,9
1965622,10.0,1
1965631,9.822932034346602,9
1965644,9.730245183398626,13
1965647,9.95243520357417,3
1965654,9.855587786493443,7
1965660,9.883356884876294,6
1965669,9.812978424265028,9
1965684,9.68792603971986,15
1965692,9.866585604870027,8
1965704,9.785218802969952,12
1965711,9.86721928443466,7
1965724,9.739828671802275,13
1965769,6.15961099914907,45
1965774,9.919363770690014,5
1965784,9.789330775221542,10
1965788,9.940706570545856,4
1965802,9.690541757830298,14
1965803,10.0,1
1965816,9.733028970254196,13
1965828,9.707862413593128,12
1965842,9.692764232083551,14
1965852,9.770374279841,10
1965860,9.840734356611227,8
1965875,9.699397568770875,15
1965884,9.821868788701765,9
1965896,9.750465588626941,12
1965913,9.66791486442123,17
1965929,9.658539709843241,16
1965939,9.826838101469011,10
1965952,9.764958912947108,13
1965959,9.866840190090594,7
1965976,9.60565020304829,17
1965981,9.920694790650296,5
1965990,9.819519340156264,9
1966490,-137.78107968852083,500
1966506,9.663813066149276,16
1966511,9.925084961559277,5
1966515,9.942132080127578,4
1966525,9.83063822124045,10
1966545,9.354462550849153,20
1966550,9.911083635468401,5
1966558,9.845803554517536,8
1966570,9.75370979067779,12
1966575,9.924678034680902,5
1966581,9.899289862756895,6
1966598,9.597139176614315,17
1966609,9.788005673451078,11
1966614,9.924679846922198,5
1966617,9.961894367619184,3
1966627,9.781814933062465,10
1966628,10.0,1
1966635,9.871558273821433,7
1966636,10.0,1
1966644,9.841742458004695,8
1966654,9.841417346724866,10
1966663,9.816980925271892,9
1966669,9.90133280371876,6
1966681,9.74320098908237,12
1966682,9.99583753576396,1
1966693,9.75594720474669,11
1966706,9.750403634669118,13
1966714,9.844541859901012,8
1966716,9.9763835776393,2
1966722,9.898736452400094,6
1966730,9.813634925907227,8
1966740,9.788300803379938,10
1966744,9.933701278436866,4
1966758,9.712145649214452,14
1966763,9.906983689708452,5
1966764,10.0,1
1966786,9.200688331447036,22
1966798,9.753295576520832,12
1966805,9.868826122525032,7
1966812,9.873747012820353,7
1966825,9.727546804969577,13
1966841,9.646914906790578,16
1966850,9.84354722597134,9
1966866,9.673111736602573,16
1966870,9.946907907541583,4
1966871,10.0,1
1966880,9.828816881202544,9
1966884,9.945384555473689,4
1966893,9.810126327881928,9
1966898,9.928203760868287,5
1966911,9.717223479295138,13
1966918,9.877450800475646,7
1966930,9.75806813830896,12
1966942,9.716234702062577,12
1966958,9.650596432136876,16
1966963,9.91184222713219,5
1966972,9.817671834351584,9
1966982,9.79379013268998,10
1966983,10.0,1
1967483,-210.33863541930154,500
1967498,9.639977869578459,15
1967508,9.797522010740304,10
1967521,9.700308932552185,13
1967529,9.85574295279406,8
1967534,9.90625181534785,5
1967542,9.84180931216053,8
1967553,9.767871293478672,11
1967565,9.708812165459586,12
1967575,9.81417583681043,10
1967591,9.668900482130068,16
1967596,9.931609301457168,5
1967602,9.90374089609881,6
1967617,9.65121158841058,15
1967630,9.74196792519215,13
1967631,10.0,1
1967632,10.0,1
1967635,9.952308048630611,3
1967640,9.927328053494337,5
1967650,9.80025837849629,10
1967658,9.571900977693392,8
1967668,9.594677109686549,10
1967673,9.913498459061026,5
1967679,9.898150774699323,6
1967691,9.786741816125506,12
1967694,9.966688606227423,3
1967707,9.669041803017516,13
1967719,9.747604875634261,12
1967731,9.757055427985891,12
1967748,9.562658207279219,17
1967761,9.71917789626027,13
1967764,9.958300183065816,3
1967776,9.743822004323993,12
1967779,9.95203727451164,3
1967783,9.943705287197202,4
1967784,10.0,1
1967790,9.882380648826322,6
1967795,9.923626709299006,5
1967814,9.673626835483335,19
1967819,9.92212105538437,5
1967824,9.92264583094763,5
1967838,9.724425885235398,14
1967850,9.734313787681039,12
1967853,9.964217527593195,3
1967862,9.806304294545406,9
1967875,9.696992338644419,13
1967883,9.830064327046811,8
1967892,9.84367000771266,9
1967903,9.77850876348498,11
1967909,9.883639611392491,6
1967910,10.0,1
1967919,9.822177113637371,9
1967928,9.83794605069053,9
1967929,9.99281570333914,1
1967941,9.765768568095053,12
1967964,8.92304150584877,23
1967973,9.849106161943224,9
1967993,9.623916422312329,20
1968007,9.711513095291117,14
1968031,9.52871693165579,24
1968038,9.873997613451568,7
1968050,9.753678399535765,12
1968056,9.892283561028925,6
1968059,9.954267572688066,3
1968070,9.76749559548239,11
1968079,9.722380878659623,9
1968085,9.910035470155853,6
1968097,9.736673569376181,12
1968119,9.486133716995415,22
1968127,9.833988249036418,8
1968139,9.754933275379166,12
1968140,10.0,1
1968147,9.866978836910505,7
1968152,9.922691985706415,5
1968158,9.880301022596196,6
1968177,8.92236885729618,19
1968183,9.914227055093265,6
1968195,9.707636357332797,12
1968199,9.921879456958052,4
1968210,9.762085095693918,11
1968215,9.897873834295263,5
1968222,9.767518361265207,7
1968230,9.84103446142801,8
1968234,9.927249545021738,4
1968240,9.890557257231766,6
1968249,9.81007591139167,9
1968253,9.932283523026593,4
1968265,9.744084484730706,12
1968279,9.674562379287044,14
1968285,9.908235771422012,6
1968286,10.0,1
1968299,9.69468727780648,13
1968306,9.759055208150055,7
1968314,9.840275283292893,8
1968328,9.72061846354712,14
1968329,10.0,1
1968342,9.72560084102611,13
1968351,9.818906011801044,9
1968355,9.934904247564587,4
1968369,9.69823263986385,14
1968388,9.581457145057502,19
1968391,9.96358714025351,3
1968411,9.577057464143206,20
1968428,9.620688137936819,17
1968433,9.92588220869224,5
1968446,9.709980018443185,13
1968460,9.679790817769446,14
1968467,9.876559524867517,7
1968478,9.76508713263941,11
1968479,10.0,1
1968492,9.763842123828583,13
1968505,9.345136949687152,13
1968506,10.0,1
1968523,9.607844060373479,17
1968532,9.792999529836631,9
1968542,9.792316104355567,10
1968552,9.786720318974803,10
1968557,9.92396586408987,5
1968567,9.79658781011763,10
1968579,9.728348039876922,12
1968588,9.8039228228358,9
1968592,9.942900907870996,4
1968595,9.96048739902716,3
1968610,9.68249340222595,15
1968623,9.77547706880708,13
1968634,9.76786023782534,11
1968644,9.798519506423986,10
1968653,9.835773509997855,9
1968669,9.553387242157507,16
1968677,9.833650561291075,8
1968689,9.757664973095443,12
1968700,9.777092327454735,11
1968709,9.800075810848849,9
1968721,9.723070143302834,12
1968736,9.66706303050606,15
1968745,9.790921724597391,9
1968753,9.867157490260283,8
1968773,9.557227215742913,20
1968774,9.989214782942517,1
1968788,9.728899240409174,14
1968800,9.73719037210659,12
1968807,9.873568178595733,7
1968808,10.0,1
1968817,9.859143391537625,9
1968830,9.71160789398518,13
1968841,9.769655632406014,11
1968850,9.812648945086389,9
1968862,9.7267270838279,12
1968877,9.667410366834856,15
1968886,9.825587100766809,9
1968888,9.975857977132893,2
1968903,9.65630544450998,15
1968916,9.716788848857515,13
1968927,9.784259789327798,11
1968942,9.704467153955855,15
1968945,9.95732349987446,3
1968959,9.722160202892516,14
1968973,9.756037102408314,14
1968977,9.928432036053389,4
1968990,9.727826439888279,13
1968995,9.92682750391794,5
1969010,9.691593286869486,15
1969019,9.820181072326935,9
1969035,9.669508094931903,16
1969039,9.938468352678463,4
1969047,9.842990976267584,8
1969059,9.76325515999783,12
1969067,9.852616340218907,8
1969086,9.617343660814814,19
1969089,9.945302162005841,3
1969095,9.911877206303318,6
1969102,9.877013988024197,7
1969109,9.860886337714051,7
1969116,9.879702863329188,7
1969117,10.0,1
1969130,9.726463452294707,13
1969135,9.921229403867141,5
1969152,9.65341843082278,17
1969153,10.0,1
1969158,9.921280245763715,5
1969169,9.761740424167899,11
1969174,9.919872935975926,5
1969187,9.741853445892737,13
1969196,9.825006689020373,9
1969212,9.648786108459237,16
1969223,9.754385123869481,11
1969242,9.578242089555989,19
1969251,9.80061881931447,9
1969252,10.0,1
1969260,9.534320216678916,8
1969268,9.826159680533832,8
1969278,9.778142230262134,10
1969286,9.8528754745181,8
1969299,9.703642555117987,13
1969307,9.89643907466063,8
1969308,10.0,1
1969309,10.0,1
1969313,9.934176763701577,4
1969314,10.0,1
1969324,9.795538308805583,10
1969328,9.942728456923883,4
1969332,9.933198687801177,4
1969343,9.749224114517377,11
1969353,9.810518267295675,10
1969356,9.956218161882957,3
1969362,9.907103704857994,6
1969373,9.774638951263011,11
1969380,9.8474619035207,7
1969394,9.670924086250695,14
1969408,9.69016875061307,14
1969418,9.787474504793838,10
1969440,9.449664657841495,22
1969446,9.895054291134349,6
1969452,9.892922275300556,6
1969461,9.836991818735024,9
1969462,10.0,1
1969471,9.801008281005194,9
1969486,9.669197973976026,15
1969492,9.918082448528905,6
1969500,9.885035241931964,8
1969506,9.912555022527561,6
1969510,9.940728505452638,4
1969519,9.822705165287825,9
1969531,9.738952710200397,12
1969540,9.80790260925453,9
1969546,9.88827486242147,6
1969556,9.806070381036271,10
1969557,10.0,1
1969566,9.850476758100873,9
1969580,9.702103136827603,14
1969590,9.779264228270065,10
1969597,9.864772680739833,7
1969606,9.83643737196491,9
1969610,9.943106588311064,4
1969623,9.715457459972908,13
1969628,9.925142506881185,5
1969632,9.919124450060506,4
1969635,9.964262455285889,3
1969646,9.735631744169169,11
1969657,9.58586202109736,11
1969668,9.753280494557652,11
1969679,9.799237530383234,11
1969697,9.584800900564902,18
1969706,9.823332387778716,9
1969713,9.859075281547453,7
1969715,9.97165997939775,2
1969723,9.860802903574095,8
1969728,9.912724500917886,5
1969729,10.0,1
1969734,9.919293979618923,5
1969748,9.569725724293008,14
1969759,9.800681765253804,11
1969771,9.77355921328973,12
1969774,9.968727980555375,3
1969794,9.341251933570963,20
1969799,9.904332518045662,5
1969803,9.928509134066957,4
1969810,9.862054502219276,7
1969813,9.945280692036953,3
1969824,9.757261894596377,11
1969838,9.666747552737403,14
1969856,9.572781949390142,18
1969873,9.629764135112042,17
1969876,9.958585845099096,3
1969885,9.825201591798706,9
1969894,9.828530794160281,9
1969915,9.579700129695697,21
1969924,9.862396468647386,9
1969946,9.541196164471902,22
1969961,9.700715827580822,15
1969968,9.891313751301356,7
1969983,9.67302099077719,15
1970004,9.536228695692921,21
1970008,9.937139642199707,4
1970012,9.949824273334825,4
1970060,8.930677702008966,48
1970072,9.753835402660473,12
1970075,9.959817632217698,3
1970076,10.0,1
1970088,9.753400481782766,12
1970090,9.970736930994178,2
1970098,9.843685936808042,8
1970104,9.894564691050304,6
1970109,9.922452785802458,5
1970113,9.947723500594526,4
1970120,9.877190711171501,7
1970127,9.850155408334583,7
1970150,9.51289757639502,23
1970167,9.69210423027363,17
1970175,9.855265591148726,8
1970177,9.978762566397593,2
1970185,9.845102782239108,8
1970186,10.0,1
1970191,9.906367734277998,5
1970207,9.699059073503495,16
1970212,9.909587461414514,5
1970218,9.891658212967384,6
1970222,9.933487049886507,4
1970230,9.837910063903934,8
1970237,9.879200739900302,7
1970244,9.872360293144116,7
1970246,9.981852809780277,2
1970260,9.659258486691158,14
1970264,9.938078697342549,4
1970265,9.992879700065657,1
1970270,9.913835590090734,5
1970292,9.513444815767677,22
1970293,10.0,1
1970303,9.816379721452284,10
1970313,9.824648135640224,10
1970325,9.740649359837692,12
1970333,9.845341313316753,8
1970347,9.71843480948563,14
1970348,10.0,1
1970361,9.725091663066058,13
1970365,9.931299041193698,4
1970381,9.72383167360244,16
1970393,9.7391833547232,12
1970404,9.101124112774738,11
1970413,9.834863773870213,9
1970415,9.97678201130801,2
1970416,10.0,1
1970422,9.893973853417574,6
1970434,9.733236984238559,12
1970437,9.960632905025841,3
1970440,9.953257197156933,3
1970454,9.70739562100829,14
1970464,9.784140721544707,10
1970474,9.812674791333421,10
1970489,9.267611887844973,15
1970507,9.660788114473835,18
1970508,10.0,1
1970516,9.81802550936909,8
1970517,10.0,1
1970528,9.76584154116013,11
1970529,10.0,1
1970544,9.550706395865733,15
1970559,9.701189319923344,15
1970562,9.954440396193734,3
1970578,9.345022239629458,16
1970591,9.68493533861424,13
1970592,10.0,1
1970603,9.778060023325876,11
1970609,9.911443184865183,6
1970610,9.996456233177978,1
1970622,9.760680893731234,12
1970631,9.827785548341911,9
1970641,9.791875496269535,10
1970652,9.787986990382706,11
1970662,9.776031854977917,10
1970672,9.817831515754088,10
1970681,9.82737238716107,9
1970687,9.900117349277771,6
1970696,9.823444290120916,9
1970703,9.871149145120828,7
1970709,9.911784393130539,6
1970723,9.723670538138363,14
1970731,9.876183120699014,8
1970750,9.592113988896562,19
1970768,9.60090989725573,18
1970785,9.64737292935203,17
1970796,9.780346469682403,11
1970800,9.928577786388765,4
1970801,9.996003923693829,1
1970802,10.0,1
1970814,9.749864097067324,12
1970823,9.810853615867762,9
1970824,10.0,1
1970828,9.943751306484284,4
1970833,9.930150023703845,5
1970841,9.87303282575945,8
1970851,9.796330951513978,10
1970861,9.780425190395869,10
1970875,9.747306555897953,14
1970888,9.773249528702449,13
1970889,9.992370667103044,1
1970897,9.841569591752265,8
1970905,9.863161303924018,8
1970922,9.576980604339475,17
1970931,9.799769254801113,9
1970935,9.92716638019324,4
1970945,9.797309720857589,10
1970955,9.778703973506095,10
1970964,9.831422422498534,9
1970985,9.588166018218692,21
1970993,9.814706641207762,8
1971007,9.690910319598254,14
1971014,9.89056892910545,7
1971024,9.787769426135625,10
1971033,9.864217959049302,9
1971034,10.0,1
1971041,9.868373897483744,7
1971050,9.81159207834205,9
1971051,9.992462353005637,1
1971062,9.739425164734495,11
1971075,9.707279378471927,13
1971086,9.76106475220316,11
1971091,9.922356216073664,5
1971101,9.802077406436942,10
1971120,9.236887393561984,19
1971128,9.872807247291746,8
1971129,10.0,1
1971136,9.867243230477985,7
1971137,9.996174214692532,1
1971140,9.951064950960552,3
1971143,9.948955992517808,3
1971148,9.92166593498565,5
1971162,9.681583299435612,14
1971185,9.50687204379905,23
1971195,9.399757515586778,10
1971200,9.909737947960926,5
1971211,9.684738515789588,11
1971220,9.807755076771643,9
1971235,9.73313846694211,15
1971245,9.793319358910681,10
1971254,9.817574185053493,9
1971266,9.719273735436788,12
1971270,9.944133478909924,4
1971277,9.890446670080504,7
1971285,9.852418270001179,8
1971298,9.698210854208055,13
1971309,9.761854785921836,11
1971318,9.824293602967183,9
1971324,9.91064044542623,6
1971343,9.538725845132566,19
1971353,9.826075790034505,10
1971425,8.601109622631206,72
1971426,10.0,1
1971430,9.936827229286353,4
1971436,9.868825976698892,6
1971446,9.845929812218861,10
1971475,9.332717606331418,29
1971482,9.881532647999482,7
1971494,9.782509042455468,12
1971502,9.84190711066958,8
1971515,9.73323655871998,13
1971519,9.952189790134016,4
1971527,9.846762947457545,8
1971533,9.909933521197889,6
1971534,10.0,1
1971537,9.959721224631398,3
1971558,9.572991502397638,21
1971575,9.640619516198674,17
1971580,9.92405901224546,5
1971591,9.774187160690271,11
1971593,9.974480216342611,2
1971603,9.775160873098706,10
1971609,9.895610588251678,6
1971618,9.80961022550251,9
1971638,9.478767751262438,20
1971645,9.892989903152456,7
1971663,9.685899742406166,18
1971670,9.872813062296297,7
1971680,9.824337601550914,10
1971689,9.846770237168945,9
1971703,9.660029823012845,14
1971713,9.79946255270525,10
1971727,9.704293132291406,14
1971728,10.0,1
1971736,9.816932952719736,8
1971739,9.95967550113726,3
1971748,9.835291499257012,9
1971762,9.68538396765363,14
1971771,9.814855330375856,9
1971776,9.921947792473148,5
1971786,9.8013453716321,10
1971799,9.756253313182857,13
1971807,9.540500157676552,8
1971824,9.623763329169062,17
1971839,9.697071264990498,15
1971848,9.83176489735487,9
1971852,9.935440723679474,4
1971853,9.992206451265636,1
1971862,9.82090798882813,9
1971891,9.439943224450793,29
1971905,9.711084172661069,14
1971906,10.0,1
1971907,10.0,1
1971917,9.818774228781884,10
1971926,9.844522077017709,9
1971936,9.77968618028179,10
1971946,9.803986119864264,10
1971962,9.621534305772654,16
1971970,9.823917347116591,8
1971981,9.767535185395607,11
1971991,9.805387363156049,10
1972000,9.854056527632617,9
1972002,9.985515038476505,2
1972008,9.610386044093485,6
1972017,9.831847847629948,9
1972033,9.667413623003794,16
1972051,9.586455185843674,18
1972059,9.841801167923629,8
1972071,9.766032636671385,12
1972080,9.801096577494024,9
1972089,9.805094642078954,9
1972098,9.832387970184019,9
1972106,9.877611513093255,8
1972107,9.988370009536728,1
1972115,9.837291037176838,8
1972130,9.7360407861253,15
1972138,9.752676453933104,8
1972154,9.636607830292563,16
1972162,9.849876333112153,8
1972166,9.940973330877819,4
1972176,9.79234421186242,10
1972177,10.0,1
1972187,9.801621877192924,10
1972197,9.787371854697435,10
1972206,9.814301021197334,9
1972222,9.635343066078889,16
1972242,9.62474701314963,20
1972255,9.733385290472748,13
1972275,9.542470591382942,20
1972285,9.841174584203841,10
1972290,9.909725259607592,5
1972295,9.919873912974325,5
1972297,9.968286243478564,2
1972298,10.0,1
1972311,9.762792075585462,13
1972322,9.782299800298098,11
1972338,9.642077692402117,16
1972346,9.849678138346965,8
1972347,10.0,1
1972351,9.940999838361344,4
1972354,9.961570495386422,3
1972364,9.78374585630889,10
1972365,10.0,1
1972369,9.933651005171726,4
1972388,9.57752172808109,19
1972400,9.753881204840843,12
1972412,9.761739199945191,12
1972420,9.839851132574049,8
1972430,9.791998085709917,10
1972436,9.897577564513186,6
1972449,9.549065075884405,13
1972454,9.920908660649564,5
1972464,9.821896819577058,10
1972465,9.9895372666141,1
1972469,9.946464913848525,4
1972470,9.992424314440779,1
1972475,9.929959210833422,5
1972486,9.810151547644464,11
1972500,9.677382589566417,14
1972507,9.863522838924888,7
1972510,9.963720380782345,3
1972519,9.825382472718058,9
1972528,9.83000486718406,9
1972529,10.0,1
1972538,9.837120321748147,9
1972544,9.887942825321625,6
1972546,9.967802828206409,2
1972559,9.736125641468664,13
1972568,9.837298898144871,9
1972573,9.911914607152813,5
1972578,9.926791696840134,5
1972584,9.887639996946604,6
1972585,10.0,1
1972597,9.730388296886801,12
1972608,9.76534117031902,11
1972616,9.831471966074693,8
1972635,9.57471919325173,19
1972649,9.680014015725837,14
1972659,9.817323513828795,10
1972679,9.573914227763442,20
1972691,9.720400645967386,12
1972703,9.743911390181266,12
1972708,9.922435794210596,5
1972732,9.379885930910737,24
1972761,9.431450579793283,29
1972773,9.754731339114963,12
1972791,9.662241399437889,18
1972801,9.806510226910431,10
1972807,9.894432234016705,6
1972815,9.874753481289536,8
1972825,9.797404955647302,10
1972826,10.0,1
1972827,10.0,1
1972840,9.727362346750951,13
1972857,9.66879041428074,17
1972858,10.0,1
1972862,9.935366400385659,4
1972874,9.742667032389466,12
1972887,9.772825507886932,13
1972899,9.797583625026723,12
1972900,10.0,1
1972908,9.844103636320572,8
1972910,9.977769089129703,2
1972924,9.672433532177633,14
1972927,9.960382872100075,3
1972943,9.637676919176178,16
1972955,9.76211706608585,12
1972962,9.846371204123239,7
1972966,9.935299185064434,4
1972967,10.0,1
1972978,9.788125145358897,11
1972986,9.840968655059486,8
1972996,9.803326617409816,10
1973004,9.842973360810532,8
1973019,9.666492964875726,15
1973024,9.921160665326607,5
1973027,9.967216805762034,3
1973035,9.85599428335542,8
1973049,9.694357291335143,14
1973060,9.768900514985537,11
1973067,9.862089184584653,7
1973080,9.698244343360916,13
1973081,10.0,1
1973082,10.0,1
1973093,9.740859434697484,11
1973094,10.0,1
1973097,9.965575802600334,3
1973102,9.93096389340762,5
1973109,9.757377749638001,7
1973117,9.850052647515538,8
1973123,9.911179131963973,6
1973140,9.554118655055554,17
1973142,9.979982635735418,2
1973145,9.957912875491642,3
1973148,9.96798391450478,3
1973158,9.795306341009706,10
1973164,9.889746937215072,6
1973173,9.815133392320243,9
1973175,9.978298524860255,2
1973182,9.862598090648952,7
1973193,9.794183955018362,11
1973199,9.91616847219764,6
1973200,9.996177407627888,1
1973210,9.803174271200486,10
1973229,9.577085162092356,19
1973239,9.811227356969399,10
1973248,9.807980016609147,9
1973262,9.712274098811314,14
1973266,9.93758495164236,4
1973270,9.939386681413568,4
1973278,9.83951104771413,8
1973291,9.716243090407369,13
1973298,9.876636332168532,7
1973307,9.849031532443162,9
1973312,9.916121603225438,5
1973326,9.679863174450825,14
1973327,10.0,1
1973332,9.9238738194342,5
1973333,10.0,1
1973339,9.898742925957126,6
1973347,9.832923144958418,8
1973355,9.831913608819743,8
1973372,9.597428786044496,17
1973378,9.888658586478922,6
1973379,10.0,1
1973392,9.767936253781372,13
1973398,9.89557014585711,6
1973407,9.611740201477717,9
1973408,10.0,1
1973412,9.93173821233902,4
1973426,9.699127863908487,14
1973436,9.81838107218774,10
1973440,9.94573637204965,4
1973452,9.778934447242456,12
1973467,9.652883651473678,15
1973473,9.901570222248134,6
1973479,9.89307632806278,6
1973486,9.877398009686177,7
1973490,9.936387766495285,4
1973498,9.833009725790022,8
1973511,9.758248013853562,13
1973516,9.914073171861716,5
1973529,9.704535639716811,13
1973536,9.878302764889971,7
1973556,9.486499474630406,20
1973559,9.971639133189244,3
1973574,9.713421926471336,15
1973576,9.977243467455597,2
1973590,9.712773988947047,14
1973604,9.687142409887445,14
1973608,9.93259865951856,4
1973609,9.988288086842875,1
1973614,9.921087049515869,5
1973622,9.864580714767646,8
1973627,9.923010541463697,5
1973637,9.797213171952968,10
1973650,9.72655743878043,13
1973655,9.91185824385355,5
1973657,9.981576031767737,2
1973658,10.0,1
1973664,9.882921312345289,6
1973670,9.895624576281422,6
1973672,9.969613459266265,2
1973687,9.710660028390635,15
1973701,9.702243426763804,14
1973713,9.756213759648189,12
1973714,10.0,1
1973724,9.811831835769045,10
1973735,9.764528271100485,11
1973743,9.865380071443393,8
1973745,9.971077877669158,2
1973758,9.771745508427255,13
1973759,10.0,1
1973765,9.906234426028096,6
1973775,9.787517105755077,10
1973779,9.926257729826757,4
1973790,9.780253354272201,11
1973800,9.779539522153794,10
1973814,9.736480674612901,14
1973824,9.813125056882862,10
1973836,9.745508967735594,12
1973853,9.617885110567606,17
1973857,9.944560235692418,4
1973863,9.90625050701205,6
1973869,9.892008156832313,6
1973881,9.738509469184876,12
1973883,9.982118576585213,2
1973895,9.747785146180673,12
1973903,9.859383476494349,8
1973913,9.788361742270796,10
1973922,9.820139309987907,9
1973929,9.860957211150533,7
1973940,9.80937981595806,11
1973952,9.729535823363161,12
1973955,9.949992592382294,3
1973964,9.814994803932636,9
1973980,9.641346286481122,16
1973998,9.553671612925353,18
1974007,9.837916245985035,9
1974015,9.867619118787237,8
1974023,9.871108365806629,8
1974024,10.0,1
1974028,9.93870797540712,4
1974052,9.521993747288612,24
1974065,9.711958161799437,13
1974076,9.768101320636125,11
1974085,9.84185996068668,9
1974103,9.586337550549842,18
1974108,9.921024677986816,5
1974109,10.0,1
1974127,9.579366944300379,18
1974143,9.685821408205898,16
1974145,9.978297765388806,2
1974161,9.621970488569346,16
1974172,9.735872568054475,11
1974182,9.79556351713266,10
1974189,9.884300168607076,7
1974198,9.825600425045508,9
1974209,9.767292395156508,11
1974221,9.725573264389364,12
1974222,10.0,1
1974235,9.735227150463444,13
1974245,9.79246691097099,10
1974250,9.928087898406845,5
1974251,10.0,1
1974253,9.970218603951167,2
1974257,9.946310432096553,4
1974258,10.0,1
1974259,10.0,1
1974270,9.754114671476309,11
1974271,10.0,1
1974284,9.70015062065244,13
1974288,9.954981282995263,4
1974291,9.954726094728699,3
1974298,9.876918496160537,7
1974317,9.539594764479,19
1974326,9.805764439736775,9
1974341,9.695278022872742,15
1974345,9.932665315426952,4
1974346,10.0,1
1974352,9.88758342697969,6
1974359,9.87078616378981,7
1974368,9.821849258827374,9
1974374,9.893823528001223,6
1974386,9.717372364036935,12
1974397,9.756679598922863,11
1974398,10.0,1
1974409,9.753002680980865,11
1974423,9.729312557182475,14
1974431,9.835785672568104,8
1974446,9.705174234293683,15
1974460,9.701442567323237,14
1974471,9.756040970679056,11
1974478,9.847902787069422,7
1974490,9.734031148991386,12
1974498,9.844985199644077,8
1974506,9.836160307674293,8
1974519,9.744954247558516,13
1974536,9.643691528886643,17
1974547,9.819756798980828,11
1974548,9.991999383451063,1
1974549,10.0,1
1974550,9.99596146179,1
1974568,9.6002231360805,18
1974577,9.821912025057655,9
1974580,9.967360648886185,3
1974587,9.859630295343251,7
1974598,9.771885637529358,11
1974604,9.887237820174168,6
1974618,9.700559302712222,14
1974627,9.835596604257894,9
1974632,9.918480307500102,5
1974645,9.764480893768312,13
1974647,9.97548465286543,2
1974659,9.795486255113017,12
1974666,9.861879366108674,7
1974673,9.861870654307756,7
1974674,9.988831788803815,1
1974690,9.630290465585622,16
1974699,9.826421879852877,9
1974708,9.855603303942539,9
1974729,9.354383885933345,21
1974740,9.760064748653347,11
1974742,9.971231421155217,2
1974747,9.908507405848518,5
1974751,9.939896146810234,4
1974770,9.57382832917987,19
1974780,9.785541530295372,10
1974790,9.78164291220083,10
1974791,10.0,1
1974804,9.750746877435633,13
1974824,9.662286009506015,20
1974838,9.663199520603118,14
1974844,9.912832310300915,6
1974860,9.657503153469895,16
1974861,9.992565010965176,1
1974866,9.905023084437202,5
1974869,9.95560692079068,3
1974876,9.874424542356412,7
1974895,9.529330527323534,19
1974897,9.978016845934047,2
1974905,9.838955933098537,8
1974918,9.67687598540008,13
1974920,9.968503700377054,2
1974932,9.736921044199404,12
1974935,9.94977758584882,3
1974947,9.752147629113765,12
1974958,9.782809891333732,11
1974972,9.715460906220319,14
1974981,9.829929129379966,9
1974986,9.931537880747403,5
1975002,9.633079400379106,16
1975007,9.915594246962792,5
1975015,9.860195060158548,8
1975025,9.808027258482799,10
1975028,9.95813301666925,3
1975049,9.565079118418652,21
1975058,9.851936755715348,9
1975059,9.992678530740458,1
1975067,9.850107406387126,8
1975068,9.99604334945381,1
1975070,9.976510440451209,2
1975080,9.793133218127988,10
1975099,9.582705511116425,19
1975104,9.906813368027258,5
1975119,9.676147437577914,15
1975133,9.68747277444725,14
1975136,9.963141779831025,3
1975139,9.95629567855594,3
1975140,10.0,1
1975148,9.85031469672522,8
1975153,9.927277127623048,5
1975158,9.915075662418966,5
1975162,9.944381633432556,4
1975177,9.632057311639855,15
1975187,9.787826202766581,10
1975191,9.954071431078763,4
1975193,9.98082399557874,2
1975206,9.72050156773214,13
1975214,9.864615530903237,8
1975217,9.969518914871871,3
1975221,9.95130716823232,4
1975230,9.805968249504724,9
1975238,9.818667841814582,8
1975255,9.66435366734666,17
1975258,9.955877805500489,3
1975259,9.989310569108675,1
1975272,9.720835266087514,13
1975282,9.808035600624867,10
1975298,9.690187812795275,16
1975301,9.961739570609101,3
1975311,9.726053465307672,10
1975325,9.368304330946032,14
1975332,9.889166825070467,7
1975341,9.82406936299091,9
1975349,9.870100276467792,8
1975358,9.814057018311715,9
1975362,9.938008512988187,4
1975372,9.800903109062265,10
1975384,9.770929212873916,12
1975390,9.883888629970738,6
1975391,10.0,1
1975412,9.547807918336604,21
1975418,9.898722465861857,6
1975428,9.795237995248517,10
1975433,9.917508903079662,5
1975443,9.821111043470703,10
1975455,9.74464018379739,12
1975469,9.68457292589475,14
1975470,9.99644381029175,1
1975477,9.862822297784575,7
1975491,9.695716509255766,14
1975499,9.858071098045997,8
1975509,9.788963152678786,10
1975525,9.640350260524881,16
1975530,9.914711069957843,5
1975542,9.73752334477874,12
1975543,10.0,1
1975547,9.935312401070144,4
1975555,9.844356602626538,8
1975570,9.723201705369004,15
1975583,9.683649208664132,13
1975589,9.899524607893587,6
1975600,9.769567317105933,11
1975605,9.921315440433304,5
1975615,9.774190871438302,10
1975616,9.995732684774609,1
1975628,9.741012603912461,12
1975632,9.94706612645883,4
1975663,2.412498229913683,31
1975672,9.846831870645797,9
1975675,9.971454720622093,3
1975698,9.562412640809804,23
1975713,9.64193016886841,15
1975732,9.038318490470726,19
1975749,9.631361754599409,17
1975762,9.722407662207614,13
1975769,9.86023319927242,7
1975782,9.440429429421483,13
1975793,9.76006832792042,11
1975805,9.739177209704852,12
1975806,10.0,1
1975814,9.846564026990887,8
1975815,9.988053554905926,1
1975830,9.656074748557021,15
1975841,9.74149837491096,11
1975857,9.65435362083475,16
1975872,9.673480214363535,15
1975896,9.409223413777577,24
1975897,10.0,1
1975904,9.869917054456607,7
1975915,9.762601103844482,11
1975923,9.863754476017164,8
1975930,9.876879762761513,7
1975945,9.644190855494672,15
1975953,9.819845486581807,8
1975954,10.0,1
1975963,9.807265136332855,9
1975990,9.43303288651766,27
1976007,9.62973547544172,17
1976025,9.568827580664296,18
1976033,9.836026785661419,8
1976040,9.85643662350898,7
1976054,9.651939938623311,14
1976061,9.891897868433558,7
1976064,9.968978082924416,3
1976085,9.45485240566295,21
1976095,9.806656119540198,10
1976100,9.924220404104021,5
1976115,9.655821654655341,15
1976131,9.664780173668047,16
1976142,9.733413640839734,11
1976143,10.0,1
1976160,9.597703161444013,17
1976171,9.76301838043313,11
1976185,9.666278342768427,14
1976187,9.972295417960808,2
1976202,9.671939627942658,15
1976203,9.99320389901989,1
1976210,9.87841128342875,7
1976217,9.87206056504386,7
1976221,9.943489203540887,4
1976235,9.704408108865593,14
1976242,9.89176732008631,7
1976249,9.864656832329505,7
1976258,9.832565052576816,9
1976268,9.82347480933161,10
1976282,9.71304556746866,14
1976287,9.926077910059337,5
1976308,9.493464789046723,21
1976313,9.91641681426513,5
1976325,9.738523246187986,12
1976335,9.80884088015327,10
1976344,9.808718204621108,9
1976354,9.78682601515504,10
1976363,9.800346019121342,9
1976370,9.871588721368445,7
1976380,9.804160783629163,10
1976390,9.773984881836693,10
1976401,9.766374868333513,11
1976403,9.977440088220218,2
1976410,9.86286194469303,7
1976411,10.0,1
1976421,9.799080876882464,10
1976437,9.621353188708131,16
1976451,9.709287250223573,14
1976463,9.70998689396732,12
1976473,9.799092894005165,10
1976484,9.812683499476297,11
1976491,9.87551337233003,7
1976501,9.770507592732338,10
1976512,9.795914971283562,11
1976517,9.921565281640959,5
1976524,9.879857789097763,7
1976533,9.839169993386527,9
1976547,9.618539107441222,14
1976552,9.929443139621872,5
1976560,9.844790784349378,8
1976573,9.72243018877944,13
1976578,9.925214110729804,5
1976580,9.96795495300794,2
1976591,9.772493846998964,11
1976601,9.765274770227746,10
1976602,9.995984922501178,1
1976614,9.608289560821651,12
1976625,9.81365437407604,11
1976633,9.858016254153407,8
1976643,9.80054264464139,10
1976648,9.901762000299986,5
1976654,9.913474950987581,6
1976666,9.762496187079549,12
1976679,9.731257796746567,13
1976688,9.817540307878563,9
1976698,9.804625806853004,10
1976706,9.859891827946814,8
1976719,9.710429351703372,13
1976725,9.901841290516245,6
1976737,9.741386012363527,12
1976744,9.887185531222832,7
1976751,9.887219028934213,7
1976758,9.862665438833892,7
1976777,9.546278095078748,19
1976784,9.879447711916551,7
1976801,9.691892844590873,17
1976823,9.46904820641957,22
1976834,9.792977629225762,11
1976842,9.875709043453538,8
1976851,9.825636534777832,9
1976856,9.909978146545233,5
1976865,9.83236335450908,9
1976866,10.0,1
1976873,9.871056149033224,7
1976882,9.787088811248282,9
1976883,10.0,1
1976887,9.936589356462479,4
1976899,9.732310441300855,12
1976900,10.0,1
1976913,9.72953900121084,13
1976922,9.84278187071041,9
1976925,9.949100533812768,3
1976935,9.764229825773914,10
1976944,9.801801776617534,9
1976949,9.916220754798525,5
1976963,9.509885278984173,14
1976971,9.835374076468376,8
1976984,9.749460205913584,13
1976991,9.845400263595923,7
1977005,9.665755879020205,14
1977017,9.750144626668007,12
1977021,9.952176486229325,4
1977032,9.769784915948907,11
1977053,9.557419435053465,21
1977065,9.74098045857915,12
1977076,9.752927342021854,11
1977084,9.867318258940905,8
1977093,9.825989070385596,9
1977103,9.845978998708057,10
1977104,10.0,1
1977113,9.851544950724149,9
1977117,9.938858264939627,4
1977127,9.776068587759987,10
1977139,9.75645947435055,12
1977160,9.410609947301857,21
1977167,9.891828168463404,7
1977180,9.732996248098583,13
1977187,9.887107129309419,7
1977193,9.89707415297687,6
1977198,9.939692671388217,5
1977205,9.898852374364193,7
1977214,9.803907277569024,9
1977215,10.0,1
1977226,9.780009441457768,11
1977237,9.77239006562744,11
1977255,9.334291510590134,18
1977270,9.675350082774072,15
1977271,9.996957021858798,1
1977275,9.94716646240339,4
1977276,10.0,1
1977277,10.0,1
1977315,9.059191973885671,38
1977323,9.849221762602104,8
1977326,9.960887173173163,3
1977337,9.758903312128865,11
1977344,9.876736554857121,7
1977349,9.90740074645163,5
1977362,9.764116922040841,13
1977375,9.758964594756323,13
1977391,9.669766018576334,16
1977401,9.820699964945232,10
1977402,10.0,1
1977424,9.518297386730582,22
1977429,9.921527300988945,5
1977437,9.846599699446458,8
1977443,9.911445241155857,6
1977461,9.60542843759625,18
1977471,9.789987434998688,10
1977485,9.682155327449792,14
1977499,9.688016425333482,14
1977503,9.954979601791138,4
1977521,9.646857887432354,18
1977522,10.0,1
1977523,10.0,1
1977530,9.876619465935974,7
1977534,9.941646047397818,4
1977543,9.82275126884791,9
1977553,9.81646909348814,10
1977560,9.88637209695369,7
1977563,9.963393935797676,3
1977573,9.786036617651456,10
1977581,9.86736611493166,8
1977584,9.955281860235901,3
1977597,9.720196120517695,13
1977613,9.642195045267558,16
1977625,9.749188549503428,12
1977664,8.07204106397666,39
1977676,9.783389002259664,12
1977690,9.73854304758816,14
1977703,9.734819895194168,13
1977715,9.655634675740759,12
1977732,9.644518873461143,17
1977746,9.679800391303528,14
1977749,9.964011438110909,3
1977761,9.732228186853852,12
1977772,9.783064934898727,11
1977777,9.924544226003245,5
1977790,9.730242839403546,13
1977806,9.66177720020159,16
1977818,9.760584366958048,12
1977824,9.894376593603468,6
1977835,9.773283207477,11
1977844,9.82657165901268,9
1977847,9.965329835691367,3
1977865,9.592526421842837,18
1977874,9.814930003351558,9
1977882,9.855974577555463,8
1977900,9.608448837523135,18
1977910,9.798472421273486,10
1977918,9.817567854373992,8
1977919,10.0,1
1977923,9.929467714216589,4
1977933,9.812175132502556,10
1977952,9.544758192770578,19
1977967,8.994172100433884,15
1977975,9.838492392417164,8
1977987,9.747800727828192,12
1977989,9.972178491206222,2
1978003,9.667909821400508,14
1978013,9.813099914149724,10
1978016,9.94947767850478,3
1978024,9.841199822481881,8
1978025,10.0,1
1978027,9.97025128126883,2
1978046,9.549719456135108,19
1978054,9.853513264179345,8
1978059,9.918488944818872,5
1978078,9.520182512718044,19
1978089,9.763905503956096,11
1978103,9.48472114425089,14
1978114,9.757078033436603,11
1978125,9.756759552931518,11
1978137,9.55472444407699,12
1978150,9.682672877332893,13
1978160,9.792380889750119,10
1978169,9.819801109375973,9
1978172,9.963080141333762,3
1978177,9.90670672802349,5
1978190,9.760161017385293,13
1978193,9.961321909441027,3
1978199,9.876753303587565,6
1978200,10.0,1
1978201,9.988185218686882,1
1978204,9.957502591386916,3
1978213,9.832500750556212,9
1978220,9.872479486977968,7
1978223,9.949325774140867,3
1978227,9.921569074496409,4
1978233,9.87333962503163,6
1978244,9.791921211817066,11
1978251,9.854918273959948,7
1978260,9.79960209198747,9
1978273,9.730731344266214,13
1978773,-215.09765537700363,500
1979273,-210.56213812181244,500
1979274,10.0,1
1979774,-214.3376779426102,500
1979787,9.703204810963854,13
1979799,9.72392867533794,12
1979810,9.785927744134186,11
1979817,9.877007841081506,7
1979827,9.794895446830882,10
1979829,9.973827610496897,2
1979845,9.639467779654087,16
1979846,10.0,1
1979847,10.0,1
1979858,9.759164962360526,11
1979865,9.858561273865362,7
1979871,9.89987504056219,6
1979873,9.968182965488948,2
1979881,9.849131300897687,8
1979884,9.954023312261247,3
1979885,10.0,1
1979886,9.996724524230299,1
1979901,9.656195308737551,15
1979911,9.845616168683692,10
1979918,9.856536349663058,7
1979932,9.686552583395592,14
1979942,9.806186981851738,10
1979946,9.926630245293776,4
1979954,9.874407388118808,8
1979962,9.853506454385633,8
1979977,9.66228770618253,15
1979989,9.720340483774926,12
1980002,9.72774576322469,13
1980011,9.818057003030336,9
1980029,9.479172433746276,18
1980038,9.817509320494068,9
1980049,9.814501064359684,11
1980052,9.963444613105578,3
1980062,9.808266860064636,10
1980068,9.904096607481724,6
1980075,9.904295741092604,7
1980076,10.0,1
1980089,9.752050715072263,13
1980097,9.876936570460227,8
1980105,9.849201540127948,8
1980120,9.63485758395965,15
1980126,9.883675282852801,6
1980133,9.882433571135934,7
1980149,9.566719566994966,16
1980155,9.89337199018463,6
1980156,10.0,1
1980167,9.805665651154703,11
1980172,9.937585591040188,5
1980179,9.877913650564091,7
1980189,9.798275777766106,10
1980208,9.556556165614207,19
1980213,9.920228886107884,5
1980214,10.0,1
1980232,9.609686238390713,18
1980240,9.849795175079171,8
1980250,9.802519471549543,10
1980260,9.803180225634602,10
1980263,9.962220599411378,3
1980276,9.767729376288262,13
1980288,9.720223465968768,12
1980296,9.853670041649575,8
1980307,9.789391265708732,11
1980322,9.664314947521849,15
1980328,9.878944505464142,6
1980335,9.895791259619243,7
1980344,9.828630298739236,9
1980357,9.730737116570982,13
1980366,9.833426342982426,9
1980370,9.948036128944809,4
1980378,9.885894633923963,8
1980396,9.658968518507761,18
1980401,9.931048409289467,5
1980402,10.0,1
1980417,9.653405861383876,15
1980432,9.680975472927125,15
1980439,9.893086001569776,7
1980444,9.926552583963057,5
1980447,9.964328324360713,3
1980449,9.985907624651354,2
1980462,9.726069403856167,13
1980473,9.800087462744546,11
1980477,9.925182870352256,4
1980483,9.88760520453554,6
1980487,9.932144608053509,4
1980499,9.755629677193946,12
1980506,9.877698765264391,7
1980507,10.0,1
1980511,9.938238872378358,4
1980522,9.777995873873955,11
1980533,9.763017691116774,11
1980542,9.847807352642421,9
1980552,9.801108308854014,10
1980564,9.791296260807268,12
1980565,10.0,1
1980569,9.938711602238504,4
1980570,10.0,1
1980571,10.0,1
1980580,9.623453386530363,9
1980589,9.619791579096724,9
1980600,9.78312872210253,11
1980616,9.64525351154373,16
1980628,9.756794465008758,12
1980641,9.714210882302199,13
1980652,9.778330093631267,11
1980657,9.934711301909209,5
1980658,10.0,1
1980671,9.695064001606813,13
1980686,9.677915568597742,15
1980698,9.71652003974809,12
1980709,9.765512167739507,11
1980719,9.789351641743975,10
1980726,9.876023287946344,7
1980727,10.0,1
1980734,9.873191122837753,7
1980744,9.78993037197154,10
1980749,9.934054087348994,5
1980763,8.993569361820487,14
1980769,9.879971319421747,6
1980782,9.740572519614625,13
1980783,10.0,1
1980796,9.710451420534715,13
1980803,9.879243726991279,7
1980811,9.838962175228351,8
1980815,9.95035195131575,4
1980832,9.158734045576706,17
1980846,9.690089261905191,14
1980856,9.779267328419218,10
1980865,9.822220988981782,9
1980877,9.735339363851693,12
1980891,9.692737144480677,14
1980900,9.8088282653252,9
1980917,9.571501064375957,17
1980924,9.863593406698907,7
1980936,9.73690341412942,12
1980937,10.0,1
1980950,9.731614502544375,13
1980954,9.945031949212327,4
1980959,9.926605402881586,5
1980968,9.80362440279163,9
1980973,9.919098539020455,5
1980979,9.89564089445793,6
1980983,9.946090794742721,4
1980984,10.0,1
1980994,9.799452266774107,10
1981007,9.717275711528321,13
1981019,9.75943841112307,12
1981028,9.840551703962028,9
1981043,9.553258257297227,15
1981051,9.849048292836109,8
1981063,9.760165393387883,12
1981084,9.493682899918163,21
1981099,9.69884509691501,15
1981100,10.0,1
1981111,9.780275844915346,11
1981122,9.79004900299727,11
1981132,9.786520789509257,10
1981139,9.883431691382562,7
1981146,9.858936025612719,7
1981151,9.905600473200316,5
1981160,9.842457110281094,9
1981163,9.954788761189457,3
1981168,9.922559969897582,5
1981169,10.0,1
1981177,9.834539263318149,8
1981205,9.429457163184379,28
1981221,9.65028802979838,16
1981228,9.857074853881059,7
1981229,10.0,1
1981242,9.77393586970745,13
1981245,9.96282646716003,3
1981256,9.809912406966959,11
1981270,9.66448812514194,14
1981276,9.888147992375593,6
1981285,9.841291108970818,9
1981287,9.983404927599667,2
1981288,10.0,1
1981289,10.0,1
1981293,9.953250284639495,4
1981296,9.965901762966482,3
1981306,9.799497001198429,10
1981317,9.663862140711707,11
1981329,9.744946887327663,12
1981337,9.886206373703484,8
1981343,9.89801579181661,6
1981344,9.991468020989519,1
1981349,9.941379568320865,5
1981352,9.971233318950377,3
1981365,9.78444286873218,13
1981377,9.72088242796812,12
1981387,9.802843616533462,10
1981396,9.834849601784994,9
1981399,9.968517450701707,3
1981408,9.824902139086793,9
1981419,9.764795831181544,11
1981428,9.846757096447368,9
1981439,9.771700984483756,11
1981448,9.820035245640002,9
1981458,9.806899037026122,10
1981470,9.746079905568859,12
1981480,9.831504875124132,10
1981489,9.8397603499765,9
1981497,9.454204152634539,8
1981505,9.865290225658251,8
1981513,9.856062126194134,8
1981523,9.774876883142248,10
1981536,9.70000904003374,13
1981547,9.75713882829424,11
1981553,9.896273867368688,6
1981559,9.881645972712331,6
1981561,9.97726057956617,2
1981577,9.699859765346808,16
1981581,9.935358728948485,4
1981587,9.890307158975371,6
1981597,9.8094305567588,10
1981605,9.83370741477126,8
1981616,9.767841601896711,11
1981622,9.901051482050523,6
1981628,9.872742528309416,6
1981633,9.934132463468412,5
1981651,9.578867252367708,18
1981658,9.855162445257816,7
1981659,10.0,1
1981666,9.864720734717544,7
1981687,9.58403993367245,21
1981701,9.750599884467675,14
1981710,9.807514719264764,9
1981719,9.817910827578647,9
1981724,9.91417699145527,5
1981753,9.327997074886591,29
1981757,9.945830141508546,4
1981766,9.798109958826759,9
1981787,9.578399454463248,21
1981793,9.89275940906007,6
1981806,9.742294294656423,13
1981817,9.776760121119786,11
1981829,9.743554169231514,12
1981845,9.045213467970388,16
1981852,9.667723902361038,7
1981858,9.788101737692887,6
1981872,9.714683540667897,14
1981887,9.67540208245793,15
1981897,9.792686666421293,10
1981907,9.812686137653225,10
1981918,9.767523421390422,11
1981926,9.82995688653251,8
1981941,9.64921277580911,15
1981954,9.718410661027558,13
1981964,9.80856623884846,10
1981975,9.800392431587106,11
1981981,9.91622289311527,6
1981990,9.824258247372693,9
1982007,9.668388454410408,17
1982016,9.813018132684332,9
1982017,10.0,1
1982025,9.840954508840428,8
1982040,9.664727143421619,15
1982052,9.714925041001372,12
1982058,9.894659075541567,6
1982059,10.0,1
1982073,9.658102667421451,14
1982074,9.991494300165039,1
1982086,9.768626315167275,12
1982101,9.66618494241905,15
1982113,9.357002680758692,12
1982124,9.773184509909923,11
1982136,9.765237026574527,12
1982141,9.917220878241125,5
1982142,10.0,1
1982155,9.704582549224208,13
1982159,9.944286872985854,4
1982178,9.643599413408703,19
1982179,10.0,1
1982192,9.74589632020056,13
1982201,9.830590282705113,9
1982204,9.961709134845526,3
1982218,9.743603167273694,14
1982229,9.790870681656768,11
1982248,9.667970751383129,19
1982260,9.782058794474928,12
1982285,8.86526194704428,25
1982297,9.721825720390857,12
1982303,9.903320530052294,6
1982337,9.414474314825938,34
1982350,9.758333494053579,13
1982363,9.732310291874862,13
1982368,9.91182713297753,5
1982372,9.939530291029907,4
1982375,9.964973878242073,3
1982389,9.740900325664608,14
1982399,9.695617665824114,10
1982410,9.761284122845348,11
1982420,9.833412873308998,10
1982421,10.0,1
1982422,10.0,1
1982438,9.593261743084295,16
1982454,9.624470175932833,16
1982460,9.316256950060582,6
1982463,9.956204598440067,3
1982474,9.77497139553704,11
1982482,9.852996420511076,8
1982489,9.88062054446334,7
1982491,9.97985206416166,2
1982498,9.875000215705485,7
1982504,9.883098121234486,6
1982513,9.845834307652519,9
1982536,9.520433137711567,23
1982545,9.827840476891328,9
1982546,10.0,1
1982551,9.915800232507978,5
1982556,9.900469209788595,5
1982571,9.656074925881686,15
1982585,9.712297968177577,14
1982590,9.930637701944622,5
1982592,9.979594942387536,2
1982602,9.793280253509185,10
1982611,9.81260821854453,9
1982612,10.0,1
1982619,9.870124425262302,7
1982628,9.813496690355874,9
1982638,9.771836374529894,10
1982654,9.484111752863466,16
1982656,9.977900673014947,2
1982657,10.0,1
1982663,9.903179576719568,6
1982680,9.449318693541915,17
1982686,9.893423909303701,6
1982695,9.845992411668417,9
1982703,9.845969806688524,8
1982711,9.850961570927936,8
1982723,9.727714532789784,12
1982728,9.903056654177625,5
1982736,9.854361577273016,8
1982740,9.931598619382957,4
1982751,9.773057331351747,11
1982756,9.923002885305541,5
1982761,9.82807406021165,5
1982767,9.675868504956645,6
1982780,9.724020395590824,13
1982781,10.0,1
1982803,9.39206732366453,22
1982804,10.0,1
1982808,9.9470528157129,4
1982809,10.0,1
1982810,10.0,1
1982832,9.596086915701022,22
1982845,9.723854956817815,13
1982858,9.764935592724974,13
1982865,9.87328486653605,7
1982882,9.63715302310917,17
1982892,9.81783327455193,10
1982897,9.916675555524325,5
1982910,9.795432858374353,13
1982920,9.796738587474852,10
1982925,9.90799835346889,5
1982929,9.950651185559384,4
1982944,9.650875026111414,15
1982950,9.884525949121038,6
1982952,9.976225473761401,2
1982968,9.630605097325443,16
1982980,9.733247229007503,12
1982992,9.766787145844987,12
1983004,9.739679473762125,12
1983031,9.305792348076686,27
1983032,10.0,1
1983044,9.73312581824507,12
1983050,9.880200641929433,6
1983053,9.965185478782143,3
1983057,9.923569221490327,4
1983076,9.58763545239203,19
1983091,9.70670656492311,15
1983108,9.424976782728049,17
1983120,9.746039255541355,12
1983128,9.822970594136528,8
1983129,10.0,1
1983135,9.880488017561815,6
1983139,9.936354362032747,4
1983145,9.902085250935539,6
1983162,9.685830795493292,17
1983163,10.0,1
1983174,9.77148192325035,11
1983183,9.844582661145832,9
1983195,9.730279052643915,12
1983695,-213.84814196806428,500
1983708,9.704801605160034,13
1983716,9.851730820527358,8
1983718,9.978531855285532,2
1983721,9.95831137233703,3
1983732,9.752187535400433,11
1983733,10.0,1
1983734,10.0,1
1983745,9.78301315614166,11
1983757,9.717584415655068,12
1983770,9.681805239509918,13
1983784,9.482561121832209,14
1983785,10.0,1
1983802,9.518912073780402,17
1983808,9.87645181312278,6
1983812,9.9332250403301,4
1983814,9.980267871792886,2
1983829,9.698106267086507,15
1983842,9.718158110642477,13
1983855,9.775443246405649,13
1983864,9.825565067727116,9
1983878,9.66649103370723,14
1983890,9.777290366401205,12
1983899,9.841528092316867,9
1983904,9.912367786319598,5
1983911,9.864391466347456,7
1983919,9.863091749148124,8
1983922,9.94675058071356,3
1983927,9.900711135862101,5
1983928,10.0,1
1983940,9.740005068217762,12
1983952,9.792312412142756,12
1983966,9.672207103683245,14
1983972,9.871097823698573,6
1983974,9.971467162130628,2
1983987,9.722820470080512,13
1983995,9.836673704593178,8
1983997,9.972869617712043,2
1984010,9.712689837394773,13
1984019,9.822716310712636,9
1984027,9.842870384441445,8
1984034,9.892638547641809,7
1984048,9.707452227104634,14
1984062,9.557998171807373,14
1984071,9.825196444404616,9
1984075,9.932269301639113,4
1984078,9.960369209789281,3
1984083,9.904647350737378,5
1984084,10.0,1
1984085,10.0,1
1984090,9.923573157471504,5
1984099,9.797605241091466,9
1984100,10.0,1
1984101,10.0,1
1984119,9.636299889974975,18
1984129,9.79124231638279,10
1984139,9.786012530210746,10
1984154,9.638975107479565,15
1984166,9.75113659277627,12
1984185,9.549285043408133,19
1984188,9.961940098295583,3
1984190,9.982818792943592,2
1984191,9.992302736479795,1
1984199,9.879954422850506,8
1984211,9.732795845836007,12
1984218,9.878782156118445,7
1984219,9.993391270084693,1
1984224,9.912385851134772,5
1984242,9.665257863412846,18
1984244,9.973800732943603,2
1984249,9.928849336334324,5
1984250,9.992908183420864,1
1984254,9.935586576810278,4
1984264,9.807633984477487,10
1984265,10.0,1
1984274,9.797904255467333,9
1984282,9.832080297354915,8
1984283,10.0,1
1984295,9.736380042396908,12
1984299,9.930044893149134,4
1984314,9.716123122900687,15
1984324,9.804640184737435,10
1984333,9.837241023774379,9
1984343,9.787630322788509,10
1984358,9.639086156708373,15
1984364,9.900938867227586,6
1984370,9.899658730987255,6
1984382,9.737418148952976,12
1984390,9.848819306143392,8
1984391,9.989989688943883,1
1984402,9.784453915061126,11
1984410,9.824086566346283,8
1984422,9.740867240504535,12
1984427,9.924197398289946,5
1984435,9.872962753682984,8
1984440,9.945151235403642,5
1984455,9.646617204277529,15
1984461,9.899488090868813,6
1984464,9.962290276721474,3
1984483,9.642399731619546,19
1984491,9.867160682271786,8
1984492,10.0,1
1984519,9.456168687003617,27
1984534,9.681168503866859,15
1984535,10.0,1
1984539,9.947126011374076,4
1984552,9.728559203802996,13
1984566,9.703313203932266,14
1984567,10.0,1
1984579,9.763785782796683,12
1984593,9.722710042431968,14
1984598,9.923282275143327,5
1984607,9.821092287586831,9
1984611,9.953382388348585,4
1984616,9.92752705391582,5
1984635,9.567191149668748,19
1984645,9.799803481685002,10
1984649,9.94852533593704,4
1984650,10.0,1
1984655,9.922323547247732,5
1984672,9.632527961398667,17
1984676,9.932049890445176,4
1984691,9.679326936637164,15
1984703,9.7384399405423,12
1984721,9.56724375898244,18
1984730,9.853026665615342,9
1984739,9.820929140749369,9
1984740,10.0,1
1984746,9.901521915337064,6
1984770,9.070998143564827,24
1984779,9.816970295909048,9
1984788,9.811149532239241,9
1984800,9.749731065381235,12
1984814,9.69778777153788,14
1984821,9.868846738728925,7
1984829,9.828876642678296,8
1984839,9.799577260006165,10
1984853,9.727989643163436,14
1984862,9.83509035807585,9
1984880,9.597193997558055,18
1984885,9.92873744374423,5
1984889,9.745345482354999,4
1984892,9.957977305420423,3
1984905,9.736023358636814,13
1984919,9.739539397341607,14
1984927,9.832666190456427,8
1984930,9.956608180071607,3
1984933,9.959463836561902,3
1984942,9.80974714299976,9
1984956,9.708446865196834,14
1984973,9.498181774313482,17
1984980,9.90052380198552,7
1984986,9.899849429138449,6
1984998,9.717941886589594,12
1985010,9.739344355295943,12
1985021,9.770824819522124,11
1985031,9.787075934810076,10
1985042,9.765267127730306,11
1985047,9.927812293288516,5
1985060,9.723353131322144,13
1985078,9.605850681657303,18
1985082,9.92334252935831,4
1985083,10.0,1
1985088,9.92299411173896,5
1985089,10.0,1
1985102,9.723271526647608,13
1985103,10.0,1
1985111,9.848671597113265,8
1985127,9.612164111198249,16
1985134,9.872376082316793,7
1985137,9.951186132662974,3
1985143,9.918617189984266,6
1985151,9.857529080600921,8
1985157,9.897537231746796,6
1985163,9.902960070415741,6
1985167,9.93539918998855,4
1985175,9.848342845605996,8
1985183,9.851725030113577,8
1985185,9.97544790429551,2
1985201,9.63939857258977,16
1985217,9.289429121931514,16
1985226,9.792214146842015,9
1985227,10.0,1
1985237,9.590990605961316,10
1985245,8.77307594905607,8
1985253,9.855259128867955,8
1985260,9.87020985149087,7
1985269,9.822342930364949,9
1985270,10.0,1
1985279,9.86470413583311,9
1985284,9.912179672557267,5
1985289,9.899274046560095,5
1985300,9.812542843930263,11
1985304,9.948826568609316,4
1985311,9.870642397570782,7
1985325,9.689678936214346,14
1985335,9.817928931690076,10
1985346,9.749782381246114,11
1985353,9.86749920772637,7
1985370,9.441457516737145,17
1985381,9.811935578265228,11
1985399,9.300410900756859,18
1985410,9.751666350379871,11
1985422,9.800327826454602,12
1985438,8.800821344747645,16
1985445,9.873946312061554,7
1985462,9.62703818235381,17
1985482,9.598849736149806,20
1985483,10.0,1
1985488,9.911888084771801,5
1985499,9.78095008624306,11
1985519,9.639219512445102,20
1985522,9.959035240137572,3
1985523,10.0,1
1985538,9.67546755989095,15
1985543,9.915863622115294,5
1985551,9.839359101409139,8
1985565,9.697251612335428,14
1985579,9.698860801660496,14
1985590,9.758169439514282,11
1985601,9.830487938212242,11
1985615,9.751120268483678,14
1985626,9.773548204272247,11
1985640,9.71238045317091,14
1985656,9.62464111800827,16
1985657,10.0,1
1985668,9.81962977963177,11
1985678,9.798479321368763,10
1985686,9.843819023906011,8
1985699,9.709502820487554,13
1985711,9.786492301237926,12
1985723,9.718509441508365,12
1985737,9.707050439759142,14
1985749,9.774742973457858,12
1985760,9.739294553597354,11
1985766,9.91273447556879,6
1985775,9.818470285660673,9
1985789,9.701218085850066,14
1985795,9.892618268403483,6
1985803,9.861391851517931,8
1985812,9.824070238907549,9
1985819,9.875762483061415,7
1985834,9.726553576636041,15
1985838,9.944755904414055,4
1985839,10.0,1
1985848,9.835158925895364,9
1985871,9.559140302392587,23
1985882,9.754662353954298,11
1985897,9.641826816722975,15
1985899,9.97858982786244,2
1985911,9.750434167729386,12
1985914,9.946634940843998,3
1985919,9.920011455633412,5
1985931,9.741068195263535,12
1985932,10.0,1
1985938,9.90950309862272,6
1985941,9.949561604067659,3
1985951,9.769132534472243,10
1985961,9.788112916982517,10
1985975,9.716139327521718,14
1985988,9.740425067395487,13
1985994,9.889648467056867,6
1986011,9.336382857385672,17
1986025,9.714850262899402,14
1986026,10.0,1
1986033,9.867874712020281,7
1986043,9.788641156784458,10
1986053,9.779403735131996,10
1986065,9.725119979014735,12
1986075,9.792278843288829,10
1986076,10.0,1
1986086,9.763709469210244,10
1986095,9.822762548932515,9
1986102,9.874354485263662,7
1986105,9.963642793281458,3
1986115,9.790684987567573,10
1986116,10.0,1
1986120,9.944627393010562,4
1986137,9.667188094152403,17
1986138,9.992016429624767,1
1986148,9.818617367415994,10
1986152,9.931438416189772,4
1986162,9.769362692451367,10
1986176,9.666662987510103,14
1986177,9.987775245478346,1
1986186,9.8210488170311,9
1986203,9.595107682045509,17
1986219,9.62171027077446,16
1986220,10.0,1
1986221,10.0,1
1986230,9.835801261883587,9
1986231,10.0,1
1986236,9.907474701744563,5
1986249,9.721445841416534,13
1986254,9.913073449632291,5
1986266,9.713513448611636,12
1986273,9.887122097718121,7
1986283,9.815226804782572,10
1986291,9.844124596816043,8
1986297,9.876327771226885,6
1986305,9.849197061676637,8
1986319,9.680469132374132,14
1986333,9.686470775919982,14
1986340,9.882432948711465,7
1986357,9.631609882332485,17
1986364,9.895792930434494,7
1986368,9.940518124165436,4
1986373,9.906002364399743,5
1986374,10.0,1
1986378,9.944429946322982,4
1986379,10.0,1
1986387,9.820344784102174,8
1986388,10.0,1
1986407,9.567291035864674,19
1986411,9.934573407563306,4
1986417,9.892329278473408,6
1986436,9.531675596116377,19
1986437,10.0,1
1986439,9.974908404256613,2
1986450,9.745008878584756,11
1986457,9.861038592417302,7
1986471,9.678135045124362,14
1986478,9.866892739315889,7
1986489,9.738830259089378,11
1986491,9.969273569499865,2
1986503,9.742282303244012,12
1986508,9.919601429002029,5
1986516,9.848353121591066,8
1986531,9.659790074260375,15
1986539,9.843147481673586,8
1986555,9.612211124679082,16
1986562,9.886794326826928,7
1986580,9.597349099088525,18
1986585,9.915532081408386,5
1986595,9.78983942826871,10
1986605,9.805333485766845,10
1986617,9.765173740589633,12
1986635,9.565882161516786,18
1986639,9.931230860686743,4
1986643,9.94346365622664,4
1986650,9.860364580321065,7
1986656,9.89343385466777,6
1986664,9.840772320788139,8
1986668,9.937162272529868,4
1986679,9.765828613828758,11
1986693,9.686129057891145,14
1986701,9.85630638174597,8
1986702,9.987807235162343,1
1986714,9.741201910321765,12
1986731,9.303435978390967,17
1986741,9.80544765516798,10
1986760,9.631531351946723,19
1986770,9.778925496147009,10
1986785,9.675871793458743,15
1986790,9.922966501471494,5
1986791,9.992233997295385,1
1986802,9.748230004959511,11
1986808,9.892896864928252,6
1986817,9.823411374340557,9
1986824,9.840857337373215,7
1986833,9.825495254860478,9
1986843,9.836835952101309,10
1986854,9.77281873665759,11
1986862,9.837746820030588,8
1986866,9.940988453251107,4
1986875,9.861612218663392,9
1986879,9.944454649958791,4
1986880,10.0,1
1986886,9.901322238366882,6
1986901,9.633414726147588,15
1986907,9.885463717178741,6
1986922,9.699130911919855,15
1986936,9.677991547155731,14
1986946,9.784183542904541,10
1986961,9.638962103871098,15
1986973,9.763262215557653,12
1986978,9.91603230214712,5
1986985,9.86580250914693,7
1986995,9.782825474216043,10
1987016,9.560625887342958,21
1987035,9.576440476682356,19
1987047,9.72507541593232,12
1987055,9.85761247321986,8
1987066,9.778069045921871,11
1987085,9.654849007912249,19
1987097,9.758661118193007,12
1987117,9.5854950327703,20
1987120,9.961885445511982,3
1987126,9.878264964458136,6
1987140,9.670432047918212,14
1987144,9.934295612262854,4
1987162,9.627418751220295,18
1987163,10.0,1
1987168,9.933814978704884,5
1987183,9.68652272256341,15
1987190,9.869786048681583,7
1987198,9.827066925975924,8
1987199,10.0,1
1987214,9.710757659339045,15
1987215,10.0,1
1987242,9.309431150420261,27
1987256,9.68471611557245,14
1987264,9.820945489286782,8
1987271,9.86672156222391,7
1987275,9.934324255294246,4
1987281,9.687773027039654,6
1987295,9.718678567885313,14
1987307,9.736497118596471,12
1987320,9.721106616982029,13
1987820,-210.28614872591515,500
1987834,9.71818872446582,14
1987843,9.804626578488614,9
1987844,10.0,1
1987861,9.585799354955741,17
1987864,9.969172359050948,3
1987883,9.602952828822296,19
1987887,9.94176610992067,4
1987903,9.661271938000478,16
1987919,9.681098763053235,16
1987929,9.798502497655157,10
1987943,9.721639430700394,14
1987952,9.840649786414968,9
1987955,9.96854813748361,3
1987957,9.977270601399109,2
1987962,9.916130004079342,5
1987967,9.93911182293082,5
1987974,9.87560076372262,7
1987975,9.988377805898624,1
1987985,9.771809054008596,10
1988000,9.633248796538517,15
1988003,9.956574267620812,3
1988004,10.0,1
1988014,9.793743653708825,10
1988023,9.82779328475975,9
1988036,9.726566470272505,13
1988044,9.851463117571347,8
1988050,9.897908993588507,6
1988067,9.604201263741787,17
1988076,9.830281601334622,9
1988084,9.83435545033906,8
1988096,9.77621225559179,12
1988100,9.941789807534054,4
1988103,9.95351948822947,3
1988111,9.852687671454133,8
1988118,9.859548504791821,7
1988130,9.750932162772246,12
1988137,9.87735682456001,7
1988150,9.735236439342811,13
1988164,9.765927498288715,14
1988178,9.72735813162126,14
1988198,9.51932704127693,20
1988209,9.787004831603697,11
1988212,9.957857481517273,3
1988222,9.800234755971905,10
1988225,9.958749429087941,3
1988234,9.848972671794272,9
1988241,9.8768258245794,7
1988260,9.65414080781737,19
1988270,9.821144931598916,10
1988291,9.51401658352395,21
1988311,9.56621439908735,20
1988316,9.921002006638775,5
1988325,9.792235515566809,9
1988335,9.780741140559469,10
1988341,9.87124513192283,6
1988347,9.905873739566465,6
1988348,10.0,1
1988355,9.880047452241671,7
1988359,9.935720690017005,4
1988373,9.685341248316012,14
1988382,9.845202158946961,9
1988437,8.763432574925538,55
1988442,9.914984384709696,5
1988451,9.809074701666127,9
1988464,9.712299718449467,13
1988480,9.05021517814702,16
1988492,9.77071418523981,12
1988503,9.758667058185397,11
1988512,9.43939861718218,9
1988521,9.814454968230722,9
1988527,9.871984417778473,6
1988528,10.0,1
1988536,9.81599925357586,8
1988550,9.705858503204276,14
1988552,9.977552041285024,2
1988561,9.793203182581486,9
1988566,9.928064284722566,5
1988580,9.706714039898152,14
1988583,9.965451818515007,3
1988593,9.797890346089343,10
1988596,9.967585424678516,3
1988611,9.67063601632343,15
1988620,9.816784469955994,9
1988628,9.840429288155216,8
1988633,9.917886177950056,5
1988642,9.853964763956133,9
1988652,9.772936558500387,10
1988659,9.880858649013312,7
1988668,9.834404662123399,9
1988681,9.716890595850105,13
1988698,9.71810362679424,17
1988709,9.097187001184034,11
1988718,9.817799173161344,9
1988724,9.906556168749091,6
1988741,9.662185265342162,17
1988742,10.0,1
1988759,9.630396300279035,17
1988764,9.923053602423309,5
1988774,9.782986735910075,10
1988778,9.944822204957656,4
1988787,9.822346231924586,9
1988797,9.822104905647395,10
1988809,9.735309797631023,12
1988817,9.849184861108379,8
1988826,9.86317427630003,9
1988832,9.90490540512981,6
1988841,9.819103482893937,9
1988842,10.0,1
1988856,9.736013511270846,14
1988867,9.775241562597568,11
1988885,9.656947777638752,18
1988889,9.92940805835549,4
1988901,9.752392524436958,12
1988902,10.0,1
1988909,9.897033874867217,7
1988915,9.888179878954904,6
1988919,9.928478944736371,4
1988925,9.905029750836995,6
1988932,9.874528215228587,7
1988933,10.0,1
1988946,9.729235641042424,13
1988952,9.908097973201839,6
1988954,9.974161279926978,2
1988964,9.790099008418556,10
1988965,10.0,1
1988967,9.970208632352998,2
1988968,10.0,1
1988976,9.821266049416433,8
1988989,9.715789419048662,13
1988998,9.847000009425525,9
1989008,9.790488718913993,10
1989022,9.69381949279093,14
1989036,9.689307285429171,14
1989047,9.765367142177277,11
1989048,10.0,1
1989055,9.861254264244527,7
1989064,9.806893196432846,9
1989073,9.802818718037585,9
1989085,9.731645549223755,12
1989106,9.491369240213432,21
1989110,9.945456136990927,4
1989112,9.971162310701988,2
1989113,10.0,1
1989128,9.703682838355881,15
1989135,9.882744324867408,7
1989140,9.920735012253948,5
1989151,9.789925786474985,11
1989161,9.792976692076794,10
1989166,9.926613127785323,5
1989168,9.972996823703435,2
1989183,9.71582442522974,15
1989192,9.820945296519183,9
1989203,9.747125308966286,11
1989215,9.753797272871576,12
1989221,9.882446193898241,6
1989235,9.677750871524406,14
1989243,9.879140969526773,8
1989266,8.905799197863061,23
1989277,9.777660057671358,11
1989290,9.714256494202013,13
1989295,9.895710426933798,5
1989305,9.801013063936978,10
1989317,9.759098429424672,12
1989325,9.889855693782359,8
1989342,9.648781750725195,17
1989348,9.904179861996358,6
1989359,9.769005307635993,11
1989363,9.948626917474552,4
1989373,9.820638652224083,10
1989384,9.78468689571387,11
1989392,9.849122658895759,8
1989409,9.610969203237014,17
1989413,9.951520897926882,4
1989422,9.818733436047546,9
1989423,10.0,1
1989441,9.57712822603192,18
1989476,9.382462600883155,35
1989486,9.793390496144589,10
1989487,10.0,1
1989521,9.292146697726313,34
1989535,9.75166911538441,14
1989543,9.857814936082915,8
1989556,9.720897115615571,13
1989568,9.720521550009126,12
1989569,10.0,1
1989580,9.765942724928687,11
1989590,9.807642136124551,10
1989593,9.96704687740202,3
1989610,9.602083398982934,17
1989623,9.714098369166702,13
1989632,9.802745625350493,9
1989644,9.752328241761424,12
1989646,9.97426016804421,2
1989656,9.8019312356926,10
1989669,9.787020072136029,13
1989686,9.658742936056154,17
1989699,9.716711094808163,13
1989710,9.769118616689587,11
1989718,9.881588674675651,8
1989719,10.0,1
1989733,9.685443455448924,14
1989749,9.64030402592942,16
1989761,9.799452240912215,12
1989768,9.90699694208954,7
1989781,9.711989085288632,13
1989799,9.6327999572978,18
1989810,9.787803510015046,11
1989821,9.785879993752975,11
1989825,9.951010528969512,4
1989827,9.978391792922164,2
1989840,9.731753416772762,13
1989858,9.612840855174042,18
1989859,10.0,1
1989871,9.725189410127028,12
1989884,9.717873192594691,13
1989888,9.933789789158393,4
1989900,9.742062750756023,12
1989904,9.947204661200445,4
1989909,9.920493800288275,5
1989916,9.872230555200309,7
1989926,9.780609390141796,10
1989940,9.504648543336922,14
1989955,9.459384511368016,15
1989970,9.699543069183832,15
1989975,9.931737232620106,5
1989984,9.822338173586777,9
1989998,9.696938408727686,14
1990007,9.85041718740824,9
1990017,9.834802318734619,10
1990025,9.860141891794598,8
1990036,9.700581152880028,11
1990047,9.798171092795004,11
1990057,9.80269684396982,10
1990067,9.802139755521132,10
1990075,9.842824554961151,8
1990087,9.740858553277386,12
1990089,9.972655139018956,2
1990101,9.792196773320692,12
1990107,9.89507553864973,6
1990113,9.883907099309734,6
1990132,9.534006747378356,19
1990136,9.939198530660532,4
1990152,9.649965947401295,16
1990157,9.920510878748509,5
1990175,9.472336087141292,18
1990187,9.723801381482627,12
1990191,9.949082134703481,4
1990196,9.912784018142792,5
1990198,9.976656884446918,2
1990209,9.756214854874948,11
1990211,9.986779025654446,2
1990215,9.930763279200642,4
1990227,9.733462793589,12
1990243,9.641791462984363,16
1990251,9.865061321508554,8
1990264,9.731023872097609,13
1990270,9.918805967875237,6
1990290,9.566264395737104,20
1990301,9.804552511240248,11
1990311,9.808686362468759,10
1990314,9.96744475408704,3
1990330,9.646576176233014,16
1990342,9.742246140112071,12
1990343,9.993492890569687,1
1990354,9.773317879746878,11
1990364,9.784744698847,10
1990372,9.84617926145754,8
1990382,9.794133693442122,10
1990386,9.932395023690024,4
1990402,9.699014327037837,16
1990409,9.87688428732149,7
1990424,9.754078738041624,15
1990448,9.48335418681854,24
1990457,9.82708753385469,9
1990462,9.906156229991293,5
1990475,9.736140756289455,13
1990476,10.0,1
1990477,10.0,1
1990489,9.748663817897224,12
1990497,9.837784259024112,8
1990516,9.56411455391204,19
1990535,9.537085638953824,19
1990545,9.792939570957708,10
1990554,9.81143125838901,9
1990566,9.771925870307564,12
1990567,9.996294838871533,1
1990573,9.899876897113028,6
1990584,9.764005074252077,11
1990591,9.87691541193942,7
1990606,9.721279547717462,15
1990626,9.551763656882073,20
1990637,9.770791884630837,11
1990670,9.426626948872837,33
1990688,9.63491375449809,18
1990694,9.890948059351702,6
1990695,10.0,1
1990704,9.618553793866106,9
1990717,9.762780420530003,13
1990725,9.869799078489438,8
1990733,9.83067872943566,8
1990736,9.961834377036153,3
1990737,10.0,1
1990754,9.635387086432589,17
1990755,10.0,1
1990767,9.80775663454598,12
1990776,9.12395973334036,9
1990788,9.747373125257749,12
1990811,9.348558887745405,23
1990815,9.94408634061346,4
1990825,9.811463160941658,10
1990826,10.0,1
1990831,9.912258001248123,5
1990850,9.567424705125791,19
1990902,8.908636202181889,52
1990913,9.750155380721631,11
1990923,9.833100254995895,10
1990924,10.0,1
1990940,9.654579885246546,16
1990951,9.747389570230402,11
1990958,9.88655067565213,7
1990969,9.814663078578976,11
1990984,9.491821052679757,15
1990989,9.91629935632927,5
1990998,9.812861253687547,9
1991008,9.768557032755622,10
1991027,9.639981945247955,19
1991045,9.164449698873671,18
1991050,9.931693413219781,5
1991051,10.0,1
1991060,9.80215575723981,9
1991071,9.774895263746437,11
1991076,9.911600153960483,5
1991083,9.857398026391161,7
1991092,9.84031267817804,9
1991106,9.680851542852427,14
1991110,9.933585020765378,4
1991116,9.891996635829953,6
1991125,9.817702694211182,9
1991130,9.926213802328599,5
1991139,9.807575167467183,9
1991152,9.708859473784633,13
1991154,9.972489458130793,2
1991158,9.937719745768165,4
1991165,9.876085475172127,7
1991191,9.079469108081035,26
1991199,9.835797874379754,8
1991204,9.918140101519286,5
1991222,9.61693864908723,18
1991233,9.797400356680049,11
1991242,9.805091235194412,9
1991256,9.693200038866996,14
1991257,10.0,1
1991261,9.943570740531532,4
1991264,9.970021718246795,3
1991271,9.853808880337771,7
1991281,9.764931393334145,10
1991318,8.422302373343829,37
1991339,9.582314927131707,21
1991347,9.857680424961234,8
1991350,9.966932287181098,3
1991361,9.762297933790835,11
1991377,9.624824546110375,16
1991384,9.864596042034542,7
1991388,9.940444954213117,4
1991397,9.784811507847245,9
1991402,9.913504919852715,5
1991413,9.78062292963418,11
1991421,9.666349539312426,8
1991422,9.995772260144149,1
1991423,10.0,1
1991434,9.76223444012605,11
1991438,9.939370450258645,4
1991440,9.982642988780533,2
1991452,9.730042205444448,12
1991459,9.873774162035728,7
1991466,9.875239371702472,7
1991472,9.90855540995504,6
1991482,9.784946921401433,10
1991497,9.69393928138109,15
1991510,9.525497713341919,13
1991523,9.728929704720098,13
1991531,9.834939302755046,8
1991541,9.788152317300618,10
1991546,9.91510698979695,5
1991553,9.870579265126741,7
1991554,10.0,1
1991565,9.841094577188562,11
1991573,9.844447318247548,8
1991579,9.896974780926419,6
1991580,10.0,1
1991592,9.753919521040846,12
1991600,9.866903478539637,8
1991604,9.946976651514092,4
1991620,9.673295007810434,16
1991627,9.872537158065386,7
1991645,9.5052939563678,18
1991654,9.83702176103625,9
1991666,9.632823558504814,12
1991667,10.0,1
1991675,9.84393166125222,8
1991684,9.82924016242312,9
1991685,10.0,1
1991697,9.729437131951213,12
1991704,9.841815008161209,7
1991715,9.796858616524226,11
1991727,9.730347536006668,12
1991734,9.872411743908163,7
1991739,9.924606572395113,5
1991752,9.701880836367938,13
1991765,9.704173753107773,13
1991775,9.813213417556371,10
1991780,9.919869882442473,5
1991790,9.784380146465885,10
1991801,9.764969432948655,11
1991811,9.820702010536516,10
1991812,10.0,1
1991819,9.857179638481256,7
1991824,9.904394524890868,5
1991829,9.90455883098327,5
1991840,9.777756503151327,11
1991847,9.878344479264499,7
1991856,9.642448596213113,9
1991860,9.94103894647069,4
1991871,9.764586545519537,11
1991887,9.66881777223368,16
1991898,9.659988620773444,11
1991905,9.864712970605511,7
1991921,9.662362694391305,16
1991927,9.895764030311742,6
1991934,9.87255311402976,7
1991938,9.935653219978096,4
1991955,9.031253179532781,17
1991959,9.91931207966756,4
1991975,9.699181941326398,16
1991979,9.941454775631527,4
1991989,9.789739204464908,10
1991996,9.879849413745081,7
1992000,9.93947784220323,4
1992011,9.779987762812963,11
1992012,10.0,1
1992021,9.798883260221245,9
1992024,9.968781036400602,3
1992046,9.577650360664563,22
1992116,6.04823097826297,70
1992122,9.902764144853887,6
1992130,9.772472165068544,8
1992139,9.500667181619692,9
1992148,9.812931776722976,9
1992149,9.99271999450423,1
1992156,9.881711326265496,7
1992171,9.703843626742895,15
1992183,9.724338295914341,12
1992189,9.909429266444786,6
1992202,9.753423128435726,13
1992207,9.927554664388468,5
1992216,9.823952381758074,9
1992230,9.706190635639558,14
1992238,9.84063312741405,8
1992250,9.750100602931933,12
1992264,9.721319952361034,14
1992272,9.839617799619749,8
1992281,9.799049094488794,9
1992282,9.992758546221957,1
1992294,9.71564320890132,12
1992302,9.828474996286792,8
1992303,10.0,1
1992311,9.84281275074712,8
1992332,9.56526292321529,21
1992348,9.65838116845257,16
1992354,9.888806338479506,6
1992355,10.0,1
1992359,9.922238681671692,4
1992370,9.787750813981106,11
1992378,9.852899982167726,8
1992394,9.672159402724727,16
1992395,10.0,1
1992412,9.68053149600001,17
1992422,9.773727213206584,10
1992437,9.685182689317061,15
1992454,9.476035824121762,17
1992469,9.688669236819376,15
1992478,9.845376808626137,9
1992485,9.865266717142084,7
1992486,10.0,1
1992496,9.80575695546781,10
1992511,9.66975917952323,15
1992522,9.767603633914652,11
1992533,9.768576609662006,11
1992544,9.78178390561562,11
1992550,9.906765470632134,6
1992551,10.0,1
1992564,9.712796178312656,13
1992578,9.682888999443168,14
1992588,9.701991376225973,10
1992596,9.866271627540222,8
1992598,9.9782852587133,2
1992605,9.875220472804813,7
1992613,9.83718012487093,8
1992630,9.624067373883431,17
1992642,9.761904015698816,12
1992651,9.83229983759275,9
1992656,9.9070703791255,5
1992666,9.800305326754913,10
1992681,9.629152990630828,15
1992688,9.848890029574676,7
1992690,9.97738643157363,2
1992694,9.946489517575586,4
1992695,10.0,1
1992698,9.970238525536395,3
1992699,10.0,1
1992714,9.449144799270433,15
1992721,9.896477622246243,7
1992733,9.739391286567912,12
1992751,9.200385943614442,18
1992762,9.764913519691904,11
1992763,10.0,1
1992772,9.817725667534072,9
1992774,9.986126932307059,2
1992784,9.79000657163904,10
1992790,9.87633036568236,6
1992800,9.783019123259175,10
1992816,9.43306035036826,16
1992817,9.988022404763166,1
1992828,9.773333227311399,11
1992834,9.910131587883615,6
1992836,9.974012604031113,2
1992840,9.934638539223549,4
1992844,9.934849918797715,4
1992849,9.924019835835901,5
1992850,9.993147960260325,1
1992868,8.79427090630412,18
1992877,9.859098391005473,9
1992885,9.84821704120721,8
1992898,9.683290641762529,13
1992906,9.858467571967585,8
1992921,9.6419072392054,15
1992953,9.379881158699833,32
1992963,9.793182283643159,10
1992970,9.863400961512577,7
1992979,9.80864743022936,9
1992985,9.891603163619614,6
1993000,9.218046916741939,15
1993010,9.68378540435144,10
1993011,10.0,1
1993019,9.850056314319524,8
1993030,9.756975232980327,11
1993039,9.821802274973699,9
1993050,9.7783139214845,11
1993068,8.22502558704009,18
1993076,9.839896701039503,8
1993089,9.716775204165057,13
1993100,9.808348200428181,11
1993109,9.871880530968523,9
1993113,9.951720975251016,4
1993132,9.597196914182783,19
1993133,10.0,1
1993144,9.767901982364885,11
1993157,9.734678778059191,13
1993165,9.747061843847767,8
1993176,9.760402217159983,11
1993187,9.76096065998836,11
1993194,9.867765128306246,7
1993195,10.0,1
1993199,9.936103616811625,4
1993206,9.888456848586024,7
1993219,9.593233132305224,13
1993225,9.887505565084622,6
1993228,9.967999813512773,3
1993236,9.839567900385658,8
1993243,9.889747618129928,7
1993248,9.911572858217802,5
1993258,9.795079748137036,10
1993259,10.0,1
1993272,9.745400310036969,13
1993283,9.794974596572288,11
1993295,9.754668332066679,12
1993303,9.886168898350427,8
1993306,9.961378060644591,3
1993315,9.810980782640552,9
1993328,9.70616322496323,13
1993329,10.0,1
1993341,9.725886566709102,12
1993342,9.991959424973592,1
1993354,9.755564249351094,12
1993366,9.727968742536587,12
1993373,9.871042444709945,7
1993388,9.62381539703465,15
1993398,9.78645290692328,10
1993404,9.900354627662779,6
1993412,9.838792787806678,8
1993418,9.892503309572671,6
1993424,9.888650269605153,6
1993436,9.751414384486909,12
1993444,9.866988612079249,8
1993453,9.845576793850103,9
1993463,9.826945162455367,10
1993464,10.0,1
1993474,9.51511185550886,10
1993481,9.869492607481748,7
1993485,9.93661271142793,4
1993497,9.798047214559581,12
1993506,9.818356110309539,9
1993517,9.769945006316032,11
1993524,9.860432041469984,7
1993532,9.874991812632494,8
1993545,9.704721260492848,13
1993562,9.673935790522718,17
1993570,9.87056385643103,8
1993585,9.657650964804384,15
1993592,9.865190250098705,7
1993598,9.907172307895248,6
1993602,9.942576744075811,4
1993613,9.773013994019276,11
1993620,9.865675062204136,7
1993631,9.780226355590367,11
1993644,9.710647120669679,13
1993661,9.67707923448192,17
1993675,9.692088725125613,14
1993685,9.829049411902117,10
1993691,9.884427807655339,6
1993708,9.574634148019738,17
1993717,9.830361550021113,9
1993726,9.822490577264917,9
1993732,9.907282246904634,6
1993738,9.891713736515714,6
1993739,10.0,1
1993750,9.77172489082893,11
1993763,9.699567075437455,13
1993769,9.892066123214024,6
1993787,9.6209139410724,18
1993788,10.0,1
1993794,9.907903991340445,6
1993799,9.915765997720705,5
1993821,9.497848332331698,22
1993822,10.0,1
1993829,9.874692441457526,7
1993833,9.946425603118414,4
1993846,9.711436834915192,13
1993854,9.860120560235947,8
1993861,9.85344526474072,7
1993874,9.722097164261397,13
1993878,9.943940269433448,4
1993879,10.0,1
1993889,9.810894274532666,10
1993902,9.729824529306171,13
1993912,9.791958025688619,10
1993917,9.912846128538355,5
1993924,9.852414183759754,7
1993937,9.748189437838004,13
1993944,9.867222622570512,7
1993948,9.949383195183795,4
1993950,9.981054622210348,2
1993962,9.662459673493236,12
1993964,9.980018050079511,2
1993976,9.788149990197704,12
1993984,9.859266475633106,8
1993992,9.84736799675953,8
1994000,9.849447332032339,8
1994021,9.372131453674308,21
1994033,9.730123994841987,12
1994038,9.93538230588708,5
1994047,9.828668918872344,9
1994055,9.836355756988205,8
1994064,9.82306500639771,9
1994065,10.0,1
1994080,9.519713397733081,15
1994088,9.651508121716976,8
1994099,9.747975787130853,11
1994107,9.840738191647556,8
1994119,9.77043129219018,12
1994133,9.705404189587044,14
1994146,9.687772116454655,13
1994157,9.805359984848518,11
1994170,9.72416373528408,13
1994173,9.970480511463174,3
1994187,9.74644415079972,14
1994192,9.922224907255078,5
1994198,9.880024030714955,6
1994209,9.753085318838371,11
1994225,9.659487508200675,16
1994229,9.941752620759758,4
1994243,9.405945391057589,14
1994244,10.0,1
1994254,9.809807950326897,10
1994262,9.823969866368314,8
1994273,9.764504724826017,11
1994281,9.837363311192293,8
1994286,9.929062659774623,5
1994290,9.936904373148337,4
1994301,9.584766433082716,11
1994314,9.704682550391112,13
1994317,9.961427689258764,3
1994330,9.72730574115325,13
1994331,10.0,1
1994333,9.977759975650747,2
1994356,9.534952941939142,23
1994362,9.877413473274967,6
1994368,9.900633847045013,6
1994378,9.773697147623293,10
1994389,9.783956278174147,11
1994395,9.879572077214199,6
1994408,9.752378193191285,13
1994413,9.921616965207653,5
1994419,9.697885360155489,6
1994421,9.968550942680805,2
1994435,9.684679151183472,14
1994441,9.905488250510587,6
1994445,9.936923563229815,4
1994456,9.734927561937024,11
1994466,9.815488790781878,10
1994472,9.886809884801767,6
1994477,9.9164479887595,5
1994486,9.81619206611569,9
1994491,9.902273368080786,5
1994501,9.812557811736742,10
1994507,9.882298731603212,6
1994517,9.790826028644355,10
1994518,10.0,1
1994533,9.701920984206332,15
1994541,9.855720450439245,8
1994559,9.599833701892429,18
1994567,9.83375860857648,8
1994576,9.815312257947383,9
1994587,9.768746651613153,11
1994600,9.696121065768473,13
1994610,9.772428981033551,10
1994616,9.907009678266162,6
1994630,9.76004459057438,14
1994637,9.855892069031572,7
1994648,7.951266370461472,11
1994660,9.757207854199473,12
1994667,9.863384299396289,7
1994672,9.903071025504714,5
1994682,9.773320996965598,10
1994695,9.718297794467421,13
1994709,9.675900215445816,14
1994725,9.631241865835529,16
1994728,9.971339291666828,3
1994746,9.563320802582155,18
1994747,10.0,1
1994756,9.84285004033207,9
1994760,9.927829499030981,4
1994768,9.874717154172371,8
1994779,9.761437298888842,11
1994780,10.0,1
1994796,9.61372427813904,16
1994799,9.955026849370684,3
1994817,9.635178155723342,18
1994826,9.82477520474638,9
1994836,9.831016716167941,10
1994848,9.762345944343002,12
1994853,9.920965419394035,5
1994873,8.82350168105558,20
1994886,9.695965541827537,13
1994908,9.44149804069026,22
1994921,9.752721717162775,13
1994931,9.77170052602241,10
1994943,9.7438672134382,12
1994948,9.73089586593987,5
1994950,9.977161007502268,2
1994958,9.8232891194299,8
1994971,9.710708839331152,13
1994972,9.988847529083193,1
1994980,9.830542480381553,8
1994986,9.884192231474435,6
1995004,9.597243422723714,18
1995016,9.712673294745406,12
1995024,9.82742506772976,8
1995035,9.766573604517138,11
1995046,9.799077722434728,11
1995054,9.859525337182962,8
1995057,9.96913250466484,3
1995062,9.90909166538342,5
1995071,9.802385664480932,9
1995085,9.678697763823285,14
1995090,9.923625924265407,5
1995107,9.59507782395763,17
1995111,9.94269992343648,4
1995124,9.696365882160377,13
1995140,9.676003123011938,16
1995146,9.893558718769965,6
1995153,9.887190957467201,7
1995164,9.745619377674112,11
1995177,9.784225386896066,13
1995185,9.831858800487193,8
1995196,9.778317876285179,11
1995202,9.889230239467592,6
1995210,9.82202873023938,8
1995215,9.927299105853182,5
1995228,9.727391317866907,13
1995240,9.790596333013267,12
1995251,9.771940163627844,11
1995259,9.822393634903667,8
1995265,9.887308155855841,6
1995274,9.80953771302334,9
1995282,9.833093739817862,8
1995289,9.853663301243822,7
1995298,9.819075480768976,9
1995301,9.948602705488671,3
1995340,8.929018649332237,39
1995341,10.0,1
1995357,9.700693473083058,16
1995358,10.0,1
1995377,7.922064319107237,19
1995378,10.0,1
1995395,9.589588616402516,17
1995402,9.854711705441838,7
1995403,10.0,1
1995412,9.831017642850917,9
1995419,9.862853034201754,7
1995426,9.84212404600612,7
1995434,9.845428110020672,8
1995451,9.598054835499516,17
1995452,10.0,1
1995466,9.672486688931244,14
1995483,6.242629329216417,17
1995490,9.894307594994894,7
1995496,9.892376647737034,6
1995503,9.871783701335813,7
1995504,10.0,1
1995511,9.847216126222166,7
1995513,9.98249386063125,2
1995525,9.721526942777482,12
1995536,9.768164955275726,11
1995543,9.887372784805681,7
1995546,9.967824149411635,3
1995789,1.4219090546062763,243
1995790,9.996407107299042,1
1995800,9.79774693854659,10
1995803,9.959196468068825,3
1995804,10.0,1
1995820,9.726188427563901,16
1995833,9.67289540613108,13
1995839,9.90586282416147,6
1995855,9.707099670955088,16
1995868,9.715772384272926,13
1995883,9.72363948848929,15
1995885,9.985840503350513,2
1995887,9.970660371206995,2
1995893,9.884991689942309,6
1995894,10.0,1
1995911,9.518499778855583,17
1995919,9.828064779453845,8
1995921,9.978132794026365,2
1995925,9.928065200114613,4
1995926,10.0,1
1995929,9.956503764037425,3
1995935,9.901687196490078,6
1995946,9.764240927093022,11
1995969,9.530147870625942,23
1995978,9.80454372253891,9
1995984,9.893292036493886,6
1995990,9.887623746830613,6
1995997,9.881245806429156,7
1996009,9.773157608045691,12
1996015,9.905261089260174,6
1996016,10.0,1
1996028,9.738285782113568,12
1996047,9.540656030120704,19
1996048,10.0,1
1996060,9.7497385843841,12
1996072,9.736953396067769,12
1996085,9.71095563657755,13
1996089,9.946097464453825,4
1996094,9.916777322103847,5
1996104,9.806148150538217,10
1996114,9.798402255590789,10
1996116,9.970140347157939,2
1996129,9.719840200911847,13
1996140,9.747218124172178,11
1996153,9.730135677228146,13
1996164,9.781650664337207,11
1996170,9.89540613883847,6
1996171,10.0,1
1996172,10.0,1
1996183,9.834080684859995,11
1996202,9.54940431580873,19
1996208,9.893801673609275,6
1996217,9.8491612350017,9
1996229,9.74490760938946,12
1996236,9.867611124449821,7
1996245,9.8060573040545,9
1996252,9.870161480501139,7
1996258,9.892411889769324,6
1996264,9.894962048729404,6
1996267,9.968403121818056,3
1996279,9.700191233924404,12
1996296,9.667536671624235,17
1996305,9.82854361936125,9
1996306,10.0,1
1996311,9.91235392921695,5
1996317,9.88157344030252,6
1996326,9.8165024182227,9
1996334,9.826539254263828,8
1996347,9.731389790530207,13
1996358,9.757136620475402,11
1996368,9.585544623935233,10
1996378,9.788175635099591,10
1996392,9.65874282517238,14
1996400,9.83052811948866,8
1996412,9.772321167968267,12
1996424,9.344876379087333,12
1996428,9.944820039181126,4
1996437,9.855941138128168,9
1996450,9.730614375002627,13
1996470,9.580773647197196,20
1996482,9.758806597427466,12
1996496,9.514159390307944,14
1996507,9.772936716852765,11
1996516,9.801809435014325,9
1996518,9.983578074092566,2
1996531,9.736952213612437,13
1996540,9.802477921188736,9
1996554,9.701501654560866,14
1996559,9.916479587661136,5
1996568,9.80606960960983,9
1996579,9.804480875458214,11
1996580,10.0,1
1996590,9.794523915131588,10
1996602,9.75183734814516,12
1996606,9.935161716963487,4
1996615,9.840584893876072,9
1996629,9.691193457751181,14
1996639,9.800449613738337,10
1996648,9.808146055356099,9
1996650,9.971954661707255,2
1996666,9.639941953077086,16
1996675,9.822557127134093,9
1996682,9.876558852905402,7
1996694,9.744154041207441,12
1996706,9.756897187758762,12
1996719,9.724928410220581,13
1996740,9.570867959650819,21
1996751,9.769678604070496,11
1996760,9.83032175286952,9
1996762,9.967893464100161,2
1996773,9.775812136182797,11
1996792,9.606502008948748,19
1996795,9.960418626229615,3
1996805,9.82412493573922,10
1996810,9.92295262592645,5
1996817,9.887264409702105,7
1996829,9.73247153111948,12
1996838,9.832629706751046,9
1996848,9.778754363596487,10
1996851,9.960486461476378,3
1996856,9.919748349239091,5
1996871,9.655246706794598,15
1996878,9.879015391587481,7
1996886,9.84441251313145,8
1996900,9.678996684191752,14
1996904,9.946108894947292,4
1996910,9.886173460231651,6
1996918,9.829773064914557,8
1996919,10.0,1
1996930,9.811408838598124,11
1996937,9.890425802273022,7
1996946,9.828144616464778,9
1996952,9.911619771561202,6
1996953,10.0,1
1996959,9.903779390095899,6
1996965,9.88355503940507,6
1996979,9.70899317060724,14
1996980,10.0,1
1996987,9.87033666532286,7
1997000,9.73118270339987,13
1997002,9.973771681579223,2
1997003,10.0,1
1997008,9.935991629018318,5
1997012,9.94931888660009,4
1997018,9.895241951739205,6
1997029,9.761659104700744,11
1997041,9.752223114928992,12
1997048,9.861573287770854,7
1997064,9.665514019244098,16
1997086,9.352865151250517,22
1997095,9.844025868208469,9
1997104,9.834398724046197,9
1997109,9.913161775063443,5
1997123,9.671650425101735,14
1997124,10.0,1
1997131,9.888277084904555,7
1997149,9.608913877463076,18
1997159,9.798178719796548,10
1997175,9.636347659273975,16
1997180,9.902680090686273,5
1997186,9.879216516763503,6
1997200,9.700629824737687,14
1997217,9.519395691879074,17
1997230,9.687849560294866,13
1997249,9.614733494369396,19
1997261,9.736733352767354,12
1997273,9.755196522349591,12
1997282,9.71563241730869,9
1997291,9.845756054076782,9
1997299,9.823567082975028,8
1997305,9.900449431555701,6
1997317,9.771911400325628,12
1997318,10.0,1
1997330,9.750292224621893,12
1997341,9.786493486063593,11
1997355,9.682891643049434,14
1997364,9.806125711989312,9
1997379,9.645072650631281,15
1997386,9.885530112960602,7
1997396,9.814536114130627,10
1997409,9.702000093638796,13
1997418,9.406445346291573,9
1997427,9.790807072308937,9
1997428,10.0,1
1997433,9.92933858379286,5
1997442,9.821806969464996,9
1997461,9.565223083927528,19
1997473,9.746380042539949,12
1997482,9.816541414434464,9
1997495,9.728910344880056,13
1997513,9.610030925752959,18
1997531,9.630933871046675,18
1997532,10.0,1
1997533,10.0,1
1997539,9.892818309685271,6
1997540,10.0,1
1997553,9.718050964527203,13
1997558,9.918716564714263,5
1997559,10.0,1
1997568,9.842533999406552,9
1997578,9.774744456225681,10
1997580,9.972362449888099,2
1997586,9.8792559488997,6
1997587,9.993260219545919,1
1997596,9.809171701206996,9
1997597,10.0,1
1997598,10.0,1
1997612,9.755132455161828,14
1997624,9.76486447805174,12
1997629,9.922837724807781,5
1997649,9.597832288150025,20
1997658,9.844181461976572,9
1997659,10.0,1
1997663,9.956073403371121,4
1997672,9.828762804617693,9
1997679,9.89998645634049,7
1997689,9.7886809793665,10
1997702,9.708851125488357,13
1997713,9.779849485145208,11
1997718,9.92693200761494,5
1997731,9.701521296675713,13
1997752,9.591762628209061,21
1997757,9.92724700843843,5
1997776,9.664835998015864,19
1997785,9.820153009614845,9
1997786,9.993051233487776,1
1997800,9.70371075953257,14
1997801,10.0,1
1997805,9.95347476244034,4
1997810,9.91271812449571,5
1997821,9.68561187924241,11
1997835,9.691287288571557,14
1997849,9.728014842833106,14
1997858,9.858513051159054,9
1997869,9.748335731771105,11
1997876,9.870174743478806,7
1997890,9.700287503363985,14
1997897,9.86842257781199,7
1997916,9.532869790689128,19
1997921,9.914676322302395,5
1997928,9.883007138161474,7
1997939,9.711810889617018,11
1997955,9.651979683751474,16
1997970,9.734867371080432,15
1997975,9.915485469921164,5
1997979,9.935523936077333,4
1997980,10.0,1
1997985,9.903914144290994,5
1997995,9.799424975035336,10
1998000,9.911657036317843,5
1998007,9.850219063812947,7
1998016,9.829366210643238,9
1998024,9.845260279900494,8
1998025,9.996853756153303,1
1998026,10.0,1
1998027,10.0,1
1998040,9.759446373950691,13
1998046,9.87850074154453,6
1998057,9.811130044653552,11
1998065,9.852889685367563,8
1998076,9.750441887829004,11
1998086,9.768403771302903,10
1998089,9.964762797770021,3
1998097,9.85541642806704,8
1998100,9.961249577350886,3
1998108,9.847189048543624,8
1998121,9.742396286940679,13
1998127,9.91309639409116,6
1998130,9.951494802174603,3
1998133,9.955608995130248,3
1998177,9.229810774782678,44
1998191,9.67711494254476,14
1998208,9.639713132802909,17
1998213,9.933437577883556,5
1998216,9.964450517299946,3
1998217,10.0,1
1998223,9.889881088561403,6
1998235,9.800558559429499,12
1998236,10.0,1
1998243,9.86076217461848,7
1998246,9.968529310501859,3
1998258,9.722076960125683,12
1998263,9.924144353706355,5
1998266,9.959224727069994,3
1998279,9.741153539085579,13
1998282,9.953620859514672,3
1998297,9.687211785999922,15
1998307,9.794624256673625,10
1998325,9.565840697480104,18
1998336,9.78479096393889,11
1998346,9.790865529411434,10
1998351,9.936365304315736,5
1998368,9.589143182458326,17
1998376,9.839822356282118,8
1998384,9.841759339172595,8
1998399,9.670861745120982,15
1998400,10.0,1
1998404,9.932739369623599,4
1998437,9.329929975373611,33
1998442,9.923308718589514,5
1998447,9.9322033802391,5
1998448,10.0,1
1998458,9.773911957334573,10
1998464,9.884533705533505,6
1998478,9.39190038474831,14
1998487,9.812916078195293,9
1998500,9.09951786728484,13
1998512,9.724644490837829,12
1998526,9.689709285857802,14
1998533,9.853510205629181,7
1998538,9.924113954951874,5
1998544,9.90981825181729,6
1998551,9.881602597413197,7
1998559,9.849437101835367,8
1998570,9.804034959248835,11
1998580,9.780155405981063,10
1998592,9.74304355630032,12
1998604,9.761683654495098,12
1998608,9.942691309446705,4
1998616,9.815676455469859,8
1998617,10.0,1
1998618,9.992864343706628,1
1998619,9.996434590379028,1
1998632,9.704437553611186,13
1998643,9.754787505000488,11
1998647,9.932290409419632,4
1998661,9.696704790143594,14
1998666,9.920779426919191,5
1998671,9.918071695596074,5
1998677,9.905544457853015,6
1998695,9.620194538821671,18
1998705,9.820249908691434,10
1998719,9.677354812365833,14
1998732,9.732642280579837,13
1998739,9.875286163822674,7
1998740,9.996520756349277,1
1998747,9.869093425384882,7
1998755,9.878479068895558,8
1998766,9.756946129851984,11
1998770,9.934443569444944,4
1998780,9.799728382836943,10
1998806,9.349062315709812,26
1998807,9.992571876048444,1
1998814,9.754771673290577,7
1998819,9.91764977052297,5
1998830,9.758150924602013,11
1998840,9.778255138718183,10
1998860,9.651352236412423,20
1998867,9.878593898893085,7
1998874,9.891101429010055,7
1998884,9.773783526756063,10
1998898,9.682766562816546,14
1998913,9.708290883055296,15
1998932,9.567888577505,19
1998937,9.919034686246702,5
1998946,9.805821138619045,9
1998949,9.961770293018251,3
1998968,9.612356948244793,19
1998982,9.692119879512667,14
1998986,9.93682464913054,4
1998993,9.884803290840825,7
1999005,9.733732416756656,12
1999006,9.989092553396755,1
1999008,9.979036947304017,2
1999011,9.965113314152553,3
1999019,9.829777413139867,8
1999021,9.985559955648016,2
1999027,9.897141177705686,6
1999028,10.0,1
1999039,9.743144812309437,11
1999049,9.797395387864345,10
1999053,9.94200391569602,4
1999059,9.903288127288661,6
1999071,9.808895892153094,12
1999082,9.772942122740913,11
1999128,9.10221988167733,46
1999136,9.755886764470292,8
1999147,9.787109965440246,11
1999153,9.885998578013801,6
1999161,9.868763928368695,8
1999176,9.63516435644845,15
1999188,9.755782867609886,12
1999196,9.863152640167948,8
1999200,9.937596305165068,4
1999214,9.718790228321577,14
1999228,9.716689035255667,14
1999229,10.0,1
1999237,9.753161692567401,8
1999245,9.844760583070691,8
1999254,9.798791557783753,9
1999271,9.67462863650234,17
1999274,9.948186063668453,3
1999276,9.980636823938621,2
1999291,9.679559564312239,15
1999296,9.932894033666614,5
1999304,9.858608587321786,8
1999316,9.756277612308732,12
1999326,9.826799859093256,10
1999339,9.751016500602791,13
1999353,9.719121270962972,14
1999362,9.814383568016877,9
1999369,9.883463745103215,7
1999384,9.661505018978907,15
1999397,9.729344198682556,13
1999408,9.756002264167936,11
1999423,9.678451048223554,15
1999431,9.849055160691899,8
1999445,9.716491734024096,14
1999457,9.751332021785354,12
1999467,9.79757465457469,10
1999473,9.898132939753852,6
1999479,9.893022599180446,6
1999488,9.818784245213978,9
1999501,9.786055728622364,13
1999512,9.819498620940985,11
1999519,9.89966477393197,7
1999520,10.0,1
1999521,10.0,1
1999531,9.800924101884634,10
1999541,9.776045991157478,10
1999542,10.0,1
1999545,9.956738660534945,3
1999562,9.694120630677055,17
1999570,9.866780369147518,8
1999582,9.72396288059847,12
1999593,9.767599059093982,11
1999609,9.62145174418146,16
1999624,9.663240989990348,15
1999629,9.913596094266886,5
1999635,9.875560657267927,6
1999638,9.95421840613873,3
1999648,9.779536645264566,10
1999655,9.84860705803468,7
1999662,9.878591404820716,7
1999675,9.72131566068352,13
1999681,9.889969708473208,6
1999692,9.697186863849435,11
1999703,9.743854972444236,11
1999712,9.834035403649873,9
1999713,9.996407047395122,1
1999715,9.973345927726532,2
1999720,9.919798509858177,5
1999729,9.844955750101736,9
1999730,10.0,1
1999731,10.0,1
1999736,9.921031526728134,5
1999748,9.729426717052657,12
1999759,9.809661475009856,11
1999760,10.0,1
1999773,9.736104930474472,13
1999790,9.609655092186864,17
1999802,9.74366897180566,12
1999819,9.672248857435578,17
1999847,9.532563466783516,28
1999852,9.928313482887676,5
1999972,7.579737155898236,120
1999990,9.655099094625195,18
2000013,9.498307079732825,23
2000021,9.89211054723353,8
2000037,9.644567738532684,16
2000052,9.761260239673375,15
2000063,9.78645449019398,11
2000066,9.952926260636183,3
2000079,9.743939322380546,13
2000090,9.815566220727906,11
2000094,9.941070840043256,4
2000105,9.801305257000736,11
2000112,9.866834359681688,7
2000122,9.814585759563446,10
2000130,9.884827283866954,8
2000136,9.887943436892948,6
2000140,9.939109555553252,4
2000151,9.758085029090143,11
2000160,9.823821967731554,9
2000169,9.836892873014111,9
2000173,9.951445538010166,4
2000182,9.799489782642695,9
2000191,9.850078244811472,9
2000205,9.687994192990821,14
2000218,9.731091349377987,13
2000233,9.658527113690065,15
2000237,9.955491050911572,4
2000245,9.83346224270677,8
2000254,9.801735509186413,9
2000262,9.829597177141151,8
2000268,9.910514501501995,6
2000277,9.617434787674918,9
2000282,9.909239698075176,5
2000293,9.76864500617716,11
2000297,9.948571021262106,4
2000311,9.750499214754617,14
2000322,9.788579522587678,11
2000335,9.709600433117123,13
2000343,9.823397431939053,8
2000351,9.850870098984204,8
2000353,9.985903098713736,2
2000368,9.677415045097067,15
2000380,9.735305790096081,12
2000391,9.771414229113821,11
2000410,9.58968529029358,19
2000421,9.764649591075246,11
2000428,9.875917238889363,7
2000442,9.66927512336185,14
2000449,9.870736934884787,7
2000462,9.761855666649454,13
2000465,9.969283939155405,3
2000466,9.988956378170448,1
2000469,9.96231676125522,3
2000482,9.71040340807096,13
2000490,9.85339770254317,8
2000491,10.0,1
2000495,9.932722850287625,4
2000503,9.863635098675227,8
2000510,9.905581435305477,7
2000518,9.831174057786173,8
2000530,9.790238920933508,12
2000550,9.593915232366378,20
2000559,9.818365788064437,9
2000569,9.804438358334021,10
2000581,9.746820308053676,12
2000590,9.860829818189472,9
2000591,9.988673405549905,1
2000598,9.876732284958463,7
2000608,9.786555301834229,10
2000613,9.920865487439862,5
2000620,9.882808695355784,7
2000635,9.64453416500688,15
2000642,9.890402232109071,7
2000648,9.88438678075486,6
2000652,9.938474198344366,4
2000660,9.845327588740187,8
2000669,9.83578956797151,9
2000683,9.702832372385021,14
2000692,9.832556723241947,9
2000702,9.781080463932016,10
2000703,10.0,1
2000707,9.933217813508515,4
2000717,9.80064374161755,10
2000721,9.934131025027437,4
2000745,9.523420390067637,24
2000754,9.836690192959175,9
2000759,9.928480042369277,5
2000773,9.74061108860921,14
2000783,9.775613565231604,10
2000793,9.80211319184949,10
2000800,9.86532494841901,7
2000820,9.556701363936133,20
2000821,10.0,1
2000832,9.756790265012562,11
2000838,9.908633667807406,6
2000847,9.79458486092745,9
2000856,9.807584736493363,9
2000859,9.946054531935285,3
2000866,9.885122161420608,7
2000870,9.943652278347606,4
2000871,10.0,1
2000882,9.753363573299254,11
2000889,9.87595814565175,7
2000899,9.79830013437306,10
2000909,9.788797954513566,10
2000921,9.788437373652755,12
2000927,9.89433724255365,6
2000931,9.941552660858132,4
2000932,9.996773989118536,1
2000941,9.845660033326867,9
2000958,9.666337387379803,17
2000959,10.0,1
2000968,9.823368252304217,9
2000975,9.890242683052318,7
2000979,9.931982891512728,4
2000982,9.956619483391348,3
2000996,9.719498876992594,14
2000997,10.0,1
2001001,9.948436426928334,4
2001009,9.86809651368059,8
2001017,9.857751657278508,8
2001026,9.82165355228549,9
2001027,10.0,1
2001038,9.766741102945387,11
2001041,9.952479455925177,3
2001050,9.861539008455566,9
2001053,9.957558717613383,3
2001074,9.585825328757954,21
2001082,9.848534146070444,8
2001099,9.631196432016665,17
2001104,9.927422688877027,5
2001126,9.437087612618406,22
2001137,9.750211505064636,11
2001149,9.745304662213513,12
2001164,9.645891495915329,15
2001174,9.82304936965605,10
2001187,9.726052272997162,13
2001207,9.557046035837528,20
2001219,9.77335712478265,12
2001231,9.798514974617492,12
2001242,9.747669878329745,11
2001250,9.860584740144064,8
2001261,9.796084783301017,11
2001276,9.704987210587875,15
2001295,9.686539866377815,19
2001307,9.72584346495206,12
2001317,9.79596331764381,10
2001329,9.764208647813348,12
2001341,9.743409149656102,12
2001355,9.694117708511685,14
2001366,9.760601229281315,11
2001376,9.807294550609384,10
2001377,10.0,1
2001387,9.799632280649528,10
2001419,9.312459183634525,32
2001436,9.708980466632786,17
2001440,9.942313145574776,4
2001444,9.938574105985902,4
2001456,9.777793280151473,12
2001467,9.79029266652781,11
2001474,9.885983451161824,7
2001481,9.862666975978422,7
2001492,9.764314174634919,11
2001501,9.831794385807278,9
2001507,9.912518566386728,6
2001514,9.872764368286125,7
2001530,9.69313016226455,16
2001534,9.931222222513258,4
2001548,9.690818478510332,14
2001561,9.709722488361614,13
2001569,9.832130724469657,8
2001579,9.803462313360509,10
2001583,9.939447118066354,4
2001584,10.0,1
2001610,9.379414099175712,26
2001621,9.755483956971146,11
2001629,9.837512284427758,8
2001640,9.748572530183546,11
2001658,9.564662044222702,18
2001659,10.0,1
2001669,9.799013593917895,10
2001673,9.943498367747788,4
2001682,9.81964640278634,9
2001692,9.807144329245878,10
2001704,9.732667294647941,12
2001708,9.934777305178178,4
2001717,9.844030119129807,9
2001730,9.715070792523573,13
2001743,9.764086147277096,13
2001753,9.76451518559292,10
2001758,9.927441915243667,5
2001759,9.996116552152067,1
2001769,9.782377181947355,10
2001775,9.901223310764813,6
2001779,9.937210160559296,4
2001789,9.785582728133262,10
2001795,9.888344067326116,6
2001803,9.848615657003904,8
2001818,9.67439138529507,15
2001825,9.869099754614195,7
2001835,9.768507098240462,10
2001847,9.730209264652396,12
2002014,6.716036865946245,167
2002018,9.930147164201127,4
2002036,9.26988656688693,18
2002050,9.694213850775268,14
2002056,9.881922401405966,6
2002067,9.798025887709796,11
2002072,9.924630877814016,5
2002087,9.646150737330299,15
2002094,9.883700894925507,7
2002103,9.821816992526815,9
2002115,9.746283855948324,12
2002124,9.828074646547426,9
2002127,9.967252481673642,3
2002133,9.88538853436741,6
2002142,9.825144591683017,9
2002152,9.783112648207855,10
2002161,9.801887101839547,9
2002170,9.72611115279224,9
2002181,9.78823820273719,11
2002184,9.949225407216296,3
2002206,9.558765869607257,22
2002208,9.969838468122736,2
2002216,9.827297457034419,8
2002240,9.144621263168544,24
2002250,9.809555335828962,10
2002269,9.618393599487447,19
2002270,10.0,1
2002278,9.849211099094797,8
2002291,9.74058452246802,13
2002292,10.0,1
2002294,9.982335024183882,2
2002299,9.925577201960781,5
2002315,9.647343152392153,16
2002319,9.943793259000758,4
2002332,9.705054953730675,13
2002346,9.686935293993512,14
2002355,9.700258329643734,9
2002390,9.297168383137032,35
2002395,9.912208322637582,5
2002400,9.928205779113089,5
2002425,9.390762077612761,25
2002438,9.76904943780893,13
2002439,10.0,1
2002454,9.699523906701106,15
2002461,9.865015707059523,7
2002462,10.0,1
2002480,9.578806601961569,18
2002491,9.770174345975878,11
2002498,9.872265913803622,7
2002504,9.894186802404635,6
2002505,10.0,1
2002509,9.948268271016897,4
2002516,9.872260514081676,7
2002532,9.619771981887324,16
2002535,9.970989731976207,3
2002545,9.791236477876852,10
2002557,9.714766149671366,12
2002558,10.0,1
2002563,9.920354263831221,5
2002573,9.782007326005736,10
2002587,9.697387293597886,14
2002610,9.473305310401427,23
2002614,9.947279545311043,4
2002615,10.0,1
2002624,9.809043919018333,9
2002635,9.765144011373092,11
2002642,9.884406365784693,7
2002652,9.788758261814756,10
2002663,9.792194553660883,11
2002681,9.565290486761718,18
2002690,9.806319691114828,9
2002700,9.828425216485863,10
2002706,9.87885120307168,6
2002717,9.774635710130188,11
2002728,9.821070638902128,11
2002742,9.685426280107276,14
2002753,9.80610892093595,11
2002766,9.732105246326366,13
2002775,9.795187185403815,9
2002778,9.955494498000423,3
2002790,9.751881266742195,12
2002809,9.604769088950762,19
2002820,9.770668268011539,11
2002831,9.795749279445253,11
2002834,9.954895380784704,3
2002836,9.978262600414597,2
2002844,9.849213526590841,8
2002856,9.746011782420393,12
2002863,9.679535351147383,7
2002864,10.0,1
2002876,9.78093593866162,12
2002877,9.992194862359653,1
2002897,9.57891209426818,20
2002905,9.831105351008594,8
2002921,9.622997164824662,16
2002938,9.602343066011253,17
2002965,9.356765320637583,27
2002976,9.769265573214735,11
2002980,9.928848625707225,4
2002988,9.860450778726307,8
2003004,9.567454535743087,16
2003011,9.849207914340244,7
2003024,9.697762220649874,13
2003041,9.609587819780215,17
2003053,9.77790540138895,12
2003054,10.0,1
2003063,9.856139731699988,9
2003070,9.864589055189867,7
2003077,9.866832382692383,7
2003094,9.698200143184755,17
2003100,9.676483947110443,6
2003104,9.939870830616632,4
2003108,9.936345168150655,4
2003119,9.794020032302896,11
2003127,9.84886932874539,8
2003137,9.812017555162642,10
2003148,9.762026812952442,11
2003152,9.928913404967735,4
2003156,9.943672011707127,4
2003163,9.873336953260253,7
2003172,9.784717723119673,9
2003178,9.917659267903002,6
2003184,9.90310142559813,6
2003200,9.667129846855781,16
2003224,9.497954933577926,24
2003233,9.840212857380527,9
2003238,9.924864501979604,5
2003250,9.817379161120494,12
2003277,9.44207423321112,27
2003278,10.0,1
2003288,9.782599292499194,10
2003294,9.906034580274147,6
2003303,9.820744198537989,9
2003311,9.84800128908676,8
2003320,9.82461283350372,9
2003335,9.690494465590476,15
2003420,4.512226108858181,85
2003427,9.849052976472413,7
2003442,9.715289151977569,15
2003457,9.676610021483954,15
2003472,9.61785974273525,15
2003482,9.824518884724464,10
2003488,9.88852469976419,6
2003505,9.58772995088998,17
2003512,9.878335804978173,7
2003522,9.814016366715405,10
2003524,9.976039636321145,2
2003535,9.789899852534898,11
2003542,9.888205044652898,7
2003547,9.920751552184074,5
2003557,9.7968464318117,10
2003559,9.970949545553497,2
2003567,9.852808555180278,8
2003574,9.87674727770069,7
2003579,9.934616077299854,5
2003585,9.901638680962277,6
2003589,9.940191447617405,4
2003596,9.88938878997686,7
2003599,9.961465118919328,3
2004099,-16.816970180226978,500
2004111,9.730731343493689,12
2004130,9.66784078642759,19
2004147,9.62062753691455,17
2004164,9.604124924189769,17
2004174,9.79045391468355,10
2004179,9.941114662583958,5
2004189,9.808463299044192,10
2004195,9.897291307562936,6
2004204,9.84643147757323,9
2004214,9.81123194498563,10
2004229,9.65157181216938,15
2004235,9.905689270791928,6
2004250,9.683494265306704,15
2004262,9.717716929787537,12
2004271,9.798567942328209,9
2004285,9.69840185404531,14
2004288,9.956158852379053,3
2004302,9.69360224440659,14
2004316,9.668018319999877,14
2004328,9.747230589027986,12
2004332,9.924890392941181,4
2004337,9.921966591500704,5
2004346,9.831281947098024,9
2004349,9.954020167440785,3
2004360,9.76211080262468,11
2004365,9.900908473404852,5
2004373,9.878099167933138,8
2004377,9.949515076892267,4
2004384,9.875161650424873,7
2004392,9.825385156875566,8
2004395,9.962802224084731,3
2004397,9.976005713088862,2
2004401,9.932478467694695,4
2004415,9.66953520800836,14
2004417,9.979432599897242,2
2004419,9.977991582582852,2
2004427,9.826117933793862,8
2004439,9.74477766484948,12
2004448,9.830236509556013,9
2004451,9.957982750795683,3
2004452,10.0,1
2004453,10.0,1
2004465,9.748650248106502,12
2004466,10.0,1
2004476,9.809531848549597,10
2004487,9.760558034163434,11
2004495,9.852935992472487,8
2004496,10.0,1
2004502,9.887616897156981,6
2004513,9.79581769235983,11
2004521,9.858981108927356,8
2004532,9.785421162965209,11
2004533,10.0,1
2004558,9.513109249910979,25
2004568,9.757670703162237,10
2004569,10.0,1
2004570,10.0,1
2004580,9.816872258685013,10
2004589,9.80968515380653,9
2004593,9.756602044562547,4
2004607,9.722214989791615,14
2004613,9.884352583184837,6
2004617,9.945588395333662,4
2004627,9.829540350685225,10
2004635,9.868464578241088,8
2004643,9.889919547318534,8
2004655,9.741304521437023,12
2004664,9.852073598260215,9
2004673,9.825759992517375,9
2004684,9.790594783279936,11
2004685,10.0,1
2004695,9.825152224701458,10
2004702,9.891238339053448,7
2004709,9.879730316828176,7
2004716,9.872865187351072,7
2004720,9.935548773300011,4
2004730,9.799767462062977,10
2004750,9.501742301002402,20
2004761,9.745716859646853,11
2004768,9.87927478906558,7
2004795,9.477673419945644,27
2004796,10.0,1
2004801,9.825238680154964,5
2004805,9.938165071160046,4
2004813,9.850383897185537,8
2004823,9.806984719444651,10
2004824,10.0,1
2004835,9.59189849720106,11
2004839,9.950403478558744,4
2004850,9.774506824343263,11
2004863,9.707097979521913,13
2004876,9.756654785992065,13
2004885,9.832340421450983,9
2004908,9.465027672960254,23
2004921,9.716739252657748,13
2004937,9.637628198702204,16
2004946,9.814199675681266,9
2004958,9.78428369047163,12
2004969,9.771468497943943,11
2004982,9.699845218226697,13
2004997,9.705258833827402,15
2005000,9.96560815053,3
2005021,9.499759584572892,21
2005030,9.814331119834286,9
2005043,9.725348732897716,13
2005049,9.89704386409098,6
2005062,9.736246361437564,13
2005071,9.824066972191497,9
2005078,9.878589853543032,7
2005082,9.950272212155177,4
2005108,9.49440565205403,26
2005120,9.728648128266354,12
2005142,9.474346191355634,22
2005152,9.779128598341584,10
2005160,9.848828933455904,8
2005174,9.48358424903602,14
2005175,10.0,1
2005185,9.829311665292085,10
2005191,9.887610559830827,6
2005192,9.993003322275584,1
2005198,9.892523000984077,6
2005204,9.881012129301443,6
2005221,9.649686808967799,17
2005231,9.794362676319558,10
2005240,9.826483609761869,9
2005248,9.879998974411963,8
2005258,9.807337603666237,10
2005261,9.949685420513434,3
2005267,9.874707887809091,6
2005272,9.720145494849557,5
2005281,9.810938614988203,9
2005292,9.75657124993559,11
2005308,9.627221195373936,16
2005313,9.907714275839538,5
2005334,9.477236988549315,21
2005345,9.790162817429339,11
2005357,9.738917073740046,12
2005381,9.459764994863457,24
2005397,9.64815057021806,16
2005407,9.811929831861006,10
2005418,9.748023416205557,11
2005425,9.848370758325135,7
2005458,9.353205713992311,33
2005474,9.684870310135171,16
2005481,9.87519079047134,7
2005489,9.824931273381294,8
2005497,9.843421277720159,8
2005507,9.812412376117049,10
2005515,9.82613660110244,8
2005521,9.901586695128398,6
2005527,9.909174905848648,6
2005532,9.931584363633307,5
2005542,9.80565185610618,10
2005543,10.0,1
2005562,9.392890104764415,19
2005563,10.0,1
2005574,9.77857595152735,11
2005578,9.949080815272497,4
2005582,9.953333884578168,4
2005583,10.0,1
2005589,9.919282130378685,6
2005591,9.976171202317166,2
2005595,9.946159530911507,4
2005604,9.820802969749163,9
2005617,9.719933613571033,13
2005622,9.923145413508534,5
2005623,10.0,1
2005632,9.839088334437415,9
2005643,9.751150807738759,11
2005652,9.82703658831745,9
2005665,9.694673198945132,13
2005670,9.909506941623247,5
2005680,9.79658091100041,10
2005686,9.900077934868017,6
2005704,9.573527260152984,18
2005714,9.764070980840996,10
2005724,9.784480325623766,10
2005725,10.0,1
2005740,9.688341923031533,15
2005747,9.879219420968086,7
2005748,9.992936693815773,1
2005754,9.893287688245868,6
2005764,9.783441332983962,10
2005773,9.840334354373143,9
2005791,9.58529219608271,18
2005792,10.0,1
2005802,9.816366530584398,10
2005806,9.947592722631896,4
2005820,9.691698955847208,14
2005823,9.947724484097511,3
2005824,10.0,1
2005838,9.691569644754168,14
2005845,9.84751877970485,7
2005846,10.0,1
2005865,9.539833712952536,19
2005879,9.511621008941283,14
2005885,9.879929076754559,6
2005892,9.856734535965764,7
2005895,9.966155223929713,3
2005898,9.958544943527036,3
2005899,9.99614955296302,1
2005901,9.975563429507792,2
2005918,9.61954996995649,17
2005933,9.701405202714541,15
2005940,9.878563830006604,7
2005950,9.78019113881512,10
2005957,9.88759431982687,7
2005963,9.899870352673537,6
2005971,9.830153742218252,8
2005991,9.347111544055444,20
2006002,9.75762411430044,11
2006017,9.657051008628944,15
2006026,9.848017170998814,9
2006036,9.790593868764043,10
2006046,9.777535723330955,10
2006047,10.0,1
2006060,9.685481779575726,13
2006074,9.785496408991667,14
2006092,9.638967035230435,18
2006098,9.885353559887,6
2006110,9.733360671889569,12
2006121,9.773752727118836,11
2006131,9.79175658779228,10
2006142,9.780899589743147,11
2006147,9.90953103872527,5
2006152,9.922214477982372,5
2006159,9.883616466099094,7
2006171,9.728262957391149,12
2006183,9.756230062613977,12
2006192,9.825254596374544,9
2006204,9.742979028309684,12
2006210,9.903660373660756,6
2006213,9.963596185898187,3
2006221,9.832049262490713,8
2006229,9.851442591114802,8
2006240,9.780047034276684,11
2006249,9.87063935570477,9
2006255,9.908626547210643,6
2006256,10.0,1
2006260,9.931892760559155,4
2006269,9.813466065742697,9
2006276,9.869051090210336,7
2006287,9.762335450445828,11
2006293,9.905823423873755,6
2006309,9.662891263585616,16
2006319,9.775024213264322,10
2006326,9.86797653788871,7
2006341,9.643366008441506,15
2006355,9.67770880969719,14
2006367,9.739777761787497,12
2006374,9.857660060266273,7
2006379,9.939154203078454,5
2006391,9.711709240786448,12
2006396,9.917109716918503,5
2006406,9.786122051828201,10
2006420,9.701457602642366,14
2006421,10.0,1
2006428,9.862656364609741,7
2006440,9.736796925865939,12
2006451,9.762081674486907,11
2006468,9.633012318526713,17
2006469,10.0,1
2006483,9.681643914014712,14
2006493,9.779305316751342,10
2006504,9.751421060470662,11
2006517,9.71281057383992,13
2006534,9.577313241034101,17
2006543,9.83273636299411,9
2006548,9.918187372737817,5
2006559,9.733210513441541,11
2006561,9.984220071738195,2
2006567,9.898406691412347,6
2006586,9.557064034502408,19
2006604,9.598503039134055,18
2006618,9.680905216212413,14
2006625,9.883698561830041,7
2006637,9.774607149410414,12
2006638,10.0,1
2006639,10.0,1
2006647,9.851476294152501,8
2006662,9.660710134309797,15
2006669,9.884209460549048,7
2006681,9.733537632028037,12
2006697,9.644779562210477,16
2006704,9.87022152378473,7
2006712,9.878686051866847,8
2006727,9.626599076543348,15
2006737,9.785826620534941,10
2006751,9.707983923684388,14
2006759,9.83377913654308,8
2006761,9.978823703301268,2
2006768,9.872625280363884,7
2006779,9.762404083801721,11
2006793,9.722046765819341,14
2006799,9.8021347898803,6
2006802,9.965962682060658,3
2006803,10.0,1
2006804,9.98627947957422,1
2006810,9.891506942030599,6
2006821,9.763478557768465,11
2006831,9.801980810359943,10
2006835,9.937729504506114,4
2006847,9.729807744150035,12
2006850,9.958848456612266,3
2006856,9.90900221361644,6
2006869,9.727175823710802,13
2006883,9.687302655683876,14
2006893,9.793161796506617,10
2006903,9.802909806998883,10
2006912,9.836218823847027,9
2006925,9.738421194909352,13
2006929,9.941748629734438,4
2006941,9.774118349562604,12
2006949,9.838704747647983,8
2006960,9.76125433580016,11
2006968,9.84083124575399,8
2006975,9.89292150780345,7
2006985,9.776788428041556,10
2007001,9.640789131458089,16
2007013,9.770847132579874,12
2007014,10.0,1
2007015,10.0,1
2007018,9.956347857063292,3
2007030,9.737557693204012,12
2007031,10.0,1
2007039,9.85795004594629,8
2007050,9.766406697269087,11
2007051,10.0,1
2007061,9.785866914941204,10
2007078,9.638663332180414,17
2007094,9.680520902100183,16
2007104,9.805606588681822,10
2007109,9.933156310518555,5
2007120,9.781408496995613,11
2007130,9.811193794693867,10
2007141,9.801313191090069,11
2007152,9.772516108163035,11
2007162,9.789845723173574,10
2007173,9.781075140054798,11
2007176,9.96281498740011,3
2007181,9.912294823279677,5
2007196,9.657747381523919,15
2007208,9.793096215124901,12
2007227,9.641713451624433,19
2007229,9.975230312715663,2
2007241,9.76117102948118,12
2007251,9.80290004886451,10
2007265,9.666992105888056,14
2007280,9.714429014611632,15
2007289,9.814166969905166,9
2007290,10.0,1
2007291,10.0,1
2007299,9.856793484084019,8
2007310,9.813299944641894,11
2007328,9.607430520580435,18
2007330,9.971319671244595,2
2007337,9.876693733677593,7
2007347,9.820555257365275,10
2007358,9.774600128299086,11
2007369,9.793335301201905,11
2007376,9.889956951153675,7
2007387,9.770036981490684,11
2007398,9.749080203175904,11
2007409,9.780895655848612,11
2007410,10.0,1
2007419,9.823028542232791,9
2007429,9.82479737413346,10
2007449,9.567112439966929,20
2007450,10.0,1
2007462,9.64647835146748,12
2007467,9.916177170034604,5
2007471,9.930008596404143,4
2007490,9.570417801464094,19
2007491,10.0,1
2007502,9.766284393884009,11
2007509,9.85970562239811,7
2007517,9.84878253580287,8
2007527,9.789680949640376,10
2007538,9.76141862684812,11
2007549,9.734580628746777,11
2007562,9.736788056512063,13
2007566,9.949576771777492,4
2007576,9.785804576578887,10
2007587,9.775152092830984,11
2007594,9.886546298808172,7
2007602,9.88621215691222,8
2007606,9.92882643583723,4
2007612,9.901947051382697,6
2007624,9.801103798022538,12
2007636,9.764903225326707,12
2007640,9.928457068423675,4
2007643,9.954592977136132,3
2007664,9.500551256255239,21
2007681,9.577045112421192,17
2007688,9.861086763088126,7
2007696,9.84632952427053,8
2007704,9.852552752852274,8
2007710,9.88226891431046,6
2007711,10.0,1
2007728,9.600369605303863,17
2007740,9.749712109535304,12
2007744,9.9327881743575,4
2007751,9.868596177906223,7
2007752,10.0,1
2007766,9.713696474735452,14
2007768,9.976544109891751,2
2007769,10.0,1
2007778,9.803615476370487,9
2007786,9.831496474711066,8
2007800,9.724917382767092,14
2007816,9.612914791853578,16
2007820,9.950331037786347,4
2007829,9.818850261823334,9
2007834,9.919038215449268,5
2007847,9.724564007669972,13
2007857,9.788561372075767,10
2007869,9.75339208364256,12
2007881,9.731896580581747,12
2007886,9.922345689590832,5
2007890,9.943054270695242,4
2007896,9.910773998391644,6
2007909,9.725505682087032,13
2007921,9.717778944278761,12
2007922,9.996113734603288,1
2007933,9.794850009704032,11
2007948,9.64020125457442,15
2007953,9.93763482431168,5
2007964,9.767287092452722,11
2007983,9.686205074686555,19
2007993,9.79684051197166,10
2007996,9.955552467898828,3
2007997,10.0,1
2008002,9.92739432868868,5
2008009,9.876077909810125,7
2008016,9.882698604448276,7
2008028,9.79659469525729,12
2008035,9.867443199611838,7
2008044,9.80898424005005,9
2008061,9.620002096014133,17
2008073,9.720940416138317,12
2008092,9.533651472317775,19
2008095,9.958620146758578,3
2008097,9.980223203893258,2
2008109,9.72090285779047,12
2008119,9.82211298648089,10
2008121,9.980044492671935,2
2008131,9.800804825100805,10
2008139,9.839938718079981,8
2008154,9.653531583702193,15
2008159,9.931365158044368,5
2008166,9.866034255045312,7
2008167,9.989748101710207,1
2008174,9.84464336520925,7
2008183,9.846988088859645,9
2008197,9.713867799797969,14
2008208,9.775226646521723,11
2008220,9.736355386607622,12
2008224,9.937812103105577,4
2008230,9.895599979787306,6
2008241,9.779974277524182,11
2008248,9.880869136395646,7
2008256,9.847048245498046,8
2008265,9.842364903147452,9
2008277,9.723367987006428,12
2008291,9.685695229686704,14
2008295,9.950984647823386,4
2008302,9.892388937909221,7
2008306,9.94285963242623,4
2008314,9.847019763607983,8
2008324,9.78195470737813,10
2008329,9.936654052958877,5
2008330,10.0,1
2008344,9.685878202635726,14
2008356,9.747874631599954,12
2008358,9.969843197240143,2
2008359,10.0,1
2008370,9.763012572740726,11
2008380,9.791628568170019,10
2008389,9.832579468078816,9
2008398,9.84796051919691,9
2008412,9.69550000960621,14
2008413,10.0,1
2008424,9.771586100671374,11
2008435,9.77662652316335,11
2008436,9.993079551361951,1
2008442,9.882557789538152,6
2008448,9.92860661822783,6
2008459,9.763586666772632,11
2008460,9.996901806962793,1
2008481,9.465503706979117,21
2008495,9.701604066434092,14
2008503,9.865115604938586,8
2008513,9.819930445643566,10
2008519,9.904135360690194,6
2008524,9.913974059766861,5
2008531,9.876969592326567,7
2008543,9.723346092512529,12
2008561,9.55831266963005,18
2008571,9.835577279013954,10
2008577,9.903632215349022,6
2008580,9.95468226759992,3
2008581,10.0,1
2008585,9.948175871231882,4
2008594,9.846573476934658,9
2008597,9.96105440155463,3
2008604,9.902613315740247,7
2008608,9.94539597661129,4
2008612,9.946462507344119,4
2008625,9.713347652862414,13
2008626,9.989660116820483,1
2008629,9.967974447688185,3
2008634,9.905780093074803,5
2008643,9.845505163721311,9
2008644,9.99300793737337,1
2008649,9.904708273760505,5
2008653,9.936887529080074,4
2008663,9.767613374551702,10
2008669,9.889728683553676,6
2008676,9.855957706838282,7
2008685,9.827433125426715,9
2008688,9.950827947286879,3
2008693,9.911621850424595,5
2008694,10.0,1
2008705,9.788568119330705,11
2008718,9.695318836809632,13
2008732,9.688538779140906,14
2008733,9.989433726965183,1
2008741,9.868190045882859,8
2008750,9.849850936744204,9
2008760,9.796582076016394,10
2008766,9.923037171750503,6
2008773,9.8561296625563,7
2008785,9.167300493358933,12
2008801,9.632856501418857,16
2008813,9.790849248178354,12
2008822,9.854889866573716,9
2008829,9.856065772260859,7
2008833,9.935293805425458,4
2008839,9.917573329388471,6
2008853,9.692648989961057,14
2008863,9.787618190930374,10
2008874,9.76180573430276,11
2008888,9.724794144335885,14
2008900,9.769501080701689,12
2008908,9.850286359662245,8
2008922,9.75443486453783,14
2008932,9.779678528621355,10
2008943,9.574794983704951,11
2008947,9.940693123454068,4
2008957,9.768901547485385,10
2008963,9.895131395279133,6
2008972,9.833149526667196,9
2008985,9.693624716712565,13
2008986,9.99631287785294,1
2008989,9.956964547667827,3
2008995,9.89598457094259,6
2009004,9.832651591272349,9
2009017,9.700515793997072,13
2009018,10.0,1
2009030,9.742194012625715,12
2009038,9.882728831423886,8
2009046,9.840499567482322,8
2009051,9.915600883590182,5
2009057,9.892518540057925,6
2009065,9.862400137154093,8
2009074,9.842841738983799,9
2009089,9.715954875345966,15
2009096,9.860857386437448,7
2009110,9.718351771567567,14
2009116,9.875757308497338,6
2009125,9.642938967524701,9
2009141,9.63716272238466,16
2009153,9.783013080999678,12
2009157,9.945406740947499,4
2009170,9.74810259834188,13
2009181,9.776666058242785,11
2009182,10.0,1
2009192,9.810247542672302,10
2009205,9.734989806750244,13
2009213,9.837332309050797,8
2009220,9.868156983651167,7
2009236,9.633540507293038,16
2009253,9.605383946723123,17
2009258,9.906448723828758,5
2009259,10.0,1
2009273,9.709622828059436,14
2009278,9.919405910995145,5
2009283,9.921766850529346,5
2009294,9.770045140549747,11
2009295,10.0,1
2009306,9.78662774251952,11
2009316,9.804450961877249,10
2009323,9.863926573028673,7
2009333,9.819328088314542,10
2009342,9.785799795726053,9
2009344,9.975011145169532,2
2009351,9.88639498196071,7
2009352,10.0,1
2009362,9.795352768852208,10
2009371,9.811955337410167,9
2009378,9.885563805798958,7
2009386,9.871016709433908,8
2009389,9.95386214220931,3
2009400,9.784395909264171,11
2009404,9.944780241464455,4
2009412,9.65244838783476,8
2009426,9.757275661686094,14
2009438,9.758152476213548,12
2009439,10.0,1
2009440,10.0,1
2009441,10.0,1
2009457,9.685860966084965,16
2009466,9.842185446925397,9
2009470,9.933602595564183,4
2009475,9.905655656116698,5
2009485,9.773755502691886,10
2009494,9.842142452049234,9
2009503,9.748270328114554,9
2009516,9.717325375424153,13
2009523,9.853413544895126,7
2009533,9.805858262000974,10
2009541,9.875540314549331,8
2009552,9.768917748591477,11
2009559,9.868789758149095,7
2009572,9.742452553631928,13
2009581,9.816289559871997,9
2009584,9.958801262924105,3
2009593,9.818433133354574,9
2009602,9.796060242886044,9
2009607,9.919802242739111,5
2009618,9.791427288332164,11
2009631,9.776809911005778,13
2009640,9.842237574552147,9
2009784,7.364248242782441,144
2009791,9.85794372162354,7
2009801,9.804474860689655,10
2009810,9.853348670105117,9
2009818,9.853388531770428,8
2009821,9.957806989068228,3
2009831,9.80026448096869,10
2009846,9.679276682366487,15
2009852,9.897746494772298,6
2009864,9.75530999048096,12
2009875,9.766194129323063,11
2009902,9.537290587566556,27
2009903,10.0,1
2009914,9.76825266479629,11
2009919,9.922791554219577,5
2009928,9.807414764812375,9
2009939,9.75087243145453,11
2009956,9.63281527401535,17
2009965,9.809261054700864,9
2009974,9.811039518545174,9
2009982,9.823814883602427,8
2009989,9.854192541229821,7
2009990,10.0,1
2009994,9.928125477554465,4
2010011,9.600283530650609,17
2010021,9.807430265860809,10
2010022,10.0,1
2010023,10.0,1
2010032,9.799864194813557,9
2010045,9.708424963309565,13
2010059,9.71239468339977,14
2010088,9.30315523212773,29
2010095,9.851549138518132,7
2010104,9.804486437174784,9
2010123,9.551819579541698,19
2010124,10.0,1
2010133,9.796521744392898,9
2010149,9.659029727262284,16
2010150,10.0,1
2010158,9.851864868075198,8
2010170,9.733601967358041,12
2010193,9.555536178213217,23
2010197,9.931787064232887,4
2010198,10.0,1
2010203,9.915722727200786,5
2010214,9.778704047821034,11
2010220,9.904221077262717,6
2010229,9.813851292771592,9
2010230,10.0,1
2010242,9.771250748428884,12
2010249,9.855955852739125,7
2010250,9.996525658470844,1
2010266,9.608342474583571,16
2010270,9.933040912841198,4
2010284,9.737109552497394,14
2010294,9.796567282302096,10
2010302,9.84072776455595,8
2010314,9.758605485410142,12
2010321,9.843607866713091,7
2010326,9.928675743520575,5
2010327,10.0,1
2010337,9.774931459044518,10
2010342,9.921805693785505,5
2010353,9.777620415559065,11
2010363,9.827231358124456,10
2010369,9.888842110272316,6
2010378,9.837647994476315,9
2010379,10.0,1
2010388,9.811737056352223,9
2010397,9.816697660574354,9
2010409,9.810101229934583,12
2010418,9.844549199851222,9
2010434,9.214659723352629,16
2010448,9.685176588958173,14
2010461,9.725670491883617,13
2010471,9.7852196886259,10
2010478,9.87085971469384,7
2010489,9.82375939842258,11
2010499,9.779357185923855,10
2010506,9.87774387659122,7
2010513,9.870456931250088,7
2010527,9.687424152793895,14
2010536,9.799248801438333,9
2010547,9.776381294078488,11
2010556,9.815786915818906,9
2010565,9.845858614314563,9
2010575,9.704699168004195,10
2010583,9.847324007261927,8
2010584,10.0,1
2010585,10.0,1
2010588,9.957293712228207,3
2010597,9.808839312806269,9
2010603,9.887978287302685,6
2010604,9.992329143745913,1
2010616,9.763040119938545,12
2010627,9.772857046513593,11
2010632,9.913050409536833,5
2010636,9.937043196579056,4
2010641,9.923233320207792,5
2010644,9.963667529378728,3
2010645,10.0,1
2010658,9.722559692113451,13
2010673,9.64939889664069,15
2010688,9.683122242605517,15
2010694,9.888850381551272,6
2010711,9.596723480447604,17
2010716,9.925473776940745,5
2010750,9.015627964563254,34
2010764,9.69350626718726,14
2010772,9.873741293137266,8
2010780,9.852910267343656,8
2010796,9.690703594385694,16
2010808,9.77565607919027,12
2010820,9.745730293183705,12
2010826,9.8947232839203,6
2010838,9.444961052080778,12
2010842,9.932387556159961,4
2010848,9.882813009342183,6
2010858,9.794666967349048,10
2010864,9.897073594974623,6
2010874,9.803501290746725,10
2010879,9.909960626080515,5
2010887,9.827903123017602,8
2010895,9.860373416702952,8
2010899,9.935998176479112,4
2010905,9.895147899992592,6
2010907,9.977899667193794,2
2010918,9.74364326232987,11
2010919,9.988753689438237,1
2010920,10.0,1
2010921,10.0,1
2010922,9.99643078573916,1
2010923,10.0,1
2010924,10.0,1
2010929,9.924149795104855,5
2010935,9.895300110115768,6
2010945,9.780331624805543,10
2010951,9.86896193595284,6
2010958,9.874096274747286,7
2010965,9.872255909913026,7
2010973,9.835366766104784,8
2010994,9.215698802299464,21
2011008,9.69308481488202,14
2011024,9.643747607639128,16
2011035,9.798167910166825,11
2011043,9.841247492648273,8
2011050,9.876456069563547,7
2011065,9.740223627734016,15
2011067,9.985089704893822,2
2011071,9.93746855524739,4
2011086,9.156632199748955,15
2011089,9.964572006673542,3
2011096,9.869525484799595,7
2011101,9.92505705703787,5
2011112,9.76236511160014,11
2011126,9.688930472584364,14
2011141,9.737138157729252,15
2011143,9.976860048167168,2
2011154,9.77638358190254,11
2011171,9.610832360660543,17
2011184,9.688870382689688,13
2011188,9.93108684511098,4
2011197,9.82531289570035,9
2011208,9.781439020216855,11
2011213,9.922180323223179,5
2011220,9.863423731650306,7
2011238,9.578650625309432,18
2011245,9.879602569171384,7
2011253,9.851325488863806,8
2011263,9.786907732137873,10
2011272,9.820283508541152,9
2011285,9.702557190858764,13
2011294,9.815030366883601,9
2011300,9.880710544580586,6
2011313,9.70216910729075,13
2011320,9.86159157444744,7
2011326,9.908535227657834,6
2011330,9.949633964550149,4
2011337,9.867230198579236,7
2011347,9.784178968869853,10
2011365,9.589126897867313,18
2011366,10.0,1
2011371,9.905007188516377,5
2011372,10.0,1
2011390,9.574519460059124,18
2011403,9.707894019527462,13
2011413,9.765037761789847,10
2011426,9.716961209053478,13
2011433,9.865833845760603,7
2011436,9.963501591441002,3
2011437,10.0,1
2011455,9.5332001737666,18
2011456,10.0,1
2011457,10.0,1
2011458,10.0,1
2011467,9.822423416328533,9
2011482,9.645382403924282,15
2011483,10.0,1
2011501,9.586023932590683,18
2011511,9.81565567283929,10
2011519,9.835041486654902,8
2011533,9.678785782295174,14
2011544,9.76222911299388,11
2011545,10.0,1
2011557,9.772598376956498,12
2011572,9.668044207138799,15
2011584,9.765716204538831,12
2011604,9.57201078877646,20
2011607,9.960366817650549,3
2011608,10.0,1
2011614,9.919475951658534,6
2011621,9.876372237863187,7
2011634,9.742745745304283,13
2011645,9.77293811817894,11
2011654,9.828515468762198,9
2011665,9.754228047640652,11
2011679,9.689491408059082,14
2011694,9.683801274882937,15
2011697,9.955997736855453,3
2011700,9.952723735590187,3
2011701,9.988727916629715,1
2011709,9.859870064907273,8
2011716,9.88669760475988,7
2011717,9.992265494722615,1
2011728,9.780825995725356,11
2011736,9.846891896036826,8
2011742,9.912216037858693,6
2011753,9.81572214784857,11
2011754,10.0,1
2011755,10.0,1
2011756,10.0,1
2011766,9.799938686956324,10
2011771,9.931425848361897,5
2011772,10.0,1
2011773,10.0,1
2011788,9.674132951446012,15
2011789,9.99189025305003,1
2011800,9.772099524767638,11
2011811,9.794784431082977,11
2011817,9.917118772989635,6
2011830,9.687505165947691,13
2011835,9.928950605744802,5
2011845,9.805109447405595,10
2011846,9.996430457083457,1
2011849,9.961304735692174,3
2011865,9.66672925527238,16
2011869,9.93903853301243,4
2011881,9.771098812364484,12
2011892,9.776817571285564,11
2011896,9.937850377608887,4
2011910,9.70096657377505,14
2011915,9.930979625811649,5
2011921,9.894916150166543,6
2011934,9.693971840169937,13
2011939,9.910380906973444,5
2011940,10.0,1
2011957,9.635479587754853,17
2011972,9.693081177859844,15
2011980,9.84713059878604,8
2011985,9.922289388926949,5
2011997,9.723488389671745,12
2012005,9.854344232371565,8
2012018,9.73661569002582,13
2012024,9.895515742652067,6
2012034,9.806100803952809,10
2012040,9.901362322565712,6
2012055,9.628763808717364,15
2012061,9.905030908841793,6
2012079,9.680450289347595,18
2012095,9.72358188276035,16
2012107,9.749855899076248,12
2012113,9.901615522578586,6
2012126,9.726836858363761,13
2012131,9.923551795990866,5
2012147,9.642956820781269,16
2012157,9.80922816270938,10
2012164,9.864421543721372,7
2012173,9.820984148691359,9
2012174,10.0,1
2012178,9.944917696734931,4
2012184,9.893548561031153,6
2012190,9.892985169462074,6
2012196,9.893986475735192,6
2012205,9.828834089641765,9
2012216,9.785965112693045,11
2012217,10.0,1
2012232,9.358909539818194,15
2012244,9.776658339172982,12
2012257,9.728292476670067,13
2012271,9.693183278155052,14
2012278,9.858193827250348,7
2012291,9.737592462606942,13
2012305,9.756092196846362,14
2012316,9.799284495210134,11
2012320,9.941681808375696,4
2012323,9.967160717853247,3
2012332,9.79818060772453,9
2012333,10.0,1
2012341,9.837418693643949,8
2012353,9.766687923192812,12
2012374,9.553923354581672,21
2012384,9.7979658090351,10
2012391,9.858390934418196,7
2012403,9.749153055783074,12
2012408,9.912051954959109,5
2012409,10.0,1
2012417,9.857174593164553,8
2012424,9.858141526335185,7
2012436,9.734179121445916,12
2012446,9.768746783290748,10
2012452,9.901509366336628,6
2012459,9.871501655523424,7
2012469,9.803027146244487,10
2012492,9.224536338705022,23
2012498,9.904340571577904,6
2012503,9.925301002724243,5
2012516,9.729061908644583,13
2012517,10.0,1
2012533,9.451337925046337,16
2012539,9.889985206291646,6
2012545,9.887676783155351,6
2012547,9.976454466948509,2
2012552,9.926059139257982,5
2012553,10.0,1
2012571,9.630838952616022,18
2012583,9.788137677378781,12
2012584,9.992225781220569,1
2012585,9.996555727749193,1
2012600,9.725221716975556,15
2012611,9.797856726919346,11
2012612,10.0,1
2012633,9.046288248856483,21
2012642,9.824529733476266,9
2012656,9.73647173006874,14
2012664,9.842449258740931,8
2012673,9.804054416349691,9
2012688,9.641859953671256,15
2012697,9.814240312452368,9
2012700,9.955410057142688,3
2012712,9.714135353100707,12
2012725,9.699471231040462,13
2012737,9.740811473707424,12
2012748,9.773934700231063,11
2012759,9.792666779639736,11
2012764,9.931781707508806,5
2012776,9.757704915810276,12
2012778,9.97437083872944,2
2012790,9.71831620266023,12
2012803,9.746655048182355,13
2012810,9.870289082787346,7
2012823,9.519026963315833,13
2012843,9.586450783218073,20
2012856,9.73961429637958,13
2012861,9.919609933258045,5
2012862,9.992360435211662,1
2012865,9.956014413971692,3
2012866,10.0,1
2012873,9.876851607027001,7
2012881,9.874731874051019,8
2012889,9.84290364086691,8
2012902,9.743215177553072,13
2012914,9.756606942571278,12
2012916,9.974871833884958,2
2012919,9.64983482696231,3
2012933,9.72319871843745,14
2012944,9.792140053536635,11
2012958,9.720496684847017,14
2012970,9.742340262408575,12
2012984,9.697773717956538,14
2012998,9.691116369145844,14
2013008,9.81025500491218,10
2013020,9.764852888291443,12
2013026,9.873691170278258,6
2013030,9.945580238512418,4
2013035,9.910975843544094,5
2013049,9.725054223864555,14
2013064,9.743957057896823,15
2013075,9.79535951913751,11
2013077,9.97039734605894,2
2013101,9.220376067335867,24
2013102,10.0,1
2013121,9.557179904781254,19
2013130,9.817696224566854,9
2013142,9.787359901895059,12
2013154,9.740482897007622,12
2013163,9.84751155681655,9
2013170,9.855358718318467,7
2013177,9.872313883745651,7
2013190,9.754458285875563,13
2013194,9.945669342734023,4
2013199,9.93092293793975,5
2013202,9.949121266258976,3
2013210,9.862690402809422,8
2013214,9.935989121437231,4
2013225,9.767429234837941,11
2013235,9.795899998392585,10
2013248,9.754074623568384,13
2013257,9.830903019223486,9
2013263,9.913039387829714,6
2013275,9.758531354442836,12
2013291,9.69065318317153,16
2013316,9.489670019428361,25
2013329,9.59521227616274,13
2013340,9.797596644751353,11
2013353,9.73691777673012,13
2013354,10.0,1
2013374,9.57310123821527,20
2013384,9.817718195585458,10
2013385,10.0,1
2013394,9.811017492822813,9
2013409,9.47625478222343,15
2013411,9.986860450161855,2
2013419,9.848154661418027,8
2013435,9.694228790878935,16
2013449,9.687440905168401,14
2013460,9.787673885022055,11
2013463,9.966368481239936,3
2013464,10.0,1
2013478,9.704160528341996,14
2013491,9.700362885521733,13
2013498,9.8590733637492,7
2013516,9.623325565549864,18
2013543,9.482975959836441,27
2013563,9.687293346342404,20
2013574,9.814445423930199,11
2014074,-74.82913991105457,500
2014080,9.88719819555039,6
2014093,9.700203421901234,13
2014094,10.0,1
2014110,9.491158856585553,16
2014120,9.774267338586998,10
2014127,9.889085562816025,7
2014135,9.851430752244022,8
2014142,9.869504748649359,7
2014161,9.536180650167859,19
2014162,10.0,1
2014172,9.792006086132348,10
2014177,9.917192567267099,5
2014196,9.571149502008936,19
2014204,9.853215819547799,8
2014207,9.955739302296328,3
2014208,9.996298522051314,1
2014212,9.924132074252128,4
2014215,9.965008219164437,3
2014223,9.832529902191053,8
2014226,9.951923159204322,3
2014234,9.835633410197946,8
2014243,9.850979079074648,9
2014249,9.908840517540785,6
2014269,9.645596268189756,20
2014289,9.55487245096992,20
2014293,9.934620978626269,4
2014298,9.909730331445115,5
2014312,9.749132285733644,14
2014328,9.645960237034942,16
2014333,9.92658493244125,5
2014334,10.0,1
2014342,9.837839924014013,8
2014343,10.0,1
2014347,9.931505117813561,4
2014352,9.907015145392235,5
2014359,9.872351408026189,7
2014364,9.932502947286864,5
2014370,9.89856216296674,6
2014374,9.941238154479224,4
2014390,9.625002260105024,16
2014391,10.0,1
2014408,9.689912309064471,17
2014409,10.0,1
2014416,9.850121751883,7
2014420,9.92973139149814,4
2014429,9.830988833518173,9
2014440,9.815569651506902,11
2014460,9.554459039572041,20
2014469,9.833003642654473,9
2014481,9.747934714688338,12
2014498,9.67821216223522,17
2014504,9.901605628650012,6
2014514,9.822002546700741,10
2014528,9.69268614356026,14
2014538,9.794663349862848,10
2014545,9.875151223878193,7
2014563,9.568262080481613,18
2014564,10.0,1
2014582,9.606334822837661,18
2014595,9.673350280362545,13
2014607,9.75455860994876,12
2014613,9.907738258995282,6
2014622,9.73848903530733,9
2014638,9.663873492936482,16
2014650,9.733133740031738,12
2014656,9.905502179420683,6
2014667,9.749539035914763,11
2014678,9.75583162290795,11
2014689,9.794688778838367,11
2014699,9.799133372376868,10
2014711,9.75487950115497,12
2014724,9.73412315448844,13
2014725,10.0,1
2014736,9.748694024344683,11
2014748,9.76713365745003,12
2014760,9.75410970698068,12
2014778,9.574466540963904,18
2014780,9.972626267634004,2
2014797,9.644442450353429,17
2014807,9.801161260920143,10
2014819,9.772331896191469,12
2014830,9.738759218749962,11
2014832,9.976070399436098,2
2014839,9.883587052844572,7
2014847,9.851329717641606,8
2014861,9.665198711569337,14
2014862,10.0,1
2014873,9.773577693294353,11
2014881,9.827387187799767,8
2014892,9.77788721898364,11
2014903,9.801961351978756,11
2014913,9.824154365099025,10
2014924,9.773533744825942,11
2014938,9.688773696263485,14
2014949,9.770564928428257,11
2014963,9.69386831155171,14
2014976,9.713190501803517,13
2014984,9.852416036246659,8
2014995,9.79652216860785,11
2014999,9.944466547814775,4
2015003,9.93542513803264,4
2015009,9.899590203869714,6
2015034,9.423952038682591,25
2015036,9.971341233938196,2
2015043,9.87666356520039,7
2015068,9.495435118774711,25
2015073,9.941756083899417,5
2015086,9.599645615686235,13
2015097,9.754936278815514,11
2015111,9.510894839064862,14
2015122,9.748162892651617,11
2015123,9.995961651582569,1
2015124,10.0,1
2015131,9.871793556379238,7
2015144,9.731344911808893,13
2015145,10.0,1
2015156,9.77112509489341,11
2015167,9.779320491096826,11
2015170,9.950650932374097,3
2015178,9.840877747262985,8
2015185,9.859905831464411,7
2015190,9.910498855809134,5
2015198,9.849285960461032,8
2015199,10.0,1
2015211,9.787714653989354,12
2015220,9.837259257727316,9
2015230,9.801653300970782,10
2015236,9.892354802414998,6
2015237,9.99225940891573,1
2015246,9.80480362693768,9
2015252,9.89083939391241,6
2015264,9.768081050412684,12
2015274,9.80051020324909,10
2015287,9.701472380278213,13
2015299,9.743238454566372,12
2015310,9.787247924923113,11
2015317,9.84326193005553,7
2015325,9.854531766301564,8
2015340,9.677710650700478,15
2015341,10.0,1
2015347,9.905146853826315,6
2015348,10.0,1
2015356,9.848809923888625,8
2015366,9.803815735442686,10
2015375,9.833746430378119,9
2015387,9.73751922448779,12
2015400,9.737594413246427,13
2015414,9.68700961644344,14
2015428,9.701700409509654,14
2015437,9.852410284160499,9
2015451,9.66962369028046,14
2015455,9.932690054568846,4
2015462,9.865584882673815,7
2015463,10.0,1
2015469,9.910827874409202,6
2015481,9.73869589863575,12
2015485,9.939675243173857,4
2015489,9.938735094263732,4
2015490,10.0,1
2015512,6.673740271961361,22
2015520,9.848089418771067,8
2015533,9.780753702348782,13
2015547,9.72181895917541,14
2015558,9.776953506868375,11
2015559,10.0,1
2015570,9.787672140366004,11
2015578,9.82393103446875,8
2015590,9.74674152056521,12
2015591,10.0,1
2015604,9.75042914120933,13
2015617,9.71407404594974,13
2015635,9.621774706434906,18
2015648,9.725417192366882,13
2015662,9.721976954382646,14
2015676,9.687828382616313,14
2015686,9.80980311852685,10
2015699,9.745817388168437,13
2015714,9.650404401574207,15
2015727,9.736883120171218,13
2015728,10.0,1
2015737,9.823758898788315,9
2015740,9.956416016263494,3
2015741,10.0,1
2015755,9.704768296744543,14
2015758,9.946776418639526,3
2015765,9.867688366794017,7
2015781,9.435957321574337,16
2015790,9.818706613984162,9
2015795,9.919936877276708,5
2015806,9.779905461973316,11
2015815,9.816072516326575,9
2015824,9.815362618015659,9
2015846,9.471010374896947,22
2015847,10.0,1
2015859,9.733776397640002,12
2015860,9.992666615665128,1
2015864,9.945854737643872,4
2015882,9.190626109170916,18
2015891,9.820682403460205,9
2015898,9.853012580039344,7
2015909,9.783530233640686,11
2015910,10.0,1
2015915,9.914630745200684,5
2015931,9.610980952982663,16
2015938,9.876348631664467,7
2015953,9.715968377754928,15
2015956,9.952697781256928,3
2015959,9.965411934698551,3
2015975,9.44313367987494,16
2015979,9.943893140164068,4
2015992,9.70711460542383,13
2016001,9.83432175685396,9
2016006,9.934548355501136,5
2016012,9.893770328286815,6
2016013,10.0,1
2016021,9.864125999411074,8
2016028,9.676100197691081,7
2016044,9.637209689517382,16
2016047,9.963345436806419,3
2016062,9.663383396244022,15
2016067,9.928557315504667,5
2016086,9.567371588894055,19
2016095,9.81345826820561,9
2016103,9.85053087276152,8
2016113,9.788777860014173,10
2016118,9.918719894119274,5
2016128,9.783645105088643,10
2016134,9.903920439605425,6
2016146,9.730912836404128,12
2016167,9.423681712535393,21
2016183,9.634608806250284,16
2016191,9.838278422365214,8
2016196,9.933238263904398,5
2016209,9.688848504123381,13
2016221,9.776304086377753,12
2016222,10.0,1
2016232,9.783075373160427,10
2016250,9.639254937991362,18
2016265,9.707367559098413,15
2016274,9.812646640049303,9
2016278,9.820252184875038,4
2016292,9.67829771763617,14
2016296,9.952487054638588,4
2016328,9.357339864756357,32
2016340,9.778210941607867,12
2016352,9.749347534037762,12
2016355,9.97017892048803,3
2016370,9.691710378045492,15
2016388,9.6413839749699,18
2016397,9.799040156828875,9
2016407,9.809493861482702,10
2016414,9.853999453343889,7
2016415,10.0,1
2016420,9.92841942147678,5
2016422,9.98495873225244,2
2016426,9.939482391329626,4
2016433,9.872966229390293,7
2016445,9.542014749931955,12
2016455,9.779771127519226,10
2016468,9.741137779773437,13
2016475,9.864410627715783,7
2016492,9.576047615145798,17
2016501,9.824330845352776,9
2016511,9.783607428522131,10
2016515,9.943191921928554,4
2016525,9.781266265967268,10
2016526,10.0,1
2016534,9.835923506856926,8
2016543,9.80378452048703,9
2016548,9.915152095443215,5
2016556,9.851990642095053,8
2016592,9.332365247410173,36
2016603,9.804092118707063,11
2016604,10.0,1
2016612,9.86684362294501,8
2016613,10.0,1
2016628,9.676568866474582,15
2016644,9.68261446251061,16
2016656,9.731091104891439,12
2016660,9.940881512272313,4
2016668,9.847921561887912,8
2016672,9.944041116193004,4
2016680,9.84092755817781,8
2016687,9.87104249027329,7
2016701,9.769905377080018,14
2016720,9.566661891371956,19
2016733,9.745784450457936,13
2016740,9.880849727121479,7
2016749,9.82475852179407,9
2016755,9.885763945650975,6
2016760,9.918678951922296,5
2016767,9.855498623901692,7
2016768,10.0,1
2016774,9.9052340400647,6
2016787,9.742002089003368,13
2016790,9.955451116771036,3
2016796,9.876641639910142,6
2016797,10.0,1
2016798,10.0,1
2016801,9.958204935845693,3
2016812,9.783860191071112,11
2016830,9.569604073804445,18
2016831,10.0,1
2016835,9.945210644011231,4
2016839,9.930578035140057,4
2016850,9.782871159401585,11
2016853,9.948052602599569,3
2016872,9.589974535153901,19
2016874,9.974872205731172,2
2016881,9.882774718509294,7
2016890,9.813966166160409,9
2016894,9.941964517181225,4
2016899,9.912813388873456,5
2016913,9.711980791546727,14
2016922,9.830651493353361,9
2016934,9.800190252100467,12
2016943,9.833425841403987,9
2016958,9.647585627958835,15
2016974,9.693365576720854,16
2016978,9.93445461785343,4
2016990,9.710458549763896,12
2016998,9.873072796828467,8
2017012,9.69502349814675,14
2017013,10.0,1
2017022,9.816179244009366,9
2017031,9.832270664644847,9
2017041,9.80175421074245,10
2017042,10.0,1
2017047,9.924159121132405,5
2017054,9.889436198572472,7
2017061,9.862515657157719,7
2017074,9.69892380874576,13
2017075,10.0,1
2017092,9.662434500766858,17
2017100,9.86559385353534,8
2017111,9.774942524189377,11
2017122,9.757328763493103,11
2017125,9.966492763842473,3
2017130,9.917863281431606,5
2017144,9.685196857913505,14
2017160,9.58725812035066,16
2017172,9.755555130492127,12
2017179,9.867158574674429,7
2017190,9.743891600892734,11
2017199,9.801898999788525,9
2017200,10.0,1
2017208,9.851625200691604,8
2017220,9.75425289900631,12
2017225,9.911825102470253,5
2017236,9.633708796629755,11
2017237,10.0,1
2017243,9.888272797230481,6
2017244,9.99263480112264,1
2017266,9.505762105273888,22
2017279,9.71566616325301,13
2017297,9.636791367559502,18
2017311,9.701735053817425,14
2017316,9.922029692465447,5
2017322,9.881533821924684,6
2017335,9.763986845411216,13
2017339,9.937591026290816,4
2017340,10.0,1
2017352,9.742001465237532,12
2017366,9.713747749702318,14
2017370,9.948871118101936,4
2017371,9.988503894224145,1
2017374,9.963149201857087,3
2017382,9.830664139591176,8
2017392,9.813063810168414,10
2017409,9.603038508334896,17
2017416,9.876044627320217,7
2017427,9.781080383627463,11
2017443,9.620073954403354,16
2017451,9.852448978134646,8
2017465,9.69615644710446,14
2017479,9.673078847259678,14
2017481,9.97133218561404,2
2017496,9.651821386586949,15
2017507,9.748942557142604,11
2017517,9.794703638764451,10
2017531,9.666090273378556,14
2017542,9.75435564164114,11
2017555,9.743552046526766,13
2017560,9.922808735427168,5
2017570,9.76284302082793,10
2017579,9.816104491440553,9
2017617,3.9231530009232403,38
2017636,9.587162171682714,19
2017637,10.0,1
2017642,9.90286804601833,5
2017653,9.744575067436992,11
2017667,9.672980994703776,14
2017676,9.82380056380807,9
2017696,9.480345959139271,20
2017703,9.873879894635033,7
2017714,9.815466496908346,11
2017715,9.992235740557026,1
2017716,10.0,1
2017726,9.793458459554872,10
2017727,9.996633185646612,1
2017728,9.989339989095871,1
2017738,9.781559340347096,10
2017742,9.945485825375426,4
2017753,9.747492390756047,11
2017754,10.0,1
2017755,10.0,1
2017762,9.856770179621748,7
2017763,10.0,1
2017783,9.598987110119538,20
2017797,9.737507830225326,14
2017815,9.617482754678814,18
2017823,9.849879308917039,8
2017832,9.832457489284334,9
2017850,9.63639126299482,18
2017858,9.847891253133513,8
2017868,9.824563272510675,10
2017869,10.0,1
2017871,9.974411914426273,2
2017872,10.0,1
2017879,9.864935444255993,7
2017892,9.73645387265732,13
2017893,9.992778064148107,1
2017901,9.84083957869168,8
2017912,9.81099428316319,11
2017928,9.628360096195424,16
2017986,-3.8475383139153863,58
2018002,9.675149548462747,16
2018014,9.755652396037839,12
2018017,9.951550380863228,3
2018024,9.862941735959948,7
2018033,9.789474527483748,9
2018040,9.860724547112534,7
2018056,9.65614714702935,16
2018070,9.669006984423685,14
2018079,9.829359611164538,9
2018090,9.808661783253267,11
2018094,9.941736454396604,4
2018102,9.83701086359452,8
2018108,9.911828714754218,6
2018117,9.830212039525021,9
2018127,9.820196359926596,10
2018133,9.89300240686774,6
2018140,9.869044729554219,7
2018146,9.926948818382552,6
2018159,9.71647263083773,13
2018163,9.94852214879424,4
2018166,9.958431553555473,3
2018178,9.738201528388904,12
2018190,9.756044193737111,12
2018203,9.702462587045568,13
2018215,9.727821119085851,12
2018224,9.816421991814606,9
2018251,9.431266780413733,27
2018254,9.96466404685129,3
2018258,9.945399400152073,4
2018268,9.776882874917849,10
2018281,9.695621680031884,13
2018282,10.0,1
2018296,9.675580852338303,14
2018313,9.535402537212542,17
2018317,9.941266165199314,4
2018325,9.869436632580676,8
2018336,9.762249648857615,11
2018344,9.846960362460916,8
2018353,9.806471574993983,9
2018360,9.852680628189345,7
2018361,10.0,1
2018366,9.925278080014095,5
2018367,9.996544201607332,1
2018380,9.693374178567808,13
2018389,9.846208123605958,9
2018396,9.903733308966554,7
2018404,9.857338508595161,8
2018416,9.784241707357902,12
2018436,9.48276884092892,20
2018439,9.965229652481389,3
2018449,9.829729539904339,10
2018463,9.745783418045514,14
2018464,9.996716877244314,1
2018477,9.737045634897678,13
2018485,9.855572151414336,8
2018492,9.862574890293233,7
2018502,9.80337144233817,10
2018514,9.743050983311797,12
2018519,9.922010613644328,5
2018530,9.757904088393092,11
2018535,9.899808676836189,5
2018536,9.987454270501425,1
2018545,9.835848645957386,9
2018550,9.926051950268656,5
2018564,9.690845220732166,14
2018578,9.7311087923707,14
2018583,9.900184423342186,5
2018588,9.915241049914757,5
2018597,9.856267259920427,9
2018608,9.790034899831221,11
2018613,9.90764610805674,5
2018626,9.690597420689729,13
2018634,9.867536981589174,8
2018642,9.833548216236295,8
2018647,9.92652145204298,5
2018661,9.730381330086015,14
2018668,9.867389915928307,7
2018673,9.914149588974217,5
2018680,9.892250758950436,7
2018694,9.710090029660483,14
2018702,9.860133968653216,8
2018711,9.830197638772542,9
2018715,9.943728930353434,4
2018729,9.688778858811176,14
2018744,9.676347828795729,15
2018756,9.750510688762118,12
2018769,9.478856963363526,13
2018770,10.0,1
2018775,9.935535263983986,5
2018784,9.821957981663935,9
2018793,9.801321628321222,9
2018799,9.89798183506707,6
2018810,9.76954542437878,11
2018817,9.867569945604814,7
2018828,9.772340422305074,11
2018836,9.836258613417876,8
2018842,9.896920678344943,6
2018852,9.787363191938413,10
2018860,9.838668771539812,8
2018870,9.81985124565784,10
2018879,9.839299441876216,9
2018882,9.964986514081525,3
2018894,9.756249473823015,12
2018908,9.729988608846563,14
2018918,9.805064475797929,10
2018923,9.919325514098363,5
2019025,8.047571028669033,102
2019041,9.579135559395572,16
2019052,9.765357027998203,11
2019056,9.947834340970887,4
2019067,9.792636247468888,11
2019083,9.646057721020881,16
2019094,9.79526216977234,11
2019104,9.767568141396024,10
2019109,9.93229389894264,5
2019115,9.918192684510547,6
2019119,9.948045432999141,4
2019123,9.936301499793037,4
2019124,10.0,1
2019128,9.943279952709752,4
2019132,9.938197492549829,4
2019145,9.726195695383103,13
2019154,9.84399049263224,9
2019158,9.93774658703985,4
2019165,9.881653753892026,7
2019184,9.626063931368215,19
2019194,9.800100679537366,10
2019197,9.967053387815069,3
2019198,9.993189748160558,1
2019206,9.852920652387798,8
2019219,9.73434851132371,13
2019226,9.880978567526457,7
2019237,9.757720105974276,11
2019241,9.943493106284327,4
2019252,9.751006124727654,11
2019263,9.807793009859544,11
2019264,10.0,1
2019283,9.574935210413708,19
2019289,9.887198404193008,6
2019290,10.0,1
2019303,9.736990405989866,13
2019306,9.965468899208776,3
2019310,9.941982562112836,4
2019316,9.899765800150021,6
2019323,9.853421472420008,7
2019330,9.885451674715767,7
2019348,9.629055269166667,18
2019369,9.520144453839668,21
2019370,10.0,1
2019382,9.740874629590556,12
2019396,9.68977308712121,14
2019412,9.709834346386984,16
2019424,9.732189492651242,12
2019439,9.686835169465903,15
2019450,9.78321826295238,11
2019453,9.956449921149328,3
2019455,9.971687910466793,2
2019470,9.652885771839552,15
2019481,9.77221163289679,11
2019501,9.561006647459518,20
2019510,9.81608363312516,9
2019519,9.810727155861988,9
2019529,9.779146736464803,10
2019536,9.761112452274633,7
2019546,9.783353082435857,10
2019548,9.98462072804065,2
2019562,9.74163537026795,14
2019565,9.949046588591335,3
2019569,9.940064697368145,4
2019578,9.825094184133265,9
2019589,9.78924588425466,11
2019601,9.431183100846134,12
2019605,9.934380105130618,4
2019617,9.735904111177021,12
2019633,9.62898332470763,16
2019637,9.946018556641866,4
2019643,9.8820476364739,6
2019644,9.996247216564344,1
2019655,9.788665493532221,11
2019657,9.980722963880346,2
2019666,9.817280949821617,9
2019682,9.639132304057823,16
2019692,9.82435319051361,10
2019698,9.88471332009207,6
2019704,9.912778196678925,6
2019717,9.712494146215679,13
2019734,9.650985621540874,17
2019742,9.85208009520975,8
2019745,9.95307840579376,3
2019748,9.949511081995661,3
2019757,9.822553432253383,9
2019768,9.778194700748447,11
2019770,9.974089866186922,2
2019775,9.9222605369932,5
2019788,9.731665067339044,13
2019800,9.728218680441937,12
2019803,9.959620457059087,3
2019817,9.733884021799705,14
2019818,10.0,1
2019825,9.869505938930388,7
2019831,9.881621914399775,6
2019841,9.792404373396998,10
2019853,9.7665134220745,12
2019859,9.912834956599957,6
2019872,9.725666089785546,13
2019901,5.905789898701175,29
2019909,9.839881384892326,8
2019912,9.9516711006605,3
2019920,9.85675607674361,8
2019923,9.964253636674306,3
2019949,9.313835758537888,26
2019955,9.908362710488536,6
2019970,9.682688686932291,15
2019976,9.873299998477705,6
2019982,9.889281599840382,6
2019995,9.710572958670959,13
2020001,9.898330965324433,6
2020016,9.599618760554499,15
2020025,9.823445514427078,9
2020036,9.805229739938481,11
2020047,9.774004488353226,11
2020057,9.76298071643666,10
2020063,9.879031160293993,6
2020069,9.888281716130448,6
2020071,9.97301078349478,2
2020081,9.806974945721258,10
2020119,9.13167297105055,38
2020120,10.0,1
2020121,10.0,1
2020138,9.715079732391592,17
2020155,9.680497081822516,17
2020162,9.884153410694408,7
2020172,9.814698201173906,10
2020173,10.0,1
2020184,9.767901711654213,11
2020197,9.69855170623728,13
2020208,9.79528145459189,11
2020223,9.669243573184565,15
2020233,9.80367001374895,10
2020241,9.85359942590157,8
2020249,9.861814605870073,8
2020261,9.750532191867592,12
2020276,9.669963782292077,15
2020289,9.733170403346731,13
2020295,9.89919168032181,6
2020308,9.68215298447821,13
2020309,10.0,1
2020317,9.86587485693471,8
2020323,9.90201025184919,6
2020339,9.6426364312514,16
2020359,9.6477854383382,20
2020369,9.77097745658233,10
2020378,9.852342834266059,9
2020391,9.751664567513687,13
2020404,9.720627182091008,13
2020413,9.86274526582542,9
2020423,9.827683700590756,10
2020428,9.920177393562753,5
2020440,9.74349625174059,12
2020448,9.85829828800132,8
2020456,9.833503817335012,8
2020460,9.94644809258158,4
2020466,9.895053826305514,6
2020480,9.68667410996612,14
2020483,9.96460720862026,3
2020500,9.683397103520662,17
2020504,9.937720093233862,4
2020510,9.915764857572288,6
2020519,9.842191270486751,9
2020523,9.932425259070971,4
2020530,9.901665807780606,7
2020535,9.92976648022921,5
2020537,9.984842428672808,2
2020549,9.733829862106553,12
2020561,9.766824789394748,12
2020570,9.819740384583888,9
2020582,9.774434952280306,12
2020585,9.957933339163187,3
2020589,9.944004889605933,4
2020597,9.86508451452469,8
2020605,9.868294357933582,8
2020615,9.776297976676027,10
2020630,9.63793173890793,15
2020635,9.926402726789325,5
2020648,9.72072573913692,13
2020653,9.917456170790386,5
2020666,9.700356894938226,13
2020676,9.800672052284279,10
2020678,9.984460454752636,2
2020687,9.854574618073922,9
2020720,5.984934005082686,33
2020731,9.755823812405579,11
2020754,9.554263161968956,23
2020764,9.833581872045258,10
2020766,9.97524559328339,2
2020767,10.0,1
2020782,9.660511833059298,15
2020789,9.875530110129853,7
2020797,9.820652068776692,8
2020798,10.0,1
2020802,9.944548707075716,4
2020814,9.752066537854516,12
2020828,9.678762816425222,14
2020846,9.631248549734567,18
2020850,9.927528554339998,4
2020858,9.869356929665624,8
2020869,9.79513571899722,11
2020871,9.976239223594549,2
2020882,9.78162370507809,11
2020890,9.740211271883208,8
2020899,9.800584511271264,9
2020915,9.700042889484893,16
2020927,9.721075149505982,12
2020941,9.70945735507911,14
2020962,9.520341440913938,21
2020973,9.789023574903917,11
2020978,9.908191613165819,5
2020990,9.740525566038656,12
2021001,9.784980525243165,11
2021014,9.696190117026315,13
2021018,9.933019500630095,4
2021026,9.853139289497424,8
2021039,9.714387590614955,13
2021051,9.729325019389554,12
2021058,9.88859469088795,7
2021062,9.953037976532302,4
2021069,9.872298556024052,7
2021081,9.815185320493212,12
2021091,9.797606687034088,10
2021111,9.61037598328354,20
2021121,9.834925605765175,10
2021136,9.714264607036823,15
2021148,9.747651356277673,12
2021158,9.790842080787275,10
2021167,9.820786389674991,9
2021181,9.740521529606863,14
2021191,9.811226028257956,10
2021205,9.676616823058222,14
2021206,10.0,1
2021210,9.926014838167923,4
2021220,9.783387426490265,10
2021224,9.93416680357133,4
2021235,9.792999794643286,11
2021251,9.62343617258102,16
2021263,9.742025237749703,12
2021283,9.568386449077607,20
2021284,10.0,1
2021285,9.986944630764368,1
2021286,10.0,1
2021298,9.746905859753037,12
2021314,9.692350755846373,16
2021331,9.348881481898811,17
2021336,9.911249527361825,5
2021343,9.892789274113982,7
2021348,9.918360060093399,5
2021360,9.744697754934371,12
2021375,9.638760591935918,15
2021388,9.719688202067367,13
2021393,9.906006673127312,5
2021397,9.93286367376961,4
2021407,9.779934847581437,10
2021415,9.86228419437182,8
2021417,9.981457791274313,2
2021423,9.898136582641538,6
2021437,9.745103962553078,14
2021450,9.714542381773029,13
2021462,9.730065737560192,12
2021463,10.0,1
2021475,9.729135382967945,12
2021476,10.0,1
2021485,9.819507884286178,9
2021494,9.802795515712873,9
2021497,9.961556624549843,3
2021507,9.767797644596211,10
2021514,9.86324576731339,7
2021524,9.782433377452946,10
2021538,9.678579126741017,14
2021549,9.813778324836475,11
2021551,9.9770477354788,2
2021558,9.868504147691079,7
2021567,9.834530080711499,9
2021585,9.589865163136784,18
2021603,9.449020103525552,18
2021617,9.679632189031652,14
2021626,9.848312571699779,9
2021639,9.77497486455803,13
2021650,9.768819172566541,11
2021653,9.957501619187894,3
2021664,9.58577478660447,11
2021669,9.90496695900059,5
2021678,9.78513542160825,9
2021680,9.983318641317553,2
2021702,9.504687665627907,22
2021713,9.77172853555742,11
2021714,10.0,1
2021728,9.736495087856834,14
2021735,9.852577082390761,7
2021749,9.682945385149502,14
2021761,9.7480186807827,12
2021763,9.971565038351402,2
2021774,9.750473776880543,11
2021782,9.83574374525949,8
2021783,10.0,1
2021784,10.0,1
2021795,9.760576708507626,11
2021809,9.674930749781334,14
2021815,9.876771108506247,6
2021828,9.777194292136775,13
2021838,9.785454653802978,10
2021845,9.885385918237466,7
2021861,9.640393561242071,16
2021875,9.71072932516975,14
2021884,9.819646246842817,9
2021893,9.812570171471483,9
2021905,9.742690526551083,12
2021914,9.821762536408627,9
2021915,9.993184889173259,1
2021927,9.732415557126371,12
2021939,9.728996904277928,12
2021951,9.71304444811373,12
2021953,9.96863356103518,2
2021958,9.927701138809551,5
2021962,9.93995291746911,4
2021963,10.0,1
2021987,9.215521740178247,24
2022010,9.5391897580536,23
2022011,9.992807946699116,1
2022013,9.868646829490974,2
2022021,9.831051830466578,8
2022029,9.72427433861746,8
2022041,9.637230135701218,12
2022048,9.86502053687195,7
2022056,9.844425489725829,8
2022063,9.875618110262433,7
2022064,10.0,1
2022071,9.879870928340106,7
2022080,9.821244729934694,9
2022083,9.950407152425283,3
2022091,9.84029376164217,8
2022099,9.842455135699831,8
2022115,9.564083949016288,16
2022124,9.811464237046799,9
2022135,9.764969405493224,11
2022140,9.917709547800477,5
2022144,9.939653609842374,4
2022145,10.0,1
2022155,9.821604700035234,10
2022166,9.76014070298301,11
2022178,9.7371103454997,12
2022186,9.82552906241056,8
2022200,9.73024436061608,14
2022207,9.883805855236897,7
2022217,9.783820923158299,10
2022241,9.457177286759277,24
2022242,10.0,1
2022243,9.988545881011001,1
2022247,9.938973961347948,4
2022255,9.851069459450489,8
2022265,9.820571267781778,10
2022269,9.930865834997073,4
2022287,9.582143906419311,18
2022296,9.82031147617106,9
2022307,9.767304159567045,11
2022311,9.931888098868143,4
2022318,9.848785807721693,7
2022326,9.836512693820895,8
2022335,9.814217798802005,9
2022342,9.862555900905246,7
2022349,9.882560419230783,7
2022350,10.0,1
2022351,10.0,1
2022358,9.866243326871658,7
2022376,9.581563049767382,18
2022384,9.857717012288814,8
2022396,9.757498738102214,12
2022407,9.788715395312058,11
2022410,9.966959481559082,3
2022421,9.793035538559169,11
2022429,9.884822406838826,8
2022445,9.651204288868263,16
2022450,9.9142979219479,5
2022457,9.859171608056837,7
2022473,9.612831425232557,16
2022488,9.701184851448359,15
2022489,10.0,1
2022490,10.0,1
2022495,9.911002635707558,5
2022510,9.663198165906072,15
2022518,9.825544302234288,8
2022528,9.810856365914733,10
2022544,9.655138743878938,16
2022553,9.819219832770024,9
2022554,9.996199802298438,1
2022560,9.878400932967985,6
2022562,9.973248161899145,2
2022569,9.903178830949697,7
2022579,9.819382315394982,10
2022602,9.492079173679656,23
2022604,9.972279882260429,2
2022609,9.922263726095416,5
2022616,9.872119991068285,7
2022625,9.798435929964661,9
2022636,9.7474458077509,11
2022651,9.683483877445147,15
2022654,9.958948456651095,3
2022655,10.0,1
2022672,9.293480477017038,17
2022683,9.756379779913484,11
2022693,9.767220008512625,10
2022699,9.885945284707589,6
2022708,9.85135845374381,9
2022718,9.729272025958473,10
2022731,9.728110492248524,13
2022754,6.9148844989704745,23
2022763,9.841080115781264,9
2022775,9.764071562764824,12
2022781,9.890249616126521,6
2022791,9.768124390712734,10
2022803,9.738571759802031,12
2022810,9.883862174325412,7
2022822,9.734945545678263,12
2022835,9.730384247361432,13
2022845,9.804178044085527,10
2022870,9.486440908290893,25
2022884,9.705799119923412,14
2022891,9.872420599507599,7
2022905,9.766592284543046,14
2022912,9.854861531052968,7
2022913,10.0,1
2022929,9.658557704145187,16
2022931,9.973766810941493,2
2022937,9.89078709615081,6
2022938,10.0,1
2022953,9.708732859653521,15
2022960,9.876990212228911,7
2022966,9.894493139494445,6
2022971,9.63546470710408,5
2022988,9.608263804942887,17
2023005,9.64007182344965,17
2023013,9.837731069783006,8
2023025,9.74914008445165,12
2023037,9.731835659314303,12
2023038,10.0,1
2023047,9.802271364793697,9
2023051,9.926228991841224,4
2023052,10.0,1
2023063,9.77358035507461,11
2023071,9.83029473357921,8
2023077,9.881740782855031,6
2023091,9.70666410256888,14
2023103,9.746496204344334,12
2023113,9.810529215406886,10
2023122,9.723804732604458,9
2023130,9.853031283605116,8
2023144,9.680567485184385,14
2023152,9.850082580656558,8
2023162,9.791346761451866,10
2023172,9.798563533428801,10
2023181,9.81448087138809,9
2023209,9.28945644487418,28
2023239,9.396050940105729,30
2023247,9.85475193226256,8
2023255,9.828425117383755,8
2023267,9.511269538473533,12
2023276,9.71789224983946,9
2023288,9.682799240904929,12
2023304,9.595651842869255,16
2023309,9.934830064310761,5
2023318,9.834802256972171,9
2023319,10.0,1
2023331,9.747557949969016,12
2023337,9.90393174711389,6
2023359,9.513449141614233,22
2023370,9.746090416745972,11
2023374,9.936404559346045,4
2023379,9.91544416660973,5
2023394,9.6988325920562,15
2023405,9.761739534347521,11
2023419,9.6397518312218,14
2023429,9.788550693503458,10
2023434,9.904272731238349,5
2023436,9.980261628841667,2
2023438,9.978088329312456,2
2023441,9.967866736193463,3
2023443,9.974623139318657,2
2023449,9.877678379378764,6
2023461,9.734972367269567,12
2023476,9.688372636599656,15
2023479,9.952840132692831,3
2023482,9.954350888882836,3
2023491,9.828188012900041,9
2023501,9.800161290785304,10
2023512,9.762759306983407,11
2023527,9.64131372408161,15
2023535,9.852088740087009,8
2023541,9.904090597521957,6
2023553,9.732428011268826,12
2023559,9.872514397753452,6
2023560,10.0,1
2023573,9.770300908769208,13
2023577,9.944440219734657,4
2023585,9.855833717632924,8
2023586,9.996610141496403,1
2023595,9.846299836107843,9
2023606,9.776237481672663,11
2023619,9.713971389713628,13
2023625,9.873358500090095,6
2023632,9.870109467745065,7
2023654,9.492346468686986,22
2023661,9.870523837468848,7
2023673,9.763707623692719,12
2023686,9.69497030286563,13
2023693,9.863838220083396,7
2023703,9.777455821971877,10
2023712,9.82132121738253,9
2023720,9.835998948037963,8
2023723,9.96227783695509,3
2023729,9.889163403303751,6
2023735,9.892079623570256,6
2023751,9.665760154186922,16
2023761,9.791134338838713,10
2023774,9.766137567571773,13
2023789,9.681417214428922,15
2023799,9.812483794413254,10
2023800,10.0,1
2023817,9.647860153775927,17
2023833,9.628471321263618,16
2023854,9.530985873796888,21
2023868,9.68392917227482,14
2023869,10.0,1
2023874,9.915556141987937,5
2023878,9.930907675808426,4
2023889,9.767044567818058,11
2023900,9.758282521596076,11
2023904,9.943623526221232,4
2023912,9.85627596810891,8
2023918,9.90088833300417,6
2023921,9.96610562842653,3
2023933,9.76900392668419,12
2023939,9.895539828706209,6
2023944,9.5940003130279,5
2023957,9.699993163763766,13
2023969,9.777511760018713,12
2023975,9.88954070631793,6
2023982,9.883133559769147,7
2023989,9.863486002657023,7
2024000,9.765840244438682,11
2024010,9.78574904117137,10
2024022,9.744995745312307,12
2024027,9.906705807725633,5
2024028,9.992605440141876,1
2024044,9.639844080148487,16
2024053,9.730797049682918,9
2024068,9.659019009912484,15
2024071,9.958199541034375,3
2024088,9.601513604306632,17
2024106,9.617214658937966,18
2024116,9.791653678746593,10
2024127,9.772026248519792,11
2024136,9.854957505515307,9
2024140,9.938242468252751,4
2024150,9.815126950919032,10
2024152,9.970492286378743,2
2024160,9.85103406195803,8
2024161,10.0,1
2024170,9.848948289002715,9
2024177,9.848187064576486,7
2024179,9.9780326202764,2
2024180,9.987797413254299,1
2024191,9.772965582663565,11
2024198,9.866130180974817,7
2024207,9.828110908571272,9
2024231,9.490406995032238,24
2024238,9.877291195619815,7
2024242,9.930931396789738,4
2024248,9.87514508816731,6
2024255,9.889019417087944,7
2024259,9.93499721495032,4
2024266,9.863376227196667,7
2024267,9.991331483181398,1
2024274,9.892320219741057,7
2024289,9.679767474711108,15
2024295,9.914376529847923,6
2024307,9.714989420481945,12
2024318,9.764681357649208,11
2024327,9.827035035022993,9
2024339,9.722932084679243,12
2024351,9.741267695424332,12
2024352,9.996625045656293,1
2024359,9.854176009330297,7
2024362,9.966624770997969,3
2024374,9.748942922317626,12
2024382,9.842977316721862,8
2024387,9.924421168762276,5
2024401,9.680600460441395,14
2024405,9.935264033665412,4
2024406,10.0,1
2024419,9.728430061902134,13
2024426,9.881378774922416,7
2024433,9.860131582851178,7
2024434,10.0,1
2024449,9.641869903240774,15
2024450,9.996575714406747,1
2024459,9.797932555213462,9
2024464,9.918758363320011,5
2024472,9.872021264583864,8
2024477,9.929977666074246,5
2024483,9.90107732646469,6
2024487,9.936174645569386,4
2024505,9.631635166953458,18
2024512,9.861352701533386,7
2024519,9.901941321288728,7
2024535,9.633775582979467,16
2024547,9.728091012122338,12
2024559,9.755781324809085,12
2024563,9.95005387072142,4
2024574,9.776701675894568,11
2024575,10.0,1
2024576,10.0,1
2024594,9.588297489404008,18
2024605,9.80445339916495,11
2024611,9.881049956730468,6
2024616,9.911426642407793,5
2024636,9.590470579685574,20
2024645,9.812943443459039,9
2024658,9.724654188933453,13
2024665,9.884494369349529,7
2024675,9.798695413078917,10
2024687,9.747287726002535,12
2024699,9.732621908649364,12
2024712,9.711045467082652,13
2024719,9.8471506872915,7
2024756,9.274311051552711,37
2024768,9.768784828136607,12
2024776,9.831163437639201,8
2024782,9.900210082499587,6
2024791,9.804974524491062,9
2024801,9.809274089211529,10
2024802,9.993107075190649,1
2024806,9.951115584969537,4
2024817,9.771606313780064,11
2024818,10.0,1
2024832,9.672442035932221,14
2024836,9.958963937111935,4
2024851,9.650886073779883,15
2024866,9.697732145184007,15
2024869,9.952614280681246,3
2024881,9.747377590684764,12
2024894,9.703957948001834,13
2024897,9.954773681168158,3
2024914,9.577370202671299,17
2024923,9.806901144226616,9
2024929,9.912558799350379,6
2024933,9.94307959541132,4
2024946,9.713772341980214,13
2024949,9.960564246531728,3
2024954,9.91619540560593,5
2024960,9.900065722767891,6
2024961,9.996457577087009,1
2024974,9.701096083076123,13
2024986,9.736259675270047,12
2024990,9.948916423568765,4
2025000,9.790906499024716,10
2025013,9.698563379306616,13
2025030,9.637395075379484,17
2025045,9.666568724583554,15
2025048,9.96811048663523,3
2025052,9.942378701864877,4
2025061,9.824400142613625,9
2025067,9.87855487630761,6
2025077,9.82095816827251,10
2025083,9.888880015796637,6
2025093,9.808082014201002,10
2025108,9.704242776297848,15
2025115,9.858043106993566,7
2025134,9.575746993086835,19
2025142,9.843517502397777,8
2025156,9.700121945125343,14
2025167,9.786483807367732,11
2025178,9.76998344077234,11
2025186,9.859785349666279,8
2025197,9.675596097807118,11
2025208,9.765455980519318,11
2025218,9.609002735492357,10
2025228,9.81813357600036,10
2025243,9.671119977526118,15
2025244,10.0,1
2025260,9.561391911586597,16
2025279,9.498012518666329,19
2025307,9.47117342057086,28
2025322,9.645562522050119,15
2025339,9.505588892184967,17
2025351,9.731570593430407,12
2025361,9.77436979349576,10
2025374,9.683764540182946,13
2025385,9.7480831536857,11
2025392,9.890399666100977,7
2025410,9.61972901930941,18
2025415,9.920468458315995,5
2025422,9.865065520058659,7
2025424,9.973503245663235,2
2025425,9.996052359254733,1
2025433,9.832576706610988,8
2025447,9.693604120823245,14
2025460,9.747556351709033,13
2025466,9.87927709810289,6
2025476,9.78550874887018,10
2025482,9.89725828394624,6
2025493,9.736203186173357,11
2025505,9.763447102138187,12
2025513,9.834454302024545,8
2025514,10.0,1
2025524,9.776049679267352,10
2025532,9.850141700094014,8
2025533,10.0,1
2025544,9.752013731882126,11
2025547,9.96413589093869,3
2025563,9.685136308099006,16
2025564,10.0,1
2025573,9.819206762577082,9
2025583,9.781979351804909,10
2025584,10.0,1
2025590,9.874476264146246,6
2025596,9.896053553467993,6
2025598,9.983563447170841,2
2025608,9.855982645864467,10
2025618,9.794079771059046,10
2025623,9.921949513014901,5
2025624,10.0,1
2025632,9.831574963437763,8
2025635,9.961185484164929,3
2025649,9.714190694813631,14
2025657,9.843026044658444,8
2025658,10.0,1
2025666,9.881309283005077,8
2025682,9.714964813459334,16
2025695,9.698473616018394,13
2025703,9.837550802227506,8
2025707,9.930529248129686,4
2025713,9.903171222842417,6
2025714,9.987909235814275,1
2025746,9.453891913791818,32
2025752,9.899763697931679,6
2025768,9.62978144028261,16
2025780,9.728013534916846,12
2025781,10.0,1
2025796,9.643451920503297,15
2025806,9.82915539621857,10
2025826,9.486476365515154,20
2025836,9.769976996164742,10
2025842,9.883648301219734,6
2025859,9.398935477646543,17
2025873,9.703983629055172,14
2025879,9.908567007770673,6
2025891,9.759146723560374,12
2025897,9.896221999421998,6
2025902,9.9062090911323,5
2025919,9.661894427520819,17
2025926,9.877348985302964,7
2025931,9.914595363174488,5
2025934,9.949086928421188,3
2025951,9.64317250341571,17
2025957,9.877697618812123,6
2025969,9.738136764338321,12
2025970,9.99599778525005,1
2025978,9.87930469138574,8
2025979,10.0,1
2025989,9.796632754572173,10
2025996,9.862836245016405,7
2026009,9.692409895871663,13
2026024,9.669416298611832,15
2026027,9.962716683928617,3
2026029,9.973100704657233,2
2026032,9.962906168909287,3
2026036,9.932071620350014,4
2026045,9.814349082405148,9
2026052,9.865792580830801,7
2026062,9.803918063549773,10
2026065,9.950328275406775,3
2026079,9.687908177137421,14
2026088,9.834923354268076,9
2026097,9.817465809498582,9
2026117,9.594337082118575,20
2026123,9.902826208358789,6
2026129,9.90676308708018,6
2026133,9.952992768085553,4
2026141,9.765898469414719,8
2026154,9.698440985020301,13
2026157,9.964230845854292,3
2026170,9.726470504805965,13
2026176,9.891995555485401,6
2026188,9.729001033058502,12
2026196,9.885676495829859,8
2026210,9.67032236009562,14
2026211,10.0,1
2026219,9.85755961863835,8
2026228,9.825225135471197,9
2026236,9.847202926120808,8
2026240,9.948631270987452,4
2026252,9.770315592056237,12
2026265,9.752820263771497,13
2026277,9.776027130542579,12
2026289,9.741236499123087,12
2026305,9.61870711475537,16
2026319,9.45524568548074,14
2026331,9.750229990154663,12
2026334,9.949397899764001,3
2026346,9.713267567844024,12
2026350,9.940242785574688,4
2026354,9.945871450555996,4
2026369,9.623942756386338,15
2026379,9.805700682115507,10
2026389,9.78228888653651,10
2026399,9.787673678024477,10
2026412,9.712292031572089,13
2026424,9.700081997360227,12
2026433,9.804283899455895,9
2026441,9.821878169269318,8
2026454,9.532454159749907,13
2026464,9.794827214168105,10
2026469,9.917998382639995,5
2026482,9.60632664838914,13
2026489,9.845905664264743,7
2026500,9.789991563123833,11
2026509,9.860795382178841,9
2026529,9.35872622350697,20
2026548,9.657727055977057,19
2026559,9.771124436768758,11
2026575,9.67075509013424,16
2026596,9.576569989680566,21
2026597,9.989247714092798,1
2026602,9.913129318716397,5
2026613,9.759475951626404,11
2026617,9.94189260230205,4
2026627,9.777807143678345,10
2026635,9.74719622961253,8
2026644,9.822324495836513,9
2026649,9.917842586569607,5
2026653,9.944790744505168,4
2026660,9.852119090301187,7
2026671,9.825741264245606,11
2026686,9.67217960569037,15
2026687,10.0,1
2026700,9.706786668508238,13
2026714,9.68464153948432,14
2026722,9.857521058013312,8
2026734,9.716695141168737,12
2026742,9.842779953011943,8
2026749,9.862030103050795,7
2026754,9.903802802450336,5
2026763,9.82124981163219,9
2026771,9.827801400192113,8
2026772,10.0,1
2026783,9.81370290789153,11
2026784,10.0,1
2026791,9.875779655215464,7
2026797,9.879121543178227,6
2026804,9.874903201710705,7
2026805,10.0,1
2026816,9.75051890186409,11
2026829,9.726794733815899,13
2026830,10.0,1
2026842,9.76313611355544,12
2026849,9.889888183216073,7
2026853,9.928504556608408,4
2026863,9.792401083894383,10
2026864,10.0,1
2026871,9.872542034490301,7
2026879,9.849000038632,8
2026891,9.735467232518438,12
2026896,9.917390939602184,5
2026897,10.0,1
2026898,10.0,1
2026909,9.76150648669375,11
2026914,9.91922648715303,5
2026922,9.864788082196181,8
2026940,9.562360519720578,18
2026944,9.94669105894672,4
2026959,9.660479403429477,15
2026971,9.744682973921398,12
2026996,9.436112620873763,25
2027009,9.741785907282924,13
2027012,9.953951293340932,3
2027020,9.829432127977709,8
2027030,9.800126199859445,10
2027042,9.752800203671265,12
2027044,9.97880831716604,2
2027053,9.80615475981065,9
2027060,9.753512460915214,7
2027061,10.0,1
2027072,9.778600110330945,11
2027094,9.481696428798088,22
2027101,9.878179798493644,7
2027112,9.799137524624516,11
2027117,9.91456328147013,5
2027131,9.673144885856939,14
2027147,9.673821495552309,16
2027155,9.835938965546164,8
2027167,9.70429892260071,12
2027175,9.82368920286346,8
2027186,9.763977811700611,11
2027187,10.0,1
2027197,9.763963793033033,10
2027213,9.639812093273143,16
2027223,9.795368381098246,10
2027234,9.764111387363162,11
2027243,9.834858324085118,9
2027264,9.553198323478334,21
2027277,9.713393331993434,13
2027290,9.710981562141553,13
2027312,9.516656403194565,22
2027317,9.922609048396442,5
2027329,9.76741879754271,12
2027338,9.815150080516263,9
2027344,9.891946309753823,6
2027345,10.0,1
2027350,9.929599316294931,5
2027359,9.820993352713844,9
2027370,9.76863670737684,11
2027381,9.817868206599373,11
2027388,9.878078530963354,7
2027394,9.87623510124624,6
2027404,9.768923175291988,10
2027417,9.71656458343721,13
2027424,9.856930852619946,7
2027434,9.797432462271283,10
2027441,9.87582421953386,7
2027453,9.811705624143334,12
2027456,9.965943227427042,3
2027457,10.0,1
2027466,9.857685434473654,9
2027482,9.653027841168742,16
2027499,9.593127371862625,17
2027503,9.93933627070292,4
2027516,9.73926194390645,13
2027528,9.729222335801255,12
2027536,9.852150674906385,8
2027552,9.708418645624272,16
2027558,9.898843565070312,6
2027564,9.883927352766042,6
2027573,9.807826488054351,9
2027598,9.447927639608341,25
2027600,9.968615760775695,2
2027601,10.0,1
2027606,9.920879610810328,5
2027610,9.947037859669926,4
2027618,9.828713163113353,8
2027634,9.624565274089528,16
2027648,9.676393006030356,14
2027666,9.556864080609387,18
2027667,10.0,1
2027685,9.561206645791058,18
2027686,10.0,1
2027698,9.770533245320902,12
2027715,9.612330345444231,17
2027720,9.90655497253648,5
2027722,9.974278784146446,2
2027723,10.0,1
2027729,9.87364956464712,6
2027738,9.51871124504052,9
2027753,9.63156560333465,15
2027759,9.889252799029087,6
2027768,9.841647416827428,9
2027779,9.78321721103455,11
2027784,9.925207662469404,5
2027785,10.0,1
2027800,9.608142993569777,15
2027801,10.0,1
2027812,9.739376756439436,11
2027821,9.823185850617945,9
2027828,9.88920185024483,7
2027862,9.340634396176418,34
2027870,9.838065574948661,8
2027881,9.787178842547316,11
2027904,8.229469429193182,23
2027919,9.656698606490881,15
2027928,9.831165495578487,9
2027937,9.847396359689453,9
2027941,9.930452706858043,4
2027946,9.931272155224365,5
2027952,9.889741865285007,6
2027964,9.739611800454107,12
2027971,9.851254035292074,7
2027976,9.909021573824065,5
2027990,9.673146291797773,14
2028008,9.578827899096051,18
2028018,9.79406897632637,10
2028031,9.690392069967062,13
2028041,9.773773682940012,10
2028051,9.839315911481888,10
2028061,9.777098629810178,10
2028083,9.607244086657683,22
2028089,9.885325472498762,6
2028099,9.785339787545457,10
2028104,9.915737758266,5
2028112,9.856957320794725,8
2028114,9.974621683896952,2
2028123,9.857710257919903,9
2028134,9.768519597582031,11
2028135,10.0,1
2028142,9.79392396208534,7
2028145,9.957849238774822,3
2028149,9.921801808378873,4
2028159,9.781930918835199,10
2028176,9.632732747429722,17
2028192,9.64535350348631,16
2028203,9.812435515559285,11
2028209,9.877189261975424,6
2028219,9.833782189020976,10
2028236,9.593221250711158,17
2028253,9.652914549733529,17
2028267,9.68850100860599,14
2028278,9.811526166944807,11
2028280,9.9819693367045,2
2028292,9.738039274023093,12
2028297,9.922610470855188,5
2028298,10.0,1
2028317,9.663765652626765,19
2028330,9.702310759424211,13
2028344,9.527898005290416,14
2028349,9.908567602982492,5
2028361,9.786336833738531,12
2028369,9.834278450301946,8
2028381,9.714846289885203,12
2028398,9.589954814259862,17
2028410,9.791540881816669,12
2028411,9.988412051881058,1
2028424,9.725125879559869,13
2028436,9.765504098426739,12
2028440,9.930630068094827,4
2028448,9.849058921641978,8
2028464,9.69507627287856,16
2028468,9.93511781049839,4
2028481,9.67959683673623,13
2028494,9.689192818829746,13
2028495,10.0,1
2028512,9.597661001163779,17
2028530,9.569020364218398,18
2028536,9.912876322866438,6
2028540,9.947846203119534,4
2028541,10.0,1
2028550,9.842865798763407,9
2028562,9.73088457700551,12
2028564,9.980644884495959,2
2028573,9.827752137902937,9
2028579,9.910781883806337,6
2028586,9.876615423651305,7
2028590,9.940239127377016,4
2028599,9.82666248564556,9
2028607,9.854101536314932,8
2028619,9.734050114497265,12
2028627,9.83680332520713,8
2028631,9.93263163536577,4
2028635,9.934052429272066,4
2028645,9.79568157321236,10
2028660,9.747023264689869,15
2028669,9.80831147544791,9
2028676,9.88804180626267,7
2028679,9.951896180902494,3
2028688,9.835787194753793,9
2028706,9.62936505913104,18
2028715,9.800104718064357,9
2028730,9.686768825420387,15
2028735,9.940576646232875,5
2028752,9.590652087966888,17
2028763,9.78914847020788,11
2028764,10.0,1
2028771,9.865896757127105,7
2028772,10.0,1
2028779,9.868975219096422,7
2028792,9.749981066784422,13
2028799,9.872890560651129,7
2028814,9.663459485193496,15
2028820,9.91650322673174,6
2028836,9.581347503102297,16
2028848,9.801567102260133,12
2028859,9.78524047049873,11
2028864,9.923442733366445,5
2028872,9.847508625742568,8
2028932,8.9409282609161,60
2028938,9.904514985784678,6
2028953,9.713954855059422,15
2028964,9.770362202371153,11
2028986,8.935466035781833,22
2028999,9.697387292283283,13
2029017,9.643785483046075,18
2029024,9.873802269161166,7
2029044,9.561842292577598,20
2029058,9.692768030675934,14
2029065,9.859866696924986,7
2029074,9.803159007407874,9
2029079,9.905543728443208,5
2029091,9.756862666234996,12
2029097,9.898262437313852,6
2029104,9.856143877043944,7
2029112,9.857394557143447,8
2029117,9.906079121696235,5
2029123,9.890711142803848,6
2029130,9.867735953851176,7
2029135,9.922575004160903,5
2029142,9.875935165671693,7
2029163,9.54898887732614,21
2029181,9.588837723519303,18
2029193,9.739795433009194,12
2029207,9.685530559390076,14
2029221,9.710576741412975,14
2029231,9.601984161805056,10
2029232,10.0,1
2029233,9.996308009654353,1
2029239,9.897228743172773,6
2029244,9.925880992273939,5
2029254,9.81930249875763,10
2029255,10.0,1
2029267,9.725038217568128,12
2029354,7.408912805121323,87
2029367,9.723762228093099,13
2029389,9.580535516100923,22
2029395,9.9026132086008,6
2029403,9.829223192411888,8
2029411,9.835895146715194,8
2029429,9.577380673355306,18
2029444,9.652455610047479,15
2029452,9.870218133939854,8
2029457,9.908316189601742,5
2029463,9.905953213983924,6
2029464,10.0,1
2029465,10.0,1
2029477,9.77252909970602,12
2029483,9.89679548687297,6
2029534,8.982448744331073,51
2029538,9.93133614924323,4
2029545,9.877423711109456,7
2029555,9.791996343488046,10
2029556,10.0,1
2029565,9.815281866526563,9
2029575,9.797149935153119,10
2029582,9.877728498129391,7
2029589,9.877497393711204,7
2029599,9.816375084614712,10
2029645,8.725260216475743,46
2029657,9.744032167484717,12
2029658,9.99185416945121,1
2029664,9.88495867875895,6
2029677,9.729968900626826,13
2029688,9.795706754846147,11
2029694,9.910637285165492,6
2029700,9.87246394477765,6
2029705,9.92205442203555,5
2029709,9.938464560748098,4
2029724,9.68047848097824,15
2029729,9.905430090166162,5
2029737,9.858401767892278,8
2029746,9.839932194132928,9
2029749,9.964629344653568,3
2029764,9.526865348755335,15
2029776,9.74899815070349,12
2029782,9.886222655653262,6
2029783,10.0,1
2029793,9.799780886514606,10
2029810,9.653844170532947,17
2029832,9.328720569939023,22
2029841,9.853641149650516,9
2029842,10.0,1
2029850,9.855752502354528,8
2029854,9.948897164014973,4
2029870,9.698999332861117,16
2029882,9.741141257142225,12
2029901,9.275265777939484,19
2029908,9.883823021095326,7
2029922,9.710838164273971,14
2029935,9.705047742116273,13
2029941,9.8915280940395,6
2029944,9.948898524972124,3
2029948,9.939445048310688,4
2029949,10.0,1
2029958,9.807756755573227,9
2029963,9.90320932783508,5
2029969,9.886704972102697,6
2029983,9.704664534254592,14
2029988,9.894108916676087,5
2030000,9.426746565292879,12
2030007,9.880117486981549,7
2030014,9.876553407795674,7
2030026,9.776162366987654,12
2030039,9.734409818673115,13
2030044,9.821915275111852,5
2030058,9.757367071556777,14
2030069,9.756832652822402,11
2030091,9.435199467664734,22
2030105,9.713191989086791,14
2030111,9.907272422382308,6
2030116,9.903547194796374,5
2030118,9.974668491611244,2
2030128,9.790631104622083,10
2030136,9.858029881783773,8
2030141,9.915974432676531,5
2030142,10.0,1
2030150,9.871555094814552,8
2030151,10.0,1
2030159,9.828779988602456,8
2030175,9.67641830466823,16
2030178,9.967468484869885,3
2030186,9.851878089206425,8
2030192,9.90689794273004,6
2030198,9.900522267424048,6
2030212,9.661902137456767,14
2030224,9.752059986487556,12
2030234,9.79799564679063,10
2030248,9.701307722821555,14
2030265,9.443538565199665,17
2030274,9.829807465409084,9
2030280,9.894018962748428,6
2030286,9.902021051375758,6
2030293,9.880303393885992,7
2030304,9.68667492182452,11
2030316,9.74465545984772,12
2030327,9.77536425209583,11
2030328,10.0,1
2030333,9.927745918200163,5
2030343,9.788753422519092,10
2030357,9.705673603823769,14
2030360,9.946938864242908,3
2030370,9.785060661814066,10
2030379,9.830001354474968,9
2030394,9.688506501542715,15
2030395,10.0,1
2030406,9.774632492453383,11
2030418,9.730368215603553,12
2030424,9.90086368093504,6
2030429,9.908525458577051,5
2030434,9.918662240075713,5
2030451,9.665913430206208,17
2030456,9.921925667415742,5
2030469,9.733898479753655,13
2030475,9.901195006672438,6
2030488,9.736283381160346,13
2030492,9.95415825014558,4
2030493,10.0,1
2030497,9.929471181079043,4
2030515,9.62744756859614,18
2030534,9.598023973325564,19
2030535,9.992268977185683,1
2030541,9.891708106842595,6
2030545,9.9450625377403,4
2030558,9.722309839530416,13
2030568,9.765474357180535,10
2030572,9.949291753278453,4
2030582,9.813993028583193,10
2030597,9.69878201006225,15
2030604,9.869473533732032,7
2030609,9.917285576464655,5
2030622,9.766695882270838,13
2030638,9.649432892212108,16
2030644,9.903133227524291,6
2030648,9.939324070945185,4
2030662,9.724037750724186,14
2030666,9.93946157900092,4
2030699,9.239915911069968,33
2030719,9.619066553895578,20
2030729,9.804975930121705,10
2030746,9.582875460270902,17
2030763,9.659742180203652,17
2030769,9.904989833964123,6
2030778,9.852976960009997,9
2030790,9.782963745293374,12
2030805,9.671179543283989,15
2030808,9.963822561434998,3
2030817,9.84214787120489,9
2030823,9.89532698051371,6
2030835,9.765683992593061,12
2030845,9.800452670383214,10
2030855,9.775157933658987,10
2030866,9.758500662491652,11
2030875,9.842566677089891,9
2030889,9.672258284123732,14
2030896,9.864628771278957,7
2030918,9.539902669512037,22
2030925,9.876792193316117,7
2030950,9.508620748612435,25
2030959,9.796099612814345,9
2030966,9.89823786612328,7
2030972,9.900507038929799,6
2030992,9.574496870078097,20
2031004,9.741096996046501,12
2031013,9.81675518589359,9
2031021,9.88041739832213,8
2031027,9.90008232547221,6
2031028,10.0,1
2031038,9.795135579479856,10
2031055,9.680595680786121,17
2031070,9.659325880256592,15
2031079,9.805903186153971,9
2031090,9.792517728006993,11
2031117,9.565135312273215,27
2031118,10.0,1
2031122,9.931925685067215,4
2031139,9.64829767794486,17
2031153,9.722209192224824,14
2031169,9.66669189759866,16
2031184,9.650521572370208,15
2031186,9.972709670280627,2
2031187,10.0,1
2031196,9.79495549045008,9
2031204,9.854136435087671,8
2031205,10.0,1
2031212,9.895575299427046,7
2031223,9.778855358481733,11
2031239,9.686836201993449,16
2031252,9.710881955766823,13
2031261,9.803683876894178,9
2031271,9.801861139622012,10
2031281,9.795830421793939,10
2031285,9.936680012954094,4
2031292,9.863232556453855,7
2031302,9.783697224158242,10
2031306,9.935007413451327,4
2031315,9.740317209437064,9
2031323,9.851668819869934,8
2031329,9.906670008378708,6
2031342,9.76238022870401,13
2031364,9.471701139826699,22
2031368,9.946523567205437,4
2031381,9.740508461660841,13
2031393,9.748580766226091,12
2031419,9.386956290490147,26
2031422,9.96624105504313,3
2031425,9.947056481838755,3
2031439,9.675033568286791,14
2031447,9.832581794511464,8
2031452,9.912722596694437,5
2031457,9.926502922300697,5
2031462,9.919665419221994,5
2031474,9.747531303742125,12
2031486,9.726824424823624,12
2031498,9.734419317912336,12
2031499,9.992696352831121,1
2031501,9.979336147524,2
2031516,9.675142544888418,15
2031532,9.634451898564368,16
2031544,9.801811560245078,12
2031551,9.84918346886836,7
2031562,9.792919990120785,11
2031576,9.678924202312999,14
2031580,9.945059541524312,4
2031590,9.781597556141145,10
2031591,10.0,1
2031601,9.780839013200398,10
2031612,9.780266097297872,11
2031616,9.92775479979283,4
2031626,9.781540230069169,10
2031629,9.955661811940203,3
2031635,9.899174106311992,6
2031639,9.92758539918768,4
2031655,9.620393481885134,16
2031661,9.90989051742194,6
2031669,9.838971096855028,8
2031684,9.666743707745493,15
2031690,9.892596878779745,6
2031696,9.880673232980591,6
2031704,9.82768262873615,8
2031710,9.890414169478033,6
2031715,9.920062282119018,5
2031726,9.766936146590016,11
2031739,9.709215877534316,13
2031742,9.97101497261916,3
2031748,9.887923272802277,6
2031759,9.788199891780714,11
2031760,10.0,1
2031761,10.0,1
2031772,9.80171355538347,11
2031779,9.890898319409857,7
2031784,9.929499545345113,5
2031787,9.962133579700463,3
2031796,9.824381165840245,9
2031806,9.79448549243671,10
2031818,9.752050443408713,12
2031827,9.806616530544238,9
2031837,9.81287700806666,10
2031838,10.0,1
2031850,9.726567761060737,12
2031864,9.692730405911334,14
2031874,9.79347681930355,10
2031889,9.721535369485945,15
2031897,9.834741180772884,8
2031911,9.68795866590266,14
2031934,9.434393118529286,23
2031936,9.980899646808279,2
2031956,9.574178380396052,20
2031975,9.628580866278524,19
2031986,9.755426596783806,11
2031990,9.934752422996562,4
2031999,9.81392761367889,9
2032010,9.762193875815822,11
2032019,9.835595219423313,9
2032027,9.840546667481727,8
2032033,9.917841121078625,6
2032054,9.486111424036052,21
2032064,9.799359254313412,10
2032072,9.841850042377272,8
2032081,9.853827449992423,9
2032098,9.674809818041444,17
2032111,9.717924867356343,13
2032119,9.870425647417589,8
2032127,9.86985453409596,8
2032134,9.900909489698615,7
2032141,9.870738222123778,7
2032154,9.724241293321093,13
2032166,9.730973197391966,12
2032189,9.495274791775081,23
2032192,9.962107344894427,3
2032197,9.913621260934729,5
2032210,9.772734560375136,13
2032214,9.92967656818791,4
2032220,9.897393331128141,6
2032242,9.42856574151266,22
2032243,10.0,1
2032246,9.959307151070401,3
2032262,9.633451931129848,16
2032276,9.6933805380444,14
2032393,7.695785825192712,117
2032404,9.771876968855885,11
2032416,9.756911647697356,12
2032418,9.96856409337878,2
2032425,9.866304062852642,7
2032434,9.82257499147735,9
2032437,9.962277725112509,3
2032444,9.857197793825556,7
2032451,9.874406142431281,7
2032452,10.0,1
2032484,9.122262574216894,32
2032490,9.907869910832284,6
2032502,9.78125293345447,12
2032514,9.785532830799108,12
2032530,9.642943068770148,16
2032538,9.866404931716843,8
2032545,9.878638207318142,7
2032560,9.672423321944617,15
2032567,9.864592192908798,7
2032574,9.86026403443095,7
2032581,9.8773495213623,7
2032594,9.706204837452583,13
2032602,9.83859449854715,8
2032615,9.727113067023216,13
2032625,9.802519658604911,10
2032639,9.708261048203,14
2032654,9.651217716476918,15
2032655,9.9882860062619,1
2032665,9.774441366184972,10
2032667,9.979125727680403,2
2032674,9.855884503908024,7
2032676,9.970585921291104,2
2032677,10.0,1
2032694,9.631774731439265,17
2032704,9.787797277899346,10
2032716,9.73864587978222,12
2032724,9.853458104162367,8
2032732,9.848287709738582,8
2032744,9.766069732059501,12
2032748,9.933732464362677,4
2032762,9.618517281723038,14
2032771,9.816683723406403,9
2032774,9.95106025677357,3
2032779,9.921928285128464,5
2032783,9.932395798033843,4
2032792,9.853049253524366,9
2032793,10.0,1
2032802,9.854661124464442,9
2032819,9.549435961174746,17
2032820,10.0,1
2032822,9.977037797664066,2
2032831,9.820619509879757,9
2032837,9.877250491963839,6
2032848,9.780256186209707,11
2032862,9.671831025276319,14
2032870,9.86742868231758,8
2032880,9.786244568958487,10
2032882,9.982816892205692,2
2032896,9.703556791633806,14
2032908,9.752657026740652,12
2032909,10.0,1
2032914,9.910780388037253,5
2032926,9.721743931857313,12
2032930,9.942280939241478,4
2032937,9.840346534994133,7
2032943,9.890396061128898,6
2032949,9.892601682885775,6
2032966,9.68638593654579,17
2032977,9.772605488251175,11
2032984,9.862195655203898,7
2032996,9.753318392992385,12
2033004,9.842182771900985,8
2033016,9.706232346372529,12
2033026,9.792258515396917,10
2033042,9.63777079740272,16
2033055,9.704451932300188,13
2033064,9.798624297744928,9
2033065,9.992993707193305,1
2033078,9.710243284762727,13
2033085,9.882477063295774,7
2033086,10.0,1
2033096,9.819058488345057,10
2033106,9.806008355401957,10
2033120,9.428068950558535,14
2033125,9.908881150322252,5
2033134,9.814640546924048,9
2033138,9.956269536585623,4
2033148,9.831135706854225,10
2033153,9.924862931296353,5
2033162,9.815753931801327,9
2033166,9.944836242260388,4
2033180,9.683179840577717,14
2033193,9.709259243364171,13
2033203,9.787723121302326,10
2033218,9.718233429064142,15
2033227,9.844498186130092,9
2033234,9.894564897942177,7
2033248,9.717289401384276,14
2033261,9.707077866473535,13
2033273,9.763983605002968,12
2033277,9.925299405412925,4
2033286,9.801033145350885,9
2033290,9.945903891004738,4
2033315,9.501743135947219,25
2033320,9.911814329892819,5
2033324,9.922328200835713,4
2033331,9.889003500480797,7
2033340,9.821516699565048,9
2033343,9.971254035528169,3
2033351,9.83654848668944,8
2033356,9.924849381002026,5
2033367,9.780211352007049,11
2033377,9.802292612648655,10
2033381,9.943258206799122,4
2033392,9.789085085328551,11
2033396,9.931390871773145,4
2033408,9.737880817835766,12
2033421,9.733685569047264,13
2033427,9.87759487512108,6
2033428,10.0,1
2033442,9.665266056948587,14
2033453,9.746378335918594,11
2033472,9.630550029121997,19
2033488,9.635961418826286,16
2033496,9.875140614159521,8
2033518,9.201194872149962,22
2033535,9.633299036844333,17
2033540,9.919033233030616,5
2033552,9.757320222393988,12
2033559,9.889302614164876,7
2033574,9.655090982143921,15
2033589,9.680130909071222,15
2033590,10.0,1
2033597,9.88896245700155,7
2033610,9.701830619247367,13
2033627,9.637455221741448,17
2033631,9.950851226042905,4
2033641,9.820164590248254,10
2033649,9.849344769528392,8
2033650,10.0,1
2033663,9.683762796533177,13
2033669,9.885303663728466,6
2033675,9.905394059306671,6
2033682,9.879967295887065,7
2033693,9.759500320935214,11
2033694,10.0,1
2033706,9.749624434986512,12
2033728,7.650888577376609,22
2033730,9.972161644696467,2
2033743,9.714910307798721,13
2033752,9.816398585295257,9
2033766,9.685465137600785,14
2033778,9.720590120060661,12
2033783,9.91056368152506,5
2033796,9.709215643993344,13
2033803,9.873332912232403,7
2033812,9.851268610418948,9
2033817,9.931865635641861,5
2033818,10.0,1
2033835,9.491636319063334,17
2033841,9.883356760069436,6
2033854,9.739021409209823,13
2033865,9.773258382321549,11
2033876,9.766009558514757,11
2033886,9.76652500807363,10
2033900,9.69132756798108,14
2033911,9.797422428754478,11
2033919,9.852360873562835,8
2033927,9.820876068289394,8
2033935,9.832076616867777,8
2033942,9.856780107209147,7
2033946,9.941322053617764,4
2033947,9.992529291353357,1
2033956,9.82981103615552,9
2033971,9.662360265895517,15
2033978,9.872415066229875,7
2033989,9.739284301214978,11
2033997,9.837722619232546,8
2034006,9.843684889483228,9
2034016,9.796106067540853,10
2034025,9.804769870536651,9
2034026,10.0,1
2034032,9.900254880732065,6
2034042,9.801843410444345,10
2034047,9.916282243250073,5
2034058,9.750336094627098,11
2034068,9.775008142160445,10
2034069,10.0,1
2034078,9.835815902868672,9
2034088,9.620915723388977,10
2034139,8.950927989212273,51
2034146,9.866727134943773,7
2034151,9.924781181069486,5
2034164,9.731825224436296,13
2034165,10.0,1
2034173,9.84507854577527,8
2034176,9.950835277126359,3
2034179,9.950470161895149,3
2034190,9.766469071390333,11
2034209,9.655041805172146,19
2034230,9.496179908072163,21
2034239,9.814896171590686,9
2034243,9.945551098740303,4
2034260,9.677198443559384,17
2034276,9.636224704306008,16
2034325,8.970836546661976,49
2034334,9.84445437040266,9
2034342,9.829005487605293,8
2034352,9.790059833089783,10
2034360,9.835394555915588,8
2034369,9.839883768752273,9
2034381,9.710935952817039,12
2034402,9.559668968337208,21
2034416,9.726293019692907,14
2034433,9.688001788376656,17
2034446,9.71056741487598,13
2034459,9.701971770173,13
2034460,10.0,1
2034472,9.740597904795507,12
2034484,9.644589823631545,12
2034495,9.781592548989904,11
2034505,9.791522716087107,10
2034519,9.662904471220006,14
2034529,9.763944247426434,10
2034531,9.976785750874944,2
2034545,9.689004335419988,14
2034550,9.909629244665814,5
2034560,9.800623916220959,10
2034565,9.916912452407988,5
2034567,9.971980054553473,2
2034573,9.913996664438008,6
2034577,9.927993752066904,4
2034581,9.93474603675704,4
2034584,9.962025644118583,3
2034588,9.957538762768552,4
2034589,10.0,1
2034602,9.706579345463421,13
2034620,9.578309606189702,18
2034629,9.807800389082168,9
2034639,9.82744996485838,10
2034661,9.562038276107046,22
2034669,9.83455348688182,8
2034670,10.0,1
2034687,9.617560198691976,17
2034689,9.974967980442804,2
2034690,10.0,1
2034692,9.984766335472493,2
2034694,9.969087847338812,2
2034702,9.824386807260282,8
2034712,9.787237676954916,10
2034716,9.952618647916765,4
2034717,10.0,1
2034723,9.895263143062486,6
2034731,9.865258058569532,8
2034746,9.466131059001201,15
2034752,9.904230313158806,6
2034755,9.966565907792436,3
2034760,9.915244411259389,5
2034765,9.916294562132963,5
2034772,9.848370118075332,7
2034792,9.619701810142583,20
2034803,9.786525509280377,11
2034804,10.0,1
2034819,9.699464091005751,15
2034830,9.821733373598363,11
2034843,9.71775736344912,13
2034848,9.90626804925118,5
2034859,9.765323637148198,11
2034863,9.946386584052968,4
2034876,9.698319287556616,13
2034897,9.561806086527389,21
2034908,9.772708438954622,11
2034915,9.87760535249967,7
2034925,9.841496023881959,10
2034926,10.0,1
2034932,9.902666970843127,6
2034939,9.858336268965557,7
2034955,9.621088514693234,16
2034970,9.644761179268823,15
2034990,9.533579848328314,20
2035001,9.756826380158305,11
2035005,9.949828892700422,4
2035010,9.922501520321628,5
2035018,9.846335025239608,8
2035024,9.906369420227387,6
2035039,9.656856356393234,15
2035058,9.67592719963425,19
2035063,9.915609425642147,5
2035070,9.64303936823108,7
2035078,9.82401374345064,8
2035083,9.898883671627088,5
2035084,10.0,1
2035089,9.930431170924571,5
2035100,9.79551142910245,11
2035101,10.0,1
2035110,9.810200738708364,9
2035123,9.746438815346847,13
2035126,9.955622424334983,3
2035127,9.992544751935316,1
2035135,9.833763094246384,8
2035139,9.946794331865036,4
2035149,9.797797485347452,10
2035168,9.614212962810626,19
2035169,10.0,1
2035181,9.764388611059312,12
2035183,9.985733273035816,2
2035192,9.852984673015898,9
2035209,9.60807111162483,17
2035224,9.681781121847143,15
2035229,9.92663323516407,5
2035234,9.923862947222897,5
2035318,8.46393932983367,84
2035330,9.74584387560124,12
2035340,9.79404645047941,10
2035344,9.946510127046198,4
2035361,9.630359802564907,17
2035362,10.0,1
2035363,10.0,1
2035379,9.664835245392329,16
2035393,9.728762406049615,14
2035399,9.797138230004977,6
2035408,9.821054084818575,9
2035409,10.0,1
2035419,9.797948077439937,10
2035423,9.927518915259363,4
2035434,9.765140594615781,11
2035443,9.845987620572947,9
2035453,9.796541233516665,10
2035465,9.74440138139578,12
2035466,10.0,1
2035467,10.0,1
2035468,9.988638817348505,1
2035477,9.823457637953853,9
2035480,9.952353923967205,3
2035492,9.75312812707949,12
2035502,9.808694215279004,10
2035516,9.694681701329205,14
2035518,9.979607931573018,2
2035519,9.996425625486141,1
2035532,9.716153456816878,13
2035540,9.862744508275203,8
2035553,9.7304456608206,13
2035562,9.806573095335631,9
2035574,9.73062556333575,12
2035581,9.878006836796049,7
2035593,9.788254610416494,12
2035600,9.868874022456998,7
2035601,10.0,1
2035613,9.744114939264232,12
2035622,9.81757288593234,9
2035636,9.692056796834141,14
2035644,9.83355888467935,8
2035650,9.912774399188516,6
2035653,9.964965611336648,3
2035666,9.720557760716916,13
2035676,9.78850694401515,10
2035692,9.677808002569249,16
2035698,9.871639654117004,6
2035704,9.895449471507174,6
2035718,9.739136385575966,14
2035724,9.911305863028572,6
2035729,9.930607452401441,5
2035837,6.935361416817662,108
2035844,9.883869287579811,7
2035848,9.93351448211981,4
2035859,9.772748881817344,11
2035860,10.0,1
2035870,9.791595866621863,10
2035896,9.409096509663975,26
2035907,9.774658105341581,11
2035921,9.67409759970962,14
2035929,9.846637958527282,8
2035945,9.657681110532621,16
2035948,9.956610294289499,3
2035951,9.953176271249063,3
2035952,10.0,1
2035957,9.915845053675731,5
2035972,9.64889373410684,15
2035981,9.815988966304324,9
2035993,9.748006723250615,12
2036007,9.706176022979763,14
2036018,9.77778631380371,11
2036036,9.60332374752456,18
2036060,9.546659897454694,24
2036063,9.960772725036442,3
2036064,10.0,1
2036065,9.996052359254733,1
2036079,9.692475252215983,14
2036086,9.84702724998004,7
2036102,9.642034077351614,16
2036110,9.854220805496153,8
2036127,9.542181319662726,17
2036144,9.649331081992639,17
2036156,9.770427517419861,12
2036169,9.678404763880437,13
2036183,9.704701049335979,14
2036191,9.849232500005465,8
2036204,9.735703123800862,13
2036212,9.837074771003119,8
2036214,9.968940486363536,2
2036219,9.895949782970582,5
2036224,9.920262868412996,5
2036235,9.760549506615567,11
2036243,9.823172707217477,8
2036247,9.941181092915729,4
2036254,9.861163896090352,7
2036269,9.653498553949301,15
2036275,9.91053336669106,6
2036280,9.916905921793468,5
2036287,9.882365225888844,7
2036292,9.907139806803045,5
2036294,9.97553212278578,2
2036307,9.687745732050452,13
2036313,9.887129842833911,6
2036321,9.840716767466109,8
2036322,10.0,1
2036323,10.0,1
2036333,9.811206227509691,10
2036338,9.91892182009755,5
2036346,9.842825752724972,8
2036350,9.943494581660623,4
2036357,9.847617844333111,7
2036395,9.256365875192454,38
2036410,9.629845952547264,15
2036419,9.84676726296681,9
2036424,9.919572102252543,5
2036438,9.680161760540377,14
2036442,9.923637243678439,4
2036453,9.657464654410663,11
2036465,9.759018473255686,12
2036475,9.807934831003324,10
2036476,10.0,1
2036484,9.849440867376998,8
2036490,9.886421932394653,6
2036501,9.762592382399005,11
2036512,9.793312950147053,11
2036520,9.825852582222101,8
2036537,9.648564786219861,17
2036567,9.393661230385746,30
2036571,9.957527518880324,4
2036583,9.796720802253937,12
2036604,9.575307184903613,21
2036608,9.950728924752594,4
2036620,9.76231718799115,12
2036631,9.762009878721901,11
2036635,9.946422589679914,4
2036636,10.0,1
2036645,9.740108143362814,9
2036655,9.773233568336794,10
2036664,9.841219155649759,9
2036670,9.899549705879208,6
2036694,9.474369184021816,24
2036700,9.882113057877131,6
2036711,9.782430078510185,11
2036724,9.757892841563725,13
2036735,9.77958919757849,11
2036737,9.98542598771089,2
2036739,9.980552355406319,2
2036751,9.751460458046246,12
2036758,9.882996676488574,7
2036761,9.95333121363762,3
2036774,9.71730589290444,13
2036775,10.0,1
2036776,10.0,1
2036786,9.781243364676117,10
2036794,9.84751224764091,8
2036804,9.7881694304006,10
2036808,9.937374987389768,4
2036816,9.861778823124375,8
2036823,9.909107188301178,7
2036827,9.956247614389888,4
2036844,9.619270253972715,17
2036850,9.884741087077748,6
2036857,9.876145385115441,7
2036872,9.710048794583276,15
2036881,9.854124302972254,9
2036889,9.853846633541764,8
2036906,9.621962926714426,17
2036913,9.889010444090303,7
2036923,9.827371690253214,10
2036936,9.75889535987795,13
2036937,10.0,1
2036944,9.862820278554457,7
2036950,9.874933227347968,6
2036956,9.88965181134202,6
2036964,9.86138145412373,8
2036965,10.0,1
2036973,9.861507014809902,8
2036982,9.82108929386073,9
2036990,9.848281576882435,8
2036994,9.950091519801811,4
2037012,9.600574587112815,18
2037013,10.0,1
2037024,9.802154910377581,11
2037029,9.908868822664338,5
2037036,9.862022150115548,7
2037045,9.811080445105198,9
2037056,9.757326779345982,11
2037066,9.82123924372908,10
2037085,9.529429415119507,19
2037092,9.862389446153205,7
2037093,9.992873036603205,1
2037096,9.956765481747928,3
2037104,9.889346682880362,8
2037112,9.854462266989833,8
2037115,9.955563260664317,3
2037118,9.948332509997762,3
2037132,9.694715926904045,14
2037142,9.804566374655185,10
2037143,10.0,1
2037156,9.783830835693418,13
2037170,9.718700024868355,14
2037178,9.866864515472995,8
2037188,9.788398092320833,10
2037192,9.935130379785914,4
2037198,9.88079320121781,6
2037205,9.866280704644348,7
2037212,9.852212787954572,7
2037213,10.0,1
2037233,9.576397271614507,20
2037239,9.892076987269919,6
2037249,9.793176867630867,10
2037250,10.0,1
2037253,9.963475966419603,3
2037271,9.617899954473694,18
2037282,9.7647509485756,11
2037291,9.847018313483703,9
2037304,9.702639031099032,13
2037320,9.624453403476016,16
2037323,9.965121512537884,3
2037324,9.989080294293485,1
2037340,9.669578590225509,16
2037346,9.881777537078188,6
2037359,9.750190799393442,13
2037370,9.770495907258947,11
2037377,9.580405332313784,7
2037403,9.327139008108805,26
2037412,9.839902125863317,9
2037419,9.845809029037495,7
2037436,9.62412304730406,17
2037443,9.892623557528857,7
2037454,9.78090067754977,11
2037466,9.761715998391667,12
2037474,9.77603761244802,8
2037483,9.839712392025156,9
2037492,9.830084211657459,9
2037502,9.785423010852764,10
2037518,9.6349397544269,16
2037527,9.842606512189336,9
2037543,9.61218462711829,16
2037559,9.616274935478584,16
2037570,9.585738379829642,11
2037588,9.616941927416073,18
2037595,9.84336359543924,7
2037606,9.78498294829256,11
2037618,9.740423151276888,12
2037627,9.82913433805448,9
2037634,9.880290283533537,7
2037643,9.81478581781326,9
2037655,9.73339848224913,12
2037666,9.797310871457158,11
2037681,9.71824295425837,15
2037691,9.7903224833656,10
2037706,9.653199363740775,15
2037708,9.9814748174368,2
2037716,9.868683712118772,8
2037724,9.8333213755543,8
2037732,9.848271868697973,8
2037750,9.663284821597959,18
2037755,9.904843552767364,5
2037756,10.0,1
2037771,9.674329832762387,15
2037776,9.924916280130217,5
2037799,9.48982582401757,23
2037854,9.040484158724789,55
2037869,9.676733637526361,15
2037879,9.766778876180037,10
2037887,9.853084431250656,8
2037896,9.817979520932473,9
2037904,9.831047063729923,8
2037909,9.907084449655486,5
2037915,9.900369286957318,6
2037931,9.673481989654537,16
2037939,9.83892091699427,8
2037964,9.518172680939173,25
2037967,9.959859839711116,3
2037971,9.950427481862718,4
2037989,9.299744843286419,18
2038005,9.66172108924452,16
2038018,9.698775830722031,13
2038034,9.67159474398877,16
2038042,9.838973393063709,8
2038046,9.935880326940396,4
2038056,9.736268345619516,10
2038062,9.90348886585883,6
2038071,9.84262398132996,9
2038080,9.83456987594057,9
2038090,9.843718214630698,10
2038097,9.877071757248775,7
2038108,9.772783491940748,11
2038114,9.895463173927135,6
2038125,9.77337229775954,11
2038126,9.992642910639864,1
2038128,9.973603402161283,2
2038137,9.830043426719053,9
2038144,9.859221660434818,7
2038162,9.159641187853115,18
2038173,9.476160188522334,11
2038174,10.0,1
2038175,10.0,1
2038190,9.704218570326162,15
2038201,9.765591722711637,11
2038206,9.917524908858617,5
2038220,9.702459807281818,14
2038234,9.691326527228211,14
2038236,9.974319975431069,2
2038239,9.962681629276945,3
2038250,9.749764879662568,11
2038261,9.774693024109009,11
2038271,9.770668680674762,10
2038274,9.955091368364833,3
2038285,9.77179967902966,11
2038289,9.94506207595807,4
2038297,9.86000621390194,8
2038307,9.808186751833203,10
2038336,5.077578886965037,29
2038343,9.87516204121745,7
2038347,9.923241003601436,4
2038362,9.301025767085722,15
2038365,9.962435844614056,3
2038376,9.779354958252604,11
2038377,10.0,1
2038379,9.97677083201566,2
2038380,10.0,1
2038392,9.65064105737254,12
2038445,8.968243355232332,53
2038451,9.895380077532653,6
2038463,9.750444073153421,12
2038471,9.833735329545794,8
2038486,9.739509742128433,15
2038503,9.595039220652374,17
2038510,9.850545929532501,7
2038520,9.789774992388308,10
2038532,9.736133315297241,12
2038543,9.782666876678414,11
2038546,9.9638908559523,3
2038563,9.652316862960243,17
2038572,9.830141462676565,9
2038575,9.96670071135803,3
2038576,9.996845511702176,1
2038577,10.0,1
2038591,9.692783099906187,14
2038592,10.0,1
2038598,9.898120315199831,6
2038607,9.831771371911396,9
2038609,9.984042148116243,2
2038629,9.410295171108894,20
2038630,10.0,1
2038631,10.0,1
2038632,9.988574854900826,1
2038647,9.663047959610253,15
2038660,9.684675935208485,13
2038677,9.662070575009725,17
2038684,9.857899727903451,7
2038692,9.843775816404735,8
2038693,10.0,1
2038705,9.751716634980617,12
2038710,9.1234467645269,5
2038717,9.869983877394835,7
2038731,9.71644729138352,14
2038737,9.88439243189583,6
2038752,9.660039262881316,15
2038753,10.0,1
2038765,9.795936162990142,12
2038774,9.812203409659167,9
2038778,9.93769596465172,4
2038784,9.91083588368991,6
2038788,9.927344886371586,4
2038800,9.736068307037291,12
2038809,9.82474529984992,9
2038820,9.799089269356639,11
2038827,9.896564451230486,7
2038833,9.891562571352654,6
2038854,9.522069003945962,21
2038858,9.942772776198627,4
2038865,9.868978087644852,7
2038880,9.661432075116975,15
2038891,9.778313249844189,11
2038904,9.757032396824597,13
2038914,9.84000904012772,10
2038926,9.741340746783733,12
2038933,9.8838517147421,7
2038937,9.945570305122557,4
2038943,9.904649552763118,6
2038945,9.972816663786723,2
2038952,9.855950122738426,7
2038958,9.887007604456562,6
2038967,9.812151567800809,9
2038969,9.98338457812689,2
2038970,9.995959489376444,1
2038975,9.912861816485014,5
2038980,9.911425606293129,5
2038993,9.735705293160317,13
2039010,9.685427277407612,17
2039026,9.663080033898813,16
2039038,9.740058634848856,12
2039041,9.957013061659502,3
2039042,10.0,1
2039216,6.695541077068612,174
2039221,9.91330480362161,5
2039234,9.743773083290055,13
2039244,9.779693884480796,10
2039246,9.984265748423425,2
2039247,10.0,1
2039255,9.860181382869769,8
2039264,9.80790629606217,9
2039275,9.756347380306597,11
2039291,9.641894050219369,16
2039303,9.781882674518664,12
2039312,9.853618182230962,9
2039313,10.0,1
2039322,9.819269828433919,9
2039326,9.949484840778055,4
2039334,9.83782007912614,8
2039339,9.729961760893065,5
2039352,9.7181362049512,13
2039364,9.713123474435504,12
2039377,9.694684459627336,13
2039390,9.750895444388798,13
2039401,9.752598819709796,11
2039408,9.871596321228962,7
2039421,9.748497413776057,13
2039441,9.636816987491846,20
2039450,9.82538801531432,9
2039468,9.558187582967479,18
2039478,9.814745349452156,10
2039489,9.788118553638695,11
2039498,9.85774080290011,9
2039508,9.811130614904206,10
2039517,9.82828658987001,9
2039527,9.806046794951406,10
2039528,9.993397553067652,1
2039538,9.804684171048265,10
2039545,9.879540267400182,7
2039553,9.855580162073455,8
2039560,9.883422279150908,7
2039567,9.857217011975232,7
2039575,9.842873707084218,8
2039595,9.552735375363643,20
2039610,9.694998639621193,15
2039623,9.722539167029652,13
2039632,9.843582580252592,9
2039641,9.794293862125102,9
2039651,9.83639606570149,10
2039667,9.644542464520171,16
2039681,9.736634092092064,14
2039696,9.653741195645043,15
2039707,9.795380782557364,11
2039722,9.680813346026504,15
2039727,9.909785176284432,5
2039735,9.86711787498777,8
2039742,9.877864542459841,7
2039755,9.457972832545554,13
2039756,10.0,1
2039757,10.0,1
2039764,9.866971666529976,7
2039769,9.91364992427062,5
2039780,9.779936196162993,11
2039789,9.822754459552796,9
2039800,9.783428561580486,11
2039802,9.97270737373342,2
2039808,9.873090913739778,6
2039809,10.0,1
2039823,9.726884541596638,14
2039835,9.564536546555404,12
2039836,9.99657771156831,1
2039843,9.889145044727837,7
2039851,9.848366303517635,8
2039867,9.643898482886447,16
2039873,9.89877264491718,6
2039881,9.85777301759611,8
2039895,9.703823246696084,14
2039904,9.798596576832397,9
2039922,9.598993002339231,18
2039931,9.82914089732639,9
2039938,9.869834434758666,7
2039945,9.888618932331328,7
2039972,9.451908926998728,27
2039983,9.752951739394678,11
2039987,9.943501124484854,4
2039988,10.0,1
2040001,9.726042808145703,13
2040011,9.800735995132873,10
2040026,9.651653336546177,15
2040044,9.688150300304303,18
2040055,9.793622826746505,11
2040063,9.837567505852993,8
2040068,9.91852075303307,5
2040078,9.701476578585494,10
2040088,9.817240206893247,10
2040104,9.623052685443128,16
2040108,9.932740899821237,4
2040114,9.911854524495181,6
2040127,9.747842135111615,13
2040139,9.718642184147052,12
2040151,9.735235363661905,12
2040164,9.710728540889109,13
2040174,9.779427664431177,10
2040185,9.796098792308765,11
2040194,9.79872559218452,9
2040203,9.811775208447672,9
2040204,10.0,1
2040212,9.863343114749558,8
2040227,9.658855122158453,15
2040228,9.98945945736097,1
2040237,9.81492615962045,9
2040251,9.693211000687212,14
2040267,9.628962505390964,16
2040278,9.76215891529749,11
2040287,9.804238700663463,9
2040298,9.75821129769939,11
2040301,9.954101874080736,3
2040313,9.642606599819258,12
2040320,9.880372153970823,7
2040327,9.870440465491933,7
2040339,9.577161611301575,12
2040344,9.932391231584798,5
2040358,9.730142238419376,14
2040858,-11.299675880002667,500
2040868,9.787559665440732,10
2040872,9.937485931856985,4
2040881,9.82360150426641,9
2040891,9.778670949331179,10
2040900,9.81189805630785,9
2040905,9.909282878930268,5
2040912,9.870272266753673,7
2040916,9.94186882243913,4
2040917,10.0,1
2040926,9.807849781986068,9
2040932,9.910724801007378,6
2040943,9.778974885558767,11
2040947,9.947311820797687,4
2040955,9.834224211371403,8
2040963,9.868311310863962,8
2040977,9.712736947201412,14
2040983,9.903690373488853,6
2040984,10.0,1
2040995,9.770999521312007,11
2041001,9.892737053046073,6
2041012,9.658588824204205,11
2041025,9.746603572770962,13
2041040,9.688997588442392,15
2041053,9.705683218719384,13
2041054,10.0,1
2041062,9.871315739050425,8
2041072,9.796208470125599,10
2041077,9.913417738737579,5
2041087,9.82734286849709,10
2041094,9.859999348019377,7
2041116,9.478649266527423,22
2041119,9.952136446377251,3
2041125,9.898516543460813,6
2041134,9.822553512744898,9
2041620,0.20917503492053058,486
2041632,9.741649469481583,12
2041639,9.885292016625463,7
2041640,10.0,1
2041650,9.783452462758083,10
2041655,9.918807781635598,5
2041666,9.775675600345828,11
2041673,9.88702127847862,7
2041674,10.0,1
2041695,9.602529100340599,21
2041707,9.720985781209416,12
2041723,9.633214693784192,16
2041736,9.72076924165021,13
2041744,9.85053598040476,8
2041748,9.938719744583086,4
2041759,9.771194318033103,11
2041760,10.0,1
2041767,9.891483784835017,7
2041773,9.905176907777886,6
2041785,9.765751755407955,12
2041791,9.8911946311173,6
2041792,9.98757745153004,1
2041808,9.653222271962544,16
2041818,9.764028672535243,10
2041828,9.817954510830694,10
2041839,9.77095472143989,11
2041849,9.801841397237336,10
2041859,9.823369704683875,10
2041863,9.947899016824989,4
2041864,10.0,1
2041871,9.876314051027729,7
2041886,9.644260787722148,15
2041904,9.590096396924084,18
2041909,9.922937881808178,5
2041920,9.778399539362585,11
2041930,9.803850082775732,10
2041938,9.868134376408126,8
2041958,9.557692304777012,20
2041969,9.772391372781948,11
2041982,9.768868365857431,13
2042011,7.600988084049972,29
2042012,10.0,1
2042017,9.932517882221939,5
2042024,9.863963538609234,7
2042028,9.935294558857189,4
2042043,9.67507306291064,15
2042046,9.959298379009928,3
2042059,9.719402537360944,13
2042060,10.0,1
2042067,9.87395422272806,7
2042073,9.903921808547993,6
2042080,9.860202638145346,7
2042099,9.597452337865775,19
2042102,9.963839431413735,3
2042110,9.843948134290837,8
2042125,9.71502065704244,15
2042132,9.849023445061446,7
2042146,9.755196963026032,14
2042153,9.88526782834818,7
2042154,10.0,1
2042166,9.756955754505999,12
2042177,9.76414797641183,11
2042187,9.799675299845989,10
2042206,9.569647519080934,19
2042207,10.0,1
2042219,9.751240262706311,12
2042227,9.854993779897613,8
2042228,10.0,1
2042242,9.679605504732011,14
2042251,9.819334119961969,9
2042252,9.996425744196966,1
2042256,9.930081309715943,4
2042265,9.834547431051023,9
2042285,9.540771030429143,20
2042294,9.84028369009711,9
2042307,9.751739060803004,13
2042308,10.0,1
2042315,9.841924337708736,7
2042324,9.83807479644445,9
2042352,9.309100951206622,28
2042376,9.563193071740937,24
2042390,9.669211264568707,14
2042402,9.738829736632685,12
2042405,9.965370555083236,3
2042406,10.0,1
2042407,10.0,1
2042408,10.0,1
2042420,9.783094880736554,12
2042421,10.0,1
2042426,9.920077637675918,5
2042436,9.818962141333357,10
2042447,9.786732129516016,11
2042460,9.730532232972706,13
2042470,9.797873484496693,10
2042479,9.803701529035559,9
2042494,9.688992027781667,15
2042496,9.973195134327192,2
2042499,9.962413768491508,3
2042511,9.785325371965751,12
2042523,9.792598344094396,12
2042544,9.502760835282507,21
2042553,9.814466254000928,9
2042564,9.766257279147828,11
2042575,9.769387320054829,11
2042588,9.740455495755088,13
2042599,9.772365746810326,11
2042604,9.92147152235223,5
2042611,9.859224510497015,7
2042623,9.7157782267198,12
2042634,9.751866899046018,11
2042644,9.808773793153492,10
2042652,9.857506864245506,8
2042666,9.689909504308972,14
2042678,9.27462364376292,12
2042680,9.973577096158504,2
2042683,9.963669505676494,3
2042690,9.868263135047735,7
2042699,9.80308823624034,9
2042706,9.901462105726864,7
2042707,10.0,1
2042715,9.860041302355894,8
2042730,9.705064470410836,15
2042745,9.698802941906498,15
2042754,9.832817533766622,9
2042767,9.719239279248873,13
2042784,9.646409402780325,17
2042791,9.85888486756698,7
2042793,9.973879740773931,2
2042802,9.811587430619518,9
2043302,-9.979908921076124,500
2043310,9.833300481459752,8
2043321,9.76064994156369,11
2043325,9.928858626213206,4
2043328,9.968321613788593,3
2043345,9.63608947436247,17
2043357,9.757383226007104,12
2043375,9.56994340554306,18
2043388,9.72921328371201,13
2043399,9.757479902970376,11
2043403,9.945866564816999,4
2043412,9.821647856601835,9
2043425,9.719300188177579,13
2043430,9.923026084578199,5
2043433,9.956488353273576,3
2043434,9.996404864259967,1
2043435,10.0,1
2043441,9.890807243370947,6
2043451,9.761479588154062,10
2043458,9.852301579433181,7
2043461,9.957180545653616,3
2043470,9.80496902532769,9
2043481,9.73505310932249,11
2043495,9.707075026980812,14
2043502,9.860470581430594,7
2043505,9.963934284393462,3
2043514,9.809039576022935,9
2043521,9.856130340067624,7
2043529,9.85396089110963,8
2043756,5.5482414031468865,227
2043761,9.920391058147382,5
2043768,9.859856105176274,7
2043781,9.69218662441949,13
2043788,9.84188053429752,7
2043789,10.0,1
2043797,9.839955058022634,8
2043818,9.54550033958042,21
2043829,9.817873593587166,11
2043839,9.788098836549514,10
2043847,9.848605835302674,8
2043861,9.699597521474109,14
2043874,9.701696023935384,13
2043880,9.909111027270002,6
2043885,9.921503345966393,5
2043886,10.0,1
2043893,9.852640148040846,7
2043898,9.920008503824604,5
2043910,9.789545913270189,12
2043914,9.939768599344672,4
2043924,9.847792071078674,10
2043938,9.757014434093664,14
2043951,9.719338189057678,13
2043955,9.933486068063752,4
2043960,9.935083935919867,5
2043961,10.0,1
2043971,9.786548359647453,10
2043981,9.829419656591972,10
2043986,9.92039349199616,5
2044486,-17.42622296770281,500
2044490,9.936947881874225,4
2044505,9.63162834387782,15
2044513,9.845191556657744,8
2044546,9.023655372163757,33
2044557,9.769131087387512,11
2044572,9.637484316971063,15
2044583,9.793537522078527,11
2044586,9.950177185954441,3
2044587,10.0,1
2044600,9.749389505535285,13
2044605,9.905359503543515,5
2044609,9.935083349785476,4
2044614,9.916823989970801,5
2044623,9.841988431080939,9
2044627,9.945231226327891,4
2044638,9.754989060271697,11
2044647,9.817899456459182,9
2044664,9.65475876092841,17
2044672,9.84375415938283,8
2044673,10.0,1
2044685,9.7702532772219,12
2044686,10.0,1
2044691,9.929059954615331,5
2044708,9.640641342808129,17
2044717,9.831810243681298,9
2044729,9.742951113399803,12
2044743,9.674502280692503,14
2044745,9.976756450361911,2
2044752,9.87747107702166,7
2044762,9.80407782741717,10
2044768,9.913984747262173,6
2044777,9.827202565337002,9
2044783,9.906805842212998,6
2044796,9.72894222873977,13
2044804,9.840686875795042,8
2044811,9.878504567286315,7
2044822,9.78116009802748,11
2044823,10.0,1
2044842,9.618419162190648,19
2044852,9.793428069256116,10
2044854,9.975155361262267,2
2044864,9.793171026687094,10
2044868,9.948601922724567,4
2044873,9.918770258207891,5
2044879,9.888409003636804,6
2044888,9.82860539876108,9
2044889,10.0,1
2044907,9.600822153364993,18
2044914,9.882527060747067,7
2044929,9.55667553063565,15
2044943,9.684486050880171,14
2044944,10.0,1
2044955,9.764180387233324,11
2044959,9.939273205047641,4
2044963,9.83182944317666,4
2044966,9.958719099152933,3
2044970,9.944188382096495,4
2044981,9.774109788134432,11
2044987,9.899194329853868,6
2044995,9.855597186568597,8
2045001,9.902105722795627,6
2045008,9.856818825623478,7
2045016,9.850023954743357,8
2045023,9.866999181291838,7
2045030,9.887170465926737,7
2045038,9.841447292542668,8
2045043,9.925307472208605,5
2045055,9.723978521099086,12
2045060,9.907521398947447,5
2045070,9.803979700048524,10
2045071,10.0,1
2045083,9.71725053392844,12
2045094,9.771347971626374,11
2045095,10.0,1
2045096,10.0,1
2045107,9.748912944265042,11
2045113,9.893125698101965,6
2045119,9.887814422086846,6
2045130,9.75281030628803,11
2045138,9.84119727082251,8
2045145,9.882544005321096,7
2045155,9.780992460329202,10
2045172,9.584738916256557,17
2045177,9.903166757836882,5
2045185,9.856377179453148,8
2045199,9.70245911062004,14
2045216,9.579006715979762,17
2045230,9.684791888438143,14
2045247,9.59519080394141,17
2045251,9.936870207224452,4
2045265,9.683474616876584,14
2045275,9.762109513087552,10
2045292,9.614820843567236,17
2045297,9.916660564210718,5
2045310,9.723050928873127,13
2045318,9.849408612154736,8
2045332,9.745785045423991,14
2045335,9.9591457180921,3
2045341,9.902329084881274,6
2045354,9.750958372167913,13
2045357,9.951307088928573,3
2045365,9.839643944737816,8
2045865,-10.07224347748575,500
2045878,9.732509659292921,13
2045887,9.818804280784647,9
2045898,9.829478827059186,11
2045899,10.0,1
2045909,9.83330431507866,10
2045925,9.690709173840602,16
2045940,9.671285984898525,15
2045945,9.923034466843301,5
2045961,9.674588602424558,16
2045971,9.794911154119967,10
2045972,10.0,1
2045992,9.609572200996961,20
2045999,9.87996467403492,7
2046010,9.791529214779214,11
2046014,9.94085887154141,4
2046024,9.826397402551494,10
2046036,9.762178806403906,12
2046041,9.935791298865109,5
2046050,9.80641776631409,9
2046063,9.731786033432295,13
2046064,10.0,1
2046072,9.854766512301332,8
2046087,9.627636993423588,15
2046100,9.702137499045193,13
2046107,9.897480539242547,7
2046117,9.80689841770494,10
2046132,9.70430045023675,15
2046151,9.57491680389308,19
2046164,9.730660031818836,13
2046165,10.0,1
2046171,9.899570774816349,6
2046174,9.96013807543459,3
2046186,9.751679653073541,12
2046196,9.792058349280433,10
2046203,9.863890499609631,7
2046209,9.879584134533056,6
2046218,9.841183017815977,9
2046232,9.715542241140316,14
2046239,9.876726553559,7
2046249,9.78478065350191,10
2046259,9.769038505616725,10
2046269,9.782590838912265,10
2046276,9.87069312425971,7
2046285,9.813784517554689,9
2046286,10.0,1
2046301,9.687829081742912,15
2046319,9.636865061099192,18
2046320,9.99598705324657,1
2046332,9.72706341316639,12
2046333,10.0,1
2046339,9.87650212774792,6
2046348,9.810430022421125,9
2046385,9.164603565570726,37
2046402,9.59542965643023,17
2046410,9.866799486748004,8
2046419,9.797595175130661,9
2046424,9.910022431273704,5
2046433,9.807043829050096,9
2046447,9.680973885803226,14
2046460,9.687633459488003,13
2046471,9.795272654839364,11
2046480,9.833442911224935,9
2046481,10.0,1
2046492,9.787713900090154,11
2046506,9.691093832776868,14
2046521,9.697496788549255,15
2046525,9.936892799055185,4
2046530,9.897139198389207,5
2046533,9.96173508443137,3
2046548,9.73841581121376,15
2046559,9.805220139552883,11
2046567,9.850912610521874,8
2046568,10.0,1
2046580,9.740701256964114,12
2046586,9.905042592851034,6
2046592,9.899573555676934,6
2046601,9.802314339708445,9
2046618,9.694659453620362,17
2046631,9.710906086764235,13
2046836,5.952223156615508,205
2046849,9.727457308870058,13
2046855,9.896793256266863,6
2046870,9.662461777362271,15
2046874,9.936678560451941,4
2046883,9.824128940559955,9
2046887,9.935157697377711,4
2046892,9.90021058417974,5
2046894,9.973773523174668,2
2046895,9.996354984298264,1
2046902,9.864785733560792,7
2046907,9.92213478643392,5
2046911,9.946043901111787,4
2046918,9.856743430238318,7
2046925,9.896794945422853,7
2046940,9.722346939205462,15
2046950,9.794220252040118,10
2046952,9.974794182325184,2
2046957,9.935931086011605,5
2046963,9.902165465625712,6
2046966,9.964001932856245,3
2046972,9.897063232472204,6
2046986,9.70119227304706,14
2046999,9.708602466116314,13
2047004,9.90705879296604,5
2047021,9.61529123528343,17
2047034,9.7226669716193,13
2047042,9.875510573310068,8
2047057,9.673857791258412,15
2047063,9.91666051032192,6
2047065,9.971203327969281,2
2047067,9.976830798964953,2
2047069,9.980309226999841,2
2047076,9.86210103182093,7
2047085,9.823186411339849,9
2047094,9.802809700750146,9
2047101,9.86439184358583,7
2047105,9.941005713133816,4
2047112,9.87399865481995,7
2047115,9.952031138026085,3
2047122,9.880377439291122,7
2047132,9.773760506519652,10
2047137,9.930622499270457,5
2047145,9.839479561748666,8
2047150,9.922477737999813,5
2047164,9.665288498789822,14
2047175,9.771145905504447,11
2047189,9.756882235715075,14
2047196,9.89227936669449,7
2047205,9.815492418485954,9
2047211,9.89676432918573,6
2047225,9.701236147161971,14
2047231,9.891252065296612,6
2047232,10.0,1
2047244,9.77475181479289,12
2047245,10.0,1
2047258,9.729806905651472,13
2047272,9.6826144396845,14
2047288,6.831375854543976,16
2047296,9.847720653297156,8
2047316,9.530472003216833,20
2047328,9.735124041170975,12
2047333,9.916012336522373,5
2047347,9.676677655875947,14
2047353,9.894914265561976,6
2047363,9.819930509622925,10
2047364,10.0,1
2047381,9.633402003721304,17
2047385,9.934293165008306,4
2047396,9.754580724029086,11
2047407,9.785072085078543,11
2047415,9.837127464793468,8
2047431,9.617307679581966,16
2047444,9.731487195445007,13
2047454,9.774145617366575,10
2047459,9.927663126898251,5
2047469,9.785012286164681,10
2047482,9.721737942098947,13
2047488,9.901850986781612,6
2047496,9.854377299550505,8
2047503,9.86913508697674,7
2047507,9.926573187305749,4
2047512,9.896283936833234,5
2047520,9.816279915960207,8
2047533,9.755222456431191,13
2047545,9.721450023734045,12
2047549,9.945911121529203,4
2047566,9.599010460659088,17
2047573,9.874346196392231,7
2047599,9.425539247301476,26
2047621,9.454500961524158,22
2047631,9.789309491055173,10
2047636,9.905593163167786,5
2047637,9.996411002459347,1
2047676,8.941525381321878,39
2047691,9.684007839322597,15
2047699,9.743656094497236,8
2047700,9.996596554122183,1
2047714,9.69824966606606,14
2047726,9.713138176906137,12
2047734,9.848985190883367,8
2047736,9.973397342946766,2
2047740,9.934067410767907,4
2047758,9.537550759099037,18
2047762,9.948933887554304,4
2047775,9.691778946921865,13
2047784,9.871231318469725,9
2047796,9.73347049394282,12
2047802,9.897835029024144,6
2047814,9.755137231877121,12
2047820,9.917756337598409,6
2047821,9.996397311541845,1
2047833,9.77790060265022,12
2047837,9.948363451433623,4
2047845,9.84021860231551,8
2047860,9.668270313673148,15
2047885,9.488473986160768,25
2047886,10.0,1
2047909,9.197736289140822,23
2047910,10.0,1
2047918,9.86448209876543,8
2047934,9.62849371809809,16
2047943,9.829156659832794,9
2047953,9.800095690635253,10
2047957,9.952804036364444,4
2047969,9.788204799429732,12
2047982,9.703206127393369,13
2047983,9.988518462047383,1
2047996,9.700851724523057,13
2048011,9.686056592359671,15
2048017,9.872619257788326,6
2048023,9.893969896185556,6
2048036,9.686033641851006,13
2048043,9.862155667374818,7
2048049,9.909383673754835,6
2048057,9.82363583417713,8
2048074,9.61130811335937,17
2048091,9.448662728986674,17
2048103,9.763969448178564,12
2048107,9.937544895713833,4
2048122,9.658248652371919,15
2048133,9.793265883003777,11
2048134,10.0,1
2048155,9.493481312815016,21
2048160,9.90905863675446,5
2048172,9.729968295561747,12
2048185,9.695764881902374,13
2048196,9.79126078828156,11
2048197,10.0,1
2048208,9.758778258664302,11
2048218,9.820807548546469,10
2048234,9.544713383077875,16
2048242,9.866989887952839,8
2048255,9.714298085798747,13
2048261,9.878485322130881,6
2048262,10.0,1
2048275,9.684218735868852,13
2048287,9.727021901384916,12
2048301,9.68750553019117,14
2048315,9.677318132663697,14
2048323,9.853429261755505,8
2048327,9.933975933780426,4
2048328,10.0,1
2048332,9.943120857269276,4
2048351,9.486360023704139,19
2048357,9.871269152261409,6
2048365,9.833349906012645,8
2048386,9.66679546076426,21
2048402,9.654488831365008,16
2048410,9.83303022778067,8
2048419,9.830962388215639,9
2048432,9.709155734761023,13
2048445,9.710459196117005,13
2048449,9.947054781502441,4
2048463,9.707021654150216,14
2048468,9.907998875084827,5
2048483,9.364770357500474,15
2048490,9.869882280609914,7
2048510,9.551123244228158,20
2048516,9.879195244835675,6
2048526,9.786975828946884,10
2048527,10.0,1
2048541,9.483967979534729,14
2048551,9.808820640363347,10
2048564,9.700672816956637,13
2048581,9.651817495556113,17
2048590,9.805603032519114,9
2048599,9.800250368292092,9
2048600,10.0,1
2048614,9.69687202496768,14
2048625,9.778143401754043,11
2048639,9.682270660847362,14
2048646,9.87465243820917,7
2048650,9.930027381520732,4
2049150,-10.492785954164244,500
2049165,9.657995998338544,15
2049175,9.781906655658446,10
2049186,9.766371821788091,11
2049196,9.806953892733874,10
2049210,9.69092475227409,14
2049216,9.92231118064071,6
2049226,9.811376906989905,10
2049237,9.77973224359203,11
2049241,9.928619592176892,4
2049242,10.0,1
2049253,9.780596212007026,11
2049264,9.833398496686188,11
2049279,9.657453748287102,15
2049280,9.992708194519409,1
2049287,9.861886246673622,7
2049289,9.973177343122364,2
2049298,9.819301535064445,9
2049304,9.909339380115357,6
2049317,9.700032701203979,13
2049321,9.935876552663693,4
2049343,9.487031215188146,22
2049352,9.834115851753532,9
2049364,9.737999973829975,12
2049372,9.830851220321797,8
2049379,9.886598321387755,7
2049383,9.947815586093846,4
2049466,8.660381043226941,83
2049470,9.951054451021607,4
2049477,9.859809622579217,7
2049478,9.988307382460576,1
2049484,9.881936810978761,6
2049490,9.891070132245043,6
2049501,9.767510472579474,11
2049513,9.735488096005522,12
2049523,9.809133069361165,10
2049531,9.84813276661751,8
2049539,9.85784945895281,8
2049543,9.945857542697802,4
2049556,9.720089178933547,13
2049565,9.808235522393606,9
2049571,9.896535406126596,6
2049591,9.52203379041549,20
2049597,9.89806284209923,6
2049610,9.708226398018143,13
2049611,10.0,1
2049624,9.683375281729298,13
2049629,9.913984122106138,5
2049637,9.821865395980705,8
2049644,9.886672703029188,7
2049660,9.70396452601112,16
2049661,10.0,1
2049669,9.871852588774578,8
2049685,9.234675283129071,16
2049690,9.894266569039976,5
2049694,9.93605108808216,4
2049702,9.871772475487075,8
2049712,9.806014790350126,10
2049722,9.79904259400889,10
2049731,9.835128146970264,9
2049735,9.936577326008862,4
2049741,9.888598165712265,6
2049749,9.844791421010111,8
2049759,9.67824191348222,10
2049763,9.94610805610181,4
2049789,8.972961789827787,26
2049792,9.9613148725195,3
2049793,10.0,1
2049796,9.95627884016805,3
2049797,10.0,1
2049798,10.0,1
2049811,9.67592920280163,13
2049821,9.809922208061217,10
2049828,9.860584336614487,7
2049833,9.92033704805063,5
2049840,9.867804987358404,7
2049852,9.740567833549816,12
2049854,9.979257007563017,2
2049860,9.893524203331458,6
2049876,9.253624065085535,16
2049883,9.86953229224765,7
2049885,9.969392266633184,2
2049893,9.84558473873314,8
2049899,9.892374075417953,6
2049902,9.946833825841368,3
2049980,8.235063304732266,78
2049999,9.566894571972428,19
2050004,9.915499165341666,5
2050012,9.850386250633623,8
2050024,9.7407599163564,12
2050033,9.836895370083688,9
2050036,9.966865506088629,3
2050039,9.952031431872154,3
2050042,9.970240391374588,3
2050048,9.881939663187541,6
2050050,9.973635421931004,2
2050064,9.682483094863512,14
2050075,9.764885669440892,11
2050076,10.0,1
2050085,9.826979721476095,9
2050088,9.942545719537975,3
2050100,9.706561862431512,12
2050107,9.858894916504058,7
2050118,9.782164568565983,11
2050119,10.0,1
2050120,10.0,1
2050133,9.712557410969517,13
2050148,9.656946181047482,15
2050164,9.672378753783914,16
2050171,9.85448281491569,7
2050182,9.74881305711571,11
2050190,9.826267396984083,8
2050196,9.90626813865799,6
2050201,9.915425662017318,5
2050210,9.817636354522504,9
2050218,9.86518995525227,8
2050222,9.921926115179772,4
2050230,9.825321281913828,8
2050246,9.655491547071748,16
2050252,9.882291042607815,6
2050261,9.823914797534139,9
2050262,10.0,1
2050267,9.932305259940119,5
2050283,9.636833138719329,16
2050290,9.863573205086741,7
2050294,9.926773589852395,4
2050297,9.95841078490606,3
2050310,9.699118108812351,13
2050315,9.913454475387127,5
2050322,9.889078088388212,7
2050439,7.252979995298235,117
2050441,9.982233330812633,2
2050454,9.717928368125897,13
2050464,9.810935006269316,10
2050475,9.785739374279304,11
2050476,10.0,1
2050483,9.86577280552032,7
2050494,9.774334842398874,11
2050504,9.7812164595231,10
2050508,9.948869204264648,4
2050521,9.743781243146271,13
2050528,9.889487234434075,7
2050529,9.996169329703902,1
2050531,9.982404978447756,2
2050532,10.0,1
2050537,9.921208033162944,5
2050543,9.882769624402362,6
2050553,9.7895268415091,10
2050556,9.967521493529313,3
2050565,9.813856289255847,9
2050573,9.860675220326414,8
2050593,9.518282451644303,20
2050598,9.90579638501863,5
2050605,9.876767196394297,7
2050619,9.497501564904857,14
2050620,9.987041035469279,1
2050621,10.0,1
2050643,9.495773985856982,22
2050660,9.618519287182265,17
2050671,9.784180386489119,11
2050682,9.769802785227318,11
2050683,10.0,1
2050697,9.701071716557713,14
2050704,9.876293472156043,7
2050716,9.723032650693819,12
2050725,9.834647685276847,9
2050734,9.794109229970342,9
2050735,10.0,1
2050749,9.680393636176312,14
2050754,9.93372891965477,5
2050761,9.874784332101942,7
2050768,9.850066011190172,7
2050771,9.949199605031126,3
2050786,9.683712567971844,15
2050787,10.0,1
2050792,9.921548918454567,5
2050799,9.865093921072486,7
2050805,9.88822198303064,6
2050815,9.774465947027121,10
2050823,9.862253116760163,8
2050845,9.503952495744619,22
2050854,9.806465261994417,9
2050863,9.80073255045784,9
2050872,9.799403638688334,9
2050873,10.0,1
2050877,9.934444573967548,4
2050894,9.598190845633482,17
2050898,9.936695637804046,4
2050909,9.77471410727092,11
2050917,9.875592856754183,8
2050930,9.709639623499427,13
2050944,9.689133355367245,14
2050948,9.924466039122178,4
2050955,9.880298666451454,7
2050963,9.856721958077781,8
2050973,9.774969054796077,10
2050975,9.977095271636202,2
2050982,9.846768183358762,7
2050990,9.887456798057688,8
2050994,9.919243233431194,4
2051002,9.839265918233217,8
2051003,10.0,1
2051007,9.949696981894448,4
2051020,9.712784676684059,13
2051031,9.770658960907928,11
2051041,9.798413263018544,10
2051047,9.89060072822315,6
2051069,8.98080849583906,22
2051071,9.981031846473009,2
2051076,9.929850075774139,5
2051087,9.653466133992003,11
2051088,10.0,1
2051105,9.470374856162199,17
2051111,9.907231788503008,6
2051126,9.495200367653053,15
2051145,9.584420856089817,19
2051157,9.731206834193072,12
2051166,9.8119413642883,9
2051175,9.821895922037445,9
2051191,9.649698251313893,16
2051199,9.844199035252263,8
2051206,9.887546573334083,7
2051217,9.765656835400103,11
2051227,9.797745946753356,10
2051239,9.752088961129715,12
2051250,9.81114287748392,11
2051257,9.85311772984571,7
2051273,9.633505725376935,16
2051288,9.192435808756354,15
2051296,9.83020907970271,8
2051304,9.848196273842644,8
2051311,9.862148707763824,7
2051315,9.932898926228763,4
2051326,9.766531109482036,11
2051331,9.927221892318538,5
2051343,9.724516837870421,12
2051345,9.984827542265618,2
2051356,9.763782668835043,11
2051362,9.893439384963571,6
2051368,9.913135292394175,6
2051377,9.834685987998329,9
2051386,9.820226790994207,9
2051387,10.0,1
2051388,10.0,1
2051391,9.964267962028964,3
2051409,9.577651666470805,18
2051423,9.736033175024026,14
2051430,9.879068074681824,7
2051437,9.868609231038485,7
2051450,9.739302876919446,13
2051465,9.67359411955844,15
2051474,9.810346480422725,9
2051476,9.968714910240212,2
2051939,0.012484253958799485,463
2051945,9.883419180609742,6
2051960,9.641859461658292,15
2051965,9.910035998287444,5
2051975,9.80499532843597,10
2051976,10.0,1
2051983,9.86495594170091,7
2051989,9.87487087787068,6
2051996,9.86399841136422,7
2052001,9.913742675465196,5
2052014,9.713614802749268,13
2052023,9.843831891321965,9
2052024,10.0,1
2052032,9.841169882607446,8
2052042,9.821971956701443,10
2052043,10.0,1
2052052,9.811582402560092,9
2052061,9.798124663805583,9
2052073,9.789790485574494,12
2052083,9.82120171400862,10
2052102,9.602690458700543,19
2052109,9.86761640537713,7
2052115,9.875759192702061,6
2052122,9.88963092135603,7
2052127,9.907174390219499,5
2052134,9.855841040740309,7
2052136,9.973695582520449,2
2052145,9.829042082859152,9
2052152,9.878748434637226,7
2052163,9.7648073833614,11
2052179,9.620387448055837,16
2052194,9.662730032560216,15
2052200,9.888221524955872,6
2052218,9.571104676744978,18
2052227,9.82552281170581,9
2052240,9.696358375668524,13
2052241,10.0,1
2052253,9.78710410408338,12
2052272,9.57913795381077,19
2052273,10.0,1
2052278,9.912993280402501,5
2052291,9.741864483546983,13
2052300,9.85481036020931,9
2052311,9.768940974787725,11
2052327,9.590910359147417,16
2052328,10.0,1
2052343,9.649465247197712,15
2052352,9.83195751317755,9
2052362,9.81270809070175,10
2052366,9.932975814184234,4
2052383,9.6352700491583,17
2052386,9.96563038097188,3
2052390,9.941316155446486,4
2052399,9.81329669332136,9
2052407,9.857157217786952,8
2052418,9.782564677791125,11
2052428,9.798251582717135,10
2052444,9.665778601870112,16
2052452,9.860718371576974,8
2052456,9.939041215749501,4
2052470,9.736653048737255,14
2052475,9.942010894046495,5
2052489,9.674960753886854,14
2052497,9.862064704790207,8
2052518,9.579816398702881,21
2052527,9.850804490804501,9
2052528,10.0,1
2052530,9.97559827993297,2
2052541,9.763554525088738,11
2052552,9.783513316090477,11
2052558,9.91361414688853,6
2052559,10.0,1
2052560,10.0,1
2052581,9.537796568841348,21
2052591,9.792847439626772,10
2052599,9.822924456865781,8
2052603,9.933698906472326,4
2052614,9.780005319877224,11
2052621,9.885102461569737,7
2052630,9.861632241595082,9
2052646,9.694098973675676,16
2052650,9.941339225995335,4
2052786,6.8139256941203605,136
2053286,-9.61248364857021,500
2053315,9.488337616588986,29
2053325,9.778133206437682,10
2053339,9.718631987206523,14
2053349,9.795019354739983,10
2053360,9.70978232252004,11
2053374,9.486575048906923,14
2053389,9.656765087176854,15
2053406,9.649244203191246,17
2053424,9.583404755728779,18
2053425,9.996597873733021,1
2053441,9.652464605933996,16
2053455,9.730938822288913,14
2053464,9.819413387983728,9
2053466,9.97876661624736,2
2053474,9.830145035681404,8
2053484,9.77713554382621,10
2053492,9.822100777119866,8
2053500,9.850901352068488,8
2053501,10.0,1
2053502,10.0,1
2053516,9.692731089731883,14
2053529,9.700932757772069,13
2053548,9.587394398779603,19
2053562,9.69135089652944,14
2053563,9.988497595374556,1
2053564,10.0,1
2053572,9.82137864806667,8
2053578,9.90405344117695,6
2053583,9.933574609200866,5
2053603,9.418548858295013,20
2053612,9.831423674407652,9
2053615,9.957697232378948,3
2053619,9.935920014933108,4
2053631,9.755742069822935,12
2053632,10.0,1
2053639,9.888669311906243,7
2053642,9.96350104170574,3
2053651,9.794195568987998,9
2053656,9.920639089522087,5
2053662,9.906603485296612,6
2053663,10.0,1
2053670,9.879338992499212,7
2053680,9.762379388779953,10
2053683,9.966770874150766,3
2053687,9.942613325194312,4
2053693,9.879702572138719,6
2053705,9.750452293523669,12
2053719,9.744182817198793,14
2053731,9.749259289994262,12
2053749,9.635941573647548,18
2053751,9.986180141755025,2
2053760,9.801578361951623,9
2053761,10.0,1
2053764,9.96376740900068,3
2053777,9.36763819716166,13
2053797,9.628730106982895,20
2053807,9.797160104578067,10
2053820,9.716990109444357,13
2053822,9.9854045312261,2
2053850,9.52575884218,28
2053860,9.777879936965618,10
2053872,9.751534798943865,12
2053880,9.845314150520958,8
2053888,9.847155610164695,8
2053891,9.950897445592453,3
2053907,9.634869517026068,16
2053909,9.972195821073061,2
2053914,9.936281149788794,5
2053924,9.809675172980326,10
2053934,9.786550885727507,10
2053942,9.861182727618623,8
2053954,9.719888385576079,12
2053968,9.717146810878349,14
2053979,9.775875966560731,11
2054022,9.191015199144582,43
2054030,9.866171777442736,8
2054034,9.92662816979802,4
2054043,9.81883206493176,9
2054050,9.877902066328533,7
2054051,10.0,1
2054057,9.89500018540453,6
2054073,9.657556461964255,16
2054087,9.693592042399429,14
2054093,9.885565373056487,6
2054094,9.989391488046035,1
2054103,9.827511162851648,9
2054116,9.688454064855025,13
2054128,9.782429662259524,12
2054143,9.53176734243569,15
2054158,9.200196403707832,15
2054166,9.855412233742966,8
2054167,10.0,1
2054178,9.77963188014602,11
2054196,9.571350805847414,18
2054203,9.85213028146831,7
2054206,9.958025941557658,3
2054213,9.875996133191487,7
2054231,9.657062714591827,18
2054250,9.547942791770375,19
2054261,9.778758709806054,11
2054268,9.870449371424115,7
2054276,9.8584069996293,8
2054284,9.840078986103421,8
2054292,9.660979436978426,8
2054302,9.811294184863284,10
2054311,9.805823783675919,9
2054318,9.864947725019926,7
2054329,9.76278641923703,11
2054340,9.762397573084607,11
2054358,9.618807688361969,18
2054365,9.863058022552854,7
2054366,10.0,1
2054385,9.58691870256802,19
2054393,9.871129319203996,8
2054410,9.598158471911375,17
2054425,9.695140664988315,15
2054432,9.88785757583121,7
2054438,9.912752771640086,6
2054452,9.693869710160177,14
2054462,9.796805352676301,10
2054477,9.664086853298228,15
2054486,9.821771675641882,9
2054501,9.671061622994396,15
2054567,8.746680658799095,66
2054589,9.520754596418204,22
2054598,9.811400776671544,9
2054610,9.748275949497136,12
2054612,9.980460502260822,2
2054621,9.833345221467507,9
2054629,9.876281988933869,8
2054636,9.891808732142783,7
2054647,9.781308632623258,11
2054658,9.748362809661073,11
2054659,9.996436796081014,1
2054668,9.632813798151496,9
2054679,9.776724885886047,11
2054692,9.713273256312785,13
2054701,9.814571533797142,9
2054706,9.91724043346479,5
2054710,9.923257548940311,4
2054720,9.782522522618992,10
2054726,9.895221434598435,6
2054736,9.796707311788806,10
2054745,9.812754988304595,9
2054749,9.926660408607773,4
2054752,9.950841643795076,3
2054753,10.0,1
2054762,9.636756499923736,9
2054773,9.76103469140632,11
2054777,9.944881015780302,4
2054789,9.766757522304054,12
2054790,10.0,1
2054815,9.347306759841679,25
2054830,9.66725385721428,15
2054849,9.550817162643549,19
2054864,9.693654172754197,15
2054874,9.803147860707787,10
2054884,9.819080150905235,10
2054889,9.922335861155803,5
2054897,9.87044886264122,8
2054911,9.703862800399978,14
2054915,9.92219388879749,4
2054918,9.962746050992816,3
2054933,9.657583811898945,15
2054947,9.698647232184662,14
2055070,7.40270432041998,123
2055075,9.902447176940765,5
2055086,9.762476703159503,11
2055089,9.962618817947671,3
2055090,10.0,1
2055102,9.531734352419074,12
2055111,9.809102213393794,9
2055127,9.138255206148713,16
2055136,9.831874210804006,9
2055144,9.851425347034645,8
2055149,9.922080167697017,5
2055170,9.528884257300543,21
2055175,9.918603572673495,5
2055180,9.91400106349159,5
2055186,9.893193383698197,6
2055198,9.775366295313631,12
2055207,9.799868108741135,9
2055210,9.966395374748224,3
2055222,9.773789404222072,12
2055233,9.741871966665304,11
2055243,9.784747276308844,10
2055252,9.817395319899969,9
2055266,9.484106064436773,14
2055271,9.912449745369486,5
2055276,9.912703737458967,5
2055291,9.669470526174349,15
2055300,9.807105498122494,9
2055301,10.0,1
2055311,9.842027078263976,10
2055323,9.777540962948354,12
2055329,9.901603650104544,6
2055341,9.740149580057349,12
2055352,9.759907916388622,11
2055371,9.589075628773726,19
2055381,9.788902068128651,10
2055391,9.80894569031481,10
2055401,9.828713300390133,10
2055413,9.806759159829843,12
2055426,9.703940328782013,13
2055442,9.621259286942951,16
2055465,9.52667714490083,23
2055471,9.889733977334473,6
2055473,9.973583033123736,2
2055479,9.894855622230718,6
2055492,9.714381820468361,13
2055493,10.0,1
2055494,10.0,1
2055502,9.85668131391955,8
2055511,9.82957745867061,9
2055521,9.786114720144367,10
2055528,9.873765031695172,7
2055539,9.76555140208974,11
2055544,9.906534871000579,5
2055545,10.0,1
2055546,10.0,1
2055564,9.585414728366496,18
2055570,9.905100807251683,6
2055579,9.832723922113518,9
2055584,9.926826607639457,5
2055590,9.901743292625333,6
2055593,9.95427794489683,3
2055598,9.930958303955688,5
2055608,9.77791687790806,10
2055620,9.801921486228778,12
2055625,9.91924999384039,5
2055627,9.973368368101362,2
2055637,9.801767234922423,10
2055643,9.902073341674518,6
2055649,9.897321356125207,6
2055660,9.774219782974889,11
2055666,9.897510013279824,6
2055678,9.71546597002148,12
2055687,9.843363151258533,9
2055701,9.731711525165744,14
2055716,9.664969450958907,15
2055722,9.896628961298541,6
2055729,9.872892644967964,7
2055738,9.809871319582074,9
2055753,9.64950113531384,15
2055758,9.925297615047285,5
2055770,9.750545115427132,12
2055782,9.664667378990103,12
2055795,9.72463154125546,13
2055802,9.867206869573351,7
2055813,9.787925512708865,11
2055816,9.95941613714709,3
2055820,9.94173915374299,4
2055821,10.0,1
2055829,9.872889534479459,8
2055838,9.840947712810099,9
2055849,9.776098235639642,11
2055855,9.883840655964676,6
2055869,9.661046480592685,14
2055871,9.97041485151256,2
2055880,9.81897380652712,9
2055881,10.0,1
2055895,9.663184284299694,14
2055896,10.0,1
2055904,9.852963284906426,8
2055907,9.951286166133643,3
2055917,9.796993945298881,10
2055927,9.780397443620096,10
2055942,9.674410882430383,15
2055961,9.6470710310244,19
2055964,9.951180153285822,3
2055965,9.988300192100798,1
2055972,9.884098939483907,7
2055985,9.720034924177433,13
2055999,9.666052601993162,14
2056000,10.0,1
2056012,9.776951449456382,12
2056024,9.725736123145053,12
2056032,9.866254808689959,8
2056040,9.846165642833082,8
2056048,9.850210781541524,8
2056053,9.319223702112692,5
2056066,9.718899634622387,13
2056084,9.577502542305599,18
2056099,9.71263175846813,15
2056110,9.843841561158904,11
2056111,10.0,1
2056122,9.395969259697116,11
2056143,6.787577762757772,21
2056152,9.813169897901025,9
2056167,9.712201267914018,15
2056180,9.699339783520138,13
2056188,9.849234988943476,8
2056194,9.902433342408537,6
2056204,9.79654688605217,10
2056211,9.871601920999556,7
2056220,9.826402367142341,9
2056223,9.965850225706154,3
2056238,9.71359485813296,15
2056243,9.929552033793756,5
2056244,10.0,1
2056252,9.875513157606933,8
2056267,9.534106357301818,15
2056280,9.696871591974217,13
2056289,9.833805177911549,9
2056298,9.780294070072033,9
2056311,9.74570190686535,13
2056315,9.934597122521904,4
2056320,9.807489691031474,5
2056325,9.917588739241625,5
2056333,9.8147712620601,8
2056337,9.941840803453136,4
2056339,9.973700368956651,2
2056351,9.715107552746387,12
2056366,9.705101280762483,15
2056373,9.867342738424929,7
2056375,9.980905142071796,2
2056380,9.91804425269822,5
2056386,9.90513973302302,6
2056387,10.0,1
2056396,9.832723770791148,9
2056408,9.769595859453794,12
2056418,9.80293407606226,10
2056429,9.77127564345003,11
2056431,9.9853578137249,2
2056442,9.74236733497344,11
2056443,10.0,1
2056452,9.824813238299507,9
2056466,9.62280065710041,14
2056471,9.923083870937761,5
2056485,9.724491022071993,14
2056486,10.0,1
2056505,9.644539455504898,19
2056519,9.671458696539187,14
2056534,9.688830187562775,15
2056535,10.0,1
2056540,9.920579111339995,5
2056549,9.792308474224646,9
2056564,9.749279810818166,15
2056570,9.89051703932675,6
2056571,10.0,1
2056578,9.882224335280126,7
2056595,9.615715286508781,17
2056601,9.903828350573106,6
2056602,9.996474406797017,1
2056610,9.854321330297068,8
2056625,9.655483093558898,15
2056642,9.635540399765949,17
2056670,9.488232007099834,28
2056674,9.925000895225722,4
2056675,10.0,1
2056691,9.6467439175208,16
2056707,9.613712296130535,16
2056717,9.777996852423696,10
2056733,9.527797667045727,16
2056734,10.0,1
2056746,9.745060688200477,12
2056759,9.733485235677625,13
2056782,9.478457380336907,23
2056788,9.888471142440933,6
2056803,9.645793842811653,15
2056813,9.81023687210967,10
2056817,9.942026724232917,4
2056829,9.750624501310158,12
2056845,9.687716747865652,16
2056848,9.957858354102592,3
2056864,9.71080864459772,16
2056874,9.792238391405487,10
2056885,9.758412722112238,11
2056891,9.901539920094239,6
2056901,9.790724818413086,10
2056912,9.809050141703947,11
2056924,9.721341821336306,12
2056939,9.676245421251773,15
2056945,9.915885028894479,6
2056946,9.992015437001374,1
2056953,9.864480795128058,7
2056954,9.988644457990082,1
2056958,9.94439577627001,4
2056965,9.85271809895395,7
2056968,9.95294730691854,3
2056976,9.835668461788275,8
2056981,9.924650573449874,5
2056982,9.99174285129012,1
2056990,9.86349004464345,8
2057001,9.768343206656139,11
2057005,9.944206199215246,4
2057018,9.71620449472874,13
2057039,9.647788412926362,21
2057044,9.928973613334309,5
2057050,9.89050586575104,6
2057071,9.542439809332363,21
2057081,9.779216765592373,10
2057090,9.834312439727318,9
2057096,9.873007528993698,6
2057103,9.843592902154148,7
2057113,9.770742108887049,10
2057119,9.896944903614227,6
2057120,10.0,1
2057131,9.762811104052428,11
2057141,9.78210744602051,10
2057142,9.988562400028696,1
2057143,9.996634392686063,1
2057144,10.0,1
2057155,9.836187486422693,11
2057166,9.75706687874636,11
2057178,9.733148621711289,12
2057188,9.769579638749299,10
2057200,9.742729020336235,12
2057208,9.828212521931631,8
2057221,9.697267174455403,13
2057225,9.937457845856503,4
2057236,9.776331741732161,11
2057243,9.890287037022057,7
2057259,9.649175526236531,16
2057266,9.86202883606101,7
2057274,9.850603124303285,8
2057276,9.981411954207521,2
2057292,9.662601199299923,16
2057309,9.62232611553024,17
2057314,9.91252435737272,5
2057321,9.883213552236638,7
2057324,9.964101128597447,3
2057330,9.9079703194495,6
2057333,9.949874410759247,3
2057348,9.683280661697951,15
2057352,9.935469504559117,4
2057358,9.885296503953592,6
2057363,9.903829154626994,5
2057369,9.889276867613239,6
2057381,9.729595837530187,12
2057382,10.0,1
2057386,9.948983612797186,4
2057401,9.63595673448574,15
2057412,9.77063742820639,11
2057419,9.86535817006759,7
2057435,9.632816161397955,16
2057458,9.528764775519763,23
2057459,10.0,1
2057466,9.567877808012112,7
2057474,9.85927132810023,8
2057485,9.809445200324134,11
2057486,10.0,1
2057493,9.875998797339907,7
2057498,9.915910922415021,5
2057512,9.668190080917805,14
2057524,9.789223304307995,12
2057525,10.0,1
2057528,9.947306301442454,3
2057539,9.824860574682406,11
2057545,9.892330316860754,6
2057548,9.960261617392444,3
2057549,10.0,1
2057553,9.943298891663723,4
2057564,9.771753725623558,11
2057581,9.592320963534451,17
2057594,9.711808042551574,13
2057602,9.872041616528856,8
2057613,9.797196143764857,11
2057630,8.811415607981331,17
2057638,9.852599155222041,8
2057643,9.902969131861077,5
2057650,9.871717634447442,7
2057651,10.0,1
2057655,9.928532288892335,4
2057668,9.727083403668606,13
2057673,9.92810899132779,5
2057678,9.921120920411411,5
2057693,9.65594326288159,15
2057706,9.710739897953166,13
2057715,9.82642500394222,9
2057727,9.758038742723251,12
2057737,9.802601152455837,10
2057749,9.798723291216955,12
2057758,9.813339632841334,9
2057773,9.676135822849133,15
2057783,9.842167328052904,10
2057790,9.878912668347922,7
2057799,9.834389111072326,9
2057808,9.800945223871047,9
2057819,9.818629510312945,11
2057820,10.0,1
2057828,9.854338440747911,8
2057836,9.839680068074282,8
2057837,10.0,1
2057847,9.773396379066687,10
2057853,9.902385420338975,6
2057862,9.821235796961746,9
2057866,9.933041283084231,4
2057874,9.828821380129659,8
2057905,6.887060696185312,31
2057913,9.835572846440767,8
2057914,10.0,1
2057923,9.827118196369417,9
2057935,9.73896289237238,12
2057941,9.890433622102046,6
2057955,9.723660900595956,14
2057959,9.949741812475924,4
2057960,10.0,1
2057969,9.795290338048028,9
2057973,9.944214154314203,4
2057982,9.867798272166175,9
2057993,9.567913301604861,11
2057998,9.92546474898366,5
2058002,9.93937481268196,4
2058007,9.905632368096894,5
2058017,9.807251807036755,10
2058033,9.67625382582344,16
2058045,9.755759763652673,12
2058046,10.0,1
2058059,9.758210814989354,13
2058065,9.888291633619046,6
2058077,9.743984541157301,12
2058093,9.650485468531155,16
2058094,10.0,1
2058105,9.76572816692347,11
2058116,9.762151471310984,11
2058117,10.0,1
2058140,9.492981296268189,23
2058161,9.478144676900095,21
2058174,9.699548319422082,13
2058178,9.937278205528298,4
2058189,9.783458393058353,11
2058202,9.695956793761146,13
2058209,9.870517958202603,7
2058224,9.670926795679,15
2058235,9.760274133770373,11
2058246,9.80228055669735,11
2058260,9.735706884076674,14
2058274,9.685493940676984,14
2058281,9.853142293124039,7
2058327,6.933524372054272,46
2058335,9.835161776090786,8
2058345,9.800775275185146,10
2058354,9.82063372998009,9
2058359,9.905086843580005,5
2058360,10.0,1
2058371,9.762786336937099,11
2058381,9.796099950324884,10
2058389,9.85424258757294,8
2058404,9.65954153585145,15
2058419,9.645174394154399,15
2058435,9.614540385262734,16
2058452,9.58644707247568,17
2058459,9.86546453797224,7
2058467,9.843464031448324,8
2058501,9.28711046099673,34
2058514,9.727307529538432,13
2058537,9.499051969340858,23
2058538,10.0,1
2058549,9.775627510607647,11
2058560,9.653719150781946,11
2058565,9.922589692496961,5
2058575,9.80533921359186,10
2058580,9.933321292556618,5
2058584,9.928706810633832,4
2058594,9.80105593097689,10
2058600,9.88826272791091,6
2058601,10.0,1
2058615,9.67252303295059,14
2058623,9.880734762458726,8
2058636,9.703751379384602,13
2058646,9.843900612551366,10
2058654,9.851057068855567,8
2058663,9.84185750962314,9
2058684,9.552174986941521,21
2058697,9.74812029275752,13
2058707,9.805845609600226,10
2058715,9.85100716257971,8
2058721,9.906490210915704,6
2058733,9.73189301721276,12
2058740,9.876923197688365,7
2058743,9.968800558245192,3
2058754,9.780003195579791,11
2058761,9.860313363332216,7
2058766,9.915838136150837,5
2058781,9.662655427500361,15
2058793,9.744148821945188,12
2058799,9.91341030836709,6
2058802,9.958303461778662,3
2058819,9.557023187963088,17
2058820,10.0,1
2058826,9.89450023080702,6
2058831,9.91323437424789,5
2058833,9.984018451727483,2
2058843,9.766042831297264,10
2058852,9.80082011973205,9
2058858,9.87719464652312,6
2058868,9.80024281352382,10
2058880,9.36255664612597,12
2058901,8.791671902692281,21
2058909,9.843707956130276,8
2058916,9.870185247185582,7
2058934,9.586469891485704,18
2058944,9.773904975860741,10
2058954,9.801192183141296,10
2058964,9.84182184773183,10
2058978,9.742567493794452,14
2058991,9.72549854776439,13
2059006,9.668867596531248,15
2059012,9.890941349863166,6
2059020,9.845032897950066,8
2059028,9.863255081159755,8
2059036,9.854652401375393,8
2059044,9.841653032894651,8
2059060,9.661829932487482,16
2059065,9.929599820711196,5
2059080,9.667081322970953,15
2059092,9.743829122249144,12
2059102,9.774443667629258,10
2059105,9.959504625548796,3
2059112,9.869632958829712,7
2059119,9.854891888150418,7
2059123,9.933124669498193,4
2059131,9.854334444176128,8
2059141,9.803628766937134,10
2059145,9.9255554611827,4
2059185,7.736207577714703,40
2059197,9.733885046723701,12
2059207,9.80609724629485,10
2059210,9.963129368151627,3
2059221,9.774339017292709,11
2059228,9.879160848113585,7
2059229,9.996098383212356,1
2059236,9.850858202443087,7
2059247,9.767783252572555,11
2059267,9.579823056049799,20
2059270,9.969563142036577,3
2059277,9.876068874194745,7
2059278,10.0,1
2059292,9.681059205650161,14
2059296,9.941891805963055,4
2059306,9.807235558954725,10
2059315,9.823355007889848,9
2059331,9.668753236630165,16
2059356,9.51454295846374,25
2059361,9.92103316072854,5
2059369,9.83388898476643,8
2059374,9.935489505135005,5
2059384,9.818778626146244,10
2059392,9.863647253501046,8
2059393,9.996002572937527,1
2059403,9.807834558729423,10
2059414,9.791627717449916,11
2059429,9.679543701128546,15
2059438,9.829378389321898,9
2059443,9.907146886491052,5
2059447,9.939398521687023,4
2059455,9.828705970205098,8
2059463,9.86530087785625,8
2059479,9.691071325393928,16
2059490,9.805723584406948,11
2059491,10.0,1
2059498,9.881014716123271,7
2059562,7.037355882975046,64
2059565,9.956734831298649,3
2059566,10.0,1
2059578,9.75616109878277,12
2059590,9.7448613427835,12
2059604,9.729698249961979,14
2059605,10.0,1
2059613,9.847351931254229,8
2059625,9.737298231086633,12
2059636,9.797177214089663,11
2059646,9.79902056870497,10
2059654,9.876764012170305,8
2059666,9.776972076215365,12
2059672,9.907336869851163,6
2059673,10.0,1
2059679,9.91148317473961,6
2059688,9.823388676842434,9
2059699,9.77104225476559,11
2059712,9.717595607625373,13
2059717,9.916904265483142,5
2059724,9.858382815057386,7
2059732,9.841847793323337,8
2059747,9.645681317642232,15
2059761,9.683078717701447,14
2059762,10.0,1
2059772,9.821813271709576,10
2059786,9.697188379408107,14
2059793,9.854949086431507,7
2059806,9.706853010430939,13
2059815,9.822670857572696,9
2059824,9.825233197927627,9
2059829,9.932554850043262,5
2059832,9.966135118267015,3
2059839,9.862919776336465,7
2059854,9.711400204322697,15
2059861,9.89213679619746,7
2059865,9.930372911859537,4
2059878,9.719630449279082,13
2059893,9.643631842628759,15
2059908,9.688313269487582,15
2059922,9.708252925793031,14
2059925,9.966654954851013,3
2059932,9.873824948829757,7
2059939,9.85450142281951,7
2059947,9.845076304187733,8
2059956,9.812022624792283,9
2059969,9.519801102153282,13
2059979,9.807441549964496,10
2059992,9.71384287181068,13
2060003,9.756035256851316,11
2060009,9.882228235518937,6
2060020,9.830615109310127,11
2060024,9.958666535887359,4
2060033,9.820475875464007,9
2060042,9.820495025668398,9
2060051,9.825886086998167,9
2060063,9.804419202518961,12
2060074,9.785216287595812,11
2060078,9.934231815479675,4
2060093,9.659243769852912,15
2060097,9.944916559603813,4
2060105,9.859886830649364,8
2060117,9.740011802365332,12
2060129,9.760200684781823,12
2060136,9.88331235486027,7
2060138,9.979667035897693,2
2060150,9.736697863698918,12
2060165,9.690408760166124,15
2060178,9.755313025121989,13
2060185,9.868153555611837,7
2060197,9.773020061045418,12
2060205,9.828747933169296,8
2060213,9.853222728347916,8
2060235,9.58009543288559,22
2060242,9.862876013659747,7
2060250,9.829990003051686,8
2060265,9.65475127877789,15
2060284,9.593053794074889,19
2060295,9.760782327111182,11
2060305,9.813157719646853,10
2060313,9.86760054470847,8
2060326,9.785053778575456,13
2060329,9.964590699435117,3
2060334,9.91588199410001,5
2060346,9.766827459344494,12
2060359,9.75721287196316,13
2060365,9.899970186566113,6
2060380,9.403478562853135,15
2060386,9.896051362045545,6
2060389,9.962370897204458,3
2060405,9.670282034018777,16
2060406,10.0,1
2060410,9.93867805225852,4
2060417,9.875687727372462,7
2060423,9.895683560011225,6
2060429,9.875635191246731,6
2060440,9.758931092246048,11
2060442,9.98500296966199,2
2060452,9.813338471104581,10
2060455,9.949244411358423,3
2060464,9.83280342801494,9
2060469,9.906766025325188,5
2060482,9.71713613414322,13
2060492,9.820256544467245,10
2060501,9.798413574103026,9
2060509,9.83993840417197,8
2060531,9.504208251218888,22
2060540,9.867113033206813,9
2060552,9.737055772713697,12
2060560,9.827961027047564,8
2060570,9.762568038455646,10
2060581,9.776553742123143,11
2060591,9.844180902033635,10
2060595,9.938996807120908,4
2060601,9.89200842141808,6
2060611,9.801671105775872,10
2060615,9.926332225144112,4
2060622,9.87495470495672,7
2060633,9.76698908588693,11
2060635,9.977573250107485,2
2060649,9.68898035197828,14
2060650,10.0,1
2060663,9.741093455852408,13
2060678,9.598565694423035,15
2060679,10.0,1
2060691,9.740964494847233,12
2060696,9.914850711466697,5
2060704,9.859512277886605,8
2060713,9.794326749500081,9
2060714,10.0,1
2060724,9.79783292564131,10
2060730,9.900686379117179,6
2060735,9.914371129662312,5
2060748,9.725336224462373,13
2060755,9.872486046116945,7
2060762,9.847701544619813,7
2060773,9.794203852544216,11
2060785,9.755835924213804,12
2060794,9.785681134459148,9
2060809,9.628312068907249,15
2060821,9.74942432864125,12
2060841,9.56865287159086,20
2060848,9.891138507960546,7
2060860,9.773468826978482,12
2060870,9.786558308352141,10
2060888,9.576106553259581,18
2060896,9.819399287945108,8
2060897,10.0,1
2060913,9.622736392531724,16
2060920,9.890051060462964,7
2060925,9.919486771409586,5
2060932,9.874394022475364,7
2060989,4.622564586419324,57
2060990,10.0,1
2061001,9.761967702079396,11
2061008,9.879078011288701,7
2061016,9.834132651470103,8
2061019,9.959805501637199,3
2061038,9.596917015742703,19
2061127,7.245653789697533,89
2061149,9.442255322357752,22
2061163,9.691035633408354,14
2061168,9.928857580390698,5
2061173,9.934525934824947,5
2061178,9.924040044555685,5
2061189,9.76943619222283,11
2061201,9.762274872043937,12
2061207,9.903224289445829,6
2061220,9.752528661437008,13
2061228,9.860342238968476,8
2061242,9.701676037783187,14
2061243,10.0,1
2061256,9.721738160320445,13
2061260,9.932709601142404,4
2061271,9.754283400072648,11
2061283,9.739826045172169,12
2061289,9.904112510616253,6
2061290,10.0,1
2061302,9.783239358669777,12
2061308,9.88098921048607,6
2061315,9.884585752375962,7
2061316,9.996289426141253,1
2061325,9.869005416661553,9
2061344,9.600009483345548,19
2061357,9.719198253643643,13
2061362,9.918464600297705,5
2061373,9.789758586049928,11
2061376,9.955915961723885,3
2061381,9.921998531080515,5
2061382,9.993082404711858,1
2061384,9.986089920913441,2
2061393,9.831489798507446,9
2061403,9.789361120336034,10
2061409,9.894831607060352,6
2061410,9.987823359312337,1
2061411,10.0,1
2061419,9.834261390912785,8
2061429,9.812400448356497,10
2061447,9.609090682323632,18
2061448,9.992669414489495,1
2061449,10.0,1
2061458,9.831099737517867,9
2061459,10.0,1
2061474,9.651432744009352,15
2061483,9.8240329285568,9
2061503,9.53174185080906,20
2061522,9.604069053665208,19
2061530,9.84100146208451,8
2061539,9.808460441996646,9
2061543,9.9258492268356,4
2061553,9.798595606238935,10
2061557,9.946146670185685,4
2061566,9.846114281953083,9
2061578,9.78944420643795,12
2061584,9.892195719821272,6
2061588,9.943395145951195,4
2061590,9.974651066594522,2
2061606,9.624591220575603,16
2061617,9.83525513369332,11
2061638,9.598624511961743,21
2061645,9.89841012847871,7
2061651,9.889312437786662,6
2061654,9.956998365052012,3
2061655,10.0,1
2061660,9.934563314418114,5
2061669,9.833514289519623,9
2061678,9.853661615038869,9
2061685,9.873322597239012,7
2061698,9.696923362177047,13
2061712,9.694930182971923,14
2061723,9.77211121959752,11
2061728,9.92924982581326,5
2061737,9.817053165904271,9
2061738,9.996447574911238,1
2061743,9.93255817301976,5
2061748,9.902703903958487,5
2061750,9.982546167589415,2
2061767,9.627968127660983,17
2061778,9.766500414520902,11
2061789,9.78015096933751,11
2061793,9.932097168253588,4
2061800,9.866903062768117,7
2061816,9.630528338054209,16
2061824,9.854110147056671,8
2061833,9.830578641123875,9
2061844,9.80741970665524,11
2061845,9.988656979300634,1
2061852,9.671807444706356,7
2061864,9.7595512945818,12
2061871,9.865532721853661,7
2061879,9.870723098349625,8
2061880,10.0,1
2061888,9.851559362575328,8
2061893,9.901928604737876,5
2061898,9.941080114202313,5
2061906,9.856500851825103,8
2061914,9.859253997468453,8
2061929,9.659010129210106,15
2061938,9.850154682939923,9
2061965,9.479630960636198,27
2061977,9.73649051611777,12
2061991,9.705709244585586,14
2062001,9.797882919079399,10
2062010,9.817763109063838,9
2062038,9.469649300404456,28
2062050,9.739895591305928,12
2062060,9.80926756742084,10
2062064,9.936885957349757,4
2062072,9.822489067987352,8
2062081,9.834062093020009,9
2062090,9.86774978983188,9
2062091,10.0,1
2062097,9.880625736987092,6
2062108,9.767831146300304,11
2062118,9.77505236628721,10
2062123,9.910993885596195,5
2062126,9.961214813806148,3
2062135,9.83143599658679,9
2062141,9.896582501368963,6
2062142,10.0,1
2062166,9.53025343531471,24
2062167,9.995914373777731,1
2062174,9.885057645577595,7
2062175,10.0,1
2062182,9.873633931999402,7
2062190,9.858279481971246,8
2062191,10.0,1
2062193,9.973135004135246,2
2062194,10.0,1
2062197,9.961528809701177,3
2062204,9.893545768846979,7
2062211,9.874551913632374,7
2062212,10.0,1
2062229,9.612791974307672,17
2062245,9.624961031984844,16
2062249,9.942774824336015,4
2062264,9.662065671355773,15
2062270,9.888894636416675,6
2062273,9.970180997339135,3
2062283,9.823776912049057,10
2062290,9.859653714174229,7
2062294,9.946107389461282,4
2062295,10.0,1
2062301,9.90892377486002,6
2062302,10.0,1
2062316,9.694222259848674,14
2062323,9.879165006779656,7
2062334,9.776829705010433,11
2062351,9.611331128358753,17
2062362,9.790655423187248,11
2062368,9.892312203816923,6
2062375,9.85759203098933,7
2062382,9.865160552603115,7
2062400,9.605152958073989,18
2062406,9.893432570377136,6
2062419,9.712871279784286,13
2062428,9.849214695929351,9
2062435,9.864344481705237,7
2062442,9.861270036581242,7
2062450,9.846479156125193,8
2062451,9.992950846416285,1
2062459,9.870101162598806,8
2062469,9.807956274458082,10
2062477,9.858947332944174,8
2062480,9.970561925116089,3
2062495,9.639581064230203,15
2062509,9.708273516956254,14
2062518,9.811021500366174,9
2062520,9.984482808923477,2
2062526,9.895109449755672,6
2062530,9.941684231050086,4
2062540,9.814562868900635,10
2062555,9.717630318316496,15
2062564,9.855065156172637,9
2062573,9.806188818791352,9
2062578,9.918079606844298,5
2062581,9.959531102122286,3
2062588,9.866361710230223,7
2062595,9.883925685913688,7
2062606,9.800102259970066,11
2062612,9.897313643357588,6
2062613,9.989184011870528,1
2062621,9.875883665006716,8
2062630,9.83342410199102,9
2062637,9.881079503667472,7
2062645,9.848342025281866,8
2062646,10.0,1
2062654,9.842647281831873,8
2062668,9.374415283532526,14
2062671,9.965617313088577,3
2062680,9.830456108566498,9
2062689,9.832277623902554,9
2062694,9.93020886532077,5
2062702,9.833560848593063,8
2062703,10.0,1
2062713,9.807577303197268,10
2062721,9.883361186641862,8
2062728,9.870190342716954,7
2062740,9.750474834823352,12
2062744,9.932998275351743,4
2062749,9.920311168164892,5
2062754,9.92410201997833,5
2062757,9.958134404114244,3
2062767,9.826232658060686,10
2062773,9.903182431816234,6
2062780,9.854837033116691,7
2062785,9.914723828162543,5
2062809,9.427073070602361,24
2062817,9.833857385643046,8
2062830,9.742645119836613,13
2062831,10.0,1
2062834,9.754656574638727,3
2062840,9.883203081252105,6
2062848,9.864105337152226,8
2062859,9.747660538692399,11
2062871,9.734803596404285,12
2062886,9.664432053223504,15
2062887,10.0,1
2062893,9.913000324879137,6
2062903,9.779259668061648,10
2062918,9.700794608894093,15
2062919,10.0,1
2062924,9.917309210028474,5
2062934,9.804877875782108,10
2062935,9.996337001984335,1
2062947,9.77282385469625,12
2062948,10.0,1
2062954,9.882292762315247,6
2062957,9.967810218766179,3
2062964,9.87027052373438,7
2062971,9.872364131855647,7
2062980,9.861680231038283,9
2062990,9.785901267056893,10
2063000,9.819199098014005,10
2063005,9.913318607646518,5
2063019,9.71275345041238,14
2063029,9.787956293171355,10
2063037,9.852681849535882,8
2063051,9.690118660747657,14
2063053,9.977570063449196,2
2063056,9.95490773974417,3
2063068,9.759709946188087,12
2063076,9.851931777210897,8
2063079,9.96796560504024,3
2063090,9.779391713526469,11
2063107,9.619215131495773,17
2063108,10.0,1
2063113,9.925923200521144,5
2063114,10.0,1
2063120,9.909960981029096,6
2063122,9.978252922911706,2
2063123,10.0,1
2063135,9.716344182642718,12
2063141,9.901327805127558,6
2063149,9.881375667080315,8
2063150,10.0,1
2063151,10.0,1
2063166,9.6547030746451,15
2063171,9.917258585928316,5
2063174,9.960631571048664,3
2063177,9.964192440564346,3
2063181,9.942671065392615,4
2063182,10.0,1
2063192,9.82332726675053,10
2063198,9.886667297682736,6
2063207,9.814299236735584,9
2063217,9.812464912686531,10
2063229,9.751140840343833,12
2063230,10.0,1
2063237,9.885534687537607,7
2063246,9.817390221095543,9
2063254,9.829034496487768,8
2063267,9.725071265551053,13
2063270,9.96146849303054,3
2063279,9.817938979179814,9
2063294,9.744366021617813,15
2063302,9.861161030089223,8
2063320,9.575144184096649,18
2063327,9.869277712732082,7
2063339,9.716735440199702,12
2063346,9.875009192978583,7
2063354,9.835117573858522,8
2063361,9.900320543745277,7
2063369,9.86398515916217,8
2063384,9.658763804291302,15
2063394,9.791743297640393,10
2063395,9.988708144270593,1
2063410,9.680322594503862,15
2063416,9.885407090179726,6
2063431,9.672831665563603,15
2063446,9.650056373098446,15
2063447,9.992269507048128,1
2063465,9.605898839211589,18
2063466,10.0,1
2063476,9.786215832935095,10
2063487,9.776341434557958,11
2063500,9.714294048250729,13
2063512,9.73161071975263,12
2063524,9.754333606035695,12
2063533,9.81229548997353,9
2063538,9.920806045611338,5
2063547,9.822151129706254,9
2063558,9.763744538835459,11
2063565,9.879567483412169,7
2063569,9.92988262259613,4
2063581,9.726984464889355,12
2063588,9.842116507341055,7
2063599,9.78921004039395,11
2063605,9.891847176826056,6
2063615,9.797600203868857,10
2063616,10.0,1
2063617,10.0,1
2063618,10.0,1
2063626,9.753293675030555,8
2063638,9.749709102424266,12
2063649,9.791876630957717,11
2063664,9.674236599118665,15
2063674,9.785262600936937,10
2063680,9.88440317497397,6
2063694,9.681810832023425,14
2063702,9.837634657450435,8
2063703,10.0,1
2063721,9.300129521917588,18
2063733,9.739126259427678,12
2063740,9.866915139298122,7
2063745,9.920156493894646,5
2063754,9.847926271104019,9
2063767,9.735133843136511,13
2063774,9.876653719324437,7
2063782,9.83803875166579,8
2063802,9.375184762115223,20
2063812,9.79542436181189,10
2063816,9.945868261299566,4
2063818,9.97505759698908,2
2063825,9.88030152559706,7
2063840,9.670581609386746,15
2063844,9.935416609231494,4
2063850,9.907828028587947,6
2063853,9.950985963944118,3
2063879,9.444028313138054,26
2063894,9.689632541080563,15
2063907,9.649972618502757,13
2063919,9.729029182773433,12
2063924,9.902667080498247,5
2063925,10.0,1
2063934,9.812096799828382,9
2063955,9.470917317152283,21
2063964,9.834947680650323,9
2063978,9.69927257070822,14
2063991,9.72756229422635,13
2063999,9.8503594126138,8
2064009,9.787800090443897,10
2064019,9.786612272754759,10
2064028,9.838983618267488,9
2064032,9.94612476776216,4
2064041,9.827761886918571,9
2064053,9.724146421745314,12
2064062,9.846328586023233,9
2064069,9.873997842474003,7
2064076,9.87014848237546,7
2064091,9.695799097507198,15
2064103,9.714388530265392,12
2064110,9.886835143634844,7
2064121,9.831530781312644,11
2064133,9.757680577675806,12
2064144,9.776999596778321,11
2064150,9.894024276662892,6
2064153,9.964163745593158,3
2064161,9.83055161072247,8
2064165,9.931715233886374,4
2064166,10.0,1
2064176,9.807449107632658,10
2064180,9.929324705889709,4
2064189,9.844834021229524,9
2064193,9.94330061601122,4
2064203,9.793275729145748,10
2064218,9.69680715933554,15
2064227,9.830002550334926,9
2064234,9.88732416123224,7
2064235,9.993210090057977,1
2064242,9.892900499622476,7
2064243,10.0,1
2064256,9.773963976752015,13
2064269,9.719290416187722,13
2064276,9.87421409464331,7
2064295,9.64397083326137,19
2064314,9.615180267007519,19
2064320,9.894198181623091,6
2064327,9.884243275096317,7
2064336,9.800897023404389,9
2064347,9.77208197448254,11
2064358,9.766518175849288,11
2064372,9.735172497052993,14
2064373,10.0,1
2064374,9.992809946974331,1
2064376,9.97606685994236,2
2064392,9.663041064369535,16
2064398,9.899395945741489,6
2064408,9.796262294768956,10
2064414,9.880292213876677,6
2064426,9.749549104594447,12
2064438,9.740189974011328,12
2064440,9.97708404468034,2
2064451,9.756789201346358,11
2064465,9.70368891955274,14
2064466,10.0,1
2064479,9.744261244716581,13
2064480,10.0,1
2064481,10.0,1
2064482,10.0,1
2064483,10.0,1
2064503,9.52201119060887,20
2064513,9.830843482896967,10
2064522,9.81836550157714,9
2064532,9.798398986863164,10
2064538,9.920202106044774,6
2064548,9.778921521561454,10
2064558,9.788524189560867,10
2064568,9.804271906246475,10
2064575,9.85084551773685,7
2064579,9.921551659657178,4
2064588,9.803097748274888,9
2064607,9.574037494116029,19
2064610,9.966968150646865,3
2064623,9.693152212493045,13
2064635,9.804049110686268,12
2064636,10.0,1
2064640,9.942414791683303,4
2064645,9.942210600172519,5
2064652,9.89492098727095,7
2064659,9.894829930071095,7
2064667,9.843583771941384,8
2064680,9.747220127955186,13
2064685,9.918731012372206,5
2064706,9.493012190361574,21
2064714,9.834592020655803,8
2064725,9.758799610915162,11
2064744,9.582424463568367,19
2064754,9.793985359058654,10
2064767,9.71668422365295,13
2064775,9.848480481602241,8
2064780,9.897482889525499,5
2064791,9.74305804888742,11
2064798,9.878730049473061,7
2064802,9.945992723682757,4
2064819,9.668166863962643,17
2064820,10.0,1
2064836,9.640653356534235,16
2064844,9.86078459401674,8
2064856,9.74663566763478,12
2064865,9.807165582539408,9
2064875,9.776856775034213,10
2064879,9.939722323619701,4
2064889,9.799261654730817,10
2064890,10.0,1
2064901,9.75468350825523,11
2064902,10.0,1
2064909,9.854408840089038,7
2064914,9.90060770242829,5
2064915,10.0,1
2064922,9.878545434980493,7
2064933,9.783403807090925,11
2064945,9.711833325575203,12
2064963,9.611578751284622,18
2064975,9.720190194805562,12
2064985,9.800392520555508,10
2064999,9.711070397162148,14
2065005,9.903922746570727,6
2065011,9.887731011226006,6
2065018,9.88718516457711,7
2065022,9.944021994281666,4
2065025,9.94798184790648,3
2065072,8.716442603107588,47
2065081,9.817087786050797,9
2065082,9.996287568651313,1
2065094,9.750580834401097,12
2065108,9.665198151519354,14
2065116,9.826868754458506,8
2065117,10.0,1
2065136,9.569541681239738,19
2065165,8.474333472952743,29
2065172,9.89230164300659,7
2065186,9.706020438217372,14
2065193,9.88529319548441,7
2065201,9.846455405196002,8
2065202,10.0,1
2065204,9.982546644399687,2
2065209,9.911109347346532,5
2065210,10.0,1
2065211,10.0,1
2065213,9.97522140248842,2
2065222,9.820420546866712,9
2065224,9.980519152129668,2
2065233,9.80283492398693,9
2065252,9.619458034955212,19
2065268,9.653446232231424,16
2065278,9.789861061680911,10
2065290,9.753164955486163,12
2065301,9.789743633152145,11
2065318,9.65372816232424,17
2065327,9.826456839018393,9
2065333,9.906184787243843,6
2065348,9.66815494864811,15
2065354,9.881450733392063,6
2065369,9.101743517376585,15
2065370,10.0,1
2065381,9.781532292221216,11
2065392,9.79370506836729,11
2065401,9.848377974573182,9
2065410,9.825087278813843,9
2065422,9.67494947450578,12
2065426,9.936988610091941,4
2065437,9.742707229954656,11
2065449,9.734825819403333,12
2065461,9.762598136640946,12
2065469,9.838940656866942,8
2065490,9.500476469177404,21
2065495,9.919714094424657,5
2065504,9.846844540088542,9
2065518,9.676285332019715,14
2065533,9.719200910402549,15
2065536,9.951522740524762,3
2065549,9.690128193904004,13
2065560,9.769882914032737,11
2065561,10.0,1
2065571,9.796731265459433,10
2065582,9.788893348754756,11
2065587,9.902316373610468,5
2065591,9.948851061342033,4
2065600,9.826429771041152,9
2065611,9.75418036796896,11
2065627,9.66759777044162,16
2065632,9.929565206634166,5
2065644,9.749403611425954,12
2065645,10.0,1
2065661,9.707050421993808,16
2065681,9.548478115712813,20
2065690,9.809453627263336,9
2065704,9.717485638938241,14
2065718,9.715005731599982,14
2065729,9.767509887554304,11
2065746,9.590466107927838,17
2065757,9.78053010207398,11
2065770,9.707433174716478,13
2065785,9.649475904999855,15
2065802,9.725569674550615,17
2065808,9.887146547755153,6
2065822,9.72254284114864,14
2065831,9.814374684853732,9
2065839,9.846010575069975,8
2065867,9.432060145203433,28
2065879,9.744535319104404,12
2065887,9.835921790457407,8
2065897,9.828158640535333,10
2065912,9.740863522817689,15
2065913,10.0,1
2065916,9.961336844133388,3
2065920,9.940076378613059,4
2065930,9.804489452391682,10
2065935,9.916771186822306,5
2065943,9.869568292068237,8
2065945,9.974408271647446,2
2065960,9.726370102326149,15
2065970,9.811626022176332,10
2065984,9.694277404286114,14
2066002,9.54008330806521,18
2066017,9.692110069024292,15
2066034,9.648326195700909,17
2066038,9.949608491903321,4
2066051,9.721890777167351,13
2066057,9.902673670647346,6
2066060,9.948797380665075,3
2066069,9.817122541064194,9
2066076,9.863830208951603,7
2066084,9.85927310634865,8
2066087,9.95637657009771,3
2066088,10.0,1
2066097,9.848859608064336,9
2066116,9.592372698262453,19
2066120,9.950723279395836,4
2066121,9.988985477037804,1
2066126,9.917103375329022,5
2066139,9.68465505328886,13
2066149,9.803887418302194,10
2066156,9.851637441180648,7
2066168,9.725757122816969,12
2066195,9.380418355225116,27
2066211,9.626286540135654,16
2066212,10.0,1
2066224,9.773851847082794,12
2066228,9.93610558376002,4
2066229,10.0,1
2066237,9.838061552792722,8
2066251,9.682434336793058,14
2066258,9.875141735811736,7
2066264,9.907691251693285,6
2066265,9.98924509800642,1
2066275,9.778484409899736,10
2066295,9.515499859635451,20
2066309,9.715280014317376,14
2066312,9.955966678831436,3
2066323,9.762906861553578,11
2066335,9.78517331738265,12
2066351,9.679736348753282,16
2066370,9.52992665799537,19
2066377,9.881851456574188,7
2066378,10.0,1
2066394,9.642035807527934,16
2066410,9.637732118634581,16
2066426,9.683165384307689,16
2066442,9.68790090594716,16
2066451,9.820819374814729,9
2066452,10.0,1
2066458,9.898279690936176,6
2066472,9.684451148087351,14
2066484,9.77478596413802,12
2066489,9.924812971681728,5
2066497,9.850679478070106,8
2066506,9.814432386438463,9
2066513,9.867725220398222,7
2066536,9.528902329392857,23
2066545,9.834471032177438,9
2066554,9.82124117980057,9
2066569,9.660142994326447,15
2066580,9.753124065550333,11
2066595,9.6684039545849,15
2066602,9.863226601324788,7
2066618,9.665415388237612,16
2066629,9.762583517840984,11
2066647,9.565341234086342,18
2066655,9.849385926663581,8
2066669,9.490249393387046,14
2066676,9.871102265471595,7
2066692,9.663216720994303,16
2066703,9.792540475412517,11
2066718,9.690659234676783,15
2066721,9.956518333066036,3
2066722,10.0,1
2066732,9.840501865698561,10
2066745,9.72211997252061,13
2066746,9.996509103937491,1
2066758,9.766019856685357,12
2066763,9.922835822316351,5
2066773,9.7768377754243,10
2066779,9.90253406386932,6
2066789,9.77368649500433,10
2066791,9.98211169026798,2
2066802,9.814344300178272,11
2066810,9.83461542757187,8
2066815,9.91692837705646,5
2066820,9.900007568331322,5
2066835,9.656229845664521,15
2066843,9.645088471333924,8
2066848,9.925797715423267,5
2066858,9.80623212555365,10
2066864,9.915535734364486,6
2066878,9.686144760098195,14
2066893,9.514222959868436,15
2066902,9.837382798513868,9
2066910,9.858740545693951,8
2066919,9.841980256829713,9
2066931,9.761964626925735,12
2066939,9.863855862579314,8
2066954,9.662918850402239,15
2066965,9.765937264692177,11
2066968,9.953489522117325,3
2066975,9.866312418844224,7
2066976,10.0,1
2066977,9.996113654899792,1
2066985,9.859813255242384,8
2066988,9.965756131430473,3
2067005,9.631898067728892,17
2067024,9.585902665250861,19
2067037,9.745915732176172,13
2067043,9.920245586939293,6
2067062,9.222624758033271,19
2067084,9.544306448235847,22
2067090,9.889460610130472,6
2067101,9.75523076709907,11
2067107,9.888496795366644,6
2067113,9.881143661027542,6
2067123,9.816433462933242,10
2067124,9.989107042472854,1
2067142,9.650960211983465,18
2067143,10.0,1
2067154,9.757107848441205,11
2067155,10.0,1
2067161,9.90483722282396,6
2067162,10.0,1
2067179,9.613728803435125,17
2067189,9.7765656217124,10
2067197,9.838217729743622,8
2067204,9.889706704754053,7
2067205,9.996143893442285,1
2067216,9.784185311928383,11
2067235,9.65674811612254,19
2067252,9.754020698574555,17
2067264,9.755808320782197,12
2067265,10.0,1
2067271,9.884647683634318,6
2067278,9.86053267147369,7
2067288,9.787889798809179,10
2067303,9.694214122900169,15
2067312,9.82463564503514,9
2067317,9.921633077149478,5
2067333,9.639812969012208,16
2067346,9.688970868624546,13
2067357,9.766520886386738,11
2067363,9.899732344979007,6
2067371,9.823972307668761,8
2067381,9.812902579489943,10
2067387,9.879365672962367,6
2067393,9.875241862541715,6
2067395,9.967590416380695,2
2067401,9.89549839304297,6
2067406,9.914894828949636,5
2067412,9.885307217641603,6
2067440,9.420316350926553,28
2067447,9.774478284832032,7
2067458,9.75939951624142,11
2067471,9.729460330451426,13
2067479,9.847229457255276,8
2067480,10.0,1
2067498,9.351275374958398,18
2067518,9.618618734496073,20
2067543,9.503716836658011,25
2067550,9.842194812990174,7
2067559,9.826581244278664,9
2067573,9.68273259569806,14
2067577,9.94547639620188,4
2067579,9.978537047068706,2
2067590,9.771441759688917,11
2067606,9.547333167170812,16
2067610,9.928417302013752,4
2067619,9.815758939773513,9
2067629,9.789666842098178,10
2067634,9.926738834529397,5
2067639,9.908719776793813,5
2067659,9.595049894262672,20
2067668,9.854343341445677,9
2067678,9.761969515941418,10
2067687,9.823058241595128,9
2067698,9.755924847403397,11
2067708,9.803756995230648,10
2067709,10.0,1
2067717,9.838308026815502,8
2067727,9.810246407054123,10
2067739,9.765920680232735,12
2067742,9.948939379682036,3
2067749,9.865953227219315,7
2067766,9.629951380990933,17
2067773,9.856329135055645,7
2067791,9.610470139710385,18
2067803,9.75104100155542,12
2067807,9.925688213508035,4
2067813,9.919880503308915,6
2067825,9.778219895258381,12
2067835,9.77672236095659,10
2067847,9.755181801084758,12
2067859,9.731947196506878,12
2067865,9.901771938007801,6
2067871,9.904203964748291,6
2067878,9.886335760752113,7
2067883,9.914429456753526,5
2067887,9.93369526983741,4
2067894,9.864920284822716,7
2067906,9.755415778419916,12
2067909,9.962201478607135,3
2067919,9.786275906501562,10
2067922,9.96392556901273,3
2067934,9.75619505718614,12
2067951,9.670715688070008,17
2067963,9.754054194477055,12
2067971,9.846374945575299,8
2067972,10.0,1
2067987,9.698998931119249,15
2068002,9.656520354753706,15
2068003,10.0,1
2068004,10.0,1
2068012,9.842331546079553,8
2068025,9.769356410173266,13
2068144,7.584806951893299,119
2068163,9.5694643603001,19
2068175,9.800861153371434,12
2068184,9.807838319483896,9
2068189,9.923305492906104,5
2068213,9.559339861189814,24
2068223,9.863023111098085,10
2068227,9.939696214823103,4
2068237,9.814293655719528,10
2068245,9.862782622622436,8
2068259,9.748733311063518,14
2068262,9.962353061382906,3
2068263,10.0,1
2068265,9.975949222307781,2
2068282,9.605601744852015,17
2068295,9.748854999230083,13
2068319,9.379564128504269,24
2068332,9.697402815825722,13
2068338,9.885830444072807,6
2068350,9.708581578289534,12
2068351,10.0,1
2068360,9.645982150621716,9
2068369,9.800356705779874,9
2068381,9.750891432459142,12
2068397,9.661252838557612,16
2068411,9.689730975315559,14
2068416,9.521319523707312,5
2068425,9.819085146101182,9
2068427,9.975268295099038,2
2068442,9.623612082343676,15
2068448,9.89912803095084,6
2068451,9.953313220693568,3
2068465,9.700005750261822,14
2068477,9.759204630485026,12
2068484,9.859523775941904,7
2068487,9.954865496871042,3
2068503,9.651160971436205,16
2068512,9.819657249520057,9
2068520,9.84248435700053,8
2068528,9.839179816839948,8
2068539,9.779439270904644,11
2068545,9.903891625495678,6
2068552,9.871658657580697,7
2068561,9.8274090590844,9
2068566,9.937496375713357,5
2068583,9.660651883305436,17
2068600,9.244984461008487,17
2068609,9.830943980798232,9
2068617,9.841583752194204,8
2068637,9.594318269174403,20
2068641,9.938639869017065,4
2068649,9.829199293916703,8
2068659,9.781849722789515,10
2068671,9.748145517561017,12
2068685,9.690993665350192,14
2068693,9.550709910150928,8
2068700,9.851140162194977,7
2068707,9.856701529561466,7
2068714,9.876473941739565,7
2068715,10.0,1
2068722,9.859028682981359,7
2068733,9.765987489272872,11
2068734,9.992792997596567,1
2068744,9.790752559607673,10
2068760,9.687132843217567,16
2068772,9.799413665271336,12
2068782,9.788318575289551,10
2068796,9.449400482779234,14
2068808,9.744379913791414,12
2068819,9.82945607732814,11
2068820,10.0,1
2068827,9.871785073076731,7
2068842,9.75411376987895,15
2068860,9.568817824848528,18
2068870,9.815132420609533,10
2068882,9.749956168378562,12
2068893,9.748376625295357,11
2068908,9.657316047368285,15
2068917,9.838303540096964,9
2068923,9.897825685291078,6
2068936,9.70278231988778,13
2068949,9.727513421488094,13
2068956,9.870287880115665,7
2068963,9.867458710277072,7
2068979,9.653669348824227,16
2069002,9.499558112985437,23
2069003,9.992553417943363,1
2069015,9.756825232424925,12
2069033,9.635236055303539,18
2069041,9.853482040871915,8
2069049,9.829159710571657,8
2069055,9.885720156414894,6
2069066,9.780928298098788,11
2069073,9.844520070520012,7
2069085,9.76786479240161,12
2069094,9.833660171656271,9
2069101,9.861158885152367,7
2069111,9.778077898632693,10
2069117,9.894309849432055,6
2069138,9.60102409229889,21
2069153,9.714584189688232,15
2069161,9.637076535919585,8
2069169,9.841356667805812,8
2069183,9.744239216742283,14
2069194,9.76224674259932,11
2069195,9.992574136587134,1
2069205,9.822830518117708,10
2069216,9.771206180522988,11
2069220,9.933491508288952,4
2069231,9.793013577618002,11
2069248,9.617216718759876,17
2069265,9.613163141347425,17
2069279,9.712316448440303,14
2069295,9.651514247144155,16
2069305,9.633440948949703,10
2069312,9.886796012127794,7
2069329,9.61198445732605,17
2069335,9.913638774084264,6
2069345,9.795970952782492,10
2069361,9.332630031651881,16
2069369,9.83830102359151,8
2069378,9.531416888764252,9
2069384,9.578786648605336,6
2069391,9.880637519323543,7
2069395,9.95092521893476,4
2069396,10.0,1
2069398,9.97634829869944,2
2069411,9.744456386713187,13
2069421,9.81096285378576,10
2069432,9.802693244170364,11
2069433,10.0,1
2069437,9.939970435293025,4
2069460,9.546900367703083,23
2069471,9.79036766120774,11
2069484,9.792940236493248,13
2069493,9.815232799084544,9
2069501,9.842900176564058,8
2069506,9.926863255565225,5
2069530,9.53912113087245,24
2069537,9.852505222963538,7
2069559,9.49865226123608,22
2069560,9.988875094343623,1
2069574,9.126564310116631,14
2069582,9.860825509303272,8
2069583,9.989149093936796,1
2069594,9.737946215467565,11
2069602,9.838909479140433,8
2069626,9.429583741870868,24
2069632,9.872308245602794,6
2069643,9.784306863455326,11
2069661,9.676432117641795,18
2069688,9.522463454217217,27
2069699,9.722987727328693,11
2069710,9.728561856410982,11
2069722,9.728856061577112,12
2069736,9.727128539680146,14
2069739,9.95713478991678,3
2069744,9.900033671873828,5
2069755,9.767189122748649,11
2069767,9.74425921274581,12
2069776,9.837080916666633,9
2069786,9.802789568153697,10
2069791,9.93219751612447,5
2069798,9.853785732944052,7
2069805,9.654407171305602,7
2069811,9.903676724648946,6
2069821,9.79280178996128,10
2069830,9.822583962132168,9
2069849,9.571422758403013,19
2069856,9.87554622738757,7
2069867,9.776902928508985,11
2069882,9.659094134526466,15
2069897,9.678440797947752,15
2069906,9.806387146471268,9
2069914,9.849263224096692,8
2069926,9.730201601799475,12
2069935,9.835706308478423,9
2069946,9.770861043816103,11
2069953,9.87789094339598,7
2069960,9.877992364758452,7
2069966,9.910465186227494,6
2069977,9.787293323032431,11
2069985,9.84003582774218,8
2069991,9.876105491271518,6
2070001,9.829147461626786,10
2070015,9.739192756179019,14
2070019,9.94953863271725,4
2070034,9.704330885130167,15
2070046,9.548438127098695,12
2070047,10.0,1
2070048,10.0,1
2070060,9.794601983277033,12
2070075,9.605304698099193,15
2070084,9.630496398921082,9
2070089,9.803022931525863,5
2070092,9.952033018346446,3
2070102,9.791720705339658,10
2070108,9.887054896319595,6
2070119,9.375949716173832,11
2070128,9.834996139335757,9
2070144,9.725295621671236,16
2070155,9.779469170206141,11
2070156,9.99155874915048,1
2070157,10.0,1
2070162,9.915136670899793,5
2070169,9.661691837529252,7
2070186,9.62629621065552,17
2070193,9.878423143537406,7
2070203,9.797921286689148,10
2070204,10.0,1
2070210,9.882627895586973,6
2070229,9.553349651872214,19
2070232,9.95314778927449,3
2070238,9.881165247263164,6
2070239,10.0,1
2070242,9.966522300150121,3
2070254,9.756311675383229,12
2070260,9.890467059801239,6
2070270,9.79158188654058,10
2070282,9.76766416141023,12
2070302,9.529567102812043,20
2070314,9.77995905741537,12
2070319,9.909704750216354,5
2070320,10.0,1
2070332,9.756431533709119,12
2070343,9.849704844760218,11
2070355,9.733259801880038,12
2070369,9.696160557220287,14
2070376,9.900756856192285,7
2070382,9.890297000994453,6
2070392,9.77770703534292,10
2070393,10.0,1
2070399,9.899691711385302,6
2070414,9.629576538689529,15
2070421,9.876478849278117,7
2070430,9.85994673867866,9
2070447,9.687458845062908,17
2070450,9.96281359574494,3
2070456,9.908170133025783,6
2070467,9.793168795407436,11
2070480,9.729619146865282,13
2070491,9.780645701603598,11
2070518,9.459661671350352,27
2070528,9.790452884215494,10
2070545,9.634923516450797,17
2070559,9.660247139248542,14
2070569,9.830876051435398,10
2070573,9.947556437268522,4
2070578,9.917149243947135,5
2070595,9.676093706820538,17
2070601,9.908551620364735,6
2070627,9.204221382519417,26
2070634,9.89087228060886,7
2070640,8.92488794729422,6
2070641,9.988578159286883,1
2070642,10.0,1
2070653,9.788690544514692,11
2070668,9.636225950334703,15
2070681,9.708122731459214,13
2070687,9.884019776958494,6
2070696,9.807237518521449,9
2070708,9.77336733596082,12
2070715,9.863867512342878,7
2070728,9.776263484468037,13
2070732,9.444336507464731,4
2070747,9.666252701106423,15
2070758,9.764396911564534,11
2070762,9.936029391327521,4
2070772,9.778546149166656,10
2070779,9.865304492892994,7
2070789,9.788029745915058,10
2070790,9.992434762215249,1
2070797,9.852095992324708,7
2070804,9.558870631549082,7
2070816,9.757391274269908,12
2070817,9.991642729962999,1
2070829,9.810642951721375,12
2070836,9.86968198424568,7
2070865,9.42839264700461,29
2070881,9.702159757880022,16
2070887,9.888122921013887,6
2070898,9.77166735255545,11
2070908,9.774440397194518,10
2070917,9.821175304468404,9
2070934,9.594418033108703,17
2070939,9.91207259282613,5
2070960,9.488203456526879,21
2070964,9.927826003869114,4
2070967,9.961412275311703,3
2070976,9.836487538087242,9
2070989,9.701132919132124,13
2071001,9.74541169503229,12
2071008,9.861683649792049,7
2071021,9.708075029348214,13
2071025,9.926136256630182,4
2071036,9.753235781270979,11
2071044,9.84630552770823,8
2071056,9.752603888284167,12
2071063,9.89373710585369,7
2071082,9.548887173469259,19
2071095,9.731954217925269,13
2071102,9.880746607613617,7
2071115,9.723036181186862,13
2071124,9.811668853845928,9
2071135,9.808717572855539,11
2071143,9.822343707286848,8
2071144,10.0,1
2071145,10.0,1
2071153,9.841296238357863,8
2071158,9.903552321225476,5
2071168,9.824479358026412,10
2071195,9.303836733218738,27
2071207,9.726826744255835,12
2071222,9.64321038689098,15
2071234,9.715032717253289,12
2071237,9.968891542167922,3
2071242,9.899156056804243,5
2071257,9.742355256164313,15
2071270,9.681453711872813,13
2071283,9.699372412228142,13
2071284,10.0,1
2071306,9.500809313887872,22
2071336,9.288956604130501,30
2071346,9.787261317402795,10
2071363,9.61073540597718,17
2071374,9.74782385430327,11
2071375,10.0,1
2071388,9.722770078830038,13
2071393,9.919026462999787,5
2071400,9.886198034568286,7
2071421,9.294154890343933,21
2071435,9.700683132292115,14
2071438,9.953921169157763,3
2071462,9.411363617677617,24
2071463,9.993032782617094,1
2071468,9.922148921472601,5
2071475,9.86326827270356,7
2071476,10.0,1
2071479,9.955036015333791,3
2071490,9.77634458141759,11
2071491,10.0,1
2071498,9.891510934827746,7
2071513,9.742373600455494,15
2071521,9.846102039048963,8
2071532,9.753417477843817,11
2071533,9.99617249930331,1
2071540,9.847616610429192,7
2071554,9.691274462626698,14
2071555,10.0,1
2071561,9.877197516415025,6
2071580,9.588205849921929,19
2071587,9.861089578395523,7
2071592,9.909155993665559,5
2071599,9.867119414765025,7
2071600,10.0,1
2071603,9.968776025862399,3
2071609,9.89181812799299,6
2071610,10.0,1
2071625,9.681722489547406,15
2071630,9.935717869650171,5
2071636,9.901561542883108,6
2071641,9.923521705128552,5
2071652,9.748195110235255,11
2071676,9.491138449503822,24
2071685,9.831762785471069,9
2071697,9.744047182528172,12
2071698,10.0,1
2071709,9.788734948449294,11
2071729,9.289770406681354,20
2071736,9.867914389761625,7
2071746,9.775341546403766,10
2071756,9.726902765812214,10
2071767,9.78819589030509,11
2071775,9.845842509857839,8
2071784,9.813213947547483,9
2071791,9.88333398902639,7
2071796,9.902775094597608,5
2071804,9.632919036013487,8
2071811,9.862177481717264,7
2071817,9.909066247718918,6
2071824,9.876883126792606,7
2071836,9.758477286375435,12
2071843,9.865158484739526,7
2071844,10.0,1
2071855,9.780525042549915,11
2071866,9.759676856424084,11
2071868,9.985711993721544,2
2071870,9.98268196005501,2
2071876,9.92315209203256,6
2071883,9.872525945464615,7
2071891,9.857441876985558,8
2071893,9.972529588265894,2
2071906,9.713384144422307,13
2071913,9.88235019993603,7
2071925,9.754139707468012,12
2071937,9.746159409124061,12
2071942,9.90362450158411,5
2071950,9.849232914680684,8
2071953,9.955687503452616,3
2071965,9.76193706609421,12
2071976,9.785179909133424,11
2071984,9.852824529324225,8
2071989,9.932170908096458,5
2071994,9.913028205138527,5
2072008,9.704930908878666,14
2072018,9.722833436932174,10
2072029,9.779391521630611,11
2072039,9.811520419825534,10
2072042,9.952300853952122,3
2072056,9.746315086381573,14
2072057,10.0,1
2072067,9.789095023447473,10
2072078,9.767059370917165,11
2072090,9.723978231741734,12
2072102,9.713233920809623,12
2072110,9.856763073993054,8
2072119,9.810428689777114,9
2072123,9.932525318094493,4
2072124,10.0,1
2072129,9.925169014300357,5
2072137,9.841018862973325,8
2072145,9.668839895999001,8
2072152,9.68646261365543,7
2072157,9.925911359445768,5
2072166,9.817373632998905,9
2072192,9.464019902205427,26
2072203,9.794107143188276,11
2072206,9.962651817691823,3
2072209,9.961057252395323,3
2072217,9.823785922616652,8
2072228,9.763333681076219,11
2072246,9.623007764801846,18
2072253,9.854363726051082,7
2072268,9.690705131477474,15
2072280,9.739926021341397,12
2072289,9.804687674415987,9
2072301,9.74109205055163,12
2072306,9.925989180386622,5
2072311,9.908405145612972,5
2072331,9.515182543446532,20
2072345,9.677148358064068,14
2072356,9.79264483450043,11
2072357,10.0,1
2072372,9.68161711132715,15
2072373,10.0,1
2072384,9.773337379801486,11
2072394,9.79915123933851,10
2072405,9.788907986109976,11
2072406,9.98873061774653,1
2072418,9.717867460686518,12
2072423,9.916502339626325,5
2072424,10.0,1
2072425,10.0,1
2072428,9.96372576747461,3
2072438,9.771877878638533,10
2072460,9.582622555953925,22
2072474,9.684141710056242,14
2072478,9.928697758857178,4
2072494,9.648377255555246,16
2072506,9.718248732114983,12
2072522,9.701205539329488,16
2072535,9.720920108220378,13
2072547,9.753497603730722,12
2072548,9.989608722449297,1
2072561,9.740264914676441,13
2072579,9.646745478993628,18
2072593,9.712785833618877,14
2072606,9.789938974552774,13
2072609,9.957280132394894,3
2072613,9.942215152076374,4
2072625,9.78648230291634,12
2072752,7.679665260055504,127
2072762,9.804703299339831,10
2072772,9.782522819601331,10
2072782,9.828818262574645,10
2072790,9.872288551853034,8
2072800,9.827297256346665,10
2072809,9.855106306307478,9
2072822,9.7341950147504,13
2072827,9.924211297016253,5
2072836,9.821976441936288,9
2072841,9.906917399284286,5
2072853,9.77135382860622,12
2072861,9.860020528003563,8
2072867,9.909623500499336,6
2072874,9.888629217026748,7
2072887,9.711904156273375,13
2072901,9.679637936437407,14
2072902,9.99582240140091,1
2072903,10.0,1
2072920,9.617148763759342,17
2072930,9.817015164888366,10
2072961,9.428072842908781,31
2072970,9.794269013399234,9
2072989,9.621117181330877,19
2072996,9.885258383160886,7
2073010,9.732125782791844,14
2073022,9.733373608595107,12
2073033,9.770651494770938,11
2073035,9.975934190905381,2
2073050,9.687365132786768,15
2073061,9.807413729341288,11
2073070,9.81646555297923,9
2073081,9.753775323549297,11
2073087,9.881879239638078,6
2073094,9.897130781038038,7
2073119,9.527417212425052,25
2073124,9.906217169427913,5
2073135,9.791936153917362,11
2073146,9.80941847270936,11
2073188,9.17406691751279,42
2073192,9.939400783250903,4
2073205,9.733721122708593,13
2073212,9.865199533008903,7
2073226,9.734018567554024,14
2073231,9.91211434809813,5
2073241,9.803231963309226,10
2073259,9.609928346949044,18
2073271,9.7611125213556,12
2073291,9.664848323029554,20
2073299,9.812163394650122,8
2073308,9.810566801138446,9
2073317,9.843151869634633,9
2073332,9.704759321527114,15
2073334,9.982873660098024,2
2073344,9.778250181258354,10
2073353,9.847749220776922,9
2073359,9.901553570409694,6
2073374,9.648235053324225,15
2073387,9.719510019232155,13
2073389,9.975516846989994,2
2073401,9.756710664863531,12
2073402,9.996740825027791,1
2073403,9.988089221830542,1
2073405,9.9730578588631,2
2073419,9.694312209823162,14
2073431,9.725343218870204,12
2073440,9.805698312894975,9
2073449,9.813517257517693,9
2073450,10.0,1
2073458,9.837877601821303,8
2073459,10.0,1
2073462,9.948037095531435,3
2073467,9.908885274646456,5
2073470,9.957838857297206,3
2073476,9.892952541769871,6
2073484,9.859300137653811,8
2073488,9.93609453103653,4
2073507,9.611672057571923,19
2073520,9.738528000966946,13
2073531,9.78126405055541,11
2073543,9.37199746079298,12
2073549,9.904215914835868,6
2073559,9.318078501647484,10
2073568,9.813693728528413,9
2073577,9.836215630394975,9
2073578,10.0,1
2073585,9.850088920019981,7
2073590,9.919660129791234,5
2073599,9.851252165642775,9
2073608,9.840686489224936,9
2073617,9.832750077777744,9
2073624,9.858927201698965,7
2073638,9.732899909585253,14
2073641,9.966550914619496,3
2073648,9.862989566835605,7
2073655,9.85267481860698,7
2073667,9.648438895859163,12
2073677,9.783574350805612,10
2073683,9.906458924453359,6
2073692,9.830384059299355,9
2073699,9.857543179545097,7
2073705,9.88718536579399,6
2073719,9.664688511470148,14
2073732,9.718607745397914,13
2073742,9.775734112264516,10
2073758,9.622988260753557,16
2073799,2.435887105453639,41
2073809,9.790248849397653,10
2073817,9.830795961546533,8
2073829,9.747492331239062,12
2073832,9.958474430698788,3
2073847,9.655895355068925,15
2073848,10.0,1
2073851,9.958530567140151,3
2073857,9.897109403584782,6
2073880,9.547278344342566,23
2073887,9.86088681622417,7
2073896,9.84198953051343,9
2073907,9.768392023535574,11
2073921,9.690898061214556,14
2073932,9.75670125569337,11
2073949,9.62055456102259,17
2073962,9.720857236639034,13
2073976,9.728682416436357,14
2073981,9.93392156392788,5
2073990,9.796883832353645,9
2074005,9.675313342283467,15
2074006,10.0,1
2074010,9.937594261325614,4
2074022,9.743754995561314,12
2074029,9.879741417779382,7
2074036,9.871619691770086,7
2074055,9.623456269648969,19
2074059,9.949239088653538,4
2074069,9.797933551665157,10
2074086,9.617201800902622,17
2074089,9.953717698514597,3
2074099,9.806895695601453,10
2074100,10.0,1
2074105,9.926296653970239,5
2074150,8.958333268347985,45
2074151,10.0,1
2074152,10.0,1
2074166,9.708947605309374,14
2074173,9.886996670996385,7
2074190,9.584342835979921,17
2074191,10.0,1
2074192,10.0,1
2074208,9.64787310903531,16
2074223,9.743293061953262,15
2074233,9.825381262057652,10
2074234,10.0,1
2074239,9.92523605625293,5
2074240,10.0,1
2074248,9.855225248523697,8
2074253,9.908326750556096,5
2074257,9.941907127154343,4
2074267,9.837058095880892,10
2074280,9.707114428642798,13
2074288,9.830979972747407,8
2074296,9.864165912965058,8
2074306,9.782045730530486,10
2074322,9.697269500764133,16
2074323,10.0,1
2074327,9.944781699253904,4
2074338,9.772082355860887,11
2074339,10.0,1
2074357,9.58970957396827,18
2074361,9.930567417632258,4
2074374,9.700035685655545,13
2074375,10.0,1
2074392,9.63248737256482,17
2074408,9.566003745228802,16
2074419,9.75913255033414,11
2074423,9.955796633210843,4
2074428,9.934804395003527,5
2074435,9.860450255426104,7
2074451,9.666414232385069,16
2074505,-7.553350132244104,54
2074518,9.731199338235344,13
2074531,9.7188521690018,13
2074544,9.723652283318764,13
2074546,9.975125908916667,2
2074561,9.650108427180214,15
2074562,10.0,1
2074567,9.908664390896528,5
2074574,9.88240910035107,7
2074578,9.93351796565077,4
2074596,9.59173738528207,18
2074604,9.838879246464236,8
2074612,9.824640698744089,8
2074623,9.77219329741603,11
2074627,9.927441318521474,4
2074644,9.567157336896903,17
2074649,9.928387010643727,5
2074662,9.704615940954252,13
2074668,9.906426085393987,6
2074683,9.576838542678665,15
2074684,10.0,1
2074709,9.465233968701337,25
2074719,9.768018456375824,10
2074732,9.742244168600037,13
2074733,10.0,1
2074746,9.727483539748633,13
2074755,9.827358275793326,9
2074765,9.825964605869428,10
2074771,9.904736141345687,6
2074776,9.922400795779048,5
2074781,9.921214657065072,5
2074782,10.0,1
2074783,9.996495136615607,1
2074792,9.802009404677587,9
2074794,9.983369214151804,2
2074805,9.759945253776213,11
2074811,9.880961677882329,6
2074813,9.974920109443865,2
2074815,9.980193161762935,2
2074824,9.836903073206747,9
2074840,9.675174005845655,16
2074852,9.77024057802446,12
2074862,9.795825010299422,10
2074872,9.70372780196353,10
2074875,9.954815729218423,3
2074878,9.960689265874516,3
2074879,10.0,1
2074894,9.659412311324225,15
2074930,9.024617568180751,36
2074940,9.798808964777953,10
2074950,9.774599743560964,10
2074963,9.710782785810341,13
2074969,9.906656876026643,6
2074979,9.822728313577528,10
2074980,9.996611570900066,1
2074987,9.862005873644497,7
2074996,9.80498949584843,9
2075010,9.694658909303207,14
2075016,9.894231608164427,6
2075017,10.0,1
2075023,9.89655704364866,6
2075031,9.83510749689499,8
2075054,9.58671726925182,23
2075066,9.81536332669594,12
2075079,9.711596835034017,13
2075089,9.80378834037655,10
2075100,9.765490027990795,11
2075113,9.716146563492988,13
2075120,9.876783654078308,7
2075133,9.69479349548642,13
2075146,9.715230174611863,13
2075154,9.863508971456618,8
2075166,9.798899475333721,12
2075168,9.979034634935978,2
2075171,9.967019863745172,3
2075172,10.0,1
2075189,9.57555044073613,17
2075205,9.629913577655307,16
2075206,10.0,1
2075215,9.828790437943397,9
2075235,9.539397338097816,20
2075241,9.906685250783866,6
2075242,10.0,1
2075247,9.934751360087304,5
2075265,9.593834384953668,18
2075269,9.945505600068893,4
2075281,9.75205722028578,12
2075290,9.84499734542867,9
2075301,9.753761763809306,11
2075311,9.794065223946136,10
2075312,9.9885742779483,1
2075314,9.986132174855767,2
2075324,9.796362971686483,10
2075331,9.872531973031009,7
2075340,9.86397139918914,9
2075353,9.714845985761896,13
2075853,-17.45232115565502,500
2075863,9.794663538844835,10
2075876,9.73252084191427,13
2075884,9.86803237092529,8
2075899,9.69695548350738,15
2075900,10.0,1
2075909,9.844176129339038,9
2075919,9.808607794498094,10
2075940,9.419011387208522,21
2075947,9.877637088644114,7
2075954,9.867848273403904,7
2075955,10.0,1
2075959,9.939665837612887,4
2075965,9.899278838823024,6
2075972,9.858863830783575,7
2075986,9.693821080467888,14
2075994,9.840140462608728,8
2076003,9.836176997988268,9
2076019,9.629006879302684,16
2076031,9.737146309532552,12
2076043,9.733701852872347,12
2076048,9.90283217941446,5
2076058,9.806513937098044,10
2076059,10.0,1
2076069,9.786620197670809,10
2076077,9.838514991283933,8
2076078,9.995796088772876,1
2076096,9.572019826218032,18
2076114,9.634190121886695,18
2076124,9.817614648667577,10
2076137,9.77081193594315,13
2076140,9.951333100291194,3
2076148,9.86013382225281,8
2076160,9.731013145584416,12
2076168,9.861304957243318,8
2076187,9.562425005384338,19
2076191,9.93778497031289,4
2076205,9.59136066086278,14
2076209,9.931520137186245,4
2076218,9.798405281481987,9
2076231,9.710876819266518,13
2076248,9.409534754647861,17
2076257,9.818357524612924,9
2076265,9.865927656788534,8
2076281,9.634326864707639,16
2076282,10.0,1
2076285,9.964839061359944,3
2076286,10.0,1
2076287,9.989428618639245,1
2076289,9.983213295375597,2
2076297,9.85223673038314,8
2076308,9.803779588224437,11
2076309,10.0,1
2076318,9.80805109674698,9
2076319,10.0,1
2076324,9.928140006467718,5
2076334,9.796560489867433,10
2076348,9.692058454461943,14
2076368,9.550835012842256,20
2076383,9.70230241462963,15
2076392,9.84498262838334,9
2076401,9.837437670917657,9
2076417,9.60504698358051,16
2076427,9.786054101408364,10
2076440,9.710702502498602,13
2076441,9.992514165707322,1
2076453,9.777988037191852,12
2076463,9.775499153739466,10
2076470,9.882818667361551,7
2076477,9.87527530959071,7
2076492,9.642295471502539,15
2076499,9.87760445904373,7
2076502,9.965603412842292,3
2076512,9.857528299491223,10
2076520,9.845783982426676,8
2076541,9.49203967955734,21
2076548,9.89716805805801,7
2076552,9.938308592205361,4
2076554,9.981698086385313,2
2076560,9.886519285033588,6
2076561,10.0,1
2076565,9.937718409725784,4
2076587,9.575028988598651,22
2076598,9.774751706174982,11
2076606,9.850783225527863,8
2076617,9.77517965112038,11
2076624,9.87742224512422,7
2076625,9.996197211413994,1
2076631,9.891241736651954,6
2076643,9.726067844550288,12
2076652,9.81631944302078,9
2076657,9.924086423080553,5
2076663,9.907192704551955,6
2076676,9.711519498733752,13
2076687,9.761751438165298,11
2076693,9.906895428534238,6
2076706,9.721622145320877,13
2076707,10.0,1
2076713,9.889515687035525,6
2076723,9.784249645564884,10
2076731,9.851199407069785,8
2076732,10.0,1
2076738,9.919996723770533,6
2076745,9.853600823362685,7
2076757,9.732087073286424,12
2076766,9.820540844425771,9
2076774,9.868386361393803,8
2076781,9.886920212659797,7
2076788,9.862789082964436,7
2076791,9.960390081254332,3
2076806,9.72860731410221,15
2076809,9.958226869871343,3
2076822,9.762555605573302,13
2076833,9.742443471581579,11
2076840,9.869195525880457,7
2076866,9.347370432876783,26
2076881,9.722197112371418,15
2076889,9.851143102964471,8
2076898,9.858276647971644,9
2076914,9.698802321726879,16
2076922,9.8387925774633,8
2076932,9.802313295874118,10
2076938,9.903290835744505,6
2076949,9.78997962860392,11
2076950,10.0,1
2076976,9.365858120479004,26
2076985,9.80676081023679,9
2076991,9.897648963704118,6
2076999,9.864342423252236,8
2077002,9.965851011975223,3
2077024,9.509322841540564,22
2077036,9.808110482360878,12
2077037,10.0,1
2077059,9.430015646440973,22
2077068,9.792932822907561,9
2077069,9.987943019126728,1
2077075,9.879408888978961,6
2077083,9.839297320671843,8
2077095,9.642624103270258,12
2077104,9.846612451374462,9
2077114,9.803023376307147,10
2077126,9.752444717922206,12
2077138,9.777754745377944,12
2077144,9.903323301620667,6
2077151,9.871830379673167,7
2077167,9.65457564802102,16
2077181,9.094473351061783,14
2077189,9.862586863053291,8
2077196,9.872398332233129,7
2077204,9.850172507115234,8
2077228,8.64997723254102,24
2077236,9.842902999779996,8
2077241,9.902981251794282,5
2077256,9.670925976864913,15
2077267,9.781461132429806,11
2077282,9.66957502695689,15
2077283,10.0,1
2077306,9.550577906967424,23
2077318,9.734811285229112,12
2077322,9.937831087788455,4
2077338,9.689802001123509,16
2077346,9.86268377599352,8
2077353,9.871035255546802,7
2077372,9.633016626338453,19
2077383,9.745190898809952,11
2077390,9.894413050388863,7
2077398,9.844871656861633,8
2077417,9.560594521250424,19
2077426,9.856116582352431,9
2077430,9.934908354935747,4
2077443,9.722750013542003,13
2077446,9.952367163444134,3
2077453,9.882073277253165,7
2077469,9.718618266229859,16
2077473,9.924570203054607,4
2077474,10.0,1
2077492,9.681699042739536,18
2077504,9.752918941156834,12
2077505,10.0,1
2077517,9.747981340041047,12
2077518,10.0,1
2077527,9.80697451257744,9
2077541,9.701943935558397,14
2077542,10.0,1
2077550,9.838610071058739,8
2077556,9.908481361662941,6
2077561,9.914038728711262,5
2077566,9.92289335927122,5
2077577,9.753568187685199,11
2077587,9.800792865693396,10
2077592,9.934002861453806,5
2077601,9.831403294110071,9
2077613,9.765495977897503,12
2077618,9.92479423152647,5
2077628,9.765388695430143,10
2077630,9.976180345473134,2
2077632,9.977193012011952,2
2077641,9.802539110252338,9
2077652,9.778810039192917,11
2077666,9.496554705347169,14
2077678,9.714883578099629,12
2077684,9.905512889490643,6
2077694,9.825239324016637,10
2077707,9.769788732970126,13
2077718,9.758106905430482,11
2077728,9.782063349465506,10
2077735,9.874622022350344,7
2077748,9.746879720954915,13
2077757,9.822092334473828,9
2077765,9.857929456007373,8
2077766,10.0,1
2077772,9.916076999727363,6
2077777,9.920775854107564,5
2077788,9.75430091486627,11
2077806,9.557322383238683,18
2077815,9.840010886155188,9
2077820,9.90296419153994,5
2077824,9.93934629637542,4
2077833,9.612088104230233,9
2077844,9.748084928515139,11
2077855,9.784219316770304,11
2077862,9.888534742741907,7
2077878,9.636408687640904,16
2077882,9.940638241904805,4
2077885,9.964462230399734,3
2077893,9.86682548901427,8
2077902,9.805989026310181,9
2077911,9.821375839220483,9
2077923,9.730720516634957,12
2077926,9.960755058331925,3
2077933,9.866521727517043,7
2077951,9.622299895357024,18
2077972,9.490548359065833,21
2077983,9.765341080653895,11
2077994,9.762883525396976,11
2078001,9.861003857564171,7
2078017,9.285325366871607,16
2078040,9.370224090560573,23
2078054,9.732317421985986,14
2078059,9.901014647898332,5
2078074,9.662750024763948,15
2078080,9.88682701041192,6
2078089,9.791079485548458,9
2078107,9.617165651517546,18
2078116,9.82501355195313,9
2078117,10.0,1
2078129,9.765661021777543,12
2078142,9.71264870775037,13
2078151,9.798900395996874,9
2078160,9.813739704937893,9
2078166,9.889010239935653,6
2078177,9.74873587510435,11
2078188,9.769761555519377,11
2078202,9.668587464623629,14
2078203,9.99226496316936,1
2078221,9.609415226100896,18
2078227,9.902587903941507,6
2078228,10.0,1
2078229,10.0,1
2078236,9.865135463954749,7
2078246,9.805602416599775,10
2078253,9.874075628643412,7
2078256,9.956755528577764,3
2078264,9.847545777872176,8
2078276,9.781736523459484,12
2078285,9.850999875996084,9
2078298,9.699004531754163,13
2078304,9.911076317558429,6
2078313,9.81552966007568,9
2078327,9.731818311039737,14
2078337,9.770749097385808,10
2078350,9.67828089977372,13
2078354,9.934981627974327,4
2078357,9.955251986746937,3
2078363,9.887134553043284,6
2078370,9.875456012517455,7
2078374,9.939113026225694,4
2078380,9.90198999063003,6
2078383,9.95341523095155,3
2078387,9.939527188833361,4
2078399,9.809206362897267,12
2078413,9.66283086330439,14
2078424,9.739417873783882,11
2078443,9.244225359467308,19
2078455,9.74502350208665,12
2078456,10.0,1
2078467,9.562586931974328,11
2078481,9.679557481873458,14
2078491,9.794278780806527,10
2078519,9.35176094224303,28
2078529,9.791112901065274,10
2078536,9.863122925440072,7
2078546,9.825190698399213,10
2078552,9.893117446176053,6
2078563,9.816153010902012,11
2078579,9.621358085947714,16
2078582,9.945910378353028,3
2078583,10.0,1
2078584,9.99633491026124,1
2078588,9.935800024046685,4
2078604,9.628956880892062,16
2078614,9.789079143401393,10
2078626,9.731137192249083,12
2078641,9.670780693996116,15
2078655,9.669790743013124,14
2078674,9.557167174788733,19
2078678,9.948175164225962,4
2078688,9.79251310544584,10
2078697,9.802282149950914,9
2078713,9.643438504569342,16
2078733,9.543999614442022,20
2078744,9.748958581401796,11
2078750,9.883235193343905,6
2078756,9.89518572936907,6
2078765,9.799655677621294,9
2078773,9.839746695228683,8
2078774,10.0,1
2078778,9.93926106053552,4
2078783,9.8983706292736,5
2078789,9.892056951320509,6
2078790,10.0,1
2078795,9.93557109229969,5
2078802,9.869030633524229,7
2078828,9.51260024598221,26
2078843,9.661351755030575,15
2078847,9.92847397540779,4
2078853,9.896497795550314,6
2078864,9.805836777599275,11
2078876,9.765213792608398,12
2078888,9.765396309331933,12
2078900,9.788714669643754,12
2078904,9.930240388575355,4
2078919,9.680868591508519,15
2078931,9.737494857357667,12
2078942,9.767289603916273,11
2078950,9.847092877961437,8
2078954,9.927787386197446,4
2078959,9.906580701605865,5
2078960,9.996591066692142,1
2078962,9.974184076736076,2
2078974,9.747495560263298,12
2078985,9.752080924130183,11
2078994,9.83958434242261,9
2079000,9.901271634359384,6
2079017,9.443224208587727,17
2079032,9.619772778782412,15
2079045,9.716241316422215,13
2079053,9.84445154284692,8
2079058,9.920838486793341,5
2079061,9.963474072971213,3
2079070,9.806131430022077,9
2079082,9.767835357007137,12
2079083,10.0,1
2079096,9.726415630684665,13
2079107,9.655960609879294,11
2079108,10.0,1
2079114,9.909676823565622,6
2079135,9.557473778235472,21
2079140,9.901985805791162,5
2079145,9.9239489415311,5
2079153,9.849357639302127,8
2079158,9.911404791134348,5
2079169,9.760638735333824,11
2079186,9.624437171279554,17
2079203,9.607413840475514,17
2079210,9.865242218613558,7
2079223,9.729562239136314,13
2079231,9.819877762327854,8
2079239,9.44292502903101,8
2079246,9.869991833539865,7
2079247,9.992925211584652,1
2079252,9.939531734139466,5
2079262,9.782892268395809,10
2079263,10.0,1
2079269,9.882533767815863,6
2079279,9.796826502618327,10
2079289,9.806946114316009,10
2079293,9.945751780253511,4
2079306,9.628993113171848,13
2079313,9.856964317498795,7
2079325,9.78300474117373,12
2079338,9.75142222566313,13
2079353,9.644966155820418,15
2079366,9.713464284810879,13
2079367,10.0,1
2079372,9.9190445476758,5
2079382,9.78441745958236,10
2079383,9.990263817932313,1
2079393,9.824160397369614,10
2079402,9.83256259308375,9
2079420,9.604992727576114,18
2079433,9.715284975081012,13
2079436,9.95498906272231,3
2079455,9.56284398203887,19
2079456,10.0,1
2079462,9.898695559607793,6
2079470,9.857791134361033,8
2079483,9.719456115157811,13
2079499,9.651576123562878,16
2079505,9.89719773994988,6
2079506,9.987739813806842,1
2079511,9.91186147356997,5
2079522,9.767329607911423,11
2079528,9.906905435042624,6
2079540,9.76089431073316,12
2079579,9.288869871057276,39
2079584,9.60600870867425,5
2079593,9.854842708978952,9
2079601,9.892924112403731,8
2079610,9.840854730118359,9
2079623,9.713263623480355,13
2079641,9.56506319837454,18
2079664,9.565913987191426,23
2079668,9.95526244451613,4
2079679,9.769871078460305,11
2079681,9.974638078973452,2
2079683,9.977494180945094,2
2079694,9.772686100948224,11
2079709,9.731709723281325,15
2079716,9.852874074940043,7
2079721,9.938297312161332,5
2079728,9.890969012400593,7
2079743,9.66015480601705,15
2079753,9.806573645876016,10
2079754,10.0,1
2079769,9.64935477283479,15
2079788,9.694121703889186,19
2079798,9.78675091788728,10
2079802,9.932935356737023,4
2079808,9.912063355248828,6
2079810,9.971796155824071,2
2079820,9.776084280932341,10
2079831,9.367469645864231,11
2079834,9.96314247614547,3
2079843,9.824987683956147,9
2079860,9.62383662215442,17
2079865,9.924923932759546,5
2079874,9.817487454983029,9
2079883,9.834283614919629,9
2079885,9.984131025654866,2
2079891,9.896100704626837,6
2079901,9.782190020625881,10
2079906,9.926290055517894,5
2079917,9.76027010437095,11
2079925,9.850643857403188,8
2079937,9.758324109149255,12
2079949,9.731340648898051,12
2079950,10.0,1
2079964,9.693577891437922,14
2079973,9.827954239998915,9
2079985,9.712981697525588,12
2079995,9.806137657277363,10
2080004,9.790516509376218,9
2080013,9.827006457685357,9
2080020,9.782299876730065,7
2080027,9.876116102532974,7
2080046,9.660064113112082,19
2080047,10.0,1
2080049,9.985486057617024,2
2080050,10.0,1
2080061,9.777509376442989,11
2080068,9.87235794458311,7
2080073,9.933586230374274,5
2080074,10.0,1
2080086,9.634451867212746,12
2080087,9.99658345958019,1
2080103,9.63622439630717,16
2080121,9.627776902594878,18
2080132,9.770199764853569,11
2080143,9.759123121758115,11
2080153,9.818846049101579,10
2080154,9.996159053016802,1
2080157,9.955532694490731,3
2080172,9.763440251527204,15
2080179,9.877026356711266,7
2080186,9.860665453723717,7
2080199,9.710241994622422,13
2080212,9.783362026529643,13
2080218,9.894916036493957,6
2080226,9.836586180618294,8
2080241,9.649461089597487,15
2080251,9.811660447506894,10
2080268,9.600904442516613,17
2080272,9.950662019405854,4
2080283,9.82639948388159,11
2080301,9.428935921600656,18
2080302,10.0,1
2080321,9.20632642697686,19
2080335,9.308709201317841,14
2080350,9.679555683547216,15
2080364,9.753404731668136,14
2080365,10.0,1
2080377,9.473335526759973,12
2080383,9.871684584314133,6
2080389,9.909647658228982,6
2080396,9.859386337257144,7
2080402,9.920612504901788,6
2080411,9.842297562521257,9
2080412,10.0,1
2080416,9.941475324688588,4
2080421,9.930624687418367,5
2080430,9.818189349257766,9
2080439,9.809153387037169,9
2080443,9.93160105558752,4
2080454,9.746450542038708,11
2080466,9.720633714827638,12
2080469,9.962372099941645,3
2080477,9.834568903311878,8
2080478,10.0,1
2080480,9.97189540008271,2
2080491,9.796461510301505,11
2080503,9.768719089065534,12
2080504,9.989362673081382,1
2080516,9.770414723220398,12
2080525,9.820547537093002,9
2080532,9.873527406129805,7
2080541,9.79971095989298,9
2080548,9.57768091977663,7
2080561,9.710429863807622,13
2080566,9.91603881591934,5
2080579,9.773432306418378,13
2080592,9.716123322754727,13
2080604,9.743420047408629,12
2080616,9.72765444805094,12
2080625,9.836716868173271,9
2080628,9.965461811256354,3
2080638,9.693401843293113,10
2080644,9.875405201714244,6
2080655,9.771723396743184,11
2080666,9.774001651666318,11
2080671,9.927294492529924,5
2080679,9.85262695780947,8
2080690,9.766089739573768,11
2080705,9.688328146084624,15
2080719,9.686618030016376,14
2080725,9.90886645746214,6
2080726,10.0,1
2080727,10.0,1
2080734,9.888755244793378,7
2080740,9.890397526143575,6
2080748,9.846258705850646,8
2080753,9.908034688311405,5
2080768,9.698754304965703,15
2080783,9.704709766519457,15
2080784,9.9890478184425,1
2080793,9.828031072030734,9
2080800,9.864659448180905,7
2080801,10.0,1
2080813,9.739501499180305,12
2080817,9.944100613908924,4
2080818,10.0,1
2080824,9.924696958933646,6
2080835,9.761748922483875,11
2080836,10.0,1
2080844,9.841762430736912,8
2080854,9.791241030659815,10
2080858,9.94247435365144,4
2080876,9.644263634136303,18
2080877,9.993142822878797,1
2080887,9.808342138566895,10
2080900,9.692197438143337,13
2080915,9.700351607277867,15
2080925,9.803894302423062,10
2080935,9.80326239806705,10
2080936,10.0,1
2080945,9.85599558193335,9
2080964,9.60008604931413,19
2080973,9.80227885297401,9
2080980,9.876848717476403,7
2080990,9.797149590143992,10
2081004,9.701308366653008,14
2081007,9.971497184116293,3
2081013,9.89069595418652,6
2081022,9.833497132119392,9
2081038,9.669246984151968,16
2081044,9.900283940427489,6
2081058,9.687115672986893,14
2081061,9.949879455422177,3
2081071,9.793870082879671,10
2081075,9.934903016428052,4
2081094,9.561775831197805,19
2081102,9.82296053426709,8
2081103,9.992162446278016,1
2081106,9.9661749884884,3
2081107,10.0,1
2081114,9.86221311240529,7
2081137,9.541021442254825,23
2081147,9.780834018394039,10
2081158,9.748510860966793,11
2081164,9.897190966300272,6
2081165,10.0,1
2081172,9.894777286195417,7
2081179,9.885062858659973,7
2081188,9.829977644975994,9
2081237,8.998037176697563,49
2081257,9.615869655449934,20
2081283,7.090101378780927,26
2081294,9.796918172240526,11
2081311,9.591521512905269,17
2081322,9.7824703304469,11
2081335,9.752468937063583,13
2081342,9.892652708251692,7
2081355,9.727317657463175,13
2081374,9.551716550498051,19
2081874,-15.640740877240713,500
2081877,9.96881081810569,3
2082377,-15.32085221128145,500
2082877,-14.347703965568112,500
2083377,-118.04825169008974,500
2083877,-37.939973690988275,500
2084377,-42.443712594322065,500
2084392,9.662085458086112,15
2084404,9.739046179182463,12
2084407,9.962568005121717,3
2084419,9.369178059573452,12
2084429,9.822871666372043,10
2084456,9.402473207896305,27
2084459,9.958699406123648,3
2084467,9.857271781543767,8
2084471,9.84303475301225,4
2084477,9.901195036337864,6
2084485,9.84950802580203,8
2084493,9.830641203700917,8
2084502,9.830947077056813,9
2084517,9.695794394368994,15
2084536,9.549357420087084,19
2084550,9.688393476819567,14
2084555,9.931418166290232,5
2084556,10.0,1
2084566,9.850743995570888,10
2084567,9.989650678086473,1
2084580,9.715041177208182,13
2084593,9.76443536886998,13
2084605,9.728125874718922,12
2084621,9.63410666053175,16
2084631,9.833784074453552,10
2084640,9.8335694443495,9
2084654,9.736513476767803,14
2084655,9.996566806160029,1
2084665,9.79837447401302,10
2084671,9.898441451776636,6
2084680,9.842531020657546,9
2084692,9.731488147836094,12
2084703,9.77063337538829,11
2084715,9.807544566647556,12
2084738,9.507874266344665,23
2084747,9.82838737947891,9
2084757,9.809129683973453,10
2084767,9.824120021228948,10
2084778,9.796511372339056,11
2084779,10.0,1
2084789,9.814609665640765,10
2084797,9.847918564332875,8
2084806,9.849870014328676,9
2084814,9.85508062871311,8
2084820,9.89889645743334,6
2084821,9.9890221884624,1
2084831,9.801372782608036,10
2084839,9.85218606847071,8
2084844,9.917634403858829,5
2084852,9.854808363334184,8
2084863,9.794366737764966,11
2084864,10.0,1
2084882,9.614846624359304,18
2084889,9.884945091567971,7
2084897,9.857519278717243,8
2084907,9.815114432558756,10
2084912,9.923891668671375,5
2084920,9.854932530355567,8
2084921,10.0,1
2084934,9.714072578569368,13
2084946,9.75751649605038,12
2084956,9.78413176519775,10
2084970,9.740108134659033,14
2084978,9.85738663289964,8
2084979,10.0,1
2084988,9.822668205288194,9
2085006,9.565326903830199,18
2085016,9.790560674776184,10
2085028,9.735099095484976,12
2085038,9.801894620508635,10
2085046,9.837395832835105,8
2085047,10.0,1
2085056,9.818293230160982,9
2085071,9.672252163682014,15
2085075,9.944695357123393,4
2085083,9.831627326354175,8
2085094,9.792122404785587,11
2085101,9.868866888117534,7
2085112,9.771516852113681,11
2085122,9.79522255373919,10
2085125,9.963494782417513,3
2085138,9.719150902563834,13
2085139,9.99693223784685,1
2085146,9.855444213862521,7
2085172,9.365052437413734,26
2085185,9.693935495137888,13
2085189,9.945046796686247,4
2085206,9.670704294087557,17
2085213,9.875949164564702,7
2085223,9.820270434095505,10
2085233,9.788304302373403,10
2085234,10.0,1
2085247,9.707764756050729,13
2085258,9.773502242124957,11
2085259,10.0,1
2085260,10.0,1
2085272,9.752321599762062,12
2085278,9.922321436624705,6
2085285,9.909846036122907,7
2085292,9.895202006732937,7
2085293,10.0,1
2085294,10.0,1
2085302,9.86627840505205,8
2085316,9.665044677602094,14
2085322,9.890885886814171,6
2085329,9.882154697964365,7
2085340,9.771494677166766,11
2085349,9.807329196931814,9
2085357,9.851575585061976,8
2085374,9.621249999110319,17
2085379,9.904986601519303,5
2085384,9.917413775907303,5
2085395,9.708355822275866,11
2085398,9.965099345029236,3
2085402,9.924354505168312,4
2085406,9.943440443939975,4
2085416,9.784810509160343,10
2085417,10.0,1
2085427,9.78940849134555,10
2085428,10.0,1
2085444,9.608635051863342,16
2085455,9.766538405650984,11
2085466,9.733298859579408,11
2085477,9.777025382135228,11
2085487,9.797583350920078,10
2085497,9.49605266267632,10
2085508,9.787366719758616,11
2085523,9.653136113165306,15
2085536,9.743019912390718,13
2085537,10.0,1
2085641,7.880176633053886,104
2085654,9.792655488900563,13
2085668,9.644742823246412,14
2085684,9.615708947718403,16
2085692,9.84002259604935,8
2085695,9.965043851436507,3
2085703,9.843818363810847,8
2085715,9.424798583349853,12
2085726,9.736340192229811,11
2085734,9.846533171046275,8
2085740,9.90401511093525,6
2085749,9.836027364862357,9
2085755,9.914102030705104,6
2085767,9.76467751320889,12
2085778,9.753596307261564,11
2085794,9.640964514355202,16
2085804,9.795521188762454,10
2085820,9.630149019653317,16
2085831,9.75575430953756,11
2085839,9.833722458560828,8
2085851,9.738248372030501,12
2085866,9.645099715879622,15
2085876,9.792691607366743,10
2085881,9.922941708374434,5
2085912,9.3182905747365,31
2085913,10.0,1
2085915,9.981964323721561,2
2085933,9.629762777337811,18
2085943,9.801338602037617,10
2085944,10.0,1
2085951,9.861986406380579,7
2085964,9.720665797959388,13
2085975,9.786958091930131,11
2085984,9.824383404363159,9
2086001,9.63571454953184,17
2086012,9.783975737007005,11
2086016,9.954665233160185,4
2086037,9.498529707265732,21
2086042,9.923403758280942,5
2086047,9.931867858680924,5
2086059,9.800512893255824,12
2086067,9.833153190032052,8
2086076,9.813892608678797,9
2086085,9.841607611236183,9
2086101,9.629392045427828,16
2086105,9.928837826089842,4
2086117,9.728749533489609,12
2086137,9.216046477909984,20
2086149,9.748543262234103,12
2086151,9.979155782650638,2
2086158,9.864132518828045,7
2086174,9.64592499297681,16
2086188,9.740994746752706,14
2086199,9.778429372362076,11
2086217,9.582307462218417,18
2086236,9.59415672746154,19
2086246,9.773722629556568,10
2086257,9.772229179706242,11
2086271,9.67189075872131,14
2086272,9.992359375808567,1
2086338,8.5555380174813,66
2086348,9.774689008480882,10
2086358,9.796091463654646,10
2086373,9.684104823963077,15
2086384,9.818988850776408,11
2086390,9.889503942633807,6
2086397,9.878103964245327,7
2086405,9.846386533050575,8
2086414,9.809444368474306,9
2086418,9.942484867086476,4
2086427,9.82729216566983,9
2086434,9.861868658562598,7
2086443,9.812344996886983,9
2086444,10.0,1
2086454,9.778246052298883,10
2086462,9.881156735907055,8
2086475,9.707609053963973,13
2086484,9.801449029245209,9
2086491,9.891258560814588,7
2086501,9.771410956987458,10
2086512,9.776330501627616,11
2086521,9.818955141349495,9
2086545,9.469361117034099,24
2086549,9.9326975344847,4
2086555,9.880548420356934,6
2086564,9.805397303039657,9
2086573,9.823453728293757,9
2086578,9.935614270437323,5
2086586,9.854044939297918,8
2086592,9.890678770512418,6
2086601,9.815987764893176,9
2086605,9.941528926237755,4
2086606,10.0,1
2086622,9.60873592592031,16
2086626,9.931556098437504,4
2086639,9.684964561451206,13
2086640,10.0,1
2086654,9.679404755926221,14
2086662,9.832558925594114,8
2086678,9.658839499424726,16
2086685,9.858989131135786,7
2086694,9.801612524428311,9
2086704,9.790986578129782,10
2086709,9.916797915621784,5
2086714,9.902505734906379,5
2086723,9.827988496346922,9
2086728,9.923098603171033,5
2086740,9.737503333910126,12
2086741,10.0,1
2086750,9.843991511855881,9
2086754,9.93784967614677,4
2086756,9.979753895897819,2
2086763,9.878860216899618,7
2086774,9.775918322484422,11
2086783,9.824127317389767,9
2086795,9.750853022151237,12
2086812,9.659882796238003,17
2086820,9.837172829398266,8
2086826,9.902261104436244,6
2086829,9.951426102958115,3
2086842,9.735999800551449,13
2086848,9.890097533853092,6
2086849,10.0,1
2086856,9.870185129225128,7
2086862,9.9052823765875,6
2086864,9.97960399832138,2
2086872,9.84101981866855,8
2086887,9.63856688344059,15
2086903,9.629214571899926,16
2086916,9.710762599123028,13
2086918,9.985781750661328,2
2086930,9.751873521221304,12
2086946,9.638398639953268,16
2086960,9.68986430600227,14
2086972,9.649880631674328,12
2086977,9.919985353212908,5
2086994,9.62174403957028,17
2087008,9.734872173624057,14
2087015,9.874648435822294,7
2087022,9.851611856325341,7
2087039,9.626630628036716,17
2087060,9.543829116084648,21
2087065,9.9067404308319,5
2087080,9.653028749723248,15
2087101,9.522143545045818,21
2087104,9.964425520347076,3
2087111,9.882922429300281,7
2087117,9.894465182952828,6
2087132,9.649351753291251,15
2087139,9.870519231636239,7
2087140,10.0,1
2087143,9.961119345468594,3
2087149,9.880369051779647,6
2087166,9.64801450175959,17
2087173,9.868183061343332,7
2087185,9.751338376623602,12
2087195,9.825817448463887,10
2087200,9.92790973593267,5
2087209,9.795124002964705,9
2087210,10.0,1
2087223,9.693063405221364,13
2087239,9.66862104543431,16
2087242,9.960609429793795,3
2087246,9.93868681933044,4
2087251,9.916046418755636,5
2087258,9.860798819416202,7
2087264,9.89915423164938,6
2087275,9.802908033936186,11
2087285,9.794885289936134,10
2087288,9.95202428468159,3
2087306,9.582279764939514,18
2087332,9.359421408927147,26
2087339,9.892210986579412,7
2087349,9.820318266337537,10
2087350,10.0,1
2087356,9.9028318908655,6
2087357,10.0,1
2087368,9.770428497205828,11
2087376,9.860701985550643,8
2087386,9.810416380222662,10
2087388,9.983710187131942,2
2087404,9.692865529266486,16
2087405,10.0,1
2087427,7.809949322740039,22
2087434,9.876736710016228,7
2087439,9.911337195327063,5
2087447,9.827028926329735,8
2087452,9.928912740516417,5
2087464,9.754543039105132,12
2087467,9.96861066496853,3
2087499,9.36291471985004,32
2087516,9.61978464206232,17
2087521,9.928112637934579,5
2087531,9.807536482879467,10
2087544,9.756128911939733,13
2087552,9.87405562934693,8
2087577,9.49943897320623,25
2087599,9.470375266881613,22
2087606,9.868127572268817,7
2087623,9.59853196378967,17
2087632,9.805982485192677,9
2087644,9.745399687487577,12
2087654,9.795949899401576,10
2087664,9.775688492827456,10
2087679,9.648870940126617,15
2087687,9.860166158724951,8
2087690,9.951957914478445,3
2087709,9.544263055746512,19
2087720,9.757315847550982,11
2087727,9.888993049768702,7
2087739,9.74682798484709,12
2087749,9.792521756477182,10
2087756,9.86780812741419,7
2087796,9.03160263923477,40
2087798,9.977125039556915,2
2087818,9.532018131391702,20
2087846,9.410952042159986,28
2087852,9.901229682010857,6
2087857,9.92354179972112,5
2087868,9.797879330701825,11
2087884,9.628845806615114,16
2087898,9.724208685173984,14
2087902,9.931958746751135,4
2087915,9.717879379625343,13
2087921,9.875186805880498,6
2087922,9.997031409763663,1
2087926,9.927863584960875,4
2087941,9.673994127665297,15
2087945,9.933296944039318,4
2087957,9.661804492417723,12
2087961,9.952133237013904,4
2087971,9.784003619651006,10
2087981,9.835827717198466,10
2087984,9.954557838814354,3
2087998,9.715793849558157,14
2088004,9.893583978221885,6
2088034,9.132929680480139,30
2088045,9.77450170318738,11
2088049,9.943456338667527,4
2088064,9.631013390252768,15
2088086,9.379709778727893,22
2088096,9.811980624521459,10
2088108,9.727372472920655,12
2088115,9.897933792603729,7
2088132,9.604052788549259,17
2088137,9.906013197108203,5
2088154,9.335868169331357,17
2088165,9.74118554477706,11
2088175,9.81997357359563,10
2088182,9.880919326761113,7
2088192,9.784444310488194,10
2088199,9.843129758286194,7
2088222,6.739336758447466,23
2088234,9.766453126823876,12
2088235,9.988795621292466,1
2088242,9.867103186057722,7
2088253,9.782273538014268,11
2088259,9.891841502003217,6
2088268,9.843293697578517,9
2088280,9.75304686133827,12
2088301,9.538475553172773,21
2088313,9.72553597368644,12
2088321,9.845163982583141,8
2088343,9.428014243970233,22
2088353,9.79171104007383,10
2088365,9.764358268566733,12
2088405,9.14385314981157,40
2088420,9.676382700946258,15
2088421,10.0,1
2088428,9.859380697475281,7
2088429,10.0,1
2088438,9.80962222923772,9
2088451,9.77289815099697,13
2088452,10.0,1
2088456,9.937097571119612,4
2088462,9.896692769862875,6
2088469,9.871006877622598,7
2088476,9.855324559908947,7
2088488,9.771454266574592,12
2088499,9.747090333648163,11
2088519,9.533072648241074,20
2088532,9.747580947415523,13
2088535,9.957371629357986,3
2088553,9.585471525882058,18
2088565,9.763331263570986,12
2088573,9.857561713289458,8
2088603,9.338080554165934,30
2088613,9.798471921284134,10
2088621,9.867364662044563,8
2088625,9.94902331022207,4
2088626,10.0,1
2088641,9.699328294958159,15
2088648,9.890470908140394,7
2088652,9.924376790366209,4
2088665,9.70421976729875,13
2088675,9.79735087848257,10
2088678,9.962943860814613,3
2088690,9.747670547076428,12
2088691,10.0,1
2088701,9.78112964869918,10
2088710,9.840015215984181,9
2088715,9.924438559809989,5
2088762,9.18127171974015,47
2088767,9.916252451131049,5
2088778,9.762956250267283,11
2088790,9.747959748025893,12
2088798,9.851217960968981,8
2088807,9.85030634483094,9
2088808,10.0,1
2088817,9.85253448813372,9
2088818,10.0,1
2088825,9.850338475785021,7
2088828,9.955873160298408,3
2088845,9.595179057599399,17
2088846,10.0,1
2088862,9.676070897203944,16
2088867,9.902649158507725,5
2088877,9.818196136911613,10
2088884,9.887128233706084,7
2088889,9.916614991336223,5
2088891,9.970771675553639,2
2088900,9.819038721003968,9
2088911,9.767090395698741,11
2088923,9.73948323604342,12
2088940,9.601374635894306,17
2088950,9.807353349944954,10
2088979,9.473703806407174,29
2088989,9.758295705955643,10
2089009,9.58755504102504,20
2089147,7.372358122244801,138
2089151,9.937830262822542,4
2089165,9.732507952909558,14
2089172,9.861761822073067,7
2089190,9.608232640253341,18
2089196,9.878733760984058,6
2089208,9.74625839427805,12
2089213,9.913107201522674,5
2089222,9.838029920855945,9
2089251,9.443227853320746,29
2089266,9.671457425522814,15
2089267,10.0,1
2089274,9.870233555061828,7
2089281,9.880707847336332,7
2089294,9.702830123220549,13
2089303,9.834617372925532,9
2089316,9.740556958215967,13
2089325,9.833435790834496,9
2089341,9.713926750249659,16
2089356,9.650868142475662,15
2089366,9.832523952070646,10
2089376,9.811901528323114,10
2089380,9.95142046340128,4
2089390,9.799601825055737,10
2089436,7.0470221826070265,46
2089447,9.814495048643044,11
2089462,9.64775763586783,15
2089469,9.877209352448975,7
2089475,9.880366530837263,6
2089488,9.673804869624973,13
2089497,9.829163309568342,9
2089510,9.713801495154659,13
2089521,9.76611659875939,11
2089547,9.449700419885682,26
2089557,9.818178549902555,10
2089558,10.0,1
2089578,9.509561947345409,20
2089580,9.98013819567394,2
2089588,9.846775826948944,8
2089589,10.0,1
2089594,9.931214665360656,5
2089597,9.968033073218358,3
2089607,9.809933725748182,10
2089614,9.885194024944411,7
2089619,9.916254711657036,5
2089631,9.74434360212065,12
2089645,9.701931644670816,14
2089654,9.831640600247065,9
2089662,9.859111816318293,8
2089675,9.768774816302464,13
2089698,9.496961965989906,23
2089706,9.837313222385857,8
2089714,9.870242438578066,8
2089726,9.751838411437207,12
2089734,9.857753344922457,8
2089747,9.715813530992738,13
2089750,9.955523495243769,3
2089765,9.598740953197595,15
2089782,9.685650497011284,17
2089798,9.361510648719275,16
2089806,9.848499754171188,8
2089839,9.245325846283489,33
2089845,9.878669923545981,6
2089850,9.900602997071747,5
2089858,9.858140876262059,8
2089871,9.761323014559984,13
2089881,9.616568049310509,10
2089897,9.634798939525814,16
2089912,9.668388649353092,15
2089922,9.79895614804166,10
2089928,9.888768020007833,6
2089932,9.925878700299279,4
2089949,9.568192177978515,17
2089950,10.0,1
2089966,9.674694928161106,16
2089976,9.811059950843255,10
2089981,9.918256709910153,5
2089996,9.662142624955948,15
2090005,9.843359151122089,9
2090012,9.862506735429905,7
2090015,9.960063116511988,3
2090026,9.770715158607667,11
2090032,9.88828401293824,6
2090049,9.604660299819251,17
2090060,9.785895789881526,11
2090077,9.495034752393984,17
2090082,9.914166620322835,5
2090092,9.810528852293906,10
2090103,9.775574561036354,11
2090104,10.0,1
2090118,9.69075651149001,14
2090119,10.0,1
2090124,9.92658386930149,5
2090134,9.811245642304309,10
2090159,9.425733579717372,25
2090162,9.95541420315324,3
2090170,9.871652113717186,8
2090183,9.7515814207309,13
2090191,9.851262548276537,8
2090195,9.930044100609779,4
2090210,9.678796953475336,15
2090222,9.74937056171921,12
2090223,10.0,1
2090231,9.835002717517272,8
2090242,9.78192664139265,11
2090248,9.91069746508092,6
2090256,9.642768052342612,8
2090267,9.738357295058362,11
2090273,9.903915472364593,6
2090291,9.661255665686156,18
2090297,9.889378909846094,6
2090303,9.902374931687653,6
2090309,9.909285382528154,6
2090322,9.335096046392469,13
2090327,9.9121990184188,5
2090336,9.828895336374948,9
2090346,9.806594162163158,10
2090355,9.804830565461605,9
2090360,9.931554407926805,5
2090365,9.927489881574894,5
2090373,9.845877021953102,8
2090384,9.802726645959511,11
2090385,10.0,1
2090397,9.701275939508639,12
2090409,9.753309944329862,12
2090419,9.797831215967982,10
2090427,9.855433957301594,8
2090437,9.791781781703127,10
2090443,9.894094947270334,6
2090447,9.932499955257308,4
2090450,9.947576951578409,3
2090465,9.690248542490691,15
2090477,9.74343116705102,12
2090479,9.97886734513845,2
2090488,9.815438667957853,9
2090498,9.787191223321946,10
2090519,7.071638786909331,21
2090521,9.973061046064974,2
2090538,9.629776460636858,17
2090546,9.853125879304752,8
2090555,9.805645256781434,9
2090559,9.944750637938386,4
2090572,9.730018404498072,13
2090583,9.81670594224594,11
2090586,9.946433655070667,3
2090594,9.861957754907662,8
2090613,9.533319067999777,19
2090646,9.382574553209118,33
2090657,9.810665354154773,11
2090658,9.99269333521917,1
2090667,9.859681882438172,9
2090686,9.607847506645314,19
2090690,9.947607712031882,4
2090698,9.848425103160917,8
2090711,9.702225702566027,13
2090713,9.97704444027967,2
2090726,9.703705229926,13
2090745,9.60006231157765,19
2090763,9.614026418881464,18
2090770,9.888473551952995,7
2090780,9.801461209910299,10
2090816,9.273572040777548,36
2090827,9.799171648114854,11
2090836,9.642881021809346,9
2090839,9.959255888859243,3
2090851,9.810520347384143,12
2090863,9.723164113423117,12
2090883,9.616362617621162,20
2090891,9.833661933882846,8
2090895,9.94997420795285,4
2090898,9.955636604090328,3
2090906,9.862845116384683,8
2090907,10.0,1
2090920,9.724799363360157,13
2090928,9.845394181413551,8
2090935,9.57359532542041,7
2090987,9.047341793420722,52
2090995,9.844304843242643,8
2090996,10.0,1
2091003,9.8478448536179,7
2091019,8.924936483310917,16
2091022,9.962827516173615,3
2091040,9.621973905591835,18
2091041,10.0,1
2091056,9.679010907727106,15
2091064,9.750030478091995,8
2091074,9.784904865414715,10
2091096,9.499385682479035,22
2091112,9.652727162897037,16
2091122,9.80335643333644,10
2091138,9.68902872309552,16
2091144,9.882237457224358,6
2091152,9.837333581848343,8
2091163,9.810125407144184,11
2091178,9.752499184371219,15
2091190,9.770878706427023,12
2091196,9.909522601684472,6
2091197,10.0,1
2091209,9.749188731483702,12
2091222,9.508597625729449,13
2091230,9.836334826735698,8
2091246,9.641769777465507,16
2091260,9.418476741740898,14
2091272,9.799659666333442,12
2091284,9.762311362572696,12
2091285,10.0,1
2091298,9.714560058224885,13
2091307,9.81634042089197,9
2091807,-47.37052855797899,500
2091811,9.939114225483216,4
2091818,9.864643644700697,7
2091825,9.88426202526359,7
2091834,9.80663021451592,9
2091844,9.777271848624359,10
2091860,9.51400635483172,16
2091869,9.849362340684632,9
2091880,9.764545815826851,11
2091881,10.0,1
2091882,9.988473287634253,1
2091901,9.551298853368369,19
2091907,9.887354173161954,6
2091915,9.835038083646756,8
2091925,9.820776365710605,10
2091936,9.76770856445308,11
2091941,9.907623159027205,5
2091942,9.992378670088717,1
2091952,9.77925282589518,10
2091954,9.984773640281647,2
2091956,9.974321402353679,2
2091961,9.926791586360366,5
2091972,9.757391454767927,11
2091975,9.966090219441972,3
2091984,9.82773837612213,9
2091993,9.799218580826098,9
2092006,9.731395420835511,13
2092020,9.673822764711774,14
2092021,9.992760382878688,1
2092026,9.927814563477417,5
2092033,9.879231857060523,7
2092040,9.859173694854405,7
2092041,10.0,1
2092051,9.776540703243857,10
2092054,9.944668396660038,3
2092065,9.786259597413009,11
2092070,9.913163817216102,5
2092080,9.826172040208519,10
2092091,9.745660148281086,11
2092092,9.989633968962478,1
2092101,9.815055987919926,9
2092116,9.679664785576545,15
2092121,9.924414917792884,5
2092133,9.72789915415181,12
2092140,9.877999448680844,7
2092155,9.755941693596933,15
2092168,9.739153582123047,13
2092184,9.127201357108259,16
2092199,9.702690005249668,15
2092201,9.979911659708268,2
2092212,9.773358811997056,11
2092226,9.687226823121954,14
2092227,9.98958034196944,1
2092235,9.847705876051787,8
2092249,9.693493435638803,14
2092264,9.680739313590825,15
2092269,9.929939095879742,5
2092270,10.0,1
2092288,9.685074687587573,18
2092289,10.0,1
2092297,9.86245036588206,8
2092300,9.96251070065458,3
2092302,9.976854987983447,2
2092316,9.751692355859007,14
2092318,9.972964537082639,2
2092331,9.701197294039003,13
2092339,9.881864389178736,8
2092343,9.937551048514583,4
2092357,9.702697479699191,14
2092365,9.84206602033287,8
2092375,9.821431196924067,10
2092394,9.55943852286834,19
2092406,9.725593920398465,12
2092422,9.663968844582692,16
2092423,10.0,1
2092435,9.711198718365365,12
2092446,9.771087672109262,11
2092456,9.794929156011808,10
2092467,9.80498734308153,11
2092480,9.70628630477443,13
2092481,9.992680786748751,1
2092488,9.855362582003817,7
2092497,9.870106395906113,9
2092507,9.80408270136245,10
2092515,9.853295468756468,8
2092521,9.881443093263316,6
2092524,9.972200915462333,3
2092525,9.993393252692675,1
2092537,9.77023439027667,12
2092539,9.984090949843837,2
2092548,9.811826392891183,9
2092565,9.645287511239891,17
2092578,9.727696457450865,13
2092589,9.77526157015196,11
2092590,10.0,1
2092591,10.0,1
2092598,9.83817648950513,7
2092614,9.622319009622466,16
2092631,9.628841976012845,17
2092639,9.86087148421259,8
2092660,9.59147680876729,21
2092671,9.792212336725024,11
2092684,9.708243217100577,13
2092698,9.715352341896034,14
2092700,9.973872654953068,2
2092711,9.769661906529247,11
2092721,9.703384336730092,10
2092734,9.713367912133961,13
2092746,9.733638789677364,12
2092758,9.752478814084945,12
2092762,9.948443206622402,4
2092769,9.86985522691967,7
2092787,9.559652424549459,18
2092793,9.901083495422725,6
2092797,9.950290707139237,4
2092812,9.662663909320209,15
2092816,9.946220363403603,4
2092828,9.794685432124677,12
2092836,9.868769452001464,8
2092841,9.91592693034254,5
2092847,9.885896263176807,6
2092860,9.723946664245984,13
2092865,9.917002968547786,5
2092875,9.763210160787214,10
2092887,9.711473242724072,12
2092896,9.820109861993867,9
2092911,9.66139382814968,15
2092924,9.724540954346335,13
2092939,9.694161918012854,15
2092951,9.733336271763367,12
2092961,9.808334065540544,10
2092966,9.91328833994979,5
2092973,9.880647643859524,7
2092992,9.598042226719725,19
2093007,9.680243053376621,15
2093015,9.861398009595092,8
2093025,9.785908155102277,10
2093037,9.724768176635434,12
2093051,9.682911022780983,14
2093061,9.795645636210123,10
2093064,9.95619092120436,3
2093099,9.298591789159902,35
2093104,9.91480801396448,5
2093127,9.464987309217648,23
2093145,9.612398196646767,18
2093163,9.5777667133237,18
2093171,9.852838812043958,8
2093215,9.225674221391733,44
2093221,9.885657334203183,6
2093224,9.955881570841028,3
2093225,10.0,1
2093229,9.94658572618342,4
2093233,9.9542056048547,4
2093244,9.759591431453439,11
2093249,9.929039919658333,5
2093253,9.936852191990573,4
2093258,9.917744711128543,5
2093263,9.909136987947582,5
2093273,9.601496517970228,10
2093279,9.913207105142442,6
2093290,9.79238702118999,11
2093291,10.0,1
2093293,9.97471158219494,2
2093305,9.737167654615531,12
2093316,9.767514254237662,11
2093329,9.726271584156814,13
2093339,9.786363816244892,10
2093348,9.822867413155384,9
2093357,9.820716756903701,9
2093375,9.543398572474771,18
2093384,9.801818330123416,9
2093391,9.897197080722096,7
2093397,9.905922571330446,6
2093399,9.88523192048667,2
2093406,9.852145812853372,7
2093416,9.813715687436511,10
2093421,9.906332685631364,5
2093435,9.703062843120419,14
2093442,9.868141746708684,7
2093444,9.973521412603779,2
2093467,9.544001960676063,23
2093479,9.723215476448637,12
2093480,10.0,1
2093481,9.995817436236468,1
2093484,9.965235798271403,3
2093497,9.703336258746146,13
2093498,10.0,1
2093499,9.989461998371862,1
2093507,9.828116806566207,8
2093514,9.870630298568349,7
2093532,9.635011317762729,18
2093533,10.0,1
2093534,10.0,1
2093549,9.681432769123699,15
2093571,9.483149192528911,22
2093590,9.605793741620994,19
2093601,9.819688641190297,11
2093613,9.743878209130136,12
2093620,9.864864822251766,7
2093634,9.710529770327327,14
2093653,9.564808469327604,19
2093654,10.0,1
2093663,9.837038732451964,9
2093678,9.678781240133047,15
2093686,9.856718718932186,8
2093693,9.869548856825833,7
2093699,9.906389152760518,6
2093704,9.934911969669857,5
2093708,9.940704134335824,4
2093711,9.960076328212827,3
2093742,9.341684117369944,31
2093756,9.6710049614775,14
2093763,9.880263174223646,7
2093772,9.83062935043352,9
2093778,9.923015116876217,6
2093792,9.71621188818942,14
2093798,9.611550699307436,6
2093818,9.58854913833701,20
2093826,9.855502031178663,8
2093839,9.734788883652586,13
2093840,10.0,1
2093859,9.60548757319135,19
2093878,9.572677623862791,19
2093890,9.760007030633604,12
2093908,9.581845995607981,18
2093920,9.769852779630762,12
2093929,9.831533863355128,9
2093934,9.91483213045101,5
2093946,9.73714619230589,12
2093954,9.842936112445699,8
2093961,9.878091257199953,7
2093967,9.894536753999434,6
2093973,9.916024669984616,6
2093984,9.763930859003487,11
2093985,10.0,1
2093992,9.862646751657595,7
2094000,9.881891130893683,8
2094011,9.814157691939828,11
2094023,9.561580748596048,12
2094031,9.853989185739795,8
2094033,9.984727109956108,2
2094036,9.963176196551483,3
2094043,9.871511176515689,7
2094058,9.659775845504345,15
2094074,9.693536280168695,16
2094078,9.744034651530653,4
2094081,9.943289660202087,3
2094092,9.78520128523372,11
2094094,9.974435100514238,2
2094099,9.918979106463787,5
2094108,9.857406397901384,9
2094118,9.709327361864855,10
2094122,9.940591016841779,4
2094128,9.889171274895382,6
2094134,9.893461924745123,6
2094145,9.751941374929988,11
2094161,9.646431928296524,16
2094168,9.873476356809313,7
2094174,9.90824442732137,6
2094185,9.793236739301053,11
2094201,9.670050973731675,16
2094226,9.533707573563458,25
2094236,9.789744161485274,10
2094242,9.900927876082442,6
2094251,9.80691126957664,9
2094259,9.846870492712968,8
2094266,9.878894542684792,7
2094277,9.75128500884373,11
2094279,9.97434991339374,2
2094289,9.831160735408877,10
2094301,9.75006434525421,12
2094312,9.773313268852146,11
2094316,9.943706471216998,4
2094322,9.893680298966808,6
2094327,9.930173442718612,5
2094331,9.923488978324853,4
2094332,10.0,1
2094333,10.0,1
2094338,9.899859292416242,5
2094347,9.806237203876117,9
2094357,9.77966139001741,10
2094359,9.96962627093676,2
2094360,10.0,1
2094370,9.78981306898077,10
2094388,9.635970117908432,18
2094399,9.77531828462268,11
2094407,9.858096300409105,8
2094412,9.914379338420543,5
2094423,9.761996308120581,11
2094424,10.0,1
2094439,9.68926074170565,15
2094447,9.836686788194925,8
2094459,9.74769548972316,12
2094460,9.996182359805026,1
2094477,9.609757014053296,17
2094495,9.570244399214145,18
2094504,9.825593707819857,9
2094510,9.89085936561486,6
2094518,9.871074298618515,8
2094532,9.600070447756318,14
2094540,9.828543923683565,8
2094550,9.785530437346413,10
2094551,10.0,1
2094555,9.84380158637373,4
2094565,9.820536914872976,10
2094575,9.777009269606955,10
2094584,9.83233785702116,9
2094590,9.881657722063458,6
2094606,9.66580788572395,16
2094618,9.754967561960578,12
2094630,9.750066470768033,12
2094640,9.7934922181384,10
2094647,9.875894599793522,7
2094654,9.874344884155942,7
2094655,10.0,1
2094673,9.650841292963165,18
2094688,9.67963842783366,15
2094703,9.679470409882539,15
2094716,9.707329129828457,13
2094728,9.732875425776863,12
2094739,9.767531491075651,11
2094750,9.794853581449459,11
2094764,9.673557102590753,14
2094772,9.840860396085004,8
2094779,9.8856764774229,7
2094784,9.905761495358096,5
2094797,9.714551580409982,13
2094808,9.772686565517828,11
2094810,9.982505022741334,2
2094811,10.0,1
2094817,9.894574404868527,6
2094828,9.75967801662211,11
2094846,9.631976074757887,18
2094861,9.699716338677648,15
2094870,9.81477327602497,9
2094873,9.960901858307619,3
2094878,9.910421954892387,5
2094885,9.862868359464011,7
2094898,9.72320742215439,13
2094928,7.582118751003492,30
2094943,9.610555158489237,15
2094949,9.911662485471352,6
2094953,9.949270552196495,4
2095083,7.348267703205378,130
2095094,9.80286323998394,11
2095096,9.980917266422153,2
2095097,10.0,1
2095099,9.983332882126138,2
2095117,9.65487141406755,18
2095124,9.889395684422865,7
2095127,9.965922312558352,3
2095135,9.851899494964682,8
2095145,9.76632017543657,10
2095164,9.38079673416117,19
2095172,9.840353185564972,8
2095195,9.400927513726343,23
2095221,7.713333570999467,26
2095228,9.865173136245362,7
2095238,9.829393913758947,10
2095243,9.91789816443375,5
2095244,9.991740363530056,1
2095245,10.0,1
2095246,9.992937611431211,1
2095256,9.795848464108756,10
2095264,9.857739663908182,8
2095270,9.888077005687146,6
2095284,9.700416901010932,14
2095289,9.908117882347542,5
2095301,9.801564902247174,12
2095307,9.915533244931964,6
2095322,9.663892834431305,15
2095329,9.87610375569587,7
2095339,9.794205746479083,10
2095349,9.787945465139025,10
2095364,9.640068216573283,15
2095383,9.558817047268446,19
2095384,10.0,1
2095385,10.0,1
2095386,10.0,1
2095392,9.919295743176665,6
2095400,9.82775071912833,8
2095413,9.707968946265115,13
2095425,9.745363083193043,12
2095441,9.65922283611023,16
2095457,9.63996385698731,16
2095469,9.72934793975745,12
2095481,9.750380705127432,12
2095491,9.80343100916012,10
2095503,9.54538738994718,12
2095518,9.63897627770615,15
2095522,9.935309957559252,4
2095523,10.0,1
2095536,9.068772134055457,13
2095540,9.856287640402611,4
2095547,9.86177773308479,7
2095556,9.833506455519714,9
2095569,9.73842217518402,13
2095579,9.790142234362804,10
2095591,9.775837129574882,12
2095606,9.664115752558251,15
2095615,9.791532154496345,9
2095628,9.710759663601847,13
2095639,9.753303985499034,11
2095646,9.861778205006301,7
2095655,9.824995119123555,9
2095661,9.91373354010694,6
2095666,9.918974984097142,5
2095678,9.747009887655912,12
2095688,9.823266892598612,10
2095690,9.98533664038355,2
2095691,10.0,1
2095692,10.0,1
2095698,9.894365472671206,6
2095718,9.565694696986492,20
2095724,9.92094355229406,6
2095736,9.749970639843847,12
2095745,9.810248602842885,9
2095749,9.951129005609882,4
2095764,9.642905840791435,15
2095784,9.53026085020426,20
2095790,9.909186036473844,6
2095799,9.79872165520433,9
2095802,9.955886938404962,3
2095812,9.776744411004834,10
2095822,9.781528181634117,10
2095828,9.916768331805667,6
2095838,9.816410614429843,10
2095843,9.920299908037666,5
2095849,9.889353648334357,6
2095854,9.927658400779535,5
2095855,9.989006565404853,1
2095884,9.175067927725351,29
2095892,9.86505098869549,8
2095896,9.948760872645753,4
2095900,9.950580245783568,4
2095906,9.895821221889722,6
2095920,9.657496749792717,14
2095932,9.734878530667777,12
2095935,9.95355358410115,3
2095948,9.785243553273352,13
2095957,9.8044548856332,9
2095965,9.848156157434161,8
2095976,9.748887141498354,11
2095977,10.0,1
2095991,9.667847784361115,14
2096004,9.722640835192424,13
2096013,9.819842362071764,9
2096021,9.865316943866747,8
2096037,9.641148076638242,16
2096046,9.81757572486846,9
2096053,9.872727513323554,7
2096067,9.765303414908702,14
2096077,9.791454926937424,10
2096089,9.729093826491985,12
2096098,9.840935287636988,9
2096103,9.920200839255575,5
2096121,9.583646953521908,18
2096133,9.723367416267369,12
2096136,9.963313507943036,3
2096140,9.835406345489192,4
2096153,9.696456346025697,13
2096169,9.540007555914903,16
2096174,9.919218296636789,5
2096182,9.839990230114715,8
2096190,9.857221781953454,8
2096203,9.706706806988304,13
2096211,9.83679500370365,8
2096212,10.0,1
2096224,9.74058158237462,12
2096234,9.780970413816,10
2096239,9.921432469679688,5
2096253,9.673573150068231,14
2096262,9.842117510705748,9
2096263,10.0,1
2096278,9.705146866194672,15
2096291,9.731842956160541,13
2096298,9.750369854764482,7
2096304,9.92019426479977,6
2096314,9.791616432121717,10
2096328,9.73726087865738,14
2096347,9.631530240277945,19
2096351,9.940290995436762,4
2096365,9.722548269845984,14
2096375,9.763384163111086,10
2096385,9.816878509852943,10
2096404,9.586997829543547,19
2096405,10.0,1
2096408,9.955964124840465,3
2096411,9.964851369582187,3
2096420,9.839384359564956,9
2096435,9.656889277597552,15
2096437,9.974377948284463,2
2096443,9.8993780554795,6
2096449,9.89189080811309,6
2096463,9.711243097854492,14
2096472,9.805352657132193,9
2096482,9.834986393479795,10
2096498,9.656913037219201,16
2096526,9.402151115945136,28
2096529,9.954302190324176,3
2096542,9.677675124496638,13
2096553,9.78058393393063,11
2096556,9.957208034030327,3
2096570,9.683918805476962,14
2096583,9.714925772130787,13
2096588,9.925204076943347,5
2096598,9.811421018988275,10
2096617,9.558980975486534,19
2096629,9.760088240536398,12
2096638,9.825619392434376,9
2096646,9.845596544458889,8
2096661,9.716489453198536,15
2096674,9.725550751821062,13
2096683,9.822537768076819,9
2096693,9.809034064727463,10
2096699,9.907816782571208,6
2096712,9.716977295808555,13
2096721,9.83435055976134,9
2096722,10.0,1
2096735,9.72282971600467,13
2096755,9.529588475538413,20
2096767,9.74884247780973,12
2096777,9.803791436980003,10
2096790,9.739798594066624,13
2096801,9.794499084698936,11
2096809,9.863972458869004,8
2096818,9.804767401741918,9
2096826,9.816437470272469,8
2096844,9.601120854437495,18
2096850,9.881080984511048,6
2096861,9.76387207807925,11
2096874,9.696498488486942,13
2096882,9.855829160580189,8
2096890,9.882037267030432,8
2096894,9.929977663575125,4
2096900,9.87666375365186,6
2096916,9.665187147143536,16
2096921,9.916574753596388,5
2096924,9.953964412521247,3
2096934,9.797666526658773,10
2096936,9.980766519940245,2
2096947,9.747565978399242,11
2096951,9.931063979751736,4
2096966,9.664873580144464,15
2096984,9.563929184858413,18
2096989,9.915918959028591,5
2096995,9.889014436956762,6
2097017,8.604608158764687,22
2097029,9.728487820052088,12
2097037,9.869223155566818,8
2097053,9.627313785322754,16
2097071,9.59239418091637,18
2097072,10.0,1
2097086,9.724280295809717,14
2097100,9.72152001295596,14
2097115,9.692935221348176,15
2097119,9.950730210259467,4
2097131,9.783241269327819,12
2097144,9.702418753402222,13
2097154,9.78470592191783,10
2097163,9.816597008761459,9
2097164,10.0,1
2097173,9.826030089320675,9
2097184,9.790725678362653,11
2097193,9.804403469723727,9
2097205,9.762730379398487,12
2097210,9.92730114627671,5
2097218,9.866501339559859,8
2097230,9.733327770016905,12
2097244,9.677482584647914,14
2097255,9.80755801640744,11
2097256,10.0,1
2097267,9.763536938779499,11
2097268,9.99269987824119,1
2097278,9.779829558079744,10
2097290,9.752190739298005,12
2097298,9.851845530025406,8
2097312,9.694730015625838,14
2097326,9.693077449811744,14
2097331,9.926045741298841,5
2097333,9.978700999605232,2
2097346,9.700557590596851,13
2097360,9.684988571669555,14
2097369,9.863248536748626,9
2097372,9.954559687374548,3
2097377,9.917588748966864,5
2097385,9.864104827253318,8
2097396,9.77139579371773,11
2097407,9.75381191759538,11
2097411,9.92554865682123,4
2097412,10.0,1
2097421,9.812028625074637,9
2097422,10.0,1
2097430,9.860072331268555,8
2097439,9.802646007381531,9
2097452,9.719131820874946,13
2097458,9.883762539380049,6
2097465,9.874371404208512,7
2097468,9.970067258880796,3
2097475,9.492889442201417,7
2097488,9.685206472662431,13
2097500,9.783273055475794,12
2097508,9.828662205622022,8
2097509,10.0,1
2097512,9.960243361975749,3
2097527,9.664211297955715,15
2097538,9.794049619728321,11
2097549,9.790655974411994,11
2097554,9.92405510987358,5
2097571,9.425900550999495,17
2097573,9.97508818034169,2
2097574,10.0,1
2097585,9.77794632768587,11
2097586,10.0,1
2097600,9.707276356515308,14
2097605,9.912842759387294,5
2097615,9.826669971853857,10
2097626,9.807257738981935,11
2097641,9.681655595035433,15
2097642,10.0,1
2097653,9.761034637564775,11
2097661,9.817612407609062,8
2097666,9.916644209669759,5
2097667,9.992704245366363,1
2097676,9.841446896904857,9
2097684,9.857428388846877,8
2097697,9.779780468003977,13
2097709,9.747063584852668,12
2097715,9.886443005322194,6
2097727,9.744924791412883,12
2097731,9.94073268409813,4
2097732,10.0,1
2097747,9.66376215423252,15
2097756,9.823668118056863,9
2097759,9.956624719263337,3
2097765,9.890355025442007,6
2097771,9.908901871050467,6
2097777,9.875660906485969,6
2097785,9.860924289425451,8
2097798,9.573798830582529,13
2097807,9.833419688049204,9
2097827,9.594535287348922,20
2097836,9.824022119860777,9
2097849,9.69177655825431,13
2097854,9.914211261319936,5
2097871,9.670838292534595,17
2097880,9.807665234496318,9
2097884,9.931435006623298,4
2097898,9.691410217959668,14
2097906,9.843194654391123,8
2097913,9.901480610608354,7
2097924,9.753818040113787,11
2097933,9.820182158940856,9
2097955,8.733330295104903,22
2097965,9.780621136684902,10
2097978,9.689504827700446,13
2097986,9.847295885801275,8
2097999,9.751275791748473,13
2098017,9.579753536193904,18
2098029,9.787723089296861,12
2098037,9.854076706195952,8
2098041,9.940751585234542,4
2098055,9.67619205111131,14
2098067,9.75664116219675,12
2098072,9.911588067140125,5
2098073,10.0,1
2098083,9.829374408102963,10
2098092,9.836815223561553,9
2098103,9.764877606176473,11
2098106,9.957364263369584,3
2098107,10.0,1
2098109,9.97511768165506,2
2098110,10.0,1
2098125,9.656991610597153,15
2098140,9.703295740348743,15
2098148,9.844188874742686,8
2098152,9.956235693816277,4
2098163,9.77460513451385,11
2098166,9.965557794076487,3
2098173,9.890525598194124,7
2098185,9.738569157312147,12
2098200,9.628813329124284,15
2098215,9.701575622429955,15
2098220,9.904377250989992,5
2098221,10.0,1
2098233,9.768678923362712,12
2098236,9.95222167698562,3
2098244,9.84854351487932,8
2098247,9.95259295740259,3
2098248,10.0,1
2098253,9.919331407500737,5
2098267,9.705463832908888,14
2098280,9.697733577378232,13
2098290,9.817457286285338,10
2098302,9.769137376373836,12
2098303,10.0,1
2098323,6.7169589615466005,20
2098331,9.833104349359873,8
2098343,9.736869467214989,12
2098350,9.888612536833728,7
2098362,9.784560857780015,12
2098379,9.657883991356876,17
2098405,9.313861498105217,26
2098415,9.778358553664006,10
2098416,10.0,1
2098424,9.843423363658717,8
2098436,9.732702525600317,12
2098440,9.922709329289306,4
2098441,10.0,1
2098456,9.663346502021525,15
2098467,9.80251850791416,11
2098476,9.803990655383918,9
2098480,9.929806960012584,4
2098490,9.80410477854698,10
2098501,9.783467721342927,11
2098502,9.986947192685887,1
2098512,9.835651884745864,10
2098522,9.690675998554811,10
2098529,9.88704976657728,7
2098530,10.0,1
2098542,9.769943883938492,12
2098543,9.98957258970854,1
2098554,9.80549158452466,11
2098563,9.834236372527151,9
2098573,9.784378319683565,10
2098583,9.770735253310848,10
2098600,9.625113110634315,17
2098607,9.890013110640336,7
2098608,10.0,1
2098617,9.808664440987862,9
2098624,9.878449445446753,7
2098642,9.6025574633211,18
2098652,9.782625287096414,10
2098656,9.939195889006958,4
2098663,8.972158409045061,7
2098684,9.512760981879,21
2098687,9.953782390186785,3
2098697,9.818657977515858,10
2098702,9.909098909139978,5
2098707,9.91810639955579,5
2098717,9.812542219189712,10
2098735,9.612638354476529,18
2098741,9.882022612303194,6
2098753,9.756338545801196,12
2098756,9.956426019519686,3
2098774,9.563586940797657,18
2098776,9.969467583237265,2
2098782,9.913526682822141,6
2098795,9.735635468977867,13
2098814,8.64096331608375,19
2098832,9.536156380112104,18
2098845,9.724486578034323,13
2098848,9.969714058589313,3
2098860,9.745128116970822,12
2098864,9.948990914455631,4
2098876,9.744172314176845,12
2098877,10.0,1
2098890,9.691877380517084,13
2098909,9.616468609822022,19
2098918,9.838760589177406,9
2098936,9.621331471987029,18
2098941,9.927247128530707,5
2098947,9.889680613864858,6
2098957,9.846848116143438,10
2098958,10.0,1
2098971,9.726513168995536,13
2098982,9.800555673254749,11
2098992,9.808098885489468,10
2099004,9.742029551906139,12
2099011,9.86155096868812,7
2099033,9.520520290224441,22
2099043,9.839629630110622,10
2099052,9.860393343010385,9
2099055,9.960541086365824,3
2099056,9.996092674495237,1
2099071,9.660770335970867,15
2099079,9.84115880940141,8
2099082,9.964518626419038,3
2099094,9.748922555248672,12
2099104,9.814119466969043,10
2099105,10.0,1
2099113,9.83875613724182,8
2099128,9.680467110476597,15
2099142,9.71659659507048,14
2099150,9.836463113212213,8
2099159,9.83044149803007,9
2099173,9.715961412511295,14
2099187,9.737604087505625,14
2099196,9.815511351885364,9
2099215,9.540118875157921,19
2099216,10.0,1
2099229,9.696479669780064,13
2099242,9.710725184914791,13
2099243,9.993407073321972,1
2099247,9.939344189564887,4
2099254,9.881141288248784,7
2099268,9.687619553560303,14
2099277,9.826972360525469,9
2099291,9.69284470373877,14
2099303,9.770790564044399,12
2099314,9.383852347677138,11
2099320,9.896276495732414,6
2099331,9.227603482255557,11
2099366,9.35241714105711,35
2099377,9.77227422999999,11
2099382,9.919851555174139,5
2099393,9.768314462043666,11
2099408,9.652606794985212,15
2099410,9.973024681531685,2
2099418,9.840321521950836,8
2099433,9.671746924610666,15
2099434,9.996759208467616,1
2099449,9.737889360678233,15
2099452,9.968529028577429,3
2099461,9.875123400094674,9
2099472,9.812734722946654,11
2099473,10.0,1
2099482,9.813815013028702,9
2099489,9.691866716389441,7
2099502,9.738296919941511,13
2099512,9.59511361287982,10
2099517,9.921746977351301,5
2099529,9.762284381612451,12
2099540,9.831272810083403,11
2099544,9.928244989952205,4
2099556,9.76371115593336,12
2099564,9.82938202689676,8
2099575,9.778584627695468,11
2099582,9.8853212332578,7
2099593,9.758173335835847,11
2099605,9.795794045979168,12
2099614,9.806001744507284,9
2100114,-201.457966324603,500
2100131,9.579240679701146,17
2100144,9.728879624721452,13
2100145,10.0,1
2100160,9.647166848147041,15
2100170,9.787660496239946,10
2100171,10.0,1
2100175,9.936903792285982,4
2100179,9.933713243415788,4
2100190,9.823754769457317,11
2100200,9.820568108189482,10
2100213,9.726744640367773,13
2100230,9.609437217066878,17
2100238,9.811197432525738,8
2100245,9.87452369268107,7
2100251,9.907789224003404,6
2100263,9.741260704344379,12
2100272,9.823340363022956,9
2100276,9.93383418719747,4
2100307,9.30997257869501,31
2100330,9.572246251266082,23
2100830,-78.22545658667643,500
2101330,-27.653274340502577,500
2101334,9.951396503978335,4
2101834,-27.021618460749266,500
2102334,-46.8891966087921,500
2102834,-22.864291454513868,500
2102849,9.657498514538515,15
2103349,-40.09782510229357,500
2103849,-20.32868993544768,500
2103850,10.0,1
2104350,-70.02918821222741,500
2104850,-218.49243842573134,500
2104853,9.964693766083675,3
2104863,9.812242038251343,10
2104868,9.925291458383992,5
2104891,9.302858927240699,23
2104916,9.394042592352568,25
2104929,9.71908287716952,13
2104942,9.781360399555588,13
2104951,9.81774986130917,9
2104952,10.0,1
2104953,10.0,1
2104966,9.724507731670588,13
2104967,10.0,1
2105014,8.914403876753962,47
2105015,10.0,1
2105024,9.819073274656079,9
2105037,9.732154742178693,13
2105050,9.724188586847873,13
2105063,9.700619886210234,13
2105082,9.591285455494805,19
2105092,9.795706118484407,10
2105101,9.790052985288083,9
2105108,9.869194972930053,7
2105119,9.801688498799347,11
2105131,9.745493789272446,12
2105142,9.772642504347269,11
2105153,9.771437144254396,11
2105161,9.850804228409999,8
2105172,9.752063652183454,11
2105175,9.968044493194123,3
2105180,9.919716893541857,5
2105187,9.84886857597213,7
2105189,9.98457516379885,2
2105198,9.814048019092082,9
2105211,9.740409826742578,13
2105225,9.696766861032351,14
2105239,9.705641974931215,14
2105245,9.891467910656495,6
2105256,9.754297836405229,11
2105269,9.754836746532865,13
2105271,9.975057778610772,2
2105283,9.7387904852307,12
2105284,10.0,1
2105301,9.605792179665935,17
2105304,9.861270810464099,3
2105316,9.749587718455473,12
2105335,9.571379664073705,19
2105342,9.864727006701433,7
2105355,9.712603400509256,13
2105369,9.715863583040145,14
2105380,9.753309701125737,11
2105398,9.5377501621574,18
2105413,9.664579461543388,15
2105428,9.658635615677818,15
2105436,9.838229483012832,8
2105485,8.970455520142844,49
2105494,9.867476574252615,9
2105498,9.937229596075248,4
2105502,9.945830105336215,4
2105510,9.832416369145896,8
2105519,9.852083875352456,9
2105527,9.844484429480802,8
2105535,9.866675473398375,8
2105547,9.742899879385105,12
2105556,9.830687648552086,9
2105563,9.877294987018981,7
2105572,9.819453457075085,9
2105585,9.725125712894389,13
2105599,9.528706682398303,14
2105603,9.637109059524343,4
2105615,9.709195472534367,12
2105630,9.47357941954094,15
2105639,9.832871348522216,9
2105644,9.923687287591987,5
2105649,9.928144629220505,5
2105660,9.68182952393514,11
2105671,9.773969252629279,11
2105682,9.796329996503742,11
2105684,9.973697739597803,2
2105686,9.971365529655655,2
2105705,9.584031909047297,19
2105706,9.996718082399541,1
2105707,10.0,1
2105725,9.293184998516077,18
2105732,9.849083193065821,7
2105743,9.79686328590496,11
2105752,9.825832187572638,9
2105763,9.74266795156119,11
2105776,9.600882040647896,13
2105786,9.801526234264408,10
2105801,9.690953380863283,15
2105815,9.746762109717984,14
2105830,9.718615631117371,15
2105837,9.878363946101473,7
2105861,9.489515002378926,24
2105864,9.960956604978602,3
2105867,9.966554811131674,3
2105874,9.864972071906513,7
2105881,9.864825256863519,7
2105892,9.760032318675588,11
2105918,9.54855083684041,26
2105928,9.794389062031362,10
2105942,9.705402240897964,14
2105947,9.898750329624278,5
2105961,9.684296487365154,14
2105976,9.655418756524453,15
2106051,-3.053075690621199,75
2106060,9.83504041517641,9
2106065,9.924931696888054,5
2106071,9.896241519141531,6
2106087,9.665989730952585,16
2106093,9.882986621421352,6
2106104,9.761205288996534,11
2106107,9.966532804960847,3
2106112,9.933663888012791,5
2106121,9.808268549516285,9
2106131,9.855848071902328,10
2106132,10.0,1
2106148,9.639179097585052,16
2106164,9.685276743257319,16
2106166,9.973743365889119,2
2106170,9.927897032849975,4
2106175,9.917640186524373,5
2106176,9.987783169609179,1
2106183,9.755777855961837,7
2106186,9.953607503657945,3
2106194,9.848969843346126,8
2106204,9.784148123268782,10
2106208,9.94959960129076,4
2106213,9.932587093024567,5
2106221,9.85361602773779,8
2106228,9.88451503639836,7
2106238,9.812021335368183,10
2106256,9.514463338687154,18
2106272,9.654562536885116,16
2106278,9.907113025783783,6
2106286,9.829497453882105,8
2106296,9.796246043829067,10
2106302,9.911653600901282,6
2106308,9.900183100299103,6
2106318,9.820495147630032,10
2106332,9.672461173756401,14
2106341,9.842086595342806,9
2106353,9.737285581485365,12
2106357,9.9385278579352,4
2106376,9.523917695666286,19
2106390,9.679534873776053,14
2106404,9.687826997401615,14
2106417,9.709562806362335,13
2106425,9.836059422583071,8
2106429,9.948202109862432,4
2106433,9.934049022919044,4
2106441,9.860736019871316,8
2106451,9.790672863414619,10
2106468,9.660712619886484,17
2106470,9.977962928754973,2
2106478,9.842932368156967,8
2106484,9.883270287321277,6
2106491,9.87638768034974,7
2106501,9.805528818667785,10
2106512,9.761246185690132,11
2106524,9.739703970895839,12
2106525,10.0,1
2106529,9.92466809971279,4
2106539,9.790477886052066,10
2106560,9.574085030717574,21
2106561,10.0,1
2106566,9.926984392484307,5
2106567,10.0,1
2106584,9.629459949623433,17
2106596,9.474026293045398,12
2106609,9.719565655604443,13
2106618,9.805454350199087,9
2106630,9.746011239534031,12
2106646,9.662843530331369,16
2106656,9.803766310063196,10
2106660,9.950495659659275,4
2106661,10.0,1
2106668,9.889684265372457,7
2106681,9.743247343386184,13
2106690,9.837578106759736,9
2106695,9.92297529916505,5
2106701,9.878822787977013,6
2106710,9.797933765623467,9
2106720,9.805056052546494,10
2106721,10.0,1
2106730,9.802637998652012,9
2106735,9.917152126857088,5
2106742,9.896134134410975,7
2106755,9.752236529903763,13
2106758,9.953771808319411,3
2106761,9.951784672138999,3
2106770,9.803523733287522,9
2106784,9.702703965989695,14
2106797,9.69644921398768,13
2106801,9.925998550418244,4
2106802,10.0,1
2106813,9.730232049225297,11
2106823,9.825133980080714,10
2106825,9.977768467245095,2
2106833,9.85998598307369,8
2106845,9.736397646522121,12
2106846,10.0,1
2106847,10.0,1
2106848,10.0,1
2106852,9.937453064432054,4
2106853,10.0,1
2106859,9.918139612013976,6
2106865,9.873171704356757,6
2106871,9.896555370989754,6
2106876,9.927016842402479,5
2106882,9.914263976835244,6
2106893,9.785080740230196,11
2106900,9.875716162315902,7
2106914,9.69523476891025,14
2106921,9.76330081444628,7
2106933,9.763688878711287,12
2106944,9.78228138036244,11
2106954,9.838877045924894,10
2106961,9.851439776737719,7
2106973,9.771070751612761,12
2106984,9.765397666984217,11
2106989,9.911643890622273,5
2106990,10.0,1
2107007,9.609824828910421,17
2107008,10.0,1
2107019,9.77392936415936,11
2107031,9.753656552241184,12
2107043,9.740919644920842,12
2107051,9.840545423135854,8
2107060,9.834025389784701,9
2107066,9.87797650413612,6
2107076,9.814567549331807,10
2107090,9.728930146209931,14
2107091,9.98974740974842,1
2107093,9.967422793927113,2
2107103,9.813754929351827,10
2107115,9.739174155833089,12
2107126,9.767627354371852,11
2107133,9.864054257378715,7
2107141,9.85928435841582,8
2107143,9.971195452896076,2
2107151,9.857171012684157,8
2107152,10.0,1
2107165,9.685700039733323,13
2107177,9.72209588789841,12
2107179,9.977730494241408,2
2107196,9.643629667964635,17
2107199,9.96081920745162,3
2107208,9.804733947135842,9
2107212,9.940323916538283,4
2107222,9.794339117875953,10
2107232,9.784128976595353,10
2107239,9.872582725770204,7
2107242,9.968815492302188,3
2107265,5.014047362084782,23
2107277,9.764585941123508,12
2107291,9.66172416238898,14
2107293,9.971359022502297,2
2107304,9.770004967860828,11
2107319,9.345441382290385,15
2107333,9.721273063222599,14
2107342,9.820371479986976,9
2107353,9.775195821842559,11
2107358,9.935948187251707,5
2107383,9.545759061448674,25
2107399,9.299616966308788,16
2107403,9.9310189589502,4
2107413,9.773817042949139,10
2107418,9.92253144337385,5
2107427,9.819711790772484,9
2107428,9.987305927497,1
2107446,9.507927723049507,18
2107449,9.94562544015601,3
2107459,9.761003793050044,10
2107460,10.0,1
2107464,9.945735445670861,4
2107465,10.0,1
2107474,9.8135130435003,9
2107482,9.822219167393385,8
2107492,9.754015961431755,10
2107505,9.702182606521292,13
2107506,9.98910294040698,1
2107513,9.888081769357221,7
2107514,10.0,1
2107519,9.92808388164542,5
2107531,9.759337199147385,12
2107540,9.817847195347293,9
2107541,10.0,1
2107552,9.754086992266089,11
2107553,10.0,1
2107557,9.931274939945391,4
2107569,9.752802143803962,12
2107580,9.783354154743625,11
2107596,9.6724471288655,16
2107606,9.795504269952463,10
2107607,10.0,1
2107616,9.835956181917526,9
2107625,9.830683846307224,9
2107637,9.75310079679261,12
2107660,8.902502016752138,23
2107669,9.822726579265563,9
2107681,9.719935299587751,12
2107690,9.822695085781822,9
2107700,9.788497106623938,10
2107714,9.716249952708743,14
2107726,9.750957504056798,12
2107735,9.81200026989709,9
2107748,9.727485581182158,13
2107757,9.864162534636401,9
2107763,9.904932949234315,6
2107769,9.881207285319215,6
2107770,10.0,1
2107775,9.920083454570102,5
2107788,9.704349232374158,13
2107801,9.705807768759549,13
2107809,9.849107796943512,8
2107813,9.935868709873466,4
2107815,9.974491785508247,2
2107817,9.96816911035136,2
2107818,10.0,1
2107823,9.918714784577464,5
2107833,9.813541042054014,10
2107846,9.742942177836653,13
2107853,9.87126276031489,7
2107863,9.767887761864323,10
2107876,9.742578296760197,13
2107888,9.754331679132468,12
2107902,9.710050803262,14
2107916,9.645763380904809,14
2107918,9.980388212489531,2
2107919,10.0,1
2107934,9.36979859331278,15
2107947,9.714412249391277,13
2107953,9.897826268451903,6
2107954,10.0,1
2107955,10.0,1
2107966,9.791356448279918,11
2107971,9.92480607402806,5
2107973,9.975429432890017,2
2107983,9.743310575495741,10
2107997,9.698680058294709,14
2108002,9.91409828154152,5
2108007,9.921001269792004,5
2108017,9.761539502814989,10
2108028,9.752981267390371,11
2108039,9.818736570120263,11
2108047,9.872644451400943,8
2108055,9.837657929423248,8
2108066,9.765986949740892,11
2108070,9.947302281108284,4
2108071,10.0,1
2108072,10.0,1
2108088,9.615685186680732,16
2108101,9.735773071643385,13
2108106,9.930260649529338,5
2108114,9.848129220116231,8
2108126,9.755603957813385,12
2108146,9.702151560234203,20
2108155,9.816741759823245,9
2108171,9.587368133709544,16
2108186,9.664071701201804,15
2108190,9.948980618774485,4
2108198,9.859914488527826,8
2108200,9.977056953377735,2
2108213,9.721251924312444,13
2108235,9.49742465917159,22
2108236,10.0,1
2108251,9.706139324323265,15
2108260,9.83644947587222,9
2108265,9.939471067020355,5
2108277,9.579015267263546,12
2108281,9.930797975628618,4
2108293,9.737874989681629,12
2108303,9.818160268685208,10
2108307,9.943628555094774,4
2108309,9.973969862959692,2
2108330,9.530396711326336,21
2108336,9.88917671098915,6
2108352,9.665366250654653,16
2108370,9.62085596655163,18
2108385,9.65910056438285,15
2108394,9.805865238025012,9
2108401,9.89648299112047,7
2108413,9.761171513139955,12
2108422,9.804829135045615,9
2108435,9.719551510489795,13
2108436,10.0,1
2108459,9.565003001857217,23
2108468,9.829556265464102,9
2108480,9.719439942023218,12
2108486,9.892729565743583,6
2108505,9.623795774748253,19
2108513,9.825978486126024,8
2108529,9.594322546534157,16
2108538,9.823610049690032,9
2108548,9.81940982117555,10
2108561,9.709971387365687,13
2108577,9.660320273037739,16
2108581,9.94033532653131,4
2108594,9.703382607835124,13
2108607,9.71443147136717,13
2108616,9.82106066532536,9
2108617,10.0,1
2108626,9.806266374643085,9
2108627,10.0,1
2108636,9.824087446577712,9
2108637,10.0,1
2108644,9.871789229831961,7
2108645,10.0,1
2108646,10.0,1
2108647,10.0,1
2108656,9.799776900482794,9
2108667,9.74386790872437,11
2108668,10.0,1
2108680,9.72173038206102,12
2108691,9.770049924859109,11
2108707,9.714472228591676,16
2108717,9.78310241285191,10
2108727,9.788886864208214,10
2108734,9.882522545400303,7
2108739,9.902950221118184,5
2108740,10.0,1
2108761,9.452127720661869,21
2108779,7.952727090719086,18
2108794,9.723473009724376,15
2108804,9.709720394395863,10
2108813,9.809421692241207,9
2108821,9.842922515120604,8
2108838,9.625797523022207,17
2108845,9.858163791387591,7
2108852,9.880031509872422,7
2108859,9.90260850724733,7
2108862,9.965606265702599,3
2108869,9.860106719882697,7
2108873,9.947407820288957,4
2108880,9.875838862282272,7
2108894,9.67580624961227,14
2108907,9.50998630164323,13
2108915,9.882590546603804,8
2108925,9.781835991928315,10
2108946,8.637158447228746,21
2108956,9.802162876907651,10
2108970,9.695052836565113,14
2108971,10.0,1
2108979,9.835511576122551,8
2108983,9.933006000719562,4
2108984,10.0,1
2108992,9.746817196215364,8
2108999,9.858287687668696,7
2109000,10.0,1
2109001,9.996024185804341,1
2109007,9.888654151132993,6
2109015,9.833138357771833,8
2109029,9.704848020709026,14
2109038,9.824497030008898,9
2109042,9.934192554695182,4
2109068,9.446422856260217,26
2109083,9.627310731933242,15
2109096,9.711772806530869,13
2109102,9.897202762034944,6
2109110,9.839884734725528,8
2109119,9.711002674189027,9
2109131,9.701278247379854,12
2109149,9.596182276093469,18
2109165,9.494297098749321,16
2109166,10.0,1
2109175,9.831776370898494,9
2109189,9.679317555844573,14
2109200,9.781993595532805,11
2109216,9.672107015466656,16
2109217,10.0,1
2109232,9.675589757667987,15
2109244,9.730108795619959,12
2109258,9.671585410187973,14
2109274,9.65083483997567,16
2109286,9.74960423519613,12
2109296,9.785967255496024,10
2109301,9.913698733370543,5
2109313,9.760141222820312,12
2109318,9.923257755565235,5
2109325,9.894782728327467,7
2109335,9.811988312317736,10
2109336,10.0,1
2109339,9.952230656261738,3
2109348,9.839350160322228,9
2109356,9.862425143217886,8
2109359,9.957687628711117,3
2109373,9.684974231241233,14
2109374,10.0,1
2109386,9.745406663625998,12
2109395,9.827578710505325,9
2109404,9.818916404959722,9
2109412,9.846659620393051,8
2109414,9.985159467164694,2
2109426,9.775044914554456,12
2109434,9.651029580570476,8
2109450,9.620050827628836,16
2109467,9.59776359049799,17
2109480,9.72356888356561,13
2109498,9.60227902659569,18
2109511,9.718859226408275,13
2109512,10.0,1
2109521,9.843365605624388,9
2109558,9.245478168768447,37
2109571,9.7078618323322,13
2109582,9.775630409096863,11
2109595,9.746743332794162,13
2109605,9.759623286838657,10
2109612,9.867397465372571,7
2109627,9.684727528614763,15
2109631,9.939169799524466,4
2109634,9.961128009454193,3
2109643,9.815078099971222,9
2109650,9.870763301040887,7
2109654,9.928666100918184,4
2109660,9.812504979707782,6
2109673,9.705963509355346,13
2109682,9.83522836585245,9
2109689,9.877035306168253,7
2109703,9.720949789297629,14
2109705,9.980468886248318,2
2109727,9.572236239091739,22
2109740,9.713752467186813,13
2109761,9.553301302825869,21
2109767,9.908821864953289,6
2109790,9.49924014466957,23
2109803,9.72340996734701,13
2109813,9.79875760892164,10
2109819,9.900853527074055,6
2109825,9.903424565532022,6
2109835,9.778556145472018,10
2109842,9.859754008121897,7
2109856,9.70051186037239,14
2109884,9.083857695839587,28
2109894,9.805202139675895,10
2109906,9.717218127129335,12
2109909,9.952864774398112,3
2109916,9.785952819014573,7
2109919,9.964309694919335,3
2109930,9.779999043161853,11
2109939,9.829026069750604,9
2109947,9.848683912683093,8
2109959,9.727093209898218,12
2109970,9.744361793597578,11
2109980,9.83281290829712,10
2109993,9.749038427691499,13
2110006,9.705882794386678,13
2110025,9.60481873370148,19
2110040,9.655561389211577,15
2110041,10.0,1
2110047,9.904207688635783,6
2110056,9.800959995896536,9
2110064,9.871980818726422,8
2110086,9.324497418132975,22
2110102,9.656525470222295,16
2110113,9.77435480611923,11
2110123,9.830678578087772,10
2110132,9.80708639381465,9
2110139,9.876422778904825,7
2110149,9.809955557806758,10
2110156,9.871655508408189,7
2110162,9.890652703462312,6
2110163,10.0,1
2110168,9.911815440270892,5
2110175,9.866763549647612,7
2110181,9.708427348387481,6
2110193,9.73270394811303,12
2110204,9.749569812502223,11
2110213,9.826356530207754,9
2110224,9.767154746059617,11
2110226,9.972219959539506,2
2110235,9.825819120620354,9
2110243,9.81384017015647,8
2110260,9.393505106300855,17
2110272,9.739312461433009,12
2110283,9.592479785734767,11
2110293,9.800088866506176,10
2110306,9.716222250782913,13
2110314,9.838223870202793,8
2110323,9.819244462399123,9
2110332,9.80651889758902,9
2110339,9.900225565647718,7
2110385,9.141098857736132,46
2110399,9.606318093660844,14
2110400,10.0,1
2110416,9.458039660964044,16
2110425,9.826985924510101,9
2110439,9.673886397966477,14
2110449,9.796093631954756,10
2110463,9.69922813118247,14
2110473,9.790016306464224,10
2110482,9.81371586709251,9
2110487,9.918421111485832,5
2110501,9.67588582296692,14
2110506,9.91527895955139,5
2110519,9.722693670110381,13
2110526,9.849054811794508,7
2110542,9.624194430664748,16
2110555,9.736258300390244,13
2110562,9.88512564305551,7
2110569,9.879121261547239,7
2110577,9.875648938921628,8
2110581,9.936336180448045,4
2110593,9.562436456234998,12
2110597,9.94357228882114,4
2110600,9.966497200572013,3
2110609,9.815869731227677,9
2110623,9.671658974758156,14
2110631,9.85417408063216,8
2110643,9.749206120979446,12
2110651,9.859945453653904,8
2110657,9.884247050730842,6
2110660,9.957999134161366,3
2110674,9.684804134320345,14
2110679,9.920116432156085,5
2110694,9.672070377022298,15
2110697,9.953616379708404,3
2110709,9.760406757150946,12
2110732,9.515100079240096,23
2110747,9.67718849829198,15
2110771,9.438879957300657,24
2110772,9.996282601661374,1
2110793,9.541276889169634,21
2110802,9.833008397183871,9
2110820,9.607572834801474,18
2110828,9.815320881484947,8
2110837,9.835738080979016,9
2110846,9.856244457346076,9
2110847,10.0,1
2110853,9.892497150494627,6
2110860,9.885758228077826,7
2110869,9.817222512593384,9
2110882,9.732135807587019,13
2110896,9.685415934369999,14
2110904,9.822244025848315,8
2110912,9.862228903236897,8
2110920,9.852424035737986,8
2110929,9.72799586492628,9
2110944,9.717867668590142,15
2110951,9.871617158849674,7
2110956,9.918183432685195,5
2110959,9.967421617265328,3
2110964,9.91069918401802,5
2110966,9.971946116290795,2
2110972,9.506197001887253,6
2110977,9.924914314330726,5
2110985,9.821900253379635,8
2110994,9.834278571622589,9
2110997,9.950069174416965,3
2111007,9.814253010379108,10
2111012,9.921378102330129,5
2111030,9.620983329930825,18
2111031,10.0,1
2111039,9.862039660460633,8
2111044,9.901597234336101,5
2111056,9.769069348530046,12
2111072,9.633916482709667,16
2111089,9.64456522865311,17
2111092,9.959561408825572,3
2111095,9.954809115437884,3
2111108,9.709925389002356,13
2111109,10.0,1
2111117,9.842945897863661,8
2111128,9.754327142603024,11
2111134,9.89877062374237,6
2111142,9.852700475192519,8
2111148,9.8931630325173,6
2111160,9.758967760672608,12
2111169,9.823686363815586,9
2111177,9.874251717613287,8
2111180,9.957880833594237,3
2111196,9.6168844173427,16
2111201,9.916018967144685,5
2111206,9.914543211880122,5
2111214,9.864594713328982,8
2111229,9.686533840957035,15
2111235,9.89987978399781,6
2111239,9.947059690863544,4
2111245,9.901209874288806,6
2111259,9.670526484379042,14
2111265,9.904703862549715,6
2111275,9.810189412187645,10
2111282,9.854746866316379,7
2111291,9.833367376351942,9
2111300,9.830821621619398,9
2111307,9.89620908059326,7
2111311,9.94544728338859,4
2111322,9.788022336284785,11
2111341,9.548599555490078,19
2111350,9.79814006640656,9
2111356,9.878707388218215,6
2111369,9.736355675078958,13
2111378,9.733184723031496,9
2111390,9.741786668820021,12
2111397,9.886752936926984,7
2111412,9.697293157341097,15
2111433,9.566279981433153,21
2111442,9.797172645272735,9
2111446,9.940877942146564,4
2111447,10.0,1
2111459,9.731246760631764,12
2111469,9.79789648521777,10
2111485,9.70723555601269,16
2111492,9.884656071295085,7
2111495,9.966404511249328,3
2111501,9.887375282740445,6
2111516,9.642062200128446,15
2111530,9.677585841278391,14
2111543,9.73388686062365,13
2111551,9.837708943703987,8
2111552,9.996386504238718,1
2111557,9.922360530847707,5
2111569,9.735422681018438,12
2111606,9.316082050401818,37
2111624,9.594727222592839,18
2111631,9.877721711389512,7
2111639,9.839231207089124,8
2111650,9.755949674022471,11
2111651,10.0,1
2111664,9.747078010543616,13
2111672,9.851701228997445,8
2111677,9.903622267304765,5
2111684,9.879881366074134,7
2111695,9.780747138452812,11
2111709,9.692970470525983,14
2111715,9.891794488609941,6
2111716,10.0,1
2111724,9.840480745654135,8
2111730,9.903482891632406,6
2111739,9.831812529784052,9
2111741,9.974073608525856,2
2111746,9.926405265384224,5
2111754,9.844781445406582,8
2111766,9.731557096675445,12
2111767,9.996531939057457,1
2111775,9.838355896042689,8
2111784,9.79435034543072,9
2111790,9.889099279721853,6
2111801,9.788982602873425,11
2111809,9.86282479371634,8
2111819,9.825852987191812,10
2111833,9.726922168602085,14
2111840,9.88122393636499,7
2111853,9.717519484571781,13
2111863,9.840673540316196,10
2111866,9.956636938727412,3
2111872,9.916939558259672,6
2111877,9.924700528487621,5
2111889,9.736034286567133,12
2111901,9.720203522421226,12
2111910,9.84403231651321,9
2111911,10.0,1
2111915,9.942588045563804,4
2111921,9.887830277545556,6
2111935,9.672291519098133,14
2111936,10.0,1
2111952,9.636038153452281,16
2111956,9.932275456474992,4
2111966,9.778452350285017,10
2111980,9.67157515985774,14
2111987,9.889261585214621,7
2111998,9.746941647811225,11
2112015,9.536035606119714,17
2112030,9.662628583468772,15
2112038,9.85250316071704,8
2112044,9.89384099609733,6
2112066,9.552864929569783,22
2112081,9.7047669401741,15
2112100,9.581606205542057,19
2112112,9.632510656889924,12
2112121,9.819182653694268,9
2112134,9.746415138298046,13
2112149,9.645885957875018,15
2112152,9.967551139902318,3
2112161,9.817047045565118,9
2112165,9.941955892498196,4
2112183,9.624675168618127,18
2112189,9.915942573258931,6
2112194,9.944485480119598,5
2112200,9.902295276729363,6
2112215,9.660815823829205,15
2112226,9.761922456052794,11
2112235,9.817381022656877,9
2112250,9.646415661033025,15
2112256,9.889441472600044,6
2112289,9.179138032101644,33
2112298,9.814569551444128,9
2112305,9.855998458752888,7
2112310,9.919510397015179,5
2112328,9.579756099007453,18
2112336,9.846897498452174,8
2112353,9.147328478747065,17
2112376,9.45562600431628,23
2112389,9.70979105101412,13
2112394,9.926530236780543,5
2112408,9.690565007568177,14
2112417,9.846969185198228,9
2112419,9.972712704795477,2
2112426,9.909037843532376,7
2112435,9.80718224256819,9
2112442,9.87185048076719,7
2112468,9.525458358182878,26
2112482,9.71672924183487,14
2112491,9.838508514669003,9
2112500,9.818448529872681,9
2112507,9.876949219837913,7
2112508,9.996518263673996,1
2112522,9.682769605960686,14
2112535,9.713412312866247,13
2112540,9.92024260165645,5
2112553,9.697770605631069,13
2112563,9.82394127266325,10
2112571,9.843973354098315,8
2112575,9.951962933169506,4
2112580,9.914806541943948,5
2112585,9.919881799958796,5
2112596,9.796746817990698,11
2112601,9.914113235471012,5
2112607,9.88830112492207,6
2112620,9.711378298687396,13
2112632,9.733003084814023,12
2112638,9.892633728549216,6
2112643,9.925328035787992,5
2112652,9.80508770692875,9
2112662,9.81335656244077,10
2112663,10.0,1
2112668,9.929357240858192,5
2112678,9.81694584218268,10
2112694,9.451040139641576,16
2112695,10.0,1
2112700,9.896992196223634,5
2112712,9.748979235639613,12
2112720,9.837890733047496,8
2112732,9.720889137659329,12
2112742,9.792883489727542,10
2112750,9.856020280493482,8
2112755,9.92359360528311,5
2112756,10.0,1
2112764,9.841947019393233,8
2112769,9.918309879403516,5
2112773,9.943723371309241,4
2112787,9.73835501949257,14
2112815,9.193266873519136,28
2112830,9.671242130212773,15
2112833,9.959756141610137,3
2112834,10.0,1
2112845,9.780817989069464,11
2112853,9.890152144185121,8
2112861,9.867541830972987,8
2112875,9.693113408458597,14
2112897,9.45235330881159,22
2112912,9.606592987353165,15
2112919,9.858522937705713,7
2112926,9.84141642190013,7
2112939,9.724844861028465,13
2112951,9.745112516880852,12
2112968,9.641684788014595,17
2112986,9.560956369675804,18
2112994,9.831243698656312,8
2113006,9.732143694788277,12
2113017,9.769109915586304,11
2113022,9.929667976642989,5
2113035,9.747710470508794,13
2113044,9.794459978803228,9
2113058,9.68278427103576,14
2113063,9.932085171206538,5
2113067,9.939430333942202,4
2113072,9.927849402126943,5
2113076,9.926472172043482,4
2113081,9.915996491290795,5
2113093,9.733670465940008,12
2113100,9.8745564254901,7
2113108,9.86459314221872,8
2113121,9.768403095758046,13
2113126,9.918633460517373,5
2113129,9.960321016638188,3
2113138,9.804342833344405,9
2113147,9.836418687077995,9
2113157,9.81769413947186,10
2113169,9.749539624636165,12
2113178,9.617351683053128,9
2113203,9.559920158074735,25
2113211,9.847143634141656,8
2113219,9.818854493796948,8
2113227,9.825419363688457,8
2113234,9.851343796195732,7
2113248,9.753504263473024,14
2113255,9.867673317990878,7
2113267,9.82779618530509,12
2113277,9.782153183401043,10
2113290,9.697710848606384,13
2113296,9.928209963734728,6
2113311,9.674722565621554,15
2113318,9.882805585194468,7
2113328,9.788331698310772,10
2113334,9.916797614758721,6
2113344,9.79912084118094,10
2113345,10.0,1
2113355,9.776911023291868,10
2113369,9.691610667906664,14
2113384,9.632424104702071,15
2113389,9.920726622711513,5
2113392,9.963067534027221,3
2113400,9.828220909678699,8
2113408,9.838497531373317,8
2113421,9.71919156857787,13
2113436,9.716226177586654,15
2113449,9.775860976705745,13
2113455,9.908533732830737,6
2113462,9.851485079448324,7
2113465,9.960742204160715,3
2113478,9.539706899439086,13
2113490,9.7884454973347,12
2113497,9.889478272034008,7
2113501,9.944974658820726,4
2113507,9.897421872139546,6
2113518,9.817456269010615,11
2113519,10.0,1
2113531,9.753628789726191,12
2113539,9.856621761569434,8
2113551,9.722260068931355,12
2113557,9.900798490528262,6
2113562,9.92516970795808,5
2113563,9.99656242203,1
2113576,9.736329275028957,13
2113592,9.536645786944755,16
2113593,10.0,1
2113599,9.889601762995422,6
2113607,9.857992186220327,8
2113620,9.712009353441793,13
2113628,9.856991507210116,8
2113643,9.66156587065811,15
2113650,9.872358072885396,7
2113651,9.996599711976279,1
2113656,9.91142839630221,5
2113693,8.85310692416601,37
2113704,9.781556975138093,11
2113710,9.90159120273752,6
2113722,9.74118258905802,12
2113728,9.888844251663375,6
2113736,9.86127069265721,8
2113749,9.712602374277498,13
2113754,9.909951958494883,5
2113757,9.958831059698593,3
2113767,9.795826613950613,10
2113770,9.951553198510846,3
2113773,9.966700189307161,3
2113811,9.291875354167747,38
2113817,9.897067098826879,6
2113823,9.902328385755593,6
2113828,9.913675121718514,5
2113838,9.788191732597657,10
2113839,10.0,1
2113858,9.614961909851214,19
2113870,9.788034680282154,12
2113883,9.708262549746397,13
2113886,9.966673990458078,3
2113890,9.923762645174845,4
2113905,9.650727207111101,15
2113926,7.113787950747935,21
2113939,9.737625441929874,13
2113941,9.973516928974426,2
2113943,9.971869167430249,2
2113956,9.690518917048513,13
2113966,9.775734203393862,10
2113971,9.905507115508703,5
2113980,9.82221257177549,9
2113989,9.833200425241406,9
2113998,9.840356801117922,9
2114007,9.816435046656078,9
2114008,10.0,1
2114020,9.741877189897975,12
2114036,9.631883121373034,16
2114037,10.0,1
2114044,9.860562569671599,7
2114049,9.918835638272895,5
2114056,9.890571817827205,7
2114064,9.827161300244338,8
2114071,9.867291142487971,7
2114074,9.94857825421179,3
2114081,9.844481437027296,7
2114088,9.890067658216795,7
2114104,9.667180674904357,16
2114108,9.93910227174751,4
2114115,9.880446454741874,7
2114124,9.816822512453856,9
2114127,9.962648888132989,3
2114141,9.669976515805358,14
2114153,9.778562699493872,12
2114167,9.528360268259993,14
2114180,9.698777687481059,13
2114190,9.81038307407643,10
2114198,9.844328706242694,8
2114199,9.996476265616641,1
2114205,9.893465403977045,6
2114206,10.0,1
2114212,9.897993421578514,6
2114217,9.928707399627806,5
2114222,9.913044388413429,5
2114225,9.963055841944847,3
2114230,9.912717161366471,5
2114234,9.927446348255193,4
2114237,9.961240217755822,3
2114246,9.829962035285257,9
2114249,9.959065341519198,3
2114270,9.497838474108253,21
2114280,9.832274153872344,10
2114288,9.858034331181383,8
2114292,9.938656694828586,4
2114300,9.742816751614043,8
2114310,9.79034331362796,10
2114325,9.657835494736107,15
2114342,9.62477287402499,17
2114350,9.84625443684351,8
2114358,9.863536677058129,8
2114363,9.933736725735713,5
2114372,9.803968238477355,9
2114378,9.873568942278714,6
2114391,9.728809302545189,13
2114392,9.996700662388754,1
2114406,9.742136223351915,14
2114418,9.719171049838181,12
2114427,9.819857948849705,9
2114439,9.729168791519607,12
2114450,9.778954513436183,11
2114459,9.815711107819398,9
2114461,9.9751845033278,2
2114475,9.681252496362534,14
2114476,10.0,1
2114486,9.783386202696553,10
2114498,9.82655697653377,12
2114513,9.710478248030203,15
2114531,9.604946244022297,18
2114542,9.756916880735412,11
2114549,9.882177337774456,7
2114552,9.957753503795697,3
2114554,9.98102598392929,2
2114567,9.706625615640615,13
2114575,9.7458689850854,8
2114582,9.867824155362596,7
2114594,9.746296903001635,12
2114595,10.0,1
2114610,9.699584923285988,15
2114623,9.700210471678815,13
2114629,9.899926324427312,6
2114642,9.765966309749784,13
2114651,9.715378225152097,9
2114665,9.700874684488586,14
2114675,9.819152654316083,10
2114676,10.0,1
2114686,9.786710165238189,10
2114693,9.898189625462972,7
2114704,9.7635710101361,11
2114727,9.351618691673652,23
2114743,9.659241886282938,16
2114754,9.773218062897419,11
2114764,9.593848778619884,10
2114774,9.794726830525443,10
2114787,9.708291968406877,13
2114801,9.69664945506546,14
2114811,9.773062937297745,10
2114814,9.946240096368435,3
2114826,9.749281688737007,12
2114837,9.794219257138689,11
2114838,10.0,1
2114839,10.0,1
2114843,9.940846876003606,4
2114844,9.993205810338935,1
2114855,9.763857583643716,11
2114856,10.0,1
2114866,9.80472570430091,10
2114868,9.984968134583342,2
2114875,9.896688703883115,7
2114882,9.879932788831578,7
2114892,9.75987655740914,10
2114905,9.711790256479226,13
2114911,9.911143585155735,6
2114915,9.938096197188129,4
2114925,9.793245841019303,10
2114948,9.376792793839853,23
2114949,10.0,1
2114958,9.808270494923528,9
2114959,10.0,1
2114970,9.785045406723386,11
2114976,9.88464726454719,6
2114987,9.773230360886053,11
2114990,9.947861499546638,3
2115003,9.699905130426306,13
2115014,9.782572524524271,11
2115015,10.0,1
2115033,9.551933508507913,18
2115040,9.852379408026367,7
2115049,9.834948349315905,9
2115061,9.732561431557459,12
2115070,9.809567063618507,9
2115085,9.699980778243004,15
2115092,9.873532658312161,7
2115106,9.715023233313662,14
2115113,9.884380180375006,7
2115124,9.747728412833887,11
2115132,9.826163917915123,8
2115146,9.75275650743217,14
2115147,10.0,1
2115148,9.992484140121707,1
2115164,9.673824086136992,16
2115174,9.808149475033558,10
2115185,9.741119975289443,11
2115193,9.837369053846766,8
2115201,9.818531673178443,8
2115211,9.802510038221717,10
2115216,9.923319351615126,5
2115223,9.856046892046932,7
2115231,9.848612086533134,8
2115232,10.0,1
2115254,9.159745710883966,22
2115259,9.924932342622535,5
2115273,9.674359450651117,14
2115275,9.971147759156791,2
2115285,9.77764439866767,10
2115291,9.89178274820346,6
2115292,9.996835740420899,1
2115299,9.888292653783164,7
2115313,9.687386678436681,14
2115325,9.776607109268205,12
2115331,9.874474156603988,6
2115338,9.877280588588926,7
2115341,9.95260261820437,3
2115347,9.875820764550992,6
2115353,9.907200701473435,6
2115359,9.910212409336157,6
2115372,9.772836588842008,13
2115381,9.807160332622338,9
2115386,9.915092553462248,5
2115398,9.762337379066198,12
2115416,9.595373803328158,18
2115424,9.832037762595768,8
2115434,9.792982296225555,10
2115435,10.0,1
2115451,9.721486341096185,16
2115461,9.800684556988466,10
2115473,9.726525132963996,12
2115474,10.0,1
2115475,9.992870592778283,1
2115479,9.945106292683171,4
2115496,9.599410107195363,17
2115513,9.614567073924091,17
2115519,9.906141541404164,6
2115534,9.685457215231459,15
2115545,9.753509761168502,11
2115553,9.84785021597825,8
2115554,10.0,1
2115571,9.579129111429681,17
2115573,9.973533924914525,2
2115580,9.87276961569553,7
2115588,9.84650084844996,8
2115589,10.0,1
2115596,9.866883832934665,7
2115605,9.82762775345531,9
2115606,9.995917999564892,1
2115607,10.0,1
2115609,9.973234355261976,2
2115618,9.837465511356273,9
2115628,9.778947679135882,10
2115633,9.927419638437549,5
2115642,9.802521844628615,9
2115652,9.789526963094177,10
2115663,9.76259124660148,11
2115676,9.746931717554498,13
2115687,9.780426537557933,11
2115698,9.79286433256924,11
2115708,9.804814752817885,10
2115719,9.748051273025384,11
2115733,9.672459924976671,14
2115740,9.884473410846537,7
2115752,9.757059238381684,12
2115761,9.833215098859673,9
2115766,9.913960170018557,5
2115769,9.948355862813315,3
2115770,10.0,1
2115788,9.5326388391956,18
2115792,9.945769678144707,4
2115793,9.99266731514628,1
2115800,9.882941596806726,7
2115807,9.871854144876517,7
2115828,9.513482891251776,21
2115844,9.681631724089769,16
2115858,9.711922369218941,14
2115866,9.86118982557568,8
2115882,9.655738793356374,16
2115891,9.846810127584757,9
2115906,9.698645565909592,15
2115909,9.952774752958183,3
2115920,9.77757922703641,11
2115927,9.797911612246395,7
2115933,9.893856030125857,6
2115938,9.908385105889987,5
2115950,9.76355140130241,12
2115962,9.764631555245218,12
2115970,9.85009546048336,8
2115980,9.670170329565176,10
2115993,9.723470417070624,13
2116017,9.481974223463954,24
2116018,10.0,1
2116034,9.627934062546847,16
2116046,9.762112765032596,12
2116063,9.621496627122813,17
2116080,9.633519073753632,17
2116091,9.772488548669351,11
2116099,9.841909295122003,8
2116108,9.835255630112238,9
2116124,9.699159046789953,16
2116137,9.725779294112817,13
2116144,9.873946193970108,7
2116150,9.91279561891899,6
2116151,10.0,1
2116152,10.0,1
2116156,9.941565765753378,4
2116168,9.74354061982961,12
2116175,9.875691529913006,7
2116184,9.821376218005517,9
2116197,9.716649120388787,13
2116210,9.737402693596424,13
2116224,9.705549272883879,14
2116225,10.0,1
2116242,9.641026508898362,17
2116255,9.70199305842004,13
2116259,9.929033597517373,4
2116280,9.507372576560174,21
2116291,9.755259703530166,11
2116299,9.880850067989106,8
2116313,9.6883477715032,14
2116322,9.815594304894981,9
2116334,9.753163246707075,12
2116347,9.744789253900633,13
2116358,9.78078142299714,11
2116369,9.786052167488855,11
2116375,9.903334576327106,6
2116382,9.88182163979615,7
2116388,9.914517751515064,6
2116395,9.884089541884515,7
2116401,9.870426908859256,6
2116411,9.772142558978047,10
2116422,9.753114092467483,11
2116444,8.846447494079017,22
2116454,9.832380054836886,10
2116460,9.891285428966873,6
2116463,9.965233582810427,3
2116468,9.930578370683223,5
2116473,9.914732400019018,5
2116485,9.729763897504867,12
2116486,10.0,1
2116496,9.781024720757017,10
2116497,10.0,1
2116499,9.970467977674453,2
2116509,9.780431699110867,10
2116513,9.929187703896218,4
2116531,9.637194483673563,18
2116543,9.717466495707788,12
2116552,9.788936577088753,9
2116553,10.0,1
2116561,9.85948403866685,8
2116567,9.880178717528267,6
2116583,9.711683333722489,16
2116592,9.848150311891718,9
2116601,9.812320534160499,9
2116605,9.94111007815043,4
2116624,9.125576516981223,19
2116631,9.884319512052365,7
2116651,9.565636899755338,20
2116661,9.787950233023993,10
2116682,9.572142027064364,21
2116696,9.692636788742881,14
2116708,9.80620800660093,12
2116711,9.959691372957547,3
2116721,9.800439858528232,10
2116727,9.885644610136564,6
2116748,9.63278549307733,21
2117248,-204.5647728003688,500
2117251,9.960374329578213,3
2117252,10.0,1
2117254,9.984111145531209,2
2117266,9.620292743270575,12
2117273,9.877233841760576,7
2117276,9.951303601556875,3
2117286,9.795242746615846,10
2117300,9.687566027419821,14
2117307,9.851004822136828,7
2117317,9.806202479164185,10
2117319,9.97330657420815,2
2117320,10.0,1
2117335,9.734858624024389,15
2117345,9.801413746914244,10
2117357,9.762286148403811,12
2117367,9.810520347371693,10
2117383,9.678215191551024,16
2117389,9.891654732730672,6
2117399,9.803430966896478,10
2117407,9.853235154096398,8
2117421,9.708563799828577,14
2117433,9.613022429568737,12
2117440,9.86935399128389,7
2117452,9.708366544839008,12
2117456,9.930405183490645,4
2117471,9.59664294984159,15
2117477,9.886385393743684,6
2117482,9.933088719821251,5
2117495,9.722948655768032,13
2117543,9.131189964269632,48
2117554,9.777523424257305,11
2117559,9.910369736963268,5
2117563,9.949310896615689,4
2117580,9.608277519342927,17
2117590,9.806608979044316,10
2117594,9.93659394619389,4
2117609,9.68724811852122,15
2117614,9.918057930278367,5
2117618,9.938332941862702,4
2117624,9.908632504670315,6
2117631,9.675608098348475,7
2117640,9.79444678424195,9
2117641,10.0,1
2117651,9.794697144195599,10
2117655,9.934641120120448,4
2117668,9.742245164507581,13
2117679,9.775580990636852,11
2117680,10.0,1
2117689,9.826198141114748,9
2117700,9.765528384595084,11
2117706,9.898568979811738,6
2117712,9.913635454494386,6
2117714,9.975562786718271,2
2117725,9.783491300223915,11
2117734,9.846446151442002,9
2117744,9.819168315659939,10
2117745,10.0,1
2117766,9.526839921701134,21
2117777,9.758637633415866,11
2117789,9.737193501286603,12
2117797,9.841948155140912,8
2117809,9.732191092806307,12
2117819,9.80834722457737,10
2117837,9.69721820692755,18
2117844,9.877785752664948,7
2117845,10.0,1
2117857,9.714928270092388,12
2117863,9.902642964274847,6
2117876,9.711866388949032,13
2117885,9.839601233715479,9
2117890,9.932490648991743,5
2117897,9.890602203242997,7
2117902,9.917059038399724,5
2117913,9.747254182170195,11
2117925,9.7522834387597,12
2117935,9.797550205498784,10
2117938,9.97164684581069,3
2117945,9.862940872309178,7
2117952,9.85881792981653,7
2117968,9.610190374189445,16
2117979,9.755391627560074,11
2117995,9.606180880511166,16
2117996,10.0,1
2118007,9.790865551477458,11
2118022,9.643643814818592,15
2118036,9.683732500120655,14
2118042,9.88495674258162,6
2118052,9.853511614480603,10
2118074,9.554444383522998,22
2118083,9.84079097393752,9
2118090,9.877127631598729,7
2118100,9.820559956593224,10
2118107,9.872665503408873,7
2118120,9.73580000196947,13
2118126,9.903567329169912,6
2118146,9.591169072905195,20
2118150,9.936787001569282,4
2118166,9.627256521904048,16
2118179,9.763103228764635,13
2118230,8.599786798747349,51
2118239,9.82598004395792,9
2118255,9.62042901719929,16
2118264,9.794100490647306,9
2118272,9.854937416492342,8
2118283,9.793291953745515,11
2118286,9.958376782852856,3
2118287,9.992759709541579,1
2118307,9.627951622793216,20
2118319,9.728407348541431,12
2118325,9.893272441276457,6
2118332,9.88711534577122,7
2118342,9.76774379921181,10
2118350,9.853232600474882,8
2118351,10.0,1
2118359,9.831545834398973,8
2118365,9.90269176352862,6
2118367,9.979170517758142,2
2118373,9.915943527843273,6
2118382,9.798739117486756,9
2118398,9.605477130477977,16
2118404,9.8889781986382,6
2118405,10.0,1
2118407,9.975810855449351,2
2118421,9.647748831501502,14
2118424,9.951405384959664,3
2118430,9.900213057998268,6
2118443,9.69130559507115,13
2118457,9.66199584129197,14
2118465,9.81115872536982,8
2118467,9.96965498349179,2
2118477,9.817063491194272,10
2118478,10.0,1
2118494,9.604929221054125,16
2118501,9.849573822742936,7
2118516,9.716627778274926,15
2118527,9.797936339716017,11
2118537,9.827305392076306,10
2118549,9.58290372625275,12
2118558,9.800426746355594,9
2118565,9.869468538930125,7
2118574,9.839389070324827,9
2118584,9.805936876914135,10
2118585,10.0,1
2118590,9.916205308994122,5
2118597,9.866725534592955,7
2118604,9.866344354259745,7
2118605,10.0,1
2118612,9.87871132744765,7
2118664,9.173029230819305,52
2118672,9.839894636286823,8
2118683,9.743826435974473,11
2118700,9.598126724335929,17
2118709,9.847613620648982,9
2118715,9.899654535507123,6
2118727,9.767352762315317,12
2118738,9.791045347044362,11
2118747,9.836551382469548,9
2118751,9.940120363504597,4
2118764,9.724171499604253,13
2118779,9.691872838694284,15
2118796,9.603868504990686,17
2118808,9.769097832215724,12
2118816,9.856049690095467,8
2118837,9.559356233957606,21
2118843,9.88333958577614,6
2118857,9.672152023598414,14
2118859,9.968164796574493,2
2118870,9.767526483900745,11
2118878,9.827893571843594,8
2118885,9.870761886952437,7
2118897,9.672882098905278,12
2118908,9.737967045977742,11
2118921,9.686142715493899,13
2118936,9.632677036425214,15
2118943,9.864528058538767,7
2118952,9.823697205816933,9
2118961,9.809237058750496,9
2118972,9.761946382561058,11
2118973,10.0,1
2118974,9.992758546221957,1
2118981,9.86754844501954,7
2118991,9.793677120896094,10
2118997,9.883288821145696,6
2119010,9.729208177958242,13
2119020,9.773922873472477,10
2119031,9.769371350764699,11
2119040,9.828195653046171,9
2119049,9.808983736371292,9
2119052,9.96119948282257,3
2119062,9.788981192493667,10
2119077,9.345604889717096,15
2119085,9.875140866430938,8
2119097,9.650311305497095,12
2119099,9.970742154494733,2
2119103,9.93814316815667,4
2119106,9.952402529139988,3
2119116,9.782707228081097,10
2119126,9.785101421164848,10
2119140,9.669515401875326,14
2119149,9.819242858665211,9
2119157,9.855657273478199,8
2119165,9.860998935753804,8
2119177,9.775166676154438,12
2119178,10.0,1
2119181,9.961053962931501,3
2119190,9.830277267477149,9
2119193,9.964665359005686,3
2119202,9.81298609861136,9
2119211,9.85980686131645,9
2119217,9.895224896261094,6
2119229,9.75418335422804,12
2119240,9.747679640328172,11
2119245,9.916783087396125,5
2119261,9.619929345170405,16
2119270,9.815863533868708,9
2119273,9.969077117663689,3
2119277,9.945366416620727,4
2119289,9.791607300529115,12
2119294,9.901194024992082,5
2119301,9.8776837202331,7
2119308,9.883843205901208,7
2119316,9.862356238231477,8
2119317,10.0,1
2119318,10.0,1
2119328,9.788627270365557,10
2119339,9.790598127632707,11
2119358,9.586017333450132,19
2119371,9.717543929377666,13
2119376,9.913974505315146,5
2119390,9.76759346786213,14
2119392,9.973197635500943,2
2119403,9.776256278857453,11
2119421,9.594849629295817,18
2119428,9.87047662940114,7
2119443,9.669581447015482,15
2119445,9.97138289283698,2
2119453,9.865716233214886,8
2119459,9.89658851128732,6
2119462,9.96674914484294,3
2119468,9.891035095992965,6
2119480,9.736267981967954,12
2119487,9.8611379264378,7
2119498,9.775169624639613,11
2119512,9.649631899971704,14
2119526,9.695893623573909,14
2119539,9.71269591559579,13
2119552,9.6925839838198,13
2119566,9.707437648387161,14
2119571,9.91007417141172,5
2119590,9.56258337736414,19
2119599,9.82610117686863,9
2119604,9.920188565032525,5
2119615,9.789586095561452,11
2119632,9.577510384065148,17
2119643,9.753152333735226,11
2119661,9.58992591516374,18
2119669,9.821846011957103,8
2119684,9.514212747626454,15
2119687,9.969044719819488,3
2119690,9.9692678949658,3
2119700,9.793982089065029,10
2119704,9.92382999052205,4
2119709,9.91725471046311,5
2119711,9.974888415460205,2
2119714,9.957824469622834,3
2119717,9.948439560203619,3
2119718,10.0,1
2119733,9.64770746005533,15
2119741,9.839158155282085,8
2119760,9.16248148229597,19
2119763,9.963758762522554,3
2119769,9.88424986880778,6
2119776,9.87811114098597,7
2119777,9.99268543312567,1
2119779,9.974112163073432,2
2119780,10.0,1
2119786,9.89458233288223,6
2119791,9.922959790539348,5
2119809,9.612232219564756,18
2119819,9.780824989054706,10
2119828,9.817387283888829,9
2119837,9.838147669005753,9
2119844,9.87454279072752,7
2119858,9.671720357287212,14
2119874,9.725032201289997,16
2119887,9.708993182103162,13
2119895,9.864169968029826,8
2119906,9.763610908828575,11
2119915,9.821488376989498,9
2119929,9.68891572771105,14
2119937,9.846668460233612,8
2119949,9.76672301206954,12
2119960,9.750340633899166,11
2119981,9.505976679890857,21
2119983,9.980918981777142,2
2119997,9.703728931499281,14
2120006,9.816020018703739,9
2120019,9.709882603168785,13
2120020,10.0,1
2120030,9.78661252716563,10
2120041,9.800392862625065,11
2120053,9.741257065571808,12
2120064,9.761746486227263,11
2120074,9.819258684028659,10
2120077,9.948990684843798,3
2120088,9.749152630339,11
2120089,10.0,1
2120104,9.706659728022357,15
2120114,9.781152571142949,10
2120117,9.95937382884497,3
2120132,9.61728682493306,15
2120142,9.826767749317334,10
2120154,9.709625364229346,12
2120166,9.743998444905507,12
2120179,9.601322489069675,13
2120189,9.799210804240744,10
2120190,9.99276470594998,1
2120206,9.61442269861194,16
2120211,9.912108962864867,5
2120224,9.745615293579096,13
2120230,9.906571534664485,6
2120237,9.898628038461474,7
2120243,9.910388212444301,6
2120244,10.0,1
2120247,9.963151143033071,3
2120253,9.908928631656934,6
2120257,9.94544668017004,4
2120270,9.788866593731928,13
2120275,9.918721282326025,5
2120282,9.870169752824477,7
2120290,9.88791484294542,8
2120293,9.958726675634786,3
2120294,9.98960682614519,1
2120295,9.996664021878233,1
2120305,9.793201318014374,10
2120316,9.79323668929037,11
2120326,9.804223564596068,10
2120336,9.800976629203062,10
2120342,9.892067502934337,6
2120349,9.8783147235599,7
2120355,9.913345422101228,6
2120363,9.86821738556116,8
2120382,9.599862322661414,19
2120396,9.71219778201499,14
2120405,9.830935498862067,9
2120414,9.823872583405803,9
2120425,9.792021627306408,11
2120435,9.805080560328813,10
2120443,9.829525859166766,8
2120447,9.945088083675106,4
2120455,9.864195530725304,8
2120465,9.829126102972634,10
2120475,9.805583325913327,10
2120500,9.055880429986434,25
2120504,9.937026281694058,4
2120516,9.75360543621556,12
2120531,9.685153771364897,15
2120541,9.819130566652575,10
2120546,9.902777398799191,5
2120550,9.950827284661973,4
2120553,9.956980709322341,3
2120569,9.665319804990693,16
2120578,9.820820475917351,9
2120586,9.878190875673315,8
2120596,9.811631809534822,10
2120598,9.975577938895023,2
2120605,9.912983220784394,7
2120612,9.859464772786794,7
2120620,9.869680516116661,8
2120629,9.818154712897524,9
2120630,10.0,1
2120646,9.648077640549118,16
2120663,9.608435771993753,17
2120670,9.874552675930497,7
2120679,9.843305486332678,9
2120693,9.688618106270273,14
2120703,9.781459929209118,10
2120704,9.992304373220371,1
2120720,9.647011096290196,16
2120740,9.504391022718687,20
2120741,10.0,1
2120743,9.980876223294654,2
2120744,10.0,1
2120750,9.898683393178109,6
2120758,9.85276846623118,8
2120768,9.813783277270284,10
2120780,9.772595172077857,12
2120794,9.697377711439177,14
2120798,9.944163280497996,4
2120813,9.698799660484227,15
2120839,9.466643183571646,26
2120845,9.878108105607087,6
2120853,9.862864986202915,8
2120863,9.769323731563853,10
2120876,9.703730669896048,13
2120885,9.845073053154348,9
2120888,9.950875195681052,3
2120898,9.796170043629013,10
2120905,9.86924506809714,7
2120919,9.69096017168235,14
2120926,9.87409638423342,7
2120930,9.933816883398249,4
2120943,9.752370286277289,13
2120953,9.819574677725253,10
2120966,9.704392492920544,13
2120968,9.981521794780292,2
2120971,9.962192202196032,3
2120977,9.888605873703948,6
2120986,9.823154308314669,9
2120987,9.988866307358977,1
2120999,9.76242288599835,12
2121014,9.653909867545503,15
2121023,9.8529076399146,9
2121028,9.914107221341029,5
2121033,9.937182598942883,5
2121045,9.745924555401837,12
2121057,9.748413125676308,12
2121073,9.68927669381677,16
2121079,9.891375062275744,6
2121086,9.891084865935415,7
2121100,9.66099595237712,14
2121101,10.0,1
2121108,9.866294798321055,7
2121119,9.785775737277092,11
2121128,9.82695621593553,9
2121137,9.810629738011817,9
2121144,9.855466424219475,7
2121160,9.48370066161883,16
2121167,9.883779271871038,7
2121178,9.76927780026446,11
2121183,9.918480345054222,5
2121186,9.960000430876157,3
2121196,9.785735667918756,10
2121199,9.964123541886718,3
2121205,9.88456783858668,6
2121218,9.685385362609926,13
2121231,9.763594432311978,13
2121240,9.823063368961256,9
2121245,9.916221024511897,5
2121253,9.8414922605308,8
2121259,9.895531469176753,6
2121262,9.969537907025305,3
2121269,9.85542199795485,7
2121285,9.723726091380199,16
2121294,9.82797828134309,9
2121309,9.675927384972754,15
2121318,9.82172775981675,9
2121320,9.983274226961113,2
2121332,9.73166420934343,12
2121346,9.698204212616336,14
2121352,9.911915702321311,6
2121365,9.669644700270517,13
2121372,9.884987943976215,7
2121386,9.712328990679893,14
2121400,9.688933703630642,14
2121406,9.896446140639831,6
2121409,9.967244330922197,3
2121420,9.78685136527246,11
2121426,9.894652119120561,6
2121439,9.722184272475154,13
2121452,9.725588173606088,13
2121468,9.625731373208371,16
2121474,9.900477401392088,6
2121478,9.926170993320147,4
2121492,9.716615025714434,14
2121498,9.90172512733425,6
2121509,9.823840728431705,11
2121520,9.764444105302879,11
2121533,9.020102262034424,13
2121541,9.82402790198362,8
2121550,9.813659443865392,9
2121556,9.914893424940452,6
2121564,9.845884767099786,8
2121570,9.917278798928608,6
2121579,9.820643093493231,9
2121585,9.892622082394917,6
2121600,9.646682683019737,15
2121604,9.935978300534028,4
2121618,9.702306411246585,14
2121630,9.72565757847026,12
2121636,9.905407339217494,6
2121645,9.801354751158641,9
2121662,9.34883206058914,17
2121673,9.814333445946922,11
2121681,9.859269851776142,8
2121691,9.824308702688175,10
2121698,9.88574809130101,7
2121706,9.851505141401558,8
2121727,9.514650126176466,21
2121741,9.774413430888039,14
2121755,9.698229816756546,14
2121761,9.905743935662597,6
2121774,9.716166877521733,13
2121775,10.0,1
2121784,9.812280352336684,9
2121788,9.947594542617114,4
2121793,9.908731711536657,5
2121809,9.599626564308611,16
2121814,9.915281144407341,5
2121827,9.732320396366646,13
2121838,9.770731802642551,11
2121840,9.980627244153435,2
2121841,9.989426031329607,1
2121852,9.553284477478012,11
2121853,9.99641710027233,1
2121866,9.694315002990297,13
2121867,9.992887731424844,1
2121868,10.0,1
2121869,10.0,1
2121882,9.697945670597557,13
2121893,9.802717412658533,11
2121901,9.879814406855969,8
2121907,9.897750257465622,6
2121917,9.795022460971923,10
2121925,9.84285785697115,8
2121934,9.827760285872241,9
2121945,9.78181834096555,11
2121958,9.717262411135255,13
2121966,9.847744018625999,8
2121972,9.915380426501345,6
2121986,9.698801122100852,14
2121991,9.921176066480838,5
2121997,9.901160437622828,6
2122008,9.767292291421594,11
2122011,9.965531374447165,3
2122022,9.760143076133128,11
2122027,9.906611116649403,5
2122047,9.548650410163775,20
2122053,9.889705499074582,6
2122061,9.847337635317796,8
2122067,9.897438691069668,6
2122068,10.0,1
2122076,9.850551974826324,8
2122088,9.751034200893049,12
2122095,9.884765774748942,7
2122103,9.728222964274611,8
2122117,9.583966186032539,14
2122129,9.753261465753999,12
2122141,9.749417238300607,12
2122144,9.96275194295217,3
2122147,9.959614081565595,3
2122158,9.7505680487126,11
2122173,9.655474530617678,15
2122177,9.951400675285157,4
2122193,9.64149987790805,16
2122199,9.88810983540537,6
2122211,9.79633383144329,12
2122217,9.885681766958541,6
2122226,9.82972502135003,9
2122234,9.82680018008779,8
2122242,9.868890198414633,8
2122283,-0.39075491865721723,41
2122297,9.191671414273731,14
2122309,9.749695512573194,12
2122311,9.985513141427218,2
2122316,9.925754024553461,5
2122323,9.853605648485498,7
2122341,9.58240636229143,18
2122342,10.0,1
2122351,9.840022205928118,9
2122352,10.0,1
2122360,9.84087086506756,8
2122373,9.718494260782439,13
2122381,9.854006362861432,8
2122389,9.879134259313538,8
2122400,9.406939362329625,11
2122409,9.833099915032903,9
2122416,9.87308766271214,7
2122419,9.96336318815772,3
2122437,9.582677842115258,18
2122439,9.974814182164387,2
2122445,9.914845440130387,6
2122458,9.686472449329536,13
2122459,10.0,1
2122474,9.631456033477722,15
2122487,9.677402542313734,13
2122500,9.705600978630581,13
2122518,9.574777291474675,18
2122530,9.7571785514841,12
2122534,9.929416958512727,4
2122542,9.831048270487575,8
2122550,9.840279289854458,8
2122556,9.884695978453935,6
2122560,9.942254684910454,4
2122570,9.770823457618189,10
2122579,9.820258120874522,9
2122591,9.727119530214443,12
2122602,9.7873356344858,11
2122618,9.635906441419822,16
2122619,9.98698030724313,1
2122627,9.85910670365692,8
2122642,9.66789303626082,15
2122649,9.895841609291923,7
2122656,9.903974000975436,7
2122672,9.625761249590427,16
2122676,9.92208299725699,4
2122697,9.422094313603623,21
2122701,9.943382405049501,4
2122704,9.949942858831916,3
2122711,9.683919634144786,7
2122722,9.631942344208309,11
2122734,9.26360828682745,12
2122745,9.769322217221788,11
2122751,9.879924541589356,6
2122756,9.814315203674727,5
2122770,9.688630771840105,14
2122775,9.92175088054302,5
2122789,9.664655808308249,14
2122795,9.917387288641613,6
2122804,9.83542100832815,9
2122809,9.902390885372286,5
2122816,9.87486885293707,7
2122826,9.782870736158415,10
2122833,9.853032344524838,7
2122845,9.755623099662486,12
2122851,9.887877410005775,6
2122852,10.0,1
2122862,9.828040958676931,10
2122863,9.992739390142217,1
2122870,9.882123925657359,7
2122885,9.694528744590825,15
2122890,9.919772005163273,5
2122899,9.813019174884891,9
2122904,9.910765831710012,5
2122911,9.853393743985816,7
2122924,9.682758135040668,13
2122932,9.89125915611356,8
2122934,9.975865956010203,2
2122941,9.87415462082818,7
2122952,9.770726025397474,11
2122963,9.755755092172684,11
2122966,9.960388980753434,3
2122981,9.683049983880734,15
2122985,9.948444268109705,4
2123007,9.442411379296926,22
2123013,9.895753940046802,6
2123023,9.789776107340769,10
2123031,9.824318734621045,8
2123043,9.748086095216491,12
2123054,9.175562095600904,11
2123055,9.987146526524887,1
2123064,9.812452510060131,9
2123065,10.0,1
2123079,9.553831976575674,14
2123081,9.972932249502223,2
2123097,9.678435484105139,16
2123109,9.723698276596572,12
2123114,9.916383705140301,5
2123126,9.731787547710745,12
2123132,9.88110758356629,6
2123141,9.817606081444008,9
2123149,9.85286465064211,8
2123163,9.744298401900013,14
2123169,9.8822577920199,6
2123180,9.788257317419996,11
2123186,9.9016669490964,6
2123189,9.961922185371085,3
2123199,9.784913387180312,10
2123200,10.0,1
2123213,9.712175576923359,13
2123222,9.808532430280103,9
2123240,9.684770961749598,18
2123246,9.88748692432013,6
2123253,9.865943403335063,7
2123259,9.894932596237137,6
2123266,9.85414933331166,7
2123270,9.930984698308917,4
2123278,9.84232561694036,8
2123283,9.938854199663878,5
2123294,9.759142723787056,11
2123307,9.68585890603452,13
2123314,9.863650308516263,7
2123321,9.875095449109416,7
2123334,9.725987500975217,13
2123344,9.808037474309703,10
2123351,9.864291367379492,7
2123377,9.320109191810417,26
2123389,9.796482672978055,12
2123415,9.517149080848688,26
2123421,9.895140880026268,6
2123422,10.0,1
2123423,10.0,1
2123424,10.0,1
2123425,10.0,1
2123429,9.933968241094886,4
2123433,9.945634106814747,4
2123440,9.851648226734731,7
2123441,10.0,1
2123444,9.964080054069367,3
2123445,10.0,1
2123454,9.816794536963743,9
2123458,9.937055259364632,4
2123465,9.882469511479783,7
2123477,9.736017524221499,12
2123480,9.94760765891798,3
2123488,9.856238060460264,8
2123495,9.869506913865987,7
2123496,10.0,1
2123502,9.874653547594765,6
2123509,9.876473631876236,7
2123510,9.996417876027216,1
2123515,9.90671989559993,5
2123526,9.793310734139084,11
2123527,9.99667365658769,1
2123528,9.996643796775599,1
2123533,9.928144550628115,5
2123546,9.79873181155759,13
2123553,9.86391747602415,7
2123560,9.865209777612552,7
2123571,9.756730994576166,11
2123578,9.872427273582531,7
2123579,10.0,1
2123587,9.84605605431116,8
2123588,10.0,1
2123598,9.794655403200624,10
2123605,9.877096858983442,7
2123617,9.741123164290958,12
2123625,9.85589477283227,8
2123639,9.702009341232484,14
2123648,9.81541807624653,9
2123656,9.869104511992056,8
2123670,9.685236322686816,14
2123683,9.709894474363121,13
2123691,9.859594076590644,8
2123701,9.802082147832085,10
2123710,9.841960916745673,9
2123717,9.8750105286624,7
2123718,10.0,1
2123727,9.839241837400763,9
2123740,9.765054470966186,13
2123748,9.815469196821597,8
2123757,9.790126844299817,9
2123760,9.955144324945719,3
2123763,9.966718280645464,3
2123764,9.991571252513394,1
2123779,9.630934470023723,15
2123784,9.92675749152125,5
2123789,9.912259606711546,5
2123805,9.766588031212768,16
2123808,9.94920468371681,3
2123826,9.568008280040445,18
2123830,9.93113870774538,4
2123832,9.9840026300783,2
2123836,9.937859052712415,4
2123841,9.936237395115617,5
2123849,9.824120520010254,8
2123865,9.626460333363443,16
2123874,9.823191921691436,9
2123882,9.827438175090256,8
2123885,9.969364055562426,3
2123900,9.70000446616147,15
2123914,9.72060076843122,14
2123924,9.793374454566884,10
2123942,9.58268027056074,18
2123943,10.0,1
2123960,9.630854533186469,17
2123961,9.992425957797595,1
2123964,9.960859066059752,3
2123975,9.756685868191601,11
2123982,9.878352391078527,7
2123991,9.812659052950888,9
2123993,9.966113793370344,2
2124000,9.858257757082864,7
2124022,9.451722794340165,22
2124048,9.514302408839146,26
2124052,9.948547775906732,4
2124053,10.0,1
2124060,9.87442331757019,7
2124069,9.798085993411302,9
2124077,9.850508173815342,8
2124086,9.836894931728866,9
2124087,10.0,1
2124102,9.68935645666996,15
2124115,9.713038890801583,13
2124121,9.892844602077156,6
2124145,8.225259155878359,24
2124153,9.8475168807378,8
2124166,9.676065788171412,13
2124172,9.908987117959832,6
2124176,9.935705437508753,4
2124188,9.473558558673872,12
2124196,9.847047407185828,8
2124207,9.797417849999453,11
2124213,9.893968018687113,6
2124223,9.492531017636772,10
2124234,9.775536744474993,11
2124245,9.773472140813563,11
2124257,9.735955968962756,12
2124270,9.716174091712686,13
2124281,9.790643844374234,11
2124293,9.747005271667078,12
2124304,9.767582428570579,11
2124323,9.26799395734761,19
2124337,9.68809902197179,14
2124361,9.497227297330287,24
2124371,9.81127792202538,10
2124385,9.663087782225487,14
2124387,9.974736197726141,2
2124400,9.603953724501029,13
2124407,9.883845710964774,7
2124410,9.966779033278586,3
2124422,9.765875663602886,12
2124434,9.767111650876576,12
2124439,9.912846741577189,5
2124444,9.931222926510367,5
2124445,10.0,1
2124454,9.815796082847369,9
2124463,9.795511134977314,9
2124473,9.80924994316708,10
2124482,9.807654246284518,9
2124490,9.84971756495035,8
2124499,9.628717381507283,9
2124519,8.260837662159485,20
2124531,9.66629709521205,12
2124534,9.951070688973319,3
2124547,9.70116067499066,13
2124549,9.973067581036295,2
2124552,9.956532321199218,3
2124556,9.944153877648398,4
2124570,9.660529337109306,14
2124573,9.962374855457343,3
2124580,9.894171808524835,7
2124596,9.608355683692746,16
2124602,9.89671832754143,6
2124610,9.844529043379618,8
2124615,9.921566295741833,5
2124616,10.0,1
2124621,9.917397452228894,5
2124635,9.723744419240841,14
2124643,9.843138510946599,8
2124661,9.531054436227382,18
2124670,9.840431379318128,9
2124677,9.867193437381331,7
2124688,9.764199912915275,11
2124704,9.421882052477537,16
2124710,9.88864418930143,6
2124718,9.82604959569835,8
2124741,9.410494605958553,23
2124744,9.957249772926604,3
2124752,9.85596722234038,8
2124763,9.7712643193325,11
2124768,9.829117618932552,5
2124769,9.992917308457839,1
2124774,9.930026849967344,5
2124776,9.980452961685833,2
2124793,9.633523575729752,17
2124794,10.0,1
2124795,10.0,1
2124802,9.866661437059316,7
2124803,10.0,1
2124814,9.760117546621679,11
2124831,9.64355986131226,17
2124840,9.830229240613187,9
2124851,9.75619309612181,11
2124866,9.69574658040143,15
2124877,9.790982205067031,11
2124887,9.812732274153527,10
2124893,9.899274639120293,6
2124903,9.658429057955562,10
2124907,9.938690949384966,4
2124918,9.782803546034295,11
2124921,9.9654293949144,3
2124925,9.945100001546265,4
2124938,9.326754380934407,13
2124946,9.841731564064506,8
2124950,9.941081427252719,4
2124952,9.984242068361686,2
2124966,9.682905355000843,14
2124977,9.752773817965283,11
2124988,9.761064542063005,11
2124993,9.91100745033302,5
2124995,9.984614321113265,2
2125012,9.626864749833645,17
2125032,9.447556494298393,20
2125035,9.957294413756866,3
2125041,9.914853152072242,6
2125047,9.897009538799939,6
2125048,10.0,1
2125056,9.869380217633042,8
2125063,9.86400544013394,7
2125071,9.846755074547595,8
2125075,9.938846310564125,4
2125088,9.767362371929623,13
2125094,9.889032995561378,6
2125103,9.820782498151061,9
2125104,10.0,1
2125108,9.948245913380442,4
2125116,9.82895123992243,8
2125127,9.773965766287121,11
2125137,9.811008709972066,10
2125158,9.645525027492615,21
2125160,9.965181188506232,2
2125173,9.687611814696737,13
2125174,10.0,1
2125185,9.758698687701434,11
2125196,9.744055122132044,11
2125197,10.0,1
2125209,9.76703450075942,12
2125223,9.687139909236533,14
2125226,9.952567994367788,3
2125232,9.911502081950328,6
2125238,9.887960500701412,6
2125244,9.883532135709117,6
2125257,9.713745010664445,13
2125271,9.684494218837376,14
2125292,9.458422937074982,21
2125306,9.713396687931429,14
2125313,9.850568898432467,7
2125319,9.884812753618203,6
2125332,9.67570188331847,13
2125346,9.680264193207595,14
2125359,9.790612560597902,13
2125369,9.776056706591891,10
2125395,9.152157196230535,26
2125406,9.802775143365999,11
2125412,9.888971951482036,6
2125422,9.782539322357984,10
2125434,9.721096548889133,12
2125437,9.967941416776716,3
2125440,9.96632908825556,3
2125458,9.517106108306217,18
2125465,9.865103495123904,7
2125471,9.882387328578057,6
2125472,10.0,1
2125475,9.947217912438573,3
2125485,9.6389110700512,10
2125497,9.735877927159908,12
2125508,9.743538993916708,11
2125509,10.0,1
2125516,9.867372621684677,7
2125524,9.849158572263596,8
2125534,9.791047968913785,10
2125542,9.86722709560803,8
2125553,9.76465760614119,11
2125560,9.879013609944643,7
2125573,9.725677858029194,13
2125574,10.0,1
2125594,9.068569661756845,20
2125595,10.0,1
2125607,9.761210233402243,12
2125608,10.0,1
2125616,9.843244657727443,8
2125617,10.0,1
2125625,9.818121329825868,8
2125648,9.545065710825256,23
2125654,9.887595497196738,6
2125657,9.95702277700802,3
2125667,9.794882483497686,10
2125668,10.0,1
2125672,9.928814822208448,4
2125683,9.75631913229276,11
2125692,9.811371082942786,9
2125693,10.0,1
2125707,9.674347322848075,14
2125715,9.845046279194472,8
2125718,9.958561849238302,3
2125726,9.869403072653512,8
2125739,9.274519646011973,13
2125749,9.560907120301424,10
2125761,9.796039986786663,12
2125762,10.0,1
2125763,10.0,1
2125773,9.795948839162602,10
2125785,9.734013864038376,12
2125796,9.74924142255375,11
2125804,9.843609795664335,8
2125820,9.643813735917677,16
2125832,9.739897490178068,12
2125837,9.926779032257679,5
2125850,9.724467447389912,13
2125858,9.764647072572636,8
2125869,9.79258939027234,11
2125870,10.0,1
2125877,9.87454404326487,7
2125889,9.756567567972143,12
2125896,9.873237996027203,7
2125908,9.768205143711501,12
2125919,9.791056081957047,11
2125926,9.86261864808085,7
2125937,9.79575493963866,11
2125938,10.0,1
2125947,9.83998101769859,9
2125957,9.812237601476184,10
2125958,10.0,1
2125977,9.528953102241081,19
2125981,9.943037257555373,4
2125986,9.913376755518417,5
2125995,9.80749113552125,9
2126006,9.777293536612946,11
2126007,10.0,1
2126010,9.95253575198441,3
2126019,9.845231311307282,9
2126029,9.82288611168474,10
2126037,9.862569415158356,8
2126061,9.382609222698624,24
2126071,9.79119433081254,10
2126077,9.897120930724084,6
2126095,9.222637146706074,18
2126107,9.76690501030908,12
2126109,9.975715210801562,2
2126114,9.90195476106394,5
2126126,9.78454184236042,12
2126140,9.713174740439692,14
2126149,9.836159265531295,9
2126153,9.938084028579699,4
2126159,9.896930199538318,6
2126169,9.79835342610562,10
2126179,9.780530400160462,10
2126194,9.689654453549993,15
2126203,9.844485102794856,9
2126215,9.72250313797548,12
2126263,9.113207727280821,48
2126274,9.760389333286936,11
2126275,9.990240708499128,1
2126286,9.75917873448011,11
2126295,9.854993537401443,9
2126310,9.737185364117371,15
2126323,9.725788058966112,13
2126331,9.852214786317463,8
2126343,9.645131409715162,12
2126356,9.720659641781065,13
2126367,9.782456406909724,11
2126375,9.87642937573986,8
2126381,9.782064821400242,6
2126382,9.992917126130902,1
2126389,9.877825339853693,7
2126397,9.835536839646574,8
2126407,9.783582760832171,10
2126422,9.699841049852415,15
2126429,9.876661474785664,7
2126439,9.789220814119735,10
2126452,9.72851690646291,13
2126466,9.710217858573001,14
2126484,9.605277615574389,18
2126501,9.577634839134909,17
2126509,9.864916218079646,8
2126521,8.98082252292135,12
2126537,9.426225152573474,16
2126544,9.858897054121,7
2126548,9.940845101757263,4
2126556,9.837228915359425,8
2126567,9.802172714436828,11
2126576,9.810046509696853,9
2126577,10.0,1
2126580,9.954624870110056,3
2126588,9.845916057245207,8
2126600,9.727928004689772,12
2126609,9.837545246601769,9
2126623,9.705096185039158,14
2126630,9.888526525024364,7
2126634,9.94571617241688,4
2126652,9.589092419612841,18
2126663,9.78751309678806,11
2126672,9.835650209123695,9
2126687,9.695717123618829,15
2126695,9.845852847665629,8
2126708,9.77643647963138,13
2126718,9.823919392556414,10
2126719,10.0,1
2126737,9.56599275402183,18
2126749,9.76348867975284,12
2126756,9.879035593707968,7
2126764,9.857289381274764,8
2126765,10.0,1
2126766,10.0,1
2126782,9.640442647132712,16
2126783,10.0,1
2126794,9.761182650319858,11
2126803,9.86094683295231,9
2126809,9.90508768212727,6
2126818,9.834018366672902,9
2126831,9.762205767221138,13
2126839,9.844527188246964,8
2126848,9.8186328164867,9
2126859,9.768614604154475,11
2126860,10.0,1
2126867,9.862852469455905,7
2126881,9.494989930990204,14
2126882,10.0,1
2126890,9.848237241995236,8
2126908,9.584716334883833,18
2126914,9.883912072017377,6
2126924,9.812644276254263,10
2126925,9.992372478107763,1
2126936,9.758293537946885,11
2126946,9.778751181289005,10
2126955,9.819563408787165,9
2126961,9.89124861956549,6
2126974,9.734980554191317,13
2126979,9.912885519086762,5
2126993,9.695156282072306,14
2127005,9.723483076823396,12
2127014,9.831379476013222,9
2127027,9.696376921486978,13
2127042,9.655077325682463,15
2127057,9.670678233975451,15
2127059,9.981521480564219,2
2127062,9.971253235616828,3
2127067,9.921578113649852,5
2127080,9.725772220359369,13
2127092,9.731415935670697,12
2127106,9.730358185457035,14
2127109,9.957216534977439,3
2127121,9.75251769918324,12
2127132,9.75929329624911,11
2127133,10.0,1
2127145,9.73298515022739,12
2127156,9.7805336518709,11
2127172,9.633315662319063,16
2127179,9.869747640330964,7
2127192,9.757339543264258,13
2127197,9.911794528235042,5
2127206,9.820469716299986,9
2127209,9.958515590436024,3
2127221,9.769704100116044,12
2127236,9.681967050448684,15
2127242,9.90679575036387,6
2127260,9.612164808014805,18
2127276,9.705114379982568,16
2127283,9.86660491972431,7
2127287,9.926056964116924,4
2127291,9.931859337615599,4
2127298,9.853499526854783,7
2127305,9.864075449560342,7
2127312,9.878354378898468,7
2127326,9.68624404745265,14
2127333,9.892373992373916,7
2127352,9.51731903716942,19
2127356,9.942692029429503,4
2127364,9.86417341986464,8
2127375,9.755944832578006,11
2127388,9.723510217278553,13
2127396,9.840983582264771,8
2127405,9.802167236377386,9
2127417,9.73471669329095,12
2127422,9.929454584229436,5
2127425,9.964197829170613,3
2127433,9.84819014824833,8
2127437,9.952984007768617,4
2127452,9.648342607581556,15
2127461,9.800352641823636,9
2127468,9.873332412545414,7
2127477,9.804446605169309,9
2127478,10.0,1
2127494,9.608055390623472,16
2127500,9.903421865149662,6
2127511,9.748462425878277,11
2127526,9.687236304637821,15
2127534,9.833292131421159,8
2127540,9.90274056521362,6
2127546,9.900580434165246,6
2127547,9.991954555436665,1
2127559,9.793500423221753,12
2127573,9.712315309392887,14
2127601,9.174516794984143,28
2127617,9.659134284621913,16
2127626,9.81834529944023,9
2127637,9.752902872820757,11
2127643,9.918216615351902,6
2127654,9.768535439882106,11
2127662,9.854841463976449,8
2127678,9.637038097899165,16
2127682,9.938369397190982,4
2127683,9.987653125237122,1
2127689,9.87795528100764,6
2127696,9.84261146171272,7
2127698,9.966041751150524,2
2127713,9.65237939402958,15
2127724,9.748927845342136,11
2127729,9.912197526339783,5
2127737,9.83967081659095,8
2127740,9.959959629157575,3
2127750,9.809923273096972,10
2127761,9.769749887126826,11
2127773,9.719802976567921,12
2127784,9.55122896856224,11
2127790,9.876407644202077,6
2127795,9.923837092456695,5
2127804,9.838326794605187,9
2127808,9.931880282895776,4
2127814,9.873678539397226,6
2127822,9.874739120687796,8
2127833,9.775243835185885,11
2127843,9.675966894518798,10
2127844,10.0,1
2127845,10.0,1
2127861,9.717031007292906,16
2127862,10.0,1
2127871,9.81474225507129,9
2127882,9.663288712601348,11
2127892,9.798657218641333,10
2127894,9.979737461955665,2
2127908,9.727241683503475,14
2127909,9.996714098220345,1
2127919,9.796808135293928,10
2127938,9.559767174623765,19
2127942,9.935563477771248,4
2127953,9.759219085928075,11
2127966,9.601627692449398,13
2127975,9.834197415357101,9
2127986,9.761254300500061,11
2127990,9.941826422702572,4
2127999,9.825309336272307,9
2128013,9.709164845864747,14
2128027,9.677526282133222,14
2128038,9.765675905368525,11
2128049,9.765863323153905,11
2128058,9.796757327935053,9
2128078,9.555951400344416,20
2128085,9.892212894721762,7
2128097,9.757221084357083,12
2128112,9.698547002609454,15
2128124,9.757191922848637,12
2128140,9.692688441547187,16
2128147,9.868723975973735,7
2128148,10.0,1
2128158,9.81503473427434,10
2128159,9.996058253126373,1
2128173,9.760035484405405,14
2128182,9.8128032719346,9
2128191,9.802796774137024,9
2128193,9.970637908011156,2
2128206,9.70577745138969,13
2128218,9.702514745698654,12
2128228,9.764013967474286,10
2128245,9.67193769407745,17
2128260,9.64539078395981,15
2128279,9.207108324773223,19
2128282,9.964100880814163,3
2128290,9.858240737838678,8
2128298,9.841623881219707,8
2128310,9.767085230428167,12
2128316,9.874782709443384,6
2128325,9.838317938424707,9
2128337,9.737683495816928,12
2128340,9.956051373618115,3
2128346,9.89412059825605,6
2128370,9.45663213774186,24
2128390,9.490120636948758,20
2128397,9.855832275529007,7
2128411,9.680107639037207,14
2128412,10.0,1
2128414,9.975255773226444,2
2128426,9.750722841392838,12
2128435,9.797017182875084,9
2128436,10.0,1
2128447,9.764237959388545,11
2128460,9.72129452471254,13
2128461,9.988740953650698,1
2128471,9.784517858277095,10
2128472,10.0,1
2128487,9.660141703044792,15
2128499,9.55949597425818,12
2128500,10.0,1
2128513,9.71766456551613,13
2128519,9.887264983544119,6
2128527,9.844196766181614,8
2128528,9.99658853982366,1
2128529,9.996131063191287,1
2128540,9.77383269547798,11
2128547,9.857183165927083,7
2128554,9.8789568947592,7
2128560,9.882669799293014,6
2128569,9.826531544450091,9
2128572,9.945648798644319,3
2128580,9.87221903094387,8
2128593,9.716597347495991,13
2128602,9.82764860398604,9
2128607,9.896323055846784,5
2128612,9.9128941692736,5
2128620,9.874008130770747,8
2128623,9.971536653575352,3
2128632,9.791605179123776,9
2128637,9.930516498528736,5
2128649,9.752407966657433,12
2128658,9.825678314660891,9
2128672,9.703700663917735,14
2128678,9.888300613904176,6
2128679,10.0,1
2128691,9.73736425890653,12
2128699,9.852889118585527,8
2128711,9.730991016821118,12
2128712,10.0,1
2128725,9.691490854951935,13
2128731,9.90362979210737,6
2128732,9.992899844464862,1
2128733,10.0,1
2128742,9.840977766912399,9
2128759,9.248196191584572,17
2128770,9.767009503203449,11
2128775,9.92354364631106,5
2128784,9.850268185047184,9
2128803,9.576009167961331,19
2128811,9.840369682111177,8
2128825,9.514444606806103,14
2128841,9.341967037195252,16
2128848,9.870891585885474,7
2128863,9.651334584728453,15
2128874,9.772296597360187,11
2128878,9.940798949320326,4
2128882,9.949396207345217,4
2128894,9.748765451880878,12
2128900,9.890924548865941,6
2128911,9.757894011118717,11
2128922,9.776372586580605,11
2128923,10.0,1
2128929,9.898785522993586,6
2128943,9.693770725591904,14
2128952,9.815389627380133,9
2128958,9.903338491320952,6
2128969,9.770704535872357,11
2128970,10.0,1
2128987,9.049585119396278,17
2128996,9.750492127087972,9
2129001,9.929563599088112,5
2129002,10.0,1
2129011,9.812951804085257,9
2129019,9.856632463900292,8
2129020,10.0,1
2129029,9.783820629064264,9
2129040,9.761306802913145,11
2129050,9.774349065815017,10
2129053,9.95499805206216,3
2129058,9.933566990443605,5
2129064,9.896341068244494,6
2129067,9.952187328841777,3
2129080,9.698655700449887,13
2129084,9.946869538153193,4
2129103,9.591165794207162,19
2129110,9.879404397412111,7
2129119,9.829928570479044,9
2129130,9.757949664057534,11
2129141,9.73473537759051,11
2129150,9.830277306178921,9
2129164,9.683438131134176,14
2129182,9.60369053054035,18
2129187,9.913017729877968,5
2129198,9.777073098105095,11
2129205,9.864157843418269,7
2129210,9.916775092313307,5
2129223,9.71575845274005,13
2129233,9.789351435056485,10
2129248,9.666292785926737,15
2129252,9.928168046739499,4
2129253,10.0,1
2129256,9.95554567928173,3
2129263,9.879116763596954,7
2129278,9.683867866819678,15
2129287,9.803358803323338,9
2129291,9.948987393345561,4
2129292,10.0,1
2129295,9.967893569191027,3
2129304,9.842122516172184,9
2129306,9.973879665667846,2
2129317,9.571311484876865,11
2129318,10.0,1
2129319,10.0,1
2129326,9.882964120024349,7
2129338,9.77528160306775,12
2129339,9.99587728056512,1
2129346,9.89445760577558,7
2129358,9.742474674679393,12
2129366,9.841454833994739,8
2129367,10.0,1
2129372,9.918119267792278,5
2129373,9.996344033448937,1
2129377,9.954159053360733,4
2129389,9.650411815850127,12
2129396,9.873326848094196,7
2129409,9.690055526807054,13
2129431,9.487724804803815,22
2129432,9.992968024239413,1
2129445,9.734591343087697,13
2129447,9.96960746535629,2
2129461,9.759205944008638,14
2129465,9.940948355395388,4
2129478,9.752011088948024,13
2129486,9.841699538051502,8
2129493,9.848519892014384,7
2129507,9.70769186451516,14
2129517,9.801705493450932,10
2129527,9.811083034323573,10
2129532,9.907273455822105,5
2129549,9.55508214663507,17
2129563,9.654176766656276,14
2129574,9.765307049602498,11
2129582,9.837483050057982,8
2129586,9.934615979446814,4
2129589,9.959253276248052,3
2129595,9.907933739174783,6
2129602,9.859468324419504,7
2129615,9.741249238538172,13
2129622,9.859601900295626,7
2129640,9.591987194227533,18
2129650,9.804556797407805,10
2129661,9.766927374388048,11
2129672,9.770146650277674,11
2129688,9.680636472825704,16
2129689,10.0,1
2129696,9.867031894454492,7
2129716,9.576599568221866,20
2129723,9.85797924423629,7
2129730,9.881685416786533,7
2129740,9.79802694085273,10
2129749,9.82126632681313,9
2129755,9.90680125454127,6
2129772,9.648612687663606,17
2129783,9.761736910815289,11
2129784,10.0,1
2129789,9.930825993334711,5
2129798,9.848010543584852,9
2129809,9.80222055139407,11
2129814,9.91734839985075,5
2129824,9.826891213491185,10
2129837,9.754073206906414,13
2129844,9.882690570573413,7
2129845,10.0,1
2129852,9.853812640937297,7
2129865,9.705126883168125,13
2129880,9.685717952529023,15
2129890,9.784949059465724,10
2129905,9.677773203612578,15
2129913,9.860034409149492,8
2129923,9.81094344783782,10
2129924,10.0,1
2129933,9.843902505833954,9
2129940,9.769541028763408,7
2129947,9.889610281114958,7
2129960,9.738119929278652,13
2129961,10.0,1
2129971,9.800504616509595,10
2129972,10.0,1
2129983,9.803245939323286,11
2130001,9.591251829326149,18
2130009,9.853324247956508,8
2130017,9.866136015540533,8
2130026,9.800610314422377,9
2130031,9.932033444818366,5
2130047,9.632321164068527,16
2130048,10.0,1
2130055,9.864769393458554,7
2130059,9.93620274985807,4
2130060,10.0,1
2130075,9.649763843492437,15
2130087,9.725959912163653,12
2130116,8.741031546271348,29
2130124,9.816991857073074,8
2130126,9.979483163778223,2
2130132,9.881839328271859,6
2130142,9.838350013560566,10
2130156,9.710174473422345,14
2130166,9.78901613404381,10
2130184,9.296907509562526,18
2130197,9.77611109807779,13
2130205,9.841577682399254,8
2130206,10.0,1
2130212,9.905124531563217,6
2130221,9.848356068840465,9
2130225,9.943599946436215,4
2130236,9.79476558257357,11
2130245,9.83267623034394,9
2130258,9.726088311936849,13
2130268,9.605443272971776,10
2130276,9.826656329971078,8
2130289,9.728020993740632,13
2130297,9.864608236753988,8
2130311,9.731968221670153,14
2130312,9.996474140508713,1
2130319,9.890704580617607,7
2130322,9.970233732291474,3
2130331,9.801683089270146,9
2130341,9.793608986359663,10
2130349,9.876406230731622,8
2130352,9.96576602837276,3
2130364,9.774144198400773,12
2130375,9.802365749562524,11
2130382,9.844282168501271,7
2130390,9.845562009589434,8
2130394,9.932483689600176,4
2130401,9.891102817210962,7
2130415,9.702987535480464,14
2130416,10.0,1
2130418,9.976716718094144,2
2130423,9.922599710913875,5
2130436,9.726195576396332,13
2130448,9.745626718836439,12
2130449,10.0,1
2130458,9.825279307434228,9
2130466,9.862871844974112,8
2130480,9.720542273325144,14
2130488,9.82756419093605,8
2130498,9.80733992321713,10
2130499,10.0,1
2130509,9.777723880264341,10
2130519,9.776957851703552,10
2130523,9.93054778126053,4
2130524,10.0,1
2130536,9.705083143961097,12
2130539,9.956887895943861,3
2130546,9.885717763301624,7
2130560,9.671275768575663,14
2130568,9.861005668123235,8
2130577,9.836961590609302,9
2130590,9.721554019032483,13
2130611,9.594476434066523,21
2130628,9.610818258791669,17
2130645,9.614907327693704,17
2130646,10.0,1
2130655,9.842136649310026,9
2130670,9.71596665551447,15
2130671,10.0,1
2130681,9.77945139194054,10
2130682,10.0,1
2130691,9.8164992414408,9
2130692,10.0,1
2130710,9.564781142324977,18
2130723,9.693265899211198,13
2130724,10.0,1
2130733,9.802405556702595,9
2130740,9.866579963064968,7
2130741,10.0,1
2130753,9.610106882741881,12
2130766,9.698627713397446,13
2130770,9.926295529785424,4
2130784,9.742662800135909,14
2130798,9.684662432784599,14
2130799,10.0,1
2130800,10.0,1
2130810,9.831371917729657,10
2130820,9.777509827963307,10
2130821,10.0,1
2130824,9.959323388599186,3
2130838,9.694365120038707,14
2130850,9.794210753980327,12
2130852,9.984352878028217,2
2130858,9.911577710945831,6
2130863,9.924460976064388,5
2130870,9.896138179894546,7
2130880,9.79651213156081,10
2130886,9.874630779567763,6
2130893,9.873778532454788,7
2130894,9.992650694630935,1
2130898,9.939310977557238,4
2130910,9.743220324144131,12
2130919,9.832439162003926,9
2130920,9.996358155256972,1
2130934,9.715688468440561,14
2130938,9.937736976653094,4
2130939,10.0,1
2130942,9.96660609617167,3
2130955,9.717397028933206,13
2130959,9.938322957810497,4
2130966,9.867488734801174,7
2130977,9.810810948633634,11
2130987,9.769968762209684,10
2130999,9.72671135102456,12
2131021,9.401891563214996,22
2131035,9.69145777059333,14
2131038,9.96521926073803,3
2131040,9.971686931678223,2
2131051,9.82923485727269,11
2131071,9.559473141899232,20
2131082,9.813351602755679,11
2131092,9.788131398148188,10
2131105,9.708137506797556,13
2131111,9.901906044122132,6
2131116,9.899539735531809,5
2131117,10.0,1
2131121,9.941604768669025,4
2131132,9.623542204763101,11
2131144,9.351357183252615,12
2131146,9.98247194606294,2
2131155,9.837721409317473,9
2131164,9.839884258159934,9
2131175,9.748509506420346,11
2131185,9.80247591478591,10
2131195,9.777699409762192,10
2131210,9.680514066411249,15
2131220,9.798942997499191,10
2131230,9.778178654875893,10
2131240,9.792920458678426,10
2131244,9.934489677063901,4
2131245,10.0,1
2131269,7.928211258661899,24
2131278,9.610679727228746,9
2131290,9.792444411677394,12
2131298,9.859673472768419,8
2131301,9.955631411456062,3
2131311,9.791059602609009,10
2131318,9.863832935660039,7
2131323,9.90111023211333,5
2131329,9.887663696763124,6
2131341,9.759827519930377,12
2131354,9.733547173300307,13
2131369,9.682608875404293,15
2131381,9.73040571305984,12
2131382,10.0,1
2131383,10.0,1
2131392,9.807805408095119,9
2131400,9.849793553150153,8
2131406,9.887291554109938,6
2131417,9.764325174688336,11
2131421,9.947816341190942,4
2131438,9.634772454214843,17
2131453,9.67730168975212,15
2131457,9.950202496459392,4
2131466,9.811912865485633,9
2131479,9.728810669746077,13
2131488,9.818657465482165,9
2131497,9.833673176300437,9
2131503,9.889510416734419,6
2131512,9.830739283890548,9
2131522,9.842545916707591,10
2131527,9.913774727991488,5
2131533,9.90233033384127,6
2131541,9.867798250113413,8
2131553,9.745490809464613,12
2131565,9.73612002323992,12
2131566,10.0,1
2131574,9.840265221912608,8
2131582,9.839996713934745,8
2131592,9.829995240465886,10
2131599,9.860818164046178,7
2131612,9.704144695132804,13
2131613,10.0,1
2131624,9.759932099076432,11
2131632,9.829932799320948,8
2131642,9.80144226491609,10
2131649,9.888034940869165,7
2131653,9.94755824294586,4
2131665,9.717188050986376,12
2131666,10.0,1
2131673,9.873034643720409,7
2131684,9.815607132739226,11
2131693,9.840379081349086,9
2131697,9.946542602161905,4
2131709,9.78979659787418,12
2131724,9.660579166537145,15
2131726,9.979550812073693,2
2131742,9.642534638895127,16
2131749,9.874072521303889,7
2131755,9.88880918670787,6
2131756,10.0,1
2131766,9.796598295328623,10
2131776,9.777063320633829,10
2131781,9.91832146410992,5
2131786,9.924093343444913,5
2131791,9.927473925503378,5
2131798,9.847866943244517,7
2131803,9.909585914070945,5
2131805,9.984381093825553,2
2131808,9.958994135738331,3
2131812,9.927101404599693,4
2131818,9.900197406787003,6
2131824,9.87884556295755,6
2131832,9.828700747488153,8
2131837,9.91680880979054,5
2131848,9.753197572780719,11
2131862,9.648948488956806,14
2131863,9.98746677206001,1
2131867,9.939299922060039,4
2131876,9.866872737707665,9
2131885,9.811028939526476,9
2131903,9.531082280825785,18
2131907,9.950503878347758,4
2131918,9.745500084529201,11
2131937,9.617845188506676,19
2131948,9.742467520676575,11
2131957,9.809774177977962,9
2131964,9.76981475964884,7
2131971,9.867131420409185,7
2131982,9.82429296597108,11
2131991,9.811589962524256,9
2131992,10.0,1
2132002,9.792695464624272,10
2132008,9.885897469478936,6
2132018,9.78288373940589,10
2132038,9.593368397601074,20
2132047,9.815345289954216,9
2132051,9.933193199630956,4
2132068,9.506751655052494,17
2132071,9.965384625905438,3
2132081,9.784535228309702,10
2132094,9.715389164998637,13
2132102,9.838647179603521,8
2132106,9.95481337232647,4
2132112,9.885327832611306,6
2132125,9.735584024021199,13
2132140,9.578167071450313,15
2132143,9.957520652021117,3
2132145,9.970123158745123,2
2132158,9.701416814248963,13
2132159,10.0,1
2132169,9.78850746350257,10
2132174,9.918655587932216,5
2132189,9.660929299002882,15
2132201,9.719379974233801,12
2132212,9.758670763035472,11
2132221,9.801245146502453,9
2132241,9.555762144783525,20
2132260,9.58032850607318,19
2132261,10.0,1
2132270,9.81422127331624,9
2132281,9.759103063816337,11
2132297,9.651568329784798,16
2132303,9.903449128903564,6
2132315,9.754635211098105,12
2132316,10.0,1
2132321,9.909039624035243,5
2132333,9.75894417384189,12
2132344,9.753531839628758,11
2132360,9.6320367736685,16
2132370,9.789240256234716,10
2132387,9.682181235999856,17
2132402,9.662273353285752,15
2132409,9.878009958589873,7
2132425,9.670192945402611,16
2132428,9.967939839745114,3
2132445,9.61451533316725,17
2132464,9.612104657923936,19
2132476,9.71832200196422,12
2132477,10.0,1
2132487,9.80828319282135,10
2132495,9.866753650486475,8
2132509,9.682378553359468,14
2132510,10.0,1
2132517,9.878625141785545,7
2132529,9.72234084492439,12
2132541,9.7459709408664,12
2132555,9.313895860552206,14
2132559,9.942104271826732,4
2132571,9.740286800934852,12
2132585,9.684950397522565,14
2132606,8.981262988344424,21
2132612,9.874252959109338,6
2132616,9.930273825445408,4
2132618,9.968292258621497,2
2132621,9.967243917970245,3
2132624,9.956909997887035,3
2132628,9.933293979355938,4
2132640,9.74376799346176,12
2132654,9.757400445913914,14
2132663,9.820566600211775,9
2132675,9.539002767323838,12
2132685,9.801117765426818,10
2132688,9.956307051077834,3
2132692,9.935242453069252,4
2132700,9.881169022873953,8
2132701,9.996595017477812,1
2132704,9.96354633556747,3
2132718,9.595997844390869,14
2132730,9.72578602313877,12
2132747,9.601648978504661,17
2132763,9.680981144120906,16
2132766,9.950275074798702,3
2132774,9.818020236992801,8
2132779,9.911202036854705,5
2132790,9.818049839869806,11
2132805,9.632711908087382,15
2132812,9.875992582995332,7
2132819,9.88617988109254,7
2132824,9.933231635717954,5
2132839,9.68176927154109,15
2132840,10.0,1
2132850,9.813016210585623,10
2132856,9.80186883629164,6
2132869,9.723126728606246,13
2132872,9.969603625106048,3
2132875,9.960843770437748,3
2132887,9.739494214758592,12
2132893,9.893611361072837,6
2132900,9.87631641948193,7
2132907,9.876488988771111,7
2132908,10.0,1
2132922,9.663601956743184,14
2132931,9.793235114608404,9
2132937,9.87785311985481,6
2132944,9.87098269978826,7
2132945,10.0,1
2132954,9.80010626436838,9
2132955,9.991584357679173,1
2132956,10.0,1
2132960,9.95976855475101,4
2132971,9.79306445680891,11
2132978,9.846737471008609,7
2132986,9.841194383260719,8
2132995,9.822800204379725,9
2132997,9.971696462180375,2
2133012,9.643243562512774,15
2133015,9.966178482154643,3
2133026,9.757250784887857,11
2133046,9.609566633780048,20
2133055,9.818129922692371,9
2133058,9.962207628463352,3
2133066,9.839083230304842,8
2133073,9.874946989591303,7
2133079,9.914240618121184,6
2133097,9.580108754603451,18
2133104,9.859668262094063,7
2133116,9.708511555345131,12
2133128,9.757134122397481,12
2133135,9.87387108071507,7
2133141,9.902591789475721,6
2133147,9.886472204422374,6
2133155,9.84403549636846,8
2133161,9.888013025765186,6
2133177,9.669347706632765,16
2133191,9.707604609241043,14
2133192,10.0,1
2133197,9.91473460667858,5
2133206,9.811331353492262,9
2133213,9.864088359152486,7
2133222,9.821961936640506,9
2133233,9.793202620381589,11
2133247,9.394880586385224,14
2133248,10.0,1
2133254,9.90630595061435,6
2133271,9.602943716553353,17
2133278,9.86939250503373,7
2133288,9.821848104602298,10
2133296,9.840232252094852,8
2133300,9.944368270284766,4
2133313,9.748091604205719,13
2133320,9.861720884301045,7
2133329,9.792151571556117,9
2133341,9.747195463192133,12
2133351,9.77772507530987,10
2133365,9.720294851040833,14
2133377,9.74235269522194,12
2133385,9.86038185973321,8
2133388,9.96413129588297,3
2133389,9.996199451954228,1
2133391,9.970980804429058,2
2133406,9.426009314207706,15
2133422,9.648843252317882,16
2133425,9.969609703959279,3
2133426,9.989247322029557,1
2133427,9.996121606211856,1
2133429,9.975868132153558,2
2133446,9.64445090779552,17
2133455,9.813582004739644,9
2133468,9.74048070354097,13
2133471,9.948389513710966,3
2133480,9.807231015951142,9
2133481,10.0,1
2133488,9.87148214797081,7
2133495,9.868586688626696,7
2133502,9.760927544259102,7
2133517,9.641836715249754,15
2133518,10.0,1
2133528,9.794319987162202,10
2133532,9.944678519267292,4
2133536,9.941511367066077,4
2133545,9.83478682865026,9
2133555,9.790929656731418,10
2133564,9.816680057043198,9
2133571,9.86677568597139,7
2133589,9.630834604891554,18
2133595,9.878643310101555,6
2133616,9.543564573737305,21
2133622,9.898676514187772,6
2133629,9.864243963065853,7
2133638,9.824034145282473,9
2133645,9.874812775645628,7
2133660,9.67260513185145,15
2133661,9.996068023428135,1
2133674,9.730754870235291,13
2133675,10.0,1
2133688,9.712799388987882,13
2133697,9.806924032238621,9
2133701,9.926822656056183,4
2133705,9.934212055540739,4
2133715,9.798830040625123,10
2133733,9.58004283290873,18
2133742,9.804821077359266,9
2133749,9.85757406706377,7
2133750,9.99171321696899,1
2133759,9.82608266701055,9
2133763,9.952028916471269,4
2133774,9.768826373365952,11
2133775,9.99273339479107,1
2133785,9.794784090804189,10
2133788,9.97149434576849,3
2133796,9.849528134068796,8
2133799,9.952052386910646,3
2133807,9.841413040740557,8
2133820,9.711304426326272,13
2133827,9.87837464333432,7
2133840,9.71050319852621,13
2133844,9.934576060446464,4
2133857,9.721516626229832,13
2133858,9.996212082051743,1
2133871,9.708444417233952,13
2133881,9.783098425150405,10
2133882,10.0,1
2133890,9.829961669641785,8
2133895,9.919071685066681,5
2133896,10.0,1
2133897,9.99306117538982,1
2133913,9.65733057311702,16
2133930,9.591662119648136,17
2133937,9.864652099741722,7
2133947,9.791969637401378,10
2133952,9.91360165340506,5
2133960,9.855112291515843,8
2133962,9.978988456271258,2
2133984,9.55065538695241,22
2133996,9.719475605680476,12
2134004,9.856528761909136,8
2134024,9.585642110496599,20
2134030,9.882437905429759,6
2134045,9.686425757050657,15
2134051,9.906853121589132,6
2134064,9.713103188901748,13
2134082,9.632655081945444,18
2134095,9.707745917958835,13
2134098,9.94750461383275,3
2134110,9.800114292970692,12
2134117,9.871135575759379,7
2134129,9.367284124081127,12
2134134,9.926343559640207,5
2134146,9.761685689086564,12
2134152,9.918079919112301,6
2134159,9.863425701141631,7
2134172,9.696681101707041,13
2134175,9.969158787023822,3
2134180,9.913190290598324,5
2134190,9.777616232593504,10
2134207,9.623834910196164,17
2134221,9.695507113266252,14
2134227,9.871910667884734,6
2134232,9.921872905393192,5
2134233,9.996275399393864,1
2134236,9.950703527563421,3
2134249,9.763779073762844,13
2134255,9.899145742491752,6
2134266,9.750903717670028,11
2134274,9.857996001824725,8
2134275,10.0,1
2134286,9.774647071073629,11
2134296,9.772058220762542,10
2134304,9.85252528423301,8
2134311,9.875341076633568,7
2134325,9.69037235010101,14
2134340,9.675568626896977,15
2134343,9.96206905301867,3
2134349,9.898759453213666,6
2134361,9.780765289142943,12
2134379,9.58957902729542,18
2134385,9.885173733756318,6
2134398,9.75606101091171,13
2134410,9.740986849919947,12
2134411,10.0,1
2134419,9.853416882499923,8
2134429,9.709202319063845,10
2134443,9.710959831097345,14
2134444,10.0,1
2134447,9.965439094504514,3
2134467,9.567247235946892,20
2134477,9.797305706272578,10
2134485,9.86878238616228,8
2134496,9.747799755316228,11
2134501,9.920799638318512,5
2134523,9.52152229629562,22
2134528,9.930677185713266,5
2134536,9.846943994627942,8
2134553,9.686824162599045,17
2134556,9.964803242126132,3
2134560,9.935191731070892,4
2134562,9.97467331221817,2
2134565,9.971710373759548,3
2134567,9.978219174379001,2
2134593,9.533330341547574,26
2134606,9.718049439356383,13
2134613,9.872356711966749,7
2134624,9.780794408722052,11
2134638,9.701855755537935,14
2134639,10.0,1
2134650,9.764827025144358,11
2134656,9.889566952710311,6
2134663,9.866445249787203,7
2134678,9.703688780405644,15
2134688,9.798886552377942,10
2134697,9.79999774982183,9
2134709,9.76219629472224,12
2134720,9.788422226007366,11
2134728,9.849514167532499,8
2134729,10.0,1
2134730,10.0,1
2134741,9.785595494192899,11
2134759,9.556585931228055,18
2134774,9.667268630585337,15
2134782,9.876759128506919,8
2134792,9.79632525531557,10
2134806,9.77180687675139,14
2134812,9.906926279593401,6
2134813,10.0,1
2134823,9.81817779531854,10
2134834,9.762878716255337,11
2134840,9.891271833292736,6
2134849,9.833130521590007,9
2134854,9.923486385294513,5
2134865,9.773235173254163,11
2134866,10.0,1
2134867,10.0,1
2134877,9.837507130197723,10
2134884,9.865119999427852,7
2134893,9.84026315566373,9
2134906,9.699759936674926,13
2134910,9.941736692134748,4
2134915,9.901382601443034,5
2134928,9.733662765368123,13
2134931,9.956927622199283,3
2134939,9.845100036909257,8
2134940,9.992812899758711,1
2134947,9.885681613624998,7
2134948,9.98813394581404,1
2134949,10.0,1
2134960,9.738272633877179,11
2134975,9.645815091943177,15
2134976,10.0,1
2134985,9.856322609700166,9
2134991,9.923725715297252,6
2135006,9.675736596291404,15
2135015,9.81465607912895,9
2135016,10.0,1
2135017,9.993005896306755,1
2135023,9.90179297331454,6
2135031,9.839710790228521,8
2135037,9.889660481540732,6
2135048,9.755162798311659,11
2135051,9.951770332621914,3
2135068,9.62735669371812,17
2135075,9.879730924587076,7
2135082,9.868173762546757,7
2135093,9.742953694099942,11
2135104,9.753401454015261,11
2135105,10.0,1
2135111,9.910374591407505,6
2135122,9.727615041023391,11
2135142,9.572973511838757,20
2135145,9.956098052365743,3
2135152,9.887971868914416,7
2135158,9.878122866020217,6
2135161,9.950846979786112,3
2135165,9.936179748739915,4
2135175,9.797551749449909,10
2135179,9.933535607979383,4
2135186,9.860075208511748,7
2135187,10.0,1
2135194,9.870765661902992,7
2135197,9.961201069905187,3
2135203,9.892364701627594,6
2135211,9.82620916868407,8
2135214,9.950376652950002,3
2135221,9.869862630848326,7
2135233,9.745126430488876,12
2135234,9.989125628087479,1
2135244,9.777150286533413,10
2135256,9.699551724723841,12
2135266,9.790970715596663,10
2135280,9.67461216511385,14
2135281,10.0,1
2135292,9.78055215974274,11
2135303,9.794116658617636,11
2135312,9.807772515443048,9
2135327,9.703020905464797,15
2135344,9.637330065381098,17
2135367,9.513506187487698,23
2135377,9.785545701585262,10
2135393,9.426870700231891,16
2135399,9.907281152393827,6
2135406,9.900827738181135,7
2135417,9.753078791819055,11
2135421,9.943807855417415,4
2135444,9.483901308540123,23
2135446,9.976279999161415,2
2135457,9.764676408478774,11
2135467,9.814034439671948,10
2135479,9.773655063180948,12
2135492,9.697792756960183,13
2135502,9.775845765748384,10
2135509,9.862228858150875,7
2135510,10.0,1
2135516,9.890514662725657,6
2135535,9.598718713816575,19
2135547,9.767001567271096,12
2135548,9.988679600010704,1
2135562,9.668339908266532,14
2135572,9.796753682451902,10
2135589,9.688943011472254,17
2135626,8.990001993517721,37
2135635,9.712462618092816,9
2135652,9.615049501452289,17
2135659,9.859937061455064,7
2135665,9.890267895529037,6
2135676,9.788041568934359,11
2135686,9.772661107965133,10
2135701,9.701943671357942,15
2135709,9.826512992862591,8
2135713,9.932434258339077,4
2135726,9.709541840079206,13
2135737,9.785272164280975,11
2135746,9.837376185751932,9
2135753,9.871507291568683,7
2135771,9.620295876898652,18
2135776,9.923393664638366,5
2135794,9.572498935800871,18
2135801,9.859488338416368,7
2135811,9.8411223017648,10
2135816,9.916229947998696,5
2135830,9.691019192676006,14
2135841,9.780068085940009,11
2135850,9.821271252199361,9
2135894,8.23392959650729,44
2135901,9.878642499948963,7
2135909,9.850192413606846,8
2135910,10.0,1
2135927,9.66059764476258,17
2135941,9.744135571465424,14
2135953,9.723740923289512,12
2135981,9.319453509330572,28
2135982,9.996736925533229,1
2135998,9.6340847170524,16
2136007,9.836723823733086,9
2136018,9.767566528740526,11
2136026,9.859797744261767,8
2136036,9.789892249626499,10
2136052,9.664369658728813,16
2136057,9.908285168292805,5
2136062,9.924249761484045,5
2136076,9.709061813379831,14
2136080,9.937403847313663,4
2136089,9.820771906188202,9
2136100,9.75197040003841,11
2136111,9.795841771241948,11
2136124,9.748966454105394,13
2136130,9.899019360119736,6
2136134,9.947789459122149,4
2136138,9.943973030216174,4
2136148,9.787497840876618,10
2136159,9.785517780576454,11
2136163,9.939170765131204,4
2136177,9.6751968372856,14
2136178,10.0,1
2136191,9.740873141146006,13
2136198,9.875869390627606,7
2136199,10.0,1
2136213,9.726365698903559,14
2136217,9.943332578274253,4
2136225,9.840703914917896,8
2136231,9.88994370444481,6
2136237,9.885978792275425,6
2136245,9.857371641892085,8
2136255,9.802383135237951,10
2136260,9.903919725065697,5
2136275,9.699302419090825,15
2136281,9.88062139334386,6
2136288,9.884050088512929,7
2136298,9.827488168639626,10
2136310,9.73837998927205,12
2136319,9.517324722963014,9
2136328,9.800064245868363,9
2136342,9.712017434863183,14
2136347,9.904742738964226,5
2136349,9.974691780209737,2
2136359,9.798168146165711,10
2136372,9.714659704505749,13
2136385,9.715291643232286,13
2136403,9.633011356274517,18
2136409,9.881565409626987,6
2136421,9.749049091601613,12
2136430,9.62124105459024,9
2136436,9.889624884176706,6
2136443,9.869524525721703,7
2136452,9.575590992956663,9
2136455,9.954493614990199,3
2136465,9.801358837212403,10
2136466,10.0,1
2136480,9.690775261734455,14
2136493,9.7278348798798,13
2136496,9.954553333674392,3
2136511,9.68193580823906,15
2136521,9.812230106626668,10
2136536,9.658317486165767,15
2136539,9.962558942757596,3
2136541,9.97417643246287,2
2136548,9.87963355021049,7
2136554,9.893125878156228,6
2136561,9.88968203265769,7
2136572,9.79599224778032,11
2136574,9.97148047155945,2
2136577,9.96446766106484,3
2136578,10.0,1
2136590,9.740671681903754,12
2136594,9.936977883558773,4
2136622,9.390087265475016,28
2136633,9.819204417218574,11
2136644,9.754605961455228,11
2136654,9.784634809146032,10
2136665,9.767980946599648,11
2136673,9.85597528744324,8
2136675,9.971662882125557,2
2136681,9.90662472241499,6
2136683,9.96757080535708,2
2136690,9.85812511265997,7
2136698,9.820221155532549,8
2136707,9.784910879670635,9
2136720,9.748784678162624,13
2136721,9.996301940695584,1
2136723,9.985259916556414,2
2136736,9.748052896293272,13
2136753,9.63258172797089,17
2136763,9.794571184538693,10
2136769,9.891780154546847,6
2136771,9.973131786377044,2
2136780,9.822064659925372,9
2136781,10.0,1
2136784,9.967021943090685,3
2136795,9.768559027073186,11
2136796,10.0,1
2136817,9.521521026969959,21
2136822,9.92477810577952,5
2136837,9.654558829104545,15
2136841,9.925427704246896,4
2136856,9.748717301696297,15
2136868,9.763499138571726,12
2136873,9.91516979272867,5
2136884,9.768523654134007,11
2136893,9.81296687172988,9
2136903,9.793939234625737,10
2136918,9.688343632070884,15
2136925,9.877105519609026,7
2136934,9.798760831884575,9
2136942,9.851730193878511,8
2136957,9.644170462608798,15
2136970,9.713392998817872,13
2136985,9.69081940259077,15
2137021,9.254593124655857,36
2137025,9.938586052640433,4
2137040,9.679148016579223,15
2137048,9.847723301149577,8
2137062,9.678594312629615,14
2137069,9.880024722944267,7
2137079,9.798776253611313,10
2137090,9.744293372899575,11
2137092,9.979620188220322,2
2137106,9.36659508061882,14
2137122,9.681741879265997,16
2137127,9.924993564872269,5
2137141,9.671801004834075,14
2137155,9.497502262177894,14
2137168,9.687170143402557,13
2137182,9.654073902337863,14
2137198,9.655255593514227,16
2137209,9.784261494696239,11
2137222,9.71735886471047,13
2137230,9.882923604064025,8
2137231,10.0,1
2137245,9.669626533928366,14
2137246,10.0,1
2137260,9.734418488519319,14
2137279,9.52820613713431,19
2137280,10.0,1
2137296,9.69479625125475,16
2137303,9.898699800171938,7
2137310,9.886371570578937,7
2137317,9.87273693708423,7
2137335,9.616613651650573,18
2137343,9.843400514743909,8
2137354,9.59412413285859,11
2137355,10.0,1
2137362,9.879984709161468,7
2137370,9.854620718950924,8
2137384,9.66623163357424,14
2137386,9.98633511109829,2
2137399,9.692211874683723,13
2137400,10.0,1
2137406,9.885918183240392,6
2137414,9.852371260875248,8
2137415,10.0,1
2137419,9.945497260614182,4
2137421,9.98033388536073,2
2137429,9.834011539840905,8
2137449,9.518801109964793,20
2137456,9.868193649065233,7
2137465,9.858625868371316,9
2137476,9.801082726553737,11
2137490,9.675317868010817,14
2137500,9.784126256490893,10
2137501,10.0,1
2137510,9.809924635893958,9
2137514,9.939512761336113,4
2137530,9.68194839038441,16
2137542,9.751193646841664,12
2137553,9.734167805700922,11
2137563,9.779217379370348,10
2137564,10.0,1
2137573,9.81536500959442,9
2137581,9.875283924744291,8
2137582,10.0,1
2137596,9.666190466422428,14
2137613,9.673789473771427,17
2137615,9.980398309025585,2
2137616,10.0,1
2137623,9.873402860785218,7
2137636,9.766767410780902,13
2137654,9.573398949702721,18
2137655,10.0,1
2137668,9.711011858478281,13
2137677,9.78697494357482,9
2137689,9.73040533338176,12
2137691,9.98378885643371,2
2137692,10.0,1
2137700,9.834304784605512,8
2137709,9.825694763036516,9
2137713,9.929722990942574,4
2137719,9.896128641356974,6
2137736,9.633015758510792,17
2137737,10.0,1
2137740,9.96686199274206,3
2137745,9.90995512721049,5
2137755,9.81067576738715,10
2137758,9.964301482386059,3
2137762,9.74451938437739,4
2137775,9.710857337330086,13
2137781,9.905217112049677,6
2137791,9.805401357262845,10
2137803,9.789636508466682,12
2137814,9.72687813331292,11
2137823,9.841293226305147,9
2137830,9.859869966850372,7
2137835,9.930506583976864,5
2137842,9.888696185564541,7
2137850,9.8525845354748,8
2137857,9.874592526546465,7
2137858,9.991525850873677,1
2137866,9.848401034624787,8
2137872,9.875315451216375,6
2137886,9.66617377430795,14
2137899,9.74173091338457,13
2137914,9.658487463593211,15
2137921,9.885164075258029,7
2137930,9.802402943863903,9
2137941,9.756125888554974,11
2137942,10.0,1
2137949,9.876410260659405,7
2137954,9.91356454464418,5
2137963,9.830032267942187,9
2137969,9.89248358100827,6
2137970,10.0,1
2137974,9.929443893098542,4
2137984,9.80369164476453,10
2137993,9.855064317195444,9
2138004,9.832647732397113,11
2138016,9.743198154333362,12
2138029,9.755081065643939,13
2138044,9.715344728214617,15
2138052,9.864467382174547,8
2138071,9.584164885707589,19
2138079,9.85116887340425,8
2138088,9.832045166452966,9
2138102,9.707476638020996,14
2138104,9.97275898798138,2
2138117,9.716142473366949,13
2138125,9.864104346053445,8
2138135,9.781729563277256,10
2138136,10.0,1
2138149,9.72057954605891,13
2138170,9.524542115630968,21
2138184,9.721236194567066,14
2138185,10.0,1
2138196,9.27398713285807,11
2138213,9.64321536837964,17
2138214,10.0,1
2138218,9.934934375406486,4
2138230,9.72594574016666,12
2138241,9.800128154444327,11
2138249,9.87396829438694,8
2138259,9.794060797395122,10
2138272,9.741932264101495,13
2138275,9.958581771672721,3
2138287,9.744893388493036,12
2138288,10.0,1
2138297,9.812254102613107,9
2138302,9.907408938026839,5
2138304,9.975337917619786,2
2138311,9.871960406388975,7
2138317,9.905175706377506,6
2138326,9.802799966841734,9
2138338,9.443254028961634,12
2138343,9.907619134916896,5
2138351,9.836809912557833,8
2138356,9.911730159760825,5
2138373,9.408256903556012,17
2138383,9.773341963464611,10
2138390,9.876083340878948,7
2138391,10.0,1
2138402,9.784820335321237,11
2138403,10.0,1
2138414,9.758256412454909,11
2138421,9.880528733576055,7
2138430,9.810399526940426,9
2138433,9.970093830170983,3
2138439,9.892689994680852,6
2138450,9.775458026141214,11
2138457,9.863521841539626,7
2138463,9.889235266503839,6
2138473,9.757160550594692,10
2138475,9.970796770540394,2
2138486,9.808526592280195,11
2138489,9.958694770211684,3
2138507,9.64941561151283,18
2138508,10.0,1
2138509,10.0,1
2138519,9.78139843623649,10
2138520,10.0,1
2138537,9.577028844981164,17
2138542,9.920260323984351,5
2138553,9.78586102909502,11
2138557,9.948887171163268,4
2138558,10.0,1
2138568,9.78790002422468,10
2138574,9.904077427115514,6
2138582,9.834400787985935,8
2138594,9.741582778245158,12
2138605,9.748170282157087,11
2138615,9.76794958587921,10
2138622,9.85147732707199,7
2138632,9.802018635491397,10
2138635,9.953770618309157,3
2138648,9.689118338101578,13
2138649,9.992232900062437,1
2138659,9.790113446716202,10
2138664,9.923787258481013,5
2138666,9.97007118928974,2
2138677,9.747353828610946,11
2138679,9.977553296714968,2
2138684,9.920185839688225,5
2138687,9.953412595460696,3
2138696,9.84939426665744,9
2138705,9.790719542483231,9
2138717,9.718528538926634,12
2138732,9.663978929095213,15
2138743,9.77809374514568,11
2138747,9.942284775366197,4
2138758,9.745302937942013,11
2138770,9.777494254271046,12
2138776,9.9032547503705,6
2138788,9.774912028739129,12
2138798,9.799881593940707,10
2138805,9.877131112694311,7
2138816,9.773754362707399,11
2138820,9.939418257151832,4
2138830,9.776697635750665,10
2138831,9.992757725456453,1
2138832,10.0,1
2138845,9.699902364748928,13
2138846,10.0,1
2138862,9.63008751814548,16
2138871,9.804329720230816,9
2138880,9.811086655389836,9
2138897,9.645628076355257,17
2138904,9.875844504549688,7
2138911,9.872322691225504,7
2138917,9.882525495165211,6
2138928,9.73881085372148,11
2138929,10.0,1
2138930,9.992597760917235,1
2138931,9.99271974034573,1
2138942,9.775220980698233,11
2138946,9.951259460142044,4
2138947,10.0,1
2138960,9.735219317616316,13
2138981,9.190419865384342,21
2138990,9.810948574084382,9
2139003,9.732189124252168,13
2139009,9.892152357838198,6
2139019,9.77189684141279,10
2139025,9.876083891031895,6
2139031,9.900173848736717,6
2139044,9.770083323610967,13
2139050,9.908466761117962,6
2139051,9.992234555163535,1
2139063,9.734865039705356,12
2139072,9.824356819159597,9
2139074,9.979684476485819,2
2139082,9.834343912294475,8
2139090,9.875750561623041,8
2139091,10.0,1
2139103,9.718610721496928,12
2139128,9.47657657303595,25
2139134,9.903422744448543,6
2139159,9.521275751474308,25
2139177,9.612200312344818,18
2139191,9.68388860116876,14
2139199,9.842201550937832,8
2139206,9.864508371337076,7
2139212,9.903391994768752,6
2139213,10.0,1
2139224,9.759878183699382,11
2139239,9.662284917244763,15
2139247,9.848178169258182,8
2139271,9.483001458676664,24
2139277,9.889208404955776,6
2139286,9.808016921453572,9
2139299,9.19379901187249,13
2139310,9.793117905888534,11
2139319,9.838560808342308,9
2139328,9.802297513072087,9
2139339,9.453504386849184,11
2139345,9.905316950838511,6
2139353,9.840781120735578,8
2139359,9.91158256568212,6
2139360,10.0,1
2139368,9.852678621396034,8
2139374,9.886808657689816,6
2139379,9.915895195943069,5
2139386,9.879050706057104,7
2139389,9.950312195425205,3
2139408,9.554746809234702,19
2139412,9.940192378299257,4
2139416,9.943838396558728,4
2139420,9.92246399162343,4
2139424,9.944229967083578,4
2139427,9.961912260705516,3
2139438,9.803223029319282,11
2139454,9.62248907322196,16
2139470,9.621033826659172,16
2139484,9.665422834630224,14
2139498,9.683623044272188,14
2139504,9.875610084517886,6
2139509,9.910997988442118,5
2139521,9.520171715895314,12
2139529,9.864158497586555,8
2139544,9.698337471917991,15
2139554,9.805457498569952,10
2139560,9.906764182347095,6
2139567,9.878034682037654,7
2139578,9.766875171564518,11
2139587,9.805824987558712,9
2139590,9.969588635987218,3
2139593,9.959376057641109,3
2139603,9.793078951422189,10
2139615,9.758938122769088,12
2139619,9.936232201488593,4
2139632,9.746256392045636,13
2139633,9.996472049017052,1
2139642,9.825755632247452,9
2139648,9.795360887292505,6
2139660,9.757186840618914,12
2139671,9.778324954499622,11
2139675,9.943662148020637,4
2139691,9.665379935537137,16
2139700,9.853357574266594,9
2139707,9.875592931605597,7
2139720,9.715035216584107,13
2139737,9.626867865877259,17
2139740,9.95650229818383,3
2139753,9.723173655935636,13
2139765,9.783072352371478,12
2139769,9.94315394638339,4
2139779,9.777424309128714,10
2139790,9.774724195262927,11
2139797,9.869233556123309,7
2139803,9.899837428838962,6
2139811,9.851077490792878,8
2139815,9.943208517755568,4
2139826,9.771019719223297,11
2139841,9.697745494711047,15
2139844,9.953160551363025,3
2139849,9.930188670895198,5
2139861,9.756909744635328,12
2139865,9.93354875128072,4
2139873,9.851443256050144,8
2139884,9.818545385281062,11
2139893,9.859987555864786,9
2139898,9.921685521029584,5
2139910,9.762874942831386,12
2139918,9.854621138800297,8
2139933,9.65339818648768,15
2139935,9.977349191290624,2
2139946,9.816765690895183,11
2139961,9.585182910363955,15
2139969,9.847747808040353,8
2139981,9.75416822925804,12
2139983,9.97900455170564,2
2139998,9.668909080864626,15
2140005,9.89802321713617,7
2140014,9.807486347319905,9
2140019,9.923306382614054,5
2140022,9.962255681154854,3
2140030,9.82888139386506,8
2140044,9.664912764445049,14
2140056,9.749427899740704,12
2140060,9.941033604373622,4
2140068,9.858265731939825,8
2140076,9.85064479058928,8
2140092,9.61077426544187,16
2140102,9.780191536966715,10
2140103,10.0,1
2140104,10.0,1
2140119,9.671738348198868,15
2140125,9.882714686896266,6
2140133,9.824512934396024,8
2140151,9.59014833317854,18
2140158,9.858410906593233,7
2140164,9.879763759459246,6
2140171,9.868914616791864,7
2140183,9.721994306028373,12
2140190,9.864624587339925,7
2140201,9.750429316051688,11
2140208,9.867883891493928,7
2140209,10.0,1
2140220,9.75354727050926,11
2140229,9.843235734681377,9
2140238,9.81144226672661,9
2140245,9.870167449217979,7
2140246,10.0,1
2140260,9.69657863099309,14
2140272,9.748393424800748,12
2140277,9.934752949805466,5
2140280,9.952224908286016,3
2140292,9.738698275366685,12
2140316,9.542782016624074,24
2140327,9.80197538012072,11
2140337,9.767723888495658,10
2140344,9.869380711036069,7
2140355,9.764905487006708,11
2140360,9.921748728532291,5
2140373,9.72328576080245,13
2140374,9.996459564730861,1
2140377,9.954270102752906,3
2140388,9.776366845189504,11
2140394,9.886534082326577,6
2140402,9.843587496077138,8
2140414,9.715410750663393,12
2140423,9.819144120826744,9
2140432,9.799134809230733,9
2140441,9.84839560366003,9
2140454,9.674986061350378,13
2140462,9.836295216178005,8
2140467,9.922319819994934,5
2140483,9.642520919061525,16
2140484,9.996218603496152,1
2140487,9.96810989974733,3
2140496,9.79914783190564,9
2140509,9.713424316786876,13
2140522,9.726864214613975,13
2140526,9.933034965681031,4
2140531,9.914773240287312,5
2140537,9.906803506828421,6
2140546,9.832915260847528,9
2140547,10.0,1
2140554,9.877375098413285,7
2140560,9.900293836629332,6
2140565,9.924319594417517,5
2140574,9.794246374674808,9
2140577,9.970846636669659,3
2140586,9.809777095822282,9
2140606,9.560712686310527,20
2140620,9.646497080202879,14
2140621,10.0,1
2140625,9.934279139442506,4
2140626,9.996424117988312,1
2140630,9.938454687122771,4
2140636,9.904798107643124,6
2140641,9.915813811056061,5
2140644,9.956491902089152,3
2140645,10.0,1
2140650,9.918853772571566,5
2140655,9.902874869320515,5
2140658,9.955117212660939,3
2140668,9.785992720961264,10
2140676,9.855256009129851,8
2140682,9.894972910633868,6
2140688,9.892333941845555,6
2140703,9.662140645552155,15
2140709,9.898296693531451,6
2140718,9.849797572510303,9
2140723,9.907313547897852,5
2140728,9.923233278794429,5
2140741,9.733234565893792,13
2140759,9.646759314548465,18
2140764,9.920171885925361,5
2140777,9.72471022869285,13
2140784,9.886484626824222,7
2140797,9.715551895282553,13
2141297,-17.079355647781288,500
2141307,9.771485260485989,10
2141310,9.963684698626276,3
2141321,9.760163729954416,11
2141332,9.823346265502101,11
2141357,9.519069095022433,25
2141363,9.903438526466957,6
2141364,10.0,1
2141374,9.805136871867488,10
2141403,9.432266241549984,29
2141404,9.993256966466674,1
2141413,9.848773326858701,9
2141424,9.779306380428167,11
2141433,9.819890685053503,9
2141434,9.989551605256747,1
2141451,9.592638291331967,17
2141477,7.840608912188042,26
2141485,9.86708450780288,8
2141499,9.693643155176508,14
2141506,9.850301368143882,7
2141521,9.682480758215037,15
2141528,9.888019043715884,7
2141532,9.942816700507192,4
2141540,9.858116610324139,8
2141554,9.633553733873363,14
2141562,9.635546276122964,8
2141575,9.701277671867286,13
2141586,9.743648318972147,11
2141592,9.870629897284326,6
2141593,10.0,1
2141604,9.57522632948555,11
2141630,9.319108570456146,26
2141635,9.901053699597547,5
2141648,9.588183732405,13
2141649,10.0,1
2141653,9.932907355225346,4
2141668,9.645298211400837,15
2141677,9.805871736683718,9
2141687,9.776336100700703,10
2141688,9.991802853558713,1
2141696,9.849120609844814,8
2141703,9.87464777446411,7
2141716,9.714594803024285,13
2141730,9.70568455166344,14
2141738,9.839896068645535,8
2141744,9.90792480866355,6
2141752,9.85772660373878,8
2141762,9.77774914219557,10
2141771,9.85302948588855,9
2141775,9.94937820962686,4
2141778,9.942958014975144,3
2141787,9.819436936030055,9
2141802,9.724655516436687,15
2141805,9.951745683613364,3
2141820,9.666507744511119,15
2141830,9.818017786960302,10
2141837,9.87552987680151,7
2141843,9.91042460530992,6
2141857,9.601347513157055,14
2141867,9.846550111784413,10
2141879,9.748635852043304,12
2141888,9.834236876364484,9
2141904,9.642629934702471,16
2141913,9.827481970378507,9
2141923,9.694484158522833,10
2141935,9.721483357191245,12
2141942,9.868676255279802,7
2141956,9.71844500585454,14
2141964,9.854262887249687,8
2141974,9.807841696832504,10
2141983,9.831681770041733,9
2141988,9.21823542419492,5
2141989,10.0,1
2142018,9.401626669151458,29
2142019,10.0,1
2142030,9.786173565442704,11
2142039,9.807744055335304,9
2142049,9.779830401785459,10
2142065,9.670071673717423,16
2142074,9.81789770494497,9
2142085,9.767066601955412,11
2142095,9.801374690800142,10
2142100,9.919410107801625,5
2142108,9.826880032346605,8
2142119,9.77568052302582,11
2142129,9.777398930087834,10
2142145,9.745500020889649,16
2142161,9.641038590316803,16
2142175,9.749181511225967,14
2142188,9.684617752628967,13
2142192,9.921258837364253,4
2142205,9.733386147283536,13
2142215,9.830712966987056,10
2142226,9.787508810900702,11
2142231,9.913600123949697,5
2142239,9.852058327514941,8
2142245,9.902721198262679,6
2142248,9.954758981816257,3
2142253,9.903118154840053,5
2142257,9.944716881409663,4
2142268,9.748154435294582,11
2142280,9.738396519834284,12
2142289,9.812936569457134,9
2142293,9.934220644210617,4
2142295,9.968347137593671,2
2142297,9.970963808348253,2
2142301,9.946288159487823,4
2142316,9.647612067974563,15
2142324,9.859727506792147,8
2142329,9.921270453247788,5
2142336,9.885539432737819,7
2142343,9.857945688903218,7
2142349,9.892382545314941,6
2142355,9.89296759413823,6
2142369,9.686262192280111,14
2142376,9.866212920900919,7
2142382,9.900360438147588,6
2142398,9.637552717430138,16
2142421,9.436939451043578,23
2142428,9.86252465381715,7
2142450,9.539419080752127,22
2142451,10.0,1
2142455,9.927822569407112,4
2142465,9.792695457020121,10
2142472,9.857312099698635,7
2142474,9.972830858304652,2
2142493,9.614716670487809,19
2142504,9.784942633073271,11
2142505,9.996590431055765,1
2142517,9.756526194327432,12
2142518,10.0,1
2142526,9.827149152095147,8
2142537,9.75238526714031,11
2142542,9.92944691535044,5
2142549,9.861945053804153,7
2142551,9.985006565493402,2
2142577,9.485268623938035,26
2142584,9.888474748313847,7
2142588,9.945547233656468,4
2142600,9.73902386768247,12
2142613,9.737312094425278,13
2142620,9.877539236057379,7
2142911,4.720683598377651,291
2142919,9.539813951141241,8
2142934,9.129051198676315,15
2142937,9.95599339030092,3
2142949,9.772737814153047,12
2142963,9.705494068339984,14
2142980,9.549933672699003,17
2142984,9.938435945910534,4
2142990,9.897310010249331,6
2143000,9.813319968326068,10
2143001,10.0,1
2143006,9.919487553810448,5
2143011,9.906887404767632,5
2143022,9.751030409327925,11
2143039,9.662127091761088,17
2143050,9.785075554427154,11
2143051,10.0,1
2143059,9.851140569080254,8
2143065,9.910638949606362,6
2143079,9.69864823726643,14
2143081,9.970564554322353,2
2143096,9.645697059658223,15
2143108,9.73131190100923,12
2143117,9.81716924135056,9
2143122,9.924123805748687,5
2143125,9.964143378713125,3
2143136,9.769906606951968,11
2143152,9.655449844530045,16
2143162,9.791855745979916,10
2143177,9.67872996437128,15
2143178,9.989483700692729,1
2143191,9.719617845403747,13
2143201,9.761507604496009,10
2143202,9.992692181108021,1
2143204,9.977677115813934,2
2143222,9.583661272825742,18
2143227,9.920001318195833,5
2143230,9.962689806533561,3
2143239,9.82406960713896,9
2143256,9.640819135925243,17
2143276,9.443755125750368,20
2143281,9.912017141426535,5
2143282,10.0,1
2143283,10.0,1
2143297,9.76734517899704,14
2143306,9.854251865384825,9
2143313,9.854540693394638,7
2143324,9.77694997342983,11
2143331,9.860121242966153,7
2143350,9.55261985970899,19
2143360,9.809284304890404,10
2143373,9.705671414229215,13
2143374,10.0,1
2143377,9.954221236850001,3
2143384,9.87797801618321,7
2143385,10.0,1
2143400,9.507056798343807,15
2143403,9.95250899289573,3
2143409,9.892322947666495,6
2143422,9.789310619845981,13
2143433,9.767041261237642,11
2143445,9.740618443526735,12
2143460,9.67717563761738,15
2143466,9.915690153797057,6
2143471,9.935346331395163,5
2143475,9.937842110623338,4
2143481,9.882868612111047,6
2143487,9.886870564894123,6
2143498,9.80485399451897,11
2143504,9.906487171779725,6
2143505,10.0,1
2143513,9.864198409737309,8
2143525,9.766584644318621,12
2143532,9.868710758881061,7
2143538,9.89331584119469,6
2143553,9.63034907796651,15
2143565,9.72612938471472,12
2143568,9.952857352749799,3
2143570,9.983544829221485,2
2143572,9.970871610598374,2
2143584,9.73328179732559,12
2143591,9.87631670048693,7
2143592,10.0,1
2143595,9.956084606192936,3
2143604,9.850592415137589,9
2143608,9.943455251535852,4
2143614,9.884887445227923,6
2143624,9.784241549223683,10
2143635,9.747150564106942,11
2143644,9.804430057000399,9
2143650,9.900480152831546,6
2143662,9.783192679558757,12
2143675,9.71601744133514,13
2143678,9.964282233938432,3
2143690,9.746373540689754,12
2143703,9.696790480045676,13
2143713,9.807880579401465,10
2143714,10.0,1
2143726,9.776009703187968,12
2143734,9.849047097598339,8
2143746,9.738605331490405,12
2143757,9.789595166311244,11
2143771,9.715725610855342,14
2143789,9.614336200682649,18
2143799,9.803030545060306,10
2143800,10.0,1
2143801,9.996697624590775,1
2143810,9.86223513864067,9
2143832,9.516566006332564,22
2143834,9.978890206635462,2
2143841,9.86516465409622,7
2143855,9.68216805636668,14
2143871,9.649800996545483,16
2143882,9.765671883961343,11
2143890,9.851889734480325,8
2143902,9.733556600186002,12
2143911,9.824991812338512,9
2143922,9.79882854392353,11
2143930,9.859901962084601,8
2143931,10.0,1
2143948,9.602406890947158,17
2143959,9.781653142545363,11
2143967,9.86494523360858,8
2143968,9.988892097731444,1
2143987,9.555447194301857,19
2144003,9.685030182195487,16
2144011,9.83092339349602,8
2144016,9.928985948117456,5
2144030,9.6782946288769,14
2144041,9.771698942569309,11
2144050,9.837470679088021,9
2144054,9.845662978643176,4
2144055,10.0,1
2144063,9.84767578720204,8
2144064,10.0,1
2144067,9.955738727629893,3
2144077,9.793156477586614,10
2144090,9.70460001583393,13
2144105,9.688660145135144,15
2144121,9.657051157565823,16
2144127,9.890307513707473,6
2144132,9.920380213371352,5
2144138,9.913467001683475,6
2144151,9.69864987907672,13
2144163,9.755487367160928,12
2144168,9.919343521122437,5
2144175,9.847550946089777,7
2144181,9.889395427117275,6
2144189,9.884509167875152,8
2144195,9.909717377825844,6
2144208,9.743379316978732,13
2144213,9.916274085230212,5
2144222,9.80636012308137,9
2144228,9.895496093343082,6
2144240,9.733663390857998,12
2144243,9.96470447270552,3
2144254,9.788010901721076,11
2144270,9.62210949534523,16
2144280,9.7610490602933,10
2144286,9.897467341994425,6
2144294,9.877520620837313,8
2144295,10.0,1
2144307,9.760842332167698,12
2144319,9.731290105185678,12
2144321,9.97415424564646,2
2144329,9.81808457370551,8
2144330,10.0,1
2144339,9.851507572834963,9
2144354,9.66921015066208,15
2144355,10.0,1
2144364,9.787186115509586,9
2144376,9.733379538317086,12
2144380,9.941821333774332,4
2144396,9.63627395958248,16
2144398,9.969769272310097,2
2144402,9.948534199457013,4
2144412,9.781710181196422,10
2144421,9.808104555272509,9
2144437,9.595504422494264,16
2144449,9.719876815347,12
2144454,9.928756113213762,5
2144479,9.545575249896997,25
2144484,9.901195276868195,5
2144492,9.841613252692463,8
2144503,9.757337744770211,11
2144516,9.719485923899958,13
2144528,9.71738808325486,12
2144540,9.74000085042708,12
2144552,9.719983426682692,12
2144553,10.0,1
2144572,9.5397563574474,19
2144573,10.0,1
2144583,9.78898518940919,10
2144584,10.0,1
2144588,9.928886259934632,4
2144593,9.910998233217812,5
2144597,9.925566965249615,4
2144603,9.797465964097391,6
2144618,9.654097619065903,15
2144619,9.992029194554448,1
2144620,10.0,1
2144642,9.498897526817057,22
2144652,9.804926526199575,10
2144659,9.85555414011999,7
2144670,9.744795746326357,11
2144671,10.0,1
2144680,9.832764749829984,9
2144689,9.817986976990113,9
2144698,9.814190839829202,9
2144706,9.828674432533322,8
2144709,9.95971048828652,3
2144715,9.925961281169611,6
2144727,9.749365319758947,12
2144739,9.728480326666007,12
2144741,9.974407403705138,2
2144756,9.707071761397508,15
2144757,10.0,1
2144772,9.693381539277084,15
2144785,9.728962122636043,13
2144795,9.795587725965781,10
2144797,9.976994293529074,2
2144811,9.702986774324847,14
2144817,9.880562139544809,6
2144825,9.889108786426837,8
2144829,9.934394427825163,4
2144838,9.83927087210336,9
2144844,9.87829285563815,6
2144854,9.813600750853611,10
2144867,9.769954732158228,13
2144882,9.717237017699926,15
2144893,9.766688521094109,11
2144894,10.0,1
2144901,9.891833416848524,7
2144914,9.735309740987637,13
2144926,9.746149751987623,12
2144938,9.778539161594328,12
2144939,10.0,1
2144951,9.738421132807447,12
2144964,9.43544582803333,13
2144965,10.0,1
2144970,9.9216214194185,5
2144976,9.892835024382086,6
2144977,10.0,1
2144993,9.623243050283353,16
2145009,9.627665278732556,16
2145022,9.698694279667706,13
2145031,9.819975775106949,9
2145035,9.952283477533117,4
2145045,9.778975829141777,10
2145053,9.826775619038584,8
2145060,9.86900364697051,7
2145067,9.890308829470372,7
2145088,9.484311653404989,21
2145093,9.907028344338684,5
2145103,9.800988917019659,10
2145118,9.655331304953208,15
2145132,9.66994168891839,14
2145139,9.854406842229245,7
2145152,9.748638944397209,13
2145181,9.245433211362268,29
2145187,9.886778032963806,6
2145194,9.880299030311866,7
2145197,9.957875980532252,3
2145207,9.782797261980175,10
2145210,9.954852495080313,3
2145221,9.748070139942982,11
2145231,9.769163491213,10
2145241,9.807914015405014,10
2145251,9.786863619105416,10
2145279,9.396565894738995,28
2145284,9.917941481100014,5
2145292,9.87553971406063,8
2145301,9.85150952882324,9
2145318,9.618642625975296,17
2145325,9.8609968274714,7
2145327,9.978842116310153,2
2145333,9.910991748645262,6
2145334,9.993060376273947,1
2145352,9.62355259012051,18
2145371,9.647188972129493,19
2145387,9.646908844431692,16
2145388,10.0,1
2145389,10.0,1
2145391,9.968139718956126,2
2145404,9.688749102164143,13
2145408,9.951001929468022,4
2145409,9.995986113380143,1
2145417,9.838025505948393,8
2145432,9.655410135535769,15
2145447,9.69907865324867,15
2145453,9.887516049024608,6
2145458,9.925207571056852,5
2145464,9.884876242121711,6
2145465,9.991755660696555,1
2145470,9.71075977810727,5
2145479,9.828322342942485,9
2145492,9.708710955754276,13
2145501,9.82177797449751,9
2145504,9.94849091130997,3
2145507,9.96510562545607,3
2145528,8.941224556936442,21
2145544,9.665057828274868,16
2145556,9.738559195946154,12
2145568,9.763215420241316,12
2145576,9.880644494452447,8
2145584,9.844760273785624,8
2145594,9.796928430660552,10
2145597,9.95856523604291,3
2145603,9.882321548947363,6
2145612,9.819799172788683,9
2145622,9.795570612486156,10
2145635,9.68439012436142,13
2145648,9.772297097019447,13
2145664,9.701742563666341,16
2145665,10.0,1
2145673,9.829842833582681,8
2145685,9.726826095494859,12
2145690,9.902098450709603,5
2145700,9.808246057154935,10
2145717,9.60276546009629,17
2145718,9.986142088527897,1
2145729,9.78307861944463,11
2145744,9.697572619748628,15
2145759,9.65068066738218,15
2145770,9.772677747450047,11
2145771,9.995578072757523,1
2145772,10.0,1
2145778,9.890347056665087,6
2145799,9.629588810056486,21
2145806,9.852903657609607,7
2145808,9.968046670334989,2
2145822,9.7025498801969,14
2145833,9.784486102509527,11
2145842,9.8470890108495,9
2145846,9.94001083230331,4
2145851,9.912027834424093,5
2145858,9.884086106975456,7
2145866,9.666599375002754,8
2145877,9.7501041983747,11
2145879,9.971418835464304,2
2145891,9.737204932839878,12
2145892,10.0,1
2145899,9.882263566890735,7
2145900,10.0,1
2145911,9.751566987367951,11
2145923,9.79587606586205,12
2145927,9.930476934234042,4
2145943,9.618635756236612,16
2145953,9.79791688215906,10
2145962,9.8350149369143,9
2145972,9.793595495558588,10
2145988,9.691848447072205,16
2145989,9.987502587118374,1
2146005,9.615339007684208,16
2146013,9.856747422212143,8
2146017,9.939912311358597,4
2146025,9.864790672359721,8
2146044,9.524144916441816,19
2146058,9.704062001395208,14
2146070,9.71803397745838,12
2146077,9.868999376625538,7
2146089,9.628423603771418,12
2146090,10.0,1
2146110,9.500987845168654,20
2146111,9.99650781854349,1
2146132,9.447650609322144,21
2146133,10.0,1
2146141,9.858378611088812,8
2146159,9.572419208276356,18
2146168,9.852694901928407,9
2146171,9.963468566733006,3
2146174,9.96478184368967,3
2146191,9.61434036340789,17
2146204,9.708482566846785,13
2146214,9.794435165142957,10
2146222,9.860816032436166,8
2146230,9.844182586604433,8
2146243,9.701095704360291,13
2146259,9.62311495709399,16
2146269,9.786230150948075,10
2146281,9.717591326701742,12
2146290,9.837494002498046,9
2146297,9.872336610479817,7
2146311,9.721973433625706,14
2146317,9.905613468527054,6
2146328,9.769154960241096,11
2146329,10.0,1
2146337,9.833983328443095,8
2146339,9.975164201209862,2
2146345,9.880207736355098,6
2146364,9.51693478532708,19
2146385,9.588448822535527,21
2146400,9.747919665650173,15
2146419,9.092463904802795,19
2146429,9.768999246940847,10
2146430,10.0,1
2146439,9.833440116727035,9
2146444,9.914203291912619,5
2146448,9.929604693411669,4
2146456,9.85206623941578,8
2146461,9.910247471155762,5
2146463,9.968736368073154,2
2146473,9.793857292494645,10
2146479,9.881773313413047,6
2146499,9.558725054768693,20
2146507,9.835298260683592,8
2146514,9.879088919287206,7
2146520,9.891342842792719,6
2146533,9.689425786618713,13
2146546,9.657923815170934,13
2146558,9.748590404908569,12
2146565,9.876200743089663,7
2146580,9.708350899617953,15
2146581,10.0,1
2146587,9.89780984810436,6
2146597,9.813334264595117,10
2146608,9.809457151701617,11
2146618,9.791926583272202,10
2146623,9.913050876700261,5
2146639,9.622531000889943,16
2146641,9.983851905243275,2
2146646,9.906952878313515,5
2146651,9.925064429802786,5
2146656,9.917242810057196,5
2146667,9.77148385731457,11
2146668,10.0,1
2146669,10.0,1
2146679,9.78334955968564,10
2146681,9.980246446766378,2
2146682,10.0,1
2146684,9.97545665834783,2
2146695,9.766098635055574,11
2146706,9.779030271254527,11
2146711,9.911027328402334,5
2146723,9.73889871316116,12
2146729,9.880702124026538,6
2146740,9.769905175089313,11
2146741,10.0,1
2146745,9.95069295321472,4
2146755,9.764167355056264,10
2146756,10.0,1
2146765,9.844962186715325,9
2146794,9.322515029806073,29
2146803,9.821433603648261,9
2146814,9.695445114114127,11
2146828,9.694044334258543,14
2146836,9.840107189487744,8
2146849,9.724997153869978,13
2146866,8.844173454208125,17
2146882,9.601371440564915,16
2146894,9.747781498759966,12
2146904,9.782572497947363,10
2146915,9.77136174511588,11
2146921,9.888338684295885,6
2146926,9.916166190275876,5
2146944,9.555869542102954,18
2146950,9.88336628783864,6
2146959,9.819354324809895,9
2146963,9.935093572084003,4
2146973,9.81434716845572,10
2146980,9.87278887527396,7
2146981,10.0,1
2146995,9.708734024693197,14
2146997,9.981339032229247,2
2147003,9.888390540448171,6
2147004,10.0,1
2147012,9.867233132675713,8
2147026,9.669276731824832,14
2147027,10.0,1
2147034,9.878011115376179,7
2147049,9.67409609445825,15
2147054,9.917214142962953,5
2147065,9.761068453261291,11
2147075,9.825982868472593,10
2147089,9.683074716258101,14
2147090,10.0,1
2147101,9.759263943142633,11
2147112,9.743536194065246,11
2147113,10.0,1
2147117,9.923294392156276,4
2147118,10.0,1
2147124,9.926288383249592,6
2147129,9.919296293423526,5
2147139,9.766803416270854,10
2147144,9.911556598263159,5
2147147,9.958520078957534,3
2147151,9.937265235087894,4
2147156,9.922596044250193,5
2147165,9.853527523094371,9
2147178,9.739763516671939,13
2147186,9.856151246704952,8
2147187,10.0,1
2147202,9.643569326058879,15
2147220,9.59753872935373,18
2147229,9.820716225224292,9
2147230,10.0,1
2147231,10.0,1
2147262,9.217139907267907,31
2147271,9.804092771240853,9
2147277,9.88201025518265,6
2147280,9.962887247873885,3
2147289,9.848741570066814,9
2147295,9.90874722997773,6
2147299,9.721532511325186,4
2147311,9.738965563346,12
2147320,9.805424179565925,9
2147327,9.880500958556661,7
2147329,9.972405365781393,2
2147336,9.873414757650623,7
2147343,9.775908939684305,7
2147352,9.819848904543633,9
2147369,9.6182015113503,17
2147374,9.91871416961201,5
2147379,9.926009641607182,5
2147392,9.683985669550053,13
2147395,9.950910462167414,3
2147407,9.767292644028156,12
2147416,9.810864030239754,9
2147417,9.98800334935337,1
2147418,9.996689921872314,1
2147426,9.852192083594016,8
2147439,9.713505907033522,13
2147446,9.875147803026685,7
2147454,9.841584085584943,8
2147460,9.90216376143842,6
2147473,9.696869937116338,13
2147482,9.813270030972507,9
2147497,9.655611926584152,15
2147509,9.74895078535971,12
2147510,10.0,1
2147523,9.720913794481136,13
2147534,9.786639172722325,11
2147545,9.763548541325736,11
2147557,9.741753791403394,12
2147573,9.677422281742473,16
2147580,9.890300738450293,7
2147585,9.925693515877937,5
2147599,9.683644900831752,14
2147608,9.811629805267412,9
2147611,9.956126575090284,3
2147625,9.68338213331448,14
2147635,9.808769602493168,10
2147642,9.85763976020805,7
2147656,9.516164062676909,14
2147663,9.848349882697404,7
2147676,9.709604276718094,13
2147690,9.689019386648756,14
2147694,9.929616109766323,4
2147702,9.869871382490011,8
2147704,9.983927615916263,2
2147708,9.94949916752559,4
2147716,9.835036952410736,8
2147730,9.6808240679995,14
2147735,9.920449029612028,5
2147742,9.873779533906063,7
2147753,9.78793584479858,11
2147759,9.897808376431541,6
2147778,9.592846146948288,19
2147787,9.82611848219452,9
2147788,10.0,1
2147790,9.968550661313397,2
2147801,9.773018268674232,11
2147816,9.639259319122539,15
2147834,9.013038817096069,18
2147835,10.0,1
2147836,10.0,1
2147837,10.0,1
2147844,9.87805556931121,7
2147856,9.80298902375779,12
2147863,9.859597535705731,7
2147875,9.769038587228158,12
2147886,9.757817099778974,11
2147899,9.657261073718551,13
2147908,9.837035063097781,9
2147909,10.0,1
2147922,9.72805975377286,13
2147932,9.79535382300132,10
2147943,9.79102589693189,11
2147949,9.917931419473133,6
2147962,9.749559448887434,13
2147968,9.886473302229524,6
2147978,9.787556112811798,10
2147985,9.884632102382293,7
2147992,9.885527535256399,7
2148007,9.639904999616075,15
2148014,9.871068656113412,7
2148022,9.847629041239921,8
2148037,9.698485275483163,15
2148042,9.90517807082859,5
2148055,9.708450961502386,13
2148066,9.767997326536317,11
2148078,9.727950573417436,12
2148081,9.969488395355526,3
2148090,9.803526183484,9
2148098,9.833876106626237,8
2148106,9.832437698145341,8
2148109,9.956402859004182,3
2148123,9.660956033141085,14
2148128,9.926897822563452,5
2148131,9.967696834149352,3
2148138,9.861477223027533,7
2148150,9.724021012761657,12
2148156,9.903532184474336,6
2148173,9.630916875911842,17
2148176,9.966116574237509,3
2148178,9.977305166530686,2
2148203,9.234428520374252,25
2148214,9.80071549787454,11
2148229,9.718742190262873,15
2148238,9.810520936548256,9
2148249,9.764145654553912,11
2148259,9.784749189186554,10
2148278,9.59433683835566,19
2148293,9.663384120102286,15
2148307,9.702625145675194,14
2148317,9.794798359345245,10
2148337,9.186298436289752,20
2148345,9.832570202171006,8
2148356,9.757846411410931,11
2148375,9.534079889359855,19
2148393,9.596575146275129,18
2148406,9.701454728521824,13
2148412,9.876750417545361,6
2148419,9.87738027448755,7
2148420,10.0,1
2148432,9.740335620673024,12
2148440,9.832584557225257,8
2148451,9.78920186918689,11
2148457,9.89538808427414,6
2148462,9.905023927837998,5
2148470,9.833920010429248,8
2148482,9.732711149358318,12
2148492,9.782550584151393,10
2148497,9.924273911924917,5
2148507,9.801424817592057,10
2148509,9.96968678812851,2
2148516,9.881853425332165,7
2148522,9.89867812006293,6
2148527,9.937356004073347,5
2148540,9.731255069014617,13
2148557,9.625335956018178,17
2148571,9.688952142975566,14
2148588,9.607365431291065,17
2148593,9.911214824972289,5
2148605,9.724620825310971,12
2148622,9.612950068627008,17
2148631,9.825577180727961,9
2148644,9.752874828618811,13
2148661,9.578775656806698,17
2148674,9.695884101266266,13
2148680,9.916679830895793,6
2148686,9.899604311606657,6
2148699,9.722443953121081,13
2148713,9.68211024162546,14
2148719,9.890902839835451,6
2148723,9.839975833282061,4
2148734,9.793744275222723,11
2148740,9.89075626469792,6
2148750,9.812783518804746,10
2148760,9.787806296029116,10
2148782,9.524765893567427,22
2148795,9.730174292098392,13
2148802,9.882386476120287,7
2148814,9.74387980745231,12
2148824,9.803984371030745,10
2148833,9.838212427948152,9
2148848,9.674568186084732,15
2148852,9.927157369406466,4
2148861,9.836660634514548,9
2148871,9.8067102149975,10
2148872,10.0,1
2148875,9.966004350952915,3
2148876,10.0,1
2148878,9.983931763870626,2
2148888,9.77357873803956,10
2148896,9.848102292191248,8
2148901,9.924228579603776,5
2148913,9.795124953719451,12
2148916,9.962570859151082,3
2148920,9.954536305742387,4
2148925,9.935896349634504,5
2148951,9.327987944573882,26
2148969,9.565376187651891,18
2148978,9.612601548756208,9
2148997,9.47344504461272,19
2149004,9.877987782705837,7
2149015,9.771620031883936,11
2149022,9.881541338393676,7
2149032,9.806306130908776,10
2149053,9.28527584085677,21
2149055,9.980860597846657,2
2149068,9.712678575464329,13
2149074,9.884002814432707,6
2149087,9.748510540473047,13
2149103,9.660529845111713,16
2149112,9.820565913689546,9
2149113,9.987792037947708,1
2149114,10.0,1
2149119,9.914114916185744,5
2149125,9.902831014713529,6
2149129,9.946991221409423,4
2149130,10.0,1
2149149,9.607291075136159,19
2149171,9.562827727959007,22
2149175,9.925017429012652,4
2149197,9.528155777736735,22
2149198,10.0,1
2149207,9.813924614266167,9
2149208,10.0,1
2149226,9.522967910665686,18
2149235,9.832006061349011,9
2149245,9.785148299858596,10
2149263,9.573146016112702,18
2149264,10.0,1
2149274,9.817453069541777,10
2149280,9.903106500209342,6
2149282,9.980264461020218,2
2149283,10.0,1
2149289,9.88975499370084,6
2149292,9.956470726054594,3
2149300,9.8693047107262,8
2149310,9.812497133527916,10
2149320,8.69274992009509,10
2149330,9.81101374286084,10
2149334,9.936179962542388,4
2149339,9.909295269022264,5
2149350,9.77498170110274,11
2149364,9.672993018838188,14
2149370,9.892421264477854,6
2149383,9.715400883071842,13
2149396,9.694793582293821,13
2149405,9.867605405206918,9
2149412,9.841213125639515,7
2149417,9.92854390079204,5
2149426,9.807840920956844,9
2149432,9.898942676654137,6
2149440,9.83238030812575,8
2149453,9.71042552189103,13
2149459,9.880762538054567,6
2149472,9.726506182200467,13
2149479,9.869239027279873,7
2149483,9.928716180795174,4
2149486,9.962537272501688,3
2149499,9.685006338145577,13
2149518,9.563885212591215,19
2149525,9.854361004085137,7
2149531,9.897898101344856,6
2149543,9.703038387752837,12
2149557,9.721761104704541,14
2149559,9.976016154921407,2
2149570,9.77076429802838,11
2149576,9.897631894146057,6
2149588,9.774299454546973,12
2149595,9.87960340040377,7
2149607,9.777398369115936,12
2149616,9.804286507694355,9
2149631,9.692680077776608,15
2149642,9.77913728117747,11
2149656,9.717396611486835,14
2149663,9.877840677638497,7
2149664,10.0,1
2149673,9.830333759131607,9
2149680,9.881329053390708,7
2149681,10.0,1
2149689,9.858467729637807,8
2149698,9.788083688378205,9
2149705,9.842808543853637,7
2149720,9.639148170121583,15
2149728,9.850685565263305,8
2149738,9.791741385331925,10
2149742,9.946083102336068,4
2149752,9.793332563119652,10
2149771,9.532858836610814,19
2149777,9.90689731895737,6
2149788,9.774123775074646,11
2149793,9.924240112832782,5
2149807,9.715110229357212,14
2149815,9.869989303058597,8
2149821,9.912219354123257,6
2149822,10.0,1
2149823,9.99639063948694,1
2149833,9.819913568866397,10
2149834,9.99186431749303,1
2149877,8.994979808264253,43
2149886,9.847545058529997,9
2149896,9.774014274268636,10
2149903,9.875484705362542,7
2149907,9.936647529704539,4
2149921,9.698429783631003,14
2149930,9.805685229524787,9
2149937,9.884338696285024,7
2149939,9.974889467218665,2
2149946,9.871774467506325,7
2149953,9.897112965446453,7
2149956,9.966305771030495,3
2149962,9.89751255817946,6
2149977,9.687811859668688,15
2149996,9.601317289212822,19
2150011,9.708102251477849,15
2150024,9.702161070130424,13
2150034,9.77292231393851,10
2150048,9.69530845692349,14
2150073,9.437075117778228,25
2150076,9.955853345788086,3
2150091,9.647833921642604,15
2150101,9.790581556515225,10
2150112,9.764394571693021,11
2150126,9.681984738776576,14
2150139,9.760651604903464,13
2150149,9.794903017213839,10
2150150,10.0,1
2150158,9.84865832305037,8
2150163,9.934832699065472,5
2150168,9.92263701025563,5
2150180,9.72992394409574,12
2150186,9.90491389916882,6
2150190,9.947198223492249,4
2150193,9.950591626741122,3
2150204,9.772288018755624,11
2150216,9.746392308237626,12
2150224,9.83360556844779,8
2150233,9.816702029894275,9
2150238,9.836846284708924,5
2150254,9.66238018896536,16
2150261,9.88245749602087,7
2150272,9.800685958424303,11
2150286,9.716856578948942,14
2150295,9.800769628004085,9
2150303,9.856112789621616,8
2150309,9.91670781436947,6
2150314,9.931774547224036,5
2150325,9.766903310227695,11
2150334,9.837142775777302,9
2150341,9.851266421239071,7
2150354,9.789077587652374,13
2150355,10.0,1
2150368,9.7287744566234,13
2150381,9.754898173975501,13
2150389,9.853081224387413,8
2150398,9.814404677157691,9
2150413,9.671708925226563,15
2150421,9.83959263035419,8
2150435,9.527890227821107,14
2150445,9.768320738499765,10
2150456,9.749218177342328,11
2150466,9.787014175004924,10
2150467,10.0,1
2150481,9.702896815472396,14
2150489,9.838598563918218,8
2150496,9.866086201159337,7
2150505,9.855777432169113,9
2150506,10.0,1
2150519,9.700970112671643,13
2150525,9.890425027796669,6
2150533,9.834249116478421,8
2150537,9.951146532444866,4
2150538,10.0,1
2150547,9.83733442488998,9
2150554,9.866831569678471,7
2150561,9.862954311051844,7
2150578,9.696280425951235,17
2150579,10.0,1
2150589,9.794143011216764,10
2150599,9.819345222990455,10
2150601,9.978484966358854,2
2150610,9.79120917195366,9
2150618,9.850557691797338,8
2150619,10.0,1
2150628,9.797060183804069,9
2150643,9.689593588190958,15
2150652,9.837717958622447,9
2150662,9.791836466371423,10
2150663,10.0,1
2150676,9.735237161917127,13
2150677,10.0,1
2150685,9.85393066526504,8
2150703,9.578935761138974,18
2150716,9.713441045635816,13
2150727,9.77500617939815,11
2150738,9.751312053319557,11
2150749,9.752621545981455,11
2150765,9.61584613272412,16
2150784,9.5387214888069,19
2150785,10.0,1
2150791,9.88016343316304,6
2150804,9.713914657131024,13
2150814,9.784170110499046,10
2150826,9.721291102996984,12
2150844,9.620820698294315,18
2150845,10.0,1
2150846,10.0,1
2150862,9.621714785580297,16
2150874,9.761748087117965,12
2150885,9.774494556939773,11
2150889,9.941065562883002,4
2150897,9.84901100956167,8
2150907,9.795656947509043,10
2150909,9.97597799238106,2
2150925,9.6253796887932,16
2150938,9.72099425513694,13
2150947,9.808621426878904,9
2150965,9.639414962246072,18
2150979,9.718489399916903,14
2150981,9.975637748987019,2
2150987,9.908208327305415,6
2150998,9.773628887190625,11
2151003,9.898030772258089,5
2151004,10.0,1
2151005,10.0,1
2151010,9.836659538162367,5
2151011,9.989366391645305,1
2151016,9.915809247089737,5
2151024,9.854682386884356,8
2151027,9.953348631173741,3
2151035,9.855249702625828,8
2151043,9.842919366200048,8
2151061,9.56552059091239,18
2151066,9.9269389086355,5
2151077,9.769122109026755,11
2151085,9.877545877522682,8
2151099,9.716242838594699,14
2151100,10.0,1
2151111,9.767684706224676,11
2151123,9.744412322674563,12
2151131,9.858982713642236,8
2151139,9.848100416574466,8
2151140,10.0,1
2151141,9.991861443642692,1
2151162,9.476041648094279,21
2151165,9.960678297356838,3
2151176,9.77849787017526,11
2151183,9.873778299882188,7
2151187,9.953415312554732,4
2151202,9.659820817945407,15
2151219,9.653927862931644,17
2151225,9.887789474494431,6
2151237,9.741264062835546,12
2151240,9.952791295111686,3
2151243,9.947229092984152,3
2151257,9.666565460911263,14
2151266,9.855328378363328,9
2151276,9.779511624781046,10
2151278,9.984002676350578,2
2151283,9.803899065657916,5
2151300,9.58942193639306,17
2151306,9.881379411954757,6
2151316,9.82670543656868,10
2151326,9.837786110471633,10
2151334,9.882445200905558,8
2151342,9.824075427226768,8
2151356,9.693079201940114,14
2151361,9.91953471476664,5
2151362,10.0,1
2151368,9.901310283498836,6
2151369,10.0,1
2151382,9.714610656163783,13
2151383,9.992897207193502,1
2151390,9.878804827987997,7
2151400,9.804795611864654,10
2151404,9.939483445096819,4
2151413,9.822483482164468,9
2151427,9.671781853118203,14
2151443,9.635407184544858,16
2151450,9.85212474300277,7
2151460,9.786881289843933,10
2151470,9.800439087074388,10
2151482,9.74246411952947,12
2151494,9.778962925464318,12
2151499,9.90222918414794,5
2151505,9.889144732502404,6
2151513,9.840933581791498,8
2151523,9.422840142312666,10
2151533,9.799505988266107,10
2151543,9.79874099749679,10
2151552,9.833519567879591,9
2151560,9.832100557523857,8
2151565,9.914188168713244,5
2151566,10.0,1
2151568,9.97275488920286,2
2151569,10.0,1
2151572,9.95664498543031,3
2151584,9.720738072071988,12
2151588,9.939640412142403,4
2151598,9.809817026220985,10
2151599,10.0,1
2151606,9.872270998698085,7
2151617,9.771302899930244,11
2151631,9.712570259107354,14
2151634,9.952784808864633,3
2151635,10.0,1
2151647,9.725663083073332,12
2151659,9.735901736001171,12
2151665,9.882712199578132,6
2151666,9.996600346043582,1
2151669,9.946419132858773,3
2151682,9.728871052323864,13
2151693,9.776722139682056,11
2151704,9.77549031886054,11
2151705,10.0,1
2151717,9.745947638790751,12
2151720,9.9611936482172,3
2151730,9.781831838462274,10
2151731,10.0,1
2151746,9.690522962447977,15
2151747,10.0,1
2151748,9.992528694233338,1
2151761,9.723484984542173,13
2151774,9.736490212558284,13
2151775,10.0,1
2151778,9.964855154716641,3
2151791,9.697648891768939,13
2151803,9.744365481737788,12
2151805,9.978203461854516,2
2151811,9.909781554469724,6
2151825,9.700200490559597,14
2151832,9.867128895834316,7
2151849,9.626007085907974,17
2151852,9.950859309422572,3
2151858,9.882150268741535,6
2151859,10.0,1
2151871,9.768605394396314,12
2151875,9.952185935544442,4
2151881,9.904727588529788,6
2151894,9.690890006857575,13
2151907,9.705592167071948,13
2151914,9.845187315782228,7
2151915,10.0,1
2151918,9.967456557478188,3
2151927,9.820149529512678,9
2151937,9.815600176771298,10
2151947,9.809142053489353,10
2151960,9.741154226981735,13
2151964,9.945835720548228,4
2151973,9.80488349641382,9
2151980,9.888303519091325,7
2151988,9.861946206132796,8
2151991,9.951041283934408,3
2152006,9.491432993618652,15
2152010,9.94371157695294,4
2152019,9.82384949008143,9
2152029,9.792838729986489,10
2152036,9.881496514600899,7
2152040,9.939717506975141,4
2152049,9.802494500403453,9
2152062,9.726413982714936,13
2152072,9.807434319527973,10
2152086,9.693317107985983,14
2152096,9.783690570418916,10
2152099,9.959712277304805,3
2152100,10.0,1
2152120,9.519936743652353,20
2152123,9.952938054066417,3
2152132,9.823426012777382,9
2152145,9.694037605430301,13
2152158,9.682815537464121,13
2152165,9.888103548675467,7
2152174,9.803206001640103,9
2152177,9.95570402849631,3
2152185,9.85687186804257,8
2152190,9.92787986661293,5
2152195,9.933956781115343,5
2152204,9.856467700407158,9
2152210,9.909316243208199,6
2152218,9.834948843529238,8
2152234,9.625714891700515,16
2152242,9.836649508349925,8
2152253,9.797174168721618,11
2152262,9.813058002362302,9
2152269,9.894599071292813,7
2152283,9.684452047286912,14
2152290,9.855007613064313,7
2152310,9.559259085848849,20
2152314,9.93394760347296,4
2152315,10.0,1
2152326,9.760660402368531,11
2152337,9.772367713096353,11
2152354,9.646199350979856,17
2152355,10.0,1
2152368,9.730385332795677,13
2152380,9.739806001853296,12
2152399,9.559228616124564,19
2152409,9.838215354129334,10
2152419,9.815966707463557,10
2152424,9.903501243598578,5
2152433,9.814276000830908,9
2152439,9.908621333798902,6
2152446,9.864822790368022,7
2152454,9.853784269846036,8
2152466,9.742477665163587,12
2152480,9.679345555682302,14
2152488,9.838758504503696,8
2152496,9.846553939152617,8
2152506,9.808920150406786,10
2152507,10.0,1
2152521,9.6980716742666,14
2152528,9.880254378735593,7
2152537,9.840416563207679,9
2152538,10.0,1
2152548,9.79682881828833,10
2152559,9.74812970976459,11
2152574,9.667426787644715,15
2152588,9.708069272188013,14
2152589,10.0,1
2152598,9.826407503770469,9
2152618,9.516035248801696,20
2152623,9.912589859711883,5
2152633,9.792930222669648,10
2152639,9.909593655192714,6
2152645,9.92375716928213,6
2152663,9.584150036093984,18
2152670,9.858480014920262,7
2152671,10.0,1
2152685,9.692042912799806,14
2152697,9.478413150721805,12
2152703,9.914394965578962,6
2152713,9.7821316391846,10
2152725,9.742005569463709,12
2152726,9.992505491203898,1
2152734,9.845850860462367,8
2152746,9.75417878882058,12
2152747,10.0,1
2152756,9.814578640276633,9
2152764,9.83428958054392,8
2152776,9.785990062454614,12
2152782,9.895840527976292,6
2152790,9.83412861474575,8
2152805,9.680917982287065,15
2152813,9.837351234189837,8
2152816,9.970348227566571,3
2152827,9.787525144469058,11
2152828,10.0,1
2152833,9.906593415458143,5
2152852,9.621867716177945,19
2152863,9.760935797751642,11
2152870,9.881773095749761,7
2152880,9.797043837789833,10
2152891,9.772663939899568,11
2152908,9.623431583781436,17
2152916,9.868972310594604,8
2152927,9.803283291541831,11
2152929,9.96965739314161,2
2152945,9.656570922060135,16
2152960,9.660194432613634,15
2152961,10.0,1
2152975,9.743816593742835,14
2152985,9.790293752173438,10
2152986,10.0,1
2152994,9.866289611905726,8
2153006,9.742925500602787,12
2153010,9.946231893927102,4
2153025,9.673261298764565,15
2153037,9.743825071131672,12
2153047,9.815884051153684,10
2153060,9.763909855018206,13
2153071,9.79072614220117,11
2153076,9.905568360808566,5
2153084,9.870225355176308,8
2153093,9.818744313860497,9
2153107,9.708894650811583,14
2153108,10.0,1
2153163,8.9738665518691,55
2153172,9.819704079515098,9
2153177,9.907531422712069,5
2153194,9.654307956211063,17
2153205,9.74379819695283,11
2153209,9.954792970964364,4
2153221,9.709525007957643,12
2153227,9.913843974068284,6
2153238,9.678470428327127,11
2153245,9.875048242322368,7
2153251,9.91020428900503,6
2153252,10.0,1
2153259,9.853624596688002,7
2153271,9.747864641067446,12
2153278,9.85466867769817,7
2153281,9.961536632850173,3
2153289,9.842524715712782,8
2153299,9.780670847330612,10
2153311,9.731858623725314,12
2153315,9.93079852353024,4
2153323,9.855691232034014,8
2153327,9.935135853356874,4
2153333,9.885818547253825,6
2153334,10.0,1
2153343,9.825238870550514,9
2153357,9.720616419034421,14
2153368,9.750346317712134,11
2153380,9.728722377957576,12
2153388,9.857446708251665,8
2153402,9.687110278240642,14
2153413,9.79585232169636,11
2153430,9.593289714704895,17
2153433,9.951897665019688,3
2153441,9.852220042547422,8
2153451,9.806610616810104,10
2153467,9.647450806652927,16
2153468,10.0,1
2153479,9.794194013923704,11
2153488,9.811182436941271,9
2153496,9.86185344836164,8
2153502,9.903640211907655,6
2153508,9.89534215168709,6
2153517,9.818047272477815,9
2153527,9.787842341159804,10
2153534,9.871599737930074,7
2153539,9.929363016209956,5
2153540,9.988807814739458,1
2153545,9.913813910640977,5
2153556,9.73658535365484,11
2153576,9.533404439683132,20
2153579,9.955558316415846,3
2153588,9.849657117905076,9
2153597,9.844823942802218,9
2153606,9.809612409793537,9
2153609,9.956111020279133,3
2153610,10.0,1
2153619,9.806883723934375,9
2153637,9.576578158155275,18
2153661,9.417407943019292,24
2153667,9.891695822673672,6
2153676,9.816211980699876,9
2153685,9.832292719360536,9
2153692,9.858191589328541,7
2153700,9.838555575181395,8
2153705,9.915920946144919,5
2153717,9.732517806107541,12
2153730,9.698125608375133,13
2153738,9.868302385829189,8
2153763,7.374863142895922,25
2153772,9.827120941830476,9
2153773,9.98928532516175,1
2153781,9.85977043459008,8
2153790,9.829776502777147,9
2153803,9.720544095718358,13
2153816,9.760449305099392,13
2153830,9.703742445513171,14
2153840,9.784927518017145,10
2153856,9.630674715821007,16
2153867,9.78873708036729,11
2153880,9.701415470285466,13
2153902,9.429297794318417,22
2153912,9.78528867431696,10
2153920,9.881876844659047,8
2153928,9.820449632979484,8
2153937,9.713537434045673,9
2153941,9.938956348123474,4
2153957,9.652440465081565,16
2153965,9.830092819531929,8
2153983,9.580931453446587,18
2153989,9.902026239105638,6
2153999,9.799890884666317,10
2154006,9.886093574987173,7
2154022,9.652609784058184,16
2154031,9.814258191689879,9
2154032,10.0,1
2154033,10.0,1
2154038,9.905248890591269,5
2154051,9.736782967932228,13
2154058,9.8828571503409,7
2154065,9.88597875449156,7
2154070,9.937386128002384,5
2154085,9.66291217690891,15
2154095,9.60401140692137,10
2154108,9.727641234226232,13
2154114,9.891489178765244,6
2154118,9.95022752930162,4
2154123,9.90626059380208,5
2154124,10.0,1
2154125,10.0,1
2154133,9.838897291484932,8
2154134,10.0,1
2154139,9.918380057964583,5
2154141,9.980071256065548,2
2154154,9.712733404882494,13
2154165,9.788651382274985,11
2154174,9.826100438912551,9
2154175,10.0,1
2154185,9.805891056844288,10
2154199,9.438656752975225,14
2154214,9.648348883513393,15
2154219,9.914311142145001,5
2154234,9.689871139099882,15
2154235,10.0,1
2154248,9.752378823265284,13
2154257,9.835441589965392,9
2154276,9.547453093849207,19
2154295,9.629936801040598,19
2154309,9.699065359542734,14
2154321,9.74049339541129,12
2154332,9.786070268161396,11
2154337,9.907976163772776,5
2154346,9.843809664031928,9
2154352,9.894081547199553,6
2154361,9.823363519308428,9
2154371,9.806042977709827,10
2154372,10.0,1
2154386,9.696849183935436,14
2154394,9.846291348049144,8
2154395,10.0,1
2154399,9.937891634269892,4
2154413,9.716959609385508,14
2154425,9.735864170642923,12
2154435,9.790193823793231,10
2154554,0.29875842197967906,119
2154566,9.754639652583435,12
2154569,9.964293833479285,3
2154578,9.849089291221265,9
2154594,9.63929742855549,16
2154603,9.79166165294354,9
2154611,9.874790528371577,8
2154612,10.0,1
2154623,9.799209222042572,11
2154635,9.737083475660476,12
2154646,9.75633097530317,11
2154653,9.876766060883948,7
2154666,9.722292404669712,13
2154677,9.765649970860196,11
2154682,9.906201598172904,5
2154697,9.68444978562713,15
2154713,9.626334714712176,16
2154726,9.752690136348711,13
2154730,9.925948888785795,4
2154743,9.732761017723659,13
2154753,9.79694231605102,10
2154765,9.772221789889468,12
2154772,9.88194367188951,7
2154802,8.9917086582491,30
2154814,9.745952622624436,12
2154815,10.0,1
2154826,9.761950736186714,11
2154827,10.0,1
2154837,9.801764771071513,10
2154855,9.652998564986262,18
2154869,9.709950626674129,14
2154881,9.76255298921275,12
2154896,9.660906324042386,15
2154899,9.94827080076559,3
2154903,9.938644654199239,4
2154914,9.779856908977333,11
2154915,10.0,1
2154923,9.873930032979711,8
2154937,9.741729393932372,14
2154946,9.808254974850692,9
2154951,9.93532519727302,5
2154965,9.697333227263762,14
2154975,9.802952582624306,10
2154978,9.964736004982162,3
2155007,9.430621291781229,29
2155019,9.737391012678179,12
2155029,9.826280088746069,10
2155043,9.739425186618256,14
2155061,9.638794390714375,18
2155073,9.733973624764669,12
2155082,9.83136105942833,9
2155091,9.802557618575072,9
2155093,9.972537751397404,2
2155096,9.962180571700044,3
2155102,9.87466287612838,6
2155127,9.241362451116562,25
2155136,9.845732482247373,9
2155144,9.860369263347913,8
2155154,9.760583679931619,10
2155155,10.0,1
2155161,9.884390512572942,6
2155165,9.947146095508893,4
2155172,9.852138989569681,7
2155179,9.876483361816174,7
2155190,9.784979361765824,11
2155205,9.68644637654977,15
2155228,9.534840002714523,23
2155236,9.830596674756876,8
2155246,9.608556229386386,10
2155251,9.914183386858282,5
2155256,9.914857550180047,5
2155267,9.7777262343696,11
2155268,10.0,1
2155277,9.841911504783162,9
2155296,9.619206762837527,19
2155306,9.780473499939594,10
2155308,9.984593256440785,2
2155317,9.83536584867588,9
2155322,9.899031677902249,5
2155329,9.848769613253316,7
2155333,9.934410822065747,4
2155341,9.845942466179467,8
2155349,9.855515507802464,8
2155358,9.820979081459852,9
2155359,10.0,1
2155374,9.675049634447245,15
2155378,9.940935860049558,4
2155387,9.806709957215302,9
2155404,9.634193952265248,17
2155409,9.928572532371726,5
2155425,9.643321828679056,16
2155431,9.89016338432537,6
2155432,10.0,1
2155444,9.762613667044825,12
2155452,9.850210297785065,8
2155463,9.825723651499658,11
2155473,9.79734183257778,10
2155474,10.0,1
2155480,9.888563518286414,6
2155488,9.841118388469798,8
2155500,9.740562762364606,12
2155504,9.951694945645226,4
2155509,9.900234301528084,5
2155515,9.903533643546798,6
2155518,9.96025303580557,3
2155526,9.836078573248376,8
2155544,9.614061279905048,18
2155549,9.91737195006867,5
2155555,9.87909193865534,6
2155559,9.948079070700489,4
2155562,9.956968248854166,3
2155567,9.908043879346511,5
2155581,9.735000887475607,14
2155593,9.7422435878433,12
2155603,9.787118194658486,10
2155617,9.574210478718221,14
2155623,9.902169262227273,6
2155633,9.79228848827155,10
2155636,9.957957616972424,3
2155652,9.625923295288954,16
2155667,9.685164679003673,15
2155675,9.84082395757581,8
2155679,9.950285001776603,4
2155692,9.60915473161542,13
2155698,9.918227155223754,6
2155708,9.832502220787504,10
2155723,9.661902422461457,15
2155733,9.788422104018954,10
2155739,9.902057435179147,6
2155749,9.786489915631721,10
2155758,9.821102781063482,9
2155763,9.915024395431491,5
2155769,9.88769504035519,6
2155784,9.321104595212157,15
2155791,9.87734125109156,7
2155802,9.82021708143983,11
2155807,9.914754687639745,5
2155818,9.770683337221662,11
2155830,9.714720934686179,12
2155835,9.902969832643054,5
2155847,9.795581521548801,12
2155854,9.896201673790145,7
2155863,9.82426320370298,9
2155875,9.779250079675847,12
2155886,9.772706792712372,11
2155897,9.745302442116081,11
2155910,9.714771261017821,13
2155915,9.918695185624218,5
2155925,9.78042379421216,10
2155936,9.759645543055887,11
2155948,9.761340988077787,12
2155949,10.0,1
2155953,9.943787904512956,4
2155962,9.830207755148686,9
2155967,9.917135295026693,5
2155976,9.801755085449129,9
2155985,9.859971647815883,9
2155994,9.818290564346743,9
2156004,9.776130117178065,10
2156013,9.801754338902352,9
2156017,9.836541969880157,4
2156034,9.633384212097834,17
2156055,9.52423379245434,21
2156056,10.0,1
2156060,9.939467952207405,4
2156065,9.909678563667102,5
2156079,9.726155934548375,14
2156095,9.650192401736739,16
2156106,9.787632545293542,11
2156113,9.876244422658061,7
2156121,9.853724868977526,8
2156125,9.953760457087792,4
2156136,9.77673981648462,11
2156141,9.920997316983003,5
2156146,9.92424418647863,5
2156149,9.96260211334734,3
2156161,9.624520643211879,12
2156162,9.988089070748952,1
2156163,10.0,1
2156172,9.822719483241688,9
2156173,10.0,1
2156190,9.623363327244792,17
2156191,10.0,1
2156200,9.827435709879605,9
2156214,9.65600131954901,14
2156233,9.589628676849657,19
2156248,8.542076719297086,15
2156263,9.657171318047517,15
2156271,9.868132340469803,8
2156285,9.690697273935909,14
2156290,9.921010560100596,5
2156303,9.737968973565335,13
2156308,9.908056569838545,5
2156318,9.797020925292355,10
2156326,9.855200090376082,8
2156334,9.82781806046358,8
2156342,9.846943270854014,8
2156345,9.971798950841137,3
2156358,9.728083060101296,13
2156363,9.913235729742349,5
2156372,9.80870956795464,9
2156377,9.911686242388473,5
2156392,9.486348296110462,15
2156405,9.709294595877427,13
2156413,9.827344581499906,8
2156422,9.83662467884601,9
2156432,9.773150430034084,10
2156433,10.0,1
2156442,9.8148053496802,9
2156446,9.950581858890256,4
2156447,9.988197808985468,1
2156451,9.94159570264378,4
2156466,9.664278219750972,15
2156473,9.847123136481608,7
2156474,10.0,1
2156482,9.835406252968209,8
2156483,9.996101549989058,1
2156491,9.876193038533193,8
2156507,9.692459092152642,16
2156508,10.0,1
2156514,9.894362099648829,6
2156515,10.0,1
2156516,10.0,1
2156518,9.98417949865078,2
2156521,9.959177831786503,3
2156535,9.722885127497404,14
2156548,9.706013074707506,13
2156557,9.837170363850124,9
2156567,9.842717001974226,10
2156575,9.857347468516517,8
2156584,9.815085491430434,9
2156601,9.564627615989295,17
2156613,9.762799049114697,12
2156620,9.862066579279446,7
2156628,9.839897803841057,8
2156637,9.832630703121684,9
2156644,9.868620912663326,7
2156651,9.876101523319452,7
2156653,9.977251910912646,2
2156654,10.0,1
2156662,9.843146663057912,8
2156670,9.837255829659725,8
2156677,9.870322693747475,7
2156678,10.0,1
2156686,9.843778939668704,8
2156702,9.651277527968354,16
2156714,9.749531903391414,12
2156726,9.73343398920701,12
2156731,9.927299097227328,5
2156734,9.96364117684773,3
2156737,9.949017153017225,3
2156738,9.996107216936066,1
2156744,9.897195681706124,6
2156759,9.653402816438593,15
2156769,9.799925702400248,10
2156773,9.93266830255939,4
2156774,10.0,1
2156790,9.651608289294568,16
2156812,9.370652777829633,22
2156833,9.558582335883061,21
2156837,9.932617361604528,4
2156849,9.753375092063324,12
2156859,9.786730864949092,10
2156870,9.75931836948244,11
2156872,9.984805851592196,2
2156879,9.867260376856837,7
2156884,9.921976341145053,5
2156893,9.844866509526849,9
2156902,9.815766140549506,9
2156916,9.702237445326064,14
2156930,9.661079657557103,14
2156933,9.95211782063352,3
2156944,9.786379135023658,11
2156956,9.725262506127512,12
2156964,9.836240603551728,8
2156967,9.951701571697582,3
2156972,9.907853344018346,5
2156980,9.865297538587825,8
2156983,9.94951003506884,3
2156998,9.567162533961682,15
2157006,9.827527615284394,8
2157011,9.91557746126974,5
2157025,9.717191732405269,14
2157043,9.395013140584851,18
2157051,9.85685212343341,8
2157063,9.760056561730512,12
2157083,9.52536490667831,20
2157091,9.871613199342432,8
2157108,9.649115882789456,17
2157114,9.892677793422763,6
2157121,9.870556754256882,7
2157124,9.961481572589864,3
2157127,9.953898324000571,3
2157147,9.64120342575476,20
2157156,9.816280583070153,9
2157166,9.82735852892948,10
2157172,9.890905385396856,6
2157184,9.74463971170423,12
2157188,9.946811531535058,4
2157194,9.900093215290473,6
2157202,9.835701818450472,8
2157215,9.75195071766974,13
2157222,9.869399844048843,7
2157235,9.74518373744002,13
2157252,9.659458358521691,17
2157261,9.864387391673063,9
2157278,9.578205233759812,17
2157288,9.77919488681061,10
2157289,9.996692966077172,1
2157305,9.651174201998392,16
2157313,9.832811469252238,8
2157324,9.759971938625759,11
2157330,9.890886321587917,6
2157338,9.849030441988335,8
2157348,9.804082398890154,10
2157359,9.772223658274054,11
2157364,9.93165912319003,5
2157376,9.743633575936169,12
2157381,9.919237269457291,5
2157389,9.833232692760552,8
2157397,9.841174794695695,8
2157401,9.946489496721773,4
2157413,9.752319375665675,12
2157421,9.870808008087847,8
2157429,9.86396707157675,8
2157436,9.887560000048454,7
2157446,9.790366072710906,10
2157450,9.936938643463911,4
2157462,9.7582354439975,12
2157473,9.775803522988843,11
2157490,9.389156826771398,17
2157505,9.662086010755012,15
2157515,9.787761144788002,10
2157528,9.768768468653644,13
2157530,9.980808204019466,2
2157535,9.920114313541715,5
2157546,9.772187187071385,11
2157557,9.768787604558653,11
2157570,9.71224201404438,13
2157581,9.767468854257817,11
2157619,9.12003481776677,38
2157625,9.895795417546637,6
2157633,9.846958921802312,8
2157641,9.857447128441597,8
2157642,10.0,1
2157651,9.81774373223628,9
2157662,9.741041213871519,11
2157665,9.960856203883493,3
2157672,9.855003292373265,7
2157679,9.874792801477188,7
2157689,9.780872529189814,10
2157704,9.656338309147808,15
2157721,9.628066441152024,17
2157734,9.702299283798823,13
2157743,9.819756809623145,9
2157751,9.853566929915612,8
2157755,9.934196419583188,4
2157756,9.991503633520445,1
2157761,9.918012027029858,5
2157765,9.938121127527598,4
2157774,9.840423258330379,9
2157781,9.87797027049739,7
2157794,9.728120856733955,13
2157799,9.922949974221641,5
2157814,9.657446147470274,15
2157820,9.896922292423179,6
2157827,9.873783586345295,7
2157828,10.0,1
2157836,9.840830030531674,8
2157844,9.858040751156361,8
2157850,9.89423753429602,6
2157859,9.83116844199714,9
2157865,9.896472878315306,6
2157873,9.825072036864112,8
2157886,9.737894032865412,13
2157888,9.979110044091476,2
2157894,9.863117081679547,6
2157904,9.794510532423995,10
2157917,9.71696489528565,13
2157927,9.794950151748552,10
2157941,9.672922796237534,14
2157954,9.712774578976484,13
2157965,9.752803471096462,11
2157969,9.944985658928424,4
2157979,9.807850566397178,10
2157983,9.934459032512972,4
2157993,9.794169615788515,10
2157996,9.958950340900358,3
2158009,9.735257448640269,13
2158025,9.476094001752614,16
2158027,9.968695014406217,2
2158036,9.84737321222588,9
2158081,7.0458671593502284,45
2158083,9.970896710747287,2
2158092,9.825875219234687,9
2158096,9.940509607138393,4
2158109,9.720591556966538,13
2158126,9.623563312873257,17
2158133,9.871537487542952,7
2158142,9.831461763463803,9
2158155,9.703713025324804,13
2158178,9.546952486274616,23
2158181,9.95763397470396,3
2158194,9.73340071650072,13
2158207,9.765924616229636,13
2158209,9.984834516627073,2
2158216,9.8706777439789,7
2158218,9.983672908394967,2
2158240,9.16998442342452,22
2158248,9.847220241063528,8
2158262,9.670984689110925,14
2158263,10.0,1
2158274,9.778241645511082,11
2158284,9.791943359263938,10
2158285,10.0,1
2158295,9.820452628613307,10
2158306,9.742677866496349,11
2158319,9.720683308742059,13
2158331,9.735268144072325,12
2158343,9.727522020663887,12
2158351,9.860046022094032,8
2158352,10.0,1
2158353,10.0,1
2158364,9.769490722235899,11
2158367,9.956789786791395,3
2158383,9.642690145822602,16
2158397,9.741285879503854,14
2158409,9.747596629372156,12
2158412,9.958542243276135,3
2158425,9.73481296109986,13
2158430,9.91467656955879,5
2158445,9.715911977778362,15
2158450,9.92693716909655,5
2158451,10.0,1
2158452,10.0,1
2158462,9.799110144463173,10
2158464,9.979724188611765,2
2158477,9.633958616938518,13
2158501,9.372555432307164,24
2158506,9.920358605411282,5
2158510,9.930381424774996,4
2158523,9.729449169908237,13
2158526,9.97147679748173,3
2158537,9.772031275277213,11
2158542,9.903891284320942,5
2158552,9.802320204943795,10
2158567,9.673091687277296,15
2158572,9.911658868603846,5
2158575,9.95690267777337,3
2158586,9.743292951425573,11
2158595,9.797966267527542,9
2158597,9.976897424388866,2
2158609,9.744737497622548,12
2158628,9.542059736189525,19
2158635,9.873653550788363,7
2158640,9.912704102897633,5
2158655,9.652102021148238,15
2158658,9.967089128296564,3
2158659,10.0,1
2158660,10.0,1
2158694,2.239315336060659,34
2158704,9.782634912502518,10
2158705,10.0,1
2158717,9.753567041278908,12
2158736,9.588954014213662,19
2158737,10.0,1
2158757,9.511905812170601,20
2158776,9.5690863269112,19
2158784,9.870262858176496,8
2158821,1.543095785220757,37
2158832,9.753474347359116,11
2158848,9.552685686661754,16
2158863,9.651723854227278,15
2158874,9.808652578522452,11
2158876,9.985764161242727,2
2158886,9.791685091607562,10
2158890,9.93697772754658,4
2158897,9.859995078151492,7
2158898,9.992185394220279,1
2158905,9.873394468914402,7
2158910,9.914851507727157,5
2158919,9.822095922926746,9
2158929,9.815850652884548,10
2158931,9.978946133625529,2
2158941,9.784783854370488,10
2158952,9.67128700741349,11
2158966,9.684552699989402,14
2158980,9.69913511394517,14
2158994,9.586757286933983,14
2159010,9.614982020305083,16
2159014,9.943438521377402,4
2159015,10.0,1
2159026,9.751499288687423,11
2159039,9.733565781726195,13
2159050,9.734271933023527,11
2159054,9.936934585650096,4
2159055,10.0,1
2159065,9.788119203703182,10
2159067,9.976130609869418,2
2159079,9.748633329353607,12
2159086,9.880591986711336,7
2159100,9.767063460213631,14
2159101,10.0,1
2159125,9.584726460562717,24
2159131,9.903572201291004,6
2159134,9.954893048374805,3
2159146,9.739947197363719,12
2159152,9.880889248564477,6
2159160,9.823144845339558,8
2159166,9.892653049906324,6
2159167,10.0,1
2159186,9.211637370902862,19
2159197,9.782652730787488,11
2159206,9.800094494664886,9
2159221,9.670664331893585,15
2159226,9.922524622652212,5
2159240,9.696078940193551,14
2159249,9.810180685195897,9
2159265,9.612463689986471,16
2159277,9.439260125417507,12
2159284,9.888158191849715,7
2159293,9.823378576626116,9
2159310,9.632426474888433,17
2159320,9.785230056835985,10
2159329,9.830864213638742,9
2159332,9.963834881345738,3
2159341,9.807752326970487,9
2159363,9.504583366099116,22
2159367,9.924608979433204,4
2159379,9.760408417916596,12
2159385,9.890849729438603,6
2159386,10.0,1
2159387,10.0,1
2159390,9.958914976141909,3
2159399,9.829270236053471,9
2159406,9.889882752350172,7
2159413,9.877833790900102,7
2159420,9.858211193570698,7
2159424,9.936029148385213,4
2159426,9.969786464285843,2
2159433,9.866042775885418,7
2159447,9.682213437174076,14
2159459,9.761076576530355,12
2159472,9.770471154363086,13
2159474,9.97411329425559,2
2159484,9.804504178576641,10
2159491,9.85946593063941,7
2159492,9.98857543720381,1
2159507,9.641434117731356,15
2159519,9.76171182262568,12
2159530,9.7742431897082,11
2159535,9.927240520501702,5
2159546,9.76488896986458,11
2159551,9.8953902787168,5
2159552,9.987675289738077,1
2159558,9.886274827198381,6
2159580,9.556801359095063,22
2159585,9.918531544937903,5
2159603,9.278782453647477,18
2159604,10.0,1
2159615,9.759625092723772,11
2159620,9.923264588411243,5
2159633,9.714194766582683,13
2159647,9.735876846082391,14
2159658,9.752977049044711,11
2159666,9.829595455869756,8
2159678,9.78728780040236,12
2159689,9.788959577666239,11
2159705,9.651426116406425,16
2159713,9.86062601925398,8
2159729,9.614063945235655,16
2159730,9.993068639224296,1
2159734,9.945556174903672,4
2159742,9.837199706111443,8
2159757,9.718693501679716,15
2159767,9.797133902038277,10
2159782,9.595890918146878,15
2159792,9.775971620767764,10
2159800,9.845586230376364,8
2159813,9.74845587135815,13
2159821,9.840870098042439,8
2159830,9.827017454572035,9
2159837,9.8686992324186,7
2159848,9.770219932393783,11
2159865,9.635469084206742,17
2159873,9.837799249445386,8
2159878,9.904956605339137,5
2159895,9.619130344046887,17
2159906,9.755620080309308,11
2159913,9.874583036067007,7
2159930,9.6333341627947,17
2159952,9.59407503680682,22
2159973,9.537756125574296,21
2159983,9.7383877411897,10
2159994,9.815042856009955,11
2160012,9.623792226408554,18
2160029,9.590906129586294,17
2160030,10.0,1
2160031,10.0,1
2160036,9.92139529019972,5
2160045,9.83356914734923,9
2160051,9.896421890730787,6
2160064,9.710736061557629,13
2160078,9.688245078142751,14
2160093,9.676269673167683,15
2160097,9.927512332214894,4
2160104,9.865179506877054,7
2160116,9.739741935602082,12
2160120,9.939938803214751,4
2160133,9.738291428947932,13
2160147,9.65672563973667,14
2160161,9.682251558695622,14
2160176,9.659436496723778,15
2160185,9.807031580901022,9
2160188,9.962562635125543,3
2160199,9.742138099110724,11
2160202,9.96499224299976,3
2160207,9.923583772362393,5
2160219,9.7262934156384,12
2160224,9.91327285373975,5
2160229,9.922002326012745,5
2160244,9.717066766455455,15
2160251,9.869327302986749,7
2160265,9.6752318124811,14
2160274,9.812217494320901,9
2160280,9.870002291141898,6
2160293,9.736124719447636,13
2160297,9.925371543421235,4
2160298,10.0,1
2160309,9.774519641225956,11
2160319,9.785111250482386,10
2160329,9.786633367027429,10
2160336,9.864670954140525,7
2160347,9.781467769035595,11
2160367,9.295499962881218,20
2160377,9.821913833568976,10
2160387,9.781106230884538,10
2160392,9.908132371554885,5
2160394,9.98530190654914,2
2160398,9.930635805878525,4
2160404,9.89197163270002,6
2160409,9.919883668962857,5
2160415,9.895641540167508,6
2160435,9.580360617612506,20
2160449,9.678606606637167,14
2160453,9.939929908914188,4
2160470,9.647034569574446,17
2160485,9.685818507165775,15
2160492,9.875060890294632,7
2160495,9.964173707245381,3
2160497,9.97910931959854,2
2160512,9.648849330598834,15
2160519,9.884576756765467,7
2160546,9.460068197328726,27
2160557,9.55410544603546,11
2160563,9.891208642949938,6
2160564,10.0,1
2160572,9.841279366502972,8
2160584,9.775809960524766,12
2160595,9.775019002502479,11
2160613,9.63187163472697,18
2160620,9.894342610579779,7
2160628,9.864273155533498,8
2160644,9.626114332326845,16
2160653,9.828958345089,9
2160668,9.728439647825333,15
2160683,9.641706571830882,15
2160695,9.785596631100413,12
2160702,9.854375859651919,7
2160710,9.85190192714614,8
2160714,9.950371233525711,4
2160722,9.826459394686676,8
2160733,9.768368665707968,11
2160745,9.802104379678589,12
2160752,9.882610126981136,7
2160757,9.9266908065497,5
2160771,9.660987240928671,14
2160779,9.863947702320006,8
2160798,9.543875702130023,19
2160799,10.0,1
2160811,9.753222694280176,12
2160814,9.957388921588436,3
2160823,9.82635582620948,9
2160832,9.83014454695925,9
2160839,9.867099317713953,7
2160846,9.89735164168394,7
2160860,9.685721487477176,14
2160869,9.82803997845413,9
2160886,9.67550080771083,17
2160891,9.924307542273903,5
2160894,9.950949027285999,3
2160907,9.717004226763631,13
2160913,9.892558097583457,6
2160925,9.738257634053332,12
2160935,9.80446392425784,10
2160943,9.836761011075133,8
2160957,9.710148140544721,14
2160967,9.817320207572674,10
2160976,9.844204865189086,9
2160981,9.908042927920794,5
2161002,7.141849406818577,21
2161011,9.84471368911249,9
2161018,9.867582674149729,7
2161022,9.936530700259313,4
2161030,9.8493755330802,8
2161042,9.758181786686158,12
2161056,9.670991357856668,14
2161066,9.803941113603104,10
2161077,9.749292296723654,11
2161087,9.803107325986783,10
2161099,9.75746182367189,12
2161105,9.883463887250718,6
2161106,10.0,1
2161107,9.992405592460287,1
2161118,9.801714172473456,11
2161119,10.0,1
2161128,9.821975214238739,9
2161134,9.89851200224118,6
2161141,9.845994080116508,7
2161149,9.837025617084628,8
2161173,9.549932089621382,24
2161180,9.886552391408697,7
2161190,9.780324411132447,10
2161201,9.76084600290117,11
2161220,9.527122106816545,19
2161227,9.881481025596784,7
2161232,9.92256227089315,5
2161243,9.799200499590322,11
2161249,9.90946000819873,6
2161260,9.77895067620165,11
2161266,9.906748044630545,6
2161270,9.94578061822794,4
2161276,9.902422563289502,6
2161288,9.740115727829819,12
2161294,9.904899635412804,6
2161304,9.803858633388735,10
2161313,9.84503752699035,9
2161331,9.660744459910493,18
2161340,9.81111215299571,9
2161344,9.934606332793983,4
2161357,9.12508658929795,13
2161372,9.648930079709949,15
2161384,9.752652303676085,12
2161395,9.775779984978236,11
2161396,10.0,1
2161405,9.797536558809421,9
2161408,9.85368084084212,3
2161415,9.8669266093249,7
2161422,9.870393806820267,7
2161426,9.938359887780061,4
2161433,9.882450937019055,7
2161446,9.709091940575423,13
2161459,9.740390772954223,13
2161467,9.85145368229256,8
2161476,9.760012193590638,9
2161487,9.768465084800892,11
2161499,9.750079681113217,12
2161505,9.889390490839403,6
2161519,9.704060051788888,14
2161531,9.759530330496332,12
2161547,9.375534131166207,16
2161565,9.58334044518073,18
2161569,9.934181020554956,4
2161575,9.924771794967622,6
2161590,9.658272595020566,15
2161603,9.703786466322722,13
2161616,9.737274739707637,13
2161624,9.826549278646906,8
2161628,9.939900091026564,4
2161646,9.612848830094885,18
2161661,9.676857632146582,15
2161662,10.0,1
2161673,9.738170005234615,11
2161684,9.752396218501849,11
2161695,9.788690264954948,11
2161701,9.902803837459677,6
2161722,9.638542048105878,21
2161734,9.722591036642415,12
2161735,10.0,1
2161748,9.703150843224362,13
2161756,9.855041529348027,8
2161774,9.556836547310274,18
2161785,9.810298665187785,11
2161788,9.95573968015263,3
2161801,9.737936635745612,13
2161811,9.801375662111063,10
2161825,9.691272240486088,14
2161834,9.825275844611879,9
2161856,9.537703881478906,22
2161858,9.979262006718962,2
2161863,9.910215759814786,5
2161873,9.822679519367684,10
2161877,9.943897625811058,4
2161882,9.940228036063562,5
2161895,9.713460803259162,13
2161904,9.820630584947573,9
2161911,9.880526197138767,7
2161917,9.89573395769606,6
2161930,9.724229760253715,13
2161932,9.977608452396023,2
2161948,9.587511724600846,16
2161958,9.805244790778078,10
2161967,9.815209695775872,9
2161973,9.905296904802285,6
2161982,9.809100711021607,9
2162003,9.566589926907962,21
2162018,9.681097112072871,15
2162022,9.944066124343585,4
2162034,9.752412006929513,12
2162038,9.935875370267182,4
2162043,9.907414778332742,5
2162051,9.85622763587817,8
2162059,9.835060107124228,8
2162072,9.732610170896644,13
2162119,9.029751863306135,47
2162127,9.852357432418698,8
2162140,9.763504784117305,13
2162146,9.90320933083935,6
2162148,9.982036507383066,2
2162158,9.799338189377709,10
2162162,9.948026962994597,4
2162165,9.95224169105362,3
2162175,9.802849006346795,10
2162181,9.889380323226895,6
2162194,9.604810112824053,13
2162197,9.966390589658765,3
2162208,9.80058553341968,11
2162217,9.821612296527148,9
2162230,9.705732245125798,13
2162241,9.75848638441313,11
2162259,9.606515324892142,18
2162272,9.717793687450449,13
2162284,9.728079705320376,12
2162296,9.753437646286482,12
2162299,9.969750692327406,3
2162317,9.699089832291634,18
2162321,9.936114921530715,4
2162339,9.636849572138177,18
2162348,9.815635673127215,9
2162354,9.89659819067932,6
2162367,9.720957008361966,13
2162375,9.85816805684673,8
2162399,9.512504054173538,24
2162400,10.0,1
2162401,10.0,1
2162409,9.84327867463214,8
2162410,9.996332193033904,1
2162418,9.845205490168752,8
2162426,9.848177746673878,8
2162433,9.87824329687544,7
2162441,9.859593520861708,8
2162454,9.708417117774799,13
2162461,9.897261964009365,7
2162469,9.839557628252152,8
2162473,9.941763691862738,4
2162483,9.801015881548722,10
2162500,9.631491225318117,17
2162510,9.798964088543013,10
2162514,9.93277579874043,4
2162516,9.973868447255658,2
2162522,9.901362028873839,6
2162531,9.84427239689224,9
2162541,9.78975523951179,10
2162551,9.802913494917547,10
2162560,9.852402462152243,9
2162569,9.834745078952741,9
2162583,9.70287389845726,14
2162586,9.966345043864159,3
2162592,9.895655491473304,6
2162595,9.961701122182314,3
2162601,9.905428684117911,6
2162618,9.581452297025852,17
2162622,9.93759113492632,4
2162624,9.97046861060336,2
2162630,9.88691701286286,6
2162645,9.660035744141453,15
2162668,9.439380691724844,23
2162672,9.927977979313262,4
2162680,9.842991095241825,8
2162691,9.761875751570585,11
2162698,9.85537646452193,7
2162708,9.797911740708022,10
2162709,10.0,1
2162710,10.0,1
2162715,9.930318313637652,5
2162716,10.0,1
2162721,9.910170199774955,5
2162726,9.921025434823989,5
2162742,9.616202728291492,16
2162782,9.02911141536384,40
2162789,9.856903929376502,7
2162800,9.749847350532294,11
2162804,9.936240566032623,4
2162808,9.93459358583141,4
2162816,9.848015228412283,8
2162824,9.839469183858649,8
2162825,9.992186692457704,1
2162834,9.844792700895418,9
2162845,9.739728826596439,11
2162846,10.0,1
2162856,9.790160281267939,10
2162872,9.633206967811352,16
2162874,9.971009427070477,2
2162886,9.725759631176196,12
2162894,9.848773523312358,8
2162901,9.858209154836882,7
2162912,9.779044610241666,11
2162926,9.533561336443372,14
2162943,9.60461669611845,17
2162949,9.901524222862479,6
2162968,9.583934591994897,19
2162972,9.95081018829296,4
2162973,10.0,1
2162989,9.668903585011796,16
2162990,10.0,1
2163001,9.762971532632877,11
2163002,10.0,1
2163004,9.983659892657856,2
2163016,9.743202974668367,12
2163025,9.818955016931065,9
2163044,9.580742011580744,19
2163048,9.949263403382494,4
2163055,9.870968456361515,7
2163056,10.0,1
2163057,10.0,1
2163065,9.85159015627327,8
2163066,10.0,1
2163078,9.77706491884147,12
2163080,9.976477601460688,2
2163090,9.828618808649269,10
2163093,9.948385361416602,3
2163096,9.952483230601377,3
2163106,9.79806346990719,10
2163114,9.850526180658045,8
2163121,9.852961875189193,7
2163125,9.943251556311024,4
2163127,9.979879398329619,2
2163128,10.0,1
2163136,9.849003696601937,8
2163141,9.922875089174898,5
2163156,9.641913852181826,15
2163164,9.749894516434276,8
2163173,9.812852472698584,9
2163176,9.962616117906006,3
2163178,9.975092172229518,2
2163191,9.711006489889467,13
2163199,9.822277400237471,8
2163203,9.937381780890458,4
2163207,9.936204539312312,4
2163218,9.784555603650812,11
2163220,9.980141425890373,2
2163221,10.0,1
2163228,9.86158165896769,7
2163229,10.0,1
2163236,9.851440598889848,7
2163237,9.993152556039787,1
2163242,9.926449279089022,5
2163249,9.8699351216124,7
2163250,9.992476046137932,1
2163261,9.788751770100383,11
2163272,9.774069041767767,11
2163282,9.787437818042138,10
2163296,9.710579513490707,14
2163304,9.850712798354257,8
2163314,9.802315219743775,10
2163325,9.748251626999158,11
2163326,10.0,1
2163333,9.882336042745422,7
2163344,9.77477223622851,11
2163358,9.70852628376699,14
2163368,9.774806233461879,10
2163381,9.708454158931433,13
2163454,8.560486618723372,73
2163462,9.833204176349046,8
2163472,9.805584135805933,10
2163480,9.845801972204207,8
2163489,9.810169958372148,9
2163494,9.91317986926229,5
2163507,9.745611879858712,13
2163512,9.932312592856267,5
2163524,9.764092241293346,12
2163543,8.956272354097472,19
2163551,9.855176821874142,8
2163556,9.917719862611266,5
2163565,9.820334300393194,9
2163572,9.866280557118392,7
2163573,10.0,1
2163582,9.84016834078616,9
2163595,9.704497414907495,13
2163598,9.952752698765314,3
2163614,9.63127127317752,16
2163631,9.643069372850496,17
2163638,9.860567848164257,7
2163641,9.957124836941395,3
2163647,9.888708493031318,6
2163654,9.87297844148035,7
2163655,9.992895323219239,1
2163659,9.93866197709852,4
2163670,9.770400152215519,11
2163673,9.954112735974471,3
2163683,9.792099776441741,10
2163693,9.787703154015446,10
2163706,9.700767785785034,13
2163712,9.882177851045748,6
2163716,9.938367350168187,4
2163731,9.664336272169285,15
2163738,9.861046647991117,7
2163750,9.728687058583658,12
2163758,9.859954256455985,8
2163771,9.727473418274696,13
2163787,9.70285693015782,16
2163791,9.937703238737399,4
2163808,9.626628768016568,17
2163813,9.920594280650269,5
2163819,9.909161748690572,6
2163835,9.680285767788899,16
2163839,9.94276489767133,4
2163851,9.738230405998538,12
2163860,9.824028974961198,9
2163868,9.857843854422828,8
2163880,9.747168316654339,12
2163890,9.788234049495632,10
2163902,9.750197569621694,12
2163910,9.81829325751151,8
2163913,9.96663619617151,3
2163923,9.817997569089506,10
2163933,9.770860892553554,10
2163942,9.802416328206828,9
2163958,9.525180189758506,16
2163959,10.0,1
2163969,9.788923991474226,10
2163979,9.815493951822809,10
2164001,9.401287537132678,22
2164013,9.792761185738025,12
2164025,9.745012472728073,12
2164030,9.921804473050459,5
2164040,9.814373189409112,10
2164041,10.0,1
2164054,9.737502020155173,13
2164067,9.649271004150156,13
2164070,9.961139326952203,3
2164075,9.928400521229747,5
2164087,9.750965117814472,12
2164089,9.974714994062937,2
2164093,9.952848704028417,4
2164098,9.925502703418426,5
2164108,9.820726567437333,10
2164131,9.556876884052102,23
2164133,9.98077807254906,2
2164138,9.922784131062095,5
2164152,9.689826413702164,14
2164158,9.91205543690629,6
2164159,10.0,1
2164164,9.922073776961135,5
2164166,9.98032024480067,2
2164174,9.868016939761219,8
2164188,9.709359200969326,14
2164192,9.84252624514315,4
2164201,9.795644280670748,9
2164217,9.629867278613496,16
2164224,9.888527193708452,7
2164233,9.840293684024308,9
2164239,9.906386756199106,6
2164253,9.700487831712929,14
2164257,9.938727356115228,4
2164268,9.759227508121873,11
2164279,9.796378888909365,11
2164287,9.862585849768328,8
2164297,9.82091014801544,10
2164310,9.797761120865058,13
2164314,9.933453524076576,4
2164320,9.88015470463744,6
2164326,9.920579333128103,6
2164337,9.760785972345406,11
2164347,9.786543338272722,10
2164362,9.66538442736782,15
2164382,9.581959803274586,20
2164389,9.866531915721202,7
2164395,9.906341405405273,6
2164406,9.790715008155113,11
2164413,9.892608726781642,7
2164428,9.647300599314942,15
2164442,9.3944242019049,14
2164443,9.992572193324019,1
2164449,9.888246173236453,6
2164458,9.821597982007786,9
2164467,9.859417403898005,9
2164478,9.78036917511789,11
2164496,9.641972283400452,18
2164507,9.78974349727658,11
2164512,9.924383226921968,5
2164522,9.765325063285133,10
2164533,9.75710831536166,11
2164542,9.841264613061496,9
2164550,9.84079381040122,8
2164561,9.76941264956048,11
2164573,9.777983515805067,12
2164579,9.917057474231175,6
2164589,9.812137360506943,10
2164600,9.777204127243659,11
2164609,9.83128218283387,9
2164622,9.75699072895648,13
2164631,9.841599631895853,9
2164649,9.582990869112603,18
2164662,9.73194312754417,13
2164671,9.855547017085623,9
2164679,9.855105451805953,8
2164694,9.644721709563898,15
2164702,9.875107883814092,8
2164713,9.784422398420006,11
2164725,9.760429515438819,12
2164740,9.691072269369524,15
2164748,9.871950929100093,8
2164769,9.48650616319806,21
2164778,9.816293155384058,9
2164794,9.534919430373536,16
2164805,9.786560158242779,11
2164806,10.0,1
2164815,9.821230982737928,9
2164819,9.933251971509689,4
2164825,9.889728084463624,6
2164834,9.803595704765003,9
2164844,9.807495531625717,10
2164852,9.831595252459788,8
2164856,9.927016298367588,4
2164868,9.769055491319964,12
2164881,9.724342646663498,13
2164921,9.259969585568417,40
2164929,9.842942601410176,8
2164948,9.54154864058718,19
2164953,9.722891538185483,5
2164977,9.435330228679069,24
2164978,10.0,1
2164987,9.813316641124947,9
2164999,9.733790174045998,12
2165004,9.916151307271628,5
2165009,9.934894863330264,5
2165020,9.804467192038093,11
2165028,9.868631130824973,8
2165082,9.048695475574949,54
2165085,9.971036567913307,3
2165089,9.944392825732658,4
2165100,9.782510630217038,11
2165109,9.826173729586037,9
2165121,9.721679161667328,12
2165125,9.951454120658251,4
2165140,9.690249197474426,15
2165161,9.557918242914644,21
2165170,9.589750782597365,9
2165178,9.848236883583931,8
2165196,9.541094211851474,18
2165197,10.0,1
2165206,9.80808768771032,9
2165215,9.824685770236867,9
2165221,9.887980065132357,6
2165230,9.833027879277209,9
2165245,9.701293866928044,15
2165246,10.0,1
2165252,9.90068126579139,6
2165261,9.824632458578996,9
2165275,9.687201517096351,14
2165283,9.858171687677082,8
2165290,9.86565564254156,7
2165294,9.94910472994936,4
2165301,9.87092194686647,7
2165309,9.849206693046257,8
2165323,9.686014946080979,14
2165339,9.706588186604636,16
2165357,9.544546154927604,18
2165362,9.900839765274164,5
2165363,10.0,1
2165373,9.58465924128704,10
2165382,9.829990112394185,9
2165392,9.80852219240264,10
2165395,9.953053728143546,3
2165400,9.91678491312219,5
2165413,9.56802185111481,13
2165419,9.88789679111766,6
2165430,9.75759297022029,11
2165436,9.89671997513634,6
2165441,9.927612983755274,5
2165452,9.744406761922635,11
2165472,9.192956505389413,20
2165477,9.916185601627632,5
2165487,9.797553213195034,10
2165494,9.851110701282515,7
2165518,9.221764787411512,24
2165530,9.792976927279426,12
2165543,9.718901268684878,13
2165551,9.835108635365277,8
2165654,8.033590408453078,103
2165663,9.784259117639866,9
2165671,9.846465594665213,8
2165673,9.971701249499342,2
2165677,9.94460827648784,4
2165685,9.844240663939253,8
2165688,9.95708832854254,3
2165689,10.0,1
2165700,9.768827957029501,11
2165706,9.90091647621143,6
2165723,9.586233306154254,17
2165744,9.536679442061473,21
2165749,9.935461322003055,5
2165760,9.799222717502845,11
2165773,9.7047155312729,13
2165774,10.0,1
2165788,9.755725340274648,14
2165802,9.681969929537342,14
2165810,9.850366052407974,8
2165824,9.726724919053241,14
2165835,9.768820833772624,11
2165839,9.951042620267883,4
2165847,9.869286951887018,8
2165854,9.867963631659869,7
2165866,9.708073545748407,12
2165875,9.847662196637566,9
2165878,9.964458181004808,3
2165890,9.543909136295442,12
2165902,9.737819060628087,12
2165903,10.0,1
2165919,9.64649735548384,16
2165937,9.611540838302341,18
2165938,9.995911169460497,1
2165944,9.896998887532503,6
2165947,9.961505652506812,3
2165962,9.633159299393352,15
2165978,9.615521769985401,16
2165979,9.993004017504392,1
2165989,9.798730873061317,10
2166002,9.699065498097264,13
2166003,10.0,1
2166016,9.704432836216654,13
2166026,9.801593371055489,10
2166036,9.802918188026355,10
2166044,9.854686823427997,8
2166048,9.931329476668429,4
2166064,9.62277818522809,16
2166071,9.858647988317944,7
2166088,9.605681040709115,17
2166103,9.758357746012045,15
2166107,9.938920824805932,4
2166115,9.836973043937043,8
2166133,9.645467914936972,18
2166137,9.930861230463124,4
2166146,9.80339949090004,9
2166147,10.0,1
2166161,9.68266584321793,14
2166170,9.823543048013622,9
2166180,9.801736313252249,10
2166185,9.916414137071431,5
2166189,9.934404042986827,4
2166197,9.84670530636196,8
2166198,10.0,1
2166207,9.790722779954997,9
2166217,9.8017340081149,10
2166228,9.756696314178773,11
2166239,9.774396881541588,11
2166254,9.59449316264852,15
2166260,9.897181581354594,6
2166270,9.800028014986989,10
2166271,10.0,1
2166281,9.790048172730884,10
2166286,9.917283241099161,5
2166293,9.86864773952234,7
2166301,9.830388454862845,8
2166302,10.0,1
2166319,9.588819585006584,17
2166329,9.769797405975424,10
2166337,9.844945827493447,8
2166340,9.953223503532206,3
2166349,9.816455396810543,9
2166354,9.922735230920079,5
2166373,9.553296431497875,19
2166389,9.676502068990676,16
2166404,9.663858761640414,15
2166416,9.74853669580192,12
2166432,9.677467811909375,16
2166449,9.621834508905788,17
2166461,9.729034582393448,12
2166477,9.609772090315886,16
2166486,9.830468201137409,9
2166493,9.850792504881623,7
2166533,9.234701489094844,40
2166551,9.57155945222167,18
2166559,9.86662085977612,8
2166567,9.84710266150387,8
2166581,9.700796719977879,14
2166594,9.746760357778905,13
2166599,9.909523061268697,5
2166605,9.889820508271672,6
2166610,9.923685915150498,5
2166623,9.704489885195121,13
2166634,9.750915987473737,11
2166642,9.867115289692372,8
2166643,10.0,1
2166655,9.77780659244049,12
2166657,9.97321634552324,2
2166658,10.0,1
2166672,9.549363181811579,14
2166679,9.881870371429319,7
2166694,9.693577893865996,15
2166705,9.755762011490676,11
2166706,10.0,1
2166714,9.86688224475516,8
2166731,9.592876840891146,17
2166745,9.46915003800998,14
2166755,9.81397901203685,10
2166772,9.610639003480772,17
2166778,9.890350108892925,6
2166797,9.53844025886605,19
2166815,9.625498590962492,18
2166825,9.787348541847887,10
2166841,9.615323736192913,16
2166855,9.613193472565337,14
2166856,10.0,1
2166864,9.83765137598903,8
2166868,9.923048009522555,4
2166879,9.777825975614391,11
2166882,9.951245708536565,3
2166887,9.911903233649781,5
2166917,8.099160921432965,30
2166923,9.896298737117727,6
2166924,10.0,1
2166942,9.578194041342334,18
2166943,10.0,1
2166944,10.0,1
2166957,9.729220627038442,13
2166976,9.58391467964386,19
2166991,9.673127816944527,15
2167000,9.827074384652667,9
2167019,9.601547005121125,19
2167029,9.774888678406064,10
2167039,9.79661808864627,10
2167046,9.872411507397677,7
2167054,9.8290098043742,8
2167062,9.846859474167646,8
2167073,9.76878169527372,11
2167090,9.596970961325898,17
2167121,9.365963813895283,31
2167127,9.916400865038993,6
2167128,10.0,1
2167140,9.735686744473945,12
2167149,9.812526169234536,9
2167162,9.639484718683672,13
2167181,9.569950228722298,19
2167194,9.695879876174704,13
2167208,9.735469724766316,14
2167221,9.738540448465072,13
2167235,9.752089100179903,14
2167238,9.957755085715009,3
2167248,9.785459479104354,10
2167252,9.937047494573639,4
2167262,9.815232985550635,10
2167278,9.665427538480245,16
2167288,9.807385089671195,10
2167295,9.87311112353954,7
2167301,9.77022299571143,6
2167304,9.961932804059993,3
2167308,9.944491040551803,4
2167315,9.854693936091387,7
2167326,9.747910321690046,11
2167342,9.714444422110791,16
2167355,9.715653365567876,13
2167366,9.746893907532266,11
2167377,9.791284789652371,11
2167381,9.947662579848203,4
2167390,9.830492319987982,9
2167401,9.764096619411216,11
2167408,9.873958077377916,7
2167421,9.714586931441808,13
2167432,9.757423541839612,11
2167434,9.982469607206083,2
2167449,9.704070175472998,15
2167458,9.832266233086457,9
2167472,9.69838311017056,14
2167480,9.839768104588394,8
2167496,9.658504796500546,16
2167497,10.0,1
2167507,9.77855002033479,10
2167530,9.489894866717242,23
2167538,9.853701540663096,8
2167555,9.578675650802646,17
2167560,9.919822748171507,5
2167574,9.707125469250927,14
2167576,9.982018972017592,2
2167581,9.90805768248145,5
2167592,9.748499592403547,11
2167593,10.0,1
2167601,9.862684334646998,8
2167610,9.825013322944415,9
2167611,10.0,1
2167622,9.789264032357396,11
2167632,9.77797818276173,10
2167648,9.624382221839243,16
2167657,9.746923566566833,9
2167664,9.859601881666016,7
2167674,9.762340076643532,10
2167688,9.668217483942813,14
2167698,9.778131808348922,10
2167704,9.902229922076812,6
2167713,9.811811399268706,9
2167723,9.757757546926696,10
2167733,9.784248940521467,10
2167740,9.869454170958251,7
2167748,9.865413535864482,8
2167762,9.611826384895933,14
2167775,9.727142762007347,13
2167784,9.861030270468772,9
2167785,10.0,1
2167788,9.959695768099133,3
2167803,9.47757044854667,15
2167818,9.635310773874037,15
2167828,9.590063656977481,10
2167833,9.914922851272156,5
2167843,9.78590736609832,10
2167866,9.491246389151168,23
2167870,9.949835216432191,4
2167877,9.889476126039288,7
2167895,9.61079812587064,18
2167898,9.95273909024191,3
2167910,9.741821138292922,12
2167912,9.974208344991762,2
2167932,9.528185623751863,20
2167942,9.794752847706691,10
2167949,9.879429034692578,7
2167968,9.588852950747967,19
2167974,9.883848037958264,6
2167986,9.775541627024186,12
2168002,9.641561135726272,16
2168012,9.81279640564685,10
2168017,9.932135264705254,5
2168023,9.880131000770188,6
2168033,9.828873135246422,10
2168053,9.557459839858147,20
2168059,9.882680809994456,6
2168064,9.933712125661708,5
2168071,9.888427615583185,7
2168091,9.535562399582597,20
2168100,9.820473581576689,9
2168101,9.993140797151167,1
2168107,9.882817914575888,6
2168116,9.856217110602037,9
2168128,9.741348365214696,12
2168134,9.913694160230742,6
2168150,9.668985626247158,16
2168156,9.90937102561144,6
2168172,9.603284960357133,16
2168173,10.0,1
2168188,9.623384308648582,15
2168196,9.851804310037966,8
2168205,9.73234837067763,9
2168218,9.683079679202345,13
2168224,9.8991210127586,6
2168236,9.746915756390099,12
2168240,9.743093997456084,4
2168244,9.945883642130514,4
2168254,9.796650693058748,10
2168271,9.605084112763818,17
2168281,9.768511267240424,10
2168282,9.992662385684298,1
2168283,10.0,1
2168293,9.814949228952559,10
2168294,10.0,1
2168304,9.836950677943191,10
2168310,9.90254298091359,6
2168331,9.572020513759172,21
2168336,9.906580478735803,5
2168343,9.86083623638318,7
2168344,9.989014689264437,1
2168349,9.914017775996085,5
2168359,9.802853294608063,10
2168360,10.0,1
2168372,9.725204387415404,12
2168378,9.895790941818493,6
2168387,9.803630597998323,9
2168399,9.746952036331358,12
2168405,9.893791717796518,6
2168420,9.691911252002525,15
2168432,9.766533349760614,12
2168444,9.723769021013547,12
2168450,9.895726123545266,6
2168456,9.89712330247516,6
2168480,9.54019167009868,24
2168487,9.865131207728322,7
2168493,9.90947509754103,6
2168504,9.762110543472131,11
2168511,9.853755894750238,7
2168515,9.934375219899477,4
2168526,9.789610324239241,11
2168537,9.772737508245019,11
2168554,9.60783415094607,17
2168568,9.686878416408463,14
2168585,9.66836401832657,17
2168599,9.726598402412238,14
2168603,9.927253146534015,4
2168608,9.924812327487622,5
2168617,9.809199326257282,9
2168631,9.655404834911474,14
2168635,9.941013027897219,4
2168641,9.90454670814564,6
2168651,9.77869059039827,10
2168660,9.855349382131525,9
2168669,9.833277355198929,9
2168680,9.792212163484935,11
2168694,9.772823329684464,14
2168702,9.856543408016446,8
2168713,9.665910344867816,11
2168720,9.881378270545765,7
2168727,9.874361696386066,7
2168732,9.933178835337127,5
2168747,9.643085904176438,15
2168754,9.843974044521584,7
2168763,9.817729317941815,9
2168777,9.67662862239474,14
2168786,9.790015984360924,9
2168796,9.776985356491291,10
2168804,9.868217213313784,8
2168807,9.966532005930372,3
2168820,9.7276779515338,13
2168835,9.644161987854044,15
2168836,10.0,1
2168845,9.844101239829927,9
2168871,9.18395435437489,26
2168888,9.588862925131211,17
2168900,9.75121433720149,12
2168910,9.819608945647182,10
2168913,9.967260376774492,3
2168927,9.706961980750641,14
2168930,9.969966899051498,3
2168941,9.79039163116381,11
2168951,9.830577479815775,10
2168960,9.80883276179539,9
2168972,9.716686565829432,12
2168981,9.832361207744821,9
2168985,9.952588070526437,4
2168992,9.878189730242106,7
2168998,9.891144113097027,6
2169010,9.725704066746582,12
2169020,9.782261992034071,10
2169034,9.699021568169641,14
2169035,10.0,1
2169049,9.576756208697176,14
2169062,9.759963905817981,13
2169072,9.79180830896739,10
2169075,9.967125474366135,3
2169076,10.0,1
2169077,10.0,1
2169088,9.745677419632232,11
2169091,9.962293771752094,3
2169101,9.774746614434582,10
2169104,9.964939763613934,3
2169113,9.832840200229823,9
2169118,9.929312306951495,5
2169126,9.84328628904375,8
2169136,9.784660385174293,10
2169146,9.801584075605385,10
2169155,9.815380117719425,9
2169156,10.0,1
2169175,9.61251270435459,19
2169177,9.97890463345267,2
2169192,9.673654742800597,15
2169196,9.937075746893022,4
2169203,9.89249871390572,7
2169206,9.958973821532668,3
2169222,9.490666531815272,16
2169223,10.0,1
2169234,9.784877446244561,11
2169235,10.0,1
2169248,9.681230212380273,13
2169262,9.69102242792202,14
2169263,10.0,1
2169264,10.0,1
2169269,9.913471989783027,5
2169270,10.0,1
2169279,9.826394217288527,9
2169283,9.944876714956484,4
2169293,9.779118875070989,10
2169304,9.770009478574016,11
2169313,9.837785287406989,9
2169321,9.860800405852045,8
2169329,9.874608248131398,8
2169342,9.748716415265662,13
2169355,9.742081570245457,13
2169370,9.68917958934166,15
2169387,9.60676866497519,17
2169396,9.8041915959471,9
2169400,9.93797860999782,4
2169406,9.876422483558608,6
2169412,9.8990700280648,6
2169420,9.84961301878391,8
2169423,9.957772909377539,3
2169435,9.436197982906391,12
2169445,9.618605308625908,10
2169446,10.0,1
2169447,9.991627320184456,1
2169456,9.818874386370457,9
2169473,9.595007984331911,17
2169474,10.0,1
2169482,9.83112975049805,8
2169499,9.594334611511785,17
2169508,9.799551688708004,9
2169520,9.732515933928369,12
2169525,9.908566269689716,5
2169530,9.901865614212996,5
2169538,9.833079865030253,8
2169555,9.573226241779217,17
2169562,9.885222131926309,7
2169567,9.896923581898733,5
2169573,9.89612945729436,6
2169577,9.649072949737128,4
2169592,9.694769036444656,15
2169599,9.88136779615098,7
2169613,9.719308981948235,14
2169614,10.0,1
2169619,9.90410724378655,5
2169632,9.742931522010444,13
2169637,9.921538796508786,5
2169651,9.66798152348682,14
2169665,9.694511221790954,14
2169670,9.934710321037734,5
2169681,9.790957202814065,11
2169695,9.687387222061481,14
2169705,9.783823315980502,10
2169717,9.757296023170678,12
2169727,9.800576560845832,10
2169738,9.775465663018327,11
2169752,9.711190171102384,14
2169760,9.85393635621995,8
2169769,9.809740081728442,9
2169778,9.80588436127044,9
2169803,9.52509301685404,25
2169813,9.850937070834926,10
2169814,10.0,1
2169824,9.79830944788244,10
2169841,9.600140638707504,17
2169850,9.817438602803573,9
2169868,9.575895246350571,18
2169869,9.996189137543173,1
2169882,9.7368959838625,13
2169896,9.701833054059346,14
2169911,9.676005437378006,15
2169920,9.834610053109985,9
2169927,9.855981199804084,7
2169937,9.786143386579981,10
2169941,9.941527522217253,4
2169944,9.965562357072374,3
2169951,9.869141292227736,7
2169953,9.975939607545616,2
2169954,10.0,1
2169968,9.70680212151502,14
2169969,10.0,1
2169975,9.897091071120089,6
2169988,9.695066400748887,13
2169995,9.862849049346444,7
2170006,9.774567919197212,11
2170025,9.468319721237348,19
2170038,9.71773906541928,13
2170049,9.769351721268167,11
2170054,9.917716839647603,5
2170059,9.927406854947264,5
2170060,10.0,1
2170070,9.80938983113411,10
2170073,9.969300987118991,3
2170085,9.74118513764836,12
2170089,9.935477622632884,4
2170091,9.975198762327615,2
2170100,9.845139827846696,9
2170109,9.827331673078655,9
2170122,9.70539397458759,13
2170136,9.668055832780265,14
2170149,9.737982362808845,13
2170157,9.878222772943866,8
2170167,9.806020965435302,10
2170177,9.803766808006865,10
2170188,9.764875430592209,11
2170195,9.870506710230154,7
2170204,9.838408111714813,9
2170213,9.840423387039511,9
2170221,9.83717351143549,8
2170231,9.830360400335875,10
2170239,9.846878860020375,8
2170265,9.491754282949637,26
2170280,9.656620507104083,15
2170281,10.0,1
2170288,9.889425274516404,7
2170293,9.91993495358336,5
2170296,9.956358359144897,3
2170305,9.84093919292457,9
2170318,9.69019251042401,13
2170319,10.0,1
2170336,9.528420559476162,17
2170337,9.996273208906741,1
2170339,9.981395061748465,2
2170346,9.854841432537835,7
2170351,9.894429238901175,5
2170361,9.799867483502535,10
2170373,9.74706486824091,12
2170377,9.934681407419506,4
2170387,9.80235967967875,10
2170400,9.722905279307929,13
2170410,9.806967000791955,10
2170428,9.588192344733333,18
2170429,10.0,1
2170440,9.774408353347386,11
2170441,10.0,1
2170455,9.726314166127842,14
2170456,9.987391665040148,1
2170465,9.83823975486857,9
2170466,9.992883932159652,1
2170482,9.645010599838344,16
2170497,9.648959755432221,15
2170510,9.715233902576308,13
2170514,9.942170735299337,4
2170523,9.82553999245006,9
2170533,9.78362438326171,10
2170541,9.865789101421084,8
2170552,9.74873723033734,11
2170555,9.959264421061228,3
2170556,10.0,1
2170565,9.833970243991123,9
2170566,9.99626720572048,1
2170577,9.768299209411625,11
2170582,9.920102560025725,5
2170583,10.0,1
2170585,9.976285177138715,2
2170589,9.922789976631911,4
2170610,9.576307952823294,21
2170611,10.0,1
2170622,9.758470454687313,11
2170637,9.698499874896156,15
2170638,9.995901907932554,1
2170656,9.45531086036746,18
2170665,9.82421662880964,9
2170666,10.0,1
2170673,9.86006006769423,7
2170674,10.0,1
2170678,9.949989575029873,4
2170690,9.79987068817744,12
2170694,9.929700802027533,4
2170701,9.862900302907029,7
2170713,9.750508500387419,12
2170725,9.755190471446458,12
2170739,9.719635910162896,14
2170752,9.727737617542365,13
2170763,9.774255574599119,11
2170778,9.732568750142988,15
2170787,9.799812360874412,9
2170792,9.912736052662545,5
2170809,9.590208043519175,17
2170810,10.0,1
2170821,9.760041498823396,11
2170829,9.867987977362796,8
2170830,9.996519866536259,1
2170865,6.635267188023663,35
2170874,9.794666492111345,9
2170885,9.7590628578224,11
2170899,9.644179870468992,14
2170914,9.699223319741037,15
2170924,9.82253830353316,10
2170925,10.0,1
2170935,9.787038696545869,10
2170943,9.864050268936639,8
2170955,9.71577871623398,12
2170964,9.850735923087083,9
2170968,9.928973657280595,4
2170971,9.961384226895664,3
2170979,9.875929726482031,8
2171000,9.547813286780407,21
2171010,9.804702280119566,10
2171013,9.951621470795782,3
2171017,9.945220579715393,4
2171019,9.970443938070192,2
2171022,9.961555801160905,3
2171039,9.658964793404376,17
2171045,9.893168183647749,6
2171053,9.866116802301715,8
2171062,9.801050054498473,9
2171077,9.672570458107263,15
2171087,9.795447536324508,10
2171096,9.822466139256345,9
2171106,9.794344050313544,10
2171113,9.867860122604322,7
2171136,9.470183456978187,23
2171144,9.82659740842216,8
2171156,9.71886764696417,12
2171160,9.744143358136542,4
2171165,9.903724350552315,5
2171177,9.72464805015249,12
2171197,9.502821951286236,20
2171207,9.765348676371975,10
2171225,9.607417762159564,18
2171229,9.93618093166514,4
2171242,9.729724677490285,13
2171249,9.877701533263085,7
2171257,9.853391651563618,8
2171270,9.705553384128685,13
2171271,10.0,1
2171272,10.0,1
2171284,9.743611855663147,12
2171289,9.906642660279811,5
2171312,9.521415422695938,23
2171320,9.850053172663612,8
2171321,10.0,1
2171323,9.978278054973261,2
2171348,5.953369260861379,25
2171350,9.969860788029896,2
2171357,9.898074691293624,7
2171367,9.831425582153216,10
2171368,10.0,1
2171379,9.789539913650081,11
2171393,9.700260184732935,14
2171397,9.939741017987544,4
2171416,9.380126422316655,19
2171420,9.936559059165177,4
2171431,9.787630482416263,11
2171440,9.817032240830832,9
2171450,9.807010836120483,10
2171461,9.777539432191904,11
2171476,9.672795757427261,15
2171478,9.970939288106218,2
2171485,9.869084868217424,7
2171494,9.830428705825609,9
2171498,9.945672582414721,4
2171507,9.807582551405385,9
2171522,9.711811958115103,15
2171529,9.866300437651722,7
2171538,9.845416971608222,9
2171539,10.0,1
2171548,9.811913773523845,9
2171549,10.0,1
2171553,9.944396305240325,4
2171556,9.964754413427537,3
2171562,9.882967487153463,6
2171573,9.755223767839048,11
2171582,9.801392923677078,9
2171597,9.676394207222874,15
2171602,9.920864517945445,5
2171604,9.976568792515751,2
2171605,10.0,1
2171617,9.779920104794979,12
2171625,9.850713006638628,8
2171634,9.82119033074428,9
2171650,9.670963175952078,16
2171662,9.770978265371248,12
2171664,9.973993773401912,2
2171669,9.903652507406264,5
2171674,9.907312101585203,5
2171679,9.918503022096042,5
2171683,9.933149719454697,4
2171692,9.825119349560504,9
2171696,9.938011943354216,4
2171715,9.565279284303829,19
2171723,9.83489337667176,8
2171724,10.0,1
2171734,9.779349122098797,10
2171743,9.82886228925914,9
2171752,9.829050954512988,9
2171765,9.744622453808594,13
2171770,9.917803343542342,5
2171777,9.864298984505997,7
2171784,9.89896998582046,7
2171789,9.899369355750878,5
2171795,9.900979685425833,6
2171800,9.931259150014736,5
2171801,10.0,1
2171815,9.698265693183755,14
2171824,9.835969029343762,9
2171834,9.783399751251068,10
2171836,9.973882060521417,2
2171846,9.837237066015597,10
2171857,9.747968357667055,11
2171865,9.823706366886944,8
2171871,9.88975123102831,6
2171884,9.728669042375378,13
2171898,9.67369345525816,14
2171900,9.97974024313424,2
2171909,9.812584202856087,9
2171919,9.787260692912437,10
2171931,9.725589565919837,12
2171936,9.936326014982878,5
2171947,9.686821667444617,11
2171948,10.0,1
2171960,9.769842364262827,12
2171970,9.793088690114073,10
2171979,9.796719957753242,9
2171983,9.930435694100515,4
2171991,9.846584029807717,8
2172011,9.64562707909346,20
2172012,10.0,1
2172017,9.922078455710192,5
2172028,9.786768424711639,11
2172039,9.071160027552322,11
2172043,9.937304239907881,4
2172055,9.740413969283743,12
2172060,9.912689692982605,5
2172066,9.903044165651455,6
2172075,9.870122880758997,9
2172088,9.70690267444592,13
2172089,10.0,1
2172109,9.51038579308858,20
2172114,9.91936069861935,5
2172129,9.615722561811076,15
2172136,9.872169926629605,7
2172146,9.782331056237336,10
2172152,9.88966251698497,6
2172159,9.875224255801754,7
2172168,9.806421502114372,9
2172178,9.785920596223859,10
2172191,9.7009007226119,13
2172200,9.857191310733505,9
2172208,9.853186669125336,8
2172218,9.793233742360778,10
2172231,9.616702123253747,13
2172236,9.902203313560896,5
2172238,9.970638902558797,2
2172251,9.718992714981974,13
2172252,10.0,1
2172257,9.925325507873735,5
2172265,9.891416456302524,8
2172272,9.890503497067188,7
2172284,9.579291080393876,12
2172297,9.706718970200011,13
2172310,9.74189308051167,13
2172315,9.903485984667672,5
2172321,9.899423210586392,6
2172336,9.080846039259416,15
2172349,9.752928885404886,13
2172363,9.682384260774977,14
2172364,10.0,1
2172374,9.794574828696657,10
2172383,9.797978845964725,9
2172393,9.79470687896011,10
2172401,9.882441282467921,8
2172411,9.810485294973939,10
2172412,10.0,1
2172419,9.869865857213622,7
2172420,9.989694851218832,1
2172426,9.88949937902588,6
2172433,9.858670138725376,7
2172443,9.70278173210613,10
2172451,9.865038284319231,8
2172458,9.88929567749633,7
2172468,9.790020758460699,10
2172478,9.822461359722316,10
2172486,9.762357644469153,8
2172495,9.849069636650254,9
2172509,9.693370727338614,14
2172510,10.0,1
2172511,10.0,1
2172517,9.892399261496344,6
2172518,9.992058806909533,1
2172519,10.0,1
2172531,9.737761373076378,12
2172532,10.0,1
2172546,9.736575143873859,14
2172547,10.0,1
2172552,9.912148210435866,5
2172569,9.607556578151051,17
2172574,9.906237402830298,5
2172588,9.703695887512556,14
2172590,9.98031691154384,2
2172592,9.976749056620193,2
2172602,9.788955601269738,10
2173102,-205.57841979633685,500
2173602,-211.21906623833272,500
2173632,9.319436633541045,30
2173642,9.817324724492686,10
2173647,9.918054042154358,5
2173661,9.732771499019382,14
2173668,9.88064610051596,7
2173694,9.550985376828121,26
2173696,9.978983397442283,2
2173707,9.759556116943877,11
2173709,9.972911070856046,2
2173716,9.882361781546386,7
2173721,9.927502846238706,5
2173724,9.952556324452784,3
2173734,9.790969439402081,10
2173739,9.926900778232536,5
2173750,9.771827962857007,11
2173754,9.934457448969631,4
2173762,9.85159649306887,8
2173766,9.941066610611927,4
2173777,9.761095397815533,11
2173784,9.872222380514629,7
2173787,9.95529380928415,3
2173804,9.686597620798835,17
2173811,9.66125507955753,7
2173829,9.597325191597784,18
2173836,9.87368720639426,7
2173848,9.777449504394232,12
2173852,9.94996992374196,4
2173866,9.73692085080457,14
2173876,9.791506744800804,10
2173883,9.871061673408034,7
2173890,9.864701457041695,7
2173913,9.512426070128322,23
2173925,9.751666423931809,12
2173929,9.939201267408983,4
2173941,9.764898317927011,12
2173944,9.95477472055129,3
2173955,9.753214624898446,11
2173961,9.911119190538148,6
2173964,9.95838423783925,3
2173965,10.0,1
2173969,9.940667817226396,4
2173975,9.903694805472009,6
2173984,9.806661473038542,9
2173989,9.91841783672278,5
2174007,8.15018410059426,18
2174013,9.885182558841745,6
2174026,9.72372208367016,13
2174037,9.769209534065903,11
2174051,9.690307740728565,14
2174057,9.793294158852008,6
2174059,9.977449846008556,2
2174066,9.867567882719191,7
2174067,10.0,1
2174085,9.125174732777952,18
2174096,9.797387501113244,11
2174102,9.896090397390942,6
2174109,9.853984255756048,7
2174123,9.704786643960098,14
2174126,9.960296263272932,3
2174136,9.793409645945852,10
2174143,9.85928567687429,7
2174156,8.769390854417388,13
2174171,9.67159039031209,15
2174179,9.852502342665707,8
2174184,9.908070744544297,5
2174194,9.810018378346847,10
2174203,9.82305921470217,9
2174214,9.766351557891777,11
2174215,10.0,1
2174216,10.0,1
2174226,9.82151509436894,10
2174227,10.0,1
2174234,9.873187628811928,7
2174242,9.866548825163711,8
2174252,9.816142195806679,10
2174267,9.661922427675847,15
2174268,9.996557657701427,1
2174269,10.0,1
2174289,9.54888428815133,20
2174299,9.817759932245067,10
2174311,9.776827396575163,12
2174322,9.82503956525977,11
2174333,9.774432597453872,11
2174340,9.872694387774098,7
2174350,9.796726002337707,10
2174361,9.792745148620144,11
2174379,9.599191727984303,18
2174394,9.6810802625786,15
2174409,9.671764533215388,15
2174414,9.931637051572844,5
2174415,10.0,1
2174421,9.92543515805828,6
2174431,9.817977239233569,10
2174432,10.0,1
2174438,9.872141245412752,6
2174454,9.621023467222793,16
2174474,9.667692103030447,20
2174485,9.779751715861755,11
2174493,9.866847163944113,8
2174499,9.899263769441413,6
2174510,9.758038452148078,11
2174527,9.621403416004938,17
2174542,9.644436499017514,15
2174543,10.0,1
2174556,9.41243880183194,13
2174561,9.930446354447284,5
2174578,9.613550488791143,17
2174591,9.697329046850985,13
2174600,9.823488943195397,9
2174605,9.917461962955274,5
2174613,9.843460857361032,8
2174624,9.782600822032558,11
2174628,9.933633558982669,4
2174629,10.0,1
2174637,9.838681825165626,8
2174640,9.960098353846616,3
2174650,9.820401547886306,10
2174653,9.954299646627335,3
2174658,9.925287429697175,5
2174663,9.906896133985207,5
2174673,9.806623205178127,10
2174682,9.81685726881862,9
2174683,10.0,1
2174696,9.734108014410076,13
2174699,9.954674033335033,3
2174714,9.659572518685414,15
2174715,9.989322065880623,1
2174722,9.871168582523504,7
2174732,9.800776372207247,10
2174750,9.546305666799265,18
2174764,9.690320101882126,14
2174769,9.944816686199264,5
2174775,9.896752253033489,6
2174797,9.473274710045803,22
2174814,9.677769178411225,17
2174827,9.739543249251817,13
2174844,9.579711098607659,17
2174863,9.643234758352092,19
2174867,9.9298077907268,4
2174876,9.798927777476301,9
2174884,9.82513301896791,8
2174891,9.870179966859801,7
2174900,9.872213553596263,9
2174901,10.0,1
2174919,9.577345782983585,18
2174926,9.858023883865204,7
2174935,9.81686450206847,9
2174945,9.821915951323618,10
2174946,9.98766989794338,1
2174951,9.904823644471419,5
2174964,9.744965884262594,13
2174965,10.0,1
2174974,9.86058683101891,9
2174985,9.751538843324841,11
2174986,10.0,1
2174990,9.940133862089374,4
2175004,9.715511016764237,14
2175015,9.783277564149193,11
2175023,9.840844240572226,8
2175032,9.797436807541386,9
2175033,10.0,1
2175034,10.0,1
2175035,9.988988990449656,1
2175036,10.0,1
2175038,9.976989426177,2
2175048,9.78633947805566,10
2175062,9.711126183267087,14
2175082,9.497217106794292,20
2175086,9.95010177321701,4
2175095,9.81015661373892,9
2175107,9.727865548212403,12
2175116,9.81834190814433,9
2175121,9.933869866982395,5
2175131,9.796550162090867,10
2175147,9.622348881302605,16
2175177,8.392722731911057,30
2175190,9.752349197726181,13
2175196,9.893364127855829,6
2175199,9.967158331016151,3
2175210,9.674926233283928,11
2175225,9.558233563879952,15
2175237,9.744029334056654,12
2175251,9.736715611535288,14
2175262,9.815471794767625,11
2175276,9.698513324480071,14
2175277,10.0,1
2175292,9.662279766395907,15
2175299,9.87350346212013,7
2175300,10.0,1
2175301,10.0,1
2175319,9.571489509854961,18
2175323,9.926925450463953,4
2175328,9.915928819147641,5
2175339,9.81341123056147,11
2175340,10.0,1
2175351,9.77135728048984,11
2175356,9.920341258584761,5
2175373,9.60740820384052,17
2175382,9.814011528375714,9
2175392,9.783070092416208,10
2175393,9.988916371394737,1
2175406,9.701317828866566,13
2175415,9.848944305104158,9
2175416,10.0,1
2175430,9.765902512026395,14
2175445,9.647749518412901,15
2175457,9.769331118703887,12
2175461,9.953223102941099,4
2175469,9.892780517756915,8
2175477,9.877452155920535,8
2175484,9.8911585884704,7
2175485,10.0,1
2175490,9.93052141405357,5
2175491,9.992161183937078,1
2175501,9.782676296869774,10
2175502,10.0,1
2175525,9.373058138289093,23
2175532,9.864927523944264,7
2175533,10.0,1
2175537,9.931692120406623,4
2175545,9.841873070378501,8
2175559,9.766981742192359,14
2175571,9.538707949505808,12
2175586,9.658191591248844,15
2175598,9.709976433823515,12
2175599,9.996464125710315,1
2175611,9.744876210303815,12
2175616,9.914274436971937,5
2175626,9.788192621627102,10
2175632,9.888719511288658,6
2175639,9.883692433558618,7
2175652,9.549710837251787,13
2175668,9.60389517683753,16
2175682,9.679696936446541,14
2175689,9.86941891344171,7
2175701,9.722684693046507,12
2175708,9.869363327893902,7
2175717,9.817998884325096,9
2175738,9.52056045712935,21
2175747,9.825114143590627,9
2175760,9.72526212767771,13
2175767,9.869150951154644,7
2175779,9.76087049437753,12
2175792,9.728763619022697,13
2175797,9.917169167062628,5
2175803,9.896754492270665,6
2175812,9.839629025121347,9
2175839,8.417336943748351,27
2175840,10.0,1
2175843,9.951391239290427,3
2175848,9.903038949387113,5
2175855,9.886797177490777,7
2175865,9.784140944299047,10
2175871,9.890937177277083,6
2175879,9.870686289211603,8
2175886,9.860608968918326,7
2175894,9.844522563291342,8
2175898,9.933235909662844,4
2175899,10.0,1
2175908,9.848283525195932,9
2175920,9.725989580751582,12
2175928,9.834526965933211,8
2175937,9.819638912708754,9
2175944,9.87199130479013,7
2175963,9.395808129848495,19
2175972,9.82577214837357,9
2175976,9.937487966745843,4
2175994,9.591411910586089,18
2175999,9.932104345823058,5
2176006,9.871279485346001,7
2176010,9.94599747439784,4
2176013,9.758134053203136,3
2176021,9.825452152532396,8
2176031,9.81046859152624,10
2176045,9.722382711334305,14
2176052,9.8781890644239,7
2176065,9.699059662748368,13
2176067,9.970910169928905,2
2176076,9.816433119628844,9
2176083,9.86380434331997,7
2176092,9.812287673346557,9
2176094,9.97510125252941,2
2176108,9.706561842746064,14
2176124,9.64416744152135,16
2176136,9.723098634747611,12
2176154,9.619581381861186,18
2176162,9.852792429961983,8
2176167,9.930210455923975,5
2176178,9.750921383324393,11
2176188,9.801475558598487,10
2176195,9.873274592692104,7
2176201,9.902316570415323,6
2176202,10.0,1
2176211,9.836241486175425,9
2176217,9.899212332426735,6
2176231,9.680644049846668,14
2176243,9.699378731247851,12
2176250,9.870090738007296,7
2176261,9.77474414689498,11
2176262,10.0,1
2176269,9.867799696178077,7
2176285,9.608916327925515,16
2176286,10.0,1
2176295,9.82538688473615,9
2176310,9.695569693194741,15
2176328,9.124360312906749,18
2176334,9.882810823269283,6
2176343,9.830124687202593,9
2176354,9.774208814569034,11
2176368,9.685847559319173,14
2176376,9.846484211892987,8
2176383,9.879714379115727,7
2176391,9.851728950745349,8
2176408,9.45172583972423,17
2176414,9.878240811321412,6
2176423,9.852582176201302,9
2176427,9.9529254586338,4
2176438,9.630183552324523,11
2176446,9.840344526613055,8
2176465,9.527758964267589,19
2176480,9.66455060208422,15
2176485,9.923420880524002,5
2176491,9.910827131165208,6
2176501,9.804169136772735,10
2176502,10.0,1
2176509,9.895853707624234,7
2176513,9.94468805501176,4
2176523,9.806120292719843,10
2176541,9.611944279861852,18
2176548,9.86914286032821,7
2176549,10.0,1
2176550,9.988070488137867,1
2176556,9.897856890255296,6
2176559,9.959944870828394,3
2176568,9.818206823946085,9
2176577,9.820501980560376,9
2176597,9.600444172959747,20
2176601,9.922710758539235,4
2176613,9.766947519615336,12
2176629,9.679077633300082,16
2176644,9.698164965939966,15
2176645,10.0,1
2176648,9.962938232555878,3
2176659,9.744512405279792,11
2176666,9.87920780720806,7
2176669,9.956600845476174,3
2176679,9.798406815501108,10
2176688,9.804537730660888,9
2176691,9.955270189176973,3
2176700,9.813494756952238,9
2176709,9.811305592501775,9
2176710,10.0,1
2176720,9.797222528755825,10
2176724,9.942765629515764,4
2176740,9.612259373916212,16
2176753,9.720729530952642,13
2176766,9.72642086477845,13
2176772,9.794720476602217,6
2176779,9.855570363051523,7
2176784,9.911368576762355,5
2176794,9.79914159718939,10
2176795,10.0,1
2176807,9.745564356762733,12
2176817,9.795707899147933,10
2176828,9.757928654118237,11
2176832,9.941365567141727,4
2176841,9.81749923552703,9
2176847,9.889535091799134,6
2176857,9.794621336985697,10
2176865,9.826256865590636,8
2176875,9.877549106425487,10
2176885,9.810933383607383,10
2176977,7.922814490909101,92
2176981,9.539185569469321,4
2176999,9.58876738851976,18
2177004,9.915514170545581,5
2177006,9.970778557740374,2
2177014,9.84902352311714,8
2177025,9.810944215720653,11
2177027,9.97851189775601,2
2177034,9.875790063373291,7
2177043,9.806129768132605,9
2177059,9.255244022283907,16
2177060,9.992923160462903,1
2177069,9.834792676991038,9
2177078,9.803842923121987,9
2177089,9.761189791727539,11
2177096,9.872536406611916,7
2177107,9.759492284865896,11
2177118,9.781042445983328,11
2177125,9.887325697763114,7
2177129,9.94456158648454,4
2177136,9.889639927639477,7
2177151,9.66600684480862,15
2177166,9.748741060245088,15
2177172,9.884272624953248,6
2177191,9.606341307014862,19
2177194,9.96332982891159,3
2177201,9.676335449305558,7
2177221,9.634916269240309,20
2177233,9.760304195418506,12
2177238,9.92308585677003,5
2177247,9.806298666837892,9
2177258,9.777830431532415,11
2177265,9.861735785644854,7
2177268,9.970616813585346,3
2177275,9.890592818343862,7
2177285,9.798852583679672,10
2177286,10.0,1
2177296,9.811211192206828,10
2177302,9.92052209827756,6
2177315,9.700744881986965,13
2177329,9.700341823981141,14
2177347,9.6138532463916,18
2177350,9.965799556310355,3
2177354,9.94245182023008,4
2177370,9.68700480438751,16
2177374,9.9238816798938,4
2177388,9.510733215352015,14
2177389,9.99630087380442,1
2177395,9.89413557671484,6
2177413,9.553314552876621,18
2177420,9.872924845780084,7
2177421,10.0,1
2177443,9.515195153937317,22
2177451,9.854987585031054,8
2177463,9.724470329942747,12
2177478,9.67783055620437,15
2177485,9.841649303671261,7
2177499,9.68877002768538,14
2177517,9.484868501918466,18
2177524,9.865976588408682,7
2177535,9.791922739278457,11
2177541,9.891197575143982,6
2177548,9.881989050174223,7
2177550,9.974084295774635,2
2177569,9.426467921396053,19
2177580,9.756019588157901,11
2177587,9.879353129458412,7
2177595,9.83794347024375,8
2177602,9.869043889426832,7
2177612,9.824655897689233,10
2177620,9.845490215922744,8
2177626,9.898611365942823,6
2177630,9.944433932936027,4
2177635,9.919129304616705,5
2177636,10.0,1
2177643,9.659166396785277,7
2177658,9.69806912397855,15
2177659,10.0,1
2177667,9.864381278816412,8
2177673,9.892333369284165,6
2177686,9.742987153712086,13
2177695,9.816748187680362,9
2177696,10.0,1
2177705,9.844080650639986,9
2177712,9.88457660330701,7
2177718,9.906617698625269,6
2177731,9.706222357534653,13
2177750,9.584136161854714,19
2177763,9.719002307098162,13
2177770,9.865828090872142,7
2177779,9.824111316694253,9
2177787,9.86575070412858,8
2177794,9.875280077789464,7
2177809,9.662943470689022,15
2177821,9.753227815331572,12
2177832,9.769224581228066,11
2177835,9.962564911695662,3
2177846,9.78709266572875,11
2177850,9.955192007893043,4
2177851,10.0,1
2177859,9.84986663784269,8
2177868,9.833931643364444,9
2177875,9.88098366521718,7
2177889,9.664064450232619,14
2177895,9.893269816242245,6
2177902,9.856861203013143,7
2177917,9.667763199779825,15
2177925,9.84918905346745,8
2177929,9.953866668776127,4
2177941,9.807830303413732,12
2177942,10.0,1
2177953,9.694362880338822,11
2177954,9.988576920825075,1
2177958,9.930142720404149,4
2177961,9.95562432504134,3
2177962,10.0,1
2177964,9.973894354964875,2
2177970,9.893032169677143,6
2177986,9.682586699118989,16
2177993,9.866782133578875,7
2177994,10.0,1
2178006,9.733510879838432,12
2178015,9.811442130005942,9
2178022,9.857001267952446,7
2178044,9.476686584659284,22
2178052,9.837717549055888,8
2178147,8.176198961976834,95
2178151,9.92420397118935,4
2178172,9.497464108284689,21
2178183,9.80640103367269,11
2178195,9.756100449558922,12
2178197,9.969286043603333,2
2178207,9.792566054598183,10
2178211,9.950262380706901,4
2178221,9.798780689397688,10
2178227,9.885646470360179,6
2178237,9.604094398452109,10
2178251,9.554235371554046,14
2178257,9.87543079301742,6
2178262,9.907285379689931,5
2178263,10.0,1
2178272,9.815773282634453,9
2178276,9.940642703963032,4
2178281,9.900982986856288,5
2178282,9.987337814049383,1
2178293,9.82105649593498,11
2178307,9.56897213739938,14
2178312,9.940399913599931,5
2178324,9.750930278450967,12
2178338,9.69351486871164,14
2178346,9.844209722684969,8
2178350,9.948132132412585,4
2178356,9.892802954503164,6
2178369,9.70864576939952,13
2178377,9.816892356544294,8
2178384,9.779360366211813,7
2178394,9.795382600046292,10
2178399,9.916245382963238,5
2178408,9.825246852487641,9
2178425,9.611966325312698,17
2178434,9.838393994597565,9
2178435,10.0,1
2178443,9.83444849241703,8
2178444,9.988810398303906,1
2178453,9.808427985726398,9
2178462,9.855076375940303,9
2178477,9.693020400463212,15
2178483,9.905824081497814,6
2178509,9.55578898855994,26
2178518,9.816922213690397,9
2178524,9.88837160306249,6
2178545,9.560418249265169,21
2178554,9.797713871866343,9
2178562,9.8395435616207,8
2178571,9.812149626124922,9
2178572,10.0,1
2178582,9.797214881024857,10
2178598,9.600618534666472,16
2178607,9.84024514557265,9
2178612,9.91691366904503,5
2178620,9.856996139481296,8
2178631,9.757419302187824,11
2178633,9.978921355661118,2
2178652,9.558922218430224,19
2178673,9.353659891555054,21
2178674,10.0,1
2178677,9.960733261123599,3
2178684,9.857033805976847,7
2178698,9.670571184731013,14
2178703,9.930241130658736,5
2178704,9.99674617083786,1
2178709,9.92144822936932,5
2178721,9.768377875855496,12
2178729,9.868842358668962,8
2178739,9.826152811217183,10
2178743,9.937343882355592,4
2178750,9.861813848350538,7
2178755,9.913147470126486,5
2178759,9.927146523025932,4
2178776,9.649762030177927,17
2178779,9.959849971059258,3
2178780,10.0,1
2178790,9.841157369944431,10
2178802,9.762985885775935,12
2178816,9.720447545531202,14
2178832,9.620917791890419,16
2178833,10.0,1
2178842,9.800896317085098,9
2178843,10.0,1
2178850,9.873932293438802,7
2178855,9.905804104803305,5
2178866,9.774124143750951,11
2178867,10.0,1
2178877,9.798769345416133,10
2178922,8.98570428153014,45
2178929,9.872243093686432,7
2178948,9.565435237294215,19
2178962,9.711011401498377,14
2178972,9.789475832510426,10
2178987,9.70300477970827,15
2178992,9.918094648269182,5
2179001,9.801909717823897,9
2179002,10.0,1
2179005,9.952006589422906,3
2179006,10.0,1
2179013,9.874095114711334,7
2179017,9.944693113861165,4
2179030,9.75195112298201,13
2179043,9.69978794667741,13
2179047,9.931954172038044,4
2179051,9.95301520384732,4
2179065,9.654613398020764,14
2179080,9.663100882935833,15
2179088,9.845443429813098,8
2179101,9.751569833340485,13
2179103,9.977174529314041,2
2179118,9.655663065194469,15
2179125,9.854400519711069,7
2179140,9.666029839718043,15
2179157,9.6328662547742,17
2179182,9.407917178015726,25
2179193,9.815856957436685,11
2179199,9.899861713587855,6
2179206,9.883751878723638,7
2179215,9.828340557509286,9
2179229,9.677159251986323,14
2179243,9.699312023572395,14
2179259,9.683106385130458,16
2179267,9.86556544887234,8
2179269,9.978311287753781,2
2179289,9.565486072335588,20
2179296,9.865067571051764,7
2179299,9.95656884206895,3
2179312,9.75475284696332,13
2179313,10.0,1
2179325,9.756811914146827,12
2179346,9.521445958169034,21
2179357,9.765054297828675,11
2179364,9.857068927015778,7
2179365,10.0,1
2179375,9.79937899163758,10
2179378,9.954567102964306,3
2179390,9.762159754012721,12
2179400,9.79499487376246,10
2179415,9.644441321975085,15
2179418,9.953836184243368,3
2179419,9.99149232236487,1
2179431,9.737415063168042,12
2179443,9.757403077152661,12
2179447,9.945620564228333,4
2179459,9.730041022312108,12
2179477,9.617533593380282,18
2179480,9.954638281299395,3
2179481,10.0,1
2179490,9.788080928481193,9
2179494,9.92872102061879,4
2179503,9.851361494552139,9
2179514,9.75562135630491,11
2179515,10.0,1
2179524,9.821545485153209,9
2179525,10.0,1
2179530,9.923229516223044,5
2179540,9.79487221613971,10
2179551,9.754528528338758,11
2179567,9.662405553219756,16
2179574,9.869887969701132,7
2179580,9.883221652396598,6
2179589,9.860147471382573,9
2179599,9.78140884273623,10
2179606,9.859955832431407,7
2179613,9.880667562751887,7
2179631,9.610921139388433,18
2179638,9.874241203112572,7
2179650,9.73981382767479,12
2179666,9.60109951836899,16
2179670,9.930536772150797,4
2179671,10.0,1
2179676,9.91383967606782,5
2179689,9.634858317636793,13
2179700,9.755876349181456,11
2179703,9.966830226950796,3
2179720,9.579894975345166,17
2179729,9.817480195416039,9
2179738,9.794917370495684,9
2179745,9.88521528310552,7
2179747,9.98391420071175,2
2179753,9.902322541618709,6
2179762,9.816434129574487,9
2179778,9.66931967749833,16
2179784,9.891223612663714,6
2179798,9.714220460176858,14
2179820,9.486073927659946,22
2179831,9.761979854460584,11
2179838,9.875963592593378,7
2179850,9.763742403699219,12
2179854,9.939507642825749,4
2179855,10.0,1
2179858,9.958653756990476,3
2179864,9.904838705458694,6
2179878,9.680579351302661,14
2179879,10.0,1
2179883,9.933568780577778,4
2179894,9.735107241966146,11
2179909,9.672983739462165,15
2179913,9.946536261622173,4
2179928,9.578626461239482,15
2179929,9.996645968196521,1
2179938,9.823001715536058,9
2179944,9.882686700539075,6
2179950,9.89699374194437,6
2179957,9.858965386599142,7
2179971,9.528430302234485,14
2179986,9.67432552460622,15
2180001,9.415144668073786,15
2180011,9.789079229777737,10
2180012,10.0,1
2180015,9.964325263611924,3
2180027,9.70897893040533,12
2180041,9.73531160824876,14
2180056,9.664487290512561,15
2180062,9.899930106667698,6
2180070,9.836552562384485,8
2180075,9.910699012454131,5
2180086,9.757748073630026,11
2180093,9.860460190017827,7
2180101,9.85612657587135,8
2180108,9.860520892691154,7
2180116,9.862318014925231,8
2180121,9.91871144806672,5
2180134,9.724408755981162,13
2180137,9.954209054659449,3
2180152,9.669924124362602,15
2180158,9.900705581036297,6
2180167,9.822681819232452,9
2180175,9.857022527848725,8
2180186,9.795542782609596,11
2180187,9.989247548930797,1
2180197,9.7869018036251,10
2180203,9.882993132453642,6
2180206,9.957235381953284,3
2180217,9.73487524629266,11
2180218,9.996676288094488,1
2180240,9.513007516617712,22
2180243,9.959942655619232,3
2180249,9.883848583152107,6
2180263,9.711088760574313,14
2180269,9.888484837754472,6
2180277,9.860351479057869,8
2180288,9.743782522374731,11
2180298,9.795860486606411,10
2180310,9.78565503001311,12
2180317,9.87017186895465,7
2180336,9.54033578347969,19
2180348,9.386810188715225,12
2180361,9.74466810443315,13
2180362,10.0,1
2180367,9.907141353860796,5
2180372,9.912505305920556,5
2180378,9.870375122603283,6
2180382,9.952615047265562,4
2180399,9.673563304328155,17
2180407,9.845689713588527,8
2180426,9.565876469816104,19
2180429,9.953560967405556,3
2180439,9.796185578643605,10
2180446,9.870670185607942,7
2180451,9.899705331159355,5
2180459,9.841965048606667,8
2180471,9.744910890209063,12
2180481,9.598035627311642,10
2180491,9.795866154257732,10
2180506,7.817651918022227,15
2180512,9.873946920244768,6
2180527,9.66656605481713,15
2180541,9.710900966229305,14
2180551,9.788772103306385,10
2180552,10.0,1
2180560,9.85127118009803,8
2180575,9.63561303952435,15
2180586,9.807605129314823,11
2180590,9.932647582991052,4
2180601,9.542636686904435,11
2180616,9.647489928071007,15
2180617,10.0,1
2180624,9.876460929442194,7
2180629,9.927207224950406,5
2180638,9.813041829831208,9
2180651,9.699922312262961,13
2180666,9.66264893528636,15
2180677,9.752790963080361,11
2180682,9.932309648838508,5
2180701,9.525222796977065,19
2180709,9.835672594773484,8
2180716,9.890140086747548,7
2180722,9.888380502714977,6
2180734,9.746661488816445,12
2180745,9.826283063270697,11
2180750,9.908515586806347,5
2180755,9.923173131790954,5
2180763,9.826372003626245,8
2180764,10.0,1
2180769,9.930160504245947,5
2180781,9.733426408245887,12
2180790,9.851063731404242,9
2180801,9.745688932398005,11
2180817,9.659907602056622,16
2180824,9.877994352146855,7
2180832,9.831364412660864,8
2180854,9.597459226182176,22
2180861,9.878244232098938,7
2180863,9.979544780704028,2
2180874,9.684659755648878,11
2180875,9.990055232927887,1
2180880,9.935868782352962,5
2180894,9.666850813701569,14
2180903,9.8390517171257,9
2180917,9.689562817476236,14
2180930,9.713998958589773,13
2180939,9.82220502857067,9
2180943,9.931127511070235,4
2180953,9.821824235729567,10
2180956,9.962290311779526,3
2180971,9.271703196391007,15
2180986,9.670458009862614,15
2181001,9.687805226689262,15
2181002,9.987919921659444,1
2181021,9.296549129382745,19
2181039,9.610665249646798,18
2181043,9.936611174712443,4
2181051,9.827389069918992,8
2181060,9.831700562044032,9
2181070,9.81564515365881,10
2181076,9.895509734343637,6
2181084,9.846896595853762,8
2181097,9.684411827705528,13
2181110,9.709051082662485,13
2181112,9.979785134043889,2
2181118,9.90058031422659,6
2181121,9.958944146853666,3
2181132,9.765947153186527,11
2181146,9.700484438469255,14
2181151,9.909785311061711,5
2181156,9.901726672592698,5
2181171,9.696507521611473,15
2181183,9.718365503722056,12
2181187,9.943629084590999,4
2181191,9.937345243013178,4
2181198,9.8807378164924,7
2181206,9.852413378470347,8
2181207,9.989073502325995,1
2181221,9.702306050450238,14
2181227,9.888075157395418,6
2181231,9.935966698663991,4
2181236,9.913296961285765,5
2181245,9.78318741873345,9
2181259,9.67658907723834,14
2181263,9.935292105021157,4
2181269,9.902876968558047,6
2181280,9.77269696262827,11
2181295,9.64709931398925,15
2181301,9.897852124001302,6
2181315,9.681226114803735,14
2181316,9.99661337592261,1
2181322,9.90075202816629,6
2181325,9.95507886002425,3
2181332,9.881556589198405,7
2181333,10.0,1
2181349,9.642304093522075,16
2181374,9.245597606032584,25
2181398,8.5717995150535,24
2181407,9.827223387876586,9
2181415,9.82794098829612,8
2181425,9.774708069403735,10
2181435,9.764137265114755,10
2181441,9.908041823847903,6
2181448,9.870126349145242,7
2181461,9.714666666577326,13
2181468,9.8783432781239,7
2181471,9.964454337875404,3
2181479,9.859205702495828,8
2181491,9.768481594867916,12
2181502,9.771716896214906,11
2181503,10.0,1
2181523,9.519591611680461,20
2181524,10.0,1
2181531,9.884666269496224,7
2181537,9.910152652961207,6
2181545,9.84675996301296,8
2181552,9.875104066481828,7
2181564,9.359117435570697,12
2181565,9.992943052978628,1
2181576,9.76007781559464,11
2181579,9.969357575970873,3
2181585,9.894105360578257,6
2181595,9.794255931268614,10
2181606,9.783175702984389,11
2181616,9.757958741231084,10
2181623,9.855118003299047,7
2181642,9.563274854871453,19
2181653,9.76295984838503,11
2181660,9.909909175263632,7
2181662,9.974498787875648,2
2181674,9.7386185769057,12
2181690,9.662606375332588,16
2181700,9.790855305541607,10
2181710,9.795208389927723,10
2181711,9.988819135311324,1
2181716,9.917901383827612,5
2181720,9.936047149514184,4
2181729,9.797150288511315,9
2181734,9.905044866501903,5
2181745,9.80376831495887,11
2181752,9.88478299173948,7
2181768,9.601756387940624,16
2181779,9.801324154222089,11
2181780,9.99177164109383,1
2181795,9.583719746978552,15
2181796,10.0,1
2181819,9.570605223105549,23
2181829,9.817227987974196,10
2181830,10.0,1
2181842,9.744372994882577,12
2181843,10.0,1
2181854,9.775225611420982,11
2181855,10.0,1
2181858,9.966354937650788,3
2181870,9.721891085373366,12
2181871,10.0,1
2181875,9.93220696038941,4
2181886,9.737907490683732,11
2181896,9.78616151965053,10
2181900,9.944927573416377,4
2181901,10.0,1
2181907,9.891724669053637,6
2181918,9.765844588699267,11
2181919,10.0,1
2181938,9.609804499994333,19
2181949,9.770925998843783,11
2181969,9.509540165566447,20
2181979,9.800099881561897,10
2181988,9.839049395532326,9
2181999,9.746403937554591,11
2182003,9.933931435023991,4
2182004,10.0,1
2182012,9.882427282893634,8
2182027,9.673695980806443,15
2182037,9.822020228913889,10
2182047,9.77595422292902,10
2182059,9.76422823202756,12
2182067,9.85739739005929,8
2182070,9.956175958591167,3
2182073,9.959722046639136,3
2182083,9.786851184968246,10
2182094,9.75291452323682,11
2182098,9.94521408471433,4
2182106,9.838361477909901,8
2182110,9.93687947950278,4
2182112,9.969917056300234,2
2182123,9.770315481090092,11
2182133,9.792529633850075,10
2182145,9.761409600957185,12
2182151,9.905143199054292,6
2182161,9.79073735086165,10
2182162,10.0,1
2182169,9.888954415621502,7
2182175,9.895746743496419,6
2182190,9.650808416484765,15
2182198,9.820398219395493,8
2182207,9.825574577178841,9
2182213,9.886103487935628,6
2182216,9.950705637144958,3
2182224,9.842163107144037,8
2182234,9.811228059849235,10
2182241,9.885498820300855,7
2182254,9.709090756071166,13
2182266,9.784171511939642,12
2182276,9.804237212919658,10
2182294,9.590195090336191,18
2182302,9.830577611133986,8
2182307,9.916329385431487,5
2182316,9.850036808455629,9
2182322,9.899811572654116,6
2182337,9.671243627221143,15
2182355,9.581694223850128,18
2182361,9.897829297512969,6
2182371,9.814281761931605,10
2182383,9.801412694970866,12
2182392,9.80056487461586,9
2182408,9.630445578189121,16
2182409,9.992556545349705,1
2182418,9.837644427921203,9
2182431,9.715778007312966,13
2182439,9.853583913205588,8
2182453,9.670675123476542,14
2182461,9.838123753829732,8
2182474,9.703793943375393,13
2182480,9.90231486154201,6
2182489,9.831608512596944,9
2182497,9.840994985917009,8
2182502,9.92112079151081,5
2182508,9.899116460959668,6
2182521,9.711183837407184,13
2182531,9.776984544248387,10
2182548,9.692787241741641,17
2182564,9.639676482459297,16
2182583,9.6321405161815,19
2182595,9.737263794269039,12
2182605,9.799980377304147,10
2182612,9.862442294667987,7
2182620,9.885621717942723,8
2182637,9.591803827909825,17
2182639,9.971023603075079,2
2182646,9.685077742583285,7
2182657,9.777136384321025,11
2182666,9.799958452912508,9
2182682,9.64304185493775,16
2182689,9.877363099594774,7
2182712,9.255722457725355,23
2182724,9.77385316589957,12
2182735,9.776823848791134,11
2182736,10.0,1
2182755,9.565395732600011,19
2182760,9.903173283663989,5
2182768,9.84008119325769,8
2182774,9.88800543239685,6
2182790,9.643335218305888,16
2182802,9.734308632239609,12
2182807,9.928738125218752,5
2182825,9.625024986173017,18
2182835,9.806728203835021,10
2182841,9.911472006122368,6
2182853,9.762995806063538,12
2182857,9.943960228375303,4
2182873,8.778616780371763,16
2182877,9.938470843560632,4
2182883,9.887737566635343,6
2182890,9.852820403974826,7
2182900,9.798991023804525,10
2182916,9.63858877114808,16
2182925,9.830367814212927,9
2182936,9.775090107201628,11
2182940,9.938970445386099,4
2182947,9.849658428536276,7
2182955,9.643171127687133,8
2182961,9.894965713937047,6
2182969,9.850030321032303,8
2182983,9.692155859269851,14
2182986,9.952129249198553,3
2182992,9.892883357935087,6
2183001,9.829498610518005,9
2183011,9.790215972598652,10
2183015,9.93243754185641,4
2183034,9.58162369768175,19
2183049,9.644934861056774,15
2183056,9.885997870209208,7
2183065,9.824330509703529,9
2183077,9.762056142872215,12
2183088,9.794011045222463,11
2183105,9.487176391860418,17
2183113,9.851896296248764,8
2183134,9.495311749478734,21
2183150,9.73608286669754,16
2183152,9.97146272244756,2
2183163,9.368232096752422,11
2183167,9.944591525448844,4
2183181,9.711226115567957,14
2183186,9.904066782193622,5
2183196,9.595548927461534,10
2183198,9.973316584157727,2
2183213,9.630283221903024,15
2183227,9.663187600781832,14
2183230,9.96201227268689,3
2183240,9.770700409527178,10
2183245,9.908423812438004,5
2183248,9.968355544293445,3
2183264,9.679211730057911,16
2183275,9.76157026847782,11
2183292,9.590421074240457,17
2183305,9.707731405418935,13
2183317,9.731137365558464,12
2183333,9.634636996982037,16
2183346,9.712255150449186,13
2183360,9.715696254538353,14
2183371,9.740287378453925,11
2183389,9.557988087598165,18
2183392,9.966736954105526,3
2183405,9.713765516622887,13
2183413,9.830758080682154,8
2183417,9.92397094682113,4
2183421,9.930019082770837,4
2183434,9.704734415826918,13
2183445,9.75288880554616,11
2183461,9.715166596199337,16
2183464,9.969304604517664,3
2183474,9.776903945943308,10
2183481,9.88799475536229,7
2183489,9.857755457829509,8
2183503,9.689161662727882,14
2183508,9.916332162923934,5
2183513,9.910438342705296,5
2183525,9.76641649732667,12
2183537,9.70858193444904,12
2183544,9.861261180980373,7
2183549,9.911711724703098,5
2183553,9.932897062253438,4
2183565,9.743805701203659,12
2183566,10.0,1
2183574,9.873938858264976,8
2183587,9.721397487011496,13
2183596,9.830288233363095,9
2183607,9.747288382079121,11
2183615,9.835826206036884,8
2183624,9.804868198526536,9
2183644,9.632467970282582,20
2183649,9.929281430128562,5
2183657,9.843579576528446,8
2183660,9.959959822646681,3
2183671,9.772122151043765,11
2183684,9.724432826347906,13
2183699,9.65612843681188,15
2183706,9.904788866695084,7
2183720,9.709063257323825,14
2183727,9.86701364047608,7
2183735,9.835466178491448,8
2183749,9.728153666066033,14
2183752,9.960723392028786,3
2183761,9.802987955683816,9
2183766,9.928266985009335,5
2183780,9.687530969967911,14
2183790,9.78889069632984,10
2183797,9.855227846174717,7
2183798,10.0,1
2183806,9.843623623630545,8
2183823,9.62771822226112,17
2183834,9.591892800205349,11
2183842,9.840286890983178,8
2183853,9.789344604142029,11
2183860,9.862266145647384,7
2183864,9.93056568971555,4
2183875,9.746627440634102,11
2183882,9.867614937558095,7
2183888,9.88848853625902,6
2183896,9.629114851141054,8
2183915,9.574263008224179,19
2183938,9.489809810643687,23
2183952,9.645494469168248,14
2183963,9.76533447911603,11
2183983,9.586708941048956,20
2183996,9.743681730934936,13
2184005,9.744455591719722,9
2184019,9.68922250633025,14
2184027,9.85593816948526,8
2184042,9.637484541046616,15
2184055,9.702659241229716,13
2184065,9.811934331226219,10
2184081,9.615023946111497,16
2184092,9.766803433217868,11
2184101,9.803294942590096,9
2184113,9.661841850360862,12
2184121,9.836457021048794,8
2184122,9.996260133346432,1
2184134,9.738228331623443,12
2184151,9.644044176045018,17
2184163,9.743040270696048,12
2184184,9.59684939908482,21
2184193,9.832380824468386,9
2184196,9.96097237395896,3
2184197,9.992837357861312,1
2184198,10.0,1
2184199,10.0,1
2184205,9.89055209289584,6
2184211,9.914804570586256,6
2184212,10.0,1
2184221,9.830385344410715,9
2184231,9.801632784706541,10
2184249,7.76079223950999,18
2184250,10.0,1
2184263,9.698277880239894,13
2184266,9.968549286291099,3
2184279,9.74869394460099,13
2184288,9.831881731316013,9
2184295,9.893550837799513,7
2184296,10.0,1
2184310,9.7029480142585,14
2184322,9.76655248701744,12
2184323,10.0,1
2184330,9.877155932118018,7
2184339,9.799285506438604,9
2184359,9.365331778727533,20
2184367,9.829852768864079,8
2184378,9.754746810816306,11
2184387,9.823333893630778,9
2184395,9.568248928752473,8
2184398,9.949858143820046,3
2184404,9.898672205673545,6
2184410,9.879355123354578,6
2184416,9.897262074449033,6
2184429,9.717053264808438,13
2184430,10.0,1
2184436,9.60267969219605,6
2184457,9.583642977686155,21
2184483,9.453965328780122,26
2184490,9.85837789241427,7
2184502,9.632242783840697,12
2184503,9.988096599511554,1
2184512,9.835473517010993,9
2184513,10.0,1
2184523,9.788452559910713,10
2184526,9.96073886204614,3
2184536,9.822979196557371,10
2184554,9.635866192164341,18
2184555,10.0,1
2184556,10.0,1
2184560,9.948799930867374,4
2184575,9.644793956155658,15
2184589,9.673665967221108,14
2184605,9.620441903270589,16
2184616,9.180658270505292,11
2184624,9.841272399857226,8
2184634,9.808585847517259,10
2184639,9.905174782578916,5
2184646,9.870709304341291,7
2184651,9.926499122433473,5
2184662,9.787564817165388,11
2184671,9.823846728854944,9
2184673,9.984188010003049,2
2184674,9.988307480379195,1
2184675,10.0,1
2184688,9.701393299591029,13
2184693,9.897286282383817,5
2184697,9.930195064439904,4
2184711,9.746564285434847,14
2184719,9.84368149981656,8
2184724,9.90901462477863,5
2184731,9.8612428484297,7
2184732,10.0,1
2184742,9.813406351330492,10
2184750,9.8404920452664,8
2184762,9.730680847220954,12
2184766,9.933901541178676,4
2184773,9.88152521181177,7
2184786,9.737888486110009,13
2184801,9.64692949138422,15
2184811,9.811208830879472,10
2184822,9.799529388251642,11
2184827,9.911057692684015,5
2184853,9.35730270606737,26
2184871,9.606244052010387,18
2184874,9.966762611735309,3
2184882,9.836114754708893,8
2184888,9.89614493523321,6
2184897,9.805072050282014,9
2184906,9.819080620042474,9
2184917,9.778436410620662,11
2184918,10.0,1
2184930,9.741177531271644,12
2184941,9.74267225264204,11
2184944,9.958774645904027,3
2184955,9.787577003168963,11
2184964,9.824965838093211,9
2184968,9.944092244429397,4
2184977,9.816858026060851,9
2184982,9.927671340423396,5
2184990,9.834645496450106,8
2184992,9.970349184841222,2
2184993,10.0,1
2185007,9.66465374612524,14
2185011,9.927861881997444,4
2185015,9.946872352517365,4
2185030,9.68378237817711,15
2185047,9.572081897501953,17
2185048,10.0,1
2185055,9.88300355895748,7
2185065,9.794306644750632,10
2185066,9.988710153916678,1
2185071,9.911170294190422,5
2185083,9.710757401176076,12
2185095,9.745240037016947,12
2185105,9.776548889854235,10
2185118,9.710073299348547,13
2185124,9.896287345617349,6
2185140,9.623670611774878,16
2185145,9.921640086542888,5
2185148,9.954871821541369,3
2185164,9.662933179260666,16
2185168,9.946673597219998,4
2185186,9.578285965918106,18
2185193,9.889784020763559,7
2185201,9.838696830470878,8
2185204,9.948070133191203,3
2185223,9.591749925101892,19
2185232,9.83900883240788,9
2185241,9.83314687947163,9
2185253,9.562450241677256,12
2185266,9.736012878218409,13
2185284,9.487664602637706,18
2185290,9.896752990666242,6
2185302,9.523898845883425,12
2185318,9.653584634763709,16
2185321,9.959240119070046,3
2185327,9.902278301894178,6
2185352,7.073076714549229,25
2185370,9.40333195372573,18
2185387,9.617361670654274,17
2185388,10.0,1
2185395,9.883115380479996,7
2185409,9.670532452840947,14
2185410,10.0,1
2185429,9.646138526440941,19
2185434,9.929955701887248,5
2185444,9.78437972754492,10
2185453,9.824338953515733,9
2185459,9.892424241959267,6
2185474,9.575478131543592,15
2185477,9.959961310127165,3
2185478,10.0,1
2185481,9.962116052796922,3
2185489,9.847523502409844,8
2185502,9.67581511915722,13
2185516,9.785282588154736,14
2185539,9.430131372070628,23
2185552,9.724304190119733,13
2185553,10.0,1
2185554,10.0,1
2185561,9.900627242560272,7
2185564,9.955194193378034,3
2185581,9.63082440357646,17
2185596,9.655675338849289,15
2185604,9.868936996030273,8
2185627,9.574448944205528,23
2185630,9.958922566441126,3
2185636,9.910345098641557,6
2185649,9.706650486040274,13
2185663,9.502900407644317,14
2185674,9.750494909027,11
2185684,9.772137805210031,10
2185690,9.881923801847918,6
2185692,9.971807724633901,2
2185694,9.978806973274297,2
2185703,9.812129912664854,9
2185706,9.962846992157262,3
2185708,9.972700087902295,2
2185709,10.0,1
2185722,9.682816454115423,13
2185723,10.0,1
2185728,9.922120058051942,5
2185751,9.458876294554415,23
2185760,9.80280582207715,9
2185769,9.81874404037906,9
2185776,9.869403846974002,7
2185790,9.701684526866657,14
2185797,9.853327371660594,7
2185798,10.0,1
2185804,9.897582836258232,6
2185813,9.815469462989043,9
2185822,9.821142523361571,9
2185829,8.807417643648197,7
2185837,9.851541050808047,8
2185850,9.74035643175301,13
2185857,9.86594295668745,7
2185869,9.7581805968171,12
2185887,9.633494742442744,18
2185897,9.786522082385424,10
2185910,9.783249718171877,13
2185911,10.0,1
2185923,9.71971210910363,12
2185932,9.823351654257923,9
2185951,9.575867126429143,19
2185952,10.0,1
2185967,9.679133377161303,15
2185974,9.877992591631731,7
2185984,9.801040210918432,10
2185991,9.874579619474845,7
2186006,9.67153289075907,15
2186014,9.849422398140517,8
2186027,9.734551377098343,13
2186031,9.944234356954523,4
2186033,9.969773363153394,2
2186040,9.864243255241202,7
2186052,9.74021412437647,12
2186063,9.571084343829513,11
2186075,9.552310124423958,12
2186082,9.86999889045106,7
2186083,10.0,1
2186098,9.673011773289154,15
2186108,9.79135592980787,10
2186115,9.856078557711626,7
2186121,9.905248408565056,6
2186131,9.80352791586462,10
2186136,9.916126118765744,5
2186147,9.767155242056438,11
2186153,9.895820958340769,6
2186159,9.896863237975477,6
2186170,9.79549528151856,11
2186180,9.786902445569522,10
2186184,9.946538288478992,4
2186198,9.72295888658013,14
2186205,9.855870967466931,7
2186212,9.869955397408527,7
2186218,9.896365230574883,6
2186234,9.630851858171502,16
2186237,9.965707373426358,3
2186260,9.429281727669863,23
2186271,9.769652957281599,11
2186279,9.826902999043932,8
2186288,9.816712443070825,9
2186299,9.760113750612899,11
2186300,10.0,1
2186303,9.96035936971131,3
2186312,9.835410594257509,9
2186324,9.655925127097571,12
2186329,9.91039373994092,5
2186342,9.73422409940368,13
2186358,9.688901119830268,16
2186359,9.993117640732365,1
2186378,7.315422784944353,19
2186391,9.701290383329875,13
2186392,10.0,1
2186401,9.795743869985333,9
2186413,9.744622885885084,12
2186421,9.754666531181343,8
2186425,9.94252231500207,4
2186429,9.952276460072227,4
2186444,9.701182246973154,15
2186449,9.912599509498419,5
2186457,9.86079286139144,8
2186462,9.926511943859879,5
2186472,9.801476061658205,10
2186482,9.792756848750319,10
2186495,9.74173313966174,13
2186501,9.924565929822409,6
2186502,10.0,1
2186515,9.717139452922417,13
2186531,9.623314885147073,16
2186541,9.793907532158565,10
2186549,9.850137262970925,8
2186559,9.777397500362547,10
2186560,10.0,1
2186566,9.906507352842594,6
2186567,10.0,1
2186575,9.877324263305319,8
2186588,9.72680238758921,13
2186594,9.897401839026525,6
2186608,9.655921260722865,14
2186611,9.959669884425011,3
2186612,10.0,1
2186616,9.952483788767855,4
2186628,9.741888516035678,12
2186632,9.933107540593353,4
2186640,9.83995800620127,8
2186650,9.805890222389328,10
2186665,9.780269071494939,15
2186680,9.651707797466054,15
2186696,9.66070780164866,16
2186704,9.842938877160321,8
2186710,9.898394817102819,6
2186711,10.0,1
2186723,9.745583372334947,12
2186727,9.936728528942433,4
2186744,9.616675684951643,17
2186763,9.588188236933066,19
2186768,9.912527926917171,5
2186784,9.603600199804342,16
2186801,9.624217001065363,17
2186802,10.0,1
2186808,9.901014199143518,6
2186822,9.685687839560389,14
2186841,9.561914146680628,19
2186853,9.741045728383138,12
2186861,9.83317392823762,8
2186868,9.864521250413583,7
2186885,9.620485232062636,17
2186889,9.927935647895804,4
2186899,9.797938566312585,10
2186900,10.0,1
2186907,9.857624439843372,7
2186908,9.99616221313193,1
2186925,9.617543846441498,17
2186928,9.963606960850651,3
2186935,9.662643714422831,7
2186936,10.0,1
2186950,9.651874245530918,14
2186964,9.683796543984576,14
2186972,9.833663814626906,8
2186979,9.859850261884256,7
2186996,9.62961731136176,17
2187008,9.800788328596035,12
2187011,9.96227571007533,3
2187020,9.835487917615632,9
2187032,9.737910147596557,12
2187048,9.729448135150255,16
2187049,10.0,1
2187059,9.832377699532767,10
2187072,9.719237590316203,13
2187078,9.898009263864466,6
2187093,9.363565892653938,15
2187096,9.965176893463374,3
2187103,9.874027293160783,7
2187106,9.95938438118036,3
2187107,10.0,1
2187117,9.795180351073492,10
2187128,9.745030050558317,11
2187138,9.766356591983739,10
2187139,10.0,1
2187147,9.863308379212103,8
2187152,9.922544120554267,5
2187157,9.929046875150457,5
2187164,9.863935871712272,7
2187172,9.879608948202867,8
2187183,9.749223371839964,11
2187190,9.870885332328292,7
2187195,9.909125488023415,5
2187199,9.940065635737389,4
2187204,9.923285960563668,5
2187213,9.833764487780876,9
2187217,9.950152297056654,4
2187218,10.0,1
2187226,9.86266654232937,8
2187234,9.854209288810745,8
2187244,9.806158673380633,10
2187256,9.738724524698858,12
2187266,9.802160567068318,10
2187280,9.102564159934907,14
2187288,9.850891905223222,8
2187298,9.785130219920887,10
2187299,9.993095804801815,1
2187311,9.772993513233862,12
2187318,9.87828388048586,7
2187335,9.664843641563639,17
2187347,9.75044643236183,12
2187359,9.725282666096918,12
2187374,9.661945766238743,15
2187375,10.0,1
2187376,9.992574571917753,1
2187380,9.928720801911439,4
2187385,9.92739994388549,5
2187393,9.8471067097968,8
2187403,9.795984119468464,10
2187413,9.570269684066657,10
2187414,10.0,1
2187427,9.73263534342821,13
2187428,10.0,1
2187436,9.828325481200704,8
2187442,9.913837885174674,6
2187449,9.877631630266004,7
2187454,9.912439917833032,5
2187458,9.944487359282412,4
2187463,9.920680935371184,5
2187471,9.848563181162746,8
2187477,9.875710086508574,6
2187493,9.502724785716678,16
2187507,9.666888938719826,14
2187520,9.715327811811646,13
2187527,9.866692876639615,7
2187538,9.767759112674995,11
2187550,9.732758928835171,12
2187558,9.843950332056263,8
2187579,9.49856293165516,21
2187587,9.843233072328466,8
2187596,9.818650158190515,9
2187608,9.743843337685039,12
2187617,9.830871500482855,9
2187623,9.89595221371473,6
2187624,9.991956229925831,1
2187628,9.941858941110322,4
2187629,10.0,1
2187630,10.0,1
2187632,9.98572733721602,2
2187640,9.86547645392278,8
2187650,9.78501884205888,10
2187651,10.0,1
2187668,9.635641399515704,17
2187676,9.862118715168712,8
2187687,9.767624587830568,11
2187701,9.662378714840447,14
2187709,9.849394970694815,8
2187723,9.730828601423417,14
2187731,9.842877249574123,8
2187733,9.97631047059602,2
2187742,9.842283173511868,9
2187744,9.973561650931618,2
2187747,9.962913309938179,3
2187756,9.836241133924752,9
2187759,9.959159893935679,3
2187772,9.696384916828913,13
2187788,9.650631270461146,16
2187795,9.896446742671191,7
2187913,7.897320650241163,118
2187927,9.686121964704192,14
2187936,9.864070391798986,9
2187948,9.80385727394783,12
2187972,9.365619650474432,24
2187980,9.833470706715435,8
2187991,9.775937312727944,11
2187999,9.817636978113121,8
2188017,9.627310333324912,18
2188039,9.534859414914312,22
2188043,9.93330913017983,4
2188044,10.0,1
2188050,9.903727745727455,6
2188061,9.787680069709673,11
2188071,9.771725124669935,10
2188079,9.870246836140115,8
2188086,9.853306035321879,7
2188102,9.600828611885534,16
2188115,9.758543249892453,13
2188132,9.644225548990097,17
2188144,9.724973632679363,12
2188145,10.0,1
2188155,9.801038219191334,10
2188167,9.70870126168087,12
2188180,9.731433654908143,13
2188193,9.708655988665441,13
2188209,9.619835364583393,16
2188216,9.860727753878145,7
2188234,9.636715995291022,18
2188249,9.725167603296331,15
2188262,9.50747134925456,13
2188277,9.672792340046724,15
2188293,9.704851542800656,16
2188314,9.556250200161916,21
2188324,9.804701386746265,10
2188337,9.731306843767932,13
2188344,9.898835735723347,7
2188357,9.728661486822213,13
2188367,9.767264816502852,10
2188386,9.634120693299367,19
2188395,9.815905562263165,9
2188406,9.7593443473605,11
2188414,9.856916827682161,8
2188435,9.46694440067806,21
2188449,9.745877253309347,14
2188461,9.785393556452927,12
2188477,9.639300083366123,16
2188478,10.0,1
2188490,9.698460027033077,12
2188505,9.64885111584297,15
2188512,9.8748277825261,7
2188527,9.577681508005462,15
2188537,9.80460278052351,10
2188547,9.786573089379575,10
2188557,9.794571011861809,10
2188564,9.873884511115298,7
2188576,9.71901459276913,12
2188594,9.486650969978408,18
2188598,9.929906962862434,4
2188606,9.851013417139493,8
2188613,9.876307931931535,7
2188618,9.924847526468579,5
2188632,9.711935885212444,14
2188649,9.63683793848899,17
2188654,9.916826267143534,5
2188657,9.960645051753632,3
2188668,9.766754597698544,11
2188678,9.771495866571946,10
2188694,9.63419945349015,16
2188708,9.695279246717583,14
2188717,9.833489193352671,9
2188729,9.746986448547853,12
2188738,9.847097140729106,9
2188740,9.969789435010464,2
2188748,9.850441315373125,8
2188760,9.758878043902655,12
2188768,9.851776012580924,8
2188778,9.71806616866849,10
2188786,9.845205318705093,8
2188794,9.84319783548716,8
2188802,9.843397538833276,8
2188815,9.683360321139196,13
2188833,9.613293375369718,18
2188834,10.0,1
2188845,9.76230163535575,11
2188850,9.931161267001823,5
2188857,9.89310277742049,7
2188864,9.867129382447276,7
2188879,9.635175757217446,15
2188880,10.0,1
2188896,9.36373430604226,16
2188903,9.854070574063213,7
2188904,10.0,1
2188924,9.560191640886256,20
2188933,9.832863558989779,9
2188936,9.948646134570247,3
2188937,10.0,1
2188943,9.893606910157333,6
2188945,9.978209224876101,2
2188958,9.696648068319254,13
2188971,9.751322305714437,13
2188972,10.0,1
2188987,9.668683230790133,15
2188999,9.747728306846856,12
2189000,10.0,1
2189010,9.82272686221276,10
2189019,9.827846082420386,9
2189035,9.627221366197853,16
2189046,9.761925663790944,11
2189055,9.826091774737492,9
2189058,9.952816429668443,3
2189068,9.800689397651915,10
2189072,9.949096141682165,4
2189081,9.818473716721664,9
2189085,9.932700359117467,4
2189095,9.811970502686231,10
2189103,9.851724686720276,8
2189113,9.794045744669619,10
2189130,9.587078773897618,17
2189140,9.720833457125376,10
2189151,9.79606772289682,11
2189164,9.716775774169761,13
2189178,9.671158022588735,14
2189188,9.786637685057691,10
2189199,9.779616681333847,11
2189209,9.790766783322056,10
2189221,9.810650865143824,12
2189234,9.70862056664896,13
2189242,9.851612147401116,8
2189252,9.779902273213516,10
2189263,9.74409909980221,11
2189273,9.795674607224047,10
2189285,9.740032358570753,12
2189296,9.771954995171487,11
2189306,9.780346204751396,10
2189310,9.943540690951474,4
2189317,9.886244807457032,7
2189332,9.360954632996046,15
2189340,9.877505877342884,8
2189350,9.768488251762085,10
2189361,9.775123005705177,11
2189372,9.776496801172371,11
2189380,9.848455653630348,8
2189389,9.869036304655946,9
2189393,9.934127166412495,4
2189402,9.81304764734059,9
2189409,9.900054049249476,7
2189420,9.789763732776102,11
2189421,10.0,1
2189445,9.39789830233149,24
2189452,9.884365400218108,7
2189462,9.817701556552073,10
2189464,9.977407255450677,2
2189474,9.804294039886175,10
2189480,9.883010565179612,6
2189491,9.775299622813147,11
2189506,9.687495798658764,15
2189516,9.783522173474793,10
2189517,9.996058506838084,1
2189528,9.79432263084152,11
2189541,9.76771380723284,13
2189558,9.569133505884185,17
2189563,9.922744691619146,5
2189567,9.94672858426554,4
2189574,9.891871953473688,7
2189578,9.935555589748608,4
2189582,9.939801769596949,4
2189587,9.921053283695539,5
2189589,9.982227127687676,2
2189590,10.0,1
2189598,9.852648492729081,8
2189610,9.73918618037601,12
2189622,9.723195083516506,12
2189630,9.839598370966492,8
2189634,9.92964579424875,4
2189641,9.847331106951314,7
2189647,9.90168853239851,6
2189648,9.996130882142477,1
2189664,9.647213347623843,16
2189675,9.805427039999307,11
2189683,9.850306528935745,8
2189696,9.710216232399555,13
2189697,9.996092154225561,1
2189698,10.0,1
2189703,9.904437926845377,5
2189706,9.962616160436157,3
2189707,9.992575644767367,1
2189715,9.83348066179025,8
2189720,9.906934757800446,5
2189729,9.81096180096898,9
2189732,9.953492357463313,3
2189739,9.86914121437503,7
2189753,9.718913570411445,14
2189764,9.753171392293954,11
2189765,9.98912010443974,1
2189774,9.834730645629826,9
2189782,9.852039400423998,8
2189795,9.705009853281856,13
2189797,9.970090927827561,2
2189803,9.90828086374853,6
2189815,9.261100580738841,12
2189827,9.760569916360627,12
2189835,9.858011409910388,8
2189841,9.8960122162014,6
2189847,9.888783180541576,6
2189865,9.67936245915126,18
2189866,10.0,1
2189875,9.827873144169095,9
2189886,9.776036021593992,11
2189892,9.892548693509823,6
2189903,9.803722544459326,11
2189922,9.595787392202743,19
2189931,9.820083260584253,9
2189944,9.71961653484664,13
2189949,9.902210957705377,5
2189960,9.792192999267003,11
2189971,9.751418273729215,11
2189981,9.79487944771845,10
2189985,9.932281909195696,4
2189996,9.766037295459453,11
2190007,9.751784114375925,11
2190013,9.906739757978714,6
2190019,9.88701798504027,6
2190025,9.905374999373029,6
2190044,9.556383459325971,19
2190058,9.678102107484248,14
2190059,10.0,1
2190071,9.74716323001192,12
2190079,9.860409220003891,8
2190092,9.73426344400516,13
2190106,9.6672117063881,14
2190107,10.0,1
2190125,9.654828381304347,18
2190133,9.831974201227961,8
2190142,9.821012424549924,9
2190150,9.83821065345151,8
2190155,9.90625119596424,5
2190165,9.579415732451084,10
2190172,9.843585254328984,7
2190184,9.62329622918508,12
2190185,10.0,1
2190186,10.0,1
2190195,9.727432099725648,9
2190205,9.81504387479792,10
2190215,9.799365680754962,10
2190216,10.0,1
2190225,9.800826019692744,9
2190237,9.709113527859875,12
2190240,9.959106073492467,3
2190247,9.860517213929507,7
2190260,9.72616929598491,13
2190268,9.830167393104734,8
2190275,9.778144555367993,7
2190291,9.62519808547853,16
2190293,9.9815445368719,2
2190297,9.941790719509669,4
2190314,9.635428106326692,17
2190324,9.799774483651746,10
2190339,9.68774251408749,15
2190351,9.470178059584514,12
2190357,9.890332510794845,6
2190365,9.832623522079746,8
2190370,9.92303438106543,5
2190378,9.871009691758767,8
2190385,9.91308109498752,7
2190398,9.721059926244124,13
2190410,9.75710491562229,12
2190420,9.83475576346425,10
2190421,10.0,1
2190427,9.896578435085145,6
2190440,9.727303007490377,13
2190462,9.511225959856775,22
2190469,9.882701721547622,7
2190490,9.651150525824555,21
2190504,9.74402316726519,14
2190513,9.816492312349002,9
2190526,9.718199960133234,13
2190527,10.0,1
2190533,9.89041909678073,6
2190544,9.756593266793189,11
2190551,9.868043510033536,7
2190562,9.81178383775356,11
2190572,9.786285308913188,10
2190585,9.741727552078315,13
2190594,9.812463037043742,9
2190600,9.894246659179434,6
2190612,9.731472925929216,12
2190626,9.750837260348016,14
2190628,9.979859118850744,2
2190635,9.872736302964991,7
2190653,9.646118281742627,18
2190659,9.89220593143401,6
2190667,9.849097757862815,8
2190668,10.0,1
2190677,9.821788553852599,9
2190688,9.763078810016543,11
2190699,9.790496638509586,11
2190707,9.876262329995788,8
2190715,9.857396872379365,8
2190725,9.842011361812581,10
2190726,10.0,1
2190729,9.957913565777671,3
2190736,9.868087041243529,7
2190753,9.64984689780297,17
2190760,9.871670253427514,7
2190772,9.790347042118027,12
2190777,9.935894892774575,5
2190778,10.0,1
2190780,9.978297902904927,2
2190795,9.7013026935969,15
2190801,9.91798115159636,6
2190813,9.754709051981937,12
2190821,9.83540271951932,8
2190833,9.802226935801496,12
2190837,9.944399127492762,4
2190840,9.964114105541155,3
2190850,9.794436306636989,10
2190855,9.913580696264063,5
2190856,10.0,1
2190873,9.69167672841297,17
2190883,9.780992253500902,10
2190904,9.422486396179771,21
2190912,9.82199445022691,8
2190923,9.79859593928081,11
2190929,9.893308314826099,6
2190940,9.79484434362684,11
2190941,10.0,1
2190947,9.876963632573426,6
2190960,9.717788020278487,13
2190969,9.85240742725281,9
2190985,9.624196536992121,16
2190986,9.993089756160591,1
2190995,9.824573431035928,9
2191009,9.724881272842312,14
2191010,10.0,1
2191019,9.818093689586647,9
2191025,9.884002783757463,6
2191036,9.760538799999551,11
2191044,9.847630597397341,8
2191055,9.800702670219263,11
2191073,9.571678925941232,18
2191089,9.13654592840328,16
2191103,9.784543687286188,14
2191110,9.763566372052523,7
2191128,9.601386134146438,18
2191137,9.84787433503448,9
2191139,9.981736938770648,2
2191148,9.799373919929373,9
2191161,9.72132201691884,13
2191166,9.925028419869102,5
2191170,9.951336249107662,4
2191173,9.950065408966339,3
2191183,9.80106962348306,10
2191185,9.979708953859918,2
2191198,9.722416769293154,13
2191199,10.0,1
2191209,9.81461127089916,10
2191215,9.89930011147277,6
2191239,5.394637908820761,24
2191251,9.739723713639318,12
2191258,9.85820465583817,7
2191267,9.795034188015906,9
2191289,9.379607329110721,22
2191297,9.848599056455583,8
2191310,9.709619331743776,13
2191325,9.649132954805603,15
2191339,9.679432379414004,14
2191352,9.74100555778387,13
2191356,9.936307906329409,4
2191364,9.843173043528084,8
2191377,9.741590176831801,13
2191382,9.92727002649853,5
2191387,9.914644745493424,5
2191397,9.772409231706648,10
2191403,9.90702172320549,6
2191416,9.730947100696746,13
2191430,9.70309197270303,14
2191442,9.726915350550907,12
2191451,9.832450327681737,9
2191465,9.699710180818654,14
2191471,9.90318886214161,6
2191472,10.0,1
2191478,9.90383700002033,6
2191494,9.61252922359807,16
2191501,9.864735322560659,7
2191502,10.0,1
2191519,9.623413260247153,17
2191525,9.884412186398261,6
2191532,9.877189155063672,7
2191546,9.680912401810934,14
2191555,9.807018288163981,9
2191568,9.730046777732664,13
2191571,9.85387968514003,3
2191585,9.668851382769839,14
2191594,9.821306300405189,9
2191597,9.948646018126874,3
2191606,9.796284955525243,9
2191607,10.0,1
2191618,9.7577224853122,11
2191634,9.685979437734272,16
2191643,9.818117446708973,9
2191657,9.717956578059228,14
2191658,10.0,1
2191659,10.0,1
2191674,9.681454669062768,15
2191692,9.42767925055563,18
2191701,9.80391369861212,9
2191716,9.675028983161887,15
2191728,9.77015959071766,12
2191738,9.784184579910551,10
2191755,9.614322222034037,17
2191764,9.821702242111387,9
2191770,9.915441759299256,6
2191773,9.951487925103875,3
2191786,9.771829772892943,13
2191787,10.0,1
2191800,9.70337152508386,13
2191818,9.621503462001085,18
2191825,9.876354627595788,7
2191836,9.745397073352587,11
2191840,9.93658640110627,4
2191844,9.937446560305569,4
2191851,9.888254685100842,7
2191864,9.688652444187346,13
2191873,9.807118503066029,9
2191880,9.873221462816884,7
2191886,9.902430458298555,6
2191892,9.907046211364698,6
2191895,9.961421599118923,3
2191914,9.542784696362714,19
2191915,10.0,1
2191916,10.0,1
2191926,9.799119313126036,10
2191934,9.858976987102475,8
2191935,10.0,1
2192435,-204.7954872326123,500
2192935,-214.81903888806983,500
2192946,9.76491112155311,11
2192954,9.870813089888825,8
2192957,9.963136505910773,3
2192975,9.638582250542035,18
2192982,9.85515663918591,7
2192986,9.933430595205222,4
2192988,9.983698215857682,2
2192990,9.980842794713395,2
2193011,5.2243420732794466,21
2193017,9.894515420668737,6
2193028,9.777879902209845,11
2193034,9.913127820393793,6
2193046,9.773852002912784,12
2193051,9.913535230928579,5
2193057,9.893475241965312,6
2193066,9.809745049645935,9
2193078,9.76735054076083,12
2193093,9.63923563467383,15
2193099,9.907262795092807,6
2193107,9.842384090556289,8
2193116,9.822216187172586,9
2193132,9.62751774650904,16
2193142,9.778590425268762,10
2193150,9.829101819350099,8
2193156,9.897846352093845,6
2193157,9.992599799166639,1
2193162,9.920126506760054,5
2193172,9.806620470568369,10
2193180,9.856757356373231,8
2193193,9.708256188306068,13
2193207,9.682331739480594,14
2193218,9.788404073411353,11
2193224,9.905784253324903,6
2193286,8.833534704771296,62
2193298,9.738365230708794,12
2193310,9.737596281234168,12
2193313,9.956754218930111,3
2193324,9.744594081545669,11
2193336,9.749266099111107,12
2193344,9.767780960560414,8
2193350,9.890657649577433,6
2193364,9.685226452245749,14
2193375,9.754295551618545,11
2193388,9.711928012930493,13
2193403,9.654982480650089,15
2193417,9.69480964718909,14
2193426,9.790787950905402,9
2193439,9.703022067067316,13
2193446,9.852551235250077,7
2193451,9.913779920421232,5
2193452,10.0,1
2193462,9.762645652058772,10
2193463,10.0,1
2193464,9.99260330640481,1
2193471,9.876182664566082,7
2193482,9.740607611660693,11
2193489,9.870775535705718,7
2193497,9.857483298635081,8
2193513,9.673353118497683,16
2193517,9.93979144187481,4
2193524,9.867154174659984,7
2193525,10.0,1
2193536,9.770803309256882,11
2193543,9.871795835064944,7
2193546,9.969479492463147,3
2193551,9.919960154705793,5
2193560,9.8350253733415,9
2193573,9.713912567825105,13
2193580,9.867166378832957,7
2193594,9.695228834834769,14
2193602,9.844579858880376,8
2193609,9.886548475159074,7
2193611,9.974868388311727,2
2193619,9.840212661670826,8
2193625,9.890088725959384,6
2193626,10.0,1
2193633,9.901009931909073,7
2193639,9.892965649625047,6
2193647,9.859357083823408,8
2193653,9.882639466095275,6
2193658,9.927346645764969,5
2193668,9.786673899174643,10
2193684,8.912985517644465,16
2193695,9.784660869697314,11
2193710,9.656547597741126,15
2193715,9.917628735321262,5
2193718,9.947516383717847,3
2193727,9.819033429399237,9
2193742,9.713376236206155,15
2193749,9.864854863029105,7
2193764,9.50562815508033,15
2193776,9.742967260372769,12
2193789,9.715235245807115,13
2193800,9.7596218171505,11
2193809,9.825470025005536,9
2193821,9.733994329671749,12
2193825,9.933044313982542,4
2193831,9.89818988916491,6
2193836,9.919031344986875,5
2193847,9.461221010662902,11
2193853,9.890087162977181,6
2193854,10.0,1
2193867,9.775634314456203,13
2193880,9.561453247023554,13
2193888,9.835638062229537,8
2193892,9.932484021251089,4
2193909,9.65906067293267,17
2193910,10.0,1
2193916,9.890276999070052,6
2193926,9.786642332388219,10
2193927,10.0,1
2193934,9.875743356843374,7
2193935,9.996505109698429,1
2193939,9.930740660938,4
2193950,9.769410216120098,11
2193959,9.832123391234344,9
2193960,10.0,1
2193971,9.761381994602113,11
2193983,9.740233073797855,12
2193995,9.736919347903328,12
2194013,9.562596340456015,18
2194024,9.782925311955855,11
2194039,9.65526639912482,15
2194047,9.845073885350422,8
2194060,9.71249627949732,13
2194062,9.967999380738245,2
2194065,9.954324438740267,3
2194077,9.766568145239894,12
2194090,9.742987208453108,13
2194096,9.907112593610146,6
2194110,9.695056447540686,14
2194122,9.745508543028205,12
2194129,9.870221255873906,7
2194146,9.638965573884883,17
2194151,9.929846462709396,5
2194161,9.808654502856848,10
2194162,10.0,1
2194168,9.889183079285122,6
2194183,9.66185747730529,15
2194191,9.842830068205972,8
2194203,9.73939110335671,12
2194208,9.913184953797776,5
2194223,9.713038693701954,15
2194237,9.71887586052558,14
2194245,9.832702363896688,8
2194258,9.720773038234174,13
2194266,9.872592913903295,8
2194274,9.833978283317965,8
2194284,9.792509997300249,10
2194293,9.836534263676077,9
2194294,10.0,1
2194304,9.800795502931338,10
2194308,9.939259465510368,4
2194322,9.702718915182379,14
2194323,10.0,1
2194360,9.017998672121827,37
2194373,9.73436169978682,13
2194381,9.829732414814824,8
2194387,9.920950179149742,6
2194397,9.781590906229042,10
2194404,9.893833710335674,7
2194408,9.942000504935315,4
2194410,9.974743089002473,2
2194411,10.0,1
2194417,9.905235992961396,6
2194425,9.878650388413632,8
2194434,9.810530569529218,9
2194442,9.845203279190002,8
2194451,9.851150004259212,9
2194466,9.70365777298517,15
2194501,8.750508308827351,35
2194517,9.69458326199501,16
2194525,9.864139966794436,8
2194627,7.980179842277776,102
2194636,9.837300503733127,9
2194642,9.872822849910943,6
2194646,9.940226299512055,4
2194652,9.903250472711122,6
2194660,9.830013643188767,8
2194665,9.936686844029012,5
2194676,9.743092204899607,11
2194684,9.83366691505625,8
2194697,9.732619303338272,13
2194702,9.905881690852626,5
2194719,9.580363405239146,17
2194728,9.725775761170981,9
2194742,9.712455196998652,14
2194753,9.812299764523361,11
2194759,9.892972667251303,6
2194771,9.736323242937978,12
2194781,9.773935918381795,10
2194795,9.69863246917044,14
2194799,9.939430096737357,4
2194805,9.901327971053657,6
2194833,9.423057273946782,28
2194841,9.843151544470278,8
2194850,9.820467963059095,9
2194869,9.589765960971466,19
2194872,9.950249327855573,3
2194879,9.887334865220899,7
2194890,9.753939649630642,11
2194900,9.794013899911993,10
2194904,9.931252037838652,4
2194908,9.938269534286801,4
2194922,9.672445076692226,14
2194928,9.910109905924795,6
2194933,9.922357109850106,5
2194934,9.992953601538375,1
2194948,9.676856593876574,14
2194949,10.0,1
2194950,10.0,1
2194962,9.749053907519766,12
2194963,10.0,1
2194971,9.86402586001336,8
2194976,9.921950684551446,5
2194985,9.836365051355587,9
2195004,9.614390259523836,19
2195022,9.402217384221668,18
2195035,9.725335543025752,13
2195037,9.968862088360055,2
2195042,9.923991876648675,5
2195049,9.864881798941015,7
2195058,9.837095217733824,9
2195061,9.957702008398485,3
2195068,9.873382276662944,7
2195077,9.811954136999598,9
2195089,9.736417168895374,12
2195097,9.852222115002077,8
2195103,9.89021101767914,6
2195115,9.733498091799175,12
2195124,9.822576417661892,9
2195125,9.992057929967437,1
2195137,9.756428182098084,12
2195144,9.847699614150452,7
2195156,9.710956183081759,12
2195161,9.93691082443811,5
2195162,9.996227453854784,1
2195172,9.80354810955927,10
2195182,9.80177502475387,10
2195183,10.0,1
2195197,9.661730635786732,14
2195207,9.793619277650288,10
2195215,9.849924646899344,8
2195222,9.887104703773929,7
2195241,9.58986232978702,19
2195255,9.673035231071234,14
2195264,9.830470815837543,9
2195276,9.776420888901141,12
2195277,10.0,1
2195292,9.67161167848008,15
2195300,9.857483072948243,8
2195305,9.911923047203569,5
2195316,9.73870610124696,11
2195323,9.874516113940752,7
2195333,9.78102853629539,10
2195340,9.86904624724768,7
2195346,9.900945886585118,6
2195359,9.430292445570387,13
2195808,-176.62489198634492,449
2195820,9.737056774434393,12
2195831,9.782751023134498,11
2195847,9.712823011831473,16
2195861,9.714491385145505,14
2195869,9.830955753389585,8
2195876,9.857781881900841,7
2195885,9.746188538571886,9
2195893,9.837131161369618,8
2195907,9.647069028636679,14
2195911,9.929244002653897,4
2195924,9.633101515011928,13
2195932,9.827100529012052,8
2195938,9.890648284788643,6
2195944,9.915806502489298,6
2195959,9.65454277738635,15
2195969,9.787437049945314,10
2195974,9.933614287295812,5
2195977,9.951387744469804,3
2195991,9.686734832741703,14
2196007,9.664644740351127,16
2196017,9.834360459813595,10
2196027,9.848210989566331,10
2196034,9.881213571158266,7
2196040,9.885617182887756,6
2196049,9.834231593232666,9
2196058,9.836366812075106,9
2196071,9.725163053673331,13
2196085,9.70205651825136,14
2196101,9.707206220068677,16
2196111,9.793438831978854,10
2196122,9.758629430363174,11
2196128,9.912196247078697,6
2196137,9.861962588314688,9
2196144,9.873480977314609,7
2196150,9.89502351110678,6
2196159,9.833834671039979,9
2196171,9.742295315309587,12
2196174,9.965423644444998,3
2196180,9.913011799071434,6
2196185,9.903417673094983,5
2196195,9.773971548767706,10
2196201,9.880429726232698,6
2196206,9.919004291907948,5
2196213,9.889693558552045,7
2196224,9.761031439014987,11
2196238,9.70068813761791,14
2196259,9.569898290809153,21
2196270,9.75274368453175,11
2196276,9.89126122835568,6
2196319,9.172002424035421,43
2196320,10.0,1
2196332,9.758330701609204,12
2196353,9.624525377394715,21
2196362,9.832564171185323,9
2196373,9.794786568398383,11
2196374,10.0,1
2196390,9.414781136738165,16
2196403,9.741421184693522,13
2196421,9.599266411102114,18
2196425,9.94902511087868,4
2196431,9.900906292555916,6
2196442,9.794447311978063,11
2196447,9.926331858669428,5
2196453,9.907045899278202,6
2196476,9.472225259902974,23
2196485,9.818341107095014,9
2196492,9.888258659193449,7
2196493,10.0,1
2196504,9.768759320300273,11
2196508,9.955346805529317,4
2196509,10.0,1
2196519,9.778049088292619,10
2196529,9.80103139700742,10
2196532,9.961085342850138,3
2196537,9.906657564602233,5
2196552,9.661359569053099,15
2196560,9.853580818606098,8
2196568,9.848223355624924,8
2196576,9.84800986172738,8
2196588,9.776038903457142,12
2196594,9.884059113296667,6
2196610,9.628650715669451,16
2196611,9.993069244066811,1
2196616,9.906230572785617,5
2196622,9.910916025807639,6
2196633,9.807648053179346,11
2196638,9.924667869023631,5
2196659,9.475219699347896,21
2196660,9.989306920914657,1
2196661,10.0,1
2196667,9.913413361794797,6
2196672,9.937710617862212,5
2196679,9.8502825887253,7
2196686,9.869317467422281,7
2196687,10.0,1
2196704,9.422303518081351,17
2196716,9.759477339592344,12
2196717,10.0,1
2196718,10.0,1
2196730,9.42779006958416,12
2196738,9.845766936040372,8
2196755,9.488121834504526,17
2196758,9.952523775508268,3
2196765,9.873801524496669,7
2196778,9.724553811656714,13
2196793,9.755109530891218,15
2196801,9.868502165425944,8
2196818,9.64985847093724,17
2196823,9.913204493471852,5
2196827,9.948967474547254,4
2196828,10.0,1
2196829,10.0,1
2196830,10.0,1
2196849,9.084039057519254,19
2196858,9.848742414212293,9
2196871,9.744629579913553,13
2196877,9.88701708170056,6
2196887,9.810823388119548,10
2196902,9.640312380867615,15
2196903,9.987895399484348,1
2196913,9.791227263907542,10
2196923,9.637316504026847,10
2196942,9.557963939416865,19
2196955,9.69716339870375,13
2196966,9.779590240020536,11
2196986,9.65710251335675,20
2196996,9.625746235326295,10
2197004,9.840871256191768,8
2197016,9.766999439094523,12
2197030,9.690181827583348,14
2197036,9.886965213295438,6
2197046,9.803081708333723,10
2197052,9.909317914844179,6
2197064,9.78496307281717,12
2197072,9.844066331914176,8
2197073,10.0,1
2197081,9.854021830819615,8
2197095,9.711733129670353,14
2197105,9.810081323168783,10
2197107,9.974906246154832,2
2197114,9.855246017456292,7
2197130,9.603918223595734,16
2197131,10.0,1
2197147,9.617099137996473,16
2197157,9.810621286618343,10
2197166,9.835059235700093,9
2197177,9.778693522495201,11
2197182,9.915477241684231,5
2197190,9.8671301085164,8
2197197,9.871091156525438,7
2197212,9.668605134041744,15
2197227,9.690641088407636,15
2197229,9.977259808992345,2
2197232,9.952835111417004,3
2197241,9.835732904926571,9
2197252,9.768055711071069,11
2197259,9.882401300077625,7
2197268,9.807537955661633,9
2197278,9.79517396429175,10
2197296,7.345183114847371,18
2197302,9.880284822704962,6
2197312,9.768170812698918,10
2197319,9.873504268072448,7
2197330,9.565486681065682,11
2197342,9.763461335844397,12
2197351,9.850004295762833,9
2197353,9.974976773021705,2
2197362,9.827731498136979,9
2197377,9.653830247667521,15
2197391,9.444312261800603,14
2197399,9.849383989907778,8
2197408,9.832496953355129,9
2197409,10.0,1
2197422,9.715830638676863,13
2197425,9.959829803817502,3
2197439,9.689996230371225,14
2197447,9.865303980223644,8
2197452,9.90199581708294,5
2197460,9.864199045695623,8
2197473,9.726403442461784,13
2197489,9.679422531744724,16
2197490,10.0,1
2197500,9.816894629243343,10
2197503,9.959315269460069,3
2197505,9.97770220548642,2
2197510,9.920651159425981,5
2197511,10.0,1
2197523,9.7516542300313,12
2197537,9.698587675639251,14
2197542,9.923514589088798,5
2197543,10.0,1
2197558,9.72552088543065,15
2197568,9.798784608443087,10
2197572,9.930847954499907,4
2197595,9.297052404442852,23
2197600,9.926960562968473,5
2197615,9.651561533789051,15
2197631,9.26787908624262,16
2197639,9.849816057872028,8
2197643,9.945646965709683,4
2197657,9.692752353021566,14
2197667,9.820227063608106,10
2197682,9.655697336272755,15
2197694,9.780248474435403,12
2197701,9.847339664586373,7
2197709,9.855951574883004,8
2197718,9.81664018045336,9
2197731,9.733880441379966,13
2197754,9.536788499142892,23
2197766,9.727996658124802,12
2197776,9.794013515288915,10
2197787,9.782335293376514,11
2197796,9.815436525634164,9
2197797,10.0,1
2197803,9.915042487696383,6
2197810,9.887120270926506,7
2197827,9.592347977282794,17
2197835,9.846531751138503,8
2197857,9.327750258888091,22
2197861,9.955876718450416,4
2197868,9.855994374079758,7
2197870,9.982688465638017,2
2197876,9.869877875311229,6
2197887,9.758065638029864,11
2197907,9.55707673437113,20
2197918,9.77567669392897,11
2197925,9.873957043670229,7
2197939,9.671515861171086,14
2197954,9.680704947271398,15
2197966,9.762817457339619,12
2197970,9.929495316470334,4
2197988,9.58252704621816,18
2197989,10.0,1
2197999,9.812212134529993,10
2198008,9.830511251142026,9
2198013,9.923677632879686,5
2198029,9.667996802888727,16
2198040,9.811487177803857,11
2198051,9.79569470584541,11
2198052,10.0,1
2198053,9.989554156748671,1
2198067,9.723290388962777,14
2198073,9.905089950475368,6
2198077,9.940509518364443,4
2198094,9.586930774917324,17
2198103,9.756773478827235,9
2198117,9.719564244980738,14
2198127,9.810041038737673,10
2198137,9.79513293169982,10
2198139,9.9859483525185,2
2198140,10.0,1
2198147,9.883404343118135,7
2198156,9.848793092895058,9
2198167,9.800326296006144,11
2198184,9.442206994415917,17
2198193,9.812953548557052,9
2198205,9.766113957115508,12
2198206,10.0,1
2198212,9.907102284512161,6
2198216,9.941950198437105,4
2198225,9.836916983196842,9
2198241,9.643384044084812,16
2198249,9.836982603148343,8
2198254,9.917129778014539,5
2198258,9.952586700666432,4
2198264,9.88556108117092,6
2198271,9.854215811192004,7
2198285,9.680897504579121,14
2198290,9.902295191568788,5
2198302,9.751372378455793,12
2198315,9.720951530005113,13
2198328,9.707564965906805,13
2198339,9.764663124274591,11
2198341,9.980009861972496,2
2198351,9.835650052450104,10
2198353,9.981978447388856,2
2198359,9.8714912019044,6
2198370,9.777849992919357,11
2198386,9.62585292205301,16
2198395,9.799753492194204,9
2198397,9.9690532909719,2
2198404,9.880271701731964,7
2198414,9.77719893905858,10
2198415,10.0,1
2198427,9.755539188612557,12
2198434,9.871409321272694,7
2198446,9.73556713521113,12
2198460,9.681360421996322,14
2198470,9.80176416583081,10
2198477,9.857195843212635,7
2198478,10.0,1
2198483,9.93669495104126,5
2198490,9.895726354384076,7
2198507,9.63313503370687,17
2198516,9.825068278781822,9
2198526,9.80335511849068,10
2198537,9.76009865131258,11
2198538,10.0,1
2198539,9.99680541610243,1
2198550,9.773937403383446,11
2198552,9.983203024445606,2
2198561,9.832466468791331,9
2198562,10.0,1
2198575,9.741819284668342,13
2198589,9.74217543613714,14
2198603,9.729889239225756,14
2198611,9.853675685055507,8
2198622,9.785377449311449,11
2198638,9.64484576497908,16
2198642,9.939758112749445,4
2198668,9.32189444659978,26
2198673,9.917713069912159,5
2198683,9.773458166909755,10
2198689,9.877743163083574,6
2198695,9.89582107691783,6
2198705,9.820085970559823,10
2198716,9.766403791685805,11
2198728,9.712818034451738,12
2198742,9.69773405975806,14
2198752,9.520605786924548,10
2198764,9.738833413569822,12
2198780,9.673794027772221,16
2198787,9.874280647366255,7
2198797,9.823810063783032,10
2198808,9.78064588725405,11
2198810,9.97056130897398,2
2198820,9.79617729964638,10
2198830,9.829861762148841,10
2198831,9.993239943616235,1
2198834,9.95763086934907,3
2198844,9.78262623530611,10
2198862,9.462166550989211,18
2198874,9.707408628156358,12
2198876,9.976908306166719,2
2198880,9.94696971424687,4
2198897,9.66774214456377,17
2198911,9.691873745808026,14
2198929,9.62053672239261,18
2198930,10.0,1
2198936,9.901844046970723,6
2198940,9.940286596632456,4
2198951,9.75910464329831,11
2198961,9.799468703031419,10
2198967,9.913047504903075,6
2198983,9.600626151101721,16
2198991,9.845100131679127,8
2198992,10.0,1
2199004,9.761011014314922,12
2199020,9.572163477353516,16
2199028,9.840414284945707,8
2199029,10.0,1
2199035,9.891397264530529,6
2199054,9.60571266841038,19
2199061,9.883060373088497,7
2199065,9.936194708170614,4
2199075,9.794539238430604,10
2199076,10.0,1
2199081,9.90955133088929,5
2199086,9.896667224269656,5
2199097,9.801462683016233,11
2199104,9.869023926531934,7
2199113,9.812567830692032,9
2199120,9.871003442693082,7
2199137,8.782382362766107,17
2199145,9.817191005357218,8
2199156,9.761711745887611,11
2199169,9.723223953976023,13
2199177,9.854391728907231,8
2199188,9.384436858851918,11
2199191,9.961091125188352,3
2199208,9.657085177984106,17
2199215,9.882424700361957,7
2199216,9.996290425692566,1
2199224,9.860187492687862,8
2199225,9.987700394513816,1
2199240,9.641072494076752,15
2199241,10.0,1
2199242,10.0,1
2199253,9.771062995332176,11
2199259,9.877735906520652,6
2199272,9.721639460167186,13
2199278,9.891775879007618,6
2199287,9.836249148508577,9
2199296,9.871424684324758,9
2199297,9.992669718409209,1
2199304,9.886289371475439,7
2199318,9.698515896956252,14
2199332,9.567428691261345,14
2199339,9.872772657667317,7
2199359,9.610108268847686,20
2199367,9.828449748940185,8
2199368,9.996925158631987,1
2199378,9.816296086156285,10
2199394,9.679525773266894,16
2199422,9.527406490669765,28
2199429,9.890922446562705,7
2199442,9.7389799348464,13
2199459,9.278449866798544,17
2199468,9.822926136830509,9
2199469,9.989467142442832,1
2199471,9.97349880768028,2
2199485,9.727627549769114,14
2199488,9.954363717674967,3
2199509,9.520971620610924,21
2199516,9.876712799514877,7
2199517,10.0,1
2199526,9.811224897077404,9
2199532,9.909024546460747,6
2199544,9.734104054542655,12
2199551,9.889210749798604,7
2199556,9.92299508142586,5
2199563,9.862741144852844,7
2199570,9.87378095237953,7
2199577,9.859440581171933,7
2199590,9.67611577302892,13
2199596,9.894653104408636,6
2199607,9.736598438204428,11
2199616,9.834373697852902,9
2199624,9.829950389026681,8
2199629,9.930257404702855,5
2199646,9.632937055113798,17
2199655,9.80286368502717,9
2199659,9.935306852633031,4
2199666,9.870239998616304,7
2199672,9.911540140384272,6
2199678,9.903494635094582,6
2199679,9.99603602196523,1
2199684,9.914690002247927,5
2199701,9.5937799658534,17
2199706,9.924779654634472,5
2199708,9.9790119787855,2
2199723,9.67127173559511,15
2199730,9.87064492566603,7
2199746,9.302886473661363,16
2199759,9.697048949615168,13
2199764,9.91668441931683,5
2199776,9.76550466377113,12
2199787,9.74576217965419,11
2199802,9.67657470672454,15
2199816,9.682616916227222,14
2199827,9.774907095547983,11
2199828,10.0,1
2199833,9.927650353216347,5
2199851,9.547938107020656,18
2199869,9.562562030119441,18
2199874,9.926624670758315,5
2199886,9.747103599449234,12
2199904,9.612174662762682,18
2199923,9.569175060829366,19
2199933,9.672491710292181,10
2199954,9.503824048675009,21
2199958,9.92779120404063,4
2199966,9.829272335638883,8
2199982,9.630077177253023,16
2199992,9.790820182117582,10
2200000,9.846291515872187,8
2200005,9.929131101782335,5
2200024,9.548907824803457,19
2200035,9.75866628694122,11
2200041,9.880328212163876,6
2200051,9.7956190872411,10
2200067,9.541233715813334,16
2200073,9.888365483659008,6
2200086,9.726311298108557,13
2200094,9.847020433243364,8
2200108,9.710219366961566,14
2200118,9.788845146144126,10
2200126,9.855527112643731,8
2200136,9.788648115282848,10
2200144,9.878507126032098,8
2200149,9.920080262039876,5
2200161,9.76754645808383,12
2200175,9.682235440291327,14
2200189,9.59573104138313,14
2200195,9.895300408338063,6
2200209,9.571723526919067,14
2200214,9.920725062207769,5
2200219,9.93534597650717,5
2200220,9.992984479901262,1
2200226,9.8828097201475,6
2200241,9.669488983827582,15
2200250,9.81958404810394,9
2200253,9.953418278030474,3
2200254,10.0,1
2200265,9.742018962835623,11
2200269,9.943903991892203,4
2200285,9.553024564850656,16
2200298,9.714215185719645,13
2200308,9.795859320020824,10
2200331,9.39886086721442,23
2200360,9.099667841121772,29
2200370,9.709960614475099,10
2200379,9.806464472573836,9
2200400,9.555095139508472,21
2200407,9.868002772962736,7
2200420,9.727863981198114,13
2200436,9.61763363490687,16
2200443,9.887338539019105,7
2200458,9.663995381278802,15
2200471,9.7207055014627,13
2200484,9.725848005321993,13
2200499,9.353693937976747,15
2200528,9.43326916305176,29
2200531,9.961907652724783,3
2200533,9.975545335857523,2
2200546,9.704341118589307,13
2200560,9.733440043867057,14
2200569,9.811776460734011,9
2200574,9.928189763189325,5
2200590,9.628377117597424,16
2200598,9.856195131822428,8
2200600,9.978186265111065,2
2200610,9.769480538613758,10
2200629,9.600023939265098,19
2200637,9.734490649713512,8
2200638,10.0,1
2200651,9.759768801019565,13
2200664,9.71451025748897,13
2200667,9.956419930487177,3
2200671,9.932404604535062,4
2200679,9.843991808356604,8
2200696,9.505786045351904,17
2200700,9.9418701155141,4
2200706,9.915760940715732,6
2200727,9.501134147397638,21
2200728,10.0,1
2200737,9.87430424722589,9
2200744,9.86595138349849,7
2200750,9.910320730221805,6
2200761,9.81285086583986,11
2200769,9.852721160090208,8
2200782,9.741806096562653,13
2200800,9.582275663890567,18
2200822,9.5147173923072,22
2200824,9.982067915222792,2
2200845,9.48551215822989,21
2200852,9.854642633239235,7
2200869,9.599225436966547,17
2200881,9.543501801948706,12
2200890,9.813609143663323,9
2200905,9.658522366820515,15
2200912,9.881572591545527,7
2200920,9.852984160745322,8
2200925,9.920967949023769,5
2200932,9.869924712111999,7
2200944,9.800157095593637,12
2200959,9.66547624155407,15
2200967,9.860616407420343,8
2200981,9.673085815500409,14
2200992,9.78157524539239,11
2200997,9.90683790361204,5
2201016,7.516616020008469,19
2201032,9.602965961310513,16
2201039,9.860301164500504,7
2201051,9.717139291593941,12
2201055,9.947978125650843,4
2201072,9.685099659043402,17
2201091,9.568177000528845,19
2201100,9.830180238670016,9
2201109,9.82309188998876,9
2201120,9.782087287527562,11
2201126,9.889859728711249,6
2201135,9.787276081943347,9
2201148,9.708444281701876,13
2201149,10.0,1
2201162,9.765093966609133,13
2201167,9.917298350372938,5
2201180,9.612495377292056,13
2201193,9.70859583475035,13
2201201,9.836458486698705,8
2201208,9.867031148055641,7
2201217,9.805057849305445,9
2201229,9.73682556445641,12
2201233,9.955401201749392,4
2201243,9.798395973040758,10
2201244,10.0,1
2201253,9.826696827422369,9
2201260,9.868508835542226,7
2201273,9.715950255898115,13
2201279,9.9032040118859,6
2201297,9.55662013238684,18
2201302,9.927037842509812,5
2201310,9.845759092289162,8
2201320,9.783749288334402,10
2201325,9.903512920077745,5
2201329,9.931607038166673,4
2201332,9.959328700299018,3
2201340,9.83645260689267,8
2201344,9.939474780066412,4
2201354,9.793256616924447,10
2201357,9.964623635954071,3
2201385,9.273466789707935,28
2201394,9.839508412552897,9
2201401,9.865051002253821,7
2201412,9.77552975041719,11
2201413,10.0,1
2201425,9.711451135814738,12
2201449,9.532939575637208,24
2201466,9.647715865868921,17
2201477,9.747231601166703,11
2201492,9.703808382205953,15
2201494,9.97602898489605,2
2201505,9.800562714917596,11
2201515,9.760158268009498,10
2201529,9.720288472760735,14
2201530,10.0,1
2201543,9.729992850560182,13
2201555,9.72157921829391,12
2201570,9.64361588593557,15
2201582,9.76029995421281,12
2201588,9.879870263927689,6
2201599,9.772051092195673,11
2201610,9.75112534087611,11
2201625,9.638383440947337,15
2201635,9.820926194636257,10
2201642,9.855565460356729,7
2201655,9.721790637582684,13
2201667,9.750306415279503,12
2201670,9.960653103933495,3
2201681,9.749466603924851,11
2201691,9.450963568316554,10
2201696,9.930761618557558,5
2201708,9.713446280814122,12
2201724,9.623871418936906,16
2201729,9.918667935812127,5
2201747,9.588224059007258,18
2201763,9.673713317019988,16
2201774,9.760164268173035,11
2201775,10.0,1
2201782,9.87681104720354,7
2201790,9.82338311165684,8
2201802,9.759149440782828,12
2201812,9.796323867029239,10
2201823,9.774107843031818,11
2201829,9.903026681610605,6
2201835,9.90453291186156,6
2201849,9.702361930889243,14
2201850,10.0,1
2201857,9.858487945134204,7
2201858,10.0,1
2201868,9.78772757558524,10
2201876,9.855932937699558,8
2201885,9.835720978635022,9
2201886,10.0,1
2201890,9.920798612694384,4
2201905,9.656834110501569,15
2201909,9.939684111726958,4
2201931,9.428634129549085,22
2201944,9.716460566190257,13
2201957,9.727858874594734,13
2201966,9.807493352768311,9
2201975,9.836966443758117,9
2201992,9.609264346719696,17
2202000,9.832527143198902,8
2202013,9.74560047983412,13
2202017,9.948602857231997,4
2202026,9.839793080205885,9
2202044,9.632903000471202,18
2202047,9.963024782940872,3
2202053,9.909786494241807,6
2202065,9.754231188277013,12
2202072,9.883687019394243,7
2202084,9.774523179846094,12
2202089,9.925012142364626,5
2202102,9.720854183111935,13
2202137,9.37660918569986,35
2202145,9.834180656956686,8
2202146,10.0,1
2202156,9.796984875125576,10
2202168,9.747838643975106,12
2202177,9.811637060576752,9
2202190,9.706326817846415,13
2202195,9.908975868966147,5
2202199,9.934998235197417,4
2202219,9.514210312469448,20
2202226,9.866476136270263,7
2202234,9.835896529364875,8
2202235,10.0,1
2202240,9.919482880863544,5
2202250,9.789980561965464,10
2202263,9.707345034058163,13
2202264,9.98854714192959,1
2202267,9.95212823450763,3
2202274,9.885024388929109,7
2202284,9.786771456412536,10
2202301,9.6139144811717,17
2202315,9.725960312356209,14
2202319,9.935403692635747,4
2202330,9.768372746516683,11
2202331,10.0,1
2202332,9.99163850919327,1
2202342,9.75988347819065,10
2202351,9.811756049579902,9
2202359,9.870421014144819,8
2202367,9.839657249790593,8
2202379,9.741137791260568,12
2202389,9.776679298051338,10
2202406,9.598651806741778,17
2202414,9.848203747984854,8
2202427,9.701438295927975,13
2202441,9.695330936855097,14
2202442,9.996492609168994,1
2202452,9.807172847257366,10
2202467,9.697086353008862,15
2202476,9.832067794269305,9
2202485,9.85278866499837,9
2202500,9.65416444986634,15
2202507,9.86155481384234,7
2202517,9.786175669886878,10
2202525,9.878410096547547,8
2202526,10.0,1
2202543,9.657437529323877,17
2202552,9.803966058180674,9
2202564,9.736528124432226,12
2202569,9.916742823852955,5
2202578,9.809551044585099,9
2202579,10.0,1
2202590,9.76961029698799,11
2202599,9.79750207749168,9
2202615,9.648172393687483,16
2202622,9.842393636612208,7
2202631,9.792310141088702,9
2202632,10.0,1
2202647,9.648961162208808,15
2202662,9.649627040650035,15
2202669,9.873061223660393,7
2202678,9.82838419079853,9
2202707,9.11875675547525,29
2202708,9.993104150628465,1
2202713,9.915249325384135,5
2202727,9.679001280954825,14
2202740,9.728095386868455,13
2202751,9.764044281866981,11
2202761,9.813197698866226,10
2202768,9.864287183672324,7
2202777,9.824905316199303,9
2202778,10.0,1
2202792,9.656043798765621,14
2202794,9.97817778988133,2
2202802,9.878244444651434,8
2202804,9.97792675671718,2
2202805,10.0,1
2202809,9.930999994706818,4
2202818,9.810373673126744,9
2202823,9.90650476365834,5
2202829,9.884710118083188,6
2202834,9.90769972033265,5
2202846,9.743248986735166,12
2202859,9.695016706970987,13
2202860,9.99579111894829,1
2202869,9.790353087289953,9
2202883,9.67485064504397,14
2202893,9.788823316004835,10
2202899,9.879454275864077,6
2202908,9.832313120384114,9
2202913,9.90722157225635,5
2202918,9.904870191837661,5
2202929,9.767378187065058,11
2202934,9.90634134173121,5
2202940,9.870941734026019,6
2202955,9.635454424023356,15
2202964,9.809792882719742,9
2202983,9.664526031938372,19
2202990,9.857758836489086,7
2202994,9.926615993035243,4
2203007,9.762534640727035,13
2203025,9.524033481005377,18
2203037,9.751848265030112,12
2203042,9.911914930849617,5
2203053,9.785895322881744,11
2203057,9.9384973664484,4
2203079,9.358426216431491,22
2203085,9.914635039713604,6
2203102,9.585093074550727,17
2203117,9.679322131670139,15
2203122,9.909225398031925,5
2203131,9.800777901962123,9
2203138,9.748813338872823,7
2203153,9.621422424031943,15
2203161,9.810437104423551,8
2203176,9.682268148088282,15
2203183,9.874060293072251,7
2203187,9.934953961619966,4
2203202,9.664586620935491,15
2203210,9.85607618079607,8
2203218,9.841454490428921,8
2203229,9.751906202532355,11
2203237,9.850961240818036,8
2203248,9.36921245891729,11
2203261,9.715896203185249,13
2203274,9.695676058862514,13
2203276,9.983666017135736,2
2203280,9.94555497019991,4
2203285,9.911653936500949,5
2203292,9.865050996443742,7
2203293,10.0,1
2203308,9.731941462441547,15
2203317,9.849506810480877,9
2203322,9.910417070095034,5
2203330,9.839367017093709,8
2203338,9.848916362656125,8
2203343,9.924443360781227,5
2203351,9.842890658967608,8
2203358,9.873145231172918,7
2203364,9.883780720932108,6
2203373,9.820297297272294,9
2203383,9.812641564626178,10
2203397,9.682907234930795,14
2203401,9.942721341415407,4
2203407,9.883932214856685,6
2203408,10.0,1
2203409,10.0,1
2203410,10.0,1
2203421,9.747654859467422,11
2203435,9.698634862052314,14
2203446,9.779470804441145,11
2203462,9.628677418552718,16
2203466,9.948115022471065,4
2203474,9.840869961668941,8
2203494,9.520672274972135,20
2203498,9.952220965864598,4
2203501,9.95552753515111,3
2203509,9.83875949875039,8
2203517,9.851387883525803,8
2203530,9.645549288618279,13
2203531,10.0,1
2203547,9.44341397931827,16
2203557,9.798338978248736,10
2203565,9.858279468168812,8
2203578,9.705702965787907,13
2203589,9.779126566426891,11
2203603,9.7624905686462,14
2203624,8.977882071384775,21
2203636,9.743197740077258,12
2203646,9.782076253782067,10
2203656,9.690513274448122,10
2203684,9.288788980755408,28
2203688,9.948142813311494,4
2203699,9.77362652312291,11
2203713,9.690235803262846,14
2203725,9.77055307579734,12
2203730,9.898503774179186,5
2203744,9.715272390995228,14
2203756,9.775807219005753,12
2203760,9.942675770402715,4
2203761,10.0,1
2203766,9.917027639444829,5
2203775,9.834820021794691,9
2203776,10.0,1
2203797,9.519089169508936,21
2203804,9.872209367705151,7
2203814,9.809131196919802,10
2203819,9.924950534394286,5
2203834,9.65623429108204,15
2203838,9.947992093891932,4
2203839,10.0,1
2203844,9.93171553473528,5
2203850,9.891904677526332,6
2203861,9.774739356904481,11
2203862,10.0,1
2203864,9.982624397613817,2
2203873,9.825255856179313,9
2203882,9.817699182188973,9
2203893,9.751309382846483,11
2203919,6.143399858883173,26
2203923,9.922628448362353,4
2203934,9.762111066941353,11
2203936,9.977981893461164,2
2203946,9.825347040286289,10
2203947,10.0,1
2203948,10.0,1
2203956,9.860648132917552,8
2203958,9.981960928721712,2
2203962,9.944625735270442,4
2203966,9.947818798922638,4
2203974,9.836847872820734,8
2203975,10.0,1
2203985,9.783867102408793,10
2203996,9.775685835782422,11
2204002,9.888441460583131,6
2204018,9.616030887683099,16
2204026,9.86754648738412,8
2204033,9.892054897906752,7
2204041,9.881198994589438,8
2204042,10.0,1
2204048,9.892326908154013,6
2204059,9.796675790405518,11
2204060,10.0,1
2204066,9.898457471400102,6
2204084,9.633213801069918,18
2204088,9.941360100841372,4
2204102,9.593710547556363,14
2204114,9.756110275091745,12
2204122,9.835421862417377,8
2204128,9.886533154442164,6
2204129,10.0,1
2204138,9.830389912461266,9
2204157,9.503524232869887,19
2204163,9.908206969465462,6
2204178,9.440394858273793,15
2204192,9.691847123014373,14
2204198,9.882933248693243,6
2204199,9.988436726627224,1
2204200,10.0,1
2204207,9.877259528951006,7
2204221,9.600600742867222,14
2204224,9.963718248309613,3
2204225,10.0,1
2204233,9.845774822563673,8
2204253,9.352684616723279,20
2204262,9.798707788493749,9
2204271,9.827266541034266,9
2204289,9.470317752924231,18
2204296,9.693159969981563,7
2204297,10.0,1
2204310,9.730376960741943,13
2204320,9.790706751324354,10
2204327,9.876064598711736,7
2204338,9.777122251453813,11
2204354,9.660373769655756,16
2204372,9.585150662094065,18
2204381,9.822760401880641,9
2204382,10.0,1
2204388,9.907092918415126,6
2204409,9.501504171772549,21
2204420,9.77717666306371,11
2204427,9.860051831939963,7
2204431,9.930091872486187,4
2204440,9.84044073179978,9
2204449,9.803384585669203,9
2204450,10.0,1
2204454,9.93302699137614,4
2204465,9.801181050999151,11
2204478,9.73439978922374,13
2204485,9.890303507559183,7
2204492,9.849659158074033,7
2204508,9.655998269722547,16
2204522,9.635631424836644,14
2204527,9.907517666104935,5
2204541,9.67085469811699,14
2204549,9.864423788732433,8
2204554,9.910147171595359,5
2204567,9.685697395346075,13
2204574,9.904495276230197,7
2204575,10.0,1
2204582,9.864480678733875,7
2204596,9.687429541036302,14
2204605,9.84887704347718,9
2204615,9.780317487776498,10
2204628,9.717634028718098,13
2204638,9.767978579869244,10
2204646,9.872633197235736,8
2204663,9.690920427778934,17
2204670,9.886420443105035,7
2204680,9.788876716231673,10
2204681,10.0,1
2204691,9.839504447179902,10
2204692,10.0,1
2204703,9.585729034300591,11
2204709,9.897554587431454,6
2204720,9.74285002548149,11
2204737,9.643056408395799,17
2204740,9.959661014339341,3
2204746,9.885533844643563,6
2204756,9.78415368117239,10
2204763,9.871225078573056,7
2204766,9.947698136666972,3
2204777,9.776482050701073,11
2204797,9.627068812345417,20
2204808,9.637957868587613,11
2204817,9.869185316850663,9
2204821,9.947744982910624,4
2204837,9.6443169012628,16
2204843,9.901683364103818,6
2204856,9.671510192765584,13
2204861,9.916200877757273,5
2204864,9.965645312570233,3
2204872,9.835483867778589,8
2204877,9.923812166955237,5
2204888,9.775737380373252,11
2204898,9.785528944580156,10
2204905,9.889128340253686,7
2204912,9.851925686689569,7
2204915,9.95791559219054,3
2204923,9.803263441852195,8
2204931,9.752777360701348,8
2204933,9.970570516669174,2
2204947,9.74303962100924,14
2204960,9.705262911337716,13
2204963,9.964308053382286,3
2204971,9.853333201256863,8
2204978,9.761400014401794,7
2204992,9.698428450458321,14
2204997,9.909559828564728,5
2205003,9.893626672885633,6
2205009,9.889943901630035,6
2205019,9.802258115104593,10
2205041,9.520189068139135,22
2205048,9.881317129452512,7
2205062,9.697489225891381,14
2205072,9.771112600477124,10
2205084,9.740575659311498,12
2205093,9.828855790155298,9
2205101,9.849321956488701,8
2205108,9.868293936142218,7
2205120,9.787181259277462,12
2205135,9.672121640686386,15
2205145,9.82056651741444,10
2205150,9.924797557937074,5
2205154,9.939625960648232,4
2205164,9.805060666401435,10
2205240,8.330658416862875,76
2205241,10.0,1
2205254,9.708767897926966,13
2205261,9.863193301520653,7
2205318,9.072192565503999,57
2205331,9.74073900254228,13
2205341,9.856854861928106,10
2205365,9.533937173859767,24
2205370,9.938773647959684,5
2205379,9.84109204043461,9
2205879,-28.075150737008777,500
2205896,9.64063059981955,17
2206396,-75.28336012473396,500
2206896,-63.509118148693744,500
2206906,9.807735896183189,10
2207406,-71.8509769239287,500
2207412,9.888498286200393,6
2207424,9.773968124614347,12
2207434,9.836743345396412,10
2207443,9.814112182039196,9
2207454,9.562299087763266,11
2207456,9.969079196510721,2
2207457,10.0,1
2207468,9.789472927409468,11
2207483,9.721987979747913,15
2207495,9.759333825554892,12
2207517,9.471367757622202,22
2207530,9.762209957989349,13
2207535,9.920008014600947,5
2207537,9.976638386976784,2
2207543,9.908271046775548,6
2207555,9.77420069031578,12
2207569,9.701230134054926,14
2207577,9.871595310820545,8
2207595,9.578816447505313,18
2207607,9.738292313155723,12
2207622,9.492958220683215,15
2207629,9.862460608354446,7
2207634,9.910473954764736,5
2207635,10.0,1
2207638,9.972537271083308,3
2207647,9.801450396702075,9
2207658,9.796622096590415,11
2207662,9.931054419293142,4
2207672,9.795926872236278,10
2207678,9.901932511658682,6
2207687,9.81149043648408,9
2207695,9.89092240240194,8
2207700,9.918623183580573,5
2207701,10.0,1
2207725,9.593193438012346,24
2207727,9.98160146737593,2
2207740,9.726666864737048,13
2207743,9.96771862747845,3
2207750,9.85317303577678,7
2207763,9.706471635266949,13
2207768,9.930931578181557,5
2207775,9.861515283844394,7
2207784,9.821782551269814,9
2207786,9.976418408287655,2
2207787,10.0,1
2207797,9.79032475921994,10
2207808,9.759115086646029,11
2207822,9.702044473576663,14
2207834,9.767297671152729,12
2207835,10.0,1
2207847,9.791064657334555,12
2207862,9.71174128484466,15
2207871,9.823853828861434,9
2207890,9.553549621972463,19
2207899,9.803605916114126,9
2207910,9.788296595100856,11
2207920,9.825488497195495,10
2207922,9.98449652648489,2
2207926,9.938701200127463,4
2207934,9.867287787817641,8
2207941,9.87757802026474,7
2207942,10.0,1
2207954,9.73701608246543,12
2207958,9.948963981253243,4
2207959,10.0,1
2207979,9.56480003831341,20
2207985,9.90141854774095,6
2208000,8.24060980859309,15
2208009,9.83343079113059,9
2208010,9.989557287886395,1
2208027,9.566633628979575,17
2208042,9.659282039789542,15
2208051,9.820913078297574,9
2208061,9.82463810335282,10
2208071,9.797557435493022,10
2208083,9.737793589847582,12
2208085,9.976937019444685,2
2208088,9.95205974945058,3
2208093,9.898314557865517,5
2208105,9.760717149185432,12
2208115,9.79665137253879,10
2208124,9.808703949658042,9
2208143,9.63317540866128,19
2208144,9.992115299765747,1
2208149,9.910850532560453,5
2208168,9.583988130991806,19
2208169,10.0,1
2208182,9.7206591281516,13
2208185,9.964694241138927,3
2208190,9.91214676247449,5
2208191,10.0,1
2208199,9.839232757246053,8
2208214,9.679663304270962,15
2208215,10.0,1
2208230,9.667229779375837,15
2208240,9.771454815661587,10
2208249,9.814582047170674,9
2208267,9.594408170759499,18
2208276,9.833332925272305,9
2208288,9.743782022334967,12
2208300,9.720879641812727,12
2208307,9.896960441927552,7
2208316,9.849985231279572,9
2208324,9.830823150887868,8
2208341,9.665074016771664,17
2208351,9.804228352972167,10
2208357,9.887904149984147,6
2208363,9.89563231394025,6
2208375,9.725595439329751,12
2208378,9.956975824564934,3
2208390,9.741897256692491,12
2208398,9.843663918720653,8
2208423,9.079719625624893,25
2208435,9.761643933167267,12
2208444,9.82591094109634,9
2208449,9.922819980333625,5
2208461,9.781507342996283,12
2208462,9.988371528781856,1
2208475,9.711743007478029,13
2208483,9.854319422460716,8
2208520,9.240413247003183,37
2208526,9.883468436924133,6
2208528,9.968622794807521,2
2208529,10.0,1
2208538,9.834495804203536,9
2208539,10.0,1
2208549,9.81900636735471,10
2208578,9.51188755115066,29
2208582,9.938133056353648,4
2208600,9.580525264569081,18
2208607,9.847996372189403,7
2208619,9.737685990559434,12
2208627,9.852552168620367,8
2208642,9.657142501167556,15
2208643,10.0,1
2208655,9.759204902622184,12
2208672,9.589340140559763,17
2208673,10.0,1
2208726,8.636493184775034,53
2208735,9.808841381346435,9
2208748,9.748750107425522,13
2208750,9.983048512549543,2
2208755,9.906730680016537,5
2208757,9.977975065060217,2
2208758,10.0,1
2208765,9.896261735555496,7
2208775,9.791682456511044,10
2208776,10.0,1
2208788,9.778021187012888,12
2208802,9.707497600914385,14
2208811,9.819682447477579,9
2208818,9.849380460737482,7
2208827,9.824808834814037,9
2208828,10.0,1
2208835,9.89448841909446,7
2208843,9.850988802836714,8
2208852,9.8484704764682,9
2208858,9.912587066681636,6
2208862,9.949778749585008,4
2208883,9.628261517851978,21
2208902,9.615740379260913,19
2208904,9.967610192865685,2
2208912,9.856061629492025,8
2208929,9.593393394554983,17
2208931,9.98031611647421,2
2208938,9.882740648871799,7
2208946,9.84453810939087,8
2208960,9.582726131471619,14
2208975,9.655595626113955,15
2208984,9.824129969916184,9
2208992,9.838559897149034,8
2209002,9.797792933342382,10
2209003,9.992238996804577,1
2209011,9.836647662492414,8
2209021,9.797238513338547,10
2209025,9.9379868487722,4
2209045,9.1889725782134,20
2209050,9.727144430248895,5
2209066,9.636629274474988,16
2209077,9.783280903255333,11
2209083,9.890029196981713,6
2209084,10.0,1
2209097,9.714165156592637,13
2209106,9.841924786645759,9
2209110,9.935306579256192,4
2209122,9.72830959234083,12
2209137,9.688613426085752,15
2209148,9.776948225164892,11
2209161,9.757910624805596,13
2209168,9.87973663164402,7
2209179,9.778788608062646,11
2209193,9.687485699690917,14
2209200,9.89650420392655,7
2209204,9.941187798987228,4
2209205,10.0,1
2209215,9.778517116595388,10
2209219,9.944297336060622,4
2209222,9.957486969989276,3
2209228,9.913401232752067,6
2209235,9.870597443107751,7
2209238,9.952377641798515,3
2209251,9.68529999163523,13
2209256,9.91651306345423,5
2209267,9.769247417549522,11
2209274,9.863227228488505,7
2209281,9.883664456286066,7
2209299,9.601124548991033,18
2209309,9.786851173651204,10
2209333,9.48912349111448,24
2209337,9.942517542240711,4
2209350,9.723309332591189,13
2209351,9.992080440589111,1
2209359,9.851847985113189,8
2209371,9.724068523375074,12
2209382,9.740868864088142,11
2209390,9.859553637568894,8
2209396,9.874210028419425,6
2209405,9.852712205176138,9
2209424,9.454296698068083,19
2209427,9.960704199007488,3
2209436,9.828659577444649,9
2209446,9.774582882545536,10
2209452,9.903554329142906,6
2209461,9.807704866141144,9
2209467,9.888383007160712,6
2209468,10.0,1
2209473,9.925909366726806,5
2209485,9.759324307537836,12
2209503,9.592987201325153,18
2209512,9.863050585603412,9
2209525,9.705662779671366,13
2209560,9.362447439534508,35
2209595,9.374359067543898,35
2209607,9.749057749467273,12
2209617,9.778275066013498,10
2209627,9.799555483773576,10
2209637,9.787774430311309,10
2209644,9.912112235538384,7
2209651,9.867980670700318,7
2209664,9.700754331867262,13
2209679,9.686096890278947,15
2209688,9.84328364386378,9
2209697,9.822056770811118,9
2209712,9.643797539747684,15
2209718,9.912816059398434,6
2209725,9.878958115706892,7
2209733,9.837092292378388,8
2209742,9.819698201762664,9
2209758,9.416175985882305,16
2209763,9.914152481290799,5
2209775,9.731296786512594,12
2209786,9.73874144067042,11
2209799,9.725429010348217,13
2209800,10.0,1
2209811,9.778931646608884,11
2209817,9.87625512201699,6
2209823,9.893745805835236,6
2209833,9.787447019017371,10
2209842,9.82499143061929,9
2209847,9.918448687180456,5
2209855,9.86680288917617,8
2209866,9.809374868439747,11
2209876,9.788368459936654,10
2209879,9.954657832109744,3
2209891,9.758975181983603,12
2209897,9.913160866648438,6
2209906,9.835567468591142,9
2209913,9.8675577074506,7
2209928,9.707020166895294,15
2209937,9.829040335695979,9
2209938,10.0,1
2209957,9.582477527782416,19
2209967,9.795595589947473,10
2209981,9.724713660941681,14
2209987,9.791725111621725,6
2210003,9.639558504220402,16
2210008,9.903330427311287,5
2210025,9.672894519397204,17
2210039,9.676916850193763,14
2210044,9.912227885347408,5
2210053,9.805054819930172,9
2210070,9.675231416533022,17
2210078,9.75179423684664,8
2210079,9.996800151945644,1
2210084,9.930575810487722,5
2210088,9.952366504590126,4
2210101,9.742994123123008,13
2210108,9.876921019267531,7
2210115,9.877913995319377,7
2210129,9.690962755257315,14
2210138,9.845518589177804,9
2210152,9.703159985919648,14
2210164,9.72804597725852,12
2210180,9.635961419035283,16
2210187,9.880354449504848,7
2210188,9.988582838270684,1
2210189,10.0,1
2210200,9.759645166217423,11
2210209,9.838227609529111,9
2210217,9.843953084835187,8
2210219,9.985751062687337,2
2210221,9.971178301171973,2
2210232,9.667018896093314,11
2210243,9.766605938008219,11
2210251,9.872329927859143,8
2210265,9.73221188531926,14
2210266,10.0,1
2210282,9.65998825818209,16
2210296,9.663258618860734,14
2210301,9.929788893876063,5
2210313,9.734003615953958,12
2210320,9.85943496800776,7
2210325,9.916311383096645,5
2210330,9.917166620625805,5
2210340,9.82711059146199,10
2210341,10.0,1
2210351,9.793318320505113,10
2210362,9.750456522918862,11
2210363,9.991092486361635,1
2210375,9.76921198634221,12
2210382,9.86537662624961,7
2210396,9.696852937737312,14
2210404,9.831047698525117,8
2210409,9.926897122223465,5
2210423,9.696934993192048,14
2210432,9.833729914441648,9
2210433,10.0,1
2210437,9.945655835110532,4
2210441,9.92929259927977,4
2210448,9.852411181611785,7
2210464,9.341210172186132,16
2210480,9.646487942479823,16
2210483,9.964303180813848,3
2210493,9.785795921999691,10
2210494,10.0,1
2210498,9.947952900322779,4
2210513,9.543367773919288,15
2210520,9.887353612603475,7
2210521,10.0,1
2210533,9.738609812905281,12
2210546,9.737858486749303,13
2210599,8.801435797010937,53
2210614,9.657124885857172,15
2210618,9.94072347050215,4
2210622,9.946609307982397,4
2210631,9.821184771343836,9
2210643,9.725063109861592,12
2210657,9.698719471709179,14
2210666,9.824380677692082,9
2210675,9.823832819355221,9
2210677,9.978472169927846,2
2210678,10.0,1
2210691,9.709363624515614,13
2210703,9.739007737155323,12
2210712,9.836031374050002,9
2210724,9.799974811246312,12
2210729,9.9098753803798,5
2210737,9.850150570360132,8
2210743,9.880546414355692,6
2210757,9.730474480168757,14
2210760,9.952588523113112,3
2210762,9.98445963912473,2
2210770,9.875563939462273,8
2210778,9.874846024681796,8
2210793,9.675002428634263,15
2210797,9.946017964472423,4
2210809,9.744238558813153,12
2210824,9.73384959977031,15
2210840,9.660025554554073,16
2210841,9.988566634088805,1
2210851,9.758869034267184,10
2210864,9.694919852977213,13
2210868,9.931331260029447,4
2210869,9.996678662262095,1
2210879,9.852357650316232,10
2210891,9.748793590994408,12
2210893,9.977502408486504,2
2210900,9.874340117784273,7
2210911,9.734161962518584,11
2210919,9.845521697266898,8
2210934,9.652680866219116,15
2210944,9.759658742217002,10
2210956,9.741860372905393,12
2210968,9.75224338288335,12
2210969,10.0,1
2210982,9.763154391754671,13
2210984,9.970773576510549,2
2210999,9.67379080133204,15
2211012,9.77447838950582,13
2211025,9.730763679738686,13
2211035,9.819106385346773,10
2211049,9.740710930312199,14
2211059,9.798470457798933,10
2211071,9.728943638435286,12
2211075,9.9415407160069,4
2211085,9.770216677172014,10
2211096,9.807339466913374,11
2211113,9.554865716802574,17
2211123,9.776185863279569,10
2211141,9.570735836593649,18
2211146,9.931721041591935,5
2211157,9.790438853786505,11
2211163,9.8729919861871,6
2211164,9.99170172706134,1
2211176,9.742290707819077,12
2211184,9.84099547433517,8
2211185,10.0,1
2211196,9.767111685394436,11
2211204,9.85821667105175,8
2211220,9.655072640846235,16
2211232,9.743027413698528,12
2211242,9.783368207397439,10
2211245,9.959312847733194,3
2211248,9.971685268103041,3
2211253,9.908039215755968,5
2211261,9.847966115090985,8
2211273,9.791073495431837,12
2211285,9.761460234428766,12
2211292,9.880792601354791,7
2211299,9.865359588425981,7
2211307,9.86010809510913,8
2211320,9.733365215711329,13
2211333,9.707821862110864,13
2211338,9.934573940867951,5
2211348,9.815316529275723,10
2211361,9.738899372108255,13
2211367,9.892761842562043,6
2211377,9.407486097447457,10
2211379,9.978320792306167,2
2211392,9.69999769033307,13
2211398,9.798109373132753,6
2211404,9.915928536257805,6
2211429,9.353832412667778,25
2211435,9.894328281784942,6
2211438,9.958733135611405,3
2211451,9.704778254489918,13
2211461,9.79164629637136,10
2211467,9.896881842349812,6
2211468,10.0,1
2211475,9.853602284128806,7
2211484,9.814638031517966,9
2211491,9.847472490203957,7
2211501,9.770357206726445,10
2211507,9.906002284375106,6
2211520,9.732047796006835,13
2211529,9.805906259840416,9
2211547,9.587654280607728,18
2211558,9.751267509069274,11
2211564,9.876063378012047,6
2211574,9.68761508054815,10
2211587,9.709846635991868,13
2211588,9.989104933318186,1
2211602,9.72260434058805,14
2211606,9.942330137113101,4
2211617,9.790455110674932,11
2211629,9.731361631539238,12
2211630,10.0,1
2211631,9.996073849980045,1
2211637,9.905024631237229,6
2211648,9.758368256834313,11
2211656,9.856533749256961,8
2211665,9.831001028679797,9
2211682,9.59239173265921,17
2211687,9.914376189190836,5
2211695,9.845212266893007,8
2211704,9.80761034018378,9
2211711,9.861246667485426,7
2211720,9.83269661107664,9
2211727,9.876782355376607,7
2211737,9.779820004071768,10
2211742,9.901765844029129,5
2211766,8.61130343527217,24
2211773,9.865261646734563,7
2211779,9.893122549311904,6
2211790,9.78110185373168,11
2211794,9.934184406835051,4
2211809,9.685301085880923,15
2211811,9.973087188800188,2
2211813,9.98056895780441,2
2211814,9.996595013222471,1
2211823,9.808276535765307,9
2211835,9.784830823935634,12
2211851,9.638565077930213,16
2211864,9.710252572004238,13
2211877,9.719239105043597,13
2211883,9.907928124452981,6
2211895,9.74885272666465,12
2211902,9.872189578234682,7
2211909,9.900796255246176,7
2211927,9.620034963282473,18
2211932,9.926621058134472,5
2211941,9.836490341742648,9
2211955,9.684673309627414,14
2211959,9.936931241725153,4
2211965,9.908001204880744,6
2211970,9.931722648493578,5
2211976,9.90172899774564,6
2211987,9.779744671468599,11
2212000,9.707731728845687,13
2212002,9.984769390919128,2
2212017,9.65698595884034,15
2212025,9.866109602602915,8
2212035,9.808753982225545,10
2212042,9.875377443488944,7
2212043,10.0,1
2212059,9.720860933007115,16
2212073,9.663713721719668,14
2212083,9.812703255099452,10
2212084,10.0,1
2212087,9.94559157995404,3
2212089,9.971066393205241,2
2212095,9.899235395498568,6
2212104,9.839900630146182,9
2212105,10.0,1
2212116,9.73051316303167,11
2212119,9.961725097809152,3
2212133,9.720999340933716,14
2212135,9.981091153860817,2
2212145,9.775048058275225,10
2212156,9.598681945445481,11
2212164,9.860427808151499,8
2212178,9.668381930235196,14
2212191,9.542101422851083,13
2212195,9.93633849850225,4
2212216,9.5927477033678,21
2212222,9.787307048715117,6
2212235,9.725293827599673,13
2212249,9.679812088289971,14
2212264,9.070822407509699,15
2212276,9.719802865560814,12
2212282,9.89579413897191,6
2212295,9.70386542410026,13
2212301,9.902038475377209,6
2212312,9.812163027040292,11
2212316,9.934383609847846,4
2212329,9.714916093607682,13
2212346,9.61920381522736,17
2212355,9.802612964464654,9
2212365,9.797598019879114,10
2212375,9.81252011154581,10
2212376,9.992820975680914,1
2212388,9.782994807163417,12
2212403,9.622882599787786,15
2212410,9.866370411094792,7
2212434,9.459232662166892,24
2212435,10.0,1
2212438,9.970183342944145,3
2212447,9.827341909316019,9
2212456,9.844646539931672,9
2212471,9.707079149912095,15
2212476,9.916674363672564,5
2212477,9.996509632940239,1
2212492,9.6968430863839,15
2212508,9.582875631705818,16
2212514,9.911459497345927,6
2212523,9.815232586717663,9
2212534,9.773865471397604,11
2212540,9.899779850876483,6
2212549,9.80799910274852,9
2212552,9.957477616437508,3
2212559,9.865143551884845,7
2212571,9.76478890656903,12
2212580,9.833453399597435,9
2212587,9.881316013295352,7
2212599,9.739152919486035,12
2212614,9.671379558041265,15
2212634,9.562461985764438,20
2212650,9.654124045285052,16
2212656,9.872879346340394,6
2212657,9.989080803378673,1
2212669,9.736379635663583,12
2212673,9.92785630996455,4
2212684,9.766792413285739,11
2212695,9.772886264751854,11
2212736,7.508248397790613,41
2212747,9.547901915377132,11
2212768,9.508479182425722,21
2212784,9.64359528727352,16
2212796,9.74024952441649,12
2212809,9.721617912863431,13
2212816,9.862202738652663,7
2212826,9.798214220728513,10
2212837,9.776065739724087,11
2212847,9.790805408319816,10
2212850,9.961847460411205,3
2212852,9.985428261697546,2
2212864,9.74865418573888,12
2212885,9.539001388621827,21
2212898,9.764799377175944,13
2212899,9.98983225498278,1
2212900,10.0,1
2212905,9.914465618002339,5
2212917,9.73113065458604,12
2212934,9.536712073505115,17
2212945,9.749532950632345,11
2212956,9.762366616219,11
2212968,9.7404086055078,12
2212980,9.735743914136316,12
2212982,9.98487639254768,2
2212983,10.0,1
2212988,9.924853690509675,5
2212990,9.97937920351179,2
2212993,9.970932488887605,3
2212994,10.0,1
2213002,9.851747317591602,8
2213012,9.80246341980063,10
2213025,9.744884165222365,13
2213030,9.921821254381152,5
2213031,10.0,1
2213050,9.590962871249221,19
2213061,9.769610638738714,11
2213062,10.0,1
2213063,10.0,1
2213069,9.89219259356264,6
2213076,9.882494468612826,7
2213079,9.971815994510862,3
2213088,9.814938002944455,9
2213106,9.276610893206616,18
2213113,9.878730917508548,7
2213119,9.892692084705232,6
2213132,9.712119822989743,13
2213137,9.912965129987935,5
2213148,9.770248818841058,11
2213157,9.839355461475824,9
2213162,9.923285811277296,5
2213178,9.626790941183469,16
2213180,9.973353341332752,2
2213192,9.737765006077163,12
2213199,9.871574715757806,7
2213207,9.839992375044313,8
2213213,9.907936349301936,6
2213214,10.0,1
2213215,10.0,1
2213227,9.737647606129089,12
2213241,9.688511733092737,14
2213242,10.0,1
2213254,9.76443046347143,12
2213267,9.726943721563458,13
2213278,9.793493389611266,11
2213279,9.996524516048112,1
2213289,9.810731232136286,10
2213309,9.558054147499105,20
2213313,9.947517782685606,4
2213319,9.922774456100502,6
2213338,9.592108653397343,19
2213348,9.783253026606731,10
2213363,9.689282574380105,15
2213373,9.795479613555116,10
2213379,9.911943996222249,6
2213389,9.707694125829656,10
2213398,9.818086067366126,9
2213406,9.849108632604862,8
2213409,9.963264684847235,3
2213412,9.966809790108393,3
2213428,9.656736410648426,16
2213453,9.337872192288227,25
2213465,9.727112734836547,12
2213473,9.834415155057945,8
2213478,9.924215406232934,5
2213487,9.801348927642643,9
2213496,9.804523829822662,9
2213507,9.746348676123242,11
2213514,9.86600334295653,7
2213520,9.887539097234896,6
2213529,9.82317352871834,9
2213545,9.660755666791824,16
2213552,9.876323687885455,7
2213562,9.796442761155486,10
2213563,9.996252482872265,1
2213568,9.911741344927638,5
2213586,9.592733610853559,18
2213587,10.0,1
2213592,9.91323189934823,5
2213602,9.79817661434462,10
2213608,9.898863700313008,6
2213615,9.878186455781819,7
2213624,9.863204977680528,9
2213635,9.776887707986967,11
2213643,9.864801651058402,8
2213654,9.794867464549652,11
2213669,9.635041342412721,15
2213671,9.978378992220389,2
2213672,10.0,1
2213673,10.0,1
2213684,9.787788464994371,11
2213693,9.801126166300921,9
2213697,9.943857996014765,4
2213698,10.0,1
2213708,9.797196842690449,10
2213712,9.924002848000038,4
2213723,9.798868081966535,11
2213724,10.0,1
2213727,9.946184303363564,3
2213728,9.996664816646112,1
2213739,9.76288840395262,11
2213749,9.78700148576018,10
2213764,9.689139575192462,15
2213768,9.944085810241962,4
2213786,9.618298518066956,18
2213791,9.92601646957787,5
2213809,9.577144603174013,18
2213814,9.916435496848402,5
2213830,9.636602689114628,16
2213841,9.783929646597196,11
2213862,9.501786986161312,21
2213872,9.800826241355063,10
2213886,9.700140293904822,14
2213893,9.86223600274652,7
2213909,9.634136960633223,16
2213924,9.651653268407776,15
2213934,9.798375669151925,10
2213949,9.660317695485949,15
2213962,9.742862263945899,13
2213973,9.762993328454371,11
2213980,9.884112619246014,7
2213993,9.709899854667816,13
2214006,9.717463510589704,13
2214007,10.0,1
2214026,9.615952878857499,19
2214039,9.704225205174641,13
2214047,9.847504467422858,8
2214055,9.863727707701946,8
2214068,9.577077717552342,13
2214078,9.78851250730647,10
2214085,9.850445264072492,7
2214096,9.773634851035549,11
2214109,9.733760658588764,13
2214118,9.814731428613605,9
2214124,9.916510752153519,6
2214133,9.842416701915582,9
2214145,9.770427494887102,12
2214153,9.85014195387293,8
2214168,9.098143950365774,15
2214169,9.992895809234247,1
2214181,9.720703772650895,12
2214188,9.896485111278901,7
2214195,9.888026286820534,7
2214211,9.638887516312465,16
2214222,9.7997896081828,11
2214230,9.86334384094545,8
2214232,9.875264865347402,2
2214239,9.876029431919054,7
2214243,9.942018387594796,4
2214271,9.54911090169208,28
2214272,10.0,1
2214286,9.677060482187155,14
2214289,9.962363769074354,3
2214295,9.897371532437948,6
2214308,9.733741735890996,13
2214317,9.818575884189853,9
2214326,9.853012639356287,9
2214330,9.94808773467816,4
2214344,9.701940847220534,14
2214348,9.945141512301483,4
2214361,9.698856248605214,13
2214362,9.996346881610835,1
2214371,9.820634544809687,9
2214377,9.899068918479209,6
2214388,9.763459425144392,11
2214395,9.872250071701737,7
2214402,9.893155189885075,7
2214409,9.866827179712656,7
2214428,9.608812958503526,19
2214439,9.782401856387803,11
2214456,9.670819821699535,17
2214461,9.931622982091296,5
2214473,9.736956714548356,12
2214485,9.718927776940264,12
2214486,10.0,1
2214493,9.8512666966293,7
2214505,9.747648003744501,12
2214521,9.663138547357729,16
2214522,10.0,1
2214536,9.712727611907487,14
2214544,9.852673371511425,8
2214547,9.960721076531645,3
2214559,9.740054484564462,12
2214560,10.0,1
2214562,9.974451848476432,2
2214571,9.84659951387764,9
2214572,10.0,1
2214583,9.767961117451476,11
2214596,9.739509591924264,13
2214604,9.875607671223218,8
2214615,9.785609774710403,11
2214622,9.872956704528786,7
2214633,9.768350997625072,11
2214638,9.908829783347635,5
2214645,9.899839909374663,7
2214648,9.947731608994427,3
2214667,9.528877517716323,19
2214673,9.887626820374427,6
2214690,9.582018977278025,17
2214694,9.932732804292346,4
2214700,9.903670373680765,6
2214708,9.844157183182586,8
2214720,9.713777983177385,12
2214735,9.733301833204361,15
2214753,9.592036405091186,18
2214768,9.631437961356987,15
2214773,9.927837301369012,5
2214778,9.920917336276403,5
2214794,9.615952884792506,16
2214795,10.0,1
2214804,9.805519638363172,9
2214814,9.791144268822613,10
2214823,9.852645291084064,9
2214828,9.908776535755191,5
2214833,9.910841636238178,5
2214838,9.899956082337809,5
2214850,9.763037883781116,12
2214858,9.858535939358841,8
2214868,9.786605985495267,10
2214874,9.882120768023258,6
2214888,9.715933120606016,14
2214892,9.939065075726464,4
2214904,9.716814502296423,12
2214905,10.0,1
2214921,9.72094121469721,16
2214935,9.678821897993148,14
2214946,9.764238190084356,11
2214947,10.0,1
2214959,9.75139292087908,12
2214968,9.802521851962867,9
2214977,9.823492269979127,9
2214988,9.766552801250032,11
2214990,9.972346402019921,2
2214997,9.873447932989146,7
2215006,9.812810467650905,9
2215021,9.624712091897186,15
2215033,9.74616935980075,12
2215043,9.774571367148184,10
2215046,9.955368987179089,3
2215051,9.932054147715608,5
2215059,9.85477708602299,8
2215060,9.987322010639787,1
2215080,9.629553469231622,20
2215093,9.746706800391383,13
2215098,9.925356645671787,5
2215108,9.858005068920958,10
2215114,9.89747302592355,6
2215128,9.751871551707726,14
2215136,9.824304415998384,8
2215146,9.793152508681263,10
2215157,9.784893928091769,11
2215161,9.943162758511033,4
2215169,9.862993421319455,8
2215175,9.882178820347091,6
2215178,9.953608886806162,3
2215186,9.817882318146058,8
2215192,9.898090926078392,6
2215199,9.870664291498485,7
2215203,9.934585314361405,4
2215210,9.889643036425847,7
2215218,9.857288379520414,8
2215228,9.775707063547285,10
2215247,9.557590645937262,19
2215248,10.0,1
2215271,9.505173168164971,23
2215274,9.959406812236457,3
2215287,9.708985201523639,13
2215306,9.56640678282315,19
2215318,9.735668490651497,12
2215332,9.653496031547535,14
2215339,9.883984006138549,7
2215347,9.822195622937238,8
2215348,9.992562846292504,1
2215361,9.77574509613698,13
2215366,9.906907090302136,5
2215386,9.451459135307038,20
2215393,9.887604521884375,7
2215403,9.809584666764854,10
2215409,9.9099528155959,6
2215417,9.857795450154683,8
2215420,9.954132372573861,3
2215432,9.750873134418862,12
2215438,9.883627993711738,6
2215442,9.940098967234293,4
2215459,9.599953194719513,17
2215466,9.863380072633907,7
2215467,10.0,1
2215479,9.753193389693747,12
2215503,9.485558801101197,24
2215512,9.798783540739908,9
2215523,9.776277130839782,11
2215524,9.986610318697593,1
2215535,9.778926500446987,11
2215540,9.918441605934204,5
2215542,9.985005584503172,2
2215545,9.961334371546586,3
2215560,9.64028357149535,15
2215563,9.958088583641175,3
2215569,9.90085481534797,6
2215577,9.846992446768244,8
2215589,9.774690782633131,12
2215599,9.793343136606216,10
2215605,9.896709820269052,6
2215611,9.914494557673143,6
2215616,9.91153112386978,5
2215628,9.765413740691555,12
2215638,9.77011852812566,10
2215648,9.799437590054561,10
2215658,9.807259191792856,10
2215670,9.73737050191735,12
2215681,9.791685091769185,11
2215694,9.728766435352046,13
2215702,9.859598684927775,8
2215709,9.869370865604198,7
2215710,10.0,1
2215716,9.892216143189849,6
2215739,9.508487467005224,23
2215746,9.87390122086454,7
2215757,9.731827642366058,11
2215767,9.78754916211916,10
2215775,9.843918328265648,8
2215776,9.99662674235005,1
2215792,9.677578632948146,16
2215800,9.845188762332642,8
2215803,9.95531554363713,3
2215805,9.973095649028785,2
2215807,9.978573237146346,2
2215817,9.789234056216229,10
2215828,9.772221461040754,11
2215840,9.73422970205415,12
2215854,9.683665672237494,14
2215861,9.892173312283926,7
2215876,9.66584850473085,15
2215882,9.87603931139748,6
2215890,9.848190305788133,8
2215901,9.80211715505503,11
2215910,9.815248457652894,9
2215917,9.889673276913452,7
2215928,9.786697771182292,11
2215936,9.862727704247858,8
2215942,9.895485049979662,6
2215955,9.748808764894227,13
2215963,9.842543437746789,8
2215968,9.91202666273585,5
2215977,9.81738642264528,9
2215983,9.890075119340908,6
2215991,9.86813455448112,8
2216001,9.756422633277392,10
2216013,9.714171579913288,12
2216023,9.827340818510963,10
2216032,9.811206073535052,9
2216039,9.873131035012538,7
2216052,9.71201683918912,13
2216068,9.626899390677162,16
2216078,9.775367190813371,10
2216102,9.520194486800884,24
2216116,9.626847811209544,14
2216129,9.688939102450929,13
2216139,9.793383179852786,10
2216146,9.885540102730765,7
2216154,9.845331867894433,8
2216162,9.849670781275375,8
2216170,9.853790761423372,8
2216180,9.779798616790915,10
2216195,9.698765483740502,15
2216196,10.0,1
2216197,10.0,1
2216203,9.900405660212705,6
2216206,9.970253445386517,3
2216218,9.730400305426956,12
2216225,9.775343568736607,7
2216239,9.69972628927979,14
2216246,9.85169491170442,7
2216258,9.723065294200964,12
2216259,9.996624661131948,1
2216260,10.0,1
2216272,9.736659550328248,12
2216287,9.660573277115335,15
2216297,9.77886561675358,10
2216303,9.89317592979091,6
2216315,9.7501885828576,12
2216322,9.880273097736525,7
2216329,9.879148801628526,7
2216330,10.0,1
2216343,9.72067786799671,13
2216344,10.0,1
2216347,9.949700331359553,3
2216359,9.7388460910592,12
2216368,9.810244874987873,9
2216376,9.863984329112947,8
2216403,9.512175323762953,27
2216414,9.754735114414634,11
2216415,9.996251934762853,1
2216424,9.845104161674467,9
2216437,9.718799302493647,13
2216442,9.933330766244188,5
2216451,9.828198632859037,9
2216454,9.965599909506523,3
2216465,9.765486363209934,11
2216473,9.849133017068313,8
2216480,9.88415901426235,7
2216481,10.0,1
2216486,9.919586645541605,5
2216501,9.654539969854437,15
2216508,9.873986979837325,7
2216519,9.801159330779292,11
2216551,9.417568866666484,32
2216555,9.936331582508927,4
2216568,9.71610452925297,13
2216584,9.643264213390875,16
2216585,10.0,1
2216586,10.0,1
2216591,9.921281169241444,5
2216607,9.67297997815222,16
2216621,9.75356919305404,14
2216631,9.795057612514666,10
2216634,9.963804419173002,3
2216642,9.841606952123014,8
2216654,9.645717368830669,12
2216665,9.75579590960013,11
2216674,9.832212452377322,9
2216682,9.849393448098361,8
2216696,9.72449157424782,14
2216706,9.807233015092798,10
2216715,9.836109734098917,9
2216726,9.783200442416284,11
2216737,9.745445933255127,11
2216738,9.9877165069179,1
2216750,9.748751006539612,12
2216758,9.827867853616553,8
2216761,9.95417565808174,3
2216768,9.873470912987143,7
2216773,9.923812920746396,5
2216776,9.958636080898817,3
2216782,9.902370260076008,6
2216783,10.0,1
2216801,9.661949652835117,18
2216816,9.69215562504657,15
2216827,9.781226290239296,11
2216839,9.72270700585602,12
2216851,9.725084230690909,12
2216854,9.95789365648104,3
2216863,9.811505666697213,9
2216871,9.844090627822574,8
2216879,9.82864940790198,8
2216887,9.849480940129494,8
2216897,9.798530226193808,10
2216906,9.855763987262042,9
2216918,9.748728633057976,12
2216926,9.849978341063572,8
2216938,9.743732681847602,12
2216953,9.66681909847577,15
2216965,9.729997074675923,12
2216968,9.955537258674052,3
2216976,9.841734777025147,8
2216978,9.96999506810769,2
2216981,9.968896075278124,3
2216989,9.838498546021674,8
2217004,9.676803629287377,15
2217009,9.915061807635576,5
2217010,10.0,1
2217013,9.950666511549143,3
2217020,9.87247065994598,7
2217038,9.46844222899023,18
2217041,9.954726498235912,3
2217057,9.680869268000016,16
2217066,9.82491720140814,9
2217075,9.821435658758903,9
2217087,9.744291507074097,12
2217104,9.71556264102927,17
2217105,10.0,1
2217121,9.634193259262448,16
2217132,9.755877931726802,11
2217144,9.752183070160605,12
2217158,9.715427429365088,14
2217167,9.828951514073927,9
2217181,9.745522018637358,14
2217187,9.895520242250067,6
2217192,9.907042954078838,5
2217207,9.68204034560615,15
2217215,9.860445597159595,8
2217218,9.963929737437574,3
2217222,9.918749156993954,4
2217223,10.0,1
2217236,9.724569059085471,13
2217239,9.959723358855976,3
2217240,10.0,1
2217241,10.0,1
2217259,9.61098678630218,18
2217262,9.95906061749194,3
2217273,9.780454733211139,11
2217274,10.0,1
2217285,9.746357749046407,11
2217291,9.904963950516212,6
2217307,9.643521155942869,16
2217316,9.827853087399323,9
2217322,9.891829062901257,6
2217337,9.65552850881331,15
2217349,9.776515627137044,12
2217361,9.765720529312249,12
2217370,9.819070141992647,9
2217373,9.968097187674667,3
2217398,9.415722002316908,25
2217400,9.98429824114661,2
2217411,9.787727176495299,11
2217423,9.75323491754721,12
2217428,9.922467973077763,5
2217435,9.873351281380609,7
2217446,9.754517365272305,11
2217458,9.738797637842845,12
2217466,9.854189490717317,8
2217474,9.845378931771597,8
2217482,9.855506144653344,8
2217493,9.764479743134444,11
2217505,9.769521784807816,12
2217521,9.643449012431121,16
2217526,9.918668058163647,5
2217527,10.0,1
2217546,9.5491515472549,19
2217556,9.785687703077059,10
2217567,9.808454534870929,11
2217568,10.0,1
2217569,9.996297073931242,1
2217582,9.722472103497026,13
2217590,9.870705158972774,8
2217598,9.859740867636864,8
2217616,9.16190542007498,18
2217629,9.725401068635318,13
2217642,9.681107788588688,13
2217650,9.838808160811336,8
2217665,9.632260064407435,15
2217684,9.53783124864105,19
2217694,9.807925771332103,10
2217705,9.787823591868614,11
2217716,9.779767990026611,11
2217722,9.883740552966762,6
2217730,9.856414383693787,8
2217739,9.83142241188083,9
2217746,9.871572280685376,7
2217753,9.8717084657931,7
2217765,9.751877156991378,12
2217770,9.906444693064731,5
2217780,9.839223087277421,10
2217794,9.684332897569886,14
2217795,9.993141777709612,1
2217804,9.81541233452078,9
2217819,9.659835880079338,15
2217827,9.848260011327664,8
2217837,9.83907378503394,10
2217843,9.90874692937163,6
2217850,9.850082495056832,7
2217868,9.594423386495567,18
2217876,9.841605196620556,8
2217877,10.0,1
2217878,10.0,1
2217887,9.825430126399493,9
2217903,9.637742027752676,16
2217915,9.766639753860963,12
2217925,9.809189682785943,10
2217933,9.856927536348069,8
2217943,9.772049791177192,10
2217944,10.0,1
2217953,9.828645237848365,9
2217955,9.985845305814122,2
2217967,9.749488089227238,12
2217975,9.860883800465329,8
2217976,10.0,1
2217982,9.893059503310662,6
2217990,9.87295494575411,8
2217998,9.829684791002487,8
2218015,9.606498441226183,17
2218022,9.861580475730648,7
2218033,9.7484113101536,11
2218044,9.774908468916855,11
2218059,9.72959863808083,15
2218067,9.851701521946293,8
2218081,9.710666151375024,14
2218087,9.889310206620982,6
2218096,9.811427503949272,9
2218101,9.920922663420294,5
2218109,9.861001657029457,8
2218112,9.951496069505033,3
2218113,10.0,1
2218117,9.94002584239675,4
2218122,9.923913812475043,5
2218124,9.972611246164286,2
2218131,9.884099655293094,7
2218175,8.96328582746688,44
2218184,9.827560288758223,9
2218195,9.786019276818088,11
2218204,9.844259233038363,9
2218207,9.967335414919345,3
2218213,9.913714382896963,6
2218228,9.682262600037983,15
2218236,9.8364817328618,8
2218244,9.858175439001755,8
2218253,9.817509516267545,9
2218265,9.658755604009928,12
2218283,9.617859591311685,18
2218291,9.863165433051778,8
2218299,9.851019587154838,8
2218303,9.943338290647958,4
2218311,9.875805136084738,8
2218318,9.84974392140791,7
2218326,9.862258323065333,8
2218332,9.891541217860176,6
2218343,9.797995295660712,11
2218359,9.608727651577098,16
2218364,9.923155207495096,5
2218373,9.84641228531748,9
2218387,9.686137846508823,14
2218391,9.93389684547619,4
2218399,9.880672058377233,8
2218407,9.833540337480617,8
2218420,9.71463125173394,13
2218434,9.71187326424529,14
2218439,9.894589804285783,5
2218452,9.72440958311036,13
2218460,9.848184041489016,8
2218471,9.7632671892521,11
2218481,9.822949192285554,10
2218490,9.810501626462157,9
2218497,9.84750833191298,7
2218503,9.879930907971488,6
2218518,9.651316906589033,15
2218530,9.72499470007048,12
2218544,9.670865080710882,14
2218546,9.978294283914565,2
2218560,9.684878222523407,14
2218569,9.811441733410918,9
2218572,9.952997993017293,3
2218576,9.922143186547212,4
2218588,9.745079662458867,12
2218606,9.61769535381407,18
2218614,9.843165990948402,8
2218621,9.876087575994937,7
2218623,9.978501830326968,2
2218635,9.820143786173457,12
2218640,9.924395982068765,5
2218652,9.737813014357693,12
2218664,9.778215163608397,12
2218673,9.808175438275144,9
2218680,9.868150936827206,7
2218692,9.73140283402585,12
2218696,9.939469971693304,4
2218711,9.677584350746674,15
2218723,9.714610860711764,12
2218738,9.663515447322746,15
2218739,10.0,1
2218745,9.907033283826562,6
2218747,9.973514050786658,2
2218763,9.667446641730784,16
2218770,9.879205374856136,7
2218780,9.79415040307814,10
2218789,9.825014212823183,9
2218790,10.0,1
2218796,9.885994303742391,6
2218817,9.480535341439856,21
2218822,9.923818178938514,5
2218828,9.885585806921785,6
2218838,9.757393836386946,10
2218840,9.981941850157735,2
2218848,9.84748622482271,8
2218863,9.695772333823092,15
2218873,9.829991085306212,10
2218889,9.396039542410648,16
2218897,9.827578976827228,8
2218903,9.903835999500528,6
2218915,9.722132529221474,12
2218924,9.821377079373475,9
2218935,9.777619485802967,11
2218941,9.920077844358243,6
2218950,9.824234861323772,9
2218958,9.853268702345346,8
2218976,9.612531331574512,18
2218987,9.776253543761104,11
2218990,9.948553731867344,3
2219001,9.760246567438617,11
2219014,9.72360315850503,13
2219023,9.80613904017311,9
2219027,9.944090898508266,4
2219040,9.727657603319422,13
2219041,10.0,1
2219052,9.78236936235532,11
2219056,9.93462279215904,4
2219069,9.720448140201277,13
2219079,9.837359133632757,10
2219092,9.708964636273832,13
2219093,10.0,1
2219099,9.914919353301498,6
2219115,9.631868834759526,16
2219125,9.787991004447502,10
2219126,10.0,1
2219142,9.641151920473458,16
2219169,9.482533216687301,27
2219172,9.961791963488423,3
2219173,10.0,1
2219184,9.74813782740879,11
2219190,9.886665577037823,6
2219203,9.692812002557108,13
2219225,9.528891580564665,22
2219230,9.917458094288596,5
2219237,9.862775045809851,7
2219238,10.0,1
2219244,9.879690716135237,6
2219255,9.812685146591287,11
2219262,9.863690703909603,7
2219282,9.50334728740426,20
2219283,10.0,1
2219297,9.574892548991643,14
2219303,9.918643649640241,6
2219312,9.826087557010554,9
2219319,9.868151928908903,7
2219325,9.882636448531938,6
2219338,9.703180020244945,13
2219348,9.798971324934325,10
2219357,9.826662055002771,9
2219360,9.961599018187469,3
2219364,9.939945669707186,4
2219383,9.649096751670807,19
2219401,9.567228777422756,18
2219414,9.709581864736347,13
2219429,9.650187198489508,15
2219439,9.784787084608556,10
2219444,9.912693777944815,5
2219456,9.734527162732668,12
2219457,10.0,1
2219467,9.854785423428256,10
2219477,9.783190128481067,10
2219488,9.78021017749174,11
2219491,9.952949728838554,3
2219502,9.780849471574541,11
2219504,9.967349122769317,2
2219518,9.731125911282174,14
2219531,9.699314445669295,13
2219532,9.99656969163761,1
2219540,9.852708846199054,8
2219555,9.664708809692705,15
2219566,9.751526670918546,11
2219575,9.824910244791196,9
2219591,9.601443786623404,16
2219600,9.834707654079851,9
2219608,9.843425062147041,8
2219620,9.738616488340622,12
2219632,9.761736165446232,12
2219637,9.915908161268518,5
2219646,9.833128136280946,9
2219652,9.87586383412176,6
2219664,9.743223830284123,12
2219669,9.92167178777238,5
2219686,9.614885349801742,17
2219692,9.908572742604134,6
2219706,9.68407281692093,14
2219714,9.833268748104588,8
2219724,9.60079545892489,10
2219733,9.820389103074596,9
2219747,9.682251475131066,14
2219758,9.736385618855007,11
2219763,9.913877930086441,5
2219776,9.752608753884468,13
2219782,9.90479422981732,6
2219791,9.84024851685264,9
2219807,9.661262765549422,16
2219817,9.805509651791056,10
2219821,9.935740058783532,4
2219832,9.784513981118296,11
2219839,9.860182206482746,7
2219854,9.655913336770778,15
2219871,9.60734721616691,17
2219880,9.826502882723911,9
2219891,9.762550674861647,11
2219892,9.996560537851213,1
2219902,9.790723170282027,10
2219907,9.91284475681848,5
2219922,9.706574073772817,15
2219931,9.826106822531507,9
2219939,9.8264007219306,8
2219953,9.647455692662382,14
2219956,9.968129066421007,3
2219964,9.856219840709162,8
2219967,9.961629992285767,3
2219976,9.835629565625892,9
2219984,9.844885520619137,8
2219985,10.0,1
2219997,9.767214602160026,12
2219998,10.0,1
2220015,9.59481526319529,17
2220016,10.0,1
2220023,9.856011114252134,7
2220031,9.863359308972926,8
2220038,9.858970895215162,7
2220050,9.752884519399009,12
2220073,9.334716187235545,23
2220081,9.858528049581054,8
2220082,10.0,1
2220092,9.835900627106872,10
2220107,9.68734668932074,15
2220122,9.654371031812916,15
2220137,9.726874415878108,15
2220149,9.732323303598125,12
2220163,9.702509717291047,14
2220168,9.910771385228909,5
2220185,9.611694503452469,17
2220186,10.0,1
2220196,9.799041670140305,10
2220215,9.56237848706947,19
2220228,9.702543486907222,13
2220238,9.80472981331218,10
2220239,10.0,1
2220250,9.767777035491045,11
2220255,9.927425014259848,5
2220266,9.76435311501463,11
2220278,9.550233232804104,12
2220290,9.777283322409618,12
2220301,9.787648272700611,11
2220316,9.696669434686532,15
2220320,9.936619004161308,4
2220321,10.0,1
2220324,9.954222095182656,3
2220330,9.898935864908418,6
2220332,9.977948164967078,2
2220341,9.808898379135993,9
2220350,9.835545257220106,9
2220357,9.858061400029692,7
2220369,9.733135845246712,12
2220389,9.553882517316044,20
2220409,9.574864361676019,20
2220419,9.715911323327386,10
2220433,9.689998349084483,14
2220434,10.0,1
2220447,9.68983106935494,13
2220457,9.811426349745723,10
2220468,9.761233580234293,11
2220485,9.54229921178151,17
2220501,9.53638909368086,16
2220510,9.805016972580924,9
2220520,9.780086531090049,10
2220529,9.811043974694224,9
2220536,9.860685965240602,7
2220545,9.79468642896865,9
2220555,9.778944875325962,10
2220569,9.71993007334572,14
2220576,9.876057422523784,7
2220590,9.751137568808877,14
2220591,9.996712124494147,1
2220600,9.813117988431992,9
2220606,9.881605087106772,6
2220611,9.90750749800542,5
2220624,9.743744010291262,13
2220637,9.698072775277563,13
2220653,9.617453637890664,16
2220667,9.672537514051864,14
2220688,9.260883659921298,21
2220697,9.801347122439156,9
2220701,9.953645370122997,4
2220709,9.858959228142979,8
2220714,9.926330000261528,5
2220717,9.956519891924541,3
2220731,9.765007249795113,14
2220740,9.85881640795069,9
2220749,9.83318386924735,9
2220763,9.725797314842373,14
2220768,9.928358153390294,5
2220782,9.690048533962376,14
2220783,9.99687147929848,1
2220786,9.962931708311864,3
2220793,9.848682259598935,7
2220794,10.0,1
2220808,9.697755935817478,14
2220822,9.71182823154164,14
2220865,9.088909154163334,43
2220878,9.698398145683365,13
2220892,9.724751700519663,14
2220904,9.740530744696484,12
2220905,9.992606501896985,1
2220910,9.911922682829358,5
2220921,9.763161647178546,11
2220922,9.99620768289151,1
2220927,9.93660254755126,5
2220942,9.65317836958752,15
2220944,9.973935742475009,2
2220956,9.761259873443958,12
2220969,9.71837273057795,13
2220972,9.951634870876038,3
2220981,9.814946407957759,9
2220993,9.742129616291715,12
2221009,9.62570599552257,16
2221026,9.641955850690014,17
2221036,9.793893935457538,10
2221043,9.882391467103695,7
2221048,9.935144155833886,5
2221068,9.514765406952792,20
2221082,9.677989437464479,14
2221101,9.58299603385729,19
2221111,9.789752820041443,10
2221118,9.870977053408987,7
2221131,9.732231052620303,13
2221135,9.950469324151445,4
2221136,10.0,1
2221147,9.737814261975624,11
2221154,9.84125266487105,7
2221172,9.58197451918759,18
2221179,9.899556062454248,7
2221186,9.857200250602537,7
2221197,9.606034119129232,11
2221199,9.967194686993095,2
2221205,9.890732226037187,6
2221208,9.964122604151646,3
2221224,9.618878299160047,16
2221232,9.853052718271258,8
2221252,9.557961639379453,20
2221260,9.87231246126019,8
2221271,9.755085299233556,11
2221285,9.65740925839355,14
2221291,9.886761607072007,6
2221302,9.81875298106311,11
2221308,9.882999266661816,6
2221326,9.610065189303103,18
2221332,9.90586565598535,6
2221342,9.774588347275087,10
2221346,9.939009868689809,4
2221352,9.885253940571426,6
2221361,9.838247801520529,9
2221367,9.903059107515453,6
2221384,9.619072560482769,17
2221385,10.0,1
2221396,9.76738069655136,11
2221407,9.763310374911303,11
2221416,9.83323517362389,9
2221422,9.897953346049007,6
2221423,10.0,1
2221429,9.90564480589018,6
2221438,9.790079593248604,9
2221443,9.913445383617708,5
2221453,9.806367843378695,10
2221454,10.0,1
2221459,9.934211461882652,5
2221471,9.769099166224217,12
2221533,8.953426645231486,62
2221543,9.78544642919455,10
2221544,10.0,1
2221548,9.930597697716681,4
2221550,9.977096912359473,2
2221558,9.847816025398645,8
2221566,9.812267899858115,8
2221567,10.0,1
2221575,9.853271852520628,8
2221576,10.0,1
2221587,9.791497512240257,11
2221603,9.664407123135657,16
2221611,9.879194679517298,8
2221618,9.889393281132406,7
2221622,9.945822916156835,4
2221633,9.751699223479239,11
2221644,9.790818170933202,11
2221657,9.754655210043005,13
2221668,9.803126920412176,11
2221675,9.86373236249281,7
2221677,9.980236560506766,2
2221680,9.958513359974935,3
2221688,9.844927515771364,8
2221695,9.87356702065053,7
2221698,9.961725847414465,3
2221709,9.810618749748976,11
2221715,9.881274308524603,6
2221729,9.715435518160538,14
2221739,9.779558223913094,10
2221743,9.953374038058938,4
2221744,10.0,1
2221754,9.782867352723885,10
2221768,9.64787173843254,14
2221772,9.93819047844409,4
2221778,9.890397617111486,6
2221779,10.0,1
2221787,9.862827830772074,8
2221792,9.938936097073368,5
2221808,9.625774847631588,16
2221823,9.706134336357609,15
2221827,9.937780264418667,4
2221838,9.76958997169041,11
2221847,9.803291414404745,9
2221856,9.851199752674827,9
2221867,9.770343295450774,11
2221880,9.767517618983852,13
2221888,9.857566223843227,8
2221894,9.888335155856863,6
2221907,9.755093063604432,13
2221922,9.713244294846186,15
2221936,9.641068576854936,14
2221950,9.759135796275089,14
2221960,9.78491747931724,10
2221971,9.736978329594585,11
2221976,9.913824738321207,5
2221980,9.941668839299007,4
2221992,9.740317320389176,12
2222004,9.754967889077339,12
2222010,9.900808904413857,6
2222011,10.0,1
2222024,9.612070009891857,13
2222039,9.70937650767204,15
2222049,9.808310717850063,10
2222053,9.936237370568117,4
2222066,9.715248214818438,13
2222079,9.706170990887124,13
2222082,9.969432804713014,3
2222097,9.665555082802797,15
2222103,9.925221924593577,6
2222113,9.769187604779406,10
2222121,9.856109050184553,8
2222136,9.112647081348928,15
2222137,9.988543559026525,1
2222146,9.795669743291015,9
2222150,9.93636093623411,4
2222159,9.799779742645878,9
2222173,9.679821278429074,14
2222187,9.687376986789705,14
2222188,9.992940024412206,1
2222194,9.904845299792827,6
2222199,9.923856427539231,5
2222200,10.0,1
2222212,9.740128270255418,12
2222216,9.932766141135126,4
2222227,9.768725333164223,11
2222238,9.790765210583176,11
2222249,9.743642801732836,11
2222255,9.90775838686506,6
2222264,9.828965987442201,9
2222265,10.0,1
2222277,9.753037907602888,12
2222286,9.813373587982152,9
2222296,9.794962541772845,10
2222307,9.740561844989456,11
2222312,9.906869838752446,5
2222322,9.798244078700893,10
2222330,9.850884843675264,8
2222339,9.838220228008021,9
2222340,10.0,1
2222357,9.603929802146377,17
2222358,10.0,1
2222365,9.87030964058684,7
2222373,9.87690195064293,8
2222382,9.737919216216985,9
2222400,9.641614072318138,18
2222413,9.724528933630399,13
2222424,9.798196527533232,11
2222438,9.677308355458102,14
2222447,9.844848684220194,9
2222456,9.832623319557658,9
2222459,9.965698784005687,3
2222468,9.813287317752385,9
2222480,9.732785425191468,12
2222490,9.777306456433207,10
2222502,9.754347867865384,12
2222515,9.691043085368193,13
2222524,9.828358724877766,9
2222534,9.726185956016803,10
2222535,10.0,1
2222539,9.92243548701334,4
2222541,9.978847655877516,2
2222547,9.904087009001971,6
2222550,9.954620762062728,3
2222551,10.0,1
2222561,9.794769386268932,10
2222572,9.76463672155779,11
2222588,9.632785864936206,16
2222592,9.942463699147698,4
2222597,9.922200614255454,5
2222609,9.774002680073858,12
2222624,9.684805865044803,15
2222634,9.837543068158986,10
2222635,10.0,1
2222642,9.868700726927692,7
2222662,9.561875222666831,20
2222672,9.81893662958021,10
2222678,9.893807526549313,6
2222691,9.706697798856556,13
2222699,9.86819991723508,8
2222700,10.0,1
2222715,9.704835910556758,15
2222717,9.974886420433213,2
2222725,9.83975625571122,8
2222733,9.853193274205399,8
2222734,9.996399038942112,1
2222748,9.691198719872887,14
2222753,9.925113144837052,5
2222765,9.806305591745197,12
2222769,9.930280537963569,4
2222778,9.816304756398438,9
2222791,9.749453200198618,13
2222805,9.68975845513407,14
2222813,9.873603462222063,8
2222821,9.851902490699397,8
2222833,9.75729457404248,12
2222846,9.318108257197334,13
2222856,9.759860134975478,10
2222866,9.800758089658204,10
2222887,9.550057119979588,21
2222902,9.700128015095803,15
2222912,9.80269517615032,10
2222915,9.968835489484189,3
2222920,9.9267726723893,5
2222935,9.666712891056829,15
2222944,9.828227805010021,9
2222962,9.565561171472192,18
2222970,9.843738003949019,8
2222977,9.873899761870906,7
2222990,9.74012094736774,13
2223004,9.716590597961302,14
2223016,9.733118051086597,12
2223036,9.54783566985374,20
2223053,9.326511275898648,17
2223055,9.973623143670135,2
2223071,9.607256303832687,16
2223072,10.0,1
2223086,9.686675629937781,14
2223087,10.0,1
2223099,9.768858484911918,12
2223101,9.979458265590901,2
2223105,9.938311663329037,4
2223117,9.738420797716252,12
2223127,9.825042109367457,10
2223133,9.908009876406064,6
2223139,9.901510855763343,6
2223140,10.0,1
2223149,9.842819178358639,9
2223160,9.759130396160947,11
2223162,9.981254547135054,2
2223165,9.955928788210977,3
2223170,9.909648774491322,5
2223178,9.847567877073436,8
2223179,10.0,1
2223180,10.0,1
2223188,9.850389973957707,8
2223199,9.730992123309186,11
2223203,9.937955911894338,4
2223212,9.822908791690212,9
2223213,10.0,1
2223230,9.600532324548169,17
2223234,9.932384650310894,4
2223235,10.0,1
2223240,9.916129813000836,5
2223253,9.703626170596555,13
2223257,9.9292666043368,4
2223259,9.972632377182505,2
2223262,9.965629489001564,3
2223273,9.784491503445233,11
2223280,9.860664357570261,7
2223282,9.983838913101291,2
2223293,9.765606916540417,11
2223302,9.816795810730161,9
2223310,9.849273116754464,8
2223311,10.0,1
2223319,9.846313701478367,8
2223324,9.907405093792788,5
2223334,9.786877608989432,10
2223336,9.976620628822275,2
2223345,9.822497052525284,9
2223347,9.980554330213042,2
2223354,9.858002345302982,7
2223356,9.980168990527753,2
2223357,10.0,1
2223363,9.906145923215522,6
2223377,9.733046138935848,14
2223381,9.947709910081509,4
2223385,9.93140216583864,4
2223390,9.908710272563532,5
2223391,10.0,1
2223394,9.96892401996084,3
2223397,9.969851892655875,3
2223403,9.880883574585532,6
2223420,9.588059354802152,17
2223424,9.945094130164563,4
2223434,9.770397433150936,10
2223440,9.894361094503541,6
2223448,9.871617012477277,8
2223462,9.569344462990603,14
2223466,9.940917647299772,4
2223473,9.870436172579234,7
2223484,9.777847328662897,11
2223499,9.686239344651963,15
2223525,9.542092659147755,26
2223535,9.821250432925543,10
2223548,9.688440445115694,13
2223563,9.681885989765169,15
2223570,9.885501140751124,7
2223583,9.724745809183277,13
2223598,9.63792902620753,15
2223608,9.797347997970562,10
2223621,9.73991887448886,13
2223622,10.0,1
2223635,9.731603286050644,13
2223644,9.80548620897455,9
2223655,9.747359861578317,11
2223663,9.870245885602863,8
2223670,9.874882081001072,7
2223680,9.79525699668117,10
2223689,9.791216879210323,9
2223690,10.0,1
2223701,9.75508396485246,11
2223708,9.859760680260262,7
2223716,9.832780513942971,8
2223724,9.82040139751994,8
2223737,9.68896731419305,13
2223740,9.966543223466221,3
2223751,9.707775705682572,11
2223762,9.791819282751057,11
2223770,9.848471547206191,8
2223771,10.0,1
2223789,9.547210382217619,18
2223792,9.968406713510335,3
2223801,9.833035809856014,9
2223805,9.94807390061001,4
2223816,9.74943707338052,11
2223819,9.959175645350557,3
2223827,9.842421994800311,8
2223836,9.797134299180515,9
2223852,9.63528802217281,16
2223856,9.930583474572888,4
2223863,9.876006821758166,7
2223876,9.73303518579169,13
2223880,9.950275275089966,4
2223892,9.745829834019796,12
2223907,9.659805342511946,15
2223908,10.0,1
2223917,9.819840930628322,9
2223926,9.810550625908833,9
2223928,9.983803380141556,2
2223938,9.809164701243757,10
2223947,9.802037126312932,9
2223954,9.860032144728065,7
2223962,9.831809721825778,8
2223968,9.910270935483345,6
2223978,9.781469908273241,10
2223988,9.786782213420858,10
2224005,9.585217454980414,17
2224025,9.547511805417834,20
2224030,9.915720080813543,5
2224037,9.899027096671263,7
2224056,9.63429376721321,19
2224060,9.942132449751199,4
2224067,9.895778842690124,7
2224078,9.771984595155672,11
2224093,9.736158145471228,15
2224099,9.88150517037797,6
2224106,9.867986722085393,7
2224120,9.685765342507455,14
2224130,9.760128168751287,10
2224131,9.987379779464893,1
2224138,9.861807643461228,7
2224144,9.901280929810273,6
2224152,9.83447081301204,8
2224159,9.854376011720843,7
2224165,9.880772262721973,6
2224178,9.728398549174688,13
2224184,9.90039586132328,6
2224192,9.84152785188453,8
2224198,9.89313106544644,6
2224202,9.94927882812508,4
2224214,9.741707826426316,12
2224219,9.916078325671407,5
2224234,6.634616088550933,15
2224243,9.832264758270542,9
2224244,9.992251570298752,1
2224249,9.927572375885479,5
2224259,9.769872712553738,10
2224273,9.715800564307415,14
2224285,9.72982666818813,12
2224288,9.952343335615177,3
2224298,9.78275866086377,10
2224304,9.89794924452654,6
2224310,9.897457203678712,6
2224321,9.663394417850869,11
2224327,9.710405268093945,6
2224338,9.763244063355687,11
2224348,9.476406192904605,10
2224358,9.836739015276786,10
2224359,10.0,1
2224363,9.946856276176097,4
2224373,9.79542219609291,10
2224383,9.783750403614565,10
2224391,9.848031891722835,8
2224400,9.825187030897782,9
2224403,9.968676202791366,3
2224411,9.832878237222697,8
2224420,9.858221232026137,9
2224421,10.0,1
2224440,9.522665740459727,19
2224449,9.81540942599107,9
2224454,9.91683900186107,5
2224468,9.707127327897556,14
2224473,9.925758259447555,5
2224489,9.6781898169716,16
2224498,9.797628506077132,9
2224506,9.853020784011704,8
2224510,9.943896140831189,4
2224521,9.753900768106266,11
2224532,9.758516339829987,11
2224533,9.991755660696555,1
2224535,9.971446453830955,2
2224537,9.97460884660781,2
2224544,9.877620554023007,7
2224563,9.545174243392061,19
2224580,9.570174998257375,17
2224581,9.988710991837056,1
2224592,9.757347079854101,11
2224597,9.930013571349638,5
2224608,9.775105405477204,11
2224618,9.80099996001032,10
2224620,9.973782143498552,2
2224621,10.0,1
2224630,9.853982548519534,9
2224633,9.971081222185365,3
2224643,9.798731873381536,10
2224650,9.872588220875784,7
2224660,9.821307713154624,10
2224668,9.878088064111129,8
2224670,9.983257280910545,2
2224677,9.886625075294212,7
2224678,10.0,1
2224680,9.981939090404111,2
2224682,9.979691267659597,2
2224692,9.80584017418961,10
2224699,9.860861871476548,7
2224703,9.947684789864477,4
2224715,9.717998697639937,12
2224723,9.843043822443589,8
2224735,9.685756697698833,12
2224743,9.837592794074244,8
2224757,9.68691539085358,14
2224762,9.927649557367053,5
2224774,9.716847163865616,12
2224787,9.767374557846232,13
2224811,9.459167488534966,24
2224814,9.968812592155983,3
2224821,9.870779509928763,7
2224833,9.76893131410691,12
2224846,9.667722035129263,13
2224854,9.83110354960278,8
2224863,9.837977063445827,9
2224881,9.667222669868888,18
2224885,9.938252301944711,4
2224894,9.856062529468355,9
2224904,9.794787991139467,10
2224908,9.92466370237393,4
2224921,9.722238716217605,13
2224930,9.82119207366974,9
2224942,9.781723625365169,12
2224947,9.919247136674022,5
2224952,9.929614142301357,5
2224957,9.897817090871603,5
2224958,9.989134610603209,1
2224959,10.0,1
2224963,9.94160645209892,4
2224966,9.949585107854299,3
2224976,9.808595065773476,10
2224980,9.95127304201844,4
2224987,9.869310385366,7
2224995,9.830347252602431,8
2225003,9.869870425451351,8
2225018,9.687513554884836,15
2225030,9.73674430446228,12
2225035,9.926326155768937,5
2225044,9.801805264698267,9
2225047,9.952614550771091,3
2225050,9.967118905782474,3
2225059,9.841338241705891,9
2225060,10.0,1
2225070,9.78323122636637,10
2225079,9.838079124968038,9
2225084,9.91070236665894,5
2225089,9.93217826019232,5
2225099,9.827979816870853,10
2225109,9.808920115828258,10
2225112,9.75585604841226,3
2225128,9.700352240150462,16
2225129,10.0,1
2225135,9.911999583807075,6
2225136,10.0,1
2225137,10.0,1
2225147,9.793342985523495,10
2225157,9.813586164327365,10
2225162,9.922324409204641,5
2225176,9.713466279238908,14
2225184,9.838579652825675,8
2225194,9.798924268663272,10
2225239,9.080175494014474,45
2225242,9.965273061282922,3
2225253,9.781809390578829,11
2225265,9.739539014351813,12
2225271,9.899107720987338,6
2225286,9.689673400763063,15
2225298,9.740205750540385,12
2225308,9.784254660714877,10
2225315,9.861344935826867,7
2225322,9.851169885113663,7
2225326,9.942416909411266,4
2225332,9.87102241045834,6
2225339,9.897720662516473,7
2225342,9.966019700058425,3
2225351,9.815057310133376,9
2225354,9.963216641089724,3
2225363,9.823529046708229,9
2225373,9.786216925332246,10
2225380,9.883178915634248,7
2225387,9.879952299438063,7
2225396,9.804189507190998,9
2225405,9.822425774677056,9
2225409,9.930836850227799,4
2225421,9.753174206531751,12
2225425,9.953772202080028,4
2225430,9.917011618114945,5
2225437,9.849014673627401,7
2225440,9.945629545787444,3
2225448,9.841072415716768,8
2225453,9.911707737104317,5
2225461,9.878212177113584,8
2225474,9.750090917079365,13
2225475,10.0,1
2225486,9.799918110767619,11
2225497,9.773431361423746,11
2225503,9.890688020752519,6
2225517,9.710579144155664,14
2225518,10.0,1
2225533,9.682141868820954,15
2225538,9.907123303851112,5
2225543,9.928482635670813,5
2225560,9.619586563378112,17
2225571,9.753449905133952,11
2225581,9.79608314329203,10
2225592,9.780223348289262,11
2225603,9.770933663248533,11
2225617,9.736297097894484,14
2225620,9.971886895205092,3
2225626,9.881490308001965,6
2225634,9.855858634254485,8
2225640,9.906882318479445,6
2225646,9.901473524453406,6
2225652,9.89010087169025,6
2225657,9.915078739336206,5
2225672,9.653924934829284,15
2225680,9.838647297442371,8
2225688,9.851299205316229,8
2225694,9.885837095642614,6
2225705,9.801026078860968,11
2225714,9.82833754502654,9
2225727,9.740523467888396,13
2225728,10.0,1
2225736,9.822788117556103,8
2225743,9.865428499827532,7
2225757,9.736930215763342,14
2225762,9.914557389174773,5
2225774,9.729297935993266,12
2225778,9.948151341022252,4
2225782,9.948512326541406,4
2225790,9.851246386080614,8
2225799,9.80714586299747,9
2225805,9.903671591943873,6
2225816,9.648172379465635,11
2225824,9.84181163547292,8
2225836,9.739300376340315,12
2225843,9.8566994988092,7
2225847,9.943895524828267,4
2225854,9.871994036957751,7
2225859,9.927691835924549,5
2225869,9.83064542180984,10
2225880,9.770697143740318,11
2225882,9.984497244697625,2
2225883,10.0,1
2225890,9.865321902738748,7
2225891,9.996583548655208,1
2225903,9.730369096354872,12
2225923,9.517239377138937,20
2225935,9.737728335534403,12
2225945,9.795885143727281,10
2225957,9.747801502928366,12
2225968,9.784003026884882,11
2225975,9.86116872502573,7
2225976,10.0,1
2225984,9.823170509937185,8
2225986,9.980688505726045,2
2226003,9.646382426193338,17
2226023,9.587990549542617,20
2226026,9.957938590533754,3
2226039,9.705026067998416,13
2226049,9.817373973254787,10
2226059,9.770615267532927,10
2226069,9.800575595335234,10
2226075,9.88125816865968,6
2226085,9.78670448650349,10
2226091,9.9033847343946,6
2226096,9.938389695107178,5
2226097,10.0,1
2226098,10.0,1
2226106,9.866848876156892,8
2226116,9.780578328487831,10
2226133,9.677523219496253,17
2226145,9.746622846118495,12
2226151,9.893298251789949,6
2226165,9.716222991656155,14
2226166,10.0,1
2226177,9.78967763997458,11
2226185,9.863414655501044,8
2226196,9.706039027155429,11
2226203,9.880631059184248,7
2226213,9.78811301483207,10
2226217,9.953514037185808,4
2226228,9.743392762379873,11
2226237,9.820255849759146,9
2226250,9.723523662578545,13
2226265,9.361813150791564,15
2226271,9.908419151072824,6
2226276,9.899202838157086,5
2226284,9.871256834324804,8
2226301,9.621212538691553,17
2226309,9.870743096522022,8
2226324,9.665579998466363,15
2226347,9.409556281550032,23
2226348,10.0,1
2226349,10.0,1
2226360,9.757307837822239,11
2226362,9.970762281004454,2
2226374,9.731005083795194,12
2226375,9.986570505551802,1
2226391,9.694043598860157,16
2226398,9.886990074971331,7
2226404,9.88093854739392,6
2226414,9.811099242757761,10
2226433,9.573462659819283,19
2226441,9.852704392397708,8
2226450,9.862468356176118,9
2226451,9.98904122339442,1
2226464,9.723325809493222,13
2226469,9.921078355100807,5
2226484,9.668087011653016,15
2226485,10.0,1
2226503,9.51962621369997,18
2226513,9.810666660289307,10
2226517,9.929352698680487,4
2226523,9.893941261619204,6
2226526,9.952320347576649,3
2226541,9.688974250132969,15
2226545,9.932554604575747,4
2226555,9.80056370329693,10
2226559,9.944074805969437,4
2226571,9.725352405649689,12
2226574,9.854922989245098,3
2226585,9.81499835475412,11
2226595,9.784280268937563,10
2226608,9.68979056929674,13
2226612,9.93401151022622,4
2226617,9.91676728867356,5
2226627,9.810587226425326,10
2226629,9.971715697785992,2
2226641,9.757591073836767,12
2226646,9.92499651219307,5
2226651,9.911487282921584,5
2226667,9.689647265233658,16
2226668,10.0,1
2226674,9.886929379116948,6
2226680,9.902853444010374,6
2226694,9.671488184790695,14
2226697,9.9539688217713,3
2226703,9.89627204444201,6
2226704,10.0,1
2226710,9.908891052255438,6
2226721,9.78382732478676,11
2226722,9.9928856552027,1
2226736,9.669447531943806,14
2226750,9.739158483912776,14
2226764,9.753163885999342,14
2226775,9.782895417315505,11
2226776,10.0,1
2226788,9.73266950693384,12
2226789,10.0,1
2226796,9.867229805495091,7
2226809,9.701368635080255,13
2226819,9.786836450683683,10
2226821,9.975453481506092,2
2226822,9.99671739771315,1
2226823,10.0,1
2226837,9.68556483217958,14
2226845,9.840603718100668,8
2226846,10.0,1
2226847,10.0,1
2226857,9.778548616060634,10
2226859,9.979012461224748,2
2226866,9.862579166153582,7
2226876,9.81094575578508,10
2226902,9.5019734419871,26
2226906,9.9549787998896,4
2226922,9.644602070582458,16
2226930,9.838394105061905,8
2226931,10.0,1
2226934,9.967532151358713,3
2226939,9.940821232157488,5
2226954,9.682481581915265,15
2226959,9.912475696597884,5
2226963,9.94285800541706,4
2226969,9.898724480012984,6
2226970,10.0,1
2226971,10.0,1
2226978,9.86296125866048,7
2226982,9.943620874878112,4
2226992,9.78722840204259,10
2226999,9.859326229261876,7
2227001,9.974456008341024,2
2227012,9.766778837508616,11
2227027,9.643171057389681,15
2227036,9.82704794574292,9
2227047,9.574576763493829,11
2227057,9.835082967000451,10
2227065,9.854550962004895,8
2227069,9.9458922604541,4
2227077,9.8415072434292,8
2227092,9.695733894403734,15
2227102,9.797692328543988,10
2227114,9.719524371403628,12
2227122,9.843652509616273,8
2227126,9.925804078569493,4
2227136,9.783760117224293,10
2227151,9.71849132432199,15
2227157,9.90104020916759,6
2227169,9.743797346449249,12
2227178,9.801028800418335,9
2227183,9.923918343294964,5
2227188,9.925822286727565,5
2227189,10.0,1
2227198,9.813642207041081,9
2227202,9.926598257771499,4
2227212,9.80552808150126,10
2227220,9.857187950057128,8
2227234,9.665885674062366,14
2227239,9.913334909454456,5
2227253,9.641472481907439,14
2227261,9.839616577936837,8
2227275,9.67862731072804,14
2227278,9.956689683271735,3
2227284,9.895617993277819,6
2227291,9.87475821862801,7
2227299,9.867187740363992,8
2227304,9.926926168470066,5
2227308,9.945344138675951,4
2227313,9.913269176751633,5
2227323,9.807694264780114,10
2227330,9.880601202817584,7
2227356,9.568140190309014,26
2227367,9.777950926772354,11
2227385,9.570928068483983,18
2227397,9.766383674947749,12
2227417,9.609230171959714,20
2227418,10.0,1
2227422,9.92945355888817,4
2227429,9.877704219125869,7
2227431,9.973383183018104,2
2227444,9.707472775189968,13
2227450,9.902672244326563,6
2227452,9.972361903595033,2
2227459,9.901200676772637,7
2227465,9.889167451927538,6
2227466,10.0,1
2227467,10.0,1
2227476,9.843978808694644,9
2227486,9.7899331811849,10
2227507,9.313186007910438,21
2227517,9.79583204376158,10
2227526,9.818254709895307,9
2227539,9.710981025777683,13
2227543,9.827922774784891,4
2227556,9.699628029798097,13
2227561,9.921555752917374,5
2227570,9.798140022483976,9
2227580,9.790105771567807,10
2227586,9.892671098799557,6
2227589,9.954795997329061,3
2227599,9.8261209167417,10
2227600,10.0,1
2227601,10.0,1
2227605,9.9351089931343,4
2227614,9.84674690396517,9
2227625,9.77646850113291,11
2227626,10.0,1
2227632,9.881934200091829,6
2227635,9.961946052889973,3
2227639,9.9307009410575,4
2227657,9.570500235308787,18
2227670,9.711555212170728,13
2227673,9.96781705369234,3
2227688,9.663602173511606,15
2227689,10.0,1
2227702,9.702083551315848,13
2227711,9.817057751081792,9
2227725,9.705598612205758,14
2227728,9.962112732046384,3
2227737,9.828754387921212,9
2227740,9.964339738454715,3
2227751,9.747113250462258,11
2227757,9.905466322061176,6
2227769,9.748890905821188,12
2227771,9.984319749795718,2
2227785,9.726967529663776,14
2227801,8.241602935415493,16
2227812,9.786621537626383,11
2227820,9.829221971311467,8
2227824,9.942107537845338,4
2227825,10.0,1
2227834,9.82314007687565,9
2227835,9.992280885053189,1
2227843,9.841120655901102,8
2227853,9.8132971485373,10
2227862,9.821042436848868,9
2227875,9.758420513282326,13
2227876,10.0,1
2227880,9.931099828110778,4
2227902,9.57024019559304,22
2227910,9.840192122556745,8
2227916,9.911971536729705,6
2227931,9.657307280785595,15
2227944,9.681160523034478,13
2227945,10.0,1
2227956,9.675859404954666,11
2227965,9.836690081988793,9
2227979,9.664724164104165,14
2227987,9.85776091672432,8
2228003,9.612535139385804,16
2228011,9.833965778205508,8
2228019,9.836010817419819,8
2228022,9.949946807304434,3
2228023,10.0,1
2228024,10.0,1
2228040,9.622667883706498,16
2228059,9.597621481651878,19
2228076,9.637001042217086,17
2228089,9.55894435326071,13
2228097,9.845809773760998,8
2228099,9.984713407566378,2
2228101,9.976575667797299,2
2228119,9.60644489932295,18
2228127,9.852889305392605,8
2228137,9.784635206620784,10
2228148,9.76514479323134,11
2228164,9.494998021070906,16
2228171,9.874700750894393,7
2228183,9.723327397841775,12
2228193,9.79338397435187,10
2228195,9.977500555996116,2
2228203,9.835489850737128,8
2228211,9.84495859528507,8
2228232,9.471023871306746,21
2228242,9.780074641833092,10
2228248,9.882946707740834,6
2228249,9.99632532199694,1
2228260,8.79486559174725,11
2228265,9.915793909092296,5
2228284,9.58426926455433,19
2228290,9.898706698400476,6
2228297,9.886016722635405,7
2228312,9.73410027596559,15
2228320,9.853627189672615,8
2228324,9.933451051335126,4
2228325,10.0,1
2228329,9.945773976653687,4
2228342,9.74113420405313,13
2228352,9.820881208886698,10
2228367,9.56591782124921,15
2228373,9.877088745900068,6
2228383,9.787736808717444,10
2228390,9.869732386799672,7
2228393,9.959115932639403,3
2228397,9.952492277617157,4
2228402,9.929746388422359,5
2228409,9.868301422070596,7
2228412,9.954858057429227,3
2228425,9.716947126627119,13
2228439,9.677031938221687,14
2228449,9.790086369326085,10
2228459,9.791229231359925,10
2228469,9.768548678676792,10
2228478,9.846512313755849,9
2228479,10.0,1
2228486,9.877114099855737,7
2228497,9.774450104066435,11
2228513,9.64954180619293,16
2228529,9.65063292119967,16
2228537,9.847052460205035,8
2228550,9.722131464409474,13
2228555,9.806552989864086,5
2228560,9.921796735091084,5
2228572,9.750957628998478,12
2228574,9.985055783703938,2
2228591,9.628884285091267,17
2228603,9.760123425321995,12
2228604,9.996655064082606,1
2228612,9.873541673573074,8
2228615,9.962318655074919,3
2228626,9.78771089627933,11
2228633,9.855847340980294,7
2228640,9.881729316251294,7
2228655,9.649738918216462,15
2228669,9.71522163572893,14
2228682,9.71655949417972,13
2228698,9.656210647549859,16
2228706,9.850060637190719,8
2228718,9.749627615305078,12
2228735,9.451895853114664,17
2228745,9.799277725341646,10
2228751,9.889687873387212,6
2228757,9.905154088002046,6
2228765,9.828998561928417,8
2228776,9.76674120463336,11
2228786,9.80484367862502,10
2228804,9.614011970280515,18
2228811,9.67136254631189,7
2228821,9.80604064852138,10
2228830,9.816191042040426,9
2228838,9.835233846069581,8
2228853,9.685167667240794,15
2228863,9.793000697265727,10
2228870,9.85981729885132,7
2228873,9.969309619510359,3
2228881,9.546712613054023,8
2228887,9.885107797436637,6
2228896,9.807984159312776,9
2228898,9.976230015666166,2
2228899,10.0,1
2228900,10.0,1
2228912,9.727865684693619,12
2228920,9.870260996278558,8
2228932,9.724653445855031,12
2228960,9.221736778998626,28
2228977,9.61405194718585,17
2228998,9.5674906051605,21
2229007,9.830393737230041,9
2229012,9.932757644848744,5
2229022,9.83930318949169,10
2229032,9.792188370910853,10
2229038,9.901956226075685,6
2229055,9.140568005477727,17
2229068,9.71218818187439,13
2229070,9.971152771009661,2
2229076,9.89249734978429,6
2229081,9.910844413736912,5
2229090,9.800471927316242,9
2229117,5.175447339350899,27
2229121,9.940080746307531,4
2229132,9.79155304740484,11
2229143,9.761477359724072,11
2229150,9.863157037796485,7
2229151,9.995897280013413,1
2229155,9.935349194834831,4
2229168,9.720259791154795,13
2229178,9.813109698792159,10
2229185,9.861760667533844,7
2229192,9.859224069141188,7
2229193,9.996541756651933,1
2229205,9.757146715528465,12
2229215,9.81829881229964,10
2229225,9.789204384339982,10
2229235,9.764999039733121,10
2229242,9.686081237956673,7
2229243,10.0,1
2229253,9.78515685679369,10
2229264,9.768349545316083,11
2229278,9.676947395371464,14
2229288,9.807176917774862,10
2229295,9.876323273693602,7
2229308,9.738870952462,13
2229312,9.945859038720387,4
2229325,9.707340524899223,13
2229335,9.785401958169604,10
2229345,9.790227605489136,10
2229351,9.898709537666656,6
2229363,9.763045670876485,12
2229373,9.79417033186354,10
2229380,9.856573898735892,7
2229388,9.843659832679224,8
2229396,9.843578285619104,8
2229404,9.859852771097376,8
2229405,10.0,1
2229418,9.70560152532806,13
2229426,9.860740381806709,8
2229433,9.873012523562123,7
2229444,9.75805921449527,11
2229456,9.81597053113378,12
2229461,9.907836701183404,5
2229465,9.92647130890521,4
2229479,9.77007206278765,14
2229483,9.929111034742961,4
2229489,9.889067701965242,6
2229507,9.525547309909836,18
2229517,9.789718935308818,10
2229534,9.61932288630143,17
2229553,9.651593406465032,19
2229560,9.862419759247572,7
2229571,9.749802448394908,11
2229572,9.995854021236891,1
2229580,9.869663406125525,8
2229581,10.0,1
2229590,9.848158963137772,9
2229600,9.798426614039096,10
2229612,9.731727973240757,12
2229625,9.698996375623896,13
2229634,9.83173016146056,9
2229636,9.97047004334623,2
2229646,9.790518290870047,10
2229655,9.815298475168362,9
2229660,9.917566720647645,5
2229670,9.764979288335292,10
2229684,9.680477996746758,14
2229685,10.0,1
2229692,9.877236709688654,7
2229698,9.904758112961838,6
2229699,9.991465967475893,1
2229700,10.0,1
2229709,9.814852672864303,9
2229720,9.764916828615322,11
2229721,10.0,1
2229722,10.0,1
2229725,9.94750642811406,3
2229732,9.594894480388637,7
2229743,9.751132130737721,11
2229762,9.502338400823495,19
2229766,9.929925188539398,4
2229769,9.96178132330591,3
2229779,9.797926552907805,10
2229787,9.829657213316578,8
2229797,9.789331128995775,10
2229808,9.755416750207612,11
2229823,9.662888516270852,15
2229826,9.954157694798111,3
2229840,9.67296346325619,14
2229851,9.759129941706597,11
2229863,9.776850706983202,12
2229877,9.689699845184057,14
2229880,9.957177859926784,3
2229887,9.87335336659126,7
2229897,9.77146649940569,10
2229902,9.913023298312662,5
2229909,9.879278466250852,7
2229924,9.647334863646634,15
2229927,9.955412927883822,3
2229934,9.860403809319111,7
2229939,9.924705424619825,5
2229952,9.692582038904627,13
2229963,9.736406924503026,11
2229969,9.891929341213306,6
2229976,9.869571261245529,7
2229987,9.783992021612235,11
2230005,9.669810077570421,18
2230011,9.890522469331412,6
2230012,10.0,1
2230016,9.920705008184513,4
2230030,9.691285146106019,14
2230038,9.841627048668693,8
2230041,9.955217946351327,3
2230046,9.912122369014885,5
2230050,9.940219664621717,4
2230059,9.816251478716453,9
2230071,9.727740909281502,12
2230080,9.795242629633877,9
2230092,9.773561471801939,12
2230103,9.76383707853443,11
2230104,10.0,1
2230109,9.919147014636025,5
2230116,9.884803654569914,7
2230131,9.653713254437958,15
2230135,9.940873192163073,4
2230143,9.838678485287556,8
2230155,9.769244191284116,12
2230167,9.772724508961605,12
2230179,9.738565051477336,12
2230183,9.927117556996778,4
2230201,9.646650571845916,18
2230207,9.893676824719584,6
2230226,9.441016572725305,19
2230238,9.351450204704669,12
2230251,9.746543678895307,13
2230258,9.847831129420927,7
2230259,10.0,1
2230269,9.7948767721942,10
2230274,9.911263068304132,5
2230282,9.816214631603708,8
2230290,9.845105577703022,8
2230297,9.861378245270842,7
2230298,10.0,1
2230316,9.586008615747193,18
2230317,10.0,1
2230327,9.770471907931492,10
2230328,9.989030314810705,1
2230329,10.0,1
2230343,9.730415797590583,14
2230843,-17.061324940038343,500
2230848,9.915243518088877,5
2230852,9.93006837631379,4
2230853,10.0,1
2230859,9.9057592507246,6
2230867,9.846216250708636,8
2230870,9.963112718098936,3
2230871,10.0,1
2230883,9.77042578007023,12
2230895,9.749447655395635,12
2230900,9.903379062988519,5
2230907,9.892166856804627,7
2230912,9.919419838964798,5
2230923,9.790236229506128,11
2230931,9.837176754756799,8
2230961,8.900931882284379,30
2230966,9.916051157581267,5
2230974,9.846064174964063,8
2230998,9.410120051275252,24
2231009,9.76896252910607,11
2231014,9.916701844209774,5
2231024,9.790167553964427,10
2231031,9.880863943880016,7
2231046,9.643866482734618,15
2231059,9.747419522065693,13
2231062,9.963960484117255,3
2231074,9.657464954225821,12
2231082,9.835398892555249,8
2231090,9.852068329577847,8
2231104,9.722134973064811,14
2231113,9.819310980282998,9
2231118,9.915828103572839,5
2231132,9.673107688296914,14
2231138,9.898720759116278,6
2231143,9.899560506327006,5
2231158,9.64190076761858,15
2231163,9.906548588985562,5
2231169,9.904144958973088,6
2231180,9.762874213574756,11
2231190,9.820450442202574,10
2231213,9.421764358986216,23
2231221,9.850193370843021,8
2231234,9.732329093704125,13
2231247,9.782962750598985,13
2231252,9.9272319451673,5
2231258,9.896957993164328,6
2231269,9.762311999795369,11
2231284,9.695738644519812,15
2231295,9.764540427144203,11
2231301,9.9018652875203,6
2231324,9.450969931053802,23
2231333,9.836069953731167,9
2231334,10.0,1
2231338,9.935027465957047,4
2231339,10.0,1
2231348,9.83072100256287,9
2231362,9.712891114798412,14
2231363,10.0,1
2231366,9.965672884133632,3
2231374,9.822945788192603,8
2231388,9.724335011510613,14
2231396,9.856404074301198,8
2231406,9.815332327938977,10
2231410,9.937309853003129,4
2231417,9.85937691489755,7
2231420,9.970191294005398,3
2231432,9.749186984888864,12
2231447,9.658226995791807,15
2231457,9.837259645160353,10
2231463,9.888688030786208,6
2231469,9.888327857165958,6
2231476,9.892912774236487,7
2231489,9.693995877557233,13
2231496,9.869115822644007,7
2231505,9.80037343954126,9
2231519,9.665217403118557,14
2231530,9.770652354468805,11
2231540,9.805182596188294,10
2231544,9.947613834327077,4
2231552,9.835978693472402,8
2231564,9.74671496267212,12
2231571,9.879833977367646,7
2231583,9.756365194926598,12
2231592,9.86329834913547,9
2231596,9.939629682499517,4
2231599,9.946901065860883,3
2231607,9.82402318690769,8
2231608,10.0,1
2231613,9.93132248941164,5
2231622,9.841552899632235,9
2231623,10.0,1
2231633,9.818659680487778,10
2231642,9.68014028170572,9
2231645,9.95432240195681,3
2231656,9.75832006690025,11
2231659,9.95438481199912,3
2231671,9.73435215314222,12
2231678,9.87004382280704,7
2231693,9.678365963637377,15
2231694,10.0,1
2231712,9.655998871381223,18
2231723,9.792511805693422,11
2231728,9.921617369898039,5
2231735,9.845069572923686,7
2231744,9.808853900004332,9
2231755,9.821958025991401,11
2231758,9.96115176692926,3
2231766,9.836498926129366,8
2231769,9.964053596647307,3
2231774,9.90781411046678,5
2231778,9.919987966201457,4
2231787,9.82866088405239,9
2231794,9.90050079416204,7
2231801,9.865797001469836,7
2231811,9.789560214725801,10
2231824,9.696289665911682,13
2231833,9.805129857056462,9
2231845,9.793611294462684,12
2231846,10.0,1
2231853,9.87514531589551,7
2231860,9.840558677636853,7
2231871,9.79402702335134,11
2231882,9.76949596443153,11
2231891,9.816525005076498,9
2231901,9.807426351021586,10
2231914,9.725621027243518,13
2231922,9.838677558942067,8
2231926,9.939791153970425,4
2231930,9.928978395775543,4
2231940,9.782770056949524,10
2231951,9.764245981512566,11
2231962,9.65478470275335,11
2231972,9.800521900516545,10
2231978,9.887190521536086,6
2231989,9.789471343881068,11
2232000,9.815013134734812,11
2232005,9.908010819665082,5
2232009,9.940540917224546,4
2232018,9.816958901935523,9
2232023,9.928908216512541,5
2232030,9.871548421959677,7
2232031,10.0,1
2232041,9.802631415993751,10
2232043,9.980940461990514,2
2232044,10.0,1
2232058,9.736057830657245,14
2232067,9.839311359342929,9
2232072,9.916052902825085,5
2232084,9.772004768621846,12
2232085,10.0,1
2232101,9.596934628803563,16
2232109,9.849556751020867,8
2232111,9.973576551545618,2
2232120,9.822293935616546,9
2232136,9.621016706491469,16
2232147,9.772598294024377,11
2232162,9.551600504621405,15
2232169,9.874418694261776,7
2232177,9.836033785301101,8
2232198,6.315275973382981,21
2232209,9.768924783526076,11
2232216,9.85075429785025,7
2232223,9.883296225390866,7
2232238,9.656235086612115,15
2232245,9.87619310811872,7
2232251,9.912594422469542,6
2232263,9.70278727800795,12
2232270,9.873217870105908,7
2232281,9.747262173829828,11
2232288,9.861241483441436,7
2232290,9.97251746656538,2
2232301,9.75978938426504,11
2232309,9.841264543503463,8
2232315,9.894288782388234,6
2232333,9.651918739269822,18
2232345,9.762969499971021,12
2232358,9.776524391756828,13
2232367,9.832842423213089,9
2232368,10.0,1
2232371,9.959554071919754,3
2232376,9.899210815109678,5
2232385,9.808881468152975,9
2232394,9.814019194206507,9
2232404,9.802561147261194,10
2232417,9.692905059945259,13
2232425,9.844394408208977,8
2232436,9.766343594798537,11
2232447,9.783529172792232,11
2232449,9.979829434146753,2
2232461,9.746503701312122,12
2232472,9.77020784885069,11
2232479,9.867776450691304,7
2232481,9.974751254084573,2
2232496,9.657163243646012,15
2232507,9.742991324349132,11
2232515,9.854216123911225,8
2232516,10.0,1
2232526,9.819551880464946,10
2232533,9.867782469147931,7
2232540,9.856792038037415,7
2232548,9.822701388789653,8
2232563,9.676899552678643,15
2232574,9.770600891382108,11
2232582,9.852676210423914,8
2232587,9.914066728825727,5
2232600,9.712452581986707,13
2232619,7.948213935952775,19
2232624,9.917407116241973,5
2232636,9.796361112510708,12
2232651,9.641716580243909,15
2232658,9.8544158643244,7
2232667,9.843859140742898,9
2232675,9.873076282193695,8
2232690,9.75342594501402,15
2232691,10.0,1
2232701,9.804876716127094,10
2232706,9.91787903840374,5
2232707,10.0,1
2232718,9.755935723958695,11
2232727,9.825054372376483,9
2232737,9.806865643510141,10
2232751,9.654319928535168,14
2232752,9.996533795357973,1
2232769,9.32562990882522,17
2232770,10.0,1
2232771,10.0,1
2232780,9.823425621286507,9
2232783,9.952762641850379,3
2232797,9.701343665352098,14
2232807,9.813114706671449,10
2232819,9.741188346826476,12
2232822,9.9686006518094,3
2232832,9.79873005695929,10
2232833,10.0,1
2232841,9.857299146917159,8
2232856,9.621775143684463,15
2232857,10.0,1
2232866,9.834834252152655,9
2232876,9.777469073585586,10
2232886,9.793206979656254,10
2232894,9.87789944966171,8
2232897,9.962183196333008,3
2232908,9.751169959814636,11
2232912,9.939319082677102,4
2232923,9.812411356915447,11
2232941,9.602974620304575,18
2232958,9.644921292803351,17
2232971,9.681009066965327,13
2232981,9.708160397014476,10
2232994,9.744090447150942,13
2232995,10.0,1
2233008,9.765188660271743,13
2233508,-214.06705664406502,500
2233509,10.0,1
2233516,9.872673505292436,7
2233525,9.817417691260435,9
2233540,9.692816519850135,15
2233547,9.864115404531288,7
2233555,9.83107856458397,8
2233577,9.482792359035166,22
2233583,9.902403818996344,6
2233584,10.0,1
2233587,9.961944310218511,3
2233594,9.88099155471848,7
2233604,9.775104422140979,10
2233610,9.909293577529972,6
2233611,9.986526082900848,1
2233612,10.0,1
2233613,10.0,1
2233629,9.684540101950907,16
2233633,9.944131418802305,4
2233641,9.829475254270486,8
2233652,9.767505713606772,11
2233657,9.914992565468772,5
2233662,9.926072592081962,5
2233663,10.0,1
2233680,9.592794102461616,17
2233681,9.992082174831474,1
2233691,9.780871682112858,10
2233697,9.901733366199766,6
2233705,9.839952930971473,8
2233712,9.869210445780341,7
2233724,9.732649938344741,12
2233735,9.756520575776573,11
2233753,9.286201846397843,18
2233761,9.833170490333101,8
2233770,9.824775368025652,9
2233780,9.774047060492318,10
2233796,9.6753253288032,16
2233804,9.847163184304188,8
2233810,9.887137033296494,6
2233811,10.0,1
2233824,9.710877566743298,13
2233835,9.745290005585721,11
2233844,9.81510288440738,9
2233845,10.0,1
2233852,9.880820174159963,7
2233853,10.0,1
2233863,9.79519565459868,10
2233872,9.826158720816359,9
2233884,9.751705727827973,12
2233892,9.870997447514165,8
2233902,9.797999661316634,10
2233915,9.72464358918697,13
2233916,10.0,1
2233924,9.827530375375703,8
2233937,9.606347546167672,13
2233952,9.678609928763393,15
2233964,9.772900208101369,12
2233976,9.74886203500375,12
2233985,9.810503392846925,9
2233991,9.905129423277202,6
2234007,9.650730499858598,16
2234015,9.843780487390035,8
2234018,9.964880637604658,3
2234030,9.72956363220458,12
2234043,9.715550404374316,13
2234054,9.782701850534675,11
2234068,9.69051746717097,14
2234079,9.752375077539385,11
2234090,9.770931076035305,11
2234108,9.601635326789294,18
2234112,9.93950255742519,4
2234129,9.705883301571983,17
2234146,9.651811281153257,17
2234168,9.560862698294349,22
2234668,-90.85511744602897,500
2235168,-218.5140795258897,500
2235172,9.939028010453459,4
2235185,9.685867904045804,13
2235194,9.832679541454954,9
2235200,9.89214853028528,6
2235209,9.800064246127327,9
2235216,9.847212154697855,7
2235235,9.530467536511699,19
2235243,9.829124764028446,8
2235253,9.77677570006567,10
2235260,9.869265668252682,7
2235274,9.702327427345883,14
2235282,9.8175734991006,8
2235283,10.0,1
2235284,10.0,1
2235299,9.702401499065452,15
2235309,9.671293991029533,10
2235314,9.927682836200718,5
2235328,9.705363155803145,14
2235341,9.71476903985392,13
2235350,9.85612974092158,9
2235359,9.843043945769534,9
2235361,9.971856236200788,2
2235369,9.864611066687972,8
2235378,9.798564972452017,9
2235379,10.0,1
2235390,9.762777104712512,11
2235395,9.908838161487733,5
2235407,9.7221517438363,12
2235410,9.950581196793191,3
2235425,9.661661898815911,15
2235426,10.0,1
2235435,9.814262466832671,9
2235448,9.764843148707099,13
2235455,9.850807782501525,7
2235458,9.956160519158026,3
2235468,9.798671186835502,10
2235485,9.655706178497718,17
2235494,9.851452563332243,9
2235502,9.862562272127297,8
2235507,9.930402132817527,5
2235518,9.777698792060237,11
2235530,9.740439282279151,12
2235540,9.798557328355749,10
2235557,9.634506392228355,17
2235568,9.768365590788855,11
2235569,10.0,1
2235576,9.871487517590957,7
2235681,7.638725902887527,105
2235692,9.74626881968551,11
2235712,9.562661657022625,20
2235740,9.46290511049111,28
2235753,9.74219844775355,13
2235765,9.765520857074826,12
2235772,9.871452875581182,7
2235780,9.831610157471188,8
2235795,9.668114750547112,15
2235816,9.615399595634083,21
2235826,9.827727396930555,10
2235837,9.773573347988055,11
2235846,9.816779303733679,9
2235853,9.856608999906815,7
2235858,9.91246801823332,5
2235873,9.495202293935845,15
2235883,9.80179014059524,10
2235894,9.77331154416166,11
2235895,10.0,1
2235909,9.69303750094933,14
2235910,10.0,1
2235914,9.935605799181268,4
2235925,9.76068066020617,11
2235936,9.768035163460754,11
2235946,9.833378520704445,10
2235964,9.605814556022601,18
2235977,9.703739610758372,13
2235984,9.8896492287739,7
2235989,9.909811063719134,5
2235994,9.910837837718287,5
2235995,10.0,1
2236004,9.830943008030388,9
2236011,9.885814031780473,7
2236028,9.60540842480091,17
2236040,9.722787859672689,12
2236048,9.84344666112991,8
2236059,9.750541814929,11
2236064,9.921327660008568,5
2236072,9.870062110148593,8
2236085,9.716326581876512,13
2236101,9.657403179355793,16
2236112,9.686936025748345,11
2236132,9.557088111232643,20
2236145,9.691851066508915,13
2236147,9.770702946120597,2
2236148,10.0,1
2236153,9.924994360997045,5
2236167,9.672335260899985,14
2236175,9.840272512673408,8
2236183,9.849159151896217,8
2236194,9.748716576945466,11
2236206,9.741749253869399,12
2236215,9.80814405564456,9
2236232,9.593714271476248,17
2236233,10.0,1
2236238,9.92019458982699,5
2236256,9.565834323974425,18
2236264,9.850121779692135,8
2236268,9.94527097446663,4
2236269,10.0,1
2236275,9.891023139738893,6
2236292,9.65116219218164,17
2236305,9.714614639593487,13
2236313,9.844883086086494,8
2236325,9.781678770253116,12
2236339,9.685295625078865,14
2236347,9.868617076095513,8
2236356,9.836700069208163,9
2236373,9.61856478801844,17
2236386,9.711979412979243,13
2236387,10.0,1
2236396,9.819687700810093,9
2236401,9.918424701841948,5
2236406,9.90645760466219,5
2236407,10.0,1
2236418,9.75469600069121,11
2236426,9.843695938030047,8
2236430,9.94004322352254,4
2236431,10.0,1
2236434,9.953175541206123,3
2236442,9.857689365956624,8
2236454,9.7724120122735,12
2236458,9.939820889201021,4
2236470,9.760264595774098,12
2236474,9.947861142576885,4
2236487,9.709156715861214,13
2236488,10.0,1
2236503,9.643052159471301,15
2236510,9.666250474786331,7
2236516,9.885384949748197,6
2236519,9.954518491177417,3
2236527,9.844399626456703,8
2236537,9.758986277581538,10
2236540,9.955565420472965,3
2236541,10.0,1
2236549,9.851465517061126,8
2236560,9.749342010336916,11
2236567,9.861564743738372,7
2236585,9.600291459146456,18
2236592,9.901880714355144,7
2236597,9.916738116723087,5
2236601,9.947329057175665,4
2236610,9.819711926778698,9
2236613,9.956441202947385,3
2236619,9.899289902839046,6
2236627,9.82408116045495,8
2236633,9.897979490091958,6
2236640,9.877735693253982,7
2236656,9.719452366961267,16
2236671,9.6437273337356,15
2236676,9.917370898249223,5
2236684,9.838137124709503,8
2236698,9.580909734980954,14
2236749,8.9414592934548,51
2236764,9.651700550230103,15
2236774,9.775568497582103,10
2236784,9.77790243088875,10
2236790,9.90148017998861,6
2236801,9.772891888340647,11
2236815,9.706672650169551,14
2236820,9.910059272527372,5
2236833,9.707737679091249,13
2236834,10.0,1
2236842,9.846783099397445,8
2236843,10.0,1
2236850,9.875095903714579,7
2236855,9.911385706652176,5
2236865,9.794380649369003,10
2236871,9.881983658792354,6
2236880,9.825520753487291,9
2236891,9.780828748088148,11
2236897,9.897277620943987,6
2236904,9.870430418296587,7
2236911,9.861800676293864,7
2236914,9.96095731031859,3
2236933,9.587551054870465,19
2236934,9.996281960108643,1
2236937,9.861340360559488,3
2236942,9.910560410829458,5
2236951,9.807980186680098,9
2236962,9.757236755337459,11
2236963,9.988816064270626,1
2236972,9.810097510151783,9
2236979,9.873290044583857,7
2236980,9.988915130174114,1
2236994,9.678358740288104,14
2237003,9.831816757811595,9
2237010,9.876916710661291,7
2237018,9.83408217734261,8
2237028,9.783931916639654,10
2237039,9.760807173182652,11
2237047,9.761316899794807,8
2237055,9.86732809403646,8
2237056,10.0,1
2237059,9.967144992368251,3
2237076,9.644224103452451,17
2237079,9.95323993870629,3
2237091,9.745457920524139,12
2237092,9.9893748553268,1
2237102,9.792673058653444,10
2237118,9.66287478361619,16
2237131,9.78507218660046,13
2237132,10.0,1
2237138,9.89457634068552,6
2237150,9.751478705627338,12
2237158,9.846166965126868,8
2237167,9.820841236189409,9
2237176,9.804755127914005,9
2237190,9.66637160321302,14
2237204,9.675299967748884,14
2237209,9.924441866240493,5
2237210,10.0,1
2237223,9.711924612221045,13
2237226,9.961798655463026,3
2237232,9.883453062897695,6
2237239,9.886398573880475,7
2237252,9.708128401685576,13
2237259,9.882472361011063,7
2237271,9.75575523876775,12
2237279,9.851536947956989,8
2237287,9.825668473864006,8
2237298,9.474225174704284,11
2237307,9.811168131188817,9
2237313,9.883566163091619,6
2237335,9.54403941354725,22
2237362,9.547883818749051,27
2237377,9.698580354750645,15
2237387,9.789180604002114,10
2237402,9.674621193267983,15
2237403,10.0,1
2237410,9.875407786469212,7
2237422,9.754817508150557,12
2237423,10.0,1
2237428,9.917774789207922,5
2237439,9.785019319129885,11
2237442,9.960471997917864,3
2237451,9.82481058139351,9
2237457,9.88541054998765,6
2237467,9.770412234812232,10
2237468,10.0,1
2237483,9.65875114571891,15
2237488,9.924589435421778,5
2237495,9.866380239458605,7
2237501,9.916733728588799,6
2237514,9.713843896418277,13
2237526,9.720651305935629,12
2237539,9.703701682042354,13
2237551,9.745753502132052,12
2237561,9.783497261870853,10
2237570,9.828358152819789,9
2237577,9.701350804591558,7
2237589,9.73056339874093,12
2237598,9.815839207933728,9
2237604,9.899407444394562,6
2237620,9.522056412477955,16
2237625,9.906600430074455,5
2237635,9.793247234999683,10
2237642,9.851858807464481,7
2237660,9.575256286394351,18
2237662,9.977604081134736,2
2237665,9.964379245315694,3
2237678,9.712346564138045,13
2237686,9.856869724194324,8
2237691,9.933929942632467,5
2237697,9.890723653989681,6
2237702,9.918428498445426,5
2237721,9.609070052402757,19
2237743,9.510959932072602,22
2237750,9.859854303297698,7
2237763,9.733871462900627,13
2237770,9.865185875217168,7
2237781,9.782286552718185,11
2237800,9.605007215445871,19
2237802,9.98326774166529,2
2237809,9.85364720487776,7
2237830,9.505823624570814,21
2237836,9.900102168992714,6
2237847,9.774569516113274,11
2237852,9.918819549305471,5
2237853,10.0,1
2237867,9.462103083889438,14
2237880,9.734271779982782,13
2237884,9.938879073087952,4
2237900,9.69770587586889,16
2237910,9.761776163306296,10
2237918,9.83250489895062,8
2237920,9.985063525977468,2
2237926,9.901439112761704,6
2237937,9.766863075341098,11
2237946,9.846192125061746,9
2237952,9.921705901435553,6
2237958,9.875936501885342,6
2237959,10.0,1
2237960,10.0,1
2237973,9.684279477427726,13
2237980,9.864266742357056,7
2237992,9.761381234433593,12
2237997,9.920797911287165,5
2238013,9.70247605755785,16
2238020,9.856624599242805,7
2238032,9.727063352459513,12
2238038,9.896202162977408,6
2238045,9.888009053285302,7
2238053,9.864475263294526,8
2238067,9.701249821713313,14
2238080,9.684269715748364,13
2238095,9.710220175218248,15
2238096,10.0,1
2238105,9.820329868997213,9
2238118,9.716802206761303,13
2238129,9.795328442168053,11
2238140,9.770360507522643,11
2238148,9.849166638538096,8
2238156,9.86230721995713,8
2238167,9.782625258381973,11
2238177,9.847663629831596,10
2238182,9.928783270334426,5
2238188,9.91199300048311,6
2238195,9.875583536826865,7
2238200,9.913176627113387,5
2238214,9.680076660022102,14
2238221,9.885044287469256,7
2238230,9.825812007624643,9
2238248,9.623687651845833,18
2238252,9.949258147250653,4
2238260,9.854782591464163,8
2238266,9.880040001715042,6
2238270,9.933394181386499,4
2238277,9.873458485820038,7
2238290,9.70086210904178,13
2238296,9.912179049658228,6
2238302,9.879292472653088,6
2238306,9.94735908592859,4
2238316,9.80168905021093,10
2238323,9.855644358866725,7
2238335,9.791009643227719,12
2238342,9.867438724113885,7
2238343,10.0,1
2238358,9.65613630179591,15
2238371,9.703785077927497,13
2238399,9.39431652316309,28
2238413,9.708056740030585,14
2238429,9.661039323227978,16
2238439,9.817039167080791,10
2238451,9.781569506412916,12
2238458,9.881551106685524,7
2238466,9.835989866465669,8
2238475,9.83133052724844,9
2238490,9.671618556410456,15
2238506,9.665192806767903,16
2238516,9.795817649128063,10
2238534,9.60759840572514,18
2238545,9.819896762657304,11
2238555,9.810420286148931,10
2238556,10.0,1
2238569,9.604926418440447,13
2238576,9.882145391693472,7
2238585,9.833605507978822,9
2238595,9.807990032257964,10
2238598,9.948474899092815,3
2238609,9.758522228899416,11
2238615,9.886189235796383,6
2238630,9.692078241632835,15
2238633,9.9687266966435,3
2238635,9.974993218135381,2
2238644,9.808045376420642,9
2238645,10.0,1
2238646,10.0,1
2238657,9.752114031405467,11
2238671,9.705390776777671,14
2238680,9.788811355947105,9
2238682,9.975155398042288,2
2238689,9.89614328317837,7
2238697,9.85136813050465,8
2238704,9.855565780894642,7
2238710,9.8886811168959,6
2238716,9.88029629421613,6
2238722,9.914284045911188,6
2238728,9.905539821113667,6
2238735,9.878443449999814,7
2238751,9.679356466065364,16
2238758,9.872081900058536,7
2238767,9.853623166814666,9
2238778,9.757349279086789,11
2238783,9.92133215733911,5
2238784,10.0,1
2238790,9.889901750829312,6
2238800,9.77027366540439,10
2238814,9.750552874893982,14
2238821,9.86103905781513,7
2238832,9.790700752550563,11
2238843,9.760249776487822,11
2238851,9.839085048779722,8
2238854,9.96021295237281,3
2238864,9.803566342465773,10
2238867,9.96052885714399,3
2238869,9.97507822724949,2
2238876,9.869998485490635,7
2238884,9.852890471916346,8
2238892,9.853279192399677,8
2238906,9.678311308363426,14
2238918,9.748788991489615,12
2238935,9.680169284704554,17
2238944,9.827808873004546,9
2238951,9.891111931604122,7
2238959,9.874471092670754,8
2238968,9.828871250256938,9
2238976,9.845101212340682,8
2238987,9.759855924871097,11
2238995,9.845815568915894,8
2239012,9.629291058333065,17
2239019,9.867595990974342,7
2239028,9.799273674984176,9
2239034,9.896371192690431,6
2239047,9.727806542487498,13
2239054,9.859522712742109,7
2239055,10.0,1
2239060,9.90492129147634,5
2239069,9.827107106886913,9
2239077,9.840477652385756,8
2239087,9.815498477059066,10
2239101,9.180343334333799,14
2239111,9.777633902751134,10
2239114,9.956690386172008,3
2239123,9.819245054110105,9
2239141,9.629001789203883,18
2239145,9.955844074028267,4
2239149,9.930963177059821,4
2239150,9.993063585694994,1
2239170,9.6118892990969,20
2239176,9.90780507294399,6
2239184,9.854335391115372,8
2239185,10.0,1
2239195,9.79880311500182,10
2239203,9.71941941667661,8
2239208,9.92128281006415,5
2239212,9.945440081602353,4
2239217,9.932565355667872,5
2239226,9.838095924137004,9
2239232,9.898750476642661,6
2239238,9.901415279142737,6
2239247,9.846866964218888,9
2239257,9.675084651016842,10
2239258,10.0,1
2239259,10.0,1
2239273,9.685680387542522,14
2239279,9.906027932180518,6
2239283,9.944732200602305,4
2239287,9.93522074050217,4
2239288,10.0,1
2239296,9.840498117561774,8
2239298,9.974743417053608,2
2239300,9.969638409790797,2
2239303,9.967365046835729,3
2239313,9.779182283837974,10
2239323,9.836226181106719,10
2239331,9.84244745831563,8
2239336,9.918367914121715,5
2239340,9.928669218945807,4
2239347,9.875709071531528,7
2239357,9.789534715404981,10
2239358,10.0,1
2239370,9.7257970970999,12
2239382,9.766751931807619,12
2239387,9.916170864737563,5
2239388,9.991850346707833,1
2239406,9.562926124971217,18
2239419,9.728363994910787,13
2239427,9.85228603974359,8
2239440,9.766148054801706,13
2239451,9.756592605147013,11
2239462,9.766620888199592,11
2239470,9.829874330660521,8
2239471,10.0,1
2239476,9.913683379193396,5
2239485,9.810128475409376,9
2239499,9.695840248374521,14
2239503,9.948933536941192,4
2239506,9.957515813593234,3
2239509,9.960753091872409,3
2239519,9.768820793309516,10
2239534,9.66397696295414,15
2239548,9.693057123259871,14
2239549,10.0,1
2239565,9.66286685349787,16
2239570,9.909235056804134,5
2239578,9.820375641042983,8
2239585,9.873354780591752,7
2239590,9.903616711670429,5
2239594,9.93427940876888,4
2239604,9.804317605883803,10
2239610,9.878439328234538,6
2239613,9.955211398257283,3
2239614,10.0,1
2239625,9.743066652334486,11
2239630,9.924090564681569,5
2239641,9.752102059216739,11
2239650,9.810159392700308,9
2239651,9.988119386617624,1
2239659,9.866862737529273,8
2239660,10.0,1
2239662,9.976095913756408,2
2239673,9.773284577572053,11
2239682,9.83122557919835,9
2239687,9.900596180655317,5
2239700,9.722781423030884,13
2239708,9.827518508823617,8
2239713,9.896117934634086,5
2239716,9.964565349855032,3
2239717,10.0,1
2239727,9.771680260368981,10
2239742,9.708262660933311,15
2239754,9.739375977936536,12
2239766,9.747162971041318,12
2239776,9.79335093580909,10
2239789,9.757819971091186,13
2239804,9.700604372774182,15
2239814,9.790939857055895,10
2239828,9.683265364822303,14
2239838,9.790912544922124,10
2239839,9.989499081234102,1
2239840,10.0,1
2239854,9.687019472669895,14
2239857,9.960989453435511,3
2239868,9.77269575600273,11
2239869,10.0,1
2239875,9.90315701912338,6
2239880,9.932280539082038,5
2239881,10.0,1
2239897,9.611979259431811,16
2239905,9.867202243489679,8
2239915,9.795898090570645,10
2239921,9.876764142767502,6
2239922,10.0,1
2240052,8.145561313255401,130
2240060,9.861485354381177,8
2240094,9.363828135392154,34
2240106,9.722873270288579,12
2240110,9.935782229456601,4
2240114,9.938229010690252,4
2240128,9.700027546547794,14
2240129,10.0,1
2240144,9.665486392053522,15
2240149,9.929497864563839,5
2240152,9.966586556248394,3
2240169,9.593522493526313,17
2240177,9.83876357145866,8
2240183,9.903474380090158,6
2240184,9.988907721601429,1
2240192,9.830452550241203,8
2240193,9.991901621317574,1
2240201,9.840975500676151,8
2240215,9.7109219656934,14
2240225,9.791430802487785,10
2240237,9.750208512685488,12
2240248,9.773461894920452,11
2240261,9.685541800470318,13
2240264,9.952766775871833,3
2240270,9.899511365854663,6
2240271,9.988989412389902,1
2240280,9.83604015385637,9
2240295,9.199787108556695,15
2240304,9.807567918336828,9
2240578,-100.06916110571137,274
2240583,9.92516464148958,5
2240594,9.780799244107925,11
2240600,9.895042515531744,6
2240624,9.488550634957454,24
2240634,9.792939668595231,10
2240645,9.748945486632834,11
2240646,9.989300559341222,1
2240651,9.922324766899196,5
2240665,9.726055515724276,14
2240682,9.603497854387228,17
2240687,9.932992185021687,5
2240691,9.935130079584578,4
2240706,9.643551598104038,15
2240713,9.885251769683023,7
2240724,9.77813026282198,11
2240739,9.645702865870746,15
2240743,9.9433300735238,4
2240746,9.954634567718244,3
2240762,9.631685430273532,16
2240775,9.626839677737799,13
2240785,9.611200027200272,10
2240789,9.936962310014964,4
2240804,9.657391767708027,15
2240813,9.792889418410503,9
2240819,9.894181080494777,6
2240825,9.888587146923772,6
2240833,9.869244690396112,8
2240843,9.801266336001799,10
2240844,10.0,1
2240854,9.823590737822538,10
2240862,9.86681182283997,8
2240868,9.901324181352573,6
2240880,9.754245188908712,12
2240892,9.72486354283461,12
2240899,9.886451373061986,7
2240912,9.692544865207962,13
2240919,9.884196980272678,7
2240940,9.468310250278428,21
2240945,9.912728761468982,5
2240953,9.83498030930812,8
2240962,9.81659318499891,9
2240970,9.839724997557012,8
2240978,9.875390545103466,8
2240991,9.690783513808274,13
2241000,9.86194825493543,9
2241013,9.726063206394812,13
2241023,9.808956365894797,10
2241027,9.933883723647728,4
2241035,9.867841787078891,8
2241048,9.710313211610627,13
2241067,9.525084778218503,19
2241070,9.967203511940486,3
2241078,9.858092575171113,8
2241084,9.89658762195494,6
2241096,9.73513606156502,12
2241105,9.845515069271116,9
2241116,9.809405060367546,11
2241129,9.746596694042307,13
2241138,9.846464598038423,9
2241146,9.836264698381118,8
2241147,10.0,1
2241149,9.973638495656378,2
2241161,9.722481288514603,12
2241167,9.897510900824573,6
2241175,9.852743675900069,8
2241179,9.939683708123937,4
2241183,9.93894769225153,4
2241192,9.849568866966136,9
2241197,9.915476193002998,5
2241208,9.790330739233646,11
2241217,9.82108888573831,9
2241229,9.779589300326899,12
2241231,9.971319457810203,2
2241242,9.797151586609292,11
2241257,9.651764636278982,15
2241268,9.768328898625679,11
2241271,9.954949170926684,3
2241277,9.874855954843902,6
2241284,9.869951678633633,7
2241291,9.864038521324414,7
2241295,9.951468522371936,4
2241300,9.928072530315271,5
2241314,9.741478938801887,14
2241315,10.0,1
2241326,9.74595569964475,11
2241345,9.55034710769961,19
2241354,9.858698260468937,9
2241362,9.875711891763368,8
2241372,9.782631546994649,10
2241373,10.0,1
2241383,9.763702833681524,10
2241390,9.86404341330415,7
2241487,8.342959039884605,97
2241490,9.964340091889943,3
2241493,9.94988861900924,3
2241502,9.825668950510392,9
2241515,9.715216964015797,13
2241525,9.818353498646294,10
2241816,4.782636512052904,291
2241829,9.716114441149847,13
2241835,9.904074307281928,6
2241845,9.788189222931377,10
2241855,9.827816034707226,10
2241859,9.940794104319057,4
2241875,9.660915146560006,16
2241882,9.863000151369162,7
2241888,9.876267694420365,6
2241893,9.905778427028112,5
2241900,9.880321343033305,7
2241916,9.648308081547679,16
2241918,9.976844646799787,2
2241931,9.333110588498515,13
2241932,10.0,1
2241937,9.917068029350611,5
2241943,9.8960837364154,6
2241949,9.894854149669632,6
2241962,9.730302875633923,13
2241976,9.692495627619582,14
2241977,10.0,1
2241997,9.593094093684865,20
2241998,10.0,1
2242016,9.315676559273957,18
2242030,9.494629187149028,14
2242041,9.753997149819993,11
2242052,9.778058116834929,11
2242064,9.752974739805886,12
2242074,9.79543759650648,10
2242082,9.83108662487984,8
2242087,9.914742468957272,5
2242091,9.923198453762856,4
2242100,9.808103950567471,9
2242109,9.82121720206864,9
2242116,9.864504356679152,7
2242124,9.83555027704346,8
2242130,9.89672664531511,6
2242131,10.0,1
2242142,9.203805760299547,11
2242159,9.60604315588448,17
2242162,9.97020167073746,3
2242175,9.689829960992233,13
2242182,9.871932830142992,7
2242198,9.667916372417842,16
2242209,9.662771526005688,11
2242218,9.785861847303709,9
2242223,9.906545604488421,5
2242237,9.724086124526718,14
2242238,10.0,1
2242275,5.256418825956733,37
2242276,10.0,1
2242279,9.963840582618728,3
2242283,9.950949024960549,4
2242291,9.844718642261027,8
2242303,9.756333999294576,12
2242310,9.877671631869152,7
2242325,9.694146558858101,15
2242333,9.826213923279727,8
2242350,9.650219366982816,17
2242362,9.7412427037598,12
2242371,9.823737755658819,9
2242374,9.95820576520256,3
2242387,9.711375766633635,13
2242394,9.841796110040569,7
2242400,9.912733017949108,6
2242416,9.655960368706195,16
2242422,9.881036317228475,6
2242427,9.916080814549973,5
2242428,9.996726744497135,1
2242432,9.94295866092666,4
2242433,9.992796601992183,1
2242434,10.0,1
2242445,9.759446937526237,11
2242452,9.875956699116456,7
2242454,9.985539815838873,2
2242455,9.993314000495523,1
2242476,9.515381411270704,21
2242479,9.954840573717055,3
2242482,9.958299556611566,3
2242484,9.982249239434658,2
2242494,9.801210180793868,10
2242503,9.810397877979552,9
2242510,9.876746044895738,7
2242511,10.0,1
2242522,9.810525210008766,11
2242526,9.94013676190205,4
2242538,9.739869199686611,12
2242540,9.971224378315343,2
2242551,9.767364793778464,11
2242552,10.0,1
2242566,9.68939302102291,14
2242575,9.795135426982762,9
2242591,9.620095173838708,16
2242597,9.899596409143726,6
2242611,9.672510510598043,14
2242629,9.59203055656278,18
2242637,9.86835938021174,8
2242643,9.901070863375292,6
2242653,9.78638338205325,10
2242660,9.887230104303645,7
2242668,9.838738391817367,8
2242669,10.0,1
2242679,9.794875019814675,10
2242701,9.531587972954949,22
2242717,9.636841387471634,16
2242725,9.841148926798112,8
2242734,9.848221537309183,9
2242742,9.842575838438295,8
2242747,9.910014864051819,5
2242754,9.87506612628308,7
2242763,9.815896054156172,9
2242766,9.95909073628281,3
2242778,9.568600062111907,12
2242784,9.881578776935632,6
2242788,9.94470889639505,4
2242804,9.544409707481146,16
2242816,9.773571003517349,12
2242826,9.837560261189717,10
2242834,9.851504293663824,8
2242843,9.835234269752208,9
2242858,9.677675607292123,15
2242864,9.891008676533641,6
2242867,9.968127346339175,3
2242880,9.568641539619735,13
2242885,9.93641081903805,5
2242886,10.0,1
2242902,9.663329456025341,16
2242922,9.530203460993157,20
2242932,9.809851452306823,10
2242942,9.818691691235482,10
2242952,9.811028441380575,10
2242955,9.951738424824129,3
2242967,9.787128267008468,12
2242984,9.576259232860158,17
2242992,9.833849334053484,8
2243001,9.836170081489469,9
2243006,9.910543853582029,5
2243007,10.0,1
2243018,9.784774000713908,11
2243019,10.0,1
2243037,9.598454687880984,18
2243046,9.819770194858483,9
2243051,9.914828429857565,5
2243060,9.807137847435019,9
2243063,9.955448312094704,3
2243077,9.695284794763435,14
2243090,9.750622979752741,13
2243098,9.819163297643227,8
2243112,9.713260711248022,14
2243126,9.694367154232983,14
2243127,9.99693061252189,1
2243137,9.827530152418243,10
2243146,9.826932653138162,9
2243158,9.756214080825277,12
2243165,9.863398486136473,7
2243180,9.650591456656848,15
2243195,8.934243567900706,15
2243203,9.85301754017383,8
2243208,9.92952602689703,5
2243219,9.805105948805293,11
2243226,9.874608992181102,7
2243233,9.872818827019564,7
2243242,9.823373291203852,9
2243245,9.95932326045605,3
2243257,9.760342885479867,12
2243258,10.0,1
2243267,9.814332765041367,9
2243276,9.840784631621384,9
2243288,9.741672188527952,12
2243294,9.895474612251551,6
2243301,9.87024304001891,7
2243309,9.844060763748205,8
2243312,9.953342688008195,3
2243313,10.0,1
2243322,9.817219046631532,9
2243335,9.727254596453141,13
2243351,9.626654158216272,16
2243363,9.746947138926773,12
2243372,9.82730835294692,9
2243377,9.9183647287827,5
2243396,9.612354456147957,19
2243409,9.713565345142875,13
2243410,10.0,1
2243414,9.93964511691976,4
2243420,9.912624279405597,6
2243433,9.775635359341397,13
2243444,9.763890166099396,11
2243456,9.774439077931056,12
2243466,9.844327259209955,10
2243477,9.78879648977595,11
2243488,9.757786800235547,11
2243501,9.712301206534768,13
2243517,9.643944268660558,16
2243526,9.807762020161245,9
2243534,9.871719976663424,8
2243542,9.873649476078393,8
2243551,9.858463192023075,9
2243564,9.712947811991139,13
2243569,9.92086570355459,5
2243579,9.793617645346357,10
2243582,9.966077875686159,3
2243583,10.0,1
2243595,9.738115118142197,12
2243600,9.916999968889339,5
2243607,9.861038647827224,7
2243625,9.569317019777348,18
2243632,9.874231610809272,7
2243633,10.0,1
2243636,9.96302314172427,3
2243641,9.92076272256525,5
2243658,9.67053352740332,17
2243670,9.800209741419518,12
2243679,9.804791884526976,9
2243688,9.809326476191812,9
2243693,9.921451518051507,5
2243708,9.658621301045239,15
2243709,10.0,1
2243717,9.840080035211392,8
2243720,9.970655254732465,3
2243733,9.74674952368891,13
2243748,9.679515293035884,15
2243755,9.884487658912047,7
2243764,9.832709732285728,9
2243765,9.992190774405886,1
2243768,9.967206591109935,3
2243782,9.694297452299324,14
2243792,9.779494119420765,10
2243804,9.776286308314742,12
2243812,9.83856421158107,8
2243823,9.79449627227807,11
2243838,9.669570471962846,15
2243843,9.92424705492909,5
2243844,10.0,1
2243851,9.863315573242494,7
2243860,9.806947354297442,9
2243867,9.849147238809804,7
2243875,9.825532472572498,8
2243885,9.806722753768033,10
2243886,10.0,1
2243899,9.637950496965754,13
2243903,9.934824774599724,4
2243916,9.734515565615368,13
2243928,9.756871416117015,12
2243935,9.884621431497177,7
2243936,10.0,1
2244108,6.937874052115322,172
2244118,9.82093078491642,10
2244131,9.710502158732615,13
2244132,10.0,1
2244145,9.717515435576065,13
2244150,9.91857534113911,5
2244159,9.79822298131165,9
2244167,9.843738923441451,8
2244183,9.664177515789593,16
2244193,9.68280758169542,10
2244200,9.873361531862146,7
2244204,9.92357389407222,4
2244210,9.892900783888635,6
2244215,9.911344269763665,5
2244230,9.702590805144233,15
2244234,9.823585911968099,4
2244241,9.8617449748753,7
2244253,9.767499202193784,12
2244266,9.420633068779614,13
2244284,9.587778883647585,18
2244297,9.712013052425762,13
2244311,9.729864498570473,14
2244321,9.80397704664249,10
2244327,9.887193081548103,6
2244331,9.93678175104961,4
2244346,9.710363289549402,15
2244357,9.766393469990687,11
2244365,9.82400794752214,8
2244384,9.591208919547443,19
2244393,9.817146563894932,9
2244406,9.701841992520299,13
2244418,9.730641421117221,12
2244431,9.737535673394463,13
2244435,9.946147259093978,4
2244436,10.0,1
2244448,9.725214137086095,12
2244457,9.813347414574512,9
2244467,9.760933068425677,10
2244473,9.899715075641048,6
2244476,9.94904227574426,3
2244477,10.0,1
2244486,9.815836945397058,9
2244501,9.645494245844224,15
2244515,9.688491668919518,14
2244527,9.635256566437462,12
2244537,9.793866081225184,10
2244543,9.883292027962975,6
2244558,9.651364422223223,15
2244576,9.567524785754014,18
2244583,9.87500817171549,7
2244586,9.964679487197037,3
2244587,10.0,1
2244594,9.84316172915849,7
2244609,9.666297632081752,15
2244616,9.882640717017418,7
2244635,9.558084389941301,19
2244650,9.657901167475561,15
2244657,9.86101492145317,7
2244661,9.933063380614966,4
2244671,9.811260756866918,10
2244672,9.993134176867324,1
2244680,9.846679986820387,8
2244690,9.797295725147784,10
2244697,9.876158245056013,7
2244713,9.686980121245838,16
2244728,9.685030600641301,15
2244737,9.826835996075872,9
2244739,9.97049079465558,2
2244744,9.91321937502357,5
2244759,9.65596213494528,15
2244766,9.880835602208219,7
2244769,9.961242637880305,3
2244781,9.73881744322948,12
2244794,9.71599058203088,13
2244803,9.841914460274358,9
2244825,9.480101133827098,22
2244839,9.665700035092543,14
2244840,10.0,1
2244846,9.901504945588963,6
2244850,9.932261861953418,4
2244863,9.761070016821455,13
2244873,9.829423820793549,10
2244874,10.0,1
2244875,10.0,1
2244883,9.857195850436,8
2244896,9.701895291450532,13
2244906,9.783602285922573,10
2244924,9.18646764541035,18
2244925,10.0,1
2244938,9.784317046957764,13
2244942,9.936775360854494,4
2244947,9.931217526489297,5
2244955,9.862345598684087,8
2244960,9.908595395284435,5
2244961,10.0,1
2244971,9.792683714892945,10
2244972,10.0,1
2244983,9.763673513915064,11
2244991,9.860765887721548,8
2244999,9.869969255693162,8
2245009,9.766511923916989,10
2245034,9.566489141957495,25
2245035,9.989190141811312,1
2245049,9.682758751881266,14
2245062,9.767202630092248,13
2245071,9.832758959415385,9
2245074,9.965936086351315,3
2245088,9.704043677748249,14
2245102,9.46585485319213,14
2245103,10.0,1
2245116,9.721734978650012,13
2245124,9.831056422107922,8
2245132,9.854375180706743,8
2245138,9.882631321479858,6
2245143,9.927445497833052,5
2245155,9.755820711233193,12
2245159,9.93467809859435,4
2245166,9.861279603431825,7
2245178,9.766810167877994,12
2245180,9.971257517360616,2
2245187,9.875512618666594,7
2245188,9.992671596369615,1
2245195,9.867347787159776,7
2245196,10.0,1
2245198,9.971602759299062,2
2245204,9.898273589373153,6
2245234,9.317048754818044,30
2245247,9.730627793374179,13
2245253,9.884339226976483,6
2245259,9.897666505486875,6
2245275,9.671914452752286,16
2245287,9.74470039523807,12
2245295,9.86808112978009,8
2245317,9.61555156324012,22
2245329,9.780796834977545,12
2245335,9.896456003290085,6
2245343,9.769581121893259,8
2245354,9.775657654340817,11
2245369,9.525115220720227,15
2245381,9.796316042815087,12
2245394,7.906508403367199,13
2245405,9.751326163207706,11
2245411,9.893837804988262,6
2245416,9.92346487828107,5
2245421,9.91669976838601,5
2245435,9.680921686464005,14
2245442,9.878576261052352,7
2245453,9.760647513746187,11
2245460,9.882583292520668,7
2245462,9.981550161651604,2
2245477,9.670775757091006,15
2245488,9.634064616213411,11
2245503,9.697969720108873,15
2245512,9.829775071572131,9
2245539,9.45002993058749,27
2245548,9.825782786786455,9
2245554,9.896327174908201,6
2245562,9.848258274781463,8
2245572,9.779651522026926,10
2245578,9.902655946196626,6
2245583,9.825299240295829,5
2245601,9.591493334496013,18
2245604,9.956692154154453,3
2245615,9.77159567030581,11
2245625,9.85279500443501,10
2245631,9.893659092772598,6
2245645,9.712097522405003,14
2245651,9.89162261794942,6
2245660,9.819530936168453,9
2245668,9.852134095328237,8
2246168,-9.79109481050592,500
2246177,9.814335455841238,9
2246180,9.964167417305545,3
2246190,9.812874490498935,10
2246205,9.676914698964799,15
2246220,9.468197117326513,15
2246228,9.839971018646743,8
2246245,9.604991288136105,17
2246252,9.87057177469494,7
2246261,9.813466962786736,9
2246269,9.829858051928538,8
2246280,9.804983925590157,11
2246292,9.764743473031306,12
2246304,9.745026684429407,12
2246308,9.93601814847518,4
2246319,9.78176525247695,11
2246335,9.730473552551816,16
2246347,9.754500901778576,12
2246356,9.827347277308222,9
2246373,9.648996143511024,17
2246382,9.854567741305813,9
2246387,9.91393092553476,5
2246430,9.261764939720155,43
2246438,9.839758250478237,8
2246444,9.913115546640908,6
2246453,9.828193652118804,9
2246463,9.78440870346188,10
2246470,9.884689301525295,7
2246481,9.76661347964802,11
2246497,9.619004210957911,16
2246513,9.656637509316566,16
2246531,9.551474167125303,18
2246539,9.844483577562913,8
2246549,9.813146138446152,10
2246555,9.884751243539734,6
2246561,9.911137565447186,6
2246567,9.89909487777261,6
2246572,9.927837446049962,5
2246583,9.798683057943135,11
2246584,10.0,1
2246591,9.889803117345524,7
2246599,9.831708639815274,8
2246605,9.886111297411828,6
2246618,9.719778995141121,13
2246636,9.605947735877988,18
2246637,10.0,1
2246650,9.730876207020072,13
2246657,9.88731905263201,7
2246667,9.785534881094303,10
2246668,9.993399835899888,1
2246678,9.801563123480243,10
2246690,9.765621281830054,12
2246694,9.946516900222846,4
2246696,9.97898168940164,2
2246706,9.800522648211011,10
2246724,9.544213134807476,18
2246727,9.951479823577724,3
2246733,9.885028402178895,6
2246746,9.78811751042764,13
2246747,9.992378549407068,1
2246759,9.693935723931569,12
2246772,9.733180865411695,13
2246780,9.84717087167261,8
2246794,9.677650282394463,14
2246803,9.815768893961216,9
2246812,9.824107050662217,9
2246822,9.766636070784662,10
2246844,9.458353460900799,22
2246851,9.852806553239667,7
2246852,10.0,1
2246859,9.857211950103588,7
2246869,9.803178418173273,10
2246883,9.673460742611896,14
2246889,9.874692440849767,6
2246899,9.777641953874312,10
2246906,9.843790277039302,7
2246918,9.71514757032746,12
2246930,9.757117157221154,12
2246934,9.937739331226194,4
2246949,9.660075668335637,15
2246966,9.653651236106302,17
2246977,9.738246239298038,11
2246995,9.609114443311643,18
2247002,9.884414624219144,7
2247010,9.841320930544068,8
2247018,9.844235951612346,8
2247033,9.681296521136534,15
2247044,9.762134718532597,11
2247055,9.766171546274075,11
2247058,9.961649384720458,3
2247061,9.951792920678853,3
2247072,9.751156487962298,11
2247080,9.82996841817341,8
2247090,9.823996389264677,10
2247096,9.887178875842928,6
2247102,9.881810369821666,6
2247113,9.766971659961309,11
2247119,9.882843481351104,6
2247124,9.93040402585413,5
2247130,9.915365546658906,6
2247135,9.905454912124632,5
2247140,9.906259768042695,5
2247147,9.871341578413452,7
2247163,9.660468886376295,16
2247173,9.787147735488377,10
2247180,9.856410694157896,7
2247181,9.99211223886767,1
2247184,9.958868240876686,3
2247191,9.853356940363946,7
2247192,10.0,1
2247194,9.974128058462028,2
2247203,9.621715290092851,9
2247215,9.72117008493224,12
2247221,9.878514088844474,6
2247222,10.0,1
2247232,9.80064463761392,10
2247241,9.80251557786499,9
2247252,9.822012644664145,11
2247267,9.649128220936817,15
2247283,9.655681473056294,16
2247299,9.52932989455003,16
2247303,9.925117754706275,4
2247337,9.053555068947938,34
2247348,9.741249566527161,11
2247360,9.743596481959031,12
2247373,9.696371043850947,13
2247385,9.770809005522272,12
2247394,9.819993720846169,9
2247406,9.70745885759755,12
2247416,9.79465061669503,10
2247445,9.372317596215963,29
2247457,9.741316342773512,12
2247471,9.687016814260573,14
2247489,9.583951030464586,18
2247734,5.558401620288218,245
2247745,9.785933484315803,11
2247754,9.82770343032088,9
2247762,9.852370346692036,8
2247770,9.868187763966464,8
2247790,9.520649888550397,20
2247797,9.863678217126079,7
2247805,9.853592909277541,8
2247813,9.854987179413468,8
2247824,9.785062137897174,11
2247825,10.0,1
2247829,9.931033750017656,4
2247830,9.995863169401549,1
2247834,9.947862851679842,4
2247846,9.732022892448471,12
2247857,9.699545547880883,11
2247858,10.0,1
2247861,9.95954165744879,3
2247862,10.0,1
2247877,9.651982138837687,15
2247884,9.866420647091953,7
2247892,9.845727582185646,8
2247899,9.880909278967094,7
2247908,9.810187715386604,9
2247915,9.857428627962891,7
2247934,9.520837306634139,19
2247952,9.646338417641592,18
2247967,9.659114784207144,15
2247972,9.925106025542483,5
2247976,9.947610780181575,4
2247993,9.620891777040582,17
2248000,9.874790648268489,7
2248004,9.94562463923614,4
2248005,10.0,1
2248014,9.829628644700179,9
2248021,9.876775814760675,7
2248025,9.949332754235035,4
2248034,9.822359934922108,9
2248035,10.0,1
2248048,9.727314389184514,13
2248060,9.742920317188588,12
2248069,9.796191998130096,9
2248080,9.734661543408514,11
2248094,9.617059192733063,14
2248100,9.909392620527814,6
2248101,10.0,1
2248106,9.92270219123033,5
2248118,9.732833606028061,12
2248132,9.707726828806791,14
2248139,9.891429975177122,7
2248146,9.8632680258401,7
2248147,10.0,1
2248157,9.800884923150994,10
2248167,9.776206788840312,10
2248177,9.798514136540927,10
2248185,9.853085403348077,8
2248196,9.756046472281355,11
2248213,9.660882196284954,17
2248223,9.810862750464596,10
2248230,9.864049389586187,7
2248254,9.371085823952338,24
2248262,9.815592250842148,8
2248274,9.724375618221652,12
2248281,9.866258203670652,7
2248289,9.821630533521956,8
2248290,10.0,1
2248296,9.907577565434037,6
2248305,9.820065407252333,9
2248309,9.943359956300705,4
2248315,9.879994722323485,6
2248329,9.674983571762798,14
2248335,9.892398229314765,6
2248340,9.926338834176516,5
2248344,9.940735310287812,4
2248349,9.911127474595391,5
2248353,9.92797301545599,4
2248365,9.76980391124458,12
2248376,9.736614692924556,11
2248385,9.821549887784535,9
2248391,9.890746507533818,6
2248400,9.828675738554844,9
2248408,9.846863529243546,8
2248420,9.742055258698228,12
2248428,9.842870291618125,8
2248443,9.678862925606072,15
2248449,9.914257982867404,6
2248456,9.89860497248347,7
2248472,9.688690813946543,16
2248484,9.731575009402162,12
2248485,10.0,1
2248486,9.996300935898477,1
2248490,9.938863737813847,4
2248502,9.754281126326376,12
2248514,9.731945975709944,12
2248526,9.765659429379456,12
2248532,9.9028995090939,6
2248533,10.0,1
2248540,9.879559299781842,7
2248551,9.780562213202023,11
2248555,9.937924398601785,4
2248564,9.802483340734394,9
2248572,9.846054180227856,8
2248573,9.99183630493377,1
2248587,9.684952360773627,14
2248596,9.79868802084414,9
2248608,9.74812667082424,12
2248617,9.824816928382639,9
2248622,9.915312164531237,5
2248627,9.919787751978319,5
2248628,10.0,1
2248635,9.892359124828275,7
2248642,9.848122742799761,7
2248647,9.906196530010105,5
2248653,9.893285556905866,6
2248668,9.663229289149116,15
2248675,9.887786119496791,7
2248689,9.692657070815695,14
2248703,9.6887958188616,14
2248709,9.896200742343085,6
2248718,9.813792096046702,9
2248730,9.43232074141828,12
2248749,9.523766524550949,19
2248750,9.996098383212356,1
2248754,9.939903581366123,4
2248774,9.520600234867747,20
2248791,9.60053377832047,17
2248803,9.735775379202193,12
2248804,10.0,1
2248807,9.967053396328254,3
2248815,9.834309251055908,8
2248825,9.771700021437765,10
2248833,9.863061365905955,8
2248844,9.784199456890594,11
2248852,9.836401095466345,8
2248861,9.812269858234801,9
2248873,9.745630133415789,12
2248879,9.895550627570676,6
2248896,9.57788294635273,17
2248903,9.85468214514714,7
2248915,9.771118341061262,12
2248920,9.929087809681006,5
2248926,9.899804745030206,6
2248930,9.932775398955027,4
2248932,9.985044870582367,2
2248942,9.795480170845247,10
2248954,9.731178294607279,12
2248973,9.518489710301255,19
2248989,9.653687632547875,16
2248992,9.966118289935546,3
2248997,9.907084167905783,5
2249003,9.896965574865234,6
2249018,9.674622711206556,15
2249026,9.842815615766806,8
2249033,9.882059116010353,7
2249045,9.737979533983935,12
2249059,9.676167743242756,14
2249066,9.872589431108965,7
2249074,9.867374996307491,8
2249079,9.907676957487903,5
2249088,9.83995799817845,9
2249104,9.682832152588349,16
2249118,9.700486875689771,14
2249128,9.781737433113955,10
2249135,9.86626779795436,7
2249147,9.801139318614577,12
2249154,9.863297419702198,7
2249166,9.734862450956541,12
2249173,9.878447053802175,7
2249180,9.869064523274158,7
2249190,9.794933042100814,10
2249205,9.692982332556875,15
2249217,9.72908319787814,12
2249233,9.626245826573474,16
2249251,9.58509523926414,18
2249255,9.94625812101609,4
2249269,9.716094159462882,14
2249274,9.941459521266227,5
2249288,9.732383444815484,14
2249291,9.961166287439434,3
2249302,9.781315988217143,11
2249304,9.97643458978762,2
2249313,9.824226686752697,9
2249329,9.688706226582093,16
2249344,9.664812113680739,15
2249358,9.64747388074353,14
2249359,10.0,1
2249369,9.812887063575447,10
2249385,9.644735086612242,16
2249394,9.851008334183497,9
2249401,9.87433885177985,7
2249409,9.828779355676636,8
2249416,9.855216815283054,7
2249421,9.937255533195636,5
2249454,7.860106524200537,33
2249468,9.672918240653187,14
2249482,9.673117744277516,14
2249490,9.825052947097083,8
2249499,9.708665555795532,9
2249505,9.909399102269676,6
2249515,9.796073350927339,10
2249516,10.0,1
2249526,9.795902623308193,10
2249531,9.929945207981401,5
2249545,9.670577047833213,14
2249559,8.274632362764034,14
2249566,9.659096812067176,7
2249572,9.891157187497267,6
2249587,9.733305186882076,15
2249604,9.59914349081853,17
2249615,9.787120444541246,11
2249630,9.643835883345991,15
2249638,9.859822658851408,8
2249648,9.830226833486144,10
2249654,9.902275632472012,6
2249659,9.929037391924666,5
2249664,9.93035816943707,5
2249679,9.655688055946879,15
2249683,9.729271795508707,4
2249688,9.925574130563996,5
2249693,9.90416047345821,5
2249703,9.701114458061971,10
2249717,9.718324257960441,14
2249725,9.858113545094794,8
2249731,9.800134090806775,6
2249735,9.935858050607656,4
2249747,9.730886668964322,12
2249761,9.682976997327275,14
2249772,9.759327783245997,11
2249791,9.575245293874682,19
2249795,9.955352368808782,4
2249806,9.782600507148688,11
2249812,9.898413195925597,6
2249818,9.895208896426366,6
2249844,9.448517596641306,26
2249856,9.743704688916063,12
2249862,9.92037329511755,6
2249873,9.467852865424273,11
2249879,9.904801070889942,6
2249887,9.836619277664981,8
2249895,9.84958269648015,8
2249903,9.84988365676506,8
2249914,9.762246606958612,11
2249923,9.812834226271702,9
2249929,9.901148083915079,6
2249935,9.912511141860831,6
2249941,9.894420200185634,6
2249952,9.801923544763934,11
2249965,9.735501437975474,13
2249975,9.803914580348149,10
2249990,9.696297366800897,15
2250004,9.676544971778029,14
2250020,9.621444387326736,16
2250035,9.643822468245531,15
2250049,9.648883174357632,14
2250050,10.0,1
2250056,9.904872134897559,6
2250065,9.808441767677891,9
2250066,10.0,1
2250074,9.84533586379791,8
2250089,9.57138278029852,15
2250094,9.903057206000666,5
2250102,9.83449175884442,8
2250106,9.939342932616364,4
2250115,9.823681483279394,9
2250123,9.860521170362317,8
2250137,9.732351276349636,14
2250152,9.70677161863575,15
2250165,9.733179650934487,13
2250178,9.710119913768953,13
2250187,9.824296409649508,9
2250191,9.923713169116986,4
2250196,9.907385054776464,5
2250204,9.859625204861535,8
2250209,9.919940005366962,5
2250215,9.898321302970878,6
2250231,9.63269808833822,16
2250241,9.725917355181359,10
2250257,9.683538555704143,16
2250267,9.786579678491787,10
2250268,9.98886085455374,1
2250276,9.876133951064999,8
2250288,9.727294853547404,12
2250298,9.806531432863128,10
2250314,9.652532714815177,16
2250326,9.75251927229574,12
2250339,9.697678626753119,13
2250349,9.813048924176247,10
2250356,9.87391646934327,7
2250358,9.972443299134424,2
2250366,9.841062181965539,8
2250370,9.937767744790095,4
2250372,9.979978626855596,2
2250384,9.7417542250359,12
2250403,9.547540988269487,19
2250417,9.686033788831532,14
2250418,10.0,1
2250427,9.836677150162506,9
2250439,9.723787978975388,12
2250450,9.778444932779733,11
2250472,9.44757269923519,22
2250482,9.816146097982665,10
2250483,10.0,1
2250486,9.948276532583131,3
2250492,9.894376110990288,6
2250505,9.716687786778177,13
2250515,9.808551666345801,10
2250516,10.0,1
2250529,9.708888348161553,13
2250537,9.847194683849391,8
2250556,9.458350972778762,19
2250562,9.892675834356304,6
2250573,9.567575048903974,11
2250578,9.923256170064654,5
2250589,9.773661065635274,11
2250594,9.92946779085951,5
2250609,9.670689334940139,15
2250610,10.0,1
2250616,9.898133959825586,6
2250628,9.717630377082283,12
2250629,10.0,1
2250639,9.813387407896464,10
2250651,9.738146394074102,12
2250663,9.761874348235827,12
2250676,9.720438337494452,13
2250689,9.785134548543244,13
2250699,9.803302769937217,10
2250712,9.730276487348934,13
2250713,10.0,1
2250716,9.953562475701913,3
2250727,9.791521165162642,11
2250733,9.879037332871198,6
2250739,9.880987620598756,6
2250741,9.973730521415861,2
2250742,10.0,1
2250758,9.644322752879123,16
2250763,9.924333716205906,5
2250772,9.842140884559905,9
2250784,9.727156772528778,12
2250789,9.928247906515741,5
2250790,9.988375442260741,1
2250795,9.928514236398362,5
2250802,9.871674875732218,7
2250808,9.878709445210593,6
2250821,9.793388693202397,13
2250840,9.599693576475389,19
2250856,9.641538415793285,16
2250870,9.743152228943844,14
2250893,9.32879282199741,23
2250909,9.657668986451519,16
2250910,10.0,1
2250911,10.0,1
2250915,9.94321805629442,4
2250918,9.944139763041617,3
2250930,9.750225623346937,12
2250939,9.81161778319156,9
2250947,9.848076558594721,8
2250958,9.791500669015315,11
2250959,10.0,1
2250977,9.597978398657128,18
2250983,9.887587193605103,6
2250992,9.839936188813766,9
2250999,9.866324016259707,7
2251004,9.91285515529695,5
2251024,9.644431729147518,20
2251034,9.794153835234447,10
2251043,9.84405938039633,9
2251050,9.884624712187286,7
2251051,10.0,1
2251052,10.0,1
2251058,9.898683700325776,6
2251071,9.71805868401195,13
2251081,9.790792111661021,10
2251086,9.90825678495691,5
2251091,9.901466262626547,5
2251092,10.0,1
2251100,9.830879812244527,8
2251107,9.766443191326454,7
2251116,9.839706910902697,9
2251121,9.942804947527273,5
2251128,9.889530089027824,7
2251129,10.0,1
2251133,9.95159596780203,4
2251143,9.770270990401084,10
2251149,9.905218045185261,6
2251160,9.77307859752246,11
2251171,9.7509251783791,11
2251189,9.55131685449533,18
2251195,9.90927560007746,6
2251196,10.0,1
2251201,9.93119718546328,5
2251213,9.755304373867109,12
2251226,9.699264729075434,13
2251240,9.662501473147156,14
2251258,9.568872198163232,18
2251266,9.831426589184577,8
2251273,9.846984496825524,7
2251280,9.87520346360073,7
2251287,9.874543753514395,7
2251292,9.91763926502068,5
2251304,9.732680746339454,12
2251314,9.823927743169518,10
2251326,9.749219360999636,12
2251333,9.85422719050303,7
2251347,9.675007248513044,14
2251357,9.828712943433937,10
2251362,9.912777369931925,5
2251371,9.832104265233836,9
2251382,9.762012444899193,11
2251389,9.875659808730749,7
2251394,9.90991871400661,5
2251401,9.8706851570164,7
2251403,9.979550174968283,2
2251413,9.80595487443874,10
2251418,9.928024135680458,5
2251427,9.82679873119195,9
2251436,9.844549745036822,9
2251444,9.844596148997375,8
2251455,9.798916088622558,11
2251468,9.628343465073831,13
2251474,9.909591893460153,6
2251487,9.74651795403794,13
2251498,9.782069056424003,11
2251512,9.573489900649676,14
2251513,10.0,1
2251516,9.951961391806838,3
2251517,10.0,1
2251523,9.888640009541533,6
2251524,9.9928090784777,1
2251527,9.960414732390365,3
2251531,9.947211157255943,4
2251541,9.799765967337697,10
2251547,9.89729192408872,6
2251558,9.761628116118185,11
2251568,9.821598881519922,10
2251575,9.886245841585353,7
2251578,9.951817310295695,3
2251591,9.728435396467217,13
2251612,9.490250595067092,21
2251619,9.89144666596087,7
2251620,10.0,1
2251635,9.668319164332722,15
2251655,9.540355794501242,20
2251657,9.983763595242873,2
2251675,9.699680419408944,18
2251694,9.526013769624656,19
2251716,9.518633577692002,22
2251725,9.83186490670717,9
2251731,9.89003852552101,6
2251746,9.642340027733718,15
2251762,9.629717805622912,16
2251772,9.791494541963786,10
2251778,9.90175872625282,6
2251784,9.893049269629277,6
2251791,9.873505057355056,7
2251796,9.904369472443765,5
2251803,9.863842028778496,7
2251815,9.794920225573836,12
2251822,9.88162996877433,7
2251830,9.834497631086997,8
2251831,10.0,1
2251840,9.82509957152078,9
2251850,9.772573640559363,10
2251855,9.916349799133608,5
2251870,9.658243615567626,15
2251881,9.820436392501207,11
2251894,9.711697487852588,13
2251904,9.77939823267537,10
2251905,10.0,1
2251906,10.0,1
2251913,9.89040668937652,7
2251926,9.742270005780888,13
2251932,9.891477897277866,6
2251938,9.883351883419865,6
2251942,9.942923080063405,4
2251954,9.732685760894737,12
2251962,9.858171818337475,8
2251971,9.832630934027037,9
2251978,9.88396378029626,7
2251985,9.887679951398697,7
2251991,9.906120632530218,6
2251997,9.895419377528128,6
2252012,9.68468978103028,15
2252013,9.996386504238718,1
2252019,9.885911135437956,6
2252028,9.826894674156334,9
2252039,9.740480493534584,11
2252048,9.828236479342072,9
2252050,9.968656865612521,2
2252051,10.0,1
2252060,9.821204352635743,9
2252076,9.69855207727648,16
2252082,9.891720219088938,6
2252089,9.856746465122951,7
2252100,9.736406361670927,11
2252110,9.801408932210965,10
2252120,9.803821068376703,10
2252132,9.746338787410457,12
2252145,9.512366979528505,13
2252148,9.952799802855113,3
2252149,10.0,1
2252150,10.0,1
2252169,9.610859568001091,19
2252177,9.846244201196145,8
2252191,9.682413661146185,14
2252192,10.0,1
2252204,9.729128388960323,12
2252212,9.851497028294602,8
2252213,10.0,1
2252228,9.647866268414633,15
2252229,10.0,1
2252236,9.864128437397827,7
2252248,9.782783181574725,12
2252253,9.918851456460724,5
2252268,9.666785950023161,15
2252280,9.781605784511145,12
2252293,9.710917258358714,13
2252294,9.996845554946114,1
2252309,9.692472239186552,15
2252316,9.879792013997,7
2252320,9.950925828699932,4
2252326,9.905554430580603,6
2252330,9.942365410060573,4
2252355,9.456820348797057,25
2252361,9.902395993328117,6
2252383,9.525508932943046,22
2252385,9.971562630474521,2
2252399,9.740034794778122,14
2252413,9.687448005182436,14
2252422,9.85266840294114,9
2252442,9.47849253549762,20
2252448,9.897249468709653,6
2252468,9.534435133639079,20
2252478,9.806356389168027,10
2252499,9.345125690472868,21
2252500,10.0,1
2252518,9.550554693693819,18
2252526,9.845794247031163,8
2252537,9.767794668927042,11
2252544,9.879346519783306,7
2252547,9.96172287931754,3
2252561,9.697137085219476,14
2252570,9.83620291490112,9
2252603,4.433879061590908,33
2252604,10.0,1
2252618,9.66064470800772,14
2252625,9.879108313557305,7
2252641,9.681324588198049,16
2252651,9.787540970956076,10
2252654,9.963314686749127,3
2252660,9.899599995151846,6
2252668,9.856754312018458,8
2252683,9.66474070841855,15
2252698,9.649716938184177,15
2252699,9.993067294187599,1
2252711,9.730543421977949,12
2252727,9.608046553556738,16
2252741,9.505087484417757,14
2252749,9.847104863659322,8
2252767,9.580351574997783,18
2252772,9.925586712720435,5
2252773,10.0,1
2252780,9.855074778569946,7
2252787,9.863469028785849,7
2252791,9.945157059737133,4
2252793,9.982673824342022,2
2252799,9.900226300266109,6
2252802,9.960307663387507,3
2252809,9.898761385048214,7
2252824,9.702220454144985,15
2252833,9.793588576111791,9
2252845,9.777461680996522,12
2252855,9.80487222956888,10
2252856,10.0,1
2252862,9.88867767053256,6
2252874,9.751005447353439,12
2252882,9.85493945130955,8
2252895,9.703791927201468,13
2252899,9.947645490108055,4
2252907,9.814298962857793,8
2252920,9.708854677245158,13
2252921,10.0,1
2252936,9.652718098537175,15
2252947,9.808614579804953,11
2252953,9.898793312737194,6
2252959,9.916207440180239,6
2252964,9.916089101874734,5
2252970,9.907215076536408,6
2252973,9.960617000091517,3
2252979,9.90053485038267,6
2252983,9.928397149655488,4
2252990,9.8792750980965,7
2252999,9.835699580139956,9
2253017,9.573871410520118,18
2253030,9.714931025641066,13
2253043,9.699025710108735,13
2253050,9.875781359942247,7
2253065,9.657585413285759,15
2253066,10.0,1
2253074,9.867991669511039,8
2253099,9.547547672573083,25
2253100,10.0,1
2253109,9.83122670429876,9
2253117,9.838490289927861,8
2253131,9.58963736780019,14
2253147,9.616219443421127,16
2253166,9.542089981351857,19
2253167,10.0,1
2253168,10.0,1
2253184,9.413510115954288,16
2253236,8.677719886150564,52
2253243,9.870580918342505,7
2253248,9.909829829111057,5
2253261,9.712889885734759,13
2253270,9.797291557555274,9
2253282,9.448063918004435,12
2253289,9.872741368262508,7
2253298,9.826834547574828,9
2253305,9.884151475177996,7
2253306,9.987856675475305,1
2253318,9.79381272278096,12
2253337,9.55784724089716,19
2253347,9.804067852464016,10
2253352,9.931018762451089,5
2253355,9.958651541968786,3
2253366,9.79387587207081,11
2253372,9.866925778371083,6
2253384,9.728015565938419,12
2253400,9.623513504365414,16
2253411,9.79356884967283,11
2253420,9.796240588474532,9
2253430,9.795190992544224,10
2253437,9.870590680269185,7
2253452,9.67677201912284,15
2253455,9.953823881923135,3
2253471,9.666325980097184,16
2253483,9.742186443857964,12
2253489,9.900079477559796,6
2253505,9.617135666257479,16
2253514,9.859118339204715,9
2253517,9.962018559519116,3
2253521,9.942899872993548,4
2253522,10.0,1
2253532,9.786289020961036,10
2253542,9.614201884761046,10
2253550,9.836672943935021,8
2253565,9.662206584812566,15
2253575,9.76435321075678,10
2253579,9.928813281146986,4
2253583,9.929417166333835,4
2253596,9.75355233080067,13
2253604,9.861776709731329,8
2253615,9.763467621048324,11
2253629,9.671977648410078,14
2253636,9.873670438494981,7
2253646,9.7860496681674,10
2253650,9.949992877334562,4
2253664,9.702334022627428,14
2253675,9.75361120728601,11
2253686,9.74913340578984,11
2253695,9.801769382130702,9
2253699,9.919985020866186,4
2253713,9.723156387138875,14
2253719,9.909580656102998,6
2253728,9.818103793872838,9
2253736,9.863747104708048,8
2253749,9.694831573144203,13
2253760,9.78497005050963,11
2253773,9.701779042571843,13
2253779,9.906207133320251,6
2253790,9.774491823817778,11
2253801,9.74342815619045,11
2253802,10.0,1
2253809,9.880292153220152,7
2253815,9.894665513543414,6
2253826,9.774228809199677,11
2253828,9.968811144176712,2
2253835,9.8706450897446,7
2253836,10.0,1
2253840,9.94514763873679,4
2253852,9.758355444366396,12
2253864,9.763689133831624,12
2253878,9.692958510515187,14
2253892,9.700027453255549,14
2253904,9.753047829481496,12
2253911,9.846674087604029,7
2253920,9.829669218083485,9
2253928,9.866762728840039,8
2253939,9.765709525291829,11
2253950,9.781535766670702,11
2253953,9.950570806349024,3
2253960,9.458247578273447,7
2253971,9.786526727012419,11
2253986,9.689939429669774,15
2253998,9.779628383652163,12
2253999,10.0,1
2254004,9.907986798250231,5
2254014,9.78770825326267,10
2254026,9.746995804823275,12
2254029,9.950797315971927,3
2254034,9.90833895911671,5
2254053,9.391033844729767,19
2254065,9.72889795505665,12
2254084,9.521332836762635,19
2254091,9.861206144904285,7
2254096,9.925329693927482,5
2254106,9.837170188248688,10
2254119,9.698971879671694,13
2254129,9.770555587038999,10
2254138,9.804585783275972,9
2254145,9.871310962167014,7
2254160,9.630128443175034,15
2254166,9.905086465348408,6
2254169,9.947233337347864,3
2254178,9.825186163941838,9
2254197,9.46864564256664,19
2254198,10.0,1
2254203,9.903016513620763,5
2254214,9.786048640003568,11
2254226,9.763995570112773,12
2254235,9.852924098351497,9
2254239,9.828426096160209,4
2254246,9.883590517184462,7
2254257,9.767305170760768,11
2254272,9.671926960768118,15
2254278,9.88283606011275,6
2254293,9.693660360544147,15
2254305,9.741692780278557,12
2254306,10.0,1
2254314,9.853824029166066,8
2254317,9.96814578061923,3
2254330,9.719921290518325,13
2254345,9.658668889864906,15
2254357,9.737919431191957,12
2254541,6.945721048847842,184
2254554,9.719497580393746,13
2254560,9.878164275078811,6
2254567,9.87476608358652,7
2254580,9.347404504381071,13
2254592,9.721620618387975,12
2254601,9.810736265353988,9
2254610,9.809131814176096,9
2254615,9.91555452506513,5
2254623,9.8430749676636,8
2254637,9.708199256494588,14
2254647,9.819701035831606,10
2254652,9.926525346008138,5
2254660,9.851933681567143,8
2254668,9.872951665665493,8
2254672,9.942740406007074,4
2254689,9.650427463153639,17
2254695,9.898931619885381,6
2254704,9.8149896770406,9
2254713,9.79779762762349,9
2254721,9.871686986425951,8
2254725,9.933755640486355,4
2254739,9.672313531933481,14
2254743,9.945776183104387,4
2254753,9.776479624249614,10
2254766,9.715896420218085,13
2254775,9.818835873529352,9
2254781,9.90174367752097,6
2254782,10.0,1
2254788,9.887592841483968,6
2254802,9.739924216003839,14
2254805,9.955274339461274,3
2254806,9.989289680081805,1
2254820,9.683856497559074,14
2254825,9.90311460857743,5
2254838,9.598214217181695,13
2254856,9.546106119248295,18
2254863,9.874943061597202,7
2254870,9.886327731663698,7
2254885,9.662873449778672,15
2254894,9.835530152040109,9
2254906,9.744241446554732,12
2254922,9.614835876923726,16
2254929,9.857169598391202,7
2254931,9.97010471023034,2
2254932,10.0,1
2254942,9.814599639239773,10
2254953,9.775873718010864,11
2254962,9.80944734744166,9
2254967,9.923651215814743,5
2254979,9.739744885011795,12
2254982,9.965742569017133,3
2254989,9.868195342741522,7
2255000,9.752125397458311,11
2255008,9.836444009396018,8
2255018,9.800550143487698,10
2255030,9.813839429633463,12
2255038,9.844221490945781,8
2255060,9.527672211351588,22
2255062,9.981008180449487,2
2255063,10.0,1
2255067,9.929801481433266,4
2255080,9.68947119015726,13
2255092,9.73051108731847,12
2255099,9.872864984942407,7
2255117,9.649811190436129,18
2255132,9.670279781665743,15
2255136,9.9458584357658,4
2255144,9.827315978331505,8
2255151,9.847513441874314,7
2255160,9.863343673434349,9
2255167,9.865309324769063,7
2255197,9.29566210217638,30
2255205,9.880703265996512,8
2255209,9.922465776833326,4
2255216,9.880053265623774,7
2255227,9.78832900969569,11
2255239,9.742739515592842,12
2255252,9.728229034952026,13
2255261,9.847769962980303,9
2255264,9.960238156092476,3
2255281,9.267046505629294,17
2255285,9.939900867348165,4
2255292,9.861434219823785,7
2255307,9.623411818721037,15
2255315,9.844016480520503,8
2255324,9.807992441189397,9
2255334,9.808168991515677,10
2255339,9.921871744314538,5
2255345,9.896098038210505,6
2255353,9.859346741812768,8
2255364,9.769098404912937,11
2255371,9.885247506070133,7
2255382,9.768407853794264,11
2255383,10.0,1
2255389,9.891796339304046,6
2255390,10.0,1
2255401,9.754065901003795,11
2255415,9.681851232457372,14
2255416,10.0,1
2255419,9.967693738431414,3
2255422,9.959651903852084,3
2255432,9.792374511070784,10
2255450,9.574528176558584,18
2255481,7.699523298053915,31
2255485,9.94460715341335,4
2255489,9.941618895861522,4
2255495,9.887983886117908,6
2255501,9.909684257484306,6
2255502,9.989671153248821,1
2255503,10.0,1
2255510,9.883755326964007,7
2255531,9.530432536632983,21
2255532,10.0,1
2255538,9.904841221434479,6
2255539,9.98854033969086,1
2255547,9.834521539107838,8
2255561,9.705736380509231,14
2255571,9.789230538897332,10
2255583,9.738097842836218,12
2255598,9.624089999302688,15
2255604,9.888374652580122,6
2255617,9.729852622641761,13
2255627,9.779660200466685,10
2255650,9.452467846357901,23
2255663,9.735772768470135,13
2255677,9.678606325694169,14
2255685,9.842739612032737,8
2255703,9.517708067788321,18
2255716,9.766504474689192,13
2255727,9.760448905537087,11
2255739,9.735926092236372,12
2255740,10.0,1
2255756,9.67899231203141,16
2255762,9.9006824995279,6
2255772,9.779769136833634,10
2255773,10.0,1
2255782,9.825295330096507,9
2255783,10.0,1
2255787,9.945052885753206,4
2255796,9.846982279628646,9
2255805,9.854360896132892,9
2255806,10.0,1
2255807,10.0,1
2255813,9.904044055502162,6
2255817,9.943246803893697,4
2255818,10.0,1
2255829,9.766993389812688,11
2255844,9.670101233126935,15
2255861,9.63033788550058,17
2255866,9.922922437156082,5
2255875,9.8340864865724,9
2255880,9.913352534757568,5
2255888,9.832388004221688,8
2255894,9.895809757296792,6
2255902,9.858036409910355,8
2255911,9.825047856519294,9
2255912,10.0,1
2256016,8.40383866157913,104
2256025,9.857274914934735,9
2256029,9.957752722339865,4
2256046,9.609093286217846,17
2256054,9.82531398517033,8
2256066,9.4030914780968,12
2256074,9.83437176811049,8
2256084,9.815594951110583,10
2256093,9.827246136406329,9
2256094,10.0,1
2256099,9.904337320766777,5
2256107,9.841663811981402,8
2256112,9.931709322785643,5
2256118,9.894295769603243,6
2256122,9.935207954065879,4
2256134,9.721513979880934,12
2256147,9.687199678980075,13
2256153,9.868293475075614,6
2256160,9.880400825953052,7
2256166,9.888419613512584,6
2256170,9.931796198237725,4
2256176,9.878549435761634,6
2256183,9.864861353006088,7
2256195,9.76880421897166,12
2256206,9.789630776397212,11
2256223,9.629473317075885,17
2256243,9.566007397839002,20
2256259,9.671581936068792,16
2256270,9.80068128608976,11
2256278,9.86331867821808,8
2256281,9.970443428753333,3
2256289,9.838144563110392,8
2256292,9.952711921188259,3
2256300,9.85164613613993,8
2256304,9.944969681456827,4
2256320,9.571355823093173,16
2256334,9.703044336135218,14
2256341,9.869321820377625,7
2256353,9.734077508392845,12
2256363,9.812723456319077,10
2256371,9.841925289985666,8
2256385,9.708808387008155,14
2256401,9.628651877886405,16
2256406,9.915052409548577,5
2256414,9.856129149489206,8
2256422,9.83072880194306,8
2256432,9.773301730794477,10
2256446,9.700670593695857,14
2256456,9.788993222015298,10
2256468,9.727960766586067,12
2256478,9.779496150408258,10
2256492,9.699500573608224,14
2256506,8.744102983175104,14
2256514,9.845760724959021,8
2256515,10.0,1
2256528,9.716679188262292,13
2256536,9.844064922547545,8
2256537,9.992227316911608,1
2256547,9.692850313234066,10
2256563,9.617564386897168,16
2256567,9.946101047596441,4
2256574,9.85524949859427,7
2256579,9.912835979072545,5
2256587,9.852590668403705,8
2256600,9.70843736271796,13
2256604,9.945877255953267,4
2256611,9.880115959909546,7
2256622,9.776944771351754,11
2256632,9.798286744891954,10
2256642,9.8021213475463,10
2256651,9.831732928852746,9
2256659,9.86232288218776,8
2256670,9.755244891594218,11
2256680,9.811183667259076,10
2256696,9.57118082323159,16
2256700,9.94383237234292,4
2256890,3.9990194992294654,190
2256903,9.733488569532412,13
2256911,9.852560924710856,8
2256923,9.72474574839516,12
2256934,9.818954697601326,11
2256943,9.814852116669545,9
2256949,9.894281218673871,6
2256954,9.898809670243184,5
2256956,9.971203584320959,2
2256957,10.0,1
2256968,9.806595201441182,11
2256969,10.0,1
2256977,9.84666173748477,8
2256986,9.815707040144591,9
2256987,10.0,1
2257000,9.718347311176021,13
2257001,10.0,1
2257009,9.852211114342063,8
2257017,9.85384076714424,8
2257031,9.605822650643518,14
2257043,9.738264510884546,12
2257046,9.959268400749165,3
2257062,9.535820807351175,16
2257072,9.771178420196508,10
2257080,9.858128817515368,8
2257089,9.821736738959988,9
2257094,9.901833969626953,5
2257102,9.891309455241716,8
2257109,9.865869608386095,7
2257117,9.855677694434284,8
2257131,9.681553035569614,14
2257142,9.780956874647256,11
2257151,9.83756295873902,9
2257158,9.8640153859122,7
2257159,10.0,1
2257169,9.786010423363068,10
2257173,9.95005900287876,4
2257184,9.77314618751733,11
2257194,9.804486765434914,10
2257201,9.873139397742024,7
2257206,9.90887323245361,5
2257210,9.937866711305674,4
2257215,9.930851900742734,5
2257216,10.0,1
2257220,9.942872440039027,4
2257232,9.74779373812503,12
2257240,9.833678187036575,8
2257243,9.952396819694808,3
2257251,9.830733018193055,8
2257258,9.857441128173818,7
2257269,9.769469507455463,11
2257280,9.791876255401542,11
2257287,9.86901281713617,7
2257296,9.82633564888237,9
2257304,9.655099466631707,8
2257318,9.720670462841014,14
2257324,9.890221923394487,6
2257331,9.870630088373868,7
2257339,9.845920091045782,8
2257348,9.809148569400877,9
2257356,9.860212198090396,8
2257358,9.986371768347214,2
2257368,9.79689112977251,10
2257373,9.92169349538779,5
2257381,9.846450797056253,8
2257388,9.870024143187932,7
2257398,9.813111669883806,10
2257400,9.986064709405097,2
2257401,9.992821021572098,1
2257402,10.0,1
2257404,9.97831917196154,2
2257409,9.926192099401478,5
2257422,9.738015629735031,13
2257430,9.864442715733363,8
2257436,9.697084689345399,6
2257439,9.962945039254938,3
2257449,9.77882813212311,10
2257465,9.660944637395652,16
2257486,9.537916697114714,21
2257494,9.833367397392726,8
2257501,9.878347993154046,7
2257519,9.67644530253769,18
2257520,10.0,1
2257540,9.586524257516318,20
2257553,9.681621343556682,13
2257563,9.846858317478658,10
2257564,9.992672222464455,1
2257572,9.82696042400921,8
2257586,9.722846879294835,14
2257599,9.752486400881628,13
2257610,9.770156265322191,11
2257620,9.781513814865612,10
2257621,10.0,1
2257634,9.704086568220449,13
2257642,9.850480563223318,8
2257650,9.846118963820432,8
2257651,10.0,1
2257655,9.94528968013914,4
2257662,9.865274003258873,7
2257670,9.837523104908923,8
2257674,9.942785527250823,4
2257689,9.64876137084656,15
2257695,9.895464060388038,6
2257705,9.789485702684942,10
2257714,9.805365526701445,9
2257735,9.59296990129099,21
2257746,9.814283136385068,11
2257758,9.72489229849152,12
2257764,9.88704161446587,6
2257770,9.89274068761458,6
2257774,9.940588564192389,4
2257786,9.74780215010652,12
2257790,9.943902333844788,4
2257796,9.897362432781886,6
2257804,9.851699891442848,8
2257818,9.693549421243874,14
2257831,9.76962249697219,13
2257835,9.941161186605388,4
2257838,9.94902467480415,3
2257839,10.0,1
2257841,9.985411351190514,2
2257854,9.704142024380824,13
2257861,9.859509498711168,7
2257880,9.569970043770624,19
2257890,9.770156967621324,10
2257906,9.647894699112838,16
2257913,9.881367204876423,7
2257919,9.907709801910334,6
2257928,9.844638488896095,9
2257937,9.817744062148142,9
2257944,9.891687471615057,7
2257955,9.792887035911026,11
2257959,9.934486354783912,4
2257972,9.713415225321372,13
2257988,9.626483758070115,16
2258005,9.659602976381677,17
2258010,9.920773937765814,5
2258028,6.98595400456617,18
2258036,9.640604833832809,8
2258041,9.90209221890241,5
2258050,9.813285644508625,9
2258057,9.901033296727784,7
2258062,9.925043713922326,5
2258069,9.876303230856193,7
2258078,9.836608715611574,9
2258083,9.918888904169116,5
2258084,10.0,1
2258087,9.95295349797439,3
2258088,10.0,1
2258095,9.861648814424335,7
2258102,9.87171984335811,7
2258133,1.8509000156316269,31
2258139,9.897559303593752,6
2258145,9.908572450244419,6
2258156,9.75199217093154,11
2258164,9.83724750345256,8
2258176,9.63646603681455,12
2258185,9.83269698938563,9
2258189,9.943465205593382,4
2258197,9.864405680335128,8
2258211,9.67647028979097,14
2258222,9.765658823198834,11
2258223,10.0,1
2258231,9.85480871644158,8
2258251,9.096832152384644,20
2258260,9.794224436573515,9
2258262,9.976032955076846,2
2258269,9.874982427443662,7
2258273,9.932342941148677,4
2258276,9.95147439906236,3
2258282,9.890409867281704,6
2258283,10.0,1
2258293,9.807174268718466,10
2258304,9.792686755684645,11
2258318,9.675327061423477,14
2258319,10.0,1
2258333,9.703434210530718,14
2258344,9.769496837208813,11
2258349,9.904981495419548,5
2258356,9.864837186418363,7
2258374,9.522373722146021,18
2258375,9.992481329870161,1
2258387,9.730407368228509,12
2258409,9.510528586767027,22
2258416,9.871526423676782,7
2258426,9.813461210743558,10
2258432,9.902365658458516,6
2258433,9.988492422784995,1
2258438,9.91567219557414,5
2258451,9.71057907500177,13
2258466,9.668836180867595,15
2258470,9.945248325680438,4
2258473,9.956469950880502,3
2258482,9.83632086089633,9
2258484,9.969205863919635,2
2258488,9.946800339602028,4
2258503,9.64369785027234,15
2258514,9.750545926678186,11
2258515,10.0,1
2258519,9.943528338598195,4
2258520,10.0,1
2258526,9.90681183435532,6
2258527,10.0,1
2258539,9.736432998412143,12
2258546,9.855940865722745,7
2258552,9.878927153464542,6
2258566,9.67351371677493,14
2258579,9.715330085107839,13
2258594,9.706463539985828,15
2258602,9.84821180485366,8
2258608,9.89062643757363,6
2258616,9.855875904043277,8
2258617,10.0,1
2258628,9.78369199105506,11
2258638,9.802606761001467,10
2258644,9.902798501262737,6
2258667,9.452961610053856,23
2258674,9.853416636999793,7
2258675,10.0,1
2258679,9.932100748406725,4
2258681,9.974427187777444,2
2258687,9.89335429046655,6
2258690,9.954901673499899,3
2258698,9.851714293081267,8
2258703,9.899983852298087,5
2258717,9.663651934201843,14
2258727,9.813559993434195,10
2258730,9.962296706639778,3
2258741,9.638691760944342,11
2258753,9.762908603300856,12
2258760,9.873056480133867,7
2258771,9.782442001311296,11
2258772,10.0,1
2258786,9.694452790773376,14
2258787,9.988291158431121,1
2258788,9.989585862823049,1
2258801,9.71714931112259,13
2258803,9.9682173348718,2
2258816,9.710076473818049,13
2258824,9.889455291210703,8
2258829,9.920014231597298,5
2258835,9.914553356302394,6
2258847,9.728334204338683,12
2258856,9.510022880348073,9
2258865,9.834417572280062,9
2258883,9.594609058467174,18
2258890,9.871098729821572,7
2258891,10.0,1
2258896,9.916444070084768,5
2258897,10.0,1
2258901,9.928816686302936,4
2258907,9.919805578119519,6
2258916,9.845030243449974,9
2258920,9.93382831694808,4
2258942,9.232925588255503,22
2258948,9.896125640518232,6
2258955,9.861974476898054,7
2258965,9.812012231869618,10
2258976,9.759838835969896,11
2258984,9.845507540382101,8
2258999,9.669479295423741,15
2259007,9.82727759735559,8
2259013,9.904349014367737,6
2259021,9.832916212961115,8
2259024,9.96560424948047,3
2259031,9.875106982322063,7
2259046,9.663553353186527,15
2259054,9.84526827793676,8
2259062,9.874366166181842,8
2259075,9.726063703173041,13
2259082,9.882853028634186,7
2259091,9.819653604602072,9
2259100,9.82245952809148,9
2259116,9.645319510240608,16
2259133,9.582491707003413,17
2259136,9.96052268459333,3
2259140,9.955412345643897,4
2259148,9.854042985567645,8
2259155,9.86334732065312,7
2259163,9.848432253536911,8
2259172,9.808220191299185,9
2259179,9.860317987216142,7
2259187,9.866685235521286,8
2259194,9.884800919728269,7
2259211,9.603734243684608,17
2259225,9.69563911094747,14
2259233,9.839908077864045,8
2259234,10.0,1
2259246,9.29559086933197,12
2259256,9.77299039429489,10
2259276,9.556851711753026,20
2259277,10.0,1
2259278,10.0,1
2259288,9.796005336173964,10
2259298,9.785502495967142,10
2259310,9.715675632311973,12
2259314,9.94926063525718,4
2259320,9.887881768928013,6
2259328,9.827976710720867,8
2259333,9.923888152805933,5
2259339,9.879789777442694,6
2259352,9.743227009692175,13
2259359,9.560075266466496,7
2259360,10.0,1
2259365,9.942413113921086,5
2259379,9.491675075325459,14
2259391,9.764401462933415,12
2259392,10.0,1
2259403,9.764594757527012,11
2259412,9.824340607588761,9
2259416,9.936120398015525,4
2259425,9.831127210013012,9
2259430,9.926495261979976,5
2259444,9.701755810527873,14
2259450,9.890262359481582,6
2259457,9.86721606565813,7
2259462,9.905160866284865,5
2259472,9.842245310519464,10
2259483,9.7896889598284,11
2259496,9.731489195787514,13
2259498,9.974416601789361,2
2259506,9.839524865719829,8
2259520,9.694951278200442,14
2259524,9.940828822034513,4
2259530,9.896586540065028,6
2259553,9.535391490364653,23
2259554,10.0,1
2259564,9.821180896552194,10
2259575,9.778929525137865,11
2259581,9.903525374302298,6
2259591,9.778018994597128,10
2259597,9.902353354891297,6
2259608,9.66616487322909,11
2259610,9.98338333537531,2
2259620,9.794799979571325,10
2259621,10.0,1
2259636,9.65789680366265,15
2259641,9.926489845555817,5
2259652,9.77333922622159,11
2259668,9.632540038743109,16
2259674,9.881919209632962,6
2259690,9.64291029484769,16
2259705,9.677790410697007,15
2259716,9.798945506636642,11
2259717,10.0,1
2259728,9.806283635656072,11
2259738,9.809804749642351,10
2259756,9.560709891441489,18
2259757,10.0,1
2259829,7.670526930494283,72
2259834,9.907568312356537,5
2259843,9.82851792066153,9
2259853,9.800719400748173,10
2259859,9.87690635717564,6
2259873,9.693046543092608,14
2259880,9.889003356320375,7
2259890,9.793472879879696,10
2259901,9.64117647356773,11
2259909,9.877442796810703,8
2259913,9.939645628930364,4
2259921,9.882471077750143,8
2259931,9.818029226875424,10
2259934,9.955930453957864,3
2259942,9.837734900033546,8
2259949,9.876672869032461,7
2259957,9.845104714857053,8
2259965,9.84162839312673,8
2259972,9.862494818711431,7
2259981,9.823235284653784,9
2259991,9.792602447381581,10
2260000,9.832345625098485,9
2260014,9.686586988517906,14
2260024,9.793567678906172,10
2260026,9.985597819798407,2
2260037,9.798947121388117,11
2260038,10.0,1
2260039,10.0,1
2260048,9.418640070310273,9
2260057,9.829381633383443,9
2260062,9.905437617518015,5
2260073,9.811357454781243,11
2260088,9.66018871222868,15
2260099,9.784164864453407,11
2260106,9.871533197781202,7
2260113,9.861338958218337,7
2260126,9.721129711714934,13
2260139,9.720135868814436,13
2260149,9.80201965818642,10
2260163,9.666549084046475,14
2260172,9.830007854478849,9
2260187,9.664791229688522,15
2260194,9.875322875331223,7
2260202,9.84892837610352,8
2260203,10.0,1
2260214,9.766096124530366,11
2260222,9.834007888164647,8
2260235,9.718959834571242,13
2260247,9.746845570870724,12
2260262,9.675356310587565,15
2260271,9.823264196290246,9
2260274,9.952192615080733,3
2260293,9.59412771369877,19
2260301,9.838516369018249,8
2260309,9.832090622837892,8
2260315,9.892035451800538,6
2260321,9.88861809751648,6
2260328,9.857659408592328,7
2260338,9.777024698763746,10
2260346,9.8430986818173,8
2260359,9.717631787642125,13
2260366,9.872774648350541,7
2260373,9.86136011621257,7
2260378,9.919956761845171,5
2260389,9.755703133809941,11
2260405,9.616094755371513,16
2260411,9.906248855052683,6
2260412,10.0,1
2260418,9.873892341063332,6
2260424,9.900408847153871,6
2260433,9.8532719292408,9
2260439,9.903745321935121,6
2260445,9.908783175199193,6
2260452,9.885157177492793,7
2260453,10.0,1
2260464,9.765216419984178,11
2260481,9.63069781084113,17
2260495,9.703699541179043,14
2260502,9.860512702154828,7
2260503,10.0,1
2260509,9.710675197481066,6
2260514,9.918717548133298,5
2260525,9.771762635495993,11
2260536,9.765158769889908,11
2260549,9.731932803320115,13
2260554,9.925021296245621,5
2260557,9.973650234139493,3
2260572,9.665928881370863,15
2260574,9.97748279919842,2
2260593,9.580568852161518,19
2260610,9.653696105655488,17
2260620,9.80342979746382,10
2260625,9.906790201887395,5
2260627,9.97415281881679,2
2260636,9.431273712358223,9
2260654,9.50676017188486,18
2260661,9.892672044589222,7
2260662,10.0,1
2260674,9.737345636936478,12
2260689,9.6889671972951,15
2260690,9.98851850288788,1
2260694,9.925916373665912,4
2260704,9.808485187326509,10
2260706,9.972144799865006,2
2260716,9.771690604478096,10
2260725,9.821524438959882,9
2260739,9.678285124873877,14
2260749,9.80179743084906,10
2260759,9.757533221627938,10
2260766,9.86076380865837,7
2260777,9.753141381225998,11
2260778,10.0,1
2260780,9.973973804354328,2
2260782,9.97542632703489,2
2260792,9.813940443748939,10
2260807,9.666205093507113,15
2260822,9.683374881635029,15
2260833,9.7533149751427,11
2260834,10.0,1
2260843,9.646482008886245,9
2260850,9.874786749034262,7
2260867,9.640776085665731,17
2260868,10.0,1
2260869,10.0,1
2260880,9.452484237662786,11
2260893,9.734851815634972,13
2260908,9.673444547791092,15
2260918,9.792312737759378,10
2260927,9.803987627813191,9
2260941,9.67560050443721,14
2260956,9.712851815961974,15
2260957,10.0,1
2260979,9.44724305302479,22
2260990,9.807827443392096,11
2261005,9.675901050686784,15
2261006,9.99292309305898,1
2261015,9.805605512490756,9
2261028,9.72822146223106,13
2261029,10.0,1
2261042,9.742265199134865,13
2261054,9.725025332097808,12
2261059,9.918982895821589,5
2261060,10.0,1
2261061,9.988867912473921,1
2261066,9.90877184905229,5
2261073,9.879882207356117,7
2261083,9.787547088806035,10
2261099,9.681789984415758,16
2261111,9.78393449766428,12
2261121,9.78564724536792,10
2261130,9.80413542344267,9
2261143,9.740368670377975,13
2261154,9.774967699438937,11
2261175,9.41617211747105,21
2261187,9.758019876360665,12
2261209,9.501935374329614,22
2261229,9.473408383800253,20
2261236,9.87360183677383,7
2261237,10.0,1
2261247,9.807740113055932,10
2261259,9.766117590716894,12
2261264,9.91949460197274,5
2261274,9.797687848359306,10
2261286,9.71409614840105,12
2261290,9.945810276205867,4
2261295,9.921803648313242,5
2261312,9.641514468302233,17
2261323,9.764876701840953,11
2261331,9.832191835713605,8
2261332,10.0,1
2261336,9.94318740714209,4
2261348,9.73921618905488,12
2261356,9.895506963943648,8
2261364,9.889658947186375,8
2261372,9.836273256899059,8
2261384,9.582014305019031,12
2261400,9.663994895443638,16
2261407,9.868726929549032,7
2261408,10.0,1
2261417,9.805861448519593,9
2261431,9.721931326087473,14
2261440,9.814851617753538,9
2261451,9.821393272418318,11
2261460,9.812711045126687,9
2261468,9.840095881006953,8
2261476,9.835764160777499,8
2261481,9.905052093302736,5
2261483,9.984536544198297,2
2261501,9.582914233657801,18
2261511,9.795351373261578,10
2261519,9.84944874470602,8
2261523,9.72075466362949,4
2261532,9.807720143184433,9
2261546,9.668096497417489,14
2261552,9.914139932428107,6
2261560,9.855525377027003,8
2261561,10.0,1
2261582,9.299248391715148,21
2261591,9.837417282076846,9
2261599,9.851269533190472,8
2261612,9.7156669479813,13
2261621,9.819267095591385,9
2261628,9.882320755939547,7
2261638,9.769273698840081,10
2261641,9.949547378621366,3
2261642,9.993341722014895,1
2261650,9.846215265703625,8
2261659,9.86754951961044,9
2261667,9.819010441766356,8
2261670,9.961389206447013,3
2261678,9.850516548204025,8
2261683,9.909836197199239,5
2261690,9.886052289097652,7
2261708,9.59348899423692,18
2261711,9.952041823571172,3
2261719,9.819362382738166,8
2261728,9.85140767772794,9
2261729,10.0,1
2261737,9.862134953851143,8
2261738,10.0,1
2261744,9.90027235170878,6
2261751,9.876572079531135,7
2261762,9.809740802788582,11
2261763,9.996373610697157,1
2261769,9.890724382982055,6
2261774,9.909128018170444,5
2261782,9.847618129885731,8
2261783,10.0,1
2261802,9.607227325283862,19
2261818,9.610802876689112,16
2261834,9.668887719535059,16
2261845,9.762850004339775,11
2261858,9.728693105173546,13
2261867,9.831611003578335,9
2261876,9.793422526111248,9
2261878,9.97977983382812,2
2261888,9.781049675746516,10
2261897,9.86711345066851,9
2261913,9.655780608521422,16
2261932,9.530733688265114,19
2261941,9.816284638134007,9
2261951,9.802952971374642,10
2261952,10.0,1
2261957,9.924114223579437,5
2261973,9.610303292269705,16
2261987,9.759041531385346,14
2261993,9.905465328253428,6
2262002,9.817162465709048,9
2262013,9.810070899224618,11
2262029,9.629103644741225,16
2262035,9.874866103057059,6
2262043,9.852950799764452,8
2262060,9.643483600659133,17
2262061,10.0,1
2262067,9.879251627996412,6
2262072,9.902467430058747,5
2262073,9.988330057527097,1
2262085,9.75191031628605,12
2262086,10.0,1
2262098,9.749769253347106,12
2262108,9.790659883674783,10
2262117,9.842912578221432,9
2262129,9.74577921633407,12
2262136,9.886728409551017,7
2262140,9.948618701911553,4
2262147,9.882380229668389,7
2262158,9.741295783161242,11
2262169,9.76673641435068,11
2262180,9.784138569946956,11
2262181,10.0,1
2262195,9.69469792569969,14
2262207,9.738084612769462,12
2262232,9.409279572166607,25
2262240,9.82217816739571,8
2262250,9.775303533179523,10
2262258,9.831453404569771,8
2262260,9.982061391113557,2
2262266,9.882703356992597,6
2262271,9.924967930942152,5
2262274,9.955313135652107,3
2262289,9.676334208054651,15
2262291,9.98092172218054,2
2262301,9.803385581137913,10
2262308,9.887228766817138,7
2262314,9.907196146193456,6
2262326,9.730422768561636,12
2262338,9.734484733176869,12
2262348,9.764468854045761,10
2262356,9.864222199810191,8
2262357,10.0,1
2262375,9.564921849527664,18
2262379,9.949561684414723,4
2262389,9.798785525588306,10
2262400,9.770300967567886,11
2262411,9.765693909331324,11
2262422,9.75647811137055,11
2262429,9.876955616832305,7
2262439,9.685101447930384,10
2262440,10.0,1
2262447,9.85771597866405,7
2262456,9.826062925463491,9
2262464,9.83232135325061,8
2262477,9.698039004129015,13
2262489,9.753246360248134,12
2262501,9.76822133112581,12
2262514,9.70378533682977,13
2262521,9.867062284460516,7
2262530,9.822970590292364,9
2262540,9.80931014092247,10
2262541,9.995864239824375,1
2262544,9.957652130727752,3
2262551,9.860438636936324,7
2262571,9.563717137585455,20
2262580,9.813310690057364,9
2262581,10.0,1
2262593,9.7697195362854,12
2262612,9.576901631028353,19
2262620,9.855684690685584,8
2262632,9.746167898399309,12
2262639,9.875317820533443,7
2262640,10.0,1
2262650,9.783042559799965,10
2262660,9.777691771621692,10
2262668,9.841653437042705,8
2262684,9.637276535640826,16
2262685,9.99648472478976,1
2262696,9.788522337089384,11
2262704,9.870866784338213,8
2262708,9.944807553728557,4
2262713,9.902206348102675,5
2262731,9.583368917634402,18
2262732,9.996879329489769,1
2262733,10.0,1
2262738,9.933544888791976,5
2262747,9.821115028544003,9
2262756,9.829266345304356,9
2262903,-1.6798585726157658,147
2262916,9.703597034767872,13
2262928,9.719230653727774,12
2262936,9.855592718080176,8
2262943,9.891390986492441,7
2262949,9.897316018996898,6
2262951,9.985206587442114,2
2262962,9.761755046973088,11
2262970,9.846787087921408,8
2262983,9.72447131427047,13
2262987,9.940007827647726,4
2263000,9.719835090228383,13
2263006,9.914173201576114,6
2263018,9.75879676208718,12
2263019,10.0,1
2263022,9.96166919249113,3
2263032,9.796845215249622,10
2263040,9.84909276727358,8
2263041,10.0,1
2263058,9.415782436047662,17
2263070,9.73231560202194,12
2263076,9.91624833514036,6
2263093,9.644192912194065,17
2263102,9.831197137077238,9
2263120,9.598835892922477,18
2263144,9.380037004687198,24
2263165,9.629730231619995,21
2263178,9.775167063023476,13
2263186,9.81799701913536,8
2263197,9.76824340839033,11
2263198,10.0,1
2263205,9.868434783683055,7
2263206,10.0,1
2263217,9.743790516096219,11
2263245,9.534923622281738,28
2263253,9.845558930414601,8
2263257,9.944083006765993,4
2263258,10.0,1
2263261,9.958583133031427,3
2263264,9.959783531183614,3
2263278,9.665312209327515,14
2263288,9.784010040174664,10
2263318,9.444656046830826,30
2263327,9.85206936146976,9
2263346,9.520521253302334,19
2263357,9.7839216389482,11
2263361,9.939918659367155,4
2263363,9.967929504225404,2
2263378,9.656915429748588,15
2263398,9.547466257809576,20
2263405,9.868234987715713,7
2263416,9.761809130165084,11
2263428,9.772901412533354,12
2263440,9.761622445230463,12
2263446,9.895651850992513,6
2263450,9.940293285291057,4
2263461,9.750730998579881,11
2263471,9.79350938773616,10
2263481,9.783305431090584,10
2263487,9.912437906819818,6
2263491,9.949483917435415,4
2263508,9.658240457252159,17
2263514,9.897696784939036,6
2263518,9.919905104886862,4
2263530,9.73657089913856,12
2263536,9.902560440307408,6
2263537,10.0,1
2263551,9.692149796408513,14
2263556,9.931248455031298,5
2263557,10.0,1
2263569,9.764420980182551,12
2263578,9.844538752970422,9
2263584,9.87953155225187,6
2263603,9.708470755037048,19
2263614,9.765253394864011,11
2263621,9.877221065512401,7
2263626,9.917265525738024,5
2263632,9.897491557476052,6
2263640,9.845116203570646,8
2263641,10.0,1
2263648,9.89165029202768,7
2263660,9.731393655035042,12
2263661,10.0,1
2263673,9.746761144724095,12
2263684,9.76584801680053,11
2263690,9.905341744566497,6
2263707,9.488033137848904,17
2263710,9.952082160271475,3
2263714,9.936790643984793,4
2263719,9.901037308647224,5
2263725,9.909076823491297,6
2263726,10.0,1
2263735,9.81098441717505,9
2263740,9.914136588808928,5
2263749,9.823860461202681,9
2263753,9.94638709137846,4
2263767,9.720839151105022,14
2263769,9.975420318218417,2
2263775,9.89459766428594,6
2263776,10.0,1
2263781,9.91383749060013,5
2263782,10.0,1
2263788,9.918573482020404,6
2263797,9.824237944453207,9
2263800,9.961661552531211,3
2263810,9.790756794671934,10
2263821,9.751784301071597,11
2263829,9.85041173697562,8
2263835,9.90052456549499,6
2263845,9.777860079570717,10
2263857,9.753698041707331,12
2263865,9.865582736269698,8
2263878,9.749077669265008,13
2263882,9.94752100042671,4
2263903,9.589575751703348,21
2263916,9.620009477121627,13
2263929,9.707204327843574,13
2263943,9.773575098484022,14
2263955,9.7282578756768,12
2263965,9.79469681454407,10
2263974,9.83636411114299,9
2263980,9.916658879685452,6
2263988,9.865340548120423,8
2263995,9.889005736426146,7
2264002,9.884929621632324,7
2264005,9.96418736400587,3
2264006,10.0,1
2264014,9.835165860425704,8
2264019,9.906728896742997,5
2264030,9.783074857554393,11
2264037,9.874784441958885,7
2264053,9.427659360942862,16
2264054,10.0,1
2264067,9.740497750876635,13
2264074,9.86794564842667,7
2264076,9.97396535771901,2
2264078,9.971823417605016,2
2264085,9.870865548368595,7
2264092,9.849600893321238,7
2264093,9.992590658964177,1
2264094,10.0,1
2264101,9.898420586471142,7
2264112,9.79060627705182,11
2264118,9.89631691679434,6
2264134,9.640682300086498,16
2264148,9.714896617400749,14
2264157,9.816794610690426,9
2264165,9.86465248303306,8
2264172,9.886679752288096,7
2264187,9.697681991946363,15
2264197,9.822453230816219,10
2264203,9.890274526587593,6
2264315,3.955947392558751,112
2264329,9.676217839673495,14
2264347,9.591835947586846,18
2264360,9.742407308220432,13
2264372,9.74135956826134,12
2264378,9.901124518680557,6
2264397,9.57193491893738,19
2264410,9.72866479942411,13
2264422,9.75438225402625,12
2264428,9.89799634934741,6
2264441,9.71080259073621,13
2264448,9.879108864721095,7
2264455,9.879806649941404,7
2264463,9.833368005527662,8
2264469,9.890195815825244,6
2264475,9.91082950910569,6
2264479,9.93177257140926,4
2264488,9.816926896448406,9
2264494,9.890762767246734,6
2264508,9.642646304341765,14
2264512,9.93096591853818,4
2264524,9.73489945310523,12
2264529,9.917924481625294,5
2264543,9.690081866631989,14
2264551,9.830686362151932,8
2264579,7.399225124928515,28
2264585,9.898675528355103,6
2264590,9.899537244905678,5
2264596,9.906320819919987,6
2264604,9.853774539621629,8
2264605,10.0,1
2264606,10.0,1
2264619,9.703998284759683,13
2264621,9.969200499474374,2
2264633,9.746622878715742,12
2264643,9.796603403298315,10
2264655,9.762728127325037,12
2264660,9.926941685428016,5
2264673,9.751709006021162,13
2264680,9.884054679780496,7
2264723,8.46146315249672,43
2264730,9.875428709795512,7
2264743,9.729740078678612,13
2264757,9.693930970072424,14
2264766,9.851231352675345,9
2264782,9.686640096508626,16
2264793,9.760542149890306,11
2264803,9.776374275368044,10
2264816,9.697231384425534,13
2264824,9.867894055184369,8
2264833,9.802801490664345,9
2264844,9.752387323781383,11
2264845,10.0,1
2264853,9.862657298458714,8
2264862,9.84381203861942,9
2264874,9.738486352377679,12
2264879,9.903357439301118,5
2264889,9.816966918730005,10
2264890,9.98752431564305,1
2264897,9.880065492599455,7
2264905,9.850151609716528,8
2264918,9.712336973191555,13
2264926,9.85090601575587,8
2264928,9.970204661771723,2
2264929,10.0,1
2264943,9.508555324988484,14
2264952,9.82909869584992,9
2264957,9.893853870388561,5
2264966,9.807837897893396,9
2264967,10.0,1
2264968,10.0,1
2264982,9.674695536107134,14
2264993,9.749866507611726,11
2265004,9.807018063492306,11
2265012,9.867747526013309,8
2265018,9.892745836650938,6
2265034,9.638541665145508,16
2265035,9.996429768418908,1
2265049,9.704332539800333,14
2265066,9.630489448648586,17
2265081,9.693207711771285,15
2265104,9.556600264203444,23
2265114,9.809775566893219,10
2265118,9.932977582060616,4
2265127,9.86641299729813,9
2265133,9.899565196134725,6
2265143,9.791240969923416,10
2265150,9.881765646467683,7
2265196,6.752602627959334,46
2265200,9.937322983234955,4
2265211,9.77938184668907,11
2265216,9.929512298204369,5
2265221,9.918232916096207,5
2265224,9.959224453348492,3
2265230,9.89126071166044,6
2265241,9.754247004323183,11
2265250,9.811262717388278,9
2265255,9.927773627988824,5
2265256,10.0,1
2265268,9.75193741723189,12
2265278,9.794163608903967,10
2265285,9.870688898010075,7
2265286,10.0,1
2265302,9.631488812948902,16
2265303,10.0,1
2265311,9.855537109436872,8
2265318,9.852800343998952,7
2265330,9.73679363884098,12
2265352,9.563469722964161,22
2265360,9.839848854217982,8
2265368,9.854160821504687,8
2265377,9.836571252096793,9
2265380,9.952206439223879,3
2265385,9.9224901600248,5
2265391,9.896063234591804,6
2265397,9.901122774713532,6
2265398,10.0,1
2265412,9.697542903950346,14
2265415,9.960757035794893,3
2265429,9.675681856585133,14
2265434,9.919633371271882,5
2265435,10.0,1
2265438,9.966359157668377,3
2265449,9.752303411724585,11
2265456,9.868938579990365,7
2265458,9.974326425061669,2
2265459,10.0,1
2265462,9.955268950415853,3
2265469,9.864533915196581,7
2265480,9.772360342680766,11
2265486,9.892570859440704,6
2265498,9.780927166282916,12
2265505,9.85952371529332,7
2265517,9.734236411407943,12
2265530,9.477672483850524,13
2265539,9.81777421342538,9
2265552,9.718110024975779,13
2265566,9.704805710823194,14
2265570,9.922517968875498,4
2266070,-75.43541613185101,500
2266087,9.610673003376707,17
2266096,9.842641423881258,9
2266099,9.960486812957027,3
2266114,9.652018526884918,15
2266126,9.728429493829259,12
2266147,9.425354026996224,21
2266160,9.680974107876864,13
2266167,9.855987256142724,7
2266181,9.701027592714894,14
2266192,9.776996066652211,11
2266197,9.515320754739237,5
2266204,9.871373629077619,7
2266214,9.801783529337767,10
2266220,9.891517912440916,6
2266226,9.905324549440728,6
2266234,9.876041002487835,8
2266244,9.770098500306625,10
2266264,9.515125242034143,20
2266265,10.0,1
2266288,9.554587936024,23
2266305,9.605059859902674,17
2266315,9.795631295290738,10
2266329,9.714237923230096,14
2266337,9.8669086048936,8
2266351,9.68856589789346,14
2266352,10.0,1
2266360,9.832397492076078,8
2266368,9.835546731741818,8
2266379,9.768648636101771,11
2266388,9.811957516807079,9
2266392,9.943726045015394,4
2266397,9.912661102998625,5
2266410,9.705198256293919,13
2266414,9.940731221375131,4
2266425,9.763345244264771,11
2266435,9.804453540111778,10
2266437,9.97882988378126,2
2266442,9.924153281449314,5
2266449,9.887333398111018,7
2266459,9.781771924632196,10
2266469,9.763020837106078,10
2266470,10.0,1
2266471,10.0,1
2266472,9.99669726659113,1
2266488,9.659123155734171,16
2266489,10.0,1
2266490,10.0,1
2266494,9.946232203762996,4
2266504,9.775564671788892,10
2266516,9.737590981378595,12
2266525,9.836921469082833,9
2266532,9.87931102076845,7
2266533,10.0,1
2266550,9.599910627132644,17
2266560,9.80570898432024,10
2266568,9.827541286411096,8
2266577,9.800354283487772,9
2266578,10.0,1
2266591,9.721622484541006,13
2266596,9.92259435976447,5
2266607,9.7448660028057,11
2266622,9.683009072894048,15
2266634,9.763081320934226,12
2266642,9.833254362616026,8
2266649,9.857609805623033,7
2266658,9.830880886231764,9
2266663,9.932607212301493,5
2266673,9.751612252204087,10
2266674,9.996288746150809,1
2266675,10.0,1
2266684,9.821137684106327,9
2266687,9.95529292919349,3
2266701,9.709742574970381,14
2266707,9.893969988213366,6
2266709,9.96930676370062,2
2266714,9.911358236430534,5
2266721,9.894976160198059,7
2266731,9.80928692326735,10
2266739,9.867075271878,8
2266753,9.36264984427656,14
2266754,9.99178626801533,1
2266761,9.872047514767159,7
2267261,-214.2245749405309,500
2267262,10.0,1
2267265,9.95238693649302,3
2267273,9.846400371103833,8
2267287,9.71016522109249,14
2267304,9.647408196238592,17
2267319,8.92255115029252,15
2267324,9.91881369950531,5
2267336,9.735925101217893,12
2267342,9.902689226436317,6
2267351,9.810000523854999,9
2267367,9.68974791583592,16
2267371,9.940129923252096,4
2267374,9.961469118023071,3
2267375,10.0,1
2267394,9.564587641005568,19
2267401,9.869780637030555,7
2267416,9.650642292389678,15
2267426,9.780404709765534,10
2267440,9.671236580649053,14
2267441,9.995929500832801,1
2267442,10.0,1
2267447,9.91497676438066,5
2267457,9.774398447472592,10
2267468,9.790987644759419,11
2267487,9.672238264592872,19
2267500,9.531852762393195,13
2267505,9.924433248170033,5
2267522,9.64052586902545,17
2267525,9.96256755557039,3
2267535,9.715496096777928,10
2267540,9.924730085152175,5
2267546,9.889422206766612,6
2267560,9.682808905059908,14
2267568,9.831060028457422,8
2267571,9.951869509262014,3
2267583,9.73702670006332,12
2267598,9.68339239891369,15
2267608,9.78535424130368,10
2267610,9.983591422191713,2
2267611,9.988718317155351,1
2267614,9.965673649525396,3
2267615,9.988181603704756,1
2267629,9.603253080720162,14
2267641,9.737273109379194,12
2267657,9.650541846694468,16
2267666,9.806480246561888,9
2267674,9.863828336226279,8
2267684,9.801241015312911,10
2267696,9.727826909883579,12
2267709,9.723215701484833,13
2267723,9.739450964096477,14
2267728,9.91349637321506,5
2267736,9.384206033057891,8
2267822,6.238279169761951,86
2267828,9.91212763463966,6
2267838,9.786551385366318,10
2267841,9.953725099151123,3
2267850,9.819855523873347,9
2267864,9.672582095947464,14
2267875,9.775811498329828,11
2267878,9.962998466010689,3
2267889,9.7543381340409,11
2267902,9.726337195188501,13
2267909,9.86394765377388,7
2267914,9.92448305239366,5
2267923,9.84746548189961,9
2267926,9.949454646094386,3
2267939,9.707187064179752,13
2267945,9.89743439924881,6
2267946,10.0,1
2267958,9.723528452858536,12
2267964,9.912587792137058,6
2267972,9.842016860673152,8
2267979,9.888546878223432,7
2267983,9.926585687554748,4
2267984,10.0,1
2267990,9.902116793103694,6
2267997,9.863570174473011,7
2268012,9.680684121406228,15
2268022,9.795504915832765,10
2268029,9.855061627020834,7
2268037,9.823668032404708,8
2268042,9.905193716724659,5
2268057,9.64761388518948,15
2268067,9.595918457799664,10
2268080,9.714660820748247,13
2268088,9.847339982615813,8
2268093,9.917046626725442,5
2268094,10.0,1
2268106,9.744284837175933,12
2268120,9.7111576325287,14
2268121,9.996378561359665,1
2268132,9.773885419535937,11
2268138,9.893083867158495,6
2268143,9.932327968593803,5
2268144,10.0,1
2268146,9.9835812054605,2
2268155,9.802055617379846,9
2268163,9.822351360267104,8
2268174,9.751250494362793,11
2268231,1.0889571506716784,57
2268239,9.865147625102278,8
2268240,10.0,1
2268251,9.783294436773648,11
2268261,9.784302393976262,10
2268267,9.908139894938955,6
2268279,9.75513528140983,12
2268289,9.805522338554402,10
2268304,9.706459256745108,15
2268306,9.982051365478378,2
2268310,9.940624551444415,4
2268333,9.461297603478958,23
2268336,9.94931244588832,3
2268344,9.858669293654618,8
2268347,9.958367225551262,3
2268349,9.9809889362134,2
2268354,9.911545335312542,5
2268357,9.95260481745045,3
2268371,9.764322573661339,14
2268373,9.975701095494996,2
2268383,9.80175182741523,10
2268405,9.566085697569351,22
2268413,9.85180788271307,8
2268414,10.0,1
2268423,9.846268907762457,9
2268439,9.676717427961314,16
2268446,9.877794727529995,7
2268454,9.829640737408784,8
2268465,9.788071388522283,11
2268477,9.73301343742577,12
2268484,9.876412841920978,7
2268497,9.633288605866344,13
2268515,9.619404968702783,18
2268530,9.676753684555674,15
2268538,9.878415051213842,8
2268543,9.913443990590743,5
2268544,10.0,1
2268553,9.622322579568497,9
2268559,9.894796189473086,6
2268585,9.328278356151824,26
2268588,9.953266378714279,3
2268604,9.626734408576809,16
2268607,9.961486391326442,3
2268608,10.0,1
2268728,7.184603185535053,120
2268729,10.0,1
2268734,9.528867167974031,5
2268747,9.791457957708841,13
2268756,9.815455287275748,9
2268760,9.939956738478815,4
2268765,9.922312863405736,5
2268770,9.920314393335378,5
2268781,9.78668205871692,11
2268787,9.896365068969438,6
2268799,9.76444358188751,12
2268801,9.984501473183922,2
2268810,9.821831905287878,9
2268815,9.926886859535813,5
2268817,9.975927371893968,2
2268818,10.0,1
2268826,9.83701717781927,8
2268838,9.738492959981087,12
2268845,9.88663203678608,7
2268853,9.829542560894017,8
2268854,10.0,1
2268855,10.0,1
2268858,9.956617285119842,3
2268874,9.600463606525233,16
2268888,9.696216753977168,14
2268896,9.863438325837533,8
2268913,9.642286127900261,17
2268924,9.59357734337465,11
2268935,9.769209010830563,11
2268945,9.785083616894362,10
2268960,9.69265137847772,15
2268967,9.879774885567048,7
2268973,9.895064608662928,6
2268988,9.657346672237725,15
2268989,10.0,1
2269000,9.816990117657303,11
2269001,10.0,1
2269009,9.838851055853471,8
2269013,9.938863554865415,4
2269021,9.844101213281398,8
2269036,9.671420122246262,15
2269050,9.710908099043591,14
2269057,9.87634043246423,7
2269066,9.836710740364394,9
2269069,9.951160288006953,3
2269086,9.433497038002914,17
2269095,9.83347096590598,9
2269096,10.0,1
2269102,9.891094746879466,6
2269119,9.609429184809256,17
2269125,9.890352745523604,6
2269132,9.868012731939457,7
2269146,9.74314258735803,14
2269198,8.871444146242604,52
2269208,9.781268214603307,10
2269219,9.766302501482363,11
2269231,9.793075925854545,12
2269238,9.875790742652992,7
2269252,9.688942105735212,14
2269253,9.989297568036504,1
2269254,10.0,1
2269267,9.716622816170343,13
2269312,8.59149870735931,45
2269320,9.755559865602388,8
2269321,10.0,1
2269350,7.36652990505412,29
2269363,9.697144017506918,13
2269375,9.749134962474448,12
2269387,9.728874810085157,12
2269396,9.82171726866369,9
2269399,9.965915977155866,3
2269444,9.148157689988802,45
2269459,9.410130231210971,15
2269474,9.647993785782907,15
2269483,9.822559813410276,9
2269494,9.779986195016374,11
2269498,9.938518253948722,4
2269510,9.28971740339399,12
2269515,9.921240621714853,5
2269525,9.809233899403353,10
2269536,9.734521405568206,11
2269550,9.71501507101895,14
2269558,9.850436572832685,8
2269566,9.84247020167698,8
2269574,9.856347644696681,8
2269576,9.97221392520669,2
2269586,9.779607413494473,10
2269599,9.70103834484519,13
2269614,9.689377781341102,15
2269621,9.860182013164492,7
2269629,9.868397164340426,8
2269637,9.829755267474228,8
2269639,9.971283863195337,2
2269640,10.0,1
2269652,9.721200094141041,12
2269657,9.931527435938818,5
2269672,9.698853677434315,15
2269673,10.0,1
2269688,9.695941841401888,15
2269704,9.64173287042816,16
2269707,9.967277120543576,3
2269718,9.789990916796974,11
2269723,9.924436273672804,5
2269730,9.874441331607553,7
2269731,10.0,1
2269742,9.77276539516268,11
2269751,9.824254510488242,9
2269755,9.92959750965722,4
2269756,10.0,1
2269765,9.847010895474371,9
2269788,9.515126534591689,23
2269803,9.713649467826464,15
2269813,9.792659526915465,10
2269818,9.907682438533033,5
2269822,9.947861044870857,4
2269833,9.672719862321285,11
2269850,9.600747817199347,17
2269859,9.848688871880666,9
2269873,9.637114334183716,14
2269876,9.961645349697172,3
2269886,9.825967810312637,10
2269903,9.701208107452914,17
2269907,9.945186371133614,4
2269915,9.824961694109176,8
2269922,9.877334384108647,7
2269929,9.846774115492812,7
2269936,9.85600978863862,7
2269953,9.588263175625103,17
2269957,9.94333099616874,4
2269964,9.669913952605123,7
2269980,9.65036238574093,16
2269992,9.75304348006502,12
2270008,9.7274095445696,16
2270009,9.996131660401652,1
2270026,9.63831856040545,17
2270027,10.0,1
2270030,9.96404401450405,3
2270039,9.802420299275857,9
2270051,9.771104647523707,12
2270067,9.616763948211407,16
2270082,9.638086028623906,15
2270085,9.960658554217304,3
2270090,9.912757780811328,5
2270097,9.869261469175918,7
2270106,9.822526014983568,9
2270118,9.733671190826952,12
2270124,9.891306034249986,6
2270132,9.848675160809735,8
2270145,9.738297609678273,13
2270168,9.2830681777838,23
2270178,9.778327695172624,10
2270184,9.888024694724368,6
2270301,7.473757131856174,117
2270305,9.941780561292706,4
2270317,9.722511112725172,12
2270323,9.91215084027868,6
2270332,9.838786607105071,9
2270352,9.504634789851156,20
2270360,9.836143221441557,8
2270371,9.769393511644987,11
2270383,9.785665439450275,12
2270400,9.667031179751456,17
2270411,9.786522986337975,11
2270425,9.680822387879939,14
2270430,9.928578233783119,5
2270437,9.873043966946994,7
2270439,9.985596445625982,2
2270445,9.908535251868587,6
2270451,9.874659390453294,6
2270453,9.971113045568496,2
2270455,9.97738015584782,2
2270456,9.996456319213442,1
2270463,9.8544750539168,7
2270477,9.731766773555035,14
2270487,9.776730215517924,10
2270488,9.996296458388494,1
2270489,10.0,1
2270508,9.544392954206085,19
2270514,9.91156421654335,6
2270524,9.803790484467472,10
2270537,9.716699780990567,13
2270548,9.767439768935606,11
2270558,9.777676069606873,10
2270564,9.887379445399644,6
2270577,9.740413047139704,13
2270583,9.897507823778131,6
2270597,9.716606719101158,14
2270608,9.765052558726017,11
2270617,9.836463912366838,9
2270622,9.919622807465363,5
2270633,9.78020794472862,11
2270637,9.950009419450181,4
2270642,9.912557213843526,5
2270654,9.737200103300715,12
2270669,9.662789608308595,15
2270680,9.794254585963621,11
2270698,9.610308158963965,18
2270705,9.902923847543518,7
2270714,9.854709769557347,9
2270722,9.840559006754347,8
2270724,9.982078968865167,2
2270736,9.733800469275826,12
2270748,9.744637382802539,12
2270752,9.944697532161195,4
2270757,9.927200348700161,5
2270772,9.664104197648768,15
2270784,9.822865458790572,12
2270787,9.964509087810267,3
2270810,9.513683767316286,23
2270819,9.864569696680967,9
2270821,9.98655027505445,2
2270831,9.824808280067524,10
2270834,9.971881662294665,3
2270840,9.889548648171617,6
2270845,9.902858952600976,5
2270855,9.674463211308224,10
2270860,9.921405889583912,5
2270876,9.633248449150543,16
2270890,9.724220713410904,14
2270900,9.776234826348572,10
2270909,9.809791187693266,9
2270922,9.693318855831778,13
2270930,9.83361915615137,8
2270939,9.795692829994609,9
2270943,9.943882279873852,4
2270955,9.726561539099613,12
2270957,9.980443307061059,2
2270967,9.780538122031489,10
2270973,9.882510460726165,6
2270984,9.763837191324717,11
2270988,9.926486003322434,4
2270994,9.884810046112456,6
2271009,9.683286855285587,15
2271017,9.85080199549865,8
2271030,9.741883717740759,13
2271041,9.74805248830744,11
2271049,9.849696447564558,8
2271057,9.86689099225488,8
2271062,9.917929414211153,5
2271068,9.8877583452123,6
2271081,9.741745584832236,13
2271091,9.789805906083842,10
2271103,9.738785306543614,12
2271104,10.0,1
2271129,9.525606323063966,25
2271135,9.887377274260075,6
2271140,9.917962411529464,5
2271154,9.717905719834832,14
2271164,9.83167415495586,10
2271165,10.0,1
2271176,9.783274136374866,11
2271182,9.901178207329266,6
2271200,9.567807074688336,18
2271205,9.907049855121162,5
2271221,9.679620088006695,16
2271225,9.944612825743564,4
2271231,9.900406753699738,6
2271234,9.965294868288467,3
2271235,9.996652680837128,1
2271247,9.73900261542791,12
2271255,9.840257827438943,8
2271264,9.810657837191057,9
2271265,10.0,1
2271271,9.901328712550159,6
2271287,9.699635427047081,16
2271288,10.0,1
2271291,9.970696706550697,3
2271301,9.790267466913917,10
2271302,9.993104818534935,1
2271305,9.965323874013423,3
2271317,9.742006387447113,12
2271324,9.67100587958882,7
2271325,9.9927632724928,1
2271334,9.83064932845181,9
2271347,9.714351893112063,13
2271351,9.934331786280628,4
2271367,9.61781151496407,16
2271391,9.129765278496361,24
2271405,9.718874252966948,14
2271417,9.74244261991105,12
2271428,9.756104710288723,11
2271435,9.872425013703234,7
2271450,9.662082061110748,15
2271459,9.829778715733218,9
2271466,9.871110768429297,7
2271475,9.830462140715582,9
2271480,9.938727956443506,5
2271487,9.863573185239414,7
2271499,9.760612679592938,12
2271510,9.766383823547315,11
2271527,9.681828010839578,17
2271536,9.82232522808583,9
2271549,9.710473774853991,13
2271567,9.576404726363963,18
2271579,9.73206482138964,12
2271583,9.940520984396526,4
2271595,9.755865611231398,12
2271597,9.981349426189169,2
2271608,9.772792534935645,11
2271616,9.828036504011731,8
2271634,9.555422210731109,18
2271640,9.890869818131025,6
2271651,9.802874775908219,11
2271660,9.83596259966818,9
2271668,9.843226788402125,8
2271670,9.974699528576387,2
2271700,9.459222501207243,30
2271710,9.795818804189379,10
2271722,9.494636134774531,12
2271724,9.971868395511923,2
2271735,9.75470193295613,11
2271751,9.64639422040934,16
2271763,9.809252413133416,12
2271774,9.773245880907098,11
2271784,9.800589882275677,10
2271796,9.750662909564749,12
2271801,9.921904447273707,5
2271808,9.89291626219413,7
2271819,9.802369121239687,11
2271828,9.853754086396735,9
2271832,9.945222827251675,4
2271846,9.697415440117892,14
2271855,9.846545049655512,9
2271861,9.890106404063058,6
2271870,9.854751998069819,9
2271871,10.0,1
2271875,9.939900381804009,4
2271882,9.876120005197405,7
2271890,9.861316818069184,8
2271897,9.883154148075619,7
2271914,9.674873438529245,17
2271917,9.953254221509122,3
2271925,9.838231897862139,8
2271935,9.810980675884197,10
2271948,9.736242496576912,13
2271950,9.968921523136068,2
2271963,9.745279312308524,13
2271972,9.80780462799446,9
2271976,9.942029821691305,4
2271989,9.744347891759052,13
2271990,10.0,1
2272004,9.37680143001996,14
2272019,9.661390054661751,15
2272029,9.80110817103281,10
2272044,9.581398903674726,15
2272057,9.530437917416963,13
2272067,9.795930460602756,10
2272078,9.770668144660474,11
2272084,9.903820138767307,6
2272102,9.607944918014686,18
2272114,9.74256471165911,12
2272121,9.864412602331521,7
2272134,9.6867593458357,13
2272144,9.791977400488534,10
2272149,9.929689090177225,5
2272203,8.991933316348236,54
2272210,9.895366271318652,7
2272222,9.746879512506482,12
2272226,9.951011071055982,4
2272237,9.759531035752884,11
2272246,9.81073064775433,9
2272250,9.946793837332345,4
2272256,9.882619323907521,6
2272259,9.956064948145597,3
2272268,9.849948163467955,9
2272277,9.824878637700659,9
2272280,9.953538538648491,3
2272291,9.758673543016204,11
2272301,9.795911348195423,10
2272314,9.713960593946304,13
2272318,9.951723931406118,4
2272320,9.975653455409395,2
2272332,9.762050284523767,12
2272342,9.800295760901056,10
2272350,9.841920590486193,8
2272356,9.900189028647235,6
2272357,10.0,1
2272374,9.65418432063405,17
2272379,9.930341009740209,5
2272391,9.774219768734268,12
2272403,9.738700860434486,12
2272421,9.62524986057232,18
2272435,9.746923657399327,14
2272440,9.915554102432498,5
2272452,9.756402252029241,12
2272453,9.996928263387746,1
2272463,9.813164481203374,10
2272464,9.996410608248281,1
2272472,9.847076800946706,8
2272487,9.6695305620875,15
2272490,9.954815865345426,3
2272491,10.0,1
2272497,9.887737699437388,6
2272505,9.83474313002054,8
2272510,9.91507872610128,5
2272519,9.820599973289532,9
2272526,9.861186907634732,7
2272531,9.819374392368305,5
2272539,9.856959148923504,8
2272540,10.0,1
2272543,9.948937746451449,3
2272544,10.0,1
2272551,9.866580477136909,7
2272552,10.0,1
2272560,9.85189615448248,8
2272565,9.922101749097832,5
2272569,9.930710209271343,4
2272570,10.0,1
2272577,9.855281491973615,7
2272580,9.955662522011185,3
2272592,9.765940346342548,12
2272599,9.857632290415077,7
2272613,9.719595643184986,14
2272618,9.92219928748704,5
2272631,9.7384008756644,13
2272639,9.853683852933377,8
2272645,9.891250571824203,6
2272660,9.678528061805086,15
2272667,9.850809057198694,7
2272678,9.806456800040825,11
2272679,10.0,1
2272691,9.742223989753937,12
2272707,9.629030158942047,16
2272725,9.413160081603802,18
2272732,9.869198682213588,7
2272744,9.766427790201153,12
2272751,9.864040756364744,7
2272757,9.904500581772611,6
2272769,9.825886482310807,12
2272779,9.805872449237839,10
2272789,9.807959863415643,10
2272794,9.919005820472814,5
2272801,9.881147678381762,7
2272807,9.883674454369222,6
2272816,9.822380767091675,9
2272834,9.538384300497928,18
2272853,9.52937016938019,19
2272865,9.751784568465068,12
2272877,9.746115766681699,12
2272890,9.714582069957022,13
2272902,9.747355045218903,12
2272911,9.850202852521624,9
2272926,9.646720589291546,15
2272935,9.792244971589195,9
2272940,9.923424534708209,5
2272946,9.89913230213061,6
2272951,9.91708994137793,5
2272961,9.785008508925573,10
2272975,9.737268010409466,14
2272988,9.717660193223411,13
2272991,9.966460012064374,3
2273004,9.709822298556283,13
2273016,9.747517479597146,12
2273018,9.9847871540746,2
2273026,9.863492536793068,8
2273038,9.744886923492606,12
2273045,9.886732466884089,7
2273052,9.855267872931066,7
2273057,9.935145782891174,5
2273072,9.65595777711182,15
2273081,9.81059086824356,9
2273088,9.872494648720318,7
2273099,9.79091258860735,11
2273109,9.791906604590745,10
2273134,9.555265554471093,25
2273147,9.692033055876687,13
2273153,9.89877819110103,6
2273156,9.96509688478066,3
2273160,9.94050032199978,4
2273162,9.983280426965692,2
2273169,9.879899375655757,7
2273174,9.926767472769276,5
2273183,9.815683458818697,9
2273187,9.946391426763975,4
2273188,10.0,1
2273202,9.66683935087994,14
2273210,9.84580128631902,8
2273219,9.801140802301694,9
2273224,9.902936415123698,5
2273232,9.8237003377693,8
2273240,9.856958283800383,8
2273245,9.918044514532212,5
2273252,9.865169364760149,7
2273257,9.91729862350269,5
2273267,9.786040617075361,10
2273270,9.960497896585006,3
2273278,9.839714878068396,8
2273282,9.940344043247695,4
2273283,9.988879892683634,1
2273289,9.881298103899415,6
2273299,9.77126004342146,10
2273300,10.0,1
2273310,9.776309392004444,10
2273322,9.74163280801623,12
2273325,9.967078325891288,3
2273335,9.807827349430891,10
2273351,9.696749693808854,16
2273356,9.90853819394171,5
2273365,9.834639557628654,9
2273368,9.965930990443487,3
2273379,9.759107838536755,11
2273391,9.73244198794006,12
2273394,9.953229528044655,3
2273414,9.637866742876021,20
2273419,9.90462860072203,5
2273428,9.790169817264301,9
2273443,9.637546944572366,15
2273444,10.0,1
2273449,9.923401629224815,5
2273457,9.84410237656123,8
2273458,10.0,1
2273465,9.861233985295828,7
2273476,9.737562764913793,11
2273490,9.709011575737112,14
2273497,9.773621704358208,7
2273501,9.932704316136576,4
2273507,9.901947972690385,6
2273517,9.805561226483075,10
2273528,9.774351098195057,11
2273541,9.697795697403794,13
2273591,8.037139405241447,50
2273604,9.539115844203662,13
2273617,9.739385787278366,13
2273628,9.778273877539517,11
2273631,9.956582289027152,3
2273642,9.763414461147876,11
2273652,9.80821095782269,10
2273671,9.581924300796464,19
2273682,9.761089360973909,11
2273698,9.666064046176913,16
2273699,10.0,1
2273706,9.879081016983436,7
2273712,9.865172409576989,6
2273730,9.590823234524608,18
2273739,9.815662239019188,9
2273745,9.904016541261344,6
2273756,9.737966739684623,11
2273778,9.46045429036695,22
2273786,9.848976308930531,8
2273792,9.87734249921109,6
2273803,9.770414865538255,11
2273813,9.786726982304513,10
2273821,9.820329517354486,8
2273830,9.833232723464617,9
2273840,9.812056799361308,10
2273846,9.88239041615451,6
2273855,9.841265867873906,9
2273865,9.79288118615593,10
2273875,9.804940764082001,10
2273876,10.0,1
2273882,9.88785720177731,6
2273888,9.90255699839047,6
2273893,9.90946456010162,5
2273902,9.816012414811519,9
2273905,9.961055557409251,3
2273914,9.825573930445398,9
2273930,9.674413628689162,16
2273947,9.644474285087567,17
2273949,9.976854463923052,2
2273958,9.811506439827204,9
2273966,9.871873090892745,8
2273981,9.670374597147148,15
2273991,9.769729663557015,10
2273994,9.956704587296867,3
2273995,10.0,1
2274003,9.843032371284128,8
2274011,9.856506641063437,8
2274021,9.829523156710211,10
2274030,9.84181543635581,9
2274031,9.992593148943005,1
2274041,9.811348004280637,10
2274057,9.62426322585521,16
2274066,9.834637775455242,9
2274076,9.770732196740449,10
2274081,9.923419885057818,5
2274094,9.741135029303983,13
2274108,9.671495670301288,14
2274124,9.672886709621753,16
2274129,9.900709618157899,5
2274141,9.735047536685862,12
2274145,9.94935905347612,4
2274152,9.880545776511966,7
2274155,9.95201916102554,3
2274163,9.87049733955216,8
2274172,9.826650569008311,9
2274186,9.724391712610107,14
2274190,9.941929621264308,4
2274191,10.0,1
2274200,9.828860248633855,9
2274700,-11.245846560069893,500
2274704,9.931233958809235,4
2274705,10.0,1
2274721,9.717662902385099,16
2274728,9.8667054863516,7
2274734,9.90244864174368,6
2274744,9.774511481420426,10
2274755,9.57371257094032,11
2274769,9.673589508826382,14
2274783,9.686810826734721,14
2274785,9.973313184374708,2
2274789,9.945624717586421,4
2274793,9.943989677104398,4
2274803,9.799963960667842,10
2274818,9.715270916684004,15
2274819,10.0,1
2274828,9.82080509179531,9
2274831,9.965351436330327,3
2274840,9.825543035323859,9
2274844,9.930960690712956,4
2274861,9.668933980619524,17
2274871,9.781441037176911,10
2274878,9.874974021034616,7
2274887,9.796188653677358,9
2274892,9.919960935157283,5
2274902,9.774149089952187,10
2274906,9.93951400676314,4
2274910,9.934469362053738,4
2274922,9.711390875189307,12
2274923,10.0,1
2274932,9.8230180734079,9
2274937,9.934224948044555,5
2274943,9.893122556394195,6
2274954,9.816049677257705,11
2274970,9.436015929580304,16
2274971,10.0,1
2274972,10.0,1
2274975,9.955185442178697,3
2274982,9.876269741569875,7
2274997,9.699183692657794,15
2275010,9.752400638628112,13
2275019,9.83337202714923,9
2275027,9.840385256223133,8
2275054,9.477441559380017,27
2275068,9.685814366883411,14
2275082,9.6849613153328,14
2275127,8.760620576721191,45
2275139,9.738010208905408,12
2275148,9.819848722121566,9
2275162,9.602541385281592,14
2275186,9.435420799697303,24
2275191,9.90116820045893,5
2275196,9.9019736306212,5
2275206,9.811884869388614,10
2275214,9.84398745165893,8
2275220,9.887878874371928,6
2275224,9.9438237925814,4
2275233,9.819811473613111,9
2275250,9.599171783180484,17
2275257,9.877990245064266,7
2275264,9.888337014566572,7
2275280,9.597026003289237,16
2275292,9.75325233515634,12
2275297,9.907828018494211,5
2275307,9.806961158209852,10
2275317,9.809320700038361,10
2275318,9.989004175158426,1
2275359,8.263960391733413,41
2275363,9.935317418083908,4
2275369,9.897897784668855,6
2275370,10.0,1
2275383,9.728348941421935,13
2275387,9.945512855344937,4
2275395,9.828549999071166,8
2275401,9.882641048523983,6
2275414,9.501204434242332,13
2275423,9.645284147045377,9
2275432,9.835605279187222,9
2275448,9.478596773209869,16
2275449,10.0,1
2275460,9.799307468797016,11
2275461,10.0,1
2275468,9.861239666850665,7
2275476,9.882581056549892,8
2275485,9.806281400680547,9
2275494,9.8235025835662,9
2275502,9.838665465684764,8
2275514,9.721909994692362,12
2275524,9.808886203598023,10
2275529,9.919314336055818,5
2275533,9.946121592206769,4
2275559,9.418891189835206,26
2275574,9.709282472337927,15
2275592,9.593899913584961,18
2275600,9.853361107228329,8
2275610,9.792783226430444,10
2275617,9.86114102358478,7
2275643,9.361793911449237,26
2275654,9.812850315154579,11
2275668,9.691233941851742,14
2275678,9.783809162174197,10
2275679,10.0,1
2275690,9.751116488917168,11
2275692,9.98208045978643,2
2275698,9.88946532684562,6
2275700,9.975212588075621,2
2275702,9.983634358418648,2
2275712,9.792024292371456,10
2275725,9.726390126204246,13
2275734,9.78531428350983,9
2275748,9.697625906137773,14
2275751,9.95773585045465,3
2275763,9.756830592649898,12
2275764,10.0,1
2275781,9.597098294976224,17
2275788,9.86199772655432,7
2275803,9.661571711748453,15
2275815,9.741467620911445,12
2275826,9.758132841016375,11
2275832,9.87667618353946,6
2275840,9.852550017898363,8
2275852,9.777060047897438,12
2275858,9.910109227607611,6
2275872,7.761717684984234,14
2275879,9.872534131351564,7
2275890,9.759928659055593,11
2275893,9.955608278033292,3
2275894,10.0,1
2275898,9.935498312573461,4
2275913,9.303370044110922,15
2275920,9.86279847450385,7
2275925,9.92156778421482,5
2275942,9.588003721699495,17
2275955,9.721631558385283,13
2275964,9.826480556835063,9
2275973,9.796312078927604,9
2275984,9.767364716718598,11
2275997,9.712202989143918,13
2276008,9.731275945841897,11
2276019,9.758922330311709,11
2276036,9.685686387062313,17
2276042,9.896283136509226,6
2276048,9.887456089671623,6
2276053,9.921619157605702,5
2276058,9.927714510683046,5
2276067,9.820998380822312,9
2276071,9.9407484296345,4
2276080,9.80954494689092,9
2276086,9.880082289328051,6
2276087,10.0,1
2276097,9.759747417921389,10
2276099,9.972404426117777,2
2276105,9.909081613556575,6
2276106,10.0,1
2276120,9.677124146310758,14
2276121,10.0,1
2276122,10.0,1
2276127,9.906451491800441,5
2276128,9.995884778437317,1
2276135,9.76112214190822,7
2276138,9.951126839371609,3
2276143,9.92144497287388,5
2276152,9.80647663909021,9
2276160,9.869105448626502,8
2276169,9.808687855413686,9
2276176,9.8510467643375,7
2276181,9.91377189601475,5
2276182,9.989720567412412,1
2276193,9.781756326819377,11
2276203,9.82068601760025,10
2276209,9.894688238157777,6
2276215,9.905321362177066,6
2276224,9.815995792410783,9
2276231,9.843015192417829,7
2276241,9.800611116670375,10
2276246,9.923509344898807,5
2276256,9.829838492894153,10
2276261,9.929060729934932,5
2276268,9.884159983957266,7
2276276,9.841794568355452,8
2276292,9.654419769646069,16
2276303,9.658850133445222,11
2276312,9.81794390614835,9
2276322,9.816445143835795,10
2276325,9.952642709903094,3
2276333,9.876237460100871,8
2276345,9.755494176983419,12
2276357,9.740940523850545,12
2276367,9.846958017482903,10
2276368,10.0,1
2276371,9.864864696839254,3
2276379,9.863828984455132,8
2276384,9.919204273705212,5
2276404,9.512883804868466,20
2276414,9.801022666497818,10
2276424,9.828744405552213,10
2276432,9.84849440633054,8
2276441,9.831022235292844,9
2276463,8.992974586276562,22
2276464,10.0,1
2276466,9.978810513246136,2
2276469,9.950879227534012,3
2276480,9.789547506778343,11
2276483,9.959900471256898,3
2276492,9.818286658605173,9
2276502,9.801960859381332,10
2276505,9.969702069297535,3
2276646,5.55835838674317,141
2276650,9.941173515585556,4
2276661,9.785518742464646,11
2276676,9.667899423993017,15
2276680,9.927206458167525,4
2276689,9.812812050394122,9
2276697,9.86316609006608,8
2276711,9.68917462639598,14
2276716,9.92050754526545,5
2276726,9.801664032024227,10
2276730,9.940732419598675,4
2276736,9.876861343823087,6
2276742,9.90923384502991,6
2276743,10.0,1
2276757,9.70960410115269,14
2276773,9.6267868616263,16
2276783,9.803407477764067,10
2276801,9.579311785746551,18
2276808,9.865053437827532,7
2276822,9.668877636158655,14
2276833,9.762335660890919,11
2276849,9.613076826377252,16
2276859,9.78396289514147,10
2276867,9.837776319187503,8
2276877,9.785079579623675,10
2276881,9.954951401830295,4
2276891,9.587712916315887,10
2276895,9.931035029950323,4
2276907,9.751371306710757,12
2276917,9.81981797465914,10
2276926,9.830463225588165,9
2276932,9.8903561002005,6
2276939,9.854694924639674,7
2276952,9.724251243609054,13
2276955,9.947326720861028,3
2276959,9.938242426862635,4
2276973,9.674813460755152,14
2276981,9.875686526393068,8
2276994,9.71575945851624,13
2277014,9.55091164570442,20
2277019,9.931374763607566,5
2277027,9.840076309724227,8
2277039,9.739863786151743,12
2277045,9.879872931214432,6
2277057,9.753917373510543,12
2277069,9.747091509649183,12
2277085,9.650795947544184,16
2277086,9.996246291349216,1
2277102,9.680333386883955,16
2277110,9.86582435535793,8
2277119,9.819228713261033,9
2277126,9.86251935368999,7
2277138,9.736413838008911,12
2277149,9.802895430578202,11
2277156,9.892494559254226,7
2277165,9.824635483539392,9
2277177,9.76559137601964,12
2277188,9.783519581066932,11
2277192,9.946013968082237,4
2277203,9.748047848215098,11
2277216,9.724093284238837,13
2277217,10.0,1
2277223,9.8990381725698,6
2277233,9.803895863367922,10
2277248,9.670646398961583,15
2277261,9.725051282293192,13
2277282,9.214705153986142,21
2277289,9.867452958366668,7
2277292,9.966784363994305,3
2277306,9.67508308159295,14
2277315,9.835634416849842,9
2277318,9.951799507052785,3
2277330,9.742348961937957,12
2277344,9.392656121538533,14
2277349,9.910765899868762,5
2277358,9.820586365343386,9
2277368,9.805513992556062,10
2277372,9.930161054727236,4
2277386,9.674839257289891,14
2277392,9.896659873812713,6
2277399,9.878863776786469,7
2277404,9.921579995248761,5
2277412,9.844822194066825,8
2277418,9.903798171570493,6
2277430,9.742367637928794,12
2277434,9.937797239988589,4
2277443,9.812288814849872,9
2277450,9.863607996726966,7
2277463,9.727144115737902,13
2277470,9.880825211540563,7
2277484,9.713912690471512,14
2277494,9.78634990097013,10
2277498,9.924719977081871,4
2277505,9.895633776754332,7
2277520,9.713641433246016,15
2277528,9.837757811812331,8
2277542,9.657005747100333,14
2277551,9.821953822566826,9
2277560,9.83249118346117,9
2277572,9.747083835855753,12
2277583,9.760956151085653,11
2277597,9.675794548779704,14
2277607,9.79122439185542,10
2277614,9.896570167097245,7
2277624,9.822259780788777,10
2277641,9.622956491288235,17
2277648,9.86665989358299,7
2277658,9.805657618972711,10
2277672,9.700116514666135,14
2277688,9.625733569141554,16
2277691,9.972844126639732,3
2277706,9.678806910353318,15
2277714,9.857510144256333,8
2277725,9.781848748306992,11
2277728,9.950137544527594,3
2277732,9.941696698174567,4
2277739,9.870521828915274,7
2277740,10.0,1
2277749,9.820061107518205,9
2277750,9.996594193345524,1
2277761,9.7515700317411,11
2277769,9.859383771683282,8
2277771,9.97193644054052,2
2277782,9.766681364434556,11
2277805,9.225940998755393,23
2277814,9.798492242683391,9
2277821,9.87366824088619,7
2277827,9.893676358095862,6
2277849,9.166321080422136,22
2277860,9.764048512282203,11
2277862,9.978047776580926,2
2277876,9.72856933492585,14
2277884,9.83957182442849,8
2277899,9.658451837664945,15
2277915,9.66225749175013,16
2277920,9.920631464152121,5
2277933,9.697118630027438,13
2277934,10.0,1
2277937,9.959539406402612,3
2277948,9.77236782164795,11
2277959,9.772758512642296,11
2277966,9.873931005260737,7
2277977,9.760821986333385,11
2277993,9.648357135501035,16
2278001,9.830429917717767,8
2278012,9.801061111757202,11
2278018,9.899764311712323,6
2278029,9.781644504331178,11
2278039,9.775896486350572,10
2278040,9.989351546825139,1
2278054,9.712715979357656,14
2278071,9.628467085892563,17
2278079,9.836879970061188,8
2278088,9.872006022052922,9
2278099,9.741876215999596,11
2278115,9.656339861986881,16
2278128,9.73432857595001,13
2278129,10.0,1
2278137,9.815685196634195,8
2278151,9.67397792996699,14
2278159,9.847006539591796,8
2278170,9.779248622997466,11
2278183,9.709143263808725,13
2278190,9.877635433834351,7
2278202,9.734253242482128,12
2278213,9.744787737809522,11
2278227,9.700571037655031,14
2278228,10.0,1
2278240,9.792763511263715,12
2278255,9.754532628865663,15
2278270,9.663132558023248,15
2278279,9.82109513598667,9
2278295,9.626344653362276,16
2278298,9.965256130709102,3
2278305,9.876223017690304,7
2278311,9.898811426356856,6
2278326,9.70219692272092,15
2278336,9.78414507762327,10
2278349,9.710537581527882,13
2278364,9.706503940208012,15
2278382,9.605520334313033,18
2278399,9.690594827068434,17
2278403,9.944151505478695,4
2278411,9.860216389020955,8
2278420,9.821258137627884,9
2278432,9.729515135354585,12
2278447,9.681385673886254,15
2278453,9.906127511875916,6
2278462,9.848217658042248,9
2278476,9.708184708201363,14
2278483,9.854180764024365,7
2278495,9.730179659609277,12
2278504,9.804106551809197,9
2278512,9.657158054336461,8
2278513,10.0,1
2278520,9.864555118214641,7
2278527,9.655981097273987,7
2278530,9.963550534779865,3
2278537,9.870944915356425,7
2278554,9.625202775650356,17
2278561,9.894953859028226,7
2278562,10.0,1
2278565,9.9638803532932,3
2278566,10.0,1
2278576,9.776399512355368,10
2278590,9.695142339220006,14
2278595,9.925554551173846,5
2278604,9.839914128566248,9
2278614,9.785188566876494,10
2278615,10.0,1
2278625,9.789807403793603,10
2278634,9.79778456959098,9
2278640,9.878715380769199,6
2278649,9.827806953561927,9
2278659,9.788309376387865,10
2278668,9.85371023155253,9
2278671,9.959778820092525,3
2278672,10.0,1
2278683,9.76432422941056,11
2278684,9.988998675331754,1
2278696,9.740880303041207,12
2278707,9.772386399443027,11
2278718,9.78258863734348,11
2278739,9.278432248695278,21
2278758,9.609631129756712,19
2278770,9.764337365465313,12
2278776,9.884758364681149,6
2278788,9.742933728654592,12
2278789,10.0,1
2278793,9.948883161582641,4
2278800,9.902263165047078,7
2278814,9.724413826726238,14
2278819,9.922744948338545,5
2278830,9.780691050393543,11
2278846,9.630536535813441,16
2278852,9.887450818176974,6
2278862,9.812028103543986,10
2278901,6.645118269251515,39
2278905,9.941971631587876,4
2278921,9.685358161691095,16
2278929,9.841553516167284,8
2278930,10.0,1
2278939,9.820951242294553,9
2278944,9.929764958639792,5
2278951,9.882531992003235,7
2278964,9.713972915956564,13
2278967,9.968020399303372,3
2278974,9.904289192934701,7
2278975,10.0,1
2278988,9.68774671940053,13
2278994,9.900014851511486,6
2278995,9.993320256819064,1
2279003,9.869247378255903,8
2279004,10.0,1
2279017,9.72454083569975,13
2279019,9.978284332460586,2
2279025,9.893305484292503,6
2279029,9.93956730027294,4
2279039,9.782986887339446,10
2279047,9.839856444206,8
2279060,9.721353682023379,13
2279076,9.664282725044547,16
2279088,9.743853249463259,12
2279090,9.966964956958918,2
2279091,10.0,1
2279100,9.81641020693857,9
2279111,9.784748633214766,11
2279125,9.70236401669169,14
2279128,9.955970341738478,3
2279142,9.69068983986465,14
2279156,9.714606414954721,14
2279158,9.969880341136536,2
2279175,9.668574502487795,17
2279179,9.932941467228002,4
2279180,10.0,1
2279181,10.0,1
2279185,9.936838636530517,4
2279188,9.970947520668737,3
2279194,9.899621030757261,6
2279200,9.904140601107201,6
2279212,9.769759930797889,12
2279219,9.863655958130673,7
2279232,9.742371785104831,13
2279236,9.639801748319803,4
2279245,9.813221775344404,9
2279256,9.776437389890166,11
2279257,10.0,1
2279272,9.478341183449027,15
2279287,9.664692510441212,15
2279293,9.89606566009585,6
2279301,9.859207046275483,8
2279307,9.898842860605223,6
2279312,9.909723120881965,5
2279321,9.862118621106593,9
2279328,9.869549906439197,7
2279329,10.0,1
2279330,9.996692966077172,1
2279338,9.830969819150216,8
2279345,9.85724087501262,7
2279349,9.94815663240803,4
2279360,9.790677809502323,11
2279362,9.972521165136472,2
2279377,9.465887066357588,15
2279384,9.864978791859002,7
2279387,9.952890085289887,3
2279403,9.69899608839655,16
2279408,9.915483716278345,5
2279412,9.950776501113703,4
2279415,9.954814862595624,3
2279421,9.898622224346964,6
2279434,9.7290108267373,13
2279458,9.524830110609024,24
2279462,9.92394000726499,4
2279463,10.0,1
2279473,9.78165863785545,10
2279483,9.80136339341645,10
2279494,9.789283038138237,11
2279497,9.967895444196783,3
2279505,9.851577274960077,8
2279506,10.0,1
2279517,9.799996770413784,11
2279524,9.869335913155274,7
2279527,9.962697316934966,3
2279540,9.727193761367001,13
2279548,9.839469744573302,8
2279557,9.80550411177331,9
2279561,9.92996281976137,4
2279566,9.912037739518373,5
2279569,9.951508447098941,3
2279571,9.972655887399245,2
2279589,9.655907869384057,18
2279590,10.0,1
2279591,10.0,1
2279599,9.835173313165686,8
2279609,9.786824592846203,10
2279615,9.900548750413847,6
2279626,9.769090364315579,11
2279646,9.55535601592699,20
2279660,9.718338144873162,14
2279665,9.9217521457459,5
2279677,9.740896503858876,12
2279678,10.0,1
2279691,9.730539829422947,13
2279701,9.809517036774729,10
2279710,9.800601148712285,9
2279713,9.966674130377227,3
2279720,9.86108260855978,7
2279728,9.844478452705207,8
2279740,9.783673835716835,12
2279741,10.0,1
2279756,9.660233063734252,15
2279765,9.833912015197834,9
2279766,9.996618828825559,1
2279767,10.0,1
2279780,9.73302941896692,13
2279792,9.770962710193599,12
2279804,9.769832025068926,12
2279813,9.804591187371813,9
2279833,9.537785096524718,20
2279850,9.609887239479649,17
2279863,9.71997400899076,13
2279868,9.929400141004194,5
2279878,9.789709648792293,10
2279882,9.932147022517011,4
2279893,9.793588246795752,11
2279900,9.88661151108275,7
2279913,9.76569809223075,13
2279920,9.851127608508722,7
2279932,9.756279169376716,12
2279936,9.932919221826605,4
2279938,9.98240136665041,2
2279952,9.696484971102274,14
2279957,9.931165810181119,5
2279968,9.808996196855768,11
2279971,9.958633616281977,3
2279983,9.773332056925717,12
2279992,9.851814706219722,9
2280004,9.727822477802201,12
2280015,9.766858903802351,11
2280023,9.82698760118251,8
2280031,9.838560338559759,8
2280040,9.829166489593511,9
2280051,9.793077000611724,11
2280054,9.964390854295047,3
2280074,8.535917653682985,20
2280075,10.0,1
2280090,9.66878122576843,15
2280099,9.836667360855566,9
2280104,9.91264008757596,5
2280109,9.914925503472661,5
2280125,9.658482609164503,16
2280139,9.704709943980799,14
2280151,9.737321751026114,12
2280156,9.922727370453794,5
2280157,10.0,1
2280162,9.929226099209,5
2280180,9.559886883386913,18
2280198,9.61688602750526,18
2280203,9.919264165635495,5
2280210,9.854738769568218,7
2280215,9.919618627740576,5
2280226,9.766488253394648,11
2280240,9.667605271293445,14
2280245,9.932812572135397,5
2280255,9.789834907439278,10
2280256,10.0,1
2280276,9.552573912106006,20
2280277,10.0,1
2280281,9.949194140712429,4
2280289,9.86283028987103,8
2280304,9.670638942315403,15
2280305,9.988784910395408,1
2280315,9.785899675660442,10
2280331,9.637467528521835,16
2280334,9.966519176301935,3
2280337,9.954555819136846,3
2280345,9.8187265295459,8
2280358,9.72400818628051,13
2280375,9.62385352276271,17
2280382,9.898083436762667,7
2280398,9.647487778786239,16
2280411,9.72665605168164,13
2280434,9.494471832166324,23
2280445,9.787673795841572,11
2280450,9.904777348349194,5
2280461,9.773235640434997,11
2280470,9.806030708387091,9
2280481,9.779168156602049,11
2280495,9.705004341680993,14
2280501,9.893450336114675,6
2280517,9.664344295231711,16
2280533,9.529535540653226,16
2280534,10.0,1
2280545,9.760798165058542,11
2280558,9.70755437386861,13
2280564,9.916319673280825,6
2280574,9.782817709769356,10
2280582,9.830869261626983,8
2280583,10.0,1
2280587,9.930195812632293,4
2280595,9.8237534415558,8
2280603,9.851871383263749,8
2280622,9.583506532801831,19
2280623,10.0,1
2280631,9.842282480053239,8
2280642,9.788301954315191,11
2280657,9.659405619676802,15
2280667,9.78518364507235,10
2280668,10.0,1
2280674,9.89031926260982,6
2280686,9.444040330894905,12
2280690,9.936837588970217,4
2280715,9.435111907437504,25
2280722,9.868756491696809,7
2280723,9.991867206832833,1
2280737,9.68059123413526,14
2280751,9.666656445254738,14
2280764,9.702886861256548,13
2280773,9.805327472545653,9
2280783,9.795210416229798,10
2280786,9.954728995276227,3
2280791,9.918596982399388,5
2280810,9.540485456599571,19
2280864,8.844567294894507,54
2280877,9.711007832863991,13
2280886,9.836302185382603,9
2280898,9.737808493853109,12
2280906,9.840547128961417,8
2280913,9.859538380694811,7
2280916,9.955972529938157,3
2280924,9.862314337066804,8
2280929,9.90414463438529,5
2280944,9.66041237179487,15
2280957,9.708334897403232,13
2280963,9.88283520732181,6
2280968,9.903945671762884,5
2280982,9.698638651560866,14
2280988,9.894434438762188,6
2281004,8.829044528054194,16
2281017,9.761868173859549,13
2281031,9.67928169496342,14
2281045,9.678272170884409,14
2281051,9.90518157277202,6
2281057,9.897322589870484,6
2281069,9.715415899375083,12
2281077,9.82976797690376,8
2281095,9.087570561406693,18
2281107,9.735727876223148,12
2281114,9.850461879416791,7
2281124,9.783088765719965,10
2281133,9.831272955630704,9
2281138,9.919027319383053,5
2281152,9.565729664848257,14
2281164,9.735382290781024,12
2281178,9.691584415730931,14
2281192,9.693142947239513,14
2281201,9.832772758635512,9
2281206,9.913716999872182,5
2281220,9.685673933167303,14
2281226,9.77915107412064,6
2281233,9.843168487633731,7
2281241,9.822381905796425,8
2281245,9.94773609182886,4
2281256,9.777536370706823,11
2281257,10.0,1
2281258,9.992337394008937,1
2281264,9.91034708915796,6
2281274,9.797040793428291,10
2281291,9.685339960825425,17
2281303,9.340827469689673,12
2281315,9.75186943807724,12
2281330,9.67906902281422,15
2281331,10.0,1
2281332,9.988514314015447,1
2281341,9.826787082599868,9
2281352,9.76661111915622,11
2281356,9.939952417269904,4
2281363,9.861305402119678,7
2281364,9.996343044834243,1
2281371,9.876876547071538,7
2281377,9.895992449908597,6
2281393,9.637818899926666,16
2281398,9.898901418001367,5
2281407,9.804101081537713,9
2281416,9.804000369979185,9
2281428,9.738170613561564,12
2281443,9.657551279398108,15
2281448,9.90863923483533,5
2281458,9.810412230385118,10
2281466,9.831055320115386,8
2281477,9.777441133518645,11
2281485,9.85519721157314,8
2281495,9.772498719546512,10
2281503,9.846176171985284,8
2281510,9.875927706397514,7
2281522,9.749113318393427,12
2281529,9.889108546006934,7
2281530,10.0,1
2281539,9.844079226561842,9
2281543,9.930563032292891,4
2281554,9.765862389094169,11
2281561,9.876147694557332,7
2281567,9.873443109151658,6
2281574,9.891959381066261,7
2281583,9.840989945039476,9
2281589,9.884533509897054,6
2281593,9.933171907127521,4
2281601,9.827526036624974,8
2281613,9.709383035552408,12
2281618,9.919487192355202,5
2281632,9.702461645195024,14
2281643,9.773696738887143,11
2281647,9.924184118851981,4
2281652,9.910600400240765,5
2281674,9.449156276563809,22
2281677,9.966542088762331,3
2281685,9.864446352158753,8
2281693,9.847620884652075,8
2281694,9.988795440798961,1
2281698,9.943233976337908,4
2281703,9.934173695750927,5
2281710,9.857951219045937,7
2281719,9.792126404220308,9
2281737,9.654993053252065,18
2281747,9.784615701452553,10
2281755,9.848089563559514,8
2281769,9.705490485493911,14
2281770,10.0,1
2281783,9.702681662727226,13
2281794,9.544118769820308,11
2281802,9.842742140631762,8
2281810,9.835371839107127,8
2281811,10.0,1
2281812,10.0,1
2281819,9.867140127764491,7
2281828,9.53090148741328,9
2281840,9.73725374584373,12
2281852,9.752659341712844,12
2281861,9.811729564426644,9
2281862,10.0,1
2281873,9.785127630054024,11
2281878,9.917508667548493,5
2281882,9.934695762965958,4
2281893,9.782795677446794,11
2281902,9.823729015030132,9
2281907,9.913237769570735,5
2281917,9.802475696611486,10
2281923,9.878974043697466,6
2281925,9.979462991350378,2
2281927,9.975208205059626,2
2281938,9.75240481197259,11
2281952,9.598360405350252,14
2281963,9.792545092897452,11
2281975,9.75067353350662,12
2281989,9.70687616750358,14
2282005,9.59767173461612,16
2282013,9.850270749835943,8
2282019,9.90093284079565,6
2282023,9.947699568909444,4
2282028,9.917537634480443,5
2282036,9.873491988579893,8
2282045,9.846347568924324,9
2282059,9.710814790245426,14
2282073,9.353376188448518,14
2282081,9.869038016993875,8
2282089,9.84914654862194,8
2282103,9.702140165910935,14
2282112,9.814031166056061,9
2282119,9.879226140926367,7
2282122,9.954315414917481,3
2282133,9.79376245884477,11
2282134,10.0,1
2282143,9.818894848638518,9
2282151,9.861802912649212,8
2282152,10.0,1
2282159,9.904086527457936,7
2282167,9.861869146717089,8
2282178,9.748818022171466,11
2282195,9.603453386145688,17
2282206,9.799693434146086,11
2282215,9.845730852705922,9
2282227,9.752881097123382,12
2282232,9.91840661092447,5
2282252,9.642461142354332,20
2282258,9.896876934982096,6
2282260,9.981951952385783,2
2282269,9.812113406991722,9
2282270,9.988993391291398,1
2282283,9.71108070402255,13
2282295,9.720981723503868,12
2282300,9.931378871087187,5
2282311,9.782012794872646,11
2282326,9.65334890028656,15
2282344,9.574569634877815,18
2282354,9.798449688609915,10
2282366,9.768097544728095,12
2282373,9.888549708198687,7
2282374,10.0,1
2282380,9.887911497500083,6
2282386,9.900981348529097,6
2282392,9.923676602991678,6
2282402,9.824082778607785,10
2282408,9.913495240334697,6
2282417,9.818522300007215,9
2282418,10.0,1
2282419,10.0,1
2282433,9.49255855368818,14
2282434,10.0,1
2282444,9.781892313999263,10
2282449,9.913868021933856,5
2282456,9.878045646846438,7
2282471,9.690025431516096,15
2282480,9.845936124822284,9
2282496,9.61563895943512,16
2282510,9.699387384211132,14
2282531,9.052218593690242,21
2282544,9.712527069570463,13
2282558,9.697827296951196,14
2282561,9.955963110293519,3
2282575,9.710559579906047,14
2282582,9.859954067584189,7
2282586,9.933119875679411,4
2282594,9.837219147302317,8
2282608,9.733310642348505,14
2282612,9.928672856520771,4
2282619,9.850791952760373,7
2282626,9.873322668012054,7
2282633,9.863874478621934,7
2282636,9.971034197076744,3
2282646,9.8050798507547,10
2282655,9.806226448721715,9
2282665,9.795085948231861,10
2282673,9.843195735200247,8
2282677,9.940076988303005,4
2282688,9.69804493851391,11
2282700,9.743941515102637,12
2282711,9.755904785664326,11
2282722,9.775630096427813,11
2282723,10.0,1
2282732,9.813249895072108,9
2282739,9.883599737999912,7
2282744,9.919888266817381,5
2282753,9.828241985840108,9
2282758,9.910155341097703,5
2282759,9.987111869543345,1
2282762,9.952544759094776,3
2282778,9.529172067337996,16
2282779,10.0,1
2282788,9.82153048604898,9
2282800,9.288146175412745,12
2282815,9.67243162480396,15
2282824,9.816631934304827,9
2282837,9.707439113160978,13
2282848,9.78521771097821,11
2282849,10.0,1
2282859,9.775500292584587,10
2282863,9.958485778353486,4
2282872,9.831444633194494,9
2282882,9.808107091920133,10
2282883,10.0,1
2282884,10.0,1
2282898,9.708834849001693,14
2282903,9.916935611659701,5
2282918,9.280291258701249,15
2282930,9.774103230908038,12
2282931,9.989660383164122,1
2282942,9.815833840393665,11
2282972,9.368223401350473,30
2282982,9.773052662782588,10
2282990,9.848254256254481,8
2282999,9.641313989370357,9
2283042,9.28380383834217,43
2283056,9.661219749906007,14
2283067,9.751172771864637,11
2283090,9.526951211146066,23
2283095,9.936106632518733,5
2283104,9.851023280775982,9
2283110,9.884534904267742,6
2283120,9.772127966275306,10
2283136,9.65778922064678,16
2283147,9.798477409530339,11
2283156,9.834653812558662,9
2283170,9.681124162561884,14
2283183,9.707520356662267,13
2283198,9.702246428824553,15
2283232,9.397320733010877,34
2283247,9.698071738494702,15
2283255,9.836817737148854,8
2283262,9.884900196565537,7
2283269,9.880967635108936,7
2283288,9.515093788280277,19
2283296,9.868336648530253,8
2283303,9.863491324037136,7
2283306,9.970455808668806,3
2283316,9.775019923479018,10
2283324,9.823827780459762,8
2283333,9.807321836337938,9
2283349,9.609233991806713,16
2283353,9.934428356971521,4
2283364,9.764121176564391,11
2283365,10.0,1
2283375,9.774396947575308,10
2283387,9.716123282436278,12
2283399,9.718158157317902,12
2283407,9.840415995300733,8
2283417,9.767152678630776,10
2283422,9.904349004199974,5
2283436,9.64860492506781,14
2283441,9.914557919762327,5
2283446,9.899909251630948,5
2283461,9.666257399805394,15
2283465,9.918779634291976,4
2283468,9.96827228401713,3
2283469,10.0,1
2283472,9.95768023621238,3
2283473,10.0,1
2283482,9.800335851929292,9
2283497,9.323315020971656,15
2283518,9.51393260227393,21
2283529,9.76444367222598,11
2283543,9.681076944617638,14
2283549,9.888414420013795,6
2283554,9.912008206207203,5
2283560,9.89162007518002,6
2283569,9.821711426673744,9
2283577,9.836138684374564,8
2283586,9.805661551517487,9
2283595,9.826712695860037,9
2283607,9.730380604073588,12
2283608,10.0,1
2283614,9.8869389515414,6
2283618,9.933212917347346,4
2283623,9.934881913833753,5
2283626,9.954596462727794,3
2283637,9.811896418868992,11
2283655,9.289747591455,18
2283659,9.950439378498755,4
2283666,9.881179475326569,7
2283674,9.878738198978034,8
2283686,9.622004706383409,12
2283695,9.811888949194044,9
2283708,9.761800695176298,13
2283709,10.0,1
2283714,9.904899771857478,5
2283727,9.621840926151922,13
2283733,9.877344351581849,6
2283750,9.627925320900603,17
2283755,9.935679320997226,5
2283766,9.755976156396148,11
2283792,9.626253618931877,26
2283793,10.0,1
2283799,9.899598140714904,6
2283810,9.768911585220751,11
2283816,9.899256671708551,6
2283822,9.916546240213597,6
2283832,9.790723772611775,10
2283845,9.716884269487498,13
2283871,9.444745406791075,26
2283881,9.797925742303628,10
2283887,9.904604440072937,6
2283894,9.895176690678277,7
2283911,9.579902896492092,17
2283920,9.849790238422628,9
2283935,9.68080366949377,15
2283949,9.672872897719078,14
2283959,9.776385887112404,10
2283966,9.871113603533667,7
2283974,9.876777822566812,8
2283985,9.788461038430109,11
2283991,9.915790019926744,6
2284011,9.526209856524504,20
2284012,10.0,1
2284022,9.810971335722007,10
2284030,9.855431736971587,8
2284043,9.528167188597337,13
2284059,9.683030950417727,16
2284060,10.0,1
2284070,9.78049340870236,10
2284083,9.756209313426067,13
2284100,9.61456682816581,17
2284107,9.880374617581145,7
2284116,9.81174131293609,9
2284131,9.6577630987641,15
2284135,9.941276284101804,4
2284139,9.93684704337259,4
2284140,10.0,1
2284147,9.874553299219636,7
2284151,9.921434082959038,4
2284161,9.788863355233051,10
2284162,10.0,1
2284171,9.819727326791504,9
2284183,9.79566431069547,12
2284196,9.746683534888353,13
2284198,9.975123958282504,2
2284203,9.918957789366331,5
2284213,9.780103931643357,10
2284224,9.771472474293335,11
2284229,9.921761513342124,5
2284239,9.797511976107083,10
2284245,9.897000897113246,6
2284246,9.993078333341167,1
2284252,9.908311344574788,6
2284260,9.865249733290945,8
2284272,9.74252298233352,12
2284284,9.734781607434462,12
2284296,9.742758826014581,12
2284297,10.0,1
2284300,9.963250943864127,3
2284308,9.854955015616474,8
2284320,9.75579864290814,12
2284327,9.879046358450188,7
2284328,10.0,1
2284335,9.881465553162212,7
2284344,9.811459325468698,9
2284347,9.950356255214631,3
2284352,9.912925959474336,5
2284365,9.72956232490661,13
2284378,9.732592593359664,13
2284387,9.811651561172997,9
2284390,9.957989171351356,3
2284393,9.965150592603406,3
2284407,9.311786314055835,14
2284415,9.846010928322384,8
2284426,9.77880843235097,11
2284435,9.856285452140051,9
2284439,9.948225632680252,4
2284453,9.70676344111078,14
2284466,9.714046659731757,13
2284475,9.80690747650207,9
2284489,9.75827201439651,14
2284498,9.815211180060215,9
2284501,9.962428751924435,3
2284505,9.932852053936848,4
2284512,9.855112503152343,7
2284513,10.0,1
2284525,9.74016819372096,12
2284534,9.844008725553875,9
2284552,9.53733487943979,18
2284566,9.670466440334074,14
2284571,9.911999819403437,5
2284584,9.740930539580877,13
2284601,9.622038132502034,17
2284602,9.988959433299064,1
2284610,9.813695492981786,8
2284616,9.893647474143243,6
2284617,10.0,1
2284621,9.950442523435807,4
2284626,9.915696059713254,5
2284640,9.70110580884446,14
2284652,9.612334812486282,12
2284663,9.799953940747836,11
2284669,9.911003702130579,6
2284679,9.767021025396193,10
2284686,9.880373197139724,7
2284696,9.799049109255497,10
2284708,9.738446171875475,12
2284716,9.847039531133232,8
2284720,9.944878392124243,4
2284728,9.87562454275701,8
2284737,9.866077933026283,9
2284740,9.958920417501307,3
2284752,9.726524530926248,12
2284769,9.61558299439909,17
2284779,9.784297048337883,10
2284790,9.749765027221075,11
2284792,9.97649182616038,2
2284793,10.0,1
2284800,9.894385049084098,7
2284814,9.679640793025685,14
2284821,9.770318666593042,7
2284835,9.688704908805631,14
2284848,9.714835825433633,13
2284849,9.99341828920621,1
2284863,9.556218267529157,14
2284871,9.86556144071915,8
2284878,9.875909993291469,7
2284882,9.94032033519951,4
2284897,9.643945561113405,15
2284904,9.874352653301225,7
2284911,9.86503906781409,7
2284925,9.654533448919151,14
2284931,9.886446261314328,6
2284947,9.347508370035328,16
2284958,9.777927855173747,11
2284968,9.764395713595501,10
2284981,9.736863686052224,13
2284991,9.794060625513623,10
2285005,9.67423658577364,14
2285009,9.95401324515111,4
2285022,9.724311016728832,13
2285028,9.78668723367166,6
2285041,9.715213917672331,13
2285042,10.0,1
2285048,9.880352839019782,6
2285054,9.875869374092293,6
2285060,9.890959377621362,6
2285072,9.797633439279501,12
2285077,9.919276745426616,5
2285078,10.0,1
2285085,9.868576361602159,7
2285094,9.83583950517786,9
2285104,9.496277564326597,10
2285118,9.721812365504185,14
2285130,9.764332014787623,12
2285136,9.894067235317031,6
2285144,9.818556819942904,8
2285148,9.933424893387116,4
2285155,9.86702240962813,7
2285161,9.888298760132122,6
2285166,9.922462485902937,5
2285172,9.899422413128253,6
2285180,9.859262954907484,8
2285192,9.777649718423639,12
2285194,9.981217473619951,2
2285206,9.762850058899195,12
2285212,9.913700512651424,6
2285219,9.859443269112843,7
2285227,9.858520102517026,8
2285233,9.89227654006612,6
2285243,9.79587257274069,10
2285244,9.996338274195322,1
2285245,10.0,1
2285255,9.800805752723688,10
2285258,9.954018532235667,3
2285263,9.924080231848274,5
2285264,10.0,1
2285265,10.0,1
2285274,9.834918458711412,9
2285287,9.7288272693497,13
2285309,9.509245617876799,22
2285313,9.942308284146993,4
2285327,9.40445679500684,14
2285332,9.91154362885754,5
2285342,9.779468807466719,10
2285353,9.79454849083547,11
2285363,9.760739798768268,10
2285370,9.86163479568067,7
2285378,9.870037684231287,8
2285391,9.717335958216633,13
2285397,9.895829060492877,6
2285402,9.918649480177312,5
2285413,9.760789080405086,11
2285415,9.97346132063064,2
2285418,9.954327309293408,3
2285423,9.907311715742797,5
2285431,9.852186784605546,8
2285441,9.78975794111587,10
2285448,9.867323974661995,7
2285462,9.68934597436904,14
2285476,9.695481190014059,14
2285485,9.831836826222938,9
2285497,9.748711175419368,12
2285504,9.861503380488024,7
2285514,9.810692686814505,10
2285523,9.821983381160445,9
2285534,9.757108340792364,11
2285540,9.913494771485237,6
2285545,9.908640107152756,5
2285555,9.792102689297224,10
2285566,9.764343297170583,11
2285567,10.0,1
2285578,9.748920794950523,11
2285579,10.0,1
2285599,9.5091043516546,20
2285604,9.915753862948852,5
2285608,9.935017197728092,4
2285623,9.685437130399995,15
2285638,9.666212902458811,15
2285656,9.695992314858564,18
2285667,9.735205086026605,11
2285677,9.796322363882863,10
2285686,9.820140908263742,9
2285700,9.68384609164567,14
2285708,9.840222018109698,8
2285719,9.746408883952236,11
2285729,9.811892064363418,10
2285740,9.755946386251232,11
2285762,9.554584271375345,22
2285763,10.0,1
2285764,9.988577569595112,1
2285768,9.939677059409892,4
2285776,9.84147925180389,8
2285782,9.878484430740706,6
2285796,9.662581923147421,14
2285803,9.878800778041626,7
2285816,9.73146773260521,13
2285819,9.961148321231136,3
2285824,9.919128654974456,5
2285829,9.90415618324431,5
2285838,9.75350904871778,9
2285856,9.600870450909,18
2285866,9.79814266329124,10
2285872,9.905644175625387,6
2285877,9.92975840219166,5
2285879,9.968528785423823,2
2285893,9.711328615693805,14
2285901,9.854045776899358,8
2285902,10.0,1
2285909,9.882350194180342,7
2285921,9.73612471946384,12
2285923,9.980937734599244,2
2285929,9.875569618811282,6
2285942,9.72445611311025,13
2285955,9.75217072257488,13
2285964,9.813352316994857,9
2285981,9.603713854139771,17
2285996,9.649649189578142,15
2286006,9.799112950790551,10
2286022,9.611098523740223,16
2286032,9.83339821391473,10
2286044,9.741355431025749,12
2286051,9.874335630661513,7
2286063,9.769785741821275,12
2286069,9.90355261789107,6
2286072,9.956974262712288,3
2286085,9.713120255934767,13
2286097,9.765996254965364,12
2286104,9.8766570482713,7
2286112,9.845377737794596,8
2286113,10.0,1
2286119,9.90494801590625,6
2286129,9.811785588860236,10
2286135,9.889269550546869,6
2286144,9.81070943189086,9
2286153,9.822272839576916,9
2286161,9.82613473007904,8
2286166,9.929291735774678,5
2286174,9.85422260030553,8
2286179,9.893691327463493,5
2286180,10.0,1
2286195,9.621038274764071,15
2286208,9.746697165361647,13
2286224,9.672886334822849,16
2286243,9.587991514123772,19
2286245,9.978630192551654,2
2286252,9.860882336153718,7
2286260,9.857771046394769,8
2286269,9.836024615622609,9
2286279,9.779795383723389,10
2286286,9.87722437585607,7
2286301,9.663175898146777,15
2286302,10.0,1
2286307,9.90739890831648,5
2286325,9.603930740058269,18
2286332,9.863907423778361,7
2286344,9.760225548234535,12
2286359,9.684117679867299,15
2286368,9.81754286896804,9
2286375,9.84516305979843,7
2286382,9.887273942088722,7
2286395,9.73467545882815,13
2286403,9.87056875296988,8
2286412,9.832020703389972,9
2286414,9.978043001501991,2
2286429,9.694022825001797,15
2286442,9.721323474628633,13
2286443,10.0,1
2286451,9.834347401340441,8
2286454,9.962106386163592,3
2286462,9.84542463033468,8
2286467,9.924094390246083,5
2286477,9.80602538695914,10
2286489,9.530953479943312,12
2286493,9.9314980488509,4
2286507,9.690318470826174,14
2286508,10.0,1
2286510,9.983930091484718,2
2286514,9.942487263945633,4
2286525,9.822597909407934,11
2286534,9.799355552948155,9
2286540,9.898058558489124,6
2286551,9.774889613600077,11
2286555,9.9430646854987,4
2286556,10.0,1
2286569,9.745827618120032,13
2286572,9.948656020502305,3
2286578,9.886570549910058,6
2286591,9.717659405620324,13
2286596,9.91643613010392,5
2286603,9.849459992988985,7
2286613,9.787435887155777,10
2286624,9.778093461772134,11
2286639,9.64010187835758,15
2286652,9.681112335128741,13
2286660,9.839340252898229,8
2286666,9.890438069598614,6
2286677,9.781551652848925,11
2286681,9.930076590485768,4
2286691,9.757679049175296,10
2286696,9.922100568441284,5
2286714,9.57984427212028,18
2286728,9.669660014312008,14
2286738,9.796187599733168,10
2286744,9.873101362284135,6
2286751,9.858356710215343,7
2286760,9.813166642917702,9
2286777,9.61350849503273,17
2286788,9.77868155019866,11
2286801,9.708999701735292,13
2286804,9.959578268908821,3
2286816,9.729363063527627,12
2286829,9.72404461918159,13
2286832,9.962799943197414,3
2286846,9.683995680052506,14
2286847,10.0,1
2286861,9.697334591822976,14
2286872,9.785808597984358,11
2286881,9.819728696663967,9
2286893,9.733711478693607,12
2286906,9.581040326147711,13
2286916,9.79387435021759,10
2286923,9.89257504826982,7
2286936,9.708791533896546,13
2286940,9.94615143638334,4
2286941,9.987870610989642,1
2286950,9.864553526589123,9
2286959,9.823151842578113,9
2286966,9.880867877372133,7
2286967,10.0,1
2286975,9.846635704097157,8
2286976,10.0,1
2286991,9.47693743206771,15
2287001,9.781319950445537,10
2287022,9.616971879273061,21
2287033,9.76595504443158,11
2287042,9.802378052331672,9
2287051,9.80689463642598,9
2287064,9.744245528201475,13
2287074,9.786282696415594,10
2287077,9.970817389949502,3
2287087,9.773345105951767,10
2287096,9.855512260027243,9
2287104,9.853713995913356,8
2287105,10.0,1
2287111,9.907978073796585,6
2287122,9.767153562382049,11
2287126,9.926685868838653,4
2287143,7.722215967117463,17
2287158,9.712508392713211,15
2287167,9.84478464482357,9
2287175,9.858288518573099,8
2287183,9.84563491120136,8
2287199,9.654163381545661,16
2287217,9.631259502633275,18
2287228,9.770319799615537,11
2287246,9.605644319123554,18
2287258,9.724890805033489,12
2287266,9.830794660438219,8
2287274,9.835903386608498,8
2287288,9.682887439566882,14
2287297,9.84006634661246,9
2287300,9.962440057918597,3
2287308,9.838374395591265,8
2287321,9.739858799144129,13
2287328,9.862094474817868,7
2287336,9.850158393768517,8
2287342,9.89813550894861,6
2287348,9.889313464917972,6
2287353,9.714415290507231,5
2287360,9.857691369668933,7
2287381,9.474399540097014,21
2287404,9.47472355807403,23
2287418,9.662393699186232,14
2287422,9.944446773071784,4
2287441,9.555768712674238,19
2287446,9.90764204824059,5
2287458,9.748888673643336,12
2287464,9.899500324719561,6
2287478,9.637705825710078,14
2287487,9.806893415115882,9
2287499,9.754591789343607,12
2287511,9.74989235963599,12
2287528,9.635669606287928,17
2287534,9.892790354122027,6
2287549,9.648625826793419,15
2287556,9.882490491863727,7
2287561,9.904359946188194,5
2287571,9.792133406801597,10
2287577,9.889024658173803,6
2287584,9.886980666251949,7
2287601,9.55538874212457,17
2287602,10.0,1
2287615,9.721506521350431,13
2287627,9.743615118021454,12
2287639,9.739763982954498,12
2287640,10.0,1
2287655,9.67172664650483,15
2287659,9.930382643703323,4
2287663,9.932805202300498,4
2287672,9.816446314600276,9
2287673,10.0,1
2287688,9.665785684373002,15
2287698,9.802481484300465,10
2287704,9.886844005061464,6
2287725,9.146501091931752,21
2287734,9.815271191490911,9
2287739,9.921038382942552,5
2287747,9.83337953722241,8
2287760,9.73967697210007,13
2287766,9.89810324020555,6
2287772,9.892431491146624,6
2287782,9.81144006593079,10
2287800,9.470263545315689,18
2287804,9.936233288195758,4
2287811,9.868968636179543,7
2287820,9.792148676423755,9
2287833,9.715353728210648,13
2287843,9.795457196659445,10
2287848,9.91387504490927,5
2287858,9.70492896779836,10
2287859,9.996639893087195,1
2287863,9.949736037581713,4
2287867,9.93124485372894,4
2287875,9.824618643022948,8
2287889,9.65184768685288,14
2287901,9.737377413187666,12
2287906,9.931383251316573,5
2287916,9.8043022816507,10
2287924,9.841143405620592,8
2287932,9.852644182697162,8
2287945,9.704347432989486,13
2287962,9.689675423968632,17
2287967,9.912236245221155,5
2287978,9.77409410019524,11
2288000,9.407204295983297,22
2288020,9.545335250952022,20
2288025,9.9271592284762,5
2288034,9.811835475019091,9
2288040,9.900644999912295,6
2288041,10.0,1
2288048,9.900818692683618,7
2288059,9.770044796351417,11
2288066,9.863472914653563,7
2288070,9.9519806370083,4
2288081,9.754792422934623,11
2288096,9.720096174185297,15
2288103,9.865589309501443,7
2288110,9.871391172232416,7
2288113,9.949307800229336,3
2288119,9.879744354868652,6
2288126,9.647872570747136,7
2288131,9.915100282721722,5
2288143,9.7444442130924,12
2288144,10.0,1
2288162,9.562268769742406,18
2288167,9.899527327671564,5
2288178,9.788037064760365,11
2288181,9.9570075778893,3
2288182,10.0,1
2288191,9.829708310548616,9
2288198,9.868218924376313,7
2288216,9.572580326750018,18
2288234,9.64494337844779,18
2288239,9.924555033339427,5
2288248,9.84073092427636,9
2288253,9.925573923910152,5
2288264,9.795537093715978,11
2288265,10.0,1
2288274,9.801304767804302,9
2288275,10.0,1
2288292,9.421956052138194,17
2288293,10.0,1
2288302,9.838066469881587,9
2288306,9.948609278187943,4
2288310,9.940650866920004,4
2288319,9.489815385677488,9
2288321,9.979652531975724,2
2288334,9.72782758843612,13
2288347,9.724749579333343,13
2288357,9.478557533635419,10
2288360,9.960730716124655,3
2288371,9.737338510448899,11
2288379,9.849271486871896,8
2288387,9.852252962764682,8
2288391,9.934243517874135,4
2288405,9.679874239996412,14
2288420,9.7098903380023,15
2288426,9.901822399136954,6
2288437,9.747291382143288,11
2288447,9.589783712769172,10
2288459,9.75341138007712,12
2288473,9.683894132948131,14
2288485,9.73674723879776,12
2288496,9.77445763939623,11
2288509,9.727262876382602,13
2288510,10.0,1
2288521,9.777906147661982,11
2288531,9.814466191318978,10
2288543,9.735226892515222,12
2288549,9.899893415979967,6
2288554,9.898397746004484,5
2288562,9.846075500435516,8
2288563,10.0,1
2288573,9.793410998783823,10
2288587,9.730331118483193,14
2288592,9.898532736792056,5
2288599,9.880142942760148,7
2288606,9.88862890555602,7
2288616,9.836482530134873,10
2288622,9.897761577328714,6
2288631,9.8150291024783,9
2288647,9.63380399121854,16
2288654,9.892231132842198,7
2288667,9.697912692467627,13
2288675,9.860660914546827,8
2288687,9.745394134195022,12
2288691,9.932387955216752,4
2288696,9.9170268827748,5
2288706,9.795748486612004,10
2288711,9.901064936787638,5
2288712,10.0,1
2288720,9.8358870377515,8
2288727,9.879056054844096,7
2288732,9.932310082457192,5
2288742,9.797381738479132,10
2288752,9.792951687060327,10
2288754,9.97532396297961,2
2288764,9.79037266311266,10
2288777,9.712418910897057,13
2288792,9.682359489941335,15
2288802,9.789481303349305,10
2288813,9.659666450567888,11
2288823,9.777121303922224,10
2288828,9.933700997565978,5
2288829,10.0,1
2288836,9.858600270737824,7
2288844,9.830578839609066,8
2288859,9.689165274956538,15
2288860,10.0,1
2288871,9.774302081606884,11
2288878,9.884397689872982,7
2288889,9.772471252578057,11
2288900,9.763025568512932,11
2288906,9.886356402412467,6
2288910,9.943615696318075,4
2288919,9.815447731286634,9
2288934,9.636204059633666,15
2288954,9.648730542080425,20
2288962,9.8444905759025,8
2288963,10.0,1
2288966,9.96887986424401,3
2288975,9.831547436876496,9
2288987,9.723953148112736,12
2288999,9.766865316409438,12
2289008,9.836785208438032,9
2289014,9.897285655690892,6
2289023,9.805190217598964,9
2289035,9.760214102189106,12
2289046,9.787826585579758,11
2289055,9.860602980589995,9
2289064,9.836255555022069,9
2289071,9.870356128943037,7
2289077,9.926728155367416,6
2289087,9.790651336365087,10
2289096,9.806627759845892,9
2289103,9.867430174723664,7
2289113,9.802319201224218,10
2289128,9.638554360615627,15
2289138,9.790601895336144,10
2289149,9.816345447615063,11
2289158,9.803825457794753,9
2289159,10.0,1
2289167,9.856237334473635,8
2289168,10.0,1
2289183,9.654787635711571,15
2289188,9.924623975790928,5
2289202,9.721216238682267,14
2289206,9.915622315941283,4
2289208,9.975280177908797,2
2289219,9.76249233803735,11
2289233,9.660818685150108,14
2289239,9.884347521918817,6
2289243,9.729601057950605,4
2289244,10.0,1
2289245,10.0,1
2289257,9.777390676217273,12
2289267,9.797234617746353,10
2289278,9.749499209240424,11
2289303,9.51970717333774,25
2289323,9.570170297580507,20
2289335,9.725651654394841,12
2289336,10.0,1
2289344,9.84157368048077,8
2289358,9.7287155778876,14
2289370,9.435443178440504,12
2289376,9.886331531201037,6
2289383,9.869345948717855,7
2289392,9.809419245521498,9
2289408,9.669402360136813,16
2289424,9.657916856872976,16
2289426,9.979621641671786,2
2289433,9.888912596608623,7
2289444,9.80357853424923,11
2289458,9.732690101459763,14
2289491,9.350092691521823,33
2289500,9.83194468280556,9
2289511,9.761783318982841,11
2289524,9.707362381127819,13
2289538,9.689694715643776,14
2289554,9.657507082766525,16
2289577,9.542551499673714,23
2289583,9.906160683256148,6
2289586,9.954775655376592,3
2289602,9.633693966010512,16
2289603,10.0,1
2289609,9.890786256407381,6
2289626,9.616947055068279,17
2289638,9.776833961573756,12
2289645,9.88570194664881,7
2289655,9.806259924083893,10
2289664,9.83715326801947,9
2289677,9.723602275633588,13
2289678,10.0,1
2289687,9.845437296437824,9
2289702,9.669682283998108,15
2289713,9.77467652088115,11
2289722,9.81200023687607,9
2289728,9.89027930202409,6
2289738,9.794254521464472,10
2289748,9.806260742087813,10
2289762,9.755614595671105,14
2289767,9.914292322235635,5
2289771,9.945373063458934,4
2289772,9.995855179472718,1
2289778,9.893918786145772,6
2289790,9.740401254499494,12
2289794,9.938978792024885,4
2289804,9.782493990124578,10
2289807,9.958353030548537,3
2289814,9.881004915403194,7
2289821,9.88548376820323,7
2289829,9.848809441133506,8
2289830,10.0,1
2289835,9.927019736811218,5
2289852,9.59477669481531,17
2289856,9.956704973471197,4
2289862,9.900444055547732,6
2289869,9.880120747558314,7
2289877,9.861521281092797,8
2289883,9.88695742931164,6
2289887,9.93571922639325,4
2289892,9.908850866349072,5
2289903,9.771949007430186,11
2289918,9.644695270963963,15
2289922,9.939418951206365,4
2289937,9.689613578313809,15
2289949,9.738216546400961,12
2289954,9.90528633540719,5
2289966,9.720089641223122,12
2289994,4.171370611223405,28
2290009,9.63252850181155,15
2290011,9.975478303207945,2
2290017,9.906075923639667,6
2290029,9.417265535956195,12
2290038,9.803586723045692,9
2290046,9.837544199419364,8
2290047,10.0,1
2290057,9.834347882849178,10
2290062,9.917030347981612,5
2290073,9.796029630955998,11
2290075,9.984961415257994,2
2290083,9.82859628798119,8
2290094,9.671534703084026,11
2290104,9.762900240371993,10
2290118,9.697161029338869,14
2290120,9.979401172015166,2
2290125,9.905699273205228,5
2290129,9.948298585669516,4
2290147,9.606062525937213,18
2290155,9.840186581007009,8
2290158,9.949112681108023,3
2290164,9.898093580003515,6
2290167,9.960168255381998,3
2290179,9.771061994165262,12
2290185,9.899374993245743,6
2290186,10.0,1
2290192,9.881943583034877,6
2290212,9.569460402116999,20
2290216,9.925281284711485,4
2290225,9.824266427724716,9
2290236,9.81107850521148,11
2290249,9.691913080636015,13
2290259,9.785177643887486,10
2290265,9.898452635363483,6
2290273,9.827193294146971,8
2290277,9.93254134042265,4
2290285,9.850945850327378,8
2290292,9.878647147033256,7
2290311,9.607836344435434,19
2290322,9.784072081037028,11
2290323,10.0,1
2290338,9.655891822630672,15
2290348,9.808505115989524,10
2290353,9.905543949498625,5
2290368,9.658379806054672,15
2290383,8.22938920320422,15
2290401,9.067688775073496,18
2290405,9.949577969998572,4
2290416,9.747925734875146,11
2290422,9.89930740890595,6
2290435,9.72454579732447,13
2290448,9.743254878441856,13
2290455,9.86422385118733,7
2290463,9.844062664298438,8
2290477,9.698147668204264,14
2290483,9.891329265366334,6
2290491,9.858651997710714,8
2290503,9.714204821922527,12
2290508,9.929243387716816,5
2290518,9.792184262284247,10
2290528,9.810634643457718,10
2290546,9.686950894272526,18
2290548,9.971503206252843,2
2290559,9.809059029326198,11
2290560,10.0,1
2290573,9.749140609985718,13
2290579,9.902523768885839,6
2290583,9.934812408536905,4
2290588,9.910535181298625,5
2290592,9.945090927246612,4
2290598,9.8905460857225,6
2290608,9.800371217428857,10
2290615,9.8687546442352,7
2290668,9.140804333992762,53
2290675,9.878550384229271,7
2290684,9.840418635593267,9
2290689,9.921955037781048,5
2290698,9.848140009018826,9
2290707,9.808772030471001,9
2290713,9.890659370996268,6
2290714,10.0,1
2290724,9.817946063622975,10
2290736,9.647539962870479,12
2290758,9.580040457620166,22
2290766,9.8525969648833,8
2290774,9.82800909718814,8
2290779,9.924701023520715,5
2290788,9.829653296020833,9
2290790,9.976748116023433,2
2290804,9.73111340561672,14
2290805,10.0,1
2290819,9.682578881280035,14
2290829,9.792292289652266,10
2290843,9.56099012472966,14
2290849,9.895213669901244,6
2290857,9.852210297050963,8
2290869,9.773356486953203,12
2290882,9.700126249848866,13
2290896,9.585398677665957,14
2290904,9.853448211929988,8
2290908,9.927269603290155,4
2290914,9.893692705159696,6
2290920,9.913687302523051,6
2290927,9.881156000050185,7
2290934,9.878455041651565,7
2290946,9.769271409647402,12
2290952,9.89309745280346,6
2290953,10.0,1
2290969,9.607468852366834,16
2290976,9.883171721749067,7
2290992,9.644718542419184,16
2290993,10.0,1
2290995,9.979107335625244,2
2291008,9.704788777851558,13
2291013,9.91795701318264,5
2291023,9.807416418842717,10
2291031,9.829660972724781,8
2291038,9.87220849503674,7
2291053,9.697022596770095,15
2291066,9.289336900954682,13
2291077,9.766840154715213,11
2291093,9.520111519779608,16
2291102,9.823759130903369,9
2291104,9.972458191854738,2
2291111,9.865189616015371,7
2291115,9.942230020126205,4
2291128,9.721045126998664,13
2291141,9.705627397572853,13
2291155,9.71604912050385,14
2291161,9.88831495099872,6
2291170,9.809680512606688,9
2291179,9.823817075685989,9
2291180,10.0,1
2291192,9.713481397823086,12
2291193,10.0,1
2291205,9.753019963831061,12
2291208,9.963358677693174,3
2291209,10.0,1
2291212,9.948121407797764,3
2291216,9.934127952630789,4
2291231,9.682530721778571,15
2291232,10.0,1
2291239,9.865364574584731,7
2291252,9.713131007130038,13
2291266,9.68597943836911,14
2291280,9.689546319034552,14
2291293,9.715448328812402,13
2291295,9.98532020936773,2
2291302,9.87313105184112,7
2291314,9.765560008541414,12
2291320,9.90257619068456,6
2291335,9.679997280696305,15
2291344,9.803712875635183,9
2291349,9.917632471487607,5
2291354,9.913902726617167,5
2291359,9.921783122139614,5
2291370,9.76183664599383,11
2291377,9.874492225122603,7
2291394,9.622824512619957,17
2291395,9.98892090074904,1
2291405,9.813475035765583,10
2291413,9.83638118152348,8
2291419,9.891371576885271,6
2291420,10.0,1
2291430,9.8026457641784,10
2291432,9.97191221589383,2
2291440,9.843906893000344,8
2291449,9.842256522737852,9
2291456,9.87359776413121,7
2291464,9.838787948445281,8
2291474,9.685127929978583,10
2291490,9.636924803485911,16
2291497,9.862097479024817,7
2291506,9.820580146128155,9
2291513,9.873278396474955,7
2291521,9.851079960678026,8
2291530,9.826616502494987,9
2291540,9.79587046161858,10
2291541,10.0,1
2291553,9.747382943098163,12
2291567,9.72077033665332,14
2291571,9.93445678963228,4
2291581,9.795778946383892,10
2291582,10.0,1
2291594,9.732609291460236,12
2291595,9.996219387037973,1
2291607,9.7330066769472,12
2291621,9.717532908888431,14
2291646,9.477545704147456,25
2291654,9.835200893033212,8
2291661,9.872403091025435,7
2291672,9.77568622689632,11
2291678,9.877976440647338,6
2291690,9.784378679723039,12
2291691,10.0,1
2291700,9.801852139755328,9
2291711,9.751224416255047,11
2291719,9.846539001358916,8
2291725,9.87590222283992,6
2291730,9.91909568557559,5
2291738,9.838357909948243,8
2291746,9.851390963303553,8
2291747,10.0,1
2291754,9.870359921248577,7
2291755,9.992762832151836,1
2291770,9.675347775977805,15
2291778,9.871082524225905,8
2291789,9.773040377368472,11
2291790,10.0,1
2291803,9.726208877062696,13
2291814,9.760803023960943,11
2291826,9.767449013796577,12
2291829,9.9635270076593,3
2291841,9.7518915720725,12
2291844,9.958214964458675,3
2291854,9.77084410314828,10
2291864,9.804740483429693,10
2291872,9.859684815290782,8
2291884,9.729071561249572,12
2291892,9.82400008755883,8
2291909,9.590953281527867,17
2291911,9.978542779395738,2
2292027,7.969871913977128,116
2292046,9.57817686616024,19
2292059,9.72428690475696,13
2292071,9.720550521057145,12
2292076,9.92396939595413,5
2292090,9.708202922011083,14
2292104,9.65301625518524,14
2292114,9.783425512042093,10
2292125,9.755623507570563,11
2292132,9.891666972251569,7
2292162,9.283645219680828,30
2292168,9.707616795724354,6
2292180,9.762437613187522,12
2292183,9.951909917938005,3
2292196,9.763892218715052,13
2292209,9.738935614426143,13
2292217,9.861761763805989,8
2292228,9.796336385727589,11
2292241,9.69731469663964,13
2292258,9.62904554069837,17
2292267,9.842362111139051,9
2292268,10.0,1
2292275,9.873193972380582,7
2292276,10.0,1
2292286,9.79253799048965,10
2292294,9.845509757812135,8
2292307,9.701909594928441,13
2292308,10.0,1
2292320,9.762399574417241,12
2292333,9.718114732096183,13
2292349,9.744629839986523,16
2292362,9.527236315687043,13
2292373,9.742393133025882,11
2292383,9.802002417453183,10
2292387,9.944165914905437,4
2292391,9.947062450274235,4
2292401,9.807309896476804,10
2292438,9.247527129994204,37
2292445,9.86312766444046,7
2292457,9.765783426061379,12
2292473,9.629369318769958,16
2292479,9.8985024070632,6
2292496,9.630117136731833,17
2292504,9.85020304393835,8
2292510,9.888549867153243,6
2292521,9.76229705110631,11
2292532,9.758134170675898,11
2292533,9.987453675932663,1
2292545,9.732294678071826,12
2292556,9.755018705545385,11
2292571,9.685498864863181,15
2292584,9.74240979796698,13
2292600,9.623982857359437,16
2292608,9.854534778789752,8
2292623,9.66237089010625,15
2292635,9.738230773164624,12
2292640,9.93456672942459,5
2292646,9.887393256242301,6
2292647,10.0,1
2292660,9.717915128132958,13
2292664,9.918957840849076,4
2292665,10.0,1
2292675,9.812503413824361,10
2292691,9.146466642811736,16
2292698,9.88485443205424,7
2292700,9.984302000362012,2
2292701,10.0,1
2292709,9.829427145023768,8
2292720,9.767177106505772,11
2292732,9.712459162474323,12
2292743,9.73451503271005,11
2292751,9.82781442106191,8
2292755,9.940693583089821,4
2292775,9.582807829421684,20
2292782,9.864202954426839,7
2292783,10.0,1
2292796,9.705336743633005,13
2292804,9.846254026704155,8
2292809,9.911672196813297,5
2292818,9.818353382904435,9
2292829,9.755809869920698,11
2292845,9.721123448513522,16
2292854,9.808571480838141,9
2292858,9.943368258939493,4
2292871,9.736916383083477,13
2292878,9.867563855773733,7
2292888,9.78473909413302,10
2292892,9.954168272476547,4
2292908,9.66886442843085,16
2292912,9.941875042247403,4
2292921,9.816518778414357,9
2292922,10.0,1
2292932,9.825782037669994,10
2292946,9.732574802667893,14
2292947,10.0,1
2292957,9.765277510541505,10
2292971,9.725085066654817,14
2292974,9.957957723139234,3
2292981,9.893337393757488,7
2292988,9.867758898102972,7
2292989,10.0,1
2292990,10.0,1
2292993,9.96010255740786,3
2293008,9.649320358792817,15
2293014,9.907424947720653,6
2293020,9.901880928447119,6
2293029,9.809268219219225,9
2293040,9.762578875295233,11
2293047,9.867182934967836,7
2293048,10.0,1
2293061,9.7070583612783,13
2293066,9.913653923155163,5
2293075,9.813004402243589,9
2293085,9.789247137470538,10
2293091,9.878044018295336,6
2293099,9.847141180324698,8
2293111,9.753722826774638,12
2293118,9.887612685030499,7
2293131,9.718420735924816,13
2293132,9.993092970318465,1
2293138,9.90276075924193,6
2293149,9.817065996588147,11
2293162,9.736812791584157,13
2293181,9.600888200012834,19
2293185,9.947803174124195,4
2293186,10.0,1
2293204,9.641564048881644,18
2293212,9.854171276917672,8
2293219,9.896781713634448,7
2293231,9.784614269435064,12
2293245,9.69380067501971,14
2293255,9.840071545237224,10
2293264,9.700968711072978,9
2293277,9.718726768540188,13
2293287,9.788284134281064,10
2293295,9.858665210970273,8
2293300,9.915587032224812,5
2293308,9.857257583457562,8
2293310,9.981482674364196,2
2293323,9.751376862764719,13
2293333,9.779847210437605,10
2293344,9.771974890220514,11
2293349,9.928654916350093,5
2293350,9.988274162356738,1
2293359,9.834675509225637,9
2293367,9.81682362091586,8
2293374,9.881086935966799,7
2293384,9.769778710330822,10
2293397,9.743684954647671,13
2293411,9.694906634078677,14
2293429,9.58469916129592,18
2293443,9.694370920094523,14
2293454,9.78560303529849,11
2293469,9.693215341389049,15
2293470,10.0,1
2293487,9.591100355479863,17
2293496,9.80004043707443,9
2293509,9.744454609523507,13
2293519,9.77804916556433,10
2293525,9.899541046197504,6
2293538,9.71415575969175,13
2293554,9.639644052042858,16
2293564,9.782499379558887,10
2293570,9.911278789520155,6
2293575,9.92453107695844,5
2293595,9.542943347367125,20
2293598,9.965230974811854,3
2293607,9.84617271642975,9
2293621,9.680944364217055,14
2293633,9.748763737147767,12
2293638,9.897962686365405,5
2293646,9.856486928131753,8
2293650,9.928887644621247,4
2293662,9.74268535918727,12
2293670,9.87875711610917,8
2293682,9.735014645647555,12
2293690,9.856875604335627,8
2293700,9.787878386864621,10
2293709,9.818459835135926,9
2293718,9.812500464342438,9
2293724,9.907921395642346,6
2293725,10.0,1
2293734,9.799912270228726,9
2293748,9.74020524707238,14
2293756,9.851950818120839,8
2293767,9.775253912468695,11
2293768,9.989373226117413,1
2293783,9.652592685029584,15
2293792,9.804569380561265,9
2293809,9.579035567101142,17
2293816,9.870519334448135,7
2293831,9.737324287906297,15
2293843,9.747531246316884,12
2293868,9.39792970122098,25
2293879,9.773149593301888,11
2293894,9.635389640377047,15
2293896,9.975597845715749,2
2293906,9.833329381239235,10
2293913,9.87063027792024,7
2293918,9.918222841039865,5
2293927,9.81381960602806,9
2293941,9.696793424041603,14
2293946,9.912609080197198,5
2293957,9.807025382392261,11
2293968,9.758281090793018,11
2293980,9.729806218274986,12
2293981,10.0,1
2293990,9.803511518490007,9
2294006,9.649193697873313,16
2294017,9.74001332286545,11
2294019,9.975654181467224,2
2294020,10.0,1
2294037,9.614414354523577,17
2294049,9.771638496132809,12
2294067,7.946803369206423,18
2294078,9.753790586004458,11
2294083,9.901038048733515,5
2294089,9.909198844357354,6
2294100,9.780780570080212,11
2294102,9.97896218347777,2
2294116,9.692050074328984,14
2294133,9.580705603594081,17
2294144,9.766403435803847,11
2294154,9.794476936452396,10
2294167,9.73594214146041,13
2294175,9.851871776797319,8
2294188,9.69371664813152,13
2294199,9.754207882886314,11
2294208,9.849670926879085,9
2294217,9.78038957877201,9
2294229,9.379161810261127,12
2294244,9.140955353787735,15
2294246,9.983519811597468,2
2294251,9.923757119225431,5
2294256,9.932657452244996,5
2294269,9.730544141074903,13
2294275,9.889743427500658,6
2294292,9.610509133587117,17
2294301,9.847064134509429,9
2294313,9.74973880486173,12
2294326,9.758141912070103,13
2294339,9.705601045078561,13
2294352,9.722578906528636,13
2294360,9.853625205478451,8
2294367,9.864065306318809,7
2294376,9.806536024744645,9
2294388,9.767790679484593,12
2294397,9.806749369916066,9
2294409,9.79894532838704,12
2294418,9.83302056057364,9
2294423,9.921593419379526,5
2294432,9.836309288926735,9
2294437,9.913556755351678,5
2294438,9.991703259262763,1
2294450,9.743596256551246,12
2294454,9.935625159322937,4
2294465,9.793353012277601,11
2294473,9.841931469616997,8
2294482,9.81707161352496,9
2294494,9.71775100035466,12
2294503,9.820552955718773,9
2294513,9.818562359224439,10
2294520,9.766246135493155,7
2294529,9.806485562138544,9
2294533,9.924466931524234,4
2294544,9.760097592766517,11
2294556,9.733244916730415,12
2294557,10.0,1
2294576,9.573760554506855,19
2294594,9.576313675004752,18
2294607,9.755348571489336,13
2294620,9.72588210312662,13
2294626,9.891565705286546,6
2294627,10.0,1
2294644,9.526908023923742,17
2294653,9.828957276831483,9
2294662,9.81320361479737,9
2294667,9.901507959711777,5
2294675,9.865653914949672,8
2294685,9.772042276682546,10
2294687,9.969497579943287,2
2294698,9.755219774071746,11
2294708,9.784221037900355,10
2294713,9.921156553304487,5
2294719,9.884309631678285,6
2294731,9.711169995555226,12
2294744,9.721518179172797,13
2294754,9.812918830359337,10
2294771,9.687700740189277,17
2294775,9.943411999812175,4
2294788,9.702895175581222,13
2294800,9.739878831694075,12
2294810,9.759103358660317,10
2294823,9.683834663784681,13
2294829,9.906865848447591,6
2294838,9.859085206467022,9
2294839,9.98926416819156,1
2294840,10.0,1
2294853,9.722056374858413,13
2294861,9.864386276668181,8
2294872,9.797219413316428,11
2294881,9.820836726190972,9
2294892,9.803859810980068,11
2294893,10.0,1
2294899,9.883429276178184,6
2294907,9.842254445242371,8
2294917,9.765401299082438,10
2294926,9.835875221163272,9
2294933,9.875701053456186,7
2294949,9.68662010234329,16
2294963,9.66578716118188,14
2294968,9.908457485163256,5
2294983,9.661201348150179,15
2294984,9.988665421865953,1
2295000,9.653886821702006,16
2295001,10.0,1
2295002,10.0,1
2295009,9.882012015869515,7
2295019,9.769704739840735,10
2295032,9.718876049831366,13
2295038,9.91996149614649,6
2295048,9.75294729089907,10
2295065,9.62923437527072,17
2295076,9.75157695058607,11
2295083,9.873401760324173,7
2295093,9.793805175100681,10
2295095,9.975997608756629,2
2295106,9.786156247560806,11
2295118,9.751773449973461,12
2295127,9.806613343620903,9
2295139,9.731979075695527,12
2295146,9.88487213727066,7
2295159,9.707175881971022,13
2295165,9.87369768731617,6
2295174,9.816370156643377,9
2295175,9.996391391455958,1
2295183,9.839793734755801,8
2295195,9.667219175739184,12
2295205,9.795176372420462,10
2295215,9.803639165577456,10
2295230,9.655094383446782,15
2295247,9.578511345422006,17
2295271,9.222038278210121,24
2295279,9.848636486390816,8
2295282,9.959022297927687,3
2295290,9.856396856704267,8
2295309,9.509847797076393,19
2295320,9.767975469266343,11
2295328,9.842472611657493,8
2295329,10.0,1
2295336,9.867584649614146,7
2295347,9.77448987350865,11
2295362,9.644588198092528,15
2295365,9.95164288289214,3
2295379,9.663957309594828,14
2295386,9.871059573372793,7
2295394,9.842452663067606,8
2295403,9.807771568267604,9
2295410,9.889823306524805,7
2295411,10.0,1
2295423,9.775453035419849,12
2295432,9.817752069438255,9
2295439,9.868246187597139,7
2295452,9.72591822352954,13
2295453,10.0,1
2295461,9.809826144731204,8
2295462,10.0,1
2295465,9.953923711325213,3
2295483,9.556691261139553,18
2295488,9.902847501602453,5
2295491,9.959353932108227,3
2295499,9.828324739056399,8
2295501,9.97533235194955,2
2295510,9.83503003304247,9
2295523,9.698171176767866,13
2295529,9.883597281016742,6
2295553,9.419600493104985,24
2295554,10.0,1
2295558,9.938235375398941,4
2295565,9.871359499837,7
2295578,9.719532575321933,13
2295583,9.90957858626559,5
2295596,9.766732633651708,13
2295604,9.852288391692856,8
2295610,9.875779321188613,6
2295622,9.729144650740059,12
2295627,9.911264645045144,5
2295635,9.850791299088254,8
2295652,9.632126042239609,17
2295659,9.890503080545571,7
2295665,9.869301928059489,6
2295672,9.868795902730268,7
2295687,9.673063600340132,15
2295699,9.796381178233675,12
2295710,9.476998809628949,11
2295720,9.803912416411727,10
2295729,9.828275787483195,9
2295735,9.872773790979046,6
2295749,9.686086447788023,14
2295760,9.760155290953188,11
2295773,9.734782723062908,13
2295774,10.0,1
2295777,9.959930305841997,3
2295792,9.717411338979652,15
2295797,9.92317769156594,5
2295821,6.898004579105814,24
2295830,9.857376838136853,9
2295835,9.927509880222312,5
2295843,9.855848163061692,8
2295849,9.901469767939552,6
2295863,9.686954602448802,14
2295868,9.902189942394678,5
2295876,9.850335248323313,8
2295883,9.86272553244102,7
2295890,9.867716322928805,7
2295896,9.89548879396088,6
2295904,9.650376285866294,8
2295915,9.679323510156001,11
2295916,9.996400512920046,1
2295929,9.7337435998869,13
2295930,10.0,1
2295938,9.828761176689929,8
2295947,9.86287008279057,9
2295952,9.922055963891104,5
2295954,9.977368383219268,2
2295964,9.794025513286151,10
2295976,9.752161387247625,12
2295983,9.854731370019705,7
2295993,9.813037541522435,10
2296005,9.729022085929799,12
2296021,9.626366330752052,16
2296031,9.810774137968114,10
2296040,9.836729824265317,9
2296047,9.869082776442191,7
2296057,9.81810063085919,10
2296073,9.630849359496825,16
2296079,9.713869417010457,6
2296092,9.61812100061578,13
2296098,9.904094933328452,6
2296099,10.0,1
2296101,9.975595872580472,2
2296114,9.705101956825132,13
2296129,9.711378267123422,15
2296140,9.779086301819618,11
2296141,10.0,1
2296155,9.701455330013014,14
2296166,9.802032598278846,11
2296185,9.618225561157884,19
2296188,9.953458367522556,3
2296196,9.827209200846568,8
2296216,9.524146465374463,20
2296228,9.730178607602584,12
2296239,9.793637199795297,11
2296252,9.715375827569323,13
2296264,9.728183970143569,12
2296265,10.0,1
2296268,9.965177641287635,3
2296272,9.943966442296798,4
2296276,9.94887021655953,4
2296282,9.914515486780706,6
2296283,10.0,1
2296286,9.966728664718858,3
2296287,10.0,1
2296296,9.805718054542444,9
2296304,9.875090975329968,8
2296316,9.719433483941462,12
2296325,9.805954501303466,9
2296329,9.93531820392402,4
2296341,9.729398596273889,12
2296352,9.758102857883928,11
2296358,9.90338055606638,6
2296365,9.885361075872522,7
2296367,9.971233033943195,2
2296372,9.907724321057096,5
2296373,10.0,1
2296383,9.807118388456939,10
2296401,9.629615774445547,18
2296404,9.949164441629488,3
2296407,9.960322070019316,3
2296416,9.82174821364916,9
2296417,10.0,1
2296418,9.98733451938925,1
2296428,9.693459308572953,10
2296435,9.87551425711973,7
2296445,9.822528929251135,10
2296455,9.804047897129298,10
2296461,9.909188821644504,6
2296477,9.634773481039097,16
2296478,10.0,1
2296482,9.934826255025639,4
2296490,9.852342619717032,8
2296507,9.624092035145717,17
2296523,9.650932689225804,16
2296531,9.854418914492367,8
2296543,9.803987664436088,12
2296545,9.977587578117307,2
2296549,9.936262629221824,4
2296559,9.775232765720633,10
2296562,9.959776421246964,3
2296568,9.885819388562625,6
2296581,9.705306532097083,13
2296656,7.9450497641655256,75
2296667,9.774940192582228,11
2296678,9.753797148720896,11
2296692,9.692836885965008,14
2296699,9.862601719695036,7
2296709,9.823358894444512,10
2296711,9.976152028713495,2
2296717,9.890487744996271,6
2296727,9.79864868832698,10
2296745,9.616846861467076,18
2296755,9.802753792305575,10
2296756,10.0,1
2296758,9.972438660737222,2
2296778,9.561942331859598,20
2296783,9.906595538771548,5
2296787,9.925876286438257,4
2296797,9.813771542271935,10
2296802,9.914363398791975,5
2296808,9.878734291607215,6
2296811,9.961378636105973,3
2296826,9.739292437447983,15
2296827,10.0,1
2296840,9.687220562644093,13
2296847,9.85212255514756,7
2296848,9.989229188849277,1
2296855,9.883889422173263,7
2296863,9.850510572634823,8
2296872,9.826803377706304,9
2296880,9.837177230871626,8
2296887,9.8539836395422,7
2296902,9.625267105880505,15
2296908,9.890730935933208,6
2296924,9.671115874802902,16
2296939,9.632873425215251,15
2296942,9.949602668095327,3
2296950,9.84639047384135,8
2296965,9.52403975932318,15
2296973,9.853319547523334,8
2296974,10.0,1
2296986,9.752648848832015,12
2296993,9.877892289104851,7
2297007,9.697940295999185,14
2297015,9.841785104142938,8
2297026,9.780100520284543,11
2297036,9.776590992722841,10
2297037,9.996675866094579,1
2297038,10.0,1
2297039,10.0,1
2297050,9.772205498467002,11
2297058,9.869355706183901,8
2297065,9.878061430618434,7
2297070,9.917056537549307,5
2297084,9.727041248077567,14
2297093,9.81803886334398,9
2297105,9.801286290248676,12
2297120,9.670005739340203,15
2297135,9.662781078484679,15
2297136,10.0,1
2297142,9.881087682666754,6
2297159,9.610371931935854,17
2297169,9.805799098203613,10
2297173,9.93545454395769,4
2297188,9.675804238442257,15
2297194,9.892910324417825,6
2297203,9.8150503448007,9
2297211,9.849379362443829,8
2297224,9.709044923412446,13
2297232,9.847206936827341,8
2297240,9.842451640759148,8
2297253,9.782176744585385,13
2297268,9.663895569285504,15
2297276,9.866873919046695,8
2297278,9.986530540167895,2
2297290,9.721588598111596,12
2297299,9.824840183413528,9
2297311,9.750164753475772,12
2297323,9.803446218391677,12
2297326,9.96541888780238,3
2297341,9.655776426273219,15
2297349,9.883246178709525,8
2297365,9.649848433252167,16
2297379,9.69384992537981,14
2297389,9.728142602079423,10
2297399,9.774428037524633,10
2297403,9.936634604338884,4
2297413,9.773154599883544,10
2297431,9.598164182792322,18
2297443,9.749409514329807,12
2297447,9.937604844216745,4
2297452,9.907050648130168,5
2297459,9.85578398816144,7
2297460,10.0,1
2297471,9.75448071094117,11
2297496,9.392973164821656,25
2297497,9.992814220985668,1
2297502,9.922615165281327,5
2297505,9.956699706377908,3
2297510,9.920303672098504,5
2297519,9.8360739327394,9
2297529,9.796934717295876,10
2297535,9.90871669681041,6
2297549,9.704678655169422,14
2297560,9.818775494941828,11
2297569,9.814423091284578,9
2297585,9.663967387638488,16
2297590,9.914504639833845,5
2297604,9.699762810644398,14
2297614,9.830951404947418,10
2297615,10.0,1
2297622,9.870064665812867,7
2297642,9.54164826786492,20
2297662,9.506491167139094,20
2297676,9.7053730319056,14
2297678,9.981759564935123,2
2297691,9.74690117656819,13
2297697,9.912329953881747,6
2297707,9.797722321110466,10
2297718,9.790626917969643,11
2297733,9.37422378307732,15
2297740,9.89221822842086,7
2297745,9.901940641197791,5
2297752,9.8618104963843,7
2297758,9.900952142133002,6
2297765,9.847113355362739,7
2297774,9.812396354327712,9
2297781,9.869584408410756,7
2297799,9.576782539031226,18
2297811,9.741011511655447,12
2297822,9.759222854113421,11
2297832,9.77818533161764,10
2297842,9.784270129189599,10
2297850,9.74071620160918,8
2297855,9.933875298247413,5
2297859,9.940969259443643,4
2297868,9.815268458497185,9
2297876,9.834240962508071,8
2297887,9.769706477668889,11
2297888,10.0,1
2297896,9.877778240889455,8
2297913,9.62423919666204,17
2297921,9.861026541522778,8
2297935,9.720094081051018,14
2297938,9.964535748250382,3
2297947,9.823304102588892,9
2297960,9.710569693637545,13
2297972,9.753615101026483,12
2297985,9.755129545909789,13
2297993,9.846162428221497,8
2298004,9.771090160526759,11
2298005,10.0,1
2298014,9.816154057527703,9
2298022,9.844645381571938,8
2298035,9.777175435662954,13
2298036,10.0,1
2298045,9.805753598026175,9
2298061,9.61183061266085,16
2298072,9.648206398177166,11
2298084,9.76443216711002,12
2298095,9.74899083919895,11
2298105,9.811699235107854,10
2298114,9.828187731159005,9
2298124,9.785053456481055,10
2298136,9.714818267594143,12
2298149,9.717399403638746,13
2298154,9.926155186439516,5
2298169,9.720083607591523,15
2298176,9.870744888085127,7
2298185,9.819032082232374,9
2298192,9.867729078966553,7
2298197,9.915020575757074,5
2298213,9.713357685554803,16
2298225,9.744658899496175,12
2298229,9.933831009446218,4
2298239,9.773194088002281,10
2298243,9.928952689964389,4
2298244,9.988623334574932,1
2298264,9.495747619979843,20
2298280,9.676825921496354,16
2298286,9.90055044628961,6
2298294,9.847601691428299,8
2298297,9.962521876667424,3
2298305,9.819657218688155,8
2298316,9.755262342729536,11
2298324,9.858228724245812,8
2298332,9.85442044635422,8
2298349,9.61961541585242,17
2298359,9.794134297097713,10
2298369,9.825161523204631,10
2298380,9.76691316158525,11
2298390,9.786007416637874,10
2298407,9.656562725319139,17
2298425,9.64971476296092,18
2298426,10.0,1
2298436,9.78092342047712,10
2298448,9.729800571324123,12
2298452,9.936388776935615,4
2298457,9.918891701605165,5
2298458,10.0,1
2298467,9.830247146953475,9
2298473,9.899592113537869,6
2298476,9.963699307398976,3
2298483,9.876713504198717,7
2298491,9.849207894110783,8
2298498,9.862391378814067,7
2298510,9.794293569797185,12
2298522,9.724558687985166,12
2298530,9.826263617055208,8
2298535,9.728899444193619,5
2298545,9.799606685537265,10
2298555,9.803293629518615,10
2298561,9.883672010926183,6
2298569,9.843079570390717,8
2298574,9.925561202156112,5
2298581,9.796727949331489,7
2298586,9.910205863287489,5
2298597,9.788032040381328,11
2298607,9.837189129965711,10
2298608,10.0,1
2298614,9.903516685816886,6
2298625,9.746691695076283,11
2298635,9.836405579664996,10
2298648,9.699748769041687,13
2298656,9.834159741295627,8
2298667,9.767062225648214,11
2298675,9.881481693679195,8
2298686,9.767395867942815,11
2298702,9.714232980109356,16
2298759,8.947979166646853,57
2298769,9.788099459372438,10
2298770,10.0,1
2298783,9.720492860253211,13
2298788,9.912358948621122,5
2298792,9.931980915969202,4
2298801,9.83015357546328,9
2298812,9.765788525287952,11
2298828,9.637777978596166,16
2298839,9.770883157405759,11
2298843,9.942993720407669,4
2298855,9.752908976818485,12
2298863,9.839649255891974,8
2298864,10.0,1
2298872,9.844757679159464,8
2298886,9.70145890343763,14
2298895,9.834605019849624,9
2298913,9.620866830888735,18
2298914,10.0,1
2298922,9.83398209949808,8
2298923,10.0,1
2298934,9.771147452140704,11
2298941,9.867476768788274,7
2298952,9.785698615761332,11
2298955,9.961115749625487,3
2298959,9.946060518987306,4
2298971,9.774597421288103,12
2298978,9.894583573167274,7
2298989,9.749306222878502,11
2299003,9.688175823647889,14
2299004,10.0,1
2299028,9.594888588779419,24
2299032,9.949744655160451,4
2299044,9.738870685117867,12
2299050,9.893334032605097,6
2299063,9.696593660932962,13
2299067,9.944523866995736,4
2299072,9.926401880070955,5
2299080,9.824404870047351,8
2299087,9.864020396802726,7
2299088,10.0,1
2299093,9.918602828500324,5
2299100,9.893643301494077,7
2299113,9.690278128719664,13
2299116,9.95632674182861,3
2299129,9.7419084228301,13
2299141,9.758664879191942,12
2299145,9.935747207590305,4
2299158,9.584198330688507,13
2299169,9.771124265602944,11
2299176,9.841844955034125,7
2299190,9.595905534681522,14
2299197,9.890592418715347,7
2299214,9.623046894861503,17
2299219,9.910288365891438,5
2299220,9.989007596272629,1
2299226,9.88396769670234,6
2299235,9.819318805371623,9
2299248,9.33358532027264,13
2299258,9.800242441657142,10
2299264,9.908607834408015,6
2299275,9.639857620954091,11
2299286,9.780186073978044,11
2299292,9.895145381937576,6
2299302,9.802028458058068,10
2299317,9.634494475293733,15
2299328,9.749036746017119,11
2299337,9.804988899156937,9
2299347,9.785504296180632,10
2299359,9.74207037797167,12
2299360,10.0,1
2299367,9.888082945705856,7
2299385,9.418970049205573,18
2299391,9.897435021079465,6
2299397,9.882361516818616,6
2299404,9.87275401639337,7
2299415,9.77145932026174,11
2299420,9.934515181206217,5
2299421,10.0,1
2299429,9.84854330677026,8
2299439,9.85233506265323,10
2299457,9.550794767306682,18
2299464,9.849418693506863,7
2299474,9.785178277364063,10
2299483,9.806459585347314,9
2299489,9.897023547298058,6
2299493,9.943519375620976,4
2299501,9.828314470293645,8
2299508,9.86134097968613,7
2299513,9.920406690375465,5
2299519,9.419731461164696,6
2299535,9.623108373723184,16
2299545,9.780790343008686,10
2299553,9.85371226638819,8
2299554,9.996651348854371,1
2299561,9.854384950677005,7
2299573,9.72754019866335,12
2299578,9.93710889519118,5
2299582,9.939031584140512,4
2299585,9.964989962668689,3
2299596,9.742334947339236,11
2299602,9.87702285610685,6
2299603,10.0,1
2299606,9.961831766754797,3
2299621,9.656081369975508,15
2299631,9.771814001599598,10
2299641,9.822462208842673,10
2299652,9.757455228127725,11
2299653,9.988998840020672,1
2299662,9.818197044293258,9
2299669,9.88083380771671,7
2299681,9.742899352347216,12
2299699,9.622367306879514,18
2299709,9.76787274506101,10
2299719,9.801786274431262,10
2299738,9.579510332361656,19
2299747,9.793077064640137,9
2299755,9.862616976315806,8
2299756,10.0,1
2299764,9.827524939614015,8
2299779,9.658426740512505,15
2299788,9.855722258845688,9
2299795,9.861666425842039,7
2299799,9.937409672123833,4
2299802,9.9697609884495,3
2299821,9.557282519516457,19
2299837,9.623895041714388,16
2299844,9.865645117700112,7
2299845,10.0,1
2299846,10.0,1
2299860,9.714729577193426,14
2299862,9.976864943990414,2
2299866,9.938216573611511,4
2299880,9.704218650902883,14
2299894,9.713967631875459,14
2299898,9.936152120010895,4
2299914,9.63179657616708,16
2299919,9.929775338742932,5
2299925,9.906530774260863,6
2299948,8.242847292684328,23
2299951,9.961596138722555,3
2299959,9.848745246800604,8
2299974,9.69102388931065,15
2299984,9.785791023293273,10
2299992,9.859482961098356,8
2300009,9.668443424794626,17
2300010,10.0,1
2300019,9.808946650099372,9
2300025,9.892201939171105,6
2300041,9.655690562910154,16
2300051,9.788250520064432,10
2300060,9.833439639455474,9
2300069,9.828614357955445,9
2300080,9.783406753412415,11
2300093,9.732746738699714,13
2300103,9.767785551194622,10
2300114,9.75861009335766,11
2300125,9.803867862736446,11
2300139,9.680754746068118,14
2300143,9.929162916583662,4
2300153,9.782560260011447,10
2300159,9.912426023056216,6
2300167,9.859398713446542,8
2300189,9.498884182949547,22
2300198,9.82794189860135,9
2300207,9.795402571038409,9
2300216,9.815691098872582,9
2300225,9.805504176552978,9
2300228,9.951650615607122,3
2300229,9.996630279174735,1
2300238,9.839816842975809,9
2300250,9.68312017632437,12
2300262,9.768580136551433,12
2300269,9.89886545319205,7
2300280,9.759771271333074,11
2300295,9.672861082581498,15
2300312,9.625536677388292,17
2300318,9.909467686862948,6
2300326,9.864309283914203,8
2300342,9.626829346665803,16
2300348,9.897439989589875,6
2300366,9.630900841436343,18
2300375,9.850407265498035,9
2300386,9.7795346649465,11
2300390,9.93304189030826,4
2300395,9.919280481239564,5
2300396,10.0,1
2300407,9.755367349907145,11
2300414,9.878465449853516,7
2300426,9.761627671589663,12
2300432,9.89305255903406,6
2300438,9.892707125794495,6
2300451,9.69142712487861,13
2300454,9.952371679161608,3
2300462,9.84645603171586,8
2300484,9.563175909586048,22
2300485,10.0,1
2300486,10.0,1
2300487,10.0,1
2300491,9.945050072321958,4
2300500,9.816305808134619,9
2300514,9.72297978236196,14
2300520,9.87604632626419,6
2300526,9.89996984512315,6
2300540,9.700379157723125,14
2300541,10.0,1
2300542,10.0,1
2300549,9.878341755215382,7
2300551,9.971708697598839,2
2300560,9.812034116340186,9
2300577,9.624851615729535,17
2300601,9.567105876624495,24
2300606,9.919451123291307,5
2300614,9.837287059068935,8
2300615,10.0,1
2300623,9.848854757779748,8
2300631,9.852180704631191,8
2300638,9.868999816444406,7
2300639,9.98866455093794,1
2300649,9.717524373147182,10
2300664,9.663756714433319,15
2300666,9.973247434751272,2
2300676,9.842612591015499,10
2300679,9.965887384317595,3
2300692,9.7400037053832,13
2300700,9.865480153144565,8
2300701,10.0,1
2300706,9.91908669677739,5
2300719,9.71278533961041,13
2300739,9.235676131318108,20
2300747,9.840325377049883,8
2300750,9.949244171633678,3
2300764,9.606538395685964,14
2300772,9.542901337118941,8
2300773,10.0,1
2300780,9.87081186549349,7
2300790,9.77202611641421,10
2300808,9.540716553860976,18
2300809,9.99250097996758,1
2300824,9.661079902239,15
2300829,9.911974552137773,5
2300833,9.952483710682266,4
2300837,9.936146675399584,4
2300844,9.860813563834576,7
2300858,9.676960069493662,14
2300870,9.785436580920427,12
2300880,9.788757801367275,10
2300892,9.732876807898329,12
2300906,9.688986957062124,14
2300912,9.898249188155727,6
2300923,9.79436569021353,11
2300937,9.668761219633161,14
2300950,9.71321317267013,13
2300960,9.766502574929094,10
2300976,9.643253628340341,16
2300986,9.767172147840416,10
2300994,9.882448984695648,8
2300995,10.0,1
2301002,9.870432991865236,7
2301011,9.815440052510668,9
2301019,9.847209183820587,8
2301040,9.517570327310766,21
2301050,9.80256241958394,10
2301051,10.0,1
2301056,9.935810351911787,5
2301066,9.778394154852325,10
2301075,9.820541143354776,9
2301082,9.850109208337885,7
2301086,9.951171047603593,4
2301096,9.77823085507893,10
2301101,9.905017973778705,5
2301119,9.566499127601814,18
2301128,9.807543800337085,9
2301142,9.688075964398449,14
2301165,9.255267592353395,23
2301171,9.911256848480582,6
2301186,9.64878934669118,15
2301187,10.0,1
2301197,9.782187530072093,10
2301200,9.95795283031154,3
2301213,9.724277828765217,13
2301225,9.761268527013979,12
2301231,9.886374565069575,6
2301242,9.749046247865827,11
2301253,9.80652335257638,11
2301260,9.897054959649255,7
2301271,9.75795062970104,11
2301280,9.829947964426772,9
2301287,9.900486897382963,7
2301297,9.804260705747344,10
2301303,9.889398253731722,6
2301309,9.891465239598746,6
2301315,9.896106915115034,6
2301319,9.942336695746205,4
2301324,9.913285864674018,5
2301334,9.799245778987016,10
2301344,9.79463571710655,10
2301345,10.0,1
2301350,9.904898486400938,5
2301357,9.854521442013509,7
2301358,9.992394158378822,1
2301359,10.0,1
2301360,10.0,1
2301372,9.746889691100622,12
2301380,9.830796721671708,8
2301390,9.80682759683302,10
2301394,9.936803875719738,4
2301403,9.831316335929923,9
2301408,9.90213258660574,5
2301418,9.822252636164983,10
2301426,9.854830667499664,8
2301432,9.896898409614915,6
2301444,9.7550803567003,12
2301460,9.680674361656301,16
2301465,9.910380155869845,5
2301481,9.6702095097774,16
2301489,9.838717122203587,8
2301494,9.932268719600334,5
2301505,9.785194807970445,11
2301514,9.839370933401744,9
2301522,9.829835318220532,8
2301540,9.64409297900533,18
2301547,9.882746375763528,7
2301548,10.0,1
2301555,9.871663513410063,7
2301561,9.879931057836922,6
2301575,9.708346958338282,14
2301590,9.485165126389067,15
2301593,9.96530811045621,3
2301600,9.865522356179595,7
2301614,9.703666062328788,14
2301621,9.8867674424936,7
2301636,9.673510863683568,15
2301639,9.962892686403682,3
2301647,9.847124185078401,8
2301660,9.722003997527926,13
2301666,9.891455339422276,6
2301672,9.886099724427291,6
2301690,9.629390807103386,18
2301701,9.765578045573772,11
2301714,9.70741476040792,13
2301717,9.960071043541697,3
2301732,9.648657309894377,15
2301745,9.752081505336431,13
2301759,9.681022956553965,14
2301768,9.825871867028408,9
2301782,9.704229200496716,14
2301787,9.929361161368988,5
2301798,9.766539582400924,11
2301809,9.801237994276715,11
2301816,9.887626196018903,7
2301819,9.957335256774638,3
2301820,9.993120015949792,1
2301832,9.760484675858178,12
2301833,10.0,1
2301846,9.662931710219414,13
2301857,9.789832095752033,11
2301866,9.804466853349588,9
2301867,10.0,1
2301877,9.841498674859066,10
2301892,9.685525559125864,15
2301899,9.86879104362473,7
2301908,9.83612494978895,9
2301921,9.756059438501756,13
2301939,9.65479046517603,18
2301944,9.919807818225737,5
2301950,9.905131613318542,6
2301961,9.777387772430773,11
2301970,9.846425233486018,9
2301981,9.76918434115132,11
2301984,9.966745177912328,3
2301986,9.9713267958865,2
2301994,9.843866327575899,8
2302004,9.777308307622983,10
2302005,10.0,1
2302011,9.887235086873327,6
2302020,9.840870457372692,9
2302029,9.815552731382748,9
2302045,9.714117728181478,16
2302056,9.756489016579382,11
2302068,9.750632348918263,12
2302079,9.77196611494469,11
2302080,9.989553081458983,1
2302094,9.709539546247836,14
2302103,9.814572458108684,9
2302114,9.763845345843832,11
2302126,9.730612531329703,12
2302142,9.615456606250742,16
2302155,9.709130491341936,13
2302168,9.710587829998502,13
2302173,9.909619586359705,5
2302178,9.915003693538374,5
2302182,9.921536119131128,4
2302191,9.843175685394453,9
2302198,9.89386401436432,7
2302202,9.942793682419087,4
2302203,10.0,1
2302212,9.812612205066925,9
2302233,9.514800243586771,21
2302245,9.75727084204409,12
2302257,9.74105484424952,12
2302269,9.745369342586727,12
2302273,9.940691572142413,4
2302294,9.532817077169346,21
2302301,9.863920640004219,7
2302307,9.896630604995973,6
2302321,9.6172284531135,14
2302326,9.936951152264252,5
2302339,9.698000012370116,13
2302350,9.7116547800512,11
2302366,9.650474601416944,16
2302377,9.556648268435437,11
2302388,9.77917867878866,11
2302395,9.861238444821053,7
2302397,9.981036951441459,2
2302415,9.599648824206055,18
2302418,9.949730500774013,3
2302423,9.913519926235121,5
2302431,9.834645661855577,8
2302443,9.436939736761557,12
2302452,9.837326643009561,9
2302456,9.947843628097518,4
2302466,9.787086846579193,10
2302469,9.96420376894673,3
2302477,9.848524790169984,8
2302478,10.0,1
2302496,9.601178564057626,18
2302512,9.632542574322503,16
2302525,9.718547519998536,13
2302537,9.770016383466606,12
2302551,9.56604739853961,14
2302564,9.711853691541041,13
2302576,9.727943851757578,12
2302585,9.842695503403252,9
2302586,10.0,1
2302598,9.807442882226646,12
2302609,9.74521555126225,11
2302622,9.700198633583957,13
2302631,9.827157152609516,9
2302648,9.587819678845113,17
2302656,9.842416429592484,8
2302657,10.0,1
2302669,9.738393468458838,12
2302694,9.185297106805125,25
2302703,9.792325910591153,9
2302704,10.0,1
2302711,9.864475117610654,7
2302720,9.78970399003678,9
2302723,9.947524431044714,3
2302727,9.924916974730984,4
2302734,9.666837028895776,7
2302746,9.709612618587967,12
2302754,9.872955423105255,8
2302761,9.861436317897866,7
2302767,9.890321544038093,6
2302773,9.893177883834696,6
2302780,9.871818878649966,7
2302783,9.953458731984707,3
2302795,9.767960370550014,12
2302798,9.953816400326122,3
2302802,9.935169386565166,4
2302803,10.0,1
2302809,9.910017582949596,6
2302825,9.688575718444387,16
2302838,9.705566075195081,13
2302842,9.940817017146234,4
2302849,9.778569627686933,7
2302860,9.771492073361516,11
2302874,9.779209705583822,14
2302886,9.746647457439783,12
2302907,9.516228401042142,21
2302921,9.696113644340189,14
2302928,9.881697838219807,7
2302936,9.84691690088496,8
2302946,9.81445652708433,10
2302955,9.850325735500274,9
2302973,9.672997124142432,18
2302974,10.0,1
2302984,9.815314119603176,10
2302989,9.906322218416292,5
2302999,9.705051354707955,10
2303007,9.836987187276554,8
2303019,9.736401576432286,12
2303029,9.787831670843438,10
2303036,9.862864782229767,7
2303049,9.438669889057508,13
2303059,9.803217622176515,10
2303062,9.94626271638909,3
2303065,9.952900693980771,3
2303071,9.881795600207958,6
2303087,9.675379705038996,16
2303095,9.825242695927377,8
2303106,9.755740636425376,11
2303118,9.747398376918213,12
2303125,9.887293803941592,7
2303132,9.874643883754299,7
2303142,9.82365508402606,10
2303162,9.09495778177813,20
2303170,9.87388639313323,8
2303182,9.702288497694296,12
2303187,9.724567709626603,5
2303193,9.887795457305685,6
2303196,9.952889574825331,3
2303200,9.936188663703321,4
2303206,9.895128898879356,6
2303215,9.82748270216491,9
2303216,10.0,1
2303226,9.794082741466282,10
2303233,9.871199329455996,7
2303259,9.49914906245359,26
2303260,9.988467006920406,1
2303265,9.914688476804306,5
2303268,9.860854109737012,3
2303274,9.902996199513613,6
2303278,9.946080787620343,4
2303279,10.0,1
2303293,9.716541386914693,14
2303295,9.985058032916553,2
2303308,9.739170459748394,13
2303316,9.836437842871911,8
2303319,9.966083221332369,3
2303331,9.7533489339339,12
2303339,9.872732162510193,8
2303346,9.783075524674823,7
2303353,9.8717906699584,7
2303362,9.82552598645509,9
2303366,9.942331236747648,4
2303378,9.739560755065977,12
2303384,9.876158258545301,6
2303394,9.796736856846739,10
2303401,9.882370146807789,7
2303402,10.0,1
2303404,9.983662114441678,2
2303417,9.02226802004733,13
2303423,9.895506486658233,6
2303427,9.938121902208318,4
2303439,9.75154751031592,12
2303448,9.79750545081823,9
2303471,9.459914085243398,23
2303473,9.981689463955988,2
2303485,9.735482789325088,12
2303486,10.0,1
2303489,9.956648812495999,3
2303496,9.856224749951316,7
2303507,9.792730359438641,11
2303522,9.680805153809919,15
2303525,9.953947969781547,3
2303540,9.700689115921477,15
2303543,9.957255871638448,3
2303548,9.915782437239036,5
2303557,9.82079789459487,9
2303570,9.489427640500011,13
2303574,9.534633968189866,4
2303587,9.708216026584244,13
2303606,9.0794340716939,19
2303612,9.894931017722781,6
2303620,9.822771181825381,8
2303621,10.0,1
2303633,9.743296591574103,12
2303647,9.709822551676558,14
2303660,9.753598321210772,13
2303664,9.940231800956946,4
2303668,9.938163114559622,4
2303673,9.924900519210887,5
2303683,9.789514881241761,10
2303688,9.90334174467467,5
2303695,9.909154828938862,7
2303701,9.890866177654246,6
2303713,9.733236930900192,12
2303725,9.746063834055764,12
2303727,9.985230422681822,2
2303730,9.960004199756444,3
2303741,9.759400692232287,11
2303745,9.94258649441988,4
2303746,10.0,1
2303753,9.866713384847728,7
2303767,9.739208530419067,14
2303772,9.92824197025505,5
2303784,9.76714321301508,12
2303794,9.797465668195517,10
2303798,9.938682598244347,4
2303800,9.977604322515809,2
2303809,9.834587829682743,9
2303816,9.868862724702986,7
2303829,9.678948503149389,13
2303832,9.964988104202648,3
2303834,9.974310271939085,2
2303842,9.843375475846091,8
2303855,9.698875125613313,13
2303871,9.60825997659569,16
2303878,9.88812914468399,7
2303893,9.71145553965561,15
2303903,9.811119418165918,10
2303923,9.596205279462811,20
2303934,9.74737149567431,11
2303947,9.729921216547693,13
2303958,9.750806549116719,11
2303966,9.838962452826172,8
2303981,9.638873503741916,15
2303984,9.968033889616132,3
2303985,10.0,1
2303986,10.0,1
2303996,9.783957345495082,10
2304009,9.795378500831099,13
2304026,9.542173408016634,17
2304037,9.780730753711739,11
2304039,9.98191853450936,2
2304046,9.860510724449258,7
2304057,9.760306678275086,11
2304068,9.756399034738125,11
2304082,9.721281548824901,14
2304091,9.815756928463173,9
2304102,9.804006648122389,11
2304104,9.96968653646294,2
2304114,9.819952756334896,10
2304128,9.676333248180708,14
2304142,9.689203756745016,14
2304149,9.856945032230572,7
2304157,9.846861650861841,8
2304158,10.0,1
2304165,9.871093819054208,7
2304170,9.914403314261941,5
2304183,9.726139315040587,13
2304186,9.95581270734241,3
2304198,9.72869010919779,12
2304208,9.769118737672438,10
2304221,9.74039783123337,13
2304229,9.867835347984563,8
2304232,9.949411035592485,3
2304235,9.964750955362078,3
2304247,9.76970610424133,12
2304318,7.43816249504364,71
2304322,9.93208950992055,4
2304330,9.816095245298548,8
2304333,9.968279176936326,3
2304346,9.701054248432115,13
2304358,9.555294142733405,12
2304361,9.96077419176465,3
2304362,10.0,1
2304365,9.947767192211495,3
2304368,9.949498306352467,3
2304378,9.800024480066996,10
2304382,9.925713734298444,4
2304395,9.7082758078,13
2304398,9.968437770674072,3
2304399,9.987868761460593,1
2304414,9.672949225350019,15
2304423,9.863342676212268,9
2304434,9.81533624315448,11
2304437,9.965699233325436,3
2304445,9.858217597458253,8
2304459,9.662236499671893,14
2304470,9.79293111669643,11
2304471,10.0,1
2304486,9.672827539501034,15
2304489,9.963287904230702,3
2304499,9.801703395337137,10
2304507,9.855377375230702,8
2304520,9.724105945204267,13
2304524,9.934298117345643,4
2304533,9.82743572155191,9
2304540,9.875330250562323,7
2304551,9.75449188673965,11
2304564,9.733031780640978,13
2304579,9.657690281107369,15
2304585,9.88539225656805,6
2304592,9.875636322063723,7
2304598,9.905261535520445,6
2304611,9.71649340309651,13
2304618,9.86918795911703,7
2304635,9.602783205112416,17
2304636,9.9890428877825,1
2304641,9.921689984329198,5
2304660,9.531859132806542,19
2304668,9.82659259462854,8
2304679,9.777903373665366,11
2304687,9.871281148124474,8
2304700,9.74344327562899,13
2304713,9.719314433457322,13
2304725,9.757304300410478,12
2304743,9.56232257149213,18
2304753,9.810648192766205,10
2304771,9.653123803710299,18
2304775,9.950404782179382,4
2304786,9.773566968729662,11
2304796,9.801128078264703,10
2304804,9.866608827558837,8
2304815,9.771456992061424,11
2304824,9.827795724309507,9
2304839,9.671058095099234,15
2304847,9.836942487131012,8
2304856,9.806517652694518,9
2304870,9.7188608010368,14
2304881,9.769152476887292,11
2304895,9.686158432396626,14
2304900,9.934042709601895,5
2304914,9.739723876014788,14
2304919,9.915388200044065,5
2304931,9.781257460120699,12
2304937,9.90456009350354,6
2304945,9.834174514551306,8
2304950,9.912593052019314,5
2304957,9.856347254536006,7
2304976,9.623884734744218,19
2304991,9.67133600802812,15
2305008,9.662059172706087,17
2305016,9.83630962686188,8
2305027,9.76246338670472,11
2305036,9.822103171350383,9
2305043,9.869231138297945,7
2305058,9.680055184789518,15
2305071,9.738600702147775,13
2305086,9.637557848251584,15
2305087,10.0,1
2305095,9.839966016667459,8
2305098,9.955234716639124,3
2305103,9.907722048150012,5
2305114,9.797363265833235,11
2305120,9.898018182448663,6
2305121,9.987201288065677,1
2305129,9.845939231739845,8
2305145,9.662518090770595,16
2305153,9.830287147082705,8
2305169,9.667689144368673,16
2305176,9.875617525187929,7
2305195,9.578245131662845,19
2305196,10.0,1
2305197,10.0,1
2305203,9.876882637691986,6
2305226,9.498694283289389,23
2305242,9.631914064482308,16
2305261,9.618060666116016,19
2305269,9.86809926542712,8
2305270,10.0,1
2305280,9.822692876134509,10
2305293,9.768642524819365,13
2305294,10.0,1
2305307,9.694661743611883,13
2305312,9.912064729215922,5
2305316,9.9318045007923,4
2305317,10.0,1
2305328,9.727129698729353,11
2305340,9.754635999882218,12
2305348,9.83195609834372,8
2305352,9.936998820949565,4
2305358,9.877535127272742,6
2305364,9.917988028536827,6
2305373,9.783310922901839,9
2305379,9.912490577631761,6
2305380,10.0,1
2305388,9.834442334050305,8
2305398,9.782567598211125,10
2305399,9.988103467257158,1
2305406,9.86671943180941,7
2305416,9.78190089018088,10
2305417,9.993221581948172,1
2305428,9.788158180665679,11
2305432,9.931044589509597,4
2305436,9.95074914408048,4
2305447,9.799976180189091,11
2305451,9.942374890127601,4
2305465,9.675681134496541,14
2305467,9.975195563544345,2
2305472,9.918583252149626,5
2305486,9.693531735330158,14
2305493,9.87104750492458,7
2305509,9.633394745760627,16
2305519,9.814738153703123,10
2305534,9.648730624063113,15
2305536,9.984593742771498,2
2305543,9.887687642518824,7
2305554,9.57304437123026,11
2305565,9.57831894241077,11
2305572,9.880819456975347,7
2305575,9.950784650178957,3
2305582,9.890524142843375,7
2305590,9.854472966224636,8
2305601,9.753263756797985,11
2305611,9.774646564304687,10
2305625,9.70325382535063,14
2305629,9.948020313383573,4
2305634,9.905445834101902,5
2305651,9.617976897667395,17
2305654,9.95440540909236,3
2305660,9.8970262032755,6
2305664,9.950863009152576,4
2305674,9.820822798999034,10
2305691,9.640217439876544,17
2305704,9.761560792601196,13
2305716,9.737281344880872,12
2305731,9.68697619052657,15
2305737,9.396657087620046,6
2305742,9.911874243274367,5
2305751,9.858582934355352,9
2305757,9.898146546436942,6
2305767,9.818149387895174,10
2305777,9.786574780472325,10
2305780,9.961001214566272,3
2305788,9.849374259109123,8
2305796,9.858028311054465,8
2305807,9.758746805588732,11
2305824,9.590145017961389,17
2305831,9.877552097100367,7
2305844,9.701492435745502,13
2305852,9.880157205931203,8
2305857,9.916077042749883,5
2305858,10.0,1
2305859,10.0,1
2305869,9.814146593575272,10
2305874,9.910163566097307,5
2305878,9.947490936569961,4
2305884,9.920544539289706,6
2305886,9.975587334518565,2
2305888,9.973790632093202,2
2305894,9.9178371399405,6
2305909,9.709089155577988,15
2305916,9.878067423266344,7
2305927,9.753755449494607,11
2305942,9.6405951160748,15
2305956,9.699962725107202,14
2305968,9.758997727781296,12
2305974,9.907729994931195,6
2305975,10.0,1
2305979,9.938791499491796,4
2305984,9.908652377749211,5
2305992,9.849316448642915,8
2305997,9.924782296019124,5
2306013,9.678273765925155,16
2306028,9.6753543771055,15
2306040,9.771761660607854,12
2306050,9.82381126991123,10
2306051,10.0,1
2306067,9.665104839343936,16
2306081,9.725653989306261,14
2306082,10.0,1
2306083,9.996345661752274,1
2306101,9.569626797641241,18
2306113,9.780169214849833,12
2306137,9.483721916529422,24
2306144,9.905103014399467,7
2306154,9.795139452499516,10
2306161,9.854022433547705,7
2306174,9.763547609636996,13
2306178,9.926537109265798,4
2306188,9.775937221826585,10
2306195,9.869480736523766,7
2306206,9.638601291397151,11
2306209,9.954298475199773,3
2306210,10.0,1
2306211,9.992599842690623,1
2306218,9.868266364857503,7
2306227,9.843016275847726,9
2306234,9.882151311263925,7
2306235,10.0,1
2306248,9.75643124744144,13
2306259,9.791410889900169,11
2306263,9.943265476419079,4
2306270,9.886478056344346,7
2306288,9.535078161094166,18
2306300,9.732808463153946,12
2306304,9.931745930349734,4
2306315,9.77036220183775,11
2306330,9.644072553001072,15
2306333,9.96495141040925,3
2306342,9.818749906700251,9
2306351,9.81684401844833,9
2306365,9.68060769811258,14
2306366,9.996465027186508,1
2306367,10.0,1
2306370,9.951919139056132,3
2306381,9.803146270502342,11
2306395,9.67284778906342,14
2306402,9.893310261978991,7
2306415,9.761525607672809,13
2306418,9.958551848602061,3
2306420,9.973327209726929,2
2306432,9.754706285150437,12
2306443,9.82179421217518,11
2306462,9.558955291062214,19
2306467,9.92183187969974,5
2306468,10.0,1
2306475,9.882421913722016,7
2306476,10.0,1
2306488,9.722516464043789,12
2306490,9.976075646771347,2
2306497,9.86597425563911,7
2306507,9.782750080794797,10
2306516,9.831618116185137,9
2306524,9.847253232031973,8
2306532,9.846397431602552,8
2306540,9.848544399665219,8
2306546,9.893379571133025,6
2306557,9.76912350250218,11
2306567,9.805353419804096,10
2306581,9.717392392695192,14
2306588,9.87171171322526,7
2306596,9.840652262537944,8
2306600,9.930709925668435,4
2306610,9.788069416278272,10
2306624,9.662195386977677,14
2306638,9.668405318391383,14
2306655,9.579825316752679,17
2306661,9.895266388175843,6
2306674,9.013550834945871,13
2306685,9.816136350769494,11
2306695,9.78657456901145,10
2306710,9.657363035262284,15
2306722,9.756513937848757,12
2306736,9.703304879063056,14
2306739,9.964098530059367,3
2306744,9.914671239083486,5
2306753,9.813119275953657,9
2306769,9.636523855635684,16
2306782,9.71006108337841,13
2306789,9.874672758754642,7
2306790,10.0,1
2306793,9.95992052933554,3
2306803,9.810745045725305,10
2306829,9.397676334329372,26
2306840,9.753564102639224,11
2306847,9.852046308817801,7
2306861,9.725339894093738,14
2306870,9.836676067405019,9
2306881,9.783875406897902,11
2306896,9.660645641769136,15
2306907,9.755798552999867,11
2306910,9.966847086822215,3
2306928,9.588944282934152,18
2306932,9.93964271110219,4
2306942,9.818216953777947,10
2306950,9.84811128508546,8
2306964,9.704898838962167,14
2306977,9.701888254519947,13
2306994,9.292515841270406,17
2307005,9.76598799649035,11
2307009,9.940126682794673,4
2307010,10.0,1
2307018,9.845421809352706,8
2307024,9.906537149326525,6
2307025,10.0,1
2307037,9.781111552608573,12
2307047,9.817378291146552,10
2307057,9.787470827070981,10
2307063,9.893382147198324,6
2307073,9.774037325925741,10
2307074,10.0,1
2307084,9.760571503655346,10
2307096,9.728478238179044,12
2307102,9.909726655901522,6
2307110,9.846312888492697,8
2307124,9.690406359481454,14
2307128,9.946731281911639,4
2307133,9.910838361927986,5
2307142,9.821238418301432,9
2307151,9.817039740746669,9
2307152,9.996511113992035,1
2307154,9.985364314503824,2
2307161,9.862215047772352,7
2307163,9.974712081161849,2
2307182,9.036294444092244,19
2307188,9.900317472133477,6
2307195,9.86941898144011,7
2307205,9.809881716303861,10
2307208,9.950015393999784,3
2307219,9.78784455957274,11
2307220,10.0,1
2307222,9.979315429784096,2
2307225,9.95981048703974,3
2307230,9.924916845869664,5
2307234,9.951625450834683,4
2307238,9.933862740050985,4
2307240,9.981365481309652,2
2307248,9.855576399049683,8
2307256,9.849289323128435,8
2307271,9.665649286103616,15
2307287,9.644925026319234,16
2307294,9.870576576071524,7
2307305,9.783677869261226,11
2307320,9.716793128243063,15
2307328,9.864814446938952,8
2307336,9.87494729425833,8
2307346,9.784937070466636,10
2307351,9.930281536484257,5
2307362,9.781610617932884,11
2307370,9.840484762164596,8
2307371,9.987066208673333,1
2307378,9.876502360623801,7
2307385,9.867247008876028,7
2307386,10.0,1
2307400,9.687634953748773,14
2307413,9.771163151136335,13
2307424,9.777720762402785,11
2307435,9.75433513519042,11
2307447,9.750047792736543,12
2307453,9.907714692397823,6
2307461,9.86582642447592,8
2307473,9.750822866769752,12
2307485,9.746922216337083,12
2307490,9.928236566437166,5
2307491,10.0,1
2307496,9.908318690701664,5
2307504,9.858342747693037,8
2307507,9.953628749406729,3
2307529,9.461220510946594,22
2307540,9.784221205464645,11
2307548,9.8543843517945,8
2307549,10.0,1
2307555,9.89097386374617,6
2307559,9.936133398838544,4
2307572,9.715182315923162,13
2307582,9.799081485456652,10
2307602,9.444223141359943,20
2307603,10.0,1
2307613,9.797487001370323,10
2307615,9.975155267110148,2
2307634,9.571079182386738,19
2307635,10.0,1
2307640,9.910797269601858,5
2307644,9.930877227579222,4
2307652,9.839595963974814,8
2307657,9.93310377072307,5
2307663,9.896302843351776,6
2307664,10.0,1
2307667,9.956526991557753,3
2307683,9.63168902301185,16
2307692,9.818039014663212,9
2307700,9.846355285222831,8
2307701,10.0,1
2307708,9.881188985967581,7
2307715,9.863487244273104,7
2307731,9.61283804522734,16
2307741,9.825041084766694,10
2307749,9.816667516504797,8
2307765,9.656135253819823,16
2307768,9.956908838897835,3
2307769,10.0,1
2307778,9.817441057738561,9
2307789,9.770714605036758,11
2307802,9.703456629638598,13
2307812,9.811237654779617,10
2307817,9.934093654794651,5
2307828,9.752744243572744,11
2307835,9.845524227812566,7
2307846,9.80384989069783,11
2307851,9.905408473736498,5
2307864,9.709136290303206,13
2307865,10.0,1
2307878,9.70041652741288,13
2307889,9.766026560163759,11
2307896,9.578016567021475,7
2307897,10.0,1
2307905,9.862031815398502,8
2307919,9.70302877995354,14
2307935,9.661260236205276,16
2307941,9.890859094053651,6
2307952,9.758539255327772,11
2307955,9.954430011761309,3
2307973,9.612105411707121,18
2307979,9.893974129661038,6
2307989,9.805915436223087,10
2307997,9.851795735006323,8
2308001,9.947990484129868,4
2308016,9.743339852134014,15
2308025,9.80667623454247,9
2308029,9.924608575584976,4
2308031,9.686393191451307,2
2308038,9.759821103429562,7
2308039,10.0,1
2308047,9.855235074357191,8
2308055,9.845936888564157,8
2308066,9.780633816350358,11
2308080,9.719378407445799,14
2308081,10.0,1
2308091,9.777177477257815,10
2308101,9.789723011733487,10
2308110,9.813052885903854,9
2308128,9.618729888199798,18
2308138,9.798300493832944,10
2308149,9.803457402796166,11
2308151,9.98399921321131,2
2308155,9.939082372887247,4
2308156,10.0,1
2308163,9.873405993033508,7
2308167,9.928877270082374,4
2308168,10.0,1
2308177,9.822424393104518,9
2308202,9.279809625809206,25
2308209,9.871079698814878,7
2308223,9.679596967767383,14
2308260,8.7749706661658,37
2308272,9.737577783625188,12
2308288,9.658260210614326,16
2308290,9.973194652292165,2
2308301,9.75550282607845,11
2308309,9.83765152348132,8
2308316,9.857529626765709,7
2308335,9.587492787021558,19
2308350,9.695666266935756,15
2308359,9.837701795892407,9
2308370,9.756852717003119,11
2308382,9.73675855638218,12
2308396,9.718661742371255,14
2308411,9.685113646896136,15
2308425,9.693716042550022,14
2308431,9.897823825487059,6
2308443,9.745764559220891,12
2308455,9.749357182329671,12
2308463,9.84529747563237,8
2308466,9.962186948567528,3
2308470,9.947553374398368,4
2308475,9.93053798769646,5
2308482,9.88158040501293,7
2308489,9.863105493170105,7
2308495,9.910025826525503,6
2308496,10.0,1
2308497,9.988413252753332,1
2308502,9.91734503500011,5
2308514,9.766341541762177,12
2308521,9.880955081083483,7
2308532,9.76783858801827,11
2308549,9.636090549590037,17
2308557,9.861676544848661,8
2308570,9.746766013183468,13
2308590,9.656591972827844,20
2308600,9.8189931907354,10
2308609,9.81949774147745,9
2308612,9.953682949146328,3
2308618,9.901835315258056,6
2308631,9.755393815444362,13
2308636,9.929799229331733,5
2308640,9.926994385301105,4
2308648,9.833109261958393,8
2308651,9.96635279962298,3
2308668,9.630147846034587,17
2308680,9.783402407891305,12
2308694,9.731983105304286,14
2308698,9.923704736323193,4
2308709,9.774267034946995,11
2308714,9.930486312850283,5
2308721,9.884581881169796,7
2308728,9.881867848650941,7
2308749,9.519395278982044,21
2308766,9.59917666649911,17
2308767,10.0,1
2308776,9.785022689963805,9
2308791,9.696231575582253,15
2308797,9.884333699656393,6
2308804,9.867485189450944,7
2308812,9.855160608568477,8
2308824,9.719228895703534,12
2308832,9.840586060180888,8
2308839,9.88521895771994,7
2308851,9.777999997089863,12
2308852,10.0,1
2308869,9.61488783359845,17
2308878,9.818333443657703,9
2308885,9.859805592085612,7
2308894,9.820090867422353,9
2308900,9.888023103623803,6
2308909,9.82318192189481,9
2308915,9.879924428817267,6
2308922,9.859766108541725,7
2308927,9.9162962333166,5
2308937,9.830904529527068,10
2308940,9.9602353494928,3
2308950,9.805489874598823,10
2308963,9.718130183857987,13
2308975,9.717024308409554,12
2308989,9.67869626127234,14
2308999,9.784073698888815,10
2309000,10.0,1
2309004,9.925913848669653,4
2309017,9.71699639947751,13
2309026,9.810526517024083,9
2309042,9.632037426142924,16
2309043,10.0,1
2309054,9.789920591112557,11
2309068,9.661551399028466,14
2309080,9.739688293860894,12
2309101,9.556350594989995,21
2309105,9.939557084267063,4
2309121,9.604750276021749,16
2309128,9.874656989888171,7
2309133,9.926190489206464,5
2309151,9.626430806308868,18
2309152,10.0,1
2309161,9.826151924035544,9
2309162,10.0,1
2309165,9.948325823369466,3
2309167,9.979115876692521,2
2309177,9.78567899416408,10
2309192,9.656254078441577,15
2309201,9.798047429316881,9
2309206,9.91038288392474,5
2309210,9.929396660743517,4
2309212,9.979472877490316,2
2309222,9.799592706561494,10
2309228,9.888835970453682,6
2309238,9.762927924289924,10
2309244,9.904146969078385,6
2309249,9.90822648655876,5
2309258,9.825784671466662,9
2309270,9.744395725570117,12
2309271,9.993164204809787,1
2309280,9.814980679743018,9
2309284,9.930549223904746,4
2309288,9.94893964147057,4
2309301,9.707518731730367,13
2309316,9.683659293579273,15
2309321,9.92293664911753,5
2309328,9.884223378016545,7
2309331,9.95581310833362,3
2309344,9.754402966364475,13
2309359,9.696626459768497,15
2309363,9.942568084195178,4
2309372,9.804187088598436,9
2309381,9.834909808672906,9
2309391,9.773468699219942,10
2309395,9.938175678207815,4
2309400,9.924823893646723,5
2309412,9.788585688475747,12
2309421,9.826083702960535,9
2309424,9.951308470008147,3
2309434,9.802277275715028,10
2309441,9.883192727058331,7
2309453,9.772445531934443,12
2309477,9.55361249144784,24
2309483,9.89288182729657,6
2309495,9.751317261770506,12
2309508,9.741912049305958,13
2309510,9.572950618864796,2
2309518,9.747980998489725,8
2309525,9.862864666555812,7
2309532,9.865396750605445,7
2309545,9.683838752533811,13
2309548,9.954261523878671,3
2309565,9.6635728274998,17
2309571,9.890769557477753,6
2309578,9.88835777015409,7
2309583,9.909796448881558,5
2309589,9.90015129580334,6
2309597,9.833375849279593,8
2309602,9.9095735871398,5
2309603,10.0,1
2309618,9.659155093971885,15
2309622,9.94646925573028,4
2309623,10.0,1
2309630,9.870951221356618,7
2309639,9.811650417300132,9
2309648,9.833060411179456,9
2309659,9.80943500970797,11
2309667,9.842863448483136,8
2309677,9.800396074259123,10
2309693,9.655682413459202,16
2309700,9.876339597891342,7
2309713,9.748570360529465,13
2309717,9.938586190968387,4
2309722,9.919170644507396,5
2309732,9.796781313204017,10
2309741,9.809525331716811,9
2309757,9.632110544994033,16
2309762,9.918304252992824,5
2309766,9.926497822035884,4
2309777,9.759018224680585,11
2309786,9.830807789431676,9
2309806,9.585607052835107,20
2309810,9.948007745285196,4
2309815,9.917143426024957,5
2309825,9.586499700554723,10
2309832,9.872538091752283,7
2309833,10.0,1
2309845,9.734457685941186,12
2309847,9.983404154143777,2
2309850,9.962567593352388,3
2309865,9.706054964674458,15
2309875,9.798892138817438,10
2309883,9.87643956273068,8
2309891,9.848204784495376,8
2309901,9.790421082022599,10
2309917,9.6588545531667,16
2309930,9.704589742972624,13
2309937,9.856343948913864,7
2309944,9.886680128772847,7
2309952,9.856592852534746,8
2309957,9.93025172257408,5
2309965,9.833116385312724,8
2309966,10.0,1
2309975,9.828927863696608,9
2309983,9.860103480595583,8
2309986,9.955309300853655,3
2310008,9.458156647412768,22
2310012,9.936764839744457,4
2310017,9.908981650903664,5
2310018,10.0,1
2310026,9.851465971537099,8
2310040,9.708373161941184,14
2310046,9.916364021405606,6
2310052,9.892620669997221,6
2310074,9.5557001135025,22
2310080,9.89606131183218,6
2310083,9.95101980302567,3
2310099,9.614604075488655,16
2310107,9.859881037335077,8
2310120,9.707158610917654,13
2310134,9.685179836772,14
2310135,10.0,1
2310144,9.848864083903067,9
2310153,9.831393105883238,9
2310163,9.782558285771458,10
2310174,9.685034192304155,11
2310183,9.824614118289645,9
2310200,9.644723614167903,17
2310204,9.942786155241,4
2310217,9.760446500633453,13
2310231,9.731646528971016,14
2310238,9.889607457549976,7
2310246,9.84039654846742,8
2310254,9.83877559352148,8
2310269,9.707457203341889,15
2310279,9.79755315803072,10
2310291,9.733069761248718,12
2310296,9.905842059421323,5
2310309,9.732213555646071,13
2310321,9.76451106040867,12
2310323,9.979739785576125,2
2310339,9.662702082804321,16
2310346,9.880983940699826,7
2310357,9.769240310761912,11
2310363,9.901195767945714,6
2310364,9.992660655724844,1
2310366,9.983394791504102,2
2310380,9.690137194664127,14
2310383,9.960410253764154,3
2310389,9.887389309688203,6
2310403,9.692300386082081,14
2310411,9.839037869741619,8
2310421,9.788164833875735,10
2310431,9.822258401805266,10
2310432,9.992820631477088,1
2310442,9.811545094247416,10
2310443,10.0,1
2310444,9.995774514196446,1
2310456,9.734596702243843,12
2310468,9.770648777302954,12
2310478,9.818084247262053,10
2310487,9.82257065038635,9
2310491,9.950182613556235,4
2310502,9.785885266246233,11
2310508,9.905667961188678,6
2310519,9.801249170217258,11
2310525,9.875228479462857,6
2310531,9.88314755411396,6
2310542,9.758439069052141,11
2310555,9.566668591014693,13
2310566,9.749683029602556,11
2310575,9.808727759374724,9
2310579,9.921058935829759,4
2310584,9.931500665941003,5
2310589,9.91017956329145,5
2310596,9.857789099249695,7
2310608,9.758059110470775,12
2310611,9.96316640157483,3
2310616,9.925724780061367,5
2310621,9.920826531183849,5
2310629,9.835600495422797,8
2310637,9.868420056271665,8
2310649,9.75359086826243,12
2310663,9.69727494822576,14
2310670,9.873170772034108,7
2310682,9.677767287692472,12
2310693,9.75323400508478,11
2310697,9.941994289687008,4
2310708,9.756895036831997,11
2310709,10.0,1
2310721,9.75203085681747,12
2310735,9.692578488214926,14
2310736,10.0,1
2310756,8.994749301151376,20
2310769,9.746770567700088,13
2310781,9.738338312239096,12
2310790,9.836954092215212,9
2310791,9.98854401912963,1
2310844,8.869723535534384,53
2310860,9.636976109312412,16
2310866,9.900470061834731,6
2310867,10.0,1
2310875,9.837754891313681,8
2310886,9.77982490279665,11
2310893,9.863191925540123,7
2310903,9.786590438008531,10
2310907,9.945717064838375,4
2310916,9.844927982629802,9
2310917,9.996765604398137,1
2310926,9.808602445952062,9
2310934,9.84448525125427,8
2310961,9.478277786393571,27
2310967,9.8877807912039,6
2310968,10.0,1
2310973,9.940162502511093,5
2310983,9.783647873171772,10
2311006,9.528447522924814,23
2311019,9.77400570335543,13
2311037,9.681920379369556,18
2311050,9.683181315071543,13
2311059,9.797191677093029,9
2311063,9.950697310507056,4
2311089,9.482645083764424,26
2311100,9.775601572588528,11
2311116,9.651619610796557,16
2311131,9.730515468892188,15
2311139,9.854765438852164,8
2311143,9.95602882696774,4
2311153,9.783522497866839,10
2311161,9.846515155436615,8
2311172,9.774874531292003,11
2311175,9.950723704029853,3
2311184,9.821866459756118,9
2311195,9.7658398157575,11
2311204,9.831892313314569,9
2311207,9.960554206476589,3
2311214,9.878693808980186,7
2311222,9.854259949784995,8
2311234,9.71962556294944,12
2311251,9.628999732824377,17
2311258,9.897302435478121,7
2311270,9.70230881486032,12
2311279,9.803447897307436,9
2311286,9.878310723648202,7
2311296,9.771315300611363,10
2311311,9.710790671515571,15
2311320,9.819795674840533,9
2311325,9.916875762656963,5
2311333,9.841693942062989,8
2311338,9.916410323509394,5
2311349,9.775062813418108,11
2311363,9.706938807297869,14
2311370,9.873866232333855,7
2311376,9.886404707985253,6
2311395,9.345819063669897,19
2311404,9.851044943925707,9
2311411,9.85602234285235,7
2311419,9.826119637388931,8
2311426,9.885101026570423,7
2311429,9.958891941634857,3
2311430,10.0,1
2311441,9.809615898374952,11
2311442,10.0,1
2311451,9.813065202270828,9
2311452,10.0,1
2311470,9.624866255627014,18
2311486,9.638603049016181,16
2311506,9.603404681785722,20
2311511,9.92205447351539,5
2311512,9.996593743662222,1
2311526,9.718030229642322,14
2311534,9.857868883635115,8
2311543,9.825852433124153,9
2311551,9.835170735191152,8
2311556,9.917667226515597,5
2311568,9.719123217873557,12
2311583,9.673372928269911,15
2311591,9.841530081440979,8
2311600,9.87220414989991,9
2311631,9.35966823894912,31
2311636,9.916899014776295,5
2311652,9.625461431728747,16
2311666,9.709302573938535,14
2311681,9.710092215696601,15
2311699,9.578488024471467,18
2311703,9.952163888976902,4
2311707,9.94626369090511,4
2311726,9.647224567273879,19
2311739,9.736444585158138,13
2311750,9.78000782972188,11
2311759,9.849272555252652,9
2311760,10.0,1
2311768,9.832262614619909,8
2311783,9.694374086479499,15
2311796,9.628312944230007,13
2311803,9.682488520241144,7
2311814,9.756461427142924,11
2311829,9.66350649932647,15
2311844,9.679978224776807,15
2311853,9.83554380567459,9
2311865,9.751148776789806,12
2311877,9.731527198588296,12
2311880,9.947695090508716,3
2311888,9.865030277047907,8
2311894,9.891752041586528,6
2311902,9.853546337223797,8
2311913,9.65761171539915,11
2311923,9.804961278270262,10
2311932,9.843316168673319,9
2311938,9.889206692980125,6
2311939,9.988322156501036,1
2311949,9.821080428616098,10
2311966,9.629590531928766,17
2311977,9.775650536841043,11
2311982,9.912634069969062,5
2311989,9.881438250759972,7
2311995,9.899678970446397,6
2312004,9.85422950606995,9
2312017,9.742058581957117,13
2312022,9.920521011094346,5
2312031,9.822963527582708,9
2312034,9.967579178799307,3
2312051,9.584481347921912,17
2312063,9.760152560613655,12
2312073,9.799749618889237,10
2312082,9.81537284162814,9
2312094,9.771224410608635,12
2312100,9.876362519086978,6
2312106,9.90104409823526,6
2312117,9.759931912654725,11
2312126,9.805055067113763,9
2312138,9.727275489079764,12
2312147,9.798845170599188,9
2312150,9.955561068837842,3
2312161,9.79219503296243,11
2312182,9.470122245182017,21
2312190,9.835613020248138,8
2312196,9.905801427567738,6
2312206,9.772195704813932,10
2312214,9.855680195662867,8
2312217,9.950332378708294,3
2312225,9.845930317346214,8
2312239,9.658220258301437,14
2312247,9.852312018756331,8
2312257,9.775169742150634,10
2312283,3.9926728985116293,26
2312288,9.916625496193952,5
2312300,9.731833190238504,12
2312307,9.854889622751234,7
2312320,9.699852627087736,13
2312328,9.771934187619074,8
2312340,9.743337941089015,12
2312348,9.84369922238187,8
2312350,9.971407918276237,2
2312364,9.692646068101265,14
2312371,9.880447614088071,7
2312379,9.86721135502179,8
2312380,10.0,1
2312393,9.707781154672162,13
2312403,9.81129475244725,10
2312414,9.801011800630324,11
2312421,9.86219904921959,7
2312425,9.923652152493432,4
2312431,9.906107476115695,6
2312447,9.689819879839757,16
2312465,9.656183811446526,18
2312471,9.872695397530073,6
2312483,9.76244402327806,12
2312489,9.921635865095661,6
2312490,10.0,1
2312499,9.802200276842171,9
2312514,9.672172494775209,15
2312535,9.287838419599897,21
2312546,9.799004910457409,11
2312562,9.636202425263615,16
2312575,9.695223916074367,13
2312576,10.0,1
2312590,9.685815186532116,14
2312596,9.902249085035892,6
2312599,9.952966681303383,3
2312609,9.784688678914648,10
2312619,9.803905361899862,10
2312629,9.779243902686565,10
2312632,9.967748965398659,3
2312652,9.59031463527062,20
2312658,9.911268979494938,6
2312665,9.862081709302396,7
2312673,9.82959703790448,8
2312685,9.788551157656322,12
2312705,6.984960693083837,20
2312728,8.735019832491997,23
2312734,9.886359237082242,6
2312738,9.940866597043335,4
2312751,9.706047655369957,13
2312752,10.0,1
2312758,9.907197650721129,6
2312764,9.897304074569506,6
2312771,9.88378530010547,7
2312783,9.716731697547663,12
2312784,10.0,1
2312788,9.940675707586026,4
2312795,9.77632524163355,7
2312799,9.930874019199754,4
2312817,9.583797745949376,18
2312818,10.0,1
2312826,9.849660952587927,8
2312841,9.694892512157525,15
2312842,10.0,1
2312855,9.72255023189529,13
2312860,9.927556678940585,5
2312870,9.780178602864547,10
2312879,9.822144807871405,9
2312892,9.73077562543075,13
2312901,9.8247235170624,9
2312914,9.714806973608804,13
2312915,10.0,1
2312927,9.743670131599442,12
2312930,9.960502769658484,3
2312936,9.906073253992686,6
2312948,9.748586771979014,12
2312962,9.72775006761007,14
2312967,9.928867795297913,5
2312978,9.80574502643502,11
2312982,9.933764566520395,4
2312990,9.863909087395559,8
2313001,9.752472271133025,11
2313002,10.0,1
2313007,9.924928821428894,5
2313020,9.68862518883652,13
2313032,9.732821643343417,12
2313038,9.884005960435127,6
2313040,9.974212994080673,2
2313050,9.777729899585603,10
2313056,9.898236537856192,6
2313066,9.793196390638437,10
2313070,9.934345490536632,4
2313078,9.836698705153108,8
2313087,9.809227221519809,9
2313090,9.957269478987044,3
2313109,9.595168650482014,19
2313119,9.79366387464048,10
2313120,9.996184607291259,1
2313126,9.908768633826046,6
2313132,9.891226286320453,6
2313142,9.787551395860817,10
2313143,10.0,1
2313154,9.759332106129216,11
2313159,9.918682461388162,5
2313170,9.803510245735607,11
2313185,9.663742818822238,15
2313189,9.936483374732706,4
2313195,9.903940870730409,6
2313196,10.0,1
2313201,9.909231324738684,5
2313223,9.534187913094167,22
2313239,9.65768193961873,16
2313257,9.577575493882934,18
2313262,9.924304624379316,5
2313271,9.821754565190302,9
2313277,9.884526936780311,6
2313289,9.745163722088002,12
2313299,9.788308467488738,10
2313307,9.838229520812037,8
2313316,9.799899316535186,9
2313322,9.879466523738316,6
2313333,9.781458382874836,11
2313337,9.93111098130102,4
2313339,9.979043643047866,2
2313352,9.717551943393605,13
2313353,10.0,1
2313359,9.902564483944108,6
2313366,9.881505552217515,7
2313372,9.876960488458893,6
2313382,9.769468027362127,10
2313394,9.711503106502825,12
2313403,9.843197701587162,9
2313410,9.885825981993756,7
2313414,9.936900266873057,4
2313422,9.871257201603997,8
2313426,9.93109935070648,4
2313427,10.0,1
2313436,9.810767189816241,9
2313440,9.943776030675172,4
2313452,9.716666570718788,12
2313459,9.878415990136801,7
2313460,9.996529343809021,1
2313466,9.688762898880634,6
2313477,9.752224727316795,11
2313488,9.84564708517404,11
2313508,9.63975777594028,20
2313517,9.854284334639623,9
2313537,9.569976709076101,20
2313555,9.642995172934588,18
2313569,9.70926128504852,14
2313581,9.796136419383904,12
2313586,9.92924787998623,5
2313596,9.823642443503998,10
2313609,9.738045799527049,13
2313610,10.0,1
2313620,9.838247674469232,10
2313639,9.602676249121023,19
2313652,9.731545077832173,13
2313660,9.848483481432485,8
2313666,9.894300861471137,6
2313675,9.812805770482452,9
2313681,9.898120091315196,6
2313682,9.993337189021288,1
2313690,9.874983474059395,8
2313707,9.587004395683415,17
2313725,9.123008347274052,18
2313733,9.833311582772163,8
2313738,9.928759080360523,5
2313749,9.808480336842939,11
2313750,10.0,1
2313757,9.856561586261504,7
2313767,9.790341549670035,10
2313794,9.326689073497347,27
2313801,9.85414140382276,7
2313818,9.611928544306524,17
2313826,9.856462158509816,8
2313841,9.440747119426147,15
2313856,9.685118029426455,15
2313882,9.451162882809598,26
2313887,9.924560007971703,5
2313894,9.881655708852847,7
2313901,9.858866736933058,7
2313913,9.72544821512575,12
2313926,9.708645321815712,13
2313939,9.73574077404903,13
2313951,9.790550568938906,12
2313956,9.917839965777564,5
2313967,9.767523276647701,11
2313989,8.827416757129035,22
2314002,9.72595899789482,13
2314012,9.775870553770371,10
2314027,9.575937321649947,15
2314036,9.822178846817666,9
2314049,9.727333232977395,13
2314059,9.838826905987773,10
2314067,9.840686796414115,8
2314078,9.799447654905856,11
2314086,9.838342631195895,8
2314090,9.941073221653062,4
2314100,9.819754365049839,10
2314109,9.832977211513413,9
2314110,10.0,1
2314112,9.979073858097209,2
2314117,9.897497457213186,5
2314128,9.778657894104077,11
2314145,9.614895729336492,17
2314158,9.685315161946416,13
2314172,9.656707189227989,14
2314177,9.905612833007496,5
2314186,9.824914017233626,9
2314203,9.680555718759404,17
2314214,9.750211987586471,11
2314224,9.78007812961928,10
2314234,9.779765206663717,10
2314243,9.608229527326408,9
2314250,9.870808933808277,7
2314252,9.978315096713589,2
2314261,9.848678588014044,9
2314262,10.0,1
2314272,9.782736213964245,10
2314273,10.0,1
2314286,9.706634610119243,13
2314287,10.0,1
2314293,9.890300010018686,6
2314302,9.8202799099136,9
2314317,9.647009006980248,15
2314325,9.849717416774604,8
2314335,9.789979912872168,10
2314337,9.972781851509476,2
2314348,9.763066964338645,11
2314361,9.09298329001766,13
2314372,9.767528963135218,11
2314381,9.82544214240331,9
2314385,9.937625558359567,4
2314386,10.0,1
2314395,9.823658990543484,9
2314408,9.718231180443606,13
2314422,9.68911022241566,14
2314433,9.768504245198384,11
2314435,9.968902161290835,2
2314438,9.95875560966436,3
2314444,9.88425213735068,6
2314452,9.828078710237566,8
2314486,-0.3073260862747951,34
2314494,9.83246898504713,8
2314529,9.317348596050842,35
2314550,9.508150257947623,21
2314563,9.706505072794753,13
2314569,9.880609376646849,6
2314575,9.910721493560063,6
2314582,9.861440603847479,7
2314596,9.684286243642388,14
2314610,9.672318919396876,14
2314626,9.622925375867942,16
2314642,9.67342489269117,16
2314643,10.0,1
2314658,9.734621701918659,15
2314663,9.912432935885676,5
2314674,9.775998817468292,11
2314689,9.69144183672406,15
2314696,9.881142630291018,7
2314697,10.0,1
2314701,9.950678335751734,4
2314718,9.605898933915286,17
2314733,9.675443992927935,15
2314739,9.873979907633814,6
2314756,9.618029557627413,17
2314768,9.779583527166041,12
2314781,9.700665358898783,13
2314787,9.879714987473427,6
2314792,9.92801794156148,5
2314798,9.886070291812498,6
2314800,9.971778369371485,2
2314810,9.802391303269326,10
2314815,9.906101981510888,5
2314818,9.965004503583119,3
2314832,9.648180377230512,14
2314838,9.886976850854719,6
2314839,10.0,1
2314840,10.0,1
2314852,9.745733232078502,12
2314860,9.832231180623568,8
2314869,9.800319901660169,9
2314885,9.62699729650599,16
2314896,9.752019075496008,11
2314899,9.956903933686172,3
2314909,9.800163324600977,10
2314923,9.680738761895626,14
2314934,9.758838957002402,11
2314939,9.930341057533495,5
2314947,9.835536728379923,8
2314953,9.876145501484613,6
2314967,9.762811105790075,14
2314970,9.964567556995664,3
2314971,9.99270050276939,1
2314981,9.793104087020986,10
2314989,9.84578824419685,8
2315017,9.51515522210029,28
2315023,9.903387999212303,6
2315032,9.802239636587117,9
2315036,9.93346485471943,4
2315043,9.86259167812161,7
2315057,9.680363227959312,14
2315066,9.833046350933696,9
2315070,9.943117926006934,4
2315073,9.955045780224815,3
2315082,9.823098782546383,9
2315093,9.766534770584549,11
2315108,9.658806614073272,15
2315237,0.5674080944381021,129
2315245,9.857971306580625,8
2315246,10.0,1
2315255,9.831391455377341,9
2315256,10.0,1
2315268,9.75179653065399,12
2315272,9.944377131177937,4
2315279,9.864916947561456,7
2315284,9.928522918650122,5
2315294,9.799442330641527,10
2315296,9.984583178911961,2
2315304,9.857243298634145,8
2315314,9.767733943778813,10
2315324,9.783812418234897,10
2315332,9.858591589024755,8
2315339,9.852912383456973,7
2315346,9.88462524546268,7
2315359,9.7015902548585,13
2315366,9.852206323219804,7
2315376,9.786990945362044,10
2315382,9.896603763798884,6
2315393,9.769814384295804,11
2315401,9.851411079562283,8
2315410,9.844042247557455,9
2315411,10.0,1
2315416,9.901592177103296,5
2315424,9.858501500091538,8
2315431,9.844456483285969,7
2315432,9.99216288433084,1
2315445,9.767185615067472,13
2315447,9.971679764502923,2
2315453,9.903167308981823,6
2315458,9.91376850133388,5
2315461,9.96278753082291,3
2315470,9.860877933210734,9
2315480,9.811870352970065,10
2315482,9.9774292161422,2
2315488,9.880877212417907,6
2315497,9.839261083675966,9
2315500,9.969695746578639,3
2315507,9.895700581761792,7
2315508,10.0,1
2315516,9.862822742156885,8
2315520,9.939319636803631,4
2315530,9.785212896716432,10
2315540,9.759681446381126,10
2315556,9.637590804390788,16
2315567,9.757201105776065,11
2315579,9.777822988590675,12
2315580,10.0,1
2315586,9.923590117109384,6
2315590,9.950028447909915,4
2315599,9.851445643772484,9
2315611,9.751110860284372,12
2315623,9.736710990954155,12
2315642,9.58952417164846,19
2315646,9.941893744065078,4
2315651,9.919120027812133,5
2315666,9.660489449417623,15
2315675,9.810429302596411,9
2315685,9.78350436078828,10
2315696,9.763169172672661,11
2315705,9.797496306472603,9
2315715,9.811258298578224,10
2315729,9.67503965945829,14
2315746,9.629930085770916,17
2315753,9.889941506207885,7
2315770,9.622551778494275,17
2315773,9.969002670335403,3
2315784,9.762990390379976,11
2315796,9.758960329431256,12
2315802,9.893886778030561,6
2315805,9.955960052961442,3
2315817,9.746295370919787,12
2315829,9.74098028909867,12
2315839,9.778040790184631,10
2315843,9.949920458405202,4
2315859,9.68637223676309,16
2315873,9.745019337387674,14
2315874,10.0,1
2315892,9.639867958809532,18
2315900,9.834735989560148,8
2315910,9.592547512618587,10
2315914,9.948443339504768,4
2315921,9.8885928784528,7
2315942,9.56247224394982,21
2315947,9.925543313482493,5
2315951,9.940691445172584,4
2315961,9.811717287689104,10
2315970,9.837382838263435,9
2315980,9.79112331252534,10
2315996,9.673687540728514,16
2316008,9.727498881486213,12
2316011,9.948036110052877,3
2316020,9.84456848357271,9
2316025,9.924095069148525,5
2316032,9.875306937266386,7
2316038,9.890198637302543,6
2316048,9.793080470651555,10
2316058,9.78302799333395,10
2316072,9.71150505633718,14
2316097,9.461910130027013,25
2316102,9.919051768534409,5
2316110,9.85883747039417,8
2316119,9.811442874180406,9
2316120,10.0,1
2316134,9.691453569457778,14
2316140,9.895914859808148,6
2316141,10.0,1
2316151,9.790736532331916,10
2316154,9.966041504065812,3
2316166,9.752051470032908,12
2316175,9.807386505437108,9
2316178,9.967073911307622,3
2316193,9.689741273355121,15
2316194,10.0,1
2316203,9.822557137126452,9
2316205,9.9768982275348,2
2316217,9.731392568683134,12
2316242,9.398309880325298,25
2316246,9.94505043722236,4
2316258,9.736989321514953,12
2316271,9.734067016511462,13
2316274,9.963844618393502,3
2316277,9.952063715308025,3
2316281,9.936012961854292,4
2316290,9.799984117920177,9
2316297,9.87000814183987,7
2316310,9.76606459867196,13
2316319,9.83164654749874,9
2316334,9.706892651983212,15
2316344,9.538615043138476,10
2316352,9.8582371840936,8
2316363,9.731939187172342,11
2316364,10.0,1
2316367,9.9572378839344,3
2316387,9.52734868193042,20
2316397,9.838333363648596,10
2316409,9.771737105801904,12
2316418,9.83033562954311,9
2316429,9.771414409285375,11
2316431,9.970401755379205,2
2316438,9.854218675335243,7
2316449,9.76163740477555,11
2316450,10.0,1
2316451,10.0,1
2316464,9.699527689568923,13
2316470,9.894754466078044,6
2316481,9.787792824365859,11
2316494,9.692718754396926,13
2316499,9.911414901721976,5
2316506,9.875587343783478,7
2316516,9.763653638374231,10
2316529,9.711831561011422,13
2316537,9.844383677675129,8
2316548,9.785809087578768,11
2316557,9.823522234230122,9
2316558,10.0,1
2316570,9.782722407412939,12
2316582,9.748928054676606,12
2316592,9.79124666765503,10
2316598,9.906521089326468,6
2316609,9.778806797844492,11
2316622,9.721193764703923,13
2316633,9.805314684250376,11
2316642,9.807841830067337,9
2316643,9.996636191900533,1
2316649,9.891647487555389,6
2316658,9.81983277926231,9
2316659,9.988396239570003,1
2316660,9.987407848178991,1
2316669,9.813019699230514,9
2316677,9.855085849772275,8
2316685,9.844746152266456,8
2316693,9.875664014335296,8
2316699,9.904089914959403,6
2316709,9.761615352424432,10
2316720,9.818950787965038,11
2316738,9.57697897662951,18
2316745,9.882276853571408,7
2316751,9.909861719496616,6
2316770,7.8762277556566715,19
2316775,9.926498299503846,5
2316784,9.854010075826515,9
2316785,10.0,1
2316790,9.901771010606167,5
2316798,9.850201680133274,8
2316812,9.698428354928733,14
2316829,9.675889096829676,17
2316837,9.860889736686493,8
2316849,9.729927558316497,12
2316867,9.616520226741034,18
2316868,10.0,1
2316881,9.778916322581154,13
2316893,9.718629051628426,12
2316908,9.669233330555636,15
2316920,9.768424547549916,12
2316927,9.887915978719445,7
2316929,9.97920757726439,2
2316941,9.749098447871427,12
2316942,10.0,1
2316947,9.91829257352382,5
2316962,9.550196647593104,15
2316968,9.893281377156088,6
2316976,9.868806371940094,8
2316990,9.712028262492192,14
2316999,9.851175025740543,9
2317003,9.938102992517912,4
2317015,9.754939939987915,12
2317019,9.936818598333971,4
2317029,9.80703455705149,10
2317045,9.65360220159107,16
2317052,9.898936931675694,7
2317062,9.819951692013513,10
2317066,9.932322345468554,4
2317068,9.877727301752726,2
2317069,9.996657806015795,1
2317078,9.823916939100014,9
2317092,9.67659222055548,14
2317096,9.94413816227184,4
2317113,9.633712757379998,17
2317124,9.75716176843625,11
2317131,9.901142022281292,7
2317141,9.79375836267309,10
2317155,9.72820261779644,14
2317156,10.0,1
2317163,9.870654537538513,7
2317178,9.733216005529162,15
2317190,9.740156429800763,12
2317201,9.79169625554494,11
2317211,9.840867436639023,10
2317222,9.781894380986886,11
2317234,9.752313760734854,12
2317240,9.896646027369634,6
2317248,9.835433568879603,8
2317259,9.761017851951738,11
2317269,9.815307429726511,10
2317280,9.744004646846184,11
2317296,9.65488608585475,16
2317305,9.850999835610047,9
2317312,9.880577523350118,7
2317812,-211.7809203438643,500
2317813,10.0,1
2317825,9.736485253514696,12
2317826,10.0,1
2317842,9.652124369180548,16
2317844,9.985136447700539,2
2317853,9.810863868259053,9
2317855,9.97206494675441,2
2317868,9.721806586000753,13
2317877,9.828710764943034,9
2317887,9.79107717184229,10
2317897,9.789441172854053,10
2317903,9.897361835387393,6
2317909,9.89738752228064,6
2317918,9.725257266494513,9
2317939,9.469943976561229,21
2317942,9.971819114656215,3
2317949,9.878240356556239,7
2317962,9.71419458449314,13
2317970,9.845409894571945,8
2317976,9.892563403292502,6
2317986,9.821676181460294,10
2317997,9.771114071699419,11
2318004,9.866564857965756,7
2318015,9.806160524027963,11
2318029,9.71692306033943,14
2318035,9.91472771066194,6
2318045,9.78194897989924,10
2318050,9.90815392051127,5
2318062,9.754379438630611,12
2318072,9.782220515083704,10
2318083,9.75165014568953,11
2318092,9.793058957405876,9
2318102,9.803782315064119,10
2318114,9.737284157141447,12
2318124,9.82002056995529,10
2318136,9.750985519716705,12
2318137,10.0,1
2318144,9.866870376616934,7
2318157,9.721128708261134,13
2318172,9.74659550051732,15
2318178,9.924833401231199,6
2318181,9.966345449471687,3
2318182,10.0,1
2318188,9.910109687640118,6
2318211,9.485145000577162,23
2318711,-16.301682105805977,500
2319211,-16.837380470484412,500
2319221,9.819597146952717,10
2319228,9.903421996637096,7
2319246,9.578536059405737,18
2319264,9.609705363473756,18
2319347,8.303236278933825,83
2319351,9.941488337950979,4
2319365,9.698865109649905,14
2319369,9.926668206077405,4
2319386,9.59852810435676,17
2319396,9.813416409380574,10
2319403,9.885083436536956,7
2319404,10.0,1
2319417,9.508759332578634,13
2319426,9.830148230373064,9
2319435,9.823257083181764,9
2319436,10.0,1
2319445,9.819630095481555,9
2319449,9.924672704499624,4
2319453,9.93912101776756,4
2319459,9.90361148124976,6
2319460,10.0,1
2319468,9.821925414647566,8
2319471,9.959941069498347,3
2319472,10.0,1
2319485,9.71732744853251,13
2319546,-9.189487252081985,61
2319553,9.789467218094678,7
2319560,9.856891158488585,7
2319572,9.736974318956523,12
2319577,9.915208192536753,5
2319588,9.73580988258508,11
2319598,9.771210156567815,10
2319606,9.864888145445882,8
2319622,9.675292939595474,16
2319623,10.0,1
2319633,9.79315914946353,10
2319638,9.912734844594675,5
2319643,9.909682533533227,5
2319650,9.885085006882127,7
2319651,10.0,1
2319663,9.758087811184426,12
2319672,9.817710328818212,9
2319680,9.854607873226046,8
2319690,9.806353757873966,10
2319691,10.0,1
2319695,9.94679402981849,4
2319702,9.874367326231672,7
2319711,9.830715027983997,9
2319716,9.917871550177733,5
2319721,9.924208456038695,5
2319733,9.717928631432708,12
2319745,9.763421172717587,12
2319754,9.831636994679421,9
2319764,9.838329059057289,10
2319770,9.908329897952013,6
2319781,9.765968049480328,11
2319784,9.962913618741215,3
2319791,9.882774016787476,7
2319799,9.811137152287575,8
2319805,9.90587412695433,6
2319812,9.847481680354184,7
2319825,9.749504754960261,13
2319833,9.881619840285605,8
2319834,9.99198031211318,1
2319852,9.59595265141171,18
2319858,9.896247510808838,6
2319869,9.76486699058914,11
2319870,10.0,1
2319876,9.785188676778128,6
2319889,9.708870332493037,13
2319898,9.799674162145232,9
2319900,9.983907371753025,2
2319912,9.722938221476559,12
2319918,9.878986041997386,6
2319937,9.555129586709924,19
2319938,10.0,1
2319943,9.936616806626716,5
2319956,9.633599753899237,13
2319966,9.811354255694285,10
2319969,9.950652857768866,3
2319979,9.796668397312528,10
2319989,9.805322164503483,10
2319999,9.784074191912053,10
2320007,9.834522925442482,8
2320017,9.773177439624932,10
2320030,9.735291515377329,13
2320039,9.809859650146615,9
2320053,9.719912471514617,14
2320063,9.792141049256635,10
2320070,9.874449559001718,7
2320078,9.855515115438141,8
2320094,9.717918750490472,16
2320095,10.0,1
2320100,9.911230876124744,5
2320117,9.621182637820045,17
2320130,9.706478936206302,13
2320134,9.942871108791406,4
2320150,9.654153537589249,16
2320160,9.777878437923535,10
2320176,9.681702447383575,16
2320185,9.79170812131025,9
2320201,9.633093538237231,16
2320208,9.879474430795586,7
2320210,9.977499065244487,2
2320222,9.737474543095779,12
2320235,9.54890184955455,13
2320256,9.46210769112364,21
2320261,9.921697840969747,5
2320264,9.96180310087808,3
2320272,9.856260188478323,8
2320280,9.85375290703164,8
2320292,9.744354746031913,12
2320293,10.0,1
2320301,9.845223357428733,8
2320310,9.814722648529468,9
2320323,9.71195129394071,13
2320330,9.891445542905414,7
2320337,9.872298345093528,7
2320351,9.703774655620121,14
2320360,9.796797714216565,9
2320372,9.761691613222553,12
2320383,9.763746806857919,11
2320387,9.930017605103526,4
2320388,10.0,1
2320399,9.800124265444941,11
2320412,9.712837184878904,13
2320419,9.874598628271427,7
2320433,9.72325344439068,14
2320437,9.939762589746246,4
2320442,9.920349592175443,5
2320451,9.834225318419795,9
2320459,9.85215233978435,8
2320467,9.859972861447478,8
2320481,9.68346242740725,14
2320492,9.758263908884345,11
2320500,9.849808155918636,8
2320514,9.675165634882243,14
2320525,9.774345029755422,11
2320539,9.575423029643165,14
2320550,9.769173239501743,11
2320553,9.968158070312683,3
2320565,9.75870520616143,12
2320566,10.0,1
2320573,9.84950662343923,7
2320574,10.0,1
2320582,9.853196931063888,8
2320583,10.0,1
2320597,9.600699817349488,14
2320607,9.810288405378694,10
2320624,9.6109216250101,17
2320636,9.771299388570016,12
2320637,10.0,1
2320643,9.89358226633058,6
2320647,9.916978914819152,4
2320653,9.875232005955683,6
2320660,9.88880468421563,7
2320667,9.882979939217075,7
2320677,9.78296984914192,10
2320682,9.910130588355749,5
2320691,9.820521030911042,9
2320699,9.857646592017826,8
2320705,9.90142464679901,6
2320714,9.825726207851597,9
2320718,9.939709513096345,4
2320720,9.975221135249368,2
2320736,9.196797390596215,16
2320746,9.805410168196733,10
2320761,9.657628451629352,15
2320768,9.879613221124623,7
2320772,9.942693682874216,4
2320817,9.195067399950743,45
2320825,9.83655984149525,8
2320830,9.922605034834309,5
2320840,9.781518873145794,10
2320845,9.915604926139615,5
2320860,9.69931986796653,15
2320874,9.65513817803072,14
2320883,9.811455224418701,9
2320891,9.845892621321743,8
2320896,9.911065239513151,5
2320905,9.807302175736849,9
2320920,9.649685806270206,15
2320925,9.904316173249978,5
2320939,9.703263629574423,14
2320950,9.78689838972309,11
2320969,9.158944510408249,19
2320974,9.9158177293213,5
2320987,9.714875287465421,13
2320995,9.844841652983947,8
2321005,9.770944374685184,10
2321016,9.779935502553347,11
2321019,9.961705396395738,3
2321037,9.561958023505351,18
2321049,9.716535087458341,12
2321050,10.0,1
2321053,9.9634224651487,3
2321069,9.632627869537908,16
2321074,9.92346316359285,5
2321082,9.84708384201202,8
2321094,9.71947037818486,12
2321105,9.755503452083087,11
2321112,9.856419142074722,7
2321123,9.742955185877111,11
2321133,9.570438611514366,10
2321153,9.55341905889452,20
2321157,9.939146169669366,4
2321167,9.801849967102559,10
2321176,9.814934762660469,9
2321183,9.88811634255126,7
2321196,9.709231980412689,13
2321197,10.0,1
2321202,9.90436653331791,5
2321220,9.672453543092956,18
2321225,9.930627115555634,5
2321226,10.0,1
2321235,9.814708985056201,9
2321243,9.842317906496797,8
2321246,9.959802789190778,3
2321262,9.617705159516598,16
2321266,9.944617626989677,4
2321283,9.630477456846034,17
2321295,9.787476563521308,12
2321310,9.64819513262098,15
2321321,9.760926766310693,11
2321335,9.720171933118147,14
2321341,9.881933979738475,6
2321342,10.0,1
2321344,9.974449217464143,2
2321350,9.878669218364337,6
2321351,10.0,1
2321356,9.922518114658342,5
2321372,9.631807107421473,16
2321383,9.752270890387226,11
2321384,9.992201704158155,1
2321386,9.971742402273827,2
2321396,9.781482824962517,10
2321398,9.973298754676705,2
2321403,9.918103954059035,5
2321414,9.772048426798868,11
2321420,9.890424250453908,6
2321425,9.912121966150462,5
2321442,9.627563184499433,17
2321444,9.98076907770523,2
2321464,9.579611769814266,20
2321473,9.505757840805579,9
2321475,9.982867342814526,2
2321478,9.959839021541068,3
2321493,9.658889635368078,15
2321498,9.927957890829038,5
2321508,9.404611336250131,10
2321521,9.693997420508147,13
2321534,9.792055951496964,13
2321546,9.736903029957203,12
2321559,9.791905388174914,13
2321572,9.717958142550355,13
2321583,9.749233184760051,11
2321585,9.971060442544882,2
2321600,9.679987594654614,15
2321603,9.959989606044253,3
2321620,9.624814064383592,17
2321622,9.97616457660384,2
2321634,9.731448222730657,12
2321641,9.86441929563358,7
2321656,9.676328773529637,15
2321669,9.71454108814684,13
2321670,10.0,1
2321673,9.962251247236441,3
2321681,9.85433203377443,8
2321682,10.0,1
2321687,9.932835886193523,5
2321696,9.830420206886364,9
2321699,9.96610509664054,3
2321700,10.0,1
2321710,9.793195043810071,10
2321719,9.826985605601898,9
2321735,9.649320869257204,16
2321745,9.799685659949716,10
2321761,9.635737755395636,16
2321765,9.945901899841658,4
2321773,9.824943560233994,8
2321778,9.913529050946584,5
2321791,9.726383610962925,13
2321796,9.91700174700396,5
2321830,5.21875006868823,34
2321834,9.928138646094855,4
2321836,9.981887846779992,2
2321847,9.772753399341475,11
2321848,10.0,1
2321859,9.769756944790133,11
2321871,9.733629654711859,12
2321890,9.538380945027919,19
2321892,9.97904519859236,2
2321898,9.894450797774647,6
2321912,9.696925554672422,14
2321918,9.889544815950593,6
2321939,9.472060228548433,21
2321953,9.710304617699945,14
2321970,9.614918072488441,17
2321971,10.0,1
2321974,9.962709921248049,3
2321984,9.821271434228663,10
2321989,9.9229583517488,5
2321995,9.899732109651852,6
2321996,10.0,1
2322005,9.793974298363569,9
2322016,9.76242971408063,11
2322030,9.682712024439905,14
2322053,9.455550400234479,23
2322063,9.821278444784975,10
2322068,9.905735412037616,5
2322073,9.922606564164587,5
2322077,9.93912772309169,4
2322078,10.0,1
2322087,9.84473648445519,9
2322093,9.90443883525693,6
2322098,9.917059910311506,5
2322105,9.877720923272326,7
2322113,9.849734630252755,8
2322134,9.535302632599215,21
2322142,9.857311788230547,8
2322153,9.763660487409028,11
2322169,9.603393193293012,16
2322170,10.0,1
2322181,9.792493366500334,11
2322184,9.95717399098086,3
2322198,9.725082502044144,14
2322211,9.702820237379346,13
2322232,9.419768114744757,21
2322242,9.777584186524619,10
2322257,9.66882178055243,15
2322283,9.424040025762125,26
2322294,9.746116116331772,11
2322307,9.73561543963376,13
2322316,9.80219257505455,9
2322341,9.510913124485775,25
2322352,9.793486038427558,11
2322366,9.67181788159062,14
2322377,9.780348302675838,11
2322387,9.815176543493873,10
2322390,9.95919196837362,3
2322401,9.742863469448466,11
2322405,9.945979150536761,4
2322406,10.0,1
2322407,10.0,1
2322412,9.925826014641444,5
2322418,9.880886411601127,6
2322433,9.63602593740684,15
2322454,9.57878910702539,21
2322459,9.909808705590969,5
2322464,9.902044915329096,5
2322470,9.869446394778649,6
2322482,9.760760735650901,12
2322488,9.888381134456315,6
2322494,9.888646927042009,6
2322495,10.0,1
2322500,9.909219534951337,5
2322509,9.616955826370136,9
2322512,9.96604827170959,3
2322527,9.657071693308117,15
2322537,9.81118967539052,10
2322547,9.83936166509207,10
2322550,9.96044671884248,3
2322551,10.0,1
2322565,9.678869943747062,14
2322578,9.713664410165515,13
2322598,9.558576995524227,20
2322609,9.775264281664459,11
2322613,9.937678448559119,4
2322616,9.962656687219686,3
2322632,9.629953123100341,16
2322643,9.806416744651754,11
2322644,9.99592359399196,1
2322649,9.90784283093127,5
2322650,9.98939626675532,1
2322656,9.89906960546856,6
2322664,9.835892655234286,8
2322678,9.484805037764628,14
2322682,9.939919710983906,4
2322695,9.706276926239875,13
2322696,10.0,1
2322709,9.730243657561493,13
2322720,9.782361483685687,11
2322729,9.835862962415996,9
2322740,9.799292251454293,11
2322754,9.67941558266668,14
2322763,9.82328232938989,9
2322781,9.657184636086729,18
2322800,9.591134689155766,19
2322811,9.774028691138827,11
2322814,9.964951294786447,3
2322828,9.686885728283166,14
2322829,10.0,1
2322830,10.0,1
2322853,9.44613145110747,23
2322868,9.635484624628315,15
2322881,9.733745934970468,13
2322890,9.818202522741588,9
2322910,9.527646247548729,20
2322923,9.712389711349184,13
2322935,9.746413781292897,12
2322938,9.964983852750894,3
2322948,9.729856631237357,10
2322954,9.90703910408487,6
2322964,9.792160406459617,10
2322972,9.852548622582452,8
2322983,9.76041603586379,11
2322993,9.799058572738929,10
2323044,9.153226841428745,51
2323057,9.735483596213816,13
2323058,9.995972391728797,1
2323073,9.722094893806261,15
2323080,9.871118691540088,7
2323081,10.0,1
2323089,9.830861275212422,8
2323099,9.795102620017738,10
2323101,9.979145330738003,2
2323119,9.587214485774524,18
2323125,9.889909524204883,6
2323139,9.730643643413835,14
2323153,9.725117170561731,14
2323157,9.92747065129431,4
2323161,9.936475544703983,4
2323162,10.0,1
2323167,9.930935139584482,5
2323173,9.909092774696001,6
2323181,9.865793863952092,8
2323187,9.889702116110518,6
2323191,9.933456616686989,4
2323202,9.794638951735323,11
2323217,9.574039634330363,15
2323221,9.923636301889584,4
2323236,9.668615073847468,15
2323249,9.715666465608432,13
2323250,10.0,1
2323262,9.717984458696233,12
2323266,9.927750328627585,4
2323272,9.898311814368197,6
2323277,9.926329599763688,5
2323279,9.972813604225426,2
2323290,9.811231827372696,11
2323299,9.812498728110945,9
2323319,9.546014648205894,20
2323326,9.872508041570436,7
2323341,9.462471028031365,15
2323351,9.79391930756741,10
2323352,10.0,1
2323357,9.896667154936145,5
2323368,9.772810218004086,11
2323374,9.896280260221738,6
2323383,9.815254524350095,9
2323396,9.706805739923498,13
2323410,9.691376246329012,14
2323420,9.785833826133697,10
2323429,9.806065264224198,9
2323444,9.615099225236541,15
2323447,9.956753593137522,3
2323456,9.831540010939243,9
2323465,9.814327954465467,9
2323467,9.971150612882447,2
2323483,9.634796462954494,16
2323496,9.73860850544829,13
2323501,9.926810320515074,5
2323502,10.0,1
2323511,9.837861886379567,9
2323524,9.706480356426754,13
2323535,9.74570763664909,11
2323546,9.792307748089538,11
2323559,9.733046313295318,13
2323569,9.791227988590549,10
2323574,9.918771666553182,5
2323575,10.0,1
2323639,8.2049469724793,64
2323646,9.862413504789918,7
2323658,9.694249100683342,12
2323664,9.894397585610307,6
2323684,9.55395558052817,20
2323692,9.811345590817348,8
2323699,9.860514776904376,7
2323712,9.688452157665827,13
2323713,10.0,1
2323725,9.743193713487422,12
2323728,9.971955501855764,3
2323747,9.60940121837372,19
2323758,9.754307142137161,11
2323766,9.842564032306772,8
2323774,9.849017079960545,8
2323784,9.761228552063614,10
2323793,9.831754799394025,9
2323795,9.984807938157509,2
2323807,9.747132524763153,12
2323821,9.718300954865219,14
2323822,10.0,1
2323829,9.868523081783408,7
2323863,9.205445301740262,34
2323873,9.805336120946523,10
2323890,9.598334226760704,17
2323903,9.715043372526928,13
2323910,9.879010907299286,7
2323920,9.80628684495624,10
2323934,9.695695025123491,14
2323944,9.822122881897048,10
2323948,9.942318567129448,4
2323952,9.938895906873748,4
2323955,9.942697796428227,3
2323968,9.713429950110818,13
2323983,9.661376844361222,15
2323993,9.803727533618748,10
2324007,9.674325191570595,14
2324017,9.815925901243657,10
2324025,9.847357280596201,8
2324037,9.75885439944861,12
2324049,9.726927967474913,12
2324058,9.832641097030564,9
2324066,9.85602773248149,8
2324068,9.96818748307573,2
2324075,9.881652556399153,7
2324084,9.815212773477144,9
2324098,9.677785386920922,14
2324104,9.895215873196927,6
2324114,9.786873985219266,10
2324118,9.933727447912402,4
2324119,10.0,1
2324125,9.883081087246097,6
2324134,9.814695546257415,9
2324141,9.875804492219293,7
2324149,9.84264762067262,8
2324150,10.0,1
2324162,9.741342025332635,12
2324178,9.640832164841946,16
2324191,9.727254728848685,13
2324211,9.623094210829782,20
2324216,9.924211322909171,5
2324227,9.803115952339748,11
2324231,9.94221976353597,4
2324232,10.0,1
2324244,9.777949301234692,12
2324256,9.756687822459472,12
2324271,9.670175017091506,15
2324280,9.794146883888683,9
2324301,9.515680631312584,21
2324308,9.874333946096296,7
2324319,9.776183790243135,11
2324332,9.730089260349867,13
2324337,9.919751880120334,5
2324348,9.779442472855585,11
2324349,10.0,1
2324350,9.996273524925767,1
2324362,9.771813052555688,12
2324363,9.988132716400104,1
2324383,9.517491146738019,20
2324385,9.972440704415675,2
2324391,9.91241555974204,6
2324406,9.62933158696367,15
2324418,9.744655711396241,12
2324430,9.729548584703373,12
2324443,9.704318658540458,13
2324450,9.864179924641329,7
2324455,9.91080590231496,5
2324460,9.923389085167795,5
2324469,9.800768748616159,9
2324486,9.643402302480528,17
2324495,9.822297019352519,9
2324506,9.779610967986374,11
2324513,9.866840955864708,7
2324517,9.951352345720412,4
2324529,9.740148306847269,12
2324536,9.875152093772286,7
2324541,9.927775565017916,5
2324553,9.790147021216132,12
2324560,9.87307086508117,7
2324568,9.8315634598692,8
2324579,9.791850771611015,11
2324595,9.651899217513119,16
2324611,9.6597805511197,16
2324612,10.0,1
2324616,9.935542057532471,4
2324626,9.776493524136487,10
2324634,9.8505824971434,8
2324649,9.648517354526984,15
2324655,9.900319927909523,6
2324659,9.935550013188907,4
2324665,9.897285559798023,6
2324674,9.832536321198258,9
2324681,9.885563696419647,7
2324693,9.723014791260185,12
2324700,9.889127663869951,7
2324713,9.688025590922758,13
2324728,9.65399260270239,15
2324733,9.910543338121625,5
2324734,10.0,1
2324743,9.837047652308046,9
2324756,9.713164196637248,13
2324762,9.897997997966398,6
2324774,9.740836571667407,12
2324785,9.230073310757852,11
2324794,9.819754932660619,9
2324807,9.719849410680736,13
2324821,9.690553992913804,14
2324831,9.825905214669868,10
2324840,9.812516721813436,9
2324845,9.917184760389189,5
2324857,9.77423642209631,12
2324877,9.570504326087374,20
2324882,9.911791157414566,5
2324889,9.873245341639539,7
2324902,9.714910431078923,13
2324921,9.581214067552995,19
2324924,9.96704018051598,3
2324931,9.772345522335202,7
2324937,9.89192585544319,6
2324938,9.996605949315617,1
2324944,9.904845125177943,6
2324952,9.844473656897131,8
2324957,9.917639327644125,5
2324963,9.877881643669904,6
2324970,9.877101320360286,7
2324971,10.0,1
2324976,9.921190120168468,5
2324981,9.907180814107878,5
2324997,9.65979108540919,16
2325014,9.566743595231902,17
2325025,9.76038847798144,11
2325031,9.885420202325507,6
2325032,10.0,1
2325043,9.774289655791923,11
2325059,9.622761525128409,16
2325065,9.882664458099585,6
2325074,9.835829889746758,9
2325089,9.668825317666982,15
2325091,9.972429092097387,2
2325100,9.713517203212035,9
2325111,9.744725849657637,11
2325126,9.625325668850778,15
2325137,9.66034966180882,11
2325150,9.792445232799153,13
2325160,9.774294062475356,10
2325174,9.661205961021421,14
2325181,9.86666314265749,7
2325184,9.959336336975268,3
2325195,9.787928483467706,11
2325203,9.831225866022178,8
2325214,9.784696056222169,11
2325224,9.709844451905862,10
2325225,10.0,1
2325241,9.659897038346015,16
2325252,9.753647257885387,11
2325257,9.922417426566877,5
2325258,10.0,1
2325266,9.854297075557566,8
2325277,9.74638490130711,11
2325294,9.209931360307625,17
2325301,9.888186044341053,7
2325315,9.668730657267476,14
2325331,9.656663618924377,16
2325341,9.803612530570835,10
2325352,9.750510669095826,11
2325361,9.80512769217228,9
2325372,9.813201781439147,11
2325373,10.0,1
2325391,9.557381865445693,18
2325407,9.647314243088323,16
2325419,9.758988608567977,12
2325432,9.716338320654497,13
2325434,9.974847835171792,2
2325445,9.775076693107856,11
2325459,9.735575230374367,14
2325473,9.69146046932579,14
2325485,9.737822259862918,12
2325501,9.684630525681905,16
2325510,9.806403334392375,9
2325518,9.84853320670461,8
2325525,9.860228179120144,7
2325541,9.649422191223778,16
2325553,9.720911793712522,12
2325559,9.887400451910944,6
2325564,9.9246098012301,5
2325571,9.873986474352758,7
2325581,9.803325597305507,10
2325587,9.897540847543578,6
2325591,9.952680803374559,4
2325597,9.933446947381189,6
2325608,9.758261341388131,11
2325617,9.821994290977683,9
2325631,9.701491719679488,14
2325639,9.840479863490907,8
2325653,9.674209492869188,14
2325666,9.788557766769271,13
2325681,9.703019079833131,15
2325693,9.76637371914224,12
2325705,9.75353816752136,12
2325710,9.919913553125207,5
2325721,9.781415433154885,11
2325736,9.700626088896907,15
2325741,9.918203981798863,5
2325756,9.18754686192955,15
2325766,9.823285230892909,10
2325771,9.914447130516269,5
2325785,9.71043490581542,14
2325794,9.812467561344391,9
2325803,9.815082294662501,9
2325805,9.977443843091875,2
2325813,9.850469072265366,8
2325820,9.878419860580156,7
2325829,9.830360755607128,9
2325835,9.898245031054492,6
2325841,9.905536466809915,6
2325847,9.915512782457094,6
2325858,9.773930167496914,11
2325864,9.680876559854505,6
2325868,9.948543986300177,4
2325872,9.933158301276322,4
2325883,9.761566508531283,11
2325895,9.719086597203615,12
2325903,9.823100024862223,8
2325910,9.877149929365856,7
2325911,10.0,1
2325917,9.90502070876634,6
2325923,9.902933388691295,6
2325933,9.789567047180846,10
2325942,9.808806780920039,9
2325943,10.0,1
2325951,9.825968768424005,8
2325960,9.832326919547853,9
2325971,9.772745613056339,11
2325978,9.849683253494986,7
2325993,9.663049108098429,15
2325994,10.0,1
2326005,9.785245857391333,11
2326019,9.717463657352521,14
2326037,9.556042827238773,18
2326047,9.805047330608557,10
2326061,9.70744975421512,14
2326066,9.911358795497721,5
2326074,9.850123151517542,8
2326082,9.83227324203508,8
2326097,9.57205699635571,15
2326103,9.901579780317649,6
2326114,9.801291607397886,11
2326121,9.905287106952493,7
2326132,9.685577291582597,11
2326140,9.853658690667084,8
2326149,9.812206487585424,9
2326158,9.823238591113203,9
2326159,9.996406979157912,1
2326167,9.844285390603291,8
2326168,10.0,1
2326179,9.753052146846915,11
2326188,9.843085545491945,9
2326204,9.705981283788926,16
2326222,9.682286960338336,18
2326226,9.944488026930678,4
2326229,9.965283481603587,3
2326231,9.972635527315903,2
2326235,9.94510686721592,4
2326243,9.857396635257038,8
2326255,9.726339261438664,12
2326256,10.0,1
2326262,9.906649686932905,6
2326271,9.820549931750588,9
2326282,9.776705811365582,11
2326283,10.0,1
2326296,9.759653824801596,13
2326302,9.877297255078158,6
2326305,9.964743633918935,3
2326317,9.755308872653629,12
2326324,9.869904702331194,7
2326339,9.680142502081644,15
2326347,9.827401376581596,8
2326353,9.88481202920315,6
2326366,9.725507550325869,13
2326370,9.929154066052524,4
2326375,9.922678445766234,5
2326376,9.996425718354374,1
2326383,9.894837004412818,7
2326397,9.693770671663268,14
2326401,9.94124915749256,4
2326406,9.916827253583186,5
2326416,9.802580025868416,10
2326430,9.713338889589707,14
2326443,9.698445289404841,13
2326457,9.65802813030467,14
2326458,10.0,1
2326459,10.0,1
2326465,9.895058367129336,6
2326474,9.827848746121944,9
2326480,9.888294966989942,6
2326486,9.882494102640303,6
2326500,9.719182474995975,14
2326501,9.98830540042065,1
2326508,9.87006298475545,7
2326521,9.71194663689374,13
2326528,9.851073056792707,7
2326534,9.879177363264857,6
2326537,9.96700039109034,3
2326546,9.850478892138469,9
2326564,9.393589195365212,18
2326574,9.832975850410957,10
2326575,10.0,1
2326585,9.794047149146717,10
2326589,9.956049661415356,4
2326605,9.65476335609028,16
2326613,9.875375753859867,8
2326614,10.0,1
2326615,10.0,1
2326623,9.855363884773586,8
2326635,9.744861311216916,12
2326640,9.915057134407025,5
2326649,9.837135902965132,9
2326659,9.801379557113517,10
2326660,10.0,1
2326661,9.98873246865785,1
2326668,9.858975043428257,7
2326684,9.654651446919845,16
2326698,9.524740756412161,14
2326703,9.910895694110474,5
2326717,9.69636716295298,14
2326725,9.849872303514433,8
2326736,9.77847155848758,11
2326737,9.98811823219599,1
2326749,9.724597072376463,12
2326761,9.782408854807661,12
2326762,10.0,1
2326775,9.737349441501108,13
2326780,9.921131310867692,5
2326792,9.720937139525468,12
2326804,9.773678156990051,12
2326813,9.817184205953845,9
2326821,9.854803727289145,8
2326833,9.524859343384447,12
2326840,9.849279844571571,7
2326841,10.0,1
2326850,9.832684574553255,9
2326857,9.885057151245993,7
2326871,9.716239653746376,14
2326872,10.0,1
2326884,9.73273125176044,12
2326888,9.944182169087574,4
2326901,9.729844658969817,13
2326918,9.586202804190545,17
2326929,9.776260399162146,11
2326935,9.876833423120527,6
2326955,9.59539739678207,20
2326965,9.791643043284523,10
2326972,9.873979266833905,7
2326992,8.065705827810817,20
2327002,9.80365620337001,10
2327013,9.764623684903334,11
2327025,9.728034949846977,12
2327036,9.789057034918379,11
2327049,9.698761764109017,13
2327059,9.817349159455492,10
2327076,9.603607764572043,17
2327085,9.829993979471213,9
2327086,10.0,1
2327097,9.67017858368781,11
2327102,9.816908105107727,5
2327111,9.812883074089278,9
2327123,9.76109948273925,12
2327132,9.806153749851294,9
2327139,9.854369761060989,7
2327150,9.783395388672053,11
2327165,9.684162839546087,15
2327172,9.869310871491933,7
2327188,9.64284849513782,16
2327196,9.865270425964649,8
2327201,9.931234216846493,5
2327211,9.797125981549831,10
2327218,9.861972750808132,7
2327226,9.856100433615646,8
2327232,9.867297183233342,6
2327242,9.79610202072506,10
2327252,9.771425621609179,10
2327265,9.747017303960204,13
2327275,9.796444232504534,10
2327276,9.988922628666506,1
2327281,9.922851103903099,5
2327290,9.816385402526977,9
2327294,9.94560508035512,4
2327301,9.859232608953555,7
2327309,9.833186760864942,8
2327314,9.909662891095525,5
2327323,9.852953097567323,9
2327324,9.996009742573712,1
2327337,9.698599379279372,13
2327351,9.712599601774022,14
2327370,9.598588594582377,19
2327375,9.90135734900685,5
2327382,9.874082371961855,7
2327395,9.74515852545423,13
2327408,9.69221612167411,13
2327419,9.792966708929754,11
2327426,9.871377464452493,7
2327432,9.88044188783089,6
2327440,9.878487041476987,8
2327447,9.8650747293831,7
2327452,9.934824553664349,5
2327464,9.742018410022816,12
2327472,9.841581102924476,8
2327487,9.655496093982352,15
2327505,9.57959031724062,18
2327506,10.0,1
2327519,9.707322759144326,13
2327528,9.833244689369943,9
2327539,9.73792323824242,11
2327545,9.910522340088141,6
2327550,9.918175570245618,5
2327561,9.74557639218774,11
2327568,9.877373465665007,7
2327569,10.0,1
2327573,9.937714964425487,4
2327579,9.900000991924324,6
2327584,9.90147415519227,5
2327592,9.84201573408918,8
2327600,9.825627201714324,8
2327601,10.0,1
2327605,9.944911459949326,4
2327621,9.632034288197895,16
2327629,9.871829266392265,8
2327639,9.811339701079847,10
2327652,9.770228187697855,13
2327663,9.768980816755622,11
2327675,9.734128949418928,12
2327686,9.779645348251542,11
2327693,9.86169032775124,7
2327700,9.879416105475805,7
2327706,9.898429972592762,6
2327720,9.737130774097963,14
2327737,9.609006252237831,17
2327747,9.782870209231612,10
2327761,9.684650743080523,14
2327776,9.66660747919915,15
2327782,9.885109753521064,6
2327793,9.783970023670287,11
2327800,9.886116943899834,7
2327811,9.77715098258986,11
2327822,9.785547128794855,11
2327834,9.731848974719405,12
2327845,9.776912697656785,11
2327854,9.723690980676876,9
2327860,9.88967865423355,6
2327861,10.0,1
2327868,9.89963144934605,7
2327882,9.672987796285192,14
2327894,9.568103406174801,12
2327906,9.757859024327418,12
2327917,9.762273386710351,11
2327923,9.892442112950844,6
2327932,9.837445022112993,9
2327945,9.713841709316206,13
2327946,9.988001978207482,1
2327959,9.73195830232716,13
2327963,9.935423846395086,4
2327977,9.6770839932059,14
2327986,9.838201204193687,9
2327995,9.823798765080005,9
2328003,9.861313457915834,8
2328016,9.698070858923066,13
2328026,9.778932629298982,10
2328027,9.989046573056259,1
2328028,10.0,1
2328042,9.682001225054352,14
2328055,9.778262683060333,13
2328068,9.704695412690535,13
2328080,9.723070968134087,12
2328087,9.850841608238982,7
2328088,10.0,1
2328100,9.732705241200154,12
2328107,9.850055251272439,7
2328117,9.799296100035408,10
2328123,9.909812796106387,6
2328131,9.825005536492126,8
2328138,9.87201415842281,7
2328142,9.944122165691333,4
2328146,9.933187729767791,4
2328157,9.811501478905758,11
2328170,9.698093088600123,13
2328174,9.95293796707908,4
2328179,9.921426106006933,5
2328185,9.900287942122915,6
2328189,9.951507628710283,4
2328201,9.727656866547854,12
2328206,9.93391401858477,5
2328208,9.970155116835995,2
2328215,9.867221420571568,7
2328223,9.860283901574341,8
2328235,9.758186158546991,12
2328241,9.904982621916297,6
2328248,9.881729035085336,7
2328252,9.930963535953525,4
2328253,10.0,1
2328265,9.760827595922411,12
2328273,9.855084067667738,8
2328280,9.895101491530141,7
2328290,9.789209726729858,10
2328295,9.924427103845435,5
2328308,9.707121783343547,13
2328323,9.664490881589753,15
2328333,9.784350470028881,10
2328334,10.0,1
2328346,9.795408021094152,12
2328347,10.0,1
2328350,9.973373349668911,3
2328364,9.677322051598733,14
2328369,9.923560390925378,5
2328372,9.95821713339441,3
2328380,9.850021476353456,8
2328381,10.0,1
2328393,9.715268451611914,12
2328402,9.801685398561068,9
2328412,9.794997491738247,10
2328417,9.910892179630196,5
2328418,10.0,1
2328425,9.877898013784614,7
2328431,9.875454344456994,6
2328441,9.807148604579625,10
2328457,9.665605021391315,16
2328463,9.900860470612594,6
2328464,10.0,1
2328474,9.797183305919622,10
2328507,9.290923251401335,33
2328521,9.677223719444942,14
2328526,9.917862973247821,5
2328533,9.883297042194243,7
2328542,9.854600933654197,9
2328550,9.828699817064672,8
2328561,9.777190005030704,11
2328568,9.875824360707805,7
2328572,9.93757003389568,4
2328573,10.0,1
2328581,9.845596911547704,8
2328591,9.780206786069083,10
2328592,9.992078537865707,1
2328599,9.877654452987331,7
2328600,10.0,1
2328607,9.876582193671272,7
2328619,9.723802784679268,12
2328626,9.878083381036273,7
2328639,9.727598671515521,13
2328646,9.891873823895875,7
2328658,9.798867261184954,12
2328669,9.79377695744373,11
2328680,9.79059523373679,11
2328689,9.819460168815136,9
2328697,9.861682392316897,8
2328708,9.753265350792866,11
2328716,9.875534364414873,8
2328725,9.799400348723859,9
2328728,9.96521670507841,3
2328735,9.87957470615055,7
2328751,9.66353037302839,16
2328760,9.810453538398843,9
2328771,9.803386860754895,11
2328773,9.97383628569239,2
2328786,9.71810191137834,13
2328792,9.910529825036408,6
2328816,6.864081201476889,24
2328835,9.573849768096608,19
2328839,9.94905419827225,4
2328842,9.949305479721811,3
2328857,9.44688407221298,15
2328866,9.39298371998201,9
2328873,9.905240147952659,7
2328879,9.875082034849425,6
2328883,9.944792614596828,4
2328903,9.531605975357628,20
2328904,9.988418045163494,1
2328911,9.885595877809395,7
2328920,9.819853909388051,9
2328931,9.753494929840574,11
2328943,9.73908146044657,12
2328948,9.91558715639418,5
2328960,9.735884292177253,12
2328961,10.0,1
2328973,9.740876563325974,12
2328985,9.770872515237269,12
2328997,9.743196016898564,12
2328998,10.0,1
2329007,9.822206951086981,9
2329014,9.882596349591081,7
2329023,9.830535140653405,9
2329033,9.785745828028862,10
2329041,9.867060163488821,8
2329054,9.70621223072343,13
2329061,9.88860782852791,7
2329071,9.810581684942024,10
2329072,10.0,1
2329080,9.838008342921004,8
2329086,9.895781428675678,6
2329101,8.434363747591128,15
2329104,9.954523178330907,3
2329116,9.737659145034591,12
2329125,9.8380880749336,9
2329132,9.877171732097572,7
2329143,9.761714420962308,11
2329154,9.785143762293457,11
2329164,9.836770870482775,10
2329168,9.94566101298186,4
2329181,9.709655667746862,13
2329193,9.771792257998621,12
2329194,10.0,1
2329208,9.658798763154826,14
2329213,9.914717442592632,5
2329216,9.946685139774052,3
2329225,9.700393261569687,9
2329234,9.81257121141786,9
2329245,9.78183115419753,11
2329255,9.764474318149292,10
2329256,10.0,1
2329263,9.870479695143379,7
2329268,9.915386778443558,5
2329277,9.807513912952459,9
2329288,9.781532711395265,11
2329291,9.948085449359075,3
2329292,10.0,1
2329308,9.63549087033527,16
2329316,9.84613015749102,8
2329317,10.0,1
2329327,9.582109884670771,10
2329336,9.835552013037697,9
2329344,9.833123131892304,8
2329364,9.588718063318241,20
2329375,9.782928183227686,11
2329387,9.749616055484038,12
2329392,9.912282657614968,5
2329394,9.979158646705569,2
2329400,9.884987066216341,6
2329418,9.572215140611837,18
2329424,9.892424870006296,6
2329440,9.624756715784502,16
2329446,9.901467099135223,6
2329452,9.900814833275062,6
2329453,10.0,1
2329457,9.93055074653647,4
2329459,9.972384299260998,2
2329467,9.840646026948344,8
2329473,9.891159293694233,6
2329479,9.901941746963365,6
2329480,10.0,1
2329485,9.916443694665093,5
2329493,9.882950257790624,8
2329511,5.268790533493718,18
2329516,9.904050204405939,5
2329524,9.851512316358885,8
2329532,9.836067917564263,8
2329539,9.86084843385215,7
2329540,10.0,1
2329541,10.0,1
2329550,9.815837003042795,9
2329565,9.66355746769059,15
2329579,9.687408509599575,14
2329580,10.0,1
2329589,9.825060546735834,9
2329601,9.756719480634663,12
2329613,9.756212654828548,12
2329631,9.602531406201216,18
2329632,10.0,1
2329641,9.824145622174084,9
2329652,9.777921619006742,11
2329661,9.83589988677913,9
2329667,9.907705709638721,6
2329682,9.633066980422159,15
2329689,9.859787687641916,7
2329701,9.64822828602841,12
2329704,9.962218985054468,3
2329709,9.927413831032325,5
2329712,9.966546140273682,3
2329723,9.76771062916672,11
2329728,9.903842950424758,5
2329740,9.735719015649208,12
2329752,9.776973011989808,12
2329765,9.735405327211941,13
2329774,9.802016295889079,9
2329787,9.711400548629266,13
2329795,9.856968674049227,8
2329802,9.889140698645338,7
2329889,8.468658842473824,87
2329903,9.528329962579486,14
2329904,10.0,1
2329908,9.940394265822952,4
2329915,9.888318040131727,7
2329917,9.976579798628904,2
2329928,9.763389716411783,11
2329942,9.651065550524601,14
2329949,9.756784391323317,7
2329961,9.750395337556428,12
2329976,9.587236655415953,15
2329990,9.685550133513413,14
2330002,9.74541349707273,12
2330015,9.739617393480044,13
2330029,9.723417342913203,14
2330030,10.0,1
2330039,9.831540753968127,9
2330045,9.873908920193957,6
2330061,9.619881925405416,16
2330068,9.853487161046989,7
2330075,9.875752037906638,7
2330108,9.20484348949704,33
2330116,9.853792621701785,8
2330117,9.991674310425804,1
2330130,9.72362659156126,13
2330141,9.763225231958435,11
2330148,9.851946335780935,7
2330165,9.571238056873616,17
2330175,9.813918935043953,10
2330178,9.956212702826068,3
2330193,9.652613134852245,15
2330197,9.938532352957633,4
2330207,9.361613754950413,10
2330220,9.346954920367333,13
2330224,9.943458445294564,4
2330228,9.938671848309754,4
2330238,9.79527616707246,10
2330249,9.676102375323659,11
2330253,9.945478199969934,4
2330266,9.716893102606736,13
2330269,9.970600027943233,3
2330287,9.637885487290216,18
2330296,9.811151995650189,9
2330298,9.982885081532801,2
2330316,9.612016443171838,18
2330330,9.672380033295608,14
2330331,10.0,1
2330337,9.877606046397377,6
2330349,9.735946469373717,12
2330357,9.84871766631691,8
2330360,9.95609140405615,3
2330372,9.757023714928268,12
2330378,9.911906199695043,6
2330383,9.91954778552753,5
2330395,9.741872568652916,12
2330397,9.98559323246293,2
2330411,9.726029684812067,14
2330429,9.656690632872404,18
2330446,9.580316671848575,17
2330459,9.720220124335057,13
2330461,9.972069583684249,2
2330462,10.0,1
2330478,9.666468122458836,16
2330488,9.79164608031667,10
2330500,9.730369879858177,12
2330510,9.793096106279354,10
2330512,9.984766619166091,2
2330534,9.292054404598627,22
2330544,9.792396933526327,10
2330547,9.952472234769715,3
2330550,9.968440047607357,3
2330552,9.97921860673462,2
2330554,9.976286569424124,2
2330566,9.75546377402056,12
2330577,9.757211666122695,11
2330591,9.697752282110386,14
2330598,9.863513552063395,7
2330600,9.983803331433412,2
2330618,9.58814231675409,18
2330628,9.797627438591546,10
2330639,9.744657575154324,11
2330646,9.871078391032023,7
2330658,9.736594540729454,12
2330666,9.853636256602647,8
2330681,9.689543543936935,15
2330697,9.655094547176466,16
2330711,9.716846826878669,14
2330712,10.0,1
2330718,9.887921787491212,6
2330731,9.710931103663347,13
2330742,9.8129095810174,11
2330743,10.0,1
2330757,9.733279151280334,14
2330765,9.874668656853759,8
2330779,9.684033318525502,14
2330787,9.827243566505516,8
2330790,9.956090219905914,3
2330799,9.819650754192885,9
2330808,9.810131203604628,9
2330815,9.864342760771654,7
2330826,9.81549880415842,11
2330838,9.73067575421599,12
2330849,9.7631484028313,11
2330860,9.7549622503771,11
2330861,9.992816399295233,1
2330870,9.820093432576124,9
2330876,9.897420656394825,6
2330884,9.856461439531216,8
2330893,9.843437466968467,9
2330904,9.754690768560861,11
2330913,9.815791108751387,9
2330919,9.898650071636792,6
2330924,9.931053474086733,5
2330937,9.742243866009863,13
2330944,9.879442687213475,7
2330950,9.897028673149325,6
2330966,9.613226223254525,16
2330975,9.795317472508144,9
2330979,9.950497448376334,4
2330985,9.881387796950394,6
2330992,9.892627236335011,7
2331001,9.821329870620312,9
2331015,9.708999065560914,14
2331025,9.81328604144513,10
2331027,9.976587533962395,2
2331038,9.768471785799731,11
2331051,9.702480032729275,13
2331066,9.698315316186607,15
2331073,9.879770902765603,7
2331096,9.455317230835472,23
2331104,9.876805227227559,8
2331111,9.87025047094225,7
2331122,9.777510754718154,11
2331127,9.926133718035206,5
2331129,9.971233148622327,2
2331141,9.759377441954813,12
2331154,9.68360857356168,13
2331166,9.769662206603687,12
2331180,9.667612612107634,14
2331181,9.996660581242766,1
2331186,9.923773675159023,5
2331206,9.551670472958548,20
2331214,9.862986937144107,8
2331225,9.807116261195427,11
2331226,9.989026413196354,1
2331242,9.643447669806111,16
2331250,9.841404599149195,8
2331265,9.688648304646687,15
2331273,9.846864717729439,8
2331287,9.733772224921045,14
2331301,9.677360198302772,14
2331305,9.935281688913257,4
2331320,9.619739192204763,15
2331330,9.789350548760593,10
2331339,9.811043117981766,9
2331353,9.693166379660049,14
2331364,9.758420485913707,11
2331370,9.889897990273749,6
2331373,9.96005070454846,3
2331374,9.99336297748417,1
2331383,9.802298722197756,9
2331398,9.645748676901501,15
2331399,10.0,1
2331413,9.697197045116084,14
2331422,9.827290247967074,9
2331429,9.866783627661993,7
2331436,9.868311888849133,7
2331448,9.7533743533367,12
2331458,9.79541284753755,10
2331466,9.822762584096875,8
2331469,9.95951488445784,3
2331482,9.723496024431014,13
2331487,9.916251874279443,5
2331491,9.93701831784389,4
2331499,9.843019377562076,8
2331504,9.927219192998214,5
2331511,9.897290449395364,7
2331515,9.945239357131863,4
2331521,9.903268272726557,6
2331529,9.851103852246066,8
2331540,9.658817211217968,11
2331550,9.796411807738732,10
2331572,9.454558099477044,22
2331581,9.820204895719314,9
2331588,9.862033085965912,7
2331596,9.819058303079201,8
2331603,9.85642165431451,7
2331604,10.0,1
2331617,9.736977346709997,13
2331624,9.865705011325483,7
2331625,10.0,1
2331635,9.833861938428244,10
2331641,9.896546098899723,6
2331643,9.982154088273393,2
2331655,9.747563440968765,12
2331663,9.862697583468876,8
2331673,9.783583330208556,10
2331683,9.820570963584247,10
2331691,9.848893350289705,8
2331701,9.60569721189022,10
2331713,9.61395360121248,12
2331729,9.593094051298273,16
2331738,9.713490862228717,9
2331745,9.896572087910773,7
2331750,9.916433834821026,5
2331763,9.693543858104539,13
2331766,9.956252769187977,3
2331775,9.80644702127542,9
2331788,9.748541577026769,13
2331797,9.812753349382739,9
2331808,9.786441153296803,11
2331820,9.734665269363067,12
2331828,9.81339513727788,8
2331832,9.929250962989467,4
2331836,9.935517101221643,4
2331847,9.784008420105852,11
2331861,9.68180528488375,14
2331864,9.96297875639618,3
2331874,9.797976086327516,10
2331891,9.616095573519386,17
2331902,9.76406031333367,11
2331913,9.760931466674798,11
2331927,9.661037540297738,14
2331928,10.0,1
2331939,9.76828083461239,11
2331948,9.793146993518675,9
2331949,10.0,1
2331953,9.933864300983977,4
2331963,9.819305208884606,10
2331969,9.897125465227488,6
2331979,9.786847861004139,10
2331989,9.805393533963416,10
2331990,10.0,1
2331998,9.849954198095036,8
2332005,9.883819599008524,7
2332016,9.82656743509219,11
2332032,9.699293704389689,16
2332046,9.668369452979686,14
2332063,9.615493881252318,17
2332071,9.87360475457753,8
2332081,9.823184098280715,10
2332082,10.0,1
2332098,9.696838165331425,16
2332127,9.225433458555202,29
2332136,9.822955499007747,9
2332144,9.842724164034667,8
2332154,9.822204401128557,10
2332158,9.94561064232932,4
2332171,9.696519840665333,13
2332176,9.922285609707767,5
2332191,9.681779841129096,15
2332192,10.0,1
2332193,10.0,1
2332205,9.766628377781725,12
2332221,9.693700065508732,16
2332231,9.778394995173246,10
2332234,9.956811343484329,3
2332239,9.906446670034452,5
2332240,9.988764667069072,1
2332243,9.961758747140294,3
2332245,9.975467324293676,2
2332246,10.0,1
2332253,9.890817939167592,7
2332262,9.842903275048426,9
2332272,9.796543712718227,10
2332293,9.589891698912565,21
2332304,9.75375009818904,11
2332305,9.992835932938375,1
2332313,9.824149411050234,8
2332326,9.707339781491783,13
2332328,9.980724780876907,2
2332337,9.79446433502342,9
2332338,10.0,1
2332344,9.880347070812462,6
2332356,9.735904345224885,12
2332362,9.896766370231173,6
2332368,9.886164304027247,6
2332374,9.88984579163779,6
2332375,10.0,1
2332382,9.853639797428666,7
2332400,9.457816069427889,18
2332412,9.740039968967828,12
2332422,9.791473222668207,10
2332430,9.825376314288846,8
2332436,9.898711480740332,6
2332443,9.875175574956437,7
2332459,9.678067414798601,16
2332470,9.763757399415253,11
2332479,9.812375544516435,9
2332485,9.896905536154836,6
2332495,9.772962640602616,10
2332503,9.867287231217459,8
2332512,9.815709674661148,9
2332524,9.751574714771792,12
2332534,9.806807499121605,10
2332542,9.846492678714485,8
2332546,9.94758579306239,4
2332551,9.91338346006135,5
2332572,8.81088044952503,21
2332583,9.769225013064217,11
2332588,9.92476901733947,5
2332589,10.0,1
2332593,9.942126447424245,4
2332601,9.823976574672212,8
2332605,9.930810683088565,4
2332612,9.866876904228768,7
2332616,9.945749876355078,4
2332624,9.842255983020506,8
2332634,9.799213594275187,10
2332644,9.79994639399703,10
2332669,9.362781495785029,25
2332673,9.933668456399985,4
2332685,9.784683674558066,12
2332701,9.638325178419587,16
2332713,9.813337952206203,12
2332725,9.767553541398163,12
2332729,9.944146319191585,4
2332733,9.944062579726245,4
2332734,9.996887761229052,1
2332752,9.558367506641396,18
2332771,9.541597165645594,19
2332772,9.989485527784272,1
2332778,9.907236538321138,6
2332793,9.692694193608846,15
2332806,9.722310158651513,13
2332829,9.41272907137486,23
2332830,10.0,1
2332836,9.905150049723286,6
2332841,9.91825410689393,5
2332890,9.071746058611343,49
2332904,9.724565865743605,14
2332916,9.754579715072914,12
2332929,9.742222843778775,13
2332942,9.724037348649382,13
2332960,9.667919127878578,18
2332983,9.424565844937733,23
2332987,9.953765498786638,4
2332996,9.818326402193051,9
2333008,9.809473032593996,12
2333023,9.605737909688655,15
2333025,9.977753278207473,2
2333026,10.0,1
2333041,9.677865883374837,15
2333046,9.915279110083523,5
2333047,9.99211798466685,1
2333052,9.921358627296655,5
2333061,9.84913046646742,9
2333062,10.0,1
2333072,9.489371545766648,10
2333087,9.41601224232879,15
2333099,9.735878221280771,12
2333107,9.825390053190498,8
2333117,9.809300878823619,10
2333138,9.583237148178442,21
2333146,9.838690067724723,8
2333152,9.906762584407687,6
2333164,9.735001320980711,12
2333167,9.956734952317158,3
2333181,9.736479960717823,14
2333194,9.700479396042015,13
2333198,9.93585687249121,4
2333209,9.780231527626906,11
2333213,9.944401612288795,4
2333217,9.946301710278972,4
2333231,9.704327055313788,14
2333240,9.804754926680449,9
2333241,10.0,1
2333251,9.579093310205623,10
2333263,9.770253010519452,12
2333275,9.813366399645588,12
2333281,9.901819219179531,6
2333293,9.751660735351171,12
2333306,9.72043742349704,13
2333313,9.883387388307392,7
2333321,9.821189211531472,8
2333328,9.864348066025821,7
2333334,9.879019749022047,6
2333336,9.974046369315909,2
2333342,9.894463027433947,6
2333357,9.679647914665692,15
2333367,9.794991180582443,10
2333373,9.897517643571277,6
2333384,9.762068699848673,11
2333405,9.544983311924836,21
2333415,9.795575599589016,10
2333423,9.834421894658568,8
2333424,10.0,1
2333428,9.954463196789996,4
2333433,9.900100039698385,5
2333441,9.845610690113485,8
2333453,9.72164606990363,12
2333460,9.87906689125578,7
2333478,9.540199376866662,18
2333479,10.0,1
2333486,9.872441397244302,7
2333493,9.884095424268358,7
2333500,9.896509251611063,7
2333508,9.845227623379495,8
2333509,10.0,1
2333520,9.783704991011373,11
2333536,9.663002655841478,16
2333537,9.996370674794733,1
2333546,9.829512601797369,9
2333550,9.939568740979478,4
2333556,9.897067648994494,6
2333557,10.0,1
2333568,9.78797970024759,11
2333582,9.741747437435276,14
2333597,9.695079423902552,15
2333602,9.916199811592909,5
2333615,9.750677127089322,13
2333623,9.83871726104072,8
2333635,9.781746806942735,12
2333638,9.960910968656904,3
2333651,9.71682575307758,13
2333667,9.636582222341081,16
2333682,9.56674003270687,15
2333697,9.702308153345736,15
2333707,9.830961916833523,10
2333714,9.86259460465102,7
2333728,9.709530815317613,14
2333729,10.0,1
2333739,9.78469341470788,10
2333754,9.645490553842723,15
2333755,10.0,1
2333769,9.720691827059825,14
2333770,9.988557625746749,1
2333780,9.810816526918824,10
2333797,9.630788403587871,17
2333807,9.78541624051111,10
2333815,9.841026346490777,8
2333824,9.812772342950806,9
2333834,9.819133155736987,10
2333835,10.0,1
2333847,9.759952484291059,12
2333859,9.750985973046813,12
2333869,9.625844410163594,10
2333870,10.0,1
2333880,9.741398234057877,10
2333887,9.88251746768618,7
2333900,9.743759207507757,13
2333906,9.919233162567778,6
2333918,9.748848816083235,12
2333926,9.841261627250066,8
2333937,9.749686525767116,11
2333946,9.855339416394616,9
2333954,9.841143965748028,8
2333966,9.729517113976813,12
2333971,9.926091655737885,5
2333972,10.0,1
2333975,9.956565836080523,3
2333984,9.800646847490432,9
2333993,9.816551187317616,9
2334011,9.64149773467762,18
2334016,9.911235706508894,5
2334029,9.71963078081775,13
2334030,10.0,1
2334044,9.671041950068705,14
2334050,9.89353049774072,6
2334063,9.707721059150895,13
2334073,9.809048724845589,10
2334088,9.690349260190565,15
2334110,9.542423532015457,22
2334117,9.873302396322858,7
2334132,9.658632542883867,15
2334135,9.955368062756733,3
2334141,9.89881881749977,6
2334159,9.570377051942993,18
2334169,9.796092271171961,10
2334172,9.955239123493794,3
2334183,9.757616721303668,11
2334194,9.772091338222047,11
2334202,9.83616713535277,8
2334213,9.778135646186062,11
2334223,9.80913939107194,10
2334231,9.837652735416425,8
2334241,9.836073670050252,10
2334254,9.716504269562764,13
2334262,9.838227398874116,8
2334263,10.0,1
2334264,10.0,1
2334270,9.904479234859327,6
2334281,9.74810860779348,11
2334283,9.970511732864841,2
2334300,9.626845511508328,17
2334304,9.929213191883605,4
2334312,9.854322116099778,8
2334323,9.748518744337288,11
2334329,9.90454125456859,6
2334334,9.924385135031686,5
2334335,10.0,1
2334341,9.891711940159814,6
2334352,9.772967345354553,11
2334354,9.969959812268328,2
2334361,9.847294810173949,7
2334369,9.820790314659861,8
2334374,9.926259288229824,5
2334386,9.73912457120725,12
2334394,9.857633383122126,8
2334404,9.812635905285486,10
2334408,9.948984533654553,4
2334420,9.769091465930547,12
2334431,9.758003288175193,11
2334443,9.773551588083064,12
2334456,9.598121737558476,13
2334461,9.918641123351472,5
2334473,9.750969869409035,12
2334482,9.821078844089815,9
2334488,9.889340986161233,6
2334502,9.128858410855177,14
2334509,9.850781695035046,7
2334510,10.0,1
2334524,9.737335169495807,14
2334536,9.726045292196384,12
2334546,9.789284161998559,10
2334556,9.807190507061925,10
2334566,9.423356948562155,10
2334577,9.764620323870867,11
2334591,9.763045605540292,14
2334598,9.861056957310081,7
2334608,9.695404918401659,10
2334615,9.896671645440817,7
2334616,10.0,1
2334624,9.877907749077426,8
2334635,9.80772238067882,11
2334638,9.95510946706384,3
2334639,10.0,1
2334647,9.846882343730135,8
2334652,9.899050338739999,5
2334667,9.703906898011363,15
2334673,9.90312456498017,6
2334676,9.954633418798874,3
2334679,9.958506132382919,3
2334680,10.0,1
2334687,9.878756592526802,7
2334694,9.851358198225112,7
2334710,9.629457250930507,16
2334723,9.753313984322276,13
2334727,9.955570620679625,4
2334733,9.903353181295852,6
2334743,9.782292833209949,10
2334745,9.970369566033565,2
2334753,9.85433794742353,8
2334763,9.780106277013681,10
2334770,9.864981661071287,7
2334774,9.935546646669529,4
2334781,9.870260073744324,7
2334794,9.75234391391166,13
2334796,9.979071106920475,2
2334799,9.958964645360487,3
2334808,9.80057410453817,9
2334809,10.0,1
2334815,9.88775362290039,6
2334822,9.866629329801992,7
2334833,9.766153486476929,11
2334837,9.942270135967394,4
2334838,10.0,1
2334839,10.0,1
2334841,9.967650304055395,2
2334850,9.815941969887279,9
2334851,9.987269202369111,1
2334861,9.7884690888913,10
2334874,9.719410279649546,13
2334877,9.970854645786295,3
2334883,9.901425672255108,6
2334887,9.934255416424962,4
2334893,9.895741326734754,6
2334905,9.736399372013457,12
2334925,9.46139094381754,20
2334936,9.797252781685254,11
2334948,9.75833084889475,12
2334960,9.783778096434816,12
2334961,10.0,1
2334970,9.808291139837731,9
2334977,9.885410831451408,7
2334987,9.803695881858852,10
2334988,10.0,1
2334996,9.827761593585896,8
2335003,9.881704930758145,7
2335017,9.696670959280288,14
2335023,9.895543276613365,6
2335031,9.656884778468253,8
2335035,9.944023824797613,4
2335053,9.5967352122576,18
2335065,9.738487244802048,12
2335079,9.699058020643617,14
2335088,9.833807086346917,9
2335100,9.72856722888432,12
2335107,9.86485677322296,7
2335112,9.918978388537216,5
2335124,9.744431877149413,12
2335134,9.817665766979069,10
2335143,9.826333403694992,9
2335153,9.828134818384704,10
2335162,9.8401680293235,9
2335165,9.964945665117433,3
2335166,9.993360474400465,1
2335175,9.838961926074749,9
2335188,9.743823688970963,13
2335191,9.956006802067913,3
2335192,10.0,1
2335216,9.53634661643566,24
2335221,9.924313621819781,5
2335226,9.935571882606395,5
2335228,9.976586893222905,2
2335238,9.809030690186987,10
2335243,9.918937183558867,5
2335252,9.820951079244788,9
2335268,9.673884930442819,16
2335275,9.867204581215379,7
2335292,9.513736037064247,17
2335299,9.894849814801864,7
2335314,9.692229092667548,15
2335326,9.73191576132136,12
2335337,9.763959090093667,11
2335346,9.838983652469945,9
2335357,9.772409817061105,11
2335359,9.977748844344054,2
2335370,9.78266944535634,11
2335379,9.843008965835654,9
2335384,9.906196125490377,5
2335393,9.826624005250283,9
2335394,10.0,1
2335403,9.831667529798633,9
2335407,9.930654981144912,4
2335415,9.842266824659132,8
2335422,9.90647551045394,7
2335448,9.321852646655048,26
2335455,9.856031748769471,7
2335465,9.78335141066557,10
2335475,9.828886507814378,10
2335484,9.82770680235557,9
2335500,9.60051857625743,16
2335501,9.996250216387459,1
2335502,10.0,1
2335504,9.970764516808098,2
2335512,9.845951227068205,8
2335518,9.877941765337336,6
2335519,10.0,1
2335529,9.828550924963208,10
2335530,10.0,1
2335540,9.776028668304786,10
2335544,9.935971661746658,4
2335553,9.839946640682431,9
2335560,9.889126219933935,7
2335563,9.950567257738498,3
2335572,9.818138939066982,9
2335576,9.950857064844424,4
2335577,10.0,1
2335583,9.885383580463886,6
2335596,9.736007889828063,13
2335606,9.771527983264615,10
2335611,9.890277423214133,5
2335612,10.0,1
2335624,9.770047546409558,12
2335630,9.893033556929895,6
2335643,9.74196977756906,13
2335654,9.796050564411427,11
2335662,9.858328986889209,8
2335663,10.0,1
2335664,10.0,1
2335671,9.862247697500738,7
2335679,9.848991688657154,8
2335688,9.808895667724585,9
2335693,9.923437609243077,5
2335701,9.838424486701896,8
2335716,9.306275149788679,15
2335723,9.860864885650185,7
2335729,9.894456492140907,6
2335746,9.64370296916177,17
2335763,9.633448220706548,17
2335771,9.85235434653642,8
2335776,9.90974978974191,5
2335789,9.719314834081446,13
2335790,10.0,1
2335791,10.0,1
2335810,9.521912829785522,19
2335822,9.760279358292637,12
2335836,9.694502284309173,14
2335848,9.748934464181387,12
2335866,9.598589414217921,18
2335879,9.711261824307742,13
2335884,9.915199045102492,5
2335903,9.623645923024503,19
2335919,9.684610427174428,16
2335927,9.847582469538429,8
2335934,9.880924725573315,7
2335948,9.686904447984654,14
2335959,9.741393549140685,11
2335960,10.0,1
2335962,9.986801642569253,2
2335971,9.842378295148778,9
2335980,9.836380919630015,9
2335988,9.8571992098648,8
2335996,9.845741810953546,8
2336006,9.81022932089583,10
2336007,10.0,1
2336011,9.945244894977467,4
2336012,10.0,1
2336022,9.79216512892566,10
2336032,9.799011641440392,10
2336033,10.0,1
2336046,9.722171611625681,13
2336051,9.91671036507139,5
2336063,9.73806734074283,12
2336071,9.845873605915079,8
2336072,10.0,1
2336085,9.699224375034408,13
2336086,10.0,1
2336097,9.754930347000869,11
2336104,9.876487396337568,7
2336109,9.916598685378505,5
2336119,9.776683631630304,10
2336123,9.92833256794271,4
2336132,9.816401709418953,9
2336149,9.485115033625133,17
2336155,9.890520609620456,6
2336166,9.39587155185167,11
2336167,10.0,1
2336175,9.88602936572431,8
2336186,9.5547495511861,11
2336200,9.730903836871292,14
2336214,9.748715246496232,14
2336215,10.0,1
2336223,9.844828832410958,8
2336236,9.730904227401536,13
2336247,9.770094165512445,11
2336252,9.934209276939887,5
2336264,9.762864790707921,12
2336270,9.905686102612117,6
2336286,9.473734432569088,16
2336298,9.734046785171602,12
2336308,9.801035253363274,10
2336319,9.73984022404969,11
2336335,9.631061502779309,16
2336339,9.940188398612404,4
2336341,9.972246445167618,2
2336355,9.665241725504288,14
2336370,9.669620831519703,15
2336381,9.751848679814321,11
2336392,9.758749302061277,11
2336401,9.829709362842326,9
2336412,9.745879513491388,11
2336421,9.81427909746723,9
2336425,9.938745189935194,4
2336432,9.85999503694206,7
2336440,9.871355391602087,8
2336441,10.0,1
2336448,9.88538400377734,7
2336449,10.0,1
2336453,9.837727099997762,4
2336477,9.413228464991471,24
2336481,9.928487482776571,4
2336482,10.0,1
2336483,10.0,1
2336497,9.689094106563026,14
2336506,9.796940236226279,9
2336510,9.940248945644987,4
2336520,9.80149149908049,10
2336529,9.810275360874709,9
2336533,9.939546180518786,4
2336534,10.0,1
2336535,10.0,1
2336536,9.989172914384994,1
2336548,9.728018331759534,12
2336549,10.0,1
2336561,9.753446273678724,12
2336567,9.90830073290304,6
2336574,9.877019558550895,7
2336584,9.782291205203716,10
2336592,9.855064952976859,8
2336603,9.759363689484388,11
2336614,9.79653118405599,11
2336630,9.155461065358688,16
2336642,9.741477649901286,12
2336652,9.766141647943728,10
2336655,9.95795129081145,3
2336668,9.73507626928877,13
2336670,9.981982404544906,2
2336683,9.725284565462452,13
2336691,9.843962753098708,8
2336699,9.848459761852066,8
2336867,-7.008737103613983,168
2336882,9.727001306680167,15
2336892,9.80010398910231,10
2336902,9.782287070088492,10
2336912,9.773800437251882,10
2336913,9.996344735961193,1
2336928,9.738900506758574,15
2336938,9.825554530875731,10
2336939,10.0,1
2336951,9.790328418920202,12
2336964,9.68775220195163,13
2336973,9.83092934881578,9
2336984,9.7475450359101,11
2336992,9.85941261204026,8
2336995,9.959079607345153,3
2337003,9.848300370565175,8
2337004,10.0,1
2337020,9.636403230466179,16
2337029,9.83706950691024,9
2337030,10.0,1
2337042,9.770157597898422,12
2337055,9.679340674418167,13
2337056,10.0,1
2337058,9.976551104278116,2
2337065,9.863186087265186,7
2337077,9.772149789335176,12
2337083,9.894386708157098,6
2337100,9.568943556273512,17
2337101,10.0,1
2337104,9.96105705828205,3
2337117,9.761606277487655,13
2337130,9.718107186121093,13
2337138,9.867190129373135,8
2337147,9.839846125815376,9
2337150,9.947332542941322,3
2337166,9.629916803964715,16
2337180,9.658353007624878,14
2337194,9.702224178518811,14
2337205,9.759913336343542,11
2337223,9.607148562961902,18
2337232,9.80988357044913,9
2337238,9.896715431884648,6
2337255,9.632426080476476,17
2337259,9.944790899101019,4
2337264,9.929265350908768,5
2337273,9.80748911908762,9
2337278,9.92504659311823,5
2337279,10.0,1
2337298,9.557319844701912,19
2337299,10.0,1
2337301,9.97934144917781,2
2337308,9.8822826548002,7
2337310,9.985377258233198,2
2337322,9.752368416767798,12
2337337,9.73083784941914,15
2337338,10.0,1
2337348,9.782127595148502,10
2337360,9.725989730502928,12
2337367,9.887289597115963,7
2337382,9.698156249149523,15
2337389,9.90031364684476,7
2337402,9.712019106804297,13
2337409,9.87094281108414,7
2337430,9.554574513171586,21
2337438,9.844094269918976,8
2337440,9.971931419284742,2
2337449,9.802156110165631,9
2337455,9.88807558223365,6
2337461,9.914130908747818,6
2337469,9.825924616925285,8
2337476,9.889186866267073,7
2337487,9.759128201715336,11
2337491,9.935053086020057,4
2337499,9.825150086767099,8
2337515,9.693163581561068,16
2337530,9.634028356078803,15
2337537,9.864735705488862,7
2337552,9.646534005089425,15
2337557,9.91466933492491,5
2337573,9.650032746193036,16
2337590,9.595089785175666,17
2337596,9.893784852995577,6
2337606,9.796100374106423,10
2337623,9.574536518849134,17
2337634,9.773730303501418,11
2337642,9.840954048617176,8
2337652,9.78565545938152,10
2337659,9.866696311061926,7
2337665,9.902520972508963,6
2337668,9.952057244514421,3
2337680,9.748378336460553,12
2337683,9.949561242412349,3
2337688,9.915448071156199,5
2337691,9.956499119710942,3
2337703,9.785734574315933,12
2337704,10.0,1
2337711,9.852365802571395,7
2337717,9.897325569359639,6
2337731,9.68682090399454,14
2337746,9.360599018657206,15
2337755,9.81029756267979,9
2337762,9.872584690008692,7
2337770,9.871574173558471,8
2337782,9.736132298161523,12
2337791,9.707222264870943,9
2337805,9.203126810145461,14
2337817,9.784012966797125,12
2337819,9.971397546772257,2
2337832,9.721719185351816,13
2337833,9.996645420962833,1
2337844,9.758965977070035,11
2337856,9.743002833843368,12
2337862,9.894044587084942,6
2337874,9.710493339273006,12
2337889,9.713533496546892,15
2337898,9.814735371001214,9
2337902,9.950637332699316,4
2337912,9.800157675031453,10
2337916,9.939256961259856,4
2337924,9.86349168506979,8
2337935,9.803854998800011,11
2337938,9.962543904885079,3
2337963,9.365687613895668,25
2337977,9.697323795899957,14
2337978,10.0,1
2337979,9.989645830884953,1
2337990,9.757340465450962,11
2337991,10.0,1
2337999,9.838113466171217,8
2338007,9.857318525170207,8
2338014,9.874584367794105,7
2338021,9.869963090863475,7
2338032,9.781936931259763,11
2338041,9.807676489285953,9
2338048,9.90103019316673,7
2338056,9.872611981202486,8
2338070,9.689178590598493,14
2338084,9.676502879046229,14
2338095,9.76692491637616,11
2338104,9.808387955855036,9
2338115,9.77283801250802,11
2338121,9.901087928401495,6
2338131,9.808677830591883,10
2338152,9.350016840408482,21
2338159,9.863033722334336,7
2338171,9.760648577454198,12
2338175,9.9309059000427,4
2338177,9.973591435801564,2
2338190,9.710911632398165,13
2338197,9.873301545022148,7
2338210,9.710018603506775,13
2338221,9.73141542826741,11
2338231,9.780636008193595,10
2338232,10.0,1
2338265,9.244596429841645,33
2338279,9.713061170715543,14
2338287,9.85288093071112,8
2338301,9.674108235026829,14
2338305,9.92690524146898,4
2338317,9.7092376111544,12
2338329,9.755745626768524,12
2338345,9.652570932043973,16
2338352,9.89906186855036,7
2338358,9.89662301738833,6
2338368,9.794106468353219,10
2338377,9.80823982055535,9
2338395,9.593114173803142,18
2338400,9.91973948960383,5
2338411,9.743950024051385,11
2338428,9.60331423115588,17
2338443,9.439968512801888,15
2338447,9.940371689708384,4
2338459,9.719531539689916,12
2338467,9.863343439173132,8
2338478,9.775340145293697,11
2338488,9.768831482861845,10
2338491,9.947863624793783,3
2338498,9.861359892174892,7
2338506,9.85204358456756,8
2338508,9.974841400127032,2
2338517,9.830840052241056,9
2338523,9.903449393436336,6
2338534,9.78111488448945,11
2338535,10.0,1
2338550,9.693732339278476,15
2338557,9.856686785460749,7
2338570,9.751700486062314,13
2338582,9.743422987819379,12
2338590,9.864535454995941,8
2338604,9.764106143672757,14
2338612,9.854630117641234,8
2338624,9.733043154912046,12
2338633,9.838698772348696,9
2338641,9.865524888870778,8
2338646,9.911142848104356,5
2338662,9.645898360077464,16
2338670,9.874686096607858,8
2338683,9.779596184180761,13
2338696,9.721208487846804,13
2338717,9.528028680809095,21
2338718,10.0,1
2338735,9.660504502159634,17
2338749,9.710971127830117,14
2338756,9.89168215475831,7
2338757,10.0,1
2338766,9.821759320008344,9
2338773,9.893306316020066,7
2338779,9.894896610655287,6
2338790,9.797616416611984,11
2338798,9.862398235688474,8
2338806,9.81817999014545,8
2338817,9.777556934786963,11
2338825,9.847438101996682,8
2338832,9.870005633816485,7
2338833,10.0,1
2338842,9.843767465066358,9
2338848,9.680415096081813,6
2338856,9.860793410396967,8
2338862,9.905988874179963,6
2338869,9.855446156704465,7
2338879,9.798669019828706,10
2338890,9.461646267889442,11
2338891,10.0,1
2338904,9.714426411346661,13
2338909,9.919598604166497,5
2338910,10.0,1
2338917,9.86158869685245,7
2338922,9.926264229162898,5
2338930,9.845110059601527,8
2338941,9.758923595896498,11
2338943,9.9824106749891,2
2338950,9.884384577468948,7
2338951,9.992252070594585,1
2338959,9.866324155283964,8
2338964,9.910238439422596,5
2338973,9.812488665185462,9
2338974,10.0,1
2338980,9.905707265423064,6
2338986,9.884844467219557,6
2338992,9.891477073029112,6
2338996,9.954828637831088,4
2338998,9.980297348967893,2
2339002,9.846192098143156,4
2339006,9.926526871846074,4
2339010,9.950020554468171,4
2339017,9.888595483658506,7
2339021,9.933742967067033,4
2339024,9.969057187388572,3
2339032,9.850322009366208,8
2339038,9.90638554260215,6
2339051,9.695627843115714,13
2339057,9.88724305071434,6
2339073,9.636027676534818,16
2339086,9.731620659547465,13
2339091,9.912403001651796,5
2339101,9.786536122696129,10
2339107,9.90242301088642,6
2339108,10.0,1
2339109,10.0,1
2339110,10.0,1
2339114,9.955889173547945,4
2339128,9.730221038413474,14
2339139,9.81982773341655,11
2339153,9.686295895467234,14
2339168,9.65522484050005,15
2339169,10.0,1
2339180,9.764266176063655,11
2339183,9.968506411829505,3
2339201,9.593359741433604,18
2339208,9.886688631071486,7
2339233,9.634366610244939,25
2339237,9.935410500628798,4
2339245,9.85961246171892,8
2339255,9.78544217313087,10
2339273,9.593434549168977,18
2339277,9.9466217345258,4
2339287,9.798887717072343,10
2339288,10.0,1
2339295,9.862885499275617,7
2339303,9.840618619435189,8
2339317,9.71452833650991,14
2339328,9.779697276975993,11
2339330,9.971045710274192,2
2339337,9.873042452818073,7
2339338,9.988206565557537,1
2339339,10.0,1
2339347,9.849806071143744,8
2339349,9.97004630482892,2
2339366,9.699238146235894,17
2339373,9.876486542687875,7
2339381,9.858742839079786,8
2339392,9.780872736227302,11
2339393,10.0,1
2339411,9.614435647634608,18
2339426,9.730655487145663,15
2339438,9.769957515972127,12
2339453,9.66586215756814,15
2339458,9.912446320156628,5
2339469,9.781259382075925,11
2339470,10.0,1
2339481,9.742091171082835,11
2339487,9.890611797611527,6
2339499,9.736352094383664,12
2339507,9.857420606160199,8
2339516,9.80159556099643,9
2339537,9.506601568227433,21
2339550,9.752405708735735,13
2339553,9.953954099179604,3
2339558,9.908744741356687,5
2339570,9.776483358655929,12
2339575,9.921561628044962,5
2339594,9.145642881336183,19
2339609,9.671298799151046,15
2339617,9.841947259209588,8
2339628,9.755620376817859,11
2339630,9.979273912779105,2
2339647,9.655805909435701,17
2339648,9.988254852390632,1
2339662,9.693051547941185,14
2339674,9.763636707616515,12
2339687,9.72361559124413,13
2339701,9.707672282839333,14
2339712,9.758891768492399,11
2339720,9.82406199573579,8
2339725,9.931560834678614,5
2339741,9.589217230075878,16
2339745,9.93751072196925,4
2339746,10.0,1
2339755,9.827501739037,9
2339764,9.815657637313056,9
2339773,9.825107341074574,9
2339782,9.802057501670385,9
2339783,10.0,1
2339789,9.893336047138833,6
2339798,9.824690539231064,9
2339829,9.358169523535743,31
2339830,10.0,1
2339837,9.878399176507198,7
2339838,10.0,1
2339854,9.621275486767026,16
2339858,9.931676274309666,4
2339868,9.783023763670355,10
2339874,9.90619074104246,6
2339882,9.844631690544993,8
2339883,10.0,1
2339889,9.902166219409692,6
2339895,9.883431661064467,6
2339906,9.799967577827044,11
2339919,9.750261881681359,13
2339927,9.8499830115566,8
2339948,9.51109721993962,21
2339959,9.759593557253893,11
2339967,9.859169081151412,8
2339969,9.972423520610937,2
2339974,9.900180812957815,5
2339986,9.75260295722192,12
2340007,9.071602646271145,21
2340019,9.751055467286436,12
2340031,9.706747409315733,12
2340034,9.958492803903484,3
2340046,9.733099183891541,12
2340064,9.617765411597256,18
2340074,9.798189441443016,10
2340084,9.792656735267961,10
2340099,9.688432407211367,15
2340106,9.87801187083692,7
2340113,9.870081488618883,7
2340123,9.792910125703862,10
2340159,-1.5878492717098247,36
2340167,9.843902951080333,8
2340184,9.597293045819956,17
2340188,9.943058884481587,4
2340206,9.595036117475619,18
2340213,9.872697512895488,7
2340219,9.880201374816957,6
2340232,9.709082839842285,13
2340239,9.855506582434776,7
2340245,9.891944879404425,6
2340259,9.703972606397269,14
2340269,9.777462925630273,10
2340287,9.638897885552993,18
2340288,10.0,1
2340292,9.949698700339646,4
2340306,9.688263514399317,14
2340317,9.757922178326307,11
2340327,9.80199282610667,10
2340337,9.818796497904971,10
2340344,9.871932873100164,7
2340345,10.0,1
2340357,9.779864812465691,12
2340366,9.829496700013566,9
2340373,9.856651405776443,7
2340381,9.828212270633516,8
2340384,9.968671009323867,3
2340388,9.931925953285063,4
2340389,10.0,1
2340399,9.803191714156622,10
2340408,9.80270761534852,9
2340413,9.926489405457597,5
2340425,9.743440500292426,12
2340434,9.807179061232091,9
2340451,9.637663715754302,17
2340457,9.902970889169083,6
2340471,9.660333481585718,14
2340481,9.787405682188263,10
2340492,9.78041431984266,11
2340503,9.763929859794592,11
2340510,9.863770371292624,7
2340523,9.705741939217184,13
2340528,9.912257182689643,5
2340544,9.666360058192199,16
2340550,9.890842998277076,6
2340559,9.805629528458098,9
2340567,9.843201765907882,8
2340573,9.891476538407018,6
2340588,9.656077129831614,15
2340589,10.0,1
2340600,9.769490071851571,11
2340617,9.563809195681443,17
2340618,10.0,1
2340627,9.79767752442035,9
2340632,9.925485853441092,5
2340633,10.0,1
2340641,9.825887896047334,8
2340650,9.822967587464184,9
2340663,9.721063579144985,13
2340670,9.856614146111294,7
2340676,9.89394025447462,6
2340680,9.944600394207711,4
2340681,10.0,1
2340695,9.697654979797191,14
2340699,9.929587331003157,4
2340707,9.856761902714705,8
2340714,9.879209915522193,7
2340724,9.79741778576602,10
2340735,9.760163181691595,11
2340748,9.517688916278345,13
2340751,9.961548663864253,3
2340765,9.691027520663823,14
2340783,9.57619653580733,18
2340796,9.724373028886978,13
2340801,9.914703428573622,5
2340806,9.922376058423943,5
2340815,9.83605142840737,9
2340829,9.698149016686415,14
2340834,9.928843684616906,5
2340835,10.0,1
2340842,9.871746394994473,7
2340851,9.799936148923242,9
2340860,9.822424678686362,9
2340861,9.99306446341978,1
2340872,9.766808982247463,11
2340885,9.697933644964777,13
2340895,9.78889195187215,10
2340910,9.731373201232271,15
2340919,9.826692084476287,9
2340926,9.86284655239956,7
2340930,9.93429267309688,4
2340943,9.69760782206443,13
2340953,9.821495873889935,10
2340964,9.736207025603598,11
2340974,9.78031059758412,10
2340977,9.962044845207181,3
2340981,9.946778041799917,4
2340994,9.713762773946845,13
2340997,9.967053305517428,3
2340998,10.0,1
2341008,9.808795462651895,10
2341010,9.969499315732696,2
2341022,9.772504785597402,12
2341031,9.8447482061631,9
2341043,9.744590417009308,12
2341054,9.785559559975535,11
2341067,9.709598716878054,13
2341078,9.755931271428977,11
2341091,9.73372840798488,13
2341105,9.701205544655561,14
2341111,9.882966450165805,6
2341121,9.806965184669762,10
2341129,9.841088755911873,8
2341137,9.850121946607473,8
2341149,9.737470939609029,12
2341152,9.9569230627603,3
2341162,9.811043181764719,10
2341168,9.907491463881296,6
2341176,9.857897216739655,8
2341183,9.878577582388827,7
2341197,9.680489806169174,14
2341209,9.741173151700515,12
2341219,9.797474210751377,10
2341225,9.911147167317651,6
2341229,9.936702497500761,4
2341237,9.841059259504355,8
2341240,9.965655617355777,3
2341241,10.0,1
2341249,9.854580361989594,8
2341262,9.778442404684814,13
2341272,9.812165868558523,10
2341275,9.95699690745224,3
2341278,9.951396057446441,3
2341280,9.980403710915102,2
2341284,9.957063407072845,4
2341295,9.761087343615175,11
2341298,9.954027848718436,3
2341306,9.845046255177959,8
2341313,9.865856646989013,7
2341325,9.715352084953462,12
2341334,9.821688715345617,9
2341343,9.788333473048235,9
2341356,9.724759624243452,13
2341357,10.0,1
2341364,9.869642180096783,7
2341377,9.687791252887907,13
2341383,9.896530092819496,6
2341399,9.627425577875382,16
2341419,9.511580997693326,20
2341427,9.835365982275471,8
2341436,9.813075196625437,9
2341453,9.633372124095702,17
2341465,9.729789281413076,12
2341474,9.821808226294664,9
2341479,9.919962645117256,5
2341480,10.0,1
2341481,10.0,1
2341489,9.849814323282434,8
2341492,9.965153644375206,3
2341493,10.0,1
2341496,9.969154211915713,3
2341505,9.81664121705458,9
2341508,9.949482046471093,3
2341517,9.82230088804269,9
2341518,10.0,1
2341527,9.799289572981314,9
2341533,9.908248463389393,6
2341542,9.717285207212347,9
2341560,9.617713066664233,18
2341568,9.849223768708974,8
2341575,9.882180977709584,7
2341576,10.0,1
2341587,9.77519429331744,11
2341588,10.0,1
2341598,9.830713231312833,10
2341622,9.603482946563133,24
2341632,9.82444625321549,10
2341645,9.77522853920708,13
2341662,9.618477177042037,17
2341672,9.771383562233629,10
2341677,9.909175438526265,5
2341693,9.677634448394564,16
2341700,9.882491315470997,7
2341707,9.844916161440294,7
2341722,9.693513227429698,15
2341727,9.926916136071215,5
2341739,9.752574447810536,12
2341749,9.78750238431878,10
2341755,9.902085776586299,6
2341767,9.740832505822496,12
2341771,9.951059793374693,4
2341772,9.992413950872596,1
2341778,9.889855334769893,6
2341780,9.968726535152515,2
2341785,9.90395418625641,5
2341792,9.849705035383616,7
2341797,9.936352159171324,5
2341798,10.0,1
2341830,9.074086371382768,32
2341843,9.737522854963315,13
2341862,9.56118191397159,19
2341865,9.954416525703499,3
2341866,10.0,1
2341869,9.951952797581171,3
2341871,9.972651240202339,2
2341882,9.768744679151965,11
2341896,9.583852241758494,14
2341905,9.803704760437945,9
2341916,9.76387755149755,11
2341925,9.817693704829809,9
2341940,9.720567018010748,15
2341955,9.687145831307836,15
2341962,9.853321697663924,7
2341963,9.992650172849737,1
2341964,10.0,1
2341972,9.83703698495732,8
2341979,9.8828214843918,7
2341986,9.882064632718226,7
2341997,9.77716089908919,11
2342001,9.951056910544077,4
2342014,9.705264743202893,13
2342023,9.832897564458435,9
2342029,9.91589682837846,6
2342034,9.899212716696786,5
2342039,9.92113084730362,5
2342049,9.784125912708799,10
2342069,9.519274685512995,20
2342072,9.963917033749267,3
2342076,9.947364475982978,4
2342087,9.765295468197525,11
2342096,9.842154015667873,9
2342101,9.919029374105817,5
2342112,9.766311585435057,11
2342118,9.902185770034308,6
2342128,9.808415800683319,10
2342139,9.769146448548957,11
2342140,10.0,1
2342157,9.667615275653768,17
2342167,9.782324047602245,10
2342176,9.812239602586331,9
2342188,9.728128337564764,12
2342215,9.391795468448993,27
2342225,9.789077642589694,10
2342232,9.86108790742602,7
2342242,9.784419377586147,10
2342243,10.0,1
2342248,9.924258095605033,5
2342257,9.816989419568475,9
2342271,9.70078809846222,14
2342274,9.965631559832792,3
2342282,9.837815218791377,8
2342294,8.754462502940758,12
2342308,9.701344582948028,14
2342315,9.87462501506065,7
2342317,9.978837381138089,2
2342326,9.84348211137933,9
2342332,9.886938287792127,6
2342344,9.736602179776089,12
2342351,9.862264633116455,7
2342359,9.85771623548249,8
2342381,9.4932268379313,22
2342391,9.829971743666066,10
2342398,9.877560568277605,7
2342407,9.748241667913437,9
2342411,9.931934503460482,4
2342420,9.806169905513169,9
2342424,9.930862155642476,4
2342435,9.763956131422306,11
2342451,9.617444717062613,16
2342466,9.661230236976687,15
2342484,9.611611977156258,18
2342498,9.729711202927987,14
2342511,9.749932824358888,13
2342513,9.976754322451864,2
2342523,9.602648909289309,10
2342537,9.678952322625813,14
2342557,9.559633420685039,20
2342564,9.859343575102926,7
2342579,9.677843861498388,15
2342585,9.901306741049353,6
2342586,10.0,1
2342590,9.946964589734975,4
2342592,9.976810686967946,2
2342600,9.829608167729306,8
2342604,9.941649475862953,4
2342606,9.97521014574949,2
2342608,9.983016352543522,2
2342625,9.669418399000973,17
2342626,10.0,1
2342627,10.0,1
2342644,9.662367358528599,17
2342654,9.82788591638279,10
2342667,9.708384173954574,13
2342668,10.0,1
2342675,9.881813402977464,7
2342699,3.4235242151853083,24
2342708,9.833313027680882,9
2342715,9.886826679087859,7
2342724,9.826011499844778,9
2342734,9.807611339095711,10
2342748,9.709164400417226,14
2342749,10.0,1
2342753,9.926892716527313,4
2342754,9.995898006807602,1
2342765,9.759411712101622,11
2342766,10.0,1
2342771,9.92880777516388,5
2342777,9.89983590225191,6
2342780,9.957067481612201,3
2342784,9.935858640990922,4
2342797,9.640511590193347,13
2342805,9.84674000931546,8
2342808,9.971921939592674,3
2342809,10.0,1
2342810,10.0,1
2342822,9.727884833671792,12
2342839,9.676944374370906,17
2342848,9.817444498814083,9
2342856,9.847656830043388,8
2342873,9.681439049476388,17
2342883,9.782074976021333,10
2342898,9.58559404948227,15
2342914,9.646295449665683,16
2342920,9.907750657923474,6
2342924,9.94556404155157,4
2342937,9.706810083040478,13
2342950,9.716473128770385,13
2342979,9.49728595592802,29
2342980,10.0,1
2342991,9.749426517616714,11
2342992,10.0,1
2343004,9.729119255231572,12
2343007,9.95878107543585,3
2343014,9.863688963342119,7
2343025,9.739755821523385,11
2343039,9.698475579758878,14
2343045,9.893787317530762,6
2343049,9.93945127212593,4
2343053,9.928060263679857,4
2343054,10.0,1
2343058,9.935983164854632,4
2343067,9.816821450824017,9
2343079,9.738295885229286,12
2343085,9.883649813970045,6
2343095,9.78694405646568,10
2343104,9.795256865662784,9
2343105,10.0,1
2343116,9.763792383976469,11
2343122,9.881706136237069,6
2343132,9.774592351490954,10
2343133,10.0,1
2343134,10.0,1
2343142,9.84180050570718,8
2343147,9.915131244324742,5
2343152,9.920543077959774,5
2343163,9.763123460584453,11
2343173,9.80724736050351,10
2343177,9.949742788110877,4
2343187,9.794616436999634,10
2343197,9.826145672262747,10
2343208,9.800015804449204,11
2343209,10.0,1
2343210,10.0,1
2343218,9.84211967062443,8
2343232,9.71054806608655,14
2343249,9.612224006217467,17
2343265,9.655153372081699,16
2343270,9.92262568560354,5
2343273,9.953083843828816,3
2343281,9.851696139947736,8
2343287,9.900053308649088,6
2343293,9.880936381098966,6
2343307,9.764609395295636,14
2343308,10.0,1
2343311,9.963092356884419,3
2343318,9.891805525416647,7
2343332,9.594998586904987,14
2343345,9.734391340779412,13
2343350,9.930858905856294,5
2343400,3.110336681664272,50
2343412,9.735031523463807,12
2343432,9.55684429929295,20
2343440,9.829866280714745,8
2343455,9.72002986352651,15
2343459,9.938196284714678,4
2343470,9.733124622829774,11
2343482,9.741859976888927,12
2343483,10.0,1
2343484,10.0,1
2343486,9.98187536762919,2
2343527,-0.6944674638084454,41
2343537,9.786918048502516,10
2343544,9.879774686712619,7
2343561,9.67294549812884,17
2343568,9.902815449023908,7
2343572,9.950052830455876,4
2343583,9.790726172718646,11
2343589,9.8943905246658,6
2343595,9.882572383289755,6
2343600,9.907732412319595,5
2343615,9.706989393022056,15
2343638,9.544214130105303,23
2343648,9.819349433273265,10
2343652,9.931855043003239,4
2343666,9.719824695420577,14
2343676,9.776702899766963,10
2343679,9.956609154427348,3
2343690,9.764319257209342,11
2343692,9.980954937203538,2
2343695,9.947670274171813,3
2343696,10.0,1
2343697,9.992888934758325,1
2343702,9.93020819855863,5
2343715,9.75097661579027,13
2343718,9.964570243475853,3
2343741,9.488265185218475,23
2343755,9.603209992391719,14
2343764,9.820944030300529,9
2343770,9.907132146559023,6
2343774,9.941049359385788,4
2343783,9.816750913200233,9
2343787,9.947889188417887,4
2343796,9.830732408803879,9
2343806,9.796420803249893,10
2343819,9.735710317537375,13
2343830,9.8028392756642,11
2343836,9.88203754078223,6
2343845,9.820316793242235,9
2343846,10.0,1
2343862,9.615223539549037,16
2343875,9.522235735009657,13
2343887,9.717998231669414,12
2343893,9.795394421744819,6
2343901,9.859730141941615,8
2343905,9.925096941998998,4
2343916,9.768758811261037,11
2343924,9.848782066526248,8
2343933,9.838232535656779,9
2343936,9.966248424937572,3
2343944,9.854115695149336,8
2343961,9.667293203468507,17
2343970,9.841261098000748,9
2343978,9.832112876180188,8
2343987,9.811872995696792,9
2343990,9.953930401109776,3
2344001,9.764447818206783,11
2344003,9.981041022153487,2
2344017,9.678405826674789,14
2344025,9.861616498381714,8
2344036,9.74256033499345,11
2344041,9.927242563089347,5
2344052,9.77005290417478,11
2344056,9.934301645710546,4
2344057,9.996661198760947,1
2344062,9.913429824472027,5
2344072,9.79275325590632,10
2344083,9.803147515511565,11
2344087,9.95099333060239,4
2344092,9.92599866460996,5
2344099,9.850224168810671,7
2344106,9.8465680760723,7
2344118,9.753078488473417,12
2344134,9.605603825039553,16
2344135,10.0,1
2344142,9.88190289739459,7
2344153,9.771766826313936,11
2344168,9.651403965085729,15
2344174,9.890408339291088,6
2344182,9.871048390356044,8
2344185,9.955214273779767,3
2344193,9.848594472801992,8
2344211,9.637619195666169,18
2344215,9.937421538011149,4
2344226,9.793499761577337,11
2344232,9.910640088343795,6
2344237,9.92147022460014,5
2344247,9.766841801781043,10
2344260,9.737238953651348,13
2344269,9.812216970910939,9
2344271,9.971979457992951,2
2344279,9.6322779735236,8
2344290,9.786095407055631,11
2344303,9.714766884837609,13
2344315,9.777652985315623,12
2344321,9.875723005654956,6
2344336,9.672733482201947,15
2344343,9.879223831385609,7
2344353,9.818801987947186,10
2344366,9.707823763970481,13
2344369,9.970838925206298,3
2344378,9.814840122236768,9
2344386,9.84254789404545,8
2344399,9.705928940717744,13
2344406,9.864889182263658,7
2344410,9.947981972739212,4
2344413,9.951872745488544,3
2344426,9.71409105448274,13
2344434,9.832033693913882,8
2344453,9.597790221750248,19
2344463,9.81488333997507,10
2344473,9.777574783123598,10
2344485,9.727691415332263,12
2344486,10.0,1
2344488,9.972510809745472,2
2344498,9.81255969922652,10
2344504,9.893320677626226,6
2344505,10.0,1
2344511,9.889661221079132,6
2344518,9.897906148899844,7
2344534,9.686037555447147,16
2344543,9.84022948399175,9
2344551,9.845101704044305,8
2344558,9.88855596219988,7
2344565,9.88908716978459,7
2344575,9.783925164164684,10
2344582,9.88278966809577,7
2344588,9.910918974464446,6
2344599,9.79833397780889,11
2344605,9.925288007460132,6
2344620,9.731344510019792,15
2344624,9.931773290492073,4
2344626,9.982963809628629,2
2344641,9.628532486809267,15
2344658,9.596169134482894,17
2344666,9.854096796759858,8
2344682,9.632693813997495,16
2344980,0.6556061278399206,298
2344990,9.834463883746148,10
2345007,9.594279309059177,17
2345019,9.730756562355657,12
2345028,9.84014341761202,9
2345043,9.671546088798928,15
2345055,9.73680914246205,12
2345067,9.78261732710669,12
2345071,9.941323342334503,4
2345082,9.78623180476864,11
2345095,9.770563308136332,13
2345110,9.631209460293753,15
2345115,9.931431611560944,5
2345132,9.622514207415842,17
2345141,9.832852229431799,9
2345151,9.82804940122443,10
2345167,9.634096873403108,16
2345179,9.777685375331579,12
2345187,9.851627336427683,8
2345188,10.0,1
2345202,9.689925687048856,14
2345220,9.5570989308031,18
2345228,9.876921460467173,8
2345247,9.527353541383713,19
2345261,9.67325496653221,14
2345267,9.892383951641609,6
2345283,9.679705844587852,16
2345291,9.851719164054812,8
2345297,9.894347295882293,6
2345302,9.919188783047797,5
2345306,9.930769750770683,4
2345310,9.944214624406577,4
2345325,9.645605478809227,15
2345340,9.642756308331377,15
2345352,9.78895452676658,12
2345356,9.943793041708341,4
2345370,9.685699189197807,14
2345371,10.0,1
2345375,9.943249828139328,4
2345381,9.877109816269382,6
2345393,9.824419643569323,12
2345402,9.810385554649983,9
2345412,9.795245957882466,10
2345413,10.0,1
2345417,9.935300796013763,4
2345427,9.815779229122498,10
2345440,9.730430114405028,13
2345445,9.921819880562094,5
2345454,9.828812942681427,9
2345460,9.902758004387884,6
2345471,9.770794509815735,11
2345473,9.975226907105604,2
2345484,9.787466705630703,11
2345485,10.0,1
2345489,9.936040232381657,4
2345490,10.0,1
2345499,9.841725007925406,9
2345510,9.781465473661527,11
2345517,9.864827217978169,7
2345533,9.688820704606186,16
2345541,9.836707798593034,8
2345557,9.619109148372008,16
2345575,9.453405604791984,18
2345591,9.605509551721463,16
2345602,9.785479038564743,11
2345612,9.782066528069901,10
2345618,9.89008385175103,6
2345633,9.674873634385648,15
2345643,9.77950969233333,10
2345650,9.859544153034994,7
2345651,10.0,1
2345653,9.971061031195738,2
2345667,8.890469447500816,14
2345683,9.655570118570694,16
2345689,9.895246745908892,6
2345695,9.891320831918188,6
2345705,9.80808121067512,10
2345711,9.888244112243003,6
2345719,9.844974780029654,8
2345729,9.788243203882946,10
2345733,9.939199211745596,4
2345748,9.71400046864013,15
2345761,9.701235994162044,13
2345762,10.0,1
2345774,9.80506885391419,12
2345788,9.67219958850699,14
2345795,9.870874504118522,7
2345812,9.589122167345113,17
2345829,9.580939800567625,17
2345833,9.943594858492567,4
2346333,-16.21201599617032,500
2346346,9.730915163932021,13
2346358,9.765077213134543,12
2346372,9.722713132816196,14
2346872,-21.391476467681244,500
2347372,-22.29678719841741,500
2347872,-74.48791575164019,500
2347883,9.80381881497993,11
2347888,9.920428971513918,5
2347897,9.798734670998236,9
2347910,9.723408654460059,13
2347913,9.953336681843169,3
2347924,9.791088610446335,11
2347936,9.744139102775469,12
2347942,9.890121915659101,6
2347956,9.665866195053997,14
2347957,9.996397183088236,1
2347963,9.887928579223525,6
2347977,9.721866762864149,14
2347982,9.925003310345447,5
2348001,9.617639529806175,19
2348009,9.867721795024895,8
2348018,9.803280945093675,9
2348034,9.427682791395254,16
2348047,9.7324775059104,13
2348059,9.755626204000592,12
2348073,9.678511559102503,14
2348084,9.600177806898298,11
2348097,9.709387384650052,13
2348104,9.853146550771088,7
2348110,9.87995513548552,6
2348119,9.808917018392044,9
2348120,10.0,1
2348121,10.0,1
2348131,9.779357755803542,10
2348140,9.818481817572676,9
2348147,9.753291240310075,7
2348148,10.0,1
2348156,9.811465786871784,8
2348167,9.754151571942012,11
2348177,9.82063443801798,10
2348186,9.800381720847092,9
2348190,9.950546162266491,4
2348194,9.940795552440868,4
2348201,9.862178425191802,7
2348218,9.617513255841665,17
2348224,9.895811122779232,6
2348239,9.689812101232437,15
2348248,9.812034330057202,9
2348249,10.0,1
2348253,9.94476287946068,4
2348262,9.834599897997585,9
2348265,9.963842995051857,3
2348266,10.0,1
2348269,9.865108625972702,3
2348274,9.92344995969922,5
2348290,9.658655541876211,16
2348297,9.872847921163062,7
2348315,9.607700608527663,18
2348321,9.87879445748412,6
2348333,9.76726736629178,12
2348340,9.873321545684423,7
2348354,9.37250771238797,14
2348364,9.800978490159158,10
2348365,10.0,1
2348375,9.792806503962781,10
2348376,10.0,1
2348387,9.764822302395785,11
2348392,9.904513187304175,5
2348406,9.718367362482107,14
2348413,9.8898570314305,7
2348420,9.879851066209593,7
2348427,9.864852284152756,7
2348444,9.580420030716281,17
2348454,9.782224382498748,10
2348464,9.793521105435369,10
2348477,9.742757824645762,13
2348490,9.716971041825602,13
2348495,9.905983667707584,5
2348496,10.0,1
2348506,9.810415400284283,10
2348518,9.769627221057402,12
2348519,10.0,1
2348528,9.817911290380975,9
2348541,9.736790042765758,13
2348545,9.940864619252014,4
2348546,10.0,1
2348556,9.789948628680728,10
2348557,10.0,1
2348567,9.81881519417395,10
2348570,9.95528043990583,3
2348580,9.787215491331994,10
2348581,10.0,1
2348588,9.853997802707427,7
2348597,9.820687626666494,9
2348608,9.78761098118109,11
2348618,9.77472763525461,10
2348631,9.733032466014649,13
2348641,9.780593635647934,10
2348660,9.34749649592801,19
2348669,9.813813992975746,9
2348681,9.739183030130764,12
2348691,9.835501672095102,10
2348702,9.768329167756681,11
2348703,10.0,1
2348711,9.864930098406417,8
2348719,9.875056710158384,8
2348721,9.978289168726848,2
2348727,9.804669689860027,6
2348743,9.65218898366532,16
2348753,9.784283883557114,10
2348761,9.847678657399554,8
2348770,9.833307597932569,9
2348777,9.896149552586447,7
2348791,9.688986517379758,14
2348792,10.0,1
2348801,9.82261838689696,9
2348808,9.87233361258872,7
2348819,9.770451020141358,11
2348823,9.942017458665122,4
2348837,9.687821564522267,14
2348850,9.709373312201164,13
2348856,9.892287498340906,6
2348861,9.92514285993138,5
2348864,9.955444612273578,3
2348877,9.707381105135603,13
2348893,9.667855329658225,16
2348911,9.621893470165146,18
2348912,9.992724844969578,1
2348919,9.884215147153169,7
2348933,9.599971183053231,14
2348947,9.69367449175887,14
2348954,9.872211222476837,7
2348970,9.630453141657469,16
2348978,9.844997548400768,8
2348986,9.866166420510513,8
2348987,10.0,1
2349000,9.737175045046088,13
2349012,9.775039693034755,12
2349019,9.858030351343478,7
2349020,10.0,1
2349021,10.0,1
2349022,9.992910543711986,1
2349037,9.688080714244467,15
2349053,9.637616528032378,16
2349054,10.0,1
2349067,9.766900550549744,13
2349080,9.307241498153273,13
2349096,9.672507171739824,16
2349100,9.94567941016104,4
2349134,9.368999962242096,34
2349148,9.657359445785335,14
2349168,9.569399236733625,20
2349170,9.984638849671983,2
2349185,9.693344661109611,15
2349186,10.0,1
2349196,9.789302269496838,10
2349198,9.985684455448531,2
2349203,9.919733304218385,5
2349210,9.8730640718593,7
2349224,9.706397926367025,14
2349225,10.0,1
2349237,9.744006377692198,12
2349244,9.89307715202937,7
2349245,10.0,1
2349248,9.960069953651601,3
2349251,9.96538748992135,3
2349261,9.784254952507533,10
2349263,9.97307446877178,2
2349273,9.795179113521453,10
2349278,9.913030333943135,5
2349288,9.80640375702423,10
2349296,9.839835608533011,8
2349300,9.935265102492798,4
2349305,9.899347358363585,5
2349306,10.0,1
2349307,10.0,1
2349318,9.75494155682818,11
2349323,9.71813626478371,5
2349332,9.851388206241703,9
2349341,9.810646518831192,9
2349347,9.888784316156311,6
2349358,9.779561786685708,11
2349359,9.992516061016186,1
2349361,9.97181653890919,2
2349368,9.85836871426864,7
2349380,9.774486424345971,12
2349389,9.799734861984934,9
2349396,9.872430483298347,7
2349398,9.97196387923138,2
2349406,9.83547511470403,8
2349407,10.0,1
2349429,9.443369067798493,22
2349433,9.942585635659023,4
2349434,10.0,1
2349436,9.980856537850862,2
2349446,9.777637885639106,10
2349449,9.945327507287328,3
2349470,9.127217689240558,21
2349476,9.889650240187539,6
2349484,9.82442138529927,8
2349489,9.92274774265501,5
2349497,9.860592011948793,8
2349511,9.74282591460274,14
2349524,9.710150443946764,13
2349534,9.773446351475187,10
2349541,9.880161346937202,7
2349556,9.703310137956024,15
2349559,9.949367499402321,3
2349581,9.509123218729789,22
2349597,9.676869242009356,16
2349598,10.0,1
2349611,9.713462277702765,13
2349615,9.931220613287403,4
2349622,9.869344383528396,7
2349628,9.892772476595402,6
2349633,9.925573895878355,5
2349643,9.778327105932735,10
2349654,9.819603908713914,11
2349660,9.876628427234326,6
2349665,9.919939285925775,5
2349682,9.661485673394358,17
2349683,10.0,1
2349695,9.77031740915075,12
2349696,9.991980633955283,1
2349702,9.889829206077575,6
2349716,9.722224500741488,14
2349728,9.550895750374062,12
2349739,9.814552414528261,11
2349752,9.741373379370454,13
2349765,9.745207651961769,13
2349777,9.761742723767926,12
2349779,9.974409110922682,2
2349784,9.907496481369025,5
2349786,9.968878066449212,2
2349794,9.83427687981249,8
2349808,9.682882227644638,14
2349831,9.473384644152695,23
2349844,9.775527808733488,13
2349860,9.61131828838368,16
2349867,9.90007804807789,7
2349877,9.798103765586315,10
2349883,9.89813399141588,6
2349893,9.601523612195463,10
2349901,9.838881649748064,8
2349911,9.798185659764082,10
2349936,9.455688458737738,25
2349948,9.530809368559439,12
2349953,9.903097271918345,5
2349964,9.758943329187076,11
2349971,9.87951328521306,7
2349980,9.84401047255942,9
2349987,9.882002387607828,7
2349993,9.887247102766038,6
2350002,9.802299103504795,9
2350013,9.776882647259713,11
2350035,9.589548064836837,22
2350049,9.749451011734745,14
2350050,10.0,1
2350064,9.701743695115514,14
2350074,9.787947136494482,10
2350079,9.922574820670956,5
2350088,9.83123507250329,9
2350093,9.936780658827157,5
2350101,9.877620442770397,8
2350112,9.585994130119452,11
2350122,9.796272177000903,10
2350137,9.668171437601401,15
2350150,9.744238887665569,13
2350158,9.842555904367696,8
2350168,9.827084039245726,10
2350181,9.7058976814631,13
2350183,9.970582253394983,2
2350189,9.90112058744507,6
2350200,9.765858233481323,11
2350205,9.899195164050338,5
2350207,9.975739329342067,2
2350225,9.598237126289437,18
2350230,9.912694407829,5
2350243,9.723344855827282,13
2350251,9.858070919158253,8
2350261,9.784472634961599,10
2350273,9.75633376803912,12
2350284,9.77374161905337,11
2350285,10.0,1
2350286,9.988582229982141,1
2350299,9.714096711235369,13
2350309,9.84890437831305,10
2350313,9.936852536227773,4
2350323,9.772559927563464,10
2350328,9.915005192045708,5
2350336,9.864461545218234,8
2350337,10.0,1
2350348,9.754182969865441,11
2350355,9.88964839490621,7
2350360,9.905029505143332,5
2350377,9.565062690028835,17
2350384,9.870561603042589,7
2350393,9.802752775068795,9
2350404,9.764083850612401,11
2350405,10.0,1
2350410,9.908447073390299,5
2350414,9.93825680211744,4
2350415,9.996360519045131,1
2350426,9.802034341509916,11
2350430,9.948991404291641,4
2350433,9.964259767670711,3
2350442,9.808854077457955,9
2350446,9.936240744642038,4
2350447,10.0,1
2350478,7.615921831414326,31
2350484,9.891469815249362,6
2350494,9.776458336310956,10
2350496,9.970351423632762,2
2350504,9.84953059615485,8
2350512,9.877748487861146,8
2350524,9.800258418571435,12
2350539,9.70773970638798,15
2350547,9.8548787147389,8
2350548,10.0,1
2350549,9.996126205067467,1
2350561,9.737316253431294,12
2350566,9.916580831895512,5
2350575,9.835084122646574,9
2350582,9.86842650404501,7
2350588,9.904066640646429,6
2350599,9.774285505766837,11
2350610,9.705867230026362,11
2350624,9.677952111097486,14
2350638,9.715387454589926,14
2350643,9.918287177121481,5
2350662,9.564915315602965,19
2350674,9.735112547452207,12
2350685,9.799146076030151,11
2350695,9.785008791030597,10
2350712,9.741050210359907,17
2350725,9.74311070318538,13
2350729,9.935081747787544,4
2350748,9.553905306046978,19
2350759,9.363711234821107,11
2350767,9.84304482857759,8
2350768,10.0,1
2350771,9.950624058789899,3
2350777,9.877562710499424,6
2350778,10.0,1
2350784,9.897011253497277,6
2350793,9.828387542208164,9
2350808,9.63423543039175,15
2350813,9.93741069484532,5
2350821,9.863439096014806,8
2350827,9.878568212480015,6
2350834,9.88342559740724,7
2350837,9.957438843696842,3
2350844,9.875304591425051,7
2350856,9.640614114330907,12
2350869,9.71872465646404,13
2350884,9.610525223900437,15
2350892,9.839725939287675,8
2350901,9.837377628915362,9
2350909,9.848953977001237,8
2350919,9.807606539593987,10
2350928,9.825574868933549,9
2350937,9.825556635529614,9
2350951,9.671779781394228,14
2350960,9.8206940771188,9
2350961,10.0,1
2350967,9.894264326674223,6
2350981,9.674921768035416,14
2350990,9.840245997284747,9
2351004,9.696170275238481,14
2351011,9.865760986838152,7
2351023,9.730366418639498,12
2351034,9.78070509575898,11
2351035,10.0,1
2351056,9.52222903112339,21
2351077,9.468439843291206,21
2351078,10.0,1
2351092,9.741477301150812,14
2351104,9.7172438202302,12
2351112,9.859000791664492,8
2351121,9.839728417398938,9
2351134,9.717943501428143,13
2351147,9.723226477446254,13
2351150,9.964742664809071,3
2351151,9.996766287042965,1
2351160,9.827491028229137,9
2351172,9.804669578800885,12
2351174,9.976012845362678,2
2351182,9.87087885615859,8
2351186,9.944283160397807,4
2351202,9.632189719732551,16
2351203,10.0,1
2351209,9.894448503765137,6
2351227,9.555955577412268,18
2351233,9.879402563776805,6
2351234,10.0,1
2351245,9.816718886839203,11
2351259,9.69870822039079,14
2351271,9.742635786091641,12
2351274,9.965792333158513,3
2351283,9.812239837837572,9
2351293,9.781926182141962,10
2351302,9.805772620359006,9
2351317,9.685950928056839,15
2351328,9.76612281980366,11
2351335,9.869046276181685,7
2351348,9.706878404225092,13
2351354,9.877653789656193,6
2351355,10.0,1
2351362,9.878656052472412,7
2351381,9.586771934951376,19
2351391,9.806961989723614,10
2351398,9.872358860364292,7
2351399,10.0,1
2351419,9.55437038392716,20
2351425,9.90206218282562,6
2351432,9.877847362718496,7
2351443,9.768974905098037,11
2351444,10.0,1
2351450,9.88010290576155,6
2351462,9.730650415295038,12
2351473,9.784466302559824,11
2351479,9.895861739200072,6
2351484,9.925743708360528,5
2351485,9.992493016919013,1
2351489,9.944173195676482,4
2351505,9.615209252405059,16
2351510,9.913608720668176,5
2351523,9.718911609825089,13
2351531,9.828723797789836,8
2351546,9.673609512951199,15
2351556,9.78504893734247,10
2351573,9.629432331746901,17
2351578,9.919294124776874,5
2351584,9.893726129932817,6
2351591,9.881058130712596,7
2351599,9.843340312053558,8
2351609,9.81613351956295,10
2351614,9.906654930397456,5
2351619,9.920110650381416,5
2351636,9.607740289245081,17
2351651,9.545693182013451,15
2351661,9.77703061427446,10
2351666,9.925478417645921,5
2351669,9.968955399438228,3
2351670,10.0,1
2351683,9.724376088635015,13
2351690,9.894031615390483,7
2351702,9.733831284907804,12
2351712,9.794687689432571,10
2351718,9.904643809300573,6
2351727,9.805634845761531,9
2351743,9.66917121768833,16
2351744,10.0,1
2351754,9.775563973302836,10
2351764,9.782189270768818,10
2351768,9.930241599176329,4
2351774,9.8948396614419,6
2351783,9.830019996462827,9
2351791,9.859491724668738,8
2351799,9.78369375240692,8
2351812,9.697699455098764,13
2351822,9.826116859766111,10
2351832,9.780522167323417,10
2351841,9.806914454161106,9
2351854,9.74944949682585,13
2351865,9.7629287903079,11
2351867,9.981393454517885,2
2351878,9.763832307635568,11
2351886,9.86284505837231,8
2351896,9.764199601055884,10
2351899,9.967912594018891,3
2351904,9.926772260286112,5
2351912,9.82851019515696,8
2351913,9.991863777108255,1
2351919,9.894169281448299,6
2351927,9.880324921093944,8
2351928,10.0,1
2351940,9.735228436141583,12
2351941,10.0,1
2351942,10.0,1
2351943,9.991813124668097,1
2351944,10.0,1
2351953,9.808799843421834,9
2351962,9.815973458047289,9
2351979,9.61625498642998,17
2351997,9.588269330395295,18
2352008,9.790767297503121,11
2352011,9.948524215297196,3
2352022,9.761359117919149,11
2352024,9.970238765195136,2
2352033,9.83308398683365,9
2352045,9.77967910973234,12
2352057,9.730815449043797,12
2352071,9.70880044536846,14
2352079,9.840838992529816,8
2352088,9.822251162099391,9
2352096,9.826048322992024,8
2352104,9.860187656162477,8
2352105,10.0,1
2352114,9.822224053504774,9
2352133,9.592969078044822,19
2352146,9.741377412313403,13
2352161,9.673916860421642,15
2352168,9.886315706107046,7
2352178,9.804224105030404,10
2352187,9.803449017845043,9
2352189,9.985136190437807,2
2352204,9.650178447276092,15
2352211,9.879150092313497,7
2352222,9.77529657029721,11
2352229,9.860702517217485,7
2352239,9.813656952499908,10
2352240,10.0,1
2352261,9.55884036547607,21
2352266,9.914404590997831,5
2352276,9.797231149977176,10
2352288,9.743875730877095,12
2352300,9.737648499394046,12
2352316,9.674218639386796,16
2352325,9.804716446450026,9
2352337,9.637976085016826,12
2352352,9.669591269237479,15
2352363,9.781032270200306,11
2352370,9.879405813846672,7
2352371,10.0,1
2352379,9.855006164579102,8
2352390,9.771240851160455,11
2352394,9.942336598634798,4
2352411,9.586449376189933,17
2352437,9.524947960752963,26
2352445,9.847431513507376,8
2352457,9.766026739260557,12
2352469,9.730252367367042,12
2352476,9.866490650162497,7
2352477,10.0,1
2352490,9.76413731317382,13
2352496,9.898776110650859,6
2352505,9.811738425638076,9
2352518,9.707028212167875,13
2352526,9.846477001761508,8
2352537,9.782394580300158,11
2352546,9.824871096904735,9
2352548,9.968670308786365,2
2352564,9.652929486738206,16
2352565,10.0,1
2352576,9.77163461484961,11
2352580,9.931630264725667,4
2352588,9.845714839866146,8
2352600,9.781213087929368,12
2352612,9.725774992393196,12
2352615,9.96244894296617,3
2352624,9.82476463634561,9
2352639,9.656847221383043,15
2352654,9.680134616565823,15
2352666,9.719566122894232,12
2352674,9.84388182923814,8
2352687,9.7168131469084,13
2352699,9.743066928031292,12
2352712,9.688102961088022,13
2352713,9.996433022328269,1
2352724,9.75840314992489,11
2352736,9.733044264201675,12
2352743,9.865852134504573,7
2352744,10.0,1
2352748,9.943927779900346,4
2352755,9.876534332848323,7
2352761,9.895969885751239,6
2352777,9.628763199317373,16
2352790,9.718121103227682,13
2352794,9.942359931500379,4
2352802,9.83366292958375,8
2352810,9.846308146060972,8
2352812,9.979880725793606,2
2352816,9.922778590321931,4
2352824,9.82024692033766,8
2352832,9.854828521413761,8
2352838,9.879754484055809,6
2352847,9.843722096209492,9
2352858,9.791409733689354,11
2352864,9.894840121652765,6
2352873,9.813959876748305,9
2352880,9.881232315407402,7
2352895,9.67080352606291,15
2352906,9.787725576974665,11
2352910,9.935799902893253,4
2352954,9.324359910009411,44
2352961,9.870214013170372,7
2352975,9.684562169893235,14
2352987,9.769441932212338,12
2352993,9.909424198193559,6
2353001,9.83854094720658,8
2353016,9.4644131333016,15
2353019,9.959865466870351,3
2353028,9.827700450869582,9
2353038,9.83779039423818,10
2353053,9.66363316025269,15
2353057,9.93162398390686,4
2353065,9.872601730377195,8
2353072,9.85950649309129,7
2353084,9.744773696868622,12
2353101,9.6061103764357,17
2353109,9.83959028732019,8
2353121,9.752731741352727,12
2353128,9.875927335533206,7
2353135,9.870534863769489,7
2353136,10.0,1
2353153,9.604114567238636,17
2353154,10.0,1
2353160,9.901439723320504,6
2353163,9.966361509845203,3
2353174,9.763029698684068,11
2353185,9.809515045534813,11
2353187,9.969915449310804,2
2353194,9.881075883495434,7
2353205,9.787633784603528,11
2353213,9.832617977186905,8
2353222,9.808952064104073,9
2353236,9.684339415427983,14
2353243,9.869747726361657,7
2353254,9.7620025415506,11
2353266,9.44562750978298,12
2353281,9.679689435542647,15
2353290,9.813580225528034,9
2353301,9.756850479649263,11
2353320,9.593807268193355,19
2353328,9.845626137239165,8
2353337,9.801995995837794,9
2353348,9.770913900164663,11
2353360,9.735491230658692,12
2353371,9.783123512342238,11
2353380,9.826917405402273,9
2353385,9.913758358671476,5
2353386,10.0,1
2353404,9.5682407565246,18
2353415,9.759121103605064,11
2353436,9.541691777829662,21
2353445,9.803532482265826,9
2353448,9.96947996669716,3
2353449,10.0,1
2353462,9.597434929421842,13
2353468,9.88349890712752,6
2353478,9.834011348792925,10
2353490,9.723278964464509,12
2353497,9.866147914998797,7
2353502,9.896283506614692,5
2353508,9.88356996600337,6
2353518,9.7779198361875,10
2353529,9.746396184372294,11
2353541,9.74359187800168,12
2353546,9.91191421802136,5
2353559,9.71741489275292,13
2353571,9.755779546081905,12
2353580,9.80697202397824,9
2353586,9.88497800059077,6
2353593,9.8687783512694,7
2353605,9.712707412700382,12
2353619,9.712622571186142,14
2353624,9.915088956194788,5
2353633,9.851525313766098,9
2353647,9.68332040749303,14
2353648,10.0,1
2353658,9.78752280187423,10
2353675,9.605103170625371,17
2353685,9.802952436522627,10
2353697,9.726408423606287,12
2353701,9.930399328673257,4
2353709,9.858923236700155,8
2353714,9.91976010173595,5
2353719,9.909977426569602,5
2353724,9.921358446750766,5
2353725,9.992218017505218,1
2353733,9.858261964114284,8
2353744,9.781786711410954,11
2353756,9.724416433882489,12
2353762,9.912249454316822,6
2353765,9.958755558762673,3
2353775,9.778845199146543,10
2353786,9.761849598436282,11
2353787,10.0,1
2353790,9.955917011975549,3
2353798,9.86799554371709,8
2353810,9.72109616545656,12
2353822,9.766198106783742,12
2353823,10.0,1
2353824,10.0,1
2353831,9.868838534630752,7
2353836,9.925675165090786,5
2353843,9.868740327366375,7
2353859,9.452986557626717,16
2353862,9.963237756933374,3
2353868,9.906437709104297,6
2353876,9.858033110351798,8
2353890,9.692690796818368,14
2353902,9.7174368122505,12
2353911,9.802640242326065,9
2353929,9.572344591744537,18
2353936,9.864698778660575,7
2353944,9.829144071354639,8
2353958,9.717155398035926,14
2353969,9.842063198861418,11
2353977,9.85201133508308,8
2353989,9.791504541559693,12
2353995,9.879089615376923,6
2354009,9.587999814533513,14
2354010,10.0,1
2354017,9.872922598667534,7
2354025,9.835090030282295,8
2354029,9.92545923983146,4
2354037,9.87641018021306,8
2354043,9.887256379963322,6
2354047,9.93176294471581,4
2354052,9.918361660598883,5
2354053,10.0,1
2354054,10.0,1
2354055,10.0,1
2354056,9.985963810642476,1
2354069,9.732302153313652,13
2354071,9.979366726422162,2
2354074,9.967139663154542,3
2354084,9.780090083472652,10
2354092,9.840610445124774,8
2354099,9.852700867851755,7
2354102,9.965415171921622,3
2354108,9.885475207627815,6
2354109,10.0,1
2354124,9.686881955247602,15
2354125,9.989079334601785,1
2354131,9.892637403279569,6
2354141,9.795061510640291,10
2354149,9.831530948866043,8
2354164,9.687198164130221,15
2354172,9.842584033455386,8
2354184,9.70122665822391,12
2354190,9.914304981143763,6
2354195,9.903007877864182,5
2354200,9.926710368086232,5
2354215,9.653774103062922,15
2354225,9.771426467627418,10
2354244,9.583854527100241,19
2354259,9.694391944453436,15
2354274,9.726202032845471,15
2354280,9.911400383327619,6
2354281,10.0,1
2354287,9.899842876760987,6
2354302,9.688975578964486,15
2354303,10.0,1
2354304,10.0,1
2354315,9.764964805962961,11
2354324,9.814358749247319,9
2354336,9.77420587050789,12
2354347,9.756894651898374,11
2354355,9.86569010396907,8
2354367,9.72031973181271,12
2354377,9.788535786623987,10
2354392,9.689141321499589,15
2354403,9.808704947252886,11
2354413,9.835846459318267,10
2354429,9.197504337062531,16
2354430,10.0,1
2354437,9.667227475337949,7
2354444,9.846000036431612,7
2354453,9.795082597827138,9
2354462,9.796132965692093,9
2354470,9.831600708808574,8
2354477,9.868428843843779,7
2354488,9.74123707375443,11
2354496,9.856641485952045,8
2354501,9.915698364815844,5
2354504,9.963282946164757,3
2354518,9.69666022551502,14
2354524,9.872949387858515,6
2354535,9.763418622637804,11
2354543,9.845517743085889,8
2354561,9.60241548003409,18
2354574,9.734529263440264,13
2354584,9.785283284107166,10
2354593,9.81010698349241,9
2354596,9.954170565491172,3
2354611,9.62012991032183,15
2354621,9.792397732771628,10
2354630,9.82296855322831,9
2354634,9.94100729466565,4
2354646,9.748638154111099,12
2354657,9.751969313785896,11
2354671,9.69528289481554,14
2354672,10.0,1
2354686,9.678728716244322,14
2354697,9.771464774617906,11
2354707,9.795444532007432,10
2354708,10.0,1
2354720,9.769128379648913,12
2354729,9.812666160124499,9
2354733,9.936324179366682,4
2354744,9.785333635993405,11
2354750,9.901093453732235,6
2354767,9.638565838549319,17
2354777,9.804293413110027,10
2354781,9.943638326624367,4
2354789,9.840894026579287,8
2354790,10.0,1
2354805,9.688879184088107,15
2354820,9.68594861259759,15
2354822,9.974227197219074,2
2354826,9.944219567240893,4
2354832,9.90046407360136,6
2354841,9.806418322569984,9
2354849,9.834029785912564,8
2354851,9.986124659388524,2
2354861,9.81293002228022,10
2354874,9.754144323437014,13
2354884,9.793940965440772,10
2354894,9.783866079300463,10
2354908,9.683938169890322,14
2354916,9.82571640336854,8
2354929,9.713620342692431,13
2354932,9.959180044466288,3
2354947,9.67035404536293,15
2354948,10.0,1
2354959,9.752722316614165,11
2354963,9.928208604857168,4
2354977,9.693875477889987,14
2354986,9.820874381678589,9
2354991,9.918835346127624,5
2355001,9.804195579161176,10
2355008,9.87096684827751,7
2355015,9.872467140618879,7
2355027,9.801680686353242,12
2355036,9.816095111998381,9
2355046,9.808010795384018,10
2355050,9.93697048156867,4
2355057,9.906541644328051,7
2355070,9.741930701504735,13
2355074,9.931962679825332,4
2355081,9.861875449976905,7
2355082,10.0,1
2355092,9.799292654112083,10
2355103,9.76223536140705,11
2355117,9.087923740265142,14
2355130,9.680167043886305,13
2355152,9.565447364870227,22
2355163,9.802969106733714,11
2355168,9.931125824470392,5
2355183,9.701700505280437,15
2355189,9.89586934516242,6
2355198,9.812965966853422,9
2355203,9.918799088976925,5
2355213,9.809129697653782,10
2355227,9.68872892881289,14
2355231,9.928851581523762,4
2355234,9.963349885698035,3
2355240,9.895020981941895,6
2355258,9.591846364373412,18
2355270,9.741372342591397,12
2355278,9.727708486473107,8
2355290,9.72443809551929,12
2355304,9.704612525034602,14
2355314,9.78211405460019,10
2355331,9.626397062409955,17
2355336,9.906875022147805,5
2355348,9.75453701789714,12
2355355,9.899174464626185,7
2355361,9.888559755604726,6
2355370,9.82274988567262,9
2355371,10.0,1
2355380,9.843476546869391,9
2355390,9.792574062076675,10
2355394,9.935992168554625,4
2355402,9.848217890947067,8
2355415,9.720313942383033,13
2355432,9.644676282301415,17
2355441,9.81011401566118,9
2355456,9.625687255579882,15
2355463,9.863361565774527,7
2355475,9.745016150107634,12
2355482,9.88029824406458,7
2355483,10.0,1
2355499,9.644246761036086,16
2355512,9.708061074767139,13
2355519,9.868703397020484,7
2355521,9.983309249203911,2
2355531,9.812920200038038,10
2355541,9.791216279942113,10
2355544,9.955710680556065,3
2355552,9.867546341139562,8
2355563,9.78582467534376,11
2355571,9.832443445756793,8
2355580,9.810203354414226,9
2355585,9.914830914498374,5
2355586,9.99225730565374,1
2355598,9.758748453690556,12
2355604,9.901541522804036,6
2355610,9.797410682486383,6
2355621,9.789936106551702,11
2355636,9.698821635744984,15
2355654,9.576396644966037,18
2355660,9.920109502507376,6
2355665,9.938303732596518,5
2355674,9.830215478144668,9
2355680,9.91618724345556,6
2355692,8.926442707337387,12
2355699,9.882306977740685,7
2355708,9.795408001362752,9
2355717,9.802878258429807,9
2355718,10.0,1
2355720,9.985969843970013,2
2355723,9.971111821389085,3
2355735,9.726091191027828,12
2355738,9.766518771313965,3
2355746,9.844907106963994,8
2355750,9.934988042373027,4
2355751,10.0,1
2355762,9.74162931310519,11
2355772,9.788946605239177,10
2355779,9.864320534722843,7
2355780,10.0,1
2355794,9.680225490485213,14
2355800,9.889284944872259,6
2355807,9.85715840414812,7
2355825,9.551047212968626,18
2355836,9.750652524233592,11
2355844,9.835482264890814,8
2355845,10.0,1
2355854,9.449486614967658,9
2355867,9.756941928167294,13
2355880,9.696644567225887,13
2355888,9.829836098994841,8
2355893,9.919347612157772,5
2355904,9.778641826930441,11
2355905,10.0,1
2355912,9.884030187067657,7
2355924,9.736275014714613,12
2355929,9.921524303829285,5
2355943,9.706214643308886,14
2355951,9.840829753851908,8
2355966,9.685826711357564,15
2355972,9.904629254023193,6
2355978,9.90459328301163,6
2355985,9.874344783837058,7
2355990,9.920675474615278,5
2355997,9.872446994291145,7
2356001,9.941704557741089,4
2356003,9.969725639898567,2
2356009,9.881307294246826,6
2356016,9.853207088774376,7
2356027,9.759383714701777,11
2356042,9.72222561379003,15
2356046,9.931384106045341,4
2356049,9.950347325124872,3
2356061,9.740776031661923,12
2356067,9.894724134154457,6
2356071,9.932920791581486,4
2356081,9.774037862214653,10
2356086,9.92943265496839,5
2356092,9.889115687498009,6
2356093,9.991612974475384,1
2356099,9.894199907039607,6
2356106,9.86764828267179,7
2356111,9.900941912882283,5
2356115,9.940007036668984,4
2356122,9.853042083997344,7
2356130,9.845236629036245,8
2356137,9.858700800270942,7
2356142,9.915888131320893,5
2356146,9.945203486415654,4
2356159,9.718537346051132,13
2356171,9.757545250141371,12
2356179,9.837150603433637,8
2356191,9.66077337452766,12
2356201,9.811518888916467,10
2356208,9.889354316669394,7
2356220,9.760138906693854,12
2356221,10.0,1
2356231,9.791435149594061,10
2356250,9.549178297403769,19
2356252,9.972558973427502,2
2356256,9.932923548704931,4
2356270,9.65953747704545,14
2356276,9.9051998142057,6
2356286,9.801895441834672,10
2356287,10.0,1
2356302,9.642219859802577,15
2356315,9.755087578285787,13
2356328,9.72528427097748,13
2356334,9.88283293894852,6
2356336,9.980441188080372,2
2356353,9.615891185081814,17
2356363,9.798891943333352,10
2356364,10.0,1
2356377,9.72618981230957,13
2356385,9.861152682929895,8
2356395,9.788668842580742,10
2356400,9.935478040743002,5
2356412,9.727784432914653,12
2356423,9.743371821402743,11
2356432,9.8284842248443,9
2356433,10.0,1
2356446,9.71116578584626,13
2356459,9.728628328022582,13
2356469,9.780071899264255,10
2356482,9.71890030408181,13
2356483,10.0,1
2356490,9.874774800661497,7
2356491,9.996364984786899,1
2356500,9.84038369175154,9
2356509,9.837818923406981,9
2356514,9.930259544262258,5
2356520,9.883034220505072,6
2356534,9.736932459830756,14
2356546,9.730301099337082,12
2356557,9.767208429413213,11
2356570,9.517368954545152,13
2356577,9.879871608424429,7
2356587,9.796141665560429,10
2356592,9.919539548017864,5
2356604,9.792763689327542,12
2356615,9.75811802186849,11
2356631,9.617351484911737,16
2356640,9.819003569576298,9
2356651,9.77477711949126,11
2356652,9.989763826942442,1
2356660,9.860310379038134,8
2356665,9.90601568120373,5
2356679,9.714197540475176,14
2356683,9.92750099007988,4
2356690,9.886598238824796,7
2356703,9.794394008126357,13
2356724,9.582424928402823,21
2356732,9.854779226085896,8
2356750,9.58811692201669,18
2356759,9.815515667523748,9
2356760,10.0,1
2356761,10.0,1
2356775,9.70373318265215,14
2356784,9.842775716021949,9
2356791,9.87211642311487,7
2356792,10.0,1
2356796,9.927330732945363,4
2356802,9.894601733284537,6
2356818,9.612480365527455,16
2356826,9.850792599767784,8
2356839,9.731885089906521,13
2356854,9.66984004401885,15
2356873,9.596863870625365,19
2356880,9.890764751762616,7
2356889,9.820427126562697,9
2356902,9.720246593716807,13
2356915,9.516598075006543,13
2356923,9.843423567539867,8
2356924,10.0,1
2356929,9.918340060170799,5
2356940,9.76540112587416,11
2356948,9.844703030737714,8
2356949,10.0,1
2356950,10.0,1
2356953,9.963655247633298,3
2356963,9.776579367166715,10
2356969,9.868818491332197,6
2356984,9.670479961268889,15
2356995,9.77798112472584,11
2356997,9.97194329597916,2
2357006,9.832113426684414,9
2357022,9.639721521462338,16
2357033,9.752014905701667,11
2357041,9.866973345788434,8
2357058,9.612076099811421,17
2357066,9.86754212982263,8
2357069,9.957644219466163,3
2357087,9.627816919770979,18
2357091,9.946422152843263,4
2357101,9.774179841264866,10
2357103,9.980676030684474,2
2357117,9.680572868940018,14
2357118,10.0,1
2357127,9.829637531898289,9
2357136,9.812741831751396,9
2357143,9.884521267721134,7
2357145,9.97703202517968,2
2357161,9.637953201588543,16
2357172,9.755571051566697,11
2357190,9.58218996966821,18
2357198,9.833512588801549,8
2357204,9.903504663546377,6
2357215,9.738773029574801,11
2357221,9.905466259541573,6
2357225,9.950079643849074,4
2357231,9.90954871938669,6
2357246,9.647498284607803,15
2357261,9.66154474437104,15
2357275,9.69736128996103,14
2357284,9.82894384816479,9
2357292,9.856166060241742,8
2357303,9.796598934392977,11
2357315,9.70699651568858,12
2357323,9.851293005581564,8
2357326,9.953418223467226,3
2357333,9.87035616945299,7
2357341,9.861545424053817,8
2357352,9.764221541154495,11
2357370,9.633487461633841,18
2357372,9.978676144758664,2
2357373,10.0,1
2357381,9.845920728286533,8
2357389,9.850616935344185,8
2357399,9.832451162399146,10
2357406,9.858892540130245,7
2357413,9.85752466991863,7
2357418,9.91074036039665,5
2357427,9.79227702144327,9
2357434,9.864796194690106,7
2357446,9.744095304215158,12
2357451,9.909772625940011,5
2357459,9.877187492408243,8
2357482,9.512141643287409,23
2357497,9.696740060711178,15
2357513,9.652874293852141,16
2357516,9.961792040523873,3
2357519,9.957906168773365,3
2357527,9.83298933080962,8
2357536,9.826782691825485,9
2357547,9.756521925048439,11
2357548,10.0,1
2357559,9.78885203073844,11
2357566,9.861967068278329,7
2357577,9.783563772113391,11
2357590,9.701409440864236,13
2357593,9.952218741903282,3
2357605,9.754294525124374,12
2357609,9.937275224751382,4
2357618,9.844485869732033,9
2357624,9.894266379949434,6
2357636,9.751491324102663,12
2357645,9.779819092534836,9
2357660,9.661011972462617,15
2357671,9.754887070465296,11
2357673,9.982993727946925,2
2357677,9.946264871752316,4
2357684,9.854295954692084,7
2357688,9.944147997609326,4
2357704,9.66401120512325,16
2357718,9.722969807356678,14
2357722,9.934705288713399,4
2357733,9.823088755261226,11
2357738,9.911543137146515,5
2357759,9.544654608205125,21
2357775,9.621886733256266,16
2357789,9.678257815659071,14
2357797,9.835586399172115,8
2357810,9.702786733049297,13
2357828,9.592366796228339,18
2357837,9.814992268431519,9
2357842,9.900721993849126,5
2357844,9.980728338426017,2
2357858,9.717595711710485,14
2357859,10.0,1
2357864,9.922138436199809,5
2357871,9.86622069267523,7
2357877,9.87779658033696,6
2357885,9.842516012360575,8
2357886,10.0,1
2357903,9.630991594403806,17
2357904,10.0,1
2357911,9.858849268209093,7
2357924,9.727390408455445,13
2357937,9.723669606181172,13
2357943,9.890281158447802,6
2357956,9.695413796396103,13
2357963,9.879989893168267,7
2357967,9.94604389503201,4
2357977,9.813431609083546,10
2357991,9.701376149740467,14
2357997,9.904332101213534,6
2358008,9.770111066693156,11
2358019,9.795123221003717,11
2358028,9.794528812126302,9
2358036,9.844939250325274,8
2358039,9.957734645353456,3
2358051,9.715606304876838,12
2358052,10.0,1
2358063,9.772008725459498,11
2358079,9.66527725527602,16
2358111,9.481148933524137,32
2358118,9.899102202657813,7
2358129,9.769344499343259,11
2358138,9.828397648739054,9
2358139,10.0,1
2358159,9.505700376315803,20
2358169,9.766842750505523,10
2358178,9.832845734535706,9
2358187,9.84098174672117,9
2358192,9.923763622574247,5
2358201,9.792443258545768,9
2358207,9.911242384266549,6
2358221,9.715481301602484,14
2358226,9.91546085877945,5
2358236,9.799477128521675,10
2358237,10.0,1
2358248,9.793459252615124,11
2358264,9.640421412024018,16
2358265,10.0,1
2358274,9.646753825175608,9
2358284,9.801002341636103,10
2358291,9.866293889752797,7
2358306,9.686079753939424,15
2358318,9.753278235933253,12
2358330,9.738421528172681,12
2358337,9.87806183042387,7
2358343,9.877839502781683,6
2358344,10.0,1
2358352,9.822612145317954,8
2358358,9.88550132099335,6
2358368,9.798415055452761,10
2358369,9.992012946871368,1
2358377,9.867813819905283,8
2358386,9.836257366868258,9
2358387,9.993024279595893,1
2358393,9.89723954061396,6
2358401,9.83018637255408,8
2358406,9.915112289246123,5
2358420,9.676765918529465,14
2358423,9.960998439680202,3
2358439,7.518467330047249,16
2358444,9.922412174054957,5
2358449,9.91565417750994,5
2358459,9.77133789730498,10
2358464,9.915159798083344,5
2358470,9.883937783483079,6
2358484,9.718535992589665,14
2358491,9.858886827538765,7
2358502,9.773372080791882,11
2358503,10.0,1
2358507,9.942977965021546,4
2358517,9.792403896824357,10
2358520,9.959332016730936,3
2358521,10.0,1
2358528,9.868138234836414,7
2358544,9.690319828274342,16
2358545,9.99232221386326,1
2358556,9.771682245272618,11
2358569,9.727874923807327,13
2358570,10.0,1
2358572,9.978479001422006,2
2358581,9.818859062807277,9
2358588,9.850151540663251,7
2358599,9.762645726552604,11
2358603,9.941270703282232,4
2358608,9.926222461438675,5
2358621,9.7532012143429,13
2358622,10.0,1
2358632,9.80629072896015,10
2358640,9.84358328598444,8
2358650,9.585488953438473,10
2358660,9.826015449810786,10
2358664,9.942135957611402,4
2358677,9.703317974051044,13
2358682,9.920026096928623,5
2358690,9.845216519873775,8
2358691,10.0,1
2358705,9.407873076473368,14
2358710,9.899150571995866,5
2358711,10.0,1
2358727,9.622695657398872,16
2358740,9.722754697937782,13
2358755,9.645808809396842,15
2358775,9.587195944532281,20
2358782,9.881114831252816,7
2358789,9.867609916971311,7
2358799,9.812409155377985,10
2358811,9.783995909344831,12
2358828,9.650875822757083,17
2358840,9.741048527871982,12
2358848,9.842143558450507,8
2358852,9.944207130918441,4
2358855,9.950676311484036,3
2358870,9.570605300480832,15
2358878,9.828243065313863,8
2358890,9.760118507593472,12
2358900,9.796684544752148,10
2358912,9.754187037113722,12
2358913,10.0,1
2358920,9.878882976254033,7
2358929,9.83010236846188,9
2358936,9.869376206570838,7
2358943,9.868068878035224,7
2358957,9.735613572533726,14
2358959,9.98588098611277,2
2358966,9.8919356291759,7
2358974,9.848808864835217,8
2358997,9.540133219164613,23
2359007,9.816533289906708,10
2359017,9.84120495561412,10
2359029,9.767771503968037,12
2359035,9.897772215454845,6
2359057,9.455679220766628,22
2359066,9.844817143285942,9
2359077,9.776112568920029,11
2359086,9.82669305009501,9
2359087,10.0,1
2359090,9.96343039229193,3
2359099,9.802395440590825,9
2359101,9.982367881759636,2
2359116,9.652274721552125,15
2359120,9.941531184814208,4
2359123,9.970461353367199,3
2359127,9.93662501370096,4
2359135,9.7624768986077,8
2359144,9.812913594292379,9
2359148,9.948591120543954,4
2359157,9.814813360513444,9
2359168,9.803307970268706,11
2359173,9.932971225332212,5
2359186,9.712030386274753,13
2359196,9.797381595068591,10
2359209,9.53141754055794,13
2359220,9.75567503311995,11
2359226,9.922365417607052,6
2359236,9.792220151922802,10
2359237,10.0,1
2359251,9.683709610462534,14
2359258,9.881728654666311,7
2359259,10.0,1
2359262,9.968899276858933,3
2359274,9.794233986491673,12
2359283,9.815278713201815,9
2359292,9.808413810173576,9
2359304,9.71402811019914,12
2359307,9.948644024118162,3
2359317,9.786871469051274,10
2359326,9.805190841071402,9
2359339,9.703365929309873,13
2359351,9.751909721605832,12
2359364,9.715968384026377,13
2359365,9.996158967491208,1
2359379,9.694594152284289,14
2359387,9.841445626096908,8
2359390,9.965902405941835,3
2359394,9.938490133883132,4
2359404,9.764186258849664,10
2359410,9.888895306850708,6
2359415,9.907993507494641,5
2359436,9.498679131000094,21
2359449,9.70615047512578,13
2359456,9.858268791609655,7
2359467,9.750893046654763,11
2359470,9.95782575854951,3
2359471,10.0,1
2359490,9.558922947660147,19
2359497,9.881219951327498,7
2359507,9.819965807281728,10
2359520,9.715918740004845,13
2359521,10.0,1
2359523,9.97942584779478,2
2359527,9.94159903107571,4
2359536,9.831084922492973,9
2359548,9.758725556101911,12
2359553,9.918840455279504,5
2359568,9.728994042471863,15
2359572,9.943535688687778,4
2359573,10.0,1
2359576,9.765823450503353,3
2359580,9.942446378420119,4
2359589,9.83939871712249,9
2359601,9.772179572123074,12
2359605,9.934175279740971,4
2359618,9.753719099845204,13
2359619,10.0,1
2359620,10.0,1
2359627,9.58057016233999,7
2359632,9.916551533252068,5
2359637,9.913855526148003,5
2359652,9.70789998323782,15
2359662,9.799170843101233,10
2359673,9.781046772791624,11
2359675,9.97610217353673,2
2359682,9.878531310728158,7
2359690,9.8312608785584,8
2359693,9.963018867844609,3
2359712,9.396550191388258,19
2359725,9.716887002347576,13
2359738,9.761622060637507,13
2359742,9.925191959887322,4
2359751,9.81882580691818,9
2359760,9.857290107651732,9
2359768,9.845863242948012,8
2359788,9.28952010706792,20
2359796,9.821461791462834,8
2359809,9.624863362759381,13
2359824,9.702622498199771,15
2359830,9.889749577660181,6
2359843,9.733038833855394,13
2359852,9.845236482602024,9
2359859,9.880463649827826,7
2359872,9.70394720471323,13
2359878,9.885646577924804,6
2359897,9.562734063439436,19
2359900,9.971706191700536,3
2359907,9.862900837125446,7
2359922,9.692254059813262,15
2359927,9.924791871607173,5
2359939,9.660113331521549,12
2359940,10.0,1
2359950,9.80063646426289,10
2359963,9.760876160924811,13
2359972,9.823213187233893,9
2359980,9.87553423356963,8
2359981,10.0,1
2359985,9.938471749845549,4
2359998,9.734877529741485,13
2359999,10.0,1
2360004,9.913017388649683,5
2360015,9.72059934266397,11
2360023,9.863383114443018,8
2360033,9.832722691596045,10
2360049,9.684381978446003,16
2360093,9.041166288352413,44
2360108,9.707791648010572,15
2360124,9.536513015282717,16
2360141,9.62902185663949,17
2360158,9.685505787151966,17
2360163,9.91516102130942,5
2360168,9.906208724754848,5
2360174,9.868775890251053,6
2360181,9.860455397491437,7
2360189,9.853376626658495,8
2360200,9.801935050929727,11
2360206,9.898497391462763,6
2360224,9.675526715844828,18
2360237,9.742905906109215,13
2360246,9.818417079006018,9
2360252,9.903498105081212,6
2360259,9.859688490185313,7
2360273,9.701974062742758,14
2360274,10.0,1
2360288,9.674605757920874,14
2360298,9.79577845994699,10
2360307,9.820048740898704,9
2360308,10.0,1
2360315,9.874865250447831,7
2360322,9.889946338503412,7
2360326,9.938110827643884,4
2360332,9.893057201079625,6
2360345,9.709191645897315,13
2360361,9.64039856471059,16
2360362,10.0,1
2360363,10.0,1
2360375,9.754155494321278,12
2360383,9.836989574174826,8
2360388,9.928872072779486,5
2360396,9.859159322242576,8
2360406,9.806570229555314,10
2360416,9.813592597490832,10
2360418,9.97974249247381,2
2360425,9.86495075970933,7
2360434,9.815610331413655,9
2360443,9.809313260718332,9
2360455,9.763783179045237,12
2360477,9.552101280056513,22
2360485,9.817482283956107,8
2360500,9.696702289659925,15
2360501,10.0,1
2360510,9.807001362467277,9
2360518,9.873526271320024,8
2360527,9.830952737540976,9
2360536,9.799313363103549,9
2360546,9.822289752874669,10
2360554,9.843052812344368,8
2360562,9.886471757669007,8
2360568,9.819425660410298,6
2360578,9.78436266488693,10
2360587,9.829698235584988,9
2360592,9.901081268605239,5
2360600,9.843295094648594,8
2360601,9.996623074525539,1
2360609,9.840867781875875,8
2360617,9.850326410615082,8
2360626,9.808260870555083,9
2360640,9.70662903528205,14
2360648,9.861131507482419,8
2360660,9.773322056474488,12
2360670,9.820200114760503,10
2360676,9.916832308295335,6
2360677,10.0,1
2360687,9.78741323552217,10
2360694,9.886172214408422,7
2360695,9.996164060682133,1
2360713,9.631800095349403,18
2360725,9.73454011103273,12
2360741,9.619589536995253,16
2360742,10.0,1
2360757,9.708954394576145,15
2360762,9.906488259957285,5
2360772,9.817225527369724,10
2360776,9.932519947302085,4
2360784,9.87541334191289,8
2360789,9.917172290941968,5
2360797,9.856704850783242,8
2360822,8.011785696404605,25
2360833,9.809643997584775,11
2360836,9.955491106530642,3
2360838,9.979465662353604,2
2360845,9.8769642464835,7
2360856,9.788135699208123,11
2360865,9.814101434492093,9
2360870,9.915614418041427,5
2360879,9.806494621977768,9
2360887,9.86815346833093,8
2360897,9.812171815635425,10
2360898,10.0,1
2360907,9.826989019937406,9
2360913,9.918121161373408,6
2360919,9.912264948248962,6
2360934,9.660150646224098,15
2360935,10.0,1
2360945,9.793983454670784,10
2360957,9.745297192972512,12
2360966,9.814719131572025,9
2360982,9.6240740844466,16
2360983,10.0,1
2360989,9.889686946534141,6
2360990,9.992499491950591,1
2360994,9.930793724376016,4
2360999,9.908410504028254,5
2361002,9.966265148783231,3
2361011,9.79744765461038,9
2361019,9.85935317659678,8
2361020,10.0,1
2361027,9.851795165695137,7
2361039,9.771086569224021,12
2361040,10.0,1
2361050,9.827124744156745,10
2361055,9.811456994652325,5
2361069,9.675662509553607,14
2361079,9.809081101360608,10
2361082,9.961587981042031,3
2361088,9.883607759205121,6
2361103,9.68457445230472,15
2361112,9.82324269105285,9
2361129,9.653745798080392,17
2361139,9.811848582388986,10
2361140,9.992042176698027,1
2361151,9.76669742846268,11
2361160,9.822489353111681,9
2361171,9.739198000213118,11
2361172,10.0,1
2361183,9.753375879827189,11
2361304,-36.70892657344682,121
2361314,9.793867435071068,10
2361331,9.709599130520276,17
2361344,9.745734914094,13
2361355,9.749292138439614,11
2361373,9.605305953297284,18
2361374,10.0,1
2361376,9.97213624318451,2
2361381,9.916544122110134,5
2361391,9.775087653377634,10
2361396,9.90243809036658,5
2361405,9.835374949803382,9
2361406,10.0,1
2361410,9.937225024567738,4
2361423,9.688211868139133,13
2361431,9.76522980528974,8
2361434,9.949465274893107,3
2361445,9.748928583383247,11
2361453,9.867655226555119,8
2361458,9.91405058861266,5
2361467,9.856453221685348,9
2361483,9.629770273003004,16
2361484,10.0,1
2361489,9.917429567777718,5
2361501,9.73972487901011,12
2361522,9.576811674411479,21
2361526,9.93515660608974,4
2361535,9.834095411297447,9
2361540,9.917268560287784,5
2361548,9.846135978257577,8
2361555,9.875453905470168,7
2361558,9.95445224778942,3
2361571,9.696674886623132,13
2361576,9.9164327418395,5
2361582,9.911804317764886,6
2361594,9.777262379238005,12
2361612,9.642130947514906,18
2361619,9.856641052534544,7
2361620,9.99168555484589,1
2361630,9.845533812793906,10
2361640,9.789233264624903,10
2361648,9.835228110426407,8
2361665,9.686395949758602,17
2361679,9.677700816422828,14
2361685,9.885708542815506,6
2361700,9.674103936398874,15
2361712,9.731963579123088,12
2361731,9.543275025649452,19
2361740,9.804450010817208,9
2361746,9.880625052827792,6
2361759,9.650833883911806,13
2361767,9.842654072674403,8
2361777,9.774658609012185,10
2361788,9.794706421415805,11
2361792,9.943331752608442,4
2361800,9.846716146577531,8
2361820,9.63225888965018,20
2361821,9.9881597729993,1
2361822,10.0,1
2361827,9.925986192556,5
2361841,9.735781941753334,14
2361847,9.89840329344385,6
2361858,9.752672861981905,11
2361860,9.971528463596064,2
2361864,9.936754857254135,4
2361869,9.918485637338279,5
2361879,9.794255918580218,10
2361895,9.688721523469079,16
2361906,9.747755225078867,11
2361916,9.810014803230182,10
2361917,10.0,1
2361931,9.688943856524453,14
2361934,9.955467147438076,3
2361939,9.90419543184673,5
2361948,9.80738828330465,9
2361955,9.848330622391012,7
2361962,9.87200792758594,7
2361965,9.958266073383502,3
2361981,9.641849123994254,16
2361988,9.891569810926136,7
2361989,10.0,1
2361996,9.868365187300116,7
2361997,10.0,1
2362002,9.928626220886224,5
2362017,9.701372332472072,15
2362019,9.979342542953804,2
2362024,9.9292943409224,5
2362025,10.0,1
2362033,9.861391034988308,8
2362042,9.822868977844754,9
2362043,10.0,1
2362056,9.699512268440778,13
2362066,9.762841944849827,10
2362077,9.743550287492322,11
2362082,9.91746916783524,5
2362095,9.724982435159443,13
2362109,9.68635715497785,14
2362110,10.0,1
2362116,9.898445057582503,6
2362123,9.558886677677194,7
2362134,9.789227140734273,11
2362143,9.822151379395113,9
2362147,9.935435143177054,4
2362162,9.575637130663162,15
2362167,9.927994639807403,5
2362174,9.864292812589705,7
2362185,9.80410283374623,11
2362193,9.848021173763257,8
2362194,10.0,1
2362200,9.907596732396243,6
2362211,9.800085816812443,11
2362216,9.920034236378319,5
2362226,9.809719986876887,10
2362233,9.862456393114194,7
2362235,9.971585592912913,2
2362248,9.740752611562835,13
2362259,9.793885571646651,11
2362265,9.905244862406729,6
2362271,9.894006376082624,6
2362280,9.8021752441764,9
2362297,9.687958004265893,17
2362298,10.0,1
2362314,9.670813009087162,16
2362339,9.236646011258934,25
2362351,9.788917131997607,12
2362365,9.738956705558326,14
2362366,10.0,1
2362374,9.856210306578463,8
2362391,9.691816182436783,17
2362407,9.676925698593632,16
2362417,9.801940841545182,10
2362427,9.783385703705385,10
2362439,9.748305962355856,12
2362447,9.633871923186861,8
2362453,9.897887208208836,6
2362461,9.86003144380168,8
2362470,9.809386966304942,9
2362477,9.880852735930066,7
2362479,9.972019908617774,2
2362480,10.0,1
2362488,9.870818128915277,8
2362494,9.884095504256596,6
2362500,9.882228813626869,6
2362505,9.920738664185897,5
2362518,9.70351864028056,13
2362525,9.875005611363122,7
2362531,9.886740417234487,6
2362537,9.884518280710257,6
2362542,9.930082576127289,5
2362543,10.0,1
2362551,9.855605106862036,8
2362554,9.957429426150847,3
2362569,9.692052702335827,15
2362575,9.903794525638089,6
2362581,9.897966931263312,6
2362592,9.76649689360614,11
2362598,9.916149505316065,6
2362619,9.557369302772749,21
2362632,9.690652112226282,13
2362640,9.873392749107428,8
2362647,9.880208186233789,7
2362662,9.657755147208908,15
2362670,9.842636177031485,8
2362677,9.868257747666272,7
2362687,9.809609352592398,10
2362699,9.729130347916852,12
2362712,9.717067819841976,13
2362723,9.738855020086651,11
2362732,9.831389433934026,9
2362745,9.713506713367817,13
2362751,9.870266009106052,6
2362752,10.0,1
2362768,9.481518554664055,16
2362776,9.826633153101984,8
2362803,9.430401087589914,27
2362816,9.706313533067693,13
2362826,9.799960280173073,10
2362841,9.723882536819795,15
2362845,9.942804844198907,4
2362849,9.952488353541781,4
2362857,9.843158510838668,8
2362861,9.950229561934556,4
2362877,9.65127801828585,16
2362887,9.792528368563072,10
2362893,9.892566706285505,6
2362905,9.751161224200025,12
2362914,9.791418990441645,9
2362917,9.963707002602876,3
2362928,9.750264788386932,11
2362929,10.0,1
2362949,9.56034988883108,20
2362951,9.973023773951532,2
2362964,9.717981621278872,13
2362966,9.982951034819896,2
2362992,9.339686106980341,26
2363002,9.797174104563547,10
2363007,9.924420411406967,5
2363028,9.481076254632354,21
2363038,9.835349362614275,10
2363040,9.978135663316266,2
2363056,9.642821355759724,16
2363068,9.76569783374463,12
2363073,9.919395542191875,5
2363074,10.0,1
2363089,9.662061589391248,15
2363093,9.936214006985034,4
2363102,9.78928400057001,9
2363109,9.881667073948716,7
2363114,9.91472848574541,5
2363129,9.569682918165977,15
2363132,9.965368411844965,3
2363133,10.0,1
2363146,9.705588783005439,13
2363155,9.808621464952445,9
2363171,9.696238599255706,16
2363185,9.701040190019977,14
2363207,9.511477754016804,22
2363216,9.821285799681032,9
2363225,9.831945053503112,9
2363236,9.761685278804945,11
2363238,9.970813666179142,2
2363244,9.887412571825418,6
2363257,9.740781565067925,13
2363267,9.813533486112823,10
2363280,9.716155514298347,13
2363296,9.666892962342114,16
2363305,9.832675005984372,9
2363317,9.750305936785276,12
2363327,9.817449691372948,10
2363335,9.857374032551123,8
2363346,9.764083701985713,11
2363354,9.833003549082022,8
2363361,9.89186129533399,7
2363362,9.99228107909742,1
2363378,9.689087366952196,16
2363380,9.984499712173054,2
2363381,10.0,1
2363392,9.777637386120395,11
2363402,9.82121557940877,10
2363419,9.639803956251972,17
2363426,9.894983770387531,7
2363427,10.0,1
2363436,9.811682050144434,9
2363439,9.961590524723269,3
2363451,9.78406791290651,12
2363461,9.801683178013269,10
2363473,9.735418263493752,12
2363478,9.917256438952577,5
2363479,10.0,1
2363492,9.712973330174979,13
2363496,9.951264783980973,4
2363506,9.788383575866124,10
2363524,9.565975430544366,18
2363542,9.626771561879863,18
2363543,10.0,1
2363547,9.936325278605285,4
2363553,9.904592657844558,6
2363556,9.956039150644095,3
2363572,9.735203447358266,16
2363573,10.0,1
2363578,9.919175338689646,5
2363579,9.996464060617281,1
2363585,9.883745905687231,6
2363599,9.750860959296721,14
2363618,9.641349177119357,19
2363619,10.0,1
2363628,9.820270038932003,9
2363634,9.89080890258181,6
2363644,9.769328316238045,10
2363654,9.788920746251911,10
2363658,9.930578343301265,4
2363669,9.807140905512851,11
2363683,9.683120631760206,14
2363700,9.667578874815026,17
2363714,9.660331420306807,14
2363717,9.950016317042703,3
2363718,10.0,1
2363720,9.972867519921234,2
2363728,9.850267755006227,8
2363732,9.953721593061339,4
2363735,9.952027674295868,3
2363741,9.878267413287366,6
2363745,9.929620170050606,4
2363749,9.95778551854123,4
2363763,9.673804856971595,14
2363773,9.711334460024707,10
2363788,9.675629925574837,15
2363789,10.0,1
2363797,9.866721221988373,8
2363810,9.756667055819271,13
2363818,9.850846774940669,8
2363824,9.884592336387973,6
2363827,9.95729782471663,3
2363836,9.846187121088828,9
2363841,9.913280972094485,5
2363852,9.76135620755131,11
2363867,9.653911161186898,15
2363883,9.62550849106916,16
2363893,9.792844052269349,10
2363895,9.973662327244922,2
2363909,9.679755586327017,14
2363910,10.0,1
2363922,9.726669583018717,12
2363933,9.762633652199582,11
2363934,9.996635237616687,1
2363945,9.78377805392779,11
2363957,9.74679498768435,12
2363969,9.740849293681634,12
2363972,9.95995329710444,3
2363985,9.68990146616512,13
2363993,9.856309628202863,8
2364006,9.734549856316104,13
2364016,9.815653905400524,10
2364029,9.717134522747672,13
2364038,9.815755376928188,9
2364049,9.774771357766339,11
2364060,9.77097800657248,11
2364062,9.982528614672079,2
2364073,9.74469509800983,11
2364080,9.856192927439755,7
2364088,9.853335035992991,8
2364097,9.822045882357735,9
2364115,9.60441676024735,18
2364127,9.712515724890116,12
2364136,9.80243636541519,9
2364142,9.90083017202954,6
2364158,9.643677092693908,16
2364161,9.965151617215076,3
2364165,9.935833268021304,4
2364175,9.774424033075928,10
2364183,9.828810300688698,8
2364197,9.678622828365516,14
2364202,9.91493660505003,5
2364215,9.685083320335522,13
2364220,9.898818413759692,5
2364228,9.82705609303578,8
2364236,9.86446205969432,8
2364256,9.545323297956084,20
2364261,9.917918528243561,5
2364273,9.761467535370166,12
2364278,9.91418220815081,5
2364279,9.989057426320016,1
2364288,9.797220625620062,9
2364292,9.947891886437093,4
2364298,9.896450721919209,6
2364301,9.949468498841478,3
2364324,9.202025381673208,23
2364325,10.0,1
2364331,9.891136556453672,6
2364345,9.720740208560825,14
2364351,9.876469899752143,6
2364355,9.933168758332386,4
2364367,9.742936208493576,12
2364378,9.754832803258957,11
2364380,9.979071840725814,2
2364401,9.551011649030942,21
2364412,9.797061450427798,11
2364423,9.789461122686722,11
2364427,9.938267049157142,4
2364434,9.85676536261418,7
2364441,9.880786315201329,7
2364452,9.7727879680722,11
2364459,9.862731940962934,7
2364465,9.899469073449463,6
2364466,10.0,1
2364476,9.7885110405652,10
2364481,9.918280016150279,5
2364482,10.0,1
2364485,9.954916607429789,3
2364498,9.783870039384313,13
2364504,9.910829029658311,6
2364505,10.0,1
2364513,9.634472913683796,8
2364514,10.0,1
2364522,9.835311594639647,8
2364523,10.0,1
2364524,10.0,1
2364532,9.849991950909475,8
2364551,9.593318735967381,19
2364562,9.776391525848515,11
2364563,10.0,1
2364570,9.865393955592955,7
2364576,9.901027239841252,6
2364577,10.0,1
2364586,9.815422390441281,9
2364593,9.88559715619583,7
2364600,9.87928900826474,7
2364615,9.682650371118562,15
2364622,9.848695471977894,7
2364627,9.930010122428419,5
2364636,9.824411379289758,9
2364655,9.53783419025425,19
2364668,9.70665835301774,13
2364679,9.75373430829604,11
2364686,9.896285816177675,7
2364695,9.819353434833753,9
2364700,9.931024711207657,5
2364705,9.915731242888537,5
2364706,9.996341937059846,1
2364714,9.830987050713745,8
2364724,9.779895709786313,10
2364746,9.431505753181671,22
2364771,9.217750792324182,25
2364787,9.664190467893862,16
2364795,9.816704931741404,8
2364806,9.663964581282636,11
2364818,9.745974962924002,12
2364824,9.909877761930499,6
2364833,9.822102604166632,9
2364841,9.87484085109106,8
2364849,9.83071861216199,8
2364857,9.85508306884103,8
2364863,9.895621737972695,6
2364872,9.828055923981502,9
2364878,9.90856294590012,6
2364881,9.959329756217722,3
2364889,9.836558574683247,8
2364897,9.829669243874871,8
2364910,9.72640304810842,13
2364925,9.637013578599095,15
2364928,9.961177971249251,3
2364941,9.478940922696845,13
2364946,9.929155364758282,5
2364947,10.0,1
2364948,10.0,1
2364961,9.715715410789569,13
2364980,9.626523741964663,19
2364988,9.848269695226461,8
2364994,9.901779063934118,6
2365000,9.889372423753167,6
2365011,9.779897215750147,11
2365014,9.963141278305642,3
2365018,9.94684759738285,4
2365027,9.799694727112662,9
2365037,9.806790491250437,10
2365045,9.822817048763524,8
2365055,9.794596245140411,10
2365056,9.995892290268008,1
2365058,9.973419829349512,2
2365070,9.728177276010229,12
2365081,9.756763054989436,11
2365093,9.73787798945244,12
2365094,10.0,1
2365101,9.859427305177096,7
2365103,9.979083334858435,2
2365115,9.726037026549438,12
2365128,9.711829137892353,13
2365141,9.687098007746364,13
2365146,9.918423446010227,5
2365152,9.905770323682788,6
2365166,9.705446391203726,14
2365177,9.782678684490214,11
2365179,9.984660393759373,2
2365194,9.67882486049079,15
2365196,9.975359815242314,2
2365213,9.584620204400654,17
2365221,9.853880969654373,8
2365226,9.917799099539796,5
2365232,9.881912401123413,6
2365242,9.794984918026671,10
2365257,9.700211373934394,15
2365258,9.992055533751383,1
2365263,9.925732055371064,5
2365276,9.686729731096557,13
2365295,9.577095851886304,19
2365307,9.793892660859962,12
2365313,9.893499916241163,6
2365322,9.8224521708552,9
2365335,9.711592770095919,13
2365341,9.875803471074228,6
2365354,9.735215241593558,13
2365369,9.696396615900248,15
2365376,9.870937098210263,7
2365382,9.8873208405882,6
2365385,9.967845130642395,3
2365395,9.834801798128424,10
2365414,9.573150327059771,19
2365419,9.925999639348806,5
2365431,9.65747695856661,12
2365439,9.845886706639515,8
2365453,9.69017526761395,14
2365457,9.927739657909306,4
2365463,9.89804913170624,6
2365467,9.939676105973522,4
2365480,9.718227783522238,13
2365483,9.964141022924261,3
2365493,9.820706391115781,10
2365507,9.701714487369408,14
2365515,9.825949908543878,8
2365518,9.953785391175662,3
2365529,9.757735049051384,11
2365544,9.647901864022339,15
2365553,9.827831671466098,9
2365566,9.533811379769148,13
2365572,9.891571645702019,6
2365585,9.720794647480982,13
2365599,9.673305239967357,14
2365610,9.76146740645165,11
2365618,9.85869441170478,8
2365630,9.761710656659558,12
2365631,10.0,1
2365634,9.966818787864398,3
2365636,9.979616256590532,2
2365656,9.558965867584742,20
2365667,9.76142994937291,11
2365674,9.874483252342126,7
2365681,9.867949007746422,7
2365687,9.889678279143054,6
2365711,9.394712659140346,24
2365724,9.700675198787485,13
2365726,9.974565582777833,2
2365738,9.76465425703346,12
2365757,9.505455934832328,19
2365764,9.848167501188033,7
2365780,9.666969001909028,16
2365791,9.785595572376675,11
2365805,9.754165053112802,14
2365833,9.379533613011967,28
2365843,9.790532356802395,10
2365889,9.131298451254093,46
2365903,9.713422440586381,14
2365904,10.0,1
2365910,9.903970440326955,6
2365914,9.922649571030771,4
2365924,9.812257903840447,10
2365935,9.74837770213467,11
2365944,9.831034429581221,9
2365950,9.897230220709595,6
2365958,9.83334828825451,8
2365965,9.862818519382516,7
2365977,9.7434835368531,12
2365984,9.8555913238624,7
2365994,9.786237630004056,10
2366002,9.832258893398913,8
2366018,9.675912781026378,16
2366019,9.993235312764881,1
2366032,9.719983383978887,13
2366038,9.889467509858482,6
2366039,9.99658007048332,1
2366057,9.567054595374035,18
2366066,9.81441999487834,9
2366075,9.80424577095748,9
2366085,9.771817762224774,10
2366096,9.776644687190434,11
2366102,9.893576397492156,6
2366110,9.84314693581246,8
2366125,9.602742500090164,15
2366134,9.863157456122215,9
2366146,9.744641087843732,12
2366149,9.955557110657997,3
2366164,9.660934776206114,15
2366177,9.698169661417445,13
2366180,9.948137884895745,3
2366194,9.694806338660804,14
2366201,9.858487736165724,7
2366205,9.939928306617658,4
2366221,9.600666658529413,16
2366564,-127.82409380716588,343
2366583,9.538451104945926,19
2366588,9.915091828315532,5
2366589,10.0,1
2366603,9.666404851929125,14
2366616,9.730147339563075,13
2366635,9.630552846381985,19
2366647,9.741856013675482,12
2366655,9.852416249578273,8
2366677,9.389440653441815,22
2366680,9.960584382619961,3
2366686,9.896089060463687,6
2366694,9.85077166984261,8
2366698,9.937726946187434,4
2366708,9.813562862301572,10
2366710,9.978379315406073,2
2366717,9.888297926889798,7
2366726,9.809064593135307,9
2366739,9.662470347619886,13
2366743,9.949271939863715,4
2366752,9.820551124773925,9
2366764,9.755694143619891,12
2366774,9.829690677749973,10
2366775,10.0,1
2366779,9.94175731020063,4
2366788,9.837466295043535,9
2366791,9.964399289165287,3
2366802,9.770007121094336,11
2366820,9.653067625175646,18
2366821,10.0,1
2366841,9.567947790639632,20
2366856,9.65881969970893,15
2366860,9.92937724161631,4
2366861,9.996760248066073,1
2366868,9.90472908122915,7
2366878,9.846871706092282,10
2366889,9.738701237824511,11
2366896,9.888067698492836,7
2366906,9.765524339574803,10
2366918,9.740305571520326,12
2366927,9.80232468846404,9
2366936,9.814057396632403,9
2366946,9.772843274651434,10
2366947,10.0,1
2366963,9.64023596157961,16
2366978,9.740918884464419,15
2366984,9.87401553582424,6
2366985,10.0,1
2366988,9.95345993371926,3
2366999,9.814662141005343,11
2367018,9.547505115442448,19
2367036,9.514190388407794,18
2367040,9.938304365632863,4
2367050,9.775973119070366,10
2367064,9.727050801150527,14
2367073,9.821878707468958,9
2367077,9.937841215682164,4
2367086,9.837952459822107,9
2367092,9.884423599771564,6
2367099,9.872171221539217,7
2367111,9.75461107430191,12
2367117,9.900104231019537,6
2367126,9.834782564860781,9
2367138,9.726310836594003,12
2367149,9.738643350942972,11
2367150,10.0,1
2367165,9.682936216900728,15
2367169,9.94668705728953,4
2367179,9.801788559804175,10
2367188,9.812726968293932,9
2367189,10.0,1
2367199,9.769363998741703,10
2367200,10.0,1
2367207,9.900835772607927,7
2367215,9.824325538534943,8
2367218,9.960764866821313,3
2367223,9.917671854374515,5
2367233,9.800136722857482,10
2367236,9.956127004282411,3
2367246,9.787655834129653,10
2367254,9.866040893147948,8
2367258,9.95339887294663,4
2367268,9.786024135948088,10
2367274,9.702124422334354,6
2367292,9.620161971115914,18
2367298,9.880262413236759,6
2367314,9.639690726838355,16
2367323,9.858320361921985,9
2367328,9.908091086429282,5
2367337,9.820167750666808,9
2367351,9.6927467174334,14
2367356,9.923919873133427,5
2367363,9.89321874661145,7
2367371,9.833497143336382,8
2367379,9.857596710033413,8
2367381,9.983786891468853,2
2367394,9.731468093380819,13
2367407,9.424638037949252,13
2367408,10.0,1
2367431,9.283440622053433,23
2367443,9.748236128034055,12
2367461,9.591763840771796,18
2367470,9.793465550107687,9
2367479,9.821592958472886,9
2367488,9.79820350829158,9
2367496,9.868073540479179,8
2367501,9.938120352810959,5
2367510,9.840587209608728,9
2367520,9.815453020661522,10
2367525,9.915905580571097,5
2367535,9.829535253617722,10
2367536,10.0,1
2367542,9.875906262284717,6
2367550,9.819258672601167,8
2367561,9.765612279197393,11
2367567,9.90154641971557,6
2367568,10.0,1
2367578,9.781235439884417,10
2367584,9.897034378872299,6
2367592,9.822879708114057,8
2367596,9.941851104991208,4
2367605,9.806689041972046,9
2367617,9.729522874684932,12
2367632,9.658841683022873,15
2367633,10.0,1
2367644,9.657053096003102,11
2367655,9.773052195982297,11
2367662,9.880135786924518,7
2367674,9.719977994937006,12
2367692,9.632536992865626,18
2367709,9.599805627409877,17
2367718,9.809739299932396,9
2367725,9.887719074724233,7
2367734,9.811666996794097,9
2367735,10.0,1
2367744,9.81020156165021,9
2367745,10.0,1
2367757,9.72197427538056,12
2367763,9.877637242735926,6
2367773,9.79605028488314,10
2367788,9.689922952550836,15
2367793,9.90163190800872,5
2367802,9.863962230082471,9
2367814,9.745707725380987,12
2367833,9.619942882040712,19
2367842,9.835602522111238,9
2367855,9.696392289562125,13
2367865,9.794815023199446,10
2367874,9.84139059316164,9
2367892,9.570352002585834,18
2367904,9.729304505064889,12
2367920,9.629043195408872,16
2367926,9.91140979481278,6
2367936,9.804648567986105,10
2367937,9.988315617167014,1
2367941,9.936376127529837,4
2367942,10.0,1
2367958,9.659254191109383,16
2367959,10.0,1
2367968,9.84882279749262,9
2367970,9.968455302577977,2
2367982,9.794641347796853,12
2367991,9.814325090548474,9
2367999,9.841621534378431,8
2368010,9.767574390392939,11
2368018,9.863119849181471,8
2368029,9.762442182697658,11
2368048,9.556164753792023,19
2368062,9.712804066799091,14
2368063,10.0,1
2368064,10.0,1
2368072,9.85042728745824,8
2368077,9.919833795657013,5
2368096,9.60140904140946,19
2368107,9.606618967513722,11
2368120,9.76995259430051,13
2368126,9.904143392705432,6
2368137,9.779704431217244,11
2368149,9.743985825837116,12
2368154,9.923125860101953,5
2368160,9.883356480475689,6
2368173,9.513665372553145,13
2368185,9.775194040753304,12
2368218,7.520158442613709,33
2368228,9.834855544633607,10
2368231,9.970607537054763,3
2368232,10.0,1
2368246,9.721654516444856,14
2368248,9.975570253834912,2
2368261,9.73563723416426,13
2368269,9.843616862996997,8
2368276,9.872591307231989,7
2368277,10.0,1
2368280,9.955119116230374,3
2368291,9.768528783991007,11
2368293,9.980570743578994,2
2368304,9.557927143449206,11
2368305,10.0,1
2368314,9.819215278914836,9
2368320,9.89472678885595,6
2368326,9.771694934782616,6
2368344,9.570415658285123,18
2368352,9.871161966964253,8
2368363,9.782687779930448,11
2368372,9.83598827531377,9
2368373,10.0,1
2368383,9.775536522758664,10
2368394,9.754984834400565,11
2368397,9.960495280649857,3
2368406,9.854509913111936,9
2368418,9.80600138543089,12
2368419,10.0,1
2368424,9.921402352578863,5
2368436,9.800294445973723,12
2368444,9.841925095684028,8
2368453,9.829040215637297,9
2368464,9.747036850544882,11
2368471,9.863152163687044,7
2368481,9.803128695134824,10
2368497,9.695149292613463,16
2368500,9.9514024951936,3
2368501,10.0,1
2368517,9.657918925132146,16
2368528,9.770204131023995,11
2368539,9.774678991645725,11
2368545,9.881788847485307,6
2368555,9.789786023521662,10
2368563,9.842956766617824,8
2368581,9.110238969981827,18
2368596,9.448456557617389,15
2368603,9.873176992934889,7
2368615,9.714922538601302,12
2368624,9.817872547561159,9
2368629,9.90348447995163,5
2368635,9.878707478582944,6
2368636,10.0,1
2368637,9.996351105506417,1
2368642,9.90657621556983,5
2368648,9.67657484538288,6
2368660,9.759087951979797,12
2368666,9.894226941744328,6
2368667,10.0,1
2368686,9.620890815554018,19
2368695,9.824336662970195,9
2368705,9.787872120365737,10
2368715,9.79747704954926,10
2368725,9.595635159899516,10
2368736,9.743753187988917,11
2368738,9.9753544910835,2
2368751,9.673163029740268,13
2368760,9.808608095806813,9
2368769,9.825915627610662,9
2368780,9.779965057638792,11
2368790,9.827519578179192,10
2368794,9.936423018818209,4
2368804,9.773714539520094,10
2368817,9.764299082200397,13
2368828,9.751245881602905,11
2368829,9.990007996204527,1
2368838,9.827673798436964,9
2368844,9.908366104542228,6
2368853,9.854352719924188,9
2368856,9.97178771980792,3
2368874,9.465922752457475,18
2368880,9.892473745168052,6
2368898,9.583741324670122,18
2368904,9.877841959574425,6
2368907,9.95413032237843,3
2368919,9.751041683662653,12
2368926,9.871899147171606,7
2368934,9.865977528916883,8
2368943,9.826745225293369,9
2368947,9.934849429693976,4
2368953,9.900801449953015,6
2368968,9.668234500571225,15
2368980,9.724993402250352,12
2368988,9.832661580384416,8
2368994,9.893687747036225,6
2369003,9.806426723885856,9
2369006,9.967742731974601,3
2369015,9.812094855771516,9
2369025,9.80597823257837,10
2369042,9.597712012585642,17
2369058,9.631197259273936,16
2369068,9.798785450298178,10
2369077,9.834823104621357,9
2369087,9.793586788795677,10
2369091,9.927953343918675,4
2369108,9.667920311176571,17
2369117,9.816093373176262,9
2369125,9.856188153050606,8
2369136,9.778363198312077,11
2369141,9.939014914702732,5
2369151,9.811185396693023,10
2369157,9.901314393449569,6
2369171,9.727160903078476,14
2369176,9.923860818719744,5
2369181,9.926903716045697,5
2369189,9.865600880592252,8
2369199,9.795476342023607,10
2369203,9.739676334570852,4
2369204,10.0,1
2369219,9.687290607194015,15
2369229,9.779408449399154,10
2369231,9.972100923757457,2
2369242,9.754112748159734,11
2369257,9.674706877915044,15
2369264,9.866464560543632,7
2369265,10.0,1
2369266,10.0,1
2369278,9.735608410369169,12
2369291,9.715994246268455,13
2369311,9.404035965187198,20
2369316,9.921479636482479,5
2369328,9.773050347666297,12
2369340,9.711109827360668,12
2369345,9.898534913330987,5
2369346,10.0,1
2369357,9.80565306090606,11
2369369,9.718425485181303,12
2369375,9.900120171825602,6
2369391,9.503626468584292,16
2369397,9.904058157415864,6
2369403,9.883499680065787,6
2369412,9.821899573491436,9
2369425,9.719990409517639,13
2369439,9.691957174815652,14
2369449,9.67559839183677,10
2369450,10.0,1
2369459,9.809869628431304,9
2369460,10.0,1
2369469,9.841261894817878,9
2369475,9.899197733885764,6
2369480,9.924055920854753,5
2369485,9.938866829463644,5
2369502,9.615919477131605,17
2369508,9.895705841315856,6
2369509,10.0,1
2369513,9.923389073044229,4
2369525,9.571713843895878,12
2369533,9.852324417708566,8
2369546,9.769072724918356,13
2369555,9.8272616096619,9
2369556,10.0,1
2369565,9.79461041723572,9
2369574,9.821214817771295,9
2369587,9.751593779165557,13
2369596,9.82830892838814,9
2369603,9.882099041309989,7
2369618,9.71060965660712,15
2369633,9.70024498685771,15
2369643,9.777419985087326,10
2369648,9.920930560741,5
2369663,9.704026519675272,15
2369682,9.647149676677529,19
2369696,9.767157111347185,14
2369702,9.888813248266018,6
2369706,9.954988244173025,4
2369709,9.960295905576327,3
2369719,9.788887049527508,10
2369720,10.0,1
2370220,-10.48746561006925,500
2370230,9.7796868725031,10
2370236,9.90575520421715,6
2370736,-71.53327467528136,500
2371236,-30.330040112811012,500
2371238,9.975441493178785,2
2371242,9.944051895313997,4
2371251,9.830117663289194,9
2371260,9.83114943597238,9
2371261,10.0,1
2371270,9.751963938703767,9
2371277,9.885351240340174,7
2371286,9.82068745579441,9
2371294,9.845707383874913,8
2371304,9.793826993485666,10
2371314,9.827369189447401,10
2371323,9.837596014915409,9
2371324,10.0,1
2371337,9.711952889262022,13
2371345,9.832551038914497,8
2371350,9.935339639265566,5
2371359,9.836134470907139,9
2371363,9.924999397279015,4
2371378,9.696373325326768,15
2371389,9.782128628261905,11
2371398,9.835006382121684,9
2371407,9.83283406384749,9
2371417,9.767440055935396,10
2371421,9.93716166872999,4
2371425,9.931155109159391,4
2371442,9.611111079702013,17
2371454,9.760260292048638,12
2371456,9.970417671989075,2
2371461,9.925221115231436,5
2371468,9.86477832756573,7
2371472,9.934325482868529,4
2371486,9.465950041736184,14
2371496,9.799386649456146,10
2371512,9.631381376375629,16
2371520,9.833509280973393,8
2371530,9.802932109392563,10
2371531,10.0,1
2371543,9.76084935829502,12
2371553,9.778985953413388,10
2371564,9.785651488148336,11
2371570,9.891637813411036,6
2371582,9.590505255986152,12
2371591,9.808006862296073,9
2371592,10.0,1
2371604,9.719842681686615,12
2371608,9.941057866118213,4
2371619,9.759558719855287,11
2371622,9.962824355615878,3
2371631,9.825829592089509,9
2371634,9.96818765915365,3
2371642,9.841856283086273,8
2371647,9.910516446477795,5
2371659,9.457717920489088,12
2371662,9.957150162608178,3
2371676,9.698774719285746,14
2371687,9.75857651022231,11
2371701,9.6700767187637,14
2371707,9.897255830833432,6
2371717,9.773806407876949,10
2371721,9.939277374957781,4
2371731,9.767573951762387,10
2371744,9.734235746723485,13
2371748,9.936292591757391,4
2371765,9.668214091276507,17
2371770,9.914637690384438,5
2371772,9.977093717689673,2
2371781,9.811900738111492,9
2371794,9.75474142789506,13
2371803,9.824650603074213,9
2371820,9.57661227036446,17
2371831,9.77737867744345,11
2371836,9.911431796860326,5
2371848,9.731517723918973,12
2371859,9.757626415883026,11
2371865,9.889601574921295,6
2371880,9.70579710479873,15
2371888,9.823404866349636,8
2371901,9.682703759660544,13
2371917,9.680951027625843,16
2371920,9.965420525264408,3
2371925,9.927262682616012,5
2371934,9.852435858671,9
2371935,10.0,1
2371944,9.792259990346112,9
2371955,9.750577489696147,11
2371959,9.931260095996157,4
2371968,9.814165418563427,9
2371972,9.939665941941522,4
2371981,9.80531542587623,9
2371990,9.814213086473268,9
2371991,10.0,1
2371997,9.89965817596577,6
2372002,9.926884224329225,5
2372003,10.0,1
2372007,9.93924772795168,4
2372010,9.962695736022809,3
2372013,9.960658857864354,3
2372020,9.869442780256364,7
2372024,9.940598129337914,4
2372029,9.918783943899873,5
2372035,9.892398045048797,6
2372039,9.945852839128012,4
2372053,9.70135083833066,14
2372058,9.911380060690933,5
2372059,10.0,1
2372066,9.86847657622577,7
2372074,9.858560647315544,8
2372087,9.70997889246331,13
2372101,9.682928392766025,14
2372113,9.739850333546991,12
2372124,9.781163227656897,11
2372130,9.88721450466647,6
2372142,9.740881527763818,12
2372150,9.850153464987127,8
2372152,9.98537748349622,2
2372155,9.951604550525781,3
2372167,9.724978787612315,12
2372184,9.598047776979264,17
2372185,10.0,1
2372197,9.748535201770885,12
2372202,9.908128544702633,5
2372212,9.824874669323691,10
2372219,9.884722274767894,7
2372237,9.597442859419264,18
2372248,9.784510890611218,11
2372256,9.85234653244493,8
2372266,9.788535245505752,10
2372275,9.798150559381925,9
2372288,9.739650766959057,13
2372299,9.75551439733978,11
2372300,10.0,1
2372306,9.887646045699073,6
2372324,9.583653142580621,18
2372325,10.0,1
2372334,9.813521242868825,9
2372339,9.925046079943298,5
2372340,10.0,1
2372355,9.678698671059017,15
2372356,9.991514105128717,1
2372366,9.781715466030006,10
2372383,9.73349657041122,17
2372397,9.682568068800023,14
2372398,10.0,1
2372414,9.664906028740045,16
2372425,9.767753144116902,11
2372428,9.95894214102995,3
2372439,9.764348110930522,11
2372443,9.938225791720027,4
2372452,9.817441011641247,9
2372466,9.731459799656815,14
2372476,9.795980561168934,10
2372483,9.857263380048664,7
2372502,9.563120216740963,19
2372510,9.859157206343873,8
2372516,9.889353573828764,6
2372527,9.655797913681731,11
2372542,9.647496384834398,15
2372553,9.740328520575307,11
2372557,9.931708432280256,4
2372564,9.883248594210299,7
2372573,9.79231688144814,9
2372583,9.791868452109652,10
2372587,9.945294480395187,4
2372600,9.704844221305386,13
2372607,9.763840200736018,7
2372622,9.64775460109878,15
2372638,9.424493977272059,16
2372647,9.80470931708677,9
2372656,9.828939345274659,9
2372660,9.932867654248566,4
2372669,9.820362672493541,9
2372680,9.779205800060225,11
2372689,9.795889518294548,9
2372702,9.494401869273046,13
2372711,9.823146061714398,9
2372718,9.884902426048539,7
2372728,9.77250610744186,10
2372746,9.54740475905088,18
2372767,9.48980311064609,21
2372776,9.84054889909781,9
2372781,9.918416126577068,5
2372784,9.970645753534804,3
2372794,9.830753252968389,10
2372806,9.751447985217661,12
2372816,9.797307676509403,10
2372824,9.849121048883974,8
2372835,9.780329100428034,11
2372845,9.828429555908853,10
2372848,9.945524768821295,3
2372859,9.739713940999563,11
2372865,9.896745553063756,6
2372880,9.65003580554837,15
2372890,9.757676701384923,10
2372905,9.67671074483573,15
2372912,9.872748500039323,7
2372923,9.766029504829287,11
2372930,9.860130699706081,7
2372931,9.987858865214362,1
2372938,9.863886363688653,7
2372948,9.839672471001235,10
2372955,9.883764080410902,7
2372963,9.857360759362269,8
2372964,10.0,1
2372975,9.754874091746796,11
2372982,9.878668318902307,7
2372991,9.811244458725243,9
2373001,9.806755898140732,10
2373015,9.691815388103276,14
2373031,9.635786268006107,16
2373042,9.780415700402022,11
2373049,9.877435585572988,7
2373054,9.916522532677487,5
2373061,9.881229809318475,7
2373071,9.803405592721166,10
2373080,9.825722785170708,9
2373094,9.675565408822383,14
2373108,9.685028933639693,14
2373113,9.93032763157154,5
2373116,9.967129552950968,3
2373126,9.787278647865968,10
2373128,9.979913368256021,2
2373137,9.81942284665843,9
2373138,10.0,1
2373145,9.855801928360313,7
2373157,9.718770806857458,12
2373158,10.0,1
2373171,9.50897481496203,13
2373186,9.66495504142807,15
2373202,9.622160368993162,16
2373216,9.70940309516152,14
2373226,9.758537085715501,10
2373247,9.51877557995321,21
2373273,9.397035781721765,26
2373297,9.384039546296817,24
2373307,9.80429057440747,10
2373314,9.881571389594384,7
2373315,10.0,1
2373319,9.938128085651858,4
2373329,9.765988667217417,10
2373340,9.755937737150091,11
2373355,9.67349328185509,15
2373359,9.947286385885505,4
2373360,10.0,1
2373370,9.775776593887283,10
2373387,9.61848008626621,17
2373405,9.620635839279599,18
2373411,9.902638010023818,6
2373418,9.880542747879034,7
2373428,9.790289628431013,10
2373437,9.823624135667934,9
2373567,7.281911866269352,130
2373575,9.844236708140528,8
2373579,9.929171375491642,4
2373598,9.626195933662553,19
2373609,9.793854664142009,11
2373617,9.842607472427387,8
2373628,9.767424535351177,11
2373640,9.734717526253394,12
2373647,9.869423451796608,7
2373668,9.496927342637635,21
2373686,9.61200768730562,18
2373687,9.996257520705562,1
2373704,9.461896090873802,17
2373717,9.71749254777957,13
2373724,9.87975863262616,7
2373733,9.83519584847104,9
2373741,9.842318268614195,8
2373761,9.583755839546312,20
2373771,9.791226436976398,10
2373781,9.784202820769444,10
2373789,9.874696125789647,8
2373801,9.751691791110865,12
2373820,9.577711073341208,19
2373836,9.681158881716872,16
2373846,9.816543721803475,10
2373853,9.861757057134145,7
2373861,9.83696618677241,8
2373862,10.0,1
2373875,9.75016858791313,13
2373887,9.731616331562229,12
2373888,10.0,1
2373894,9.913078592363359,6
2373903,9.835468532925246,9
2373916,9.773019333408346,13
2373932,9.657947377063827,16
2373945,9.699168174938961,13
2373960,9.688274974400862,15
2373974,9.484235657862547,14
2373981,9.875674975672311,7
2373989,9.840746243316708,8
2373996,9.86861788076229,7
2374016,9.171999316889051,20
2374018,9.977371177518616,2
2374026,9.840610547823013,8
2374032,9.904816973002733,6
2374037,9.89154872373969,5
2374046,9.628267704782075,9
2374052,9.889475129722419,6
2374055,9.954537044116918,3
2374069,9.693101202390526,14
2374076,9.873453196325338,7
2374086,9.698151370796293,10
2374102,9.633809904863885,16
2374103,10.0,1
2374108,9.915779060536845,5
2374118,9.828819289225525,10
2374124,9.894084910399863,6
2374138,9.684098335902787,14
2374145,9.770502048761657,7
2374150,9.928841401929981,5
2374156,9.895389715745223,6
2374160,9.939455229036072,4
2374167,9.864771229338547,7
2374168,10.0,1
2374173,9.918985506883846,5
2374181,9.830930672018106,8
2374200,9.543717899690833,19
2374209,9.81056159626375,9
2374211,9.972689293343498,2
2374221,9.79383987062879,10
2374231,9.71069951046106,10
2374241,9.770930229032926,10
2374244,9.965881871988966,3
2374251,9.86292723722716,7
2374257,9.904172526878977,6
2374260,9.969188574537892,3
2374283,9.519703338713803,23
2374293,9.829462544375152,10
2374300,9.874717407793147,7
2374308,9.85948743254692,8
2374320,9.735320408675717,12
2374327,9.876598656352755,7
2374340,9.735964707351567,13
2374350,9.795473146839946,10
2374357,9.859333445614777,7
2374382,9.330218047140225,25
2374383,10.0,1
2374388,9.912579691968135,5
2374398,9.786828394673291,10
2374399,9.996390018225684,1
2374400,10.0,1
2374410,9.790025089531916,10
2374420,9.764522400473712,10
2374424,9.931608620388767,4
2374441,9.61004663527283,17
2374442,10.0,1
2374452,9.78401866747153,10
2374456,9.93853819529804,4
2374465,9.805924606849784,9
2374477,9.733065661835314,12
2374488,9.77676781754548,11
2374496,9.860018192669497,8
2374502,9.894959232728985,6
2374510,9.853276273449833,8
2374523,9.75518280058111,13
2374524,9.996231147057415,1
2374531,9.861851153668589,7
2374541,9.809427098897352,10
2374550,9.813153484690117,9
2374560,9.832809858915157,10
2374586,9.360598615854581,26
2374597,9.721044495110993,11
2374605,9.837377145450843,8
2374606,10.0,1
2374613,9.882420393669321,7
2374630,9.624144079961171,17
2374638,9.851767826715855,8
2374647,9.820387799663592,9
2374660,9.715097151908372,13
2374673,9.739372025708382,13
2374674,10.0,1
2374679,9.923064628974707,5
2374699,9.563167096185467,20
2374700,10.0,1
2374714,9.683832388747943,14
2374725,9.761903660803359,11
2374731,9.897685190285118,6
2374740,9.83580040846598,9
2374747,9.870432434704467,7
2374749,9.982850953325007,2
2374759,9.78956092455349,10
2374764,9.925381265878508,5
2374769,9.917244057328324,5
2374770,9.99643955010148,1
2374782,9.734339302788603,12
2374803,9.451925214167792,21
2374816,9.728429535882501,13
2374826,9.81569834445615,10
2374832,9.92240318614023,6
2374833,10.0,1
2374841,9.877917579242752,8
2374846,9.904456656435956,5
2374856,9.812441422457852,10
2374863,9.89337828404634,7
2374882,9.60588968003046,19
2374888,9.886892576205465,6
2374904,9.637623174760995,16
2374907,9.966283202828599,3
2374912,9.926872481623988,5
2374917,9.923433231186282,5
2374922,9.927403552604035,5
2374942,9.140273960397778,20
2374950,9.836207752738707,8
2374960,9.788450354964823,10
2374971,9.783225973021219,11
2374977,9.891886869442217,6
2374986,9.814757185143069,9
2374991,9.921072551209665,5
2374992,9.988954071946386,1
2375004,9.73007981596822,12
2375006,9.985217077058591,2
2375019,9.736600828855499,13
2375020,10.0,1
2375032,9.717681026773858,12
2375033,10.0,1
2375048,9.68012278591107,15
2375062,9.747902002861272,14
2375067,9.931240623182546,5
2375078,9.770797475996046,11
2375081,9.957978149126658,3
2375088,9.869677202517758,7
2375097,9.815578392454263,9
2375098,9.992606106503812,1
2375099,10.0,1
2375102,9.962491653462322,3
2375118,9.605592611512918,16
2375123,9.913664397688622,5
2375137,9.732416855612847,14
2375142,9.920298027867155,5
2375153,9.775033312629143,11
2375171,9.599382662032369,18
2375178,9.886877349811355,7
2375179,9.989184543788816,1
2375194,9.649163997333915,15
2375202,9.860671986899042,8
2375204,9.984235585529722,2
2375214,9.814687753696452,10
2375230,9.593158161664897,16
2375238,9.861775441020717,8
2375239,10.0,1
2375245,9.896625433867069,6
2375256,9.792481722726219,11
2375265,9.820193338871777,9
2375279,9.647391951762216,14
2375285,9.911700890320265,6
2375308,9.460779045433997,23
2375309,10.0,1
2375323,9.68584643005358,14
2375330,9.870576788574457,7
2375340,9.80137864570364,10
2375346,9.87663158470298,6
2375347,10.0,1
2375351,9.928411863679829,4
2375363,9.764190547515344,12
2375380,9.634367045971905,17
2375394,9.70247551297059,14
2375395,9.992161770776748,1
2375402,9.865120970889755,7
2375416,9.677567696602521,14
2375424,9.84526818678101,8
2375428,9.930717517690196,4
2375440,9.75385145337918,12
2375449,9.782742222880513,9
2375461,9.752913869887875,12
2375462,10.0,1
2375463,9.993248754335227,1
2375469,9.881051265083814,6
2375482,9.725847241184189,13
2375495,9.724500875463624,13
2375502,9.860886074138012,7
2375513,9.763764319250749,11
2375525,9.775158402371689,12
2375534,9.837317694351752,9
2375547,9.720087343595592,13
2375556,9.814311739787756,9
2375557,10.0,1
2375560,9.962999356888082,3
2375566,9.892436228479836,6
2375576,9.805713930999504,10
2375589,9.732231416571308,13
2375602,9.732375898677773,13
2375608,9.884584639960554,6
2375616,9.869159122260859,8
2375617,9.99192874169884,1
2375627,9.782679950299842,10
2375643,9.64479201791393,16
2375649,9.89880731948226,6
2375658,9.832850994609037,9
2375669,9.789508575305529,11
2375685,9.629357702293133,16
2375689,9.935353928439529,4
2375698,9.829046768817424,9
2375706,9.850337057407812,8
2375717,9.660142023146875,11
2375718,10.0,1
2375731,9.70341191571871,13
2375736,9.912289592247884,5
2375738,9.984701269701551,2
2375746,9.85495613633503,8
2375757,9.735281071244183,11
2375768,9.751032031747956,11
2375772,9.937290183784441,4
2375786,9.710624736072287,14
2375788,9.974318464548338,2
2375795,9.762432323415023,7
2375801,9.881076423636728,6
2375814,9.71993873645423,13
2375815,10.0,1
2375833,9.55897043468674,18
2375853,9.570586869070315,20
2375869,9.666185008837305,16
2375870,10.0,1
2375887,9.59777530449134,17
2375895,9.845523918910636,8
2375896,9.996214684439993,1
2375908,9.732750470729757,12
2375914,9.885632464021421,6
2375929,9.668843850998329,15
2375938,9.826954965690865,9
2375954,9.724535877875773,16
2375961,9.892354878964195,7
2375971,9.790334363514335,10
2375980,9.830568981407431,9
2375997,9.658192043970846,17
2376006,9.81845562955924,9
2376011,9.908649800882936,5
2376026,9.689817023817216,15
2376029,9.959502054443012,3
2376042,9.742343607943042,13
2376044,9.977272445161356,2
2376052,9.859872861442243,8
2376066,9.678891398389739,14
2376078,9.715383868210445,12
2376084,9.883453250347433,6
2376087,9.965096480865707,3
2376098,9.760497575917775,11
2376106,9.876445717374027,8
2376110,9.933328009728736,4
2376124,9.70948495277241,14
2376136,9.763577675276252,12
2376144,9.864392575610676,8
2376148,9.941035137832332,4
2376153,9.923863313315993,5
2376167,9.658745553544517,14
2376176,9.832244311058883,9
2376192,9.662875399453863,16
2376200,9.849745136276026,8
2376209,9.805107010396984,9
2376220,9.77748968407449,11
2376225,9.92208342887657,5
2376231,9.908799917287592,6
2376232,10.0,1
2376237,9.918404924162708,5
2376250,9.732545763766444,13
2376261,9.756543851874495,11
2376273,9.752531817104117,12
2376281,9.854702873722266,8
2376287,9.879142627796455,6
2376293,9.878526971375651,6
2376303,9.834309464356787,10
2376313,9.794469116812232,10
2376328,9.651470982497683,15
2376329,10.0,1
2376340,9.75049358189158,11
2376346,9.885594799246329,6
2376350,9.9466380646264,4
2376359,9.827889328543728,9
2376366,9.874993060372324,7
2376377,9.758244895144582,11
2376387,9.821245327762385,10
2376400,9.734697269188024,13
2376408,9.839363845776994,8
2376418,9.778687065907297,10
2376426,9.843853786829063,8
2376440,9.744700818691387,14
2376446,9.909865479326136,6
2376456,9.80565933706463,10
2376469,9.770612768974525,13
2376472,9.950409762881614,3
2376482,9.788602061059972,10
2376497,9.680618901197269,15
2376506,9.80587152882558,9
2376515,9.833471360317425,9
2376516,10.0,1
2376523,9.886993392238974,7
2376528,9.905013315010532,5
2376529,10.0,1
2376535,9.8883021682737,6
2376551,9.652944246384363,16
2376557,9.887900912092475,6
2376569,9.75696777775726,12
2376582,9.75668672827385,13
2376586,9.944585802150272,4
2376600,9.704338917778589,14
2376605,9.918326715466687,5
2376609,9.955256905954462,4
2376620,9.76238302239965,11
2376621,10.0,1
2376630,9.869899492965535,9
2376635,9.923741525794455,5
2376644,9.806862168535108,9
2376650,9.900457315421015,6
2376662,9.737193346819119,12
2376668,9.893923337232831,6
2376681,9.720902933002689,13
2376687,9.896057458337438,6
2376698,9.772728720186699,11
2376708,9.821375332067012,10
2376716,9.867652985618998,8
2376722,9.896924205887906,6
2376729,9.872946820497132,7
2376732,9.962174591511884,3
2376755,9.358982827922711,23
2376760,9.91112425899059,5
2376783,9.550307627557078,23
2376786,9.954940323696922,3
2376793,9.881753776655897,7
2376804,9.758448878326384,11
2376813,9.83352413286849,9
2376819,9.89075048719665,6
2376820,10.0,1
2376829,9.821961580161958,9
2376838,9.854064716769527,9
2376851,9.70180767950577,13
2376861,9.802634100589279,10
2376874,9.734807639740641,13
2376882,9.848261223932184,8
2376893,9.762558655741172,11
2376896,9.957176594239392,3
2376913,9.673531425361302,17
2376916,9.95855338180489,3
2376931,9.619205520138438,15
2376945,9.679066444258748,14
2376956,9.762491991829691,11
2376957,10.0,1
2376969,9.653079892213295,12
2376970,10.0,1
2376975,9.932717337415811,5
2376978,9.972277681374889,3
2376991,9.768891947479966,13
2376996,9.908142816312385,5
2377001,9.912048302626042,5
2377010,9.811882686444838,9
2377016,9.893614217058193,6
2377027,9.78581362374938,11
2377036,9.827922954461638,9
2377049,9.733971356627022,13
2377058,9.82775911138698,9
2377060,9.986685702202651,2
2377073,9.721958433367634,13
2377083,9.814280309936217,10
2377090,9.904431971655452,7
2377101,9.772953680506935,11
2377114,9.739603461842016,13
2377128,9.703175588011746,14
2377136,9.867223801619083,8
2377138,9.875884239407526,2
2377152,9.694519865842349,14
2377158,9.887396165799261,6
2377166,9.844437477701305,8
2377181,9.695941544739467,15
2377188,9.86429342909604,7
2377192,9.924783194319769,4
2377193,9.992928426234984,1
2377198,9.924282297879733,5
2377219,9.511026646263154,21
2377223,9.945963613775003,4
2377229,9.907445711229943,6
2377234,9.922289144614856,5
2377248,9.681379952980084,14
2377260,9.764858466910216,12
2377271,9.796765000596633,11
2377272,10.0,1
2377278,9.91436340333396,6
2377292,9.710982508388426,14
2377296,9.932295211364606,4
2377303,9.870029521297077,7
2377316,9.706427498010724,13
2377325,9.835839941561352,9
2377338,9.73993868389917,13
2377345,9.888736691795899,7
2377352,9.860431640847509,7
2377356,9.936497652564121,4
2377364,9.85532251238228,8
2377375,9.739221381882354,11
2377380,9.910494625837714,5
2377396,9.447361146523484,16
2377406,9.779561671143982,10
2377420,9.711898566758178,14
2377430,9.77707524998179,10
2377445,9.674821307864963,15
2377449,9.941235512801839,4
2377456,9.847651688692187,7
2377457,10.0,1
2377470,9.720975457939172,13
2377479,9.814469111787279,9
2377492,9.710707432108933,13
2377501,9.821021132076766,9
2377506,9.925633064490125,5
2377507,10.0,1
2377514,9.859647835170556,7
2377538,9.501516632182394,24
2377548,9.804065565723773,10
2377557,9.810275330379888,9
2377566,9.836644656020137,9
2377580,9.704541379826011,14
2377591,9.747773762789329,11
2377596,9.913441067035786,5
2377615,9.563308067550604,19
2377624,9.793828691080883,9
2377635,9.761427226671993,11
2377647,9.750699921803024,12
2377665,9.60091368159477,18
2377666,10.0,1
2377677,9.758268360076274,11
2377691,9.392988097187688,14
2377713,9.462575875482623,22
2377714,10.0,1
2377729,9.366129481708652,15
2377737,9.844975819225219,8
2377749,9.73985062739686,12
2377757,9.874348715161297,8
2377763,9.907215256936158,6
2377775,9.715232578585436,12
2377780,9.93265107634717,5
2377792,9.763926183158157,12
2377798,9.904725596258215,6
2377814,9.657830601346435,16
2377828,9.728081549380638,14
2377838,9.788042605437326,10
2377846,9.850272028287526,8
2377855,9.721344673145914,9
2377875,9.519035583160251,20
2377879,9.945507720349715,4
2377885,9.900333368010028,6
2377900,9.66819241451405,15
2377922,9.090312096704302,22
2377926,9.932889028344013,4
2377937,9.823706786011854,11
2377950,9.760549164456108,13
2377954,9.940651454974383,4
2377963,9.817162915587419,9
2377975,9.735163626929484,12
2377979,9.944216879761896,4
2377997,9.603962906996472,18
2378001,9.935020395356693,4
2378010,9.867569547512899,9
2378028,9.692861104713359,18
2378036,9.871994898782377,8
2378064,9.455291945074912,28
2378070,9.890446380096165,6
2378080,9.824739238719747,10
2378081,10.0,1
2378092,9.774679992191322,11
2378110,9.601959308152095,18
2378122,9.772041127359062,12
2378137,9.695885668815308,15
2378149,9.762748997465613,12
2378163,9.6986272729634,14
2378165,9.9827210097471,2
2378170,9.907920075505224,5
2378176,9.888376932282176,6
2378183,9.891781073220017,7
2378191,9.833454229538045,8
2378204,9.729217051210412,13
2378216,9.75743596009878,12
2378222,9.89593426690846,6
2378235,9.714274761705605,13
2378246,9.777610822480867,11
2378259,9.742272507801445,13
2378272,9.709523322386625,13
2378284,9.76085304024389,12
2378293,9.827740845223229,9
2378294,10.0,1
2378307,9.696431212918387,13
2378323,9.648506247772863,16
2378336,9.716973735983643,13
2378348,9.743687711413658,12
2378356,9.651896361142633,8
2378371,9.757191125593245,15
2378383,9.733320772809357,12
2378391,9.87127210155515,8
2378400,9.849865482608712,9
2378404,9.941048661920199,4
2378416,9.762860522467038,12
2378429,9.690981965132005,13
2378449,9.623426831600165,20
2378457,9.822485285827488,8
2378470,9.713780448784831,13
2378485,9.630438605732053,15
2378501,9.641201980344887,16
2378506,9.923800962108546,5
2378518,9.73972311815905,12
2378529,9.74848868217243,11
2378544,9.631353871305198,15
2378548,9.938997017252374,4
2378551,9.955435017134096,3
2378561,9.819107734409164,10
2378567,9.886688224160173,6
2378576,9.796533683394616,9
2378586,9.83844734251383,10
2378593,9.888002534015508,7
2378604,9.759670023970116,11
2378635,9.262897292905366,31
2378644,9.824131442671494,9
2378651,9.887658116163065,7
2378652,10.0,1
2378664,9.753343628746679,12
2378677,9.516047009979866,13
2378685,9.671260142736978,8
2378693,9.63410467255959,8
2378703,9.779314549195936,10
2378715,9.753682116527349,12
2378722,9.877325679031008,7
2378732,9.805743648561254,10
2378743,9.763003689737099,11
2378760,9.608205327605848,17
2378773,9.593054703921068,13
2378780,9.891442672318156,7
2378794,9.669117869632348,14
2378795,10.0,1
2378799,9.933593989240174,4
2378815,9.654686665179755,16
2378825,9.837551520597636,10
2378834,9.814773040613815,9
2378849,9.688921058695385,15
2378864,9.680463072900162,15
2378873,9.813506771925164,9
2378886,9.69988297478245,13
2378887,10.0,1
2378894,9.879492002815084,7
2378903,9.823593480342712,9
2378911,9.846502430104868,8
2378924,9.710423008943842,13
2378938,9.689824827313775,14
2378944,9.881656165884126,6
2378955,9.767620437995793,11
2378964,9.818802575198443,9
2378973,9.83157967065103,9
2378974,9.992757459871534,1
2378976,9.979090485511138,2
2378982,9.905650340387512,6
2378990,9.832432731836828,8
2378999,9.8103479737049,9
2379004,9.921044442206721,5
2379005,9.988253226759076,1
2379018,9.721126652237354,13
2379027,9.816044286162725,9
2379040,9.68146719177606,13
2379052,9.765295772224475,12
2379057,9.92439240871376,5
2379062,9.916479238566488,5
2379079,8.333594341540959,17
2379094,9.698429101241397,15
2379110,9.610417500022555,16
2379111,10.0,1
2379112,10.0,1
2379119,9.875927165381789,7
2379131,9.740872826246639,12
2379143,9.734188235434132,12
2379156,9.748240608091088,13
2379163,9.8478456438396,7
2379169,9.589672628052917,6
2379170,10.0,1
2379191,9.44729869708194,21
2379196,9.928357995986808,5
2379201,9.9116323577546,5
2379208,9.868945184155997,7
2379225,9.707343005260578,17
2379234,9.82376720251719,9
2379243,9.807400476616435,9
2379251,9.85987753682164,8
2379259,9.841827310588192,8
2379275,9.656857087491176,16
2379278,9.960132045421894,3
2379292,9.765042675723533,14
2379303,9.808422845724843,11
2379320,9.588649504793446,17
2379340,9.505962980387793,20
2379351,9.740696082080328,11
2379375,9.468541228538362,24
2379387,9.772519633966454,12
2379396,9.838572166431018,9
2379401,9.914986204781489,5
2379412,9.757590119512711,11
2379417,9.909620323684685,5
2379432,9.674006422385654,15
2379440,9.837215807500499,8
2379450,9.794082671805137,10
2379465,9.678555452236237,15
2379470,9.925904546518316,5
2379479,9.804268865613174,9
2379492,9.7058707627921,13
2379508,9.619205037260592,16
2379525,9.374232108773157,17
2379536,9.773348862644387,11
2379537,10.0,1
2379547,9.822833951709457,10
2379552,9.925412826532684,5
2379553,10.0,1
2379561,9.8607897439632,8
2379569,9.827550277179027,8
2379575,9.89650739540136,6
2379578,9.95254236892422,3
2379587,9.826752110542158,9
2379604,9.612390916748051,17
2379626,9.54470014878457,22
2379634,9.83624150707702,8
2379635,10.0,1
2379637,9.973693424625083,2
2379638,9.989497435323889,1
2379643,9.918025906654325,5
2379647,9.936253257214455,4
2379648,10.0,1
2379654,9.882988850068978,6
2379658,9.93435858908418,4
2379676,9.588090210657095,18
2379681,9.904714029416503,5
2379691,9.802475229531808,10
2379700,9.792409626156022,9
2379712,9.764345974259559,12
2379721,9.799409690132931,9
2379722,10.0,1
2379731,9.837964022026414,9
2379738,9.860374522816835,7
2379755,9.63552431755849,17
2379772,9.631338893990717,17
2379787,9.674472313977896,15
2379791,9.950135372469877,4
2379803,9.699583291540288,12
2379804,10.0,1
2379819,9.739763857687365,15
2379832,9.689977252922228,13
2379841,9.834860863914276,9
2379845,9.949448557269902,4
2379859,9.70260455069038,14
2379865,9.884809888371546,6
2379880,9.707320245575287,15
2379886,9.894589093416899,6
2379900,9.65695624508715,14
2379905,9.898435626200754,5
2379919,9.691944055987456,14
2379920,10.0,1
2379931,9.76886206750044,11
2379934,9.96939381470085,3
2379940,9.891128275660055,6
2379953,9.72267967293059,13
2379964,9.806863122561694,11
2379977,9.704836908294366,13
2379985,9.869610456465043,8
2379996,9.78412944848695,11
2380009,9.739887354158975,13
2380016,9.866536120430322,7
2380026,9.71216845907039,10
2380035,9.829859921588632,9
2380051,9.649365394195918,16
2380065,9.665566301796476,14
2380079,9.497814390681407,14
2380080,10.0,1
2380085,9.895092618054093,5
2380092,9.880335055175431,7
2380096,9.924813124581412,4
2380112,9.68515084758059,16
2380113,10.0,1
2380114,10.0,1
2380119,9.821427805593265,5
2380134,9.658124702517657,15
2380139,9.922262861494827,5
2380140,10.0,1
2380143,9.957139054720068,3
2380151,9.840831548624521,8
2380159,9.83683453633584,8
2380169,9.801551841056053,10
2380176,9.858399543606994,7
2380188,9.708184637742704,12
2380195,9.882943200168697,7
2380209,9.665043717529198,14
2380212,9.951107634683936,3
2380224,9.768079943612511,12
2380229,9.921757063285337,5
2380242,9.74258563133795,13
2380243,10.0,1
2380257,9.708679980752311,14
2380276,9.623273056748179,19
2380289,9.702718264160948,13
2380300,9.771491183593842,11
2380301,10.0,1
2380304,9.955158363273087,3
2380313,9.795908464312248,9
2380314,10.0,1
2380332,9.589815034079447,18
2380339,9.872225330291993,7
2380352,9.754174601420463,13
2380353,10.0,1
2380357,9.939257914503607,4
2380370,9.706583525033626,13
2380384,9.678134976710982,14
2380397,9.7157031986541,13
2380402,9.924599004222856,5
2380410,9.832366409968579,8
2380417,9.865792681261079,7
2380426,9.78792783309174,9
2380437,9.743480452723698,11
2380454,9.63990533531014,17
2380458,9.938808193810727,4
2380463,9.916874948520494,5
2380473,9.789437046902474,10
2380490,9.512896810551021,17
2380498,9.818444986673294,8
2380511,9.767575172294551,13
2380517,9.886507442364286,6
2380527,9.818256728247848,10
2380557,9.10508080478577,30
2380560,9.962323751751969,3
2380570,9.785246283450887,10
2380581,9.783668264921461,11
2380599,9.59284004621403,18
2380606,9.868343425370558,7
2380607,10.0,1
2380613,9.896157143717975,6
2380614,10.0,1
2380615,10.0,1
2380624,9.841247336837466,9
2380630,9.873587399981233,6
2380643,9.652241369491213,13
2380651,9.841214549106862,8
2380660,9.81888717367146,9
2380670,9.707349939314621,10
2380679,9.833732188361706,9
2380680,9.996521002791313,1
2380681,10.0,1
2380695,9.693869897749288,14
2380710,9.676473980029295,15
2380725,9.689101037306578,15
2380735,9.797592266847596,10
2380746,9.782564351441094,11
2380751,9.90752571238206,5
2380755,9.94884893372969,4
2380776,9.578867334974442,21
2380785,9.814094465073584,9
2380795,9.796887124003618,10
2380806,9.744989260527749,11
2380807,10.0,1
2380817,9.770243629577896,10
2380827,9.78332356216029,10
2380843,9.632221197660138,16
2380854,9.79028505365218,11
2380866,9.552062867470664,12
2380893,7.152599327526403,27
2380900,9.880666709017634,7
2380908,9.854240573223318,8
2380919,9.784370355601887,11
2380937,9.600644243552876,18
2380950,9.72252907541557,13
2380951,10.0,1
2380957,9.894443279391052,6
2380967,9.78500422902348,10
2380978,9.787876408201116,11
2380988,9.80112928908263,10
2381000,9.713200887913434,12
2381008,9.84839527583172,8
2381014,9.88004270877143,6
2381015,10.0,1
2381031,9.647682579202463,16
2381038,9.881418131238368,7
2381051,9.712760552638626,13
2381057,9.904635589033724,6
2381068,9.750099733115603,11
2381073,9.924157293134634,5
2381074,10.0,1
2381085,9.771968924067487,11
2381100,9.675457316399388,15
2381107,9.886286109750223,7
2381115,9.823779364511836,8
2381126,9.66387314570636,11
2381130,9.934933675905915,4
2381138,9.834092551380555,8
2381146,9.853844004110085,8
2381152,9.893045511396846,6
2381170,9.578609048576608,18
2381188,9.56166448348872,18
2381191,9.956117207218298,3
2381204,9.704206664444317,13
2381209,9.908206441393954,5
2381211,9.977504802969776,2
2381212,10.0,1
2381225,9.701300081229741,13
2381226,10.0,1
2381232,9.885056593814218,6
2381246,9.669671245707683,14
2381259,9.733180072656104,13
2381272,9.706825735328103,13
2381282,9.809358388205935,10
2381290,9.837672488284468,8
2381299,9.80009982878928,9
2381308,9.835393294334532,9
2381317,9.824694781913795,9
2381321,9.952157971235875,4
2381332,9.780847090357769,11
2381361,5.56316976950518,29
2381375,9.7147620224692,14
2381386,9.765308635990122,11
2381391,9.917938840180993,5
2381394,9.965075068102072,3
2381397,9.949402553821038,3
2381407,9.808631891699287,10
2381425,9.618006588182563,18
2381429,9.941809842497937,4
2381444,9.64793509996949,15
2381450,9.908572608175291,6
2381462,9.738095748458864,12
2381479,9.616470470528197,17
2381489,9.789007819489862,10
2381497,9.833227023396631,8
2381501,9.93196559454054,4
2381507,9.89022583769915,6
2381519,9.75433826703621,12
2381526,9.891870724592431,7
2381542,9.617911267005185,16
2381543,10.0,1
2381546,9.957905008796088,3
2381554,9.856431179366878,8
2381555,9.989220783888785,1
2381557,9.97572863515003,2
2381567,9.784797686804957,10
2381570,9.9652537601429,3
2381576,9.911678645884171,6
2381577,10.0,1
2381582,9.916417626379026,5
2381597,9.700535730540008,15
2381605,9.839767829651894,8
2381612,9.855171466860593,7
2381616,9.928068850541338,4
2381625,9.835161609058645,9
2381629,9.92936684323015,4
2381648,9.536435670633928,19
2381652,9.942234612866583,4
2381658,9.894186307981496,6
2381665,9.874664635055254,7
2381667,9.986073017863381,2
2381671,9.93579529710361,4
2381684,9.713835280523899,13
2381694,9.82390767853439,10
2381700,9.895044403039929,6
2381710,9.79631205087162,10
2381720,9.805728862123813,10
2381721,10.0,1
2381730,9.837127405734682,9
2381734,9.929739319015694,4
2381746,9.742535088432902,12
2381747,10.0,1
2381756,9.851451020862939,9
2381761,9.911113325659372,5
2381763,9.972888766439656,2
2381772,9.82330809073734,9
2381781,9.84394808040907,9
2381803,9.480921730673984,22
2381804,10.0,1
2381808,9.946141435072844,4
2381818,9.80943270570844,10
2381824,9.8767242609122,6
2381829,9.911440053553635,5
2381839,9.787572511679816,10
2381848,9.830638659948272,9
2381855,9.871052633278458,7
2381856,10.0,1
2381866,9.816940572958075,10
2381876,9.782016563588492,10
2381878,9.977724124531091,2
2381887,9.821665317167291,9
2381897,9.790036616679203,10
2381907,9.80293114621139,10
2381924,9.674551230501264,17
2381925,10.0,1
2381934,9.830060097019478,9
2381945,9.805698802098847,11
2381959,9.734275342894243,14
2381965,9.868574177092613,6
2381974,9.824373041337836,9
2381982,9.862885131820224,8
2381985,9.954108996127585,3
2381996,9.762707217173256,11
2382011,9.666895676940978,15
2382021,9.800961232960676,10
2382022,10.0,1
2382028,9.887436829271582,6
2382041,9.728790959618026,13
2382052,9.773020712836855,11
2382062,9.82010391736636,10
2382077,9.649195871070015,15
2382083,9.702146549372795,6
2382098,9.71972182369719,15
2382109,9.783547239051828,11
2382119,9.806832856967766,10
2382128,9.837535668778512,9
2382142,9.699695352970172,14
2382154,9.729019187807317,12
2382169,9.6665908793411,15
2382183,9.689367789294566,14
2382190,9.861807168831167,7
2382194,9.932500519147835,4
2382212,9.575365728831567,18
2382226,9.587467774946141,14
2382230,9.942393392956594,4
2382245,9.634612224228956,15
2382259,9.705118958670734,14
2382271,9.751918999804209,12
2382272,10.0,1
2382273,9.995961591261853,1
2382274,10.0,1
2382288,9.689615321387508,14
2382295,9.871994702816908,7
2382307,9.75404879087114,12
2382325,9.56874078199208,18
2382326,9.987546910088472,1
2382337,9.744330161547785,11
2382347,9.819881091198447,10
2382348,10.0,1
2382349,10.0,1
2382362,9.704222074043168,13
2382367,9.907945088473005,5
2382380,9.702892481075985,13
2382390,9.802558831017471,10
2382391,9.996210224338938,1
2382404,9.735637002930224,13
2382405,10.0,1
2382411,9.881231526091728,6
2382419,9.835965230133743,8
2382435,9.632201688280949,16
2382452,9.658287243742308,17
2382459,9.86536411605864,7
2382472,9.727046959386412,13
2382476,9.929159687873346,4
2382494,9.59781779287621,18
2382505,9.802804666553886,11
2382519,9.714095348100086,14
2382533,9.748957532811854,14
2382540,9.843285750545906,7
2382550,9.81628472761868,10
2382552,9.974339994052789,2
2382566,9.707712573123525,14
2382573,9.875251469756874,7
2382593,9.57287602012856,20
2382597,9.92464639793822,4
2382609,9.586355188567017,12
2382618,9.80278448108541,9
2382633,9.650403712240065,15
2382640,9.864911888709246,7
2382651,9.578887823674012,11
2382659,9.834905656933024,8
2382675,9.631990406326855,16
2382682,9.875519809896936,7
2382689,9.86778954116635,7
2382706,9.507463260960991,17
2382718,9.738668951886627,12
2382725,9.84206974603527,7
2382727,9.975842532937108,2
2382739,9.748873212337394,12
2382747,9.846652230251367,8
2382767,9.295456411806144,20
2382786,9.611607049227585,19
2382796,9.78415731369855,10
2382806,9.77831549648617,10
2382807,9.99671645592145,1
2382816,9.815665312911149,9
2382823,9.854461512369758,7
2382832,9.810020606787306,9
2382837,9.938002153212667,5
2382849,9.53471259922794,12
2382859,9.799550572745089,10
2382864,9.909745013395334,5
2382867,9.955875681546912,3
2382869,9.97173845193198,2
2382877,9.867035856660722,8
2382885,9.846700398780193,8
2382891,9.89420435625853,6
2382897,9.8983225549316,6
2382912,9.577981552655848,15
2382917,9.909157382286184,5
2382926,9.831710597768524,9
2382938,9.736012288017442,12
2382942,9.949942047327266,4
2382953,9.75021770797139,11
2382975,9.558616682799563,22
2382977,9.970411867884264,2
2382988,9.764365498100458,11
2383007,9.56283615015947,19
2383010,9.966105197920202,3
2383023,9.682621593142347,13
2383024,10.0,1
2383033,9.83237304910077,9
2383038,9.92629558582851,5
2383046,9.862500149406433,8
2383053,9.868489241194862,7
2383066,9.76646417994456,13
2383069,9.966601858718814,3
2383086,9.69033442947195,17
2383095,9.821724566698803,9
2383096,10.0,1
2383111,9.653745045954134,15
2383120,9.811248423694567,9
2383128,9.829655411758596,8
2383137,9.81964621132969,9
2383148,9.73850792753661,11
2383161,9.745471389448737,13
2383173,9.728074952615549,12
2383185,9.672655426431604,12
2383204,9.631392272209915,19
2383205,10.0,1
2383220,9.468385066989793,15
2383237,9.596501424658813,17
2383238,10.0,1
2383253,9.69810385828439,15
2383259,9.896508780407403,6
2383265,9.894606071904422,6
2383270,9.931811813353917,5
2383278,9.847695414855066,8
2383292,9.669757595618893,14
2383293,10.0,1
2383302,9.802639196249968,9
2383309,9.882090787159381,7
2383317,9.743428914148982,8
2383318,9.992742481648408,1
2383332,9.679763518193385,14
2383346,9.679953282555735,14
2383361,9.669456128512497,15
2383362,10.0,1
2383370,9.831088533565204,8
2383372,9.980435981083073,2
2383378,9.900694747652091,6
2383386,9.872134303986101,8
2383404,9.625238119189113,18
2383422,9.575100382516892,18
2383433,9.779594916238294,11
2383447,9.698373699637479,14
2383451,9.947138831147619,4
2383460,9.813081040840915,9
2383469,9.806323018620327,9
2383470,10.0,1
2383480,9.835635179815442,10
2383488,9.850213473488322,8
2383495,9.762413380179291,7
2383509,9.66657189723828,14
2383517,9.857845425120175,8
2383533,9.66332534382597,16
2383546,9.724571169137425,13
2383558,9.754786933449372,12
2383569,9.759404699641035,11
2383583,9.706669377102381,14
2383594,9.773028221772867,11
2383595,10.0,1
2383601,9.890669781813264,6
2383607,9.907134107819534,6
2383608,10.0,1
2383618,9.810087027370368,10
2383622,9.842589521739958,4
2383629,9.873124253661024,7
2383640,9.793694462109933,11
2383655,9.647220944780274,15
2383668,9.693932247370702,13
2383681,9.706618797269764,13
2383685,9.940794643338675,4
2383691,9.898771365543185,6
2383701,9.78633023551339,10
2383706,9.919730627314772,5
2383709,9.946781718283738,3
2383715,9.800153241456961,6
2383727,9.73709644633615,12
2383737,9.771711715877538,10
2383754,9.666572685121071,17
2383760,9.887205757271888,6
2383764,9.942295733816335,4
2383768,9.943472113196385,4
2383788,9.599906778360685,20
2383796,9.835461033407785,8
2383803,9.867950837825395,7
2383812,9.810844968054369,9
2383825,9.688470715110382,13
2383826,10.0,1
2383838,9.738341307830723,12
2383850,9.771292105639805,12
2383858,9.84043566948288,8
2383874,9.64012974275187,16
2383877,9.94774788515587,3
2383882,9.829286414821647,5
2383890,9.875988766012878,8
2383898,9.879871475322979,8
2383908,9.802185073829385,10
2383909,10.0,1
2383922,9.700414289555388,13
2383926,9.928108245994837,4
2383932,9.890964141829805,6
2383946,9.761741055588358,14
2383956,9.800106046263638,10
2383970,9.493561975876718,14
2383981,9.803653920441032,11
2384001,9.548328483975414,20
2384016,9.695521512340692,15
2384028,9.727450356724106,12
2384034,9.886506237379082,6
2384042,9.831420127854008,8
2384044,9.980814842844243,2
2384049,9.914439116758764,5
2384053,9.937229104516923,4
2384064,9.7695468574537,11
2384070,9.88008168084438,6
2384086,9.599583901644385,16
2384094,9.848307050982523,8
2384105,9.766944663694089,11
2384113,9.844220904339359,8
2384120,9.768315358129609,7
2384136,9.622547727488648,16
2384146,9.768739387690614,10
2384147,10.0,1
2384156,9.807417691167117,9
2384166,9.78031259192601,10
2384168,9.985464501112666,2
2384176,9.833197328930096,8
2384178,9.983591038625532,2
2384187,9.823184043828203,9
2384196,9.85685235456831,9
2384197,9.996406321955636,1
2384213,9.63625131960672,16
2384223,9.821235286078958,10
2384228,9.924849445168626,5
2384229,10.0,1
2384239,9.794928119820096,10
2384249,9.797775641685082,10
2384252,9.96689853147336,3
2384268,9.644183696666904,16
2384277,9.80478906218016,9
2384283,9.891174083847794,6
2384284,10.0,1
2384288,9.930403309992835,4
2384296,9.862123328158317,8
2384316,9.604562133567143,20
2384321,9.920713600888734,5
2384327,9.90901357550909,6
2384333,9.895264069954765,6
2384341,9.83771691446173,8
2384349,9.83298252302941,8
2384353,9.95294824536366,4
2384363,9.827364175749361,10
2384364,10.0,1
2384371,9.880407299109564,7
2384379,9.847118415378025,8
2384385,9.866622377225738,6
2384386,10.0,1
2384393,9.89554127639909,7
2384413,9.614555285472992,20
2384422,9.825593856597894,9
2384423,10.0,1
2384434,9.75439544927387,11
2384447,9.714161222509084,13
2384455,9.831501614331675,8
2384462,9.872326365142388,7
2384477,9.657166632034302,15
2384489,9.74652983194155,12
2384500,9.767313126983423,11
2384511,9.743922089932349,11
2384513,9.982362712116013,2
2384519,9.890347284392396,6
2384532,9.714203530560399,13
2384545,9.700345768508427,13
2384560,9.664013908324577,15
2384570,9.806346511626687,10
2384578,9.832827390937497,8
2384597,9.577385721894753,19
2384601,9.94509959528861,4
2384619,9.622922636044475,18
2384626,9.870098187110997,7
2384627,10.0,1
2384640,9.704979706460541,13
2384656,9.407431968693976,16
2384668,9.748951736439006,12
2384674,9.899175429465524,6
2384684,9.768743491850893,10
2384694,9.807289802212976,10
2384698,9.947626013935635,4
2384711,9.73249440089585,13
2384712,10.0,1
2384732,9.500339719711814,20
2384737,9.926817763958537,5
2384745,9.865154242293068,8
2384749,9.9391214383251,4
2384755,9.903443064641928,6
2384765,9.85669559246768,10
2384778,9.730060386717806,13
2384791,9.734848181912616,13
2384805,9.688776859634046,14
2384808,9.964407333872016,3
2384817,9.834916330884273,9
2384821,9.944952954787668,4
2384825,9.943470448331274,4
2384832,9.880735488738237,7
2384845,9.724281894309515,13
2384858,9.71520032733258,13
2384870,9.733650180250665,12
2384875,9.921940466910137,5
2384883,9.636671535997516,8
2384887,9.924543411858291,4
2384899,9.770249479805754,12
2384905,9.892823157295297,6
2384910,9.92633291593505,5
2384911,10.0,1
2384917,9.901934651055033,6
2384929,9.732928971628041,12
2384937,9.845226260406916,8
2384946,9.809383880234213,9
2384953,9.871799907174104,7
2384955,9.973792840667699,2
2384956,9.99167950376707,1
2384974,9.585564295180259,18
2384983,9.810726381791172,9
2384989,9.910502030448823,6
2385005,9.589875738104741,16
2385014,9.83645845156787,9
2385020,9.889714676800537,6
2385031,9.735153433133638,11
2385039,9.84608571214768,8
2385045,9.882503076487525,6
2385055,9.79931841740251,10
2385072,9.60085543487999,17
2385077,9.916366238459378,5
2385086,9.800956333976497,9
2385091,9.927205601472439,5
2385094,9.959121651088092,3
2385105,9.788878984502773,11
2385114,9.805703387103708,9
2385122,9.84970891330847,8
2385126,9.94076287236856,4
2385139,9.712746899195643,13
2385151,9.797286745476088,12
2385159,9.856405307571434,8
2385167,9.837848543089553,8
2385172,9.916817507666002,5
2385177,9.912210852513978,5
2385184,9.855749559984991,7
2385194,9.83349846119482,10
2385199,9.925636595614975,5
2385203,9.939577511321406,4
2385211,9.871211844337788,8
2385218,9.880845368150197,7
2385226,9.856547512698475,8
2385235,9.82575033390347,9
2385243,9.844603374162128,8
2385250,9.85327826113496,7
2385260,9.801435397350124,10
2385268,9.858039450571159,8
2385276,9.838838476430924,8
2385282,9.88602252623604,6
2385296,9.613694907144808,14
2385304,9.841232558049446,8
2385315,9.794933142784238,11
2385326,9.742347498426,11
2385327,10.0,1
2385329,9.983511879288784,2
2385330,10.0,1
2385340,9.789310355563398,10
2385350,9.82583336360213,10
2385356,9.90151519281454,6
2385361,9.932088940048962,5
2385376,9.70934444265426,15
2385384,9.851780049255241,8
2385385,10.0,1
2385394,9.810148901098538,9
2385397,9.949845805371295,3
2385409,9.74877201224171,12
2385422,9.721593259640064,13
2385427,9.927965847795107,5
2385441,9.67210931864116,14
2385443,9.981631562132451,2
2385452,9.849477126835195,9
2385456,9.921965029880614,4
2385468,9.643732592303934,12
2385473,9.918470102601807,5
2385491,9.640338942422346,18
2385508,9.590458308811098,17
2385516,9.858034696244745,8
2385521,9.921913647290348,5
2385525,9.947945669453969,4
2385534,9.710162360736106,9
2385536,9.97199765844358,2
2385537,10.0,1
2385541,9.928987317224301,4
2385560,9.56166735693835,19
2385567,9.868813253042807,7
2385581,9.686532950116607,14
2385597,9.619856273047086,16
2385605,9.854594669047547,8
2385616,9.78734906590518,11
2385625,9.802513454960103,9
2385641,9.608193234965213,16
2385651,9.804106946844163,10
2385666,9.68123489751338,15
2385677,9.7617278091216,11
2385685,9.85536236618695,8
2385692,9.872969534318779,7
2385700,9.824698406017957,8
2385703,9.941919102752296,3
2385711,9.833043142706378,8
2385718,9.868319885642478,7
2385731,8.935000268450741,13
2385735,9.939924759341565,4
2385750,9.680462437550016,15
2385754,9.943515549223095,4
2385759,9.926816660881844,5
2385770,9.767943497573784,11
2385784,9.607155985216169,14
2385794,9.778631025845732,10
2385798,9.936794474177294,4
2385806,9.754513885004311,8
2385807,10.0,1
2385808,10.0,1
2385815,9.879169319012314,7
2385820,9.926921306621717,5
2385827,9.866105013592506,7
2385833,9.88760170604535,6
2385843,9.810276042464148,10
2385847,9.948047590607995,4
2385848,10.0,1
2385860,9.72416905760881,12
2385861,10.0,1
2385872,9.798394180325879,11
2385884,9.740642096758085,12
2385891,9.88754064577224,7
2385903,9.712869386247265,12
2385915,9.738340818473906,12
2385916,10.0,1
2385917,9.996491237020617,1
2385929,9.768746012497495,12
2385935,9.896725893445632,6
2385942,9.87003899455257,7
2385962,9.518271069840571,20
2385973,9.745248154575581,11
2385982,9.813725684452749,9
2385992,9.812516652619237,10
2385995,9.965463620412724,3
2386003,9.828208947651898,8
2386015,9.647517098733292,12
2386018,9.960652972117465,3
2386019,10.0,1
2386027,9.832857096015227,8
2386032,9.908921131812308,5
2386042,9.786193901857752,10
2386051,9.790990054123213,9
2386066,9.666176490889818,15
2386073,9.876643290847163,7
2386088,9.73915447902534,15
2386094,9.883920009868662,6
2386106,9.734650141684963,12
2386119,9.724800196753069,13
2386120,10.0,1
2386128,9.855005150068072,8
2386136,9.833921435419247,8
2386144,9.842563407074241,8
2386152,9.841591914298528,8
2386167,9.57849331119942,15
2386174,9.850552254030022,7
2386193,9.507440333465922,19
2386221,9.414622788233528,28
2386226,9.909369981089199,5
2386244,9.644433226380709,18
2386262,9.571914775462487,18
2386270,9.844835003617533,8
2386274,9.932463529123064,4
2386286,9.725455653598479,12
2386298,9.770083062202902,12
2386315,9.082343383474697,17
2386330,9.647985041176216,15
2386331,10.0,1
2386339,9.863007091333476,8
2386348,9.813181901753024,9
2386360,9.762329508607785,12
2386377,9.641252590364342,17
2386390,9.70370171038044,13
2386405,9.68857922527839,15
2386418,9.722273558542133,13
2386425,9.881786103486235,7
2386439,9.725780023920805,14
2386441,9.972758915708074,2
2386442,10.0,1
2386446,9.952013616329166,4
2386447,9.996668586662558,1
2386456,9.81233969662025,9
2386467,9.762118626726416,11
2386473,9.886314903757208,6
2386480,9.876200754222104,7
2386502,9.522072227374245,22
2386517,9.670041503091355,15
2386524,9.887967767917596,7
2386532,9.837356381903412,8
2386533,10.0,1
2386535,9.97612159219151,2
2386536,10.0,1
2386549,9.71018874254812,13
2386558,9.812438513199224,9
2386566,9.865109191196344,8
2386572,9.889888804881839,6
2386582,9.786109991774916,10
2386585,9.970279705975125,3
2386597,9.7157641829411,12
2386598,10.0,1
2386609,9.750798666119424,11
2386620,9.75442304861425,11
2386636,9.650174239370147,16
2386655,9.485208617638028,19
2386658,9.959659652436628,3
2386665,9.878545668233087,7
2386684,9.566182213940921,19
2386685,10.0,1
2386695,9.79310846228252,10
2386699,9.949959406492109,4
2386706,9.88645283352583,7
2386707,10.0,1
2386719,9.729420184865317,12
2386723,9.935208134705489,4
2386739,9.623274034110539,16
2386740,10.0,1
2386743,9.949203004042882,3
2386752,9.84581418549192,9
2386753,10.0,1
2386766,9.710168637720576,13
2386780,9.717395626363817,14
2386781,10.0,1
2386784,9.966915023622704,3
2386794,9.829963047824307,10
2386803,9.815405681263991,9
2386806,9.955973635935953,3
2386818,9.77543317569763,12
2386829,9.697419478933837,11
2386836,9.884419894744187,7
2386839,9.969072034927846,3
2386848,9.790815234474818,9
2386857,9.799435397276445,9
2386858,10.0,1
2386867,9.808785997582955,9
2386869,9.98431553747617,2
2386882,9.72464818902437,13
2386888,9.879718721727816,6
2386893,9.917060346632981,5
2386894,10.0,1
2386903,9.809757137241224,9
2386912,9.785204177007166,9
2386923,9.678105330395775,11
2386930,9.874317728301545,7
2386941,9.753568125883959,11
2386959,8.90549354650503,18
2386970,9.772438516194006,11
2386980,9.789771653227916,10
2386987,9.87185840777604,7
2386997,9.80691196393877,10
2387005,9.857169774551865,8
2387008,9.944747583182773,3
2387018,9.783133892477315,10
2387022,9.931769797104991,4
2387032,9.837009105595717,10
2387045,9.717430526786238,13
2387050,9.91042065938733,5
2387062,9.7951578911427,12
2387070,9.840902353023512,8
2387083,9.736899512594645,13
2387096,9.718009448256927,13
2387101,9.91761969922488,5
2387114,9.730267309733746,13
2387124,9.815511081766271,10
2387142,9.572105157461912,18
2387152,9.78754736947419,10
2387164,9.734494872776184,12
2387168,9.941515496674723,4
2387169,10.0,1
2387180,9.758944793257255,11
2387182,9.975111771484208,2
2387189,9.853722112191777,7
2387194,9.920521942658977,5
2387204,9.818324387742313,10
2387207,9.949716626325099,3
2387216,9.847618470354416,9
2387217,10.0,1
2387231,9.68527620829956,14
2387246,9.695281432983462,15
2387256,9.792980715516167,10
2387264,9.871617723849427,8
2387272,9.833420778157379,8
2387278,9.919669329254289,6
2387286,9.882645730910815,8
2387294,9.822997306443433,8
2387309,9.702738884276307,15
2387316,9.841403358190872,7
2387324,9.876971431284824,8
2387330,9.904176071606232,6
2387342,9.753928563169849,12
2387346,9.938705767652644,4
2387356,9.792253169921112,10
2387362,9.892263623485016,6
2387369,9.853174201157604,7
2387383,9.691485669144887,14
2387385,9.983556274367634,2
2387398,9.716651887578601,13
2387407,9.844201200216533,9
2387421,9.656666996521379,14
2387438,9.669489922842365,17
2387439,9.996740940759112,1
2387447,9.856684477410916,8
2387448,10.0,1
2387461,9.708818750070595,13
2387473,9.747766749166532,12
2387481,9.850262301536743,8
2387486,9.921427755177884,5
2387504,9.557141578240564,18
2387516,9.724904346373886,12
2387534,9.60104298051138,18
2387539,9.90639136016804,5
2387553,9.680020320274476,14
2387554,10.0,1
2387569,9.673987156502946,15
2387583,9.72168943302672,14
2387587,9.942075245518241,4
2387598,9.751673886854878,11
2387600,9.976490465810523,2
2387610,9.806001592849988,10
2387616,9.884474402674812,6
2387617,9.996687132897222,1
2387622,9.934441604481801,5
2387628,9.911103050453,6
2387633,9.91714679948591,5
2387639,9.896608199017077,6
2387649,9.819235652735085,10
2387651,9.97646033532687,2
2387680,9.460909851099094,29
2387687,9.896594942033396,7
2387700,9.703982810520008,13
2387727,8.99869368795692,27
2387736,9.818863035712265,9
2387746,9.78967959339076,10
2387751,9.926072718955824,5
2387763,9.755693385989396,12
2387778,9.689167589601139,15
2387793,9.664816523918244,15
2387805,9.719415310927735,12
2387814,9.858513157267764,9
2387827,9.704115984908285,13
2387833,9.90401299562342,6
2387853,9.523196758281175,20
2387862,9.834623429280411,9
2387867,9.912929026685768,5
2387876,9.825826701581,9
2387877,10.0,1
2387882,9.939677359675061,5
2387886,9.946042878112069,4
2387907,9.564538536455956,21
2387916,9.815388944150799,9
2387917,10.0,1
2387929,9.755159076887812,12
2387935,9.897673621975757,6
2387938,9.96365779160092,3
2387946,9.852467329657001,8
2387957,9.756362843022021,11
2387969,9.745587344620583,12
2387972,9.963180031522736,3
2387973,10.0,1
2387978,9.912194595142273,5
2387988,9.77722020892096,10
2387991,9.957216326397168,3
2388005,9.661927512268033,14
2388017,9.739332103463262,12
2388025,9.834208320374707,8
2388031,9.879050171162538,6
2388034,9.962066443428757,3
2388039,9.923031621006391,5
2388045,9.910599387688928,6
2388046,10.0,1
2388056,9.76181325313714,10
2388075,9.415181211692552,19
2388085,9.81380156516586,10
2388091,9.87873231414577,6
2388101,9.79697089312611,10
2388103,9.973589550452756,2
2388125,9.623456415652676,22
2388143,9.595833931336198,18
2388145,9.975793356005372,2
2388155,9.796150508350495,10
2388166,9.783043550948383,11
2388175,9.791396223821508,9
2388181,9.92542206218042,6
2388191,9.79888279878101,10
2388206,9.665996105976797,15
2388222,9.699851675124844,16
2388234,9.724727391064215,12
2388245,9.789201750536272,11
2388253,9.841262174773,8
2388264,9.769667319943586,11
2388277,9.546496547248845,13
2388286,9.834194741716775,9
2388287,10.0,1
2388292,9.805630534672837,5
2388294,9.97216114798422,2
2388295,10.0,1
2388301,9.805713144970523,6
2388311,9.777960408810717,10
2388317,9.88932715084231,6
2388327,9.789221110392655,10
2388337,9.781428578807528,10
2388346,9.835682447860371,9
2388356,9.826549639621616,10
2388357,9.996255226488596,1
2388364,9.883382218543558,7
2388368,9.934565316610083,4
2388373,9.905842848647511,5
2388381,9.85681200773658,8
2388385,9.946416944002339,4
2388392,9.848354731521372,7
2388401,9.818797026759,9
2388402,10.0,1
2388409,9.869282128537499,7
2388421,9.764591580189522,12
2388422,10.0,1
2388433,9.738136946190666,11
2388444,9.783003564325025,11
2388457,9.721837291670319,13
2388462,9.913081851638882,5
2388484,9.609360173249994,22
2388504,9.594540880631406,20
2388515,9.758224681279358,11
2388523,9.753966004752053,8
2388527,9.946436166469704,4
2388538,9.74045350560044,11
2388548,9.79996007377427,10
2388558,9.791563154143727,10
2388565,9.875610323019636,7
2388581,9.65101334660601,16
2388590,9.849597779528676,9
2388598,9.851879122396594,8
2388602,9.948222521513157,4
2388609,9.872189095055825,7
2388618,9.848880704302658,9
2388629,9.752519345090967,11
2388640,9.749882574480727,11
2388655,9.689263921888342,15
2388656,9.989603270741624,1
2388661,9.90841533534847,5
2388662,10.0,1
2388663,10.0,1
2388673,9.787320558568368,10
2388687,9.709692586369528,14
2388708,9.367107404019514,21
2388716,9.842381303379295,8
2388719,9.958127909582014,3
2388731,9.770324397589022,12
2388742,9.757399133812585,11
2388754,9.756977685678818,12
2388762,9.838473795005594,8
2388763,10.0,1
2388764,10.0,1
2388772,9.848603233908847,8
2388778,9.889360079475438,6
2388779,10.0,1
2388798,9.609921655201052,19
2388805,9.855240206301637,7
2388817,9.800202030537761,12
2388830,9.743359898962607,13
2388838,9.851603602956398,8
2388850,9.734686797141462,12
2388858,9.879473997119023,8
2388861,9.966090844928452,3
2388871,9.787495600650077,10
2388877,9.901190705510569,6
2388893,9.491299507867282,16
2388906,9.722007039776972,13
2388910,9.93711749631897,4
2388921,9.790411380985143,11
2388931,9.781066505745803,10
2388938,9.890980688200537,7
2388941,9.97009557370284,3
2388959,9.554945058920774,18
2388967,9.853414533463615,8
2388973,9.894865415789647,6
2388974,10.0,1
2388978,9.93595322694515,4
2388979,10.0,1
2388980,10.0,1
2389001,9.480107672798237,21
2389012,9.78247685079779,11
2389026,9.658567459210744,14
2389031,9.912722136312258,5
2389032,10.0,1
2389033,10.0,1
2389050,9.532027976854435,17
2389054,9.931273957439565,4
2389064,9.77652283904726,10
2389074,9.839047345042744,10
2389075,10.0,1
2389079,9.939051212509263,4
2389092,9.693841102026177,13
2389101,9.845144508324307,9
2389102,10.0,1
2389110,9.849354728431363,8
2389122,9.617217085039695,12
2389129,9.857866406157578,7
2389130,10.0,1
2389141,9.743450703061935,11
2389152,9.794636851859206,11
2389159,9.856025761155918,7
2389165,9.884970290400062,6
2389182,9.597345781591432,17
2389187,9.91496105703564,5
2389195,9.88690851709849,8
2389203,9.857839977205344,8
2389204,10.0,1
2389205,10.0,1
2389219,9.707770515073307,14
2389228,9.810754378949513,9
2389240,9.763635560496073,12
2389249,9.852219528262838,9
2389251,9.973729193244075,2
2389269,9.63468827314811,18
2389287,9.63269608386314,18
2389298,9.757919119954158,11
2389314,9.702400491726353,16
2389315,10.0,1
2389323,9.853888336953743,8
2389333,9.798145635950284,10
2389346,9.716677723598506,13
2389366,9.376210451328669,20
2389381,9.66352181508659,15
2389393,9.724829440264056,12
2389401,9.831791426358965,8
2389413,9.765221927875226,12
2389414,10.0,1
2389419,9.935054036992634,5
2389438,9.594314692458264,19
2389449,9.810163681845458,11
2389455,9.91315093435032,6
2389463,9.843476853367328,8
2389479,9.634458864160015,16
2389480,10.0,1
2389493,9.709526397895976,13
2389499,9.890688918065962,6
2389516,9.594705804586843,17
2389535,9.573479892282725,19
2389557,6.309723909038592,22
2389564,9.87781404645566,7
2389572,9.848303848518924,8
2389579,9.89241061227747,7
2389591,9.757101321709419,12
2389592,10.0,1
2389606,9.732761314499772,14
2389613,9.86788512203838,7
2389627,9.691113303274765,14
2389630,9.756762104160067,3
2389633,9.949689403557748,3
2389643,9.795200838103328,10
2389651,9.853423458572042,8
2389660,9.826969545423173,9
2389671,9.780797957108309,11
2389674,9.952792779916187,3
2389679,9.91511770434767,5
2389691,9.748298592727645,12
2389697,9.89706598012098,6
2389708,9.756950894177436,11
2389715,9.887872262079922,7
2389719,9.926375256820887,4
2389731,9.716856761528744,12
2389734,9.959849280248367,3
2389735,9.98757069465593,1
2389758,9.504423679988413,23
2389771,9.720243695248172,13
2389772,10.0,1
2389774,9.967934484935911,2
2389785,9.784350516595971,11
2389794,9.812190357303233,9
2389805,9.751072849550459,11
2389806,10.0,1
2389822,9.639782749723596,16
2389826,9.952179529036561,4
2389835,9.807661970094303,9
2389843,9.88062028081964,8
2389860,9.616181850162457,17
2389877,9.595526559900573,17
2389885,9.844817873371376,8
2389892,9.886702985053699,7
2389899,9.900762005858883,7
2389907,9.83044197009128,8
2389913,9.88905420534174,6
2389918,9.916569523124389,5
2389930,9.75675108051372,12
2389945,9.63524156884107,15
2389946,10.0,1
2389957,9.763042293007123,11
2389967,9.800468818432295,10
2389968,10.0,1
2389981,9.726793364618603,13
2389990,9.809829908999195,9
2389999,9.835897656590685,9
2390003,9.946732519319024,4
2390013,9.812780796451912,10
2390021,9.855574321810536,8
2390027,9.909551890911525,6
2390041,9.696949573992859,14
2390048,9.859592978848237,7
2390064,9.621303520098895,16
2390074,9.79464077061842,10
2390080,9.88371775802225,6
2390094,8.535321476439254,14
2390105,9.77681280464603,11
2390107,9.968692777872842,2
2390113,9.889567284360893,6
2390122,9.794772126812488,9
2390127,9.921898778891189,5
2390128,10.0,1
2390130,9.980106287963586,2
2390146,9.66021088698382,16
2390160,9.668651724609317,14
2390166,9.900857852808025,6
2390176,9.80891921287977,10
2390185,9.840134541569817,9
2390186,10.0,1
2390196,9.7788390542333,10
2390200,9.949641231706623,4
2390210,9.827598056136559,10
2390221,9.773271245420542,11
2390244,9.425303104105012,23
2390269,9.435303521215928,25
2390270,9.98942603828597,1
2390278,9.84595242273468,8
2390284,9.90347526371495,6
2390285,10.0,1
2390286,9.989141305948145,1
2390289,9.957053626985582,3
2390301,9.765368405824715,12
2390312,9.767090474997033,11
2390328,9.643189602167407,16
2390333,9.921489208037466,5
2390341,9.830033372213334,8
2390359,9.632356639605256,18
2390365,9.805435699055474,6
2390371,9.88137840381538,6
2390383,9.759177540854198,12
2390391,9.853339209082426,8
2390393,9.973382261670402,2
2390401,9.849113136193063,8
2390416,9.484762107978467,15
2390433,9.646553273869596,17
2390440,9.881022351859354,7
2390446,9.89206120879953,6
2390456,9.806756324983608,10
2390465,9.807101495294487,9
2390476,9.789104805687478,11
2390488,9.752906664632485,12
2390496,9.839203459107754,8
2390502,9.883878159710001,6
2390507,9.929073663955888,5
2390525,9.597003825963132,18
2390526,10.0,1
2390538,9.752481008107203,12
2390545,9.860555159908799,7
2390553,9.823858339139026,8
2390554,9.995685985810363,1
2390561,9.836397841543805,7
2390577,9.359360306230569,16
2390590,9.710358216608562,13
2390594,9.949370195895186,4
2390595,10.0,1
2390596,10.0,1
2390612,9.627779664718204,16
2390618,9.88567654074145,6
2390629,9.786862297640884,11
2390634,9.922248128713031,5
2390635,9.996686927532753,1
2390644,9.818390914208816,9
2390651,9.880887226732888,7
2390653,9.985467110747022,2
2390669,9.65371799413796,16
2390679,9.817029773464837,10
2390686,9.886431908822422,7
2390687,9.996677962093411,1
2390688,10.0,1
2390689,10.0,1
2390695,9.89514948592253,6
2390705,9.802511839811048,10
2390716,9.737311781242587,11
2390728,9.72210608710247,12
2390744,9.65175249963494,16
2390754,9.79992300704163,10
2390762,9.830230841327905,8
2390771,9.821310711843607,9
2390781,9.791454608215968,10
2390791,9.770201364094628,10
2390802,9.763365050503813,11
2390808,9.906966246930278,6
2390815,9.851594834859116,7
2390827,9.734693135022185,12
2390829,9.972015345096535,2
2390836,9.878627388138064,7
2390843,9.881671570395936,7
2390856,9.716088060811048,13
2390862,9.902978077397824,6
2390869,9.857909136020195,7
2390883,9.691673064719263,14
2390885,9.971090871046657,2
2390898,9.710052161709585,13
2390904,9.902695921127627,6
2390912,9.87864889065106,8
2390922,9.797788759055402,10
2390926,9.935135267209153,4
2390936,9.788706641332855,10
2390939,9.963187210570469,3
2390946,9.838137293951908,7
2390954,9.8588807218658,8
2390960,9.898316933585907,6
2390973,9.739623158923077,13
2390979,9.920679812367021,6
2390992,9.695443047182529,13
2390999,9.891769803575778,7
2391007,9.844890347207642,8
2391018,9.771387726348758,11
2391021,9.952187837609477,3
2391035,9.688807309681454,14
2391045,9.78468347431011,10
2391055,9.790535915865311,10
2391061,9.891507235961788,6
2391065,9.942810627552674,4
2391076,9.809591629834218,11
2391095,9.550463036753424,19
2391111,9.602809745516577,16
2391112,10.0,1
2391120,9.843409140572883,8
2391121,10.0,1
2391125,9.925208802732207,4
2391126,10.0,1
2391134,9.844729855372238,8
2391152,9.57190224664744,18
2391170,9.557082624602748,18
2391191,9.51916933416715,21
2391202,9.777843732610553,11
2391212,9.78745334629254,10
2391219,9.672449418831915,7
2391230,9.813423786534699,11
2391243,9.687114627781556,13
2391260,9.596031406045658,17
2391275,9.673842845105403,15
2391287,9.733538844428837,12
2391309,9.595112917793994,22
2391320,9.747654443941643,11
2391336,9.675994186741836,16
2391341,9.916150010866287,5
2391362,9.488975388044432,21
2391363,10.0,1
2391378,9.554683835793435,15
2391387,9.798517005410732,9
2391399,9.752767772060375,12
2391408,9.820927810704237,9
2391422,9.68614559437292,14
2391429,9.87766613676023,7
2391436,9.864714649168072,7
2391447,9.729770725817005,11
2391460,9.761815798987419,13
2391472,9.730273852453216,12
2391478,9.8984073351578,6
2391494,9.634189537935574,16
2391500,9.890202856670106,6
2391501,10.0,1
2391511,9.808325655684731,10
2391512,9.995813017623878,1
2391521,9.801611821662656,9
2391526,9.927202546898393,5
2391531,9.91101455620221,5
2391540,9.834146605936187,9
2391546,9.877059750890515,6
2391561,9.642887721904124,15
2391565,9.945574232758224,4
2391571,9.870337821277612,6
2391580,9.812608008025684,9
2391588,9.850117145094446,8
2391599,9.795732881212732,11
2391612,9.706380038279255,13
2391620,9.833325210721148,8
2391622,9.974844346767382,2
2391636,9.66181962658761,14
2391640,9.945467001379088,4
2391641,10.0,1
2391652,9.760238877873357,11
2391654,9.977123720790406,2
2391666,9.751190002946464,12
2391669,9.946418019491926,3
2391675,9.881173480391247,6
2391684,9.807166392145362,9
2391696,9.738207519236905,12
2391706,9.805886138390816,10
2391720,9.71179756408717,14
2391722,9.97585503993147,2
2391723,10.0,1
2391733,9.811746489516235,10
2391738,9.926688355034779,5
2391746,9.870981792596808,8
2391756,9.812287771362863,10
2391762,9.891581482942877,6
2391775,9.760123113791249,13
2391786,9.764527936923162,11
2391796,9.812729873516382,10
2391804,9.640307057913205,8
2391815,9.767682944799192,11
2391828,9.727155369215088,13
2391829,9.99254723678468,1
2391837,9.851031681320332,8
2391838,10.0,1
2391849,9.824457246750779,11
2391856,9.885191034270871,7
2391858,9.981081611476629,2
2391876,9.593796071640032,18
2391885,9.829852885870304,9
2391900,9.648277863050401,15
2391909,9.838691156893633,9
2391919,9.793095771406108,10
2391930,9.761738557396443,11
2391931,10.0,1
2391940,9.80512594246566,9
2391944,9.943205092006792,4
2391961,9.668585232213537,17
2391974,9.718002549641344,13
2391986,9.748955149112836,12
2391992,9.908917757652533,6
2391997,9.928764006064903,5
2392007,9.019645842418726,10
2392014,9.873691117278714,7
2392024,9.683129721717977,10
2392033,9.83884736159835,9
2392037,9.95043289219314,4
2392046,9.790875532377907,9
2392060,9.718389252916117,14
2392068,9.86391032559749,8
2392078,9.78397944080138,10
2392094,9.635126952047255,16
2392098,9.942520999849226,4
2392111,9.68513424075178,13
2392127,9.649220582054593,16
2392142,9.695105477586267,15
2392154,9.805167612310962,12
2392160,9.893729291846423,6
2392174,9.682478790454901,14
2392180,9.889516744380996,6
2392189,9.840606456660783,9
2392203,9.68227350199911,14
2392219,9.63160261170587,16
2392232,9.715548350565724,13
2392240,9.85015083356018,8
2392241,10.0,1
2392242,9.988995983248595,1
2392245,9.95967271546932,3
2392256,9.761025181281582,11
2392264,9.838964428322067,8
2392269,9.91670200805973,5
2392278,9.833664544779593,9
2392287,9.838820431344494,9
2392292,9.913519291282146,5
2392293,9.98708467692189,1
2392305,9.729851228193104,12
2392311,9.886271233073348,6
2392323,9.754277873682733,12
2392326,9.961471261485027,3
2392334,9.833922147989652,8
2392346,9.755878002076793,12
2392350,9.943555858932452,4
2392355,9.924907375778306,5
2392368,9.690459168452357,13
2392379,9.743802487210024,11
2392390,9.752524797569007,11
2392404,9.70722427312339,14
2392418,9.706891106735856,14
2392428,9.81053556287022,10
2392434,9.900106359887726,6
2392445,9.772621193420191,11
2392452,9.851490187949196,7
2392454,9.976954209945836,2
2392463,9.806509495850445,9
2392476,9.69638029729165,13
2392481,9.901713630151402,5
2392487,9.892066040792244,6
2392493,9.86924207550392,6
2392494,10.0,1
2392500,9.88217522837678,6
2392508,9.834453560455257,8
2392516,9.840399839870836,8
2392532,9.654217630822055,16
2392540,9.810672630006717,8
2392548,9.833751258472532,8
2392566,9.571677860515466,18
2392572,9.89357716461218,6
2392582,9.779441287385662,10
2392590,9.860125553520959,8
2392598,9.865400722505964,8
2392600,9.97410140204282,2
2392608,9.858670063770058,8
2392613,9.911532870986079,5
2392620,9.865628439249647,7
2392629,9.833720121908167,9
2392638,9.828039239691694,9
2392639,10.0,1
2392649,9.77413891028365,10
2392652,9.957061382373261,3
2392661,9.8114823334339,9
2392677,9.665521464774477,16
2392691,9.712292226790687,14
2392696,9.915924898184612,5
2392713,9.659701736790169,17
2392714,9.988131513906836,1
2392729,9.698969303817266,15
2392738,9.805544215276482,9
2392748,9.812528227643488,10
2392753,9.907035435600779,5
2392762,9.844313442188492,9
2392777,9.665558636207694,15
2392778,10.0,1
2392792,9.682966832066615,14
2392799,9.859364437203894,7
2392800,10.0,1
2392806,9.91722899558967,6
2392812,9.899326514587349,6
2392824,9.728606357460434,12
2392838,9.6831084408791,14
2392846,9.86324645015075,8
2392847,9.991755660696555,1
2392861,9.727989276452323,14
2392878,9.607167743694273,17
2392899,9.44122267222108,21
2392909,9.789947032156407,10
2392913,9.940316440186754,4
2392928,9.645524206732214,15
2392943,9.706646547162572,15
2392957,9.590690909769926,14
2392970,9.698484050734054,13
2392978,9.84278577913509,8
2392988,9.789209829852288,10
2392989,10.0,1
2393017,9.147193231163762,28
2393018,9.993297258885514,1
2393024,9.884415315865793,6
2393032,9.859476749987987,8
2393044,9.767795498617515,12
2393053,9.819919388577583,9
2393058,9.912961359649053,5
2393071,9.713881527881155,13
2393084,9.723414603605557,13
2393090,9.894110588133971,6
2393096,9.905233783361552,6
2393103,9.865733541513588,7
2393119,9.644078603740398,16
2393122,9.94926136583167,3
2393132,9.594465774190576,10
2393133,9.99218128220864,1
2393136,9.963082010720552,3
2393148,9.809697973242997,12
2393155,9.853148596820272,7
2393163,9.857113766735996,8
2393177,9.648834709104463,14
2393185,9.843576207325468,8
2393198,9.734170825273747,13
2393212,9.641725287815623,14
2393226,9.680237106555543,14
2393230,9.929447187992878,4
2393248,9.595337019495616,18
2393262,9.68527420736841,14
2393275,9.685649118912947,13
2393276,10.0,1
2393283,9.88394036693263,7
2393299,9.646683467369616,16
2393308,9.812884343320565,9
2393309,10.0,1
2393318,9.816095422949044,9
2393321,9.958710999412071,3
2393330,9.804619153572368,9
2393334,9.936532265381773,4
2393347,9.686593475357654,13
2393359,9.75008795753716,12
2393369,9.817384407525116,10
2393380,9.756537535734473,11
2393388,9.84507226551734,8
2393400,9.749761528059274,12
2393406,9.898180452745368,6
2393418,9.712889664134305,12
2393419,10.0,1
2393436,9.410927093833347,17
2393451,9.681332199348825,15
2393452,10.0,1
2393462,9.779325502549742,10
2393463,10.0,1
2393475,9.72399335224927,12
2393487,9.749557018245527,12
2393502,9.654305943593489,15
2393503,10.0,1
2393511,9.848141446908302,8
2393523,9.73120952961373,12
2393530,9.888954123367327,7
2393548,9.603316545634366,18
2393559,9.745811352499102,11
2393578,9.555110192312817,19
2393589,9.663999524591746,11
2393597,9.835570319691124,8
2393614,9.686299053819791,17
2393615,10.0,1
2393629,9.70327196896047,14
2393639,9.78525288586093,10
2393654,9.655375575564568,15
2393667,9.723054856548277,13
2393672,9.898493903475687,5
2393676,9.945635061574452,4
2393682,9.892306046764913,6
2393683,10.0,1
2393684,10.0,1
2393696,9.734366563767049,12
2393712,9.638026297520137,16
2393718,9.899174201193553,6
2393733,9.666191210640578,15
2393738,9.898322748233607,5
2393748,9.82817039311116,10
2393759,9.536386686822153,11
2393763,9.949608710990603,4
2393775,9.736919104629866,12
2393790,9.653977740584756,15
2393820,9.332895011264966,30
2393824,9.938739793394053,4
2393831,9.856113049600857,7
2393843,9.75877623582122,12
2393849,9.905986379818136,6
2393872,9.113419811976213,23
2393876,9.930980821313113,4
2393885,9.81303347610272,9
2393901,9.532933391279295,16
2393902,10.0,1
2393906,9.939756731371194,4
2393913,9.868220016691044,7
2393921,9.856278891753753,8
2393932,9.532144489650062,11
2393949,9.60115196730083,17
2393963,9.752647031498412,14
2393973,9.770055384795857,10
2393986,9.699523869545143,13
2393988,9.976346892678855,2
2393995,9.878060192650342,7
2394004,9.854543399763461,9
2394010,9.908382808410117,6
2394012,9.976311963402042,2
2394021,9.847458132026652,9
2394028,9.886701093170185,7
2394038,9.80322930461018,10
2394049,9.743358705843365,11
2394062,9.717038130055094,13
2394076,9.697668539391772,14
2394086,9.796894029217523,10
2394091,9.923076688156456,5
2394101,9.794696834008253,10
2394106,9.8969871763202,5
2394110,9.945290112023766,4
2394127,9.658897576477942,17
2394137,9.779964678501837,10
2394151,9.700287009616632,14
2394165,9.667671625502273,14
2394179,9.742249019636365,14
2394180,9.99633594345291,1
2394196,9.667147349527621,16
2394201,9.935756433673168,5
2394209,9.854520562936226,8
2394228,9.6407971897877,19
2394231,9.960735428374747,3
2394236,9.921084969228641,5
2394243,9.87610235805154,7
2394247,9.935968091460778,4
2394265,9.56763653493969,18
2394268,9.950696008872205,3
2394283,9.662204585094212,15
2394300,9.573648449368036,17
2394309,9.85093884360386,9
2394310,10.0,1
2394315,9.923353845928986,5
2394324,9.814231200986237,9
2394325,10.0,1
2394339,9.729590418710133,14
2394349,9.838003980076039,10
2394356,9.902486810397212,7
2394367,9.758488483903804,11
2394376,9.809596597771455,9
2394381,9.903392583454526,5
2394389,9.861664211109208,8
2394393,9.926959068387783,4
2394401,9.632976269507141,8
2394417,9.649227265061082,16
2394428,9.790669412834564,11
2394429,10.0,1
2394443,9.663739856180463,14
2394448,9.928905447346974,5
2394461,9.723519104558076,13
2394462,10.0,1
2394475,9.713691624313144,13
2394483,9.836842334592326,8
2394490,9.87476585899361,7
2394502,9.632689338458157,12
2394511,9.813037946534452,9
2394521,9.77820526168246,10
2394534,9.705833000937506,13
2394547,9.737945610314851,13
2394555,9.86656394009451,8
2394565,9.713622777231137,10
2394573,9.85784849477871,8
2394587,9.668147535051958,14
2394600,9.696858991385966,13
2394604,9.939649396976103,4
2394615,9.815830872224875,11
2394619,9.934684395121119,4
2394625,9.907041461440759,6
2394634,9.82129912789011,9
2394645,9.797753680813393,11
2394652,9.883099132016515,7
2394662,9.80271337347006,10
2394671,9.82702647322582,9
2394676,9.914528087696196,5
2394687,9.788251131525898,11
2394691,9.932333135485944,4
2394696,9.907421752751981,5
2394703,9.88604207519631,7
2394712,9.832831189660732,9
2394713,10.0,1
2394724,9.736353171677349,11
2394725,10.0,1
2394738,9.718716411145426,13
2394751,9.68398969229929,13
2394755,9.947729877838045,4
2394758,9.954762040573206,3
2394762,9.657608860660808,4
2394777,9.713551878103036,15
2394784,9.873576636938306,7
2394794,9.829682643737613,10
2394799,9.917683104693609,5
2394812,9.711557794198637,13
2394830,9.601630604737943,18
2394836,9.891074506311575,6
2394844,9.82148781064111,8
2394852,9.849259099812329,8
2394853,9.989085916582804,1
2394854,10.0,1
2394864,9.800068478405137,10
2394871,9.887816066012872,7
2394880,9.83171751062966,9
2394897,9.57966139549483,17
2394910,9.696908313011539,13
2394921,9.77570236551344,11
2394927,9.904610084784357,6
2394934,9.871299534166164,7
2394941,9.872806865908279,7
2394955,9.693426885640099,14
2394967,9.768286909328928,12
2394975,9.83781665358319,8
2394979,9.944139757141748,4
2394987,9.839458249207633,8
2394991,9.951563427813168,4
2395010,9.363903190121246,19
2395024,9.726083425318881,14
2395035,9.771053419789183,11
2395054,9.56346697153689,19
2395055,10.0,1
2395063,9.849750535860034,8
2395071,9.87186878729906,8
2395083,9.746714201106592,12
2395084,10.0,1
2395088,9.940595340803384,4
2395101,9.742145647115027,13
2395112,9.761997053191775,11
2395135,9.536253144541906,23
2395137,9.970174337378555,2
2395154,9.631844822379072,17
2395161,9.84731975737341,7
2395175,9.694681672111107,14
2395180,9.917304046208976,5
2395185,9.918989211867054,5
2395209,9.432579380206144,24
2395223,9.701800344151124,14
2395234,9.753357711580989,11
2395241,9.865125295963441,7
2395244,9.952407915001086,3
2395249,9.90266397612144,5
2395259,9.782695965732948,10
2395266,9.871356707164713,7
2395274,9.845817977771189,8
2395285,9.768323871729605,11
2395299,9.665227765584525,14
2395311,9.714239251880347,12
2395322,9.802254628319048,11
2395334,9.720794120733132,12
2395340,9.880837921698468,6
2395348,9.837199991553971,8
2395356,9.838158666537378,8
2395357,10.0,1
2395372,9.649695798281137,15
2395383,9.757694795338862,11
2395394,9.754626984643105,11
2395401,9.892809392778046,7
2395413,9.720192210724186,12
2395427,9.72927087190725,14
2395428,9.991845502868298,1
2395437,9.737453636801574,9
2395441,9.926199531818098,4
2395444,9.970165578807501,3
2395448,9.946748008927784,4
2395461,9.7217533061293,13
2395468,9.887574608764664,7
2395477,9.81261281116419,9
2395478,9.991400378677396,1
2395493,9.667662749594822,15
2395494,10.0,1
2395502,9.849405775493938,8
2395503,10.0,1
2395510,9.855770614851968,7
2395520,9.800578872741141,10
2395521,10.0,1
2395525,9.944436651856726,4
2395540,9.652489889845606,15
2395548,9.843294020719815,8
2395551,9.96254221647657,3
2395559,9.82766916704836,8
2395564,9.921730909251227,5
2395573,9.805585353796003,9
2395582,9.811199741536143,9
2395586,9.94457412251086,4
2395599,9.721816969829677,13
2395605,9.88370022855453,6
2395606,10.0,1
2395610,9.93186910563904,4
2395613,9.950938781784968,3
2395616,9.964362451836404,3
2395619,9.955461702988591,3
2395620,10.0,1
2395621,10.0,1
2395629,9.871869465722773,8
2395632,9.961954714933219,3
2395633,9.988521160685288,1
2395644,9.768788617514321,11
2395658,9.715940211175253,14
2395665,9.886765474749948,7
2395683,9.578428665083848,18
2395694,9.782049098682148,11
2395704,9.785320169560237,10
2395717,9.7309321614341,13
2395729,9.769455243904904,12
2395730,10.0,1
2395742,9.768392783677202,12
2395756,9.688330558099336,14
2395769,9.715315450431785,13
2395787,9.697018514579423,18
2395789,9.970518867359164,2
2395796,9.874112956490269,7
2395814,9.588443748191185,18
2395824,9.828140521708708,10
2395826,9.974452960592528,2
2395828,9.987346065924866,2
2395840,9.76795908662317,12
2395841,10.0,1
2395852,9.789558367085371,11
2395867,9.693985367531207,15
2395883,9.687554051607492,16
2395898,9.693894754166529,15
2395903,9.909242926434704,5
2395904,10.0,1
2395913,9.72168841342267,9
2395920,9.84311495214753,7
2395926,9.892237019172995,6
2395927,9.992325036997638,1
2395931,9.940804040718378,4
2395937,9.89882085395991,6
2395942,9.926769388412813,5
2395953,9.75053709252568,11
2395965,9.751712052459212,12
2395977,9.736788967668042,12
2395984,9.856223356988261,7
2395987,9.958315346529908,3
2395991,9.938719853064326,4
2395998,9.860537662121208,7
2396006,9.85699777017621,8
2396007,10.0,1
2396016,9.805019334337423,9
2396030,9.62564883569417,14
2396036,9.913861022232158,6
2396046,9.811341688623838,10
2396055,9.840157429483924,9
2396069,9.709711704598387,14
2396076,9.885218733281393,7
2396090,9.684568935139966,14
2396098,9.841568713761902,8
2396108,9.806176715257296,10
2396109,9.987447074083478,1
2396120,9.749871685630156,11
2396133,9.698370370927318,13
2396134,10.0,1
2396139,9.922294098252385,5
2396146,9.886050464831628,7
2396161,9.692756657079267,15
2396182,8.991261186025254,21
2396192,9.797443509143873,10
2396196,9.943755659450545,4
2396207,9.774881872953014,11
2396212,9.927080060708413,5
2396222,9.779517902934185,10
2396233,9.765650304688592,11
2396243,9.831138570261102,10
2396257,9.710947997354907,14
2396269,9.746607201166348,12
2396282,9.762943186485344,13
2396287,9.933099378345144,5
2396298,9.820885027427805,11
2396309,9.784971064526271,11
2396317,9.86585907003738,8
2396335,9.577322207037973,18
2396350,9.67866760138055,15
2396356,9.912913088796614,6
2396369,9.737590147586712,13
2396371,9.985962051083439,2
2396383,9.751835638144401,12
2396384,10.0,1
2396385,10.0,1
2396396,9.751385034444858,11
2396410,9.712920939623782,14
2396419,9.820255815555695,9
2396433,9.676579688206079,14
2396444,9.76128759042301,11
2396452,9.837026088217693,8
2396460,9.846251099254184,8
2396470,9.784665664091097,10
2396481,9.77932511109726,11
2396491,9.807855520231481,10
2396497,9.883917541751835,6
2396503,9.88582384269717,6
2396507,9.94155218617704,4
2396516,9.812199576660463,9
2396534,9.585614597813215,18
2396813,4.673468937765234,279
2396829,9.665192246198588,16
2396830,10.0,1
2396840,9.793297879910705,10
2396841,10.0,1
2396852,9.780432633640105,11
2396863,9.766396344360976,11
2396871,9.830987294126162,8
2396883,9.737430072204956,12
2396889,9.90011403420596,6
2396903,9.667591894923966,14
2396904,10.0,1
2396917,9.706609455489149,13
2396920,9.963191219850739,3
2396931,9.758200333530969,11
2396943,9.735404383220152,12
2396947,9.947183338712685,4
2396957,9.80820418806237,10
2396967,9.814256130423443,10
2396979,9.76215387617718,12
2396993,9.465103716409933,14
2397007,9.656631652049684,14
2397012,9.922410398695519,5
2397017,9.92103795003261,5
2397018,10.0,1
2397028,9.800145523268498,10
2397030,9.973230620438498,2
2397031,10.0,1
2397033,9.779133888032995,2
2397044,9.764083792930522,11
2397045,10.0,1
2397062,9.614298662788189,17
2397075,9.69598981033359,13
2397077,9.971447461916505,2
2397084,9.879111933911283,7
2397093,9.792250264509892,9
2397104,9.75937116570368,11
2397114,9.803626180197398,10
2397121,9.859468524869076,7
2397130,9.814652752994915,9
2397142,9.718030539454556,12
2397148,9.898711341910408,6
2397166,9.565907528198181,18
2397176,9.786167086365246,10
2397189,9.733440659642012,13
2397203,9.688702920078955,14
2397210,9.864365876337589,7
2397211,10.0,1
2397219,9.853904437220764,8
2397229,9.800566200727161,10
2397244,9.69119374061332,15
2397246,9.984888200442448,2
2397251,9.926384404250493,5
2397261,9.773181779896717,10
2397267,9.867973124938962,6
2397277,9.776322474931634,10
2397285,9.840029298647483,8
2397307,9.34073478998122,22
2397310,9.964960380955757,3
2397311,9.989438240792596,1
2397321,9.786918477993462,10
2397329,9.834871075927474,8
2397337,9.846384709084937,8
2397360,9.549571279185026,23
2397374,9.70145110174445,14
2397385,9.76812952225854,11
2397396,9.7321936069107,11
2397401,9.914458938140129,5
2397411,9.77812710691319,10
2397412,10.0,1
2397419,9.869494237769018,7
2397429,9.82544871052856,10
2397437,9.849610768863831,8
2397438,10.0,1
2397448,9.77256146122876,10
2397452,9.951236424589897,4
2397462,9.777788108882147,10
2397468,9.883992731984307,6
2397474,9.899065705666104,6
2397475,10.0,1
2397487,9.786170691529497,12
2397498,9.762628396469129,11
2397508,9.793273594662194,10
2397514,9.886696576301626,6
2397525,9.740259149150926,11
2397536,9.780116910871234,11
2397540,9.93495173355835,4
2397549,9.82531708251339,9
2397553,9.94522115402623,4
2397556,9.958237386802395,3
2397569,9.723402067399494,13
2397575,9.882602243965902,6
2397584,9.81101681669896,9
2397595,9.75980471892804,11
2397610,9.637040519366296,15
2397617,9.881049145237045,7
2397621,9.947059966710297,4
2397624,9.95807097241494,3
2397633,9.825328701893959,9
2397636,9.948027190214063,3
2397637,10.0,1
2397643,9.900203908348267,6
2397650,9.871022754353705,7
2397657,9.870246377030389,7
2397668,9.738549144108605,11
2397672,9.949309465408122,4
2397685,9.719836273664281,13
2397691,9.89841602820526,6
2397702,9.751265687088942,11
2397703,9.991703259262763,1
2397714,9.783101909522879,11
2397715,10.0,1
2397721,9.888729646175465,6
2397759,9.329162080443131,38
2397769,9.77913339381325,10
2397778,9.809990823581337,9
2397790,9.72558843424062,12
2397799,9.843227914015362,9
2397800,9.996503174134007,1
2397810,9.80113514885343,10
2397811,9.993248574519848,1
2397819,9.852460709317667,8
2397827,9.84686936760559,8
2397828,9.992984934194787,1
2397848,9.558883815918005,20
2397861,9.753053696599185,13
2397867,9.898731710422641,6
2397880,9.734935096075157,13
2397883,9.948687957756658,3
2397891,9.823679739174484,8
2397899,9.85315668764851,8
2397912,9.722499578050249,13
2397922,9.822787280636739,10
2397930,9.843182067142036,8
2397936,9.91054303377161,6
2397943,9.890838257331366,7
2397945,9.985304609557225,2
2397954,9.822278462700586,9
2397955,10.0,1
2397962,9.856996309488224,7
2397970,9.863724136362508,8
2397979,9.832191967952468,9
2397987,9.853849537768367,8
2397991,9.934432146135961,4
2398001,9.79357370523227,10
2398006,9.907545866205309,5
2398009,9.964627372272405,3
2398016,9.879212095307166,7
2398019,9.954641357408073,3
2398027,9.8445097271951,8
2398029,9.9733575196943,2
2398036,9.861153170584783,7
2398042,9.898334215137119,6
2398043,10.0,1
2398057,9.674907999972236,14
2398064,9.884186161572758,7
2398080,9.650264779603969,16
2398094,9.681177210637584,14
2398108,9.728043301233166,14
2398117,9.800205275849914,9
2398129,9.633861347386226,12
2398134,9.911163894197896,5
2398137,9.944090682333735,3
2398142,9.913590553658995,5
2398153,9.741839916062426,11
2398154,10.0,1
2398155,10.0,1
2398156,9.992773510216923,1
2398168,9.75511625330587,12
2398176,9.838161042427975,8
2398185,9.853480985816223,9
2398196,9.758609971344514,11
2398197,10.0,1
2398204,9.876108053129308,7
2398216,9.80254251328161,12
2398229,9.695149712993638,13
2398236,9.871692070226239,7
2398237,10.0,1
2398242,9.895416967136931,5
2398252,9.78194624387388,10
2398271,9.564380552375477,19
2398281,9.782992138055235,10
2398286,9.91428515549606,5
2398295,9.819899157804318,9
2398303,9.823997994352201,8
2398312,9.837507108814734,9
2398317,9.899536923938623,5
2398323,9.897295963690771,6
2398328,9.90203726623407,5
2398339,9.783471806038644,11
2398354,9.560277430144513,15
2398369,9.678894294087579,15
2398381,9.745100568457463,12
2398387,9.896392828215944,6
2398392,9.905743311739233,5
2398400,9.851146463293357,8
2398417,9.583832117041592,17
2398440,9.518773000740007,23
2398444,9.930580836347515,4
2398453,9.812043320935024,9
2398454,10.0,1
2398463,9.842798180924087,9
2398473,9.77480417246229,10
2398488,9.67669527239085,15
2398493,9.915119636102371,5
2398494,10.0,1
2398503,9.831978514250107,9
2398520,9.577836813372457,17
2398532,9.730356485788226,12
2398538,9.886635044394124,6
2398553,9.671099434198757,15
2398570,9.625078599956604,17
2398575,9.925314388826513,5
2398588,9.712940759312048,13
2398599,9.750036481154163,11
2398607,9.854078424657844,8
2398616,9.827298782966185,9
2398626,9.792875899421292,10
2398636,9.794257745691036,10
2398643,9.868439180456098,7
2398651,9.852078569180192,8
2398663,9.709644277694526,12
2398673,9.802869549846896,10
2398686,9.704827922475445,13
2398699,9.715308250135772,13
2398708,9.809614617622037,9
2398710,9.97474887857419,2
2398715,9.93191695405201,5
2398719,9.9460465076185,4
2398732,9.707206954855572,13
2398733,10.0,1
2398742,9.80708710815355,9
2398754,9.639555088184224,12
2398762,9.84207539246705,8
2398767,9.913083634738719,5
2398784,9.636636125905014,17
2398798,9.692327958722009,14
2398807,9.84555170484869,9
2398816,9.798448456247113,9
2398827,9.750892326697098,11
2398839,9.73520732640645,12
2398847,9.830405727565216,8
2398856,9.811509159414799,9
2398858,9.97210173844292,2
2398874,9.620354217005204,16
2398875,9.988407299770063,1
2398882,9.858961251237885,7
2398888,9.880635681909167,6
2398893,9.906520602456313,5
2398902,9.819495729458778,9
2398909,9.87364357355716,7
2398921,9.748078669968768,12
2398925,9.930222105432847,4
2398936,9.757558115184517,11
2398944,9.863196518337269,8
2398945,10.0,1
2398951,9.911867190578372,6
2398952,10.0,1
2398965,9.520312413075173,13
2398972,9.89806838306136,7
2398982,9.808056173592092,10
2398987,9.914772421742192,5
2398998,9.756719550468395,11
2399006,9.856591549286538,8
2399020,9.741776744460367,14
2399031,9.7603415877786,11
2399037,9.788228310394356,6
2399053,9.617360430952372,16
2399065,9.698098706422003,12
2399071,9.882778147986118,6
2399084,9.71617273227119,13
2399096,9.77007952640898,12
2399111,9.630516127254058,15
2399119,9.845806043520017,8
2399135,9.660373281183043,16
2399142,9.847426479807682,7
2399151,9.622381398898877,9
2399161,9.803448288510557,10
2399170,9.815386261112478,9
2399175,9.909652550059718,5
2399182,9.867951308763287,7
2399188,9.886403691928761,6
2399203,9.650816647091908,15
2399207,9.935810317169604,4
2399217,9.824538520787446,10
2399237,9.54459321313234,20
2399244,9.901143845351447,7
2399255,9.80354198061743,11
2399263,9.81390225100964,8
2399264,9.989086588483701,1
2399275,9.78207541209397,11
2399281,9.90949136302346,6
2399291,9.777292329502743,10
2399300,9.830170764013134,9
2399314,9.712135788742204,14
2399325,9.758404741240513,11
2399328,9.9585927213332,3
2399334,9.879372376951277,6
2399339,9.920138654230648,5
2399351,9.796423371258218,12
2399362,9.76289898249265,11
2399367,9.924672420829408,5
2399376,9.80658172321448,9
2399389,9.757664978344673,13
2399400,9.761684922456201,11
2399401,10.0,1
2399411,9.799837329639752,10
2399432,9.527587660363551,21
2399441,8.082541543559573,9
2399457,9.614338213462274,16
2399460,9.96657301637048,3
2399467,9.885095791524709,7
2399475,9.877346922606467,8
2399484,9.808900530526646,9
2399492,9.853055135438353,8
2399497,9.931492479455207,5
2399504,9.664910211153812,7
2399511,9.884811988481136,7
2399523,9.758943879406184,12
2399526,9.956691444443623,3
2399543,9.685357415551016,17
2399559,9.618829347898247,16
2399567,9.828779673354893,8
2399575,9.839661889243892,8
2399586,9.737321174377342,11
2399600,9.707327744290481,14
2399614,9.696367438342017,14
2399623,9.813983282047975,9
2399638,9.688308572742859,15
2399646,9.842928379901798,8
2399655,9.82656247697889,9
2399658,9.954622432407598,3
2399665,9.852691386051335,7
2399674,9.798017667330997,9
2399680,9.890648559274908,6
2399687,9.871451904015162,7
2399701,9.710495383225373,14
2399714,9.728926491921314,13
2399729,9.694953635109396,15
2399734,9.924206033151702,5
2399747,9.767458024905931,13
2399754,9.884652743822421,7
2399759,9.916886775296684,5
2399777,9.668482774163074,18
2399790,9.75009259662655,13
2399806,9.751071332818851,16
2399813,9.879222647353217,7
2399822,9.828552148198083,9
2399827,9.906345991171541,5
2399837,9.81476105639312,10
2399838,10.0,1
2399847,9.814119727616136,9
2399852,9.900849455263183,5
2399853,10.0,1
2399861,9.837650947650145,8
2399870,9.812222864856395,9
2399879,9.829198856520035,9
2399880,10.0,1
2399886,9.891598019676142,6
2399890,9.952426737115802,4
2399903,9.720827492620181,13
2399904,9.993042705725351,1
2399918,9.774331742736937,14
2399930,9.729047953732856,12
2399938,9.847997289175943,8
2399952,9.671828773277953,14
2399959,9.898625540169299,7
2399975,9.60571711315433,16
2399980,9.940530272722578,5
2399991,9.738552137551679,11
2399997,9.897318758773055,6
2400005,9.858914950033084,8
2400008,9.960694011637564,3
2400013,9.916677778112266,5
2400018,9.92727286879975,5
2400028,9.827495640262597,10
2400034,9.899493447349196,6
2400042,9.86492303018847,8
2400049,9.86274864394262,7
2400057,9.838571135535364,8
2400058,10.0,1
2400073,9.662508091413715,15
2400078,9.924354976572745,5
2400090,9.772095994799136,12
2400097,9.86703409232582,7
2400115,9.624582731761937,18
2400116,10.0,1
2400126,9.789015692252015,10
2400137,9.811322602327913,11
2400143,9.893354092881125,6
2400158,9.678057474466266,15
2400167,9.820792198221334,9
2400177,9.792379941008887,10
2400191,9.691929359842636,14
2400201,9.78881445522049,10
2400208,9.874571939337196,7
2400221,9.71306949530186,13
2400232,9.787497068731023,11
2400233,10.0,1
2400241,9.832131681693962,8
2400242,10.0,1
2400246,9.94476229761545,4
2400256,9.790652212166288,10
2400262,9.912729684700526,6
2400273,9.776855126412173,11
2400282,9.793113163391507,9
2400289,9.87183702220805,7
2400298,9.843479941616517,9
2400300,9.973534583004028,2
2400317,9.630200669045827,17
2400318,10.0,1
2400329,9.768026064575146,11
2400330,9.993164559085816,1
2400339,9.743360184344663,9
2400347,9.834786677895845,8
2400362,9.635224425593945,15
2400372,9.803859291240524,10
2400378,9.887144231583889,6
2400389,9.76750789313147,11
2400398,9.82725166341059,9
2400407,9.828515458687576,9
2400414,9.874600281115084,7
2400422,9.537414212405109,8
2400432,9.788486984175341,10
2400439,9.866329622836862,7
2400455,9.635340043845114,16
2400465,9.827142297725159,10
2400467,9.983956387968833,2
2400474,9.870932441211567,7
2400475,10.0,1
2400481,9.895251583965804,6
2400485,9.936015234389773,4
2400493,9.855821549704926,8
2400499,9.8862570670243,6
2400509,9.774475837165218,10
2400512,9.965243376864203,3
2400516,9.937361567548441,4
2400524,9.866550149338007,8
2400556,9.437292985763783,32
2400561,9.933977854885397,5
2400562,9.996447141710293,1
2400571,9.81676252669961,9
2400583,9.763153342005708,12
2400592,9.626668619183276,9
2400611,9.60110146401231,19
2400618,9.84732395462594,7
2400631,9.692069295672303,13
2400636,9.924323737232982,5
2400637,10.0,1
2400646,9.836741709729353,9
2400659,9.770028048228298,13
2400669,9.815230629265402,10
2400676,9.883779374714093,7
2400677,10.0,1
2400690,9.703288240734782,13
2400696,9.893363859100736,6
2400710,9.667295095152237,14
2400719,9.820204618030436,9
2400726,9.867683081842063,7
2400727,10.0,1
2400744,9.617630367726386,17
2400751,9.870267310621218,7
2400762,9.74683137516848,11
2400765,9.967757483720339,3
2400769,9.946805244819659,4
2400774,9.904926764125408,5
2400789,9.699126933610426,15
2400797,9.865164149306043,8
2400811,9.695957193669638,14
2400817,9.907001401406339,6
2400826,9.837183735231015,9
2400832,9.876328615858387,6
2400846,9.686914964904645,14
2400851,9.931900421638675,5
2400861,9.791422941974883,10
2400873,9.782817277064316,12
2400887,9.683659920022393,14
2400895,9.845519168799449,8
2400900,9.910089992898948,5
2400904,9.941672971646343,4
2400911,9.877899000151297,7
2400918,9.87744043508641,7
2400928,9.800625311303103,10
2400929,10.0,1
2400939,9.796420841504288,10
2400957,9.573499351534448,18
2400967,9.792822531584445,10
2400982,9.66369811151058,15
2400995,9.779178805084719,13
2401000,9.922802835457164,5
2401008,9.865652179782053,8
2401024,9.520933028343446,16
2401046,8.931147607946235,22
2401058,9.733715273240366,12
2401070,9.76680428335839,12
2401078,9.856092866366417,8
2401082,9.926431927580378,4
2401103,9.45161687592461,21
2401106,9.953762801878332,3
2401107,10.0,1
2401114,9.874785262500911,7
2401128,9.66980387052901,14
2401135,9.86829460302491,7
2401147,9.706195627096479,12
2401156,9.848282407179774,9
2401170,9.72461570528929,14
2401177,9.883188391783403,7
2401178,10.0,1
2401183,9.92324742607414,5
2401190,9.850291447944063,7
2401197,9.896331087199561,7
2401198,10.0,1
2401201,9.96696621711618,3
2401208,9.872593478746468,7
2401217,9.838331810868993,9
2401222,9.908141366156567,5
2401225,9.945411773941332,3
2401232,9.866330521409983,7
2401243,9.776777942901845,11
2401253,9.802836399929806,10
2401261,9.86567195417666,8
2401262,10.0,1
2401267,9.903034897211027,5
2401290,9.43242374869935,23
2401303,9.510909939140852,13
2401317,9.709890767203426,14
2401319,9.985513336877897,2
2401320,10.0,1
2401323,9.95404589876898,3
2401342,9.547377361552178,19
2401358,9.635020306977543,16
2401365,9.888717474185055,7
2401372,9.868296170993334,7
2401376,9.948778287425478,4
2401397,9.406635592875208,21
2401408,9.781497377434919,11
2401416,9.823713020751086,8
2401430,9.670256715729563,14
2401431,10.0,1
2401449,9.643382262504463,18
2401454,9.910907556396543,5
2401464,9.808972996739598,10
2401473,9.835051573847874,9
2401482,9.829828780651406,9
2401495,9.755321262401296,13
2401503,9.847631901129128,8
2401515,9.737868722753984,12
2401521,9.910678522849594,6
2401524,9.968421595538107,3
2401539,9.665525418860357,15
2401543,9.94206041041859,4
2401554,9.776616152849513,11
2401560,9.914282478276164,6
2401580,9.565870449861414,20
2401590,9.795127137439442,10
2401607,9.610355287934462,17
2401616,9.842199783785457,9
2401617,10.0,1
2401627,9.781513805416518,10
2401640,9.704743247637877,13
2401641,10.0,1
2401652,9.788236381639484,11
2401662,9.817455205453621,10
2401668,9.889829925243458,6
2401677,9.793923068213136,9
2401678,10.0,1
2401686,9.852863069362122,8
2401694,9.873947854332782,8
2401706,9.754797728727475,12
2401713,9.866877965790085,7
2401729,9.641601139763313,16
2401737,9.845561195979885,8
2401743,9.896673667081783,6
2401749,9.88263426844846,6
2401760,9.771091994540258,11
2401766,9.899289624373017,6
2401767,10.0,1
2401777,9.782844262862497,10
2401788,9.758164699599002,11
2401800,9.752244882382405,12
2401801,10.0,1
2401811,9.785768367019685,10
2401814,9.968833691678094,3
2401822,9.840198785781874,8
2401836,9.667222691227854,14
2401847,9.75860038368509,11
2401850,9.955499773166729,3
2401860,9.710153809303401,10
2401875,9.646843564466481,15
2401882,9.87521312198763,7
2401887,9.914986808072031,5
2401902,9.651333455193695,15
2401903,10.0,1
2401915,9.719930244439936,12
2401921,9.891139390257894,6
2401932,9.753864927852772,11
2401941,9.841306212876773,9
2401950,9.799703616137998,9
2401956,9.878224767527012,6
2401966,9.807937693847123,10
2401980,9.708493658771525,14
2401994,9.692406130356696,14
2401998,9.928510702537698,4
2401999,10.0,1
2402006,9.887466971527695,7
2402029,9.456301620522087,23
2402044,9.643015473378307,15
2402045,10.0,1
2402054,9.83129495587702,9
2402064,9.799358779247768,10
2402073,9.827169919795445,9
2402081,9.854734659935668,8
2402097,9.654804697564273,16
2402108,9.786487911837224,11
2402120,9.786126800885256,12
2402129,9.836158945773912,9
2402136,9.886973591434058,7
2402157,9.610970472376756,21
2402160,9.955470487124044,3
2402171,9.764112023837143,11
2402176,9.927282277399403,5
2402196,8.45283025261509,20
2402205,9.791451500244595,9
2402206,10.0,1
2402216,9.786666246922977,10
2402225,9.81769099621759,9
2402239,9.688528354117693,14
2402249,9.808370130054527,10
2402262,9.717977071639305,13
2402275,9.745287115274127,13
2402288,9.700237295076152,13
2402297,9.846060220781482,9
2402305,9.866786107644728,8
2402312,9.867356794265472,7
2402327,9.682024310464755,15
2402344,9.631279726386468,17
2402355,9.793604931255134,11
2402362,9.86910200394474,7
2402373,9.766095602605574,11
2402389,9.647493368115157,16
2402393,9.937129358850212,4
2402394,10.0,1
2402395,9.989689922673993,1
2402408,9.75614381234407,13
2402423,9.664717520852319,15
2402442,9.602082522533781,19
2402451,9.835286201703564,9
2402461,9.802258181715457,10
2402462,10.0,1
2402468,9.89290744782011,6
2402475,9.849172890104803,7
2402476,10.0,1
2402484,9.854040010741045,8
2402490,9.892817346602158,6
2402496,9.891675702136238,6
2402511,9.656377592665947,15
2402524,9.701549974439585,13
2402537,9.761997015380654,13
2402548,9.760392687477419,11
2402555,9.877336152294939,7
2402567,9.741813824340618,12
2402580,9.700497417400713,13
2402588,9.848936979022616,8
2402598,9.770210223503904,10
2402602,9.935172383138719,4
2402614,9.756684511294631,12
2402620,9.901850568242086,6
2402636,9.668565323546211,16
2402640,9.943519997629103,4
2402652,9.727684845911654,12
2402653,10.0,1
2402667,9.50150473089408,14
2402668,10.0,1
2402683,9.663014526476912,15
2402698,9.65208752722333,15
2402710,9.755773479197687,12
2402716,9.878533400823159,6
2402717,10.0,1
2402731,9.710552351107582,14
2402734,9.954566971896963,3
2402747,9.750621023343937,13
2402755,9.839264566507463,8
2402763,9.840938795888762,8
2402778,9.64008496446455,15
2402784,9.692840011772269,6
2402802,9.483744575909741,18
2402804,9.97230167561164,2
2402812,9.827810196691356,8
2402825,9.70881553994821,13
2402838,9.734476203074276,13
2402844,9.917104980232063,6
2402857,9.709168485386932,13
2402865,9.819805245549219,8
2402875,9.78340414494193,10
2402881,9.89805543221265,6
2402896,9.689730862985558,15
2402905,9.831417378510768,9
2402918,9.731512358424538,13
2402921,9.956954794738895,3
2402936,9.679482968348152,15
2402948,9.721040976576704,12
2402957,9.824378530158354,9
2402961,9.934569826160324,4
2402973,9.746249447734252,12
2402994,9.622180371481441,21
2403007,9.732460113777758,13
2403012,9.908072285555317,5
2403021,9.821239546866774,9
2403028,9.866558388649217,7
2403032,9.925590684933981,4
2403033,10.0,1
2403049,9.657413891499703,16
2403064,9.455579144902382,15
2403091,9.358572656291436,27
2403092,10.0,1
2403105,9.73850092647837,13
2403106,10.0,1
2403118,9.776927156444938,12
2403132,9.725027269303153,14
2403142,9.81616680978992,10
2403143,10.0,1
2403156,9.74650460375538,13
2403165,9.809444420377337,9
2403176,9.76078538381603,11
2403185,9.83903807230145,9
2403196,9.796913117900804,11
2403201,9.917462474685703,5
2403210,9.83205419052589,9
2403212,9.975104899822606,2
2403218,9.914290538286133,6
2403221,9.957899073803878,3
2403226,9.925536789234233,5
2403231,9.813534400627752,5
2403248,9.605354423851704,17
2403249,10.0,1
2403258,9.829770677248199,9
2403266,9.870668810594541,8
2403275,9.831210427784496,9
2403276,10.0,1
2403282,9.899473393955338,6
2403296,9.672472377259908,14
2403303,9.865544733629726,7
2403304,10.0,1
2403314,9.805875862023454,10
2403325,9.794577499007541,11
2403330,9.921523431520061,5
2403348,9.579902026729927,18
2403357,9.820846207005122,9
2403362,9.915046036640408,5
2403373,9.735993592207759,11
2403376,9.955829851832327,3
2403390,9.697446625701156,14
2403404,9.703647929239457,14
2403414,9.792213933459664,10
2403421,9.871655049882541,7
2403427,9.900205072775773,6
2403438,9.772892622492948,11
2403450,9.745141460773212,12
2403460,9.789016674079189,10
2403467,9.863788957440025,7
2403472,9.934339046654202,5
2403484,9.723925053938132,12
2403495,9.827053076287768,11
2403502,9.893879603305637,7
2403508,9.904178142415192,6
2403509,10.0,1
2403518,9.808653632021166,9
2403521,9.954784696150766,3
2403526,9.915598377912392,5
2403528,9.978803161357956,2
2403529,9.98977539796541,1
2403532,9.954404491065729,3
2403537,9.9357003245702,5
2403543,9.873976704960839,6
2403550,9.88532719704525,7
2403551,10.0,1
2403566,9.659315104561628,15
2403572,9.902959681103129,6
2403579,9.87493829753502,7
2403592,9.778618648067019,13
2403602,9.806055088524852,10
2403615,9.709195486024058,13
2403621,9.899834928359597,6
2403622,10.0,1
2403630,9.743354849911679,8
2403633,9.953958695721926,3
2403637,9.930108847435084,4
2403653,9.640924784446867,16
2403663,9.795887105855623,10
2403671,9.836537394139803,8
2403677,9.899251202871293,6
2403678,10.0,1
2403688,9.816906062917111,10
2403698,9.801608736709163,10
2403711,9.71786755351341,13
2403712,9.99600194864106,1
2403723,9.761011007656418,11
2403741,9.625573762269234,18
2403747,9.904693630244584,6
2403757,9.793631341300367,10
2403763,9.880376225710275,6
2403773,9.797809297622058,10
2403780,9.87933781537368,7
2403801,9.55209672255131,21
2403809,9.850030805570961,8
2403817,9.83608960257973,8
2403827,9.763150954999555,10
2403828,10.0,1
2403837,9.849708184603385,9
2403839,9.97208613341895,2
2403862,7.30971418162869,23
2403864,9.977127135106505,2
2403868,9.931401031690497,4
2403881,9.755147640784937,13
2403893,9.78327837899712,12
2403908,9.661362694962277,15
2403922,9.699442593082113,14
2403930,9.86246020436368,8
2403940,9.685452451367928,10
2403941,10.0,1
2403942,10.0,1
2403950,9.859433779569638,8
2403951,10.0,1
2403963,9.813703078774003,12
2403973,9.803797522463507,10
2403983,9.813319509213335,10
2403988,9.921581327330058,5
2403992,9.945977147834283,4
2403997,9.90128390128128,5
2404018,9.436924960956548,21
2404028,9.779246013376325,10
2404030,9.973699982685002,2
2404034,9.934262485535559,4
2404044,9.79707074265968,10
2404061,9.624741371222754,17
2404065,9.930740862248292,4
2404077,9.768852480903451,12
2404095,9.649249361452673,18
2404100,9.927252252997302,5
2404115,9.723401102334321,15
2404121,9.89577325116265,6
2404131,9.804484493119398,10
2404136,9.931317311185769,5
2404153,9.42354481319123,17
2404167,9.69502221594612,14
2404171,9.937051577950664,4
2404175,9.941107109793778,4
2404180,9.906466810584794,5
2404187,9.867340959636724,7
2404204,9.610064890108253,17
2404211,9.867721460774211,7
2404219,9.828341685935957,8
2404232,9.718739270835163,13
2404233,10.0,1
2404236,9.963222134498444,3
2404248,9.729990494721005,12
2404259,9.76459743530443,11
2404264,9.924566064080894,5
2404272,9.845633657315998,8
2404291,9.570979138160004,19
2404299,9.551346643213618,8
2404311,9.753433974469305,12
2404316,9.94161690269071,5
2404320,9.939644770391581,4
2404332,9.741092406512353,12
2404344,9.74878962920637,12
2404345,10.0,1
2404347,9.982859665307117,2
2404353,9.890209330630203,6
2404361,9.851238837265534,8
2404372,9.786702785924621,11
2404382,9.81062755619133,10
2404397,9.667933951437277,15
2404405,9.830829625502979,8
2404411,9.897082699442354,6
2404412,10.0,1
2404426,9.67627346418428,14
2404433,9.877926963566296,7
2404442,9.850785791244826,9
2404453,9.758690721237683,11
2404465,9.741100420552016,12
2404475,9.799873825307113,10
2404485,9.818593857421314,10
2404491,9.90916509753676,6
2404492,10.0,1
2404503,9.77749919979478,11
2404516,9.75716514709466,13
2404525,9.824059053220555,9
2404531,9.886058398323387,6
2404541,9.802036567095502,10
2404546,9.908947800749262,5
2404549,9.959364144003128,3
2404564,9.657918965006086,15
2404573,9.816729442609152,9
2404587,9.697813959881001,14
2404594,9.860490280877368,7
2404601,9.877986149819773,7
2404613,9.75005143856452,12
2404615,9.979893211603367,2
2404635,9.517771034518725,20
2404648,9.718125873497794,13
2404658,9.781591543358935,10
2404669,9.72820589560183,11
2404676,9.776677939335636,7
2404685,9.794607344188922,9
2404695,9.789582773138832,10
2404701,9.884617499142689,6
2404711,9.795034058936238,10
2404720,9.809689327068405,9
2404721,9.989467563466503,1
2404729,9.849038752227381,8
2404730,9.988859380894828,1
2404740,9.842315217673033,10
2404750,9.794035494714064,10
2404756,9.881435505656823,6
2404763,9.867235944116773,7
2404764,9.991886905147025,1
2404770,9.895690118411387,6
2404772,9.970309088052812,2
2404785,9.69228851184138,13
2404795,9.822695754499271,10
2404800,9.926111172197015,5
2404812,9.77012047019072,12
2404824,9.724473438418924,12
2404830,9.886776296266053,6
2404847,9.637004245014031,17
2404849,9.975713922680127,2
2404852,9.964957814378824,3
2404856,9.928665217791668,4
2404865,9.84308058414681,9
2404872,9.864490521420526,7
2404878,9.886803600716545,6
2404886,9.837454730676805,8
2404887,10.0,1
2404900,9.754035362031516,13
2404919,9.583824460306857,19
2404931,9.753728223338591,12
2404942,9.761797794944375,11
2404950,9.82913513394478,8
2404952,9.978200088661112,2
2404961,9.836706015737748,9
2404972,9.773810273862425,11
2404983,9.787884847051071,11
2404998,9.668966132804957,15
2405028,9.457829783984058,30
2405034,9.915168001064538,6
2405045,9.783979351894855,11
2405050,9.916866884761781,5
2405057,9.868356060519417,7
2405060,9.962440033921807,3
2405073,9.71305045165358,13
2405081,9.870046675356678,8
2405090,9.828612136213803,9
2405102,9.759486600401118,12
2405108,9.896593692412042,6
2405117,9.8350346959879,9
2405125,9.832429791461209,8
2405128,9.949979812760375,3
2405147,9.347642885031963,19
2405155,9.86124049192391,8
2405162,9.861340884134249,7
2405169,9.88398193954011,7
2405182,9.723351622892503,13
2405192,9.807888563065019,10
2405205,9.721145431885093,13
2405210,9.914703385553118,5
2405218,9.848337833863582,8
2405224,9.892550544485486,6
2405227,9.95052343098904,3
2405239,9.723792342704492,12
2405252,9.728070574425985,13
2405261,9.805052318089594,9
2405277,9.611315742558352,16
2405278,9.988598188380559,1
2405289,9.778558708488136,11
2405295,9.887672765362359,6
2405296,10.0,1
2405299,9.947568490450891,3
2405305,9.890069377262776,6
2405312,9.879321270147525,7
2405323,9.780428315119297,11
2405330,9.866199238693191,7
2405342,9.740752092312926,12
2405351,9.808618018090657,9
2405356,9.923363741264955,5
2405368,9.73188009216941,12
2405382,9.704747227647792,14
2405392,9.775322643609297,10
2405399,9.8720352728253,7
2405405,9.908348362744537,6
2405406,10.0,1
2405407,10.0,1
2405426,9.516195717668932,19
2405446,9.568521771132485,20
2405453,9.762090868867354,7
2405467,9.70894537245096,14
2405477,9.785378921349595,10
2405491,9.663899455646535,14
2405492,10.0,1
2405502,9.79138619044441,10
2405511,9.836990778894023,9
2405520,9.826731465346343,9
2405526,9.893338182291007,6
2405540,9.71263379867114,14
2405549,9.794932346763545,9
2405560,9.759312378242917,11
2405566,9.923623799574147,6
2405572,9.91148762717233,6
2405573,10.0,1
2405583,9.796353291995779,10
2405589,9.899139329149305,6
2405593,9.93808528309633,4
2405597,9.93750751089857,4
2405607,9.798503258926889,10
2405615,9.87549804498775,8
2405629,9.707745700030392,14
2405646,9.428415858762817,17
2405658,9.71808379049779,12
2405668,9.824593787722346,10
2405680,9.746296845230118,12
2405691,9.789031055144303,11
2405699,9.864963254394404,8
2405700,9.98662016940148,1
2405712,9.747519970510654,12
2405720,9.835657282788777,8
2405733,9.7055218713828,13
2405739,9.900375856631644,6
2405755,9.645512712398302,16
2405764,9.81023384347211,9
2405775,9.729768922010262,11
2405788,9.696495164351496,13
2405795,9.884129620345659,7
2405810,9.67399758286376,15
2405813,9.955504370694134,3
2405820,9.858004485120176,7
2405833,9.715992046680329,13
2405849,9.679401938649672,16
2405868,9.590866390374696,19
2405880,9.813774074393594,12
2405893,9.712812294782731,13
2405907,9.71469418524225,14
2405923,9.647613767566614,16
2405927,9.926600339161405,4
2405941,9.687545381879213,14
2405950,9.84243579597152,9
2405964,9.683967698184203,14
2405970,9.888574389383862,6
2405986,9.67725070080921,16
2405987,10.0,1
2405996,9.824689472351427,9
2406008,9.73881309441719,12
2406015,9.8653790165133,7
2406033,7.533945099569111,18
2406058,9.506696922554097,25
2406072,9.724148627457675,14
2406074,9.98468922082074,2
2406086,9.720902688126777,12
2406090,9.926876510353225,4
2406100,9.779936250918059,10
2406108,9.815646983369488,8
2406109,10.0,1
2406113,9.934113231955246,4
2406128,9.673894160542213,15
2406136,9.848580554205965,8
2406137,10.0,1
2406147,9.802361298761022,10
2406153,9.886839997281095,6
2406159,9.893224689198004,6
2406166,9.65814407774187,7
2406180,9.715775169360036,14
2406195,9.723593340124118,15
2406204,9.82085338789433,9
2406205,10.0,1
2406217,9.809916833994562,12
2406230,9.755708785586961,13
2406243,9.70225059838614,13
2406251,9.827980564161843,8
2406252,10.0,1
2406256,9.940699404002402,4
2406260,9.924826546122722,4
2406263,9.965762792235177,3
2406270,9.862877971630546,7
2406278,9.84107254408993,8
2406286,9.85146037388621,8
2406298,9.785973555106185,12
2406307,9.826194561242614,9
2406311,9.938264649695146,4
2406312,10.0,1
2406326,9.736602288490039,14
2406329,9.967724537998395,3
2406332,9.954035218071052,3
2406345,9.690661445609939,13
2406352,9.86599459424,7
2406365,9.719679518507359,13
2406380,9.684172006189613,15
2406390,9.779129506147958,10
2406408,9.587192738082438,18
2406417,9.809803134579381,9
2406419,9.985079106505369,2
2406427,9.825179013206638,8
2406445,9.667658368203211,18
2406462,9.585501969744385,17
2406465,9.964771038534856,3
2406479,9.68026975668205,14
2406484,9.908455825156558,5
2406494,9.80055165480758,10
2406506,9.736459687259266,12
2406511,9.9062946893388,5
2406522,9.785924070390308,11
2406533,9.776169014002763,11
2406536,9.96675985565608,3
2406543,9.85346590790524,7
2406550,9.86264016878899,7
2406555,9.910683862438605,5
2406563,9.832963013098984,8
2406576,9.724005676335976,13
2406590,9.688000815050476,14
2406597,9.86291850502962,7
2406605,9.839314568594894,8
2406613,9.841154752253853,8
2406629,9.68604418338209,16
2406639,9.776801359350284,10
2406657,9.052842090959158,18
2406658,9.996290425692566,1
2406670,9.76200296017392,12
2406678,9.854922335146865,8
2406679,9.995993704325839,1
2406685,9.88358769389234,6
2406693,9.836885188788289,8
2406696,9.956643913300123,3
2406710,9.718813749970536,14
2406722,9.736150605938317,12
2406730,9.853777871717215,8
2406731,10.0,1
2406741,9.810322965641197,10
2406742,10.0,1
2406751,9.8237780022622,9
2406758,9.904394391861445,7
2406763,9.897897694316475,5
2406764,10.0,1
2406771,9.87539942476656,7
2406778,9.874672660379995,7
2406795,9.618679310820562,17
2406802,9.89736059108316,7
2406803,10.0,1
2406812,9.814289305854775,9
2406829,9.595246520775751,17
2406832,9.945389263766527,3
2406841,9.799312459501037,9
2406842,10.0,1
2406857,9.659218980515437,15
2406858,10.0,1
2406870,9.73440894635189,12
2406877,9.869689875695927,7
2406885,9.83312461562806,8
2406886,10.0,1
2406902,9.630116551384537,16
2406911,9.820334259632315,9
2406928,9.583865469617756,17
2406938,9.852733796522257,10
2406939,10.0,1
2406947,9.854805739026395,8
2406956,9.841712137804,9
2406965,9.809811222799793,9
2406972,9.878306120335514,7
2406974,9.98106162448202,2
2406978,9.944807334026573,4
2406997,9.585595468934322,19
2406998,10.0,1
2406999,10.0,1
2407003,9.92166788076216,4
2407005,9.978317744954937,2
2407020,9.63410732741425,15
2407021,10.0,1
2407028,9.867290248409528,7
2407029,10.0,1
2407039,9.786934173454025,10
2407049,9.78468425634696,10
2407055,9.872712196552227,6
2407067,9.65468278363093,12
2407068,10.0,1
2407077,9.793854361672448,9
2407082,9.91146301221404,5
2407090,9.845693566410494,8
2407096,9.904474613453177,6
2407104,9.841023254076028,8
2407114,9.828146386129312,10
2407128,9.71331758286448,14
2407132,9.94604280020235,4
2407138,9.916453584362493,6
2407148,9.783930132087818,10
2407157,9.79008922978383,9
2407161,9.938622104542114,4
2407168,9.850329806389874,7
2407175,9.866002632978446,7
2407186,9.755259063698228,11
2407200,9.660121804695345,14
2407212,9.3856621651796,12
2407219,9.868812728543848,7
2407222,9.958340553901646,3
2407241,9.568208182233953,19
2407254,9.704564881575955,13
2407260,9.890439211488827,6
2407269,9.821032114214347,9
2407280,9.769119396232139,11
2407295,9.657987971750181,15
2407305,9.785291167820729,10
2407306,10.0,1
2407311,9.93491629272656,5
2407316,9.92857727813418,5
2407326,9.840338062399839,10
2407343,9.700381120567297,17
2407356,9.705350739860053,13
2407369,9.711073939721919,13
2407381,9.744583796204529,12
2407392,9.766985918562012,11
2407403,9.757305973752178,11
2407408,9.93877662222811,5
2407422,9.679024384501021,14
2407435,9.712099714145321,13
2407438,9.949979728421146,3
2407443,9.920543482178607,5
2407454,9.779731903214241,11
2407464,9.831677748186006,10
2407474,9.797633011210628,10
2407475,9.992828178802315,1
2407480,9.921291152697405,5
2407492,9.763379543437622,12
2407505,9.712930010850833,13
2407514,9.813431838321215,9
2407515,9.989148711783955,1
2407534,9.593987900278389,19
2407537,9.971062586622294,3
2407541,9.937027155596116,4
2407546,9.910187211291593,5
2407562,9.686426075535884,16
2407572,9.810000084372525,10
2407584,9.742211734952617,12
2407585,10.0,1
2407597,9.727348120516764,12
2407609,9.756411223701978,12
2407619,9.777181633872974,10
2407628,9.792350843101921,9
2407639,9.792490253405466,11
2407644,9.910743664030644,5
2407654,9.81977258470886,10
2407659,9.89704969982223,5
2407664,9.91344345259425,5
2407669,9.914650057391784,5
2407673,9.947285613513797,4
2407686,9.744282140362548,13
2407693,9.869299969192003,7
2407703,9.792541897923451,10
2407705,9.980753573333521,2
2407709,9.947165939925235,4
2407717,9.838374035912965,8
2407718,10.0,1
2407732,9.681913974728829,14
2407743,9.787760142201684,11
2407754,9.758982143094507,11
2407762,9.829270774588931,8
2407767,9.9242464629519,5
2407768,10.0,1
2407774,9.884091874772016,6
2407775,10.0,1
2407785,9.798478348582528,10
2407801,9.492433654777068,16
2407811,9.767553526115323,10
2407820,9.82930195736535,9
2407821,10.0,1
2407822,10.0,1
2407832,9.787303819187553,10
2407839,9.871421252616699,7
2407848,9.80692163073485,9
2407855,9.869382443409304,7
2407871,9.649072677664611,16
2407886,9.730763339975612,15
2407893,9.859631143957458,7
2407900,9.86536707554581,7
2407903,9.97106266138155,3
2407906,9.95321365846844,3
2407910,9.923526035875128,4
2407911,9.996463929398162,1
2407914,9.955596988730491,3
2407926,9.73107385778052,12
2407931,9.914887115333515,5
2407953,9.536594671754191,22
2407959,9.905937936717326,6
2407960,9.996629280141926,1
2407961,9.986773474810036,1
2407972,9.778258940178805,11
2407977,9.920181408437598,5
2407992,9.692361407854664,15
2408003,9.763107751989594,11
2408011,9.85736725192328,8
2408022,9.755867629258727,11
2408028,9.874494044062654,6
2408038,9.787976468284498,10
2408049,9.798912191548494,11
2408058,9.8029118545509,9
2408059,10.0,1
2408071,9.712691145035436,12
2408094,9.407599891564656,23
2408095,10.0,1
2408106,9.747510841389847,11
2408116,9.786499202099659,10
2408135,9.556558557432144,19
2408147,9.774831922831488,12
2408157,9.600582184421222,10
2408177,9.567776133630865,20
2408189,9.751608957188969,12
2408198,9.825402432256821,9
2408206,9.855572253951324,8
2408218,9.743696660878701,12
2408221,9.965483621572357,3
2408226,9.924612895853793,5
2408231,9.897985673571428,5
2408237,9.893527380360311,6
2408251,9.671893932474232,14
2408259,9.830225433913329,8
2408268,9.817943356430515,9
2408281,9.706078490367583,13
2408289,9.840229791793314,8
2408290,10.0,1
2408295,9.926137941079409,5
2408296,10.0,1
2408305,9.8411294300532,9
2408314,9.809043789296673,9
2408331,9.582797715233987,17
2408332,10.0,1
2408346,9.633222249544627,14
2408347,10.0,1
2408358,9.784069745627793,11
2408361,9.970773467621248,3
2408377,9.662922071409877,16
2408391,9.691487304940722,14
2408403,9.769293467676832,12
2408411,9.847629386589723,8
2408421,9.798304135873167,10
2408427,9.913089483630921,6
2408438,9.80705832512119,11
2408445,9.864767753783548,7
2408448,9.960127234467828,3
2408449,10.0,1
2408462,9.72961336913629,13
2408470,9.844493689620075,8
2408488,9.399517219189248,18
2408494,9.902558516287206,6
2408502,9.853818951112284,8
2408503,10.0,1
2408512,9.829339485524999,9
2408516,9.936589792006108,4
2408519,9.964919570940186,3
2408527,9.849370755196587,8
2408542,9.659049511223074,15
2408546,9.93855954621038,4
2408547,10.0,1
2408561,9.70544003917934,14
2408574,9.729198975989824,13
2408584,9.789731802991566,10
2408586,9.968641639635566,2
2408588,9.974605056274939,2
2408598,9.804471345210573,10
2408609,9.762679944699633,11
2408610,10.0,1
2408619,9.832338265993188,9
2408625,9.881704141291229,6
2408641,9.667088682578283,16
2408650,9.86643832466563,9
2408653,9.963940297604736,3
2408658,9.900240703713845,5
2408666,9.832544560910824,8
2408670,9.93015915056131,4
2408674,9.948338502077224,4
2408688,9.7487326670903,14
2408702,9.737939572826235,14
2408716,9.734582919162785,14
2408726,9.800072306477453,10
2408736,9.79985363709313,10
2408737,10.0,1
2408741,9.942479645430499,4
2408742,10.0,1
2408760,9.695072133415595,18
2408773,9.747870790960713,13
2408779,9.894987757488806,6
2408788,9.825093587377365,9
2408799,9.804791754194865,11
2408805,9.907577664675625,6
2408820,9.718864052899153,15
2408832,9.71478767114986,12
2408850,9.614537581520356,18
2408855,9.92749858394582,5
2408857,9.972968805789646,2
2408866,9.796895011229694,9
2408878,9.740473035067144,12
2408887,9.844709337401255,9
2408893,9.892772655644164,6
2408898,9.933291250028605,5
2408903,9.915249336672067,5
2408913,9.77124879557476,10
2408931,9.621004428156144,18
2408935,9.935042211848586,4
2408945,9.802834024248003,10
2408956,9.786941657806793,11
2408964,9.833905958646042,8
2408969,9.938106107688121,5
2408976,9.861114271632955,7
2408983,9.870293190093543,7
2408984,10.0,1
2408999,9.666014946626378,15
2409012,9.784104837620562,13
2409028,9.720234870155478,16
2409041,9.764756925068736,13
2409049,9.874079672346703,8
2409052,9.956640171014547,3
2409061,9.81199937358847,9
2409069,9.840555922184443,8
2409080,9.736703307729028,11
2409089,9.833499754309146,9
2409100,9.783089009194692,11
2409104,9.936032699456241,4
2409118,9.719110016770456,14
2409126,9.850839322753934,8
2409137,9.742442113296077,11
2409142,9.913612738223977,5
2409149,9.870697657479225,7
2409156,9.872145469220385,7
2409174,9.605935805749796,18
2409186,9.533124195005668,12
2409191,9.912538770699179,5
2409202,9.768858773230832,11
2409212,9.781265404741049,10
2409225,9.680754218781452,13
2409240,9.645434301194854,15
2409249,9.827560391645681,9
2409254,9.921367747910665,5
2409264,9.800653393217749,10
2409265,10.0,1
2409270,9.917457207261855,5
2409273,9.958647385003307,3
2409275,9.985399510023866,2
2409283,9.865207721185245,8
2409298,9.66804904645428,15
2409303,9.912019613586706,5
2409310,9.875419853148987,7
2409323,9.721173466450084,13
2409329,9.906061444136942,6
2409331,9.973704451854264,2
2409335,9.953140688380373,4
2409343,9.848180747187074,8
2409358,9.696584984619268,15
2409371,9.723582056169734,13
2409381,9.816186036506474,10
2409399,9.575503373031065,18
2409407,9.86263964428717,8
2409423,9.631481036610927,16
2409430,9.873492245090125,7
2409440,9.778089902164915,10
2409451,9.814769343987889,11
2409457,9.899535582078588,6
2409464,9.859344652230979,7
2409470,9.881434128277752,6
2409475,9.934697578708866,5
2409487,9.752049789584664,12
2409490,9.951204610466904,3
2409494,9.940458534620301,4
2409507,9.525467770194926,13
2409512,9.923425206796727,5
2409520,9.840281710499248,8
2409526,9.90620584856345,6
2409544,9.558542193921314,18
2409546,9.974656786273654,2
2409557,9.779334585363813,11
2409566,9.823577982226732,9
2409571,9.919597175065533,5
2409581,9.820623350222128,10
2409582,10.0,1
2409583,10.0,1
2409584,10.0,1
2409585,10.0,1
2409599,9.649037673036423,14
2409600,9.992770946830753,1
2409615,9.66716470863955,15
2409632,9.615677509752462,17
2409636,9.935495264212909,4
2409649,9.713420165298627,13
2409658,9.820030468173798,9
2409661,9.970058924041176,3
2409669,9.865872730369077,8
2409672,9.95256039641666,3
2409684,9.74193367440955,12
2409695,9.750517937677449,11
2409712,9.68153648092213,17
2409721,9.812852754879605,9
2409726,9.923582553540962,5
2409738,9.749185379586983,12
2409742,9.931416395867531,4
2409746,9.936319103101042,4
2409751,9.932985454719775,5
2409753,9.97479803802967,2
2409758,9.908220889810789,5
2409764,9.906926539625426,6
2409770,9.890880119959569,6
2409771,10.0,1
2409785,9.68348785391696,14
2409800,9.35358328386601,15
2409818,9.591778862640735,18
2409835,9.614271286443739,17
2409840,9.924355811372804,5
2409851,9.750588665682823,11
2409857,9.873544954757218,6
2409868,9.78038971043061,11
2409873,9.9207364003884,5
2409882,9.812498381286241,9
2409884,9.972459761386936,2
2409891,9.879604374792283,7
2409909,9.576485738350808,18
2409915,9.898699297065566,6
2409925,9.802777543148101,10
2409926,10.0,1
2409929,9.967328564560741,3
2409940,9.769908430185726,11
2409958,9.542219155939526,18
2409969,9.787354292742158,11
2409982,9.71030670983687,13
2409990,9.863627975704656,8
2409991,10.0,1
2410000,9.837842314137038,9
2410011,9.802303745227016,11
2410020,9.813675814954246,9
2410032,9.71649416172948,12
2410045,9.698635016149172,13
2410057,9.748455733174852,12
2410065,9.861432425645782,8
2410076,9.78198628309515,11
2410077,9.99635077144032,1
2410093,9.602226879998321,16
2410106,9.698762271128015,13
2410115,9.812128940507396,9
2410124,9.818574035511832,9
2410132,9.82654273109684,8
2410140,9.859369934263105,8
2410150,9.792579889084173,10
2410154,9.932807812230033,4
2410174,8.308885654487675,20
2410188,9.736828360987936,14
2410201,9.696504674349022,13
2410214,9.727470833315317,13
2410225,9.782662081223252,11
2410239,9.720833233828161,14
2410245,9.87989880633798,6
2410247,9.976199405651398,2
2410251,9.930462514587278,4
2410264,9.697858478295021,13
2410267,9.967605752385353,3
2410273,9.908966602123037,6
2410283,9.794660979737264,10
2410292,9.81523991431691,9
2410301,9.82396190925663,9
2410305,9.924081744696842,4
2410316,9.76116217103217,11
2410319,9.95878283446339,3
2410330,9.755464472101913,11
2410340,9.788803750492052,10
2410350,9.798934389881277,10
2410365,9.756063779512324,15
2410372,9.878054554537872,7
2410374,9.875002424293697,2
2410387,9.702918216324438,13
2410398,9.734913305295352,11
2410405,9.85713581512334,7
2410414,9.689834688191963,9
2410419,9.923086069489157,5
2410430,9.765638878261585,11
2410434,9.942938914880358,4
2410440,9.894050676781148,6
2410441,10.0,1
2410455,9.70463475922463,14
2410465,9.81525027744951,10
2410476,9.75559206782828,11
2410483,9.854284275530313,7
2410502,9.574417367094027,19
2410515,9.75192310948475,13
2410528,9.655255670021472,13
2410530,9.971255282613576,2
2410539,9.829117926604988,9
2410546,9.871125772531665,7
2410547,10.0,1
2410552,9.707748546871287,5
2410560,9.861903771065666,8
2410570,9.798485072303052,10
2410571,10.0,1
2410575,9.947450540166725,4
2410584,9.856701366697393,9
2410596,9.748946879373811,12
2410600,9.934695476056167,4
2410616,9.651694813317588,16
2410631,9.653809297098753,15
2410638,9.872217812638045,7
2410639,10.0,1
2410646,9.863821067040364,7
2410650,9.936178260181167,4
2410666,9.63480506046613,16
2410676,9.781561122474047,10
2410691,9.645625746814968,15
2410692,10.0,1
2410703,9.739077302205386,11
2410709,9.880935400744077,6
2410727,9.590385830952401,18
2410731,9.940752303896668,4
2410741,9.796636733734516,10
2410749,9.861774417566089,8
2410750,10.0,1
2410758,9.852520890231114,8
2410766,9.832932511265629,8
2410789,9.50142930015124,23
2410793,9.934580282024875,4
2410802,9.840059061623062,9
2410810,9.852027337251409,8
2410823,9.71923211636715,13
2410833,9.779204029709645,10
2410839,9.900480302157936,6
2410845,9.882783087093193,6
2410846,9.989192825233536,1
2410852,9.898270885987621,6
2410858,9.894834450157218,6
2410864,9.885225137293068,6
2410865,10.0,1
2410874,9.834860348396038,9
2410888,9.699486382259824,14
2410895,9.867443303206342,7
2410902,9.86870798364344,7
2410914,9.732081671468718,12
2410917,9.947623511684318,3
2410930,9.70530238408645,13
2410948,9.663215478675237,18
2410955,9.861075083450947,7
2410968,9.730984199414985,13
2410973,9.91078874967271,5
2410976,9.963022875173131,3
2410982,9.9107249880358,6
2410999,9.660071999856141,17
2411007,9.822447226392846,8
2411019,9.785362941835428,12
2411028,9.714697041769506,9
2411029,9.989432163953593,1
2411033,9.930355475074519,4
2411034,10.0,1
2411035,10.0,1
2411036,10.0,1
2411046,9.797759084759896,10
2411061,9.662786752442646,15
2411071,9.787984411011424,10
2411080,9.819271294771132,9
2411083,9.957035644183927,3
2411084,10.0,1
2411089,9.923650332558163,5
2411095,9.699026017014488,6
2411099,9.931168409473802,4
2411113,9.717323196266383,14
2411127,9.697021868917455,14
2411139,9.736235479670174,12
2411148,9.851887126541525,9
2411155,9.857739546972299,7
2411174,9.354858962477207,19
2411190,9.59400379240834,16
2411199,9.804254466123641,9
2411203,9.926122862718707,4
2411207,9.944184155820372,4
2411223,9.643513082528015,16
2411224,10.0,1
2411234,9.813573237812431,10
2411243,9.800800630186615,9
2411252,9.819119292814845,9
2411264,9.752711779971603,12
2411277,9.715939494731803,13
2411283,9.875407180468175,6
2411287,9.93031568361637,4
2411298,9.78780523215514,11
2411308,9.818934818551124,10
2411318,9.8152095347314,10
2411320,9.986488528040123,2
2411332,9.74394155553196,12
2411338,9.888550711020189,6
2411353,9.698062821761845,15
2411364,9.75566941843198,11
2411369,9.922189427396479,5
2411382,9.738311617993656,13
2411389,9.90359267878985,7
2411395,9.889485874829651,6
2411403,9.851636855938114,8
2411412,9.814340545121551,9
2411419,9.887913595092991,7
2411430,9.772796657473553,11
2411438,9.832764343167995,8
2411439,10.0,1
2411448,9.82263526264775,9
2411450,9.974118944682962,2
2411451,10.0,1
2411452,10.0,1
2411453,10.0,1
2411456,9.953322850237402,3
2411472,9.733140180906222,16
2411483,9.783968257345048,11
2411486,9.965842557589578,3
2411487,10.0,1
2411495,9.847523513245935,8
2411502,9.862932573636916,7
2411511,9.830804590018305,9
2411515,9.94347690576879,4
2411524,9.82816061946006,9
2411531,9.860314826935868,7
2411534,9.960673164527984,3
2411542,9.83459780741502,8
2411545,9.965757750916831,3
2411559,9.698330519780919,14
2411566,9.879184944159341,7
2411575,9.811043925243519,9
2411583,9.827328796683476,8
2411591,9.852578663334437,8
2411598,9.856294653151659,7
2411609,9.771611100986737,11
2411614,9.920734426938548,5
2411615,10.0,1
2411616,10.0,1
2412116,-210.34168626886517,500
2412137,8.815131183481569,21
2412152,9.65574999215739,15
2412164,9.754710434929311,12
2412178,9.689853817729928,14
2412187,9.813613108339634,9
2412196,9.848023786483479,9
2412198,9.977786714888474,2
2412204,9.897115817942174,6
2412215,9.766352884068677,11
2412220,9.909108968507793,5
2412227,9.872610094936013,7
2412238,9.749668601875936,11
2412243,9.927110781904362,5
2412244,10.0,1
2412251,9.878336884573812,7
2412254,9.95479689376664,3
2412258,9.936354269727445,4
2412265,9.900317272746024,7
2412277,9.751722084708954,12
2412283,9.911990369424474,6
2412284,10.0,1
2412294,9.804916869037422,10
2412296,9.968821325764202,2
2412313,9.669203466757786,17
2412318,9.91936266344243,5
2412323,9.910715697823868,5
2412325,9.974990854259294,2
2412332,9.877756950353882,7
2412337,9.910932503179348,5
2412340,9.9660804961491,3
2412347,9.859818268350159,7
2412353,9.900537734881613,6
2412354,9.988327227143769,1
2412357,9.954846839084647,3
2412367,9.786868735117256,10
2412368,10.0,1
2412382,9.701972100028474,14
2412390,9.841495070993284,8
2412393,9.954234642653011,3
2412394,10.0,1
2412400,9.902836775108197,6
2412410,9.81009777531285,10
2412420,9.809259257876167,10
2412427,9.875848582523082,7
2412435,9.846380810837033,8
2412446,9.78195134272814,11
2412461,9.677714366283467,15
2412472,9.762896713005057,11
2412474,9.976353041696491,2
2412477,9.959459236691035,3
2412485,9.856718759602208,8
2412493,9.842450431488157,8
2412508,9.677966116319872,15
2412509,9.993494348445235,1
2412518,9.830112991158844,9
2412528,9.811864293820323,10
2412533,9.933027338638436,5
2412536,9.970503982461503,3
2412544,9.872462439768803,8
2412545,10.0,1
2412552,9.85769342247074,7
2412560,9.8478344705977,8
2412566,9.899851745087302,6
2412571,9.939709746211369,5
2412577,9.89511106805393,6
2412589,9.743179367733546,12
2412603,9.682343680451632,14
2412624,9.526729011901155,21
2412635,9.818439181075462,11
2412638,9.954369000824755,3
2412646,9.85040528747424,8
2412658,9.759072687048096,12
2412667,9.823047728131726,9
2412680,9.510679690076929,13
2412681,9.996504362544403,1
2412692,9.36498097617819,11
2412707,9.704319843041093,15
2412713,9.902438287509751,6
2412714,10.0,1
2412715,10.0,1
2412721,9.890418751179297,6
2412736,9.710370902756958,15
2412751,9.656511524182793,15
2412767,9.613948282708375,16
2412774,9.858136698074977,7
2412786,9.555619414403703,12
2412799,9.696814101564325,13
2412809,9.795423509075555,10
2412817,9.829971687628168,8
2412833,9.632991927474144,16
2412834,10.0,1
2412839,9.92333863601684,5
2412842,9.954771516445762,3
2412850,9.854466226211073,8
2412851,10.0,1
2412871,9.530815433024646,20
2412883,9.752402414581178,12
2412894,9.754201436927024,11
2412902,9.835877306342365,8
2412909,9.854185754214651,7
2412911,9.983517178091816,2
2412916,9.903803709798217,5
2412926,9.764057086412853,10
2412937,9.771694930787518,11
2412941,9.922507028984272,4
2412942,10.0,1
2412953,9.775286891542788,11
2412962,9.823537528781069,9
2412969,9.889658722118547,7
2412985,9.604744990447474,16
2412995,9.797927545276451,10
2413006,9.774565156312319,11
2413017,9.736881889012912,11
2413029,9.768289613559894,12
2413030,10.0,1
2413040,9.780468281073684,10
2413045,9.905369643227147,5
2413049,9.949759391698505,4
2413066,9.455777242273472,17
2413074,9.87276264258944,8
2413089,9.671323195151752,15
2413104,9.69819835032769,15
2413113,9.844750432895813,9
2413120,9.780686619681436,7
2413128,9.837162329433204,8
2413145,9.617618511192116,17
2413151,9.90804289972357,6
2413152,10.0,1
2413155,9.953803152548334,3
2413159,9.939951836633862,4
2413168,9.812259723586802,9
2413180,9.797012050176074,12
2413187,9.860264638203198,7
2413197,9.767513840476232,10
2413199,9.983193589352858,2
2413203,9.94328422646944,4
2413212,9.84816865196137,9
2413224,9.725644316662217,12
2413231,9.857125779499007,7
2413232,10.0,1
2413235,9.859422319086297,3
2413249,9.700718069429048,14
2413263,9.669880122550689,14
2413275,9.708417598622923,12
2413282,9.864804168131307,7
2413293,9.772613178278496,11
2413301,9.82697376305975,8
2413307,9.886643996025555,6
2413308,9.995812930981426,1
2413319,9.75295260374484,11
2413320,10.0,1
2413336,9.631280010076814,16
2413344,9.351375861307584,8
2413355,9.774346865480858,11
2413366,9.77331610737081,11
2413368,9.970233099965952,2
2413381,9.715503767576958,13
2413385,9.937552736787875,4
2413392,9.869673200314097,7
2413401,9.75224065908619,9
2413402,10.0,1
2413418,9.456371381910586,16
2413423,9.916726059615481,5
2413435,9.748120191670406,12
2413436,10.0,1
2413437,10.0,1
2413449,9.764212961000602,12
2413460,9.777938210272925,11
2413466,9.874300801205008,6
2413469,9.96596386813957,3
2413474,9.916600796076523,5
2413482,9.855689396266513,8
2413488,9.897218936505558,6
2413499,9.761093137627775,11
2413500,10.0,1
2413506,9.901012358327948,6
2413514,9.870075619931699,8
2413523,9.815026902233202,9
2413529,9.894776327372782,6
2413530,10.0,1
2413535,9.932870088526904,5
2413546,9.765847241940396,11
2413547,9.989475805449167,1
2413558,9.727752733166213,11
2413563,9.923610665290283,5
2413576,9.758332065044488,13
2413587,9.78044474602591,11
2413588,10.0,1
2413597,9.785451105437188,9
2413607,9.775552673320213,10
2413612,9.914504363047193,5
2413622,9.807062684303,10
2413634,9.739752294203681,12
2413644,9.817598592914795,10
2413660,9.62571607313042,16
2413667,9.861641311899971,7
2413671,9.943717781151216,4
2413676,9.922694448675717,5
2413677,10.0,1
2413690,9.636286385242322,13
2413694,9.926570882752042,4
2413700,9.892978176255287,6
2413704,9.945983988468235,4
2413714,9.83999251845332,10
2413717,9.964467642703495,3
2413729,9.734889034429312,12
2413739,9.82288155411272,10
2413745,9.885156268810697,6
2413756,9.774315266769472,11
2413770,9.675959084628264,14
2413792,9.49158929775026,22
2413802,9.797037693468686,10
2413814,9.745366373785368,12
2413816,9.985630810363984,2
2413822,9.89362232592934,6
2413828,9.885256735140084,6
2413837,9.819758315106906,9
2413839,9.970081328810348,2
2413849,9.822417249169982,10
2413863,9.771245373269707,14
2413874,9.765979719585445,11
2413884,9.824561135240465,10
2413892,9.855910805791947,8
2413912,9.516778434073423,20
2413919,9.854988280679834,7
2413928,9.82458400326437,9
2413941,9.736983961094174,13
2413947,9.90276509056771,6
2413959,9.776804273372425,12
2413966,9.872779491889196,7
2413974,9.843096502335836,8
2413988,9.697988220566268,14
2414002,9.690664259482018,14
2414005,9.952393436873539,3
2414013,9.845578178278782,8
2414018,9.914264276311819,5
2414025,9.862613241977519,7
2414034,9.825880112938131,9
2414039,9.924120583446136,5
2414050,9.76212961460932,11
2414062,9.540821287563663,12
2414080,9.56893151577013,18
2414094,9.211571972836206,14
2414099,9.924765901434359,5
2414108,9.248895040611995,9
2414120,8.939217990873402,12
2414137,9.647366026227942,17
2414140,9.949203761894461,3
2414145,9.916298495268297,5
2414161,9.619833038545526,16
2414166,9.911483474108596,5
2414177,9.75808479811099,11
2414182,9.91413844662004,5
2414192,9.82452708132298,10
2414203,9.760575594549774,11
2414213,9.806185551303628,10
2414219,9.884677766046305,6
2414223,9.936668062991508,4
2414232,9.808715110450004,9
2414243,9.79190863856115,11
2414260,9.642260844993578,17
2414261,10.0,1
2414276,9.70049612846948,15
2414282,9.881342379985258,6
2414284,9.968406368669426,2
2414291,9.888819147106366,7
2414310,8.590557997305117,19
2414315,9.908524634108582,5
2414337,9.467304070640242,22
2414352,9.663360524537289,15
2414363,9.752958019495379,11
2414371,9.834381449754042,8
2414380,9.815267555554467,9
2414390,9.791168498472924,10
2414398,9.829234818436891,8
2414410,9.728313838408628,12
2414418,9.867786179458811,8
2414425,9.862887541804007,7
2414429,9.93610573537826,4
2414434,9.913641622898806,5
2414457,9.427720569155245,23
2414464,9.89397579992623,7
2414465,9.992990494614082,1
2414483,9.621971490358334,18
2414496,9.628194487714527,13
2414499,9.847828963708816,3
2414515,9.642388645154185,16
2414523,9.837694056182244,8
2414531,9.843657223371135,8
2414545,9.762956818305547,14
2414553,9.849819003844487,8
2414556,9.959446122285314,3
2414557,10.0,1
2414565,9.875716403138187,8
2414575,9.796815563095127,10
2414589,9.736677296845354,14
2414597,9.853435370439357,8
2414602,9.914393617710198,5
2414624,9.382030753400844,22
2414631,9.886617793469773,7
2414636,9.903559997323155,5
2414638,9.970603739699836,2
2414640,9.982226445204624,2
2414641,10.0,1
2414642,10.0,1
2414646,9.947369124755816,4
2414663,9.6281916450412,17
2414673,9.77713094337233,10
2414683,9.794811547778375,10
2414692,9.821474447793832,9
2414695,9.956830356819138,3
2414702,9.875168998428126,7
2414708,9.915409876686647,6
2414712,9.939268135497986,4
2414723,9.786134381471117,11
2414734,9.789467059954172,11
2414741,9.86310392344055,7
2414757,9.65424032071035,16
2414764,9.887024663012099,7
2414769,9.906829286715912,5
2414776,9.870796661261247,7
2414777,10.0,1
2414782,9.919198579014626,5
2414789,9.867509896471736,7
2414790,10.0,1
2414791,9.989196420746152,1
2414802,9.776836702438544,11
2414815,9.709926213171057,13
2414826,9.78566222475955,11
2414831,9.803038900958141,5
2414841,9.803674167125655,10
2414853,9.725562373021853,12
2414863,9.762817504086145,10
2414883,9.329058995039226,20
2414893,9.78863502760654,10
2414906,9.73774840962578,13
2414921,9.724442317424966,15
2414928,9.77901837181182,7
2414931,9.963464111353444,3
2414939,9.856012961721136,8
2414941,9.976923042537466,2
2414957,9.639443146590184,16
2414968,9.770538934019548,11
2414973,9.934125481303212,5
2414975,9.980267538008656,2
2414983,9.838614192922522,8
2414999,9.51808835755122,16
2415000,10.0,1
2415012,9.727016981727894,12
2415026,9.72684982016115,14
2415037,9.743592398786001,11
2415049,9.764999995329394,12
2415056,9.885911162766057,7
2415067,9.75986327510932,11
2415073,9.807096553136555,6
2415092,9.479660339800366,19
2415102,9.791227804804915,10
2415120,9.568715122984653,18
2415121,10.0,1
2415128,9.878377816671325,7
2415139,9.742366904432995,11
2415160,9.519932273441494,21
2415168,9.849855272730174,8
2415176,9.831440696206206,8
2415188,9.722935836898769,12
2415201,9.752294751994558,13
2415217,9.619550709283102,16
2415227,9.823758099090925,10
2415233,9.888496708823073,6
2415244,9.75770002000459,11
2415253,9.82039871296113,9
2415266,9.73943017407697,13
2415273,9.857426095858902,7
2415283,9.79223752586999,10
2415290,9.856114896373194,7
2415301,9.78167603426452,11
2415310,9.82464210622622,9
2415324,9.713262491983588,14
2415335,9.768273379702407,11
2415352,9.637838118538362,17
2415359,9.857264642444738,7
2415364,9.906043793364534,5
2415379,9.6676231292135,15
2415391,9.753963807002604,12
2415402,9.78575079575957,11
2415404,9.9807685640251,2
2415421,9.613266285260316,17
2415428,9.885594558949665,7
2415433,9.922645179343343,5
2415438,9.900140108584816,5
2415443,9.81972209498616,5
2415456,9.706942762197347,13
2415460,9.925578457972671,4
2415470,9.833909768068937,10
2415482,9.74912538642298,12
2415483,10.0,1
2415491,9.828333189833787,8
2415495,9.933667355907668,4
2415501,9.90003102308947,6
2415511,9.79163802975234,10
2415525,9.701676354462203,14
2415526,10.0,1
2415532,9.900128774882472,6
2415533,9.99148306167334,1
2415543,9.812122351756816,10
2415554,9.760117523510136,11
2415562,9.86673578424335,8
2415569,9.864867135376375,7
2415611,9.15764037073372,42
2415617,9.893370099301219,6
2415628,9.798470288794679,11
2415641,9.7318358929704,13
2415656,9.652374260383256,15
2415664,9.845859070023517,8
2415669,9.919495504680851,5
2415674,9.922160189645009,5
2415680,9.899119313540039,6
2415687,9.856009144796234,7
2415693,9.894392122714422,6
2415702,9.807438700739963,9
2415705,9.959711175888776,3
2415721,9.666857468395845,16
2415726,9.918205756839527,5
2415727,10.0,1
2415736,9.79650952615329,9
2415747,9.770171481485784,11
2415754,9.867406968908139,7
2415764,9.794813129677499,10
2415773,9.851431079222367,9
2415791,9.59837389061509,18
2415804,9.702939897064137,13
2415819,9.633184357510489,15
2415823,9.941464879046125,4
2415828,9.910078780201435,5
2415834,9.889169531919887,6
2415850,9.67090231223534,16
2415859,9.860173054262205,9
2415870,9.686495401784429,11
2415888,9.625883276720876,18
2415897,9.842430034921856,9
2415913,9.671469941234491,16
2415930,9.622213299288736,17
2415944,9.65534368194256,14
2415949,9.929083603492895,5
2415957,9.855690274968772,8
2415968,9.806153286288657,11
2415984,9.597063469213412,16
2415994,9.786247489171561,10
2416000,9.897606748985526,6
2416001,9.98709648793597,1
2416012,9.7856467868175,11
2416025,9.717878721675527,13
2416030,9.917002921988624,5
2416034,9.944796758313762,4
2416049,9.676384675670189,15
2416060,9.824601336950398,11
2416066,9.883425691467718,6
2416071,9.909304743988734,5
2416076,9.901689107901941,5
2416079,9.952613268953293,3
2416080,10.0,1
2416089,9.815230978758539,9
2416093,9.944376167857305,4
2416095,9.976554510965366,2
2416101,9.890740665188181,6
2416104,9.961036751611854,3
2416117,9.723651501789904,13
2416124,9.882948333705514,7
2416125,9.989435024537485,1
2416136,9.758971404409479,11
2416143,9.86762613070898,7
2416150,9.844553804161308,7
2416155,9.915206339401774,5
2416165,9.816207310375278,10
2416183,9.660987726940597,18
2416189,9.891445349642913,6
2416200,9.761568046032219,11
2416211,9.755247630251501,11
2416212,10.0,1
2416221,9.85817747883681,9
2416239,9.616115936083052,18
2416246,9.876251616320024,7
2416248,9.98524457366026,2
2416251,9.966954085820158,3
2416271,9.61380659757377,20
2416282,9.750047330704389,11
2416295,9.72416227923152,13
2416310,9.714366247932107,15
2416326,9.615149261308225,16
2416336,9.824787263226193,10
2416359,9.525104268064036,23
2416371,9.739336203485182,12
2416383,9.717560680117927,12
2416384,9.991998991344248,1
2416401,9.62665652160104,17
2416414,9.694738296459771,13
2416427,9.712027314435932,13
2416441,9.682920555169725,14
2416450,9.847971474021586,9
2416455,9.93055717219139,5
2416456,10.0,1
2416464,9.82654498997029,8
2416473,9.82918934801067,9
2416481,9.855870709505659,8
2416500,9.533375465191936,19
2416511,9.762265910432244,11
2416521,9.820152339440185,10
2416522,10.0,1
2416535,9.776361493361623,13
2416539,9.932785453419248,4
2416546,9.862287524016402,7
2416562,9.60401708525574,16
2416572,9.776796720213081,10
2416587,9.629134160918879,15
2416595,9.877138404173609,8
2416601,9.884879615920024,6
2416615,9.709226448466147,14
2416623,9.845999296545079,8
2416627,9.945267405480582,4
2416628,10.0,1
2416648,9.586604020122397,20
2416660,9.723293688106056,12
2416674,9.675625330118987,14
2416685,9.806993803179859,11
2416699,9.1381202188345,14
2416716,9.677107587918332,17
2416720,9.942632753803185,4
2416726,9.886790840585371,6
2416733,9.862863440300487,7
2416740,9.871280426933811,7
2416758,9.557124543728879,18
2416770,9.725290324714132,12
2416794,9.215919188339143,24
2416806,9.719358589208479,12
2416813,9.88281721337975,7
2416816,9.959006735244817,3
2416831,9.642080410563016,15
2416840,9.82056488729053,9
2416855,9.16611824868596,15
2416864,9.8325896257453,9
2416872,9.87238022124391,8
2416877,9.9083575627829,5
2416889,9.723106399870687,12
2416893,9.93961668325781,4
2416902,9.85279657622023,9
2416906,9.938095700833827,4
2416913,9.86019923038624,7
2416924,9.786985598771363,11
2416935,9.753180806927402,11
2416936,10.0,1
2416948,9.767925393632336,12
2416951,9.958869324977744,3
2416966,9.654914214162073,15
2416969,9.958025606626464,3
2416972,9.954466372800443,3
2416979,9.87163023952149,7
2416999,9.52901548717799,20
2417006,9.844066098640175,7
2417025,9.546049127625368,19
2417026,10.0,1
2417027,10.0,1
2417035,9.87183310356492,8
2417044,9.807159842208657,9
2417053,9.813556006911883,9
2417063,9.817654947697912,10
2417067,9.951628123558447,4
2417072,9.93304468017091,5
2417073,9.99218162156183,1
2417074,10.0,1
2417080,9.893691622018306,6
2417087,9.880519259958708,7
2417098,9.785410083423969,11
2417108,9.784655077911761,10
2417120,9.749245192470603,12
2417129,9.807879564064118,9
2417130,10.0,1
2417133,9.965930916177483,3
2417134,9.992214085647506,1
2417146,9.755200489698266,12
2417153,9.867640140581127,7
2417164,9.794617478111139,11
2417179,9.680796610104348,15
2417193,9.701346272629582,14
2417199,9.897984655461308,6
2417201,9.97370522784616,2
2417202,10.0,1
2417217,9.707025057403905,15
2417231,9.694125759230005,14
2417246,9.641469261760923,15
2417258,9.72497876352694,12
2417276,9.542267706839487,18
2417279,9.964889354453785,3
2417301,9.504568337369319,22
2417313,9.721887134824511,12
2417322,9.605428630929891,9
2417332,9.786768837007273,10
2417341,9.80307262157924,9
2417361,9.568158916917335,20
2417369,9.868161502184227,8
2417377,9.883904144229074,8
2417393,9.646810620556133,16
2417406,9.756916738087945,13
2417414,9.838516740072144,8
2417430,9.633823677053071,16
2417434,9.94006235261358,4
2417435,10.0,1
2417441,9.911170992062429,6
2417448,9.891939029783932,7
2417455,9.875952930254698,7
2417461,9.903497331447443,6
2417468,9.864833606580325,7
2417469,9.987619320644377,1
2417480,9.791267988887538,11
2417483,9.962346556432669,3
2417490,9.879255441928645,7
2417505,9.645196678872635,15
2417519,9.686985285383791,14
2417525,9.892249926515001,6
2417538,9.714393391598124,13
2417549,9.755249247908829,11
2417555,9.895737702685471,6
2417578,9.515562823314637,23
2417586,9.84224285995341,8
2417596,9.815267695552008,10
2417598,9.981269146842774,2
2417617,9.581843688720078,19
2417623,9.894795417533262,6
2417628,9.911337042086503,5
2417640,9.729200357747441,12
2417652,9.718444077492387,12
2417655,9.955596049572716,3
2417665,9.792612043381013,10
2417674,9.818798645875969,9
2417681,9.871181530831167,7
2417688,9.874556148534296,7
2417694,9.885264685192592,6
2417706,9.749261182939867,12
2417719,9.696199600043647,13
2417722,9.954974188294859,3
2417730,9.833838702945293,8
2417735,9.93602317069685,5
2417739,9.943823819093641,4
2417744,9.920163495001844,5
2417745,9.996297799836839,1
2417748,9.950905327678399,3
2417758,9.808827655139014,10
2417766,9.824982432678755,8
2417774,9.849048240011658,8
2417775,10.0,1
2417776,10.0,1
2417790,9.680976056337098,14
2417800,9.768158365332887,10
2417815,9.661609962445718,15
2417824,9.816953614444092,9
2417827,9.955997634514537,3
2417844,9.622818664882,17
2417846,9.977573021052457,2
2417859,9.717268050671588,13
2417872,9.718473319182548,13
2417878,9.915296783609428,6
2417885,9.86443160135761,7
2417889,9.93126223520529,4
2417894,9.923008195694917,5
2417898,9.942513979310949,4
2417908,9.796013976083975,10
2417916,9.84445101774291,8
2417918,9.976835017184738,2
2417929,9.704158865774444,11
2417933,9.946457125427496,4
2417943,9.82566310959568,10
2417953,9.817448378928722,10
2417960,9.87901240189902,7
2417969,9.83404123886769,9
2417999,9.319365331474291,30
2418008,9.87466040937337,9
2418017,9.820944019642996,9
2418030,9.726783064462039,13
2418034,9.940454843450707,4
2418043,9.804412273109094,9
2418050,9.879732191295673,7
2418053,9.966458439666338,3
2418060,9.874675423887114,7
2418064,9.939329948175148,4
2418079,9.747894536346022,15
2418089,9.8208150222344,10
2418096,9.8671831348987,7
2418112,9.69669204091744,16
2418119,9.875819048105578,7
2418125,9.912024811723448,6
2418127,9.9663979463645,2
2418138,9.76410005103128,11
2418146,9.876491987181414,8
2418157,9.768561562388124,11
2418178,9.50635793940686,21
2418185,9.869817663409684,7
2418204,9.57667410329494,19
2418217,9.72778748680998,13
2418221,9.956234947768303,4
2418244,9.385194669505795,23
2418251,9.890679280182919,7
2418262,9.769638174049005,11
2418270,9.839230124363823,8
2418271,10.0,1
2418283,9.732310266207723,12
2418287,9.93663897113746,4
2418288,10.0,1
2418297,9.832521078301072,9
2418299,9.972605914910257,2
2418304,9.92810562964733,5
2418316,9.744616922162606,12
2418322,9.904103193642054,6
2418338,9.64872010079106,16
2418351,9.705921666104883,13
2418359,9.85655225848542,8
2418363,9.941833126767332,4
2418377,9.700706670090954,14
2418381,9.937228409013965,4
2418396,9.77223221250369,15
2418405,9.811209137086264,9
2418412,9.87346103806305,7
2418427,9.645292749314025,15
2418436,9.829658694699754,9
2418453,9.650742541818,17
2418466,9.711573113163102,13
2418467,10.0,1
2418484,9.666205850815237,17
2418492,9.832399512517135,8
2418497,9.932748649769598,5
2418500,9.958948398159533,3
2418511,9.786334295698355,11
2418512,10.0,1
2418524,9.767225277288226,12
2418536,9.812716881214854,12
2418546,9.682965132225615,10
2418565,9.594226712634152,19
2418570,9.904902506785259,5
2418581,9.773631303749873,11
2418597,9.678718460548536,16
2418604,9.871054752550162,7
2418615,9.764258095153886,11
2418616,9.993076631718798,1
2418621,9.916958204755561,5
2418629,9.822182141817413,8
2418633,9.92907994398891,4
2418637,9.932193509151851,4
2418642,9.917195227265509,5
2418660,9.587803545765908,18
2418664,9.953536583200625,4
2418671,9.88163801323904,7
2418682,9.7734039614644,11
2418696,9.6908531598366,14
2418703,9.859191902474327,7
2418704,9.989701502938045,1
2418707,9.963087201119787,3
2418714,9.873104914038754,7
2418727,9.717152694822408,13
2418740,9.733045649110824,13
2418744,9.947856989201826,4
2418748,9.93191974406569,4
2418758,9.787324635116985,10
2418771,9.76188684272206,13
2418776,9.91393505204737,5
2418780,9.944788180406286,4
2418788,9.853129088412624,8
2418805,9.227262453865286,17
2418815,9.82235202373293,10
2418816,10.0,1
2418829,9.707034396544922,13
2418840,9.74329131988543,11
2418846,9.90187017591513,6
2418855,9.79420899784591,9
2418864,9.816475621225356,9
2418879,9.64378030821408,15
2418890,9.768769214026426,11
2418908,9.62599161557021,18
2418916,9.85478033141121,8
2418923,9.906833176060841,7
2418931,9.864221638024262,8
2418939,9.855625423312649,8
2418940,10.0,1
2418947,9.89649017009912,7
2418948,9.993147436891075,1
2418957,9.823598016322434,9
2418960,9.956713829196099,3
2418980,9.57071662902089,20
2418982,9.972041200081305,2
2418992,9.795009395021902,10
2418995,9.962199327046193,3
2419007,9.762438573297423,12
2419022,9.653471834201994,15
2419030,9.855761192205385,8
2419034,9.93564299928889,4
2419040,9.905773291330705,6
2419053,9.773203509991028,13
2419060,9.86751161879569,7
2419065,9.918165798708122,5
2419073,9.85260142119543,8
2419077,9.93927880944742,4
2419084,9.854986608547346,7
2419095,9.734148400178313,11
2419098,9.966649070184982,3
2419099,10.0,1
2419102,9.971278159456036,3
2419120,9.595748622642388,18
2419132,9.762800912441898,12
2419144,9.758493740498022,12
2419147,9.951340762612423,3
2419165,9.558633474125832,18
2419174,9.831947389513536,9
2419189,9.708420569218623,15
2419198,9.806803647640178,9
2419209,9.778127385050732,11
2419223,9.70251371825299,14
2419239,9.637737400277759,16
2419253,9.697369951148312,14
2419257,9.937625036444569,4
2419265,9.869622802639595,8
2419273,9.885361091288528,8
2419280,9.871669237901312,7
2419291,9.761456821755504,11
2419297,9.87925929584,6
2419306,9.831921752198095,9
2419307,9.992711359189924,1
2419324,9.611913836516486,17
2419335,9.794187300630721,11
2419348,9.72634619913283,13
2419356,9.852089222860503,8
2419372,9.687782275422517,16
2419376,9.925440002343414,4
2419388,9.744053747987154,12
2419401,9.724441442115488,13
2419412,9.742210624939286,11
2419420,9.827386986588728,8
2419429,9.810914786266874,9
2419440,9.790254799607185,11
2419452,9.71531867418095,12
2419457,9.928456624380287,5
2419458,10.0,1
2419462,9.942911428127708,4
2419475,9.736336409564505,13
2419493,9.587084565018635,18
2419503,9.770559938610539,10
2419511,9.860227957010663,8
2419521,9.78409618792422,10
2419533,9.749869327438423,12
2419536,9.954424882329334,3
2419550,9.487565015742243,14
2419559,9.796276482839968,9
2419566,9.86061293362869,7
2419578,9.745119571215817,12
2419590,9.790506287809933,12
2419605,9.684353867660448,15
2419615,9.777638909783501,10
2419627,9.745564141924225,12
2419635,9.864843713332943,8
2419647,9.786191946007879,12
2419660,9.752155935530357,13
2419664,9.941913092630935,4
2419678,9.698623621958312,14
2419689,9.788651878344364,11
2419696,9.872735883218693,7
2419710,9.64983905091629,14
2419723,9.71832544237248,13
2419735,9.765811768553954,12
2419748,9.695496960212388,13
2419762,9.706201027671813,14
2419772,9.770020849983823,10
2419789,9.603288861134542,17
2419793,9.92863966054891,4
2419794,9.987891362536741,1
2419800,9.871196661687835,6
2419805,9.926888967864745,5
2419814,9.84691948815832,9
2419827,9.747292042648882,13
2419833,9.911453158402185,6
2419847,9.6784008125235,14
2419857,9.792001728898978,10
2419869,9.783977657921053,12
2419896,9.286906017532269,27
2419904,9.849095069028857,8
2419910,9.886110804548707,6
2419918,9.847044057078545,8
2419928,9.82549577975077,10
2419933,9.933611212559638,5
2419938,9.916746174378137,5
2419958,9.518557220040487,20
2419973,9.729662697788774,15
2419987,9.703839270318332,14
2419993,9.905475021811244,6
2419999,9.903291208016311,6
2420011,9.721212740616599,12
2420021,9.80357876243194,10
2420031,9.804222267386642,10
2420052,9.492517721313451,21
2420064,9.740078461036987,12
2420065,9.992474797819607,1
2420077,9.769983028003054,12
2420094,9.389068041272143,17
2420103,9.799705212141623,9
2420108,9.915106633212556,5
2420117,9.80082744408083,9
2420118,10.0,1
2420127,9.732867060765688,9
2420132,9.931744089643779,5
2420133,10.0,1
2420134,9.996186390048456,1
2420140,9.89642428768541,6
2420147,9.891000478955636,7
2420156,9.82261691034334,9
2420161,9.912924610470421,5
2420166,9.936231347514433,5
2420171,9.914415153544857,5
2420181,9.812347042150192,10
2420189,9.861385304865593,8
2420199,9.802513455736351,10
2420203,9.947414436128554,4
2420218,9.689682922638424,15
2420225,9.875958988359796,7
2420235,9.792460622659302,10
2420236,10.0,1
2420249,9.729336146419401,13
2420255,9.894055134283661,6
2420265,9.815347620875627,10
2420273,9.840751626268414,8
2420278,9.901837187582002,5
2420285,9.871349325619049,7
2420292,9.862038428171182,7
2420302,9.793093261327252,10
2420311,9.809431309481251,9
2420318,9.90789999768454,7
2420328,9.79214511593475,10
2420336,9.861138289655596,8
2420349,9.69001263140527,13
2420355,9.872812264113886,6
2420358,9.862755243968863,3
2420359,10.0,1
2420360,10.0,1
2420369,9.806120846175768,9
2420379,9.790002101748513,10
2420380,10.0,1
2420392,9.728937805332263,12
2420396,9.921176448914391,4
2420405,9.825785921603426,9
2420417,9.746853391392763,12
2420421,9.921118486847915,4
2420429,9.838709952972044,8
2420436,9.35521101540916,7
2420442,9.899244140504244,6
2420450,9.87891457792795,8
2420462,9.73924029443595,12
2420466,9.932096862003789,4
2420467,10.0,1
2420485,9.482596578620521,18
2420492,9.862785482896633,7
2420499,9.856018401825406,7
2420513,9.698318260359091,14
2420524,9.790788120411774,11
2420538,9.673065026155362,14
2420549,9.77537759993387,11
2420554,9.911319623411694,5
2420569,9.641411093752435,15
2420577,9.849387239079274,8
2420598,9.54111110564143,21
2420607,9.817084749098653,9
2420616,9.825347799295333,9
2420618,9.97112987401239,2
2420624,9.891383537196386,6
2420626,9.973518740193809,2
2420637,9.766191159651372,11
2420647,9.592413366870195,10
2420666,9.573141842220565,19
2420669,9.950011125843117,3
2420679,9.782463313853247,10
2420683,9.932206672201199,4
2420689,9.889174090880504,6
2420690,10.0,1
2420701,9.749502168544895,11
2420704,9.961705235261737,3
2420712,9.832886354262808,8
2420718,9.921162531742782,6
2420731,9.705114842420313,13
2420738,9.865770982287312,7
2420749,9.758458502284872,11
2420761,9.741890183819388,12
2420768,9.852343105969354,7
2420775,9.861185117055442,7
2420783,9.859533780545878,8
2420799,9.654017180453312,16
2420811,9.713343321640698,12
2420828,9.642940907278204,17
2420835,9.873648952710893,7
2420840,9.90844258986686,5
2420852,9.75907419673532,12
2420855,9.95532950577278,3
2420863,9.831240526383628,8
2420876,9.701961494632702,13
2420877,10.0,1
2420883,9.896767241144016,6
2420888,9.917341807685562,5
2420897,9.83081049729643,9
2420912,9.675240255359428,15
2420916,9.94027274117457,4
2420921,9.917642435639909,5
2420935,9.657175294817046,14
2420945,9.772791564479384,10
2420954,9.815813502695095,9
2420959,9.909560566911294,5
2420963,9.949441635193187,4
2420978,9.653938631427394,15
2420986,9.896110352519118,8
2420998,9.77232679879883,12
2421012,9.702428977297146,14
2421022,9.59595172548804,10
2421030,9.853388987173732,8
2421036,9.894279850289353,6
2421050,9.69958634407414,14
2421051,10.0,1
2421058,9.870518241429522,7
2421065,9.865150258927802,7
2421071,9.888245620183357,6
2421078,9.898098165549136,7
2421081,9.75825412501332,3
2421086,9.708863824476973,5
2421092,9.908128433500575,6
2421112,9.656922170110922,20
2421118,9.889164781512537,6
2421132,9.724992110494817,14
2421139,9.867699362025007,7
2421150,9.756454930084589,11
2421156,9.900855170404917,6
2421170,9.688240138315482,14
2421178,9.848098462070805,8
2421189,9.77190912846266,11
2421206,9.641778942593053,17
2421212,9.912315381652073,6
2421226,9.663739955200192,14
2421229,9.945055985714223,3
2421237,9.851071822407672,8
2421248,9.765174707251733,11
2421254,9.883569545268218,6
2421271,9.65683480769332,17
2421280,9.827926724737377,9
2421288,9.826705160010059,8
2421289,9.988028823753696,1
2421303,9.664220687242258,14
2421307,9.938145558265523,4
2421316,9.828415164981264,9
2421323,9.853034816282236,7
2421333,9.409838276849579,10
2421347,9.31600361625756,14
2421355,9.848219314097486,8
2421368,9.691889636877544,13
2421375,9.87247365938625,7
2421376,10.0,1
2421386,9.783797303034344,10
2421399,9.709281888233388,13
2421410,9.746118310107004,11
2421415,9.924579275974876,5
2421429,9.686317860477969,14
2421436,9.66483563607023,7
2421446,9.806931300762386,10
2421450,9.923761131970313,4
2421458,9.847429685332651,8
2421468,9.781777479274668,10
2421479,9.78090719072728,11
2421487,9.870350447353662,8
2421497,9.807327147749188,10
2421501,9.946253028137054,4
2421507,9.89685728938585,6
2421517,9.78993492102547,10
2421529,9.758314117818797,12
2421544,9.666153921227274,15
2421557,9.7263390096917,13
2421572,9.690437876149213,15
2421584,9.742896988377355,12
2421589,9.908331768666125,5
2421600,9.752304423767153,11
2421620,9.345103488353713,20
2421629,9.826263548362654,9
2421643,9.725018338343975,14
2421658,9.663274613209774,15
2421670,9.721149020997455,12
2421677,9.86346461839002,7
2421687,9.810435673842282,10
2421706,9.56267544076641,19
2421714,9.842524750048891,8
2421731,9.632539918208149,17
2421732,10.0,1
2421742,9.77602764063381,10
2421757,9.658151350462292,15
2421769,9.759236284248754,12
2421782,9.723319340600103,13
2421787,9.928241285545113,5
2421804,9.597317435041008,17
2421815,9.777431512146052,11
2421832,9.662216658770094,17
2421844,9.734520131379169,12
2421850,9.879252423228824,6
2421860,9.784402423385178,10
2421866,9.878550497086367,6
2421873,9.877228691163042,7
2421881,9.833794166508508,8
2421893,9.75361296896142,12
2421903,9.79324322471954,10
2421914,9.789282065171065,11
2421915,10.0,1
2421923,9.871977312615918,8
2421933,9.79675540371497,10
2421935,9.968066479054977,2
2421953,9.604713241642138,18
2421954,10.0,1
2421959,9.916463440800097,5
2421972,9.71943808106463,13
2421978,9.895602222853602,6
2421981,9.95023029367485,3
2421993,9.75608596269904,12
2422003,9.786205963648229,10
2422004,9.992981547724986,1
2422011,9.864960845123537,7
2422015,9.930491525088375,4
2422027,9.792487359752775,12
2422040,9.697732578945573,13
2422045,9.915770172491523,5
2422061,9.65784589587806,16
2422075,9.710629616369692,14
2422082,9.862906671006813,7
2422088,9.887111556168486,6
2422103,9.681149591926742,15
2422110,9.87194358614336,7
2422122,9.731912854669451,12
2422128,9.887314867249172,6
2422130,9.97312561858403,2
2422138,9.857417479123331,8
2422145,9.85401601941817,7
2422158,9.716686791388653,13
2422173,9.54269136772521,15
2422175,9.98095775187815,2
2422201,9.416904738936372,26
2422213,9.753603622595586,12
2422227,9.697477993014441,14
2422232,9.918113555659858,5
2422242,9.812027264054436,10
2422254,9.738304409281223,12
2422259,9.899662455911292,5
2422272,9.700290230668916,13
2422286,9.704702558241276,14
2422288,9.972153764890122,2
2422303,9.653974237148855,15
2422317,9.691351826406395,14
2422324,9.860708356906313,7
2422335,9.793929427121588,11
2422343,9.846407711965254,8
2422357,9.677501844083583,14
2422366,9.80551507609363,9
2422369,9.953797102565975,3
2422374,9.926000749439378,5
2422380,9.879936157912615,6
2422387,9.86537032113261,7
2422398,9.768146861420814,11
2422404,9.90165581657283,6
2422415,9.768640999811161,11
2422433,9.600526733422056,18
2422442,9.605346966276397,9
2422443,10.0,1
2422449,9.887337214523706,6
2422456,9.878489395971819,7
2422466,9.775038460876361,10
2422472,9.898571985571756,6
2422484,9.750313566161237,12
2422492,9.848895597165964,8
2422513,9.519297026726052,21
2422522,9.824226127972432,9
2422523,10.0,1
2422534,9.769155614982994,11
2422539,9.939015632109525,5
2422556,9.63429567563587,17
2422562,9.903704340015317,6
2422575,9.753713447101706,13
2422576,10.0,1
2422585,9.827127894272552,9
2422594,9.82701219546692,9
2422619,9.454325385060812,25
2422625,9.88572575755268,6
2422632,9.891936963631771,7
2422650,9.572282885488068,18
2422657,9.87602833567813,7
2422660,9.95058736782213,3
2422663,9.95304225865921,3
2422671,9.858601583109573,8
2422679,9.86203281255282,8
2422694,9.689734223825866,15
2422699,9.931293941191713,5
2422702,9.960063138176855,3
2422715,9.71391177016457,13
2422721,9.8833546632667,6
2422729,9.849282269909965,8
2422743,9.731699923301,14
2422759,9.660955256846185,16
2422769,9.80404379587772,10
2422775,9.894620349303388,6
2422790,9.671186236974563,15
2422791,10.0,1
2422797,9.906329008624867,6
2422806,9.604746870292386,9
2422812,9.893635272398662,6
2422821,9.823879970829921,9
2422836,9.733101170622803,15
2422852,9.616476821900703,16
2422870,9.63772905862205,18
2422883,9.709634103892368,13
2422895,9.755392490228441,12
2422907,9.754713292295536,12
2422924,9.597664422204803,17
2422944,9.49084262994913,20
2422955,9.757204929476389,11
2422960,9.917993473119106,5
2422972,9.777781126932192,12
2422984,9.800259687271948,12
2422997,9.731963171506953,13
2423004,9.883316059068717,7
2423007,9.95158792108784,3
2423015,9.845160916603934,8
2423020,9.915448237837273,5
2423033,9.74574531955161,13
2423038,9.925327237098324,5
2423044,9.877217732610857,6
2423057,9.711627708147942,13
2423067,9.804064547625764,10
2423084,9.629760232319597,17
2423099,9.659343409224773,15
2423115,9.671284545451892,16
2423126,9.770479901722135,11
2423132,9.918035978254814,6
2423140,9.832612640387625,8
2423156,9.64612682808131,16
2423164,9.846925949475645,8
2423170,9.880420579749675,6
2423176,9.883798679949338,6
2423182,9.903482374212215,6
2423183,10.0,1
2423188,9.932135770346816,5
2423195,9.862837415214678,7
2423203,9.758814742955092,8
2423204,10.0,1
2423208,9.940125782787623,4
2423221,9.71111145496715,13
2423240,9.621852505817639,19
2423256,9.641085858195899,16
2423257,9.992554814090674,1
2423269,9.632363784961703,12
2423289,9.47396771802586,20
2423294,9.925446935108665,5
2423301,9.870973678349076,7
2423313,9.709200450653855,12
2423321,9.884286240897552,8
2423342,9.479321344469787,21
2423346,9.934771464419857,4
2423349,9.955281450615624,3
2423353,9.944342106002585,4
2423365,9.762806630503357,12
2423379,9.45751903212736,14
2423387,9.859159791075216,8
2423390,9.952289732803104,3
2423405,9.550440637864215,15
2423416,9.74806929286441,11
2423421,9.926416694440272,5
2423432,9.771939026534046,11
2423446,9.684445512067741,14
2423463,9.587275265414396,17
2423479,9.62161666351433,16
2423495,9.52679848326695,16
2423508,9.700792705263396,13
2423519,9.736334129284902,11
2423528,9.84377286877908,9
2423535,9.852494292244304,7
2423543,9.85009497699119,8
2423557,9.696486716374269,14
2423576,9.598496098041512,19
2423596,9.553260738318263,20
2423604,9.84272711995165,8
2423619,9.6789399782306,15
2423622,9.961714271263652,3
2423623,10.0,1
2423632,9.801068302769776,9
2423648,9.526247028341333,16
2423655,9.8740516233544,7
2423667,9.741976456684775,12
2423669,9.98441558528648,2
2423680,9.764845240559147,11
2423686,9.889159995514678,6
2423698,9.741284403813125,12
2423714,9.662634844761573,16
2423719,9.908842730106036,5
2423730,9.781934221360157,11
2423732,9.980037208044866,2
2423745,9.70447592234479,13
2423748,9.964197370622776,3
2423754,9.906008606386022,6
2423755,10.0,1
2423766,9.788570903241165,11
2423771,9.924232201615414,5
2423774,9.958547632114524,3
2423787,9.71440522365774,13
2423791,9.952226400748122,4
2423799,9.849035336408917,8
2423804,9.901633826548883,5
2423822,9.523903958010903,18
2423831,9.83323076488976,9
2423843,9.72331944535394,12
2423844,10.0,1
2423845,10.0,1
2423857,9.775448852551397,12
2423864,9.881665107303936,7
2423870,9.909078491013934,6
2423881,9.771609766036624,11
2423885,9.94751407948918,4
2423893,9.842345763224705,8
2423904,9.771097485243113,11
2423912,9.858355553739859,8
2423923,9.73831840582892,11
2423934,9.799869569686333,11
2423941,9.86733683185194,7
2423950,9.823757456650592,9
2423956,9.890645711762515,6
2423963,9.879084993048565,7
2423973,9.76835498175973,10
2423982,9.820022746065694,9
2423991,9.827757138763006,9
2423999,9.84306493948773,8
2424006,9.778124086612173,7
2424008,9.972726198373234,2
2424014,9.889723289142836,6
2424025,9.763204292685073,11
2424037,9.76263144555947,12
2424043,9.88232356731441,6
2424054,9.757242438358887,11
2424062,9.878819274267341,8
2424069,9.873645472464014,7
2424076,9.887431157109056,7
2424084,9.830856604175105,8
2424091,9.86830144058629,7
2424101,9.77677145323658,10
2424102,10.0,1
2424103,10.0,1
2424108,9.908296985302465,5
2424110,9.970177097980047,2
2424115,9.912406389725708,5
2424116,10.0,1
2424126,9.799996233944793,10
2424127,10.0,1
2424137,9.771660930049187,10
2424147,9.793812339495817,10
2424150,9.952589986221339,3
2424158,9.856127231597384,8
2424161,9.959002432039847,3
2424162,10.0,1
2424163,9.996718856032604,1
2424179,9.656617805116227,16
2424180,9.989611743856367,1
2424191,9.75025970797174,11
2424208,9.64542811673849,17
2424209,10.0,1
2424218,9.812082050878256,9
2424227,9.794528875752283,9
2424243,9.631727174435982,16
2424255,9.75257488280946,12
2424265,9.790827202103285,10
2424275,9.781645115571521,10
2424281,9.897110514243503,6
2424291,9.80402243466349,10
2424305,9.501990741089289,14
2424325,9.505827006535872,20
2424328,9.952569291107011,3
2424337,9.810675463357006,9
2424350,9.733452951715194,13
2424358,9.839239616091938,8
2424374,9.620558221694395,16
2424380,9.915794261783887,6
2424396,9.671560533746252,16
2424398,9.979996111894923,2
2424408,9.801973975753896,10
2424416,9.847001636137623,8
2424434,9.386702523027536,18
2424445,9.725702059182545,11
2424454,9.86290016685028,9
2424465,9.814427423142591,11
2424472,9.869683135705275,7
2424484,9.536992094320539,12
2424485,10.0,1
2424500,9.671654652103042,15
2424508,9.835819768812753,8
2424512,9.93286679867162,4
2424520,9.872272280632613,8
2424524,9.935052146132971,4
2424527,9.952193491365241,3
2424537,9.777262963133236,10
2424549,9.76054911956482,12
2424550,10.0,1
2424567,9.642493764296068,17
2424568,10.0,1
2424569,9.996165479483828,1
2424581,9.703007313218029,12
2424592,9.777739412843905,11
2424598,9.895354616061034,6
2424618,9.542695730556071,20
2424630,9.727910200270303,12
2424631,9.987211169963052,1
2424637,9.905886100319089,6
2424646,9.729740860343174,9
2424652,9.899329210292029,6
2424666,9.717003712815384,14
2424676,9.778488880284417,10
2424691,9.576173724844944,15
2424699,9.841397953185682,8
2424712,9.701912285034465,13
2424720,9.847967598493764,8
2424726,9.890351923571249,6
2424738,9.752511636985174,12
2424749,9.736846644272504,11
2425249,-212.91583827007446,500
2425263,9.700827005550977,14
2425275,9.766264356375094,12
2425276,10.0,1
2425279,9.959291902470794,3
2425289,9.797257736243543,10
2425311,9.509187043907511,22
2425327,9.663038059931793,16
2425349,6.876979631963579,22
2425362,9.734314664105487,13
2425375,9.755970363637722,13
2425381,9.899900497399136,6
2425389,9.861016055040773,8
2425398,9.863282842649335,9
2425405,9.842940897041037,7
2425406,10.0,1
2425414,9.84416127721498,8
2425415,9.996181261969129,1
2425418,9.96953713725391,3
2425430,9.738176696374147,12
2425443,9.70670161953902,13
2425453,9.77953790310651,10
2425466,9.717236782703432,13
2425475,9.813842344292597,9
2425488,9.683417565060566,13
2425502,9.684185487603092,14
2425503,10.0,1
2425511,9.834295752665726,8
2425523,9.745270502221238,12
2425531,9.82638530019002,8
2425548,9.567890058057452,17
2425550,9.978288017716977,2
2425561,9.766075434036038,11
2425641,-18.746528739966504,80
2425652,9.786905464389736,11
2425668,9.62231765902038,16
2425672,9.92297529727147,4
2425686,9.685081553491539,14
2425700,9.6960025539239,14
2425713,9.700479721541573,13
2425738,8.278457520986306,25
2425744,9.902078919620665,6
2425753,9.834966333626841,9
2425762,9.829850023508016,9
2425763,9.98854679096916,1
2425777,9.701274561171838,14
2425785,9.856678039183576,8
2425786,9.996237627979884,1
2425794,9.834760565955794,8
2425801,9.892814710653521,7
2425804,9.951267390256984,3
2425811,9.87971587226448,7
2425821,9.79808061316797,10
2425829,9.853708495957672,8
2425837,9.83823173058711,8
2425846,9.827515543310678,9
2425854,9.864337108101166,8
2425856,9.982870380406892,2
2425872,9.542429853475356,16
2425884,9.755016622667778,12
2425897,9.767496908853115,13
2425910,9.694376042151074,13
2425919,9.82708573998981,9
2425941,9.42778618843431,22
2425958,9.579518245069394,17
2425968,9.7991368462124,10
2425976,9.84408997044211,8
2425982,9.885947981742623,6
2425984,9.971686043944969,2
2426008,9.465753924261923,24
2426016,9.827362991795958,8
2426028,9.76362515518809,12
2426038,9.795233075739391,10
2426049,9.785077199440419,11
2426056,9.888542494326552,7
2426067,9.79622708483428,11
2426082,9.675601415334324,15
2426093,9.778522396698639,11
2426111,9.581353095403323,18
2426125,9.745155742771045,14
2426136,9.788161146226608,11
2426137,9.992060666136805,1
2426152,9.703330910176614,15
2426158,9.903934559084876,6
2426178,9.536656485341831,20
2426188,9.783140555668442,10
2426192,9.932719809303434,4
2426202,9.803739377685003,10
2426203,9.99634574663715,1
2426220,9.62650381418194,17
2426230,9.77766503881726,10
2426235,9.912553272982588,5
2426248,9.703980628953467,13
2426258,9.792632761010188,10
2426265,9.877832308506662,7
2426270,9.895483748211321,5
2426281,9.761394052856897,11
2426295,9.70764682394004,14
2426308,9.690852357987751,13
2426325,9.600247558248212,17
2426326,10.0,1
2426340,9.647171182434285,14
2426352,9.712355849370818,12
2426359,9.870343687709319,7
2426370,9.75945332132786,11
2426371,10.0,1
2426381,9.837005163493956,10
2426389,9.8459213241841,8
2426390,10.0,1
2426409,9.625873041127045,19
2426415,9.893690899277546,6
2426416,9.988879263487767,1
2426424,9.848632037956191,8
2426433,9.818860246813975,9
2426439,9.905761629935165,6
2426452,9.75109632138075,13
2426455,9.94776741991419,3
2426466,9.790757362738871,11
2426467,9.989572539773462,1
2426477,9.790083651939586,10
2426478,10.0,1
2426481,9.9666195465718,3
2426494,9.696365747289168,13
2426497,9.954719628294134,3
2426508,9.758437858987058,11
2426515,9.873229144232655,7
2426527,9.74293669122178,12
2426538,9.742059686876805,11
2426545,9.865244264343747,7
2426553,9.847751250362334,8
2426570,9.616318334307143,17
2426587,9.649412103366172,17
2426588,10.0,1
2426595,9.867476460823598,7
2426602,9.868268843039305,7
2426609,9.90223994985254,7
2426617,9.839061912845649,8
2426625,9.847213497781516,8
2426626,9.992672562078175,1
2426627,10.0,1
2426638,9.794699356686365,11
2426652,9.6775869511814,14
2426664,9.738758026801847,12
2426668,9.925662901194592,4
2426682,9.698798947027317,14
2426687,9.926047218774105,5
2426688,9.989675525888115,1
2426693,9.93166070730356,5
2426703,9.790939555624114,10
2426719,9.633195660026626,16
2426736,9.643791546772267,17
2426740,9.92882525970606,4
2426751,9.768118706570407,11
2426763,9.769220419642972,12
2426779,9.654436385453236,16
2426792,9.641558339134498,13
2426803,9.786815735005199,11
2426806,9.960186297192006,3
2426809,9.958578198556902,3
2426818,9.819840203143738,9
2426833,9.651390288574305,15
2426842,9.835831354780817,9
2426854,9.785956350807652,12
2426871,9.69000495005837,17
2426879,9.831790657888105,8
2426891,9.74027722362027,12
2426903,9.785523862597072,12
2426911,9.852708081416633,8
2426920,9.823418349639535,9
2426921,10.0,1
2426939,9.572252114416939,18
2426953,9.682594593318354,14
2426968,9.72393885325974,15
2426976,9.848926457878378,8
2426983,9.88245630372702,7
2426984,10.0,1
2426985,10.0,1
2426991,9.884111946185492,6
2427014,9.480099983708543,23
2427018,9.945627982314122,4
2427019,10.0,1
2427041,9.064622010986117,22
2427049,9.839411796378482,8
2427050,10.0,1
2427061,9.759479142178382,11
2427062,10.0,1
2427066,9.925925937383585,4
2427071,9.92131764163787,5
2427086,9.643535904245882,15
2427092,9.902750194324279,6
2427102,9.791298453343588,10
2427106,9.944886487494257,4
2427116,9.801286989544915,10
2427125,9.822273482396906,9
2427126,9.992159916769245,1
2427132,9.892048099419824,6
2427147,9.630907128198924,15
2427153,9.893523873712736,6
2427159,9.889586169634839,6
2427170,9.783418188047307,11
2427178,9.853997406239401,8
2427186,9.869323941148888,8
2427198,9.761158745700962,12
2427213,9.689910624331205,15
2427224,9.78391050219307,11
2427233,9.821334457775206,9
2427247,9.71737759139827,14
2427269,9.479391060515573,22
2427270,10.0,1
2427280,9.824458294965819,10
2427289,9.844293561113966,9
2427306,9.622520472033285,17
2427307,10.0,1
2427318,9.761575385676093,11
2427327,9.844258364920199,9
2427335,9.852019239779256,8
2427338,9.967482726222123,3
2427339,10.0,1
2427340,10.0,1
2427345,9.905944046633223,5
2427357,9.776800320194,12
2427366,9.811786860578184,9
2427375,9.840261968395046,9
2427389,9.710459520421871,14
2427390,9.989308679817407,1
2427396,9.890355310935156,6
2427410,9.717484615286033,14
2427427,9.623640863913124,17
2427432,9.916432440105734,5
2427445,9.694486700194552,13
2427450,9.909504037756799,5
2427451,10.0,1
2427452,10.0,1
2427457,9.925591932778485,5
2427468,9.766152197256494,11
2427486,9.537101497710287,18
2427497,9.777778293454345,11
2427507,9.775890902753487,10
2427528,9.508989236187425,21
2427545,9.577462467042334,17
2427550,9.918232964418973,5
2427571,9.464550043532803,21
2427581,9.831496094084793,10
2427586,9.907758620709153,5
2427595,9.831440544850096,9
2427600,9.905148093065367,5
2427611,9.78391099061889,11
2427622,9.788096340791576,11
2427633,9.812351377359665,11
2427645,9.724639556424417,12
2427651,9.904195216112061,6
2427660,9.800232662015977,9
2427668,9.834248047158257,8
2427672,9.934386761627817,4
2427677,9.923187151595135,5
2427681,9.923446474835677,4
2427694,9.732880794130152,13
2427701,9.863297502150582,7
2427706,9.927882926211119,5
2427712,9.90238903152379,6
2427715,9.950774556693423,3
2427720,9.920328937295825,5
2427741,9.583350871038245,21
2427752,9.772109211205144,11
2427755,9.949058742293406,3
2427766,9.75866794687808,11
2427773,9.864495479480391,7
2427787,9.682702209430683,14
2427804,9.620356744259023,17
2427815,9.785978345131015,11
2427828,9.53096897101852,13
2427837,9.852879361955408,9
2427847,9.792782214823527,10
2427853,9.906006923986947,6
2427854,10.0,1
2427858,9.941099795680715,4
2427861,9.962767072255307,3
2427869,9.829693021435318,8
2427876,9.877328085054522,7
2427885,9.81619905147694,9
2427889,9.950364419279657,4
2427891,9.980032221313074,2
2427895,9.949136720379371,4
2427902,9.863726639236226,7
2427910,9.854933552336812,8
2427917,9.862506946074772,7
2427928,9.783202775267078,11
2427933,9.930448087506575,5
2427944,9.762864907677523,11
2427959,9.656364477150788,15
2427973,9.660645055783688,14
2427982,9.819011749709409,9
2427998,9.648585492337014,16
2428005,9.883320726285962,7
2428010,9.91189555092544,5
2428018,9.626441892920866,8
2428029,9.770228696857114,11
2428035,9.89728184403494,6
2428038,9.951762297190921,3
2428044,9.885479720511592,6
2428047,9.955964831160188,3
2428056,9.822406556544847,9
2428067,9.78029527831701,11
2428071,9.931045054221936,4
2428075,9.946294880859007,4
2428087,9.73645590807018,12
2428097,9.784653928731782,10
2428098,10.0,1
2428109,9.780776057453174,11
2428112,9.967969114414785,3
2428126,9.716926321011496,14
2428141,9.642720198332281,15
2428147,9.890776837856949,6
2428158,9.768539939413357,11
2428167,9.801130612803043,9
2428177,9.800782614931176,10
2428181,9.929878966926092,4
2428187,9.903446930491302,6
2428193,9.903784700403307,6
2428200,9.869220298133625,7
2428209,9.809608233012108,9
2428221,9.522983309815245,12
2428235,9.747704091412539,14
2428243,9.848182516051601,8
2428261,9.614623813196472,18
2428267,9.910217514142929,6
2428281,9.707057902271114,14
2428282,9.989420078090864,1
2428290,9.834306984291553,8
2428292,9.979966360258208,2
2428311,9.618760834662668,19
2428323,9.733040413215294,12
2428324,10.0,1
2428333,9.805731159024871,9
2428334,10.0,1
2428355,9.496681997279898,21
2428367,9.76492897791504,12
2428375,9.84374854006094,8
2428382,9.902218593511172,7
2428386,9.928837564225086,4
2428394,9.86698476610302,8
2428406,9.740926896749503,12
2428412,9.91336691911665,6
2428416,9.936019981708005,4
2428428,9.642753839878527,12
2428435,9.864447071665662,7
2428447,9.740484529404752,12
2428453,9.891477508727313,6
2428454,10.0,1
2428461,9.86395303910373,7
2428467,9.883960907669996,6
2428481,9.702437220121936,14
2428493,9.756094749778196,12
2428494,10.0,1
2428495,10.0,1
2428504,9.824098641206183,9
2428512,9.844334054338796,8
2428527,9.629733019576994,15
2428539,9.733717935748171,12
2428549,9.770666955655326,10
2428555,9.783362290770409,6
2428568,9.71003638613927,13
2428569,10.0,1
2428570,10.0,1
2428576,9.8873891822098,6
2428585,9.815882353890316,9
2428596,9.772145464083346,11
2428605,9.820807037181824,9
2428614,9.806037406128846,9
2428615,10.0,1
2428626,9.800843445409509,11
2428634,9.823624372393294,8
2428645,9.812432726766149,11
2428657,9.720494099280689,12
2428658,10.0,1
2428672,9.709373342880898,14
2428673,10.0,1
2428683,9.814083583606804,10
2428698,9.18141753621485,15
2428705,9.899284081683126,7
2428715,9.814723110912073,10
2428717,9.97003887281012,2
2428728,9.821078869742903,11
2428735,9.89486157994698,7
2428745,9.78750254656456,10
2428749,9.949618429505142,4
2428754,9.922306090654425,5
2428758,9.945674642862839,4
2428774,9.620660607372422,16
2428789,9.532608136445822,15
2428803,9.73703147403305,14
2428804,10.0,1
2428815,9.775904512104635,11
2428822,9.653307186036606,7
2428831,9.798089164163489,9
2428844,9.734967419945042,13
2428845,10.0,1
2428850,9.911056202838717,5
2428856,9.913670084089075,6
2428863,9.846917122093698,7
2428872,9.81430342096639,9
2428875,9.95497685186723,3
2428881,9.906014995016676,6
2428882,10.0,1
2428894,9.7432334288829,12
2428897,9.955637726377196,3
2428908,9.744046900894936,11
2428921,9.675014597933728,13
2428924,9.950434334851781,3
2428933,9.820927304937062,9
2428942,9.830531909806782,9
2428949,9.866628180136667,7
2428960,9.734586823926605,11
2428967,9.86813569863208,7
2428978,9.770917802607924,11
2428980,9.978201574445876,2
2428985,9.899294270054702,5
2428995,9.802513621260239,10
2429006,9.79302171220242,11
2429014,9.863433456031263,8
2429017,9.948904170462257,3
2429041,9.481329454898875,24
2429053,9.753439845818837,12
2429062,9.826494930132954,9
2429071,9.804966144938247,9
2429072,10.0,1
2429081,9.80240198401767,9
2429089,9.865909259793213,8
2429094,9.926260068065554,5
2429101,9.890078746223825,7
2429107,9.908485422773781,6
2429115,9.846459814835738,8
2429125,9.778335221646861,10
2429135,9.783245014921263,10
2429146,9.807869600380844,11
2429157,9.786710176868771,11
2429161,9.92802284462697,4
2429172,9.79699143355431,11
2429181,9.820578859748634,9
2429189,9.86620559463493,8
2429196,9.88298022563527,7
2429198,9.971480241292252,2
2429211,9.71907137746112,13
2429224,9.724002528659282,13
2429248,9.433392478570791,24
2429263,9.684932633196716,15
2429272,9.79091256774334,9
2429278,9.890477603410082,6
2429290,9.77030648251148,12
2429291,10.0,1
2429297,9.899281391121018,6
2429308,9.76889399793892,11
2429318,9.832942264465185,10
2429325,9.86643590208645,7
2429332,9.869492101888131,7
2429338,9.892893992701406,6
2429348,9.781711174115813,10
2429361,9.700918772777065,13
2429362,10.0,1
2429380,9.623689223940334,18
2429381,10.0,1
2429389,9.847145891134538,8
2429402,9.709916968773486,13
2429414,9.735485407824202,12
2429430,9.673511936888668,16
2429445,9.661446057903186,15
2429446,9.996765035679209,1
2429458,9.74269029903825,12
2429461,9.962366668239117,3
2429462,10.0,1
2429472,9.783507988250793,10
2429483,9.812785239826848,11
2429495,9.731692552049376,12
2429504,9.832109434047368,9
2429517,9.730320390742381,13
2429534,9.564479599105091,17
2429552,9.553129603648793,18
2429560,9.761793649517502,8
2429569,9.830514702331337,9
2429576,9.879932069837,7
2429589,9.722638140357962,13
2429607,9.675663173075039,18
2429614,9.895047667234811,7
2429619,9.920115143354767,5
2429625,9.893019882086671,6
2429635,9.781194652193387,10
2429639,9.947540302850411,4
2429657,9.616295581507055,18
2429668,9.767798710773722,11
2429686,9.585069842298076,18
2429696,9.811768734925861,10
2429697,10.0,1
2429706,9.807876173648662,9
2429720,9.707557790034745,14
2429722,9.976403121172678,2
2429735,9.769012514857305,13
2429754,9.639618165911298,19
2429767,9.735364890240565,13
2429777,9.815313936843278,10
2429780,9.95963611710728,3
2429787,9.872342111500645,7
2429792,9.924401770847751,5
2429804,9.667967874591854,12
2429815,9.756939694291274,11
2429816,9.989291025936444,1
2429825,9.830822912876803,9
2429830,9.924199701114691,5
2429844,9.70137957620727,14
2429848,9.943538790428759,4
2429860,9.72981183312776,12
2429871,9.756769761993457,11
2429888,9.580629467353734,17
2429902,9.685921816216126,14
2429912,9.803112556142505,10
2429919,9.87728347080718,7
2429927,9.82677855919328,8
2429929,9.97097024480184,2
2429941,9.725047716496048,12
2429952,9.729996374673552,11
2429959,9.85754437716437,7
2429968,9.630976525344648,9
2429973,9.910214121813457,5
2429984,9.792398485636264,11
2429994,9.801865973534376,10
2430004,9.793513944959287,10
2430007,9.96404201090438,3
2430010,9.968795514769482,3
2430021,9.743214884670017,11
2430023,9.979396525630587,2
2430026,9.960013681650809,3
2430047,9.119623103682638,21
2430066,9.351523281417874,19
2430072,9.904624717106426,6
2430074,9.971868232199173,2
2430075,10.0,1
2430079,9.938226223342731,4
2430086,9.861838837898054,7
2430096,9.802110592729422,10
2430107,9.786209193886073,11
2430115,9.56090535427238,8
2430131,9.652166804488571,16
2430143,9.7599950849685,12
2430151,9.852034448566267,8
2430160,9.812863843953707,9
2430169,9.818252147477144,9
2430176,9.867467551328946,7
2430189,9.758177474580004,13
2430191,9.97698301597558,2
2430198,9.865671122093945,7
2430212,9.71898500050936,14
2430218,9.886531971368907,6
2430232,9.606220506090477,14
2430243,9.784594628922658,11
2430247,9.940020222267915,4
2430260,9.725853543215138,13
2430261,10.0,1
2430275,9.750776013070949,14
2430288,9.70657291683783,13
2430301,9.741569775307049,13
2430310,9.826918916415238,9
2430314,9.940345871649319,4
2430315,9.98984761390744,1
2430330,9.665380185120899,15
2430342,9.71934067126325,12
2430355,9.699907268933504,13
2430357,9.977923323725031,2
2430372,9.695914165720632,15
2430381,9.831531280775273,9
2430388,9.844557714630943,7
2430397,9.841115651885527,9
2430401,9.934270906306168,4
2430415,9.703765755638377,14
2430428,9.711269079450535,13
2430436,9.850608934710495,8
2430438,9.983790512098638,2
2430444,9.869509265308285,6
2430460,9.614900976394894,16
2430472,9.741752920119113,12
2430475,9.967542516025704,3
2430487,9.759900799981855,12
2430488,10.0,1
2430498,9.793137056410927,10
2430506,9.85885565673495,8
2430507,10.0,1
2430514,9.888106579334563,7
2430520,9.89856173705527,6
2430535,9.687509223371624,15
2430541,9.88272515201083,6
2430546,9.912231948885994,5
2430554,9.831434915487144,8
2430571,9.616906396211224,17
2430585,9.693331594191342,14
2430592,9.860232754730319,7
2430597,9.902511917375813,5
2430609,9.763369705937112,12
2430610,10.0,1
2430619,9.829533818224737,9
2430633,9.758891578750612,14
2430647,9.710042287747962,14
2430656,9.81596314932829,9
2430668,9.749011318801644,12
2430673,9.921350561962356,5
2430677,9.942073860390252,4
2430693,9.612647174048982,16
2430703,9.811056784013955,10
2430714,9.7771857173184,11
2430725,9.773905451500541,11
2430741,9.642721482716201,16
2430742,10.0,1
2430753,9.794473372478638,11
2430764,9.766407560890178,11
2430771,9.86928467245464,7
2430774,9.961670410526125,3
2430782,9.84235157873073,8
2430790,9.845762634883307,8
2430797,9.889614522076064,7
2430807,9.82088385546466,10
2430813,9.885483038049033,6
2430820,9.842791583709287,7
2430826,9.923613984730004,6
2430836,9.797415229971117,10
2430848,9.742467492192548,12
2430858,9.794935731205792,10
2430865,9.849792158152837,7
2430881,9.62369502919999,16
2430891,9.803760532713266,10
2430892,10.0,1
2430909,9.612260703597002,17
2430925,9.621723951961513,16
2430931,9.909351571987228,6
2430939,9.851385095834933,8
2430950,9.774040800677307,11
2430961,9.770017873247491,11
2430971,9.785621155338935,10
2430972,10.0,1
2430975,9.954349937041625,3
2430981,9.89794584005138,6
2430993,9.760971668336246,12
2431000,9.88057750496124,7
2431014,9.677415215280707,14
2431018,9.937358609342578,4
2431021,9.972179520694437,3
2431031,9.793934302584589,10
2431034,9.955267103147794,3
2431064,9.41667044777948,30
2431070,9.905615727805547,6
2431075,9.919229868221192,5
2431076,10.0,1
2431077,10.0,1
2431084,9.873666521339834,7
2431098,9.700753794155995,14
2431106,9.732428560568488,8
2431107,10.0,1
2431117,9.806089066546829,10
2431132,9.644546630852453,15
2431133,10.0,1
2431136,9.951432405349369,3
2431141,9.916887309567768,5
2431153,9.75027915878688,12
2431166,9.77081744915841,13
2431169,9.953998222696432,3
2431181,9.7502963849162,12
2431186,9.927167629474443,5
2431191,9.921353816729674,5
2431192,10.0,1
2431198,9.893503650111413,6
2431208,9.782694693136156,10
2431209,10.0,1
2431219,9.806539337578844,10
2431220,10.0,1
2431227,9.864325102459425,7
2431232,9.927590943691843,5
2431239,9.876267987235716,7
2431252,9.734751214691904,13
2431255,9.956086152470833,3
2431256,10.0,1
2431262,9.871058138690707,6
2431274,9.742391166684332,12
2431278,9.943560451609844,4
2431292,9.685673670041556,14
2431304,9.735681109936987,12
2431313,9.826378567657915,9
2431326,9.745870664287144,13
2431338,9.74683211916183,12
2431339,10.0,1
2431352,9.774700970421312,13
2431357,9.915430169857578,5
2431371,9.693655755934206,14
2431378,9.884551729388274,7
2431391,9.707515981345345,13
2431395,9.941619457417751,4
2431396,10.0,1
2431407,9.745679334765633,11
2431413,9.793216347616248,6
2431422,9.866844002730172,9
2431438,9.669519831186577,16
2431449,9.759970258803357,11
2431454,9.90030700277227,5
2431466,9.754663379680508,12
2431474,9.856086050281876,8
2431484,9.809415532906147,10
2431493,9.801275024443633,9
2431499,9.90522284661658,6
2431512,9.749897261771796,13
2431524,9.734383045689308,12
2431539,9.156651247319822,15
2431550,9.7677939083687,11
2431571,9.596063336343374,21
2431597,9.287620782116807,26
2431598,10.0,1
2431606,9.842996768956938,8
2431617,9.796614300712076,11
2431630,9.710125732837742,13
2431641,9.776194611601522,11
2431652,9.766193694827066,11
2431666,9.741960742625485,14
2431674,9.842114859431593,8
2431687,9.710078468822415,13
2431695,9.822927630154297,8
2431707,9.750193270178693,12
2431719,9.731615204498626,12
2431721,9.980473900849335,2
2431730,9.832988274758875,9
2431735,9.920909331840287,5
2431739,9.942910525604127,4
2431740,10.0,1
2431749,9.801424021984152,9
2431757,9.839745306347028,8
2431768,9.786688501969385,11
2431781,9.716982033689193,13
2431795,9.695980320610513,14
2431796,10.0,1
2431803,9.875857261703644,7
2431811,9.835135370870285,8
2431821,9.833684613991865,10
2431822,10.0,1
2431839,9.633441811519848,17
2431851,9.734361735380242,12
2431864,9.712208644304052,13
2431873,9.791973042833877,9
2431882,9.813217231192699,9
2431889,9.882611293932184,7
2431894,9.935843656359017,5
2431897,9.972292831930655,3
2431908,9.789503282212968,11
2431915,9.887454879133067,7
2431931,9.635449769654855,16
2431946,9.679448966120937,15
2431955,9.825093909643254,9
2431959,9.933150108143584,4
2431969,9.806794836241076,10
2431982,9.713294509840898,13
2431996,9.692173338957586,14
2432004,9.849426699450001,8
2432025,9.52060426604687,21
2432036,9.763299230925181,11
2432044,9.867771231163331,8
2432051,9.877386142478095,7
2432061,9.812165642665187,10
2432063,9.974664601909275,2
2432065,9.970217728575603,2
2432077,9.77385031049419,12
2432093,9.619616651547814,16
2432105,9.739496990284685,12
2432116,9.760368485390035,11
2432133,9.641862589009646,17
2432139,9.894841528345967,6
2432140,10.0,1
2432149,9.848815087176188,9
2432164,9.709305451663337,15
2432180,9.59982686665469,16
2432190,9.786275047455145,10
2432199,9.855987075117762,9
2432207,9.866493170284723,8
2432213,9.906838552410727,6
2432216,9.94684341176175,3
2432227,9.77099767900171,11
2432238,9.692124127533491,11
2432249,9.803601442831274,11
2432258,9.83971601842825,9
2432265,9.866155955506574,7
2432281,9.600217360913716,16
2432294,9.729946731322745,13
2432303,9.822482069793601,9
2432310,9.86635462545891,7
2432322,9.72976270104808,12
2432324,9.978719181480752,2
2432328,9.942082664595171,4
2432334,9.898191082078247,6
2432347,9.695526953925224,13
2432356,9.826089567204919,9
2432374,9.629845821806388,18
2432379,9.904061668064333,5
2432388,9.817358495591401,9
2432400,9.75807236673945,12
2432412,9.701422206234591,12
2432423,9.77799919507122,11
2432433,9.775483637012684,10
2432439,9.903531935701873,6
2432445,9.879661731689524,6
2432454,9.812026215549723,9
2432469,9.736761733053637,15
2432484,9.70248037027216,15
2432494,9.786211888975897,10
2432498,9.933392843739385,4
2432504,9.92021094483703,6
2432515,9.758695170692498,11
2432522,9.893704114733344,7
2432523,9.992401404792702,1
2432530,9.879961106326485,7
2432540,9.793286995391442,10
2432545,9.922478114639391,5
2432556,9.795000966172884,11
2432557,10.0,1
2432564,9.874688645015278,7
2432565,9.992612133176241,1
2432577,9.735813027806042,12
2432587,9.784615462135864,10
2432595,9.890088116895686,8
2432598,9.947251577413663,3
2432621,9.522410069086972,23
2432633,9.743943724047135,12
2432649,9.709937029266857,16
2432653,9.936224920526373,4
2432658,9.933316896464424,5
2432669,9.788804519653812,11
2432673,9.937738144446794,4
2432685,9.766695920374604,12
2432694,9.807063342374807,9
2432703,9.817090893265076,9
2432708,9.91301182660589,5
2432721,9.717318789291253,13
2432731,9.793645248768632,10
2432737,9.898827535688971,6
2432738,9.988608956504558,1
2432746,9.823868351363078,8
2432753,9.887972877064733,7
2432759,9.911431570286748,6
2432763,9.954445735126296,4
2432770,9.88795299822994,7
2432779,9.826832377270165,9
2432785,9.896672324298212,6
2432793,9.8719480886948,8
2432809,9.648082498794192,16
2432817,9.839614478317552,8
2432854,8.981229334427281,37
2432855,10.0,1
2432861,9.909185854135623,6
2432868,9.881601701302108,7
2432892,8.379047618404352,24
2432904,9.736478824429863,12
2432907,9.954427432285062,3
2432919,9.734403868290284,12
2432929,9.814864217763924,10
2432940,9.770606105401786,11
2432951,9.779277869993109,11
2432955,9.936681816441283,4
2432966,9.829631336984281,11
2432978,9.745116046729773,12
2432983,9.921052374318409,5
2433000,9.452096143396231,17
2433008,9.858341330176726,8
2433015,9.894050044170456,7
2433025,9.80543122016264,10
2433033,9.875117613502857,8
2433042,9.853665206948822,9
2433059,9.610987140101551,17
2433071,9.73359402665854,12
2433075,9.949891007749114,4
2433082,9.852748260303416,7
2433096,9.727307844382922,14
2433111,9.734012096618212,15
2433120,9.802918622249182,9
2433129,9.61530496903769,9
2433144,9.709968339120099,15
2433145,9.996317141554615,1
2433149,9.936837901887353,4
2433154,9.899920015186083,5
2433160,9.904733534591989,6
2433168,9.845706113237972,8
2433173,9.930429883259018,5
2433183,9.781310454674593,10
2433187,9.956173202797514,4
2433195,9.86181804281289,8
2433202,9.870021961086328,7
2433209,9.855837508945331,7
2433222,9.699895190948757,13
2433232,9.623152015441873,10
2433245,9.701128906520582,13
2433261,9.411250101920135,16
2433273,9.73799213926782,12
2433287,9.724620127168487,14
2433294,9.868221209131182,7
2433297,9.958169487962763,3
2433306,9.720723608616805,9
2433312,9.896099499782524,6
2433320,9.872241693302314,8
2433328,9.84597288022719,8
2433333,9.919391216888975,5
2433336,9.962427045997432,3
2433345,9.828811123449665,9
2433354,9.812606167367601,9
2433364,9.77891966744021,10
2433376,9.748589100757785,12
2433388,9.727382822268835,12
2433403,9.690945322859823,15
2433411,9.837382589025571,8
2433422,9.75382167189934,11
2433431,9.80883917489303,9
2433432,9.987914368677501,1
2433435,9.960559023128832,3
2433445,9.69208524674297,10
2433446,9.988186159629873,1
2433448,9.972518550971731,2
2433454,9.88508921905406,6
2433458,9.92993411130444,4
2433471,9.771688167282997,13
2433481,9.592847577442907,10
2433495,9.686925491856853,14
2433508,9.718259249182797,13
2433509,10.0,1
2433517,9.826753564110255,8
2433522,9.909120180888442,5
2433524,9.97449970502157,2
2433531,9.874126175765088,7
2433541,9.790520911962712,10
2433547,9.891324772438871,6
2433553,9.877308738653298,6
2433561,9.84978641648635,8
2433562,10.0,1
2433563,9.98897539627781,1
2433566,9.962341651108048,3
2433576,9.793542382391543,10
2433588,9.76352437044827,12
2433593,9.936832530979506,5
2433597,9.940303221695714,4
2433601,9.940296691297883,4
2433614,9.592323628079114,13
2433619,9.91020207544816,5
2433628,9.852368420821636,9
2433634,9.897906829019538,6
2433636,9.969023895982902,2
2433650,9.693249233338213,14
2433659,9.832666144544381,9
2433671,9.734291913639883,12
2433678,9.881127680262848,7
2433686,9.854633972653989,8
2433692,9.903914872090619,6
2433699,9.872347749836177,7
2433705,9.89678312283447,6
2433711,9.910941206967161,6
2433712,10.0,1
2433717,9.916515923339892,5
2433729,9.7721343212836,12
2433730,10.0,1
2433747,9.609094765309944,17
2433758,9.784165312817164,11
2433759,9.99658111912851,1
2433768,9.809688967030999,9
2433773,9.929973803405538,5
2433781,9.83563563378695,8
2433796,9.713222775161407,15
2433808,9.74875399304762,12
2433809,10.0,1
2433812,9.95743410700787,3
2433824,9.726041695857704,12
2433830,9.9041173556638,6
2433833,9.947165299578405,3
2433845,9.757743012137992,12
2433852,9.8650838830013,7
2433853,10.0,1
2433865,9.759972924851297,12
2433871,9.89786172481739,6
2433888,9.614970866016026,17
2433896,9.82385855929667,8
2433912,9.589939699465779,16
2433915,9.959783655417503,3
2433925,9.778347487309608,10
2433938,9.715790932359827,13
2433954,9.620142790900381,16
2433955,10.0,1
2433957,9.970242978497636,2
2433961,9.944160147397193,4
2433974,9.71200382781797,13
2433981,9.884608396089337,7
2433989,9.835301462297444,8
2433998,9.838245213241823,9
2433999,10.0,1
2434005,9.890548249559647,6
2434007,9.985549204457504,2
2434022,9.649313954722995,15
2434029,9.88366832820856,7
2434036,9.883943004427145,7
2434037,9.993599602296594,1
2434047,9.786399302730349,10
2434052,9.912481635960061,5
2434061,9.839307994850115,9
2434077,9.696242068158874,16
2434084,9.851046943503693,7
2434093,9.84094188528596,9
2434105,9.763696042718609,12
2434115,9.676994110107664,10
2434123,9.846507943985443,8
2434131,9.884773229374073,8
2434138,9.869638056327952,7
2434151,9.715545935261197,13
2434159,9.854933006637228,8
2434165,9.90615001530269,6
2434174,9.829634559320457,9
2434180,9.881771827449885,6
2434186,9.897585674238682,6
2434195,9.844420747774272,9
2434218,9.466551441723611,23
2434240,9.561520368988806,22
2434249,9.82305698350254,9
2434259,9.798265263165506,10
2434274,9.660584845181772,15
2434285,9.803177004768484,11
2434286,9.988889059595548,1
2434305,9.648505863634323,19
2434318,9.745012705361123,13
2434322,9.937263239393399,4
2434336,9.666181098402433,14
2434346,9.758883803232733,10
2434357,9.774076520918785,11
2434358,10.0,1
2434366,9.828601652718556,8
2434367,10.0,1
2434376,9.82907816319726,9
2434388,9.77705059479384,12
2434390,9.977092410497821,2
2434400,9.766709572038968,10
2434404,9.944074777956518,4
2434405,10.0,1
2434408,9.955154142241305,3
2434415,9.87706644737477,7
2434423,9.845396227515367,8
2434430,9.870067231790719,7
2434433,9.967408815391632,3
2434447,9.691256096034468,14
2434469,9.472495297890166,22
2434475,9.897503254449637,6
2434485,9.789616665122148,10
2434493,9.850538751001455,8
2434500,9.874668559369415,7
2434520,9.520463017034372,20
2434525,9.914406899222614,5
2434540,9.65559208285367,15
2434550,9.786354783189408,10
2434560,9.79015679942022,10
2434572,9.748440018513493,12
2434574,9.972309824066684,2
2434587,9.718896079199457,13
2434597,9.797383372614492,10
2434608,9.748599343854607,11
2434609,10.0,1
2434610,10.0,1
2434622,9.711511351602478,12
2434623,10.0,1
2434629,9.882619708696108,6
2434639,9.826663447903398,10
2434648,9.838851726396879,9
2434649,10.0,1
2434654,9.927627448992613,5
2434665,9.769981935208364,11
2434674,9.808092553377907,9
2434691,9.384019059250837,17
2434692,9.992032568547893,1
2434696,9.942001160680732,4
2434703,9.86731579961762,7
2434713,9.812303852469855,10
2434722,9.82306525051471,9
2434723,9.996590395316298,1
2434725,9.968757291500632,2
2434726,10.0,1
2434732,9.88786331704544,6
2434740,9.858471437603558,8
2434754,9.703160841060757,14
2434773,9.58058193718565,19
2434782,9.818403981797331,9
2434796,9.677668051956456,14
2434797,10.0,1
2434806,9.848305814010754,9
2434815,9.851599333355011,9
2434827,9.739920317719246,12
2434832,9.924265585824065,5
2434842,9.777778992930378,10
2434849,9.876580130814013,7
2434863,9.71730556446153,14
2434875,9.742712941783747,12
2434880,9.925067525475466,5
2434881,9.989574879610537,1
2434897,9.6673982983063,16
2434903,9.885549585700137,6
2434914,9.802405260872916,11
2434922,9.850535712386117,8
2434932,9.768252935908402,10
2434941,9.811773742984991,9
2434953,9.748194759551351,12
2434958,9.916107831783075,5
2434967,9.817521084981726,9
2434970,9.956049961436554,3
2434976,9.899855846384842,6
2434984,9.83505033834109,8
2434992,9.836949308164218,8
2435003,9.810643454937173,11
2435004,10.0,1
2435016,9.741897152859751,12
2435020,9.94599434321281,4
2435028,9.862739638606673,8
2435041,9.715570952356641,13
2435054,9.690261810192698,13
2435064,9.783986474105296,10
2435073,9.83016218900018,9
2435084,9.772304562737249,11
2435091,9.862153983938407,7
2435099,9.851431490806016,8
2435100,10.0,1
2435113,9.758726196208148,13
2435122,9.817494680378866,9
2435143,9.57289591389986,21
2435153,9.843368029584468,10
2435154,10.0,1
2435161,9.885684875531684,7
2435165,9.940899558477229,4
2435179,9.687137382804803,14
2435192,9.73025299236523,13
2435203,9.77828714005488,11
2435211,9.866182807810574,8
2435222,9.780576284953522,11
2435232,9.81171883998366,10
2435260,9.478143066953702,28
2435269,9.830227731599857,9
2435270,9.996294829075373,1
2435285,9.66540976125065,15
2435286,10.0,1
2435301,9.65275629904115,15
2435311,9.791692993558279,10
2435315,9.936722086581133,4
2435327,9.761113262695323,12
2435337,9.824176452948098,10
2435360,9.320258631552676,23
2435368,9.859102530427384,8
2435381,9.74522227947879,13
2435387,9.902950082170548,6
2435393,9.888707138766593,6
2435408,9.681106560489228,15
2435419,9.786563535221445,11
2435428,9.839140220137903,9
2435432,9.928404274194317,4
2435448,9.67477235676701,16
2435460,9.747031979076624,12
2435470,9.812765438391331,10
2435478,9.85684716658413,8
2435485,9.866235736338933,7
2435497,9.738769803319256,12
2435517,9.61055977457891,20
2435526,9.715891194082358,9
2435537,9.811602604331139,11
2435551,9.677667963688025,14
2435569,9.570685666636615,18
2435570,9.99649724420358,1
2435576,9.895631385916971,6
2435581,9.922181837928298,5
2435601,9.580573361442134,20
2435610,9.797952562854755,9
2435618,9.89245041463599,8
2435635,9.64239872281657,17
2435644,9.812566299866283,9
2435658,9.69008531316448,14
2435661,9.961026140605789,3
2435669,9.842234240245372,8
2435673,9.936988374697288,4
2435678,9.935286502489253,5
2435690,9.747017740723619,12
2435704,9.679289133178344,14
2435717,9.719372458765708,13
2435724,9.890221057168699,7
2435732,9.870454830379604,8
2435747,9.707725563409628,15
2435760,9.737177101907376,13
2435772,9.752462266083663,12
2435787,9.677360613693114,15
2435801,9.724219751150958,14
2435808,9.878808159177183,7
2435816,9.85811038284286,8
2435826,9.812236717992212,10
2435834,9.841535932407595,8
2435840,9.89608639335858,6
2435850,9.790441573919674,10
2435858,9.873194939858992,8
2435869,9.840052206078594,11
2435884,9.66431129035837,15
2435897,9.714066869324077,13
2436090,6.501483612413519,193
2436099,9.796412434342045,9
2436102,9.968610038399389,3
2436114,9.733445751681778,12
2436121,9.867627854779888,7
2436125,9.939953521108889,4
2436136,9.748942016565163,11
2436141,9.910423018722874,5
2436148,9.881156949863222,7
2436160,9.726612228759997,12
2436173,9.712229568880165,13
2436183,9.800020525037114,10
2436198,9.68231568585794,15
2436205,9.860966713212356,7
2436208,9.960485417820108,3
2436220,9.788371068173388,12
2436224,9.94661312305079,4
2436225,9.987487908679828,1
2436236,9.740843009442404,11
2436241,9.933264709840966,5
2436258,9.638407212424383,17
2436272,9.674256023414594,14
2436273,10.0,1
2436284,9.755802814610544,11
2436291,9.862618247565132,7
2436302,9.75547126657972,11
2436306,9.945437742973445,4
2436314,9.870039773794833,8
2436315,10.0,1
2436316,9.992533131741391,1
2436321,9.919033147144692,5
2436330,9.83318554336467,9
2436347,9.38327595004294,17
2436354,9.856562035316257,7
2436365,9.732617448467385,11
2436375,9.835265079420733,10
2436392,9.623910232675614,17
2436394,9.97132602528656,2
2436402,9.850639094950711,8
2436403,10.0,1
2436422,9.565559251040579,19
2436436,9.376653368912297,14
2436446,9.838547858769823,10
2436464,9.552706255570847,18
2436471,9.872077188065813,7
2436474,9.96431666144347,3
2436479,9.917651330857545,5
2436493,9.680130721889668,14
2436496,9.954477955636737,3
2436509,9.771041056814264,13
2436523,9.709648271202687,14
2436524,10.0,1
2436525,10.0,1
2436538,9.700051702998415,13
2436545,9.867370463143994,7
2436550,9.915363925104979,5
2436554,9.940376542321184,4
2436566,9.73832353681979,12
2436577,9.763539393220565,11
2436588,9.755494004607927,11
2436598,9.815615589337957,10
2436609,9.813711291233385,11
2436618,9.845206039012877,9
2436624,9.897104238253428,6
2436632,9.835563096894887,8
2436645,9.71116135108841,13
2436656,9.768017506008396,11
2436668,9.760166248960802,12
2436675,9.891743536431246,7
2436676,10.0,1
2436687,9.776711968571933,11
2436694,9.869889882411266,7
2436705,9.756108319574642,11
2436708,9.95635613060807,3
2436713,9.916814494422383,5
2436720,9.768903415517384,7
2436735,9.701450325039291,15
2436736,10.0,1
2436746,9.777371407315934,10
2436761,9.681786573790342,15
2436771,9.778519765964525,10
2436785,9.682392192603778,14
2436793,9.818042229700378,8
2436795,9.976291253680682,2
2436805,9.800061940043463,10
2436809,9.948796906176645,4
2436810,10.0,1
2436829,9.621975132734779,19
2436835,9.898796957279295,6
2436841,9.887143452875486,6
2436858,9.615526874342383,17
2436871,9.719890387357081,13
2436885,9.720114693941227,14
2436886,10.0,1
2436887,9.988359478587379,1
2436894,9.868218112616605,7
2436898,9.94864208968661,4
2436914,9.641799456074128,16
2436924,9.787799781432927,10
2436938,9.724495357419034,14
2436943,9.917991448507065,5
2436962,9.59098055932018,19
2436970,9.864337096657746,8
2436972,9.976828926868828,2
2436973,10.0,1
2436979,9.871583425246044,6
2436992,9.731256156072291,13
2436997,9.92163432752363,5
2437003,9.887398078449662,6
2437013,9.818518895102764,10
2437027,9.712286581937535,14
2437033,9.898979936080014,6
2437045,9.764807126508519,12
2437051,9.877301637447731,6
2437166,6.802321500868258,115
2437173,9.863641396284166,7
2437180,9.873108769646173,7
2437185,9.912538825321002,5
2437199,9.683405224715974,14
2437202,9.864923763167443,3
2437216,9.705261628083283,14
2437218,9.977590486881667,2
2437222,9.939393337165026,4
2437236,9.696603067916337,14
2437244,9.839299276629381,8
2437252,9.86200718470313,8
2437261,9.80134351590834,9
2437270,9.819988832644897,9
2437283,9.714597264145949,13
2437296,9.718505624335164,13
2437314,9.604365413599687,18
2437321,9.866820581097622,7
2437322,9.995931895320712,1
2437328,9.899646155318159,6
2437335,9.876287280673093,7
2437345,9.792032634036216,10
2437346,9.988269499011983,1
2437362,9.655670976296367,16
2437374,9.733120879049991,12
2437375,9.996297839605853,1
2437380,9.917992061373475,5
2437381,10.0,1
2437400,9.557027684938888,19
2437406,9.799091459578,6
2437410,9.94572096709752,4
2437415,9.911788184121358,5
2437419,9.941740146142017,4
2437420,9.988541582590427,1
2437448,9.336316616442755,28
2437459,9.757712384236907,11
2437460,9.989185525190246,1
2437467,9.858687069502626,7
2437475,9.868760110714685,8
2437478,9.963225406813216,3
2437484,9.878845642335355,6
2437500,9.601685643916744,16
2437508,9.83134778746028,8
2437515,9.866882443910226,7
2437530,9.67342788383214,15
2437538,9.848697319877585,8
2437539,9.989163223542402,1
2437551,9.732972210017314,12
2437552,10.0,1
2437554,9.97555860064259,2
2437561,9.873893126897924,7
2437570,9.83975118409274,9
2437580,9.771258067365999,10
2437582,9.97539975625269,2
2437584,9.974237268399486,2
2437593,9.818168100882682,9
2437605,9.765023901275528,12
2437616,9.794181244616249,11
2437626,9.824773649488343,10
2437638,9.762816826911465,12
2437647,9.841361847850065,9
2437658,9.780222096475018,11
2437667,9.839256013923217,9
2437683,9.707042710380925,16
2437695,9.749738893541638,12
2437696,10.0,1
2437707,9.755191803345665,11
2437715,9.865642649335268,8
2437722,9.87281533534397,7
2437731,9.810484128379281,9
2437738,9.859632347618058,7
2437747,9.830770310930006,9
2437752,9.912322213075846,5
2437759,9.873899959519607,7
2437767,9.865611444529662,8
2437783,9.618496410374469,16
2437792,9.8032746555374,9
2437808,9.65930655987343,16
2437815,9.880636708837505,7
2437822,9.891642985623877,7
2437833,9.773203075847977,11
2437861,9.221108339396396,28
2437862,9.99296017601561,1
2437872,9.790176415307378,10
2437879,9.854166933974314,7
2437890,9.782759167001558,11
2437898,9.852418554853768,8
2437917,9.558373682404028,19
2437926,9.789090263998373,9
2437942,9.672205933062038,16
2437957,9.663384374776903,15
2437966,9.827639613163191,9
2437977,9.753403630810805,11
2437984,9.8801396836403,7
2437991,9.872267091359697,7
2438004,9.689030215733991,13
2438014,9.779662826107918,10
2438022,9.858411203726007,8
2438025,9.952387711830042,3
2438029,9.944964388991233,4
2438041,9.725228068671283,12
2438050,9.814980765014367,9
2438051,10.0,1
2438061,9.78467827049863,10
2438065,9.94709645805487,4
2438073,9.844274803375763,8
2438078,9.91825961379437,5
2438091,9.734397567913858,13
2438093,9.970787285671726,2
2438104,9.786346891696448,11
2438111,9.875906116758541,7
2438123,9.727657746142505,12
2438126,9.952432206834228,3
2438132,9.886411523213255,6
2438133,9.988480813772668,1
2438141,9.848498806188305,8
2438151,9.781468989533835,10
2438161,9.774153109414447,10
2438184,9.508319339856856,23
2438198,9.58129063446578,14
2438205,9.871867026791389,7
2438219,9.67858074413233,14
2438220,9.992279713466303,1
2438225,9.93727974822581,5
2438228,9.944440106461926,3
2438236,9.845883169688303,8
2438240,9.945103019809634,4
2438253,9.697844895588744,13
2438258,9.905815956955253,5
2438270,9.744342575932231,12
2438285,9.676989587728556,15
2438296,9.773294085611115,11
2438300,9.947916369152551,4
2438305,9.92805598514434,5
2438321,9.662475444777847,16
2438322,10.0,1
2438334,9.727110189167808,12
2438337,9.96469831239339,3
2438339,9.967999923161129,2
2438345,9.913341286795932,6
2438355,9.782371602309766,10
2438365,9.79630762916749,10
2438374,9.842585034399399,9
2438388,9.68387264473976,14
2438398,9.797677312083456,10
2438420,9.400841159672124,22
2438421,10.0,1
2438422,10.0,1
2438430,9.843254633679223,8
2438439,9.838490973736743,9
2438459,9.63764386640765,20
2438465,9.88892877643299,6
2438483,9.621248641263664,18
2438494,9.76835371194332,11
2438502,9.855440488963257,8
2438505,9.957458996981167,3
2438507,9.984300864452102,2
2438514,9.873850948861742,7
2438517,9.970531807038634,3
2438529,9.74874087388696,12
2438532,9.959232368770717,3
2438535,9.963370029906427,3
2438536,10.0,1
2438544,9.83832944983997,8
2438548,9.928345779952009,4
2438557,9.821943290311092,9
2438573,9.693886660939345,16
2438582,9.831656410693947,9
2438588,9.912802998858641,6
2438600,9.798546709241213,12
2438611,9.780399687008035,11
2438622,9.766345043714079,11
2438629,9.86312744018113,7
2438630,10.0,1
2438638,9.756166123682757,8
2438649,9.765160923879215,11
2438664,9.68494043960013,15
2438670,9.903050311693331,6
2438679,9.827832088459708,9
2438684,9.935895531366423,5
2438691,9.878836740863077,7
2438699,9.834339584266614,8
2438708,9.795019190245796,9
2438711,9.967830286905096,3
2438727,9.641838555779671,16
2438745,9.648152869867424,18
2438753,9.852996276664866,8
2438766,9.725431230582641,13
2438771,9.9158904344848,5
2438783,9.766828561290522,12
2438796,9.731566495379123,13
2438815,9.628760890623226,19
2438820,9.924329212546505,5
2438826,9.893479771506348,6
2438844,9.556787714334366,18
2438857,9.704153801920498,13
2438868,9.800904405303086,11
2438875,9.884154741123323,7
2438886,9.754901529291997,11
2438893,9.866856698319271,7
2438902,9.842076931746034,9
2438909,9.885221436295367,7
2438915,9.890612994908608,6
2438924,9.803332692389237,9
2438929,9.925041660551434,5
2438933,9.946476814613732,4
2438941,9.864991739853618,8
2438942,10.0,1
2438951,9.816011666659238,9
2438962,9.559556100865814,11
2438965,9.967960608738084,3
2438974,9.85294755286112,9
2438975,10.0,1
2438988,9.730192671750157,13
2438997,9.802617810457916,9
2439008,9.74582206869981,11
2439009,10.0,1
2439015,9.896547235274843,6
2439018,9.961947843621942,3
2439022,9.941298635532537,4
2439031,9.818670995074182,9
2439046,9.666405744358094,15
2439053,9.867339320277472,7
2439061,9.831357114652961,8
2439064,9.968216322941752,3
2439076,9.735653108560788,12
2439087,9.7609286856383,11
2439094,9.850792828664725,7
2439099,9.918530820679992,5
2439106,9.871960922915807,7
2439109,9.664125598672204,3
2439120,9.761598526788202,11
2439136,9.603028209116642,16
2439137,10.0,1
2439151,9.69256683649364,14
2439164,9.704983712990384,13
2439180,9.642290659704113,16
2439190,9.7906648164181,10
2439198,9.837777099737181,8
2439207,9.808815295092092,9
2439217,9.781444661349981,10
2439220,9.95521693729893,3
2439231,9.74851546562493,11
2439240,9.854398092798707,9
2439250,9.789258038104213,10
2439254,9.947591714691802,4
2439261,9.867691133959676,7
2439270,9.835738584931113,9
2439276,9.887714684540855,6
2439289,9.690583606071332,13
2439297,9.839560846399413,8
2439314,9.68633032535366,17
2439324,9.81710639008961,10
2439327,9.971340713506732,3
2439331,9.926111071743906,4
2439340,9.83911490049041,9
2439349,9.833762952583218,9
2439353,9.938840594303857,4
2439361,9.830747880165548,8
2439376,9.661740369443487,15
2439385,9.802463858651759,9
2439386,10.0,1
2439396,9.767865390623303,10
2439405,9.805507791492618,9
2439408,9.956937414662045,3
2439409,10.0,1
2439413,9.943784749564111,4
2439421,9.85817779637461,8
2439432,9.755018297036797,11
2439440,9.717521543568887,8
2439452,9.72972876284004,12
2439457,9.925318035298512,5
2439460,9.968436265340207,3
2439469,9.821692917837474,9
2439479,9.780846690668199,10
2439494,9.684928820056047,15
2439495,10.0,1
2439506,9.807536361614437,11
2439507,9.987364839701808,1
2439512,9.920755037625467,5
2439525,9.714408426405829,13
2439528,9.956144318742881,3
2439541,9.686902273235152,13
2439547,9.888634810696061,6
2439555,9.83136977126082,8
2439566,9.769027229591805,11
2439571,9.91617245809622,5
2439576,9.911411878284525,5
2439578,9.97964543860341,2
2439582,9.938759444834186,4
2439589,9.885860449731036,7
2439594,9.919019626048344,5
2439600,9.900829570510636,6
2439604,9.833317865193413,4
2439618,9.717910788728407,14
2439632,9.685518034693304,14
2439638,9.907949340714353,6
2439659,9.550199357511978,21
2439670,9.758778967868437,11
2439676,9.90643219625251,6
2439686,9.763025263923067,10
2439700,9.730376523136231,14
2439714,9.581639659429895,14
2439715,10.0,1
2439720,9.904057470622677,5
2439729,9.847399458161489,9
2439736,9.876485592611505,7
2439748,9.738152413275062,12
2439749,9.989271058695463,1
2439759,9.804245207184215,10
2439769,9.777461896685862,10
2439781,9.733991050189427,12
2439791,9.81455960067033,10
2439799,9.833830678001256,8
2439813,9.66282716097312,14
2439823,9.81752663179092,10
2439834,9.791051684524513,11
2439835,9.992275751375248,1
2439842,9.873630292929175,7
2439856,9.673785054640387,14
2439860,9.945236769621996,4
2439869,9.841412734378308,9
2439889,9.565472913511703,20
2439890,10.0,1
2439900,9.781941866684125,10
2439909,9.80234921740144,9
2439911,9.980440720923822,2
2439912,10.0,1
2439917,9.813242091331828,5
2439927,9.776527669663023,10
2439929,9.970802088916457,2
2439941,9.773570259438289,12
2439953,9.733499966335177,12
2439961,9.82541618484255,8
2439970,9.817966552444798,9
2439980,9.813810628060962,10
2439994,9.70778817791247,14
2439996,9.976932707309476,2
2440007,9.813998585574948,11
2440008,10.0,1
2440015,9.868033405276448,7
2440019,9.940494998472566,4
2440030,9.826229484855949,11
2440043,9.688867531001563,13
2440058,9.668936639781622,15
2440064,9.913604476301618,6
2440075,9.83751469352912,11
2440085,9.792645975531615,10
2440092,9.875793717856938,7
2440098,9.89774452567527,6
2440104,9.91374651293887,6
2440119,9.714034679618539,15
2440130,9.791039918959441,11
2440132,9.976689685615964,2
2440141,9.794691557185356,9
2440151,9.78616281959216,10
2440154,9.963070346211845,3
2440167,9.753469226312053,13
2440168,9.996535587292204,1
2440174,9.90466724424423,6
2440185,9.796554495644832,11
2440194,9.846874783589042,9
2440201,9.86121697778031,7
2440209,9.870934895742987,8
2440212,9.956464469119947,3
2440215,9.956316634600794,3
2440226,9.761188942345528,11
2440227,10.0,1
2440237,9.780493699624827,10
2440244,9.878030485266097,7
2440251,9.874524906476264,7
2440259,9.827994662643533,8
2440268,9.805716971248804,9
2440285,9.594853854644107,17
2440296,9.590494246507463,11
2440307,9.764154507715045,11
2440326,9.540895249813563,19
2440334,9.869955161834724,8
2440339,9.924993973850379,5
2440352,9.726049454626805,13
2440356,9.93525229956173,4
2440373,9.677324923941566,17
2440385,9.751463947139838,12
2440390,9.91928929605213,5
2440395,9.909834953787517,5
2440407,9.763310259164362,12
2440412,9.909982674524429,5
2440427,9.671979089098913,15
2440436,9.81746692188343,9
2440447,9.849367006705483,11
2440453,9.882700099619477,6
2440456,9.968997835320197,3
2440460,9.845972399036981,4
2440478,9.553210774546836,18
2440492,9.764530761391706,14
2440496,9.937064659680662,4
2440497,10.0,1
2440498,10.0,1
2440502,9.932092264451834,4
2440517,9.717132394500632,15
2440524,9.882906164691628,7
2440536,9.736943288802285,12
2440553,9.547525392345637,17
2440554,10.0,1
2440559,9.91553327199578,5
2440571,9.744293518233071,12
2440581,9.805723626683617,10
2440584,9.945413579681599,3
2440594,9.787057951845698,10
2440609,9.683228250289064,15
2440611,9.969523076742107,2
2440627,9.631195760557821,16
2440631,9.936128226569318,4
2440637,9.88810926415518,6
2440651,9.755211343220818,14
2440657,9.887483716384237,6
2440659,9.974728583269377,2
2440669,9.801923482841536,10
2440701,9.14190164808963,32
2440707,9.885138487552673,6
2440720,9.71278475788122,13
2440729,9.815933214121513,9
2440738,9.812295317572662,9
2440744,9.87251211441631,6
2440755,9.76777760154838,11
2440764,9.808703161428229,9
2440777,9.492173578256917,13
2440780,9.957096031619422,3
2440794,9.654289975389602,14
2440809,9.659087995505834,15
2440818,9.828102599243493,9
2440824,9.892515552987092,6
2440838,9.67543653415384,14
2440852,9.777713400100298,14
2440858,9.892842205987222,6
2440859,10.0,1
2440862,9.96041302460166,3
2440872,9.810445923769164,10
2440888,9.621151414040845,16
2440894,9.90974553733917,6
2440903,9.808445782881972,9
2440904,9.991422680803803,1
2440913,9.858174165829759,9
2440923,9.7945932820606,10
2440936,9.705098936774636,13
2440941,9.917291598023741,5
2440959,9.686279635174994,18
2440967,9.861674862720433,8
2440981,9.682235964952241,14
2440989,9.845653601295302,8
2441011,9.480102978568855,22
2441023,9.72212432727121,12
2441034,9.758611018887906,11
2441043,9.830445428642268,9
2441049,9.912312645506887,6
2441061,9.747919668436166,12
2441077,9.645059470924021,16
2441087,9.810615235809001,10
2441094,9.8693178667637,7
2441101,9.861836003596823,7
2441116,9.45616620879223,15
2441121,9.906994235623555,5
2441129,9.829459886770925,8
2441135,9.904614301414924,6
2441136,10.0,1
2441146,9.815714521615588,10
2441147,10.0,1
2441151,9.930254499946614,4
2441161,9.585902770692567,10
2441167,9.885907196162993,6
2441172,9.927880457204614,5
2441179,9.88576921698175,7
2441206,9.357777214816789,27
2441224,9.49819269112225,18
2441232,9.848505320831064,8
2441236,9.949319581867584,4
2441237,10.0,1
2441244,9.896812859006126,7
2441255,9.75482333094042,11
2441263,9.848367088659126,8
2441272,9.821369813618833,9
2441278,9.898060409847787,6
2441290,9.747939037662404,12
2441307,9.616246685131582,17
2441316,9.848959003797045,9
2441323,9.844749184648085,7
2441335,9.76755401229813,12
2441344,9.805116699028028,9
2441353,9.842012934560865,9
2441354,10.0,1
2441364,9.819877157077253,10
2441365,10.0,1
2441375,9.777205429675998,10
2441387,9.72679294107528,12
2441400,9.736639072585296,13
2441415,9.613391184368899,15
2441424,9.860599396173075,9
2441425,10.0,1
2441439,9.718280370847104,14
2441440,9.99180954252152,1
2441448,9.820496772637867,8
2441457,9.846783516755444,9
2441464,9.878642336875364,7
2441474,9.822158384852774,10
2441484,9.78435386844082,10
2441494,9.810971916841247,10
2441497,9.962604650199193,3
2441505,9.836128730449662,8
2441516,9.757247222137448,11
2441522,9.9077819679574,6
2441532,9.775369648433694,10
2441545,9.708236849342406,13
2441547,9.979317761220642,2
2441554,9.866919331171811,7
2441564,9.78584232261104,10
2441565,9.996147517922548,1
2441574,9.809372151495413,9
2441575,10.0,1
2441585,9.775203481239394,10
2441599,9.68618685175037,14
2441617,9.65815082389145,18
2441627,9.78663833690229,10
2441636,9.818443699510894,9
2441640,9.952382751799341,4
2441653,9.728288729239816,13
2441661,9.847813057604704,8
2441664,9.959523906530924,3
2441676,9.728602114558033,12
2441682,9.885318146500806,6
2441690,9.817063261770192,8
2441696,9.884659891288397,6
2441701,9.913274335255897,5
2441712,9.735978775644568,11
2441716,9.93275541343123,4
2441736,9.558814057626307,20
2441742,9.890918259915022,6
2441757,9.670233331280533,15
2441760,9.969117588739804,3
2441761,10.0,1
2441762,10.0,1
2441768,9.889760721486843,6
2441780,9.731402167546278,12
2441800,9.580294815200597,20
2441804,9.928413567028786,4
2441819,9.596025135215585,15
2441821,9.978327052985971,2
2441827,9.883112639352051,6
2441831,9.952837534749818,4
2441841,9.790157138883735,10
2441846,9.922312912238286,5
2441856,9.783133995203269,10
2441866,9.782631343043278,10
2441876,9.799483719532635,10
2441892,9.593685271661691,16
2441904,9.757838937702852,12
2441921,8.891171043326782,17
2441927,9.902232661280406,6
2441937,9.77832048744495,10
2441938,10.0,1
2441947,9.80945794304746,9
2441956,9.819596296350928,9
2441972,9.629149492543005,16
2441981,9.855432326289945,9
2441994,9.747627103473295,13
2442005,9.78623885046667,11
2442009,9.930020003841916,4
2442019,9.776681214596683,10
2442024,9.909255024591458,5
2442036,9.752763529840918,12
2442050,9.73912732815095,14
2442055,9.938678068763615,5
2442067,9.722102529888744,12
2442068,9.989081657492468,1
2442080,9.722492113852839,12
2442115,9.310267145970867,35
2442126,9.749649955790716,11
2442132,9.919205234218687,6
2442135,9.964977430963538,3
2442146,9.787037753742968,11
2442147,10.0,1
2442153,9.888947862701125,6
2442159,9.882709231869233,6
2442168,9.797783864944863,9
2442171,9.950924786420442,3
2442178,9.86234763136331,7
2442183,9.913702116206785,5
2442189,9.902454295059986,6
2442204,9.647117789088647,15
2442215,9.795985993325285,11
2442227,9.765843534935636,12
2442233,9.883142727838715,6
2442245,9.73628653987665,12
2442256,9.7695920717376,11
2442270,9.672104284086569,14
2442272,9.98304501086969,2
2442288,9.528441529834177,16
2442296,9.869301883595309,8
2442303,9.866490324839294,7
2442305,9.970991608031817,2
2442320,9.479030209721845,15
2442338,9.596836422390743,18
2442345,9.86736682389087,7
2442356,9.762675262888637,11
2442364,9.85325771309099,8
2442369,9.927962857013762,5
2442378,9.811770580842927,9
2442381,9.955857989363986,3
2442386,9.922338060711649,5
2442398,9.458455998093724,12
2442399,10.0,1
2442400,10.0,1
2442408,9.856338657702286,8
2442417,9.839724392887922,9
2442424,9.877943794897561,7
2442435,9.771152541653215,11
2442441,9.896619085663843,6
2442445,9.919986630285239,4
2442449,9.941513294037259,4
2442463,9.659027867401194,14
2442474,9.767746715878557,11
2442485,9.785190818700487,11
2442496,9.793347251203986,11
2442504,9.8524792543194,8
2442507,9.952726710693616,3
2442518,9.782260601376318,11
2442533,9.705248153940927,15
2442540,9.851169976554718,7
2442543,9.957186485202337,3
2442558,9.667252157177224,15
2442562,9.925673043482064,4
2442569,9.767017888289173,7
2442576,9.866846945286687,7
2442588,9.750756497986144,12
2442593,9.811376930377923,5
2442605,9.71331479489628,12
2442613,9.847743482148651,8
2442614,10.0,1
2442622,9.875967256272101,8
2442635,9.7030119982822,13
2442646,9.746388004555765,11
2442648,9.976106750142055,2
2442670,9.538817488566952,22
2442679,9.819499978286606,9
2442682,9.953340153167824,3
2442688,9.911189089352465,6
2442701,9.69584060811352,13
2442710,9.750015508586662,9
2442718,9.821297255867174,8
2442719,10.0,1
2442724,9.910198632398727,5
2442735,9.806090824443089,11
2442737,9.98003635983285,2
2442749,9.727089565442713,12
2442760,9.771207137813967,11
2442763,9.945318978723922,3
2442764,10.0,1
2442773,9.804520184351176,9
2442774,10.0,1
2442783,9.817792653836362,9
2442789,9.905144937402643,6
2442794,9.915326423293095,5
2442800,9.915084253865972,6
2442803,9.964502716171342,3
2442809,9.880901343566844,6
2442820,9.820408403148281,11
2442826,9.90641327363356,6
2442828,9.970875082700472,2
2442832,9.939491486581566,4
2442846,9.006617287779,14
2442850,9.928792864256666,4
2442863,9.710351655941412,13
2442865,9.986749977296958,2
2442873,9.852356918947136,8
2442886,9.72044144678022,13
2442904,9.579983319805864,18
2442907,9.955568172417786,3
2442909,9.978287925643148,2
2442913,9.936797492570069,4
2442923,9.796101758677787,10
2442928,9.918713713848872,5
2442932,9.937353335790002,4
2442946,9.692697420582554,14
2442954,9.845456056055458,8
2442964,9.788441920630506,10
2442979,9.706580243773542,15
2442982,9.948355176356241,3
2442989,9.863881005108484,7
2442993,9.943403057547533,4
2443005,9.728217594277812,12
2443015,9.758848055536637,10
2443020,9.915576842397135,5
2443036,9.477469631647027,16
2443037,10.0,1
2443047,9.803683718479473,10
2443058,9.791765372321832,11
2443070,9.766337118453274,12
2443081,9.763573847987574,11
2443092,9.751015110053645,11
2443101,9.843849950128936,9
2443116,9.670268049175936,15
2443125,9.825926468095954,9
2443132,9.86864893004315,7
2443144,9.734960784931642,12
2443158,9.715111469435959,14
2443161,9.964296317271415,3
2443172,9.777903917183103,11
2443173,10.0,1
2443186,9.69804237525941,13
2443198,9.718814821538581,12
2443199,10.0,1
2443214,9.640628088258492,15
2443227,9.70713655305641,13
2443236,9.825674877070712,9
2443244,9.843741131833374,8
2443258,9.6891082971164,14
2443265,9.849197884077812,7
2443279,9.689388755979596,14
2443283,9.952617523415816,4
2443286,9.95833358276589,3
2443290,9.933128354085111,4
2443295,9.9111622526773,5
2443301,9.904188302774305,6
2443306,9.916489755923733,5
2443314,9.85350130527593,8
2443324,9.739456961995057,10
2443343,9.562201982589118,19
2443352,9.816183866126355,9
2443364,9.775765105303746,12
2443376,9.551164822895528,12
2443384,9.818974104465683,8
2443393,9.791968198094674,9
2443401,9.868755645848033,8
2443417,9.648757473576556,16
2443422,9.934834603294787,5
2443432,9.795135665821821,10
2443438,9.896467975549536,6
2443442,9.934957603009991,4
2443446,9.934910756106156,4
2443457,9.66565734937854,11
2443461,9.927276947514386,4
2443462,9.996398041690073,1
2443473,9.786013257557226,11
2443475,9.977369401700205,2
2443482,9.876661558092776,7
2443495,9.723000509740887,13
2443500,9.901817415810157,5
2443503,9.958133291172206,3
2443516,9.694323449944731,13
2443526,9.775987774584205,10
2443538,9.717758699173364,12
2443539,10.0,1
2443551,9.724620782283207,12
2443556,9.903338245229499,5
2443559,9.954880560517823,3
2443568,9.80201119082707,9
2443578,9.816470516792808,10
2443579,10.0,1
2443593,9.655120305790996,14
2443599,9.89513039840652,6
2443619,9.612512141108514,20
2443624,9.919066590202522,5
2443635,9.772096082100509,11
2443642,9.848972994480123,7
2443643,10.0,1
2443644,10.0,1
2443657,9.766578394547254,13
2443683,9.480278064249879,26
2443688,9.930897004005008,5
2443697,9.827198677512015,9
2443707,9.78591307466583,10
2443715,9.846741741859471,8
2443732,9.622862603649672,17
2443737,9.933014093430712,5
2443751,9.679103956540851,14
2443758,9.877121245456065,7
2443765,9.88767109971846,7
2443772,9.879983067838996,7
2443778,9.898913373064987,6
2443779,10.0,1
2443789,9.794935764802704,10
2443794,9.91543455979473,5
2443799,9.923514523466528,5
2443800,10.0,1
2443804,9.932207015803684,4
2443806,9.981603083405336,2
2443817,9.772912402183422,11
2443836,9.594981891556658,19
2443837,10.0,1
2443845,9.84429058059396,8
2443855,9.80699575103772,10
2443862,9.84815460804213,7
2443869,9.874352868879882,7
2443881,9.72207779581387,12
2443887,9.88585304540272,6
2443894,9.869065001667368,7
2443903,9.843561104006836,9
2443917,9.661822237528696,14
2443918,9.996350705403454,1
2443929,9.750150469473807,11
2443934,9.915698524192166,5
2443947,9.735261707235589,13
2443955,9.858627962679217,8
2443960,9.902214987428517,5
2443977,9.616565256143375,17
2443978,10.0,1
2443989,9.770120090959672,11
2443990,10.0,1
2443998,9.821817255802024,8
2443999,10.0,1
2444007,9.867387419192129,8
2444008,10.0,1
2444024,9.632185093252318,16
2444036,9.748912311172319,12
2444054,9.611734271224915,18
2444059,9.915013383480755,5
2444074,9.667194581979127,15
2444090,9.62831181059623,16
2444099,9.824010113581158,9
2444114,9.641516869137256,15
2444121,9.865854159046048,7
2444132,9.777521611977727,11
2444146,9.695902516015154,14
2444149,9.956290009244459,3
2444153,9.935547940839156,4
2444154,10.0,1
2444162,9.878038271536319,8
2444169,9.87850272531799,7
2444173,9.948817425082314,4
2444673,-205.33076609240734,500
2444676,9.96268517109024,3
2444689,9.731049802754246,13
2444709,9.321504484145404,20
2444710,10.0,1
2444724,9.68357768371654,14
2444731,9.878991798974894,7
2444744,9.721746740199393,13
2444755,9.795446395284252,11
2444763,9.841063032227797,8
2444774,9.758785263082792,11
2444784,9.830951209678492,10
2444791,9.882297322156319,7
2444799,9.839357194564796,8
2444807,9.868622584656727,8
2444811,9.948225532904859,4
2444833,9.517334649670781,22
2444839,9.901013373288677,6
2444840,10.0,1
2444846,9.907728490503565,6
2444847,10.0,1
2444856,9.83308070252627,9
2444861,9.910206298020041,5
2444874,9.734575907787383,13
2444880,9.895128797642316,6
2444892,9.797542127808208,12
2444896,9.946711101841105,4
2444897,10.0,1
2444910,9.76260678790533,13
2444920,9.783588430954067,10
2444929,9.83154801880746,9
2444933,9.933908560929321,4
2444950,9.656057179997266,17
2444959,9.82007948692889,9
2444960,10.0,1
2444970,9.787256111343515,10
2444981,9.74226325444105,11
2444989,9.846584753687056,8
2445004,9.723491437105363,15
2445015,9.791752716620453,11
2445022,9.872011471787266,7
2445036,9.721474903625888,14
2445051,9.678465689678193,15
2445054,9.948142211356657,3
2445055,10.0,1
2445059,9.93114161455374,4
2445062,9.966453598511173,3
2445075,9.72466572631542,13
2445076,10.0,1
2445089,9.68705125642096,13
2445096,9.76753067552882,7
2445105,9.83087655458041,9
2445118,9.759478484950531,13
2445133,9.65962693481742,15
2445148,9.58718979795251,15
2445149,9.98946091196626,1
2445159,9.833101070972697,10
2445171,9.713399952573834,12
2445172,10.0,1
2445183,9.762959757353855,11
2445187,9.938631803770004,4
2445197,9.790563676583423,10
2445209,9.766311052752886,12
2445216,9.861238105136314,7
2445223,9.854010731238906,7
2445228,9.91979467930725,5
2445229,10.0,1
2445237,9.83469746858979,8
2445249,9.556118205564418,12
2445250,10.0,1
2445265,9.682278150125947,15
2445269,9.936386237580136,4
2445275,9.901890008019798,6
2445286,9.764490986132918,11
2445290,9.951012343604232,4
2445291,10.0,1
2445298,9.669714537536931,7
2445310,9.779613865546695,12
2445322,9.759169210877292,12
2445332,9.79296053265996,10
2445344,9.772284107795775,12
2445356,9.739795662122148,12
2445369,9.740786000774541,13
2445377,9.849735212871984,8
2445378,10.0,1
2445388,9.83732109806228,10
2445393,9.916618590414616,5
2445407,9.713908702858362,14
2445408,9.996617566440271,1
2445426,9.637418329325634,18
2445434,9.82833473196483,8
2445449,9.655611441564782,15
2445456,9.851367413807804,7
2445468,9.712900587993323,12
2445479,9.764388055670695,11
2445488,9.854033905336344,9
2445498,9.782993348800604,10
2445501,9.95613279639413,3
2445512,9.768246792357132,11
2445524,9.721660750789184,12
2445533,9.825965536341727,9
2445534,10.0,1
2445539,9.92429719333787,5
2445552,9.619960404881953,13
2445560,9.83538477320134,8
2445566,9.87508029075503,6
2445570,9.942888753533847,4
2445580,9.801486253516819,10
2445597,9.63785344972076,17
2445598,9.996641066643354,1
2445614,9.66674199224714,16
2445620,9.91278854705124,6
2445621,10.0,1
2445632,9.734847664437211,11
2445643,9.771932486845479,11
2445653,9.830403475682676,10
2445657,9.93202336201626,4
2445663,9.899513441244219,6
2445670,9.864948290260372,7
2445680,9.803125769780642,10
2445687,9.858690021919447,7
2445701,9.727550051956973,14
2445712,9.762144731512416,11
2445721,9.81784204009183,9
2445734,9.724099306662843,13
2445748,9.74193218745038,14
2445759,9.771878556840099,11
2445764,9.923146653729109,5
2445770,9.902773068995105,6
2445771,9.98920358944381,1
2445777,9.896274169578499,6
2445779,9.985345616740263,2
2445785,9.90165862592705,6
2445797,9.739833883515624,12
2445804,9.86410056694853,7
2445813,9.820394398836392,9
2445825,9.735375645428714,12
2445841,9.664040831959488,16
2445842,10.0,1
2445843,10.0,1
2445852,9.82696016238769,9
2445860,9.86471445771794,8
2445868,9.8309276449461,8
2445881,9.733834097662681,13
2445895,9.694300001754105,14
2445916,9.293088689400426,21
2445930,9.692232961334295,14
2445931,9.987998166644703,1
2445939,9.827561699499315,8
2445945,9.902442743935957,6
2445946,10.0,1
2445950,9.949082318295122,4
2445954,9.954131469281991,4
2445962,9.85385814290379,8
2445967,9.9243745538974,5
2445978,9.777285661982866,11
2445988,9.80549486590686,10
2445998,9.788779959750178,10
2446014,9.651641434099533,16
2446022,9.821519318987349,8
2446032,9.796269028707911,10
2446050,9.57796660236661,18
2446051,10.0,1
2446054,9.953269897975748,3
2446063,9.8383592042686,9
2446067,9.939049501694896,4
2446076,9.866226410803153,9
2446079,9.752895246149075,3
2446087,9.861523898455117,8
2446097,9.762787544969768,10
2446109,9.749880204327331,12
2446121,9.724880923000889,12
2446130,9.806025338655571,9
2446131,10.0,1
2446139,9.860377109549631,8
2446150,9.782411491027604,11
2446163,9.72366815379359,13
2446175,9.754067621636354,12
2446181,9.88893141514338,6
2446187,9.899442111815548,6
2446201,9.715916549942452,14
2446209,9.834374868891697,8
2446223,9.684467259983249,14
2446225,9.977577615644082,2
2446230,9.904273259520751,5
2446237,9.849308215059938,7
2446241,9.947503926725924,4
2446248,9.883617792883225,7
2446256,9.830315917464027,8
2446260,9.941806460444914,4
2446261,9.992760465554019,1
2446264,9.944197657301986,3
2446271,9.874261050417623,7
2446282,9.760423591379762,11
2446300,9.394409676004793,18
2446301,9.996611502428369,1
2446310,9.805343134490936,9
2446311,9.996058878411697,1
2446315,9.934878468326357,4
2446328,9.723980580584314,13
2446330,9.974105698983768,2
2446331,10.0,1
2446348,9.65459125120781,17
2446360,9.766418514890571,12
2446371,9.77284776858856,11
2446381,9.797313861157152,10
2446388,9.870692693353792,7
2446405,9.616627217589098,17
2446431,9.37283052337709,26
2446437,9.907046357920859,6
2446449,9.763534399952372,12
2446460,9.745495997550439,11
2446473,9.749831237933995,13
2446481,9.862539034353349,8
2446491,9.812987062718735,10
2446509,9.589244341139178,18
2446521,9.723569622228917,12
2446525,9.94272969163175,4
2446529,9.944051701696981,4
2446537,9.845334952850008,8
2446546,9.82185642794341,9
2446548,9.969602251589608,2
2446558,9.805315957945886,10
2446568,9.792322664377274,10
2446582,9.708038969954947,14
2446585,9.956285701934341,3
2446586,10.0,1
2446589,9.964188263071991,3
2446590,10.0,1
2446591,10.0,1
2446598,9.853054308437974,7
2446607,9.831395754484323,9
2446620,9.70735569441007,13
2446626,9.898194756553522,6
2446631,9.927406518805135,5
2446644,9.726332366607641,13
2446650,9.901478711269645,6
2446651,10.0,1
2446658,9.882428559868298,7
2446663,9.92404052248112,5
2446669,9.900856418947361,6
2446680,9.765245699618443,11
2446683,9.966839152271614,3
2446692,9.830329937964585,9
2446693,9.989380935068668,1
2446704,9.770581057702383,11
2446711,9.872487566639132,7
2446728,9.63274779006139,17
2446739,9.758952850620554,11
2446748,9.808731609706449,9
2446750,9.974545913595081,2
2446760,9.778313397177264,10
2446762,9.97290586234215,2
2446763,10.0,1
2446775,9.7597320444523,12
2446791,9.638616708945452,16
2446802,9.776968576801346,11
2446809,9.865544267335444,7
2446810,9.98891170199571,1
2446829,9.607355700966714,19
2446840,9.768592041063602,11
2446841,10.0,1
2446847,9.89428539600234,6
2446852,9.919765519715897,5
2446859,9.868757468233087,7
2446860,10.0,1
2446866,9.902954274449758,6
2446876,9.803615215339974,10
2446877,10.0,1
2446883,9.886404826518536,6
2446889,9.909929070051113,6
2446902,9.73599437148533,13
2446913,9.819248755698444,11
2446928,9.666895109898181,15
2446939,9.756394370220985,11
2446953,9.591938724174687,14
2446970,9.61012704029487,17
2446974,9.949336135876413,4
2446983,9.795820606945165,9
2446994,9.7567018668532,11
2446997,9.954051971379299,3
2446998,10.0,1
2447005,9.864586528235677,7
2447022,9.664621393762562,17
2447032,9.788202052195775,10
2447044,9.719666358721584,12
2447051,9.883495323759567,7
2447066,9.700317981439174,15
2447076,9.792126909490683,10
2447099,9.437265180467014,23
2447106,9.864407637237468,7
2447112,9.888056101712994,6
2447126,9.711747600273991,14
2447133,9.8586549742897,7
2447136,9.963475158796285,3
2447148,9.737437534224663,12
2447155,9.893944328884757,7
2447157,9.981609643923248,2
2447163,9.877478596830947,6
2447164,10.0,1
2447171,9.894689800606072,7
2447184,9.732412495432877,13
2447191,9.870358432414262,7
2447204,9.548759237455343,13
2447206,9.976616647213872,2
2447224,9.662401716578813,18
2447229,9.926242188838405,5
2447241,9.731872357894751,12
2447249,9.840466908678009,8
2447258,9.852929277747913,9
2447267,9.813534488961215,9
2447281,9.704817310448485,14
2447291,9.810447915659545,10
2447298,9.892015619744013,7
2447299,9.987061945446522,1
2447303,9.953050926976008,4
2447316,9.717355195571825,13
2447321,9.907529909988066,5
2447328,9.878992919922345,7
2447330,9.978747655323222,2
2447332,9.975864211962358,2
2447341,9.824852859378204,9
2447348,9.892357466249274,7
2447358,9.80181178350591,10
2447359,10.0,1
2447367,9.843802575388203,8
2447374,9.87329541081292,7
2447377,9.958444031268805,3
2447387,9.820506654851517,10
2447396,9.846083079205412,9
2447408,9.764059312537276,12
2447410,9.980141566801414,2
2447413,9.956309372579286,3
2447428,9.626719760209518,15
2447439,9.776471905756996,11
2447444,9.908372060957722,5
2447450,9.899098023912682,6
2447454,9.944998742161584,4
2447470,9.638404903156951,16
2447476,9.91294023401097,6
2447485,9.805723703323313,9
2447493,9.853530010748084,8
2447502,9.836174570719,9
2447510,9.869927058883228,8
2447521,9.756501882307951,11
2447536,9.67418367302425,15
2447547,9.777798313796868,11
2447556,9.836382430645502,9
2447562,9.903341277135542,6
2447572,9.77214332171956,10
2447585,9.7288371094414,13
2447590,9.929362477178916,5
2447598,9.825087928673963,8
2447605,9.845278157123401,7
2447611,9.893583415956652,6
2447625,9.680207478588823,14
2447628,9.955895230792835,3
2447635,9.874804404997947,7
2447647,9.720431430650594,12
2447656,9.827966403214603,9
2447663,9.8797026631877,7
2447669,9.916290095415283,6
2447675,9.903621891049621,6
2447686,9.811504814566922,11
2447688,9.986562503943032,2
2447706,9.666688586328274,18
2447707,10.0,1
2447711,9.933842355630366,4
2447714,9.945804886589201,3
2447718,9.934399112457818,4
2447723,9.921310151571587,5
2447724,10.0,1
2447737,9.735285706980601,13
2447741,9.941496731809089,4
2447747,9.900721887145682,6
2447758,9.777703034294069,11
2447759,10.0,1
2447764,9.913617381333456,5
2447772,9.860949523841969,8
2447780,9.84687801645491,8
2447794,9.725232963126757,14
2447801,9.871379537555587,7
2447802,10.0,1
2447813,9.788168925102873,11
2447819,9.899105110747241,6
2447825,9.886125155516767,6
2447829,9.9406841882323,4
2447838,9.811475292791885,9
2447850,9.73989535305532,12
2447854,9.9484882678696,4
2447863,9.813538773323726,9
2447876,9.525163644021273,13
2447895,9.329173033036772,19
2447899,9.936667569151858,4
2447910,9.765348185680546,11
2447917,9.874027741794967,7
2447927,9.691624080283821,10
2447929,9.975431930409885,2
2447938,9.840601633226825,9
2447946,9.856065602530153,8
2447959,9.721184097599764,13
2447966,9.847889353814036,7
2447971,9.925257196265019,5
2447972,10.0,1
2447982,9.809195090247531,10
2447991,9.813323898913051,9
2448005,9.710858575121032,14
2448010,9.90265572665512,5
2448017,9.864529350322382,7
2448027,9.803236467415793,10
2448030,9.96588307595599,3
2448041,9.466572081605005,11
2448043,9.974290012560493,2
2448048,9.911483604611316,5
2448053,9.923305795544485,5
2448070,9.46021528058212,17
2448073,9.958497983131585,3
2448078,9.900782417251143,5
2448084,9.888422123463195,6
2448085,10.0,1
2448086,9.992740130095429,1
2448098,9.734075823883792,12
2448104,9.886019281392413,6
2448117,9.758303571140168,13
2448129,9.739816176356934,12
2448130,10.0,1
2448136,9.912228339699167,6
2448147,9.777563386420947,11
2448156,9.806366424503569,9
2448162,9.893300936757162,6
2448164,9.975012323243094,2
2448174,9.767790409999368,10
2448185,9.73577240000738,11
2448186,10.0,1
2448197,9.529412784785064,11
2448211,9.689142819652744,14
2448221,9.807987352758772,10
2448222,9.993320341669198,1
2448235,9.712454426044768,13
2448247,9.743313973628055,12
2448260,9.741978475301103,13
2448278,9.577267183574657,18
2448283,9.73153472231197,5
2448291,9.836299271673536,8
2448298,9.87064206506372,7
2448310,9.687425006854719,12
2448311,9.992244566223723,1
2448319,9.853564611929952,8
2448328,9.829201665178292,9
2448340,9.747953441174975,12
2448346,9.915823085355711,6
2448352,9.87803439276412,6
2448360,9.84588252968126,8
2448370,9.788037097899476,10
2448384,9.742146515993038,14
2448393,9.816728654627038,9
2448408,9.72023559203713,15
2448418,9.808359995009614,10
2448434,9.606481390397068,16
2448445,9.660478883613122,11
2448446,10.0,1
2448459,9.716461613693115,13
2448472,9.731402627584886,13
2448486,9.702657535836968,14
2448511,9.38752035216375,25
2448523,9.82416038203377,12
2448531,9.842479268052756,8
2448552,9.535669269697403,21
2448565,9.717359791873957,13
2448576,9.765760319780169,11
2448600,9.439455960835874,24
2448611,9.811912061190352,11
2448621,9.795429653951302,10
2448631,9.785553327880207,10
2448637,9.888371201045105,6
2448649,9.737210069614978,12
2448653,9.93078659415409,4
2448667,9.682835329718168,14
2448673,9.891028210773218,6
2448684,9.759392749612198,11
2448688,9.936651696136416,4
2448690,9.980479985780585,2
2448697,9.884529458433308,7
2448698,10.0,1
2448705,9.879476772115686,7
2448711,9.904702375948274,6
2448718,9.85938386279204,7
2448732,9.705314710808386,14
2448748,9.66353931183474,16
2448751,9.963217410818444,3
2448752,10.0,1
2448767,9.670004783026133,15
2448769,9.97330762288859,2
2448781,9.741988329103743,12
2448794,9.68332516365463,13
2448807,9.693515150851688,13
2448808,10.0,1
2448827,9.535087943150142,19
2448836,9.827289989007582,9
2448843,9.86570241071933,7
2448853,9.806896185577545,10
2448867,9.675098994531828,14
2448871,9.936175044916384,4
2448891,9.521067008164948,20
2448899,9.833608114471547,8
2448920,9.51759767547084,21
2448931,9.771329292759589,11
2448934,9.95470382279044,3
2448941,9.886200970938182,7
2448948,9.883131173210844,7
2448952,9.941926066750264,4
2448961,9.837710037201429,9
2448962,10.0,1
2448976,9.744705423226764,14
2448981,9.935661321689933,5
2448992,9.751806469164954,11
2449002,9.778022797308743,10
2449015,9.710816647244659,13
2449019,9.930598455455815,4
2449030,9.780962976242147,11
2449039,9.8076396459453,9
2449048,9.803997147928719,9
2449056,9.848075314598079,8
2449061,9.916810461027525,5
2449063,9.985361148160257,2
2449074,9.769314010351343,11
2449079,9.898742027311199,5
2449092,9.74484132308743,13
2449098,9.912349611724013,6
2449102,9.942753032013098,4
2449114,9.615763478107585,12
2449121,9.877497246563497,7
2449132,9.791967734308306,11
2449140,9.823172781338943,8
2449144,9.935234665251727,4
2449150,9.874457745832158,6
2449151,10.0,1
2449156,9.904928208131935,5
2449157,10.0,1
2449173,9.650459694823047,16
2449178,9.816625494939924,5
2449185,9.873622136314555,7
2449193,9.853500337045501,8
2449204,9.750226971786923,11
2449213,9.793544429543026,9
2449216,9.949150877810979,3
2449223,9.885872209551154,7
2449225,9.977179479092106,2
2449231,9.88100810160498,6
2449242,9.771065964290848,11
2449250,9.835045323941335,8
2449267,9.59841859545643,17
2449273,9.904682777078067,6
2449288,9.661660519680204,15
2449294,9.905659609287197,6
2449300,9.900841098962443,6
2449310,9.801437433719057,10
2449314,9.934929367623955,4
2449318,9.936777792844332,4
2449324,9.901077194809385,6
2449334,9.791442771801854,10
2449346,9.772365413810789,12
2449363,9.623557552077305,17
2449371,9.829908036463225,8
2449372,9.996465741710606,1
2449378,9.893262171161147,6
2449387,9.811986265796218,9
2449401,9.719285058205264,14
2449417,9.628968868233434,16
2449418,10.0,1
2449427,9.630577863349096,9
2449442,9.634705536290843,15
2449447,9.908506649071038,5
2449455,9.830375093835755,8
2449463,9.862548378766174,8
2449468,9.904271745269954,5
2449476,9.814891644847398,8
2449491,9.465274349777939,15
2449492,9.993363832643904,1
2449503,9.785303296528035,11
2449512,9.80722814518141,9
2449522,9.808625141676941,10
2449529,9.866450031854614,7
2449548,9.594010791012323,19
2449549,10.0,1
2449554,9.925460181477609,5
2449567,9.711304405661554,13
2449577,9.794112055848984,10
2449596,9.466275777893083,19
2449607,9.766832883757822,11
2449608,9.98655445348371,1
2449618,9.81853854593981,10
2449628,9.802368381140791,10
2449636,9.845592724314448,8
2449642,9.873919823947288,6
2449652,9.814197910641544,10
2449659,9.859858875399432,7
2449670,9.763700113045008,11
2449676,9.911383565475855,6
2449683,9.85848955026376,7
2449691,9.86605541903315,8
2449693,9.970934429953571,2
2449705,9.77397309485626,12
2449721,9.639410130187937,16
2449728,9.88649439001634,7
2449741,9.742768116633542,13
2449748,9.88703202077111,7
2449757,9.816335499444763,9
2449765,9.849844967666364,8
2449769,9.934334662369224,4
2449771,9.970368479121127,2
2449775,9.951034264204681,4
2449778,9.96053844228594,3
2449783,9.917944708426191,5
2449795,9.764047981981227,12
2449806,9.754304794802302,11
2449818,9.71929795947592,12
2449826,9.852928832837344,8
2449832,9.887100063517751,6
2449841,9.8419352903638,9
2449856,9.65757530138483,15
2449869,9.70622716020338,13
2449879,9.817848806639843,10
2449880,10.0,1
2449887,9.862168253774506,7
2449893,9.913463271527398,6
2449906,9.73943510252336,13
2449927,9.551935778718818,21
2449936,9.800703632016013,9
2449942,9.885064296630533,6
2449964,9.485426653254885,22
2449970,9.906891214759549,6
2449972,9.97486837125508,2
2449979,9.856765074988873,7
2449985,9.879714822508639,6
2449998,9.729543566117053,13
2450006,9.862376869633218,8
2450011,9.908982483839816,5
2450012,10.0,1
2450028,9.328105082887602,16
2450038,9.803863895003309,10
2450053,9.639156503119695,15
2450056,9.97035940271167,3
2450058,9.974240594602046,2
2450066,9.849691436942686,8
2450071,9.940430947395111,5
2450079,9.874911670934756,8
2450089,9.810211347051451,10
2450095,9.877761287813165,6
2450097,9.974073349075173,2
2450116,9.5785263884096,19
2450124,9.858014914387418,8
2450139,9.55170631228827,15
2450152,9.731637875570117,13
2450157,9.920246755076576,5
2450158,10.0,1
2450165,9.870308128236346,7
2450174,9.823877644367396,9
2450182,9.850649645008541,8
2450194,9.736469817704984,12
2450210,9.613784910647311,16
2450218,9.865492870029714,8
2450226,9.844936346209566,8
2450227,10.0,1
2450231,9.933082150458912,4
2450241,9.79349531801262,10
2450254,9.695289992111002,13
2450269,9.656548049411285,15
2450281,9.752461808644284,12
2450295,9.690680497822804,14
2450299,9.936942491903599,4
2450318,9.552718638087972,19
2450326,9.821673542625389,8
2450338,9.730047390340715,12
2450342,9.933657486685957,4
2450350,9.846226813028048,8
2450362,9.713143625855897,12
2450371,9.824457525463151,9
2450375,9.930399278173084,4
2450388,9.69603334733165,13
2450397,9.834375761388927,9
2450402,9.902170231352867,5
2450412,9.771211384292394,10
2450413,9.99190697887339,1
2450418,9.917234912071233,5
2450427,9.8542331438471,9
2450439,9.706910768661738,12
2450454,9.649155264440008,15
2450459,9.933308381048166,5
2450472,9.673451190573454,13
2450480,9.857706553241528,8
2450489,9.833002740026128,9
2450504,9.74711906259483,15
2450515,9.756323755863395,11
2450536,9.526516866956207,21
2450545,9.823953966143872,9
2450558,9.708839618522516,13
2450577,9.56360881433683,19
2450587,9.812585670698326,10
2450595,9.85186272158673,8
2450601,9.908840485106584,6
2450616,9.655907658678368,15
2450629,9.71699155622493,13
2450637,9.885097538214408,8
2450650,9.73878764794918,13
2450667,9.600764150973003,17
2450674,9.871200731018511,7
2450684,9.79108259189252,10
2450703,9.604497579755655,19
2450704,10.0,1
2450709,9.910382757346444,5
2450725,9.6500663086825,16
2450741,9.616575680896693,16
2450754,9.742744012277255,13
2450766,9.740457323957859,12
2450778,9.73086789944167,12
2450794,9.61140312729484,16
2450804,9.81267404854961,10
2450815,9.762735219897676,11
2450822,9.853667993752644,7
2450823,10.0,1
2450836,9.700515085908076,13
2450837,10.0,1
2450842,9.920414715040662,5
2450843,10.0,1
2450844,9.996053684218547,1
2450852,9.820222661919722,8
2450863,9.770579862275207,11
2450875,9.768362306595813,12
2450882,9.8529069111698,7
2450892,9.772847400887388,10
2450893,10.0,1
2450911,9.597684837961443,18
2450913,9.971647231639285,2
2450915,9.972463113285487,2
2450926,9.78812002161471,11
2450933,9.868341118020567,7
2450935,9.983980178188599,2
2450946,9.745343194423006,11
2450961,9.667670504294927,15
2450969,9.832232594714927,8
2450982,9.761259689954578,13
2450985,9.972061819436046,3
2451003,9.587179491167555,18
2451004,10.0,1
2451016,9.75427652077591,12
2451031,9.640475300012223,15
2451041,9.80401009883213,10
2451056,9.644859467608567,15
2451061,9.922115718915162,5
2451062,10.0,1
2451074,9.733908944237953,12
2451085,9.746115467662063,11
2451093,9.846274136111187,8
2451106,9.71507770111302,13
2451115,9.813508674899392,9
2451123,9.854577615102716,8
2451130,9.901446614325378,7
2451137,9.856896284267409,7
2451148,9.758977770046192,11
2451162,9.550183546503664,14
2451163,10.0,1
2451178,9.710752270817574,15
2451186,9.846937055524158,8
2451199,9.721984301220722,13
2451208,9.805364686076603,9
2451223,9.686274496907595,15
2451224,10.0,1
2451231,9.86965900585278,7
2451245,9.740635030961998,14
2451252,9.870310236379042,7
2451259,9.866985353148184,7
2451266,9.878111980301753,7
2451279,9.711085476175592,13
2451280,10.0,1
2451286,9.879997904675722,6
2451292,9.90539209220346,6
2451298,9.908139743634262,6
2451312,9.676690177361897,14
2451319,9.875489104959295,7
2451331,9.732224110330161,12
2451347,9.722283697420696,16
2451357,9.788716106393005,10
2451360,9.953774306104615,3
2451374,9.700771018542328,14
2451385,9.764293377206647,11
2451392,9.852239681265608,7
2451404,9.761372762757038,12
2451420,9.643075964096596,16
2451430,9.764046169619654,10
2451437,9.865842460045881,7
2451438,10.0,1
2451444,9.875328817926889,6
2451451,9.879284821578157,7
2451452,10.0,1
2451469,9.497615883554616,17
2451473,9.931000600654926,4
2451476,9.96147958342199,3
2451487,9.73883363759949,11
2451500,9.728129598626566,13
2451514,9.688751743434235,14
2452014,-9.72206895215224,500
2452018,9.946827400737357,4
2452027,9.836306765021355,9
2452032,9.927142245473444,5
2452037,9.914877575356952,5
2452041,9.933365919933639,4
2452052,9.789746485170443,11
2452058,9.900163166577965,6
2452071,9.691063523165887,13
2452079,9.853001457216259,8
2452082,9.967214406017357,3
2452096,9.760142680504295,14
2452110,9.706249634789769,14
2452111,10.0,1
2452122,9.767324611800113,11
2452129,9.86013790902993,7
2452141,9.752032184417137,12
2452148,9.867388641171685,7
2452160,9.738413120895112,12
2452164,9.944531969566707,4
2452172,9.871523378464143,8
2452181,9.830688903110593,9
2452196,9.744070772910847,15
2452207,9.77451033356827,11
2452224,9.590097315993331,17
2452237,9.722643213428327,13
2452240,9.956123537509464,3
2452247,9.879088816665348,7
2452250,9.949527584804443,3
2452256,9.890252211390111,6
2452264,9.87029581903934,8
2452265,10.0,1
2452280,9.666658968213172,15
2452288,9.824926604320822,8
2452298,9.773565217320568,10
2452309,9.797647332969005,11
2452324,9.702765363585726,15
2452325,10.0,1
2452330,9.911298683487514,5
2452339,9.814097626958787,9
2452343,9.950543778992607,4
2452345,9.974452289274698,2
2452353,9.82516804061116,8
2452359,9.913872626314966,6
2452367,9.8318425485635,8
2452375,9.84937832847924,8
2452395,9.559573782741056,20
2452403,9.834192894525568,8
2452405,9.982844571714688,2
2452411,9.903815022423645,6
2452412,9.99232772003062,1
2452422,9.786963411381064,10
2452423,10.0,1
2452438,9.683639478262112,15
2452445,9.883676508298565,7
2452450,9.914796871190383,5
2452456,9.893535818438956,6
2452460,9.94164893738154,4
2452462,9.979571554330207,2
2452476,9.723998776682844,14
2452485,9.820923798666493,9
2452492,9.894498368146158,7
2452494,9.974078262808302,2
2452506,9.730884960716322,12
2452567,8.794110362524686,61
2452575,9.849667539742198,8
2452586,9.775067027483194,11
2452591,9.929032247834364,5
2452604,9.707032307224809,13
2452610,9.8787806569959,6
2452621,9.768132307874057,11
2452628,9.878258837677349,7
2452632,9.936103951985567,4
2452633,10.0,1
2452650,9.621365106326179,17
2452665,9.73042392073594,15
2452679,9.719598538198124,14
2452683,9.943106855864624,4
2452692,9.811134290050463,9
2452700,9.858240049957411,8
2452701,10.0,1
2452702,10.0,1
2452719,9.617384921182015,17
2452730,9.760798398103491,11
2452742,9.573247060845924,12
2452762,9.505215653552163,20
2452780,9.597597955072183,18
2452786,9.910609662287929,6
2452802,9.623199977289241,16
2452810,9.845479717810981,8
2452821,9.771872674217583,11
2452834,9.707023144225907,13
2452839,9.920765417646123,5
2452843,9.949348132681834,4
2452856,9.766430552635253,13
2452859,9.947210680575667,3
2452870,9.793133605280433,11
2452880,9.803899732628151,10
2452884,9.940032123028892,4
2452888,9.94494515227636,4
2452892,9.951024641476577,4
2452896,9.943974229107642,4
2452902,9.880415798533543,6
2452906,9.944617634002732,4
2452913,9.886548454085764,7
2452920,9.863061346774172,7
2452932,9.760412417861803,12
2452941,9.834184733587588,9
2452955,9.693820740272876,14
2452963,9.823390018725377,8
2452974,9.775268949410478,11
2452990,9.711290839545036,16
2452999,9.823083086670318,9
2453010,9.7628233930707,11
2453020,9.784674334672113,10
2453028,9.82556750573944,8
2453035,9.849806908176333,7
2453042,9.850086453418626,7
2453048,9.887804224122693,6
2453057,9.820334218250194,9
2453058,10.0,1
2453074,9.676789729227737,16
2453088,9.67483261262526,14
2453099,9.79178716971375,11
2453103,9.929207476668813,4
2453104,9.993090770181846,1
2453105,10.0,1
2453110,9.933643704902343,5
2453117,9.86735821155356,7
2453124,9.856251354670967,7
2453128,9.947852013409076,4
2453144,9.645679605270999,16
2453147,9.948677024349458,3
2453153,9.904187879717755,6
2453163,9.768320308622913,10
2453178,9.652039403126887,15
2453185,9.856609793236531,7
2453196,9.766812351367994,11
2453201,9.919941122888773,5
2453213,9.709268759637089,12
2453214,10.0,1
2453235,9.488133973141379,21
2453245,9.787355993767806,10
2453252,9.862175119263242,7
2453253,10.0,1
2453265,9.746372728845774,12
2453278,9.762139822513568,13
2453293,9.675601032835148,15
2453306,9.762297596374143,13
2453312,9.88425955424015,6
2453329,9.641307930767569,17
2453334,9.918613261549043,5
2453337,9.950683977586486,3
2453352,9.670897308398303,15
2453357,9.931918408331008,5
2453365,9.863771332231636,8
2453375,9.8113925950562,10
2453384,9.810426206477286,9
2453400,9.672243690012362,16
2453410,9.789731213159785,10
2453421,9.723708604094941,11
2453429,9.652146924102787,8
2453442,9.686682163324345,13
2453456,9.706897462934842,14
2453476,9.56711823104244,20
2453482,9.874536386675981,6
2453487,9.921740304837233,5
2453496,9.814742583918095,9
2453498,9.976515911555953,2
2453505,9.864083212387184,7
2453510,9.921729275251627,5
2453522,9.577535533891686,12
2453528,9.904128298909528,6
2453547,9.543742598419696,19
2453556,9.812585415292595,9
2453566,9.797013909741814,10
2453580,9.705334399740421,14
2453591,9.765807018285136,11
2453592,10.0,1
2453593,10.0,1
2453594,10.0,1
2453602,9.82709209264705,8
2453612,9.778182016195444,10
2453620,9.87275272524859,8
2453625,9.924361724895848,5
2453644,9.570921884789602,19
2453648,9.947616827226629,4
2453659,9.772323336049247,11
2453663,9.936613685536456,4
2453665,9.972426800563367,2
2453678,9.729227433559545,13
2453680,9.976854335261951,2
2453690,9.786309641454228,10
2453699,9.836370298374538,9
2453708,9.803205990045134,9
2453722,9.689574755688433,14
2453741,9.407123332113846,19
2453759,9.615296289534088,18
2453770,9.76796054939118,11
2453779,9.818174326555697,9
2453784,9.92667053795503,5
2453785,10.0,1
2453793,9.830884120347287,8
2453808,9.67061889763266,15
2453812,9.93022808857611,4
2453824,9.75670574185046,12
2453839,9.426988413445432,15
2453845,9.894909388472076,6
2453858,9.72015445507577,13
2453859,9.98886456115011,1
2453866,9.86372301160275,7
2453874,9.826362819429635,8
2453883,9.83712729385967,9
2453884,9.99648599920843,1
2453896,9.756431732236479,12
2453898,9.975149893054574,2
2453908,9.77922127017901,10
2453922,9.69162970942235,14
2453932,9.824654132585113,10
2453937,9.92894074245455,5
2453948,9.785169345832676,11
2453956,9.840922925373127,8
2453961,9.927657451441467,5
2453972,9.7600438296795,11
2453981,9.805491416958523,9
2453987,9.880913143749586,6
2453993,9.88019738055396,6
2454001,9.87383378285487,8
2454007,9.887669964398782,6
2454015,9.631583648640273,8
2454024,9.818154318715811,9
2454033,9.825856319526402,9
2454045,9.713419904608454,12
2454051,9.89269211509005,6
2454052,9.9966542446085,1
2454059,9.861685255604428,7
2454071,9.751078686855505,12
2454080,9.832701965511818,9
2454081,10.0,1
2454084,9.965728966724788,3
2454093,9.805729391532845,9
2454106,9.696030452302953,13
2454112,9.89807978226254,6
2454134,9.375816545098413,22
2454145,9.75213796038096,11
2454155,9.776363869121854,10
2454167,9.712333046218099,12
2454168,10.0,1
2454173,9.93476946520555,5
2454180,9.856567928509804,7
2454202,9.50707706049947,22
2454212,9.773044772863456,10
2454218,9.905075538948557,6
2454227,9.825511957263448,9
2454228,10.0,1
2454238,9.769930307628009,10
2454244,9.885278865496533,6
2454245,10.0,1
2454258,9.714785659526404,13
2454264,9.892851848275168,6
2454267,9.96526241292937,3
2454274,9.667061112343251,7
2454278,9.934797568665637,4
2454296,9.592321781572048,18
2454306,9.650523914035626,10
2454324,9.616416344893798,18
2454330,9.895635092650027,6
2454348,9.581829444297187,18
2454350,9.973386267518912,2
2454355,9.914513347469514,5
2454364,9.83062027196826,9
2454376,9.781575934638546,12
2454385,9.827674835920787,9
2454395,9.799573810379762,10
2454399,9.937890444809208,4
2454406,9.853985357486808,7
2454410,9.941036768066688,4
2454427,9.64145186131307,17
2454443,9.648464648522912,16
2454448,9.92034145164344,5
2454458,9.80042852375175,10
2454467,9.809830126809603,9
2454477,9.79056398084945,10
2454483,9.902809832273624,6
2454496,9.699580623654107,13
2454506,9.768702475820982,10
2454510,9.93386669911708,4
2454517,9.657935753398831,7
2454528,9.791809187149173,11
2454546,9.588654775130701,18
2454552,9.883044412067196,6
2454560,9.861058046379247,8
2454568,9.846359957832316,8
2454569,10.0,1
2454576,9.878582816770962,7
2454584,9.83504216172888,8
2454604,9.547456997867323,20
2454610,9.90002996120293,6
2454619,9.819779446855083,9
2454630,9.761953769230933,11
2454644,9.682229080211988,14
2454656,9.727372047279488,12
2454660,9.938790631758014,4
2454666,9.897541610972512,6
2454667,9.992661149637502,1
2454668,10.0,1
2454677,9.827707855964057,9
2454689,9.761746601726854,12
2454702,9.742544005184259,13
2454714,9.740610356463748,12
2454720,9.870629658422262,6
2454728,9.83893332121098,8
2454736,9.833073428901077,8
2454758,9.550425163858502,22
2454781,9.514008745049678,23
2454795,9.662404401999312,14
2454806,9.761696382716359,11
2454814,9.854021250242797,8
2454821,9.897720020016807,7
2454825,9.947720986331747,4
2454842,9.671800538773992,17
2454857,9.74959772105301,15
2454862,9.915583024995529,5
2454879,9.6142523769975,17
2454890,9.777729713623815,11
2454903,9.702947023912243,13
2454918,9.654535045235905,15
2454931,9.814314754264384,13
2454943,9.721295114456504,12
2454955,9.736089464025973,12
2454960,9.901810055155385,5
2454966,9.903164617565613,6
2454974,9.846482905450113,8
2454986,9.743806130238376,12
2455001,9.642181387455649,15
2455010,9.80594035105481,9
2455016,9.890663126248562,6
2455029,9.72891128155085,13
2455038,9.818741484919864,9
2455055,9.619302569772499,17
2455073,9.552940228521521,18
2455080,9.846200943507075,7
2455088,9.83928518348204,8
2455093,9.910497163591524,5
2455106,9.724463344037952,13
2455111,9.920777377204182,5
2455112,9.987543840048582,1
2455134,9.281064285525533,22
2455138,9.9388048933631,4
2455139,10.0,1
2455149,9.79178165505459,10
2455152,9.966308025865583,3
2455160,9.835700666699429,8
2455660,-205.79286969265883,500
2455672,7.737385515339886,12
2455674,9.981082656408416,2
2455676,9.972904862215046,2
2455685,9.835883579592794,9
2455697,9.765336572484193,12
2455704,9.847225747480918,7
2455705,10.0,1
2455714,9.82356080707079,9
2455727,9.771929983195676,13
2455732,9.8992607538016,5
2455742,9.80679180014284,10
2455755,9.750352117673152,13
2455757,9.971719994361123,2
2455775,9.600123948574685,18
2455790,9.665968884708104,15
2455796,9.917339570463076,6
2455799,9.951248385891006,3
2455816,9.680442705958864,17
2455820,9.943532987745263,4
2455833,9.774979891620587,13
2455843,9.709306606276664,10
2455844,10.0,1
2455847,9.970609930254536,3
2455854,9.883765121821728,7
2455859,9.92587818833948,5
2455874,9.662469747190261,15
2455882,9.866680205570727,8
2455892,9.817574184325137,10
2455899,9.871717347456606,7
2455904,9.906702449618251,5
2455910,9.880914758411725,6
2455916,9.91033475622668,6
2455941,9.471539924960085,25
2455959,9.61188237221392,18
2455965,9.892505080147043,6
2455971,9.897501952125184,6
2455981,9.681776577239846,10
2456000,9.576647686880039,19
2456004,9.946453066817368,4
2456013,9.842046881110472,9
2456017,9.936422892272534,4
2456030,9.72008041673352,13
2456043,9.703086993076955,13
2456044,10.0,1
2456045,10.0,1
2456054,9.818748701232265,9
2456072,9.47557739608209,18
2456076,9.952173880321881,4
2456083,9.872661185112243,7
2456087,9.936562067768625,4
2456096,9.795828767099467,9
2456104,9.848912684912401,8
2456116,9.788956732078848,12
2456117,10.0,1
2456129,9.75977122938236,12
2456130,10.0,1
2456140,9.78761538596878,10
2456149,9.814575355560683,9
2456150,10.0,1
2456160,9.799148130052483,10
2456178,9.62884465740333,18
2456189,9.74940714624842,11
2456199,9.775187779108538,10
2456214,9.690678024753678,15
2456221,9.873126500186888,7
2456235,9.677266673862874,14
2456242,9.88093766066985,7
2456250,9.841004936816148,8
2456258,9.849371730756138,8
2456266,9.831493189829388,8
2456281,9.7187938191013,15
2456288,9.865811125326854,7
2456292,9.927465450606872,4
2456307,9.677209926840504,15
2456319,9.733886061551773,12
2456331,9.714267886944134,12
2456334,9.964032062022788,3
2456346,9.734599384874642,12
2456357,9.766716926459212,11
2456363,9.906619780872465,6
2456364,10.0,1
2456377,9.714024713165076,13
2456381,9.948592757411829,4
2456395,9.701466715869934,14
2456396,10.0,1
2456419,9.39913404467338,23
2456436,9.622622236505292,17
2456442,9.896679323372807,6
2456449,9.850974455944478,7
2456451,9.97666978657561,2
2456452,10.0,1
2456461,9.828056831189318,9
2456474,9.739332126806728,13
2456475,10.0,1
2456480,9.92001856282043,5
2456482,9.970490733466914,2
2456492,9.780122642188532,10
2456505,9.681544607058699,13
2456516,9.75847562978527,11
2456524,9.846352610728953,8
2456533,9.805943412143831,9
2456545,9.666430540885747,12
2456549,9.94089543289458,4
2456552,9.968322836430813,3
2456558,9.916272465082377,6
2456568,9.807028839394913,10
2456573,9.923984913560265,5
2456574,10.0,1
2456593,8.503303258496496,19
2456600,9.870944754620325,7
2456616,9.633421694713054,16
2456617,10.0,1
2456621,9.931477184030562,4
2456628,9.849084502391038,7
2456636,9.845210564144757,8
2456643,9.870643931571182,7
2456644,10.0,1
2456660,9.577630040487254,16
2456672,9.723088584914162,12
2456684,9.751361364114846,12
2456694,9.775732072732675,10
2456701,9.872091854001189,7
2456715,9.698897412220742,14
2456723,9.847540567814981,8
2456735,9.745723489216711,12
2456736,10.0,1
2456740,9.933227093528519,4
2456752,9.58381975496546,12
2456760,9.836078562578097,8
2456766,9.90762458680584,6
2456777,9.76981798416554,11
2456796,9.591111285018274,19
2456811,9.668462421481934,15
2456812,10.0,1
2456820,9.866753090854688,8
2456821,10.0,1
2456837,9.6459776681252,16
2456840,9.95509330201278,3
2456848,9.84292098942478,8
2456858,9.786111440214505,10
2456870,9.72572152478501,12
2456871,10.0,1
2456876,9.702671895289274,5
2456887,9.740760085807853,11
2456893,9.888275043161478,6
2456900,9.85907135395702,7
2456902,9.973178868787866,2
2456913,9.782972190750794,11
2456921,9.85187389460781,8
2456925,9.930254178133174,4
2456935,9.80663572649743,10
2456940,9.916929415209111,5
2456945,9.90875452185984,5
2456948,9.953157776743389,3
2456961,9.719701937901219,13
2456962,10.0,1
2456973,9.769386711069373,11
2456979,9.895814866496687,6
2456986,9.873686848859768,7
2456993,9.900944583640394,7
2457005,9.741939447755014,12
2457016,9.776429412511638,11
2457030,9.71719748001235,14
2457034,9.941006352633115,4
2457049,9.680594263998753,15
2457063,9.737722277559815,14
2457076,9.709224992325943,13
2457079,9.955802047037263,3
2457090,9.790061349388385,11
2457096,9.88951529059197,6
2457106,9.784801965636808,10
2457109,9.95686329340377,3
2457118,9.847872000577057,9
2457128,9.816296305188194,10
2457143,9.692609573065749,15
2457146,9.957830868394042,3
2457162,9.64771109890523,16
2457166,9.95395728258222,4
2457181,9.641880867657717,15
2457196,9.718588499547279,15
2457197,9.99226766303702,1
2457206,9.62424627627058,9
2457217,9.788836935869272,11
2457229,9.728587860601275,12
2457233,9.93692262732754,4
2457236,9.947325863321577,3
2457247,9.661553389905707,11
2457255,9.833260568990521,8
2457262,9.867527423815597,7
2457282,9.56125950841656,20
2457288,9.900261094496926,6
2457299,9.777240206162483,11
2457307,9.853512880170284,8
2457312,9.913321191105405,5
2457323,9.750010190578054,11
2457324,9.99201094528248,1
2457330,9.88111051643201,6
2457346,9.620724716855745,16
2457357,9.804787202796016,11
2457358,10.0,1
2457359,10.0,1
2457365,9.893904821056037,6
2457370,9.910877633920027,5
2457378,9.855871697295001,8
2457382,9.937924177373738,4
2457394,9.79529435310012,12
2457402,9.862795429877977,8
2457418,9.679519744093021,16
2457427,9.799947843227008,9
2457436,9.833412442299784,9
2457443,9.896108414672781,7
2457446,9.96454052606448,3
2457450,9.938920273398177,4
2457463,9.700795034036894,13
2457470,9.862899557714469,7
2457471,10.0,1
2457481,9.781817495268452,10
2457497,9.641464940598123,16
2457509,9.733409063792703,12
2457519,9.83343301136683,10
2457522,9.9691364484644,3
2457533,9.77967098341052,11
2457537,9.943669966349043,4
2457551,9.676675048479709,14
2457557,9.872512843607737,6
2457559,9.97328457874941,2
2457563,9.923581932961035,4
2457569,9.89803468754471,6
2457575,9.889158291409043,6
2457582,9.883625311404773,7
2457592,9.800238637517591,10
2457598,9.89466894572291,6
2457611,9.719184622768477,13
2457612,10.0,1
2457615,9.972152849484035,3
2457617,9.980785964650547,2
2457622,9.926611124327026,5
2457623,10.0,1
2457636,9.753268172557782,13
2457646,9.76997262324906,10
2457647,9.993041205703157,1
2457674,9.386887246944005,27
2457679,9.920618875211,5
2457681,9.9757445418701,2
2457687,9.89221955674107,6
2457699,9.756573489574098,12
2457713,9.688131344592652,14
2457722,9.836041365664972,9
2457726,9.923110329080107,4
2457743,9.601611387366868,17
2457744,10.0,1
2457750,9.889043663781898,6
2457760,9.81805437353997,10
2457775,9.624048543790769,15
2457780,9.91144868647555,5
2457781,10.0,1
2457795,9.694196242399356,14
2457801,9.925378917509164,6
2457813,9.759087555985952,12
2457825,9.769354706422378,12
2457833,9.843074965715154,8
2457842,9.824093848942496,9
2457857,9.693249632651602,15
2457874,9.34506528468569,17
2457876,9.985021039403255,2
2457886,9.816712785715493,10
2457900,9.654723612363432,14
2457909,9.803973029659948,9
2457914,9.91173685493941,5
2457928,9.731853850289946,14
2457939,9.778554988166253,11
2457944,9.932819973574132,5
2457951,9.872644639244111,7
2457963,9.749478617130217,12
2457970,9.900588067502966,7
2457978,9.853315075004899,8
2457985,9.882274243838744,7
2457993,9.858161376328344,8
2457998,9.923418304745946,5
2458004,9.901258089404351,6
2458016,9.742813278703219,12
2458017,10.0,1
2458027,9.811028221025598,10
2458031,9.932380624612673,4
2458039,9.828752107069372,8
2458042,9.956391916474296,3
2458048,9.876089790417803,6
2458049,9.992392341640551,1
2458057,9.870531127450674,8
2458070,9.704450908659153,13
2458075,9.933911910635336,5
2458092,9.562132847320953,17
2458093,10.0,1
2458104,9.797407729032063,11
2458115,9.787981970387616,11
2458126,9.778758873809435,11
2458135,9.853929254019393,9
2458137,9.973548458832967,2
2458149,9.773318390414055,12
2458152,9.94510478693256,3
2458155,9.960569836957491,3
2458164,9.832724743660338,9
2458165,10.0,1
2458173,9.847732444527788,8
2458180,9.869324768732593,7
2458193,9.74156615710562,13
2458204,9.759432816146983,11
2458211,9.875836970543109,7
2458213,9.974609323525385,2
2458218,9.926070655444837,5
2458228,9.795267121413284,10
2458237,9.842031863135857,9
2458238,9.996318540524832,1
2458248,9.774080491221273,10
2458256,9.863956091938007,8
2458261,9.918544147136394,5
2458268,9.871450964201053,7
2458277,9.804068894388907,9
2458278,10.0,1
2458296,9.578272223808332,18
2458297,10.0,1
2458302,9.911077828464274,5
2458315,9.73984412937365,13
2458321,9.904467375729558,6
2458335,9.67872138940363,14
2458339,9.935931019904029,4
2458356,9.491191495969671,17
2458363,9.87131102174432,7
2458371,9.857093844736191,8
2458378,9.866416029957938,7
2458386,9.850620305887313,8
2458396,9.797845216211297,10
2458405,9.830807999964243,9
2458415,9.788297278226526,10
2458424,9.804862540781453,9
2458440,9.437039611198157,16
2458448,9.868033200620273,8
2458458,9.797684431017561,10
2458466,9.8747747146906,8
2458475,9.625672044143718,9
2458476,10.0,1
2458486,9.8231682086822,10
2458496,9.779310296243628,10
2458507,9.795551889147282,11
2458516,9.82613129770507,9
2458529,9.712634417890301,13
2458539,9.782121947192858,10
2458540,10.0,1
2458551,9.767563607902344,11
2458563,9.784087665442836,12
2458572,9.830925710736933,9
2458582,9.784195743753848,10
2458598,9.651116926366397,16
2458606,9.8261614660064,8
2458622,9.63485930799865,16
2458631,9.845987834819455,9
2458637,9.895555830663865,6
2458642,9.924423330742707,5
2458654,9.756504038282332,12
2458660,9.901658694862268,6
2458664,9.842132336886905,4
2458677,9.782174279883757,13
2458680,9.963233709966799,3
2458681,10.0,1
2458685,9.93156375963172,4
2458692,9.859508424272438,7
2458706,9.69420493691313,14
2458714,9.825298456941631,8
2458725,9.803668236375026,11
2458735,9.795855116589069,10
2458744,9.837218886157613,9
2458745,10.0,1
2458757,9.78552921998941,12
2458770,9.734310747791369,13
2458784,9.656565890489972,14
2458803,9.541084293732425,19
2458816,9.746935128223317,13
2458817,10.0,1
2458827,9.781183245836901,10
2458842,9.705784388144641,15
2458849,9.872921585597798,7
2458850,10.0,1
2458859,9.83380914970578,9
2458872,9.700938323162154,13
2458876,9.951179048457595,4
2458877,10.0,1
2458885,9.849171621037335,8
2458896,9.772293445644353,11
2458906,9.784870713046812,10
2458909,9.95979826943727,3
2458920,9.74843962206669,11
2458928,9.84114666427177,8
2458929,10.0,1
2458937,9.84998268582167,8
2458950,9.692842870294996,13
2458954,9.924978668574,4
2458963,9.811431476792931,9
2458974,9.768024841174293,11
2458976,9.983354627452526,2
2458977,10.0,1
2458985,9.8318872738744,8
2459005,9.61037651408588,20
2459020,9.479373245576484,15
2459033,9.692885289915045,13
2459043,9.812052055677029,10
2459052,9.808216662189311,9
2459053,9.988985647322277,1
2459061,9.846835684258757,8
2459074,9.729560754692136,13
2459090,9.622447596013712,16
2459103,9.725767100111668,13
2459104,9.996436090281895,1
2459111,9.897163929091116,7
2459119,9.844923920485922,8
2459121,9.980697617029037,2
2459129,9.859538327691126,8
2459142,9.729030858625874,13
2459151,9.806238419709672,9
2459155,9.93428422847418,4
2459164,9.807564129010741,9
2459170,9.917098287341421,6
2459182,9.797024675375397,12
2459189,9.886653315811952,7
2459199,9.79279914184775,10
2459206,9.87207090758387,7
2459218,9.770152255648496,12
2459227,9.81735467266102,9
2459234,9.872757951344475,7
2459246,9.734454092563013,12
2459259,9.73865446947013,13
2459273,9.703004073064948,14
2459274,10.0,1
2459285,9.740402077905397,11
2459299,9.70047210878933,14
2459307,9.874051385203638,8
2459326,9.581677308626578,19
2459340,9.734597146984784,14
2459345,9.926597470431789,5
2459350,9.913141988716147,5
2459356,9.909403455463424,6
2459369,9.709390940585108,13
2459379,9.804886331051435,10
2459380,9.996367856905941,1
2459388,9.867495605992884,8
2459396,9.836219675394544,8
2459397,10.0,1
2459404,9.857157056949479,7
2459418,9.701651275932859,14
2459425,9.86707720543121,7
2459438,9.74390984317067,13
2459454,9.656501941909957,16
2459474,9.215448901474062,20
2459477,9.94817455284863,3
2459490,9.727396927151416,13
2459494,9.932018417910065,4
2459500,9.88098239312825,6
2459508,9.838650497876278,8
2459513,9.926772102762232,5
2459528,9.675237380106651,15
2459532,9.93998989717737,4
2459540,9.835699334010727,8
2459551,9.78301884249782,11
2459554,9.96994732674746,3
2459559,9.922172973195075,5
2459567,9.815265361108029,8
2459576,9.833576871373998,9
2459588,9.73528582086554,12
2459596,9.740466892216546,8
2459608,9.731717558045382,12
2459620,9.714061423229007,12
2459634,9.718349722125076,14
2459643,9.855404580515044,9
2459646,9.94295412406502,3
2459659,9.75325252621353,13
2459666,9.87337816024556,7
2459696,9.401854551516893,30
2459701,9.917084336290607,5
2459711,9.76919125291811,10
2459712,10.0,1
2459720,9.82226715454608,8
2459724,9.93488945901733,4
2459725,10.0,1
2459738,9.73587947740932,13
2459756,9.574911062102862,18
2459764,9.886581322439898,8
2459771,9.855341987350567,7
2459786,9.658771071936945,15
2459796,9.804756382214144,10
2459807,9.783798877803163,11
2459819,9.764875728386158,12
2459828,9.808224535779306,9
2459836,9.840286296295773,8
2459850,9.681673822759583,14
2459858,9.837892646149871,8
2459867,9.804400738963519,9
2459884,9.308855204270857,17
2459899,9.63782779287334,15
2459912,9.735787738204614,13
2459925,9.716457697991283,13
2459934,9.83234776913787,9
2459942,9.857606704469646,8
2459954,9.741689800019321,12
2459955,10.0,1
2459964,9.610617329316224,9
2459972,9.894052112869378,8
2459983,9.829927446565371,11
2459991,9.839420691596793,8
2460024,9.331367080558257,33
2460036,9.629474972621106,12
2460051,9.647626133464874,15
2460067,9.634519490642734,16
2460073,9.925798336788276,6
2460084,9.776634691528656,11
2460090,9.787901304522237,6
2460104,9.669147358115044,14
2460111,9.892156049922932,7
2460120,9.80720019316837,9
2460130,9.78611809855011,10
2460131,10.0,1
2460140,9.811055507420768,9
2460143,9.951314552609647,3
2460156,9.699838085672711,13
2460168,9.747229809015606,12
2460179,9.775213350952896,11
2460191,9.542883332486886,12
2460204,9.702625842870978,13
2460212,9.824949651564081,8
2460227,9.684783054486994,15
2460228,10.0,1
2460235,9.85428752143119,7
2460236,9.987313427561892,1
2460247,9.784428566125408,11
2460264,9.670822613061452,17
2460271,9.853610336422681,7
2460279,9.843771925280315,8
2460289,9.80347302776291,10
2460297,9.84649442546039,8
2460315,9.598045162361323,18
2460321,9.91759872808635,6
2460340,9.51743178844221,19
2460346,9.902795065751343,6
2460357,9.789507710034211,11
2460358,10.0,1
2460367,9.797409485339294,9
2460377,9.81683968314123,10
2460380,9.965278086049752,3
2460384,9.930016790092644,4
2460391,9.871072253931901,7
2460392,10.0,1
2460398,9.89790112989909,6
2460399,10.0,1
2460407,9.826694138401576,8
2460417,9.796479968715438,10
2460427,9.815704753822498,10
2460441,9.675807934808493,14
2460456,9.650735887461183,15
2460477,9.561958498530311,21
2460493,9.619794568402039,16
2460503,9.811501602306569,10
2460508,9.920232274947441,5
2460514,9.898400026178795,6
2460523,9.835392669459093,9
2460530,9.873269094304517,7
2460544,9.709894993482605,14
2460553,9.847834595436144,9
2460556,9.950411342662326,3
2460564,9.854850720430221,8
2460579,9.676456557244522,15
2460589,9.790748920214533,10
2460604,9.657234871016682,15
2460611,9.852210154556905,7
2460620,9.814954220582758,9
2460621,10.0,1
2460628,9.756112964592399,7
2460634,9.902550968617925,6
2460642,9.846623127103872,8
2460648,9.905033285125334,6
2460656,9.831130801724939,8
2460672,9.692748005056998,16
2460678,9.916182270540999,6
2460684,9.905810860415022,6
2460688,9.738543345925569,4
2460691,9.965489928067582,3
2460701,9.819240157861987,10
2460702,10.0,1
2460707,9.914389808620797,5
2460708,10.0,1
2460715,9.86528679368225,7
2460716,10.0,1
2460719,9.955044084401502,3
2460724,9.923312717228626,5
2460732,9.837749358235545,8
2460743,9.811642194006996,11
2460751,9.851067419154306,8
2460759,9.847762367596044,8
2460769,9.78023269387794,10
2460770,10.0,1
2460775,9.907216782419306,5
2460783,9.826122172122593,8
2460793,9.792054949803834,10
2460805,9.631084096004665,12
2460815,9.83218215069134,10
2460827,9.733652269783544,12
2460838,9.789820397400998,11
2460846,9.85511171206067,8
2460856,9.780296156723201,10
2460866,9.793776717848134,10
2460886,9.538634546799848,20
2460889,9.964554225319029,3
2460897,9.84807198433111,8
2460912,9.707817229306483,15
2460920,9.83997764763912,8
2460930,9.788715381477216,10
2460931,9.992962279929678,1
2460937,9.892413666117985,6
2460960,9.62131097486757,23
2460972,9.715595283733055,12
2460979,9.88226152504535,7
2460980,9.99653752986258,1
2460995,9.685673902492029,15
2461007,9.729282142312806,12
2461020,9.737110818453198,13
2461032,9.734854997938111,12
2461041,9.821351571709721,9
2461049,9.817924561244318,8
2461065,9.654949790098764,16
2461079,9.666167172545114,14
2461086,9.8877238944884,7
2461091,9.918481541918455,5
2461102,9.743729707992046,11
2461106,9.93543021893449,4
2461114,9.871505610685846,8
2461131,9.533033653672211,17
2461143,9.769978858989681,12
2461144,10.0,1
2461158,9.69595162109459,14
2461168,9.788491475773577,10
2461174,9.88325912848527,6
2461191,9.636022146744228,17
2461195,9.93240871545384,4
2461206,9.787722902554092,11
2461217,9.797637061407325,11
2461221,9.952291273135819,4
2461230,9.802541433408871,9
2461251,9.583419687660571,21
2461257,9.906908039633914,6
2461269,9.671780133042295,12
2461281,9.774877367324908,12
2461289,9.857495935252725,8
2461296,9.871470651694732,7
2461301,9.904341221791725,5
2461308,9.849859059329745,7
2461318,9.816191375998768,10
2461337,9.567726147273532,19
2461344,9.877344003142673,7
2461353,9.754748129278648,9
2461362,9.845373682938002,9
2461369,9.880573256812761,7
2461373,9.929578337673297,4
2461380,9.875043770103607,7
2461381,10.0,1
2461391,9.782930437448787,10
2461392,10.0,1
2461393,10.0,1
2461402,9.869534659470544,9
2461419,9.6429525970807,17
2461431,9.732434771085455,12
2461442,9.773761681478328,11
2461443,9.996232520149523,1
2461452,9.803013347008386,9
2461453,10.0,1
2461463,9.79170724511384,10
2461477,9.674666884497778,14
2461488,9.668953722049629,11
2461496,9.866085779458832,8
2461504,9.660523962759871,8
2461513,9.721512114857223,9
2461520,9.880895777294128,7
2461531,9.766274030634472,11
2461544,9.706477449726638,13
2461552,9.861673409807638,8
2461565,9.749442035200682,13
2461578,9.704227421515451,13
2461579,10.0,1
2461595,9.650151232839589,16
2461610,9.69929052087713,15
2461615,9.919898408209177,5
2461621,9.90794261262445,6
2461628,9.875587935043711,7
2461640,9.733179944270393,12
2461653,9.782642672143595,13
2461663,9.825087703370333,10
2461681,9.58894037066788,18
2461688,9.86278607585711,7
2461695,9.89424920054746,7
2461708,9.717195882917345,13
2461719,9.77831140484675,11
2461809,8.381344061766208,90
2461814,9.91898077001264,5
2461829,9.605388133198538,15
2461835,9.898799163546473,6
2461855,9.304135845279562,20
2461856,10.0,1
2461859,9.960363392774267,3
2461866,9.870614833247389,7
2461869,9.955558915479457,3
2461876,9.86808274326232,7
2461883,9.892591992432523,7
2461884,10.0,1
2461894,9.810168001892619,10
2461900,9.90018884275948,6
2461910,9.822304782737492,10
2461922,9.7670945083746,12
2461936,9.714578863412083,14
2461941,9.922885941814487,5
2461945,9.93817966921664,4
2461948,9.96853250253663,3
2461955,9.860898793109046,7
2461968,9.729217310891364,13
2461980,9.73502650409793,12
2461995,9.672254510957961,15
2462007,9.806496889967622,12
2462015,9.852967431384666,8
2462026,9.772093245736462,11
2462036,9.789947950718487,10
2462037,10.0,1
2462048,9.780477620659724,11
2462059,9.79296897853988,11
2462063,9.955057359001712,4
2462076,9.721536077081321,13
2462077,10.0,1
2462092,9.658060679195971,15
2462093,10.0,1
2462106,9.715624652213446,13
2462118,9.748434377764928,12
2462132,9.662200306278475,14
2462137,9.930859582229962,5
2462151,9.702984126654936,14
2462161,9.776737635212399,10
2462165,9.949060662838924,4
2462178,9.40318988875773,13
2462187,9.837915785156639,9
2462193,9.887767394336514,6
2462196,9.967646538835188,3
2462207,9.771282527103455,11
2462214,9.889883543007546,7
2462215,9.989123029969928,1
2462222,9.873130175329415,7
2462232,9.836338293128819,10
2462243,9.777098068330968,11
2462251,9.834740750428569,8
2462270,9.580776668384528,19
2462274,9.945468790426377,4
2462281,9.879005875636949,7
2462297,9.638252718797064,16
2462310,9.719141384775549,13
2462316,9.908969028302913,6
2462320,9.9363935653555,4
2462328,9.847244777183263,8
2462340,9.755674505459625,12
2462345,9.905204287047559,5
2462357,9.74437340198996,12
2462370,9.764065471981485,13
2462371,10.0,1
2462389,9.688038422804308,18
2462412,9.409638920310753,23
2462422,9.800398642454208,10
2462429,9.868828788585002,7
2462443,9.707889559846498,14
2462444,10.0,1
2462450,9.900543512796867,6
2462457,9.874195942961014,7
2462470,9.721988179890987,13
2462472,9.972360565137816,2
2462486,9.705443815185951,14
2462491,9.914870533958398,5
2462496,9.922661652815348,5
2462507,9.758813550543877,11
2462508,10.0,1
2462509,10.0,1
2462515,9.897920260353414,6
2462529,9.699029803037206,14
2462540,9.749417676556188,11
2462551,9.78029526921,11
2462570,9.5349314135805,19
2462580,9.796809907541908,10
2462596,9.653413382760673,16
2462617,9.484686821373423,21
2462626,9.80280960154186,9
2462637,9.804999670663987,11
2462647,9.805649363626745,10
2462661,9.72244263774439,14
2462677,9.702314636576517,16
2462684,9.893899041737898,7
2462690,9.904112615285499,6
2462727,9.267010232498766,37
2462732,9.928721883742533,5
2462744,9.776993669592176,12
2462747,9.951521723770448,3
2462757,9.800054288902123,10
2462758,10.0,1
2462769,9.77924419911761,11
2462777,9.831608041115901,8
2462790,9.698111501350224,13
2462802,9.620853117012649,12
2462808,9.902764271131247,6
2462809,10.0,1
2462810,10.0,1
2462815,9.913834997679075,5
2462833,9.455825484131008,18
2462844,9.758355094098254,11
2462852,9.855971180546865,8
2462853,10.0,1
2462867,9.670021271653583,14
2462875,9.850317125176057,8
2462887,9.752282910029288,12
2462893,9.891798676095393,6
2462904,9.798975320030237,11
2462905,10.0,1
2462911,9.89776344155289,6
2462923,9.729512884733323,12
2462931,9.83730708010667,8
2462943,9.753985642123652,12
2462949,9.905336525743998,6
2462960,9.712274618479546,11
2462970,9.797639687774499,10
2462980,9.796646446135332,10
2462988,9.83894335805539,8
2462990,9.97258733115403,2
2462991,9.992820782307442,1
2462997,9.895135648210426,6
2462999,9.97917906351473,2
2463010,9.758953966981862,11
2463016,9.902183710199091,6
2463021,9.931347990958477,5
2463041,9.492136810773225,20
2463050,9.810467364078272,9
2463061,9.75627649836741,11
2463064,9.963875223910971,3
2463074,9.787057786930363,10
2463083,9.853523984112508,9
2463091,9.808675905376562,8
2463108,9.640654232785256,17
2463112,9.849511958064024,4
2463119,9.663867944106793,7
2463124,9.931601000425502,5
2463129,9.911272408548605,5
2463138,9.799150511533341,9
2463142,9.92737602160873,4
2463153,9.755601873278895,11
2463161,9.885853665323229,8
2463172,9.773251075557734,11
2463193,8.346403128353305,21
2463204,9.789505983164567,11
2463216,9.740050196968166,12
2463223,9.887813597358809,7
2463237,9.685565581646197,14
2463252,9.627457020305474,15
2463272,9.596684510954686,20
2463283,9.794394419709421,11
2463296,9.724187070689142,13
2463307,9.78424964075456,11
2463322,9.71159372011586,15
2463325,9.961233033921152,3
2463329,9.951061645329037,4
2463340,9.758345578785313,11
2463343,9.968598053992055,3
2463354,9.779264649185457,11
2463365,9.761890948719774,11
2463368,9.95538574236315,3
2463371,9.956818797279153,3
2463380,9.841769444199658,9
2463392,9.748524263430328,12
2463408,9.683010216161003,16
2463418,9.81273568886225,10
2463433,9.675790887194738,15
2463446,9.300597696438146,13
2463459,9.72512792027892,13
2463465,9.87849728810735,6
2463471,9.896152955711042,6
2463479,9.869611226118225,8
2463490,9.799633073177022,11
2463498,9.827057208074244,8
2463501,9.962024708773804,3
2463513,9.744949167655065,12
2463522,9.823113615736196,9
2463531,9.84376972122949,9
2463539,9.84311445426681,8
2463563,9.411604881469879,24
2463574,9.798308214305386,11
2463582,9.844654105116438,8
2463591,9.81852637554761,9
2463605,9.726157343710854,14
2463613,9.826609358892517,8
2463621,9.85265246614552,8
2463635,9.492598385735873,14
2463642,9.892966819275408,7
2463647,9.905199503979993,5
2463648,10.0,1
2463654,9.8859831736895,6
2463664,9.824339501471437,10
2463668,9.937118165363442,4
2463679,9.77102666125639,11
2463686,9.885128638797491,7
2463687,10.0,1
2463694,9.86136615297455,7
2463706,9.745683611172986,12
2463707,10.0,1
2463708,10.0,1
2463712,9.951537897520163,4
2463726,9.68555517639306,14
2463733,9.88836485851654,7
2463739,9.89736808276467,6
2463742,9.954323707810586,3
2463751,9.820274645544524,9
2463761,9.811027301120669,10
2463770,9.825459595829209,9
2463778,9.835575206788189,8
2463784,9.904200953094477,6
2463795,9.780203952897843,11
2463802,9.879997377788179,7
2463823,9.58914957867898,21
2463833,9.797600643251622,10
2463843,9.852068906020115,10
2463848,9.922650752473293,5
2463863,9.682033224100545,15
2463872,9.812848203668885,9
2463884,9.741522542532234,12
2463890,9.909167970691009,6
2463924,9.31975556778324,34
2463934,9.795068987434954,10
2463943,9.83711948034352,9
2463953,9.817064020596014,10
2463960,9.873590859686644,7
2463963,9.951502403789215,3
2463977,9.710061791869904,14
2463986,9.815145693009777,9
2463998,9.778686710872199,12
2464012,9.696720500782536,14
2464020,9.857420646849777,8
2464032,9.724832227194746,12
2464037,9.905073598692518,5
2464038,9.996744957912599,1
2464049,9.761353632259896,11
2464053,9.939225360856515,4
2464066,9.731771014622984,13
2464075,9.817878163631715,9
2464082,9.869607552178143,7
2464092,9.816569051090884,10
2464094,9.980136484118153,2
2464102,9.847759654698406,8
2464107,9.912921949491613,5
2464115,9.876598441731517,8
2464130,9.722774451831754,15
2464131,10.0,1
2464147,9.646299429961104,16
2464149,9.974174197661023,2
2464155,9.920553694656036,6
2464165,9.685570161950956,10
2464170,9.915794758167031,5
2464186,9.619422686044791,16
2464192,9.909163548368241,6
2464193,10.0,1
2464210,9.675657660425685,17
2464226,9.629497696728627,16
2464232,9.895428377465427,6
2464238,9.893946354571263,6
2464239,10.0,1
2464251,9.73504316717548,12
2464252,10.0,1
2464263,9.82123695556351,11
2464266,9.95330322689649,3
2464278,9.761679860636107,12
2464291,9.701727503573089,13
2464303,9.703558963166024,12
2464306,9.953822647734896,3
2464309,9.952283701810297,3
2464319,9.766110402072476,10
2464331,9.762414108370615,12
2464334,9.952535646663822,3
2464348,9.662460805256186,14
2464360,9.731249672343427,12
2464374,9.687206531901628,14
2464379,9.914651927527707,5
2464384,9.897040009032063,5
2464393,9.804892196644484,9
2464395,9.97153966485252,2
2464403,9.848639884575498,8
2464412,9.806252565807977,9
2464421,9.85248265588654,9
2464432,9.792414797319907,11
2464442,9.77753335145531,10
2464459,9.597643105132702,17
2464474,9.663871953165254,15
2464484,9.802560188746309,10
2464486,9.984164422011018,2
2464495,9.858874100018957,9
2464510,9.671032598254278,15
2464511,10.0,1
2464516,9.922228902233481,5
2464523,9.876411771033576,7
2464532,9.826493212844097,9
2464542,9.799825044552373,10
2464557,9.65182615600219,15
2464562,9.908776157169424,5
2464573,9.747936392248826,11
2464584,9.799957986447376,11
2464593,9.8469241314642,9
2464602,9.827045046611042,9
2464614,9.741100606175054,12
2464627,9.69551675390624,13
2464640,9.711466922910029,13
2464652,9.51905706336558,12
2464665,9.708897607763754,13
2464669,9.939568058381475,4
2464674,9.9226917000061,5
2464681,9.85360713929203,7
2464690,9.80916586076544,9
2464699,9.821946445820458,9
2464704,9.911120052519422,5
2464715,9.757411983159358,11
2464722,9.877480902999885,7
2464723,10.0,1
2464733,9.769413183810348,10
2464745,9.74491127025386,12
2464759,9.723728016727112,14
2464774,9.675353721179585,15
2464784,9.84291894731157,10
2464791,9.89936709341489,7
2464795,9.960410582049937,4
2464807,9.73386387576749,12
2464808,10.0,1
2464813,9.909291881068322,5
2464823,9.773895598065257,10
2464832,9.801200200978485,9
2464843,9.793601515594494,11
2464844,10.0,1
2464845,10.0,1
2464859,9.711340120435313,14
2464866,9.865409529250162,7
2464887,9.475052794846505,21
2464899,9.731964151789228,12
2464907,9.85353715211263,8
2464908,10.0,1
2464911,9.958764683782437,3
2464915,9.931604848085684,4
2464921,9.894908086577681,6
2464925,9.934835271282207,4
2464944,9.56009529205798,19
2464953,9.814693955276038,9
2464958,9.921449138462265,5
2464964,9.917627818781243,6
2464973,9.728513617471652,9
2464984,9.780452124198883,11
2464988,9.935641129024457,4
2464995,9.854155793310522,7
2465006,9.748502522048659,11
2465018,9.746990464415413,12
2465028,9.78082423205462,10
2465029,10.0,1
2465038,9.81958124042777,9
2465039,10.0,1
2465045,9.900049878244063,6
2465054,9.826855026854645,9
2465065,9.768173742216836,11
2465070,9.91379061600772,5
2465082,9.76499199212148,12
2465088,9.905391054994244,6
2465096,9.843534193877181,8
2465097,10.0,1
2465102,9.928112105184086,5
2465107,9.909549375110117,5
2465118,9.761958620762483,11
2465130,9.759056005745952,12
2465138,9.867822293410397,8
2465149,9.783672404256604,11
2465155,9.903205610028813,6
2465162,9.85564416814655,7
2465172,9.795816239740722,10
2465184,9.743971530285554,12
2465185,10.0,1
2465191,9.887736606286605,6
2465199,9.844174173219793,8
2465207,9.82649395555549,8
2465213,9.898091354969093,6
2465221,9.844638989446889,8
2465228,9.874645796383401,7
2465244,9.703758759386691,16
2465247,9.956841782749448,3
2465259,9.784110988318602,12
2465267,9.846156446322757,8
2465278,9.757923872099893,11
2465284,9.871610286631368,6
2465294,9.609279094261604,10
2465299,9.90847365311052,5
2465311,9.731298469891142,12
2465322,9.802360024396098,11
2465330,9.828325319828553,8
2465339,9.64309175835685,9
2465345,9.882403122060419,6
2465355,9.780091887617088,10
2465370,9.703712241155856,15
2465379,9.830423693012355,9
2465380,10.0,1
2465387,9.863746832782907,7
2465391,9.939101854171918,4
2465392,9.996564522391436,1
2465405,9.713716461538692,13
2465419,9.666337583131558,14
2465427,9.850262575064564,8
2465437,9.772397176808843,10
2465447,9.796368820363476,10
2465466,9.628226860186041,19
2465475,9.829981287281381,9
2465480,9.908629135230308,5
2465491,9.764310896432253,11
2465498,9.871222491366826,7
2465508,9.802652282767923,10
2465522,9.678266159523234,14
2465530,9.867100736190405,8
2465536,9.89148138099324,6
2465551,9.675246407426169,15
2465561,9.81559175715341,10
2465562,10.0,1
2465573,9.802845484861226,11
2465579,9.878655116466046,6
2465590,9.796050079654306,11
2465594,9.935764531141846,4
2465605,9.77396098878098,11
2465616,9.808291940272905,11
2465618,9.973306558413636,2
2465623,9.93667393523074,5
2465630,9.877943741918711,7
2465642,9.76662691484368,12
2465654,9.725564666006358,12
2465665,9.759262023826738,11
2465668,9.969275626077799,3
2465678,9.809463824013,10
2465688,9.803686839806673,10
2465691,9.96372942157618,3
2465699,9.84635924293638,8
2465710,9.5742258236625,11
2465718,9.849670465377374,8
2465733,9.663115623456632,15
2465739,9.903973292244089,6
2465752,9.751858099455081,13
2465759,9.85499686607741,7
2465763,9.932854702175261,4
2465772,9.83105609409632,9
2465779,9.88011478565736,7
2465785,9.90373407200184,6
2465799,9.674894318209093,14
2465800,10.0,1
2465804,9.937763641735858,4
2465810,9.890338728976166,6
2465821,9.7677974673842,11
2465837,9.628779301956474,16
2465840,9.954228046969561,3
2465852,9.738270212016365,12
2465859,9.872785277921391,7
2465860,10.0,1
2465865,9.73089057290912,5
2465876,9.746903694077776,11
2465880,9.927807708020351,4
2465883,9.954046329096661,3
2465894,9.769823662520208,11
2465899,9.921174591779534,5
2465906,9.88029154953278,7
2465909,9.961738522675335,3
2465919,9.791117827402644,10
2465934,9.652461910217783,15
2465945,9.759880266444663,11
2465946,10.0,1
2465956,9.821834694566814,10
2465957,10.0,1
2465967,9.801335516916723,10
2465981,9.689411954434128,14
2465988,9.865290409735751,7
2466000,9.533656383454703,12
2466002,9.975288421825853,2
2466009,9.866530575788616,7
2466016,9.872731931169291,7
2466029,9.732503891520812,13
2466042,9.685923485899771,13
2466047,9.900429656653444,5
2466054,9.881655620540174,7
2466063,9.814763529951385,9
2466071,9.852575434767804,8
2466083,9.725135883605178,12
2466084,10.0,1
2466100,9.693587299942513,16
2466117,9.192501909528875,17
2466136,9.561181834448497,19
2466147,9.750655263813336,11
2466161,9.69309409578625,14
2466175,9.7280790820471,14
2466179,9.939258741729052,4
2466192,9.759169552596866,13
2466194,9.977027324109034,2
2466202,9.872273944212193,8
2466216,9.688624352291777,14
2466217,10.0,1
2466225,9.86500400669174,8
2466235,9.804550997814466,10
2466248,9.753011174816454,13
2466250,9.985063320075241,2
2466266,9.612717475222246,16
2466272,9.90099134884609,6
2466281,9.82771855901032,9
2466291,9.82958070866486,10
2466309,9.612757733451526,18
2466314,9.914931840140127,5
2466320,9.904499593872869,6
2466331,9.77431749002351,11
2466340,9.811756052297143,9
2466343,9.959614186173079,3
2466344,10.0,1
2466350,9.903433150669729,6
2466356,9.896463579838866,6
2466361,9.908037116126865,5
2466373,9.540817003448442,12
2466381,9.863999927605171,8
2466394,9.792280933820491,13
2466397,9.961551700990427,3
2466410,9.710511388734304,13
2466437,9.447053010293793,27
2466443,9.895989696436754,6
2466453,9.789136335509362,10
2466461,9.829835363356958,8
2466467,9.90738385029465,6
2466477,9.753857337189784,10
2466486,9.830743082196497,9
2466493,9.855115707229759,7
2466494,9.989110960153504,1
2466510,9.59743947563183,16
2466518,9.844534288960435,8
2466519,10.0,1
2466544,9.386388930573874,25
2466566,9.596633679410601,22
2466578,9.722962515576432,12
2466586,9.834247880141138,8
2466593,9.903391503958641,7
2466604,9.752476395783622,11
2466613,9.834478481312873,9
2466623,9.793882043434094,10
2466635,9.632802922312372,12
2466648,9.7061468573501,13
2466651,9.869726513461814,3
2466662,9.78073432083025,11
2466667,9.931266983753522,5
2466671,9.936471659810431,4
2466686,9.667171660468943,15
2466703,9.599358548428512,17
2466717,9.65479744364189,14
2466720,9.96050115007229,3
2466728,9.830603662068102,8
2466731,9.950929163442536,3
2466736,9.926693830406307,5
2466751,9.640899815120985,15
2466766,9.608110728843743,15
2466771,9.902014836717377,5
2466772,10.0,1
2466777,9.933395486509735,5
2466793,9.624878151352933,16
2466795,9.985037036152734,2
2466805,9.796323961304992,10
2466811,9.902370538724185,6
2466819,9.854643647023181,8
2466832,9.729030031680342,13
2466839,9.864311033267995,7
2466853,9.688234170680834,14
2466863,9.805989981311821,10
2466870,9.896503368301907,7
2466881,9.748805162322261,11
2466890,9.80432710065454,9
2466901,9.76413119192445,11
2466905,9.834033199339379,4
2466906,10.0,1
2466913,9.879890690488628,7
2466923,9.827865766868172,10
2466930,9.877001892657892,7
2466938,9.845903609588653,8
2466955,9.614549390882612,17
2466956,10.0,1
2466963,9.855146665252866,7
2466966,9.958650966164484,3
2466973,9.858515481928691,7
2466979,9.893802834236892,6
2466988,9.814996291930614,9
2466989,10.0,1
2466993,9.940398069937965,4
2466995,9.969950423458405,2
2467012,9.596498595433127,17
2467019,9.876653507309813,7
2467024,9.916542883993923,5
2467035,9.685825311928221,11
2467044,9.842306843098465,9
2467051,9.85947932916963,7
2467058,9.862212281155815,7
2467070,9.725803137658556,12
2467088,9.630519400817747,18
2467100,9.781890185615653,12
2467104,9.94438486432581,4
2467113,9.809797562531159,9
2467121,9.865321489049096,8
2467124,9.965955458040709,3
2467132,9.863005420778398,8
2467143,9.719857311046535,11
2467152,9.858403177834495,9
2467160,9.868643450012396,8
2467169,9.806654085113998,9
2467172,9.967678672784823,3
2467178,9.880532737330523,6
2467185,9.870352664271321,7
2467199,9.712206740243706,14
2467205,9.873879789486132,6
2467206,10.0,1
2467214,9.85391938360469,8
2467224,9.819917916919826,10
2467236,9.346703037591181,12
2467242,9.90355078232669,6
2467254,9.73103832613415,12
2467258,9.94268362071594,4
2467259,10.0,1
2467275,9.615352978306134,16
2467276,10.0,1
2467288,9.745994770845124,12
2467292,9.929789889181645,4
2467298,9.87390623245037,6
2467305,9.857127838017544,7
2467306,10.0,1
2467316,9.81291179081609,10
2467317,10.0,1
2467320,9.965797856030662,3
2467329,9.80904504443151,9
2467338,9.82364393327447,9
2467340,9.97509661050853,2
2467358,9.498587449147687,18
2467366,9.858032263804665,8
2467369,9.965382980739358,3
2467373,9.95005769396176,4
2467374,10.0,1
2467386,9.750402004789937,12
2467401,9.718527047436636,15
2467414,9.728035441720838,13
2467423,9.820443591645496,9
2467441,9.566902238634265,18
2467445,9.943203629900177,4
2467458,9.762738053497126,13
2467469,9.75929797982989,11
2467479,9.790039188949232,10
2467483,9.932441444882016,4
2467484,10.0,1
2467494,9.79864436220936,10
2467495,10.0,1
2467496,10.0,1
2467505,9.813807166232491,9
2467518,9.752114584904707,13
2467525,9.66431839643578,7
2467532,9.855409630676158,7
2467551,9.526137893572749,19
2467567,9.636738370613122,16
2467572,9.923908501843156,5
2467585,9.695966420670889,13
2467596,9.74582604933857,11
2467609,9.712314299347804,13
2467618,9.807497190145712,9
2467627,9.805598936948844,9
2467644,9.612246682370822,17
2467657,9.524357388267083,13
2467662,9.913696658653905,5
2467663,10.0,1
2467670,9.876613220821781,7
2467678,9.857396166296976,8
2467679,10.0,1
2467680,10.0,1
2467690,9.779626565422571,10
2467700,9.776381308991494,10
2467701,10.0,1
2467706,9.903486207990266,5
2467712,9.893336801658055,6
2467720,9.875487689570878,8
2467730,9.801311267274718,10
2467746,9.675049629407944,16
2467753,9.881127608719686,7
2467767,9.544802908524902,14
2467778,9.786231562936287,11
2467783,9.930897036948023,5
2467799,9.64624190028279,16
2467813,9.694293371659949,14
2467820,9.881337095762147,7
2467835,9.626765672125954,15
2467848,9.770102537436413,13
2467874,9.381346995860648,26
2467879,9.919451357468526,5
2467883,9.938209222977372,4
2467893,9.782220109807506,10
2467899,9.890895225661705,6
2467912,9.755073282954283,13
2467921,9.802980869703688,9
2467926,9.904519986094702,5
2467931,9.914304534672828,5
2467936,9.907566167779022,5
2467937,10.0,1
2467952,9.550583567128067,15
2467970,9.555448785540982,18
2467981,9.775485779450166,11
2467991,9.80312893232581,10
2468011,9.620095611369518,20
2468012,10.0,1
2468031,9.579742635524088,19
2468042,9.661606438879062,11
2468053,9.770835399035876,11
2468064,9.769096988749343,11
2468072,9.824207725309936,8
2468079,9.870948423167711,7
2468092,9.738205727712772,13
2468100,9.838576448036427,8
2468101,9.987987183166226,1
2468104,9.950618549371057,3
2468111,9.890611550232219,7
2468115,9.922653306167799,4
2468120,9.92081976170629,5
2468138,7.949101023562733,18
2468152,9.687988683105228,14
2468155,9.9621231021149,3
2468164,9.818312681530799,9
2468169,9.916667326486749,5
2468170,10.0,1
2468172,9.976797626934728,2
2468184,9.731436512273802,12
2468198,9.694676196603782,14
2468217,9.651973524337677,19
2468218,9.99303284749021,1
2468224,9.9107402874076,6
2468229,9.928191633856688,5
2468241,9.752021290828472,12
2468247,9.89851599264437,6
2468257,9.769134057116414,10
2468266,9.824242013234727,9
2468276,9.80848507115634,10
2468282,9.897387830812972,6
2468298,9.6549356864615,16
2468314,9.66480663939659,16
2468323,9.803212384910042,9
2468328,9.937972070593146,5
2468336,9.741301759285804,8
2468346,9.831761967633192,10
2468357,9.751776613495638,11
2468366,9.824452040559573,9
2468370,9.948163898024184,4
2468382,9.730156708203234,12
2468392,9.827176479610367,10
2468395,9.95461736591108,3
2468405,9.798787440885269,10
2468410,9.912254859223468,5
2468419,9.830674420844993,9
2468430,9.777411997605277,11
2468437,9.906690972870011,7
2468449,9.730632696726081,12
2468468,9.539058448705106,19
2468479,9.762295763153409,11
2468979,-109.73369859422944,500
2469479,-17.295153975539783,500
2469979,-23.39609723845614,500
2470479,-17.144845072972096,500
2470480,10.0,1
2470511,9.33814985366859,31
2470543,9.323892839750323,32
2470544,10.0,1
2471044,-48.12440442025605,500
2471544,-14.467526700432472,500
2471549,9.922731495129588,5
2471557,9.853004090903783,8
2471565,9.831052015774127,8
2471579,9.66080854202069,14
2471597,9.584751269792775,18
2471608,9.813062539535249,11
2471621,9.729331755348815,13
2471636,9.726593518238955,15
2471640,9.933718852970676,4
2471643,9.951226737490916,3
2471654,9.741257702157737,11
2471660,9.885862776421362,6
2471666,9.893538438514302,6
2471673,9.855634070204657,7
2471684,9.769068613478735,11
2471686,9.98307338789278,2
2471695,9.821116835417268,9
2471702,9.865255533791016,7
2471712,9.807662903245498,10
2471720,9.833381914694789,8
2471735,9.671315242380631,15
2471745,9.79201256696288,10
2471753,9.870460871404704,8
2471766,9.724199892907944,13
2471768,9.976267743584579,2
2471784,9.666511801728307,16
2471791,9.86830591288768,7
2471805,9.66324633330594,14
2471806,10.0,1
2471819,9.699923030291847,13
2471823,9.92625336866009,4
2471833,9.788475137544422,10
2471842,9.762393459691532,9
2471858,9.623240120846063,16
2471859,10.0,1
2471869,9.773800111854996,10
2471884,9.63899672900464,15
2471890,9.88668176222732,6
2471899,9.828053322868731,9
2471909,9.80472310403352,10
2471916,9.883446501241568,7
2471924,9.830333137363239,8
2471934,9.800959258794006,10
2471938,9.949641408605148,4
2471945,9.857881633816893,7
2471950,9.913373638937639,5
2471960,9.790130873813787,10
2471969,9.850455743301254,9
2471984,9.743677191201039,15
2471997,9.724493545547952,13
2472006,9.529289533231445,9
2472021,9.684946595976243,15
2472033,9.761466116092407,12
2472045,9.768952380849544,12
2472053,9.870290707996402,8
2472065,9.739738784140675,12
2472079,9.715205105041862,14
2472092,9.744929434220785,13
2472113,9.531765775676254,21
2472125,9.755966622194864,12
2472135,9.76487716463056,10
2472145,9.771488519236726,10
2472147,9.981194620788267,2
2472152,9.927481709460642,5
2472167,9.669922620538934,15
2472178,9.790743737939096,11
2472186,9.840660464295478,8
2472202,9.728894182194061,16
2472208,9.893909548216294,6
2472217,9.717337805302753,9
2472220,9.956886291194774,3
2472221,10.0,1
2472232,9.771442763976632,11
2472239,9.879058198043085,7
2472240,10.0,1
2472257,9.610976541750418,17
2472267,9.79768400169178,10
2472282,9.659127379877761,15
2472294,9.701387421519277,12
2472296,9.971451298821579,2
2472304,9.850651290767392,8
2472314,9.829350808280715,10
2472325,9.758911752544911,11
2472327,9.9839252954351,2
2472332,9.914783692639393,5
2472342,9.79972640388779,10
2472351,9.80905791763351,9
2472355,9.944267493956614,4
2472363,9.8374544823953,8
2472374,9.748072005633043,11
2472376,9.977098927769621,2
2472385,9.835923801531619,9
2472400,9.692571690698003,15
2472414,9.471635691547837,14
2472421,9.851639696267686,7
2472424,9.955150868799858,3
2472435,9.769517735507725,11
2472450,9.65382481970405,15
2472463,9.700180424350926,13
2472478,9.682951026988027,15
2472485,9.865350487648035,7
2472502,9.6344531111513,17
2472518,9.339213966932777,16
2472526,9.85104138002095,8
2472541,9.550056320874003,15
2472548,9.874827076033732,7
2472563,9.694125287217624,15
2472574,9.783853719134738,11
2472581,9.881459257266915,7
2472597,9.660592801910283,16
2472598,10.0,1
2472608,9.780326430397539,10
2472611,9.967631201213575,3
2472622,9.749824018198986,11
2472634,9.762044078304172,12
2472637,9.96757143532235,3
2472645,9.8583251546475,8
2472657,9.750500932745469,12
2472658,10.0,1
2472669,9.809967038921696,11
2472672,9.959089056851493,3
2472682,9.794098142464902,10
2472693,9.740155175287619,11
2472697,9.9313555628727,4
2472698,10.0,1
2472711,9.731921079792622,13
2472727,9.692352254534232,16
2472735,9.853475152123869,8
2472745,9.793496180952523,10
2472752,9.876039199764898,7
2472753,10.0,1
2472763,9.800073322237203,10
2472769,9.910953635610502,6
2472793,8.970046632734807,24
2472796,9.952462134234564,3
2472806,9.80263908714552,10
2472820,9.679811698239037,14
2472834,9.715743028977748,14
2472850,9.643255351423793,16
2472867,9.60708669631182,17
2472873,9.892578683515476,6
2472884,9.755968900549245,11
2472890,9.90364709758847,6
2472900,9.800155550680023,10
2472912,9.776334515732968,12
2472926,9.660681548490865,14
2472935,9.844404911485226,9
2472942,9.885589952696945,7
2472954,9.74368039428097,12
2472959,9.9003124193182,5
2472967,9.855958124487216,8
2472983,9.620083006845293,16
2472985,9.97383931786796,2
2472986,10.0,1
2472993,9.879521634380616,7
2473001,9.862339108430875,8
2473008,9.881907482954881,7
2473019,9.774506633104604,11
2473020,10.0,1
2473035,9.662278950269759,15
2473038,9.970441360196189,3
2473056,9.594229346510065,18
2473067,9.756458560069861,11
2473068,10.0,1
2473083,9.473641513334403,15
2473097,9.702362510228081,14
2473103,9.895953851939415,6
2473115,9.749993962450183,12
2473123,9.848007989154857,8
2473131,9.834488374032931,8
2473137,9.878947515241784,6
2473141,9.943602508491521,4
2473154,9.731662470719545,13
2473169,9.624935473093904,15
2473173,9.936907267756476,4
2473174,10.0,1
2473182,9.849386597038258,8
2473189,9.87671794057,7
2473196,9.879756028204286,7
2473212,9.611963913160624,16
2473225,9.724140395068504,13
2473236,9.733642810365433,11
2473245,9.739824752570007,9
2473252,9.856647553315856,7
2473272,9.535636154050984,20
2473283,9.71760918164857,11
2473290,9.879642502056464,7
2473295,9.93296723164257,5
2473302,9.900628174636967,7
2473303,10.0,1
2473312,9.81800742665685,9
2473322,9.80288577006108,10
2473331,9.851394976011685,9
2473332,10.0,1
2473333,10.0,1
2473350,9.674564592837907,17
2473365,9.672447350499978,15
2473368,9.953852162184182,3
2473373,9.919702963737215,5
2473389,9.618706355247621,16
2473391,9.971832614864162,2
2473398,9.847969286465855,7
2473408,9.809129885294245,10
2473415,9.88403969717732,7
2473419,9.936001651076808,4
2473431,9.752306224860067,12
2473445,9.758756233088489,14
2473459,9.684540941042801,14
2473473,9.702595542667256,14
2473478,9.911129750219981,5
2473487,9.784544943962361,9
2473503,9.6663765708164,16
2473512,9.811042046814748,9
2473525,9.7231544962868,13
2473532,9.863976371713258,7
2473538,9.895721587861052,6
2473544,9.884168155318434,6
2473551,9.86678212473802,7
2473555,9.947773961146348,4
2473562,9.865645578052984,7
2473584,9.563177437681162,22
2473592,9.825833226655002,8
2473597,9.920438817770949,5
2473608,9.786084633045467,11
2473615,9.884380767830189,7
2473632,9.620111707862556,17
2473641,9.792394117463685,9
2473649,9.849206810865653,8
2473668,9.466456143421588,19
2473674,9.87884666621586,6
2473683,9.815764690856378,9
2473684,10.0,1
2473688,9.934729355802636,4
2473692,9.938837687808157,4
2473703,9.776473896804648,11
2473721,9.627200209442542,18
2473725,9.943886036509166,4
2473726,10.0,1
2473736,9.798498218922058,10
2473739,9.955124376397121,3
2473749,9.767889796584734,10
2473754,9.923221111639698,5
2473770,9.635558923422845,16
2473771,10.0,1
2473772,10.0,1
2473773,10.0,1
2473788,9.644816059535243,15
2473802,9.731504109249359,14
2473810,9.844465983016413,8
2473820,9.792055295126758,10
2473832,9.739905577280608,12
2473841,9.790669266071255,9
2473842,10.0,1
2473844,9.975377073837747,2
2473858,9.717861698180762,14
2473865,9.840084306332352,7
2473870,9.917737916382467,5
2473879,9.810284212521491,9
2473888,9.841282028608171,9
2473902,9.685410347953164,14
2473912,9.77149647382561,10
2473918,9.883275208525552,6
2473926,9.862476719854723,8
2473929,9.967783824784114,3
2473936,9.869556506654487,7
2473941,9.943233558993619,5
2473945,9.949603868676357,4
2473956,9.755355083418452,11
2473960,9.936007414207102,4
2473961,10.0,1
2473967,9.887960638406039,6
2473973,9.88893865271608,6
2473983,9.815047199283825,10
2473997,9.658117369795578,14
2474010,9.73140142318764,13
2474016,9.900571762091088,6
2474023,9.880397868906112,7
2474038,9.675303692683668,15
2474042,9.947920848197882,4
2474052,9.804842630104705,10
2474068,9.66836153709066,16
2474083,9.713597231324599,15
2474098,9.716839405371104,15
2474103,9.914549393604231,5
2474117,9.652154421764576,14
2474133,9.634544388080515,16
2474141,9.865771535918137,8
2474154,9.70403060844969,13
2474167,9.684224942667129,13
2474171,9.93469799958625,4
2474183,9.741915827992306,12
2474195,9.750567799129865,12
2474203,9.867976679106095,8
2474216,9.728497756032997,13
2474233,9.657225611855097,17
2474246,9.764316760028393,13
2474261,9.648006692726565,15
2474273,9.752650966513833,12
2474278,9.903747472493952,5
2474292,9.701321825100733,14
2474301,9.82493327370533,9
2474322,9.450402993304845,21
2474324,9.978057762499184,2
2474332,9.828580619853062,8
2474338,9.896015346818626,6
2474355,9.602182597790033,17
2474370,9.7145377213032,15
2474380,9.808450322176892,10
2474388,9.84974665977506,8
2474396,9.836999037387326,8
2474403,9.872886755379303,7
2474415,9.760601885820352,12
2474424,9.805008114939834,9
2474427,9.95995457383076,3
2474435,9.835846583941981,8
2474441,9.899106365629143,6
2474452,9.772129165606076,11
2474460,9.82576102438095,8
2474461,10.0,1
2474462,10.0,1
2474472,9.828915591753963,10
2474473,9.993011794177415,1
2474474,10.0,1
2474483,9.80189564682831,9
2474495,9.748355811788512,12
2474496,10.0,1
2474497,10.0,1
2474502,9.921231214867575,5
2474508,9.881662269405087,6
2474517,9.822951265681542,9
2474520,9.95841471719141,3
2474582,-8.378926717001342,62
2474592,9.02010245641242,10
2474596,9.952174131995394,4
2474598,9.969037664160448,2
2474611,9.691501297744058,13
2474616,9.921493743696256,5
2474627,9.746333796261089,11
2474637,9.832874726993307,10
2474640,9.952138528832737,3
2474646,9.900918725968495,6
2474657,9.826323765479824,11
2474666,9.820965725817448,9
2474697,9.145277350872274,31
2474708,9.765837139172982,11
2474709,10.0,1
2474710,10.0,1
2474719,9.819950928069439,9
2474726,9.873292288734987,7
2474735,9.815341206052526,9
2474739,9.941674253983217,4
2474746,9.859554972392957,7
2474747,10.0,1
2474752,9.90880086055463,5
2474761,9.83377112775427,9
2474767,9.885486346908667,6
2474779,9.721869418376874,12
2474790,9.746528481399217,11
2474807,9.390946542342288,17
2474811,9.949416260733578,4
2474825,9.673393816689826,14
2474837,9.73921991086057,12
2474838,10.0,1
2474842,9.948356350806927,4
2474854,9.793115826638736,12
2474864,9.787772157648424,10
2474881,9.617212457109643,17
2474887,9.897876913157322,6
2474900,9.780641644992365,13
2474905,9.928484611865905,5
2474906,10.0,1
2474912,9.890605527673642,6
2474918,9.901341743435916,6
2474927,9.82705565750883,9
2474939,9.742149659175698,12
2474955,9.6682619657159,16
2474971,9.65242239998971,16
2474981,9.798140043046866,10
2474988,9.891739091758465,7
2474995,9.870301574768394,7
2475005,9.815560277531523,10
2475015,9.807031618357138,10
2475018,9.948326494224762,3
2475023,9.928899004047073,5
2475040,9.48990275854341,17
2475043,9.970621890701958,3
2475044,10.0,1
2475048,9.947976626625032,4
2475059,9.75573893560508,11
2475060,10.0,1
2475070,9.773856869976736,10
2475077,9.865778678262124,7
2475083,9.885807194874571,6
2475089,9.904382052864115,6
2475107,9.009504330746935,18
2475114,9.861312179611057,7
2475131,9.660854059869413,17
2475137,9.887675062889798,6
2475160,9.330737199165297,23
2475188,9.354253714235655,28
2475199,9.78163744960431,11
2475218,9.579572226659652,19
2475227,9.829246777625796,9
2475239,9.742913630420794,12
2475244,9.903311278447289,5
2475249,9.914605459366177,5
2475262,9.736305619318495,13
2475272,9.77978583112009,10
2475281,9.708648413767781,9
2475288,9.885791893924075,7
2475293,9.922008922976643,5
2475303,9.802249817001142,10
2475306,9.956840115469445,3
2475307,10.0,1
2475314,9.894447120509364,7
2475328,9.683129037927522,14
2475329,10.0,1
2475341,9.754190814866499,12
2475354,9.696966696719182,13
2475355,10.0,1
2475367,9.715524065615295,12
2475374,9.87122547702934,7
2475391,9.637825774801746,17
2475405,9.620510475198797,14
2475414,9.70559958544484,9
2475420,9.897951797227604,6
2475426,9.899902653291512,6
2475429,9.853374085388007,3
2475438,9.836523471801128,9
2475439,10.0,1
2475441,9.971673183777206,2
2475451,9.773167216085323,10
2475452,10.0,1
2475462,9.78224681700951,10
2475475,9.792917875904966,13
2475479,9.934220364002485,4
2475492,9.728157889442818,13
2475505,9.735881947227409,13
2475506,10.0,1
2475517,9.780259692110873,11
2475518,9.996337311184337,1
2475531,9.712956312702524,13
2475545,9.696157721807406,14
2475552,9.878806688605946,7
2475555,9.958236156186706,3
2475558,9.95126917214688,3
2475559,10.0,1
2475574,9.675964646754238,15
2475586,9.736776607549919,12
2475587,10.0,1
2475598,9.76111991590232,11
2475602,9.938989207673034,4
2475616,9.67099552731035,14
2475627,9.749849236362074,11
2475641,9.713325764292536,14
2475652,9.790794789470326,11
2475662,9.849687283231924,10
2475676,9.69048286920519,14
2475688,9.74304207654817,12
2475690,9.9722384263759,2
2475696,9.89332928018165,6
2475698,9.970688155847899,2
2475704,9.902177252295054,6
2475709,9.91178733041604,5
2475727,9.652817710196786,18
2475739,9.754629722916853,12
2475748,9.789919942354576,9
2475749,10.0,1
2475756,9.860943693816887,7
2475765,9.82448424347598,9
2475773,9.863931426534554,8
2475778,9.926698304080034,5
2475787,9.809634134823307,9
2475794,9.885020372436214,7
2475808,9.689129687302833,14
2475820,9.738242363686199,12
2475831,9.811835882498055,11
2475839,9.83340261326163,8
2475840,10.0,1
2475844,9.939991114109878,4
2475851,9.880271474369799,7
2475865,9.713253865376418,14
2475871,9.892205173887437,6
2475879,9.844934682512074,8
2475889,9.795879340569591,10
2475894,9.924326971251261,5
2475910,9.67551357628944,16
2475915,9.901820832665768,5
2475916,9.992925413064498,1
2475924,9.868231605999702,8
2475931,9.870717176587894,7
2475938,9.878865929373202,7
2475946,9.867674199662657,8
2475958,9.77291514995537,12
2475963,9.904657669306477,5
2475971,9.839615549677228,8
2475976,9.930050968094479,5
2475988,9.725612166413867,12
2476000,9.762041421826355,12
2476009,9.804682188063868,9
2476025,9.679713819437996,16
2476029,9.941993747779918,4
2476039,9.809213020675529,10
2476045,9.894254982933221,6
2476060,9.63853949152989,15
2476065,9.893471520760443,5
2476068,9.952875565732889,3
2476073,9.918155386578963,5
2476079,9.898504316925036,6
2476094,9.536034671826112,15
2476101,9.851669341683639,7
2476109,9.824871847409069,8
2476119,9.809088956129335,10
2476123,9.941220278225297,4
2476134,9.76446995067521,11
2476146,9.7402063569166,12
2476159,9.725506570668513,13
2476166,9.875693700752226,7
2476172,9.87902891625687,6
2476182,9.806204107647359,10
2476183,10.0,1
2476184,10.0,1
2476200,9.639698224765368,16
2476205,9.92382820525473,5
2476212,9.881577283929948,7
2476220,9.856356862789418,8
2476231,9.805434365911283,11
2476241,9.827085943276831,10
2476250,9.83244529592952,9
2476253,9.954746087919949,3
2476266,9.725180586302288,13
2476277,9.778572312690859,11
2476280,9.946220723549379,3
2476288,9.851713739881744,8
2476297,9.83787205977679,9
2476303,9.908174228247026,6
2476306,9.958809332382529,3
2476310,9.938754446917091,4
2476323,9.740565071264594,13
2476326,9.965910105501742,3
2476337,9.755879319496245,11
2476348,9.79999481061053,11
2476357,9.817626751561324,9
2476366,9.84455418861377,9
2476367,10.0,1
2476372,9.923697162573584,5
2476377,9.909329762019222,5
2476378,9.992713087111248,1
2476386,9.853425730484952,8
2476396,9.81260808608666,10
2476402,9.896692679077951,6
2476412,9.770332440357727,10
2476419,9.86768596493306,7
2476426,9.876237219790077,7
2476428,9.979162151209078,2
2476432,9.937745240090226,4
2476441,9.833062633772915,9
2476445,9.925917533032282,4
2476451,9.89258622348959,6
2476452,9.993286886667011,1
2476459,9.8844705279435,7
2476469,9.784330378189843,10
2476472,9.966241873554495,3
2476474,9.984196252956583,2
2476475,10.0,1
2476488,9.626285928831054,13
2476501,9.766572559963468,13
2476505,9.932167431766526,4
2476518,9.720692020902506,13
2476531,9.701731550312575,13
2476534,9.965692355434038,3
2476545,9.79474849674289,11
2476559,9.731855643938642,14
2476560,10.0,1
2476564,9.936471128156532,4
2476572,9.665768727661726,8
2476574,9.976505893179764,2
2476581,9.873797206861994,7
2476585,9.92313452033007,4
2476592,9.7512649638848,7
2476602,9.785578621750066,10
2476610,9.833652343638942,8
2476618,9.841488615997516,8
2476626,9.732470050483567,8
2476637,9.7722406098872,11
2476642,9.713012986996269,5
2476646,9.939184377259041,4
2476659,9.692448836068245,13
2476672,9.696749520671537,13
2476677,9.922612561453516,5
2476690,9.749630083740541,13
2476696,9.891086732039138,6
2476706,9.770673175499162,10
2476707,10.0,1
2476712,9.919617201481365,5
2476725,9.762050607372924,13
2476738,9.72114882765161,13
2476748,9.776028307333416,10
2476749,10.0,1
2476768,9.58181340974051,19
2476773,9.900445568413263,5
2476781,9.841482428151128,8
2476788,9.860115061254646,7
2476793,9.902099594340333,5
2476804,9.76823377401451,11
2476805,9.989951227690687,1
2476808,9.967688610784604,3
2476821,9.70229225421922,13
2476824,9.952353755531115,3
2476838,9.689497530230074,14
2476847,9.81897067864886,9
2476865,9.578331720947727,18
2476875,9.77405208433974,10
2476883,9.868255127143101,8
2476894,9.801282377354818,11
2476909,9.669130100737883,15
2476929,9.675949185723043,20
2476946,9.665910609903396,17
2476952,9.876446934131167,6
2476969,9.658297586790809,17
2476977,9.86206959704576,8
2476992,9.668186854141206,15
2477005,9.773275157753217,13
2477006,10.0,1
2477016,9.786409017386573,10
2477027,9.768291256159246,11
2477033,9.900663891526074,6
2477034,10.0,1
2477039,9.90710072919717,5
2477040,10.0,1
2477041,10.0,1
2477050,9.793875960060664,9
2477059,9.82603804557802,9
2477071,9.627116775341412,12
2477082,9.786611949986451,11
2477088,9.882474317183219,6
2477094,9.871262782690268,6
2477097,9.9562685666485,3
2477109,9.713893375944037,12
2477131,9.508168931265281,22
2477139,9.830566083861717,8
2477150,9.739406041509262,11
2477163,9.710269414482385,13
2477167,9.925063132551506,4
2477181,9.596218605999406,14
2477193,9.744126860983476,12
2477206,9.738882257086516,13
2477216,9.806811843856568,10
2477222,9.891239507377946,6
2477226,9.94274277695273,4
2477231,9.928692527883213,5
2477241,9.799809974733117,10
2477244,9.969462388472737,3
2477249,9.921890766290803,5
2477250,10.0,1
2477258,9.830584233433967,8
2477264,9.899299963131742,6
2477270,9.887671124280985,6
2477282,9.73979313257597,12
2477283,10.0,1
2477289,9.909091445270619,6
2477298,9.81782500981581,9
2477308,9.829417520644794,10
2477321,9.72020920816462,13
2477324,9.962763401994307,3
2477337,9.773318050030973,13
2477341,9.931224818261029,4
2477355,9.727182509589255,14
2477367,9.743069185907041,12
2477373,9.892921840718238,6
2477379,9.90279115717952,6
2477393,9.72927404647918,14
2477397,9.939995437513243,4
2477408,9.766907070981457,11
2477417,9.798353210161507,9
2477429,9.726724346087993,12
2477438,9.86924496066436,9
2477444,9.896072810205936,6
2477456,9.771042680985632,12
2477471,9.656000682866107,15
2477484,9.723038460645832,13
2477497,9.728390561927034,13
2477499,9.971718349003162,2
2477504,9.91764008252998,5
2477512,9.861735898534508,8
2477518,9.909023266904411,6
2477528,9.792071168979898,10
2477529,10.0,1
2477547,9.591144487165677,18
2477556,9.811890150291308,9
2477557,10.0,1
2477566,9.817692650260431,9
2477577,9.801433951768209,11
2477588,9.75287817733413,11
2477604,9.456214385908995,16
2477606,9.977586944584736,2
2477608,9.975689823069303,2
2477611,9.96415152346967,3
2477619,9.856004282336512,8
2477620,10.0,1
2477633,9.741913270773514,13
2477634,10.0,1
2477647,9.71497842456339,13
2477653,9.879088055546989,6
2477657,9.947119655415495,4
2477666,9.804427183490708,9
2477673,9.878798479308234,7
2477680,9.894052909237248,7
2477705,9.087681713795366,25
2477715,9.776912770798974,10
2477719,9.939937562300328,4
2477724,9.924384545046532,5
2477731,9.87927567201276,7
2477745,9.720349848978069,14
2477759,9.647849502611404,14
2477771,9.730142229923375,12
2477778,9.857929256713575,7
2477781,9.969295115064755,3
2477796,9.652385295834714,15
2477803,9.875149700784473,7
2477815,9.737802295717712,12
2477828,9.742268126575963,13
2477838,9.812309446460585,10
2477850,9.775004438338637,12
2477862,9.741428413535655,12
2477878,9.665619516547357,16
2477897,9.567325811735339,19
2477916,9.545326405601367,19
2477918,9.97911734626827,2
2477919,10.0,1
2477931,9.73565523636338,12
2477944,9.699014842678912,13
2477965,9.52752472921665,21
2477976,9.765330090977237,11
2477986,9.77970507305947,10
2477993,9.886906281672243,7
2477999,9.906080795389672,6
2478011,9.732647927694854,12
2478012,9.988807016354249,1
2478021,9.820289824587357,9
2478022,10.0,1
2478029,9.871362608741192,7
2478033,9.944584875879485,4
2478036,9.963747079460378,3
2478039,9.961235760469577,3
2478042,9.961335653232888,3
2478053,9.773168363454829,11
2478067,9.700023868026214,14
2478088,9.566383058622247,21
2478094,9.904363036668428,6
2478095,10.0,1
2478111,9.649557830270156,16
2478127,9.660934204040082,16
2478128,10.0,1
2478132,9.945713267318068,4
2478133,10.0,1
2478134,10.0,1
2478146,9.733207616783858,12
2478152,9.896241805974997,6
2478168,9.692222541832788,16
2478171,9.959782430278576,3
2478176,9.928998357976814,5
2478180,9.935839331682283,4
2478201,9.578631925310056,21
2478206,9.906579117441954,5
2478211,9.924113794465946,5
2478225,9.683150417896407,14
2478233,9.836418232627693,8
2478239,9.88766243854501,6
2478242,9.964413975937244,3
2478254,9.752113753806395,12
2478266,9.741749882947628,12
2478268,9.978470132007223,2
2478273,9.921691584135385,5
2478288,9.687256553453807,15
2478295,9.870500829257667,7
2478303,9.650046828025406,8
2478318,9.626968134366669,15
2478328,9.777396508352748,10
2478334,9.884544076825994,6
2478341,9.879134854488205,7
2478348,9.867536170960186,7
2478366,9.601882643214182,18
2478377,9.75453838339699,11
2478390,9.710771984304756,13
2478396,9.88183032486719,6
2478406,9.827611429919514,10
2478409,9.96878769749537,3
2478418,9.801482442626131,9
2478427,9.83046218786255,9
2478433,9.893956562868503,6
2478444,9.766544539589184,11
2478450,9.904520641030642,6
2478458,9.841035020096001,8
2478466,9.833837625945822,8
2478481,9.687499669223284,15
2478492,9.820186620099422,11
2478504,9.752827884443876,12
2478510,9.885691892016961,6
2478519,9.827032438821341,9
2478533,9.669048524613343,14
2478542,9.808673963829111,9
2478555,9.72613598303776,13
2478568,9.73009373738555,13
2478573,9.905001884579775,5
2478577,9.941343374625882,4
2478585,9.852980545402527,8
2478589,9.950297999360645,4
2478598,9.844543121093048,9
2478607,9.815277771986635,9
2478613,9.903142927228712,6
2478625,9.740913592634485,12
2478628,9.954937494901062,3
2478637,9.806078399021626,9
2478642,9.919443353991085,5
2478648,9.893163647308763,6
2478649,9.988960259646213,1
2478656,9.888253277288625,7
2478667,9.7553725356947,11
2478668,10.0,1
2478677,9.794436253650998,9
2478681,9.933631580810035,4
2478689,9.837637244929056,8
2478696,9.85206277622807,7
2478703,9.86473271686048,7
2478716,9.756513776461011,13
2478730,9.672278612129709,14
2478731,10.0,1
2478734,9.964772242278354,3
2478741,9.878643890558145,7
2478743,9.976543094065317,2
2478752,9.854791089110215,9
2478764,8.867467023337012,12
2478774,9.780328849235529,10
2478789,9.676501847351856,15
2478795,9.892145151390425,6
2478807,9.773365764653946,12
2478814,9.870194361237484,7
2478831,9.64258814324841,17
2478837,9.901780889184007,6
2478844,9.876865684969633,7
2478845,10.0,1
2478860,9.647506360219278,15
2478871,9.8135598856578,11
2478884,9.7101579764958,13
2478888,9.944284652999663,4
2478903,9.616269895158332,15
2478910,9.861608259323177,7
2478919,9.817760491315967,9
2478924,9.924030347041185,5
2478936,9.744460964964654,12
2478938,9.97922925567963,2
2478945,9.768068313443209,7
2478955,9.801976028089564,10
2478961,9.889017549484985,6
2478967,9.890073891086626,6
2478971,9.922898743965998,4
2478981,9.82884338326078,10
2478986,9.919127406562847,5
2478987,10.0,1
2478993,9.90834005612776,6
2479005,9.734932238574546,12
2479014,9.829658139344813,9
2479018,9.941461856608425,4
2479021,9.962996588015704,3
2479024,9.96581394779742,3
2479032,9.823706220868939,8
2479040,9.835096325896123,8
2479049,9.814307739994751,9
2479064,9.688184810700346,15
2479071,9.863813288087576,7
2479079,9.826612287882966,8
2479083,9.937291258393616,4
2479088,9.91284142833362,5
2479089,9.996677493881474,1
2479106,9.605922815865556,17
2479109,9.962538545173626,3
2479117,9.848809604808904,8
2479129,9.738821536011907,12
2479144,9.641722784996679,15
2479154,9.812280814876805,10
2479175,9.529938324548223,21
2479182,9.863451878008568,7
2479188,9.89052477204072,6
2479195,9.867142674718384,7
2479211,9.668479624616209,16
2479223,9.76076208329896,12
2479233,9.83433086387865,10
2479249,9.658998940288983,16
2479260,9.5603463796498,11
2479270,9.806233995119035,10
2479280,9.821509555941734,10
2479281,9.98885584400731,1
2479288,9.883474498441721,7
2479296,9.853788194581616,8
2479303,9.864109585931384,7
2479317,9.712498638840975,14
2479323,9.901686024222272,6
2479333,9.773571180747162,10
2479344,9.788102736335574,11
2479349,9.917542549710745,5
2479352,9.951698338057469,3
2479358,9.878645480824167,6
2479372,9.687351081698239,14
2479377,9.915692983383021,5
2479387,9.795847538510799,10
2479399,9.723883565196743,12
2479403,9.936162314858173,4
2479415,9.750069723006458,12
2479420,9.908806204225177,5
2479424,9.934128741660114,4
2479435,9.748023772544741,11
2479444,9.84106178140056,9
2479448,9.927559726113408,4
2479458,9.83774252396053,10
2479461,9.952885303514094,3
2479468,9.861366786457769,7
2479489,9.484889570084517,21
2479497,9.865308358497963,8
2479503,9.90311174980715,6
2479505,9.973763305020734,2
2479514,9.830753986025844,9
2479519,9.925121427053515,5
2479532,9.722836568660496,13
2479536,9.937302264491242,4
2479548,9.744279541124632,12
2479558,9.801887577664983,10
2479559,10.0,1
2479565,9.898797943522654,6
2479566,10.0,1
2479571,9.926568255794155,5
2479591,9.531224279779753,20
2479595,9.929053010704678,4
2479601,9.887022907972753,6
2479603,9.980497687613216,2
2479609,9.896826831396934,6
2479613,9.928972130020128,4
2479614,10.0,1
2479623,9.833137670307373,9
2479631,9.836483632344697,8
2479633,9.968938879782634,2
2479649,9.641849613667695,16
2479661,9.73433326762952,12
2479662,10.0,1
2479674,9.763029483466596,12
2479675,10.0,1
2479688,9.694322015535484,13
2479699,9.762144409225355,11
2479701,9.969915377317184,2
2479702,10.0,1
2479706,9.947607479021583,4
2479717,9.761200433708828,11
2479724,9.879504689250252,7
2479731,9.874034166290633,7
2479736,9.926168497621768,5
2479742,9.91096491615361,6
2479747,9.932258165007728,5
2479748,10.0,1
2479759,9.779717442941385,11
2479760,9.992571087149052,1
2479775,9.64737247124012,15
2479788,9.701748111951252,13
2479791,9.950523215411895,3
2479798,9.846462769487795,7
2479806,9.853964130915603,8
2479821,9.675826745667623,15
2479833,9.716318926312395,12
2479841,9.82873842456721,8
2479846,9.90784843204251,5
2479853,9.862114222353014,7
2479860,9.860688739427214,7
2479865,9.92028102811953,5
2479877,9.753256445259609,12
2479878,9.996445614595215,1
2479888,9.810180027117816,10
2479895,9.884118585987716,7
2479908,9.735253267628156,13
2479918,9.8137394636206,10
2479925,9.87840790482168,7
2479936,9.752712092518511,11
2479941,9.918933715187933,5
2479951,9.796744540105841,10
2479960,9.861132338192073,9
2479975,9.65396267044566,15
2479988,9.701689487885478,13
2480001,9.710424943317799,13
2480012,9.791216223339072,11
2480019,9.8990579782731,7
2480034,9.692852670798988,15
2480040,9.894870286445576,6
2480041,10.0,1
2480042,10.0,1
2480053,9.781160626030376,11
2480055,9.98511646752303,2
2480062,9.856467956244401,7
2480069,9.859323498372486,7
2480080,9.753414403367218,11
2480090,9.785740333179525,10
2480099,9.820543769236512,9
2480111,9.75882045750692,12
2480122,9.757792326670979,11
2480131,9.8352331234243,9
2480142,9.760092523373288,11
2480148,9.908681716720272,6
2480149,10.0,1
2480159,9.79806555864168,10
2480162,9.964919660157447,3
2480172,9.782814738345946,10
2480197,9.401487036030503,25
2480207,9.78146428681962,10
2480208,10.0,1
2480215,9.853212542245346,7
2480226,9.789011151198116,11
2480238,9.756871040258787,12
2480245,9.862767920607958,7
2480247,9.982307248960865,2
2480249,9.975316776555225,2
2480267,9.598721130055022,18
2480277,9.781082934135496,10
2480280,9.96197758927065,3
2480288,9.880725371794945,8
2480297,9.842957308294414,9
2480302,9.92228567188014,5
2480310,9.870054150119902,8
2480311,10.0,1
2480312,10.0,1
2480314,9.971313877202299,2
2480326,9.752345455583953,12
2480342,9.673385190463504,16
2480357,9.670023369885183,15
2480369,9.797815882938941,12
2480380,9.772109847431002,11
2480382,9.978425215334656,2
2480396,9.707310878902378,14
2480405,9.800405930760324,9
2480413,9.871602426527462,8
2480420,9.871603822772196,7
2480432,9.790907094685567,12
2480441,9.844888402731609,9
2480449,9.845929901384356,8
2480455,9.889699331211082,6
2480461,9.897778054159721,6
2480480,9.57255813450709,19
2480494,9.690214873021862,14
2480505,9.767240354840643,11
2480517,9.743944030254623,12
2480525,9.84291214219001,8
2480530,9.917183043938774,5
2480535,9.911656640779764,5
2480543,9.868628687951286,8
2480552,9.809323329360712,9
2480556,9.951539176207854,4
2480568,9.75042164395799,12
2480576,9.887801141821756,8
2480592,9.620035548765964,16
2480601,9.880215989894964,9
2480631,9.33575665048107,30
2480638,9.880956976467758,7
2480648,9.792624922846493,10
2480654,9.917369160425196,6
2480664,9.808123046542372,10
2480676,9.762764621788405,12
2480689,9.708252419184957,13
2480696,9.867490724945155,7
2480707,9.616212975856707,11
2480709,9.976625370488739,2
2480722,9.703894829521888,13
2480732,9.785672976509058,10
2480737,9.923462953493136,5
2480751,9.68392177409332,14
2480762,9.790337640459384,11
2480769,9.900373491639858,7
2480770,9.988068656843614,1
2480774,9.948113997407162,4
2480786,9.746761364532873,12
2480792,9.90409832940073,6
2480800,9.876954920216743,8
2480804,9.946175751857217,4
2480807,9.958495797627199,3
2480821,9.68022063366352,14
2480835,9.69641158549506,14
2480841,9.898902871085038,6
2480851,9.841061836399183,10
2480865,9.677233899065657,14
2480867,9.976391653696796,2
2480883,7.871601265746941,16
2480893,9.766946226982476,10
2480900,9.87199849303955,7
2480911,9.803669468950856,11
2480922,9.75217354051104,11
2480932,9.80447359961524,10
2480938,9.905176568935344,6
2480950,9.718706664287154,12
2480963,9.695223792797254,13
2480969,9.899102134662206,6
2480983,9.682070339280871,14
2480989,9.902562786582328,6
2481002,9.756325541073666,13
2481009,9.881372898074986,7
2481012,9.969258260678211,3
2481026,9.691154386422127,14
2481050,9.480802385931419,24
2481061,9.746857801402983,11
2481069,9.830315800680419,8
2481073,9.943228276087305,4
2481079,9.905419481271402,6
2481088,9.842853718889502,9
2481089,10.0,1
2481094,9.924419050218177,5
2481095,10.0,1
2481110,9.654524265600726,15
2481127,9.64460769832658,17
2481137,9.794842999873833,10
2481142,9.915828148433,5
2481153,9.761433284745829,11
2481163,9.806008256675184,10
2481172,9.839710236631333,9
2481178,9.887001273534946,6
2481191,9.687180136918714,13
2481196,9.917587036893138,5
2481197,10.0,1
2481215,9.611847801239868,18
2481226,9.746886133484411,11
2481240,9.686943733420874,14
2481241,10.0,1
2481251,9.773530035394705,10
2481263,9.754895239110708,12
2481271,9.828454005864225,8
2481290,9.572817324724106,19
2481293,9.951310153086117,3
2481299,9.90381761241451,6
2481322,9.487420402612962,23
2481329,9.859290070911133,7
2481337,9.84335849787602,8
2481345,9.852215421213854,8
2481353,9.839913754177001,8
2481443,-20.157858055305468,90
2481451,9.536809107148525,8
2481462,9.775785756094228,11
2481489,9.456769777310301,27
2481498,9.848313784202972,9
2481506,9.861078917521947,8
2481513,9.852679853521074,7
2481521,9.869125474564946,8
2481523,9.972003598983635,2
2481529,9.886132395346882,6
2481541,9.729171977153218,12
2481548,9.86542657343273,7
2481562,9.695759787315707,14
2481573,9.76877987778767,11
2481581,9.838714550580374,8
2481586,9.909752762954957,5
2481596,9.772377017678535,10
2481610,9.678505599454391,14
2481621,9.802904290863307,11
2481631,9.768591210220741,10
2481640,9.818946685083235,9
2481647,9.875948462361999,7
2481655,9.835409079872463,8
2481670,9.648445983917087,15
2481684,9.684661984626896,14
2481692,9.855389684374826,8
2481702,9.789716078160515,10
2481709,9.878387801651076,7
2481716,9.854402060621933,7
2481729,9.70049503370918,13
2481749,9.629512725784835,20
2481759,9.810718108826142,10
2481760,9.996425659014522,1
2481766,9.901521055790857,6
2481777,9.773819477414202,11
2481785,9.750901582776804,8
2481790,9.929037901816722,5
2481803,9.764858793249672,13
2481810,9.874783179751232,7
2481823,9.707918507824639,13
2481828,9.90947279313,5
2481835,9.879816075309755,7
2481836,10.0,1
2481848,9.770029772093826,12
2481859,9.57581305229689,11
2481860,10.0,1
2481861,10.0,1
2481863,9.969269109663301,2
2481874,9.76156660462464,11
2481880,9.88832671408333,6
2481884,9.939596055497137,4
2481894,9.810801046446812,10
2481902,9.843825692156964,8
2481911,9.805307477299618,9
2481918,9.87005260946985,7
2481921,9.96267645439285,3
2481935,9.687875964408097,14
2481951,9.65288375350773,16
2481963,9.749578944566576,12
2481981,9.56464599661043,18
2481993,9.757552423077215,12
2481998,9.900285829960504,5
2482001,9.948197924060603,3
2482012,9.766266569225952,11
2482019,9.862413218942084,7
2482024,9.92512841519641,5
2482029,9.911385758262657,5
2482041,9.743811932401593,12
2482048,9.879868658718241,7
2482059,9.692741578083321,11
2482063,9.946528253415847,4
2482070,9.873623421729569,7
2482079,9.816009581369014,9
2482081,9.967714668160975,2
2482087,9.89042034823424,6
2482116,7.52036306094034,29
2482128,9.738839906640635,12
2482142,9.698095371368227,14
2482150,9.830982991881697,8
2482151,10.0,1
2482162,9.780517178793799,11
2482178,9.630800535913739,16
2482184,9.90161999327882,6
2482189,9.90680744875804,5
2482201,9.730935233025678,12
2482215,9.694975984151617,14
2482218,9.957238420424776,3
2482230,9.732347621103168,12
2482243,9.718372419310796,13
2482247,9.943728347047575,4
2482251,9.949091238872425,4
2482257,9.878464377614595,6
2482269,9.73423540457616,12
2482280,9.77563120238828,11
2482286,9.89881892791855,6
2482299,9.747570015380782,13
2482308,9.817551287185267,9
2482318,9.768273306826002,10
2482329,9.811756635445864,11
2482344,9.67518476108603,15
2482353,9.836313932195868,9
2482364,9.766519345274812,11
2482383,9.533330727340875,19
2482386,9.962199286925367,3
2482387,9.996560829186446,1
2482395,9.841097047777305,8
2482404,9.813874089166154,9
2482417,9.704235743953966,13
2482424,9.870733819907512,7
2482430,9.89128395264477,6
2482434,9.94901059543795,4
2482443,9.818128922741503,9
2482455,9.747140999064584,12
2482472,9.705700761495741,17
2482474,9.98418857300381,2
2482485,9.770159567410014,11
2482489,9.9344806629773,4
2482502,9.701880783336414,13
2482515,9.762384514844253,13
2482524,9.811733229306412,9
2482528,9.92938594718237,4
2482542,9.650190552645867,14
2482553,9.761139419472663,11
2482559,9.902048354820462,6
2482572,9.76294660517462,13
2482587,9.710148156379907,15
2482596,9.8148606130658,9
2482605,9.815876119594535,9
2482640,7.728127841924912,35
2482649,9.813127513776818,9
2482660,9.778582728563745,11
2482666,9.886857852580265,6
2482671,9.911624271047193,5
2482686,9.649970703155757,15
2482694,9.861847158994975,8
2482701,9.883780555980456,7
2482714,9.728073522941962,13
2482730,9.64162151029442,16
2482736,9.893534712053842,6
2482744,9.870407601524073,8
2482756,9.730946452031931,12
2482761,9.922522214744589,5
2482774,9.702777586471605,13
2482784,9.799929912988864,10
2482791,9.882882232008264,7
2482796,9.929575568347722,5
2482799,9.952965489533112,3
2482807,9.827148958989966,8
2482814,9.893620224717857,7
2482815,10.0,1
2482820,9.907586294811926,5
2482832,9.751802782833138,12
2482846,9.65951612580619,14
2482856,9.803080582398076,10
2482867,9.762345474752369,11
2482871,9.92439311486428,4
2482874,9.958131815444398,3
2482883,9.838648970016543,9
2482897,9.717253427867528,14
2482903,9.919304822476214,6
2482917,9.738684113352686,14
2482924,9.887139487534604,7
2482951,9.50227054676675,27
2482957,9.8937631252196,6
2482965,9.853775313538906,8
2482974,9.539335862738927,9
2482978,9.948781797345125,4
2482987,9.801204983931818,9
2482999,9.747785416454622,12
2483001,9.983898780903065,2
2483009,9.830326333564036,8
2483022,9.707861837088265,13
2483023,10.0,1
2483027,9.947322540251168,4
2483035,9.849821255721153,8
2483041,9.905111142629881,6
2483045,9.941016949512244,4
2483056,9.758233914242654,11
2483062,9.889943410286813,6
2483071,9.859338098254883,9
2483086,9.717141434351076,15
2483087,10.0,1
2483095,9.82793704911658,8
2483101,9.919653812016922,6
2483107,9.888606690218241,6
2483113,9.901370760277054,6
2483127,9.681295110820052,14
2483135,9.856341860729836,8
2483140,9.931514940525071,5
2483147,9.877940830913362,7
2483165,9.56542181568138,18
2483182,9.611911376695371,17
2483193,9.818234688385797,11
2483212,9.54633844129537,19
2483219,9.885828582114485,7
2483226,9.876157892653014,7
2483230,9.932008511919232,4
2483235,9.907810036925373,5
2483242,9.856580966049286,7
2483251,9.834761510420105,9
2483252,10.0,1
2483263,9.743063321137805,11
2483266,9.959354354571694,3
2483276,9.856991583803147,10
2483285,9.833790536216224,9
2483286,10.0,1
2483288,9.98550178288556,2
2483295,9.88062713356537,7
2483306,9.748554947817313,11
2483322,9.666668476953351,16
2483327,9.92193227169309,5
2483341,9.68413088526878,14
2483353,9.738179892245192,12
2483360,9.863248971858084,7
2483361,10.0,1
2483378,9.641535763842965,17
2483389,9.811456544718851,11
2483396,9.85175095756419,7
2483404,9.849152885271133,8
2483410,9.694344717966596,6
2483412,9.982462617906732,2
2483419,9.872328310026681,7
2483424,9.918645397170167,5
2483438,9.67162280264216,14
2483444,9.91386146052124,6
2483453,9.821622457064198,9
2483462,9.841272261397782,9
2483474,9.761246636247884,12
2483478,9.940940861883465,4
2483489,9.782665127408864,11
2483492,9.958799282161374,3
2483511,9.550656370937592,19
2483520,9.748549557696943,9
2483532,9.744557120340303,12
2483543,9.77840649125064,11
2483554,9.770523472955398,11
2483564,9.785367971004868,10
2483566,9.969743635382011,2
2483574,9.844015465745315,8
2483586,9.750861510314154,12
2483602,9.691892959838402,16
2483610,9.873703666428893,8
2483620,9.78850815813181,10
2483625,9.921325956585695,5
2483626,10.0,1
2483628,9.979828254695224,2
2483629,9.987348371437108,1
2483642,9.711603329641278,13
2483648,9.90658069537988,6
2483663,9.667620529471986,15
2483682,9.597945394951623,19
2483688,9.906105098967263,6
2483704,9.677376903409494,16
2483714,9.791150705460325,10
2483720,9.898548102039639,6
2483730,9.80406511893773,10
2483743,9.712885710596517,13
2483748,9.915570220198758,5
2483764,9.653675352319855,16
2483783,9.6175925689232,19
2483790,9.898598303519133,7
2483800,9.807238281319334,10
2483812,9.729993529292342,12
2483823,9.762955126546453,11
2483833,9.780779938448326,10
2483844,9.744360477264136,11
2483849,9.915435202368664,5
2483858,9.85481164595401,9
2483869,9.725048941968678,11
2483877,9.843541770099073,8
2483885,9.82376047321746,8
2483886,10.0,1
2483902,9.615581850969932,16
2483908,9.889848977852527,6
2483919,9.76530495107388,11
2483924,9.915358099168799,5
2483935,9.758027223947593,11
2483945,9.791326234616355,10
2483955,9.786246940949619,10
2483966,9.754509958077984,11
2483977,9.78622020124891,11
2483987,9.800197482241268,10
2483988,10.0,1
2483999,9.793905094541623,11
2484011,9.762470659326768,12
2484015,9.937602561815787,4
2484018,9.947686859713722,3
2484034,9.604867813275531,16
2484038,9.94036305827549,4
2484042,9.941540605406074,4
2484043,9.989425907027378,1
2484050,9.862646052575247,7
2484056,9.884887418452259,6
2484069,9.742901724987354,13
2484080,9.806850447636371,11
2484095,9.685458612782755,15
2484105,9.800647091849369,10
2484109,9.935155890060118,4
2484123,9.696429519151405,14
2484136,9.72062242424587,13
2484154,9.639110335964876,18
2484157,9.950171758493351,3
2484163,9.89405705715883,6
2484172,9.840929694747652,9
2484184,9.73686081542236,12
2484192,9.835615083016101,8
2484193,10.0,1
2484206,9.687295157298196,13
2484213,9.874761850848746,7
2484222,9.83010335483197,9
2484231,9.826587173328601,9
2484248,9.605998250703482,17
2484260,9.72662795643614,12
2484274,9.706635001615888,14
2484282,9.846989427048218,8
2484289,9.873807810536025,7
2484301,9.743231667012774,12
2484309,9.841277170957156,8
2484316,9.903906720845402,7
2484322,9.877067410748563,6
2484337,9.608299831756504,15
2484342,9.923016586799406,5
2484349,9.90408678296962,7
2484355,9.90128397464571,6
2484366,9.806397518204461,11
2484375,9.816069687770362,9
2484376,10.0,1
2484387,9.744985129850344,11
2484392,9.924172142632486,5
2484397,9.912721797191487,5
2484406,9.830059264689792,9
2484414,9.85502303889298,8
2484417,9.962898229872362,3
2484429,9.756040053303058,12
2484430,10.0,1
2484445,9.656040655756675,15
2484462,9.526040107255044,17
2484475,9.639630553455836,13
2484487,9.729493145703218,12
2484488,10.0,1
2484494,9.885823295308048,6
2484503,9.817274774841378,9
2484507,9.943173934320974,4
2484514,9.881688893089347,7
2484527,9.698032350358895,13
2484541,9.704951592115549,14
2484551,9.803249711238028,10
2484560,9.849039753961659,9
2484571,9.800949354126187,11
2484587,9.660180163916793,16
2484602,9.666945524615068,15
2484611,9.815689918408884,9
2484620,9.812698571091566,9
2484628,9.837914819653678,8
2484642,9.688397743000483,14
2484650,9.853063705033742,8
2484660,9.814431656913847,10
2484665,9.920207821495044,5
2484678,9.750815581087432,13
2484690,9.72279793823575,12
2484703,9.716866736626262,13
2484715,9.291957755708303,12
2484721,9.892421366387056,6
2484726,9.918040279075631,5
2484735,9.816911453642435,9
2484746,9.776945313536423,11
2484757,9.74578633540213,11
2484768,9.76934035591482,11
2484783,9.716533259652621,15
2484784,10.0,1
2484794,9.829455045694507,10
2484805,9.767579616992942,11
2484815,9.835507155843937,10
2484827,9.636239234814283,12
2484836,9.832536365098933,9
2484852,9.688147504969276,16
2484853,10.0,1
2484858,9.912587790152035,5
2484868,9.798130350725284,10
2484882,9.670141693950503,14
2484883,10.0,1
2484893,9.789664371472982,10
2484905,9.731862131572145,12
2484916,9.818611858833474,11
2484925,9.819248976200033,9
2484940,9.752201170737985,15
2484942,9.981037360809754,2
2484956,9.749962775656034,14
2484965,9.806124552923876,9
2484975,9.824713401897581,10
2484978,9.962003464275142,3
2484990,9.757651380470847,12
2485000,9.770188740538021,10
2485011,9.744689783538918,11
2485018,9.78169734047862,7
2485027,9.795094264344016,9
2485036,9.803974247132729,9
2485049,9.695787630248644,13
2485055,9.920643398743803,6
2485064,9.810885782799433,9
2485074,9.768004930026496,10
2485078,9.938799674315351,4
2485089,9.775251976568157,11
2485114,5.414145264101575,25
2485119,9.916024837702821,5
2485125,9.894165949065563,6
2485126,10.0,1
2485135,9.816561094766135,9
2485140,9.903040978288043,5
2485152,9.734968078969468,12
2485177,9.498453800313843,25
2485184,9.878114868561438,7
2485186,9.981387559847658,2
2485198,9.73099143394156,12
2485202,9.948328953166989,4
2485212,9.795764021016236,10
2485222,9.801197784763112,10
2485233,9.750626306735484,11
2485240,9.873475722502606,7
2485249,9.816767223300744,9
2485250,10.0,1
2485266,9.65676250860695,16
2485279,9.721617026193204,13
2485292,9.744002147663858,13
2485310,9.488745138309351,18
2485319,9.807655109825735,9
2485326,9.867629832919068,7
2485336,9.807523294971608,10
2485343,9.875159490586672,7
2485355,9.748127961402634,12
2485363,9.859271241130967,8
2485367,9.939620808538459,4
2485377,9.760738523174355,10
2485393,9.551359761416816,16
2485408,9.64230959287709,15
2485419,9.544683756870864,11
2485429,9.780767927082817,10
2485436,9.860443729753733,7
2485442,9.89839036934324,6
2485453,9.587344746805806,11
2485459,9.891474898835064,6
2485470,9.807089814525403,11
2485471,10.0,1
2485484,9.712747442530256,13
2485498,9.645795765906444,14
2485507,9.824637646152857,9
2485517,9.785200100755995,10
2485518,10.0,1
2485527,9.80991702142919,9
2485540,9.714683413810901,13
2485545,9.90710492606541,5
2485546,9.995984849138472,1
2485557,9.793165868846911,11
2485575,9.637932525852925,18
2485584,9.82145922252753,9
2485595,9.730354349088115,11
2485609,9.659180435327709,14
2485620,9.764181339937597,11
2485639,9.44151076991607,19
2485647,9.831245900922815,8
2485654,9.863910674762966,7
2485662,9.849694062293867,8
2485671,9.816236659003122,9
2485678,9.895870607160278,7
2485686,9.855050380931694,8
2485689,9.948749134634863,3
2485697,9.671063702361389,8
2485706,9.821049427635598,9
2485721,9.648522979975636,15
2485727,9.892157852302335,6
2485737,9.80672240778202,10
2485742,9.913465495112014,5
2485750,9.846720204614067,8
2485757,9.86752273545692,7
2485765,9.831259563236618,8
2485772,9.87171676444593,7
2485776,9.927997564362936,4
2485781,9.904565712531115,5
2485798,9.609553925940835,17
2485811,9.714451627207694,13
2485812,10.0,1
2485826,9.683475199389653,14
2485831,9.91386606080056,5
2485836,9.921039572819874,5
2485838,9.981346282077398,2
2485846,9.846142644156739,8
2485859,9.72767636872098,13
2485867,9.848555669626519,8
2485874,9.869937022099661,7
2485877,9.965817322980138,3
2485893,9.62788636328406,16
2485905,9.730512886876603,12
2485914,9.816387413992988,9
2485927,9.680894930879871,13
2485937,9.816140313270024,10
2485947,9.805028224160969,10
2485949,9.969346778153481,2
2485957,9.835773665138568,8
2485967,9.78680112890101,10
2485978,9.792550148463993,11
2485987,9.816091718432109,9
2485993,9.905722420743889,6
2486009,9.647701813459589,16
2486023,9.651021767367977,14
2486043,9.530544877186195,20
2486044,9.988035319722579,1
2486045,10.0,1
2486061,9.63952019017785,16
2486067,9.701889224238595,6
2486071,9.932018456087436,4
2486084,9.70630754164078,13
2486091,9.891734214422096,7
2486099,9.855659092443979,8
2486108,9.824055565136021,9
2486116,9.851088552817023,8
2486125,9.823691273260382,9
2486138,9.711373692167742,13
2486145,9.889756481503424,7
2486148,9.960116706013977,3
2486154,9.8976205309701,6
2486164,9.806462744002577,10
2486165,10.0,1
2486173,9.844000284004395,8
2486174,10.0,1
2486185,9.787695960525063,11
2486194,9.833555629076429,9
2486204,9.761634390320603,10
2486217,9.708113560513777,13
2486230,9.728541621719026,13
2486232,9.969346784651032,2
2486236,9.930523505402808,4
2486252,9.649210036396088,16
2486258,9.893920260155868,6
2486269,9.66135216187458,11
2486280,9.746375008003437,11
2486297,9.656353798116816,17
2486312,9.669668005624747,15
2486317,9.90991793906415,5
2486323,9.902782504704886,6
2486324,10.0,1
2486331,9.853764304583565,7
2486348,9.638136450359934,17
2486351,9.958398031515259,3
2486355,9.942575161844163,4
2486365,9.792669688678371,10
2486368,9.965525307753666,3
2486374,9.882613722683695,6
2486388,9.709600294134853,14
2486396,9.878299799306834,8
2486405,9.81216538806232,9
2486414,9.822661634630764,9
2486425,9.746645463919501,11
2486426,10.0,1
2486430,9.946565227938244,4
2486440,9.807459921414967,10
2486447,9.843598183810144,7
2486458,9.763404165473906,11
2486462,9.937256705321332,4
2486474,9.730169369951657,12
2486480,9.904350313567475,6
2486483,9.968889404430298,3
2486491,9.817067092970793,8
2486492,10.0,1
2486504,9.731922164749896,12
2486515,9.75951982077517,11
2486519,9.940923584924862,4
2486525,9.922300806081584,6
2486532,9.874321135016574,7
2486545,9.733197501689704,13
2486553,9.843076805519226,8
2486566,9.69391342710703,13
2486574,9.849566806597535,8
2486587,9.721232450833876,13
2486614,9.313952606434595,27
2486626,9.71613913392158,12
2486627,9.992856090905775,1
2486634,9.869910417374967,7
2486635,10.0,1
2486643,9.833165720585283,8
2486658,9.731919414954854,15
2486659,10.0,1
2486673,9.686753616561017,14
2486683,9.799867112232349,10
2486696,9.738495509061392,13
2486712,9.636519258476085,16
2486716,9.946112619501921,4
2486717,10.0,1
2486728,9.787412543569056,11
2486735,9.876852142524749,7
2486743,9.858480009268247,8
2486747,9.940267085908511,4
2486752,9.917376540780493,5
2486758,9.901779555406225,6
2486776,9.630673763593549,18
2486782,9.899883755884117,6
2486794,9.721126942101288,12
2486802,9.834062190843214,8
2486817,9.686443425300956,15
2486826,9.846223548196013,9
2486833,9.848276076130489,7
2486840,9.871066928969372,7
2486852,9.735466802915521,12
2486853,10.0,1
2486863,9.788472616006738,10
2486866,9.953638902562513,3
2486872,9.890611388098431,6
2486884,9.731520391382906,12
2486891,9.86842774288932,7
2486902,9.766555913771004,11
2486909,9.875673946006055,7
2486913,9.94332891390428,4
2486917,9.956564003111298,4
2486931,9.675932870354961,14
2486940,9.796830006488811,9
2486957,9.578244812083126,17
2486963,9.899849221053731,6
2486968,9.914405707698725,5
2486977,9.814301264152586,9
2486990,9.73832106127964,13
2487001,9.791433114784848,11
2487016,9.702461896318152,15
2487024,9.830748841718545,8
2487027,9.964061565562906,3
2487032,9.919023660377578,5
2487044,9.727794639211767,12
2487045,10.0,1
2487056,9.726556791447013,11
2487057,9.99615071974941,1
2487063,9.905975198330111,6
2487070,9.8718497124372,7
2487071,9.99287912851984,1
2487076,9.919166863671524,5
2487089,9.736421038795386,13
2487098,9.823522049778331,9
2487107,9.851212603636446,9
2487115,9.85346851370857,8
2487124,9.812181407112249,9
2487128,9.929944684515462,4
2487136,9.830070557108066,8
2487146,9.818421889173722,10
2487147,10.0,1
2487163,9.682943548479074,16
2487172,9.801126766388544,9
2487175,9.956125410384786,3
2487180,9.930552520454928,5
2487181,10.0,1
2487195,9.681514222357185,14
2487200,9.920111141905473,5
2487210,9.777256293672359,10
2487220,9.81644318334856,10
2487226,9.90863221292097,6
2487231,9.930826082274551,5
2487240,9.810058907474536,9
2487253,9.772294439744991,13
2487260,9.871785969521568,7
2487271,9.770259354149697,11
2487287,9.625293342863516,16
2487300,9.719004508508492,13
2487314,9.69139884975769,14
2487333,9.588956819419614,19
2487346,9.526848107930727,13
2487349,9.966987284997895,3
2487352,9.963275803872216,3
2487364,9.769081696387495,12
2487373,9.825190879102362,9
2487383,9.783147220059258,10
2487391,9.857907913271793,8
2487392,9.988639835768163,1
2487399,9.847279317618042,7
2487400,10.0,1
2487408,9.86017955635906,8
2487424,9.61382656798974,16
2487433,9.82750235644004,9
2487445,9.725540321555552,12
2487458,9.701055279577254,13
2487459,10.0,1
2487471,9.73057375513168,12
2487482,9.7702404431105,11
2487498,9.650704636775423,16
2487505,9.864701906151492,7
2487513,9.652560111583188,8
2487519,9.900182658127006,6
2487529,9.789580837082775,10
2487532,9.961380277783471,3
2487538,9.88067887251827,6
2487544,9.883187635514517,6
2487549,9.914399733492667,5
2487554,9.922511404203972,5
2487564,9.81146897344957,10
2487565,10.0,1
2487572,9.866029157508025,7
2487582,9.787874046542408,10
2487595,9.70393360825634,13
2487607,9.755662726686776,12
2487619,9.731690502449421,12
2487626,9.872016213091475,7
2487631,9.926645059305647,5
2487643,9.74584189768148,12
2487650,9.873887819853216,7
2487654,9.94459894460338,4
2487655,10.0,1
2487670,9.654529945894904,15
2487679,9.832895926705818,9
2487684,9.91159342789983,5
2487688,9.93324915069972,4
2487697,9.846038397996496,9
2487714,9.647573432871079,17
2487724,9.778676661743852,10
2487725,9.988074691265451,1
2487833,7.68754209029821,108
2487846,9.742487991126731,13
2487851,9.91894801631947,5
2487869,9.629422834608581,18
2487877,9.840828554974973,8
2487887,9.791629188744706,10
2487892,9.941127488945781,5
2487904,9.735008728420603,12
2487923,6.737470689304771,19
2487931,9.825363782048484,8
2487948,9.255358358813268,17
2487954,9.896049992900794,6
2487958,9.946495258019953,4
2487976,9.641108324133448,18
2487990,9.273545215695231,14
2487998,9.837855503310887,8
2488008,9.795899968459606,10
2488015,9.876330799356628,7
2488023,9.818887427558556,8
2488027,9.950294903768311,4
2488032,9.912973251173458,5
2488039,9.878938677511721,7
2488040,10.0,1
2488053,9.719459804794095,13
2488065,9.739239741914925,12
2488073,9.868203262067231,8
2488084,9.662348482603264,11
2488089,9.924965472896934,5
2488105,9.674331134354851,16
2488116,9.76569550599238,11
2488117,9.988939395078006,1
2488129,9.784601114602452,12
2488130,10.0,1
2488145,9.627248839476241,15
2488164,9.554052927617773,19
2488169,9.932721353056595,5
2488179,9.792375494630456,10
2488189,9.793591908198751,10
2488192,9.96467670850288,3
2488203,9.743288623036053,11
2488218,9.65481694991958,15
2488219,10.0,1
2488220,10.0,1
2488228,9.843564657838497,8
2488234,9.895303303282374,6
2488245,9.802412055778722,11
2488246,10.0,1
2488260,9.709085874165936,14
2488261,10.0,1
2488262,10.0,1
2488274,9.74543434618981,12
2488285,9.75657212168907,11
2488304,9.633701181131748,19
2488315,9.785615630938182,11
2488322,9.87581243372909,7
2488331,9.819351977977115,9
2488342,9.803515419612149,11
2488355,9.688906547180913,13
2488366,9.775611236572363,11
2488377,9.749169384631562,11
2488378,10.0,1
2488379,10.0,1
2488387,9.83694745692798,8
2488396,9.821999106109105,9
2488405,9.800306336690662,9
2488411,9.878876613434848,6
2488416,9.905901539989781,5
2488428,9.721168165855353,12
2488443,9.67358864121646,15
2488450,9.890861084007815,7
2488457,9.863913112321653,7
2488479,9.458667136129693,22
2488503,5.7902231952968535,24
2488505,9.968023976330283,2
2488506,10.0,1
2488515,9.740532382074598,9
2488521,9.889370773417577,6
2488528,9.842926880090465,7
2488530,9.975982648295997,2
2488544,9.462076704075832,14
2488547,9.964901638384905,3
2488548,10.0,1
2488566,9.54567559473823,18
2488567,10.0,1
2488573,9.891620247701564,6
2488579,9.912604208993551,6
2488584,9.920164390296446,5
2488603,9.57253543349978,19
2488613,9.801048351836943,10
2488620,9.856303143532596,7
2488625,9.918737593454008,5
2488630,9.911433416832162,5
2488638,9.834629246806264,8
2488648,9.80602228028622,10
2488663,9.66830250965529,15
2488668,9.911984236448465,5
2488703,9.102541878321833,35
2488712,9.827641124591597,9
2488720,9.851086626561086,8
2488725,9.92611754955785,5
2488735,9.81139017210348,10
2488742,9.875186575787072,7
2488750,9.840050437588745,8
2488759,9.813181519586493,9
2488774,9.65202341361306,15
2488775,9.993151924595068,1
2488786,9.75671667833797,11
2488796,9.805923871733425,10
2488811,9.686481938697582,15
2488824,9.736265974181837,13
2488838,9.710079653015834,14
2488848,9.806452637427517,10
2488852,9.934110317886523,4
2488861,9.830362855714625,9
2488862,9.992376753086132,1
2488875,9.726177341345844,13
2488892,9.335201747658143,17
2488897,9.911055698976503,5
2488898,10.0,1
2488899,10.0,1
2488911,9.784185476140195,12
2488930,9.595549011445378,19
2488931,10.0,1
2488941,9.808751461609459,10
2488953,9.777817735403348,12
2488970,9.639536662779179,17
2488971,9.98847743075913,1
2488976,9.921837302578938,5
2488986,9.786178199636625,10
2488987,9.988709704406263,1
2488988,9.992016139287653,1
2488995,9.856308476893824,7
2488996,10.0,1
2489002,9.87730924545542,6
2489010,9.740954364055588,8
2489013,9.956347425807051,3
2489028,9.738938597432082,15
2489036,9.844047503677523,8
2489044,9.846758845748479,8
2489057,9.713672252171303,13
2489073,9.658923448154713,16
2489084,9.65114859993127,11
2489088,9.93224549490319,4
2489098,9.7895082334408,10
2489106,9.845013615772192,8
2489117,9.761193453236928,11
2489123,9.893985577136997,6
2489128,9.910293816044252,5
2489131,9.967081195732012,3
2489144,9.720359965265033,13
2489159,9.634543963043555,15
2489162,9.952104595739499,3
2489174,9.748560145874546,12
2489189,9.653229665303419,15
2489200,9.76645170878973,11
2489217,9.583038706924874,17
2489229,9.744622468377173,12
2489238,9.838703525110036,9
2489246,9.845881312439712,8
2489255,9.827010279465002,9
2489256,10.0,1
2489260,9.943632404513686,4
2489269,9.820217681597704,9
2489276,9.863692931342825,7
2489289,9.703815111355382,13
2489295,9.898421092030565,6
2489301,9.881260007920863,6
2489306,9.907609392328675,5
2489307,10.0,1
2489324,9.397690283502534,17
2489332,9.859699837542626,8
2489337,9.906578637048693,5
2489343,9.703777506560563,6
2489351,9.85205445800596,8
2489360,9.855060929477576,9
2489373,9.716708891283927,13
2489376,9.959886514541132,3
2489382,9.890187350898724,6
2489388,9.88535051395303,6
2489400,9.750761741933724,12
2489412,9.754917738030224,12
2489429,9.63367476059108,17
2489443,9.704492830883256,14
2489466,9.436589949164341,23
2489479,9.719084367293366,13
2489484,9.924566326623605,5
2489493,9.804006642215004,9
2489506,9.753805349884061,13
2489507,9.989967336145428,1
2489511,9.937793581145026,4
2489524,9.75929835793187,13
2489532,9.837081334036196,8
2489541,9.832398421509334,9
2489552,9.765499878748027,11
2489560,9.842572554551747,8
2489561,10.0,1
2489571,9.596659314349811,10
2489592,9.50721730817998,21
2489599,9.863770865301852,7
2489600,9.992017622787717,1
2489608,9.846691395817919,8
2489629,9.548342940309961,21
2489642,9.742905498089485,13
2489658,9.65474292186055,16
2489670,9.72322515869066,12
2489672,9.979383777592137,2
2489684,9.762049642845673,12
2489693,9.834837168867937,9
2489696,9.951888446632701,3
2489704,9.836887962579238,8
2489714,9.783154361434407,10
2489726,9.722590205461286,12
2489732,9.882616354398404,6
2489733,10.0,1
2489738,9.926202364797824,5
2489741,9.964054816794857,3
2489742,10.0,1
2489749,9.85536793659653,7
2489759,9.803892400664655,10
2489766,9.87416256894375,7
2489773,9.776411842021911,7
2489781,9.85843401243645,8
2489790,9.82380057466461,9
2489806,9.618944768368161,16
2489814,9.84872110220425,8
2489837,9.55098800383428,23
2489852,9.65762180325983,15
2489860,9.84254847697207,8
2489867,9.875812091514762,7
2489868,10.0,1
2489885,9.514276180749196,17
2489892,9.8536427858834,7
2489894,9.979611815717739,2
2489907,9.733898277341208,13
2489916,9.788849400600332,9
2489931,9.586968013535644,15
2489941,9.799648677565221,10
2489946,9.822984453794863,5
2489955,9.821216732097733,9
2489969,9.720113448997072,14
2489977,9.845550354892358,8
2489987,9.810995863683559,10
2489996,9.830497902975779,9
2490009,9.717736591751018,13
2490020,9.695554373439972,11
2490029,9.826969611550146,9
2490039,9.7898441117551,10
2490052,9.698124344160796,13
2490060,9.842113797714289,8
2490067,9.878196797221218,7
2490082,9.690453021942425,15
2490100,9.575236918811976,18
2490153,9.126912726959919,53
2490169,9.655917454931945,16
2490186,9.576275919799878,17
2490200,9.750625875295214,14
2490207,9.89278453107165,7
2490208,9.98871581717689,1
2490214,9.90475591962283,6
2490221,9.887522575390527,7
2490234,9.772998807287129,13
2490239,9.905039092875253,5
2490246,9.860679802157742,7
2490259,9.631567514825969,13
2490268,9.812202133776406,9
2490278,9.830254089542581,10
2490286,9.830369946756232,8
2490312,9.50307641961872,26
2490318,9.91523242905704,6
2490330,9.527510946693255,12
2490338,9.85015064127967,8
2490353,9.685919160196203,15
2490363,9.838466078563831,10
2490373,9.801143499040633,10
2490374,9.996107095264378,1
2490382,9.85176349670487,8
2490440,6.619956091485795,58
2490443,9.96174749999295,3
2490460,9.62357552158193,17
2490478,9.57271543679272,18
2490489,9.759312450606409,11
2490492,9.964115434408521,3
2490504,9.754230667867269,12
2490514,9.789261409373827,10
2490522,9.846512887717216,8
2490528,9.880558625087286,6
2490546,9.659806774969761,18
2490560,9.653088662390015,14
2490564,9.942446019873406,4
2490574,9.781224459078857,10
2490579,9.917938300138086,5
2490584,9.92152686495374,5
2490585,10.0,1
2490594,9.831576721220523,9
2490604,9.824701405460528,10
2490612,9.8246726235253,8
2490614,9.97323582496723,2
2490618,9.939669130035453,4
2490624,9.913387351498297,6
2490635,9.755532219198074,11
2490636,10.0,1
2490637,10.0,1
2490648,9.780340545900579,11
2490656,9.817445733821762,8
2490659,9.963546991129354,3
2490667,9.857253503718013,8
2490673,9.904269861331379,6
2490678,9.911918870679896,5
2490686,9.845682975118118,8
2490694,9.848481802915007,8
2490700,9.877576054173351,6
2490702,9.983820171316363,2
2490718,9.518680526263712,16
2490724,9.908470111416063,6
2490732,9.834188470767641,8
2490733,10.0,1
2490747,9.675053603092111,14
2490754,9.845733408261323,7
2490764,9.812833987885478,10
2490777,9.70434748317015,13
2490779,9.986788043099258,2
2490798,9.597037786796081,19
2490811,9.718722299986446,13
2490819,9.853731105039056,8
2490820,9.992401824077797,1
2490830,9.805838463711668,10
2490848,9.59915181497895,18
2490851,9.947727437670453,3
2490856,9.926995305675042,5
2490866,9.829915161165186,10
2490876,9.823971315149768,10
2490891,9.681450393608543,15
2490904,9.700220948638961,13
2490918,9.72954818823154,14
2490928,9.790788886242906,10
2490939,9.751001148536051,11
2490945,9.904694155054868,6
2490955,9.788398508577767,10
2490972,9.347250437826236,17
2490982,9.823409470765155,10
2490990,9.860934368430188,8
2491010,9.658259246884814,20
2491011,10.0,1
2491026,9.73166014834882,15
2491040,9.69971126774091,14
2491047,9.882470352638517,7
2491049,9.977105426803746,2
2491057,9.846222395595543,8
2491067,9.800565410201875,10
2491076,9.806608379327976,9
2491089,9.739868541935472,13
2491104,9.655844695216345,15
2491121,9.655253080842922,17
2491129,9.877294114276474,8
2491141,9.752989422793966,12
2491150,9.845478948631184,9
2491163,9.71133785919993,13
2491168,9.904914467903303,5
2491183,9.679175880118835,15
2491185,9.984523445376023,2
2491191,9.893168752067046,6
2491202,9.752614545124754,11
2491214,9.748977505098898,12
2491226,9.778502828648241,12
2491234,9.874949025927695,8
2491247,9.703784891932095,13
2491248,10.0,1
2491249,9.992426241966683,1
2491256,9.891170425011303,7
2491269,9.747577809732727,13
2491282,9.738140705590327,13
2491294,9.733365753410526,12
2491298,9.942131029636307,4
2491303,9.914447907157562,5
2491316,9.711701929643098,13
2491331,9.71046767701823,15
2491340,9.511719931042373,9
2491348,9.827710597911187,8
2491364,9.662496985069973,16
2491371,9.885452246521847,7
2491381,9.790738014602208,10
2491400,8.96712815734226,19
2491403,9.955719509343297,3
2491404,10.0,1
2491412,9.823837208350959,8
2491413,10.0,1
2491425,9.77469897974626,12
2491436,9.7564237204306,11
2491447,9.667006116534385,11
2491454,9.88441786630678,7
2491468,9.740984979895522,14
2491488,9.606708093749196,20
2491492,9.918821591683951,4
2491494,9.980501525091995,2
2491504,9.803609650705338,10
2491506,9.977168979306114,2
2491512,9.892177197900637,6
2491521,9.824042739746414,9
2491531,9.795373246706358,10
2491540,9.823312685757447,9
2491549,9.823016268638892,9
2491561,9.764438894754667,12
2491576,9.695846433152774,15
2491583,9.874865262593486,7
2491603,9.533327336604664,20
2491612,9.811709208329285,9
2491617,9.91029346628525,5
2491626,9.829033762731024,9
2491630,9.922239404663857,4
2491631,10.0,1
2491640,9.796001711589778,9
2491644,9.951136055292693,4
2491653,9.824502051082272,9
2491668,9.639652820009097,15
2491680,9.759546359018264,12
2491690,9.764574816852907,10
2491697,9.863907721914977,7
2491704,9.873427138614923,7
2491714,9.787559710188875,10
2491729,9.646653750641,15
2491731,9.96650362971185,2
2491749,9.579865077213006,18
2491750,10.0,1
2491757,9.874335912487412,7
2491762,9.909990878837855,5
2491765,9.952116054038587,3
2491775,9.798693760076947,10
2491787,9.72713374383126,12
2491791,9.930383086917534,4
2491797,9.899581287899185,6
2491802,9.916018839659287,5
2491824,9.47192468118705,22
2491834,9.801143299773289,10
2491835,10.0,1
2491850,9.67882234220245,15
2491856,9.90845420783955,6
2491865,9.831071086006157,9
2491867,9.981584526668028,2
2491881,9.657403018304548,14
2491888,9.867598045724236,7
2491895,9.89234335512163,7
2491897,9.978725162043256,2
2491898,10.0,1
2491908,9.7856962274861,10
2491911,9.96375817493802,3
2491918,9.86439889424479,7
2491933,9.689385615092348,15
2491943,9.79816820641839,10
2491952,9.824851693961119,9
2491963,9.797670489594918,11
2491984,9.565131469337949,21
2491985,9.993140995910528,1
2491995,9.773181630092992,10
2492001,9.898333800893754,6
2492009,9.863456044339818,8
2492015,9.88728437997459,6
2492024,9.828955973344666,9
2492040,9.64521090612925,16
2492055,9.654713335533772,15
2492066,9.770550668379977,11
2492075,9.838360244468353,9
2492076,10.0,1
2492078,9.980277611534381,2
2492084,9.899781118026418,6
2492090,9.884688258912226,6
2492126,9.32851143657663,36
2492139,9.69705938188899,13
2492149,9.794009562114137,10
2492150,10.0,1
2492164,9.444222047921565,14
2492176,9.741515603478124,12
2492183,9.900982195733661,7
2492193,9.507077657116621,10
2492217,9.126320746180378,24
2492225,9.842176058020131,8
2492230,9.923902338957344,5
2492240,9.7893615225986,10
2492250,9.78787273717644,10
2492256,9.872980256485674,6
2492263,9.866460465107531,7
2492272,9.835939814946126,9
2492283,9.779158126018494,11
2492287,9.944486126923207,4
2492288,10.0,1
2492301,9.724543543359305,13
2492312,9.73703566592809,11
2492319,9.853589996979576,7
2492328,9.812599525613344,9
2492335,9.885800463310266,7
2492343,9.844303867003623,8
2492351,9.82338512565809,8
2492364,9.718027168128947,13
2492383,9.620854739168301,19
2492402,9.536559312360884,19
2492403,10.0,1
2492407,9.93003714317694,4
2492412,9.929570979074358,5
2492419,9.864992683217324,7
2492440,9.330126574888046,21
2492441,10.0,1
2492447,9.875942744391795,6
2492457,9.789503833078141,10
2492475,9.585490168148452,18
2492478,9.964257344630214,3
2492489,9.798131850234611,11
2492495,9.879333942679336,6
2492501,9.901186002515637,6
2492508,9.850480374646645,7
2492519,9.738457883287202,11
2492536,9.627528897673994,17
2492546,9.802897250865572,10
2492552,9.910920117093223,6
2492557,9.93169509921626,5
2492566,9.804346564263765,9
2492572,9.897833459794766,6
2492584,9.748960346912268,12
2492585,10.0,1
2492586,10.0,1
2492588,9.986920269812902,2
2492599,9.797536844220353,11
2492608,9.816234116652613,9
2492616,9.820223888870068,8
2492624,9.859361691626592,8
2492637,9.738925456397984,13
2492648,9.74099743426853,11
2492660,9.714460699804288,12
2492674,9.658618230554298,14
2492677,9.964490123544511,3
2492679,9.980998326508912,2
2492685,9.897141583293527,6
2492699,9.695855281555744,14
2492712,9.737122809451405,13
2492717,9.920865983667685,5
2492726,9.829746704349121,9
2492727,10.0,1
2492741,9.696964463139718,14
2492746,9.922972488357162,5
2492760,9.683225637827944,14
2492767,9.869786672547225,7
2492772,9.91483189954141,5
2492785,9.731684754344887,13
2492796,9.75120870900029,11
2492803,9.85982365180988,7
2492808,9.91775550141026,5
2492809,10.0,1
2492817,9.841760352364865,8
2492822,9.920496587709547,5
2492825,9.952942238151515,3
2492833,9.829408900649709,8
2492853,9.38001573072961,20
2492862,9.78549393826086,9
2492875,9.731523095163913,13
2492883,9.830456077396015,8
2492891,9.848591334409804,8
2492899,9.843409253889515,8
2492908,9.82493406021276,9
2492924,9.662547144094246,16
2492938,9.71839854147231,14
2492953,9.678100442706265,15
2492962,9.820340422264202,9
2492963,9.992595403080685,1
2492973,9.784652916549629,10
2492976,9.95079877075627,3
2492984,9.85038298018341,8
2492992,9.836785466320336,8
2493025,9.106365986063974,33
2493030,9.915047020031238,5
2493036,9.893861692730837,6
2493046,9.789803974936445,10
2493047,10.0,1
2493048,10.0,1
2493060,9.658207292348088,12
2493066,9.892979648523331,6
2493075,9.873065821788567,9
2493085,9.797634577959883,10
2493086,9.996486110347732,1
2493097,9.736457638185092,11
2493108,9.817634006427534,11
2493117,9.82841922471618,9
2493122,9.923650344645667,5
2493136,9.696645964751971,14
2493152,9.619994756025505,16
2493160,9.862835032664195,8
2493166,9.868653729969777,6
2493172,9.900047402919803,6
2493179,9.883072572066324,7
2493184,9.91267128562265,5
2493200,9.632679173263723,16
2493201,10.0,1
2493202,10.0,1
2493203,9.992213639996663,1
2493212,9.831642183991843,9
2493213,10.0,1
2493229,9.675639122953038,16
2493245,9.635964452035747,16
2493265,9.51593372077598,20
2493276,9.770818532864485,11
2493286,9.71982235573578,10
2493292,9.717808712742757,6
2493301,9.809962717960115,9
2493303,9.978302629115271,2
2493310,9.848324798232161,7
2493318,9.84832848155915,8
2493335,9.501275797898558,17
2493342,9.86199344597908,7
2493347,9.916605514657471,5
2493372,9.45035493711108,25
2493379,9.861708413979594,7
2493386,9.837845195925395,7
2493407,9.527403801646463,21
2493408,10.0,1
2493415,9.87213970750308,7
2493422,9.88758426215454,7
2493436,9.695367937749065,14
2493442,9.889182621450487,6
2493459,9.597983032615346,17
2493464,9.912993464147537,5
2493467,9.951541628264117,3
2493477,9.809573208267793,10
2493488,9.769636789457069,11
2493497,9.80520913442333,9
2493503,9.790323261552535,6
2493507,9.935303077885765,4
2493514,9.861478784072473,7
2493528,9.698492037946272,14
2493534,9.890487727233326,6
2493550,9.66440355630481,16
2493558,9.85924743571598,8
2493562,9.950137500757277,4
2493567,9.918157202358799,5
2493572,9.91321357780398,5
2493580,9.862976599192322,8
2493583,9.94929754013625,3
2493592,9.807350882527192,9
2493600,9.866237463946756,8
2493611,9.76991329131156,11
2493620,9.856188844476797,9
2493628,9.830565146982336,8
2493639,9.773366999387804,11
2493642,9.958910916916047,3
2493655,9.723480101698664,13
2493665,9.825047811898939,10
2493672,9.86935616984218,7
2493680,9.856679925043364,8
2493689,9.823098220364976,9
2493699,9.779195171627709,10
2493711,9.582265342543637,12
2493730,9.579714773372668,19
2493747,9.619957578477228,17
2493748,10.0,1
2493749,10.0,1
2493760,9.773123443386323,11
2493766,9.909321435519178,6
2493775,9.853758525100659,9
2493785,9.80112215945096,10
2493796,9.788891291875185,11
2493811,9.62977098331363,15
2493820,9.824507500850618,9
2493834,9.657952243120162,14
2493847,9.732314975171484,13
2493858,9.783707198227217,11
2493875,9.636185676100798,17
2493880,9.932001503736153,5
2493892,9.732424490164986,12
2493904,9.746128100440814,12
2493912,9.830277096677841,8
2493926,9.674965200719006,14
2493930,9.941122143596617,4
2493938,9.857115374188956,8
2493944,9.878906140900302,6
2493954,9.810620058908736,10
2493962,9.873061987546407,8
2493968,9.882255929181712,6
2493971,9.967822311752817,3
2493980,9.829099038890973,9
2493985,9.829117804916569,5
2493994,9.828682703651898,9
2494011,9.649639322351272,17
2494012,10.0,1
2494026,9.711803810154661,14
2494043,9.666813843854314,17
2494051,9.838001539228157,8
2494061,9.809548425112293,10
2494071,9.776914106254882,10
2494078,9.900612818855453,7
2494088,9.80644079560238,10
2494100,9.74868298345927,12
2494105,9.914726362388237,5
2494116,9.780574431697376,11
2494131,9.724084263297986,15
2494140,9.827344201201152,9
2494147,9.87273948141249,7
2494153,9.906483738714748,6
2494154,10.0,1
2494168,9.728919229606532,14
2494175,9.892891503062433,7
2494179,9.931195196682703,4
2494202,9.4485548698729,23
2494206,9.943510629671279,4
2494210,9.936729698629742,4
2494221,9.796519104863618,11
2494234,9.71387854410826,13
2494250,9.626407835208402,16
2494255,9.928240136698374,5
2494269,9.703646466694364,14
2494275,9.917735197222097,6
2494280,9.906008094116988,5
2494295,9.377010692303454,15
2494310,9.62602538928619,15
2494317,9.870973179657666,7
2494318,10.0,1
2494325,9.860896936452052,7
2494329,9.929164723365535,4
2494337,9.851196999290611,8
2494348,9.759052995847831,11
2494355,9.877638413514369,7
2494356,9.992156487399745,1
2494357,10.0,1
2494367,9.801344258468719,10
2494381,9.642227323506297,14
2494388,9.868969890250233,7
2494397,9.804296927582408,9
2494413,9.666357208607982,16
2494421,9.853353498504813,8
2494422,10.0,1
2494423,10.0,1
2494433,9.784419618406783,10
2494439,9.895795761186584,6
2494452,9.730497213659236,13
2494461,9.804601064475388,9
2494473,9.75526998721119,12
2494476,9.962872104779889,3
2494496,9.517716899621496,20
2494503,9.849071309727274,7
2494508,9.910117638697209,5
2494511,9.967824019708184,3
2494518,9.888140079716225,7
2494526,9.8581480764417,8
2494534,9.887375738881033,8
2494538,9.938952425242155,4
2494540,9.97527969443635,2
2494549,9.82019779288419,9
2494560,9.767133599440605,11
2494571,9.819067259971057,11
2494580,9.873746015821895,9
2494589,9.80903358577257,9
2494602,9.69050246602306,13
2494603,10.0,1
2494617,9.707516872941854,14
2494631,9.68011392146247,14
2494635,9.935928775532052,4
2494642,9.858427577397457,7
2494649,9.86572358492433,7
2494660,9.774394697061991,11
2494665,9.906497346177842,5
2494670,9.90827551314611,5
2494673,9.968011523476227,3
2494686,9.718234725714343,13
2494697,9.79066091717379,11
2494709,9.761269956266219,12
2494717,9.835606655704261,8
2494723,9.902492315941888,6
2494735,9.705195060673582,12
2494744,9.842858051768804,9
2494753,9.804360285285082,9
2494759,9.882212448870655,6
2494768,9.614518626222969,9
2494777,9.811224841993777,9
2494778,9.996522734368543,1
2494787,9.802135576725757,9
2494789,9.983249373971116,2
2494803,9.694939432221057,14
2494804,10.0,1
2494811,9.854232387054617,7
2494818,9.853144905999358,7
2494830,9.649360294445776,12
2494839,9.810824624750195,9
2494845,9.899645319783247,6
2494847,9.974778940122054,2
2494859,9.731951724166695,12
2494865,9.90291306833603,6
2494866,10.0,1
2494867,9.993178504550047,1
2494869,9.972048510004385,2
2494880,9.768732162368424,11
2494886,9.886513083403745,6
2494904,9.619390781442634,18
2494912,9.847953497959464,8
2494919,9.876613376311843,7
2494920,10.0,1
2494931,9.762883749427331,11
2494939,9.857622737032152,8
2494950,9.781975371252688,11
2494960,9.799047583215382,10
2494971,9.751910934946709,11
2494982,9.765894093926853,11
2494995,9.735326887188064,13
2495007,9.73486924460053,12
2495018,9.771343792115836,11
2495022,9.925688081286227,4
2495023,10.0,1
2495040,9.610624974278261,17
2495050,9.82548489681062,10
2495053,9.96532473439452,3
2495057,9.951356096759222,4
2495075,9.558666706842093,18
2495082,9.906045171550588,7
2495093,9.806055363171163,11
2495114,9.575709209274601,21
2495120,9.913156670306371,6
2495130,9.819475880645292,10
2495147,9.62163826198142,17
2495159,9.779612334102902,12
2495167,9.863483466658483,8
2495174,9.887672917967993,7
2495186,9.757116960804073,12
2495192,9.887461227853207,6
2495202,9.82392607355266,10
2495205,9.961422204313223,3
2495220,9.65931112769914,15
2495221,10.0,1
2495228,9.877802990091652,7
2495237,9.826040732819566,9
2495240,9.961089521506658,3
2495244,9.944028340763886,4
2495249,9.920495380309982,5
2495261,9.73706973959321,12
2495272,9.761872344767584,11
2495281,9.80283927915254,9
2495292,9.75986974639466,11
2495309,7.014969654887059,17
2495315,9.890863235826032,6
2495326,9.777753994328574,11
2495340,9.712921182691288,14
2495346,9.676852921331042,6
2495349,9.9658812685494,3
2495363,9.698952696056752,14
2495370,9.869849478639138,7
2495377,9.878270432030119,7
2495381,9.932594412157767,4
2495393,9.744980941038188,12
2495408,9.665805905410416,15
2495435,9.406108774550658,27
2495446,9.75438711240617,11
2495451,9.91102486200938,5
2495452,10.0,1
2495474,9.565396422926376,22
2495475,10.0,1
2495481,9.875163496693117,6
2495487,9.894431853386253,6
2495492,9.91494230710006,5
2495508,9.65932143451983,16
2495522,9.649499629770354,14
2495525,9.953731278262389,3
2495539,9.697113448097527,14
2495548,9.818021879092994,9
2495549,10.0,1
2495561,9.732349578329208,12
2495571,9.773674606119844,10
2495585,9.70676301333113,14
2495598,9.706473599253336,13
2495608,9.790570040164686,10
2495615,9.85371517134329,7
2495627,9.708285332598685,12
2495639,9.787205341180256,12
2495660,9.627282294719116,21
2495673,9.724005483290803,13
2495704,9.23607681907197,31
2495719,9.669320076876614,15
2495732,9.691055765505046,13
2495741,9.845297675830153,9
2495745,9.92601601882426,4
2495757,9.770107036287275,12
2495773,9.638769065625393,16
2495774,9.992944804413503,1
2495781,9.78725521226972,7
2495794,9.702198973581705,13
2495804,9.818994986621563,10
2495809,9.919526641400903,5
2495818,9.817562465366912,9
2495825,9.674602528216843,7
2495839,9.69110665852987,14
2495840,9.996365820516075,1
2495844,9.947497108217767,4
2495848,9.948171589414097,4
2495849,9.989545658107748,1
2495853,9.926913554638856,4
2495868,9.641528858172965,15
2495873,9.932747166059857,5
2495882,9.83630268522928,9
2495897,9.70855197582679,15
2495906,9.805023388994266,9
2495915,9.839969352091058,9
2495921,9.914621142225187,6
2495940,9.565588497731696,19
2495945,9.921457551461003,5
2495961,9.65679801752809,16
2495962,10.0,1
2495974,9.749781202250626,12
2495987,9.728496997645626,13
2495996,9.817185518785012,9
2496014,9.565231922331948,18
2496021,9.877418184471844,7
2496521,-16.964216473836142,500
2496540,9.594869511562548,19
2496541,10.0,1
2496546,9.934088029444956,5
2496558,9.752930878377908,12
2496559,10.0,1
2496570,9.816146725238392,11
2496578,9.88508406130645,8
2496592,9.743686014966334,14
2496599,9.890163258482032,7
2496603,9.930708161594277,4
2496617,9.51461241569047,14
2496625,9.843938419844738,8
2496639,9.70255857542651,14
2496642,9.957495193902659,3
2496646,9.936130686846502,4
2496663,9.618517287231057,17
2496677,9.674634247482414,14
2496684,9.879060237512913,7
2496694,9.793711678687181,10
2496708,9.706145428989915,14
2496709,10.0,1
2496722,9.696190417176503,13
2496734,9.736521816294132,12
2496740,9.886113812499772,6
2496751,9.761299770076015,11
2496762,9.777636554366852,11
2496763,10.0,1
2496780,9.63296170765792,17
2496784,9.932558314145187,4
2496793,9.848607673123798,9
2496796,9.965507595695636,3
2496803,9.86510849035982,7
2496811,9.841510761268507,8
2496824,9.738468880438536,13
2496837,9.725665591769012,13
2496838,10.0,1
2496847,9.817678683069534,9
2496857,9.809830730334006,10
2496858,10.0,1
2496861,9.964882394824297,3
2496870,9.825379205289886,9
2496881,9.786806394827877,11
2496896,9.681002264549551,15
2496904,9.840596710890177,8
2496916,9.74534293674811,12
2496925,9.812094462503232,9
2496941,9.636531953238329,16
2496946,9.911018918725558,5
2496970,9.499258501078355,24
2496981,9.742032305163827,11
2496993,9.722326656141343,12
2496995,9.981344000828859,2
2497014,9.588853911434237,19
2497018,9.934997489934142,4
2497024,9.89716025061686,6
2497025,10.0,1
2497031,9.901520049084448,6
2497032,9.996048015514544,1
2497043,9.823764526051983,11
2497044,10.0,1
2497052,9.86316036032757,8
2497061,9.819228787905226,9
2497062,9.996580253364774,1
2497063,10.0,1
2497064,9.993336209936945,1
2497078,9.708602894149406,14
2497079,9.993124505620658,1
2497090,9.767257074521751,11
2497109,9.536988254897421,19
2497121,9.7132057760001,12
2497126,9.925278508558165,5
2497130,9.929690112577424,4
2497131,10.0,1
2497132,9.988719005254662,1
2497146,9.577294881398814,14
2497156,9.773273803676426,10
2497171,9.645687656301105,15
2497180,9.837587119831941,9
2497189,9.627717997927816,9
2497251,-8.11973310131592,62
2497260,9.817773664432167,9
2497268,9.855644424064097,8
2497277,9.825543438325763,9
2497291,9.669042293454185,14
2497304,9.719642096867554,13
2497307,9.954924417287213,3
2497312,9.914660489557082,5
2497320,9.830481601829591,8
2497330,9.81190647276979,10
2497343,9.726120880657914,13
2497359,9.657212449290009,16
2497376,9.596770611589962,17
2497388,9.731839735336917,12
2497394,9.879554762431113,6
2497399,9.924229129736943,5
2497402,9.94712991441706,3
2497407,9.896296595047941,5
2497412,9.918657942601897,5
2497424,9.790931173092876,12
2497429,9.91284555784039,5
2497435,9.881980059473301,6
2497447,9.74023506551723,12
2497459,9.735582086572695,12
2497466,9.867650673517334,7
2497469,9.957599616318353,3
2497488,9.580143301047453,19
2497498,9.782186428998108,10
2497508,9.78593140452628,10
2497512,9.947820427214777,4
2497519,9.864038499155408,7
2497530,9.797261662102636,11
2497540,9.77872225939075,10
2497542,9.974176232752596,2
2497554,9.790053197039976,12
2497616,8.852546252062867,62
2497622,9.895767382619805,6
2497625,9.965256435567168,3
2497642,9.682786985914788,17
2497654,9.569077874564876,12
2497656,9.976890352993545,2
2497672,9.61883667960642,16
2497682,9.79789339670228,10
2497691,9.816393965070882,9
2497697,9.89158099802947,6
2497709,9.74275116207689,12
2497717,9.842991475396104,8
2497732,9.691235878924367,15
2497740,9.841879782461463,8
2497749,9.82717621704686,9
2497762,9.797561761266468,13
2497774,9.768967257405093,12
2497795,9.597441148324767,21
2497815,9.50925277815516,20
2497817,9.98397931204859,2
2497821,9.947357619142316,4
2497822,10.0,1
2497829,9.859951674193507,7
2497839,9.771687524968153,10
2497848,9.840822778964101,9
2497853,9.919086720420811,5
2497868,9.670477257176005,15
2497883,9.647181726168615,15
2497897,9.683439686262462,14
2497904,9.868550037276771,7
2497918,9.691125020534194,14
2497929,9.76394095037461,11
2497943,9.694439993510294,14
2497948,9.924178864930903,5
2497949,10.0,1
2497953,9.949129312979,4
2497957,9.92817364793686,4
2497967,9.775615251279515,10
2497968,10.0,1
2497970,9.984418100140681,2
2497986,9.626996300279558,16
2497995,9.824136939793206,9
2498010,9.614214021053092,15
2498016,9.893179937870384,6
2498028,9.745079051680106,12
2498034,9.899465546863317,6
2498050,9.602850303432053,16
2498065,9.630593616482859,15
2498076,9.779581558189621,11
2498084,9.83861541988692,8
2498094,9.784017855163453,10
2498097,9.952104726027732,3
2498104,9.863379280364143,7
2498105,9.995946211061726,1
2498112,9.860735096519287,7
2498126,9.422629430230742,14
2498141,9.670352241190127,15
2498145,9.949147747681973,4
2498155,9.824901874122032,10
2498157,9.971318552398433,2
2498167,9.71867425310086,10
2498185,9.564223634104962,18
2498203,9.57092376360727,18
2498211,9.85469929925048,8
2498228,9.590514361914307,17
2498236,9.844182268811219,8
2498247,9.79377526017904,11
2498254,9.491798720106573,7
2498261,9.78570828048893,7
2498266,9.902566215301915,5
2498272,9.888694485618206,6
2498275,9.96262707336724,3
2498286,9.75530103566956,11
2498290,9.622925264041765,4
2498305,9.630466763834534,15
2498313,9.838375711317754,8
2498322,9.633554015780012,9
2498333,9.792166240306834,11
2498342,9.832474506257796,9
2498348,9.92417799365239,6
2498367,9.548905094900878,19
2498371,9.942232060600816,4
2498377,9.9051145546012,6
2498380,9.964101054816439,3
2498390,9.80517620164544,10
2498396,9.90595417239299,6
2498405,9.828131106958626,9
2498418,9.71854573775774,13
2498427,9.809585312190059,9
2498437,9.772032986196205,10
2498444,9.87813439356105,7
2498445,9.992725206849824,1
2498450,9.924969529059368,5
2498453,9.959841874696655,3
2498465,9.783195277097477,12
2498471,9.90498031679286,6
2498485,9.745953695327646,14
2498498,9.756783437746531,13
2498502,9.934040213514958,4
2498513,9.774906887803025,11
2498523,9.781687393072499,10
2498525,9.96811746448759,2
2498533,9.846496410783896,8
2498544,9.780830971421194,11
2498554,9.803964507261563,10
2498573,9.562962839158798,19
2498576,9.959682373488217,3
2498591,9.693137091041153,15
2498600,9.860045373190895,9
2498603,9.966617511061754,3
2498615,9.74970735662227,12
2498623,9.84742700915336,8
2498632,9.831458757036506,9
2498634,9.975122777176704,2
2498638,9.935170762009276,4
2498652,9.606108432244486,14
2498663,9.778897874521157,11
2498671,9.827582077172009,8
2498672,10.0,1
2498673,10.0,1
2498683,9.794197655381991,10
2498684,10.0,1
2498694,9.822812027223451,10
2498710,9.616481031243564,16
2498726,9.547660523346973,16
2498742,9.549616965751904,16
2498754,9.749739887677231,12
2498767,9.701447600750585,13
2498780,9.735853397748397,13
2498789,9.82755544583856,9
2498797,9.854785890749492,8
2498798,10.0,1
2498812,9.731983759536678,14
2498827,9.68596485385014,15
2498840,9.69609606625588,13
2498846,9.88602344936381,6
2498847,10.0,1
2498849,9.981254546177365,2
2498865,9.70647088800092,16
2498872,9.870377997064413,7
2498874,9.985312273290445,2
2498877,9.967224238733023,3
2498888,9.768349666735912,11
2498901,9.719871585851964,13
2498916,9.642308804947834,15
2498927,9.750889276525863,11
2498933,9.902518994490718,6
2498952,9.579952482988887,19
2498965,9.7137371413156,13
2498979,9.67941880009495,14
2498986,9.870411211970902,7
2498987,10.0,1
2498993,9.903877182354057,6
2498994,10.0,1
2498998,9.945744615721539,4
2498999,10.0,1
2499003,9.93106146437169,4
2499017,9.712139512443612,14
2499028,9.764241876110498,11
2499035,9.889987855596651,7
2499045,9.812164596270755,10
2499056,9.768003872511462,11
2499075,9.612012353968167,19
2499088,9.728234261201266,13
2499098,9.777271343012494,10
2499105,9.87473403501546,7
2499106,10.0,1
2499110,9.946463012027854,4
2499165,6.554939168977796,55
2499166,10.0,1
2499177,9.79489559411434,11
2499178,9.989448882950503,1
2499192,9.668292807587068,14
2499202,9.786908043876428,10
2499214,9.76308650616847,12
2499221,9.868394218877288,7
2499236,9.545892494257089,15
2499237,10.0,1
2499238,10.0,1
2499239,10.0,1
2499249,9.79269039225846,10
2499256,9.892061452956014,7
2499260,9.94298652339701,4
2499274,9.480405306288896,14
2499280,9.898400538152545,6
2499284,9.92550166653528,4
2499292,9.825136909090437,8
2499310,9.508064494172903,18
2499321,9.771201831469142,11
2499323,9.984718465359038,2
2499335,9.739556962535476,12
2499346,9.761146320194822,11
2499356,9.791878104193717,10
2499361,9.908055528188761,5
2499373,9.733253967713214,12
2499385,9.752091509047752,12
2499396,9.760498095258491,11
2499409,9.699433120630308,13
2499422,9.530786694586055,13
2499428,9.87829284139298,6
2499439,9.798964059893516,11
2499449,9.823654946973033,10
2499450,10.0,1
2499457,9.88320592201342,7
2499465,9.867642213081373,8
2499474,9.855989468469692,9
2499475,10.0,1
2499493,9.609440062793148,18
2499504,9.752452003215788,11
2499515,9.747381128674567,11
2499516,10.0,1
2499527,9.804236852310837,11
2499542,9.679441670821125,15
2499560,9.619337075978224,18
2499564,9.952365407425386,4
2499571,9.885513619041564,7
2499581,9.789157542442084,10
2499588,9.868823342528598,7
2499600,9.729885870367333,12
2499610,9.837610302569736,10
2499618,9.841727939006443,8
2499635,9.65387427327298,17
2499649,9.675974108746818,14
2499660,9.711700319412484,11
2499667,9.58770676968384,7
2499680,9.717706431490848,13
2499686,9.907742443911319,6
2499697,9.769136043586622,11
2499698,10.0,1
2499699,10.0,1
2499708,9.861942667927558,9
2499718,9.781591556920745,10
2499735,9.64119122640942,17
2499749,9.695562062887962,14
2499758,9.831027581919997,9
2499772,9.659359012739257,14
2499786,9.72157032768242,14
2499794,9.864251065658292,8
2499805,9.770527696117577,11
2499817,9.734061092791858,12
2499831,9.702114581481709,14
2499832,10.0,1
2499843,9.764618688179423,11
2499852,9.864304776932231,9
2499856,9.930574840631786,4
2499862,9.909506803676917,6
2499868,9.883121532263287,6
2499877,9.817610941748045,9
2499883,9.901815838205948,6
2499889,9.888395553089868,6
2499897,9.63405989872551,8
2499921,9.080876133845166,24
2499925,9.93054399420128,4
2499937,9.727689276496887,12
2499951,9.673124222478052,14
2499965,9.683244842186363,14
2499966,10.0,1
2499974,9.838211696352097,8
2499990,9.710086901344846,16
2500001,9.735750054733673,11
2500010,9.864723043724677,9
2500012,9.984832915834636,2
2500019,9.861614404301775,7
2500038,9.127952369139452,19
2500050,9.746740158231018,12
2500069,9.526404215950489,19
2500075,9.892247123847762,6
2500084,9.794484091863488,9
2500094,9.83094044534413,10
2500107,9.712939001485605,13
2500116,9.807810504275425,9
2500123,9.872958152704946,7
2500125,9.977009287061135,2
2500135,9.79357883611608,10
2500145,9.811422432888032,10
2500150,9.901229141765768,5
2500164,9.724743717649623,14
2500169,9.92354651095621,5
2500179,9.790581119755469,10
2500180,10.0,1
2500187,9.878408519960724,7
2500188,10.0,1
2500192,9.946253567997081,4
2500200,9.873538344473417,8
2500209,9.835090121759212,9
2500219,9.806107788027608,10
2500222,9.968614362917078,3
2500225,9.96807222388853,3
2500240,9.738907315615597,15
2500246,9.895774286372998,6
2500265,9.584869557983234,19
2500274,9.833393971727022,9
2500282,9.850433241389165,8
2500298,9.63076830846778,16
2500305,9.541590745407468,7
2500315,9.781613759876665,10
2500327,9.739459031621243,12
2500336,9.808753199629159,9
2500343,9.857779997837879,7
2500358,9.652939813194712,15
2500366,9.831294257078989,8
2500367,10.0,1
2500379,9.754558511834862,12
2500383,9.933986625546055,4
2500388,9.91294819427437,5
2500392,9.950134856398144,4
2500411,9.531082253679543,19
2500417,9.896396463561146,6
2500425,9.822433871403867,8
2500434,9.852930855939046,9
2500450,9.736363277405284,16
2500456,9.896573383893264,6
2500469,9.743794607924627,13
2500478,9.82207290182288,9
2500486,9.853752242860281,8
2500497,9.73704103426031,11
2500509,9.406710989969346,12
2500515,9.918317918234811,6
2500516,9.996362547080185,1
2500523,9.866721377998914,7
2500537,9.726321823118914,14
2500549,9.766269305111994,12
2500558,9.815592917185443,9
2500560,9.985993866327902,2
2500568,9.824127946495395,8
2500569,10.0,1
2500577,9.653935304363674,8
2500596,9.543441384508194,19
2500598,9.987249269902362,2
2500607,9.82949078141784,9
2500609,9.98523347542191,2
2500617,9.846103271714739,8
2500618,10.0,1
2500628,9.791856618172247,10
2500635,9.87783847324545,7
2500644,9.813071598453359,9
2500658,9.62871834251379,14
2500659,10.0,1
2500666,9.873026074749557,7
2500673,9.847596516457989,7
2500682,9.827898982131527,9
2500691,9.829874895506814,9
2500697,9.90657182478251,6
2500718,9.531797918945335,21
2500746,9.406236673414094,28
2500855,8.163459880394393,109
2500880,7.885780568009776,25
2500888,9.846586150459467,8
2500893,9.904131369584343,5
2500900,9.86705835485102,7
2500921,9.570357755280435,21
2500922,10.0,1
2500931,9.833313666435425,9
2500946,9.666646026272083,15
2500947,10.0,1
2500962,9.731129515040447,15
2500976,9.705002826375896,14
2500977,10.0,1
2500991,9.68870877783622,14
2501003,9.748899816683444,12
2501004,9.98766016872565,1
2501008,9.940781479729504,4
2501015,9.87358816624668,7
2501023,9.873378036238295,8
2501032,9.84454364941053,9
2501038,9.895991609433437,6
2501051,9.69345422439526,13
2501059,9.85958620506515,8
2501068,9.81589850445744,9
2501077,9.834461948153281,9
2501083,9.906214941988328,6
2501094,9.797739380576337,11
2501103,9.824460547498992,9
2501110,9.872444044849217,7
2501111,10.0,1
2501131,9.509261302302207,20
2501133,9.980899111515075,2
2501150,9.626813603927848,17
2501156,9.89653480890669,6
2501161,9.92029354352651,5
2501174,9.717185081375806,13
2501191,9.624017850236683,17
2501200,9.798695054486219,9
2501211,9.76948148512642,11
2501227,9.593535239216918,16
2501236,9.826021952602026,9
2501246,9.791915681603744,10
2501253,9.87888928153442,7
2501264,9.790747709599017,11
2501284,9.59622717792221,20
2501291,9.881323797447765,7
2501296,9.918818056231803,5
2501300,9.940221785014282,4
2501315,9.688216917976643,15
2501323,9.840617797524084,8
2501331,9.837660792867402,8
2501341,9.795678420636287,10
2501353,9.783242097904228,12
2501354,10.0,1
2501355,9.996743817406985,1
2501363,9.868644525443834,8
2501369,9.88938076328001,6
2501370,9.993375978987201,1
2501371,10.0,1
2501378,9.887607381270737,7
2501380,9.97509440076192,2
2501392,9.807691886412538,12
2501393,10.0,1
2501403,9.794368248081526,10
2501405,9.975050831239848,2
2501420,9.631107738171796,15
2501443,9.37559016005816,23
2501452,9.832738714570494,9
2501457,9.930028967798977,5
2501465,9.81592837654502,8
2501471,9.788489271888409,6
2501479,9.86302669066482,8
2501482,9.9622852481581,3
2501490,9.848843903751643,8
2501503,9.694354918694247,13
2501504,10.0,1
2501505,10.0,1
2501514,9.824299591153775,9
2501521,9.879119488453409,7
2501522,10.0,1
2501533,9.802415345022602,11
2501542,9.812874654091917,9
2501543,10.0,1
2501551,9.875127920247976,8
2501562,9.786791760349416,11
2501575,9.648196874493209,13
2501581,9.90242351988951,6
2501588,9.878036917542083,7
2501603,9.658149547503413,15
2501618,9.675412645125233,15
2501621,9.952689112590386,3
2501639,9.624779951257095,18
2501651,9.769186691150649,12
2501660,9.791492206766106,9
2501665,9.915889541981347,5
2501670,9.913658196560908,5
2501672,9.978038874357734,2
2501678,9.91636516390427,6
2501683,9.919095368641376,5
2501686,9.955169938515542,3
2501690,9.944117141695788,4
2501696,9.877547782165243,6
2501697,10.0,1
2501708,9.75654490037245,11
2501723,9.675882074238551,15
2501729,9.886579412094948,6
2501734,9.928679858669938,5
2501746,9.779350956032818,12
2501756,9.788956719034683,10
2501757,10.0,1
2501764,9.885767972891419,7
2501774,9.823422814580189,10
2501791,9.613775077324071,17
2501792,10.0,1
2501805,9.719849225297311,13
2501806,10.0,1
2501820,9.67250438934746,14
2501834,9.70977974054954,14
2501850,9.73348223173745,16
2501851,9.991772010084157,1
2501865,9.688063389168832,14
2501876,9.774344982083239,11
2501890,9.682537826489673,14
2501905,9.710910979833908,15
2501914,9.86013361606101,9
2501922,9.859189195221942,8
2501927,9.931935794245906,5
2501940,9.693904490467213,13
2501947,9.864961581298935,7
2501961,9.695053446971153,14
2501974,9.717404912040912,13
2501984,9.779327816973499,10
2502003,9.522831936149638,19
2502004,10.0,1
2502011,9.775733892182837,7
2502024,9.750074548467852,13
2502035,9.769888230407757,11
2502039,9.922341693679803,4
2502043,9.93670260744747,4
2502054,9.784732465471786,11
2502069,9.671049769104252,15
2502079,9.793697029708323,10
2502086,9.880229076303333,7
2502094,9.856531999160888,8
2502099,9.937492386140491,5
2502100,10.0,1
2502114,9.694544185539922,14
2502120,9.902900080319359,6
2502121,10.0,1
2502137,9.648331747666175,16
2502139,9.97345576302653,2
2502149,9.800313388036576,10
2502152,9.970214273895794,3
2502164,9.744633003284433,12
2502177,9.701066105112643,13
2502185,9.845666286729491,8
2502186,9.99584019438632,1
2502199,9.711608016978833,13
2502209,9.804202953704868,10
2502224,9.634276870298935,15
2502235,9.759062742734468,11
2502243,9.82585438401044,8
2502248,9.911956665693975,5
2502255,9.879488167081025,7
2502272,9.626290028079177,17
2502276,9.950305529747242,4
2502287,9.80272996423944,11
2502288,10.0,1
2502301,9.72251965568191,13
2502321,9.649232485805998,20
2502328,9.868562475543174,7
2502332,9.942922498944926,4
2502342,9.806618836854884,10
2502352,9.770544866762036,10
2502354,9.97561064223904,2
2502370,9.69117623457661,16
2502381,9.802480364221871,11
2502393,9.756962018301762,12
2502411,9.67786633639375,18
2502420,9.826321999789666,9
2502434,9.741473555586184,14
2502435,10.0,1
2502455,9.314135025507621,20
2502456,10.0,1
2502461,9.906799593266696,5
2502485,9.486584411674443,24
2502494,9.816687105659454,9
2502499,9.924954953014405,5
2502509,9.811755164620557,10
2502520,9.74495079037006,11
2502525,9.930598632132442,5
2502530,9.92928226337271,5
2502540,9.769970862512078,10
2502541,9.996064451922296,1
2502542,10.0,1
2502546,9.947206710439454,4
2502552,9.886273617486708,6
2502565,9.746515214366006,13
2502578,9.709364674518193,13
2502585,9.883968428718523,7
2502595,9.817843819718336,10
2502603,9.829133400633209,8
2502618,9.645436126221174,15
2502628,9.834839468944072,10
2502631,9.961420895863888,3
2502634,9.9506045784824,3
2502642,9.836151522743664,8
2502653,9.80716510683309,11
2502667,9.693833446026815,14
2502680,9.742618212900288,13
2502693,9.717419690899892,13
2502707,9.688793954397134,14
2502710,9.954894818038335,3
2502717,9.8494089989973,7
2502726,9.813874844577073,9
2502727,10.0,1
2502741,9.683406218443338,14
2502745,9.941656744238466,4
2502753,9.853534160464102,8
2502768,9.714093622463135,15
2502778,9.800129589098663,10
2502787,9.822067561482472,9
2502796,9.839718626993845,9
2502802,9.89527069122501,6
2502812,9.851100189780837,10
2502820,9.835950603040768,8
2502832,9.763482869416983,12
2502845,9.723010011901055,13
2502855,9.807811588768523,10
2502863,9.876359420740169,8
2502876,9.763173031971286,13
2502877,10.0,1
2502886,9.847751487240028,9
2502896,9.802395991265032,10
2502906,9.79392897283026,10
2502907,10.0,1
2502908,10.0,1
2502916,9.823793243339855,8
2502923,9.875594260958847,7
2502931,9.870363909185613,8
2502938,9.854716583177238,7
2502950,9.734589511670585,12
2502954,9.936900477422222,4
2502968,9.70115100381627,14
2502980,9.721083670013883,12
2502992,9.753803877697338,12
2503002,9.802614160313276,10
2503010,9.832919713511895,8
2503023,9.724274697957334,13
2503029,9.88998521226609,6
2503030,10.0,1
2503048,9.59065275800056,18
2503056,9.659742079841587,8
2503064,9.850600310652935,8
2503073,9.840684377981876,9
2503083,9.833505524984275,10
2503084,9.992091750104805,1
2503086,9.97054313698416,2
2503090,9.932042702881368,4
2503104,9.706845375678082,14
2503110,9.90546301403078,6
2503116,9.79971194558239,6
2503119,9.95960818230094,3
2503124,9.924050729334338,5
2503132,9.8260293906995,8
2503142,9.784230949813631,10
2503146,9.934150650275633,4
2503150,9.935347400460952,4
2503155,9.913383462597869,5
2503163,9.825478057107645,8
2503177,9.70890606370949,14
2503189,9.759257580917051,12
2503203,9.69727636698062,14
2503213,9.780602084226167,10
2503218,9.907286424394206,5
2503219,10.0,1
2503229,9.814630186257764,10
2503235,9.900813092193811,6
2503243,9.867249559309233,8
2503247,9.92605333243089,4
2503259,9.760043524976219,12
2503271,9.747793428037633,12
2503279,9.843083837799583,8
2503280,10.0,1
2503294,9.66569734866535,14
2503302,9.833110401515516,8
2503303,10.0,1
2503316,9.741292117628287,13
2503325,9.709052447633393,9
2503340,9.687515591176533,15
2503349,9.808666548794472,9
2503364,9.639801162999202,15
2503370,9.904752141962415,6
2503384,9.693078802684138,14
2503391,9.874888048430423,7
2503397,9.894122299887599,6
2503400,9.952082532590795,3
2503410,9.801726589359369,10
2503420,9.822512057741823,10
2503432,9.70037554911863,12
2503439,9.88637820175825,7
2503453,9.741585076472756,14
2503466,9.711058594410076,13
2503478,9.753056295625584,12
2503483,9.926277689079347,5
2503487,9.934632197133993,4
2503497,9.83077336121365,10
2503510,9.72490530447931,13
2503518,9.844846723250104,8
2503527,9.829144690600785,9
2503541,9.717636712256251,14
2503545,9.928806444692775,4
2503557,9.716675754815777,12
2503571,9.735228867574575,14
2503587,9.661243577299217,16
2503597,9.794447329961521,10
2503613,9.607501014258126,16
2503627,9.657463718102383,14
2503633,9.886016600908624,6
2503646,9.698782946107261,13
2503650,9.936440365488348,4
2503655,9.909165817971441,5
2503657,9.978703140185905,2
2503665,9.847218473997147,8
2503670,9.93114834622379,5
2503675,9.931995545268368,5
2503685,9.795461666862918,10
2503692,9.877460894843061,7
2503703,9.756596224967248,11
2503719,9.710843504392884,16
2503723,9.940376577526793,4
2503742,9.550886243869225,19
2503753,9.777035666451116,11
2503764,9.783987215315676,11
2503767,9.959654186214898,3
2503778,9.766905856387622,11
2503791,9.72143804691811,13
2503806,9.323024490401613,15
2503816,9.798841442365362,10
2503832,9.654656005287713,16
2503841,9.818485165805779,9
2503852,9.784130598353718,11
2503865,9.72407119218641,13
2503872,9.845379886362581,7
2503880,9.831371221649887,8
2503890,9.793985863121323,10
2503901,9.756334476518916,11
2503902,10.0,1
2503910,9.826296978020027,8
2503923,9.713406008654212,13
2503938,9.634649012126024,15
2503944,9.89322854356094,6
2503952,9.727919839032008,8
2503969,9.516919431796676,17
2503970,9.987280759927996,1
2503979,9.825459486857323,9
2503988,9.82627119547036,9
2504000,9.751375193447462,12
2504018,9.648367897445175,18
2504025,9.897737944377646,7
2504036,9.777895935482357,11
2504047,9.6320281857924,11
2504058,9.783756727166686,11
2504067,9.838368475460896,9
2504079,9.78677371584941,12
2504097,9.629081231892076,18
2504104,9.873750907921613,7
2504105,10.0,1
2504111,9.887983882272888,6
2504125,9.75242179369916,14
2504132,9.87316745178388,7
2504141,9.8168160026354,9
2504142,10.0,1
2504143,9.987342038656902,1
2504151,9.833328459069278,8
2504152,10.0,1
2504156,9.927358130827638,4
2504159,9.958292473563079,3
2504163,9.9327586827993,4
2504173,9.798088491393651,10
2504185,9.748980899190933,12
2504186,10.0,1
2504197,9.7941190728386,11
2504212,9.680462713563156,15
2504225,9.702660319294997,13
2504236,9.743687571437428,11
2504241,9.914173721331176,5
2504249,9.847939819141226,8
2504260,9.772573692381853,11
2504274,9.697085915916732,14
2504282,9.850804949846752,8
2504302,9.55635284441604,20
2504310,9.860018723926347,8
2504323,9.608002761261972,13
2504324,10.0,1
2504336,9.739955663393598,12
2504342,9.889935149400559,6
2504347,9.922685309647354,5
2504351,9.947244192179065,4
2504358,9.867163214547436,7
2504362,9.941390784420987,4
2504374,9.789128462577223,12
2504381,9.870420980528149,7
2504382,10.0,1
2504396,9.686251157393485,14
2504403,9.889388343253469,7
2504404,9.988654915635538,1
2504405,10.0,1
2504413,9.854261278508549,8
2504431,9.42687430229312,18
2504436,9.907380540144889,5
2504444,9.83089317517333,8
2504455,9.779818869893862,11
2504456,9.988664855691374,1
2504459,9.956175100536033,3
2504460,10.0,1
2504465,9.909585120813164,5
2504474,9.795564027419745,9
2504483,9.823934248356217,9
2504491,9.850198125552577,8
2504493,9.968563722214993,2
2504502,9.807121751324123,9
2504509,9.882781352490333,7
2504522,9.71639001065753,13
2504533,9.738866621986599,11
2504554,9.54528273757143,21
2504565,9.762762705762746,11
2504576,9.765630409588423,11
2504591,9.69245149935156,15
2504603,9.527333646814045,12
2504604,10.0,1
2504612,9.821924192632125,8
2504625,9.689929257750379,13
2504633,9.848351996481824,8
2504634,10.0,1
2504641,9.874933959150452,7
2505141,-212.37337822155635,500
2505150,9.792892906004694,9
2505161,9.811079681239525,11
2505174,9.7218148070789,13
2505175,10.0,1
2505176,10.0,1
2505191,9.671767643479672,15
2505197,9.89563442545085,6
2505208,9.790290017671168,11
2505224,9.635845008188182,16
2505232,9.853841649092194,8
2505247,9.67312728687383,15
2505261,9.672479844111097,14
2505270,9.825653671401644,9
2505271,10.0,1
2505279,9.824395844209917,8
2505291,9.777661918998612,12
2505300,9.818371928033573,9
2505311,9.478008014991975,11
2505319,9.653357751006556,8
2505320,10.0,1
2505321,10.0,1
2505332,9.75827070264284,11
2505343,9.809077712382365,11
2505346,9.949628552897163,3
2505358,9.751220675748646,12
2505367,9.854820245877328,9
2505374,9.881066214863694,7
2505380,9.883858110159382,6
2505381,10.0,1
2505395,8.95773052939085,14
2505399,9.945481012360801,4
2505408,9.817513681449038,9
2505409,10.0,1
2505412,9.96535950697938,3
2505418,9.89811158947233,6
2505423,9.907312273723527,5
2505427,9.942214957345517,4
2505430,9.96268249294239,3
2505444,9.715748175246588,14
2505453,9.80315764542776,9
2505456,9.947879275025587,3
2505457,10.0,1
2505467,9.779262003280676,10
2505468,9.996107710545141,1
2505469,10.0,1
2505470,10.0,1
2505485,9.679573939494864,15
2505497,9.728527944156856,12
2505501,9.936749073058447,4
2505515,9.683686916659907,14
2505530,9.656188670170504,15
2505541,9.790788634426082,11
2505554,9.695282927190393,13
2505565,9.774307914647679,11
2505579,9.652982816863414,14
2505588,9.78928704115362,9
2505598,9.783123690570887,10
2505606,9.871135363435956,8
2505615,9.826264631847087,9
2505620,9.936898586767215,5
2505627,9.874498185850097,7
2505631,9.93984267724171,4
2505635,9.936536250102984,4
2505656,9.504341545206728,21
2505660,9.931393625964148,4
2505669,9.8380424952601,9
2505670,10.0,1
2505671,9.995865799871867,1
2505691,9.553184727389079,20
2505699,9.637021713996702,8
2505712,9.73625327873139,13
2505713,10.0,1
2505728,9.668575321929536,15
2505729,10.0,1
2505743,9.71789071299776,14
2505745,9.969911639346622,2
2505749,9.943479329867765,4
2505750,10.0,1
2505752,9.974852780846465,2
2505760,9.859163042397698,8
2505765,9.901257729096848,5
2505785,9.506479538363664,20
2505803,9.671571927287802,18
2505823,9.122052500965282,20
2505826,9.95064885039938,3
2505838,9.783278744191241,12
2505842,9.937480730502221,4
2505843,10.0,1
2505870,9.485866776668374,27
2505880,9.791766711647314,10
2505893,9.688948182679846,13
2505909,9.60799556962265,16
2505923,9.676917718840622,14
2505934,9.769299484969636,11
2505939,9.905323327260566,5
2505953,9.696247197172866,14
2505964,9.471480112581496,11
2505966,9.974270808149116,2
2505976,9.775663684897852,10
2505990,9.684772082671362,14
2506006,9.679402225780807,16
2506010,9.947268637974979,4
2506021,9.751340765407717,11
2506031,9.841045294367222,10
2506036,9.91942042521596,5
2506046,9.781107458655036,10
2506059,9.72528693315434,13
2506067,9.843099430318382,8
2506069,9.985447767144258,2
2506082,9.728011508202446,13
2506095,9.726588277238147,13
2506096,10.0,1
2506103,9.866442238995399,7
2506109,9.88868544974349,6
2506118,9.796058558630461,9
2506130,9.739307880338782,12
2506139,9.83009902713721,9
2506146,9.886600558015935,7
2506156,9.78503458804965,10
2506167,9.749276066511497,11
2506177,9.791996118509322,10
2506188,9.773453431966287,11
2506200,9.711750987561482,12
2506211,9.763308874967148,11
2506228,9.283549849659382,17
2506231,9.963626399407875,3
2506239,9.631351797220722,8
2506248,9.833017060825824,9
2506255,9.877914610605341,7
2506262,9.896209953502973,7
2506271,9.817389314538742,9
2506276,9.907785070897583,5
2506291,9.5592235014539,15
2506300,9.804604232283982,9
2506310,9.803944005882805,10
2506324,9.671512839708008,14
2506339,9.62674821983732,15
2506345,9.886399480188246,6
2506353,9.870230742876231,8
2506354,9.996190187432873,1
2506359,9.906609023084847,5
2506374,9.674070976917859,15
2506387,9.698052334485304,13
2506396,9.802301607888118,9
2506401,9.923546679238514,5
2506413,9.794039714217503,12
2506414,10.0,1
2506424,9.598460784415934,10
2506436,9.754291546012205,12
2506444,9.848704893836814,8
2506455,9.77075826259972,11
2506456,10.0,1
2506469,9.709095401988101,13
2506472,9.955067847641018,3
2506485,9.689890105675822,13
2506494,9.822859722122358,9
2506499,9.905685213802698,5
2506504,9.929240110107072,5
2506507,9.944394080814565,3
2506517,9.770159690693044,10
2506532,9.477622851043625,15
2506544,9.7398274135103,12
2506552,9.859115964084669,8
2506561,9.845400281369109,9
2506568,9.894028767672312,7
2506582,9.671612288170692,14
2506596,9.687858482226561,14
2506605,9.821422386004794,9
2506612,9.894759978038547,7
2506613,10.0,1
2506614,10.0,1
2506623,9.82993083491796,9
2506631,9.849780428402935,8
2506639,9.859419881736448,8
2506652,9.667936081301072,13
2506663,9.77515956819058,11
2506665,9.979773341592118,2
2506677,9.754520563861902,12
2506687,9.317271533480163,10
2506692,9.928491242339733,5
2506707,9.62897651631391,15
2506719,9.74403934234113,12
2506720,10.0,1
2506738,9.58707007710887,18
2506745,9.872509620703587,7
2506753,9.851832964917431,8
2506764,9.743996523229638,11
2506776,9.76467957483331,12
2506787,9.74990238907331,11
2506800,9.714808272747797,13
2506808,9.832161038553032,8
2506809,10.0,1
2506815,9.890859786125835,6
2506823,9.853103639414483,8
2506832,9.807729744201556,9
2506845,9.71912242219472,13
2506849,9.943040310273185,4
2506859,9.80034320060122,10
2506875,9.213385580965317,16
2506883,9.882961636430405,8
2506884,9.993010851440998,1
2506894,9.78023014899708,10
2506899,9.925735291801878,5
2506905,9.916579044171463,6
2506921,9.537926762313083,16
2506922,9.996506064164413,1
2506932,9.767329381951006,10
2506939,9.862924319736258,7
2506949,9.786691599481587,10
2506958,9.829323220928067,9
2506970,9.757843242952566,12
2506980,9.798305368873942,10
2506993,9.692309493563585,13
2506994,10.0,1
2507003,9.828852968693944,9
2507008,9.919813881038017,5
2507014,9.906851650313179,6
2507018,9.931906201501345,4
2507028,9.828766564059103,10
2507041,9.74344486996791,13
2507043,9.973675093979102,2
2507050,9.858046969006416,7
2507055,9.90953289521856,5
2507061,9.899408797247805,6
2507072,9.79057170719839,11
2507088,9.651211001252145,16
2507091,9.955443642485083,3
2507099,9.824654422793307,8
2507108,9.821258582687806,9
2507124,9.592143734544813,16
2507132,9.868588803793575,8
2507137,9.930183031937014,5
2507138,10.0,1
2507148,9.796909650690788,10
2507157,9.817919134053199,9
2507171,9.697791025746486,14
2507177,9.890113706361928,6
2507180,9.964626275919455,3
2507191,9.782185884678062,11
2507207,9.67667372818702,16
2507215,9.850597156913171,8
2507223,9.863749709961791,8
2507233,9.790384147919927,10
2507238,9.912191535217246,5
2507248,9.830733913598852,10
2507265,9.52383842729922,17
2507267,9.982021851133641,2
2507272,9.907998370243298,5
2507281,9.84878690552675,9
2507287,9.880110157539756,6
2507297,9.786744363056611,10
2507308,9.779283894040999,11
2507315,9.861216578321871,7
2507327,9.770350123602954,12
2507333,9.901682897450026,6
2507345,9.71802713761316,12
2507356,9.77515302722489,11
2507364,9.858183653863172,8
2507374,9.789248299021287,10
2507386,9.73493890919512,12
2507401,9.68582276592856,15
2507413,9.782050955073005,12
2507426,9.716677685577881,13
2507436,9.791787079895634,10
2507445,9.840519313644359,9
2507453,9.845277387959166,8
2507460,9.890371464229778,7
2507471,9.777396870856832,11
2507477,9.878452676348923,6
2507483,9.893029559470033,6
2507490,9.871537720447277,7
2507500,9.807533976027033,10
2507504,9.945118124550996,4
2507511,9.865905629607372,7
2507518,9.888825996219486,7
2507541,9.398038250578049,23
2507556,9.641705955906748,15
2507559,9.964937822134715,3
2507563,9.942713244876954,4
2507575,9.751765036869058,12
2507590,9.688897974730883,15
2507601,9.750871237441345,11
2507603,9.976878588371356,2
2507614,9.787305306809069,11
2507622,9.826238731815351,8
2507633,9.784568727077605,11
2507642,9.704838422175815,9
2507646,9.930973595833056,4
2507662,9.506164998474102,16
2507669,9.89353842208036,7
2507670,9.996165323960641,1
2507673,9.955521127404895,3
2507686,9.716104022429375,13
2507695,9.825507205547218,9
2507698,9.96613483017684,3
2507712,9.698712458790807,14
2507722,9.782058695808473,10
2507735,9.729570612064405,13
2507746,9.774626929898362,11
2507753,9.884859887835438,7
2507763,9.792909767739035,10
2507769,9.894722175256575,6
2507783,9.680474888775287,14
2507805,9.01798903238533,22
2507826,9.20423617436704,21
2507827,10.0,1
2507835,9.769656631736602,8
2507849,9.693014861598387,14
2507850,9.992153051416448,1
2507855,9.926590203909113,5
2507869,9.705518028257826,14
2507873,9.9449838300739,4
2507882,9.823671634881494,9
2507889,9.884423794857415,7
2507897,9.858720428665064,8
2507908,9.738537883612477,11
2507921,9.536204500421007,13
2507933,9.429050165492848,12
2507935,9.983109769728737,2
2507948,9.708020692884014,13
2507951,9.969959123366044,3
2507957,9.911744966507703,6
2507969,9.738273335492899,12
2507970,10.0,1
2507976,9.897383382047085,6
2507984,9.84617210509696,8
2507990,9.892394324237989,6
2507995,9.921072020208921,5
2508006,9.777306537860316,11
2508014,9.836617101491655,8
2508023,9.816784241434664,9
2508032,9.820119178825346,9
2508039,9.890870931823011,7
2508046,9.875473418106841,7
2508051,9.909674230632284,5
2508052,10.0,1
2508061,9.792707331094,9
2508062,10.0,1
2508065,9.957623406288317,3
2508071,9.893771854936578,6
2508081,9.813450702599493,10
2508098,9.597182268108634,17
2508103,9.922804767944523,5
2508111,9.866031490196447,8
2508122,9.758059016477787,11
2508123,10.0,1
2508133,9.800685179693035,10
2508146,9.719661435937194,13
2508152,9.896500783674245,6
2508160,9.861272509923559,8
2508170,9.7936644121319,10
2508177,9.854414381567056,7
2508178,10.0,1
2508179,10.0,1
2508180,10.0,1
2508188,9.845268069115557,8
2508205,9.616552758087607,17
2508206,9.991744020918778,1
2508210,9.946896390095977,4
2508225,9.662307460103284,15
2508232,9.866734164807356,7
2508247,9.710474102819061,15
2508254,9.872304827455121,7
2508256,9.983118259740282,2
2508257,10.0,1
2508269,9.736050418667308,12
2508270,10.0,1
2508278,9.850627570677387,8
2508281,9.95944415562977,3
2508282,9.98789342305165,1
2508286,9.951934042198754,4
2508294,9.863865364190794,8
2508297,9.961183554912797,3
2508311,9.691598582981621,14
2508318,9.846191516553656,7
2508329,9.771760141811228,11
2508338,9.838889995789513,9
2508348,9.766929988175963,10
2508355,9.880813972527891,7
2508367,9.735063691503695,12
2508377,9.76911434552529,10
2508389,9.759457957597032,12
2508398,9.791253953704235,9
2508418,9.531375157050254,20
2508419,10.0,1
2508432,9.695020601751372,13
2508443,9.7910981509367,11
2508453,9.817585325782783,10
2508456,9.768040557391808,3
2508457,10.0,1
2508458,10.0,1
2508463,9.910709432234238,5
2508478,9.65135958884228,15
2508482,9.934221811034313,4
2508487,9.90844331756237,5
2508497,9.802600333103387,10
2508519,9.568363492436616,22
2508520,10.0,1
2508528,9.842000838714604,8
2508540,9.745452002225319,12
2508551,9.754208372123365,11
2508567,9.502246427700712,16
2508568,10.0,1
2508580,9.79891555292995,12
2508589,9.865958172623365,9
2508596,9.855935426004422,7
2508597,10.0,1
2508604,9.880265309419014,7
2508614,9.836045646813556,10
2508622,9.844673989287875,8
2508629,9.858699703864247,7
2508630,9.993418525417708,1
2508643,9.749045412704545,13
2508657,9.749075943328958,14
2508664,9.685032609993971,7
2508671,9.47418872473806,7
2508680,9.826278368442086,9
2508694,9.703441911377892,14
2508695,10.0,1
2508704,9.81562222395534,9
2508717,9.728883522241624,13
2508719,9.970050019298982,2
2508735,9.652179363353916,16
2508743,9.855363060569347,8
2508755,9.779164938454587,12
2508782,9.463050121089443,27
2508792,9.778589604225647,10
2508810,9.576870022139646,18
2508815,9.923319862891704,5
2508826,9.793072182149375,11
2508840,9.685143109833,14
2508852,9.799989938254853,12
2508864,9.742069913954143,12
2508877,9.733178328121717,13
2508884,9.87770726579232,7
2508887,9.953414059013491,3
2508897,9.77621071754047,10
2508907,9.811308998331084,10
2508941,9.310846138526855,34
2508952,9.814934902628753,11
2508960,9.847693444956251,8
2508971,9.7505897811094,11
2508988,9.651431279018288,17
2508998,9.78066908959613,10
2509009,9.761168507404614,11
2509020,9.75910349999474,11
2509023,9.956841876526958,3
2509038,9.647419842470203,15
2509047,9.826196752588592,9
2509056,9.819927364125542,9
2509070,9.719600255933116,14
2509079,9.805042890498674,9
2509085,9.922942110551,6
2509113,9.490435066959058,28
2509160,9.16406591807784,47
2509164,9.943100250112419,4
2509169,9.924197970640112,5
2509180,9.764795843141277,11
2509199,9.534190525861497,19
2509205,9.889650094381324,6
2509217,9.735881989009032,12
2509221,9.931809915905127,4
2509230,9.817206031355704,9
2509240,9.786067651758403,10
2509244,9.949902621285412,4
2509249,9.911244953486497,5
2509251,9.975283368275193,2
2509256,9.91376539576447,5
2509259,9.955725051109093,3
2509267,9.83072943220712,8
2509279,9.820301760067728,12
2509284,9.920549887918623,5
2509298,9.703726175527462,14
2509312,9.498424231185975,14
2509314,9.981826016568904,2
2509316,9.976957348069709,2
2509320,9.93622199432826,4
2509328,9.872546099951014,8
2509331,9.964602895397192,3
2509340,9.813748359013358,9
2509353,9.734438582685279,13
2509356,9.966085360578019,3
2509372,9.600525220690438,16
2509381,9.814514036270404,9
2509386,9.914322798389144,5
2509410,9.508078115330678,24
2509417,9.868075059788648,7
2509423,9.908561141952696,6
2509430,9.869554265938486,7
2509445,9.464129184414825,15
2509455,9.786339409122975,10
2509469,9.659931244241472,14
2509475,9.908932514031552,6
2509485,9.787403800595332,10
2509497,9.734705069845266,12
2509498,10.0,1
2509505,9.885947696232385,7
2509511,9.869564693746051,6
2509522,9.646959349532093,11
2509537,9.665934832026993,15
2509552,9.641731656693509,15
2509565,9.707514242018993,13
2509574,9.83277841867734,9
2509584,9.789742807901476,10
2509590,9.883007286900838,6
2509604,9.474524711263324,14
2509616,9.769935471099066,12
2509618,9.9791922657687,2
2509629,9.807971213961801,11
2509639,9.798714853700952,10
2509644,9.902103823939962,5
2509645,9.992995800474015,1
2509649,9.928036011996413,4
2509650,10.0,1
2509661,9.778449400409311,11
2509670,9.801422811262421,9
2509674,9.951179387051395,4
2509677,9.95723033256376,3
2509684,9.864500934672849,7
2509685,10.0,1
2509697,9.723503039856515,12
2509704,9.876184566277331,7
2509705,10.0,1
2509721,9.625939034336136,16
2509722,10.0,1
2509738,9.605829650507753,16
2509748,9.358606436612359,10
2509761,8.556948598763352,13
2509769,9.852469352252957,8
2509778,9.794666393616927,9
2509779,10.0,1
2509788,9.72501016137405,9
2509796,9.849769739524957,8
2509802,9.899581909547367,6
2509816,9.70782784199384,14
2509823,9.892978293166804,7
2509824,10.0,1
2509835,9.749129520394176,11
2509845,9.784711435943068,10
2509847,9.985771168211501,2
2509859,9.741389643591779,12
2509867,9.822786519678166,8
2509873,9.901724463673522,6
2509880,9.8657625716358,7
2509890,9.78869136389204,10
2509899,9.828116749612928,9
2509914,9.676681898868827,15
2509922,9.730408928589044,8
2509928,9.870115616466569,6
2509932,9.941806145535985,4
2509934,9.966838112942844,2
2509950,9.630705219929968,16
2509964,9.69219232512157,14
2509967,9.952841203245216,3
2509970,9.962394842606185,3
2509979,9.827130189276193,9
2509988,9.82611025848033,9
2509991,9.950282726203513,3
2510005,9.694585966984047,14
2510008,9.964475790108386,3
2510019,9.794155123234377,11
2510029,9.775658040552077,10
2510047,9.564729879822519,18
2510052,9.9116851301304,5
2510062,9.830669963129445,10
2510068,9.881845630733851,6
2510081,9.71497040440467,13
2510087,9.896786985349845,6
2510093,9.882133037086344,6
2510094,10.0,1
2510104,9.790902485837403,10
2510105,10.0,1
2510113,9.846319246410578,8
2510123,9.831176929102686,10
2510131,9.84591138914283,8
2510142,9.65875517020442,11
2510164,9.609492590381553,22
2510169,9.925751611897716,5
2510176,9.889897287511042,7
2510177,10.0,1
2510182,9.925829150589342,5
2510188,9.904237648602797,6
2510196,9.840791279677191,8
2510211,9.388431738585059,15
2510224,9.735006666175526,13
2510232,9.836481845908978,8
2510246,9.686068093819463,14
2510253,9.841170628434371,7
2510254,9.995834558449301,1
2510267,9.688578675867703,13
2510274,9.860151987796483,7
2510292,9.606794775253306,18
2510298,9.923181474704498,6
2510308,9.751535043535679,10
2510313,9.920655772788423,5
2510320,9.88557766091089,7
2510327,9.869465985630951,7
2510342,9.668139919123357,15
2510350,9.85464054923338,8
2510359,9.861460217661323,9
2510363,9.941667635998183,4
2510377,9.76418496481972,14
2510390,9.704600401132113,13
2510399,9.812479194938478,9
2510407,9.83656520013113,8
2510418,9.766543320352467,11
2510422,9.93869634044356,4
2510433,9.771105488371006,11
2510434,10.0,1
2510440,9.782268313641522,6
2510454,9.733208242118797,14
2510460,9.908218393256055,6
2510468,9.848295940039206,8
2510479,9.769766503943828,11
2510489,9.79560591369181,10
2510497,9.862428393850324,8
2510498,10.0,1
2510504,9.892262067601358,6
2510522,9.622553651991561,18
2510532,9.765904623410966,10
2510547,9.64316130567301,15
2510550,9.951806228944639,3
2510552,9.984088140579628,2
2510558,9.889614739854817,6
2510563,9.92679399296107,5
2510570,9.894806146511408,7
2510573,9.853319946041731,3
2510577,9.731963780345074,4
2510587,9.788382956966263,10
2510595,9.850024612364846,8
2510604,9.82583446164128,9
2510616,9.748178122645214,12
2510628,9.733613694186321,12
2510631,9.951388977539418,3
2510640,9.809337407509195,9
2510652,9.739396354056346,12
2510668,9.638498032879406,16
2510680,9.743929546698926,12
2510695,9.663628368155463,15
2510706,9.780037763952897,11
2510717,9.761861195693873,11
2510727,9.82506349835391,10
2510737,9.794797386779104,10
2510742,9.90684010341061,5
2510755,9.742556886570624,13
2510756,9.996668586662558,1
2510767,9.759797653779037,11
2510797,9.472097801252124,30
2510806,9.822494168168014,9
2510821,9.663542368040245,15
2510832,9.749234512187812,11
2510835,9.971300239497438,3
2510850,9.699839972133148,15
2510860,9.8249146452477,10
2510886,9.539177706301453,26
2510887,9.99232555658126,1
2510900,9.731471876743326,13
2510915,9.368273684695945,15
2510929,9.697133564111192,14
2510945,9.633719934043066,16
2510950,9.909627865190744,5
2510963,9.723239748380905,13
2510974,9.745319334489931,11
2510987,9.708194012850866,13
2510995,9.829998811924513,8
2511011,9.3379211068496,16
2511012,10.0,1
2511020,9.857891254033762,8
2511027,9.884103220965393,7
2511037,9.805316754542684,10
2511048,9.763733531823394,11
2511061,9.718583166943253,13
2511065,9.929016886459957,4
2511078,9.695810183022022,13
2511093,9.667046538845762,15
2511106,9.708775566957463,13
2511113,9.862565403547803,7
2511126,9.7158450872919,13
2511135,9.831349249197286,9
2511150,9.677877299902445,15
2511154,9.941388208388311,4
2511168,9.720172504759054,14
2511174,9.88796169964398,6
2511183,9.840601326275667,9
2511192,9.797615061675415,9
2511205,9.731533019198743,13
2511211,9.907827098458567,6
2511223,9.75618208694652,12
2511233,9.791192159005005,10
2511245,9.76664451820225,12
2511253,9.824875226608253,8
2511260,9.877012389316537,7
2511261,10.0,1
2511266,9.918883472645685,5
2511279,9.759429558292243,13
2511292,9.70214522822991,13
2511296,9.94374983608815,4
2511300,9.948064555758634,4
2511311,9.748225067948532,11
2511326,9.669460488155254,15
2511336,9.79817771794991,10
2511351,9.647846639538512,15
2511363,9.745286740196905,12
2511364,10.0,1
2511369,9.915258407765007,5
2511373,9.932596198371709,4
2511389,9.655032352479571,16
2511403,9.692739672820684,14
2511413,9.792806438471837,10
2511414,10.0,1
2511457,3.514038317477164,43
2511464,9.877602144162857,7
2511469,9.917843381550224,5
2511483,9.74546616380684,14
2511495,9.654566188220102,12
2511496,10.0,1
2511509,9.722026001478621,13
2511526,9.693380870483077,17
2511539,9.704459239497021,13
2511549,9.79670138984455,10
2511560,9.79181043211455,11
2511569,9.835845982582164,9
2512040,-1.6652888136826238,471
2512041,10.0,1
2512049,9.844916818361913,8
2512061,9.746185186860137,12
2512062,10.0,1
2512076,9.682665040386016,14
2512087,9.77060603863144,11
2512088,10.0,1
2512089,10.0,1
2512103,9.50067777445577,14
2512106,9.954439574643889,3
2512125,9.590788143318855,19
2512137,9.733494688025958,12
2512143,9.793117200291515,6
2512158,9.662372051084587,15
2512161,9.966058483234969,3
2512163,9.986704747866511,2
2512166,9.969341224417285,3
2512170,9.94239584837545,4
2512181,9.816403360152218,11
2512188,9.889642356056742,7
2512206,9.623784019954964,18
2512207,10.0,1
2512215,9.869425480792218,8
2512229,9.67813786628029,14
2512230,10.0,1
2512240,9.798543540169048,10
2512247,9.866480678734815,7
2512253,9.911623191691966,6
2512257,9.93476471399324,4
2512264,9.890242858135238,7
2512274,9.796934641879915,10
2512285,9.753981703041061,11
2512295,9.76908343320142,10
2512306,9.7519343396137,11
2512322,9.630167328928588,16
2512327,9.924474426573767,5
2512425,8.1824560927009,98
2512436,9.771953356014581,11
2512445,9.822747770387359,9
2512455,9.812011399215919,10
2512462,9.868218735445836,7
2512477,9.581264039648183,15
2512496,9.512758720244694,19
2512497,10.0,1
2512501,9.939132023302372,4
2512509,9.857115352162925,8
2512516,9.858238831158783,7
2512534,9.650443600054738,18
2512550,9.68960987942084,16
2512564,9.666038348384419,14
2512580,9.65826394816716,16
2512589,9.812635868288087,9
2512602,9.697933468835895,13
2512605,9.96428484236113,3
2512619,9.679332451115005,14
2512631,9.761349437614058,12
2512638,9.886718781377779,7
2512639,10.0,1
2512653,9.707923507073867,14
2512661,9.831205357545523,8
2512662,10.0,1
2512703,0.9232087870764865,41
2512723,9.446845788706323,20
2512729,9.892871985475301,6
2512737,9.824192795257396,8
2512747,9.773255977019291,10
2512755,9.837659240097617,8
2512764,9.816844089815325,9
2512770,9.89014144654314,6
2512771,10.0,1
2512775,9.9399554735891,4
2512776,10.0,1
2512785,9.83135985192196,9
2512789,9.943902767316418,4
2512805,9.629334411867367,16
2512814,9.833538211462795,9
2512820,9.885707203412004,6
2512853,9.39145854566329,33
2512865,9.65109801724159,12
2512875,9.781003526204831,10
2512889,9.653347855084638,14
2512897,9.859330813051326,8
2512910,9.760757515443833,13
2512923,9.638073914373596,13
2512928,9.91253866852878,5
2512939,9.806160993024205,11
2512943,9.946700169502547,4
2512955,9.742878348481227,12
2512963,9.836685070763945,8
2512985,9.54122344003125,22
2513001,9.643339013552874,16
2513017,9.6270279149792,16
2513030,9.70550044082535,13
2513033,9.961600668233995,3
2513043,9.770764835909665,10
2513044,10.0,1
2513053,9.808526822285858,9
2513060,9.888864451338971,7
2513071,9.742618225097145,11
2513074,9.951650424913373,3
2513080,9.868869354259779,6
2513087,9.857824344016112,7
2513099,9.75243172440577,12
2513111,9.727851125831249,12
2513126,9.667702425054495,15
2513145,9.563287107615968,19
2513159,9.722005470444522,14
2513169,9.77110465608993,10
2513178,9.842002847879483,9
2513187,9.808878418244644,9
2513188,10.0,1
2513196,9.877171435528386,8
2513200,9.928838355976493,4
2513212,9.7400518660233,12
2513219,9.87042880810635,7
2513227,9.82212411563779,8
2513235,9.827674669208788,8
2513245,9.80018319054685,10
2513259,9.677667244352731,14
2513273,9.712533755888403,14
2513276,9.966319929898308,3
2513290,9.705848888412024,14
2513297,9.872502489310312,7
2513394,8.013857407780108,97
2513407,9.712304646353523,13
2513408,10.0,1
2513417,9.828710385936047,9
2513432,9.649888112782298,15
2513443,9.76448551498739,11
2513449,9.908766322015355,6
2513458,9.857995835442305,9
2513468,9.806614767776075,10
2513469,10.0,1
2513473,9.930741248034332,4
2513474,10.0,1
2513488,9.696881040792167,14
2513489,10.0,1
2513492,9.947862521120943,3
2513498,9.889573415626211,6
2513507,9.818510528610314,9
2513510,9.963580968942559,3
2513511,10.0,1
2513519,9.849676886264815,8
2513531,9.716857086118651,12
2513540,9.80226025590456,9
2513541,10.0,1
2513547,9.92621220303186,6
2513554,9.866595499656787,7
2513565,9.752079209878705,11
2513572,9.88656959796225,7
2513573,10.0,1
2513586,9.717488236627926,13
2513599,9.770253842049511,13
2513612,9.727441004380049,13
2513625,9.706360484237214,13
2513627,9.984726031371187,2
2513640,9.771843026931682,13
2513649,9.832797550226744,9
2513662,9.70934142750217,13
2513677,9.704569700215568,15
2513690,9.722993540859354,13
2513705,9.633678921770372,15
2513715,9.792383725187717,10
2513724,9.845082541219547,9
2513736,9.710464286995359,12
2513737,10.0,1
2513743,9.878232077833673,6
2513745,9.970194756193697,2
2513752,9.8652464094862,7
2513764,9.754033658115137,12
2513769,9.920990236462236,5
2513781,9.768366888091581,12
2513795,9.694640405561719,14
2513815,9.051478801857447,20
2513824,9.820069755239311,9
2513825,10.0,1
2513836,9.75726719559048,11
2513843,9.876345485666242,7
2513847,9.949821031452611,4
2513859,9.732324096369823,12
2513865,9.89685836696217,6
2513872,9.862134549883008,7
2513877,9.915679669460943,5
2513881,9.937951485013873,4
2513894,9.752607437475529,13
2513895,9.99345906741266,1
2513902,9.86304198978016,7
2513913,9.779833338978696,11
2513916,9.965327170248411,3
2513926,9.799399209037508,10
2513934,9.853492133932885,8
2513954,9.514071896166403,20
2513973,9.608748755630423,19
2513988,9.670404445779146,15
2513998,9.80443053266522,10
2514008,9.795037956694921,10
2514013,9.916144922564946,5
2514023,9.78611450637515,10
2514026,9.748499616974643,3
2514027,10.0,1
2514035,9.836713789415473,8
2514043,9.842781824079054,8
2514046,9.952745497201368,3
2514056,9.83712917136143,10
2514070,9.726761221785036,14
2514077,9.878108874577272,7
2514082,9.90435075997791,5
2514083,9.993268084002208,1
2514091,9.808884361234913,8
2514092,10.0,1
2514093,10.0,1
2514097,9.941170754199062,4
2514106,9.83604197175613,9
2514118,9.719816455609628,12
2514120,9.984949648146841,2
2514126,9.887087837818616,6
2514139,9.74002853630625,13
2514143,9.933688598987048,4
2514149,9.871597275283593,6
2514155,9.889418662167767,6
2514167,9.770063949776642,12
2514184,9.602224806464221,17
2514201,9.590837715405835,17
2514221,9.522366169740277,20
2514229,9.871287485580236,8
2514244,9.68684369392809,15
2514250,9.885242581479575,6
2514261,9.762165526859514,11
2514262,10.0,1
2514278,9.63489292697128,16
2514286,9.833591114583532,8
2514296,9.786785343046816,10
2514306,9.794222479284594,10
2514316,9.768494785290848,10
2514331,9.650237700476548,15
2514342,9.750280134807607,11
2514354,9.71868370857445,12
2514355,10.0,1
2514370,9.398927195250586,15
2514381,9.75659966874788,11
2514386,9.915381405994276,5
2514402,9.649123103252256,16
2514416,9.711866305589592,14
2514417,10.0,1
2514419,9.973496590441542,2
2514428,9.821049351594526,9
2514430,9.983857456990851,2
2514439,9.857558065889755,9
2514455,9.523044146626079,16
2514461,9.886937132322252,6
2514470,9.82568970214637,9
2514474,9.934834581879558,4
2514485,9.804994342604378,11
2514492,9.878190664338613,7
2514495,9.958574186980828,3
2514504,9.835776369560946,9
2514530,9.049547359953273,26
2514540,9.76483568386642,10
2514556,9.650006499061341,16
2514563,9.864203633933323,7
2514568,9.916735502444029,5
2514580,9.718207584148821,12
2514585,9.912255650070888,5
2514590,9.913839716080645,5
2514597,9.86358489278882,7
2514600,9.947883313836776,3
2514611,9.796531615800626,11
2514617,9.894305581793958,6
2514622,9.91511892543021,5
2514625,9.958831537921206,3
2514628,9.962380726551942,3
2514644,9.668039247155994,16
2514654,9.779593191388711,10
2514660,9.903164178512263,6
2514667,9.869623185927116,7
2514668,10.0,1
2514671,9.961794368924211,3
2514683,9.744282221067103,12
2514694,9.757651609933944,11
2514695,10.0,1
2514696,10.0,1
2514701,9.807630897245064,5
2514707,9.895121116413318,6
2514717,9.778684455861503,10
2514721,9.930620425847046,4
2514735,9.664445374121863,14
2514764,9.400351322981617,29
2514776,9.74956790043838,12
2514784,9.55225223369251,8
2514790,9.886852899527797,6
2514800,9.812365561786827,10
2514815,9.70099179592448,15
2514824,9.810703907266332,9
2514830,9.90471117184372,6
2514835,9.91586215184812,5
2514836,10.0,1
2514845,9.80472794822323,9
2514856,9.76762924169731,11
2514868,9.73460233962151,12
2514878,9.794105004715865,10
2514884,9.887216045926996,6
2514887,9.969878330904182,3
2514899,9.7661598710846,12
2514907,9.82966498691331,8
2514933,9.473377912800341,26
2514937,9.938967787717433,4
2514946,9.848218977580782,9
2514962,9.612930225243598,16
2514976,9.665673126012209,14
2514984,9.835204703404465,8
2514990,9.899700870624777,6
2514993,9.956943691900264,3
2514997,9.937003138164489,4
2515007,9.57726696506278,10
2515013,9.896770658332947,6
2515017,9.94164231431524,4
2515022,9.934201001292191,5
2515027,9.912940594320656,5
2515031,9.927351656518361,4
2515037,9.89578112377905,6
2515041,9.933245040281868,4
2515057,9.623275361192144,16
2515058,10.0,1
2515059,10.0,1
2515066,9.89471635336648,7
2515079,9.702649598673784,13
2515090,9.798599920401823,11
2515094,9.944775993539988,4
2515102,9.84965309756115,8
2515112,9.79129826918604,10
2515120,9.85086967130066,8
2515131,9.756341733023238,11
2515145,9.680037115737594,14
2515151,9.8975079347702,6
2515162,9.782517523165435,11
2515171,9.821133656870192,9
2515183,9.80195430625805,12
2515198,9.645283396655838,15
2515208,9.80605134523575,10
2515218,9.805639515527535,10
2515228,9.819261557364339,10
2515239,9.77194553919154,11
2515243,9.937186158544572,4
2515251,9.84504949871631,8
2515259,9.821578348533684,8
2515273,9.676332854636025,14
2515285,9.734170438222506,12
2515286,10.0,1
2515292,9.878773041755839,6
2515299,9.880185322167486,7
2515306,9.871475359824725,7
2515317,9.762778417800323,11
2515336,9.676691605566383,19
2515344,9.851915715667515,8
2515346,9.974654533489922,2
2515349,9.969564308698226,3
2515355,9.892024530108147,6
2515356,10.0,1
2515359,9.95014605044416,3
2515368,9.829203300845677,9
2515383,9.666043631441719,15
2515389,9.904709434334832,6
2515401,9.754493965593536,12
2515402,9.988997913990247,1
2515411,9.810004740344601,9
2515424,9.744210803440383,13
2515434,9.766664212984132,10
2515435,10.0,1
2515449,9.712826200407505,14
2515461,9.717928823449508,12
2515472,9.775387338751685,11
2515490,9.660060876262209,18
2515506,9.575563427474348,16
2515521,9.677549960973053,15
2515522,10.0,1
2515529,9.869355534053941,7
2515535,9.89438854517906,6
2515549,9.672367121626808,14
2515557,9.885770393948048,8
2515568,9.771148976040898,11
2515574,9.90918885313081,6
2515585,9.775684379356866,11
2515593,9.843690558386413,8
2515603,9.82267105643385,10
2515614,9.788220817008975,11
2515615,10.0,1
2515628,9.724688647460974,13
2515631,9.959359839263687,3
2515632,10.0,1
2515650,9.749317731979572,18
2515672,9.527464789213035,22
2515682,9.780106825571064,10
2515690,9.857640689720903,8
2515691,10.0,1
2515707,9.649539575604482,16
2515723,9.617026513453364,16
2515736,9.732756742056814,13
2515740,9.952249238039402,4
2515748,9.854689327991863,8
2515755,9.86676959506191,7
2515763,9.831493882885441,8
2515764,10.0,1
2515773,9.83230142884812,9
2515780,9.877960892771252,7
2515784,9.937867323204005,4
2515802,9.553129521422065,18
2515812,9.784121313466189,10
2515825,9.730017660037538,13
2515829,9.942125609857673,4
2515832,9.963458369540103,3
2515837,9.920359360528165,5
2515846,9.813346758412544,9
2515847,10.0,1
2515864,9.673076528093748,17
2515881,9.57249138896713,17
2515883,9.970943154688962,2
2515899,9.69654307198923,16
2515908,9.631381150036876,9
2515913,9.93094673472282,5
2515918,9.913064790727674,5
2515930,9.717076008725913,12
2515944,9.36467083085083,14
2515954,9.805827573279231,10
2515965,9.798419796162928,11
2515975,9.80113217800894,10
2515986,9.788781497075616,11
2515998,9.740490146156942,12
2516002,9.952477799315426,4
2516019,9.60417905905072,17
2516035,9.647348212346287,16
2516047,9.800685288116904,12
2516547,-114.97053729027057,500
2516555,9.846130922277526,8
2516559,9.936326884413736,4
2516567,9.84664779326485,8
2516575,9.852964260833334,8
2516584,9.607988276460643,9
2516602,9.565068079639001,18
2516613,9.78547176021184,11
2516617,9.92498349612076,4
2516631,9.695760304905864,14
2516640,9.85405741127706,9
2516646,9.905106486460644,6
2516647,10.0,1
2516663,9.701522225279616,16
2516673,9.80756458430067,10
2516681,9.833974153200737,8
2516690,9.82176618258662,9
2516699,9.832916670926886,9
2516707,9.833362864682625,8
2516726,9.580995474836586,19
2516738,9.742038470310705,12
2516757,9.321077875360821,19
2516765,9.834807042975243,8
2516768,9.958247515566917,3
2516775,9.864965436940379,7
2516788,9.758713232505377,13
2516796,9.665951944129796,8
2516805,9.794227016763518,9
2516815,9.793114501969246,10
2516820,9.907862452742116,5
2516849,9.445611138652518,29
2516862,9.741495067964332,13
2516870,9.836492100383621,8
2516871,10.0,1
2516879,9.848989362080966,8
2516880,9.993232659818952,1
2516885,9.920034732919774,5
2516886,10.0,1
2516896,9.799693679710302,10
2516906,9.784082028468218,10
2516917,9.74427156157142,11
2516927,9.78628347355113,10
2516929,9.972234749128122,2
2516935,9.893180010154206,6
2516942,9.871878259439768,7
2516948,9.91210119669563,6
2516953,9.91419110724391,5
2516967,9.6792304072366,14
2516982,9.673459328915916,15
2516991,9.817622689942189,9
2516995,9.946257475306156,4
2517006,9.78499089272706,11
2517014,9.837824707487036,8
2517019,9.94103413444186,5
2517031,9.745591301721353,12
2517042,9.786104767393638,11
2517047,9.9194745737192,5
2517057,9.827072508673432,10
2517063,9.904587243872923,6
2517079,9.606523831238661,16
2517085,9.878379312718039,6
2517096,9.80345368110533,11
2517106,9.779823668041297,10
2517111,9.910463056855715,5
2517118,9.871170123706762,7
2517133,9.6541734784117,15
2517141,9.873328602426444,8
2517143,9.968022503975465,2
2517145,9.978957125983287,2
2517150,9.917722418978911,5
2517159,9.818273546757657,9
2517179,9.55268122664812,20
2517187,9.834750856892608,8
2517197,9.781702281254104,10
2517202,9.915605025762567,5
2517213,9.777439374187347,11
2517228,9.644064000612532,15
2517241,9.731720382316697,13
2517244,9.958086322930974,3
2517251,9.892823742269739,7
2517257,9.881305156202748,6
2517265,9.871233958392864,8
2517266,10.0,1
2517267,10.0,1
2517273,9.878975322249328,6
2517279,9.889272736783147,6
2517286,9.868039816758113,7
2517297,9.740219483254913,11
2517307,9.79537356166263,10
2517317,9.804663576575138,10
2517322,9.89773808469641,5
2517329,9.863967202538822,7
2517336,9.868692510866914,7
2517341,9.917545970002877,5
2517352,9.785968880057556,11
2517355,9.960833479957731,3
2517360,9.89918415345048,5
2517370,9.770943525218485,10
2517380,9.783006502811578,10
2517397,9.60547770526058,17
2517404,9.848174247219715,7
2517419,9.541759393741756,15
2517427,9.83297812680518,8
2517433,9.881654701799656,6
2517445,9.771932821418625,12
2517449,9.945998342136061,4
2517461,9.766713145901234,12
2517469,9.839861576149742,8
2517484,9.646878834115403,15
2517501,9.596593712087685,17
2517502,9.996830627578644,1
2517505,9.950647974497494,3
2517521,9.713142938536164,16
2517529,9.829814680348305,8
2517541,9.733539454446001,12
2517549,9.83340127754183,8
2517566,9.577819053408895,17
2517579,9.718904373448956,13
2517587,9.851561056015818,8
2517594,9.883573621716756,7
2517603,9.846983211561502,9
2517616,9.705248699684075,13
2517621,9.92962655819956,5
2517628,9.887452353638608,7
2517638,9.803281513435003,10
2517639,10.0,1
2517687,9.095047997680329,48
2517697,9.809628335186632,10
2517707,9.431291982863113,10
2517711,9.943647827930656,4
2517723,9.726863991156497,12
2517724,10.0,1
2517734,9.787985693409714,10
2517743,9.840109890031394,9
2517756,9.69093148621643,13
2517763,9.863979326496548,7
2517773,9.77106692874333,10
2517780,9.855329297743019,7
2517794,9.725236350309649,14
2517800,9.893500284042869,6
2517805,9.923184922895972,5
2517815,9.81588512184691,10
2517825,9.808790216724443,10
2517826,10.0,1
2517842,9.668840670917767,16
2517851,9.802868609623355,9
2517856,9.92587987333584,5
2517864,9.856413644141112,8
2517869,9.91930591674188,5
2517879,9.786976226660554,10
2517912,9.402605959902715,33
2517919,9.865566258699225,7
2517929,9.79499770620621,10
2517930,9.987492420598233,1
2517942,9.731139995325332,12
2517957,9.661344765728417,15
2517959,9.971449539565194,2
2517967,9.830321503073803,8
2517969,9.97543772827962,2
2517975,9.895593319580342,6
2517988,9.739372266729271,13
2517996,9.848262330815723,8
2518005,9.829974809363891,9
2518016,9.793940755729768,11
2518024,9.83044378891551,8
2518038,9.693329971528684,14
2518047,9.822643095956531,9
2518058,9.75755296642095,11
2518075,9.630920846302272,17
2518090,9.658268665059172,15
2518099,9.837860501104357,9
2518120,9.460539338601686,21
2518129,9.810063866594394,9
2518130,10.0,1
2518142,9.762814805132729,12
2518143,9.989421971615004,1
2518153,9.784813205658496,10
2518159,9.87911451820448,6
2518164,9.914002370993998,5
2518171,9.881385377561442,7
2518175,9.931117759686929,4
2518176,10.0,1
2518195,9.608465140155957,19
2518197,9.974385680763776,2
2518199,9.97149566459801,2
2518207,9.835604644625771,8
2518213,9.924470790779093,6
2518214,10.0,1
2518227,9.714399327002358,13
2518237,9.780981929743605,10
2518246,9.63264631291199,9
2518254,9.832379383123667,8
2518267,9.689422382504123,13
2518280,9.71175237014625,13
2518286,9.89490265895348,6
2518301,9.65263010354289,15
2518311,9.774359620043247,10
2518319,9.821581602591023,8
2518325,9.694880542626258,6
2518330,9.929112783926644,5
2518340,9.830156530038732,10
2518354,9.703698280656427,14
2518368,9.717799171149535,14
2518371,9.952494056464515,3
2518378,9.856327311358017,7
2518381,9.972764735911277,3
2518388,9.868116093102007,7
2518393,9.92304207951367,5
2518398,9.902337659129117,5
2518405,9.871501750791586,7
2518408,9.95207887821058,3
2518412,9.950011599016403,4
2518430,9.627125725613244,18
2518440,9.791618478972378,10
2518454,9.679611206441598,14
2518463,9.835754113391625,9
2518468,9.91128433190132,5
2518471,9.970010361424551,3
2518472,10.0,1
2518475,9.968188259138813,3
2518481,9.901207750846188,6
2518491,9.823722439927165,10
2518498,9.86577888337673,7
2518501,9.957835006452088,3
2518504,9.963572782800165,3
2518510,9.88371741486813,6
2518513,9.964000026847367,3
2518525,9.73260084986166,12
2518528,9.955872115353092,3
2518541,9.714785966367037,13
2518548,9.884061381908916,7
2518562,9.665665708949158,14
2518570,9.850412283257043,8
2518576,9.86647012769289,6
2518580,9.95425778117325,4
2518595,9.690963624222933,15
2518600,9.9181570615619,5
2518608,9.863629399065523,8
2518616,9.824581892761705,8
2518625,9.791908281749086,9
2518633,9.846531813764381,8
2518642,9.829329205614583,9
2518659,9.587552066774876,17
2518665,9.909564597654935,6
2518674,9.825213544885543,9
2518689,9.682196910838028,15
2518699,9.799614250081142,10
2518709,9.789296209588036,10
2518723,9.71757582138062,14
2518733,9.80089469237106,10
2518745,9.712019322870571,12
2518756,9.652313052077087,11
2518766,9.775356901552396,10
2518774,9.846853939416466,8
2518777,9.961535438513824,3
2518785,9.85864299442654,8
2518789,9.932223978770041,4
2518790,10.0,1
2518791,10.0,1
2518798,9.858389629970443,7
2518803,9.925080332294812,5
2518814,9.802859198899379,11
2518823,9.82400301428589,9
2518832,9.825898060348058,9
2518836,9.755351321328718,4
2518838,9.975406785327069,2
2518846,9.845920275726264,8
2518850,9.921418287001494,4
2518860,9.800585381984126,10
2518864,9.950118933660363,4
2518868,9.742767881231075,4
2518876,9.840107793105204,8
2518883,9.880833028963556,7
2518889,9.914061745841808,6
2518899,9.807418122587032,10
2518905,9.912689505953972,6
2518912,9.875389076417797,7
2518927,9.66298973781299,15
2518941,9.730239127866245,14
2518955,9.75602368364423,14
2518971,9.704595502816094,16
2518986,9.658252087680035,15
2518999,9.736256576756933,13
2519006,9.871799412365032,7
2519014,9.851697792913402,8
2519022,9.869292256183149,8
2519032,9.834128886507951,10
2519041,9.817815186711945,9
2519047,9.904716338092431,6
2519058,9.767268023635362,11
2519070,9.73834223585303,12
2519080,9.784334283278245,10
2519092,9.735901303887491,12
2519098,9.909822611198212,6
2519109,9.750079267103715,11
2519110,10.0,1
2519120,9.816038220081255,10
2519124,9.946238984710005,4
2519132,9.855070031476416,8
2519138,9.90287393301539,6
2519148,9.81776340532921,10
2519154,9.882369647231785,6
2519159,9.920073628089604,5
2519164,9.921760631046169,5
2519178,9.708323112420375,14
2519192,9.685409520345763,14
2519206,9.730404688373357,14
2519225,9.583118309319104,19
2519230,9.925297249458007,5
2519238,9.838502598905428,8
2519244,9.892478309468812,6
2519251,9.875137110012886,7
2519257,9.91993821275808,6
2519265,9.842899578452752,8
2519287,9.555784854370104,22
2519296,9.820054300911957,9
2519305,9.841828450216369,9
2519315,9.773545990175279,10
2519317,9.982687750610642,2
2519331,9.720650229874094,14
2519342,9.747977965768202,11
2519349,9.864226393058976,7
2519350,10.0,1
2519367,9.594483732741226,17
2519374,9.878420036263826,7
2519385,9.819863218046859,11
2519391,9.6055749164115,6
2519401,9.808508535352448,10
2519417,9.675509801461265,16
2519420,9.963209901957024,3
2519433,9.736241645738376,13
2519442,9.833430111933755,9
2519452,9.820794677510536,10
2519453,9.992495796667658,1
2519455,9.978783837729026,2
2519465,9.7981517413422,10
2519475,9.802157757494848,10
2519488,9.718252528547294,13
2519502,9.702599648502195,14
2519507,9.915986313834006,5
2519522,9.63487206845722,15
2519529,9.863956558800806,7
2519535,9.908658168435514,6
2519543,9.855253394274412,8
2519552,9.819196176884152,9
2519553,10.0,1
2519569,9.609901139250315,16
2519577,9.831065037581219,8
2519588,9.750259762388247,11
2519593,9.912816873701477,5
2519606,9.687471790835387,13
2519617,9.797957628798239,11
2519625,9.833346810583395,8
2519634,9.828673369752405,9
2519641,9.848039241281025,7
2519648,9.870108197985653,7
2519651,9.955207134041395,3
2519656,9.904943876782172,5
2519657,10.0,1
2519673,9.694883897442157,16
2519683,9.802359667370478,10
2519686,9.953455605545065,3
2519690,9.927571625377302,4
2519702,9.752950902125827,12
2519703,9.995907108261266,1
2519715,9.764767744082434,12
2519716,10.0,1
2519720,9.924176664512434,4
2519721,10.0,1
2519727,9.87870226653328,6
2519748,9.519617203673677,21
2519763,9.65402842844905,15
2519771,9.419510888491537,8
2519783,9.76676281819768,12
2519784,10.0,1
2519792,9.840329249903624,8
2519793,10.0,1
2519803,9.794593755387867,10
2519808,9.906918392178822,5
2519814,9.896123683987339,6
2519817,9.960380578931026,3
2519818,10.0,1
2519837,9.600370584192138,19
2519847,9.792018616855408,10
2519853,9.902453768128346,6
2519860,9.859503534962599,7
2519861,10.0,1
2519865,9.937224236481343,4
2519866,10.0,1
2519869,9.96935800074508,3
2519871,9.983017521335155,2
2519878,9.860900043550895,7
2519885,9.877292195332911,7
2519901,9.637173072826208,16
2519914,9.598834390273604,13
2519926,9.63922433641778,12
2519938,9.765522838573755,12
2519944,9.910120959491287,6
2519945,9.993441564425861,1
2519946,10.0,1
2519959,9.744172501590052,13
2519964,9.922582992238054,5
2519968,9.929703036925382,4
2519977,9.832769103879665,9
2519984,9.854190690590206,7
2519985,10.0,1
2519986,10.0,1
2519997,9.769652619142208,11
2520005,9.855069477116176,8
2520007,9.981808614358147,2
2520016,9.820994406974094,9
2520029,9.729840237301037,13
2520040,9.68528550338843,11
2520048,9.832938933535862,8
2520062,9.709878310260802,14
2520080,9.669461634913173,18
2520090,9.784134632977443,10
2520096,9.8835600999705,6
2520110,9.684778168653388,14
2520116,9.887934958030236,6
2520128,9.725489884234944,12
2520136,9.844134926110446,8
2520151,9.645470865220743,15
2520166,9.676258735668059,15
2520173,9.868359437461086,7
2520188,9.694441485776132,15
2520191,9.854984261159824,3
2520192,10.0,1
2520199,9.859694817404872,7
2520209,9.800572865413805,10
2520217,9.864787248057032,8
2520232,9.66728697804072,15
2520233,9.992917619958897,1
2520245,9.753600928448927,12
2520254,9.81743200425801,9
2520272,9.625923567225808,18
2520286,9.703516663609216,14
2520287,10.0,1
2520298,9.803388456931854,11
2520302,9.93042477124335,4
2520303,9.996128088887255,1
2520307,9.930444793099364,4
2520313,9.886509587784008,6
2520319,9.899068313708028,6
2520328,9.813506069319274,9
2520333,9.905176225604503,5
2520339,9.88830368060949,6
2520347,9.85928434444069,8
2520356,9.843871500904466,9
2520369,9.733539897788324,13
2520370,10.0,1
2520378,9.82613852047786,8
2520381,9.947629321966348,3
2520382,10.0,1
2520387,9.924568955988507,5
2520391,9.943656383527447,4
2520395,9.935806863456186,4
2520411,9.639552085763196,16
2520426,9.679343119722999,15
2520441,9.662982917463498,15
2520445,9.943532016905808,4
2520448,9.96167842330247,3
2520459,9.530840471104339,11
2520472,9.797125522177335,13
2520488,9.615117670017355,16
2520501,9.704176236079674,13
2520518,9.647531970298038,17
2520527,9.805420082180376,9
2520538,9.767078267363027,11
2520547,9.826280948086481,9
2520557,9.792969956881056,10
2520564,9.88436404322541,7
2520580,9.429298849530936,16
2520586,9.879821657707275,6
2520596,9.824450044953089,10
2520605,9.810917880145137,9
2520619,9.688031139433974,14
2520629,9.785634540151314,10
2520638,9.820690526677888,9
2520656,9.64720880379241,18
2520666,9.809841613085142,10
2520673,9.862134806642741,7
2520683,9.79996990162053,10
2520695,9.74272757819164,12
2520708,9.696262461865496,13
2520723,9.433753405440669,15
2520725,9.984154235963903,2
2520737,9.778500825938158,12
2520745,9.862183333256109,8
2520753,9.869184119957891,8
2520762,9.811627381729798,9
2520772,9.75854391491146,10
2520776,9.933321847127843,4
2520781,9.925606903845432,5
2520796,9.67513693070109,15
2520797,10.0,1
2520803,9.924061312793002,6
2520811,9.87743638930333,8
2520813,9.983893135760656,2
2520820,9.865260928833344,7
2520824,9.945888767512056,4
2520828,9.938556593636608,4
2520839,9.784234481635933,11
2520862,8.569768845205386,23
2520871,9.731484833081012,9
2520880,9.812229895438264,9
2520883,9.957677181279228,3
2520893,9.797016573513664,10
2520903,9.783532643066765,10
2520913,9.791461020973264,10
2520914,9.996656445368842,1
2520927,9.712961800225655,13
2520934,9.839996295173279,7
2520941,9.889899335407403,7
2520949,9.864595521575165,8
2520959,9.794077854283548,10
2520970,9.767888273694757,11
2520987,9.636174098042112,17
2520993,9.902359496217166,6
2521006,9.707628886621357,13
2521011,9.925781101460652,5
2521017,9.88096323156391,6
2521023,9.918662363756683,6
2521025,9.977351510522567,2
2521034,9.805934587886833,9
2521042,9.835418430321015,8
2521043,10.0,1
2521053,9.798596012443085,10
2521064,9.742083514763626,11
2521071,9.872130860765424,7
2521072,9.99136375760239,1
2521084,9.762427334960137,12
2521096,9.745142358643939,12
2521100,9.9450708189264,4
2521103,9.745491924212928,3
2521118,9.702888063233111,15
2521119,10.0,1
2521125,9.918097218486677,6
2521135,9.826014522822634,10
2521142,9.884849186119666,7
2521157,9.658006919215563,15
2521164,9.860605403307366,7
2521170,9.88873176907095,6
2521179,9.819502096643387,9
2521186,9.873974761855818,7
2521197,9.765192043016993,11
2521208,9.7625649048323,11
2521218,9.775680593712687,10
2521225,9.886812764599645,7
2521232,9.86859446387901,7
2521240,9.842092703883585,8
2521250,9.806306976282972,10
2521265,9.663005278038083,15
2521280,9.372377410590103,15
2521295,9.627558807987398,15
2521299,9.934718832322774,4
2521317,9.58365363044025,18
2521331,9.684450790708226,14
2521332,10.0,1
2521341,9.83773451082811,9
2521349,9.848012478011897,8
2521350,10.0,1
2521352,9.980221772107397,2
2521360,9.853163155245976,8
2521369,9.833234077936078,9
2521378,9.840305214245763,9
2521391,9.72824098755478,13
2521407,9.666052679165402,16
2521409,9.971049634103444,2
2521429,9.571246818822164,20
2521438,9.803365022834427,9
2521449,9.801421406092782,11
2521459,9.781258626384524,10
2521472,9.154809302313145,13
2521474,9.98613681503556,2
2521484,9.824746242160682,10
2521488,9.938532753046804,4
2521501,9.742082530222481,13
2521510,9.816118885599542,9
2521515,9.91175885321394,5
2521526,9.788981099198773,11
2521538,9.802330292790664,12
2521551,9.750322151107794,13
2521564,9.735854249832903,13
2521565,10.0,1
2521574,9.80214569398426,9
2521575,10.0,1
2521582,9.867237556293404,7
2521598,9.680505443057665,16
2521609,9.766663887192045,11
2521615,9.884302425736946,6
2521633,9.429820006028105,18
2521646,9.500969137876481,13
2521662,9.640503790123239,16
2521666,9.937958901753795,4
2521680,9.679476901843778,14
2521696,9.671585840618048,16
2521707,9.750411008163223,11
2521713,9.910566992848585,6
2521721,9.836137778757939,8
2521731,9.798894825535598,10
2521741,9.800684331164522,10
2521749,9.85545810125963,8
2521759,9.78792044730109,10
2521769,9.790003683909333,10
2521783,9.706074777093445,14
2521797,9.68760046290487,14
2521809,9.750775074018321,12
2521810,10.0,1
2521820,9.777956139670076,10
2521831,9.779174909863059,11
2521849,9.650809601322889,18
2521856,9.862382338858898,7
2521872,9.470137628028,16
2521878,9.898552981850695,6
2521879,10.0,1
2521883,9.957591381339743,4
2521888,9.924108565191917,5
2521905,9.655127219099938,17
2521916,9.763861678083929,11
2521922,9.889335352036378,6
2521933,9.785795589461157,11
2521938,9.726024703681944,5
2521949,9.815147358128554,11
2521967,9.588439924204263,18
2521981,9.715601176155605,14
2522006,9.328905052448441,25
2522016,9.800108711259641,10
2522021,9.92227946512639,5
2522028,9.870433915555306,7
2522029,10.0,1
2522041,9.750672207566405,12
2522043,9.982192665338056,2
2522049,9.896064826175518,6
2522051,9.968943560971695,2
2522060,9.8318836514465,9
2522063,9.95377392978606,3
2522076,9.680080618976271,13
2522089,9.705953274788419,13
2522090,10.0,1
2522095,9.919893851795198,5
2522106,9.784847240528459,11
2522114,9.83804686377297,8
2522118,9.954791544678558,4
2522127,9.803059259627993,9
2522138,9.784324947128104,11
2522139,10.0,1
2522155,9.642723007130998,16
2522165,9.842102701856485,10
2522199,8.93934739944708,34
2522208,9.843803134513829,9
2522218,9.779398767965835,10
2522226,9.85504954790767,8
2522245,9.644825976947756,19
2522257,9.765972446735415,12
2522263,9.88631064648266,6
2522271,9.8521856065172,8
2522283,9.769747693415358,12
2522291,9.654909249695931,8
2522292,10.0,1
2522298,9.901489252318818,6
2522306,9.854985390715935,8
2522321,9.664457971113826,15
2522341,9.622593582311943,20
2522347,9.902325722731089,6
2522359,9.751746920665301,12
2522372,9.745566960999344,13
2522375,9.953176951939371,3
2522376,10.0,1
2522388,9.762459145724762,12
2522406,9.59391555187155,18
2522410,9.932209683647711,4
2522411,10.0,1
2522422,9.759732440232904,11
2522430,9.833329432673144,8
2522437,9.873428746243636,7
2522438,10.0,1
2522446,9.852053056012783,8
2522453,9.860968761727339,7
2522471,9.590595671439795,18
2522477,9.899899757600506,6
2522491,9.716044836060625,14
2522509,9.657834005375816,18
2522515,9.908793228358439,6
2522529,9.718588594613516,14
2522542,9.718879266900196,13
2522554,9.773361343423556,12
2522566,9.752252842658656,12
2522571,9.916057419372267,5
2522576,9.917298619003288,5
2522583,9.86941620101292,7
2522593,9.82936249509132,10
2522596,9.969732892619753,3
2522597,10.0,1
2522608,9.772437847724536,11
2522638,9.480325871067581,30
2522639,10.0,1
2522650,9.779969062678642,11
2522657,9.860912240918326,7
2522665,9.841220398490323,8
2522679,8.525456957960111,14
2522694,9.702202487433174,15
2522703,9.843730660596353,9
2522713,9.796580369261886,10
2522714,10.0,1
2522718,9.943536118750323,4
2522719,10.0,1
2522726,9.853537980102573,7
2522737,9.77168540715821,11
2522750,9.713118821384281,13
2522760,9.801688016766454,10
2522767,9.875640590311269,7
2522770,9.952513039545584,3
2522778,9.870593849381356,8
2522789,9.820035616863864,11
2522799,9.79445708476376,10
2522805,9.875328068661013,6
2522818,9.699906940161442,13
2522829,9.788681180143994,11
2522834,9.913823221945874,5
2522845,9.761987703960642,11
2522848,9.96807934329598,3
2522858,9.7927890195848,10
2522869,9.747102817429152,11
2522874,9.907912099265099,5
2522893,9.629518962471243,19
2522899,9.890003618208228,6
2522911,9.728872156005867,12
2522918,9.85350811060601,7
2522928,9.80464350819606,10
2522934,9.91877871347609,6
2522945,9.763311753678536,11
2522961,9.662470461920625,16
2522973,9.74337640304135,12
2522989,9.663284966141049,16
2522999,9.803734683219213,10
2523006,9.861955379462026,7
2523012,9.800053351737226,6
2523017,9.933069406205437,5
2523020,9.972432874069323,3
2523030,9.492507909577057,10
2523034,9.927361410068604,4
2523038,9.926156091851073,4
2523051,9.697897441267868,13
2523060,9.806904723150621,9
2523070,9.818939437995498,10
2523108,8.992436126738996,38
2523122,9.68480442985124,14
2523125,9.948733640913163,3
2523129,9.928972015963202,4
2523138,9.841357285357372,9
2523139,10.0,1
2523148,9.823412657797313,9
2523151,9.946522183801772,3
2523159,9.876665132839111,8
2523164,9.91654824330268,5
2523172,9.835725299135294,8
2523184,9.774223653106453,12
2523201,9.65765990881591,17
2523209,9.836848405288512,8
2523220,9.779946077975353,11
2523228,9.841168039962426,8
2523237,9.81167522758714,9
2523247,9.784524649018797,10
2523256,9.825274511753632,9
2523266,9.822914392376019,10
2523287,9.491701888632848,21
2523298,9.75722112578699,11
2523310,9.738556164777751,12
2523320,9.80322740109204,10
2523334,9.70657612546415,14
2523335,9.99149282810054,1
2523348,9.705337293310018,13
2523355,9.894959328364916,7
2523363,9.846165885238436,8
2523364,10.0,1
2523365,10.0,1
2523370,9.915503968688931,5
2523381,9.750421438130417,11
2523388,9.869035939419774,7
2523398,9.783378956022073,10
2523414,9.64166306350403,16
2523426,9.728848201644333,12
2523434,9.862270336959442,8
2523436,9.977074087529063,2
2523447,9.75854177968225,11
2523461,9.692313725174703,14
2523471,9.814149251852566,10
2523483,9.778999971205975,12
2523500,9.621588490574553,17
2523516,9.609867946189224,16
2523517,10.0,1
2523529,9.77173653878356,12
2523545,9.609040634586073,16
2523546,10.0,1
2523551,9.926492581670008,5
2523566,9.675322540979039,15
2523576,9.77796303509123,10
2523587,9.79449446619328,11
2523603,9.584794552731893,16
2523605,9.981343245916213,2
2523621,9.696455040007836,16
2523629,9.861002120013099,8
2523635,9.910217640741825,6
2523652,9.401478646645176,17
2523663,9.753037391211647,11
2523670,9.851579278589076,7
2523676,9.917138621894122,6
2523688,9.740223186841284,12
2523698,9.810135178221596,10
2523710,9.770423013436291,12
2523721,9.773861795923173,11
2523731,9.759993800397488,10
2523743,9.754362555593177,12
2523755,9.711340730300575,12
2523760,9.924744629529405,5
2523774,9.699173684226404,14
2523780,9.900759636678288,6
2523789,9.816878477422096,9
2523798,9.824641365775888,9
2523813,9.690789556322347,15
2523821,9.836325912757873,8
2523839,9.604676319886739,18
2523849,9.792793077309842,10
2523852,9.954475633428197,3
2523867,9.653151189474215,15
2523870,9.960929479683175,3
2523871,9.992449016476984,1
2523881,9.783287398981717,10
2523882,10.0,1
2523893,9.767786878242772,11
2523900,9.882586469543442,7
2523910,9.777848123044965,10
2523915,9.92930192605138,5
2523929,9.674394877995965,14
2523937,9.875779477531365,8
2523954,9.534032632564093,17
2523968,9.676892878099732,14
2523973,9.927897889942223,5
2523982,9.830363155591424,9
2523987,9.915945262601324,5
2523998,9.753417546419534,11
2524002,9.94832924912903,4
2524010,9.864036262112108,8
2524018,9.847898737885854,8
2524024,9.891601699129861,6
2524036,9.749171606113281,12
2524061,8.69752992967582,25
2524068,9.870315419012755,7
2524076,9.871717367936723,8
2524083,9.860776067393674,7
2524086,9.95648784297315,3
2524102,9.682776537977958,16
2524111,9.819003411054162,9
2524124,9.716845702465033,13
2524140,8.229918163424578,16
2524150,9.69261028631244,10
2524162,9.738187417456821,12
2524172,9.813641854579922,10
2524196,9.521104151109848,24
2524207,9.73986481871926,11
2524220,9.719760237181251,13
2524229,9.818287142257667,9
2524234,9.926002942460743,5
2524250,9.643809129558004,16
2524251,10.0,1
2524255,9.937859863189942,4
2524261,9.892111722505257,6
2524268,9.891337479385427,7
2524278,9.812863983698012,10
2524293,9.464967558977461,15
2524325,9.107798315747681,32
2524335,9.813410150374764,10
2524349,9.675777427184919,14
2524356,9.883110621659075,7
2524371,9.679914850593065,15
2524375,9.953324631118072,4
2524384,9.806791387274044,9
2524399,8.715952636905332,15
2524407,9.654705201530021,8
2524431,9.449428853068092,24
2524440,9.81708074041492,9
2524451,9.763912756217996,11
2524457,9.89774475956939,6
2524462,9.911849899227667,5
2524473,9.791075164491488,11
2524475,9.972003049459857,2
2524480,9.91319218413217,5
2524493,9.719504825370489,13
2524507,9.743627996685413,14
2524534,9.253658877856344,27
2524554,9.693493619615003,20
2524555,10.0,1
2524570,9.654142706524686,15
2524592,9.447758624189195,22
2524598,9.888652868394988,6
2524607,9.797237034141425,9
2524608,10.0,1
2524613,9.907336557529444,5
2524623,9.710892123041544,10
2524633,9.776095105921225,10
2524652,9.562221184091422,19
2524671,9.53587520756139,19
2524672,9.995991185863142,1
2524675,9.956519097249375,3
2524680,9.92910436366004,5
2524689,9.839955156910865,9
2524692,9.966162107158505,3
2524693,10.0,1
2524694,10.0,1
2524704,9.79049088709286,10
2524708,9.948892257747755,4
2524718,9.794998144199285,10
2524728,9.802276411477417,10
2524741,9.728554339293625,13
2524747,9.885885100856191,6
2524759,9.754375956163186,12
2524765,9.895409045405497,6
2524773,9.728126642887727,8
2524777,9.94936930090591,4
2524780,9.95569550818699,3
2524781,10.0,1
2524783,9.969275791307782,2
2524791,9.840028299817005,8
2524794,9.951749543460553,3
2524803,9.76685863036124,9
2524810,9.864559466872567,7
2524820,9.789440052944194,10
2524824,9.948225758453889,4
2524828,9.948077191867936,4
2524833,9.9121662708084,5
2524842,9.82814561195688,9
2524852,9.779713449187769,10
2524860,9.856179489833373,8
2524867,9.869763594212454,7
2524868,10.0,1
2524872,9.93273105693267,4
2524878,9.906530692861036,6
2524879,9.99283055573303,1
2524892,9.783671023865724,13
2524900,9.852544166741538,8
2524914,9.664989650746753,14
2524926,9.74351970633384,12
2524938,9.77912370160033,12
2524941,9.971477398371535,3
2524960,9.559907103589564,19
2524966,9.884045819297047,6
2524975,9.828200764136435,9
2524984,9.815701826796243,9
2524988,9.945562675775237,4
2524992,9.932910471673182,4
2524999,9.86660058022769,7
2525012,9.705618982528968,13
2525018,9.901188227055773,6
2525019,10.0,1
2525025,9.898080826630117,6
2525042,9.613536000330653,17
2525050,9.836285187052962,8
2525058,9.839746465960074,8
2525067,9.814734403510952,9
2525073,9.876144452759922,6
2525094,9.539260111735887,21
2525104,9.813904895548532,10
2525114,9.819291889408172,10
2525123,9.850118562844495,9
2525134,9.770122421201613,11
2525145,9.76892621132919,11
2525153,9.820601114755839,8
2525156,9.959240417716602,3
2525163,9.86769451379614,7
2525178,9.701640136821451,15
2525191,9.717369494538987,13
2525207,9.61355448750687,16
2525214,9.878404634827454,7
2525222,9.855160320192523,8
2525235,9.709145306579787,13
2525241,9.878829097831167,6
2525245,9.943641068928166,4
2525256,9.772481492237084,11
2525273,9.60839693041529,17
2525281,9.839199135513796,8
2525292,9.760396289924016,11
2525303,9.780630264017882,11
2525304,10.0,1
2525305,10.0,1
2525317,9.754033361403916,12
2525321,9.936474758075121,4
2525330,9.817357556260808,9
2525340,9.80595316043882,10
2525353,9.725133434696623,13
2525359,9.879006511143038,6
2525364,9.929752566948329,5
2525375,9.762913961219652,11
2525376,10.0,1
2525390,9.720390498355478,14
2525391,10.0,1
2525405,9.674596256307444,14
2525414,9.819672208739286,9
2525422,9.840144149188909,8
2525440,9.616465680205469,18
2525445,9.919230114521731,5
2525453,9.832268171921541,8
2525456,9.948485432523867,3
2525463,9.874369870538224,7
2525476,9.720968047499756,13
2525486,9.803171863369304,10
2525500,9.76020768811481,14
2525509,9.829260549328435,9
2525515,9.893413915717492,6
2525531,9.659724512625832,16
2525541,9.785170644961958,10
2525550,9.817736840081569,9
2525551,10.0,1
2525562,9.774677934155017,11
2525574,9.710338832626359,12
2525583,9.822845520469546,9
2525584,10.0,1
2525587,9.961056463270348,3
2525599,9.727608664665693,12
2525607,9.849082747081853,8
2525622,9.662077289596128,15
2525636,9.66157198713383,14
2525648,9.738695129901409,12
2525652,9.940483754414213,4
2525653,10.0,1
2525655,9.971184255911961,2
2525665,9.805230574681701,10
2525674,9.82144263496896,9
2525696,9.228365144072935,22
2525708,9.755967235621496,12
2525727,9.539020863284069,19
2525735,9.865410645916901,8
2525742,9.868792115502169,7
2525743,9.996398652411505,1
2525756,9.714200997257247,13
2525758,9.972331146814897,2
2525760,9.97075037113918,2
2525763,9.965194875062314,3
2525781,9.581217753621111,18
2525790,9.78985222418022,9
2525798,9.83908772913122,8
2525805,9.84621958166062,7
2525821,9.679598608598292,16
2525825,9.93494494849665,4
2525835,9.766082851808846,10
2525837,9.978205850824523,2
2525852,9.632156577439726,15
2525868,9.605032252799244,16
2525878,9.821764939903582,10
2525886,9.830073794981674,8
2525892,9.888717358319752,6
2525908,9.675692300549231,16
2525919,9.775914928273641,11
2525924,9.931433915765831,5
2525940,9.611729984948223,16
2525955,9.699404282496431,15
2525965,9.81387024813525,10
2525970,9.917037692930379,5
2525982,9.73627537337932,12
2525992,9.800863060704849,10
2526002,9.787143726515955,10
2526016,9.683930532927022,14
2526034,9.568466987158137,18
2526048,9.69407198060505,14
2526064,9.614071892650722,16
2526080,9.65338111962475,16
2526105,9.551182277812142,25
2526111,9.910526367676903,6
2526119,9.85993889193111,8
2526133,9.736314058534607,14
2526148,9.644135512508274,15
2526155,9.868321592923516,7
2526168,9.699079201447402,13
2526179,9.762470784982968,11
2526192,9.706661126502814,13
2526200,9.83012164677869,8
2526204,9.942787239206027,4
2526211,9.869899020328951,7
2526215,9.940447752501177,4
2526229,9.668959060338297,14
2526237,9.856391105399297,8
2526257,9.572270727724908,20
2526271,9.687214775516203,14
2526286,9.677797341762766,15
2526297,9.760608106843515,11
2526308,9.810851456292736,11
2526313,9.926766518006024,5
2526323,9.797183554137602,10
2526334,9.77626799035134,11
2526348,9.710905025531249,14
2526356,9.847046224530729,8
2526364,9.825274552682703,8
2526376,9.716415068191264,12
2526391,9.69764689765286,15
2526404,9.689335599570594,13
2526417,9.691606286859487,13
2526432,9.690094152385685,15
2526442,9.806573239173126,10
2526453,9.759421064628121,11
2526462,9.736257596289136,9
2526463,10.0,1
2526475,9.7564499265272,12
2526490,9.725971074773392,15
2526504,9.69730682740528,14
2526521,9.659272247706111,17
2526522,10.0,1
2526531,9.815087653335775,9
2526537,9.789066475005633,6
2526552,9.647943170805458,15
2526573,9.604174847932713,21
2526574,10.0,1
2526583,9.81708360268903,9
2526587,9.935778586799408,4
2526592,9.926531592307823,5
2526608,9.654623865794138,16
2526620,9.746610286745424,12
2526624,9.944804057476828,4
2526639,9.675742099707326,15
2526648,9.794688824657465,9
2526660,9.732197404437825,12
2526673,9.699311106075571,13
2526682,9.818395365422047,9
2526690,9.874308921780939,8
2526702,9.763433471539228,12
2526710,9.885487931750191,8
2526719,9.796414239813915,9
2526727,9.82683319818454,8
2526728,10.0,1
2526740,9.786988376590395,12
2526741,10.0,1
2526742,10.0,1
2526751,9.812850292904649,9
2526765,9.66558498973415,14
2526773,9.84214651366284,8
2526779,9.89979069832152,6
2526794,9.680633637355436,15
2526798,9.949902854649606,4
2526805,9.875740888858454,7
2526814,9.79590454768027,9
2526816,9.969713473675204,2
2526822,9.88866882157201,6
2526830,9.853838161231842,8
2526842,9.695540303582481,12
2526849,9.88450738990187,7
2526853,9.937405068091529,4
2526868,9.731530330520515,15
2526887,9.64560971083467,19
2526888,9.986620670645985,1
2526903,9.669357168431151,15
2526911,9.869497966811283,8
2526926,9.629146691187424,15
2526931,9.816682035297564,5
2526932,10.0,1
2526940,9.731294533722675,8
2526947,9.837098254541463,7
2526950,9.959231567647596,3
2526961,9.752536871754995,11
2526972,9.765400492510475,11
2526983,9.472259920705994,11
2527000,9.66247938837439,17
2527016,9.716928036319766,16
2527025,9.828050287229797,9
2527032,9.882438534974893,7
2527036,9.931878823808672,4
2527040,9.94837063315734,4
2527051,9.774543501030855,11
2527054,9.956229132709089,3
2527059,9.902563651070125,5
2527068,9.796978477059463,9
2527076,9.833108735989505,8
2527084,9.832720236597824,8
2527095,9.785316554034212,11
2527103,9.848063239701405,8
2527107,9.946980247296246,4
2527112,9.919394301975261,5
2527117,9.915920488441305,5
2527123,9.893984605662986,6
2527124,9.987354730308418,1
2527134,9.781415306838129,10
2527138,9.940381361085079,4
2527148,9.811250466495,10
2527158,9.808051679905875,10
2527166,9.817580740550472,8
2527181,9.660114095642166,15
2527192,9.823710107872808,11
2527199,9.859548743527206,7
2527200,10.0,1
2527207,9.859707591375614,7
2527219,9.750448520317654,12
2527224,9.917174989120275,5
2527232,9.83438389482277,8
2527241,9.812124078938794,9
2527251,9.84123204049822,10
2527264,9.7317859314435,13
2527276,9.633015067140068,12
2527285,9.839261554646132,9
2527296,9.759541712535263,11
2527300,9.92693846301588,4
2527312,9.731125072115296,12
2527329,9.607586589769378,17
2527333,9.937646080451506,4
2527351,9.608288645017257,18
2527362,9.766723397593234,11
2527368,9.881613734567305,6
2527370,9.970875104925627,2
2527378,9.836025682962985,8
2527387,9.831670302160692,9
2527401,9.683744597344068,14
2527416,9.66495057510072,15
2527433,9.579542118226943,17
2527445,9.740665922691917,12
2527454,9.818540484984139,9
2527466,9.71903665404206,12
2527467,10.0,1
2527476,9.830370671731737,9
2527487,9.76428331319348,11
2527504,9.671072690344388,17
2527505,9.996648106954511,1
2527506,10.0,1
2527513,9.871080668945275,7
2527521,9.83855686381403,8
2527529,9.849716005303073,8
2527531,9.980821059727704,2
2527537,9.892906179667392,6
2527551,9.684505573042728,14
2527567,9.515338007291184,16
2527581,9.675335874032246,14
2527586,9.9257545557897,5
2527595,9.816064600159791,9
2527613,9.571698594015485,18
2527616,9.963026906534829,3
2527623,9.88475532046273,7
2527631,9.846303332943029,8
2527641,9.808224799144028,10
2527645,9.936433666281154,4
2527658,9.69013728478099,13
2527667,9.837661622105752,9
2527674,9.898368530020766,7
2527675,9.992845700506821,1
2527683,9.871903435992904,8
2527694,9.763550457079344,11
2527696,9.97190333727108,2
2527705,9.849042781656062,9
2527715,9.813426106463831,10
2527724,9.814523304615925,9
2527731,9.88333086861485,7
2527746,9.67573614229985,15
2527751,9.908714936178459,5
2527765,9.66454619871195,14
2527777,9.738877946320844,12
2527781,9.935277128100212,4
2527793,9.763567604561914,12
2527801,9.845252273544942,8
2527820,9.534802553720104,19
2527822,9.971804860795478,2
2527833,9.763768178314443,11
2527845,9.73993517540518,12
2527857,9.727407740316982,12
2527869,9.77415222018343,12
2527877,9.821181181275342,8
2527885,9.858998274728147,8
2527894,9.842924807470357,9
2527901,9.84981316103128,7
2527911,9.803404420131756,10
2527914,9.970876162769882,3
2527923,9.82159794871079,9
2527935,9.753869150768315,12
2527949,9.530795226151602,14
2527960,9.765273027336189,11
2527969,9.84472921478572,9
2527976,9.860204613475732,7
2527986,9.776361878054123,10
2527992,9.906670756199892,6
2527997,9.908876735047897,5
2528007,9.805337497845086,10
2528026,9.54733800082819,19
2528034,9.85383720427632,8
2528042,9.840106186044093,8
2528058,9.644281419784773,16
2528068,9.797530772171568,10
2528082,9.714750559996888,14
2528089,9.89469836881363,7
2528090,10.0,1
2528109,9.565055985976386,19
2528115,9.911381779285637,6
2528116,10.0,1
2528128,9.719769621120975,12
2528140,9.76748929689977,12
2528151,9.782406111271627,11
2528160,9.736722032617324,9
2528165,9.916624907094398,5
2528171,9.869938155097783,6
2528172,9.992971164654406,1
2528173,10.0,1
2528181,9.853777627615203,8
2528187,9.871651157426859,6
2528190,9.961643551772926,3
2528191,9.996755661629077,1
2528192,10.0,1
2528199,9.873376434276896,7
2528202,9.966143103151818,3
2528212,9.792124747510822,10
2528230,9.576857385169863,18
2528252,9.44811801065519,22
2528259,9.86353863442813,7
2528271,9.74643567919502,12
2528281,9.783645217771637,10
2528296,9.659112511677305,15
2528309,9.516359377599105,13
2528316,9.888251490116906,7
2528332,9.507752928633588,16
2528340,9.76074054344987,8
2528347,9.864080790343856,7
2528352,9.912838549603544,5
2528359,9.861997131993204,7
2528364,9.911398787182522,5
2528366,9.974202158406547,2
2528372,9.887529822509775,6
2528379,9.876996448350557,7
2528393,9.67444331000764,14
2528397,9.946361717121981,4
2528408,9.773843247977098,11
2528418,9.676518086464624,10
2528432,9.728608430552264,14
2528458,9.072467899684193,26
2528468,9.811102812879637,10
2528480,9.727940142479477,12
2528493,9.698890585751702,13
2528503,9.802079330827056,10
2528512,9.805888376323866,9
2528523,9.760848962099718,11
2528531,9.810559663733937,8
2528539,9.837818337184558,8
2528544,9.90796560932805,5
2528551,9.857331413571215,7
2528566,9.664752372650932,15
2528577,9.765909885575066,11
2528578,10.0,1
2528585,9.851294810873213,7
2528589,9.930871732364993,4
2528590,10.0,1
2528614,9.482228806745287,24
2528625,9.778340142154356,11
2528632,9.852776209285082,7
2528641,9.791122137843251,9
2528647,9.87729827768313,6
2528654,9.862899893459188,7
2528657,9.963084361667777,3
2528659,9.97761857390693,2
2528669,9.779288990951269,10
2528683,9.6808503627678,14
2528684,10.0,1
2528705,9.612234751926355,21
2528706,10.0,1
2528725,9.552476923272522,19
2528746,6.7173648040608605,21
2528765,9.566733399007978,19
2528770,9.923755102354521,5
2528789,9.571430746355015,19
2528790,10.0,1
2528799,9.820693323172975,9
2528800,9.996673412184286,1
2528811,9.760235804023544,11
2528815,9.935749350742071,4
2528827,9.804331460676572,12
2528845,9.652311312357075,18
2528853,9.848299765117162,8
2528858,9.90963785310466,5
2528874,9.637808931452096,16
2528892,9.571102431338456,18
2528893,10.0,1
2528898,9.924611923124194,5
2528910,9.81213115803285,12
2528917,9.873911654890966,7
2528922,9.927784353759465,5
2528931,9.818052181221287,9
2528939,9.843082554698196,8
2528944,9.922722594089876,5
2528950,9.900778595742336,6
2528959,9.785359742350147,9
2528962,9.957122620276715,3
2528974,9.742181054249818,12
2528984,9.796596574853021,10
2528985,10.0,1
2528986,10.0,1
2528991,9.90586467305693,5
2528996,9.9153317268886,5
2529011,9.637267541732905,15
2529027,9.65428652118905,16
2529035,9.851870168140032,8
2529041,9.9015003797549,6
2529051,9.763252962197784,10
2529065,9.699562662842569,14
2529083,9.560072419708442,18
2529084,10.0,1
2529085,10.0,1
2529086,9.992197237197718,1
2529100,9.727732230513135,14
2529109,9.84805546299687,9
2529110,10.0,1
2529120,9.80364403159864,10
2529129,9.800747159421512,9
2529143,9.695432587799813,14
2529146,9.95901125935878,3
2529152,9.881860102091906,6
2529159,9.85593038321158,7
2529169,9.77022391486742,10
2529170,10.0,1
2529184,9.67857528625256,14
2529200,9.573055182870126,16
2529203,9.956356560270567,3
2529214,9.7922158573111,11
2529217,9.961350771867151,3
2529224,9.856905321254187,7
2529228,9.931989619005975,4
2529244,9.647817138929133,16
2529254,9.806661483672515,10
2529255,10.0,1
2529258,9.96811309852144,3
2529263,9.902653420118877,5
2529264,10.0,1
2529269,9.919592500564496,5
2529277,9.83740807618456,8
2529283,9.905241675561513,6
2529299,9.6606342625396,16
2529312,9.728164261514324,13
2529318,9.911581411639014,6
2529333,9.67147408747622,15
2529347,9.70923551397319,14
2529355,9.873515865398494,8
2529361,9.897549852018935,6
2529369,9.843394973078285,8
2529378,9.807965382726993,9
2529382,9.924976437609342,4
2529393,9.760676633115185,11
2529397,9.944798921260436,4
2529400,9.95831785554865,3
2529406,9.892495971246335,6
2529421,9.64490171276193,15
2529424,9.948390231344673,3
2529431,9.850543330263056,7
2529442,9.763090945557362,11
2529449,9.883119246028558,7
2529456,9.87826417294739,7
2529463,9.871513194332982,7
2529470,9.865155535308212,7
2529478,9.838676214105341,8
2529489,9.786242708388068,11
2529499,9.790118164347257,10
2529509,9.81157465583439,10
2529514,9.922613595401513,5
2529522,9.848590396939965,8
2529536,9.698191656220457,14
2529537,10.0,1
2529546,9.811489853318815,9
2529554,9.847127147190715,8
2529564,9.803041956799571,10
2529571,9.877509761463832,7
2529586,9.683835837343869,15
2529593,9.87731927618281,7
2529608,9.725032849830566,15
2529612,9.944615844036129,4
2529625,9.716672991908125,13
2529638,9.71091360687029,13
2529643,9.9400002346417,5
2529651,9.858588327087526,8
2529653,9.985054643355635,2
2529664,9.806649762688885,11
2529679,9.627077934508117,15
2529695,9.654538000993956,16
2529705,9.773548591991535,10
2529712,9.870813205034805,7
2529717,9.928980747695423,5
2529718,10.0,1
2529727,9.830879893248298,9
2529737,9.80398423299716,10
2529743,9.890798585585049,6
2529747,9.923515726787837,4
2529756,9.82164884048474,9
2529757,10.0,1
2529758,10.0,1
2529768,9.805053794338765,10
2529780,9.74351715004063,12
2529784,9.945401908608558,4
2529785,10.0,1
2529796,9.742797840123211,11
2529809,9.703098927453848,13
2529815,9.907192709293021,6
2529826,9.776598205682602,11
2529837,9.45341793798652,11
2529854,9.673664115087577,17
2529874,9.292216442277265,20
2529882,9.852024230581643,8
2529894,9.743428424022287,12
2529905,9.77801841235755,11
2529916,9.761604386164475,11
2529932,9.66031456141443,16
2529937,9.924376353299259,5
2529948,9.764537519435468,11
2529960,9.763132501042657,12
2529961,10.0,1
2529969,9.840655434681226,8
2529975,9.895471177086485,6
2529982,9.875667371456158,7
2529991,9.842351069710125,9
2529997,9.892963710889905,6
2530014,9.68228691994039,17
2530031,9.407690549860238,17
2530037,9.901919473171533,6
2530040,9.956705433819662,3
2530057,9.632222939138302,17
2530058,10.0,1
2530071,9.613838203010701,13
2530083,9.731848094478652,12
2530088,9.918540640808793,5
2530099,9.772564900565358,11
2530112,9.74694394826235,13
2530123,9.766598642943308,11
2530127,9.950744430780006,4
2530140,9.736954277313458,13
2530149,9.871648690363969,9
2530158,9.841165083175655,9
2530178,9.53942059667073,20
2530185,9.890010311322015,7
2530191,9.881498251862542,6
2530208,9.602915333042132,17
2530224,9.64585401232257,16
2530235,9.75385430239417,11
2530239,9.935096091354964,4
2530262,9.563754101130158,23
2530273,9.7842639376123,11
2530274,10.0,1
2530293,9.536728994634656,19
2530307,9.679846895276869,14
2530320,9.729346917788128,13
2530339,9.07898898501864,19
2530347,9.850383225428784,8
2530352,9.918310954183996,5
2530360,9.840567139562278,8
2530375,9.68264347220185,15
2530376,10.0,1
2530387,9.792354159103304,11
2530398,9.789097680209059,11
2530409,9.787823255812157,11
2530427,9.549995691870263,18
2530439,9.739005650654791,12
2530448,9.831754228196584,9
2530457,9.606927047156361,9
2530468,9.790782380076731,11
2530473,9.925571699451433,5
2530483,9.803034311956468,10
2530492,9.835485865678391,9
2530504,9.790560886936909,12
2530518,9.73071050055792,14
2530523,9.914340747059532,5
2530539,9.623485890948873,16
2530549,9.795131182303312,10
2530569,9.326452300819398,20
2530570,10.0,1
2530579,9.82578836901153,9
2530590,9.775672033933311,11
2530602,9.74008242236731,12
2530614,9.719524761864188,12
2530621,9.884915246998021,7
2530627,9.881521770364914,6
2530633,9.91317388494965,6
2530635,9.979788518095638,2
2530644,9.843353683593056,9
2530656,9.796529021318534,12
2530662,9.90760395333896,6
2530680,9.634486357123503,18
2530695,9.688971057554747,15
2530697,9.972297800700183,2
2530709,9.754010452396443,12
2530717,9.835198479927513,8
2530727,9.774635676288971,10
2530735,9.832831755283486,8
2530743,9.854125621655015,8
2530746,9.955653434764915,3
2530760,9.697541969364432,14
2530761,9.99302687301392,1
2530772,9.749023919424644,11
2530779,9.867613338478977,7
2530785,9.873295697428398,6
2530790,9.895579965852109,5
2530798,9.859319909177742,8
2530812,9.674081939249252,14
2530816,9.936828420769057,4
2530822,9.887421890580763,6
2530830,9.830942934441227,8
2530832,9.966841009497093,2
2530843,9.77410656165836,11
2530855,9.729761100385966,12
2530864,9.80531805369848,9
2530876,9.720639267043913,12
2530882,9.917840786085854,6
2530885,9.951856136535799,3
2530887,9.973577600326571,2
2530888,10.0,1
2530889,10.0,1
2530896,9.894524146723882,7
2530906,9.824615313992814,10
2530912,9.896151358042067,6
2530923,9.777937167363136,11
2530929,9.8902659563403,6
2530933,9.940413570263214,4
2530941,9.848208149128602,8
2530949,9.82099604193941,8
2530950,10.0,1
2530962,9.659396407978985,12
2530973,9.779395649609908,11
2530982,9.798920147014712,9
2530993,9.775569772075496,11
2531011,9.601261578485916,18
2531023,9.723652340574452,12
2531035,9.758566523649783,12
2531038,9.962778254344055,3
2531047,9.814255001112912,9
2531058,9.766284994709862,11
2531063,9.908700853645179,5
2531071,9.81819517762411,8
2531088,9.618632824603814,17
2531098,9.82598374082433,10
2531106,9.851203454313668,8
2531110,9.944420365289758,4
2531122,9.74056659104125,12
2531128,9.912727148356455,6
2531140,9.728755763950904,12
2531141,10.0,1
2531151,9.818711982017481,10
2531163,9.745762626651489,12
2531176,9.70878120060329,13
2531177,10.0,1
2531197,9.53829805582712,20
2531210,9.713576222073957,13
2531218,9.83132950239703,8
2531232,9.713710233539352,14
2531234,9.983493741975131,2
2531247,9.688587073658198,13
2531253,9.892467504202274,6
2531264,9.726199477698069,11
2531271,9.875091322738436,7
2531277,9.878057642844345,6
2531282,9.915188710689826,5
2531288,9.902237701542527,6
2531295,9.872058147317095,7
2531305,9.811966228256933,10
2531318,9.71211469191408,13
2531331,9.698592029535424,13
2531341,9.786518307460325,10
2531364,9.50338518390305,23
2531376,9.719452249728398,12
2531388,9.78304856545712,12
2531398,9.805198278198118,10
2531404,9.896086902047031,6
2531414,9.822463509653353,10
2531415,10.0,1
2531421,9.89395807965521,6
2531434,9.717201053448688,13
2531437,9.959764456106194,3
2531450,9.74744782508418,13
2531462,9.758840529608339,12
2531470,9.855193740574563,8
2531476,9.897963524919358,6
2531483,9.880804928759886,7
2531491,9.861973733360697,8
2531509,8.921144442062747,18
2531519,9.780227822750078,10
2531527,9.838935473204481,8
2531534,9.882875434989245,7
2531544,9.78156238549732,10
2531546,9.973433479905799,2
2531557,9.792202710451194,11
2531562,9.916192424727763,5
2531563,10.0,1
2531570,9.85424354529343,7
2531581,9.755859336910026,11
2531586,9.92485818917034,5
2531588,9.979005320570248,2
2531596,9.831158222779091,8
2531609,9.695625908634703,13
2531615,9.899286576558518,6
2531626,9.742814312768708,11
2531641,9.630012993591997,15
2531649,9.866498593257074,8
2531665,9.657479056841487,16
2531676,9.76696944141166,11
2531693,7.992794086777259,17
2531707,9.748166125524026,14
2531713,9.88186569131381,6
2531721,9.843097901943608,8
2531734,9.71537925385361,13
2531744,9.797056732609146,10
2531751,9.883856358881857,7
2531759,9.842043132286904,8
2531775,9.62871148238751,16
2531787,9.723181103810743,12
2531801,9.67456345055616,14
2531810,9.828034238796201,9
2531816,9.90300983934736,6
2531824,9.847375853106787,8
2531832,9.832816898548842,8
2531834,9.970341565991516,2
2531835,10.0,1
2531844,9.81912538864863,9
2531846,9.976884295114827,2
2531849,9.94668473431684,3
2531854,9.912893487624672,5
2531858,9.938821294201084,4
2531873,9.672956507421006,15
2531879,9.894165809731641,6
2531889,9.829497308963344,10
2531898,9.833001168774976,9
2531903,9.92964540755405,5
2531907,9.944859558349904,4
2531917,9.823999714394422,10
2531928,9.76196872872519,11
2531941,9.73060586939995,13
2531942,10.0,1
2531952,9.813994818801703,10
2531959,9.848920180262224,7
2531995,9.265499145385027,36
2532006,9.774973755344368,11
2532015,9.833112096118038,9
2532025,9.789864487053814,10
2532031,9.923019255989274,6
2532036,9.912728111648441,5
2532047,9.762279254807932,11
2532059,9.735544692361346,12
2532086,9.217910757625887,27
2532092,9.907366445462637,6
2532105,9.745960558986445,13
2532110,9.926867214604062,5
2532126,9.63577589074929,16
2532134,9.853318533512727,8
2532142,9.837230934475235,8
2532144,9.977517490997625,2
2532150,9.894700645305521,6
2532170,9.554037471606463,20
2532172,9.976967317719428,2
2532179,9.860452749335773,7
2532182,9.96133922785999,3
2532183,10.0,1
2532185,9.981085150841201,2
2532186,9.996058801342336,1
2532191,9.905591932766523,5
2532198,9.857169888349523,7
2532206,9.878016330181582,8
2532219,9.725646591136154,13
2532220,9.987883759002761,1
2532229,9.809950857010303,9
2532246,9.559739722466972,17
2532260,9.684348073116857,14
2532272,9.724452562950662,12
2532276,9.944172885510714,4
2532280,9.929277992047155,4
2532286,9.894265657546546,6
2532288,9.98079737849204,2
2532292,9.929568906606782,4
2532297,9.907336328646238,5
2532304,9.860323050889775,7
2532321,9.591658126309728,17
2532329,9.833496784356498,8
2532340,9.769162811792578,11
2532348,9.829819312601419,8
2532363,9.653109934919332,15
2532377,9.67839638984796,14
2532389,9.728315476383337,12
2532397,9.851872759396265,8
2532398,10.0,1
2532405,9.87405411011341,7
2532416,9.762014957889965,11
2532427,9.790695670561439,11
2532434,9.870564190064398,7
2532437,9.950471055088352,3
2532442,9.927408445917383,5
2532447,9.916973176491547,5
2532462,9.675516501469803,15
2532472,9.825151567808433,10
2532473,10.0,1
2532485,9.73798148736673,12
2532497,9.72292888719076,12
2532506,9.834933076750474,9
2532511,9.928504792775692,5
2532517,9.906010675066339,6
2532519,9.97084064627812,2
2532525,9.880204102945713,6
2532535,9.777358821641672,10
2532541,9.905023358037106,6
2532552,9.751730374747599,11
2532560,9.867336366975701,8
2532572,9.77890389881203,12
2532582,9.786546445796661,10
2532586,9.940556472216079,4
2532604,9.671592897403217,18
2532619,9.71108900766853,15
2532633,9.720989467566213,14
2532638,9.932240902299682,5
2532648,9.806932872026664,10
2532658,9.804528074214883,10
2532659,9.987325302244761,1
2532667,9.848712482960567,8
2532675,9.83934230526262,8
2532681,9.901761362896764,6
2532685,9.954734498350478,4
2532698,9.718643529537925,13
2532699,10.0,1
2532705,9.889479033465253,6
2532708,9.951076216488385,3
2532711,9.971206434931233,3
2532722,9.748254428376018,11
2532733,9.768319302871916,11
2532734,10.0,1
2532744,9.822013749434461,10
2532758,9.671186975244606,14
2532772,9.700523028033922,14
2532781,9.80418847382728,9
2532786,9.928057896601238,5
2532797,9.786890770481786,11
2532813,9.617552943453127,16
2532823,9.803922347912643,10
2532831,9.85729542400441,8
2532841,9.785806841285869,10
2532851,9.812635663417437,10
2532863,9.745375325790455,12
2532866,9.966825117519868,3
2532880,9.706518799604764,14
2532884,9.944631776268672,4
2532892,9.825281639187569,8
2532903,9.72419444844909,11
2532917,9.773684799972514,14
2532924,9.878509020856974,7
2532932,9.844696809246697,8
2532933,10.0,1
2532934,10.0,1
2532947,9.697809055609788,13
2532957,9.787120890558384,10
2532965,9.851732887660543,8
2532985,9.587563340907877,20
2532998,9.707844720440626,13
2533010,9.729020971330845,12
2533025,9.662675806152198,15
2533034,9.835098266329371,9
2533041,9.88176683555291,7
2533047,9.897322962688042,6
2533048,10.0,1
2533051,9.951160032324859,3
2533056,9.901566799268346,5
2533057,10.0,1
2533058,10.0,1
2533059,10.0,1
2533066,9.877942710495898,7
2533071,9.93762163204875,5
2533084,9.708333491278314,13
2533096,9.76376364880288,12
2533105,9.839920479564604,9
2533114,9.828594677060023,9
2533129,9.62505520629693,15
2533132,9.97112615239654,3
2533138,9.890198190717793,6
2533139,10.0,1
2533145,9.900994399739522,6
2533154,9.837198413211302,9
2533164,9.702507228207063,10
2533173,9.803732029752755,9
2533174,10.0,1
2533182,9.850039163351148,8
2533190,9.846856517037093,8
2533205,9.678260272632784,15
2533215,9.77925430651289,10
2533223,9.805658242092457,8
2533226,9.96190085030732,3
2533227,10.0,1
2533229,9.970114192656654,2
2533235,9.878716195478956,6
2533238,9.946531737897816,3
2533245,9.863331156401282,7
2533255,9.791104302417295,10
2533256,10.0,1
2533257,9.986372312026194,1
2533265,9.850722097004272,8
2533266,10.0,1
2533268,9.977147361202212,2
2533281,9.708453353806243,13
2533283,9.974876320752498,2
2533293,9.812064754461474,10
2533297,9.948509880432459,4
2533308,9.758139164602653,11
2533321,8.94952279738438,13
2533326,9.922433715275298,5
2533339,9.707972357250569,13
2533344,9.918402988682038,5
2533353,9.836794573691387,9
2533360,9.85958164817843,7
2533373,9.718822311372103,13
2533385,9.743565772412607,12
2533393,9.844411459720801,8
2533402,9.819970505021706,9
2533409,9.869177478057827,7
2533417,9.836646287611936,8
2533418,10.0,1
2533423,9.929381956581883,5
2533437,9.746292125456952,14
2533448,9.78053881390809,11
2533449,10.0,1
2533457,9.84970569122463,8
2533468,9.752977558330874,11
2533474,9.886854588105592,6
2533493,9.517066119942637,19
2533503,9.805198614059483,10
2533519,9.657823204048805,16
2533523,9.934579404002118,4
2533539,8.887059004629636,16
2533545,9.893963240518005,6
2533552,9.860339430831804,7
2533558,9.88519442876735,6
2533571,9.699272809002032,13
2533577,9.899052374193548,6
2533587,9.797676853297167,10
2533594,9.87586374397837,7
2533604,9.835232956928932,10
2533612,9.840034786022581,8
2533613,10.0,1
2533622,9.832260134751486,9
2533631,9.826945677697138,9
2533636,9.920472789026466,5
2533643,9.880590639276713,7
2533654,9.768690878745847,11
2533663,9.81763652769265,9
2533671,9.85984917350319,8
2533680,9.799555882032994,9
2533696,9.695554639377082,16
2533702,9.90157611175024,6
2533714,9.742843055228997,12
2533715,10.0,1
2533725,9.810820144044934,10
2533732,9.866939169260561,7
2533743,9.754256707251363,11
2533756,9.741506722431954,13
2533757,10.0,1
2533767,9.77927627320196,10
2533768,10.0,1
2533769,10.0,1
2533778,9.797000316925889,9
2533784,9.90388737724746,6
2533796,9.71762696654747,12
2533803,9.865452905425073,7
2533810,9.862744395295584,7
2533811,10.0,1
2533821,9.8010987290572,10
2533828,9.873668458524223,7
2533834,9.894488348070501,6
2533848,9.738145053555796,14
2533862,9.684528423894452,14
2533871,9.843938911778467,9
2533874,9.959566733756077,3
2533886,9.73735237124732,12
2533902,9.674550364957426,16
2533903,10.0,1
2533914,9.754545719070219,11
2533924,9.805112611872957,10
2533927,9.955218286969481,3
2533928,9.993068912605848,1
2533930,9.98480352059606,2
2533938,9.87676195418967,8
2533941,9.948280536815203,3
2533955,9.673748652997432,14
2533966,9.773508545414858,11
2533969,9.966379150667818,3
2533975,9.903947522994502,6
2533979,9.934030023397709,4
2533994,9.671801904939567,15
2534003,9.803598084515805,9
2534010,9.86459730659063,7
2534022,9.71278244666406,12
2534026,9.932565797630764,4
2534031,9.912156295089773,5
2534043,9.769385555111457,12
2534056,9.709261045818014,13
2534058,9.779622608611895,2
2534068,9.669594352237608,10
2534078,9.750935552310851,10
2534091,9.720739211682767,13
2534104,9.691604360057502,13
2534105,10.0,1
2534112,9.866487054892058,7
2534124,9.738514812677634,12
2534130,9.903500272819572,6
2534137,9.877501952937246,7
2534149,9.750620417947022,12
2534161,9.751123485863157,12
2534162,10.0,1
2534170,9.816583007245416,8
2534183,9.74503275105705,13
2534193,9.815858655365531,10
2534194,10.0,1
2534208,9.684557270917846,14
2534218,9.774508779637483,10
2534224,9.8948457620394,6
2534234,9.792294496689447,10
2534241,9.856942851859129,7
2534252,9.816613238215787,11
2534263,9.775550020031496,11
2534272,9.808357716180053,9
2534283,9.750805498704628,11
2534288,9.921208649115103,5
2534289,10.0,1
2534292,9.956177120458785,3
2534303,9.760159173801435,11
2534308,9.931681688526185,5
2534319,9.768383368797483,11
2534331,9.752482487772316,12
2534341,9.788149165155277,10
2534350,9.814535535750814,9
2534365,9.717787548183784,15
2534378,9.747972681486722,13
2534383,9.908871519552966,5
2534393,9.684265663451484,10
2534408,9.657967382721932,15
2534412,9.946516513754927,4
2534413,10.0,1
2534417,9.947949857695752,4
2534423,9.892358749503195,6
2534432,9.816044507665366,9
2534442,9.808133769707991,10
2534453,9.764764299712773,11
2534460,9.846593653289041,7
2534474,9.705641648380041,14
2534480,9.892119493265412,6
2534498,9.595412493243199,18
2534507,9.744419997562753,9
2534510,9.961234175279799,3
2534526,9.634176941763185,16
2534527,9.987953588302744,1
2534532,9.909720779512943,5
2534539,9.868429951511931,7
2534550,9.7680761126443,11
2534551,10.0,1
2534564,9.733424073794424,13
2534574,9.79461676805428,10
2534584,9.786428373920597,10
2534590,9.897349632307337,6
2534596,9.894225319808218,6
2534607,9.768938157120425,11
2534616,9.822958751622432,9
2534628,9.737984929660694,12
2534633,9.923634098531952,5
2534645,9.729388340439879,12
2534652,9.870459554899286,7
2534661,9.843273640386169,9
2534662,10.0,1
2534669,9.859938328204942,7
2534680,9.777136930781891,11
2534688,9.856385924101044,8
2534692,9.947713975069757,4
2534698,9.901664805957855,6
2534705,9.886927909202427,7
2534706,10.0,1
2534714,9.826114225831896,8
2534731,9.545979389870867,17
2534742,9.723105135180116,11
2534755,9.729287841160236,13
2534756,10.0,1
2534769,9.71909353162389,13
2534785,9.73696936033533,16
2534796,9.771783676583917,11
2534801,9.910586881416378,5
2534803,9.976720078391322,2
2534804,10.0,1
2534815,9.793630268416319,11
2534819,9.932615324032513,4
2534832,9.699147746909624,13
2534833,10.0,1
2534841,9.827252035208598,8
2534854,9.69656709652824,13
2534864,9.78081910442882,10
2534865,10.0,1
2534868,9.957042376369184,3
2534874,9.908961466678601,6
2534875,10.0,1
2534880,9.895528866038157,5
2534885,9.936357666526161,5
2534893,9.844936790064633,8
2534894,10.0,1
2534906,9.777011784517335,12
2534908,9.971935097296809,2
2534920,9.78011488413417,12
2534927,9.882042687350417,7
2534928,9.987206078416863,1
2534935,9.854848350492553,7
2534946,9.757927955830363,11
2534964,9.647440342306615,18
2534970,9.892615630437925,6
2534971,9.988154083219799,1
2534972,10.0,1
2534976,9.928208661763955,4
2534984,9.842349774584198,8
2534985,10.0,1
2534990,9.918718401395015,5
2534999,9.795795357430578,9
2535017,9.623280390309839,18
2535023,9.899226422371468,6
2535033,9.790179151491651,10
2535043,9.791043242497379,10
2535048,9.910563783209781,5
2535050,9.975843672352443,2
2535059,9.841315249551071,9
2535070,9.775394180750068,11
2535082,9.746913598559834,12
2535091,9.837865694285748,9
2535092,10.0,1
2535100,9.824324903100617,8
2535106,9.912613044579782,6
2535108,9.971768352894825,2
2535124,9.661230957193805,16
2535136,9.742015853071651,12
2535146,9.79804610443908,10
2535159,9.716042896586751,13
2535160,10.0,1
2535161,10.0,1
2535162,10.0,1
2535170,9.8664793316054,8
2535177,9.869697056497111,7
2535189,9.742659998759935,12
2535196,9.858158114698535,7
2535205,9.60559609021071,9
2535221,9.644118873832404,16
2535231,9.792251813919577,10
2535244,9.740429666879002,13
2535249,9.903258072473147,5
2535256,9.866776784334562,7
2535257,10.0,1
2535263,9.910922508170202,6
2535264,10.0,1
2535273,9.859572814014852,9
2535280,9.872590366762036,7
2535282,9.980063414450775,2
2535292,9.79275303044379,10
2535302,9.820500397565459,10
2535313,9.793880342821728,11
2535323,9.760062209446112,10
2535334,9.76681829145476,11
2535347,9.686052911745852,13
2535356,9.8227235720393,9
2535365,9.819217652754443,9
2535372,9.878816434231624,7
2535373,10.0,1
2535380,9.883367923475872,7
2535394,9.519065170669217,14
2535403,9.815234405540725,9
2535404,10.0,1
2535414,9.788370346419477,10
2535425,9.77576199073335,11
2535426,10.0,1
2535438,9.718507453271146,12
2535450,9.372087254851433,12
2535462,9.769020304937143,12
2535467,9.91481069175705,5
2535468,10.0,1
2535471,9.949623055440558,3
2535474,9.961841369436208,3
2535475,10.0,1
2535480,9.930318209916509,5
2535490,9.799315439116125,10
2535499,9.823173641833716,9
2535511,9.737647388060108,12
2535521,9.802426298811968,10
2535537,9.660159249862097,16
2535542,9.928283448603365,5
2535554,9.744257375939753,12
2535557,9.949434222138857,3
2535561,9.937549547437014,4
2535563,9.975839075296244,2
2535564,10.0,1
2535573,9.835454579821693,9
2535582,9.841482280783696,9
2535583,10.0,1
2535589,9.896930812339441,6
2535593,9.946738773817419,4
2535596,9.964846563925697,3
2535607,9.765958738357055,11
2535619,9.532430720855125,12
2535623,9.92336582803185,4
2535626,9.9509620347035,3
2535628,9.979115995457406,2
2535635,9.88617996771541,7
2535646,9.751730187233635,11
2535648,9.979070569256617,2
2535654,9.883626756292447,6
2535655,10.0,1
2535667,9.663579536773101,12
2535682,9.695895489407471,15
2535693,9.760070363741637,11
2535702,9.822394811888136,9
2535710,9.85847278657786,8
2535722,9.739320546235733,12
2535729,9.871347157316373,7
2535743,9.68470124075366,14
2535745,9.97568050719589,2
2535748,9.963895348577566,3
2535756,9.834607297119328,8
2535768,9.784965617011837,12
2535773,9.90154493927784,5
2535775,9.985356831500438,2
2535783,9.852714774829984,8
2535788,9.902961126365453,5
2535799,9.761328476870753,11
2535806,9.886823440450954,7
2535819,9.706598195108745,13
2535839,9.490056256701013,20
2535847,9.830957903401998,8
2535850,9.95865603544706,3
2535864,9.711384843623025,14
2535869,9.92629647266682,5
2535888,9.624341628280614,19
2535897,9.837958151744592,9
2535917,9.547178734450677,20
2535931,9.741151402730702,14
2535939,9.833052230960101,8
2535946,9.886512956098999,7
2535951,9.928650407244039,5
2535958,9.567034328713849,7
2535967,9.818807037133526,9
2535971,9.940882456718931,4
2535985,9.68609402884621,14
2536003,9.293573379392514,18
2536009,9.889774457884737,6
2536017,9.877847831147497,8
2536034,9.671427303604567,17
2536042,9.871742832364044,8
2536052,9.788233300481286,10
2536055,9.950441259712411,3
2536065,9.794167835048889,10
2536071,9.890944139622675,6
2536080,9.822317553861026,9
2536096,9.64349314607388,16
2536106,9.8233595472142,10
2536107,10.0,1
2536118,9.769601171800721,11
2536129,9.75687501831377,11
2536150,9.524208606724429,21
2536157,9.864070752328193,7
2536165,9.762055346108129,8
2536170,9.92691225534334,5
2536185,9.672818446100017,15
2536198,9.69057847332154,13
2536201,9.9649750411183,3
2536204,9.959589127700605,3
2536207,9.972917142326017,3
2536218,9.766504246508855,11
2536219,10.0,1
2536227,9.86328912191985,8
2536229,9.97273819207833,2
2536243,9.680350035166814,14
2536260,9.587684785165479,17
2536266,9.888861757869417,6
2536274,9.856363966574929,8
2536277,9.967060501127037,3
2536280,9.962990963655887,3
2536286,9.903545464216156,6
2536288,9.979687801077258,2
2536302,9.709782785519735,14
2536318,9.620997818752672,16
2536328,9.814601013138853,10
2536337,9.797466549651213,9
2536351,9.746204081992568,14
2536360,9.79691243525554,9
2536361,9.99300711839299,1
2536367,9.898223056327867,6
2536381,9.67749462871813,14
2536383,9.979349516766137,2
2536397,9.700860170115574,14
2536398,10.0,1
2536410,9.738262083076556,12
2536419,9.826182916627928,9
2536426,9.87914597229002,7
2536433,9.880995224275829,7
2536434,10.0,1
2536447,9.735251301742586,13
2536455,9.871053034577384,8
2536462,9.86546659096182,7
2536468,9.899460023398415,6
2536480,9.772263571458454,12
2536481,10.0,1
2536495,9.693387005549564,14
2536505,9.799181163804764,10
2536516,9.753274534350032,11
2536522,9.877810456518224,6
2536530,9.833563528877196,8
2536541,9.764356179547542,11
2536551,9.79600958846669,10
2536565,9.697542288374107,14
2536572,9.860133116547075,7
2536578,9.902549030860294,6
2536586,9.837351801122232,8
2536595,9.817329674974474,9
2536604,9.820727790195136,9
2536613,9.7984116404046,9
2536620,9.87405715031299,7
2536631,9.757531031788368,11
2536636,9.915718047945314,5
2536645,9.809751571491155,9
2536653,9.834841519218953,8
2536661,9.83876469510445,8
2536665,9.935602466998745,4
2536681,8.779651122123969,16
2536695,9.759217172189025,14
2536701,9.897154152185596,6
2536718,9.674702359190503,17
2536723,9.916897347147051,5
2536729,9.888700770079831,6
2536730,10.0,1
2536744,9.669705958841476,14
2536745,10.0,1
2536757,9.755154675854051,12
2536769,9.757040498603295,12
2536778,9.813583580689885,9
2536789,9.743185812636641,11
2536800,9.776394093064148,11
2536812,9.738053915894142,12
2536823,9.74777696872257,11
2536824,10.0,1
2536832,9.866898591067338,8
2536841,9.621198846524189,9
2536853,9.56278636060746,12
2536867,9.698275224073601,14
2536883,9.631956296648118,16
2536892,9.836776661576069,9
2536893,10.0,1
2536898,9.928918788872632,5
2536899,10.0,1
2536901,9.978916278281222,2
2536908,9.882749195062454,7
2536920,9.740986410932042,12
2536934,9.732312427909894,14
2536950,9.622822012228974,16
2536962,9.717169157617668,12
2536974,9.730782109995884,12
2536985,9.764906222752344,11
2536986,10.0,1
2536996,9.847977576376547,10
2537005,9.83023284349194,9
2537019,9.709469021524011,14
2537041,9.53404912194405,22
2537045,9.951234749645472,4
2537051,9.893548525031667,6
2537061,9.81720369958638,10
2537078,9.416110111674191,17
2537088,9.810697310263713,10
2537096,9.871354889894187,8
2537106,9.663719358441623,10
2537110,9.95217061347606,4
2537118,9.634778424721443,8
2537126,9.843635328823147,8
2537132,9.892061672663397,6
2537136,9.92661165994991,4
2537140,9.939375909661226,4
2537150,9.772064449638643,10
2537157,9.876806355806826,7
2537162,9.922718639355606,5
2537172,9.775029953859454,10
2537177,9.920406980755038,5
2537184,9.866471515144008,7
2537193,9.801818838444543,9
2537196,9.95340149260517,3
2537208,9.771893025255874,12
2537232,9.41926426157576,24
2537241,9.823550604151139,9
2537242,10.0,1
2537255,9.734295428807942,13
2537268,9.49287497132486,13
2537277,9.872524454998858,9
2537282,9.71204224233301,5
2537285,9.966448941437223,3
2537286,10.0,1
2537292,9.898522881072726,6
2537302,9.809861969944661,10
2537313,9.763157379312274,11
2537321,9.859105008367163,8
2537329,9.864470899676745,8
2537339,9.812148169065974,10
2537340,10.0,1
2537345,9.910299775405099,5
2537356,9.762195433951792,11
2537367,9.744574721075919,11
2537385,9.597715488690731,18
2537400,9.664667733749214,15
2537406,9.890008057570268,6
2537409,9.960200149758666,3
2537422,9.707493659203305,13
2537427,9.904985129726969,5
2537434,9.564361053529877,7
2537450,9.626102831180086,16
2537453,9.961218202427665,3
2537467,9.721401977008014,14
2537468,9.996271120949594,1
2537478,9.791265375750028,10
2537499,9.517251832207592,21
2537500,10.0,1
2537512,9.704443800365095,12
2537518,9.895706804989597,6
2537534,9.656933208589985,16
2537541,9.857482533091787,7
2537549,9.877761603176834,8
2537559,9.782107216827,10
2537568,9.821387070780304,9
2537585,9.642156225483848,17
2537595,9.773812013973163,10
2537605,9.806194441011282,10
2537622,9.64490757660962,17
2537627,9.924506907041653,5
2537629,9.975854810629357,2
2537635,9.877697898332617,6
2537637,9.983954421293069,2
2537642,9.929779588079525,5
2537658,9.660868768323935,16
2537662,9.926854206084663,4
2537671,9.834263435351508,9
2537672,10.0,1
2537686,9.694305446510254,14
2537693,9.853234774876551,7
2537699,9.920065550163962,6
2537705,9.874679769001215,6
2537709,9.940495230948008,4
2537716,9.890136366752659,7
2537725,9.803834751273596,9
2537732,9.872650674554459,7
2537742,9.804757237726111,10
2537757,9.667614655905759,15
2537764,9.877185385984733,7
2537770,9.880962151191929,6
2537775,9.91725921103175,5
2537784,9.621199052007226,9
2537789,9.93196866658842,5
2537790,10.0,1
2537794,9.941321583401823,4
2537801,9.878917838825265,7
2537820,9.253854016710903,19
2537827,9.877010133893695,7
2537836,9.822098520832187,9
2537847,9.767464401299247,11
2537848,10.0,1
2537858,9.79553072801861,10
2537861,9.96472077355803,3
2537868,9.848054225208239,7
2537871,9.952613583965094,3
2537872,10.0,1
2537878,9.886619560588088,6
2537888,9.791747431611162,10
2537904,9.698158566356577,16
2537907,9.966996269168444,3
2537918,9.753702924948493,11
2537927,9.806209864053292,9
2537934,9.86590280130475,7
2537935,9.99632741885212,1
2537943,9.887352347033287,8
2537947,9.937356297505826,4
2537950,9.952287947759164,3
2537959,9.801358861650902,9
2537961,9.976572095033651,2
2537967,9.887980526480765,6
2537973,9.888464050196495,6
2537982,9.607751830671228,9
2537993,9.786919979876957,11
2538006,9.738950887844016,13
2538017,9.767499479400517,11
2538030,9.699232161203598,13
2538038,9.840903472765564,8
2538039,10.0,1
2538041,9.974471972924814,2
2538050,9.83940291937685,9
2538061,9.749535602175152,11
2538062,10.0,1
2538072,9.793481185693619,10
2538079,9.88764356300122,7
2538087,9.860792729556152,8
2538096,9.804857381961817,9
2538097,10.0,1
2538098,9.989171161661497,1
2538109,9.758116668196077,11
2538115,9.914289703585903,6
2538120,9.930833682484252,5
2538121,10.0,1
2538128,9.867873544079233,7
2538137,9.805728788135283,9
2538149,9.777135635626394,12
2538154,9.91173007895472,5
2538167,9.788137634003945,13
2538168,10.0,1
2538174,9.871096213398864,6
2538186,9.732861078062042,12
2538203,9.596011813283223,17
2538211,9.855778371951917,8
2538215,9.954619161912719,4
2538225,9.782977797309433,10
2538231,9.910281423489753,6
2538247,9.626743158134051,16
2538254,9.87191532412029,7
2538255,10.0,1
2538260,9.91521386477147,5
2538273,9.697267802697601,13
2538282,9.835598453294986,9
2538283,10.0,1
2538289,9.89617150433714,6
2538303,9.662070034830737,14
2538318,9.703707598240232,15
2538330,9.779472777828923,12
2538341,9.794381894213487,11
2538353,9.758854906958149,12
2538361,9.84404192699242,8
2538376,9.64086114634607,15
2538381,9.922411274170702,5
2538394,9.716211698634906,13
2538408,9.712445609926792,14
2538414,9.898046441895543,6
2538428,9.651143134409816,14
2538435,9.883494436255463,7
2538444,9.836308124514694,9
2538448,9.937372274590897,4
2538454,9.918112390674024,6
2538464,9.807844026380687,10
2538471,9.86958962132608,7
2538483,9.642365203635332,12
2538496,9.717999597259931,13
2538504,9.869475684873073,8
2538506,9.98293042796749,2
2538507,10.0,1
2538520,9.759889904833143,13
2538532,9.733902244630077,12
2538536,9.938482944620183,4
2538545,9.79894979828579,9
2538550,9.927102039914246,5
2538560,9.789616485265013,10
2538566,9.89266316215383,6
2538578,9.728100457410328,12
2538591,9.518814985262871,13
2538600,9.82760506200327,9
2538615,9.637608522217892,15
2538624,9.811889666249728,9
2538640,9.684318139525061,16
2538655,9.64738888334579,15
2538656,9.988902330332811,1
2538660,9.932047876690143,4
2538671,9.756466629492504,11
2538680,9.818724332107864,9
2538681,9.996156729742005,1
2538694,9.73111873110007,13
2538697,9.958795651453727,3
2538700,9.950267870096026,3
2538709,9.827070803917993,9
2538716,9.875128864649621,7
2538717,10.0,1
2538718,10.0,1
2538726,9.837380949158227,8
2538727,10.0,1
2538730,9.961045318222284,3
2538733,9.970362642281414,3
2538738,9.908704444153683,5
2538742,9.84539704002018,4
2538759,9.601297258875789,17
2538766,9.864046315685453,7
2538781,9.659409158771542,15
2538788,9.869396986498224,7
2538803,9.65717880228634,15
2538815,9.700767018231105,12
2538829,9.675952323882072,14
2538832,9.95072882070459,3
2538839,9.859739938635732,7
2538848,9.817230845806158,9
2538849,9.993073920133922,1
2538852,9.962362914388356,3
2538859,9.886552579378101,7
2538865,9.881175635134376,6
2538868,9.949613217031876,3
2538886,9.649738947601472,18
2538887,10.0,1
2538918,9.418403196960666,31
2538968,9.010628350944646,50
2538984,9.617630825510053,16
2538991,9.86270660739797,7
2539001,9.827043630369118,10
2539002,10.0,1
2539004,9.976539821134581,2
2539005,10.0,1
2539012,9.880959826045459,7
2539018,9.91635472944968,6
2539029,9.668483261801079,11
2539041,9.750521421582727,12
2539048,9.874469405265913,7
2539068,9.529451475792591,20
2539084,9.67282716713725,16
2539088,9.946990054767692,4
2539089,10.0,1
2539096,9.781117347922068,7
2539102,9.89633605537262,6
2539113,9.763131531709268,11
2539121,9.852705859630992,8
2539134,9.700099611924724,13
2539149,9.675549310188487,15
2539165,9.645979941083763,16
2539184,9.63617637676279,19
2539186,9.973280670241902,2
2539197,9.771565917849983,11
2539205,9.86411327573128,8
2539215,9.793791696138365,10
2539216,10.0,1
2539224,9.834511731492837,8
2539225,10.0,1
2539234,9.793009422940104,9
2539240,9.889081735748974,6
2539241,10.0,1
2539251,9.800675787974402,10
2539261,9.796115751168069,10
2539266,9.913546442955763,5
2539284,9.616051137778944,18
2539294,9.813617910943872,10
2539298,9.938473255722883,4
2539306,9.831693167581165,8
2539313,9.88704659538097,7
2539317,9.923594638371826,4
2539333,9.655010501092807,16
2539344,9.787327130189674,11
2539353,9.825238211963796,9
2539368,9.644269741835123,15
2539371,9.962416248040277,3
2539385,9.710750773286637,14
2539386,10.0,1
2539389,9.95996102615888,3
2539401,9.78013938621336,12
2539408,9.572074745237675,7
2539410,9.983113261530018,2
2539419,9.795301919866807,9
2539436,9.612809035495337,17
2539452,9.605787353867866,16
2539455,9.971403942350245,3
2539461,9.894434677243863,6
2539469,9.859076260059942,8
2539478,9.81512545402997,9
2539485,9.89716283663203,7
2539495,9.791420024067115,10
2539496,10.0,1
2539497,10.0,1
2539501,9.945766867142336,4
2539510,9.81832895439852,9
2539514,9.926503810388407,4
2539518,9.954307370840038,4
2539524,9.885445423047365,6
2539534,9.799160000739592,10
2539537,9.967665231145126,3
2539554,9.69322191643703,17
2539560,9.879724530068382,6
2539564,9.928881545800508,4
2539565,10.0,1
2539569,9.94582206720892,4
2539584,9.679895607568904,15
2539594,9.789284752593627,10
2539603,9.82580195593184,9
2539604,10.0,1
2539605,10.0,1
2539619,9.677919788961217,14
2539622,9.95544758423014,3
2539634,9.730926299193174,12
2539643,9.841327934392366,9
2539648,9.923481693998388,5
2539661,9.732835976083063,13
2539664,9.951215483754357,3
2539678,9.700304776023694,14
2539689,9.772332412247033,11
2539703,9.756480174578423,14
2539717,9.681881899929474,14
2539718,10.0,1
2539725,9.874870146937578,7
2539736,9.757897148863508,11
2539743,9.890501875091989,7
2539754,9.797975857171481,11
2539768,9.693425229559306,14
2539774,9.889853961496485,6
2539783,9.860532702440794,9
2539793,9.771217312578056,10
2539803,9.816399859761253,10
2539809,9.900843047347553,6
2539819,9.779206436264591,10
2539830,9.789028923022986,11
2539834,9.945152005228433,4
2539846,9.726512071908482,12
2539866,9.067960002460413,20
2539869,9.967887406394448,3
2539875,9.898600706186876,6
2539881,9.90897075276093,6
2539891,9.772386266958437,10
2539904,9.732619111060089,13
2539911,9.877081679681332,7
2539917,9.879727696159271,6
2539935,9.256132148179903,18
2539948,9.734201454011508,13
2539962,9.679905310885443,14
2539969,9.871913302367753,7
2539970,10.0,1
2539982,9.758317015686863,12
2539996,9.67306510585379,14
2540009,9.724797019424003,13
2540019,9.793768608513975,10
2540022,9.961138741472833,3
2540029,9.861002366108984,7
2540037,9.83266384908293,8
2540042,9.92798819737242,5
2540052,9.807054355727852,10
2540053,10.0,1
2540056,9.949772749864351,3
2540065,9.80879742281553,9
2540075,9.81164667374337,10
2540084,9.806030170834932,9
2540094,9.808503996582871,10
2540102,9.83629241754267,8
2540118,9.689854757083388,16
2540133,9.676042430318594,15
2540144,9.768795573022759,11
2540155,9.73722475569989,11
2540166,9.779822852410861,11
2540173,9.852730752491329,7
2540183,9.79351295065174,10
2540184,10.0,1
2540200,9.652972315122733,16
2540215,9.676126442854715,15
2540229,9.679945163241173,14
2540231,9.979183510442617,2
2540235,9.948675275565765,4
2540242,9.87487240622445,7
2540253,9.778683065468652,11
2540259,9.887397518540627,6
2540272,9.716150408540015,13
2540283,9.748183935327486,11
2540296,9.711142690600258,13
2540299,9.961890622890941,3
2540310,9.745434029279703,11
2540311,10.0,1
2540320,9.82156894190352,9
2540331,9.778432687844294,11
2540340,9.822715887670252,9
2540344,9.934994565282665,4
2540363,7.247018740982173,19
2540372,9.806476506891961,9
2540376,9.948776678926722,4
2540388,9.756229748032867,12
2540409,9.54107413503815,21
2540420,9.744896684398636,11
2540434,9.698536433185705,14
2540452,9.429431940691458,18
2540463,9.771505088922241,11
2540474,9.7872618338239,11
2540487,9.748659830829997,13
2540498,9.751548454872308,11
2540512,9.683318999871087,14
2540524,9.73311393401427,12
2540529,9.923979360360319,5
2540540,9.810602837582989,11
2540550,9.824977033401451,10
2540560,9.833502691538225,10
2540570,9.801633817781935,10
2540587,9.603484676901191,17
2540592,9.921120289679603,5
2540598,9.917297616052748,6
2540609,9.768375176428032,11
2540623,9.682574107429268,14
2540627,9.94060632838109,4
2540641,9.669083078796637,14
2540642,10.0,1
2540650,9.84737535466659,8
2540654,9.935007140043654,4
2540659,9.91378889737791,5
2540666,9.871240529121657,7
2540674,9.851283946202617,8
2540680,9.887027630915462,6
2540684,9.948718561639556,4
2540687,9.954410627525528,3
2540694,9.89705343038415,7
2540710,9.695510819818507,16
2540721,9.782539964804135,11
2540739,9.583761379058162,18
2540743,9.945598333637584,4
2540756,9.709107597572222,13
2540760,9.952667553745902,4
2540761,10.0,1
2540769,9.861089369942931,8
2540780,9.477943130109555,11
2540793,9.687459120965572,13
2540799,9.907900939188503,6
2540802,9.969718348803998,3
2540811,9.826223192550367,9
2540819,9.836671324639415,8
2540830,9.792435898383095,11
2540836,9.891386414667297,6
2540851,9.641961975187662,15
2540857,9.90333483336971,6
2540868,9.800223514039693,11
2540873,9.91038790412517,5
2540900,9.360304875862871,27
2540902,9.978152843901293,2
2540910,9.839698783791896,8
2540921,9.747743459504818,11
2540922,10.0,1
2540929,9.86826059519003,7
2540944,9.699546032350957,15
2540953,9.83524121894269,9
2540971,9.576085349605341,18
2540980,9.80597589364412,9
2540991,9.779084805868072,11
2541000,9.831068963875646,9
2541006,9.882444288223267,6
2541018,9.740148453649972,12
2541029,9.760606986352347,11
2541041,9.734286907939628,12
2541066,9.407737604181188,25
2541073,9.879883521311472,7
2541086,9.755244336391828,13
2541104,9.586106330576461,18
2541111,9.892638021946054,7
2541120,9.80851783494377,9
2541122,9.97130861917367,2
2541129,9.872558988233731,7
2541144,9.661649122217677,15
2541155,9.772614570549791,11
2541156,9.992973750949721,1
2541173,9.56583777957423,17
2541181,9.855776425450985,8
2541192,9.771201844084526,11
2541197,9.91424131498063,5
2541214,9.650264005731715,17
2541223,9.810277087233477,9
2541234,9.747390473347552,11
2541242,9.841818369398908,8
2541251,9.825151404799723,9
2541259,9.84404375626577,8
2541270,9.804021917725077,11
2541287,9.631000682462494,17
2541296,9.843369625938076,9
2541312,9.657071594031871,16
2541318,9.89693920885796,6
2541330,9.717842229047129,12
2541342,9.74573033359312,12
2541353,9.778245244154082,11
2541364,9.794596115927389,11
2541365,10.0,1
2541367,9.968677401439626,2
2541374,9.863219441953644,7
2541377,9.958612181885622,3
2541382,9.921506426261747,5
2541384,9.986811019737884,2
2541396,9.75892149863052,12
2541409,9.720036083805141,13
2541424,9.689936895733878,15
2541426,9.969409449306625,2
2541430,9.951964147939295,4
2541443,9.73110128385355,13
2541447,9.943575029496925,4
2541452,9.920706875345127,5
2541463,9.779964578519058,11
2541474,9.787625227294079,11
2541484,9.832045529021196,10
2541495,9.754217632278358,11
2541500,9.912585820004464,5
2541511,9.760376765964594,11
2541512,10.0,1
2541516,9.940533382974863,4
2541523,9.882296537582754,7
2541533,9.820593027020307,10
2541534,9.992800868721464,1
2541539,9.916162904500329,5
2541549,9.805263389272778,10
2541560,9.774110332359463,11
2541575,9.692729823565127,15
2541577,9.980381315589774,2
2541581,9.940911423723108,4
2541594,9.690983553441123,13
2541615,9.283682783560028,21
2541620,9.923549022524453,5
2541626,9.906980145541208,6
2541627,10.0,1
2541634,9.888501441345962,7
2541638,9.935828637888218,4
2541643,9.906424796667796,5
2541652,9.818020544088348,9
2541662,9.816859805512188,10
2541674,9.728723148841071,12
2541695,9.559904554531979,21
2541707,9.759497656426364,12
2541714,9.848121180340122,7
2541721,9.869006537486346,7
2541728,9.855455990678935,7
2541729,10.0,1
2541735,9.898719264373472,6
2541746,9.743320988707916,11
2541752,9.883468452396178,6
2541767,9.650186381100582,15
2541782,9.738227096934018,15
2541788,9.885675941540862,6
2541792,9.94812464782718,4
2541797,9.926822093817007,5
2541808,9.769559443546148,11
2541813,9.919297126984716,5
2541827,9.706822043879471,14
2541838,9.76011873008314,11
2541850,9.758690809779122,12
2541860,9.793318813326724,10
2541877,9.610544092273328,17
2541878,10.0,1
2541879,10.0,1
2541889,9.798981571784477,10
2541893,9.935840373126977,4
2541900,9.870201748331757,7
2541909,9.802877668631206,9
2541913,9.950660564354886,4
2541924,9.59846407983695,11
2541938,8.823540437595268,14
2541942,9.934855262915125,4
2541950,9.869911663740304,8
2541954,9.94242622924201,4
2541966,9.563698917302375,12
2541978,9.743958571628212,12
2541992,9.670201904378402,14
2541997,9.915380955736264,5
2542013,9.44816513102821,16
2542016,9.95124434206471,3
2542030,9.675448368254315,14
2542039,9.81581640275678,9
2542044,9.915175649927566,5
2542052,9.848236051409723,8
2542066,9.712691420306198,14
2542075,9.827437221707862,9
2542081,9.896927366864878,6
2542090,9.786460117416173,9
2542101,9.765608277850419,11
2542102,10.0,1
2542103,10.0,1
2542112,9.809309094830592,9
2542118,9.917565295455276,6
2542124,9.914742131385939,6
2542131,9.842203607530623,7
2542140,9.822110576962372,9
2542153,9.710315837293019,13
2542162,9.833303276432222,9
2542174,9.305401406380762,12
2542181,9.877502193057401,7
2542204,9.544367058263433,23
2542210,9.897065372808271,6
2542219,9.838589010257047,9
2542233,9.721513292890338,14
2542253,9.518412057692682,20
2542262,9.828119245104478,9
2542273,9.768017882439477,11
2542279,9.900181762817875,6
2542293,9.684229659183517,14
2542306,9.734964195012743,13
2542307,9.988128717684221,1
2542315,9.842312656070087,8
2542321,9.906260454720133,6
2542324,9.962353047343477,3
2542325,9.992724458858207,1
2542330,9.91642730621741,5
2542336,9.903057775133153,6
2542345,9.817516633181501,9
2542352,9.867285552734144,7
2542360,9.831383578191101,8
2542361,10.0,1
2542383,9.570539552591296,22
2542410,9.37795534985629,27
2542418,9.86380109599817,8
2542425,9.861249215350067,7
2542435,9.80548232177425,10
2542442,9.884450954941116,7
2542450,9.83111442514493,8
2542461,9.757840542324619,11
2542473,9.718210233624632,12
2542486,9.70491394001433,13
2542495,9.828934243103905,9
2542505,9.784780518528347,10
2542515,9.783082895369855,10
2542567,8.990229221804402,52
2542576,9.797968043492114,9
2542581,9.922366405886864,5
2542582,10.0,1
2542585,9.961279590321928,3
2542590,9.91712927707011,5
2542604,9.68922996672401,14
2542608,9.943539266648598,4
2542621,9.719373259787865,13
2542631,9.830488922459294,10
2542640,9.832793316930239,9
2542650,9.835028862613765,10
2542659,9.843405188664192,9
2542669,9.839644509608974,10
2542675,9.892394963594164,6
2542687,9.7436391724818,12
2542698,9.79080847494017,11
2542711,9.690498757868493,13
2542713,9.972347530968467,2
2542720,9.877323317903993,7
2542733,9.605902955519412,13
2542741,9.841975026727805,8
2542756,9.660594195434275,15
2542771,9.655479493269073,15
2542780,9.800355821766995,9
2542787,9.864723912930863,7
2542791,9.942895678812546,4
2542797,9.893523913045723,6
2542803,9.890208390766405,6
2542819,9.62244053567676,16
2542843,7.7541685033482635,24
2542850,9.872629505174533,7
2542862,9.657724607853117,12
2542878,9.551651825954465,16
2542887,9.824017302874818,9
2542893,9.704987877994462,6
2542898,9.909530414785058,5
2542911,9.708224492666297,13
2542925,9.721958597490302,14
2542936,9.78632690571492,11
2542947,9.788111129959795,11
2542959,9.739534087870176,12
2542978,9.572750568893206,19
2542990,9.735320885751776,12
2543003,9.682242684184935,13
2543018,9.667226375637915,15
2543026,9.865619779559479,8
2543028,9.976010850153054,2
2543034,9.874966300302027,6
2543046,9.736513876539528,12
2543057,9.745009278625004,11
2543066,9.82513113463911,9
2543071,9.909059545248736,5
2543080,9.818301874714486,9
2543089,9.815403818316659,9
2543100,9.809555855803527,11
2543101,9.987319053939922,1
2543113,9.725255913407716,12
2543114,10.0,1
2543125,9.770751082081068,11
2543136,9.764659702668498,11
2543150,9.742465031779536,14
2543158,9.839173560570142,8
2543171,9.724392375872462,13
2543184,9.735620558332837,13
2543197,9.724032595901548,13
2543201,9.947397219493796,4
2543210,9.819769942875295,9
2543215,9.924237733480677,5
2543221,9.919240115069995,6
2543231,9.808402028984416,10
2543248,9.505668858380107,17
2543267,9.539542826758261,19
2543272,9.924842274912214,5
2543284,9.767854303841338,12
2543295,9.666940820643385,11
2543316,9.565523931532752,21
2543322,9.880865450447219,6
2543329,9.871294341042491,7
2543330,10.0,1
2543348,9.595404536021444,18
2543362,9.706564577111685,14
2543378,9.591442011168128,16
2543384,9.90391820930419,6
2543385,9.98887579843853,1
2543392,9.875304116252526,7
2543403,9.767958343664436,11
2543407,9.929239953447894,4
2543411,9.943187268275002,4
2543430,9.574767820042219,19
2543443,9.692797219659235,13
2543459,9.636633948224244,16
2543470,9.793248520916595,11
2543476,9.88188153331406,6
2543485,9.80753005991768,9
2543494,9.732654451897865,9
2543504,9.773056521041276,10
2543516,9.765864846332947,12
2543525,9.3569870207693,9
2543531,9.903716180434722,6
2543537,9.896941607852606,6
2543545,9.831891670846758,8
2543555,9.77299048089573,10
2543563,9.840703314216764,8
2543567,9.847682017238672,4
2543579,9.73041868403474,12
2543583,9.932878734928751,4
2543595,9.767220813991539,12
2543598,9.96767472910505,3
2543604,9.897236115110456,6
2543618,9.676724559891163,14
2543630,9.776893843934394,12
2543639,9.85101383288202,9
2543646,9.872089933784212,7
2543650,9.944738239416761,4
2543657,9.883791015251914,7
2543659,9.974782591731579,2
2543666,9.863419782027544,7
2543687,9.559220792687732,21
2543688,10.0,1
2543699,9.7628095214569,11
2543708,9.85580337174863,9
2543717,9.849861555268287,9
2543724,9.85994061036089,7
2543725,9.990099413837948,1
2543737,9.76695312308243,12
2543743,9.901905797727492,6
2543744,10.0,1
2543746,9.98482615923948,2
2543763,9.61552619728556,17
2543776,9.706236524569663,13
2543777,10.0,1
2543792,9.665911539407443,15
2543799,9.849761277150686,7
2543803,9.945086464659328,4
2543810,9.886827083789587,7
2543811,10.0,1
2543820,9.832192215060333,9
2543833,9.694812479474713,13
2543834,9.992586533050874,1
2543843,9.816634249785482,9
2543855,9.752252694176917,12
2543856,9.988587505570003,1
2543866,9.811485730149228,10
2543874,9.86672752246081,8
2543881,9.890538255079438,7
2543883,9.974820679452534,2
2543894,9.762179591083886,11
2543907,9.729181613007322,13
2543917,9.80783719565407,10
2543930,9.71928330854554,13
2543947,9.592762187225075,17
2543960,9.718363652643678,13
2543971,9.793555828968016,11
2543982,9.763656356776215,11
2543986,9.948572154506106,4
2543997,9.759598114447535,11
2544004,9.886339103909426,7
2544005,10.0,1
2544009,9.93833938758111,4
2544022,9.715098030792484,13
2544024,9.984251363853339,2
2544040,9.643200952007666,16
2544050,9.780302883463762,10
2544051,10.0,1
2544063,9.733628682209362,12
2544078,9.674284423862932,15
2544082,9.924747215313271,4
2544083,10.0,1
2544097,9.723495183809838,14
2544110,9.722335473866059,13
2544113,9.949794064372082,3
2544119,9.902380013342405,6
2544122,9.949026597971276,3
2544130,9.83348204105662,8
2544137,9.873916536957553,7
2544146,9.824678463343284,9
2544147,9.996021013700174,1
2544148,9.98855248287555,1
2544162,9.667708675695776,14
2544178,9.692634979005456,16
2544182,9.94133633006489,4
2544191,9.83742275606642,9
2544201,9.814914135035464,10
2544204,9.951315674514838,3
2544213,9.820922046383345,9
2544217,9.946617064766015,4
2544218,10.0,1
2544232,9.713204413976031,14
2544236,9.93422231340583,4
2544250,9.496796087980258,14
2544266,9.626375968986045,16
2544278,9.72270481450607,12
2544291,9.755327987100877,13
2544294,9.969762022651597,3
2544304,9.778052867567894,10
2544322,9.634827465089296,18
2544327,9.922444121932084,5
2544336,9.833751846083077,9
2544350,9.765170513558479,14
2544357,9.877331045443682,7
2544369,9.745384555127195,12
2544381,9.756189333726859,12
2544382,9.99222455859131,1
2544396,9.711932428143939,14
2544412,9.600195411856038,16
2544419,9.885118712726607,7
2544421,9.982294257060465,2
2544436,9.66704840255999,15
2544447,9.771759727537017,11
2544456,9.82650742141701,9
2544467,9.672736904332531,11
2544476,9.838459829868478,9
2544485,9.812707842193076,9
2544486,10.0,1
2544497,9.575144988453307,11
2544502,9.922480696669545,5
2544505,9.958261712988909,3
2544515,9.783506071590054,10
2544527,9.738295242400708,12
2544540,9.706753752245108,13
2544554,9.666827488517905,14
2544563,9.854940035209252,9
2544575,9.73392862894529,12
2544576,10.0,1
2544588,9.73731501960204,12
2544594,9.889565208529215,6
2544604,9.7782491646384,10
2544606,9.970701204093245,2
2544608,9.969648923913702,2
2544610,9.978608303162364,2
2544618,9.833947921213896,8
2544620,9.977211276342805,2
2544629,9.838255777080507,9
2544645,9.655133173274006,16
2544648,9.965710683959992,3
2544652,9.943859806205301,4
2544665,9.70215667964549,13
2544676,9.7696330955759,11
2544683,9.856793131566162,7
2544690,9.87035152162336,7
2544700,9.82609040257331,10
2544713,9.715117238775697,13
2544719,9.895093055467038,6
2544728,9.831402151142468,9
2544729,10.0,1
2544750,9.5991397764597,21
2544760,9.782797725642652,10
2544768,9.820457866199211,8
2544778,9.787644971300406,10
2544783,9.914318667117444,5
2544794,9.78126981920353,11
2544804,9.679793368218094,10
2544812,9.867524560748969,8
2544813,10.0,1
2544825,9.74611497336079,12
2544829,9.934239934244948,4
2544830,10.0,1
2544833,9.965911070093401,3
2544840,9.845731307514383,7
2544846,9.886810652785362,6
2544847,9.988136653916037,1
2544851,9.937495213455872,4
2544864,9.738416140128326,13
2544873,9.80257200575585,9
2544874,9.993039396588124,1
2544880,9.901807885609488,6
2544882,9.98189988558827,2
2544890,9.858625776967763,8
2544925,9.347569403855301,35
2544933,9.84414542870552,8
2544936,9.96529403547405,3
2544948,9.7707619862508,12
2544949,10.0,1
2544952,9.957458036948895,3
2544968,9.66809886891476,16
2544971,9.960573855902044,3
2544983,9.750405061599587,12
2544995,9.750493714649691,12
2545003,9.86125554530005,8
2545013,9.818547089110323,10
2545020,9.891372477770478,7
2545033,9.780084305103783,13
2545038,9.932387910204568,5
2545047,9.832510391775784,9
2545057,9.816688477542789,10
2545072,9.726075930890472,15
2545083,9.768034283508019,11
2545092,9.831460505705751,9
2545095,9.950535934234122,3
2545111,9.624943446871221,16
2545125,9.696026706711345,14
2545132,9.874702692590187,7
2545147,9.685099681202484,15
2545153,9.880599503606208,6
2545159,9.88601805960232,6
2545166,9.870245052703556,7
2545171,9.918514585895835,5
2545181,9.834976215007847,10
2545196,9.632475161923598,15
2545205,9.81801794214409,9
2545208,9.959460339273985,3
2545220,9.737337901045125,12
2545234,9.702217232547255,14
2545236,9.977046818564691,2
2545252,9.630835057969552,16
2545260,9.850516029091242,8
2545271,9.789503128029338,11
2545272,9.992280535360381,1
2545283,9.783688099024143,11
2545296,9.734918154169097,13
2545308,9.753334695620865,12
2545311,9.949126700217828,3
2545322,9.761846928136032,11
2545326,9.949781540584244,4
2545329,9.958783500504552,3
2545336,9.862640581634807,7
2545343,9.88027766556701,7
2545349,9.876384061946522,6
2545358,9.836054957270875,9
2545368,9.80158168722995,10
2545377,9.820344305745197,9
2545380,9.969885657765676,3
2545389,9.804545415811454,9
2545399,9.788410045511476,10
2545410,9.793513424995565,11
2545425,9.669726972831812,15
2545429,9.932582638991892,4
2545440,9.759608753107583,11
2545449,9.836366889399349,9
2545462,9.734643526430691,13
2545467,9.915752912922224,5
2545468,9.99677010761291,1
2545469,10.0,1
2545476,9.88417983367071,7
2545477,10.0,1
2545484,9.876570506912032,7
2545491,9.880116477753184,7
2545501,9.821343960538975,10
2545509,9.85087261373932,8
2545525,9.760270906020503,16
2545532,9.87268861033606,7
2545537,9.909956194354807,5
2545546,9.818974107332727,9
2545555,9.828800532163319,9
2545558,9.950929124558513,3
2545570,9.740235921384777,12
2545583,9.710498166073126,13
2545604,9.563183353285588,21
2545607,9.96674898193233,3
2545616,9.804431921529542,9
2545623,9.885342490304627,7
2545627,9.934441407648453,4
2545638,9.74839602467367,11
2545649,9.76191019062714,11
2545650,9.99318317742067,1
2545663,9.69866094486672,13
2545671,9.861298432105388,8
2545686,9.643185719195149,15
2545695,9.820209778896,9
2545704,9.839204541456034,9
2545717,9.717344129259715,13
2545721,9.944387927091547,4
2545735,9.67430068097814,14
2545745,9.800390310552688,10
2545753,9.856303606844888,8
2545756,9.954220583316122,3
2545766,9.18221128656596,10
2545770,9.949617856903954,4
2545771,10.0,1
2545778,9.875979078476389,7
2545791,9.698325406621864,13
2545800,9.832807476096788,9
2545819,9.546925345386471,19
2545837,9.604360410779927,18
2545841,9.928837925906407,4
2545849,9.877853777415083,8
2545856,9.87764790705396,7
2545863,9.898874038576585,7
2545864,10.0,1
2545868,9.934232718815961,4
2545876,9.874564281365402,8
2545881,9.91268912989715,5
2545888,9.849380439981768,7
2545892,9.955944900689232,4
2545902,9.798978018256511,10
2545917,9.688586231247271,15
2545925,9.851846499355162,8
2545935,9.812567550388906,10
2545946,9.753616547030923,11
2545953,9.863524320768748,7
2545956,9.955389295471475,3
2545969,9.717553335564638,13
2545972,9.952809546277043,3
2545973,10.0,1
2545974,10.0,1
2545976,9.985687268830853,2
2545987,9.78027361830738,11
2545992,9.909880109135635,5
2545996,9.932958136235884,4
2545999,9.964782240727743,3
2546004,9.915544786736987,5
2546009,9.926475550592993,5
2546017,9.840721404252454,8
2546034,9.59546287895599,17
2546036,9.968350262576903,2
2546042,9.89627662720658,6
2546055,9.68339687411751,13
2546066,9.743430304094343,11
2546071,9.90889191995229,5
2546078,9.886346296179324,7
2546083,9.911453360068307,5
2546098,9.655886869002137,15
2546101,9.948150770553957,3
2546107,9.882441743666648,6
2546115,9.844002187767504,8
2546128,9.713978690854661,13
2546130,9.971654020647438,2
2546140,9.788801725889726,10
2546143,9.960636371057863,3
2546156,9.711671928158303,13
2546157,10.0,1
2546166,9.644226831565664,9
2546181,9.67040555060265,15
2546186,9.914670912975312,5
2546191,9.93032381446841,5
2546202,9.762268911666395,11
2546209,9.863462985458291,7
2546219,9.61896687148582,10
2546232,9.737301915766956,13
2546248,9.720708196392994,16
2546266,9.55384569767448,18
2546267,10.0,1
2546270,9.945632473036971,3
2546284,9.716103295929251,14
2546293,9.817864980386178,9
2546294,10.0,1
2546303,9.823838502916214,9
2546312,9.81347010650002,9
2546313,10.0,1
2546318,9.906134603997058,5
2546334,9.6226986814312,16
2546345,9.769445656515924,11
2546353,9.62724534511571,8
2546364,9.794408753032984,11
2546373,9.642992678749003,9
2546383,9.825538714468742,10
2546393,9.788088520861487,10
2546402,9.860988286369524,9
2546410,9.82157511189258,8
2546423,9.741354116196659,13
2546427,9.934029407582171,4
2546437,9.775837341333046,10
2546445,9.843986745956668,8
2546455,9.78010736608634,10
2546464,9.824357748894384,9
2546469,9.92202002924431,5
2546484,9.686115556678324,15
2546492,9.838747618364971,8
2546495,9.95838932419168,3
2546514,9.68584456858636,19
2546523,9.824981948256843,9
2546558,9.34479282987467,35
2546562,9.95075074771997,4
2546572,9.801225487713475,10
2546573,10.0,1
2546585,9.745404696569366,12
2546598,9.784937940397896,13
2546609,9.776660291547355,11
2546618,9.835418271327235,9
2546619,10.0,1
2546628,9.81547007516069,9
2546630,9.974522828290974,2
2546633,9.957156898305788,3
2546641,9.853186214687238,8
2546655,9.693448411201976,14
2546663,9.83620727045846,8
2546683,9.596945821364178,20
2546691,9.8469588727599,8
2546702,9.765683585834658,11
2546705,9.951249790578132,3
2546712,9.888985869744642,7
2546724,9.743531535483415,12
2546728,9.949532452893134,4
2546743,9.685491481027857,15
2546744,10.0,1
2546751,9.894260974123824,7
2546760,9.812458980034592,9
2546770,9.770396941097058,10
2546788,9.691290907848238,18
2546792,9.932430190223146,4
2546807,9.683444137647705,15
2546818,9.751125071982267,11
2546820,9.984295706184465,2
2546830,9.780672209050469,10
2546831,10.0,1
2546842,9.78851440045605,11
2546853,9.76571247258838,11
2546861,9.824379837533614,8
2546880,9.574772575651906,19
2546900,9.431560289895286,20
2546905,9.926914302539405,5
2546912,9.860461364163513,7
2546918,9.898139178280719,6
2546929,9.765405423416093,11
2546947,9.553684597487136,18
2546948,10.0,1
2546959,9.797640406874187,11
2546964,9.921056171684608,5
2546978,9.670512776880315,14
2546979,10.0,1
2546985,9.891128567706932,6
2546986,10.0,1
2546993,9.875741804074453,7
2547003,9.785235066003363,10
2547008,9.910723349627933,5
2547021,9.742025058654365,13
2547034,9.720256405360994,13
2547041,9.88234977832977,7
2547048,9.889577261636434,7
2547051,9.95671039424817,3
2547061,9.820767552375152,10
2547081,9.546796693907064,20
2547089,9.847516115098493,8
2547104,9.715575267006509,15
2547117,9.71361356529571,13
2547121,9.949360774431621,4
2547129,9.852495525385166,8
2547138,9.811906730694579,9
2547150,9.760573806785581,12
2547157,9.864682786884197,7
2547161,9.94876089293369,4
2547167,9.900558969685461,6
2547175,9.865638261004179,8
2547186,9.805935900706677,11
2547199,9.752464689384857,13
2547207,9.849260183541142,8
2547219,9.757283651011482,12
2547228,9.811778004164143,9
2547236,9.848051648371252,8
2547245,9.817046239013074,9
2547246,9.993376935812181,1
2547259,9.77125877720656,13
2547264,9.927802484547621,5
2547278,9.679113012921931,14
2547284,9.903777911660862,6
2547292,9.863597352844092,8
2547293,10.0,1
2547307,9.524618369574556,14
2547319,9.767375350478929,12
2547330,9.776258861678425,11
2547342,9.755342899122365,12
2547354,9.762093660870026,12
2547368,9.700536509254825,14
2547380,9.770412815561128,12
2547395,9.683236427593306,15
2547457,8.738064364601321,62
2547463,9.895015527530687,6
2547468,9.928270709172814,5
2547479,9.809067916395247,11
2547492,9.702949641572225,13
2547494,9.985288616016827,2
2547500,9.89943313852848,6
2547507,9.848760775281416,7
2547519,9.768566402609343,12
2547535,9.73353087911317,16
2547553,9.619303822149877,18
2547556,9.965539261742341,3
2547576,9.13587047833194,20
2547582,9.914669390799732,6
2547587,9.896355743864804,5
2547600,9.712191426346118,13
2547621,9.587980207611272,21
2547628,9.859579702826244,7
2547641,9.716584501880863,13
2547650,9.806568688766237,9
2547658,9.832101035207533,8
2547671,9.668499185465889,13
2547672,10.0,1
2547686,9.71465569958002,14
2547691,9.914736113106068,5
2547703,9.772477778606405,12
2547723,9.417164221783981,20
2547738,9.629034289342167,15
2547746,9.84357293531404,8
2547748,9.984472577500972,2
2547751,9.962230336289057,3
2547764,9.719362669095121,13
2547768,9.944238705776637,4
2547782,9.691783705687495,14
2547795,9.700319746100377,13
2547807,9.72704459106033,12
2547820,9.716002737638119,13
2547837,9.610205797616437,17
2547838,10.0,1
2547844,9.889725006237802,6
2547853,9.83737527052655,9
2547854,10.0,1
2547857,9.965565141469419,3
2547868,9.75135567682896,11
2547883,9.566470991165426,15
2547893,9.79537608846981,10
2547902,9.811549923184696,9
2547911,9.806058088105027,9
2547920,9.808905389008492,9
2547929,9.829188670797445,9
2547940,9.776891159394841,11
2547955,9.650998375908271,15
2547964,9.844843748538556,9
2547981,9.666315853995073,17
2547982,10.0,1
2547994,9.732219269520757,12
2547999,9.915146266451202,5
2548009,9.77884696175656,10
2548020,9.777179587755269,11
2548023,9.952566581495162,3
2548030,9.869827891047827,7
2548037,9.880894084349277,7
2548041,9.940205497250865,4
2548052,9.76794470873194,11
2548058,9.89336141870579,6
2548059,9.995686322434636,1
2548065,9.898619992760866,6
2548076,9.746948915012474,11
2548084,9.866751961667374,8
2548090,9.889851407373287,6
2548091,10.0,1
2548096,9.91411495728396,5
2548102,9.901950257157775,6
2548116,9.660195061372876,14
2548122,9.90666960012229,6
2548127,9.91500229682648,5
2548137,9.774997192744516,10
2548145,9.830763755186123,8
2548147,9.968107989078847,2
2548156,9.829219116224913,9
2548169,9.730850799650758,13
2548183,9.60585098953579,14
2548186,9.969517955192531,3
2548187,9.992344690390123,1
2548195,9.84108022150954,8
2548204,9.807856662236503,9
2548205,10.0,1
2548213,9.759014490553678,8
2548224,9.774951745218088,11
2548228,9.930007318213855,4
2548230,9.97624952313618,2
2548237,9.854216395715886,7
2548248,9.79151125879619,11
2548253,9.905416190466163,5
2548254,10.0,1
2548260,9.888045897650844,6
2548268,9.85005964020736,8
2548283,9.64580148203665,15
2548284,10.0,1
2548292,9.850405013087263,8
2548295,9.949094324157674,3
2548310,9.713453356754362,15
2548314,9.948751655066758,4
2548323,9.836833965372877,9
2548329,9.921418663925195,6
2548335,9.880523478461237,6
2548348,9.712591967071281,13
2548364,9.718848706501268,16
2548377,9.74924943695102,13
2548382,9.916148073298173,5
2548395,9.71245598147899,13
2548407,9.807898500791723,12
2548423,9.688650148221276,16
2548436,9.763260199757925,13
2548442,9.896959982395305,6
2548443,10.0,1
2548447,9.94786534339664,4
2548455,9.877830193276878,8
2548465,9.806519956162747,10
2548470,9.928618615355056,5
2548482,9.74982296735932,12
2548499,9.636425719752042,17
2548511,9.797333638372683,12
2548515,9.955588360175728,4
2548525,9.78547473730496,10
2548531,9.887738167560794,6
2548540,9.819668079231718,9
2548555,9.659435147153468,15
2548570,9.478125117761858,15
2548572,9.977244743752879,2
2548584,9.739691892880323,12
2548595,9.752634669313343,11
2548605,9.800677264656182,10
2548614,9.839330098787356,9
2548624,9.806099299879882,10
2548641,9.580339253249688,17
2548642,9.988450487101346,1
2548654,9.748583698513098,12
2548659,9.929383618182781,5
2548664,9.926195143581852,5
2548675,9.66959433031196,11
2548685,9.533189913735473,10
2548692,9.869864086866555,7
2548693,10.0,1
2548708,9.69600469545416,15
2548722,9.737934580428703,14
2548730,9.84288323458143,8
2548737,9.873266227781643,7
2548753,9.610098364270705,16
2548765,9.737142501359445,12
2548771,9.909248295856578,6
2548772,9.988608028724643,1
2548773,10.0,1
2548784,9.76752633412577,11
2548790,9.894289078223233,6
2548796,9.915118128215004,6
2548797,9.9880968368511,1
2548804,9.87879573025644,7
2548816,9.751577318243472,12
2548826,9.708778638809072,10
2548833,9.856992079837537,7
2548837,9.92665925668782,4
2548852,9.679649489304502,15
2548853,9.993381914491335,1
2548868,9.649429346809919,15
2548869,9.996555471036743,1
2548874,9.908402606242257,5
2548878,9.93698316741523,4
2548884,9.906417187912142,6
2548895,9.758483484195168,11
2548907,9.763546241869529,12
2548911,9.93990898579773,4
2548929,9.610247513969401,18
2548934,9.915389846928342,5
2548948,9.679390933166601,14
2548955,9.692368731879107,7
2548962,9.843531490668495,7
2548972,9.766525892344609,10
2548980,9.863865484703679,8
2548982,9.982944516081863,2
2548994,9.751912489349364,12
2549001,9.868556542764672,7
2549005,9.932700103546365,4
2549007,9.974625179470836,2
2549014,9.87608945433758,7
2549022,9.845876136565309,8
2549026,9.930154280223293,4
2549036,9.791272875529385,10
2549041,9.915102988529853,5
2549046,9.932962417350776,5
2549058,9.752176448277417,12
2549070,9.736211005316056,12
2549081,9.76200272108229,11
2549095,9.681449119775408,14
2549104,9.815774129464968,9
2549116,9.735971369452722,12
2549131,9.641609207653559,15
2549143,9.76115603533964,12
2549149,9.894658707853354,6
2549158,9.818104424594486,9
2549172,9.699674447844096,14
2549188,9.641701236639413,16
2549196,9.875245341285735,8
2549201,9.91624959508927,5
2549218,9.365282024745387,17
2549219,10.0,1
2549225,9.88457825263197,6
2549226,10.0,1
2549231,9.917630331838707,5
2549241,9.782818977963055,10
2549262,9.477696547920642,21
2549274,9.731956982129253,12
2549278,9.932672271294452,4
2549289,9.7456297693698,11
2549295,9.881141431287768,6
2549301,9.89082943704435,6
2549319,9.59121613845044,18
2549320,10.0,1
2549334,9.700102880088735,14
2549349,9.631496422858895,15
2549363,9.687512656068522,14
2549370,9.871067960070658,7
2549380,9.818870882546028,10
2549390,9.814863812364928,10
2549403,9.715746847496462,13
2549407,9.925217505077239,4
2549416,9.82387210418258,9
2549422,9.889007389413447,6
2549431,9.814777667710572,9
2549451,9.512141687916031,20
2549452,9.988374987245981,1
2549453,9.996388631966807,1
2549463,9.804635721532822,10
2549464,10.0,1
2549473,9.819956012574634,9
2549474,10.0,1
2549489,9.686726610745696,15
2549499,9.798154625959471,10
2549500,10.0,1
2549504,9.946300076074785,4
2549516,9.740689846574993,12
2549517,10.0,1
2549530,9.731472345546104,13
2549541,9.79237220361215,11
2549544,9.95223620413278,3
2549552,9.855252924934675,8
2549565,9.715123593907322,13
2549570,9.919793792390564,5
2549582,9.752654818698318,12
2549584,9.973485975162246,2
2549589,9.933737478683907,5
2549595,9.892945730489826,6
2549603,9.848661128003503,8
2549608,9.922279277445984,5
2549627,8.929195049940098,19
2549639,9.526805946791281,12
2549648,9.811805504397908,9
2549651,9.965189733570245,3
2549662,9.751012821184073,11
2549670,9.855223189258266,8
2549673,9.954759344831979,3
2549679,9.917852979806838,6
2549694,9.623856464198852,15
2549703,9.846070977001023,9
2549710,9.893171610607272,7
2549725,9.687627912505686,15
2549726,10.0,1
2549741,9.649385135856816,15
2549747,9.919815281464768,6
2549761,9.66899646449016,14
2549778,9.598448019541632,17
2549789,9.78470196879438,11
2549797,9.866376474153979,8
2549804,9.86735775866609,7
2549814,9.821381696349356,10
2549821,9.871520256654124,7
2549824,9.952661219885142,3
2549825,10.0,1
2549839,9.693252871199283,14
2549849,9.797621773866899,10
2549859,9.805537078550618,10
2549870,9.785764990428063,11
2549883,9.740026793979956,13
2549890,9.86445862829917,7
2549904,9.668564206736116,14
2549917,9.712005759101281,13
2549931,9.663337357036612,14
2549944,9.717519616826147,13
2549953,9.839267419455995,9
2549960,9.87244924783588,7
2549975,9.705483035995805,15
2549990,9.60504957452119,15
2550002,9.73315470173032,12
2550010,9.827604210059386,8
2550012,9.983093791724432,2
2550020,9.854158065190823,8
2550031,9.751708052607453,11
2550040,9.836627238978343,9
2550046,9.905271678370598,6
2550051,9.921192785065669,5
2550067,9.65093101160205,16
2550078,9.76234569524192,11
2550089,9.752957054665579,11
2550100,9.762716785280944,11
2550107,9.891108305337564,7
2550112,9.933422389251765,5
2550117,9.904823986680631,5
2550132,9.478347590871355,15
2550136,9.937475292262546,4
2550143,9.883409189057673,7
2550159,9.611503950421914,16
2550168,9.797647004877273,9
2550176,9.844681268315439,8
2550194,9.600900992553255,18
2550210,9.612135233072593,16
2550220,9.828030742105053,10
2550222,9.978956821938462,2
2550231,9.83618683519197,9
2550245,9.663640787398252,14
2550248,9.96661685957689,3
2550252,9.942082439549711,4
2550267,9.656796597542467,15
2550284,9.65581146468537,17
2550292,9.847090514372974,8
2550293,9.98872391670131,1
2550294,10.0,1
2550302,9.868948087960066,8
2550313,9.732902088607148,11
2550320,9.867043057986963,7
2550328,9.854509596300725,8
2550338,9.681771030741041,10
2550351,9.720405013708664,13
2550367,9.66776623837196,16
2550383,9.667646681578361,16
2550391,9.84617448256558,8
2550402,9.745472214526036,11
2550406,9.933084767470973,4
2550415,9.800255733073268,9
2550416,10.0,1
2550420,9.937689485505743,4
2550431,9.77816769346289,11
2550441,9.836836537960561,10
2550449,9.83931570510094,8
2550459,9.677699823136326,10
2550478,9.600735319758414,19
2550485,9.872096817374084,7
2550498,9.740473118833021,13
2550512,9.689928212938367,14
2550513,10.0,1
2550525,9.767704052512629,12
2550528,9.968865758163238,3
2550529,10.0,1
2550530,10.0,1
2550533,9.96709016800516,3
2550544,9.78880261418996,11
2550546,9.98497479569595,2
2550558,9.744552563384564,12
2550566,9.624564786397588,8
2550579,9.732012351961227,13
2550589,9.794432341652985,10
2550590,10.0,1
2550601,9.770585624110195,11
2550602,10.0,1
2550615,9.717341003809532,13
2550622,9.879537193806428,7
2550628,9.897081254942266,6
2550635,9.889568056497968,7
2550645,9.80305460718231,10
2550658,9.688641866190567,13
2550671,9.712058924087772,13
2550676,9.9237176017655,5
2550686,9.69159221371417,10
2550693,9.867350023243194,7
2550697,9.938762627459708,4
2550707,9.803368041029005,10
2550708,10.0,1
2550717,9.828633069690946,9
2550720,9.948797681658194,3
2550724,9.950574878663115,4
2550737,9.73903837981829,13
2550742,9.90769940727905,5
2550756,9.708179417498275,14
2550763,9.89220965899734,7
2550777,9.761504744370008,14
2550791,9.69032071018314,14
2550803,9.763113203624451,12
2550811,9.836623153829334,8
2550818,9.867870169487759,7
2550828,9.784932871104537,10
2550838,9.782501244446872,10
2550847,9.860160935195063,9
2550852,9.914430979022658,5
2550857,9.932701409389614,5
2550863,9.887895811704853,6
2550875,9.656225234816862,12
2550880,9.919898239762288,5
2550887,9.860813179969774,7
2550899,9.739091761737132,12
2550906,9.886008979059193,7
2550919,9.712492178578051,13
2550932,9.704633603121136,13
2550936,9.940987953026088,4
2550941,9.913382032949162,5
2550949,9.847911268196196,8
2550950,10.0,1
2550964,9.410434633385421,14
2550971,9.874596388471916,7
2550978,9.87926504900632,7
2550979,10.0,1
2550994,9.66095568405874,15
2551002,9.833755988056291,8
2551009,9.880741104119828,7
2551021,9.739586412039472,12
2551029,9.871506559596742,8
2551039,9.814013256559738,10
2551050,9.802954951653017,11
2551052,9.978809807111455,2
2551063,9.76366182084591,11
2551072,9.806497115777635,9
2551086,9.700532431497793,14
2551091,9.922995766967057,5
2551097,9.90814017059755,6
2551098,10.0,1
2551101,9.951935976115502,3
2551114,9.69348845011439,13
2551122,9.863757266333854,8
2551127,9.909963601419648,5
2551135,9.853788435616853,8
2551142,9.877475410673755,7
2551152,9.791395044001007,10
2551172,9.562175818891161,20
2551176,9.942034495824231,4
2551189,9.744780726258401,13
2551200,9.75187960273269,11
2551209,9.85339910590852,9
2551226,9.603381454174382,17
2551230,9.936606949248779,4
2551238,9.829367402401607,8
2551259,9.596652880994789,21
2551264,9.928547610443127,5
2551275,9.772384946874185,11
2551280,9.936625451510382,5
2551285,9.928102930191828,5
2551294,9.816338320959654,9
2551299,9.915977985307983,5
2551312,9.720394608947323,13
2551325,9.760839669255072,13
2551335,9.795138206361434,10
2551343,9.866283724130264,8
2551353,9.80677552646932,10
2551364,9.741233536202863,11
2551370,9.896459188756177,6
2551379,9.829049131368443,9
2551395,9.682534830828812,16
2551408,9.70041301888571,13
2551423,9.709386064487768,15
2551435,9.661299494212445,12
2551438,9.95391450582038,3
2551455,9.64465664099058,17
2551466,9.810468729964551,11
2551477,9.751941714923696,11
2551478,9.996189311432792,1
2551495,9.622952367500208,17
2551508,9.733891993641455,13
2551514,9.899255577683027,6
2551515,10.0,1
2551526,9.739509870655537,11
2551539,9.705042645641807,13
2551552,9.793126138609118,13
2551558,9.90549658193336,6
2551563,9.90909191854136,5
2551580,9.572913735128068,17
2551604,9.40242366301168,24
2551612,9.854141592879682,8
2551620,9.818761784803074,8
2551629,9.795215338365725,9
2551641,9.777088983021802,12
2551643,9.9745310983453,2
2551651,9.869859283421729,8
2551664,9.706835488095189,13
2551665,10.0,1
2551673,9.821987337199754,8
2551689,9.662262904273938,16
2551700,9.745142578288323,11
2551712,9.729583376917416,12
2551717,9.91957904964004,5
2551725,9.845458067218093,8
2551726,10.0,1
2551743,9.628814829275454,17
2551749,9.890019286756987,6
2551752,9.943292573103289,3
2551768,9.709117130117823,16
2551776,9.837103609184705,8
2551781,9.920215018396103,5
2551785,9.932601273714491,4
2551797,9.731516901725627,12
2551809,9.719381908237136,12
2551817,9.822010355834665,8
2551829,9.747565876422001,12
2551832,9.954588338909462,3
2551840,9.657467779924525,8
2551848,9.828836411168437,8
2551861,9.74809082738988,13
2551868,9.86789037758259,7
2551876,9.850235451839062,8
2551884,9.853698845720848,8
2551894,9.77786465782857,10
2551904,9.789627841302249,10
2551905,10.0,1
2551922,9.580626963191182,17
2551930,9.84605931206169,8
2551934,9.949131755184743,4
2551941,9.873221350171725,7
2551951,9.80886932950718,10
2551967,9.682521108796259,16
2551970,9.96024390162386,3
2551971,10.0,1
2551985,9.728685896101098,14
2551991,9.892518666908074,6
2552000,9.833386519341179,9
2552003,9.957955198631835,3
2552011,9.84710131432219,8
2552021,9.763159023123597,10
2552028,9.863903841521562,7
2552042,9.729194307001935,14
2552083,8.676358525820524,41
2552093,9.819867893272065,10
2552104,9.79054168647708,11
2552110,9.898584584619615,6
2552117,9.903283603233527,7
2552132,9.632020784898288,15
2552147,9.64271767474476,15
2552161,9.710581941004175,14
2552168,9.873237797892513,7
2552172,9.952702804753075,4
2552179,9.877613611120584,7
2552187,9.842332813342416,8
2552191,9.953427297658305,4
2552192,10.0,1
2552200,9.84673846401247,8
2552214,9.708763460456668,14
2552215,10.0,1
2552221,9.903647982784756,6
2552222,10.0,1
2552236,9.705944375799794,14
2552251,9.655089098051283,15
2552252,10.0,1
2552257,9.906506967321258,5
2552269,9.746760347514902,12
2552283,9.699476366488835,14
2552288,9.922378073614947,5
2552308,9.598429937987657,20
2552310,9.967299583720036,2
2552319,9.81701911444001,9
2552326,9.871748349518322,7
2552340,9.701574230026095,14
2552354,9.709154433801443,14
2552365,9.7784650112978,11
2552374,9.805204563255135,9
2552381,9.878221393080349,7
2552395,9.663582711395147,14
2552396,10.0,1
2552402,9.888809000459096,6
2552406,9.942440258624629,4
2552413,9.881536735090766,7
2552420,9.87170176191702,7
2552434,9.684199633839514,14
2552444,9.793952429373377,10
2552453,9.8047109404858,9
2552464,9.77911660743013,11
2552472,9.859505809990246,8
2552473,10.0,1
2552479,9.877845791927484,6
2552491,9.709014204856562,12
2552499,9.842746809699591,8
2552500,10.0,1
2552514,9.711348985990742,14
2552530,9.663612926646634,16
2552543,9.619509945971936,13
2552554,9.755979246446794,11
2552564,9.785366079812572,10
2552574,9.778996490985213,10
2552576,9.981270438059504,2
2552580,9.934612671771246,4
2552581,9.989712582854663,1
2552584,9.9557581368017,3
2552591,9.850010552129845,7
2552598,9.874369673439876,7
2552604,9.89513658988408,6
2552613,9.817309798881913,9
2552616,9.959405042805551,3
2552628,9.7364289669212,12
2552634,9.896643382606582,6
2552637,9.95257482170385,3
2552644,9.862523847879281,7
2552645,10.0,1
2552648,9.960486993019051,3
2552657,9.830013728628051,9
2552661,9.940853841537514,4
2552665,9.952082418894506,4
2552676,9.757394398490053,11
2552678,9.972417103890717,2
2552679,9.996384149857155,1
2552693,9.678770785433715,14
2552702,9.800456218063198,9
2552710,9.843192366374044,8
2552721,9.752139818179682,11
2552728,9.879702430715623,7
2552737,9.814960974792173,9
2552752,9.441837112999387,15
2552774,9.45866660710871,22
2552794,9.535162889257869,20
2552807,9.706568321649963,13
2552814,9.89065728689676,7
2552818,9.948695268456039,4
2552829,9.753166705467804,11
2552843,9.687222460778749,14
2552860,9.666670041682984,17
2552878,9.599324392809208,18
2552883,9.929538962046843,5
2552892,9.811301951417967,9
2552901,9.828383050812171,9
2552915,9.67374201219548,14
2552926,9.78206006488694,11
2552935,9.848235569240662,9
2552950,9.684355984140318,15
2552970,9.526293946407977,20
2552978,9.872592033902423,8
2552979,9.988621743905602,1
2552990,9.81038956847872,11
2552994,9.923305180292827,4
2553014,9.524513083727523,20
2553020,9.884347241771572,6
2553021,10.0,1
2553030,9.815706798565595,9
2553034,9.93790572533195,4
2553035,10.0,1
2553047,9.76018919194004,12
2553053,9.880539147980267,6
2553062,9.792720727525706,9
2553079,9.64043100068013,17
2553095,9.644282166315797,16
2553105,9.7891263842787,10
2553113,9.84226600712509,8
2553116,9.95391947573741,3
2553127,9.779726656472528,11
2553128,10.0,1
2553144,9.648665509447097,16
2553158,9.709649444875625,14
2553161,9.767531160489028,3
2553165,9.839194706761322,4
2553181,9.66838268117348,16
2553188,9.860576187297323,7
2553200,9.745256100118437,12
2553218,9.481054574675166,18
2553219,10.0,1
2553224,9.931488906792445,5
2553236,9.749599957573325,12
2553242,9.897293619796868,6
2553251,9.811714003717666,9
2553253,9.971991498722454,2
2553269,9.635758422237988,16
2553270,9.996032048964581,1
2553271,10.0,1
2553278,9.8578156690184,7
2553282,9.939729145239445,4
2553290,9.883657165801521,8
2553304,9.668551870438884,14
2553314,9.786078988920048,10
2553326,9.734974117548632,12
2553339,9.712012482814755,13
2553342,9.957417225682526,3
2553351,9.837588758031286,9
2553359,9.83689941581943,8
2553360,10.0,1
2553366,9.895261766691638,6
2553369,9.953308591994372,3
2553370,10.0,1
2553384,9.662615088339688,14
2553394,9.82301219880425,10
2553404,9.820543686012225,10
2553407,9.95793588803235,3
2553418,9.756122422610607,11
2553423,9.91365262207194,5
2553428,9.718311692592346,5
2553430,9.971889664781445,2
2553441,9.752196580986856,11
2553449,9.848748477577415,8
2553466,9.649553801685038,17
2553477,9.759667953673208,11
2553492,9.65515323428797,15
2553505,9.775955229645499,13
2553514,9.815223170773194,9
2553527,9.773289628042583,13
2553528,10.0,1
2553539,9.783021077309428,11
2553545,9.89287004472966,6
2553556,9.787016821763952,11
2553573,9.595904858099303,17
2553584,9.766752748208347,11
2553586,9.97242673427428,2
2553598,9.780742991181418,12
2553604,9.888286112368627,6
2553607,9.954379531271947,3
2553613,9.880070417236592,6
2553626,9.736583881918389,13
2553629,9.956943228597767,3
2553642,9.702793400640216,13
2553653,9.778522138421497,11
2553665,9.722515044338975,12
2553673,9.840377664491497,8
2553682,9.720428132485207,9
2553691,9.83162065284596,9
2553696,9.920739999199526,5
2553706,9.800043242162957,10
2553714,9.830548967618569,8
2553723,9.823269497332989,9
2553734,9.776221530280395,11
2553736,9.97658316452586,2
2553742,9.891868769545962,6
2553752,9.678593971202652,10
2553753,10.0,1
2553756,9.965351486254695,3
2553763,9.868918176674317,7
2553772,9.808918078871773,9
2553787,9.663596982558975,15
2553793,9.891157253313883,6
2553846,8.512385963658478,53
2553851,9.925354602661487,5
2553864,9.731962306601307,13
2553872,9.856348561467692,8
2553879,9.869353576362075,7
2553889,9.771882936505802,10
2553907,9.566495770348538,18
2553917,9.783472379172421,10
2553924,9.705075748430781,7
2553933,9.81750002405052,9
2553934,9.992486566572886,1
2553938,9.93779505886799,4
2553950,9.73504605043708,12
2553963,9.686009552510473,13
2553971,9.843839724581844,8
2553986,9.701316493454057,15
2553996,9.772710874408757,10
2554006,9.808647584199193,10
2554015,9.810856881868679,9
2554021,9.885952410292202,6
2554032,9.737262818052546,11
2554045,9.712728711696196,13
2554055,9.794591548741261,10
2554063,9.823733965430252,8
2554074,9.761199508248437,11
2554082,9.869727757460849,8
2554085,9.945303426123157,3
2554106,9.574488162223217,21
2554110,9.95447653025867,4
2554121,9.829053855053264,11
2554128,9.87444379983162,7
2554133,9.92240334864814,5
2554138,9.918496147937862,5
2554159,9.533710810968547,21
2554162,9.953705417622125,3
2554171,9.836023306118847,9
2554187,9.661318910227468,16
2554201,9.698355129315164,14
2554212,9.777326717112597,11
2554223,9.771807037110749,11
2554232,9.816875656545328,9
2554236,9.955600998799378,4
2554247,9.785299434098206,11
2554256,9.825703298565806,9
2554262,9.895080296697428,6
2554271,9.808062472684464,9
2554277,9.897213990485493,6
2554288,9.78144516274771,11
2554300,9.739511998980316,12
2554309,9.826681455964328,9
2554320,9.750140114358196,11
2554321,10.0,1
2554336,9.63906540825942,15
2554353,9.586944689287497,17
2554361,9.862445470722955,8
2554368,9.861360383563364,7
2554379,9.755445008276174,11
2554387,9.862864844153048,8
2554392,9.911559158041042,5
2554404,9.739899458027004,12
2554419,9.659670128906443,15
2554424,9.9015785374223,5
2554431,9.855317077927756,7
2554432,10.0,1
2554433,10.0,1
2554448,9.692583549570672,15
2554472,9.544147573545741,24
2554473,9.989319386360744,1
2554474,10.0,1
2554485,9.78726903800668,11
2554494,9.804876175190866,9
2554509,9.757092805493578,15
2554518,9.859321562264837,9
2554526,9.847182740790396,8
2554528,9.983166315743004,2
2554540,9.755829473623503,12
2554547,9.863316474555953,7
2554553,9.902681411278875,6
2554570,9.676677758849172,17
2554578,9.850547099074053,8
2554579,10.0,1
2554589,9.814347073041487,10
2554590,9.989510878981667,1
2554604,9.714057871797081,14
2554610,9.908195658146596,6
2554611,10.0,1
2554632,9.463865576082053,21
2554638,9.886786808626601,6
2554644,9.8868375555769,6
2554656,9.752248611309307,12
2554669,9.712181604335965,13
2554684,9.613849184167023,15
2554688,9.948029933370453,4
2554700,9.776520225328554,12
2554705,9.912100114638422,5
2554713,9.877750067132208,8
2554722,9.817866398307158,9
2554726,9.949846851088889,4
2554727,10.0,1
2554741,9.73602089553307,14
2554747,9.90902156158731,6
2554748,9.99656511448099,1
2554764,9.645494609668155,16
2554778,9.704245218348335,14
2554780,9.965996743141401,2
2554786,9.884072849442894,6
2554800,9.680412897146192,14
2554809,9.82403199455,9
2554823,9.660304672955736,14
2554829,9.893813780838537,6
2554834,9.9168281712458,5
2554847,9.696632612184985,13
2554856,9.788918611358548,9
2554867,9.733694903557414,11
2554882,9.663101215266813,15
2554889,9.866227502605536,7
2554890,10.0,1
2554901,9.791231685141522,11
2554917,9.643853166476688,16
2554931,9.68405710962251,14
2554936,9.90331817297592,5
2554948,9.727988973466307,12
2554957,9.833215089989665,9
2554968,9.783512397560914,11
2554978,9.822717038918622,10
2554990,9.735719184285188,12
2554999,9.831410114468426,9
2555000,10.0,1
2555007,9.881730143033826,7
2555022,9.681458883184796,15
2555032,9.804230338256847,10
2555045,9.713540025813177,13
2555064,9.648626229163815,19
2555072,9.844016579031157,8
2555087,9.64279869037418,15
2555091,9.933189875033833,4
2555095,9.946470398580887,4
2555111,9.659459828376024,16
2555112,10.0,1
2555119,9.86246290734174,7
2555126,9.866932384830056,7
2555140,9.662948684734031,14
2555141,10.0,1
2555155,9.683901398874124,14
2555165,9.79624462513771,10
2555175,9.781310698223962,10
2555185,9.797225428682275,10
2555186,10.0,1
2555193,9.883628826239347,7
2555205,9.73135968610696,12
2555206,10.0,1
2555211,9.932119541172034,5
2555221,9.691882843546185,10
2555235,9.70917383584514,14
2555240,9.918602063462739,5
2555248,9.826629901955629,8
2555253,9.918253542033675,5
2555257,9.943702398280822,4
2555262,9.923065124539024,5
2555268,9.900662974311203,6
2555281,9.710902795816878,13
2555296,9.636980374094334,15
2555297,10.0,1
2555302,9.91446884059295,5
2555311,9.825022896413834,9
2555320,9.855169934962172,9
2555329,9.844763240080692,9
2555341,9.776041669261732,12
2555348,9.867028324113454,7
2555357,9.823851025635982,9
2555368,9.752839401503806,11
2555379,9.768370567808459,11
2555380,10.0,1
2555383,9.96837606458762,3
2555389,9.893635643131905,6
2555402,9.735261468239068,13
2555414,9.76792973270127,12
2555425,9.73696071718355,11
2555436,9.752149356687415,11
2555439,9.95227352404461,3
2555451,9.762158810574858,12
2555468,9.591552848748996,17
2555471,9.75114088650571,3
2555474,9.758315586092062,3
2555486,9.726221327770848,12
2555492,9.89737016335345,6
2555500,9.84309849362812,8
2555512,9.720808971805967,12
2555525,9.721518481707307,13
2555528,9.965892739171759,3
2555535,9.8748474449519,7
2555548,9.713407559143782,13
2555550,9.969562704493418,2
2555554,9.940003842173567,4
2555563,9.81883699113233,9
2555572,9.819543645113104,9
2555589,9.618146777299579,17
2555608,9.58289573421334,19
2555614,9.903921879034328,6
2555628,9.609270021402786,14
2555634,9.88797676913302,6
2555635,10.0,1
2555650,9.664282374170215,15
2555659,9.827223040312282,9
2555674,9.677927783919554,15
2555685,9.746185706491357,11
2555701,9.635021132021565,16
2555717,9.655747234464398,16
2555732,9.64553745852964,15
2555746,9.698713484279349,14
2555750,9.943985399850101,4
2555764,9.723249259953217,14
2555772,9.852096417932769,8
2555777,9.909979447712162,5
2555787,9.783200421162547,10
2555806,9.56765363642907,19
2555818,9.730380833618261,12
2555821,9.963140426475633,3
2555822,10.0,1
2555825,9.96145081104303,3
2555830,9.904634501600393,5
2555839,9.807437656848858,9
2555857,9.612637425872917,18
2555866,9.826179070762814,9
2555872,9.897626161517069,6
2555876,9.94671592315344,4
2555882,9.874342663878323,6
2555891,9.838240440618668,9
2555901,9.674490787043279,10
2555902,10.0,1
2555913,9.778611706935067,11
2555920,9.903373662852202,7
2555924,9.932390775246454,4
2555942,9.62320105250081,18
2555956,9.680607252048425,14
2555970,9.68542269795288,14
2555984,9.701397907522018,14
2555996,9.740502431613717,12
2556011,9.63662490118573,15
2556020,9.83743410725791,9
2556033,9.71827931908908,13
2556043,9.788565106320542,10
2556060,9.687000103481141,17
2556062,9.979702218195996,2
2556066,9.935733303983815,4
2556076,9.803010570811782,10
2556081,9.919173426679627,5
2556088,9.870718340871786,7
2556089,10.0,1
2556101,9.46668365532201,12
2556114,9.76612038859619,13
2556121,9.856133678349904,7
2556129,9.87109135236434,8
2556130,10.0,1
2556135,9.908555626817687,5
2556152,9.607345031419156,17
2556155,9.963413638513739,3
2556156,10.0,1
2556163,9.86588028421266,7
2556168,9.928185926369771,5
2556176,9.840928371521564,8
2556188,9.754207769071929,12
2556196,9.844728529661664,8
2556204,9.849067327365773,8
2556216,9.737609239249284,12
2556230,9.70439667908845,14
2556232,9.978521019523798,2
2556240,9.827141710732896,8
2556249,9.836263399483403,9
2556260,9.746184309370854,11
2556271,9.782873558862367,11
2556273,9.97156118350044,2
2556280,9.899013886243287,7
2556288,9.841335360232982,8
2556294,9.881829657805383,6
2556303,9.82861380615819,9
2556313,9.827706360638023,10
2556317,9.947161588993328,4
2556329,9.743500450528382,12
2556339,9.780203678462753,10
2556341,9.974854311470912,2
2556343,9.984727180578233,2
2556352,9.822265000203066,9
2556356,9.932162789205087,4
2556367,9.755586619693037,11
2556379,9.756120233545497,12
2556385,9.918225940119143,6
2556401,9.627189884381474,16
2556415,9.643860638074527,14
2556420,9.934436207303618,5
2556438,9.359741074964697,18
2556457,9.610287157563645,19
2556469,9.758470096627033,12
2556475,9.895569703190679,6
2556482,9.856188935060798,7
2556486,9.943432056840118,4
2556500,9.67816079478907,14
2556507,9.879887328638539,7
2556508,10.0,1
2556513,9.92271664205916,5
2556514,10.0,1
2556528,9.67206475106321,14
2556537,9.787363530998187,9
2556544,9.871944149017846,7
2556552,9.843042914172702,8
2556563,9.778878488022986,11
2556569,9.908132527858365,6
2556574,9.940552919251624,5
2556585,9.66448121775825,11
2556591,9.894345516747505,6
2556599,9.826530102803275,8
2556606,9.878881026817734,7
2556613,9.861311733286882,7
2556625,9.722055147153329,12
2556640,9.6576103655561,15
2556650,9.776995129718529,10
2556664,9.579332001985044,14
2556667,9.962354875119797,3
2556673,9.87119444972234,6
2556685,9.75570521311061,12
2556689,9.933109570384715,4
2556695,9.898387973899451,6
2556700,9.913529806508798,5
2556718,9.557174725037099,18
2556729,9.75302944374553,11
2556738,9.824021581122867,9
2556753,9.639500490601918,15
2556757,9.946665042833033,4
2556761,9.93890955673777,4
2556775,9.713049949545534,14
2556781,9.899425984089087,6
2556787,9.889376412229096,6
2556797,9.800569181092401,10
2556809,9.779712725671532,12
2556810,10.0,1
2556813,9.957404057586663,3
2556824,9.764692725213758,11
2556829,9.923685292870141,5
2556841,9.74085174960046,12
2556849,9.857237620503312,8
2556861,9.74270952025738,12
2556868,9.871096759244598,7
2556879,9.6240927892241,11
2556886,9.780981970321033,7
2556897,9.761037936492382,11
2556913,9.646483829989466,16
2556920,9.853634889233684,7
2556921,10.0,1
2556932,9.768340877301975,11
2556946,9.693105438144688,14
2556957,9.773607292509757,11
2556967,9.797403380363853,10
2556968,9.996515402733085,1
2556979,9.761786479680884,11
2556980,10.0,1
2556993,9.706734555920493,13
2557003,9.791394652263389,10
2557008,9.919269240377051,5
2557013,9.91807714815605,5
2557023,9.789588176640112,10
2557033,9.784323123173026,10
2557037,9.942570049499023,4
2557044,9.866801684724777,7
2557045,10.0,1
2557046,10.0,1
2557058,9.785237848889915,12
2557068,9.807802828059893,10
2557069,10.0,1
2557079,9.787044471225666,10
2557080,10.0,1
2557091,9.648816399102415,11
2557097,9.883301334664514,6
2557106,9.831338893754607,9
2557107,10.0,1
2557117,9.793381759757825,10
2557119,9.971379685349099,2
2557129,9.583912386932385,10
2557134,9.925764924240747,5
2557143,9.84142303687913,9
2557153,9.782099947018068,10
2557165,9.773086816315145,12
2557166,10.0,1
2557170,9.937170122466547,4
2557187,9.386210678503733,17
2557188,9.996600884933162,1
2557192,9.936899118342245,4
2557194,9.97537226004697,2
2557206,9.7524915671469,12
2557222,9.620932156880752,16
2557225,9.953114385482717,3
2557236,9.767869739972395,11
2557239,9.963340590228228,3
2557250,9.758288318984864,11
2557260,9.838880329787798,10
2557266,9.790009821948994,6
2557274,9.824568983967113,8
2557282,9.844912248078057,8
2557294,9.718354129975463,12
2557299,9.903391447431314,5
2557309,9.79472197885312,10
2557322,9.712073457979503,13
2557344,9.592046961459927,22
2557352,9.865781757146218,8
2557361,9.848972016216122,9
2557371,9.791791008685747,10
2557379,9.829205456646152,8
2557380,10.0,1
2557386,9.70514411443665,6
2557391,9.930031144574281,5
2557401,9.785292208888286,10
2557406,9.93062421623382,5
2557420,9.707898225188242,14
2557430,9.783069814007806,10
2557431,10.0,1
2557442,9.786188754962188,11
2557453,9.778653763988657,11
2557464,9.763199577790461,11
2557469,9.917439950192346,5
2557477,9.824788300817742,8
2557498,9.547550498958119,21
2557507,9.80303445884862,9
2557510,9.952085907578475,3
2557513,9.962940218239277,3
2557530,9.58687392766762,17
2557531,10.0,1
2557549,9.568281968010455,18
2557560,9.794178540407952,11
2557570,9.794525080500316,10
2557571,10.0,1
2557572,10.0,1
2557583,9.783186156508444,11
2557585,9.978944270937157,2
2557594,9.820321051194355,9
2557600,9.819420698221428,6
2557609,9.831381319990557,9
2557614,9.924979322497341,5
2557623,9.802634285606121,9
2557624,10.0,1
2557637,9.727947892918845,13
2557647,9.683393810080233,10
2557656,9.82268698576021,9
2557666,9.794474607086384,10
2557672,9.894510903073202,6
2557682,9.80918812718058,10
2557685,9.948979472604293,3
2557690,9.933861559169754,5
2557698,9.857253113804937,8
2557702,9.947661432772602,4
2557715,9.729348567057558,13
2557718,9.945794933567072,3
2557733,9.63310107755406,15
2557734,9.992021750164424,1
2557741,9.876421106831039,7
2557746,9.915590859712903,5
2557754,9.625656481213406,8
2557776,9.419289849702643,22
2557803,8.762890680854788,27
2557815,9.746892762191338,12
2557825,9.78501264699489,10
2557835,9.8036156254918,10
2557836,10.0,1
2557843,9.86447305734802,7
2557859,9.646951479953168,16
2557873,9.694414602350117,14
2557878,9.916719168892087,5
2557889,9.779425197294312,11
2557900,9.780756876805066,11
2557915,9.63015907550517,15
2557924,9.815206497852738,9
2557929,9.90005095580678,5
2557930,10.0,1
2557937,9.863833850690927,7
2557938,10.0,1
2557945,9.860450977458203,7
2557951,9.882795981759346,6
2557962,9.768570644262024,11
2557970,9.844723376978813,8
2557981,9.752914975430064,11
2557989,9.823734265841384,8
2557997,9.838616247941008,8
2558002,9.912830727461838,5
2558014,9.742437475009034,12
2558019,9.909262110696838,5
2558028,9.713542811576655,9
2558038,9.775812967810669,10
2558048,9.803759833829025,10
2558063,9.675089748057896,15
2558068,9.924560525513419,5
2558073,9.914465408822903,5
2558081,9.860729168800122,8
2558087,9.904481007688691,6
2558100,9.520639360197634,13
2558115,9.671001693033084,15
2558131,9.623767393202927,16
2558141,9.786043282489292,10
2558153,9.727849853119382,12
2558160,9.878128519132298,7
2558170,9.777554770458066,10
2558178,9.840727241671006,8
2558181,9.948245550839037,3
2558185,9.930604243725856,4
2558192,9.863800043719886,7
2558198,9.91400731848035,6
2558200,9.978416008906075,2
2558213,9.729110606242282,13
2558214,10.0,1
2558217,9.954964653105188,3
2558218,10.0,1
2558223,9.915116890086207,5
2558236,9.052706588820339,13
2558237,9.99557899548733,1
2558256,9.595347364963061,19
2558272,9.610242542837007,16
2558285,9.724481100318487,13
2558300,9.68189406847479,15
2558321,9.46641938905839,21
2558323,9.98103594812778,2
2558334,9.783194731496481,11
2558346,8.977052415104792,12
2558354,9.828473558778976,8
2558368,9.698058825455716,14
2558373,9.928678902603217,5
2558385,9.755617899671478,12
2558395,9.78976548073497,10
2558396,10.0,1
2558410,9.708021368441344,14
2558424,9.663217700964923,14
2558434,9.788171007959406,10
2558440,9.891529406711374,6
2558445,9.915020465167519,5
2558453,9.848900418551235,8
2558466,9.708760826207564,13
2558467,10.0,1
2558473,9.88706062338102,6
2558488,8.116463967073834,15
2558489,9.99270316853308,1
2558491,9.981563227121134,2
2558500,9.827751809117471,9
2558505,9.913455811270527,5
2558513,9.845968417595847,8
2558526,9.701502675492538,13
2558527,10.0,1
2558537,9.804912635324323,10
2558542,9.90609288473217,5
2558551,9.831289834839804,9
2558561,9.792254731797035,10
2558568,9.852871807765288,7
2558579,9.764302473275276,11
2558580,9.996489959123698,1
2558586,9.899849515332225,6
2558601,9.656868350269294,15
2558614,9.733379529589316,13
2558620,9.89329583950531,6
2558624,9.943831688630116,4
2558631,9.856684286534032,7
2558632,10.0,1
2558639,9.881110097579477,7
2558648,9.818656775437777,9
2558661,9.702493712500441,13
2558669,9.841546145533066,8
2558681,9.71831290763726,12
2558696,9.650006493495995,15
2558697,10.0,1
2558712,9.667487914919452,15
2558719,9.876384395817762,7
2558720,9.988037324656474,1
2558725,9.93080546318806,5
2558735,9.780813352376862,10
2558742,9.855196340168295,7
2558751,9.82903771225159,9
2558752,10.0,1
2558753,10.0,1
2558763,9.789892832819188,10
2558765,9.98450465062518,2
2558772,9.850048725631689,7
2558776,9.940696473696955,4
2558789,9.751422332043418,13
2558799,9.829467532125204,10
2558812,9.719533718511054,13
2558826,9.698935996750265,14
2558834,9.843348625903777,8
2558837,9.960165363212205,3
2558849,9.746557364602994,12
2558850,10.0,1
2558861,9.760708021131428,11
2558870,9.815299660438058,9
2558877,9.874404312995994,7
2558889,9.74178861746488,12
2558893,9.939677899259024,4
2558899,9.887013238500979,6
2558900,9.99672076541728,1
2558912,9.53750198766347,12
2558924,9.765508155365767,12
2558925,10.0,1
2558939,9.693130386515616,14
2558950,9.76151066257543,11
2558966,9.638736264476211,16
2558977,9.775254871719236,11
2558989,9.727858958109866,12
2559001,9.795249183086204,12
2559006,9.920239375856012,5
2559017,9.75217912457779,11
2559034,9.592367548154481,17
2559045,9.78998329498362,11
2559050,9.697482364504978,5
2559065,9.660010130916628,15
2559071,9.892312103323023,6
2559081,9.77898259776366,10
2559098,9.614168265823546,17
2559117,9.579812841672942,19
2559125,9.839907184464234,8
2559135,9.793089399893681,10
2559156,9.489973176342112,21
2559169,9.71263466720851,13
2559175,9.89633562901954,6
2559182,9.84841134281674,7
2559192,9.80368642100206,10
2559200,9.743569642890542,8
2559203,9.95724315246146,3
2559211,9.832061052302208,8
2559230,9.546269513895595,19
2559244,9.74066897629813,14
2559257,9.687574813104641,13
2559261,9.927090526323246,4
2559270,9.821005201079597,9
2559271,10.0,1
2559283,9.760097277530525,12
2559289,9.902344289377918,6
2559305,9.614228596708223,16
2559308,9.950488524051089,3
2559321,9.727513738959939,13
2559324,9.967198090173797,3
2559325,10.0,1
2559326,10.0,1
2559333,9.86879268857264,7
2559342,9.856205174318006,9
2559352,9.820806093586912,10
2559363,9.787093861513107,11
2559376,9.723503992301328,13
2559388,9.74619395130414,12
2559403,9.647102859641537,15
2559415,9.751936123963393,12
2559425,9.803337409067753,10
2559426,10.0,1
2559439,9.712322587907506,13
2559442,9.968312190652187,3
2559455,9.722008581516148,13
2559459,9.950392074626311,4
2559461,9.98320628554609,2
2559476,9.677368662022747,15
2559491,9.66949972525112,15
2559497,9.908941757489027,6
2559509,9.758297949973278,12
2559519,9.804800143211502,10
2559528,9.815056307418505,9
2559539,9.756728857592773,11
2559549,9.78857235643641,10
2559558,9.825913879848889,9
2559573,9.684262842764447,15
2559581,9.577080409494709,8
2559594,9.71969655249411,13
2559608,9.760001653196136,14
2559613,9.914034368325796,5
2559619,9.897721037746315,6
2559635,9.665557695123967,16
2559642,9.876595869758926,7
2559654,9.768088046822285,12
2559662,9.858139043575369,8
2559674,9.743366940283492,12
2559682,9.851504153493977,8
2559695,9.701128942186902,13
2559700,9.926033661865597,5
2559712,9.731887110435832,12
2559722,9.824303940086743,10
2559724,9.985089999703442,2
2559739,9.673871729076915,15
2559749,9.821253532964656,10
2559750,10.0,1
2559754,9.940114371212754,4
2559755,10.0,1
2559756,10.0,1
2559766,9.771691047235104,10
2559767,10.0,1
2559776,9.847585165092536,9
2559780,9.53857451181856,4
2559794,9.690012985817415,14
2559816,9.526913477869982,22
2559826,9.778695681971769,10
2559835,9.807300382173548,9
2559846,9.743609526575831,11
2559857,9.76416782859613,11
2559869,9.745020272063979,12
2559883,9.668249406144012,14
2559884,10.0,1
2559885,10.0,1
2559891,9.906176717330052,6
2559901,9.78483567342973,10
2559916,9.681061630710127,15
2559926,9.808771109382857,10
2559940,9.726610686686817,14
2559961,9.532325618246295,21
2559970,9.811319244543261,9
2559979,9.600232395292558,9
2559987,9.849341173363948,8
2560000,9.74247691468377,13
2560014,9.683404196274493,14
2560027,9.72033322641565,13
2560034,9.862016619972328,7
2560045,9.80606476541846,11
2560053,9.849038530467952,8
2560057,9.946717932032305,4
2560077,9.557351275176128,20
2560089,9.748292950722538,12
2560090,9.993218490382988,1
2560100,9.811436447653236,10
2560116,9.67276189327624,16
2560124,9.845040320493489,8
2560138,9.717340837811651,14
2560148,9.806282076578205,10
2560161,9.702047732298228,13
2560170,9.838880526319409,9
2560174,9.937672404586186,4
2560189,9.68373109874804,15
2560201,9.778074099225746,12
2560202,10.0,1
2560221,9.62116967961276,19
2560230,9.843181795569462,9
2560238,9.846846584109672,8
2560245,9.840205276612979,7
2560250,9.89732827480162,5
2560260,9.786341385138213,10
2560276,9.637523226449924,16
2560284,9.837003861376225,8
2560297,9.69062012337831,13
2560306,9.8434954806441,9
2560318,9.723829829309429,12
2560335,9.60655005958186,17
2560342,9.855012383957684,7
2560343,10.0,1
2560351,9.846229094304539,8
2560356,9.907254864942617,5
2560361,9.907781842307228,5
2560362,10.0,1
2560375,9.71023079101142,13
2560384,9.829921441436921,9
2560400,9.638206044455464,16
2560412,9.75344389697157,12
2560423,9.74729696936877,11
2560434,9.754453495039485,11
2560481,9.06156433731074,47
2560489,9.857144038823249,8
2560498,9.830352108546165,9
2560504,9.87223401553739,6
2560511,9.859842914035243,7
2560518,9.866589324393788,7
2560524,9.873568189095058,6
2560532,9.852206964336274,8
2560533,10.0,1
2560540,9.871014327686577,7
2560546,9.882661490978364,6
2560556,9.790791463340616,10
2560558,9.982076838355898,2
2560559,10.0,1
2560560,10.0,1
2560574,9.716366379613389,14
2560581,9.86286043009418,7
2560588,9.872103067384717,7
2560604,9.608925029974923,16
2560612,9.859397325829764,8
2560625,9.72301462830883,13
2560636,9.78505030018955,11
2560650,9.691077431484501,14
2560653,9.949466686796386,3
2560659,9.875269175510589,6
2560662,9.959310339731351,3
2560668,9.89961459929404,6
2560685,9.573171350644902,17
2560695,9.807195865560182,10
2560696,10.0,1
2560698,9.973944793319065,2
2560702,9.946748580942149,4
2560717,9.6887518771211,15
2560720,9.960177173050779,3
2560729,9.828970385735865,9
2560733,9.941922871887655,4
2560743,9.787940719515507,10
2560759,9.645867136228514,16
2560767,9.844110388892616,8
2560774,9.874695001457694,7
2560785,9.778702352786016,11
2560791,9.890551800104637,6
2560800,9.854245106468179,9
2560813,9.705802933350531,13
2560826,9.727448733758688,13
2560830,9.931264331977259,4
2560841,9.766423255192485,11
2560851,9.821241821806582,10
2560862,9.767210728541649,11
2560868,9.89231989412959,6
2560875,9.86169011537178,7
2560883,9.851656825213734,8
2560894,9.798830915163226,11
2560900,9.898620650912132,6
2560912,9.742111864672038,12
2560927,9.708945046273808,15
2560935,9.871215121760596,8
2560951,9.012243627235318,16
2560952,10.0,1
2560960,9.883328874379494,8
2560963,9.954700978194333,3
2560971,9.84263706035706,8
2560980,9.797435858050438,9
2560989,9.840354088541478,9
2560997,9.881568694650198,8
2561002,9.912096483793572,5
2561003,10.0,1
2561018,9.653836688096545,15
2561032,9.693083017672826,14
2561044,9.741622730018243,12
2561056,9.753719009767018,12
2561071,9.687363311273316,15
2561088,9.616909300284618,17
2561102,9.688855237090161,14
2561112,9.811940873739633,10
2561140,9.442667011831057,28
2561154,9.660299168734042,14
2561162,9.827242126766041,8
2561170,9.849726519447914,8
2561178,9.840871331027332,8
2561183,9.89528750527426,5
2561192,9.805082824651368,9
2561195,9.949787582955649,3
2561203,9.815526642265738,8
2561219,9.71696114752926,16
2561222,9.955094919534321,3
2561236,9.726202342374785,14
2561244,9.845360791791451,8
2561246,9.984374065130012,2
2561252,9.880617830027214,6
2561261,9.819551693194079,9
2561267,9.921787100259797,6
2561274,9.881318022046058,7
2561291,9.60433558935858,17
2561303,9.754838491222575,12
2561304,10.0,1
2561313,9.83711129633344,9
2561320,9.890441800012177,7
2561331,9.761202080527418,11
2561338,9.87103955858145,7
2561349,9.773320795520132,11
2561358,9.805367442845473,9
2561359,9.988467457826284,1
2561374,9.653001058592189,15
2561382,9.840253960443897,8
2561396,9.744382375569492,14
2561403,9.854136547109542,7
2561413,9.807139994345636,10
2561419,9.89306753664551,6
2561435,9.627213537962799,16
2561447,9.712505361123052,12
2561466,9.623227276941114,19
2561475,9.826950326124935,9
2561476,10.0,1
2561485,9.80136896904013,9
2561497,9.740612274924123,12
2561509,9.73069689060815,12
2561513,9.938606775448795,4
2561521,9.836793847970437,8
2561533,9.737940006151286,12
2561537,9.941228362349879,4
2561544,9.857635059158982,7
2561554,9.807970925144794,10
2561565,9.479287950045695,11
2561583,9.58276981629006,18
2561589,9.891078472922409,6
2561600,9.774675084828841,11
2561611,9.78729134935071,11
2561618,9.848987428515613,7
2561624,9.893603684851577,6
2561631,9.895271701196185,7
2561649,9.613047171254374,18
2561657,9.853668989454968,8
2561665,9.861438263835142,8
2561666,10.0,1
2561675,9.816818567448221,9
2561681,9.893863531185238,6
2561686,9.906510135498493,5
2561704,9.635024796243899,18
2561709,9.927676873669537,5
2561710,10.0,1
2561725,9.724239712012785,15
2561767,8.998992007676119,42
2561773,9.896540854535065,6
2561788,9.663627024194744,15
2561794,9.890051200747317,6
2561803,9.856889535282157,9
2561827,9.492603581007172,24
2561833,9.89551281424161,6
2561844,9.782073013972864,11
2561849,9.932980221884801,5
2561856,9.879811487645094,7
2561878,9.485148301424493,22
2561889,9.759005625767646,11
2561900,9.781759902957074,11
2561909,9.805885963166325,9
2561925,9.626272344395646,16
2561934,9.81198636810884,9
2561940,9.88907912292811,6
2561948,9.839752562794528,8
2561949,10.0,1
2561974,9.5137568959834,25
2561983,9.822455111420243,9
2561997,9.741441913933123,14
2562003,9.884979140334677,6
2562012,9.809969428863097,9
2562025,8.788505743667319,13
2562039,9.697569970341041,14
2562045,9.903366337530183,6
2562064,9.524655314816506,19
2562078,9.725078386746492,14
2562087,9.825404427211351,9
2562095,9.829350498382412,8
2562111,9.604127822184482,16
2562122,9.766637621655752,11
2562130,9.826306997830285,8
2562131,10.0,1
2562134,9.94678822669004,3
2562161,9.399327199731601,27
2562169,9.834122594129777,8
2562172,9.968567803416319,3
2562183,9.761510447422665,11
2562190,9.884815852951608,7
2562203,9.723823466797242,13
2562213,9.76954496566578,10
2562224,9.767050465585852,11
2562232,9.85009022927034,8
2562243,9.747366050785772,11
2562256,9.750889789814108,13
2562268,9.72659599194632,12
2562275,9.862750814686587,7
2562278,9.962993003995493,3
2562286,9.843258141122773,8
2562299,9.739007342457885,13
2562318,9.480502942756658,19
2562327,9.85991748941529,9
2562331,9.94347838785774,4
2562341,9.818099285523449,10
2562342,10.0,1
2562347,9.90567552801634,5
2562355,9.875019580493376,8
2562357,9.971606955148177,2
2562371,9.702192459477223,14
2562383,9.765929304462977,12
2562393,9.78232596692569,10
2562402,9.821273819024869,9
2562407,9.937532392357722,5
2562414,9.857277322264459,7
2562423,9.820386406731435,9
2562438,9.70209781764347,15
2562439,9.996614246189905,1
2562447,9.85830296706744,8
2562453,9.896991239992976,6
2562461,9.86724558778385,8
2562469,9.728961650960473,8
2562479,9.804106505163114,10
2562485,9.892242404671508,6
2562502,9.606054797184925,17
2562513,9.757935257025057,11
2562520,9.757712121983687,7
2562521,10.0,1
2562527,9.90062702365194,6
2562536,9.83056723560432,9
2562544,9.832483383432304,8
2562551,9.896587559798334,7
2562556,9.90357182645114,5
2562570,9.67826974267485,14
2562575,9.91282929358067,5
2562584,9.84192959611018,9
2562590,9.895200384134348,6
2562600,9.815195757616603,10
2562608,9.849864243626563,8
2562619,9.763270508334681,11
2562628,9.834582673302423,9
2562634,9.909648931670876,6
2562635,9.995937784769552,1
2562646,9.767905851143087,11
2562653,9.868806962416235,7
2562662,9.831341161969249,9
2562671,9.859076144294436,9
2562685,9.686228213735077,14
2562695,9.78316010857288,10
2562704,9.814412015528456,9
2562713,9.827255947217472,9
2562721,9.821365779405996,8
2562731,9.79601371476535,10
2562746,9.653425022749957,15
2562752,9.889057664866804,6
2562761,9.79847622740063,9
2562763,9.982817064874087,2
2562777,9.705497263878785,14
2562782,9.914019605514628,5
2562798,9.619822062272679,16
2562803,9.917859209041074,5
2562812,9.83400863296221,9
2562823,9.748326188685082,11
2562824,10.0,1
2562830,9.906293037080662,6
2562831,9.992824526098836,1
2562847,9.698330890457399,16
2562854,9.891548418139587,7
2562860,9.896889312179622,6
2562865,9.908678004770282,5
2562866,10.0,1
2562873,9.776616845474312,7
2562874,10.0,1
2562884,9.786441447338758,10
2562901,9.61393850508036,17
2562908,9.858337209775385,7
2562917,9.828781454579984,9
2562922,9.928363710022118,5
2562934,9.73822342911197,12
2562940,9.884813077610174,6
2562949,9.848841105961988,9
2562960,9.767375869960878,11
2562967,9.876196883007042,7
2562968,10.0,1
2562977,9.80806606640743,9
2562985,9.829775304871676,8
2562991,9.90857874452489,6
2563003,9.74013766003746,12
2563015,9.722478481840898,12
2563016,10.0,1
2563033,9.578073006978794,17
2563042,9.817625136416828,9
2563054,9.740570682711146,12
2563062,9.838110877195513,8
2563063,10.0,1
2563071,9.836245190056463,8
2563078,9.873386294464076,7
2563100,9.381180128018602,22
2563117,9.592869879965576,17
2563124,9.888954871798928,7
2563139,9.681013850753422,15
2563142,9.954077504975462,3
2563153,9.794479651244691,11
2563160,9.881616543535829,7
2563167,9.884180432966144,7
2563172,9.913157793546413,5
2563185,9.707725209623586,13
2563186,10.0,1
2563187,10.0,1
2563200,9.723325230848847,13
2563209,9.834123016650882,9
2563221,9.733467571498666,12
2563222,10.0,1
2563224,9.976965814937348,2
2563229,9.928407403638095,5
2563240,9.740215414032594,11
2563247,9.857813247993251,7
2563253,9.886202856222784,6
2563261,9.864118521839808,8
2563262,9.996720682077722,1
2563282,9.626532499783451,20
2563283,10.0,1
2563294,9.768004998308665,11
2563297,9.969283813736983,3
2563318,9.56607206532797,21
2563331,9.709829387171172,13
2563340,9.814652409792858,9
2563343,9.968000127571258,3
2563347,9.934189139799292,4
2563360,9.692994463248091,13
2563363,9.955239723487093,3
2563378,9.665524376698365,15
2563385,9.902995271501421,7
2563386,10.0,1
2563387,10.0,1
2563395,9.838517353785079,8
2563407,9.717257272027148,12
2563412,9.940107955487408,5
2563413,10.0,1
2563429,9.622221007677762,16
2563448,9.670186699376748,19
2563455,9.864792120690147,7
2563469,9.711626341506756,14
2563480,9.762459862768928,11
2563491,9.785265607615752,11
2563497,9.881607646385268,6
2563501,9.942742517820976,4
2563504,9.957513563202873,3
2563505,10.0,1
2563515,9.790662158293983,10
2563519,9.9516106282458,4
2563524,9.902488625252436,5
2563531,9.855803343495879,7
2563542,9.783522368958906,11
2563562,9.513153952593868,20
2563574,9.727359288403854,12
2563578,9.927836270000698,4
2563579,10.0,1
2563580,10.0,1
2563585,9.911306916927359,5
2563592,9.869741707099092,7
2563598,9.899988766915072,6
2563611,9.724634654181159,13
2563621,9.814601989107281,10
2563640,9.593557501731835,19
2563650,9.787638854283,10
2563657,9.854023720588431,7
2563666,9.797322606578058,9
2563679,9.703215757573707,13
2563693,9.73276265093662,14
2563707,9.696139300901503,14
2563719,9.72400203675513,12
2563728,9.84644404734607,9
2563739,9.770934153728025,11
2563743,9.934687547517829,4
2563748,9.931640876765362,5
2563749,10.0,1
2563755,9.887963958599077,6
2563767,9.750820070777527,12
2563784,9.59439233171758,17
2563799,9.678152781301328,15
2563803,9.944661003823404,4
2563804,9.996027660923794,1
2563809,9.928596700663372,5
2563812,9.961670966056781,3
2563824,9.793134661075678,12
2563844,9.55621964491749,20
2563852,9.857418411232864,8
2563861,9.815634315455062,9
2563870,9.792579423930865,9
2563882,9.720411863654848,12
2563887,9.912681972232575,5
2563895,9.837585630004249,8
2563896,10.0,1
2563902,9.909856768808485,6
2563915,9.723045039412511,13
2563924,9.820821098015266,9
2563925,9.991831413693625,1
2563935,9.811219037812775,10
2563939,9.93558054508924,4
2563953,9.734890674643003,14
2563966,9.698420865567963,13
2563974,9.834088410579843,8
2563981,9.87056477622172,7
2563986,9.93345027782897,5
2563995,9.81806462496868,9
2564006,9.76466195626687,11
2564015,9.832888762724565,9
2564022,9.865791946468304,7
2564032,9.771533729361707,10
2564040,9.86181190016765,8
2564050,9.813794082697466,10
2564064,9.674090174483528,14
2564067,9.951565250662695,3
2564071,9.944998700172567,4
2564082,9.776628998737557,11
2564094,9.733645003637774,12
2564102,9.859213151713583,8
2564106,9.934498675618606,4
2564111,9.92359301024881,5
2564121,9.789388970785971,10
2564132,9.73837126720969,11
2564154,9.636787058187767,22
2564162,9.849279098030916,8
2564165,9.954977275834977,3
2564175,9.796078580052821,10
2564176,10.0,1
2564183,9.852910353470623,7
2564196,9.728945605530884,13
2564205,9.816741111541793,9
2564212,9.877859588994244,7
2564225,9.71212374687684,13
2564233,9.752892351663043,8
2564244,9.757419228916312,11
2564249,9.926112287933686,5
2564256,9.859063326043708,7
2564265,9.853545135359253,9
2564266,10.0,1
2564280,9.677292267016927,14
2564284,9.947808838991323,4
2564288,9.943353268152512,4
2564296,9.865069614725103,8
2564312,9.648901067328596,16
2564323,9.76137192587155,11
2564326,9.963390040628843,3
2564332,9.883376714775062,6
2564342,9.805164492888725,10
2564353,9.759611917394594,11
2564368,9.679489458701735,15
2564380,9.739454770941308,12
2564400,9.47688564288807,20
2564405,9.931898364786436,5
2564413,9.844475494181987,8
2564416,9.962069359761118,3
2564417,10.0,1
2564419,9.984982650959626,2
2564420,10.0,1
2564423,9.967611899940293,3
2564427,9.946915114293924,4
2564442,9.636852093724656,15
2564455,9.711326397825452,13
2564456,10.0,1
2564463,9.87185979153814,7
2564464,9.989271314162904,1
2564472,9.847324016987464,8
2564488,9.655039573218785,16
2564500,9.7253636932984,12
2564507,9.869834153432105,7
2564512,9.921107774134967,5
2564523,9.780952808157974,11
2564533,9.776100957357503,10
2564534,10.0,1
2564541,9.877347141697653,7
2564549,9.838768840458624,8
2564556,9.883100802327537,7
2564565,9.80433450695054,9
2564581,9.634337611971354,16
2564583,9.982414440060335,2
2564587,9.942050910669838,4
2564594,9.890792821377456,7
2564610,9.578388949066605,16
2564611,10.0,1
2564626,9.663519244605299,15
2564635,9.711593029021405,9
2564641,9.90126157859136,6
2564645,9.940112789350659,4
2564649,9.949537720041858,4
2564659,9.689727922262872,10
2564674,9.631737889039615,15
2564683,9.830525392544871,9
2564689,9.90692367515713,6
2564699,9.779816125716028,10
2564706,9.883673395100647,7
2564711,9.90541213341039,5
2564723,9.740708757870589,12
2564730,9.869501181748742,7
2564747,9.661450474237975,17
2564755,9.842794536387025,8
2564772,9.547010253909397,17
2564783,9.768347300959368,11
2564793,9.801733298626631,10
2564801,9.836430881818568,8
2564810,9.841362711984349,9
2564813,9.970614418667767,3
2564828,9.649233553073945,15
2564837,9.841209997068283,9
2564848,9.773336171115522,11
2564852,9.927826704675478,4
2564858,9.898909442518658,6
2564877,9.555746153412944,19
2564878,10.0,1
2564889,9.776246600946202,11
2564907,9.631379023164833,18
2564919,9.735591368504068,12
2564930,9.772134486025294,11
2564931,9.99239928996263,1
2564932,10.0,1
2564941,9.832543141030675,9
2564951,9.766330168434049,10
2564963,9.730207638244837,12
2564964,10.0,1
2564982,9.650468508207831,18
2564992,9.790495374468888,10
2564993,10.0,1
2565003,9.763581255407713,10
2565009,9.879943732670581,6
2565012,9.960684487358254,3
2565018,9.88844086924982,6
2565031,9.722296796699895,13
2565034,9.958834657931057,3
2565041,9.877800168425939,7
2565046,9.918542902214972,5
2565058,9.73015133528663,12
2565066,9.829956407971798,8
2565079,9.758173354996996,13
2565087,9.818926350490186,8
2565097,9.771617212676487,10
2565108,9.794790256095666,11
2565115,9.876564073847302,7
2565118,9.959338942852456,3
2565127,9.843510215430266,9
2565139,9.724104109106573,12
2565148,9.790349068256942,9
2565160,9.756279725562104,12
2565167,9.871929455153634,7
2565168,10.0,1
2565178,9.77387427253296,10
2565181,9.952611223068457,3
2565185,9.934728874952455,4
2565187,9.984389727918066,2
2565199,9.77995412549956,12
2565206,9.891505823438404,7
2565212,9.887286275437337,6
2565217,9.911783236271196,5
2565230,9.788854641286651,13
2565243,9.752036077781021,13
2565245,9.980917455258384,2
2565252,9.88583660558328,7
2565261,9.80478548966683,9
2565269,9.847597004177512,8
2565275,9.890165394002736,6
2565282,9.858329750910466,7
2565283,9.991220098774532,1
2565297,9.653282692450686,14
2565306,9.815300035863885,9
2565314,9.847367780261282,8
2565318,9.936577814128894,4
2565327,9.815643863997769,9
2565332,9.919927711759842,5
2565335,9.955848176142405,3
2565341,9.888613389463288,6
2565352,9.749754407322044,11
2565353,10.0,1
2565363,9.795260303144275,10
2565370,9.884483090751402,7
2565372,9.972999379468808,2
2565384,9.756024966675575,12
2565389,9.91103840164891,5
2565392,9.959832334935804,3
2565406,9.65532469917809,14
2565415,9.79876538396357,9
2565425,9.791063009117215,10
2565426,10.0,1
2565435,9.817902097105241,9
2565450,9.66424249875556,15
2565465,9.705074336224952,15
2565473,9.832189060084835,8
2565488,9.650824943087597,15
2565495,9.85093820824103,7
2565496,9.987212033291486,1
2565508,9.772521012176066,12
2565517,9.810834578466082,9
2565531,9.439192329066689,14
2565538,9.862929744279135,7
2565545,9.906962949569913,7
2565567,9.49325082631635,22
2565568,9.9964272543598,1
2565569,10.0,1
2565578,9.814651262526487,9
2565588,9.802253217587392,10
2565600,9.734331639392959,12
2565615,9.252870704390661,15
2565632,9.61085666514499,17
2565637,9.9012942526698,5
2565651,9.66091739655952,14
2565663,9.761807245487464,12
2565670,9.868230012478042,7
2565671,10.0,1
2565684,9.705663459602118,13
2565685,10.0,1
2565693,9.856915227302496,8
2565706,9.710798623280866,13
2565714,9.896997080712689,8
2565736,9.572095618193508,22
2565746,9.767643459951062,10
2565785,9.357400741750288,39
2565797,9.735197182628768,12
2565813,9.627590660164742,16
2565814,10.0,1
2565815,10.0,1
2565816,10.0,1
2565828,9.728457076830868,12
2565835,9.854353210738505,7
2565840,9.923999434091595,5
2565847,9.887819792103976,7
2565857,9.777602481551323,10
2565876,9.538202507827043,19
2565891,9.680192822490644,15
2565904,9.744367276074637,13
2565909,9.91621341112495,5
2565916,9.875051245858137,7
2565931,9.67443795840721,15
2565942,9.775054249527592,11
2565952,9.824257314053218,10
2565963,9.756386086376336,11
2565983,9.57052272551056,20
2565993,9.79914875730669,10
2566001,9.83485037071997,8
2566014,9.716923393458728,13
2566015,9.996688803101685,1
2566023,9.845716521378726,8
2566033,9.803383361102465,10
2566034,10.0,1
2566043,9.854905697594297,9
2566051,9.835151235996928,8
2566062,9.745340906838392,11
2566071,9.811466222052937,9
2566079,9.86508911994927,8
2566090,9.770064353857435,11
2566104,9.680612138208271,14
2566116,9.755989766583193,12
2566120,9.924149225812387,4
2566156,9.336819728489477,36
2566166,9.804222597303271,10
2566171,9.907775783179638,5
2566178,9.876970948564308,7
2566190,9.712685328711391,12
2566200,9.785707747286395,10
2566205,9.919122091098618,5
2566215,9.770446720879276,10
2566219,9.946144919266874,4
2566232,9.723488726309961,13
2566244,9.807195106532687,12
2566261,9.613065277681644,17
2566270,9.815329822244788,9
2566273,9.965555909758589,3
2566280,9.889931415549688,7
2566281,10.0,1
2566289,9.85456477799441,8
2566293,9.945803882228862,4
2566303,9.807827274737056,10
2566308,9.918987796776083,5
2566320,9.729160935405814,12
2566331,9.766011040698402,11
2566334,9.96118723325811,3
2566344,9.81077837069487,10
2566350,9.891403013264107,6
2566353,9.965905562349112,3
2566356,9.95822005492294,3
2566371,9.642513344230236,15
2566379,9.86199400069004,8
2566380,10.0,1
2566389,9.86465906462011,9
2566397,9.856772533674642,8
2566413,9.380724678062945,16
2566425,9.751777220904037,12
2566435,9.807436032323897,10
2566438,9.962893467674045,3
2566452,9.664989783527405,14
2566461,9.81687491461179,9
2566471,9.768812154498166,10
2566480,9.836714722939776,9
2566490,9.78343071545175,10
2566498,9.844789689122367,8
2566516,9.605709599596405,18
2566529,9.711938205799163,13
2566535,9.91111512558803,6
2566540,9.928110488090262,5
2566553,9.718266892667106,13
2566561,9.850678841468975,8
2566564,9.955543939536934,3
2566573,9.809312053215773,9
2566576,9.968441860634961,3
2566589,9.717816791911861,13
2566600,9.794171787694625,11
2566615,9.64752714812944,15
2566628,9.696396811092173,13
2566633,9.923198422600882,5
2566636,9.952730918973202,3
2566643,9.874413678148178,7
2566654,9.814022824439643,11
2566663,9.805406662096175,9
2566677,9.691482599395762,14
2566689,9.755262761731455,12
2566694,9.930203548365368,5
2566707,9.703278270203903,13
2566723,9.658910807699186,16
2566749,9.449859222846019,26
2566757,9.8309156625021,8
2566766,9.825271039331017,9
2567266,-38.328831494165975,500
2567280,9.701871871594406,14
2567313,9.337838619082508,33
2567813,-20.667925441302284,500
2567948,6.766546422499274,135
2567962,9.738790938365787,14
2568015,8.789554531633904,53
2568515,-28.243114750941565,500
2569015,-15.65365945424596,500
2569515,-213.55495895026797,500
2569524,9.843622654761331,9
2569543,9.535124949569521,19
2569544,9.993089036934828,1
2569550,9.88770531547666,6
2569558,9.832899557594416,8
2569572,9.691582802500735,14
2569576,9.92706382929615,4
2569585,9.845286248331504,9
2569594,9.843621925887405,9
2569601,9.88312420489831,7
2569607,9.907828385344384,6
2569609,9.981751262195477,2
2569617,9.859870844239783,8
2569628,9.77435858634182,11
2569638,9.600958691010042,10
2569650,9.778576033211559,12
2569661,9.745914604791956,11
2569664,9.965198655352921,3
2569674,9.811709073811738,10
2569676,9.984461185473242,2
2569683,9.85276771747596,7
2569690,9.87607770649198,7
2569697,9.879822922927694,7
2569711,9.673508915015711,14
2569720,9.815700776555996,9
2569731,9.753488760035056,11
2569746,9.636214300418889,15
2569752,9.88844666007064,6
2569758,9.88232298642763,6
2569762,9.94428308023246,4
2569770,9.863664465275189,8
2569771,10.0,1
2569772,10.0,1
2569775,9.966539928687288,3
2569784,9.81107528308612,9
2569793,9.836170707592535,9
2569805,9.793486769449686,12
2569823,9.55767040226171,18
2569834,9.712690088202722,11
2569842,9.856376641952805,8
2569851,9.83371159581273,9
2569867,9.640116476098699,16
2569881,9.696309309440831,14
2569885,9.936412485579831,4
2569886,10.0,1
2569887,9.992683005794172,1
2569893,9.897349196099853,6
2569898,9.93434995218144,5
2569905,9.86288176217237,7
2569918,9.741040704211029,13
2569923,9.921105688943678,5
2569930,9.885756404774575,7
2569942,9.763872283710178,12
2569950,9.85823443443119,8
2569955,9.922050758090222,5
2569965,9.825186231809118,10
2569972,9.902417911050634,7
2569985,9.71751352281435,13
2569990,9.931690215794458,5
2569994,9.946639713234237,4
2570003,9.808718475761715,9
2570018,9.643926369820239,15
2570027,9.83622853901635,9
2570030,9.948898448122803,3
2570034,9.935122469472207,4
2570047,9.730081296430651,13
2570059,9.743771147443034,12
2570067,9.848343113968507,8
2570075,9.844054605360771,8
2570078,9.955645169783374,3
2570083,9.899611326354432,5
2570092,9.824105604972859,9
2570123,9.382349153025581,31
2570136,9.698790957669045,13
2570145,9.817851317456773,9
2570155,9.802548639224398,10
2570163,9.85845385973148,8
2570169,9.879065360812294,6
2570180,9.766507819468783,11
2570197,9.583834142124642,17
2570214,9.662712685406442,17
2570229,9.6793142473488,15
2570241,9.755658690854524,12
2570246,9.933305597665601,5
2570254,9.83905758419201,8
2570272,9.56550691237366,18
2570277,9.935312810226106,5
2570278,10.0,1
2570282,9.936519937388152,4
2570291,9.818489835670373,9
2570309,9.563448863737474,18
2570318,9.812578281294929,9
2570330,9.72608520772267,12
2570343,9.730600330835937,13
2570351,9.86734081472212,8
2570359,9.85175392031568,8
2570363,9.940889993097867,4
2570374,9.776209547214776,11
2570375,10.0,1
2570384,9.810671453141717,9
2570396,9.774486657874803,12
2570401,9.926775258002188,5
2570406,9.91012819467906,5
2570419,9.701951768777818,13
2570432,9.50984227695076,13
2570446,9.686569584591211,14
2570457,9.747352474063472,11
2570471,9.684742852178832,14
2570476,9.920615310526305,5
2570485,9.816377390783131,9
2570491,9.890932083099566,6
2570501,9.784358723426841,10
2570502,10.0,1
2570509,9.869283610946258,7
2570521,9.73830574136106,12
2570532,9.755971086383049,11
2570541,9.821255903888595,9
2570544,9.969683814812608,3
2570548,9.928145231419162,4
2570554,9.902823200699803,6
2570562,9.845535048922933,8
2570573,9.756138785833304,11
2570583,9.798540942458052,10
2570596,9.69961758840649,13
2570600,9.94290726710941,4
2570606,9.889835531132531,6
2570607,10.0,1
2570622,9.689157801988332,15
2570623,10.0,1
2570635,9.730691831842774,12
2570644,9.85355310971718,9
2570657,9.743356307663133,13
2570662,9.904471329029944,5
2570674,9.719882506091396,12
2570685,9.771838343421715,11
2570696,9.485665034839778,11
2570702,9.89739174559433,6
2570717,9.713318088687968,15
2570718,9.988923591527348,1
2570721,9.963381807451222,3
2570730,9.834687949381792,9
2570749,9.574295996011838,19
2570754,9.905193426654881,5
2570763,9.821370561291042,9
2570770,9.854794713322937,7
2570771,9.989305292953864,1
2570786,9.653239133230265,15
2570797,9.747633620488765,11
2570816,9.574423695068953,19
2570823,9.878327186126,7
2570835,9.52915705570434,12
2570840,9.921890036833677,5
2570850,9.811269917502063,10
2570863,9.72373995262899,13
2570864,9.987146472862381,1
2570878,9.562866071846708,14
2570897,9.538047188478359,19
2570902,9.908189765915148,5
2570907,9.913876145367604,5
2570916,9.821127561387533,9
2570926,9.84684644758557,10
2570930,9.944590512117074,4
2570934,9.947903960363035,4
2570946,9.538859089311686,12
2570951,9.916522712034086,5
2570957,9.883092219682531,6
2570966,9.828263787449478,9
2570979,9.729289004519435,13
2570982,9.964612312502846,3
2570990,9.854334104040602,8
2571004,9.66868631504146,14
2571007,9.955644034940287,3
2571011,9.928904327190628,4
2571018,9.85795176243615,7
2571032,9.688337887428489,14
2571037,9.924454956048287,5
2571060,9.43651549773305,23
2571074,9.704221129573229,14
2571078,9.954083906089718,4
2571079,10.0,1
2571094,9.65017972004743,15
2571104,9.784972633533611,10
2571119,9.68608127297187,15
2571124,9.914652465396102,5
2571125,10.0,1
2571132,9.879389064965235,7
2571139,9.861072329484822,7
2571149,9.826968178951468,10
2571155,9.912057696691225,6
2571171,9.61429081553944,16
2571172,9.992833770876022,1
2571175,9.958642249459709,3
2571179,9.932599491833559,4
2571187,9.830446973641566,8
2571196,9.815359677746176,9
2571205,9.822696315489894,9
2571219,9.675673757813776,14
2571229,9.791821365281159,10
2571231,9.97238488967442,2
2571236,9.907087228129017,5
2571241,9.918707824186232,5
2571242,10.0,1
2571250,9.824379601415705,8
2571264,9.685832628584242,14
2571289,9.371872813028054,25
2571299,9.779140862164493,10
2571300,10.0,1
2571307,9.856549236256175,7
2571313,9.890608733386689,6
2571328,9.640010039323197,15
2571332,9.841021928608559,4
2571338,9.881935834805514,6
2571341,9.971296427682578,3
2571358,9.083449243408955,17
2571362,9.942476344162852,4
2571379,9.644405838558768,17
2571396,9.528891947797003,17
2571397,10.0,1
2571403,9.913904450092998,6
2571405,9.970338759186133,2
2571418,9.690259280615557,13
2571425,9.864256983844196,7
2571443,9.608191740768193,18
2571449,9.88523299319263,6
2571450,9.992631012971268,1
2571451,10.0,1
2571464,9.725531324025848,13
2571465,10.0,1
2571475,9.771762412476644,10
2571483,9.834530427935581,8
2571496,9.30594411389389,13
2571506,9.810097590598728,10
2571507,9.987628191677542,1
2571508,10.0,1
2571509,10.0,1
2571522,9.710718591675246,13
2571523,10.0,1
2571530,9.854023882988441,7
2571539,9.797460968290013,9
2571547,9.84146782272915,8
2571556,9.811745693121322,9
2571566,9.802895982983944,10
2571576,9.780997567484137,10
2571586,9.804579796734991,10
2571601,9.689452550553854,15
2571606,9.913188828598193,5
2571618,9.741501354728989,12
2571625,9.88075999157613,7
2571635,9.770574431834865,10
2571644,9.827294053244735,9
2571654,9.816145195189478,10
2571664,9.812410527078825,10
2571672,9.859917648109663,8
2571699,9.471647716656136,27
2571700,10.0,1
2571709,9.822796243187215,9
2571721,9.73460668650483,12
2571735,9.710619543003663,14
2571752,9.591343027096162,17
2572252,-33.141221246015434,500
2572261,9.834676550490697,9
2572270,9.80051280397837,9
2572278,9.83018008708722,8
2572291,9.699876482154904,13
2572299,9.635053952643627,8
2572309,9.82169291179964,10
2572317,9.729111840107663,8
2572327,9.80818896863689,10
2572335,9.837490081019144,8
2572337,9.972932416719521,2
2572347,9.785831369008351,10
2572348,9.989199565176229,1
2572364,9.609958915742942,16
2572382,9.551783767918106,18
2572384,9.97969834031208,2
2572387,9.95910065967472,3
2572392,9.922592853472556,5
2572396,9.938562124704118,4
2572405,9.815946208858296,9
2572411,9.910085615374442,6
2572412,10.0,1
2572418,9.892994306166797,6
2572420,9.971822166711542,2
2572424,9.948232607469114,4
2572433,9.804994047690592,9
2572444,9.80011494832406,11
2572449,9.929087143870753,5
2572465,9.576365579672817,16
2572470,9.904884658560057,5
2572480,9.780177252047292,10
2572488,9.763167252357372,8
2572503,9.68534768173027,15
2572532,9.282933410939865,29
2572545,9.700522941964572,13
2572546,10.0,1
2572547,9.989710442760128,1
2572567,9.575874456728204,20
2572586,9.537360794069127,19
2572591,9.920263435907287,5
2572603,9.742571920924734,12
2572620,9.579797104022486,17
2572625,9.917262164492259,5
2572638,9.735113828630837,13
2572649,9.793285772405982,11
2572657,9.75725920686224,8
2572658,10.0,1
2572664,9.888895986512827,6
2572686,9.510568129990734,22
2572705,9.590429294970573,19
2572713,9.842386497585322,8
2572717,9.938556029252645,4
2572727,9.814381731750913,10
2572737,9.782509903839323,10
2572748,9.756056773450856,11
2572756,9.865980995174716,8
2572762,9.9024451077636,6
2572777,9.680219855719981,15
2572791,9.691866460973085,14
2572796,9.905990035708172,5
2572807,9.797058149550653,11
2572819,9.74901383663064,12
2572832,9.759321763394663,13
2572840,9.861446759616285,8
2572848,9.856172485891618,8
2572862,9.748518225299293,14
2572876,9.691096513575548,14
2572887,9.748102914406706,11
2572890,9.959189609660303,3
2572893,9.957812063142123,3
2572894,9.992523540804509,1
2572905,9.766854289776344,11
2572914,9.828076116030342,9
2572915,9.991956106315293,1
2572929,9.707982748383968,14
2572940,9.783989617916427,11
2572952,9.759345358199127,12
2572954,9.977954326407284,2
2572969,9.682661183700395,15
2572974,9.921281333386796,5
2572985,9.783111921114747,11
2572997,9.784717966902637,12
2573008,9.753262415735175,11
2573020,9.724806242294287,12
2573031,9.768507043496188,11
2573032,10.0,1
2573046,9.689019573709503,14
2573053,9.864380294722617,7
2573059,9.90909365558453,6
2573067,9.858419517857971,8
2573070,9.96902009147582,3
2573082,9.732752749735468,12
2573094,9.754911119341214,12
2573105,9.743665725683162,11
2573117,9.753598859729362,12
2573126,9.424084001684252,9
2573135,9.84295175495556,9
2573148,9.689107632784488,13
2573153,9.912817232950031,5
2573154,10.0,1
2573166,9.730846145948073,12
2573172,9.887460627393878,6
2573181,9.838028275630966,9
2573189,9.866892479299848,8
2573196,9.883903638732036,7
2573203,9.878782772533443,7
2573212,9.827491778988179,9
2573218,9.87659798781797,6
2573224,9.911977549803948,6
2573237,9.69817784953724,13
2573246,9.816449354609569,9
2573247,10.0,1
2573254,9.874604100796839,7
2573255,10.0,1
2573265,9.856719857437266,10
2573279,9.678672661816,14
2573287,9.835701104030948,8
2573300,9.73455223513719,13
2573305,9.921678860994326,5
2573319,9.56551625733767,14
2573326,9.873673963598131,7
2573329,9.970349601178826,3
2573339,9.779837102152959,10
2573353,9.71417473308628,14
2573359,9.893557615770641,6
2573373,9.56423854004045,14
2573374,10.0,1
2573387,9.763899179668103,13
2573392,9.923952028160393,5
2573393,10.0,1
2573405,9.737461245652513,12
2573411,9.888481082284647,6
2573422,9.753218778999727,11
2573433,9.768081792186354,11
2573443,9.777148029104428,10
2573456,9.733441493675109,13
2573462,9.911117143798073,6
2573470,9.857332902274559,8
2573471,10.0,1
2573492,9.479238005065309,21
2573501,9.802530446875487,9
2573515,9.688726843844012,14
2573519,9.931536412114923,4
2573526,9.858776125911861,7
2573537,9.782699829913957,11
2573541,9.948591742862266,4
2573547,9.896386007544159,6
2573562,9.658640171466883,15
2573578,9.637631667269305,16
2573585,9.859145028044063,7
2573593,9.851948598901734,8
2573601,9.866068830464638,8
2573611,9.827013974850574,10
2573618,9.872200392033125,7
2573634,9.651084760373429,16
2573646,9.736891959242076,12
2573662,9.662644621081983,16
2573670,9.854513570380423,8
2573679,9.798637571414995,9
2573686,9.86919265552477,7
2573687,10.0,1
2573695,9.847357308478312,8
2573709,9.720236328625859,14
2573718,9.846748631543875,9
2573722,9.857452030009462,4
2573723,10.0,1
2573724,10.0,1
2573730,9.90177736316448,6
2573731,9.996531001471178,1
2573735,9.94172918432228,4
2573745,9.798070861162437,10
2573759,9.693115191224347,14
2573768,9.804238831053416,9
2573772,9.931671053831751,4
2573783,9.782732967202854,11
2573791,9.862151222597413,8
2573802,9.792927293941752,11
2573820,9.657971406289166,18
2573821,9.989593994566379,1
2573835,9.675288147470965,14
2573844,9.840075551056692,9
2573852,9.840889557251717,8
2573855,9.957611847563552,3
2573856,10.0,1
2573857,10.0,1
2573867,9.79754434145878,10
2573873,9.885802708920949,6
2573880,9.870135558063332,7
2573881,10.0,1
2573897,9.616015627595456,16
2573906,9.81465207693682,9
2573918,9.757694378447459,12
2573924,9.910962853437278,6
2573932,9.845772370283367,8
2573939,9.876376637927741,7
2573949,9.807762934266131,10
2573953,9.939921068524864,4
2573970,9.673250324928242,17
2573983,9.680184721537326,13
2573989,9.890077153836579,6
2573998,9.823879653315712,9
2574011,9.709115233069545,13
2574018,9.877162072609899,7
2574029,9.752063136996972,11
2574038,9.809713961852214,9
2574042,9.94621025952616,4
2574048,9.884014156056764,6
2574062,9.697707291069849,14
2574067,9.913395744480294,5
2574080,9.733059822699609,13
2574086,9.884075423922576,6
2574087,10.0,1
2574101,9.679882705477906,14
2574113,9.726602319790706,12
2574114,10.0,1
2574117,9.95397550673185,3
2574130,9.702900643571477,13
2574136,9.907530893619656,6
2574149,9.774553915879657,13
2574157,9.889363563895769,8
2574174,9.599796604502588,17
2574188,9.67736509241438,14
2574202,9.696593590902244,14
2574219,9.65307261720587,17
2574227,9.849391262640134,8
2574230,9.964397254605046,3
2574245,9.653223598003539,15
2574260,9.665889680987412,15
2574265,9.913880899669776,5
2574271,9.892367225897548,6
2574275,9.932205292244038,4
2574276,10.0,1
2574281,9.922090667904728,5
2574290,9.826523833244813,9
2574302,9.740811243149164,12
2574314,9.777195603759372,12
2574316,9.980841680108853,2
2574321,9.920799745948433,5
2574326,9.925470400088738,5
2574337,9.771493015136066,11
2574342,9.901445225099785,5
2574359,9.390241132429557,17
2574361,9.978447947279484,2
2574370,9.823880645171938,9
2574383,9.772466630169008,13
2574393,9.802269227589303,10
2574404,9.760006817637578,11
2574417,9.764577639566133,13
2574427,9.76778024653186,10
2574428,10.0,1
2574453,9.546024913682292,25
2574462,9.810712293472841,9
2574471,9.840351106693342,9
2574483,9.788812013277278,12
2574488,9.811835661456982,5
2574497,9.810346998971038,9
2574504,9.869781371705871,7
2574518,9.693307859599022,14
2574535,9.586883873069784,17
2574551,9.649389296431321,16
2574565,9.677622826858228,14
2574584,9.55956063714926,19
2574590,9.903003363761359,6
2574602,9.760312470338086,12
2574617,9.645979174191144,15
2574624,9.858813478096332,7
2574626,9.979022874303535,2
2574639,9.622787894787189,13
2574651,9.76326421500837,12
2574652,10.0,1
2574659,9.888445667302005,7
2574660,10.0,1
2574667,9.867375729415365,7
2574678,9.745458875337757,11
2574692,9.658981919246093,14
2574705,9.712302474872061,13
2574713,9.830728604121632,8
2574720,9.875583175448366,7
2574734,9.681570947806694,14
2574741,9.87960114941335,7
2574751,9.844740684780298,10
2574767,9.698673409348848,16
2574769,9.971448804120616,2
2574780,9.797288924088003,11
2574782,9.974167705727544,2
2574786,9.938122384465592,4
2574794,9.665698852817142,8
2574802,9.850443294973166,8
2574806,9.940154971773852,4
2574812,9.883656947495473,6
2574815,9.960814242612848,3
2574825,9.785297104861915,10
2574834,9.8524337555401,9
2574835,10.0,1
2574851,9.66563940086759,16
2574852,10.0,1
2574861,9.820429092525693,9
2574862,10.0,1
2574868,9.893579947532517,6
2574882,9.66920142701279,14
2574890,9.856778356903297,8
2574896,9.883555155528683,6
2574906,9.786928614365085,10
2574910,9.937373625554443,4
2574919,9.845193512741126,9
2574926,9.856724068691474,7
2574942,9.608073513716404,16
2574946,9.922739190581728,4
2574951,9.92630928029762,5
2574965,9.69576605884455,14
2574972,9.863718199419896,7
2574987,9.683852866900141,15
2574988,10.0,1
2574998,9.773514259925108,10
2575008,9.797141260138394,10
2575016,9.83970511746202,8
2575030,9.698768436396492,14
2575039,9.822714148492155,9
2575045,9.91251065620608,6
2575052,9.850389999367213,7
2575055,9.963311550372635,3
2575062,9.87046947442046,7
2575070,9.846376825625544,8
2575081,9.774535237551339,11
2575088,9.870606387707811,7
2575098,9.776252283304325,10
2575099,10.0,1
2575112,9.72939369544295,13
2575119,9.859191782776545,7
2575127,9.837607654318857,8
2575134,9.883834539207093,7
2575144,9.777022469856341,10
2575154,9.801781114182443,10
2575162,9.862393273768006,8
2575180,9.619049930774482,18
2575181,10.0,1
2575187,9.886267113966309,6
2575197,9.786397231456515,10
2575211,9.690810657262093,14
2575229,9.563794205539233,18
2575236,9.84604151188611,7
2575237,10.0,1
2575238,10.0,1
2575242,9.932898693276048,4
2575256,9.746905569810604,14
2575274,9.578123295952489,18
2575277,9.96190337938716,3
2575283,9.87378230737952,6
2575286,9.966145234270627,3
2575295,9.84439785791738,9
2575303,9.852604065405336,8
2575316,9.723018347668845,13
2575332,9.67382593555265,16
2575344,9.751803426897279,12
2575352,9.869404660416603,8
2575360,9.838848946496643,8
2575374,9.685613706636612,14
2575383,9.824115072230326,9
2575393,9.798583523229283,10
2575401,9.74426533116928,8
2575407,9.892095348530907,6
2575415,9.860196585386914,8
2575436,9.63671575182744,21
2575448,9.733039699290103,12
2575459,9.743313338176035,11
2575485,9.32405063041215,26
2575491,9.881144574265868,6
2575494,9.956084125814439,3
2575511,9.571253420698199,17
2575524,9.703119744397835,13
2575525,10.0,1
2575533,9.846022771791189,8
2575540,9.87711287625361,7
2575543,9.957236200378427,3
2575546,9.961753368271221,3
2575549,9.96624706792528,3
2575558,9.8073171440608,9
2575567,9.809144316758033,9
2575584,9.649183838237459,17
2575591,9.87008313542199,7
2575594,9.96317665283747,3
2575599,9.915507960796468,5
2575604,9.932284821644673,5
2575618,9.68823896319452,14
2575628,9.785526959862487,10
2575629,10.0,1
2575634,9.918307452426,5
2575651,9.637797676748994,17
2575652,10.0,1
2575665,9.710839793926498,13
2575680,9.747673191534913,15
2575689,9.854099993236666,9
2575690,10.0,1
2575703,9.719492583562289,13
2575717,9.694873314719455,14
2575720,9.958132587426052,3
2575721,10.0,1
2575736,9.688150245724994,15
2575739,9.964768409497145,3
2575746,9.87364160210513,7
2575755,9.803789086562768,9
2575758,9.95741156683103,3
2575765,9.883344073732808,7
2575773,9.842857592182838,8
2575774,10.0,1
2575787,9.727068223261767,13
2575790,9.964708035741864,3
2575795,9.925134272101731,5
2575796,10.0,1
2575803,9.881080324745584,7
2575809,9.906706447909118,6
2575815,9.899549534792126,6
2575818,9.963650570720693,3
2575821,9.950223449330561,3
2575831,9.8055847775879,10
2575842,9.764060696771471,11
2575854,9.719440297090223,12
2575862,9.836197874511235,8
2575868,9.883750024485991,6
2575872,9.934945681333202,4
2575881,9.800694521851938,9
2575895,9.715561309419414,14
2575896,10.0,1
2575910,9.695154289800849,14
2575923,9.787944932635275,13
2575935,9.742364294036395,12
2575949,9.684250875966256,14
2575950,10.0,1
2575964,9.716602300399616,14
2575971,9.861387313014461,7
2575982,9.762835137094926,11
2575990,9.856404710853676,8
2575995,9.90971935679882,5
2576005,9.774862892494939,10
2576013,9.87463257644431,8
2576014,9.9960622618904,1
2576018,9.945064349201958,4
2576022,9.936391512418414,4
2576032,9.768645419055984,10
2576040,9.83955437167442,8
2576051,9.770097839072196,11
2576072,9.593153427278713,21
2576086,9.685793260647253,14
2576095,9.816816651778895,9
2576107,9.744360367935732,12
2576119,9.745889855737495,12
2576130,9.755160557548507,11
2576139,9.81887130282575,9
2576147,9.86226646596306,8
2576153,9.883860280647214,6
2576156,9.95275838214294,3
2576165,9.826169698140633,9
2576173,9.832088888558072,8
2576182,9.789676780233567,9
2576190,9.851349394440147,8
2576203,9.789353155735146,13
2576206,9.96752118958916,3
2576219,9.737718560894088,13
2576225,9.892001372531864,6
2576230,9.92497527563106,5
2576234,9.94343420357507,4
2576241,9.89811108509526,7
2576256,9.638786146212617,15
2576261,9.912864844344897,5
2576269,9.83968210225247,8
2576276,9.869374100159034,7
2576284,9.85405163821525,8
2576290,9.891573169253261,6
2576296,9.894374491588609,6
2576311,9.678270904124005,15
2576321,9.805981750989847,10
2576330,9.825398519055586,9
2576344,9.721784163903857,14
2576351,9.87491386387064,7
2576359,9.852991448409286,8
2576363,9.932707630976113,4
2576372,9.812360175748925,9
2576394,9.56063767396512,22
2576400,9.87396355007174,6
2576406,9.90649661011563,6
2576407,10.0,1
2576408,10.0,1
2576421,9.71625607724055,13
2576436,9.678385232897227,15
2576446,9.77706158004949,10
2576476,9.32476548985772,30
2576488,9.746023498531873,12
2576501,9.705643534983498,13
2576512,9.756567482523979,11
2576521,9.813803657422406,9
2576522,10.0,1
2576526,9.94051744845609,4
2576534,9.849910371797158,8
2576549,9.701008732036204,15
2576559,9.809459448520911,10
2576562,9.950200315927205,3
2576563,9.996436090281895,1
2576577,9.693670335665276,14
2576592,9.573515449373753,15
2576597,9.90681243308021,5
2576599,9.96856475795996,2
2576606,9.882304322068949,7
2576610,9.958166286877276,4
2576611,10.0,1
2576626,9.682947613641026,15
2576639,9.749005744370514,13
2576645,9.893330369461419,6
2576648,9.952264633605353,3
2576666,9.647303663518281,18
2576674,9.852820539242574,8
2576679,9.929555875564343,5
2576688,9.816715221924923,9
2576700,9.747222810636057,12
2576705,9.919697337271755,5
2576709,9.943484242626047,4
2576714,9.926349884082018,5
2576721,9.86889230677937,7
2576722,10.0,1
2576732,9.783843989538452,10
2576733,10.0,1
2576736,9.959016239853424,3
2576737,10.0,1
2576738,10.0,1
2576741,9.96485735309121,3
2576755,9.70912861177694,14
2576764,9.838923918475652,9
2576765,10.0,1
2576766,10.0,1
2576775,9.793685127298902,9
2576787,9.725039211642033,12
2576794,9.86134372547644,7
2576798,9.938738046318049,4
2576803,9.928151551508089,5
2576814,9.775741526702381,11
2576831,9.64428488472818,17
2576836,9.92188200283069,5
2576837,9.991992300064432,1
2576845,9.862272149452668,8
2576857,9.758204373468999,12
2576862,9.906901783984937,5
2576869,9.882965266907116,7
2576876,9.89541358212116,7
2576892,9.632544137497966,16
2576899,9.840391260189985,7
2576908,9.84437483601976,9
2576927,9.58194711207844,19
2576932,9.926411888547356,5
2576935,9.96865638622797,3
2576942,9.859556736226933,7
2576950,9.827357146378775,8
2576965,9.706355233455701,15
2576979,9.689501023048189,14
2576982,9.96418848411652,3
2576992,9.783480720920162,10
2576997,9.907916217552355,5
2577008,9.777161428246412,11
2577017,9.796834905277715,9
2577028,9.795104379911429,11
2577031,9.953284919128965,3
2577036,9.82368471580682,5
2577045,9.808177187145379,9
2577059,9.668271252281816,14
2577060,10.0,1
2577081,9.512367428024135,21
2577100,9.586240826413723,19
2577104,9.934209308486196,4
2577117,9.76476081687631,13
2577136,9.55594180255795,19
2577145,9.814413829106346,9
2577158,9.76178759390296,13
2577166,9.848966349206757,8
2577171,9.93819122078135,5
2577177,9.883220003969683,6
2577190,9.705867853564868,13
2577200,9.789670857635564,10
2577210,9.826260396524518,10
2577212,9.972457125374737,2
2577230,9.583080097493974,18
2577243,9.752519189910057,13
2577250,9.874659924996266,7
2577261,9.777221143847456,11
2577269,9.87261741389122,8
2577284,9.698280104810454,15
2577292,9.83767937800818,8
2577301,9.802478735493583,9
2577311,9.828843752525087,10
2577324,9.72677028946627,13
2577333,9.828608572061167,9
2577343,9.804744124566929,10
2577350,9.861363962637952,7
2577366,9.644446085392698,16
2577373,9.861116845888859,7
2577379,9.910450429887158,6
2577400,9.57209945819891,21
2577403,9.960743833028111,3
2577418,9.602726657029534,15
2577424,9.91057128741017,6
2577440,9.518696017274786,16
2577450,9.798540182766429,10
2577459,9.823123356415797,9
2577468,9.848697240175655,9
2577477,9.807379779666629,9
2577487,9.796937909787303,10
2577491,9.935006475487526,4
2577503,9.777852327862982,12
2577508,9.916118482689955,5
2577514,9.894701507781251,6
2577528,9.677498881988312,14
2577544,9.620672412245677,16
2577556,9.761679588805986,12
2577563,9.839506813371898,7
2577586,9.622417024919308,23
2577597,9.787363427716636,11
2577604,9.897911663436476,7
2577605,10.0,1
2577611,9.884558752703438,6
2577616,9.916321432861077,5
2577620,9.94122956382579,4
2577627,9.875698625589651,7
2577636,9.847818037684847,9
2577648,9.745787267201392,12
2577652,9.936597016402745,4
2577677,9.395843799302048,25
2577691,9.677784749697288,14
2577701,9.785281975997624,10
2577708,9.8554295237706,7
2577717,9.83500197829042,9
2577723,9.88209609082227,6
2577735,9.728665738866386,12
2577744,9.815233598527021,9
2577753,9.813835488552542,9
2577758,9.912666731716918,5
2577773,9.654064285561283,15
2577774,10.0,1
2577788,9.695792679547909,14
2577802,9.694877149138362,14
2577812,9.780151607895403,10
2577818,9.880983456664275,6
2577826,9.848050248306826,8
2577831,9.916012576114824,5
2577845,9.691866851421372,14
2577850,9.923992703651733,5
2577861,9.77695845317182,11
2577869,9.67998833405313,8
2577873,9.939626771838272,4
2577883,9.800862990456213,10
2577894,9.778574881448046,11
2577898,9.928234721833096,4
2577912,9.677450193046903,14
2577920,9.838749369429834,8
2577930,9.764398922196746,10
2577944,9.681887107399136,14
2577945,10.0,1
2577953,9.839794586643603,8
2577960,9.865683698875333,7
2577965,9.924550085931697,5
2577974,9.831982681999865,9
2577979,9.916704791063504,5
2577988,9.815603676675023,9
2577996,9.864190700965203,8
2577997,10.0,1
2578009,9.733360749458644,12
2578018,9.810516154684509,9
2578028,9.818093376004192,10
2578036,9.85418736159558,8
2578037,10.0,1
2578051,9.604656007589293,14
2578065,9.722578191661519,14
2578074,9.820327119589397,9
2578088,9.725760184998075,14
2578096,9.849201218616937,8
2578105,9.237628242557545,9
2578106,10.0,1
2578114,9.878348500560543,8
2578120,9.893850931091425,6
2578132,9.740018048677195,12
2578147,9.666361287499344,15
2578157,9.794663938159582,10
2578169,9.75077354249138,12
2578182,9.734174985572945,13
2578184,9.977499471586999,2
2578194,9.784648691393006,10
2578207,9.713773252735677,13
2578225,9.581545076577124,18
2578226,10.0,1
2578235,9.797133659632664,9
2578244,9.809340182117905,9
2578250,9.889812860120768,6
2578260,9.76625775911872,10
2578268,9.863957167227397,8
2578269,10.0,1
2578275,9.88197034458695,6
2578281,9.894672695108609,6
2578286,9.919623141919173,5
2578296,9.795921733714332,10
2578308,9.742149494255218,12
2578318,9.795499278193647,10
2578323,9.930348352795917,5
2578333,9.786356777825509,10
2578341,9.86783570959217,8
2578347,9.885211268050703,6
2578359,9.723318287922371,12
2578369,9.806982660146089,10
2578377,9.862331187899493,8
2578390,9.692709813337686,13
2578394,9.942368271733006,4
2578406,9.76969273759552,12
2578409,9.954515056552726,3
2578416,9.867006028016595,7
2578422,9.894301979656776,6
2578428,9.906519279762831,6
2578437,9.809596898131417,9
2578445,9.829391567816876,8
2578452,9.869583567498541,7
2578454,9.976816300618948,2
2578464,9.762937990090585,10
2578482,9.63606570288762,18
2578487,9.915100531598457,5
2578494,9.866545565469945,7
2578503,9.830791756047416,9
2578507,9.951969239204455,4
2578509,9.984929090431919,2
2578521,9.73601968437014,12
2578528,9.862842450893524,7
2578536,9.839050657240998,8
2578548,9.717006539505448,12
2578555,9.870992486114785,7
2578561,9.900177442372751,6
2578570,9.800781386793288,9
2578577,9.888225461658834,7
2578582,9.92633336119601,5
2578589,9.87008037512024,7
2578595,9.913311705392163,6
2578604,9.818608720534025,9
2578611,9.859806493427415,7
2578622,9.755719207373705,11
2578638,9.661667611156545,16
2578644,9.901015506133865,6
2578650,9.91324135232211,6
2578664,9.72558059781672,14
2578665,10.0,1
2578670,9.912118014553393,5
2578678,9.844940851070278,8
2578694,9.71189895004319,16
2578707,9.71989393129047,13
2578713,9.88742862531171,6
2578729,9.653105180859399,16
2578740,9.762519126021152,11
2578741,9.988281440847402,1
2578751,9.77868600266678,10
2578760,9.821369572019925,9
2578776,9.614241132850813,16
2578780,9.943870165245658,4
2578789,9.841499458570294,9
2578798,9.816413227160403,9
2578804,9.901667358108867,6
2578810,9.899345136126573,6
2578819,9.825801938831876,9
2578828,9.793504191417112,9
2578831,9.951254158259465,3
2578847,9.692934123667705,16
2578856,9.844185184224752,9
2578867,9.757762139884935,11
2578876,9.816470588866967,9
2578892,9.605451769009344,16
2578903,9.76447040019655,11
2578911,9.831465941677473,8
2578919,9.832811349148582,8
2578938,9.528511740753228,19
2578950,9.743527306318045,12
2578954,9.947134838411042,4
2578961,9.864525792412998,7
2578971,9.779225047496844,10
2578978,9.89736821082883,7
2578982,9.956750083615383,4
2578988,9.886851700787922,6
2578997,9.840897959969098,9
2579011,9.664683900041691,14
2579022,9.796819458120224,11
2579025,9.967580347227052,3
2579026,9.992479692207015,1
2579035,9.835964826613935,9
2579041,9.892734188992673,6
2579053,9.790894663434427,12
2579064,9.78257122653735,11
2579073,9.844641868334747,9
2579074,10.0,1
2579078,9.923688577638385,4
2579080,9.975135427563416,2
2579096,7.531264512827006,16
2579105,9.83596028372664,9
2579112,9.886884608811531,7
2579118,9.892604101596307,6
2579127,9.617930025527292,9
2579134,9.870310420480475,7
2579144,9.77503168204841,10
2579157,9.700635435145823,13
2579167,9.807251022024081,10
2579182,9.09060549737222,15
2579183,10.0,1
2579185,9.976553846455133,2
2579187,9.984991448521745,2
2579204,9.56691921898866,17
2579210,9.890537812240911,6
2579220,9.784687011084753,10
2579223,9.950522644621277,3
2579234,9.77278199748719,11
2579241,9.853149170596426,7
2579252,9.310249400200059,11
2579257,9.918966627242892,5
2579270,9.729605150911954,13
2579278,9.872654857115352,8
2579279,10.0,1
2579280,10.0,1
2579291,9.665378929742994,11
2579298,9.87489737129463,7
2579308,9.778092861268139,10
2579313,9.924030468446155,5
2579317,9.941101708180417,4
2579331,9.691181223517376,14
2579342,9.781879093235268,11
2579349,9.890101026987123,7
2579366,9.571530014236053,17
2579369,9.954500196773678,3
2579379,9.799974068825726,10
2579389,9.706653670725611,10
2579414,9.489125131223753,25
2579425,9.757728281039128,11
2579436,9.766043852506272,11
2579444,9.868052827019849,8
2579448,9.951155942236634,4
2579459,9.777877899105066,11
2579467,9.848415862407798,8
2579478,9.804331062668622,11
2579485,9.878830515050707,7
2579497,9.77185217906117,12
2579504,9.864625089585026,7
2579505,10.0,1
2579509,9.930611294941516,4
2579517,9.84051725433179,8
2579524,9.863341158929002,7
2579533,9.818710249505761,9
2579542,9.82280886824349,9
2579550,9.851623307125065,8
2579563,9.758303314421934,13
2579567,9.93827181464479,4
2579571,9.940399304192212,4
2579581,9.794573094089994,10
2579588,9.854954984804387,7
2579598,9.78940584704253,10
2579607,9.81599467498614,9
2579608,10.0,1
2579611,9.951673957502853,3
2579618,9.880081826159115,7
2579625,9.883313621755693,7
2579630,9.923828110387833,5
2579636,9.892025851297188,6
2579639,9.961904259778409,3
2579642,9.967604418559672,3
2579644,9.97119232073978,2
2579647,9.957399239519857,3
2579658,9.796768074036803,11
2579677,9.520605281569953,19
2579681,9.949427196115533,4
2579690,9.819813597336305,9
2579694,9.936326809546095,4
2579704,9.783329520823528,10
2579705,10.0,1
2579706,10.0,1
2579707,10.0,1
2579715,9.844038133422488,8
2579717,9.968975590441477,2
2579722,9.911278883507817,5
2579723,10.0,1
2579735,9.74018653544206,12
2579745,9.810254821333794,10
2579753,9.851680998892167,8
2579763,9.853180433596684,10
2579770,9.861741007514862,7
2579772,9.981471420984587,2
2579785,9.716953663546397,13
2579793,9.85840096824912,8
2579794,10.0,1
2579804,9.811567653347927,10
2579805,10.0,1
2579822,9.69144143279094,17
2579833,9.772912431359117,11
2579839,9.893678007515355,6
2579847,9.838158277216094,8
2579852,9.920996781442462,5
2579858,9.87336908573467,6
2579869,9.763820277527861,11
2579873,9.925470667873638,4
2579878,9.916010933422209,5
2579887,9.829588781395085,9
2579888,10.0,1
2579900,9.760405101756843,12
2579914,9.674215933211626,14
2579922,9.833047459778902,8
2579927,9.903559851917054,5
2579934,9.877268298619235,7
2579947,9.733856492652688,13
2579949,9.97441638009154,2
2579962,9.728789498553635,13
2579963,10.0,1
2579964,10.0,1
2579975,9.678100575306704,11
2579986,9.77209464948789,11
2580000,9.71473457731355,14
2580014,9.672826323569783,14
2580016,9.969724521660416,2
2580017,9.992651624002319,1
2580022,9.910761219874765,5
2580030,9.853467019063299,8
2580042,9.749370268165093,12
2580055,9.744173636687446,13
2580060,9.916192225354552,5
2580071,9.569755873273511,11
2580084,9.69236703424014,13
2580095,9.760330318798676,11
2580099,9.927285143691062,4
2580109,9.802069758516783,10
2580124,9.688356260020202,15
2580149,9.388263938467714,25
2580150,10.0,1
2580152,9.974134866142368,2
2580162,9.839194429398724,10
2580175,9.704123303579246,13
2580180,9.915785978592185,5
2580184,9.943694578304802,4
2580206,9.461843761353514,22
2580218,9.735189040854285,12
2580232,9.699593544139486,14
2580242,9.806705848206915,10
2580253,9.781700463943462,11
2580267,9.714936679730204,14
2580276,9.78271913729451,9
2580283,9.8741164795774,7
2580291,9.857932854934123,8
2580299,9.841754729122687,8
2580307,9.836636303293757,8
2580310,9.970670956084433,3
2580316,9.898459791525013,6
2580338,9.500971432746772,22
2580340,9.983937084618534,2
2580344,9.945807525271363,4
2580345,9.989140962574893,1
2580353,9.846858361601665,8
2580366,9.734564589498634,13
2580367,10.0,1
2580378,9.764009602227928,11
2580385,9.851963313205452,7
2580400,9.677467758012913,15
2580404,9.944564305620718,4
2580408,9.92830705668535,4
2580415,9.875535483926154,7
2580420,9.921661133765525,5
2580428,9.851119922113487,8
2580429,10.0,1
2580443,9.522890711749536,14
2580445,9.976701857067024,2
2580446,10.0,1
2580459,9.721665882878515,13
2580470,9.579736675731132,11
2580474,9.920129731822101,4
2580490,9.68951326621788,16
2580495,9.89989067104603,5
2580506,9.761039419865401,11
2580522,9.661786427688233,16
2580535,9.70382161287941,13
2580543,9.844554991601408,8
2580556,9.708477559663866,13
2580562,9.916579338353127,6
2580571,9.848499177813764,9
2580583,9.749010617217968,12
2580594,9.799644041975618,11
2580605,9.554980284084497,11
2580616,9.769760621039906,11
2580625,9.821789141774255,9
2580633,9.870505855580568,8
2580641,9.846490529022846,8
2580654,9.737700499191101,13
2580662,9.847769201219453,8
2580670,9.823126842014235,8
2580681,9.767303524118695,11
2580694,9.71877029196092,13
2580705,9.769632309125475,11
2580719,9.7401819433867,14
2580733,9.690347685136238,14
2580741,9.85737817853366,8
2580751,9.852417756481728,10
2580761,9.795085521252524,10
2580767,9.899413320463905,6
2580769,9.985220588855478,2
2580772,9.965787803651292,3
2580785,9.694258512059555,13
2580796,9.770589005578556,11
2580797,10.0,1
2580803,9.88789748748665,6
2580805,9.98202478896578,2
2580812,9.863628697731837,7
2580818,9.902349416218902,6
2580830,9.738159320516383,12
2580846,9.65835614815019,16
2580855,9.816044782559658,9
2580857,9.973348993252385,2
2580875,9.590610541689816,18
2580879,9.93885886558588,4
2580890,9.783830174233339,11
2580893,9.957770335756562,3
2580898,9.909383455221517,5
2580911,9.712138046634825,13
2580916,9.91044046449482,5
2580929,9.731327929142942,13
2580943,9.683266278894001,14
2580944,9.9932511937567,1
2580951,9.863490175807671,7
2580956,9.923136315246357,5
2580966,9.798809911558614,10
2580976,9.69895357042041,10
2580986,9.784442549279477,10
2581001,9.662862206698502,15
2581006,9.931822172712014,5
2581015,9.815248440261088,9
2581024,9.832721644482344,9
2581027,9.966962379675852,3
2581036,9.821055938682388,9
2581048,9.770279729499634,12
2581058,9.801643384271127,10
2581064,9.91164552136283,6
2581076,9.740503823534983,12
2581082,9.904114820969406,6
2581083,9.993115936234926,1
2581089,9.890373798228971,6
2581096,9.887815452581432,7
2581102,9.875749807504688,6
2581107,9.924957012220267,5
2581125,9.573351597869145,18
2581157,9.28909870243597,32
2581167,9.7976809569534,10
2581168,10.0,1
2581174,9.916126556551932,6
2581183,9.810049703957,9
2581184,10.0,1
2581188,9.93623756455005,4
2581197,9.814921717727449,9
2581210,9.680506064677248,13
2581218,9.87802567299205,8
2581233,9.66514374500016,15
2581240,9.788408658596591,7
2581245,9.922933595690349,5
2581255,9.798686398024065,10
2581261,9.807178212571436,6
2581274,9.748625447765168,13
2581284,9.805916167000579,10
2581285,10.0,1
2581299,9.68796655458993,14
2581300,10.0,1
2581320,9.4904715353785,20
2581327,9.744365111369815,7
2581334,9.877037291495347,7
2581352,9.616372944639904,18
2581362,9.788925553751854,10
2581364,9.983843626208335,2
2581381,9.593539805438803,17
2581393,9.739144198286358,12
2581403,9.802387855085989,10
2581414,9.741675172822701,11
2581428,9.659431944097271,14
2581430,9.976610305510386,2
2581441,9.825815737085989,11
2581447,9.90696716062159,6
2581462,9.651402995545082,15
2581467,9.92301400721613,5
2581476,9.810462900518516,9
2581490,9.694139601946748,14
2581493,9.952735619245704,3
2581500,9.893135995162595,7
2581508,9.84024113737673,8
2581517,9.853317367829597,9
2581524,9.89655524242072,7
2581529,9.941429549234403,5
2581533,9.931191800708678,4
2581538,9.919074816247713,5
2581539,10.0,1
2581541,9.969235097790586,2
2581548,9.867002220504164,7
2581557,9.807839733413873,9
2581561,9.935932040433515,4
2581565,9.948003183286554,4
2581571,9.904396057195184,6
2581581,9.790190018090344,10
2581582,10.0,1
2581587,9.937001202959415,5
2581593,9.893070072985623,6
2581605,9.749119054167712,12
2581635,9.535374855248993,30
2581641,9.909300184675828,6
2581651,9.799797659691349,10
2581657,9.886522559526963,6
2581665,9.830375032588558,8
2581666,9.989480242352265,1
2581676,9.798948604123296,10
2581686,9.797413826606581,10
2581691,9.92827790486914,5
2581701,9.77573812906713,10
2581708,9.847535522323778,7
2581722,9.692057977970473,14
2581734,9.783154131340957,12
2581736,9.983880184175321,2
2581742,9.911445659759847,6
2581755,9.703853012886498,13
2581766,9.770031607931825,11
2581772,9.900903955238723,6
2581781,9.801865282115331,9
2581787,9.896644425953173,6
2581802,9.660449991992092,15
2581807,9.916774835168814,5
2581818,9.77407419090536,11
2581821,9.963305192020696,3
2581834,9.71292187285567,13
2581843,9.800059357019368,9
2581850,9.867307649253094,7
2581860,9.796921431180209,10
2581869,9.821390269816808,9
2581878,9.618022799052255,9
2581887,9.795976246827713,9
2581893,9.904800906115595,6
2581895,9.982882234859172,2
2581899,9.953592198786774,4
2581907,9.854363948040849,8
2581922,9.553681498534381,15
2581934,9.746820997306203,12
2581945,9.764180253216992,11
2581953,9.832238946332279,8
2581961,9.838097480815396,8
2581969,9.855765493003213,8
2581975,9.882793090785238,6
2581981,9.901990640606053,6
2581994,9.735871767472522,13
2582002,9.670764836959435,8
2582007,9.925163961574675,5
2582017,9.806741717854209,10
2582019,9.976193143909097,2
2582021,9.976569333735926,2
2582032,9.776151017908232,11
2582046,9.709258520111137,14
2582051,9.920068682668028,5
2582057,9.897960578659822,6
2582064,9.867416062143102,7
2582076,9.724350516416454,12
2582089,9.732322352076933,13
2582098,9.834566842546549,9
2582105,9.85458538600598,7
2582118,9.724605988606701,13
2582130,9.775561340872862,12
2582135,9.92519082187805,5
2582152,9.510508028284722,17
2582153,10.0,1
2582160,9.881087765241473,7
2582168,9.830961264088938,8
2582176,9.861206930201762,8
2582188,9.72615519748574,12
2582197,9.817054818432396,9
2582204,9.866423440640741,7
2582205,9.987614415530361,1
2582211,9.888880215103178,6
2582217,9.898027549350752,6
2582231,9.692839677290193,14
2582239,9.846319841144101,8
2582246,9.904703962038818,7
2582254,9.839827591953426,8
2582262,9.843664341252932,8
2582266,9.937386839307445,4
2582271,9.92303771331385,5
2582280,9.81764779348971,9
2582286,9.907832224383702,6
2582287,10.0,1
2582290,9.961743325021642,3
2582299,9.813659617911068,9
2582312,9.732970072966479,13
2582323,9.770169038070552,11
2582331,9.857735041772802,8
2582336,9.814841061020566,5
2582341,9.916801786746138,5
2582350,9.814270587170363,9
2582360,9.805749340957258,10
2582372,9.755901868387735,12
2582374,9.984035152432751,2
2582397,9.519016320725084,23
2582405,9.849221110678245,8
2582406,10.0,1
2582419,9.761499143432617,13
2582430,9.809686017207419,11
2582438,9.874843697257322,8
2582450,9.736673652146425,12
2582458,9.851806998846584,8
2582464,9.899383007317073,6
2582473,9.79183891876835,9
2582483,9.767607825884095,10
2582484,9.992753209201407,1
2582488,9.958516880308176,4
2582494,9.878598883026964,6
2582509,9.672235025615484,15
2582521,9.719750681692469,12
2582532,9.778980901656453,11
2582542,9.770565417474877,10
2582546,9.935460839517821,4
2582556,9.797154878698999,10
2582559,9.95951714445249,3
2582565,9.89678649400548,6
2582566,10.0,1
2582583,9.413182372240042,17
2582596,9.754990698592884,13
2582600,9.944498160852053,4
2582604,9.942372323740578,4
2582611,9.876655447310513,7
2582627,9.545839432179315,16
2582636,9.82129042524068,9
2582637,10.0,1
2582648,9.74059521810383,11
2582652,9.936030810091173,4
2582659,9.864826554147946,7
2582670,9.808738403563984,11
2582676,9.904371338157715,6
2582688,9.718170275911133,12
2582702,9.722022897818656,14
2582710,9.833406771412912,8
2582719,9.822953359018307,9
2582724,9.942544383432088,5
2582730,9.887028749282381,6
2582747,9.57728205788182,17
2582757,9.806825174231768,10
2582767,9.830045558697933,10
2582768,10.0,1
2582778,9.778882149864204,10
2582784,9.903674387128952,6
2582791,9.854688314439816,7
2582802,9.742627181632495,11
2582817,9.661992426299303,15
2582824,9.884310500289203,7
2582831,9.866962429635507,7
2582837,9.903862096967483,6
2582846,9.818348722423048,9
2582854,9.847659428183936,8
2582871,9.626833364494557,17
2582882,9.792126716805928,11
2582897,9.453618154567877,15
2582901,9.934375714771615,4
2582910,9.806244449402476,9
2582913,9.9638647275654,3
2582922,9.808598488347657,9
2582932,9.8164136657097,10
2582940,9.849842340190909,8
2582947,9.884694492772683,7
2582951,9.949581622525958,4
2582965,9.679104354700325,14
2582967,9.974334642986218,2
2582968,10.0,1
2582971,9.971507056783118,3
2582976,9.909883498463252,5
2582984,9.831956513915303,8
2582995,9.77731445169713,11
2583011,9.676644097598244,16
2583022,9.77071116654774,11
2583029,9.890473002120828,7
2583033,9.93476939125151,4
2583047,9.69081880830202,14
2583055,9.834338973192084,8
2583056,10.0,1
2583065,9.798221804676162,9
2583077,9.724733285386527,12
2583087,9.797316238737872,10
2583100,9.703289351444623,13
2583107,9.874713124033224,7
2583109,9.984916314357761,2
2583125,9.62739665367064,16
2583133,9.851125073974345,8
2583142,9.81326133837924,9
2583152,9.802609555144656,10
2583153,10.0,1
2583165,9.75546469832951,12
2583173,9.867242602728671,8
2583184,9.76499429717191,11
2583185,10.0,1
2583191,9.892773930413595,6
2583198,9.889169502650915,7
2583208,9.78153672614025,10
2583224,9.71607534595945,16
2583232,9.839252159674837,8
2583238,9.883946588396944,6
2583239,9.996461783267353,1
2583240,10.0,1
2583250,9.798443717206514,10
2583260,9.776217302602145,10
2583266,9.899778891532959,6
2583274,9.869945909064395,8
2583286,9.768081434550293,12
2583291,9.916647451602877,5
2583292,10.0,1
2583306,9.681343829952121,14
2583308,9.977204174144301,2
2583320,9.715821027300983,12
2583325,9.906644094600134,5
2583335,9.786076783768495,10
2583345,9.784060968618487,10
2583350,9.896001506749712,5
2583359,9.809873404675487,9
2583373,9.681431127330958,14
2583377,9.95164532802535,4
2583383,9.89102736302821,6
2583384,10.0,1
2583391,9.870196003226257,7
2583399,9.82800242447269,8
2583402,9.96096393265783,3
2583414,9.698313260229252,12
2583425,9.75989631911384,11
2583431,9.915275207338395,6
2583445,9.680599136918213,14
2583458,9.688056457740297,13
2583465,9.893843698321925,7
2583476,9.73518850479611,11
2583482,9.867820408212873,6
2583485,9.94901140159687,3
2583496,9.802090985767167,11
2583508,9.731094595269697,12
2583509,10.0,1
2583512,9.95208395300897,3
2583515,9.965031557425279,3
2583526,9.77235470925438,11
2583535,9.819806453776849,9
2583545,9.77212650606383,10
2583546,10.0,1
2583552,9.895917501702051,6
2583561,9.83522411567151,9
2583575,9.675879084654047,14
2583582,9.85438550747631,7
2583591,9.837350391214123,9
2583595,9.930806638494834,4
2583598,9.959158984250973,3
2583603,9.92820103011726,5
2583616,9.698273666983537,13
2583627,9.779404228434075,11
2583633,9.890854164437004,6
2583642,9.800487819871863,9
2583657,9.662740169461097,15
2583673,9.53102651274538,16
2583683,9.776141172794237,10
2583689,9.785622245472258,6
2583700,9.782497171420179,11
2583708,9.836431242256653,8
2583709,10.0,1
2583723,9.755818607438552,14
2583725,9.977915693854712,2
2583726,10.0,1
2583727,9.996568212814918,1
2583737,9.79671705338211,10
2583740,9.95830598102417,3
2583741,10.0,1
2583756,9.670262590240421,15
2583768,9.781053077563493,12
2583770,9.971615283788754,2
2583784,9.736933472567102,14
2583793,9.814851322464587,9
2583806,9.702639170104204,13
2583807,10.0,1
2583811,9.739450622496712,4
2583815,9.951177157118039,4
2583817,9.97852967723927,2
2583826,9.802836784829173,9
2583835,9.858183814117488,9
2583846,9.794396599731312,11
2583855,9.733656903518613,9
2583863,9.888853955010395,8
2583866,9.958886841097804,3
2583877,9.753427688590182,11
2583890,9.71302948384601,13
2583902,9.739813038035038,12
2583915,9.705443362420976,13
2583923,9.841652544597563,8
2583924,10.0,1
2583941,9.63188622505435,17
2583942,10.0,1
2583953,9.750368484742792,11
2583961,9.854263295906112,8
2583972,9.736665856639195,11
2583978,9.89341629358387,6
2583992,9.672368884665437,14
2584003,9.783096648167438,11
2584009,9.903203183194899,6
2584015,9.893435989549491,6
2584016,10.0,1
2584025,9.808867860878332,9
2584039,9.691635259626528,14
2584040,9.996065352677938,1
2584051,9.767158286250249,11
2584053,9.980449703452287,2
2584063,9.807802096499117,10
2584065,9.970930241060696,2
2584074,9.831467857069724,9
2584075,10.0,1
2584084,9.80774569195817,9
2584096,9.758045171485687,12
2584111,9.709016923771712,15
2584126,9.65190207116325,15
2584137,9.757297855579925,11
2584147,9.806900507217096,10
2584151,9.939151750515137,4
2584166,9.75292856874693,15
2584176,9.769351408585175,10
2584184,9.834095159895872,8
2584194,9.804771157196406,10
2584205,9.75722187463715,11
2584211,9.88178048623231,6
2584224,9.754059465356331,13
2584232,9.82522536408571,8
2584236,9.923865425941266,4
2584239,9.958252330220922,3
2584251,9.74783137266611,12
2584259,9.858160350875725,8
2584267,9.836894065938864,8
2584270,9.965840313810348,3
2584277,9.867662611517757,7
2584296,9.472322066681857,19
2584313,9.572576174392339,17
2584321,9.847205092758225,8
2584330,9.821882366514524,9
2584343,9.7162415345406,13
2584352,9.801108838744604,9
2584366,9.704157964294867,14
2584367,10.0,1
2584383,9.641275186317682,16
2584389,9.906037767280296,6
2584400,9.759658647667793,11
2584405,9.919866809115984,5
2584406,10.0,1
2584413,9.881645973785204,7
2584424,9.789675507460341,11
2584428,9.941242737919412,4
2584436,9.843763611994252,8
2584447,9.768905823455304,11
2584452,9.921239515324382,5
2584462,9.772243778040442,10
2584469,9.852302003485109,7
2584475,9.882563069692516,6
2584477,9.985285584016589,2
2584480,9.960263746848886,3
2584481,10.0,1
2584489,9.844451056375382,8
2584492,9.968137392527108,3
2584505,9.752633696580856,13
2584510,9.911177615339753,5
2584521,9.805252550954298,11
2584526,9.915171535878388,5
2584544,8.367373749071513,18
2584549,9.926917496740128,5
2584550,10.0,1
2584551,9.987652493374577,1
2584558,9.855159550527008,7
2584567,9.851506883026119,9
2584578,9.801801864805084,11
2584586,9.870100378088889,8
2584595,9.827933948836979,9
2584599,9.941895694137735,4
2584607,9.861268794261113,8
2584612,9.905656298153836,5
2584621,9.816767375361167,9
2584628,9.870947727471991,7
2584630,9.983223314098076,2
2584641,9.778015199228236,11
2584652,9.347983079882875,11
2584662,9.74529346014014,10
2584671,9.828774802918316,9
2584683,9.758012412787938,12
2584694,9.780183039212396,11
2584701,9.875706166585468,7
2584704,9.94567553356517,3
2584714,9.773105712500346,10
2584722,9.852916178453686,8
2584735,9.722496717672142,13
2584749,9.670093558877541,14
2584759,9.80698067138893,10
2584765,9.910474933842927,6
2584771,9.892640419462207,6
2584785,9.699692252849255,14
2584794,9.823503133303237,9
2584810,9.616601190671867,16
2584811,10.0,1
2584817,9.906578405906911,6
2584823,9.889545524373146,6
2584836,9.736973967317228,13
2584841,9.93120140125735,5
2584842,10.0,1
2584843,10.0,1
2584848,9.915173140804363,5
2584858,9.786708095088919,10
2584864,9.905886626654707,6
2584879,9.69669196662654,15
2584883,9.947008996328176,4
2584890,9.87778170873482,7
2584898,9.8800771077492,8
2584899,10.0,1
2584911,9.749981792800472,12
2584914,9.95136478668363,3
2584920,9.883892171689206,6
2584934,9.69355609895442,14
2584939,9.91694963850518,5
2584944,9.92980267897892,5
2584962,9.519312199618032,18
2584967,9.918469944413163,5
2584968,10.0,1
2584972,9.946120721225325,4
2584984,9.762611702187169,12
2584994,9.778613195142658,10
2585004,9.781527708182763,10
2585012,9.639406901319585,8
2585013,10.0,1
2585014,10.0,1
2585015,10.0,1
2585019,9.931561338284054,4
2585028,9.796727894857032,9
2585037,9.816994675030852,9
2585049,9.75660540842179,12
2585053,9.942425611237008,4
2585058,9.916519670081248,5
2585073,9.68022275056392,15
2585082,9.836083954365785,9
2585090,9.869192846679487,8
2585101,9.747348638568837,11
2585111,9.795606285234111,10
2585126,9.551264919491384,15
2585137,9.77444438105734,11
2585147,9.776360727349262,10
2585152,9.924174789867802,5
2585158,9.874608146582348,6
2585164,9.886464463760529,6
2585179,9.660329409736594,15
2585180,10.0,1
2585195,9.650355183193662,15
2585197,9.983349506756511,2
2585201,9.939451977591645,4
2585210,9.843583722790834,9
2585220,9.785448622065957,10
2585228,9.825587355609432,8
2585242,9.58280834800331,14
2585244,9.971385889106092,2
2585258,9.725809986198202,14
2585274,9.698674453146745,16
2585282,9.84760176061421,8
2585292,9.592166818771236,10
2585298,9.888495261087602,6
2585310,9.71093161783607,12
2585316,9.8980106829745,6
2585329,9.710124593678065,13
2585333,9.952597342675142,4
2585348,9.680824638077425,15
2585357,9.8261188404953,9
2585374,9.601164420728615,17
2585379,9.927252932573737,5
2585386,9.863311827632689,7
2585395,9.815317815311154,9
2585397,9.971490705549389,2
2585414,9.612717632530146,17
2585424,9.79495154621971,10
2585434,9.80197346169769,10
2585452,9.598993489486052,18
2585466,9.689950572649892,14
2585482,9.61483847229872,16
2585491,9.863512972041985,9
2585498,9.890439490292353,7
2585508,9.796664061391672,10
2585513,9.916236398598635,5
2585514,10.0,1
2585525,9.758205210100925,11
2585526,10.0,1
2585539,9.716011739739782,13
2585549,9.788390303133438,10
2585560,9.768585154340425,11
2585573,9.681597111658979,13
2585577,9.952573778300893,4
2585578,9.991742488811076,1
2585583,9.90871473374238,5
2585592,9.811899265792064,9
2585598,9.88312340062459,6
2585601,9.969457206485838,3
2585605,9.940272038725194,4
2585616,9.775488300073208,11
2585623,9.871942113307824,7
2585633,9.794523077615422,10
2585642,9.81431858696233,9
2585653,9.784463968232023,11
2585654,10.0,1
2585657,9.955765807981395,3
2585665,9.866299616736493,8
2585670,9.919988173027757,5
2585682,9.735314942569765,12
2585695,9.765417948466435,13
2585696,10.0,1
2585705,9.827024008800528,9
2585719,9.677082464018893,14
2585727,9.86020936587717,8
2585737,9.780888288419693,10
2585746,9.812316423939054,9
2585755,9.812772018677425,9
2585769,9.695816492201509,14
2585781,9.73367936729103,12
2585785,9.94070654244485,4
2585794,9.79636672722091,9
2585801,9.871386009902094,7
2585817,9.6771346059978,16
2585823,9.904909983820579,6
2585832,9.817055952784871,9
2585842,9.779347861487269,10
2585843,10.0,1
2585852,9.82991551812694,9
2585858,9.89888716339765,6
2585868,9.797014760829857,10
2585869,9.992352987903242,1
2585873,9.942238166643625,4
2585879,9.894524237053876,6
2585889,9.778234222964503,10
2585894,9.91337008632113,5
2585904,9.783795539282284,10
2585916,9.740663855457681,12
2585918,9.972903684366244,2
2585928,9.802354175310137,10
2585940,9.785970829620453,12
2585950,9.790793834445257,10
2585959,9.828548500802118,9
2585973,9.719463747976866,14
2585981,9.854688746592963,8
2585992,9.769535048657344,11
2586008,9.658312984276197,16
2586018,9.792132276586905,10
2586020,9.9806247654909,2
2586027,9.866392048401526,7
2586041,9.679796331015536,14
2586049,9.892687461513047,8
2586052,9.954631105301589,3
2586062,9.803194466852345,10
2586073,9.74330495233182,11
2586084,9.774497250511764,11
2586093,9.79755671854369,9
2586097,9.941206515479168,4
2586105,9.868420995944334,8
2586110,9.918930855856381,5
2586113,9.958357674657284,3
2586118,9.89991983645106,5
2586129,9.808982104370019,11
2586141,9.728542957786,12
2586152,9.771266910460069,11
2586162,9.806724388454898,10
2586172,9.807048671673648,10
2586181,9.812124769054126,9
2586192,9.790524112260435,11
2586198,9.881831043291966,6
2586205,9.87553776481312,7
2586217,9.740914098104863,12
2586227,9.79768956851125,10
2586236,9.601546965251277,9
2586246,9.821620095795097,10
2586254,9.858945247676264,8
2586265,9.758892011131984,11
2586276,9.758723416905681,11
2586289,9.719057725102934,13
2586303,9.700540219816762,14
2586314,9.78526541389679,11
2586323,9.836604324943448,9
2586328,9.923842188468532,5
2586341,9.711839713330473,13
2586352,9.771563844397443,11
2586360,9.835301438968441,8
2586369,9.84230051756663,9
2586379,9.76996097340985,10
2586388,9.834663380936707,9
2586395,9.855047271378833,7
2586403,9.848907299789916,8
2586419,9.669301967060198,16
2586427,9.859767156750726,8
2586436,9.805464536998088,9
2586445,9.826723738641233,9
2586452,9.855053778885944,7
2586459,9.856318664387995,7
2586469,9.780569111830108,10
2586481,9.747514564461444,12
2586485,9.949186294626793,4
2586486,10.0,1
2586496,9.845719094900378,10
2586505,9.839052931839747,9
2586511,9.885306168004517,6
2586521,9.784006407020838,10
2586533,9.752811044562716,12
2586550,9.498330992533278,17
2586558,9.881081756821686,8
2586565,9.882005029947758,7
2586568,9.957880088695426,3
2586581,9.73264464327911,13
2586587,9.897629516527491,6
2586590,9.967500624397566,3
2586603,9.748171325454013,13
2586613,9.793843974412964,10
2586624,9.763690136777146,11
2586626,9.984901644150991,2
2586634,9.861081963109244,8
2586637,9.958929651228226,3
2586655,9.626826997810188,18
2586666,9.808733289804586,11
2586683,9.595733866488175,17
2586698,9.573195259131621,15
2586707,9.823462585477545,9
2586725,9.56485519266263,18
2586729,9.930614579077764,4
2586735,9.900675987324208,6
2586741,9.92092418818731,6
2586754,9.717166228259767,13
2586761,9.874158247552753,7
2586766,9.912196790948279,5
2586776,9.602831480117938,10
2586790,9.724044492898226,14
2586804,9.76125382781362,14
2586805,10.0,1
2586815,9.800147127780027,10
2586822,9.876038591948697,7
2586830,9.82142595738196,8
2586837,9.877343339245737,7
2586846,9.819146284539393,9
2586849,9.96527144656205,3
2586857,9.829759459815579,8
2586860,9.947640611353071,3
2586870,9.80688624301145,10
2586871,10.0,1
2586887,9.651156438203769,16
2586892,9.9175745000724,5
2586902,9.772220888924625,10
2586913,9.75625614195068,11
2586918,9.928147961824449,5
2586932,9.730737438273817,14
2586941,9.822963999029103,9
2586954,9.702520985004055,13
2586961,9.869642083207188,7
2586975,9.771348366700138,14
2586981,9.899252891253509,6
2586989,9.844881595494535,8
2587000,9.75528836659668,11
2587011,9.772257116009506,11
2587020,9.828970544815911,9
2587033,9.717445676701335,13
2587042,9.830831037853484,9
2587052,9.793155990922095,10
2587080,9.496801321143764,28
2587086,9.914933015828227,6
2587092,9.894657141173475,6
2587099,9.848759305557996,7
2587101,9.975328307007084,2
2587113,9.662743525841117,12
2587123,9.792997202304267,10
2587135,9.77169017938599,12
2587146,9.75570806630663,11
2587160,9.678365959834416,14
2587166,9.898628114729007,6
2587181,9.663409723675501,15
2587201,9.518023455755461,20
2587202,9.992873718818894,1
2587209,9.860184015954557,7
2587217,9.848851408726937,8
2587233,9.639004110227761,16
2587240,9.864202008479868,7
2587249,9.816611045627877,9
2587253,9.92989780263151,4
2587263,9.797817923023636,10
2587285,9.12745260411899,22
2587302,9.641814645106118,17
2587308,9.87926356863792,6
2587319,9.764909132793541,11
2587329,9.833419938603734,10
2587330,10.0,1
2587338,9.841776798984137,8
2587350,9.762687894363607,12
2587361,9.764961336131632,11
2587366,9.923000687865093,5
2587376,9.796968811303172,10
2587378,9.979623088663914,2
2587379,10.0,1
2587391,9.750481989751195,12
2587402,9.685986468115141,11
2587417,9.629465054288804,15
2587424,9.882409768106989,7
2587432,9.867576090553946,8
2587438,9.896759344784785,6
2587448,9.790736117008924,10
2587460,9.730524526358543,12
2587465,9.910215593487951,5
2587479,9.699199684490894,14
2587494,9.678168723293968,15
2587495,10.0,1
2587509,9.733466240317297,14
2587518,9.809804768570732,9
2587520,9.974201762826176,2
2587533,9.704943002048523,13
2587538,9.911272625072836,5
2587551,9.707416714469463,13
2587560,9.794986188433954,9
2587569,9.818538909091973,9
2587578,9.813053881705324,9
2587592,9.681946716248019,14
2587600,9.817369338686445,8
2587605,9.903387903603141,5
2587606,10.0,1
2587618,9.715980510587235,12
2587620,9.971906019961013,2
2587631,9.782301913542941,11
2587637,9.89528404552865,6
2587645,9.855126232399408,8
2587651,9.784999326480401,6
2587655,9.929270807588832,4
2587666,9.75003347181974,11
2587674,9.872559785934866,8
2587678,9.935633526566951,4
2587682,9.94273204706876,4
2587688,9.89965234702192,6
2587690,9.983663583227527,2
2587695,9.915672803988736,5
2587703,9.852223616618042,8
2587710,9.864358928776179,7
2587717,9.86907129151242,7
2587731,9.705550097109906,14
2587742,9.812329284815297,11
2587743,10.0,1
2587766,9.590500897202839,23
2587775,9.735095985812954,9
2587783,9.842098256306963,8
2587791,9.864494464240018,8
2587804,9.710879153886363,13
2587813,9.830694768144449,9
2587817,9.946588608410863,4
2587818,10.0,1
2587828,9.820110508847316,10
2587832,9.944481246412117,4
2587847,9.657024311380479,15
2587852,9.91493847993873,5
2587862,9.834351564118327,10
2587866,9.941819898154746,4
2587874,9.85127126120464,8
2587875,10.0,1
2587885,9.775309939751672,10
2587890,9.822293209815692,5
2587912,9.459149994087202,22
2587918,9.888040172273033,6
2587928,9.828114484395027,10
2587939,9.763937025749158,11
2587952,9.708997337224003,13
2587959,9.545975631706993,7
2587970,9.7557763557798,11
2587979,9.866088698802637,9
2587996,9.669629678522782,17
2587999,9.955716206590944,3
2588000,10.0,1
2588008,9.837194288278944,8
2588009,10.0,1
2588020,9.768810759055103,11
2588028,9.86012076334969,8
2588038,9.762897752894473,10
2588043,9.927176007117822,5
2588044,10.0,1
2588047,9.95599429359829,3
2588054,9.859482438595991,7
2588063,9.720757864895429,9
2588076,9.718977402493321,13
2588087,9.768618360921597,11
2588099,9.740846582022506,12
2588109,9.788867423813235,10
2588120,9.77159146532922,11
2588131,9.75870969829944,11
2588141,9.811463030675702,10
2588145,9.94516103586089,4
2588155,9.763898182217384,10
2588164,9.828165404319467,9
2588169,9.918007266280107,5
2588179,9.767033403257763,10
2588187,9.855160276649697,8
2588188,10.0,1
2588189,10.0,1
2588190,10.0,1
2588200,9.810728699601103,10
2588205,9.91710066957246,5
2588221,9.634820089947821,16
2588225,9.930897171008798,4
2588226,10.0,1
2588229,9.967650312939314,3
2588238,9.82369239416668,9
2588256,9.563518187931953,18
2588259,9.965284302121699,3
2588268,9.82149219646364,9
2588273,9.921120768593196,5
2588297,9.494086187715572,24
2588309,9.75777799187896,12
2588323,9.703619302568768,14
2588331,9.86162838945379,8
2588339,9.834237012103761,8
2588344,9.62054134318736,5
2588345,10.0,1
2588348,9.944643905188958,3
2588355,9.857080145035036,7
2588356,10.0,1
2588368,9.750099091127453,12
2588375,9.873601409904987,7
2588376,10.0,1
2588386,9.789615054791874,10
2588390,9.943598349527099,4
2588393,9.967672330067277,3
2588405,9.758092135115415,12
2588410,9.920052079857326,5
2588415,9.922426795377872,5
2588427,9.604405163833428,12
2588428,10.0,1
2588434,9.893300000479517,6
2588441,9.880278803724986,7
2588444,9.96057826260912,3
2588450,9.896449773349078,6
2588456,9.913685043810426,6
2588468,9.748151222383795,12
2588483,9.658616244589076,15
2588489,9.895450403574877,6
2588495,9.92064004950169,6
2588501,9.904783515744441,6
2588507,9.906722389592849,6
2588526,9.571574535412338,19
2588533,9.893410961638002,7
2588547,9.688517547831168,14
2588556,9.826111832441978,9
2588564,9.845451779770633,8
2588573,9.814873208189253,9
2588575,9.985494596913536,2
2588587,9.742957788621588,12
2588597,9.822268727077562,10
2588600,9.95319192733869,3
2588610,9.807475987455218,10
2588617,9.8682499605425,7
2588631,9.70014119562034,14
2588640,9.800235587021012,9
2588646,9.885809252689487,6
2588654,9.85727047186571,8
2588673,9.577228697988673,19
2588678,9.813461599859146,5
2588680,9.978325262051287,2
2588686,9.901806578118766,6
2588696,9.791821011123393,10
2588705,9.816589478348872,9
2588706,9.986804574107007,1
2588718,9.742399581252792,12
2588719,10.0,1
2588724,9.904858494129858,5
2588735,9.759971697907238,11
2588744,9.834230480153165,9
2588747,9.959237800205562,3
2588751,9.933528732927398,4
2588759,9.844917805208906,8
2588760,10.0,1
2588775,9.700089604512836,15
2588778,9.951355663415764,3
2588784,9.880467734562231,6
2588799,9.450617469853318,15
2588803,9.935548164613634,4
2588812,9.814290072930678,9
2588824,9.75178275621854,12
2588827,9.950611483619328,3
2588833,9.89799813427403,6
2588841,9.850977617340263,8
2588850,9.812879313068155,9
2588864,9.686370847652794,14
2588875,9.757702652747833,11
2588885,9.777710294520181,10
2588891,9.894349630429097,6
2588896,9.912897090063884,5
2588897,10.0,1
2588904,9.875628538040386,7
2588913,9.8142868854787,9
2588920,9.881451281533476,7
2588928,9.850828545639498,8
2588941,9.72424338224177,13
2588953,9.750727948139579,12
2588964,9.793008789987123,11
2588989,9.503175122250346,25
2588995,9.914487517860866,6
2589012,9.619672948818454,17
2589016,9.727332267497562,4
2589027,9.772802020733938,11
2589036,9.814845756980057,9
2589048,9.75481612034077,12
2589050,9.982081178936069,2
2589060,9.754867814639065,10
2589078,9.636053252586887,18
2589093,9.476259281100184,15
2589105,9.760802318575214,12
2589110,9.912910758293906,5
2589126,9.602198103243255,16
2589139,9.71452511173655,13
2589150,9.753665524997269,11
2589154,9.942392833579158,4
2589160,9.912457571349412,6
2589168,9.847969896305019,8
2589175,9.86236846311561,7
2589180,9.924201490577113,5
2589198,9.520832485642533,18
2589200,9.97522694953573,2
2589212,9.80706407062671,12
2589219,9.874241523865592,7
2589225,9.90439785540046,6
2589226,10.0,1
2589228,9.984400999137291,2
2589237,9.811411376523083,9
2589250,9.715642237988096,13
2589255,9.926141976967967,5
2589262,9.850722217379085,7
2589270,9.84751314182907,8
2589281,9.777733518762613,11
2589298,9.589610045853028,17
2589304,9.897847000646975,6
2589305,10.0,1
2589310,9.915478086767395,5
2589314,9.942670707384208,4
2589315,10.0,1
2589323,9.865089556608234,8
2589338,9.657894301823099,15
2589345,9.85723010873929,7
2589355,9.854071435520527,10
2589368,9.724244351335022,13
2589371,9.86255709481229,3
2589375,9.929779372653321,4
2589376,9.988796102728232,1
2589383,9.767955484088558,7
2589393,9.788060118576174,10
2589396,9.969017377052257,3
2589406,9.763728756615135,10
2589407,10.0,1
2589413,9.892522883413625,6
2589433,9.564518093888777,20
2589444,9.784771206814314,11
2589453,9.816744121389233,9
2589463,9.790677400933731,10
2589466,9.948643840939026,3
2589476,9.796216179318069,10
2589487,9.759156808293124,11
2589493,9.878543368960742,6
2589504,9.75638425697007,11
2589505,10.0,1
2589522,9.663668484376538,17
2589523,10.0,1
2589526,9.96446020933821,3
2589537,9.778136007575679,11
2589539,9.972817599123504,2
2589548,9.81329811320062,9
2589554,9.887640378476352,6
2589570,9.724297203665412,16
2589581,9.781850490603647,11
2589598,9.623207383613812,17
2589603,9.913354501639757,5
2589608,9.93357278028096,5
2589609,9.993104248003771,1
2589621,9.777409585153302,12
2589623,9.971508552229153,2
2589636,9.72334193928991,13
2589643,9.877127175845505,7
2589667,9.40792549394997,24
2589673,9.876909952311566,6
2589685,9.736547945524787,12
2589688,9.955197356837372,3
2589699,9.757569657570356,11
2589705,9.912585152203198,6
2589720,9.673392467049913,15
2589724,9.93000779250368,4
2589737,9.707048656367895,13
2589748,9.743730923853889,11
2589754,9.911414943970986,6
2589758,9.953727727736698,4
2589779,9.638252905429589,21
2589785,9.906323274488791,6
2589796,9.768494169755316,11
2589810,9.704163340160605,14
2589818,9.851991912806344,8
2589827,9.838743701059062,9
2589838,9.754610899731388,11
2589846,9.832454101638689,8
2589851,9.913365969470398,5
2589861,9.802997370957833,10
2589875,9.700908984068427,14
2589893,9.64400687996938,18
2589896,9.963186826734754,3
2589902,9.895421035538615,6
2589911,9.844800598080019,9
2589912,10.0,1
2589916,9.934009421623381,4
2589924,9.8829323092871,8
2589927,9.954613988144645,3
2589940,9.693439717463756,13
2589955,9.678643919572787,15
2589969,9.694684638248015,14
2589978,9.831124570645297,9
2589986,9.865681797836599,8
2589989,9.959847689295318,3
2590003,9.696957317847993,14
2590017,9.718952118879729,14
2590026,9.811307565513673,9
2590037,9.789707743981973,11
2590042,9.918501214968808,5
2590045,9.96246521034127,3
2590056,9.757123565069797,11
2590063,9.84531331800666,7
2590068,9.920101655201083,5
2590085,9.607114146895299,17
2590091,9.882002642216657,6
2590099,9.879008612048816,8
2590106,9.87855129180013,7
2590119,9.699031865847331,13
2590132,9.735248069899097,13
2590147,9.65664244436167,15
2590154,9.867422033515378,7
2590172,9.672716608888557,18
2590180,9.842473498518906,8
2590187,9.854290076180252,7
2590193,9.884547651868964,6
2590209,9.662753002952629,16
2590228,9.54883495644912,19
2590229,10.0,1
2590238,9.83750539078243,9
2590239,10.0,1
2590258,9.210093591547626,19
2590270,9.758150438410498,12
2590279,9.815014878135429,9
2590289,9.810826381255227,10
2590298,9.830005251209823,9
2590306,9.857344547207216,8
2590314,9.84353915084235,8
2590320,9.903934019692098,6
2590325,9.92997276200184,5
2590337,9.745886723050482,12
2590340,9.95838813613728,3
2590345,9.901949996967732,5
2590353,9.862621332653962,8
2590380,9.540362324871738,27
2590383,9.963609089104898,3
2590397,9.693969305443773,14
2590401,9.946079874814059,4
2590416,9.652346945310056,15
2590427,9.74259354964492,11
2590433,9.891902360420643,6
2590441,9.85261358240326,8
2590442,10.0,1
2590446,9.926820280601657,4
2590454,9.87539064767013,8
2590463,9.821280883314794,9
2590472,9.825717825238195,9
2590486,9.691812148548472,14
2590492,9.904535257199841,6
2590503,9.810209893069763,11
2590506,9.958788381284126,3
2590508,9.97834927183913,2
2590531,9.480735774842785,23
2590536,9.9272006908481,5
2590543,9.866789225045103,7
2590546,9.951044895734707,3
2590554,9.861088209009155,8
2590573,9.5580834288569,19
2590582,9.821956347784472,9
2590588,9.89767527939871,6
2590589,10.0,1
2590597,9.851013876708288,8
2590600,9.958072908979782,3
2590610,9.815015142932921,10
2590624,9.67484471171922,14
2590625,9.992108063995893,1
2590626,10.0,1
2590638,9.732549853249276,12
2590648,9.802798899028765,10
2590658,9.807826450968165,10
2590667,9.834928815136301,9
2590676,9.853170386396386,9
2590683,9.880603771541042,7
2590698,9.692639169351366,15
2590707,9.853740954338468,9
2590722,9.669987962807143,15
2590728,9.88594391349562,6
2590733,9.932344786339451,5
2590740,9.899564726745647,7
2590751,9.750993750709167,11
2590758,9.84639687006986,7
2590770,9.766916339067024,12
2590785,9.651955752655304,15
2590793,9.836386266195845,8
2590794,10.0,1
2590803,9.810261019663708,9
2590814,9.817967390410029,11
2590820,9.899499222677687,6
2590821,10.0,1
2590826,9.917100903456976,5
2590830,9.931240069110553,4
2590837,9.867873464422653,7
2590851,9.67376636375782,14
2590862,9.819928130577933,11
2590871,9.813895152282326,9
2590880,9.81677071471036,9
2590891,9.782514447524198,11
2590904,9.719759203379692,13
2590905,10.0,1
2590907,9.978577835206949,2
2590919,9.733292409373407,12
2590925,9.918830745150045,6
2590941,9.64099852682728,16
2590949,9.649575606216423,8
2590955,9.880672438435932,6
2590972,9.617474173214939,17
2590987,9.675226312202723,15
2591001,9.657383157716463,14
2591008,9.895280740973634,7
2591013,9.927649390835647,5
2591014,10.0,1
2591022,9.825008913105258,8
2591026,9.935943505766083,4
2591038,9.746415343733812,12
2591040,9.975367157216937,2
2591095,8.7957567291791,55
2591100,9.916368506585403,5
2591111,9.761165623634458,11
2591126,9.675565542765707,15
2591129,9.961939623265687,3
2591136,9.867026501981062,7
2591150,9.702595715097484,14
2591159,9.852835244433455,9
2591163,9.93763545278681,4
2591164,10.0,1
2591167,9.968810509345865,3
2591172,9.9251417268383,5
2591186,9.716531290044793,14
2591196,9.778984452106762,10
2591206,9.777891039510962,10
2591207,10.0,1
2591214,9.866407182799108,7
2591228,9.718416411992166,14
2591244,9.644848612329726,16
2591259,9.68695743761236,15
2591263,9.824835366223464,4
2591267,9.947195581704142,4
2591274,9.886954790000992,7
2591277,9.96329218843871,3
2591286,9.823422484197923,9
2591297,9.669308175403138,11
2591303,9.889711447964787,6
2591315,9.76244289160464,12
2591320,9.916150490921252,5
2591326,9.895327757915112,6
2591332,9.883017802599536,6
2591340,9.850023009341292,8
2591348,9.852807504082921,8
2591366,9.35653339514291,18
2591373,9.87147934770584,7
2591379,9.893640176795193,6
2591388,9.828768885977906,9
2591395,9.864917776772222,7
2591398,9.957700963257507,3
2591399,9.991824316413313,1
2591406,9.87777397343377,7
2591413,9.889478189552149,7
2591417,9.9454180139105,4
2591427,9.830691264649294,10
2591428,10.0,1
2591433,9.910927839630343,5
2591440,9.871121409297354,7
2591441,10.0,1
2591453,9.733021419616712,12
2591460,9.905487197501728,7
2591464,9.943878221770925,4
2591470,9.89231148325739,6
2591483,9.750984075370258,13
2591495,9.781534563634322,12
2591505,9.823576484067226,10
2591520,9.730384909630864,15
2591529,9.809133199407938,9
2591530,10.0,1
2591546,9.663845938678215,16
2591547,10.0,1
2591555,9.75125959506785,8
2591570,9.665572514281013,15
2591573,9.950124745843222,3
2591581,9.885317210456767,8
2591640,8.904534068872806,59
2592140,-25.416720609370334,500
2592640,-98.13961128029918,500
2593140,-17.545931403412023,500
2593145,9.919010096832016,5
2593190,9.123977251612965,45
2593200,9.780395786020003,10
2593205,9.91473999290939,5
2593211,9.889876257368,6
2593212,10.0,1
2593223,9.80173851584412,11
2593240,9.61476051741347,17
2593252,9.755826857780574,12
2593258,9.885414026622067,6
2593266,9.854773570292899,8
2593272,9.895781196856008,6
2593274,9.973915641922067,2
2593281,9.887840489868283,7
2593291,9.78546356425065,10
2593292,10.0,1
2593299,9.862706767886785,7
2593313,9.702534606960983,14
2593324,9.77791716886001,11
2593339,9.634137199833617,15
2593350,9.78243552496351,11
2593354,9.947027280798821,4
2593366,9.785745499369186,12
2593374,9.857381466299882,8
2593375,10.0,1
2593376,10.0,1
2593383,9.881480143856098,7
2593395,9.729721018723422,12
2593416,9.500682602007187,21
2593426,9.782180722966343,10
2593431,9.930851031739126,5
2593441,9.83969006684693,10
2593454,9.716303476270033,13
2593461,9.872147421699989,7
2593469,9.856314060528046,8
2593477,9.836812456606832,8
2593487,9.81698429090972,10
2593499,9.734854374557209,12
2593508,9.843749080018695,9
2593520,9.814613517586418,12
2593529,9.82337630685512,9
2593534,9.922378096939209,5
2593535,10.0,1
2593538,9.96022387503423,3
2593543,9.929955252208401,5
2593555,9.74715441596381,12
2593569,9.688995095641397,14
2593576,9.876732026378912,7
2593581,9.941788986190806,5
2593593,9.76403431679594,12
2593597,9.942333771019488,4
2593601,9.951017009149712,4
2593602,10.0,1
2593612,9.828917452937365,10
2593618,9.904929216411604,6
2593633,9.666466175160718,15
2593638,9.93700212576694,5
2593645,9.875852476232868,7
2593653,9.84847532030603,8
2593654,10.0,1
2593666,9.736724278095819,12
2593678,9.443667061685513,12
2593686,9.860378002625465,8
2593692,9.897832742720686,6
2593699,9.858162481614656,7
2593706,9.871866251898064,7
2593719,9.753777555092698,13
2593727,9.849868250685201,8
2593737,9.829544162024666,10
2593751,9.665299782861426,14
2593756,9.91852842673789,5
2593766,9.786253090566632,10
2593772,9.900676538883623,6
2593778,9.889051400627322,6
2593786,9.843165238026433,8
2593790,9.942899949015146,4
2593794,9.931044132464603,4
2593799,9.92454645549403,5
2593810,9.776898578353055,11
2593811,10.0,1
2593820,9.816909869217396,9
2593826,9.888379537233064,6
2593833,9.878720871274627,7
2593837,9.944923837588359,4
2593847,9.791858530580983,10
2593851,9.9406236694982,4
2593857,9.87803140054856,6
2593858,10.0,1
2593865,9.883026385538317,7
2593877,9.706349577343962,12
2593890,9.703823364962014,13
2593903,9.727784773714523,13
2593909,9.894369831547634,6
2593919,9.813124782606007,10
2593930,9.759158993952592,11
2593944,9.695243342334575,14
2593951,9.86012089505991,7
2593961,9.793538221941999,10
2593965,9.922725423167622,4
2593966,10.0,1
2593967,10.0,1
2593972,9.926487802873549,5
2593989,9.663432584663473,17
2593998,9.851196896414093,9
2594003,9.925914055951015,5
2594017,9.720250324354982,14
2594027,9.790525918737227,10
2594045,9.580919412469973,18
2594054,9.831090591539445,9
2594063,9.820632731031075,9
2594074,9.792339595277255,11
2594080,9.897858172997472,6
2594081,10.0,1
2594090,9.81819259354497,9
2594096,9.89057609077279,6
2594103,9.876772606693574,7
2594105,9.98042763980696,2
2594113,9.829752627368038,8
2594126,9.708563770101064,13
2594135,9.827593013677594,9
2594139,9.95968700117448,4
2594148,9.814402183848157,9
2594159,9.778113008920878,11
2594173,9.66981173801015,14
2594176,9.949358295685036,3
2594188,9.761472848879015,12
2594189,9.988822449916821,1
2594192,9.965626192094122,3
2594193,10.0,1
2594197,9.941334648268185,4
2594205,9.765420568857223,8
2594211,9.883856406132468,6
2594222,9.764291319023883,11
2594228,9.886833942951846,6
2594233,9.925948709638948,5
2594236,9.963810060921116,3
2594243,9.88134861733235,7
2594260,9.638602799806597,17
2594269,9.735128306739133,9
2594274,9.915045024128649,5
2594277,9.963134112526026,3
2594290,9.708182119073843,13
2594299,9.813883107046971,9
2594304,9.912374971113882,5
2594305,10.0,1
2594313,9.843639922381186,8
2594322,9.807165820465652,9
2594331,9.81839828901269,9
2594339,9.854671445471181,8
2594351,9.758306655393959,12
2594361,9.787606862887289,10
2594371,9.776904844462662,10
2594381,9.796644674643133,10
2594388,9.866599803315236,7
2594402,9.716032598118078,14
2594419,9.619013524170775,17
2594427,9.853567193955005,8
2594438,9.751596809008696,11
2594442,9.924054870005769,4
2594445,9.955159345271346,3
2594458,9.733733995712026,13
2594469,9.767565612526983,11
2594480,9.766368212555673,11
2594491,9.761070357911608,11
2594502,9.746846019290814,11
2594507,9.927565449584202,5
2594518,9.776076631922473,11
2594522,9.944711836177863,4
2594533,9.754932515177863,11
2594539,9.890107910137315,6
2594551,9.721581722610543,12
2594556,9.910724374111982,5
2594557,10.0,1
2594579,9.126960736624486,22
2594585,9.884804815972414,6
2594602,9.683210028849274,17
2594614,9.747251821498093,12
2594619,9.924980936428732,5
2594620,10.0,1
2594627,9.875058341026365,7
2594644,9.70126675658443,17
2594655,9.789159943140856,11
2594664,9.818394339080907,9
2594681,9.672146903457387,17
2594682,10.0,1
2594683,10.0,1
2594691,9.85896209274954,8
2594693,9.979520966796915,2
2594694,10.0,1
2594708,9.669297164738671,14
2594722,9.670283951368766,14
2594731,9.820126537279576,9
2594739,9.8422099067374,8
2594740,10.0,1
2594753,9.722864206294203,13
2594759,9.897089560926084,6
2594769,9.789084043785333,10
2594778,9.815990696266164,9
2594791,9.587345342307902,13
2594799,9.831109528352425,8
2594809,9.804101362262996,10
2594816,9.896023981264031,7
2594831,9.626122308409931,15
2594839,9.861646612195514,8
2594849,9.808117954079282,10
2594875,9.444333357132205,26
2594895,9.604167998282202,20
2594915,9.503255349241499,20
2594921,9.906099930300128,6
2594938,9.598490938222945,17
2594951,9.72117356619559,13
2594965,9.69134610083486,14
2594975,9.835076948921591,10
2594984,9.805480625331013,9
2594987,9.96351102825111,3
2594990,9.963080665539595,3
2594993,9.958747628620936,3
2595005,9.745922801320072,12
2595011,9.906880258932487,6
2595023,9.715806367238615,12
2595032,9.808076360198346,9
2595037,9.917580268379059,5
2595055,9.560836925554678,18
2595060,9.929231806059985,5
2595061,10.0,1
2595074,9.712028774841821,13
2595082,9.845926782525693,8
2595092,9.773059553750572,10
2595099,9.849504479517535,7
2595102,9.959706133619436,3
2595103,10.0,1
2595104,10.0,1
2595110,9.886485943921034,6
2595125,9.670033312170611,15
2595133,9.845327299538976,8
2595142,9.81115432552681,9
2595146,9.95277502400664,4
2595149,9.95650215423209,3
2595158,9.840550826031532,9
2595168,9.815907271057556,10
2595180,9.73419116538056,12
2595185,9.895742983196726,5
2595196,9.786471382908712,11
2595215,9.542933551314526,19
2595224,9.793383995070089,9
2595243,9.588836953023339,19
2595257,9.670591838170411,14
2595270,9.731269979155762,13
2595271,10.0,1
2595283,9.751767111040062,12
2595287,9.941435135273093,4
2595288,10.0,1
2595297,9.800527843312642,9
2595301,9.9409792600459,4
2595310,9.832779121445464,9
2595316,9.890262805259683,6
2595324,9.845298811241491,8
2595330,9.917053279859493,6
2595339,9.851842582664805,9
2595356,9.580781479197976,17
2595365,9.822912524529562,9
2595380,9.630745980938617,15
2595395,9.654751962273782,15
2595398,9.961364367761348,3
2595404,9.901599392406354,6
2595410,9.899672530124898,6
2595426,9.609230205190036,16
2595437,9.745121308608912,11
2595445,9.826720795682979,8
2595458,9.689308437746257,13
2595459,10.0,1
2595468,9.828034111793208,9
2595480,9.75397194625485,12
2595481,10.0,1
2595492,9.766558433732886,11
2595499,9.867813494349173,7
2595506,9.885960754112416,7
2595515,9.819153265752135,9
2595530,9.695266050857885,15
2595536,9.89614176698566,6
2595537,10.0,1
2595541,9.943981730395208,4
2595554,9.73366143579581,13
2595559,9.892287521002887,5
2595560,10.0,1
2595566,9.919090287923284,6
2595568,9.974516411403506,2
2595580,9.7513169698252,12
2595593,9.70114064175024,13
2595599,9.912184264179002,6
2595618,9.573035061181015,19
2595625,9.884678792112334,7
2595637,9.775750011274718,12
2595649,9.73919183778223,12
2595655,9.902425200349896,6
2595671,9.662302953688599,16
2595683,9.772133152568866,12
2595689,9.899007211637697,6
2595704,9.730391118363775,15
2595710,9.898503765876633,6
2595719,9.796980994180885,9
2595722,9.966160152774226,3
2595729,9.691581257786739,7
2595730,10.0,1
2595731,10.0,1
2595734,9.965970962664992,3
2595744,9.80979848054989,10
2595753,9.810753151096707,9
2595767,9.728196801608897,14
2595773,9.889577003379873,6
2595778,9.906319772773521,5
2595794,9.696558049605128,16
2595803,9.820857581005725,9
2595822,9.593051489214734,19
2595827,9.920281880783092,5
2595828,10.0,1
2595840,9.713230653971562,12
2595851,9.761158947881599,11
2595862,9.772634844121313,11
2595870,9.838551166178986,8
2595880,9.807098679513903,10
2595890,9.800896531728338,10
2595903,9.712808516764424,13
2595919,9.628752944257975,16
2595930,9.774263650411166,11
2595943,9.75278913172955,13
2595954,9.74983396240919,11
2595964,9.791266698549443,10
2595970,9.909324147512885,6
2595977,9.866364151197946,7
2595989,9.73995285193834,12
2595999,9.800114801084865,10
2596006,9.868173749896496,7
2596012,9.88316872095157,6
2596024,9.761687310374997,12
2596036,9.732220316961136,12
2596040,9.93008268356859,4
2596049,9.829747749722703,9
2596070,9.464605454074652,21
2596079,9.82408630673099,9
2596085,9.903566210176917,6
2596092,9.864034637292335,7
2596109,9.654958110399821,17
2596609,-17.600240414196737,500
2596614,9.922204703713046,5
2596621,9.874671378991144,7
2596638,9.47870440136726,17
2596639,10.0,1
2596640,9.986888782942257,1
2596648,9.852756879052304,8
2596660,9.708406145672601,12
2596663,9.967650819064184,3
2596668,9.910728584091375,5
2596675,9.85264795711606,7
2596686,9.749426707188231,11
2596695,9.828829082325976,9
2596708,9.720236036502696,13
2596728,9.560911967987195,20
2596740,9.726747637463932,12
2596749,9.821898270479794,9
2596760,9.464632574699257,11
2596773,9.723025160169296,13
2596776,9.960970590691588,3
2596789,9.722900993078904,13
2596791,9.97584460957082,2
2596797,9.878942127225622,6
2596809,9.765613559035893,12
2596815,9.877670744733143,6
2596825,9.790059271239675,10
2596832,9.88094484091287,7
2596842,9.703786856430717,10
2596846,9.9442666261714,4
2596853,9.8697839870089,7
2596870,9.620518636702716,17
2596877,9.866070690219454,7
2596910,9.354462433515298,33
2596923,9.689958797423438,13
2596940,9.594298335005778,17
2596944,9.942161965697272,4
2596945,10.0,1
2596957,9.736637624349461,12
2596967,9.788668170057615,10
2596982,9.642758153763628,15
2596994,9.759384467043114,12
2596995,10.0,1
2596998,9.953657236327178,3
2597014,9.68696269004898,16
2597028,9.730269824731865,14
2597035,9.846734002862494,7
2597045,9.782245028223553,10
2597056,9.786856096237456,11
2597067,9.788445639037972,11
2597086,9.26390904674961,19
2597105,9.491579977346694,19
2597114,9.823185745848118,9
2597133,9.58172967449817,19
2597149,9.740316852277772,16
2597156,9.753835668644044,7
2597161,9.918204844015364,5
2597175,9.704938508096912,14
2597176,10.0,1
2597190,9.720474622593375,14
2597197,9.865025745619976,7
2597201,9.939710944697072,4
2597213,9.74105229056709,12
2597219,9.876308378662513,6
2597222,9.960530053404792,3
2597231,9.819872872715782,9
2597249,9.520249518748663,18
2597255,9.892021823861388,6
2597262,9.846068474525241,7
2597272,9.727094589499282,10
2597279,9.876090348037753,7
2597280,9.996263548238677,1
2597294,9.69511716867489,14
2597301,9.866171154861656,7
2597309,9.834267718098287,8
2597315,9.8886303777769,6
2597326,9.765697864793287,11
2597327,10.0,1
2597328,10.0,1
2597345,9.64455631326881,17
2597351,9.900619904287366,6
2597360,9.791909193929108,9
2597369,9.83358355262506,9
2597370,10.0,1
2597377,9.86700083199375,7
2597388,9.782805683570652,11
2597395,9.848689055722001,7
2597405,9.798312510114497,10
2597424,9.54121717227904,19
2597442,9.586070283922544,18
2597446,9.929888504958438,4
2597454,9.880553778411302,8
2597459,9.919861420966667,5
2597463,9.946887532127475,4
2597469,9.891414464648417,6
2597470,10.0,1
2597477,9.869153161987041,7
2597483,9.907439294347933,6
2597494,9.667141228981327,11
2597505,9.76398042272044,11
2597516,9.768653048710092,11
2597526,9.75817044894412,10
2597536,9.817705570089386,10
2597546,9.77255652107176,10
2597560,9.765193592539644,14
2597572,9.738002634168108,12
2597576,9.94527667034895,4
2597586,9.821135228319605,10
2597604,9.600401599169334,18
2597612,9.850823640779954,8
2597614,9.972561493246346,2
2597624,9.783274927906424,10
2597634,9.572646023992398,10
2597645,9.794487764949872,11
2597656,9.739102865679179,11
2597672,9.402264906772553,16
2597674,9.976946905839215,2
2597681,9.857710419091207,7
2597686,9.895069609309413,5
2597697,9.814216046618258,11
2597702,9.916205330022914,5
2597708,9.896117293276522,6
2597718,9.796899609428039,10
2597720,9.973911270748873,2
2597725,9.938003635781756,5
2597732,9.876988541813837,7
2597739,9.87457264809071,7
2597749,9.7901113177258,10
2597770,9.458907939090283,21
2597781,9.758805725705034,11
2597790,9.795139564804696,9
2597791,10.0,1
2597795,9.932501377581106,4
2597802,9.859365711269296,7
2597822,9.523956603964688,20
2597827,9.904808920514336,5
2597837,9.826467644473563,10
2597847,9.788881388113955,10
2597858,9.778943213024743,11
2597861,9.953649162297102,3
2597866,9.908224811906878,5
2597876,9.83827523961859,10
2597890,9.291481827960798,14
2597891,10.0,1
2597909,9.579826416170077,18
2597919,9.794052297271072,10
2597927,9.872234734946899,8
2597937,9.809788728955402,10
2597946,9.800939979010563,9
2597957,9.547092141322112,11
2597958,9.9871847146899,1
2597970,9.735413403745223,12
2597971,10.0,1
2597981,9.810693608880982,10
2597985,9.941363964330375,4
2597992,9.87050839933677,7
2597993,10.0,1
2598000,9.873754560964926,7
2598008,9.851269234211964,8
2598019,9.757974930126036,11
2598028,9.82550066114342,9
2598034,9.882550845190293,6
2598038,9.93878037165789,4
2598047,9.825349541958182,9
2598053,9.902806083890981,6
2598066,9.74691280226304,13
2598073,9.872298198021168,7
2598075,9.970465470077361,2
2598076,10.0,1
2598087,9.745770665394216,11
2598100,9.736723977314368,13
2598109,9.842354122485121,9
2598116,9.868803768074955,7
2598121,9.916025694110955,5
2598126,9.905637071168115,5
2598127,10.0,1
2598140,9.726650554825817,13
2598150,9.799677336816695,10
2598152,9.97873132507776,2
2598166,9.668281577332115,14
2598176,9.799555459533892,10
2598183,9.87243822807423,7
2598188,9.914059505666621,5
2598194,9.907523983278054,6
2598204,9.803874710999493,10
2598205,10.0,1
2598220,9.656815753910589,15
2598230,9.795199466932596,10
2598241,9.81005220615871,11
2598250,9.824087557223738,9
2598259,9.837129470921608,9
2598266,9.853621250756504,7
2598286,9.56092261233302,20
2598294,9.864028358172058,8
2598297,9.957904618722768,3
2598300,9.954832597457226,3
2598301,10.0,1
2598308,9.875156797021978,7
2598322,9.634540233640116,14
2598328,9.885287721235994,6
2598334,9.894352058891974,6
2598345,9.762917472212349,11
2598352,9.88110402465044,7
2598362,9.786067625609869,10
2598370,9.864433331321138,8
2598382,9.748278270361302,12
2598396,9.66299911948607,14
2598398,9.975892583370554,2
2598407,9.821613700579324,9
2598414,9.861612690163868,7
2598423,9.827040552068235,9
2598430,9.884528537199222,7
2598440,9.79948870344071,10
2598444,9.938713284290895,4
2598452,9.841318294264697,8
2598453,10.0,1
2598464,9.7704743602907,11
2598471,9.865166217400178,7
2598476,9.92743299492265,5
2598477,10.0,1
2598490,9.700926502880623,13
2598497,9.849982208964779,7
2598508,9.797188635078049,11
2598515,9.793700381120319,7
2598525,9.801457588439002,10
2598537,9.761599517545678,12
2598539,9.680473512093187,2
2598546,9.565305140033583,7
2598547,10.0,1
2598561,9.713522911432909,14
2598564,9.96142609731296,3
2598573,9.81091378808035,9
2598579,9.893730825248651,6
2598591,9.733516611481667,12
2598602,9.779084432303241,11
2598603,10.0,1
2598611,9.86829843571531,8
2598621,9.794357951918938,10
2598633,9.766983478769381,12
2598645,9.753948176938462,12
2598659,9.718080015748276,14
2598666,9.866633746085197,7
2598671,9.916360134719879,5
2598680,9.826165514199849,9
2598681,10.0,1
2598682,10.0,1
2598688,9.887862265418473,6
2598689,10.0,1
2598693,9.929233662236017,4
2598715,9.423558713572428,22
2598721,9.897842272490365,6
2598730,9.821343603407213,9
2598741,9.774663477549788,11
2598749,9.833649316696228,8
2598766,9.636544944421072,17
2598783,9.632575721027802,17
2598790,9.854824416461712,7
2598798,9.851992030660927,8
2598807,9.84028682034786,9
2598823,9.622166440471561,16
2598832,9.82530619541805,9
2598860,9.441907920082716,28
2598862,9.979971019712924,2
2598863,10.0,1
2598868,9.900073089789615,5
2598878,9.801378323064322,10
2598883,9.917435682227023,5
2598889,9.888902032439242,6
2598903,9.381469190811412,14
2598904,9.989096041816497,1
2598916,9.752645479274168,12
2598930,9.715085820523237,14
2598936,9.891146176720824,6
2598945,9.844381473011019,9
2598956,9.783732819251723,11
2598963,9.876316730234924,7
2598964,10.0,1
2598979,9.677797848238093,15
2598985,9.924195192872617,6
2598986,10.0,1
2598990,9.944312077829542,4
2598994,9.948773096256426,4
2599004,9.812917753253176,10
2599013,9.841672683585577,9
2599030,9.611639874164165,17
2599033,9.958496562492831,3
2599051,9.559277423908899,18
2599054,9.952112842983848,3
2599070,9.59297166085428,16
2599080,9.784172420078521,10
2599086,9.896996213529743,6
2599092,9.901796555701141,6
2599102,9.79998909152312,10
2599111,9.822819528892436,9
2599115,9.940680380953381,4
2599127,9.737398533585624,12
2599135,9.842566888623537,8
2599144,9.809706114445486,9
2599153,9.798769936568501,9
2599154,9.992481434522967,1
2599161,9.863746749708376,7
2599164,9.9614746218278,3
2599173,9.83772060595829,9
2599184,9.752750806230363,11
2599191,9.858690559740975,7
2599196,9.919278611400179,5
2599203,9.883154346059468,7
2599215,9.718853269091817,12
2599218,9.959023385893266,3
2599221,9.963017450079239,3
2599235,9.695149685004623,14
2599250,9.73741817084208,15
2599256,9.896493466913439,6
2599260,9.939413714554354,4
2599269,9.63816437159711,9
2599270,10.0,1
2599276,9.895198651112267,6
2599281,9.900134037506868,5
2599288,9.864714896805872,7
2599302,9.710874987387621,14
2599312,9.795509195997017,10
2599322,9.788004154796399,10
2599324,9.975985060013109,2
2599336,9.767134346206218,12
2599349,9.743407055089582,13
2599361,9.701547821715431,12
2599362,9.996554002937284,1
2599371,9.819277949189248,9
2599385,9.7444532447024,14
2599387,9.986779661203387,2
2599391,9.950969816174617,4
2599406,9.667794617757252,15
2599416,9.794983582272065,10
2599423,9.871516042043229,7
2599440,9.654228378132702,17
2599446,9.888057981857806,6
2599458,9.740566320499658,12
2599465,9.873779564817362,7
2599468,9.967642135182032,3
2599474,9.909534171678667,6
2599484,9.802432283950807,10
2599492,9.857158836566445,8
2599511,9.572718914407536,19
2599523,9.74183147247191,12
2599524,10.0,1
2599531,9.885040575752475,7
2599538,9.86984645917818,7
2599549,9.807398890720274,11
2599559,9.826608706713495,10
2599569,9.819986751300661,10
2599584,9.673317786498552,15
2599593,9.799532481229877,9
2599606,9.720039226838098,13
2599616,9.75736924785472,10
2599626,9.798403544149085,10
2599627,9.992232996101693,1
2599638,9.737823488067505,11
2599649,9.750148948753942,11
2599656,9.860973863086159,7
2599672,9.664080076239443,16
2599678,9.907978809397413,6
2599691,9.7170630639536,13
2599699,9.833118073803524,8
2599715,9.619744882284456,16
2599716,10.0,1
2599719,9.951498300992402,3
2599720,10.0,1
2599722,9.977957557002046,2
2599723,10.0,1
2599724,10.0,1
2599735,9.577077596321093,11
2599746,9.7623546391943,11
2599748,9.979589457300847,2
2599756,9.836614861371984,8
2599761,9.912673748448691,5
2599772,9.749938008688249,11
2599779,9.849094110732052,7
2599783,9.949742140679536,4
2599787,9.934487252065518,4
2599788,9.992054973667905,1
2599800,9.734001468112206,12
2599811,9.738567429469827,11
2599819,9.840921741656611,8
2599828,9.79803765694725,9
2599837,9.838168593803772,9
2599841,9.948959241423374,4
2599847,9.89077415872303,6
2599848,10.0,1
2599863,9.670693610943433,15
2599872,9.813388277807135,9
2599894,9.525040639654415,22
2599895,10.0,1
2599899,9.928601168272015,4
2599900,10.0,1
2599915,9.667559104395197,15
2599919,9.940838770880532,4
2599929,9.787814177880241,10
2599935,9.899880828033476,6
2599949,9.672219028187698,14
2599957,9.835730556091557,8
2599959,9.978122121845878,2
2599960,10.0,1
2599964,9.937350342524457,4
2599972,9.835995561000304,8
2599979,9.861039398612771,7
2599992,9.694821848122366,13
2600002,9.822034826269151,10
2600007,9.912790728875972,5
2600008,10.0,1
2600012,9.935862941746661,4
2600022,9.802358527494643,10
2600039,9.602266704494172,17
2600042,9.954163933849541,3
2600049,9.88978194706451,7
2600068,9.55163458962692,19
2600071,9.96473647032245,3
2600077,9.903937880368543,6
2600086,9.80655302799486,9
2600088,9.973059212000269,2
2600095,9.862951405346413,7
2600105,9.804920051537305,10
2600110,9.912284644149219,5
2600115,9.92356839690197,5
2600124,9.820369093141915,9
2600127,9.9675471810159,3
2600134,9.879470392403862,7
2600140,9.911494386910492,6
2600152,9.734233551826973,12
2600165,9.745938879858633,13
2600171,9.900670736565287,6
2600177,9.92427050971917,6
2600187,9.794688633690829,10
2600190,9.968466523446954,3
2600198,9.830507731299429,8
2600211,9.699554474802007,13
2600220,9.863932904299707,9
2600227,9.875521655680098,7
2600239,9.771713366120737,12
2600245,9.889663787736437,6
2600255,9.772559788781082,10
2600270,9.655942956320574,15
2600280,9.778598226946785,10
2600283,9.968687786119121,3
2600301,9.6201838335434,18
2600311,9.780365041516617,10
2600321,9.790058825903406,10
2600331,9.772586234149795,10
2600346,9.683645920727198,15
2600351,9.91115755174648,5
2600355,9.95459419092151,4
2600361,9.902319306596004,6
2600374,9.725471545152889,13
2600383,9.826595225938089,9
2600400,9.507053649426839,17
2600408,9.834340621411824,8
2600409,10.0,1
2600414,9.922482231443057,5
2600427,9.73060857282613,13
2600435,9.85338160550465,8
2600444,9.831019696683367,9
2600453,9.825939520171106,9
2600454,10.0,1
2600455,10.0,1
2600457,9.985556531770733,2
2600466,9.796149032037816,9
2600480,9.701039809232418,14
2600491,9.80433280372326,11
2600496,9.913811804287501,5
2600513,9.612400099463322,17
2600525,9.72519990072107,12
2600531,9.912971794836531,6
2600532,9.993146088741224,1
2600537,9.92260870893769,5
2600548,9.785130767565173,11
2600570,9.481193360538562,22
2600571,9.992768179548706,1
2600580,9.816155591460838,9
2600583,9.958703766726002,3
2600584,10.0,1
2600604,9.508422352507193,20
2600610,9.889568685756535,6
2600620,9.797284299281866,10
2600623,9.965206654949567,3
2600634,9.769935980904117,11
2600639,9.932512527644601,5
2600651,9.736472157022492,12
2600660,9.820232450831352,9
2600669,9.816067017991546,9
2600671,9.982065232040286,2
2600684,9.735146047169225,13
2600691,9.884228160582216,7
2600704,9.72216568799419,13
2600713,9.83847323634767,9
2600729,9.63811119562869,16
2600746,9.599114500147799,17
2600747,9.992431905860046,1
2600754,9.867822857082947,7
2600761,9.656505080854819,7
2600768,9.859989998838339,7
2600773,9.918331240664973,5
2600790,9.598698792968777,17
2600796,9.915021937417842,6
2600808,9.76138255660092,12
2600813,9.924752173414943,5
2600814,10.0,1
2600835,9.485419602768271,21
2600842,9.88192487001619,7
2600851,9.86744890856944,9
2600865,9.670214615435606,14
2600873,9.856122820139904,8
2600876,9.956515651949006,3
2600888,9.750485992658797,12
2600895,9.880648554496393,7
2600902,9.859618826664878,7
2600907,9.935944717547562,5
2600917,9.779528443296186,10
2600921,9.926368455575261,4
2600933,9.735286318679044,12
2600957,9.484097805520818,24
2600958,10.0,1
2600970,9.74692153968423,12
2600976,9.897036386787219,6
2600980,9.932613100842344,4
2600993,9.68093090384016,13
2601001,9.869256399616873,8
2601013,9.782157096072234,12
2601014,10.0,1
2601028,9.719881872659846,14
2601035,9.883623837145121,7
2601061,9.356045797067317,26
2601078,9.597569624660123,17
2601085,9.873029676096367,7
2601092,9.874977951317181,7
2601093,9.996641409172042,1
2601099,9.895627883142973,6
2601108,9.831741221271242,9
2601119,9.77244705180648,11
2601133,9.697680699863703,14
2601148,9.67187727005081,15
2601153,9.933044473677958,5
2601165,9.750126004769518,12
2601173,9.84044148573953,8
2601183,9.795515729072376,10
2601190,9.89122091551302,7
2601202,9.719601170578676,12
2601212,9.80149959578524,10
2601227,9.653380815258565,15
2601238,9.772713914124786,11
2601248,9.791849294243494,10
2601252,9.923512981986878,4
2601253,10.0,1
2601254,10.0,1
2601261,9.87404253210661,7
2601274,9.709319230526585,13
2601279,9.928106058824348,5
2601290,9.759996339351854,11
2601302,9.777375383015473,12
2601312,9.78580263895645,10
2601323,9.778266569988542,11
2601325,9.983694672817768,2
2601331,9.906461999405037,6
2601339,9.855217093196615,8
2601357,9.46816096771077,18
2601367,9.814640183834447,10
2601380,9.710524710402993,13
2601394,9.704476822067395,14
2601403,9.813754067272194,9
2601409,9.908489547748232,6
2601415,9.902700456404764,6
2601431,9.678603060781345,16
2601439,9.81711690132047,8
2601449,9.760596256566343,10
2601457,9.649290637543547,8
2601491,9.353123871249213,34
2601520,8.55229908287704,29
2601526,9.900451269782435,6
2601537,9.77537110195748,11
2601550,9.720482609145991,13
2601551,9.992909793255178,1
2601563,9.76424519147892,12
2601564,10.0,1
2601569,9.934956503599302,5
2601576,9.86260683945079,7
2601584,9.860376834534627,8
2601585,10.0,1
2601592,9.868521127430487,7
2601593,9.996399013459968,1
2601606,9.704367895080754,13
2601616,9.732778590712522,10
2601627,9.762400415389369,11
2601637,9.766971575097443,10
2601648,9.784560404659587,11
2601652,9.941781050190656,4
2601670,9.62673556122653,18
2601671,10.0,1
2601684,9.603099475991858,13
2601692,9.849540962105486,8
2601703,9.76325072370507,11
2601717,9.689552988690007,14
2601734,9.58283088920466,17
2601745,9.575484253956107,11
2601749,9.918909624710663,4
2601752,9.963350793294241,3
2601755,9.96347425640545,3
2601764,9.810233316666624,9
2601770,9.89813260439646,6
2601777,9.674190648029596,7
2601778,9.99281654086975,1
2601782,9.935282502932207,4
2601783,9.986476920837514,1
2601796,9.734771289283813,13
2601805,9.816190857653721,9
2601813,9.83197953043663,8
2601816,9.950156517171978,3
2601819,9.955315741732333,3
2601828,9.813480951600265,9
2601838,9.801419355811717,10
2601844,9.896305545514211,6
2601849,9.908891874866391,5
2601857,9.84168079355199,8
2601868,9.764469685212307,11
2601886,9.609071476227545,18
2601904,9.346940431391413,18
2601905,10.0,1
2601907,9.978587801316074,2
2601918,9.796121188673983,11
2601925,9.883438972140855,7
2601929,9.937925866176723,4
2601931,9.981066998273713,2
2601947,9.65512355895225,16
2601956,9.843997531286298,9
2601968,9.806786199517246,12
2601978,9.801644470319156,10
2601989,9.794769147262247,11
2601999,9.784367554620108,10
2602016,9.633941831857026,17
2602022,9.907322381594042,6
2602032,9.819074228895154,10
2602043,9.772819829111146,11
2602050,9.874172449397776,7
2602064,9.677401830992064,14
2602074,9.776623397974513,10
2602085,9.796700473816083,11
2602097,9.762635922734919,12
2602114,9.644591378616928,17
2602121,9.859121135159771,7
2602146,9.402713115799541,25
2602152,9.890910901306686,6
2602161,9.820142181135582,9
2602181,9.589623002625977,20
2602182,10.0,1
2602183,10.0,1
2602191,9.858804104107357,8
2602196,9.908301278418515,5
2602208,9.731944053913423,12
2602213,9.921963235493921,5
2602222,9.81608955091892,9
2602231,9.823870760370344,9
2602255,9.217854686190067,24
2602260,9.719961352135575,5
2602270,9.844668006648424,10
2602280,9.809779560597253,10
2602295,9.68842170965069,15
2602309,9.718453748322919,14
2602315,9.902453687377314,6
2602327,9.758785229219901,12
2602342,9.647313954240342,15
2602343,10.0,1
2602347,9.941221585455144,4
2602355,9.848359882050607,8
2602366,9.783024039589424,11
2602371,9.908317821928742,5
2602374,9.957087119185319,3
2602380,9.892541926552209,6
2602393,9.751374373347177,13
2602402,9.81639962500924,9
2602410,9.644862154549193,8
2602417,9.891975382263887,7
2602431,9.681547467929295,14
2602442,9.752411102000384,11
2602451,9.82803605176465,9
2602466,9.629519867726891,15
2602474,9.860683863306553,8
2602483,9.837939229708788,9
2602490,9.870176081044319,7
2602502,9.741014251169597,12
2602505,9.96057106956029,3
2602516,9.778575648562168,11
2602519,9.954740249267536,3
2602522,9.970949703058311,3
2602533,9.788825093892427,11
2602541,9.855153168320765,8
2602552,9.764545016627537,11
2602558,9.887155219669852,6
2602564,9.905129675401037,6
2602568,9.944247834934759,4
2602576,9.854509490077556,8
2602587,9.747441475442178,11
2602597,9.799309228517213,10
2602599,9.980232122096018,2
2602600,10.0,1
2602607,9.870846573446535,7
2602615,9.869850603789956,8
2602627,9.731588903309055,12
2602638,9.74811144819156,11
2602650,9.756221457330819,12
2602656,9.89990163440546,6
2602666,9.794908644987697,10
2602683,9.644752603161198,17
2602695,9.760405024088596,12
2602696,10.0,1
2602720,9.400431365912965,24
2602733,9.754175252362614,13
2602746,9.691696686428028,13
2602753,9.89458136185132,7
2602761,9.869244515812012,8
2602773,9.76988949718668,12
2602787,9.736220362534109,14
2602789,9.970943411483683,2
2602796,9.759038498053984,7
2602802,9.907706864490203,6
2602811,9.817889493797553,9
2602815,9.935289083863411,4
2602816,9.992580165397749,1
2602826,9.81687232923019,10
2602829,9.968151683250976,3
2602838,9.850974344925142,9
2602852,9.697791610524616,14
2602861,9.794390818046132,9
2602869,9.823932825179597,8
2602880,9.74124273391233,11
2602891,9.769309441862674,11
2602904,9.704220920976862,13
2602921,9.640078452762824,17
2602922,9.996678083614063,1
2602923,10.0,1
2602935,9.744903483922116,12
2602943,9.831831514406487,8
2602953,9.825386633622177,10
2602964,9.770731572858663,11
2602976,9.711193891063159,12
2602987,9.774072321199933,11
2602991,9.93105932783938,4
2603003,9.747295091066201,12
2603006,9.959739432108908,3
2603010,9.94495485927589,4
2603012,9.979061622431761,2
2603024,9.74056878978655,12
2603034,9.8054091743771,10
2603043,9.809136172095934,9
2603048,9.911859153054797,5
2603057,9.841694457191501,9
2603065,9.845433578299193,8
2603079,9.653565403912161,14
2603090,9.774954159092934,11
2603096,9.899710166819334,6
2603118,9.554655339778094,22
2603132,9.684114351306292,14
2603152,9.566064631150528,20
2603153,10.0,1
2603159,9.896468535362818,6
2603167,9.8301718130229,8
2603172,9.913808945512624,5
2603182,9.808043440729808,10
2603190,9.859379095607741,8
2603199,9.840111091537501,9
2603209,9.798288247485285,10
2603221,9.73674375070506,12
2603226,9.90407918746577,5
2603234,9.83756849771611,8
2603238,9.945550916287829,4
2603251,9.705813447335645,13
2603258,9.870767357547507,7
2603262,9.940065714199626,4
2603267,9.905272145890153,5
2603281,9.7064953341487,14
2603286,9.913576339523091,5
2603292,9.893611033552386,6
2603299,9.87721453051836,7
2603307,9.844658703837288,8
2603321,9.689169572834572,14
2603327,9.807966346017288,6
2603335,9.846834160873618,8
2603342,9.877590850419127,7
2603343,10.0,1
2603344,9.993095898718694,1
2603356,9.754764056577356,12
2603363,9.857639184463768,7
2603377,9.581138619736429,14
2603387,9.799078076152133,10
2603404,9.675800647951,17
2603409,9.92740827071476,5
2603416,9.864818065307366,7
2603436,9.557308131961706,20
2603450,9.677116996577945,14
2603465,9.69234729577842,15
2603466,10.0,1
2603481,9.463562641961646,15
2603498,9.611314041056932,17
2603505,9.880658312188523,7
2603510,9.907173781780378,5
2603521,9.797987219236576,11
2603525,9.949554029547938,4
2603529,9.94814991454216,4
2603540,9.755839193549697,11
2603541,10.0,1
2603542,10.0,1
2603553,9.763122713287066,11
2603564,9.801408273301009,11
2603568,9.93675400148212,4
2603570,9.974686426965368,2
2603574,9.927318173625125,4
2603580,9.86624480670434,6
2603589,9.836035042848783,9
2603597,9.860956681735912,8
2603598,10.0,1
2603603,9.936872000797624,5
2603608,9.913015147024462,5
2603620,9.775503359663624,12
2603627,9.860353505277864,7
2603644,9.554148434877957,17
2603656,9.779367838716004,12
2603672,9.66510993408916,16
2603677,9.911095990533852,5
2603692,9.719977856455111,15
2603705,9.71586888996388,13
2603718,9.765698407596814,13
2603723,9.919226523188321,5
2603743,9.632567159148358,20
2603749,9.92064252034781,6
2603763,9.737420269172755,14
2603772,9.804319891185468,9
2603786,9.703604505129428,14
2603794,9.842487942656822,8
2603799,9.90789189467249,5
2603802,9.960539475469808,3
2603808,9.889791262232245,6
2603822,9.66764006017419,14
2603823,10.0,1
2603831,9.851868084946577,8
2603849,9.579678966799477,18
2603850,9.993214941071306,1
2603858,9.847249559702016,8
2603866,9.85371278936385,8
2603872,9.900193249080822,6
2603878,9.894362678544432,6
2603889,9.765042532001413,11
2603893,9.943237118115796,4
2603896,9.954964775417377,3
2603901,9.92746883994214,5
2603909,9.871425191208536,8
2603920,9.765588377341807,11
2603923,9.969147153326443,3
2603931,9.848942105660417,8
2603938,9.851889200120873,7
2603951,9.732788198182266,13
2603952,10.0,1
2603961,9.81188994732792,9
2603972,9.772642757016069,11
2603979,9.871060347868498,7
2603980,10.0,1
2603990,9.78634662435131,10
2603999,9.833124332131078,9
2604005,9.888953084573172,6
2604027,9.526194370938965,22
2604028,10.0,1
2604042,9.704367434801412,14
2604054,9.766118541881044,12
2604065,9.761496039799464,11
2604077,9.743900716598429,12
2604078,10.0,1
2604085,9.791322106256274,7
2604092,9.876821392103649,7
2604103,9.755884796115852,11
2604104,10.0,1
2604110,9.874917440935537,6
2604113,9.967136531493372,3
2604118,9.90389154483907,5
2604131,9.730301314425109,13
2604141,9.781618721331027,10
2604151,9.806733145601573,10
2604162,9.755236558371266,11
2604168,9.88160202182394,6
2604185,9.664063743037246,17
2604195,9.786186488826708,10
2604205,9.810228761201223,10
2604218,9.741111231138953,13
2604231,9.676748091141565,13
2604240,9.818037505974628,9
2604252,9.718349967830925,12
2604254,9.977952151316758,2
2604255,10.0,1
2604266,9.779124977845614,11
2604272,9.898197871643863,6
2604282,9.836203441191149,10
2604295,9.710321599598892,13
2604303,9.839013027879394,8
2604311,9.828904858008263,8
2604314,9.9527509914415,3
2604323,9.839553127953867,9
2604335,9.738455818662857,12
2604336,9.989686718059628,1
2604355,9.613141329229174,19
2604381,9.4886521241358,26
2604391,9.784991730038826,10
2604402,9.752665051444131,11
2604404,9.974289527306183,2
2604410,9.882021377332771,6
2604413,9.960067178022367,3
2604421,9.851734811418094,8
2604434,9.691825002684023,13
2604444,9.793644699006121,10
2604450,9.910058733045153,6
2604457,9.876835936019683,7
2604464,9.86921717879873,7
2604466,9.981809648018046,2
2604467,10.0,1
2604473,9.902668341373895,6
2604483,9.785921974087849,10
2604490,9.875860574243557,7
2604506,9.637335262744372,16
2604515,9.836346255908087,9
2604530,9.64207055853579,15
2604536,9.897973435553434,6
2604539,9.96558562288103,3
2604547,9.842872948830857,8
2604554,9.855579940845972,7
2604566,9.751010554857364,12
2604583,9.686580670850578,17
2604589,9.91009923609378,6
2604592,9.95401757394421,3
2604598,9.876888723251623,6
2604613,9.652695181427394,15
2604617,9.931416932425817,4
2604633,9.62751333856987,16
2604642,9.798179869837604,9
2604643,10.0,1
2604657,9.659861705048943,14
2604670,9.712691833292917,13
2604671,10.0,1
2604675,9.921280708681213,4
2604689,9.713881497685584,14
2604695,9.901067968414115,6
2604698,9.95985182111158,3
2604701,9.965387698612927,3
2604702,10.0,1
2604705,9.957726196344506,3
2604721,9.62802440033531,16
2604736,9.7211606636181,15
2604740,9.938902022066664,4
2604753,9.710811861723164,13
2604755,9.969289516399568,2
2604762,9.86042843801813,7
2604776,9.701297397818177,14
2604778,9.972086346103868,2
2604786,9.839348807570378,8
2604796,9.793097663459228,10
2604797,10.0,1
2604803,9.898584319248783,6
2604814,9.774725666059563,11
2604829,9.683688776272108,15
2604837,9.887831818223939,8
2604848,9.768403345385723,11
2604862,9.679070050110301,14
2604871,9.857574529697656,9
2604882,9.783217398426403,11
2604883,10.0,1
2604888,9.906841872963195,5
2604902,9.697953726558755,14
2604908,9.908467895839223,6
2604913,9.92877869840914,5
2604925,9.7564674999302,12
2604972,7.345998688431715,47
2604977,9.92644157957604,5
2604984,9.87501598012025,7
2604996,9.776232509058836,12
2605001,9.915727361502489,5
2605009,9.843091976413678,8
2605016,9.86143937152199,7
2605033,9.60084301283958,17
2605034,9.99321997862931,1
2605043,9.830647199789759,9
2605047,9.94551442597283,4
2605050,9.956437400203988,3
2605071,9.507421597504292,21
2605092,9.466460092652474,21
2605107,9.67952369497662,15
2605115,9.845245161329066,8
2605116,10.0,1
2605117,10.0,1
2605119,9.976311998729326,2
2605122,9.963002531388582,3
2605130,9.835121078854115,8
2605134,9.933521572551895,4
2605149,9.641037361325358,15
2605154,9.911560925317758,5
2605157,9.965075901023113,3
2605168,9.789846998219076,11
2605173,9.926717858084599,5
2605183,9.802009897501806,10
2605195,9.720771308462558,12
2605199,9.935477504249409,4
2605208,9.814043886663823,9
2605213,9.92265922611324,5
2605214,10.0,1
2605221,9.86486599959278,7
2605234,9.71056297716228,13
2605242,9.837246320586104,8
2605251,9.80686757474296,9
2605262,9.774872306623818,11
2605280,9.569155009816424,18
2605289,9.824814307435041,9
2605298,9.830971773918112,9
2605308,9.780047394548454,10
2605309,10.0,1
2605320,9.80453110099811,11
2605323,9.957727584261285,3
2605328,9.931063025015417,5
2605339,9.80114102381381,11
2605352,9.68467998879869,13
2605364,9.77021688297608,12
2605365,10.0,1
2605375,9.797029462863312,10
2605392,9.396965325464812,17
2605404,9.733417385321117,12
2605423,9.585232662571304,19
2605435,9.729424880650013,12
2605436,10.0,1
2605441,9.899356216853919,5
2605457,9.69106970812863,16
2605458,10.0,1
2605467,9.825109254999191,9
2605474,9.876596248050383,7
2605484,9.783042348808088,10
2605495,9.73201449558777,11
2605504,9.845289249399936,9
2605506,9.983923507684572,2
2605510,9.940676550020676,4
2605522,9.720492511877811,12
2605532,9.78426820956784,10
2605537,9.910594057512448,5
2605553,9.65785959921124,16
2605564,9.781708523683525,11
2605568,9.935117693300635,4
2605590,9.578879238696544,22
2605591,9.996576465653705,1
2605593,9.974380381196172,2
2605596,9.957193320781759,3
2605609,9.714875612714652,13
2605612,9.953373778609624,3
2605624,9.746683557286106,12
2605627,9.961830908488762,3
2605632,9.926409942574763,5
2605647,9.6858900081703,15
2605654,9.888325771590189,7
2605666,9.739473159636571,12
2605679,9.7092259440333,13
2605688,9.823519774831677,9
2605698,9.82022016331183,10
2605709,9.784410391282703,11
2605718,9.818232252633806,9
2605733,9.702270646075375,15
2605741,9.831116451731072,8
2605750,9.809855982433977,9
2605758,9.83947773916583,8
2605764,9.897345450651706,6
2605773,9.817321627402745,9
2605781,9.838174390733036,8
2605786,9.91493471307853,5
2605791,9.91493472409337,5
2605792,10.0,1
2605813,9.594934793714778,21
2605822,9.738194249552679,9
2605832,9.795915108412986,10
2605834,9.980330177841099,2
2605845,9.78405440190936,11
2605855,9.789640220083536,10
2605868,9.801440449519264,13
2605876,9.81936811504387,8
2605894,9.582708325610291,18
2605902,9.536952056458565,8
2605913,9.176291899531666,11
2605920,9.874511916511075,7
2605921,10.0,1
2605926,9.920971524605395,5
2605938,9.74129287263855,12
2605944,9.896604430197213,6
2605945,10.0,1
2605962,9.639920787201266,17
2605974,9.76363112885332,12
2605977,9.963474253493835,3
2605989,9.659356365848385,12
2605998,9.817894439704391,9
2605999,10.0,1
2606005,9.915742788085318,6
2606012,9.864714247272452,7
2606022,9.787107840837201,10
2606031,9.848812626412453,9
2606037,9.705016597293294,6
2606043,9.799667255944339,6
2606053,9.78633397636969,10
2606069,9.619912385423289,16
2606077,9.846279009028635,8
2606086,9.858112908396837,9
2606103,9.619944200611858,17
2606118,9.669658260078439,15
2606131,9.731250522889924,13
2606149,9.476801766339541,18
2606150,9.987506690390811,1
2606160,9.792848842841833,10
2606174,9.721661733630421,14
2606185,9.74819592116244,11
2606192,9.866754344987543,7
2606203,9.775386534783843,11
2606212,9.829135034793437,9
2606229,9.655439376364082,17
2606236,9.876477075509998,7
2606255,9.601557105173603,19
2606274,9.554016827688972,19
2606289,9.716536513986423,15
2606300,9.761299478285673,11
2606311,9.765440004322146,11
2606323,9.716513616604054,12
2606339,9.656128026272304,16
2606346,9.870946239141075,7
2606387,9.118302919824592,41
2606394,9.898759605578732,7
2606407,9.700465120593089,13
2606424,9.580625633327143,17
2606438,9.698582727346999,14
2606447,9.814230932593633,9
2606456,9.800782557432866,9
2606471,9.621814429322361,15
2606477,9.90418233673618,6
2606482,9.915739985441407,5
2606487,9.909828108978118,5
2606493,9.886739297435653,6
2606494,10.0,1
2606496,9.98071243599881,2
2606497,10.0,1
2606498,9.992224055492699,1
2606505,9.880902321514204,7
2606506,10.0,1
2606507,10.0,1
2606532,9.394554700090605,25
2606535,9.96592710981438,3
2606546,9.749855708619405,11
2606559,9.716123104919955,13
2606563,9.929099363375615,4
2606578,9.651899360280986,15
2606585,9.86155826790601,7
2606594,9.832733149166431,9
2606609,9.665282564380654,15
2606616,9.848535047663143,7
2606619,9.959805310311951,3
2606620,10.0,1
2606629,9.706312066981923,9
2606630,10.0,1
2606643,9.693544288543917,13
2606651,9.8666404238713,8
2606662,9.775432525612436,11
2606665,9.95273623659437,3
2606676,9.774594185053978,11
2606689,9.782245846508898,13
2606691,9.977100365980906,2
2606700,9.823600667430515,9
2606704,9.938825147496404,4
2606705,10.0,1
2606724,9.55221055683693,19
2606738,9.706428504777863,14
2606757,9.584065335477183,19
2606767,9.8005025709502,10
2606776,9.832229856904483,9
2606783,9.9076054773699,7
2606797,9.66447439048204,14
2606803,9.894013081740628,6
2606807,9.942096573852718,4
2606810,9.968987480169245,3
2606830,9.559838125038976,20
2606842,9.730433186638905,12
2606843,10.0,1
2606846,9.96325312985969,3
2606854,9.831245347142632,8
2606855,9.996246977592222,1
2606862,9.874581551492197,7
2606865,9.955405143576812,3
2606870,9.907030817219406,5
2606871,10.0,1
2606876,9.904000211272072,5
2606884,9.842978919201856,8
2606888,9.955758614904573,4
2606903,9.642978913738185,15
2606908,9.915732533679915,5
2606913,9.900173890275465,5
2606921,9.827112605321878,8
2606926,9.92005557209892,5
2606934,9.839200789067563,8
2606943,9.819343851065975,9
2606951,9.867329172580849,8
2606952,10.0,1
2606966,9.69261183124463,14
2606981,9.652760194597871,15
2606989,9.843348898834636,8
2607003,9.720161196298909,14
2607009,9.897278979329887,6
2607013,9.93705295458014,4
2607026,9.733637409743094,13
2607030,9.93668683570684,4
2607041,9.751125618880726,11
2607053,9.720610646387502,12
2607057,9.936050663613692,4
2607083,9.45727747535307,26
2607096,9.702884362574444,13
2607115,9.541587364632832,19
2607126,9.768291091169582,11
2607127,10.0,1
2607135,9.847984607588069,8
2607137,9.976114317484308,2
2607147,9.78185717091192,10
2607157,9.774964803910452,10
2607162,9.919460251099295,5
2607163,10.0,1
2607168,9.906648201331407,5
2607176,9.865928340591124,8
2607187,9.803152458788666,11
2607189,9.982262917934785,2
2607201,9.733753699206947,12
2607212,9.754317238519803,11
2607218,9.884432647868595,6
2607235,9.64168071896567,17
2607244,9.78756413336311,9
2607255,9.736835245423034,11
2607262,9.88300857431126,7
2607270,9.825008961088301,8
2607279,9.824246544208686,9
2607285,9.890469869058327,6
2607293,9.851095553911348,8
2607298,9.918173692119366,5
2607310,9.71754472836463,12
2607324,9.596413895052214,14
2607327,9.950977672691424,3
2607331,9.94185269153091,4
2607337,9.885910664365118,6
2607344,9.878259860960185,7
2607353,9.806702566052687,9
2607354,9.996448087057995,1
2607367,9.714851137225043,13
2607368,10.0,1
2607379,9.79265364646658,11
2607391,9.74531515528621,12
2607396,9.929155551422353,5
2607412,9.656148830235919,16
2607417,9.92487645356756,5
2607418,10.0,1
2607419,10.0,1
2607428,9.811531089284067,9
2607439,9.764706765568612,11
2607454,9.643813375211552,15
2607468,9.75224455848197,14
2607484,9.598145664738848,16
2607505,9.625689234380888,21
2607516,9.698729406024277,11
2607522,9.884851107508963,6
2607525,9.963699497163907,3
2607526,9.988054052277642,1
2607540,9.708462506954323,14
2607549,9.837698600888702,9
2607553,9.940886710821307,4
2607565,9.760107150174182,12
2607577,9.74248304396881,12
2607587,9.816781798633723,10
2607598,9.556218835501507,11
2607612,9.663202115054325,14
2607621,9.835725852347815,9
2607632,9.736272226012275,11
2607640,9.846112630314343,8
2607652,9.755622872486226,12
2607659,9.897132443550758,7
2607669,9.790243031160253,10
2607679,9.774988085709031,10
2607685,9.899316172175409,6
2607698,9.718997505435658,13
2607699,10.0,1
2607700,10.0,1
2607701,10.0,1
2607709,9.842617612639973,8
2607712,9.95562189606394,3
2607722,9.776424265691269,10
2607731,9.799744816119938,9
2607746,9.665387713130798,15
2607748,9.98406052173113,2
2607750,9.976312466033482,2
2607756,9.894031661811152,6
2607768,9.736062809828018,12
2607773,9.917399078550883,5
2607785,9.714823672050638,12
2607795,9.805446229250368,10
2607798,9.95560242574333,3
2607806,9.861677663645045,8
2607819,9.737210668578514,13
2607820,10.0,1
2607824,9.932050610064072,4
2607828,9.938595984876851,4
2607840,9.732067986091858,12
2607844,9.932152474688099,4
2607854,9.782044686989531,10
2607859,9.906085022446954,5
2607875,9.625300773618644,16
2607892,9.670706401013268,17
2607915,9.505853065278375,23
2607930,9.683253135076676,15
2607931,10.0,1
2607944,9.744570463412323,13
2607961,9.613208284519573,17
2607966,9.928381302586736,5
2607979,9.728992269308137,13
2607989,9.787146378594295,10
2607998,9.830598540395943,9
2608002,9.929133079655863,4
2608006,9.928453333565539,4
2608013,9.862113075655131,7
2608025,9.782564600489625,12
2608038,9.614186577373127,13
2608053,9.66711056564962,15
2608059,9.873005752695793,6
2608066,9.882253754997945,7
2608067,9.996519992132994,1
2608082,9.65693413962093,15
2608104,9.498152122032064,22
2608108,9.948506219693245,4
2608109,9.993440749291596,1
2608110,9.996498609825313,1
2608121,9.836177739249738,11
2608131,9.795035427275305,10
2608144,9.767640622924057,13
2608147,9.949833778870955,3
2608156,9.811008541169388,9
2608164,9.759567615693856,8
2608173,9.82609640170291,9
2608182,9.831391227059937,9
2608183,10.0,1
2608190,9.876340110725772,7
2608191,10.0,1
2608195,9.951436750629233,4
2608202,9.86719200614544,7
2608209,9.885169521141869,7
2608210,9.99000301720037,1
2608222,9.788050383309141,12
2608228,9.903555933506613,6
2608249,9.469792176296364,21
2608255,9.909992117842258,6
2608270,9.641864392063656,15
2608275,9.931876586273738,5
2608284,9.838830446494754,9
2608295,9.775149731278715,11
2608304,9.63074479619064,9
2608314,9.80275814137209,10
2608325,9.787079589849686,11
2608336,9.790598740131422,11
2608350,9.694213383956034,14
2608354,9.927243068205849,4
2608357,9.955935291594542,3
2608367,9.81570373392707,10
2608373,9.883808079737616,6
2608374,10.0,1
2608387,9.685235973071453,13
2608393,9.895535780767334,6
2608402,9.844590369851476,9
2608419,9.612830670111919,17
2608429,9.771652233126344,10
2608440,9.770805243152878,11
2608445,9.927116917070117,5
2608450,9.911975722177667,5
2608461,9.791976122737754,11
2608466,9.921861234286427,5
2608475,9.853137052684083,9
2608486,9.777465036805943,11
2608497,9.785804227686583,11
2608507,9.814150011783463,10
2608508,10.0,1
2608512,9.939121033271384,4
2608523,9.755372266754941,11
2608524,10.0,1
2608528,9.94400290326675,4
2608534,9.8972349844726,6
2608541,9.852718330490708,7
2608548,9.862925790054197,7
2608551,9.951861631738097,3
2608563,9.639694025614254,12
2608570,9.867681135136491,7
2608573,9.951923104873737,3
2608578,9.918497024961534,5
2608589,9.730656780456302,11
2608599,9.652271618604738,10
2608614,9.637059871751502,15
2608623,9.807439923781388,9
2608628,9.91822255600724,5
2608636,9.871003865808749,8
2608646,9.792104130958004,10
2608658,9.736745790797567,12
2608670,9.721707819890073,12
2608678,9.828642203043053,8
2608682,9.750775082685708,4
2608699,9.638312264520911,17
2608707,9.891739610539666,8
2608719,9.730447086351267,12
2608728,9.8260849843571,9
2608734,9.905691652148972,6
2608747,9.756774748276117,13
2608748,9.99652571209916,1
2608758,9.83134024566678,10
2608767,9.823858321023389,9
2608768,10.0,1
2608805,9.352476572877487,37
2608810,9.904231559532299,5
2608820,9.778578718370534,10
2608826,9.880683776817898,6
2608834,9.83842343310175,8
2608844,9.844139122455605,10
2608855,9.798154160392587,11
2608866,9.778899452709108,11
2608870,9.934924360926015,4
2608882,9.719489842318696,12
2608896,9.718488309522712,14
2608899,9.949198821239888,3
2608917,9.61954577342294,18
2608923,9.896046599341442,6
2608938,9.443293186584922,15
2608948,9.783720944609755,10
2608961,9.75843879493805,13
2608974,9.751678641263727,13
2608994,9.665262599896092,20
2609007,9.74729781573772,13
2609015,9.87550989156121,8
2609017,9.985336701294074,2
2609019,9.969979634381168,2
2609033,9.688868599227114,14
2609037,9.943750246765028,4
2609047,9.81808984000765,10
2609059,9.729940087930384,12
2609073,9.720057996488542,14
2609079,9.889128364733692,6
2609087,9.843494688476076,8
2609094,9.884546117434313,7
2609109,9.524612292716728,15
2609124,9.654326942724072,15
2609132,9.854330873364656,8
2609138,9.897422297087438,6
2609146,9.82542110612801,8
2609155,9.815691990163012,9
2609165,9.790272596921236,10
2609170,9.907930654037829,5
2609176,9.895961809440339,6
2609182,9.909845494483246,6
2609188,9.914043841704366,6
2609196,9.83665926685867,8
2609206,9.772996630683908,10
2609216,9.809360736467717,10
2609230,9.707052538722483,14
2609242,9.731772079116316,12
2609250,9.861944130307762,8
2609260,9.784288650726664,10
2609268,9.833715040918461,8
2609285,9.64553725711701,17
2609303,9.536495242427778,18
2609311,9.843726713037572,8
2609318,9.88251190321378,7
2609325,9.860663705614332,7
2609338,9.746626328287938,13
2609344,9.876059731713038,6
2609354,9.819908776270164,10
2609854,-211.76361881374677,500
2609866,9.76926273609827,12
2609873,9.866132718881106,7
2609874,10.0,1
2609875,10.0,1
2609881,9.905580095777214,6
2609882,10.0,1
2609887,9.913224215650544,5
2609896,9.822879392769263,9
2609902,9.891746057564744,6
2609912,9.796323117883299,10
2609917,9.918406461283825,5
2609927,9.816801972480924,10
2609932,9.928802417306578,5
2609938,9.906014395762789,6
2609942,9.936866827770185,4
2609946,9.94846908718051,4
2609956,9.620782813467192,10
2609961,9.911922243409359,5
2609981,9.571880766679733,20
2610000,9.53817187227508,19
2610010,9.827035985592618,10
2610019,9.823828373484979,9
2610029,9.79330687629289,10
2610040,9.748588635614352,11
2610041,10.0,1
2610054,9.71188368071931,13
2610067,9.709755076468804,13
2610077,9.79041162928566,10
2610087,9.808274627644318,10
2610096,9.829898916903021,9
2610101,9.909469892663695,5
2610110,9.807758975138203,9
2610121,9.758566204856034,11
2610130,9.846185234124716,9
2610142,9.750524361879084,12
2610143,10.0,1
2610148,9.919967959492471,5
2610152,9.936906141329352,4
2610156,9.940876773343549,4
2610170,9.717853887547763,14
2610177,9.847904453177671,7
2610178,10.0,1
2610187,9.825502587261951,9
2610201,9.685522995889539,14
2610209,9.836033871304778,8
2610220,9.76708949215905,11
2610230,9.780935015918189,10
2610248,9.592321546271316,18
2610254,9.875510608081226,6
2610260,9.90750764262042,6
2610269,9.838379490419857,9
2610270,10.0,1
2610279,9.815471121734362,9
2610285,9.899070679186693,6
2610294,9.826812246032722,9
2610300,9.871304337030097,6
2610312,9.748656371676276,12
2610316,9.940946402689228,4
2610322,9.893227923635756,6
2610335,9.669734511022398,13
2610336,10.0,1
2610352,9.644808311194314,16
2610356,9.950827262517405,4
2610360,9.942634070549,4
2610361,10.0,1
2610362,10.0,1
2610363,10.0,1
2610378,9.691754268697913,15
2610383,9.935593542121968,5
2610385,9.974468695275919,2
2610402,9.559533674941836,17
2610424,9.262684074741385,22
2610434,9.772410528838332,10
2610442,9.853078280152976,8
2610449,9.855503500687574,7
2610458,9.812934091843827,9
2610466,9.836619017084713,8
2610475,9.823047419192783,9
2610478,9.954869345709687,3
2610486,9.847327582051252,8
2610487,9.992425053699616,1
2610492,9.914931584965453,5
2610503,9.745383744140081,11
2610504,9.992464094121837,1
2610516,9.705939476840367,12
2610526,9.80399322826893,10
2610533,9.85212388057122,7
2610549,9.675182562583093,16
2610553,9.949702092760846,4
2610565,9.738778033906332,12
2610579,9.688372127976539,14
2610580,10.0,1
2610591,9.774796764709745,11
2610592,10.0,1
2610593,10.0,1
2610603,9.800111035376279,10
2610614,9.753547613577894,11
2610617,9.952465477801542,3
2610623,9.899172003316696,6
2610626,9.954322314554398,3
2610635,9.825813131217998,9
2610641,9.889797647467772,6
2610642,10.0,1
2610652,9.771217984095594,10
2610658,9.903903906351564,6
2610665,9.893473809173768,7
2610669,9.94771173737175,4
2610686,9.603971666526132,17
2610694,9.839799073184114,8
2610702,9.858873339568447,8
2610709,9.880877609907126,7
2610712,9.967747618082228,3
2610723,9.799269836582072,11
2610726,9.956495505207227,3
2610743,9.574705769221094,17
2610757,9.710448917679912,14
2610768,9.749306794314377,11
2610783,9.30135389869682,15
2610803,9.545924791970103,20
2610818,9.575557262352094,15
2610825,9.850001700407047,7
2610829,9.94367831592195,4
2610837,9.873155251348122,8
2610847,9.807448319658215,10
2610852,9.934592187409539,5
2610856,9.92851833297596,4
2610857,10.0,1
2610865,9.861330181583426,8
2610866,10.0,1
2610877,9.781257645403146,11
2610884,9.882792281111701,7
2610886,9.979647671542086,2
2610893,9.871034513081595,7
2610908,9.693977026240674,15
2610911,9.963148625580711,3
2610927,9.650373168304336,16
2610934,9.867354476707671,7
2610946,9.743443758405117,12
2610953,9.879005993176012,7
2610959,9.915994523386951,6
2610970,9.796646706518114,11
2610982,9.76159250409063,12
2610983,9.992979054133803,1
2610992,9.824497759560654,9
2611002,9.787176606703934,10
2611013,9.748720561495402,11
2611015,9.97736140742445,2
2611020,9.910980176376746,5
2611025,9.912569402245975,5
2611037,9.775505415911379,12
2611047,9.783470585599412,10
2611056,9.81875703466223,9
2611068,9.746053337690467,12
2611069,10.0,1
2611074,9.91126994415107,5
2611083,9.813359615492622,9
2611086,9.95552993510913,3
2611091,9.92140552686572,5
2611104,9.685155345373206,13
2611111,9.862465785214376,7
2611117,9.891338025999723,6
2611126,9.816518132272389,9
2611143,9.681055295471156,17
2611150,9.888922948253358,7
2611157,9.859310420247018,7
2611164,9.890374134968392,7
2611180,9.672427033607333,16
2611189,9.82728502419471,9
2611195,9.887231985786409,6
2611204,9.820975708765731,9
2611208,9.948574772208648,4
2611217,9.805935499042585,9
2611223,9.89862250425086,6
2611240,9.727513675262767,17
2611241,10.0,1
2611252,9.755019824747322,11
2611255,9.96481499504828,3
2611263,9.862375739296326,8
2611270,9.881977763010424,7
2611283,9.702173911942237,13
2611287,9.924151684694754,4
2611290,9.956177691164688,3
2611298,9.829211225104624,8
2611304,9.896714742443361,6
2611305,10.0,1
2611316,9.743308345681664,11
2611325,9.847380653176987,9
2611338,9.749705203691443,13
2611348,9.799863339576163,10
2611368,9.446649179384654,20
2611369,10.0,1
2611378,9.798718345670022,9
2611382,9.941520023024673,4
2611386,9.938919852401389,4
2611392,9.905417425054798,6
2611406,9.65876405167571,14
2611432,9.37301176686367,26
2611438,9.903141461084791,6
2611446,9.862207467869377,8
2611450,9.949620776004396,4
2611462,9.763344959011,12
2611483,9.525485757306658,21
2611499,9.646310444739742,16
2611500,9.996118875305005,1
2611502,9.985506412567743,2
2611503,9.989621547728252,1
2611504,10.0,1
2611508,9.93069702077063,4
2611520,9.735340690952638,12
2611535,9.70519991822363,15
2611537,9.985570593722933,2
2611539,9.96757867511515,2
2611555,9.628823792267553,16
2611558,9.95354837438307,3
2611559,10.0,1
2611573,9.676871948865738,14
2611574,10.0,1
2611587,9.466906954505763,13
2611597,9.80072037401911,10
2611607,9.788358477118555,10
2611613,9.890676380231657,6
2611621,9.863353458681697,8
2611626,9.912095870505041,5
2611638,9.76340834910849,12
2611643,9.926823388340038,5
2611654,9.787780270978603,11
2611671,9.657994532768962,17
2611678,9.868570516764994,7
2611679,10.0,1
2611689,9.781442095908254,10
2611708,9.563538277665092,19
2611712,9.945735791499576,4
2611724,9.750247964743005,12
2611727,9.968239451506268,3
2611735,9.860980901199516,8
2611746,9.769244051534756,11
2611748,9.979812933351552,2
2611752,9.94842991435582,4
2611757,9.921230175948637,5
2611767,9.788571709220687,10
2611777,9.605347079136587,10
2611778,9.9967491583942,1
2611786,9.844873317112368,8
2611801,9.697547413849197,15
2611818,9.374222410373077,17
2611825,9.861149189728964,7
2611828,9.964401682567267,3
2611837,9.318520971254582,9
2611848,9.765196645140781,11
2611859,9.765218513846476,11
2611865,9.899472605772365,6
2611876,9.76458919381701,11
2611884,9.8562805789299,8
2611895,9.793576676528815,11
2611906,9.762640283025254,11
2611907,10.0,1
2611913,9.910779800649923,6
2611934,9.491967039994494,21
2611935,10.0,1
2611948,9.702197541233085,13
2611962,9.702555077381964,14
2611972,9.775378507455017,10
2611987,9.65455944929235,15
2611998,9.75240883694731,11
2612004,9.890855509412075,6
2612016,9.78491030345907,12
2612027,9.760529535790386,11
2612034,9.878198001097191,7
2612040,9.895246045790243,6
2612049,9.839795286731674,9
2612050,10.0,1
2612062,9.784101338880658,12
2612064,9.971359464730224,2
2612070,9.893689076812334,6
2612084,9.741060186843171,14
2612100,9.675358229390707,16
2612108,9.854856326245656,8
2612118,9.771844212463428,10
2612129,9.784076742897756,11
2612134,9.90109242053637,5
2612140,9.89172270625694,6
2612149,9.815244336180868,9
2612160,9.7663308421819,11
2612169,9.823524844968562,9
2612170,10.0,1
2612177,9.863810633954559,7
2612181,9.944507085861352,4
2612191,9.790387155488308,10
2612197,9.91900677430459,6
2612211,9.739639434518917,14
2612217,9.889037533337385,6
2612227,9.783542716836067,10
2612235,9.855013346521126,8
2612242,9.882360117800905,7
2612246,9.951515395150102,4
2612248,9.984043890944513,2
2612261,9.775318023299585,13
2612267,9.891597784091848,6
2612277,9.788331993230544,10
2612287,9.798071466850123,10
2612300,9.5880431880662,13
2612309,9.803156118480285,9
2612321,9.759728707652974,12
2612335,9.734387578595069,14
2612344,9.825820193210827,9
2612351,9.882935844580278,7
2612360,9.82745285156834,9
2612377,9.61775067933466,17
2612387,9.796248258478244,10
2612404,9.605382295257469,17
2612418,9.695557751076059,14
2612425,9.857036124850099,7
2612432,9.865226070363446,7
2612444,9.700874247638705,12
2612445,10.0,1
2612453,9.840078940570512,8
2612461,9.855036996007513,8
2612470,9.83198613721505,9
2612477,9.887076100427725,7
2612484,9.856122453209592,7
2612486,9.977889594571387,2
2612487,9.996038088284665,1
2612504,9.665297350887727,17
2612519,9.654531749758252,15
2612526,9.860326876667024,7
2612539,9.69652463540242,13
2612543,9.93893924381363,4
2612545,9.983454671271298,2
2612554,9.852929685767679,9
2612561,9.864298167212253,7
2612566,9.93567692244636,5
2612575,9.786242256382694,9
2612581,9.880706662260346,6
2612596,9.632743555755722,15
2612599,9.947970497664963,3
2612610,9.77103426712496,11
2612622,9.751473611998284,12
2612631,9.802732926915724,9
2612644,9.573957079219245,13
2612648,9.943269062402171,4
2612653,9.919481089178682,5
2612658,9.9179417008318,5
2612663,9.92152400039506,5
2612677,9.718213314538616,14
2612689,9.788243103597281,12
2612690,10.0,1
2612701,9.769342181713188,11
2612712,9.746360640654364,11
2612713,9.99244906206774,1
2612725,9.723024820862408,12
2612736,9.785872119521116,11
2612747,9.73437201005934,11
2612758,9.754114749627185,11
2612777,9.594666839472426,19
2612784,9.876870939313227,7
2612791,9.885455023808348,7
2612792,10.0,1
2612801,9.831666750422691,9
2612817,9.693608086645732,16
2612822,9.930526923060642,5
2612829,9.854902685075078,7
2612853,9.383453661987106,24
2612862,9.815272781290103,9
2612870,9.75093820549022,8
2612883,9.702606722966818,13
2612898,9.652907758040326,15
2612909,9.738898342054789,11
2612926,9.639771929995984,17
2612935,9.819560902302959,9
2612945,9.817898716037913,10
2612957,9.773116451753559,12
2612966,9.824542882095908,9
2612978,9.769713114630143,12
2612987,9.843104311254002,9
2613006,9.556475956968093,19
2613016,9.816443275773262,10
2613028,9.765123191549359,12
2613037,9.828985458788287,9
2613045,9.86204264817049,8
2613049,9.734995562175861,4
2613068,9.531582621156133,19
2613082,9.719198238824958,14
2613088,9.898063969804243,6
2613092,9.942884792708016,4
2613093,10.0,1
2613104,9.813768258322048,11
2613109,9.914491177806626,5
2613125,9.665929762851583,16
2613130,9.919104418245292,5
2613131,10.0,1
2613137,9.897882302879339,6
2613150,9.729940302998717,13
2613166,9.645703754909603,16
2613173,9.853668407173208,7
2613193,9.533872196443394,20
2613197,9.737970816390131,4
2613203,9.902959549564391,6
2613204,10.0,1
2613211,9.854305088686004,7
2613217,9.877263466187722,6
2613220,9.956028494656326,3
2613233,9.749146265915124,13
2613243,9.814185290939102,10
2613258,9.689921554995784,15
2613264,9.865286423874625,6
2613277,9.692876163428066,13
2613285,9.835994317053787,8
2613294,9.797227396904008,9
2613302,9.859508363976815,8
2613308,9.893394451155336,6
2613318,9.794649038718486,10
2613333,9.703704205472624,15
2613342,9.799865408359311,9
2613347,9.714192195900338,5
2613348,9.98860423385737,1
2613361,9.755820480311204,13
2613362,10.0,1
2613369,9.846050176000155,7
2613373,9.933749112790835,4
2613383,9.807705944656298,10
2613389,9.890929301962053,6
2613392,9.962341949531284,3
2613407,9.695204051200689,15
2613418,9.794733683795943,11
2613420,9.97006811463575,2
2613430,9.77788280801059,10
2613431,10.0,1
2613443,9.787877772133529,12
2613449,9.888609962047521,6
2613458,9.812657905996836,9
2613478,9.553831159056452,20
2613485,9.883655878732712,7
2613488,9.9587208467732,3
2613489,10.0,1
2613498,9.801770807339105,9
2613508,9.819012694367728,10
2613512,9.956533855586457,4
2613518,9.886851373210929,6
2613533,9.632506679921494,15
2613540,9.86594572772662,7
2613544,9.942750633880822,4
2613545,10.0,1
2613555,9.804681583990071,10
2613562,9.886363462820352,7
2613571,9.809775735103377,9
2613601,9.087317726933342,30
2613606,9.914153182940776,5
2613614,9.846660957802024,8
2613627,9.702396566247089,13
2613640,9.749321611557933,13
2613648,9.830038095339038,8
2613656,9.83779376258035,8
2613670,9.684750491174174,14
2613671,10.0,1
2613676,9.906756502152186,5
2613685,9.835649745280987,9
2613690,9.92941577150383,5
2613696,9.87354076929559,6
2613710,9.729476564575847,14
2613713,9.965660507540276,3
2613720,9.877232029895678,7
2613730,9.476782797500293,10
2613740,9.317921183451555,10
2613764,9.19285919543439,24
2613769,9.908903437381735,5
2613772,9.97244313992523,3
2613781,9.815634739683972,9
2613796,9.67775216319086,15
2613826,9.2779873343816,30
2613833,9.764269047107849,7
2613847,9.718432275366592,14
2613858,9.762056731252025,11
2613870,9.729451852357984,12
2613878,9.828111274333725,8
2613886,9.821769724395043,8
2613890,9.944189501001883,4
2613904,9.72908835768396,14
2613912,9.824744805959943,8
2613918,9.888425284386509,6
2613937,9.560846814665155,19
2613946,9.826088223008327,9
2613951,9.716283871533912,5
2613959,9.859480316087208,8
2613968,9.805270243117373,9
2613982,9.716354394519202,14
2613987,9.93467416285519,5
2613998,9.766686524050966,11
2614008,9.79777776122807,10
2614021,9.727980891078047,13
2614032,9.76359236269806,11
2614042,9.83088928563871,10
2614062,9.538732409735111,20
2614082,9.425701255737671,20
2614091,9.823591123071386,9
2614100,9.821257804195511,9
2614105,9.913950192741387,5
2614119,9.713773364773862,14
2614129,9.83339133479816,10
2614130,9.996627588095505,1
2614138,9.833497844469877,8
2614148,9.805251025927136,10
2614156,9.844792491892537,8
2614157,9.996246137126665,1
2614163,9.922219068199412,6
2614170,9.847119698644878,7
2614173,9.951916259710005,3
2614177,9.940707200352742,4
2614178,10.0,1
2614187,9.853602496366227,9
2614191,9.951830217967528,4
2614192,10.0,1
2614209,9.602123112124998,17
2614210,10.0,1
2614211,10.0,1
2614223,9.70995297877633,12
2614231,9.844644500193919,8
2614241,9.77199693053854,10
2614246,9.904630168986301,5
2614254,9.83671038317687,8
2614268,9.687123377610774,14
2614273,9.915552929118805,5
2614281,9.840764373918917,8
2614294,9.715162534236782,13
2614301,9.857565577158,7
2614307,9.895472281143297,6
2614319,9.433444695896174,12
2614329,9.831547090170194,10
2614341,9.748706184225915,12
2614345,9.948699115383691,4
2614354,9.826216897221808,9
2614364,9.77532521378304,10
2614377,9.72258888924566,13
2614382,9.915442176489169,5
2614385,9.960669253842681,3
2614400,9.657980719023804,15
2614406,9.883218465442132,6
2614414,9.848512098915554,8
2614428,9.750255275147799,14
2614434,9.881966679168578,6
2614444,9.790111875550654,10
2614455,9.780819735715502,11
2614469,9.669147082691264,14
2614480,9.735254518794905,11
2614493,9.709374324817736,13
2614502,9.735414358557104,9
2614514,9.743393905906403,12
2614517,9.955710216155182,3
2614525,9.823350335559281,8
2614530,9.909819128718027,5
2614536,9.904138675027173,6
2614549,9.677572195529429,13
2614555,9.897798692855973,6
2614556,10.0,1
2614569,9.729152987567213,13
2614575,9.892919607225648,6
2614592,9.679567098819824,17
2614602,9.672415547127153,10
2614603,10.0,1
2614612,9.796071518603341,9
2614613,10.0,1
2614629,9.67747108622384,16
2614637,9.838182962270563,8
2614654,9.666816950614388,17
2614655,9.992170420857587,1
2614656,10.0,1
2614664,9.845168295472075,8
2614671,9.868956772056807,7
2614691,9.5471239875894,20
2614697,9.918383255026766,6
2614703,9.886702332141802,6
2614704,10.0,1
2614705,10.0,1
2614713,9.848251019368275,8
2614718,9.92777720250906,5
2614734,9.628035843816267,16
2614747,9.729663686809795,13
2614753,9.873892849683605,6
2614759,9.893088516137718,6
2614766,9.882542462627981,7
2614767,10.0,1
2614768,10.0,1
2614774,9.89572332446237,6
2614786,9.735759568369499,12
2614797,9.77576415052941,11
2614798,10.0,1
2614809,9.772810890195666,11
2614820,9.658090858918337,11
2614829,9.822219734810352,9
2614833,9.944433642033301,4
2614837,9.931065389460018,4
2614863,9.511220539200725,26
2614881,9.615770159708982,18
2614883,9.975939111749117,2
2614888,9.904056940049848,5
2614901,9.800241436627902,13
2614912,9.781697234983026,11
2614913,10.0,1
2614918,9.935843907597286,5
2614921,9.967246960347422,3
2614940,9.536304811373174,19
2614944,9.926779269801441,4
2614948,9.945838803088128,4
2614958,9.816693298714055,10
2614962,9.938222501380556,4
2614963,10.0,1
2614975,9.76767659641556,12
2614980,9.919930416340032,5
2614984,9.934981213509985,4
2614987,9.967291764525426,3
2614996,9.820328555946723,9
2615000,9.933691341924511,4
2615017,9.580278258505826,17
2615022,9.912560123474067,5
2615031,9.816219947284713,9
2615043,9.762893770135202,12
2615049,9.908751040094009,6
2615058,9.8190983104593,9
2615068,9.79563412981342,10
2615077,9.827087049867044,9
2615079,9.979330515564131,2
2615086,9.882223830968307,7
2615100,9.686374820056972,14
2615110,9.794985672979433,10
2615112,9.979792758501905,2
2615123,9.805846770682837,11
2615124,10.0,1
2615130,9.897851953505127,6
2615139,9.82235005484157,9
2615147,9.878355482690651,8
2615160,9.713065729451257,13
2615171,9.78618866956775,11
2615179,9.840062049614957,8
2615188,9.814958114054095,9
2615200,9.74341253725127,12
2615209,9.814580509559054,9
2615226,9.601496946291402,17
2615239,9.693982360178389,13
2615240,10.0,1
2615253,9.72262263403567,13
2615265,9.749287751943312,12
2615273,9.868226544462097,8
2615281,9.837954245132009,8
2615282,10.0,1
2615294,9.743031936864528,12
2615306,9.744899883048523,12
2615309,9.954214037249205,3
2615315,9.899552537251326,6
2615325,9.782807676187963,10
2615328,9.963275197024583,3
2615329,10.0,1
2615341,9.760468079249904,12
2615350,9.831908756806806,9
2615358,9.858332280810735,8
2615362,9.950115589115887,4
2615370,9.86726947620487,8
2615380,9.818416228481775,10
2615387,9.853926194817804,7
2615396,9.844698027226315,9
2615397,10.0,1
2615408,9.782181115026285,11
2615411,9.960326936748139,3
2615426,9.662022940809203,15
2615438,9.721526716749919,12
2615449,9.779480254479003,11
2615465,9.660804721875778,16
2615477,9.737843751039561,12
2615478,10.0,1
2615481,9.9581391953736,3
2615501,9.497948874446719,20
2615508,9.896122020633173,7
2615555,8.650031538089312,47
2615556,10.0,1
2615564,9.845254393332047,8
2615573,9.829066604288428,9
2615580,9.88206004924103,7
2615587,9.848646420157335,7
2615588,10.0,1
2615598,9.786326445290092,10
2615604,9.890669629426492,6
2615613,9.833247440593933,9
2615626,9.768703531044158,13
2615642,9.612629175509113,16
2615646,9.942811510939189,4
2615663,9.613236061199528,17
2615669,9.905074348844861,6
2615674,9.901702423452655,5
2615689,9.685255950467987,15
2615690,9.98846725767247,1
2615691,10.0,1
2615701,9.791545264007569,10
2615709,9.840511842969251,8
2615714,9.923836672452024,5
2615722,9.856910096060846,8
2615734,9.772862207175118,12
2615747,9.723138378533147,13
2615755,9.83088461599068,8
2615769,9.682421990686555,14
2615772,9.96091426772056,3
2615779,9.853558486166735,7
2615784,9.902854320609144,5
2615792,9.862054916420233,8
2615798,9.928279990830974,6
2615814,9.708627013349574,16
2615829,9.564359722963463,15
2615837,9.859874911482967,8
2615853,9.629803664237269,16
2615861,9.84615677861013,8
2615868,9.873141339346821,7
2615879,9.769035080875451,11
2615880,10.0,1
2615898,9.595265579856699,18
2615918,9.546091469381997,20
2615923,9.906432335695747,5
2615933,9.771860122875868,10
2615939,9.900480723045556,6
2615940,10.0,1
2615954,9.703468723691074,14
2615955,9.987822580689757,1
2615965,9.788087786895519,10
2615975,9.799980366682087,10
2615978,9.956655340479672,3
2615989,9.752919923401263,11
2615999,9.796958651753133,10
2616007,9.848629842387714,8
2616017,9.797458224938389,10
2616032,9.643679212122736,15
2616050,9.568254732255948,18
2616060,9.780680042009728,10
2616070,9.789560894627229,10
2616080,9.782503210700272,10
2616081,10.0,1
2616087,9.89783324615605,6
2616088,10.0,1
2616097,9.840193141988449,9
2616104,9.880467943911299,7
2616112,9.864575382381387,8
2616122,9.784710560000576,10
2616125,9.96078445499912,3
2616129,9.939996804240133,4
2616143,9.766573238837418,14
2616150,9.883096649317316,7
2616154,9.945421120622884,4
2616159,9.93263173358478,5
2616169,9.769185902971786,10
2616177,9.845745929589784,8
2616186,9.826907482498612,9
2616193,9.888199535180998,7
2616205,9.767363724776622,12
2616211,9.876249231054592,6
2616222,9.780098686907643,11
2616230,9.869817098958436,8
2616243,9.705448370304811,13
2616255,9.786620807177881,12
2616269,9.698066890926444,14
2616276,9.868524394328922,7
2616277,9.996730776855854,1
2616278,10.0,1
2616284,9.894422575931165,6
2616285,10.0,1
2616292,9.853347428340493,7
2616301,9.801265796334661,9
2616308,9.744599342452753,7
2616315,9.870752656688458,7
2616327,9.420037374188396,12
2616329,9.974833551596053,2
2616332,9.95213042594739,3
2616336,9.933076671694737,4
2616347,9.77497960257505,11
2616362,8.297385343200487,15
2616365,9.95728908225403,3
2616370,9.925328819506882,5
2616374,9.93482186074601,4
2616378,9.841157666199495,4
2616385,9.859684092442247,7
2616405,9.533431239050133,20
2616406,9.988415602300243,1
2616411,9.823194077217277,5
2616425,9.717555399089965,14
2616428,9.967514242792872,3
2616434,9.891837647694576,6
2616435,10.0,1
2616441,9.897274460165894,6
2616462,9.5161413813932,21
2616473,9.74687655540916,11
2616475,9.979690715221727,2
2616482,9.86920639523074,7
2616496,9.720280105567381,14
2616512,9.632269805844562,16
2616525,9.760197772884032,13
2616530,9.909866860602381,5
2616539,9.810284894299151,9
2616551,9.789048105504811,12
2616560,9.839364667687652,9
2616564,9.935145111477633,4
2616565,10.0,1
2616566,10.0,1
2616575,9.830558256434017,9
2616587,9.749479678674286,12
2616590,9.970841160717711,3
2616591,10.0,1
2616602,9.760256983346832,11
2616603,10.0,1
2616612,9.808539152570525,9
2616620,9.853283283417113,8
2616622,9.980873067624762,2
2616627,9.915825530553775,5
2616628,9.988903782092382,1
2616639,9.774059867289338,11
2616654,9.677781294582417,15
2616671,9.595887999696025,17
2616682,9.766868984471706,11
2616697,9.669493699589006,15
2616714,9.618348289514508,17
2616725,9.75349466470913,11
2616726,10.0,1
2616739,9.728798545161318,13
2616751,9.734569056715273,12
2616759,9.839135919468285,8
2616773,9.682391665051275,14
2616784,9.778791086665652,11
2616785,10.0,1
2616796,9.76985789511628,11
2616797,9.988088922859188,1
2616801,9.933056752325268,4
2616804,9.967145916807944,3
2616811,9.85868424875136,7
2616817,9.893510975541378,6
2616824,9.867803256177957,7
2616835,9.769421395240695,11
2616845,9.798665690168832,10
2616851,9.91343573277827,6
2616858,9.87150131268275,7
2616870,9.707341869103892,12
2616879,9.805868197177702,9
2616891,9.751992078687067,12
2616897,9.893385323104791,6
2616905,9.850143167879395,8
2616909,9.936996192991106,4
2616920,9.763771328661973,11
2616930,9.785217743207891,10
2616932,9.972448078948567,2
2616936,9.934639546201245,4
2616944,9.833482066231694,8
2616954,9.82154347224027,10
2616969,9.663411093447301,15
2616982,9.725802650495385,13
2616998,9.647232532859839,16
2617009,9.559818769555791,11
2617010,10.0,1
2617015,9.91698579894765,5
2617028,9.69279408630089,13
2617033,9.915354662482194,5
2617051,9.088995902650142,18
2617059,9.845071637270113,8
2617066,9.882057296200005,7
2617074,9.857132890149789,8
2617086,9.72497955545546,12
2617099,9.727277332137977,13
2617108,9.809965853420525,9
2617119,9.746717331190267,11
2617127,9.857989683144321,8
2617133,9.903996235907192,6
2617146,9.704787170115248,13
2617154,9.859357664793771,8
2617654,-204.74041644122602,500
2618154,-212.10555873693292,500
2618155,10.0,1
2618158,9.955800378883914,3
2618169,9.770490243963987,11
2618170,10.0,1
2618179,9.798894442117685,9
2618186,9.86866018813586,7
2618191,9.912417911555506,5
2618206,9.67255621107001,15
2618216,9.815270270008506,10
2618225,9.818406010846765,9
2618233,9.826398233693084,8
2618236,9.951385066204592,3
2618244,9.872168796540771,8
2618247,9.956534304781492,3
2618254,9.855691698917594,7
2618261,9.881744214645163,7
2618272,9.76761143417953,11
2618279,9.882542492690858,7
2618283,9.941323734687469,4
2618287,9.94636251222464,4
2618293,9.91024675351105,6
2618303,9.775029498803073,10
2618310,9.871910563111344,7
2618314,9.939491888772642,4
2618315,9.996573354071309,1
2618328,9.71049800109749,13
2618330,9.972776969520265,2
2618340,9.780965385234376,10
2618350,9.784075927869342,10
2618351,9.992874251541501,1
2618361,9.766375060289109,10
2618374,9.730318592557571,13
2618382,9.837328282525352,8
2618395,9.716380624271656,13
2618403,9.859549290686532,8
2618414,9.771668091402308,11
2618421,9.855423711965889,7
2618428,9.871858783058693,7
2618435,9.886395917623776,7
2618446,9.554756495625847,11
2618454,9.839624843284014,8
2618466,9.749938652563705,12
2618477,9.769705222987591,11
2618481,9.949366487687996,4
2618486,9.90301571650245,5
2618491,9.905784103587461,5
2618499,9.861217062449198,8
2618507,9.82645675897795,8
2618516,9.80217501038335,9
2618527,9.748864580009394,11
2618543,9.679038412330987,16
2618547,9.939860431565522,4
2618556,9.82967822362836,9
2618565,9.825310624779748,9
2618569,9.940635742556788,4
2618583,9.701273387518498,14
2618590,9.887440531617061,7
2618593,9.956613504767857,3
2618605,9.737177929223266,12
2618610,9.917297378302631,5
2618621,9.758232331979851,11
2618622,10.0,1
2618623,10.0,1
2618639,9.62598834350717,16
2618640,10.0,1
2618663,9.33494353063042,23
2618676,9.701892759946091,13
2618677,10.0,1
2618678,10.0,1
2618684,9.887211088362964,6
2618696,9.782553328474199,12
2618704,9.82607002684869,8
2618708,9.943993614349786,4
2618718,9.78368000483544,10
2618726,9.870743017803212,8
2618738,9.741395464734143,12
2618746,9.843237771432763,8
2618766,9.498169659696307,20
2618771,9.929159071466598,5
2618788,9.632175198549225,17
2618793,9.926196082777626,5
2618806,9.716420333441146,13
2618815,9.804592299665488,9
2618828,9.726224731826203,13
2618829,10.0,1
2618839,9.796564633872844,10
2618844,9.932468428566931,5
2618853,9.812087490414946,9
2618862,9.8084818447581,9
2618879,9.576218951949206,17
2618888,9.809573654627052,9
2618891,9.959431741790926,3
2618903,9.72247120783215,12
2618906,9.959427642769413,3
2618919,9.716957534658064,13
2618927,9.854237916565062,8
2618939,9.74715761015391,12
2618940,9.993863385390648,1
2618941,10.0,1
2618950,9.855526626530143,9
2618959,9.810921746942192,9
2618971,9.7714405579935,12
2618979,9.868851530975716,8
2618984,9.911987473014575,5
2618998,9.684670641646235,14
2619012,9.666173530972106,14
2619022,9.82023288686058,10
2619046,9.541703675090798,24
2619052,9.903250459914663,6
2619063,9.776983610841478,11
2619081,9.600419699475502,18
2619149,7.5835003392415175,68
2619159,9.76469256541849,10
2619171,9.716967456714103,12
2619176,9.917276460574628,5
2619185,9.799533090003306,9
2619197,9.764147744070339,12
2619208,9.77753099553661,11
2619219,9.758119780016491,11
2619228,9.811534650329236,9
2619233,9.934600575674926,5
2619244,9.749891854488945,11
2619249,9.907708645597772,5
2619263,9.665057931050624,14
2619277,9.471512187891657,14
2619278,10.0,1
2619326,-3.6994119780377464,48
2619341,9.647204919334701,15
2619354,9.758244897126632,13
2619363,9.787820520071591,9
2619369,9.900227337241738,6
2619377,9.85684828183122,8
2619378,9.992790156324721,1
2619380,9.978545733106396,2
2619394,9.66848170540502,14
2619398,9.935203793582586,4
2619412,9.670610977879372,14
2619434,9.375780167238561,22
2619445,9.773105594799139,11
2619456,9.763227100439677,11
2619469,9.716274109736016,13
2619477,9.887772044354708,8
2619481,9.9512105140505,4
2619489,9.858335538922171,8
2619498,9.849614854965498,9
2619514,9.654867371059028,16
2619523,9.825416235886994,9
2619534,9.803782916316935,11
2619544,9.806939980373299,10
2619554,9.806071752312794,10
2619556,9.98113349110575,2
2619605,9.040556894667981,49
2619613,9.860885504477267,8
2619617,9.94584907058592,4
2619626,9.834135536914477,9
2619631,9.90575254302547,5
2619636,9.922531086346671,5
2619645,9.80154706620145,9
2619647,9.983340446485254,2
2619663,9.498811228954796,16
2619669,9.918353743727176,6
2619670,10.0,1
2619679,9.825430440378618,9
2619680,9.996320927138196,1
2619688,9.870054069307303,8
2619701,9.722833430596893,13
2619713,9.740532366110312,12
2619723,9.762123582074718,10
2619725,9.767734640927776,2
2619731,9.881928701356989,6
2619737,9.867258638603344,6
2619747,9.787973037005784,10
2619757,9.793578413077569,10
2619759,9.978676843924838,2
2619766,9.867885629293662,7
2619775,9.82749939364282,9
2619783,9.863136346672789,8
2619802,9.545447278372293,19
2619814,9.764769256507613,12
2619832,9.680660768777132,18
2619840,9.861933522578592,8
2619843,9.955160121873005,3
2619855,9.727940466485187,12
2619859,9.932377250920457,4
2619873,9.694582110432803,14
2619890,9.64353588350747,17
2619894,9.941722704293317,4
2619902,9.864665220941257,8
2619903,10.0,1
2619908,9.942245525811174,5
2619915,9.870555311374396,7
2619930,9.64644846224821,15
2619944,9.713935404921699,14
2619952,9.858595443290676,8
2619968,9.636605398372451,16
2619974,9.918298494396076,6
2619975,10.0,1
2619979,9.951018902235472,4
2620000,9.104804377020846,21
2620017,9.563071485600416,17
2620031,9.685876289405115,14
2620045,9.695845225190963,14
2620061,9.621868644099404,16
2620064,9.955700319509623,3
2620069,9.926615359491656,5
2620073,9.938324865412897,4
2620086,9.711452684060102,13
2620096,9.811712491531358,10
2620102,9.892987556080014,6
2620105,9.960151104173525,3
2620110,9.916656671572403,5
2620119,9.828366164390713,9
2620128,9.820608550336772,9
2620134,9.90692911477259,6
2620147,9.753566806682846,13
2620153,9.888467347040562,6
2620158,9.921834860024351,5
2620164,9.894242561753789,6
2620178,9.690254828792538,14
2620189,9.772303106617379,11
2620197,9.832469412364254,8
2620200,9.957635334952684,3
2620208,9.861419926688177,8
2620215,9.903862866671695,7
2620227,9.770884893595381,12
2620232,9.911580229467159,5
2620245,9.708799660711096,13
2620257,9.728422409236392,12
2620269,9.76870016050729,12
2620277,9.858660486668212,8
2620283,9.895701029359897,6
2620294,9.76808845686662,11
2620306,9.74875550689523,12
2620317,9.775442156294304,11
2620318,10.0,1
2620325,9.876758744690207,7
2620335,9.814313205108512,10
2620357,9.476261972933907,22
2620366,9.797170520881801,9
2620373,9.863862969567506,7
2620393,9.638976556425506,20
2620398,9.93808023902242,5
2620399,10.0,1
2620410,9.770355601123715,11
2620412,9.97268399377446,2
2620430,9.607232846264939,18
2620468,9.189649556911053,38
2620469,10.0,1
2620478,9.803961740810776,9
2620499,9.603519400181268,21
2620500,10.0,1
2620511,9.77870430161388,11
2620517,9.913613717923884,6
2620536,9.656664051140588,19
2620544,9.833769157045598,8
2620556,9.756820064648736,12
2620557,10.0,1
2620569,9.746407566058535,12
2620573,9.934190748288058,4
2620585,9.737727682643513,12
2620586,10.0,1
2620599,9.689173447293106,13
2620600,10.0,1
2620618,9.653675938288107,18
2620622,9.947095781442938,4
2620633,9.771111259126458,11
2620647,9.695985846069254,14
2620660,9.736515748015506,13
2620665,9.921926138863096,5
2620671,9.883292034231413,6
2620679,9.84769676984643,8
2620694,9.692091494818571,15
2620695,10.0,1
2620705,9.793352677242373,10
2620706,10.0,1
2620722,9.631453721392354,16
2620730,9.841497521336342,8
2620744,9.678442288254892,14
2620749,9.915638122657086,5
2620758,9.801884125111958,9
2620767,9.828185530225404,9
2620776,9.81789013880972,9
2620785,9.835637050312842,9
2620794,9.849547106384465,9
2620810,9.683545507037019,16
2620816,9.887767701002847,6
2620817,10.0,1
2620825,9.829617353289963,8
2620833,9.842948213793354,8
2620837,9.93041402718464,4
2620852,9.71465722079299,15
2620859,9.872088457135801,7
2620866,9.872387661396855,7
2620873,9.864009290992703,7
2620882,9.83023626781826,9
2620883,9.996594040774696,1
2620892,9.834201719741442,9
2620923,9.339332608236903,31
2620933,9.774385089857159,10
2620939,9.703878982587396,6
2620942,9.9599928016124,3
2620950,9.825783911313609,8
2620951,10.0,1
2620966,9.574202437947609,15
2620974,9.870312566286664,8
2620987,9.730653669855672,13
2620998,9.74908010114593,11
2620999,10.0,1
2621012,9.706937992628623,13
2621021,9.820201284675314,9
2621031,9.820259805221529,10
2621035,9.940279434028009,4
2621050,9.660034836273537,15
2621051,10.0,1
2621066,9.642452929948078,15
2621067,10.0,1
2621078,9.748182757197121,11
2621079,10.0,1
2621093,9.698692549399958,14
2621100,9.86771105474769,7
2621114,9.706634490768481,14
2621127,9.717887527342498,13
2621134,9.869260708067937,7
2621144,9.784331025269195,10
2621153,9.813130266863487,9
2621163,9.793098125217531,10
2621169,9.90040343098754,6
2621174,9.926446874487,5
2621176,9.97574473171327,2
2621187,9.792704322834986,11
2621199,9.723745873816648,12
2621203,9.941924729597968,4
2621211,9.868360816532972,8
2621223,9.719891462238111,12
2621224,10.0,1
2621232,9.844376301499453,8
2621239,9.849143697053782,7
2621246,9.883056541371259,7
2621259,9.709642620766472,13
2621268,9.82678450271589,9
2621285,9.626980505162736,17
2621286,10.0,1
2621306,9.472531157525777,20
2621321,9.685041661900382,15
2621326,9.916489768748427,5
2621335,9.830470981790256,9
2621363,9.491165827402652,28
2621370,9.872564299715467,7
2621371,10.0,1
2621382,9.796767295080084,11
2621395,9.721932868059453,13
2621402,9.877001038618712,7
2621620,-76.83958051661195,218
2621621,10.0,1
2621628,9.888862630927262,7
2621629,10.0,1
2621645,9.422488120755533,16
2621658,9.716716999583841,13
2621667,9.830292746712225,9
2621683,9.614813192324139,16
2621688,9.898374792369555,5
2621694,9.901372911026918,6
2621706,9.750493136887311,12
2621718,9.720432075686139,12
2621723,9.913736238788669,5
2621736,9.744120583795018,13
2621750,9.70034385223793,14
2621762,9.746095019479226,12
2621767,9.916858619056939,5
2621775,9.856495404485424,8
2621781,9.898373192143438,6
2621790,9.841066507266445,9
2621797,9.873348249067654,7
2621811,9.746407786667938,14
2621821,9.790736879165655,10
2621828,9.857962526843513,7
2621840,9.739154003166687,12
2621841,10.0,1
2621852,9.756987468654211,11
2621857,9.913091202961443,5
2621858,10.0,1
2621868,9.800447625075803,10
2621874,9.891280677061827,6
2621875,10.0,1
2621885,9.80802451458414,10
2621895,9.7807937713979,10
2621899,9.943522206824653,4
2621900,10.0,1
2621907,9.865015043313207,7
2621913,9.888818562517656,6
2621925,9.773308770643757,12
2621929,9.936586926806777,4
2621932,9.956634589691172,3
2621939,9.870624536773468,7
2621947,9.822621611404482,8
2621954,9.878585501423862,7
2621967,9.72436994249921,13
2621980,9.725985068726427,13
2621981,10.0,1
2621991,9.797942559339555,10
2622001,9.81588277421011,10
2622015,9.704844570470353,14
2622022,9.864416727330303,7
2622030,9.835383908308998,8
2622041,9.810781386615472,11
2622052,9.750587197130319,11
2622062,9.805069704940598,10
2622073,9.774858320801764,11
2622078,9.902181156424424,5
2622087,9.616927939877502,9
2622095,9.866657864372192,8
2622096,9.9932757666685,1
2622112,9.621663961521996,16
2622119,9.889133415015944,7
2622126,9.870658468957211,7
2622127,10.0,1
2622140,9.721609589389761,13
2622153,9.728540673206432,13
2622166,9.688627386648983,13
2622177,9.782064129616007,11
2622186,9.819871838852125,9
2622194,9.859097572075441,8
2622195,10.0,1
2622203,9.82014856328291,8
2622211,9.855599667879474,8
2622214,9.968135325554137,3
2622217,9.856101690228146,3
2622221,9.945445140090422,4
2622230,9.796601671613686,9
2622233,9.959401140807515,3
2622240,9.892123015320285,7
2622248,9.855784995721995,8
2622261,9.736809106535212,13
2622263,9.98488404803644,2
2622288,9.474038245471938,25
2622289,9.992141677701841,1
2622298,9.842528145427055,9
2622304,9.905618801809394,6
2622311,9.868276402947316,7
2622323,9.751922533844857,12
2622334,9.672457855356345,11
2622345,9.755842813097798,11
2622350,9.912785544066155,5
2622366,9.630012424725587,16
2622388,9.580448245462595,22
2622398,9.804078244310041,10
2622407,9.817193415245569,9
2622414,9.896852664146055,7
2622426,9.726453909760933,12
2622434,9.83218416024554,8
2622445,9.762936836385641,11
2622455,9.80504129431556,10
2622465,9.798853399769241,10
2622471,9.879414943880485,6
2622484,9.529395009157861,13
2622492,9.84965944876351,8
2622499,9.875766528161973,7
2622507,9.86148296118617,8
2622521,9.682455062493949,14
2622534,9.716295794407449,13
2622535,10.0,1
2622536,10.0,1
2622543,9.862019043546157,7
2622551,9.8337850271454,8
2622558,9.869810765474865,7
2622569,9.781743488991951,11
2622580,9.764800756713237,11
2622586,9.901931179975358,6
2622603,9.62871149871371,17
2622604,10.0,1
2622616,9.73742085933816,12
2622626,9.803785515012457,10
2622632,9.88542611650099,6
2622633,9.995898625616782,1
2622639,9.885072029305656,6
2622647,9.835455205396975,8
2622663,9.64000668002196,16
2622675,9.742026999553316,12
2622682,9.869691595554785,7
2622696,9.701916633933847,14
2622706,9.781570852584675,10
2622715,9.801441319450529,9
2622724,9.833869242970922,9
2622732,9.85132610511953,8
2622741,9.828367242340631,9
2622743,9.980587188149057,2
2622755,9.748553137685105,12
2622766,9.62845266972116,11
2622767,10.0,1
2622770,9.970430607503703,3
2622779,9.811778283857528,9
2622790,9.77152777027245,11
2622806,9.648253476696105,16
2622824,9.598019430419948,18
2622833,9.832242422321904,9
2622839,9.914186914252772,6
2622846,9.868771139602787,7
2622854,9.850177887688808,8
2622859,9.910269999604724,5
2622868,9.826358722988152,9
2622891,9.53604653493812,23
2622904,9.761710429288302,13
2622913,9.826288597516191,9
2622914,10.0,1
2622922,9.845440411499036,8
2622930,9.845379379427426,8
2622933,9.954952769886527,3
2622934,10.0,1
2622941,9.861102223503316,7
2622945,9.933053844414964,4
2622954,9.80836165946158,9
2622968,9.695677407008011,14
2622977,9.830986742203976,9
2622993,9.642078789837443,16
2623005,9.752191728941957,12
2623025,9.498616210805183,20
2623026,10.0,1
2623032,9.894200508020141,6
2623036,9.728008988630128,4
2623045,9.82727087767574,9
2623061,9.638236119787498,16
2623070,9.806415292594947,9
2623081,9.81507641044347,11
2623089,9.84999135321125,8
2623090,10.0,1
2623104,9.693718199959834,14
2623105,10.0,1
2623113,9.852704775516825,8
2623118,9.928883820787663,5
2623139,9.5364082336359,21
2623153,9.675896523483607,14
2623169,9.67876651867869,16
2623183,9.697832104363915,14
2623188,9.904651232779017,5
2623206,9.591485872164549,18
2623216,9.78008993676992,10
2623218,9.982877651915144,2
2623221,9.957418590918357,3
2623230,9.806757070936966,9
2623237,9.882975293040715,7
2623243,9.923002470192198,6
2623257,9.717503887563595,14
2623270,9.71684152122208,13
2623271,10.0,1
2623284,9.703033331149726,13
2623291,9.885898252286054,7
2623303,9.718910454848666,12
2623313,9.796164072741963,10
2623328,9.70726334485136,15
2623340,9.716113104616603,12
2623347,9.857545863225951,7
2623353,9.900708184297518,6
2623357,9.933160220648176,4
2623369,9.774836082530266,12
2623382,9.732907557471723,13
2623391,9.81863698056972,9
2623406,9.644086713553529,15
2623420,9.69842694360629,14
2623423,9.965397162182384,3
2623424,10.0,1
2623433,9.808292329968264,9
2623440,9.87151707084397,7
2623447,9.856027483940325,7
2623458,9.749863141317356,11
2623464,9.90965106641492,6
2623475,9.773260061846997,11
2623476,10.0,1
2623477,9.992655231146882,1
2623491,9.70658749697709,14
2623497,9.891832004695106,6
2623510,9.701954167784972,13
2623511,10.0,1
2623521,9.817403467108662,10
2623541,9.397692477581352,20
2623551,9.776518703192735,10
2623559,9.848448472630299,8
2623564,9.90412414062123,5
2623565,10.0,1
2623566,9.992243668671438,1
2623570,9.946635616811502,4
2623582,9.734240528504325,12
2623595,9.711584668707536,13
2623599,9.94902237262577,4
2623600,10.0,1
2623602,9.976465579225309,2
2623617,9.646729340763224,15
2623626,9.809414344728483,9
2623639,9.70864527430775,13
2623648,9.854034188968045,9
2623659,9.76940036150799,11
2623660,10.0,1
2623672,9.73424398472776,12
2623680,9.828630487622462,8
2623689,9.821759099664092,9
2623701,9.719420842142654,12
2623709,9.864990176038681,8
2623722,9.717162670675886,13
2623726,9.933465098013597,4
2623733,9.857941479102971,7
2623734,10.0,1
2623754,9.573704085533382,20
2623766,9.74438838095936,12
2623779,9.705485120032268,13
2623787,9.845184790545067,8
2623799,9.572187772295198,12
2623809,9.773002283932247,10
2623818,9.812861864061194,9
2623828,9.786734856035354,10
2623837,9.816571349360126,9
2623848,9.78706740900308,11
2623896,-0.2021557867245516,48
2623898,9.980004892321249,2
2623900,9.978879749839551,2
2623907,9.862152369105626,7
2623915,9.841331896356934,8
2623923,9.83410197612242,8
2623926,9.969374448737288,3
2623934,9.86848802677097,8
2623941,9.652797219617728,7
2623951,9.679437597729379,10
2623957,9.788751803598323,6
2623958,10.0,1
2623961,9.96123264436365,3
2623964,9.951553033815767,3
2623969,9.92023001996969,5
2623979,9.792846697592848,10
2623983,9.91878156604908,4
2623997,9.700531906207546,14
2624003,9.880444300767556,6
2624010,9.862523831588,7
2624011,9.996028954153307,1
2624020,9.835381324876066,9
2624025,9.922667268202012,5
2624035,9.800220716217927,10
2624041,9.8931065736916,6
2624047,9.897501376812587,6
2624072,5.787504229496179,25
2624075,9.954461262593213,3
2624080,9.920773445689171,5
2624086,9.899818979220495,6
2624107,9.473033448051686,21
2624115,9.82934117173636,8
2624127,9.731234707293428,12
2624133,9.904932194141676,6
2624134,9.992906747261042,1
2624145,9.753981157410916,11
2624159,9.396394414616047,14
2624167,9.865464511580756,8
2624179,9.755183947253094,12
2624194,9.647277673395706,15
2624204,9.790673595876308,10
2624215,9.781576136536799,11
2624226,9.779775337739263,11
2624243,9.606559438587846,17
2624245,9.98426903481577,2
2624254,9.797976560281228,9
2624259,9.909995157987353,5
2624272,9.70628580128442,13
2624282,9.796599812760652,10
2624296,9.667807417641843,14
2624308,9.757175014083737,12
2624321,9.719143185413898,13
2624329,9.843667811880067,8
2624340,9.78178055540355,11
2624351,9.75395479526778,11
2624356,9.9380776972701,5
2624357,10.0,1
2624370,9.709442799528675,13
2624381,9.780416657914746,11
2624391,9.779842087607737,10
2624397,9.899630890724037,6
2624406,9.823042767669527,9
2624410,9.926964796870156,4
2624413,9.96571520695334,3
2624420,9.879647655723398,7
2624427,9.872659644785772,7
2624434,9.857153540936013,7
2624440,9.888390264053978,6
2624441,10.0,1
2624448,9.863079858380019,7
2624451,9.960074313669828,3
2624453,9.976857488632868,2
2624459,9.888868375125476,6
2624467,9.873191219321164,8
2624468,10.0,1
2624480,9.726131795442164,12
2624496,9.617186162622726,16
2624511,9.6912128152204,15
2624516,9.924179215180336,5
2624517,10.0,1
2624526,9.808610620871958,9
2624527,10.0,1
2624533,9.884910115545287,6
2624537,9.940784579560338,4
2624545,9.880434466628477,8
2624556,9.75712470528337,11
2624568,9.76343776991202,12
2624576,9.87464311975846,8
2624581,9.918389935032812,5
2624585,9.937271448881084,4
2624596,9.7543146631102,11
2624601,9.932273966905088,5
2624606,9.912593144420182,5
2624613,9.885620775650326,7
2624622,9.830297406243565,9
2624629,9.8608514553238,7
2624642,9.718414472747332,13
2624644,9.971583307181584,2
2624662,9.644824062598031,18
2624678,9.705302770456312,16
2624682,9.93803614050194,4
2624691,9.837406632575243,9
2624700,9.814908884187464,9
2624707,9.853712223393938,7
2624713,9.881416604624395,6
2624718,9.915792675470156,5
2624733,9.643894493967865,15
2624742,9.822073256861914,9
2624752,9.799512476001016,10
2624760,9.839005116828066,8
2624772,9.740433524861967,12
2624773,10.0,1
2624785,9.727499175700242,12
2624791,9.896499944894598,6
2624793,9.973842757676795,2
2624809,9.670654531376318,16
2624810,10.0,1
2624811,10.0,1
2624823,9.736635084007927,12
2624824,10.0,1
2624830,9.90733223923817,6
2624834,9.94785892495034,4
2624835,10.0,1
2624846,9.813315143955522,11
2624856,9.772684416065871,10
2624861,9.919521236103135,5
2624866,9.937663250595378,5
2624881,9.71025762937741,15
2624889,9.867496989448718,8
2624896,9.882590201238798,7
2624908,9.72413898304649,12
2624915,9.858651996975514,7
2624917,9.979115634461987,2
2624924,9.86262650964136,7
2624926,9.983630379766238,2
2624938,9.731117742454927,12
2624939,10.0,1
2624947,9.846058143493043,8
2624948,10.0,1
2624960,9.735529926771962,12
2624965,9.912145163803956,5
2624972,9.898656947067293,7
2624981,9.814395356773344,9
2624987,9.907734245359368,6
2624998,9.814512423533108,11
2624999,9.988273477551644,1
2625013,9.702942844590495,14
2625023,9.784013153438272,10
2625029,9.892656251105507,6
2625036,9.873423360907736,7
2625037,10.0,1
2625042,9.91865872779291,5
2625054,9.743967704486362,12
2625069,9.693301906334927,15
2625080,9.777906780668113,11
2625087,9.900251135486931,7
2625099,9.74521357302151,12
2625117,9.586515586278372,18
2625118,10.0,1
2625122,9.949617260097725,4
2625134,9.731185872966583,12
2625144,9.816578053968488,10
2625148,9.94651878259277,4
2625149,10.0,1
2625159,9.817771990471893,10
2625166,9.872721760339347,7
2625183,9.612178698193853,17
2625191,9.854812271843322,8
2625198,9.876143538585977,7
2625201,9.946449972571347,3
2625213,9.713115867062053,12
2625219,9.892393344458776,6
2625224,9.910210015606546,5
2625243,9.577277935898483,19
2625255,9.747563609327484,12
2625266,9.755392438483453,11
2625271,9.925497921481881,5
2625273,9.984779918723099,2
2625277,9.930212340699526,4
2625281,9.939896012795394,4
2625290,9.820961288504682,9
2625790,-208.92946822232253,500
2626290,-210.72705973611176,500
2626295,9.92705409058333,5
2626301,9.896536301529506,6
2626313,9.744830809345627,12
2626325,9.72516398025774,12
2626341,9.705998331253136,16
2626348,9.873252093387569,7
2626349,10.0,1
2626354,9.921104646937438,5
2626356,9.96925234118225,2
2626360,9.939579065059114,4
2626373,9.708717873218637,13
2626384,9.796550023239412,11
2626393,9.862462862252423,9
2626403,9.807481745321159,10
2626405,9.98169933213692,2
2626416,9.7911539643326,11
2626417,10.0,1
2626434,9.596668780442899,17
2626443,9.820045934175383,9
2626454,9.74894407281718,11
2626459,9.917521379786855,5
2626469,9.81628705054647,10
2626480,9.76410200302006,11
2626499,9.57538073965865,19
2626500,10.0,1
2626518,9.57954315246166,18
2626549,9.369688722587723,31
2626559,9.769984851499796,10
2626570,9.760492383996146,11
2626581,9.756626273402466,11
2626591,9.801448713927757,10
2626594,9.966176788172922,3
2626603,9.850568539358251,9
2626611,9.860175515844467,8
2626616,9.919516851280395,5
2626620,9.942678128700829,4
2626632,9.751162092828341,12
2626645,9.7208082826161,13
2626657,9.729073901229015,12
2626671,9.66790634254156,14
2626677,9.89032557491122,6
2626682,9.923460076938992,5
2626689,9.876649487763846,7
2626697,9.855685527641663,8
2626704,9.884363550373418,7
2626719,9.68679135781255,15
2626731,9.768465062321297,12
2626742,9.769452170235125,11
2626751,9.814979735180984,9
2626762,9.753153440108294,11
2626769,9.866043076294671,7
2626779,9.768273854322914,10
2626787,9.827738021840881,8
2626802,9.725312084323868,15
2626805,9.951710111474243,3
2626814,9.83435594416762,9
2626845,9.373750085890306,31
2626846,10.0,1
2626858,9.749141281221819,12
2626859,9.986192714603728,1
2626869,9.783068297584032,10
2626876,9.863537979396227,7
2626886,9.827080479764183,10
2626887,10.0,1
2626895,9.848710486217414,8
2626909,9.670544518553672,14
2626915,9.907395245349608,6
2626921,9.905150028343956,6
2626936,9.68446702341306,15
2626944,9.83226144135787,8
2626952,9.856313712073137,8
2626958,9.882751299794212,6
2626973,9.670652603216475,15
2626989,9.656200868469098,16
2627000,9.771580599579432,11
2627009,9.81192494323269,9
2627010,10.0,1
2627017,9.857850540738578,7
2627028,9.76724175001331,11
2627035,9.893165106141947,7
2627043,9.847450504324902,8
2627054,9.66368418891155,11
2627062,9.829445696448659,8
2627065,9.957713499472986,3
2627073,9.8323413539808,8
2627079,9.890422856292103,6
2627090,9.763464930863833,11
2627105,9.70346651548938,15
2627113,9.867884980280781,8
2627124,9.766483843020064,11
2627128,9.940536879918513,4
2627132,9.917947327725773,4
2627143,9.798517091255732,11
2627146,9.96490240223926,3
2627151,9.931502533985894,5
2627163,9.77411370631172,12
2627178,9.65058452552882,15
2627192,9.738748799350349,14
2627193,9.987489993138304,1
2627202,9.732447047577818,9
2627210,9.840520439580803,8
2627222,9.723797713200225,12
2627223,10.0,1
2627232,9.822700866264547,9
2627237,9.912913462733579,5
2627244,9.868229185279866,7
2627265,9.497384804347138,21
2627266,9.988718921962441,1
2627274,9.840506399979425,8
2627287,9.719236496142116,13
2627290,9.956704247477319,3
2627300,9.817110845079531,10
2627306,9.904430608073545,6
2627318,9.723361531365025,12
2627326,9.872946667018445,8
2627332,9.899427053291005,6
2627337,9.928945836816002,5
2627353,9.684865013772919,16
2627364,9.785138801444042,11
2627365,10.0,1
2627374,9.79790567510579,9
2627380,9.881908282835505,6
2627385,9.917791319609249,5
2627396,9.771314861213275,11
2627402,9.90771671837464,6
2627410,9.897962970305645,8
2627416,9.899304061427582,6
2627420,9.936449904870182,4
2627432,9.765592595320658,12
2627440,9.874686901950689,8
2627448,9.846768037137158,8
2627456,9.867471692178787,8
2627466,9.771486319449858,10
2627481,9.64967669243721,15
2627499,9.622978109256366,18
2627504,9.928697780832788,5
2627508,9.933644992569231,4
2627514,9.90020989613163,6
2627526,9.79552875739365,12
2627538,9.799509005747051,12
2627542,9.957118788802006,4
2627556,9.62853670692663,14
2627562,9.88343116726663,6
2627572,9.842496312514987,10
2627587,9.751298633360207,15
2627589,9.973691894886311,2
2627595,9.913527576150306,6
2627611,9.646474577539008,16
2627620,9.819970145020413,9
2627625,9.910457956370898,5
2627637,9.7963530745683,12
2627646,9.852130918033494,9
2627650,9.95207267209718,4
2627662,9.749897503088178,12
2627670,9.746269467968462,8
2627671,10.0,1
2627675,9.931100846922124,4
2627685,9.803520547915461,10
2627694,9.832990152635068,9
2627695,10.0,1
2627702,9.87592756333324,7
2627712,9.777184298158058,10
2627717,9.923798752748546,5
2627718,10.0,1
2627728,9.804215916198315,10
2627732,9.949095807288785,4
2627745,9.508103994998693,13
2627746,10.0,1
2627755,9.816766056389115,9
2627766,9.540804233965323,11
2627767,9.992791518785749,1
2627772,9.916279777177571,5
2627782,9.708557847330592,10
2627786,9.942793801189984,4
2627798,9.725977030607426,12
2627811,9.701700880873865,13
2627825,9.68661638389758,14
2627829,9.945378314078662,4
2627839,9.798874349031406,10
2627853,9.677197726791915,14
2627857,9.94015351153045,4
2627868,9.757786215640179,11
2627874,9.904824180778826,6
2627884,9.792881053793055,10
2627890,9.879129210781766,6
2627895,9.928555815051988,5
2627900,9.927046500307245,5
2627907,9.880784614370262,7
2627917,9.806238443599284,10
2627929,9.724403857341843,12
2627936,9.85988751604364,7
2627948,9.739924128538037,12
2627959,9.703791444430044,11
2627978,9.582226245885538,19
2627979,9.99188356382247,1
2627985,9.889173623785895,6
2628002,9.605165277187858,17
2628009,9.864419052114117,7
2628018,9.82585227899629,9
2628019,10.0,1
2628024,9.805197386394447,5
2628036,9.706628091505468,12
2628050,9.703841465164723,14
2628057,9.861136067519178,7
2628063,9.892321320008412,6
2628079,9.678049409213909,16
2628096,9.623360741882776,17
2628118,8.839015751173848,22
2628131,9.704819939965061,13
2628137,9.877240448878618,6
2628147,9.812511300846628,10
2628164,5.745544144251921,17
2628169,9.908827140306224,5
2628181,9.775539029506463,12
2628186,9.922938273316237,5
2628202,9.601064042099582,16
2628215,9.697172175001166,13
2628216,10.0,1
2628229,9.738830749532756,13
2628237,9.850989512109576,8
2628248,9.751909817946723,11
2628259,9.76433524776934,11
2628266,9.873251743418958,7
2628277,9.76643329538877,11
2628291,9.674951193224201,14
2628300,9.814013435406219,9
2628305,9.908634420458753,5
2628315,9.78639352644808,10
2628323,9.84812394109596,8
2628329,9.886987230120658,6
2628338,9.81094551768118,9
2628340,9.971293088855575,2
2628350,9.803842880364407,10
2628358,9.854410591470778,8
2628368,9.79211358631146,10
2628376,9.866275430555067,8
2628391,9.679257566109328,15
2628395,9.928847419876064,4
2628400,9.918257939891932,5
2628415,9.568637241824241,15
2628422,9.88572031889347,7
2628431,9.816673160758285,9
2628442,9.771341249710886,11
2628447,9.897548666799784,5
2628450,9.963704865780697,3
2628461,9.752086202238102,11
2628464,9.951856202711117,3
2628468,9.936721474591845,4
2628475,9.868160819336154,7
2628488,9.720431614745834,13
2628492,9.838280990352379,4
2628515,9.531026539947783,23
2628523,9.823813377545823,8
2628533,9.777765275862686,10
2628547,9.744128497472076,14
2628553,9.889201667592253,6
2628557,9.938749512165328,4
2628567,9.783090741361534,10
2628571,9.945577356213574,4
2628582,9.779645818007067,11
2628592,9.7752476097399,10
2628602,9.800942766080773,10
2628610,9.830059267648249,8
2628617,9.867769257697429,7
2628633,9.640474544421231,16
2628642,9.818838761317387,9
2628654,9.744382740728899,12
2628663,9.62180136597274,9
2628669,9.904243830033591,6
2628683,9.72409124740916,14
2628693,9.760604567607903,10
2628703,9.810847106587197,10
2628710,9.8586318644094,7
2628714,9.932949076229193,4
2628720,9.913438401167221,6
2628727,9.859643516827388,7
2628740,9.785883590647465,13
2628748,9.850584604285718,8
2628752,9.939567061055778,4
2628753,10.0,1
2628756,9.965483914707088,3
2628773,9.61018135126815,17
2628774,10.0,1
2628785,9.76079891692549,11
2628802,9.565879942736775,17
2628811,9.82261458853473,9
2628817,9.598497928266738,6
2628836,9.589650400234238,19
2628843,9.8703434967299,7
2628854,9.791180984552184,11
2628869,9.664229383210387,15
2628882,9.692210570961212,13
2628893,9.749135013358993,11
2628897,9.940170553334248,4
2628902,9.90161563204968,5
2628915,9.412185278842413,13
2628929,9.665290554497474,14
2628933,9.938932156866306,4
2628946,9.720702006222789,13
2628969,9.483002153422987,23
2628986,9.591149574662406,17
2629000,9.683105779744922,14
2629011,9.765116978398476,11
2629022,9.77045714253286,11
2629025,9.95658867908408,3
2629026,10.0,1
2629036,9.809594372327927,10
2629041,9.910435002045968,5
2629055,9.72450889113762,14
2629065,9.781795346036835,10
2629076,9.75885139991256,11
2629077,10.0,1
2629088,9.769977421602537,11
2629111,9.496470104482073,23
2629115,9.945692151760676,4
2629122,9.859311518088356,7
2629132,9.817867270588106,10
2629146,9.772133673990764,14
2629147,10.0,1
2629155,9.837251860202368,8
2629173,9.60012874068637,18
2629177,9.93326130391123,4
2629184,9.901162001877061,7
2629197,9.702219611900446,13
2629208,9.772442510173363,11
2629220,9.75035874305483,12
2629238,9.60066420220676,18
2629242,9.928244651439776,4
2629251,9.799043244351914,9
2629259,9.832286670871351,8
2629262,9.968081389244412,3
2629284,9.468557948277732,22
2629298,9.691193058420254,14
2629303,9.913442464123882,5
2629307,9.953541998742642,4
2629320,9.699287672254165,13
2629326,9.91192608300183,6
2629331,9.91020741468096,5
2629338,9.88509526180069,7
2629343,9.941933027372546,5
2629354,9.796773662263792,11
2629359,9.909762831600778,5
2629369,9.821312903149787,10
2629376,9.881335717622752,7
2629388,9.750870844702753,12
2629400,9.724285725798422,12
2629401,10.0,1
2629410,9.82920404714682,9
2629419,9.810535558197152,9
2629424,9.918152964603534,5
2629437,9.730445982398974,13
2629442,9.922329172322678,5
2629453,9.671722952455156,11
2629459,9.901899136407069,6
2629465,9.895205047827746,6
2629474,9.809435350895189,9
2629482,9.838273629226643,8
2629483,10.0,1
2629492,9.830281112143675,9
2629493,10.0,1
2629504,9.77339564788891,11
2629521,9.106966271282774,17
2629525,9.933731936322891,4
2629526,10.0,1
2629527,10.0,1
2629535,9.835722642747339,8
2629544,9.809733475988338,9
2629545,10.0,1
2629550,9.907599717222789,5
2629551,10.0,1
2629556,9.918297398055964,5
2629568,9.756506694608746,12
2629572,9.93288457250849,4
2629574,9.972407042264242,2
2629588,9.652199409955527,14
2629595,9.8717268287102,7
2629600,9.916947583889574,5
2629612,9.74676017936493,12
2629614,9.97460077151654,2
2629626,9.763635732255363,12
2629632,9.867265604782798,6
2629651,9.613658647843877,19
2629680,9.385660284689664,29
2629683,9.95617485224466,3
2629687,9.932976121320614,4
2629706,9.575597563349692,19
2629709,9.971782311362036,3
2629723,9.674521447535898,14
2629724,10.0,1
2629729,9.925992381560958,5
2629739,9.785303847230168,10
2629750,9.784983807555914,11
2629764,9.713310647740768,14
2629769,9.930060710067979,5
2629781,9.744764050893401,12
2629786,9.623193326260012,5
2629789,9.963502854194505,3
2629792,9.953485529035746,3
2629798,9.882532799162526,6
2629799,10.0,1
2629808,9.813547697994835,9
2629813,9.80284373732508,5
2629817,9.949753097762397,4
2629818,10.0,1
2629833,9.67186882176776,15
2629850,9.605858403638447,17
2629861,9.790617926225233,11
2629876,9.65510745724083,15
2629884,9.85479273320827,8
2629906,9.599930733726222,22
2629911,9.911990133382593,5
2629918,9.894364009124612,7
2629927,9.811431688929833,9
2629937,9.687886391440664,10
2629947,9.809452904756911,10
2629954,9.8929625617253,7
2629965,9.757523331050743,11
2629976,9.776767088766176,11
2629981,9.935352560055115,5
2629988,9.879416528408266,7
2629997,9.803744424849954,9
2630004,9.880600975320382,7
2630016,9.75023524546517,12
2630020,9.943419954427474,4
2630027,9.770227544016416,7
2630037,9.787502896892734,10
2630045,9.83957943270981,8
2630059,9.724423134920617,14
2630060,10.0,1
2630068,9.884934354306353,8
2630073,9.799969672316873,5
2630089,9.635635228226507,16
2630095,9.899075016309391,6
2630106,9.761531746272125,11
2630107,10.0,1
2630115,9.838999232958182,8
2630121,9.893929294772832,6
2630129,9.860622690034822,8
2630136,9.858649902022194,7
2630141,9.92262839538077,5
2630150,9.826165096916998,9
2630155,9.922589264607211,5
2630163,9.837321575919875,8
2630167,9.944666737667013,4
2630178,9.797128190591797,11
2630179,10.0,1
2630186,9.86706250531986,7
2630187,10.0,1
2630198,9.745078989347194,11
2630205,9.855668039958383,7
2630210,9.929316113279732,5
2630221,9.76221884555273,11
2630230,9.83733154031063,9
2630237,9.883540235598764,7
2630251,9.667603736793566,14
2630262,9.768807215524028,11
2630263,10.0,1
2630269,9.882978993871756,6
2630276,9.853128689984526,7
2630277,10.0,1
2630284,9.858508896239586,7
2630303,9.597746847859415,19
2630307,9.941323886159099,4
2630313,9.893579398281426,6
2630323,9.797124009191721,10
2630332,9.806568928506763,9
2630343,9.785997349029294,11
2630345,9.979225727980035,2
2630351,9.879847025654835,6
2630358,9.863995828537023,7
2630369,9.779629654665973,11
2630380,9.770991922386353,11
2630387,9.854702872022607,7
2630401,9.677243112694404,14
2630417,9.665171865062405,16
2630425,9.875521439447313,8
2630446,9.594431364371102,21
2630447,10.0,1
2630465,9.589704411882709,18
2630468,9.958223656369707,3
2630472,9.934615086919026,4
2630479,9.866220068515227,7
2630485,9.876161525854014,6
2630491,9.893710644895881,6
2630501,9.810029681264547,10
2630511,9.786843621424513,10
2630520,9.84069329109986,9
2630533,9.69940544865253,13
2630543,9.773791069852583,10
2630555,9.762163112698286,12
2630556,10.0,1
2630557,10.0,1
2630563,9.89733917942544,6
2630572,9.841233195533066,9
2630577,9.922127069978695,5
2630585,9.849978418868153,8
2630591,9.906464767644048,6
2630594,9.967377736178737,3
2630596,9.972587436583732,2
2630603,9.896786315800966,7
2630607,9.93480837792412,4
2630623,9.608038681040323,16
2630631,9.851125083937724,8
2630643,9.795210860474755,12
2630655,9.772732931203135,12
2630660,9.92030134292794,5
2630671,9.584500309583596,11
2630684,9.669178408346601,13
2630693,9.825640245669032,9
2630698,9.916500324997243,5
2630703,9.930491319775635,5
2630712,9.825755888089976,9
2630713,10.0,1
2630727,9.485198811016666,14
2630742,9.66051075380519,15
2630754,9.746518364960806,12
2630764,9.790563973002573,10
2630765,10.0,1
2630771,9.778985058000284,6
2630772,10.0,1
2630777,9.911708447870453,5
2630784,9.859389235610836,7
2630789,9.903168620826985,5
2630800,9.791610521843955,11
2630815,9.127427299005907,15
2630824,9.832751771687787,9
2630831,9.668282750041522,7
2630843,9.717449756303498,12
2630847,9.845720525803141,4
2630856,9.83231626528633,9
2630868,9.710845938059283,12
2630886,9.236739157882296,18
2630898,9.626892819580709,12
2630902,9.939277438425444,4
2630903,10.0,1
2630913,9.805776228944204,10
2630919,9.89964921037436,6
2630920,10.0,1
2630926,9.897021370175416,6
2630937,9.770739995737049,11
2630946,9.822785055175078,9
2630956,9.80887941733371,10
2630966,9.81040871720938,10
2630975,9.820405829065521,9
2630978,9.967550587269992,3
2630984,9.92459880939826,6
2630990,9.896879007138256,6
2630994,9.942452964747247,4
2631003,9.808975760184202,9
2631014,9.79066412089376,11
2631021,9.867800825122732,7
2631031,9.795362261854308,10
2631042,9.792054625950477,11
2631043,9.988450121234711,1
2631052,9.825599560701498,9
2631061,9.807458573029058,9
2631062,9.989555330107317,1
2631067,9.89607290801505,5
2631076,9.815446455516065,9
2631086,9.788815256247254,10
2631090,9.926906193222093,4
2631100,9.804962211142074,10
2631111,9.764010334355545,11
2631130,9.55735383450267,19
2631131,10.0,1
2631143,9.742626437842876,12
2631144,10.0,1
2631150,9.888570959558379,6
2631165,9.686639328225299,15
2631171,9.885284972281752,6
2631177,9.8973013322565,6
2631194,9.584230846760823,17
2631195,9.996267335766847,1
2631200,9.92486322938315,5
2631214,9.691039992102874,14
2631232,9.585412043476838,18
2631242,9.809970684597449,10
2631246,9.947299611999512,4
2631258,9.75890732693051,12
2631269,9.762196159969637,11
2631277,9.8513707509883,8
2631285,9.84802621018608,8
2631298,9.686645590164238,13
2631310,9.74554763632412,12
2631320,9.79235988966614,10
2631331,9.758609701364227,11
2631336,9.939451791366785,5
2631341,9.905379306615284,5
2631349,9.839567768799075,8
2631353,9.950978943769126,4
2631354,10.0,1
2631360,9.885050682952187,6
2631374,9.690316468806175,14
2631384,9.814980069726575,10
2631388,9.944974130615066,4
2631392,9.937856018120803,4
2631405,9.738187501443331,13
2631413,9.841281986716712,8
2631422,9.816645495775973,9
2631435,9.70649990828028,13
2631439,9.938534377388233,4
2631447,9.75443643324501,8
2631461,9.69500064596937,14
2631471,9.804360619067246,10
2631480,9.800910363949754,9
2631488,9.844566086973073,8
2631499,9.760441725483192,11
2631510,9.763223698552585,11
2631521,9.773517884685216,11
2631522,10.0,1
2631530,9.85263591357279,8
2631542,9.762782325988166,12
2631544,9.98399427821786,2
2631563,9.579432344756025,19
2631574,9.771296085632944,11
2631578,9.938244340466035,4
2631591,9.740853597518477,13
2631592,10.0,1
2631605,9.704138597640492,13
2631621,9.616052852148924,16
2631637,9.640142057536107,16
2631646,9.811321980274643,9
2631647,9.988441496248974,1
2631651,9.931474587831513,4
2631652,10.0,1
2631666,9.749235297300304,14
2631675,9.810942145742207,9
2631684,9.805606214558958,9
2631691,9.870395225464993,7
2631698,9.894126401989775,7
2631709,9.78201734856878,11
2631720,9.75702517354728,11
2631726,9.904918818311538,6
2631727,10.0,1
2631738,9.75259951083736,11
2631747,9.833291141759963,9
2631753,9.898691097382649,6
2631760,9.86881523114302,7
2631761,10.0,1
2631767,9.899352571737627,6
2631768,10.0,1
2631780,9.797621987407988,12
2631785,9.903717160355724,5
2631793,9.84685249656102,8
2631801,9.873753196712093,8
2631812,9.794484039318654,11
2631818,9.903724465639346,6
2631828,9.809146790678838,10
2631839,9.775370423646146,11
2631845,9.911324726536407,6
2631847,9.976957873801686,2
2631856,9.84075583830034,9
2631858,9.976953440290142,2
2631872,9.715472549020642,14
2631881,9.82733272783047,9
2631894,9.712764761404673,13
2631906,9.731007962266784,12
2631908,9.975645686715628,2
2631918,9.786833881846503,10
2631926,9.843890910393455,8
2631935,9.840696449479472,9
2631947,9.68880830028203,12
2631954,9.862022682714246,7
2631963,9.830332893099248,9
2631970,9.878693029120653,7
2631977,9.885359941873622,7
2631992,9.732433912155862,15
2631998,9.887580275671525,6
2632003,9.896670946139263,5
2632009,9.904054612396225,6
2632018,9.829008110817382,9
2632027,9.821108448613446,9
2632045,9.530793493728158,18
2632055,9.79098703481068,10
2632060,9.918058271351113,5
2632062,9.979531714777368,2
2632076,9.50558061888364,14
2632081,9.929181311505376,5
2632089,9.840110613328484,8
2632104,9.666792514043454,15
2632118,9.679117041696596,14
2632127,9.839780609635113,9
2632128,10.0,1
2632136,9.831517307344848,8
2632139,9.960933437071414,3
2632150,9.759752673365856,11
2632156,9.899688116289404,6
2632162,9.88748396990295,6
2632183,9.493608283182125,21
2632196,9.746022133801873,13
2632209,9.693884689978299,13
2632210,10.0,1
2632225,9.645691426164854,15
2632226,10.0,1
2632243,9.589970009760723,17
2632249,9.907768716253607,6
2632265,9.643922199181592,16
2632287,9.5106028601713,22
2632288,10.0,1
2632289,10.0,1
2632298,9.639561572814735,9
2632303,9.918559031062987,5
2632314,9.756557788434263,11
2632329,9.668608223820288,15
2632330,9.988185894917564,1
2632345,9.675892684616827,15
2632349,9.943987474092179,4
2632353,9.945875138434085,4
2632356,9.962736935448385,3
2632371,9.736674198879149,15
2632384,9.746380901429292,13
2632385,10.0,1
2632390,9.925902915252847,5
2632403,9.688889635807705,13
2632414,9.7925686568939,11
2632422,9.821374520874068,8
2632430,9.834856695116803,8
2632438,9.850262742823194,8
2632447,9.839546997340088,9
2632463,9.61706831432934,16
2632470,9.868428306307544,7
2632478,9.650319076160127,8
2632494,9.60625661586007,16
2632510,9.675975585577731,16
2632520,9.799903657898671,10
2632529,9.826139430482026,9
2632543,9.66333839408843,14
2632549,9.893771621955658,6
2632565,9.595599797701203,16
2632577,9.759428761658198,12
2632584,9.84372042201605,7
2632598,9.684877267325845,14
2632607,9.834902752918119,9
2632616,9.808824816123803,9
2632617,10.0,1
2632629,9.75275762729482,12
2632642,9.737130828983604,13
2632650,9.83864816111245,8
2632662,9.761618889369224,12
2632673,9.743853771246773,11
2632694,9.675141211979001,21
2632699,9.913259047389676,5
2632706,9.868838929733194,7
2632708,9.973009636084022,2
2632722,9.673300252954133,14
2632737,9.55500178024845,15
2632745,9.851345874109834,8
2632754,9.825808498108907,9
2632759,9.906968405803498,5
2632767,9.834772923545849,8
2632771,9.941795837606447,4
2632784,9.733038453674379,13
2632792,9.869226569994055,8
2632800,9.856054677700056,8
2632810,9.811829547963281,10
2632813,9.952670718737876,3
2632814,10.0,1
2632822,9.851459164579655,8
2632829,9.876758998737227,7
2632843,9.662921311417378,14
2632854,9.793263465888197,11
2632864,9.7662555368412,10
2632868,9.955738601935405,4
2632869,10.0,1
2632880,9.806429386078081,11
2632885,9.909338113695895,5
2632898,9.706281325551764,13
2632909,9.78153881587715,11
2632913,9.937999410217929,4
2632924,9.693738557031581,11
2632926,9.975887043156717,2
2632931,9.918186734174709,5
2632945,9.709922839692323,14
2632958,9.5569308707698,13
2632970,9.750755241545999,12
2632982,9.736044479667568,12
2632995,9.743775469668368,13
2633002,9.839465818340217,7
2633013,9.775803385075651,11
2633023,9.771845853458114,10
2633029,9.906978073992018,6
2633033,9.925467186417505,4
2633043,9.782863804146114,10
2633052,9.82505228116996,9
2633059,9.89836733001324,7
2633076,9.642380096136947,17
2633083,9.882730090869048,7
2633096,9.397397621816117,13
2633109,9.7589607354063,13
2633123,9.672734256927274,14
2633130,9.854083854385786,7
2633138,9.841818629160407,8
2633148,9.811086577795542,10
2633153,9.911106836448079,5
2633154,10.0,1
2633163,9.85198930535909,9
2633168,9.925343468295289,5
2633187,9.590637014098151,19
2633189,9.971836672326269,2
2633204,9.66279130901981,15
2633205,10.0,1
2633215,9.801849763996044,10
2633227,9.746355687313226,12
2633234,9.84051473017364,7
2633245,9.759347734408733,11
2633255,9.812641001129062,10
2633262,9.865100160309872,7
2633270,9.839010780470868,8
2633278,9.855651036786412,8
2633283,9.934688934221766,5
2633298,9.651716421586391,15
2633306,9.854201072187331,8
2633321,9.66655869695196,15
2633325,9.919833509226526,4
2633336,9.7803981893894,11
2633337,10.0,1
2633342,9.901078731933493,5
2633343,9.991161232017905,1
2633381,9.262793963591019,38
2633382,10.0,1
2633392,9.80060176331254,10
2633403,9.752288013316855,11
2633416,9.68827183436744,13
2633427,9.76073373964418,11
2633452,9.500354256253567,25
2633462,9.801186087671919,10
2633472,9.767425295289335,10
2633485,9.510524085661292,13
2633494,9.818264432730842,9
2633502,9.837957361576974,8
2633510,9.8510459748148,8
2633518,9.839693291173,8
2633528,9.811728682418975,10
2633536,9.849835602982631,8
2633537,9.993082537298108,1
2633545,9.833263209879618,8
2633551,9.897041988338325,6
2633558,9.887588203964974,7
2633565,9.86857519144339,7
2633578,9.693477547384813,13
2633583,9.920135018885977,5
2633597,9.666352571498443,14
2633603,9.888954532431413,6
2633619,9.635197844607417,16
2633626,9.854864583428892,7
2633630,9.93668106951138,4
2633633,9.963333493751348,3
2633634,10.0,1
2633648,9.678756426854829,14
2633661,9.75114005812491,13
2633669,9.822495703158951,8
2633670,10.0,1
2633677,9.850327564271387,7
2633678,9.992598237907767,1
2633687,9.837058827014356,9
2633698,9.736404878854152,11
2633701,9.959110690359447,3
2633722,9.570856915086209,21
2633723,10.0,1
2633735,9.785129855903131,12
2633746,9.78056839353217,11
2633750,9.946734270040393,4
2633761,9.762063081465053,11
2633777,9.717815918298506,16
2633792,9.671902803938998,15
2633803,9.728948003282353,11
2633809,9.898408662632344,6
2633821,9.721397910668314,12
2633830,9.813266809391214,9
2633841,9.756562101367432,11
2633851,9.798988609227811,10
2633852,10.0,1
2633860,9.8618799594573,8
2633877,9.581600913938836,17
2633888,9.557270909548484,11
2633899,9.781772144724599,11
2633900,10.0,1
2633908,9.845489139664583,8
2633920,9.731146576611382,12
2633937,9.682378707337266,17
2633940,9.956126555056585,3
2633945,9.930124277730144,5
2633955,9.772723092928622,10
2633963,9.65181718090173,8
2633990,9.391114471522291,27
2634001,9.766482959480655,11
2634015,9.677164429703847,14
2634029,9.69474214786776,14
2634032,9.948947959791289,3
2634043,9.780160761156855,11
2634057,9.673478028962675,14
2634061,9.946230862524882,4
2634067,9.710493001583341,6
2634081,9.716417959569338,14
2634093,9.738751629444586,12
2634098,9.908952423393325,5
2634102,9.937193704503933,4
2634112,9.822846727231342,10
2634116,9.925589627609057,4
2634122,9.904999097253613,6
2634141,9.623819793622431,19
2634155,9.702444460263468,14
2634164,9.818556405232757,9
2634165,10.0,1
2634173,9.812628449434506,8
2634184,9.76709334200832,11
2634194,9.793700183912483,10
2634195,10.0,1
2634200,9.810693970968078,5
2634214,9.679137794181754,14
2634230,9.663592033633286,16
2634236,9.903784174895264,6
2634249,9.701244608449803,13
2634257,9.871588725339326,8
2634276,9.575999755099588,19
2634283,9.881720214844787,7
2634286,9.955749095168363,3
2634290,9.932937641378205,4
2634300,9.806783867899492,10
2634301,10.0,1
2634309,9.834080140068057,8
2634325,9.69387707880566,16
2634326,10.0,1
2634340,9.686210276968064,14
2634353,9.720893402266123,13
2634357,9.92764048874376,4
2634358,10.0,1
2634367,9.796021951716337,9
2634370,9.964476876562447,3
2634379,9.820393634756156,9
2634384,9.923159677574224,5
2634388,9.947333595159327,4
2634398,9.778293373283592,10
2634405,9.874782016266167,7
2634411,9.878068681335078,6
2634420,9.813310863992507,9
2634428,9.882339502760576,8
2634436,9.81820102962217,8
2634448,9.766808353368821,12
2634449,9.996327519689423,1
2634458,9.816772336106178,9
2634466,9.859835075307254,8
2634476,9.772104013007619,10
2634481,9.916568636316656,5
2634482,9.992983236133337,1
2634491,9.790397112092853,9
2634500,9.823882460807619,9
2634505,9.932659831191316,5
2634516,9.755101499320284,11
2634528,9.765007375772061,12
2634532,9.945728335316389,4
2634541,9.83251928849316,9
2634542,10.0,1
2634553,9.781948800678123,11
2634562,9.827166519602823,9
2634574,9.716119491230696,12
2634578,9.938418800266023,4
2634581,9.966685889750254,3
2634587,9.90887814598166,6
2634595,9.8666316776918,8
2634609,9.696573359759906,14
2634614,9.914183767281703,5
2634625,9.79838650230137,11
2634643,9.657227648069595,18
2634656,9.618187219425078,13
2634664,9.852701390517316,8
2634666,9.970887533295006,2
2634677,9.767743962953167,11
2634685,9.870569903807795,8
2634686,10.0,1
2634696,9.801854276725706,10
2634700,9.94477267818041,4
2634706,9.88904871152317,6
2634707,10.0,1
2634713,9.896267495817696,6
2634724,9.775051536104652,11
2634731,9.859182313903132,7
2634744,9.687276110797235,13
2634758,9.762452687452978,14
2634767,9.814414195499895,9
2634774,9.854718797198217,7
2634780,9.894219187703708,6
2634799,9.60825148240657,19
2634805,9.884622059295811,6
2634815,9.799669257354152,10
2634823,9.84318325386538,8
2634828,9.906914269526945,5
2634832,9.93979806862391,4
2634849,9.590045225005655,17
2634860,9.790608022114842,11
2634870,9.798049890609636,10
2634877,9.850663628344337,7
2634890,9.746343432554369,13
2634909,9.579796000650267,19
2634918,9.818689301508668,9
2634925,9.877953097442312,7
2634932,9.769273821025214,7
2634937,9.929632924753477,5
2634954,9.63608724780081,17
2634958,9.938077379504477,4
2634967,9.822209426990607,9
2634979,9.737678047982811,12
2634988,9.79591287193322,9
2634990,9.984163793342848,2
2634993,9.95295838663653,3
2634994,10.0,1
2634995,9.988486965793042,1
2634996,10.0,1
2635003,9.87611282308839,7
2635014,9.789894787122027,11
2635023,9.816559826505042,9
2635034,9.755654954550732,11
2635038,9.94837954666164,4
2635051,9.754463059909172,13
2635057,9.494091771042065,6
2635061,9.938879529650883,4
2635070,9.848456224090166,9
2635078,9.822407142475049,8
2635084,9.910778088217477,6
2635093,9.813808243358602,9
2635100,9.863602502249186,7
2635118,9.592669014079743,18
2635126,9.837112564325023,8
2635139,9.736552378510066,13
2635154,9.691846994349792,15
2635165,9.773727555607815,11
2635168,9.966761698552446,3
2635180,9.698983547861578,12
2635185,9.811182097259472,5
2635192,9.856483854153801,7
2635193,10.0,1
2635203,9.795271894447803,10
2635225,9.487550427135902,22
2635236,9.765596938715092,11
2635250,9.77067102078802,14
2635257,9.883442950774313,7
2635276,9.54667370685315,19
2635283,9.880555824023086,7
2635297,9.66054259958296,14
2635301,9.937730469258561,4
2635312,9.751437023874937,11
2635320,9.843557724753467,8
2635330,9.793971440081561,10
2635331,10.0,1
2635341,9.791576202967347,10
2635357,9.68292876653821,16
2635358,10.0,1
2635368,9.83061225756679,10
2635382,9.692070394031935,14
2635392,9.830849495697118,10
2635405,9.726149883099323,13
2635417,9.767993897894948,12
2635421,9.938449227109329,4
2635424,9.961760229190437,3
2635433,9.838987201118224,9
2635438,9.928265248878363,5
2635456,9.589414122375517,18
2635471,9.702094334928635,15
2635486,9.683788391212506,15
2635512,9.538129788071508,26
2635515,9.96012192028161,3
2635524,9.81809433669971,9
2635534,9.769570512217511,10
2635539,9.916447511107217,5
2635542,9.957656435876096,3
2635551,9.815574354096253,9
2635552,10.0,1
2635555,9.96023784490793,3
2635560,9.911156397640433,5
2635569,9.79797905432101,9
2635570,9.988425032824718,1
2635584,9.669529210605885,14
2635590,9.897291971424233,6
2635596,9.878059387775918,6
2635597,10.0,1
2635601,9.937652110633275,4
2635606,9.909669682008218,5
2635615,9.818717434021208,9
2635616,10.0,1
2635617,10.0,1
2635624,9.867648370308022,7
2635636,9.742802111587034,12
2635641,9.92759694301914,5
2635653,9.719800862282332,12
2635662,9.813798572371315,9
2635670,9.848408341387183,8
2635681,9.751192950497423,11
2635683,9.975251586984658,2
2635694,9.750884471396333,11
2635702,9.843760704539255,8
2635706,9.94424348079406,4
2635712,9.894067987667295,6
2635721,9.820240204209684,9
2635731,9.811753451580248,10
2635735,9.93231579657874,4
2635742,9.880301453508162,7
2635754,9.756838644847583,12
2635762,9.876566196485689,8
2635770,9.830442166743925,8
2635778,9.842955041187322,8
2635785,9.873295342214979,7
2635786,9.988003116235259,1
2635796,9.794101864156218,10
2635800,9.95132680386369,4
2635809,9.806583120342157,9
2635819,9.799495935522264,10
2635823,9.932750137150698,4
2635838,9.716959548560714,15
2635845,9.87941492824342,7
2635855,9.789796396222068,10
2635872,9.668989987375777,17
2635876,9.944528862349385,4
2635889,9.732300067878892,13
2635900,9.750914718892563,11
2635910,9.778607484116437,10
2635924,9.700104816861474,14
2635935,9.775017422555264,11
2635944,9.83710694499512,9
2635957,9.699665401613556,13
2635962,9.903296074150472,5
2635974,9.802271762062063,12
2635988,9.69703570851176,14
2635998,9.789526173287424,10
2635999,10.0,1
2636000,10.0,1
2636012,9.765651323218227,12
2636017,9.910599372687429,5
2636025,9.823135619682013,8
2636029,9.944575721622659,4
2636037,9.854572975907796,8
2636048,9.590059675048709,11
2636062,9.69428403595674,14
2636075,9.71868838065673,13
2636077,9.974960789306746,2
2636084,9.867422502583343,7
2636095,9.759583510998606,11
2636100,9.906555669644211,5
2636105,9.909397015666798,5
2636111,9.871585249241411,6
2636123,9.749549098354835,12
2636136,9.716240418862018,13
2636147,9.76408649873665,11
2636148,9.988692334231834,1
2636155,9.872521624872281,7
2636173,9.676951329662929,18
2636184,9.765610258933178,11
2636192,9.847393194850268,8
2636195,9.964201677518396,3
2636202,9.86055746670051,7
2636205,9.968909667395106,3
2636210,9.937750101294775,5
2636218,9.861163659887305,8
2636219,10.0,1
2636229,9.812546691411962,10
2636238,9.810568355887131,9
2636254,9.756515697881976,16
2636260,9.891430974181436,6
2636277,9.654469052409079,17
2636288,9.746355505352739,11
2636289,10.0,1
2636297,9.849902075390416,8
2636298,10.0,1
2636309,9.748655850867227,11
2636318,9.84019324116167,9
2636325,9.853784852169237,7
2636328,9.951071186128862,3
2636336,9.828025536624175,8
2636337,10.0,1
2636343,9.892480171047868,6
2636350,9.857468897779272,7
2636360,9.783506872778636,10
2636371,9.770481056457992,11
2636380,9.822081955546745,9
2636387,9.861812282777763,7
2636398,9.80056389528869,11
2636403,9.906759228315098,5
2636408,9.906189860455187,5
2636412,9.9461047335893,4
2636419,9.775752815377414,7
2636420,10.0,1
2636426,9.900094342971986,6
2636435,9.819325744836023,9
2636464,9.213449513317226,29
2636476,9.77447780272905,12
2636485,9.826018865743967,9
2636489,9.946483643262267,4
2636493,9.926128454640335,4
2636499,9.878885809346535,6
2636506,9.884045752555105,7
2636509,9.959951783573318,3
2636515,9.899863694508968,6
2636528,9.740018583630155,13
2636538,9.799422536040659,10
2636550,9.738813781579342,12
2636557,9.779099556058227,7
2636561,9.946895264607095,4
2636569,9.865834682445152,8
2636577,9.845200068665699,8
2636578,10.0,1
2636585,9.870634344648744,7
2636596,9.749224158002487,11
2636597,10.0,1
2636605,9.85660689421219,8
2636617,9.789429601806912,12
2636621,9.944600395989136,4
2636623,9.97678883326746,2
2636637,9.699162441008651,14
2636648,9.770610611334527,11
2636660,9.806672976917403,12
2636671,9.78689072240384,11
2636680,9.714575309078153,9
2636684,9.94903262508202,4
2636690,9.891988701479265,6
2636701,9.75452946141197,11
2636702,10.0,1
2636710,9.855794227953439,8
2636714,9.934360738409081,4
2636720,9.904443252945512,6
2636737,9.64785312494246,17
2636744,9.890460031423835,7
2636756,9.751966544955911,12
2636766,9.780854843752605,10
2636772,9.921617364859774,6
2636777,9.907150006748314,5
2636784,9.848685910078908,7
2636795,9.807967589231716,11
2636826,9.248422788897539,31
2636827,10.0,1
2636838,9.762512749382601,11
2636847,9.81716148597743,9
2636856,9.849614163515566,9
2636857,10.0,1
2636871,9.664682233950497,14
2636879,9.848371134747046,8
2636882,9.962506943833889,3
2636890,9.866643358395999,8
2636904,9.680985960968108,14
2636909,9.921353176941876,5
2636923,9.678597666898254,14
2636924,10.0,1
2636934,9.807675202256974,10
2636940,9.914137370543497,6
2636949,9.830152040403851,9
2636961,9.74507214958533,12
2636977,9.605484241228122,16
2636988,9.771683198063432,11
2636999,9.802541458395323,11
2637013,9.70561449276498,14
2637025,9.749182189457484,12
2637031,9.91758428834657,6
2637032,10.0,1
2637038,9.884231704299125,6
2637044,9.903379138374676,6
2637050,9.88241860086536,6
2637056,9.886290449484529,6
2637061,9.9300174009047,5
2637065,9.945979415480029,4
2637074,9.837317663467806,9
2637075,10.0,1
2637089,9.708510027727437,14
2637099,9.791056145594563,10
2637116,9.608624363004763,17
2637123,9.871026239395254,7
2637138,9.3419468584335,15
2637151,9.69110276654799,13
2637158,9.883671677041884,7
2637174,9.641020078269971,16
2637179,9.91908670288914,5
2637187,9.854426766244712,8
2637188,10.0,1
2637193,9.909583268665372,5
2637206,9.68848748253792,13
2637216,9.776030064680718,10
2637230,9.66523330760277,14
2637246,9.640403875033348,16
2637263,9.635428632249818,17
2637273,9.79788945543332,10
2637284,9.77621271078897,11
2637292,9.842954543257308,8
2637297,9.920904255292927,5
2637307,9.810192706767705,10
2637319,9.726373639388305,12
2637328,9.838362467703572,9
2637329,10.0,1
2637334,9.906776581456281,5
2637336,9.972915507395266,2
2637350,9.69512325659787,14
2637358,9.846688011782522,8
2637364,9.885259536505016,6
2637379,9.64901966540851,15
2637395,9.634639974448245,16
2637403,9.855376260839469,8
2637414,9.750948686788636,11
2637422,9.84879518604628,8
2637432,9.797635619964817,10
2637433,10.0,1
2637434,10.0,1
2637448,9.672867604302395,14
2637459,9.796996342988312,11
2637472,9.744623275039885,13
2637481,9.840879633647125,9
2637488,9.871220623867263,7
2637498,9.814829221641705,10
2637516,9.547043136849583,18
2637526,9.811256778222306,10
2637530,9.938538461974824,4
2637547,9.61961173054535,17
2637553,9.899985197313681,6
2637561,9.864921938327928,8
2637579,9.584590686019823,18
2637586,9.871773551265452,7
2637596,9.79962983598262,10
2637605,9.829764637620013,9
2637606,10.0,1
2637614,9.855599355010108,8
2637620,9.868737852280184,6
2637632,9.742856275205622,12
2637641,9.85772392034996,9
2637647,9.904689254485177,6
2637654,9.88922171819706,7
2637660,9.873838741081748,6
2637665,9.908220345720542,5
2637675,9.791785553639022,10
2637686,9.772429856372643,11
2637690,9.94695893364362,4
2637697,9.870337674955339,7
2637707,9.780708606783627,10
2637712,9.921165569068778,5
2637721,9.810599404527444,9
2637733,9.729728427302888,12
2637736,9.959447565511319,3
2637741,9.920805590456082,5
2637754,9.711177692059099,13
2637762,9.850512807299731,8
2637764,9.983625358802513,2
2637771,9.870833561285226,7
2637785,9.696378051456879,14
2637796,9.674047050985802,11
2637811,9.566489845212423,15
2637824,9.502676474689322,13
2637825,10.0,1
2637834,9.80565361542291,9
2637836,9.98119941070816,2
2637850,9.600551360862308,14
2637858,9.824833772993093,8
2637870,9.746553570959536,12
2637877,9.868648726848054,7
2637883,9.887150556496678,6
2637887,9.946363047896071,4
2637895,9.86216082646432,8
2637896,10.0,1
2637903,9.840664380461268,7
2637909,9.903384579959045,6
2637910,10.0,1
2637928,9.58932576560806,18
2637929,10.0,1
2637939,9.79272578635086,10
2637956,9.676701187148202,17
2637968,9.736883543586984,12
2637974,9.92062778640319,6
2637984,9.778256596964315,10
2637989,9.91294580369504,5
2637997,9.833360740148681,8
2638011,9.675586254809003,14
2638015,9.940680172857137,4
2638018,9.961758644235498,3
2638025,9.866338526443998,7
2638047,9.516076625313218,22
2638053,9.885481603393067,6
2638056,9.964245223453112,3
2638071,9.688610970837551,15
2638077,9.890348921462635,6
2638087,9.766791621511286,10
2638093,9.904017665665988,6
2638109,9.63776860333379,16
2638111,9.980403843828395,2
2638117,9.887238605355556,6
2638138,9.53853986615558,21
2638143,9.911057785380578,5
2638149,9.891426383748568,6
2638155,9.875517021892227,6
2638165,9.78413512592348,10
2638166,10.0,1
2638177,9.758108482594798,11
2638184,9.866132941055406,7
2638190,9.885123375160152,6
2638197,9.872910132234905,7
2638208,9.568661050181781,11
2638218,9.801599099503925,10
2638227,9.860399278829217,9
2638228,9.987895195032209,1
2638238,9.818062267172005,10
2638244,9.891603116530515,6
2638255,9.776450091412132,11
2638256,10.0,1
2638264,9.823460237823543,8
2638272,9.843618835261365,8
2638273,10.0,1
2638283,9.810893457703932,10
2638291,9.858648152932485,8
2638302,9.757045226039354,11
2638303,9.99598494933308,1
2638305,9.982405347693655,2
2638316,9.769807370163019,11
2638326,9.786862646100571,10
2638333,9.849123410488524,7
2638338,9.91441980054631,5
2638349,9.774554243905879,11
2638360,9.779211782742838,11
2638368,9.84396625089588,8
2638372,9.94850612728252,4
2638382,9.702261877924746,10
2638383,9.9888556366216,1
2638393,9.784947936148253,10
2638395,9.98376432055712,2
2638396,9.99613736910512,1
2638397,10.0,1
2638414,9.619642031954008,17
2638418,9.73444128641279,4
2638428,9.79282931162731,10
2638435,9.87117172429031,7
2638438,9.951340607625575,3
2638443,9.926713724225415,5
2638448,9.924265891967753,5
2638461,9.714187653512688,13
2638478,9.643729221884398,17
2638489,9.759258280296363,11
2638495,9.917501813253871,6
2638506,9.767995737210859,11
2638510,9.948159708716501,4
2638515,9.91783361258167,5
2638527,9.721493563099864,12
2638531,9.952210071234498,4
2638553,9.571899392262617,22
2638565,9.73986069522009,12
2638578,9.764887335083856,13
2638665,7.20291693525334,87
2638676,9.764446679369078,11
2638685,9.840088222771817,9
2638695,9.823442465205119,10
2638713,9.557708315710345,18
2638722,9.708305747216826,9
2638736,9.700724969755857,14
2638742,9.901905448811162,6
2638745,9.971922068535774,3
2638747,9.981080397654761,2
2638759,9.729732487526881,12
2638768,9.809432742975723,9
2638769,10.0,1
2638786,9.604885786051126,17
2638795,9.795784268211024,9
2638806,9.760725000994087,11
2638808,9.981947799496,2
2638812,9.94334195635737,4
2638823,9.765649118641496,11
2638829,9.908099325960977,6
2638841,9.753035343352881,12
2638844,9.9596075918762,3
2638856,9.717047975933639,12
2638865,9.81680375677503,9
2638870,9.923383972478579,5
2638878,9.870218762802166,8
2638883,9.922432052343375,5
2638897,9.66023365852342,14
2638907,9.765032409208397,10
2638918,9.798776264868822,11
2638928,9.809154697365972,10
2638929,10.0,1
2638935,9.886357860697382,6
2638939,9.922477137037319,4
2638949,9.774111178433449,10
2638955,9.868593432885373,6
2638962,9.881114313538276,7
2638963,10.0,1
2638978,9.688735302740644,15
2638979,10.0,1
2638982,9.945857335636045,3
2638987,9.911168222967865,5
2639005,9.5547798009939,18
2639018,9.714624617169639,13
2639027,9.821604698262625,9
2639028,10.0,1
2639038,9.794474769101038,10
2639044,9.903160702726819,6
2639058,9.670186313274144,14
2639060,9.981000607446484,2
2639075,9.672564708937278,15
2639087,9.742359490765375,12
2639096,9.811963561264864,9
2639107,9.757986181678465,11
2639121,9.67575065580677,14
2639130,9.818707113316721,9
2639138,9.373443105473607,8
2639144,9.891628016475241,6
2639157,9.65301470337378,13
2639167,9.811325373126833,10
2639175,9.832401293675364,8
2639220,8.350650125126025,45
2639225,9.930689331700528,5
2639238,9.686462450621024,13
2639250,9.747377821195933,12
2639255,9.917737262454393,5
2639266,9.68571498457633,11
2639275,9.828773756024344,9
2639289,9.710530724695195,14
2639297,9.852778329230436,8
2639310,9.71799222633366,13
2639319,9.823352416521086,9
2639332,9.719609425945592,13
2639344,9.753807161303143,12
2639360,9.644886936108842,16
2639364,9.947092069774735,4
2639371,9.856251649273759,7
2639375,9.922918549262738,4
2639387,9.727377958653172,12
2639403,9.607520118303693,16
2639409,9.891188102636956,6
2639414,9.900857192774724,5
2639423,9.827020367325039,9
2639431,9.851015449383711,8
2639442,9.803990157402557,11
2639443,10.0,1
2639444,10.0,1
2639450,9.886986606525346,6
2639453,9.955195232568954,3
2639456,9.960457994254458,3
2639467,9.779230297796438,11
2639470,9.960317410601402,3
2639483,9.446589725180033,13
2639489,9.888101425717911,6
2639496,9.864664228390676,7
2639515,9.619943289596478,19
2639523,9.858683739438037,8
2639534,9.764788224305683,11
2639542,9.855386133294978,8
2639543,9.988363518036245,1
2639549,9.889217154554379,6
2639556,9.862964784335789,7
2639564,9.837679978581278,8
2639568,9.929500051413532,4
2639580,9.717189856256269,12
2639588,9.878058703483335,8
2639599,9.776300480371672,11
2639613,9.73563867688958,14
2639627,9.668718739734286,14
2639644,9.632212662046275,17
2639648,9.930699549883643,4
2639658,9.78061617326458,10
2639665,9.859986182325663,7
2639666,10.0,1
2639675,9.809092485131288,9
2639694,9.528322653220195,19
2639699,9.936537055537102,5
2639710,9.766104695178576,11
2639717,9.853708591799428,7
2639730,9.701033235785326,13
2639735,9.920321478228079,5
2639744,9.830187388949954,9
2639755,9.791950113116883,11
2639764,9.810090920745397,9
2639810,9.12137231703104,46
2639825,9.674577446462777,15
2639831,9.910045557848857,6
2639839,9.854039835504341,8
2639847,9.87320112018824,8
2639855,9.834349622861167,8
2639867,9.728157674335852,12
2639872,9.920140384191704,5
2639887,9.651574622490267,15
2639893,9.90489476535693,6
2639901,9.869178241652675,8
2639906,9.917265650600337,5
2639913,9.87422839129639,7
2639922,9.819263213749599,9
2639930,9.84690259504418,8
2639942,9.767413303303345,12
2639943,10.0,1
2639959,9.62389341489855,16
2639972,9.722666102643164,13
2639983,9.755201738354407,11
2639992,9.804453965477036,9
2639997,9.924757634187372,5
2639999,9.984796362034098,2
2640035,9.022015272013048,36
2640043,9.832219927282935,8
2640048,9.92662375543154,5
2640055,9.876773830430343,7
2640056,10.0,1
2640063,9.873093273729356,7
2640074,9.809121175286284,11
2640075,10.0,1
2640085,9.800830124670005,10
2640101,9.628952627030955,16
2640109,9.851372390915301,8
2640111,9.972532555938795,2
2640144,9.37591754280237,33
2640163,9.536005662476159,19
2640168,9.897741462997681,5
2640185,9.658075383819847,17
2640198,9.738723037780245,13
2640205,9.876667852844319,7
2640220,9.65518119910051,15
2640229,9.806619770818003,9
2640235,9.884684655991276,6
2640253,9.664915083559643,18
2640257,9.936159195859844,4
2640265,9.85342865075703,8
2640273,9.866370287595947,8
2640282,9.79114493999218,9
2640290,9.842010077653713,8
2640300,9.782581506017884,10
2640315,9.58795941877439,15
2640317,9.982435459499134,2
2640322,9.907511662853134,5
2640336,9.576137439811015,14
2640346,9.85428758555724,10
2640347,10.0,1
2640364,9.551870517112588,17
2640374,9.842087488356173,10
2640386,9.629170668402747,12
2640390,9.932019709559736,4
2640398,9.847653173320227,8
2640410,9.727091519978707,12
2640425,9.643408348912741,15
2640438,9.636918808833485,13
2640450,9.726019290011074,12
2640459,9.831959545836968,9
2640460,10.0,1
2640461,10.0,1
2640472,9.793963411667375,11
2640475,9.959930080571345,3
2640488,9.733705887381424,13
2640501,9.714222244202476,13
2640514,9.752421024718746,13
2640522,9.850235814654486,8
2640531,9.812265873649345,9
2640542,9.775546034605073,11
2640561,9.542815841395358,19
2640577,9.64522682498266,16
2640585,9.815420144067346,8
2640586,10.0,1
2640598,9.492215623179712,12
2640619,9.464372598890986,21
2640627,9.870765943505681,8
2640639,9.786721436664749,12
2640647,9.813320113283732,8
2640648,10.0,1
2640661,9.718817674003324,13
2640671,9.78016581826919,10
2640676,9.928547570992539,5
2640690,9.70724652051589,14
2640697,9.889187890595718,7
2640714,9.596073387601924,17
2640720,9.88165369368177,6
2640730,9.769229598980125,10
2640742,9.734942693913274,12
2640757,9.731118880822548,15
2640771,9.690914451659033,14
2640784,9.739388100904497,13
2640791,9.877679229383839,7
2640799,9.83850070809441,8
2640806,9.872512649447613,7
2640811,9.921138607063977,5
2640826,9.640497394560741,15
2640827,10.0,1
2640839,9.73169258292793,12
2640842,9.9538111026721,3
2640846,9.948066804983242,4
2640847,10.0,1
2640860,9.730708413628106,13
2640861,9.988815910961009,1
2640872,9.765105490076612,11
2640873,10.0,1
2640885,9.747588367087019,12
2640896,9.750161495489229,11
2640908,9.712784321872656,12
2640909,10.0,1
2640914,9.914110128506469,5
2640915,9.988931748730051,1
2640928,9.727788982327167,13
2640938,9.79173523520405,10
2640944,9.921176908554884,6
2640959,9.654760062357719,15
2640966,9.856772932302224,7
2640982,9.631730102072094,16
2640997,9.376542954364982,15
2641017,9.546729026164192,20
2641024,9.894621589638353,7
2641025,10.0,1
2641034,9.84299061239467,9
2641037,9.964102287384403,3
2641038,10.0,1
2641047,9.80882267336153,9
2641057,9.817708491023886,10
2641077,9.60388512845754,20
2641080,9.969866550495176,3
2641086,9.902313540748183,6
2641092,9.884452422978912,6
2641103,9.73453784390837,11
2641109,9.89171844653435,6
2641123,9.701817567532192,14
2641144,9.599354201574304,21
2641153,9.801138256718355,9
2641157,9.926877207711998,4
2641177,9.492674428335011,20
2641189,9.730123706818238,12
2641192,9.96408223230425,3
2641201,9.826280151025,9
2641207,9.89274391280797,6
2641224,9.153075258668288,17
2641238,9.681269403340208,14
2641250,9.722078960880275,12
2641257,9.855297229365723,7
2641272,9.46625492082384,15
2641281,9.81760588217451,9
2641287,9.895610186098295,6
2641291,9.925224649277364,4
2641301,9.805690825237349,10
2641312,9.781173051964648,11
2641315,9.95287255746866,3
2641325,9.76877735288995,10
2641335,9.790650769196565,10
2641341,9.90691521706934,6
2641350,9.8401719284563,9
2641351,10.0,1
2641361,9.7851028385633,10
2641369,9.828547677362302,8
2641375,9.907051338070737,6
2641378,9.950206549596988,3
2641398,9.633206712736111,20
2641412,9.693786794462827,14
2641415,9.963094374683491,3
2641427,9.740465742502458,12
2641437,9.793671267898752,10
2641441,9.928359203459573,4
2641448,9.896958076464443,7
2641462,9.689840285068229,14
2641472,9.811003668484288,10
2641473,10.0,1
2641484,9.767601763528733,11
2641497,9.696243208557023,13
2641506,9.82281935106099,9
2641521,9.624788241046758,15
2641531,9.785696470682854,10
2641536,9.926907899056628,5
2641543,9.884783098741604,7
2641544,10.0,1
2641554,9.788205084789457,10
2641558,9.936523924736019,4
2641569,9.744172717058827,11
2641579,9.784159702579359,10
2641594,9.709493469825686,15
2641598,9.938626810984118,4
2641602,9.94231766429293,4
2641609,9.848496970181676,7
2641613,9.946316604018042,4
2641616,9.953086074620094,3
2641623,9.856172626924554,7
2641638,9.685954256501951,15
2641654,9.690657997371352,16
2641659,9.908837653728652,5
2641665,9.885059892046554,6
2641670,9.923129325931534,5
2641679,9.831601605221667,9
2641693,9.690646342256594,14
2641696,9.950479826114503,3
2641709,9.584828042784194,13
2641714,9.931601814255522,5
2641725,9.816807400764132,11
2641739,9.705718331929223,14
2641743,9.841718240406177,4
2641751,9.857348027217846,8
2641771,9.527236995677603,20
2641777,9.909367147700689,6
2641793,9.622931702058164,16
2641806,9.760382104347487,13
2641812,9.899200894060792,6
2641820,9.822546141972406,8
2641821,10.0,1
2641825,9.933900375055668,4
2641832,9.868305288664256,7
2641833,10.0,1
2641836,9.668692034464888,3
2641845,9.727042064262227,9
2641848,9.969459594091548,3
2641857,9.822721823746233,9
2641869,9.76977148496241,12
2641871,9.981074402983557,2
2641885,9.689562751492577,14
2641892,9.87816778153376,7
2641901,9.810596903250737,9
2641914,9.700639148543507,13
2641924,9.81266570675209,10
2641938,9.73061953666285,14
2641947,9.809538123565549,9
2641953,9.884824003664194,6
2641954,10.0,1
2641965,9.763871679447284,11
2641976,9.789687552662949,11
2641986,9.778025144345971,10
2641998,9.764009912552426,12
2642002,9.935170952620052,4
2642009,9.852038005726499,7
2642014,9.915540564695243,5
2642025,9.750925268572342,11
2642028,9.954854413315719,3
2642031,9.952176572747177,3
2642038,9.885104254175225,7
2642056,9.669633576306028,18
2642067,9.763069211136811,11
2642072,9.917252617291686,5
2642089,9.606683512279043,17
2642091,9.973630944684164,2
2642116,9.434903839173323,25
2642121,9.92572911542355,5
2642132,9.767519529669517,11
2642141,9.850532260118092,9
2642148,9.874265047104457,7
2642163,9.693133117218322,15
2642170,9.877037813944593,7
2642184,9.681131546818728,14
2642200,9.683958737255388,16
2642204,9.941147117580135,4
2642218,9.739815496516092,14
2642221,9.954776223037689,3
2642227,9.888481881440192,6
2642237,9.81305008240295,10
2642240,9.95386739670764,3
2642250,9.780882853131583,10
2642254,9.939230237149435,4
2642255,10.0,1
2642266,9.762840642581834,11
2642274,9.851268266119146,8
2642279,9.90427365365125,5
2642284,9.925690345400795,5
2642289,9.927677083152615,5
2642294,9.925436654711037,5
2642298,9.942936812183849,4
2642308,9.804152629549744,10
2642314,9.90037668933733,6
2642326,9.726389133349114,12
2642327,10.0,1
2642343,9.355849203412205,16
2642373,9.421575425160574,30
2642374,10.0,1
2642379,9.903926613404298,5
2642388,9.824193090315022,9
2642397,9.806914287890597,9
2642403,9.886030545699347,6
2642411,9.842773790821914,8
2642415,9.944918374350776,4
2642421,9.88993780312918,6
2642439,9.601396699391373,18
2642440,10.0,1
2642458,9.641406464171048,18
2642469,9.763672345213719,11
2642482,9.749416761342475,13
2642486,9.931260227770274,4
2642491,9.899531174856826,5
2642505,9.685861406548899,14
2642510,9.899916009169418,5
2642518,9.84113217857718,8
2642530,9.75214369632484,12
2642542,9.739217023541645,12
2642550,9.82395817575394,8
2642555,9.904514098556698,5
2642556,10.0,1
2642564,9.835683462145104,8
2642565,10.0,1
2642585,9.533066863571854,20
2642597,9.722713963234451,12
2642598,10.0,1
2642607,9.820877544885299,9
2642624,9.598582293625865,17
2642633,9.814321997290271,9
2642636,9.95246062177827,3
2642637,10.0,1
2642642,9.913454242640123,5
2642654,9.761083472487522,12
2642663,9.832841354462158,9
2642672,9.842707351659861,9
2642684,9.777088295565656,12
2642701,9.578989821828058,17
2642710,9.823741355976807,9
2642720,9.776780225261447,10
2642727,9.863865324756626,7
2642731,9.936772125771396,4
2642740,9.834886531379318,9
2642757,9.51552287056642,17
2642765,9.833719046184317,8
2642771,9.894510560204374,6
2642781,9.81299572927054,10
2642788,9.875210533009739,7
2642799,9.765324235485846,11
2642814,9.676433406082786,15
2642820,9.896892481026915,6
2642824,9.93623773094994,4
2642832,9.834647791236408,8
2642841,9.821473449764571,9
2642851,9.834600529376951,10
2642867,9.641663106194722,16
2642874,9.876909617090973,7
2642882,9.880094615214274,8
2642884,9.97011824767415,2
2642890,9.902169346887717,6
2642898,9.85667942517615,8
2642911,9.745047928158217,13
2642917,9.892539154615378,6
2642927,9.783260679072622,10
2642928,10.0,1
2642938,9.79799677326481,10
2642947,9.816642871173903,9
2642948,10.0,1
2642958,9.372095626147225,10
2642971,9.698777264528655,13
2642972,10.0,1
2642986,9.395744517878468,14
2642990,9.932219184919479,4
2643002,9.736572753441454,12
2643003,10.0,1
2643004,10.0,1
2643013,9.801174847112788,9
2643014,10.0,1
2643023,9.804248928913053,9
2643026,9.962772973506596,3
2643031,9.912989445071233,5
2643035,9.94010914695254,4
2643036,10.0,1
2643050,9.675597545850371,14
2643090,9.08955163647411,40
2643099,9.819999105146769,9
2643116,9.612751809055451,17
2643123,9.869487686804726,7
2643132,9.81983943435334,9
2643150,9.615162812527334,18
2643164,9.686458349592241,14
2643176,9.753151514137862,12
2643190,9.696080685724173,14
2643191,10.0,1
2643198,9.873243938778328,7
2643209,9.756776090402843,11
2643218,9.799526127222093,9
2643226,9.87238721617388,8
2643248,9.48920795247043,22
2643257,9.803423964340265,9
2643258,10.0,1
2643268,9.807866477341975,10
2643272,9.94261613428412,4
2643284,9.790579323125359,12
2643294,9.794135731407582,10
2643299,9.921932645506837,5
2643304,9.929436247190614,5
2643314,9.7938188734224,10
2643331,9.550052524873585,17
2643333,9.979684097553582,2
2643339,9.913579818375295,6
2643343,9.944142377000958,4
2643362,9.596324964893256,19
2643368,9.893465898663054,6
2643383,9.722109287965006,15
2643393,9.784854852264763,10
2643399,9.8960757583479,6
2643418,9.519336604250048,19
2643422,9.93649810896824,4
2643427,9.906818292568698,5
2643434,9.88834905396269,7
2643435,9.992882561257403,1
2643445,9.788689707293875,10
2643453,9.857151044473936,8
2643468,9.67759273738648,15
2643469,10.0,1
2643475,9.882264735712667,6
2643476,10.0,1
2643477,10.0,1
2643489,9.720505799150077,12
2643490,10.0,1
2643506,9.647593014561235,16
2643524,9.600719257332742,18
2643534,9.796332622771606,10
2643547,9.69595462225314,13
2643553,9.910192148465262,6
2643561,9.847283373375477,8
2643572,9.776966819042919,11
2643578,9.897221344086233,6
2643593,9.662861362923161,15
2643600,9.886049092102029,7
2643605,9.91224115356391,5
2643613,9.836125839081541,8
2643622,9.314015446223012,9
2643636,9.693100755679339,14
2643644,9.827769907557787,8
2643650,9.894498669812508,6
2643651,10.0,1
2643666,9.675245945489426,15
2643670,9.926251757687515,4
2643675,9.910228839467193,5
2643689,9.656346756566895,14
2643701,9.535933926695497,12
2643706,9.930228322350743,5
2643715,9.861989844365741,9
2643727,9.724770406928988,12
2643732,9.925252263937924,5
2643748,9.678549224196717,16
2643755,9.860508061444238,7
2643764,9.847295404325692,9
2643773,9.819994368697921,9
2643778,9.931734750889273,5
2643792,9.697598000894248,14
2643805,9.692541725595339,13
2643819,9.687747480432755,14
2643820,9.996326841875005,1
2643829,9.812165402591914,9
2643843,9.691998392511891,14
2643846,9.966438923505601,3
2643859,9.740435411456318,13
2643875,9.661888604594226,16
2643876,10.0,1
2643885,9.820103108324938,9
2643892,9.878287532038522,7
2643910,9.586121936853338,18
2643926,9.651659452127788,16
2643940,9.69311294318121,14
2643950,9.789087806854033,10
2643956,9.912492198582944,6
2643967,9.743159000299713,11
2643980,9.705251871643453,13
2643992,9.724919601154518,12
2643999,9.863389990978355,7
2644003,9.9416648544283,4
2644004,9.99221688696736,1
2644015,9.756073281306659,11
2644026,9.766754431559145,11
2644027,10.0,1
2644034,9.842890423665603,7
2644045,9.756903718638728,11
2644054,9.801757867723108,9
2644063,9.819179263168465,9
2644073,9.782061225221474,10
2644080,9.858697938913824,7
2644084,9.943000551191677,4
2644085,10.0,1
2644092,9.867782131583931,7
2644096,9.931565931657168,4
2644102,9.894085473672037,6
2644105,9.952082082289607,3
2644106,10.0,1
2644120,9.717914216815267,14
2644121,10.0,1
2644128,9.870311512222353,7
2644141,9.756913919326669,13
2644154,9.69468049263245,13
2644164,9.775201509359837,10
2644171,9.852567470170499,7
2644178,9.887639271789405,7
2644194,9.65145496169888,16
2644198,9.942539005407948,4
2644205,9.882793410006824,7
2644212,9.88496623705109,7
2644221,9.810435703812418,9
2644228,9.891689727245804,7
2644235,9.895297923963538,7
2644237,9.972405730608456,2
2644250,9.741040295877982,13
2644259,9.835543015392656,9
2644264,9.915970763391815,5
2644273,9.806668337092868,9
2644278,9.931228920910536,5
2644288,9.768552550322665,10
2644303,9.640982671992454,15
2644309,9.681601308172446,6
2644311,9.967875436495206,2
2644320,9.817032846694802,9
2644326,9.912086347392544,6
2644340,9.713358437515456,14
2644346,9.872748941971304,6
2644360,9.697997553874515,14
2644370,9.810354099336163,10
2644386,9.67014532970366,16
2644394,9.854453470938765,8
2644396,9.974068290653122,2
2644397,9.993228103246603,1
2644412,9.675643823274815,15
2644427,9.67919689252045,15
2644444,9.60494178315459,17
2644454,9.790537669314912,10
2644464,9.78829576316177,10
2644476,9.71587235421456,12
2644492,9.734656973884114,16
2644500,9.847442336375819,8
2644506,9.906761804895222,6
2644508,9.975507436435468,2
2644517,9.820925814372874,9
2644532,9.626118027568326,15
2644539,9.85067411694447,7
2644545,9.884522568408265,6
2644553,9.86072060030429,8
2644554,9.99303797346152,1
2644555,10.0,1
2644566,9.779133436174497,11
2644577,9.75444365383855,11
2644589,9.714356761572484,12
2644598,9.827594193571123,9
2644615,9.612761600792094,17
2644621,9.898237074641122,6
2644623,9.973242304936042,2
2644633,9.817637499855477,10
2644647,9.611660202811093,14
2644663,9.619018947035324,16
2644676,9.731743981943731,13
2644687,9.749857576484436,11
2644693,9.900181571834905,6
2644698,9.911334444784979,5
2644708,9.832790498087034,10
2644714,9.881832284400621,6
2644727,9.690566313025434,13
2644734,9.87047939582926,7
2644748,9.693448610106493,14
2644762,9.707969601037023,14
2644773,9.752093494281683,11
2644789,9.622842410452764,16
2644802,9.69928767202402,13
2644811,9.74281849241559,9
2644822,9.752565319264093,11
2644830,9.835155125441075,8
2644841,9.769771936301863,11
2644855,9.752697792192318,14
2644860,9.905570795405481,5
2644869,9.79061950192922,9
2644870,10.0,1
2644880,9.80325785318861,10
2644881,10.0,1
2644887,9.874304204864883,6
2644897,9.687083041955693,10
2644898,10.0,1
2644908,9.785809774250101,10
2644916,9.83688115236248,8
2644920,9.932451648350291,4
2644928,9.847162784474698,8
2644944,9.635956139617146,16
2644958,9.670570417717109,14
2644970,9.736243743083532,12
2644974,9.932165708620225,4
2644983,9.819603510238665,9
2644990,9.871300475987226,7
2645003,9.715119151833527,13
2645019,9.650525854106093,16
2645030,9.73513939476812,11
2645042,9.737612441594983,12
2645047,9.904758146752663,5
2645057,9.768162908059352,10
2645058,10.0,1
2645059,10.0,1
2645062,9.966517133469804,3
2645086,9.377336933036412,24
2645096,9.825048458844373,10
2645101,9.906474793066506,5
2645111,9.784977420299715,10
2645118,9.85902645531921,7
2645132,9.486752720065422,14
2645139,9.85738371369151,7
2645149,9.78602280496411,10
2645152,9.951580589443365,3
2645172,9.518093464848885,20
2645185,9.71245188978875,13
2645196,9.764200687466586,11
2645198,9.969717284674092,2
2645213,9.686001882043149,15
2645224,9.750634895274128,11
2645225,9.992119837450673,1
2645235,9.813646795040773,10
2645247,9.79572645378068,12
2645249,9.985096282037114,2
2645258,9.801804388934467,9
2645265,9.863492839849876,7
2645276,9.77725232898752,11
2645289,9.706208162382776,13
2645299,9.794642719454258,10
2645300,10.0,1
2645309,9.805833596661415,9
2645319,9.8217745484322,10
2645334,9.64196680703422,15
2645342,9.851943850682302,8
2645343,9.988061201196082,1
2645349,9.881435767815322,6
2645358,9.792661614692891,9
2645376,9.572563277440809,18
2645384,9.843609681278027,8
2645392,9.851462139124367,8
2645400,9.880081104744217,8
2645410,9.70065598090947,10
2645412,9.973056120369709,2
2645422,9.777512752879929,10
2645427,9.91471223203316,5
2645442,9.167379073113365,15
2645452,9.773396569019377,10
2645455,9.953670716235427,3
2645461,9.890217743545433,6
2645471,9.816520119370363,10
2645477,9.890260209143777,6
2645479,9.970033784482244,2
2645485,9.889534863521497,6
2645492,9.88109282000099,7
2645502,9.794585242676979,10
2645509,9.885174637737997,7
2645519,9.78325045691073,10
2645520,10.0,1
2645526,9.910899015283894,6
2645542,9.650563624719991,16
2645561,9.453700391312472,19
2645567,9.905068679104414,6
2645583,9.631979881520307,16
2645592,9.816891618665561,9
2645606,9.704839174405201,14
2645616,9.801229004046187,10
2645630,9.685434741491736,14
2645638,9.64839610176822,8
2645648,9.772642790743244,10
2645652,9.949096084717848,4
2645653,10.0,1
2645658,9.914686735324251,5
2645664,9.882200907062126,6
2645679,9.67071061155311,15
2645684,9.92314277264987,5
2645693,9.81174275183486,9
2645705,9.771681103633156,12
2645709,9.950954936243667,4
2645723,9.730118033587576,14
2645729,9.88763359074945,6
2645730,10.0,1
2645732,9.977823261772855,2
2645733,10.0,1
2645734,10.0,1
2645736,9.982064081238633,2
2645739,9.964816825565475,3
2645740,10.0,1
2645751,9.815188996911086,11
2645752,9.996679482991327,1
2645762,9.788731007771034,10
2645768,9.893906246218254,6
2645772,9.937783606157565,4
2645788,9.37387878180803,16
2645800,9.743475205357628,12
2645801,10.0,1
2645812,9.776035730068124,11
2645821,9.588919481964103,9
2645830,9.822436527334332,9
2645838,9.847915020476393,8
2645847,9.805744078330987,9
2645864,9.57789340745289,17
2645865,10.0,1
2645881,9.65320745767777,16
2645899,9.491254213745988,18
2645900,10.0,1
2645907,9.875273887561649,7
2645922,9.675515302656219,15
2645923,10.0,1
2645935,9.73532264106749,12
2645936,9.988664214580085,1
2645937,10.0,1
2645940,9.957196297053477,3
2645945,9.928315154533996,5
2645954,9.82055162349121,9
2645964,9.794676725179878,10
2645975,9.80032279644424,11
2645983,9.822365347120025,8
2645993,9.783571596578556,10
2646003,9.78493468874499,10
2646014,9.77276523736902,11
2646025,9.741151502347748,11
2646037,9.742019430813633,12
2646049,9.739895439584508,12
2646050,10.0,1
2646055,9.9289790368459,5
2646059,9.935663823305873,4
2646060,9.992620317999169,1
2646071,9.743778685122932,11
2646079,9.875194577191486,8
2646083,9.948524972563522,4
2646093,9.773980234547757,10
2646099,9.910177526397852,6
2646107,9.854681366369004,8
2646119,9.731274638033666,12
2646120,10.0,1
2646128,9.82607148859647,8
2646142,9.716170142267304,14
2646169,9.382994895746405,27
2646174,9.904181181128346,5
2646182,9.844682756476878,8
2646183,10.0,1
2646201,9.613171330813586,18
2646204,9.961168702622306,3
2646211,9.882905440824546,7
2646218,9.860742659142048,7
2646227,9.82348849357206,9
2646228,10.0,1
2646238,9.775946276180624,10
2646239,10.0,1
2646248,9.828745962199394,9
2646249,9.996315512123129,1
2646255,9.921453673372191,6
2646263,9.87143090951432,8
2646276,9.733289055817803,13
2646291,9.686911550827604,15
2646302,9.768886448391648,11
2646303,10.0,1
2646311,9.842392785111821,8
2646317,9.891383244495723,6
2646323,9.88793421866946,6
2646330,9.873920270471277,7
2646341,9.780391195111685,11
2646342,10.0,1
2646345,9.96157305485535,3
2646357,9.71787821706776,12
2646358,10.0,1
2646368,9.816990767715096,10
2646378,9.830335724753157,10
2646380,9.980471168073972,2
2646391,9.770701025130542,11
2646401,9.797818120185179,10
2646402,10.0,1
2646404,9.974469900932187,2
2646414,9.787062250969923,10
2646420,9.898737032314079,6
2646430,9.833115099997908,10
2646440,9.82678660168374,10
2646446,9.883322221957755,6
2646450,9.929419618695727,4
2646460,9.79229748040127,10
2646466,9.891954371718679,6
2646476,9.782534790811027,10
2646483,9.85670840890473,7
2646484,10.0,1
2646494,9.801249379216221,10
2646501,9.872931471228556,7
2646513,9.504160987590048,12
2646523,9.775372883937976,10
2646527,9.944077437927028,4
2646529,9.981497360589167,2
2646540,9.745195337180302,11
2646555,9.639678956694167,15
2646565,9.808887298671786,10
2646575,9.794841350330504,10
2646587,9.75336131053702,12
2646590,9.960005547004336,3
2646602,9.715902564665205,12
2646611,9.808406494353024,9
2646612,10.0,1
2646625,9.716981214249296,13
2646638,9.602924575284852,13
2646639,10.0,1
2646642,9.966195178814145,3
2646648,9.891928780941864,6
2646669,9.553683078102521,21
2646670,10.0,1
2646683,9.551033709282155,13
2646701,9.651407229460522,18
2646706,9.900640101086475,5
2646720,9.720113234246911,14
2646730,9.826393523416595,10
2646738,9.846735115361042,8
2646745,9.869085953517718,7
2646753,9.857644974921664,8
2646756,9.950832806828632,3
2646773,9.58056488784177,17
2646776,9.96997744232119,3
2646784,9.840191891710129,8
2646790,9.897405077031971,6
2646795,9.927347566866148,5
2646803,9.861806533922904,8
2646809,9.887803165999195,6
2646821,9.72342902644223,12
2646831,9.769019198402349,10
2646834,9.85138983922545,3
2646843,9.812478784483716,9
2646854,9.810313739390674,11
2646855,10.0,1
2646856,10.0,1
2646857,10.0,1
2646863,9.8834886073871,6
2646865,9.968456998915544,2
2646872,9.857855121736034,7
2646873,10.0,1
2646881,9.858446985972053,8
2646890,9.841265243382884,9
2646894,9.92018905632688,4
2646898,9.935144350024824,4
2646901,9.964410153787032,3
2646906,9.917234636794182,5
2646915,9.841672912543546,9
2646918,9.952328838710503,3
2646931,9.732874530636996,13
2646942,9.801292263951858,11
2646953,9.778989137897636,11
2646955,9.97079370039474,2
2646964,9.828159559903916,9
2646978,9.677749675074937,14
2646983,9.903033388259697,5
2646995,9.774996842422974,12
2646996,10.0,1
2647004,9.864209256167586,8
2647013,9.829150017087734,9
2647018,9.917913616549852,5
2647028,9.775262951996798,10
2647029,9.993210242010594,1
2647042,9.716881666045147,13
2647052,9.799157005220888,10
2647072,9.645246013757033,20
2647088,9.642151735627806,16
2647097,9.789196934017452,9
2647103,9.897641779154105,6
2647118,9.678108343657309,15
2647123,9.91132043998259,5
2647131,9.860991191010932,8
2647141,9.811674912164895,10
2647150,9.826087157724888,9
2647154,9.938221559838873,4
2647169,9.739512507602791,15
2647178,9.834334689674872,9
2647183,9.915913571521475,5
2647189,9.897058147523046,6
2647197,9.858480136300798,8
2647198,10.0,1
2647207,9.830967645720765,9
2647214,9.866434168192676,7
2647225,9.765114520176116,11
2647234,9.796136443851193,9
2647251,9.591544159517172,17
2647267,9.650322635529653,16
2647274,9.863592641025997,7
2647288,9.692991875013048,14
2647298,9.795289892076665,10
2647310,9.711359050970739,12
2647321,9.785992782605241,11
2647333,9.717349955663911,12
2647334,10.0,1
2647341,9.853113135789636,7
2647351,9.788905534758802,10
2647357,9.899155206227324,6
2647358,10.0,1
2647368,9.79526913352675,10
2647384,9.611179325611518,16
2647397,9.745324739065449,13
2647406,9.832750402643214,9
2647411,9.92477753082863,5
2647417,9.889381276423974,6
2647425,9.851575892875163,8
2647434,9.8604837740929,9
2647448,9.718386569060963,14
2647462,9.703283433661676,14
2647473,9.782710369767212,11
2647485,9.73709116687779,12
2647502,9.613133284250836,17
2647527,9.421307292576905,25
2647533,9.878333688372063,6
2647534,10.0,1
2647539,9.926338854239384,5
2647553,9.728867899394706,14
2647569,9.712378913665992,16
2647582,9.733070059149409,13
2647599,9.524107144660814,17
2647605,9.894282321840727,6
2647606,10.0,1
2647622,9.503724491764029,16
2647641,9.611589567894201,19
2647655,9.768755980350807,14
2647672,9.60805422472682,17
2647685,9.723245005299356,13
2647694,9.815798954138016,9
2647700,9.892693263204809,6
2647701,10.0,1
2647706,9.91155300028659,5
2647712,9.90828227113787,6
2647721,9.720717253111014,9
2647725,9.93653452013831,4
2647726,10.0,1
2647739,9.593207943517806,13
2647747,9.839656852118646,8
2647760,9.73074791128799,13
2647764,9.927092802952085,4
2647771,9.893533568157448,7
2647782,9.780975027370873,11
2647789,9.882703184868356,7
2647797,9.857073236087244,8
2647814,9.63032760169563,17
2647819,9.908495966728651,5
2647826,9.869256606218542,7
2647836,9.781978976456923,10
2647848,9.762508037109969,12
2647859,9.785262869656272,11
2647864,9.919305328188845,5
2647869,9.919071611868247,5
2647878,9.810156398249509,9
2647882,9.938981178574435,4
2647896,9.714271046986482,14
2647897,9.991755660696555,1
2647908,9.80288658974477,11
2647910,9.88021539396436,2
2647920,9.467878041005013,10
2647921,10.0,1
2647933,9.751740996383292,12
2647938,9.917692222929354,5
2647946,9.869684453177571,8
2647954,9.86987581130018,8
2647957,9.956342075668314,3
2648020,8.73963924068844,63
2648028,9.86369063680387,8
2648039,9.769349977628544,11
2648049,9.765777436492057,10
2648064,9.689994699850724,15
2648068,9.93846312514946,4
2648075,9.870067737078186,7
2648088,9.75113185561506,13
2648100,9.641337639268416,12
2648113,9.75702266687399,13
2648118,9.910953854470087,5
2648128,9.777618207281842,10
2648129,10.0,1
2648143,9.720384068138323,14
2648154,9.760826811562193,11
2648162,9.8265671438331,8
2648163,10.0,1
2648173,9.806178482055177,10
2648184,9.775074769091532,11
2648192,9.86211559042687,8
2648203,9.774734605483099,11
2648210,9.888047621276604,7
2648214,9.92702981078908,4
2648222,9.835410132868,8
2648226,9.926458477426662,4
2648231,9.911762342514583,5
2648235,9.931377452948968,4
2648249,9.675554638797836,14
2648256,9.865767587894958,7
2648268,9.79690623111877,12
2648277,9.806089235371537,9
2648288,9.781759335113975,11
2648301,9.71145022793556,13
2648313,9.772860939167915,12
2648316,9.95764167651665,3
2648322,9.894951283689132,6
2648328,9.907541911435377,6
2648329,9.990064483120454,1
2648332,9.96747189224991,3
2648335,9.963843073750411,3
2648348,9.730394631009753,13
2648353,9.919375040142864,5
2648357,9.939844486441316,4
2648363,9.904594339222568,6
2648370,9.879521366333961,7
2648376,9.877544384711845,6
2648386,9.8036821830453,10
2648392,9.913129577671869,6
2648398,9.898884180467483,6
2648403,9.916507157890335,5
2648412,9.814813675977705,9
2648424,9.54096106970721,12
2648435,9.756794073675726,11
2648454,9.629352903770675,19
2648462,9.869803117161275,8
2648473,9.781125653082169,11
2648474,9.996093336018136,1
2648489,9.649592726903755,15
2648495,9.874637401783694,6
2648499,9.923391734684882,4
2648507,9.882984006616436,8
2648519,9.723736015372081,12
2648528,9.809232154408976,9
2648542,9.682385245126504,14
2648554,9.739790757203277,12
2648565,9.765274836072713,11
2648568,9.955943207530648,3
2648569,10.0,1
2648577,9.851167832097431,8
2648580,9.957554735572067,3
2648593,9.706336015800458,13
2648597,9.938338713970648,4
2648611,9.690194037690414,14
2648620,9.816488708761774,9
2648629,9.828475598594542,9
2648637,9.857236002895863,8
2648651,9.710959416427533,14
2648655,9.932560497263458,4
2648666,9.762082339446993,11
2648679,9.693428400383452,13
2648682,9.960004959795757,3
2648694,9.77053655710247,12
2648709,9.095933170197819,15
2648715,9.882627700272314,6
2648723,9.8469646884945,8
2648732,9.820841939420811,9
2648733,10.0,1
2648736,9.954804476265183,3
2648742,9.904948599622548,6
2648751,9.815595681318074,9
2648761,9.832824296535849,10
2648765,9.930625893837746,4
2648769,9.952182461755001,4
2648784,9.677515924109713,15
2648796,9.766133803891814,12
2648805,9.825054909842445,9
2648812,9.876192013285756,7
2648818,9.87521972966358,6
2648825,9.849571121665761,7
2648829,9.922921187693953,4
2648848,9.614072249603574,19
2648862,9.66190872573176,14
2648874,9.758167012858165,12
2648878,9.945047972071912,4
2648887,9.8229472577744,9
2648897,9.827023192949868,10
2648901,9.935140351699673,4
2648910,9.78881276834819,9
2648921,9.768637851187744,11
2648936,9.698161047582884,15
2648949,9.730444491981798,13
2648959,9.793209059061414,10
2648970,9.750906271291326,11
2648975,9.895090838975129,5
2648989,9.677351781259937,14
2648999,9.80470555124721,10
2649009,9.790096166383218,10
2649019,9.778219569420681,10
2649032,9.748446254971661,13
2649041,9.825068661302327,9
2649057,9.635091786801746,16
2649064,9.892552508169409,7
2649072,9.853664523506794,8
2649089,9.578276910450233,17
2649095,9.884049015113382,6
2649105,9.822268425290531,10
2649112,9.874363558995304,7
2649122,9.800547977266097,10
2649136,9.69661192522805,14
2649137,10.0,1
2649144,9.84760022898381,7
2649151,9.865222891375945,7
2649163,9.780414492862212,12
2649178,9.661244555052345,15
2649179,10.0,1
2649191,9.752241054070506,12
2649200,9.830009059235934,9
2649210,9.802953964201713,10
2649211,10.0,1
2649222,9.778670322174627,11
2649227,9.925245711243896,5
2649230,9.952644383660587,3
2649231,9.98942977917916,1
2649235,9.9352817310257,4
2649236,10.0,1
2649254,9.566002385956324,18
2649266,9.748488916636498,12
2649276,9.81452163734742,10
2649297,9.50689621991074,21
2649311,9.695560104549928,14
2649320,9.820048692425374,9
2649330,9.781890786708507,10
2649338,9.856441361522764,8
2649349,9.776628781171057,11
2649355,9.880954378396002,6
2649369,9.732196301225777,14
2649380,9.779060291606124,11
2649394,9.685023411096168,14
2649404,9.793498549234851,10
2649413,9.822033981731064,9
2649417,9.944238301350278,4
2649419,9.977038807916566,2
2649420,10.0,1
2649429,9.823085602570274,9
2649436,9.873294959909122,7
2649448,9.725887448800968,12
2649460,9.743564988557166,12
2649468,9.841985577823852,8
2649474,9.898845850339484,6
2649478,9.94467756585188,4
2649483,9.922782918299768,5
2649490,9.871582196846742,7
2649506,9.717871158859705,16
2649507,10.0,1
2649508,10.0,1
2649521,9.69144584421801,13
2649522,10.0,1
2649529,9.854736784925498,7
2649537,9.869258911536962,8
2649543,9.881671603749535,6
2649547,9.95291562688472,4
2649548,10.0,1
2649554,9.877487646979972,6
2649560,9.885265759577816,6
2649566,9.90360210803828,6
2649576,9.773609679564283,10
2649583,9.877210348139895,7
2649591,9.851091843993105,8
2649605,9.738010468730458,14
2649608,9.961253645129124,3
2649610,9.984489546511885,2
2649613,9.958138575591377,3
2649622,9.817486737121135,9
2649623,10.0,1
2649634,9.781337518966394,11
2649646,9.729872092089199,12
2649647,10.0,1
2649652,9.910805924683643,5
2649653,10.0,1
2649656,9.962223898178333,3
2649669,9.770548126722494,13
2649680,9.795553440035322,11
2649681,10.0,1
2649687,9.919954596647267,6
2649700,9.745461337189766,13
2649703,9.958591000971227,3
2649712,9.825957147191474,9
2649722,9.797600770118326,10
2649732,9.806035874245183,10
2649736,9.955504130849613,4
2649740,9.941898993545799,4
2649744,9.929247749705077,4
2649747,9.957338589388902,3
2649748,9.996770519289965,1
2649755,9.874635224296716,7
2649761,9.889397318362429,6
2649763,9.97405342606267,2
2649772,9.815720685892783,9
2649773,10.0,1
2649782,9.827197846364994,9
2649792,9.80846791717769,10
2649805,9.720201072179568,13
2649810,9.921700946018754,5
2649811,10.0,1
2649821,9.799079008128343,10
2649827,9.901733234255508,6
2649840,9.611768060786957,13
2649844,9.957290406273884,4
2649848,9.948482447546002,4
2649856,9.851467340190496,8
2649867,9.75379814948797,11
2649872,9.936062254852649,5
2649876,9.94922102087466,4
2649886,9.796207342302974,10
2649908,9.532100965274944,22
2649915,9.86013445313715,7
2649930,9.669500244367287,15
2649939,9.852455150749408,9
2649949,9.795240556658134,10
2649955,9.908955187960611,6
2649969,9.698430667488559,14
2649978,9.83328439809694,9
2649984,9.881175546782593,6
2649994,9.771721360503383,10
2650007,9.710100681573582,13
2650018,9.799111042369551,11
2650021,9.959083723820061,3
2650034,9.757349206778116,13
2650045,9.793900742336158,11
2650065,9.545977600071138,20
2650070,9.907203675291193,5
2650081,9.75475848936057,11
2650089,9.838314610710276,8
2650098,9.826097656788088,9
2650109,9.769900020123032,11
2650111,9.972882602038318,2
2650124,9.7146484688175,13
2650130,9.899350401835331,6
2650138,9.837459485328099,8
2650140,9.971647586786638,2
2650175,9.384245382344401,35
2650181,9.889496464604969,6
2650191,9.804586046988797,10
2650197,9.908749072081118,6
2650216,9.563367180518732,19
2650217,10.0,1
2650232,9.689198922231158,15
2650241,9.79686147382313,9
2650256,9.567131271489938,15
2650268,9.761065379558243,12
2650279,9.770743123764925,11
2650287,9.861452712650378,8
2650298,9.752137762521453,11
2650304,9.89184306989765,6
2650316,9.726394022236462,12
2650322,9.887433539204277,6
2650357,9.397286581772045,35
2650368,9.765584372785918,11
2650372,9.947724998894511,4
2650384,9.800758088821883,12
2650391,9.870019020027817,7
2650392,10.0,1
2650405,9.796306083935606,13
2650415,9.799730549416267,10
2650416,10.0,1
2650422,9.901790617087254,6
2650428,9.90627034096118,6
2650429,10.0,1
2650435,9.906379713072216,6
2650450,9.706277557938211,15
2650465,9.665084515075142,15
2650472,9.895509848329297,7
2650482,9.81077713903989,10
2650492,9.801344642393024,10
2650505,9.707996541251411,13
2650519,9.670485362941855,14
2650520,9.996388631966807,1
2650521,9.996014607745543,1
2650532,9.777770339530873,11
2650540,9.84513322903233,8
2650546,9.903035118878107,6
2650551,9.934715199707082,5
2650562,9.794738824516996,11
2650566,9.937161880524698,4
2650578,9.715951509965292,12
2650586,9.86344279535593,8
2650593,9.890224757155838,7
2650604,9.789066592280601,11
2650605,10.0,1
2650619,9.39248850931163,14
2650625,9.888700386881437,6
2650626,9.992781453596248,1
2650636,9.820411817692364,10
2650649,9.714810193882444,13
2650650,10.0,1
2650659,9.849428544348935,9
2650665,9.889492579850762,6
2650666,10.0,1
2650667,9.996524218006735,1
2650676,9.736594271425119,9
2650682,9.905402117167988,6
2650691,9.80205671990992,9
2650707,9.625659649070839,16
2650718,9.766119827683093,11
2650729,9.76393131017295,11
2650742,9.705652453630115,13
2650745,9.954862146073985,3
2650749,9.937938123651927,4
2650761,9.747903122675629,12
2650764,9.959269256832021,3
2650778,9.693088649287063,14
2650790,9.777760688513233,12
2650799,9.821989324157476,9
2650808,9.837879133829187,9
2650819,9.770397274419189,11
2650837,9.574062779036693,18
2650876,9.253297434206623,39
2650884,9.879999947475362,8
2650890,9.877973269568006,6
2650893,9.951070375835913,3
2650902,9.811340243509804,9
2650910,9.841132514214971,8
2650921,9.76947411836031,11
2650931,9.819937115896895,10
2650941,9.803437646975738,10
2650952,9.784617184483404,11
2650953,9.989188556676787,1
2650960,9.88078936296139,7
2650972,9.763872120335728,12
2650983,9.760650381909588,11
2650994,9.756629873975472,11
2651002,9.843013824591301,8
2651011,9.843987045725514,9
2651016,9.921234025483448,5
2651020,9.941582371346417,4
2651029,9.807270752475546,9
2651036,9.8615760362438,7
2651039,9.966775197414883,3
2651049,9.811303383826719,10
2651057,9.855343424179537,8
2651058,9.996548325560473,1
2651067,9.814339884767561,9
2651071,9.942024338364401,4
2651092,9.541738790973044,21
2651096,9.943571100818152,4
2651103,9.790453587907436,7
2651112,9.852048195216657,9
2651118,9.884050225957468,6
2651124,9.889652951367598,6
2651136,9.744823083700156,12
2651142,9.874363828924373,6
2651152,9.802488859022512,10
2651163,9.74973797835701,11
2651169,9.901926770445797,6
2651170,10.0,1
2651182,9.74336060860193,12
2651200,9.543613169824372,18
2651207,9.673337165629572,7
2651212,9.895376837521502,5
2651221,9.80100823293876,9
2651224,9.964028098822872,3
2651238,9.691876454104134,14
2651247,9.825230221911777,9
2651248,10.0,1
2651249,10.0,1
2651255,9.884611562338998,6
2651258,9.954148471024267,3
2651266,9.831073738070314,8
2651267,10.0,1
2651281,9.68978950930386,14
2651291,9.771857347246584,10
2651296,9.916672080430002,5
2651303,9.87653795582217,7
2651317,9.700316426192193,14
2651330,9.693914854186273,13
2651335,9.924376963962349,5
2651344,9.855179345092317,9
2651362,9.64337791131993,18
2651373,9.780482186833332,11
2651388,9.684846563939221,15
2651400,9.756407412386022,12
2651411,9.752488240207379,11
2651421,9.777562903727,10
2651434,9.731726292471658,13
2651448,9.701709549000693,14
2651461,9.743013972286857,13
2651473,9.826888232210644,12
2651485,9.732535806200918,12
2651497,9.721499573749568,12
2651505,9.842708587406166,8
2651515,9.802208563807417,10
2651526,9.775183493284942,11
2651540,9.739169383106312,14
2651557,9.611482858549326,17
2651561,9.938827600267357,4
2651571,9.808937811502759,10
2651572,9.992940714054525,1
2651574,9.977010889479839,2
2651575,9.992019805693737,1
2651578,9.956676263549499,3
2651592,9.71551969815593,14
2651596,9.735657405328363,4
2651611,9.469102801572326,15
2651621,9.798170945507358,10
2651629,9.849259345826788,8
2651636,9.87882793610448,7
2651649,9.7321734889132,13
2651653,9.932024246951226,4
2651660,9.892400181208025,7
2651671,9.762491429133055,11
2651680,9.79831573763201,9
2651686,9.901705242701825,6
2651689,9.952180005579779,3
2651699,9.797229490290077,10
2651704,9.90713336989145,5
2651708,9.942447004599892,4
2651715,9.859452239041074,7
2651722,9.871994334463857,7
2651729,9.85911182262002,7
2651731,9.968494453307667,2
2651742,9.766104116597264,11
2651752,9.790154296154682,10
2651762,9.777247653673644,10
2651765,9.952283001807082,3
2651774,9.840109576382083,9
2651775,9.99259357088216,1
2651790,9.675578759872467,15
2651795,9.932699883215268,5
2651798,9.957847108945328,3
2651804,9.8725710627562,6
2651814,9.838699947140439,10
2651815,9.993182139780043,1
2651825,9.797202528956701,10
2651832,9.865494393029127,7
2651847,9.680163553180464,15
2651853,9.88279430049647,6
2651861,9.866728746851212,8
2651869,9.839487309983992,8
2651873,9.939696815164346,4
2651886,9.73543604540232,13
2651887,10.0,1
2651895,9.848083297022468,8
2651901,9.899377478638673,6
2651905,9.93116944939985,4
2651917,9.706914407068545,12
2651930,9.697208499263906,13
2651934,9.941690575253661,4
2651940,9.89255123029468,6
2651953,9.739225486345841,13
2651960,9.905196899200138,7
2651966,9.881910225263942,6
2651976,9.80157799291987,10
2651977,10.0,1
2651985,9.822580386109237,8
2651992,9.883642379361852,7
2652003,9.77932781711468,11
2652011,9.83059329482292,8
2652014,9.955376279604458,3
2652024,9.820791123121543,10
2652031,9.869253338892934,7
2652032,10.0,1
2652043,9.668715603330376,11
2652049,9.880479185770463,6
2652060,9.74741207985234,11
2652069,9.781880622285717,9
2652074,9.912199793431544,5
2652083,9.802231471035373,9
2652084,10.0,1
2652114,9.440734423048854,30
2652122,9.830732369834871,8
2652132,9.80992877577054,10
2652133,10.0,1
2652141,9.816482146885052,8
2652153,9.707655383024568,12
2652164,9.793466951515178,11
2652171,9.868585941858434,7
2652178,9.85464059012832,7
2652185,9.867945894496264,7
2652190,9.911133902385535,5
2652193,9.965145715062226,3
2652203,9.788038096529434,10
2652208,9.918804851986165,5
2652217,9.792299778505798,9
2652221,9.932582492759458,4
2652236,9.570598937322274,15
2652250,9.58406291063233,14
2652251,10.0,1
2652258,9.866502696366595,7
2652266,9.85207129552489,8
2652267,10.0,1
2652290,9.51023332524402,23
2652291,10.0,1
2652306,9.683226496351711,15
2652312,9.892026125556342,6
2652318,9.878120382805925,6
2652323,9.918874651528618,5
2652344,9.480362011219398,21
2652360,9.614041705899181,16
2652373,9.703084434333125,13
2652386,9.748962564447124,13
2652397,9.768111810281582,11
2652406,9.830487124375386,9
2652419,9.717389466863938,13
2652423,9.941034190656266,4
2652431,9.845489309695475,8
2652435,9.928296915433188,4
2652445,9.779283903724764,10
2652446,10.0,1
2652447,9.996340642180574,1
2652453,9.68056976624871,6
2652461,9.868655792871968,8
2652477,9.62998143919905,16
2652478,10.0,1
2652484,9.89813590201505,6
2652495,9.80658910496727,11
2652506,9.763175525116047,11
2652516,9.779546434756497,10
2652517,10.0,1
2652518,10.0,1
2652519,10.0,1
2652531,9.72402319071237,12
2652541,9.808941574625482,10
2652548,9.873916208039903,7
2652560,9.711486541785977,12
2652573,9.723709076120484,13
2652584,9.767877130218535,11
2652592,9.875247841513843,8
2652601,9.822030239613317,9
2652616,9.680214862775701,15
2652622,9.901474478343856,6
2652628,9.896164415737164,6
2652637,9.83691632788602,9
2652649,9.734817526748127,12
2652658,9.825615605129247,9
2652664,9.899947589049706,6
2652670,9.904524432007117,6
2652678,9.864670573766466,8
2652691,9.694499055903178,13
2652704,9.697843904773647,13
2652724,9.515830818894067,20
2652732,9.875894300942676,8
2652746,9.705198741087312,14
2652753,9.877844054148651,7
2652762,9.826993562965873,9
2652767,9.917973059221099,5
2652777,9.79550940321763,10
2652785,9.834847624635174,8
2652790,9.921163194755833,5
2652800,9.779047876740899,10
2652813,9.718965994344515,13
2652827,9.73066404713319,14
2652832,9.917747417528199,5
2652845,9.72317609524926,13
2652856,9.787640506390769,11
2652860,9.948792360397563,4
2652864,9.93954668216307,4
2652875,9.761695170697493,11
2652895,9.54348966048324,20
2652913,9.620925481155075,18
2652921,9.860412299285477,8
2652924,9.961624072582099,3
2652929,9.916472983520645,5
2652936,9.86011794276061,7
2652937,10.0,1
2652939,9.981609334618796,2
2652946,9.89306827082697,7
2652952,9.878443455452329,6
2652963,9.818597884204475,11
2652977,9.74925224197166,14
2652978,10.0,1
2652979,10.0,1
2652986,9.877250904044748,7
2652995,9.822907227147532,9
2653004,9.801645546336433,9
2653005,10.0,1
2653007,9.977964469148498,2
2653011,9.930947646906501,4
2653014,9.956946464395637,3
2653024,9.795254505323117,10
2653025,10.0,1
2653028,9.956796203461531,3
2653043,9.659138005553878,15
2653046,9.958429664889767,3
2653047,10.0,1
2653058,9.759017770679991,11
2653063,9.913165271675805,5
2653074,9.778138935365453,11
2653092,9.633348486507264,18
2653093,10.0,1
2653096,9.94777822112178,3
2653104,9.877434561713603,8
2653105,10.0,1
2653106,10.0,1
2653107,10.0,1
2653113,9.888557628286483,6
2653126,9.72433619790835,13
2653131,9.936536795170316,5
2653144,9.730960397406768,13
2653156,9.74279366999668,12
2653166,9.828395178747634,10
2653170,9.93035941067379,4
2653186,9.6569095204023,16
2653199,9.764549139060717,13
2653206,9.84569095466803,7
2653213,9.773217753343445,7
2653229,9.617210674009259,16
2653235,9.877830642878127,6
2653243,9.840991470124981,8
2653257,9.698657044641083,14
2653270,9.738652827050995,13
2653278,9.854579500083005,8
2653280,9.974030113190368,2
2653289,9.844012414175307,9
2653302,9.723173888275552,13
2653306,9.944277259633411,4
2653310,9.94408364744033,4
2653314,9.951405231220217,4
2653324,9.798141146139487,10
2653333,9.840011772725557,9
2653833,-17.56836051764953,500
2653843,9.787738001389624,10
2653849,9.912780317288076,6
2653858,9.818452667603909,9
2653863,9.913188117727643,5
2653872,9.816330575434318,9
2653878,9.917369425543223,6
2653885,9.86827179626207,7
2653893,9.86500553202827,8
2653897,9.951500316250996,4
2653907,9.800993838543608,10
2653924,9.594434308183644,17
2653927,9.957785080726474,3
2653937,9.781674770851634,10
2653940,9.967498552365496,3
2653941,10.0,1
2653952,9.77025473925602,11
2653961,9.839157427818188,9
2653973,9.76904965348523,12
2653974,10.0,1
2653981,9.864583759570278,7
2653994,9.732882939333798,13
2654001,9.89112605306979,7
2654005,9.940904029818816,4
2654017,9.724831701762582,12
2654028,9.773846019140427,11
2654032,9.946450927324344,4
2654037,9.926814942015733,5
2654041,9.932117829996512,4
2654048,9.879266889108054,7
2654053,9.912162815713655,5
2654057,9.953973956904944,4
2654066,9.84736178930202,9
2654072,9.905761320555476,6
2654079,9.88138277797515,7
2654089,9.788224662421797,10
2654090,10.0,1
2654095,9.923258635752266,5
2654102,9.87594348920145,7
2654105,9.865898028363691,3
2654115,9.798977144979737,10
2654127,9.751175292666481,12
2654134,9.878852498924335,7
2654137,9.96316413575761,3
2654139,9.97968468161292,2
2654147,9.853175822226435,8
2654156,9.824006896505187,9
2654157,10.0,1
2654162,9.90336807435156,5
2654165,9.965004979806382,3
2654172,9.877065182816613,7
2654187,9.658824200514058,15
2654196,9.813421524850558,9
2654215,9.617786955057747,19
2654223,9.83302337227937,8
2654232,9.801502276486307,9
2654241,9.831444034590907,9
2654252,9.795534394474334,11
2654257,9.914356594108254,5
2654268,9.782962787488414,11
2654303,9.326121817147301,35
2654311,9.869476581579494,8
2654317,9.899687994304472,6
2654328,9.749574250635147,11
2654342,9.479393997117231,14
2654353,9.767622215886025,11
2654357,9.943207266028486,4
2654366,9.858268248415028,9
2654381,9.674004288225166,15
2654388,9.876866375377395,7
2654396,9.858628075752097,8
2654404,9.827195318891114,8
2654417,9.768063009066065,13
2654425,9.854408906757946,8
2654435,9.804344032030876,10
2654441,9.904614024991764,6
2654453,9.735910421465146,12
2654470,9.60988897249928,17
2654483,9.73698957664438,13
2654494,9.774584803860588,11
2654504,9.797797059326276,10
2654519,9.669483015264536,15
2654528,9.800690660703609,9
2654529,10.0,1
2654537,9.87196875319363,8
2654552,9.650215755161115,15
2654560,9.85261525408805,8
2654562,9.977184557047623,2
2654569,9.871922839865828,7
2654582,9.796782753613138,13
2654590,9.856101560582593,8
2654602,9.747992879833511,12
2654612,9.781832793173683,10
2654623,9.787034609588543,11
2654629,9.911820839314906,6
2654638,9.829867078818477,9
2654639,10.0,1
2654643,9.941961654381185,4
2654644,10.0,1
2654651,9.880046490576584,7
2654664,9.710404232944498,13
2654677,9.716023873263767,13
2654688,9.75915129722657,11
2654705,9.645510856650647,17
2654713,9.846103724549955,8
2654725,9.749982109277543,12
2654738,9.680380429078317,13
2654748,9.69681660003618,10
2654758,9.766249231822291,10
2654768,9.784716625732832,10
2654778,9.698431243761457,10
2654791,9.71680397007581,13
2654803,9.758788183556838,12
2654821,9.597761409226807,18
2654827,9.906250316767355,6
2654830,9.960062413176628,3
2654839,9.8224887996472,9
2654847,9.83243396011365,8
2654856,9.830234644461994,9
2654869,9.683974626809235,13
2654884,9.630309776295393,15
2654892,9.860634564008068,8
2654898,9.888983164463353,6
2654899,10.0,1
2654910,9.791848601094298,11
2654922,9.797244673156127,12
2654939,9.650897418190334,17
2654945,9.88272153134638,6
2654955,9.786060354157097,10
2654963,9.855243087562972,8
2654965,9.974109316718444,2
2654984,9.56499731453104,19
2654985,10.0,1
2654996,9.785661441413318,11
2654999,9.9674321748081,3
2655012,9.718471996448567,13
2655016,9.947453528379624,4
2655025,9.85867416843204,9
2655029,9.935658989604589,4
2655033,9.934512715279313,4
2655039,9.905381952870947,6
2655047,9.85199337913243,8
2655052,9.900291318449025,5
2655063,9.791336753268585,11
2655073,9.795644507917679,10
2655085,9.735553998938508,12
2655092,9.86162273801364,7
2655100,9.854999002911718,8
2655109,9.802218601184528,9
2655115,9.890072238579178,6
2655131,9.655264881803518,16
2655142,9.739904215960578,11
2655148,9.9112347243653,6
2655162,9.705535535070924,14
2655172,9.60512992359614,10
2655182,9.79731609748332,10
2655194,9.763314684701063,12
2655209,9.70371307801848,15
2655210,10.0,1
2655225,9.647676914396023,15
2655235,9.811210067271158,10
2655246,9.766775895419237,11
2655256,9.791711494829432,10
2655268,9.742731346877862,12
2655276,9.86410943250571,8
2655290,9.705162260155285,14
2655294,9.936335511444558,4
2655311,9.657445328793568,17
2655322,9.752203762436594,11
2655330,9.853044967894858,8
2655344,9.695536271377101,14
2655353,9.81913170053515,9
2655357,9.93888639177315,4
2655368,9.769501408035648,11
2655369,10.0,1
2655375,9.88151878700514,6
2655387,9.748306936962015,12
2655395,9.839762919576305,8
2655413,9.575681392651891,18
2655415,9.98466851744589,2
2655427,9.723118860021406,12
2655443,9.637637513255516,16
2655450,9.851971907062934,7
2655458,9.846759830836533,8
2655459,10.0,1
2655466,9.868434115627625,7
2655467,10.0,1
2655478,9.742083888151795,11
2655479,10.0,1
2655485,9.909435372326364,6
2655495,9.797210975007665,10
2655498,9.967290314879227,3
2655507,9.822156942873562,9
2655508,10.0,1
2655526,9.612523840440181,18
2655527,10.0,1
2655540,9.718633403858707,13
2655545,9.920592196883653,5
2655546,10.0,1
2655554,9.830537297308124,8
2655556,9.98167286973141,2
2655561,9.925122609398402,5
2655565,9.956068335418426,4
2655575,9.800680046078652,10
2655582,9.871045283265934,7
2655585,9.958663224567928,3
2655589,9.950409321597443,4
2655603,9.7113765520948,14
2655614,9.73892426367911,11
2655618,9.926756143051474,4
2655633,9.69096030461318,15
2655646,9.714986160493964,13
2655653,9.855365679483356,7
2655660,9.878320353670006,7
2655671,9.760192570341204,11
2655676,9.90758120992012,5
2655677,10.0,1
2655684,9.891704830588656,7
2655699,9.63498567730658,15
2655706,9.864324683870342,7
2655710,9.925243744197731,4
2655717,9.875293270933682,7
2655735,9.60177956018508,18
2655743,9.863534625807745,8
2655748,9.92222785142462,5
2655758,9.798810300655097,10
2655761,9.959557651200935,3
2655762,10.0,1
2655772,9.803722012469274,10
2655782,9.799473782130423,10
2655792,9.791131261698576,10
2655808,9.626346851280568,16
2655815,9.880530953948856,7
2655829,9.668655320199466,14
2655838,9.855486749157432,9
2655842,9.937576889877935,4
2655852,9.816196616705277,10
2655860,9.837720055547866,8
2655870,9.804348678769994,10
2655882,9.723592330157752,12
2655883,10.0,1
2655886,9.959162764216115,3
2655896,9.770439183047122,10
2655905,9.814713636617126,9
2655907,9.97701715064472,2
2655915,9.840147360821877,8
2655961,9.140348546640892,46
2655967,9.867835336477095,6
2655976,9.801102133387452,9
2655988,9.547948854213494,12
2655998,9.788506613424858,10
2656001,9.954715576218211,3
2656010,9.821196164974156,9
2656011,9.996648264418777,1
2656017,9.888335764707934,6
2656022,9.90201299430965,5
2656026,9.938997976030203,4
2656030,9.831059599274191,4
2656034,9.944172894786684,4
2656040,9.896651445481833,6
2656050,9.817348702392028,10
2656053,9.959495737388252,3
2656064,9.78495151604538,11
2656071,9.857646039968634,7
2656076,9.920489786283541,5
2656079,9.953493725497369,3
2656083,9.933345090685576,4
2656088,9.913091436172078,5
2656093,9.901718936332848,5
2656098,9.926702129430456,5
2656110,9.748641408513095,12
2656117,9.85279681487718,7
2656126,9.8147675137054,9
2656138,9.766453046896604,12
2656146,9.837393830341972,8
2656148,9.984322860445618,2
2656165,9.62984823633175,17
2656169,9.935290639907006,4
2656181,9.72547404709412,12
2656188,9.852340878591612,7
2656191,9.96161575384141,3
2656197,9.909981967548756,6
2656204,9.892393742810356,7
2656207,9.959541360124105,3
2656213,9.892192522801722,6
2656220,9.852892144398652,7
2656229,9.812051218178707,9
2656235,9.884923771542104,6
2656236,10.0,1
2656257,9.548006475534308,21
2656267,9.783034226516147,10
2656277,9.80352161503918,10
2656278,10.0,1
2656287,9.821021198164528,9
2656296,9.821478428946683,9
2656307,9.74845992736094,11
2656310,9.964083454831508,3
2656318,9.835764136152923,8
2656324,9.888228601837767,6
2656330,9.895959708649345,6
2656338,9.844641318412899,8
2656352,9.691273179257426,14
2656358,9.881619577464082,6
2656367,9.819736600552007,9
2656383,9.634617858949666,16
2656390,9.880088228422032,7
2656394,9.933892371009682,4
2656402,9.843729496253262,8
2656411,9.811215034013985,9
2656421,9.800127565511898,10
2656422,10.0,1
2656435,9.69400242405078,13
2656451,9.60816821624346,16
2656465,9.675395583603645,14
2656476,9.803318778072194,11
2656486,9.693071105013987,10
2656498,9.72247103838442,12
2656505,9.88316472665496,7
2656521,9.536272111026092,16
2656542,9.468851482892756,21
2656544,9.979273507457192,2
2656548,9.942854538377587,4
2656556,9.822577259220274,8
2656563,9.860979678543194,7
2656572,9.828487197290158,9
2656577,9.910915843351988,5
2656580,9.957236509928718,3
2656593,9.746183818026216,13
2656648,-5.9775867285756465,55
2656656,9.835324341329601,8
2656667,9.76304840482283,11
2656671,9.931473788024702,4
2656685,9.692869573719488,14
2656690,9.924660520896996,5
2656706,9.63554133399554,16
2656711,9.909716925709956,5
2656736,9.456038024214376,25
2656748,9.742323372760211,12
2656760,9.74847713706719,12
2656770,9.79592059093029,10
2656784,9.685634768441894,14
2656797,9.731874826049829,13
2656810,9.72727662994676,13
2656820,9.776232775978311,10
2656826,9.890304403317657,6
2656832,9.903370939886518,6
2656840,9.834819008656329,8
2656846,9.897402006938183,6
2656855,9.8394521592878,9
2656861,9.884476711784592,6
2656867,9.901119284329042,6
2656873,9.881294963149905,6
2656879,9.910536127953582,6
2656890,9.769240254765613,11
2656891,10.0,1
2656908,9.615851005012406,17
2656909,10.0,1
2656917,9.84963293266212,8
2656927,9.774087514394887,10
2656932,9.902648893602073,5
2656947,9.445790303977898,15
2656956,9.8295374132569,9
2656965,9.85013370149939,9
2656981,9.646792241462947,16
2656990,9.812688412296323,9
2657002,9.763060716135373,12
2657014,9.708588562901863,12
2657020,9.886703461577564,6
2657026,9.892960491100341,6
2657035,9.716757384786971,9
2657055,9.494552600219942,20
2657065,9.791112939303318,10
2657075,9.79353206097745,10
2657083,9.85267408465101,8
2657090,9.88442044908822,7
2657094,9.944238485604348,4
2657103,9.805404107785801,9
2657106,9.961040974713251,3
2657119,9.720076492710234,13
2657131,9.731421402777386,12
2657140,9.830309500043757,9
2657151,9.792718882129213,11
2657157,9.888455888694443,6
2657165,9.816978318487909,8
2657168,9.966902096195296,3
2657169,9.992643988394414,1
2657179,9.775007759444422,10
2657185,9.910998917142791,6
2657192,9.846674662729628,7
2657197,9.913474766032222,5
2657206,9.827072507139183,9
2657219,9.624334102165177,13
2657225,9.910209267796908,6
2657228,9.958586822185692,3
2657233,9.921059381760106,5
2657236,9.967808617066115,3
2657239,9.969894656503506,3
2657246,9.885084708383108,7
2657280,9.27342879071498,34
2657298,9.613951162725222,18
2657303,9.902092882954218,5
2657311,9.849219805239873,8
2657319,9.882020705666868,8
2657331,9.751604440023685,12
2657342,9.776898901470933,11
2657348,9.892277932882141,6
2657359,9.75168706704751,11
2657363,9.943166153090994,4
2657364,10.0,1
2657375,9.775467919834332,11
2657376,10.0,1
2657384,9.83129882112888,8
2657389,9.918388406717776,5
2657416,9.453043903660928,27
2657417,10.0,1
2657428,9.747137546322858,11
2657439,9.778659490920386,11
2657448,9.804590873862894,9
2657465,9.567198935137233,17
2657487,9.53688504235265,22
2657499,9.75825220803406,12
2657504,9.918591711227968,5
2657505,10.0,1
2657517,9.732828667674887,12
2657532,9.697958283476991,15
2657533,10.0,1
2657538,9.917937228308416,5
2657539,10.0,1
2657547,9.853693044289328,8
2657554,9.849130576794801,7
2657563,9.809345001136476,9
2657576,9.697488189574319,13
2657586,9.810044909231376,10
2657595,9.821556833849822,9
2657604,9.80922757466764,9
2657614,9.777732391496041,10
2657627,9.705106529351676,13
2657639,9.756350427599353,12
2657646,9.88626616831033,7
2657658,9.599636534883578,12
2657668,9.787896432590415,10
2657674,9.887295933037155,6
2657689,9.706242963899854,15
2657694,9.921850007215811,5
2657703,9.850613700663532,9
2657704,10.0,1
2657705,10.0,1
2657714,9.827665999773428,9
2657723,9.797992459699158,9
2657726,9.965489475566681,3
2657734,9.852709472706723,8
2657738,9.941172434861494,4
2657751,9.690426228930065,13
2657757,9.920877947881191,6
2657759,9.976377332483215,2
2657768,9.822771154533593,9
2657778,9.781531372936929,10
2657783,9.900318923497633,5
2657812,9.477075115754712,29
2657824,9.752984665712765,12
2657840,9.629769880571091,16
2657849,9.801867715623205,9
2657850,9.989295368734643,1
2657868,9.621015795981942,18
2657880,9.753235035344485,12
2657891,9.78018951468954,11
2657896,9.903358180736914,5
2657912,9.662797014257865,16
2657926,9.676374876501805,14
2657931,9.902787650134517,5
2657942,9.759307948162936,11
2657948,9.886320355229973,6
2657952,9.938220172591548,4
2657966,9.665733591868971,14
2657968,9.981205337915087,2
2657972,9.931845363317205,4
2657975,9.959985810443227,3
2657986,9.771573126443531,11
2657993,9.8574020003016,7
2658002,9.809515465252304,9
2658003,10.0,1
2658018,9.6456314426199,15
2658019,9.996113654899792,1
2658039,9.536327170136756,20
2658055,9.659390387760652,16
2658067,9.767812127452888,12
2658076,9.82456471539347,9
2658079,9.956397935153058,3
2658085,9.881388951978215,6
2658093,9.824116044027589,8
2658103,9.80077769876915,10
2658107,9.92449882996471,4
2658110,9.9437425114495,3
2658122,9.738693393976803,12
2658131,9.816238190747962,9
2658137,9.90538831653923,6
2658141,9.94124744913266,4
2658149,9.81560809344225,8
2658150,10.0,1
2658159,9.824958167895868,9
2658165,9.901039300991254,6
2658178,9.763168471390294,13
2658187,9.81910521649375,9
2658188,10.0,1
2658198,9.78995896346315,10
2658209,9.793486381591352,11
2658212,9.96239713737104,3
2658217,9.907950683103158,5
2658227,9.822388050699535,10
2658229,9.969956280518952,2
2658247,9.222934878122002,18
2658248,10.0,1
2658256,9.83403805380832,8
2658264,9.868296508215455,8
2658265,10.0,1
2658267,9.986286264901,2
2658273,9.924402396164366,6
2658277,9.938769279863527,4
2658288,9.741059529210347,11
2658294,9.881598960019172,6
2658300,9.884960977902844,6
2658316,9.64501338904572,16
2658326,9.829147198459308,10
2658330,9.935970791960699,4
2658342,9.756522270146302,12
2658343,10.0,1
2658355,9.777818528469501,12
2658357,9.982053840119164,2
2658364,9.849694166518994,7
2658366,9.97887279235349,2
2658374,9.835044222755517,8
2658378,9.955049318452414,4
2658382,9.943127444459682,4
2658389,9.854153885873611,7
2658395,9.904497177074058,6
2658405,9.84037915145933,10
2658410,9.923995090890879,5
2658417,9.863477950858115,7
2658434,9.699642042355904,17
2658445,9.78450453738983,11
2658459,9.67202013104593,14
2658469,9.782398032022138,10
2658493,9.3495838699804,24
2658512,9.52849819290796,19
2658524,9.759632668875014,12
2658530,9.900195186247343,6
2658538,9.8489173506928,8
2658550,9.714375478424857,12
2658559,9.828561825661696,9
2658566,9.85386377803132,7
2658574,9.813609875364738,8
2658590,9.632472154996398,16
2658594,9.939042552772879,4
2658606,9.724221492488176,12
2658607,10.0,1
2658613,9.880034790478327,6
2658627,9.702794000650144,14
2658635,9.827666615140494,8
2658640,9.924948278473398,5
2658641,10.0,1
2658642,10.0,1
2658647,9.913998923019886,5
2658648,9.988629306721633,1
2658656,9.828722603434167,8
2658657,10.0,1
2658660,9.96004515584105,3
2658671,9.744762384686746,11
2658676,9.914257526464779,5
2658689,9.709667720732584,13
2658700,9.765628789011517,11
2658715,9.664641577437262,15
2658717,9.969380001537884,2
2658718,10.0,1
2658724,9.8846597605511,6
2658737,9.76502658652854,13
2658742,9.91257522069289,5
2658747,9.901559428013249,5
2658754,9.874113773477736,7
2658766,9.740438344301303,12
2658779,9.780345451774345,13
2658786,9.876587843600959,7
2658793,9.872582027574921,7
2658808,9.669102587421131,15
2658815,9.874381064646979,7
2658818,9.94707084414764,3
2658822,9.943299789885787,4
2658829,9.896266475244005,7
2658840,9.755617005227949,11
2658854,9.739332739010978,14
2658861,9.859011036518506,7
2658867,9.890413756399113,6
2658883,9.664357184085748,16
2658888,9.916970306981018,5
2658898,9.790271185055737,10
2658899,10.0,1
2658905,9.912637258720732,6
2658906,10.0,1
2658915,9.846617970440978,9
2658922,9.874210284869656,7
2658957,9.311977552955716,35
2658970,9.70377720989144,13
2658979,9.785966925381272,9
2658993,9.689626368196793,14
2659013,9.588864373539586,20
2659017,9.943762229247804,4
2659027,9.789003471034258,10
2659042,9.635912758811052,15
2659052,9.703812769958054,10
2659059,9.890786455010158,7
2659066,9.858518984546768,7
2659075,9.849182973812633,9
2659086,9.74792223850022,11
2659092,9.90877738897261,6
2659106,9.677396353163834,14
2659107,10.0,1
2659119,9.79864588869457,12
2659120,9.996476074574304,1
2659125,9.92590817702173,5
2659139,9.6577591740808,14
2659146,9.88672085322308,7
2659157,9.753811683636545,11
2659160,9.95541102714961,3
2659165,9.921776660494984,5
2659172,9.864656589480937,7
2659176,9.928572946572718,4
2659182,9.89191518128115,6
2659196,9.678447582240628,14
2659204,9.855009567162668,8
2659212,9.866834876963475,8
2659227,9.670878518253826,15
2659237,9.781560879789266,10
2659238,10.0,1
2659249,9.764480828168004,11
2659259,9.823378764018226,10
2659263,9.944471449267892,4
2659264,10.0,1
2659274,9.802275734844644,10
2659292,9.606607402878417,18
2659308,9.674270760333453,16
2659320,9.752508130165912,12
2659326,9.895182457622315,6
2659330,9.945415155151515,4
2659331,10.0,1
2659332,10.0,1
2659341,9.840709944767948,9
2659355,9.683996534301658,14
2659357,9.976126713387883,2
2659366,9.820118205621997,9
2659379,9.727175918701754,13
2659386,9.878196215416086,7
2659392,9.896762410763401,6
2659393,9.996376121494167,1
2659405,9.806461167533083,12
2659418,9.714830651813712,13
2659434,9.618146814830789,16
2659438,9.941760723552433,4
2659441,9.964042632422249,3
2659442,10.0,1
2659448,9.899683078334503,6
2659458,9.79442015514504,10
2659459,9.993226353538045,1
2659463,9.949352486797114,4
2659475,9.73607442530057,12
2659485,9.83681723005352,10
2659492,9.884259624859673,7
2659502,9.812856143666297,10
2659512,9.844228263032404,10
2659517,9.916290145863156,5
2659529,9.764809194440465,12
2659543,9.689229145770222,14
2659554,9.775871316329406,11
2659559,9.917507938579478,5
2659564,9.917589211932013,5
2659565,10.0,1
2659573,9.873468486834613,8
2659580,9.870889321972944,7
2659590,9.786434374069568,10
2659596,9.891675875226335,6
2659606,9.782141987891302,10
2659619,9.756971797734987,13
2659627,9.875133320105867,8
2659633,9.904614856477767,6
2659645,9.726728390312077,12
2659647,9.977288391834318,2
2659651,9.938967119580022,4
2659659,9.849543796837944,8
2659666,9.882624664255072,7
2659677,9.76085325920724,11
2659687,9.80025707142479,10
2659690,9.95368979063832,3
2659698,9.861356566250034,8
2659710,9.757144021089841,12
2659715,9.922425721722117,5
2659727,9.747194648108858,12
2659731,9.94016005709873,4
2659733,9.986579463036243,2
2659749,9.708119379963513,16
2659757,9.829855196170655,8
2659766,9.834315639485716,9
2659779,9.734646251757844,13
2659782,9.959735900555941,3
2659801,9.51411235743202,19
2659811,9.807167390279504,10
2659818,9.895786537539907,7
2659827,9.82373962072155,9
2659828,10.0,1
2659831,9.966514083838092,3
2659843,9.741911149860766,12
2659850,9.869140869206646,7
2659851,10.0,1
2659857,9.893048321325773,6
2659872,9.673021489642887,15
2659882,9.77764548393515,10
2659898,9.540334016033752,16
2659902,9.93662202947891,4
2659916,9.685595603234592,14
2659918,9.969820611452501,2
2659926,9.869088579746583,8
2659942,9.617725222949757,16
2659946,9.944390575104253,4
2659955,9.816182940921449,9
2659965,9.804838286987575,10
2659976,9.747167793242731,11
2659988,9.773220265918145,12
2659999,9.773530011362926,11
2660007,9.82577239883034,8
2660008,9.99592158631433,1
2660009,10.0,1
2660035,9.233606150591655,26
2660040,9.91996776286135,5
2660050,9.775601507661701,10
2660062,9.731885013543067,12
2660069,9.863438981127546,7
2660085,9.62508958333937,16
2660094,9.798587131503767,9
2660102,9.826889772524558,8
2660109,9.870257190246978,7
2660110,10.0,1
2660120,9.794846616942536,10
2660132,9.746135716185677,12
2660147,9.664829141036225,15
2660148,10.0,1
2660153,9.903916867707776,5
2660169,9.632266543287335,16
2660176,9.889500429864334,7
2660179,9.962052159823683,3
2660191,9.727090643802564,12
2660202,9.801423934448051,11
2660215,9.742316706658578,13
2660229,9.675851172933505,14
2660243,9.727791247493604,14
2660248,9.94277768551293,5
2660255,9.859397185591412,7
2660263,9.854582375002655,8
2660282,9.540071391490759,19
2660289,9.873770516295806,7
2660298,9.818567855017946,9
2660306,9.834282888768936,8
2660320,9.671622617077027,14
2660324,9.934320184344816,4
2660329,9.929223191540633,5
2660334,9.909568599407201,5
2660344,9.822119478751562,10
2660355,9.743843330859486,11
2660362,9.880979470228512,7
2660379,9.58214067826383,17
2660382,9.956242760232247,3
2660398,9.598135154483193,16
2660410,9.74687841208708,12
2660419,9.849643658469944,9
2660439,9.621981874398855,20
2660450,9.75843963845134,11
2660461,9.752581844852708,11
2660468,9.874780298138871,7
2660479,9.77823233339897,11
2660491,9.78149791825817,12
2660505,9.681276947986321,14
2660506,9.992704914987113,1
2660509,9.95506407151522,3
2660520,9.785821461667167,11
2660526,9.890054921647629,6
2660540,9.728646000655154,14
2660550,9.78421232300722,10
2660559,9.824903827921123,9
2660565,9.885360633366547,6
2660574,9.834519977948167,9
2660575,9.98791309912118,1
2660580,9.912183479648254,5
2660590,9.818352234327126,10
2660597,9.873190141371632,7
2660610,9.716605984596008,13
2660611,9.99630446704149,1
2660614,9.971832716329358,3
2660622,9.838941046153918,8
2660625,9.958163403425509,3
2660634,9.808861582790401,9
2660635,10.0,1
2660647,9.733751167935857,12
2660661,9.679414586330017,14
2660685,9.556682367537041,24
2660697,9.753447188445788,12
2660708,9.80901457850423,11
2660712,9.947518368652776,4
2660725,9.695945705359726,13
2660728,9.956523554175973,3
2660729,9.996473799125491,1
2660739,9.792291610721735,10
2660748,9.827718073847068,9
2660756,9.826408043940715,8
2660771,9.650777202172153,15
2660778,9.876987584248571,7
2660786,9.85895369501356,8
2660789,9.955340629630223,3
2660790,10.0,1
2660798,9.847215303027355,8
2660811,9.707524295199335,13
2660813,9.974365372970192,2
2660827,9.676769830235473,14
2660833,9.887831984455923,6
2660850,9.636923123420086,17
2660861,9.772502844918343,11
2660864,9.953780135251233,3
2660876,9.765114674288649,12
2660887,9.774833484508896,11
2660896,9.821471071842168,9
2660923,9.286221386243037,27
2660925,9.97747569095878,2
2660933,9.851074832281972,8
2660941,9.854209384882225,8
2660952,9.751789143760476,11
2660967,9.5506224321108,15
2660982,9.673172388594859,15
2660990,9.847235679015231,8
2660998,9.886492760240477,8
2661008,9.787238583249597,10
2661016,9.822752485208307,8
2661023,9.883932778522007,7
2661027,9.932943726637951,4
2661034,9.878575399747984,7
2661041,9.860847881091187,7
2661049,9.875447781064615,8
2661056,9.860619710945336,7
2661071,9.650412538074288,15
2661077,9.898947537950425,6
2661089,9.725421064481369,12
2661094,9.906711127469682,5
2661105,9.754302877458423,11
2661109,9.953250477818841,4
2661133,9.455947229512592,24
2661144,9.563202516384553,11
2661151,9.865849409422552,7
2661163,9.745576820121704,12
2661171,9.854961819820288,8
2661176,9.929237192324486,5
2661177,10.0,1
2661194,8.91110290206751,17
2661201,9.873115434443424,7
2661211,9.779325243371256,10
2661219,9.824681718140331,8
2661228,9.815870207738337,9
2661240,9.744759241114886,12
2661245,9.924310362002483,5
2661259,9.704137894720095,14
2661265,9.891261628726289,6
2661270,9.918506843139973,5
2661279,9.853733699462849,9
2661280,10.0,1
2661286,9.913180065529767,6
2661296,9.801953356304908,10
2661298,9.977256442794479,2
2661299,10.0,1
2661314,9.700788709256193,15
2661326,9.740034820549795,12
2661347,9.55475972500524,21
2661352,9.931190372650782,5
2661356,9.936682136873742,4
2661364,9.887901918780736,8
2661376,9.76755432034497,12
2661386,9.80258338885814,10
2661390,9.943256180014796,4
2661392,9.984987865872649,2
2661403,9.750081088568026,11
2661412,9.837913445054388,9
2661422,9.587525767131035,10
2661423,9.996671866701481,1
2661433,9.829983206430073,10
2661434,10.0,1
2661447,9.728420812445854,13
2661462,9.677471182242728,15
2661479,9.60167352942798,17
2661488,9.845509428729503,9
2661501,9.788951528580203,13
2661509,9.870978876228307,8
2661510,10.0,1
2661513,9.957398432765189,3
2661523,9.788214148744169,10
2661524,10.0,1
2661533,9.843738467192344,9
2661546,9.717606315839955,13
2661562,9.672684116212109,16
2661583,9.515415614581219,21
2661587,9.930376119131228,4
2661598,9.772245591351624,11
2661605,9.86256625127623,7
2661635,9.310837603156942,30
2661636,10.0,1
2661645,9.811993980858002,9
2661653,9.833794504919528,8
2661658,9.909842508416816,5
2661668,9.7732584052781,10
2661678,9.782136585421938,10
2661686,9.829422700080785,8
2661688,9.968832924096635,2
2661689,10.0,1
2661701,9.779680360447117,12
2661711,9.821121483250158,10
2661724,9.70146331624577,13
2661727,9.96008137342267,3
2661738,9.778186136049083,11
2661749,9.778941564660155,11
2661750,10.0,1
2661759,9.809944117901093,9
2661764,9.921234468466892,5
2661770,9.904760214354235,6
2661781,9.764787016533445,11
2661786,9.922175680791012,5
2661797,9.762965265168976,11
2661799,9.974312140170614,2
2661803,9.938399198786906,4
2661808,9.916445966282438,5
2661814,9.906294713428661,6
2661827,9.687318994126269,13
2661832,9.912069950140701,5
2661846,9.701898816753154,14
2661852,9.89402775195258,6
2661858,9.87579240156962,6
2661862,9.940035066249576,4
2661873,9.755255970170747,11
2661874,10.0,1
2661880,9.89622665544,6
2661891,9.790488551861058,11
2661899,9.861107732050534,8
2661908,9.80931831051224,9
2661925,9.565123170881238,17
2661931,9.902145082134485,6
2661932,10.0,1
2661938,9.89924910079574,6
2661941,9.956569158801045,3
2661950,9.849333052497167,9
2661964,9.684373438286764,14
2661970,9.916510694175816,6
2661990,9.522336913740727,20
2662001,9.77592607763157,11
2662012,9.770999036256145,11
2662018,9.901256080253045,6
2662024,9.872464651667244,6
2662033,9.80372628235456,9
2662038,9.923222973939648,5
2662059,9.107881857145806,21
2662067,9.822621545455299,8
2662073,9.885603115494803,6
2662079,9.900953338926021,6
2662088,9.815878036055594,9
2662089,9.988634430800222,1
2662090,9.991657495185015,1
2662099,9.786966474453296,9
2662113,9.659782631819242,14
2662116,9.950731451560179,3
2662126,9.782622824169364,10
2662130,9.946004496331295,4
2662133,9.9581597767771,3
2662148,9.530156950396336,15
2662163,9.617356017697976,15
2662174,9.754669321733074,11
2662177,9.950894058211526,3
2662183,9.888736521963537,6
2662195,9.745078675232923,12
2662203,9.851597870998088,8
2662220,9.663491299106758,17
2662228,9.833923766125817,8
2662234,9.890882629417701,6
2662245,9.777540409970236,11
2662264,9.602701783180892,19
2662275,9.756127931287628,11
2662276,10.0,1
2662282,9.905606189428724,6
2662291,9.825833338995501,9
2662298,9.876506570390996,7
2662310,9.62938421135283,12
2662325,9.64895504097226,15
2662334,9.7130513080427,9
2662347,9.35036779618682,13
2662355,9.839181607548088,8
2662362,9.870738364193178,7
2662377,9.688618557829432,15
2662383,9.905699966823883,6
2662388,9.925974438350002,5
2662394,9.893995890469968,6
2662404,9.775175555635503,10
2662414,9.79806235308473,10
2662426,9.74038859257841,12
2662435,9.813288531861254,9
2662442,9.863180454313245,7
2662447,9.932375673620026,5
2662458,9.801391538840758,11
2662466,9.84367766419425,8
2662480,9.705037681799846,14
2662484,9.93333454834241,4
2662485,10.0,1
2662488,9.966215268656573,3
2662497,9.819875171861117,9
2662504,9.869988910375028,7
2662512,9.822206730706412,8
2662513,10.0,1
2662515,9.978490270820734,2
2662521,9.894035996711242,6
2662523,9.975983361684177,2
2662531,9.833903612991605,8
2662544,9.718468367418161,13
2662556,9.7499153724696,12
2662564,9.847761977190016,8
2662578,9.705604202520334,14
2662586,9.850438912096468,8
2662593,9.83849415117635,7
2662603,9.769364987279875,10
2662607,9.942159193091479,4
2662613,9.895578451887719,6
2662623,9.800632800350266,10
2662636,9.706137620778126,13
2662637,10.0,1
2662647,9.797088243578344,10
2662653,9.866889757457876,6
2662664,9.752983202011498,11
2662673,9.806330706494109,9
2662683,9.784838727478625,10
2662684,10.0,1
2662698,9.490089164729065,14
2662702,9.938208486855064,4
2662713,9.748597634630107,11
2662726,9.731322203516745,13
2662732,9.892066487756953,6
2662735,9.954238688288328,3
2662742,9.862016878371477,7
2662756,9.67969279458231,14
2662763,9.867668913897951,7
2662771,9.82776310637374,8
2662782,9.75231376419118,11
2662801,6.576346090150583,19
2662804,9.951183188359977,3
2662814,9.793968012920772,10
2662823,9.834136448908426,9
2662831,9.840434674952173,8
2662854,9.354694335361856,23
2662855,10.0,1
2662869,9.67940987763112,14
2662878,9.801180459086149,9
2662883,9.911909731780323,5
2662897,9.685049493189645,14
2662906,9.857837905839812,9
2662915,9.792339147487418,9
2662927,9.759388110634227,12
2662933,9.899107365813851,6
2662942,9.837940490000939,9
2662950,9.828000306028226,8
2662970,9.604979821203468,20
2662983,9.757950683819315,13
2662984,10.0,1
2662995,9.750287623607218,11
2663003,9.830533604601449,8
2663004,10.0,1
2663012,9.829916996922387,8
2663022,9.79311694433803,10
2663026,9.925951920845788,4
2663039,9.71108873211702,13
2663051,9.732648644920669,12
2663052,10.0,1
2663060,9.857384335387565,8
2663071,9.754781120795215,11
2663073,9.969043738086597,2
2663076,9.955193600289187,3
2663078,9.980757321107092,2
2663088,9.798190538593554,10
2663094,9.898385327068352,6
2663101,9.872062538413674,7
2663113,9.75131781219137,12
2663118,9.922482871891697,5
2663127,9.805358971642319,9
2663138,9.77050906580421,11
2663139,10.0,1
2663151,9.7509864300555,12
2663157,9.877268862274287,6
2663161,9.946084163949049,4
2663167,9.898727795529286,6
2663174,9.882441104293832,7
2663175,10.0,1
2663188,9.775471454049192,13
2663199,9.77520365691371,11
2663208,9.823656825223978,9
2663214,9.906630174107804,6
2663217,9.954874445961446,3
2663224,9.900640278594874,7
2663237,9.767055773119404,13
2663238,10.0,1
2663253,9.694279062681437,15
2663262,9.809021631834346,9
2663273,9.74781994827724,11
2663276,9.968331602348703,3
2663281,9.929506811101371,5
2663286,9.913957100785783,5
2663292,9.89522894166154,6
2663293,10.0,1
2663299,9.901309936594213,6
2663300,10.0,1
2663316,9.635111642069964,16
2663318,9.985422475864672,2
2663326,9.848281108280167,8
2663330,9.952081025216875,4
2663340,9.791868841686231,10
2663358,9.599813977673545,18
2663366,9.840037409413032,8
2663379,9.723533527823225,13
2663393,9.702392368202275,14
2663405,9.736746950060816,12
2663420,9.644168386975675,15
2663432,9.755031673589494,12
2663441,9.804870681117372,9
2663449,9.840574773240604,8
2663468,9.315367721963888,19
2663476,9.84372185131382,8
2663487,9.67809346165367,11
2663500,9.713505581094566,13
2663514,9.699274539356452,14
2663520,9.89725990578444,6
2663521,10.0,1
2663526,9.923672852726215,5
2663542,9.623639070403408,16
2663549,9.879825814470198,7
2663560,9.756479729362674,11
2663567,9.850594639434776,7
2663576,9.82694155489661,9
2663590,9.67980896597211,14
2663601,9.768736614517234,11
2663607,9.883246426536669,6
2663613,9.89076849094237,6
2663626,9.703383299672906,13
2663637,9.794788430265749,11
2663651,9.671936078048406,14
2663659,9.869478904758871,8
2663660,10.0,1
2663669,9.841201038266002,9
2663670,10.0,1
2663679,9.79612645569477,9
2663683,9.935513727663588,4
2663688,9.899534878465209,5
2663707,9.618815482115028,19
2663708,10.0,1
2663715,9.882196953913395,7
2663720,9.90479881195657,5
2663733,9.75400941489441,13
2663736,9.954975097797895,3
2663753,9.628692010646997,17
2663756,9.962394848883623,3
2663764,9.819791770096902,8
2663773,9.808738212994452,9
2663785,9.766214201094229,12
2663786,9.996304297124269,1
2663800,9.719699652611599,14
2663805,9.911925408870152,5
2663815,9.802201488891843,10
2663816,10.0,1
2663825,9.837885532862327,9
2663838,9.692386487202254,13
2663846,9.83313237942704,8
2663852,9.899680003176963,6
2663853,10.0,1
2663861,9.845182295417239,8
2663867,9.88977612812153,6
2663873,9.892658732879871,6
2663886,9.776603886009111,13
2663895,9.823521542295266,9
2663900,9.92047708685011,5
2663929,9.409595832112606,29
2663932,9.968165787461302,3
2663942,9.795419953425013,10
2663952,9.831598996948669,10
2663957,9.937923436381439,5
2663964,9.889602151791676,7
2663976,9.712086585444801,12
2663985,9.83436966711901,9
2663996,9.741477218833221,11
2664008,9.752691974076097,12
2664018,9.814579035460424,10
2664035,9.549309472270199,17
2664042,9.85107693321753,7
2664050,9.836104382726328,8
2664057,9.86819350110095,7
2664068,9.786753563036896,11
2664079,9.757287653768689,11
2664087,9.870837741358349,8
2664088,10.0,1
2664097,9.830522051078935,9
2664114,9.588078109085457,17
2664135,9.595297260297945,21
2664149,9.752845274474097,14
2664158,9.852366711702313,9
2664169,9.781875844762624,11
2664177,9.849849964589701,8
2664185,9.841726998896359,8
2664204,9.543166265887645,19
2664218,9.697514979608034,14
2664229,9.787192560231041,11
2664234,9.92128608828783,5
2664235,10.0,1
2664246,9.764597376009018,11
2664247,10.0,1
2664251,9.943011834307391,4
2664258,9.886833442687596,7
2664271,9.704018832280273,13
2664277,9.907675409516306,6
2664278,9.996579178353086,1
2664291,9.704063996980743,13
2664293,9.983397274569867,2
2664297,9.942685637223729,4
2664312,9.704153579948919,15
2664317,9.913850695555215,5
2664329,9.734383918406985,12
2664333,9.926600473210224,4
2664334,10.0,1
2664340,9.912743316913826,6
2664342,9.971946393214289,2
2664346,9.834492746652277,4
2664359,9.700446961719381,13
2664386,9.322078947505274,27
2664390,9.9441643660752,4
2664393,9.965508359363131,3
2664399,9.900449792402716,6
2664405,9.903434865640387,6
2664406,10.0,1
2664413,9.884415981367912,7
2664425,9.735356417165253,12
2664426,10.0,1
2664434,9.875213372387401,8
2664442,9.850866164033278,8
2664445,9.954724283382111,3
2664458,9.720939530627835,13
2664462,9.936737269700787,4
2664470,9.873597077201303,8
2664479,9.815523131708185,9
2664486,9.876240593766548,7
2664488,9.984118249013317,2
2664492,9.951859509625818,4
2664494,9.972933998515328,2
2664510,9.679338180435058,16
2664514,9.934293169418437,4
2664527,9.721905840403423,13
2664532,9.913162972214687,5
2664541,9.804693036796023,9
2664542,10.0,1
2664562,9.589216654976655,20
2664573,9.784468007130132,11
2664582,9.818760435571878,9
2664590,9.841502978896948,8
2664599,9.820054312252246,9
2664620,9.507103367979882,21
2664623,9.960614648541043,3
2664630,9.882783699480244,7
2664631,10.0,1
2664645,9.60487336715404,14
2664659,9.671063147645443,14
2664668,9.822201682785506,9
2664676,9.869833719549222,8
2664686,9.79613484325681,10
2664688,9.975879775477809,2
2664692,9.94061319723683,4
2664701,9.807399901798957,9
2664702,10.0,1
2664706,9.949150791198145,4
2664707,10.0,1
2664710,9.952961666149617,3
2664714,9.936197152195902,4
2664724,9.788975541142579,10
2664725,10.0,1
2664729,9.925461486097301,4
2664738,9.81275552197054,9
2664747,9.835756132507798,9
2664760,9.68986474436884,13
2664763,9.961495764843917,3
2664765,9.971662495518991,2
2664769,9.943597751858587,4
2664784,9.657159817613273,15
2664791,9.869629763025074,7
2664803,9.759028342969424,12
2664814,9.785007095730354,11
2665285,0.7400309248903607,471
2665286,10.0,1
2665301,9.668909660112087,15
2665309,9.846746426060925,8
2665312,9.957555448464952,3
2665319,9.87512174284259,7
2665331,9.776045529668568,12
2665342,9.780602104506935,11
2665346,9.931989154545333,4
2665357,9.76255879056757,11
2665361,9.93265517525141,4
2665362,10.0,1
2665368,9.800694547898027,6
2665381,9.724849608664977,13
2665387,9.882866692291053,6
2665394,9.858579590160192,7
2665404,9.80496972510225,10
2665413,9.811053568328882,9
2665426,9.756257026326947,13
2665428,9.972461639384287,2
2665429,10.0,1
2665449,9.671745103004689,20
2665465,9.639842619343705,16
2665473,9.846518339664536,8
2665480,9.791819198531012,7
2665484,9.940138556543042,4
2665490,9.889707871635995,6
2665504,9.688100456726666,14
2665505,10.0,1
2665514,9.787928869706285,9
2665520,9.89966174008055,6
2665524,9.92561598932684,4
2665536,9.766782021070144,12
2665554,9.603368310733597,18
2665565,9.776678506984274,11
2665566,9.987716047082948,1
2665570,9.931571050787964,4
2665579,9.801246535008769,9
2665594,9.651512494807404,15
2665595,9.991868328462166,1
2665601,9.904059890980548,6
2665602,9.992995451878157,1
2665610,9.84614883209531,8
2665618,9.85600721193934,8
2665628,9.784261915087177,10
2665643,9.655422928452305,15
2665648,9.912372357249298,5
2665653,9.906008910103905,5
2665665,9.764689236734553,12
2665666,10.0,1
2665667,10.0,1
2665668,10.0,1
2665680,9.793781764551362,12
2665688,9.86375221265051,8
2665689,9.996400004900144,1
2665696,9.865760979982575,7
2665710,9.700258793929068,14
2665720,9.762784670260698,10
2665734,9.683707345993511,14
2665748,9.669281658015,14
2665754,9.895901459717932,6
2665764,9.770611145802524,10
2665765,10.0,1
2665777,9.746218067592725,12
2665778,9.996425744196966,1
2665788,9.77426022527746,10
2665796,9.853705181028849,8
2665802,9.89722888797033,6
2665814,9.784708663084924,12
2665822,9.86250175099665,8
2665831,9.83486775136666,9
2665832,10.0,1
2665833,10.0,1
2665834,10.0,1
2665842,9.840074275790618,8
2665850,9.85198058417491,8
2665860,9.781411786113837,10
2665863,9.956275419186689,3
2665884,9.579619178981094,21
2665891,9.8508607139299,7
2665908,9.623027576422553,17
2665910,9.979426772640075,2
2665912,9.970050362288665,2
2665913,9.992562527794142,1
2665926,9.699545557889167,13
2665933,9.859137270844919,7
2665951,9.58115999626118,18
2665958,9.874895937145615,7
2665979,9.51951168794906,21
2665996,9.648646803401675,17
2666009,9.705358606763648,13
2666021,9.785742376929088,12
2666032,9.74762087008735,11
2666041,9.829383961823952,9
2666052,9.749847544398092,11
2666057,9.916691156921837,5
2666067,9.787672377237897,10
2666068,9.98931802139968,1
2666079,9.780655012849287,11
2666095,9.620177052368545,16
2666105,9.802187452150527,10
2666112,9.857174111440191,7
2666124,9.733355523034076,12
2666142,9.556388619347437,18
2666161,9.596849374333472,19
2666169,9.872705442052641,8
2666180,9.745348061752445,11
2666190,9.832521460940743,10
2666191,9.986980208430037,1
2666198,9.865543046497207,7
2666207,9.83437508891296,9
2666224,9.608648548490045,17
2666239,9.732455266232714,15
2666241,9.978934962889273,2
2666247,9.901424413844941,6
2666263,9.478564116998026,16
2666279,9.661183658922873,16
2666289,9.777935598118049,10
2666296,9.868300727350547,7
2666304,9.856790048274469,8
2666326,9.504650256669715,22
2666327,10.0,1
2666331,9.94554260541843,4
2666344,9.689607881316583,13
2666353,9.814085588272258,9
2666364,9.756832873933709,11
2666370,9.883666901856115,6
2666380,9.835589480925599,10
2666388,9.837576408993193,8
2666389,10.0,1
2666401,9.755883049240605,12
2666402,10.0,1
2666412,9.804651722659289,10
2666421,9.82051545604215,9
2666422,10.0,1
2666431,9.812773077525614,9
2666439,9.841025063716694,8
2666448,9.848005628927732,9
2666460,9.7534725383334,12
2666466,9.888952584413257,6
2666476,9.802672042740829,10
2666484,9.844212083069324,8
2666485,10.0,1
2666486,10.0,1
2666495,9.83789347992145,9
2666508,9.7093874511664,13
2666510,9.973055217089478,2
2666516,9.891553643632008,6
2666529,9.70037757671107,13
2666543,9.670903462215346,14
2666555,9.739827058068428,12
2666566,9.756937515050632,11
2666572,9.904473902550064,6
2666581,9.621392731707033,9
2666589,9.850708312463587,8
2666590,10.0,1
2666595,9.91813169315511,5
2666604,9.740391713528659,9
2666615,9.773257807716028,11
2666621,9.892891588528979,6
2666622,9.993118736979882,1
2666626,9.930308429983162,4
2666630,9.954384860990613,4
2666639,9.804618213182248,9
2666651,9.728349419885182,12
2666665,9.67884414658507,14
2666672,9.88693962571027,7
2666675,9.95910200637075,3
2666686,9.78188477742504,11
2666693,9.862501830224794,7
2666708,9.695326168349625,15
2666722,9.725343834477854,14
2666733,9.786939456295343,11
2666735,9.978543734976018,2
2666746,9.749860686745206,11
2666755,9.834934988238066,9
2666769,9.69080183373007,14
2666774,9.92694363396567,5
2666788,9.726541441593898,14
2666792,9.939018983020924,4
2666799,9.661562123763186,7
2666808,9.808344123871878,9
2666812,9.939502488451259,4
2666819,9.86210670552523,7
2666820,10.0,1
2666830,9.801204452171987,10
2666841,9.764121491690986,11
2666846,9.920768099854552,5
2666869,9.49300607746635,23
2666881,9.69048848414787,12
2666891,9.791797625954432,10
2666899,9.88208432900486,8
2666900,10.0,1
2666904,9.921348024256364,4
2666907,9.952747080082151,3
2666910,9.955502782182991,3
2666931,9.510679263596145,21
2666938,9.871356222481937,7
2666941,9.95680097630348,3
2666942,10.0,1
2666954,9.762673357304806,12
2666972,9.581773593241486,18
2666973,10.0,1
2666974,10.0,1
2666975,10.0,1
2666979,9.945872047848669,4
2666993,9.681695221477062,14
2667010,9.63172273983524,17
2667021,9.760608452451509,11
2667026,9.916391814195865,5
2667035,9.808727238378566,9
2667047,9.739081719405712,12
2667058,9.711353890655817,11
2667069,9.79007125413064,11
2667077,9.871650150614,8
2667091,9.6887617267705,14
2667095,9.928782448475955,4
2667101,9.686982941173554,6
2667109,9.827614305820848,8
2667114,9.919416599346631,5
2667118,9.730693893210914,4
2667121,9.95037469649746,3
2667132,9.740360708292169,11
2667140,9.837371388043707,8
2667141,10.0,1
2667147,9.903471437677629,6
2667154,9.875262664734395,7
2667162,9.84896890350729,8
2667175,9.701449072090774,13
2667181,9.900763930294266,6
2667183,9.980911898761313,2
2667192,9.788484350503792,9
2667196,9.927993707649387,4
2667201,9.817531427865912,5
2667216,9.66347758550395,15
2667221,9.929961454803534,5
2667232,9.784307779740358,11
2667243,9.761579154208603,11
2667245,9.973026300788323,2
2667252,9.891413656285405,7
2667260,9.748241023297348,8
2667270,9.791464439431287,10
2667282,9.773871116618498,12
2667288,9.880042547955922,6
2667295,9.879229896874055,7
2667304,9.801982625497647,9
2667312,9.864816709848244,8
2667324,9.798943370980592,12
2667325,10.0,1
2667335,9.807701658879958,10
2667338,9.964535134452145,3
2667341,9.96131780791096,3
2667346,9.909008158126436,5
2667350,9.936804401952825,4
2667363,9.723705959883402,13
2667365,9.979063984773397,2
2667366,10.0,1
2667378,9.749171710743864,12
2667387,9.840993948482659,9
2667392,9.925462225270094,5
2667403,9.780228319112375,11
2667411,9.869066753574446,8
2667425,9.582844347010173,14
2667432,9.858153416871197,7
2667445,9.538553212065024,13
2667452,9.857622523573125,7
2667462,9.794064123353213,10
2667468,9.892133342926533,6
2667478,9.781913897855388,10
2667487,9.782850677628044,9
2667497,9.801646704546652,10
2667505,9.734928740276613,8
2667515,9.785819113186552,10
2667522,9.880433656806373,7
2667529,9.8696170508034,7
2667538,9.82312436764913,9
2667545,9.873261059721298,7
2667547,9.973713490262663,2
2667559,9.727565320144818,12
2667578,9.56044720261375,19
2667588,9.824618615029257,10
2667594,9.90903331981328,6
2667621,9.346527421421765,27
2667625,9.935827441445594,4
2667632,9.879429853970867,7
2667633,10.0,1
2667644,9.764717315000016,11
2667650,9.891597792594201,6
2667658,9.838839493434742,8
2667671,9.757781874203461,13
2667676,9.910490722381551,5
2667689,9.729653586716948,13
2667705,9.621105489850681,16
2667716,9.774027773919329,11
2667723,9.893507102130597,7
2667729,9.880461965055174,6
2667733,9.934342936077293,4
2667744,9.772765661139399,11
2667751,9.878579096421293,7
2667756,9.919866607440513,5
2667763,9.8809149707885,7
2667771,9.86289909399493,8
2667778,9.876449530386996,7
2667788,9.802466938804287,10
2667794,9.905638434452017,6
2667802,9.851907070837324,8
2667812,9.785179293332849,10
2667818,9.912374240954307,6
2667823,9.905243643099979,5
2667834,9.82593136991441,11
2667845,9.789158207005263,11
2667861,9.611140057817563,16
2667870,9.8161930940415,9
2667871,10.0,1
2667879,9.845142552453414,8
2667881,9.975920973035485,2
2667894,9.713944597357932,13
2667897,9.967810583128673,3
2667916,9.633682698646792,19
2667923,9.879430600720937,7
2667927,9.944530008999585,4
2667928,10.0,1
2667935,9.88063035869048,7
2667947,9.640175430854637,12
2667955,9.836861576925452,8
2667969,9.695620538873996,14
2667979,9.769563810558154,10
2667987,9.837053955059405,8
2667988,10.0,1
2667995,9.899463964503992,7
2668004,9.797588875773585,9
2668012,9.87502280973291,8
2668030,9.602854405034858,18
2668038,9.844387999723338,8
2668051,9.707208928556938,13
2668061,9.803449452400114,10
2668063,9.974423804196066,2
2668071,9.849148348897895,8
2668084,9.726412983942895,13
2668097,9.719183562843737,13
2668101,9.950463655623873,4
2668104,9.957527130306561,3
2668110,9.897797026179184,6
2668119,9.720130263119477,9
2668133,9.691028439407924,14
2668145,9.745522966744796,12
2668151,9.911370477292527,6
2668155,9.949147894198791,4
2668164,9.811081004806578,9
2668171,9.891016813560265,7
2668187,9.677016589078288,16
2668192,9.939338203940935,5
2668198,9.887073571153438,6
2668200,9.97623051815119,2
2668212,9.74730736134165,12
2668226,9.691341319602746,14
2668238,9.761651669476109,12
2668250,9.73685724804882,12
2668259,9.847524836156952,9
2668274,9.71227828981,15
2668287,9.708340624325203,13
2668300,9.754487902468696,13
2668301,10.0,1
2668302,10.0,1
2668323,9.591922965724681,21
2668329,9.885910133934177,6
2668333,9.948820295087232,4
2668339,9.910111474663882,6
2668344,9.915022560101953,5
2668358,9.694321929610306,14
2668372,9.697188022332433,14
2668383,9.770078440407172,11
2668384,10.0,1
2668392,9.87514953815644,8
2668403,9.798084752790663,11
2668413,9.793376333435477,10
2668418,9.920301368229037,5
2668435,9.590028850559394,17
2668436,10.0,1
2668444,9.828331277907035,8
2668454,9.82467025838445,10
2668465,9.736622126340299,11
2668471,9.889655459940064,6
2668480,9.846251849792077,9
2668488,9.878001770088893,8
2668504,9.633021391240657,16
2668516,9.766131522862494,12
2668527,9.75093961839508,11
2668528,10.0,1
2668541,9.724102361172664,13
2668550,9.818993377503244,9
2668567,9.588436170315441,17
2668576,9.810737898778426,9
2668591,9.726189134708486,15
2668600,9.841902363637427,9
2668626,9.521646193826555,26
2668630,9.931324430943109,4
2668638,9.851586612524521,8
2668641,9.952942013962145,3
2668652,9.776078550153734,11
2668667,9.66400095624668,15
2668677,9.80095359730287,10
2668685,9.842436142798993,8
2668694,9.817849599841555,9
2668696,9.976557544455913,2
2668698,9.978242070073577,2
2668715,9.608388144398791,17
2668716,10.0,1
2668730,9.706003636276334,14
2668738,9.862315230211827,8
2668752,9.67795261333805,14
2668754,9.985292523709496,2
2668764,9.789746582112242,10
2668768,9.936193543954712,4
2668774,9.90377876212197,6
2668781,9.880340598470843,7
2668793,9.712467237458924,12
2668796,9.955786428931852,3
2668805,9.8280382518873,9
2668811,9.913276797506821,6
2668822,9.76680098877667,11
2668831,9.828763275389898,9
2668839,9.850839636778803,8
2668845,9.89909733206962,6
2668858,9.731264933204459,13
2668870,9.7658677316581,12
2668876,9.907839041770377,6
2668877,9.98855641796163,1
2668881,9.930363007076513,4
2668894,9.71775611231604,13
2668908,9.705184573449344,14
2668909,10.0,1
2668915,9.907472198340857,6
2668924,9.840154598798,9
2668936,9.766356006565033,12
2668946,9.784317282274689,10
2668957,9.755146823483502,11
2668967,9.792738190814301,10
2668975,9.843126079219312,8
2668983,9.832938519564104,8
2668984,9.988869864827427,1
2668992,9.853305575028656,8
2668998,9.922570508326956,6
2669010,9.581982579073038,12
2669015,9.925193150214204,5
2669024,9.823053540327672,9
2669037,9.71974416147761,13
2669047,9.81729739373693,10
2669053,9.894252044488326,6
2669068,9.670934958997968,15
2669075,9.876283026350597,7
2669082,9.867056103257124,7
2669097,9.661670740272715,15
2669109,9.752108867222747,12
2669123,9.718129821325816,14
2669133,9.783044355703588,10
2669150,9.587220107970385,17
2669155,9.915023907031486,5
2669168,9.699413736623642,13
2669180,9.753690515803404,12
2669199,9.551037409859964,19
2669209,9.78314870374537,10
2669215,9.881858674831275,6
2669223,9.842758292258571,8
2669229,9.887440379780612,6
2669236,9.867618188433186,7
2669240,9.933542511430073,4
2669248,9.856417013804608,8
2669249,10.0,1
2669261,9.738495196648064,12
2669270,9.80798367772368,9
2669281,9.7970379815955,11
2669292,9.773106042063654,11
2669308,9.35794491429386,16
2669315,9.87194037462667,7
2669316,10.0,1
2669325,9.83400169869346,9
2669338,9.71903799954288,13
2669344,9.796075103635019,6
2669363,9.508061257259284,19
2669371,9.860756219460448,8
2669387,9.660344680528326,16
2669400,9.733641646831282,13
2669401,10.0,1
2669409,9.855968023411346,8
2669418,9.806267922687386,9
2669428,9.82900345032471,10
2669441,9.713340448922263,13
2669450,9.818749485061394,9
2669460,9.786397876176217,10
2669471,9.766509800534045,11
2669479,9.815539561364709,8
2669481,9.974741849054794,2
2669482,10.0,1
2669483,10.0,1
2669493,9.799509961695454,10
2669494,10.0,1
2669497,9.961526055760325,3
2669507,9.770712896265879,10
2669508,10.0,1
2669519,9.804539804934722,11
2669531,9.715455237089047,12
2669542,9.757963927844745,11
2669543,9.98757518661438,1
2669551,9.844708496546211,8
2669564,9.703702463261056,13
2669572,9.8638485073233,8
2669585,9.697095070999382,13
2669597,9.727323152362034,12
2669605,9.862266868850055,8
2669614,9.81140716156202,9
2669622,9.856211430286098,8
2669629,9.897908634633277,7
2669633,9.945212827124852,4
2669640,9.885524880693483,7
2669645,9.913581041630517,5
2669654,9.816880768536047,9
2669662,9.83472103840551,8
2669676,9.681868705853432,14
2669684,9.832245839361967,8
2669695,9.774793937624683,11
2669707,9.71674353870096,12
2669719,9.732857801207436,12
2669727,9.854969872413754,8
2669736,9.829964800303056,9
2669740,9.934392689721548,4
2669752,9.732154357505596,12
2669763,9.787202663878489,11
2669771,9.850564462939642,8
2669774,9.953538587255963,3
2669775,9.992171857687854,1
2669780,9.716611294326588,5
2669789,9.812288782986881,9
2669797,9.855416649378219,8
2669804,9.89066331017968,7
2669813,9.830082492663088,9
2669825,9.789441627818526,12
2669829,9.934241979919033,4
2669837,9.871422536824916,8
2669844,9.856687771624488,7
2669847,9.960186538931486,3
2669861,9.685631763142954,14
2669869,9.656009153253306,8
2669884,9.352281875080017,15
2669893,9.712817136473724,9
2669902,9.816227357645074,9
2669917,9.693866659079939,15
2669934,9.636247349988528,17
2669944,9.779728525276402,10
2669948,9.944779026335862,4
2669969,9.54802287977458,21
2669979,9.798368431609981,10
2669991,9.7454010171507,12
2670000,9.818955786597472,9
2670014,9.729081619217895,14
2670019,9.925798075848489,5
2670032,9.751292424988963,13
2670040,9.86422479916116,8
2670052,9.746520038367878,12
2670054,9.968434194699654,2
2670062,9.863365659509288,8
2670071,9.82947847093404,9
2670072,9.996488972800801,1
2670081,9.820502677279114,9
2670089,9.872359717722535,8
2670095,9.872909508624655,6
2670105,9.789216475268494,10
2670118,9.733120590774075,13
2670135,9.649350787787412,17
2670150,9.671217837623425,15
2670158,9.842727097889666,8
2670166,9.850194890623644,8
2670169,9.967661965701195,3
2670182,9.206107632176963,13
2670192,9.756762493524535,10
2670201,9.809307544909332,9
2670209,9.840027138450834,8
2670217,9.85941998859907,8
2670223,9.901552743947374,6
2670229,9.886706485149706,6
2670230,10.0,1
2670234,9.937890896687668,4
2670246,9.737898253368815,12
2670253,9.880802548035623,7
2670265,9.754517363208388,12
2670269,9.927954488347131,4
2670270,10.0,1
2670271,9.988595286677185,1
2670281,9.812738521062153,10
2670283,9.978060620342859,2
2670285,9.9759575282702,2
2670308,9.436499183453039,23
2670312,9.93354827746736,4
2670320,9.85565472307179,8
2670326,9.879684361050582,6
2670338,9.712517641773427,12
2670349,9.782451843949096,11
2670356,9.870861007435195,7
2670367,9.781112287446396,11
2670374,9.866396766109473,7
2670385,9.773257185292426,11
2670386,9.991706432056429,1
2670387,10.0,1
2670397,9.816328334064847,10
2670401,9.94477075054894,4
2670404,9.956774476573221,3
2670411,9.869064403432622,7
2670423,9.71902035886747,12
2670429,9.889151937939133,6
2670443,9.68680773402605,14
2670455,9.763653107500513,12
2670462,9.855801680273153,7
2670468,9.898017434245835,6
2670483,9.476387141593177,15
2670503,9.58022189622009,20
2670518,9.665181334033898,15
2670532,9.698603129746923,14
2670540,9.836956254954048,8
2670541,9.987715873715425,1
2670554,9.705953589198385,13
2670565,9.752705090472801,11
2670573,9.861335884633714,8
2670584,9.795943977533707,11
2670598,9.684830808540523,14
2670610,9.751673622626624,12
2670626,9.654396658704407,16
2670639,9.707711169287277,13
2670642,9.960217993260196,3
2670649,9.879306642721637,7
2670662,9.717673055669103,13
2670675,9.738480592372095,13
2670685,9.806028027591642,10
2670693,9.84177118598075,8
2670701,9.843046000863112,8
2670711,9.799416576331195,10
2670712,10.0,1
2670718,9.892066533455779,6
2670722,9.95900101992715,4
2670742,9.548212463184427,20
2670750,9.827865807664912,8
2670759,9.804820720578684,9
2670771,9.733050912486469,12
2670775,9.945876792305484,4
2670776,10.0,1
2670784,9.871759836857878,8
2670788,9.928575395429716,4
2670794,9.891987003180326,6
2670799,9.932751979218231,5
2670802,9.949449341199891,3
2670810,9.835562115878764,8
2670821,9.766211987230614,11
2670823,9.978404711467746,2
2670824,9.988424286406316,1
2670825,10.0,1
2670830,9.81935638051314,5
2670838,9.840800256946864,8
2670839,10.0,1
2670844,9.909636176472697,5
2670846,9.979662935354954,2
2670854,9.842724235074222,8
2670870,9.686914057035008,16
2670871,9.988747199922505,1
2670878,9.887028676745352,7
2670882,9.944152893140716,4
2670892,9.805296839373316,10
2670895,9.959855741962047,3
2670906,9.776993502134632,11
2670907,9.991685235408356,1
2670914,9.89646466246625,7
2670915,9.996197072608886,1
2670922,9.850292933048959,7
2670928,9.9008475570336,6
2670940,9.725366605831603,12
2670946,9.887473555285165,6
2670947,9.988316576392336,1
2670958,9.770341546667805,11
2670964,9.883074157844865,6
2670971,9.878018191926168,7
2670982,9.753046104451077,11
2670988,9.897766610762279,6
2670997,9.866467754022931,9
2671002,9.913341114689135,5
2671009,9.870235946526735,7
2671010,10.0,1
2671021,9.779774155565049,11
2671022,10.0,1
2671034,9.736027616804959,12
2671041,9.863396895936269,7
2671053,9.731942218637123,12
2671066,9.75752667772155,13
2671072,9.904576175700623,6
2671075,9.954773258696365,3
2671081,9.871697952453893,6
2671082,10.0,1
2671088,9.884766572339698,6
2671098,9.776020987481962,10
2671102,9.943095934148781,4
2671109,9.880885795480417,7
2671116,9.878283259440273,7
2671121,9.923696140925358,5
2671135,9.691897565231407,14
2671139,9.945245011282154,4
2671145,9.878880814143656,6
2671152,9.87477039689177,7
2671160,9.808322689671733,8
2671162,9.979987864979195,2
2671171,9.795023367970183,9
2671185,9.683343127178192,14
2671190,9.916513141704232,5
2671200,9.807142977881826,10
2671201,9.996346669782431,1
2671217,9.699508116118471,16
2671222,9.926644829306309,5
2671233,9.75017740208886,11
2671242,9.813924173554987,9
2671253,9.791549739636897,11
2671254,10.0,1
2671261,9.873804462799216,7
2671268,9.878122493434178,7
2671269,10.0,1
2671286,9.598198100888132,17
2671294,9.844269292554669,8
2671307,9.711438067615747,13
2671309,9.971009062272067,2
2671315,9.886994424478287,6
2671324,9.820665861879226,9
2671333,9.836069179599034,9
2671334,9.987600087886625,1
2671335,10.0,1
2671355,9.547445661185774,20
2671356,10.0,1
2671371,9.658165399863375,15
2671372,9.99633647244247,1
2671385,9.717923935729484,13
2671397,9.72341727996725,12
2671409,9.716179486717476,12
2671412,9.95210710282154,3
2671419,9.881435661128439,7
2671420,10.0,1
2671427,9.877685131583771,7
2671438,9.74090018861634,11
2671448,9.799980964582009,10
2671459,9.760716336150091,11
2671469,9.769585726331561,10
2671476,9.884528649380279,7
2671481,9.918198858574568,5
2671484,9.957683488781946,3
2671488,9.9248458606928,4
2671496,9.867051353220576,8
2671508,9.763828210269798,12
2671518,9.776068530472594,10
2671523,9.920533208650784,5
2671530,9.847237150487402,7
2671549,9.605782867634161,19
2671556,9.891664631666998,7
2671567,9.788143583610644,11
2671568,10.0,1
2671570,9.98596349562517,2
2671579,9.820775396979668,9
2671585,9.901562979821106,6
2671596,9.78032206422157,11
2671607,9.796747394450103,11
2671614,9.867528816177177,7
2671619,9.911230259681686,5
2671633,9.700285442059696,14
2671646,9.501125482694125,13
2671658,9.729906046608804,12
2671669,9.741315176698878,11
2671674,9.92216908626752,5
2671682,9.85743061015466,8
2671685,9.960395844621782,3
2671695,9.77233872903935,10
2671696,10.0,1
2671701,9.923994940880231,5
2671702,10.0,1
2671711,9.839592166589437,9
2671712,10.0,1
2671720,9.853037548439666,8
2671721,10.0,1
2671733,9.782441263395517,12
2671743,9.810254085582276,10
2671753,9.794407052678068,10
2671762,9.80046810731669,9
2671766,9.934176439088725,4
2671772,9.896841627616213,6
2671775,9.955775636638533,3
2671782,9.894956855363716,7
2671790,9.843149261719283,8
2671803,9.749080755337665,13
2671812,9.831104099771316,9
2671813,10.0,1
2671827,9.71588569415725,14
2671837,9.80223378417489,10
2671846,9.853295990663714,9
2671855,9.830184685943479,9
2671864,9.795952212555513,9
2671877,9.511077637328361,13
2671881,9.945458107691925,4
2671899,9.615245398781266,18
2671914,9.71445816995042,15
2671921,9.862982851596716,7
2671926,9.921620900420994,5
2671939,9.733520921374508,13
2671946,9.874237749306577,7
2671956,9.799681556907828,10
2671963,9.881381859567636,7
2671973,9.776251097800952,10
2671985,9.730986975104722,12
2672000,9.447072316359622,15
2672005,9.91921663505131,5
2672012,9.865671555998771,7
2672022,9.792002406759606,10
2672029,9.850341511335591,7
2672031,9.976501699160606,2
2672032,10.0,1
2672033,10.0,1
2672034,9.992454441013304,1
2672038,9.933662801812439,4
2672043,9.911494724194187,5
2672055,9.5551946807144,12
2672071,9.650648614826547,16
2672079,9.836929072852776,8
2672086,9.88841586222382,7
2672100,9.68007716175992,14
2672111,9.797387453593636,11
2672127,9.605089464491186,16
2672132,9.91196795216227,5
2672143,9.660683977682073,11
2672153,9.812169538970414,10
2672159,9.875620074392879,6
2672169,9.810813051318771,10
2672181,9.732088990529476,12
2672192,9.785634986827938,11
2672205,9.710481630754352,13
2672217,9.706682145440018,12
2672226,9.811342007442644,9
2672233,9.762901713847219,7
2672234,10.0,1
2672242,9.822258405684222,8
2672251,9.872378314023175,9
2672260,9.826661882931505,9
2672269,9.823373773063478,9
2672282,9.717677101354948,13
2672293,9.757804269324993,11
2672295,9.981337071250797,2
2672299,9.937756095696797,4
2672306,9.875736347337183,7
2672323,9.63794489204848,17
2672328,9.916760854554948,5
2672336,9.871063246891328,8
2672345,9.805938231377406,9
2672349,9.930753731319966,4
2672359,9.807404610695764,10
2672370,9.776035467117874,11
2672406,9.319119821100633,36
2672418,9.72118240235059,12
2672419,9.996588526504944,1
2672422,9.95484512327087,3
2672434,9.78735392069544,12
2672445,9.762429655082183,11
2672451,9.900948403933791,6
2672458,9.850974253432069,7
2672467,9.825390238323806,9
2672474,9.870645843663066,7
2672483,9.840464006326286,9
2672501,9.58980399945129,18
2672513,9.349474803747492,12
2672523,9.792672396335231,10
2672532,9.823320764724608,9
2672535,9.959407438409821,3
2672554,9.129718853626061,19
2672565,9.75801541095567,11
2672573,9.86538722590817,8
2672579,9.912793364150277,6
2672589,9.798703168373407,10
2672591,9.984707629848755,2
2672604,9.59431300074253,13
2672608,9.93729954871059,4
2672619,9.74707236358058,11
2672624,9.922814065598482,5
2672631,9.875225716985927,7
2672642,9.754358645952122,11
2672656,9.705477224328504,14
2672667,9.74857851947695,11
2672678,9.745531110209296,11
2672689,9.820784818327015,11
2672704,9.725330467627872,15
2672711,9.881968080265615,7
2672720,9.809925485990963,9
2672725,9.91394139642252,5
2672731,9.902827053123355,6
2672732,9.988937711507582,1
2672740,9.842988038947533,8
2672754,9.716246989985507,14
2672756,9.98046055687016,2
2672762,9.683864120285179,6
2672773,9.75104566807998,11
2672781,9.844997964571993,8
2672786,9.91784422280065,5
2672787,10.0,1
2672795,9.862234547196921,8
2672822,9.4625068286966,27
2672824,9.972880241941079,2
2672825,10.0,1
2672841,9.455101464636313,16
2672857,9.634486174592856,16
2672873,9.624617347854526,16
2672891,9.651379486453843,18
2672902,9.737962888910982,11
2672918,9.610525296770158,16
2672930,9.659497897626736,12
2672940,9.782389780103518,10
2672941,10.0,1
2672953,9.733616444629769,12
2672960,9.866636215065624,7
2672968,9.822434858592896,8
2672971,9.95727784851684,3
2672979,9.852654065306005,8
2672988,9.82601244819161,9
2672989,10.0,1
2673004,9.638428164442656,15
2673007,9.952226761016151,3
2673008,9.987797693705586,1
2673017,9.80254021283968,9
2673027,9.81356626616181,10
2673038,9.763255182107242,11
2673039,10.0,1
2673056,9.591035877067247,17
2673063,9.877392815738515,7
2673066,9.968348155886774,3
2673071,9.921410468496529,5
2673082,9.786421224169217,11
2673091,9.822096167456426,9
2673093,9.980184341953848,2
2673111,9.571000067419225,18
2673117,9.891065648326956,6
2673131,9.700840851594156,14
2673132,10.0,1
2673139,9.866928836616484,7
2673147,9.869322049940195,8
2673150,9.956730160665105,3
2673155,9.923678431430842,5
2673159,9.93871485081283,4
2673170,9.657575309733492,11
2673173,9.964177165344022,3
2673180,9.865289852615268,7
2673181,9.98860295632913,1
2673192,9.768140449032275,11
2673200,9.852574406120207,8
2673214,9.633929825298233,14
2673215,10.0,1
2673216,10.0,1
2673225,9.844800455233894,9
2673241,9.633176071971151,16
2673242,10.0,1
2673255,9.779845112499075,13
2673267,9.750895088555405,12
2673276,9.83062636125171,9
2673289,9.628620917454516,13
2673303,9.694099559535875,14
2673312,9.82767645925708,9
2673316,9.946294078182731,4
2673334,9.532418764355455,18
2673341,9.86498412021484,7
2673347,9.890829566730567,6
2673359,9.75879184562178,12
2673369,9.782434705084473,10
2673378,9.810373554948775,9
2673384,9.889585916301291,6
2673390,9.872071120227972,6
2673409,9.623639230345296,19
2673410,10.0,1
2673411,10.0,1
2673420,9.78734434895525,9
2673424,9.937645607886047,4
2673435,9.755019366708353,11
2673453,9.575753128875045,18
2673458,9.909834185696743,5
2673459,10.0,1
2673475,9.648651824335442,16
2673492,9.600656192287587,17
2673502,9.81498763033093,10
2673508,9.894951336032776,6
2673522,9.686470686051035,14
2673524,9.96759539311292,2
2673525,9.989353829863017,1
2673533,9.860209445616078,8
2673559,9.496320269190136,26
2673563,9.943591730888908,4
2673575,9.548146678791563,12
2673576,10.0,1
2673589,9.706884051872837,13
2673598,9.842866562729938,9
2673610,9.755164056196488,12
2673617,9.881979289797476,7
2673628,9.762380616150535,11
2673634,9.889934688499803,6
2673649,9.70950116461702,15
2673658,9.805276887484078,9
2673659,10.0,1
2673665,9.88210114366553,6
2673677,9.733038658310525,12
2673680,9.963081334673323,3
2673690,9.786331402204107,10
2673695,9.90935906761661,5
2673707,9.76432494792249,12
2673717,9.805521524338097,10
2673724,9.882221966420062,7
2673741,9.675463164015458,17
2673751,9.81004369180699,10
2673763,9.751486438703365,12
2673777,9.749840803703172,14
2673782,9.908916645195962,5
2673792,9.783902169312691,10
2673802,9.770226118679652,10
2673815,9.704636098617486,13
2673823,9.84709034999311,8
2673834,9.783669070443452,11
2673844,9.812067045478447,10
2673853,9.822663698500273,9
2673858,9.912056529771416,5
2673868,9.835546334156387,10
2673880,9.73477256747391,12
2673892,9.735785453844134,12
2673900,9.828990973942439,8
2673907,9.87161910020559,7
2673916,9.80486531496448,9
2673926,9.81758301395521,10
2673927,10.0,1
2673935,9.844952809700407,8
2673936,9.99283667294407,1
2673943,9.88117868944829,7
2673947,9.936823436026891,4
2673964,9.595550307682192,17
2673974,9.791456867549428,10
2673985,9.772227690837987,11
2673994,9.612754841563186,9
2674006,9.744305546267011,12
2674011,9.91129807167861,5
2674027,9.634929432241181,16
2674040,9.723898042614337,13
2674050,9.788905682166337,10
2674058,9.844216194188036,8
2674070,9.757004270889691,12
2674076,9.895959791632297,6
2674086,9.80100103092182,10
2674098,9.734103864944055,12
2674107,9.81593485108869,9
2674126,9.588176279641143,19
2674132,9.894359713667088,6
2674142,9.772109831432369,10
2674152,9.788872420945918,10
2674161,9.835518883346682,9
2674190,9.405672867505258,29
2674191,9.993424010786295,1
2674199,9.837544924024396,8
2674213,9.727806176718842,14
2674231,9.566617546583768,18
2674237,9.904776347735618,6
2674243,9.895047539227008,6
2674251,9.858270171573535,8
2674256,9.915552502204378,5
2674264,9.855665716811043,8
2674275,9.75617983519613,11
2674287,9.748943749260812,12
2674292,9.920756326331396,5
2674306,9.50245135370468,14
2674315,9.827732469446504,9
2674327,9.748375009680952,12
2674338,9.774627665653806,11
2674342,9.94388469420331,4
2674346,9.928301900563163,4
2674349,9.953360642617014,3
2674355,9.90575239046422,6
2674361,9.89320253924929,6
2674371,9.805798480366015,10
2674377,9.896891862565232,6
2674382,9.928190454306943,5
2674392,9.81626162386433,10
2674403,9.758395370385307,11
2674418,9.677247745530936,15
2674423,9.928905388756434,5
2674432,9.818599364326566,9
2674441,9.85503291634723,9
2674453,9.772672703741872,12
2674463,9.779607037607155,10
2674469,9.89002892629755,6
2674475,9.884970157365,6
2674478,9.966836537798752,3
2674489,9.759433384376477,11
2674502,9.716585715439484,13
2674516,9.639158851816887,14
2674522,9.920851807350775,6
2674538,9.618733199207284,16
2674546,9.847212387398697,8
2674559,9.707824463728894,13
2674566,9.878510669496299,7
2674573,9.86493668520423,7
2674581,9.839999329734423,8
2674590,9.828868084283815,9
2674602,9.77828983441028,12
2674609,9.8623181956335,7
2674610,9.996072568912226,1
2674612,9.97792237928147,2
2674613,9.989418915389447,1
2674620,9.85256357375553,7
2674631,9.789388319101242,11
2674646,9.557149750964332,15
2674656,9.79667431264502,10
2674667,9.755422045475282,11
2674672,9.914654636585444,5
2674673,10.0,1
2674684,9.760343797458924,11
2674691,9.887489138637498,7
2674701,9.782799359757975,10
2674705,9.940182261305042,4
2674721,9.640543821520295,16
2674724,9.953795575180687,3
2674737,9.71851438644383,13
2674738,10.0,1
2674739,10.0,1
2674743,9.94472649995345,4
2674754,9.769418278240062,11
2674764,9.789692552329328,10
2674780,9.65845807182415,16
2674793,9.697918631663242,13
2674802,9.806733043575344,9
2674804,9.984818267105831,2
2674816,9.720084700952127,12
2674832,9.683023459450911,16
2674836,9.9345666151772,4
2674843,9.881446375764222,7
2674849,9.888423338627137,6
2674852,9.961291038009096,3
2674860,9.851591270476927,8
2674875,9.640244425942099,15
2674885,9.792473449726877,10
2674894,9.830618252432041,9
2674909,9.686777002002593,15
2674914,9.927083725232999,5
2674916,9.98028487517998,2
2674919,9.956167478042202,3
2674932,9.711202993640295,13
2674938,9.896096838593051,6
2674946,9.850307073730443,8
2674951,9.925913829081091,5
2674960,9.805983994478547,9
2674961,10.0,1
2674972,9.823889473928476,11
2674979,9.871235308474603,7
2674984,9.91549515526389,5
2674994,9.806880651471943,10
2675007,9.712412659651674,13
2675011,9.94295738332749,4
2675021,9.805778590213848,10
2675032,9.786771821685345,11
2675033,10.0,1
2675034,9.995686322434636,1
2675042,9.858455941151645,8
2675056,9.712993749877471,14
2675059,9.958733017817522,3
2675071,9.754635100904824,12
2675082,9.777882773141272,11
2675093,9.774540620429656,11
2675101,9.832216517679502,8
2675117,9.644478182587278,16
2675123,9.878318309529147,6
2675125,9.985302079471555,2
2675137,9.676799768665228,12
2675143,9.894480765578423,6
2675153,9.817038708548756,10
2675169,9.092141287209575,16
2675177,9.839230677823569,8
2675190,9.614070829800038,13
2675200,9.781763335042498,10
2675204,9.936289143266452,4
2675208,9.925436975241375,4
2675209,10.0,1
2675218,9.832616465498745,9
2675229,9.748686704084479,11
2675244,9.68058694204387,15
2675249,9.929959099956276,5
2675255,9.876536905436405,6
2675264,9.83589728342074,9
2675271,9.863117990876898,7
2675277,9.878058862291628,6
2675278,10.0,1
2675293,9.673179535816272,15
2675298,9.931894462949984,5
2675302,9.937863632542905,4
2675312,9.778769100520956,10
2675318,9.903264401644394,6
2675328,9.781310217480659,10
2675336,9.868727094891165,8
2675337,10.0,1
2675343,9.88634611207675,6
2675344,10.0,1
2675351,9.867882075505008,7
2675359,9.856591203667266,8
2675360,10.0,1
2675369,9.730378125430718,9
2675377,9.82500791021912,8
2675385,9.859518946162954,8
2675396,9.762517027209402,11
2675397,10.0,1
2675398,10.0,1
2675406,9.85427344634585,8
2675422,9.44823004623767,16
2675423,10.0,1
2675430,9.888545613086313,7
2675432,9.977615540243143,2
2675433,10.0,1
2675444,9.749670058728022,11
2675454,9.764053470209921,10
2675464,9.794470897314463,10
2675465,10.0,1
2675479,9.682828425695666,14
2675485,9.88164420806556,6
2675490,9.923669739253855,5
2675502,9.738203772872227,12
2675510,9.822174914859358,8
2675517,9.86374666208889,7
2675530,9.729572860377722,13
2675535,9.909969295881329,5
2675544,9.828786706850991,9
2675550,9.868084718238883,6
2675564,9.734239000188026,14
2675575,9.737630929288892,11
2675576,10.0,1
2675582,9.886431661287649,6
2675589,9.864567662992387,7
2675590,10.0,1
2675604,9.707957181009768,14
2675606,9.966807504393334,2
2675620,9.56901272847303,14
2675625,9.91812860494186,5
2675629,9.945056940724685,4
2675636,9.88574571841926,7
2675652,9.535722600950807,16
2675654,9.983912014444748,2
2675659,9.901224237220115,5
2675672,9.715029754125926,13
2675680,9.83835094874612,8
2675693,9.725309648188066,13
2675699,9.8777340352227,6
2675716,9.643678473177069,17
2675724,9.639603513390929,8
2675746,9.064345875319496,22
2675754,9.749402637233024,8
2675766,9.774804339511828,12
2675777,9.737915098959688,11
2675791,9.339698150482814,14
2675804,9.431415563790797,13
2675813,9.825136756889087,9
2675833,9.529550873373141,20
2675834,9.988593333889781,1
2675835,10.0,1
2675846,9.762394472304946,11
2675849,9.959630245237145,3
2675850,10.0,1
2675851,10.0,1
2675867,9.63273492098553,16
2675880,9.69853208237754,13
2675897,9.638423376081166,17
2675908,9.75464492027738,11
2675923,9.694509461003344,15
2675935,9.733281064864187,12
2675938,9.948853431611166,3
2675949,9.774268829579203,11
2675959,9.782998042522603,10
2675983,9.328883511053807,24
2675993,9.80173044923133,10
2676009,9.64817518903646,16
2676010,10.0,1
2676021,9.733878784329642,11
2676022,10.0,1
2676031,9.806155791853541,9
2676032,10.0,1
2676033,10.0,1
2676043,9.79218129902676,10
2676054,9.727628561778673,11
2676069,9.645096069023655,15
2676081,9.723683691961641,12
2676088,9.8689899648825,7
2676091,9.963323594682093,3
2676098,9.868519958385837,7
2676101,9.950707462450545,3
2676110,9.82569869845924,9
2676113,9.955432566144628,3
2676118,9.92105498350867,5
2676119,10.0,1
2676124,9.927217505018731,5
2676130,9.889623141001444,6
2676136,9.884477882467309,6
2676143,9.86218525446198,7
2676153,9.797090950089906,10
2676156,9.949977340412563,3
2676157,10.0,1
2676159,9.968878642170289,2
2676172,9.740956231951627,13
2676184,9.737422115754173,12
2676193,9.801895823646959,9
2676198,9.915536015704228,5
2676207,9.832370022949302,9
2676218,9.776925295114344,11
2676228,9.810334066723488,10
2676240,9.714000646167069,12
2676245,9.927221685770222,5
2676253,9.870243590054635,8
2676274,9.525467762404867,21
2676285,9.78217661554486,11
2676286,10.0,1
2676287,10.0,1
2676297,9.778023177676058,10
2676299,9.981571468941878,2
2676302,9.971852296174573,3
2676303,9.988104340108984,1
2676308,9.91391556423723,5
2676319,9.770405482171268,11
2676320,10.0,1
2676337,7.517610405907924,17
2676346,9.79163163525487,9
2676354,9.85008832823501,8
2676365,9.768735201753254,11
2676366,10.0,1
2676369,9.955294687001262,3
2676371,9.975370863331788,2
2676392,9.593237969318993,21
2676403,9.787201662680038,11
2676412,9.841126662439228,9
2676416,9.934172359277092,4
2676421,9.920184177439573,5
2676434,9.698191020848913,13
2676441,9.872157599371674,7
2676458,9.585851446835852,17
2676460,9.983416755447157,2
2676473,9.720419954212835,13
2676475,9.970602958891687,2
2676486,9.746525573390723,11
2676493,9.861080336721788,7
2676502,9.842023161703617,9
2676515,9.72122191169483,13
2676531,9.632949573420342,16
2676533,9.973007539278054,2
2676548,9.655490833820508,15
2676551,9.971458491997389,3
2676560,9.808425970581427,9
2676564,9.936228862566354,4
2676569,9.928805650575708,5
2676576,9.882022802879463,7
2676579,9.965716269074667,3
2676591,9.730960421011726,12
2676592,9.989212709941038,1
2676603,9.789802327240638,11
2676616,9.72127504636185,13
2676641,9.522167495403972,25
2676642,10.0,1
2676654,9.755632181604865,12
2676666,9.74824198165627,12
2676673,9.855549902305654,7
2676683,9.789768046338336,10
2676698,9.662091091241539,15
2676707,9.797334544513763,9
2676724,9.692959509303193,17
2676738,9.725604443767784,14
2676747,9.809131830887498,9
2676748,10.0,1
2676755,9.86899179303834,7
2676764,9.82337236804502,9
2676765,9.98847845737022,1
2676773,9.848549034557887,8
2676782,9.82061369140505,9
2676784,9.975751300781454,2
2676802,9.582046487452283,18
2676810,9.855315612908932,8
2676811,10.0,1
2676826,9.661067894236458,15
2676834,9.83864628046925,8
2676838,9.931006927072723,4
2676851,9.345402613002577,13
2676863,9.756411749574093,12
2676876,9.718721271185933,13
2676900,9.502233281064733,24
2676910,9.791121171452065,10
2676918,9.831735883117021,8
2676921,9.957872723366803,3
2676935,9.690703000356983,14
2676936,10.0,1
2676943,9.89000381329882,7
2676952,9.872606277969599,9
2676962,9.769009273152342,10
2676973,9.782062647717176,11
2676983,9.67992917727555,10
2676990,9.858242104827516,7
2677004,9.750293111168238,14
2677017,9.68990720050416,13
2677026,9.825889043649038,9
2677039,9.728019058219903,13
2677050,9.771358919919233,11
2677051,9.996368038923379,1
2677062,9.778325117329532,11
2677073,9.75172074867647,11
2677081,9.857446788824321,8
2677089,9.831920252990964,8
2677094,9.917945271508854,5
2677102,9.853558343569093,8
2677113,9.764558423512591,11
2677118,9.919969380420268,5
2677127,9.82939077840028,9
2677128,10.0,1
2677149,9.493559507170074,21
2677161,9.741249721486968,12
2677166,9.90739337273176,5
2677173,9.856492213393354,7
2677179,9.874094866263325,6
2677191,9.738085896771143,12
2677209,9.590115969084746,18
2677210,10.0,1
2677222,9.737882877345962,12
2677225,9.955003870698873,3
2677240,9.706429485795692,15
2677256,9.299670309704107,16
2677260,9.936527675282512,4
2677263,9.963403433814907,3
2677270,9.863731889011996,7
2677282,9.788436038992328,12
2677289,9.867890156099795,7
2677301,9.723027457669932,12
2677315,9.710639410642633,14
2677325,9.805026168435484,10
2677348,9.464643666787053,23
2677355,9.870650137427312,7
2677371,9.611976380471754,16
2677377,9.899622473116828,6
2677397,9.528607991838864,20
2677405,9.834753666551073,8
2677414,9.811083729093191,9
2677418,9.943031498009608,4
2677425,9.883332048600222,7
2677426,9.993400223009372,1
2677431,9.92390179404277,5
2677433,9.976274530385389,2
2677434,10.0,1
2677440,9.908309408461966,6
2677454,9.679040145335005,14
2677463,9.842346867775705,9
2677474,9.582581682867119,11
2677486,9.763793298365393,12
2677490,9.934353577749789,4
2677498,9.824155236678472,8
2677511,9.68136366324773,13
2677520,9.849432573776326,9
2677535,9.624990798951885,15
2677542,9.772683748169007,7
2677550,9.832387993738111,8
2677551,10.0,1
2677560,9.810488286209605,9
2677563,9.961748114333027,3
2677572,9.80553918048915,9
2677573,10.0,1
2677576,9.960064789805058,3
2677580,9.932380581278993,4
2677585,9.91719583393152,5
2677592,9.879053369667876,7
2677605,9.687086060858622,13
2677615,9.786009386277284,10
2677616,10.0,1
2677617,9.9924441346385,1
2677623,9.896487098570843,6
2677634,9.781890150974691,11
2677637,9.95871377634692,3
2677647,9.804556781912385,10
2677651,9.93007149864962,4
2677670,9.587905553280399,19
2677682,9.802426932959099,12
2677693,9.750285845306513,11
2677698,9.916290867622921,5
2677705,9.882758482492761,7
2677724,9.541185277196565,19
2677727,9.956428738099262,3
2677741,9.714548711255244,14
2677752,9.800325252845568,11
2677754,9.984479536210772,2
2677761,9.866836433930406,7
2677766,9.915249115910933,5
2677772,9.899715749900906,6
2677773,10.0,1
2677779,9.894156725753222,6
2677786,9.855317910133271,7
2677792,9.895050348476326,6
2677795,9.955480715530234,3
2677801,9.876964966804303,6
2677810,9.801755384955166,9
2677817,9.884622239430099,7
2677836,9.598133112669116,19
2677838,9.975714455968898,2
2677848,9.784075915997414,10
2677855,9.848970191717731,7
2677871,9.538216842675768,16
2677881,9.774223472444305,10
2677890,9.829031668288305,9
2677891,10.0,1
2677894,9.962857991796533,3
2677905,9.77863927414649,11
2677913,9.847045322409171,8
2677926,9.792267134775729,13
2677933,9.86554487075636,7
2677937,9.926005544641441,4
2677945,9.844053657469837,8
2677959,9.68213362850585,14
2677960,9.996299099024828,1
2677968,9.843893790268112,8
2677984,9.654192183126915,16
2677985,9.993301301765786,1
2677989,9.930581537089626,4
2678000,9.751557869254498,11
2678019,8.766099560931366,19
2678039,9.554080791968069,20
2678051,9.755082714231072,12
2678059,9.814043165455239,8
2678073,9.707543001055233,14
2678074,9.996525058601442,1
2678084,9.773445762948567,10
2678090,9.882962679721459,6
2678098,9.839992883490197,8
2678115,9.569207326659747,17
2678120,9.91261713784666,5
2678132,9.705509679799917,12
2678141,9.816275955789562,9
2678148,9.8670234792428,7
2678156,9.855807032514898,8
2678164,9.843826553567522,8
2678165,10.0,1
2678184,9.502184311025985,19
2678193,9.80413077060863,9
2678204,9.770576964511704,11
2678208,9.944683501392806,4
2678227,9.645530414453916,19
2678238,9.768363367073656,11
2678248,9.796783722728675,10
2678257,9.852074415547955,9
2678262,9.922753278884622,5
2678280,9.14547793892137,18
2678290,9.834133522504393,10
2678300,9.779754247528821,10
2678309,9.826912469842881,9
2678310,9.988388956010565,1
2678317,9.894125809053648,7
2678321,9.944536567393524,4
2678322,10.0,1
2678330,9.849881560101931,8
2678336,9.884999197272588,6
2678345,9.78489601558599,9
2678352,9.878899677707846,7
2678362,9.797718858232017,10
2678363,9.99230966217146,1
2678364,10.0,1
2678374,9.790730201439832,10
2678413,9.318153320722327,39
2678417,9.934585467544206,4
2678432,9.687477027527843,15
2678433,10.0,1
2678434,9.992522541069627,1
2678443,9.828825798763418,9
2678444,10.0,1
2678449,9.902263661116226,5
2678458,9.814542423990282,9
2678465,9.879147878619275,7
2678466,10.0,1
2678477,9.79434344730388,11
2678481,9.943390558627781,4
2678488,9.872486238787298,7
2678495,9.87999757780974,7
2678505,9.767772766050038,10
2678506,10.0,1
2678510,9.948259302897416,4
2678517,9.878236233640504,7
2678527,9.770986860111057,10
2678537,9.806655418392054,10
2678547,9.797489751112021,10
2678552,9.909859502947047,5
2678558,9.902943373989306,6
2678568,9.806699267155915,10
2678575,9.86422017869943,7
2678577,9.981202357825065,2
2678579,9.979347860091606,2
2678592,9.719913514848674,13
2678597,9.92411938014005,5
2678602,9.910066221521236,5
2678603,10.0,1
2678609,9.880415226946601,6
2678618,9.837425786500333,9
2678623,9.915018979884822,5
2678625,9.978404829351609,2
2678633,9.850059355013657,8
2678635,9.96919337849741,2
2678645,9.79753935985724,10
2678653,9.869612856286883,8
2678660,9.848404446137641,7
2678671,9.794737041151414,11
2678676,9.90742462474324,5
2678680,9.941215215173944,4
2678689,9.797794741042267,9
2678694,9.93552875088333,5
2678696,9.969842749831768,2
2678712,9.659759602552493,16
2678714,9.977160979271039,2
2678717,9.962052401032626,3
2678729,9.784002674014182,12
2678734,9.911101667126006,5
2678743,9.806947650664098,9
2678749,9.893576090657337,6
2678761,9.747496602484784,12
2678771,9.793961015736771,10
2678772,10.0,1
2678773,9.99555671083666,1
2678780,9.844627459085872,7
2678782,9.979591807176003,2
2678789,9.86465260772692,7
2678803,9.6865922629064,14
2678808,9.893816716196328,5
2678814,9.888796796622357,6
2678818,9.936415683878707,4
2678823,9.914220328263893,5
2678835,9.735582129232489,12
2678836,9.987316304498965,1
2678839,9.962372256877416,3
2678841,9.970135592829811,2
2678850,9.790550972423047,9
2678866,9.636451516390885,16
2678875,9.80380198362084,9
2678881,9.90093224021478,6
2678890,9.826507257927206,9
2678903,9.7257633698602,13
2678909,9.898399056324797,6
2678912,9.950668264584506,3
2678921,9.819388415743274,9
2678933,9.724984432603096,12
2678944,9.782730352585045,11
2678950,9.92323417547301,6
2678966,9.659228991891489,16
2678980,9.707343877363291,14
2678987,9.877752720598384,7
2679000,9.71602422617672,13
2679004,9.931668892793503,4
2679005,9.996434533740382,1
2679007,9.972238374420147,2
2679011,9.930383875956725,4
2679019,9.852120297418045,8
2679023,9.936019321883984,4
2679037,9.69355684630267,14
2679040,9.95273057373172,3
2679052,9.735730012460422,12
2679057,9.930643895844613,5
2679068,9.771725300193983,11
2679082,9.68532102450111,14
2679089,9.86663170715003,7
2679094,9.924824374605533,5
2679098,9.932507571587541,4
2679117,9.599738332119445,19
2679121,9.942348427225486,4
2679131,9.79391328333669,10
2679132,10.0,1
2679137,9.924078789360093,5
2679146,9.872998357731174,9
2679152,9.812112756273875,6
2679166,9.70955746432514,14
2679175,9.811234764895824,9
2679183,9.82391784227664,8
2679197,9.586912406158365,14
2679204,9.883775356320545,7
2679215,9.768726198264778,11
2679226,9.758774509655767,11
2679237,9.777990037257574,11
2679238,10.0,1
2679249,9.769886499217085,11
2679262,9.70821838255493,13
2679263,10.0,1
2679264,10.0,1
2679276,9.75982297099039,12
2679279,9.948674335041924,3
2679287,9.853374350537331,8
2679301,9.702517541159079,14
2679308,9.859963219342825,7
2679309,10.0,1
2679319,9.78595710434989,10
2679331,9.722876735835975,12
2679344,9.726016259291947,13
2679349,9.916955543788978,5
2679355,9.911412596926127,6
2679360,9.929734231621289,5
2679367,9.880287545366077,7
2679374,9.859439930539233,7
2679384,9.796611985800583,10
2679397,9.74847967978051,13
2679408,9.757762080127552,11
2679414,9.875865172509268,6
2679415,9.988783583346526,1
2679416,10.0,1
2679421,9.918652054716969,5
2679434,9.716295875138366,13
2679441,9.875688757246003,7
2679447,9.881413186964373,6
2679448,10.0,1
2679465,9.597374763988999,17
2679476,9.767959212423039,11
2679483,9.864261031128544,7
2679487,9.949614822277,4
2679495,9.844053477313604,8
2679508,9.719087626409108,13
2679519,9.762392860055382,11
2679534,9.648835369429936,15
2679545,9.643758656514265,11
2679547,9.872566039692353,2
2679557,9.787164087829092,10
2679566,9.839322501996973,9
2679581,9.642764104232134,15
2679584,9.95387488168583,3
2679594,9.79845517949573,10
2679603,9.79652548508057,9
2679608,9.903001676400084,5
2679619,9.765687448555457,11
2679625,9.904492149832215,6
2679637,9.729628256449054,12
2679645,9.852306442742684,8
2679655,9.800994384816827,10
2679657,9.977315757726863,2
2679658,10.0,1
2679665,9.849831927536107,7
2679682,9.652904909249017,17
2679683,10.0,1
2679684,10.0,1
2679688,9.92438904825286,4
2679699,9.764770468574051,11
2679707,9.827932267607913,8
2679715,9.83656047649308,8
2679724,9.822729440166132,9
2679731,9.849279902412583,7
2679744,9.71583450571299,13
2679754,9.768117432358803,10
2679766,9.742456709854737,12
2679770,9.934644335431402,4
2679779,9.801995198200245,9
2679785,9.882062500211982,6
2679792,9.865072629357176,7
2679803,9.743359132486578,11
2679811,9.845415681222677,8
2679821,9.604521506484518,10
2679827,9.902792437197167,6
2679840,9.717822016935978,13
2679848,9.83173246541399,8
2679858,9.779675306722437,10
2679866,9.732535827240733,8
2679878,9.76009297787063,12
2679892,9.715451825471364,14
2679903,9.783914741219755,11
2679911,9.847852448004637,8
2679917,9.886733368554685,6
2679920,9.958537156363601,3
2679923,9.85017357961063,3
2679931,9.881612028346435,8
2679932,9.996437601450646,1
2679939,9.868221000739481,7
2679947,9.858746725753956,8
2679956,9.822523732454686,9
2679965,9.823753701440495,9
2679976,9.794310152584686,11
2679977,10.0,1
2679987,9.791868275635549,10
2680005,9.665187850037697,18
2680015,9.798094708794471,10
2680031,9.643020848423209,16
2680038,9.848795146988786,7
2680044,9.878658206091194,6
2680052,9.859564821419555,8
2680061,9.815706433765111,9
2680080,9.5843383759877,19
2680093,9.693971660826648,13
2680110,9.658776046837929,17
2680131,9.46712062823792,21
2680140,9.840525469911148,9
2680141,10.0,1
2680144,9.954863820047523,3
2680160,9.718484640218932,16
2680164,9.933824695874385,4
2680167,9.959894780694235,3
2680182,9.719473907108153,15
2680194,9.7514014498218,12
2680201,9.8726273277898,7
2680210,9.8160702672228,9
2680212,9.976326168204343,2
2680232,9.632619899829649,20
2680233,9.988828783916894,1
2680235,9.97897689985446,2
2680243,9.854499162881766,8
2680249,9.894542854998138,6
2680253,9.935439182244975,4
2680254,10.0,1
2680266,9.751167146257119,12
2680270,9.954489161282435,4
2680283,9.69226739890781,13
2680294,9.774343757831783,11
2680295,10.0,1
2680305,9.718238325883844,10
2680317,9.630827534408592,12
2680318,10.0,1
2680328,9.765926592620046,10
2680329,9.992150038999975,1
2680333,9.928284105162994,4
2680341,9.842591038082139,8
2680347,9.889866883367958,6
2680360,9.717991462754348,13
2680377,9.509367817263731,17
2680388,9.778073458730839,11
2680398,9.802331359936662,10
2680400,9.985112911156929,2
2680415,9.684833887768983,15
2680425,9.771610050563892,10
2680426,10.0,1
2680437,9.768790661409572,11
2680446,9.78755489159171,9
2680459,9.723196703833079,13
2680468,9.840285526003294,9
2680476,9.85230224978234,8
2680495,9.52417502952988,19
2680507,9.733065468904115,12
2680514,9.87215814932311,7
2680524,9.79043555555222,10
2680534,9.79126931292241,10
2680544,9.787369590829602,10
2680552,9.85388294024948,8
2680556,9.926454119060562,4
2680588,9.29953997638246,32
2680594,9.891742812283596,6
2680598,9.737194484379856,4
2680611,9.735406614374975,13
2680622,9.752844696241812,11
2680623,10.0,1
2680633,9.780156190222877,10
2680644,9.767047133533593,11
2680653,9.824890146881739,9
2680667,9.658652940305242,14
2680673,9.89940485089178,6
2680685,9.796136257724282,12
2680692,9.874319664786915,7
2680699,9.864072234264846,7
2680716,9.639856525761733,17
2680717,10.0,1
2680719,9.975134571889717,2
2680728,9.82403332645931,9
2680732,9.932831803439626,4
2680741,9.819385215999823,9
2680753,9.759059430035752,12
2680764,9.770200417274353,11
2680772,9.841634995290073,8
2680782,9.826894681222694,10
2680793,9.76371258957913,11
2680806,9.505148031118749,13
2680809,9.955186119079077,3
2680814,9.916811745693511,5
2680839,9.450504702050726,25
2680840,10.0,1
2680856,9.625864142310297,16
2680863,9.864616296574006,7
2680866,9.959213912310107,3
2680880,9.666805544496958,14
2680885,9.922113371083963,5
2680901,9.625165869871736,16
2680902,10.0,1
2680914,9.752195018543302,12
2680923,9.816476122692622,9
2680929,9.896127129871642,6
2680944,9.643887422545847,15
2680960,9.647443280515866,16
2680976,9.654604848084265,16
2680997,9.57310918222386,21
2681006,9.803617103948284,9
2681015,9.821786055942125,9
2681016,9.996601180218295,1
2681024,9.868844240438513,8
2681025,10.0,1
2681030,9.919947077270141,5
2681037,9.879253387221903,7
2681049,9.730321696144497,12
2681061,9.734348870024482,12
2681062,10.0,1
2681075,9.697344843106924,13
2681080,9.917240039559779,5
2681089,9.82558851271846,9
2681092,9.846627633309486,3
2681093,9.988752152849004,1
2681099,9.90713938355974,6
2681109,9.573779656628094,10
2681116,9.866794613207583,7
2681133,9.60974896665705,17
2681138,9.922659147111476,5
2681146,9.850877031649931,8
2681158,9.741901948534366,12
2681170,9.71831265320333,12
2681171,10.0,1
2681179,9.856718288742671,8
2681180,10.0,1
2681194,9.502799864751031,14
2681203,9.819437413648869,9
2681218,9.444841052008245,15
2681219,10.0,1
2681227,9.843252168990517,8
2681234,9.867621440009039,7
2681246,9.743344586860232,12
2681247,10.0,1
2681257,9.781770397134764,10
2681272,9.65041909027856,15
2681282,9.804470690312638,10
2681294,9.747711965068804,12
2681298,9.941605897708168,4
2681309,9.765168977991808,11
2681318,9.823004257195471,9
2681331,9.699224069022158,13
2681343,9.746172955344962,12
2681350,9.865159680970516,7
2681356,9.90085645203651,6
2681357,10.0,1
2681367,9.776074625307938,10
2681375,9.842182869241423,8
2681376,9.987569547957428,1
2681377,10.0,1
2681397,9.473844231171352,20
2681401,9.937187295806456,4
2681403,9.974148317353169,2
2681411,9.83686428824519,8
2681414,9.953147135923114,3
2681415,10.0,1
2681433,9.611196341267593,18
2681441,9.868165617988808,8
2681444,9.955243991841543,3
2681450,9.903030541245634,6
2681457,9.869464122288873,7
2681464,9.873301601948075,7
2681475,9.740588713471457,11
2681489,9.6615658418062,14
2681496,9.871840740856403,7
2681501,9.927060350905105,5
2681510,9.809680907530533,9
2681518,9.846162656325387,8
2681529,9.796863102843634,11
2681533,9.939696280964434,4
2681537,9.930206418036052,4
2681547,9.79542195833639,10
2681549,9.978193161895467,2
2681550,10.0,1
2681564,8.716074131645778,14
2681574,9.7819436182934,10
2681585,9.768659631522414,11
2681597,9.799365692744631,12
2681607,9.806690671256893,10
2681616,9.848976247377404,9
2681622,9.899660415027167,6
2681630,9.854938790090202,8
2681642,9.770103420938776,12
2681643,9.996432643396822,1
2681644,10.0,1
2681652,9.846602237636763,8
2681661,9.827815815571986,9
2681668,9.877326902289598,7
2681669,9.989039163104323,1
2681677,9.85208961864021,8
2681690,9.700632124722015,13
2681704,9.715009810178083,14
2681706,9.973050407019649,2
2681716,9.809566667798919,10
2681724,9.86205706713977,8
2681734,9.817452149481745,10
2681744,9.795335488994228,10
2681756,9.75392712032129,12
2681759,9.969829220546229,3
2681765,9.885636807462436,6
2681775,9.79138589914935,10
2681779,9.94804519601184,4
2681780,10.0,1
2681800,9.554104933503922,20
2681801,10.0,1
2681808,9.885131106444025,7
2681812,9.93412510440983,4
2681821,9.823585156686166,9
2681829,9.858757111370902,8
2681834,9.907897183594867,5
2681835,10.0,1
2681840,9.930855098622896,5
2681849,9.819270285633806,9
2681850,10.0,1
2681852,9.972379448539456,2
2681858,9.877382736174072,6
2681865,9.860342217508917,7
2681874,9.800331535257454,9
2681884,9.777114697782624,10
2681896,9.754408101518784,12
2681908,9.736493734063666,12
2681912,9.935939671371656,4
2681916,9.95279932038729,4
2681917,10.0,1
2681918,10.0,1
2681932,9.66629197821388,14
2681941,9.797076593418238,9
2681956,9.748006242876952,15
2681963,9.856582920272713,7
2681972,9.823044798301357,9
2681977,9.92931594370085,5
2681985,9.842111090947068,8
2681995,9.810986822976108,10
2682002,9.859205972449143,7
2682013,9.765177724807314,11
2682025,9.78070869317275,12
2682030,9.907593695025236,5
2682041,9.780024517296685,11
2682049,9.859989972172988,8
2682060,9.747026351214842,11
2682063,9.946167672343242,3
2682071,9.85189692796783,8
2682076,9.914685309766574,5
2682082,9.916587460958024,6
2682096,9.690710709282122,14
2682105,9.813141672853563,9
2682106,10.0,1
2682118,9.714775643932818,12
2682119,10.0,1
2682124,9.917822466831119,5
2682131,9.87513840043415,7
2682144,9.715479498275123,13
2682153,9.824854120862401,9
2682158,9.910108882628442,5
2682163,9.916044077338903,5
2682173,9.802706115542916,10
2682184,9.785284493383054,11
2682185,10.0,1
2682188,9.951960076550781,3
2682193,9.903298606091486,5
2682211,9.564838572303596,18
2682213,9.976034666643297,2
2682222,9.707658102118256,9
2682225,9.946038145495615,3
2682232,9.656807791793709,7
2682243,9.759538139195786,11
2682252,9.818411315118379,9
2682253,9.995990785068523,1
2682265,9.737423506727396,12
2682276,9.788001022746824,11
2682290,9.663166267894942,14
2682300,9.81616150528659,10
2682303,9.960787954485705,3
2682316,9.708048222438993,13
2682327,9.813506715014675,11
2682330,9.9681197612706,3
2682340,9.609613716077188,10
2682358,9.607464383509981,18
2682369,9.792058428954181,11
2682377,9.634079632230891,8
2682387,9.832743086952716,10
2682401,9.70248755249187,14
2682402,10.0,1
2682403,10.0,1
2682412,9.809885340395454,9
2682419,9.844386956634485,7
2682420,10.0,1
2682437,9.60700003539932,17
2682438,10.0,1
2682443,9.909121184717057,5
2682451,9.841805133928542,8
2682452,10.0,1
2682455,9.954616593551927,3
2682458,9.951229135295058,3
2682474,9.642650614562225,16
2682482,9.803719185578537,8
2682487,9.91475461081411,5
2682504,9.61392040722528,17
2682505,9.985445027245445,1
2682513,9.8664635105357,8
2682517,9.929639407594335,4
2682527,9.79011366702939,10
2682528,10.0,1
2682541,9.721385793638165,13
2682553,9.723944096473383,12
2682557,9.740959185000477,4
2682564,9.872188247954224,7
2682585,9.483641632689794,21
2682592,9.889829259523795,7
2682600,9.847157367105936,8
2682603,9.962048868628042,3
2682610,9.849611390540028,7
2682619,9.800168157050344,9
2682627,9.8520336356449,8
2682637,9.808964940041228,10
2682641,9.939095870301724,4
2682652,9.766133227380227,11
2682671,9.666726256375668,19
2682672,10.0,1
2682688,9.643057598638276,16
2682701,9.760760244738865,13
2682709,9.863431682642355,8
2682722,9.725861440374132,13
2682728,9.918329754588893,6
2682731,9.96780810576532,3
2682744,9.705227463322794,13
2682754,9.834773687958112,10
2682755,10.0,1
2682756,9.992616136494208,1
2682757,10.0,1
2682770,9.743208675912074,13
2682777,9.890835153984483,7
2682789,9.755728333591255,12
2682806,9.640211387966657,17
2682815,9.825059335469119,9
2682822,9.902773916316967,7
2682831,9.807863129949169,9
2682840,9.827065264856067,9
2682846,9.879561192493659,6
2682858,9.714518967176277,12
2682865,9.868643859984779,7
2682874,9.79138233401697,9
2682886,9.722861596059046,12
2682895,9.811646883076111,9
2682911,9.606874438754353,16
2682926,9.722046965284552,15
2682935,9.814689720104003,9
2682940,9.925909098215323,5
2682947,9.886953364330672,7
2682957,9.7873546793911,10
2682966,9.845175146744825,9
2682968,9.974812931215707,2
2682980,9.730554935367417,12
2682986,9.900649214296841,6
2682994,9.844502247981385,8
2683012,9.28845752854348,18
2683023,9.75721692461671,11
2683032,9.810740563192224,9
2683038,9.917527411386953,6
2683040,9.984581787836987,2
2683044,9.933050980857415,4
2683053,9.861857154835258,9
2683054,10.0,1
2683065,9.75364805391904,11
2683089,9.50872813560891,24
2683094,9.930842594581625,5
2683103,9.807861712008409,9
2683114,9.76710282931004,11
2683115,10.0,1
2683130,9.660570001519973,15
2683137,9.86875255910645,7
2683151,9.69791371975333,14
2683152,10.0,1
2683167,9.701722390482319,15
2683168,10.0,1
2683176,9.818027607378399,8
2683194,9.595625187583535,18
2683197,9.957772928957887,3
2683200,9.962477702687591,3
2683205,9.928747354396245,5
2683216,9.75735425638768,11
2683223,9.87277784535461,7
2683224,9.996737801084203,1
2683233,9.822179498010499,9
2683247,9.726826581139843,14
2683251,9.942322686375944,4
2683259,9.848857140705888,8
2683265,9.88852814736112,6
2683275,9.786528022963857,10
2683278,9.958725625540687,3
2683281,9.951846624595412,3
2683293,9.75563270737771,12
2683300,9.85521155864085,7
2683310,9.79660794447939,10
2683322,9.76556107789383,12
2683333,9.769259736106758,11
2683334,10.0,1
2683340,9.899053581183244,6
2683345,9.921526584828976,5
2683357,9.764678746411033,12
2683368,9.757522419141404,11
2683371,9.946634388284783,3
2683372,10.0,1
2683383,9.67903293776371,11
2683384,9.992159754319399,1
2683396,9.720156840616175,12
2683411,9.665620209776788,15
2683412,10.0,1
2683417,9.905464854914104,5
2683418,10.0,1
2683424,9.883185634912714,6
2683431,9.884038735611364,7
2683443,9.741958989427156,12
2683449,9.88190007487208,6
2683451,9.974832912802782,2
2683457,9.884050497433464,6
2683458,9.996216003328147,1
2683468,9.785511611487243,10
2683485,9.647543224426318,17
2683493,9.823650260530453,8
2683502,9.8142246721924,9
2683508,9.905980277624634,6
2683514,9.892768662077135,6
2683521,9.86361423104318,7
2683528,9.881401111253776,7
2683533,9.919017974240077,5
2683542,9.803412811510936,9
2683551,9.838836078984421,9
2683568,9.651714863233838,17
2683575,9.893325465682118,7
2683580,9.909097801110521,5
2683590,9.823326112354971,10
2683600,9.760018226483245,10
2683611,9.80035213008899,11
2683619,9.838997033729731,8
2683625,9.887260999806921,6
2683637,9.73050060857221,12
2683646,9.82316308655387,9
2683657,9.770563862052848,11
2683663,9.898656931844886,6
2683674,9.775028278710447,11
2683675,10.0,1
2683677,9.970165588476014,2
2683687,9.795443361148484,10
2683697,9.821680190266518,10
2683710,9.740664998426281,13
2683714,9.952841498771653,4
2683727,9.73387223004718,13
2683731,9.951210997018029,4
2683742,9.756217078981804,11
2683747,9.919962164086341,5
2683762,9.465226133384496,15
2683772,9.828844393562388,10
2683783,9.777286877395285,11
2683793,9.797625469169153,10
2683800,9.8660665273458,7
2683808,9.861360120118182,8
2683820,9.722711560079551,12
2683837,9.615981192968231,17
2683848,9.780848159217324,11
2683860,9.733095797730728,12
2683866,9.904596800659611,6
2683873,9.909734339996756,7
2683876,9.95663737753277,3
2683886,9.779721627335762,10
2683893,9.860313056590458,7
2683899,9.903729937586675,6
2683914,9.293291522943747,15
2683928,9.57889805465986,14
2683939,9.788162698266518,11
2683941,9.983657495315557,2
2683953,9.792925012587757,12
2683960,9.856525797518934,7
2683982,9.554043338880353,22
2684000,9.582241855048872,18
2684008,9.822809947214996,8
2684011,9.969617606413047,3
2684018,9.847446184683369,7
2684032,9.679334947068247,14
2684042,9.835732141857672,10
2684048,9.908613949598546,6
2684053,9.906827367215259,5
2684054,10.0,1
2684063,9.822593961049948,9
2684069,9.893511708454843,6
2684077,9.844660534156072,8
2684082,9.908193542615198,5
2684102,9.535624364160848,20
2684109,9.88399650816914,7
2684123,9.703979227269173,14
2684133,9.795508735573842,10
2684147,9.675114463349113,14
2684151,9.95397861636213,4
2684152,10.0,1
2684164,9.745184983356712,12
2684179,9.677472203656736,15
2684191,9.751049782517617,12
2684199,9.852252274689402,8
2684217,9.58068493740542,18
2684218,9.996746916698612,1
2684231,9.754645181225158,13
2684237,9.86980476851248,6
2684242,9.920932047999337,5
2684251,9.819741367058063,9
2684263,9.752861452779822,12
2684274,9.729047715440778,11
2684286,9.743759356917215,12
2684287,10.0,1
2684299,9.734028653897694,12
2684310,9.76093127974354,11
2684326,9.623302009384659,16
2684330,9.94503599883168,4
2684334,9.932410459486688,4
2684338,9.933851584893116,4
2684348,9.811541845725856,10
2684358,9.789745218347782,10
2684361,9.964927775145618,3
2684381,9.46392579242603,20
2684387,9.911749832779007,6
2684390,9.951189636456874,3
2684398,9.826500945051933,8
2684404,9.889895153362753,6
2684413,9.858524913857659,9
2684422,9.823799049811694,9
2684428,9.900818692527215,6
2684438,9.793572993658811,10
2684445,9.766906404462212,7
2684453,9.873043061864387,8
2684474,9.548309753829368,21
2684491,9.542440057202963,17
2684492,10.0,1
2684508,9.62105310266883,16
2684514,9.908701592354268,6
2684515,10.0,1
2684523,9.883261007980588,8
2684531,9.853617557114632,8
2684541,9.799658466090792,10
2684548,9.866955867012997,7
2684557,9.799627152905577,9
2684563,9.913322439697282,6
2684564,10.0,1
2684581,9.213595252769702,17
2684589,9.844812211486905,8
2684602,9.727317341610773,13
2684605,9.957021569439213,3
2684608,9.95340589207383,3
2684615,9.852541679178021,7
2684628,9.708270662233348,13
2684641,9.74780642778348,13
2684678,9.399507535067766,37
2684679,10.0,1
2684680,9.988517047085004,1
2684693,9.752714531428818,13
2684709,9.637248021801812,16
2684710,10.0,1
2684723,9.621766957342102,13
2684729,9.889600830523039,6
2684734,9.821867948506181,5
2684741,9.862528415990004,7
2684750,9.79109431050437,9
2684763,9.080079893490877,13
2684780,9.61119634695002,17
2684786,9.898155145921564,6
2684799,9.736592586377727,13
2684804,9.902247677492586,5
2684814,9.815052220027274,10
2684822,9.854518150661388,8
2684832,9.794258468326888,10
2684842,9.804601289114773,10
2684847,9.924585578374998,5
2684850,9.963863352319525,3
2684854,9.935717707691689,4
2684855,10.0,1
2684867,9.583429022153883,12
2684875,9.852381818383936,8
2684880,9.905718490447622,5
2684884,9.941808657086371,4
2684887,9.956285279209926,3
2684896,9.836906928536063,9
2684907,9.768224188198072,11
2684909,9.981509602638216,2
2684921,9.753629425367226,12
2684928,9.867210044224953,7
2684936,9.878048651201835,8
2684939,9.961534193885836,3
2684952,9.728636476669054,13
2684964,9.724096254084694,12
2684978,9.655258953709692,14
2684988,9.81081966000385,10
2685002,9.671137388808477,14
2685011,9.836069409465132,9
2685025,9.682639546817516,14
2685032,9.868662779498809,7
2685043,9.777834294549827,11
2685063,9.519527035435415,20
2685071,9.855152193384647,8
2685077,9.891629413695126,6
2685078,10.0,1
2685088,9.799767393815587,10
2685089,10.0,1
2685090,9.993169323074797,1
2685095,9.920056016930888,5
2685101,9.913170775658227,6
2685102,10.0,1
2685119,9.618510528067645,17
2685121,9.982053658604443,2
2685136,9.74975395991352,15
2685137,10.0,1
2685147,9.778462122678613,10
2685151,9.942757153222031,4
2685154,9.959136737215676,3
2685171,9.670040024101802,17
2685186,9.697859439108079,15
2685202,9.646480626414927,16
2685214,9.749192647846714,12
2685226,9.720517890918584,12
2685239,9.704388604820723,13
2685240,10.0,1
2685242,9.98123205963185,2
2685248,9.88287754495622,6
2685249,10.0,1
2685254,9.929282105591872,5
2685263,9.828580532463214,9
2685264,9.987709552174437,1
2685275,9.756773733690274,11
2685282,9.857383333857994,7
2685297,9.692762313117232,15
2685302,9.918837147730441,5
2685320,9.623373107568172,18
2685323,9.959814277684117,3
2685337,9.69104623986613,14
2685341,9.942236048363812,4
2685343,9.980647435268297,2
2685347,9.940258632845177,4
2685367,9.428665152280537,20
2685368,10.0,1
2685373,9.916563636746123,5
2685374,10.0,1
2685385,9.773080543561475,11
2685391,9.677635658617772,6
2685400,9.811125334495202,9
2685414,9.658960864303433,14
2685415,10.0,1
2685416,10.0,1
2685424,9.834157735966297,8
2685437,9.71024550741523,13
2685443,9.895137628279535,6
2685447,9.942790189389557,4
2685448,10.0,1
2685457,9.822756063182128,9
2685467,9.77568270302115,10
2685482,9.64096563894046,15
2685483,9.989266192574268,1
2685492,9.797971779429238,9
2685504,9.730144609096204,12
2685512,9.85338994831688,8
2685520,9.845258869174598,8
2685532,9.7690476197383,12
2685541,9.819518783377001,9
2685551,9.5987426769449,10
2685571,9.553764241360842,20
2685579,9.8363861905346,8
2685587,9.841141092476771,8
2685589,9.976857232505196,2
2685594,9.917733917261268,5
2685605,9.775639792170882,11
2685606,10.0,1
2685620,9.71824128695205,14
2685626,9.889989278534149,6
2685627,10.0,1
2685636,9.82136845493308,9
2685642,9.888054874021762,6
2685647,9.92151327658455,5
2685649,9.982003848654776,2
2685659,9.774658946142125,10
2685660,10.0,1
2685671,9.750972747606639,11
2685685,9.713819699818213,14
2685692,9.862870355475007,7
2685693,10.0,1
2685695,9.969870706164299,2
2685708,9.68137941476769,13
2685711,9.947482874360949,3
2685713,9.970924868328613,2
2685722,9.826862142478992,9
2685724,9.97319441389006,2
2685734,9.832125389726277,10
2685736,9.98004720759122,2
2685747,9.781362325858414,11
2685748,10.0,1
2685766,9.502011542306182,18
2685779,9.717386415785288,13
2685784,9.905922041736842,5
2685793,9.82035553479583,9
2685802,9.808348015596312,9
2685813,9.771343942137468,11
2685822,9.849659226807862,9
2685825,9.961902253670972,3
2685830,9.91339312594839,5
2685839,9.812683865525239,9
2685850,9.787269844248618,11
2685862,9.728877457430112,12
2685877,9.653928255810287,15
2685886,9.81794224108182,9
2685896,9.804176507116685,10
2685909,9.732727317321743,13
2685915,9.900390953421487,6
2685928,9.701609304950303,13
2685932,9.928232711708974,4
2685941,9.847067172882554,9
2685946,9.929116567997895,5
2685954,9.84076072217066,8
2685956,9.978519399746988,2
2685965,9.803670931942104,9
2685969,9.938152565095255,4
2685979,9.779416202552698,10
2685983,9.942584253565839,4
2685995,9.71783082725007,12
2686005,9.791184598726607,10
2686016,9.797578493592905,11
2686025,9.847274692780216,9
2686026,10.0,1
2686033,9.857023458300555,7
2686039,9.896208831874315,6
2686046,9.881774258887784,7
2686068,9.448358562372526,22
2686081,9.76515624076549,13
2686087,9.883807215772785,6
2686101,9.752027779698611,14
2686115,9.701386913266392,14
2686119,9.952114465595916,4
2686132,8.69033072293758,13
2686145,9.770239337442257,13
2686157,9.728926417007695,12
2686166,9.80361657999786,9
2686172,9.888040374038336,6
2686189,9.586481701759864,17
2686193,9.93606467214649,4
2686196,9.959145368044894,3
2686204,9.839941384158417,8
2686208,9.956129675740087,4
2686214,9.906128882820237,6
2686215,10.0,1
2686223,9.87521319978507,8
2686226,9.95127697776694,3
2686229,9.95555524653556,3
2686244,9.545787292506253,15
2686261,9.702847892862536,17
2686276,9.646562542619012,15
2686277,9.99262352639901,1
2686281,9.929413423112686,4
2686284,9.957782472754811,3
2686291,9.860815231965585,7
2686302,9.766343014500073,11
2686317,9.706362428159002,15
2686325,9.834425357413412,8
2686333,9.867067351086334,8
2686339,9.883004389144643,6
2686351,9.75709340982612,12
2686352,10.0,1
2686374,9.499935479244064,22
2686375,10.0,1
2686382,9.873053176158374,7
2686390,9.84146966372881,8
2686403,9.688259638536731,13
2686408,9.919815984305593,5
2686409,10.0,1
2686415,9.899639345688469,6
2686417,9.972755431157335,2
2686430,9.703612107328183,13
2686442,9.718684482645887,12
2686452,9.77263664329185,10
2686462,9.818843491888465,10
2686475,9.70205596362708,13
2686483,9.847058973941806,8
2686491,9.83648694060198,8
2686496,9.926295773630393,5
2686507,9.730778454152533,11
2686508,10.0,1
2686517,9.802803560223044,9
2686527,9.78193030320272,10
2686535,9.850310664758554,8
2686549,9.680280049245596,14
2686554,9.927803949473617,5
2686563,9.828157650097095,9
2686578,9.500858140905832,15
2686584,9.898680264374992,6
2686589,9.909619692783922,5
2686590,9.988951069676654,1
2686593,9.972672392983728,3
2686607,9.673601575201056,14
2686619,9.765530926223196,12
2686634,9.661710032365756,15
2686643,9.8232772881596,9
2686650,9.656036162535191,7
2686661,9.827473926760272,11
2686667,9.878266788742994,6
2686672,9.918468292813571,5
2686682,9.789494343873702,10
2686696,9.645465682243318,14
2686701,9.921146298105324,5
2686710,9.819165566160569,9
2686715,9.919474741550871,5
2686723,9.7348097353189,8
2686746,9.4209990939671,23
2686752,9.870163272683024,6
2686759,9.890241956218953,7
2686761,9.986609433026944,2
2686771,9.78491383504765,10
2686780,9.827771505079593,9
2686788,9.863300937074747,8
2686795,9.888230292366778,7
2686796,10.0,1
2686808,9.758377542057374,12
2686833,9.418786749869849,25
2686846,9.706994567891202,13
2686855,9.849411641445485,9
2686866,9.762980435370952,11
2686880,9.72089920494241,14
2686891,9.734717540017884,11
2686892,10.0,1
2686893,10.0,1
2686909,9.639654809914742,16
2686916,9.861985010365714,7
2686926,9.79564184548991,10
2686941,9.653056966577296,15
2686952,9.802257627835072,11
2686959,9.866089106555451,7
2686966,9.883008565968916,7
2686979,9.75151870102397,13
2686987,9.859831833471794,8
2686996,9.795793972774655,9
2687003,9.886069418470244,7
2687016,9.715151169010182,13
2687034,9.614712742911227,18
2687038,9.955962933599835,4
2687046,9.862527864456188,8
2687055,9.827508408084121,9
2687067,9.727808032481665,12
2687071,9.9450192668105,4
2687089,9.607871251888245,18
2687103,9.549683225021605,14
2687114,9.778967564559975,11
2687129,9.679477707199707,15
2687142,9.691172196129479,13
2687156,8.424277713757407,14
2687167,9.757748713325682,11
2687184,9.596461350002622,17
2687191,9.865294454225026,7
2687206,9.650671487062928,15
2687213,9.866574188012626,7
2687223,9.772611399213918,10
2687240,9.611316241258626,17
2687246,9.896090188388156,6
2687257,9.77185357666715,11
2687266,9.811987433592442,9
2687270,9.951693712298988,4
2687285,9.643808884109779,15
2687289,9.925986891340981,4
2687300,9.776310042214071,11
2687309,9.815911879844398,9
2687314,9.904738840441784,5
2687328,9.68736620458134,14
2687338,9.768168799444055,10
2687350,9.769286835632872,12
2687364,9.67728606651375,14
2687376,9.766367795465996,12
2687389,9.715058226725295,13
2687403,9.69443049327126,14
2687413,9.787335964267449,10
2687427,9.666540284110324,14
2687435,9.853136449905277,8
2687448,9.728657830684627,13
2687460,9.741932859144274,12
2687465,9.910455264127258,5
2687474,9.821655609734641,9
2687485,9.803218381839171,11
2687500,9.69534947225815,15
2687508,9.840082366292672,8
2687517,9.828417880919483,9
2687523,9.892937968954502,6
2687534,9.781905481893249,11
2687543,9.797747963437137,9
2687553,9.779489232431859,10
2687559,9.879840520480128,6
2687560,9.989867724232914,1
2687567,9.841951431830227,7
2687571,9.339518762593364,4
2687588,9.666434127189452,17
2687602,9.68001090850566,14
2687607,9.900514153571734,5
2687624,9.626741644746081,17
2687628,9.93432049970207,4
2687629,10.0,1
2687640,9.766781572186254,11
2687646,9.898266580514415,6
2687647,9.989239733326421,1
2687654,9.876697551560177,7
2687655,10.0,1
2687665,9.619038010679903,10
2687676,9.77877944040627,11
2687690,9.692646803916489,14
2687696,9.905191808402323,6
2687708,9.64550679840038,12
2687719,9.755286241581063,11
2687727,9.84265960911149,8
2687732,9.916816301322884,5
2687736,9.942203666683938,4
2687750,9.680885752222695,14
2687754,9.941380338766903,4
2687765,9.74675696980994,11
2687771,9.881485532931682,6
2687773,9.972774809531058,2
2687783,9.792355657452555,10
2687794,9.790981200042499,11
2687828,9.362364777197191,34
2687852,9.38970824773016,24
2687856,9.945311635840884,4
2687857,10.0,1
2687871,9.704052960507273,14
2687955,8.44463325021432,84
2687956,10.0,1
2687966,9.762887262210874,10
2687971,9.917977000656675,5
2687972,10.0,1
2687982,9.778267394587452,10
2687983,10.0,1
2687989,9.900783348490977,6
2687990,10.0,1
2687999,9.820224751134289,9
2688011,9.785433531384832,12
2688015,9.946412870351914,4
2688026,9.784615563867455,11
2688028,9.984905603055745,2
2688030,9.969022362737181,2
2688041,9.776200071205109,11
2688046,9.92344498458326,5
2688047,10.0,1
2688061,9.741918977690759,14
2688067,9.906540275923495,6
2688068,10.0,1
2688077,9.81658858837298,9
2688083,9.889272500550602,6
2688087,9.951145647217821,4
2688095,9.825678967886711,8
2688102,9.860734778782355,7
2688104,9.984395521083243,2
2688114,9.814535309665166,10
2688127,9.741628889477932,13
2688140,9.72176904603109,13
2688149,9.857765153656352,9
2688152,9.948920074299762,3
2688157,9.916310822029374,5
2688165,9.83742667205309,8
2688175,9.78112229165126,10
2688183,9.839259917777758,8
2688197,9.672628353003237,14
2688207,9.814572100003296,10
2688216,9.820024693250858,9
2688229,9.758110474853272,13
2688245,9.659550377415794,16
2688252,9.868780102049543,7
2688261,9.814893508605099,9
2688264,9.962005416030703,3
2688273,9.751627036377394,9
2688280,9.86783605979512,7
2688293,9.694643833888877,13
2688306,9.35814118589755,13
2688315,9.833604923122035,9
2688329,9.685467409930345,14
2688339,9.832196409412647,10
2688353,9.686036979247687,14
2688367,9.752216786501723,14
2688368,10.0,1
2688380,9.729425689371572,12
2688381,9.995951091430786,1
2688387,9.910541088756213,6
2688390,9.952357049582941,3
2688404,9.67917876234462,14
2688405,10.0,1
2688412,9.866607836230756,7
2688425,9.74165613157698,13
2688428,9.960820420296729,3
2688432,9.934210581055003,4
2688441,9.832595365640904,9
2688454,9.728172506935705,13
2688464,9.70677311988083,10
2688477,9.718341039622695,13
2688494,9.595527408389472,17
2688502,9.869733032775176,8
2688514,9.6682806281427,12
2688531,9.617836056850326,17
2688544,9.72068343731604,13
2688551,9.857607445611265,7
2688561,9.779352470436724,10
2688563,9.973687932981411,2
2688571,9.835475882943573,8
2688579,9.830478597784323,8
2688587,9.84962272913399,8
2688596,9.823965839756534,9
2688609,9.69526218799501,13
2688620,9.798892426851848,11
2688621,10.0,1
2688639,9.58943343376026,18
2688646,9.874049628664109,7
2688655,9.84062320609013,9
2688667,9.738748975598194,12
2688677,9.806753229703862,10
2688681,9.931434554182033,4
2688684,9.948664050004282,3
2688687,9.956198350423488,3
2688700,9.6848000003776,13
2688709,9.83373848815872,9
2688710,10.0,1
2688723,9.721914314778443,13
2688734,9.755943756001841,11
2688739,9.924638111098103,5
2688748,9.809994302709512,9
2688753,9.920788455840073,5
2688754,10.0,1
2688764,9.778251557008709,10
2688774,9.792076056405172,10
2688775,10.0,1
2688777,9.976752357876245,2
2688785,9.857263007404425,8
2688798,9.716958276133166,13
2688806,9.84243249273826,8
2688819,9.704075382844602,13
2688828,9.81740226831275,9
2688830,9.985022891643355,2
2688843,9.752962749070406,13
2688855,9.667471657890381,12
2688869,9.680675580662173,14
2688873,9.950086579030737,4
2688885,9.757458711657744,12
2688891,9.894051573849943,6
2688898,9.868865636915643,7
2688904,9.87321359526304,6
2688905,10.0,1
2688913,9.857175918224794,8
2688919,9.886161809402962,6
2688931,9.746629535260551,12
2688939,9.836468741085627,8
2688950,9.769056182632884,11
2688964,9.696142807354859,14
2688973,9.839564697684738,9
2688974,10.0,1
2688982,9.8499202759131,8
2688993,9.802873429984393,11
2689004,9.764594782162442,11
2689019,9.74242160995399,15
2689032,9.695203977229307,13
2689041,9.796522689121781,9
2689050,9.850980535878382,9
2689054,9.937273086722813,4
2689063,9.819489172534457,9
2689067,9.946882753280319,4
2689072,9.931980959271865,5
2689075,9.964174614451617,3
2689082,9.8737332722614,7
2689084,9.977928781118319,2
2689085,10.0,1
2689093,9.8464730492587,8
2689106,9.689697151941964,13
2689119,9.78332371461071,13
2689127,9.835612001164852,8
2689135,9.847534965369617,8
2689136,10.0,1
2689146,9.78295395764191,10
2689157,9.743399363841846,11
2689171,9.531725511889144,14
2689174,9.962965248063119,3
2689185,9.76613656598895,11
2689193,9.84887489504466,8
2689208,9.706788286687322,15
2689213,9.92308139023579,5
2689218,9.906793750241151,5
2689229,9.761465115170305,11
2689230,10.0,1
2689234,9.947660812953382,4
2689235,9.99608655476108,1
2689240,9.916924411782395,5
2689252,9.733665631787263,12
2689264,9.729428881297732,12
2689278,9.689947112510572,14
2689283,9.907145523323313,5
2689295,9.738390068947393,12
2689304,9.81011087330422,9
2689312,9.839882854724467,8
2689321,9.847834700751077,9
2689325,9.927533266653608,4
2689331,9.891397805574709,6
2689348,9.58853489236011,17
2689359,9.779763015722828,11
2689369,9.802322274873532,10
2689377,9.873559838317549,8
2689381,9.946471994683419,4
2689395,9.71884971018572,14
2689396,10.0,1
2689404,9.848783253271234,8
2689423,9.566058577400216,19
2689428,9.92895876059063,5
2689429,10.0,1
2689441,9.740433512832645,12
2689442,10.0,1
2689448,9.888984338633241,6
2689453,9.902508780571356,5
2689456,9.953352964628088,3
2689463,9.876823260863205,7
2689467,9.94817640270675,4
2689474,9.887513516081432,7
2689482,9.868799949404265,8
2689488,9.892023262039494,6
2689494,9.909856847067521,6
2689502,9.835071200256687,8
2689515,9.715220903543548,13
2689522,9.864737145439026,7
2689531,9.816972952203045,9
2689540,9.815222489004666,9
2689551,9.794338745084076,11
2689558,9.878646660240696,7
2689561,9.95938182857112,3
2689577,9.633457858678174,16
2689584,9.885060852554291,7
2689595,9.769400104340262,11
2689600,9.918349565302032,5
2689613,9.789546695805484,13
2689619,9.916436722534717,6
2689626,9.872879337267873,7
2689636,9.795882492754547,10
2689643,9.86274382101453,7
2689654,9.760638838535286,11
2689661,9.84986970964511,7
2689676,9.67093723139475,15
2689681,9.923969177056842,5
2689692,9.371583679395254,11
2689702,9.797145351606789,10
2689707,9.934310194257053,5
2689717,9.80000552209082,10
2689726,9.834429556165881,9
2689734,9.852710396383458,8
2689756,9.534996396796336,22
2689767,9.67057477539955,11
2689782,9.7178583504803,15
2689802,9.563486372279076,20
2689806,9.936634511683755,4
2689822,9.649442706289253,16
2689823,10.0,1
2689834,9.726347932726945,11
2689846,9.747787617615755,12
2689857,9.796179554901064,11
2689874,9.593307896513599,17
2689884,9.784905868066234,10
2689888,9.952316736674128,4
2689896,9.846222073763101,8
2689902,9.92333182860947,6
2689910,9.837454870867116,8
2689921,9.786865252504464,11
2689927,9.893345870976209,6
2689935,9.848337464100167,8
2689944,9.862049996116282,9
2689957,9.762887340735478,13
2689963,9.90626065138494,6
2689973,9.797553563846884,10
2689985,9.782489721610427,12
2689986,10.0,1
2689989,9.960848988939498,3
2689995,9.914878914177761,6
2690006,9.7640027148057,11
2690074,8.621785609975664,68
2690088,9.714918897300748,14
2690102,9.783947653114845,14
2690107,9.91534753949192,5
2690112,9.910189238139992,5
2690113,10.0,1
2690129,9.648155960710028,16
2690141,9.756907726159891,12
2690161,9.556241162885996,20
2690179,9.52895332378778,18
2690189,9.841132944951253,10
2690200,9.812093226835085,11
2690209,9.824763152598145,9
2690222,9.775679019625244,13
2690232,9.807228005346023,10
2690250,9.554626434622776,18
2690261,9.752100327132666,11
2690273,9.746052859024699,12
2690287,9.68813990352053,14
2690297,9.771600621185566,10
2690307,9.800433002842963,10
2690314,9.866223782435519,7
2690317,9.960633510756605,3
2690323,9.900157613499879,6
2690336,9.699279625915501,13
2690345,9.800739975199612,9
2690350,9.90746559392367,5
2690358,9.863445554386356,8
2690376,9.604281519404978,18
2690380,9.949918071755922,4
2690386,9.899615217397551,6
2690392,9.902897016760937,6
2690404,9.750725017953748,12
2690428,8.730480033790215,24
2690434,9.585010117471882,6
2690440,9.907717704816877,6
2690441,10.0,1
2690454,9.6984416674759,13
2690460,9.896388554060207,6
2690468,9.853679918702932,8
2690469,10.0,1
2690481,9.736935152632157,12
2690493,9.743419710632226,12
2690502,9.82263555488969,9
2690506,9.829213528739027,4
2690510,9.946908376807132,4
2690523,9.725884913308615,13
2690533,9.789914039781843,10
2690541,9.837727994332695,8
2690550,9.836702564636365,9
2690559,9.837202035604879,9
2690566,9.870297389763858,7
2690581,9.609454428733752,15
2690595,9.677305628177058,14
2690601,9.894194901676508,6
2690614,9.616689480498248,13
2690630,9.730937369950164,16
2690638,9.859031797742828,8
2690649,9.766163510871221,11
2690660,9.738933438391637,11
2690671,9.759026534911479,11
2690676,9.932455043872526,5
2690677,10.0,1
2690689,9.739138989185227,12
2690695,9.877805542095922,6
2690710,9.621232728679786,15
2690728,9.667474985011749,18
2690737,9.73989724519274,9
2690753,9.444112784167912,16
2690758,9.93295337885484,5
2690759,10.0,1
2690769,9.777907898107696,10
2690785,9.642225530022674,16
2690791,9.907390077142411,6
2690802,9.812850703768342,11
2690810,9.832753677968853,8
2690819,9.834766039277527,9
2690824,9.921327977217256,5
2690829,9.919409889720272,5
2690840,9.771705925855624,11
2690851,9.815934980053276,11
2690853,9.984108691495345,2
2690861,9.856026075639532,8
2690869,9.86087226452054,8
2690870,10.0,1
2690871,9.996696133238983,1
2690878,9.869989019424883,7
2690896,9.597694927197534,18
2690902,9.894644117542802,6
2690917,9.749996043705336,15
2690937,9.625313931345875,20
2690954,9.618654141215018,17
2690964,9.803392780045165,10
2690976,9.667269602381277,12
2690991,9.677791248374369,15
2691003,9.74317532918418,12
2691004,10.0,1
2691007,9.965255875661681,3
2691019,9.716521888681857,12
2691025,9.89083895368837,6
2691034,9.82217290554101,9
2691040,9.887358048847418,6
2691058,9.587966761705735,18
2691070,9.735081237864978,12
2691072,9.974448353237145,2
2691081,9.807295316418516,9
2691098,9.619752776103457,17
2691106,9.840794513260901,8
2691107,9.98929658454494,1
2691124,9.655909508808989,17
2691136,9.716082610328746,12
2691139,9.950180596408913,3
2691152,9.711005198819906,13
2691153,10.0,1
2691164,9.77836494736922,11
2691167,9.954655333743071,3
2691174,9.866242902321227,7
2691187,9.732336954538042,13
2691192,9.91927465856475,5
2691201,9.826180386670956,9
2691208,9.886958925733957,7
2691217,9.846876559364004,9
2691233,9.638342623021726,16
2691240,9.853067520710995,7
2691246,9.90067660002848,6
2691247,10.0,1
2691250,9.972557390075872,3
2691257,9.877736474973693,7
2691266,9.833254948657942,9
2691275,9.815653070159284,9
2691284,9.825210196576537,9
2691298,9.597237670770078,14
2691307,9.825125545199201,9
2691322,9.667541710203597,15
2691332,9.805645140106675,10
2691348,9.627758578655289,16
2691359,9.754201609103673,11
2691369,9.803111949514372,10
2691376,9.862702056400694,7
2691387,9.80469591791671,11
2691398,9.763972797056752,11
2691404,9.89476385813318,6
2691409,9.910918427777354,5
2691417,9.86972038441705,8
2691421,9.930892144246407,4
2691430,9.811920311931695,9
2691439,9.792247934018677,9
2691446,9.876203253796053,7
2691451,9.909088346114318,5
2691455,9.937935900146844,4
2691456,10.0,1
2691466,9.827158652436424,10
2691472,9.917935926535224,6
2691483,9.809833191937242,11
2691496,9.727072658905593,13
2691511,9.63147752222552,15
2691515,9.94102969774126,4
2691530,9.634460530532007,15
2691531,9.996386504238718,1
2691546,9.65433213096526,15
2691556,9.788987792426093,10
2691567,9.736821245452512,11
2691568,10.0,1
2691574,9.89993720955491,6
2691582,9.854362732916377,8
2691589,9.87744845799403,7
2691603,9.680498573018841,14
2691619,9.608219991018455,16
2691630,9.753770047758474,11
2691639,9.83600344744053,9
2691651,9.716959395813108,12
2691658,9.867771558267295,7
2691662,9.935221836630864,4
2691673,9.773103526955637,11
2691683,9.815770179109851,10
2691691,9.848764669273395,8
2691705,9.718710689601354,14
2691713,9.828232995151897,8
2691721,9.853526027154254,8
2691725,9.94850744392622,4
2691735,9.809090939977345,10
2691747,9.74832301605405,12
2691759,9.756077007444972,12
2691774,9.666842880945245,15
2691775,10.0,1
2691786,9.763802765877848,11
2691802,9.710737236312205,16
2691813,9.809977630620281,11
2691823,9.7928879541664,10
2691833,9.779070200684972,10
2691843,9.780757384431826,10
2691854,9.771585906160729,11
2691864,9.79145163738189,10
2691865,10.0,1
2691878,9.736251566873937,13
2691890,9.70746144682308,12
2691902,9.738529548870396,12
2691908,9.879231809495398,6
2691918,9.812347989246337,10
2691928,9.79653581814604,10
2691936,9.834011899682595,8
2691950,9.587232781545586,14
2691961,9.744902409260352,11
2691971,9.77551844053967,10
2691981,9.800808733348433,10
2691987,9.900228475216645,6
2691997,9.790626683971647,10
2692004,9.885282807689265,7
2692006,9.970213345116779,2
2692007,10.0,1
2692027,9.564334726866537,20
2692030,9.964392992706534,3
2692042,9.726448558487009,12
2692047,9.908271262538483,5
2692057,9.798412586599643,10
2692069,9.708627373842397,12
2692078,9.838767193468277,9
2692084,9.894882992284153,6
2692096,9.73313135741237,12
2692104,9.844616582694016,8
2692115,9.764549641216508,11
2692121,9.903354618619373,6
2692133,9.733473281556446,12
2692141,9.850375360676551,8
2692151,9.787864186424159,10
2692161,9.778257558269232,10
2692164,9.967245079796365,3
2692182,9.532891513835809,18
2692194,9.734862161449872,12
2692207,9.705366825452368,13
2692217,9.823584639126718,10
2692229,9.753178529378648,12
2692239,9.837496667865004,10
2692245,9.901041070566869,6
2692256,9.760776426054743,11
2692267,9.747328287425402,11
2692278,9.755365464645836,11
2692286,9.845093603856597,8
2692293,9.873034136570045,7
2692298,9.91148979579876,5
2692358,8.904572045422398,60
2692372,9.130174268559081,14
2692373,10.0,1
2692380,9.875232137248373,7
2692389,9.83533056919399,9
2692396,9.872250006849038,7
2692403,9.862295292197263,7
2692410,9.865815853201385,7
2692423,9.694753153693723,13
2692428,9.932004412503286,5
2692438,9.80126215350432,10
2692439,9.991548906338965,1
2692440,10.0,1
2692452,9.75466562641109,12
2692453,10.0,1
2692462,9.818878534903195,9
2692463,9.989236918891212,1
2692469,9.917810969474344,6
2692479,9.7986165777828,10
2692487,9.842038757251117,8
2692490,9.950644201285229,3
2692500,9.773017210116972,10
2692504,9.935401446414849,4
2692505,10.0,1
2692519,9.687305735065554,14
2692522,9.959203355936214,3
2692530,9.855802438402112,8
2692535,9.913980553812722,5
2692551,9.688813712743151,16
2692566,9.650494552785286,15
2692579,9.728125917475737,13
2692596,9.628998280480934,17
2692611,9.663668182098032,15
2692622,9.792100346943691,11
2692623,10.0,1
2692628,9.917152376177288,5
2692635,9.880351460499476,7
2692651,9.642790299790512,16
2692656,9.919880007370793,5
2692679,9.563214027465131,23
2692680,10.0,1
2692686,9.888157046067278,6
2692701,9.65951381168679,15
2692706,9.918147531529376,5
2692719,9.697428899059286,13
2692726,9.86405140204138,7
2692730,9.93718733923246,4
2692745,9.67045189640498,15
2692751,9.889569407472903,6
2692764,9.509951727534368,13
2692771,9.873118619583899,7
2692782,9.75976343164938,11
2692791,9.827770921028911,9
2692801,9.786582329982421,10
2692815,9.676629379659826,14
2692826,9.739650287392395,11
2692839,9.691795809131893,13
2692840,10.0,1
2692849,9.816359154635757,9
2692863,9.71547428454311,14
2692873,9.790542869049473,10
2692874,10.0,1
2692878,9.948278720817264,4
2692893,9.664835903806761,15
2692898,9.912115488263584,5
2692914,9.654052568791283,16
2692931,8.648793145576699,17
2692942,9.772435845884972,11
2692951,9.818093403703076,9
2692962,9.750351638858827,11
2692972,9.78655238221158,10
2692979,9.862871467666546,7
2692980,10.0,1
2692984,9.944748362400723,4
2692990,9.90088568658341,6
2692999,9.82289584689359,9
2693005,9.91852220509994,6
2693015,9.805442901742389,10
2693030,9.491666377131082,15
2693040,9.775213376231942,10
2693051,9.79431709591603,11
2693058,9.886354466153739,7
2693065,9.864967577392624,7
2693081,9.651801557200642,16
2693083,9.970784508564293,2
2693084,10.0,1
2693098,9.703794355527267,14
2693106,9.838185189020146,8
2693119,9.520084770558412,13
2693125,9.900600304049815,6
2693135,9.785993371811665,10
2693150,9.666574321061915,15
2693161,9.76672079993781,11
2693173,9.456280360761033,12
2693184,9.805455844329654,11
2693195,9.76779741493742,11
2693222,9.341654504790252,27
2693235,9.738195094379133,13
2693239,9.931847915143715,4
2693255,9.579227066772962,16
2693260,9.914836332370808,5
2693267,9.868655488739371,7
2693278,9.754923476244405,11
2693279,9.996577260563397,1
2693288,9.825722518925415,9
2693295,9.877731831245347,7
2693303,9.84356009342672,8
2693310,9.874353351679522,7
2693313,9.965236926770002,3
2693325,9.72802272695399,12
2693335,9.775560296654415,10
2693340,9.927191177527988,5
2693350,9.789513692279256,10
2693351,10.0,1
2693352,10.0,1
2693363,9.824806617802066,11
2693372,9.79813530075875,9
2693387,9.636787294438438,15
2693388,10.0,1
2693400,9.777560974603968,12
2693401,10.0,1
2693411,9.80088304701138,10
2693414,9.953078737172458,3
2693415,10.0,1
2693416,10.0,1
2693425,9.800463140917737,9
2693429,9.93246604879487,4
2693435,9.900316187340657,6
2693450,9.703924676764519,15
2693466,9.591993227812981,16
2693474,9.840358222429218,8
2693487,9.720900326681123,13
2693496,9.804471738518657,9
2693510,9.70278097715052,14
2693518,9.856546256681742,8
2693529,9.75202263423981,11
2693530,9.992917704273049,1
2693540,9.777893518943136,10
2693551,9.710300676321644,11
2693568,9.660160602161847,17
2693581,9.733733272189117,13
2693592,9.794121611805327,11
2693596,9.95335887325123,4
2693602,9.905795235781726,6
2693614,9.754951576303263,12
2693620,9.914715002559733,6
2693621,10.0,1
2693629,9.869976695941101,8
2693642,9.714687279978907,13
2693643,10.0,1
2693645,9.969581505003811,2
2693653,9.848843066954208,8
2693659,9.887394528494198,6
2693670,9.763384095511027,11
2693672,9.97749066788972,2
2693680,9.859963742397351,8
2693688,9.832240857054746,8
2693697,9.832541693138632,9
2693701,9.94703847079093,4
2693713,9.792465198283045,12
2693724,9.77993490893113,11
2693728,9.925192542599994,4
2693732,9.9408380502006,4
2693734,9.974230083619135,2
2693738,9.921933523079637,4
2693750,9.751422133937906,12
2693758,9.843750336583382,8
2693761,9.968975960441208,3
2693774,9.740648335746842,13
2693783,9.81542396129113,9
2693787,9.922671049564853,4
2693790,9.95817000839739,3
2693808,9.598046095668463,18
2693831,9.459669260146262,23
2693845,9.714945542849309,14
2693849,9.930042162293587,4
2693850,10.0,1
2693859,9.81882700566107,9
2693863,9.945187617919977,4
2693864,10.0,1
2693872,9.854678179387587,8
2693884,9.746917998258525,12
2693889,9.914436957693784,5
2693896,9.868540364035372,7
2693900,9.9437613261508,4
2693907,9.871715735598313,7
2693916,9.811849344820558,9
2693929,9.708782843989542,13
2693939,9.810736486443423,10
2693943,9.93945323227824,4
2693948,9.908755790284182,5
2693956,9.861805436274873,8
2693964,9.818718847004867,8
2693974,9.803905417807117,10
2693992,9.489101445349435,18
2693998,9.893928522919278,6
2694007,9.829087913711847,9
2694018,9.736800583528645,11
2694035,9.503087268516936,17
2694042,9.88014438498868,7
2694051,9.80701517734702,9
2694060,9.825303971368662,9
2694069,9.802303087110143,9
2694078,9.826813706901055,9
2694081,9.95576838738635,3
2694089,9.839735929819785,8
2694090,10.0,1
2694098,9.860174582827835,8
2694118,8.597052090805137,20
2694124,9.892505916720628,6
2694141,9.625431305204344,17
2694152,9.786672579588123,11
2694167,9.652665336313039,15
2694174,9.876417799610822,7
2694185,9.77786379619117,11
2694199,9.72682964170795,14
2694214,9.707769558456373,15
2694231,9.666626807624235,17
2694246,9.668160456376048,15
2694247,10.0,1
2694252,9.912901644194594,5
2694258,9.90474502282517,6
2694265,9.858102092762898,7
2694278,9.71960550070245,13
2694286,9.86552520601648,8
2694299,9.716618720234484,13
2694309,9.79372290804943,10
2694315,9.881700433167252,6
2694322,9.84827482727929,7
2694330,9.83260055377219,8
2694334,9.938397721311336,4
2694343,9.832815677290615,9
2694354,9.768779793500885,11
2694358,9.935847907070354,4
2694362,9.932930977300332,4
2694365,9.962404614020885,3
2694373,9.856201497994391,8
2694385,9.718593443878222,12
2694390,9.93328952328692,5
2694393,9.95327608622053,3
2694400,9.871829179688193,7
2694406,9.88724939934951,6
2694421,9.45263388086995,15
2694437,9.688116661601146,16
2694452,9.638022278628192,15
2694465,9.699961832434617,13
2694469,9.940043009409267,4
2694470,10.0,1
2694474,9.74632367315375,4
2694483,9.813069108635256,9
2694490,9.857680616735282,7
2694499,9.80708262595533,9
2694500,10.0,1
2694504,9.946693321242362,4
2694510,9.87623982939573,6
2694527,9.396049365287368,17
2694532,9.915668393961699,5
2694546,9.722623093609732,14
2694560,9.679290650240302,14
2694569,9.833225827780103,9
2694589,9.555244770132061,20
2694603,9.357777567833951,14
2694614,9.778741417858622,11
2694624,9.583229665955189,10
2694631,9.8900913380193,7
2694640,9.81676151567661,9
2694647,9.868729161796725,7
2694668,9.500024252158736,21
2694677,9.79592722385726,9
2694688,9.756272476632326,11
2694697,9.815465709087645,9
2694705,9.8455817026032,8
2694716,9.76276387873576,11
2694724,9.853944487287928,8
2694735,9.768442257417117,11
2694739,9.941241572233395,4
2694747,9.815299979046893,8
2694751,9.940461675587441,4
2694758,9.88768869152798,7
2694767,9.833102292312084,9
2694777,9.803061738688527,10
2694785,9.826112604443168,8
2694795,9.790175598002637,10
2694796,10.0,1
2694804,9.845091287651591,8
2694807,9.965877709126557,3
2694816,9.830555927452359,9
2694827,9.755729022127968,11
2694834,9.861603683099487,7
2694849,9.652691708703705,15
2694854,9.924144339863618,5
2694858,9.933741909579474,4
2694861,9.961845490766436,3
2694864,9.958781337549526,3
2694870,9.899458407186955,6
2694880,9.825423800349256,10
2694886,9.887148619760692,6
2694887,9.98825687997587,1
2694897,9.779961732000643,10
2694902,9.896938856691115,5
2694903,10.0,1
2694917,9.76426307310225,14
2694931,9.6872059592771,14
2694948,9.672920265510388,17
2694952,9.94715209955827,4
2694958,9.906566543802047,6
2694963,9.912105842595414,5
2694975,9.729819292442567,12
2694981,9.875922645397509,6
2694995,9.717371203765996,14
2694996,10.0,1
2695007,9.75655366871795,11
2695008,10.0,1
2695016,9.570920481789486,8
2695017,10.0,1
2695029,9.731447473219516,12
2695042,9.722599272803746,13
2695052,9.80052519707117,10
2695060,9.836878886650803,8
2695068,9.832485643059401,8
2695080,9.734584536931756,12
2695096,9.645202072975009,16
2695108,9.747424671230533,12
2695125,9.622727755510576,17
2695142,9.680802074117167,17
2695148,9.890187535812656,6
2695153,9.90450364715113,5
2695157,9.94251309415969,4
2695166,9.809380881871364,9
2695180,9.704438215596888,14
2695192,9.744654265591116,12
2695210,9.60058449699272,18
2695212,9.974524290287007,2
2695219,9.8747304486754,7
2695235,9.548794300637361,16
2695244,9.800913599916862,9
2695257,9.697011060280452,13
2695269,9.732017880107925,12
2695283,9.72736663615818,14
2695284,10.0,1
2695293,9.829151124158948,9
2695366,8.794579009815653,73
2695374,9.816033463730092,8
2695389,9.69544807120663,15
2695399,9.778534789161535,10
2695409,9.801566880931421,10
2695417,9.824824339992192,8
2695427,9.775793786272239,10
2695435,9.853114466352784,8
2695442,9.862877913531253,7
2695455,9.71299435847383,13
2695468,9.702156647473448,13
2695472,9.937656480019857,4
2695489,9.619339686273797,17
2695503,9.69016931478043,14
2695516,9.70708064823015,13
2695530,9.672571448901865,14
2695531,10.0,1
2695543,9.718373009208776,12
2695552,9.850040873748354,9
2695553,9.992483110390229,1
2695559,9.916803258872623,6
2695564,9.898026955776686,5
2695565,10.0,1
2695566,10.0,1
2695578,9.726173180984231,12
2695588,9.785686017582869,10
2695594,9.90312645951639,6
2695605,9.772643897853794,11
2695608,9.753878913283815,3
2695621,9.698637085595426,13
2695630,9.83780250574081,9
2695637,9.87081960177227,7
2695645,9.842714148067243,8
2695653,9.852894912090541,8
2695666,9.723864192286594,13
2695680,9.682374694654333,14
2695685,9.909100108498453,5
2695694,9.811331014670293,9
2695714,9.466808066820558,20
2695724,9.810049722456728,10
2695728,9.944582199503479,4
2695734,9.891205724047733,6
2695748,9.718816429299597,14
2695756,9.860322674356336,8
2695767,9.765083770773177,11
2695777,9.791580495824968,10
2695783,9.8832206420812,6
2695792,9.812841244480845,9
2695796,9.925713318715477,4
2695801,9.916400300865584,5
2695815,9.664454227037428,14
2695823,9.746794516833614,8
2695828,9.91279773373674,5
2695835,9.848206116841173,7
2695851,9.636563580976,16
2695853,9.97092582850514,2
2695868,9.666126962979952,15
2695872,9.945188449246878,4
2695880,9.821719559096858,8
2695888,9.860568074804824,8
2695892,9.927114959926866,4
2695907,9.697299627021074,15
2695911,9.950292962831954,4
2695927,9.660047689365227,16
2695937,9.792034783489727,10
2695947,9.775249630754313,10
2695955,9.854068581259904,8
2695962,9.875579640057996,7
2695973,9.761507354378612,11
2695986,9.725684669241996,13
2695998,9.76779964211362,12
2695999,10.0,1
2696008,9.82333208908665,9
2696016,9.85662340644892,8
2696025,9.860888382195089,9
2696030,9.939055707032585,5
2696040,9.801893698799477,10
2696045,9.92157969436367,5
2696059,9.675313543304874,14
2696073,9.693313769014527,14
2696082,9.812275334650632,9
2696086,9.927266566978414,4
2696095,9.841317116886879,9
2696108,9.699498996803767,13
2696119,9.755073357055723,11
2696135,9.626942384404238,16
2696144,9.833847795743416,9
2696155,9.759706400076377,11
2696156,10.0,1
2696166,9.785018645914798,10
2696177,9.829814476053189,11
2696186,9.805570730557603,9
2696187,9.99639074913471,1
2696201,9.674758933274543,14
2696215,9.681546017543706,14
2696229,9.699278122595535,14
2696238,9.811648549077198,9
2696248,9.787402207457067,10
2696256,9.85496756620316,8
2696259,9.952866516015744,3
2696266,9.896189411752143,7
2696267,10.0,1
2696278,9.784111895790835,11
2696288,9.819256034365164,10
2696295,9.878732373291228,7
2696296,9.992935619626262,1
2696303,9.867141342920874,7
2696319,9.59856617627362,16
2696326,9.878416839671258,7
2696327,10.0,1
2696335,9.851496519390135,8
2696348,9.716291815442974,13
2696360,9.740126096843122,12
2696372,9.743557864697012,12
2696383,9.578379891682435,11
2696396,9.711055599469951,13
2696409,9.685892502493635,13
2696412,9.96019503387767,3
2696419,9.886556811320498,7
2696430,9.755191573113388,11
2696441,9.742662350259774,11
2696452,9.80992093308997,11
2696466,9.695508196078853,14
2696472,9.90666655403659,6
2696483,9.750202899621044,11
2696485,9.971050967847793,2
2696497,9.749279296460273,12
2696507,9.793624459575145,10
2696511,9.951156489003054,4
2696521,9.794633087037981,10
2696524,9.957029439945574,3
2696525,10.0,1
2696527,9.97582121421167,2
2696539,9.707158842131653,12
2696546,9.8573105973373,7
2696548,9.980422538385426,2
2696554,9.876081536603952,6
2696555,9.991156790491235,1
2696566,9.779545710463006,11
2696575,9.828857329076031,9
2696579,9.937741765649845,4
2696595,9.63052310721044,16
2696596,9.991296747489587,1
2696606,9.797654102623945,10
2696626,9.47448963729528,20
2696627,10.0,1
2696638,9.800608930699077,11
2696658,9.59633226774789,20
2696670,9.768105666518201,12
2696679,9.81599530668931,9
2696693,9.590474202873798,14
2696694,10.0,1
2696702,9.835062376158664,8
2696709,9.879804429105128,7
2696721,9.754106895862346,12
2696731,9.775161445924974,10
2696748,9.704491864540334,17
2696755,9.869260057875241,7
2696763,9.86285149502507,8
2696771,9.850033735330674,8
2696772,10.0,1
2696783,9.794366363645038,11
2696784,10.0,1
2696797,9.739954773500015,13
2696798,10.0,1
2696804,9.891166609298386,6
2696819,9.67724417943903,15
2696823,9.942698234649473,4
2696837,9.70335674802984,14
2696843,9.906254158967714,6
2696848,9.900313147452858,5
2696858,9.771316048940221,10
2696863,9.912841986517185,5
2696870,9.903518131104745,7
2696873,9.951672763042806,3
2696883,9.789837019848262,10
2696886,9.96004265341384,3
2696891,9.911771559379208,5
2696906,9.677843816644842,15
2696912,9.883033737231013,6
2696919,9.868985563547488,7
2696923,9.938071101854968,4
2696931,9.86024485872302,8
2696935,9.955371339583488,4
2696943,9.831020309272715,8
2696947,9.742930282820847,4
2696951,9.943973662392438,4
2696960,9.825102204317133,9
2696968,9.834884848573498,8
2696985,9.662546713088382,17
2696989,9.944261076934266,4
2696994,9.912183875864207,5
2697007,9.737550231259917,13
2697010,9.950675307201779,3
2697015,9.926614481581485,5
2697019,9.941202652578223,4
2697027,9.869404623713582,8
2697040,9.705105200285287,13
2697048,9.816387794461495,8
2697054,9.882418337772899,6
2697062,9.828033980860848,8
2697074,9.76183271426504,12
2697075,10.0,1
2697080,9.915958772983085,5
2697093,9.712511400521903,13
2697099,9.88852278038006,6
2697110,9.75393836734888,11
2697116,9.892061514109205,6
2697124,9.8787499839261,8
2697129,9.920624710353097,5
2697141,9.747684265826035,12
2697152,9.748992750684964,11
2697169,9.585700728040726,17
2697177,9.86374818138778,8
2697192,9.650235488751655,15
2697198,9.88348651622097,6
2697203,9.912038273035737,5
2697207,9.9352472532525,4
2697217,9.789566921629763,10
2697230,9.538066129192714,13
2697238,9.837455810076918,8
2697250,9.738505047813444,12
2697269,9.527580923051943,19
2697287,9.55904718115946,18
2697300,9.442011034929465,13
2697301,10.0,1
2697302,10.0,1
2697310,9.759311810665652,8
2697323,9.717187720181377,13
2697329,9.806105065293666,6
2697340,9.776667874753175,11
2697349,9.811987673993396,9
2697362,9.73378386718566,13
2697375,9.729851936228435,13
2697388,9.710106719651693,13
2697406,9.673786079631121,18
2697412,9.884688842883971,6
2697422,9.796786026542609,10
2697424,9.97397858286065,2
2697432,9.871178595585453,8
2697440,9.822518985486749,8
2697445,9.929696018856436,5
2697449,9.942902320666018,4
2697460,9.763016037662197,11
2697467,9.864935419741627,7
2697477,9.780921103232469,10
2697489,9.726715506946395,12
2697501,9.73352817181444,12
2697514,9.71550637318448,13
2697515,10.0,1
2697521,9.875218820648563,6
2697531,9.810466789344565,10
2697537,9.907074425837264,6
2697543,9.901908341800643,6
2697549,9.891272808001377,6
2697560,9.821951477523355,11
2697576,9.605615442468519,16
2697585,9.829097301207726,9
2697587,9.984875010024302,2
2697600,9.738897916674189,13
2697606,9.672182507250254,6
2697613,9.88492792174318,7
2697614,10.0,1
2697626,9.748555494889562,12
2697627,10.0,1
2697628,10.0,1
2697637,9.791521677891478,9
2697651,9.735889892709555,14
2697653,9.973279716248241,2
2697654,10.0,1
2697662,9.82849847001637,8
2697668,9.893764680752058,6
2697671,9.965032330854266,3
2697674,9.96486333055958,3
2697675,10.0,1
2697683,9.846854940306953,8
2697690,9.866516879270232,7
2697704,9.687565565521247,14
2697720,9.536087093651487,16
2697728,9.84309318191967,8
2697733,9.909664388444597,5
2697742,9.835992965274315,9
2697754,9.733009877537073,12
2697767,9.71236792588161,13
2697783,9.636112661536732,16
2697800,9.500736025936053,17
2697806,9.694184415410398,6
2697820,9.714201916378025,14
2697833,9.720420377137888,13
2697834,9.989067214292753,1
2697848,9.676690855858867,14
2697862,9.592236461993457,14
2697866,9.937500659409089,4
2697869,9.961890636152347,3
2697874,9.931060221998068,5
2697884,9.800626458265617,10
2697891,9.857996134072728,7
2697904,9.756560113507746,13
2697916,9.745666132919965,12
2697921,9.919101587182011,5
2697930,9.80782008671287,9
2697933,9.950932718833348,3
2697934,10.0,1
2697937,9.957538117268582,3
2697946,9.806173261621947,9
2697949,9.953856532205137,3
2697956,9.855926919918963,7
2697962,9.915555276246298,6
2697964,9.973296131160843,2
2697969,9.913059517145868,5
2697975,9.886113052330657,6
2697982,9.879247002413415,7
2697991,9.836692135375971,9
2697997,9.902625011061293,6
2698009,9.766427692366886,12
2698019,9.819132159221915,10
2698020,10.0,1
2698025,9.930596213469178,5
2698031,9.901689755701602,6
2698037,9.905945242021486,6
2698045,9.837609172152009,8
2698054,9.799448019692484,9
2698066,9.740396855442128,12
2698069,9.962418701955833,3
2698079,9.782453759888913,10
2698091,9.74774751901353,12
2698097,9.893001920462929,6
2698106,9.811142438607348,9
2698115,9.804563661236749,9
2698122,9.890677524605593,7
2698136,9.759516579538104,14
2698137,10.0,1
2698144,9.885512555837106,7
2698150,9.902097050281672,6
2698164,9.683106253956526,14
2698178,9.686170400955374,14
2698181,9.96447039118817,3
2698182,10.0,1
2698184,9.973865458583438,2
2698198,9.694833415590034,14
2698203,9.917193660294572,5
2698212,9.823568356708432,9
2698217,9.912567441520979,5
2698228,9.802750790659038,11
2698242,9.699841938887369,14
2698247,9.917438982079284,5
2698260,9.713197979564875,13
2698262,9.977823269314651,2
2698272,9.821632753740559,10
2698278,9.887817092200097,6
2698290,9.629853599133009,12
2698295,9.931196869976125,5
2698308,9.720429590248473,13
2698320,9.808964603044656,12
2698331,9.76919279607915,11
2698343,9.766280974525952,12
2698351,9.830079526892902,8
2698359,9.8353078269172,8
2698373,9.669303534726387,14
2698381,9.879632061998922,8
2698389,9.844303668272511,8
2698398,9.856627464276887,9
2698409,9.751130963488169,11
2698414,9.918903899156906,5
2698429,9.658744781013729,15
2698444,9.712219821157815,15
2698451,9.881546933810137,7
2698456,9.9220813444471,5
2698460,9.939029834208377,4
2698465,9.907215954442195,5
2698469,9.932556557384551,4
2698475,9.796278163936257,6
2698483,9.824721259883365,8
2698494,9.776962818402271,11
2698500,9.891562032436562,6
2698509,9.799693825877155,9
2698516,9.886700677083775,7
2698522,9.908210127237519,6
2698536,9.72328733621904,14
2698540,9.945184101241328,4
2698551,9.770237459142697,11
2698565,9.672351932278941,14
2698577,9.765461055528087,12
2698593,9.634668497928445,16
2698595,9.980717488562366,2
2698602,9.885921960554585,7
2698609,9.869033930581683,7
2698625,9.63175639327482,16
2698626,10.0,1
2698627,10.0,1
2698637,9.724540607025908,10
2698639,9.976761390310463,2
2698640,10.0,1
2698645,9.919879180633707,5
2698657,9.757245730461557,12
2698671,9.681717571476794,14
2698677,9.88469593445123,6
2698687,9.854994417018224,10
2698688,10.0,1
2698695,9.859318150704894,7
2698709,9.671038827038053,14
2698721,9.766690924216435,12
2698728,9.859356644184812,7
2698737,9.813236623973355,9
2698749,9.751589634814998,12
2698753,9.943866490485961,4
2698766,9.72104503096024,13
2698779,9.70554053858043,13
2698787,9.862727190836322,8
2698798,9.793847765546442,11
2698812,9.687869458670797,14
2698813,10.0,1
2698820,9.875808482994083,7
2698826,9.89334296740778,6
2698834,9.810702048878893,8
2698845,9.74638435217364,11
2698863,9.628248223842125,18
2698868,9.904842573791038,5
2698871,9.954271870935985,3
2698874,9.957882690265906,3
2698877,9.965079211257493,3
2698883,9.897805987695554,6
2698892,9.838929624839148,9
2698898,9.903400475498806,6
2698910,9.721579217092117,12
2698921,9.773327881811868,11
2698936,9.631212217172289,15
2698944,9.837259994115087,8
2698950,9.89585381378789,6
2698962,9.717589867502513,12
2698981,9.540198863306134,19
2698985,9.953568363392037,4
2698995,9.7885451295225,10
2699009,9.713138912243458,14
2699023,9.68122788786147,14
2699034,9.775701308699684,11
2699038,9.928018240654296,4
2699052,9.714904207397451,14
2699059,9.879030969389438,7
2699070,9.759214652779834,11
2699087,9.62790999972773,17
2699091,9.941204664711965,4
2699099,9.863687301878253,8
2699103,9.934869709006152,4
2699109,9.888103364996548,6
2699118,9.801401043413323,9
2699125,9.88625807079914,7
2699132,9.887192793649385,7
2699140,9.860876567096001,8
2699152,9.72318384062784,12
2699159,9.866900431094107,7
2699175,9.600556975485427,16
2699180,9.897584893758298,5
2699185,9.920792276477323,5
2699190,9.926307264575316,5
2699201,9.759192727790422,11
2699203,9.983962781131467,2
2699211,9.854465879670222,8
2699222,9.799985551388419,11
2699230,9.861093417683172,8
2699240,9.80417242235241,10
2699245,9.93193236023615,5
2699251,9.903037474444695,6
2699263,9.73836775639275,12
2699264,10.0,1
2699275,9.749125371110432,11
2699278,9.95205436697165,3
2699287,9.795369681680793,9
2699304,9.558228930576192,17
2699314,9.8074554589843,10
2699327,9.68465160270807,13
2699333,9.898219811840798,6
2699345,9.732421254395575,12
2699350,9.927008397408398,5
2699357,9.88922117212122,7
2699372,9.651132737069647,15
2699377,9.91416612155529,5
2699378,10.0,1
2699391,9.631841360161024,13
2699398,9.894169714534438,7
2699408,9.78557674708154,10
2699420,9.788244238604442,12
2699425,9.922602208638542,5
2699431,9.90444945090154,6
2699445,9.674368698730726,14
2699456,9.773154064909184,11
2699460,9.941263756110338,4
2699472,9.72537654729154,12
2699499,9.445264250734235,27
2699509,9.806895204593006,10
2699520,9.767206257423373,11
2699526,9.87753591234594,6
2699541,9.660212531259871,15
2699547,9.876418574405854,6
2699562,9.457188438589501,15
2699572,9.787507791918726,10
2699583,9.763412048361136,11
2699584,10.0,1
2699585,10.0,1
2699590,9.922176890937902,5
2699599,9.83453479070374,9
2699606,9.866779657202034,7
2699616,9.817354840032039,10
2699626,9.76600556793486,10
2699630,9.94158639875432,4
2699650,9.501110737907306,20
2699654,9.952600697798397,4
2699668,9.676986532813848,14
2699674,9.914337685580946,6
2699677,9.965116089352874,3
2699686,9.802773375941092,9
2699706,9.60030444614776,20
2699715,9.824631765604872,9
2699721,9.90933618228694,6
2699739,9.56495840763261,18
2699744,9.927703024910507,5
2699750,9.894114693205577,6
2699762,9.72619642749009,12
2699767,9.91453880812254,5
2699778,9.77652794572806,11
2699793,9.657465165786125,15
2699799,9.890255223971542,6
2699800,10.0,1
2699808,9.833735431492931,8
2699814,9.888407299735876,6
2699824,9.78181294868106,10
2699836,9.710613110593826,12
2699852,9.64270365781845,16
2699860,9.733140677683735,8
2699868,9.870341391095826,8
2699871,9.956526668697261,3
2699879,9.85235362354577,8
2699886,9.879980599596594,7
2699898,9.764511606672057,12
2699905,9.861465799652951,7
2699910,9.912765920419137,5
2699923,9.708974269680688,13
2699930,9.867702064920419,7
2699941,9.79696026654598,11
2699945,9.937207840162227,4
2699949,9.948621738030585,4
2699958,9.823207191474262,9
2699962,9.92651830503086,4
2699973,9.766974882571585,11
2699979,9.903716625458745,6
2699984,9.917884425091499,5
2699985,10.0,1
2699995,9.818570945392155,10
2700015,9.44843548594536,20
2700028,9.681348792322986,13
2700032,9.932549338558216,4
2700043,9.535209746722694,11
2700049,9.889394219497502,6
2700060,9.764965779412213,11
2700069,9.830268561392616,9
2700080,9.783612202662962,11
2700096,9.695696993368935,16
2700101,9.90870230270443,5
2700108,9.87101752736462,7
2700122,9.677509979351413,14
2700138,9.674704684636792,16
2700143,9.921098546219858,5
2700148,9.908663066198349,5
2700149,10.0,1
2700166,9.65002273649756,17
2700175,9.811433493103255,9
2700176,10.0,1
2700184,9.847587885346181,8
2700191,9.864638466724857,7
2700192,10.0,1
2700201,9.828474225138484,9
2700205,9.936255997996845,4
2700214,9.811571293793127,9
2700217,9.951911346756836,3
2700223,9.907923880990435,6
2700240,9.611274745626158,17
2700256,9.423246472973977,16
2700266,9.803397125483015,10
2700267,10.0,1
2700279,9.744282890041433,12
2700288,9.793194942764586,9
2700299,9.750831047836748,11
2700318,9.558572221861505,19
2700319,9.996255226488596,1
2700330,9.760342662333128,11
2700346,9.685341879938282,16
2700355,9.792736736342661,9
2700362,9.866293822220774,7
2700379,9.619918353489494,17
2700392,9.70418035524544,13
2700395,9.951008117669984,3
2700396,10.0,1
2700416,9.444295903914428,20
2700429,9.698536168845868,13
2700433,9.945650326585298,4
2700437,9.953413019938537,4
2700449,9.741214339462486,12
2700461,9.809171606257388,12
2700462,10.0,1
2700470,9.860109788656127,8
2700482,9.722646098558,12
2700493,9.764405637785426,11
2700505,9.718520132957607,12
2700520,9.649426579632706,15
2700528,9.844262808361098,8
2700535,9.856620648313049,7
2700567,9.374752629706995,32
2700576,9.798438031139778,9
2700585,9.849834589728319,9
2700592,9.868978989947324,7
2700603,9.759489236052042,11
2700604,10.0,1
2700609,9.918014381356235,5
2700616,9.88683191975829,7
2700630,9.689256835343008,14
2700638,9.846428306711594,8
2700647,9.800919905815102,9
2700656,9.807847904344511,9
2700657,10.0,1
2700671,9.690731869181098,14
2700680,9.794128546708507,9
2700681,9.996357783129211,1
2700697,9.65682820259886,16
2700701,9.941518616587818,4
2700702,10.0,1
2700717,9.674241480570199,15
2700721,9.936593302488195,4
2700726,9.923450745786267,5
2700729,9.96304577972463,3
2700739,9.804002341801711,10
2700755,9.664341749308639,16
2700756,10.0,1
2700771,9.638884903467249,15
2700778,9.882017497690466,7
2700790,9.742346023406299,12
2700794,9.946006051875457,4
2700800,9.900857433971003,6
2700801,10.0,1
2700814,9.778116411077884,13
2700824,9.802301642041975,10
2700831,9.882934916389418,7
2700838,9.86046819408011,7
2700845,9.87765024555472,7
2700863,9.580073866024918,18
2700869,9.904489247043484,6
2700882,9.70948051834204,13
2700890,9.863899082945789,8
2700901,9.766617281679434,11
2700912,9.78473988607919,11
2700926,9.717147128685244,14
2700935,9.837113041518078,9
2700957,9.47120927344746,22
2700974,9.60520477397872,17
2700978,9.951897449905918,4
2700985,9.868842308775642,7
2700991,9.906398494015919,6
2701033,9.051703029651412,42
2701049,9.633313624275761,16
2701050,10.0,1
2701058,9.851961732400119,8
2701064,9.88289055094449,6
2701066,9.984951731006849,2
2701079,9.710972081672702,13
2701089,9.80403956500499,10
2701100,9.759977765254748,11
2701112,9.736369293424524,12
2701122,9.80554863531393,10
2701123,9.993390158108967,1
2701135,9.73254849036791,12
2701142,9.855740940934222,7
2701143,10.0,1
2701154,9.777151893744882,11
2701155,10.0,1
2701156,10.0,1
2701164,9.85076701622069,8
2701170,9.900078887103605,6
2701171,9.992947441268596,1
2701172,10.0,1
2701178,9.911110851171923,6
2701187,9.849069713574178,9
2701193,9.895877358378861,6
2701202,9.821260332699342,9
2701211,9.81342188362357,9
2701221,9.776338828711284,10
2701237,9.657808778124478,16
2701250,9.741813307045016,13
2701255,9.931646302884769,5
2701267,9.744960651411493,12
2701281,9.6975200098451,14
2701286,9.917728273401998,5
2701302,9.633565807532504,16
2701307,9.919872171963886,5
2701315,9.85647286685421,8
2701331,9.615852801239642,16
2701347,9.67452075488446,16
2701352,9.92519330549946,5
2701364,9.748365143528655,12
2701376,9.658880662551145,12
2701380,9.949190569945964,4
2701384,9.94386744064666,4
2701389,9.910012838667791,5
2701391,9.978464018381876,2
2701401,9.838611752245814,10
2701415,9.688539878951945,14
2701423,9.840174396548957,8
2701437,9.694037942348919,14
2701445,9.828164051173102,8
2701455,9.80119861917107,10
2701468,9.757693782712073,13
2701478,9.820849588332043,10
2701488,9.784373415332276,10
2701493,9.937105707284715,5
2701506,9.765343530981044,13
2701511,9.926564408164129,5
2701516,9.920606581307606,5
2701517,10.0,1
2701519,9.985890666608626,2
2701530,9.785342347120855,11
2701537,9.876751918418625,7
2701551,9.729582000093574,14
2701557,9.89039807767742,6
2701575,9.383771832352638,18
2701591,9.615903248072948,16
2701598,9.872202694383036,7
2701606,9.86848627469661,8
2701610,9.93584710091711,4
2701614,9.927196021901757,4
2701621,9.875138215685219,7
2701637,9.635387659645424,16
2701648,9.768764150694782,11
2701659,9.78724152908831,11
2701670,9.780988521324533,11
2701671,9.988867694835466,1
2701683,9.757050211253706,12
2701687,9.842132811525687,4
2701689,9.971635963045689,2
2701699,9.796562044244602,10
2701730,9.15998528697255,31
2701746,9.696751464450275,16
2701751,9.90646261248489,5
2701767,9.663970485781485,16
2701775,9.845827432874017,8
2701787,9.740474583943806,12
2701795,9.855947136573242,8
2701810,9.663905873994672,15
2701826,9.636802216765636,16
2701827,10.0,1
2701833,9.900743747864578,6
2701842,9.80929902493321,9
2701861,9.429852988839919,19
2701873,9.76413092367839,12
2701875,9.974984283803794,2
2701885,9.802800642914752,10
2701892,9.878460764007153,7
2701895,9.76700431848025,3
2701902,9.871096064264117,7
2701910,9.839556881495362,8
2701917,9.859643235832799,7
2701933,9.714174750154363,16
2701941,9.844880034048334,8
2701952,9.745973676546917,11
2701955,9.949994059465844,3
2701966,9.745961298743214,11
2701980,9.742047121872952,14
2701981,10.0,1
2701990,9.810566827735702,9
2701991,10.0,1
2702003,9.760807255943813,12
2702014,9.768936681110675,11
2702023,9.808666470682219,9
2702028,9.929903571948682,5
2702037,9.80640713228492,9
2702046,9.6135562132399,9
2702052,9.910816086973076,6
2702053,10.0,1
2702054,10.0,1
2702059,9.936188528666573,5
2702068,9.815585472134003,9
2702074,9.885865726826454,6
2702084,9.783350559630833,10
2702102,9.576331216839776,18
2702108,9.896305967695152,6
2702109,10.0,1
2702122,9.721930939488956,13
2702130,9.850655441239047,8
2702137,9.857160096263184,7
2702138,9.996243989865587,1
2702146,9.85135100654044,8
2702154,9.86590973607796,8
2702169,9.49798706489657,15
2702179,9.798150810288465,10
2702180,10.0,1
2702184,9.932070303372637,4
2702188,9.937579209562871,4
2702196,9.850655931802956,8
2702205,9.810129122549753,9
2702206,10.0,1
2702209,9.952475404545611,3
2702219,9.79316189570457,10
2702231,9.759643375394777,12
2702237,9.903413576381636,6
2702247,9.802114975317945,10
2702248,10.0,1
2702260,9.73609271520916,12
2702274,9.680935696247861,14
2702275,10.0,1
2702284,9.842631162735909,9
2702286,9.973240155479363,2
2702287,10.0,1
2702295,9.851634472797983,8
2702304,9.83498405446969,9
2702316,9.552272185446352,12
2702331,9.714453341726848,15
2702339,9.829016334544196,8
2702348,9.818609675963309,9
2702357,9.826719507057263,9
2702360,9.95473249241258,3
2702361,10.0,1
2702380,9.567821535316378,19
2702389,9.84836588325952,9
2702399,9.786951205878088,10
2702407,9.862661525330074,8
2702419,9.733148794187576,12
2702425,9.88406548950892,6
2702439,9.668722305020639,14
2702447,9.842694967316143,8
2702456,9.827284517175197,9
2702459,9.96950805438165,3
2702469,9.803288187748995,10
2702476,9.86965310214668,7
2702490,9.656330434107272,14
2702493,9.945892139295422,3
2702501,9.833857785695923,8
2702507,9.894995200117583,6
2702517,9.786602155391169,10
2702519,9.971250780391294,2
2702524,9.922362714158082,5
2702529,9.918471400650287,5
2702537,9.840955648413596,8
2702548,9.74765139708572,11
2702553,9.907571134265435,5
2702558,9.698931575810938,5
2702566,9.828932081056742,8
2702576,9.77572550691241,10
2702583,9.879228487943918,7
2702593,9.78109572778752,10
2702602,9.874816617520182,9
2702610,9.839460785808978,8
2702614,9.953636235797491,4
2702619,9.921153132230062,5
2702630,9.74013406611567,11
2702639,9.811203214687911,9
2702652,9.708303547824332,13
2702663,9.755429665444703,11
2702673,9.79792526166099,10
2702675,9.986818632153144,2
2702694,7.624841195645841,19
2702703,9.83419771681708,9
2702714,9.77793336450325,11
2702749,9.037487664543702,35
2702750,10.0,1
2702771,9.596180903746143,21
2702785,9.6940130491286,14
2702790,9.93351148434078,5
2702800,9.802673777549412,10
2702812,9.78790925841051,12
2702813,10.0,1
2702814,10.0,1
2702834,9.519752254578577,20
2702844,9.799295722020174,10
2702863,9.555877668899694,19
2702872,9.837848042831578,9
2702887,9.658949569457496,15
2702893,9.876173144030178,6
2702898,9.920095851768163,5
2702906,9.866011502316248,8
2702907,10.0,1
2702919,9.74267326699127,12
2702929,9.784420475304012,10
2702943,9.684323380290529,14
2702959,9.691160147254015,16
2702977,9.616851811050731,18
2702991,9.736005181846728,14
2703002,9.778316892533173,11
2703007,9.917372989450502,5
2703029,9.56462069541393,22
2703039,9.792962481771443,10
2703040,10.0,1
2703057,9.612279396746946,17
2703075,9.57352186782633,18
2703089,9.646329969071399,14
2703090,10.0,1
2703095,9.913335130069186,5
2703096,10.0,1
2703101,9.934962833612785,5
2703112,9.788260530128719,11
2703127,9.698346584235246,15
2703139,9.733190361581952,12
2703140,10.0,1
2703150,9.815288320098878,10
2703160,9.799012416029955,10
2703177,9.651114674396414,17
2703190,9.708773986801944,13
2703198,9.828425069651729,8
2703210,9.758212789513587,12
2703211,10.0,1
2703212,10.0,1
2703222,9.826782765646719,10
2703232,9.836867612889057,10
2703240,9.856186598278883,8
2703248,9.855454685514822,8
2703254,9.89304903361581,6
2703258,9.953387895641008,4
2703268,9.78954801280393,10
2703279,9.755605419041222,11
2703291,9.70582644144515,12
2703299,9.831257950662987,8
2703309,9.80848649538971,10
2703321,9.763849022642141,12
2703343,9.58187558939249,22
2703355,9.736404884264957,12
2703367,9.743284483438808,12
2703378,9.764507089371362,11
2703385,9.879374017592397,7
2703396,9.761961582859682,11
2703405,9.826010412983223,9
2703415,9.806633301985887,10
2703435,9.549818697889357,20
2703440,9.912523805604685,5
2703446,9.89401780487237,6
2703457,9.751712315070868,11
2703467,9.788368845740601,10
2703474,9.878103989893297,7
2703484,9.780457541228234,10
2703489,9.923876444321897,5
2703501,9.727773933383805,12
2703514,9.730138011419928,13
2703522,9.83148188922999,8
2703523,9.996206080829088,1
2703533,9.816058044547942,10
2703543,9.827334445348985,10
2703553,9.772400128039667,10
2703564,9.80926754832483,11
2703572,9.839252014040888,8
2703579,9.874412785075497,7
2703585,9.897438729841223,6
2703603,9.629910657575033,18
2703608,9.9085481711239,5
2703616,9.872519893624917,8
2703621,9.91214376101855,5
2703626,9.926788421459744,5
2703643,9.564498179286348,17
2703655,9.736618250597788,12
2703663,9.843426006048569,8
2703679,9.656604772859094,16
2703696,9.59676162021544,17
2703711,9.46156082927275,15
2703712,10.0,1
2703721,9.85497667167232,9
2703727,9.879333673005961,6
2703747,9.622753512608208,20
2703754,9.894073720769786,7
2703755,10.0,1
2703767,9.754828755294197,12
2703781,9.598268517915633,14
2703793,9.774427213323879,12
2703800,9.861861288053664,7
2703835,9.354237951573438,35
2703846,9.789186047560566,11
2703847,10.0,1
2703861,9.702478772136173,14
2703865,9.929205805247932,4
2703875,9.7810041396234,10
2703885,9.829780754481598,10
2703887,9.98460989436207,2
2703899,9.733974313576027,12
2703913,9.724110724717344,14
2703922,9.806618451546981,9
2703935,9.730888282636515,13
2703941,9.902706123119337,6
2703944,9.956432723316865,3
2703950,9.921245287176417,6
2703956,9.893621260794115,6
2703972,9.668329827541982,16
2703982,9.836783578823983,10
2703995,9.700919015355456,13
2704003,9.8483821433126,8
2704018,9.6868427352173,15
2704019,10.0,1
2704044,9.48233911227362,25
2704050,9.88777722132898,6
2704058,9.862770192807028,8
2704069,9.74528191311923,11
2704073,9.938656099629467,4
2704076,9.955450224614736,3
2704089,9.699772860755383,13
2704095,9.870435397803835,6
2704098,9.957180652124745,3
2704099,10.0,1
2704107,9.839651437620955,8
2704120,9.756078742141359,13
2704134,9.684903912252263,14
2704141,9.882763832529847,7
2704160,9.498515543146883,19
2704161,10.0,1
2704166,9.89989113794306,5
2704167,10.0,1
2704183,9.638391107805015,16
2704194,9.754580945993528,11
2704210,9.672767567600905,16
2704225,9.645302868631545,15
2704237,9.754956303639958,12
2704245,9.835649577849384,8
2704250,9.912454766974108,5
2704251,9.988354390976248,1
2704268,9.670272989210579,17
2704276,9.887446640216828,8
2704286,9.775025729758843,10
2704292,9.910214563466418,6
2704301,9.842820655127465,9
2704303,9.972632152621895,2
2704306,9.955272741710207,3
2704312,9.889776486737922,6
2704313,10.0,1
2704320,9.871916306116763,7
2704335,9.638954063283943,15
2704339,9.940883245107646,4
2704347,9.838228621060743,8
2704367,9.604163422848275,20
2704371,9.93608095247927,4
2704377,9.901660604521632,6
2704381,9.949493327759162,4
2704389,9.858984565038634,8
2704396,9.88289427293576,7
2704402,9.881066060058236,6
2704403,10.0,1
2704418,9.659951961334405,15
2704425,9.872130372773636,7
2704428,9.958530960862545,3
2704443,9.644845310322998,15
2704449,9.874865433092987,6
2704463,9.706607004189058,14
2704473,9.792252615882004,10
2704483,9.814424949323229,10
2704487,9.943390552475735,4
2704494,9.884212439367884,7
2704502,9.841288033518698,8
2704505,9.955185733259961,3
2704511,9.893563988887925,6
2704526,9.695804750939436,15
2704535,9.830141455865126,9
2704545,9.813871494399034,10
2704556,9.77981827615683,11
2704577,9.47962195409109,21
2704585,9.84473479946244,8
2704597,9.720113518962517,12
2704609,9.71211817341257,12
2704614,9.911736061418587,5
2704626,9.76080920921619,12
2704632,9.896186192603418,6
2704641,9.82365452661425,9
2704646,9.914381636409306,5
2704653,9.882202528269588,7
2704660,9.849228672689568,7
2704664,9.938436433365055,4
2704667,9.957210099008828,3
2704679,9.747290671946683,12
2704695,9.659644870552743,16
2704705,9.79420040709542,10
2704706,10.0,1
2704718,9.725397611246764,12
2704721,9.962181943955159,3
2704730,9.832558084065866,9
2704748,9.587168451470342,18
2704753,9.933678038016502,5
2704762,9.849825683345562,9
2704769,9.876251800334495,7
2704774,9.934536607774879,5
2704789,9.68321199263254,15
2704799,9.801834959182104,10
2704814,9.658297350317655,15
2704817,9.960390316798929,3
2704818,9.996406073601772,1
2704825,9.878057966820393,7
2704834,9.810600069886414,9
2704843,9.817949220595569,9
2704849,9.906104529514291,6
2704853,9.936854042365585,4
2704862,9.839346932389935,9
2704873,9.753637103320445,11
2704881,9.850982393883037,8
2704887,9.890900208963638,6
2704895,9.843677658981104,8
2704908,9.711218718652427,13
2704913,9.900411876163167,5
2704920,9.847223432733859,7
2704932,9.26602951929689,12
2704935,9.969124556080027,3
2704944,9.816260077469936,9
2704954,9.795300917087983,10
2704964,9.791607382358322,10
2704972,9.835624034767173,8
2704986,9.607281273977922,14
2704998,9.737028194655526,12
2705003,9.906336823805631,5
2705007,9.930043965358765,4
2705015,9.850631565503543,8
2705020,9.909215015650714,5
2705027,9.877474457555024,7
2705044,9.647881771797257,17
2705048,9.935563267039328,4
2705056,9.850208704429996,8
2705058,9.975966630461981,2
2705066,9.832770465140698,8
2705076,9.78520070504702,10
2705080,9.94240958309887,4
2705109,9.25820565215557,29
2705111,9.986215472252171,2
2705123,9.754787661979194,12
2705132,9.810604309391824,9
2705133,10.0,1
2705142,9.806396720553023,9
2705150,9.866393981384206,8
2705160,9.78718866225226,10
2705177,9.598505371344196,17
2705179,9.986286143309115,2
2705193,9.712750905357481,14
2705204,9.821201777370694,11
2705205,10.0,1
2705213,9.859899602324747,8
2705232,9.584652224433956,19
2705248,9.655141289676916,16
2705257,9.838900749852028,9
2705264,9.866279610319662,7
2705275,9.767649286084705,11
2705289,9.657494921831889,14
2705301,9.747039350962124,12
2705305,9.9431224143429,4
2705311,9.896658488944894,6
2705316,9.916339372954479,5
2705322,9.893944306081403,6
2705323,10.0,1
2705327,9.947624982591538,4
2705330,9.969686299204307,3
2705337,9.871026376994974,7
2705349,9.73665760654848,12
2705365,9.630439870718783,16
2705369,9.933758892796854,4
2705370,10.0,1
2705373,9.969710753819344,3
2705386,9.711069033695775,13
2705389,9.949037514590637,3
2705392,9.956983677331916,3
2705396,9.938926880516407,4
2705409,9.72688100421236,13
2705418,9.825348232416573,9
2705420,9.9764665058192,2
2705429,9.828266559880943,9
2705438,9.817513827638585,9
2705441,9.959795596119273,3
2705454,9.710369986539659,13
2705468,9.745275776209102,14
2705469,10.0,1
2705481,9.444786211973003,12
2705489,9.848016379388163,8
2705501,9.753947168284144,12
2705510,9.83289882060622,9
2705521,9.759801001398221,11
2705531,9.827314534897312,10
2705534,9.949480937016537,3
2705546,9.779758689166236,12
2705555,9.85555731942331,9
2705566,9.755666092755611,11
2705578,9.76129976838937,12
2705590,9.743673086175594,12
2705601,9.756515900087829,11
2705606,9.917948647977802,5
2705611,9.932245220793126,5
2705613,9.972411425891893,2
2705618,9.930138987603588,5
2705621,9.954793486370006,3
2705625,9.946174429976436,4
2705629,9.943098552574881,4
2705633,9.92815807246193,4
2705639,9.701521037524536,6
2705647,9.837365376484259,8
2705648,10.0,1
2705660,9.801458908852043,12
2705665,9.934464274574925,5
2705670,9.912120868678155,5
2705673,9.950290585697422,3
2705680,9.863075765581176,7
2705690,9.78522766428472,10
2705699,9.838984222698645,9
2705700,10.0,1
2705709,9.722146811705233,9
2705717,9.863173540632488,8
2705722,9.934857641089744,5
2705725,9.956861864970545,3
2705735,9.761590468783528,10
2705748,9.714301841407579,13
2705757,9.830079512532146,9
2705771,9.712131904831557,14
2705772,9.993150744292423,1
2705789,9.615358815038599,17
2705797,9.848549382020247,8
2705806,9.805368690959096,9
2705807,10.0,1
2705817,9.825852592776869,10
2705825,9.845585933964502,8
2705830,9.89996302387779,5
2705832,9.979243452546417,2
2705841,9.832952412547948,9
2705842,9.98972593807968,1
2705854,9.764919401954037,12
2705858,9.937279715288437,4
2705862,9.954195203225668,4
2705864,9.971574826219433,2
2705867,9.968985537941656,3
2705875,9.868616432076266,8
2705884,9.807032148735827,9
2705891,9.873334608395059,7
2705904,9.730562204239313,13
2705913,9.830765982527456,9
2705927,9.746337529085588,14
2705929,9.979475701132815,2
2705939,9.780266919533387,10
2705953,9.70847738723861,14
2705962,9.74818777871498,9
2705963,10.0,1
2705973,9.820610657121694,10
2705983,9.79536278531468,10
2705994,9.743327056827939,11
2705998,9.932693705362638,4
2706005,9.874616680912727,7
2706006,10.0,1
2706019,9.505916616215234,13
2706027,9.852704856274503,8
2706028,10.0,1
2706036,9.832509174378673,8
2706042,9.890627469546986,6
2706049,9.877931441214828,7
2706060,9.745277556311807,11
2706069,9.821431770960244,9
2706084,9.633578580016637,15
2706093,9.807193559003304,9
2706096,9.965189430372531,3
2706100,9.935299485621368,4
2706101,10.0,1
2706102,10.0,1
2706106,9.94402346273284,4
2706117,9.79127649701088,11
2706126,9.810653222366184,9
2706136,9.794598567362051,10
2706137,10.0,1
2706149,9.737378723089222,12
2706157,9.852262441494217,8
2706169,9.73360081161536,12
2706178,9.829039076627103,9
2706190,9.726715419769686,12
2706202,9.74209558377873,12
2706214,9.755716583417595,12
2706219,9.910847454933066,5
2706229,9.823796625568598,10
2706238,9.831810553927935,9
2706245,9.877433054373023,7
2706256,9.755644995804191,11
2706257,10.0,1
2706260,9.957837314696416,3
2706310,8.874756154601119,50
2706330,9.588608193643775,20
2706331,10.0,1
2706339,9.836037302512105,8
2706342,9.95600708368827,3
2706347,9.928731489859883,5
2706348,10.0,1
2706355,9.865252471805356,7
2706356,10.0,1
2706375,9.623994348872925,19
2706384,9.823420479551912,9
2706393,9.843615913614304,9
2706403,9.793607847812872,10
2706411,9.854321474949545,8
2706419,9.85358512643052,8
2706427,9.855248352030337,8
2706439,9.750296895188828,12
2706453,9.656096195537842,14
2706462,9.606231558949759,9
2706474,9.746402738687717,12
2706485,9.760610862455305,11
2706496,9.803168456225368,11
2706513,9.200050898331053,17
2706520,9.843088167346345,7
2706526,9.904001056482224,6
2706539,9.719479409528788,13
2706557,9.561680970824586,18
2706565,9.86888868047258,8
2706577,9.745205593369338,12
2706591,9.652379660644167,14
2706601,9.791075658432371,10
2706608,9.881368124775795,7
2706614,9.906311779837635,6
2706621,9.87669572399552,7
2706628,9.873406404210092,7
2706634,9.890019435193258,6
2706647,9.742842966958573,13
2706651,9.935283880470038,4
2706656,9.913712483348936,5
2706657,10.0,1
2706667,9.791530355478075,10
2706668,10.0,1
2706680,9.757565428152521,12
2706683,9.961885592175822,3
2706694,9.789034523101076,11
2706703,9.827698308084289,9
2706711,9.894244025110805,8
2706713,9.974631304589305,2
2706717,9.934338364855195,4
2706728,9.755243966777986,11
2706733,9.917612715120798,5
2706744,9.755649760786898,11
2706753,9.838503389973624,9
2706759,9.909315675109756,6
2706766,9.875200518057046,7
2706778,9.778478398926897,12
2706789,9.834114790192091,11
2706796,9.859653135667017,7
2706803,9.898161968011006,7
2706815,9.745490526433347,12
2706843,6.773120862079581,28
2706894,8.829281395413851,51
2706895,10.0,1
2706906,9.7298694261312,11
2706907,9.99217032100342,1
2706911,9.950076472523145,4
2706919,9.837801315379842,8
2706926,9.871877074307758,7
2706945,9.613158629418052,19
2706951,9.902428487430424,6
2706952,10.0,1
2706962,9.806881926587769,10
2706963,10.0,1
2706973,9.824891445747443,10
2706974,10.0,1
2706989,9.666619768006477,15
2706995,9.900117029788053,6
2707004,9.846461132567073,9
2707017,9.475490359307386,13
2707023,9.894400774200372,6
2707027,9.946792564724968,4
2707042,9.660560264699905,15
2707049,9.865541700468405,7
2707055,9.880957438898609,6
2707056,10.0,1
2707066,9.803720738016564,10
2707081,9.655458309401853,15
2707096,9.676004779386924,15
2707097,10.0,1
2707112,9.697178878731327,15
2707115,9.959852546373352,3
2707127,9.76408731145665,12
2707263,7.3550991697257295,136
2707270,9.852511330292234,7
2707275,9.925328333573558,5
2707287,9.775031527956838,12
2707290,9.956236098446933,3
2707305,9.644285652224362,15
2707312,9.860154160486989,7
2707323,9.774990961117119,11
2707330,9.882787479354608,7
2707331,9.991103981054712,1
2707336,9.921010736661078,5
2707346,9.788911138634512,10
2707347,10.0,1
2707354,9.861192429420921,7
2707369,9.628075880158484,15
2707378,9.819628114026953,9
2707393,9.705283791608862,15
2707403,9.797713138884758,10
2707412,9.825031096403697,9
2707425,9.704594985162096,13
2707430,9.91277071948784,5
2707443,9.747602876124228,13
2707450,9.864994828280633,7
2707451,9.99167836492978,1
2707459,9.842361518155114,8
2707461,9.977664577197498,2
2707464,9.955000448333562,3
2707472,9.829127740475373,8
2707479,9.865109894969594,7
2707483,9.936491021698384,4
2707488,9.905795274673213,5
2707499,9.756220172163122,11
2707506,9.851603761352289,7
2707515,9.833574859232456,9
2707524,9.821024957013172,9
2707534,9.81196426648587,10
2707545,9.761133499678454,11
2707558,9.722956664571372,13
2707567,9.816444233411271,9
2707576,9.80049710518219,9
2707604,9.270649478265314,28
2707618,9.679462193148439,14
2707623,9.931752423067035,5
2707635,9.736839881987473,12
2707652,9.628584975315565,17
2707673,9.487214491978934,21
2707681,9.83994471942487,8
2707688,9.877177549274075,7
2707696,9.86539674390268,8
2707709,9.701495023270557,13
2707716,9.851000597542098,7
2707717,10.0,1
2707722,9.913665884854362,5
2707733,9.760144598043754,11
2707734,10.0,1
2707740,9.895502065908062,6
2707751,9.780894591316102,11
2707762,9.766642112329464,11
2707768,9.907344176938205,6
2707776,9.847845736330843,8
2707784,9.862689895023284,8
2707791,9.886786272818613,7
2707804,9.724343058391346,13
2707815,9.784503069828647,11
2707821,9.87052370724443,6
2707829,9.850052621835953,8
2707846,9.61961373042622,17
2707862,9.59843095139084,16
2707870,9.835956324966833,8
2707872,9.98491310940704,2
2707897,9.543997996504578,25
2707904,9.884551842243091,7
2707913,9.819925424875414,9
2707923,9.81040942029394,10
2707931,9.879856041150601,8
2707949,9.589539704286345,18
2707956,9.883412704351267,7
2707957,10.0,1
2707963,9.900251586428467,6
2707970,9.868525962222197,7
2707975,9.93170813311819,5
2707976,10.0,1
2707981,9.912246736124352,5
2708003,9.484897454014458,22
2708004,10.0,1
2708015,9.765867851573093,11
2708016,10.0,1
2708018,9.975618737563769,2
2708031,9.737730616165916,13
2708038,9.860971660998556,7
2708047,9.837280356255853,9
2708052,9.913540594402301,5
2708058,9.899487150856046,6
2708066,9.82311105301002,8
2708079,9.705711690688014,13
2708080,9.989929619491734,1
2708087,9.850269429506469,7
2708096,9.823917306129932,9
2708106,9.806718990032135,10
2708118,9.741346505314473,12
2708127,9.815941224947832,9
2708139,9.750427258309664,12
2708163,9.510770015288099,24
2708185,9.47325892558988,22
2708191,9.895300664768708,6
2708201,9.804450198284227,10
2708214,9.636947743634668,13
2708218,9.937227143873965,4
2708225,9.865327247409798,7
2708228,9.95976240822454,3
2708234,9.906849327230168,6
2708242,9.849475581059222,8
2708248,9.90699858887452,6
2708250,9.976628389553818,2
2708251,10.0,1
2708254,9.95820047877032,3
2708266,9.79392184413377,12
2708275,9.851646590468741,9
2708280,9.916303994975529,5
2708291,9.77802161503583,11
2708299,9.838562747491316,8
2708303,9.924746321232753,4
2708316,9.72538155803625,13
2708330,9.680178995580743,14
2708343,9.714538813031153,13
2708356,9.721501585409621,13
2708361,9.919167673819203,5
2708372,9.760495738123954,11
2708375,9.967775005165755,3
2708397,9.322037041635484,22
2708400,9.958829785068279,3
2708413,9.73203106456571,13
2708418,9.721259315156344,5
2708422,9.952993079721635,4
2708427,9.939579259702276,5
2708436,9.833556789123687,9
2708450,9.682684017166663,14
2708457,9.854282968258245,7
2708462,9.925598062641981,5
2708471,9.814477099810436,9
2708480,9.831933388747832,9
2708484,9.940529211952741,4
2708486,9.985628189098854,2
2708487,10.0,1
2708501,9.67947441593097,14
2708514,8.793157928694251,13
2708529,9.724021417810059,15
2708539,9.490871498752,10
2708543,9.934293209147652,4
2708557,9.69299151921981,14
2708568,9.765542096955237,11
2708577,9.804905618788428,9
2708592,9.73366022562169,15
2708603,9.749343217058458,11
2708607,9.935879779464706,4
2708618,9.770126273167607,11
2708621,9.95798669037723,3
2708629,9.844786529947303,8
2708638,9.790725012923454,9
2708646,9.847431765345572,8
2708652,9.90437558957977,6
2708658,9.89733307729766,6
2708665,9.856951416677283,7
2708670,9.91974426552224,5
2708671,10.0,1
2708673,9.983814344254284,2
2708685,9.742680041842425,12
2708690,9.915205948119457,5
2708695,9.910894657108365,5
2708706,9.759182078939995,11
2708716,9.781704309217915,10
2708725,9.809165575836277,9
2708733,9.86202591386616,8
2708741,9.839166968960773,8
2708742,10.0,1
2708743,10.0,1
2708752,9.795718960868722,9
2708768,8.783002149216244,16
2708789,9.514702031591995,21
2708802,9.730028849959997,13
2708817,9.438768757307468,15
2708827,9.785624672502117,10
2708828,10.0,1
2708830,9.966934808368691,2
2708838,9.830714272628947,8
2708839,10.0,1
2708851,9.751669218995097,12
2708853,9.97579394099708,2
2708864,9.786794350026526,11
2708871,9.863762158315467,7
2708880,9.816876365740345,9
2708881,10.0,1
2708892,9.65387284254532,11
2708903,9.759669186156975,11
2708911,9.827707356182126,8
2708918,9.865191892819864,7
2708926,9.832628497313708,8
2708927,10.0,1
2708933,9.911960950155665,6
2708935,9.982305097123598,2
2708949,9.670167140034328,14
2708959,9.789429359685935,10
2708963,9.95020972621286,4
2708969,9.882808562408542,6
2708973,9.935617618996986,4
2708981,9.847408532441113,8
2708988,9.890373062985633,7
2708994,9.913108806235613,6
2709001,9.8646523540188,7
2709002,10.0,1
2709004,9.972755984050861,2
2709016,9.731341723102119,12
2709021,9.908102519196134,5
2709025,9.936586634307158,4
2709026,10.0,1
2709040,9.669077121313343,14
2709041,10.0,1
2709045,9.946189339353605,4
2709055,9.816358683496935,10
2709069,9.718782074774737,14
2709082,9.72359884646017,13
2709094,9.752950807432823,12
2709108,9.740961222651444,14
2709122,9.723149323416468,14
2709131,9.809403023487905,9
2709145,9.69149583027047,14
2709157,9.742561427560416,12
2709166,9.821846729047792,9
2709183,9.635268887215258,17
2709193,9.773573640442395,10
2709198,9.915873300162245,5
2709213,9.682562179529207,15
2709229,9.65380629042468,16
2709236,9.877219960821806,7
2709250,9.692716841539433,14
2709259,9.820418548767448,9
2709269,9.78824903754122,10
2709280,9.767272696146827,11
2709296,9.624598046761488,16
2709302,9.892088748596803,6
2709313,9.77975841566544,11
2709318,9.91968772173576,5
2709330,9.752133294666246,12
2709337,9.850364288391445,7
2709355,9.64687313062257,18
2709362,9.879076797399145,7
2709373,9.755789446392605,11
2709383,9.80346114111333,10
2709390,9.869818107799453,7
2709391,10.0,1
2709403,9.744517775764296,12
2709410,9.89071965755997,7
2709416,9.894509632240391,6
2709436,9.580557107914405,20
2709449,9.699261782438793,13
2709455,9.90610883753727,6
2709462,9.850141079537007,7
2709477,9.646862938145748,15
2709487,9.812947660691979,10
2709494,9.868978229501119,7
2709502,9.857732408087584,8
2709504,9.97391589601514,2
2709517,9.734144682265221,13
2709533,7.86143688849285,16
2709551,9.606322781994253,18
2709562,9.77971121285145,11
2709574,9.74207371333055,12
2709584,9.795770949679332,10
2709589,9.919371373943582,5
2709605,9.190268224937675,16
2709620,9.659112456346772,15
2709624,9.947482800092843,4
2709635,9.754900643408556,11
2709643,9.85715770727357,8
2709655,9.728635107555025,12
2709656,9.988382507530984,1
2709661,9.915778107721236,5
2709678,9.625225030044342,17
2709683,9.925187570390074,5
2709695,9.721301688024113,12
2709703,9.83500232239012,8
2709704,9.991828317075065,1
2709714,9.788255732135559,10
2709724,9.807514774675017,10
2709732,9.840149060622547,8
2709739,9.749905034608467,7
2709749,9.800749787763221,10
2709757,9.842206772901033,8
2709761,9.935438123852013,4
2709767,9.907942169464475,6
2709774,9.866140310859212,7
2709778,9.933373314811869,4
2709781,9.95085457743436,3
2709785,9.941832613632137,4
2709790,9.901586577481815,5
2709794,9.932403027193136,4
2709802,9.85621316252204,8
2709823,9.512704677489566,21
2709827,9.93298547006336,4
2709831,9.940149943497614,4
2709839,9.845486166867863,8
2709848,9.827390621569574,9
2709854,9.891704554588776,6
2709869,9.661210311027123,15
2709884,9.654421506245225,15
2709890,9.901846045914178,6
2709900,9.785621586922037,10
2709906,9.694223425656569,6
2709911,9.912845169444932,5
2709925,9.70097438957769,14
2709928,9.948623077266035,3
2709934,9.894014323741567,6
2709947,9.737924398399736,13
2709966,9.58917094640544,19
2709969,9.95350493990053,3
2709970,10.0,1
2709978,9.864682455490243,8
2709995,9.624402657401415,17
2710000,9.915278820999264,5
2710006,9.878795283672474,6
2710013,9.866009560879098,7
2710025,9.740125471504811,12
2710040,9.692636669557027,15
2710047,9.89144815214481,7
2710057,9.791975619023235,10
2710067,9.845083871199115,10
2710073,9.892729782446585,6
2710091,9.590362936620451,18
2710099,9.853806353525412,8
2710107,9.828338197671275,8
2710117,9.804877303727414,10
2710128,9.750583191987698,11
2710130,9.97565882410866,2
2710139,9.809615071183059,9
2710154,9.661063069825818,15
2710169,9.653480807517676,15
2710177,9.810751447986437,8
2710187,9.798666948394033,10
2710200,9.70105422738257,13
2710201,10.0,1
2710218,9.649054552325282,17
2710224,9.902040359099903,6
2710231,9.857959477661392,7
2710238,9.860528970135752,7
2710251,9.726408274587754,13
2710261,9.794637959155297,10
2710262,10.0,1
2710268,9.895806614827329,6
2710274,9.893366298220442,6
2710297,9.472588247631927,23
2710298,10.0,1
2710311,9.711854017611318,13
2710314,9.94653300347862,3
2710339,9.4482712806117,25
2710347,9.828780877262114,8
2710355,9.839566483406815,8
2710364,9.817468375535855,9
2710375,9.776882760375747,11
2710386,9.770915871079415,11
2710388,9.974939136017243,2
2710398,9.774577011757577,10
2710400,9.98054186809145,2
2710408,9.847468117564018,8
2710415,9.871672803388082,7
2710416,10.0,1
2710426,9.78862915972714,10
2710460,9.423055245325957,34
2710477,9.660100723192606,17
2710488,9.80263728399325,11
2710499,9.756684882614474,11
2710511,9.782495319180327,12
2710517,9.917941546854252,6
2710523,9.887446750676846,6
2710527,9.939131985324542,4
2710537,9.81175676624484,10
2710541,9.946681485243326,4
2710542,10.0,1
2710553,9.794303542175602,11
2710561,9.840848665551006,8
2710571,9.774477261334773,10
2710574,9.959632129893546,3
2710581,9.874795220467018,7
2710582,9.992020515050617,1
2710588,9.8982874745639,6
2710591,9.964245181681203,3
2710599,9.870888350795866,8
2710609,9.794136295384535,10
2710610,10.0,1
2710617,9.868911124995657,7
2710623,9.903958729946142,6
2710627,9.633788074626446,4
2710638,9.77423083267893,11
2710646,9.840055130468388,8
2710653,9.875668393504858,7
2710662,9.814383154849333,9
2710663,10.0,1
2710675,9.742552942967798,12
2710680,9.922534729262015,5
2710687,9.871500653770875,7
2710697,9.819869715166174,10
2710702,9.920916138996205,5
2710729,9.006585623788814,27
2710735,9.886875159850437,6
2710750,9.680256672094107,15
2710759,9.821341861499592,9
2710771,9.576377590427711,12
2710778,9.8742604219153,7
2710791,9.714160826867632,13
2710795,9.940444833144019,4
2710797,9.972839108998077,2
2710798,9.99632018282493,1
2710807,9.828651362013922,9
2710811,9.937207747307411,4
2710826,9.626299821350841,15
2710835,9.800428904340063,9
2710843,9.74672114955102,8
2710851,9.84299703531523,8
2710862,9.77588798672179,11
2710885,9.623496535474235,23
2710897,9.412322481305546,12
2710911,9.714929665917293,14
2710932,9.526657663465151,21
2710933,10.0,1
2710937,9.929464971437362,4
2710950,9.75577379195887,13
2710951,10.0,1
2710958,9.892590018701382,7
2710979,9.606566761235527,21
2710988,9.847751129869865,9
2710999,9.788929309368097,11
2711011,9.731377582890588,12
2711026,9.670090390852982,15
2711033,9.870965725889889,7
2711041,9.852667109689108,8
2711056,9.655279461952691,15
2711066,9.852296689457937,10
2711081,9.684967174810776,15
2711089,9.85588115332249,8
2711092,9.960967207522547,3
2711104,9.728069727127735,12
2711111,9.889213984160852,7
2711129,9.576275282864643,18
2711130,9.992545689229832,1
2711134,9.941937171223667,4
2711145,9.762537900056332,11
2711154,9.813466975266243,9
2711173,9.589096429186796,19
2711182,9.813006263312156,9
2711183,10.0,1
2711193,9.82042693350393,10
2711207,9.680028250189139,14
2711220,9.749847476914255,13
2711234,9.68038186561355,14
2711237,9.9612199563672,3
2711243,9.88075226859802,6
2711247,9.939734657817738,4
2711258,9.80150122103837,11
2711267,9.791796552972848,9
2711268,10.0,1
2711280,9.730976821170156,12
2711290,9.807702698677693,10
2711303,9.399684974012377,13
2711309,9.902249359837201,6
2711321,9.767955618695483,12
2711333,9.450830950917739,12
2711346,9.675994111963968,13
2711354,9.845810537310744,8
2711364,9.807787823134381,10
2711370,9.896794777066809,6
2711378,9.854102785829042,8
2711379,10.0,1
2711389,9.782434847165943,10
2711393,9.926191095409969,4
2711408,9.727960245407672,15
2711419,9.739763955526099,11
2711420,10.0,1
2711432,9.753573401211776,12
2711449,9.601031185209905,17
2711458,9.826346772822115,9
2711472,9.676741025275206,14
2711473,9.996508144785826,1
2711493,9.56948167649022,20
2711505,9.754704523383129,12
2711524,9.587966755541368,19
2711536,9.727274991042343,12
2711552,9.625154661482428,16
2711571,9.580629869003,19
2711575,9.946214974717504,4
2711583,9.866682765222263,8
2711591,9.852725716062132,8
2711592,10.0,1
2711599,9.873288840292991,7
2711606,9.892575471741434,7
2711615,9.816192229439146,9
2711616,10.0,1
2711622,9.895437715618007,6
2711633,9.748470807431808,11
2711640,9.77832595646555,7
2711647,9.885456116833028,7
2711659,9.735258080984906,12
2711669,9.81909347293368,10
2711675,9.895066347844722,6
2711684,9.855890596419215,9
2711692,9.861384962316416,8
2711703,9.756701258707993,11
2711718,9.657958241100838,15
2711728,9.808789849615414,10
2711729,10.0,1
2711736,9.863600850498898,7
2711749,9.70723734514278,13
2711754,9.912119716618601,5
2711766,9.732544731244346,12
2711772,9.885228018796532,6
2711784,9.758676279317227,12
2711792,9.862054690809243,8
2711793,10.0,1
2711794,10.0,1
2711810,9.632982405674722,16
2711813,9.962274094949404,3
2711819,9.911317583430389,6
2711820,10.0,1
2711827,9.896573775213286,7
2711833,9.900517922188252,6
2711834,10.0,1
2711839,9.911412399019772,5
2711842,9.95920757383816,3
2711854,9.74615487268711,12
2711861,9.880121105590076,7
2711863,9.97180640604631,2
2711865,9.972332066864757,2
2711870,9.909359377088713,5
2711882,9.76753472764678,12
2711896,9.723856332305349,14
2711907,9.761895058431957,11
2711915,9.84737708070297,8
2711924,9.830450798773683,9
2711937,9.697347310972322,13
2711938,10.0,1
2711969,9.435954829357883,31
2711982,9.740025381203653,13
2711992,9.811686229630638,10
2711997,9.920991659776417,5
2712001,9.842082280745148,4
2712013,9.743124013036704,12
2712014,10.0,1
2712021,9.856884568355843,7
2712033,9.777011696607214,12
2712040,9.870569560147983,7
2712051,9.75913473752414,11
2712069,9.567611820369834,18
2712078,9.808259300837797,9
2712095,9.605678427529503,17
2712105,9.790816564231303,10
2712112,9.86707285100495,7
2712119,9.868654026864082,7
2712132,9.701159812428486,13
2712133,10.0,1
2712147,9.731179699684198,14
2712152,9.897952260806068,5
2712153,10.0,1
2712154,9.988239711738927,1
2712159,9.917438319290673,5
2712165,9.887846121420147,6
2712171,9.905059537314125,6
2712181,9.760662503251378,10
2712192,9.736970248163274,11
2712196,9.934282522008907,4
2712206,9.395392530278638,10
2712207,9.989459169710655,1
2712216,9.820313885630107,9
2712221,9.91415934903376,5
2712230,9.82797651533156,9
2712236,9.920675285528056,6
2712241,9.913597618535217,5
2712251,9.824506876270348,10
2712255,9.937018734512455,4
2712261,9.912712479500275,6
2712265,9.953877391097802,4
2712273,9.838909596581004,8
2712286,9.435431983823603,13
2712292,9.921162860413311,6
2712299,9.862241843831786,7
2712300,9.993343879650057,1
2712304,9.94178841627101,4
2712316,9.744262069234118,12
2712320,9.939788929205868,4
2712332,9.736178340849516,12
2712344,9.730565345794265,12
2712350,9.914416128585897,6
2712351,10.0,1
2712367,9.638492421413202,16
2712381,9.675125717453888,14
2712395,9.676763963139992,14
2712405,9.805606907579444,10
2712418,9.72211174032321,13
2712428,9.80270152798901,10
2712433,9.922625739430766,5
2712442,9.833302444032308,9
2712455,9.006654514856246,13
2712470,9.718979504480457,15
2712476,9.885792585668288,6
2712487,9.783739024778198,11
2712496,9.817757677698374,9
2712500,9.946617568085461,4
2712508,9.855536283188211,8
2712518,9.80612428465411,10
2712532,9.66321115779545,14
2712540,9.84440565738327,8
2712541,10.0,1
2712546,9.923098829256793,5
2712554,9.843775324279937,8
2712565,9.76645413768247,11
2712582,9.392719984277845,17
2712597,9.63019325895425,15
2712604,9.872903323829478,7
2712610,9.888856876966546,6
2712620,9.800953791662575,10
2712629,9.825960286782694,9
2712630,9.992544434807304,1
2712634,9.933128436925536,4
2712639,9.921111758532385,5
2712644,9.916644165289721,5
2712650,9.89222316460689,6
2712667,9.491561526335113,17
2712668,10.0,1
2712678,9.771403319004698,10
2712691,9.503555540285785,13
2712699,9.849055378768945,8
2712709,9.78794164869142,10
2712720,9.760228173470331,11
2712723,9.967564273766047,3
2712735,9.739003361459405,12
2712738,9.950312763319543,3
2712748,9.805823182030261,10
2712759,9.696624599817795,11
2712765,9.889085189156729,6
2712768,9.96445316889891,3
2712781,9.716330605901826,13
2712790,9.807365186137785,9
2712795,9.924305839164203,5
2712802,9.874649951549815,7
2712820,9.608080628981996,18
2712829,9.83464490202116,9
2712834,9.903053438507804,5
2712840,9.89069489576237,6
2712846,9.89411409830261,6
2712859,9.738250283486275,13
2712866,9.880667858853203,7
2712871,9.908776050700867,5
2712884,9.685820708331471,13
2712890,9.884298704946241,6
2712905,9.577889908931711,15
2712919,9.696063194111412,14
2712923,9.931952409282136,4
2712928,9.923503119036614,5
2712936,9.844551663704205,8
2712939,9.958423486390961,3
2712952,9.729692093603166,13
2712963,9.782143681483596,11
2712970,9.864385289521051,7
2712979,9.816932009480034,9
2712985,9.89070049136743,6
2712992,9.857463068692473,7
2713003,9.801818080834138,11
2713010,9.875053436245592,7
2713028,9.347893920723864,18
2713041,9.687890996867264,13
2713048,9.873580627011732,7
2713057,9.792899098848297,9
2713071,9.703315587603427,14
2713083,9.734395775761387,12
2713089,9.88746020526804,6
2713094,9.932578815680019,5
2713098,9.953714251616365,4
2713103,9.934514700961005,5
2713109,9.902102147867634,6
2713122,9.710170980603438,13
2713139,9.588873907241412,17
2713143,9.937027854962887,4
2713149,9.902324714820747,6
2713161,9.724568076122399,12
2713170,9.814599396918114,9
2713182,9.767080568012503,12
2713208,9.30379076761838,26
2713222,9.679956269080998,14
2713232,9.78601777630096,10
2713236,9.94076588238716,4
2713249,9.499822691537071,13
2713255,9.887792385192455,6
2713257,9.976758282182525,2
2713264,9.872230488491763,7
2713267,9.961591820674741,3
2713282,9.687102318403657,15
2713288,9.895793358461836,6
2713313,9.446348239425118,25
2713325,9.737528561103666,12
2713334,9.808331929179989,9
2713335,10.0,1
2713353,9.585685324178108,18
2713355,9.974125443168298,2
2713370,9.614453870736439,15
2713378,9.842207428871326,8
2713409,9.30166489186634,31
2713418,9.821867697126928,9
2713428,9.811510365781437,10
2713432,9.947403431654859,4
2713438,9.88573473015544,6
2713446,9.828998844603372,8
2713466,9.557736718513805,20
2713474,9.827227783108233,8
2713483,9.802505601132927,9
2713493,9.79723578196828,10
2713505,9.748331758142761,12
2713512,9.897281813581607,7
2713520,9.851786992986431,8
2713539,9.633996761793426,19
2713559,9.626182783991144,20
2713568,9.811027430205245,9
2713577,9.71478401286808,9
2713585,9.86552479686747,8
2713598,9.750961374936354,13
2713608,9.784319596947588,10
2713629,9.6102781918398,21
2713641,9.733877393150491,12
2713650,9.817098005020144,9
2713660,9.828812606838918,10
2713669,9.805822900659814,9
2713670,10.0,1
2713681,9.756322983372602,11
2713694,9.778236391849298,13
2713707,9.794802607183732,13
2713720,9.728860266610631,13
2713788,7.695099806477984,68
2713789,10.0,1
2713801,9.704858885787445,12
2713818,9.635655604805624,17
2713826,9.867916430713745,8
2713833,9.89515313440054,7
2713846,9.704356758475608,13
2713857,9.756429736340499,11
2713862,9.92274758128435,5
2713870,9.854315111256119,8
2713879,9.846346199630696,9
2713886,9.878421090847617,7
2713897,9.786867657954705,11
2713898,10.0,1
2713903,9.910028909967375,5
2713915,9.63974514084368,12
2713921,9.887648415929075,6
2713931,9.788157050717777,10
2713939,9.84499185546009,8
2713953,9.681149457566566,14
2713961,9.870492796037627,8
2713971,9.795584181825122,10
2713984,9.728913891449714,13
2713988,9.945509233306387,4
2713999,9.789850724277974,11
2714000,10.0,1
2714010,9.795323241304022,10
2714018,9.854416933453402,8
2714030,9.756953858209174,12
2714036,9.898334162966798,6
2714041,9.918092110084444,5
2714051,9.791782539904041,10
2714052,10.0,1
2714060,9.833083471771815,8
2714070,9.800321437901664,10
2714086,9.653789758665496,16
2714096,9.825805091140126,10
2714097,9.996672371675679,1
2714104,9.866128990964636,7
2714107,9.967033575587315,3
2714111,9.948727838323832,4
2714116,9.914522767650347,5
2714117,10.0,1
2714132,9.62480373193866,15
2714137,9.905947455661842,5
2714145,9.852319265163256,8
2714149,9.939146348985101,4
2714163,9.681281250147228,14
2714177,9.694290959424293,14
2714184,9.873409066804818,7
2714196,9.767778949254312,12
2714210,9.687653446167843,14
2714221,9.755958011857837,11
2714236,9.651156921988838,15
2714241,9.906620864359583,5
2714249,9.827517624294446,8
2714261,9.730979261668871,12
2714266,9.907158338283237,5
2714277,9.765676407250782,11
2714283,9.880236208098943,6
2714295,9.744349270670758,12
2714303,9.866174029137213,8
2714318,9.7201814761766,15
2714333,9.670434135672584,15
2714337,9.930734500441266,4
2714346,9.825906556056346,9
2714355,9.74384857747721,9
2714366,9.773681229281156,11
2714376,9.794006107309281,10
2714387,9.783484662325154,11
2714397,9.803704720539287,10
2714408,9.778525337726187,11
2714417,9.829475011937216,9
2714427,9.790855860376354,10
2714437,9.8417401515116,10
2714449,9.771321907271094,12
2714463,9.678800213825014,14
2714475,9.785659911174802,12
2714481,9.88484443732697,6
2714491,9.817698489411272,10
2714498,9.88087055622781,7
2714512,9.692586662669965,14
2714526,8.847181364206186,14
2714527,10.0,1
2714537,9.790101210023698,10
2714539,9.985622930493737,2
2714551,9.743973559295899,12
2714563,9.729016942309533,12
2714570,9.862328744847607,7
2714579,9.820692006109693,9
2714580,10.0,1
2714584,9.941419196891355,4
2714594,9.800179720099367,10
2714604,9.824832456349277,10
2714607,9.958420951283186,3
2714614,9.878559439679442,7
2714624,9.813349174164745,10
2714649,9.25287351728785,25
2714651,9.981234234629026,2
2714656,9.920481635022984,5
2714667,9.781878543305947,11
2714678,9.754237069435353,11
2714686,9.855288582007969,8
2714694,9.835685977707794,8
2714711,9.612144159994774,17
2714724,9.699437951703596,13
2714734,9.734479748867681,10
2714735,10.0,1
2714748,9.728164850200296,13
2714763,9.707094963942641,15
2714778,9.680968695605513,15
2714794,9.649727112235642,16
2714802,9.848015762158791,8
2714805,9.947918345881714,3
2714806,10.0,1
2714819,9.720942279546675,13
2714829,9.475522542802988,10
2714830,10.0,1
2714833,9.956336657017493,3
2714841,9.849170029187194,8
2714854,9.763322363020157,13
2714863,9.8048639437173,9
2714869,9.896100694628833,6
2714874,9.927745625920064,5
2714883,9.799985588693843,9
2714889,9.88651518521698,6
2714893,9.639579964988615,4
2714902,9.835694861335083,9
2714907,9.913030206836154,5
2714908,10.0,1
2714916,9.831340084948362,8
2714924,9.638315216172554,8
2714933,9.78879609945145,9
2714938,9.91335654788068,5
2714939,10.0,1
2714950,9.759021562712721,11
2714961,9.764960099164067,11
2714968,9.89572404486398,7
2714981,9.705350799826467,13
2714992,9.765498560948048,11
2714996,9.945922795261941,4
2715005,9.807291970944474,9
2715008,9.960434946650219,3
2715014,9.892785565822873,6
2715015,9.991229949655771,1
2715025,9.802879302456885,10
2715026,10.0,1
2715030,9.943583366712984,4
2715032,9.97262204571634,2
2715036,9.940621207494402,4
2715037,9.996386520007523,1
2715049,9.782338564828061,12
2715050,10.0,1
2715051,10.0,1
2715061,9.793033646054008,10
2715070,9.787481565668726,9
2715084,9.682361092051337,14
2715088,9.9384877737311,4
2715098,9.771598731355338,10
2715108,9.769376227751918,10
2715120,9.722791180223064,12
2715126,9.911340883299667,6
2715127,10.0,1
2715136,9.831919066141097,9
2715145,9.802726497574032,9
2715150,9.895675106704042,5
2715160,9.80308577377957,10
2715164,9.940950002147135,4
2715165,10.0,1
2715172,9.871914694537727,7
2715178,9.906136197254508,6
2715189,9.771999845846777,11
2715205,9.321424164821131,16
2715213,9.84642549501752,8
2715215,9.976218809134775,2
2715225,9.797412130585466,10
2715237,9.736797311873834,12
2715251,9.682624194238793,14
2715255,9.945054929895774,4
2715269,9.656747416974827,14
2715279,9.714602553048769,10
2715295,9.594787908582022,16
2715313,9.570679751989234,18
2715319,9.919007546823078,6
2715323,9.948071799637498,4
2715328,9.934148279477096,5
2715337,9.834236673236408,9
2715341,9.941368777095253,4
2715342,10.0,1
2715349,9.869941310942968,7
2715358,9.834999210430345,9
2715359,10.0,1
2715367,9.855424658183564,8
2715378,9.767056543191039,11
2715389,9.747248109769139,11
2715396,9.85922060429748,7
2715402,9.885294440435699,6
2715412,9.798032031934264,10
2715418,9.883555854783285,6
2715420,9.979934692987344,2
2715434,9.718687644229128,14
2715459,9.368881380258074,25
2715463,9.935808296209858,4
2715468,9.920209895298868,5
2715472,9.931967756241674,4
2715485,9.71537738102058,13
2715495,9.847937488225869,10
2715502,9.859044992219854,7
2715515,9.746322809007976,13
2715517,9.980803834991288,2
2715523,9.909280391658097,6
2715532,9.847174964271469,9
2715534,9.973217635392137,2
2715541,9.901206699797132,7
2715547,9.90092834650872,6
2715559,9.731922906506457,12
2715566,9.886160444795472,7
2715577,9.774532695043554,11
2715582,9.914751452670547,5
2715593,9.77148454215705,11
2715609,9.615455431636905,16
2715619,9.779734654605699,10
2715626,9.897595005427773,7
2715635,9.802757494643163,9
2715652,9.510352153199973,17
2715667,9.637733695475202,15
2715679,9.77727442781781,12
2715687,9.834225788783353,8
2715695,9.851937098726626,8
2715696,10.0,1
2715708,9.760087094564081,12
2715712,9.946275528366156,4
2715723,9.771938989403903,11
2715728,9.906894137770125,5
2715745,9.664017766732005,17
2715761,9.467393479431934,16
2715772,9.571344910536922,11
2715783,9.769235859082967,11
2715786,9.970930786574403,3
2715805,9.583542464225875,19
2715821,9.660047595276119,16
2715822,9.989179718337157,1
2715830,9.867507880473088,8
2715842,9.724809944448928,12
2715847,9.909345711354884,5
2715859,9.594526843627458,12
2715861,9.982363837944488,2
2715870,9.80548217573486,9
2715884,9.691442950045412,14
2715903,9.577955537834775,19
2715920,9.708202596369276,17
2715934,9.732962290671187,14
2715941,9.679270324409858,7
2715944,9.9705087991078,3
2715956,9.739341570702177,12
2715966,9.828068503720013,10
2715978,9.7669909480279,12
2715991,9.691959210515293,13
2715997,9.878077328898938,6
2715999,9.974259729225835,2
2716006,9.863859048891314,7
2716012,9.871914826239832,6
2716019,9.891691486390133,7
2716025,9.902986805013839,6
2716026,10.0,1
2716038,9.734091104065696,12
2716045,9.878834991981515,7
2716048,9.962773447286462,3
2716055,9.900333909863553,7
2716065,9.77470411082525,10
2716077,9.723447597236346,12
2716085,9.84099915464321,8
2716099,9.67899765357122,14
2716111,9.763247065067238,12
2716117,9.890816402652652,6
2716134,9.518302650468927,17
2716138,9.945320532753136,4
2716139,10.0,1
2716152,9.73244192175006,13
2716166,9.69042402561795,14
2716176,9.782680827631795,10
2716188,9.740027751627332,12
2716190,9.983406523880989,2
2716196,9.878041575875892,6
2716200,9.924806932821449,4
2716201,10.0,1
2716206,9.921050240935635,5
2716220,9.735329295070297,14
2716234,9.678372984387021,14
2716239,9.921199254315725,5
2716241,9.972785461820422,2
2716246,9.910920186857535,5
2716252,9.903833858192671,6
2716253,10.0,1
2716260,9.866973628867132,7
2716272,9.749771374943549,12
2716284,9.64572409832902,12
2716285,10.0,1
2716291,9.896133480170379,6
2716303,9.728229796558612,12
2716314,9.768364982690283,11
2716320,9.813472804743569,6
2716329,9.787794327340912,9
2716343,9.672648856492696,14
2716355,9.756229685066122,12
2716356,10.0,1
2716357,10.0,1
2716358,10.0,1
2716370,9.763126408642558,12
2716379,9.809902003235264,9
2716393,9.694290357384176,14
2716409,9.646897606361158,16
2716421,9.73577759494984,12
2716432,9.771186173724754,11
2716444,9.770932676002895,12
2716452,9.836944919602104,8
2716458,9.888667878603384,6
2716468,9.819686424353298,10
2716475,9.852013848355059,7
2716485,9.810592445361577,10
2716504,9.553968776174884,19
2716514,9.815220095629284,10
2716522,9.855512473301497,8
2716528,9.892152977339542,6
2716529,10.0,1
2716536,9.879508006807818,7
2716548,9.73660877637046,12
2716556,9.840937409155705,8
2716566,9.780653740699995,10
2716574,9.86764313679108,8
2716580,9.902511789896902,6
2716581,10.0,1
2716584,9.960691171888588,3
2716585,10.0,1
2716594,9.82916013579701,9
2716604,9.788216742699825,10
2716617,9.711345107773774,13
2716621,9.944405319840296,4
2716623,9.972189188681874,2
2716624,10.0,1
2716637,9.735841359404375,13
2716647,9.776966632372837,10
2716652,9.902136495169954,5
2716661,9.814156676457452,9
2716662,10.0,1
2716668,9.895130074414222,6
2716672,9.941359264129286,4
2716686,9.714907521263838,14
2716687,10.0,1
2716688,10.0,1
2716699,9.76664735580956,11
2716702,9.965287949738515,3
2716714,9.730965144087696,12
2716715,10.0,1
2716723,9.830821891069556,8
2716728,9.921260768903593,5
2716730,9.976664435334172,2
2716737,9.86993566155842,7
2716748,9.790917720826396,11
2716757,9.716893564680873,9
2716768,9.671517099993608,11
2716778,9.778282302024898,10
2716788,9.798941055617906,10
2716798,9.782474940557355,10
2716800,9.985172667945214,2
2716805,9.927959264027045,5
2716811,9.903890172923505,6
2716819,9.835462326817133,8
2716820,10.0,1
2716828,9.846494244993867,8
2716835,9.853799835357368,7
2716836,10.0,1
2716837,10.0,1
2716843,9.881953246846512,6
2716856,9.724480742854677,13
2716870,9.661888694572957,14
2716871,10.0,1
2716885,9.727601082080646,14
2716890,9.912777526687506,5
2716900,9.762366303831614,10
2716901,9.996609570783544,1
2716905,9.948254333317541,4
2716919,9.720214105879148,14
2716920,10.0,1
2716926,9.894636726962165,6
2716927,10.0,1
2716942,9.676702819829604,15
2716951,9.837047210282416,9
2716954,9.96614311254156,3
2716965,9.750787174205529,11
2716975,9.816614463751257,10
2716976,10.0,1
2716987,9.767472050216243,11
2716994,9.871404829739701,7
2717005,9.798426758120991,11
2717008,9.962584136686663,3
2717024,9.667194317955229,16
2717037,9.723976421017248,13
2717044,9.879478636673227,7
2717058,9.65042144521155,14
2717083,7.853528565973777,25
2717092,9.835435274207317,9
2717102,9.794908306845361,10
2717118,9.338990130664419,16
2717121,9.955523739344846,3
2717129,9.843594692120757,8
2717147,9.629362323154718,18
2717152,9.923281620186275,5
2717165,9.713394236935368,13
2717174,9.801640247805176,9
2717185,9.75069719628794,11
2717194,9.80483253068765,9
2717199,9.924481650953712,5
2717211,9.768399801512222,12
2717223,9.717599972020382,12
2717237,9.469092413679135,14
2717249,9.659237520984124,12
2717255,9.88938880383012,6
2717265,9.81117328171683,10
2717272,9.86946322915606,7
2717286,9.70212336506724,14
2717291,9.92021437136816,5
2717303,9.718404031231554,12
2717309,9.91139901246138,6
2717317,9.862222461422176,8
2717332,9.670496398841076,15
2717333,9.993027066064139,1
2717340,9.887326246334688,7
2717341,10.0,1
2717353,9.77398917735114,12
2717368,9.648724733308676,15
2717374,9.901043692695623,6
2717385,9.762582387515845,11
2717392,9.86697426269405,7
2717404,9.774051237023285,12
2717407,9.95985921010826,3
2717408,10.0,1
2717421,9.718337476551012,13
2717427,9.893951993879826,6
2717439,9.711088140604481,12
2717453,9.676889896210657,14
2717468,9.691377785305022,15
2717469,9.9888995790721,1
2717483,9.701175604293798,14
2717484,10.0,1
2717491,9.863145759758462,7
2717501,9.787744734464438,10
2717503,9.971350683543154,2
2717515,9.72505637542768,12
2717517,9.975526867269336,2
2717525,9.854528124363169,8
2717535,9.777221059333192,10
2717536,10.0,1
2717543,9.875478390477006,7
2717556,9.757382705919762,13
2717559,9.969269569172747,3
2717580,9.573043221832195,21
2717581,10.0,1
2717588,9.861188929949284,7
2717596,9.844302813998087,8
2717599,9.968274604132969,3
2717607,9.851713864413002,8
2718028,-159.56032595625794,421
2718030,9.986156842401662,2
2718042,9.726869868446416,12
2718044,9.984344951333014,2
2718052,9.852184940687906,8
2718058,9.895960226011745,6
2718059,9.99275750960412,1
2718063,9.938023800491928,4
2718064,10.0,1
2718073,9.80039166401129,9
2718081,9.827849498680234,8
2718098,9.567285564332867,17
2718107,9.817021073453494,9
2718112,9.90362399298496,5
2718122,9.805922651198456,10
2718131,9.832323993996814,9
2718142,9.757267725123835,11
2718155,9.717363918567392,13
2718158,9.963180731906656,3
2718175,9.6291834345045,17
2718183,9.851438103370104,8
2718195,9.72510747673102,12
2718204,9.81034705759593,9
2718210,9.900951365124572,6
2718219,9.816913886227518,9
2718227,9.851918845129356,8
2718255,9.441474239055195,28
2718262,9.880222203855409,7
2718266,9.931323690802245,4
2718277,9.758446900564527,11
2718287,9.817694368969882,10
2718292,9.914982527708482,5
2718300,9.844733910814025,8
2718313,9.698424335789461,13
2718321,9.860196407951186,8
2718330,9.83568628698662,9
2718339,9.815838687565904,9
2718349,9.827550961528548,10
2718355,9.89347851146806,6
2718368,9.695008675535526,13
2718379,9.781506482009592,11
2718392,9.7136299183676,13
2718399,9.856646223922917,7
2718404,9.934229220266449,5
2718416,9.718708484682779,12
2718437,9.426048371485603,21
2718448,9.740683880943816,11
2718466,9.595930938539002,18
2718476,9.768260418397832,10
2718477,10.0,1
2718481,9.942822669336454,4
2718490,9.825074523618483,9
2718503,9.719370378761033,13
2718512,9.831553363362705,9
2718523,9.763942206918827,11
2718534,9.766669384869582,11
2718537,9.957124931253638,3
2718549,9.756050370959152,12
2718560,9.765784948832193,11
2718561,10.0,1
2718572,9.80716219865516,11
2718580,9.827454042546057,8
2718581,10.0,1
2718590,9.849514716491138,9
2718593,9.951851332099894,3
2718594,10.0,1
2718606,9.619198567109224,12
2718607,10.0,1
2718608,10.0,1
2718613,9.921309316197513,5
2718628,9.654692220867103,15
2718634,9.879937358614447,6
2718635,10.0,1
2718639,9.933447105739306,4
2718653,9.582558350042767,14
2718658,9.92078397861489,5
2718659,9.996743950832437,1
2718664,9.942587215059271,5
2718665,10.0,1
2718668,9.955766954829562,3
2718674,9.900120824228713,6
2718678,9.953553693966107,4
2718689,9.791990786373827,11
2718692,9.963706057237342,3
2718701,9.821215092501298,9
2718708,9.844434277261575,7
2718713,9.930106523147325,5
2718721,9.830535241779828,8
2718732,9.767498718880969,11
2718741,9.846383566924377,9
2718748,9.905499765578144,7
2718753,9.91785868610845,5
2718760,9.871077765521546,7
2718777,9.613394840248674,17
2718786,9.833663544951488,9
2718797,9.77896303215324,11
2718800,9.973926002671877,3
2718820,9.508113971632737,20
2718828,9.855848169519701,8
2718835,9.863323126521836,7
2718839,9.935091746790539,4
2718848,9.824321536382019,9
2718849,9.996914497441885,1
2718855,9.902524029181986,6
2718876,9.561899161456871,21
2718877,10.0,1
2718888,9.768077823794036,11
2718895,9.889237625711454,7
2718916,9.539533346689911,21
2718923,9.90196066066401,7
2718930,9.881057016356031,7
2718951,9.66412168318472,21
2718959,9.847371754697553,8
2718966,9.848620122444583,7
2718980,9.704193049115739,14
2718981,10.0,1
2718988,9.85997148009903,7
2718999,9.765246774733157,11
2719005,9.903363711043186,6
2719019,9.71408208886057,14
2719034,9.64541729591677,15
2719035,9.99274823816866,1
2719040,9.930616947230575,5
2719041,9.99613343604717,1
2719046,9.90937686567393,5
2719054,9.83336957268389,8
2719062,9.815691914311493,8
2719070,9.860623285692348,8
2719084,9.63995690291667,14
2719096,9.73918049410703,12
2719108,9.728522373112607,12
2719112,9.929773188473963,4
2719120,9.861389027698227,8
2719121,10.0,1
2719123,9.981346273505341,2
2719135,9.714861491443129,12
2719145,9.703877824420578,10
2719148,9.956696954142556,3
2719159,9.768659209319853,11
2719162,9.961020173566686,3
2719174,9.809626827199699,12
2719185,9.77386056795101,11
2719199,9.382204464247296,14
2719210,9.80175351372216,11
2719217,9.88099835129518,7
2719226,9.820895980028375,9
2719237,9.767447322673444,11
2719251,9.57109537567759,14
2719252,10.0,1
2719253,10.0,1
2719267,9.651825551267931,14
2719274,9.891747066926394,7
2719281,9.880099493003852,7
2719288,9.856551420471789,7
2719295,9.867837677419214,7
2719311,9.024054409173688,16
2719321,9.783324565819099,10
2719329,9.857762668802273,8
2719344,9.638818888661769,15
2719346,9.975533113319054,2
2719348,9.972399223128118,2
2719350,9.979276929655034,2
2719361,9.771437507221773,11
2719367,9.893271654387872,6
2719368,10.0,1
2719381,9.730479830556781,13
2719396,9.650533456326224,15
2719410,9.713617879724827,14
2719411,9.992509323207333,1
2719418,9.870631875573062,7
2719426,9.824315780814471,8
2719427,9.996271354609675,1
2719434,9.888901620566722,7
2719437,9.94238023355805,3
2719439,9.976370310014396,2
2719441,9.984050842449696,2
2719449,9.86905153870878,8
2719458,9.80865896975808,9
2719468,9.792995789207897,10
2719486,9.54747841305771,18
2719495,9.845188621475849,9
2719499,9.935169439844296,4
2719504,9.92313601594061,5
2719516,9.707199329407093,12
2719527,9.756388472090803,11
2719532,9.924741938983036,5
2719548,9.700356526419963,16
2719553,9.914534230864284,5
2719557,9.931681521453271,4
2719571,9.728312288702366,14
2719579,9.852911083479237,8
2719586,9.87688510305534,7
2719595,9.836799563250931,9
2719606,9.765043435281546,11
2719614,9.824947437571037,8
2719631,9.616114822706798,17
2719641,9.804475986375081,10
2719651,9.7966975125316,10
2719653,9.982717769187499,2
2719670,9.667099107848818,17
2719685,9.683045823263948,15
2719694,9.814216633114727,9
2719701,9.86996615393297,7
2719710,9.81403973005054,9
2719711,10.0,1
2719714,9.963317728699328,3
2719721,9.876653193292364,7
2719732,9.773912265028342,11
2719736,9.74473761334399,4
2719737,9.996517180760167,1
2719746,9.863466613806505,9
2719754,9.830019659537623,8
2719767,9.703535275835163,13
2719779,9.654718014407312,12
2719785,9.875426980471198,6
2719793,9.859804916887569,8
2719802,9.83136972299565,9
2719803,10.0,1
2719816,9.711066667531231,13
2719833,9.61359504695112,17
2719842,9.822540619260293,9
2719849,9.88288091815608,7
2719855,9.884882575420418,6
2719864,9.806482204004707,9
2719869,9.906553350967021,5
2719889,9.60903475772589,20
2719892,9.964948731808528,3
2719894,9.984068492111343,2
2719899,9.92244779829269,5
2719909,9.799605970663515,10
2719919,9.82285532816805,10
2719926,9.855433444666922,7
2719940,9.693883694215884,14
2719944,9.950226731356565,4
2719949,9.916720585003425,5
2719958,9.823301195991279,9
2719970,9.77099828882793,12
2719971,10.0,1
2719983,9.786901274016,12
2719985,9.976898407555092,2
2720000,9.63906569785122,15
2720012,9.731250943825435,12
2720021,9.836038189712486,9
2720026,9.908450333255118,5
2720032,9.888218140779081,6
2720038,9.889476817143164,6
2720045,9.86363540780047,7
2720056,9.738710289764668,11
2720062,9.898742595859114,6
2720068,9.900000562709131,6
2720069,9.989257612301717,1
2720081,9.7259294407157,12
2720090,9.819440949635275,9
2720101,9.759482626800462,11
2720106,9.931929772049822,5
2720108,9.97892400911348,2
2720123,9.657648435424628,15
2720128,9.91130929176717,5
2720142,9.695603756841289,14
2720151,9.823463158682618,9
2720158,9.870659361959815,7
2720171,9.762373012689276,13
2720181,9.797355920732976,10
2720193,9.736417489918608,12
2720196,9.959169150414281,3
2720207,9.756351751665607,11
2720208,9.987344426712712,1
2720216,9.837038480229749,8
2720222,9.879125835825365,6
2720225,9.96347015203085,3
2720226,10.0,1
2720238,9.72297496933523,12
2720243,9.909612237391952,5
2720250,9.651732011713559,7
2720258,9.837240087647523,8
2720266,9.83317275065561,8
2720268,9.98159606235958,2
2720277,9.808819893825287,9
2720282,9.918296551344223,5
2720297,9.66128306562581,15
2720307,9.787804209446877,10
2720311,9.952066000566145,4
2720314,9.964080232832805,3
2720322,9.853331729216077,8
2720336,9.728373005456394,14
2720836,-205.50545353386062,500
2720847,9.780240179478342,11
2720855,9.865722243640096,8
2720861,9.894602803967999,6
2720862,10.0,1
2720864,9.97146558052235,2
2720876,9.705753544072497,12
2720877,10.0,1
2720888,9.780035636320745,11
2720902,9.60617723933154,14
2720914,9.70197590121724,12
2720924,9.829701956986339,10
2720928,9.94668232553461,4
2720943,9.666173331764774,15
2720947,9.944815504027767,4
2720961,9.704035093783677,14
2720979,9.555389597966263,18
2720988,9.820545121379102,9
2720999,9.760185040745927,11
2721011,9.745784858258975,12
2721028,9.68632200577647,17
2721039,9.781212129111891,11
2721054,9.65821391585069,15
2721060,9.8931400370396,6
2721074,9.703855656302864,14
2721081,9.854489866550514,7
2721092,9.764869365620632,11
2721104,9.736580991393927,12
2721105,10.0,1
2721112,9.8649041886448,7
2721117,9.905336695543454,5
2721129,9.762454580120242,12
2721138,9.86699425870788,9
2721139,10.0,1
2721155,9.60304711696355,16
2721167,9.732436528269215,12
2721184,9.652811171437886,17
2721190,9.894897470943585,6
2721205,9.707721106214358,15
2721214,9.838250402259382,9
2721217,9.954993067765006,3
2721225,9.841049471941956,8
2721242,9.632356492434843,17
2721248,9.894306128269823,6
2721249,10.0,1
2721254,9.904472229520502,5
2721266,9.756221928460164,12
2721276,9.791650998121625,10
2721284,9.842102210219625,8
2721290,9.895400684846217,6
2721302,9.753436158285565,12
2721314,9.772597320747929,12
2721331,9.586074888250165,17
2721344,9.730037015205722,13
2721372,9.355636178875192,28
2721383,9.737156147005445,11
2721392,9.84136131716303,9
2721395,9.952951996208547,3
2721403,9.841499583602879,8
2721412,9.793957043601859,9
2721419,9.8731223766235,7
2721424,9.923549640048476,5
2721428,9.948048645782835,4
2721429,10.0,1
2721435,9.885693485692363,6
2721445,9.773305016837265,10
2721454,9.806047442285418,9
2721463,9.820426923065627,9
2721473,9.789210569035722,10
2721486,9.699784470836427,13
2721490,9.946340527349209,4
2721495,9.919316041176717,5
2721500,9.908810908754313,5
2721510,9.794749322227775,10
2721518,9.859977283928432,8
2721527,9.80796516529084,9
2721531,9.939444906332922,4
2721544,9.731132095589162,13
2721551,9.870150314038886,7
2721554,9.957324486254809,3
2721564,9.783032399404851,10
2721571,9.877391258450768,7
2721585,9.745640489327835,14
2721592,9.868530880436582,7
2721602,9.802238533451284,10
2721610,9.838108733603484,8
2721623,9.6952943879048,13
2721636,9.733841101915468,13
2721650,9.67496686656611,14
2721657,9.854332050220286,7
2721658,10.0,1
2721664,9.893492913229103,6
2721669,9.911407758712027,5
2721674,9.913066117975225,5
2721680,9.883624674497264,6
2721690,9.843720284398572,10
2721701,9.762791804100265,11
2721706,9.922467731748608,5
2721707,10.0,1
2721714,9.909757387596866,7
2721722,9.870102754950178,8
2721731,9.811914890167929,9
2721735,9.938746285409737,4
2721748,9.74369395429284,13
2721750,9.984865274003628,2
2721760,9.792583184938854,10
2721761,9.992103426368528,1
2721772,9.759636011890713,11
2721783,9.78834088869633,11
2721791,9.86011152730943,8
2721797,9.900758462566179,6
2721801,9.94183205267263,4
2721814,9.693977392303443,13
2721822,9.88883748477872,8
2721833,9.802578591902982,11
2721840,9.860820138780472,7
2721855,9.65783751271117,15
2721860,9.904099280997636,5
2721861,10.0,1
2721869,9.86916573649104,8
2721876,9.876571761862234,7
2721888,9.78919763564749,12
2721890,9.982491117940619,2
2721897,9.865175711053325,7
2721906,9.806334474327295,9
2721918,9.744101479644563,12
2721933,9.649483098410073,15
2721947,9.69165728720303,14
2721957,9.794809533953716,10
2721965,9.87869555893929,8
2721971,9.87673602365435,6
2721980,9.860756055863664,9
2721989,9.816538574197413,9
2721994,9.918877324901556,5
2721995,9.992440706666082,1
2722002,9.690569173602864,7
2722014,9.723604637733592,12
2722023,9.805380261748816,9
2722024,10.0,1
2722030,9.901568541140566,6
2722035,9.904720737960343,5
2722036,10.0,1
2722044,9.85516328976835,8
2722055,9.755776373857985,11
2722065,9.817841657197024,10
2722072,9.861000271546049,7
2722084,9.72505172462965,12
2722096,9.735058324408865,12
2722113,9.584048996130656,17
2722123,9.826785715410265,10
2722131,9.830360190139125,8
2722141,9.77211642811476,10
2722150,9.83260489576293,9
2722153,9.962910581776812,3
2722155,9.983859176806307,2
2722165,9.839183578494145,10
2722173,9.855463393723404,8
2722179,9.906398852367229,6
2722188,9.810411380184362,9
2722203,9.635624511615672,15
2722206,9.964007409227634,3
2722226,8.389529648595927,20
2722229,9.957493410661803,3
2722243,9.678475065697945,14
2722252,9.812691943272705,9
2722256,9.948721002259553,4
2722268,9.73933594788878,12
2722281,9.753674021522272,13
2722294,9.745624725395164,13
2722299,9.928916837303934,5
2722310,9.54325769866246,11
2722321,9.666144055267326,11
2722325,9.942076398129336,4
2722333,9.85911264775139,8
2722341,9.844491574545932,8
2722350,9.818300773327884,9
2722361,9.785581954667698,11
2722372,9.774307546991341,11
2722381,9.801699162476595,9
2722395,9.686264812237832,14
2722406,9.75625724470637,11
2722410,9.943110765365104,4
2722411,10.0,1
2722423,9.744636460385722,12
2722426,9.958454900438591,3
2722433,9.886036450196277,7
2722441,9.875507558854002,8
2722448,9.878998037943726,7
2722457,9.84307241705035,9
2722461,9.94433369284205,4
2722475,9.666565658448212,14
2722488,9.693942884499277,13
2722493,9.903355823431738,5
2722497,9.942641787525458,4
2722510,9.721689687067395,13
2722517,9.888139309510384,7
2722527,9.837519240281578,10
2722534,9.883976714891153,7
2722545,9.748209077317888,11
2722551,9.888028037207027,6
2722559,9.854899757654435,8
2722567,9.856653555800543,8
2722575,9.844828058340081,8
2722587,9.74343249974887,12
2722600,9.695089893028708,13
2722601,10.0,1
2722602,10.0,1
2722614,9.74198006251315,12
2722620,9.900740650893434,6
2722629,9.821820668419,9
2722644,9.731079187007815,15
2722649,9.931043091008519,5
2722666,9.689530413719467,17
2722673,9.870429405779994,7
2722679,9.890328692095403,6
2722695,9.68851094088289,16
2722703,9.861368341209795,8
2722714,9.764855133564048,11
2722726,9.651205421069154,12
2722738,9.762000408632808,12
2722744,9.89953505538845,6
2722750,9.886896540882645,6
2722756,9.910664801757024,6
2722775,9.561097970098551,19
2722783,9.84045311148511,8
2722786,9.958177688271197,3
2722797,9.735914352944015,11
2722801,9.9521024724903,4
2722803,9.985392333203217,2
2722806,9.952113112039388,3
2722812,9.89910433460985,6
2722820,9.84925755380777,8
2722828,9.848160019964421,8
2722845,9.612335870711048,17
2722853,9.84402733006023,8
2722860,9.892178051380316,7
2722868,9.842564090535724,8
2722872,9.929983678244769,4
2722882,9.78917090226686,10
2722887,9.907548632429641,5
2722896,9.816972120553793,9
2722910,9.663802947498004,14
2722925,9.687842740192515,15
2722934,9.83546499332281,9
2722946,9.723542536325677,12
2722953,9.871577225929503,7
2722962,9.799355372854148,9
2722971,9.833154189216277,9
2722978,9.857453976537194,7
2722990,9.743387197243147,12
2722991,10.0,1
2723000,9.816684609323625,9
2723014,9.693282488135345,14
2723020,9.905477209170105,6
2723030,9.606309327345198,10
2723039,9.847473033426068,9
2723048,9.833377447985333,9
2723058,9.795856893774378,10
2723070,9.736635419453217,12
2723076,9.894231171612624,6
2723077,10.0,1
2723091,9.712743030643074,14
2723099,9.842407017978491,8
2723111,9.725381800945133,12
2723125,9.670810848694696,14
2723130,9.928141103824503,5
2723140,9.81526544024693,10
2723153,9.713599006700285,13
2723165,9.758159168105664,12
2723176,9.769117354708007,11
2723193,9.67665424304791,17
2723199,9.881612908057937,6
2723212,9.697165712858638,13
2723229,9.603746285279861,17
2723236,9.75427768876517,7
2723240,9.950906373109405,4
2723241,10.0,1
2723253,9.718832316737757,12
2723264,9.792098990042643,11
2723272,9.815257843908771,8
2723281,9.830220727043406,9
2723292,9.755575418226133,11
2723299,9.893882927588495,7
2723311,9.725233982224239,12
2723322,9.782063916495739,11
2723326,9.930687984091966,4
2723334,9.854025315971327,8
2723339,9.924794498593123,5
2723353,9.70646889796579,14
2723364,9.754193371974434,11
2723374,9.828541584126345,10
2723396,9.578205020805996,22
2723404,9.839481401292247,8
2723405,10.0,1
2723406,10.0,1
2723424,9.559346608876982,18
2723429,9.91111207563585,5
2723437,9.86627387920803,8
2723442,9.921354393462789,5
2723454,9.747187987215325,12
2723463,9.802730467944937,9
2723469,9.895793908929756,6
2723470,10.0,1
2723480,9.788993524173875,10
2723487,9.865035434487584,7
2723491,9.942806076819137,4
2723492,9.988497043759443,1
2723502,9.115946731993564,10
2723510,9.830266444601193,8
2723526,9.643782922559462,16
2723534,9.827211670665955,8
2723535,10.0,1
2723540,9.922834247699717,5
2723543,9.968722048955524,3
2723549,9.906870494108317,6
2723557,9.837224761233665,8
2723565,9.833957961839966,8
2723577,9.735119815686708,12
2723584,9.860074200036973,7
2723592,9.82309535936151,8
2723599,9.860039312852683,7
2723604,9.930094418971692,5
2723605,10.0,1
2723611,9.876296448921616,6
2723626,9.65929842599931,15
2723647,9.529562425445699,21
2723648,10.0,1
2723658,9.795716627059303,10
2723665,9.635075732300528,7
2723669,9.930185726546851,4
2723680,9.774666993872808,11
2723686,9.881904741688663,6
2723692,9.883519573703637,6
2723703,9.767908513495223,11
2723715,9.726946718471284,12
2723723,9.826498939178315,8
2723730,9.85373286322124,7
2723738,9.849668065362312,8
2723749,9.767475416908784,11
2723758,9.840026206048124,9
2723769,9.780499994787899,11
2723775,9.901265052164382,6
2723782,9.870418806674117,7
2723786,9.932630459738267,4
2723794,9.860926005075449,8
2723795,10.0,1
2723804,9.829213735465435,9
2723811,9.865897807559467,7
2723813,9.971027366531406,2
2723820,9.893730673137304,7
2723833,9.712144994105717,13
2723842,9.822271594421911,9
2723853,9.73896571477435,11
2723862,9.796443945852788,9
2723874,9.747165181489098,12
2723879,9.929701676710067,5
2723890,9.769469385435322,11
2723899,9.816142989211096,9
2723905,9.892711561887158,6
2723916,9.766945155582462,11
2723926,9.800820201210202,10
2723935,9.836569806332555,9
2723944,9.83052971657641,9
2723954,9.7720042712719,10
2723963,9.520915005217008,9
2723974,9.78775955540149,11
2723978,9.941156434492832,4
2723985,9.878730078938261,7
2723992,9.880081069969073,7
2724002,9.812326492760953,10
2724014,9.7506178831539,12
2724015,10.0,1
2724019,9.937102248184553,4
2724029,9.793054973201269,10
2724037,9.838013834778513,8
2724046,9.812971637035902,9
2724062,9.63551892419631,16
2724075,9.741677010457467,13
2724090,9.631808954829813,15
2724102,9.737865871219288,12
2724104,9.970950209935793,2
2724114,9.75807273638134,10
2724125,9.793642374851869,11
2724130,9.928599159087645,5
2724137,9.888483642730613,7
2724143,9.893527358099552,6
2724149,9.900902640586866,6
2724152,9.956055857611826,3
2724164,9.780824916417009,12
2724180,8.083794474888048,16
2724194,9.709195621288494,14
2724201,9.850169074983915,7
2724211,9.772418057533654,10
2724214,9.945667011379548,3
2724222,9.841528814038202,8
2724236,9.72296765130291,14
2724253,9.593306346170781,17
2724268,9.672519102761145,15
2724283,9.63971156934384,15
2724291,9.85750087931646,8
2724309,8.460189770630308,18
2724319,9.574377130019851,10
2724328,9.828777859033314,9
2724341,9.685300814553546,13
2724344,9.950194369627361,3
2724354,9.805281975152592,10
2724363,9.834167087888904,9
2724368,9.933086559480923,5
2724373,9.910144099063995,5
2724387,9.6922589878025,14
2724394,9.845709507243406,7
2724402,9.822618881962029,8
2724407,9.929897540186268,5
2724413,9.900526217057703,6
2724420,9.847541292591433,7
2724436,9.477315144962258,16
2724444,9.839066501518746,8
2724454,9.77406574330371,10
2724462,9.843681264543532,8
2724471,9.824025048579854,9
2724476,9.892951843376183,5
2724487,9.778548613293822,11
2724493,9.903528912036181,6
2724506,9.705155583436639,13
2724509,9.957127046238472,3
2724529,9.53469797785581,20
2724540,9.744399687523039,11
2724550,9.78457021791947,10
2724557,9.889777703559492,7
2724564,9.872894842613624,7
2724570,9.885200234156617,6
2724580,9.806935422141358,10
2724583,9.94815105232838,3
2724591,9.860370846045855,8
2724597,9.894306630164474,6
2724602,9.915121150947167,5
2724627,9.435717017005071,25
2724631,9.93856928900041,4
2724641,9.784678360559033,10
2724650,9.82298266816257,9
2724651,10.0,1
2724658,9.885286569378614,7
2724666,9.855939622022252,8
2724674,9.836134946652207,8
2724683,9.82449383733115,9
2724684,9.996640949012878,1
2724692,9.848591776307542,8
2724699,9.857288719158241,7
2724705,9.908769074936972,6
2724710,9.911831382187245,5
2724711,10.0,1
2724714,9.961115801985724,3
2724725,9.78685552230703,11
2724741,9.682685357330287,16
2724751,9.787784090062834,10
2724756,9.923668683935803,5
2724758,9.98390277466205,2
2724772,9.699652358916572,14
2724774,9.774249864194987,2
2724783,9.730971853740048,9
2724789,9.895819911633243,6
2724793,9.9388780988433,4
2724800,9.86364680039247,7
2724803,9.961024117805202,3
2724813,9.797195224670986,10
2724821,9.8272803380796,8
2724836,9.548583924986541,15
2724843,9.869388800687858,7
2724849,9.892327459074176,6
2724860,9.752909108480411,11
2724867,9.869475846891191,7
2724875,9.841420023671862,8
2724883,9.844875939207943,8
2724893,9.78852325563634,10
2724905,9.734597358188932,12
2724921,9.63885620676323,16
2724927,9.885428267116543,6
2724928,10.0,1
2724953,9.485416497972086,25
2724958,9.912610253054249,5
2724963,9.92246242224288,5
2724989,9.455257108431569,26
2725002,9.722058215886358,13
2725011,9.710728799790775,9
2725027,9.672845292525562,16
2725038,9.803380943543601,11
2725043,9.923835732595993,5
2725055,9.74425711832271,12
2725062,9.868602706092682,7
2725075,9.741160412931265,13
2725085,9.787886963685223,10
2725090,9.91167479456459,5
2725094,9.938881001254465,4
2725097,9.949606177925313,3
2725098,9.996673663522088,1
2725099,10.0,1
2725112,9.707116932296751,13
2725120,9.857552483079049,8
2725128,9.836039997736481,8
2725131,9.94622442158714,3
2725138,9.86391795899226,7
2725142,9.940397990346275,4
2725157,9.575026070468159,15
2725170,9.698394732705502,13
2725182,9.732378612511734,12
2725183,9.996049807642976,1
2725194,9.802045005168377,11
2725208,9.683103160750477,14
2725212,9.94984042363777,4
2725220,9.853309496712345,8
2725230,9.791303098017975,10
2725239,9.818665550734746,9
2725249,9.788538115890487,10
2725254,9.917846782126846,5
2725259,9.903407408551196,5
2725260,10.0,1
2725273,9.721755626311888,13
2725285,9.622235050126072,12
2725295,9.778815822445736,10
2725309,9.684357522721738,14
2725319,9.777549833179783,10
2725330,9.798610281196346,11
2725342,9.708664931844845,12
2725353,9.763344562969834,11
2725354,10.0,1
2725366,9.71231940146138,12
2725380,9.690802836040376,14
2725382,9.974425882258322,2
2725387,9.917939489379705,5
2725392,9.910639417162548,5
2725409,9.588834635443742,17
2725421,9.55458306654421,12
2725427,9.91576136153702,6
2725439,9.717269712865173,12
2725450,9.745792329710666,11
2725461,9.76883441522256,11
2725462,9.992632702838227,1
2725472,9.787918717014028,10
2725482,9.77456163888727,10
2725493,9.771685701611654,11
2725506,9.687297319271842,13
2725517,9.764118456356279,11
2725527,9.793453464885191,10
2725529,9.971482202404479,2
2725535,9.881361491744652,6
2725547,9.758371958821057,12
2725559,9.727694394437332,12
2725566,9.862674438108415,7
2725576,9.793484750482007,10
2725582,9.881837781999929,6
2725588,9.885504423090294,6
2725593,9.901574619628196,5
2725598,9.908609364740178,5
2725608,9.797375861392851,10
2725616,9.833300501196508,8
2725625,9.807400012838547,9
2725637,9.791360306680373,12
2725648,9.747736009391279,11
2725660,9.728571264818806,12
2725661,10.0,1
2725669,9.857039701469574,8
2725674,9.921797014750227,5
2725686,9.74065873071184,12
2725689,9.952583802890633,3
2725694,9.914460675155933,5
2725704,9.790950902863784,10
2725705,10.0,1
2725714,9.803207869263387,9
2725721,9.846596639074518,7
2725736,9.651824151447787,15
2725746,9.777907540423538,10
2725762,9.746171633931056,16
2725771,9.788949886010183,9
2725779,9.846373219432456,8
2725792,9.709455541904129,13
2725797,9.89886838671555,5
2725801,9.943603210633764,4
2725802,10.0,1
2725805,9.963914151838827,3
2725815,9.794370856540745,10
2725828,9.774144576614942,13
2725839,9.79873224345554,11
2725847,9.86454141601596,8
2725850,9.95791921450634,3
2725857,9.867543884484713,7
2725866,9.827134812322086,9
2725883,9.61194819824451,17
2725890,9.86610100586575,7
2725902,9.786216583311242,12
2725911,9.839316155072781,9
2725919,9.856635953858188,8
2725928,9.828782425350036,9
2725944,9.637838062568314,16
2725945,10.0,1
2725951,9.89890818903217,6
2725953,9.977413224123929,2
2725958,9.923902813486988,5
2725968,9.788638073975012,10
2725981,9.722929595199142,13
2725986,9.92917892011568,5
2725987,10.0,1
2726004,9.63512978786806,17
2726011,9.876707427159436,7
2726019,9.849384517476993,8
2726029,9.812281395109144,10
2726040,9.75385630231614,11
2726041,9.988799698890384,1
2726044,9.96493587148316,3
2726049,9.93286189248881,5
2726053,9.931146395986078,4
2726054,10.0,1
2726061,9.882346476896707,7
2726073,9.764221930081137,12
2726078,9.930310440403359,5
2726088,9.790253314649753,10
2726099,9.748131655359911,11
2726104,9.918503971954614,5
2726107,9.9695344472314,3
2726111,9.930146632664064,4
2726112,10.0,1
2726126,9.686452071913557,14
2726132,9.897367534113082,6
2726133,10.0,1
2726137,9.935987149215903,4
2726141,9.955280621361695,4
2726147,9.899965964277621,6
2726160,9.745774564415735,13
2726178,9.606837106812028,18
2726181,9.958214742407208,3
2726191,9.850449970874756,10
2726201,9.78851091314152,10
2726202,10.0,1
2726212,9.804765218572372,10
2726218,9.900895083545052,6
2726220,9.973094782229552,2
2726231,9.737725622026987,11
2726242,9.815912718033704,11
2726258,9.552109046632722,16
2726267,9.809414860854783,9
2726284,9.60909024272948,17
2726292,9.841911493070556,8
2726305,9.698205222103057,13
2726309,9.932172486646785,4
2726314,9.9190628462709,5
2726325,9.685730742996052,11
2726330,9.914952474133345,5
2726340,9.8262689160988,10
2726346,9.887874410828262,6
2726352,9.89084873566338,6
2726367,9.687146452966285,15
2726384,9.58265951703912,17
2726394,9.811430502593536,10
2726400,9.903786446077824,6
2726406,9.924553227714837,6
2726419,9.69688048626157,13
2726431,9.754205055631079,12
2726443,9.725326568587038,12
2726450,9.871014767974575,7
2726454,9.93135074456449,4
2726463,9.822929292779051,9
2726474,9.77231616140824,11
2726475,9.989135995847596,1
2726489,9.71149554664545,14
2726498,9.798801168309796,9
2726503,9.935374507608653,5
2726511,9.86103814894243,8
2726528,9.617505616852078,17
2726540,9.738638194918682,12
2726542,9.98080517511111,2
2726553,9.766425022002736,11
2726557,9.929829869869335,4
2726564,9.859041904234022,7
2726570,9.898182101233665,6
2726580,9.77601137384727,10
2726592,9.72214285477038,12
2726605,9.725909172091148,13
2726622,9.596467747305912,17
2726629,9.876260052125572,7
2726635,9.910192364190529,6
2726643,9.850360253324464,8
2726648,9.906233264569586,5
2726660,9.741253724414186,12
2726673,9.634255558347881,13
2726683,9.81864306539523,10
2726689,9.891069099039838,6
2726701,9.740746958634718,12
2726713,9.730145822390325,12
2726720,9.885644606615802,7
2726721,10.0,1
2726729,9.861266795926884,8
2726730,10.0,1
2726734,9.953278297977139,4
2726739,9.912005291887363,5
2726752,9.465187127937394,13
2726763,9.76227848583155,11
2726774,9.769143399420853,11
2726779,9.92091533606699,5
2726788,9.849558791261932,9
2726797,9.811666638097439,9
2726806,9.808156902371662,9
2726810,9.94597353580956,4
2726825,9.644862487233652,15
2726833,9.851640098504738,8
2726839,9.90093786478677,6
2726840,10.0,1
2726848,9.854747218598076,8
2726858,9.824189543033526,10
2726870,9.755469657559642,12
2726871,10.0,1
2726877,9.888869008902716,6
2726885,9.852592026142801,8
2726893,9.830543971702514,8
2726901,9.861376656778024,8
2726911,9.816595996670562,10
2726912,10.0,1
2726925,9.710070428737732,13
2726939,9.722235556279246,14
2726947,9.842183669258777,8
2726958,9.75864000385053,11
2726964,9.879071784908529,6
2726970,9.894052350492194,6
2726979,9.802856236260546,9
2726990,9.76010810692312,11
2726994,9.950214164068319,4
2727002,9.849523773404501,8
2727009,9.895490583105941,7
2727023,9.723780615347843,14
2727033,9.806661688760181,10
2727042,9.79650047948229,9
2727054,9.706699055367173,12
2727059,9.927008134485973,5
2727067,9.847938762589285,8
2727074,9.79157262570535,7
2727075,10.0,1
2727089,9.701195705145926,14
2727093,9.924745594681177,4
2727096,9.948271355187622,3
2727105,9.820637122028396,9
2727118,9.726801687578828,13
2727128,9.794438930349948,10
2727135,9.854572975550688,7
2727154,6.780227754717288,19
2727168,9.735010581301005,14
2727176,9.770263819074284,8
2727183,9.869457120379868,7
2727184,9.996181798931215,1
2727191,9.507077536683838,7
2727197,9.585263117589824,6
2727198,9.996234916398082,1
2727210,9.751043714406743,12
2727213,9.954976457761823,3
2727221,9.835590414451806,8
2727228,9.871235795974428,7
2727234,9.899526751764116,6
2727244,9.766949300737435,10
2727254,9.80869977518999,10
2727262,9.837601024131631,8
2727269,9.86131243668349,7
2727270,10.0,1
2727281,9.777889573677552,11
2727297,9.651076211395655,16
2727307,9.812545616158774,10
2727326,9.612385744602296,19
2727337,9.790085433197335,11
2727346,9.827046668179815,9
2727352,9.879450672283836,6
2727360,9.841785824064104,8
2727361,10.0,1
2727370,9.811550155191458,9
2727376,9.909330888950574,6
2727381,9.917455631531135,5
2727382,9.996602330153895,1
2727388,9.907831820702722,6
2727402,9.675198681218026,14
2727403,9.992706090851959,1
2727418,9.672390793378971,15
2727427,9.820804295371374,9
2727428,10.0,1
2727439,9.761004600541002,11
2727446,9.870133336538798,7
2727458,9.736777726970324,12
2727469,9.76095598565193,11
2727475,9.88351525163738,6
2727488,9.742925871234023,13
2727495,9.88283180911562,7
2727496,10.0,1
2727505,9.84816312807935,9
2727520,9.649100088635132,15
2727526,9.88378083120105,6
2727531,9.923564062065216,5
2727535,9.947624972698009,4
2727549,9.733867238423414,14
2727556,9.874973899796352,7
2727566,9.823199942278244,10
2727571,9.909182783038593,5
2727586,9.70697636103398,15
2727595,9.818795524415972,9
2727609,9.724312646109295,14
2727627,9.599196149357217,18
2727628,9.987998090470485,1
2727639,9.742892808388998,11
2727651,9.764150614237508,12
2727652,10.0,1
2727663,9.75949314083191,11
2727681,9.626848399894039,18
2727694,9.69218307706818,13
2727701,9.853946494829826,7
2727702,10.0,1
2727711,9.795760344499888,9
2727719,9.836381185891252,8
2727733,9.678530000639375,14
2727745,9.77819002747466,12
2727751,9.903376923252715,6
2727752,10.0,1
2727762,9.805838368991752,10
2727767,9.918354538563502,5
2727784,9.65234212264146,17
2727802,9.627486230708007,18
2727814,9.717444758834365,12
2727825,9.766875794961368,11
2727836,9.792864919440209,11
2727841,9.909934804676887,5
2727853,9.731633168857245,12
2727864,9.775105332876056,11
2727874,9.794964181154825,10
2727885,9.744784377782498,11
2727888,9.953719673198785,3
2727895,9.887799154808114,7
2727904,9.816685917444254,9
2727912,9.842384315144898,8
2727923,9.800359123898732,11
2727938,9.671769064495763,15
2727946,9.874138587702378,8
2727954,9.864498384377548,8
2727959,9.909124711717537,5
2727964,9.912270782404054,5
2727968,9.935316044656036,4
2727969,10.0,1
2727975,9.912460271745463,6
2727983,9.885231397246438,8
2727984,10.0,1
2727994,9.779007556346492,10
2728007,9.74470021359252,13
2728015,9.856140735406814,8
2728028,9.744867494395978,13
2728032,9.935718906874063,4
2728035,9.962465706791235,3
2728052,9.59473852599628,17
2728064,9.523562313081317,12
2728075,9.7791759702717,11
2728076,10.0,1
2728082,9.896141881719487,6
2728089,9.876158045267978,7
2728092,9.94878577777659,3
2728108,9.665062585397422,16
2728109,10.0,1
2728121,9.74313339200288,12
2728138,9.607028351555162,17
2728145,9.871084885329674,7
2728151,9.90526829614499,6
2728164,9.75020479645943,13
2728165,10.0,1
2728168,9.96020641816759,3
2728178,9.793636715690624,10
2728181,9.968728999883677,3
2728189,9.832419214872562,8
2728198,9.83571730345764,9
2728202,9.931153043832234,4
2728211,9.847990403625243,9
2728234,9.455076632154217,23
2728245,9.797617267704,11
2728257,9.785455988689986,12
2728261,9.960344671055482,4
2728268,9.88297446095485,7
2728282,9.736356984311291,14
2728293,9.775809990477514,11
2728306,9.732306021637482,13
2728312,9.897881656790272,6
2728319,9.870006358758822,7
2728323,9.943799597185865,4
2728327,9.932218011483934,4
2728329,9.981526726968593,2
2728342,9.733582210179783,13
2728345,9.947895331606029,3
2728349,9.939207775268644,4
2728357,9.839257985714214,8
2728365,9.835749671360855,8
2728373,9.827530460335677,8
2728376,9.955821283323937,3
2728390,9.700828425937338,14
2728394,9.93740452312109,4
2728399,9.929657105185564,5
2728408,9.861082601489114,9
2728417,9.789744297550666,9
2728418,10.0,1
2728424,9.91019000211439,6
2728435,9.809592181665755,11
2728443,9.851559444292048,8
2728448,9.912233828006466,5
2728457,9.796959128868382,9
2728470,9.716640278789912,13
2728479,9.822861501275932,9
2728493,9.72735447813789,14
2728510,9.620675395733613,17
2728513,9.967074791749226,3
2728522,9.814340781500901,9
2728523,10.0,1
2728533,9.775842979914385,10
2728538,9.92185605472399,5
2728539,10.0,1
2728553,9.671721905597908,14
2728567,9.672935787910196,14
2728568,10.0,1
2728571,9.9599031162891,3
2728578,9.842650271975122,7
2728585,9.885637014870618,7
2728595,9.768675731499584,10
2728605,9.810019266486048,10
2728614,9.807365664982594,9
2728624,9.801394944737813,10
2728632,9.847638625577035,8
2728636,9.927129909000781,4
2728637,9.996348809922027,1
2728638,10.0,1
2728656,9.61451334922124,18
2728665,9.820857360015713,9
2728671,9.881094902012117,6
2728680,9.800038221312448,9
2728693,9.731342126386334,13
2728707,9.691585893860395,14
2728714,9.886942376488667,7
2728722,9.87132503467689,8
2728741,9.554854684553286,19
2728754,9.691796784199989,13
2728769,9.569619889531912,15
2728773,9.92779190335252,4
2728780,9.889160948028762,7
2728786,9.889618061626885,6
2728794,9.854883630299344,8
2728799,9.925507557115777,5
2728806,9.863543526149778,7
2728810,9.947112909257978,4
2728820,9.790517161867195,10
2728825,9.924924450270053,5
2728839,9.697807220340936,14
2728841,9.979994311786836,2
2728846,9.922718957080274,5
2728853,9.885879798517802,7
2728866,9.764388252571267,13
2728867,10.0,1
2728874,9.871286886128845,7
2728880,9.904344209952018,6
2728888,9.839981557085023,8
2728892,9.954681022307247,4
2728902,9.807793806901133,10
2728905,9.95635372808185,3
2728911,9.900128693763044,6
2728915,9.954960325907141,4
2728937,9.455432033577557,22
2728948,9.660448481495065,11
2728970,9.582000880859669,22
2728971,9.99293223746065,1
2728980,9.787441586814378,9
2728994,9.656297519830488,14
2729005,9.769037375080984,11
2729007,9.968134200105036,2
2729011,9.930465005050841,4
2729016,9.908724363352905,5
2729026,9.774867057312282,10
2729034,9.828534450618246,8
2729035,10.0,1
2729042,9.855394178407387,7
2729230,3.619600584016892,188
2729239,9.837003671618474,9
2729245,9.884199547066753,6
2729248,9.964634529305632,3
2729252,9.938242147749522,4
2729263,9.765494531620341,11
2729264,9.988504782961783,1
2729276,9.745655352308779,12
2729287,9.771662902236836,11
2729297,9.79859351718009,10
2729313,9.64711342043977,16
2729324,9.77337600441764,11
2729331,9.859402753532827,7
2729341,9.80345925769587,10
2729345,9.945508644485338,4
2729355,9.791866724662949,10
2729361,9.884800139940793,6
2729369,9.861779542414913,8
2729374,9.916963930934498,5
2729390,9.638296210224546,16
2729391,10.0,1
2729397,9.895971952613477,6
2729398,10.0,1
2729405,9.874668973150305,7
2729416,9.76802619318099,11
2729420,9.944893777183108,4
2729424,9.94634016036248,4
2729436,9.73524381230213,12
2729444,9.848861709871624,8
2729455,9.770271449662683,11
2729464,9.810628499180162,9
2729476,9.728044069907645,12
2729478,9.976342553114858,2
2729479,9.991845353932815,1
2729489,9.779959034486284,10
2729497,9.856456833242154,8
2729502,9.913460303247518,5
2729511,9.828858466858192,9
2729512,9.987642041168721,1
2729513,10.0,1
2729522,9.816734859679297,9
2729539,9.672285327357175,17
2729549,9.788146819820431,10
2729557,9.833231394766356,8
2729559,9.975366198538012,2
2729569,9.703651470251403,10
2729583,9.65526329661527,14
2729590,9.87671988041933,7
2729598,9.874425585885911,8
2729606,9.821962345930055,8
2729625,9.415823675887891,19
2729635,9.79579252571699,10
2729645,9.779310622761717,10
2729659,9.677388060352241,14
2729666,9.868691664188212,7
2729673,9.777473003148648,7
2729676,9.96439338464714,3
2729677,10.0,1
2729686,9.823279914465145,9
2729693,9.870836989169824,7
2729697,9.938240385506568,4
2729712,9.626905485216984,15
2729717,9.923478652716625,5
2729721,9.947689477869465,4
2729728,9.863393636223272,7
2729733,9.913420377078614,5
2729740,9.86327574142917,7
2729750,9.797008940178184,10
2729761,9.78889098816778,11
2729770,9.792648543612342,9
2729775,9.922638800719877,5
2729784,9.830729562749914,9
2729787,9.95107746535631,3
2729793,9.870348706148077,6
2729802,9.824056620799288,9
2729814,9.720791810080163,12
2729825,9.771833608121995,11
2729835,9.780179079571282,10
2729855,9.527399886474871,20
2729865,9.802102568076553,10
2729873,9.835491277823586,8
2729878,9.928136676615942,5
2729897,9.550596782144131,19
2729898,10.0,1
2729907,9.859707896531503,9
2729921,9.675104647879056,14
2729922,9.996637146316251,1
2729923,10.0,1
2729938,9.642099877809565,15
2729943,9.930253369120848,5
2729948,9.923737687799061,5
2729957,9.833877164342134,9
2729958,10.0,1
2729963,9.916184224486964,5
2729978,9.648373827372472,15
2729992,9.70110754622619,14
2729993,10.0,1
2730000,9.88107257859949,7
2730004,9.930643203329913,4
2730022,9.587035497436807,18
2730032,9.82542047283635,10
2730041,9.815887467748242,9
2730052,9.787359163260064,11
2730059,9.854512111923377,7
2730072,9.727130536573277,13
2730081,9.833857122026984,9
2730090,9.824306928253762,9
2730095,9.91840972925976,5
2730106,9.754639865739668,11
2730111,9.920966559153205,5
2730121,9.79311683142402,10
2730139,9.643134172578243,18
2730154,9.70229459244704,15
2730160,9.915226159599369,6
2730166,9.886074090942094,6
2730171,9.911624010700633,5
2730179,9.888072147753372,8
2730180,10.0,1
2730188,9.83578395051155,8
2730198,9.759059393647236,10
2730207,9.810040643201994,9
2730225,9.574101163588685,18
2730242,9.619612798819238,17
2730255,9.722299173303268,13
2730260,9.917919959567149,5
2730273,9.690841615859398,13
2730278,9.91258426503345,5
2730292,9.724290134023873,14
2730295,9.967874513813594,3
2730309,9.687669303194482,14
2730328,9.598242975003261,19
2730335,9.862512063038494,7
2730344,9.855140203834685,9
2730345,9.996652922798342,1
2730350,9.909400666165492,5
2730356,9.884793553898117,6
2730361,9.913050572914637,5
2730376,9.690598750819028,15
2730394,9.5892891271854,18
2730396,9.97328151030499,2
2730410,9.681052621762658,14
2730411,10.0,1
2730419,9.833510915215866,8
2730420,10.0,1
2730421,10.0,1
2730422,10.0,1
2730428,9.88417839197854,6
2730441,9.709202954244226,13
2730442,10.0,1
2730443,10.0,1
2730454,9.575665700896948,11
2730468,9.707398230856699,14
2730482,9.716997806960386,14
2730491,9.821180008018542,9
2730498,9.862596794432797,7
2730503,9.91007849144895,5
2730512,9.827160258362154,9
2730517,9.91707145617178,5
2730524,9.86817731975072,7
2730539,9.646372442606664,15
2730546,9.874995734003658,7
2730555,9.84815730799986,9
2730566,9.766445202746517,11
2730576,9.808113154869378,10
2730578,9.969457267636276,2
2730579,9.987563697474204,1
2730583,9.924316154041716,4
2730588,9.931946778145027,5
2730612,9.01815129227276,24
2730621,9.809604463017166,9
2730627,9.896850486291966,6
2730633,9.89423536660615,6
2730634,10.0,1
2730653,9.638054512042002,19
2730669,9.632926736432156,16
2730676,9.889173418979079,7
2730694,9.573409773723142,18
2730707,9.723280303109096,13
2730710,9.944857139948043,3
2730725,9.69594945646354,15
2730736,9.745605043452223,11
2730738,9.98495179508523,2
2730742,9.931014447310176,4
2730757,9.656739498088275,15
2730762,9.922687723257802,5
2730765,9.959251812587533,3
2730775,9.806083244247201,10
2730790,9.681772776392688,15
2730802,9.773460750741624,12
2730816,9.757736951957524,14
2730825,9.803928628661412,9
2730838,9.678513686323262,13
2730846,9.853120570220156,8
2730855,9.832727291492851,9
2730869,9.692580771578834,14
2730870,10.0,1
2730885,9.629778696466344,15
2730888,9.966520063266483,3
2730889,10.0,1
2730890,10.0,1
2730893,9.962663443917036,3
2730898,9.926329545694864,5
2730902,9.94039790474867,4
2730908,9.89569626296691,6
2730910,9.984391963368367,2
2730925,9.65671372535779,15
2730934,9.8100996034046,9
2730936,9.972188280523078,2
2730949,9.710108524715453,13
2730956,9.862976165164996,7
2730961,9.9260045273322,5
2730962,10.0,1
2730968,9.908427370478606,6
2730971,9.966566672442555,3
2730986,9.644668913628482,15
2730993,9.867975860593008,7
2730999,9.891643692637743,6
2731006,9.862178502387161,7
2731015,9.809053011387174,9
2731027,9.74178878513746,12
2731036,9.815229345475698,9
2731039,9.956723125371948,3
2731043,9.938062298291987,4
2731065,9.52712171975796,22
2731075,9.786192057822554,10
2731083,9.832193363879556,8
2731089,9.878181775541734,6
2731093,9.932428076578324,4
2731122,9.249430649439011,29
2731132,9.793216452058584,10
2731141,9.799005074600577,9
2731148,9.871544317888857,7
2731152,9.949747248424421,4
2731164,9.708185453842097,12
2731172,9.852847670845271,8
2731186,9.720315722149264,14
2731192,9.896388071564802,6
2731205,9.734599464338148,13
2731211,9.889487647067433,6
2731222,9.777746926245195,11
2731236,9.685170560939884,14
2731247,9.777126058655703,11
2731256,9.818158261593814,9
2731271,9.695009397566123,15
2731277,9.885770873273856,6
2731281,9.95283768871821,4
2731284,9.961375812730683,3
2731292,9.855650344953055,8
2731299,9.871694718998775,7
2731316,9.595387567245378,17
2731329,9.701763977067381,13
2731332,9.95174303412509,3
2731346,9.698861934029821,14
2731349,9.963204804422144,3
2731356,9.855219718715517,7
2731364,9.84006079252506,8
2731374,9.815571670275595,10
2731381,9.878227528012898,7
2731401,9.552448381294255,20
2731413,9.762228615965343,12
2731417,9.946162861075427,4
2731423,9.906315329074522,6
2731428,9.920981441377172,5
2731434,9.892795096864011,6
2731444,9.827212405900443,10
2731451,9.87803376110672,7
2731460,9.82518616081126,9
2731467,9.864722596435286,7
2731475,9.862072146100857,8
2731484,9.822887088494065,9
2731496,9.767110365443964,12
2731504,9.843532607492627,8
2731515,9.783852124885076,11
2731527,9.728227157770863,12
2731544,9.533644236963813,17
2731570,9.524619246480091,26
2731584,9.769175947000164,14
2731592,9.861117222017494,8
2731595,9.959977565745772,3
2731604,9.83591315083086,9
2731617,9.750084674401446,13
2731622,9.933996031464245,5
2731650,9.363252434710589,28
2731659,9.818841778467364,9
2731665,9.89763154205937,6
2731670,9.912581114841942,5
2731685,9.739362475906635,15
2731690,9.925082399908483,5
2731702,9.8229385738123,12
2731707,9.924882284484504,5
2731721,9.667827656195602,14
2731747,9.536184837280292,26
2731748,10.0,1
2731756,9.907663134603043,8
2731769,9.790250435770641,13
2731782,9.723354080874033,13
2731792,9.791510167206669,10
2731802,9.833038114524262,10
2731819,9.666949138709105,17
2731833,9.717560633636982,14
2731844,9.757658612058744,11
2731845,9.992721542816394,1
2731846,10.0,1
2731856,9.778003293438816,10
2731860,9.946146211792637,4
2731861,10.0,1
2731863,9.979578748972147,2
2731871,9.85403725605282,8
2731885,9.66857536647103,14
2731896,9.77813165714497,11
2731897,9.993071833449703,1
2731904,9.86105485337735,7
2731913,9.825795833314325,9
2731924,9.761021615455531,11
2731930,9.887693927293643,6
2731931,10.0,1
2731939,9.869751374401249,8
2731956,9.67200298840503,17
2731994,7.101766240309955,38
2732002,9.855989959527518,8
2732007,9.913895261614178,5
2732012,9.930053368209482,5
2732024,9.78771962897349,12
2732039,9.68118836548823,15
2732048,9.817053329652458,9
2732059,9.771412206497308,11
2732062,9.963258706531049,3
2732076,9.684015056033388,14
2732083,9.885952995482636,7
2732093,9.818740574475498,10
2732101,9.852702632772784,8
2732114,9.727791495858776,13
2732130,9.616864795670185,16
2732134,9.928327561693221,4
2732141,9.862664902108534,7
2732151,9.744660779314783,10
2732170,9.57136784859024,19
2732171,10.0,1
2732180,9.833288517734237,9
2732194,9.697407172872559,14
2732195,10.0,1
2732207,9.733155368995163,12
2732211,9.942650480978452,4
2732217,9.87931011021164,6
2732218,10.0,1
2732223,9.931888971562449,5
2732243,9.435966587335415,20
2732247,9.919885623764415,4
2732253,9.89164537129524,6
2732259,9.883913726675894,6
2732268,9.78622837441335,9
2732276,9.839788353047048,8
2732283,9.84842251765204,7
2732284,10.0,1
2732286,9.978961525912371,2
2732287,9.989070051617912,1
2732306,9.606028743593786,19
2732313,9.88130430865163,7
2732328,9.698500831159514,15
2732334,9.89131479526148,6
2732347,9.729696608211835,13
2732364,9.620227992373566,17
2732373,9.820611671531074,9
2732383,9.800027197133456,10
2732395,9.759111229967974,12
2732406,9.679078658440291,11
2732409,9.961771014051783,3
2732440,9.191644378135889,31
2732443,9.967003126250825,3
2732448,9.92122315530626,5
2732457,9.624613003803763,9
2732469,9.729895191857723,12
2732476,9.876992697503393,7
2732491,9.635922971533875,15
2732500,9.805589926128171,9
2732510,9.851993608359827,10
2732514,9.933985121963232,4
2732516,9.983468295540941,2
2732527,9.784396117252728,11
2732537,9.771848473277045,10
2732550,9.710001524101303,13
2732551,10.0,1
2732564,9.743930223421913,13
2732568,9.940989655059147,4
2732577,9.842157800395746,9
2732591,9.672621040711999,14
2732597,9.895096785612687,6
2732609,9.736088986079483,12
2732615,9.90118479364616,6
2732619,9.93067372022309,4
2732621,9.975757165843032,2
2732628,9.903293632214945,7
2732637,9.79473625766022,9
2732647,9.783138535233217,10
2732656,9.820808688640778,9
2732664,9.846351835043212,8
2732665,10.0,1
2732678,9.702316162526616,13
2732691,9.6239748506591,13
2732700,9.821827694783062,9
2732707,9.888100550631496,7
2732720,9.667236787926763,13
2732730,9.795251478464635,10
2732737,9.861882374180755,7
2732747,9.788208018256018,10
2732763,9.523687474142218,16
2732772,9.83371494878119,9
2732773,10.0,1
2732789,9.685143227860554,16
2732800,9.782030659691214,11
2732806,9.882755245852946,6
2732820,9.696667221359299,14
2732834,9.77247172988027,14
2732841,9.885778202684488,7
2732856,9.679891693979634,15
2732865,9.816823205116194,9
2732870,9.932418177901086,5
2732879,9.79137077777224,9
2732882,9.962716534838965,3
2732891,9.587841981641754,9
2732892,10.0,1
2732902,9.792272114436235,10
2732913,9.765935566111107,11
2732929,9.664542328963627,16
2732930,10.0,1
2732931,10.0,1
2732942,9.76855775119494,11
2732950,9.85403607535294,8
2732951,10.0,1
2732956,9.904144252547558,5
2732957,10.0,1
2732958,10.0,1
2732969,9.756082354239375,11
2732972,9.95423114697283,3
2732975,9.958715457984399,3
2732987,9.731076622703306,12
2733000,9.7275633995627,13
2733004,9.940987991001935,4
2733019,9.682863532129014,15
2733020,10.0,1
2733037,9.622313948886188,17
2733048,9.745447526564288,11
2733060,9.747820587520364,12
2733064,9.93645465310487,4
2733080,9.695131525981767,16
2733088,9.856050474377115,8
2733096,9.728707665456824,8
2733103,9.77839294627352,7
2733104,10.0,1
2733108,9.952399432796176,4
2733121,9.693493651735352,13
2733138,9.665533487723696,17
2733142,9.941575350299807,4
2733144,9.971329800362437,2
2733146,9.978612484310942,2
2733158,9.733641731216427,12
2733176,9.555073945194945,18
2733186,9.797247942180727,10
2733197,9.768378070348609,11
2733206,9.809986165813514,9
2733215,9.788267748602978,9
2733234,9.588261722471067,19
2733247,9.639537114088963,13
2733253,9.87650292458089,6
2733260,9.861756448626164,7
2733270,9.806788794193693,10
2733281,9.753779534080529,11
2733292,9.768301408887819,11
2733298,9.895047876302126,6
2733308,9.785100518484164,10
2733312,9.936899000863125,4
2733327,9.684381125749887,15
2733333,9.89086403566277,6
2733349,9.584487067252683,16
2733354,9.914629275980463,5
2733364,9.785862271359814,10
2733373,9.805462633459271,9
2733385,9.746370006144792,12
2733390,9.910566614686978,5
2733397,9.875857930882479,7
2733402,9.921722463692415,5
2733417,9.699031307181173,15
2733423,9.886437673428135,6
2733432,9.809122748643775,9
2733441,9.799866596169542,9
2733459,9.614013339879472,18
2733468,9.815444207165985,9
2733483,9.406602461944392,15
2733490,9.884889141937537,7
2733495,9.914528130761811,5
2733500,9.910088594314757,5
2733501,9.99280325820824,1
2733513,9.72945032232587,12
2733526,9.736608247704954,13
2733536,9.785003699541118,10
2733554,9.59618851519186,18
2733566,9.733784101369949,12
2733579,9.688103763010544,13
2733589,9.785465086102372,10
2733598,9.822130365015976,9
2733606,9.86085052405868,8
2733612,9.900279502562084,6
2733615,9.954758014531029,3
2733628,9.722631841136497,13
2733639,9.765191466264248,11
2733652,9.687060042119164,13
2733662,9.77494346122756,10
2733673,9.745789608910812,11
2733688,9.677417307000672,15
2733703,9.663786605696083,15
2733711,9.738464588064094,8
2733717,9.90812571628351,6
2733730,9.747215089850705,13
2733734,9.930227409536316,4
2733745,9.772047808324118,11
2733750,9.710501245361153,5
2733753,9.962214941112409,3
2733762,9.810568533257404,9
2733772,9.798556653542159,10
2733778,9.898494410985032,6
2733779,10.0,1
2733789,9.778868948114047,10
2733795,9.89290063788033,6
2733809,9.693176036901267,14
2733825,9.607007898831085,16
2733836,9.778772776502352,11
2733848,9.728670245708152,12
2733864,9.633041804116155,16
2733873,9.727840012868466,9
2733883,9.807489440790599,10
2733903,9.56059325817141,20
2733916,9.728321504403104,13
2733917,10.0,1
2733927,9.819459920505508,10
2733932,9.916138661762053,5
2733933,9.996751333035604,1
2733944,9.787969986563162,11
2733956,9.731014695212446,12
2733964,9.849278777419938,8
2733965,10.0,1
2733971,9.903152282943296,6
2733983,9.733262692282693,12
2733992,9.826924203226529,9
2733993,10.0,1
2734002,9.811603813333297,9
2734012,9.789697598480641,10
2734023,9.758598864361913,11
2734036,9.71302500497705,13
2734048,9.750839523526382,12
2734051,9.966181227403395,3
2734052,10.0,1
2734059,9.868437391579157,7
2734069,9.804431995825068,10
2734074,9.707070439486031,5
2734085,9.802546540709113,11
2734091,9.879704503398774,6
2734101,9.791792676909544,10
2734107,9.898943435927045,6
2734112,9.93052668296596,5
2734121,9.814916527839717,9
2734134,9.71326885717268,13
2734143,9.824064633324753,9
2734153,9.789813542260658,10
2734154,10.0,1
2734168,9.708110407728684,14
2734177,9.81214763179174,9
2734188,9.80069709456716,11
2734192,9.947800806774,4
2734193,9.9960823338592,1
2734201,9.833025785066726,8
2734212,9.744938132547635,11
2734219,9.865590224297142,7
2734233,9.660015201142125,14
2734240,9.87852055835485,7
2734246,9.876833998705465,6
2734253,9.884621577752325,7
2734261,9.845100936762664,8
2734267,9.899910870055225,6
2734270,9.959284861311273,3
2734284,9.701651043065684,14
2734295,9.75101400733711,11
2734302,9.86087942724001,7
2734303,10.0,1
2734309,9.906788340288701,6
2734317,9.873354190072227,8
2734328,9.786561245283316,11
2734332,9.944184477874808,4
2734345,9.715210010093054,13
2734359,9.696779510278184,14
2734368,9.8192583396361,9
2734377,9.821721496446072,9
2734387,9.806911306711642,10
2734395,9.838477051270674,8
2734412,9.662436632894286,17
2734413,10.0,1
2734424,9.799033747705128,11
2734425,10.0,1
2734437,9.541970868422135,12
2734451,9.691693638193591,14
2734460,9.823735736109347,9
2734472,9.665877520983303,12
2734483,9.776330791860392,11
2734492,9.802955605531428,9
2734504,9.740801378316993,12
2734511,9.897008523348921,7
2734516,9.92141127947428,5
2734531,9.662469017411407,15
2734537,9.89173154274545,6
2734545,9.878500311119891,8
2734552,9.869087220218136,7
2734559,9.882923038680934,7
2734566,9.595326408443782,7
2734573,9.868268652982813,7
2734577,9.933808102324235,4
2734586,9.823818958115204,9
2734599,9.783239575527325,13
2734603,9.942355818702689,4
2734616,9.716177367413573,13
2734629,9.692946555194553,13
2734642,9.722148402496128,13
2734659,9.610252122879485,17
2734668,9.803263851226971,9
2734673,9.922260773944167,5
2734684,9.747267860707,11
2734702,9.591710213600775,18
2734709,9.87314175839731,7
2734710,10.0,1
2734715,9.923779984622012,5
2734719,9.94548801729129,4
2734728,9.82256256003523,9
2734733,9.93770038287085,5
2734749,9.677917781866569,16
2734761,9.77035508723912,12
2734765,9.929112765598047,4
2734769,9.940581421791917,4
2734775,9.90198276088572,6
2734778,9.954103458348206,3
2734783,9.910619096453935,5
2734790,9.879288452505568,7
2734801,9.737095607909328,11
2734804,9.95036008778564,3
2734815,9.79725466058024,11
2734825,9.786584891450373,10
2734830,9.92141194179332,5
2734837,9.868966088632964,7
2734842,9.927513058930858,5
2734856,9.697435461407611,14
2734858,9.98444220479343,2
2734863,9.919734805544797,5
2734876,9.734052958016576,13
2734886,9.82415374068518,10
2734901,9.724108455493441,15
2734913,9.774663426520862,12
2734928,9.674076698367626,15
2734939,9.753772344852527,11
2734947,9.872624730166601,8
2734959,9.534270133515736,12
2734964,9.926181555704396,5
2734968,9.947593647511015,4
2734969,10.0,1
2734979,9.774186348677555,10
2734983,9.928053439288158,4
2734986,9.960548344662687,3
2734999,9.712655925553625,13
2735000,10.0,1
2735017,9.699974834928218,17
2735031,9.683785032717628,14
2735032,10.0,1
2735037,9.916111128453135,5
2735054,9.642155553288283,17
2735062,9.848846919929715,8
2735071,9.842456726027876,9
2735072,10.0,1
2735078,9.89671448100345,6
2735088,9.807305327664173,10
2735089,10.0,1
2735095,9.883620597902397,6
2735110,9.61436574700512,15
2735112,9.979938757314187,2
2735119,9.86292363662971,7
2735131,9.745767568288958,12
2735138,9.87246394589915,7
2735147,9.805877050170595,9
2735156,9.831359899402017,9
2735170,9.703540611743287,14
2735176,9.908159464159908,6
2735185,9.79843560599247,9
2735186,10.0,1
2735195,9.812272616550194,9
2735203,9.845073085176638,8
2735210,9.863805400508074,7
2735221,9.746998711127274,11
2735224,9.958828497891009,3
2735228,9.936345733305146,4
2735238,9.801008261596715,10
2735241,9.964228025302255,3
2735243,9.972077378337818,2
2735252,9.824251193329916,9
2735263,9.762808816561451,11
2735271,9.85944923374568,8
2735278,9.865235072376391,7
2735279,10.0,1
2735290,9.769000325193248,11
2735296,9.895258310427844,6
2735301,9.895853857009358,5
2735311,9.799209401321201,10
2735317,9.897416932104663,6
2735324,9.838330270299728,7
2735335,9.76127149143627,11
2735349,9.697240772824644,14
2735353,9.929559888389527,4
2735369,9.681550614959415,16
2735383,9.675702740944166,14
2735404,9.494074124858232,21
2735407,9.958845247818253,3
2735419,9.7437066169916,12
2735442,9.462912137898865,23
2735485,9.039709847844422,43
2735495,9.799235471228956,10
2735514,9.559705604791136,19
2735531,9.642327183372114,17
2735538,9.868322772154647,7
2735545,9.873619126876733,7
2735560,9.686168346913709,15
2735579,9.578399928223808,19
2735583,9.940010317991378,4
2735588,9.923294505175535,5
2735593,9.91569066955933,5
2735606,9.521568626302798,13
2735616,9.774283937442574,10
2735617,10.0,1
2735627,9.79937569499543,10
2735638,9.769054936150688,11
2735649,9.743568392250912,11
2735657,9.83485036308059,8
2735661,9.953018893855921,4
2735672,9.766382632859663,11
2735685,9.785955089180328,13
2735691,9.8937755455652,6
2735700,9.811257291066818,9
2735702,9.975843124817956,2
2735708,9.88914827954011,6
2735717,9.60266663631512,9
2735720,9.957850892702874,3
2735731,9.767660560440252,11
2735738,9.889863140501083,7
2735754,9.686277281897674,16
2735760,9.906438006145432,6
2735774,9.675193516175755,14
2735781,9.85038338628734,7
2735795,9.618320327789899,14
2735809,9.690170384486054,14
2735819,9.817816768037183,10
2735831,9.721273203120491,12
2735839,9.859931507275805,8
2735854,9.673018882615189,15
2735861,9.889493273351366,7
2735862,10.0,1
2735866,9.95196476202844,4
2735875,9.861516104064236,9
2735878,9.954057112438068,3
2735890,9.391555683276415,12
2735892,9.973944114075714,2
2735899,9.844811699247419,7
2735909,9.804211607120251,10
2735919,9.793896670585244,10
2735933,9.729152978795657,14
2735944,9.755450037898264,11
2735955,9.760484560309761,11
2735958,9.9603943950876,3
2735965,9.84618000208578,7
2735973,9.843812390242082,8
2735978,9.907593450144274,5
2736039,8.198809802589503,61
2736048,9.846932293650399,9
2736058,9.82810058478866,10
2736069,9.80666133513765,11
2736078,9.824163549891988,9
2736090,9.80201670700693,12
2736094,9.943448281093598,4
2736097,9.954109550251845,3
2736111,9.684832694275759,14
2736114,9.962312938150216,3
2736120,9.89238265013508,6
2736127,9.870295890434745,7
2736130,9.953562348928735,3
2736141,9.774361904576075,11
2736143,9.983187173535583,2
2736147,9.934053063916924,4
2736168,9.468877479535882,21
2736169,9.992598662671856,1
2736177,9.838214260328238,8
2736181,9.930054400418241,4
2736191,9.786195980596311,10
2736207,9.654756894836458,16
2736216,9.812378470958246,9
2736222,9.90871964943629,6
2736224,9.97097658990246,2
2736230,9.911517320063666,6
2736233,9.953512750047143,3
2736238,9.903127161050346,5
2736248,9.682584409050088,10
2736257,9.815806586392647,9
2736258,10.0,1
2736267,9.810491892185018,9
2736278,9.780672464747958,11
2736283,9.91038871758186,5
2736294,9.75092028393083,11
2736303,9.845689790829221,9
2736313,9.800310705938305,10
2736325,9.749193736940803,12
2736332,9.859807761793038,7
2736343,9.747742271116556,11
2736351,9.839104377696902,8
2736359,9.843801949749349,8
2736363,9.95500611456281,4
2736371,9.86993465631457,8
2736379,9.874173765306537,8
2736380,10.0,1
2736381,9.993543917042759,1
2736382,10.0,1
2736391,9.82420012431826,9
2736397,9.915681992105961,6
2736402,9.917692299066415,5
2736418,9.639814551227241,16
2736427,9.82319580915324,9
2736438,9.82408975947845,11
2736445,9.866904138837644,7
2736450,9.92082401122714,5
2736462,9.672946916700347,12
2736470,9.829430476654418,8
2736483,9.739485788072285,13
2736489,9.891596604651507,6
2736495,9.90067025995949,6
2736496,10.0,1
2736508,9.764934895233075,12
2736509,10.0,1
2736519,9.790953229394672,10
2736527,9.829709769099889,8
2736550,9.561703744800141,23
2736552,9.9741790372173,2
2736569,9.659383091427072,17
2736571,9.980967652857771,2
2736575,9.948098486478719,4
2736586,9.771282424069534,11
2736591,9.91517727342656,5
2736600,9.846479386188625,9
2736623,9.427504250865415,23
2736637,9.656249742695238,14
2736650,9.699167310829479,13
2736663,9.782514485530742,13
2736674,9.805666867267362,11
2736675,10.0,1
2736676,10.0,1
2736677,10.0,1
2736683,9.913838858075495,6
2736698,9.73730435195474,15
2736711,9.728231814815032,13
2736718,9.8651223064245,7
2736719,10.0,1
2736734,9.663071218278837,15
2736746,9.735160911570608,12
2736762,9.630610013623421,16
2736777,9.690485400808944,15
2736784,9.774287631090255,7
2736797,9.729500045877371,13
2736809,9.765829149905203,12
2736841,0.735212253357922,32
2736853,9.725544186749598,12
2736860,9.873227761295002,7
2736867,9.876886791323189,7
2736876,9.809198293455845,9
2736882,9.883554766589382,6
2736891,9.830692909931972,9
2736900,9.834664273480598,9
2736902,9.972987750683883,2
2736908,9.904625379631616,6
2736921,9.702003896368192,13
2736938,9.605749359950858,17
2736948,9.765926770235133,10
2736952,9.933437913456144,4
2736954,9.968152635700081,2
2736966,9.778697069257042,12
2736973,9.874094549322127,7
2736985,9.762530793474825,12
2736995,9.804941879271256,10
2737006,9.77275020345513,11
2737015,9.832046866233268,9
2737023,9.829440885900613,8
2737039,9.648320478004004,16
2737047,9.84833815126772,8
2737050,9.950538576547638,3
2737061,9.778720342151587,11
2737076,9.639187869200704,15
2737088,9.785451763400813,12
2737105,9.608224137489717,17
2737110,9.923790360610607,5
2737144,0.4607790603355255,34
2737153,9.795640082953518,9
2737163,9.806414348069703,10
2737168,9.924410009880573,5
2737178,9.828520055814739,10
2737183,9.913432813708082,5
2737195,9.725755223312362,12
2737206,9.734821408209715,11
2737213,9.849152776887683,7
2737226,9.743996337860906,13
2737227,10.0,1
2737233,9.9029410335611,6
2737234,10.0,1
2737243,9.813233342223201,9
2737250,9.895237745794226,7
2737265,9.670477547693658,15
2737274,9.804547077672602,9
2737284,9.78166090994768,10
2737293,9.83779471288306,9
2737301,9.848570840020027,8
2737303,9.974543060881434,2
2737307,9.934637040643441,4
2737315,9.836200039083037,8
2737316,10.0,1
2737328,9.755956704479305,12
2737344,9.683061181160781,16
2737350,9.894967555170554,6
2737358,9.852198385955512,8
2737364,9.911888947031292,6
2737367,9.962818820329483,3
2737386,9.507298087398825,19
2737402,9.622846331438843,16
2737412,9.829343789055255,10
2737417,9.936241547814495,5
2737428,9.773519516402095,11
2737444,9.684408052701283,16
2737450,9.903648676198415,6
2737464,9.703866876146018,14
2737470,9.89486098844818,6
2737478,9.883633766301957,8
2737494,9.629651766799604,16
2737495,10.0,1
2737498,9.957792305226727,3
2737513,9.677300418931926,15
2737514,10.0,1
2737533,9.557660010118504,19
2737539,9.894220773773501,6
2737547,9.849828116753852,8
2737556,9.824914172823249,9
2737562,9.887006467535446,6
2737569,9.752150641910479,7
2737576,9.874568528156008,7
2737581,9.92777428694688,5
2737585,9.93079412198349,4
2737605,9.302003858366204,20
2737606,10.0,1
2737615,9.78686328757535,9
2737625,9.776736198615824,10
2737640,9.650848113312154,15
2737645,9.924507626141578,5
2737656,9.808237316940497,11
2737668,9.727198848126543,12
2737678,9.788294613247363,10
2737689,9.79382669854347,11
2737690,10.0,1
2737701,9.778885381923228,11
2737708,9.766717979894349,7
2737713,9.929156977305313,5
2737719,9.896608858884344,6
2737723,9.933848546203004,4
2737724,10.0,1
2737729,9.909695678775918,5
2737733,9.941609085508647,4
2737743,9.800521085128853,10
2737754,9.593233916566257,11
2737766,9.712903934984672,12
2737771,9.935166822575942,5
2737787,9.59060538819913,16
2737805,9.599998763489076,18
2737808,9.965127527074005,3
2737821,9.717629885201177,13
2737827,9.68922333463479,6
2737833,9.901163183041337,6
2737835,9.971914346001228,2
2737852,9.671977981420081,17
2737864,9.725872904970071,12
2737870,9.892199865742354,6
2737872,9.97087568756934,2
2737875,9.962711990516544,3
2737896,9.57432548356746,21
2737906,9.816616597630896,10
2737916,9.787828423561011,10
2737922,9.886340831215996,6
2737938,9.711476161369223,16
2737946,9.855109952742692,8
2737947,10.0,1
2737954,9.88334560655453,7
2737969,9.71200132700767,15
2737975,9.891239922286404,6
2737980,9.90687786538406,5
2737992,9.752298951335854,12
2737993,10.0,1
2737994,10.0,1
2737998,9.941550820896124,4
2738009,9.760280321363231,11
2738014,9.90230560990283,5
2738025,9.769427812009589,11
2738034,9.82226747067028,9
2738050,9.620354155284193,16
2738061,9.746315550486576,11
2738076,9.68222363700311,15
2738083,9.869176724254398,7
2738089,9.892674337715489,6
2738093,9.939688708897114,4
2738104,9.7538964822361,11
2738105,10.0,1
2738112,9.854822595434316,7
2738124,9.727722869866712,12
2738131,9.899509805447067,7
2738144,9.708230794944155,13
2738155,9.780084824101005,11
2738156,10.0,1
2738164,9.857492774164868,8
2738179,9.679674181269549,15
2738190,9.812557441074686,11
2738201,9.778940518720434,11
2738207,9.873737894791203,6
2738212,9.919057433484934,5
2738223,9.753219841087978,11
2738233,9.775554467560884,10
2738236,9.96001558234261,3
2738245,9.835716985093567,9
2738253,9.851788093150963,8
2738254,10.0,1
2738268,9.653483156177813,14
2738276,9.863487304049665,8
2738281,9.924878643603561,5
2738292,9.752274021225013,11
2738300,9.845159392850862,8
2738301,10.0,1
2738312,9.659495539042538,11
2738322,9.828645839764043,10
2738335,9.69840669271071,13
2738336,10.0,1
2738345,9.808432948239048,9
2738355,9.803637641462746,10
2738367,9.74506075632447,12
2738368,10.0,1
2738379,9.765907184606462,11
2738395,9.623666082635623,16
2738405,9.788631115973406,10
2738422,9.36627154980536,17
2738428,9.886213654876045,6
2738437,9.798114546923525,9
2738456,9.431106963815568,19
2738457,9.99211488725926,1
2738460,9.960167594239948,3
2738476,9.535021693451657,16
2738481,9.915572793970743,5
2738490,9.815168684951102,9
2738501,9.767925954573375,11
2738513,9.786417657076399,12
2738521,9.854155384334478,8
2738522,10.0,1
2738530,9.852013294247552,8
2738541,9.762149266543236,11
2738545,9.939879396312326,4
2738560,9.672805004668158,15
2738564,9.934001349869,4
2738572,9.822566605162613,8
2738581,9.816013389722402,9
2738593,9.706370456004983,12
2738604,9.774256560645401,11
2738607,9.962552064625266,3
2738615,9.845509607108626,8
2738623,9.840253490333877,8
2738632,9.823533556273238,9
2738645,9.71267679972196,13
2738648,9.959755894425633,3
2738657,9.840903562602215,9
2738662,9.912140088693885,5
2738678,9.63620629059619,16
2738686,9.841026169643053,8
2738688,9.975506813171256,2
2738697,9.829439111328963,9
2738699,9.975998181095433,2
2738700,10.0,1
2738709,9.789017563180773,9
2738746,-2.7029263282145504,37
2738755,9.85270443823783,9
2738767,9.772083741572235,12
2738772,9.914276750669913,5
2738773,10.0,1
2738783,9.786102842150031,10
2738790,9.862849977557321,7
2738797,9.858891273700177,7
2738812,9.682384002179097,15
2738823,9.76162476346235,11
2738835,9.725474235306388,12
2738839,9.942503369189104,4
2738852,9.707690323101067,13
2738863,9.747455993924634,11
2738864,10.0,1
2738876,9.722445029890974,12
2738882,9.915983979397843,6
2738887,9.92323728322834,5
2738900,9.715833902676522,13
2738907,9.850045873829156,7
2738915,9.840677080437775,8
2738933,9.633551686947857,18
2738941,9.8106645573716,8
2738945,9.932387931187174,4
2738955,9.807039111153582,10
2738962,9.876235505948063,7
2738978,9.636150026667753,16
2738987,9.809487039737853,9
2738995,9.852512526554765,8
2739020,9.24614220848602,25
2739030,9.776358204527872,10
2739041,9.759635297446891,11
2739045,9.94933206522041,4
2739057,9.762418190957305,12
2739062,9.927406315801083,5
2739065,9.950225215404789,3
2739077,9.740792723818673,12
2739085,9.762049292343832,8
2739100,9.687712788756642,15
2739112,9.742434566227656,12
2739130,9.383488671223152,18
2739141,9.762146728924453,11
2739142,10.0,1
2739149,9.889371595040135,7
2739150,10.0,1
2739155,9.911246886572407,5
2739168,9.697115803993638,13
2739190,9.549887600536689,22
2739197,9.865303372271278,7
2739215,9.359265408268657,18
2739216,9.988711516325496,1
2739228,9.715099190889205,12
2739236,9.858253624800152,8
2739243,9.863453406672166,7
2739248,9.913805056315875,5
2739249,9.99269026658304,1
2739254,9.90740677177163,5
2739263,9.809240291193953,9
2739264,9.996665626598237,1
2739272,9.666182574587179,8
2739278,9.89309056259813,6
2739284,9.886115824480692,6
2739294,9.8122434183861,10
2739299,9.530975333051554,5
2739313,9.76876465761073,14
2739324,9.772934148226957,11
2739331,9.867606779802582,7
2739341,9.781140985921878,10
2739353,9.758177614495837,12
2739364,9.763880554574113,11
2739373,9.828796239769648,9
2739382,9.812116586039147,9
2739391,9.804580296318425,9
2739400,9.834596905956417,9
2739409,9.8240959329287,9
2739419,9.786396633126557,10
2739435,9.699062416006957,16
2739444,9.790210046619524,9
2739458,9.698438971908717,14
2739464,9.878834704199976,6
2739465,10.0,1
2739491,9.237686963817215,26
2739516,9.484686468098278,25
2739525,9.873866171123183,9
2739530,9.82838479264761,5
2739540,9.80891803818525,10
2739551,9.76734641398369,11
2739558,9.860629780499147,7
2739573,9.697813225316857,15
2739583,9.812913217175408,10
2739589,9.909723853915638,6
2739596,9.865329157755705,7
2739605,9.854347060333438,9
2739614,9.79523729949538,9
2739625,9.566569418667326,11
2739640,9.73268666794814,15
2739654,9.661501446023696,14
2739662,9.840561450614368,8
2739667,9.930325793300574,5
2739674,9.85181914143779,7
2739689,9.66821409495427,15
2739699,9.793157418717039,10
2739701,9.978736415072383,2
2739707,9.886099174774941,6
2739719,9.736066665037015,12
2739720,10.0,1
2739734,9.6856277799086,14
2739736,9.968098048959268,2
2739756,9.489855154784962,20
2739759,9.958027946241812,3
2739762,9.94958923815826,3
2739773,9.746896150498095,11
2739782,9.807494202174494,9
2739796,9.454702026111855,14
2739804,9.853957477174912,8
2739809,9.92569220556409,5
2739810,10.0,1
2739826,9.659158604223212,16
2739836,9.841348567076091,10
2739847,9.776687935863697,11
2739852,9.929628644329306,5
2739858,9.883730597270452,6
2739868,9.808033095285174,10
2739869,10.0,1
2739876,9.890064237614023,7
2739883,9.85449512441504,7
2739894,9.760480786030932,11
2739900,9.913178886148799,6
2739901,10.0,1
2739953,9.157628020340722,52
2739959,9.892070234797947,6
2739967,9.857829094694509,8
2739975,9.841623217568207,8
2739985,9.777486146581397,10
2739990,9.919770185879605,5
2740001,9.754282889318008,11
2740009,9.839221679559408,8
2740016,9.88448758667109,7
2740017,10.0,1
2740022,9.912639306477516,5
2740032,9.811564494313714,10
2740043,9.764305314600138,11
2740052,9.802446758133929,9
2740061,9.823938279582281,9
2740075,9.757594332558183,14
2740084,9.857168414550989,9
2740092,9.847363172838845,8
2740106,9.73588857241613,14
2740107,10.0,1
2740118,9.767321960458368,11
2740133,9.69255932579528,15
2740134,10.0,1
2740143,9.839867867478935,9
2740145,9.979272328837382,2
2740159,9.732189784300038,14
2740172,9.722434541314806,13
2740181,9.825023030960615,9
2740188,9.867292347392757,7
2740201,9.717112964807777,13
2740208,9.873907355354529,7
2740220,9.73728700724256,12
2740227,9.89350352293411,7
2740229,9.977025698227362,2
2740236,9.867917761944437,7
2740246,9.791669276843521,10
2740257,9.756710274516674,11
2740265,9.847748529004804,8
2740276,9.755901026582977,11
2740284,9.877886296618172,8
2740285,10.0,1
2740308,9.192998313337805,23
2740319,9.765712397309262,11
2740331,9.716600261851385,12
2740338,9.892025054470693,7
2740349,9.725601033568063,11
2740359,9.7958002979256,10
2740364,9.915147614645331,5
2740370,9.894397976871145,6
2740378,9.853360819623806,8
2740384,9.900228348999415,6
2740395,9.810621238697005,11
2740399,9.928949018149115,4
2740409,9.49811685881485,10
2740426,9.30062834601699,17
2740435,9.831867847285741,9
2740445,9.774089474256062,10
2740459,9.68393191370141,14
2740460,10.0,1
2740468,9.873950513230104,8
2740477,9.815004999620108,9
2740482,9.925776433805327,5
2740491,9.821625120169141,9
2740506,9.617858782478942,15
2740516,9.787988034963226,10
2740522,9.912051510132244,6
2740534,9.710252877781791,12
2740543,9.83031182947957,9
2740556,9.748126947040046,13
2740557,10.0,1
2740569,9.730692029340451,12
2740580,9.803235050952859,11
2740589,9.81060436591136,9
2740596,9.87558647142825,7
2740607,9.773648704651464,11
2740610,9.962766498667355,3
2740626,9.68662232299822,16
2740636,9.806618482433878,10
2740643,9.857548837067734,7
2740650,9.860924149297611,7
2740658,9.855752396011894,8
2740670,9.734190024605718,12
2740674,9.942726362170443,4
2740684,9.818551625115257,10
2740691,9.852795018422412,7
2740701,9.80247663990846,10
2740716,9.689224176039705,15
2740724,9.841361948400523,8
2740735,9.776709200400603,11
2740746,9.786183047093825,11
2740753,9.851326878231768,7
2740757,9.944064434375163,4
2740767,9.807103093319173,10
2740768,10.0,1
2740775,9.878912371170786,7
2740779,9.931631516713644,4
2740780,10.0,1
2740790,9.789261945627352,10
2740800,9.781166598848548,10
2740822,9.556255121584277,22
2740835,9.729202390261165,13
2740844,9.817998307179531,9
2740862,9.561771730302446,18
2740863,9.987643988247822,1
2740879,9.676712873587306,16
2740888,9.814260599068465,9
2740893,9.907001103363154,5
2740896,9.966987038163165,3
2740902,9.891408024672193,6
2740903,10.0,1
2740907,9.935894723176506,4
2740910,9.96114148219016,3
2740919,9.808526668647321,9
2740930,9.795830430302873,11
2740935,9.917731640947574,5
2740936,10.0,1
2740952,9.605975226236838,16
2740960,9.849198652559046,8
2740961,10.0,1
2740975,9.730328081795241,14
2740983,9.873165479681347,8
2740993,9.783132244327948,10
2741000,9.861035443944303,7
2741006,9.909246474693191,6
2741010,9.931649674402477,4
2741020,9.805821269310941,10
2741024,9.939999274128537,4
2741032,9.857072620551259,8
2741044,9.755738603982534,12
2741053,9.815078101225312,9
2741066,9.706891160721625,13
2741075,9.820135357442728,9
2741079,9.933983286558789,4
2741084,9.914626097730135,5
2741102,9.608125553001914,18
2741107,9.905542128316881,5
2741115,9.87085071077893,8
2741125,9.77712759852558,10
2741135,9.817725177387329,10
2741150,9.722366021780237,15
2741159,9.819401256114743,9
2741171,9.622804542900102,12
2741181,9.775374903139493,10
2741195,9.675630347906138,14
2741202,9.85151065057646,7
2741211,9.813806269799162,9
2741216,9.927558689133484,5
2741219,9.968877300961074,3
2741232,9.731796933763537,13
2741241,9.617066149634336,9
2741251,9.772235161352555,10
2741261,9.77856669540308,10
2741270,9.810343650907129,9
2741278,9.83475470583325,8
2741286,9.849932073290026,8
2741298,9.751051731157894,12
2741309,9.771745350207095,11
2741310,10.0,1
2741322,9.724418413365076,12
2741340,9.56982569744175,18
2741349,9.813542384024938,9
2741355,9.892199720186694,6
2741363,9.833225213094646,8
2741366,9.964990291171768,3
2741367,9.996064013060062,1
2741368,10.0,1
2741376,9.830993749608126,8
2741382,9.92255654061238,6
2741387,9.92138022754003,5
2741394,9.851920844647912,7
2741408,9.713660560275848,14
2741417,9.837861619592454,9
2741431,9.703214307394424,14
2741432,10.0,1
2741435,9.955173141898676,3
2741446,9.774110831318376,11
2741456,9.793837511420824,10
2741464,9.859936705511211,8
2741467,9.961550872564175,3
2741483,9.623674699991518,16
2741491,9.860736377444804,8
2741498,9.856405231517519,7
2741506,9.833607384322447,8
2741518,9.608692544005997,12
2741521,9.95221651717166,3
2741524,9.661909787863891,3
2741543,9.576199982314277,19
2741553,9.77740495382686,10
2741563,9.851009638565506,10
2741577,9.676608028866532,14
2741593,9.623336921579098,16
2741602,9.831470792672855,9
2741604,9.970735194407279,2
2741605,9.993210053287312,1
2741606,10.0,1
2741611,9.899147900104063,5
2741614,9.955161882595092,3
2741615,10.0,1
2741624,9.828566983928496,9
2741640,9.628641882879723,16
2741659,9.55087563777623,19
2741673,9.728842798838501,14
2741681,9.837887246497996,8
2741685,9.951195224697859,4
2741692,9.886757802729392,7
2741749,8.31858549176013,57
2741752,9.970922624302805,3
2741761,9.809462276739165,9
2741770,9.82916270226267,9
2741782,9.768201050972582,12
2741795,9.751978515506822,13
2741805,9.827254618402252,10
2741810,9.921308232120694,5
2741814,9.947373021839853,4
2741819,9.903534077269978,5
2741824,9.905161515272662,5
2741834,9.799075224161296,10
2741844,9.768552685949167,10
2741849,9.917261238051372,5
2741850,10.0,1
2741857,9.877749695219608,7
2741863,9.895651800852947,6
2741874,9.772937150270266,11
2741879,9.913659417384476,5
2741894,9.679664710620154,15
2741909,9.724364703249094,15
2741919,9.761409409243992,10
2741925,9.884396599439523,6
2741934,9.804477272559035,9
2741935,10.0,1
2741942,9.851485758654716,7
2741943,9.996384221121682,1
2741955,9.714248043859262,12
2741959,9.945841115951266,4
2741964,9.929252432161102,5
2741971,9.876773100421396,7
2741979,9.848675164541623,8
2741991,9.735141444781373,12
2742004,9.705332049011766,13
2742016,9.741271300529544,12
2742021,9.921260565870064,5
2742025,9.949323903473504,4
2742032,9.866652755673131,7
2742033,10.0,1
2742048,9.675012549106038,15
2742062,9.714500062861907,14
2742065,9.969468656379764,3
2742074,9.804987465438082,9
2742078,9.942583545323558,4
2742085,9.860469132631879,7
2742090,9.930782024952176,5
2742094,9.9393230333943,4
2742104,9.78511347009122,10
2742122,9.579845126511286,18
2742133,9.77993210261316,11
2742138,9.922662501606514,5
2742141,9.958229396012886,3
2742149,9.866256244582383,8
2742155,9.892971998114039,6
2742157,9.973592867847739,2
2742166,9.803931833003542,9
2742180,9.695670006032659,14
2742192,9.728328393811376,12
2742195,9.963505449959788,3
2742203,9.843535566318783,8
2742218,9.676891110485695,15
2742227,9.817733812095954,9
2742239,9.731630407137233,12
2742245,9.886272234409999,6
2742252,9.8643255899103,7
2742258,9.895627623220017,6
2742265,9.760728054877495,7
2742277,9.750025821887368,12
2742287,9.811761456692148,10
2742291,9.940051689961097,4
2742303,9.745137660890865,12
2742308,9.925963778092191,5
2742312,9.933255837941577,4
2742317,9.909500387795411,5
2742324,9.8808064217839,7
2742327,9.96043773851433,3
2742328,10.0,1
2742329,9.988902947498207,1
2742350,5.228406393865701,21
2742361,9.56095365847996,11
2742377,9.619428681110431,16
2742385,9.86489401456716,8
2742413,9.306142841247013,28
2742419,9.889782769019932,6
2742429,9.792964465393435,10
2742438,9.845541212977281,9
2742444,9.900668473086904,6
2742446,9.973171116110265,2
2742459,9.758272464955336,13
2742472,9.718910137403254,13
2742482,9.835218393427434,10
2742483,10.0,1
2742498,9.651254775776735,15
2742507,9.819827295167451,9
2742513,9.868946564088883,6
2742517,9.935509199799583,4
2742528,9.768219606171924,11
2742541,9.722906359172606,13
2742549,9.850657268259154,8
2742567,9.581206969356057,18
2742577,9.787324936458837,10
2742582,9.92224771811413,5
2742587,9.912057960080753,5
2742595,9.757925356627137,8
2742599,9.946333568350344,4
2742600,10.0,1
2742604,9.928045354344967,4
2742614,9.794671966532498,10
2742621,9.898633422113429,7
2742622,9.9876489913103,1
2742635,9.738751741063295,13
2742642,9.881960401563365,7
2742651,9.800817769422876,9
2742658,9.860715605146053,7
2742664,9.885870873814046,6
2742673,9.839702107873281,9
2742682,9.824986983954286,9
2742697,9.636652027395172,15
2742705,9.866679318130533,8
2742711,9.88958346053304,6
2742717,9.8998896897152,6
2742726,9.815522026180572,9
2742745,9.535610564900605,19
2742761,9.66192151098031,16
2742770,9.84194745252079,9
2742783,9.728731259579018,13
2742790,9.879025895411884,7
2742795,9.926894272173547,5
2742809,9.689745650854679,14
2742820,9.760206053070497,11
2742821,10.0,1
2742825,9.934506126663567,4
2742837,9.764838673556227,12
2742845,9.833982040185175,8
2742854,9.82894760294697,9
2742863,9.813230129148934,9
2742889,9.467066842453113,26
2742898,9.849067616232288,9
2742904,9.874912150393728,6
2742917,9.699486596148814,13
2742927,9.783394713547128,10
2742944,9.608916648924012,17
2742959,9.69881530548534,15
2742970,9.771749347209102,11
2742985,9.645942518017037,15
2742989,9.94268326284641,4
2742995,9.88723692333813,6
2743005,9.768217321996172,10
2743015,9.779725231365461,10
2743026,9.765105330306183,11
2743039,9.728364812064049,13
2743048,9.827228073092714,9
2743055,9.855092888706634,7
2743065,9.775495914940374,10
2743072,9.886006012595933,7
2743088,9.652755085213823,16
2743089,9.996374252708602,1
2743092,9.95243223854131,3
2743103,9.774580249575736,11
2743112,9.8366367690153,9
2743124,9.7709866616633,12
2743127,9.96704830971388,3
2743128,9.988326087985232,1
2743146,9.597901664496595,18
2743158,9.730129581227965,12
2743162,9.937046073530349,4
2743172,9.78325466370101,10
2743184,9.761141986681595,12
2743185,10.0,1
2743186,10.0,1
2743195,9.717208162234014,9
2743197,9.97890619647003,2
2743207,9.805333252683067,10
2743214,9.86748744386241,7
2743221,9.884694921313017,7
2743241,9.51815363623114,20
2743246,9.910788958114525,5
2743264,9.620283606049144,18
2743265,10.0,1
2743274,9.811169956561411,9
2743284,9.82167491193536,10
2743285,9.992236984025565,1
2743293,9.852375249119856,8
2743303,9.813569060174224,10
2743316,9.700325676355986,13
2743325,9.821652455025236,9
2743335,9.802256532848716,10
2743343,9.867603152285016,8
2743344,10.0,1
2743345,10.0,1
2743354,9.82280800876878,9
2743361,9.877276127374618,7
2743376,9.703494706133828,15
2743385,9.831925611752084,9
2743392,9.8623348809615,7
2743393,9.995555070719583,1
2743404,9.739103830949185,11
2743413,9.837807842608662,9
2743425,9.78317709761671,12
2743440,9.6743384832661,15
2743456,9.629177565572133,16
2743460,9.958057133069499,4
2743465,9.90910076322166,5
2743466,9.993340320045485,1
2743481,9.622930741317285,15
2743487,9.896877791584759,6
2743501,9.655685235778096,14
2743512,9.782214759004201,11
2743519,9.87711945410727,7
2743538,9.642275266217617,19
2743546,9.837394826319557,8
2743554,9.852733535558734,8
2743557,9.958340830909203,3
2743559,9.976984839739899,2
2743568,9.829689052593574,9
2743578,9.693153428444367,10
2743579,10.0,1
2743592,9.725381495546197,13
2743599,9.870356841721533,7
2743604,9.89980415919019,5
2743614,9.799539857063163,10
2743628,9.713776619425044,14
2743641,9.709708204266395,13
2743644,9.951405712811065,3
2743645,10.0,1
2743649,9.950802970916062,4
2743654,9.906204277794341,5
2743667,9.72601184344606,13
2743677,9.812255785212779,10
2743689,9.748927277918758,12
2743695,9.892299155948525,6
2743708,9.767399510316185,13
2743709,10.0,1
2743720,9.783878340384522,11
2743727,9.858645790738239,7
2743731,9.930958731316828,4
2743744,9.75179833464305,13
2743753,9.737852944971895,9
2743754,10.0,1
2743765,9.76947874174054,11
2743776,9.74778711954201,11
2743782,9.903762645697594,6
2743801,9.561787051623641,19
2743808,9.858337650623255,7
2743821,9.691517655636977,13
2743832,9.77955574842129,11
2743841,9.807583016902697,9
2743845,9.925065778677373,4
2743847,9.969436849718937,2
2743859,9.745290745806724,12
2743865,9.91065138994192,6
2743882,9.603610023553975,17
2743893,9.745631528030014,11
2743898,9.90986531143179,5
2743908,9.78122005352539,10
2743909,9.988668470915524,1
2743910,10.0,1
2743932,9.533089322805912,22
2743942,9.800855074835656,10
2743954,9.744526164439922,12
2743955,10.0,1
2743963,9.826956985123072,8
2743976,9.74055859424627,13
2743989,9.692282170621215,13
2744010,9.541079330196933,21
2744011,10.0,1
2744020,9.846917375692504,9
2744027,9.87988254873445,7
2744043,9.630188531007194,16
2744058,9.669157284821738,15
2744073,9.725305856523976,15
2744087,9.700125299967135,14
2744096,9.830217126070126,9
2744111,9.684793612230147,15
2744116,9.929558513327661,5
2744122,9.909285481189752,6
2744128,9.907714769215426,6
2744138,9.800667483426894,10
2744144,9.889295682017531,6
2744145,9.989132000651333,1
2744146,10.0,1
2744152,9.902938734347387,6
2744165,9.711170913137076,13
2744169,9.949354967451768,4
2744181,9.744845783527465,12
2744188,9.883384036646426,7
2744203,9.693649739836033,15
2744216,9.743547407894255,13
2744228,9.74353385695617,12
2744230,9.971668263774475,2
2744260,9.449416598806547,30
2744264,9.946059289946955,4
2744265,10.0,1
2744278,9.728518324090393,13
2744282,9.844589669179953,4
2744290,9.851414118715985,8
2744298,9.85631527958413,8
2744302,9.937039823282166,4
2744306,9.92348656348848,4
2744307,10.0,1
2744311,9.945823316032062,4
2744329,9.39510902824401,18
2744343,9.706234599337543,14
2744353,9.786258521916265,10
2744361,9.836971623010305,8
2744371,9.804952921305025,10
2744377,9.87385060094788,6
2744378,10.0,1
2744384,9.892484080719488,6
2744389,9.93998988527602,5
2744396,9.874342609078159,7
2744401,9.916125021514839,5
2744407,9.891459158377627,6
2744419,9.737092627606128,12
2744433,9.702961022623741,14
2744440,9.865393310972403,7
2744453,9.755821356938945,13
2744460,9.878026346404623,7
2744468,9.839686377552251,8
2744476,9.843734315543667,8
2744483,9.879323534790771,7
2744492,9.824082163793422,9
2744502,9.793268563817358,10
2744507,9.92205642118152,5
2744511,9.946470838142176,4
2744512,10.0,1
2744521,9.81225315572966,9
2744524,9.952778080351486,3
2744538,9.721226208797948,14
2744542,9.950444068548922,4
2744561,9.555258103406151,19
2744569,9.849639808171322,8
2744576,9.895228105159196,7
2744587,9.759010065675795,11
2744598,9.765332328998934,11
2744612,9.705969762564955,14
2744618,9.89390454237418,6
2744627,9.810676610784013,9
2744633,9.914320729975733,6
2744642,9.814202713124157,9
2744646,9.936540851239254,4
2744662,9.635548274049206,16
2744664,9.977464746424545,2
2744665,9.989071944170307,1
2744673,9.846391462643682,8
2744682,9.82769988922899,9
2744690,9.876382588443171,8
2744704,9.689596494943842,14
2744708,9.93665931949774,4
2744724,9.675870523186223,16
2744737,9.702225720011223,13
2744738,10.0,1
2744757,9.595485039467908,19
2744770,9.689556989824387,13
2744781,9.771433909927339,11
2744789,9.855216733774034,8
2744790,9.988491001286919,1
2744795,9.90918826450525,5
2744812,9.431093683179933,17
2744817,9.921871791355429,5
2744827,9.78020160956585,10
2744841,9.750494119899566,14
2744852,9.762966116299504,11
2744868,9.658370472108256,16
2744872,9.929989146278478,4
2744881,9.812755389938374,9
2744882,10.0,1
2744896,9.675187806009442,14
2744897,10.0,1
2744909,9.70542909154676,12
2744917,9.859926384684295,8
2744927,9.825469495402888,10
2744940,9.717352613658178,13
2744945,9.912909275200175,5
2745034,8.271393339819967,89
2745045,9.744063998576992,11
2745053,9.848643363392817,8
2745067,9.707068059878052,14
2745084,9.640566103007531,17
2745086,9.980873456563941,2
2745097,9.79451022440953,11
2745107,9.810539165030868,10
2745117,9.782829607718815,10
2745129,9.736051482854132,12
2745141,9.738353168777381,12
2745155,9.676084511951062,14
2745161,9.890095726746209,6
2745171,9.7940350517814,10
2745174,9.94845632113143,3
2745184,9.772856849002894,10
2745193,9.806402056751686,9
2745201,9.814346618374024,8
2745215,9.705416206540512,14
2745218,9.962740723011319,3
2745230,9.721327171399576,12
2745242,9.759159844169043,12
2745252,9.809164735950187,10
2745264,9.761658798421754,12
2745272,9.810168931644933,8
2745292,9.561440481666605,20
2745304,9.733716631254605,12
2745308,9.946652417495374,4
2745314,9.900965342789686,6
2745315,10.0,1
2745328,9.73863615645578,13
2745329,10.0,1
2745330,10.0,1
2745339,9.815461053688072,9
2745350,9.771964075590525,11
2745358,9.839821920726154,8
2745364,9.891848136163386,6
2745365,9.989499662885567,1
2745371,9.886501397332582,6
2745376,9.931057432501097,5
2745385,9.837324472234053,9
2745391,9.89907182975518,6
2745407,9.679640972297639,16
2745414,9.865353596724663,7
2745418,9.929569681319965,4
2745430,9.770327291728545,12
2745441,9.75372202103125,11
2745447,9.878059458983348,6
2745448,10.0,1
2745464,9.645336623123205,16
2745472,9.86446064625136,8
2745477,9.92337237132164,5
2745484,9.900858037169854,7
2745485,10.0,1
2745491,9.911894490225452,6
2745501,9.816085648693141,10
2745502,10.0,1
2745507,9.919093434141645,5
2745515,9.85964160568828,8
2745519,9.937594698561847,4
2745538,9.587272244963966,19
2745552,9.670669386979444,14
2745559,9.890544763697969,7
2745565,9.908027013817467,6
2746065,-9.79642818142326,500
2746079,9.67369081775426,14
2746081,9.975521082062274,2
2746082,10.0,1
2746097,9.64621252998105,15
2746103,9.894210537091208,6
2746121,9.613010338542292,18
2746131,9.733452519589145,10
2746134,9.959456907794364,3
2746141,9.866441466490944,7
2746160,9.54867847331556,19
2746164,9.94775622170417,4
2746175,9.785853282307675,11
2746182,9.865094671127201,7
2746186,9.933668329667872,4
2746187,10.0,1
2746196,9.817959507535257,9
2746205,9.818707147823385,9
2746212,9.866430053206745,7
2746224,9.741848660307344,12
2746235,9.751232277541849,11
2746239,9.936184008857893,4
2746254,9.642930507285442,15
2746266,9.721907783339294,12
2746268,9.969229706431568,2
2746276,9.846026091211158,8
2746277,10.0,1
2746278,10.0,1
2746289,9.768727449881538,11
2746297,9.83515351890557,8
2746306,9.821474802977843,9
2746312,9.908590423636554,6
2746318,9.913390052070293,6
2746390,-10.393569731739367,72
2746397,9.87615038395882,7
2746406,9.834994011661637,9
2746410,9.944859862172336,4
2746426,9.643547262569507,16
2746448,9.607927400123328,22
2746461,9.428413165100046,13
2746473,9.754258962357985,12
2746485,9.727976720111506,12
2746499,9.708754094123947,14
2746501,9.978700665262537,2
2746518,9.596343360452261,17
2746519,10.0,1
2746536,9.649968567871833,17
2746547,9.769086114452078,11
2746548,10.0,1
2746560,9.703737657264943,12
2746570,9.820657103218066,10
2746579,9.839140591089613,9
2746586,9.768774355632749,7
2746590,9.92348677091657,4
2746606,9.643730655540336,16
2746619,9.687718139022158,13
2746631,9.728947687879103,12
2746639,9.840125086177672,8
2746643,9.942390339146966,4
2746653,9.791547963970698,10
2746659,9.886384783870447,6
2746670,9.656847697046848,11
2746676,9.89312406753985,6
2746677,10.0,1
2746679,9.978674278295989,2
2746693,9.690795722012036,14
2746699,9.914636496869768,6
2746714,9.635890911433656,15
2746723,9.858405058875176,9
2746729,9.901640774012378,6
2746730,10.0,1
2746743,9.713570054269667,13
2746754,9.764981773620791,11
2746762,9.851557129109297,8
2746765,9.960746884443035,3
2746766,9.991654349613233,1
2746770,9.935811959957318,4
2746778,9.854753659778254,8
2746783,9.923689872916167,5
2746784,10.0,1
2746796,9.746225397058414,12
2746809,9.741931261911805,13
2746826,9.62080628799954,17
2746833,9.86938990701466,7
2746842,9.833110909700551,9
2746857,9.62991016737353,15
2746858,10.0,1
2746864,9.897873247672852,6
2746875,9.786204574966659,11
2746876,10.0,1
2746889,9.785572702888734,13
2746895,9.791786482071846,6
2746901,9.912038676793662,6
2746906,9.912104734583577,5
2746918,9.73425896033163,12
2746935,9.589276081538719,17
2746948,9.659756935308549,13
2746957,9.835114871061135,9
2746958,10.0,1
2746964,9.907965546828938,6
2746975,9.683220740749405,11
2746990,9.670896264708965,15
2747000,9.787372028681595,10
2747007,9.865936332622784,7
2747019,9.736534451729431,12
2747031,9.731719060139664,12
2747038,9.85733356954276,7
2747043,9.933275940896097,5
2747047,9.923975762322195,4
2747056,9.733525304760668,9
2747065,9.651524243443491,9
2747078,9.607242227053042,13
2747095,9.586569096552045,17
2747111,9.674887896788137,16
2747123,9.750565868577297,12
2747129,9.887270812776919,6
2747138,9.794535095377938,9
2747142,9.93245376361903,4
2747143,10.0,1
2747151,9.83770848153979,8
2747163,9.6596879877993,12
2747164,10.0,1
2747172,9.834923919891011,8
2747182,9.774353193149715,10
2747188,9.883003774852599,6
2747196,9.85025508773564,8
2747202,9.894803429588498,6
2747212,9.777165600381357,10
2747216,9.945292682774218,4
2747220,9.933540551541384,4
2747222,9.977770552954961,2
2747229,9.859983733417886,7
2747231,9.980435452788829,2
2747236,9.920455582918873,5
2747245,9.792707313718275,9
2747257,9.72507720187756,12
2747267,9.78734352113319,10
2747273,9.891254176558354,6
2747285,9.764565842872448,12
2747297,9.72311996970635,12
2747302,9.90333945462728,5
2747320,9.615934817253054,18
2747321,10.0,1
2747333,9.721498823127957,12
2747340,9.873104522738629,7
2747345,9.915397876666145,5
2747353,9.823999833758927,8
2747363,9.776431224028869,10
2747367,9.945865466839292,4
2747378,9.773167522944817,11
2747383,9.894668860762641,5
2747391,9.83095468390968,8
2747396,9.916897380281167,5
2747412,9.617018147592113,16
2747422,9.809792194680433,10
2747425,9.957985312114532,3
2747426,10.0,1
2747438,9.756108705374944,12
2747443,9.93053566960704,5
2747449,9.897020645708134,6
2747454,9.910558106039481,5
2747463,9.840074279349135,9
2747477,9.70764637206873,14
2747493,9.620064299221177,16
2747499,9.875089765102514,6
2747500,10.0,1
2747512,9.733755784173816,12
2747530,9.627969490178481,18
2747548,9.204451445611726,18
2747567,9.586139283259582,19
2747576,9.845532068593107,9
2747577,10.0,1
2747578,9.988022161177025,1
2747582,9.944605863447748,4
2747593,9.766164471078762,11
2747601,9.842702228380402,8
2747608,9.861825671713593,7
2747619,9.77189539807225,11
2747631,9.759731248725586,12
2747645,9.714122308382077,14
2747652,9.846205244272136,7
2747663,9.774992631098138,11
2747664,10.0,1
2747669,9.919050692858564,5
2747680,9.765361243149359,11
2747690,9.771429507613794,10
2747697,9.85577948834505,7
2747698,10.0,1
2747713,9.615465634528338,15
2747715,9.97655911302656,2
2747722,9.881890260463107,7
2747730,9.833677087496529,8
2747737,9.87444312587476,7
2747742,9.896040732314663,5
2747750,9.858379180037968,8
2747754,9.939602997137644,4
2747766,9.772121915341565,12
2747779,9.731752768648873,13
2747783,9.944522527137945,4
2747788,9.9045027404454,5
2747794,9.893373544799479,6
2747806,9.743910289786685,12
2747817,9.767420581058468,11
2747823,9.905511959554833,6
2747833,9.795532412204143,10
2747836,9.955687201189004,3
2747837,10.0,1
2747838,10.0,1
2747845,9.851302648548813,7
2747860,9.667594450245723,15
2747861,10.0,1
2747869,9.849598872162957,8
2747881,9.730701436882713,12
2747897,9.413132156213544,16
2747905,9.860292651756929,8
2747918,9.610192450929077,13
2747923,9.925510664481273,5
2747930,9.870930664298882,7
2747931,10.0,1
2747946,9.550717307293892,15
2747960,9.694464888623338,14
2747972,9.738630050035301,12
2747985,9.438788055084645,13
2747990,9.924679493644312,5
2747998,9.84660008658741,8
2748003,9.919245989065391,5
2748008,9.90940532318683,5
2748019,9.745879513344956,11
2748026,9.85638711393767,7
2748044,9.609378523632888,18
2748047,9.950555756893989,3
2748048,10.0,1
2748059,9.76096233197637,11
2748064,9.917476174139066,5
2748070,9.888814974074883,6
2748082,9.759877336110494,12
2748095,9.437978410723852,13
2748105,9.768807209567921,10
2748114,9.823079539177456,9
2748115,10.0,1
2748139,9.461678050566228,24
2748146,9.868171219902438,7
2748155,9.524615414335152,9
2748162,9.862967857800603,7
2748165,9.957651947875185,3
2748176,9.757911833553246,11
2748178,9.982081265928066,2
2748191,9.68176922412954,13
2748192,9.989064326210187,1
2748193,10.0,1
2748199,9.8869660658558,6
2748213,9.709923730001185,14
2748222,9.822902846055898,9
2748228,9.900968716411793,6
2748239,9.735967950189988,11
2748249,9.792545049629144,10
2748250,10.0,1
2748251,10.0,1
2748253,9.981389895529643,2
2748255,9.978940456378128,2
2748264,9.815335858273155,9
2748272,9.854043140130338,8
2748280,9.823226090813252,8
2748281,10.0,1
2748282,10.0,1
2748292,9.787317595012716,10
2748304,9.743535543322606,12
2748313,9.798060366222114,9
2748321,9.8408231900875,8
2748331,9.765182695666205,10
2748343,9.748829363333694,12
2748355,9.736416536392264,12
2748356,10.0,1
2748361,9.907909320845343,5
2748365,9.947106509347888,4
2748366,10.0,1
2748376,9.79778314469214,10
2748385,9.83503373101611,9
2748390,9.920662327942127,5
2748396,9.910775108357145,6
2748401,9.930520457877911,5
2748422,9.284804083082802,21
2748423,9.99618887233665,1
2748443,9.51430213629707,20
2748457,9.686579315921467,14
2748460,9.9668270810818,3
2748464,9.948807800685616,4
2748471,9.893380582550924,7
2748476,9.92803643510091,5
2748485,9.836889540843362,9
2748486,9.996191343094983,1
2748497,9.801666459241538,11
2748504,9.877342101299092,7
2748507,9.967112550774761,3
2748516,9.80324631670611,9
2748524,9.860910508639376,8
2748529,9.917505059780302,5
2748543,9.704403338042454,14
2748546,9.963229672360853,3
2748563,9.596329736192436,17
2748567,9.940100263404798,4
2748568,10.0,1
2748578,9.600103689162031,10
2748587,9.823389388151753,9
2748595,9.85123278408515,8
2748603,9.835954634029715,8
2748607,9.942982877589614,4
2748614,9.874198352247603,7
2748627,9.754123679002381,13
2748639,9.7345511898619,12
2748641,9.975702911100045,2
2748645,9.945795891542014,4
2748652,9.757730073390006,7
2748670,9.61451292863646,18
2748674,9.952110805593286,4
2748679,9.908670292582203,5
2748690,9.767375848385466,11
2748698,9.847304667290706,8
2748704,9.902831637602118,6
2748718,9.702533027138788,14
2748722,9.945520752217096,4
2748726,9.931353056446152,4
2748738,9.75333409422678,12
2748749,9.756057271654575,11
2748750,10.0,1
2748766,9.622829049719678,16
2748767,10.0,1
2748781,9.736991506548183,14
2748790,9.839395665713953,9
2748791,10.0,1
2748812,9.470697163876219,21
2748819,9.87335600514758,7
2748829,9.799982840525837,10
2748839,9.811868182393232,10
2748844,9.92335691640532,5
2748845,10.0,1
2748852,9.856150586994552,7
2748866,9.743710467818952,14
2748877,9.752242301557905,11
2748883,9.881757623465035,6
2748896,9.724785420040067,13
2748897,10.0,1
2748904,9.881376429756292,7
2748913,9.854667854102102,9
2748922,9.820321114179894,9
2748940,9.582502008635965,18
2748941,10.0,1
2748950,9.81176704956177,9
2748962,9.74048737211254,12
2748972,9.811894925879106,10
2748978,9.890030753978966,6
2748986,9.834118059924394,8
2748998,9.736094148050707,12
2749021,9.507775915878664,23
2749032,9.776982383276632,11
2749047,9.640501988206207,15
2749048,10.0,1
2749063,9.670280723995166,15
2749069,9.390245813725594,6
2749196,7.513492495798317,127
2749199,9.96516711990571,3
2749200,10.0,1
2749210,9.686042573482888,10
2749217,9.858869250510612,7
2749220,9.948728029867553,3
2749232,9.717079986439646,12
2749242,9.792384575135502,10
2749243,9.995955719769494,1
2749254,9.741544280975651,11
2749265,9.730437163873939,11
2749266,9.989006806356203,1
2749277,9.772796144921958,11
2749278,10.0,1
2749294,9.66565330804457,16
2749298,9.94465075972809,4
2749320,8.890387307194342,22
2749328,9.871420320142423,8
2749335,9.885238906533814,7
2749349,9.462240172903426,14
2749359,9.786853725655368,10
2749369,9.83457273875737,10
2749374,9.91180145837102,5
2749380,9.888707721431912,6
2749381,10.0,1
2749393,9.770081621441038,12
2749401,9.851375544215145,8
2749402,10.0,1
2749407,9.910359911388891,5
2749417,9.792024202957744,10
2749428,9.765587970842553,11
2749432,9.930314610096838,4
2749435,9.953198849676975,3
2749459,9.450854906243634,24
2749461,9.982349544756309,2
2749465,9.940828010133721,4
2749477,9.74964470838641,12
2749492,9.67220918195979,15
2749505,9.525141045908764,13
2749510,9.926687962779798,5
2749522,9.74080815507913,12
2749524,9.971736707273571,2
2749533,9.813223112701072,9
2749543,9.796904537234148,10
2749544,10.0,1
2749551,9.877657381927955,7
2749554,9.966746291364839,3
2749560,9.91196275980665,6
2749575,9.66477424147449,15
2749585,9.80985436698968,10
2749591,9.894559023324852,6
2749592,9.99181630878637,1
2749613,9.518383084440615,21
2749624,9.765169873543883,11
2749634,9.822009531620031,10
2749638,9.92266274851636,4
2749651,9.74393444170158,13
2749657,9.913949795709552,6
2749673,9.717508443057483,16
2749680,9.866079378123652,7
2749688,9.859728417721659,8
2749700,9.754543351016228,12
2749701,10.0,1
2749709,9.864002482030749,8
2749718,9.794192617461293,9
2749719,10.0,1
2749725,9.90004237971351,6
2749733,9.841120183549359,8
2749734,9.996146830088753,1
2749741,9.850791080357103,7
2749750,9.817488189264003,9
2749751,10.0,1
2749757,9.882728821872298,6
2749768,9.751915823927241,11
2749774,9.903353355047496,6
2749776,9.977486562891077,2
2749786,9.794787616917722,10
2749794,9.841530996532788,8
2749802,9.841918214693344,8
2749805,9.947573005813236,3
2749810,9.914483061737247,5
2749820,9.774729204578904,10
2749821,9.987484967022223,1
2749822,9.992582407941757,1
2749823,10.0,1
2749833,9.780864283384833,10
2749845,9.725343851534639,12
2749863,9.568543054514201,18
2749871,9.837536063315238,8
2749876,9.92022354707564,5
2749884,9.855604972572346,8
2749893,9.839117406875356,9
2749902,9.796022240994738,9
2749909,9.874693644583848,7
2749919,9.795720819589219,10
2749921,9.970730668027903,2
2749927,9.884966438946652,6
2749928,10.0,1
2749929,10.0,1
2749935,9.908968350029527,6
2749946,9.795860120177961,11
2749947,10.0,1
2749950,9.962144250407393,3
2749962,9.734350177674578,12
2749969,9.848240231756192,7
2749980,9.739455017138837,11
2749991,9.552511524502316,11
2750000,9.809042126568754,9
2750011,9.757095381482806,11
2750027,9.41557988202708,16
2750035,9.847760283144812,8
2750036,10.0,1
2750040,9.94597593771121,4
2750050,9.578297375713346,10
2750071,9.555672367096122,21
2750077,9.895994547244525,6
2750082,9.923501376376908,5
2750083,10.0,1
2750095,9.75374570207696,12
2750109,9.654917134536866,14
2750116,9.860017351907702,7
2750133,9.652618302813643,17
2750135,9.975709727310317,2
2750149,9.681736661839373,14
2750154,9.917232189133532,5
2750164,9.789867421447623,10
2750169,9.927053332544123,5
2750178,9.848144517583924,9
2750184,9.900365146815101,6
2750197,9.726670462036633,13
2750198,10.0,1
2750200,9.975873370341853,2
2750201,10.0,1
2750205,9.944921754730817,4
2750213,9.821006716906473,8
2750218,9.91428876505066,5
2750229,9.753130809713918,11
2750233,9.935558116561422,4
2750237,9.942083248434885,4
2750248,9.782918026209721,11
2750252,9.936393250328495,4
2750264,9.74925851326923,12
2750265,10.0,1
2750280,9.672880276306014,15
2750286,9.894315686866685,6
2750296,9.794763016521005,10
2750303,9.878700764119996,7
2750304,10.0,1
2750322,9.629495161157397,18
2750344,9.603284129560027,22
2750350,9.90812371880279,6
2750365,9.658290754319081,15
2750395,8.971713961528602,30
2750405,9.775735316333085,10
2750418,9.716756002786694,13
2750428,9.791458422941279,10
2750440,9.761747315371936,12
2750443,9.95630138112881,3
2750447,9.955200719523987,4
2750457,9.794138649268959,10
2750469,9.731494306947754,12
2750475,9.897242174799787,6
2750485,9.793601171910167,10
2750506,8.373709582772442,21
2750513,9.857459508242213,7
2750524,9.77739742730653,11
2750532,9.83315737299884,8
2750540,9.873732664666184,8
2750549,9.802015423921688,9
2750560,9.755148528564575,11
2750569,9.842648707049433,9
2750592,9.51827783682985,23
2750601,9.807325304647726,9
2750616,9.713495935503834,15
2750617,9.988250091742362,1
2750626,9.826765562446834,9
2750642,9.645220338923155,16
2750655,9.694143263112664,13
2750668,9.758254618686829,13
2750669,9.992934030919224,1
2750679,9.766751577130474,10
2750688,9.826068439670962,9
2750691,9.957977212059076,3
2750707,9.648549251057918,16
2750712,9.920831221521052,5
2750721,9.831039349706044,9
2750734,9.74127728300644,13
2750735,10.0,1
2750738,9.947208550958317,3
2750756,9.582650312168628,18
2750762,9.90236554303573,6
2750771,9.786587507851973,9
2750775,9.934033910871158,4
2750781,9.881413746699145,6
2750790,9.810154013122354,9
2750799,9.812055317835451,9
2750813,9.674033148637536,14
2750815,9.976352837376336,2
2750820,9.931523559868921,5
2750824,9.926276323341524,4
2750834,9.783619865740171,10
2750838,9.922195282147495,4
2750843,9.930622210250576,5
2750856,9.702814279430243,13
2750860,9.93960624610498,4
2750865,9.918771590982818,5
2750869,9.835063083675749,4
2750874,9.907404313282251,5
2750886,9.757361921593489,12
2750893,9.889292826114778,7
2750897,9.929394819396816,4
2750903,9.894749279020889,6
2750909,9.878814984524286,6
2750920,9.771246447738495,11
2750931,9.76589894589763,11
2750939,9.836910071938213,8
2750942,9.957438380015525,3
2750953,9.760545189037925,11
2750966,9.70902183282087,13
2750973,9.888029467581921,7
2750987,9.691773872234062,14
2750991,9.939497844660226,4
2750999,9.849969968500945,8
2751005,9.88305398914887,6
2751014,9.803224980371695,9
2751020,9.881978354421967,6
2751033,9.691540243248841,13
2751044,9.757824507988959,11
2751054,9.769701907908422,10
2751066,9.710256852704662,12
2751077,9.749292460406357,11
2751096,9.627942226622924,19
2751104,9.825823962081595,8
2751115,9.761508260918285,11
2751116,10.0,1
2751120,9.932048016474514,4
2751133,9.712317877750504,13
2751134,10.0,1
2751146,9.749332428111988,12
2751158,9.74598404473278,12
2751159,10.0,1
2751177,9.611823891590944,18
2751187,9.840669770388057,10
2751198,9.764373938806683,11
2751211,9.57850995871295,13
2751248,9.080976199042647,37
2751249,10.0,1
2751261,9.739094478009347,12
2751273,9.764129517756574,12
2751280,9.875480276642671,7
2751289,9.814260807146624,9
2751296,9.879664981683012,7
2751306,9.825320722942678,10
2751312,9.879746262769146,6
2751318,9.896210320500762,6
2751319,10.0,1
2751326,9.881619603509359,7
2751330,9.957299446683058,4
2751340,9.775335774477968,10
2751351,9.756117127438909,11
2751363,9.707620928982509,12
2751375,9.733754641302852,12
2751390,9.690086603444177,15
2751399,9.75488312548653,9
2751403,9.940299453564544,4
2751411,9.857362395812261,8
2751421,9.827185342108235,10
2751432,9.776463796216834,11
2751452,9.556003027280964,20
2751457,9.924175234162375,5
2751467,9.805524493080418,10
2751468,10.0,1
2751474,9.881961941732637,6
2751487,9.735406378772897,13
2751501,9.710721318983403,14
2751503,9.973563005848256,2
2751507,9.933476559054954,4
2751515,9.842182278947629,8
2751526,9.789024211793247,11
2751531,9.912088098892184,5
2751537,9.895713499863563,6
2751549,9.731635146119322,12
2751552,9.958801354595801,3
2751561,9.82070852931762,9
2751577,9.601268387166588,16
2751590,9.713360644353237,13
2751594,9.944379607897586,4
2751614,9.583812802420711,20
2751623,9.83565226234318,9
2751628,9.918406213755743,5
2751639,9.787936242553963,11
2751653,9.692163570708109,14
2751667,9.698660528710457,14
2751678,9.790884078225524,11
2751682,9.936525250534082,4
2751686,9.944254730044031,4
2751692,9.886078138225553,6
2751701,9.841597678676683,9
2751716,9.541485826346038,15
2751729,9.71772623618145,13
2751744,9.757588591154885,15
2751756,9.733802782981817,12
2751765,9.816548193484026,9
2751773,9.84620969187818,8
2751785,9.737138114053128,12
2751795,9.79799810401644,10
2751804,9.801800977513025,9
2751805,10.0,1
2751813,9.846043290546199,8
2751830,9.551881743210421,17
2751836,9.886291986371136,6
2751845,9.841298970324836,9
2751852,9.866653453727242,7
2751865,9.694125904121098,13
2751874,9.79359723605637,9
2751890,9.6464413494441,16
2751899,9.82900130755774,9
2751908,9.627765959993706,9
2751915,9.881021661706118,7
2751923,9.835021364553157,8
2751930,9.851975060449943,7
2751942,9.724089309216936,12
2751944,9.970013093152332,2
2751951,9.859837122029246,7
2751953,9.984106478461717,2
2751966,9.72355005410776,13
2751974,9.847377934226385,8
2751979,9.918136229674987,5
2751984,9.912446485743144,5
2751995,9.762842889602318,11
2752005,9.814429209176428,10
2752009,9.938975258024557,4
2752020,9.53787036668387,11
2752023,9.944229383323423,3
2752036,9.48262399179773,13
2752046,9.80922805492436,10
2752051,9.919232334218227,5
2752060,9.822203935913143,9
2752069,9.832963729470581,9
2752079,9.795301922269493,10
2752089,9.802679297508766,10
2752098,9.816675603091019,9
2752099,10.0,1
2752103,9.946136003687949,4
2752120,9.616356369265757,17
2752135,9.67899966464967,15
2752144,9.817477483210327,9
2752153,9.798191770053482,9
2752162,9.810163902662229,9
2752171,9.85460286741841,9
2752183,9.745948070360615,12
2752195,9.720371559939883,12
2752199,9.943695606337066,4
2752203,9.946674809789119,4
2752206,9.947448687495543,3
2752210,9.93376621702225,4
2752220,9.802425669666375,10
2752237,9.659211137879515,17
2752245,9.82916397314612,8
2752256,9.750008755146323,11
2752257,10.0,1
2752262,9.923818373626727,5
2752263,9.988382388759263,1
2752264,10.0,1
2752275,9.776528557765687,11
2752284,9.809032037127343,9
2752293,9.80194609251337,9
2752305,9.733366961325025,12
2752340,9.204064865160113,35
2752348,9.847931586044641,8
2752354,9.88929752896708,6
2752358,9.73335591344596,4
2752359,10.0,1
2752365,9.887182055945162,6
2752371,9.887825314472446,6
2752376,9.916792652368876,5
2752379,9.956874995968814,3
2752387,9.843929788033986,8
2752400,9.684258797941489,13
2752403,9.958891744376476,3
2752406,9.961707360014735,3
2752416,9.801027132432644,10
2752420,9.955686471571006,4
2752429,9.839551273560776,9
2752433,9.94792787096933,4
2752441,9.839465409695393,8
2752451,9.788581542408663,10
2752470,9.588959001425545,19
2752478,9.851718994905324,8
2752479,10.0,1
2752486,9.875760853760536,7
2752491,9.9153773065318,5
2752498,9.877476197756339,7
2752506,9.851259577191644,8
2752517,9.774434706351386,11
2752520,9.968981573872005,3
2752531,9.757888920710451,11
2752546,9.664829682689927,15
2752547,9.996744063709508,1
2752548,10.0,1
2752554,9.91901202758692,6
2752566,9.735800870468797,12
2752577,9.775087605098522,11
2752580,9.968821607889957,3
2752592,9.661895982524966,12
2752607,9.657823707852376,15
2752616,9.834638890462262,9
2752624,9.860868459231956,8
2752688,8.90357367745223,64
2752700,9.706332066119806,12
2752707,9.897022711762622,7
2752714,9.870128720367072,7
2752725,9.759276747402447,11
2752731,9.896761855796388,6
2752734,9.967055347721509,3
2752743,9.856034187177313,9
2752754,9.791992339588933,11
2752766,9.746329741158448,12
2752769,9.966978369417582,3
2752774,9.910930240319013,5
2752780,9.804121309984243,6
2752789,9.846704594421334,9
2752798,9.84824181862143,9
2752800,9.98097567259368,2
2752801,10.0,1
2752802,10.0,1
2752813,9.754831886584176,11
2752826,9.699253388877906,13
2752836,9.800481369592154,10
2752846,9.78412225728807,10
2752856,9.767459699012425,10
2752861,9.919431292122919,5
2752869,9.867800809910461,8
2752882,9.6954042034967,13
2752891,9.833989095560588,9
2752901,9.828951704509011,10
2752913,9.722201899342773,12
2752924,9.7468445338112,11
2752933,9.787524740966614,9
2752937,9.943293566481342,4
2752944,9.858807618107326,7
2752949,9.91301514260846,5
2752958,9.788667348330467,9
2752966,9.656179039907615,8
2752972,9.703058169434215,6
2752985,9.698554919426101,13
2752995,9.782083045731474,10
2753003,9.84774359795301,8
2753012,9.82600974130393,9
2753026,9.605078671261454,14
2753040,9.68174748409977,14
2753045,9.8992092390774,5
2753057,9.725270291644676,12
2753077,9.482224663268514,20
2753087,9.783550481670883,10
2753093,9.884319236993205,6
2753102,9.811842201211888,9
2753108,9.898217239145263,6
2753117,9.825494150717468,9
2753125,9.867573104971514,8
2753126,10.0,1
2753134,9.850559792629758,8
2753145,9.765444017941089,11
2753158,9.745727477070641,13
2753160,9.984834769205888,2
2753170,9.79669903793942,10
2753179,9.813659114579384,9
2753191,9.747362040959326,12
2753200,9.799139164276182,9
2753205,9.925688183347965,5
2753213,9.851826217455645,8
2753217,9.936143403910904,4
2753228,9.76205974762887,11
2753233,9.92059600705732,5
2753254,9.43377570956564,21
2753264,9.807254331706341,10
2753267,9.966271910785178,3
2753268,10.0,1
2753287,9.549219898753007,19
2753300,9.724824589336176,13
2753306,9.907084892539173,6
2753318,9.747902532633072,12
2753324,9.907782257931723,6
2753330,9.899641044196338,6
2753338,9.861882681213132,8
2753341,9.752859560166247,3
2753345,9.72098908111147,4
2753352,9.881115999414328,7
2753359,9.87694660126032,7
2753374,9.67904366821468,15
2753385,9.774138550048143,11
2753391,9.886946176681123,6
2753399,9.849904836363917,8
2753410,9.760213429888617,11
2753420,9.772102052416441,10
2753432,9.7196853101776,12
2753443,9.763472525559637,11
2753444,10.0,1
2753455,9.751899990525771,11
2753476,9.590595514623143,21
2753482,9.89917677786236,6
2753488,9.915712094627265,6
2753502,9.740435890997244,14
2753507,9.928278815960313,5
2753513,9.903229351605741,6
2753522,9.823163496840495,9
2753524,9.967429198186341,2
2753537,9.741294223265164,13
2753551,9.646292593446011,14
2753559,9.851589058852579,8
2753565,9.913873241406725,6
2753569,9.938063694976467,4
2753573,9.954107545178688,4
2753583,9.822480969419816,10
2753590,9.874369087361927,7
2753594,9.934209708915406,4
2753608,9.651627238157554,14
2753610,9.984543161319678,2
2753611,10.0,1
2753618,9.871494050339187,7
2753630,9.754710195260989,12
2753640,9.796257553244239,10
2753648,9.845196493928254,8
2753661,9.717432514894142,13
2753663,9.975312423144018,2
2753664,10.0,1
2753670,9.8823915583464,6
2753673,9.954175979415677,3
2753683,9.79393474581019,10
2753684,9.989736625328428,1
2753693,9.806859654272222,9
2753696,9.95391412278753,3
2753697,10.0,1
2753702,9.906133369143266,5
2753712,9.79479551290537,10
2753723,9.756018717075397,11
2753730,9.883151127147126,7
2753746,9.655744064865685,16
2753753,9.873196218775407,7
2753757,9.94143678293002,4
2753774,9.636187004261883,17
2753786,9.71249769199629,12
2753797,9.7923987394033,11
2753815,9.569812299884482,18
2753829,9.725956252335621,14
2753843,9.700811293378303,14
2753855,9.748582944353416,12
2753869,9.698783963984663,14
2753880,9.747705432568043,11
2753890,9.465881024913912,10
2753893,9.952404050151191,3
2753907,9.72028819085468,14
2753920,9.765298760516565,13
2753926,9.900325620690186,6
2753929,9.95723852694493,3
2753932,9.971700624198231,3
2753939,9.869549248984965,7
2753946,9.880948587307087,7
2753949,9.957439115874315,3
2753950,10.0,1
2753955,9.918944420852576,5
2753963,9.857248128521647,8
2753974,9.766338654360126,11
2753987,9.69146900998178,13
2753992,9.919865935361587,5
2753997,9.934662737645866,5
2754001,9.950640690443693,4
2754010,9.824827167334712,9
2754015,9.933740278411005,5
2754024,9.847043143080832,9
2754028,9.939953702178483,4
2754041,9.725634227797265,13
2754051,9.769717450673532,10
2754063,9.757543081888745,12
2754067,9.93364781304869,4
2754076,9.836798848793995,9
2754087,9.788386289763531,11
2754093,9.8806739055586,6
2754106,9.689005316495992,13
2754112,9.897670240075323,6
2754129,9.60381672238084,17
2754139,9.787749017573287,10
2754146,9.880893850052882,7
2754158,9.735622786602379,12
2754166,9.85503487511699,8
2754176,9.822157351119511,10
2754184,9.862074829786822,8
2754191,9.866730174264063,7
2754193,9.978890786524042,2
2754195,9.966451498487407,2
2754203,9.837319728857425,8
2754214,9.772595547098847,11
2754227,9.750598979201966,13
2754233,9.900260346670185,6
2754234,10.0,1
2754239,9.917674602078698,5
2754240,10.0,1
2754248,9.843786829245278,8
2754251,9.959970311292354,3
2754252,10.0,1
2754267,9.645272285275647,15
2754275,9.88514133397192,8
2754285,9.781867215362764,10
2754297,9.741142954536627,12
2754299,9.977949264171523,2
2754300,10.0,1
2754307,9.859000393510202,7
2754312,9.931530008659315,5
2754320,9.549608865799328,8
2754332,9.761833719966708,12
2754345,9.717747665299498,13
2754352,9.874164453364175,7
2754363,9.766201244774715,11
2754371,9.859446623586248,8
2754379,9.867802390856696,8
2754396,9.657719359220826,17
2754409,9.70067021418872,13
2754423,9.69517147885119,14
2754431,9.889173439566234,8
2754435,9.95260692276616,4
2754439,9.952811482256003,4
2754442,9.960310778630896,3
2754443,10.0,1
2754445,9.977406271393463,2
2754446,10.0,1
2754463,9.622597176427762,17
2754476,9.741275691771952,13
2754477,10.0,1
2754488,9.754212816375194,11
2754497,9.849136047555055,9
2754511,9.687148336481025,14
2754521,9.789497642287953,10
2754529,9.829045362762157,8
2754542,9.714251288546867,13
2754546,9.944780279289569,4
2754556,9.839770092089704,10
2754558,9.975487101645355,2
2754559,10.0,1
2754567,9.836980433762276,8
2754574,9.862346388201356,7
2754584,9.809203243282226,10
2754596,9.73491934011941,12
2754604,9.836042199568537,8
2754610,9.882561768613307,6
2754616,9.909578686693445,6
2754621,9.919916832529573,5
2754631,9.798208616382349,10
2754636,9.912041881191142,5
2754646,9.778647541171322,10
2754647,10.0,1
2754648,10.0,1
2754664,9.588407460995137,16
2754677,9.699812918449146,13
2754683,9.9044876692807,6
2754699,9.631264462989149,16
2754704,9.912236606156753,5
2754717,9.738636383285241,13
2754718,10.0,1
2754727,9.836396996083243,9
2754738,9.76590487274924,11
2754745,9.867076919572735,7
2754759,9.709179755162813,14
2754776,9.633095810607822,17
2754789,9.699905276079898,13
2754798,9.805975500429492,9
2754809,9.767490755766532,11
2754821,9.771984185537653,12
2754830,9.807720031235426,9
2754839,9.843041391515229,9
2754853,9.706442024341674,14
2754866,9.726246081466346,13
2754871,9.929201828768923,5
2754881,9.819122590027934,10
2754888,9.877379871770069,7
2754901,9.677260795560017,13
2754905,9.935619504782197,4
2754906,10.0,1
2754914,9.848886355043183,8
2754915,9.99688470367671,1
2754922,9.86868706954185,7
2754927,9.912633150038769,5
2754942,9.678515475507316,15
2754950,9.846579792434742,8
2754959,9.809222282734561,9
2754964,9.924295403939988,5
2754965,10.0,1
2754970,9.905063037732043,5
2754978,9.872451501572032,8
2754988,9.791116737102989,10
2755003,9.668907069888146,15
2755008,9.910409138291312,5
2755017,9.860254641490034,9
2755026,9.825918805882276,9
2755034,9.857043420943924,8
2755040,9.908900148897635,6
2755058,9.606111337183975,18
2755081,9.554569656947447,23
2755093,9.745275189506852,12
2755094,10.0,1
2755105,9.738311880660808,11
2755116,9.768172752787859,11
2755119,9.95573520429832,3
2755129,9.820022580020902,10
2755133,9.949637807767422,4
2755143,9.778350077032066,10
2755159,9.610258588443514,16
2755173,9.662630309683264,14
2755187,9.7106209718819,14
2755194,9.857949882920536,7
2755200,9.906625862981583,6
2755204,9.948631272958693,4
2755216,9.76244352961537,12
2755218,9.97653948551635,2
2755228,9.802270282480967,10
2755241,9.726377454859419,13
2755259,9.573087401665662,18
2755270,9.796557295714543,11
2755273,9.97024589767701,3
2755281,9.836277809852543,8
2755291,9.809657839731008,10
2755300,9.62071170486173,9
2755307,9.877444258049026,7
2755318,9.772177465472307,11
2755322,9.948460616141586,4
2755327,9.920300833613377,5
2755336,9.8295754865036,9
2755348,9.753717261439752,12
2755358,9.799790730184364,10
2755364,9.892767233100901,6
2755365,10.0,1
2755378,9.697556305450426,13
2755379,10.0,1
2755385,9.88270013797616,6
2755397,9.741621589430462,12
2755404,9.867848867546655,7
2755419,9.692953574183337,15
2755428,9.800620505337902,9
2755441,9.740793218243233,13
2755448,9.87018114463401,7
2755452,9.945520693272737,4
2755463,9.7971831631028,11
2755469,9.89945896542309,6
2755477,9.847532317199486,8
2755486,9.83513831317026,9
2755495,9.818307523033729,9
2755507,9.73382146192029,12
2755517,9.79858694090941,10
2755525,9.83093488399839,8
2755537,9.728911690046056,12
2755542,9.919951541998474,5
2755550,9.859289707627985,8
2755557,9.863976441033985,7
2755560,9.954669253227381,3
2755561,10.0,1
2755562,10.0,1
2755570,9.824927021242756,8
2755572,9.985444886618556,2
2755579,9.879829237680658,7
2755596,9.607482727029982,17
2755598,9.979102182903052,2
2755604,9.88815909126858,6
2755613,9.816589687835199,9
2755626,9.74899162296939,13
2755638,9.746180981695131,12
2755650,9.711306668760123,12
2755657,9.884432905908666,7
2755663,9.865198274622461,6
2755664,10.0,1
2755674,9.790311117995817,10
2755683,9.823674486027778,9
2755691,9.832243095488057,8
2755702,9.750626359899288,11
2755711,9.848683219548942,9
2755716,9.90871040558463,5
2755717,9.988294753553948,1
2755732,9.661916146650995,15
2755736,9.940443030963152,4
2755741,9.92933204673921,5
2755743,9.976864321262132,2
2755757,9.706473566816458,14
2755772,9.650177331470543,15
2755784,9.778859111916864,12
2755797,9.630097972248734,13
2755804,9.877350367043118,7
2755815,9.74252557441412,11
2755829,9.67081181516143,14
2755845,9.610871437953561,16
2755856,9.78830470734258,11
2755864,9.862046199837705,8
2755875,9.761331594835113,11
2755876,9.99630087380442,1
2755877,10.0,1
2755879,9.973992552320123,2
2755891,9.73359154021729,12
2755897,9.886266892521606,6
2755909,9.752889606474723,12
2755921,9.745532934837135,12
2755932,9.752702743681867,11
2755945,9.739632484706245,13
2755957,9.716088578591409,12
2755963,9.911894986353671,6
2755966,9.959986446698734,3
2755977,9.78348824818754,11
2755981,9.92545052512259,4
2755988,9.877423394908796,7
2756005,9.618208083463964,17
2756013,9.827740540956635,8
2756016,9.96175350030113,3
2756029,9.717616508501473,13
2756036,9.857992332683626,7
2756042,9.884599572706737,6
2756047,9.917241432436608,5
2756054,9.884688362594769,7
2756062,9.859474404919553,8
2756065,9.967060778955931,3
2756070,9.926180673658521,5
2756076,9.899399615395465,6
2756077,10.0,1
2756083,9.919967996766259,6
2756086,9.96250505929878,3
2756092,9.894429835044104,6
2756102,9.812093698061124,10
2756125,9.631322371884448,23
2756134,9.52894619387227,9
2756149,9.675960642234061,15
2756160,9.784031306159406,11
2756178,9.62992428078762,18
2756179,10.0,1
2756183,9.926260373455095,4
2756191,9.833527380262776,8
2756192,10.0,1
2756200,9.881186890108976,8
2756211,9.749771886443705,11
2756221,9.780504336300067,10
2756224,9.955184574606374,3
2756229,9.931308643639605,5
2756246,9.647261038408411,17
2756254,9.75386606129966,8
2756260,9.872109488737308,6
2756269,9.820286070853863,9
2756275,9.896880689903687,6
2756276,10.0,1
2756282,9.891918568570178,6
2756291,9.8259135256825,9
2756300,9.813309978788467,9
2756306,9.886372312839596,6
2756313,9.87568293425421,7
2756330,9.658200505715763,17
2756332,9.973908493702783,2
2756353,9.608349078397007,21
2756363,9.829577249396044,10
2756374,9.80047861796763,11
2756387,9.706501701510314,13
2756400,9.784083420105036,13
2756409,9.846810271037848,9
2756425,9.646513109104735,16
2756437,9.747329338226915,12
2756450,9.737138056979045,13
2756467,9.655561641062295,17
2756483,9.631083769951221,16
2756490,9.874277771748623,7
2756500,9.774816351529399,10
2756511,9.781043526585558,11
2756519,9.865105263058554,8
2756525,9.890384098843487,6
2756530,9.921692423742945,5
2756531,9.99624841935089,1
2756535,9.937976786062181,4
2756540,9.917944179871625,5
2756548,9.833725695167605,8
2756550,9.978683181448593,2
2756557,9.865019455442635,7
2756560,9.949139781429585,3
2756570,9.691444311545204,10
2756579,9.799500019504245,9
2756585,9.89977505533026,6
2756586,10.0,1
2756587,9.99640576159012,1
2756600,9.707550696190273,13
2756609,9.79522023428177,9
2756621,9.718180351087996,12
2756637,9.669993064911134,16
2756638,10.0,1
2756654,9.620135144210371,16
2756660,9.874633604692791,6
2756664,9.935856659857121,4
2756665,10.0,1
2756679,9.737374894973986,14
2756680,10.0,1
2756690,9.806523065692994,10
2756704,9.713748076762654,14
2756714,9.806242863976223,10
2756728,9.708155310085868,14
2756738,9.792826920903691,10
2756739,10.0,1
2756749,9.816510877325658,10
2756761,9.743756032700665,12
2756768,9.865384138081648,7
2756770,9.982421309459971,2
2756780,9.82767860984643,10
2756790,9.771822275840993,10
2756802,9.747139564894395,12
2756821,9.549888777750919,19
2756830,9.823106126822804,9
2756836,9.905712189279207,6
2756844,9.82349885802523,8
2756855,9.619033980028368,11
2756871,9.597703044305991,16
2756876,9.927924824941245,5
2756877,10.0,1
2756887,9.777677204710074,10
2756903,9.63970569536321,16
2756914,9.75979589900028,11
2756924,9.803748265766565,10
2756931,9.892014139482173,7
2756939,9.855243934328268,8
2756940,10.0,1
2756953,9.739426454131232,13
2756961,9.836308488677778,8
2756973,9.730967985682414,12
2756982,9.814935112050497,9
2756990,9.843637581558681,8
2756995,9.927143931297419,5
2757001,9.911793770440527,6
2757009,9.78074110429442,8
2757023,9.686848549737054,14
2757028,9.933299273225419,5
2757039,9.762889074564965,11
2757048,9.82464486054966,9
2757058,9.780241449072838,10
2757067,9.819461849501634,9
2757074,9.849821318517394,7
2757081,9.849909513349346,7
2757088,9.873242145279045,7
2757101,9.73604484163173,13
2757116,9.661331665982146,15
2757128,9.727449318311526,12
2757140,9.731852308173352,12
2757151,9.808681684975756,11
2757161,9.782602597464987,10
2757170,9.82183725004305,9
2757174,9.948525416557347,4
2757177,9.966761114272487,3
2757184,9.88449691793149,7
2757189,9.92569636059252,5
2757190,10.0,1
2757196,9.876420441275126,6
2757212,9.61027401043204,16
2757218,9.897088343124247,6
2757224,9.903641290100126,6
2757230,9.89771143581705,6
2757235,9.90527136875742,5
2757241,9.882408439896519,6
2757249,9.847613939326338,8
2757265,9.641226552051686,16
2757279,9.700019117276241,14
2757289,9.776027668655798,10
2757297,9.83348951486171,8
2757328,8.373739675629505,31
2757345,9.64817394656539,17
2757351,9.88279170483433,6
2757355,9.930495376491976,4
2757362,9.868262181877196,7
2757363,9.996412230942985,1
2757368,9.919937543277964,5
2757375,9.856282381879456,7
2757383,9.8355798769214,8
2757399,9.511799975808664,16
2757414,9.711370712217136,15
2757419,9.914438589833232,5
2757434,9.682106351455534,15
2757447,9.729523322171673,13
2757452,9.914605664985007,5
2757459,9.880092539967752,7
2757469,9.786930048486209,10
2757473,9.944808957970402,4
2757479,9.90007378871497,6
2757482,9.954197123550978,3
2757493,9.758172241371915,11
2757500,9.864375299658931,7
2757512,9.544395471060053,12
2757513,9.99631642460161,1
2757515,9.980827208542156,2
2757521,9.900876319545874,6
2757527,9.907285100514166,6
2757544,9.593158969947366,17
2757564,9.147139802810731,20
2757569,9.910965925419298,5
2757576,9.878469471052782,7
2757584,9.845358454057537,8
2757592,9.854282782310872,8
2757610,9.590057724172027,18
2757622,9.796261159146644,12
2757627,9.910252187071247,5
2757628,10.0,1
2757630,9.9725267235174,2
2757643,9.732697106927102,13
2757654,9.284569589561123,11
2757665,9.766082982132888,11
2757672,9.86750700158236,7
2757686,9.694196564308061,14
2757699,9.755565050549782,13
2757712,9.751581090375172,13
2757726,9.689405559072982,14
2757743,9.629707898175225,17
2757744,10.0,1
2757754,9.774521423861698,10
2757766,9.725783833474853,12
2757772,9.909722534370523,6
2757792,9.535812843148808,20
2757798,9.894960373557788,6
2757812,9.713342466989344,14
2757813,10.0,1
2757830,9.602952289953429,17
2757844,9.68905691699584,14
2757853,9.810738452591016,9
2757860,9.879807461345841,7
2757861,9.99285225505643,1
2757870,9.811100946694264,9
2757882,9.73801118943919,12
2757891,9.820891930332884,9
2757899,9.829636287759362,8
2757905,9.887936445559014,6
2757912,9.874973430783845,7
2757913,10.0,1
2757928,9.705674959556772,15
2757939,9.77809956110507,11
2757952,9.710373970526538,13
2757966,9.702250780125967,14
2757974,9.866929347579227,8
2757975,10.0,1
2757984,9.794877463026728,9
2757996,9.747189073322378,12
2758009,9.708114041270091,13
2758020,9.770324167185858,11
2758027,9.871301153427593,7
2758036,9.812480597349593,9
2758037,10.0,1
2758043,9.86793686248017,6
2758052,9.640467742199027,9
2758062,9.796956286114746,10
2758070,9.845408574475558,8
2758073,9.95376230627308,3
2758077,9.928514573067385,4
2758082,9.89352823051519,5
2758083,10.0,1
2758094,9.762208352911125,11
2758103,9.81160388799521,9
2758115,9.734549793792128,12
2758117,9.973947242724126,2
2758122,9.902158739923738,5
2758146,9.462192066816986,24
2758154,9.857575790900048,8
2758164,9.782321168039,10
2758165,10.0,1
2758181,9.644191022363868,16
2758187,9.87792649583147,6
2758198,9.772692162469497,11
2758209,9.76093874487198,11
2758215,9.889734351329722,6
2758228,9.615089471052936,13
2758234,9.908241198410908,6
2758243,9.804544642874953,9
2758251,9.632710429267147,8
2758264,9.726357404471202,13
2758276,9.765150994939303,12
2758284,9.867168168002625,8
2758289,9.916823792923243,5
2758297,9.827201560779748,8
2758311,9.658582083164793,14
2758317,9.89860588045235,6
2758318,9.98919648508097,1
2758319,9.993144586971551,1
2758328,9.825932918993235,9
2758342,9.665724884434736,14
2758355,9.712443367281972,13
2758366,9.749320181852902,11
2758378,9.734894703016982,12
2758381,9.955848948183755,3
2758383,9.97400875349792,2
2758389,9.88159128732651,6
2758399,9.781661100459663,10
2758406,9.875651919661928,7
2758422,9.622523562453106,16
2758426,9.933208225184234,4
2758437,9.769699179190118,11
2758443,9.882796615114556,6
2758459,9.6866309299966,16
2758473,9.75911869092686,14
2758474,10.0,1
2758486,9.744346647329909,12
2758494,9.82860556724369,8
2758496,9.984676709734408,2
2758497,10.0,1
2758498,10.0,1
2758510,9.75950701619026,12
2758514,9.937240540137468,4
2758527,9.711895730944635,13
2758540,9.70357930091982,13
2758549,9.814074048014815,9
2758560,9.800978390177368,11
2758561,10.0,1
2758572,9.76190903024326,11
2758580,9.81191117177436,8
2758587,9.872464720573934,7
2758596,9.843579603853899,9
2758612,9.71889669596556,16
2758613,10.0,1
2758646,9.307225112787057,33
2758651,9.920469070616292,5
2758658,9.8754595680698,7
2758666,9.850823470932985,8
2758671,9.913776721294193,5
2758683,9.769029211171453,12
2758692,9.842968551205713,9
2758695,9.971481027900134,3
2758707,9.734360067202095,12
2758718,9.747673327633386,11
2758730,9.732180235874392,12
2758739,9.818884027192455,9
2758743,9.94412297368597,4
2758748,9.914620714165704,5
2758758,9.82174786074385,10
2758764,9.892552421251693,6
2758774,9.839324929570834,10
2758786,9.743969190907247,12
2758790,9.947649755266115,4
2758800,9.814939720392301,10
2758801,10.0,1
2758806,9.909194782941617,5
2758817,9.818330777246718,11
2758822,9.921691259215375,5
2758830,9.846095524254595,8
2758837,9.880839276519886,7
2758838,10.0,1
2758843,9.912127002493177,5
2758850,9.87862598520686,7
2758860,9.823028007153624,10
2758873,9.51462966660104,13
2758874,10.0,1
2758887,9.722214223293838,13
2758894,9.877603022767628,7
2758905,9.764878298302897,11
2758920,9.700694668313558,15
2758929,9.81608764851309,9
2758930,10.0,1
2758938,9.832542884535341,8
2758939,10.0,1
2758944,9.92295463343813,5
2758955,9.77508585786387,11
2758956,10.0,1
2758958,9.980451526948613,2
2758971,9.707347943829925,13
2758978,9.865667125683547,7
2758982,9.93764089708968,4
2758996,9.67439849324835,14
2759013,9.608379960332838,17
2759021,9.832100557871964,8
2759034,9.784159970407341,13
2759048,9.667285294239889,14
2759050,9.968712208088762,2
2759051,10.0,1
2759064,9.725403427483124,13
2759071,9.861844655708985,7
2759095,9.160470458129154,24
2759107,9.723283540747284,12
2759124,9.553808266853299,17
2759135,9.7722492248351,11
2759138,9.95950450856195,3
2759150,9.728891515626794,12
2759157,9.88726680403961,7
2759163,9.901857504915675,6
2759167,9.954553253156943,4
2759175,9.843096618249916,8
2759187,9.767756721077971,12
2759201,9.704426363818499,14
2759211,9.787844208631345,10
2759216,9.92338691914303,5
2759228,9.778647791308096,12
2759232,9.943047350779022,4
2759243,9.740315295086718,11
2759248,9.915165571470203,5
2759256,9.855341541959048,8
2759260,9.93864095193719,4
2759265,9.930037485916944,5
2759270,9.931154889686518,5
2759272,9.978290920699523,2
2759278,9.893679001815766,6
2759284,9.90442372498132,6
2759285,10.0,1
2759290,9.928945254429017,5
2759307,9.62025631673988,17
2759314,9.865373835880371,7
2759320,9.88812726412703,6
2759322,9.973380131593371,2
2759335,9.725241372766268,13
2759347,9.726428950748778,12
2759359,9.737249299894913,12
2759373,9.728223632837318,14
2759378,9.920810603202249,5
2759384,9.924438113683587,6
2759392,9.85168735205945,8
2759400,9.83778483267251,8
2759406,9.904837519385328,6
2759420,9.708749184583631,14
2759426,9.891084275085007,6
2759435,9.842859446142874,9
2759448,9.728655517597868,13
2759459,9.776820590235271,11
2759468,9.818539202786662,9
2759471,9.961054522401394,3
2759486,9.67903978977998,15
2759516,9.446053059995371,30
2759522,9.871368264136878,6
2759532,9.7819526027103,10
2759541,9.807055011655025,9
2759556,9.658180262106653,15
2759570,9.698676488813756,14
2759578,9.853813111403063,8
2759589,9.75860310534197,11
2759596,9.882345776925101,7
2759603,9.893780355402217,7
2759612,9.818664867875968,9
2759613,9.99271528922461,1
2759620,9.883688349192665,7
2759628,9.829779913539706,8
2759638,9.811817653482384,10
2759646,9.818909410466818,8
2759667,9.551979375785287,21
2759676,9.808808023233551,9
2759680,9.928174721273065,4
2759681,9.989384339907426,1
2759687,9.89904310361627,6
2759689,9.982100770555355,2
2759694,9.925542795662384,5
2759702,9.830064377421024,8
2759711,9.843016837090603,9
2759716,9.928146990975135,5
2759733,9.691268119179353,17
2759747,9.701197485880904,14
2759755,9.849403877905909,8
2759763,9.853496856817433,8
2759769,9.885876342521597,6
2759780,9.749588666819045,11
2759795,9.662028481332317,15
2759797,9.976532942040052,2
2759805,9.853062698027996,8
2759817,9.735526952035025,12
2759823,9.882653411528931,6
2759827,9.935424502975781,4
2759833,9.91813589747456,6
2759834,10.0,1
2759847,9.721222540625687,13
2759855,9.843721820251655,8
2759865,9.788427706354886,10
2759879,9.665707127667066,14
2759886,9.855258278599079,7
2759903,9.601610624912496,17
2759909,9.904529859850602,6
2759910,10.0,1
2759922,9.721826285223113,12
2759934,9.746559317086092,12
2759942,9.865100577991631,8
2759952,9.81431861519593,10
2759957,9.916544861895899,5
2759965,9.835935250325353,8
2759980,9.678619546691884,15
2759999,8.659901792797905,19
2760006,9.865464020027714,7
2760011,9.914436110795448,5
2760019,9.846342561810623,8
2760029,9.771984390298053,10
2760030,9.988898331715369,1
2760040,9.776982053847256,10
2760051,9.773270644080197,11
2760055,9.951724087998564,4
2760067,9.747008186879322,12
2760081,9.677337976877238,14
2760085,9.940346404027819,4
2760100,9.644052190658675,15
2760105,9.929653344559913,5
2760115,9.781317619656729,10
2760127,9.73021358188011,12
2760134,9.87092824141415,7
2760148,9.68419694871758,14
2760155,9.874147815590376,7
2760165,9.801017030722749,10
2760170,9.923479011787169,5
2760177,9.88976441597836,7
2760187,9.808129155976511,10
2760195,9.833211280801681,8
2760199,9.945220029510663,4
2760214,9.723243702861811,15
2760219,9.913782932034225,5
2760221,9.982256707241547,2
2760228,9.878998063237418,7
2760240,9.765325117205448,12
2760249,9.830672116062292,9
2760271,9.53539404903068,22
2760287,9.63864386525582,16
2760295,9.851842164918507,8
2760310,9.725391680767313,15
2760326,9.663655671243246,16
2760343,9.586231362461122,17
2760359,9.637437527792672,16
2760368,9.795516501957234,9
2760375,9.88559360014712,7
2760400,9.544367485858265,25
2760405,9.91453988518863,5
2760421,9.614992472384023,16
2760426,9.92877073048332,5
2760435,9.823381175235344,9
2760436,10.0,1
2760456,9.577328007551184,20
2760467,9.744408102618582,11
2760476,9.8357916054765,9
2760480,9.946283626430182,4
2760487,9.870130689028686,7
2760494,9.887394780010597,7
2760495,10.0,1
2760499,9.946981440784233,4
2760510,9.802219383705769,11
2760526,9.62302250423143,16
2760528,9.97953601909631,2
2760538,9.66388830655335,10
2760541,9.958828266269453,3
2760546,9.916136826923628,5
2760550,9.93383484744912,4
2760560,9.795622131993078,10
2760561,10.0,1
2760574,9.709229170479615,13
2760582,9.641347939051192,8
2760590,9.870429834567298,8
2760597,9.86953042487424,7
2760617,9.507077109447085,20
2760623,9.874675212816367,6
2760634,9.769499228630437,11
2760642,9.841113188589311,8
2760648,9.903597437481078,6
2760670,9.469368222737259,22
2760680,9.78933087508906,10
2760682,9.975605196754055,2
2760689,9.889233770118834,7
2760701,9.470860044688933,12
2760713,9.724316946608816,12
2760722,9.847668901280302,9
2760730,9.851960810450796,8
2760731,10.0,1
2760737,9.88661883263976,6
2760749,9.736923609693916,12
2760764,9.74885641494071,15
2760765,10.0,1
2760774,9.805338182339616,9
2760775,9.989738214172062,1
2760795,9.574562005287138,20
2760801,9.898216770598353,6
2760809,9.869435419824423,8
2760810,10.0,1
2760821,9.793124148867646,11
2760830,9.838880765528128,9
2760838,9.842251451708874,8
2760844,9.89097717710986,6
2760855,9.7796921239529,11
2760863,9.838257730111591,8
2760876,9.68619769585822,13
2760877,10.0,1
2760882,9.918529580203677,5
2760891,9.82844919068237,9
2760899,9.860988296218403,8
2760907,9.840588540786406,8
2760918,9.775203355328232,11
2760925,9.849782819465073,7
2760942,9.579152655325869,17
2760947,9.912823532872839,5
2760949,9.979121150473565,2
2760952,9.96306814424894,3
2760959,9.879145664178681,7
2760976,9.614773502128319,17
2760991,9.681746520026218,15
2761002,9.765308917427356,11
2761010,9.853276220001037,8
2761019,9.806609619933075,9
2761024,9.91461357562016,5
2761033,9.82296471332547,9
2761036,9.967729932495681,3
2761048,9.725632010460345,12
2761059,9.757577285504246,11
2761073,9.72005446512575,14
2761077,9.940271611869893,4
2761087,9.788577597985524,10
2761089,9.970440154434927,2
2761098,9.81443183638412,9
2761112,9.72277574672576,14
2761119,9.86833078256656,7
2761122,9.963595601488286,3
2761131,9.809249971235278,9
2761140,9.804666189503674,9
2761154,9.681088724061043,14
2761155,10.0,1
2761163,9.868209349256027,8
2761171,9.846505837938938,8
2761177,9.787748988877278,6
2761195,9.596638498595862,18
2761201,9.911786331455646,6
2761217,9.637026305555052,16
2761228,9.777529129227842,11
2761234,9.901013911292258,6
2761239,9.919054632520481,5
2761245,9.899084544152052,6
2761257,9.724411530615425,12
2761266,9.81850800657912,9
2761274,9.863732751317345,8
2761281,9.879472269562747,7
2761282,10.0,1
2761301,9.53892207346079,19
2761317,9.694725576614603,16
2761318,10.0,1
2761319,10.0,1
2761336,9.595966061984539,17
2761340,9.942427248580753,4
2761347,9.846987928374265,7
2761355,9.84194126389623,8
2761368,9.725009914416546,13
2761375,9.868235259469275,7
2761380,9.902008369531945,5
2761385,9.915037836288128,5
2761393,9.861603192093055,8
2761400,9.871888907403743,7
2761405,9.926913441566379,5
2761413,9.846071634137541,8
2761417,9.936244267951757,4
2761428,9.7560984718547,11
2761432,9.935132735816913,4
2761444,9.740542734355024,12
2761458,9.67594110481528,14
2761471,9.743798745440921,13
2761483,9.745299996397911,12
2761492,9.81799387332243,9
2761497,9.905192074483502,5
2761512,9.531671695035854,15
2761517,9.921749306228962,5
2761518,10.0,1
2761533,9.565471959050422,15
2761539,9.87352986473026,6
2761556,9.604341113929717,17
2761560,9.945316275755028,4
2761581,9.572334460589527,21
2761583,9.979877797479514,2
2761588,9.919582721701385,5
2761595,9.867242239088894,7
2761605,9.786630582072451,10
2761616,9.776943363304518,11
2761620,9.946847543117537,4
2761629,9.835948595855172,9
2761630,10.0,1
2761637,9.872672820356563,7
2761653,9.638472549982918,16
2761663,9.801026417774656,10
2761674,9.769841792150352,11
2761675,10.0,1
2761683,9.86145885645019,8
2761688,9.915547908278064,5
2761699,9.765984293501736,11
2761722,9.45146310015491,23
2761731,9.803174215227166,9
2761747,9.725903974488807,16
2761762,9.639640919866128,15
2761770,9.835421184689725,8
2761779,9.804260965038475,9
2761785,9.901609422018765,6
2761793,9.85114452510966,8
2761795,9.98450606977024,2
2761806,9.75625636639692,11
2761809,9.948753800488278,3
2761811,9.97985485715571,2
2761825,9.711637984359676,14
2761833,9.857025741734962,8
2761842,9.838711026121947,9
2761853,9.775267399617608,11
2761870,9.594935834118795,17
2761882,9.562456517149334,12
2761888,9.886485957857216,6
2761897,9.801742975013314,9
2761900,9.955636993077766,3
2761909,9.83969392227114,9
2761917,9.844486440999185,8
2761925,9.82274891776912,8
2761932,9.866036627715626,7
2761941,9.809449233439757,9
2761954,9.717478569206982,13
2761974,9.497995265415872,20
2761975,10.0,1
2761985,9.832214651470148,10
2761986,10.0,1
2761995,9.841973301024321,9
2762009,9.693604769169564,14
2762015,9.904509682752966,6
2762016,10.0,1
2762017,10.0,1
2762029,9.745591228764178,12
2762037,9.844434959717798,8
2762038,10.0,1
2762050,9.754122007573615,12
2762056,9.895486945014582,6
2762060,9.94584303227802,4
2762089,8.541523898590787,29
2762099,9.77604492330668,10
2762111,9.732589470859091,12
2762120,9.839699630384528,9
2762135,9.5519806746005,15
2762137,9.974405350773893,2
2762150,9.705653275710258,13
2762167,9.685729092999386,17
2762182,9.748116892153739,15
2762189,9.861585477083802,7
2762191,9.97968936413037,2
2762192,10.0,1
2762194,9.973091693530394,2
2762198,9.94898761274971,4
2762199,10.0,1
2762207,9.850394460236808,8
2762208,10.0,1
2762216,9.849243260820314,8
2762231,9.701018406773995,15
2762234,9.956870316573946,3
2762237,9.960407524539983,3
2762244,9.895004844589034,7
2762258,9.488608716258897,14
2762269,9.727270687618653,11
2762277,9.874006094986347,8
2762281,9.919046123486206,4
2762286,9.92982978053213,5
2762298,9.719112651515315,12
2762309,9.746904885337358,11
2762315,9.880058991831067,6
2762328,9.733958637049454,13
2762342,9.637876643711522,14
2762348,9.870628096462243,6
2762359,9.760721615688118,11
2762364,9.925880790158462,5
2762375,9.773550241347051,11
2762387,9.750942790967274,12
2762397,9.796756809007578,10
2762408,9.782637826881356,11
2762444,9.136410792510972,36
2762468,9.420919310660992,24
2762482,9.663997906327857,14
2762487,9.914988924280186,5
2762495,9.859729860933014,8
2762507,9.753993823752168,12
2762514,9.863170341828118,7
2762517,9.956725282562218,3
2762526,9.807313555173849,9
2762534,9.838861903428306,8
2762548,9.46934092961568,14
2762554,9.903760694318347,6
2762562,9.874014155613063,8
2762580,9.660968744284055,18
2762589,9.814008627564286,9
2762601,9.733190443806013,12
2762607,9.87778361706637,6
2762612,9.63619300902502,5
2762627,9.656244270891351,15
2762631,9.95474297257653,4
2762639,9.85321309198117,8
2762651,9.760799410627325,12
2762657,9.893749488823234,6
2762665,9.854679887138403,8
2762668,9.959537083555775,3
2762676,9.860942479654756,8
2762677,10.0,1
2762686,9.819633177695843,9
2762694,9.840816541446145,8
2762709,9.668902483304732,15
2762714,9.92244712360696,5
2762722,9.841494606823444,8
2762732,9.787102939884715,10
2762743,9.767209730808167,11
2762748,9.926317741060624,5
2762758,9.800675232556308,10
2762767,9.840528755351027,9
2762779,9.784804949655472,12
2762785,9.886650195953898,6
2762794,9.82943155694925,9
2762805,9.753330448423199,11
2762817,9.74285686277388,12
2762826,9.82306578886164,9
2762838,9.733111566653207,12
2762839,10.0,1
2762848,9.813805417570281,9
2762849,10.0,1
2762851,9.98510161811086,2
2762865,9.724548918486992,14
2762870,9.9244442679431,5
2762880,9.786133583169274,10
2762890,9.830575308443661,10
2762895,9.925031030549185,5
2762901,9.894724676400257,6
2762910,9.841849285182683,9
2762915,9.905342019948035,5
2762927,9.746139116143826,12
2762941,9.681335148362422,14
2762969,9.455539526426323,28
2762978,9.828617475654186,9
2762986,9.83914180898203,8
2762995,9.813787045584332,9
2762999,9.939168000926061,4
2763009,9.792268976564854,10
2763025,9.678848692398258,16
2763035,9.768399557231877,10
2763045,9.819605199745526,10
2763052,9.885090534939241,7
2763053,10.0,1
2763060,9.883146144741163,7
2763072,9.71748399129968,12
2763073,9.989426909997972,1
2763081,9.848464635144818,8
2763093,9.727113020865671,12
2763110,9.591010724222738,17
2763123,9.713682380558613,13
2763134,9.766713492528476,11
2763139,9.932526893669962,5
2763144,9.915095321162573,5
2763155,9.771699904273152,11
2763166,9.762948026476215,11
2763178,9.747770001024957,12
2763185,9.873230596426591,7
2763198,9.755201041628483,13
2763210,9.779068155109503,12
2763224,9.725117322659555,14
2763236,9.645454908069267,12
2763242,9.904057612209703,6
2763249,9.887008856798703,7
2763255,9.886034527931548,6
2763257,9.974421590350483,2
2763259,9.976755693003655,2
2763276,9.600521364252359,17
2763287,9.751610706405671,11
2763296,9.707096130129477,9
2763304,9.858453959660883,8
2763313,9.841890776538563,9
2763322,9.835748608181571,9
2763330,9.853886556904765,8
2763338,9.842547336236777,8
2763339,10.0,1
2763343,9.946942175267443,4
2763356,9.737484512464016,13
2763369,9.714470511571832,13
2763375,9.88691890656505,6
2763376,9.992947277434276,1
2763383,9.888513932819846,7
2763393,9.778174358550636,10
2763401,9.843006216377495,8
2763409,9.82456686211259,8
2763411,9.97712068431927,2
2763420,9.817277883329611,9
2763429,9.839742865228647,9
2763430,10.0,1
2763435,9.909901947033973,5
2763440,9.905967835853836,5
2763453,9.699419585547666,13
2763462,9.817491690180876,9
2763470,9.852277791302349,8
2763476,9.909123873813309,6
2763487,9.762147537451511,11
2763495,9.824192149018305,8
2763503,9.82418173482756,8
2763508,9.911565077572039,5
2763524,9.669989857866515,16
2763533,9.804609892879698,9
2763540,9.847525624042802,7
2763550,9.81098485162953,10
2763558,9.851759804053598,8
2763562,9.955604439214502,4
2763576,9.699549129061781,14
2763590,9.73217806860805,14
2763602,9.73405762361548,12
2763607,9.906460965748742,5
2763618,9.807274438163752,11
2763630,9.735281879338,12
2763641,9.745952306276846,11
2763653,9.784821496488966,12
2763657,9.938788793021148,4
2763663,9.867357823308874,6
2763672,9.830417676099175,9
2763676,9.943340711548393,4
2763678,9.98300846516141,2
2763687,9.836485248736384,9
2763693,9.87820986833143,6
2763696,9.95631212650643,3
2763697,10.0,1
2763702,9.926856069678799,5
2763711,9.814222700659137,9
2763725,9.706730447702515,14
2763730,9.908006056583082,5
2763731,10.0,1
2763740,9.823564929551994,9
2763745,9.916588247526079,5
2763750,9.801919565610676,5
2763753,9.963974801353833,3
2763764,9.764101605770177,11
2763777,9.734016334435545,13
2763778,10.0,1
2763789,9.757366973374795,11
2763799,9.798910683955064,10
2763802,9.957828160961075,3
2763815,9.692581892883677,13
2763818,9.953115634716442,3
2763821,9.957440430185558,3
2763847,9.400283757478746,26
2763854,9.873896812719616,7
2763862,9.875618884037292,8
2763873,9.7879864396532,11
2763883,9.809406104450536,10
2763884,10.0,1
2763892,9.862049774713897,8
2763893,10.0,1
2763897,9.957785210225902,4
2763902,9.912105649467838,5
2763910,9.849649260919417,8
2763911,10.0,1
2763919,9.82513507064311,8
2763926,9.86868872230223,7
2763934,9.867474608825242,8
2763946,9.766623859920916,12
2763952,9.897652142165391,6
2763956,9.943850757812289,4
2763963,9.851541178189459,7
2763971,9.847428969800388,8
2763976,9.904998403835485,5
2763977,10.0,1
2763985,9.827980791297643,8
2764005,9.582053548107687,20
2764016,9.746152008470272,11
2764022,9.898849111071733,6
2764030,9.848883615796634,8
2764043,9.752355814561705,13
2764052,9.843660520878384,9
2764063,9.758597120875242,11
2764064,9.99205639604369,1
2764075,9.738322108816597,11
2764090,9.698767863104543,15
2764091,9.989393252562676,1
2764110,9.537098935804828,19
2764122,9.717368551793811,12
2764127,9.919349267054907,5
2764136,9.81668806012925,9
2764142,9.875929071143979,6
2764143,9.993236454179423,1
2764149,9.8790114758579,6
2764162,9.716646971734137,13
2764167,9.919201428454478,5
2764172,9.91016182207198,5
2764180,9.856840969611193,8
2764181,10.0,1
2764190,9.81632672281617,9
2764204,9.664383544846846,14
2764206,9.982943469614499,2
2764213,9.858351717657085,7
2764219,9.891423200654593,6
2764220,9.99337764165464,1
2764226,9.89553470089178,6
2764242,9.63071959818789,16
2764253,9.774643403042761,11
2764255,9.98622841402565,2
2764275,9.473009449943529,20
2764284,9.823102351592404,9
2764291,9.862726724151237,7
2764300,9.820193046871491,9
2764306,9.898081918763742,6
2764309,9.95280490929474,3
2764318,9.801235027521264,9
2764319,9.989408975336953,1
2764330,9.759558522743397,11
2764339,9.822891716230744,9
2764349,9.795119705739157,10
2764377,9.290911666720199,28
2764386,9.825161899828348,9
2764394,9.85714159131064,8
2764403,9.82393992420453,9
2764413,9.81176079564795,10
2764422,9.832581531456949,9
2764435,9.693721625262006,13
2764443,9.851444864712729,8
2764453,9.822887632359523,10
2764460,9.869910339649575,7
2764468,9.835598115293088,8
2764472,9.93103572835397,4
2764486,9.679339137962538,14
2764494,9.806801525289238,8
2764510,9.677555373059095,16
2764520,9.81724575875621,10
2764529,9.79219716205941,9
2764534,9.918373164107193,5
2764549,9.76077685413193,15
2764556,9.859193263306324,7
2764565,9.817766263836155,9
2764577,9.74879354947718,12
2764584,9.87485593915769,7
2764605,9.543138554900706,21
2764621,9.694564364018799,16
2764631,9.7765929421473,10
2764643,9.73756753159711,12
2764650,9.867812248471477,7
2764653,9.970435631073393,3
2764673,9.552256400376532,20
2764679,9.91122358808056,6
2764688,9.816886822474654,9
2764695,9.868470044763846,7
2764696,10.0,1
2764700,9.947905507123444,4
2764702,9.972271106727126,2
2764703,10.0,1
2764719,9.634443548283686,16
2764727,9.854850675963917,8
2764739,9.520249177379162,12
2764751,9.761379170700904,12
2764762,9.78613693148714,11
2764776,9.679886284073177,14
2764777,10.0,1
2764789,9.729242900386383,12
2764801,9.732217533897169,12
2764817,9.623908994779688,16
2764818,10.0,1
2764828,9.821744485141721,10
2764835,9.873612541743249,7
2764844,9.878722255086158,9
2764854,9.832420037429118,10
2764871,9.594679147663296,17
2764883,9.762886309223436,12
2764884,9.992569965657783,1
2764895,9.752716950957621,11
2764896,10.0,1
2764907,9.754271436310091,11
2764916,9.799125211331821,9
2764924,9.853916110306914,8
2764933,9.828008567533093,9
2764951,9.534030875412057,18
2764954,9.970193981355587,3
2764962,9.830031285978471,8
2764976,9.677630984341743,14
2764987,9.781612531784802,11
2764999,9.782246085663827,12
2765017,9.585267415601127,18
2765025,9.863563010431697,8
2765037,9.708460659442304,12
2765047,9.789595350695292,10
2765048,10.0,1
2765052,9.93288286042427,4
2765059,9.892511635976351,7
2765063,9.944905858562572,4
2765072,9.814273248133658,9
2765089,9.633840232277924,17
2765101,9.756834062208473,12
2765111,9.805964009304514,10
2765112,10.0,1
2765117,9.902745558199204,5
2765121,9.929803948042563,4
2765134,9.743431416680593,13
2765135,10.0,1
2765146,9.78385121131488,11
2765154,9.848700243844158,8
2765155,10.0,1
2765166,9.739489594812687,11
2765178,9.735137660457326,12
2765196,9.615410751958773,18
2765211,9.661003372244455,15
2765212,10.0,1
2765213,10.0,1
2765214,10.0,1
2765226,9.741559784660588,12
2765236,9.819373876200476,10
2765245,9.816645615730133,9
2765250,9.922960315243934,5
2765261,9.757742929613638,11
2765271,9.792232193454433,10
2765282,9.747497604799772,11
2765288,9.902639853118751,6
2765301,9.717761154729468,13
2765302,9.988370550912467,1
2765309,9.900447251997193,7
2765314,9.916617126961883,5
2765326,9.7182382322132,12
2765338,9.744038997471355,12
2765342,9.947185749531153,4
2765351,9.827995615395963,9
2765372,9.512045160972422,21
2765380,9.838337978198803,8
2765385,9.934541982789264,5
2765395,9.808075389638534,10
2765417,9.552831815668318,22
2765425,9.89247110189014,8
2765431,9.873737910905291,6
2765449,9.565902166209257,18
2765465,9.477864734811995,16
2765473,9.842110871537384,8
2765474,10.0,1
2765484,9.779402571200041,10
2765493,9.809104214719367,9
2765506,9.725637840163358,13
2765527,9.522745876154577,21
2765537,9.777212415270974,10
2765546,9.82911538347329,9
2765553,9.879573546365243,7
2765563,9.839004661343917,10
2765576,9.732034288422378,13
2765590,9.7011942052147,14
2765598,9.841308325634335,8
2765610,9.733942933586682,12
2765611,10.0,1
2765615,9.947049180986957,4
2765623,9.880595699043425,8
2765624,10.0,1
2765638,9.68226191557737,14
2765646,9.825518871310436,8
2765659,9.70638002936169,13
2765671,9.713052114117398,12
2765680,9.825669592899922,9
2765699,9.618419246766367,19
2765709,9.786500600271571,10
2765714,9.908140169426328,5
2765726,9.565427881619634,12
2765741,9.644108200809649,15
2765750,9.830823709231161,9
2765764,9.669345585751632,14
2765766,9.981239861633188,2
2765782,9.64165338068488,16
2765797,9.732378372383733,15
2765817,9.604681456541968,20
2765832,9.641199174082292,15
2765843,9.830245242976524,11
2765850,9.872560201758317,7
2765852,9.970345481742036,2
2765861,9.81249129768517,9
2765871,9.804186450716392,10
2765876,9.724092692392144,5
2765892,9.605922646159643,16
2765896,9.94031317716574,4
2765904,9.849941426076727,8
2765905,10.0,1
2765912,9.906542248677631,7
2765924,9.793310657227053,12
2765930,9.880982498828594,6
2765946,9.619547925730624,16
2765958,9.737185343744265,12
2765963,9.93929383353515,5
2765969,9.90292503661665,6
2765979,9.827555632998072,10
2765980,10.0,1
2765984,9.941295760168044,4
2765991,9.861276209196724,7
2766002,9.767382393726175,11
2766016,9.725750406768908,14
2766022,9.879203626939685,6
2766026,9.938120333671806,4
2766029,9.968064318564398,3
2766041,9.763987790945126,12
2766051,9.844998276492666,10
2766055,9.940241131700121,4
2766070,9.651407561390913,15
2766078,9.861788304687158,8
2766079,10.0,1
2766090,9.762024002189866,11
2766104,9.695096925157657,14
2766108,9.935369461280361,4
2766117,9.81804390442422,9
2766118,10.0,1
2766136,9.671048861392421,18
2766152,9.659014199800206,16
2766163,9.784732743955816,11
2766663,-31.89501231153572,500
2766673,9.668740294239164,10
2766682,9.862005974214172,9
2766683,9.989055339153637,1
2766696,9.800995933372024,13
2766705,9.842936946821592,9
2766714,9.83760775695488,9
2766718,9.954938442473527,4
2766731,9.71300053460278,13
2766741,9.782919226374254,10
2766744,9.954958859874788,3
2766749,9.923558719225886,5
2766755,9.876586766318782,6
2766760,9.911646186909094,5
2766780,9.507093945869872,20
2766791,9.811074518817898,11
2766801,9.811288694152397,10
2766808,9.888970215486507,7
2766816,9.8318766938583,8
2766822,9.915812955919986,6
2766830,9.84658095219583,8
2766839,9.81231824580998,9
2766854,9.582232035956427,15
2766866,9.72946716249126,12
2766875,9.833640227136323,9
2766885,9.782574514160448,10
2766890,9.921098689446456,5
2766896,9.895690862096465,6
2766903,9.862220826124231,7
2766907,9.933151777132279,4
2766913,9.913487572795551,6
2766921,9.879404200892774,8
2766935,9.68144784528429,14
2766949,9.771214844205856,14
2766954,9.923810154579765,5
2766960,9.894502627558039,6
2766968,9.846285398374775,8
2766979,9.788081121699818,11
2766999,8.930441715250446,20
2767002,9.947373147693185,3
2767014,9.744172768969387,12
2767018,9.930516254008122,4
2767026,9.85464673876707,8
2767033,9.859742022979331,7
2767040,9.88942149346913,7
2767054,9.703528614276125,14
2767061,9.856811217039875,7
2767069,9.845483547363052,8
2767070,10.0,1
2767071,10.0,1
2767093,9.557967210168284,22
2767095,9.970294699530951,2
2767096,10.0,1
2767102,9.892555763667232,6
2767110,9.846081035676805,8
2767131,9.4592617852755,21
2767145,9.705853644453347,14
2767162,9.583298249888191,17
2767173,9.75156408928423,11
2767182,9.822446035571984,9
2767190,9.874360092996339,8
2767203,9.701271313772773,13
2767204,10.0,1
2767214,9.780752157098911,10
2767220,9.886104905647741,6
2767223,9.956215290557564,3
2767225,9.984042975869446,2
2767231,9.88425613847664,6
2767236,9.919628545559275,5
2767248,9.72065075657494,12
2767249,10.0,1
2767261,9.724336841304465,12
2767270,9.82187271391257,9
2767291,9.482929232307036,21
2767292,9.991867587352045,1
2767300,9.877909544792779,8
2767313,9.69711465330294,13
2767325,9.749704710534873,12
2767330,9.927700390524437,5
2767333,9.958899121650905,3
2767340,9.880401790426347,7
2767346,9.89862871441032,6
2767355,9.828819399948827,9
2767357,9.980687148692018,2
2767366,9.813626814184806,9
2767372,9.899694984180433,6
2767381,9.816733439932586,9
2767384,9.959724749377436,3
2767391,9.858917541261713,7
2767405,9.672308756390006,14
2767415,9.780530430431321,10
2767429,9.689415210512177,14
2767434,9.910772670053749,5
2767440,9.89289765844361,6
2767448,9.817675598668409,8
2767453,9.9147393599075,5
2767467,9.696038903772786,14
2767470,9.951009598244713,3
2767476,9.894688118358559,6
2767485,9.827096936204079,9
2767492,9.869374571067551,7
2767508,9.637100863094387,16
2767515,9.865832797898715,7
2767516,9.992947615190012,1
2767527,9.807179566786179,11
2767539,9.745310524441296,12
2767546,9.873689632471072,7
2767555,9.796360961523927,9
2767557,9.980188216912213,2
2767569,9.75219265112019,12
2767577,9.734859155711108,8
2767590,9.71338292134889,13
2767598,9.85972131932055,8
2767605,9.86828067807091,7
2767612,9.880058941720272,7
2767616,9.92983630914527,4
2767631,9.473924115727193,15
2767641,9.809646140621302,10
2767650,9.841280731703245,9
2767661,9.764482581135248,11
2767668,9.863734171908202,7
2767685,9.595689905638439,17
2767689,9.929071436051819,4
2767692,9.964694485284294,3
2767704,9.750464843053091,12
2767716,9.716115567843888,12
2767719,9.96034087044058,3
2767727,9.870808297550875,8
2767732,9.905211270698423,5
2767736,9.935306479855207,4
2767745,9.823738124948578,9
2767761,9.653361819716137,16
2767770,9.809235278027149,9
2767779,9.802322625264487,9
2767786,9.879766186889107,7
2767797,9.760502113633516,11
2767798,10.0,1
2767804,9.899388344515199,6
2767819,9.600574467131736,15
2767831,9.802823226893857,12
2767842,9.774626281288436,11
2767853,9.782992107201192,11
2767855,9.98095769582768,2
2767869,9.681076532393416,14
2767879,9.781974262747513,10
2767886,9.875618133781174,7
2767892,9.91561808839102,6
2767897,9.898506156369868,5
2767905,9.848181249651509,8
2767914,9.820877359874338,9
2767915,10.0,1
2767926,9.76599618405778,11
2767931,9.908208580893339,5
2767932,10.0,1
2767945,9.759240595634965,13
2767956,9.767287990357502,11
2767965,9.852565775842255,9
2767969,9.929944597075583,4
2767970,10.0,1
2767978,9.863204659069366,8
2767987,9.81531899212202,9
2767992,9.923264695445376,5
2767999,9.88009072027535,7
2768003,9.955022532442433,4
2768027,9.495574106729237,24
2768032,9.918778080108048,5
2768045,9.699654594933309,13
2768054,9.827322897400828,9
2768071,9.496219784388382,17
2768086,9.659109437427352,15
2768091,9.904756786602547,5
2768098,9.850430782995133,7
2768108,9.770498695175394,10
2768119,9.762699490784021,11
2768125,9.884883034039712,6
2768131,9.877485377540424,6
2768136,9.9145348971096,5
2768151,9.679450849340242,15
2768161,9.791163931376671,10
2768177,9.651186345476036,16
2768186,9.844583051384388,9
2768200,9.712170531715259,14
2768201,10.0,1
2768208,9.86973292887808,7
2768218,9.773890955270495,10
2768219,10.0,1
2768224,9.924645385415179,5
2768248,9.393707081455217,24
2768260,9.59946639599524,12
2768270,9.812642593352424,10
2768284,9.69424975579692,14
2768289,9.926353575702564,5
2768300,9.787819979613992,11
2768313,9.75564694068393,13
2768320,9.881652102216856,7
2768328,9.84385133352262,8
2768336,9.835908539725667,8
2768337,9.996580207391855,1
2768348,9.76131425481905,11
2768353,9.90569999216895,5
2768358,9.906264703507405,5
2768361,9.972748789072558,3
2768372,9.78362843382165,11
2768376,9.952304765418784,4
2768385,9.811901805364183,9
2768388,9.946913755025369,3
2768393,9.90432449330121,5
2768408,9.671129166697359,15
2768416,9.834366080320521,8
2768419,9.965759948493115,3
2768426,9.880545042665176,7
2768432,9.889365603946523,6
2768433,9.988864739229848,1
2768442,9.804879640831654,9
2768465,9.585311915132523,23
2768474,9.835195891888974,9
2768485,9.795118825790523,11
2768503,9.606879244185004,18
2768511,9.834406099086735,8
2768517,9.899879431115151,6
2768532,9.668748253516828,15
2768533,10.0,1
2768549,9.679574782641646,16
2768563,9.592957824029135,14
2768575,9.743737008537321,12
2768581,9.902730842802729,6
2768589,9.839285837915895,8
2768597,9.860556539090046,8
2768608,9.763967647203803,11
2768615,9.764487445100645,7
2768627,9.77501812174201,12
2768636,9.833884169445696,9
2768644,9.840336062602548,8
2768656,9.765800890147087,12
2768660,9.950668841104637,4
2768667,9.855459701891357,7
2768672,9.911854007184607,5
2768681,9.80583438296754,9
2768688,9.866978959847323,7
2768692,9.943392465678455,4
2768695,9.966231716093585,3
2768703,9.862878219497816,8
2768718,9.684739443352393,15
2768727,9.834695947260238,9
2768730,9.954107388242662,3
2768737,9.850573778818774,7
2768742,9.924958462920308,5
2768750,9.827239241868073,8
2768764,9.681683763173544,14
2768777,9.746023649580815,13
2768785,9.878510548269773,8
2768795,9.819961949150661,10
2768798,9.953753142272369,3
2768816,9.471369291181533,18
2768826,9.789444411431827,10
2768827,9.988254924946931,1
2768840,9.717345253958564,13
2768854,9.675724746505614,14
2768864,9.794867920275959,10
2768868,9.945136939728757,4
2768869,10.0,1
2768882,9.723131351420424,13
2768889,9.844664123398431,7
2768903,9.709798124297206,14
2768907,9.92514394750658,4
2768922,9.682186155341666,15
2768933,9.736351252044294,11
2768942,9.822230684296162,9
2768943,10.0,1
2768947,9.932988813514266,4
2768948,10.0,1
2768953,9.93434635623325,5
2768969,9.625655349352066,16
2768975,9.885583435512027,6
2768987,9.746517410610092,12
2769004,9.581377314006495,17
2769009,9.929045255067408,5
2769012,9.954520367115464,3
2769021,9.818889113294901,9
2769030,9.809191348890888,9
2769048,9.556769563077987,18
2769061,9.70850900783263,13
2769070,9.845280626669531,9
2769083,9.723815161040816,13
2769092,9.83445865937743,9
2769111,9.256246339160006,19
2769124,9.762117014270729,13
2769138,9.66843320661859,14
2769148,9.79955228421644,10
2769154,9.886976882295299,6
2769164,9.818890399450451,10
2769165,10.0,1
2769174,9.807806411545696,9
2769183,9.793581649806844,9
2769201,9.612736724828661,18
2769211,9.813599485904827,10
2769221,9.689287611646801,10
2769236,9.457826844869668,15
2769256,9.482938865192233,20
2769263,9.87273031477104,7
2769277,9.6761504735171,14
2769286,9.812815545117827,9
2769292,9.894010520831666,6
2769293,10.0,1
2769294,10.0,1
2769313,9.540407963380112,19
2769314,9.987393044997663,1
2769324,9.79756229380021,10
2769337,9.704392009326309,13
2769340,9.96379281017749,3
2769345,9.940064924649347,5
2769346,9.992895994349851,1
2769358,9.74565839917468,12
2769365,9.878292305671026,7
2769366,10.0,1
2769376,9.809710848224212,10
2769385,9.82795840703072,9
2769388,9.95985231219764,3
2769394,9.892562428381828,6
2769400,9.906354201598395,6
2769407,9.881577325776373,7
2769410,9.96782512426234,3
2769415,9.911306593071513,5
2769421,9.891258389737146,6
2769423,9.983617782979286,2
2769435,9.72849244097788,12
2769436,10.0,1
2769438,9.980936431999975,2
2769440,9.985790542122961,2
2769441,10.0,1
2769449,9.843902148482345,8
2769458,9.80326237433454,9
2769466,9.86038900038165,8
2769482,9.647393332500668,16
2769494,9.770194862480913,12
2769503,9.818564933657731,9
2769506,9.96452903472246,3
2769510,9.936892739832869,4
2769521,9.790716685111395,11
2769530,9.841639408673974,9
2769532,9.983275377179256,2
2769543,9.762216131001647,11
2769548,9.929820890543342,5
2769552,9.934942266344176,4
2769566,9.592581293814863,14
2769588,9.481031338804659,22
2769596,9.84373814838053,8
2769597,10.0,1
2769602,9.90314407581928,5
2769616,9.679960110851317,14
2769628,9.708458375985343,12
2769633,9.91813025541588,5
2769645,9.712972803334576,12
2769661,9.604589566377788,16
2769666,9.921911115719931,5
2769678,9.75356810544383,12
2769684,9.904230435434457,6
2769704,9.546403902493678,20
2769705,10.0,1
2769717,9.790176034291292,12
2769725,9.856405430958295,8
2769731,9.918827134300921,6
2769740,9.842724629509194,9
2769755,9.641527595170032,15
2769763,9.845659437880299,8
2769777,9.700974845225232,14
2769778,9.989377332615316,1
2769790,9.421451136883125,12
2769797,9.881088570778584,7
2769806,9.806095723945166,9
2769807,10.0,1
2769817,9.780132847841449,10
2769826,9.80662661197433,9
2769830,9.9360044825789,4
2769833,9.953750622209169,3
2769836,9.952995116559656,3
2769838,9.97069260527067,2
2769850,9.734227316046933,12
2769856,9.881972883614987,6
2769857,10.0,1
2769877,9.571694320845488,20
2769890,9.73136529735514,13
2769898,9.863167551225745,8
2769908,9.826514201617513,10
2769910,9.981284685973902,2
2769914,9.93426788181452,4
2769919,9.92354021522005,5
2769933,9.693201148531362,14
2769944,9.789137616603922,11
2769950,9.894139574857512,6
2769961,9.768450086340014,11
2769967,9.92218853330772,6
2769978,9.787490950551868,11
2769987,9.805455689543317,9
2769988,10.0,1
2769995,9.87569002884367,7
2770009,9.69019055423636,14
2770028,9.566953489688474,19
2770043,9.71622882475517,15
2770044,10.0,1
2770052,9.836319498108777,8
2770055,9.967004511358022,3
2770065,9.785251953336862,10
2770069,9.928857711687321,4
2770079,9.79734171302082,10
2770125,-3.353531727230422,46
2770131,9.89290564031364,6
2770135,9.94415980875934,4
2770144,9.830596467323293,9
2770152,9.838244322612015,8
2770165,9.704852256810076,13
2770172,9.864715110549994,7
2770182,9.792988935570675,10
2770195,9.721444262940343,13
2770198,9.967886233905064,3
2770206,9.868810983848395,8
2770209,9.964743085458316,3
2770212,9.96118872647313,3
2770215,9.95125501982388,3
2770220,9.914568325912928,5
2770229,9.799304622259788,9
2770245,9.621232759964107,16
2770248,9.950952476126426,3
2770259,9.752786783310768,11
2770266,9.848831687186038,7
2770274,9.853884673777884,8
2770295,9.518899976138679,21
2770311,9.615911732816196,16
2770316,9.91139387408655,5
2770329,9.712122232174101,13
2770341,9.74487229423481,12
2770347,9.898855572680487,6
2770354,9.857498470446451,7
2770364,9.765310558474,10
2770373,9.798635523463751,9
2770382,9.811604820013182,9
2770391,9.802111840249044,9
2770397,9.897934599488497,6
2770410,9.705868912905636,13
2770417,9.859302156087496,7
2770430,9.692213840988844,13
2770442,9.768951931019554,12
2770447,9.919297834657147,5
2770456,9.833909639258561,9
2770467,9.752521750441012,11
2770476,9.81299942107726,9
2770478,9.98302643965905,2
2770480,9.976066522118165,2
2770488,9.863902866084423,8
2770490,9.97479714257923,2
2770492,9.978216978896826,2
2770502,9.772756967599683,10
2770510,9.845500427674015,8
2770527,9.638616117740177,17
2770535,9.834033555872757,8
2770545,9.783036572881391,10
2770560,9.706725726602631,15
2770568,9.874245180764579,8
2770571,9.956600318872244,3
2770572,10.0,1
2770585,9.689021802790462,13
2770600,9.663182757845087,15
2770605,9.711578878450839,5
2770622,9.586863635082599,17
2770628,9.886246309039539,6
2770635,9.878268876922963,7
2770644,9.83857791705957,9
2770654,9.774574415215508,10
2770660,9.8753514925613,6
2770661,10.0,1
2770672,9.764898451489575,11
2770686,9.737265988967883,14
2770701,9.66049105389249,15
2770719,9.586650845766203,18
2770725,9.896472178554074,6
2770728,9.955149847601701,3
2770741,9.73338175514649,13
2770747,9.890817169065905,6
2770748,10.0,1
2770752,9.9356755845462,4
2770760,9.839544302514028,8
2770761,10.0,1
2770776,9.702527675075153,15
2770783,9.869672052954986,7
2770787,9.947463985492242,4
2770791,9.928291048364198,4
2770792,10.0,1
2770802,9.786650122788402,10
2770808,9.915257797666232,6
2770821,9.740813138330585,13
2770828,9.864263917571153,7
2770838,9.77343851657996,10
2770848,9.788138348212119,10
2770865,9.516064656753464,17
2770870,9.912277457069694,5
2770878,9.857548516072937,8
2770885,9.844657404668983,7
2770892,9.851232838297683,7
2770893,10.0,1
2770903,9.78767747116942,10
2770910,9.670113040139746,7
2770911,10.0,1
2770926,9.65940873786376,15
2770933,9.888334317469697,7
2770942,9.790282029722604,9
2770946,9.939639811804923,4
2770947,9.991821676195583,1
2770950,9.966666271581131,3
2770959,9.713987271757318,9
2770966,9.871999390867055,7
2770978,9.75748687019664,12
2770984,9.901001220196406,6
2770985,10.0,1
2771001,9.624138965345184,16
2771015,9.68353575524504,14
2771023,9.840750928071213,8
2771025,9.976318208219404,2
2771031,9.888618591620794,6
2771032,9.991904951552666,1
2771043,9.772455295933138,11
2771044,10.0,1
2771053,9.84131523240686,9
2771062,9.818120316754374,9
2771069,9.796594772321841,7
2771073,9.934760148573586,4
2771081,9.818367262867614,8
2771082,10.0,1
2771088,9.893896562303322,6
2771093,9.933505195554847,5
2771104,9.694698508123277,11
2771113,9.838081683397906,9
2771125,9.809797785439287,12
2771126,10.0,1
2771137,9.758381542222597,11
2771139,9.969713795396386,2
2771146,9.866031333336517,7
2771153,9.888030007362739,7
2771165,9.734497592667555,12
2771171,9.877182987480266,6
2771175,9.929097338908296,4
2771176,10.0,1
2771184,9.813733963309929,8
2771190,9.899171694661675,6
2771199,9.823507553073023,9
2771210,9.76758695588952,11
2771214,9.946474172762883,4
2771215,10.0,1
2771217,9.976328971404186,2
2771227,9.78125885084174,10
2771233,9.599079225893737,6
2771244,9.780356081397127,11
2771250,9.895711320494225,6
2771255,9.923020798479044,5
2771268,9.696199819113883,13
2771272,9.942501442868044,4
2771277,9.9109993369506,5
2771285,9.844961171703835,8
2771294,9.82324402364449,9
2771311,9.690636565199554,17
2771315,9.938219143707377,4
2771325,9.802910725878142,10
2771332,9.887239405351494,7
2771338,9.887713044394784,6
2771339,10.0,1
2771340,10.0,1
2771351,9.769627044344489,11
2771357,9.907794831948376,6
2771368,9.738488637004224,11
2771370,9.980682203087065,2
2771371,10.0,1
2771378,9.866139868355658,7
2771391,9.72433513141399,13
2771398,9.851676057075379,7
2771413,9.553183876449374,15
2771428,9.700238302548758,15
2771447,9.606172635807612,19
2771464,9.628496447775143,17
2771471,9.851208344565457,7
2771478,9.859015184307896,7
2771487,9.809431091385719,9
2771500,9.716586351826242,13
2771511,9.77164818407294,11
2771514,9.970451798180612,3
2771519,9.918101086203864,5
2771531,9.754194073804294,12
2771538,9.872356002744477,7
2771545,9.863504758510716,7
2771558,9.740110252023563,13
2771562,9.94912627999599,4
2771573,9.767670786448818,11
2771574,10.0,1
2771584,9.800134519487823,10
2771597,9.64111439989131,13
2771602,9.926282369992386,5
2771610,9.721128735912117,8
2771620,9.785918577807132,10
2771631,9.752417232814828,11
2771636,9.922552303192804,5
2771639,9.968858146595617,3
2771645,9.91093831038064,6
2771646,10.0,1
2771658,9.74663981724353,12
2771665,9.870325152792802,7
2771671,9.8818612857071,6
2771679,9.878037768084331,8
2771680,9.99266201306159,1
2771688,9.85769932225006,8
2771690,9.983376559902133,2
2771696,9.879396233211171,6
2771707,9.757474384251312,11
2771720,8.099802540772185,13
2771728,9.841931616260778,8
2771729,10.0,1
2771740,9.739901001335596,11
2771752,9.73107141855223,12
2771767,9.68509015822179,15
2771777,9.797003103736687,10
2771782,9.939226828566024,5
2771790,9.84806898539562,8
2771801,9.770020400793967,11
2771809,9.869206100131496,8
2771822,9.70422167177143,13
2771830,9.849114789959845,8
2771837,9.871656191937552,7
2771841,9.839229549857919,4
2771868,9.526811554199295,27
2771879,9.777150645337198,11
2771883,9.949412632479618,4
2771894,9.762381846649555,11
2771908,9.707165202742475,14
2771919,9.633864450587874,11
2771934,9.68280752441845,15
2771941,9.884946541129125,7
2771945,9.947193223845813,4
2771958,9.725765771604442,13
2771967,9.816296307736337,9
2771982,9.66140642823951,15
2771989,9.88789467356216,7
2772000,9.77330666900868,11
2772007,9.881255030516927,7
2772015,9.848985327312224,8
2772025,9.827479916782533,10
2772036,9.795006434420173,11
2772038,9.977582840565246,2
2772046,9.827782401960944,8
2772058,9.726243766939252,12
2772082,9.506669255820146,24
2772091,9.84165366682305,9
2772110,9.615348170029614,19
2772122,9.746231045588836,12
2772125,9.964892277647255,3
2772130,9.911312226726388,5
2772134,9.954343661862351,4
2772139,9.910591458932783,5
2772149,9.785829204411469,10
2772159,9.787084792313763,10
2772165,9.914672280564806,6
2772172,9.790653762684782,7
2772184,9.74882853731343,12
2772195,9.758043189093945,11
2772210,9.670146745485887,15
2772215,9.922373275574664,5
2772232,9.649225976426326,17
2772233,10.0,1
2772241,9.662404799131425,8
2772251,9.790716963242993,10
2772265,9.666095244991986,14
2772266,9.991858178732123,1
2772277,9.760918129094335,11
2772285,9.858611981788282,8
2772296,9.774281458350362,11
2772304,9.8240178972145,8
2772309,9.90753326223265,5
2772318,9.824923186657339,9
2772324,9.894156912777653,6
2772335,9.754192075782754,11
2772342,9.852982047926028,7
2772343,9.992728596669497,1
2772344,9.99627405763547,1
2772359,9.635478983767289,15
2772371,9.683161106320929,12
2772383,9.736548277046209,12
2772393,9.807421594564245,10
2772404,9.77662625092785,11
2772405,10.0,1
2772423,9.255995963923075,18
2772436,9.69549612948263,13
2772440,9.947220311572554,4
2772448,9.849019765909572,8
2772453,9.92326294514577,5
2772468,9.595981092897826,15
2772472,9.943177174945074,4
2772482,9.798425105178328,10
2772489,9.858228148133623,7
2772503,9.697002082837757,14
2772513,9.79526254178052,10
2772514,10.0,1
2772526,9.747123274335568,12
2772538,9.726667725736142,12
2772547,9.795811425736545,9
2772553,9.885905012946901,6
2772560,9.867658915522954,7
2772564,9.94070061312482,4
2772574,9.79105100637024,10
2772583,9.831009073198505,9
2772592,9.806810952865957,9
2772599,9.87045128776207,7
2772608,9.810296233434805,9
2772616,9.85324491495231,8
2772622,9.903200573671363,6
2772626,9.948901626731885,4
2772638,9.746809761645174,12
2772642,9.932389587802307,4
2772643,9.996386814834645,1
2772652,9.843204994569096,9
2772653,10.0,1
2772663,9.83563272901851,10
2772664,10.0,1
2772672,9.852138083662627,8
2772676,9.941136342499547,4
2772687,9.779590023221076,11
2772688,10.0,1
2772692,9.83937229054423,4
2772700,9.85215381124397,8
2772712,9.753343229285496,12
2772726,9.725472289118754,14
2772729,9.97365809506939,3
2772735,9.881820887168418,6
2772740,9.921350855991733,5
2772763,9.505858110490337,23
2772771,9.852366660158511,8
2772782,9.805437582071711,11
2772810,9.473476328405194,28
2772819,9.855015032488689,9
2772840,9.508710265521973,21
2772847,9.876474603056511,7
2772861,9.677689997410454,14
2772870,9.807526769435029,9
2772874,9.926120149760965,4
2772882,9.886751395310098,8
2772891,9.859961693320205,9
2772902,9.782553602288782,11
2772911,9.816235609686794,9
2772917,9.87161686091906,6
2772927,9.800257076095848,10
2772938,9.756663485770241,11
2772949,9.775893278812214,11
2772956,9.859599424266852,7
2772967,9.767382751619124,11
2772981,9.695243778153845,14
2772993,9.739710594436385,12
2772999,9.892991242200894,6
2773005,9.899066302623735,6
2773010,9.905127304678654,5
2773019,9.86208824647176,9
2773029,9.811143204859118,10
2773036,9.876205916997757,7
2773055,9.581854992559366,19
2773065,9.80775056787992,10
2773067,9.975902544286576,2
2773087,9.54984372258427,20
2773093,9.910038926323328,6
2773108,9.593858011278526,15
2773122,9.666929876975733,14
2773131,9.826517481486228,9
2773139,9.819430428128152,8
2773146,9.875270366528492,7
2773160,9.716587505702243,14
2773175,9.64541537379735,15
2773178,9.965668261717065,3
2773189,9.778323399107025,11
2773202,9.760917442133229,13
2773220,9.580903696019755,18
2773234,9.754047633282752,14
2773244,9.809346988970304,10
2773252,9.847790997653156,8
2773269,9.619863986241507,17
2773277,9.854059720688866,8
2773282,9.927740742456898,5
2773296,9.709635890102271,14
2773299,9.957195981142778,3
2773309,9.790661113102297,10
2773315,9.89241984097396,6
2773323,9.872224182988317,8
2773329,9.890739771905602,6
2773343,9.690895337865353,14
2773354,9.797503455567135,11
2773364,9.8079051196413,10
2773371,9.870702561889843,7
2773380,9.811624233689155,9
2773392,9.741965631752933,12
2773406,9.70563123662306,14
2773416,9.755668829376628,10
2773425,9.79648790696646,9
2773430,9.921731992328889,5
2773434,9.939235322390886,4
2773444,9.778238876954156,10
2773445,9.993010016981067,1
2773450,9.925360481538881,5
2773461,9.705147118422301,11
2773467,9.90729805368283,6
2773480,9.729385291088272,13
2773493,9.698981727244037,13
2773507,9.695108820765185,14
2773517,9.807296654805457,10
2773525,9.85747406207343,8
2773528,9.947278334227287,3
2773538,9.8154992579415,10
2773549,9.782101742229216,11
2773554,9.906805105417043,5
2773561,9.867065611737916,7
2773570,9.805665865787248,9
2773573,9.946386024911002,3
2773577,9.9475763772155,4
2773686,6.7666446878911,109
2773699,9.71614086025553,13
2773711,9.752500888260018,12
2773718,9.874561382350441,7
2773741,9.467341866693419,23
2773747,9.871421192850665,6
2773751,9.95428560291246,4
2773756,9.897182807197101,5
2773767,9.76668667045607,11
2773782,9.688257800655995,15
2773796,9.674317120343048,14
2773808,9.74119799325225,12
2773829,9.544754854570952,21
2773838,9.838625800344847,9
2773842,9.944345745092095,4
2773852,9.79249363671814,10
2773856,9.945328642010256,4
2773865,9.824184241455292,9
2773874,9.833448900815869,9
2773885,9.781884485297548,11
2773886,10.0,1
2773896,9.801319702851144,10
2773902,9.897155512438747,6
2773908,9.908246584956066,6
2773919,9.759200551935324,11
2773926,9.885175720513196,7
2773932,9.925177262126018,6
2773937,9.92205643884271,5
2773941,9.942781837067193,4
2773954,9.74053709264017,13
2773959,9.714413852459842,5
2773969,9.77417250681964,10
2773983,9.700836551942038,14
2773984,10.0,1
2773990,9.901822009984718,6
2774005,9.654301647109667,15
2774018,9.722516798909156,13
2774039,9.491732075524906,21
2774046,9.851562776764688,7
2774050,9.935054848283968,4
2774061,9.75170803556255,11
2774062,10.0,1
2774064,9.971648019748859,2
2774079,9.693765846203199,15
2774086,9.86263147426896,7
2774088,9.977304208354267,2
2774094,9.89098433224236,6
2774103,9.807111474230462,9
2774104,10.0,1
2774112,9.841555282126249,8
2774121,9.818243488064178,9
2774136,9.651551112277936,15
2774147,9.82789376592239,11
2774155,9.832578929897947,8
2774161,9.912855957351093,6
2774165,9.941768124794045,4
2774185,9.478508667586818,20
2774188,9.962869396743914,3
2774195,9.877077151496893,7
2774199,9.930442771424852,4
2774201,9.980479028149533,2
2774213,9.75350522884853,12
2774218,9.923790536421444,5
2774228,9.829855092809037,10
2774235,9.846061710219352,7
2774246,9.488588525704456,11
2774258,9.765449564258578,12
2774266,9.823789695864809,8
2774267,9.98922386903515,1
2774276,9.80698805721531,9
2774278,9.96941096998635,2
2774287,9.807374891956082,9
2774288,10.0,1
2774299,9.759939965263241,11
2774306,9.88845993848301,7
2774311,9.935287593402903,5
2774321,9.828429077608385,10
2774325,9.941983020629717,4
2774327,9.980884502915575,2
2774336,9.813794186077189,9
2774351,9.664365103343389,15
2774352,10.0,1
2774358,9.888356595616322,6
2774369,9.775664295055156,11
2774379,9.80093418060454,10
2774390,9.78450958859521,11
2774407,9.568470325115246,17
2774422,9.658661465246372,15
2774430,9.840505507321183,8
2774439,9.817952861765715,9
2774448,9.813315834460639,9
2774455,9.870222358500259,7
2774469,9.705932047870292,14
2774484,9.436131421104443,15
2774493,9.82205812978777,9
2774497,9.949126946491791,4
2774503,9.888036539162714,6
2774510,9.892208038993292,7
2774511,10.0,1
2774517,9.895567853446394,6
2774526,9.806569816768796,9
2774535,9.799527177679895,9
2774551,9.62738890688061,16
2774556,9.914960437510985,5
2774561,9.908265252074358,5
2774569,9.868278733953755,8
2774571,9.973181556165343,2
2774579,9.82564658519283,8
2774588,9.808143970756168,9
2774592,9.931985822231601,4
2774599,9.870275649410615,7
2774600,9.996350672436188,1
2774617,9.673867027773712,17
2774629,9.747982416039257,12
2774634,9.925019272980524,5
2774648,9.672709156573662,14
2774664,9.664738144991105,16
2774665,10.0,1
2774673,9.846973598995353,8
2774674,10.0,1
2774683,9.826168442076147,9
2774691,9.858427004476235,8
2774699,9.842062063218952,8
2774712,9.678662134276566,13
2774732,9.519708656532915,20
2774747,9.656658830219072,15
2774753,9.902418963201624,6
2774763,9.818048210329062,10
2774772,9.831082415702314,9
2774784,9.775640537830649,12
2774792,9.845554091127976,8
2774799,9.866473030449637,7
2774810,9.822625571929052,11
2774817,9.87948102864604,7
2774829,9.77422176207905,12
2774841,9.641249392732549,12
2774857,9.66625880856141,16
2774873,9.521555154190953,16
2774879,9.715357384810153,6
2774880,10.0,1
2774898,9.651914267748664,18
2774899,10.0,1
2774900,10.0,1
2774910,9.806658451097285,10
2774912,9.971188927509061,2
2774921,9.807944858124202,9
2774930,9.802705010663278,9
2774935,9.930063126642612,5
2774940,9.911287401426417,5
2774956,9.533045705276727,16
2774964,9.881363954838573,8
2774973,9.8193857503002,9
2774990,9.668276242184424,17
2774992,9.978081988724144,2
2775010,9.638841817687736,18
2775028,9.585021328212044,18
2775033,9.925336842300522,5
2775040,9.798674349477286,7
2775045,9.910807876783515,5
2775051,9.894918845664364,6
2775061,9.80150973598695,10
2775068,9.851037869717386,7
2775074,9.89863144573085,6
2775092,9.559321292672042,18
2775094,9.97739902876583,2
2775102,9.833232982317956,8
2775118,9.634335082870386,16
2775129,9.759789116922109,11
2775139,9.792774222827722,10
2775144,9.919556903714602,5
2775148,9.939413000138678,4
2775158,9.776998255872162,10
2775164,9.90524813016412,6
2775177,9.738917934749615,13
2775184,9.88109085775956,7
2775190,9.889287676363839,6
2775193,9.962303209131905,3
2775202,9.844688203616228,9
2775212,9.82551544018563,10
2775220,9.839396702722729,8
2775228,9.827891757813486,8
2775238,9.814846375133637,10
2775243,9.942993814681989,5
2775252,9.836943238350583,9
2775261,9.80548637989835,9
2775275,9.759159466919074,14
2775282,9.869513818448981,7
2775283,10.0,1
2775298,9.51006393192522,15
2775306,9.836348937807552,8
2775313,9.895436028977528,7
2775324,9.749900939022597,11
2775330,9.882653654679393,6
2775335,9.92149202330719,5
2775349,9.664357312398659,14
2775358,9.815931920386516,9
2775369,9.76079910600888,11
2775374,9.918618398572763,5
2775384,9.811325047505733,10
2775395,9.76492080120401,11
2775403,9.864604377337045,8
2775406,9.956041831119474,3
2775420,9.716680336537271,14
2775435,9.629329001819276,15
2775443,9.847756829539728,8
2775456,9.708928770310493,13
2775464,9.869113134865898,8
2775474,9.696866857959112,10
2775483,9.822942934780215,9
2775496,9.751357741202364,13
2775503,9.897823524166636,7
2775507,9.940399989073542,4
2775516,9.808889717669011,9
2775531,9.64694792038273,15
2775532,10.0,1
2775542,9.786035104851798,10
2775550,9.856206135222303,8
2775559,9.818009756920125,9
2775564,9.93626769229656,5
2775576,9.74603389537194,12
2775588,9.747402378857464,12
2775591,9.966103235195845,3
2775596,9.915457208954198,5
2775600,9.937708430877366,4
2775603,9.969550095367508,3
2775605,9.97443102700796,2
2775610,9.922504280053039,5
2775615,9.911342282875376,5
2775628,9.758631468376072,13
2775639,9.75929117859871,11
2775647,9.835530751170099,8
2775648,10.0,1
2775653,9.909487557357258,5
2775662,9.820981967208088,9
2775673,9.761328824601033,11
2775677,9.934953061447182,4
2775690,9.704191252757195,13
2775699,9.811047817786037,9
2775709,9.78984072565002,10
2775716,9.86987941318329,7
2775728,9.733574360192268,12
2775734,9.903767343583358,6
2775746,9.728854163363005,12
2775751,9.94156394259864,5
2775761,9.76899782602092,10
2775769,9.844892781530177,8
2775770,10.0,1
2775778,9.859118025617391,8
2775779,10.0,1
2775790,9.797517098388631,11
2775793,9.960017927194858,3
2775805,9.764134482993663,12
2775814,9.809430361462843,9
2775824,9.830057197148719,10
2775833,9.834119216790727,9
2775841,9.816582980124087,8
2775853,9.739005234618654,12
2775859,9.885063423870067,6
2775872,9.707361945922322,13
2775875,9.951330307790526,3
2775876,10.0,1
2775883,9.77205729909754,7
2775892,9.833130541435038,9
2775898,9.895607204919063,6
2775899,9.996878455382166,1
2775900,9.996209269007819,1
2775908,9.850822622063637,8
2775909,10.0,1
2775913,9.938625323032669,4
2775922,9.810640434950608,9
2775930,9.840485819040225,8
2775941,9.766485892634309,11
2775955,9.705213264952732,14
2775964,9.806645809450862,9
2775973,9.816971279757793,9
2775987,9.713609703952887,14
2775990,9.954081137384604,3
2776006,9.709937817141077,16
2776008,9.973404062488362,2
2776018,9.824804305928426,10
2776031,9.496019301298267,13
2776032,10.0,1
2776046,9.693261663509956,14
2776053,9.870683561946905,7
2776062,9.805508890750097,9
2776076,9.662644523557141,14
2776077,10.0,1
2776086,9.827875318395687,9
2776099,9.749080906799172,13
2776116,9.612309065399742,17
2776127,9.8018600403098,11
2776137,9.787057177571374,10
2776150,9.743729211608022,13
2776166,9.605109693028952,16
2776179,9.723407821306962,13
2776183,9.93387181816763,4
2776191,9.826528007534991,8
2776205,9.70091895116917,14
2776212,9.866396577666956,7
2776221,9.802225736859674,9
2776238,9.64963354249011,17
2776244,9.889126836293595,6
2776250,9.89856772730206,6
2776256,9.890550688009776,6
2776257,10.0,1
2776267,9.79764343300718,10
2776273,9.913892022498985,6
2776286,9.700231894480545,13
2776300,9.71803569983624,14
2776310,9.799647835357367,10
2776324,9.718594577278528,14
2776340,9.614891797258705,16
2776356,9.623522374113653,16
2776370,9.753429624006746,14
2776376,9.900583795544886,6
2776381,9.908632072921176,5
2776395,9.682962672676032,14
2776411,9.599549784174746,16
2776420,9.52566613367422,9
2776425,9.920595497006818,5
2776432,9.864764615256242,7
2776433,10.0,1
2776449,9.634212613551158,16
2776461,9.759279533824722,12
2776473,9.78781670665722,12
2776482,9.849715649272179,9
2776490,9.83907534959034,8
2776503,9.714088382984366,13
2776515,9.724745112227577,12
2776524,9.816439399220437,9
2776534,9.791887529490618,10
2776544,9.813987442820634,10
2776549,9.925805018972696,5
2776559,9.769692492411131,10
2776564,9.91467808269798,5
2776566,9.979764350964608,2
2776577,9.767422133048298,11
2776584,9.892775701612743,7
2776585,10.0,1
2776588,9.957927964488754,3
2776598,9.500802365033728,10
2776607,9.82581958875462,9
2776620,9.720018642874063,13
2776630,9.798371825418714,10
2776636,9.887389677676715,6
2776651,9.687882155583385,15
2776655,9.933658579158328,4
2776667,9.719818157311662,12
2776673,9.90993644240624,6
2776685,9.744176107513129,12
2776689,9.93762964051356,4
2776700,9.766115494350329,11
2776710,9.782080614587992,10
2776721,9.80293221323724,11
2776729,9.838818361262312,8
2776735,9.893503747174137,6
2776741,9.910356671659606,6
2776742,10.0,1
2776753,9.779538184262385,11
2776762,9.828427974868204,9
2776769,9.877082087576058,7
2776778,9.824037728582908,9
2776787,9.798317454187433,9
2776797,9.803583541155248,10
2776811,9.71624189608732,14
2776828,9.680874947396706,17
2776845,9.416826519763424,17
2776857,9.747192385159622,12
2776864,9.8814911209361,7
2776867,9.951336185389193,3
2776871,9.941150220682482,4
2776879,9.866512676031952,8
2776890,9.773670749814663,11
2776899,9.800017566210117,9
2776907,9.855754748228897,8
2776918,9.790745030612248,11
2776926,9.84017544579266,8
2776939,9.715551252783378,13
2776945,9.883799650596428,6
2776954,9.837145381822925,9
2776955,10.0,1
2776957,9.9700856565153,2
2776961,9.939092694412096,4
2776962,10.0,1
2776971,9.830126752217495,9
2776982,9.774929193674154,11
2776988,9.895468810168316,6
2776989,9.987649944133722,1
2776996,9.87415340246313,7
2776999,9.968005060856688,3
2777008,9.832106183263077,9
2777009,9.99159823457007,1
2777013,9.940886426924614,4
2777014,10.0,1
2777016,9.970182440078277,2
2777020,9.947255170133452,4
2777029,9.840395583579108,9
2777040,9.757667630668927,11
2777049,9.840656370350242,9
2777055,9.905400284586996,6
2777060,9.931482296754885,5
2777064,9.941612365476502,4
2777073,9.837126177050434,9
2777076,9.958324416207667,3
2777086,9.79584671808659,10
2777092,9.909484525145382,6
2777106,9.677699403433982,14
2777116,9.77593046163258,10
2777128,9.748700235722533,12
2777138,9.790528485010107,10
2777146,9.842643002223019,8
2777159,9.698181262511337,13
2777167,9.821176560669857,8
2777168,9.99598298346861,1
2777169,10.0,1
2777172,9.95065042141907,3
2777175,9.963074969398237,3
2777180,9.912951844026018,5
2777187,9.887165588315424,7
2777191,9.9361129721436,4
2777193,9.978017896582463,2
2777197,9.94350135385879,4
2777205,9.869492449202184,8
2777218,9.712165297321034,13
2777220,9.971188312070801,2
2777225,9.930457061547171,5
2777237,9.73146694095552,12
2777252,9.72519877489428,15
2777261,9.821110954733163,9
2777263,9.979222342839153,2
2777264,10.0,1
2777270,9.898273141595038,6
2777276,9.885636366070063,6
2777285,9.590072196836262,9
2777296,9.774088671933159,11
2777315,9.576589009967464,19
2777323,9.840518725347916,8
2777333,9.833491079360083,10
2777334,10.0,1
2777341,9.859395145427671,7
2777352,9.755474651308658,11
2777359,9.863613159989224,7
2777364,9.895771250936725,5
2777365,10.0,1
2777375,9.808453970791726,10
2777380,9.903801722536095,5
2777391,9.786557153642901,11
2777392,9.988774678444212,1
2777396,9.844136492333053,4
2777401,9.894404880985773,5
2777403,9.985294760781814,2
2777410,9.879722047667734,7
2777416,9.89408324202357,6
2777417,10.0,1
2777421,9.845457337508476,4
2777428,9.853125717970766,7
2777433,9.930745443375127,5
2777435,9.978357210552069,2
2777438,9.966926261495077,3
2777439,9.98783423013221,1
2777447,9.848032891493414,8
2777449,9.978203975034294,2
2777463,9.60362486639576,14
2777467,9.944956761191603,4
2777471,9.934293844967245,4
2777474,9.952309762945216,3
2777482,9.850295999093362,8
2777489,9.853032983979086,7
2777494,9.925483022155793,5
2777502,9.851552977087652,8
2777512,9.825513194815418,10
2777513,10.0,1
2777524,9.747308515026889,11
2777536,9.738708021880917,12
2777547,9.753392956334736,11
2777551,9.942753753923439,4
2777583,9.427371493311519,32
2777587,9.923588614818405,4
2777601,9.718113181158532,14
2777627,9.30971395126846,26
2777633,9.894402411218866,6
2777638,9.920995320286298,5
2777647,9.823399306744806,9
2777654,9.868670966974708,7
2777659,9.931609299697529,5
2777679,9.491384660123774,20
2777692,9.723359727526764,13
2777695,9.95972688680821,3
2777710,9.667867341797034,15
2777716,9.893353502091466,6
2777730,9.726180107095438,14
2777738,9.852056641663992,8
2777748,9.783857263225547,10
2777764,9.658218130117808,16
2777777,9.770068805287751,13
2777786,9.81831963309526,9
2777794,9.832542873599946,8
2777797,9.959579487927435,3
2777800,9.970243900941496,3
2777808,9.840611679501489,8
2777814,9.896393353351936,6
2777824,9.782168858536103,10
2777837,9.71869518929705,13
2777854,9.61602676136312,17
2777855,10.0,1
2777863,9.834777065917212,8
2777877,9.676901301000434,14
2777885,9.850732410255645,8
2777907,9.42866079637901,22
2777922,9.648677104283234,15
2777933,9.773167728281729,11
2777945,9.625171883200997,12
2777948,9.949272010745782,3
2777955,9.88364925369574,7
2777964,9.822421744594855,9
2777974,9.788135355676852,10
2777988,9.711234381090456,14
2777994,9.880259497282038,6
2777995,10.0,1
2778004,9.833429665567282,9
2778015,9.785709034467102,11
2778018,9.968429068322047,3
2778025,9.886500766380593,7
2778034,9.852263314180904,9
2778041,9.868416067075131,7
2778045,9.945263039806939,4
2778046,10.0,1
2778060,9.669593005055258,14
2778071,9.819876738317262,11
2778087,9.656978613023576,16
2778093,9.894268903752772,6
2778107,9.746693741420879,14
2778114,9.852639562445397,7
2778123,9.839596880290518,9
2778132,9.814767916680337,9
2778137,9.918903344126313,5
2778148,9.766917000363986,11
2778154,9.90907678980099,6
2778159,9.923975494192465,5
2778161,9.980365962319816,2
2778178,9.588891579693406,17
2778189,9.766264196714689,11
2778194,9.913737316875585,5
2778209,9.670368327450467,15
2778226,9.604474889488946,17
2778234,9.854382913739514,8
2778241,9.8688168791541,7
2778252,9.768089381357374,11
2778261,9.834139644253682,9
2778266,9.928099641044735,5
2778271,9.913116922624441,5
2778282,9.732795178630235,11
2778288,9.895928270485545,6
2778301,9.71286380550049,13
2778317,9.62945989906498,16
2778324,9.85342002931141,7
2778325,10.0,1
2778335,9.816675506533393,10
2778342,9.878800837506208,7
2778350,9.862520215567917,8
2778363,9.722317011553796,13
2778382,9.018039192938764,19
2778397,9.687014989715209,15
2778409,9.748117214966067,12
2778413,9.930886987043651,4
2778418,9.922229775997334,5
2778429,9.770360650173627,11
2778443,9.664740007403335,14
2778454,9.771277223418428,11
2778455,10.0,1
2778467,9.72461758826357,12
2778474,9.78502437872279,7
2778475,10.0,1
2778479,9.92308603962922,4
2778488,9.807071125832518,9
2778495,9.861392761720698,7
2778502,9.880587353086055,7
2778510,9.834186062231105,8
2778519,9.824987956554663,9
2778528,9.802478920429651,9
2778538,9.769131727766842,10
2778539,10.0,1
2778545,9.677665212408138,6
2778556,9.792827584874328,11
2778559,9.962361391327557,3
2778567,9.857077036222112,8
2778568,10.0,1
2778575,9.886595685967187,7
2778586,9.770470166227978,11
2778593,9.871954401909235,7
2778599,9.88176324528353,6
2778604,9.907615615274253,5
2778607,9.9619403925935,3
2778615,9.876160591343076,8
2778639,9.417709860035785,24
2778659,9.561426111594901,20
2778663,9.95259267629358,4
2778666,9.970603740134498,3
2778671,9.910722337689005,5
2778678,9.869816979577282,7
2778687,9.816274770987722,9
2778697,9.807493728873071,10
2778705,9.831153351424367,8
2778719,9.401292940211656,14
2778732,9.683658202053936,13
2778751,9.504411111922861,19
2778757,9.901527136639565,6
2778766,9.806628584534485,9
2778773,9.880110601305297,7
2778780,9.855229400799404,7
2778795,9.665985755671473,15
2778815,9.537344048390212,20
2778824,9.806253830781635,9
2778836,9.750459455364144,12
2778849,9.704877253250034,13
2778858,9.817549665722916,9
2778859,10.0,1
2778872,9.718911704449571,13
2778875,9.946410657786434,3
2778879,9.93027461071809,4
2778880,10.0,1
2778891,9.789374886844234,11
2778906,7.235459530948961,15
2778916,9.497772837717426,10
2778923,9.88776758979006,7
2778928,9.926749467130184,5
2778946,9.581519954091638,18
2778949,9.956084224038097,3
2778952,9.961617376672507,3
2778955,9.953589677012536,3
2778964,9.810971970762324,9
2778969,9.914070308700246,5
2778970,9.995716032187373,1
2778980,9.56871469090651,10
2778986,9.882989534708681,6
2778999,9.731626378046041,13
2779008,9.835157767636499,9
2779021,9.706949528894611,13
2779031,9.777717314297513,10
2779043,9.735114162638023,12
2779056,9.727103029300741,13
2779060,9.93067565597945,4
2779075,9.63584645968205,15
2779077,9.98538017353388,2
2779086,9.80410295025457,9
2779100,9.673255286112923,14
2779101,10.0,1
2779107,9.908387316919011,6
2779108,10.0,1
2779116,9.837710610446834,8
2779117,10.0,1
2779124,9.852473191549937,7
2779129,9.916748801272831,5
2779130,10.0,1
2779140,9.797956667621127,10
2779145,9.901270055652436,5
2779151,9.813181742332283,6
2779157,9.885560534419115,6
2779164,9.883992137831502,7
2779171,9.851745951752207,7
2779182,9.668748393096907,11
2779186,9.934625562907886,4
2779198,9.546739004848128,12
2779199,10.0,1
2779216,9.676324252872107,17
2779224,9.860204554251524,8
2779228,9.9363359206282,4
2779231,9.965374476499308,3
2779240,9.806210853123448,9
2779252,9.610766008766374,12
2779267,9.66910198846033,15
2779270,9.950877086452085,3
2779281,9.77126765499722,11
2779301,9.496045967470865,20
2779310,9.825969460483234,9
2779325,9.688792933686102,15
2779329,9.936495529459695,4
2779335,9.879626650976817,6
2779342,9.895478707314208,7
2779351,9.817528134988205,9
2779365,9.685299240491894,14
2779375,9.811090504096875,10
2779379,9.932686546864296,4
2779386,9.85956863093987,7
2779399,9.70990147379963,13
2779406,9.885610204980015,7
2779423,9.612440596312569,17
2779436,9.70877167741143,13
2779437,9.996237907658704,1
2779448,9.764029132592905,11
2779449,10.0,1
2779463,9.665486668435689,14
2779476,9.73751128940989,13
2779488,9.73612146152214,12
2779489,10.0,1
2779507,9.655374875266517,18
2779508,9.992757885911349,1
2779515,9.868546710659805,7
2779519,9.934063125121368,4
2779537,9.584098883326742,18
2779544,9.849686429747198,7
2779547,9.95718882916724,3
2779548,10.0,1
2779559,9.764324899441489,11
2779560,10.0,1
2779567,9.862083602926056,7
2779573,9.902908217021928,6
2779579,9.894118868190972,6
2779582,9.955728292163313,3
2779591,9.81283080353331,9
2779599,9.828459408685665,8
2779606,9.887640193892665,7
2779610,9.942062351786936,4
2779618,9.821202369962197,8
2779625,9.877291555590107,7
2779643,9.582439308807462,18
2779651,9.847624684016122,8
2779660,9.848690211163811,9
2779667,9.891134065235917,7
2779683,9.637319450173058,16
2779687,9.944910330139772,4
2779699,9.72804808215266,12
2779708,9.825646198260706,9
2779710,9.976618061439686,2
2779721,9.767610291062816,11
2779732,9.745935730453008,11
2779741,9.809266761096001,9
2779751,9.771370404072822,10
2779755,9.92055785109464,4
2779763,9.845198839865521,8
2779784,9.3416218283966,21
2779791,9.881529986053287,7
2779812,9.52604005196762,21
2779824,9.71874698416154,12
2779833,9.829086948229188,9
2779845,9.752396282443735,12
2779848,9.960161277988856,3
2779851,9.960830375049317,3
2779858,9.874925114086523,7
2779871,9.734732200573543,13
2779879,9.76434383947441,8
2779886,9.858728290884354,7
2779901,9.600515255276072,15
2779912,9.760235761438825,11
2779917,9.925231581845859,5
2779924,9.874220354489502,7
2779927,9.957292385414448,3
2779933,9.889616947285555,6
2779948,9.658346548915635,15
2779957,9.830189729149673,9
2779965,9.853601064214295,8
2779966,10.0,1
2779973,9.877235000729144,7
2779989,9.61759268540652,16
2779999,9.789087189168377,10
2780007,9.84559858856134,8
2780017,9.768284913531716,10
2780018,10.0,1
2780035,9.637524184550344,17
2780036,10.0,1
2780045,9.814055902547594,9
2780059,9.678579340695135,14
2780065,9.876872447998663,6
2780066,10.0,1
2780074,9.81699743472166,8
2780079,9.919365094793735,5
2780083,9.929084047128267,4
2780092,9.829843719942083,9
2780104,9.76353539286514,12
2780105,9.996255226488596,1
2780110,9.919621148165747,5
2780120,9.793368674451255,10
2780131,9.765388432767322,11
2780139,9.844240439872967,8
2780140,10.0,1
2780145,9.927465835869267,5
2780153,9.831275273679216,8
2780161,9.834677672448109,8
2780165,9.927597453988312,4
2780174,9.830470480868723,9
2780181,9.872976998926163,7
2780191,9.799862761448237,10
2780199,9.832266865487322,8
2780200,10.0,1
2780215,9.697062444112786,15
2780245,9.231835362300126,30
2780250,9.926344603186394,5
2780252,9.976837467615495,2
2780260,9.83940385363291,8
2780268,9.853465673653137,8
2780275,9.647081931208291,7
2780286,9.762482257459192,11
2780296,9.816713687319945,10
2780303,9.878269467105353,7
2780315,9.723957279011799,12
2780334,9.601442888184494,19
2780347,9.705776888975938,13
2780361,9.693720695848853,14
2780372,9.777571517838844,11
2780379,9.859765505256748,7
2780386,9.859948101644495,7
2780395,9.799774961660145,9
2780401,9.900092082921558,6
2780414,9.720780357227893,13
2780504,7.343736989940615,90
2780508,9.922209487225881,4
2780511,9.965726639826682,3
2780522,9.765919505850844,11
2780523,9.989582901837421,1
2780531,9.852307386951527,8
2780541,9.785769424960511,10
2780550,9.818626453451971,9
2780555,9.91469780833867,5
2780573,9.600808284303593,18
2780581,9.838735890249172,8
2780595,9.738682745675575,14
2780597,9.980655635673429,2
2780610,9.69504056241728,13
2780621,9.783759752773818,11
2780632,9.778607307502124,11
2780646,9.677979183405188,14
2780647,9.996438614304981,1
2780660,9.699117936902086,13
2780667,9.881450007300769,7
2780681,9.687834557799547,14
2780684,9.958531154580776,3
2780693,9.79639045349046,9
2780694,10.0,1
2780700,9.894980882802885,6
2780705,9.924955316679023,5
2780707,9.974287427847019,2
2780708,10.0,1
2780709,10.0,1
2780717,9.837288583026625,8
2780732,9.690375152430887,15
2780736,9.924666706461602,4
2780743,9.861050216449227,7
2780757,9.686635408860665,14
2780764,9.865721063693872,7
2780774,9.814877833135592,10
2780791,9.606630113942995,17
2780796,9.901033564907912,5
2780807,9.75652771045838,11
2780808,10.0,1
2780813,9.914569504489954,5
2780831,9.585808240899809,18
2780840,9.818154107500169,9
2780847,9.868868950869384,7
2780853,9.897183215512817,6
2780864,9.767609711932707,11
2780876,9.334311743166058,12
2780878,9.97435618578704,2
2780886,9.841218342231704,8
2780899,9.72047353313736,13
2780906,9.87516579519776,7
2780912,9.901112960869485,6
2780923,9.80498322483451,11
2780933,9.792528107460571,10
2780944,9.764559254183192,11
2780955,9.769126333088254,11
2780963,9.853660450515513,8
2780972,9.801172667529016,9
2780980,9.831307100015158,8
2780991,9.763758141971037,11
2780998,9.85973002299393,7
2781008,9.765427586567185,10
2781019,9.76429619584298,11
2781027,9.862996933944045,8
2781036,9.800211906810304,9
2781038,9.978299011526847,2
2781047,9.805918282320103,9
2781058,9.782781251953695,11
2781062,9.943814759775256,4
2781070,9.834420915159955,8
2781076,9.886067822371151,6
2781078,9.98504935545829,2
2781089,9.759800552526531,11
2781094,9.927662341133063,5
2781104,9.775146574259598,10
2781121,9.584258501342157,17
2781621,-206.65365017412785,500
2781636,9.54522662063436,15
2781646,9.781958707935821,10
2781650,9.940310536443121,4
2781665,9.678128732947625,15
2781673,9.864552748923249,8
2781677,9.922694659915686,4
2781688,9.765705327620726,11
2781702,9.700041754146486,14
2781709,9.877242764629967,7
2781718,9.836051516084828,9
2781726,9.848960573027282,8
2781728,9.982844744399683,2
2781738,9.777300556127816,10
2781745,9.890273976368013,7
2781755,9.764897013010332,10
2781759,9.943607688658645,4
2781776,9.634705990268449,17
2781778,9.97476700273016,2
2781780,9.97718253197497,2
2781792,9.72927885722406,12
2781801,9.82122829197987,9
2781804,9.951151101366618,3
2781818,9.726965707491313,14
2781819,10.0,1
2781836,9.68987549536078,17
2781838,9.974678715976603,2
2781841,9.963954674295717,3
2781846,9.906384822234083,5
2781850,9.932813325870244,4
2781860,9.78669135773386,10
2781861,9.989267788884103,1
2781868,9.885171522754677,7
2781873,9.91398150498466,5
2781880,9.851147911936991,7
2781907,9.30727444571791,27
2781915,9.833655789938907,8
2781921,9.907660225520841,6
2781941,9.525418816364157,20
2781945,9.931605722766705,4
2781955,9.814099352657626,10
2781957,9.982763805784781,2
2781958,10.0,1
2781961,9.962941192093918,3
2781970,9.819874358467994,9
2781980,9.779262655347537,10
2781985,9.906251099476302,5
2781993,9.818466224633923,8
2782001,9.862902107230619,8
2782010,9.831008274378673,9
2782020,9.775934689336736,10
2782034,9.724884648686656,14
2782049,9.68681104261936,15
2782060,9.78706114986812,11
2782064,9.941901417414869,4
2782070,9.887842056264795,6
2782086,9.635692558477496,16
2782094,9.852675365641783,8
2782102,9.828518497276368,8
2782112,9.785184507909236,10
2782120,9.868857552576372,8
2782133,9.72513751239388,13
2782146,9.764295019855288,13
2782158,9.73896288429061,12
2782172,9.710788589546084,14
2782173,10.0,1
2782182,9.808344664951662,9
2782193,9.769768092515555,11
2782201,9.870933925160728,8
2782211,9.792202923962897,10
2782222,9.7624764730146,11
2782237,9.657773002593474,15
2782246,9.78110141554478,9
2782252,9.895994912112917,6
2782271,9.576963376067065,19
2782288,9.593849067823516,17
2782306,9.57836100543351,18
2782314,9.857794038397635,8
2782319,9.913850432933824,5
2782331,9.72774380269945,12
2782332,10.0,1
2782340,9.828993946505774,8
2782350,9.806286294590171,10
2782362,9.73122112198254,12
2782363,10.0,1
2782369,9.903506194092344,6
2782371,9.971993022383069,2
2782384,9.716760796932746,13
2782397,9.723610140455024,13
2782408,9.76848952575739,11
2782418,9.800645357189241,10
2782424,9.911806388351637,6
2782431,9.880375538982264,7
2782440,9.819612816878715,9
2782451,9.752072902727372,11
2782462,9.758808667049719,11
2782470,9.855718189522253,8
2782480,9.78522550192224,10
2782485,9.929150011373327,5
2782496,9.786027536649526,11
2782513,9.42685015567217,17
2782521,9.858547606614982,8
2782531,9.791194347713809,10
2782546,9.71550753346065,15
2782553,9.90018416582016,7
2782562,9.850709751021293,9
2782575,9.766051165430802,13
2782582,9.868234357438606,7
2782583,10.0,1
2782586,9.949972890376358,3
2782592,9.888498146552054,6
2782599,9.854827570175859,7
2782612,9.743201245950651,13
2782624,9.760466496108453,12
2782633,9.798271101901646,9
2782639,9.90982662461002,6
2782651,9.790106768936141,12
2782661,9.770671438752005,10
2782672,9.768254443353726,11
2782673,10.0,1
2782684,9.752622740439332,11
2782685,10.0,1
2782703,9.627481662656125,18
2782713,9.788808706631922,10
2782720,9.875522297449573,7
2782729,9.847624964338134,9
2782740,9.767925014308748,11
2782747,9.84798099748598,7
2782757,9.78779097017193,10
2782763,9.891604479495843,6
2782774,9.808776441331268,11
2782779,9.926568713353777,5
2782781,9.98138662123345,2
2782789,9.837732851069715,8
2782803,9.673869110941606,14
2782810,9.872964888438098,7
2782825,9.682821588816227,15
2782834,9.832806528630083,9
2782837,9.953492259023726,3
2782845,9.88109572934061,8
2782853,9.828594338348669,8
2782865,9.732364060012692,12
2782874,9.824862463903674,9
2782878,9.9316898557616,4
2782879,10.0,1
2782891,9.758899897966609,12
2782895,9.929905865642432,4
2782899,9.94016874585897,4
2782900,10.0,1
2782902,9.978486853487116,2
2782923,9.561001122495929,21
2782934,9.758418008494631,11
2782942,9.84613029647998,8
2782943,10.0,1
2782956,9.727308831321476,13
2782975,9.586473304691907,19
2782980,9.925800545557072,5
2782994,9.655379772657449,14
2783008,9.687153231245224,14
2783021,9.706952323469094,13
2783028,9.872495934481538,7
2783032,9.939333823361617,4
2783039,9.880643975926443,7
2783050,9.766305646648792,11
2783063,9.722976752825097,13
2783079,9.6576851060088,16
2783080,10.0,1
2783086,9.894648815912849,6
2783087,10.0,1
2783093,9.911299677997208,6
2783112,9.536752631805687,19
2783115,9.953041733625197,3
2783119,9.734432561867944,4
2783120,10.0,1
2783137,9.71476361678127,17
2783141,9.93001843605314,4
2783143,9.971878369364612,2
2783144,10.0,1
2783151,9.89026892863813,7
2783170,9.490649613005395,19
2783174,9.949002498253812,4
2783195,9.25217500000539,21
2783202,9.867535939162533,7
2783216,9.689874008608175,14
2783222,9.896404648500061,6
2783223,10.0,1
2783230,9.890399380683295,7
2783237,9.85564665803023,7
2783247,9.777788284635383,10
2783253,9.886276635066162,6
2783255,9.975392699093284,2
2783265,9.80136650920652,10
2783275,9.802120065843638,10
2783294,9.562206592229233,19
2783307,9.71603999108754,13
2783316,9.82161813695059,9
2783327,9.765366567018827,11
2783332,9.902855949009924,5
2783338,9.898478018960295,6
2783348,9.777312920221576,10
2783349,10.0,1
2783357,9.810017554488601,8
2783358,10.0,1
2783371,9.72008172125047,13
2783379,9.84001778747973,8
2783389,9.790791722872129,10
2783395,9.90531075456025,6
2783403,9.8491389269232,8
2783408,9.921640843599572,5
2783414,9.908360893014278,6
2783417,9.967798376309778,3
2783421,9.933572473602773,4
2783428,9.881239774285897,7
2783429,10.0,1
2783441,9.758410882292903,12
2783447,9.897570383574255,6
2783465,9.282376015252318,18
2783466,10.0,1
2783480,9.692823587159117,14
2783485,9.918450342967464,5
2783487,9.97937478394231,2
2783504,9.715210727132048,17
2783509,9.93725584022526,5
2783510,10.0,1
2783524,9.701595311298258,14
2783536,9.78394236965754,12
2783551,9.661454343637628,15
2783562,9.792175405290026,11
2783570,9.876617055601459,8
2783571,10.0,1
2783581,9.816077464069982,10
2783587,9.886316074752123,6
2783601,9.708485297915981,14
2783602,10.0,1
2783611,9.849945281118094,9
2783618,9.864097147742616,7
2783619,10.0,1
2783624,9.919231076254594,5
2783627,9.959383876266973,3
2783637,9.801328627643958,10
2783639,9.973752617043111,2
2783656,9.660457366159001,17
2783663,9.664416589120652,7
2783671,9.855016073066132,8
2783676,9.915831927972542,5
2783677,10.0,1
2783685,9.828763128028738,8
2783692,9.872805356115647,7
2783707,9.669205328457974,15
2783714,9.893011045181863,7
2783725,9.759609442861898,11
2783734,9.810415366377999,9
2783738,9.928564391660009,4
2783750,9.746443433712681,12
2783762,9.521901412784649,12
2783772,9.767474005249914,10
2783781,9.824325877614221,9
2783782,10.0,1
2783795,9.687481879540089,13
2783803,9.83774658662609,8
2783812,9.820871343084143,9
2783823,9.817099556988738,11
2783835,9.771191289836862,12
2783839,9.93946547315803,4
2783840,10.0,1
2783850,9.784420499106558,10
2783860,9.799409340649728,10
2783867,9.850446352443845,7
2783877,9.854245568279659,10
2783881,9.928389528985926,4
2783885,9.927998911085615,4
2783892,9.869425440261834,7
2783904,9.726515306949665,12
2783917,9.748609567337235,13
2783920,9.9622013005393,3
2783925,9.919604818388835,5
2783938,9.7363774493541,13
2783945,9.889428128998844,7
2783960,9.045995801667617,15
2783962,9.985122444189075,2
2783969,9.906828194976082,7
2783983,9.690391183264426,14
2784005,9.603348310709347,22
2784016,9.79999335941282,11
2784027,9.801735436480328,11
2784034,9.904789231593492,7
2784037,9.966020919999503,3
2784047,9.791651900690386,10
2784053,9.90456489767581,6
2784067,9.710358441955279,14
2784072,9.918391217314316,5
2784084,9.743608819524214,12
2784096,9.757611869340023,12
2784109,9.731634822176591,13
2784117,9.845566231854066,8
2784120,9.958330295756184,3
2784131,9.738540500488641,11
2784135,9.93349716193441,4
2784136,9.988705180088052,1
2784146,9.788946466933776,10
2784148,9.981978404100305,2
2784158,9.796312450920814,10
2784169,9.74325140032603,11
2784178,9.827014315152198,9
2784189,9.781394441874752,11
2784193,9.934308478528797,4
2784200,9.861885606111517,7
2784208,9.855213329990205,8
2784214,9.913593234917432,6
2784231,9.651458814052441,17
2784242,9.778948203544727,11
2784250,9.731677553533974,8
2784253,9.95246520627244,3
2784262,9.845798651398987,9
2784269,9.873517460383086,7
2784280,9.785867309687628,11
2784291,9.743467958146343,11
2784298,9.884859930783056,7
2784304,9.892990234157475,6
2784307,9.958908618546541,3
2784316,9.806358655336261,9
2784317,10.0,1
2784323,9.887551501680342,6
2784334,9.747783997254116,11
2784342,9.839983477070215,8
2784351,9.829837228396972,9
2784356,9.93278512320498,5
2784365,9.816560821335042,9
2784375,9.807272754783325,10
2784379,9.928701866785781,4
2784386,9.857577045869405,7
2784390,9.93969589356577,4
2784396,9.90582277089454,6
2784409,9.706067160380375,13
2784421,9.75800860477007,12
2784434,9.72467776071846,13
2784439,9.914361521636181,5
2784447,9.820014499505085,8
2784451,9.935385865740496,4
2784459,9.861740969442268,8
2784471,9.749511476876133,12
2784482,9.77498509825759,11
2784491,9.835886992272727,9
2784507,9.618198514421065,16
2784523,9.635527483777693,16
2784532,9.837619792404872,9
2784539,9.87308362439655,7
2784548,9.810551365022203,9
2784555,9.875542630275087,7
2784565,9.806108210323794,10
2784574,9.803185684400654,9
2784587,9.702026656786213,13
2784592,9.913479181617353,5
2784606,9.695040402202693,14
2784611,9.90154002077041,5
2784621,9.801085195643338,10
2784631,9.786186888333768,10
2784656,9.508411031826768,25
2784664,9.831071461251453,8
2784671,9.865156169321084,7
2784680,9.835244693612076,9
2784689,9.815467737135155,9
2784700,9.73639182015428,11
2784710,9.789562414583305,10
2784722,9.518925853137937,12
2784727,9.907170738648729,5
2784733,9.897370009486268,6
2784735,9.98544194082524,2
2784747,9.744458493026729,12
2784759,9.772056619618482,12
2784777,9.591752177920034,18
2784785,9.855211575321633,8
2784788,9.968567930325028,3
2784797,9.811499015044765,9
2784798,10.0,1
2784808,9.789570050638977,10
2784813,9.925984783101132,5
2784819,9.896764843299076,6
2784831,9.743312524471143,12
2784836,9.914907507888284,5
2784843,9.859719768407444,7
2784859,9.650399310426206,16
2784860,9.996527441108007,1
2784877,9.624660213694353,17
2784885,9.854464197911785,8
2784895,9.799736071440273,10
2784900,9.929142104293337,5
2784915,9.680814200575659,15
2784926,9.766441861846294,11
2784934,9.817523659428543,8
2784937,9.963245238816485,3
2784950,9.693038370612202,13
2784965,9.690177626874346,15
2784974,9.82088407428685,9
2784979,9.916952541875919,5
2784981,9.974820112390598,2
2784992,9.774820622059197,11
2784994,9.983294431215494,2
2785013,9.63042890462686,19
2785023,9.604808130850673,10
2785029,9.910171431627587,6
2785044,9.693962312056483,15
2785054,9.775828505679915,10
2785055,10.0,1
2785066,9.786527093050829,11
2785080,9.709444681556285,14
2785087,9.68444078998058,7
2785092,9.918397170699588,5
2785099,9.861122238339869,7
2785100,9.995684697488938,1
2785112,9.781892264928661,12
2785122,9.787641499941413,10
2785134,9.769450296888168,12
2785142,9.841283577456219,8
2785150,9.83478386396436,8
2785164,9.706118718446552,14
2785171,9.863653107340456,7
2785188,9.56396288193995,17
2785203,9.681135571871483,15
2785210,9.857571410322768,7
2785221,9.816086820175185,11
2785224,9.96699804639968,3
2785225,10.0,1
2785229,9.93736819482582,4
2785234,9.91412153789267,5
2785239,9.926145942541863,5
2785251,9.737602206515621,12
2785265,9.711648957320481,14
2785266,10.0,1
2785278,9.745764812657177,12
2785285,9.882014731475248,7
2785292,9.877198320302846,7
2785294,9.973829460021985,2
2785299,9.924954025907102,5
2785301,9.975204459832261,2
2785313,9.77644485860227,12
2785327,9.696589165322408,14
2785336,9.84778004049374,9
2785351,9.700776535059601,15
2785364,9.714358158588531,13
2785378,9.69353478928193,14
2785384,9.902721197536176,6
2785391,9.882484704571677,7
2785407,9.647700871833512,16
2785409,9.973516388755465,2
2785416,9.900915038713551,7
2785425,9.816667488316432,9
2785426,10.0,1
2785438,9.725585989249412,12
2785445,9.88659961698518,7
2785460,9.671308056001656,15
2785461,10.0,1
2785471,9.790495765350762,10
2785472,10.0,1
2785481,9.8011999571912,9
2785497,9.64346403914593,16
2785503,9.897875428156699,6
2785514,9.753529907416246,11
2785521,9.864482730507577,7
2785532,9.798513561855323,11
2785547,9.626001596743041,15
2785554,9.882403709926146,7
2785562,9.852909502584076,8
2785571,9.83149934853984,9
2785575,9.934609743588748,4
2785585,9.76300118791345,10
2785595,9.815208014969595,10
2785601,9.883539148663502,6
2785608,9.892220381734937,7
2785616,9.837660713678543,8
2785629,9.686214862972612,13
2785641,9.751699941558615,12
2785653,9.7272150048468,12
2785657,9.94004463049464,4
2785672,9.634279493655624,15
2785683,9.765975658539872,11
2785684,10.0,1
2785690,9.872176723486294,6
2785697,9.876955363316101,7
2785702,9.908948828748942,5
2785712,9.770822727545465,10
2785723,9.79172424558207,11
2785736,9.717802672073704,13
2785737,10.0,1
2785744,9.885496771119971,7
2785756,9.788279076407143,12
2785769,9.72671349035925,13
2785777,9.863930656111604,8
2785781,9.936985564992977,4
2785792,9.76497171528326,11
2785815,9.588109468737837,23
2785826,9.761553632649049,11
2785836,9.806759096841713,10
2785845,9.840921507762436,9
2785850,9.91071254808107,5
2785861,9.802164302365826,11
2785868,9.869828386160053,7
2785877,9.836168911536365,9
2785881,9.931854643905725,4
2785890,9.828381187075609,9
2785898,9.875592062080223,8
2785911,9.716945475274285,13
2785916,9.913202182755407,5
2785925,9.81583366399903,9
2785938,9.701390094271886,13
2785949,9.797261595847477,11
2785950,10.0,1
2785971,9.51651399739182,21
2785974,9.954361236642779,3
2785983,9.814027366181834,9
2785989,9.89304589419725,6
2785998,9.824774106788013,9
2786016,9.55987465550613,18
2786021,9.924446955053858,5
2786029,9.862924264039567,8
2786032,9.955470352751037,3
2786044,9.71947317379716,12
2786051,9.870553225338863,7
2786052,10.0,1
2786059,9.880202493568085,7
2786073,9.684822449101077,14
2786080,9.870987443820576,7
2786086,9.875754054715314,6
2786093,9.858676251994908,7
2786103,9.800687040218346,10
2786106,9.963820637319179,3
2786113,9.881920256100939,7
2786114,10.0,1
2786115,9.995988799305026,1
2786116,9.9964822302802,1
2786121,9.924954700694837,5
2786134,9.702904841312062,13
2786139,9.926713306224684,5
2786142,9.961958574145086,3
2786143,9.992934132468587,1
2786152,9.8173682885265,9
2786161,9.796626390550276,9
2786171,9.777777936030274,10
2786210,9.15823664027023,39
2786222,9.732763062007342,12
2786238,9.634311416440413,16
2786239,10.0,1
2786256,9.646471560786546,17
2786269,9.736126169664761,13
2786270,10.0,1
2786275,9.902659881136193,5
2786291,9.622094238155647,16
2786305,9.690812661640841,14
2786312,9.875204012210027,7
2786320,9.842941620646165,8
2786334,9.699152631374808,14
2786346,9.763406462514101,12
2786360,9.67793903757644,14
2786369,9.80402542979201,9
2786377,9.862736556413902,8
2786388,9.750452796122957,11
2786403,9.523699306223769,15
2786410,9.864660760453352,7
2786421,9.761741018882923,11
2786422,10.0,1
2786433,9.765228173388563,11
2786436,9.950146406716565,3
2786448,9.74549041260494,12
2786452,9.940007609583194,4
2786472,9.529926125257674,20
2786479,9.86101073514655,7
2786496,9.626563538061395,17
2786500,9.93684873329394,4
2786508,9.854304936762645,8
2786517,9.830919206289575,9
2786527,9.817699252614572,10
2786534,9.88116562211816,7
2786540,9.898881390934843,6
2786545,9.938309449962075,5
2786556,9.780219754561555,11
2786557,10.0,1
2786569,9.745484771308039,12
2786571,9.983704045016227,2
2786587,9.606917648009382,16
2786599,9.71073147655231,12
2786606,9.881303118470338,7
2786609,9.971257859869633,3
2786624,9.70444857024838,15
2786636,9.772952326792526,12
2786645,9.842318931441167,9
2786659,9.697136321670438,14
2786664,9.921861680091503,5
2786667,9.954006357054867,3
2786675,9.859575996604915,8
2786686,9.786520584930017,11
2786695,9.81084357482593,9
2786707,9.749288474253596,12
2786713,9.883647790388702,6
2786722,9.812430546959373,9
2786735,9.706684889951275,13
2786739,9.934173094675772,4
2786771,9.402840843489592,32
2786775,9.932634731479206,4
2786780,9.911209128670553,5
2786786,9.896553407922767,6
2786792,9.90302240426344,6
2786805,9.713500419689437,13
2786812,9.855813152220643,7
2786822,9.813436235624739,10
2786832,9.779534174871143,10
2786838,9.874708693742939,6
2786851,9.695880691933494,13
2786871,9.502013210762449,20
2786881,9.77368990829565,10
2786891,9.779435968718078,10
2786908,9.605137900482648,17
2786929,9.411805875682703,21
2786932,9.95655035848253,3
2786937,9.928978261570418,5
2786950,9.70034504321137,13
2786962,9.54686944872779,12
2786971,9.818302050744375,9
2786986,9.66013966396981,15
2786996,9.816242912260964,10
2787008,9.746973662631914,12
2787025,9.607281500045538,17
2787027,9.977449178370058,2
2787028,10.0,1
2787036,9.820227239393887,8
2787041,9.899937092425928,5
2787048,9.870463282814036,7
2787053,9.920798793940772,5
2787064,9.776919583560852,11
2787076,9.763494354584745,12
2787083,9.862442916732446,7
2787098,9.663402333956544,15
2787112,9.748085013197738,14
2787126,9.654168718647902,14
2787129,9.957406076914838,3
2787135,9.886796344950914,6
2787145,9.782087728938475,10
2787169,9.46740514724107,24
2787178,9.850958850625728,9
2787183,9.942249643207177,5
2787189,9.891499141718239,6
2787199,9.829416617772546,10
2787200,10.0,1
2787201,9.988526879088173,1
2787205,9.935240860053383,4
2787216,9.769231373642961,11
2787222,9.913481975787104,6
2787236,9.495694590801056,14
2787243,9.886524069707015,7
2787252,9.83745831488223,9
2787265,9.750588807494088,13
2787287,9.451631364340601,22
2787295,9.855543947907993,8
2787304,9.840847043391769,9
2787315,9.75150948413787,11
2787320,9.909970764461294,5
2787327,9.762609530039887,7
2787338,9.786924209534666,11
2787350,9.721534665125494,12
2787360,9.799033032512359,10
2787366,9.90334941246432,6
2787372,9.906923031022162,6
2787375,9.950949351570173,3
2787386,9.802771907186239,11
2787399,9.486997269326427,13
2787409,9.782411398532405,10
2787413,9.937764950368095,4
2787428,9.615831280314884,15
2787436,9.851687742390446,8
2787437,10.0,1
2787442,9.924459266570617,5
2787446,9.944493337409266,4
2787459,9.683940771901481,13
2787466,9.867974306101674,7
2787471,9.914303639322895,5
2787472,10.0,1
2787485,9.671661037684906,13
2787518,9.362770890134234,33
2787519,10.0,1
2787525,9.894304570575438,6
2787535,9.81430717448695,10
2787547,9.737204066614359,12
2787548,9.99679815234364,1
2787555,9.85953596666467,7
2787562,9.87684717436125,7
2787571,9.809020296694744,9
2787581,9.780094413283896,10
2787587,9.9009357229813,6
2787594,9.869292335244024,7
2787611,9.589091081219259,17
2787625,9.495489937982375,14
2787635,9.666989075439236,10
2787642,9.872564747336005,7
2787653,9.776245542305123,11
2787654,9.987716778868934,1
2787663,9.837068839968042,9
2787669,9.883989775518085,6
2787674,9.925112670383363,5
2787689,9.635504078484889,15
2787693,9.937750298026042,4
2787703,9.8032539539753,10
2787709,9.884789207307962,6
2787715,9.900326567931232,6
2787721,9.875071996968128,6
2787725,9.931977514786826,4
2787736,9.774553208328689,11
2787746,9.804679617508977,10
2787756,9.804873445481133,10
2787764,9.847951590852944,8
2787776,9.724158269188079,12
2787779,9.956498944659328,3
2787785,9.88882455761522,6
2787789,9.939650745089624,4
2787800,9.791783509678387,11
2787805,9.935892894558924,5
2787815,9.80760259554481,10
2787826,9.766673728370847,11
2787834,9.884243889478848,8
2787835,10.0,1
2787841,9.890877727705844,6
2787857,9.635614172079176,16
2787871,9.56484622269198,14
2787878,9.891774603197891,7
2787887,9.818389546561242,9
2787899,9.754751477262978,12
2787910,9.794286228386284,11
2787911,10.0,1
2787912,10.0,1
2787923,9.754385229968577,11
2787930,9.888294801854482,7
2787938,9.817753844591692,8
2787943,9.893714883660877,5
2787950,9.874429760609948,7
2787951,10.0,1
2787958,9.873775008497638,7
2787969,9.81716189675402,11
2787970,10.0,1
2787991,9.527038051654822,21
2788000,9.83007483952917,9
2788003,9.868123762737145,3
2788010,9.847352671909753,7
2788018,9.852453151496572,8
2788023,9.916073428504246,5
2788033,9.782499336654825,10
2788041,9.834547063834933,8
2788057,9.678533826348314,16
2788067,9.768005876427916,10
2788079,9.726133805919646,12
2788082,9.96420549183376,3
2788089,9.859459972608848,7
2788097,9.85997758885589,8
2788109,9.536160046866096,12
2788124,9.662656245638205,15
2788132,9.849875099419139,8
2788135,9.963177803609165,3
2788145,9.790523445088128,10
2788153,9.852584007911181,8
2788157,9.936467524311581,4
2788163,9.889486319210329,6
2788172,9.840131458427903,9
2788188,9.64504691324432,16
2788196,9.828302953169247,8
2788204,9.8481164415682,8
2788219,9.63819791201583,15
2788230,9.766666379612778,11
2788237,9.883324327937817,7
2788251,9.66680689242952,14
2788258,9.878070842701302,7
2788265,9.860270991650413,7
2788274,9.860567158281063,9
2788281,9.887744603026205,7
2788282,10.0,1
2788289,9.891221693107237,7
2788297,9.834106323322416,8
2788306,9.823598204988036,9
2788310,9.932972145767277,4
2788317,9.884249235092678,7
2788324,9.873260505909776,7
2788333,9.823102014870358,9
2788340,9.88906675560648,7
2788348,9.858724291741286,8
2788349,10.0,1
2788359,9.768424019261195,10
2788362,9.954334844039344,3
2788376,9.695188910652062,14
2788384,9.848883954471336,8
2788400,9.618272601602367,16
2788409,9.790388950152101,9
2788410,10.0,1
2788426,9.668435075837287,16
2788443,9.647383633125084,17
2788466,9.500685438486375,23
2788473,9.881906501740263,7
2788483,9.800223767963152,10
2788489,9.876256229204262,6
2788490,10.0,1
2788491,9.989505448867401,1
2788497,9.899718928498155,6
2788510,9.730018049434607,13
2788521,9.763169659493089,11
2788538,9.624692854304731,17
2788544,9.886722949049089,6
2788555,9.756137262711716,11
2788562,9.868196201736103,7
2788571,9.8164207177753,9
2788579,9.851009365669851,8
2788588,9.793757356954538,9
2788600,9.735926937552694,12
2788604,9.93001404569053,4
2788608,9.933720650427846,4
2788620,9.758610159919293,12
2788637,9.627728663046984,17
2788650,9.7538152406799,13
2788657,9.863020266060936,7
2788670,9.730419124900775,13
2788676,9.880373093628236,6
2788691,9.668788346076534,15
2788699,9.856664843681925,8
2788710,9.746702763488056,11
2788711,10.0,1
2788712,10.0,1
2788715,9.971627035980825,3
2788730,9.711561527598212,15
2788740,9.778474987125088,10
2788741,10.0,1
2788756,9.662556054995836,15
2788764,9.85754092178259,8
2788773,9.80721531431873,9
2788780,9.868094757157914,7
2788793,9.72768538316427,13
2788800,9.870958406959781,7
2788808,9.844975492457118,8
2788826,9.648207066976406,18
2788838,9.739003579170285,12
2788845,9.892918964884581,7
2788851,9.88874060377139,6
2788861,9.822215909328378,10
2788867,9.87987460754458,6
2788868,10.0,1
2788873,9.9276712177257,5
2788883,9.79813540400546,10
2788895,9.781264085087534,12
2788901,9.881060941544202,6
2788912,9.767880201832755,11
2788917,9.90252289125544,5
2788926,9.815360915267087,9
2788937,9.809038831802185,11
2788944,9.878510779478168,7
2788960,9.609561405974253,16
2788975,9.653323035787635,15
2788978,9.949432374422322,3
2788979,10.0,1
2788987,9.818206044607166,8
2788988,10.0,1
2788992,9.933876529816219,4
2789010,9.654481278487694,18
2789011,10.0,1
2789022,9.78050826982662,11
2789034,9.725385358728897,12
2789042,9.863701966989572,8
2789054,9.75038810220788,12
2789070,9.064543010019836,16
2789074,9.834544046687341,4
2789081,9.85450156576424,7
2789085,9.93835579303481,4
2789092,9.847818349158386,7
2789093,10.0,1
2789100,9.892894787196628,7
2789102,9.976741767965557,2
2789111,9.812398381487494,9
2789124,9.721163931587688,13
2789131,9.847904149544215,7
2789140,9.835825467299365,9
2789150,9.786005336052929,10
2789157,9.874123535538212,7
2789175,9.593754846390581,18
2789187,9.744383689097013,12
2789193,9.895012029711078,6
2789202,9.815405299683126,9
2789217,9.691775879556976,15
2789222,9.924020315477433,5
2789244,9.614047530299166,22
2789257,9.690513927232404,13
2789269,9.743950473135117,12
2789277,9.849689349111213,8
2789289,9.732319135706218,12
2789301,9.772911899567843,12
2789313,9.731647638118327,12
2789323,9.77817739082096,10
2789331,9.83806258508282,8
2789348,9.468199660136394,17
2789361,9.710707790224088,13
2789369,9.852882641384195,8
2789374,9.927883476165652,5
2789375,10.0,1
2789381,9.886756199833997,6
2789390,9.817942492801842,9
2789402,9.742095773634421,12
2789410,9.867315447085137,8
2789421,9.762796072869133,11
2789428,9.866419508059384,7
2789429,10.0,1
2789441,9.744830331073866,12
2789455,9.69228707926641,14
2789462,9.895230796829198,7
2789475,9.701896082285634,13
2789496,9.511379071379338,21
2789501,9.896624420231456,5
2789502,9.988338340154572,1
2789507,9.901194882787983,5
2789518,9.791564426052371,11
2789530,9.727588838437796,12
2789531,10.0,1
2789545,9.676356206496672,14
2789549,9.942355846100696,4
2789555,9.885707445619513,6
2789566,9.7510662908662,11
2789571,9.910608403589338,5
2789579,9.83481186544361,8
2789584,9.90253037448221,5
2789592,9.849513330689975,8
2789601,9.842771475261632,9
2789625,9.425829190164967,24
2789637,9.724079745573093,12
2789641,9.940875884359736,4
2789652,9.558570016855546,11
2789665,9.720441863700497,13
2789668,9.964626710898148,3
2789669,10.0,1
2789679,9.801247030987438,10
2789682,9.955856329629956,3
2789694,9.73212373558352,12
2789695,10.0,1
2789701,9.89476449923476,6
2789720,9.57698142698778,19
2789726,9.89069046449423,6
2789728,9.979493312345662,2
2789732,9.94150615869275,4
2789741,9.811833968854453,9
2789750,9.802028746569915,9
2789759,9.81069943496344,9
2789767,9.65442311984409,8
2789775,9.824673596404597,8
2789791,9.646993607819022,16
2789801,9.799801130734945,10
2789802,10.0,1
2789810,9.853117158877991,8
2789813,9.961876796941343,3
2789823,9.767559158623433,10
2789828,9.91031830014764,5
2789835,9.897490300283904,7
2789844,9.826975925940705,9
2789845,10.0,1
2789860,9.669183980936014,15
2789876,9.638394917592436,16
2789880,9.942916168314348,4
2789886,9.90412203960637,6
2789887,10.0,1
2789895,9.879743976978435,8
2789898,9.949622487995066,3
2789903,9.727546199459038,5
2789904,10.0,1
2789911,9.872314176016772,7
2789923,9.772687772010435,12
2789932,9.829282766138043,9
2789937,9.908655093146002,5
2789943,9.894037263948508,6
2789944,10.0,1
2789952,9.83305682909988,8
2789963,9.801467513141587,11
2789972,9.72811348351444,9
2789978,9.591107765654124,6
2789987,9.82321931193118,9
2789999,9.755097547934641,12
2790012,9.734982887928012,13
2790039,4.086821752263554,27
2790050,9.744904338885835,11
2790057,9.859365818479843,7
2790058,10.0,1
2790070,9.742455369332157,12
2790071,9.996488093950287,1
2790076,9.91559066829147,5
2790091,9.64719654011174,15
2790105,9.67890410815918,14
2790115,9.819250972078358,10
2790126,9.762269997729959,11
2790143,9.595261041852362,17
2790146,9.965316263499734,3
2790154,9.848157284887659,8
2790161,9.881077217885837,7
2790163,9.984815969620906,2
2790166,9.960061717623,3
2790175,9.831158307728904,9
2790183,9.834541215473445,8
2790193,9.833911574293944,10
2790204,9.750290205781553,11
2790228,9.521060925707049,24
2790230,9.974115850422368,2
2790244,9.667066066262832,14
2790254,9.799013764557182,10
2790269,9.666342670559919,15
2790287,7.921382597996725,18
2790293,9.900583093212207,6
2790304,9.675214597030836,11
2790313,9.820428749274495,9
2790324,9.756648128020926,11
2790334,9.82163678521943,10
2790347,9.528986650939,13
2790348,10.0,1
2790355,9.885387649935588,7
2790363,9.84488077414671,8
2790375,9.628737923675112,12
2790385,9.77918885206552,10
2790391,9.884924609589769,6
2790406,9.692943372628012,15
2790411,9.9211146961204,5
2790417,9.892530998024851,6
2790421,9.940970341689418,4
2790424,9.959384972322578,3
2790435,9.784955290544584,11
2790436,10.0,1
2790439,9.949701864074799,3
2790444,9.91016994208901,5
2790455,9.773526039123182,11
2790468,9.704298641140449,13
2790483,9.6265007507754,15
2790490,9.858954611141115,7
2790496,9.880098739048565,6
2790497,9.98851615719163,1
2790507,9.797582180166527,10
2790515,9.843974699871659,8
2790524,9.718491656909597,9
2790533,9.804538770903225,9
2790537,9.93703194890228,4
2790545,9.844596037598837,8
2790550,9.912593038930014,5
2790565,9.461000105850522,15
2790571,9.893557273788801,6
2790577,9.913791674467364,6
2790578,10.0,1
2790584,9.880796931781786,6
2790606,9.514735125597953,22
2790607,9.987547829588,1
2790617,9.77633918518301,10
2790624,9.886724250792831,7
2790625,10.0,1
2790632,9.88429008159245,7
2790641,9.831985945646567,9
2790653,9.724975278610017,12
2790671,9.561657840244715,18
2790688,9.398945081417986,17
2790699,9.758035796376811,11
2790709,9.782559863371658,10
2790722,9.728477482426028,13
2790723,9.996277214356818,1
2790742,9.718239973817163,19
2790746,9.94431738462767,4
2790768,9.460003434443474,22
2790781,9.70354758030782,13
2790790,9.843952944483553,9
2790798,9.877642444992622,8
2790807,9.79458033170295,9
2790816,9.806556675219124,9
2790837,9.550211721808639,21
2790847,9.788639679332109,10
2790848,10.0,1
2790857,9.816224252403927,9
2790865,9.842401566882874,8
2790873,9.85257433102857,8
2790874,9.98916752852161,1
2790875,10.0,1
2790884,9.827679973147397,9
2790889,9.94213460150178,5
2790897,9.845388234718833,8
2790901,9.926619383402175,4
2790908,9.878344809844908,7
2790917,9.826178101524533,9
2790925,9.841197345539088,8
2790933,9.860538680014397,8
2790952,9.56077701398481,19
2790967,9.684752956593659,15
2790982,9.663291417242345,15
2790995,9.711446325652368,13
2791014,9.553729571551182,19
2791024,9.792924824742933,10
2791030,9.891815830987808,6
2791046,9.649286678830919,16
2791054,9.870559590908899,8
2791067,9.704825824748411,13
2791071,9.937563023336118,4
2791072,10.0,1
2791074,9.977345979513826,2
2791078,9.939201489812742,4
2791083,9.907397600869164,5
2791086,9.96438074188442,3
2791097,9.75352678025231,11
2791107,9.803541874830442,10
2791119,9.776376851960602,12
2791129,9.801496420754523,10
2791131,9.975786175854779,2
2791141,9.795658507717661,10
2791147,9.901167024945913,6
2791155,9.854619337804333,8
2791160,9.926585026323004,5
2791170,9.586527310239271,10
2791183,9.714924870623907,13
2791186,9.963360932329875,3
2791196,9.811838208786467,10
2791210,9.71202128202175,14
2791216,9.895326277534112,6
2791217,10.0,1
2791228,9.763313742261605,11
2791244,9.670496125186483,16
2791256,9.636297555388548,12
2791262,9.901078388828257,6
2791273,9.823154905675091,11
2791284,9.784551150907669,11
2791296,9.720440400864762,12
2791297,10.0,1
2791300,9.952186493224643,3
2791309,9.825162589436705,9
2791318,9.813087198183338,9
2791327,9.824338609418783,9
2791337,9.797400660452348,10
2791342,9.916592795302002,5
2791352,9.797934903597527,10
2791358,9.90086854251321,6
2791365,9.859495651160097,7
2791373,9.85305256228961,8
2791394,9.523065400071184,21
2791408,9.66699219947698,14
2791422,9.702759077177001,14
2791431,9.833005747193198,9
2791432,10.0,1
2791437,9.907823804909643,5
2791452,9.646729597735675,15
2791458,9.911225598779968,6
2791474,9.53700182202128,16
2791482,9.845248914065015,8
2791490,9.838933600100349,8
2791491,10.0,1
2791501,9.845761311274954,10
2791510,9.803499141203037,9
2791515,9.915374974100304,5
2791519,9.94571806277739,4
2791520,10.0,1
2791533,9.709467636872269,13
2791542,9.84841995039232,9
2791553,9.752408689738978,11
2791563,9.783368020964026,10
2791564,9.992745124890765,1
2791568,9.936803821571017,4
2791578,9.813873037559318,10
2791587,9.626856837763965,9
2791593,9.900037807554622,6
2791594,10.0,1
2791595,9.993240336129926,1
2791609,9.678704982699607,14
2791612,9.953128509241402,3
2791618,9.882202533524529,6
2791627,9.834857383125627,9
2791640,9.696482418585902,13
2791646,9.89313130193502,6
2791647,10.0,1
2791663,9.675797156147967,16
2791667,9.943959612620656,4
2791668,10.0,1
2791673,9.930397706962198,5
2791677,9.940225328558434,4
2791686,9.827691414266118,9
2791702,9.636570798049428,16
2791710,9.866789172233254,8
2791717,9.878493203121119,7
2791728,9.76620603048171,11
2791734,9.883509596247189,6
2791745,9.774382019320182,11
2791751,9.911605163389554,6
2791756,9.926628456077498,5
2791767,9.790453503197863,11
2791772,9.911954131856646,5
2791776,9.953205974294773,4
2791788,9.74617564879764,12
2791798,9.78855318712417,10
2791802,9.929504041660685,4
2791804,9.972903725373003,2
2791817,9.698036183985867,13
2791820,9.959984170746733,3
2791828,9.868004970709968,8
2791840,9.720784612843573,12
2791851,9.800951031086338,11
2791852,10.0,1
2791855,9.97006004023001,3
2791875,8.629742552878879,20
2791886,9.797111256609773,11
2791897,9.753377749754083,11
2791907,9.828984136427202,10
2791915,9.846197753247406,8
2791920,9.918720207637847,5
2791927,9.87005698794269,7
2791939,9.747956712342798,12
2791940,10.0,1
2791945,9.924008430689348,5
2791952,9.852657851392566,7
2791962,9.78418418693269,10
2791966,9.934718517466825,4
2791971,9.942193018231949,5
2791972,10.0,1
2791973,10.0,1
2791985,9.768749650525512,12
2791996,9.795250720922155,11
2792005,9.825553915240702,9
2792015,9.79915702778376,10
2792026,9.819356842884451,11
2792029,9.966983931186158,3
2792033,9.934115217073094,4
2792041,9.849317282780309,8
2792047,9.905333366802456,6
2792054,9.884140572016033,7
2792057,9.956886710460573,3
2792068,9.751483058089272,11
2792083,9.677060248883315,15
2792090,9.869260363080341,7
2792095,9.912222269409686,5
2792110,9.654011863159319,15
2792116,9.900781767856547,6
2792129,9.706034518873036,13
2792142,9.700334106995163,13
2792153,9.726251861760122,11
2792156,9.955029360453116,3
2792174,9.623365538903755,18
2792175,10.0,1
2792187,9.785902445192784,12
2792188,9.989125136904761,1
2792201,9.713069611667898,13
2792207,9.90302568994832,6
2792216,9.823208220765803,9
2792229,9.732679810143223,13
2792235,9.909083566872484,6
2792237,9.97053850308629,2
2792238,10.0,1
2792251,9.710653772906287,13
2792266,8.477554525692607,15
2792271,9.91825556030616,5
2792281,9.785033516989111,10
2792290,9.82095645516978,9
2792300,9.78629209504494,10
2792306,9.898426407670494,6
2792321,9.53560493717092,15
2792376,8.99504373593984,55
2792394,9.620337172777337,18
2792401,9.864944980009414,7
2792421,9.562106301841316,20
2792431,9.810949213768724,10
2792444,9.780355976541099,13
2792451,9.881608432999407,7
2792452,10.0,1
2792456,9.943619690317473,4
2792465,9.829769488666134,9
2792466,10.0,1
2792477,9.770116186095343,11
2792486,9.809256698520446,9
2792493,9.877273071281941,7
2792502,9.830598204913757,9
2792505,9.955794599835842,3
2792508,9.956565711949382,3
2792514,9.773581242284177,6
2792522,9.857763100966833,8
2792524,9.971714224768494,2
2792529,9.899786443321586,5
2792534,9.923887751226033,5
2792542,9.835794916941998,8
2792551,9.832957758004952,9
2792553,9.97923653475887,2
2792555,9.983914853298257,2
2792564,9.807915719120537,9
2792576,9.71855813654206,12
2792590,9.6885773788935,14
2792591,10.0,1
2792600,9.826685103005905,9
2792606,9.902532207150813,6
2792617,9.777284129330848,11
2792631,9.561053471269888,14
2792646,9.71850720246737,15
2792650,9.93589938027283,4
2792655,9.921006130023498,5
2792656,10.0,1
2792674,9.629825630004099,18
2792686,9.75149608755273,12
2792687,10.0,1
2792697,9.77073653331108,10
2792704,9.875318099609835,7
2792718,9.712637861420973,14
2792723,9.914342610377243,5
2792738,9.633831003943005,15
2792749,9.78825945056295,11
2792764,9.682069550773814,15
2792765,10.0,1
2792773,9.878246730728126,8
2792774,10.0,1
2792785,9.790679273805194,11
2792789,9.93451486160772,4
2792800,9.553649944877941,11
2792812,9.749997576819156,12
2792815,9.965686960014091,3
2792833,9.623925651377627,18
2792852,9.604164821605243,19
2792859,9.880190879750476,7
2792866,9.878029077699601,7
2792875,9.805512479278665,9
2792881,9.920866177655828,6
2792895,9.675221513582386,14
2792906,9.790623673053592,11
2792907,10.0,1
2792921,9.693536132885493,14
2792926,9.937069758795927,5
2792951,5.145332960244479,25
2792960,9.825498475180554,9
2792968,9.852506816688377,8
2792974,9.877353058994087,6
2792992,9.64407844424981,18
2792998,9.888754288663794,6
2793012,9.685630330602985,14
2793020,9.84595813915888,8
2793029,9.822463493142942,9
2793041,9.715621430761361,12
2793051,9.794713316112075,10
2793055,9.950460801468177,4
2793059,9.931528691453213,4
2793070,9.757630365203934,11
2793077,9.867448044198976,7
2793083,9.867789565374546,6
2793100,9.607554464832113,17
2793119,9.526923366920476,19
2793139,9.203240895725052,20
2793140,9.989589181908634,1
2793155,9.669442838868875,15
2793160,9.90298454441668,5
2793167,9.866856532005372,7
2793169,9.982584059554492,2
2793181,9.759225877356439,12
2793191,9.777721137579086,10
2793192,10.0,1
2793196,9.945835012278627,4
2793200,9.945782858330341,4
2793209,9.827246053086347,9
2793224,9.698261192301945,15
2793234,9.821227650870433,10
2793239,9.921726949427127,5
2793245,9.902989858970594,6
2793255,9.811840336299396,10
2793265,9.790818951252922,10
2793273,9.831597822679974,8
2793274,10.0,1
2793284,9.788023868610447,10
2793290,9.90194809569644,6
2793301,9.75947311739642,11
2793308,9.86548031041947,7
2793311,9.962866412228044,3
2793314,9.948437282605163,3
2793331,9.60977720535809,17
2793342,9.775974959539742,11
2793351,9.809473489854048,9
2793352,10.0,1
2793359,9.856643116231366,7
2793363,9.930720281171185,4
2793368,9.906809092615362,5
2793375,9.877029359420671,7
2793376,10.0,1
2793378,9.970868108323685,2
2793386,9.826777128563426,8
2793396,9.7797241652189,10
2793402,9.89658334686532,6
2793407,9.899953096898106,5
2793413,9.86408850321319,6
2793420,9.87883456335917,7
2793431,9.73026457743856,11
2793457,9.24552629095301,26
2793469,9.662919394143398,12
2793482,9.708879332182164,13
2793493,9.782621059138256,11
2793500,9.870723357434557,7
2793517,9.636650011084246,17
2793523,9.907070951075356,6
2793537,9.677039637832554,14
2793550,9.719077578672822,13
2793561,9.764579016998718,11
2793571,9.805184495433787,10
2793574,9.954998468674018,3
2793585,9.783377556641575,11
2793593,9.856765410053864,8
2793599,9.893131192617973,6
2793600,10.0,1
2793608,9.821139467656621,8
2793617,9.818761254637357,9
2793620,9.95816871914016,3
2793621,10.0,1
2793639,9.352312359917567,18
2793640,10.0,1
2793641,10.0,1
2793662,9.452510233746123,21
2793680,9.624727663470834,18
2793685,9.918495566696409,5
2793689,9.953887769365652,4
2793697,9.842791882458691,8
2793701,9.945204245535308,4
2793703,9.971823241263703,2
2793722,9.622901875053246,19
2793742,9.544782631615496,20
2793752,9.806306469593023,10
2793762,9.817377746636497,10
2793781,9.620863691776634,19
2793794,9.69098722113456,13
2793798,9.924778631967481,4
2793809,9.758970499814135,11
2793817,9.848966059745178,8
2793826,9.838211786295272,9
2793834,9.834014745323195,8
2793839,9.904452616106038,5
2793850,9.78900749747536,11
2793851,10.0,1
2793859,9.874216061850243,8
2793869,9.843780138182344,10
2793878,9.815980843274666,9
2793891,9.704712304526282,13
2793900,9.828362830092416,9
2793901,10.0,1
2793909,9.86639589210676,8
2793914,9.918842371254277,5
2793921,9.865237001991714,7
2793932,9.829867577287855,11
2793936,9.945640594028783,4
2793948,9.728888623965382,12
2793965,9.451323745367596,17
2793977,9.812431286216285,12
2793988,9.749873616478498,11
2794000,9.753393478175674,12
2794006,9.90130406809832,6
2794015,9.83844778233859,9
2794024,9.820240773326686,9
2794034,9.827816429315623,10
2794045,9.671261344391587,11
2794047,9.977632272939745,2
2794055,9.84613966295385,8
2794060,9.92890928132794,5
2794068,9.826861610009251,8
2794072,9.945633141040734,4
2794085,9.744167386283335,13
2794094,9.819991862197417,9
2794105,9.789292394073332,11
2794113,9.883425334705198,8
2794125,9.742308211374032,12
2794137,9.1748966610974,12
2794141,9.947141585651924,4
2794147,9.882123686038812,6
2794163,9.639478277126477,16
2794166,9.967068555833741,3
2794183,9.503308948417734,17
2794191,9.857646499520245,8
2794200,9.841753744952596,9
2794219,9.520952869280107,19
2794233,9.677761732474188,14
2794234,10.0,1
2794251,9.625086295200502,17
2794252,10.0,1
2794268,9.651362560050508,16
2794272,9.939786743163955,4
2794281,9.849297803411314,9
2794285,9.950452227250468,4
2794303,9.650639374010645,18
2794312,9.79937960995365,9
2794323,9.75629438374082,11
2794334,9.759308840384275,11
2794335,9.996560860178043,1
2794342,9.883959383910053,7
2794349,9.85723075207334,7
2794362,9.714020208802534,13
2794366,9.93949746788313,4
2794377,9.777288877095865,11
2794386,9.813777962162023,9
2794397,9.752439913330626,11
2794405,9.86667660086843,8
2794415,9.776379477212682,10
2794431,9.446534190336683,16
2794432,10.0,1
2794433,10.0,1
2794441,9.824296427778451,8
2794451,9.80200212313809,10
2794464,9.737993779677705,13
2794471,9.887257349598055,7
2794478,9.847413019957106,7
2794489,9.750281915002802,11
2794494,9.920252301542881,5
2794495,10.0,1
2794508,9.734126955242527,13
2794516,9.843709274049107,8
2794524,9.834271688510565,8
2794539,9.727874331524212,15
2794553,9.69012774680545,14
2794557,9.92675963300474,4
2794558,9.996324631542407,1
2794570,9.737597438861782,12
2794576,9.892178884963228,6
2794586,9.77908085296822,10
2794594,9.83044762759916,8
2794620,9.307984799003268,26
2794624,9.937524205291787,4
2794628,9.938649429852118,4
2794638,9.78332431265115,10
2794651,9.4261861923869,13
2794659,9.46867473213533,8
2794667,9.844685240471444,8
2794668,10.0,1
2794670,9.975826294071128,2
2794681,9.766321787387747,11
2794684,9.954987097896346,3
2794690,9.899520381561459,6
2794700,9.77574077361208,10
2794717,9.613897050731946,17
2794722,9.927870589543538,5
2794730,9.840422983387421,8
2794733,9.959249706579637,3
2794740,9.86138061985401,7
2794753,9.718981996041688,13
2794766,9.728016333287123,13
2794774,9.647639748415791,8
2794810,9.315046289288329,36
2794824,9.692232116563893,14
2794836,9.721385336398306,12
2794852,9.66176017661083,16
2794861,9.823870644262229,9
2794868,9.863256029964973,7
2794877,9.800191003811822,9
2794891,8.639802132271699,14
2794895,9.957258630575327,4
2794899,9.92994314983104,4
2794909,9.702165991622008,10
2794917,9.861113993969129,8
2794933,9.651275670111298,16
2794940,9.860448363418673,7
2794951,9.775848055661294,11
2794958,9.869469640951664,7
2794964,9.906185451418866,6
2794968,9.949412763725537,4
2794977,9.82108056201063,9
2794987,9.811308867593,10
2794991,9.939194237179557,4
2794995,9.937175845338741,4
2795005,9.790220718480052,10
2795009,9.93113856408298,4
2795015,9.897985161801834,6
2795023,9.857954538061175,8
2795029,9.892717050032548,6
2795037,9.840624182349202,8
2795042,9.904403512020945,5
2795051,9.829802935529761,9
2795067,9.627567863925405,16
2795072,9.912096675200454,5
2795073,10.0,1
2795082,9.812766944787958,9
2795089,9.867391636712604,7
2795103,9.674404259408128,14
2795104,10.0,1
2795115,9.781734459343058,11
2795125,9.814805763747868,10
2795129,9.932480952325786,4
2795130,10.0,1
2795137,9.87451455744634,7
2795148,9.810006237227872,11
2795164,9.640548613590934,16
2795182,9.231668679997538,18
2795198,9.624913519923302,16
2795206,9.839045845300484,8
2795212,9.884055754460856,6
2795217,9.91964446956158,5
2795231,9.729353220002046,14
2795235,9.633253203449101,4
2795239,9.932883468312951,4
2795248,9.796820009002182,9
2795257,9.809465346288617,9
2795270,9.708552062281546,13
2795282,9.755966727909774,12
2795294,9.7326773521558,12
2795306,9.744565440283768,12
2795315,9.837706921710815,9
2795318,9.953645481540502,3
2795331,9.714127485932652,13
2795334,9.959008574725235,3
2795338,9.938405365382101,4
2795341,9.950197054730177,3
2795347,9.894684177291694,6
2795351,9.946779239586611,4
2795356,9.905219643740365,5
2795367,9.754683405121495,11
2795391,9.519721204730537,24
2795403,9.73035723167263,12
2795420,9.634590470721268,17
2795426,9.870864280133409,6
2795427,10.0,1
2795434,9.848233367907785,7
2795446,9.733936663469432,12
2795456,9.794766053260162,10
2795458,9.982663394893084,2
2795460,9.981992716906815,2
2795462,9.97487467213754,2
2795482,9.530335536951151,20
2795489,9.858179694452769,7
2795497,9.826169344311449,8
2795498,9.996605840259246,1
2795507,9.856642057576357,9
2795510,9.967108662131842,3
2795511,10.0,1
2795526,9.651410603839489,15
2795538,9.65239158059827,12
2795547,9.823081059528647,9
2795553,9.886331768690823,6
2795561,9.846817328237538,8
2795567,9.898316000844902,6
2795576,9.80335139474101,9
2795577,9.989013114869573,1
2795582,9.911910907151388,5
2795590,9.838647264782734,8
2795600,9.7986556368057,10
2795601,10.0,1
2795621,8.659040883347673,20
2795638,9.49739890365071,17
2795654,9.639434872269884,16
2795665,9.748494741697284,11
2795668,9.960476652108303,3
2795678,9.79079372839913,10
2795692,9.684721591457773,14
2795705,9.722465245463663,13
2795712,9.869592785430942,7
2795723,9.782143313720466,11
2795732,9.79711852029196,9
2795735,9.949770230618336,3
2795740,9.9176195932006,5
2795750,9.818055575237977,10
2795755,9.924995696538481,5
2795760,9.909786599712293,5
2795774,9.692589168741618,14
2795779,9.915812761844178,5
2795795,9.675977867543168,16
2795800,9.907048147710443,5
2795816,9.596278383079706,16
2795834,9.186711189833494,18
2795837,9.954023332156375,3
2795847,9.791033278564273,10
2795854,9.863878233338523,7
2795865,9.75387366153229,11
2795873,9.825660912688516,8
2795880,9.889090517550521,7
2795899,9.546365680375892,19
2795905,9.88387905265723,6
2795913,9.837810434238612,8
2795923,9.77238792670031,10
2795935,9.724594245051868,12
2795936,10.0,1
2795940,9.92543864862977,4
2795948,9.81821495051084,8
2795969,9.544308712991898,21
2795970,10.0,1
2795978,9.839865715483851,8
2795984,9.886857279114299,6
2795989,9.908831485906255,5
2795992,9.959759865525346,3
2795996,9.941352609574805,4
2796002,9.880074158419756,6
2796011,9.82359889770693,9
2796019,9.869638767155784,8
2796023,9.939871343959766,4
2796037,9.66813931318574,14
2796043,9.89928853286662,6
2796049,9.888775465148667,6
2796059,9.787212143178351,10
2796077,9.369059298508109,18
2796079,9.57076499724107,2
2796085,9.912176968569462,6
2796089,9.933175312922677,4
2796100,9.782159775647179,11
2796113,9.74675418270595,13
2796118,9.916342869416713,5
2796126,9.859351131231325,8
2796127,10.0,1
2796136,9.80583216332559,9
2796141,9.908578222105037,5
2796152,9.779762691523233,11
2796159,9.873632317841905,7
2796160,10.0,1
2796164,9.94565789947248,4
2796168,9.9214797799098,4
2796176,9.829559172671464,8
2796183,9.91065335614517,7
2796196,9.725801718758404,13
2796203,9.86062501876929,7
2796204,10.0,1
2796205,10.0,1
2796214,9.821231161094701,9
2796224,9.791586131671114,10
2796225,10.0,1
2796232,9.861107392490336,7
2796233,10.0,1
2796242,9.826966072447808,9
2796259,9.68078584092507,17
2796263,9.931684777098878,4
2796270,9.893962325443354,7
2796280,9.768048163761481,10
2796293,9.737552459245373,13
2796296,9.956753066047758,3
2796297,10.0,1
2796305,9.85907278682284,8
2796312,9.868468218938384,7
2796320,9.825954280852253,8
2796332,9.746941525454512,12
2796335,9.960101132465926,3
2796340,9.918664398010609,5
2796347,9.842577090258523,7
2796376,9.451193051478946,29
2796388,9.545683413409662,12
2796393,9.934617333123937,5
2796402,9.701199227178526,9
2796416,9.708243818574704,14
2796417,10.0,1
2796425,9.857724288964866,8
2796434,9.831541413247193,9
2796435,10.0,1
2796446,9.742879033315353,11
2796451,9.896161336023498,5
2796461,9.801130117576674,10
2796467,9.905376596348184,6
2796470,9.968516752812159,3
2796478,9.850586529174455,8
2796479,10.0,1
2796489,9.783580162230777,10
2796495,9.878730745197036,6
2796504,9.80202519745231,9
2796511,9.856070995999826,7
2796524,9.754062126330155,13
2796538,9.55727963102098,14
2796544,9.79469136496582,6
2796546,9.984751536030824,2
2796555,9.827713754338266,9
2796564,9.809129302339299,9
2796573,9.816278751142796,9
2796584,9.748650237965231,11
2796590,9.890911021193082,6
2796599,9.825468563516857,9
2796606,9.874154792473592,7
2796623,9.623574430538204,17
2796641,9.599848930311348,18
2796649,9.86767478897812,8
2796653,9.936622177690497,4
2796663,9.796486560553694,10
2796684,9.56061747663685,21
2796698,9.685826795824141,14
2796717,9.603314475225616,19
2796724,9.88519090695857,7
2796725,9.988377403431558,1
2796736,9.800092991814228,11
2796750,9.730231426867812,14
2796758,9.847767912780165,8
2796762,9.951092634792495,4
2796767,9.929498867178141,5
2796770,9.964752841098168,3
2796779,9.624781660376026,9
2796789,9.789916959032126,10
2796797,9.842383592104929,8
2796798,10.0,1
2796799,10.0,1
2796833,9.328067095845867,34
2796842,9.823584185718456,9
2796845,9.766548077106531,3
2796850,9.91155776286625,5
2796858,9.838707229865854,8
2796859,10.0,1
2796875,9.632304859824213,16
2796884,9.72388345697934,9
2796890,9.896119833544088,6
2796905,9.663360923335423,15
2796917,9.733968554014414,12
2796925,9.830984071497339,8
2796934,9.821652887966005,9
2796938,9.934759440187163,4
2796942,9.937100960998988,4
2796950,9.842609543317463,8
2796955,9.815075121592463,5
2796960,9.926436660973412,5
2796971,9.820799677712282,11
2796981,9.77606338309728,10
2796989,9.859995911146594,8
2797006,9.610009202189975,17
2797029,9.472299619418923,23
2797039,9.803503377734142,10
2797046,9.864475985754721,7
2797058,9.760005259844593,12
2797065,9.888507649851192,7
2797075,9.799234073615677,10
2797086,9.751768435488916,11
2797098,9.744440627095843,12
2797118,9.568200223729413,20
2797132,9.687932914610458,14
2797142,9.797030499108677,10
2797143,10.0,1
2797147,9.945305667223924,4
2797161,9.68774096587254,14
2797172,9.758034951726327,11
2797179,9.863697295534479,7
2797189,9.782450298975853,10
2797214,9.496440739308042,25
2797224,9.854619715095447,10
2797235,9.77373878952574,11
2797241,9.883280255028716,6
2797252,9.789924775621756,11
2797267,9.647720248461646,15
2797274,9.895632921020376,7
2797285,9.785564598499608,11
2797293,9.83151088144985,8
2797309,9.660382715950966,16
2797316,9.89919278895867,7
2797326,9.802905882031817,10
2797338,9.744617167855894,12
2797343,9.902950902209744,5
2797344,10.0,1
2797356,9.73620245888535,12
2797367,9.754525791963752,11
2797372,9.914287188527439,5
2797376,9.952143148181372,4
2797391,9.68939052229189,15
2797404,9.713331017166231,13
2797414,9.779257900558328,10
2797424,9.786328708676859,10
2797432,9.823675508172787,8
2797438,9.898201679401962,6
2797446,9.847488900443706,8
2797468,8.034420797721115,22
2797479,9.781832344306668,11
2797492,9.71223852787834,13
2797497,9.91495891759116,5
2797498,10.0,1
2797504,9.88640465843138,6
2797517,9.569955141061659,13
2797520,9.767853090560001,3
2797533,9.725288674595232,13
2797538,9.924752187037653,5
2797539,10.0,1
2797551,9.740080771322255,12
2797594,9.170793119242468,43
2797601,9.886692204811816,7
2797609,9.866783231462872,8
2797616,9.872798606213234,7
2797623,9.886612348710512,7
2797631,9.846159078131098,8
2797640,9.62766471217269,9
2797641,10.0,1
2797656,9.712860177420108,15
2797672,9.682695128967609,16
2797680,9.851057499322783,8
2797696,9.636886284573837,16
2797703,9.864104457466318,7
2797709,9.901712427565625,6
2797715,9.890193506462161,6
2797723,9.834635889766712,8
2797729,9.90782825151033,6
2797738,9.835386526004694,9
2797746,9.845664382207403,8
2797750,9.938013504048882,4
2797757,9.754710751070558,7
2797758,10.0,1
2797768,9.827398862055745,10
2797776,9.852300128835978,8
2797778,9.976546472098399,2
2797789,9.784895929652874,11
2797798,9.824009658931946,9
2797803,9.918387084091037,5
2797811,9.882793496328887,8
2797825,9.747261985097287,14
2797835,9.779335016153238,10
2797843,9.868558693913899,8
2797853,9.812504519804046,10
2797865,9.775607301764744,12
2797875,8.651145639466996,10
2797887,9.53923595896774,12
2797897,9.825006580242645,10
2797898,9.99610654753658,1
2797907,9.813232603413983,9
2797915,9.82311866902733,8
2797920,9.924545073844008,5
2797928,9.830090387892092,8
2798428,-205.41167691270823,500
2798928,-212.9110762954838,500
2799428,-210.6428755105014,500
2799928,-213.92721711874813,500
2799938,9.79394437200489,10
2799944,9.890430180350819,6
2799950,9.885455225041227,6
2799954,9.932904107827545,4
2799959,9.927995848390808,5
2799960,10.0,1
2799970,9.796647287542813,10
2799974,9.935773156619724,4
2799996,9.514701469395018,22
2800005,9.810624209693646,9
2800022,9.628342596196324,17
2800031,9.790449904928597,9
2800033,9.984649714544965,2
2800034,10.0,1
2800035,10.0,1
2800049,9.687759539666532,14
2800050,10.0,1
2800054,9.934561808149418,4
2800059,9.9322873375225,5
2800071,9.747162224857883,12
2800088,9.608373409836739,17
2800094,9.913413802757137,6
2800103,9.82822985262335,9
2800113,9.796001471463585,10
2800117,9.942021912612526,4
2800124,9.883174650590869,7
2800135,9.75458598300704,11
2800147,9.734056063131533,12
2800160,9.717633451406853,13
2800170,9.782079723306673,10
2800171,10.0,1
2800179,9.882977274687404,8
2800188,9.814119111829152,9
2800189,10.0,1
2800199,9.775581813947067,10
2800213,9.70861407050315,14
2800224,9.766245126607002,11
2800237,9.725682705559763,13
2800242,9.902506775356871,5
2800250,9.842944344958978,8
2800253,9.948342359220801,3
2800254,10.0,1
2800255,10.0,1
2800264,9.820616762702981,9
2800271,9.87537944923203,7
2800274,9.953309293579998,3
2800282,9.849026502052034,8
2800291,9.816414459565483,9
2800305,8.506441051963753,14
2800320,9.648850437090086,15
2800325,9.903504845569124,5
2800336,9.80668448731012,11
2800345,9.796683403035166,9
2800353,9.835128321832867,8
2800365,9.739337215216715,12
2800375,9.79272301698471,10
2800386,9.779589297753377,11
2800387,10.0,1
2800400,9.746010031073286,13
2800411,9.769498041678034,11
2800423,9.72534375530087,12
2800431,9.853118127661565,8
2800450,9.652565156653779,19
2800455,9.905804073719535,5
2800460,9.89783541874339,5
2800469,9.815505669385956,9
2800480,9.754843548065717,11
2800488,9.857966775822057,8
2800497,9.80830822796105,9
2800504,9.88673180130744,7
2800513,9.813107752941413,9
2800519,9.88121748362571,6
2800530,9.741145943826824,11
2800544,9.731131886066754,14
2800550,9.89182121759109,6
2800559,9.798167039653979,9
2800563,9.94599521616046,4
2800565,9.984973941655918,2
2800577,9.713076610203615,12
2800633,8.028531096005434,56
2800644,9.754264430202811,11
2800649,9.91392231357348,5
2800656,9.86369921623653,7
2800666,9.768075687809013,10
2800686,9.559385983820118,20
2800696,9.782441580167209,10
2800710,9.728878378776532,14
2800719,9.840520071272007,9
2800720,9.9964822302802,1
2800732,9.753807865643225,12
2800734,9.978999105536802,2
2800745,9.787285646640385,11
2800765,9.42398258934369,20
2800778,9.719474741651592,13
2800782,9.93417562518316,4
2800794,9.741220932622246,12
2800799,9.915808963857945,5
2800812,9.660923725885176,13
2800818,9.872068828205881,6
2800825,9.87340900456312,7
2800828,9.957322019879593,3
2800832,9.936662019224446,4
2800850,9.574298214223136,18
2800858,9.814168284950782,8
2800874,9.632727006961629,16
2800879,9.718357510044234,5
2800885,9.877125989571285,6
2800897,9.699820207633325,12
2800900,9.962446375225847,3
2800908,9.845982522273783,8
2800921,9.731130528497223,13
2800937,9.632988037064765,16
2800946,9.839258971439685,9
2800956,9.789008085394578,10
2800957,10.0,1
2800967,9.776679527170877,10
2800971,9.937479317887695,4
2800980,9.816302531738128,9
2800995,9.608808664801387,15
2800996,10.0,1
2801004,9.847463193904163,8
2801020,9.65399924847861,16
2801029,9.811451915736457,9
2801042,9.7178427176754,13
2801051,9.859487596326456,9
2801071,9.576236130975088,20
2801088,9.593562595490864,17
2801095,9.85727279614396,7
2801096,10.0,1
2801103,9.881973707010307,7
2801116,9.546988287398008,13
2801121,9.907356613891217,5
2801128,9.899690270409389,7
2801135,9.863036436358737,7
2801142,9.875030140346844,7
2801148,9.887329549868966,6
2801158,9.855312537889331,10
2801167,9.84299941317522,9
2801168,10.0,1
2801179,9.74729887993603,11
2801182,9.955188223416323,3
2801194,9.750320461580115,12
2801196,9.973911158054905,2
2801203,9.870837180297451,7
2801211,9.872845620231743,8
2801219,9.849501168389668,8
2801231,9.73487013772639,12
2801240,9.836224518351324,9
2801255,9.667389233051013,15
2801260,9.932406975877585,5
2801269,9.870657655512781,9
2801270,10.0,1
2801281,9.779818940069797,11
2801293,9.76293755907686,12
2801303,9.770391864282555,10
2801304,10.0,1
2801313,9.81835085242329,9
2801327,9.712474519790225,14
2801343,9.658113459148487,16
2801348,9.909016107455454,5
2801354,9.895641602135813,6
2801355,10.0,1
2801358,9.954414076231565,3
2801359,10.0,1
2801370,9.734238227931758,11
2801377,9.862466100534172,7
2801386,9.832956801117199,9
2801393,9.867981418206085,7
2801401,9.864735333841315,8
2801418,9.656343102678996,17
2801432,9.701591493903546,14
2801442,9.772487343023933,10
2801455,9.719502358606787,13
2801466,9.74284155975962,11
2801479,9.7339027281114,13
2801483,9.93571759049319,4
2801485,9.985148728699539,2
2801489,9.933147515875302,4
2801493,9.939415494173716,4
2801495,9.979650184011989,2
2801505,9.809367732928088,10
2801508,9.947726796462717,3
2801516,9.85683169758124,8
2801528,9.732137788858559,12
2801540,9.76938313398706,12
2801551,9.76129191369649,11
2801559,9.868326785702756,8
2801571,9.787288571307176,12
2801572,10.0,1
2801574,9.981670446387227,2
2801590,9.436840242400738,16
2801600,9.789044114667906,10
2801613,9.724837170157768,13
2801625,9.740024016723753,12
2801641,9.648995967497147,16
2801664,9.49915190587578,23
2801669,9.829506390341477,5
2801685,9.661126614900006,16
2801693,9.85352432191875,8
2801702,9.832700077983763,9
2801718,9.641425329112337,16
2801729,9.765511357127096,11
2801742,9.73119640481482,13
2801746,9.935402465779072,4
2801757,9.757945039877033,11
2801763,9.89802336512264,6
2801773,9.769817182061667,10
2801781,9.869641046180785,8
2801797,9.638333649526627,16
2801810,9.743945208511544,13
2801811,10.0,1
2801819,9.826927755988008,8
2801821,9.980423317559868,2
2801876,7.856227199028043,55
2801880,9.931946131499496,4
2801881,10.0,1
2801893,9.774594906837388,12
2801896,9.959852868814568,3
2801910,9.696215497503555,14
2801916,9.8959139734455,6
2801921,9.904578660160011,5
2801925,9.95469347002237,4
2801938,9.714057226789796,13
2801939,10.0,1
2801953,9.678694760736406,14
2801965,9.753535644957042,12
2801983,9.575793445199462,18
2801986,9.957486646712532,3
2802012,8.802677788019045,26
2802021,9.588175947268269,9
2802032,9.670556726210133,11
2802045,9.720450099222294,13
2802054,9.78712226175786,9
2802059,9.919660633783847,5
2802063,9.938040274978897,4
2802064,10.0,1
2802070,9.894182433260147,6
2802075,9.924423830238478,5
2802080,9.820924669068678,5
2802081,10.0,1
2802097,9.613923796838113,16
2802104,9.877162187273932,7
2802110,9.895213044454092,6
2802118,9.855253434538879,8
2802124,9.87983563790358,6
2802127,9.951394989748742,3
2802138,9.7742011425415,11
2802142,9.945664049306512,4
2802150,9.8396287055706,8
2802162,9.738285658014783,12
2802173,9.75454417291001,11
2802185,9.763170844411341,12
2802191,9.90242449446659,6
2802200,9.805470963131121,9
2802217,9.630443385252697,17
2802225,9.837062869058526,8
2802232,9.893212861764912,7
2802239,9.882865988049026,7
2802249,9.791658253880978,10
2802254,9.908172570347675,5
2802266,9.734589731516566,12
2802269,9.969483812640854,3
2802278,9.828088563289004,9
2802281,9.961350942517008,3
2802294,9.72203221291361,13
2802300,9.884143185088043,6
2802301,10.0,1
2802309,9.827986513684012,8
2802320,9.763493632890029,11
2802325,9.929061793655825,5
2802339,9.48381140547848,14
2802346,9.875405608378665,7
2802362,9.61484302866953,16
2802374,9.770133689646297,12
2802387,9.724422608634216,13
2802399,9.72804677107536,12
2802405,9.890712655420478,6
2802419,9.67591537226904,14
2802432,9.708910280057914,13
2802446,9.697165348839134,14
2802451,9.914982376801891,5
2802461,9.84001245580853,10
2802481,9.58983160331338,20
2802493,9.775541146754808,12
2802494,10.0,1
2802495,10.0,1
2802499,9.834703007683094,4
2802513,9.707048072526923,14
2802519,9.900570651728497,6
2802537,9.664352554002496,18
2802543,9.890903464618011,6
2802549,9.908408953737638,6
2802556,9.86350523082116,7
2802573,9.598934880232337,17
2802574,10.0,1
2802575,10.0,1
2802591,9.645124253574128,16
2802592,9.992786695098554,1
2802598,9.903249141310338,6
2802616,9.586661071195392,18
2802623,9.88812388113818,7
2802637,9.673342864185567,14
2802641,9.9329457145782,4
2802653,9.752596879127138,12
2802662,9.81902907927906,9
2802670,9.82454535988077,8
2802673,9.949264363438955,3
2802685,9.735877947003027,12
2802692,9.868608284453376,7
2802704,9.734839501830649,12
2802716,9.78299139783814,12
2802727,9.743210265758062,11
2802737,9.794230994754134,10
2802752,9.671153856554401,15
2802756,9.939657537287124,4
2802757,10.0,1
2802759,9.974436440221647,2
2802764,9.920504998368052,5
2802772,9.87105870935569,8
2802779,9.869906569638648,7
2802788,9.85345318457371,9
2802804,9.651584728080289,16
2802817,9.726774589980025,13
2802826,9.839699282940444,9
2802837,9.784862013177028,11
2802842,9.909508139378202,5
2802859,9.622989776663486,17
2802864,9.91990647785502,5
2802866,9.980438830767044,2
2802876,9.797582229627801,10
2802883,9.898213164480808,7
2802899,9.641582936515045,16
2802907,9.847480135754017,8
2802918,9.764476540914918,11
2802921,9.951940607545149,3
2802929,9.83664249728093,8
2802942,9.708594318525414,13
2802958,9.688009001675221,16
2802977,7.634569001329081,19
2802984,9.853665174045075,7
2802991,9.87687245688829,7
2802992,10.0,1
2802997,9.914549735334951,5
2803009,9.744406051664216,12
2803011,9.969278290061554,2
2803018,9.874428199679896,7
2803019,10.0,1
2803027,9.867314400649727,8
2803040,9.697373226905155,13
2803054,9.698076865106161,14
2803071,9.573620657851098,17
2803086,9.666056002846299,15
2803088,9.974688759823303,2
2803098,9.788093169848583,10
2803108,9.804037437375005,10
2803112,9.946542909945208,4
2803121,9.81620763541561,9
2803128,9.856907518192155,7
2803142,9.683823421793878,14
2803156,9.663346195159072,14
2803160,9.941645916608916,4
2803167,9.869072526757495,7
2803178,9.752622103055668,11
2803191,9.713997209044228,13
2803196,9.922464239908992,5
2803203,9.858861882227556,7
2803218,9.671681613800377,15
2803223,9.908100336455286,5
2803224,10.0,1
2803232,9.817661223630617,8
2803245,9.718914032109437,13
2803257,9.735855387436347,12
2803269,9.754415908695597,12
2803282,9.711546683859954,13
2803293,9.779732938763946,11
2803301,9.847953744296769,8
2803314,9.689146894585926,13
2803325,9.761545868386786,11
2803331,9.915143675602685,6
2803343,9.741687797991784,12
2803352,9.813091298785722,9
2803371,9.545096637606962,19
2803383,9.528100629569291,12
2803392,9.808013305117486,9
2803408,9.629127524510768,16
2803419,9.80805158667107,11
2803426,9.868366468140453,7
2803431,9.92151241826789,5
2803439,9.862899487322874,8
2803448,9.828547630029993,9
2803454,9.89779123569202,6
2803457,9.95556054506673,3
2803464,9.85396146367133,7
2803468,9.92512901981113,4
2803484,9.65312315924731,16
2803494,9.806747579654347,10
2803515,9.564002425627296,21
2803528,9.687163658644065,13
2803533,9.932002162523887,5
2803542,9.815548496627486,9
2803555,9.698718237708317,13
2803564,9.822516682233386,9
2803573,9.800211400246228,9
2803592,9.606627539567876,19
2803604,9.730411323916105,12
2803610,9.881393001288815,6
2803624,9.68827764549518,14
2803634,9.793460879580238,10
2803638,9.942734889864559,4
2803656,9.583233113258395,18
2803662,9.891226564063935,6
2803672,9.817384615958035,10
2803673,10.0,1
2803681,9.861153463282516,8
2803692,9.783707828307694,11
2803701,9.795599363781754,9
2803708,9.885302030770148,7
2803710,9.981648828991899,2
2803728,9.645787526081559,18
2803733,9.91777050071326,5
2803738,9.920993600207936,5
2803739,10.0,1
2803740,10.0,1
2803743,9.957084827596438,3
2803746,9.956620845067954,3
2803754,9.829647070895927,8
2803758,9.944824437862545,4
2803759,10.0,1
2803774,9.656673651818744,15
2803775,9.992060002373819,1
2803785,9.816187679255552,10
2803788,9.953538887869914,3
2803802,9.653285888143495,14
2803804,9.974267910461197,2
2803817,9.744558512382355,13
2803824,9.870367056762351,7
2803835,9.767789661043329,11
2803848,9.768361035793802,13
2803859,9.78406975894977,11
2803866,9.843023622978611,7
2803872,9.886079254225214,6
2804105,3.5707206212529226,233
2804113,9.832463726965448,8
2804122,9.838550333164596,9
2804130,9.879946062758195,8
2804131,10.0,1
2804141,9.81488580232742,10
2804143,9.97036642452771,2
2804156,9.696571987450406,13
2804165,9.841424937696802,9
2804181,9.631216670009541,16
2804187,9.891539056961903,6
2804192,9.928539948947364,5
2804199,9.872687909106636,7
2804208,9.821683817997844,9
2804223,9.186642025138664,15
2804233,9.785062384020852,10
2804243,9.793871855935487,10
2804253,9.791989472676159,10
2804260,9.854359373251587,7
2804276,9.610146250780094,16
2804279,9.96572459875361,3
2804292,9.735050796633713,13
2804299,9.890139206786866,7
2804306,9.863363145889682,7
2804315,9.842330787688981,9
2804328,9.697756564273277,13
2804354,8.601447420183431,26
2804365,9.761138932663528,11
2804372,9.858706638418598,7
2804380,9.848738263155084,8
2804391,9.747795044567074,11
2804402,9.794066583245655,11
2804415,9.523475972643393,13
2804425,9.792114245182718,10
2804429,9.937820204249062,4
2804430,10.0,1
2804445,9.674851104932152,15
2804446,10.0,1
2804460,9.710701126109425,14
2804473,9.726372960653174,13
2804482,9.812596548025855,9
2804496,9.687668993566092,14
2804511,9.61631099792497,15
2804516,9.938553043293055,5
2804519,9.959942845800636,3
2804527,9.83787918705549,8
2804528,10.0,1
2804529,10.0,1
2804540,9.74784840777821,11
2804555,9.661474003022718,15
2804565,9.776471552948449,10
2804595,7.361528316247574,30
2804605,9.788747499990448,10
2804609,9.938299393955202,4
2804622,9.71638622175715,13
2804623,10.0,1
2804634,9.77423244214044,11
2804641,9.848059093331342,7
2804656,9.697978054530164,15
2804657,10.0,1
2804671,9.40525378126807,14
2804685,9.371553156279967,14
2804723,9.209847374484958,38
2804741,9.528412664337452,18
2804747,9.890073934045706,6
2804759,9.806694282080752,12
2804766,9.848353988414136,7
2804772,9.886025678060209,6
2804785,9.765613417289934,13
2804791,9.895111070082104,6
2804801,9.791276454766983,10
2804815,9.699572229084588,14
2804820,9.920887884304875,5
2804826,9.879728409186077,6
2804837,9.765503047737793,11
2804850,9.68814028723833,13
2804870,9.356060908288947,20
2804876,9.877456316217101,6
2804877,9.992640832441028,1
2804878,10.0,1
2804887,9.839721074181059,9
2804888,10.0,1
2804889,10.0,1
2804898,9.828369561911227,9
2804906,9.82146709502054,8
2804919,9.75766926717557,13
2804936,9.569179075582088,17
2804938,9.974381878070137,2
2804940,9.976487107944285,2
2804948,9.849806597947282,8
2804960,9.734807098091526,12
2804971,9.79776912129802,11
2804984,9.708523766121447,13
2804991,9.765161819389691,7
2804994,9.966213148249697,3
2805005,9.751891959512276,11
2805019,9.687325099625971,14
2805034,9.64164970215756,15
2805040,9.904384501686923,6
2805048,9.766430385831466,8
2805059,9.814662169141174,11
2805070,9.775330284687353,11
2805081,9.774984106154452,11
2805093,9.726992830500938,12
2805094,10.0,1
2805101,9.857830348509912,7
2805105,9.94719767632193,4
2805113,9.830249810315397,8
2805117,9.939295856123625,4
2805119,9.972303262298283,2
2805124,9.906308000868211,5
2805129,9.927110905529092,5
2805137,9.832444680067917,8
2805157,8.633084356090821,20
2805170,9.351857265525597,13
2805179,9.827921352443665,9
2805189,9.811740178220548,10
2805194,9.919610175117187,5
2805204,9.791400642028792,10
2805205,10.0,1
2805212,9.864645152885618,7
2805213,9.992105191855643,1
2805225,9.730988934445337,12
2805229,9.935015793772193,4
2805233,9.945160803354952,4
2805241,9.839254141784107,8
2805250,9.812580566504389,9
2805256,9.90399559376209,6
2805260,9.951749679589645,4
2805265,9.916824273615518,5
2805273,9.841879437303678,8
2805280,9.865079497052212,7
2805291,9.76138231078756,11
2805301,9.820690199565401,10
2805306,9.913735706134519,5
2805317,9.76303779269647,11
2805334,9.594942911011788,17
2805355,9.51306175387205,21
2805358,9.955736557828692,3
2805359,10.0,1
2805371,9.72718210411124,12
2805376,9.925259105135558,5
2805387,9.7512416175719,11
2805397,9.806941381416365,10
2805405,9.846553566238251,8
2805411,9.882603755631735,6
2805424,9.704915463864637,13
2805436,9.75988819584406,12
2805453,9.604692369958924,17
2805460,9.87520494550069,7
2805461,10.0,1
2805467,9.884672981949091,6
2805473,9.788818909431185,6
2805474,10.0,1
2805483,9.824149201628789,9
2805491,9.847095790334963,8
2805499,9.843181968043247,8
2805507,9.853716448172888,8
2805508,10.0,1
2805513,9.909533080932954,5
2805521,9.84026864266274,8
2805529,9.848892145100955,8
2805530,10.0,1
2805540,9.492298372193225,10
2805541,10.0,1
2805546,9.915161278007085,5
2805549,9.958377918162652,3
2805552,9.966863258630674,3
2805560,9.838562476104391,8
2805573,9.727750682270015,13
2805576,9.955492439230877,3
2805580,9.929202605310536,4
2805596,9.716869585393068,16
2805608,9.613731546191325,12
2805622,9.666601556855758,14
2805633,9.747278921133645,11
2805641,9.834584833826506,8
2805652,9.767049521670156,11
2805653,10.0,1
2805654,10.0,1
2805665,9.789287417633476,11
2805666,9.986965832665055,1
2805687,9.50087157288209,21
2805729,9.172249242857522,42
2805740,9.762321982913837,11
2805746,9.892929533414478,6
2805760,9.670862611186235,14
2805764,9.934875240500455,4
2805765,10.0,1
2805766,10.0,1
2805771,9.920954546256734,5
2805776,9.923634484559862,5
2805792,9.657981613810247,16
2805796,9.947478546880737,4
2805806,9.815679294219555,10
2805819,9.527907577417276,13
2805829,9.791861961326022,10
2805836,9.852761916251561,7
2805847,9.753358127517453,11
2805849,9.973159722115014,2
2805856,9.85853900671524,7
2805862,9.91239310489256,6
2805873,9.755333731840427,11
2805882,9.817436288156804,9
2805892,9.812028469520014,10
2805893,10.0,1
2805903,9.800323967936912,10
2805912,9.830515703025727,9
2805921,9.841770683677629,9
2805926,9.920054263396507,5
2805927,10.0,1
2805935,9.859256250741153,8
2805946,9.765687327060139,11
2805955,9.837031868712135,9
2805960,9.908271536571661,5
2805976,9.664108653416767,16
2805977,10.0,1
2805990,9.721209116754585,13
2805996,9.893704823224828,6
2806016,9.550405827297775,20
2806027,9.753255210368438,11
2806037,9.797288934553546,10
2806052,9.671514187357541,15
2806064,9.746487416704102,12
2806078,9.703387977564972,14
2806079,10.0,1
2806091,9.746823161802018,12
2806114,9.449549706850192,23
2806129,9.67085748250317,15
2806139,9.786072948555704,10
2806147,9.827233765877118,8
2806150,9.943554873852941,3
2806170,9.589255270925642,20
2806178,9.834822695799193,8
2806191,9.722301856155656,13
2806200,9.8318189540606,9
2806210,9.807364593166428,10
2806211,10.0,1
2806217,9.900327741103899,6
2806224,9.89235918912819,7
2806233,9.840392002655628,9
2806247,9.74291780082825,14
2806249,9.969404621817754,2
2806258,9.819874520797805,9
2806259,10.0,1
2806264,9.917053424391423,5
2806273,9.801136544357544,9
2806290,9.575840522721649,17
2806306,9.701753574452688,16
2806307,10.0,1
2806308,10.0,1
2806315,9.861910171637458,7
2806316,9.988416768418455,1
2806324,9.831578017027919,8
2806327,9.952531556504427,3
2806340,9.755146051860493,13
2806346,9.882871063528672,6
2806347,10.0,1
2806349,9.77787854008511,2
2806355,9.90165843093609,6
2806364,9.806711699015299,9
2806373,9.838917907010885,9
2806382,9.835165255394452,9
2806399,9.608211019450357,17
2806409,9.794910472863798,10
2806421,9.722833622779552,12
2806437,9.647362740730301,16
2806442,9.926883502620797,5
2806455,9.72965245765119,13
2806466,9.751501082867575,11
2806480,9.71890064733451,14
2806493,9.795059469189214,13
2806503,9.794151110226053,10
2806513,9.801541768772074,10
2806516,9.968549258018374,3
2806529,9.741505321538028,13
2806530,10.0,1
2806532,9.984767528039363,2
2806544,9.751503862964158,12
2806549,9.919760869723913,5
2806558,9.821882814202201,9
2806559,10.0,1
2806565,9.90429253924975,6
2806574,9.834302679734435,9
2806575,10.0,1
2806576,9.996658104390919,1
2806586,9.797402570983447,10
2806597,9.764522284184471,11
2806603,9.887129363389237,6
2806612,9.81558934262638,9
2806617,9.931936865237454,5
2806632,9.683957238759806,15
2806645,9.50046117990962,13
2806663,9.427301450643423,18
2806674,9.80890148861521,11
2806685,9.765052947309574,11
2806688,9.96282750468577,3
2806698,9.78868102619685,10
2806715,9.596988029583583,17
2806729,9.695287686710271,14
2806737,9.851853404155642,8
2806746,9.805706439530052,9
2806756,9.79818759371064,10
2806768,9.754943191530513,12
2806774,9.895955755537578,6
2806775,9.993191135797078,1
2806786,9.748169740846501,11
2806791,9.918137343028443,5
2806799,9.852451972083271,8
2806817,9.592279302399483,18
2806824,9.88987061492279,7
2806825,10.0,1
2806831,9.910146304565458,6
2806841,9.802332730095205,10
2806846,9.91358621650659,5
2806860,9.675430601847701,14
2806861,10.0,1
2806862,10.0,1
2806871,9.805876745487154,9
2806879,9.827364089035987,8
2806883,9.937968487632416,4
2806896,9.707665088665417,13
2806899,9.967510390142898,3
2806915,9.63727873943309,16
2806933,9.549262295342283,18
2806937,9.931366175887375,4
2806946,9.829080389991129,9
2806957,9.774162818961702,11
2806958,10.0,1
2806960,9.974017053968558,2
2806970,9.821868488340405,10
2806979,9.832416193759832,9
2806987,9.843729844072644,8
2807019,9.375694778113974,32
2807024,9.90422782934175,5
2807034,9.77266979725825,10
2807049,9.676677548505328,15
2807058,9.825839646944624,9
2807068,9.790204338040983,10
2807081,9.721646061898014,13
2807088,9.8831375293971,7
2807095,9.866198028707064,7
2807111,9.6622264373458,16
2807120,9.82135154233122,9
2807132,9.744319249378401,12
2807139,9.868388152763101,7
2807151,9.749478714152032,12
2807152,10.0,1
2807165,9.715902945155339,13
2807174,9.825129182233264,9
2807186,9.753337720902014,12
2807197,9.767243372877976,11
2807206,9.809522212236162,9
2807214,9.861834490895797,8
2807226,9.730242582550906,12
2807240,9.704247036201341,14
2807249,9.815679295369682,9
2807263,9.496628354852115,14
2807264,10.0,1
2807269,9.926980614032932,5
2807279,9.783031678883836,10
2807288,9.817971078454308,9
2807302,9.704246863168528,14
2807305,9.953415725838385,3
2807319,9.73039500942803,14
2807326,9.890739809338537,7
2807327,10.0,1
2807335,9.843128284261436,8
2807347,9.701870267513197,12
2807352,9.917573235279649,5
2807360,9.825916166656734,8
2807363,9.959542046797662,3
2807378,9.67966560310532,15
2807392,9.674233347762678,14
2807399,9.893882870706841,7
2807407,9.839825971821472,8
2807431,8.336685309355152,24
2807437,9.891766853530095,6
2807441,9.94792679063519,4
2807453,9.73039739398941,12
2807467,9.717721124484502,14
2807483,9.658249224522367,16
2807496,9.61679742226156,13
2807502,9.880541698697925,6
2807515,9.696880681268802,13
2807529,9.677290029128287,14
2807540,9.782253691453796,11
2807547,9.872039958123512,7
2807558,9.768147589774731,11
2807561,9.953336741670007,3
2807569,9.849503606086358,8
2807570,10.0,1
2807577,9.881715032002932,7
2807578,10.0,1
2807588,9.80928241970509,10
2807589,10.0,1
2807599,9.818202227767989,10
2807608,9.832201742436578,9
2807621,9.725562117551744,13
2807630,9.817031930194101,9
2807647,9.622474421090484,17
2807658,9.766926234275054,11
2807667,9.815761075194363,9
2807678,9.763147168869855,11
2807690,9.769179868872728,12
2807698,9.871957221916139,8
2807709,9.771390873084913,11
2807716,9.889089452214483,7
2807728,9.729161720275792,12
2807734,9.875915838584113,6
2807744,9.796478011638083,10
2807758,9.66623380834779,14
2807766,9.821685728051571,8
2807782,9.69138408626676,16
2807785,9.956569451058762,3
2807797,9.721647907524986,12
2807812,9.62953580766682,15
2807813,10.0,1
2807817,9.946507463500861,4
2807828,9.78318932177424,11
2807840,9.69680885143967,12
2807852,9.728067501759938,12
2807853,10.0,1
2807865,9.713249852930327,12
2807874,9.836086631564648,9
2807884,9.819158698638113,10
2807894,9.825884876297714,10
2807903,9.799694360575652,9
2807919,9.66387251109212,16
2807924,9.910870996285272,5
2807925,10.0,1
2807930,9.928843419549393,5
2807931,10.0,1
2807941,9.796702107790816,10
2807949,9.843193899097542,8
2807953,9.943083753135214,4
2807960,9.883036544876862,7
2807976,9.643785607212978,16
2807987,9.782493926031734,11
2808000,9.769683648717109,13
2808005,9.91341378496066,5
2808019,9.665015465362782,14
2808030,9.764910339030816,11
2808039,9.792607938466936,9
2808040,9.98984300638875,1
2808050,9.79629963851306,10
2808055,9.91745944640362,5
2808066,9.738309773625273,11
2808072,9.894984794814592,6
2808088,9.614387868002712,16
2808094,9.894390683159829,6
2808101,9.86851484460433,7
2808108,9.872147665689297,7
2808117,9.79503337786275,9
2808123,9.883762578658029,6
2808128,9.917824559900005,5
2808151,9.523700907299682,23
2808164,9.730542090056836,13
2808179,9.662966277400622,15
2808188,9.814304252285877,9
2808201,9.69968620321312,13
2808208,9.876249933920244,7
2808216,9.855056494298909,8
2808226,9.77153033172224,10
2808237,9.779036132585539,11
2808244,9.848214186474058,7
2808264,9.620022864056269,20
2808270,9.90301275874298,6
2808279,9.817596519667859,9
2808292,9.69896846767412,13
2808302,9.84494902566622,10
2808311,9.832865717265049,9
2808313,9.984874965526817,2
2808322,9.812687336620185,9
2808328,9.917476166212222,6
2808341,9.731570302613662,13
2808354,9.767252066715475,13
2808362,9.878144861242419,8
2808368,9.898715287338355,6
2808375,9.86400396288622,7
2808385,9.43291561792713,10
2808401,9.6460714023018,16
2808414,9.731005559974637,13
2808423,9.817105191866865,9
2808437,9.70676507371448,14
2808438,10.0,1
2808444,9.908881998949342,6
2808455,9.645857900292917,11
2808462,9.886370572217986,7
2808477,9.649029309599305,15
2808486,9.810049788244935,9
2808495,9.722574305397169,9
2808509,9.66623216942221,14
2808516,9.870977037562733,7
2808522,9.905334929139952,6
2808523,10.0,1
2808531,9.841583770632758,8
2808541,9.800676685383264,10
2808548,9.892384476437606,7
2808555,9.869617265258228,7
2808563,9.846574004489698,8
2808569,9.92004139951891,6
2808582,9.708984351499128,13
2808591,9.814912553632306,9
2808595,9.938883872285967,4
2808606,9.748781108395834,11
2808617,9.770592681248322,11
2808625,9.85650273608694,8
2808635,9.813634032244947,10
2808640,9.905563426244848,5
2808643,9.96337382581229,3
2808649,9.902917271460451,6
2808657,9.865233275090686,8
2808665,9.836018812542372,8
2808677,9.743252582819157,12
2808691,9.566239360683195,14
2808697,9.911422736973229,6
2808701,9.539760572267342,4
2808712,9.774358626297547,11
2808722,9.808614198619521,10
2808733,9.586610769285882,11
2808739,9.915638208464253,6
2808752,9.740528016421596,13
2808763,9.762702315278872,11
2808773,9.81262482309633,10
2808777,9.934536695725857,4
2808784,9.840790883077668,7
2808793,9.816317834710333,9
2808808,9.710376444167382,15
2808810,9.969653508201434,2
2808828,9.614997564556639,18
2808829,10.0,1
2808837,9.864683910506676,8
2808843,9.892708490451472,6
2808844,10.0,1
2808855,9.757915445669067,11
2808858,9.961894142420748,3
2808866,9.8450765924407,8
2808867,10.0,1
2808875,9.854997602206227,8
2808883,9.829988388255494,8
2808885,9.985865207847267,2
2808890,9.912877570985088,5
2808903,9.766267516023339,13
2808915,9.746293748346337,12
2808920,9.914682233785008,5
2808921,10.0,1
2808930,9.80966854095707,9
2808931,9.988624111032157,1
2808944,9.766858275266504,13
2808947,9.949853457317612,3
2808954,9.878051248130792,7
2808972,9.633979973237887,18
2808980,9.874639647275192,8
2808986,9.90389645751531,6
2808997,9.742669667040074,11
2809001,9.727307332778063,4
2809009,9.850892431890426,8
2809012,9.960149667979586,3
2809017,9.91209365899982,5
2809023,9.899778279230816,6
2809024,10.0,1
2809041,9.630175927029436,17
2809064,9.042309463615231,23
2809065,10.0,1
2809074,9.810806513000674,9
2809082,9.819159561420836,8
2809095,9.726644198746046,13
2809105,9.814256149826909,10
2809113,9.846790127923775,8
2809122,9.829697632595554,9
2809137,9.68476730773023,15
2809152,9.652030717470177,15
2809157,9.900427153383905,5
2809165,9.846760778978418,8
2809168,9.95575397776352,3
2809178,9.820873059256407,10
2809187,9.814668758141908,9
2809198,9.765277744486236,11
2809212,9.69390379539567,14
2809223,9.736051123537681,11
2809235,9.736252901736737,12
2809247,9.716559248865737,12
2809268,9.54763758454905,21
2809281,9.700376735493215,13
2809293,9.78842240118927,12
2809303,9.787905262594371,10
2809316,9.606340507099912,13
2809320,9.940720594367136,4
2809327,9.863332430253037,7
2809331,9.937031506096835,4
2809339,9.832578409770012,8
2809351,9.724352332350339,12
2809375,9.417488654198944,24
2809384,9.811486210386537,9
2809391,9.874774896456515,7
2809395,9.94012990914586,4
2809398,9.955832689322625,3
2809399,10.0,1
2809403,9.941277229140605,4
2809418,9.69605356045806,15
2809429,9.754000580550763,11
2809438,9.800464856916491,9
2809449,9.759563905268186,11
2809462,9.726267483548627,13
2809469,9.864990083005672,7
2809480,9.77861053238874,11
2809486,9.89911394966787,6
2809490,9.728211200878011,4
2809498,9.863433658420327,8
2809508,9.784910449555912,10
2809516,9.832583661284904,8
2809528,9.786745782425537,12
2809536,9.815773241651694,8
2809543,9.858451554884997,7
2809553,9.788261781677164,10
2809562,9.815207536385548,9
2809586,9.541416025905209,24
2809591,9.929981856019001,5
2809599,9.84297557449123,8
2809603,9.938874267119091,4
2809608,9.90957143612767,5
2809623,9.732352080707804,15
2809640,9.408616694265348,17
2809644,9.936811459094352,4
2809653,9.83113885523951,9
2809663,9.791836204315356,10
2809667,9.936706735197403,4
2809668,9.988737183246348,1
2809677,9.831771545622406,9
2809685,9.863973436001837,8
2809691,9.912141706754324,6
2809697,9.908504499866469,6
2809698,10.0,1
2809706,9.864881700745698,8
2809710,9.9472584577677,4
2809723,9.71703525768369,13
2809739,9.6593617356107,16
2809748,9.832809662757764,9
2809753,9.922861335605972,5
2809763,9.775908873076391,10
2809767,9.948621703766296,4
2809772,9.927394783633462,5
2809783,9.790330714878655,11
2809785,9.973059093411852,2
2809786,10.0,1
2809800,9.668533571322447,14
2809804,9.942034433192225,4
2809811,9.867531023959373,7
2809817,9.897879821556874,6
2809836,9.510584648639966,19
2809846,9.470007360710524,10
2809856,9.793136759301495,10
2809864,9.851336871994341,8
2809873,9.82752912095473,9
2809881,9.82893785915998,8
2809890,9.841494070402216,9
2809895,9.906964431162638,5
2809899,9.948018798132448,4
2809905,9.888681080437415,6
2809918,9.725918127252132,13
2809927,9.804816414282143,9
2809936,9.821458384220483,9
2809944,9.845063128475898,8
2809957,9.678937468386824,13
2809969,9.728123212511397,12
2809976,9.852458661079684,7
2809984,9.855794508614265,8
2809999,9.651005756405281,15
2810009,9.82098235291546,10
2810014,9.917351488155859,5
2810017,9.957943121467823,3
2810021,9.93458824430029,4
2810029,9.8300754657135,8
2810040,9.77046230149441,11
2810048,9.83799607001871,8
2810056,9.888775923998354,8
2810060,9.93778022036288,4
2810073,9.721347470624574,13
2810084,9.796998784890379,11
2810097,9.736100725410468,13
2810105,9.830059592123975,8
2810119,9.706485159712129,14
2810130,9.762194709923307,11
2810147,9.58235691620361,17
2810155,9.841166547079805,8
2810184,9.228646962333306,29
2810194,9.804608699857974,10
2810201,9.855179892712531,7
2810211,9.827792563523934,10
2810220,9.817444512601602,9
2810231,9.762966107960386,11
2810235,9.933981094128823,4
2810241,9.903764164264365,6
2810250,9.821935004913486,9
2810251,10.0,1
2810261,9.789176556075628,10
2810273,9.696049070678564,12
2810276,9.958409876570762,3
2810285,9.818811022101674,9
2810297,9.727647570290934,12
2810305,9.835921734977866,8
2810307,9.979463206779133,2
2810314,9.865075549363848,7
2810315,10.0,1
2810323,9.875564408188088,8
2810327,9.936920957494388,4
2810336,9.799900445764248,9
2810337,10.0,1
2810348,9.78468626907905,11
2810349,10.0,1
2810350,10.0,1
2810361,9.74869968103527,11
2810365,9.942701032664536,4
2810366,10.0,1
2810371,9.914139029485204,5
2810378,9.863986728226733,7
2810400,9.470623356120782,22
2810410,9.688657755196177,10
2810428,9.578380913573488,18
2810434,9.886623450809399,6
2810441,9.846914365553086,7
2810446,9.927941519592702,5
2810457,9.73428781915434,11
2810458,10.0,1
2810474,9.633054067701257,16
2810476,9.968676514954375,2
2810478,9.974977074367025,2
2810487,9.80939869333341,9
2810501,9.661129103445356,14
2810518,9.63340964234129,17
2810531,9.699832237114142,13
2810536,9.908243273776314,5
2810541,9.917253733104484,5
2810546,9.906305799753742,5
2810560,9.566044121599779,14
2810570,9.800840770093592,10
2810572,9.985179119574642,2
2810582,9.787082141222164,10
2810590,9.852107010657653,8
2810600,9.829617583572638,10
2810621,9.527689984073218,21
2810631,9.80168437843855,10
2810632,10.0,1
2810633,9.987238363744035,1
2810643,9.826524323571999,10
2810644,10.0,1
2810655,9.759424827942455,11
2810661,9.8905406027591,6
2810672,9.823840246990384,11
2810686,9.69720999821056,14
2810688,9.973031093495962,2
2810700,9.732976710065184,12
2810708,9.847489862307029,8
2810717,9.81117793019616,9
2810723,9.882549693887283,6
2810726,9.958856971043373,3
2810742,9.666764952506187,16
2810747,9.92272326893002,5
2810754,9.887526767935864,7
2810755,10.0,1
2810770,9.678028809568211,15
2810771,10.0,1
2810777,9.889094548728801,6
2810809,9.177494150879717,32
2810825,9.611363087363957,16
2810834,9.836775651632315,9
2810838,9.747946155660786,4
2810851,9.686635906227188,13
2810861,9.79988691649849,10
2810862,10.0,1
2810865,9.958493105264456,3
2810875,9.813670172733971,10
2810892,9.625471348419358,17
2810900,9.834709127206624,8
2810906,9.89391405930919,6
2810911,9.92453829342212,5
2810928,9.58080269495147,17
2810933,9.717449532546157,5
2810941,9.855191646323322,8
2810956,9.659819829095536,15
2810969,9.790525194327891,13
2810987,9.664401506384452,18
2811002,9.728531064936274,15
2811003,10.0,1
2811006,9.971003003043917,3
2811012,9.90340630018769,6
2811022,9.792396246842209,10
2811023,10.0,1
2811035,9.737924620211052,12
2811038,9.953678544906396,3
2811042,9.944516137336683,4
2811048,9.882716572767395,6
2811055,9.851597297652003,7
2811069,9.67732259823071,14
2811081,9.730192832312946,12
2811084,9.961829749854335,3
2811095,9.75822397777298,11
2811102,9.876690896313564,7
2811108,9.91989761046822,6
2811115,9.884416266263928,7
2811127,9.765520514340515,12
2811128,10.0,1
2811138,9.802146446293913,10
2811139,10.0,1
2811144,9.920213423605167,5
2811159,9.649928627636843,15
2811163,9.947516138789542,4
2811164,9.988316483114714,1
2811172,9.841412425773965,8
2811194,9.543809963365257,22
2811204,9.785071063259435,10
2811214,9.757433562930027,10
2811221,9.864858703082662,7
2811227,9.905957988295615,6
2811235,9.861347577414856,8
2811243,9.872601945407192,8
2811254,9.815569126384826,11
2811262,9.843353469689923,8
2811269,9.860303550875134,7
2811273,9.945838560240189,4
2811284,9.780168535550521,11
2811290,9.906458723083896,6
2811299,9.823764753180047,9
2811309,9.82582021783825,10
2811384,-16.007021647332387,75
2811398,9.741882737572618,14
2811399,10.0,1
2811402,9.9634775708066,3
2811406,9.940692775751184,4
2811412,9.897793841803665,6
2811419,9.847048175482486,7
2811424,9.919791154333927,5
2811438,9.669430555905642,14
2811446,9.838049082107446,8
2811448,9.970616160256503,2
2811458,9.782051429791524,10
2811473,9.65591448809187,15
2811476,9.950273766952895,3
2811486,9.789799960977934,10
2811495,9.820671091940191,9
2811510,9.664870636604986,15
2811525,9.687634680607564,15
2811529,9.945917895336366,4
2811547,9.589752182700932,18
2811557,9.784358978216925,10
2811574,9.614913899669121,17
2811590,9.666654656157956,16
2811596,9.894042904511013,6
2811601,9.913290850456406,5
2811605,9.948018104692572,4
2811612,9.89322665274964,7
2811635,9.470308893271925,23
2811640,9.914854455070913,5
2811651,9.761755489524933,11
2811664,9.705735986648945,13
2811671,9.862951028245298,7
2811678,9.847874378939132,7
2811687,9.814217223755845,9
2811695,9.875140599578993,8
2811699,9.940402042473487,4
2811708,9.844068812048217,9
2811717,9.825093630013233,9
2811735,9.61247103561784,18
2811745,9.778845774761633,10
2811760,9.673018122960073,15
2811776,9.639045227656352,16
2811787,9.793180427562584,11
2811797,9.79531800917245,10
2811806,9.844567708470883,9
2811810,9.940530980027642,4
2811814,9.942651464554183,4
2811830,9.677926640231869,16
2811838,9.846711742833234,8
2811839,10.0,1
2811854,9.629013477173741,15
2811861,9.879575460894069,7
2811869,9.818284154131995,8
2811876,9.869857930082613,7
2811887,9.777678448456106,11
2811898,9.817767153426885,11
2811911,9.73043206280467,13
2811919,9.842337237005228,8
2811928,9.788048183354546,9
2811938,9.829841312961488,10
2811939,10.0,1
2811951,9.766003169318866,12
2811952,10.0,1
2811957,9.90843067656693,5
2811973,9.673199169055433,16
2811978,9.905964706893798,5
2811979,10.0,1
2811997,9.620943641228493,18
2811998,10.0,1
2812006,9.879294276924016,8
2812019,9.713769175053912,13
2812027,9.841542850349722,8
2812055,9.434450593083115,28
2812064,9.821745102438035,9
2812065,10.0,1
2812069,9.949875352238926,4
2812074,9.906694281915428,5
2812089,9.672375681108635,15
2812094,9.922496451107518,5
2812108,9.687023831280587,14
2812121,9.74797604710359,13
2812127,9.888828243931686,6
2812139,9.72813768704633,12
2812144,9.9200372942734,5
2812152,9.843632618972888,8
2812154,9.983192985757224,2
2812161,9.870175485615995,7
2812173,9.744910497441982,12
2812181,9.84738415790601,8
2812191,9.802218315927364,10
2812202,9.565810603029973,11
2812207,9.916755604419144,5
2812210,9.96086410111264,3
2812223,9.674721981644213,13
2812232,9.832035816700548,9
2812241,9.821920671077963,9
2812251,9.825607872840775,10
2812263,9.736232557431062,12
2812270,9.871846105557541,7
2812280,9.786982377729448,10
2812293,9.680147681884836,13
2812303,9.816918711279019,10
2812316,9.690403170749201,13
2812324,9.831270104186002,8
2812334,9.789620928013356,10
2812340,9.893494752012625,6
2812352,9.762914585785325,12
2812370,9.577270196663493,18
2812383,9.713002648792932,13
2812386,9.964992771812115,3
2812395,9.854340860911796,9
2812400,9.925646566753894,5
2812407,9.873247208012659,7
2812420,9.758705527104839,13
2812425,9.922208071485732,5
2812431,9.921994491765455,6
2812441,9.808501419235093,10
2812451,9.786025618925079,10
2812465,9.719901516723379,14
2812469,9.943103332274777,4
2812477,9.847111041396682,8
2812494,9.55576585325306,17
2812500,9.818354091729663,6
2812501,10.0,1
2812507,9.892840159234781,6
2812514,9.870669927919495,7
2812520,9.892642485803067,6
2812531,9.802745488774145,11
2812539,9.843324341534574,8
2812540,10.0,1
2812560,9.542577172171699,20
2812578,9.57243606570885,18
2812592,9.741379757215622,14
2812612,9.584825919105464,20
2812621,9.83985697671183,9
2812636,9.704528349577,15
2812639,9.971417356695927,3
2812653,9.700980643830555,14
2812659,9.891644993894793,6
2812663,9.935922535713999,4
2812675,9.541676843606838,12
2812676,10.0,1
2812684,9.8319518191955,8
2812687,9.960975328072259,3
2812692,9.92937152913775,5
2812693,10.0,1
2812700,9.674021933287456,7
2812712,9.73521091738483,12
2812726,9.71424800273841,14
2812736,9.796323650186693,10
2812743,9.876905962519013,7
2812751,9.82593629286418,8
2812762,9.821952977336027,11
2812773,9.76427448144184,11
2812774,10.0,1
2812777,9.95471818946608,3
2812784,9.882176640851618,7
2812789,9.918223039351934,5
2812800,9.752799935194506,11
2812818,9.57654842439691,18
2812826,9.849923909866916,8
2812837,9.76864411067496,11
2812846,9.844479551003433,9
2812852,9.881080484671486,6
2812859,9.865202833325526,7
2812872,9.742337804784583,13
2812885,9.758485674139125,13
2812897,9.737192761446847,12
2812913,9.669047039459203,16
2812921,9.748457804234645,8
2812922,9.98887488551372,1
2812927,9.92780369973693,5
2812934,9.870711768819511,7
2812936,9.977016926472515,2
2812952,9.596267065741365,16
2812965,9.721415695928721,13
2812966,10.0,1
2812976,9.849799195225911,10
2812977,9.992039241354936,1
2812981,9.932727595564137,4
2812991,9.769572824467986,10
2812997,9.88023619532613,6
2813004,9.848312456860592,7
2813018,9.762455002437596,14
2813027,9.851824096598609,9
2813030,9.968420197106648,3
2813045,9.684701554499158,15
2813057,9.75997763413764,12
2813068,9.808177351979545,11
2813069,10.0,1
2813082,9.694950725236904,13
2813095,9.730827946577312,13
2813101,9.898365722294594,6
2813112,9.817262241971584,11
2813123,9.76470413323014,11
2813131,9.876761513178106,8
2813146,9.670014637063813,15
2813154,9.859886489379207,8
2813159,9.907503422533047,5
2813162,9.96705361753459,3
2813167,9.903912398980468,5
2813180,9.710713336342543,13
2813185,9.912418835804061,5
2813196,9.804794818426519,11
2813197,10.0,1
2813198,10.0,1
2813204,9.901921910084834,6
2813214,9.798632056184045,10
2813389,-58.44048724247496,175
2813400,9.776388521595338,11
2813405,9.914495917613731,5
2813411,9.88934621255573,6
2813412,9.99636044187778,1
2813422,9.82232187433765,10
2813423,10.0,1
2813432,9.81037236779413,9
2813447,9.675619403975581,15
2813456,9.81002841131549,9
2813458,9.977620639150313,2
2813468,9.807206033003308,10
2813471,9.964126975489366,3
2813486,9.643556762883069,15
2813496,9.798725980099949,10
2813497,10.0,1
2813504,9.858143059283696,7
2813516,9.748888737528794,12
2813531,9.674384651265028,15
2813535,9.93527718290151,4
2813540,9.918146277313367,5
2813557,9.587503390945738,17
2813567,9.817699677620197,10
2813568,9.992546367892968,1
2813578,9.785638688249009,10
2813581,9.955000980295198,3
2813585,9.947914403108014,4
2813600,9.72272032955716,15
2813611,9.805684748914944,11
2813617,9.899029425087008,6
2813618,10.0,1
2813630,9.738623140789198,12
2813634,9.926655351924229,4
2813648,9.69353505454801,14
2813666,9.582958100981742,18
2813672,9.879500419503458,6
2813679,9.860372484677722,7
2813686,9.856524726059499,7
2813695,9.838894219511076,9
2813699,9.946535645206337,4
2813710,9.777057875858814,11
2813711,10.0,1
2813717,9.904912664260364,6
2813725,9.859403851133596,8
2813727,9.982006378292386,2
2813734,9.875270517618674,7
2813737,9.958660611906447,3
2813738,9.99613048197866,1
2813752,9.683146761802465,14
2813753,10.0,1
2813764,9.751889633855024,11
2813776,9.743886220241878,12
2813784,9.862886864936344,8
2813785,10.0,1
2813796,9.76881802707097,11
2813800,9.940664291867291,4
2813804,9.939486536848747,4
2813810,9.899498629267944,6
2813818,9.875156266845561,8
2813826,9.836634786198127,8
2813844,9.665508423586395,18
2813852,9.830456256870963,8
2813870,9.667629625570257,18
2813896,7.30598570038819,26
2813898,9.969838261384254,2
2813899,10.0,1
2813900,10.0,1
2813901,10.0,1
2813913,9.71435006260988,12
2813920,9.845755369425463,7
2813922,9.979330708076112,2
2813932,9.78686933888935,10
2813945,9.736818220999186,13
2813957,9.74246233419585,12
2813962,9.93307492194924,5
2813969,9.887595386808183,7
2813984,9.69184886494183,15
2813989,9.915607253395239,5
2814003,9.67651243542345,14
2814021,9.589890388578135,18
2814030,9.81824145168657,9
2814049,9.531711323069182,19
2814053,9.927855220230674,4
2814060,9.880839736107818,7
2814072,9.737964627321839,12
2814081,9.796219609586895,9
2814083,9.97242157184203,2
2814099,9.50913889558981,16
2814100,10.0,1
2814105,9.892133102791371,5
2814111,9.877071585160015,6
2814126,9.589281323939668,15
2814147,9.524175265476359,21
2814152,9.913493355032193,5
2814164,9.741652665470948,12
2814175,9.762528805375515,11
2814181,9.894352972428074,6
2814191,9.802382572342346,10
2814195,9.936406125598596,4
2814201,9.90074160667704,6
2814207,9.874330982591024,6
2814215,9.845512436388404,8
2814220,9.80228436887854,5
2814233,9.739417833135946,13
2814241,9.83710571464805,8
2814248,9.886183441085862,7
2814366,6.234620722982955,118
2814374,9.841245877494096,8
2814381,9.868178459023925,7
2814394,9.712999201731218,13
2814397,9.946767829827413,3
2814409,9.746738619393954,12
2814419,9.601408659806497,10
2814432,9.736561731620766,13
2814434,9.971667915437566,2
2814443,9.82514922584656,9
2814456,9.719108070160255,13
2814464,9.836361458441791,8
2814473,9.849697053260588,9
2814481,9.86320559952151,8
2814484,9.949192928348063,3
2814485,10.0,1
2814486,10.0,1
2814500,9.697839807778683,14
2814511,9.761509922877778,11
2814526,9.686513730166066,15
2814539,9.675128011764839,13
2814550,9.780343705917682,11
2814561,9.736950694783655,11
2814562,9.995901206041339,1
2814570,9.847999815252535,8
2814573,9.949614706397417,3
2814583,9.794358942765008,10
2814594,9.783815471092728,11
2814605,9.783234344446882,11
2814611,9.89007870711183,6
2814618,9.865043857275737,7
2814627,9.82069618639932,9
2814637,9.810949713195662,10
2814643,9.901339477490163,6
2814648,9.907360330267242,5
2814652,9.926688428779645,4
2814660,9.837200627222932,8
2814672,9.751301770822593,12
2814680,9.845442450176364,8
2814690,9.790197921078802,10
2814698,9.633359937717472,8
2814699,10.0,1
2814711,9.756798179457629,12
2814720,9.860174056270106,9
2814732,9.757923377755963,12
2814738,9.899359318885034,6
2814751,9.739644479416269,13
2814761,9.791774777889291,10
2814769,9.831384762250511,8
2814787,9.60618412956421,18
2814802,9.57332382379283,15
2814867,-11.228272598928967,65
2814878,9.759113829191339,11
2814885,9.880200326500301,7
2814896,9.752252983595882,11
2814903,9.869827083911522,7
2814912,9.812316112946636,9
2814922,9.814906072399495,10
2814934,9.748434801528639,12
2814938,9.949548993774725,4
2814946,9.860758912052079,8
2814947,10.0,1
2814958,9.777234196185773,11
2814967,9.812700493774672,9
2814972,9.92042624876944,5
2814984,9.733422976265604,12
2814987,9.951216440443078,3
2814996,9.791813304963114,9
2815009,9.758202207346667,13
2815019,9.774883712762932,10
2815022,9.960223302940287,3
2815030,9.854586790059543,8
2815039,9.844002503104567,9
2815051,9.711192846360206,12
2815052,9.992705385515864,1
2815058,9.890017153386601,6
2815063,9.903221320523032,5
2815070,9.874573595201914,7
2815077,9.877298894647373,7
2815084,9.894677754103245,7
2815090,9.892853386044354,6
2815093,9.967454644899375,3
2815103,9.796522288118693,10
2815110,9.864908142064941,7
2815124,9.688495000852335,14
2815140,9.667300547338181,16
2815141,10.0,1
2815148,9.861114159992283,7
2815158,9.796619942238955,10
2815173,9.688463237250868,15
2815179,9.888194063609289,6
2815191,9.755075693981045,12
2815197,9.898589993983931,6
2815213,9.646397429669046,16
2815229,9.695066914344693,16
2815230,10.0,1
2815231,10.0,1
2815244,9.605106138402055,13
2815251,9.870595364982883,7
2815252,9.989379681841779,1
2815257,9.931195084246152,5
2815265,9.856139147421912,8
2815266,10.0,1
2815273,9.883882667892616,7
2815281,9.857673880772413,8
2815287,9.911016927346507,6
2815288,10.0,1
2815300,9.72115228812897,12
2815306,9.904717700261154,6
2815316,9.781010737400162,10
2815322,9.893485628313288,6
2815333,9.762449323399109,11
2815343,9.780738453109596,10
2815355,9.729541449668856,12
2815359,9.928914917832007,4
2815375,9.63594616222343,16
2815384,9.82473158054778,9
2815389,9.924388431005791,5
2815402,9.716123842326292,13
2815411,9.814970896538123,9
2815422,9.762842126018706,11
2815434,9.513745187415983,12
2815445,9.743506739969977,11
2815456,9.783789720414356,11
2815457,10.0,1
2815471,9.693522310082766,14
2815472,10.0,1
2815478,9.884640437791006,6
2815492,9.693618502768958,14
2815500,9.840823922542235,8
2815513,9.714213099311763,13
2815520,9.866956631187321,7
2815526,9.89683500428077,6
2815536,9.798929775259351,10
2815545,9.828254650102235,9
2815554,9.800630542402628,9
2815562,9.851653118503922,8
2815570,9.842108270382058,8
2815585,9.664621737091348,15
2815596,9.784972091564654,11
2815600,9.929034581933882,4
2815603,9.957339093774642,3
2815613,9.785754169410717,10
2815627,9.6901087154454,14
2815639,9.727553677532052,12
2815659,9.565045296155496,20
2815664,9.921183372515062,5
2815675,9.790551169823106,11
2815684,9.844874351550516,9
2815689,9.91627147982364,5
2815693,9.951867967414344,4
2815702,9.865829161263994,9
2815712,9.801135032203788,10
2815723,9.783236385022096,11
2815732,9.803807401473135,9
2815735,9.958976058848641,3
2815739,9.92524700971218,4
2815751,9.72827949031462,12
2815770,9.567211202872347,19
2815777,9.877353599246765,7
2815781,9.94195768664104,4
2815784,9.958514993990503,3
2815789,9.921392075794575,5
2815804,9.554167248490623,15
2815814,9.7943717396724,10
2815821,9.880142082708705,7
2815830,9.807268002543413,9
2815840,9.790575013254893,10
2815855,9.686719304560306,15
2815861,9.886424853374821,6
2815866,9.921755369401186,5
2815867,9.989307462609807,1
2815881,9.720201337734238,14
2815885,9.930523719453975,4
2815890,9.916386985741152,5
2815898,9.846566976516621,8
2815910,9.415827961373552,12
2815921,9.777346905829978,11
2815925,9.947147141952358,4
2815932,9.868748747927679,7
2815944,9.736687338778992,12
2815950,9.490694979568701,6
2815957,9.863269053592854,7
2815966,9.841740622031564,9
2815976,9.807636777157441,10
2815988,9.716256963196917,12
2815998,9.785819744261534,10
2816010,9.760263641299542,12
2816025,9.663808490780598,15
2816030,9.926505803822206,5
2816037,9.85699275090486,7
2816038,10.0,1
2816042,9.950700389077513,4
2816043,9.989607505267733,1
2816056,9.724631106259315,13
2816068,9.729077827461287,12
2816086,9.599943956556125,18
2816093,9.84759025099208,7
2816094,10.0,1
2816095,9.99231305319338,1
2816097,9.96972343862704,2
2816108,9.748326153753895,11
2816113,9.917465247575777,5
2816114,10.0,1
2816124,9.799144520408781,10
2816131,9.858908886626693,7
2816139,9.817832224430195,8
2816142,9.949643143185506,3
2816154,9.746019221490808,12
2816160,9.902386919237014,6
2816165,9.912359971404543,5
2816173,9.629334188411697,8
2816182,9.834994251203486,9
2816188,9.893416495068099,6
2816192,9.937376490265287,4
2816194,9.981299525988746,2
2816195,10.0,1
2816210,9.69349050896512,15
2816216,9.891598247861,6
2816228,9.785339642708678,12
2816233,9.924775815154613,5
2816240,9.885691573748536,7
2816249,9.808893229870991,9
2816256,9.86085319904479,7
2816257,9.989188949285355,1
2816258,10.0,1
2816265,9.870388325771735,7
2816266,10.0,1
2816276,9.800039384112445,10
2816286,9.804132749469135,10
2816292,9.893670887931929,6
2816301,9.81617895730237,9
2816304,9.971946630696696,3
2816310,9.899878862875676,6
2816314,9.941902144811433,4
2816315,10.0,1
2816319,9.941198990078938,4
2816328,9.839694570500052,9
2816341,9.717212308321688,13
2816351,9.605549340227,10
2816360,9.80618763340869,9
2816366,9.898958456260276,6
2816369,9.967946251924973,3
2816378,9.856585269882029,9
2816388,9.79398534419726,10
2816399,9.743904480856502,11
2816406,9.85704122048256,7
2816410,9.952399178287191,4
2816417,9.87614365665289,7
2816425,9.843836334883159,8
2816445,9.547208942630723,20
2816448,9.952944822385124,3
2816462,9.704481964791203,14
2816464,9.981269551601882,2
2816475,9.767435605069979,11
2816485,9.798836239896952,10
2816496,9.756897890953365,11
2816514,9.613122603473311,18
2816515,10.0,1
2816528,9.738935994788154,13
2816529,10.0,1
2816537,9.815735729240274,8
2816548,9.777346627463123,11
2816562,9.714043136460983,14
2816568,9.90239919046879,6
2816579,9.747617378221138,11
2816587,9.824949554624943,8
2816591,9.934245862997482,4
2816608,9.594686587862991,17
2816632,9.413384304966451,24
2816649,9.6203800063677,17
2816658,9.822862389144703,9
2816666,9.840580883607963,8
2816674,9.85531271290972,8
2816685,9.762044162716219,11
2816695,9.78933496356543,10
2816702,9.87328502634171,7
2816715,9.692417317173721,13
2816727,9.787189762516068,12
2816734,9.875645617410376,7
2816744,9.825117287817852,10
2816753,9.826096463438246,9
2816763,9.781818114984418,10
2816771,9.888620065744721,8
2816778,9.853465924616973,7
2816790,9.742594184315841,12
2816800,9.68883525777605,10
2816808,9.820024066422688,8
2816816,9.831416291407933,8
2816824,9.860844620023958,8
2816832,9.848451270524016,8
2816841,9.811411143435384,9
2816856,9.667838760128015,15
2816858,9.985107035957341,2
2816876,7.652879445291334,18
2816891,9.6633165605292,15
2816904,9.709786034987472,13
2816909,9.91386397244583,5
2816918,9.812983794336025,9
2816925,9.900281693757815,7
2816940,9.684940430851647,15
2816941,10.0,1
2816953,9.750717308042303,12
2816968,9.665928388635777,15
2816974,9.895302356026278,6
2816988,9.703499525106402,14
2817004,9.612145224648975,16
2817011,9.863852829296626,7
2817016,9.908005519254834,5
2817028,9.734822051669342,12
2817040,9.732992081089725,12
2817046,9.885225497995423,6
2817052,9.898368173845181,6
2817069,9.60428316713431,17
2817074,9.896471030456057,5
2817080,9.907860261249137,6
2817088,9.861220524933,8
2817097,9.829100002995228,9
2817110,9.71785178428531,13
2817115,9.92667070742056,5
2817127,9.737498131254966,12
2817134,9.85735744212788,7
2817144,9.802518760720945,10
2817150,9.885780254789603,6
2817154,9.93731958056917,4
2817427,1.848386240360389,273
2817431,9.944950061372037,4
2817440,9.822876466926967,9
2817444,9.945615005767609,4
2817448,9.939285833207872,4
2817470,8.479920146487295,22
2817480,9.825475290729399,10
2817487,9.896842655653387,7
2817494,9.896985469771108,7
2817510,9.701921632810713,16
2817518,9.817786650119134,8
2817525,9.869644826101094,7
2817532,9.847824488274199,7
2817544,9.765105274887864,12
2817551,9.871191178033452,7
2817563,9.650750933612601,12
2817575,9.755680872663344,12
2817586,9.753221603041018,11
2817588,9.974670107602599,2
2817595,9.880465547196211,7
2817610,9.66655566578569,15
2817626,9.624359845271709,16
2817636,9.81517615656938,10
2817646,9.805031406827,10
2817665,9.608758587631543,19
2817674,9.800202648637885,9
2817692,9.587375744238564,18
2817704,9.73916955202389,12
2817705,10.0,1
2817726,9.58882433053621,21
2817735,9.862181608751602,9
2817745,9.780783295993995,10
2817760,9.686750655261594,15
2817763,9.963832500594474,3
2817771,9.853699860450394,8
2817778,9.881740520020815,7
2817785,9.90657469983052,7
2817796,9.735683112226438,11
2817802,9.71394630564685,6
2817805,9.95899999483599,3
2817814,9.809686449326351,9
2817820,9.899921739299993,6
2817825,9.925534201553267,5
2817841,9.643097995392985,16
2817851,9.803660452626115,10
2817859,9.854924729309253,8
2817860,10.0,1
2817863,9.962582453721545,3
2817867,9.94483451115689,4
2817875,9.85970845609551,8
2817881,9.877749003089926,6
2817885,9.946865652618598,4
2817893,9.872024444734114,8
2817902,9.814048424217411,9
2817903,9.996036795105114,1
2817915,9.710965870105078,12
2817925,9.792726101026332,10
2817939,9.708366127566205,14
2817940,10.0,1
2817953,9.717254706418963,13
2817967,9.69605572261574,14
2817968,10.0,1
2817975,9.872646715796805,7
2817987,9.738475746048925,12
2817997,9.810758747652391,10
2818001,9.951693402039046,4
2818010,9.838969197564174,9
2818017,9.87090759894956,7
2818035,9.570124772555541,18
2818043,9.852304221727822,8
2818048,9.920387175477076,5
2818052,9.9344069096091,4
2818062,9.82700588740625,10
2818066,9.936667874399713,4
2818074,9.835736678166397,8
2818075,10.0,1
2818078,9.970758603932985,3
2818088,9.79507427626657,10
2818089,10.0,1
2818099,9.795424631098438,10
2818103,9.949285689427954,4
2818104,10.0,1
2818118,9.69469111834203,14
2818123,9.907600130279016,5
2818136,9.753242098089991,13
2818145,9.796170129656778,9
2818150,9.920658635117345,5
2818162,9.738631688715747,12
2818178,9.627351941352293,16
2818189,9.795091132375855,11
2818193,9.931547453681402,4
2818206,9.708367491824287,13
2818216,9.784732641439097,10
2818223,9.856352362327092,7
2818246,9.502936696214253,23
2818255,9.817477330613507,9
2818270,9.64107037449801,15
2818281,9.770540897461691,11
2818290,9.798363152905086,9
2818299,9.835811556276356,9
2818300,10.0,1
2818301,10.0,1
2818316,9.668769896038963,15
2818323,9.867974593362394,7
2818324,10.0,1
2818325,10.0,1
2818339,9.72297995368776,14
2818348,9.825890038347213,9
2818359,9.813176348025559,11
2818364,9.90912600385993,5
2818379,9.71336963356471,15
2818387,9.820410729273124,8
2818393,9.91186306072169,6
2818402,9.823505174494333,9
2818415,9.698828280582832,13
2818417,9.970431316307717,2
2818425,9.837417184097978,8
2818430,9.916445926792163,5
2818440,9.788749683314046,10
2818448,9.876069280536946,8
2818455,9.894698641262698,7
2818468,9.74633247234685,13
2818470,9.969559723801053,2
2818481,9.756515361864786,11
2818491,9.77139139136874,10
2818505,9.696880144505132,14
2818515,9.802985434127036,10
2818521,9.895882698972237,6
2818525,9.943430993984329,4
2818533,9.868918378106283,8
2818543,9.786959771983348,10
2818544,10.0,1
2818548,9.94139495747434,4
2818560,9.74327173168326,12
2818561,10.0,1
2818578,9.601953423590736,17
2818592,9.689399364942872,14
2818593,10.0,1
2818604,9.803310760024557,11
2818616,9.741304463616798,12
2818622,9.901303102171552,6
2818625,9.956551271651389,3
2818633,9.823921952831515,8
2818637,9.941454483228153,4
2818638,10.0,1
2818654,9.622358476181288,16
2818665,9.776125443092495,11
2818666,10.0,1
2818676,9.798010525488685,10
2818677,10.0,1
2818686,9.835096145345391,9
2818698,9.764882433377936,12
2818705,9.873397753517102,7
2818716,9.784390553085109,11
2818726,9.788163079694774,10
2818729,9.952116671788918,3
2818738,9.828262551379062,9
2818750,9.74524649136411,12
2818759,9.8242663043062,9
2818770,9.793059662893269,11
2818781,9.76322432933652,11
2818787,9.886476533290287,6
2818792,9.918412218247237,5
2818793,9.992691520565653,1
2818803,9.793042555634212,10
2818823,9.62683983651459,20
2818827,9.941385695979776,4
2818851,9.440300713533524,24
2818861,9.77412262225385,10
2818866,9.927211059247371,5
2818875,9.835829565737185,9
2818887,9.715233947914134,12
2818902,9.66060451993112,15
2818916,9.382328061073189,14
2818922,9.904167474397491,6
2818926,9.943614650197858,4
2818941,9.68420366262553,15
2818946,9.92332816453602,5
2818953,9.883869095176182,7
2818954,10.0,1
2818965,9.791303398303112,11
2818983,9.567171033674338,18
2818994,9.775239472141061,11
2818995,10.0,1
2819007,9.754495074584353,12
2819016,9.844228114561892,9
2819026,9.779459511558393,10
2819034,9.831770472244202,8
2819046,9.719754334955594,12
2819055,9.82113174890626,9
2819064,9.827242192611317,9
2819074,9.791725010440402,10
2819083,9.812873384536852,9
2819092,9.826896827049124,9
2819097,9.922805317219202,5
2819102,9.906523046000052,5
2819117,9.64211741707943,15
2819137,9.627949633937629,20
2819142,9.898647595174028,5
2819158,9.621713141474038,16
2819170,9.724701286494902,12
2819178,9.841021275016152,8
2819184,9.914812149277926,6
2819188,9.92911769294649,4
2819202,9.702385240704091,14
2819207,9.902550877499158,5
2819208,10.0,1
2819209,9.9884192993306,1
2819225,9.614327633674645,16
2819239,9.643200874525807,14
2819244,9.905888881968298,5
2819249,9.92633226190398,5
2819259,9.766741300990848,10
2819264,9.90758143985489,5
2819265,10.0,1
2819274,9.835929100217008,9
2819285,9.75825688103435,11
2819289,9.932464932288,4
2819305,9.687391943794363,16
2819306,10.0,1
2819321,9.690486855521295,15
2819331,9.83906826898125,10
2819341,9.765785846288276,10
2819352,9.759680815315255,11
2819369,9.621293266781269,17
2819377,9.843463458191485,8
2819386,9.779105293767602,9
2819391,9.90018292602942,5
2819401,9.818107900065687,10
2819414,9.736158923310223,13
2819421,9.862506973453637,7
2819438,9.641047484830507,17
2819443,9.90207243981473,5
2819456,9.71352936601131,13
2819458,9.976891572856275,2
2819459,10.0,1
2819466,9.886063766000019,7
2819467,10.0,1
2819477,9.797046407557337,10
2819478,9.99620902473639,1
2819483,9.913515577322721,5
2819503,9.466563500786776,20
2819504,10.0,1
2819513,9.821687441876104,9
2819522,9.825071322366325,9
2819523,10.0,1
2819528,9.927569435595489,5
2819532,9.933110770068229,4
2819539,9.871418543843886,7
2819554,9.46555334014377,15
2819555,10.0,1
2819571,9.611332618461109,16
2819578,9.866133082172254,7
2819586,9.830003833250643,8
2819597,9.589524941311998,11
2819602,9.918365177748731,5
2819613,9.753276264805667,11
2819618,9.92331532680712,5
2819630,9.548228064940412,12
2819645,9.709881399750312,15
2819652,9.871777208433908,7
2819667,9.650443320455476,15
2819674,9.85142795636928,7
2819700,7.72838189756843,26
2819711,9.742591630067976,11
2819712,9.988808857480791,1
2819720,9.732339726781122,8
2819734,9.70813504441531,14
2819743,9.848124786535516,9
2819755,9.743077548328477,12
2819765,9.795559352536687,10
2819772,9.870149850463452,7
2819781,9.850287327896705,9
2819792,9.766771452956698,11
2819799,9.873418157797015,7
2819801,9.973491823587397,2
2819820,9.561246065660011,19
2819832,9.751692425515653,12
2819841,9.825709860738392,9
2819853,9.72139408043225,12
2819865,9.76702310703843,12
2819881,9.665453693471447,16
2819894,9.721274778960916,13
2819901,9.855115855003234,7
2819911,9.601986137594135,10
2819923,9.656700950445071,12
2819936,9.705542884839245,13
2819941,9.924897007215295,5
2819954,9.750785080619387,13
2819964,9.795440819328599,10
2819976,9.760739012292019,12
2819983,9.864642896590599,7
2819994,9.773101376789418,11
2819995,10.0,1
2820003,9.83292268562001,8
2820012,9.816487348426252,9
2820013,10.0,1
2820025,9.743724615535937,12
2820028,9.953335708487485,3
2820057,9.273155168191725,29
2820069,9.774698874128516,12
2820077,9.843675267600615,8
2820082,9.918642168280032,5
2820093,9.762758973512012,11
2820098,9.91273260515916,5
2820111,9.70174031704332,13
2820121,9.783049821483766,10
2820132,9.763741016716093,11
2820136,9.94163414720238,4
2820149,9.706465157007651,13
2820153,9.932664026084726,4
2820183,9.199285107649812,30
2820192,9.823735246863473,9
2820194,9.972941524312965,2
2820208,9.706933795689194,14
2820213,9.929695069886716,5
2820223,9.834699907888764,10
2820229,9.917298545353146,6
2820230,10.0,1
2820258,9.297620192833028,28
2820273,9.695747767789623,15
2820280,9.886346137447134,7
2820293,9.704767500806012,13
2820298,9.919440430287922,5
2820306,9.871419228264145,8
2820324,9.628991356178762,18
2820327,9.962068599859501,3
2820339,9.754144251686753,12
2820345,9.905872669909062,6
2820354,9.808355070231187,9
2820359,9.90749299573792,5
2820370,9.773196938644599,11
2820399,3.9103421723727223,29
2820406,9.885826723045573,7
2820413,9.861719651382904,7
2820418,9.915712563110302,5
2820426,9.8351109528024,8
2820443,9.612108488827165,17
2820447,9.943335940180788,4
2820483,9.305741396904937,36
2820495,9.749136825227355,12
2820500,9.901831165755551,5
2820507,9.851334777862085,7
2820509,9.971405572419146,2
2820515,9.899209334014305,6
2820524,9.817659557114132,9
2820529,9.914704801665234,5
2820530,10.0,1
2820533,9.956558533458848,3
2820547,9.72390049405247,14
2820568,8.874533375073149,21
2820572,9.94973607805104,4
2820588,9.65736660174065,16
2820603,9.662621446315223,15
2820607,9.939243590994378,4
2820615,9.867308590091815,8
2820628,9.707771644302296,13
2820634,9.890567878744092,6
2820640,9.898379737810574,6
2820645,9.905459887725254,5
2820660,9.674132970805674,15
2820661,10.0,1
2820678,9.586557105293018,17
2820685,9.876598634901843,7
2820689,9.949946154833405,4
2820692,9.965436474520397,3
2820704,9.757049550431875,12
2820706,9.972109725088423,2
2820718,9.732248745102437,12
2820723,9.909274432947749,5
2820729,9.912026908041671,6
2820738,9.827530835919243,9
2820742,9.947316411534906,4
2820753,9.774316886196516,11
2820783,9.40978059275166,30
2820792,9.832206565046913,9
2820804,9.731298527815198,12
2820815,9.762335786558278,11
2820836,9.461672918155818,21
2820845,9.827556191872901,9
2820852,9.861495870102994,7
2820858,9.888666920364916,6
2820865,9.866570021082188,7
2820880,9.700334333127493,15
2820885,9.92113360593213,5
2820892,9.855523942538099,7
2820902,9.811196581754812,10
2820906,9.951935470313272,4
2820914,9.843823134548979,8
2820924,9.814284687759514,10
2820938,9.671734748761851,14
2820946,9.864097096663787,8
2820960,9.690704812042096,14
2820964,9.94610831286799,4
2820971,9.889443925930864,7
2820974,9.964242719441764,3
2820986,9.723163142022116,12
2820992,9.890258722143914,6
2821008,9.643803600652335,16
2821016,9.866514374153553,8
2821017,9.992775892505536,1
2821024,9.895652588597878,7
2821035,9.73801887464102,11
2821039,9.93531938447139,4
2821046,9.872616770400608,7
2821059,9.125266142044033,13
2821065,9.883912375032425,6
2821078,9.516330267315979,13
2821086,9.8334303329918,8
2821093,9.857089407262,7
2821095,9.984275142265123,2
2821099,9.934480777135802,4
2821116,9.614576851473121,17
2821133,9.696678670418535,17
2821138,9.929666658762882,5
2821151,9.735747154996512,13
2821152,10.0,1
2821164,9.766743999080745,12
2821176,9.735404560785744,12
2821181,9.906662020755256,5
2821184,9.963446061296075,3
2821200,9.653723018355004,16
2821205,9.912411055802243,5
2821215,9.80715105280466,10
2821224,9.863417645392902,9
2821230,9.893264855849791,6
2821233,9.95479825178601,3
2821237,9.930278954051822,4
2821243,9.90708270382035,6
2821253,9.78678017384903,10
2821258,9.902265196484072,5
2821267,9.801869242642876,9
2821271,9.947204295292769,4
2821283,9.770834454877235,12
2821296,9.694195856335986,13
2821310,9.683717546747534,14
2821318,9.842334292102795,8
2821328,9.782570930142667,10
2821333,9.917876331157393,5
2821334,10.0,1
2821335,9.993147079423549,1
2821343,9.85850836872793,8
2821348,9.930725227542187,5
2821350,9.97068874712092,2
2821354,9.928904815141907,4
2821364,9.773701188105546,10
2821372,9.85488177703115,8
2821375,9.956361240523535,3
2821391,9.599393733019628,16
2821394,9.96329089348143,3
2821399,9.797442522627861,5
2821406,9.868533112140575,7
2821408,9.971690406212627,2
2821420,9.72827269739852,12
2821421,10.0,1
2821431,9.784424217185578,10
2821438,9.861851471668913,7
2821440,9.98001440724236,2
2821454,9.693459372167585,14
2821465,9.764897080331503,11
2821471,9.877787846363109,6
2821483,9.768141952599452,12
2821495,9.741513855808455,12
2821510,9.665411607506867,15
2821523,9.701936633676342,13
2821536,9.700728023232754,13
2821537,9.989382799096608,1
2821542,9.901788093312353,5
2821549,9.868706079805595,7
2821554,9.916690608239294,5
2821556,9.975891947539868,2
2821565,9.827898294946486,9
2821571,9.899068007384548,6
2821583,9.280023883024112,12
2821590,9.86059657204493,7
2821591,10.0,1
2821592,10.0,1
2821593,10.0,1
2821605,9.731695837442857,12
2821612,9.86331318471708,7
2821618,9.88837186731997,6
2821626,9.831291679568988,8
2821636,9.781568011222136,10
2821637,10.0,1
2821638,9.989396324217221,1
2821653,9.675429098565093,15
2821657,9.933480945912988,4
2821678,7.624531197266947,21
2821689,9.746746434951989,11
2821693,9.930192467910201,4
2821702,9.800979068165482,9
2821719,9.656634549502606,17
2821727,9.860778420485188,8
2821748,9.478916925580148,21
2821761,9.712827236831652,13
2821768,9.860979409797093,7
2821776,9.850212937066038,8
2821786,9.796882239619512,10
2821797,9.75103804779327,11
2821806,9.816301726678416,9
2821823,9.623057515720541,17
2821829,9.876197893807195,6
2821842,9.718382991562038,13
2821843,10.0,1
2821853,9.802265396337551,10
2821864,9.696586936337999,11
2821869,9.910352558825052,5
2821881,9.74637804785286,12
2821882,9.992522963869266,1
2821894,9.723917271972056,12
2821909,9.665556927077827,15
2821922,9.68934708497897,13
2821929,9.875797234957911,7
2821938,9.823825645919184,9
2821945,9.769232499818822,7
2821954,9.813215078282372,9
2821964,9.80017431627967,10
2821975,9.578236137468116,11
2821984,9.814392104207213,9
2821988,9.930789481352694,4
2821992,9.943048447228815,4
2822002,9.765841881390283,10
2822008,9.90353965584325,6
2822018,9.825245062303013,10
2822030,9.728783293987902,12
2822040,9.789667308089255,10
2822055,9.673281391225895,15
2822063,9.876624238737808,8
2822076,9.601181697328428,13
2822084,9.762047097639451,8
2822092,9.844293219792267,8
2822101,9.82525359443421,9
2822106,9.908701024130268,5
2822113,9.880232572917677,7
2822114,10.0,1
2822115,10.0,1
2822125,9.776718397473198,10
2822135,9.78990268183435,10
2822140,9.918110870476252,5
2822151,9.757989080596099,11
2822166,9.744191102587093,15
2822177,9.768273368822149,11
2822185,9.853153653128677,8
2822197,9.753882849114396,12
2822211,9.683154325288868,14
2822213,9.974526828763414,2
2822222,9.818000409460124,9
2822232,9.812412633632405,10
2822240,9.867368815154464,8
2822250,9.783795417044804,10
2822262,9.763199584077318,12
2822273,9.468351211840698,11
2822279,9.903412861423813,6
2822289,9.775939874538002,10
2822301,9.748942049316561,12
2822315,9.696398334444138,14
2822326,9.759034349675895,11
2822343,9.636889073875096,17
2822351,9.850036789767852,8
2822361,9.833835742556687,10
2822373,9.748303480208952,12
2822380,9.859594815573828,7
2822395,9.707002924595681,15
2822399,9.92988016475054,4
2822410,9.746357998254567,11
2822415,9.914946569610189,5
2822425,9.777646874933097,10
2822429,9.923541768391061,4
2822443,9.681671151062398,14
2822452,9.828080961996289,9
2822453,10.0,1
2822460,9.86252729682036,7
2822470,9.78337651211176,10
2822484,9.678491331770354,14
2822494,9.778809106301527,10
2822505,9.782103160699421,11
2822518,9.706851562314368,13
2822525,9.872411037944353,7
2822538,9.704409304008264,13
2822551,9.716858684520817,13
2822561,9.800752928617596,10
2822566,9.92372878435569,5
2822573,9.878671380957027,7
2822585,9.733894480160172,12
2822597,9.741371901999031,12
2822605,9.860198058943984,8
2822614,9.798130875731495,9
2822624,9.799837257948944,10
2822631,9.864430867070144,7
2822643,9.710147600783229,12
2822649,9.875965183080508,6
2822658,9.83565417945044,9
2822670,9.750670321780838,12
2822691,9.529568720008536,21
2822701,9.79784376537592,10
2822704,9.964502107643764,3
2822712,9.88924093981596,8
2822727,9.698032634219276,15
2822743,9.629406408569233,16
2822762,9.585067960154928,19
2822763,10.0,1
2822776,9.707932808106367,13
2822782,9.883710412513619,6
2822794,9.725597133071105,12
2822805,9.815285867968262,11
2822815,9.769092775052442,10
2822820,9.909105321911095,5
2822830,9.799200306658518,10
2822842,9.732452032869782,12
2822843,9.989252571090645,1
2822846,9.965930511149175,3
2822847,10.0,1
2822851,9.930387168228123,4
2822866,9.657524218650577,15
2822871,9.907043488049771,5
2822877,9.896317236971273,6
2822888,9.78166670394678,11
2822893,9.908569009141084,5
2822903,9.780695851812055,10
2822912,9.805506580083811,9
2822924,9.723494975637198,12
2822929,9.9255756515651,5
2822936,9.87837504323473,7
2822945,9.833734657486094,9
2822955,9.792834902843923,10
2822956,10.0,1
2822963,9.875714142082533,7
2822971,9.849553219398574,8
2822984,9.735874924810467,13
2822989,9.925499663917508,5
2823001,9.77276042602585,12
2823002,10.0,1
2823013,9.74676978941818,11
2823029,9.634169385462185,16
2823032,9.950235290502059,3
2823039,9.873523056790159,7
2823047,9.871143918689635,8
2823061,9.670856432421786,14
2823066,9.91860651101068,5
2823068,9.971224581190397,2
2823079,9.79176326077695,11
2823083,9.943761288948616,4
2823092,9.811102547855349,9
2823093,10.0,1
2823104,9.750065380137707,11
2823115,9.746242406720398,11
2823126,9.790489600408357,11
2823139,9.703077758507229,13
2823146,9.869985032773922,7
2823156,9.8138076935994,10
2823165,9.808023539869588,9
2823168,9.969863489026462,3
2823179,9.820747955451838,11
2823186,9.873016409315492,7
2823187,9.992431662145423,1
2823190,9.957657566827853,3
2823204,9.726563901629559,14
2823206,9.978110065326515,2
2823213,9.868583894220194,7
2823215,9.981008122927104,2
2823216,10.0,1
2823234,9.654042357878529,18
2823246,9.727410179763796,12
2823247,10.0,1
2823253,9.890121294668539,6
2823254,10.0,1
2823255,10.0,1
2823261,9.88804225669346,6
2823262,9.993104182653587,1
2823267,9.931257000609733,5
2823271,9.93590670880658,4
2823272,10.0,1
2823277,9.92757279280077,5
2823278,10.0,1
2823285,9.87019570377274,7
2823295,9.78508532944532,10
2823301,9.897404274188942,6
2823316,9.676844664742749,15
2823324,9.823506988980045,8
2823333,9.801783945678633,9
2823344,9.676742879000335,11
2823353,9.836050005674258,9
2823358,9.936545811685441,5
2823364,9.89206861996107,6
2823370,9.886575680861174,6
2823377,9.899351367695884,7
2823392,9.654972102649225,15
2823400,9.856618675940199,8
2823409,9.80957562977948,9
2823416,9.891495013452836,7
2823418,9.973876379480261,2
2823428,9.775872772217625,10
2823436,9.8460266120197,8
2823442,9.79312360206753,6
2823449,9.877127418425626,7
2823457,9.848126055347956,8
2823469,9.742873070995596,12
2823479,9.804289143144514,10
2823486,9.88636072132488,7
2823497,9.778958153364634,11
2823515,9.521537148197572,18
2823522,9.867606309134395,7
2823529,9.882021112108406,7
2823547,9.61908641044021,18
2823557,9.816433599702096,10
2823565,9.860126373832768,8
2823573,9.851876925313723,8
2823584,9.75154166751756,11
2823593,9.796663481117477,9
2823594,10.0,1
2823610,9.62810383637002,16
2823621,9.743406373514642,11
2823633,9.789343006322625,12
2823639,9.912627734706115,6
2823643,9.940305576377503,4
2823645,9.97644089774741,2
2823654,9.792304105587636,9
2823661,9.879531030836747,7
2823672,9.772283824842553,11
2823685,9.688367315085186,13
2823695,9.79759844457983,10
2823706,9.792169980535636,11
2823714,9.82274271601709,8
2823722,9.85712225496573,8
2823727,9.910079219528775,5
2823736,9.706021921694864,9
2823749,9.514330116890653,13
2823760,9.785552031839186,11
2823774,9.651704724796089,14
2823778,9.94101827112628,4
2823783,9.92635205399454,5
2823833,8.52896655610556,50
2823838,9.929014061145747,5
2823849,9.726211629620277,11
2823856,9.867789681500941,7
2823863,9.886177415061459,7
2823875,9.784966312285016,12
2823883,9.86052499203945,8
2823885,9.970031383730621,2
2823891,9.882951069736768,6
2823895,9.934502506400413,4
2823896,10.0,1
2823906,9.805361318190261,10
2823914,9.851881903183052,8
2823920,9.90179820960325,6
2823926,9.88971295276917,6
2823929,9.956885629043049,3
2823941,9.754371846766931,12
2823942,9.993271434260949,1
2823943,10.0,1
2823944,10.0,1
2823955,9.772367348501984,11
2823957,9.981704350434677,2
2823965,9.867928466443887,8
2823980,9.688817024343605,15
2823986,9.877095927874784,6
2823997,9.741140907911003,11
2824005,9.836227177924446,8
2824021,9.678054629257488,16
2824038,9.676027044413878,17
2824049,9.757501739017771,11
2824060,9.80253409734807,11
2824066,9.909141121598273,6
2824075,9.827951730793314,9
2824084,9.822345657573601,9
2824085,10.0,1
2824093,9.845379896925909,8
2824094,10.0,1
2824095,10.0,1
2824101,9.9087808802316,6
2824106,9.92546656941188,5
2824113,9.868958946484488,7
2824127,9.721632156488923,14
2824135,9.840752158400704,8
2824150,9.68881689834285,15
2824158,9.844511816990586,8
2824164,9.910946002300951,6
2824168,9.93939865781396,4
2824178,9.817012734518325,10
2824179,10.0,1
2824182,9.968707602174609,3
2824195,9.716808176561768,13
2824196,10.0,1
2824201,9.92163060894627,5
2824204,9.963274097287707,3
2824222,9.60712928287684,18
2824230,9.839164816355794,8
2824243,9.708675287823342,13
2824254,9.750181599414494,11
2824262,9.841477977656504,8
2824263,10.0,1
2824271,9.851320016353235,8
2824278,9.863024261553349,7
2824289,9.76978393687244,11
2824297,9.838158852786155,8
2824306,9.807842489277478,9
2824310,9.94563016029242,4
2824321,9.764778920474564,11
2824331,9.802466937684269,10
2824338,9.871161350253503,7
2824347,9.824885866205857,9
2824348,10.0,1
2824354,9.900101983956608,6
2824366,9.780354093103087,12
2824373,9.880416733735112,7
2824392,9.554372255165289,19
2824393,10.0,1
2824403,9.776319299908767,10
2824418,9.680516368022726,15
2824427,9.83490114577242,9
2824428,10.0,1
2824435,9.891565448923567,7
2824449,9.705501656471457,14
2824461,9.770358299824125,12
2824464,9.968108458141737,3
2824465,10.0,1
2824480,9.683446896019678,15
2824487,9.86582905767253,7
2824488,9.99327372060762,1
2824500,9.791350248993782,12
2824517,9.601399730227206,17
2824522,9.921829287255377,5
2824526,9.944101570269064,4
2824545,9.343559805735147,19
2824550,9.910716896447017,5
2824551,9.988097884690504,1
2824560,9.834173676543049,9
2824567,9.854375128828686,7
2824571,9.952693718607483,4
2824577,9.899780835114015,6
2824581,9.93656815657337,4
2824588,9.866743339243817,7
2824596,9.86963753623685,8
2824599,9.950645312942687,3
2824606,9.877476560374111,7
2824608,9.967763991888154,2
2824612,9.94196350513195,4
2824620,9.84859188543817,8
2824628,9.854787837530889,8
2824639,9.769479009830407,11
2824646,9.876586626788114,7
2824656,9.800945254247644,10
2824664,9.861197131382061,8
2824670,9.903151072250486,6
2824681,9.753225150728156,11
2824690,9.838510892843848,9
2824694,9.925876841841404,4
2824706,9.741646377923102,12
2824712,9.893113233038774,6
2824718,9.899653554317275,6
2824720,9.969182659975466,2
2824727,9.851783885876117,7
2824734,9.863360754138272,7
2824752,9.572346531957887,18
2824767,9.654830393273897,15
2824773,9.875176875330963,6
2824774,9.996583548655208,1
2824796,9.531516930350685,22
2824811,9.696132419478516,15
2824817,9.890043889221307,6
2824818,10.0,1
2824830,9.73578996337189,12
2824841,9.815568605643513,11
2824854,9.712313745460824,13
2824864,9.831195913608415,10
2824870,9.88878088138212,6
2824885,9.66070896242377,15
2824891,9.896229251460522,6
2824903,9.792318600782682,12
2824906,9.951604078986737,3
2824908,9.969593973946225,2
2824920,9.745835126851926,12
2824921,10.0,1
2824937,9.661030252373388,16
2824940,9.953856285265475,3
2824947,9.888713956615941,7
2824967,9.565417266439546,20
2824970,9.965765196062103,3
2824981,9.812037446910715,11
2824999,9.601619030061277,18
2825013,9.676689164371538,14
2825014,10.0,1
2825025,9.783738743144948,11
2825033,9.84906963322161,8
2825059,9.533953414279445,26
2825067,9.823671273899523,8
2825068,10.0,1
2825070,9.978191497683607,2
2825074,9.930675131526657,4
2825080,9.908738387246652,6
2825092,9.73126862333248,12
2825093,10.0,1
2825146,8.95112366555356,53
2825154,9.833438623597633,8
2825157,9.955090974239399,3
2825165,9.846872816010356,8
2825174,9.843726708502203,9
2825182,9.850080110278839,8
2825197,9.727165428315002,15
2825204,9.883872143402467,7
2825217,9.740406741892482,13
2825233,9.650171481123186,16
2825244,9.736777277048645,11
2825254,9.817233585696481,10
2825258,9.946011853949985,4
2825266,9.861749506248588,8
2825273,9.870904839814594,7
2825281,9.848786474620715,8
2825293,9.735410395110843,12
2825301,9.846421429810553,8
2825303,9.981126576580891,2
2825304,10.0,1
2825313,9.815357868034274,9
2825314,10.0,1
2825318,9.933998515511094,4
2825323,9.910151573011671,5
2825324,10.0,1
2825337,9.690862524656994,13
2825345,9.83731983128007,8
2825354,9.817826265296926,9
2825361,9.859751341691323,7
2825372,9.75489929608273,11
2825373,10.0,1
2825376,9.955513557046551,3
2825392,9.61707509927118,16
2825406,9.719691873426921,14
2825410,9.934502523948494,4
2825415,9.91842435541412,5
2825418,9.956052849649602,3
2825422,9.928236573166863,4
2825423,10.0,1
2825436,9.731720063631068,13
2825442,9.901722816664861,6
2825451,9.81220124436551,9
2825464,9.677361630165427,13
2825479,9.378049175802435,15
2825481,9.972025725541442,2
2825495,9.72474838504389,14
2825502,9.86312527011511,7
2825503,10.0,1
2825517,9.717257170957506,14
2825526,9.818268423452544,9
2825542,9.663537687936229,16
2825545,9.955527036181257,3
2825549,9.933385241131242,4
2825556,9.866828420932686,7
2825557,10.0,1
2825570,9.768786000148541,13
2825579,9.820900528764769,9
2825595,9.667694255301978,16
2825647,8.801596047662253,52
2825651,9.741409744690214,4
2825669,9.655008058966645,18
2825683,9.747015207386164,14
2825694,9.745320192091471,11
2825710,9.605269770928569,16
2825723,9.607250650321255,13
2825734,9.765508816591698,11
2825747,9.72393287244794,13
2825757,9.833231024903101,10
2825759,9.972245702765603,2
2825764,9.929689036638186,5
2825768,9.941938384078801,4
2825778,9.78350867421883,10
2825779,10.0,1
2825801,9.546386252004272,22
2825802,10.0,1
2825803,10.0,1
2825818,9.664346027971694,15
2825822,9.936087259918386,4
2825823,10.0,1
2825833,9.786685633624463,10
2825842,9.825910626870067,9
2825843,10.0,1
2825855,9.737412569203377,12
2825864,9.555322396471583,9
2825875,9.782061929182294,11
2825879,9.934471772994334,4
2825892,9.695584069319997,13
2825907,9.652669220172596,15
2825924,9.618439251158565,17
2825939,9.696961142242454,15
2825942,9.964853778345125,3
2825950,9.833588886208787,8
2825965,9.654536893988505,15
2825967,9.971916317762442,2
2825968,9.988821732304274,1
2825985,9.593218414184625,17
2825992,9.891315495341384,7
2826003,9.76946005228177,11
2826016,9.420032849265922,13
2826030,9.692707185036536,14
2826039,9.83618795432052,9
2826056,9.591167064951353,17
2826060,9.94182561588669,4
2826067,9.84719236233915,7
2826080,9.677431307107348,13
2826088,9.847901923715828,8
2826154,-12.058313622025452,66
2826162,9.745479683769146,8
2826171,9.817826915512406,9
2826190,9.577946651405059,19
2826195,9.917700887501656,5
2826207,9.72432816425272,12
2826212,9.814933731391921,5
2826223,9.765514506836302,11
2826230,9.872862510113583,7
2826238,9.83820732441859,8
2826251,9.708645474085468,13
2826261,9.798968202529618,10
2826268,9.870523415057077,7
2826279,9.780445581961937,11
2826284,9.919154027718273,5
2826297,9.726253221509563,13
2826304,9.891227827187489,7
2826305,10.0,1
2826311,9.90128583619396,6
2826320,9.815579358204488,9
2826326,9.885433827208844,6
2826339,9.760216492231773,13
2826355,9.608912119993965,16
2826361,9.915229328994128,6
2826371,9.786000079901909,10
2826382,9.758629616575885,11
2826392,9.797512110070995,10
2826394,9.986246926973282,2
2826406,9.759143548723104,12
2826417,9.762534662812875,11
2826423,9.88406555085245,6
2826436,9.74668994545276,13
2826439,9.955206545977877,3
2826447,9.835661879633573,8
2826453,9.88068668989613,6
2826466,9.752328380949946,13
2826470,9.93239582342362,4
2826487,9.629975451871362,17
2826491,9.941211501061968,4
2826497,9.88738015562735,6
2826503,9.883002036760134,6
2826510,9.878442659023566,7
2826522,9.749059207909252,12
2826529,9.859657102091116,7
2826542,9.741920331424764,13
2826545,9.964814639154309,3
2826555,9.792818464338417,10
2826559,9.9400810646964,4
2826562,9.948161188283915,3
2826572,9.83021799662409,10
2826582,9.783234474606084,10
2826596,9.70209720665914,14
2826606,9.781958060319525,10
2826619,9.69686399487618,13
2826622,9.957045568390187,3
2826627,9.91717467080925,5
2826635,9.870608759794413,8
2826646,9.79506710887043,11
2826653,9.85679609214464,7
2826664,9.779864696546307,11
2826665,9.989138127430891,1
2826668,9.96694104440376,3
2826675,9.854598626298898,7
2826684,9.80776280048565,9
2826685,10.0,1
2826694,9.815752061919609,9
2826705,9.743503405584288,11
2826715,9.832132534033322,10
2826731,9.570900033302035,16
2826733,9.970003988158743,2
2826736,9.959299885813028,3
2826737,10.0,1
2826748,9.767543878802915,11
2826760,9.777462991370253,12
2826765,9.924629310752632,5
2826774,9.827829414786228,9
2826791,9.571941877233638,17
2826803,9.738219373897866,12
2826873,-15.058868487883277,70
2826874,10.0,1
2826881,9.86113015042258,7
2826894,9.72485009294521,13
2826908,9.657091411417092,14
2826913,9.922426980072142,5
2826925,9.743014480224605,12
2826940,9.643149436172578,15
2826951,9.759235758341932,11
2826961,9.829951707734422,10
2826967,9.904639888312662,6
2826973,9.914375418041441,6
2826989,9.653265058294105,16
2827003,9.66980359332659,14
2827012,9.816047825951909,9
2827015,9.961518787600042,3
2827034,9.583483635192565,19
2827039,9.925561810969452,5
2827049,9.774406784803467,10
2827057,9.84236892792588,8
2827069,9.751530456062147,12
2827070,9.996577700915992,1
2827078,9.85169678131866,8
2827079,10.0,1
2827088,9.80935217724384,9
2827098,9.779151417941131,10
2827110,9.621821159947759,12
2827126,9.644025552431863,16
2827127,10.0,1
2827131,9.932810824298254,4
2827136,9.913817233182272,5
2827152,9.700686196730965,16
2827166,9.479463691051382,14
2827173,9.90261491427472,7
2827187,9.698295343145254,14
2827197,9.797937853382505,10
2827209,9.758661176961354,12
2827223,9.712739817866025,14
2827234,9.746592850579534,11
2827237,9.945300907385539,3
2827240,9.948346976051473,3
2827252,9.723492669303598,12
2827258,9.905102332825688,6
2827266,9.833564697758696,8
2827270,9.946929085467788,4
2827286,8.843306251500977,16
2827295,9.816061153629494,9
2827302,9.86793932970907,7
2827318,9.615009443950463,16
2827324,9.902017591007185,6
2827325,10.0,1
2827332,9.890711310372454,7
2827336,9.942368725370315,4
2827345,9.802428037545756,9
2827352,9.848815697837129,7
2827353,10.0,1
2827354,10.0,1
2827366,9.771738362557455,12
2827381,9.686949970363461,15
2827393,9.733097974022526,12
2827403,9.789866831508165,10
2827415,9.766055445070252,12
2827416,9.988193187224697,1
2827417,10.0,1
2827431,9.68827241961246,14
2827434,9.957438224131641,3
2827449,9.6539744212166,15
2827463,9.729870869185113,14
2827464,10.0,1
2827470,9.902955977418168,6
2827486,9.481261783398029,16
2827495,9.871981107244222,9
2827507,9.75603350408068,12
2827511,9.949385794295615,4
2827524,9.702249114533766,13
2827531,9.86815158409874,7
2827537,9.895898610258898,6
2827546,9.825853494071588,9
2827547,10.0,1
2827553,9.876417734789632,6
2827560,9.869240688430741,7
2827561,10.0,1
2827574,9.781244189174135,13
2827581,9.890953952391516,7
2827585,9.926290112015273,4
2827596,9.766607297689463,11
2827609,9.709120534505326,13
2827615,9.894372158938273,6
2827627,9.725627186413954,12
2827638,9.782683719904105,11
2827639,10.0,1
2827643,9.93901478302734,4
2827650,9.852981273074553,7
2827659,9.80031411710535,9
2827663,9.937793069221934,4
2827672,9.837516661624559,9
2827687,9.658204278579586,15
2827699,9.754112044601573,12
2827705,9.889076862041584,6
2827709,9.94987120187116,4
2827713,9.934088248154747,4
2827721,9.827934302535224,8
2827738,9.58587997586153,17
2827745,9.85477130273587,7
2827746,10.0,1
2827753,9.838684534677336,7
2827758,9.910457949358804,5
2827759,10.0,1
2827774,9.663175557779212,15
2827783,9.80915901455736,9
2827784,10.0,1
2827798,9.69433745787874,14
2827809,9.773219702029142,11
2827814,9.906630218018927,5
2827825,9.774342726652709,11
2827833,9.877019580019713,8
2827847,9.604446938525284,14
2827856,9.817742733571004,9
2827869,9.717830538897847,13
2827883,9.748108612451755,14
2827892,9.802346497808516,9
2827907,9.686795388433147,15
2827910,9.958062542812227,3
2827913,9.958586350210107,3
2827924,9.755744122732818,11
2827932,9.862510926560478,8
2827941,9.829102396531429,9
2827949,9.854590161377379,8
2827967,9.587083107180629,18
2827968,10.0,1
2827975,9.874898351274537,7
2827980,9.921109649911823,5
2827987,9.869504624333324,7
2827996,9.819190027164034,9
2828004,9.834568249653529,8
2828016,9.724578535511352,12
2828030,9.68826895282332,14
2828034,9.95117701869807,4
2828038,9.947885589078915,4
2828039,10.0,1
2828044,9.930514284649462,5
2828054,9.769423993937947,10
2828061,9.875661840612548,7
2828065,9.956479121036315,4
2828070,9.907849440776875,5
2828076,9.912747536824106,6
2828079,9.949633256321125,3
2828082,9.969959990919161,3
2828086,9.939815461774804,4
2828093,9.875391218183774,7
2828101,9.84406900160725,8
2828104,9.970383252106345,3
2828112,9.85143167975282,8
2828127,9.66452299303315,15
2828137,9.705124632509055,10
2828143,9.889999454971466,6
2828144,9.991649885662074,1
2828147,9.950952057975663,3
2828151,9.949932224136376,4
2828160,9.844564047380814,9
2828161,10.0,1
2828171,9.776225169273786,10
2828181,9.757085124890326,10
2828192,9.778019874590466,11
2828204,9.74738461803505,12
2828212,9.855014581969128,8
2828219,9.871421045457117,7
2828230,9.772527614403886,11
2828240,9.813348035790195,10
2828251,9.770182476135385,11
2828269,9.603977824320168,18
2828270,10.0,1
2828275,9.919260946121831,5
2828289,9.677214713707853,14
2828290,10.0,1
2828296,9.884816371474045,6
2828303,9.857413561198133,7
2828310,9.886557818497522,7
2828318,9.868030711298868,8
2828319,10.0,1
2828328,9.800575616633392,9
2828329,10.0,1
2828336,9.878452561847173,7
2828341,9.91544483565185,5
2828349,9.829765039439547,8
2828358,9.82285445964526,9
2828359,10.0,1
2828366,9.860827872712745,7
2828375,9.786807566021691,9
2828379,9.928382923043301,4
2828381,9.977598008937251,2
2828389,9.847829402674682,8
2828394,9.907495665938853,5
2828408,9.687573389080487,14
2828418,9.762093847583413,10
2828434,9.637966601400603,16
2828439,9.918923346754738,5
2828454,9.664926415252491,15
2828459,9.928203992188266,5
2828462,9.96288128176784,3
2828471,9.829011943735228,9
2828480,9.825199198306398,9
2828496,9.687027905684962,16
2828504,9.851666660453704,8
2828510,9.882273245664237,6
2828516,9.901018602114847,6
2828520,9.92667590334424,4
2828529,9.806866414761032,9
2828535,9.897457202953095,6
2828536,10.0,1
2828551,9.645162265748622,15
2828552,10.0,1
2828563,9.781890441112928,11
2828571,9.843500584473048,8
2828577,9.912201211605586,6
2828589,9.534384062738953,12
2828590,9.992320370614841,1
2828591,10.0,1
2828597,9.88521820496295,6
2828598,10.0,1
2828615,9.539503503396066,17
2828621,9.918819480270285,6
2828622,9.992283728565189,1
2828628,9.880207297305114,6
2828642,9.677732277817276,14
2828649,9.853193519237033,7
2828662,9.741162033423478,13
2828663,10.0,1
2828667,9.943047446100282,4
2828671,9.945374608213491,4
2828678,9.867562681374451,7
2828683,9.896297956371374,5
2828696,9.687285333422118,13
2828699,9.961661253219077,3
2828705,9.912789922897009,6
2828711,9.901834559339493,6
2828715,9.929297698192599,4
2828716,10.0,1
2828723,9.866427080113787,7
2828729,9.905979590020472,6
2828739,9.79862780356917,10
2828752,9.76004301568719,13
2828759,9.844874025931576,7
2828760,10.0,1
2828767,9.867029359869585,7
2828770,9.95140982530297,3
2828775,9.928813202173673,5
2828790,9.69855945153424,15
2828804,9.71537179456603,14
2828811,9.86897092060381,7
2828826,9.680247515838872,15
2828828,9.979569345838337,2
2828834,9.899742196037622,6
2828838,9.933546539096202,4
2828855,9.626165302426443,17
2828868,9.759214525395642,13
2828877,9.80408194921331,9
2828882,9.918028143478116,5
2828897,9.672563863328186,15
2828898,10.0,1
2828907,9.8018919502062,9
2828913,9.892968398007284,6
2828917,9.93468242052532,4
2828920,9.962511257955756,3
2828924,9.93677809083821,4
2828935,9.774155355531855,11
2828940,9.91935536346294,5
2828951,9.739401139382425,11
2828954,9.970132271742862,3
2828971,9.55550712448079,17
2828972,10.0,1
2828983,9.763045854783568,11
2828990,9.864441224150921,7
2829004,9.673705694267646,14
2829024,9.426356511186775,20
2829036,9.422201763510165,12
2829037,10.0,1
2829041,9.947818309337663,4
2829049,9.846271684890988,8
2829065,9.635082327170318,16
2829074,9.752462642036996,9
2829084,9.793205981830715,10
2829090,9.894908383753833,6
2829096,9.910655320038689,6
2829106,9.82713402972824,10
2829123,9.522594837372216,17
2829133,9.700120099715273,10
2829142,9.803406027991729,9
2829158,9.699665695247823,16
2829163,9.921785647299025,5
2829165,9.970616807131583,2
2829168,9.96278498051746,3
2829176,9.832071389905114,8
2829190,9.673024227985872,14
2829191,10.0,1
2829204,9.743686062322777,13
2829217,9.732647847883738,13
2829228,9.764920792121062,11
2829229,10.0,1
2829238,9.795425047229584,9
2829254,9.645414881360553,16
2829259,9.807663356773647,5
2829272,9.71854741587493,13
2829279,9.872724598241161,7
2829291,9.71982922841319,12
2829297,9.900075761864095,6
2829306,9.703364160656824,9
2829314,9.835403609806743,8
2829322,9.836269981968247,8
2829333,9.740844943714944,11
2829342,9.815337818806633,9
2829355,9.696645871589459,13
2829369,9.688872699638214,14
2829381,9.730088609527236,12
2829390,9.818981373810834,9
2829404,9.680704341573314,14
2829405,10.0,1
2829415,9.808332070613435,10
2829423,9.81861569913784,8
2829424,9.988918199096211,1
2829429,9.929216086883283,5
2829437,9.842660283442267,8
2829451,9.694981017138318,14
2829457,9.912279456701297,6
2829470,9.712913924366532,13
2829480,9.801260291419272,10
2829485,9.913686908036924,5
2829496,9.771778713757143,11
2829507,9.751224065752394,11
2829538,9.28954470710402,31
2829549,9.763068511234884,11
2829554,9.918045091956989,5
2829558,9.92669959224675,4
2829569,9.816685969395468,11
2829572,9.959962669810807,3
2829580,9.842272559819696,8
2829583,9.9631264536331,3
2829586,9.967636386061669,3
2829597,9.662691735342714,11
2829610,9.72437999610131,13
2829619,9.789616651342255,9
2829639,9.211492673668717,20
2829649,9.799170818619244,10
2829655,9.889349256645332,6
2829656,9.992682675719657,1
2829660,9.927976988648203,4
2829673,9.715022576742347,13
2829684,9.802766340234315,11
2829685,9.9928567229454,1
2829700,9.651291682931607,15
2829716,9.704047776620072,16
2829729,9.717130279583147,13
2829730,10.0,1
2829740,9.815889555901846,10
2829752,9.746682276320321,12
2829768,9.625717085669816,16
2829771,9.96217656578868,3
2829777,9.902478950554196,6
2829788,9.747572921058854,11
2829795,9.912253374113385,7
2829801,9.90017342569551,6
2829815,9.66394178770122,14
2829829,9.675425343703086,14
2829833,9.944295256645407,4
2829845,9.730789717171229,12
2829849,9.94312445532197,4
2829862,9.721934604632498,13
2829863,10.0,1
2829870,9.847940148707067,7
2829881,9.568783804407778,11
2829887,9.901973278330637,6
2829891,9.938656436574743,4
2829899,9.843487761426333,8
2829901,9.971080458444556,2
2829918,9.59505350972755,17
2829928,9.748031998886251,10
2829933,9.917861762848062,5
2829945,9.734304395509936,12
2829959,9.711698005303406,14
2829965,9.919489998937786,6
2829967,9.981098318774734,2
2829977,9.810502660855587,10
2829981,9.945251058416986,4
2829986,9.913831421681168,5
2829997,9.812989528932356,11
2830005,9.841612263344892,8
2830006,10.0,1
2830011,9.91184099356955,5
2830017,9.910915941674084,6
2830026,9.801083559716341,9
2830030,9.927282658874347,4
2830039,9.8169172239556,9
2830055,9.625387873709785,16
2830059,9.747051094343535,4
2830065,9.903264309835855,6
2830074,9.809869755472347,9
2830077,9.961971830357113,3
2830079,9.977226256519943,2
2830085,9.900595582640472,6
2830091,9.871617702782721,6
2830094,9.963506851922162,3
2830095,10.0,1
2830106,9.74526268180145,11
2830114,9.83604877322608,8
2830124,9.679894945706401,10
2830141,9.583805091608237,17
2830149,9.846522188164926,8
2830161,9.746922136283452,12
2830162,10.0,1
2830171,9.83241899584197,9
2830176,9.913421686552542,5
2830188,9.633117079714559,12
2830193,9.722742185625844,5
2830208,9.643107420211486,15
2830220,9.74252295258488,12
2830229,9.83087304505259,9
2830239,9.762042767673584,10
2830246,9.866634793445169,7
2830252,9.906831208693792,6
2830265,9.705347901998131,13
2830276,9.758529918749877,11
2830288,9.757819843475708,12
2830299,9.75295688581229,11
2830312,9.675843919787956,13
2830319,9.854975496621165,7
2830320,9.992451944277843,1
2830333,9.697880281654665,13
2830342,9.856633535049232,9
2830356,9.565424494025567,14
2830357,10.0,1
2830363,9.89859876470373,6
2830375,9.755271001734293,12
2830386,9.764619911618817,11
2830399,9.717423201660685,13
2830405,9.895215129342814,6
2830406,10.0,1
2830413,9.889484425393954,7
2830432,9.570809389981875,19
2830447,9.179154292476742,15
2830448,10.0,1
2830455,9.841942725293414,7
2830456,10.0,1
2830465,9.825042286288532,9
2830470,9.911140459062626,5
2830473,9.964846964482508,3
2830483,9.783030364240746,10
2830492,9.852133020132428,9
2830509,9.635612017752868,17
2830511,9.971844867061256,2
2830521,9.81730848149822,10
2830526,9.920264323079738,5
2830531,9.930512232977062,5
2830537,9.9044222259143,6
2830545,9.843335118517684,8
2830553,9.868476761768793,8
2830555,9.975988837307202,2
2830566,9.795179347105227,11
2830575,9.80942365541455,9
2830578,9.95172404159714,3
2830586,9.856512187477602,8
2830603,9.591096895747611,17
2830611,9.748548422155045,8
2830622,9.777289111235357,11
2830632,9.81090275247079,10
2830644,9.754674871848591,12
2830657,9.74111423057544,13
2830658,10.0,1
2830668,9.785471690255696,10
2830670,9.971144723275822,2
2830673,9.956106632638123,3
2830680,9.888718422447706,7
2830681,9.988131166479027,1
2830682,10.0,1
2830688,9.886299245337625,6
2830696,9.855635364979847,8
2830697,10.0,1
2830707,9.803320089822604,10
2830708,9.99295377345095,1
2830709,10.0,1
2830720,9.770258170617431,11
2830731,9.786497095065307,11
2830741,9.76320564216757,10
2830749,9.834127368132135,8
2830756,9.901270529853885,7
2830769,9.70640521992928,13
2830785,9.623682657768775,16
2830786,10.0,1
2830800,9.71612533853744,14
2830806,9.9005558281854,6
2830815,9.822491135589873,9
2830817,9.970852607383822,2
2830826,9.864450399408295,9
2830833,9.86800412626715,7
2830841,9.875439330270359,8
2830850,9.81263358988854,9
2830862,9.719915649976157,12
2830871,9.815975760321201,9
2830876,9.903923995955644,5
2830877,10.0,1
2830890,9.70745300653769,13
2830891,10.0,1
2830892,10.0,1
2830898,9.908192455474971,6
2830906,9.849786444350764,8
2830907,10.0,1
2830908,10.0,1
2830921,9.71326476205939,13
2830935,9.67648564764575,14
2830949,9.684774379572016,14
2830958,9.806530926807072,9
2830964,9.902140061956034,6
2830965,10.0,1
2830966,9.996403120659407,1
2830973,9.877141765750446,7
2830974,10.0,1
2830983,9.814603961491962,9
2830984,10.0,1
2830995,9.793641048520206,11
2830998,9.953887648208687,3
2830999,10.0,1
2831006,9.8584244782576,7
2831009,9.946348465091228,3
2831025,9.657242585789783,16
2831033,9.859827840727466,8
2831050,9.675051298549826,17
2831061,9.745805062413211,11
2831067,9.887232739904421,6
2831068,9.988566314999382,1
2831076,9.845994779356127,8
2831085,9.822185854053442,9
2831093,9.83889398828548,8
2831102,9.810409751000337,9
2831113,9.76326903227673,11
2831124,9.795225332880829,11
2831132,9.841613298546331,8
2831136,9.940929345078414,4
2831148,9.746106004190102,12
2831157,9.816594922424027,9
2831160,9.968693480448849,3
2831168,9.821638060407537,8
2831184,9.640771926021339,16
2831194,9.813317745484056,10
2831200,9.910285182904708,6
2831218,9.635001025452112,18
2831221,9.955550468152541,3
2831226,9.920875039614808,5
2831235,9.801358774507523,9
2831246,9.779902642471212,11
2831250,9.95162173933997,4
2831258,9.874205010112657,8
2831263,9.919440236596582,5
2831267,9.93464025500474,4
2831276,9.816547827027936,9
2831287,9.770131825519117,11
2831288,9.992068905731664,1
2831296,9.84216181683527,8
2831299,9.95336584214399,3
2831302,9.970826013589399,3
2831314,9.752399086266427,12
2831326,9.7225694960755,12
2831328,9.971378989524448,2
2831341,9.711231217548855,13
2831347,9.895216906039275,6
2831358,9.80741443057469,11
2831371,9.726534824795392,13
2831372,9.991725709983719,1
2831384,9.733781359626823,12
2831389,9.907353764313534,5
2831394,9.912333753455687,5
2831403,9.818800070944162,9
2831412,9.787461714057898,9
2831433,9.476276722689219,21
2831436,9.96436787954676,3
2831448,9.514460796937081,12
2831453,9.905465059458834,5
2831456,9.958539547992574,3
2831471,9.632521357365677,15
2831472,9.991910583386625,1
2831477,9.908968977239871,5
2831485,9.86048836692196,8
2831494,9.863201670657112,9
2831495,10.0,1
2831504,9.839143127081785,9
2831514,9.793986693821344,10
2831522,9.853161622254008,8
2831539,9.537442929743177,17
2831551,9.762822528276304,12
2831567,9.694902603381465,16
2831578,9.771843849614786,11
2831583,9.926208569657625,5
2831584,9.992344482588177,1
2831586,9.972753969162031,2
2831591,9.917739558579305,5
2831600,9.829495561713859,9
2831603,9.950230349467791,3
2831614,9.73975310529567,11
2831622,9.844404821126691,8
2831626,9.946032223385895,4
2831627,9.988931150752789,1
2831636,9.827809102629196,9
2831637,10.0,1
2831643,9.88872538969214,6
2831656,9.680828198460038,13
2831660,9.942499392197675,4
2831661,10.0,1
2831667,9.900022851034805,6
2831676,9.827398079987612,9
2831684,9.852747618226644,8
2831694,9.775254056057266,10
2831712,9.56125983242985,18
2831720,9.839062652851066,8
2831722,9.983250204670107,2
2831727,9.924473996007114,5
2831734,9.887016492979823,7
2831741,9.872337360049562,7
2831752,9.783927695524845,11
2831753,10.0,1
2831762,9.821062726315393,9
2831768,9.886788913349054,6
2831775,9.87008222359566,7
2831784,9.802573978954728,9
2831795,9.776845858735534,11
2831806,9.784454856539408,11
2831807,10.0,1
2831814,9.890826605128918,7
2831832,9.576549447455484,18
2831853,9.47102767286194,21
2831856,9.960955254750727,3
2831857,10.0,1
2831867,9.804876655645797,10
2831879,9.744569422988448,12
2831891,9.622691859953287,12
2831910,9.416251186264384,19
2831914,9.947354921159727,4
2831920,9.88866755650455,6
2831930,9.793054787909812,10
2831941,9.761614244850055,11
2831948,9.864784963618364,7
2831960,9.7345149141799,12
2831962,9.971986660982596,2
2831967,9.933223292091728,5
2831972,9.920784198594246,5
2831993,9.448839339321413,21
2832005,9.737133347649996,12
2832017,9.764134541308154,12
2832018,10.0,1
2832031,9.721103453810914,13
2832035,9.944930310073076,4
2832039,9.952184257969597,4
2832040,9.996299899285694,1
2832046,9.89642656871776,6
2832050,9.945049050269303,4
2832065,9.631785375515562,15
2832068,9.953047690925004,3
2832081,9.721553488580957,13
2832086,9.900713134643016,5
2832091,9.930691471604662,5
2832103,9.80367139629032,12
2832106,9.966603826646134,3
2832114,9.861717079395627,8
2832126,9.76759369822413,12
2832141,9.67123801620538,15
2832145,9.942069232793987,4
2832152,9.861698013733033,7
2832163,9.786213492581556,11
2832169,9.90562118940485,6
2832172,9.958426100670499,3
2832183,9.768006494556573,11
2832201,9.565789140771278,18
2832214,9.69663618674629,13
2832223,9.81668687449605,9
2832238,9.66049405361588,15
2832250,9.726655996053633,12
2832255,9.914565638047131,5
2832263,9.866077627499186,8
2832271,9.836142094816916,8
2832287,9.652955497470748,16
2832302,9.669200656668469,15
2832314,9.718069320725201,12
2832321,9.875021619042583,7
2832329,9.856474127156856,8
2832338,9.826138487723222,9
2832344,9.911684949959433,6
2832352,9.815112880868249,8
2832353,10.0,1
2832362,9.841440657500426,9
2832377,9.667639828903317,15
2832391,9.697636710495456,14
2832396,9.927593805340086,5
2832403,9.878092362020006,7
2832410,9.878540332083853,7
2832420,9.803503885239145,10
2832432,9.706271097786146,12
2832446,9.677894018485333,14
2832447,10.0,1
2832452,9.922670702476049,5
2832458,9.903147109396164,6
2832471,9.7035820877678,13
2832486,9.648229180244133,15
2832492,9.911363738750872,6
2832506,9.702740999221247,14
2832514,9.83972248793789,8
2832519,9.899683937012568,5
2832526,9.86562080171774,7
2832540,9.772269117748081,14
2832545,9.928798720028782,5
2832555,9.811793964229857,10
2832561,9.903263877666875,6
2832572,9.792667284806107,11
2832577,9.904392748591423,5
2832589,9.773839307912226,12
2832602,9.719110600254485,13
2832611,9.8420586384577,9
2832623,9.765379911976408,12
2832635,9.755293296230153,12
2832645,9.672638646427126,10
2832646,10.0,1
2832658,9.75195200751922,12
2832664,9.890206445988087,6
2832667,9.94544477904895,3
2832673,9.898025298141155,6
2832674,10.0,1
2832675,10.0,1
2832676,10.0,1
2832684,9.833984331333419,8
2832697,9.719865064736464,13
2832710,9.704533514330684,13
2832714,9.945163557189398,4
2832723,9.528955620660058,9
2832729,9.911712601411255,6
2832738,9.819630581479881,9
2832748,9.797002881037324,10
2832752,9.942602806852321,4
2832753,10.0,1
2832770,9.442973658472331,17
2832771,10.0,1
2832776,9.92896392997192,5
2832786,9.785711956134953,10
2832799,9.74204658549698,13
2832812,9.68914385970697,13
2832818,9.893759634197929,6
2832828,9.78667279320767,10
2832836,9.81582043596003,8
2832848,9.769324012263034,12
2832859,9.753028706027992,11
2832865,9.87745721455901,6
2832870,9.917236515725884,5
2832872,9.977665603146953,2
2832877,9.91136966537691,5
2832886,9.826084280757003,9
2832897,9.74373211797331,11
2832907,9.787626532896478,10
2832916,9.813357611118514,9
2832924,9.830687353911436,8
2832936,9.737877407873771,12
2832942,9.914041016436963,6
2832952,9.81296235281587,10
2832962,9.8008441648134,10
2832973,9.760865902144172,11
2832981,9.85494277049215,8
2832987,9.890095109955887,6
2832992,9.913704619035492,5
2833008,9.62798524424154,16
2833009,10.0,1
2833020,9.803570842169856,11
2833029,9.824177624102868,9
2833040,9.757139108916448,11
2833052,9.722400259403582,12
2833064,9.73265374715824,12
2833075,9.783299910351374,11
2833086,9.761206363119216,11
2833095,9.737800287717558,9
2833099,9.928129524780406,4
2833112,9.732775421291242,13
2833121,9.842496008025297,9
2833130,9.820267600925265,9
2833137,9.89031851291899,7
2833146,9.82596822550668,9
2833162,9.681744943391442,16
2833176,9.683078608307882,14
2833185,9.808535844243053,9
2833198,9.74063715843201,13
2833211,9.68106450185227,13
2833213,9.978706776413569,2
2833221,9.84838704622707,8
2833226,9.918396041843922,5
2833250,7.483580003752214,24
2833259,9.714993704231183,9
2833260,10.0,1
2833261,10.0,1
2833263,9.972084661425063,2
2833267,9.928615251266422,4
2833278,9.766849441957602,11
2833285,9.864387238558397,7
2833286,10.0,1
2833301,9.663591919032612,15
2833305,9.938391606987265,4
2833306,9.992450485879473,1
2833310,9.928706522675679,4
2833321,9.801528754929612,11
2833333,9.752548075704038,12
2833344,9.779154583806283,11
2833345,10.0,1
2833353,9.842148658902627,8
2833376,9.532238431092383,23
2833377,10.0,1
2833380,9.956270602680076,3
2833390,9.796924990778477,10
2833396,9.878653704450873,6
2833400,9.934376242122386,4
2833405,9.917807471159414,5
2833412,9.845849577698726,7
2833422,9.79337330634126,10
2833428,9.87872902262889,6
2833429,10.0,1
2833440,9.774936561704427,11
2833448,9.840013869417602,8
2833468,9.277036371884794,20
2833478,9.7935345747866,10
2833485,9.862786963901263,7
2833501,9.590849338440258,16
2833514,9.76395600513681,13
2833522,9.821123144520497,8
2833534,9.700733527712078,12
2833543,9.805520111137707,9
2833551,9.851657050549482,8
2833555,9.952875645477956,4
2833556,10.0,1
2833564,9.822337838213588,8
2833570,9.905533731767546,6
2833571,10.0,1
2833584,9.747949871837566,13
2833591,9.855112757084884,7
2833592,9.987193165168922,1
2833608,9.60475504291395,16
2833624,9.622945969325734,16
2833632,9.85230919130086,8
2833643,9.761361253961386,11
2833650,9.878364388386215,7
2833663,9.714576377322638,13
2833673,9.69999576412958,10
2833684,9.756122331329367,11
2833692,9.858258972928693,8
2833700,9.839501319588251,8
2833712,9.72282564839788,12
2833719,9.876034845621945,7
2833724,9.921079667175263,5
2833731,9.858273036727233,7
2833740,9.8052912161004,9
2833747,9.875704834726934,7
2833750,9.960891595263837,3
2833754,9.931093043641225,4
2833762,9.853926806698386,8
2833771,9.841764915706815,9
2833774,9.950164677225407,3
2833782,9.872046128310961,8
2833784,9.985412466549054,2
2833785,10.0,1
2833794,9.851128661882576,9
2833801,9.86538277365197,7
2833811,9.809163821160757,10
2833813,9.973530236812811,2
2833818,9.9115303443838,5
2833831,9.730244374786134,13
2833837,9.693843826776265,6
2833846,9.810877695008964,9
2833847,9.996559315600177,1
2833852,9.913348187462145,5
2833857,9.915178538857376,5
2833858,10.0,1
2833862,9.94429034402169,4
2833867,9.925204499111617,5
2833876,9.828263392721453,9
2833886,9.81273950690596,10
2833894,9.83329303718388,8
2833900,9.903399441537271,6
2833908,9.846802897019565,8
2833919,9.763861941160418,11
2833931,9.7673713009061,12
2833936,9.918252090205259,5
2833941,9.930901253271596,5
2833942,10.0,1
2833950,9.879880000740105,8
2833953,9.968506228741735,3
2833959,9.9041883986295,6
2833965,9.90296706717646,6
2833978,9.603003237711711,13
2833987,9.81217646462348,9
2833998,9.763636662531438,11
2834007,9.816017325321887,9
2834016,9.842016027812992,9
2834022,9.886229213399531,6
2834031,9.800398882894092,9
2834037,9.902732588670915,6
2834051,9.53312373650667,14
2834056,9.908047121889387,5
2834059,9.965249995088586,3
2834067,9.839237256043775,8
2834080,9.678173679791563,13
2834089,9.820675616977683,9
2834097,9.820594372568603,8
2834110,9.758022933769068,13
2834118,9.856491643492918,8
2834131,9.722333747611028,13
2834139,9.846756316622667,8
2834144,9.916756454145677,5
2834155,9.765102508859485,11
2834156,10.0,1
2834175,7.779133825838503,19
2834187,9.777651291103483,12
2834190,9.969439061062989,3
2834192,9.973103584069873,2
2834198,9.88424045530927,6
2834204,9.890952425149122,6
2834205,9.987712655931116,1
2834206,10.0,1
2834207,10.0,1
2834215,9.859331204628196,8
2834220,9.921483798874753,5
2834228,9.86976514707221,8
2834231,9.952346061724274,3
2834239,9.832251270057963,8
2834245,9.902972310746817,6
2834247,9.973487756241381,2
2834257,9.843762101508291,10
2834260,9.95887387711892,3
2834269,9.85542824184038,9
2834272,9.961379048336564,3
2834279,9.846249406477437,7
2834286,9.839998173285874,7
2834289,9.962454496963064,3
2834303,9.671672669474063,14
2834319,9.634978863334705,16
2834332,9.607651738719687,13
2834339,9.85854325242686,7
2834350,9.773987787814653,11
2834352,9.98368993509141,2
2834353,10.0,1
2834356,9.965482831237834,3
2834363,9.86313914581939,7
2834370,9.86994974506822,7
2834375,9.910895886996878,5
2834378,9.945679171887484,3
2834383,9.923805721971712,5
2834389,9.908150871190353,6
2834395,9.911286908458296,6
2834404,9.795694123452227,9
2834411,9.864765191948841,7
2834422,9.763920094379621,11
2834429,9.870451278664225,7
2834430,10.0,1
2834433,9.95823316882744,3
2834445,9.728730428134195,12
2834451,9.897548736441257,6
2834459,9.864696229548914,8
2834469,9.78765741573647,10
2834482,9.702563981189991,13
2834487,9.924983275009701,5
2834493,9.887252414199056,6
2834500,9.87424450068631,7
2834506,9.886137724022353,6
2834522,9.601190302516716,16
2834529,9.866249366466947,7
2834541,9.729365154010068,12
2834564,9.430648138106326,23
2834574,9.803792055244752,10
2834584,9.79000798822536,10
2834608,9.489268469664704,24
2834621,9.703839064860968,13
2834629,9.833893565485532,8
2834633,9.937726218420183,4
2834634,10.0,1
2834635,10.0,1
2834637,9.976430399488057,2
2834657,9.520309604314868,20
2834674,9.644037214351592,17
2834692,9.684450515058149,18
2834701,9.788424579778898,9
2834709,9.847164413624792,8
2834713,9.929749576522575,4
2834723,9.830363663522188,10
2834734,9.808521208162222,11
2834740,9.901431713122058,6
2834754,9.716873759773762,14
2834768,9.667613122142576,14
2834778,9.778838143783847,10
2834784,9.895362839015887,6
2834797,9.703044503035015,13
2834803,9.90256580102055,6
2834811,9.858429198019998,8
2834821,9.793167926841816,10
2834832,9.758556475367127,11
2834836,9.940507445098104,4
2834847,9.779866773878855,11
2834866,9.524831143450752,19
2834872,9.777956574547435,6
2834877,9.91343443917857,5
2834886,9.812762790999974,9
2834894,9.857933007664942,8
2834905,9.744189055027,11
2834906,10.0,1
2834910,9.942333308610896,4
2834917,9.865537685957268,7
2834930,9.744481379979756,13
2834937,9.89048920231427,7
2834946,9.818909979006841,9
2834949,9.960692942896557,3
2834960,9.784868761361777,11
2834961,10.0,1
2834966,9.92232386275564,5
2834979,9.73642877322354,13
2834983,9.943844593007817,4
2834984,9.992634853365331,1
2834985,10.0,1
2834998,9.714237890026272,13
2835010,9.712577772460566,12
2835013,9.954283954362175,3
2835014,10.0,1
2835027,9.768619650072482,13
2835040,9.68437354651992,13
2835041,10.0,1
2835052,9.759496236806346,11
2835055,9.956017860446766,3
2835061,9.879403797777425,6
2835066,9.912511435799736,5
2835076,9.79756918153179,10
2835086,9.780011881736623,10
2835093,9.852119527304383,7
2835105,9.714787230541482,12
2835106,10.0,1
2835111,9.918670595960672,5
2835122,9.75080130674771,11
2835136,9.689576661699366,14
2835144,9.828886801639564,8
2835158,9.698583455167121,14
2835165,9.878383938699985,7
2835176,9.76878892518573,11
2835182,9.88563252965676,6
2835188,9.900584285091774,6
2835196,9.843051210286482,8
2835204,9.86441359379717,8
2835205,10.0,1
2835211,9.89863867891179,6
2835218,9.8756528521287,7
2835224,9.894860760951453,6
2835232,9.854680784268202,8
2835243,9.769695473055819,11
2835249,9.892059382930878,6
2835263,9.703770677420787,14
2835271,9.872629727281357,8
2835281,9.789789678769065,10
2835289,9.835744555688187,8
2835297,9.873828827172185,8
2835298,10.0,1
2835313,9.654168636077754,15
2835314,10.0,1
2835320,9.897630513887822,6
2835331,9.78451566785766,11
2835344,9.733215471733367,13
2835347,9.96271686030895,3
2835357,9.794478869857983,10
2835370,9.715435257237086,13
2835380,9.79746071366834,10
2835385,9.912136049946366,5
2835391,9.908039410785628,6
2835394,9.970064993351075,3
2835397,9.961322758913717,3
2835409,9.746201376151602,12
2835414,9.931006622592411,5
2835415,10.0,1
2835425,9.78766595879438,10
2835431,9.886833132987828,6
2835444,9.707958385460218,13
2835458,9.73299590532215,14
2835471,9.517068755241286,13
2835483,9.746450045888224,12
2835484,9.996566806160029,1
2835491,9.864150526435168,7
2835494,9.958383284942224,3
2835510,9.662062588416818,16
2835521,9.794668082280815,11
2835535,9.721472677835669,14
2835538,9.967911292211651,3
2835545,9.897760289940546,7
2835546,10.0,1
2835547,9.996614769206086,1
2835558,9.753449921622815,11
2835566,9.846192058514687,8
2835572,9.887843356293889,6
2835580,9.83051922947653,8
2835584,9.939129140217352,4
2835598,9.677501155829145,14
2835606,9.844300690674503,8
2835613,9.850238861723506,7
2835614,10.0,1
2835615,10.0,1
2835624,9.820242079038676,9
2835636,9.758483399857756,12
2835640,9.942485253642957,4
2835646,9.898321395818376,6
2835649,9.962090816300437,3
2835662,9.697093913171841,13
2835672,9.809408342469597,10
2835684,9.730042133895973,12
2835699,9.658537194028957,15
2835714,9.67475583562699,15
2835724,9.77249529788748,10
2835730,9.900025579494155,6
2835742,9.757349823222606,12
2835753,9.769906593593516,11
2835754,10.0,1
2835766,9.746693423368535,12
2835779,9.724015367040497,13
2835788,9.803916050764279,9
2835801,9.734341589871779,13
2835804,9.96322652188052,3
2835814,9.803357356990578,10
2835823,9.809461451577432,9
2835827,9.937501999993788,4
2835833,9.910187646060015,6
2835834,10.0,1
2835841,9.754973969838582,7
2835850,9.825924695613315,9
2835862,9.773556511925316,12
2835872,9.678118725977562,10
2835881,9.812937097129316,9
2835888,9.8717498102106,7
2835895,9.882214157911298,7
2835910,9.66615498207024,15
2835912,9.972213729828619,2
2835923,9.73589262597206,11
2835937,9.662699057320738,14
2835948,9.768880493408378,11
2835966,9.610139592237436,18
2835967,10.0,1
2835982,9.678905418830158,15
2835995,9.730498315324732,13
2836001,9.893498656295336,6
2836015,9.672325344346604,14
2836026,9.773291033344165,11
2836031,9.92206167046452,5
2836032,10.0,1
2836038,9.871178134754915,6
2836048,9.770665025608722,10
2836049,10.0,1
2836057,9.836817248302737,8
2836061,9.942068461673133,4
2836069,9.8483183450367,8
2836076,9.872102919516914,7
2836092,9.610953081233118,16
2836097,9.914889801901227,5
2836104,9.886177934323596,7
2836116,9.725296414303642,12
2836127,9.79980736992218,11
2836131,9.926304374307,4
2836136,9.915366307872077,5
2836153,9.631234145292714,17
2836160,9.863445397892404,7
2836163,9.971238247054545,3
2836167,9.930961756318876,4
2836173,9.905673965106267,6
2836183,9.8101204515945,10
2836192,9.78377329080207,9
2836206,9.699049316513314,14
2836212,9.912870102048135,6
2836222,9.764343466538444,10
2836230,9.85545563568591,8
2836237,9.87075721216032,7
2836244,9.863814144084191,7
2836260,9.637871363671271,16
2836267,9.87807440282164,7
2836271,9.94902010873194,4
2836274,9.956244642055028,3
2836284,9.83321540398829,10
2836290,9.911607953150527,6
2836299,9.815818391359294,9
2836314,9.676540712996882,15
2836317,9.97351240809762,3
2836323,9.886258194590923,6
2836331,9.87130776904915,8
2836343,9.775426516233424,12
2836351,9.835499931826426,8
2836366,9.685191119298645,15
2836369,9.966027961203588,3
2836373,9.931986170627825,4
2836385,9.774137846900343,12
2836391,9.903120899214949,6
2836399,9.868159980247185,8
2836406,9.863505813490804,7
2836413,9.77300255007576,7
2836415,9.97733070961814,2
2836422,9.882766766013706,7
2836443,5.960716681006703,21
2836454,9.764359792879372,11
2836455,10.0,1
2836458,9.960130585554781,3
2836472,9.688230206000842,14
2836479,9.884772461298144,7
2836483,9.951360893319938,4
2836484,10.0,1
2836498,9.672084447399131,14
2836505,9.871881627562706,7
2836512,9.857498431494857,7
2836523,9.762802990765813,11
2836528,9.917662537393758,5
2836543,9.660132678478732,15
2836558,9.654304421627826,15
2836565,9.884030034410678,7
2836574,9.817059051839733,9
2836584,9.775233237833875,10
2836588,9.854148599206898,4
2836605,9.562955401654783,17
2836611,9.896275766959171,6
2836615,9.940665171210311,4
2836629,9.668370677403372,14
2836637,9.851445373780486,8
2836638,10.0,1
2836646,9.842155156643987,8
2836656,9.68398926747032,10
2836662,9.914228580423883,6
2836673,9.773454376610111,11
2836682,9.815038600666083,9
2836696,9.678706513199177,14
2836703,9.876644507877732,7
2836716,9.655132041917831,13
2836724,9.848669766831534,8
2836734,9.601228578233108,10
2836738,9.944857431010108,4
2836742,9.944522672180758,4
2836752,9.796737063825317,10
2836766,9.695815937023363,14
2836779,9.656462718539228,13
2836789,9.775259397308604,10
2836791,9.969506371642632,2
2836800,9.825901911381878,9
2836815,9.72101577521616,15
2836831,9.626822994039744,16
2836836,9.922041987678293,5
2836843,9.848430156553098,7
2836863,9.396951779784382,20
2836869,9.880601650154325,6
2836877,9.832546580031813,8
2836886,9.806206812971025,9
2836897,9.747796711738243,11
2836902,9.931783623313892,5
2836903,10.0,1
2836906,9.969399644065513,3
2836907,10.0,1
2836914,9.897135057170695,7
2836925,9.761795177440074,11
2836936,9.75915237746125,11
2836938,9.975507456390345,2
2836948,9.810577102446567,10
2836949,10.0,1
2836950,10.0,1
2836956,9.890065373124015,6
2836957,9.996527276338242,1
2836967,9.795686737049973,10
2836978,9.757295873941155,11
2836987,9.829839211422376,9
2836995,9.853762814236488,8
2836996,10.0,1
2836997,10.0,1
2836998,9.98842093874938,1
2837001,9.95739883869721,3
2837014,9.689370792782226,13
2837017,9.961386710763362,3
2837028,9.752400559043327,11
2837035,9.871786232351463,7
2837041,9.905927703498682,6
2837058,9.59037119673123,17
2837063,9.92601476238834,5
2837072,9.422198737081311,9
2837086,9.704091849510316,14
2837096,9.790028074435487,10
2837106,9.772403209651992,10
2837111,9.930272408257467,5
2837116,9.923698814170464,5
2837134,9.61497003937027,18
2837145,9.764869065368252,11
2837159,9.71674138806952,14
2837162,9.954497066471795,3
2837168,9.90973283222666,6
2837178,9.790602666857342,10
2837181,9.95940564867557,3
2837198,9.60203299990003,17
2837207,9.809318502713605,9
2837208,10.0,1
2837217,9.79179041481108,9
2837229,9.74129083056609,12
2837235,9.896589114493022,6
2837240,9.905406535609995,5
2837242,9.971787586503007,2
2837252,9.695666670161778,10
2837256,9.942605313038,4
2837262,9.88075783835507,6
2837276,9.687308996595949,14
2837294,9.514509060532395,18
2837299,9.912345424739929,5
2837311,9.748547102397884,12
2837322,9.761021452707402,11
2837324,9.983877842363938,2
2837327,9.965964541484134,3
2837345,9.540171862510125,18
2837352,9.877025972560459,7
2837362,9.815938166320848,10
2837377,9.637357285411646,15
2837384,9.868725080146502,7
2837389,9.925103824516794,5
2837401,9.743494813410992,12
2837409,9.81188646533932,8
2837410,10.0,1
2837411,10.0,1
2837423,9.74358343493715,12
2837427,9.919693203666334,4
2837430,9.947672580845708,3
2837433,9.952932745693492,3
2837444,9.755884855438605,11
2837449,9.914438699863409,5
2837455,9.893886808077584,6
2837464,9.81027202120884,9
2837471,9.88420175092458,7
2837476,9.918820577681153,5
2837484,9.874467799889048,8
2837492,9.843667208450631,8
2837497,9.808914625263174,5
2837509,9.721286367331494,12
2837518,9.824030914423295,9
2837526,9.835306039254824,8
2837532,9.914516772795997,6
2837546,9.653421066804345,14
2837558,9.74733167770863,12
2837564,9.884412359251192,6
2837571,9.881173356269485,7
2837576,9.906157982665128,5
2837577,10.0,1
2837583,9.897429862142696,6
2837590,9.87700163142064,7
2837591,10.0,1
2837597,9.907239270720089,6
2837614,9.603361781517558,17
2837621,9.879590074040243,7
2837622,10.0,1
2837637,9.657960133673175,15
2837651,9.688398062064444,14
2837661,9.594882767392848,10
2837672,9.749394028039026,11
2837686,9.734593259055009,14
2837694,9.840288840269274,8
2837704,9.671546799535541,10
2837716,9.73949578924806,12
2837721,9.917289029936416,5
2837727,9.883247286924963,6
2837733,9.900131829688336,6
2837735,9.975916685340902,2
2837745,9.837435716436868,10
2837753,9.82761470575179,8
2837762,9.823887288473346,9
2837763,10.0,1
2837769,9.887101169868071,6
2837785,9.662785410209498,16
2837790,9.911322571206071,5
2837809,9.638027741377377,19
2837827,9.406195768427597,18
2837836,9.82340237231382,9
2837842,9.892541308840563,6
2837852,9.788141073962242,10
2837863,9.779227545657312,11
2837872,9.838610833691964,9
2837874,9.977142441547041,2
2837890,9.654052040645512,16
2837909,9.20184757573051,19
2837922,9.695511055354775,13
2837930,9.881306483814488,8
2837941,9.757244205011721,11
2837953,9.737268310495361,12
2837960,9.856081956878638,7
2837973,9.718691799147036,13
2837974,10.0,1
2837987,9.729344206074297,13
2837988,9.992995881188929,1
2837998,9.767535917971045,10
2838008,9.769728560827915,10
2838016,9.85653584996938,8
2838028,9.72156940196223,12
2838034,9.893466872806748,6
2838045,9.768585051513933,11
2838054,9.847363588034572,9
2838064,9.798226006849923,10
2838070,9.888705119528261,6
2838071,9.989764783416579,1
2838079,9.860812669024245,8
2838090,9.771401093596024,11
2838104,9.709370989408523,14
2838114,9.778864990518567,10
2838120,9.89293733085382,6
2838126,9.891332606196846,6
2838127,10.0,1
2838138,9.80202071747791,11
2838143,9.917929467731478,5
2838149,9.887430196700093,6
2838150,10.0,1
2838159,9.793682545242502,9
2838171,9.725402321509675,12
2838180,9.844799628921974,9
2838185,9.918746432948222,5
2838192,9.86997201341996,7
2838201,9.790495196010891,9
2838212,9.761389789331025,11
2838213,9.987816874554097,1
2838214,9.991293194793283,1
2838223,9.811712883692396,9
2838232,9.809168625259943,9
2838246,9.721806049173749,14
2838252,9.899548611204533,6
2838255,9.953750508031069,3
2838261,9.894888152880492,6
2838267,9.890425036635392,6
2838277,9.847675426828841,10
2838293,9.633951249454144,16
2838301,9.830765107326112,8
2838314,9.703594573965857,13
2838315,10.0,1
2838323,9.84751007854623,8
2838326,9.963724118055485,3
2838339,9.685947557469461,13
2838344,9.90762648493843,5
2838352,9.826205449476273,8
2838364,9.735145559347064,12
2838376,9.769066144991092,12
2838379,9.971158509835854,3
2838397,9.606249115041063,18
2838403,9.885310327325712,6
2838416,9.707000173636299,13
2838421,9.926334434118228,5
2838427,9.912268210060937,6
2838435,9.843178368567514,8
2838436,10.0,1
2838449,9.728989431317313,13
2838450,10.0,1
2838459,9.840743470781343,9
2838467,9.82648731097129,8
2838480,9.495189212561954,13
2838493,9.724413745725629,13
2838524,5.738114854674511,31
2838534,9.7864090467798,10
2838540,9.890101163413181,6
2838548,9.845254001178226,8
2838555,9.895371567215268,7
2838560,9.910693514284032,5
2838564,9.94889500396886,4
2838569,9.91289901027253,5
2838572,9.954595460996401,3
2838573,10.0,1
2838574,10.0,1
2838586,9.759484722107397,12
2838592,9.89997810937333,6
2838603,9.759713262309823,11
2838614,9.802931724520665,11
2838618,9.938851897229956,4
2838628,9.807384439106675,10
2838635,9.880456640914176,7
2838639,9.828472906189258,4
2838640,9.992815709636043,1
2838645,9.907307196397902,5
2838647,9.981006837493371,2
2838652,9.918441467035109,5
2838655,9.949632790493123,3
2838662,9.8772778171517,7
2838683,9.493107185733562,21
2838686,9.953524613921754,3
2838690,9.930352816984755,4
2838725,9.039351605504875,35
2838732,9.863562296486709,7
2838740,9.853612239481523,8
2838751,9.778832618840848,11
2838762,9.784399857811735,11
2838777,9.447439069258971,15
2838784,9.860024641194567,7
2838790,9.898193090620733,6
2838795,9.917992735427333,5
2838801,9.88123025466804,6
2838807,9.889203600720696,6
2838811,9.930015314649872,4
2838815,9.947559495212449,4
2838818,9.96266542473124,3
2838829,9.76980351357745,11
2838836,9.86806572657324,7
2838848,9.756221576442,12
2838851,9.949429202252045,3
2838858,9.66150143282168,7
2838867,9.825715708233655,9
2838875,9.815724344635687,8
2838879,9.940372912197168,4
2838880,10.0,1
2838887,9.874438568997702,7
2838888,10.0,1
2838889,10.0,1
2838895,9.885353836390019,6
2838908,9.491967314435382,13
2838912,9.93515455431815,4
2838917,9.924606726823585,5
2838921,9.935162540297704,4
2838932,9.757483008864574,11
2838937,9.726268120754938,5
2838939,9.975592281863204,2
2838946,9.881869295744055,7
2838958,9.7216304477519,12
2838965,9.856035479346323,7
2838974,9.805381247807155,9
2838976,9.984118859342564,2
2838987,9.765437327060463,11
2838990,9.966749974281493,3
2838993,9.956244838221997,3
2838994,10.0,1
2839007,9.772594140973336,13
2839016,9.820660893583577,9
2839025,9.825890742327212,9
2839031,9.882537679054703,6
2839047,9.602591759571444,16
2839055,9.825814358982207,8
2839063,9.858632557900552,8
2839064,10.0,1
2839077,9.712798916490685,13
2839084,9.876170459771943,7
2839099,9.651176706345488,15
2839107,9.844270071327777,8
2839117,9.792466266994102,10
2839134,9.578018176465585,17
2839143,9.798416452944295,9
2839158,9.674713851343729,15
2839168,9.777410449664417,10
2839174,9.890157079726972,6
2839211,9.280922841762,37
2839221,9.780529602236086,10
2839232,9.776240316172181,11
2839247,9.649141085722007,15
2839254,9.860868637180012,7
2839267,9.69174429243459,13
2839278,9.785517826906144,11
2839287,9.826467950208194,9
2839297,9.805744396256193,10
2839303,9.905147648388741,6
2839313,9.785636163676486,10
2839321,9.83756138117414,8
2839334,9.690732210268852,13
2839342,9.828231895087066,8
2839348,9.877400141648776,6
2839349,10.0,1
2839361,9.759709186157616,12
2839371,9.828390117787974,10
2839380,9.822946720495887,9
2839390,9.773397043118537,10
2839397,9.875800233843412,7
2839399,9.970973287764647,2
2839403,9.946191738484515,4
2839406,9.949575471254402,3
2839423,9.604254619473563,17
2839434,9.744018816004328,11
2839441,9.872771059250598,7
2839447,9.912784642597996,6
2839456,9.836042538201017,9
2839466,9.799468330475035,10
2839472,9.902258927985942,6
2839477,9.908436360248857,5
2839478,10.0,1
2839486,9.866846807266322,8
2839495,9.823321156623592,9
2839503,9.846851828751234,8
2839517,9.314174161367163,14
2839518,10.0,1
2839527,9.802702319877582,9
2839528,10.0,1
2839535,9.865377693576676,7
2839547,9.762394727595485,12
2839548,10.0,1
2839551,9.964264984077612,3
2839555,9.944429231248074,4
2839570,9.702869155282965,15
2839586,9.36394155521402,16
2839598,9.552176253391124,12
2839599,10.0,1
2839609,9.79823861494549,10
2839621,9.731246071589396,12
2839630,9.798444667067555,9
2839633,9.96770520486406,3
2839650,9.637953654074426,17
2839655,9.912318806255788,5
2839670,9.678047492612832,15
2839683,9.704769454999637,13
2839684,10.0,1
2839685,10.0,1
2839689,9.945180942095314,4
2839697,9.854489763740473,8
2839698,10.0,1
2839707,9.84905547620752,9
2839714,9.872443818105015,7
2839725,9.753110013509907,11
2839735,9.787316714658907,10
2839749,9.715522614353118,14
2839764,9.434253886088769,15
2839770,9.901121821942631,6
2839777,9.862272224406198,7
2839787,9.830969524408763,10
2839801,9.520016699361909,14
2839811,9.760005042902087,10
2839818,9.865884136720029,7
2839827,9.822575246829372,9
2839840,9.730909722692427,13
2839851,9.776809676621268,11
2839852,10.0,1
2839867,9.663508964428427,15
2839879,9.741126905665855,12
2839884,9.922912584342054,5
2839895,9.783779395877689,11
2839900,9.903925969561412,5
2839908,9.835597142910164,8
2839909,10.0,1
2839910,10.0,1
2839919,9.820708929691177,9
2839928,9.807824492566313,9
2839931,9.964320585953972,3
2839936,9.930620330486283,5
2839948,9.671498829719381,12
2839963,9.662435784400039,15
2839969,9.893832113225088,6
2839973,9.933410808102709,4
2839983,9.776109850334256,10
2839992,9.794110463887915,9
2840001,9.706416323146394,9
2840014,9.70083048237294,13
2840015,10.0,1
2840027,9.742349164198973,12
2840037,9.841230277351968,10
2840043,9.905478710070259,6
2840054,9.74995079048302,11
2840060,9.899771181578807,6
2840068,9.845159659390559,8
2840075,9.853842312148593,7
2840084,9.818304553443772,9
2840094,9.82102871880827,10
2840103,9.847572871461225,9
2840118,9.64818967486175,15
2840127,9.832492002745177,9
2840138,9.730394113913793,11
2840142,9.937176581261127,4
2840152,9.798625475584272,10
2840153,10.0,1
2840165,9.7401358452181,12
2840168,9.9483187239436,3
2840169,10.0,1
2840174,9.92072080098019,5
2840175,10.0,1
2840190,9.68866998568772,15
2840205,9.67960640989186,15
2840214,9.813326690764294,9
2840221,9.881581610582222,7
2840235,9.685912000013628,14
2840245,9.808875804643847,10
2840257,9.734787484309125,12
2840268,9.736504671367028,11
2840271,9.956937433753088,3
2840277,9.91621858168866,6
2840292,9.747382789206446,15
2840301,9.817294751973979,9
2840302,10.0,1
2840308,9.891561501475865,6
2840317,9.829921586850336,9
2840318,10.0,1
2840333,9.69001796781193,15
2840334,10.0,1
2840345,9.814738028595311,11
2840354,9.80201210769028,9
2840365,9.784037416496153,11
2840367,9.984922356087075,2
2840378,9.749568734950003,11
2840389,9.76727184854787,11
2840396,9.85350348958384,7
2840406,9.790565188397448,10
2840410,9.94827517270901,4
2840415,9.926655265316525,5
2840427,9.751149898820517,12
2840428,10.0,1
2840446,9.676456784341413,18
2840452,9.90435204185701,6
2840455,9.963897728827048,3
2840475,9.49934296538086,20
2840481,9.894892933855422,6
2840487,9.896100696707942,6
2840497,9.811792161836035,10
2840510,9.759080182706004,13
2840524,9.713030756242818,14
2840536,9.737016686703125,12
2840547,9.755474535100472,11
2840556,9.839785531405843,9
2840557,10.0,1
2840567,9.788245358397127,10
2840579,9.769596894460525,12
2840587,9.668742800742326,8
2840588,10.0,1
2840599,9.823756670460245,11
2840616,9.605335734140322,17
2840627,9.746432608852759,11
2840630,9.958811157588588,3
2840641,9.781489959723999,11
2840648,9.87597662486038,7
2840658,9.80803296200059,10
2840668,9.802331758200456,10
2840675,9.884974701338335,7
2840689,9.678212278776133,14
2840703,9.665256150592068,14
2840711,9.819198081135966,8
2840716,9.807463864529993,5
2840723,9.858552190093082,7
2840733,9.801366548020097,10
2840744,9.764815970094354,11
2840759,9.715537449485742,15
2840768,9.810354815937057,9
2840778,9.773416263091013,10
2840786,9.840542773434047,8
2840796,9.785964268310387,10
2840799,9.955412009050212,3
2840814,9.262190142045107,15
2840825,9.579822881310895,11
2840835,9.784492122025624,10
2840840,9.904548259237574,5
2840854,9.650313300948513,14
2840860,9.905247108352981,6
2840861,10.0,1
2840865,9.951099713239307,4
2840876,9.769613124084925,11
2840893,9.599147755968096,17
2840909,9.641758784997814,16
2840910,10.0,1
2840912,9.97654064669812,2
2840920,9.834059939472395,8
2840930,9.786917089311219,10
2840942,9.7351841674732,12
2840954,9.730945140605655,12
2840958,9.950773810853097,4
2840959,9.992987111572669,1
2840973,9.694251236290045,14
2840982,9.806317311185696,9
2840992,9.781879948919064,10
2840999,9.86964150741071,7
2841010,9.749649054245696,11
2841018,9.861303862746771,8
2841028,9.828400708587104,10
2841040,9.714717071935734,12
2841045,9.911968317824464,5
2841051,9.798566793447845,6
2841057,9.890546752871932,6
2841065,9.850118177284532,8
2841075,9.79238958164853,10
2841081,9.805257935808433,6
2841087,9.90812993548165,6
2841099,9.723836487760934,12
2841101,9.976385075057491,2
2841106,9.918032280143196,5
2841118,9.729038366371038,12
2841128,9.78561623948156,10
2841137,9.813126882600516,9
2841142,9.919844749685886,5
2841147,9.922250252475537,5
2841157,9.789267959593277,10
2841160,9.951509796218367,3
2841167,9.878174604853813,7
2841176,9.839718362850192,9
2841190,9.677280725324382,14
2841207,9.678635441734317,17
2841220,9.721430995837428,13
2841230,9.800949383494826,10
2841231,10.0,1
2841241,9.818788321539357,10
2841261,9.578681869201649,20
2841271,9.811346255661766,10
2841286,9.460734838619492,15
2841297,9.775358189196098,11
2841298,10.0,1
2841311,9.694937131684734,13
2841313,9.771720554414435,2
2841315,9.978933244574106,2
2841325,9.829800959455575,10
2841329,9.945795363240752,4
2841339,9.811615842597655,10
2841351,9.749095011127666,12
2841363,9.780265383460177,12
2841370,9.864719863898774,7
2841377,9.87047818308375,7
2841380,9.954304240733011,3
2841386,9.894131179844663,6
2841391,9.928666311806161,5
2841396,9.916565094779788,5
2841406,9.814939993853407,10
2841411,9.932049628531777,5
2841416,9.919748275216623,5
2841425,9.807868782474912,9
2841435,9.80490265291909,10
2841444,9.821001472013258,9
2841455,9.766091999209683,11
2841463,9.85750710297105,8
2841464,10.0,1
2841471,9.863532707886637,7
2841472,10.0,1
2841482,9.800569736099774,10
2841485,9.966793992215013,3
2841492,9.839685756974031,7
2841505,9.68284917735492,13
2841506,10.0,1
2841511,9.914646750389942,5
2841514,9.95373364008635,3
2841519,9.913306933724831,5
2841531,9.744373485972792,12
2841533,9.973061563352381,2
2841540,9.887647862608263,7
2841554,9.669463189515815,14
2841566,9.740886620934653,12
2841576,9.67178634388004,10
2841582,9.888408809005588,6
2841595,9.774127385638943,13
2841598,9.754393746021998,3
2841599,9.991808139695705,1
2841607,9.843659422479663,8
2841613,9.814603592092592,6
2841630,9.30958082587244,17
2841640,9.759917439546122,10
2841645,9.922756930837101,5
2841649,9.940866741831192,4
2841652,9.962471175195672,3
2841668,9.633186347569717,16
2841675,9.878777041466408,7
2841686,9.68553682078463,11
2841697,9.785090303100445,11
2841704,9.87476987736624,7
2841718,9.696638472092062,14
2841719,10.0,1
2841723,9.943684806918496,4
2841726,9.967555990943954,3
2841735,9.819217857903809,9
2841743,9.854129891146505,8
2841744,10.0,1
2841755,9.749823355651392,11
2841767,9.363435364500868,12
2841780,9.5360149240697,13
2841786,9.896934541701253,6
2841789,9.949022277728762,3
2841794,9.910181964664229,5
2841803,9.81275291499977,9
2841814,9.788823096269553,11
2841825,9.769567330030434,11
2841826,10.0,1
2841827,10.0,1
2841838,9.751877452238288,11
2841859,9.527588191451999,21
2841876,9.633567386228403,17
2841880,9.928240511255257,4
2841899,9.092693743298668,19
2841911,9.752083264753374,12
2841920,9.831255466740734,9
2841923,9.953767353690866,3
2841929,9.909846750067556,6
2841943,9.764839589495022,14
2841949,9.87982916259329,6
2841960,9.641416994940485,11
2841970,9.808177401122958,10
2841977,9.879478690058914,7
2841984,9.88077014031446,7
2841997,9.73735855085676,13
2842011,9.72435175331727,14
2842019,9.828676575787716,8
2842027,9.860623214824225,8
2842038,9.77593205891809,11
2842047,9.836309246429133,9
2842050,9.96364916914822,3
2842057,9.870624054883065,7
2842070,9.707533328988488,13
2842086,9.641737342670714,16
2842101,9.652818034418166,15
2842102,9.992574673384539,1
2842103,10.0,1
2842104,10.0,1
2842109,9.930682516451492,5
2842110,10.0,1
2842119,9.844322967500155,9
2842127,9.857309091459149,8
2842132,9.919093629456349,5
2842139,9.86966763706338,7
2842142,9.952356080514338,3
2842143,9.98924647988714,1
2842171,2.0677721901671777,28
2842181,9.793180885312763,10
2842191,9.791613705371292,10
2842199,9.827252017858106,8
2842209,9.775483692372614,10
2842217,9.861193788777532,8
2842224,9.894685014781382,7
2842231,9.860289418380932,7
2842244,9.735903223627828,13
2842251,9.86591370134846,7
2842260,9.811291445824976,9
2842272,9.738932535853053,12
2842278,9.901373633352279,6
2842286,9.855375192075066,8
2842297,9.594465519686981,11
2842298,10.0,1
2842304,9.900646707946152,6
2842311,9.858552474208444,7
2842318,9.856640285205787,7
2842324,9.875294251444277,6
2842325,10.0,1
2842336,9.776526633760923,11
2842344,9.843943778574062,8
2842345,10.0,1
2842354,9.73560090532385,9
2842362,9.831972032382511,8
2842369,9.874653786375504,7
2842383,9.583912983766174,14
2842394,9.763829849243118,11
2842405,9.766919170042868,11
2842414,9.813471989026416,9
2842426,9.72939956004623,12
2842437,9.763544191888377,11
2842447,9.795143879042694,10
2842448,10.0,1
2842458,9.806578635782351,10
2842459,10.0,1
2842468,9.818816734629436,9
2842476,9.854319256892062,8
2842477,10.0,1
2842484,9.880201009284047,7
2842496,9.741871763373654,12
2842513,9.675634730269383,17
2842522,9.83244185497878,9
2842533,9.793580245074374,11
2842543,9.801140851284464,10
2842549,9.896257749561773,6
2842550,10.0,1
2842557,9.859967178264824,7
2842559,9.978069836037918,2
2842568,9.826994444231545,9
2842574,9.904280486062563,6
2842590,9.606768363007925,16
2842601,9.758077183740484,11
2842609,9.84593162806108,8
2842613,9.945226590803012,4
2842628,9.666547358882626,15
2842632,9.936201607025934,4
2842633,10.0,1
2842639,9.889727327764225,6
2842649,9.780552160457177,10
2842650,10.0,1
2842659,9.831012996837599,9
2842676,9.596661392810553,17
2842686,9.796435593452273,10
2842691,9.924118776548935,5
2842698,9.866696742804878,7
2842706,9.842997475949991,8
2842725,9.61051398883805,19
2842730,9.925769921758393,5
2842739,9.81036207495509,9
2842746,9.877621595760402,7
2842753,9.87578203007596,7
2842764,9.739748356629832,11
2842774,9.803204605024515,10
2842788,9.678054663800678,14
2842801,9.702876651151414,13
2842813,9.74496454220753,12
2842821,9.875845424030027,8
2842829,9.848917959252729,8
2842835,9.790529349426015,6
2842841,9.908823986193173,6
2842846,9.916697673687004,5
2842857,9.795156793583175,11
2842865,9.83410098528408,8
2842887,9.559797946756836,22
2842893,9.878895849848087,6
2842901,9.868542034217198,8
2842906,9.914572312607401,5
2842913,9.8815580932773,7
2842924,9.767962728116583,11
2842929,9.923400566962034,5
2842938,9.816983675292486,9
2842949,9.779247219649585,11
2842963,9.708033502834882,14
2842968,9.907629633839942,5
2842976,9.835150958066794,8
2842984,9.83220814750894,8
2842993,9.832458993382366,9
2843005,9.741278889117845,12
2843013,9.859434067037203,8
2843020,9.857776744778366,7
2843030,9.816512520658838,10
2843033,9.949351506023248,3
2843042,9.845109644557553,9
2843048,9.881606665315342,6
2843049,10.0,1
2843061,9.727664676012461,12
2843079,9.611820400611888,18
2843082,9.953632057616042,3
2843090,9.845257477633632,8
2843101,9.748133028142298,11
2843112,9.7638960114228,11
2843116,9.95537070610713,4
2843125,9.815974605580116,9
2843131,9.880307956152018,6
2843134,9.968513930438785,3
2843138,9.922761943015411,4
2843147,9.80411170618931,9
2843161,9.660300002952434,14
2843167,9.880692617977065,6
2843168,10.0,1
2843181,9.630071104827124,13
2843190,9.627964577516964,9
2843202,9.771719622474773,12
2843214,9.730688040862505,12
2843223,9.823142608254187,9
2843226,9.960269485567826,3
2843234,9.825507643169487,8
2843243,9.789202944886622,9
2843251,9.840193958739947,8
2843252,10.0,1
2843259,9.84777268640726,7
2843267,9.754724486245744,8
2843270,9.951302131206955,3
2843275,9.918009190558987,5
2843285,9.804954932281076,10
2843292,9.88444075198203,7
2843311,9.566913511980573,19
2843321,9.8194886883409,10
2843327,9.879708627540518,6
2843341,9.73227498203215,14
2843352,9.768825577327148,11
2843358,9.885331095226045,6
2843370,9.788512912968779,12
2843380,9.801038696282374,10
2843393,9.693368938638317,13
2843401,9.855231888929797,8
2843408,9.88435933087125,7
2843420,9.745825150175628,12
2843435,9.674018475087397,15
2843440,9.915803036392814,5
2843451,9.750455341478673,11
2843464,9.715184745315847,13
2843476,9.742700559209702,12
2843489,9.768343667470203,13
2843501,9.546313698378826,12
2843510,9.849673618427023,9
2843515,9.917911131475323,5
2843524,9.840229993035642,9
2843530,9.901824656404575,6
2843539,9.827832957532804,9
2843547,9.835886203695663,8
2843562,9.667647130039462,15
2843571,9.845662771529575,9
2843572,10.0,1
2843578,9.90970587409035,6
2843592,9.688271669505106,14
2843600,9.860030736358336,8
2843623,5.643664507609091,23
2843633,9.808494104854873,10
2843634,9.995967506478744,1
2843641,9.875142901211257,7
2843649,9.83748899424557,8
2843657,9.868817136075622,8
2843671,9.135356271267932,14
2843677,9.885500914547032,6
2843684,9.875417476675667,7
2843689,9.93740321585719,5
2843698,9.795969433353532,9
2843699,10.0,1
2843710,9.790005205011816,11
2843723,9.684547545062347,13
2843733,9.788666004048068,10
2843743,9.782633336768834,10
2843747,9.943243889096914,4
2843748,10.0,1
2843751,9.968541524870052,3
2843756,9.91351021011029,5
2843761,9.929668869560166,5
2843767,9.89165934635378,6
2843775,9.836502456131242,8
2843776,10.0,1
2843777,9.995956619537939,1
2843786,9.814202704208547,9
2843799,9.688400240279517,13
2843802,9.949764290965804,3
2843811,9.824281522006089,9
2843813,9.97303411467322,2
2843820,9.871270137742071,7
2843825,9.921842549266156,5
2843835,9.798091562920279,10
2843851,9.634393235331746,16
2843853,9.980191175624642,2
2843862,9.798911416439768,9
2843868,9.807880295212872,6
2843880,9.761463584349249,12
2843892,9.730169239970387,12
2843898,9.905835881864338,6
2843912,9.23596147714278,14
2843940,9.198301997911582,28
2843942,9.976526257140744,2
2843951,9.806023467672594,9
2843956,9.912989196899467,5
2843974,9.618844695837723,18
2843985,9.77832522755516,11
2843992,9.855109230138337,7
2844007,9.717641972545167,15
2844012,9.913346214273862,5
2844024,9.744815276540344,12
2844029,9.920142710776737,5
2844039,9.812733052385433,10
2844049,9.799429919328736,10
2844056,9.88176015989133,7
2844065,9.80979038834066,9
2844076,9.738433160528952,11
2844087,9.774929567193992,11
2844095,9.843266063838497,8
2844102,9.870695700369438,7
2844110,9.853509930592507,8
2844122,9.734429649418967,12
2844130,9.867265036447417,8
2844135,9.910330490404307,5
2844145,9.829682863325502,10
2844158,9.70902411637799,13
2844166,9.83346769977154,8
2844177,9.780432672248972,11
2844186,9.800191496645533,9
2844197,9.751368431799596,11
2844208,9.753556064647602,11
2844219,9.754970922131104,11
2844220,10.0,1
2844230,9.693081147052736,10
2844247,9.65519070472423,17
2844254,9.850378688131238,7
2844261,9.888774970863931,7
2844262,10.0,1
2844267,9.905296176952938,5
2844276,9.830409467716175,9
2844281,9.92493293432916,5
2844287,9.88255941751623,6
2844292,9.919014561770577,5
2844305,9.740786337251684,13
2844312,9.858357994380139,7
2844323,9.779346820532474,11
2844330,9.89838177962314,7
2844342,9.76057855421128,12
2844352,9.822978513347133,10
2844362,9.805783030971805,10
2844370,9.86229420148148,8
2844378,9.842238138164854,8
2844389,9.775920599254803,11
2844400,9.795625524479544,11
2844403,9.956897668013905,3
2844407,9.942103052710927,4
2844420,9.702973778937995,13
2844435,9.676874857465972,15
2844443,9.84813709018753,8
2844458,9.68671983079625,15
2844474,9.651103613916554,16
2844477,9.95291450349681,3
2844495,9.56931035655744,18
2844508,9.717308439935298,13
2844519,9.768674377053962,11
2844530,9.810285957447343,11
2844541,9.789824207169996,11
2844545,9.940181021807836,4
2844558,9.712017948452115,13
2844561,9.961394931965176,3
2844568,9.885606940364454,7
2844583,9.679935489799329,15
2844588,9.914113672138201,5
2844589,10.0,1
2844595,9.88599370015355,6
2844596,9.99198372933941,1
2844609,9.715153747277318,13
2844615,9.897800385270227,6
2844628,9.7245703669696,13
2844644,9.658301166060026,16
2844656,9.528044332258752,12
2844664,9.840671705207011,8
2844665,10.0,1
2844674,9.818066257933745,9
2844680,9.894742979983322,6
2844692,9.727214546186547,12
2844699,9.859453596703974,7
2844710,9.786605051909982,11
2844722,9.720107144899945,12
2844726,9.942975206747992,4
2844738,9.729779776371192,12
2844749,9.749845268916378,11
2844756,9.865199977343876,7
2844762,9.872592185844448,6
2844764,9.976397436232583,2
2844770,9.9072223583306,6
2844775,9.928316402840293,5
2844783,9.816865280457767,8
2844789,9.88235515111306,6
2844793,9.950764773763261,4
2844803,9.778067382475447,10
2844811,9.844361566054124,8
2844815,9.931497886186479,4
2844825,9.801059972270984,10
2844831,9.888610660429306,6
2844841,9.798246752573835,10
2844842,10.0,1
2844849,9.893127901001183,7
2844852,9.957382035141695,3
2844863,9.770618784292175,11
2844868,9.895753939905498,5
2844881,9.74726514328755,13
2844882,10.0,1
2844894,9.802328149152265,12
2844904,9.813992653235795,10
2844909,9.920954513371207,5
2844925,9.650744373119313,16
2844931,9.894272572935733,6
2844937,9.918632188617131,6
2844952,9.649121297009161,15
2844965,9.714280025112467,13
2844972,9.882825817006788,7
2844973,10.0,1
2844983,9.787186037107936,10
2844988,9.91690751448072,5
2844992,9.930620661902038,4
2844993,10.0,1
2845007,9.700013715214194,14
2845016,9.805971200523166,9
2845035,9.521176148612842,19
2845044,9.795161879059327,9
2845054,9.79855756134608,10
2845059,9.921954453480145,5
2845071,9.71041003490741,12
2845083,9.733633302450006,12
2845108,9.332182339670954,25
2845123,9.638368462909506,15
2845125,9.979413147848176,2
2845131,9.902679762624158,6
2845132,10.0,1
2845141,9.826744460329424,9
2845142,10.0,1
2845154,9.755078146436674,12
2845167,9.725795497122949,13
2845174,9.860738670819021,7
2845185,9.78130996525846,11
2845193,9.872048092302801,8
2845200,9.875653679734107,7
2845204,9.95081648673074,4
2845211,9.880791324942324,7
2845222,9.75196178696244,11
2845230,9.85774958359087,8
2845244,9.71758739473311,14
2845254,9.797638745441803,10
2845259,9.928317309020299,5
2845267,9.830462123905464,8
2845274,9.8811434635949,7
2845288,9.662874885793505,14
2845289,10.0,1
2845301,9.76633461010411,12
2845307,9.90603669722697,6
2845313,9.919251715968217,6
2845319,9.90516753794436,6
2845329,9.803943208243354,10
2845345,9.66138017013919,16
2845351,9.900317657549502,6
2845354,9.954306179009048,3
2845358,9.929550167960842,4
2845362,9.93539960741051,4
2845368,9.891600723134447,6
2845377,9.843724858732577,9
2845388,9.789422526674798,11
2845390,9.985200174408833,2
2845395,9.918672639858864,5
2845397,9.984604346008979,2
2845406,9.823425334901442,9
2845416,9.787473826579065,10
2845424,9.85263707523082,8
2845427,9.766232779412057,3
2845438,9.797296177279243,11
2845450,9.744204419518102,12
2845456,9.891965014206612,6
2845458,9.985665983461558,2
2845459,10.0,1
2845472,9.700534624220179,13
2845477,9.930923182689323,5
2845483,9.896891976426264,6
2845490,9.868643343754393,7
2845500,9.799043738389244,10
2845509,9.813494299184242,9
2845517,9.831150531714622,8
2845527,9.833202750951838,10
2845531,9.948519076935336,4
2845540,9.835697172545773,9
2845549,9.831041979423121,9
2845550,10.0,1
2845565,9.6348580512675,15
2845566,10.0,1
2845581,9.657212859833548,15
2845591,9.796581866173803,10
2845597,9.905599233175566,6
2845603,9.914324595700608,6
2845608,9.932787547723706,5
2845613,9.91797428954087,5
2845620,9.892684545083705,7
2845632,9.641320695155974,12
2845635,9.955289039449442,3
2845641,9.880869573424846,6
2845651,9.782141849951175,10
2845656,9.900337227369768,5
2845661,9.921047955826277,5
2845666,9.915284546461423,5
2845670,9.931420292848427,4
2845671,10.0,1
2845679,9.837010436585206,8
2845680,9.99155237803112,1
2845692,9.74473450873663,12
2845704,9.748909174993724,12
2845711,9.856954885600471,7
2845721,9.768985568571365,10
2845730,9.845253991266073,9
2845731,10.0,1
2845745,9.679400728445925,14
2845748,9.96448738629969,3
2845749,10.0,1
2845761,9.753228208449647,12
2845765,9.735588242281203,4
2845783,9.621349585703225,18
2845790,9.860603773329307,7
2845800,9.799435306189384,10
2845809,9.82218235175579,9
2845824,9.66864710823996,15
2845836,9.732059571973549,12
2845837,10.0,1
2845845,9.878854951141312,8
2845856,9.77048009871579,11
2845858,9.973829419835349,2
2845862,9.928759983614524,4
2845872,9.788535864511147,10
2845885,9.711948386260666,13
2845897,9.748229612044364,12
2845901,9.95110141030195,4
2845911,9.779503667961619,10
2845919,9.864912143057433,8
2845927,9.849889849488783,8
2845931,9.925406520811288,4
2845942,9.753229432212374,11
2845944,9.979331614224845,2
2845957,9.700779119541759,13
2845969,9.752251683395867,12
2845975,9.893327054427635,6
2845990,9.676205810903973,15
2845998,9.875228410825457,8
2846001,9.958021933481868,3
2846009,9.880003957617582,8
2846021,9.75888819226745,12
2846036,9.645985686120346,15
2846047,9.773185312689563,11
2846054,9.882362829152589,7
2846061,9.775000080359964,7
2846075,9.668392010767858,14
2846078,9.953839557523983,3
2846091,9.712949500399402,13
2846102,9.754241053072484,11
2846114,9.74268656363506,12
2846115,9.99615739335312,1
2846116,9.989048270169718,1
2846120,9.94067059641004,4
2846129,9.838925197425525,9
2846137,9.848810127982226,8
2846146,9.834340669438001,9
2846152,9.877759110948533,6
2846156,9.934055833224214,4
2846157,10.0,1
2846158,10.0,1
2846170,9.743408942453494,12
2846184,9.671540987368733,14
2846188,9.939457006482757,4
2846200,9.731331794814292,12
2846209,9.857387229251062,9
2846220,9.782111059461307,11
2846222,9.9779419278877,2
2846223,10.0,1
2846235,9.757027014535144,12
2846242,9.872474113261472,7
2846247,9.928235553726113,5
2846248,10.0,1
2846259,9.775506935337829,11
2846269,9.791921448980094,10
2846281,9.712512299387376,12
2846292,9.787381539021121,11
2846300,9.837653056429025,8
2846306,9.894768255351932,6
2846315,9.806623094274622,9
2846326,9.766897623547894,11
2846327,10.0,1
2846330,9.962493395572414,3
2846341,9.76725025002976,11
2846351,9.835291845607866,10
2846366,9.652281919698847,15
2846370,9.934809234799761,4
2846374,9.94991581847135,4
2846381,9.902007266140943,7
2846383,9.983761295167382,2
2846388,9.921013593999637,5
2846389,10.0,1
2846399,9.791864868113898,10
2846412,9.698850456420137,13
2846419,9.887704980415483,7
2846429,9.828848075252633,10
2846433,9.930026693531016,4
2846434,10.0,1
2846454,9.52966181497053,20
2846459,9.90893500453446,5
2846465,9.891386511123235,6
2846474,9.812799185248995,9
2846479,9.92377726450512,5
2846489,9.773217793731133,10
2846490,10.0,1
2846503,9.729158642760028,13
2846510,9.880082683854129,7
2846518,9.868162446519475,8
2846520,9.984318457982793,2
2846521,10.0,1
2846530,9.85375005116427,9
2846541,9.779112213593528,11
2846555,9.68772031669195,14
2846563,9.867045344450142,8
2846584,9.588052393285638,21
2846596,9.7381650069793,12
2846609,9.74301414627824,13
2846610,10.0,1
2846616,9.904607561631474,6
2846630,9.695222533058123,14
2846643,9.695012079253367,13
2846652,9.831309820426851,9
2846653,10.0,1
2846666,9.697883229769888,13
2846669,9.952273913967217,3
2846686,9.600094143785777,17
2846696,9.783433125539618,10
2846708,9.715204838739488,12
2846725,9.623377572353036,17
2846732,9.882928239071061,7
2846733,10.0,1
2846735,9.973446083844644,2
2846751,9.684190046533196,16
2846764,9.7316390905607,13
2846772,9.821779061494523,8
2846783,9.759181159917668,11
2846793,9.839646746227144,10
2846807,9.686142882556826,14
2846813,9.88884931949825,6
2846819,9.8928536581397,6
2846831,9.717862901267653,12
2846832,10.0,1
2846835,9.95513964080532,3
2846836,10.0,1
2846839,9.958065257749336,3
2846852,9.697727112754947,13
2846864,9.761317509839634,12
2846876,9.738729459781387,12
2846890,9.683443310910835,14
2846900,9.787819840249664,10
2846907,9.875366143350101,7
2846911,9.941771813509906,4
2846917,9.890076139808471,6
2846936,9.533371075228983,19
2846937,9.988399017108181,1
2846944,9.854087535827812,7
2846952,9.859868910979266,8
2846960,9.844170901302375,8
2846965,9.92669444151695,5
2846971,9.78625366560255,6
2846982,9.764640101740317,11
2846994,9.738057183177563,12
2847007,9.710766509427769,13
2847014,9.873549595721931,7
2847016,9.973437298994886,2
2847023,9.863059985950393,7
2847027,9.941206332357211,4
2847035,9.852308130838873,8
2847039,9.94037564109949,4
2847055,9.651001694527073,16
2847062,9.884004299502953,7
2847069,9.873867258592455,7
2847077,9.823752798829057,8
2847085,9.848523501761804,8
2847095,9.718347175749086,10
2847107,9.739609621173337,12
2847114,9.858644669276206,7
2847122,9.838647112104677,8
2847130,9.819439887661677,8
2847138,9.85435933104092,8
2847143,9.928754441243859,5
2847148,9.923545435738276,5
2847151,9.95818140155226,3
2847157,9.89519867548516,6
2847161,9.937045195852845,4
2847162,10.0,1
2847178,9.634142264253796,16
2847186,9.840725351932862,8
2847197,9.777634060186367,11
2847198,10.0,1
2847207,9.841786286176578,9
2847214,9.865255884010107,7
2847225,9.766407445162885,11
2847235,9.79263511560962,10
2847240,9.901554680009848,5
2847250,9.77893153696701,10
2847262,9.728288507141286,12
2847270,9.844213183172192,8
2847276,9.88026896744016,6
2847289,9.746877632099665,13
2847298,9.801912905570095,9
2847309,9.763411364454248,11
2847312,9.966541368293337,3
2847314,9.976920371419821,2
2847325,9.770031066170558,11
2847335,9.788755182003218,10
2847344,9.797371527382024,9
2847354,9.805470808020452,10
2847358,9.941220985611642,4
2847365,9.762808574215828,7
2847366,10.0,1
2847377,9.768056736042762,11
2847388,9.775679023509948,11
2847397,9.82948397445699,9
2847398,10.0,1
2847415,9.564529713259466,17
2847420,9.937053609900103,5
2847433,9.705199205404597,13
2847443,9.78561053728106,10
2847447,9.949081249821763,4
2847453,9.910684619491649,6
2847461,9.823471019440944,8
2847474,9.709591272912768,13
2847484,9.780141862040235,10
2847487,9.960047136774596,3
2847495,9.861174832263142,8
2847504,9.81173112801141,9
2847510,9.907185359625247,6
2847524,9.697961833720356,14
2847535,9.757115213496311,11
2847538,9.970513331799197,3
2847551,9.714183283168596,13
2847559,9.831208299161949,8
2847567,9.855715681520737,8
2847569,9.968281040379244,2
2847575,9.884352168715443,6
2847581,9.913191519662611,6
2847588,9.879071511898132,7
2847589,9.988745570050218,1
2847595,9.885879249838034,6
2847605,9.82942111322736,10
2847606,10.0,1
2847622,9.597284802335212,16
2847635,9.713743750236926,13
2847636,10.0,1
2847645,9.814335868581582,9
2847657,9.750274716249756,12
2847663,9.897103301776177,6
2847670,9.87523575561212,7
2847682,9.721484547705092,12
2847693,9.72690178442691,11
2847707,9.696669926296774,14
2847713,9.896537471241894,6
2847720,9.858789350425091,7
2847726,9.894357320748805,6
2847733,9.88100230010077,7
2847742,9.813033197661278,9
2847756,9.729316408268714,14
2847768,9.769860037588641,12
2847780,9.748817313492614,12
2847792,9.817567553735053,12
2847799,9.857483519223358,7
2847803,9.93931850279742,4
2847812,9.837774542045624,9
2847819,9.866536220452613,7
2847830,9.749777843421924,11
2847842,9.750825879828788,12
2847846,9.936625652283318,4
2847858,9.745183901832874,12
2847861,9.955442711774527,3
2847870,9.821111785864378,9
2847875,9.933014648861205,5
2847878,9.953659676651295,3
2847887,9.8221672281364,9
2847889,9.974433304045975,2
2847900,9.758839776386322,11
2847908,9.834556572275025,8
2847909,10.0,1
2847910,10.0,1
2847920,9.833130623903111,10
2847930,9.790614712128006,10
2847939,9.837183324699144,9
2847950,9.753427372948478,11
2847958,9.8732196601588,8
2847965,9.883105046575043,7
2847966,10.0,1
2847971,9.917240614756045,5
2847975,9.836773290267422,4
2847983,9.851260541310193,8
2847991,9.843413825877903,8
2848011,9.573576816369672,20
2848025,9.699802717323674,14
2848039,9.73223921322702,14
2848047,9.731569376850244,8
2848053,9.900417319626108,6
2848064,9.786813648243866,11
2848071,9.869963618236486,7
2848083,9.740881355585387,12
2848092,9.818076742233979,9
2848098,9.906580240256986,6
2848115,9.589409758858075,17
2848116,9.989511132907166,1
2848117,10.0,1
2848129,9.754640108256483,12
2848130,9.98947774981361,1
2848134,9.948744459373883,4
2848143,9.819213186046245,9
2848149,9.904117792568593,6
2848150,10.0,1
2848160,9.824269635018608,10
2848161,9.996509295290762,1
2848176,9.664268318841266,15
2848182,9.886385566526895,6
2848190,9.8273981869145,8
2848191,10.0,1
2848202,9.745831578755666,11
2848203,10.0,1
2848214,9.756863108743847,11
2848228,9.398512271655514,14
2848238,9.819844626260084,10
2848244,9.907491717029322,6
2848252,9.821692914140149,8
2848270,9.574871378522937,18
2848279,9.83974021072948,9
2848291,9.706538229169462,12
2848302,9.764725510584501,11
2848307,9.927144655184163,5
2848311,9.928845632625055,4
2848314,9.962272711564461,3
2848325,9.749804639605166,11
2848337,9.73408694658369,12
2848351,9.66858437997646,14
2848355,9.943642086017645,4
2848361,9.91199431145446,6
2848376,9.719819038815109,15
2848387,9.765434621859029,11
2848388,9.990859772397942,1
2848392,9.952493676804048,4
2848401,9.82496220332758,9
2848404,9.958970980356318,3
2848410,9.891825901559624,6
2848418,9.868911207388285,8
2848422,9.927253484001893,4
2848437,9.649503917536359,15
2848447,9.77961573816677,10
2848455,9.854542623412144,8
2848459,9.950434077404026,4
2848477,9.60374519440359,18
2848478,10.0,1
2848483,9.929022535324515,5
2848495,9.749709894843413,12
2848497,9.98033265467711,2
2848502,9.901496771645501,5
2848515,9.696851293628765,13
2848522,9.858206380301924,7
2848526,9.93298010054114,4
2848536,9.815999065609512,10
2848543,9.864682914140966,7
2848550,9.869657898420934,7
2848562,9.7218077949135,12
2848572,9.774195718386142,10
2848581,9.713976661647084,9
2848594,9.715925743103726,13
2848601,9.866494817752976,7
2848610,9.831674714765274,9
2848626,9.733508950184946,16
2848632,9.903595786781263,6
2848637,9.919631323742307,5
2848645,9.873737628352714,8
2848650,9.9199254761432,5
2848651,9.989103779330215,1
2848652,10.0,1
2848657,9.91885731895618,5
2848669,9.724031495933119,12
2848681,9.729303210200994,12
2848688,9.858209802813539,7
2848696,9.821171283667242,8
2848707,9.735156745800442,11
2848716,9.846027676782255,9
2848727,9.758621972738638,11
2848741,9.697285807427173,14
2848751,9.81730945592053,10
2848760,9.832648925943714,9
2848768,9.856385357427587,8
2848771,9.967907002918194,3
2848790,9.54697252997865,19
2848791,10.0,1
2848806,9.70782478267104,15
2848808,9.978031384014244,2
2848809,10.0,1
2848813,9.925669788445953,4
2848823,9.798314010127223,10
2848824,10.0,1
2848834,9.786616788000858,10
2848835,10.0,1
2848836,9.988244990608925,1
2848842,9.896637048728891,6
2848855,9.69419306822766,13
2848867,9.737032698160341,12
2848880,9.734187166570662,13
2848888,9.829692725923882,8
2848889,10.0,1
2848901,9.733286557229045,12
2848907,9.881015192599373,6
2848919,9.727088754504365,12
2848926,9.860521155957265,7
2848936,9.792236447124788,10
2848942,9.912216585463952,6
2848943,9.987895998333874,1
2848947,9.949138541326747,4
2848952,9.921511358485168,5
2848959,9.86069903380478,7
2848974,9.67194474778938,15
2848979,9.919066593278048,5
2848989,9.806082303922828,10
2848996,9.89142342302426,7
2849014,9.591463965083591,18
2849018,9.930731662077916,4
2849028,9.785469594977725,10
2849036,9.84624037233385,8
2849045,9.83976165133648,9
2849056,9.77100427391077,11
2849063,9.860231061088344,7
2849075,9.752460869118945,12
2849082,9.88341105459171,7
2849094,9.74279616659343,12
2849105,9.777680270332324,11
2849115,9.77719024443219,10
2849119,9.94016769952692,4
2849132,9.715604879096547,13
2849141,9.796501694237541,9
2849146,9.92966604458173,5
2849154,9.854820839243784,8
2849164,9.826572295931701,10
2849170,9.896330123595666,6
2849182,9.723573363708928,12
2849193,9.788811806999531,11
2849196,9.950023084662448,3
2849201,9.930077504159073,5
2849209,9.843663705596885,8
2849212,9.9679493288641,3
2849228,9.63944744632005,16
2849241,9.704802568210578,13
2849249,9.838147212905378,8
2849262,9.719787036463304,13
2849269,9.87652412582641,7
2849284,9.676071445900469,15
2849294,9.783774744096364,10
2849305,9.775683805396653,11
2849318,9.732537962344125,13
2849321,9.951858842006086,3
2849331,9.791577615502773,10
2849333,9.778547103130139,2
2849351,9.52335432545234,18
2849362,9.752076876544129,11
2849376,9.657526185963395,14
2849385,9.72698248699712,9
2849393,9.851714961812148,8
2849405,9.78041016099179,12
2849407,9.974919613737862,2
2849413,9.886067244990583,6
2849426,9.749481856965696,13
2849434,9.849589433928456,8
2849437,9.960752256928496,3
2849453,9.677807078780816,16
2849467,9.480580958065975,14
2849479,9.73617006307558,12
2849494,9.68339076014702,15
2849504,9.810295435060823,10
2849506,9.985732320038803,2
2849515,9.824934320507458,9
2849529,9.689863795333535,14
2849539,9.791255162625458,10
2849546,9.869021740527606,7
2849559,9.708959399066265,13
2849571,9.738746718554713,12
2849584,9.701828847893145,13
2849590,9.884316465207005,6
2849596,9.874984397188806,6
2849597,9.98838150781197,1
2849608,9.738494957772904,11
2849617,9.796429223107918,9
2849624,9.880970956203074,7
2849627,9.963357563816128,3
2849628,10.0,1
2849644,9.675274978131652,16
2849660,9.69146941563852,16
2849675,9.65883081304852,15
2849690,9.646905081979934,15
2849698,9.866327406305393,8
2849707,9.795627287399238,9
2849712,9.927863061034964,5
2849713,9.996463278450028,1
2849723,9.797505175232837,10
2849736,9.715196518303225,13
2849738,9.978722979915174,2
2849739,10.0,1
2849753,9.669939060379857,14
2849761,9.886304147460088,8
2849763,9.981259792016157,2
2849776,9.692455135385517,13
2849781,9.905492443790724,5
2849791,9.803951543302787,10
2849812,9.576883386662328,21
2849819,9.85984261111231,7
2849831,9.700431047135154,12
2849841,9.805356441980873,10
2849843,9.97574914947445,2
2849855,9.72888519213617,12
2849860,9.929181622894898,5
2849864,9.949805475633292,4
2849876,9.744964922448675,12
2849877,10.0,1
2849890,9.689142431877661,13
2849904,9.702814901729043,14
2849915,9.775437813982974,11
2849918,9.961029917762112,3
2849919,10.0,1
2849928,9.842595452239498,9
2849934,9.899787996542829,6
2849947,9.69890878267505,13
2849964,9.604171889943977,17
2849968,9.949786434088148,4
2849972,9.928565105055432,4
2849977,9.926886708850434,5
2849987,9.806182280930381,10
2849990,9.963521710122095,3
2849996,9.909509749587196,6
2850003,9.8679736444259,7
2850007,9.73752581315708,4
2850014,9.882211074037265,7
2850027,9.718572231298268,13
2850038,9.758938176359603,11
2850044,9.902720163728613,6
2850058,9.721806482626477,14
2850070,9.76182110063048,12
2850078,9.837644225721032,8
2850083,9.921165309797354,5
2850091,9.843985745759245,8
2850100,9.831087510341993,9
2850113,9.505694477135147,13
2850124,9.784122190099282,11
2850125,10.0,1
2850131,9.895674103534066,6
2850141,9.770684800550622,10
2850157,9.658343898267363,16
2850161,9.937161148514118,4
2850166,9.923759623919333,5
2850167,10.0,1
2850168,10.0,1
2850174,9.894257490360365,6
2850180,9.9016947784088,6
2850188,9.868938285223095,8
2850196,9.866795497012188,8
2850205,9.799421760811555,9
2850233,8.110408350796462,28
2850242,9.793212405363475,9
2850248,9.89448076650222,6
2850259,9.807608079164927,11
2850272,9.738299686121472,13
2850281,9.815922917904729,9
2850295,9.716063216459766,14
2850304,9.833173641208116,9
2850317,9.697115193215339,13
2850327,9.800141165037788,10
2850337,9.796119504107688,10
2850342,9.918075307647081,5
2850357,9.48837234943428,15
2850368,9.469470214582849,11
2850372,9.937287406284387,4
2850376,9.944920053986245,4
2850383,9.870136232988378,7
2850390,9.88229296956039,7
2850399,9.81979688059408,9
2850413,9.601358731156655,14
2850417,9.93690661988907,4
2850420,9.968377438696923,3
2850423,9.948105763827364,3
2850433,9.784629946691092,10
2850438,9.925128627805313,5
2850445,9.891704932865222,7
2850456,9.770450646485685,11
2850459,9.969173372054343,3
2850462,9.96296721972392,3
2850467,9.922069299677897,5
2850480,9.595556095454631,13
2850493,9.708871548012596,13
2850496,9.955948593795185,3
2850506,9.78234677599926,10
2850517,9.759327693005705,11
2850518,10.0,1
2850519,10.0,1
2850520,10.0,1
2850529,9.849353984810126,9
2850545,9.678474851641788,16
2850554,9.830794733529912,9
2850564,9.798805298552638,10
2850570,9.868129342212288,6
2850584,9.680928092724065,14
2850596,9.731874797373107,12
2850600,9.937834817416272,4
2850608,9.861132291079723,8
2850618,9.802147513609814,10
2850619,10.0,1
2850626,9.876084081309935,7
2850638,9.746510679499453,12
2850645,9.880878067046519,7
2850647,9.971507093943037,2
2850657,9.788136312887413,10
2850668,9.747680813036144,11
2850679,9.769485329350335,11
2850688,9.826164144254045,9
2850689,9.996120180713689,1
2850692,9.972825791388797,3
2850693,9.992470204783512,1
2850697,9.92895792616825,4
2850708,9.804016217202879,11
2850712,9.946163587748558,4
2850717,9.913874787553492,5
2850731,9.677438508932195,14
2850739,9.823952040794035,8
2850754,9.650844954683045,15
2850763,9.798676099464084,9
2850769,9.893183987229833,6
2850783,9.674540842173109,14
2850788,9.71367264505281,5
2850794,9.884705922243688,6
2850804,9.784357397579496,10
2850825,9.541948223802413,21
2850833,9.863006820821646,8
2850844,9.773777611979392,11
2850857,9.684781364753732,13
2850862,9.921568644496984,5
2850875,9.705689735251005,13
2850881,9.692607044809881,6
2850891,9.858554707566972,10
2850895,9.946291857235133,4
2850896,10.0,1
2850897,10.0,1
2850908,9.762676171868085,11
2850920,9.721101531053014,12
2850927,9.877487924385976,7
2850934,9.878530377162397,7
2850942,9.847534030708683,8
2850949,9.860017118866311,7
2850952,9.953372827178743,3
2850953,10.0,1
2850961,9.838917622964477,8
2850965,9.92906945324326,4
2850970,9.909981427735078,5
2850993,9.4748629399288,23
2851002,9.78905543115506,9
2851005,9.961891865836753,3
2851012,9.86356433033234,7
2851017,9.896530977012983,5
2851020,9.95662119193865,3
2851029,9.835060513056902,9
2851040,9.58994259269999,11
2851050,9.791660557988958,10
2851051,10.0,1
2851054,9.956278752931492,3
2851057,9.959784173890768,3
2851066,9.802492041976185,9
2851068,9.985271870080364,2
2851069,10.0,1
2851077,9.844319418241437,8
2851079,9.973645518233054,2
2851084,9.903049889396105,5
2851094,9.852388569650941,10
2851109,9.675039299643,15
2851115,9.889803665731362,6
2851131,9.618270231234714,16
2851138,9.877740620239752,7
2851149,9.778836912727284,11
2851157,9.8532823067468,8
2851158,10.0,1
2851164,9.907153758454852,6
2851172,9.840765952728393,8
2851175,9.946387202849001,3
2851176,10.0,1
2851183,9.866382834740019,7
2851189,9.901487129201989,6
2851192,9.966477849333904,3
2851205,9.704628651791714,13
2851212,9.874305395360697,7
2851225,9.766020027535484,13
2851237,9.742648616177856,12
2851250,9.69790214439317,13
2851261,9.768908885839819,11
2851266,9.918078584453712,5
2851275,9.826426207300754,9
2851283,9.828914974246324,8
2851290,9.848794413032639,7
2851297,9.865571390420055,7
2851313,9.709752717606728,16
2851327,9.668392592637032,14
2851328,10.0,1
2851334,9.893821505550914,6
2851346,9.739390064090113,12
2851353,9.886482693487768,7
2851360,9.881290478569575,7
2851366,9.907109031364765,6
2851378,9.758178080224447,12
2851398,9.415448321313468,20
2851402,9.941433815244267,4
2851405,9.95497607205717,3
2851406,10.0,1
2851415,9.516381674050816,9
2851421,9.887895342946116,6
2851427,9.902074304761154,6
2851440,9.683138536272399,13
2851449,9.824600267681243,9
2851455,9.892637850164162,6
2851463,9.86469038891078,8
2851468,9.910877383446948,5
2851473,9.903978431455768,5
2851482,9.838384122998333,9
2851490,9.82874567263961,8
2851501,9.767186770063306,11
2851509,9.881182631832145,8
2851515,9.897438447445975,6
2851525,9.804253322509998,10
2851531,9.897993707512715,6
2851538,9.896585563869595,7
2851545,9.885419032942941,7
2851554,9.802816271068274,9
2851564,9.766698284406491,10
2851575,9.793656929845282,11
2851585,9.822443907276849,10
2851597,9.7692443851114,12
2851607,9.792507485687542,10
2851621,9.63966814522622,14
2851635,9.679455438230994,14
2851638,9.950695168983023,3
2851642,9.939115738808633,4
2851651,9.82418776372106,9
2851656,9.914336005641898,5
2851674,9.59210237674591,18
2851675,10.0,1
2851676,10.0,1
2851685,9.824893861838865,9
2851686,10.0,1
2851692,9.873018683344219,6
2851700,9.87047004551206,8
2851715,9.65656276652036,15
2851717,9.97081409291545,2
2851726,9.81096348665935,9
2851732,9.911328008711301,6
2851743,9.773530149925511,11
2851753,9.778299906769735,10
2851759,9.884403586998317,6
2851767,9.846002727378607,8
2851780,9.71891514904197,13
2851795,9.662463271754474,15
2851802,9.66493967032642,7
2851805,9.942097248406922,3
2851812,9.855171402701593,7
2851828,9.610974246789715,16
2851838,9.790123819495289,10
2851850,9.711544603407475,12
2851857,9.873279126312163,7
2851861,9.94699188763176,4
2851865,9.939529403001824,4
2851877,9.74965362701533,12
2851884,9.849119541500265,7
2851901,9.645481290190068,17
2851909,9.826756047890152,8
2851916,9.87998749301956,7
2851928,9.766692854760393,12
2851933,9.915893206395134,5
2851939,9.893684318194802,6
2851943,9.956574187695777,4
2851957,9.684610362717194,14
2851970,9.705887044602612,13
2851978,9.824907119409374,8
2851989,9.72640634081672,11
2851995,9.789920307014714,6
2852005,9.790324423901001,10
2852011,9.897965824520757,6
2852095,8.445557254924633,84
2852104,9.822726686955313,9
2852116,9.716215428804956,12
2852132,9.699856135595718,16
2852147,9.657242319591646,15
2852155,9.86540291909938,8
2852160,9.91738113933102,5
2852167,9.775093090767268,7
2852179,9.637096604923666,12
2852185,9.782447841643943,6
2852202,9.57186703262463,17
2852206,9.942328434249037,4
2852207,9.98791234367413,1
2852216,9.823111822869272,9
2852242,9.381678011159106,26
2852250,9.847711964191973,8
2852261,9.766220310251036,11
2852262,9.992769343871002,1
2852273,9.786034835386923,11
2852280,9.87780787801498,7
2852295,9.743485259972733,15
2852305,9.778369907525738,10
2852317,9.726546040093108,12
2852322,9.909394027124762,5
2852331,9.60406831572456,9
2852341,9.791854086065362,10
2852352,9.770607571924605,11
2852358,9.915332402821326,6
2852366,9.824771212300664,8
2852378,9.7388153876573,12
2852389,9.785286467149959,11
2852401,9.718341781552446,12
2852402,9.9927267086,1
2852403,9.98810870260408,1
2852404,10.0,1
2852406,9.9849523912154,2
2852420,9.693021999529826,14
2852425,9.922002057685784,5
2852430,9.922638974274069,5
2852442,9.750841484062871,12
2852446,9.938831503002326,4
2852456,9.787067946702008,10
2852459,9.966753269749523,3
2852469,9.792083645878327,10
2852477,9.868227294218855,8
2852483,9.897604174809732,6
2852489,9.881386490061438,6
2852499,9.802387336960065,10
2852508,9.798229250374504,9
2852509,10.0,1
2852510,9.98860186869731,1
2852517,9.877998751774479,7
2852530,9.71457165888426,13
2852537,9.868898761626653,7
2852541,9.929631889235166,4
2852547,9.907323397772558,6
2852557,9.811772538241861,10
2852558,10.0,1
2852567,9.838112570346132,9
2852580,9.728846205442066,13
2852586,9.887199072937563,6
2852589,9.964227260238337,3
2852599,9.777060674563598,10
2852610,9.787922152198027,11
2852617,9.889562899800437,7
2852621,9.950493322735616,4
2852631,9.797184112334628,10
2852638,9.877318874091971,7
2852652,9.681623181608813,14
2852659,9.86485085305424,7
2852661,9.974159056741097,2
2852676,9.65688533164902,15
2852684,9.826198422914217,8
2852694,9.809043693033107,10
2852702,9.862578374645825,8
2852708,9.881466974979096,6
2852716,9.859343940536885,8
2852725,9.838868487729778,9
2852730,9.923702685293952,5
2852742,9.752920344151095,12
2852750,9.875568889475636,8
2852768,9.607126458260396,18
2852783,9.679505616637089,15
2852788,9.912609857395772,5
2852805,9.612705533938692,17
2852814,9.794516371982914,9
2852828,9.695285588518573,14
2852833,9.90520997209562,5
2852843,9.77347696585802,10
2852844,10.0,1
2852856,9.749364869576612,12
2852872,9.64030421015541,16
2852880,9.847657472794372,8
2852890,9.781695378352437,10
2852896,9.89972462622146,6
2852909,9.730779544291543,13
2852911,9.983098852826437,2
2852924,9.752031724885905,13
2852925,10.0,1
2852928,9.953464597302286,3
2852947,9.632084786375684,19
2852958,9.778679998118182,11
2852974,9.699927494215885,16
2852978,9.931841159339475,4
2852979,10.0,1
2852980,10.0,1
2852987,9.873224532894866,7
2852988,10.0,1
2852989,10.0,1
2852997,9.851963554347595,8
2853000,9.96099664424517,3
2853012,9.737375158334146,12
2853022,9.77971354904556,10
2853023,9.98934263097102,1
2853030,9.877993460595448,7
2853043,9.703237285852648,13
2853056,9.626382311137505,13
2853062,9.901525223625267,6
2853070,9.842052922155814,8
2853084,9.69246974293418,14
2853096,9.775591615978946,12
2853112,9.669011184234874,16
2853113,10.0,1
2853127,9.73274135014399,14
2853136,9.795500310432825,9
2853150,9.667838083635147,14
2853154,9.946214675463096,4
2853159,9.915779097323666,5
2853171,9.734021960855673,12
2853172,9.996388631966807,1
2853173,9.996701079240127,1
2853189,9.643769908161966,16
2853197,9.84844130178561,8
2853205,9.843094753734347,8
2853206,10.0,1
2853216,9.793511141278328,10
2853222,9.895637176751626,6
2853232,9.778451801726643,10
2853245,9.697771524887104,13
2853256,9.808064844309609,11
2853260,9.943691216676005,4
2853267,9.854719914559023,7
2853283,9.663661293773687,16
2853289,9.88207879160175,6
2853295,9.895664732001116,6
2853304,9.818130137754435,9
2853316,9.735170211288814,12
2853322,9.896334630495744,6
2853332,9.78814619248137,10
2853346,9.71038859943328,14
2853347,10.0,1
2853355,9.641380025884345,8
2853372,9.64612532498506,17
2853373,10.0,1
2853376,9.96403677942137,3
2853384,9.86267476524973,8
2853390,9.905993941290633,6
2853400,9.823305546475233,10
2853411,9.792819188978884,11
2853422,9.712308689842237,11
2853426,9.948021220036052,4
2853434,9.856742196539765,8
2853447,9.718033327346408,13
2853451,9.932991461761905,4
2853460,9.854215076221953,9
2853472,9.748358434021132,12
2853473,10.0,1
2853479,9.906991320611395,6
2853483,9.950983156821843,4
2853494,9.790430484282078,11
2853502,9.878697486808148,8
2853511,9.821755978091087,9
2853512,10.0,1
2853526,9.657373898338895,14
2853534,9.72986567212107,8
2853537,9.966274531861774,3
2853546,9.838750839244703,9
2853560,9.677128544397833,14
2853571,9.779299297859668,11
2853572,10.0,1
2853582,9.809417857205622,10
2853592,9.790674034440606,10
2853603,9.757302097980105,11
2853613,9.794574848800105,10
2853623,9.780398031827822,10
2853630,9.88276863115449,7
2853634,9.939514251752477,4
2853644,9.797289228899043,10
2853647,9.961855723519497,3
2853659,9.735936134577358,12
2853665,9.877769184624759,6
2853669,9.947843222419824,4
2853679,9.81104789504887,10
2853686,9.882404157926013,7
2853700,9.676919394197238,14
2853703,9.963478596843718,3
2853716,9.69653949657458,13
2853724,9.836891305276561,8
2853725,9.995945327139008,1
2853738,9.712007040969374,13
2853742,9.940083039103172,4
2853756,9.674072291864896,14
2853762,9.908294711407432,6
2853770,9.836848224040631,8
2853782,9.741791751463655,12
2853788,9.89689361457828,6
2853794,9.90056496767138,6
2853803,9.831364417084892,9
2853809,9.908919453748629,6
2853816,9.874439843355445,7
2853819,9.957769637698123,3
2853824,9.915588759729527,5
2853830,9.89043355389707,6
2853840,9.806984918193532,10
2853848,9.879170029386573,8
2853858,9.777759056387756,10
2853866,9.820260178839842,8
2853877,9.78202403905643,11
2853880,9.96228675103748,3
2853886,9.8967286933655,6
2853895,9.848235889888153,9
2853897,9.982131584757742,2
2853902,9.91382378636945,5
2853906,9.937347662457338,4
2853907,10.0,1
2853908,9.989459200041852,1
2853915,9.849822081173402,7
2853927,9.735495940905459,12
2853933,9.888904786759417,6
2853944,9.757276758029771,11
2853949,9.899990361171808,5
2853955,9.890629065106493,6
2853956,9.989040239273038,1
2853964,9.857334345361355,8
2853976,9.749018821446683,12
2853986,9.785194769738629,10
2854004,9.605303181984057,18
2854020,9.661630118739598,16
2854030,9.803923729837495,10
2854033,9.956173933860205,3
2854045,9.743543041435586,12
2854050,9.926641888190906,5
2854062,9.740270331891564,12
2854065,9.948123147481121,3
2854066,10.0,1
2854078,9.763207877850274,12
2854083,9.91480498692208,5
2854099,9.606555194716607,16
2854108,9.820557868678689,9
2854118,9.829953962226996,10
2854127,9.803825951549248,9
2854135,9.83157357997894,8
2854151,9.697860309562667,16
2854160,9.79527778593873,9
2854168,9.84074330516324,8
2854169,9.996453485437629,1
2854178,9.812860917661865,9
2854188,9.77581193466983,10
2854189,10.0,1
2854197,9.81821841346873,8
2854207,9.8095737981462,10
2854224,9.405910597115394,17
2854229,9.911507073672894,5
2854240,9.784196229450611,11
2854255,9.6762603069838,15
2854264,9.829024397022657,9
2854268,9.943119567093444,4
2854272,9.936770623902701,4
2854287,9.665518376274465,15
2854297,9.798908528099535,10
2854300,9.94653413222497,3
2854305,9.911680766016365,5
2854313,9.845181140770901,8
2854322,9.808668547047278,9
2854336,9.616888335328603,14
2854343,9.871964169763972,7
2854347,9.950657706548823,4
2854354,9.85991114592922,7
2854369,9.68875591870692,15
2854381,9.719687309155198,12
2854390,9.812047982786725,9
2854395,9.93275091909155,5
2854400,9.908843954434351,5
2854412,9.732245745849855,12
2854416,9.939899146049108,4
2854421,9.903613063548905,5
2854430,9.835773207629115,9
2854444,9.709807307362096,14
2854450,9.89055382032853,6
2854460,9.820511835063709,10
2854467,9.880309291370018,7
2854475,9.739476438861404,8
2854485,9.80638469507382,10
2854490,9.911359853699354,5
2854498,9.857506642144603,8
2854499,10.0,1
2854500,10.0,1
2854510,9.805010224369836,10
2854519,9.823945247201184,9
2854520,9.99603602196523,1
2854526,9.886191274893608,6
2854536,9.800417421602242,10
2854542,9.890964538428593,6
2854551,9.843942796253279,9
2854557,9.889405426956156,6
2854569,9.747863604778555,12
2854585,9.54177946225759,16
2854590,9.92817075715617,5
2854594,9.941973380919627,4
2854601,9.865438528865576,7
2854604,9.950565407731448,3
2854613,9.811732806472358,9
2854614,10.0,1
2854626,9.728460114871318,12
2854628,9.980523803783601,2
2854639,9.785846878007236,11
2854656,9.624973948748899,17
2854671,9.663009133917146,15
2854677,9.922773025144894,6
2854683,9.887577375228563,6
2854692,9.800255703256262,9
2854709,9.600605540914986,17
2854719,9.79085121527672,10
2854720,9.98830666676065,1
2854732,9.74596517751221,12
2854735,9.96209713441067,3
2854743,9.868064999453306,8
2854751,9.8607733379452,8
2854758,9.879699753230478,7
2854765,9.88522652178614,7
2854776,9.764138971874655,11
2854780,9.95553928854441,4
2854798,9.542609475657887,18
2854802,9.938107124990342,4
2854814,9.72723943711868,12
2854818,9.946529535113134,4
2854835,9.632384491791111,17
2854841,9.919131737172915,6
2854853,9.755042472371048,12
2854862,9.801537847142043,9
2854877,9.669547694120405,15
2854886,9.820631202038467,9
2854899,9.703316991690418,13
2854922,9.551183034258507,23
2854935,9.711542151403037,13
2854950,9.709755082476132,15
2854959,9.838443080182433,9
2854965,9.607802089745485,6
2854972,9.867258884318716,7
2854987,9.66271124038594,15
2854997,9.700203751647134,10
2855005,9.864449875738012,8
2855024,9.60756923172277,19
2855033,9.825885989350498,9
2855037,9.940783536317289,4
2855038,10.0,1
2855053,9.690129929113112,15
2855059,9.895873721223818,6
2855071,9.740408970586452,12
2855079,9.85276436864444,8
2855089,9.616220267515759,10
2855096,9.871531387634988,7
2855109,9.710415344901506,13
2855116,9.852262234280737,7
2855119,9.958893574171135,3
2855120,10.0,1
2855126,9.89949002973955,6
2855133,9.853015100646413,7
2855151,9.653065866434783,18
2855165,9.704255343217579,14
2855172,9.877327970443082,7
2855187,9.678368126054602,15
2855195,9.855682266326287,8
2855205,9.780266986448126,10
2855215,9.583717273363842,10
2855221,9.895013042123061,6
2855227,9.883964635306551,6
2855238,9.77217846433722,11
2855243,9.92369372990987,5
2855253,9.788569932035161,10
2855263,9.808992703189041,10
2855264,10.0,1
2855266,9.967999519101149,2
2855276,9.78541928841466,10
2855287,9.762087559218651,11
2855291,9.944015158444875,4
2855297,9.903054542394676,6
2855304,9.865921330613645,7
2855323,9.579200592978596,19
2855326,9.962174529453488,3
2855339,9.720184214376998,13
2855341,9.975814647631132,2
2855350,9.818952574413823,9
2855357,9.89812917605772,7
2855368,9.758767718620527,11
2855381,9.727855824992883,13
2855392,9.759832029516975,11
2855402,9.802151313009137,10
2855415,9.704086733019137,13
2855428,9.733490606196602,13
2855431,9.960806993596233,3
2855435,9.952368246743758,4
2855438,9.953131724091122,3
2855447,9.805823020679053,9
2855456,9.83282242259464,9
2855466,9.846861493383974,10
2855476,9.781986656838757,10
2855495,9.646858490617635,19
2855503,9.842500742075352,8
2855506,9.955173368312272,3
2855509,9.952099636823855,3
2855514,9.917641064907572,5
2855528,9.674466980152499,14
2855542,9.670570765004502,14
2855558,9.614317994356533,16
2855567,9.847353627564276,9
2855568,10.0,1
2855579,9.749611895753283,11
2855586,9.866101920412964,7
2855590,9.947576649722233,4
2855598,9.833221095723978,8
2855605,9.856632787571327,7
2855609,9.946691668627553,4
2855612,9.963223969946693,3
2855624,9.765928576163713,12
2855635,9.78636513994132,11
2855643,9.837657372829682,8
2855644,9.989823259419026,1
2855657,9.721373519446132,13
2855671,9.670213247958207,14
2855678,9.872313728084913,7
2855685,9.85336045685567,7
2855693,9.843369889257612,8
2855703,9.798898486203065,10
2855717,9.694775962753129,14
2855731,9.398892028302816,14
2855739,9.860228388892907,8
2855747,9.8535719765685,8
2855760,9.704901352804738,13
2855773,9.732222739719909,13
2855780,9.880826903572286,7
2855797,9.596537400762744,17
2855809,9.722007168180362,12
2855811,9.982200540126987,2
2855812,9.996149628831493,1
2855819,9.883931029706247,7
2855829,9.802390830381755,10
2855830,10.0,1
2855840,9.80646754240365,10
2855846,9.904808567542204,6
2855852,9.894522075424414,6
2855869,9.609415319702292,17
2855880,9.74857244929236,11
2855881,10.0,1
2855893,9.736856176204455,12
2855897,9.955105753198582,4
2855910,9.692406269697473,13
2855919,9.812634786021368,9
2855931,9.739659668383993,12
2855941,9.826721737894102,10
2855950,9.797161660632423,9
2855951,10.0,1
2855963,9.722115608056203,12
2855964,10.0,1
2855970,9.895305419277383,6
2855974,9.943639292211078,4
2855975,9.996413087747055,1
2855985,9.795912463928918,10
2855990,9.916897320637796,5
2855998,9.854126187894238,8
2856006,9.849086225257848,8
2856009,9.964997263357548,3
2856014,9.920058625126392,5
2856039,9.325110884484587,25
2856040,10.0,1
2856041,10.0,1
2856049,9.852986681273588,8
2856072,9.495711614501383,23
2856077,9.924349770605513,5
2856086,9.831558052615883,9
2856091,9.902832503864245,5
2856094,9.946689664194547,3
2856104,9.801280346373686,10
2856109,9.91373818709309,5
2856124,9.684160812897193,15
2856134,9.774356111577282,10
2856137,9.967854963274151,3
2856146,9.826566628998853,9
2856147,10.0,1
2856153,9.916279545687438,6
2856160,9.875274557805142,7
2856167,9.88603643655222,7
2856174,9.870367882266057,7
2856181,9.86153654573082,7
2856184,9.963750644623495,3
2856188,9.942872317953668,4
2856198,9.7892762919639,10
2856201,9.963532180190054,3
2856212,9.768920715742897,11
2856213,10.0,1
2856220,9.8618010013709,7
2856229,9.829353755829056,9
2856237,9.850608137920194,8
2856243,9.897147300519913,6
2856256,9.686797675999042,13
2856272,9.628126123442383,16
2856273,10.0,1
2856290,9.622764815302345,17
2856300,9.79545314143217,10
2856309,9.822080797692468,9
2856311,9.985836952241703,2
2856313,9.968748465962769,2
2856321,9.841599818541573,8
2856330,9.801443337635916,9
2856337,9.887685451960841,7
2856348,9.753757065484036,11
2856353,9.918650417043564,5
2856369,9.654941647444277,16
2856370,10.0,1
2856374,9.931524876677548,4
2856376,9.969900779640772,2
2856382,9.887451618276717,6
2856392,9.781987417613491,10
2856405,9.70863164353251,13
2856407,9.985347176068107,2
2856420,9.710646250683261,13
2856427,9.884830596958022,7
2856439,9.70510506852252,12
2856440,10.0,1
2856447,9.859622813482229,7
2856456,9.726242519218426,9
2856466,9.785722938875121,10
2856471,9.914815360031854,5
2856474,9.955266673366836,3
2856479,9.914509147525214,5
2856491,9.537860719080475,12
2856492,9.992998832972638,1
2856503,9.771083395302432,11
2856517,9.6851932238329,14
2856530,9.613856436991036,13
2856539,9.71783558763542,9
2856550,9.758097922769139,11
2856558,9.830857200822821,8
2856576,9.662260316891816,18
2856584,9.83630568845039,8
2856589,9.925445885827605,5
2856595,9.88946767626899,6
2856602,9.84806995124659,7
2856615,9.74173303465174,13
2856627,9.74067638877613,12
2856640,9.759014126889326,13
2856653,9.708860003847025,13
2856661,9.832238615498376,8
2856667,9.896546141288471,6
2856678,9.756335685401245,11
2856690,9.742159483973905,12
2856694,9.93667619673524,4
2856697,9.95706669384554,3
2856702,9.926167762774707,5
2856713,9.797961304454226,11
2856719,9.886089891306325,6
2856720,9.995960316117792,1
2856721,10.0,1
2856735,9.677688041021298,14
2856736,10.0,1
2856745,9.826936119101028,9
2856753,9.839466437210664,8
2856755,9.984743866523473,2
2856757,9.973027606011188,2
2856765,9.838160666772792,8
2856782,9.598812367057707,17
2856793,9.751050969614528,11
2856804,9.752501476083513,11
2856819,9.679667930503811,15
2856824,9.900626719554989,5
2856834,9.831035982047467,10
2856844,9.780587801052844,10
2856849,9.928525576935112,5
2856855,9.888417866559049,6
2856863,9.825570541596386,8
2856864,10.0,1
2856878,9.684688785968904,14
2856890,9.736235257351328,12
2856905,9.672803372333702,15
2856913,9.85405933629053,8
2856927,9.733278062974522,14
2856959,3.9419526576937054,32
2856968,9.614450163126556,9
2856977,9.845389448342122,9
2856990,9.696250580918615,13
2856992,9.965590077242599,2
2857001,9.814598903911145,9
2857010,9.800631715811587,9
2857019,9.821292524825207,9
2857035,9.629217933157221,16
2857042,9.86611421438238,7
2857046,9.93683405382536,4
2857051,9.926007971687465,5
2857061,9.813947009457882,10
2857073,9.740756589484054,12
2857083,9.816245371768728,10
2857089,9.921346995077965,6
2857098,9.801458262427001,9
2857104,9.896034082297144,6
2857107,9.946942517638234,3
2857111,9.933783946327402,4
2857114,9.955005101244819,3
2857120,9.901473475726522,6
2857121,10.0,1
2857137,9.644940302148164,16
2857154,9.587294584559615,17
2857155,9.992682666464487,1
2857166,9.589373118030766,11
2857183,9.666940488724949,17
2857190,9.8929192093292,7
2857203,9.709303041828354,13
2857209,9.922778401604083,6
2857214,9.921759715791309,5
2857222,9.852749433980797,8
2857228,9.88929081347725,6
2857238,9.802562604958847,10
2857252,9.700185311734417,14
2857256,9.929446185593457,4
2857264,9.842323501562818,8
2857265,10.0,1
2857271,9.886256342205622,6
2857279,9.837944815147813,8
2857291,9.70791181796126,12
2857298,9.869432211550002,7
2857308,9.77462774186035,10
2857309,10.0,1
2857315,9.910196292324716,6
2857323,9.858348565314287,8
2857324,10.0,1
2857331,9.89170746247586,7
2857340,9.802988914696472,9
2857362,9.36428751539495,22
2857370,9.85027879135281,8
2857379,9.809315081524929,9
2857388,9.793889411020647,9
2857401,9.695589164558317,13
2857419,9.577048919846844,18
2857426,9.584631056994974,7
2857435,9.811706591745095,9
2857446,9.775656852238077,11
2857456,9.820807006461344,10
2857459,9.95214172141911,3
2857464,9.923661350859085,5
2857474,9.79539181095796,10
2857478,9.92707464612592,4
2857488,8.92578451002071,10
2857491,9.960702517680849,3
2857496,9.920353259496462,5
2857498,9.975989870740651,2
2857505,9.865006329738323,7
2857517,9.81925960038592,12
2857525,9.845961839101527,8
2857533,9.846092788118938,8
2857548,9.665106125247883,15
2857558,9.801558362971903,10
2857572,9.721822895230572,14
2857591,9.600745203140933,19
2857596,9.922566668334724,5
2857601,9.918847897879395,5
2857605,9.938727339713935,4
2857615,9.798624865870236,10
2857626,9.787351921174862,11
2857633,9.86181270024586,7
2857636,9.95608725918553,3
2857650,9.68279533067034,14
2857659,9.83591215628952,9
2857681,9.438785100181516,22
2857691,9.79453181732955,10
2857694,9.967403108151855,3
2857701,9.86443882221922,7
2857708,9.880407658407869,7
2857722,9.731091636324903,14
2857729,9.875601478145478,7
2857748,9.549666710971882,19
2857750,9.976796440924508,2
2857756,9.888148178811605,6
2857760,9.929294372085998,4
2857766,9.905925650631982,6
2857771,9.913897919888111,5
2857774,9.960914794790428,3
2857777,9.955635665961639,3
2857787,9.788220704520642,10
2857800,9.704538633233508,13
2857807,9.859455549725094,7
2857816,9.831488141359827,9
2857822,9.902271730371474,6
2857831,9.836814434020567,9
2857835,9.944127954243887,4
2857839,9.95200679995662,4
2857848,9.809588116506616,9
2857849,10.0,1
2857860,9.765414667877886,11
2857871,9.777315225466985,11
2857881,9.830375932836844,10
2857896,9.648320664076028,15
2857910,9.690601623994892,14
2857921,9.740735958034586,11
2857935,9.673357882815058,14
2857936,10.0,1
2857946,9.585149985200454,10
2857952,9.904142134600429,6
2857963,9.765873789955096,11
2857969,9.898942951738125,6
2857977,9.855684119512762,8
2857978,9.993069132917958,1
2857983,9.803310456594366,5
2857992,9.839174467899653,9
2858002,9.783369069273638,10
2858016,9.673789127198445,14
2858026,9.792056016559252,10
2858027,10.0,1
2858037,9.775087138651491,10
2858051,9.67651225797866,14
2858060,9.82844702535875,9
2858070,9.783436211193798,10
2858076,9.889608579094798,6
2858085,9.836452240097309,9
2858086,10.0,1
2858089,9.961510315623993,3
2858105,9.69607894721857,16
2858117,9.745525623848081,12
2858126,9.807817706268558,9
2858130,9.937483621288115,4
2858142,9.755853396640376,12
2858153,9.753327299879535,11
2858162,9.842179749553885,9
2858165,9.956029268005341,3
2858166,10.0,1
2858174,9.84154535290401,8
2858183,9.792855535310318,9
2858190,9.852779877592338,7
2858198,9.84160637213667,8
2858217,9.360762139770157,19
2858226,9.803018683963932,9
2858229,9.96218096174747,3
2858243,9.70208148624245,14
2858250,9.873061583667162,7
2858257,9.846304291379388,7
2858258,10.0,1
2858268,9.791068767955284,10
2858279,9.762922880813134,11
2858283,9.949273141063617,4
2858293,9.80076326542601,10
2858305,9.753324810072685,12
2858318,9.684994979330131,13
2858325,9.868485340838287,7
2858335,9.81806551902123,10
2858348,9.699946029971539,13
2858355,9.868367624036997,7
2858365,9.781182939374377,10
2858371,9.88302265611374,6
2858375,9.938337633711907,4
2858384,9.815823581509811,9
2858395,9.794120528453176,11
2858398,9.96730772096164,3
2858409,9.788036845237075,11
2858420,9.773740876340446,11
2858429,9.815133758047718,9
2858443,9.577664683201721,14
2858453,9.812641985316272,10
2858460,9.87746068786455,7
2858475,9.666519935268326,15
2858484,9.815780958421334,9
2858493,9.858373994157105,9
2858504,9.75580152533453,11
2858512,9.851467817348054,8
2858521,9.832347003408275,9
2858522,10.0,1
2858524,9.981235589670097,2
2858527,9.968064109682958,3
2858539,9.758831514250053,12
2858549,9.81221030291586,10
2858552,9.96016080154848,3
2858567,9.639370007947583,15
2858573,9.899083212539622,6
2858585,9.729882710371061,12
2858595,9.795955163650145,10
2858605,9.77917968897027,10
2858608,9.960768408699128,3
2858625,9.616619903341896,17
2858631,9.893709117980503,6
2858642,9.740924064553171,11
2858643,10.0,1
2858653,9.815158424929747,10
2858666,9.500988636134302,13
2858677,9.754873955219,11
2858678,10.0,1
2858685,9.888783164528581,7
2858690,9.919446104460139,5
2858698,9.83425842671747,8
2858708,9.821298255977597,10
2858709,10.0,1
2858726,9.626970429080686,17
2858731,9.924003417999522,5
2858746,9.681605437969532,15
2858756,9.820704879923866,10
2858764,9.8536396970142,8
2858778,9.680411604262481,14
2858793,9.68521177695346,15
2858801,9.8412343472611,8
2858817,9.629074132824138,16
2858824,9.85902148529421,7
2858825,10.0,1
2858839,9.663916394744904,14
2858851,9.749641650029577,12
2858855,9.957281380896319,4
2858859,9.95183418218756,4
2858877,9.584641236865968,18
2858889,9.548110452467528,12
2858894,9.917342903069406,5
2858905,9.795279520282318,11
2858906,10.0,1
2858919,9.73620835012863,13
2858934,9.647520271171887,15
2858948,9.687837191911456,14
2858953,9.912971831754847,5
2858967,9.679085099773609,14
2858980,9.76015336170996,13
2858981,10.0,1
2858995,9.713480358586132,14
2859008,9.741115556156197,13
2859009,10.0,1
2859023,9.68798446283761,14
2859040,9.639711180685497,17
2859055,9.235882020508061,15
2859061,9.88009828124166,6
2859071,9.795746943116168,10
2859082,9.773981070098051,11
2859094,9.60875604129422,12
2859107,9.693858867389181,13
2859113,9.904917358556853,6
2859127,9.677463025680064,14
2859138,9.779227261137757,11
2859139,10.0,1
2859152,9.708142500547776,13
2859157,9.908330627769576,5
2859166,9.820945776170827,9
2859177,9.746118380819276,11
2859179,9.974615151128607,2
2859192,9.727361548650782,13
2859193,10.0,1
2859194,10.0,1
2859205,9.76356724872069,11
2859208,9.970720303787445,3
2859220,9.716830741855453,12
2859226,9.922794692124887,6
2859236,9.773700938688947,10
2859248,9.730846501961432,12
2859253,9.906929117060924,5
2859264,9.679597259173674,11
2859265,10.0,1
2859276,9.78236583002921,11
2859283,9.868818719308832,7
2859288,9.931976093914995,5
2859294,9.88575765756524,6
2859303,9.822411360770134,9
2859312,9.725927981177819,9
2859321,9.797658447428406,9
2859322,10.0,1
2859325,9.953788220854875,3
2859333,9.830449849321672,8
2859336,9.971331417199314,3
2859346,9.689987618002418,10
2859354,9.853747972191977,8
2859367,9.699948096062927,13
2859374,9.857389058436357,7
2859392,9.564648832917628,18
2859401,9.798995625439487,9
2859415,9.71247540358101,14
2859427,9.72689056057372,12
2859430,9.951979830164513,3
2859435,9.923369315176672,5
2859442,9.875728186012308,7
2859451,9.830702859326468,9
2859458,9.854673752292802,7
2859472,9.711772923399751,14
2859475,9.954952651475478,3
2859488,9.746258222519934,13
2859495,9.87534344726257,7
2859504,9.800988783036669,9
2859514,9.78763426129553,10
2859518,9.952846174572974,4
2859531,9.712708216616937,13
2859532,10.0,1
2859533,10.0,1
2859546,9.719243135366517,13
2859557,9.783700230810393,11
2859558,10.0,1
2859571,9.726258607040318,13
2859573,9.983295860319746,2
2859584,9.787639684880649,11
2859597,9.705414457954785,13
2859611,9.692833057192408,14
2859624,9.70655151609741,13
2859632,9.865573891981537,8
2859636,9.934537733799585,4
2859642,9.893811384770725,6
2859645,9.94995214222976,3
2859649,9.931015524005584,4
2859657,9.858952912170171,8
2859667,9.813529092624744,10
2859668,10.0,1
2859673,9.899273287493326,5
2859683,9.804095665911047,10
2859701,9.599123115588643,18
2859724,9.502020664339405,23
2859725,10.0,1
2859733,9.833345979280562,8
2859744,9.749481045115893,11
2859751,9.882791372064261,7
2859759,9.725377055346495,8
2859770,9.763756396045281,11
2859777,9.893647762234163,7
2859791,9.695817886861231,14
2859807,9.633246268882294,16
2859810,9.96132870461942,3
2859817,9.869563561457301,7
2859825,9.823474758503574,8
2859833,9.84948743428815,8
2859834,10.0,1
2859842,9.853977518409202,8
2859850,9.832044219954373,8
2859866,9.655409194200006,16
2859880,9.726796456890462,14
2859889,9.80353889664131,9
2859894,9.914589644552233,5
2859903,9.832000778205591,9
2859910,9.66994330696611,7
2859917,9.895875629605532,7
2859922,9.90717980760366,5
2859925,9.970456063006532,3
2859929,9.9324191488282,4
2859937,9.855846305265617,8
2859942,9.924699895555184,5
2859943,10.0,1
2859949,9.883143312275992,6
2859963,9.695119480136439,14
2859972,9.822977399889428,9
2859975,9.95529006375177,3
2859986,9.784591349415376,11
2859995,9.828440073205018,9
2860004,9.79353587436189,9
2860009,9.903382285353285,5
2860021,9.75679297417467,12
2860031,9.784733825107285,10
2860032,10.0,1
2860033,10.0,1
2860042,9.602439104528267,9
2860068,9.241234498590124,26
2860077,9.806996556000648,9
2860084,9.87384705078877,7
2860097,9.706846824060104,13
2860102,9.929719088215073,5
2860115,9.76346183590049,13
2860116,10.0,1
2860135,9.558131174170411,19
2860145,9.807738820552737,10
2860152,9.866452453291354,7
2860159,9.770467749090129,7
2860163,9.927117746722667,4
2860164,10.0,1
2860170,9.897649263327423,6
2860182,9.719833723754638,12
2860195,9.678504672512235,13
2860198,9.959937639485045,3
2860206,9.849893362236093,8
2860207,9.987760304799627,1
2860215,9.84947546503794,8
2860220,9.915144430458648,5
2860226,9.894117166605238,6
2860236,9.793047156725935,10
2860246,9.777015687014924,10
2860261,9.761864291910218,15
2860262,10.0,1
2860268,9.887431336826932,6
2860271,9.949994469969216,3
2860284,9.717855417689497,13
2860292,9.83105609408502,8
2860299,9.858723951546757,7
2860300,10.0,1
2860313,9.697711185668876,13
2860322,9.83277496966864,9
2860330,9.853472249394612,8
2860334,9.928551583080448,4
2860344,9.782566224374293,10
2860348,9.938905853856165,4
2860349,10.0,1
2860361,9.731522147735369,12
2860367,9.906351086889389,6
2860380,9.734523154712889,13
2860393,9.699017943685739,13
2860406,9.760392686323726,13
2860413,9.863220991369298,7
2860420,9.866855550584095,7
2860421,10.0,1
2860425,9.948002169239778,4
2860438,9.727508603935085,13
2860450,9.763100391793456,12
2860460,9.83284894444669,10
2860467,9.871481478880654,7
2860478,9.769273672795036,11
2860482,9.946738318339806,4
2860487,9.920797325503269,5
2860494,9.85763617263208,7
2860495,10.0,1
2860509,9.708972454864746,14
2860519,9.774632315338469,10
2860526,9.860591801596817,7
2860530,9.941140323931966,4
2860540,9.798598128346239,10
2860545,9.922719203131816,5
2860567,5.646456814324502,22
2860568,10.0,1
2860579,9.770082181448368,11
2860586,9.670923932994636,7
2860600,9.68461392508737,14
2860607,9.858418178973261,7
2860620,9.74324035122116,13
2860634,9.691906566639949,14
2860643,9.84387016365409,9
2860652,9.811045757221645,9
2860662,9.557528346294323,10
2860668,9.898331160337522,6
2860673,9.913688710249918,5
2860684,9.744665473852717,11
2860695,9.77876992301852,11
2860705,9.81054802849892,10
2860713,9.841466913740007,8
2860714,10.0,1
2860718,9.938018984071485,4
2860719,10.0,1
2860730,9.760653633972751,11
2860744,9.678061147211073,14
2860749,9.905399937696016,5
2860757,9.843256734346362,8
2860766,9.832323315314774,9
2860774,9.83652072342909,8
2860775,10.0,1
2860782,9.87944314775577,7
2860787,9.914062521021108,5
2860796,9.836552023799547,9
2860807,9.788470895473564,11
2860811,9.933414538275608,4
2860812,9.988300451139644,1
2860818,9.88424698839656,6
2860823,9.920357746249408,5
2860835,9.750287456804418,12
2860843,9.843905613909481,8
2860851,9.852394909275402,8
2860852,9.986295419921678,1
2860862,9.764288476759504,10
2860870,9.835158480049845,8
2860871,9.99626947063621,1
2860872,10.0,1
2860882,9.79708409072054,10
2860895,9.735248572122712,13
2860905,9.766845522716968,10
2860918,9.717302034920861,13
2860930,9.725620739624468,12
2860948,9.615277510277718,18
2860960,9.745665652220632,12
2860968,9.840745212695847,8
2860971,9.967570998373576,3
2860972,9.996066543766695,1
2860977,9.916283866702624,5
2860987,9.755560569420648,10
2860993,9.898343928449183,6
2860997,9.92995211088475,4
2861009,9.758230340310579,12
2861026,9.66659031890564,17
2861033,9.860663150614375,7
2861055,9.47311698241262,22
2861066,9.763840610980305,11
2861067,10.0,1
2861078,9.742432483905365,11
2861088,9.831497342480395,10
2861089,10.0,1
2861102,9.696553698928902,13
2861109,9.8558373801739,7
2861111,9.986352805689139,2
2861127,9.598454232807104,16
2861138,9.762279573191611,11
2861140,9.966702295427545,2
2861141,9.996025574456059,1
2861150,9.810000750172092,9
2861160,9.796811813861467,10
2861164,9.943549269019531,4
2861175,9.793352900798299,11
2861179,9.947674996340755,4
2861191,9.762997418023158,12
2861192,10.0,1
2861201,9.829548066959294,9
2861206,9.921600167585414,5
2861220,9.687402218700264,14
2861228,9.877418798013965,8
2861233,9.91326933713446,5
2861252,9.559517224410627,19
2861262,9.815361831115883,10
2861276,9.687210572170546,14
2861285,9.833414190351423,9
2861295,9.803011522953735,10
2861298,9.951654092763691,3
2861309,9.7688132537316,11
2861331,9.414203495430923,22
2861332,9.996377697979131,1
2861340,9.825881030146599,8
2861349,9.828962170848301,9
2861363,9.695054281814876,14
2861371,9.845860968267193,8
2861384,9.699059614778204,13
2861397,9.751482447934668,13
2861406,9.836321250808004,9
2861413,9.882167572186722,7
2861423,9.7806312066648,10
2861436,9.703149918063364,13
2861444,9.85189739429001,8
2861455,9.755196640208267,11
2861461,9.880475471755885,6
2861472,9.7698239388721,11
2861481,9.843467349196601,9
2861490,9.837767073932838,9
2861501,9.783327553378232,11
2861504,9.963756079481616,3
2861505,10.0,1
2861515,9.792312863683952,10
2861522,9.87208070256964,7
2861528,9.894985557228907,6
2861543,9.644110616471995,15
2861554,9.770224670819687,11
2861564,9.753136169690878,10
2861573,9.816132516345176,9
2861582,9.806116003187576,9
2861591,9.82545396170992,9
2861602,9.795294518268259,11
2861612,9.805697727991413,10
2861624,9.74050321980579,12
2861626,9.977679106878444,2
2861627,10.0,1
2861636,9.808706540906723,9
2861648,9.719867294744175,12
2861652,9.938217375880996,4
2861670,9.641897077691866,18
2861684,9.682700101747859,14
2861699,9.674575113421147,15
2861702,9.962339513529878,3
2861711,9.623277771410244,9
2861725,9.668676745104928,14
2861731,9.900499178459123,6
2861738,9.87777797724149,7
2861739,10.0,1
2861743,9.924451796477078,4
2861745,9.98528938024278,2
2861753,9.836005268895034,8
2861765,9.714482263084525,12
2861780,9.674489245735147,15
2861788,9.846973018769566,8
2861798,9.7729511385889,10
2861802,9.946205242300175,4
2861807,9.918546935243462,5
2861815,9.847338006874812,8
2861826,9.768466375452618,11
2861836,9.795118852170038,10
2861845,9.827950083021175,9
2861858,9.708971064695998,13
2861868,9.789344816328907,10
2861880,9.731145900851738,12
2861886,9.88767801050639,6
2861901,9.672363054341625,15
2861914,9.72839389967557,13
2861915,10.0,1
2861923,9.73984089375509,8
2861934,9.770441892684495,11
2861939,9.90311302658162,5
2861952,9.71482830434612,13
2861963,9.806417452217183,11
2861978,9.692146017357823,15
2861987,9.797720029687078,9
2861998,9.732916166610691,11
2862004,9.883496927684247,6
2862015,9.765056335093531,11
2862016,9.988909537708745,1
2862031,9.636932477731117,15
2862039,9.838329811278317,8
2862046,9.888020634612277,7
2862057,9.773178582133118,11
2862067,9.83547525695874,10
2862068,10.0,1
2862078,9.770673386648223,10
2862082,9.931607943628858,4
2862097,9.652057451859712,15
2862115,9.58959252141475,18
2862116,10.0,1
2862126,9.802017829926449,10
2862136,9.810419268971069,10
2862146,9.808073852350157,10
2862152,9.926133313648332,6
2862165,9.73212505493708,13
2862173,9.828854712827756,8
2862185,9.723400248735219,12
2862187,9.985783396822848,2
2862192,9.923274159476495,5
2862205,9.72164662617106,13
2862218,9.696737254068635,13
2862226,9.861392525918786,8
2862239,9.699130123027915,13
2862253,9.683973361157793,14
2862254,10.0,1
2862261,9.881674846013222,7
2862280,9.460199189688696,19
2862287,9.854626441783003,7
2862301,9.661510609916144,14
2862307,9.885401772926526,6
2862313,9.902518884365037,6
2862321,9.84699536495647,8
2862328,9.864912453832032,7
2862331,9.950115090266099,3
2862336,9.935848844706467,5
2862344,9.871439565106732,8
2862355,9.74684126713844,11
2862366,9.75187714711133,11
2862376,9.822330688068686,10
2862381,9.916963812786546,5
2862385,9.941865405563227,4
2862396,9.775117307943042,11
2862402,9.899159715365071,6
2862411,9.828813003863038,9
2862412,9.9894731329368,1
2862420,9.840267253960443,8
2862427,9.860634955874325,7
2862434,9.882717642955576,7
2862444,9.786295592813927,10
2862449,9.925990403041443,5
2862460,9.779685515400445,11
2862467,9.880499009190453,7
2862470,9.957432359203473,3
2862480,9.77718149611761,10
2862487,9.862958546271699,7
2862500,9.712880336204348,13
2862509,9.820105590249572,9
2862519,9.792696330851113,10
2862527,9.835360661825067,8
2862531,9.944932384662609,4
2862540,9.824273971098531,9
2862547,9.877448249922438,7
2862563,9.685738383739487,16
2862571,9.852536592063597,8
2862577,9.902576098591767,6
2862586,9.834836989326268,9
2862596,9.79096278212435,10
2862609,9.683979360713339,13
2862615,9.899703973518985,6
2862634,9.575512173783391,19
2862651,9.71671310586106,17
2862667,9.661295587082176,16
2862676,9.81488336847047,9
2862684,9.866261995550623,8
2862700,9.64412592033861,16
2862711,9.787055837874338,11
2862723,9.738571649256489,12
2862734,9.503294209482794,11
2862737,9.954583671074571,3
2862740,9.859909760078612,3
2862762,9.588088972305286,22
2862772,9.822718123316761,10
2862785,9.759174669362363,13
2862793,9.848454308203804,8
2862799,9.889560776411994,6
2862806,9.865218273816279,7
2862823,9.566144479515412,17
2862829,9.900937001105216,6
2862842,9.762312107347446,13
2862848,9.919356628940292,6
2862849,10.0,1
2862864,9.678412181104644,15
2862873,9.54688796815089,9
2862882,9.49632416728029,9
2862895,9.748689945152314,13
2862900,9.900210616630398,5
2862903,9.956736874676343,3
2862913,9.764877459798887,10
2862918,9.913829226570487,5
2862927,9.823863946407478,9
2862938,9.729859384701426,11
2862943,9.927675393590288,5
2862949,9.889214542312557,6
2862952,9.956755794905886,3
2862955,9.965763294398105,3
2862956,10.0,1
2862962,9.8679260591662,6
2862969,9.865550487296478,7
2862976,9.864058016910375,7
2862983,9.88668508747994,7
2862989,9.92315711322582,6
2862995,9.876727331807649,6
2863005,9.77383950058367,10
2863012,9.854212175379002,7
2863029,9.589795812655591,17
2863041,9.724220967846497,12
2863042,10.0,1
2863048,9.891903307535646,6
2863059,9.791111102565326,11
2863072,9.703268988893619,13
2863079,9.87273356717357,7
2863088,9.699778736579624,9
2863096,9.842224939422126,8
2863104,9.851254053267741,8
2863111,9.878968471313163,7
2863119,9.831311976976016,8
2863129,9.842231058399696,10
2863140,9.738558978684539,11
2863149,9.812773505226623,9
2863154,9.909995383365727,5
2863158,9.94340065393028,4
2863160,9.985636438510388,2
2863161,10.0,1
2863162,10.0,1
2863166,9.937283045758095,4
2863170,9.94478455433877,4
2863175,9.920601853342179,5
2863185,9.790413145714755,10
2863197,9.737268672484912,12
2863211,9.668451325569416,14
2863218,9.8536828185211,7
2863221,9.960473373976647,3
2863230,9.815701027800765,9
2863239,9.827961935499339,9
2863255,9.618332587101433,16
2863267,9.75963860235804,12
2863272,9.934236449995952,5
2863283,9.774579017568344,11
2863284,10.0,1
2863299,9.540605605878822,15
2863318,9.551309092154987,19
2863319,9.9879868346811,1
2863327,9.84893093665685,8
2863340,9.717720856772727,13
2863354,9.717138886128428,14
2863362,9.87361788793804,8
2863364,9.985999267468497,2
2863374,9.818294880962451,10
2863375,10.0,1
2863383,9.852245081841554,8
2863386,9.955595917247834,3
2863394,9.866800010743043,8
2863405,9.809250070284975,11
2863407,9.98518321742997,2
2863410,9.96140666439921,3
2863420,9.782508296171585,10
2863427,9.879625660822075,7
2863428,9.990118697556785,1
2863442,9.6823939679869,14
2863446,9.933203226006157,4
2863451,9.925511898750676,5
2863455,9.940207002775848,4
2863459,9.937730973577974,4
2863469,9.796735115881352,10
2863476,9.895241640949104,7
2863485,9.798877379148415,9
2863496,9.764552673041107,11
2863506,9.812504399031964,10
2863522,9.594489057454865,16
2863538,9.455345764620697,16
2863547,9.798878114129993,9
2863551,9.93583854584727,4
2863556,9.91236234558404,5
2863561,9.904023450079933,5
2863570,9.51156901012481,9
2863574,9.927570478145118,4
2863575,10.0,1
2863579,9.945900217087484,4
2863593,9.685031690026657,14
2863603,9.804466159472634,10
2863614,9.768930157508043,11
2863621,9.897753202960908,7
2863622,9.995913359214523,1
2863625,9.95432686911054,3
2863626,9.996578341268357,1
2863633,9.882074485493359,7
2863635,9.983847521559216,2
2863640,9.921229827333908,5
2863652,9.762193286703782,12
2863655,9.969416504575621,3
2863656,10.0,1
2863658,9.981792528769969,2
2863669,9.75602925380311,11
2863680,9.777346378966037,11
2863681,10.0,1
2863687,9.890866467810257,6
2863699,9.764365154068644,12
2863702,9.96113189062135,3
2863703,10.0,1
2863711,9.848182600496095,8
2863725,9.704862088828596,14
2863739,9.644728662374865,14
2863750,9.763849349249604,11
2863757,9.886303259092921,7
2863758,10.0,1
2863759,10.0,1
2863764,9.924606496491199,5
2863769,9.915189241911722,5
2863781,9.73268045307248,12
2863795,9.258616901060925,14
2863796,10.0,1
2863797,10.0,1
2863803,9.705813021739676,6
2863816,9.744181666149327,13
2863827,9.770817903180863,11
2863833,9.893507260668004,6
2863837,9.936240596073436,4
2863851,9.69799624659918,14
2863854,9.967836604990817,3
2863855,10.0,1
2863857,9.970771749487016,2
2863858,10.0,1
2863865,9.854936559767143,7
2863875,9.827070107829405,10
2863880,9.908601811587918,5
2863883,9.954677036193438,3
2863897,9.684760844490107,14
2863908,9.766382333957823,11
2863915,9.873642165181327,7
2863929,9.679173642183795,14
2863936,9.880178148273467,7
2863947,9.768016214509107,11
2863958,9.775099797821326,11
2863960,9.975691881794715,2
2863974,9.699299948348946,14
2863986,9.634706603894688,12
2863995,9.817554952200126,9
2864012,9.602896823604445,17
2864021,9.821167610136936,9
2864028,9.883753844526442,7
2864037,9.828068757421468,9
2864038,10.0,1
2864049,9.80786141259619,11
2864065,9.630100760951862,16
2864073,9.842523988900957,8
2864080,9.873365269182111,7
2864094,9.683789546299685,14
2864101,9.888966580203778,7
2864112,9.746983317669471,11
2864125,9.75289822725765,13
2864131,9.894151057801174,6
2864138,9.882249127971999,7
2864148,9.803611869668137,10
2864149,10.0,1
2864160,9.743658551551754,11
2864165,9.91982490302265,5
2864169,9.948615229642753,4
2864177,9.84197067499099,8
2864184,9.871663153322633,7
2864192,9.839090428288165,8
2864197,9.925683112850159,5
2864204,9.886412051714844,7
2864213,9.843850413384027,9
2864218,9.927343364340288,5
2864219,10.0,1
2864225,9.878983959840658,6
2864226,9.9869262209744,1
2864239,9.720263422877494,13
2864243,9.921728002581979,4
2864244,10.0,1
2864254,9.818455879607225,10
2864267,9.629766617446696,13
2864284,9.648158061277995,17
2864291,9.870333429364125,7
2864299,9.844204118592213,8
2864304,9.911234014951939,5
2864313,9.799539174949437,9
2864593,-100.48680474498828,280
2864594,10.0,1
2864596,9.978474785786704,2
2864597,10.0,1
2864606,9.80980918503644,9
2864616,9.785768549818473,10
2864623,9.880563722783036,7
2864628,9.918967516065862,5
2864638,9.78267243571452,10
2864645,9.891774476543462,7
2864651,9.889686807885953,6
2864661,9.797833851556671,10
2864666,9.931656509068945,5
2864680,9.680284842055949,14
2864691,9.762009575316902,11
2864698,9.869816438195445,7
2864708,9.793452242151611,10
2864719,9.757917550356401,11
2864728,9.720861042283522,9
2864734,9.901670988135043,6
2864754,9.49650313006691,20
2864755,10.0,1
2864767,9.731711303702697,12
2864774,9.869699201704378,7
2864779,9.907264008757501,5
2864780,10.0,1
2864789,9.797141387675097,9
2864803,9.712539237417968,14
2864812,9.822338428564455,9
2864825,9.725925927095863,13
2864845,9.611250388309848,20
2864853,9.836721456203248,8
2864857,9.93882373569012,4
2864864,9.85370280136276,7
2864876,9.743019412573046,12
2864884,9.844573559614515,8
2864895,9.77142559555904,11
2864903,9.857130360875624,8
2864910,9.855201655625422,7
2864918,9.852077790648899,8
2864923,9.922659452850622,5
2864932,9.818813148666358,9
2864935,9.962498948876068,3
2864944,9.834391925421055,9
2864952,9.841005889494726,8
2864965,9.754091494560015,13
2864973,9.829304082280887,8
2864982,9.832764805359817,9
2864999,9.662119540979312,17
2865002,9.947848296827466,3
2865016,9.707891741075459,14
2865022,9.88550308905038,6
2865031,9.813029144417724,9
2865033,9.98062243502707,2
2865045,9.765419873179255,12
2865047,9.972889375820248,2
2865052,9.926802338904213,5
2865062,9.795081937293226,10
2865076,9.704612932435143,14
2865079,9.96049310447447,3
2865088,9.831803771266358,9
2865094,9.886131989573652,6
2865103,9.601886512792763,9
2865104,9.996091489796838,1
2865113,9.801792358638838,9
2865118,9.929276771910745,5
2865128,9.301299835642697,10
2865139,9.78860370587456,11
2865145,9.896090680180947,6
2865147,9.968822539796891,2
2865168,9.606933071180856,21
2865181,9.7067454384434,13
2865185,9.938516375838185,4
2865196,9.758255306368966,11
2865197,9.996688292509889,1
2865199,9.975106965978359,2
2865203,9.939954152855424,4
2865213,9.829943339067118,10
2865225,9.768952682072175,12
2865232,9.849485818542997,7
2865234,9.975969743076249,2
2865235,10.0,1
2865243,9.821210061688612,8
2865250,9.842408045180296,7
2865261,9.798971034116612,11
2865269,9.83415161826263,8
2865278,9.827266897883964,9
2865283,9.915278847187507,5
2865290,9.859558436833984,7
2865293,9.951395996116625,3
2865299,9.886270553435194,6
2865322,7.78255497760316,23
2865331,9.839627129453186,9
2865338,9.8547930108764,7
2865339,9.991741236989974,1
2865354,9.65933812650416,15
2865355,10.0,1
2865363,9.755597381421882,8
2865372,9.803723468330471,9
2865379,9.886206356972497,7
2865380,10.0,1
2865388,9.8683229090068,8
2865391,9.958619279330186,3
2865404,9.70305908081489,13
2865409,9.921946814325871,5
2865415,9.891702624263766,6
2865422,9.863479291741383,7
2865428,9.890640161533662,6
2865430,9.968061711570124,2
2865431,10.0,1
2865442,9.793506117853653,11
2865459,9.644324781289896,17
2865466,9.872991510243034,7
2865474,9.827978541988355,8
2865486,9.719299495555518,12
2865490,9.940770557027669,4
2865498,9.840646599980229,8
2865512,9.691802138747128,14
2865514,9.98464202922975,2
2865527,9.685371214556778,13
2865540,9.734844315371099,13
2865545,9.918449863084545,5
2865551,9.876818071652776,6
2865552,9.996499315947062,1
2865566,9.701555944890265,14
2865576,9.806611687905109,10
2865577,10.0,1
2865588,9.77913681784772,11
2865602,9.70154040688656,14
2865618,9.681481515573171,16
2865622,9.946351281911861,4
2865636,9.672992603532137,14
2865637,9.996646272298658,1
2865643,9.89894300973105,6
2865649,9.906844721061207,6
2865650,10.0,1
2865655,9.91798101364013,5
2865665,9.773671792180012,10
2865676,9.762215711396708,11
2865685,9.840003110371239,9
2865696,9.776299740695992,11
2865715,9.514096243947117,19
2865727,9.739047374108843,12
2865734,9.878757040261895,7
2865740,9.901810780342773,6
2865748,9.86955863974171,8
2865752,9.951500902807192,4
2865759,9.864978289298541,7
2865767,9.84782545920888,8
2865777,9.781648249220504,10
2865787,9.79884023619874,10
2865795,9.841065867808712,8
2865800,9.937530187714897,5
2865822,9.44384568231339,22
2865838,9.704824158505215,16
2865853,9.663380132762638,15
2865859,9.88954409669128,6
2865867,9.839786932028803,8
2865883,9.627397490891802,16
2865894,9.776170246760916,11
2865895,10.0,1
2865901,9.888340475416143,6
2865908,9.878155464336238,7
2865911,9.96425582454674,3
2865927,9.613194467019255,16
2865942,9.64275491108593,15
2865958,9.608457492150158,16
2865959,10.0,1
2865965,9.879213046316073,6
2865977,9.650121868399252,12
2865980,9.961775549189856,3
2865994,9.670965406091051,14
2866007,9.747053419276634,13
2866012,9.928503820893305,5
2866024,9.696924942087975,12
2866026,9.969808342551616,2
2866034,9.83492838828691,8
2866041,9.861045816007403,7
2866051,9.815150076063889,10
2866062,9.769822733873438,11
2866073,9.814925338025143,11
2866082,9.842499216292875,9
2866091,9.819086599835533,9
2866102,9.776032829549745,11
2866109,9.880562596949966,7
2866119,9.800067444642421,10
2866128,9.791501564942589,9
2866138,9.831757306321222,10
2866140,9.975821092738128,2
2866142,9.971166238968017,2
2866151,9.83406610031651,9
2866163,9.724550117449462,12
2866170,9.88628408335519,7
2866179,9.818641358302722,9
2866191,9.77536226361361,12
2866200,9.810159123242443,9
2866207,9.883634272653158,7
2866215,9.864027550413548,8
2866226,9.782690088634968,11
2866235,9.823098673123294,9
2866236,10.0,1
2866252,9.653229964473054,16
2866261,9.841763366248072,9
2866272,9.77041579990405,11
2866280,9.840731041548885,8
2866292,9.74085912989082,12
2866300,9.840977226443615,8
2866307,9.887442635245012,7
2866323,9.66048737832286,16
2866333,9.78725737695373,10
2866336,9.96205355913557,3
2866352,9.60616576654223,16
2866359,9.877998295427128,7
2866364,9.913678769899233,5
2866370,9.875983997920658,6
2866386,9.649136736348625,16
2866403,9.610186085231112,17
2866413,9.7561182366985,10
2866418,9.927702014584458,5
2866419,10.0,1
2866420,9.996345979290913,1
2866421,10.0,1
2866424,9.952444481269426,3
2866425,10.0,1
2866426,10.0,1
2866443,9.633078488309797,17
2866444,10.0,1
2866451,9.85591557389741,7
2866459,9.853548668277819,8
2866464,9.89560051735684,5
2866473,9.833693563093519,9
2866490,9.612534718930057,17
2866501,9.779078304482278,11
2866509,9.846854327630302,8
2866518,9.61557787266185,9
2866541,9.44772669369144,23
2866550,9.819979219184649,9
2866558,9.872425991259266,8
2866566,9.887610155320477,8
2866575,9.794067396353745,9
2866581,9.889601074215868,6
2866582,10.0,1
2866587,9.908876382770925,5
2866588,10.0,1
2866594,9.89080871758309,6
2866600,9.896592333930158,6
2866602,9.982111713244374,2
2866617,9.66915596798119,15
2866622,9.916671708047701,5
2866634,9.760624348810609,12
2866635,10.0,1
2866649,9.473110747381998,14
2866658,9.810617708486438,9
2866661,9.968898924611384,3
2866669,9.852900487957413,8
2866680,9.773618228903972,11
2866684,9.94689192097355,4
2866694,9.820795289297678,10
2866695,9.987504538715775,1
2866709,9.662373587896306,14
2866713,9.949406579558694,4
2866718,9.742050055449496,5
2866721,9.95942389341545,3
2866727,9.900035487329497,6
2866739,9.787686832962603,12
2866746,9.857457618780245,7
2866754,9.856984366358427,8
2866761,9.875823016784164,7
2866769,9.819387182982236,8
2866782,9.700617681663987,13
2866801,9.665267066931003,19
2866806,9.923734736610593,5
2866817,9.798461690072209,11
2866822,9.928264239172176,5
2866824,9.975586404303158,2
2866825,9.993106760476074,1
2866839,9.702379225851335,14
2866847,9.880048551237435,8
2866856,9.831600047617826,9
2866862,9.891141628009393,6
2866870,9.856424791134884,8
2866876,9.880440175216599,6
2866887,9.771587555972568,11
2866899,9.625881968181764,12
2866910,9.751526112362184,11
2866919,9.809351934991293,9
2866925,9.819086675909421,6
2866939,9.663234679727436,14
2866945,9.88057267072031,6
2866953,9.85480983139795,8
2866964,9.773692592300947,11
2866972,9.878748607758123,8
2866979,9.867291349855522,7
2866986,9.880872067850195,7
2866991,9.909084336884527,5
2867000,9.826034948305754,9
2867012,9.72924230947561,12
2867014,9.981191850978481,2
2867018,9.945698688509864,4
2867030,9.747400904455944,12
2867044,9.69747934415476,14
2867062,9.672741455239825,18
2867069,9.88163708442732,7
2867077,9.839734137858146,8
2867090,9.51664476510137,13
2867097,9.877088834867159,7
2867110,9.74137857744221,13
2867121,9.77178351571679,11
2867132,9.802243901003553,11
2867141,9.814629980178415,9
2867152,9.79690335958123,11
2867158,9.886553891911747,6
2867166,9.643918007258295,8
2867180,9.6111884217218,14
2867187,9.853297644799795,7
2867188,10.0,1
2867194,9.895359247226876,6
2867195,10.0,1
2867199,9.93700901103941,4
2867207,9.876953401731447,8
2867213,9.901641161660207,6
2867227,9.710960893537017,14
2867228,10.0,1
2867237,9.839008892164575,9
2867238,10.0,1
2867244,9.882165478227272,6
2867254,9.770154344871209,10
2867258,9.951354965218265,4
2867280,9.524355920089064,22
2867295,9.688865697360866,15
2867309,9.68225812626238,14
2867310,10.0,1
2867320,9.77441882883188,10
2867331,9.739598398494705,11
2867349,9.600703875693615,18
2867361,9.71752849800684,12
2867370,9.830136545752653,9
2867384,9.727244570912028,14
2867400,9.529085250915498,16
2867412,9.768710374280097,12
2867424,9.722636865646365,12
2867433,9.835389724249989,9
2867444,9.516440855676468,11
2867454,9.808463888665699,10
2867464,9.78157913325164,10
2867474,9.796971717341805,10
2867485,9.756619951820733,11
2867490,9.918108807401165,5
2867501,9.772715509936162,11
2867502,10.0,1
2867511,9.813737131416,9
2867527,9.620353988525144,16
2867535,9.856558142606989,8
2867545,9.8008474281066,10
2867558,9.701440256636293,13
2867565,9.865537138304015,7
2867566,10.0,1
2867572,9.908818333873537,6
2867587,9.662059230992092,15
2867588,9.987432998820326,1
2867595,9.86784463303684,7
2867600,9.923297536267231,5
2867605,9.916054157237074,5
2867609,9.941632728427148,4
2867612,9.968402142449168,3
2867620,9.86109996239272,8
2867623,9.960246026079119,3
2867631,9.845737671481297,8
2867636,9.911781257688197,5
2867645,9.814607847332978,9
2867646,10.0,1
2867653,9.859077593547854,7
2867664,9.759324321149874,11
2867671,9.880494248963961,7
2867677,9.903065450412878,6
2867689,9.757468174723341,12
2867690,10.0,1
2867694,9.951983501244563,4
2867695,10.0,1
2867696,10.0,1
2867704,9.861117720346067,8
2867709,9.915521153806178,5
2867716,9.884561538554545,7
2867719,9.960366770191708,3
2867733,9.722545421560545,14
2867745,9.544730660892752,12
2867760,9.66759894114464,15
2867779,9.442670026396106,19
2867795,9.523420884229099,16
2867804,9.839608901329958,9
2867813,9.807786188902957,9
2867815,9.975191797642497,2
2867827,9.774214927355978,12
2867828,10.0,1
2867838,9.829515510122501,10
2867844,9.900167894381317,6
2867854,9.784115744730991,10
2867860,9.878259479549406,6
2867871,9.765108442714816,11
2867883,9.742503325274354,12
2867892,9.79954665936787,9
2867894,9.97051881165143,2
2867910,9.6858527807791,16
2867911,10.0,1
2867928,9.655481749091114,17
2867937,9.808921640431311,9
2867945,9.833184146441395,8
2867956,9.745160993148554,11
2867962,9.886297303858067,6
2867970,9.848359661438705,8
2867971,10.0,1
2867982,9.652374800319256,11
2867995,9.711204060234053,13
2868000,9.906919893380605,5
2868010,9.779766023280194,10
2868011,10.0,1
2868019,9.846424316807482,8
2868029,9.782085563484111,10
2868030,10.0,1
2868034,9.925163596540362,4
2868038,9.940992911919503,4
2868058,9.55289382676632,20
2868061,9.955306532888201,3
2868067,9.884436265062302,6
2868076,9.824827207233998,9
2868089,9.705690548232244,13
2868105,9.62012061525365,16
2868106,9.996506928841065,1
2868109,9.954735328655614,3
2868118,9.83672437366542,9
2868125,9.876106415083049,7
2868136,9.764172171374426,11
2868138,9.975068183639005,2
2868148,9.60865551294517,10
2868159,9.764858431188559,11
2868167,9.840928025921059,8
2868175,9.82742624672623,8
2868180,9.911285490835443,5
2868186,9.895094457411462,6
2868194,9.833184005931622,8
2868204,9.802659302117226,10
2868206,9.974024400453489,2
2868208,9.979891380331992,2
2868209,9.992588821584409,1
2868215,9.904261775893787,6
2868219,9.923773721421362,4
2868221,9.974832033724274,2
2868222,10.0,1
2868227,9.904513181949367,5
2868228,10.0,1
2868229,9.992946585891287,1
2868232,9.966637920279146,3
2868233,10.0,1
2868240,9.867891130056023,7
2868241,10.0,1
2868249,9.836102363461388,8
2868255,9.88117614721497,6
2868265,9.8043822685086,10
2868272,9.854214466196039,7
2868279,9.886631238355253,7
2868298,9.43968697538218,19
2868300,9.981531500360333,2
2868307,9.870554123854498,7
2868314,9.669036459400303,7
2868323,9.831486100193576,9
2868330,9.871097953587986,7
2868339,9.824914292023406,9
2868348,9.814187472503022,9
2868358,9.784157540607364,10
2868359,10.0,1
2868371,9.730300918103499,12
2868374,9.95839305333207,3
2868391,9.644396566692695,17
2868400,9.815182391510817,9
2868411,9.768443080497931,11
2868422,9.726665721169601,11
2868433,9.770473454491452,11
2868449,9.631555515363548,16
2868454,9.92595250656688,5
2868470,9.617783020602012,16
2868478,9.837265808711244,8
2868487,9.815377963783371,9
2868491,9.940575320860434,4
2868505,9.714645756108604,14
2868513,9.830559028435884,8
2868521,9.849536450159869,8
2868529,9.847519198448751,8
2868530,10.0,1
2868531,9.992017165363142,1
2868532,10.0,1
2869032,-16.069484410436388,500
2869046,9.688682208454145,14
2869047,10.0,1
2869052,9.912409532960163,5
2869060,9.870561577090301,8
2869062,9.97797681206037,2
2869069,9.875779630435803,7
2869081,9.724222682053824,12
2869093,9.736432955670413,12
2869102,9.831854263934776,9
2869109,9.879400251978177,7
2869115,9.889138727460328,6
2869123,9.856218433429966,8
2869136,9.703449205659265,13
2869149,9.72701594346665,13
2869157,9.848370867629502,8
2869163,9.91241413308259,6
2869164,10.0,1
2869165,10.0,1
2869181,9.637263752598999,16
2869191,9.826015774732621,10
2869202,9.764774853524154,11
2869203,10.0,1
2869217,9.69959001523542,14
2869223,9.898291041314382,6
2869235,9.750121303438148,12
2869243,9.853456075626434,8
2869255,9.793273838484616,12
2869265,9.825405915482783,10
2869266,10.0,1
2869272,9.88740093863902,6
2869283,9.796412428838764,11
2869289,9.913229460846008,6
2869294,9.910750203385032,5
2869295,10.0,1
2869304,9.839356326568538,9
2869311,9.864103122956294,7
2869324,9.495594079862974,13
2869325,10.0,1
2869330,9.899884436463301,5
2869337,9.856734419573705,7
2869351,9.695735738072871,14
2869359,9.847084722166587,8
2869362,9.956880235354731,3
2869370,9.852068740747567,8
2869383,9.735237376703704,13
2869394,9.763024663458122,11
2869402,9.839111439902373,8
2869403,10.0,1
2869412,9.832229646112674,9
2869422,9.777554197127007,10
2869423,10.0,1
2869434,9.762012846412269,11
2869436,9.983092861864982,2
2869448,9.715863255721741,12
2869455,9.860494969265671,7
2869467,9.767749503291212,12
2869480,9.71523616792259,13
2869490,9.805653708333873,10
2869493,9.956022830157274,3
2869504,9.749470165771609,11
2869511,9.86178342721292,7
2869525,9.749678889841347,14
2869531,9.888955230713705,6
2869535,9.929312802316462,4
2869545,9.771680030558784,10
2869547,9.985025227456719,2
2869552,9.93507777206939,5
2869560,9.860401047442975,8
2869568,9.738211130537476,8
2869574,9.880290136480594,6
2869580,9.878367445484033,6
2869589,9.803813634958455,9
2869597,9.840188582598289,8
2869616,9.599712917295458,19
2869619,9.958609734355347,3
2869631,9.767698895439608,12
2869646,9.688971136947387,15
2869651,9.909161556337672,5
2869658,9.862513888385813,7
2869673,9.458858274247245,15
2869681,9.861968229530401,8
2869694,9.704366700434786,13
2869710,9.62547362061262,16
2869719,9.82680093991815,9
2869723,9.937543475768734,4
2869730,9.860880407547548,7
2869740,9.814984104897295,10
2869749,9.827691846941814,9
2869758,9.814871115292979,9
2869761,9.960641951887979,3
2869767,9.911162052616426,6
2869770,9.96292417669948,3
2869783,9.745097315714197,13
2869790,9.875308691353093,7
2869796,9.895224268280488,6
2869805,9.821306700598637,9
2869817,9.77483086745255,12
2869821,9.942710313428249,4
2869830,9.842500896067845,9
2869837,9.882623640143539,7
2869846,9.846409315737935,9
2869854,9.863315568979305,8
2869860,9.893424868358109,6
2869867,9.883200988749433,7
2869875,9.833786641998458,8
2869883,9.829552896180859,8
2869888,9.923802245088854,5
2869895,9.866387735161865,7
2869900,9.899309527073473,5
2869904,9.932582641236237,4
2869927,9.433030513005855,23
2869949,9.438582994590373,22
2869957,9.812642764064428,8
2869962,9.914750791619753,5
2869970,9.844529794844904,8
2869977,9.851135783632175,7
2869984,9.851332238639609,7
2869990,9.89020229049888,6
2870001,9.73922013566797,11
2870036,9.363972283997805,35
2870037,10.0,1
2870051,9.673619660242787,14
2870054,9.96352093628815,3
2870062,9.866817861995099,8
2870073,9.75094565150755,11
2870074,10.0,1
2870083,9.801801058251883,9
2870108,9.500846744012064,25
2870109,10.0,1
2870121,9.743306428159498,12
2870124,9.961447583595179,3
2870138,9.669077354285706,14
2870148,9.76255858982533,10
2870159,9.784871389665103,11
2870160,10.0,1
2870165,9.924000069548901,5
2870173,9.83174858382242,8
2870184,9.763387272866215,11
2870189,9.924353116772357,5
2870191,9.98296310203846,2
2870192,10.0,1
2870197,9.923862672966392,5
2870198,10.0,1
2870211,9.682289802432761,13
2870212,10.0,1
2870217,9.93483858099479,5
2870227,9.770950496428489,10
2870239,9.760596441033504,12
2870244,9.923455247462542,5
2870254,9.762466039146657,10
2870264,9.793784948702664,10
2870281,9.623652248355297,17
2870292,9.79764287883352,11
2870306,9.657352172201563,14
2870307,10.0,1
2870317,9.785996402727669,10
2870325,9.843174443763669,8
2870334,9.844296106977842,9
2870344,9.80543262621084,10
2870345,9.996770865849417,1
2870356,9.74423428456212,11
2870367,9.790702555070583,11
2870372,9.91050010847909,5
2870384,9.74259413260879,12
2870388,9.954715601999919,4
2870397,9.848402719162936,9
2870403,9.87619714719635,6
2870410,9.877240783313288,7
2870415,9.91532145560943,5
2870428,9.697068024204254,13
2870439,9.76991968559978,11
2870446,9.840835767513832,7
2870448,9.973245178891528,2
2870456,9.845447151326361,8
2870466,9.79675535488898,10
2870478,9.751409124888688,12
2870488,9.849321406436337,10
2870489,10.0,1
2870501,9.768641111322973,12
2870509,9.838090852930804,8
2870515,9.896825612017697,6
2870520,9.908356190628025,5
2870527,9.885838991255198,7
2870534,9.895930881988566,7
2870544,9.83002277276157,10
2870551,9.86857617586851,7
2870564,9.767273897319463,13
2870580,9.694708619746121,16
2870584,9.944175734561792,4
2870585,10.0,1
2870592,9.873695769788888,7
2870599,9.874594590767922,7
2870606,9.873556572768477,7
2870620,9.700598148139116,14
2870627,9.854107784283798,7
2870642,9.668058509670068,15
2870658,9.663446100664872,16
2870662,9.924837601656328,4
2870666,9.938499653787606,4
2870678,9.737057531480442,12
2870694,9.656169104655854,16
2870703,9.815568212548607,9
2870708,9.916193297108109,5
2870710,9.97094086356633,2
2870720,9.825089326604251,10
2870726,9.878919451499794,6
2870727,10.0,1
2870732,9.905857388469972,5
2870733,10.0,1
2870734,9.996683957790918,1
2870736,9.979898265058102,2
2870740,9.932700642106516,4
2870746,9.901772626537646,6
2870759,9.729649894348396,13
2870764,9.917817177189484,5
2870772,9.836069706413824,8
2870778,9.893901756801029,6
2870789,9.754448841410133,11
2870794,9.91196369721208,5
2870803,9.811390492438706,9
2870810,9.865702401579478,7
2870821,9.786316846683468,11
2870826,9.94063322231289,5
2870842,9.242352629604294,16
2870843,10.0,1
2870848,9.929569329887215,5
2870854,9.90328760167558,6
2870861,9.86265203908033,7
2870869,9.854804677799553,8
2870873,9.95059327878361,4
2870883,9.7921945918822,10
2870892,9.826367419918672,9
2870893,10.0,1
2870902,9.830398223053324,9
2870906,9.952138858531763,4
2870907,10.0,1
2870913,9.881372484460973,6
2870914,10.0,1
2870926,9.736475216093528,12
2870934,9.83240923783754,8
2870949,9.672861067816557,15
2870950,10.0,1
2870957,9.573013786213991,7
2870972,9.649008295344707,15
2870979,9.859580361177246,7
2870990,9.77317292304476,11
2870991,10.0,1
2871000,9.826835120969895,9
2871006,9.879468032710244,6
2871012,9.888857210384193,6
2871024,9.734702512150555,12
2871038,9.678366109438084,14
2871043,9.92401961036124,5
2871057,9.5958864962666,14
2871073,9.457509853001739,16
2871074,10.0,1
2871082,9.858251785406404,8
2871090,9.812462652083731,8
2871102,9.738839185530422,12
2871113,9.738547133503731,11
2871133,9.500431645899857,20
2871147,9.67640324334959,14
2871148,10.0,1
2871159,9.773755571179914,11
2871169,9.80775474962414,10
2871175,9.911815003724323,6
2871177,9.980537527760806,2
2871196,9.475245411760755,19
2871210,9.692877282626599,14
2871218,9.848639715078505,8
2871226,9.833089786965981,8
2871233,9.881069650467182,7
2871234,10.0,1
2871246,9.726473220432013,12
2871259,9.72036863480386,13
2871273,9.684422666593688,14
2871277,9.950278193115476,4
2871289,9.731120386744845,12
2871299,9.804349253812205,10
2871325,9.489400073158006,26
2871341,9.653699659150615,16
2871344,9.956851634190375,3
2871349,9.915638532952839,5
2871356,9.849362412676943,7
2871365,9.836119347799952,9
2871372,9.854033050743892,7
2871374,9.98079002696114,2
2871379,9.94079008037423,5
2871386,9.892680401370882,7
2871391,9.908324639155024,5
2871397,9.905366676609418,6
2871407,9.820674393692482,10
2871418,9.8079703276886,11
2871424,9.897919630204294,6
2871434,9.782789317502486,10
2871442,9.846642232006541,8
2871452,9.810468556340604,10
2871454,9.968453198626934,2
2871462,9.859447129779118,8
2871475,9.698018563673413,13
2871485,9.806555238235088,10
2871497,9.728506158928926,12
2871512,9.638026691714968,15
2871525,9.69271690202082,13
2871541,9.648443727822228,16
2871550,9.837637568555532,9
2871563,9.676251803279964,13
2871569,9.885695562059636,6
2871570,10.0,1
2871573,9.963801200130407,3
2871586,9.691319674318983,13
2871592,9.888964198448509,6
2871599,9.847849183002518,7
2871610,9.754279484793134,11
2871618,9.866229031664325,8
2871629,9.785981113294389,11
2871638,9.820194086334846,9
2871646,9.84859627400642,8
2871649,9.963912413846833,3
2871662,9.706119589310399,13
2871672,9.774759361137285,10
2871684,9.718886748797884,12
2871694,9.793628069478249,10
2871706,9.717979678789574,12
2871712,9.882992020309565,6
2871725,9.7259780685224,13
2871742,9.62634314896014,17
2871748,9.890672139921554,6
2871755,9.870019375683762,7
2871764,9.816603486929306,9
2871772,9.874831990681919,8
2871784,9.73475285768548,12
2871792,9.848566225036045,8
2871804,9.72234558774271,12
2871812,9.846904386400826,8
2871813,10.0,1
2871825,9.771944412402895,12
2871835,9.775347534915046,10
2871837,9.973863770548766,2
2871844,9.869911824089936,7
2871849,9.913289600499281,5
2871854,9.9112946992622,5
2871863,9.843116501720898,9
2871873,9.772024899405615,10
2871875,9.973366368751591,2
2871881,9.902501602500418,6
2871884,9.950880730584725,3
2871898,9.713615314346391,14
2871905,9.863221750829945,7
2871909,9.952921270730368,4
2871916,9.857742329069916,7
2871917,9.996206956509521,1
2871930,9.707624892177583,13
2871940,9.813476902096712,10
2871945,9.918258404247892,5
2871959,9.526253217017556,14
2871960,9.996429055698478,1
2871962,9.967867216498076,2
2871973,9.794501077395159,11
2871974,10.0,1
2871981,9.869417833364938,7
2871992,9.802399677367825,11
2872002,9.784025816135872,10
2872013,9.750300116154609,11
2872024,9.75300309862674,11
2872031,9.898646848578377,7
2872039,9.835310762770279,8
2872040,9.996510745535456,1
2872050,9.832123194166632,10
2872057,9.88134441985775,7
2872071,9.69332128754547,14
2872081,9.796713079398577,10
2872092,9.768458985512636,11
2872093,10.0,1
2872103,9.694762461014184,10
2872104,10.0,1
2872111,9.865408720715157,7
2872113,9.986006367244947,2
2872119,9.887776442214184,6
2872120,10.0,1
2872121,10.0,1
2872127,9.894089479557822,6
2872142,9.690613159021144,15
2872155,9.721934986713125,13
2872164,9.821457035205722,9
2872172,9.863514766547492,8
2872180,9.84882359630455,8
2872185,9.928353119996482,5
2872197,9.753413083094037,12
2872213,9.62402291641261,16
2872224,9.781537075858086,11
2872234,9.77194837599871,10
2872239,9.904944332048322,5
2872246,9.889898856899947,7
2872256,9.793323938348744,10
2872257,10.0,1
2872263,9.896774508622178,6
2872282,9.61565093739199,19
2872295,9.698635864907232,13
2872308,9.693476404853511,13
2872318,9.78134512802253,10
2872323,9.9128598198164,5
2872324,10.0,1
2872330,9.880914871350834,6
2872344,9.688160942662003,14
2872349,9.932341420842665,5
2872365,9.626235844243823,16
2872373,9.844646612783547,8
2872374,10.0,1
2872382,9.846759465814626,8
2872386,9.941428542730039,4
2872393,9.901918852404192,7
2872403,9.793161220308326,10
2872412,9.84244365320729,9
2872420,9.87578990152941,8
2872421,10.0,1
2872426,9.920477626279373,5
2872437,9.81599830825312,11
2872450,9.763357266573015,13
2872468,9.589769902863067,18
2872483,9.66678768717687,15
2872493,9.78415489930912,10
2872505,9.768029324332021,12
2872514,9.830701834121081,9
2872524,9.776633355501968,10
2872532,9.863387544744127,8
2872541,9.857548689854317,9
2872549,9.860083307397256,8
2872566,9.544509538205025,17
2872574,9.871976277811353,8
2872584,9.760571711920033,10
2872585,9.989061004544963,1
2872588,9.96435972974339,3
2872592,9.948305571703768,4
2872594,9.974177665785202,2
2872609,9.681248995176203,15
2872612,9.965712602754891,3
2872618,9.896935133573374,6
2872622,9.927636901754585,4
2872630,9.854346856846538,8
2872634,9.935734338225096,4
2872640,9.893739750866876,6
2872652,9.7586983369132,12
2872664,9.73810129867598,12
2872670,9.897262336123164,6
2872678,9.838876261221158,8
2872692,9.697430181932358,14
2872703,9.770826357403756,11
2872717,9.697707798659337,14
2872728,9.653273128025154,11
2872745,9.605923979714177,17
2872757,9.736123550517217,12
2872764,9.872498094740719,7
2872777,9.69045206038608,13
2872792,9.687326311433349,15
2872793,10.0,1
2872803,9.76470387688679,10
2872811,9.845996260178229,8
2872816,9.924901434514803,5
2872831,9.668953871780253,15
2872840,9.795990985221936,9
2872849,9.826978388559453,9
2872860,9.780589874120171,11
2872871,9.75124273313877,11
2872872,10.0,1
2872876,9.94761088013081,4
2872886,9.789508364660174,10
2872889,9.953968654742992,3
2872891,9.97173255701193,2
2872900,9.796894692810675,9
2872910,9.793638994463366,10
2872923,9.70816609664375,13
2872926,9.958762278282702,3
2872929,9.959289430536241,3
2872939,9.80724115645374,10
2872950,9.7721933421042,11
2872964,9.691964408400594,14
2872970,9.877122391486928,6
2872977,9.870567993305643,7
2872985,9.857298854623982,8
2873000,9.63204268324243,15
2873013,9.732636749645554,13
2873018,9.926254923443246,5
2873022,9.929780502104656,4
2873034,9.728893953064581,12
2873035,10.0,1
2873036,10.0,1
2873047,9.773921090968695,11
2873058,9.772851233660877,11
2873068,9.780711208368535,10
2873080,9.747235083688016,12
2873085,9.92561743239695,5
2873090,9.920571279172234,5
2873097,9.877362697693062,7
2873109,9.752100269041616,12
2873119,9.795727520258291,10
2873129,9.81431961201599,10
2873140,9.780491970312545,11
2873145,9.919496933644105,5
2873150,9.92194593026927,5
2873163,9.714381474515717,13
2873172,9.815138089456521,9
2873186,9.697397661535383,14
2873199,9.689486307462944,13
2873200,9.996698457919617,1
2873215,9.463483604399768,15
2873226,9.772999974289112,11
2873236,9.805338978063224,10
2873244,9.849749498892887,8
2873254,9.795138389664883,10
2873262,9.842098014470894,8
2873270,9.826769133342074,8
2873282,9.775545527975924,12
2873291,9.858769860037992,9
2873299,9.858989872912492,8
2873308,9.79470724167849,9
2873312,9.94048182398374,4
2873326,9.722937866767245,14
2873333,9.883377135188573,7
2873334,10.0,1
2873335,10.0,1
2873341,9.91036731848963,6
2873351,9.783749860384326,10
2873360,9.790195330890949,9
2873365,9.720071221468032,5
2873374,9.831479163602499,9
2873378,9.92688587560176,4
2873385,9.862625493173992,7
2873389,9.945063446183065,4
2873400,9.7622119158674,11
2873402,9.984958589584286,2
2873413,9.75076524069453,11
2873422,9.83628145976935,9
2873423,10.0,1
2873435,9.751998984458734,12
2873440,9.923626485624565,5
2873448,9.838055287048093,8
2873466,9.572468828596854,18
2873483,9.228099224366082,17
2873484,10.0,1
2873486,9.971533558965184,2
2873487,10.0,1
2873497,9.787237199309999,10
2873502,9.910048011704456,5
2873503,10.0,1
2873515,9.746008774665837,12
2873521,9.889581878924126,6
2873541,9.511730936522463,20
2873553,9.72436399748235,12
2873571,9.638397472040062,18
2873580,9.789771069653602,9
2873583,9.959582137584636,3
2873587,9.934727638224166,4
2873589,9.97635091546014,2
2873597,9.815582610053323,8
2873598,10.0,1
2873606,9.853850832368163,8
2873607,10.0,1
2873608,9.993370057595257,1
2873615,9.86472913091107,7
2873625,9.78157366347512,10
2873626,9.992737314559434,1
2873641,9.629648263644663,15
2873656,9.6738828252706,15
2873665,9.809560856251174,9
2873666,10.0,1
2873679,9.721261300897407,13
2873685,9.887779173754385,6
2873699,9.682940431777814,14
2873705,9.898685398899536,6
2873714,9.847098642563129,9
2873731,9.613358167627789,17
2873732,10.0,1
2873733,10.0,1
2873737,9.936117689497767,4
2873738,10.0,1
2873749,9.818392188696595,11
2873750,10.0,1
2873762,9.73683830663258,12
2873773,9.79513969418896,11
2873774,10.0,1
2873780,9.911381355939906,6
2873792,9.758952842402264,12
2873803,9.755520989358105,11
2873818,9.682228051121298,15
2873822,9.93455405402184,4
2873826,9.94752700942269,4
2873838,9.727513633212123,12
2873847,9.818451843011774,9
2873854,9.877779364627937,7
2873860,9.890138953877045,6
2873870,9.788599800330104,10
2873880,9.790730845707664,10
2873886,9.884585070456538,6
2873887,10.0,1
2873890,9.958018105186143,3
2873897,9.890208143245856,7
2873909,9.735705191365573,12
2873922,9.717113751762083,13
2873928,9.901156708278442,6
2873936,9.886872091666968,8
2873940,9.943353833888393,4
2873950,9.811108981572184,10
2873960,9.772383049596037,10
2873968,9.840695971909765,8
2873972,9.941285665072943,4
2873984,9.728790079462728,12
2873991,9.86301463257342,7
2874004,9.742049317568933,13
2874008,9.935960751182579,4
2874019,9.755782721487368,11
2874034,9.667248527935882,15
2874054,9.505226154195618,20
2874062,9.845641765017906,8
2874064,9.984291691571379,2
2874078,9.735198765394498,14
2874092,9.67824391919958,14
2874096,9.928283779813555,4
2874104,9.856434847768629,8
2874114,9.772423886353023,10
2874117,9.959184366840471,3
2874131,9.689065556640339,14
2874143,9.752496876460599,12
2874147,9.930931783680544,4
2874156,9.799110011983108,9
2874170,9.673524958149054,14
2874176,9.89388441686968,6
2874189,9.685199789403505,13
2874193,9.950277702968373,4
2874195,9.982155321808158,2
2874204,9.807527263678676,9
2874215,9.76427744803155,11
2874225,9.805056699408485,10
2874236,9.763386533093408,11
2874237,10.0,1
2874245,9.841646678707797,8
2874261,9.652921556335292,16
2874264,9.950840522135282,3
2874278,9.74061342203696,14
2874289,9.816415835780282,11
2874296,9.86290661034017,7
2874300,9.950657019352436,4
2874307,9.849924407831898,7
2874318,9.792679940296553,11
2874330,9.79229877385525,12
2874341,9.779482917645659,11
2874353,9.78828369980166,12
2874359,9.901902122655764,6
2874369,9.835560921651492,10
2874377,9.861219428156232,8
2874383,9.914929968270467,6
2874397,9.6840032503851,14
2874415,9.586192713609016,18
2874431,9.639901845652771,16
2874441,9.822932080403973,10
2874451,9.792391036908333,10
2874462,9.765171924796155,11
2874466,9.930294080326068,4
2874470,9.955668823856788,4
2874481,9.78335180438221,11
2874496,9.658226778335692,15
2874497,10.0,1
2874500,9.954559272989352,3
2874505,9.931958633030556,5
2874518,9.750224670927281,13
2874531,9.693814957355267,13
2874541,9.787124771134833,10
2874550,9.809180853287376,9
2874561,9.75121445072011,11
2874569,9.860063336827784,8
2874575,9.909698597573795,6
2874585,9.810954353356433,10
2874594,9.804823724683079,9
2874611,9.643105865677217,17
2874622,9.758198016873887,11
2874629,9.853645994827664,7
2874639,9.774956454516458,10
2874650,9.760564268133173,11
2874660,9.790906559029379,10
2875160,-207.47992809960053,500
2875176,9.64881248432495,16
2875183,9.865322278965879,7
2875200,9.60262361570191,17
2875203,9.966615323063833,3
2875208,9.920797786566503,5
2875215,9.862197340231349,7
2875221,9.874341487802813,6
2875223,9.968993793235793,2
2875234,9.77503713858959,11
2875240,9.903976148428017,6
2875246,9.889386730028772,6
2875258,9.748325404994494,12
2875264,9.88419489170767,6
2875271,9.752601703023506,7
2875279,9.85013351568012,8
2875283,9.943145384882891,4
2875289,9.882652395803406,6
2875342,8.523305206831367,53
2875346,9.93472536438412,4
2875350,9.926075995846006,4
2875354,9.923614037938636,4
2875361,9.861062870933132,7
2875372,9.777770841920187,11
2875389,9.624688541404925,17
2875399,9.79052291261153,10
2875411,9.725422306859642,12
2875420,9.820885472301534,9
2875429,9.82522737353529,9
2875435,9.672409468341074,6
2875440,9.928648060821349,5
2875445,9.92377594318476,5
2875452,9.875442625216847,7
2875453,9.987846064475063,1
2875464,9.761578446601227,11
2875467,9.951442849109819,3
2875474,9.655837599406366,7
2875480,9.881378841718043,6
2875481,10.0,1
2875491,9.807020158711516,10
2875494,9.943423693010319,3
2875505,9.75491810143929,11
2875511,9.888384653251533,6
2875520,9.827795424557541,9
2875533,9.692472123009823,13
2875543,9.809183674640316,10
2875550,9.88648697093639,7
2875559,9.843566580886433,9
2875569,9.810009618531742,10
2875574,9.927395896539013,5
2875585,9.755320690141547,11
2875596,9.778413343677844,11
2875608,9.740555278241914,12
2875615,9.872952820035007,7
2875617,9.973860150602876,2
2875622,9.917367097437184,5
2875626,9.933190697411366,4
2875644,9.5743007864129,18
2875649,9.933450784308757,5
2875658,9.825698281861564,9
2875659,10.0,1
2875665,9.905458498659778,6
2875677,9.725354683115453,12
2875678,10.0,1
2875683,9.933247024291115,5
2875692,9.796518997088704,9
2875701,9.835130001102591,9
2875703,9.978829591269125,2
2875707,9.951744980938255,4
2875709,9.977928049264543,2
2875726,9.709672048499666,17
2875737,9.752505977624491,11
2875750,9.715151783669787,13
2875751,10.0,1
2875756,9.936160370288626,5
2875771,9.687186830859494,15
2875781,9.789172233583967,10
2875785,9.953835014067026,4
2875791,9.895135581496422,6
2875795,9.954313198540003,4
2875796,10.0,1
2875812,9.650627372425156,16
2875834,9.440114186079661,22
2875835,10.0,1
2875836,10.0,1
2875841,9.910984301569053,5
2875852,9.756103295985183,11
2875855,9.959544152818024,3
2875863,9.848292847666562,8
2875869,9.9011615738678,6
2875870,10.0,1
2875871,10.0,1
2875882,9.77253949703821,11
2875903,9.480879395512137,21
2875916,9.712608922954784,13
2875917,10.0,1
2875918,10.0,1
2875930,9.533064417943628,12
2875941,9.76363023248213,11
2875952,9.752534153610977,11
2875966,9.475010804892058,14
2875977,9.786971875490172,11
2875986,9.820433781491845,9
2875990,9.739725342943025,4
2876000,9.785066988301809,10
2876011,9.785175480794807,11
2876021,9.810942421902018,10
2876027,9.913287878556604,6
2876028,10.0,1
2876029,10.0,1
2876032,9.96591166300592,3
2876041,9.819852714392965,9
2876052,9.752202928111044,11
2876066,9.66923520627909,14
2876067,10.0,1
2876078,9.663954122535522,11
2876081,9.955836921848308,3
2876088,9.885476889777127,7
2876102,9.665867926820198,14
2876110,9.830093267430563,8
2876117,9.883158055037836,7
2876131,9.688786864115134,14
2876132,10.0,1
2876135,9.964965442913421,3
2876144,9.815881644721465,9
2876148,9.943144595426828,4
2876163,9.637443265299543,15
2876167,9.935109815820168,4
2876172,9.894894249382386,5
2876180,9.832822386274284,8
2876188,9.856552090042461,8
2876189,9.988879032208702,1
2876198,9.813737940206137,9
2876209,9.744239421096172,11
2876220,9.757534096577034,11
2876225,9.925844416437634,5
2876227,9.976287644008586,2
2876238,9.77976111542625,11
2876249,9.770137527313823,11
2876262,9.700241028649785,13
2876277,9.556546951414473,15
2876278,10.0,1
2876285,9.887756638879672,7
2876291,9.884183620938003,6
2876296,9.92829838062689,5
2876306,9.792957107266062,10
2876310,9.93666755343746,4
2876317,9.895922492574043,7
2876326,9.832516242829103,9
2876334,9.858894159778652,8
2876337,9.65197662335437,3
2876348,9.742442833990538,11
2876357,9.812436979851645,9
2876364,9.878049444526212,7
2876367,9.85357113226681,3
2876368,10.0,1
2876372,9.946680973175281,4
2876389,9.604593245482972,17
2876400,9.734146510224086,11
2876415,9.338428506755447,15
2876418,9.866027796351776,3
2876423,9.922952901382024,5
2876435,9.743146219040634,12
2876449,9.65491931815517,14
2876459,9.775024963688624,10
2876468,9.871141185249964,9
2876478,9.778117129305048,10
2876484,9.897279318798317,6
2876492,9.853482891649502,8
2876499,9.899973865189054,7
2876517,9.517912522512008,18
2876539,9.342891014720308,22
2876542,9.963226267173019,3
2876559,9.681916296955185,17
2876565,9.917816600347466,6
2876567,9.979252126168024,2
2876572,9.932371103302387,5
2876581,9.868222021622602,9
2876582,9.997000371258261,1
2876591,9.854510681266056,9
2876615,9.525548113838834,24
2876624,9.818664375518562,9
2876638,9.698075262646533,14
2876646,9.829843476048076,8
2876655,9.825996393358349,9
2876666,9.769878601473978,11
2876676,9.794566046419384,10
2876683,9.855201512084578,7
2876696,9.700339585354362,13
2876704,9.855661016948595,8
2876712,9.828314833640304,8
2876719,9.865299932064953,7
2876726,9.865445037807165,7
2876743,9.519877092446814,17
2876753,9.790769038217492,10
2876764,9.765657230424743,11
2876771,9.6692638209017,7
2876781,9.798539194870298,10
2876792,9.768749932071364,11
2876801,9.805508878666904,9
2876818,9.602993002025505,17
2876819,10.0,1
2876820,9.996342361925318,1
2876829,9.80415241328067,9
2876842,9.706987011437018,13
2876856,9.66975419761095,14
2876866,9.592911373399335,10
2876876,9.795924389177657,10
2876886,9.810334244340725,10
2876895,9.802632583442408,9
2876906,9.800026843614614,11
2876911,9.911441935279754,5
2876914,9.950510590865191,3
2876915,10.0,1
2876921,9.92048603007443,6
2876928,9.860965978163437,7
2876930,9.979301054822109,2
2876939,9.834884418472122,9
2876942,9.955153655528242,3
2876952,9.777597960963384,10
2876964,9.724295921680278,12
2876974,9.828524443315422,10
2876980,9.905058088885516,6
2876987,9.880356525507837,7
2877000,9.747617277266185,13
2877002,9.968891810953975,2
2877005,9.954939950640405,3
2877006,10.0,1
2877018,9.656912284957139,12
2877030,9.738382050292357,12
2877031,10.0,1
2877047,9.618024076303417,16
2877057,9.783896606719825,10
2877071,9.674393741038008,14
2877081,9.816549827128588,10
2877091,9.773058763618927,10
2877101,9.800946473031706,10
2877111,9.808330264656645,10
2877125,9.701445945807768,14
2877134,9.717554721340385,9
2877143,9.805439276604874,9
2877154,9.78607662629587,11
2877167,9.762533621064296,13
2877179,9.781655603097834,12
2877190,9.741802016031647,11
2877199,9.811178249053443,9
2877210,9.74870011831698,11
2877216,9.886758878960745,6
2877225,9.834453736478876,9
2877230,9.912596761339223,5
2877242,9.715950260180257,12
2877243,10.0,1
2877252,9.851443383124103,9
2877269,9.659680191354694,17
2877282,9.741777783044451,13
2877284,9.970372270099208,2
2877297,9.692602516964008,13
2877301,9.74983041532436,4
2877307,9.870260419722014,6
2877315,9.853959603593559,8
2877325,9.807477860942663,10
2877337,9.716359310971413,12
2877343,9.886269519951982,6
2877357,9.684256562403988,14
2877366,9.798947823123028,9
2877384,9.657483552542487,18
2877385,10.0,1
2877397,9.726441747853452,12
2877398,10.0,1
2877407,9.804481380355716,9
2877408,10.0,1
2877419,9.74302249336301,11
2877425,9.886461836914636,6
2877433,9.84359338864636,8
2877444,9.783560309318476,11
2877452,9.820580807923298,8
2877461,9.81027264945045,9
2877463,9.971667188524187,2
2877476,9.705984861489261,13
2877484,9.857659583458064,8
2877487,9.96124929550049,3
2877499,9.742948441030697,12
2877508,9.818416696923482,9
2877517,9.842480488642877,9
2877518,9.996756684946421,1
2877528,9.801849766211623,10
2877541,9.69016576092459,13
2877552,9.753860136297245,11
2877555,9.959446901297815,3
2877572,9.609195813653315,17
2877585,9.74616099580881,13
2877592,9.877019584868808,7
2877602,9.789729801156593,10
2877609,9.86048648063706,7
2877624,9.750187128508054,15
2877631,9.875934685765555,7
2877632,10.0,1
2877637,9.920901126591918,5
2877650,9.748000789413277,13
2877660,9.812077043595387,10
2877666,9.88195370376711,6
2877677,9.768845068461564,11
2877686,9.81675778739527,9
2877691,9.915741552388816,5
2877701,9.803782775109491,10
2877713,9.722262317795673,12
2877715,9.970684150267147,2
2877725,9.785894649322579,10
2877732,9.87819390580422,7
2877744,9.720124428057566,12
2877758,9.684407306401056,14
2877759,10.0,1
2877769,9.784220820612568,10
2877788,9.58999787618756,19
2877794,9.889665512353332,6
2877798,9.936150024249297,4
2877806,9.861895599277112,8
2877813,9.868690931429322,7
2877816,9.945513437921315,3
2877819,9.958192711968799,3
2877833,9.70832632360901,14
2877839,9.908717162727065,6
2877840,10.0,1
2877841,10.0,1
2877849,9.752573067822132,8
2877859,9.78571603247566,10
2877860,10.0,1
2877869,9.824411937573618,9
2877880,9.751573065621972,11
2877887,9.881302230685737,7
2877888,9.992889232115225,1
2877897,9.84383668228562,9
2877910,9.73040712162126,13
2877923,9.703677653808978,13
2877936,9.725925937970498,13
2877943,9.863080053337539,7
2877949,9.886795252164502,6
2877955,9.925821057380787,6
2877966,9.807375337848958,11
2877967,10.0,1
2877991,9.533913814093575,24
2877992,9.98946155760863,1
2877998,9.90469053411236,6
2878015,9.616157104099297,17
2878016,9.988696161507571,1
2878024,9.854985243343808,8
2878028,9.936801081517753,4
2878038,9.804643174127452,10
2878053,9.699545630906735,15
2878061,9.831760604252489,8
2878063,9.98672779829209,2
2878075,9.746208481369417,12
2878087,9.732992847496131,12
2878100,9.627416057363183,13
2878104,9.934902802845773,4
2878110,9.882289996296343,6
2878117,9.867132160678091,7
2878133,9.699111467542762,16
2878142,9.809782496450294,9
2878150,9.880661052875007,8
2878168,9.581497530012113,18
2878170,9.97474928644192,2
2878185,9.694804340775272,15
2878194,9.833686619654008,9
2878195,9.98939904058779,1
2878207,9.762698958138936,12
2878218,9.757543374773407,11
2878219,10.0,1
2878226,9.87252158629156,7
2878240,9.599854533883374,14
2878256,9.638179867657742,16
2878270,9.68291200443197,14
2878277,9.881204097198198,7
2878280,9.957501013171774,3
2878282,9.977882270934307,2
2878283,9.992744298352125,1
2878290,9.876268800942075,7
2878295,9.900272040932444,5
2878304,9.809792706104636,9
2878312,9.836198287633291,8
2878319,9.885996159219863,7
2878329,9.772703871110284,10
2878338,9.837603933501144,9
2878344,9.7128625525319,6
2878358,9.707373783329528,14
2878370,9.729336237015975,12
2878373,9.95840317670289,3
2878382,9.73773945822919,9
2878395,9.739453979274042,13
2878400,9.919279034755496,5
2878405,9.905481705682801,5
2878411,9.885281062759484,6
2878420,9.817528767262253,9
2878424,9.9262288716009,4
2878436,9.7670367784774,12
2878443,9.869992501309648,7
2878454,9.748914997618396,11
2878457,9.954757103386834,3
2878462,9.929880057191614,5
2878470,9.852570964149557,8
2878479,9.803327074315625,9
2878494,9.662981728263958,15
2878505,9.773808159789628,11
2878511,9.886242929866572,6
2878518,9.865197345881947,7
2878533,9.66118237173995,15
2878542,9.809344969264695,9
2878558,9.712930262544996,16
2878566,9.835364117211304,8
2878577,9.76043138691729,11
2878583,9.8779355782859,6
2878589,9.889441722368641,6
2878593,9.930719135431806,4
2878602,9.846952086675566,9
2878617,9.666725840983897,15
2878625,9.851030169390947,8
2878638,9.70460980841325,13
2878644,9.901121259959941,6
2878652,9.868267235574136,8
2878663,9.76866429861779,11
2878669,9.875604714189667,6
2878673,9.935902470583613,4
2878696,9.481868969651778,23
2878716,9.522733261724174,20
2878727,9.661605245522509,11
2878732,9.913088973603106,5
2878741,9.813891227461962,9
2878761,9.604235720686393,20
2878774,9.71873819649954,13
2878783,9.860530636387313,9
2878795,9.69807345126564,12
2878802,9.869291530662359,7
2878818,9.699551884581583,16
2878822,9.946130442781811,4
2878823,9.98756650337504,1
2878830,9.876019838239232,7
2878833,9.960164110521784,3
2878843,9.784217686266196,10
2878855,9.770352711899768,12
2878858,9.964353753262321,3
2878876,9.657067386435457,18
2878883,9.877628320381236,7
2878884,10.0,1
2878894,9.790371870252171,10
2878905,9.743873098927798,11
2878913,9.855864666563178,8
2878936,9.417466690351816,23
2878949,9.70444918949061,13
2878958,9.817128787895998,9
2878965,9.853007470634788,7
2878976,9.76016188384673,11
2878980,9.942619123657176,4
2878986,9.887465927722758,6
2878995,9.813166999424515,9
2879003,9.85953438004194,8
2879011,9.873880320708917,8
2879016,9.903385942854122,5
2879022,9.901691453491523,6
2879023,9.99605861072065,1
2879028,9.918800377433529,5
2879040,9.760439380253287,12
2879051,9.754495867700296,11
2879052,10.0,1
2879056,9.946537552242127,4
2879058,9.970374624592402,2
2879059,10.0,1
2879060,10.0,1
2879073,9.71624235511168,13
2879082,9.81273640704663,9
2879088,9.88768570387288,6
2879112,9.43532096514198,24
2879117,9.910089999142992,5
2879124,9.573577958518584,7
2879138,9.686556733439208,14
2879151,9.75282341943583,13
2879162,9.748415467656908,11
2879175,9.742723068395541,13
2879184,9.809830216690141,9
2879191,9.863212156061207,7
2879202,9.76015004376766,11
2879212,9.773333047156607,10
2879221,9.800829524776058,9
2879229,9.849874092934234,8
2879244,9.66478287204913,15
2879253,9.818549219872873,9
2879260,9.869629317802415,7
2879270,9.772758691464084,10
2879284,9.686952593278924,14
2879297,9.727570260950124,13
2879304,9.862711494144204,7
2879306,9.971572305890017,2
2879313,9.868160061372654,7
2879319,9.897747370062778,6
2879322,9.950340895348932,3
2879328,9.690451685344868,6
2879336,9.842715025285248,8
2879349,9.726112549685777,13
2879366,9.62314439224684,17
2879370,9.937079898629477,4
2879374,9.94604640363741,4
2879384,9.787815090254062,10
2879395,9.748749033616638,11
2879400,9.923247522685314,5
2879410,9.7880013700924,10
2879422,9.787173529634831,12
2879427,9.921901942619542,5
2879437,9.851166072786473,10
2879449,9.649496909689457,12
2879460,9.75156615422856,11
2879461,10.0,1
2879464,9.966335093822932,3
2879476,9.742705476748643,12
2879481,9.92692551520097,5
2879482,10.0,1
2879488,9.908488772634517,6
2879497,9.85697598738131,9
2879499,9.976832732620775,2
2879505,9.887004674018508,6
2879520,9.652396250485562,15
2879531,9.742929546592213,11
2879537,9.879050801856097,6
2879544,9.87686487605758,7
2879555,9.762236971278304,11
2879563,9.835052758725775,8
2879572,9.84390961909613,9
2879584,9.744495040324802,12
2879597,9.693997764297855,13
2879608,9.783046058298476,11
2879609,10.0,1
2879615,9.910453309610757,6
2879616,9.992982663400102,1
2879627,9.797546577020244,11
2879639,9.735217769974534,12
2879642,9.947520244040467,3
2879649,9.85727621142082,7
2879664,9.653517286088519,15
2879665,10.0,1
2879668,9.96708237063691,3
2879674,9.89545873800295,6
2879681,9.87712706479354,7
2879692,9.765074028602415,11
2879698,9.88826958645529,6
2879699,10.0,1
2879701,9.972394009963265,2
2879706,9.929469189378045,5
2879707,10.0,1
2879716,9.8328784984955,9
2879731,9.677911454867823,15
2879736,9.914561618051845,5
2879741,9.926201493580972,5
2879753,9.713006613622925,12
2879761,9.861897137858573,8
2879773,9.7392686417016,12
2879780,9.877157276744104,7
2879784,9.928201581869672,4
2879788,9.936815669014756,4
2879798,9.799908111445216,10
2879801,9.962206298541558,3
2879820,9.517671361246759,19
2879832,9.716931004902602,12
2879841,9.80973407428505,9
2879845,9.942468569040361,4
2879848,9.953206108277648,3
2879858,9.799248103743745,10
2879869,9.750720842688619,11
2879881,9.750950684487467,12
2879893,9.75363914702276,12
2879907,9.697107825117948,14
2879927,9.594150651568395,20
2879938,9.787343270016232,11
2879949,9.767640338417783,11
2879969,9.530793979964976,20
2879970,9.988756967023471,1
2879977,9.862935991190549,7
2879984,9.87095258143195,7
2879993,9.808496140434325,9
2880000,9.889164981794025,7
2880008,9.837999885771792,8
2880017,9.807754311940776,9
2880027,9.800184764346227,10
2880028,10.0,1
2880035,9.903505202443814,7
2880049,9.670189795728877,14
2880055,9.879939776718011,6
2880061,9.781200030901198,6
2880062,9.988118095469023,1
2880070,9.856903982251609,8
2880081,9.806588984294901,11
2880096,9.683076183109332,15
2880100,9.94765306295742,4
2880112,9.729677108535014,12
2880115,9.96703920362555,3
2880123,9.845303668703162,8
2880132,9.7932247538103,9
2880148,9.655097747554054,16
2880161,9.764381503844373,13
2880164,9.956929780373887,3
2880167,9.959641763839409,3
2880172,9.910474918963248,5
2880184,9.734799803596577,12
2880193,9.831217454293915,9
2880206,9.736580718403808,13
2880218,9.752468218835451,12
2880231,9.70082753109406,13
2880232,10.0,1
2880238,9.899582933995763,6
2880246,9.881069669395611,8
2880252,9.899261252081534,6
2880258,9.899826199264405,6
2880266,9.844523901479478,8
2880279,9.52832282104265,13
2880294,9.66556775514426,15
2880295,10.0,1
2880310,9.620359273466303,15
2880327,9.566609497689397,17
2880333,9.874108358127149,6
2880343,9.830472022550182,10
2880356,9.552927008752702,13
2880363,9.863881037977194,7
2880373,9.82154102679308,10
2880389,9.635951677145737,16
2880404,9.656194314119382,15
2880405,10.0,1
2880412,9.885383230493197,7
2880419,9.869122825035332,7
2880428,9.82415005911548,9
2880432,9.935303703673414,4
2880438,9.891237473630893,6
2880445,9.869639761440244,7
2880455,9.79246505872378,10
2880465,9.780119307276856,10
2880470,9.919412357310318,5
2880483,9.699789873488726,13
2880488,9.917935877153473,5
2880495,9.887914931178432,7
2880498,9.962677987321824,3
2880510,9.744133826264587,12
2880521,9.774116406384886,11
2880522,10.0,1
2880523,10.0,1
2880530,9.87665288105849,7
2880537,9.88548221605775,7
2880546,9.842712844682698,9
2880563,9.694836555995337,17
2880580,9.603617795773554,17
2880596,9.637919395609307,16
2880605,9.829197828374559,9
2880616,9.759506573104805,11
2880623,9.870862319035606,7
2880635,9.764656121842078,12
2880644,9.806595111198849,9
2880653,9.824777192522655,9
2880660,9.876788515399914,7
2880663,9.957115215626285,3
2880675,9.637164121912086,12
2880683,9.841857696051486,8
2880684,10.0,1
2880692,9.85605668783253,8
2880720,9.473601454761505,28
2880729,9.817119445756026,9
2880739,9.790871015859965,10
2880750,9.77710788884358,11
2880752,9.977716932864178,2
2880757,9.91334299406478,5
2880758,10.0,1
2880772,9.679103643508652,14
2880779,9.881069060797085,7
2880785,9.88908313789923,6
2880788,9.965009991266863,3
2880806,9.632515329231822,18
2880822,9.61708468377836,16
2880832,9.794870862455658,10
2880840,9.844146076824995,8
2880845,9.918438341891806,5
2880855,9.761882487054189,10
2880857,9.973945000169195,2
2880862,9.913210070397339,5
2880873,9.740842121061606,11
2880875,9.97326666130775,2
2880879,9.939574566904357,4
2880885,9.878832740161654,6
2880889,9.942114856537863,4
2880907,9.637818871183407,18
2880908,10.0,1
2880921,9.738886333479853,13
2880928,9.86479959103678,7
2880938,9.793653296363207,10
2880945,9.896094602133216,7
2880954,9.844762843451992,9
2880962,9.826010080141643,8
2880969,9.864292020720333,7
2880975,9.878667782865914,6
2880978,9.96502835525927,3
2880987,9.85822936751519,9
2880994,9.85769387068502,7
2881003,9.817120775808085,9
2881006,9.954550893859874,3
2881020,9.624445123345806,14
2881033,9.719024753979285,13
2881041,9.82283271003427,8
2881052,9.760923817218512,11
2881065,9.722249604392324,13
2881070,9.930672705643818,5
2881071,10.0,1
2881081,9.811446596542552,10
2881089,9.84520461329242,8
2881096,9.867158116412861,7
2881098,9.981770118355785,2
2881101,9.956887246277406,3
2881104,9.951465301661768,3
2881113,9.807697598845039,9
2881122,9.82370475637621,9
2881124,9.971983288101463,2
2881134,9.794861496652365,10
2881147,9.691585790254141,13
2881164,9.502820076068996,17
2881173,9.823547995305015,9
2881193,9.583017659955496,20
2881200,9.895085386517135,7
2881210,9.791117920710992,10
2881214,9.936035631861323,4
2881227,9.713446180514149,13
2881228,9.988933910236454,1
2881239,9.796730165709327,11
2881243,9.942122230405387,4
2881252,9.805551418247058,9
2881267,9.639399438538332,15
2881285,9.64774932246151,18
2881294,9.835129854218955,9
2881304,9.77228561315836,10
2881312,9.845799838736356,8
2881321,9.852596811020756,9
2881332,9.740439302154982,11
2881333,10.0,1
2881334,10.0,1
2881346,9.747144979432836,12
2881362,9.659816393217303,16
2881370,9.835704891737292,8
2881383,9.72447396954111,13
2881392,9.83258003050081,9
2881395,9.955780408263026,3
2881406,9.58495098588181,11
2881411,9.903999854335163,5
2881412,10.0,1
2881415,9.967290821206099,3
2881425,9.811903019518578,10
2881431,9.873100942693274,6
2881437,9.889900974060987,6
2881442,9.922176737345072,5
2881451,9.800414782969638,9
2881464,9.645614840724347,13
2881465,10.0,1
2881476,9.749674550114232,11
2881483,9.86929111106646,7
2881484,9.992888522074958,1
2881503,9.531247902320507,19
2881514,9.775526239801954,11
2881515,10.0,1
2881528,9.706892615228671,13
2881537,9.826327169014872,9
2881541,9.944335712094773,4
2881549,9.84639012240654,8
2881554,9.919572861622697,5
2881557,9.959814700719665,3
2881563,9.889942442365129,6
2881570,9.895898047009378,7
2881578,9.879604246776129,8
2881582,9.941082084469297,4
2881593,9.792380009213588,11
2881607,9.699045532122721,14
2881619,9.760789978518321,12
2881631,9.751479189485453,12
2881651,8.924512662493981,20
2881658,9.881220878658285,7
2881663,9.918581695859968,5
2881664,9.993050293288828,1
2881665,10.0,1
2881684,9.554267043986892,19
2881695,9.75072868119009,11
2881707,9.743038072065666,12
2881712,9.922874831735578,5
2881717,9.914337491012787,5
2881733,9.66753834597133,16
2881742,9.81623104814088,9
2881750,9.873819260208002,8
2881772,9.642402772231875,22
2881775,9.960272066652939,3
2881790,9.671405094919436,15
2881800,9.803008024078675,10
2881804,9.945504171838872,4
2881810,9.895972806285341,6
2881821,9.762233788503313,11
2881835,9.72639078078951,14
2881846,9.779135233658645,11
2881850,9.950374415301871,4
2881861,9.765492083225533,11
2881877,9.62526602637431,16
2881881,9.929728479966265,4
2881886,9.912601759020676,5
2881892,9.898670490712751,6
2881897,9.91557673259573,5
2881908,9.76676455876958,11
2881917,9.82008810618991,9
2881922,9.916624718578896,5
2881929,9.86836806371077,7
2881934,9.92581386210639,5
2881950,9.744197102386163,16
2881963,9.695891767928309,13
2881976,9.74903695276274,13
2881985,9.8043229300705,9
2881992,9.861772048423353,7
2882003,9.744944967346466,11
2882014,9.772411784075635,11
2882017,9.949931415194355,3
2882026,9.789745601384714,9
2882033,9.854530755226795,7
2882040,9.874539231190742,7
2882047,9.870921034634002,7
2882060,9.715946237044587,13
2882068,9.836411546180514,8
2882079,9.756613528047906,11
2882086,9.859264974303741,7
2882091,9.928630613344794,5
2882096,9.912083483128479,5
2882103,9.853386326142846,7
2882114,9.82883351691593,11
2882123,9.800754851399082,9
2882130,9.849241858288549,7
2882131,10.0,1
2882132,10.0,1
2882136,9.949207878261017,4
2882142,9.883301989410613,6
2882153,9.763957100395428,11
2882159,9.899055421700815,6
2882170,9.785208554407749,11
2882177,9.863769378245788,7
2882193,9.470460167964452,16
2882202,9.815741068080548,9
2882204,9.783937151669043,2
2882214,9.784792769372018,10
2882230,9.636463356314353,16
2882239,9.806802347787096,9
2882248,9.835804768202442,9
2882255,9.87941459977092,7
2882256,10.0,1
2882267,9.787167062567974,11
2882278,9.774129605232249,11
2882295,9.659535263885711,17
2882306,9.769594291073046,11
2882313,9.846705292186602,7
2882322,9.816491919753568,9
2882337,9.678283216922358,15
2882338,9.992507085263117,1
2882349,9.761035677522527,11
2882362,9.722549619160135,13
2882363,9.987581262219756,1
2882377,9.670612946886791,14
2882385,9.850754689409456,8
2882390,9.91664635844411,5
2882393,9.965466510610176,3
2882404,9.77981677813348,11
2882411,9.87708486984229,7
2882420,9.840871796068944,9
2882425,9.927026810006021,5
2882436,9.7698982396584,11
2882442,9.871384926556276,6
2882451,9.803931045250577,9
2882452,9.992555792472967,1
2882460,9.85103662853534,8
2882463,9.964643635529601,3
2882464,10.0,1
2882479,9.583477930602244,15
2882486,9.87584895439648,7
2882498,9.736486980238535,12
2882521,9.402236865971537,23
2882531,9.789713008021721,10
2882539,9.832785703001164,8
2882544,9.928569375392891,5
2882546,9.982105910408034,2
2882556,9.792765934614337,10
2882573,9.611226868335597,17
2882589,9.681269556810626,16
2882599,9.802916096583404,10
2882600,10.0,1
2882611,9.773894218418596,11
2882620,9.824609543208718,9
2882629,9.802208627524472,9
2882635,9.904877337141652,6
2882645,9.779300312005647,10
2882659,9.698065933275167,14
2882667,9.831066860810562,8
2882677,9.774197120470712,10
2882684,9.879578946796228,7
2882686,9.982584784905029,2
2882691,9.926481036205692,5
2882701,9.794911838307867,10
2882708,9.86490949205423,7
2882717,9.811245150954534,9
2882727,9.802339074922074,10
2882735,9.833128689418096,8
2882744,9.828548681236036,9
2882749,9.925137902416177,5
2882761,9.777913141701495,12
2882773,9.717477772592682,12
2882786,9.72335064225158,13
2882797,9.800635565401345,11
2882801,9.931594129398098,4
2882809,9.842265695134753,8
2882815,9.912684805834568,6
2882830,9.656291946189688,15
2882842,9.74649837022094,12
2882844,9.98307975494631,2
2882845,10.0,1
2882871,4.194580270626441,26
2882880,9.81913932147592,9
2882888,9.873877858509779,8
2882901,9.723665144597135,13
2882910,9.809878457625627,9
2882921,9.765582008944527,11
2882934,9.705234910918541,13
2882949,9.440021702686815,15
2882959,9.775394751638698,10
2882961,9.971673634393827,2
2882962,10.0,1
2882973,9.76362674293365,11
2882984,9.738213325947854,11
2882989,9.918584144393538,5
2883002,9.717675810224245,13
2883008,9.890605075592758,6
2883027,9.55717946706748,19
2883038,9.57291226844721,11
2883039,10.0,1
2883055,9.710303295017521,16
2883060,9.918173082338626,5
2883066,9.89129352505491,6
2883074,9.851853029965598,8
2883084,9.823735041975004,10
2883093,9.802875669613877,9
2883107,9.73164119954746,14
2883115,9.854258086288173,8
2883125,9.7965857423231,10
2883137,9.740237330698529,12
2883152,9.693980672122304,15
2883157,9.929105589307822,5
2883165,9.819406414649867,8
2883175,9.799903522654681,10
2883181,9.886606572524974,6
2883193,9.74680939031779,12
2883204,9.803680241722466,11
2883205,9.996384189501926,1
2883216,9.754250954732928,11
2883223,9.869953658618352,7
2883224,9.98728342374399,1
2883237,9.725187674881205,13
2883249,9.723565172429849,12
2883255,9.897319374111472,6
2883268,9.726753176285746,13
2883281,9.729370198092743,13
2883286,9.915203417646712,5
2883293,9.877203655432945,7
2883305,9.733202435284149,12
2883314,9.82012991974822,9
2883322,9.839329323539486,8
2883332,9.787852579320466,10
2883344,9.814840091417242,12
2883348,9.94966114024133,4
2883355,9.8715888435194,7
2883358,9.952323484317512,3
2883366,9.887671779015548,8
2883367,10.0,1
2883378,9.756665420983449,11
2883390,9.720925600392867,12
2883395,9.929108254622388,5
2883406,9.777042881467088,11
2883407,10.0,1
2883411,9.94455758435594,4
2883424,9.736053811864842,13
2883428,9.948504044045523,4
2883440,9.7274445127327,12
2883441,10.0,1
2883448,9.875827423694671,7
2883459,9.752684084249399,11
2883466,9.866357375802798,7
2883473,9.868557593389626,7
2883474,10.0,1
2883479,9.912753495181363,5
2883491,9.72436316254115,12
2883504,9.696547920804788,13
2883505,10.0,1
2883517,9.730881089365553,12
2883519,9.968252281889802,2
2883531,9.781141590015409,12
2883547,9.618907802475341,16
2883554,9.88414710664628,7
2883561,9.87276036834155,7
2883573,9.743180039368456,12
2883580,9.854177499083777,7
2883581,10.0,1
2883589,9.860098763910653,8
2883594,9.914059551139697,5
2883598,9.94347204453015,4
2883603,9.938854221337753,5
2883612,9.843508696718208,9
2883626,9.685805532684872,14
2883631,9.896009078218764,5
2883638,9.8577129528099,7
2883645,9.878085478064047,7
2883658,9.727223807659236,13
2883665,9.893999740578199,7
2883672,9.603066306747891,7
2883683,9.760541476092541,11
2883694,9.79646184088371,11
2883701,9.875556234582968,7
2883702,10.0,1
2883711,9.825815782107163,9
2883722,9.759103294864342,11
2883730,9.86398495436047,8
2883740,9.791927538342554,10
2883749,9.81362792360905,9
2883760,9.774702239947699,11
2883768,9.857322856711777,8
2883771,9.965115539702936,3
2883784,9.744685366707156,13
2883790,9.889000005505418,6
2883796,9.90127939090232,6
2883805,9.869078338598136,9
2883816,9.76937581319823,11
2883827,9.754243923280145,11
2883839,9.744135131699872,12
2883840,10.0,1
2883856,9.555358506955066,16
2883861,9.911436820401557,5
2883876,9.632811398357065,15
2883901,9.201851731458923,25
2883912,9.764181880668382,11
2883922,9.77216541229204,10
2883936,9.674840124021015,14
2883949,9.737419887201611,13
2883950,10.0,1
2883954,9.941382554452353,4
2883955,10.0,1
2883959,9.924598922028467,4
2883968,9.794074228645169,9
2883979,9.786425135698211,11
2883990,9.773991742855964,11
2883998,9.833535752363781,8
2884000,9.98082728733542,2
2884009,9.850210846575475,9
2884017,9.847029845155078,8
2884022,9.924153745751509,5
2884031,9.834512274941892,9
2884036,9.721909587825465,5
2884045,9.820182543777591,9
2884046,10.0,1
2884064,9.61703224810455,18
2884071,9.860917374456474,7
2884082,9.779157916064465,11
2884093,9.764877211847063,11
2884100,9.878759012484526,7
2884110,9.796681324315966,10
2884123,9.706628439140093,13
2884124,10.0,1
2884129,9.900142199023314,5
2884133,9.937551232388136,4
2884142,9.832396109512645,9
2884150,9.872515737203862,8
2884159,9.824564378120236,9
2884168,9.810824270204002,9
2884179,9.740200867497256,11
2884191,9.730405656065471,12
2884200,9.824166209437005,9
2884216,9.634570702409798,16
2884222,9.909500842295115,6
2884226,9.950769941291938,4
2884240,9.704339533316643,14
2884253,9.719841339379828,13
2884270,9.65297488118373,17
2884280,9.80507413447261,10
2884288,9.857822813250563,8
2884307,9.554296361871055,19
2884318,9.788086494319213,11
2884323,9.92817300796004,5
2884337,9.687793748806877,14
2884353,9.617457375006401,16
2884357,9.939366813645126,4
2884359,9.97943533572872,2
2884367,9.86311851454137,8
2884371,9.94710610350685,4
2884378,9.850313667918487,7
2884389,9.745983355312884,11
2884395,9.888652933760616,6
2884400,9.921799434938565,5
2884401,10.0,1
2884408,9.885119530698335,7
2884415,9.861510177963428,7
2884430,9.676048267478382,15
2884437,9.856862279509867,7
2884449,9.73890866162284,12
2884457,9.734139870768841,8
2884468,9.774104994560947,11
2884470,9.972163245362621,2
2884481,9.78320750165798,11
2884485,9.939887222648563,4
2884505,9.529283271631794,20
2884508,9.964412435653406,3
2884509,10.0,1
2884510,10.0,1
2884525,9.67602871441657,15
2884529,9.93866603489846,4
2884542,9.7095376071504,13
2884555,9.756642416489838,13
2884557,9.98021155332974,2
2884565,9.835979920841353,8
2884572,9.768783631090878,7
2884579,9.907048702011505,7
2884596,9.57608713586924,17
2884604,9.843207759751163,8
2884611,9.881473723353839,7
2884615,9.936922811479706,4
2884628,9.736810474938846,13
2884633,9.915736519273324,5
2884641,9.851451403607323,8
2884654,9.693667739538224,13
2884671,9.59475111748,17
2884678,9.866662357700562,7
2884684,9.875871306718821,6
2884688,9.943264272254277,4
2884705,6.6001341702756156,17
2884709,9.937455786812816,4
2884715,9.883839538309143,6
2884730,9.65329605162128,15
2884736,9.891315617163437,6
2884739,9.961424775399154,3
2884740,10.0,1
2884744,9.945772612676958,4
2884767,9.283736172244794,23
2884775,9.854862292047017,8
2884787,9.734052440430002,12
2884793,9.89765987928652,6
2884795,9.975863997973816,2
2884810,9.627936762670368,15
2884817,9.879181802133989,7
2884830,9.725273008353522,13
2884838,9.826840847180339,8
2884850,9.619432301783977,12
2884854,9.935794291510552,4
2884857,9.960708014811045,3
2884867,9.815244796333833,10
2884872,9.902812754873976,5
2884880,9.834341526245337,8
2884897,9.573216590044677,17
2884898,10.0,1
2884901,9.954173643996153,3
2884910,9.82299816733926,9
2884935,8.117761226143385,25
2884950,9.589117313611792,15
2884961,9.74902211826354,11
2884971,9.817880112059784,10
2884974,9.962313719824904,3
2884975,10.0,1
2884983,9.842835950606851,8
2884989,9.8938116308439,6
2884998,9.83779880664963,9
2885003,9.91285005055432,5
2885009,9.896706209033205,6
2885014,9.908555080497305,5
2885028,9.719203347164841,14
2885031,9.964971367689754,3
2885032,10.0,1
2885041,9.835316108279304,9
2885051,9.763061135389892,10
2885062,9.770040301334879,11
2885070,9.833686641566462,8
2885081,9.76473259395065,11
2885085,9.947137297275598,4
2885097,9.7423841972414,12
2885105,9.852810433700192,8
2885106,10.0,1
2885112,9.918189169348006,6
2885115,9.963413589460522,3
2885119,9.952656793505195,4
2885125,9.923851314371689,6
2885126,10.0,1
2885129,9.96851620391752,3
2885132,9.959314806382329,3
2885144,9.765285791636474,12
2885153,9.816403424905118,9
2885165,9.743468783027545,12
2885178,9.750918382883462,13
2885179,9.996030406881006,1
2885186,9.869399355140096,7
2885192,9.90724744437999,6
2885198,9.888986918798377,6
2885206,9.879911403341524,8
2885211,9.908132486748583,5
2885212,10.0,1
2885218,9.882964098117624,6
2885224,9.88715998082387,6
2885235,9.767190736719586,11
2885236,10.0,1
2885246,9.787236443277584,10
2885247,10.0,1
2885255,9.827933599302977,8
2885260,9.924071922356179,5
2885271,9.757971490559626,11
2885272,10.0,1
2885279,9.867459069495142,7
2885287,9.852013714653424,8
2885302,9.655483944020437,15
2885313,9.780727009698513,11
2885316,9.961644306300846,3
2885322,9.904568437439353,6
2885332,9.823545465314155,10
2885334,9.97822116338391,2
2885348,9.692651214036632,14
2885355,9.869327977818712,7
2885369,9.7037353677963,14
2885377,9.844903526474852,8
2885384,9.883001302635892,7
2885390,9.8855081383623,6
2885392,9.985341721952675,2
2885398,9.894793621403762,6
2885413,9.685421346487582,15
2885425,9.746685973034788,12
2885433,9.822767280200093,8
2885439,9.910162820703327,6
2885447,9.854757597194808,8
2885448,10.0,1
2885456,9.821504748203294,8
2885463,9.875897589330595,7
2885475,9.712038881240545,12
2885485,9.816243945815105,10
2885493,9.835470813817446,8
2885498,9.931873244968791,5
2885503,9.906316266126666,5
2885520,9.633178778949565,17
2885530,9.807491722388502,10
2885535,9.918960710130703,5
2885551,9.648256544180382,16
2885562,9.778865801782361,11
2885563,10.0,1
2885569,9.888918663699286,6
2885575,9.913074578345293,6
2885587,9.763423302791427,12
2885601,9.705871760962944,14
2885609,9.817243270717123,8
2885610,10.0,1
2885621,9.381913029427567,11
2885626,9.916705383011724,5
2885631,9.929485653810895,5
2885639,9.837551208727847,8
2885640,10.0,1
2885647,9.86887010196295,7
2885667,9.505546297125155,20
2885668,10.0,1
2885677,9.808384530092223,9
2885693,9.655303475971373,16
2885699,9.910384267636466,6
2885706,9.847968692613309,7
2885711,9.908388840024106,5
2885721,9.807126737464653,10
2885729,9.879861758680022,8
2885737,9.84539265762272,8
2885750,9.712501634566488,13
2885751,10.0,1
2885754,9.962636690550934,3
2885764,9.8190364893677,10
2885765,9.99334752689765,1
2885776,9.768442913251734,11
2885785,9.83840749458004,9
2885791,9.874255321618737,6
2885792,9.992995564147202,1
2885797,9.91971510462033,5
2885802,9.932246007582048,5
2885811,9.80546524364092,9
2885820,9.822267582480885,9
2885825,9.930213794500121,5
2885833,9.841373064893784,8
2885845,9.727792240711269,12
2885857,9.746069040400597,12
2885868,9.743382642912664,11
2885873,9.923632138990943,5
2885876,9.969916899649277,3
2885886,9.810761963492197,10
2885890,9.938711518826794,4
2885893,9.95859794743731,3
2885899,9.902380289759568,6
2885901,9.97656936554413,2
2885908,9.876291456530124,7
2885915,9.877560653192951,7
2885930,9.68098855292921,15
2885934,9.929310706149456,4
2885944,9.821542322265593,10
2885953,9.811794446932897,9
2885970,9.623554594617232,17
2885977,9.875782411861934,7
2885981,9.927072089770457,4
2885988,9.864991708862952,7
2885995,9.861812719944105,7
2886008,9.719264481793681,13
2886009,9.993012153643075,1
2886018,9.80540603551996,9
2886031,9.731115755572192,13
2886032,10.0,1
2886034,9.973232808787703,2
2886035,10.0,1
2886036,10.0,1
2886041,9.904749429918223,5
2886042,10.0,1
2886043,10.0,1
2886051,9.745117667695014,8
2886064,9.728416733443341,13
2886082,9.497625339570778,18
2886090,9.845096855706165,8
2886093,9.950400233544912,3
2886103,9.825482216766236,10
2886116,9.694059878584243,13
2886126,9.797217733358195,10
2886134,9.867302925116354,8
2886141,9.855924116171337,7
2886162,9.381966841678164,21
2886176,9.680944067597732,14
2886177,9.989541595757803,1
2886182,9.932452083339603,5
2886189,9.846942843912213,7
2886195,9.89394387580324,6
2886204,9.822123767969995,9
2886213,9.799076497849764,9
2886224,9.77475020945297,11
2886226,9.9775508836493,2
2886227,9.996656397260917,1
2886242,9.655542937562796,15
2886243,10.0,1
2886254,9.78032232904771,11
2886258,9.923900730093397,4
2886265,9.869826994080448,7
2886272,9.881400953001963,7
2886274,9.984694837430432,2
2886281,9.853662999435487,7
2886289,9.870905764874763,8
2886298,9.807222150212423,9
2886311,9.684716356239186,13
2886317,9.906078174715953,6
2886330,9.669628291508994,13
2886341,9.754634994453601,11
2886342,10.0,1
2886353,9.79192436569548,11
2886362,9.796210708397538,9
2886373,9.773789831364505,11
2886380,9.903574413464039,7
2886384,9.92797884226852,4
2886390,9.92164958219422,6
2886400,9.811884952908517,10
2886413,9.726123356800478,13
2886422,9.811832244876882,9
2886459,9.294827459838809,37
2886473,9.673628313809623,14
2886484,9.779661297227205,11
2886495,9.582113537679897,11
2886508,9.706199633658194,13
2886514,9.910689429246501,6
2886521,9.890017383826015,7
2886527,9.891186080439509,6
2886532,9.905936833274252,5
2886536,9.954338441638313,4
2886544,9.846779507376215,8
2886547,9.95547220644551,3
2886561,9.689666199062282,14
2886571,9.793423049170915,10
2886591,9.569352694752869,20
2886601,9.810404221300699,10
2886611,9.787960801473885,10
2886625,9.697718949538894,14
2886636,9.765025229620152,11
2886651,9.701592327426251,15
2886679,9.263947141056429,28
2886696,9.635862272408403,17
2886699,9.948326107266961,3
2886704,9.925459680694287,5
2886712,9.84365694846515,8
2886715,9.962667117341024,3
2886726,9.762894206425948,11
2886734,9.860636753082849,8
2886746,9.442715183082072,12
2886762,9.625327123359773,16
2886763,9.989113014852192,1
2886766,9.943219884016763,3
2886775,9.724192769329385,9
2886781,9.900237664187724,6
2886785,9.933096501001263,4
2886790,9.926482599471676,5
2886797,9.871464838442067,7
2886801,9.928334025837135,4
2886805,9.945245690819505,4
2886806,9.992563123082315,1
2886808,9.976368737975092,2
2886826,9.401728460262913,18
2886828,9.984396065063939,2
2886837,9.80940070837067,9
2886838,9.996305838841892,1
2886851,9.713239899091406,13
2886852,10.0,1
2886860,9.849340195761169,8
2886870,9.801231423342914,10
2886878,9.864494014324363,8
2886887,9.819544522829679,9
2886901,9.643910583316218,14
2886914,9.69909668644401,13
2886917,9.964310488671408,3
2886930,9.706280218264805,13
2886931,10.0,1
2886932,10.0,1
2886938,9.874254750384123,6
2886947,9.81817201054348,9
2886957,9.784407515573202,10
2886958,9.988641953478345,1
2886962,9.945148496737312,4
2886973,9.774264237488872,11
2886979,9.895005775941105,6
2886986,9.874697387949668,7
2886997,9.755498470765632,11
2887007,9.792553220704258,10
2887012,9.937560777814165,5
2887018,9.900402890174385,6
2887031,9.743511896418822,13
2887041,9.785869409940537,10
2887050,9.801141436516497,9
2887062,9.72308971854086,12
2887078,9.650529349961676,16
2887085,9.883255606842532,7
2887086,10.0,1
2887091,9.938780802691436,5
2887098,9.868578881650631,7
2887101,9.95563826237862,3
2887107,9.90768511167886,6
2887115,9.83705941160715,8
2887123,9.82316650624069,8
2887124,9.98910592320024,1
2887135,9.744972529719206,11
2887136,10.0,1
2887140,9.937130399149874,4
2887144,9.93309606023651,4
2887149,9.923913175876477,5
2887158,9.856787364303532,9
2887161,9.957959646324424,3
2887168,9.87390904123281,7
2887179,9.807507071803705,11
2887192,9.745535805840234,13
2887195,9.950567251628625,3
2887206,9.758075610644688,11
2887215,9.816278909063907,9
2887229,9.70165180800782,14
2887241,9.737382631706417,12
2887252,9.761205161279397,11
2887263,9.775383378661207,11
2887271,9.841300953695706,8
2887274,9.957045119881162,3
2887284,9.79613384113438,10
2887298,9.678700551013419,14
2887306,9.863860144825598,8
2887317,9.782889157727801,11
2887325,9.820538867611527,8
2887329,9.93580442773044,4
2887337,9.834812749748084,8
2887348,9.769056135104453,11
2887357,9.820005485531228,9
2887363,9.906081845840413,6
2887371,9.841685657978188,8
2887384,9.761712401746504,13
2887386,9.981741993167756,2
2887392,9.889080824769081,6
2887398,9.899749073240747,6
2887406,9.867049357634412,8
2887412,9.8962216441263,6
2887422,9.588984885076517,10
2887431,9.82023131452336,9
2887442,9.74327573959999,11
2887450,9.84595595258293,8
2887463,9.697006149261753,13
2887464,10.0,1
2887468,9.942397517667004,4
2887477,9.825855500298529,9
2887488,9.792387206435066,11
2887489,10.0,1
2887492,9.957205943345098,3
2887493,10.0,1
2887507,9.709390237963692,14
2887515,9.892993410046053,8
2887516,10.0,1
2887532,9.67252566831846,16
2887543,9.773747873975527,11
2887561,9.598888600450152,18
2887572,9.759660952343818,11
2887581,9.83229822079882,9
2887598,9.583024277745803,17
2887599,10.0,1
2887611,9.73317321614321,12
2887624,9.726067418519996,13
2887634,9.796018179871249,10
2887635,10.0,1
2887649,9.678941258473648,14
2887657,9.857299989826053,8
2887669,9.745701824556342,12
2887680,9.794215179553865,11
2887695,9.65345378757454,15
2887701,9.905808360946056,6
2887707,9.915759154721403,6
2887718,9.779901854282945,11
2887721,9.969101859292962,3
2887734,9.734421697008282,13
2887746,9.731779675765473,12
2887761,9.390488904032138,15
2887773,9.733753636922087,12
2887782,9.817823491499219,9
2887789,9.899264088648026,7
2887804,9.646106281371942,15
2887819,9.660360356724473,15
2887824,9.906284304269409,5
2887829,9.919199217215153,5
2887839,9.77793791839158,10
2887853,9.68307357193018,14
2887859,9.885185886391252,6
2887872,9.699227295961535,13
2887877,9.905778942159282,5
2887883,9.893398976067058,6
2887897,9.684416692818205,14
2887898,10.0,1
2887914,9.71691930018501,16
2887921,9.905397889683764,7
2887933,9.75713275312705,12
2887934,9.996227512435691,1
2887948,9.687790981478265,14
2887951,9.95847289739344,3
2887952,10.0,1
2887959,9.67203195659637,7
2887966,9.871360467358747,7
2887973,9.885562781147941,7
2887996,9.493961266758435,23
2887999,9.956568952431983,3
2888015,9.639321729156187,16
2888027,9.754687542443424,12
2888030,9.968519711062743,3
2888037,9.89096697853801,7
2888046,9.862738304120693,9
2888051,9.80968736852605,5
2888061,9.784098623123375,10
2888069,9.851802014416586,8
2888075,9.917125445361705,6
2888082,9.869354507528042,7
2888089,9.83948123706452,7
2888095,9.892354389272812,6
2888096,10.0,1
2888106,9.807195906699095,10
2888118,9.764821485854192,12
2888134,9.619398237795766,16
2888145,9.776729335980685,11
2888156,9.764673616534619,11
2888168,9.763212040087376,12
2888179,9.790333126076623,11
2888186,9.87458133955282,7
2888193,9.863183508501233,7
2888206,9.731497980154694,13
2888215,9.809439025138165,9
2888226,9.76670516268919,11
2888227,10.0,1
2888241,9.384814936818085,14
2888246,9.907696163547397,5
2888249,9.955443887141733,3
2888260,9.792454167101845,11
2888273,9.703021402973661,13
2888289,9.641105139329959,16
2888301,9.571859496242618,12
2888304,9.959365943959666,3
2888321,9.669323564889563,17
2888331,9.829436366500701,10
2888345,9.555975048345177,14
2888361,9.6359947567863,16
2888373,9.740391709276068,12
2888379,9.897751424587582,6
2888393,9.563370081601583,14
2888404,9.761190626271198,11
2888415,9.789340363973144,11
2888426,9.74420704930708,11
2888427,9.99296966587014,1
2888428,10.0,1
2888438,9.807981612782843,10
2888447,9.796976431774544,9
2888454,9.896926465618769,7
2888463,9.838005153898214,9
2888477,9.696386508033791,14
2888487,9.753306902581434,10
2888501,9.707170827353249,14
2888505,9.949870532708449,4
2888507,9.968162636098988,2
2888518,9.769360889875117,11
2888521,9.969687528534225,3
2888525,9.940405447914328,4
2888532,9.88710217516065,7
2888542,9.825240607051713,10
2888546,9.955037233696808,4
2888553,9.850917498726679,7
2888563,9.806813082412384,10
2888571,9.830537383155285,8
2888577,9.91222404381053,6
2888590,9.748026221325588,13
2888600,9.819638681481038,10
2888608,9.839180355979614,8
2888609,10.0,1
2888623,9.679113054381045,14
2888638,9.653819002578727,15
2888639,10.0,1
2888652,9.7250309305093,13
2888656,9.93215007036636,4
2888663,9.873457096823428,7
2888674,9.76566818223417,11
2888675,10.0,1
2888679,9.9399129499555,4
2888690,9.745157604149165,11
2888698,9.849707962251246,8
2888706,9.86445366571876,8
2888710,9.934516287516571,4
2888719,9.82751022923074,9
2888729,9.813597544100508,10
2888736,9.881872876847039,7
2888740,9.928033148563534,4
2888750,9.790280864176559,10
2888751,10.0,1
2888760,9.826458085569667,9
2888769,9.810762020672527,9
2888779,9.790500734099153,10
2888786,9.885512250623115,7
2888801,9.692079475515087,15
2888815,9.702194170695527,14
2888832,9.585342866012734,17
2888841,9.825825602413401,9
2888849,9.840587365604208,8
2888863,9.713131106460633,14
2888876,9.731588311737344,13
2888884,9.837108156864044,8
2888885,9.989030763914673,1
2888895,9.78289569803577,10
2888907,9.764148846914269,12
2888917,9.804379240379733,10
2888918,10.0,1
2888928,9.810402294648672,10
2888932,9.943486202350298,4
2888941,9.828168715426141,9
2888954,9.717992954132361,13
2888964,9.818454010547173,10
2888965,10.0,1
2888970,9.92539360892835,5
2888983,9.698770089854085,13
2888993,9.801305210027584,10
2889005,9.730410982721219,12
2889017,9.762930256211188,12
2889027,9.80698867606823,10
2889035,9.837335538816978,8
2889048,9.729826389661621,13
2889051,9.964810744634349,3
2889060,9.84081810562967,9
2889077,9.629411020184298,17
2889078,9.993130887719628,1
2889089,9.824258962531903,11
2889104,9.690432999360835,15
2889114,9.791642848574794,10
2889125,9.749087384321216,11
2889130,9.926662359895206,5
2889136,9.903726042716038,6
2889137,9.993012595514907,1
2889141,9.92871082269622,4
2889156,9.568020823396328,15
2889165,9.809977934910396,9
2889166,10.0,1
2889171,9.927163797897087,5
2889183,9.757215192638098,12
2889184,9.99234719254576,1
2889185,10.0,1
2889189,9.949486821565934,4
2889193,9.949484578085897,4
2889196,9.961188160630682,3
2889204,9.83626781670026,8
2889205,9.99316986789215,1
2889206,10.0,1
2889219,9.76076790487252,13
2889231,9.723737050224848,12
2889238,9.86133514326337,7
2889245,9.903463492318819,7
2889253,9.838785580278733,8
2889264,9.804347912542067,11
2889275,9.781020058475969,11
2889281,9.877739509867652,6
2889284,9.95876735663649,3
2889287,9.951434677948834,3
2889300,9.751533828761634,13
2889302,9.970860561895321,2
2889309,9.873610366444844,7
2889310,10.0,1
2889320,9.796290839682575,10
2889332,9.749301629705869,12
2889341,9.82645564910905,9
2889352,9.768266709052684,11
2889360,9.841024347618632,8
2889361,10.0,1
2889367,9.905253975160363,6
2889379,9.745122068638068,12
2889394,9.639127079066869,15
2889400,9.892699279086727,6
2889405,9.928359591506819,5
2889412,9.86769582864767,7
2889416,9.950074346663563,4
2889429,9.714669147622915,13
2889438,9.822171386365412,9
2889444,9.893175759101329,6
2889446,9.978856544638381,2
2889458,9.753927066132341,12
2889466,9.85190485701648,8
2889470,9.939215714815141,4
2889477,9.851810745910772,7
2889480,9.947835426655049,3
2889484,9.937215412379697,4
2889485,10.0,1
2889494,9.816484971542287,9
2889504,9.771699129969926,10
2889510,9.887407074454291,6
2889516,9.909574914251737,6
2889521,9.909779056236253,5
2889527,9.905070595962027,6
2889532,9.908974771988245,5
2889535,9.969369037012,3
2889541,9.895246589639886,6
2889542,9.996604030018041,1
2889546,9.94212683894016,4
2889555,9.835346107220545,9
2889569,9.67900131694874,14
2889575,9.901488944757022,6
2889589,9.706706513167822,14
2889600,9.799737585216892,11
2889605,9.919180394074372,5
2889616,9.776030013984814,11
2889627,9.745821088474747,11
2889638,9.81800142898334,11
2889645,9.905513196467213,7
2889655,9.796662621000534,10
2889656,10.0,1
2889663,9.881593962773124,7
2889669,9.910133386143588,6
2889674,9.923569785571456,5
2889681,9.873908423799664,7
2889694,9.556736511246093,13
2889701,9.878647256436315,7
2889715,9.688565149446156,14
2889726,9.758799354262447,11
2889743,9.611715216593163,17
2889753,9.772026931388055,10
2889762,9.811272626059326,9
2889763,10.0,1
2889769,9.892669288262857,6
2889778,9.848976620549392,9
2889786,9.838797429359502,8
2889796,9.67077984541268,10
2889804,9.830190335726222,8
2889805,10.0,1
2889817,9.767256341720401,12
2889823,9.88767478457199,6
2889830,9.866358738972247,7
2889842,9.757585232935323,12
2889851,9.815461644237644,9
2889856,9.921365525266404,5
2889859,9.945446286154693,3
2889871,9.73133987865294,12
2889882,9.5717971617962,11
2889885,9.966126871464567,3
2889891,9.788741387978558,6
2889899,9.872366253613722,8
2889902,9.953008525096903,3
2889906,9.924471920200288,4
2889915,9.826028899686298,9
2889938,9.211570716871451,23
2889950,9.738741609056957,12
2889955,9.931658934154456,5
2889966,9.777355374155567,11
2889972,9.904780758120788,6
2889981,9.803344189996002,9
2889990,9.809447584575215,9
2890001,9.784319315402529,11
2890014,9.621042941204978,13
2890039,9.323963052288102,25
2890045,9.902269354493882,6
2890056,9.759245094166468,11
2890057,9.988692491897242,1
2890067,9.805609654909526,10
2890075,9.85812813276436,8
2890087,9.735692013309416,12
2890097,9.789500332670567,10
2890110,9.717426006225523,13
2890120,9.783381630182259,10
2890131,9.769053383269364,11
2890135,9.945498730539597,4
2890145,9.787037365941432,10
2890151,9.872649536588419,6
2890166,9.568513784271563,15
2890170,9.920641078829215,4
2890184,9.684027509617076,14
2890195,9.771640137263805,11
2890207,9.76219304857531,12
2890223,9.619972343773863,16
2890236,9.695571117635044,13
2890239,9.949838670605534,3
2890249,9.792807540524121,10
2890253,9.943671095709076,4
2890269,9.636079045349302,16
2890271,9.983395076347128,2
2890280,9.829475298852778,9
2890294,9.697310675302301,14
2890295,10.0,1
2890303,9.82473508832388,8
2890309,9.872634045904709,6
2890324,9.659358614612902,15
2890334,9.792613627822174,10
2890342,9.842222010118336,8
2890344,9.974709902019065,2
2890361,9.56112722261737,17
2890373,9.783624348640153,12
2890388,9.64648996859061,15
2890394,9.89788015231923,6
2890403,9.810977488953915,9
2890418,9.666437343276987,15
2890431,9.703056717639566,13
2890436,9.90822304417767,5
2890445,9.791869371625424,9
2890446,10.0,1
2890454,9.8243893516017,8
2890480,9.515421626552476,26
2890488,9.821805718367155,8
2890499,9.721814355601968,11
2890513,9.70432529928982,14
2890526,9.681734415388334,13
2890539,9.725732719552957,13
2890546,9.855971594369828,7
2890555,9.836728652283012,9
2890560,9.940152576713412,5
2890567,9.875976579483899,7
2890580,9.717192874492206,13
2890593,9.711538217329485,13
2890600,9.845982161709909,7
2890609,9.825380210444909,9
2890621,9.740556872600706,12
2890625,9.933675811513735,4
2890633,9.656346527662253,8
2890648,9.700234481800814,15
2890655,9.852624324365108,7
2890670,9.651617894039813,15
2890687,9.42649721226216,17
2890694,9.68317033523488,7
2890707,9.684736025693327,13
2890715,9.728476872173479,8
2890734,9.55424196210583,19
2890739,9.917999887014302,5
2890746,9.877004289211177,7
2890748,9.974842158609919,2
2890755,9.868992975774125,7
2890766,9.769470131754206,11
2890771,9.910610303761912,5
2890780,9.819252882312066,9
2890785,9.912837482698267,5
2890788,9.95677035418659,3
2890789,10.0,1
2890793,9.947066705686522,4
2890804,9.756507102980812,11
2890810,9.89961207634972,6
2890826,9.664334141402628,16
2890835,9.855161292196804,9
2890845,9.800105351854166,10
2890853,9.85274765918951,8
2890864,9.535345299034875,11
2890868,9.941025138700269,4
2890882,9.678608165892097,14
2890892,9.790436680710645,10
2890905,9.745454364319844,13
2890908,9.956514510245206,3
2890916,9.820234647775402,8
2890923,9.849411425067927,7
2890924,9.988932457701626,1
2890936,9.733529384564338,12
2890941,9.925086950658768,5
2890942,10.0,1
2890943,10.0,1
2890954,9.7880933940852,11
2890965,9.770775033576511,11
2890969,9.941499431292785,4
2890970,9.992934998888469,1
2890974,9.934693080075322,4
2890982,9.857700235134807,8
2890983,10.0,1
2890993,9.808693889545022,10
2891001,9.83219942471969,8
2891006,9.911425238389985,5
2891019,9.691850165263306,13
2891029,9.77506590054795,10
2891041,9.787092594280123,12
2891050,9.831946921714312,9
2891062,9.752158190134192,12
2891071,9.815913302832596,9
2891082,9.738859406608977,11
2891083,10.0,1
2891086,9.955784745671924,3
2891092,9.888089108212819,6
2891096,9.939112769119616,4
2891097,10.0,1
2891107,9.78726804266174,10
2891113,9.89705122701083,6
2891119,9.89988079448246,6
2891124,9.926918565429009,5
2891131,9.867235241770839,7
2891143,9.754404834466444,12
2891155,9.66373654822358,12
2891166,9.750726331889958,11
2891180,9.689420109211158,14
2891185,9.9115527454364,5
2891189,9.948188673096295,4
2891207,9.582369551770684,18
2891215,9.74377575749176,8
2891216,10.0,1
2891225,9.796726952891238,9
2891239,9.690985832819681,14
2891246,9.875943763791483,7
2891265,9.549842312160521,19
2891277,9.727804219697115,12
2891282,9.914264699070443,5
2891286,9.936872487408476,4
2891291,9.91504281227245,5
2891308,9.68981661983935,17
2891315,9.881486394793964,7
2891320,9.911346147418808,5
2891328,9.856246254002851,8
2891334,9.894519088260967,6
2891342,9.868042967152167,8
2891349,9.861218820112132,7
2891359,9.801188654740525,10
2891373,9.70834222636012,14
2891379,9.89257939487023,6
2891387,9.833288476866029,8
2891395,9.83425113896872,8
2891407,9.720894054153526,12
2891418,9.769131599061296,11
2891421,9.956570987911842,3
2891432,9.759984751874468,11
2891442,9.791092991646503,10
2891449,9.875868922607578,7
2891457,9.855794133776286,8
2891462,9.919983869084218,5
2891467,9.929796403303994,5
2891477,9.78325375273727,10
2891491,9.693686212770057,14
2891492,10.0,1
2891498,9.88437839305444,6
2891510,9.74778507197734,12
2891521,9.749580668956021,11
2891527,9.88706314092182,6
2891541,9.717409282794579,14
2891547,9.893643820885705,6
2891550,9.961718562966027,3
2891559,9.871553579104207,9
2891567,9.84497995589397,8
2891579,9.73074802226114,12
2891592,9.716768228701707,13
2891600,9.84681151188224,8
2891614,9.617413102573476,14
2891619,9.933529448265174,5
2891632,9.715257758564162,13
2891642,9.794810099262005,10
2891645,9.964611326394747,3
2891655,9.80710271458867,10
2891664,9.796199699817045,9
2891681,9.647465095717372,17
2891698,9.640703825852304,17
2891708,9.811412045145532,10
2891723,9.71074568292777,15
2891727,9.949421338670058,4
2891743,9.649027986915847,16
2891748,9.925187012425603,5
2891757,9.833593645268351,9
2891764,9.859438540319253,7
2891777,9.720511836103835,13
2891782,9.917820715308473,5
2891793,9.769637244560776,11
2891800,9.864463006056104,7
2891811,9.764989141108945,11
2891812,10.0,1
2891832,8.597737345754393,20
2891840,9.876670666981676,8
2891852,9.744474821889954,12
2891862,9.776917692745926,10
2891870,9.840699877301269,8
2891877,9.880576499188415,7
2891884,9.870749923354762,7
2891890,9.885573074710432,6
2891896,9.898200206897494,6
2891910,9.708026767488358,14
2891927,9.596744291122572,17
2891934,9.871204985810618,7
2891938,9.942386485103391,4
2891946,9.846271577890713,8
2891949,9.954674851673033,3
2891962,9.717129507975551,13
2891972,9.79249985276177,10
2891982,9.820939414159298,10
2891989,9.667615998627022,7
2891999,9.798132658224226,10
2892013,9.68959187468626,14
2892022,9.811464858294393,9
2892038,9.667477715978459,16
2892045,9.860131211103397,7
2892052,9.866269776099003,7
2892059,9.876887938052343,7
2892068,9.847417439337805,9
2892073,9.915740634215222,5
2892084,9.76419786910364,11
2892095,9.811891216261731,11
2892108,9.711126008681244,13
2892116,9.815728316255196,8
2892129,9.745364146628523,13
2892143,9.697026678468381,14
2892159,9.662499491681798,16
2892162,9.950741762306324,3
2892174,9.725130865456817,12
2892182,9.817306741710457,8
2892191,9.831994063987178,9
2892199,9.845856021278665,8
2892211,9.414446888821626,12
2892218,9.902219458457244,7
2892235,9.60677465877236,17
2892240,9.904839401662281,5
2892250,9.780451673757584,10
2892253,9.956597065791414,3
2892263,9.797060059546185,10
2892264,10.0,1
2892269,9.907756127650932,5
2892279,9.792797623279895,10
2892280,10.0,1
2892281,9.988232448594365,1
2892291,9.771981441893425,10
2892305,9.684361027466052,14
2892315,9.794242032874399,10
2892321,9.880835137535502,6
2892322,10.0,1
2892331,9.800194751341392,9
2892340,9.819845568824364,9
2892343,9.962200459550623,3
2892354,9.739087764357308,11
2892360,9.880157915625196,6
2892368,9.832693255792801,8
2892370,9.974319876151826,2
2892378,9.876624727408585,8
2892395,9.519844230392398,17
2892415,9.569997023408773,20
2892425,9.789932322001285,10
2892436,9.769137089920347,11
2892445,9.80242280084121,9
2892453,9.866648176933186,8
2892459,9.879922495092725,6
2892470,9.74509236314248,11
2892483,9.52103511260318,13
2892497,9.688202518695295,14
2892501,9.931024086415487,4
2892505,9.949357451500912,4
2892509,9.936238655386758,4
2892520,9.809508308552264,11
2892527,9.859206671043566,7
2892537,9.773050183361423,10
2892548,9.769708481156576,11
2892553,9.91517683033054,5
2892569,9.621680141814597,16
2892593,9.355833846520255,24
2892602,9.799625271419155,9
2892610,9.841659594942266,8
2892628,9.60394085044329,18
2892630,9.974032946240737,2
2892645,9.667744787895035,15
2892646,10.0,1
2892661,9.632831789322246,15
2892671,9.781231054835256,10
2892679,9.847972999084279,8
2892694,9.654594238083055,15
2892702,9.834053412584606,8
2892707,9.918237485934077,5
2892711,9.926528992203114,4
2892723,9.744160009608144,12
2892732,9.826159012212864,9
2892741,9.824333345105758,9
2892751,9.801033179195281,10
2892760,9.830462771856325,9
2892774,9.674044050796699,14
2892784,9.79612005205162,10
2892794,9.779371228987772,10
2892800,9.896294243361137,6
2892811,9.77674471230791,11
2892829,9.557586341212039,18
2892842,9.72182627226417,13
2892850,9.864289280297655,8
2892865,9.681156463974114,15
2892870,9.938159959986159,5
2892871,10.0,1
2892876,9.91617621529304,5
2892884,9.84482707164888,8
2892898,9.678197595858787,14
2892906,9.855003340291825,8
2892919,9.718442913729884,13
2892924,9.926305369136653,5
2892925,10.0,1
2892932,9.892576722010451,7
2892940,9.852382272781725,8
2892950,9.786887464175503,10
2892958,9.877792979893545,8
2892967,9.822142863078819,9
2892974,9.867453698139663,7
2892982,9.835769457940787,8
2892992,9.806963866488228,10
2892995,9.946566745017117,3
2893011,9.621710117863572,16
2893021,9.787761478785612,10
2893022,10.0,1
2893025,9.953973636439368,3
2893035,9.827536033394484,10
2893045,9.810718877581236,10
2893049,9.941655024481475,4
2893058,9.814801670332887,9
2893066,9.857134752201905,8
2893076,9.796051939360074,10
2893089,9.75916836942337,13
2893097,9.83301602521316,8
2893106,9.807294714375917,9
2893112,9.912888354774658,6
2893119,9.877705293207809,7
2893130,9.782711780438799,11
2893131,10.0,1
2893141,9.813706340796248,10
2893148,9.877342932672335,7
2893153,9.935213641188813,5
2893158,9.900475976518154,5
2893159,10.0,1
2893160,9.992089168211217,1
2893177,9.653363408891234,17
2893183,9.896922398124735,6
2893192,9.824172296973137,9
2893200,9.84153627310751,8
2893204,9.940074154403524,4
2893214,9.783549795085971,10
2893228,9.762239794397066,14
2893239,9.753409620343886,11
2893252,9.723803902339082,13
2893265,9.700140797384057,13
2893277,9.75249415502216,12
2893286,9.808027408781621,9
2893296,9.788637138134698,10
2893302,9.890547694463844,6
2893303,9.98991934684762,1
2893304,9.9966452807214,1
2893311,9.872345361523028,7
2893326,9.556919323769078,15
2893329,9.965284309293468,3
2893338,9.738160144126274,9
2893346,9.849997482618475,8
2893348,9.977904467926416,2
2893355,9.854997299815722,7
2893361,9.889258725667503,6
2893376,9.666042151259864,15
2893387,9.782571304924232,11
2893393,9.90070490670003,6
2893404,9.758346847661,11
2893410,9.884757618455666,6
2893418,9.848171418576372,8
2893435,9.407016326066959,17
2893440,9.905098974375809,5
2893441,10.0,1
2893450,9.819694232076454,9
2893461,9.773038389331646,11
2893471,9.777626846828747,10
2893478,9.869427545010906,7
2893487,9.791457910421249,9
2893498,9.784911638617604,11
2893499,10.0,1
2893507,9.832538080843122,8
2893513,9.897705552806864,6
2893514,10.0,1
2893523,9.794500414793097,9
2893527,9.930524352439672,4
2893531,9.941622711673725,4
2893542,9.75008263828577,11
2893554,9.704420607611096,12
2893559,9.91202981335915,5
2893560,10.0,1
2893567,9.844520768005493,7
2893579,9.732617991570244,12
2893587,9.855845068886424,8
2893588,10.0,1
2893599,9.750714035268867,11
2893606,9.869889751210708,7
2893615,9.813047925130642,9
2893625,9.79203738688554,10
2893635,9.792451495940378,10
2893639,9.945574277490637,4
2893640,10.0,1
2893647,9.856745833247077,7
2893648,10.0,1
2893659,9.790535166968906,11
2893669,9.829457171462066,10
2893675,9.89635088683461,6
2893682,9.83946953388862,7
2893686,9.937433799095118,4
2893693,9.877632939585625,7
2893710,9.604087475627939,17
2893720,9.786052162798757,10
2893735,9.628779721870222,15
2893742,9.868888265115629,7
2893745,9.951653866952178,3
2893746,9.996571580702227,1
2893749,9.955314311798539,3
2893752,9.947920573754915,3
2893753,10.0,1
2893758,9.915514725682804,5
2893772,9.57443011763955,14
2893776,9.930088716951783,4
2893785,9.810138901965836,9
2893795,9.785606196481464,10
2893802,9.865022116717322,7
2893810,9.850763335819646,8
2893818,9.851462133507711,8
2893826,9.816165956579537,8
2893838,9.721095234607441,12
2893853,9.647050276850779,15
2893857,9.945152727290585,4
2893858,10.0,1
2893871,9.71524645951224,13
2893881,9.769215796888236,10
2893887,9.89219058714447,6
2893894,9.891353650989291,7
2893907,9.685260900869618,13
2893915,9.829529205044187,8
2893929,9.698337723660487,14
2893941,9.727988083964087,12
2893942,9.989119365731886,1
2893954,9.739032697926527,12
2893965,9.771937117374854,11
2893966,10.0,1
2893973,9.877843716011553,7
2893976,9.95829136232416,3
2893981,9.908223634737285,5
2893990,9.826042700107248,9
2893993,9.966339522941162,3
2894004,9.76319306346657,11
2894016,9.745287527000233,12
2894025,9.806568641876897,9
2894034,9.823791756727061,9
2894045,9.807530670732366,11
2894057,9.717155622192118,12
2894065,9.841208801051632,8
2894080,9.675617128684191,15
2894086,9.917307237787147,6
2894091,9.940332617380667,5
2894102,9.780452966579658,11
2894110,9.873041231103786,8
2894122,9.773658557296033,12
2894132,9.780050551074686,10
2894140,9.861013458680931,8
2894146,9.891213347268813,6
2894147,10.0,1
2894155,9.852117554242373,8
2894163,9.84202949179419,8
2894170,9.845987813916594,7
2894178,9.840306822356379,8
2894192,9.66123615659025,14
2894201,9.845620123873735,9
2894211,9.788941443869756,10
2894227,9.618690826820755,16
2894238,9.79047443951573,11
2894245,9.849081238486274,7
2894252,9.884872723505081,7
2894268,9.639179102610411,16
2894281,9.732777422917467,13
2894287,9.893381946187109,6
2894288,10.0,1
2894300,9.534820884776552,12
2894305,9.902617165850753,5
2894314,9.718439829683618,9
2894319,9.919653650468044,5
2894336,9.650737568038371,17
2894337,10.0,1
2894338,10.0,1
2894341,9.969313862571832,3
2894345,9.947369726183602,4
2894353,9.833565599953685,8
2894354,10.0,1
2894364,9.804378976420741,10
2894382,9.572457763703534,18
2894393,9.686557107296096,11
2894400,9.869686613641392,7
2894415,9.66193874193059,15
2894423,9.84876308357561,8
2894430,9.886321815479219,7
2894438,9.83327012191823,8
2894446,9.851228873666674,8
2894464,9.585808531927803,18
2894469,9.924886771408923,5
2894476,9.885136964585776,7
2894489,9.754379435343589,13
2894497,9.846034554833366,8
2894516,9.60361267687824,19
2894530,9.747997668692383,14
2894535,9.933819396325852,5
2894547,9.72379851258503,12
2894558,9.764825277847992,11
2894562,9.945420591120312,4
2894571,9.82872602314238,9
2894588,9.62336755856844,17
2894597,9.840363144809531,9
2894613,9.66006791555485,16
2894621,9.827335378829842,8
2894635,9.659423061395517,14
2894636,10.0,1
2894653,9.291120979562969,17
2894658,9.913639874088492,5
2894678,9.629660286281315,20
2894689,9.738753428309812,11
2894696,9.877880451827945,7
2894697,10.0,1
2894698,10.0,1
2894716,9.592842668412016,18
2894721,9.909443655049902,5
2894722,10.0,1
2894733,9.760554095103,11
2894739,9.907144735741955,6
2894742,9.949116653942449,3
2894750,9.83153429184618,8
2894754,9.934709918711087,4
2894758,9.942009735775292,4
2894763,9.904222280668082,5
2894767,9.941023237775953,4
2894776,9.851334298058028,9
2894784,9.857998841756068,8
2894794,9.806655914356991,10
2894807,9.696012136535774,13
2894808,9.988321712581282,1
2894814,9.913992083784724,6
2894826,9.745777275781004,12
2894830,9.940187133533334,4
2894849,9.605456074571848,19
2894859,9.767131288099135,10
2894875,9.675376018379936,16
2894898,9.21971504958459,23
2894899,10.0,1
2894900,9.992720984400584,1
2894907,9.868489829936387,7
2894908,10.0,1
2894914,9.901032845849636,6
2894922,9.851236203495802,8
2894935,9.724241185141386,13
2894944,9.83326999025393,9
2894953,9.448829822915325,9
2894961,9.83781811028104,8
2894980,9.562805158415843,19
2894997,9.684899644576797,17
2894998,10.0,1
2895011,9.721598369185891,13
2895024,9.696014597090375,13
2895032,9.8530911117668,8
2895039,9.87540653210398,7
2895044,9.915970337992214,5
2895052,9.860148394227727,8
2895062,9.801888537815886,10
2895066,9.934090940160663,4
2895067,10.0,1
2895076,9.811227704834867,9
2895089,9.692985746985945,13
2895094,9.910338862279385,5
2895110,9.612146038927678,16
2895114,9.947105965062198,4
2895127,9.712621058047477,13
2895140,9.711855328845486,13
2895141,10.0,1
2895144,9.951845833616838,3
2895151,9.88375266826191,7
2895152,10.0,1
2895165,9.691795937598869,13
2895174,9.780023816867763,9
2895186,9.746353239049691,12
2895192,9.914433030071853,6
2895196,9.930131778599913,4
2895197,10.0,1
2895202,9.912405282276122,5
2895216,9.712315286059418,14
2895225,9.84067985722973,9
2895232,9.862062130453019,7
2895242,9.79124281599299,10
2895247,9.924119314788351,5
2895251,9.94044541454425,4
2895256,9.910393683345767,5
2895267,9.800869134193068,11
2895287,9.469854013671423,20
2895296,9.79300482648825,9
2895299,9.956216689012988,3
2895306,9.878365964375085,7
2895307,10.0,1
2895318,9.798223666776376,11
2895328,9.782829032621615,10
2895332,9.937585976288451,4
2895336,9.948669955596714,4
2895340,9.940356844889164,4
2895349,9.802010749866177,9
2895357,9.864561859545656,8
2895358,10.0,1
2895359,10.0,1
2895363,9.946908077022108,4
2895368,9.91435357298766,5
2895373,9.909688274615572,5
2895380,9.871169039619451,7
2895385,9.909132755569525,5
2895395,9.801106516436338,10
2895409,9.699710790893839,14
2895416,9.86162220749944,7
2895424,9.85742220285526,8
2895425,10.0,1
2895426,10.0,1
2895430,9.940695389884887,4
2895431,9.988175297671617,1
2895442,9.66563206173139,11
2895458,9.635609613263206,16
2895462,9.951948468267876,4
2895470,9.841798870238078,8
2895484,9.675218080716329,14
2895493,9.815057767599933,9
2895507,9.304003310126408,14
2895519,9.663969882779561,12
2895527,9.848086794976698,8
2895535,9.837283031287946,8
2895541,9.902803593557472,6
2895548,9.871111610882613,7
2895560,9.779522860200705,12
2895568,9.852822968226052,8
2895575,9.880606891293727,7
2895585,9.768229065386102,10
2895596,9.769149796132531,11
2895603,9.894582332635594,7
2895614,9.762029167270297,11
2895625,9.772346649680697,11
2895631,9.800084511200696,6
2895645,9.747468510420376,14
2895646,10.0,1
2895657,9.779029178212474,11
2895672,9.671588911372897,15
2895683,9.798336166155615,11
2895684,10.0,1
2895693,9.82800916288266,9
2895696,9.948565718139093,3
2895709,9.691807718091408,13
2895720,9.787773580552619,11
2895730,9.785555570429747,10
2895734,9.948238557482147,4
2895745,9.760053454479914,11
2895758,9.727620460541193,13
2895759,10.0,1
2895765,9.869014496260458,6
2895772,9.870283608120532,7
2895784,9.731484771726306,12
2895788,9.946826744181278,4
2895800,9.733998276915555,12
2895816,9.611559779892016,16
2895828,9.74915736068949,12
2895835,9.84549828485815,7
2895847,9.752827243076352,12
2895848,9.993074010859765,1
2895852,9.934478279737888,4
2895856,9.933616849188196,4
2895858,9.982398828609904,2
2895865,9.673133894552535,7
2895873,9.830038902963292,8
2895884,9.76524240964993,11
2895885,10.0,1
2895896,9.77193776424764,11
2895903,9.874781458207758,7
2895909,9.90535054373728,6
2895915,9.900407849831229,6
2895920,9.92278582012468,5
2895934,9.677312451290666,14
2895940,9.877063887066189,6
2895948,9.82324389251553,8
2895959,9.764249407867158,11
2895966,9.878141657967092,7
2895975,9.817237417894638,9
2895987,9.73319385620583,12
2895993,9.877403731931423,6
2896003,9.789336510033369,10
2896012,9.801906325744929,9
2896017,9.92597393619475,5
2896028,9.76293477349064,11
2896034,9.897188380749574,6
2896035,10.0,1
2896042,9.890292056167988,7
2896053,9.57042673512491,11
2896064,9.74675806839761,11
2896077,9.706325711644766,13
2896083,9.89355714165796,6
2896090,9.902994095818206,7
2896094,9.935313869069558,4
2896104,9.792331393451732,10
2896112,9.739629796152915,8
2896114,9.966658066617713,2
2896129,9.685791434189893,15
2896140,9.76711792668726,11
2896145,9.927863483006577,5
2896156,9.764590138011089,11
2896166,9.812873273084797,10
2896170,9.923267347323131,4
2896171,9.996125713122119,1
2896184,9.718027285189468,13
2896192,9.85470531521438,8
2896203,9.765327095749226,11
2896213,9.793325908085233,10
2896220,9.878964189461303,7
2896221,10.0,1
2896227,9.899418972002865,6
2896242,9.665139204486442,15
2896258,9.638203875509335,16
2896259,9.992278712787897,1
2896270,9.742959727003418,11
2896279,9.810691182099703,9
2896281,9.980668021496315,2
2896289,9.830821712402127,8
2896302,9.688358259198893,13
2896309,9.871732189896328,7
2896316,9.878766833347898,7
2896325,9.835647826920455,9
2896338,9.690841848765102,13
2896348,9.796751134680498,10
2896356,9.868338330245798,8
2896366,9.80335052794458,10
2896376,9.814892529469645,10
2896382,9.885674737148838,6
2896386,9.749298375246374,4
2896388,9.976668143690382,2
2896406,9.589597930364352,18
2896416,9.76786559271198,10
2896420,9.947916716994612,4
2896423,9.966778527327373,3
2896430,9.865452002442199,7
2896450,9.598859429128044,20
2896464,9.214824113698267,14
2896473,9.821947072219741,9
2896474,10.0,1
2896480,9.890767298260263,6
2896483,9.965439512804327,3
2896489,9.895786245373701,6
2896504,9.650412183921878,15
2896512,9.865053926624352,8
2896527,9.685440678013878,15
2896535,9.837196056850091,8
2896548,9.741817680559963,13
2896555,9.877653269702476,7
2896566,9.749991390524675,11
2896583,9.622773446380531,17
2896591,9.828634706244024,8
2896608,9.418249762039665,17
2896609,10.0,1
2896613,9.943288073686182,4
2896623,9.821020162021473,10
2896631,9.835395820169742,8
2896645,9.648452720919003,14
2896657,9.739171746497169,12
2896664,9.87110765793247,7
2896676,9.714391513274547,12
2896687,9.768066307072633,11
2896691,9.945106230135625,4
2896702,9.756225329207478,11
2896710,9.825673557314905,8
2896711,10.0,1
2896731,9.606299970505079,20
2896744,9.694396153973571,13
2896754,9.792989054542645,10
2896766,9.691149003681222,12
2896779,9.731065145829858,13
2896782,9.960993910407069,3
2896786,9.932956613650802,4
2896790,9.924922324646689,4
2896791,10.0,1
2896792,10.0,1
2896793,10.0,1
2896798,9.914056590225918,5
2896807,9.820922150793859,9
2896817,9.811406833028904,10
2896828,9.729698882351338,11
2896842,9.674296262834055,14
2896851,9.81069382793866,9
2896862,9.768663779928682,11
2896866,9.924844537530603,4
2896874,9.838503956748353,8
2896881,9.884685526392309,7
2896890,9.807446354570411,9
2896901,9.80687514393595,11
2896902,10.0,1
2896919,9.31363391471188,17
2896930,9.76473682736826,11
2896931,10.0,1
2896939,9.87391584776071,8
2896949,9.752377231659862,10
2896953,9.936622968206855,4
2896957,9.931266506884429,4
2896970,9.65694157201232,13
2896984,9.672105259631229,14
2896992,9.848318646171327,8
2897002,9.57461421580415,10
2897003,9.996417876027216,1
2897004,9.986257756870081,1
2897005,10.0,1
2897014,9.808748215244409,9
2897019,9.927203761659221,5
2897021,9.97586792599441,2
2897034,9.692398463450083,13
2897045,9.768720097095029,11
2897059,9.694157398203219,14
2897064,9.919269136647898,5
2897073,9.83958401196078,9
2897081,9.856209399493375,8
2897104,8.447122380662197,23
2897115,9.772567895532383,11
2897122,9.87611254170442,7
2897134,9.73765658557156,12
2897149,9.670539119172672,15
2897158,9.721581334843396,9
2897162,9.93666299838126,4
2897167,9.922452233149833,5
2897176,9.831614628883068,9
2897184,9.872248578854233,8
2897197,9.702238940834766,13
2897209,9.755266439672443,12
2897210,10.0,1
2897213,9.964610464643975,3
2897224,9.792120478941337,11
2897230,9.89642555552353,6
2897234,9.946706079880249,4
2897235,10.0,1
2897250,9.678028423404145,15
2897258,9.846028770803779,8
2897259,10.0,1
2897266,9.877979244361136,7
2897273,9.860695087950804,7
2897274,9.988346837758707,1
2897277,9.953581001389235,3
2897289,9.747839011101773,12
2897296,9.87304189632689,7
2897301,9.91052204571012,5
2897308,9.873578160517033,7
2897316,9.858867853146274,8
2897331,9.670216412129587,15
2897346,9.67181751782059,15
2897351,9.918132641119414,5
2897361,9.783802330561487,10
2897369,9.847652417861788,8
2897378,9.82427901347765,9
2897385,9.879850694365839,7
2897391,9.898106546975782,6
2897397,9.907424738716008,6
2897410,9.728841039163473,13
2897420,9.78795003978003,10
2897430,9.793376177365454,10
2897436,9.895870510042984,6
2897443,9.870103332296264,7
2897459,9.619217149071153,16
2897469,9.829188007512833,10
2897488,9.630717567953178,19
2897495,9.856847473462317,7
2897504,9.830649063427344,9
2897505,10.0,1
2897507,9.97460313809046,2
2897511,9.934507838197128,4
2897517,9.79989552454481,6
2897533,9.61558080735769,16
2897536,9.959240350502604,3
2897538,9.970914972778187,2
2897548,9.77933430662098,10
2897556,9.860015803851097,8
2897557,10.0,1
2897563,9.894616653683793,6
2897570,9.865598440904364,7
2897575,9.927116580982759,5
2897584,9.823173509643372,9
2897594,9.804900945262137,10
2897603,9.854225610619253,9
2897604,10.0,1
2897610,9.900734883522373,6
2897621,9.825492732347305,11
2897632,9.770392016468799,11
2897640,9.85555425539137,8
2897647,9.859916471974474,7
2897655,9.853567289506925,8
2897662,9.87883095431849,7
2897672,9.78536516548511,10
2897680,9.835527459995296,8
2897689,9.825987300099376,9
2897695,9.912708822916654,6
2897701,9.894318094489945,6
2897708,9.78724839601859,7
2897711,9.956184220484847,3
2897720,9.713997990675926,9
2897721,10.0,1
2897726,9.91680703422213,5
2897732,9.880086117667753,6
2897743,9.793513571753582,11
2897758,9.672120987001897,15
2897765,9.877614686775264,7
2897771,9.905645847243724,6
2897779,9.829868982142218,8
2897784,9.920904365502599,5
2897793,9.821074673278995,9
2897804,9.775086025921059,11
2897816,9.748274743492047,12
2897829,9.703615298233624,13
2897839,9.791649450875921,10
2897841,9.980011222892367,2
2897852,9.74791859119129,11
2897860,9.740357291374645,8
2897865,9.809671299617646,5
2897869,9.926925903276308,4
2897874,9.911587994104952,5
2897878,9.940034059974597,4
2897891,9.69991611185422,13
2897897,9.88494147118023,6
2897906,9.80288797245487,9
2897913,9.875839202678034,7
2897921,9.738057965728219,8
2897926,9.936862012016716,5
2897935,9.829917622146095,9
2897939,9.926906884862824,4
2897943,9.93711487040314,4
2897949,9.887087015695927,6
2897956,9.901111776704369,7
2897958,9.97668207659875,2
2897967,9.82260412711158,9
2897977,9.802363799046883,10
2897990,9.687123298416813,13
2897996,9.891831310417603,6
2898003,9.874830472826732,7
2898007,9.951413442763561,4
2898008,10.0,1
2898021,9.734316733922169,13
2898032,9.780172499146893,11
2898034,9.968931113571422,2
2898039,9.90972671162905,5
2898041,9.970550801379257,2
2898044,9.961313500177903,3
2898047,9.950216982314245,3
2898056,9.826711650814119,9
2898069,9.726618583328134,13
2898082,9.720066580230409,13
2898089,9.869755661966725,7
2898097,9.821230209034825,8
2898103,9.897193806273602,6
2898116,9.71867161717068,13
2898123,9.858778508996751,7
2898140,9.52028378676124,17
2898150,9.801930488906986,10
2898159,9.81150988389837,9
2898160,10.0,1
2898166,9.909448688067323,6
2898167,10.0,1
2898175,9.817764093836809,8
2898178,9.962760095717774,3
2898184,9.882745409751054,6
2898185,10.0,1
2898191,9.900828367381616,6
2898199,9.848928112456395,8
2898212,9.73821632736832,13
2898224,9.757821016329356,12
2898240,9.623851537835417,16
2898258,9.631714510265988,18
2898269,9.786395861133212,11
2898270,10.0,1
2898278,9.864326332134343,8
2898282,9.931075755381835,4
2898293,9.578080648449172,11
2898296,9.954623746226956,3
2898302,9.88722718936309,6
2898306,9.930647018784944,4
2898310,9.94646465359839,4
2898311,10.0,1
2898322,9.76059882134279,11
2898331,9.797826122284494,9
2898344,9.704799201037453,13
2898347,9.964075971296712,3
2898355,9.844077173564417,8
2898367,9.745163005502645,12
2898372,9.911843669442606,5
2898380,9.847403753370887,8
2898392,9.764243537380569,12
2898397,9.916787971363188,5
2898398,10.0,1
2898408,9.78221685418354,10
2898413,9.926365714234823,5
2898426,9.695619639750166,13
2898434,9.846967778057001,8
2898439,9.910323080259435,5
2898447,9.859852823998713,8
2898453,9.880031958333124,6
2898457,9.94209801065212,4
2898467,9.821835548788702,10
2898479,9.562364170352755,12
2898487,9.857211152393445,8
2898494,9.874068491072656,7
2898499,9.92186786646371,5
2898505,9.92066573433271,6
2898512,9.865435280042654,7
2898520,9.826538449494798,8
2898527,9.885432121575304,7
2898536,9.824871626768811,9
2898539,9.964911595366491,3
2898545,9.87749070733671,6
2898552,9.87443792758106,7
2898559,9.875141350966743,7
2898562,9.971636353285078,3
2898568,9.900909261520605,6
2898580,9.73092853576518,12
2898585,9.909884563686639,5
2898592,9.885657223278312,7
2898594,9.985381005855904,2
2898604,9.795601676964887,10
2898609,9.923972304717326,5
2898619,9.80025151149475,10
2898629,9.797702406205525,10
2898630,10.0,1
2898638,9.85547640160566,8
2898652,9.714984357080123,14
2898655,9.952209804525094,3
2898662,9.87445413777206,7
2898663,10.0,1
2898672,9.785091344752617,9
2898685,9.707980110708972,13
2898688,9.952642542657033,3
2898689,10.0,1
2898709,9.61286152104809,20
2898720,9.840716655563556,11
2898736,9.657103078598386,16
2898742,9.889227045359194,6
2898754,9.725890920607581,12
2898760,9.88111050051056,6
2898769,9.824379290211267,9
2898770,10.0,1
2898782,9.752877095733306,12
2898790,9.844745754313603,8
2898802,9.74463659307517,12
2898816,9.66849881677259,14
2898831,9.693582871151047,15
2898842,9.77292138789253,11
2898849,9.875912669187958,7
2898862,9.726015786634335,13
2898868,9.914082893319305,6
2898876,9.834473705306749,8
2898879,9.94514493528902,3
2898885,9.878745341813543,6
2898891,9.896566339460014,6
2898903,9.750525546036561,12
2898919,9.528220260306705,16
2898932,9.757437486945616,13
2898933,10.0,1
2898937,9.935971082048914,4
2898938,10.0,1
2898950,9.628477303582303,12
2898957,9.86634232818929,7
2898966,9.842051271839772,9
2898972,9.881599998915924,6
2898977,9.922645076617247,5
2898983,9.9204084154645,6
2898990,9.88071021392549,7
2899004,9.690303505772603,14
2899005,10.0,1
2899017,9.732438522051396,12
2899027,9.592183110084905,10
2899032,9.924443175723454,5
2899038,9.904632338174345,6
2899039,10.0,1
2899040,9.996894639195922,1
2899055,9.664149827059795,15
2899057,9.969578163483295,2
2899063,9.904886201362322,6
2899064,9.996768887509448,1
2899074,9.796871924315084,10
2899076,9.972049940939307,2
2899082,9.91749091309389,6
2899089,9.880488306938908,7
2899099,9.821475816325918,10
2899105,9.902525465257154,6
2899116,9.761687417255077,11
2899134,9.647078707088134,18
2899147,9.709034272154064,13
2899159,9.746443531433803,12
2899160,10.0,1
2899161,10.0,1
2899179,9.592677317526462,18
2899183,9.931292221966164,4
2899191,9.843071188340996,8
2899197,9.90191149664148,6
2899205,9.873714633501246,8
2899212,9.858100044687044,7
2899225,9.725063846026137,13
2899233,9.842179783045275,8
2899245,9.750060090487237,12
2899255,9.804200632311021,10
2899260,9.910662614922707,5
2899272,9.775933640656048,12
2899283,9.762423190036127,11
2899293,9.801686867889657,10
2899300,9.887590455299481,7
2899301,10.0,1
2899302,9.99660882248464,1
2899305,9.96403625945078,3
2899306,10.0,1
2899314,9.87312100021739,8
2899322,9.844797185918232,8
2899324,9.980841328717027,2
2899325,10.0,1
2899335,9.798533859079571,10
2899350,9.67409626694991,15
2899354,9.946366738990282,4
2899370,9.635597232052652,16
2899381,9.770063425076781,11
2899386,9.917734894708307,5
2899391,9.93012018214572,5
2899395,9.926436882658564,4
2899399,9.93997661873599,4
2899409,9.784633403536912,10
2899423,9.709697816058753,14
2899424,10.0,1
2899429,9.82910574997677,5
2899442,9.705070722239496,13
2899448,9.924075376610869,6
2899452,9.933609457101843,4
2899469,9.619409451343005,17
2899479,9.798243939526397,10
2899485,9.913747427010877,6
2899492,9.868216733845527,7
2899493,10.0,1
2899508,9.764942126024554,15
2899516,9.842581725602246,8
2899531,9.677084340605878,15
2899536,9.923020826966617,5
2899545,9.85622437914549,9
2899552,9.871050419023952,7
2899560,9.840187684274218,8
2899564,9.94215297501743,4
2899573,9.817250035098667,9
2899577,9.947024671477502,4
2899590,9.694183881430678,13
2899597,9.894513273504586,7
2899604,9.86170001490445,7
2899624,4.57739140319934,20
2899639,9.644296759684062,15
2899653,9.679955044306311,14
2899657,9.927707961829388,4
2899667,9.78790127641978,10
2899681,9.684625391162012,14
2899693,9.73252364435524,12
2899703,9.781537033261378,10
2899713,9.809570569768205,10
2899719,9.888633466224599,6
2899723,9.944916096776033,4
2899736,9.70452507300836,13
2899741,9.918187243158714,5
2899745,9.939155897485396,4
2899746,10.0,1
2899755,9.835576930798853,9
2899762,9.842683070933841,7
2899771,9.82341084718056,9
2899782,9.757009778746621,11
2899786,9.941318545657145,4
2899791,9.92662337648652,5
2899801,9.714638947623284,10
2899810,9.812061861299476,9
2899824,9.707197968114299,14
2899840,9.670869970070447,16
2899852,9.737679516482965,12
2899858,9.889888387108813,6
2899869,9.798426440921949,11
2899877,9.838821935694282,8
2899886,9.860993503662385,9
2899898,9.7275216815331,12
2899903,9.927317431542757,5
2899913,9.600820914327992,10
2899923,9.801076379283883,10
2899931,9.871211468838027,8
2899946,9.736119315213282,15
2899956,9.82524549229597,10
2899959,9.958614608874342,3
2899965,9.886883153911718,6
2899979,9.689925948535489,14
2899983,9.937416898332632,4
2899984,10.0,1
2899997,9.740561561568166,13
2899998,9.996543197218939,1
2900010,9.733981901793765,12
2900021,9.771710438083385,11
2900034,9.62403958139757,13
2900045,9.763018898035725,11
2900051,9.8894471982668,6
2900058,9.86742814967045,7
2900070,9.763602976944167,12
2900077,9.86089236555478,7
2900086,9.815392852278018,9
2900107,9.466232851828813,21
2900113,9.87908378054488,6
2900115,9.98350663204661,2
2900116,10.0,1
2900124,9.85609841262268,8
2900130,9.915988944561569,6
2900144,9.649018105452102,14
2900145,10.0,1
2900153,9.83930299131392,8
2900164,9.751893635592246,11
2900167,9.95211865369291,3
2900168,10.0,1
2900169,10.0,1
2900176,9.888709034249908,7
2900177,10.0,1
2900182,9.907705704198476,5
2900187,9.917009126944773,5
2900193,9.905680919915197,6
2900201,9.838601080403015,8
2900211,9.77840726501325,10
2900227,9.638422249627446,16
2900234,9.86430107496445,7
2900238,9.939035716947439,4
2900250,9.765298749238651,12
2900263,9.737709403332168,13
2900275,9.729854239770098,12
2900286,9.78690152878573,11
2900287,10.0,1
2900290,9.966917950405428,3
2900291,10.0,1
2900304,9.735037213735541,13
2900305,9.992293650144514,1
2900306,10.0,1
2900309,9.957498609433133,3
2900312,9.966311537631205,3
2900320,9.843787244325997,8
2900331,9.742921126817743,11
2900344,9.79013824350293,13
2900345,10.0,1
2900353,9.849538950452661,8
2900356,9.949390516775079,3
2900359,9.958038632005097,3
2900364,9.914825717053631,5
2900366,9.973383537922356,2
2900378,9.755490123118467,12
2900392,9.674157475322527,14
2900402,9.807175202233726,10
2900412,9.759314967954824,10
2900418,9.907845099446625,6
2900433,9.661805918762735,15
2900445,9.735512314497763,12
2900456,9.751647881407159,11
2900463,9.88474446001258,7
2900464,10.0,1
2900472,9.84546944284771,8
2900476,9.941212667275064,4
2900490,9.682193400386478,14
2900493,9.952725823649722,3
2900494,10.0,1
2900495,10.0,1
2900507,9.734903593625452,12
2900517,9.794433984693924,10
2900520,9.95182030736027,3
2900532,9.72181126043276,12
2900533,10.0,1
2900542,9.8290121450518,9
2900546,9.930876931711904,4
2900555,9.85008215286977,9
2900563,9.854367962557074,8
2900577,9.476619942190924,14
2900582,9.90589540949629,5
2900584,9.986143040016676,2
2900588,9.949968996047891,4
2900600,9.736048754885633,12
2900607,9.867287003149961,7
2900614,9.864192308552635,7
2900621,9.856486240041754,7
2900627,9.879830989273678,6
2900628,10.0,1
2900635,9.867422061652183,7
2900636,10.0,1
2900653,9.631298785617215,17
2900667,9.69568970486568,14
2900673,9.897942095613159,6
2900680,9.850446177384272,7
2900693,9.738395521711418,13
2900700,9.858014407734963,7
2900702,9.974879441141407,2
2900716,9.723426448317538,14
2900732,9.690100662739185,16
2900733,10.0,1
2900739,9.884213550970854,6
2900754,9.641588278998755,15
2900755,10.0,1
2900760,9.923105807981392,5
2900764,9.930068650516704,4
2900765,10.0,1
2900777,9.733745188336444,12
2900784,9.882466498251457,7
2900793,9.83678857476916,9
2900803,9.812512842044393,10
2900817,9.682556375344681,14
2900823,9.884812938930365,6
2900830,9.769136331145022,7
2900831,10.0,1
2900843,9.729057621024234,12
2900853,9.79158452210494,10
2900867,9.696007558636186,14
2900868,10.0,1
2900873,9.924246295349207,5
2900882,9.43357750372111,9
2900886,9.956734653431289,4
2900894,9.836458188467386,8
2900909,9.697708845974175,15
2900920,9.803261153553773,11
2900921,10.0,1
2900929,9.842172821207258,8
2900943,9.691314448301073,14
2900952,9.808351116410531,9
2900956,9.925502120396638,4
2900968,9.745946067470076,12
2900981,9.776119129710453,13
2900986,9.91852127474421,5
2900996,9.794068321505712,10
2901012,9.655757497530454,16
2901021,9.821282123923075,9
2901031,9.802146119949237,10
2901049,9.559661478797379,18
2901064,9.633452814174571,15
2901069,9.919515460168604,5
2901082,9.755376442158358,13
2901095,9.715110206662336,13
2901098,9.95474587321464,3
2901108,9.814928109943892,10
2901115,9.878596848786742,7
2901123,9.848047115287974,8
2901130,9.8648313383445,7
2901136,9.88209948627386,6
2901137,10.0,1
2901146,9.814513301236007,9
2901151,9.91821136895198,5
2901157,9.909171954390311,6
2901166,9.835873948610828,9
2901174,9.838795618941603,8
2901183,9.812466366914578,9
2901186,9.960799595137093,3
2901201,9.699325458764262,15
2901207,9.887204415733631,6
2901217,9.83091669261475,10
2901227,9.771880406544401,10
2901228,10.0,1
2901229,9.995999703259454,1
2901240,9.76214176898682,11
2901244,9.945614512793913,4
2901245,10.0,1
2901253,9.856792176380209,8
2901266,9.709254217907104,13
2901276,9.782552339060832,10
2901287,9.748570802780229,11
2901299,9.725005096334334,12
2901314,9.462306319079538,15
2901325,9.786553770423998,11
2901330,9.915680866724507,5
2901346,9.655425116673447,16
2901356,9.807690376897899,10
2901369,9.709869167862225,13
2901378,9.81350923765258,9
2901387,9.811927577755625,9
2901393,9.89451148332958,6
2901402,9.836300112429704,9
2901410,9.839974595838019,8
2901411,10.0,1
2901425,9.696624979625994,14
2901436,9.763847174292314,11
2901437,10.0,1
2901440,9.952163744175435,3
2901446,9.899153658923614,6
2901452,9.913291109616015,6
2901456,9.943809063770018,4
2901468,9.732741733708535,12
2901479,9.75615167544522,11
2901489,9.80129255062324,10
2901497,9.834526173202034,8
2901509,9.768827985495943,12
2901510,10.0,1
2901518,9.840501446552196,8
2901519,10.0,1
2901529,9.791753072184168,10
2901530,10.0,1
2901532,9.983666265568939,2
2901544,9.718417893461183,12
2901545,10.0,1
2901552,9.865279965805398,7
2901899,-131.61453040936584,347
2901900,10.0,1
2901913,9.71010651796044,13
2901932,9.623567739110149,19
2901943,9.756034012713364,11
2901948,9.915463714422453,5
2901953,9.911846222009597,5
2901964,9.786763951341413,11
2901971,9.853050474073166,7
2901981,9.80872782470466,10
2901995,9.608871291614546,14
2902013,9.579886335357324,18
2902028,9.67088530780721,15
2902043,9.617604817251122,15
2902057,9.704533253322644,14
2902067,9.83929154490388,10
2902082,9.681493895430748,15
2902087,9.919868064278752,5
2902091,9.943502758166087,4
2902103,9.726979754594856,12
2902107,9.927285061415802,4
2902108,9.992872209026599,1
2902118,9.78102226826794,10
2902126,9.831043611254467,8
2902140,9.663492031024198,14
2902151,9.770866711706141,11
2902157,9.8950446803495,6
2902162,9.899269547380475,5
2902170,9.822156514943426,8
2902179,9.797001220078537,9
2902182,9.958452217605588,3
2902193,9.764867876367838,11
2902195,9.972566217881813,2
2902208,9.694219500591073,13
2902216,9.830714985339979,8
2902228,9.760751245453593,12
2902237,9.82166637136792,9
2902241,9.932471313845808,4
2902247,9.888418276654626,6
2902248,10.0,1
2902259,9.757464949356885,11
2902268,9.82150737151421,9
2902277,9.822176980734,9
2902289,9.769203140517705,12
2902308,9.54959286730298,19
2902318,9.575771643924337,10
2902325,9.894952923909196,7
2902329,9.934248848502522,4
2902332,9.959525621392597,3
2902333,9.992696297770305,1
2902334,10.0,1
2902344,9.804683681143013,10
2902350,9.892670831981311,6
2902355,9.931032732109841,5
2902359,9.936089821561964,4
2902367,9.8266362810149,8
2902380,9.687744792586455,13
2902395,9.70605056218105,15
2902401,9.893827958403282,6
2902413,9.72110693477881,12
2902428,9.722656871624249,15
2902435,9.887104634652207,7
2902440,9.904768034891063,5
2902450,9.83551407183561,10
2902456,9.89859472218219,6
2902464,9.854867365505665,8
2902476,9.758707082175587,12
2902488,9.761238241272524,12
2902494,9.897857339377284,6
2902502,9.846609838811235,8
2902515,9.730163882311759,13
2902529,9.69902283714859,14
2902535,9.892750185541157,6
2902543,9.821050466691467,8
2902553,9.801224891668658,10
2902559,9.874524484175966,6
2902572,9.71556925875172,13
2902594,9.187532423206275,22
2902603,9.857954770114144,9
2902625,9.450991962299858,22
2902635,9.605521381452299,10
2902637,9.980420615168349,2
2902651,9.669906009791982,14
2902659,9.848767976618515,8
2902671,9.735416475933881,12
2902682,9.772435407212337,11
2902693,9.810782687188961,11
2902705,9.784108739848993,12
2902716,9.772037809806159,11
2902719,9.95757220953551,3
2902729,9.80038430551267,10
2902731,9.97190461617865,2
2902746,9.663932459367274,15
2902763,9.614386890609486,17
2902781,9.620360423711814,18
2902789,9.846422721519225,8
2902794,9.819868421615425,5
2902803,9.844347418281124,9
2902809,9.91485593153269,6
2902810,10.0,1
2902824,9.727268719739753,14
2902828,9.947671448466828,4
2902838,9.810898826550277,10
2902853,9.66491519268678,15
2902877,9.52931652672912,24
2902878,10.0,1
2902886,9.831457783926789,8
2902904,9.589132146904062,18
2902908,9.944724162942435,4
2902924,9.645327598802943,16
2902929,9.90729169073414,5
2902941,9.752257474426942,12
2902946,9.904579687800497,5
2902954,9.828195879734007,8
2902963,9.783685233780075,9
2902967,9.935688742519675,4
2902978,9.779833007329017,11
2902988,9.778666255142788,10
2902994,9.884068202421442,6
2902995,10.0,1
2902998,9.964446764676456,3
2903002,9.94668949399147,4
2903016,9.70574155122692,14
2903027,9.790965117689527,11
2903033,9.901071034325392,6
2903040,9.87594484290044,7
2903041,10.0,1
2903050,9.803088183597932,9
2903057,9.86401224588905,7
2903064,9.56422322637026,7
2903074,9.422921108608744,10
2903080,9.897999130187703,6
2903086,9.89101155209295,6
2903093,9.86280546347762,7
2903096,9.955201127992465,3
2903103,9.892037936228114,7
2903110,9.866057345100261,7
2903119,9.811263871801392,9
2903130,9.757594982522525,11
2903135,9.819453699011774,5
2903150,9.639320090310184,15
2903156,9.889781589345295,6
2903164,9.864077253352619,8
2903170,9.899910716057056,6
2903184,9.707180955502793,14
2903189,9.914676040690189,5
2903204,9.672513536286205,15
2903221,9.591094393409758,17
2903229,9.745941076628426,8
2903232,9.958053910425829,3
2903242,9.792073740970379,10
2903246,9.930708664527588,4
2903247,9.99173731297885,1
2903252,9.923115093749363,5
2903255,9.955332607589783,3
2903263,9.849757347213664,8
2903270,9.838992309302364,7
2903280,9.798831421671693,10
2903296,9.662909176616054,16
2903309,9.696960197774992,13
2903321,9.695001507788692,12
2903328,9.863359248323821,7
2903335,9.8687099523656,7
2903340,9.91175081924399,5
2903352,9.728254573267492,12
2903361,9.601606230113985,9
2903371,9.806475096751774,10
2903379,9.841637786211841,8
2903385,9.910415565229707,6
2903393,9.846770120512854,8
2903394,10.0,1
2903398,9.923592320203351,4
2903403,9.909584081328257,5
2903417,9.705659950938667,14
2903431,9.697774747687463,14
2903432,9.992937679734318,1
2903443,9.789367972438534,11
2903462,9.627898058246336,19
2903475,9.692239772663335,13
2903483,9.856260509806747,8
2903487,9.944818577375278,4
2903488,10.0,1
2903494,9.896409357815006,6
2903507,9.679038087068175,13
2903511,9.942095369585292,4
2903524,9.775978131178896,13
2903532,9.842013799642126,8
2903540,9.851150221617761,8
2903567,9.462037549950406,27
2903574,9.889325949429029,7
2903580,9.895295124425642,6
2903596,9.618632779139565,16
2903601,9.90176679354501,5
2903604,9.96291846978125,3
2903610,9.904179195967878,6
2903620,9.797600074431028,10
2903624,9.930920201526153,4
2903634,9.789253543231034,10
2903646,9.749019448892076,12
2903662,9.623513488720322,16
2903679,9.604234000288455,17
2903692,9.754825798681848,13
2903701,9.817372700509583,9
2903704,9.671850659671518,3
2903719,9.704163995748482,15
2903732,9.694754578201787,13
2903742,9.79734299360466,10
2903753,9.75061681023277,11
2903764,9.752398043247137,11
2903777,9.709597308696177,13
2903789,9.746423985051916,12
2903790,10.0,1
2903797,9.872160965910505,7
2903809,9.722497131817352,12
2903814,9.910314930717892,5
2903819,9.906800437775507,5
2903829,9.790627661024214,10
2903840,9.748661033571295,11
2903850,9.809559441410741,10
2903858,9.845048858350468,8
2903880,9.57865493806277,22
2903891,9.771707446901054,11
2903905,9.689895355722822,14
2903908,9.862446394369119,3
2903913,9.91526935466915,5
2903928,9.654046411653578,15
2903932,9.934934517270046,4
2903940,9.83358756636735,8
2903941,10.0,1
2903945,9.942793221605097,4
2903946,10.0,1
2903952,9.710384405309258,6
2903959,9.875274404498702,7
2903960,10.0,1
2903970,9.800629005671928,10
2903977,9.87754937239395,7
2903986,9.813190469523459,9
2903989,9.956302678182249,3
2903996,9.858971733749225,7
2904005,9.830518060570503,9
2904009,9.949214436377513,4
2904032,9.567516309401782,23
2904047,9.63531020261083,15
2904051,9.945915010063368,4
2904058,9.86763456930511,7
2904066,9.84871654604154,8
2904067,10.0,1
2904072,9.916809705901455,5
2904073,10.0,1
2904075,9.967713881500467,2
2904084,9.801159514966107,9
2904094,9.586331238058802,10
2904097,9.95967642521325,3
2904101,9.930681577358024,4
2904102,10.0,1
2904108,9.892224356763139,6
2904116,9.850994046417096,8
2904119,9.966811350325699,3
2904125,9.91514689532491,6
2904131,9.789816898869798,6
2904132,10.0,1
2904139,9.772971470213477,7
2904144,9.914303008806954,5
2904149,9.913911444853106,5
2904151,9.971787385854899,2
2904160,9.808152081727883,9
2904174,9.738333704090122,14
2904185,9.777808637727894,11
2904193,9.86653335080123,8
2904194,10.0,1
2904202,9.836667296679392,8
2904204,9.976522354403532,2
2904218,9.740574909856335,14
2904223,9.918398429195866,5
2904231,9.841915064045907,8
2904238,9.874874457356828,7
2904243,9.91509169209187,5
2904245,9.98511619674808,2
2904253,9.818846310297122,8
2904267,9.67975026863881,14
2904272,9.921837255834367,5
2904287,9.686481662216039,15
2904299,9.752949180424872,12
2904302,9.968380967509166,3
2904303,10.0,1
2904315,9.75409142789377,12
2904316,10.0,1
2904330,9.680439578280822,14
2904341,9.782238697532268,11
2904351,9.787762479549986,10
2904355,9.94367660348672,4
2904367,9.733830724320647,12
2904375,9.844061193253916,8
2904385,9.784164760358502,10
2904391,9.892042612644872,6
2904394,9.957946229292839,3
2904401,9.862947179227342,7
2904406,9.92775746165088,5
2904410,9.929605082740906,4
2904416,9.909743119080423,6
2904419,9.96251503194282,3
2904430,9.761542777987145,11
2904439,9.818420662470206,9
2904451,9.75306640485643,12
2904461,9.802891303186486,10
2904472,9.755132905908408,11
2904482,9.793053343401263,10
2904492,9.815089565851853,10
2904493,9.988952033686216,1
2904503,9.780269047663577,10
2904517,9.706649580023024,14
2904531,9.670610444303392,14
2904538,9.865773566720586,7
2904548,9.795302184281054,10
2904558,9.69522716513279,10
2904564,9.892867529055906,6
2904574,9.81506904906533,10
2904575,10.0,1
2904581,9.790962678446713,6
2904592,9.806468032035392,11
2904602,9.792712215361833,10
2904611,9.81599490823273,9
2904618,9.8766358558091,7
2904631,9.733066447349222,13
2904635,9.952035932787592,4
2904643,9.861202151224814,8
2904646,9.969319349253707,3
2904654,9.869081926138572,8
2904656,9.972019510883872,2
2904660,9.935840095518968,4
2904665,9.913227584372823,5
2904676,9.772597286810015,11
2904686,9.784866202367292,10
2904691,9.914786094663881,5
2904699,9.840187674932665,8
2904704,9.900250696211925,5
2904709,9.90530793915879,5
2904722,9.719522565884699,13
2904728,9.873024646984176,6
2904734,9.895463485388968,6
2904750,9.62376022029465,16
2904759,9.814909804950238,9
2904772,9.75930980529024,13
2904784,9.715140843823093,12
2904785,9.987709899912142,1
2904790,9.908869173199117,5
2904796,9.872030257752362,6
2904797,9.99188461078444,1
2904798,9.992074157761321,1
2904804,9.888165592136522,6
2904808,9.932927982059264,4
2904812,9.93726223924579,4
2904820,9.864654171729029,8
2904828,9.893500750841865,8
2904835,9.871892131100822,7
2904841,9.890970119612446,6
2904857,9.63553215673344,16
2904870,9.71712205859002,13
2904876,9.893624710064099,6
2904887,9.760076940331635,11
2904888,10.0,1
2904895,9.87966368416679,7
2904901,9.889937443169812,6
2904909,9.860291845182708,8
2904920,9.774872378787338,11
2904931,9.818804204509355,11
2904938,9.871373636342252,7
2904944,9.79610741195578,6
2904958,9.684386481547396,14
2904973,9.684377788040358,15
2905001,9.504702546709353,28
2905013,9.727348037285102,12
2905028,9.684709326963999,15
2905035,9.865958807062714,7
2905041,9.899452827170586,6
2905046,9.911089842633078,5
2905055,9.837880770749809,9
2905058,9.962925108971238,3
2905071,9.72416351096189,13
2905078,9.871249429098407,7
2905091,9.785491520162395,13
2905106,9.674233405573283,15
2905119,9.758575756343495,13
2905120,9.996434256712558,1
2905122,9.9754927033794,2
2905128,9.906674798321935,6
2905135,9.878228908977386,7
2905141,9.884744828917842,6
2905145,9.949276692473239,4
2905154,9.826583247426246,9
2905160,9.916672279259203,6
2905161,9.992537375240419,1
2905162,9.988688240394154,1
2905182,9.524534920735059,20
2905188,9.909359172811877,6
2905195,9.866741231135832,7
2905202,9.876333253945683,7
2905206,9.950433362103102,4
2905209,9.964349313207391,3
2905214,9.906820752293022,5
2905225,9.810981548373107,11
2905234,9.83778182447922,9
2905243,9.844233665439331,9
2905250,9.841143393638747,7
2905258,9.818981643991087,8
2905266,9.658346589487298,8
2905291,9.327875135572869,25
2905292,9.996501355751743,1
2905298,9.87798492624877,6
2905308,9.797536555398887,10
2905317,9.800647477492193,9
2905322,9.920025112496472,5
2905332,9.775678437280515,10
2905346,9.739587965235186,14
2905351,9.925923540767524,5
2905361,9.784512940403213,10
2905369,9.84979534035003,8
2905375,9.887906430303195,6
2905386,9.75543930746119,11
2905395,9.80039908323072,9
2905400,9.899505064530159,5
2905414,9.735728380746098,14
2905418,9.938319923573992,4
2905431,9.699317678411399,13
2905436,9.906018448743644,5
2905446,9.78651963781205,10
2905448,9.967439955590661,2
2905449,10.0,1
2905450,9.992271392668586,1
2905459,9.843577148522959,9
2905473,9.725741834450906,14
2905490,9.608263927202026,17
2905500,9.77444590086174,10
2905510,9.789567599246386,10
2905516,9.899068960650304,6
2905517,9.98887244297302,1
2905528,9.80431646753562,11
2905533,9.918253534864226,5
2905550,9.678483687673655,17
2905562,9.734065059869618,12
2905575,9.727951549483825,13
2905590,9.696166162375409,15
2905603,9.711853327336465,13
2905614,9.795765927850352,11
2905622,9.844638468040603,8
2905626,9.94668841558213,4
2905627,9.996339647750256,1
2905637,9.806415299522646,10
2905641,9.927679888876948,4
2905642,10.0,1
2905650,9.814238709670061,8
2905654,9.928103874585048,4
2905672,9.621991325764835,18
2905680,9.843208633695031,8
2905687,9.870011315522746,7
2905694,9.887806569510841,7
2905702,9.841986122417865,8
2905706,9.932639390926534,4
2905717,9.767209922011945,11
2905721,9.950579441779766,4
2905734,9.695385292337047,13
2905749,9.646497102947503,15
2905759,9.772990575357483,10
2905770,9.774926630177454,11
2905781,9.785099744253447,11
2905792,9.763483239294828,11
2905802,9.797589720857953,10
2905803,10.0,1
2905808,9.927668430329486,5
2905816,9.837106088629591,8
2905835,9.572197007727771,19
2905849,9.663597544708932,14
2905858,9.808286912375758,9
2905863,9.912220426829938,5
2905865,9.968388127347268,2
2905871,9.890013500783812,6
2905885,9.705962140831666,14
2905906,9.538735881349707,21
2905912,9.918217110817103,6
2905922,9.809256796830716,10
2905938,9.630922268545806,16
2905948,9.799806738065543,10
2905954,9.889733906487479,6
2905965,9.766052392885006,11
2905967,9.976363890311065,2
2905973,9.893065636833189,6
2905982,9.821954498788102,9
2905990,9.865396978341968,8
2906001,9.804387145564556,11
2906020,9.545806474831915,19
2906031,9.794164034017175,11
2906040,9.822335630227034,9
2906041,10.0,1
2906048,9.891257483068268,7
2906056,9.85491671590132,8
2906075,9.556730554775914,19
2906087,9.729823487239308,12
2906090,9.96157011620543,3
2906102,9.743936676822308,12
2906115,9.72704610017093,13
2906123,9.867965995163829,8
2906138,9.663365025372652,15
2906143,9.922596240787813,5
2906152,9.804303995892463,9
2906156,9.949996661797346,4
2906161,9.90790623837589,5
2906167,9.901985739364653,6
2906168,10.0,1
2906179,9.5814955408602,11
2906186,9.883161355229385,7
2906197,9.752259320959752,11
2906198,10.0,1
2906204,9.907085877792344,6
2906205,9.988637706901914,1
2906213,9.826500934085557,8
2906227,9.713947229903447,14
2906237,9.790598463646262,10
2906244,9.867006288984971,7
2906255,9.773218806371215,11
2906263,9.864314642643503,8
2906275,9.736027005943921,12
2906285,9.799672164690042,10
2906292,9.85749211447284,7
2906306,9.727671566693177,14
2906317,9.752236763237065,11
2906322,9.927478108153993,5
2906331,9.837381988474176,9
2906340,9.795525373733486,9
2906348,9.835604414584415,8
2906361,9.721635421645004,13
2906362,10.0,1
2906364,9.98050257692756,2
2906371,9.862617843595158,7
2906385,9.681593934955224,14
2906390,9.901943240256786,5
2906395,9.91862291437503,5
2906408,9.725271952517062,13
2906421,9.733907836999856,13
2906433,9.760624358015436,12
2906442,9.828322867619127,9
2906450,9.83816854479858,8
2906465,9.649059986974832,15
2906475,9.80602118892815,10
2906483,9.855271145680755,8
2906508,9.441804291664967,25
2906520,9.750143209389737,12
2906527,9.855363327161257,7
2906537,9.79222323498476,10
2906555,9.594599647369952,18
2906563,9.837548242989504,8
2906575,9.784426978275915,12
2906588,9.707906808004294,13
2906595,9.873768009989755,7
2906603,9.88368190647178,8
2906610,9.857042841745661,7
2906617,9.873692797023038,7
2906629,9.728747515571271,12
2906634,9.922755302315988,5
2906643,9.827421239684709,9
2906653,9.791171612590023,10
2906660,9.885470692512133,7
2906672,9.745082211746384,12
2906679,9.850588809666384,7
2906684,9.92838255475411,5
2906688,9.93217969358015,4
2906694,9.899262850171821,6
2906699,9.918879754706229,5
2906700,10.0,1
2906708,9.85407122808024,8
2906719,9.77767110181461,11
2906733,9.651855723007042,14
2906743,9.834062047630852,10
2906752,9.819025444251569,9
2906769,9.59323077310226,17
2906779,9.801492351425376,10
2906785,9.900116270383329,6
2906796,9.752485721956047,11
2906797,9.989130681595215,1
2906808,9.756204915507837,11
2906810,9.975831424947021,2
2906815,9.906317048263793,5
2906816,10.0,1
2906829,9.727335381022328,13
2906839,9.780909993154875,10
2906848,9.833395463025923,9
2906858,9.783916997055206,10
2906867,9.821409353283093,9
2906874,9.859002452126976,7
2906881,9.85043674046141,7
2906889,9.877281122103673,8
2906899,9.815144285432986,10
2906907,9.843823526112457,8
2906914,9.866840525270145,7
2906915,9.992266434294034,1
2906928,9.706353900196973,13
2906933,9.918424799811081,5
2906943,9.804403783729589,10
2906956,9.700637740208137,13
2906969,9.70402915190296,13
2906980,9.757762521752145,11
2906993,9.71130701757396,13
2906994,9.996542657230615,1
2907002,9.845450857150334,8
2907007,9.904521880355436,5
2907014,9.858085254597318,7
2907024,9.807546187796016,10
2907028,9.94829302000975,4
2907029,10.0,1
2907041,9.761192226377675,12
2907049,9.671051982136971,8
2907082,9.387499204100118,33
2907085,9.950137305855687,3
2907094,9.820588319878372,9
2907095,10.0,1
2907102,9.871056689396855,7
2907109,9.875191696617454,7
2907111,9.977091717859844,2
2907130,9.56407102509151,19
2907142,9.737898299844828,12
2907156,9.696646968118367,14
2907161,9.915257734167662,5
2907171,9.811705573458678,10
2907176,9.926817537970138,5
2907183,9.865672721582749,7
2907190,9.787751063741602,7
2907197,9.87534463348771,7
2907208,9.812862571496279,11
2907214,9.904162572906822,6
2907222,9.842875811673657,8
2907238,9.676736599605618,16
2907257,9.566127558804226,19
2907264,9.897789314508772,7
2907269,9.921244978043086,5
2907270,9.989440963827285,1
2907274,9.934406022528217,4
2907284,9.78501251457833,10
2907294,9.821050531895919,10
2907301,9.872323263507221,7
2907309,9.886025181342198,8
2907314,9.920114722935377,5
2907327,9.723907379084228,13
2907333,9.89822242031388,6
2907338,9.919149522528743,5
2907347,9.817420235534268,9
2907366,9.589004069381565,19
2907380,9.682043826908385,14
2907387,9.875480777341084,7
2907400,9.736955709377321,13
2907411,9.816099709950688,11
2907418,9.880411181171654,7
2907427,9.845838468686159,9
2907443,9.627224588319221,16
2907454,9.751250935768173,11
2907465,9.7754792435969,11
2907471,9.876620505229582,6
2907484,9.623322009938297,13
2907489,9.915129799174025,5
2907498,9.813002988414905,9
2907505,9.86642489229647,7
2907518,9.74490133912794,13
2907526,9.83606697077614,8
2907531,9.918269765748628,5
2907536,9.931317607346084,5
2907549,9.708735088987053,13
2907550,9.98910761112651,1
2907562,9.764841668029435,12
2907580,9.598963486115029,18
2907581,10.0,1
2907593,9.742763884412406,12
2907594,10.0,1
2907595,10.0,1
2907610,9.684074054496822,15
2907620,9.79651520146142,10
2907636,9.601173910589223,16
2907649,9.723097226754259,13
2907657,9.752397072890766,8
2907663,9.902469939158957,6
2907673,9.759613564834812,10
2907680,9.879241380360469,7
2907696,9.603600367387743,16
2907711,9.64658330331969,15
2907712,10.0,1
2907713,10.0,1
2907727,9.672266683140666,14
2907742,9.67255283206172,15
2907752,9.783940149450666,10
2907758,9.907008701626088,6
2907767,9.795588303824328,9
2907773,9.91306309685278,6
2907786,9.701226050926708,13
2907793,9.888889158567602,7
2907805,9.75851555209113,12
2907815,9.802001608867878,10
2907821,9.889088062837809,6
2907827,9.894854665321928,6
2907828,9.99595531875362,1
2907832,9.940873815693982,4
2907833,10.0,1
2907840,9.846380532532145,7
2907846,9.892508310203365,6
2907862,9.675262891237233,16
2907870,9.82908083038325,8
2907874,9.93692048592732,4
2907880,9.893306601653817,6
2907886,9.890539298192165,6
2907891,9.936128673150755,5
2907899,9.859035698012997,8
2907901,9.984862766165458,2
2907909,9.82854723779186,8
2907913,9.943401659828849,4
2907918,9.903763273030979,5
2907923,9.912200011578607,5
2907935,9.741015318153414,12
2907946,9.754087678135638,11
2907954,9.864879306082607,8
2907960,9.889943479109403,6
2907966,9.906284239803528,6
2907976,9.790671340201238,10
2907987,9.761476949707045,11
2907997,9.789470027305088,10
2908008,9.828055023801285,11
2908012,9.945324086113914,4
2908017,9.900683196401069,5
2908024,9.860584845025414,7
2908028,9.927999725921788,4
2908031,9.969238603259491,3
2908032,10.0,1
2908040,9.829509611280434,8
2908044,9.933054673561921,4
2908054,9.786030703757861,10
2908059,9.911992603279485,5
2908072,9.662969737039699,13
2908081,9.8216149772651,9
2908092,9.778384733202412,11
2908096,9.94779078016036,4
2908097,10.0,1
2908116,9.419237540527316,19
2908119,9.966400193503434,3
2908120,10.0,1
2908129,9.82815491956091,9
2908140,9.77298279491118,11
2908147,9.886609069236915,7
2908151,9.937374304748294,4
2908158,9.887397762619864,7
2908159,10.0,1
2908167,9.845877213577447,8
2908170,9.967897437118939,3
2908171,10.0,1
2908176,9.922189239357982,5
2908188,9.760006163893419,12
2908189,10.0,1
2908194,9.911909186017036,5
2908215,9.4807995621105,21
2908216,9.989304601679413,1
2908217,10.0,1
2908223,9.899205775550792,6
2908224,9.992643550749424,1
2908230,9.883229195549694,6
2908242,9.803455766057084,12
2908249,9.876512273493553,7
2908250,10.0,1
2908278,9.194821977321237,28
2908284,9.904824424855798,6
2908285,10.0,1
2908291,9.899031725796995,6
2908296,9.911669346010479,5
2908302,9.875802302074657,6
2908312,9.787628044672697,10
2908322,9.781199346370766,10
2908327,9.895665837977333,5
2908333,9.879608196219733,6
2908334,9.995959489376444,1
2908341,9.871432498260505,7
2908354,9.688209178263177,13
2908355,10.0,1
2908367,9.717751644023068,12
2908377,9.81812240897645,10
2908388,9.741185999144209,11
2908393,9.905308917169279,5
2908400,9.87298317797089,7
2908411,9.756200633982553,11
2908412,10.0,1
2908423,9.77624052292537,11
2908431,9.845024799708325,8
2908459,9.257105012529816,28
2908466,9.870672958203517,7
2908474,9.843136097689976,8
2908484,9.80169203908244,10
2908502,9.586211562219278,18
2908527,9.185236157483645,25
2908543,9.67872340910553,16
2908546,9.967709604922586,3
2908553,9.889651036685372,7
2908562,9.833192021463036,9
2908573,9.774444011093154,11
2908574,10.0,1
2908583,9.807027845981857,9
2908588,9.927148814661455,5
2908595,9.866350477812274,7
2908606,9.785258302075409,11
2908612,9.883038557392739,6
2908620,9.861208564641,8
2908633,9.73224953856875,13
2908645,9.736054783561451,12
2908653,9.827597024912977,8
2908662,9.82333534918881,9
2908663,9.992573566727591,1
2908684,9.297677486464856,21
2908688,9.94370370752899,4
2908700,9.76693385492983,12
2908703,9.949339154655759,3
2908706,9.96240163246623,3
2908711,9.917103663883774,5
2908720,9.795034924066538,9
2908726,9.889496360987899,6
2908739,9.70937898870043,13
2908750,9.763793212594495,11
2908751,10.0,1
2908754,9.949630230606752,3
2908760,9.89008693669884,6
2908763,9.949262957174446,3
2908772,9.850344583952133,9
2908783,9.771629015501714,11
2908794,9.793344960569023,11
2908807,9.738550906463908,13
2908821,9.69667205384554,14
2908829,9.824126162361567,8
2908834,9.915750790089277,5
2908841,9.872592342025678,7
2909008,-55.52086304371632,167
2909011,9.757963523495672,3
2909018,9.864356332260392,7
2909031,9.710797934590726,13
2909037,9.900180135374926,6
2909047,9.766979073046967,10
2909055,9.856130459901461,8
2909059,9.932627480942934,4
2909073,9.73191071498418,14
2909084,9.761483276117843,11
2909085,10.0,1
2909100,9.765947188257881,15
2909107,9.882447845528871,7
2909119,9.746458042285582,12
2909129,9.78840605214182,10
2909147,9.606809605208786,18
2909158,9.829050001518587,11
2909163,9.940611137256042,5
2909170,9.85296508325356,7
2909185,9.68834139577102,15
2909192,9.855420743785677,7
2909196,9.949877890979105,4
2909206,9.816691921275558,10
2909212,9.895068585198699,6
2909220,9.847373165808746,8
2909228,9.845235503225496,8
2909238,9.77866588179341,10
2909242,9.945179534282747,4
2909251,9.827725860140163,9
2909254,9.970233326919317,3
2909255,10.0,1
2909258,9.966646098168093,3
2909259,9.99294035968724,1
2909270,9.779879390453376,11
2909285,9.725791500889075,15
2909286,10.0,1
2909293,9.854100378490232,7
2909297,9.943076706887293,4
2909302,9.913900292161642,5
2909318,9.637346632563759,16
2909324,9.887832538599968,6
2909330,9.904169045843398,6
2909341,9.782075437061149,11
2909349,9.828237950037503,8
2909354,9.915072459822111,5
2909368,9.703565453216873,14
2909377,9.837650923588345,9
2909378,10.0,1
2909382,9.941992752539033,4
2909401,9.56607256517969,19
2909410,9.809509377153296,9
2909411,10.0,1
2909419,9.861143953012304,8
2909425,9.912205335893622,6
2909461,0.06979216282553757,36
2909466,9.82145463418226,5
2909467,10.0,1
2909478,9.804970009206134,11
2909479,9.996364097808959,1
2909480,10.0,1
2909491,9.734738225976963,11
2909504,9.693618546342826,13
2909514,9.780041319971478,10
2909528,9.7126817793857,14
2909529,10.0,1
2909538,9.81429677644234,9
2909545,9.845775155001354,7
2909553,9.868525504200406,8
2909557,9.953956740016089,4
2909564,9.880314474587099,7
2909568,9.939701472704762,4
2909583,9.696793776991631,15
2909598,9.671022403151873,15
2909608,9.78770411227719,10
2909609,9.9878909009182,1
2909617,9.865503711331481,8
2909634,9.105860363865492,17
2909637,9.955269072166587,3
2909654,9.591488462222134,17
2909661,9.860380782838284,7
2909671,9.778433596465389,10
2909678,9.849675161394678,7
2909689,9.756568102197805,11
2909701,9.745124849570663,12
2909706,9.90955599859249,5
2909716,9.773007050432586,10
2909728,9.724316686914124,12
2909740,9.734786523991897,12
2909751,9.78814083910184,11
2909763,9.754678298380565,12
2909764,10.0,1
2909768,9.938532452134067,4
2909777,9.70950920605061,9
2909778,10.0,1
2909790,9.663394364235462,12
2909791,10.0,1
2909799,9.855330781412775,8
2909802,9.952339069903429,3
2909830,9.42772058487803,28
2909848,9.648796391549638,18
2909860,9.820098849228213,12
2909862,9.977240598996358,2
2909870,9.853485974138463,8
2909877,9.905565173469936,7
2909885,9.838389830964445,8
2909890,9.911039401963361,5
2909899,9.807418969734758,9
2909912,9.740224035681466,13
2909928,9.622295924790913,16
2909929,9.989513407562885,1
2909950,9.529196751107222,21
2909961,9.75784574798729,11
2909966,9.921254361647556,5
2909978,9.722730324735602,12
2909986,9.872784505448239,8
2909991,9.923943692695847,5
2910011,8.85284068304189,20
2910041,8.25170663055974,30
2910193,-7.550444155813201,152
2910203,9.796521553633289,10
2910217,9.708759861120196,14
2910232,9.682221212094312,15
2910235,9.958272426384314,3
2910244,9.820467330955399,9
2910254,9.785230518848035,10
2910267,9.743145337709352,13
2910285,9.602083106515357,18
2910288,9.946959624314545,3
2910289,10.0,1
2910298,9.828499842487775,9
2910309,9.771561120742488,11
2910318,9.818747715104026,9
2910325,9.873053704447653,7
2910330,9.82282900979755,5
2910350,9.604376665783809,20
2910356,9.872192671333737,6
2910365,9.842205049959414,9
2910376,9.769766647560683,11
2910377,10.0,1
2910388,9.758844267231307,11
2910404,9.649843230854746,16
2910408,9.94148274511457,4
2910422,9.567991064833578,14
2910429,9.879694252030838,7
2910441,9.725777890772964,12
2910453,9.718889813822909,12
2910462,9.834628826652704,9
2910478,9.628906989623378,16
2910491,9.71395659392311,13
2910506,9.685654598622127,15
2910507,10.0,1
2910512,9.918526384418039,5
2910524,9.762455524226912,12
2910527,9.965265188413278,3
2910530,9.971124895651673,3
2910542,9.734560589553853,12
2910554,9.750827717261714,12
2910561,9.887999491412673,7
2910562,10.0,1
2910573,9.758098460612404,11
2910575,9.984487080769233,2
2910582,9.878996837689577,7
2910599,8.797903456062892,17
2910608,9.811622946349852,9
2910615,9.873040059223303,7
2910616,10.0,1
2910621,9.92752254116616,5
2910635,9.682659544061972,14
2910642,9.886641798442916,7
2910655,9.73625330312816,13
2910664,9.82638706777779,9
2910675,9.739208422013665,11
2910683,9.84996906164161,8
2910703,9.355117813268329,20
2910713,9.798696632130557,10
2910721,9.851810939879304,8
2910730,9.813982709262604,9
2910735,9.928280239384952,5
2910748,9.716517740446857,13
2910757,9.827139716340849,9
2910773,9.645919960238533,16
2910777,9.933495042493252,4
2910787,9.790867622745896,10
2910791,9.932020751870704,4
2910792,10.0,1
2910808,9.61998527553316,16
2910825,9.587777664132505,17
2910836,9.77188678850707,11
2910841,9.71605626013769,5
2910857,9.66762413501098,16
2910868,9.76432189094034,11
2910893,9.540643258388263,25
2910900,9.870077109421585,7
2910905,9.921209550223727,5
2910912,9.87559525109957,7
2910919,9.870153996512206,7
2910920,10.0,1
2910929,9.81492810193463,9
2910948,9.57978838118616,19
2910950,9.981692079829704,2
2910958,9.839406205414939,8
2910969,9.788659448875189,11
2910988,9.546701000639576,19
2910989,10.0,1
2911000,9.815834310132262,11
2911001,10.0,1
2911012,9.767377901954688,11
2911028,9.700538044197097,16
2911032,9.948579266734143,4
2911034,9.975740031886493,2
2911035,10.0,1
2911039,9.944880492587158,4
2911056,9.608715714012185,17
2911057,10.0,1
2911071,9.691017429991309,14
2911077,9.90142612901426,6
2911083,9.896884233839994,6
2911095,9.77599258797683,12
2911109,9.695543681338785,14
2911122,9.71248457206353,13
2911134,9.736317448223737,12
2911135,10.0,1
2911142,9.87333414762628,7
2911149,9.869693423151693,7
2911159,9.794400195352923,10
2911169,9.795147719345858,10
2911170,10.0,1
2911176,9.900447695902919,6
2911189,9.761998115909911,13
2911197,9.84943343268125,8
2911214,9.581412935476466,17
2911223,9.819486784623622,9
2911231,9.84332010802911,8
2911243,9.747722772321351,12
2911249,9.891548678987368,6
2911259,9.79730996966859,10
2911273,9.672460494686003,14
2911286,9.716484822230514,13
2911291,9.915397302010323,5
2911300,9.850154044304412,9
2911309,9.80664470883329,9
2911314,9.924237613769787,5
2911318,9.945605353997156,4
2911326,9.824103437968914,8
2911335,9.817338842081174,9
2911354,9.528920081480363,19
2911367,9.712642119491512,13
2911377,9.775366872086417,10
2911378,10.0,1
2911379,10.0,1
2911398,9.617682572102256,19
2911409,9.755174612594416,11
2911416,9.878839930624917,7
2911433,9.579760554481048,17
2911446,9.730703381432457,13
2911461,9.642274168392314,15
2911470,9.78322151828461,9
2911476,9.906370978155925,6
2911483,9.886190205612653,7
2911488,9.923491882208175,5
2911491,9.945613027745255,3
2911498,9.671598014579882,7
2911499,9.996361368241068,1
2911513,9.696045180137165,14
2911519,9.917427088956492,6
2911535,9.620854266913343,16
2911536,10.0,1
2911537,9.992887731424844,1
2911548,9.756149016875437,11
2911549,10.0,1
2911564,9.471081141604191,15
2911572,9.829309261514236,8
2911585,9.724445664777178,13
2911599,9.698897939390644,14
2911608,9.80923000822964,9
2911620,9.747583119703389,12
2911629,9.824581505035354,9
2911633,9.93842281779813,4
2911640,9.880945361758341,7
2911646,9.912483753778538,6
2911654,9.864687342901075,8
2911658,9.946307992916607,4
2911671,9.710442518360848,13
2911677,9.880066796642984,6
2911680,9.96276017268061,3
2911681,10.0,1
2911693,9.716703492072547,12
2911694,10.0,1
2911704,9.83360421108804,10
2911714,9.79504362600922,10
2911727,8.869889481599365,13
2911735,9.880418701860634,8
2911737,9.984592873002132,2
2911740,9.95830605658645,3
2911752,9.736065798923175,12
2911759,9.776716206180314,7
2911770,9.773730325696627,11
2911771,9.996672793953996,1
2911783,9.641411152495419,12
2911784,10.0,1
2911795,9.77445959726706,11
2911805,9.794622468592152,10
2911811,9.877467291128772,6
2911812,9.992263875963499,1
2911816,9.95136133097415,4
2911823,9.863288272520096,7
2911829,9.898919589740485,6
2911838,9.839648575271491,9
2911846,9.837114819774325,8
2911859,9.73009685381533,13
2911870,9.795016946325804,11
2911885,9.702769984623329,15
2911898,9.716548470039626,13
2911901,9.952276927010773,3
2911915,9.683425694545582,14
2911928,9.729836291277914,13
2911929,10.0,1
2911938,9.820029232338763,9
2911947,9.822623788825691,9
2911948,10.0,1
2911958,9.830319952140929,10
2911963,9.928417389669224,5
2911969,9.891068202916799,6
2911970,10.0,1
2911981,9.782944484314438,11
2911996,9.66685484791527,15
2912004,9.823769290109128,8
2912016,9.80235821688585,12
2912025,9.824123609307106,9
2912038,9.699348296278007,13
2912040,9.972138579672622,2
2912050,9.78794745851966,10
2912061,9.801226689372227,11
2912067,9.89264882578772,6
2912076,9.823175798013672,9
2912085,9.827809099573255,9
2912096,9.753017043838431,11
2912100,9.931855223517383,4
2912119,9.536602496485427,19
2912134,9.67665507879078,15
2912140,9.907397787725072,6
2912148,9.82889559885449,8
2912154,9.892109781913804,6
2912161,9.85188350535887,7
2912166,9.921347747312126,5
2912172,9.890150463879086,6
2912184,9.777096266815855,12
2912194,9.813869997467737,10
2912205,9.760563684241777,11
2912223,9.583127273448012,18
2912233,9.783075485020163,10
2912234,10.0,1
2912240,9.894319498853399,6
2912249,9.842393299645167,9
2912262,9.772763881449329,13
2912271,9.806159501151976,9
2912285,9.703473916982851,14
2912291,9.292264854845385,6
2912305,9.707203876780683,14
2912318,9.740299988180823,13
2912327,9.797932862933715,9
2912343,9.643160293220982,16
2912349,9.879663154776141,6
2912357,9.85604118215169,8
2912368,9.76942748692365,11
2912381,9.706772328325322,13
2912382,10.0,1
2912389,9.855851764515707,7
2912400,9.762441195110608,11
2912409,9.804106816714967,9
2912418,9.863537692038362,9
2912431,9.703853280160471,13
2912432,10.0,1
2912450,9.562185450013201,18
2912467,9.688052678123842,17
2912485,9.551576281446385,18
2912494,9.79596721036389,9
2912502,9.77010263156086,8
2912517,9.676393547031303,15
2912518,10.0,1
2912519,10.0,1
2912528,9.83066807830223,9
2912538,9.789372952857743,10
2912542,9.950001340464029,4
2912543,10.0,1
2912552,9.81426138579282,9
2912571,9.586771361891364,19
2912582,9.755175294149149,11
2912589,9.858562614194323,7
2912591,9.972355450171838,2
2912599,9.853354033334892,8
2912612,9.712202180405265,13
2912623,9.778656528468181,11
2912639,9.633085620734061,16
2912650,9.797247584145799,11
2912661,9.766171846506143,11
2912668,9.86890240094505,7
2912669,10.0,1
2912676,9.851690188875434,7
2912687,9.767639529683949,11
2912703,9.423646815768915,16
2912714,9.768973669990345,11
2912723,9.819671175213385,9
2912734,9.749821192439995,11
2912746,9.743765321329173,12
2912753,9.887285593380177,7
2912762,9.799939050362877,9
2912775,9.713483045400304,13
2912779,9.923590742908969,4
2912790,9.763308643908317,11
2912800,9.772603156998935,10
2912803,9.9532539077347,3
2912810,9.865077891127834,7
2912819,9.855578357032883,9
2912824,9.921020115518134,5
2912839,9.711428011192899,15
2912847,9.866115752790794,8
2912849,9.968668584291315,2
2912856,9.89110968272605,7
2912864,9.869292340195036,8
2912875,9.807041791603352,11
2912879,9.938244007376975,4
2912888,9.803636008046734,9
2912900,9.726078263457397,12
2912906,9.890397972646717,6
2912911,9.918998864244731,5
2912921,9.784129879250653,10
2912928,9.86988623466022,7
2912933,9.92145582528151,5
2912939,9.90825657137011,6
2912951,9.7392334970762,12
2912954,9.969694696663247,3
2912961,9.884385001154563,7
2912967,9.88836130702785,6
2912982,9.718851117603355,15
2912988,9.905380746155002,6
2912997,9.722214230050184,9
2913014,9.666799522744942,17
2913020,9.895687691802248,6
2913021,10.0,1
2913031,9.795729324363526,10
2913045,9.702221383435399,14
2913046,10.0,1
2913047,10.0,1
2913055,9.85188083166091,8
2913060,9.928223770801287,5
2913063,9.952594796890464,3
2913078,9.698106291683063,15
2913086,9.834179949898724,8
2913097,9.774431957989677,11
2913104,9.865039826309474,7
2913113,9.81226160906038,9
2913118,9.925074768328024,5
2913139,9.59430353864255,21
2913140,10.0,1
2913147,9.871419030937114,7
2913159,9.670463370194813,12
2913168,9.827280939515143,9
2913186,9.602322132137925,18
2913200,9.66912070654381,14
2913208,9.83403516734322,8
2913216,9.85252661471582,8
2913219,9.956356226282118,3
2913226,9.857792159465722,7
2913227,10.0,1
2913231,9.942970995534065,4
2913236,9.903147679165336,5
2913237,9.99662704368579,1
2913252,9.692377660405327,15
2913260,9.875323476783837,8
2913261,10.0,1
2913270,9.798330104421126,9
2913276,9.905137041350702,6
2913288,9.732535228001355,12
2913301,9.718226310208355,13
2913315,9.697004398699633,14
2913319,9.942206277049614,4
2913328,9.865638662724924,9
2913346,9.627874761478296,18
2913361,9.649531679428343,15
2913364,9.95812931960531,3
2913375,9.777724721971689,11
2913387,9.750988015206902,12
2913402,9.688878997722794,15
2913403,10.0,1
2913404,10.0,1
2913418,9.690238935941244,14
2913431,9.74320398303675,13
2913434,9.955762006510959,3
2913435,10.0,1
2913450,9.68659170583682,15
2913461,9.787796087166736,11
2913462,10.0,1
2913477,9.552416245218987,15
2913480,9.966513527077023,3
2913495,9.655002262488157,15
2913519,9.382337192978358,24
2913523,9.935348040295722,4
2913525,9.972778369339647,2
2913534,9.805402454335939,9
2913541,9.866342162182361,7
2913544,9.958133070600244,3
2913553,9.820013936592904,9
2913563,9.79230821426285,10
2913572,9.800440983401693,9
2913582,9.83891529747685,10
2913593,9.773134115601989,11
2913604,9.754519257742896,11
2913613,9.814258276090706,9
2913624,9.767132213182634,11
2913641,9.671065586172325,17
2913658,9.391655753285612,17
2913666,9.83543360133698,8
2913667,10.0,1
2913672,9.924578602696247,5
2913699,8.961533710374855,27
2913709,9.779600091552753,10
2913714,9.905784292610168,5
2913720,9.888510391102914,6
2913728,9.848533001009027,8
2913734,9.906151327165295,6
2913740,9.889206069791479,6
2913741,10.0,1
2913744,9.962477210856981,3
2913752,9.848443255027172,8
2913762,9.829881079371592,10
2913768,9.899127059815914,6
2913770,9.985096376501035,2
2913780,9.815364548627615,10
2913791,9.76711876821516,11
2913805,9.660538473006879,14
2913814,9.804504214342376,9
2913815,10.0,1
2913843,9.497595229541986,28
2913857,9.68963619879815,14
2913873,9.695625087320925,16
2913876,9.94805348380675,3
2913885,9.841703822153882,9
2913904,9.694602347286004,19
2913915,9.779842780867376,11
2913922,9.896683860418827,7
2913933,9.774886046709879,11
2913942,9.829597759751866,9
2913953,9.800219724349981,11
2913959,9.89494222974019,6
2913963,9.93935611875947,4
2913973,9.792412853710394,10
2913981,9.831129466279704,8
2913989,9.854185771148712,8
2913998,9.823606358205755,9
2913999,10.0,1
2914007,9.839142775883552,8
2914012,9.91158149161299,5
2914013,10.0,1
2914017,9.950037591982635,4
2914026,9.808064929079949,9
2914034,9.84660105675617,8
2914047,9.716222785646684,13
2914053,9.884661588851875,6
2914068,9.670566811423292,15
2914074,9.916103282313344,6
2914085,9.78983006555152,11
2914089,9.948306851205174,4
2914101,9.747503192909255,12
2914118,9.60525861570791,17
2914129,9.762255685136616,11
2914135,9.914990720252284,6
2914141,9.888759739929773,6
2914144,9.967523408446102,3
2914148,9.937662401340765,4
2914152,9.939192881195343,4
2914159,9.852638440115744,7
2914160,10.0,1
2914167,9.877949098591259,7
2914175,9.835573091718478,8
2914187,9.720203761175528,12
2914200,9.433406909151296,13
2914207,9.841505998699242,7
2914222,9.65062488767576,15
2914228,9.892070367853913,6
2914241,9.71681129372557,13
2914251,9.77795475896908,10
2914261,9.791026514284907,10
2914266,9.917029463913785,5
2914279,9.731421694723748,13
2914290,9.765105205102333,11
2914304,9.69126271321805,14
2914305,10.0,1
2914306,10.0,1
2914314,9.845885615912984,8
2914326,9.711338207829366,12
2914335,9.815413551540708,9
2914341,9.884948061806172,6
2914350,9.731120292967896,9
2914361,9.777685060568484,11
2914372,9.765017264655762,11
2914385,9.708884008526244,13
2914389,9.943849243034435,4
2914390,10.0,1
2914397,9.873766876195411,7
2914400,9.963733910322373,3
2914409,9.869055678127381,9
2914413,9.933547930285641,4
2914422,9.808514091710947,9
2914433,9.752948990095836,11
2914442,9.832607462925502,9
2914455,9.730116167574607,13
2914457,9.977193868465884,2
2914469,9.767596478180185,12
2914471,9.975490826601858,2
2914485,9.693547875705132,14
2914496,9.783068367560787,11
2914505,9.833793726490727,9
2914510,9.910177206961814,5
2914518,9.840850369777009,8
2914520,9.98488696872836,2
2914528,9.844384463020267,8
2914529,10.0,1
2914534,9.925063949504462,5
2914552,9.590294662247064,18
2914556,9.948135141662506,4
2914566,9.783973678297686,10
2914572,9.88876738104839,6
2914588,9.427912061754009,16
2914589,9.993003349201773,1
2914596,9.883236578443446,7
2914601,9.906758761580539,5
2914606,9.923477385589882,5
2914621,9.673805510122477,15
2914622,10.0,1
2914629,9.871584130782864,7
2914641,9.729402302327319,12
2914642,10.0,1
2914651,9.73481683814945,9
2914658,9.748849377064683,7
2914667,9.813273276586187,9
2914676,9.832347789468692,9
2914682,9.895313940551658,6
2914690,9.856789634335033,8
2914696,9.892631219317856,6
2914710,9.745672931790173,14
2914718,9.854544635012745,8
2914727,9.808405322874822,9
2914728,10.0,1
2914739,9.784625955293814,11
2914748,9.821212638355044,9
2914759,9.792102539031632,11
2914761,9.981781224938025,2
2914771,9.818195795000666,10
2914783,9.743333065670344,12
2914796,9.697479750120298,13
2914797,10.0,1
2914803,9.900756514648082,6
2914807,9.956980169071334,4
2914814,9.87215078163242,7
2914828,9.713488661581625,14
2914839,9.75247122652066,11
2914844,9.906614659775059,5
2914852,9.846122441845308,8
2914862,9.824799791794202,10
2914863,10.0,1
2914878,9.668664429851205,15
2914894,9.62595311663845,16
2914903,9.815760198096047,9
2914913,9.789773178800642,10
2914925,9.760909301402485,12
2914934,9.812928890681837,9
2914949,9.631830531352923,15
2914956,9.864498609596321,7
2914970,9.682914923778991,14
2914977,9.874865297996003,7
2914987,9.785778168871477,10
2914992,9.909605555962072,5
2914998,9.892915935944306,6
2915002,9.939607131504026,4
2915012,9.818624744817932,10
2915026,9.65367964890232,14
2915037,9.756398413335203,11
2915047,9.777374524515642,10
2915061,9.651846224966851,14
2915064,9.95531564898824,3
2915066,9.973204673700742,2
2915067,10.0,1
2915074,9.875471264860842,7
2915080,9.902676414762123,6
2915087,9.881848149179293,7
2915093,9.899271160343472,6
2915107,9.705290016107659,14
2915116,9.830062794072871,9
2915124,9.846337321982704,8
2915134,9.807613732376137,10
2915140,9.908110895365688,6
2915148,9.832355501821917,8
2915159,9.734999460506913,11
2915170,9.766981805368934,11
2915186,9.640467901943463,16
2915197,9.764891284942754,11
2915210,9.712557566018088,13
2915219,9.810370296721054,9
2915226,9.885246723548175,7
2915233,9.868186826081093,7
2915246,9.729172616135362,13
2915253,9.864130961420251,7
2915255,9.976002721912952,2
2915257,9.983818458289333,2
2915265,9.84043945938776,8
2915281,9.656451285326176,16
2915289,9.839943855983567,8
2915299,9.788648243639768,10
2915307,9.859210521027412,8
2915320,9.71782835253248,13
2915332,9.7357979631265,12
2915340,9.875586803480596,8
2915352,9.737799666484806,12
2915354,9.97666825762821,2
2915360,9.917419566850048,6
2915388,9.431976738119142,28
2915396,9.841275187499992,8
2915408,9.729227143962937,12
2915420,9.748512619882339,12
2915429,9.81998676891718,9
2915430,10.0,1
2915440,9.824039330916339,10
2915448,9.826009735157957,8
2915461,9.716206341328515,13
2915473,9.78469458815589,12
2915491,9.66363425132886,18
2915492,10.0,1
2915502,9.790202729277896,10
2915511,9.83195669163283,9
2915512,10.0,1
2915525,9.70362360597942,13
2915533,9.834646144936878,8
2915548,9.671424291512952,15
2915557,9.728052529436642,9
2915558,10.0,1
2915576,9.571555854493212,18
2915583,9.881457497286585,7
2915594,9.756760185663557,11
2915603,9.816210300931699,9
2915609,9.883805589880556,6
2915620,9.764247984426483,11
2915626,9.910429792697403,6
2915633,9.867824054914452,7
2915634,10.0,1
2915639,9.898946352539006,5
2915644,9.907049585854468,5
2915658,9.747012896553263,14
2915667,9.842348032080036,9
2915675,9.843636401957463,8
2915681,9.887846251902948,6
2915694,9.704417319887419,13
2915707,9.690906096074801,13
2915715,9.828343326720136,8
2915732,9.59992593160979,17
2915739,9.867493623069182,7
2915740,9.996357065229738,1
2915750,9.79501294380114,10
2915753,9.959151517053025,3
2915772,9.46937321223842,19
2915773,10.0,1
2915790,9.592864674468343,17
2915794,9.936714647548603,4
2915800,9.87982832191281,6
2915805,9.915184891637036,5
2915816,9.8292852228781,11
2915825,9.798209977147224,9
2915833,9.837253518382632,8
2915843,9.797701730603546,10
2915855,9.729062766061194,12
2915866,9.751146755545795,11
2915878,9.714867217809289,12
2915892,9.72397604645362,14
2915912,9.522886293914357,20
2915919,9.88458867470365,7
2915926,9.886416367217857,7
2915939,9.71283035914842,13
2915949,9.785233422484994,10
2915952,9.956801773502246,3
2915959,9.86817470336001,7
2915960,10.0,1
2915969,9.821055149270556,9
2915978,9.830694958777308,9
2915984,9.885449739120574,6
2915997,9.670354095135176,13
2916008,9.791613006910268,11
2916018,9.787616433228793,10
2916020,9.970937951965952,2
2916032,9.732552814016348,12
2916037,9.912720693207907,5
2916050,9.705522464701653,13
2916061,9.773777335783297,11
2916074,9.711057219683079,13
2916075,10.0,1
2916080,9.915792742039617,5
2916081,9.99660069537711,1
2916088,9.901762113887033,7
2916097,9.823911944151927,9
2916102,9.927672898000946,5
2916117,9.667440025414052,15
2916130,9.426787888054395,13
2916142,9.73896419321569,12
2916150,9.83305069984214,8
2916168,9.608071452813782,18
2916175,9.87647922512372,7
2916176,10.0,1
2916185,9.619327534622194,9
2916199,9.703016640023323,14
2916206,9.863292264039657,7
2916212,9.87139427968837,6
2916219,9.880749223584086,7
2916225,9.900176515834357,6
2916239,9.669920106688352,14
2916247,9.838803629123053,8
2916258,9.748198452870792,11
2916268,9.776759452555863,10
2916282,9.765510657256142,14
2916288,9.788062607135782,6
2916296,9.843503769371681,8
2916297,10.0,1
2916303,9.897807890488142,6
2916313,9.787019124004935,10
2916318,9.903715540858203,5
2916319,10.0,1
2916327,9.856116083324295,8
2916328,9.992863535242892,1
2916334,9.888386398798804,6
2916342,9.844226960346447,8
2916354,9.739936690648225,12
2916359,9.917258430440855,5
2916372,9.724411153281446,13
2916387,9.638850668627459,15
2916406,9.565426069874746,19
2916419,9.710198954866879,13
2916440,9.60700436018805,21
2916443,9.94634346245157,3
2916452,9.828561128720287,9
2916457,9.927910214966301,5
2916458,10.0,1
2916464,9.907631268440413,6
2916477,9.754373160206349,13
2916487,9.78210483648825,10
2916492,9.934397041821645,5
2916498,9.891853063212274,6
2916499,10.0,1
2916504,9.905908909809723,5
2916508,9.925237559656145,4
2916521,9.713239531583476,13
2916532,9.572642522246333,11
2916540,9.826667259737489,8
2916541,10.0,1
2916552,9.785352247407616,11
2916558,9.902817985305997,6
2916564,9.88606984576598,6
2916571,9.86690268135924,7
2916583,9.761216071976653,12
2916592,9.815473911222439,9
2916602,9.787300591803668,10
2916606,9.932662097872315,4
2916622,9.682536937327283,16
2916627,9.930346212710843,5
2916638,9.802578666724425,11
2916639,10.0,1
2916649,9.822288317752683,10
2916654,9.939664571214774,5
2916669,9.753078166214172,15
2916687,9.619678035736577,18
2916697,9.772682629499203,10
2916704,9.87409500721993,7
2916708,9.946033172958042,4
2916715,9.90189133519439,7
2916733,9.590841566045626,18
2916738,9.9150539405888,5
2916743,9.940346031909575,5
2916754,9.799274675484833,11
2916764,9.79090791887277,10
2916765,10.0,1
2916768,9.963631164596102,3
2916771,9.96333702345544,3
2916772,9.996540772382025,1
2916780,9.854660692079962,8
2916795,9.687276758385085,15
2916796,9.988611382090228,1
2916811,9.364411706073408,15
2916814,9.952600220683317,3
2916824,9.804957240004821,10
2916833,9.807231911332835,9
2916843,9.776980125995724,10
2916850,9.858105507189816,7
2916858,9.458965391431454,8
2916873,9.707663267563198,15
2916883,9.804135223972747,10
2916890,9.86582912107385,7
2916897,9.863980834579184,7
2916899,9.974437845491448,2
2916906,9.8719356135509,7
2916908,9.979699800374625,2
2916909,10.0,1
2916912,9.959412818922743,3
2916929,9.582024837621429,17
2916930,10.0,1
2916941,9.745674336252684,11
2916949,9.847856255327926,8
2916950,10.0,1
2916952,9.974272595729126,2
2916955,9.957243060606046,3
2916964,9.80434473154724,9
2916977,9.720956777013438,13
2916992,9.563916482545194,15
2917003,9.750999501040818,11
2917012,9.799389464718788,9
2917022,9.788000454972703,10
2917027,9.907802795351822,5
2917035,9.86336022978957,8
2917041,9.802499775425696,6
2917054,9.6899067682063,13
2917062,9.856311180335348,8
2917068,9.90588139703392,6
2917075,9.904404821067693,7
2917082,9.86997315194772,7
2917087,9.916108015083426,5
2917097,9.77798524658881,10
2917106,9.808252676353552,9
2917120,9.587094881619286,14
2917133,9.721178955252078,13
2917140,9.875681957755297,7
2917151,9.771565392008954,11
2917156,9.898480442178894,5
2917158,9.970862455440576,2
2917163,9.901743534782945,5
2917172,9.818435685416727,9
2917181,9.803186714528326,9
2917184,9.966346663950748,3
2917196,9.724976578090901,12
2917212,9.724090340670648,16
2917213,10.0,1
2917225,9.726148246090638,12
2917239,9.68684199658042,14
2917242,9.965625818527153,3
2917250,9.84027602866389,8
2917260,9.76920863047196,10
2917276,9.64324881351308,16
2917281,9.912669421175615,5
2917288,9.891849375784806,7
2917293,9.918156085913411,5
2917301,9.843145231147115,8
2917303,9.977007751746633,2
2917313,9.81821897323427,10
2917318,9.921037200303392,5
2917324,9.884322322061571,6
2917327,9.959174357194815,3
2917344,9.631520972049577,17
2917360,9.700800192156045,16
2917361,10.0,1
2917369,9.858298202187928,8
2917383,9.680753288870006,14
2917396,9.70482548448318,13
2917408,9.719426089002953,12
2917412,9.930564517785943,4
2917420,9.836745406406061,8
2917422,9.979070781761132,2
2917430,9.865786628546509,8
2917440,9.793323502325613,10
2917441,10.0,1
2917452,9.780326117357568,11
2917458,9.904839707403973,6
2917473,9.64615002397079,15
2917474,10.0,1
2917480,9.913623481766667,6
2917486,9.897372154559289,6
2917487,9.988729558467575,1
2917496,9.825749535884265,9
2917497,9.993155378827618,1
2917498,10.0,1
2917504,9.896471895367963,6
2917507,9.959263226968739,3
2917508,10.0,1
2917514,9.871672206921954,6
2917515,10.0,1
2917528,9.71228916577056,13
2917544,9.648744748660844,16
2917545,10.0,1
2917556,9.766963333364519,11
2917563,9.863253797487904,7
2917576,9.74393428893725,13
2917584,9.734327533991532,8
2917590,9.9110271218297,6
2917600,9.661654417134267,10
2917614,9.6972074168431,14
2917615,10.0,1
2917629,9.665749569843065,14
2917634,9.920195299529057,5
2917636,9.975666392358818,2
2917639,9.969222964961268,3
2917648,9.833826080136767,9
2917654,9.892286256509237,6
2917658,9.945820704560237,4
2917674,9.623147603471903,16
2917683,9.80616519844379,9
2917696,9.71590919704476,13
2917707,9.768455556988942,11
2917712,9.930850590508943,5
2917717,9.919424348255284,5
2917725,9.845183205811205,8
2917734,9.83312186487186,9
2917753,9.597575341205683,19
2917754,9.992373678299048,1
2917762,9.824029325132093,8
2917771,9.810743081935287,9
2917784,9.70835910809743,13
2917797,9.749952543650025,13
2917810,9.706850060618365,13
2917816,9.884578687183378,6
2917825,9.845573627003404,9
2917833,9.865745007685506,8
2917840,9.859030221730496,7
2917849,9.82123674640335,9
2917866,9.661334330893439,17
2917883,9.629640966668353,17
2917892,9.829978108917372,9
2917903,9.764207619461862,11
2917918,9.680488967606426,15
2917928,9.795756148995784,10
2917941,9.718845687736415,13
2917953,9.739378332075425,12
2917967,9.713121104571416,14
2917976,9.803478679567231,9
2917991,9.667678134511087,15
2917995,9.941345331799239,4
2918010,9.674376478436518,15
2918015,9.91180204846604,5
2918023,9.861461598908068,8
2918024,10.0,1
2918038,9.688831832434683,14
2918044,9.808249324265837,6
2918058,9.690983290092987,14
2918064,9.898576948238913,6
2918073,9.809723562704328,9
2918084,9.784058725975582,11
2918097,9.736091091213275,13
2918102,9.921640045349008,5
2918108,9.907608878548396,6
2918116,9.859808257980593,8
2918123,9.881309216944738,7
2918124,10.0,1
2918135,9.787838010476191,11
2918149,9.580015427848034,14
2918153,9.945109718695138,4
2918159,9.89282912005346,6
2918169,9.81491303069937,10
2918180,9.776423660148014,11
2918181,10.0,1
2918194,9.703433312651462,13
2918209,9.673830179597987,15
2918222,9.719431083160787,13
2918231,9.855932937357885,9
2918241,9.78677124490507,10
2918246,9.930233459572648,5
2918254,9.843668265017296,8
2918265,9.73540952539812,11
2918277,9.79713616990919,12
2918294,9.642837443131858,17
2918295,10.0,1
2918299,9.947888889816642,4
2918306,9.867996766935116,7
2918317,9.766205159166027,11
2918332,9.657559987361426,15
2918333,10.0,1
2918342,9.807996631443125,9
2918352,9.772838670715677,10
2918367,9.63717841198796,15
2918378,9.756560252291356,11
2918393,9.689477299803784,15
2918405,9.738801743711681,12
2918406,10.0,1
2918414,9.632327071439772,8
2918424,9.821347066364545,10
2918430,9.889711261317746,6
2918439,9.797599798323652,9
2918441,9.97094287581301,2
2918444,9.958020179815017,3
2918452,9.838216526287336,8
2918469,9.645426542010517,17
2918479,9.781843318337579,10
2918490,9.754236423242265,11
2918495,9.906635391945354,5
2918506,9.76572148648134,11
2918508,9.969286148254685,2
2918520,9.714498267682142,12
2918521,9.988552222856859,1
2918530,9.82034582602174,9
2918536,9.897334460026784,6
2918544,9.84434078251436,8
2918551,9.889869356515693,7
2918563,9.756424791529284,12
2918574,9.768749852951156,11
2918584,9.79986371495882,10
2918594,9.77873894580869,10
2918600,9.89229128497111,6
2918613,9.69792246218222,13
2918621,9.829939646933292,8
2918641,9.519672902039087,20
2918648,9.89764565282344,7
2918651,9.972028644969072,3
2918657,9.905162416662922,6
2918674,9.619868398646583,17
2918687,9.717600485005041,13
2918695,9.855650011518618,8
2918708,9.73654827165401,13
2918715,9.871354157763948,7
2918716,9.98839064126033,1
2918717,10.0,1
2918728,9.75100037637297,11
2918737,9.828276907238514,9
2918752,9.729980938237558,15
2918759,9.86878448662851,7
2918770,9.806453525293588,11
2918779,9.837972433686216,9
2918788,9.809481234297717,9
2918795,9.856343968473102,7
2918803,9.840954901026926,8
2918807,9.93967201997499,4
2918818,9.763255022557427,11
2918834,9.667139287633066,16
2918847,9.71813307933622,13
2918849,9.97154133254927,2
2918861,9.751883125092531,12
2918872,9.76702419232539,11
2918880,9.852084794653297,8
2918886,9.894476313948863,6
2918898,9.73435546706453,12
2918902,9.940285178229763,4
2918903,10.0,1
2918918,9.64850582809006,15
2918921,9.960271785630914,3
2918926,9.9264430756606,5
2918927,10.0,1
2918938,9.746113959860153,11
2918953,9.718962196898492,15
2918968,9.670605973039507,15
2918974,9.89796151998624,6
2918982,9.8584849883855,8
2918993,9.765832476849447,11
2919004,9.796763832870504,11
2919009,9.910960353633547,5
2919076,8.17921146316237,67
2919085,9.82374112052976,9
2919089,9.941984050549767,4
2919090,9.987714427704587,1
2919099,9.828138582435257,9
2919109,9.833847188940494,10
2919120,9.765654931855535,11
2919127,9.897599422323738,7
2919128,9.989168806255863,1
2919137,9.819838538920795,9
2919143,9.877757298567065,6
2919155,9.707053136235775,12
2919165,9.81104919050956,10
2919178,9.71955863641909,13
2919185,9.874327390610217,7
2919192,9.856673422320414,7
2919201,9.807219955311131,9
2919211,9.843669963407981,10
2919226,9.646937910016016,15
2919241,9.639703685759624,15
2919242,9.992885112332544,1
2919245,9.955819154596696,3
2919249,9.951621991111065,4
2919257,9.868648707081388,8
2919261,9.940681688411381,4
2919262,10.0,1
2919268,9.888060516649965,6
2919275,9.874853574052533,7
2919280,9.937435088003193,5
2919284,9.945144464167015,4
2919286,9.980993010578093,2
2919293,9.855404474897306,7
2919294,10.0,1
2919310,9.693919425384179,16
2919311,10.0,1
2919324,9.726008050354585,13
2919336,9.75211265858126,12
2919347,9.748107206063272,11
2919357,9.77758968723968,10
2919366,9.812777794008833,9
2919373,9.873994299120877,7
2919378,9.904578907664126,5
2919379,10.0,1
2919389,9.779730010393507,10
2919390,10.0,1
2919404,9.677387636733288,14
2919408,9.930163557409845,4
2919425,9.590087039046457,17
2919431,9.89600767504164,6
2919437,9.891721557554398,6
2919447,9.774812344977091,10
2919460,9.697713130007918,13
2919461,10.0,1
2919471,9.769806766431284,10
2919476,9.90319439607091,5
2919478,9.969940050312355,2
2919486,9.82597576200432,8
2919502,9.653280257708852,16
2919503,10.0,1
2919518,9.712724852662083,15
2919528,9.801595153227531,10
2919547,9.579736818946511,19
2919549,9.978695634929899,2
2919557,9.846578452908869,8
2919558,10.0,1
2919572,9.719691203415643,14
2919574,9.970390842801379,2
2919585,9.78178767135647,11
2919600,9.63688363803395,15
2919614,9.693667233788222,14
2919626,9.533223904588509,12
2919635,9.797638583525327,9
2919642,9.872531780860495,7
2919643,10.0,1
2919650,9.862247799229406,7
2919662,9.751288359081093,12
2919673,9.775418575806357,11
2919676,9.96846393732473,3
2919682,9.907817502610857,6
2919686,9.932405583918928,4
2919687,10.0,1
2919693,9.873816362875223,6
2919702,9.816585844645285,9
2919709,9.89393862827825,7
2919714,9.896014900917123,5
2919721,9.874772368094426,7
2919722,10.0,1
2919730,9.855410432236768,8
2919735,9.92362957427696,5
2919748,9.715739821562135,13
2919759,9.825299880432588,11
2919766,9.86766445948466,7
2919776,9.796581486266096,10
2919791,9.689653409439863,15
2919802,9.77536040804021,11
2919815,9.738793004648787,13
2919827,9.79034120171926,12
2919839,9.611989366542865,12
2919847,9.870225443342518,8
2919864,9.655213806995453,17
2919870,9.903007022113204,6
2919885,9.642924060974313,15
2919891,9.874882814082223,6
2919902,9.827796596480027,11
2919916,9.726539279482235,14
2919921,9.919974769245915,5
2919930,9.809540385809525,9
2919943,9.733589239317041,13
2919950,9.89320582971106,7
2919951,9.988473999958607,1
2919956,9.926970643185102,5
2919959,9.9524582776399,3
2919971,9.750903633042375,12
2919977,9.921247086686266,6
2919979,9.970599620740405,2
2919989,9.796482556058297,10
2920003,9.715068150425058,14
2920011,9.856793091965207,8
2920024,9.73296719017626,13
2920025,10.0,1
2920033,9.84884889225761,8
2920042,9.858949341606877,9
2920051,9.813247050152922,9
2920057,9.903080732759161,6
2920064,9.86310281215417,7
2920071,9.881787287018074,7
2920079,9.839991551635483,8
2920088,9.822634823373054,9
2920100,9.717069866880339,12
2920113,9.744595415745113,13
2920127,9.698768710819834,14
2920135,9.857067595257805,8
2920150,9.682763993005679,15
2920157,9.853362382974463,7
2920159,9.972728267371407,2
2920169,9.778871650030277,10
2920175,9.88233720473203,6
2920188,9.698914179290538,13
2920190,9.973937962767792,2
2920201,9.736624522293797,11
2920208,9.87954327025602,7
2920214,9.904298969927476,6
2920223,9.814721813574998,9
2920235,9.717825571063878,12
2920239,9.944192463455936,4
2920244,9.91943229417887,5
2920251,9.883853104214918,7
2920256,9.913000906142988,5
2920257,10.0,1
2920259,9.9761189037507,2
2920263,9.947179048395872,4
2920272,9.820996173012299,9
2920275,9.966500367965956,3
2920285,9.775840813250815,10
2920296,9.772266124021504,11
2920297,10.0,1
2920303,9.921239278675037,6
2920317,9.718442662221172,14
2920322,9.913698967991232,5
2920334,9.752720500904417,12
2920340,9.885517541384857,6
2920350,9.803957053899296,10
2920359,9.862842360364889,9
2920368,9.802631219394417,9
2920374,9.896641624077654,6
2920377,9.951624321041825,3
2920396,9.643598596023027,19
2920414,9.579226544250826,18
2920427,9.703110892994536,13
2920431,9.940689591744107,4
2920442,9.798295587940014,11
2920451,9.813823578517935,9
2920456,9.930037991306081,5
2920464,9.869085070334718,8
2920474,9.773415656717848,10
2920485,9.79406598726916,11
2920486,10.0,1
2920497,9.76605647922484,11
2920505,9.857337155198943,8
2920518,9.691611933327568,13
2920525,9.892743170369599,7
2920541,9.407442734386867,16
2920557,9.660095973139681,16
2920566,9.814127474818651,9
2920581,9.651016224586431,15
2920589,9.84883854583765,8
2920594,9.91829019283869,5
2920612,9.596147740381832,18
2920615,9.961851111830425,3
2920625,9.780088755964684,10
2920636,9.75962128107803,11
2920639,9.957138200629531,3
2920643,9.93942748389466,4
2920648,9.915748279644841,5
2920659,9.755860522308005,11
2920666,9.861883762363268,7
2920680,9.713340681544059,14
2920697,9.61392797877855,17
2920708,9.756030705557718,11
2920722,9.475029613448243,14
2920728,9.901217425437324,6
2920743,9.62552068367853,15
2920745,9.97608810844434,2
2920751,9.886160533328157,6
2920762,9.7501056763299,11
2920773,9.772906232081533,11
2920818,9.11999352499314,45
2920827,9.823816953934744,9
2920833,9.885688877318291,6
2920841,9.843130164672138,8
2920846,9.920162554685444,5
2920855,9.819952879099374,9
2920858,9.962331429318013,3
2920866,9.862527095190638,8
2920867,9.99290378712091,1
2920880,9.72804117136075,13
2920893,9.706762077463047,13
2920898,9.91141924431152,5
2920902,9.938354136588273,4
2920918,9.614799680456423,16
2920921,9.969473790537982,3
2920925,9.933313580544974,4
2920940,9.631543042436611,15
2920961,9.494955780493061,21
2920968,9.883639251861833,7
2920982,9.671710199243208,14
2920992,9.778065765144433,10
2920999,9.873858941170766,7
2921004,9.911929571201492,5
2921013,9.817046463343091,9
2921025,9.790465268466502,12
2921031,9.897814493177368,6
2921038,9.8741575768722,7
2921039,10.0,1
2921054,9.674485573823965,15
2921055,10.0,1
2921063,9.858309338492774,8
2921077,9.675104570198268,14
2921082,9.919146406292633,5
2921088,9.90509946919181,6
2921093,9.9155908741046,5
2921094,10.0,1
2921099,9.916296342734809,5
2921109,9.816261934087402,10
2921125,9.460156140080967,16
2921132,9.842657251961372,7
2921136,9.9443312027251,4
2921137,10.0,1
2921141,9.930714701463527,4
2921156,9.68045881759342,15
2921160,9.951307140053407,4
2921164,9.943425689853305,4
2921165,10.0,1
2921180,9.59013315727923,15
2921181,10.0,1
2921193,9.537988656394523,12
2921199,9.894367418556515,6
2921205,9.905257526442325,6
2921209,9.92499572958663,4
2921217,9.843792521117967,8
2921230,9.711952509018493,13
2921242,9.741972210926537,12
2921250,9.854171411442646,8
2921262,9.765539206404494,12
2921266,9.936015272464838,4
2921271,9.926962601257873,5
2921276,9.93219253529557,5
2921284,9.8665609128269,8
2921292,9.843313867062227,8
2921310,9.571083354932586,18
2921317,9.855345935517015,7
2921325,9.842761593118086,8
2921332,9.855541526452944,7
2921335,9.959257409800463,3
2921341,9.890263742982551,6
2921353,9.743188912536736,12
2921359,9.926813179639774,6
2921360,10.0,1
2921370,9.789289557407622,10
2921376,9.910640187279101,6
2921377,10.0,1
2921380,9.957025168478834,3
2921387,9.845250080904073,7
2921399,9.739703005751874,12
2921405,9.892149601933998,6
2921411,9.891926441770332,6
2921425,9.732583196572532,14
2921438,9.697962405636863,13
2921453,9.563090797409306,15
2921460,9.871044671882865,7
2921467,9.874763939377242,7
2921475,9.826009033532436,8
2921482,9.852751315787032,7
2921493,9.752949767320912,11
2921505,9.456690691071993,12
2921506,9.993103851458509,1
2921511,9.906845977355568,5
2921516,9.92674508223464,5
2921525,9.84065374931207,9
2921527,9.978798087373407,2
2921531,9.944650686530668,4
2921543,9.75111911216557,12
2921551,9.810095340162048,8
2921559,9.856657083466702,8
2921570,9.760183067300934,11
2921578,9.82881034887368,8
2921594,9.648271317669163,16
2921595,10.0,1
2921604,9.835865016071535,9
2921611,9.847270339197221,7
2921612,10.0,1
2921616,9.944256111523949,4
2921617,10.0,1
2921626,9.786297347351502,9
2921635,9.837860483035543,9
2921640,9.913865549807795,5
2921652,9.422011356417368,12
2921664,9.74558891560256,12
2921665,10.0,1
2921676,9.761455040172185,11
2921685,9.817401072674516,9
2921692,9.847610032228252,7
2921693,10.0,1
2921697,9.937934789972987,4
2921702,9.924630395201772,5
2921711,9.822218420860104,9
2921712,10.0,1
2921725,9.720109243579884,13
2921733,9.848459232872708,8
2921735,9.983407089204826,2
2921748,9.531934542969426,13
2921759,9.733559596066051,11
2921764,9.922932796927068,5
2921775,9.770079986578372,11
2921782,9.850895224261984,7
2921793,9.797476833680054,11
2921798,9.917981300277313,5
2921808,9.808448129557483,10
2921830,9.5536096595394,22
2921838,9.862196268095415,8
2921854,9.62905874231032,16
2921858,9.947845924448979,4
2921868,9.811991956716128,10
2921878,9.590183402422634,10
2921886,9.853271897289147,8
2921893,9.880494477439655,7
2921894,10.0,1
2921898,9.951399268137118,4
2921902,9.932245065864784,4
2921907,9.916845815640258,5
2921923,9.650854494103044,16
2921938,9.651369636849262,15
2921949,9.765966359500935,11
2921955,9.908903424992307,6
2921960,9.924079203819176,5
2921967,9.850622124478535,7
2921972,9.917762483312563,5
2921976,9.934894006973897,4
2921982,9.90203841208323,6
2921993,9.782352805061688,11
2921996,9.964012986771422,3
2921997,10.0,1
2922008,9.780159587683986,11
2922019,9.750368424152631,11
2922020,9.99605533952286,1
2922023,9.971809313668146,3
2922031,9.847148173787941,8
2922032,10.0,1
2922037,9.9208573496491,5
2922047,9.795269676487024,10
2922065,9.565905102699135,18
2922079,9.698285313859026,14
2922089,9.82259888373873,10
2922103,9.678382262590196,14
2922106,9.955787531541802,3
2922118,9.731401384016435,12
2922124,9.900139422217832,6
2922137,9.721089107631904,13
2922147,9.816987909719217,10
2922157,9.78579149501396,10
2922163,9.885118259036144,6
2922174,9.737271046207045,11
2922182,9.746415446003997,8
2922194,9.773517417253155,12
2922208,9.692645028049194,14
2922211,9.96352733190573,3
2922215,9.935539535682219,4
2922233,9.59096015393438,18
2922242,9.800060793890326,9
2922253,9.783976772161335,11
2922261,9.845099370105485,8
2922272,9.768874616025624,11
2922278,9.89402942772212,6
2922289,9.753595706673423,11
2922302,9.725474354102923,13
2922309,9.849289637557714,7
2922315,9.901971896315485,6
2922324,9.804917205452245,9
2922326,9.980566813217907,2
2922335,9.825897327435328,9
2922343,9.852893953402209,8
2922355,9.737719629070503,12
2922365,9.787148280801643,10
2922376,9.781091337236479,11
2922391,9.668083474891482,15
2922397,9.882956600089766,6
2922405,9.850498763932524,8
2922411,9.891799065693352,6
2922414,9.96184615150427,3
2922428,9.684246500952568,14
2922439,9.753200080696876,11
2922453,9.717401742780211,14
2922456,9.953688598163563,3
2922465,9.816767861704985,9
2922479,9.718556116143526,14
2922490,9.569360597243087,11
2922499,9.818412844894402,9
2922508,9.553199730865124,9
2922520,9.751924323785833,12
2922527,9.887505233739645,7
2922538,9.769826941882357,11
2922541,9.953608251194506,3
2922551,9.811195840106116,10
2922556,9.937409859196437,5
2922571,9.650698402289361,15
2922581,9.7803873176592,10
2922595,9.669595276226776,14
2922608,9.68679941295546,13
2922626,9.605605791572593,18
2922631,9.921215107229648,5
2922639,9.829315015900795,8
2922640,10.0,1
2922650,9.774877179368481,10
2922655,9.92274718476916,5
2922661,9.907114757434222,6
2922670,9.817898964447334,9
2922679,9.793687760345934,9
2922690,9.769134793420191,11
2922696,9.919132334195654,6
2922705,9.833287111992338,9
2922716,9.740906481832766,11
2922742,9.515602928353463,26
2922747,9.932428668703013,5
2922758,9.762859771543258,11
2922777,9.540761962193027,19
2922782,9.934781429626145,5
2922793,9.751120962875028,11
2922797,9.93687716432146,4
2922808,9.758995962984152,11
2922817,9.812827628634427,9
2922829,9.749723235064687,12
2922830,10.0,1
2922841,9.596351131155194,11
2922851,9.811754375278458,10
2922860,9.84138914705442,9
2922868,9.819624704767548,8
2922881,9.716291141549442,13
2922892,9.762697758710885,11
2922905,9.598458079585502,13
2922906,10.0,1
2922915,9.800232086396317,9
2922919,9.945153241329828,4
2922920,10.0,1
2922930,9.788371259100321,10
2922937,9.871425763203813,7
2922942,9.922108763291902,5
2922949,9.862667670401521,7
2922957,9.85879803305367,8
2922971,9.713502355149927,14
2922977,9.907878585317905,6
2922980,9.967887622989267,3
2922991,9.783640197757299,11
2922992,10.0,1
2922993,10.0,1
2923001,9.843885892883565,8
2923051,9.079386844373904,50
2923073,9.528582297081185,22
2923080,9.890964674634713,7
2923081,10.0,1
2923099,9.575063879415563,18
2923113,9.702873651249474,14
2923116,9.96170415597208,3
2923117,10.0,1
2923120,9.961364579244304,3
2923131,9.77223203731276,11
2923144,9.752664772924964,13
2923152,9.843729428572603,8
2923162,9.81060517044858,10
2923164,9.98431817009211,2
2923173,9.80944201966329,9
2923182,9.806435089200992,9
2923195,9.734691623054506,13
2923210,9.660414003927587,15
2923219,9.81334298060276,9
2923230,9.784049757380073,11
2923233,9.965331740128839,3
2923243,9.772413207069322,10
2923252,9.796300832132887,9
2923262,9.775088421396001,10
2923302,8.866174235754874,40
2923316,9.67011415085315,14
2923327,9.735040347209486,11
2923337,9.800345258927686,10
2923343,9.888115938288804,6
2923354,9.77360816689027,11
2923358,9.92589308453452,4
2923376,9.649810186214532,18
2923377,10.0,1
2923378,10.0,1
2923390,9.741365321180986,12
2923395,9.917949063935295,5
2923398,9.968476710754143,3
2923399,10.0,1
2923410,9.747313800253416,11
2923417,9.867763835586164,7
2923418,10.0,1
2923423,9.923721526098914,5
2923431,9.861457886584908,8
2923439,9.877871905726355,8
2923441,9.977232795893276,2
2923448,9.857321372229599,7
2923459,9.688502293554352,11
2923462,9.955828451279038,3
2923479,9.647248659575014,17
2923493,9.671523008692187,14
2923506,9.74239843718084,13
2923519,9.737018759856559,13
2923522,9.957349974123428,3
2923528,9.890877245342596,6
2923531,9.952806434651748,3
2923542,9.762071163461925,11
2923545,9.959487963773535,3
2923546,10.0,1
2923553,9.86837292282818,7
2923561,9.838982865314987,8
2923566,9.91639832750737,5
2923567,10.0,1
2923575,9.834407432357626,8
2923582,9.892272190309823,7
2923590,9.845420842807627,8
2923599,9.82436372158827,9
2923612,9.451765251322055,13
2923625,9.743931654557045,13
2923631,9.919276650893416,6
2923639,9.888304917774185,8
2923640,10.0,1
2923653,9.698829545794808,13
2923654,9.992670241568426,1
2923655,10.0,1
2923665,9.855173348063724,10
2923669,9.933475365526448,4
2923673,9.942135876719224,4
2923674,10.0,1
2923687,9.73415384751806,13
2923690,9.947766862922215,3
2923696,9.886553556525902,6
2923700,9.945763384224357,4
2923710,9.787841463689489,10
2923724,9.703413139414875,14
2923736,9.719145803927267,12
2923745,9.815475659093085,9
2923746,10.0,1
2923751,9.922500053763047,5
2923757,9.912354529588127,6
2923758,10.0,1
2923762,9.928977977221377,4
2923789,9.325681697331332,27
2923790,10.0,1
2923803,9.704022672886452,13
2923810,9.869436068905674,7
2923821,9.759933871754267,11
2923822,10.0,1
2923834,9.777384790799758,12
2923846,9.764488366126484,12
2923851,9.900647103787136,5
2923861,9.736793385590277,10
2923866,9.928558560744532,5
2923871,9.910416199900784,5
2923879,9.844337525606166,8
2923887,9.856133698592119,8
2923896,9.815063425774962,9
2923905,9.806558266128524,9
2923909,9.934686769235599,4
2923910,10.0,1
2923922,9.738530341777004,12
2923935,9.692109991329952,13
2923945,9.789477787859209,10
2923948,9.954554621960268,3
2923956,9.837550760461074,8
2923968,9.708689534048748,12
2923969,10.0,1
2923970,10.0,1
2923984,9.668487924293407,14
2923986,9.980748640218541,2
2923996,9.788653316648412,10
2923999,9.959127117566394,3
2924000,9.990700218426339,1
2924007,9.858056382656535,7
2924012,9.908660696127157,5
2924016,9.936327170052975,4
2924022,9.898657701110757,6
2924027,9.917731472705205,5
2924039,9.744920130587298,12
2924048,9.819012229051468,9
2924051,9.957643021096645,3
2924059,9.829589303879013,8
2924060,10.0,1
2924065,9.91058406044127,5
2924075,9.783265039609969,10
2924087,9.702485850440098,12
2924088,9.989390674003552,1
2924089,9.986857922085274,1
2924090,10.0,1
2924095,9.923354929416435,5
2924101,9.888020591121574,6
2924104,9.956986011903528,3
2924114,9.78928464827633,10
2924123,9.800665711157306,9
2924134,9.765792731134871,11
2924139,9.899406938094982,5
2924150,9.776944417575484,11
2924161,9.766337974105623,11
2924163,9.975206876467297,2
2924169,9.902662017803994,6
2924176,9.756564719383126,7
2924183,9.862095384136861,7
2924189,9.892312475396162,6
2924197,9.853554839222916,8
2924204,9.876058582971641,7
2924216,9.634099749845733,12
2924220,9.935080927203748,4
2924232,9.744471933185809,12
2924239,9.86751565840282,7
2924240,10.0,1
2924245,9.920910291771134,5
2924258,9.710722502626119,13
2924265,9.87707219599184,7
2924268,9.959008131547446,3
2924278,9.810522003421987,10
2924285,9.857903827449299,7
2924291,9.875484181788446,6
2924300,9.617961995954573,9
2924307,9.89202588305896,7
2924310,9.95743915051483,3
2924321,9.76658920817843,11
2924328,9.867752231620301,7
2924338,9.809455554738017,10
2924350,9.756174607144208,12
2924354,9.941468862336263,4
2924366,9.747384816850696,12
2924379,9.743012760296557,13
2924382,9.95378458812238,3
2924386,9.750600739409338,4
2924394,9.849306036107185,8
2924401,9.845221356538199,7
2924413,9.735751928357907,12
2924419,9.886317998525401,6
2924429,9.759135142957831,10
2924443,9.735345526857358,14
2924444,10.0,1
2924449,9.933599094892584,5
2924462,9.721903770978804,13
2924476,9.694298459861466,14
2924483,9.843945034203484,7
2924491,9.841283956657866,8
2924501,9.790187079072162,10
2924506,9.915558836443871,5
2924520,9.67977864711523,14
2924525,9.927948950636676,5
2924530,9.90038943123784,5
2924539,9.826550833651819,9
2924550,9.791594704067725,11
2924555,9.932171644508024,5
2924562,9.865961220544145,7
2924567,9.91300379054375,5
2924581,9.70711055065659,14
2924589,9.840217562125106,8
2924590,9.992700834307104,1
2924596,9.900525627549825,6
2924597,10.0,1
2924600,9.952187443220396,3
2924603,9.952635146873527,3
2924616,9.729774892602377,13
2924624,9.850846636668413,8
2924632,9.844126797030114,8
2924642,9.801144919837846,10
2924651,9.819136455066946,9
2924659,9.851866590719544,8
2924670,9.760478555946706,11
2924676,9.89748634435615,6
2924684,9.828806619419833,8
2924688,9.938663337068457,4
2924711,9.523959341933129,23
2924716,9.806416780591226,5
2924724,9.82302665094156,8
2924737,9.720049126716768,13
2924747,9.782938617240395,10
2924749,9.980055179135645,2
2924757,9.864935475984998,8
2924766,9.829531423956816,9
2924774,9.82763176150704,8
2924788,9.668568846982092,14
2924790,9.97248032605174,2
2924792,9.6826381918571,2
2924802,9.790018752073902,10
2924809,9.856812324876659,7
2924816,9.888773887380323,7
2924823,9.864248000625155,7
2924827,9.93288607145862,4
2924841,9.693461264230518,14
2924855,9.670372112615615,14
2924861,9.893248723938445,6
2924885,9.485324351493063,24
2924891,9.896583692437853,6
2924901,9.779774948687031,10
2924910,9.809509697179413,9
2924920,9.812259017567737,10
2924934,9.700815048704156,14
2924940,9.910349546850568,6
2924949,9.851111372083361,9
2924963,9.744000869109486,14
2924964,10.0,1
2924965,9.992762973258582,1
2924966,9.992788650486698,1
2924977,9.771767914136658,11
2924981,9.943089462920186,4
2924982,9.988760828567903,1
2924995,9.734690535219428,13
2924996,10.0,1
2925006,9.800120302018932,10
2925012,9.892941029326783,6
2925022,9.776818331617951,10
2925028,9.900220124977887,6
2925034,9.896383951551284,6
2925044,9.80066347647335,10
2925057,9.715757444747068,13
2925058,10.0,1
2925059,10.0,1
2925069,9.802705635525939,10
2925072,9.968780467627006,3
2925082,9.713313424965481,10
2925091,9.807983717434785,9
2925098,9.90199184338509,7
2925109,9.753318585869147,11
2925117,9.851343633635222,8
2925121,9.946341673821268,4
2925127,9.896540002801196,6
2925135,9.833999505654559,8
2925157,9.56083906753591,22
2925162,9.92588418922132,5
2925169,9.888033448185064,7
2925182,9.766167256670673,13
2925193,9.756993080639335,11
2925197,9.93304496222576,4
2925210,9.750224641190659,13
2925224,9.690213396887478,14
2925231,9.870320168360099,7
2925242,9.785854878239752,11
2925243,10.0,1
2925251,9.877360379351177,8
2925255,9.936965903643062,4
2925264,9.81168096149991,9
2925276,9.771405840227718,12
2925290,9.6843802363181,14
2925297,9.894419703175966,7
2925305,9.875739403115828,8
2925311,9.888665257637982,6
2925314,9.959095818941641,3
2925321,9.88330381082921,7
2925333,9.754834350256797,12
2925363,9.136175293877525,30
2925376,9.751674219160149,13
2925380,9.940386875680927,4
2925381,10.0,1
2925395,9.685447428087539,14
2925405,9.791666035276407,10
2925415,9.810543281890173,10
2925424,9.821910237090602,9
2925429,9.908700867447243,5
2925430,9.988709256108866,1
2925445,9.661365262731147,15
2925446,10.0,1
2925452,9.915745885644846,6
2925459,9.78428247372574,7
2925464,9.91564446147876,5
2925477,9.702127378686098,13
2925490,9.720208218277355,13
2925497,9.85095945123798,7
2925505,9.83893665223906,8
2925518,9.722856224359141,13
2925520,9.982380424534636,2
2925525,9.902393822274979,5
2925529,9.92810059683215,4
2925541,9.75406424701441,12
2925548,9.875919230280504,7
2925559,9.75250233605523,11
2925569,9.691410016682083,10
2925575,9.885236437182806,6
2925584,9.809573077600701,9
2925596,9.726797028724217,12
2925608,9.731123439652926,12
2925616,9.857966836119923,8
2925619,9.771300716559566,3
2925627,9.851159781793331,8
2925637,9.776241471694354,10
2925644,9.859680433496429,7
2925659,9.659352972778388,15
2925671,9.758377781109989,12
2925678,9.859706005285746,7
2925686,9.846012730437597,8
2925694,9.844821052905697,8
2925702,9.85016620564039,8
2925713,9.756460635880003,11
2925716,9.965084238003726,3
2925726,9.79162326547099,10
2925735,9.817005321399428,9
2925739,9.94143510060046,4
2925740,10.0,1
2925741,10.0,1
2925753,9.729160684127717,12
2925762,9.873739794641907,9
2925764,9.97500294859093,2
2925775,9.794745238363626,11
2925785,9.802492046127423,10
2925792,9.884228688696451,7
2925799,9.8736253567874,7
2925807,9.832562504216392,8
2925808,10.0,1
2925820,9.744886441004848,12
2925826,9.901567654540454,6
2925832,9.907126422281145,6
2925842,9.783809488939,10
2925845,9.965445312488335,3
2925852,9.860478972825215,7
2925866,9.691428158232384,14
2925879,9.759591318323348,13
2925893,9.664372319992676,14
2925901,9.84014416818847,8
2925910,9.830422664048594,9
2925915,9.911272161007364,5
2925917,9.977589985638918,2
2925931,9.690449747170105,14
2925937,9.885756229140004,6
2925942,9.925295448344285,5
2925948,9.87825525695622,6
2925958,9.76326984299922,10
2925960,9.971146075442807,2
2925967,9.868589163258692,7
2925976,9.809441808099344,9
2925980,9.935947270842952,4
2925995,9.696878860802972,15
2926002,9.859822974064135,7
2926012,9.808535020503962,10
2926019,9.864105312654956,7
2926029,9.801132114545883,10
2926034,9.90733162811141,5
2926042,9.82893097365705,8
2926056,9.694212948124626,14
2926063,9.860013616670184,7
2926072,9.84249512905723,9
2926077,9.920115412129816,5
2926078,10.0,1
2926086,9.842713075925,8
2926091,9.916069983869258,5
2926092,10.0,1
2926096,9.93061536143565,4
2926103,9.855226976342584,7
2926111,9.828269797897008,8
2926125,9.492491127082797,14
2926139,9.697557384589167,14
2926140,10.0,1
2926153,9.732990633053616,13
2926164,9.776670221063716,11
2926167,9.96377289654226,3
2926186,9.540473981596673,19
2926196,9.779404602167602,10
2926202,9.889219616371744,6
2926207,9.906227514126943,5
2926219,9.731344592221664,12
2926226,9.870978235258402,7
2926229,9.967009268394518,3
2926238,9.822685747984437,9
2926244,9.898905447786625,6
2926261,9.721161530998835,17
2926267,9.919190117896049,6
2926277,9.768646295679456,10
2926278,10.0,1
2926282,9.941721084987051,4
2926290,9.870213312925076,8
2926299,9.826963354691628,9
2926309,9.80037513674897,10
2926313,9.93657742769658,4
2926326,9.718506295581149,13
2926343,9.629451481031445,17
2926349,9.917006032169137,6
2926369,9.55658010830952,20
2926375,9.900188596242636,6
2926377,9.984004624679935,2
2926392,9.694278402896868,15
2926397,9.922015044256245,5
2926408,9.766937972898491,11
2926416,9.82713340697509,8
2926417,10.0,1
2926418,10.0,1
2926428,9.774475441569761,10
2926433,9.930602683445695,5
2926447,9.688891569302294,14
2926452,9.918527666129158,5
2926458,9.905888913243665,6
2926460,9.9730919998258,2
2926470,9.788032065291391,10
2926480,9.790199432735022,10
2926495,9.67364353035056,15
2926496,10.0,1
2926498,9.970647586487717,2
2926501,9.958948877174471,3
2926512,9.757447204668951,11
2926521,9.809594991334572,9
2926528,9.869690155902946,7
2926534,9.90085818392221,6
2926539,9.810228041021235,5
2926553,9.713434089223878,14
2926560,9.887870435776321,7
2926571,9.791806898072482,11
2926586,9.69938518096819,15
2926603,9.579909154444826,17
2926607,9.943385055066823,4
2926608,10.0,1
2926612,9.936210965041493,4
2926616,9.927083190926787,4
2926621,9.914403761668076,5
2926627,9.88284789644599,6
2926628,9.996419709563959,1
2926640,9.733592961257376,12
2926646,9.877121149498098,6
2926647,10.0,1
2926656,9.804575563358341,9
2926665,9.841009185575205,9
2926669,9.944804645492537,4
2926670,10.0,1
2926685,9.701725669167955,15
2926688,9.963591808600647,3
2926698,9.817255330088793,10
2926706,9.851987518782193,8
2926711,9.91978954303246,5
2926718,9.878076589424401,7
2926723,9.912991791233969,5
2926730,9.863214650910423,7
2926741,9.79545316117737,11
2926752,9.76831326121457,11
2926756,9.9516365190058,4
2926767,9.784082958916732,11
2926782,9.67884423084433,15
2926790,9.832598087189446,8
2926806,9.342259822936994,16
2926819,9.699773827458873,13
2926827,9.833286274834027,8
2926833,9.889224238132885,6
2926834,10.0,1
2926850,9.604502785658628,16
2926853,9.950152045104819,3
2926855,9.97668775623018,2
2926872,9.625114700416752,17
2926884,9.7967699373232,12
2926890,9.898397771132434,6
2926901,9.761645963260316,11
2926902,10.0,1
2926906,9.938094196783556,4
2926921,9.661398871096228,15
2926926,9.918479145220028,5
2926933,9.861768620782213,7
2926944,9.786171935737553,11
2926951,9.873526572532112,7
2926952,10.0,1
2926953,10.0,1
2926960,9.873112218421008,7
2926968,9.841129326984206,8
2926977,9.825886422207157,9
2926986,9.817021027587659,9
2926999,9.7176922997497,13
2927007,9.858610290364862,8
2927017,9.812674546731497,10
2927023,9.886444290022036,6
2927024,10.0,1
2927041,9.629035168842897,17
2927047,9.9025074090893,6
2927062,9.675440942599739,15
2927071,9.830708160807163,9
2927087,9.64765433659381,16
2927095,9.838300928636194,8
2927111,9.272656299442467,16
2927121,9.800125659416496,10
2927132,9.7779035506765,11
2927144,9.742883369327625,12
2927154,9.790506301557942,10
2927161,9.877441470022204,7
2927167,9.904181660481106,6
2927173,9.88032574545216,6
2927182,9.815579736070227,9
2927184,9.980101552193608,2
2927198,9.727834266525756,14
2927204,9.890866821298864,6
2927215,9.793510654719608,11
2927228,9.701182082302648,13
2927239,9.8067434825269,11
2927246,9.88917400894607,7
2927259,9.73884980226614,13
2927268,9.829950989648237,9
2927271,9.963427827556902,3
2927284,9.73257447055741,13
2927295,9.751624715182652,11
2927296,10.0,1
2927299,9.962581151056552,3
2927307,9.86637949644093,8
2927313,9.883469029756833,6
2927325,9.748039722417335,12
2927327,9.974421512555558,2
2927343,9.654212910977739,16
2927355,9.7241881420843,12
2927367,9.71378345787908,12
2927375,9.865873560461544,8
2927381,9.89044441002226,6
2927388,9.867945760357326,7
2927389,9.98918660390022,1
2927390,10.0,1
2927398,9.833099354145078,8
2927404,9.900950066629639,6
2927413,9.832021454901552,9
2927421,9.843747088936095,8
2927429,9.849129361489922,8
2927433,9.941791551544322,4
2927449,9.626654630543129,16
2927463,9.66370444542779,14
2927473,9.779681542802013,10
2927487,9.666645071884759,14
2927506,9.62043369660348,19
2927513,9.871702706909005,7
2927514,10.0,1
2927521,9.861569889461354,7
2927531,9.807954839101544,10
2927539,9.84108608712569,8
2927548,9.826983228497415,9
2927557,9.804996177298639,9
2927561,9.926767238488257,4
2927562,10.0,1
2927568,9.889533274002513,6
2927569,10.0,1
2927580,9.76333138223911,11
2927585,9.902523353178994,5
2927593,9.849451386861586,8
2927601,9.834677620459088,8
2927619,9.605554974285004,18
2927628,9.813959411222012,9
2927631,9.95578235773074,3
2927634,9.956346812454061,3
2927660,9.232296057475695,26
2927669,9.83464410236895,9
2927676,9.860915333336608,7
2927685,9.799238214413112,9
2927694,9.82504203147838,9
2927708,9.493122391487859,14
2927719,9.778056821896486,11
2927728,9.819979214526654,9
2927729,10.0,1
2927737,9.83987415129019,8
2927740,9.96801150808692,3
2927748,9.857346222556183,8
2927749,10.0,1
2927763,9.6836126568774,14
2927764,10.0,1
2927785,9.476702239153102,21
2927787,9.980770024469955,2
2927793,9.891806638229502,6
2927802,9.614824280110312,9
2927817,9.569776498531857,15
2927830,9.716726877392254,13
2927833,9.961449049411712,3
2927843,9.811934173225987,10
2927848,9.912049854797424,5
2927855,9.882353241101745,7
2927870,9.668539985229652,15
2927890,9.521062903759885,20
2927905,9.630215530082344,15
2927920,9.64731902433133,15
2927929,9.829620491047134,9
2927934,9.918622952527723,5
2927935,10.0,1
2927949,9.663621729221754,14
2927952,9.960155238020809,3
2927953,10.0,1
2927962,9.829366507493464,9
2927965,9.969139119810032,3
2927967,9.977779349787765,2
2927968,10.0,1
2927976,9.843633175423651,8
2927983,9.872056052209029,7
2927994,9.777239001269683,11
2927996,9.973783616486363,2
2928000,9.941044896167691,4
2928010,9.785574325436956,10
2928016,9.890082018621824,6
2928017,10.0,1
2928029,9.73770024148109,12
2928036,9.873989727022348,7
2928040,9.93265370086706,4
2928042,9.985574108683293,2
2928052,9.801084326112814,10
2928062,9.817949624820196,10
2928079,9.637906023174223,17
2928091,9.708776793207555,12
2928097,9.886344421882683,6
2928109,9.760087458800303,12
2928111,9.974088186262765,2
2928112,9.996661447103536,1
2928119,9.88017779776543,7
2928122,9.969549436797525,3
2928128,9.891831992221174,6
2928140,9.726771532998622,12
2928145,9.924870435789561,5
2928156,9.781393970989084,11
2928157,10.0,1
2928168,9.799960887735503,11
2928180,9.741671627447005,12
2928194,9.698962767339642,14
2928206,9.746437968330499,12
2928216,9.782771184550022,10
2928229,9.71477744155803,13
2928230,9.987759169363272,1
2928241,9.790154920445564,11
2928250,9.860115610720635,9
2928259,9.820129299382458,9
2928272,9.525445777985016,13
2928283,9.767142207060465,11
2928294,9.76514919993163,11
2928300,9.891622053573087,6
2928316,9.653982318654952,16
2928323,9.874457659171888,7
2928342,9.613378132422323,19
2928352,9.781046179023617,10
2928362,9.799990645406288,10
2928364,9.976775273619456,2
2928365,10.0,1
2928366,10.0,1
2928374,9.842482041555161,8
2928386,9.74441297153398,12
2928397,9.806011711664677,11
2928398,10.0,1
2928406,9.835019285749201,8
2928420,9.70738445709908,14
2928424,9.936352468167621,4
2928432,9.857627257045078,8
2928444,9.785532785326252,12
2928450,9.891753218311013,6
2928458,9.844596633941686,8
2928474,9.612509646707068,16
2928478,9.928608351164925,4
2928482,9.927157686604446,4
2928486,9.942553083488102,4
2928498,9.741777208720324,12
2928511,9.747113214159764,13
2928519,9.847639160741373,8
2928534,9.671250716071658,15
2928535,10.0,1
2928557,9.474515839160144,22
2928564,9.868770928129823,7
2928569,9.81257017254724,5
2928584,9.71239279531246,15
2928590,9.895964975426804,6
2928599,9.806301513665687,9
2928600,10.0,1
2928607,9.858993624500572,7
2928617,9.800100848940875,10
2928621,9.944957359832122,4
2928625,9.951095504918737,4
2928638,9.706982056448709,13
2928649,9.780884042754874,11
2928658,9.819339804874875,9
2928675,9.638595555306418,17
2928689,9.677127154227572,14
2928692,9.961538243643407,3
2928704,9.74079052540515,12
2928705,9.99266910138707,1
2928714,9.823460544666105,9
2928721,9.865848209973313,7
2928740,9.616442558573112,19
2928743,9.949476729566172,3
2928751,9.852886138640459,8
2928759,9.837989362085521,8
2928779,9.530794243775244,20
2928786,9.876089916403739,7
2928791,9.924526300422347,5
2928792,10.0,1
2928797,9.916081953765246,5
2928809,9.745459952485978,12
2928822,9.739648450908444,13
2928830,9.761168331506719,8
2928834,9.930146179293022,4
2928839,9.914957240475186,5
2928845,9.920793858255918,6
2928855,9.577266906813163,10
2928857,9.9837219515427,2
2928876,9.531014668813144,19
2928884,9.862007605646692,8
2928891,9.863096848747997,7
2928897,9.89949834194965,6
2928904,9.877463643123379,7
2928914,9.802502748635261,10
2928922,9.85061248078538,8
2928932,9.792117493363723,10
2928940,9.835247727898606,8
2928946,9.905537464800846,6
2928947,10.0,1
2928957,9.815855056189257,10
2928963,9.908885900035052,6
2928976,9.716630019176083,13
2928983,9.86225927427986,7
2928993,9.803472201417451,10
2929000,9.883136660523531,7
2929006,9.885267514037857,6
2929017,9.791442375021546,11
2929022,9.928729738966567,5
2929030,9.839235671016919,8
2929037,9.896875924846503,7
2929041,9.940706555421325,4
2929053,9.76922409392972,12
2929074,9.528211456833894,21
2929085,9.758000934227347,11
2929090,9.900945047710527,5
2929095,9.933693852818713,5
2929105,9.779110820714726,10
2929110,9.923673313402718,5
2929111,10.0,1
2929125,9.692621122933371,14
2929131,9.899145869097492,6
2929136,9.912921979170525,5
2929148,9.754320793017827,12
2929159,9.755212314111525,11
2929165,9.876918704079621,6
2929173,9.832260270888447,8
2929182,9.826177055817954,9
2929194,9.729764457869592,12
2929209,9.596672030383278,15
2929221,9.737194728668772,12
2929238,9.622512731468392,17
2929239,10.0,1
2929255,9.60444720027138,16
2929265,9.797359166543506,10
2929279,9.702708928411825,14
2929291,9.722954594452078,12
2929296,9.924320463181054,5
2929306,9.797667405500833,10
2929317,9.792523854984498,11
2929320,9.962315990220333,3
2929326,9.894100106777111,6
2929337,9.780356773459154,11
2929347,9.803194453650608,10
2929357,9.786089033013724,10
2929369,9.749759830629586,12
2929382,9.735109679011966,13
2929393,9.800542060374138,11
2929394,9.98827809170427,1
2929401,9.87609531462306,7
2929416,9.68844299261404,15
2929426,9.78100339069214,10
2929430,9.939552597584637,4
2929441,9.761928441653403,11
2929453,9.72955958079455,12
2929457,9.928896937960923,4
2929470,9.793418653590468,13
2929481,9.686027747158084,11
2929488,9.864156606862146,7
2929494,9.887527477481216,6
2929504,9.796798361313877,10
2929512,9.828110060602631,8
2929526,9.678735661985085,14
2929531,9.906887349672726,5
2929536,9.925513019442375,5
2929538,9.981760240332346,2
2929547,9.844647295281785,9
2929551,9.949414175383584,4
2929559,9.844678519011365,8
2929562,9.946430319556889,3
2929567,9.927419802032754,5
2929578,9.756768819089668,11
2929586,9.825051878375664,8
2929587,9.992119648428172,1
2929592,9.919037512665824,5
2929600,9.86434249897592,8
2929608,9.82606908208775,8
2929618,9.801794387560312,10
2929629,9.776582749694052,11
2929648,9.525953202729825,19
2929656,9.847257798969796,8
2929658,9.983219739174043,2
2929660,9.976647031713702,2
2929670,9.795282324765914,10
2929679,9.853622181860093,9
2929688,9.830125384343857,9
2929701,9.7254273250022,13
2929715,9.686934989751162,14
2929729,9.717813923366686,14
2929742,9.688459856563318,13
2929754,9.744776800094954,12
2929760,9.880143093967147,6
2929768,9.852879792760437,8
2929779,9.774496778717129,11
2929792,9.723952624206039,13
2929798,9.901271977667491,6
2929810,9.749471630599395,12
2929826,9.653269383838838,16
2929830,9.930102638259086,4
2929838,9.836377294115135,8
2929846,9.842564552374224,8
2929850,9.935744038723403,4
2929857,9.869945689769349,7
2929870,9.691913807215359,13
2929880,9.842550018837668,10
2929885,9.919230132183614,5
2929902,9.559348926477377,17
2929909,9.890678553249835,7
2929921,9.723816453297625,12
2929929,9.825570332035845,8
2929938,9.812859415082842,9
2929953,9.466308858039133,15
2929966,9.719002107866446,13
2929977,9.754789277593165,11
2929995,9.467013577823847,18
2930010,9.74514141646705,15
2930017,9.860636555609164,7
2930018,10.0,1
2930026,9.83722196364533,8
2930030,9.936628977885974,4
2930036,9.898142198359693,6
2930043,9.886987927612466,7
2930055,9.753114573673122,12
2930063,9.850038874630046,8
2930065,9.97142569966201,2
2930076,9.762539403787141,11
2930089,9.707235844454745,13
2930106,9.59939929017451,17
2930120,9.695125855054274,14
2930121,10.0,1
2930133,9.720762820918646,12
2930136,9.96603234214512,3
2930142,9.878977318161619,6
2930151,9.815451803135335,9
2930163,9.725479020182668,12
2930173,9.56764668774659,10
2930176,9.964955034315869,3
2930180,9.94594362612737,4
2930189,9.81851963039417,9
2930203,9.700210964151164,14
2930217,9.703465158474597,14
2930223,9.89281696043841,6
2930236,9.709711491096543,13
2930241,9.91220250502463,5
2930250,9.812191168132586,9
2930254,9.931332864127521,4
2930255,10.0,1
2930264,9.819157184816264,9
2930265,10.0,1
2930277,9.75301823123009,12
2930278,9.993123631174988,1
2930295,9.601054584783503,17
2930302,9.888631556490685,7
2930310,9.844284725965208,8
2930311,10.0,1
2930323,9.777113766537097,12
2930338,9.673711987710027,15
2930342,9.935401239377091,4
2930349,9.864004933657704,7
2930358,9.828923114993602,9
2930367,9.819415130806249,9
2930375,9.848207209994003,8
2930387,9.733922280527871,12
2930390,9.959323141389623,3
2930405,9.633589520695498,15
2930407,9.977849801757598,2
2930414,9.86829495070887,7
2930415,9.992821466274167,1
2930422,9.85948691214817,7
2930433,9.490144961188138,11
2930439,9.905654059107933,6
2930447,9.860654695351355,8
2930463,9.649770523598685,16
2930470,9.869223937616175,7
2930485,9.636797028318103,15
2930494,9.814751526181848,9
2930502,9.839350091504263,8
2930516,9.684443242580953,14
2930517,10.0,1
2930521,9.938368100373618,4
2930533,9.776984532899904,12
2930538,9.918869330451587,5
2930546,9.849698503895596,8
2930557,9.780772890400646,11
2930560,9.954489452849321,3
2930573,9.72979998736514,13
2930584,9.800502824525616,11
2930591,9.84262044858813,7
2930592,10.0,1
2930599,9.895184271660321,7
2930609,9.785033893734672,10
2930622,9.729730949875492,13
2930625,9.966911790725886,3
2930626,9.996722668348875,1
2930631,9.903703676462404,5
2930636,9.932135092045504,5
2930645,9.820118702613325,9
2930646,9.996659781637858,1
2930660,9.709258394631238,14
2930676,9.670677385304279,16
2930686,9.810387291534008,10
2930689,9.960105566054548,3
2930694,9.91893122779043,5
2930700,9.886423691822449,6
2930708,9.746740435736104,8
2930715,9.763559309951905,7
2930724,9.813329757706361,9
2930733,9.806344911924539,9
2930738,9.902403677575771,5
2930746,9.866025024716857,8
2930757,9.672771683020313,11
2930765,9.833277367504678,8
2930772,9.858999142913712,7
2930784,9.739934342512418,12
2930791,9.865983942678083,7
2930799,9.838521430753628,8
2930803,9.947147084353489,4
2930810,9.864134826713343,7
2930812,9.972512267911746,2
2930818,9.897811020668351,6
2930832,9.686780759791786,14
2930837,9.929857248043655,5
2930847,9.810834164178665,10
2930855,9.838460755276257,8
2930861,9.902846935488489,6
2930862,10.0,1
2930872,9.782919284886418,10
2930877,9.913946981848635,5
2930883,9.890636427399802,6
2930892,9.79736745656308,9
2930905,9.70506053883409,13
2930906,9.99600411919872,1
2930912,9.907605063884715,6
2930923,9.782022237477918,11
2930926,9.966907099586475,3
2930933,9.866720995914996,7
2930939,9.896445819943361,6
2930949,9.779055008022194,10
2930950,10.0,1
2930956,9.890112080663334,6
2930967,9.76292558623001,11
2930971,9.926719246170547,4
2930980,9.857147997070392,9
2930991,9.770887533394689,11
2930996,9.920538209463906,5
2931010,9.662582837194423,14
2931020,9.438295806845902,10
2931041,9.463617794005852,21
2931052,9.786146163109459,11
2931060,9.834970907325905,8
2931065,9.91541322833365,5
2931066,10.0,1
2931073,9.873367659062135,7
2931081,9.843021704207668,8
2931086,9.933841440774843,5
2931092,9.901995614675572,6
2931103,9.776214692779154,11
2931106,9.965311409176632,3
2931118,9.719018373766415,12
2931124,9.890992214213668,6
2931132,9.841183552215902,8
2931142,9.779591847623935,10
2931152,9.804107983960542,10
2931161,8.844715023513825,9
2931162,10.0,1
2931171,9.843607414600443,9
2931181,9.80323818881846,10
2931196,9.643462181177187,15
2931208,9.735705908597508,12
2931222,9.669224447928617,14
2931237,9.57999742976931,15
2931247,9.793807208560168,10
2931258,9.770934071713336,11
2931272,9.672360042822502,14
2931277,9.91827985839875,5
2931287,9.805416487973105,10
2931295,9.856124142378778,8
2931311,9.62047767558906,16
2931319,9.851823589290266,8
2931331,9.754056331258441,12
2931333,9.97900490473506,2
2931336,9.968873360164016,3
2931345,9.835771211403138,9
2931368,9.467001037090084,23
2931384,9.665668335590773,16
2931397,9.733647203154696,13
2931402,9.914141212948406,5
2931404,9.971730557649806,2
2931413,9.822464212824622,9
2931423,9.780711649700251,10
2931430,9.460518781278251,7
2931443,9.701412296126342,13
2931455,9.725982952182184,12
2931462,9.880372358882282,7
2931469,9.846065090554163,7
2931486,9.491664952815265,17
2931497,9.781286300643183,11
2931498,10.0,1
2931508,9.814811926996336,10
2931509,10.0,1
2931522,9.598613769659499,13
2931529,9.846255502758709,7
2931530,10.0,1
2931534,9.926930078537936,4
2931535,10.0,1
2931546,9.789093357204608,11
2931555,9.807528392650504,9
2931569,9.662103813752172,14
2931574,9.917329674669912,5
2931583,9.78741615345063,9
2931595,9.721599010102366,12
2931599,9.926760318797196,4
2931603,9.940757488087316,4
2931613,9.783438752603207,10
2931626,9.72956396552632,13
2931635,9.806009871393666,9
2931648,9.72084569577797,13
2931657,9.71106488732976,9
2931666,9.815360164968274,9
2931676,9.796419561200853,10
2931686,9.759827035539455,10
2931695,9.816591833950305,9
2931712,9.585687848968957,17
2931716,9.944424201754005,4
2931733,9.67818389224799,17
2931750,9.619253065353812,17
2931760,9.800720829650285,10
2931771,9.801159911217097,11
2931778,9.843885809923963,7
2931791,9.789045959750856,13
2931796,9.927122696251768,5
2931802,9.878426352133925,6
2931804,9.976183609562478,2
2931808,9.939675607144387,4
2931813,9.92227539304734,5
2931817,9.9334802904386,4
2931827,9.68832868158903,10
2931838,9.765589669059208,11
2931846,9.869255058382764,8
2931856,9.776314765933392,10
2931862,9.90313012836642,6
2931870,9.830357987280026,8
2931875,9.936523358232918,5
2931887,9.743855457250667,12
2931888,10.0,1
2931899,9.745038620002713,11
2931913,9.68919423909433,14
2931919,9.897375010627467,6
2931930,9.75008734330146,11
2931937,9.87637844756561,7
2931944,9.859656856031418,7
2931956,9.73418281276717,12
2931957,10.0,1
2931969,9.72468007358901,12
2931979,9.783756746323972,10
2931983,9.936310953455797,4
2931991,9.83930197614664,8
2931996,9.918906595778122,5
2931998,9.978212716296175,2
2931999,10.0,1
2932000,10.0,1
2932001,10.0,1
2932015,9.696351851390219,14
2932023,9.855122980690755,8
2932024,10.0,1
2932032,9.851579771453109,8
2932044,9.741288640172025,12
2932053,9.819830664201694,9
2932063,9.76191869880207,10
2932066,9.954161308074895,3
2932072,9.915271121925656,6
2932085,9.716577933842917,13
2932095,9.8034346327281,10
2932112,9.581222648991389,17
2932113,10.0,1
2932121,9.865430782877588,8
2932126,9.921892481740564,5
2932144,9.580174012178194,18
2932161,9.606050465599868,17
2932166,9.907333485714064,5
2932175,9.828863211105974,9
2932185,9.790017669380692,10
2932192,9.871840327129611,7
2932199,9.864484135617596,7
2932214,9.651745390327791,15
2932215,10.0,1
2932218,9.970628155952229,3
2932229,9.768266163888729,11
2932231,9.979437439764487,2
2932239,9.847010445498544,8
2932240,10.0,1
2932248,9.848916356851822,8
2932257,9.825932384355028,9
2932268,9.741999368187221,11
2932275,9.86712785771238,7
2932282,9.880475672186341,7
2932290,9.821621608923943,8
2932291,9.988811760624603,1
2932293,9.983117527087629,2
2932305,9.749134550923285,12
2932314,9.832283217569742,9
2932325,9.763657714800143,11
2932336,9.752283730173271,11
2932341,9.924874824379849,5
2932353,9.731541040036616,12
2932365,9.739101181442603,12
2932372,9.86006537716324,7
2932380,9.832756381683888,8
2932389,9.792809906548937,9
2932400,9.73954086958258,11
2932410,9.767754208008286,10
2932415,9.902479009575448,5
2932420,9.907371912174078,5
2932427,9.89160475514435,7
2932437,9.805121670764171,10
2932445,9.835331768842776,8
2932451,9.908972285115853,6
2932452,10.0,1
2932464,9.726361327382278,12
2932465,10.0,1
2932481,9.647838010078122,16
2932488,9.85689662231697,7
2932489,9.992823761374323,1
2932496,9.870438579609491,7
2932500,9.933994677547119,4
2932502,9.972838729694551,2
2932515,9.713893788023892,13
2932525,9.767836701748442,10
2932535,9.814479434553672,10
2932540,9.90248940131565,5
2932543,9.952437564819387,3
2932549,9.886308846772742,6
2932558,9.829971987286807,9
2932560,9.969221013204606,2
2932563,9.952423525901894,3
2932564,10.0,1
2932576,9.725194969550856,12
2932580,9.937508610224723,4
2932581,10.0,1
2932594,9.724143404822069,13
2932595,10.0,1
2932601,9.897312722168007,6
2932613,9.6273462142799,12
2932624,9.783151997319251,11
2932640,9.655502793872156,16
2932652,9.764172174951405,12
2932660,9.848916004657655,8
2932664,9.949138268349666,4
2932673,9.800595750712432,9
2932679,9.884108603346482,6
2932680,9.99646712651979,1
2932685,9.916773007350391,5
2932686,9.996461662117285,1
2932699,9.703559675153981,13
2932712,9.713847999349687,13
2932713,10.0,1
2932723,9.795844505120055,10
2932729,9.895860357723835,6
2932738,9.796671111659771,9
2932743,9.91436972281926,5
2932751,9.870753241395215,8
2932755,9.932889543340176,4
2932771,9.72235467753262,16
2932783,9.748257361464885,12
2932791,9.860714767393702,8
2932803,9.745319613187796,12
2932804,10.0,1
2932812,9.876936419862338,8
2932823,9.748637538021205,11
2932826,9.965031581147322,3
2932837,9.741678791566416,11
2932868,9.015606146454104,31
2932878,9.781708897880947,10
2932892,9.570669815124784,14
2932907,9.64321342742121,15
2932913,9.891368026680805,6
2932917,9.950371470592035,4
2932924,9.865593306100704,7
2932933,9.814425824747577,9
2932936,9.861564936398,3
2932945,9.796936040165912,9
2932950,9.92174399432558,5
2932954,9.937228779823755,4
2932966,9.757103032320437,12
2932978,9.707524554047724,12
2932992,9.656282653081181,14
2933012,9.485321231466537,20
2933015,9.957807375262416,3
2933020,9.936071999328009,5
2933027,9.86684352648609,7
2933034,9.871603584918308,7
2933035,10.0,1
2933043,9.835525617399075,8
2933054,9.766583946156723,11
2933068,9.726090010631403,14
2933076,9.830688955384264,8
2933081,9.904170286839786,5
2933082,10.0,1
2933091,9.83513684997077,9
2933101,9.809584202113275,10
2933113,9.755757344759619,12
2933118,9.898481891658653,5
2933124,9.881717865689177,6
2933131,9.889953385382185,7
2933139,9.834299910771582,8
2933144,9.812547765301773,5
2933150,9.898515499923212,6
2933157,9.88224625726243,7
2933169,9.696750379251561,12
2933176,9.875962718765905,7
2933188,9.762437421032214,12
2933199,9.757539876782637,11
2933200,9.99191139734987,1
2933215,9.660153618771956,15
2933224,9.826753173680126,9
2933239,9.654260159121593,15
2933240,10.0,1
2933241,10.0,1
2933252,9.784269968551385,11
2933256,9.93549337832866,4
2933265,9.832598603763593,9
2933266,10.0,1
2933279,9.70378089492344,13
2933289,9.809578323998196,10
2933309,9.60420002028166,20
2933315,9.6952907493222,6
2933326,9.75194108945961,11
2933331,9.924486277151534,5
2933342,9.790416940384263,11
2933352,9.802732463272317,10
2933361,9.806629290103173,9
2933377,9.666490172128835,16
2933387,9.809236243724044,10
2933391,9.94266061546586,4
2933407,9.620125338117925,16
2933412,9.922078605581724,5
2933421,9.817717543491728,9
2933435,9.709815076083363,14
2933442,9.86011333620134,7
2933450,9.830008076383308,8
2933451,9.99205955375638,1
2933463,9.734762638770224,12
2933466,9.959706789813117,3
2933469,9.9654696848159,3
2933473,9.946245297911151,4
2933486,9.739554920589017,13
2933500,9.678002912124034,14
2933503,9.963733403768614,3
2933507,9.928638042111665,4
2933513,9.892010135176568,6
2933521,9.837754400325583,8
2933530,9.812524473621721,9
2933543,9.754349641962435,13
2933556,9.71025912294797,13
2933563,9.851377294851298,7
2933584,9.477864613920591,21
2933589,9.919052228184203,5
2933600,9.739796029303731,11
2933607,9.854208549611869,7
2933612,9.930415936868387,5
2933619,9.882765247837586,7
2933627,9.836361128442118,8
2933643,9.627459174788466,16
2933652,9.804886874594635,9
2933658,9.894789657770694,6
2933672,9.660829021229333,14
2933683,9.766751032349415,11
2933690,9.880110576857687,7
2933704,9.689710883315797,14
2933710,9.887300230116246,6
2933711,10.0,1
2933726,9.67036269219024,15
2933733,9.859110270183145,7
2933741,9.823801155526647,8
2933755,9.671568525905373,14
2933769,9.691812646332599,14
2933774,9.913922837907455,5
2933789,9.673276277346202,15
2933790,10.0,1
2933804,9.703234992429943,14
2933821,9.63616141694767,17
2933832,9.747019810122206,11
2933838,9.889376730897384,6
2933849,9.75751311003747,11
2933855,9.886030243370858,6
2933864,9.819569789423012,9
2933877,9.701837064267515,13
2933882,9.919372443585404,5
2933896,9.67659340868191,14
2933898,9.977176355123124,2
2933899,10.0,1
2933907,9.845017959164869,8
2933908,9.996436394168866,1
2933920,9.752497038527016,12
2933933,9.708000643691575,13
2933953,9.455686743244744,20
2933959,9.904328551614581,6
2933970,9.755845602174318,11
2933981,9.767217558492423,11
2933992,9.769217444195228,11
2934001,9.813094524766429,9
2934013,9.742965366309882,12
2934020,9.853591831483648,7
2934032,9.758998761479209,12
2934038,9.897004233958862,6
2934049,9.825158559448662,11
2934071,9.430427319688594,22
2934072,10.0,1
2934073,10.0,1
2934086,9.709019056748536,13
2934101,9.690414246075052,15
2934110,9.797069498743921,9
2934117,9.877199889227564,7
2934127,9.808378266806608,10
2934128,10.0,1
2934138,9.693167861139845,10
2934147,9.8195980955615,9
2934153,9.90486441987553,6
2934163,9.783198619443814,10
2934169,9.906156054212683,6
2934189,9.557787776288936,20
2934200,9.78629925039909,11
2934210,9.789230791721048,10
2934212,9.986329518916865,2
2934226,9.709890309384933,14
2934233,9.868560621855352,7
2934249,9.731968282836608,16
2934261,9.780031582164987,12
2934275,9.681534358058862,14
2934283,9.859467725597138,8
2934284,10.0,1
2934295,9.722059860989713,11
2934306,9.744950006576369,11
2934309,9.966341794035808,3
2934314,9.906821770340406,5
2934323,9.859074882002554,9
2934331,9.83203822792948,8
2934339,9.871184339394686,8
2934355,9.546044732469946,16
2934360,9.920976230958903,5
2934371,9.790004178806628,11
2934382,9.790542950438637,11
2934393,9.775690133056015,11
2934398,9.918284191148103,5
2934414,9.647202003036265,16
2934423,9.817494576976983,9
2934428,9.926276284057538,5
2934439,9.73785652937009,11
2934444,9.905598629746876,5
2934445,10.0,1
2934453,9.836101875882713,8
2934463,9.789032895980696,10
2934473,9.782260268601718,10
2934474,10.0,1
2934476,9.972402267583274,2
2934493,9.594558986230995,17
2934500,9.865375333535644,7
2934501,9.992528304303477,1
2934511,9.777301385268586,10
2934518,9.849534136419363,7
2934528,9.790778666914072,10
2934538,9.770001425290399,10
2934550,9.723667108214984,12
2934561,9.64587866433741,11
2934567,9.894040900436288,6
2934576,9.837351354610643,9
2934587,9.747538168022224,11
2934595,9.842778434391622,8
2934609,9.704249538328,14
2934615,9.90294677677198,6
2934623,9.82034063571643,8
2934631,9.84461082510431,8
2934639,9.842730818297273,8
2934662,9.438563496558974,23
2934671,9.812176343761344,9
2934673,9.975982293287617,2
2934681,9.824468374099192,8
2934684,9.965491606783404,3
2934693,9.8088770625972,9
2934706,9.687754414888836,13
2934713,9.868875885411256,7
2934726,9.726285826233603,13
2934740,9.696402789574666,14
2934749,9.819756290713126,9
2934756,9.751455275684172,7
2934757,10.0,1
2934768,9.77903906788423,11
2934784,9.624702533414354,16
2934785,10.0,1
2934796,9.77319704941099,11
2934807,9.775793050192416,11
2934821,9.700051901986905,14
2934827,9.89798947960788,6
2934838,9.760079412682835,11
2934844,9.903435518623311,6
2934853,9.796213442266207,9
2934861,9.831506093968976,8
2934868,9.76575338891305,7
2934884,9.628849576818478,16
2934890,9.885302436766391,6
2934891,10.0,1
2934906,9.649506576406454,15
2934912,9.898608878678415,6
2934919,9.860674800006036,7
2934931,9.238719053997642,12
2934943,9.739136705305206,12
2934946,9.951739577789716,3
2934954,9.860987577188622,8
2934963,9.82055338707572,9
2934970,9.889350614609109,7
2934975,9.90454858872536,5
2934985,9.79319820558466,10
2934995,9.81114025133935,10
2935008,9.774035631856721,13
2935018,9.76634466144741,10
2935024,9.874511394438084,6
2935030,9.892297664798997,6
2935036,9.87494977029073,6
2935037,10.0,1
2935047,9.806624652296808,10
2935050,9.949661974857817,3
2935056,9.873629357633414,6
2935066,9.833683855793451,10
2935079,9.728123056589233,13
2935089,9.801724845755817,10
2935098,9.79644629447914,9
2935108,9.845226301889614,10
2935116,9.871472071790308,8
2935122,9.908509295049875,6
2935123,10.0,1
2935131,9.557303578108518,8
2935137,9.90973592198585,6
2935140,9.96264249713595,3
2935149,9.837424172414632,9
2935159,9.79916814674757,10
2935164,9.92222206744729,5
2935175,9.779911314834257,11
2935186,9.762587729329434,11
2935189,9.961385190077111,3
2935202,9.707913307847189,13
2935215,9.708593664476131,13
2935221,9.890809534803488,6
2935230,9.805092095615345,9
2935245,9.687547025524276,15
2935247,9.982021962913025,2
2935256,9.84396384306512,9
2935267,9.752418862646719,11
2935279,9.73761789655044,12
2935294,9.65604338937249,15
2935303,9.825808182446798,9
2935308,9.9116349787114,5
2935317,9.798064258740775,9
2935324,9.850392174947391,7
2935336,9.732916167612101,12
2935339,9.95022852728664,3
2935346,9.883941310883493,7
2935352,9.89345820279541,6
2935358,9.888978142480957,6
2935359,10.0,1
2935372,9.727794383390995,13
2935378,9.90744840314824,6
2935392,9.726077356104142,14
2935409,9.593244065703082,17
2935417,9.851409513088926,8
2935433,9.62648087155034,16
2935439,9.895855171245364,6
2935443,9.94727890094333,4
2935451,9.871456623119485,8
2935465,9.68636516249223,14
2935477,9.77216508525771,12
2935491,9.70697489635194,14
2935498,9.879163991631616,7
2935508,9.800498165120702,10
2935509,10.0,1
2935519,9.67377760833488,10
2935521,9.975214363604039,2
2935528,9.874577342071408,7
2935529,10.0,1
2935542,9.689588698954653,13
2935554,9.754773586780827,12
2935555,10.0,1
2935566,9.781756936842246,11
2935579,9.712446701009496,13
2935590,9.78512728147398,11
2935598,9.837168768788446,8
2935599,9.992746952166984,1
2935602,9.963869640205804,3
2935615,9.71197190233272,13
2935626,9.78811538633909,11
2935640,9.725472270557185,14
2935645,9.920436412229517,5
2935658,9.727943548450348,13
2935670,9.75186542242099,12
2935673,9.971076835060796,3
2935682,9.840328537981605,9
2935691,9.845356809463958,9
2935698,9.871721184294154,7
2935703,9.93475356662122,5
2935704,10.0,1
2935712,9.84511728360764,8
2935719,9.852614690555287,7
2935724,9.913248683508801,5
2935735,9.767534152364924,11
2935736,9.988986936776662,1
2935737,10.0,1
2935747,9.776134384169117,10
2935756,9.826126308257097,9
2935761,9.925552413142379,5
2935771,9.771864934639192,10
2935779,9.739060167154774,8
2935790,9.757074139018753,11
2935795,9.915673163389505,5
2935803,9.867843686665953,8
2935814,9.786760635561812,11
2935823,9.816147269704036,9
2935831,9.83105384039718,8
2935851,9.536692148153765,20
2936351,-17.123664331908483,500
2936352,10.0,1
2936362,9.791547522241636,10
2936367,9.938279213998301,5
2936378,9.761758198234745,11
2936392,9.68368327398075,14
2936401,9.859127727990199,9
2936407,9.887948481622168,6
2936413,9.88387566417946,6
2936424,9.817154844488885,11
2936432,9.858635653966203,8
2936440,9.86909748238093,8
2936451,9.758448881613887,11
2936463,9.715637468573393,12
2936476,9.710443491874468,13
2936485,9.8028907916352,9
2936489,9.942812809466885,4
2936502,9.696997486323264,13
2936513,9.688608070143362,11
2936520,9.871938066693483,7
2936525,9.903066211784644,5
2936530,9.914437931080387,5
2936538,9.845438165240918,8
2936540,9.971459032951104,2
2936549,9.833321754298739,9
2936550,9.995974306387387,1
2936557,9.850700012274357,7
2936564,9.868686948859066,7
2936577,9.738577938240082,13
2936583,9.88813635745851,6
2936593,9.76673198116408,10
2936602,9.831810917518867,9
2936612,9.78648360043975,10
2936616,9.941296120061574,4
2936620,9.939578060010739,4
2936632,9.735271213349538,12
2936645,9.602235467818362,13
2936653,9.855399009354693,8
2936664,9.75283997389775,11
2936671,9.85311168399787,7
2936679,9.836065509692403,8
2936693,9.684680895844858,14
2936703,9.797978471044594,10
2936708,9.924197938947831,5
2936718,9.833763307142327,10
2936727,9.788421972240808,9
2936736,9.721335355950457,9
2936743,9.861104844570828,7
2936745,9.973022148291626,2
2936757,9.730808341159525,12
2936768,9.790707818743881,11
2936780,9.73275155178446,12
2936790,9.790033443027031,10
2936798,9.853077674927254,8
2936811,9.697936565718813,13
2936826,9.650371984196568,15
2936840,9.706739545836468,14
2936850,9.773182382778888,10
2936855,9.915473562921193,5
2936857,9.982981890099735,2
2936862,9.909551797860392,5
2936869,9.868349893190015,7
2936876,9.838558276869819,7
2936885,9.850673256609241,9
2936893,9.81856282065706,8
2936894,10.0,1
2936910,9.627147715357676,16
2936921,9.72834586996691,11
2936932,9.745579477544755,11
2936943,9.752506957340326,11
2936953,9.828155728071113,10
2936958,9.920728340052973,5
2936973,9.694988695776267,15
2936987,9.719550134597968,14
2936999,9.7444002485899,12
2937006,9.882206984787196,7
2937017,9.766089476055818,11
2937025,9.85680032638028,8
2937035,9.791903467691306,10
2937047,9.712787192406099,12
2937057,9.591330787938082,10
2937072,9.750373544702255,15
2937081,9.817329628220005,9
2937094,9.712241035833586,13
2937101,9.85891851560355,7
2937113,9.76573477986467,12
2937125,9.739174251045778,12
2937126,9.996268293703237,1
2937130,9.942179753393493,4
2937136,9.904829577787222,6
2937144,9.824312332832092,8
2937152,9.838687931438818,8
2937163,9.74602537106779,11
2937176,9.691909333269853,13
2937190,9.698296665442884,14
2937196,9.906244639238931,6
2937206,9.785872339835684,10
2937212,9.90306960085012,6
2937217,9.909867397589068,5
2937223,9.8772245929294,6
2937233,9.825240076733767,10
2937242,9.827099308683039,9
2937243,10.0,1
2937249,9.904898986114329,6
2937260,9.76866174478093,11
2937269,9.83481168988822,9
2937272,9.946758411594846,3
2937275,9.962531747546882,3
2937289,9.701265516488505,14
2937291,9.976663151914689,2
2937301,9.775141329699688,10
2937317,9.283837768810548,16
2937324,9.879715249108173,7
2937336,9.753110743986223,12
2937340,9.939740417131137,4
2937349,9.865283643485759,9
2937361,9.756602126267218,12
2937367,9.89500706967121,6
2937376,9.814911487451624,9
2937387,9.759094947630688,11
2937394,9.890889789415372,7
2937402,9.843560500372535,8
2937406,9.935954351060603,4
2937416,9.78356951238216,10
2937428,9.731356926586574,12
2937429,10.0,1
2937440,9.755718659853672,11
2937453,9.729559752307157,13
2937463,9.794232368140229,10
2937470,9.869024280024492,7
2937477,9.88494321963885,7
2937485,9.852076210253419,8
2937486,10.0,1
2937488,9.979527776338585,2
2937489,9.992455765448613,1
2937493,9.952464804701947,4
2937500,9.8920010365344,7
2937505,9.930024308355451,5
2937512,9.860185827445202,7
2937520,9.820171991074313,8
2937528,9.876718534558238,8
2937536,9.83900465882061,8
2937546,9.806400490902321,10
2937552,9.895543491781492,6
2937561,9.815939566954802,9
2937573,9.619896574372811,12
2937574,10.0,1
2937580,9.902101357703442,6
2937589,9.816325922703085,9
2937590,10.0,1
2937604,9.698025604393196,14
2937618,9.681164741675156,14
2937628,9.816664015676562,10
2937636,9.861055459806511,8
2937646,9.791299932422676,10
2937656,9.815809087805928,10
2937671,9.70651348076011,15
2937689,9.549789137804181,18
2937695,9.88519755970869,6
2937701,9.92514280793106,6
2937702,10.0,1
2937712,9.780510093990939,10
2937722,9.776914744307998,10
2937730,9.858504546395215,8
2937747,9.028548156100841,17
2937756,9.805575202411239,9
2937760,9.931804866579128,4
2937769,9.811666942114377,9
2937782,9.711251755881007,13
2937794,9.745101656277999,12
2937796,9.98418887772849,2
2937804,9.832877881146903,8
2937816,9.731830578775396,12
2937824,9.830855324192381,8
2937833,9.810406640054488,9
2937842,9.813595936800281,9
2937850,9.82678484153458,8
2937861,9.75972067144525,11
2937862,10.0,1
2937875,9.679130184358856,13
2937887,9.746781681693985,12
2937897,9.76945570030583,10
2937909,9.741200770680747,12
2937918,9.817877383127996,9
2937926,9.837304551309582,8
2937935,9.807212714446283,9
2937945,9.781521381641141,10
2937946,10.0,1
2937955,9.798414510002345,9
2937956,10.0,1
2937963,9.860063210419389,7
2937973,9.778421214535259,10
2937979,9.907226471287165,6
2937983,9.930853521890334,4
2938003,9.638154504007831,20
2938008,9.920913090036873,5
2938013,9.90931083038999,5
2938014,10.0,1
2938019,9.924402485784102,5
2938020,10.0,1
2938021,10.0,1
2938029,9.843977895483137,8
2938043,9.682659714523332,14
2938059,9.62893257244405,16
2938067,9.834659216181782,8
2938074,9.895577261061534,7
2938075,10.0,1
2938080,9.917030052823035,5
2938091,9.75307967663477,11
2938097,9.917042002859558,6
2938105,9.846836742801997,8
2938116,9.776342265472538,11
2938121,9.910984000765968,5
2938127,9.877193909997409,6
2938140,9.705269567781935,13
2938149,9.811889291157287,9
2938156,9.883251304892921,7
2938159,9.970083659218009,3
2938163,9.930353911816836,4
2938168,9.909246181486058,5
2938186,9.3246578353804,18
2938191,9.911340317350973,5
2938202,9.784857749604617,11
2938203,10.0,1
2938210,9.878993446487536,7
2938223,9.703092307864743,13
2938236,9.714207183798756,13
2938237,10.0,1
2938240,9.957282597924761,3
2938257,9.62060349424061,17
2938269,9.717801333698038,12
2938271,9.983197485447945,2
2938282,9.740458322513819,11
2938295,9.508732454620562,13
2938299,9.943364515336102,4
2938311,9.731079469450268,12
2938317,9.902750620216166,6
2938325,9.85264860189257,8
2938334,9.83939768256998,9
2938341,9.781401173774455,7
2938355,9.683715927888844,14
2938362,9.876181066292364,7
2938369,9.868788941732147,7
2938385,9.617796442354889,16
2938399,9.715508430950434,14
2938409,9.764768053894521,10
2938413,9.937290196477592,4
2938423,9.799408355123923,10
2938424,10.0,1
2938429,9.902645415989314,5
2938432,9.961172505850428,3
2938444,9.762942971489888,12
2938445,10.0,1
2938457,9.735129231491003,12
2938473,9.651741935954435,16
2938484,9.77770590081622,11
2938494,9.781686252584182,10
2938507,9.719276777790169,13
2938511,9.9474449945197,4
2938517,9.883888803151722,6
2938533,9.674794208333577,16
2938548,9.70141323152208,15
2938554,9.880793254540043,6
2938562,9.861751146761527,8
2938577,9.654729973294215,15
2938589,9.72227395129268,12
2938604,9.649159467985044,15
2938608,9.929608220462264,4
2938618,9.785042111727224,10
2938625,9.87673945670447,7
2938636,9.753202218734861,11
2938647,9.786605898293633,11
2938654,9.855255969694287,7
2938669,9.747818650090622,15
2938678,9.837780379169025,9
2938687,9.821857899132501,9
2938695,9.87170146432864,8
2938713,9.620654257865267,18
2938721,9.858404737518118,8
2938722,10.0,1
2938728,9.883537323295743,6
2938741,9.683612839005825,13
2938745,9.944492935408098,4
2938752,9.883649969943177,7
2938763,9.771279014340205,11
2938781,9.466103627769115,18
2938790,9.831917801178701,9
2938804,9.691189889215213,14
2938818,9.708268873875618,14
2938824,9.895622391798408,6
2938827,9.958658492388084,3
2938831,9.935209077797374,4
2938847,9.682834600660632,16
2938850,9.954954854711843,3
2938859,9.830069037280994,9
2938872,9.741708534544228,13
2938883,9.789816400040609,11
2938896,9.731426138331592,13
2938905,9.800978767105482,9
2938908,9.956328395763805,3
2938922,9.752622493586182,14
2938933,9.78364699161601,11
2938940,9.87037024227695,7
2938951,9.793408038523523,11
2938955,9.952089324699983,4
2938962,9.893905041559119,7
2938967,9.924799206281516,5
2939019,8.628243693557039,52
2939031,9.667444241560169,12
2939040,9.811024576012844,9
2939051,9.672443489930204,11
2939065,9.646663469930624,14
2939081,9.31831894792666,16
2939082,10.0,1
2939085,9.947102989740557,3
2939087,9.978921726171023,2
2939093,9.880892333721738,6
2939105,9.742621147618003,12
2939106,10.0,1
2939118,9.720551389712192,12
2939123,9.918432804956185,5
2939131,9.825621683397596,8
2939138,9.877839966647732,7
2939152,9.737556648635444,14
2939153,9.992593039399994,1
2939159,9.894778257539837,6
2939170,9.805572968440801,11
2939177,9.872945355827158,7
2939189,9.76742336636893,12
2939199,9.816790563649066,10
2939202,9.950024288743757,3
2939213,9.787021699740153,11
2939224,9.765671762911007,11
2939235,9.77155985175549,11
2939238,9.962682999386516,3
2939241,9.949690189883114,3
2939250,9.835385427063104,9
2939255,9.910936716553183,5
2939257,9.978456888187736,2
2939268,9.740305643991846,11
2939277,9.80879615489258,9
2939278,10.0,1
2939288,9.810994803340607,10
2939298,9.810912005464315,10
2939305,9.877491694894974,7
2939310,9.928882687683705,5
2939316,9.892254637025486,6
2939337,9.500048268507559,21
2939344,9.860943062726449,7
2939347,9.950984616197902,3
2939360,9.7202221373786,13
2939367,9.887092208406944,7
2939373,9.89519572430158,6
2939381,9.835102712390139,8
2939395,9.682474743663775,14
2939402,9.871677045479865,7
2939407,9.908944878610452,5
2939410,9.959874414216602,3
2939418,9.869266090105654,8
2939427,9.839435223871542,9
2939437,9.814518297735141,10
2939447,9.799599122487882,10
2939458,9.75239218117779,11
2939463,9.918692042941291,5
2939467,9.834790178536686,4
2939472,9.914561865006723,5
2939476,9.931007339606724,4
2939489,9.695982049327903,13
2939501,9.730559224274128,12
2939511,9.811494534801371,10
2939523,9.744301606590325,12
2939527,9.935390588135444,4
2939536,9.815943697283469,9
2939537,10.0,1
2939551,9.669486752574972,14
2939555,9.926785268482808,4
2939565,9.794941124760983,10
2939570,9.92388037281738,5
2939579,9.813685175248372,9
2939590,9.778043136720934,11
2939595,9.925660853678949,5
2939601,9.690886674993587,6
2939614,9.721546166358753,13
2939621,9.876910084352053,7
2939630,9.817185192989362,9
2939631,10.0,1
2939636,9.910577313995725,5
2939637,10.0,1
2939638,9.993011047802423,1
2939645,9.8670364757574,7
2939654,9.830831794362686,9
2939663,9.852226832217095,9
2939664,10.0,1
2939665,10.0,1
2939670,9.897089154755191,5
2939682,9.73622447799927,12
2939692,9.79021969876075,10
2939693,10.0,1
2939704,9.757585619720668,11
2939714,9.82348182928084,10
2939729,9.446413634864673,15
2939765,9.308615681804122,36
2939768,9.947065951671052,3
2939776,9.838761134384143,8
2939782,9.887809490277174,6
2939792,9.782249435880463,10
2939799,9.88017677999581,7
2939813,9.680211059840218,14
2939822,9.826134507136551,9
2939831,9.863697408237513,9
2939841,9.800279267732975,10
2939852,9.775717803496866,11
2939853,10.0,1
2939864,9.736403774890409,11
2939871,9.853246284162516,7
2939880,9.820705021090276,9
2939889,9.814420146985437,9
2939900,9.78227950509349,11
2939906,9.887746562694566,6
2939914,9.828021315263467,8
2939917,9.95308513470844,3
2939924,9.851740013090446,7
2939932,9.849171573079198,8
2939937,9.921145517509846,5
2939938,10.0,1
2939941,9.957208836699706,3
2939949,9.833965322836955,8
2939960,9.774642254315674,11
2939976,9.675682038569105,16
2939981,9.910555463425696,5
2939993,9.74470375023471,12
2940004,9.770677258405954,11
2940014,9.78566376677199,10
2940025,9.760508763018544,11
2940039,9.738998382844942,14
2940060,9.62980726747984,21
2940069,9.80663584103394,9
2940084,9.711997597172402,15
2940093,9.80563851515725,9
2940105,9.737808363061403,12
2940111,9.921304788444372,6
2940114,9.968245625541178,3
2940120,9.90477845461904,6
2940138,9.589777288077997,18
2940142,9.95025610040352,4
2940152,9.803312737624754,10
2940156,9.954922116429639,4
2940160,9.93443994079802,4
2940173,9.728261597093805,13
2940188,9.726733282535802,15
2940688,-96.6116096190824,500
2941188,-135.63539518436352,500
2941202,9.745159299399896,14
2941219,9.659297258224349,17
2941719,-15.279283159639734,500
2942219,-87.49049836037526,500
2942310,7.688324791156277,91
2942322,9.758243367374543,12
2942331,9.81563113579153,9
2942342,9.752573967972976,11
2942356,9.704457907813367,14
2942361,9.921585786794376,5
2942363,9.979059254937491,2
2942372,9.795094656515381,9
2942378,9.909332572857956,6
2942389,9.393230125592522,11
2942391,9.972910764773317,2
2942401,9.768722349449224,10
2942420,9.596347873059432,19
2942424,9.943817503207523,4
2942425,10.0,1
2942435,9.811193567632712,10
2942446,9.7957190450792,11
2942451,9.912136237078665,5
2942455,9.940751512383239,4
2942466,9.779136245077058,11
2942473,9.856594314555196,7
2942485,9.78031864191072,12
2942498,9.718481214762434,13
2942510,9.75909746393891,12
2942518,9.863585256984003,8
2942527,9.833004519237495,9
2942536,9.847145612882853,9
2942541,9.926995481190271,5
2942548,9.857572792508948,7
2942561,9.723193719897953,13
2942569,9.840987206094976,8
2942575,9.903349387503184,6
2942581,9.897394057337957,6
2942590,9.82746685487309,9
2942596,9.877146074964374,6
2942608,9.726605393092479,12
2942619,9.778981986698799,11
2942627,9.846319466762356,8
2942633,9.886301066119374,6
2942636,9.96795918641015,3
2942645,9.823833731492444,9
2942648,9.972361428872981,3
2942650,9.97139063259937,2
2942666,9.633702981586449,16
2942676,9.79660998652866,10
2942683,9.873757085159426,7
2942691,9.853345189920264,8
2942696,9.920462099522467,5
2942706,9.790394388102069,10
2942712,9.903811235895255,6
2942717,9.930922746898114,5
2942718,10.0,1
2942726,9.892953505288528,8
2942730,9.935573674762633,4
2942741,9.773133295968506,11
2942748,9.869575814566792,7
2942759,9.745468934372527,11
2942760,10.0,1
2942761,10.0,1
2942765,9.94588075281757,4
2942772,9.880076261663486,7
2942783,9.752390782307874,11
2942797,9.682836702677664,14
2942807,9.790620345216366,10
2942808,10.0,1
2942814,9.895097593653709,6
2942823,9.815823943748795,9
2942827,9.949491068265525,4
2942837,9.820814111735718,10
2942846,9.81621430542938,9
2942847,10.0,1
2942862,9.677341226539655,15
2942866,9.944917320184029,4
2942877,9.762215828553014,11
2942890,9.71042469449192,13
2942907,9.581396649546887,17
2942912,9.916568701900934,5
2942919,9.871534066548008,7
2942929,9.77070258048924,10
2942941,9.727585155460186,12
2942951,9.79935890550566,10
2942963,9.754644216860466,12
2942976,9.699769323759655,13
2942985,9.821914913826372,9
2942995,9.770542177963959,10
2943004,9.819929028614485,9
2943010,9.899692062647723,6
2943016,9.904143128348512,6
2943025,9.83950194973037,9
2943030,9.92086271304531,5
2943035,9.91879563869745,5
2943048,9.702611645812201,13
2943053,9.901874844577312,5
2943054,10.0,1
2943071,9.599036511788093,17
2943079,9.841304853777194,8
2943080,10.0,1
2943093,9.718189949890528,13
2943104,9.759929353538542,11
2943109,9.908422096614906,5
2943110,10.0,1
2943118,9.841936458847208,8
2943130,9.711668312640272,12
2943137,9.866072248190996,7
2943144,9.872093975831776,7
2943151,9.868540976680642,7
2943159,9.88890322747299,8
2943173,9.683951248811978,14
2943174,10.0,1
2943183,9.841315952002178,9
2943194,9.751031407521467,11
2943207,9.73390102904945,13
2943217,9.797097927599639,10
2943226,9.825208997817011,9
2943234,9.836520259202,8
2943246,9.656311186985574,12
2943257,9.793435345313549,11
2943270,9.71725672497281,13
2943280,9.807247736456333,10
2943297,9.674799076049686,17
2943304,9.873131375427766,7
2943310,9.89393546013808,6
2943320,9.832455413053285,10
2943321,10.0,1
2943329,9.851284401745387,8
2943330,9.996426650090314,1
2943344,9.710724258757255,14
2943356,9.737394073654036,12
2943369,9.700310199255549,13
2943381,9.749868331340933,12
2943389,9.833878204121513,8
2943395,9.88357703557359,6
2943401,9.901682403319953,6
2943402,9.988214685246716,1
2943411,9.812434051452424,9
2943414,9.959702378520742,3
2943434,9.546014758531342,20
2943441,9.767472202255098,7
2943455,9.674907524250882,14
2943459,9.93581586448286,4
2943460,10.0,1
2943470,9.791894622930082,10
2943483,9.708932869276836,13
2943492,9.831677228976817,9
2943498,9.882353299329726,6
2943505,9.875308018872571,7
2943512,9.874837258284769,7
2943516,9.941102733931812,4
2943522,9.891492759408955,6
2943535,9.710076454371041,13
2943543,9.827302864332944,8
2943549,9.885023411948069,6
2943555,9.898934898162349,6
2943559,9.940909074866957,4
2943568,9.80668666421906,9
2943578,9.826507062276097,10
2943589,9.792307029679954,11
2943593,9.941655967270393,4
2943598,9.935843748867212,5
2943610,9.72406125109251,12
2943614,9.9434695210947,4
2943626,9.802318337193043,12
2943636,9.769944362672621,10
2943645,9.859474418911855,9
2943655,9.82817747450183,10
2943664,9.799350878705422,9
2943665,10.0,1
2943683,9.593095447342701,18
2943697,9.687988759244039,14
2943714,9.601449779896935,17
2943730,9.627558036569775,16
2943744,9.65526233109834,14
2943758,9.683108127049403,14
2943765,9.856997074096531,7
2943780,9.629835376937423,15
2943790,9.771736680405755,10
2943801,9.744181915345239,11
2943806,9.91012084219523,5
2943817,9.744482350255623,11
2943828,9.77934518580007,11
2943833,9.923104369357436,5
2943844,9.758826908177285,11
2943864,9.397664679869491,20
2943868,9.937671961228515,4
2943869,10.0,1
2943887,9.612441991717013,18
2943895,9.853194232554047,8
2943908,9.704390184000667,13
2943915,9.878299745780557,7
2943922,9.890996115360792,7
2943926,9.936820646474663,4
2943937,9.810297580830458,11
2943952,9.642341367458087,15
2943969,9.600713530374954,17
2943976,9.869634232623268,7
2943987,9.780518807343782,11
2944002,9.660549478747171,15
2944014,9.736306144331904,12
2944022,9.827332517483233,8
2944032,9.754018290344169,10
2944042,9.804877978881333,10
2944052,9.775898139855746,10
2944053,10.0,1
2944054,10.0,1
2944068,9.725449389152576,14
2944082,9.720805615313273,14
2944090,9.841929678247523,8
2944091,9.996758146625462,1
2944092,10.0,1
2944109,9.62649659522439,17
2944116,9.843838117451721,7
2944117,9.99344377827463,1
2944118,10.0,1
2944127,9.816593214885119,9
2944138,9.765259518823957,11
2944149,9.798597456930517,11
2944157,9.737892323341825,8
2944167,9.795938067769479,10
2944179,9.765383909521278,12
2944180,9.988951383813376,1
2944192,9.743888829121321,12
2944206,9.431191009422902,14
2944213,9.871519053607622,7
2944221,9.843834135570999,8
2944232,9.768619266848457,11
2944239,9.86503938862544,7
2944246,9.878151840115521,7
2944250,9.942354548529854,4
2944260,9.808255711263985,10
2944266,9.894900416529294,6
2944273,9.880042305556405,7
2944276,9.950816222385328,3
2944277,10.0,1
2944281,9.949191551865551,4
2944293,9.728981856201488,12
2944299,9.911325480695593,6
2944300,10.0,1
2944301,10.0,1
2944305,9.444930177225292,4
2944314,9.821015763978451,9
2944326,9.554447497426185,12
2944327,10.0,1
2944337,9.784498222110907,10
2944346,9.810961990547517,9
2944356,9.770029530310449,10
2944361,9.919696059795777,5
2944377,9.63868521857542,16
2944388,9.767558775630752,11
2944400,9.742001243911828,12
2944403,9.95826578782053,3
2944406,9.961288915840669,3
2944423,9.618032922908265,17
2944430,9.881190888083164,7
2944432,9.977156011258776,2
2944441,9.814405953879628,9
2944447,9.88958894697825,6
2944456,9.792881919948849,9
2944460,9.938898917556703,4
2944475,9.6679270992352,15
2944480,9.911439049655728,5
2944485,9.91810868337503,5
2944491,9.892071130331814,6
2944499,9.853615128289833,8
2944508,9.84075985230464,9
2944517,9.810344013061142,9
2944525,9.864036589010363,8
2944538,9.713392816308295,13
2944546,9.87802841625039,8
2944552,9.892019906932708,6
2944558,9.877760377954536,6
2944574,9.68943333895126,16
2944579,9.929462265322739,5
2944582,9.953967305651451,3
2944591,9.82341481309416,9
2944596,9.824461020097447,5
2944605,9.39992354233907,9
2944612,9.883903544488666,7
2944614,9.985395755725536,2
2944621,9.864121609452896,7
2944632,9.730978130959832,11
2944640,9.849067152114891,8
2944647,9.846242705021062,7
2944656,9.834927681429255,9
2944661,9.92920025240116,5
2944667,9.910191969579307,6
2944674,9.859393414724078,7
2944684,9.8125921301441,10
2944694,9.797622792138506,10
2944707,9.777724555846866,13
2944714,9.765063737294659,7
2944725,9.765857981633665,11
2944740,9.65354688052864,15
2944751,9.764745132332763,11
2944764,9.727808120498935,13
2944776,9.734824899114663,12
2944785,9.807551027978494,9
2944790,9.930427550193325,5
2944831,8.982828570299208,41
2944832,10.0,1
2944841,9.809055110866744,9
2944849,9.843589018505797,8
2944855,9.708085026576804,6
2944856,9.98821317831651,1
2944868,9.721421536092443,12
2944878,9.811207437172376,10
2944885,9.85607790056301,7
2944900,9.567589955597445,15
2944903,9.96392727313763,3
2944913,9.767520296211252,10
2944918,9.907822242794346,5
2944927,9.823829722375422,9
2944935,9.85113254645937,8
2944948,9.739015854998023,13
2944949,10.0,1
2944966,9.574057153262864,17
2944982,9.682518910860392,16
2944997,9.666647846884592,15
2945010,9.728362825150874,13
2945028,9.604211256815477,18
2945035,9.88726959668277,7
2945044,9.81721472277978,9
2945056,9.727023360835028,12
2945070,9.69020533906841,14
2945082,9.751513019802792,12
2945085,9.964296976878067,3
2945090,9.930009665363679,5
2945098,9.876088429357894,8
2945113,9.66800286417743,15
2945114,9.996451385612485,1
2945131,9.630921545676403,17
2945132,10.0,1
2945145,9.713887151464284,13
2945152,9.884470940314147,7
2945153,10.0,1
2945164,9.752250602911634,11
2945176,9.723519879730045,12
2945182,9.88743626219044,6
2945192,9.793916819604812,10
2945200,9.87468781376037,8
2945210,9.796268327696614,10
2945217,9.89242963377982,7
2945218,9.996235359080801,1
2945227,9.823078749583999,9
2945240,9.726931362376943,13
2945248,9.861084172141373,8
2945256,9.848314649197604,8
2945262,9.912992259198845,6
2945272,9.762442264104317,10
2945281,9.830541765302803,9
2945289,9.871403991628776,8
2945293,9.947904146156189,4
2945296,9.753991880289103,3
2945314,9.571743480216448,18
2945319,9.908728794681407,5
2945328,9.83368375369481,9
2945332,9.93257656026785,4
2945339,9.894284191759091,7
2945349,9.806214036552744,10
2945355,9.882541000994365,6
2945356,10.0,1
2945365,9.82304084514368,9
2945370,9.923024121518344,5
2945371,10.0,1
2945384,9.717225609192639,13
2945392,9.83401485178255,8
2945396,9.94491553481445,4
2945410,9.692833997343122,14
2945411,10.0,1
2945413,9.969938129370403,2
2945414,10.0,1
2945415,10.0,1
2945424,9.304005906690117,9
2945430,9.905964170507659,6
2945442,9.733701340035973,12
2945448,9.891627254530546,6
2945449,10.0,1
2945461,9.571997693228885,12
2945472,9.101071264884622,11
2945478,9.898402943304463,6
2945491,9.643941759772282,13
2945504,9.724055142538706,13
2945513,9.862518150469292,9
2945514,9.992458684729426,1
2945522,9.85389148446831,8
2945533,9.728755242965828,11
2945534,10.0,1
2945538,9.951388513168705,4
2945547,9.822060621081933,9
2945553,9.885980555892548,6
2945556,9.959291330143001,3
2945557,10.0,1
2945558,10.0,1
2945566,9.856257576305461,8
2945574,9.837421952087675,8
2945575,10.0,1
2945594,9.567734607462631,19
2945609,9.68072182322711,15
2945618,9.825207839289629,9
2945620,9.974666191619717,2
2945631,9.782636584252147,11
2945646,9.601641829046958,15
2945650,9.948411097327199,4
2945654,9.933754567526213,4
2945656,9.97867461012928,2
2945667,9.752946402623493,11
2945668,9.992820791428208,1
2945676,9.865860262304887,8
2945694,9.636653539657955,18
2945700,9.901870834009518,6
2945701,10.0,1
2945712,9.792281890601814,11
2945719,9.880791554590107,7
2945720,9.995952880284293,1
2945730,9.765168955986264,10
2945737,9.862708524202231,7
2945748,9.76729199762861,11
2945759,9.764679916532225,11
2945767,9.828712580678557,8
2945768,10.0,1
2945776,9.862930794944063,8
2945782,9.897227709500564,6
2945793,9.756831037215218,11
2945805,9.47119884202471,12
2945814,9.821242991808548,9
2945820,9.905661886539518,6
2945830,9.800464157606797,10
2945836,9.890917285355709,6
2945849,9.721440501830452,13
2945861,9.748562637879271,12
2945871,9.773549931172402,10
2945883,9.715454341468115,12
2945896,9.724008223163192,13
2945905,9.835306676803519,9
2945906,10.0,1
2945909,9.958341257486968,3
2945914,9.914821676938603,5
2945923,9.803545052900677,9
2945939,9.637410435216037,16
2945946,9.875603347945209,7
2945956,9.806821278295683,10
2945960,9.946570073399476,4
2945963,9.959825658937907,3
2945972,9.722818111062786,9
2945980,9.836928894384716,8
2945990,9.840182669979221,10
2946000,9.790220352630023,10
2946001,10.0,1
2946015,9.669604870501265,14
2946031,9.631178163956845,16
2946041,9.7769256562315,10
2946055,9.65947955336842,14
2946069,9.676505039660315,14
2946084,9.676512254165653,15
2946096,9.7888000503779,12
2946107,9.782766920290307,11
2946118,9.763011782866082,11
2946131,9.746436231531717,13
2946139,9.83959777159598,8
2946143,9.942934900238509,4
2946153,9.787942234782921,10
2946167,9.652086604765064,14
2946172,9.91355135389392,5
2946184,9.750359083445025,12
2946192,9.867905025740932,8
2946205,9.692118783075335,13
2946214,9.810065010192703,9
2946225,9.776753240026709,11
2946240,9.646224977045154,15
2946249,9.823777995480361,9
2946260,9.765381940873414,11
2946282,9.454287473592005,22
2946293,9.749705242213196,11
2946298,9.916371152555756,5
2946302,9.941248194532749,4
2946308,9.88395917137174,6
2946314,9.900338911429536,6
2946326,9.745826589339117,12
2946338,9.756285293533415,12
2946349,9.752429726620502,11
2946357,9.86082249134497,8
2946361,9.932595310298513,4
2946370,9.834228286111967,9
2946373,9.954394342209294,3
2946392,9.38926671296732,19
2946401,9.81434983984544,9
2946407,9.885018629006842,6
2946416,9.71763426240862,9
2946418,9.977169442395695,2
2946431,9.62128761629811,13
2946439,9.861277636550104,8
2946440,10.0,1
2946441,10.0,1
2946457,9.644537428084453,16
2946458,10.0,1
2946472,9.704419973548502,14
2946478,9.901343617451305,6
2946482,9.937956032199926,4
2946488,9.892299721493947,6
2946489,9.99401922077402,1
2946490,10.0,1
2946495,9.92040412410965,5
2946509,9.672746843569055,14
2946518,9.814516917184127,9
2946521,9.968178617441797,3
2946532,9.76916197373333,11
2946536,9.957202100816492,4
2946555,9.571861846606222,19
2947055,-17.546688640748577,500
2947555,-62.43159493746578,500
2948055,-27.26867754171202,500
2948071,9.684545351856904,16
2948081,9.77956680298814,10
2948091,9.768259591031256,10
2948092,10.0,1
2948093,10.0,1
2948097,9.934319517301153,4
2948104,9.858021476360891,7
2948119,9.6574092244811,15
2948125,9.88066899967078,6
2948131,9.892644121400425,6
2948152,9.569006086521158,21
2948161,9.81269043088075,9
2948167,9.890301229675597,6
2948178,9.748704805219207,11
2948196,9.586096137211472,18
2948197,9.992868337180626,1
2948205,9.842879009224484,8
2948217,9.783136190212552,12
2948218,10.0,1
2948232,9.682228828795168,14
2948236,9.922997974206032,4
2948239,9.95947115257776,3
2948244,9.93949254720258,5
2948245,10.0,1
2948257,9.751235284396882,12
2948272,9.727023460248997,15
2948288,9.638838441369876,16
2948294,9.888269302085725,6
2948304,9.785009908529656,10
2948314,9.676558895667103,10
2948318,9.94725075871933,4
2948325,9.87888513843511,7
2948331,9.899049567698775,6
2948346,9.640587936445607,15
2948358,9.752824271038047,12
2948371,9.744359010953735,13
2948378,9.87176638848502,7
2948384,9.905219338209841,6
2948400,9.627172338181913,16
2948403,9.964827773307283,3
2948413,9.802631127757277,10
2948422,9.797716173743588,9
2948432,9.817440041392844,10
2948435,9.962681463324673,3
2948449,9.704831274483931,14
2948454,9.918552122355388,5
2948463,9.84332397716996,9
2948476,9.725727486342208,13
2948483,9.844926183560627,7
2948493,9.8173995419989,10
2948501,9.834855855676631,8
2948519,9.621968859834226,18
2948527,9.848538353427228,8
2948537,9.76484244451336,10
2948539,9.97302538639959,2
2948544,9.924986464967404,5
2948545,10.0,1
2948551,9.884543800178717,6
2948553,9.776310408003669,2
2948561,9.838801951358795,8
2948565,9.938238661316683,4
2948570,9.905760619457292,5
2948571,10.0,1
2948578,9.850014191089892,7
2948579,10.0,1
2948597,9.590484347439427,18
2948605,9.84488442935375,8
2948614,9.823302086869901,9
2948622,9.857206311841354,8
2948636,9.686454996319153,14
2949136,-24.37767242942185,500
2949137,10.0,1
2949144,9.872242932864339,7
2949158,9.69089244862667,14
2949159,10.0,1
2949165,9.889268473006235,6
2949173,9.853958250693664,8
2949185,9.731446166905595,12
2949212,9.376166945245505,27
2949220,9.861770618661158,8
2949226,9.898710476158378,6
2949237,9.678837049941542,11
2949247,9.779270909363326,10
2949253,9.9095261511265,6
2949258,9.920524195571872,5
2949266,9.869992111191035,8
2949276,9.793904679542377,10
2949287,9.770106669303125,11
2949289,9.972833151233694,2
2949295,9.917768391181015,6
2949307,9.750904170889909,12
2949313,9.892718033571887,6
2949328,9.666773967816825,15
2949343,9.654000598480545,15
2949351,9.84348026624256,8
2949357,9.898265107061798,6
2949372,9.674373877870835,15
2949373,10.0,1
2949378,9.925271792067662,5
2949405,9.300483051831353,27
2949416,9.554069312010348,11
2949422,9.899782994822566,6
2949432,9.795776238009587,10
2949436,9.94666473603203,4
2949445,9.81291679816177,9
2949451,9.694032170193333,6
2949456,9.922250471607422,5
2949459,9.954414203601553,3
2949460,10.0,1
2949474,9.706312777855754,14
2949477,9.957562321384815,3
2949484,9.863983684555324,7
2949499,9.653116024781585,15
2949506,9.859934909179147,7
2949510,9.937543563341464,4
2949520,9.780046056712113,10
2949531,9.766190507399019,11
2949540,9.82507303067522,9
2949547,9.872027658584976,7
2949554,9.862548532857597,7
2949555,9.992926915098238,1
2949566,9.747882704449534,11
2949577,9.77529605225947,11
2949589,9.73246400352494,12
2949598,9.81343872141339,9
2949602,9.931963220813417,4
2949603,10.0,1
2949611,9.86694504924667,8
2949613,9.978284020932561,2
2949623,9.799967017311639,10
2949646,9.4492620688673,23
2949651,9.930491082626514,5
2949659,9.861187140258899,8
2949678,9.603221137290737,19
2949686,9.835436406625467,8
2949698,9.725455699240465,12
2949705,9.882785312649226,7
2949719,9.75021996495754,14
2949730,9.768989656002814,11
2949744,9.708673062384246,14
2949753,9.851955265960505,9
2949757,9.935903487458523,4
2949761,9.939947250834933,4
2949770,9.841705117075243,9
2949773,9.95221710601027,3
2949774,10.0,1
2949783,9.832177454957401,9
2949784,10.0,1
2949785,9.992676835469018,1
2949795,9.792905603708679,10
2949808,9.716002728303046,13
2949815,9.880981228395962,7
2949823,9.848586778122742,8
2949835,9.740651113110092,12
2949850,9.69979677136434,15
2949863,9.724649087850155,13
2949864,10.0,1
2949875,9.773753633258837,11
2949881,9.89488011089107,6
2949882,10.0,1
2949891,9.84651258577401,9
2949898,9.862375992156027,7
2949908,9.806265844934442,10
2949909,10.0,1
2949918,9.79531194131929,9
2949919,10.0,1
2949930,9.771146749204688,11
2949942,9.717102580590037,12
2949948,9.899257304645777,6
2949958,9.698516835556106,10
2949959,9.987797408173781,1
2949969,9.702916336151684,10
2949981,9.744510474814843,12
2949992,9.770607304330873,11
2949997,9.928137904831052,5
2949999,9.973696137079077,2
2950010,9.746500295626971,11
2950021,9.755893918863183,11
2950025,9.935669973997658,4
2950034,9.846893189492919,9
2950046,9.72209712888109,12
2950057,9.76323920574187,11
2950065,9.852307937962246,8
2950066,10.0,1
2950080,9.732839116701422,14
2950089,9.82334810954704,9
2950162,7.807613160676611,73
2950163,10.0,1
2950168,9.934714909335478,5
2950180,9.738656286336571,12
2950194,9.684095581387371,14
2950206,9.723426210840122,12
2950214,9.846287703086766,8
2950217,9.954473772505512,3
2950228,9.794680159718215,11
2950239,9.774228039208516,11
2950248,9.813036537696059,9
2950250,9.976233288728373,2
2950262,9.749653665367209,12
2950263,10.0,1
2950276,9.72526670330681,13
2950277,10.0,1
2950285,9.85297403994808,8
2950291,9.906265246666331,6
2950302,9.777707140247205,11
2950308,9.883842951104697,6
2950317,9.825074523318262,9
2950322,9.925681927262126,5
2950329,9.863869445822269,7
2950332,9.968745512352223,3
2950335,9.963550710922853,3
2950344,9.847656983991879,9
2950345,9.989123259083511,1
2950351,9.905070215228058,6
2950361,9.787443337343115,10
2950368,9.8651633136439,7
2950376,9.849373676557217,8
2950382,9.915626620316003,6
2950393,9.786204550176747,11
2950399,9.88502717631525,6
2950411,9.745376151496663,12
2950416,9.925419280219982,5
2950430,9.681402268575537,14
2950435,9.905888536992375,5
2950444,9.846602778556313,9
2950453,9.817675526854261,9
2950462,9.798028486431631,9
2950469,9.884928919212566,7
2950484,9.719239688539897,15
2950500,9.629681542009374,16
2950501,10.0,1
2950513,9.737678040314606,12
2950520,9.869114826041303,7
2950533,9.710846060393772,13
2950542,9.808999792453104,9
2950554,9.746912924868317,12
2950565,9.781622330669459,11
2950576,9.744644474218115,11
2950587,9.801189086197233,11
2950596,9.845382458104275,9
2950599,9.962022440436684,3
2950607,9.863264145968698,8
2950622,9.159035172018855,15
2950633,9.743111458263622,11
2950644,9.755536490953512,11
2950649,9.934006644440394,5
2950656,9.881182900911027,7
2950669,9.712910515545344,13
2950670,10.0,1
2950685,9.66342294533056,15
2950693,9.748715593926605,8
2950696,9.960744035858434,3
2950707,9.775874773212252,11
2950716,9.818226577217285,9
2950722,9.894519749447852,6
2950730,9.885814818947575,8
2950739,9.8176551890582,9
2950748,9.81078492127971,9
2950759,9.799025970495071,11
2950765,9.891156850089788,6
2950775,9.796874492512147,10
2950784,9.8231891303265,9
2950788,9.93910154458497,4
2950808,9.455045450691882,20
2950809,9.992321854221878,1
2950818,9.862755261182569,9
2950824,9.892628414516693,6
2950833,9.820364763762347,9
2950843,9.792851642455958,10
2950853,9.574709104029337,10
2950863,9.772031499239358,10
2950875,9.760096062308799,12
2950890,9.682008583990184,15
2950899,9.864536800818883,9
2950908,9.821041448932359,9
2950914,9.908972570658733,6
2950915,10.0,1
2950916,10.0,1
2950925,9.84002400184519,9
2950930,9.923573590233772,5
2950933,9.960767986118412,3
2950947,9.705017321803483,14
2950959,9.761108715523884,12
2950972,9.729879774625303,13
2950980,9.86834519194353,8
2950993,9.714460278869753,13
2951005,9.769611631837256,12
2951009,9.943245437346535,4
2951023,9.659813483733707,14
2951036,9.692914423469853,13
2951046,9.791958867750473,10
2951056,9.771994244513293,10
2951074,9.589592708524576,18
2951085,9.781458748645091,11
2951093,9.859086385081492,8
2951099,9.874568821496151,6
2951113,9.36187535249388,14
2951124,9.785080374963673,11
2951127,9.960130194611558,3
2951133,9.907314799106906,6
2951141,9.852699055272426,8
2951155,9.682848405625643,14
2951159,9.946299766986446,4
2951167,9.87126220360777,8
2951170,9.957987972936056,3
2951180,9.799249057746021,10
2951185,9.916962300105144,5
2951188,9.965913421878511,3
2951204,9.636040213886556,16
2951209,9.931834942302155,5
2951219,9.78570373549899,10
2951228,9.827562702581023,9
2951229,10.0,1
2951238,9.798199451810037,9
2951254,9.64920754418462,16
2951261,9.87596634270977,7
2951270,9.806645237698657,9
2951277,9.844888501385144,7
2951278,10.0,1
2951286,9.849136170624183,8
2951786,-13.28817454805912,500
2951792,9.89447196551405,6
2951805,9.73921824589367,13
2951810,9.91782960817822,5
2951819,9.823177830409897,9
2951829,9.79369812624877,10
2951835,9.896321519499311,6
2951852,9.646531495285709,17
2951868,9.61628493212656,16
2951879,9.742228927137171,11
2951888,9.80182683192873,9
2951899,9.776639406519505,11
2951912,9.738560831775612,13
2951921,9.814856446141755,9
2951934,9.730684636697209,13
2951937,9.95534089790836,3
2951948,9.744867689587357,11
2951957,9.851814877759285,9
2951969,9.735341671355227,12
2951974,9.917131764245317,5
2951982,9.847205216269026,8
2951983,10.0,1
2951984,10.0,1
2951989,9.902593004239653,5
2951992,9.952673471901488,3
2952000,9.850633091354057,8
2952014,9.69091556925123,14
2952015,10.0,1
2952018,9.964677218308074,3
2952031,9.715902970812767,13
2952049,9.624841830809597,18
2952053,9.946421568227533,4
2952063,9.823183783501094,10
2952072,9.819559832436008,9
2952075,9.954853223576409,3
2952092,9.68370851331239,17
2952098,9.895731082654844,6
2952108,9.808835046152058,10
2952128,9.560561309729676,20
2952138,9.790493602769734,10
2952153,9.678542417959315,15
2952165,9.781738582868726,12
2952175,9.79434211894287,10
2952187,9.749668356704873,12
2952196,9.845290026317851,9
2952202,9.88781054081034,6
2952212,9.776313228903941,10
2952220,9.854784509045029,8
2952227,9.86459159467782,7
2952238,9.751305863490217,11
2952239,10.0,1
2952243,9.937533258164596,4
2952247,9.939534274285688,4
2952254,9.885558158787472,7
2952279,9.523205385246847,25
2952288,9.847095692048557,9
2952297,9.822704144364526,9
2952306,9.830966870823723,9
2952309,9.96901358967056,3
2952320,9.763963040251282,11
2952322,9.97065403550756,2
2952331,9.811873497936494,9
2952337,9.884196070371653,6
2952346,9.807355229972014,9
2952357,9.693354118948402,11
2952389,9.296964994281119,32
2952403,9.697550131210228,14
2952420,9.618336849841263,17
2952435,9.378546447243973,15
2952443,9.864724044593032,8
2952446,9.95721862567999,3
2952452,9.886558074290882,6
2952459,9.860872642088303,7
2952470,9.777616296934644,11
2952480,9.783387363027673,10
2952496,9.617305227495052,16
2952504,9.834241847746224,8
2952505,10.0,1
2952508,9.959131437316744,3
2952517,9.7857470590454,9
2952524,9.889241628608353,7
2952529,9.932101909856504,5
2952530,9.991786381977402,1
2952538,9.8770072202281,8
2952549,9.796954077157041,11
2952550,10.0,1
2952558,9.856957511959559,8
2952563,9.927282395334075,5
2952577,9.661294396961134,14
2952590,9.68310355569851,13
2952603,9.70839168980351,13
2952610,9.858903928468592,7
2952620,9.785420277074879,10
2952626,9.906310200709576,6
2952638,9.748860990281228,12
2952648,9.771565366510996,10
2952656,9.862900659605755,8
2952668,9.745821126476155,12
2952679,9.683663372550468,11
2952689,9.783757511383975,10
2952695,9.903067885893474,6
2952696,10.0,1
2952697,10.0,1
2952701,9.932662213222386,4
2952702,10.0,1
2952715,9.721650433645296,13
2952775,8.745391514878966,60
2952783,9.827904093225504,8
2952784,10.0,1
2952789,9.928818079171972,5
2952795,9.90246615613701,6
2952796,10.0,1
2952806,9.410772602695282,10
2952827,9.609523097760812,21
2952837,9.80473909506277,10
2952853,9.639247500743398,16
2952860,9.867442822650492,7
2952870,9.794910777243347,10
2952883,9.706172362195682,13
2952888,9.928567132542417,5
2952892,9.957097553954076,4
2952900,9.833179001800968,8
2952908,9.844838877328366,8
2952914,9.879521216062049,6
2952919,9.922281103173365,5
2952926,9.896456767261855,7
2952943,9.610956335446323,17
2952955,9.749537072097137,12
2952958,9.971918005774052,3
2952962,9.947748678898016,4
2952965,9.963964154809746,3
2952971,9.91203630892993,6
2952975,9.950394288864883,4
2952976,10.0,1
2952979,9.972752413119979,3
2952985,9.893238701317415,6
2952997,9.718505477717573,12
2953007,9.82023568261838,10
2953010,9.968882445475549,3
2953015,9.92165062887649,5
2953022,9.877110348384965,7
2953024,9.972236885084552,2
2953030,9.89959638518536,6
2953039,9.845464368426398,9
2953048,9.834241231093038,9
2953057,9.823085094788519,9
2953064,9.860776010721226,7
2953072,9.851753627318564,8
2953079,9.89895842973981,7
2953084,9.907216186492272,5
2953095,9.775124598156758,11
2953113,9.636503096709763,18
2953122,9.823346440426922,9
2953131,9.81041609817284,9
2953143,9.769827627833465,12
2953145,9.974286282892447,2
2953154,9.847270013574379,9
2953165,9.781917064494246,11
2953173,9.827752625257375,8
2953182,9.83242109157422,9
2953195,9.715875392943603,13
2953201,9.896645295038583,6
2953209,9.846194409732353,8
2953219,9.77570363586891,10
2953224,9.915419395213167,5
2953225,10.0,1
2953226,10.0,1
2953227,10.0,1
2953234,9.85755029633385,7
2953244,9.80944099822077,10
2953254,9.794773879313517,10
2953255,10.0,1
2953267,9.737433637931515,12
2953272,9.909947361367907,5
2953282,9.78414422440077,10
2953291,9.806560326512802,9
2953292,10.0,1
2953305,9.723234255175806,13
2953314,9.810740163870221,9
2953331,9.576790301608977,17
2953340,9.416125138623624,9
2953345,9.911977919552735,5
2953349,9.945434133924929,4
2953364,9.659896984935454,15
2953369,9.928222882538572,5
2953377,9.823993096293707,8
2953381,9.946187081393933,4
2953392,9.807844891771953,11
2953404,9.769417325332551,12
2953415,9.756336398594676,11
2953420,9.919420965279249,5
2953438,9.610523610444574,18
2953442,9.931614656203875,4
2953460,9.539642466744974,18
2953468,9.865159780839676,8
2953480,9.727590726228199,12
2953495,9.642549035051424,15
2953501,9.89847179775577,6
2953504,9.969895137204901,3
2953518,9.697824252065233,14
2953519,9.996623021859147,1
2953528,9.790134725968192,9
2953534,9.89003040358127,6
2953552,9.610618183966979,18
2953560,9.869424293863982,8
2953572,9.751791340370614,12
2953577,9.920903340377984,5
2953590,9.710969432402813,13
2953595,9.90854362906396,5
2953608,9.69187937012916,13
2953613,9.915380423536247,5
2953617,9.937594233941752,4
2953632,9.689892584668513,15
2953635,9.959425467218836,3
2953645,9.793314097577042,10
2953646,10.0,1
2953647,9.988692413247083,1
2953659,9.73279444764628,12
2953661,9.978852863315925,2
2953669,9.823953227926067,8
2953673,9.931232305480378,4
2953674,10.0,1
2953686,9.731857337094807,12
2953691,9.917816554542927,5
2953693,9.9815594428657,2
2953698,9.903951607886324,5
2953709,9.728575490751306,11
2953715,9.881412906506691,6
2953716,10.0,1
2953717,10.0,1
2953722,9.924912285280445,5
2953730,9.836283052251819,8
2953743,9.715713840190396,13
2953751,9.844562931208905,8
2953763,9.777546566228827,12
2953769,9.875702383010863,6
2953774,9.919462939465735,5
2953781,9.85891813435346,7
2953787,9.867569342843977,6
2953803,9.698973357591164,16
2953809,9.87980978468344,6
2953811,9.967283612465485,2
2953819,9.847960866727044,8
2953820,10.0,1
2953831,9.761888423853593,11
2953839,9.843800770563366,8
2953860,9.52322735296918,21
2953861,10.0,1
2953874,9.759701019644147,13
2953885,9.783049238555384,11
2953890,9.90614452404994,5
2953896,9.897309218263018,6
2953904,9.842803893841635,8
2953918,9.702153779519563,14
2953932,9.708181213528398,14
2953945,9.694806259775,13
2953965,9.516216649866907,20
2953976,9.765251735545009,11
2953979,9.965660077139765,3
2953984,9.915337763758409,5
2953991,9.901980498985601,7
2954002,9.828029903180987,11
2954013,9.740992400815202,11
2954018,9.914847140946588,5
2954024,9.909728626252999,6
2954027,9.959168593106309,3
2954034,9.879149545967651,7
2954046,9.644246355651843,12
2954051,9.911704744938044,5
2954061,9.809244036455704,10
2954078,9.585056332284317,17
2954082,9.936397110038484,4
2954085,9.95478875400191,3
2954090,9.90484783090493,5
2954100,9.605992740504952,10
2954107,9.883973201001934,7
2954118,9.76882837744311,11
2954122,9.954698447246804,4
2954130,9.855263541297774,8
2954131,10.0,1
2954136,9.913426393754344,5
2954150,9.685192875980105,14
2954158,9.8420943313603,8
2954171,9.718508882136476,13
2954181,9.784821552476917,10
2954186,9.920338631878638,5
2954197,9.780315235929065,11
2954217,9.666769513404747,20
2954225,9.83895910566336,8
2954230,9.9261812879202,5
2954242,9.749389421420352,12
2954247,9.921376237334698,5
2954254,9.859614272109589,7
2954258,9.930223953808232,4
2954263,9.929658991838643,5
2954264,9.992529432630006,1
2954281,9.679703018513964,17
2954293,9.738773540380148,12
2954306,9.700055264596436,13
2954316,9.798520429233136,10
2954318,9.975873544606301,2
2954327,9.839690821447194,9
2954338,9.783153077109588,11
2954354,9.652093508885692,16
2954362,9.872358366210394,8
2954371,9.808307568635517,9
2954385,9.675863464609368,14
2954393,9.861437333273997,8
2954403,9.7837074958157,10
2954406,9.970433070516247,3
2954421,9.662967173135183,15
2954438,9.664268422739735,17
2954444,9.892121066247842,6
2954460,9.342467950037856,16
2954467,9.874211798425009,7
2954479,9.74562168461352,12
2954497,9.617229243943456,18
2954501,9.933765470056795,4
2954503,9.970907800168131,2
2954508,9.902290275471037,5
2954509,9.996545411407828,1
2954517,9.853608729872068,8
2954518,10.0,1
2954530,9.777370703037525,12
2954545,9.642793425742891,15
2954559,9.69083299713571,14
2954560,9.996486639524619,1
2954580,9.521116030780664,20
2954586,9.880312397475558,6
2954593,9.851461440458399,7
2954601,9.850659843621239,8
2954611,9.793017158429008,10
2954620,9.81425788651517,9
2954628,9.858371881795653,8
2954644,9.68189068558536,16
2954652,9.826931805855779,8
2954664,9.764805002855013,12
2954672,9.8398534883769,8
2954684,9.744784801455884,12
2954697,9.701209145795403,13
2954700,9.958094865953118,3
2954711,9.744752177629477,11
2954712,10.0,1
2954721,9.810403973852647,9
2954728,9.878433277972885,7
2954729,9.988362471360455,1
2954741,9.739445694065235,12
2954744,9.962719445165623,3
2954755,9.757835883421127,11
2954767,9.636655937472229,12
2954780,9.712604633031841,13
2954786,9.693343779772047,6
2954798,9.750039512553311,12
2954801,9.966559290841449,3
2954805,9.940030697503218,4
2954808,9.960119821844602,3
2954813,9.925572253912831,5
2954814,10.0,1
2954815,10.0,1
2954822,9.867398688686498,7
2954832,9.794539972013562,10
2954839,9.886333640097218,7
2954842,9.962436519849886,3
2954846,9.930758104521027,4
2954859,9.705809591404503,13
2954866,9.886147389112558,7
2954867,10.0,1
2954868,10.0,1
2954877,9.810035824701094,9
2954892,9.65618288049388,15
2954901,9.836363876777055,9
2954904,9.960626015996787,3
2954906,9.98580219555123,2
2954920,9.683137200850219,14
2954934,9.706237621123856,14
2954941,9.852969593803213,7
2954949,9.832118384277118,8
2954959,9.816646179170576,10
2954960,10.0,1
2954972,9.733689394155606,12
2954978,9.904194940965022,6
2954982,9.941868001972841,4
2954994,9.718330810629327,12
2955002,9.86093930042232,8
2955009,9.853461817922112,7
2955019,9.840809959409786,10
2955028,9.825943432099354,9
2955037,9.817583941307177,9
2955044,9.881908318307236,7
2955047,9.960013096651705,3
2955054,9.889965450309885,7
2955067,9.724405249825013,13
2955075,9.832701603585104,8
2955076,10.0,1
2955089,9.68720095478471,13
2955095,9.898747258031484,6
2955102,9.862834093607562,7
2955105,9.968126606683622,3
2955118,9.701374249130582,13
2955119,9.988243810350154,1
2955131,9.75922732719107,12
2955138,9.864714071857216,7
2955146,9.737492311577585,8
2955151,9.926305715282618,5
2955157,9.890399640421956,6
2955166,9.830155791296448,9
2955182,9.66355279090224,16
2955185,9.959564065014522,3
2955189,9.931049933056393,4
2955202,9.69942737623071,13
2955212,9.794299392775388,10
2955223,9.749110793255635,11
2955237,9.705216436745635,14
2955241,9.922309520175071,4
2955242,10.0,1
2955250,9.83220486334623,8
2955259,9.824956976441353,9
2955265,9.884725397712753,6
2955276,9.666750918737755,11
2955292,9.679984228494542,16
2955296,9.94892057224746,4
2955300,9.936510541050177,4
2955306,9.886322416977407,6
2955322,9.617375598925385,16
2955326,9.926394930859125,4
2955346,9.483975048274102,20
2955351,9.925275639325443,5
2955361,9.779701296184133,10
2955364,9.961958743382185,3
2955375,9.76966325317451,11
2955384,9.80359952899618,9
2955389,9.910877984267087,5
2955398,9.816154064617095,9
2955409,9.753141277297505,11
2955419,9.791879086366759,10
2955428,9.809847129092626,9
2955439,9.766965687410554,11
2955457,9.585565154333334,18
2955460,9.950687193347687,3
2955466,9.877869554013737,6
2955480,9.745832199495007,14
2955490,9.804856355123293,10
2955496,9.89507448292239,6
2955503,9.865325818647785,7
2955504,10.0,1
2955518,9.714943939301369,14
2955524,9.884081292808986,6
2955525,9.996501235316376,1
2955530,9.914970052458498,5
2955538,9.811718741200455,8
2955545,9.867056331683516,7
2955551,9.91720678865242,6
2955557,9.900198801959677,6
2955564,9.87074979504069,7
2955568,9.939563578761817,4
2955569,10.0,1
2955583,9.70268728695762,14
2955595,9.744654592427642,12
2955605,9.790125855671864,10
2955612,9.856393928675665,7
2955620,9.876058029595237,8
2955625,9.90454164254142,5
2955635,9.80138417716269,10
2955653,9.607723949107845,18
2955659,9.893135912260325,6
2955669,9.797282219366576,10
2955673,9.947871244245182,4
2955682,9.823031093017832,9
2955695,9.709061555098208,13
2955703,9.826626468679983,8
2955704,10.0,1
2955709,9.91697731487818,5
2955710,10.0,1
2955716,9.897794803610227,6
2955728,9.731182798592258,12
2955742,9.664460844778338,14
2955754,9.748810337408067,12
2955760,9.917621527018627,6
2955776,9.644228091568534,16
2955787,9.74843328951694,11
2955796,9.80279095119831,9
2955805,9.82168498527882,9
2955818,9.749306322848932,13
2955822,9.94768240683692,4
2955829,9.865595394859874,7
2955841,9.756523487425326,12
2955847,9.918380933931225,6
2955852,9.940301419791046,5
2955854,9.973904935629145,2
2955866,9.735007849231044,12
2955870,9.945503778525147,4
2955881,9.774410923871171,11
2955884,9.960040126229408,3
2955891,9.862940660473285,7
2955903,9.735032385481896,12
2955916,9.69694794808242,13
2955923,9.877339498733694,7
2955934,9.740807402801583,11
2955935,9.988263496646484,1
2955939,9.923235158531446,4
2955943,9.947301132828713,4
2955953,9.819396299262108,10
2955964,9.698521880532422,11
2955973,9.827731000651886,9
2955983,9.783495839225504,10
2955984,10.0,1
2955993,9.851400398674976,9
2956000,9.889539838067485,7
2956012,9.72473185827581,12
2956014,9.974169403849457,2
2956028,9.704190755585362,14
2956038,9.7891649431998,10
2956046,9.832045075415232,8
2956054,9.866757944860714,8
2956059,9.917617810233292,5
2956064,9.912600561554171,5
2956068,9.94893326742352,4
2956073,9.919473092924997,5
2956082,9.8359929002478,9
2956088,9.890441522743282,6
2956099,9.685093677067622,11
2956111,9.75906165311723,12
2956113,9.97324462842658,2
2956125,9.718625509889819,12
2956130,9.923066544757246,5
2956131,10.0,1
2956140,9.823389325624015,9
2956150,9.81643088658557,10
2956163,9.702490127487804,13
2956173,9.771581833647335,10
2956177,9.923339093069625,4
2956185,9.834521788250797,8
2956191,9.912506404956593,6
2956204,9.733278849155916,13
2956208,9.940572740649912,4
2956218,9.789390029713442,10
2956219,10.0,1
2956224,9.898830253172495,5
2956233,9.866274117197857,9
2956234,10.0,1
2956235,10.0,1
2956239,9.94619896587714,4
2956251,9.708917568132659,12
2956262,9.76688037432546,11
2956270,9.831816874471546,8
2956276,9.8999339712338,6
2956280,9.943129180317193,4
2956286,9.896665986058617,6
2956290,9.936965820416969,4
2956299,9.868327410012432,9
2956306,9.85873804331342,7
2956316,9.778306342301534,10
2956322,9.887319665182098,6
2956337,9.675327741934113,15
2956349,9.7400859041937,12
2956354,9.90214140621187,5
2956360,9.896158791191736,6
2956368,9.835025662043714,8
2956374,9.888224437879705,6
2956389,9.682508598640034,15
2956399,9.79113399431502,10
2956411,9.754137061309732,12
2956414,9.964126795862033,3
2956428,9.710844870677578,14
2956446,9.561558836528018,18
2956458,9.77433835925122,12
2956463,9.910993573611798,5
2956466,9.962570682345298,3
2956467,9.996806096739713,1
2956483,8.202831600521142,16
2956484,10.0,1
2956496,9.761106901386393,12
2956501,9.922136610477105,5
2956516,9.659715503032283,15
2956522,9.89923899655467,6
2956538,9.618180538100956,16
2956546,9.87672105030682,8
2956557,9.758440012552706,11
2956562,9.913695386102628,5
2956574,9.743682538442615,12
2956586,9.73326805949693,12
2956590,9.940279521216706,4
2956602,9.754244725066709,12
2956606,9.948719532500734,4
2956620,9.689877038557691,14
2956628,9.835003510112456,8
2956645,9.571155250271111,17
2956646,10.0,1
2956652,9.891112240697531,6
2956662,9.844847023822208,10
2956679,9.60503020643452,17
2956680,10.0,1
2956681,10.0,1
2956689,9.83712433152837,8
2956697,9.82380157252113,8
2956704,9.851631513222998,7
2956713,9.800181190947026,9
2956715,9.968797238840295,2
2956719,9.936244160155967,4
2956722,9.950017839810322,3
2956731,9.792438951386151,9
2956738,9.871674490648994,7
2956744,9.905804025075751,6
2956755,9.746713596886499,11
2956766,9.728132203462135,11
2956774,9.837392705882381,8
2956775,10.0,1
2956781,9.893725612774674,6
2956788,9.868212505215482,7
2956801,9.729968092927487,13
2956812,9.767913527342046,11
2956831,7.688047086707867,19
2956833,9.977228149334865,2
2956835,9.979209741112934,2
2956836,9.992342464151688,1
2956837,10.0,1
2956846,9.825234396760832,9
2956853,9.862089344221083,7
2956860,9.864761214199689,7
2956861,10.0,1
2956862,10.0,1
2956863,10.0,1
2956879,9.637020458419634,16
2956884,9.912526547276437,5
2956898,9.684415155573808,14
2956902,9.9271658397101,4
2956913,9.779992138812593,11
2956925,9.753862041709281,12
2956932,9.881901626671416,7
2956940,9.85211306219554,8
2956952,9.735972524390535,12
2956954,9.974271105803187,2
2956959,9.908975044179627,5
2956974,9.67589995912071,15
2956982,9.845110512531258,8
2956988,9.89306903530351,6
2956994,9.88840770781064,6
2956995,10.0,1
2957008,9.717934905729685,13
2957013,9.907313775968758,5
2957016,9.952272554056739,3
2957030,9.715489229115645,14
2957036,9.692009423980062,6
2957049,9.724271587474417,13
2957060,9.755520242142804,11
2957065,9.91820513610765,5
2957081,9.606071527385215,16
2957088,9.84475938164738,7
2957099,9.770047464276411,11
2957110,9.755567472379946,11
2957111,9.996383225878175,1
2957124,9.738294566508937,13
2957130,9.893512805776837,6
2957141,9.77315191629677,11
2957153,9.796636719986545,12
2957170,9.597602208468336,17
2957184,9.678675129127491,14
2957200,9.638454223971264,16
2957209,9.810359809738381,9
2957213,9.94625669494129,4
2957220,9.888100325416808,7
2957221,10.0,1
2957234,9.713237150401724,13
2957241,9.86332774400064,7
2957254,9.742296868001738,13
2957259,9.914616639923029,5
2957264,9.906419216146471,5
2957277,9.761957215720424,13
2957286,9.820096182355265,9
2957292,9.882999421892956,6
2957295,9.955213596022537,3
2957301,9.904421946005247,6
2957309,9.841473737628643,8
2957314,9.91332520955769,5
2957327,9.767514241457372,13
2957330,9.965250180964885,3
2957345,9.64859688240467,15
2957353,9.837292870224818,8
2957359,9.889936869446666,6
2957361,9.974056186191419,2
2957381,9.62726392785496,20
2957389,9.845158277266743,8
2957401,9.703047923077385,12
2957408,9.858232624306034,7
2957420,9.73182517270725,12
2957429,9.814043314905712,9
2957441,9.751110844961147,12
2957457,9.645610501288333,16
2957458,10.0,1
2957473,9.616309818574763,15
2957484,9.787926899892415,11
2957502,9.631825405246726,18
2957503,10.0,1
2957504,10.0,1
2957510,9.911163973680832,6
2957518,9.559851953044543,8
2957524,9.884227906468135,6
2957533,9.823678592664477,9
2957543,9.776833989726157,10
2957544,10.0,1
2957553,9.815601652756841,9
2957558,9.926342128730848,5
2957564,9.889049102225954,6
2957572,9.851411131586504,8
2957576,9.93182306041919,4
2957589,9.748631873302303,13
2957598,9.807148069620457,9
2957605,9.86628761216112,7
2957612,9.884455659023914,7
2957625,9.697831655350138,13
2957636,9.738769399782901,11
2957647,9.788122757813888,11
2957653,9.887949762709733,6
2957666,9.719824772668867,13
2957667,9.993530985806151,1
2957671,9.939408353037456,4
2957679,9.84195429328839,8
2957695,9.623781105092153,16
2957704,9.83232966829771,9
2957717,9.727863788737611,13
2957723,9.903269335935711,6
2957724,10.0,1
2957737,9.727877520191495,13
2957741,9.93207820210103,4
2957743,9.981797289066513,2
2957756,9.73470721393234,13
2957771,9.67381528243587,15
2957784,9.724755527412507,13
2957789,9.923227331510876,5
2957790,10.0,1
2957799,9.871690616619844,9
2957817,9.572426351979292,18
2957823,9.897503510537403,6
2957829,9.900968980740734,6
2957839,9.781956246702196,10
2957842,9.956007779987049,3
2957849,9.854293085038364,7
2957856,9.777254778358778,7
2957857,10.0,1
2957868,9.77774020327581,11
2957875,9.857995880606646,7
2957891,9.680543829154503,16
2957900,9.807163376570765,9
2957908,9.855114887340868,8
2957929,9.463024903641074,21
2957935,9.911794919260398,6
2957947,9.716007784697029,12
2957948,10.0,1
2957963,9.66811387278129,15
2957966,9.958831516683848,3
2957972,9.896789079122835,6
2957992,9.271688673966402,20
2957998,9.881639845996146,6
2958011,9.699355675379145,13
2958019,9.824040763671356,8
2958030,9.761062483917257,11
2958039,9.598418997899763,9
2958051,9.740061222576637,12
2958063,9.735615131548455,12
2958068,9.916330908686453,5
2958071,9.954643377933717,3
2958081,9.779922872472236,10
2958087,9.905758579873034,6
2958095,9.852975707539285,8
2958104,9.817105528618,9
2958110,9.907862892313583,6
2958114,9.929098602705423,4
2958115,10.0,1
2958125,9.79328216248688,10
2958126,10.0,1
2958131,9.622289017608546,5
2958145,9.715056400887295,14
2958154,9.8138711337229,9
2958155,10.0,1
2958165,9.79226812474739,10
2958172,9.838656900233303,7
2958186,9.71195632311044,14
2958197,9.769383151899095,11
2958205,9.841159533553077,8
2958216,9.761447564634748,11
2958224,9.848686405181446,8
2958225,10.0,1
2958229,9.942105764078986,4
2958231,9.980854169437922,2
2958241,9.820373333979656,10
2958246,9.922814606142067,5
2958254,9.837350507631859,8
2958261,9.852112685886839,7
2958270,9.717974356642037,9
2958278,9.848919832873204,8
2958289,9.764151492353097,11
2958290,10.0,1
2958300,9.777792628912945,10
2958308,9.839442285438233,8
2958319,9.79492747336583,11
2958320,10.0,1
2958327,9.873138883791885,7
2958338,9.770355920661013,11
2958350,9.741753617354368,12
2958355,9.924573907288421,5
2958365,9.805069460789618,10
2958371,9.889860845736019,6
2958372,10.0,1
2958381,9.80580789820645,9
2958399,9.583189819330782,18
2958411,9.760009462185813,12
2958415,9.944225921176479,4
2958422,9.870309321687195,7
2958428,9.899056553117337,6
2958436,9.872592188667111,8
2958440,9.934808424781632,4
2958451,9.569801386426317,11
2958452,10.0,1
2958465,9.725009083741725,13
2958477,9.73744772632433,12
2958484,9.870236403774804,7
2958486,9.96930976616367,2
2958500,9.692631678746947,14
2958515,9.478692156021614,15
2958528,9.73324562736096,13
2958535,9.887763934925482,7
2958546,9.547850831569235,11
2958547,10.0,1
2958548,10.0,1
2958554,9.868792159385281,6
2958563,9.82176624037198,9
2958568,9.916873588625156,5
2958577,9.846650500538663,9
2958584,9.894722855037234,7
2958595,9.805188933510195,11
2958606,9.754331241645122,11
2958616,9.801162483311517,10
2958625,9.839125899973816,9
2958642,9.606930836160128,17
2958651,9.808938456948626,9
2958652,10.0,1
2958666,9.582874716426188,14
2958672,9.866956971618214,6
2958680,9.866464671113404,8
2958688,9.85219926800076,8
2958698,9.833192054008684,10
2958703,9.929421269194558,5
2958710,9.885454695833802,7
2958721,9.656062562535705,11
2958729,9.821828774316282,8
2958738,9.811625127475585,9
2958747,9.815661537634755,9
2958756,9.852630043869075,9
2958761,9.920698248662468,5
2958773,9.75939058274776,12
2958781,9.818691089239122,8
2958789,9.849106848047175,8
2958801,9.773610077280427,12
2958815,9.700954757584388,14
2958820,9.919246088880282,5
2958829,9.622648594753509,9
2958839,9.776610568922301,10
2958846,9.86568596902798,7
2958856,9.791652934913223,10
2958857,9.988236387268635,1
2958870,9.79452933870704,13
2958888,9.552454661050213,18
2958895,9.885204644421162,7
2958900,9.91720416722148,5
2958910,9.80014799294687,10
2958924,9.686343808793275,14
2958934,9.807300790039287,10
2958940,9.898482761899267,6
2958950,9.767728012000184,10
2958951,10.0,1
2958959,9.855766690041763,8
2958966,9.85491082072483,7
2958976,9.801772900190088,10
2958983,9.848315498814527,7
2958994,9.771359224414653,11
2959000,9.901748240048482,6
2959005,9.925524135221206,5
2959021,9.618766712458822,16
2959030,9.812864784296716,9
2959034,9.932793437973311,4
2959038,9.951590960439598,4
2959039,10.0,1
2959040,9.996648264418777,1
2959049,9.836625621857277,9
2959057,9.848486911478107,8
2959070,9.722810220578882,13
2959075,9.926487442071727,5
2959083,9.828028093616071,8
2959089,9.900192093724602,6
2959099,9.706722295228998,10
2959105,9.898072869875616,6
2959115,9.81070318713642,10
2959131,9.51598728440758,16
2959140,9.702251500720045,9
2959149,9.841396115337105,9
2959161,9.749662892701629,12
2959180,9.529361730887905,19
2959184,9.927597849201701,4
2959187,9.963651564148433,3
2959198,9.822950544943568,11
2959207,9.819122783463603,9
2959216,9.811163031694663,9
2959229,9.701639472388665,13
2959240,9.737555803570814,11
2959249,9.8189199379877,9
2959262,9.738605375899688,13
2959266,9.939127285525847,4
2959281,9.663824546985335,15
2959286,9.898111118663197,5
2959303,9.631362660817851,17
2959314,9.761080156472852,11
2959329,9.644550487795714,15
2959333,9.944389578198573,4
2959341,9.837062430568865,8
2959354,9.721521818478454,13
2959368,9.684612918617905,14
2959374,9.899102684110728,6
2959381,9.868329407449288,7
2959382,10.0,1
2959392,9.807055785231746,10
2959406,9.684368796207146,14
2959416,9.783727933520247,10
2959420,9.919549636132295,4
2959422,9.972163870513196,2
2959428,9.903748900959691,6
2959435,9.874544210956731,7
2959448,9.725213367103555,13
2959458,9.834029285402028,10
2959471,9.711900675267382,13
2959478,9.858864177470403,7
2959493,9.662291641867295,15
2959501,9.83425625144835,8
2959510,9.829200899421139,9
2959515,9.912841456173886,5
2959526,9.782286424787635,11
2959534,9.865224114375279,8
2959548,9.684903354563886,14
2959562,9.657517930380383,14
2959569,9.871763379906353,7
2959571,9.979357812520544,2
2959583,9.747090619524455,12
2959589,9.904032768525697,6
2959604,9.662802908899222,15
2959616,9.753511144157198,12
2959617,10.0,1
2959628,9.776264306006816,11
2959629,10.0,1
2959637,9.849516194032022,8
2959642,9.921240450696976,5
2959654,9.735944075638692,12
2959663,9.817052458188066,9
2959677,9.655685670260446,14
2959686,9.800370535428302,9
2959696,9.786909212787592,10
2959700,9.934711268707959,4
2959718,7.266626392663147,18
2959727,9.797300977758177,9
2959732,9.924257771762344,5
2959741,9.603653292159688,9
2959744,9.971713700917247,3
2959752,9.872236699095371,8
2959761,9.836751104181118,9
2959765,9.943542390891855,4
2959777,9.446137415073808,12
2959788,9.756349576532438,11
2959797,9.809167905233666,9
2959806,9.829509204200269,9
2959810,9.926552919667804,4
2959820,9.826441904714365,10
2959826,9.890931303417,6
2959827,10.0,1
2959841,9.741091656974742,14
2959851,9.776106097631578,10
2959862,9.770000464744221,11
2959883,9.43535115096197,21
2959891,9.855740905356095,8
2959902,9.737732478483464,11
2959905,9.966274629183074,3
2959917,9.741877059947267,12
2959923,9.876094502098816,6
2959924,10.0,1
2959936,9.7330346989623,12
2959945,9.822869153073967,9
2959949,9.937976192100525,4
2959961,9.753790563814343,12
2959967,9.906881777536567,6
2959977,9.813249144851904,10
2959986,9.813604431554278,9
2959987,9.992975527714027,1
2960002,9.660580323387766,15
2960011,9.84053519104933,9
2960024,9.748133112064446,13
2960035,9.770784018519736,11
2960043,9.838385028394205,8
2960044,10.0,1
2960053,9.82936248606778,9
2960060,9.886274941552982,7
2960075,9.701120143956379,15
2960084,9.814400330201677,9
2960089,9.894221285342988,5
2960093,9.943666217874819,4
2960104,9.771045924867394,11
2960113,9.825557576615914,9
2960124,9.79160861336114,11
2960130,9.89072357480443,6
2960131,10.0,1
2960137,9.882342814459102,6
2960148,9.765389437317236,11
2960161,9.734815027587198,13
2960162,10.0,1
2960167,9.90812248257736,5
2960176,9.742323689826694,9
2960184,9.855435181509373,8
2960195,9.758535715543944,11
2960199,9.935650482759973,4
2960208,9.820699021295814,9
2960214,9.893775309941674,6
2960221,9.847669592155986,7
2960233,9.747876211296756,12
2960241,9.852428336768517,8
2960741,-18.80208383298003,500
2960782,8.057803154088653,41
2960786,9.936684640986268,4
2960789,9.961470658311308,3
2960806,9.662528031727252,17
2960811,9.924644547229745,5
2960821,9.778645200156785,10
2960828,9.884288392356712,7
2960842,9.65533417143191,14
2960857,9.695143689557852,15
2960864,9.882584066051876,7
2960869,9.920844616464706,5
2960876,9.86004813043967,7
2960884,9.870620161160845,8
2960887,9.962294152762103,3
2960895,9.852032487630195,8
2960896,10.0,1
2960906,9.763623521728562,10
2960912,9.909102043108001,6
2960916,9.917639663530073,4
2960920,9.922226487456204,4
2960936,9.640421899640838,16
2960953,9.631386182862991,17
2960964,9.745850905227984,11
2960974,9.803652144109495,10
2960984,9.762718520173097,10
2960997,9.696754295049962,13
2961000,9.95547142192729,3
2961008,9.851748414116834,8
2961021,9.707120739597144,13
2961037,9.622697104562043,16
2961041,9.93569117283754,4
2961059,9.40697482945728,18
2961071,9.731653017879987,12
2961078,9.879417390334575,7
2961087,9.831081712701605,9
2961088,10.0,1
2961096,9.831030953787835,8
2961102,9.889428025780466,6
2961103,10.0,1
2961112,9.833639577685307,9
2961119,9.863115774456082,7
2961126,9.658115886559498,7
2961127,10.0,1
2961136,9.812053216396363,9
2961145,9.830804739486936,9
2961155,9.802593095480901,10
2961164,9.803724300143491,9
2961169,9.918179977978442,5
2961174,9.911898848046986,5
2961179,9.926008720427552,5
2961186,9.867460098398459,7
2961193,9.870886839354114,7
2961196,9.969441130155788,3
2961204,9.858192632068933,8
2961218,9.717982242972543,14
2961224,9.908174956904869,6
2961230,9.907123440727663,6
2961235,9.92981222336201,5
2961239,9.930128839860156,4
2961250,9.77060435908449,11
2961260,9.809051808063181,10
2961263,9.95925356306052,3
2961264,9.987692086481724,1
2961269,9.912801403175315,5
2961280,9.761308037148174,11
2961287,9.883086197283538,7
2961291,9.934366097329022,4
2961302,9.779966735354659,11
2961314,9.727647350301972,12
2961324,9.78766738095649,10
2961332,9.843870777415196,8
2961333,10.0,1
2961342,9.82611527372709,9
2961353,9.79155909574153,11
2961362,9.8241797108478,9
2961372,9.831285749722683,10
2961385,9.20639815611794,13
2961391,9.885637608059177,6
2961398,9.856091009157895,7
2961399,10.0,1
2961400,10.0,1
2961405,9.90049940659552,5
2961412,9.84723878103352,7
2961422,9.801882660557947,10
2961430,9.740453778166923,8
2961436,9.902170676450176,6
2961448,9.778779134919581,12
2961456,9.862820928657152,8
2961463,9.894343178951685,7
2961476,9.709176208452847,13
2961492,9.623112567348574,16
2961497,9.897591596077458,5
2961504,9.846790232110324,7
2961509,9.911567384589532,5
2961517,9.851686857433016,8
2961518,10.0,1
2961526,9.861477507514143,8
2961537,9.766232488396533,11
2961545,9.835994590794538,8
2961550,9.9206055977347,5
2961562,9.760129370213134,12
2961572,9.808026142088565,10
2961575,9.960983757393091,3
2961576,10.0,1
2961581,9.933001457474294,5
2961584,9.955342178549813,3
2961611,9.387744140288067,27
2961614,9.96986130812196,3
2961619,9.914659337742242,5
2961631,9.769403485048015,12
2961638,9.878439820604552,7
2961641,9.967277845293692,3
2961653,9.750414103690968,12
2961657,9.939459052065493,4
2961661,9.937133167723426,4
2961668,9.881891943613898,7
2961675,9.87406795022876,7
2961684,9.832353914104527,9
2961693,9.823673586782443,9
2961703,9.833082965646964,10
2961713,9.812328118582535,10
2961727,9.69107765722602,14
2961728,9.993487312449963,1
2961774,9.098132351865516,46
2961780,9.905167463298039,6
2961790,9.815766587698015,10
2961803,9.687799554181701,13
2961815,9.746357033305618,12
2961826,9.773131473838683,11
2961832,9.910752928492663,6
2961834,9.981918552599218,2
2961850,9.666203072840243,16
2961853,9.966747129075591,3
2961854,10.0,1
2961857,9.952285609611982,3
2961871,9.580100494911578,14
2961876,9.927282010229519,5
2961894,9.63414349613637,18
2961905,9.743613211557289,11
2961911,9.892766906577704,6
2961917,9.898919627663858,6
2961930,9.695832678001997,13
2961939,9.809037932246152,9
2961950,9.753629988320458,11
2961966,9.62613526027025,16
2961975,9.829841302385617,9
2961981,9.901526332391303,6
2961982,10.0,1
2961998,9.709966605238138,16
2962005,9.894386080924575,7
2962016,9.763973353760132,11
2962033,9.69390449918064,17
2962038,9.92576043236711,5
2962041,9.958282844870086,3
2962055,9.70487974645,14
2962064,9.867087915542202,9
2962075,9.828363415027958,11
2962093,9.625321087419527,18
2962108,9.654079650191045,15
2962608,-22.93792201367082,500
2962616,9.85511668521636,8
2962619,9.959497631361634,3
2962625,9.892832232611369,6
2962628,9.966979395132823,3
2962639,9.81415597310444,11
2962645,9.90249649642681,6
2962658,9.724063100638332,13
2962676,9.630084937204732,18
2962695,9.541153547973682,19
2962702,9.870521318673521,7
2962706,9.950299827484917,4
2962717,9.683998163403038,11
2962731,9.704379154736976,14
2962736,9.926689820526297,5
2962751,9.588814660488179,15
2962761,9.815768155789321,10
2962773,9.722568508995723,12
2962780,9.856604167029843,7
2962791,9.772167033932027,11
2962801,9.770586122896113,10
2962814,9.762799382111249,13
2962819,9.93595438681634,5
2962833,9.745148393979173,14
2962839,9.901925347838965,6
2962852,9.73770333691047,13
2962861,9.812926452489181,9
2962862,10.0,1
2962871,9.805484651620402,9
2962883,9.764597760950531,12
2962895,9.715933715775934,12
2962907,9.76866755972158,12
2962911,9.93074428990446,4
2962917,9.909324843130555,6
2962925,9.815206413822503,8
2962939,9.72500169255842,14
2962949,9.784625334220332,10
2962956,9.860842857273362,7
2962958,9.978746243177062,2
2962963,9.928980656278902,5
2962971,9.865657052080767,8
2962983,9.777599353187135,12
2962990,9.861533602708716,7
2962998,9.863679940034977,8
2963009,9.757223163617276,11
2963014,9.9260323166491,5
2963018,9.93272936690983,4
2963019,10.0,1
2963023,9.936274325525925,4
2963035,9.727170588664837,12
2963036,9.98915335129279,1
2963037,9.996453387780088,1
2963042,9.91049501491978,5
2963050,9.848230119676268,8
2963053,9.96579167775751,3
2963057,9.939171401039474,4
2963070,9.718194578087974,13
2963081,9.742412137788607,11
2963092,9.773120469998489,11
2963104,9.72080864468182,12
2963105,10.0,1
2963110,9.931451498199154,5
2963119,9.836894096869731,9
2963132,9.730131916433859,13
2963137,9.9120995753884,5
2963145,9.734674630994222,8
2963154,9.83647470316272,9
2963174,9.58626606678762,20
2963181,9.877344493848316,7
2963190,9.851179358047768,9
2963194,9.933417244137049,4
2963207,9.761855023812775,13
2963221,9.691259460489137,14
2963236,9.675613295296907,15
2963257,9.440353820168742,21
2963264,9.886624102341187,7
2963269,9.920149186969214,5
2963272,9.962841980337044,3
2963283,9.788255160469161,11
2963287,9.94506292303758,4
2963297,9.772887204777584,10
2963302,9.922172883108088,5
2963320,9.405687692242955,18
2963327,9.893313743345162,7
2963337,9.717795062508918,10
2963345,9.85929543550111,8
2963366,9.532381280829366,21
2963373,9.87100940335367,7
2963384,9.795008437049235,11
2963394,9.821288037176421,10
2963406,9.759637379419269,12
2963418,9.744893928366512,12
2963430,9.732754867821086,12
2963445,9.652302032184611,15
2963451,9.90030073030586,6
2963465,9.678438651653249,14
2963474,9.803213625469162,9
2963478,9.94954552605716,4
2963488,9.805828676824667,10
2963494,9.881767470260067,6
2963507,9.715122923622161,13
2963519,9.743926320202617,12
2963528,9.812944015119347,9
2963533,9.915967970905431,5
2963535,9.976814083705264,2
2963542,9.86432145980671,7
2963548,9.896958849665847,6
2963561,9.718618191024877,13
2963578,9.58508079101964,17
2963582,9.93186820805988,4
2963597,9.63924284648389,15
2963604,9.891515064279334,7
2963605,10.0,1
2963606,10.0,1
2963612,9.913484894868951,6
2963615,9.951011788508103,3
2963623,9.849634609574501,8
2963631,9.844730155008264,8
2963637,9.905695947822778,6
2963647,9.78523477664422,10
2963654,9.863083852378065,7
2963665,9.775662215581944,11
2963677,9.748071788837409,12
2963692,9.66032102931607,15
2963701,9.824424701535637,9
2963719,9.658752551423966,18
2963732,9.738618256474414,13
2963736,9.942551762899525,4
2963747,9.766869928939574,11
2963762,9.708748044329397,15
2963776,9.707180291392822,14
2963795,9.500603784084538,19
2963797,9.975637300011195,2
2963809,9.74596849811088,12
2963819,9.708197628179438,10
2963834,9.65915783084125,15
2963837,9.957869433415972,3
2963841,9.92680640343077,4
2963848,9.855542399927955,7
2963858,9.78531672014151,10
2963870,9.742823585586091,12
2963871,10.0,1
2963876,9.915160203866135,5
2963888,9.732276270692807,12
2963897,9.802960442858328,9
2963908,9.754947878134844,11
2963913,9.826556437352302,5
2963922,9.81829619392522,9
2963930,9.854337695138948,8
2963939,9.826845630225396,9
2963947,9.8464742119882,8
2963959,9.747183576928647,12
2963966,9.843944886483216,7
2963985,9.60311061707723,19
2963998,9.735660767852417,13
2964012,9.706900244747267,14
2964018,9.587239762334551,6
2964021,9.966733540966196,3
2964031,9.792692053603625,10
2964043,9.732455359105074,12
2964051,9.837365533641403,8
2964063,9.718441342916584,12
2964068,9.924858115989053,5
2964077,9.835433814847681,9
2964080,9.945905730051367,3
2964094,9.692028249866901,14
2964110,9.656543589561007,16
2964113,9.952022653865521,3
2964121,9.839653868931748,8
2964135,9.7322008931177,14
2964142,9.863206311186351,7
2964153,9.786884010997333,11
2964163,9.79034027942548,10
2964169,9.913569515795311,6
2964176,9.876762453775122,7
2964191,9.652111688285224,15
2964203,9.755940122254644,12
2964208,9.928435790858837,5
2964211,9.963919266166696,3
2964232,9.331252968871173,21
2964235,9.963110531024299,3
2964242,9.858796100426563,7
2964254,9.771828780266029,12
2964267,9.706925001526765,13
2964283,9.632609863293979,16
2964292,9.821302801274538,9
2964304,9.750298151908536,12
2964317,9.706194731200721,13
2964323,9.796993665258677,6
2964329,9.906812293860373,6
2964341,9.753020644636532,12
2964352,9.7882678357988,11
2964353,10.0,1
2964365,9.748628544606277,12
2964372,9.876006952743193,7
2964373,10.0,1
2964379,9.892651071710137,6
2964382,9.968123739072347,3
2964388,9.885705570205745,6
2964400,9.77382347744332,12
2964406,9.907656694380169,6
2964409,9.954729102550683,3
2964418,9.834818339690342,9
2964428,9.796710125494329,10
2964437,9.815259335603594,9
2964444,9.870384974531682,7
2964452,9.847911076498022,8
2964464,9.75338772731051,12
2964469,9.922702736313312,5
2964473,9.935532537546399,4
2964488,9.689259455104043,15
2964493,9.909309316165626,5
2964496,9.970978168685336,3
2964502,9.882155396941828,6
2964514,9.582078631251388,12
2964520,9.904912273184332,6
2964523,9.968014942438367,3
2964535,9.732849416922146,12
2964551,9.634306663443244,16
2964561,9.833637928207157,10
2964568,9.881817986968867,7
2964573,9.92104199225299,5
2964580,9.864624916557192,7
2964587,9.864688012714552,7
2964598,9.773714938854214,11
2964610,9.72640497596769,12
2964628,9.682699874754004,18
2964634,9.901229698448763,6
2964640,9.905234137141473,6
2964651,9.777291027186482,11
2964653,9.982220203951222,2
2964657,9.941035586860009,4
2964661,9.925783523171512,4
2964669,9.856707959425911,8
2964684,9.670388248856394,15
2964690,9.886748636090353,6
2964701,9.790609083751955,11
2964709,9.875331849578542,8
2964724,9.63841508629657,15
2964730,9.892461437514381,6
2964739,9.828661062194753,9
2964753,9.694614554206966,14
2964756,9.959982591049734,3
2964770,9.690876637400688,14
2964771,10.0,1
2964784,9.521698307169155,13
2964793,9.828731617811359,9
2964799,9.915416298258044,6
2964807,9.848376301951232,8
2964821,9.685441027028768,14
2964823,9.977750408508568,2
2964833,9.79923569179285,10
2964843,9.809074156975926,10
2964847,9.921591438632108,4
2964854,9.870727330417813,7
2964857,9.96777328711922,3
2964861,9.946534418890973,4
2964890,9.466293532869427,29
2964902,9.721930925646268,12
2964910,9.81863087333668,8
2964925,9.645199106311571,15
2964932,9.885015089082742,7
2964945,9.749442833735323,13
2964955,9.79897833290846,10
2964956,10.0,1
2964963,9.870689641188843,7
2964970,9.860455411997611,7
2964978,9.845360630361698,8
2964985,9.868949008895772,7
2965000,9.662129686188354,15
2965012,9.732734183819428,12
2965016,9.939939533190197,4
2965031,9.705760237667135,15
2965042,9.65189399354821,11
2965052,9.799852601154747,10
2965053,10.0,1
2965056,9.94867196560882,3
2965057,10.0,1
2965062,9.907571921481964,5
2965069,9.891783746460277,7
2965078,9.858218730005289,9
2965079,10.0,1
2965091,9.651059162816093,12
2965098,9.865790927223987,7
2965104,9.919085497640111,6
2965114,9.817052260799777,10
2965121,9.877628165082154,7
2965123,9.979195479094637,2
2965137,9.667996620499794,14
2965146,9.85074792184038,9
2965152,9.902953296292484,6
2965153,10.0,1
2965154,10.0,1
2965159,9.927516269743048,5
2965168,9.822803673759118,9
2965169,10.0,1
2965180,9.750838916106824,11
2965187,9.848344952555346,7
2965191,9.936064604299402,4
2965192,10.0,1
2965204,9.519615710562874,12
2965205,9.989204638678855,1
2965216,9.763429318761212,11
2965224,9.829191952503628,8
2965237,9.70495892662811,13
2965240,9.967814698262998,3
2965255,9.658964021489279,15
2965267,9.735916718919812,12
2965278,9.807867380062456,11
2965283,9.917061352046833,5
2965290,9.876454413785902,7
2965298,9.842805127140588,8
2965309,9.792825137902032,11
2965320,9.755985913286567,11
2965328,9.83259359575975,8
2965347,9.510427907847077,19
2965360,9.698414761654002,13
2965365,9.919473721052908,5
2965375,9.78523137465556,10
2965388,9.707715765908214,13
2965389,10.0,1
2965390,10.0,1
2965395,9.92361943647839,5
2965413,9.696522005100158,18
2965414,9.992504699454875,1
2965425,9.775638185631298,11
2965426,10.0,1
2965442,9.68757491526304,16
2965450,9.861929728320158,8
2965465,9.653058740387717,15
2965476,9.813882488807216,11
2965486,9.822063463610595,10
2965487,10.0,1
2965502,9.657195150854934,15
2965518,9.690945222454621,16
2965525,9.644895056086508,7
2965530,9.90977816338842,5
2965544,9.700914806993222,14
2965557,9.726783847921848,13
2965573,9.63904103600759,16
2965590,9.634937787976103,17
2965593,9.956652242161422,3
2965604,9.78493217402317,11
2965613,9.816474202489216,9
2965614,10.0,1
2965626,9.73031664635536,12
2965633,9.859508812856982,7
2965647,9.721905627228866,14
2965655,9.839897018951321,8
2965666,9.762394989261864,11
2965677,9.77550938719005,11
2965682,9.909786277831321,5
2965698,9.65965490085442,16
2965704,9.889869206725553,6
2965713,9.819705626173958,9
2965724,9.766440459519018,11
2965725,10.0,1
2965736,9.74925054268375,11
2965738,9.971658285744342,2
2965739,10.0,1
2965748,9.835697682091213,9
2965749,10.0,1
2965762,9.719162408833784,13
2965763,10.0,1
2965768,9.912242380013202,5
2965769,10.0,1
2965782,9.634241540644283,13
2965791,9.692932870644697,9
2965801,9.807524048782875,10
2965807,9.882697971106486,6
2965824,9.60831611448045,17
2965828,9.73015340524495,4
2965838,9.796255066704648,10
2965847,9.811753414226391,9
2965862,9.68137490859468,15
2965867,9.93844005018144,5
2965879,9.728800718637212,12
2965881,9.971138607804424,2
2965895,9.69490970560523,14
2965903,9.84493095890992,8
2965920,9.6087827911104,17
2965930,9.799279538842791,10
2965944,9.666349416929444,14
2965951,9.888239008791517,7
2965959,9.843461494497165,8
2965970,9.78294968252088,11
2965979,9.82305542198076,9
2965992,9.725309113571655,13
2966001,9.830345789264603,9
2966010,9.831128741660896,9
2966024,9.67053713167378,14
2966032,9.870945108246456,8
2966033,10.0,1
2966044,9.756947603228562,11
2966054,9.779843705305437,10
2966059,9.905771796267208,5
2966068,9.841852618560575,9
2966075,9.88888227450565,7
2966086,9.794694298306705,11
2966097,9.758918435894998,11
2966110,9.682749583196523,13
2966118,9.85064461357984,8
2966130,9.73801214671906,12
2966131,10.0,1
2966142,9.749509577894722,11
2966146,9.945755108898036,4
2966147,10.0,1
2966164,9.60197887241032,17
2966165,9.987829509329533,1
2966174,9.835357885212305,9
2966180,9.872980204910688,6
2966187,9.868181204066893,7
2966202,9.666533402016036,15
2966212,9.797434889337662,10
2966224,9.71659951188922,12
2966234,9.781698333766176,10
2966244,9.780229429350923,10
2966250,9.884527169196113,6
2966267,9.595848392246504,17
2966272,9.917527297770478,5
2966278,9.883461100865627,6
2966285,9.854519281239066,7
2966287,9.976492374400033,2
2966294,9.875817127261886,7
2966301,9.874948063633452,7
2966311,9.793338318711095,10
2966312,10.0,1
2966319,9.86754111139586,7
2966328,9.817834809513014,9
2966336,9.859471038331709,8
2966347,9.751730260099158,11
2966356,9.79432671927364,9
2966387,3.8610361472808306,31
2966397,9.486937509223855,10
2966402,9.899417566764624,5
2966417,9.638477132267543,15
2966418,10.0,1
2966428,9.7949537476533,10
2966440,9.741703863651457,12
2966450,9.78903546647429,10
2966459,9.80636007056325,9
2966464,9.908380373723617,5
2966474,9.789090404040476,10
2966479,9.915451782659128,5
2966488,9.812735730270354,9
2966497,9.835998810563476,9
2966505,9.853814176796137,8
2966514,9.809414574156337,9
2966520,9.88181439375699,6
2966535,9.641087146329017,15
2966538,9.954036733829373,3
2966548,9.818303532546844,10
2966559,9.79090090965497,11
2966575,9.426702690238244,16
2966587,9.745958934375425,12
2966599,9.753463270711755,12
2966609,9.810671932673731,10
2966629,9.062737970364832,20
2966640,9.752395679462913,11
2966650,9.827256983089134,10
2966653,9.952883766408771,3
2966660,9.85120173084895,7
2966672,9.802491974563324,12
2966687,9.553793550009814,15
2966698,9.75971948814809,11
2966704,9.881109351090581,6
2966716,9.737511513443458,12
2966720,9.95410132021485,4
2966723,9.959698098233101,3
2966731,9.871947036092765,8
2966738,9.856626995263799,7
2966739,9.996610421511813,1
2966749,9.786622181690538,10
2966756,9.85682552958129,7
2966764,9.838455560862492,8
2966773,9.721983669699659,9
2966786,9.326925933861332,13
2966792,9.910982642157961,6
2966806,9.695665329550904,14
2966811,9.91126177889214,5
2966818,9.904438381350225,7
2966820,9.979296910145857,2
2966832,9.746012464260884,12
2966837,9.909237383607495,5
2966851,9.686514811762923,14
2966862,9.791631733962166,11
2966890,6.703410273012681,28
2966898,9.63646929761196,8
2966899,9.996523814439941,1
2966908,9.782326134350408,9
2966932,9.390042017405104,24
2966941,9.837665439965233,9
2966946,9.924858614203934,5
2966958,9.758898265947979,12
2966970,9.734203676004762,12
2966983,9.765473885908671,13
2966987,9.937478328378416,4
2966994,9.853597718777996,7
2966998,9.932776241425499,4
2966999,10.0,1
2967010,9.771447319472072,11
2967022,9.753287106425088,12
2967033,9.815598146113896,11
2967040,9.88129645651833,7
2967208,-53.12913480183889,168
2967209,10.0,1
2967216,9.849547753532493,7
2967217,10.0,1
2967230,9.669449499399928,13
2967246,9.686729063287652,16
2967262,9.668233892491745,16
2967280,9.475770787811259,18
2967293,9.706285572069419,13
2967303,9.767932812723396,10
2967309,9.90020023431825,6
2967314,9.924485379402771,5
2967324,9.821657343640476,10
2967325,10.0,1
2967341,9.635688718242749,16
2967348,9.890693387831442,7
2967358,9.785572830996875,10
2967366,9.839341633669266,8
2967379,9.749147050457797,13
2967390,9.799598962270236,11
2967396,9.888676269196221,6
2967401,9.923967986754745,5
2967419,9.583046715135158,18
2967430,9.772927223314943,11
2967437,9.857167602481766,7
2967448,9.75991132472672,11
2967457,9.816524065030318,9
2967467,9.827997700158505,10
2967468,10.0,1
2967479,9.766954314008219,11
2967487,9.858466891382786,8
2967495,9.887411250515186,8
2967509,9.676229276677246,14
2967523,9.702643000255819,14
2967524,9.99336402770862,1
2967531,9.892919962495396,7
2967539,9.863545764352086,8
2967540,10.0,1
2967541,10.0,1
2967542,9.993165360547152,1
2967545,9.966713041996233,3
2967546,10.0,1
2967553,9.865296010171965,7
2967558,9.925771750839605,5
2967565,9.87923547775737,7
2967579,9.730479972709178,14
2967586,9.891637687067272,7
2967595,9.848509410453849,9
2967598,9.962836733824872,3
2967604,9.871509147130263,6
2967610,9.896336017564483,6
2967611,10.0,1
2967620,9.830935197130023,9
2967625,9.913743642131747,5
2967635,9.780004359206547,10
2967643,9.830902484114535,8
2967652,9.806944620131771,9
2967657,9.917670344255114,5
2967662,9.918605477023496,5
2967666,9.928826892842219,4
2967670,9.939983492118223,4
2967682,9.731245299879959,12
2967691,9.827453922197487,9
2967694,9.963422641656388,3
2967704,9.801519681528932,10
2967715,9.760580619669858,11
2967726,9.760872382326285,11
2967738,9.721103095401686,12
2967745,9.851291994166393,7
2967749,9.944401073119268,4
2967751,9.971687816018777,2
2967756,9.894133260077174,5
2967765,9.838639211007617,9
2967775,9.763891373111862,10
2967785,9.694934377639738,10
2967795,9.821529863454234,10
2967806,9.771876964459915,11
2967812,9.892081277565449,6
2967823,9.777074456917443,11
2967840,9.635438774318951,17
2967845,9.929252508440456,5
2967854,9.82965693109757,9
2967863,9.83130712971268,9
2967874,9.815395214781322,11
2967881,9.875160176157223,7
2967892,9.778491042007529,11
2967900,9.822249760997469,8
2967912,9.756187765221416,12
2967923,9.790349490610028,11
2967924,10.0,1
2967929,9.918679081476762,5
2967930,10.0,1
2967938,9.855994913394731,8
2967944,9.902949272314686,6
2967959,9.672457077202159,15
2967970,9.77187131484356,11
2967978,9.839030495299069,8
2967986,9.847205287045272,8
2967996,9.848544569544845,10
2968004,9.847438837622036,8
2968005,10.0,1
2968008,9.958393407961161,3
2968013,9.90815122786706,5
2968024,9.746184753166077,11
2968032,9.84030033873565,8
2968036,9.93167337802418,4
2968051,9.68214005649724,15
2968060,9.846438364134762,9
2968067,9.885003791863385,7
2968073,9.918973996615266,6
2968083,9.790916027868338,10
2968091,9.857656627387291,8
2968105,9.729492836133602,14
2968110,9.924044682938948,5
2968118,9.851764065157504,8
2968134,9.627519882393049,16
2968147,9.683564939148628,13
2968158,9.762593062983038,11
2968169,9.745627318768587,11
2968181,9.73747957302302,12
2968191,9.779438989616354,10
2968198,9.883317998129094,7
2968205,9.854466662811207,7
2968222,9.2161662218567,17
2968233,9.762852249566919,11
2968248,9.67213268287964,15
2968251,9.957039174598263,3
2968258,9.869038084848828,7
2968270,9.745761999661251,12
2968271,10.0,1
2968280,9.810971875463228,9
2968286,9.890729688372675,6
2968296,9.793651598019157,10
2968305,9.83530158674677,9
2968309,9.94248459577674,4
2968328,9.640328752969285,19
2968338,9.81880460140896,10
2968348,9.800934102104081,10
2968359,9.766627623124608,11
2968365,9.892456248675849,6
2968381,9.627147941181033,16
2968382,10.0,1
2968392,9.768373743136706,10
2968398,9.886341089055884,6
2968406,9.87373539270769,8
2968423,9.625308843961548,17
2968429,9.893870519606217,6
2968437,9.833474408120845,8
2968447,9.777528019277671,10
2968451,9.931359873325048,4
2968452,10.0,1
2968462,9.823346480629116,10
2968464,9.984437971824411,2
2968468,9.947648950211923,4
2968485,9.624795999083805,17
2968498,9.715177617238396,13
2968501,9.960486865768532,3
2968503,9.983497587107557,2
2968515,9.726686811557778,12
2968523,9.828054930057771,8
2968530,9.852570494307981,7
2968535,9.925804756964562,5
2968536,10.0,1
2968547,9.757020451731895,11
2968548,10.0,1
2968550,9.969233272561352,2
2968558,9.846332093104587,8
2968562,9.939648213986048,4
2968563,10.0,1
2968573,9.791637775345059,10
2968580,9.889697358737891,7
2968592,9.742828723853595,12
2968599,9.87307626896386,7
2968600,10.0,1
2968609,9.811810243832866,9
2968630,9.53073581056012,21
2968637,9.864553089104886,7
2968639,9.979242544409038,2
2968650,9.771360630879167,11
2968657,9.882958017237835,7
2968667,9.805479390330474,10
2968676,9.85338250307436,9
2968686,9.786931442875892,10
2968688,9.975220899712125,2
2968692,9.948229321501056,4
2968704,9.725212190867383,12
2968706,9.985033356070097,2
2968715,9.827477647745736,9
2968721,9.90653319273841,6
2968737,9.687687457479386,16
2968745,9.87495817096831,8
2968746,10.0,1
2968760,9.687053843232288,14
2968767,9.859131719103624,7
2968772,9.927805868674936,5
2968785,9.690299968922554,13
2968795,9.771100129766834,10
2968801,9.877858754175142,6
2968811,9.805207814758038,10
2968818,9.845945974433384,7
2968829,9.754975146824371,11
2968833,9.938058457842427,4
2968851,9.663328347846642,18
2968852,10.0,1
2968855,9.953315656439772,3
2968864,9.809271772642747,9
2968865,10.0,1
2968866,10.0,1
2968877,9.76160475339409,11
2968880,9.950596080532994,3
2968891,9.782204189130535,11
2968892,10.0,1
2968893,9.993376935812181,1
2968899,9.903868785750758,6
2968912,9.72270803403373,13
2968922,9.778230659588974,10
2968934,9.765743653862232,12
2968945,9.603041013232897,11
2968957,9.721882685103337,12
2968963,9.886494684107511,6
2968973,9.806304787057524,10
2968986,9.686920174944932,13
2968995,9.843821488620897,9
2969002,9.876236081226766,7
2969005,9.95760366669311,3
2969012,9.874130714907743,7
2969020,9.821574046075314,8
2969035,9.6645061015421,15
2969050,9.572374099415843,15
2969064,9.725734740382856,14
2969074,9.826054585693944,10
2969083,9.817957175475968,9
2969092,9.82534267668901,9
2969093,10.0,1
2969104,9.79416054671183,11
2969110,9.903305892288694,6
2969122,9.738069378075462,12
2969128,9.887082839813997,6
2969129,9.988902111748999,1
2969130,10.0,1
2969133,9.961976241905745,3
2969144,9.67283804653875,11
2969151,9.84801888282674,7
2969161,9.784773231024264,10
2969172,9.78432879172688,11
2969184,9.742402805701596,12
2969189,9.91809335100322,5
2969197,9.828113799577407,8
2969201,9.833406202020518,4
2969210,9.851409170110845,9
2969217,9.837609008253764,7
2969229,9.75007100025046,12
2969239,9.818322068644198,10
2969245,9.886878493272231,6
2969261,9.676357510869806,16
2969271,9.796829491986147,10
2969277,9.912901099702907,6
2969290,9.709778237063738,13
2969303,9.719108525589853,13
2969313,9.77443129229492,10
2969315,9.980166359634428,2
2969324,9.796582341679743,9
2969325,10.0,1
2969328,9.955142467553262,3
2969340,9.73449883546575,12
2969341,9.99225873432503,1
2969344,9.967573628004097,3
2969347,9.961508713562237,3
2969352,9.90550796210199,5
2969357,9.924701693401165,5
2969365,9.837967977746926,8
2969373,9.823844901567917,8
2969374,10.0,1
2969380,9.912678938443662,6
2969392,9.718908995301664,12
2969400,9.864740727050199,8
2969411,9.762532966625093,11
2969422,9.776499729769904,11
2969434,9.75822520234597,12
2969442,9.847665508529158,8
2969449,9.878950075026063,7
2969458,9.823856890521224,9
2969469,9.673225395512937,11
2969475,9.88399828217138,6
2969486,9.552741775542994,11
2969491,9.915249731930965,5
2969501,9.812985696631092,10
2969502,10.0,1
2969507,9.922874744401922,5
2969519,9.733133689372714,12
2969526,9.871254050025351,7
2969538,9.720452772866114,12
2969549,9.775328845496393,11
2969559,9.778278123831644,10
2969569,9.78424371645085,10
2969570,10.0,1
2969576,9.907368827331833,6
2969584,9.836332037317717,8
2969591,9.86284914055905,7
2969592,10.0,1
2969595,9.959710131243996,3
2969608,9.775105480111044,13
2969612,9.953984837189484,4
2969624,9.739659602364155,12
2969629,9.907915722402988,5
2969643,9.679359653140805,14
2969650,9.894224373409475,7
2969663,9.715671248549032,13
2969666,9.967805591100376,3
2969671,9.917127507747777,5
2969682,9.760006656900126,11
2969687,9.915431866523345,5
2969688,10.0,1
2969700,9.736554654012833,12
2969706,9.877716369430905,6
2969714,9.830647148351007,8
2969717,9.9597334245882,3
2969718,10.0,1
2969728,9.826156160595495,10
2969734,9.903301122537673,6
2969742,9.857834751173971,8
2969755,9.759258273180317,13
2969762,9.880854198732031,7
2969777,9.659288059394369,15
2969784,9.891173923147116,7
2969794,9.837279597869358,10
2969806,9.767079925383864,12
2969815,9.79705950324004,9
2969824,9.788518861903702,9
2969831,9.876513813403813,7
2969832,10.0,1
2969841,9.839074684707956,9
2969850,9.691057986327559,9
2969857,9.866519721596305,7
2969858,10.0,1
2969869,9.754757432452836,11
2969886,9.613922101546676,17
2969890,9.75379470352135,4
2969905,9.643674907811771,15
2969911,9.906733283752686,6
2969912,10.0,1
2969921,9.833327452980162,9
2969929,9.839895088328808,8
2969936,9.84571787186379,7
2969940,9.93404739110839,4
2969948,9.871390351449785,8
2969960,9.734032039635373,12
2969972,9.715613020194402,12
2969973,10.0,1
2969974,10.0,1
2969983,9.797562053282146,9
2970001,9.570317605699517,18
2970013,9.74009475401368,12
2970023,9.758118518984189,10
2970032,9.799747625659707,9
2970038,9.904554363359408,6
2970057,9.553970048689116,19
2970066,9.5919260538073,9
2970077,9.774087936709632,11
2970085,9.846156467261833,8
2970087,9.769933169228143,2
2970089,9.977888010782738,2
2970100,9.752355496919291,11
2970110,9.812438752026164,10
2970122,9.54085234961265,12
2970126,9.933356748515486,4
2970129,9.959151689693023,3
2970137,9.82220088584315,8
2970144,9.864628372330735,7
2970157,9.729983195413324,13
2970170,9.747132519485586,13
2970183,9.72972661924368,13
2970197,9.501362855595572,14
2970198,10.0,1
2970203,9.925715267078884,5
2970217,9.749354071395896,14
2970220,9.951235697878305,3
2970236,9.182812014372688,16
2970244,9.871340231789237,8
2970258,9.685679317550337,14
2970259,9.988811041097586,1
2970271,9.77449605094745,12
2970286,9.665705276959137,15
2970293,9.884214793690688,7
2970298,9.916071674342563,5
2970307,9.83289758340987,9
2970308,10.0,1
2970317,9.819530252507732,9
2970328,9.795944015445178,11
2970336,9.835950774114913,8
2970348,9.74596785696981,12
2970358,9.803410834487115,10
2970371,9.61143935777092,13
2970381,9.813368667981313,10
2970386,9.927671697250771,5
2970395,9.809615732032576,9
2970403,9.84242577988959,8
2970406,9.969754629552966,3
2970415,9.816182886787852,9
2970428,9.734038657818484,13
2970440,9.776711047880584,12
2970451,9.768487676539094,11
2970460,9.845769177413386,9
2970469,9.828856026162978,9
2970477,9.853804047665438,8
2970484,9.870605537494379,7
2970492,9.856551760862725,8
2970496,9.938230581357521,4
2970512,9.638758698372099,16
2970526,9.672770613637043,14
2970538,9.781017145411395,12
2970544,9.892528718131167,6
2970547,9.963281428706479,3
2970556,9.80086446325936,9
2970564,9.819189691470042,8
2970565,10.0,1
2970573,9.860439840346741,8
2970581,9.858987791975974,8
2970582,10.0,1
2970587,9.914870587010949,5
2970596,9.80769770102989,9
2970603,9.869131651451605,7
2970616,9.70873751900172,13
2970619,9.954202285205344,3
2970622,9.957370964625827,3
2970623,10.0,1
2970633,9.784671684993778,10
2970637,9.92937423887236,4
2970647,9.76919027370131,10
2970648,10.0,1
2970660,9.719586625752388,12
2970665,9.918513362330772,5
2970675,9.79146885379432,10
2970680,9.92328618080677,5
2970696,9.634273688375218,16
2970701,9.910118653705652,5
2970713,9.742539344489213,12
2970722,9.811117087818396,9
2970730,9.844127256052053,8
2970744,9.680652630199317,14
2970752,9.847526349412185,8
2970769,9.620301234435653,17
2970772,9.96642392628492,3
2970787,9.712431962331598,15
2970788,10.0,1
2970800,9.76068879167253,12
2970808,9.862152284581432,8
2970820,9.733774303464012,12
2970830,9.78088543565681,10
2970848,9.488829402111952,18
2970864,9.664050721425593,16
2970868,9.945457885136026,4
2970869,10.0,1
2970881,9.742514256142078,12
2970891,9.763385874823951,10
2970898,9.856574891892594,7
2970899,9.996363973691292,1
2970905,9.900328995040352,6
2970915,9.78656652143506,10
2970924,9.8395559638581,9
2970933,9.81505539064062,9
2970941,9.844193455303381,8
2970954,9.684925688767171,13
2970957,9.94758467553321,3
2970972,9.693921165879507,15
2970980,9.854060973634322,8
2970997,9.632913274113697,17
2971006,9.814867354158558,9
2971020,9.713539013528818,14
2971030,9.796146461019188,10
2971046,9.674550985366562,16
2971054,9.827696955369056,8
2971066,9.746406199806097,12
2971073,9.852581207182292,7
2971079,9.908694399972381,6
2971090,9.743219000092981,11
2971095,9.914685877391731,5
2971108,9.702138408170208,13
2971110,9.976700091503961,2
2971113,9.96364715788778,3
2971129,9.648958482042309,16
2971131,9.969798903304401,2
2971144,9.729798768777156,13
2971152,9.858636148836725,8
2971153,9.990127417151177,1
2971156,9.968391557248118,3
2971165,9.824281165473948,9
2971167,9.985571446455806,2
2971176,9.82700293218547,9
2971192,9.553155119151905,16
2971205,9.714810351093293,13
2971213,9.849679262274103,8
2971224,9.791671171005444,11
2971242,9.642985063681774,18
2971251,9.831287567126859,9
2971261,9.820315518228869,10
2971262,10.0,1
2971269,9.878234619473487,7
2971270,10.0,1
2971280,9.772410477385666,10
2971287,9.869438030353386,7
2971291,9.935588396339227,4
2971303,9.768472715527341,12
2971314,9.75302450659071,11
2971327,9.712943453614665,13
2971338,9.771527861686774,11
2971350,9.741889460563703,12
2971357,9.879546723511286,7
2971371,9.708245699776127,14
2971392,9.504129806907489,21
2971402,9.793214990666948,10
2971412,9.78649934434716,10
2971413,10.0,1
2971420,9.852236062165938,7
2971430,9.809304109355885,10
2971441,9.800118259450418,11
2971453,9.734464315256487,12
2971462,9.857852488286511,9
2971471,9.824925691446712,9
2971480,9.816649771028537,9
2971488,9.858714852975439,8
2971501,9.712252018120036,13
2971511,9.78343907770991,10
2971521,9.776324348014509,10
2971535,9.481699615739318,14
2971545,9.813221610480376,10
2971552,9.87571206942058,7
2971561,9.826404890577559,9
2971571,9.793105976491825,10
2971588,9.60865269291283,17
2971589,9.996598106197416,1
2971592,9.953396639736626,3
2971603,9.787044866350188,11
2971614,9.742553559552222,11
2971622,9.87297028858495,8
2971628,9.900399211209628,6
2971635,9.875136862266007,7
2971637,9.981247229370474,2
2971648,9.804009527509068,11
2971665,9.586169338930258,17
2971676,9.756818904853082,11
2971681,9.918522364242845,5
2971688,9.86109015087959,7
2971696,9.8424671989346,8
2971700,9.945068847963794,4
2971710,9.80370408579023,10
2971719,9.824179153772606,9
2971734,9.668064597795043,15
2971747,9.698577454932991,13
2971749,9.980169250761035,2
2971759,9.774601058094232,10
2971769,9.79889545007155,10
2971782,9.708079088762467,13
2971793,9.777985245303407,11
2971798,9.92808387427378,5
2971804,9.900706388981304,6
2971811,9.901796510487427,7
2971821,9.781817330650997,10
2972321,-17.10794951820016,500
2972329,9.832248957048789,8
2972335,9.902387366931912,6
2972336,9.992951941852212,1
2972348,9.755826383124733,12
2972354,9.900329421778538,6
2972355,10.0,1
2972366,9.752052005356857,11
2972375,9.815629927791269,9
2972384,9.83385469032006,9
2972397,9.720523911006229,13
2972403,9.882703620920548,6
2972407,9.94487086230868,4
2972415,9.85635893217326,8
2972416,10.0,1
2972432,9.646216698936279,16
2972437,9.929361744982332,5
2972445,9.852105732537577,8
2972446,10.0,1
2972459,9.725232529597898,13
2972468,9.827589529959559,9
2972479,9.77598723469617,11
2972486,9.869970020619377,7
2972499,9.713139165772283,13
2972507,9.854367087318723,8
2972513,9.876985299634109,6
2972521,9.863614516263972,8
2972529,9.85834584671702,8
2972543,9.683559796964518,14
2972553,9.808355473561939,10
2972571,9.570599502470692,18
2972581,9.786228037073618,10
2972583,9.977351198979326,2
2972592,9.823593655971578,9
2972604,9.729250108928285,12
2972608,9.941403802183915,4
2972628,9.330893986430416,20
2972636,9.842546015227995,8
2972645,9.818885576318229,9
2972649,9.93844521064538,4
2972671,9.459539878048371,22
2972678,9.868827433690727,7
2972685,9.8779861766216,7
2972687,9.971650917066087,2
2972691,9.938435405785594,4
2972698,9.859528954794989,7
2972704,9.883464906890099,6
2972712,9.866057285808248,8
2972724,9.747590510131833,12
2972730,9.882099649931666,6
2972739,9.805627728557017,9
2972756,9.603946026610673,17
2972764,9.836572360007608,8
2972768,9.93685249804933,4
2972777,9.85954217508386,9
2972787,9.814714166801263,10
2972795,9.854710759773313,8
2972814,9.557508020751884,19
2972824,9.824277409569207,10
2972834,9.848824616598723,10
2972847,9.716252629575635,13
2972860,9.74418714054996,13
2972873,9.726806183491409,13
2972881,9.86213064902257,8
2972891,9.809430480944739,10
2972894,9.970591937733978,3
2972895,10.0,1
2972903,9.857731403030899,8
2972910,9.879785802088872,7
2972920,9.794459151610978,10
2972926,9.879755775652006,6
2972937,9.754803516496745,11
2972953,9.652243680918584,16
2972954,10.0,1
2972962,9.840828609819413,8
2972969,9.869793290785319,7
2972975,9.878563305495819,6
2972980,9.916997855520997,5
2972990,9.80365457492688,10
2973004,9.692567048582644,14
2973012,9.828080108737757,8
2973021,9.863838815206934,9
2973030,9.820979290038977,9
2973031,10.0,1
2973039,9.860246159489678,8
2973043,9.953188690933846,4
2973049,9.895130747675582,6
2973062,9.726408222713813,13
2973070,9.888588004727945,8
2973075,9.917191383101997,5
2973081,9.925031848540057,6
2973092,9.74475277684389,11
2973097,9.9365916718754,5
2973102,9.920320703371004,5
2973103,9.996732680673977,1
2973117,9.582382452143074,14
2973130,9.716522810094537,13
2973139,9.818792525639923,9
2973143,9.941107612325288,4
2973157,9.712660646151274,14
2973164,9.889914125725598,7
2973168,9.955948308435007,4
2973172,9.954113329613829,4
2973186,9.77962265575922,14
2973198,9.740153555845058,12
2973207,9.818843273945888,9
2973208,9.996099079740796,1
2973220,9.742748845926503,12
2973221,10.0,1
2973223,9.972519647550381,2
2973228,9.918945352398838,5
2973235,9.858738347331311,7
2973238,9.954858010920933,3
2973242,9.939078967554376,4
2973249,9.85167857600981,7
2973258,9.822948855369432,9
2973266,9.82760568223,8
2973276,9.804754597900784,10
2973279,9.968226783334345,3
2973280,10.0,1
2973294,9.664906721705814,14
2973298,9.948741623004107,4
2973309,9.787691465104857,11
2973324,9.524431266876244,15
2973326,9.975630000157794,2
2973334,9.846035851608482,8
2973343,9.816904653882373,9
2973358,9.691872031449458,15
2973369,9.769524433141479,11
2973370,9.9885917722914,1
2973379,9.835330999533497,9
2973387,9.846636620734579,8
2973388,10.0,1
2973389,10.0,1
2973400,9.773055087596205,11
2973410,9.799723636544293,10
2973419,9.831110488195394,9
2973428,9.824743114020098,9
2973440,9.76336240073491,12
2973452,9.75654878230801,12
2973454,9.984091902022977,2
2973465,9.776914953171634,11
2973473,9.848193730229445,8
2973484,9.778129275856731,11
2973489,9.902085694041205,5
2973504,9.65512153963808,15
2973512,9.8323966411672,8
2973519,9.852716345333018,7
2973522,9.962937099113223,3
2973527,9.914873073698525,5
2973531,9.9448438945867,4
2973532,10.0,1
2973545,9.704465345034244,13
2973550,9.926302014771762,5
2973560,9.763144235304333,10
2973576,9.675358034193513,16
2973579,9.953271496951421,3
2973580,10.0,1
2973593,9.71829203661053,13
2973599,9.880159364979649,6
2973600,10.0,1
2973614,9.652595080328924,14
2973619,9.908743401106312,5
2973624,9.905660363558965,5
2973625,10.0,1
2973634,9.831666872132804,9
2973638,9.935555713508762,4
2973642,9.936328169089792,4
2973652,9.790037976624314,10
2973659,9.875247280731148,7
2973662,9.954300386025768,3
2973667,9.922327073691253,5
2973673,9.90345333092691,6
2973678,9.922471531677587,5
2973681,9.967694885496927,3
2973686,9.910532034131284,5
2973697,9.758642109805646,11
2973708,9.77774188521535,11
2973712,9.940775985342261,4
2973726,9.665980359273936,14
2973730,9.94973197130416,4
2973736,9.890246418469069,6
2973746,9.784895304975933,10
2973756,9.77823847068194,10
2973761,9.801900203581306,5
2973766,9.941101359237729,5
2973770,9.95699283701597,4
2973779,9.837848667628087,9
2973785,9.896105350304945,6
2973792,9.864639011140577,7
2973794,9.970855718978173,2
2973802,9.846423533859523,8
2973814,9.740746421392611,12
2973822,9.819516318730994,8
2973833,9.801106374954449,11
2973836,9.968893325633749,3
2973848,9.766249839683985,12
2973854,9.905367031825014,6
2973855,10.0,1
2973872,9.614392475419923,17
2973883,9.791417411107778,11
2973888,9.92317431806804,5
2973895,9.857468188540903,7
2973902,9.898199288753235,7
2973910,9.866385185193915,8
2973923,9.613315686267937,13
2973924,10.0,1
2973931,9.870093015488962,7
2973943,9.648848875859974,12
2973947,9.934025661827375,4
2973956,9.730048494186219,9
2973957,10.0,1
2973966,9.809286609929984,9
2973978,9.74433832509728,12
2973983,9.938023817299527,5
2973994,9.748274747037243,11
2973995,10.0,1
2973998,9.769312715350008,3
2974006,9.81552782397046,8
2974010,9.932533309279387,4
2974015,9.922198878690063,5
2974030,9.643796634094928,15
2974038,9.842031704287182,8
2974051,9.683481889932713,13
2974053,9.979409180752294,2
2974066,9.734415785534207,13
2974076,9.816327542626107,10
2974087,9.751049954653675,11
2974104,9.596795960957687,17
2974112,9.83801282662963,8
2974122,9.805149629270417,10
2974123,10.0,1
2974135,9.761869576346564,12
2974144,9.817195662668652,9
2974152,9.851939380722044,8
2974157,9.924092077897253,5
2974158,10.0,1
2974159,10.0,1
2974170,9.785720021377038,11
2974175,9.922639055485647,5
2974178,9.966435208076064,3
2974183,9.939740897678533,5
2974188,9.912932242661734,5
2974204,9.657176448443156,16
2974216,9.77701700210604,12
2974222,9.901271638462617,6
2974229,9.864925069507203,7
2974248,9.524716038014992,19
2974257,9.795774956259857,9
2974261,9.94987309622198,4
2974272,9.652287607986883,11
2974283,9.757537406112114,11
2974295,9.745597095247607,12
2974305,9.80646334022088,10
2974309,9.952218347340061,4
2974320,9.764687194826013,11
2974336,9.702666855154646,16
2974342,9.885361377596952,6
2974345,9.952058037816435,3
2974349,9.927636815297321,4
2974356,9.858120237082925,7
2974357,10.0,1
2974359,9.980426770768815,2
2974362,9.664233656172481,3
2974371,9.820662030342431,9
2974372,9.989492223512947,1
2974387,9.671816177448337,15
2974391,9.946986467954424,4
2974399,9.875832578256457,8
2974400,10.0,1
2974415,9.665511213693367,15
2974426,9.797479407918852,11
2974438,9.805902534125213,12
2974445,9.865614944570284,7
2974452,9.88399770394919,7
2974456,9.936031992024997,4
2974463,9.901436028771396,7
2974469,9.892009585641137,6
2974481,9.725368693427871,12
2974487,9.904704343874181,6
2974495,9.862676052544602,8
2974505,9.776980845813025,10
2974512,9.892641451410626,7
2974517,9.917958176560514,5
2974530,9.624082446817464,13
2974531,9.99213751291717,1
2974540,9.80824670874365,9
2974551,9.799462181671014,11
2974556,9.915898974736876,5
2974564,9.85270003666552,8
2974580,9.518433706253344,16
2974589,9.817158387044309,9
2974590,9.993000091687472,1
2974594,9.932485136956531,4
2974604,9.793430038056666,10
2974613,9.841254633809827,9
2974626,9.730279245403027,13
2974632,9.893388333844554,6
2974646,9.69371809902375,14
2974661,9.7148759493506,15
2974675,9.736289938909847,14
2974684,9.835983528388889,9
2974695,9.766061774686902,11
2974704,9.79287791189583,9
2974716,9.72557280694669,12
2974723,9.899240931104675,7
2974728,9.914075450768845,5
2974742,9.700537918379522,14
2974745,9.961027815026167,3
2974760,9.666358013973147,15
2974769,9.856649097302624,9
2974774,9.91482274897116,5
2974784,9.79370653101804,10
2974796,9.74237006776046,12
2974800,9.94641841538483,4
2974811,9.77682599688453,11
2974820,9.8076065925822,9
2974830,9.768371712359757,10
2974848,9.650972695683716,18
2974861,9.72143678465464,13
2974863,9.983429378952856,2
2974878,9.65554057891584,15
2974880,9.981772696301105,2
2974892,9.770313594388956,12
2974898,9.891798891966056,6
2974913,9.665747617444099,15
2974918,9.920181619453635,5
2974934,9.554059906370144,16
2974948,9.300279651986639,14
2974956,9.844228830212671,8
2974964,9.855249883266255,8
2974968,9.935285671729506,4
2974978,9.67438678089507,10
2974991,9.721286748393684,13
2974997,9.883517135028232,6
2975001,9.949758395549084,4
2975008,9.876795031971962,7
2975015,9.901858263047451,7
2975022,9.856093775473678,7
2975036,9.72118488491094,14
2975050,9.700303286212915,14
2975063,9.705036612054647,13
2975079,9.648864405971262,16
2975082,9.959932104392722,3
2975090,9.84752312187933,8
2975097,9.85908794232055,7
2975107,9.84017369799503,10
2975108,10.0,1
2975122,9.714273589044643,14
2975136,9.689475366157524,14
2975154,9.592232848574104,18
2975155,9.992397829831496,1
2975157,9.980576543689681,2
2975169,9.765483058842987,12
2975182,9.702180199430954,13
2975188,9.913735680022626,6
2975196,9.845491302698917,8
2975206,9.788921919350305,10
2975219,9.693658685566586,13
2975220,10.0,1
2975228,9.838633123885655,8
2975232,9.945028428880155,4
2975233,9.99653949515729,1
2975235,9.981066532154925,2
2975246,9.775284233153965,11
2975255,9.82744013062906,9
2975262,9.85301079158026,7
2975275,9.727889879926579,13
2975291,9.673188297954969,16
2975298,9.865601578531935,7
2975306,9.839566424071833,8
2975320,9.664921736224711,14
2975327,9.865386451213254,7
2975338,9.749502210682671,11
2975348,9.782475040504155,10
2975361,9.697782672503344,13
2975380,9.61744613074956,19
2975381,10.0,1
2975392,9.799141510360604,11
2975395,9.962934845678896,3
2975402,9.871645242420628,7
2975415,9.713367446198596,13
2975428,9.73270769287288,13
2975436,9.837463363956124,8
2975446,9.787907420777977,10
2975456,9.788275916627544,10
2975458,9.970800476353153,2
2975464,9.889270546468222,6
2975477,9.737244682876494,13
2975481,9.932804088383165,4
2975483,9.983916520187393,2
2975485,9.974674817356492,2
2975486,10.0,1
2975489,9.96313572378324,3
2975498,9.811722703759987,9
2975509,9.751131297219798,11
2975518,9.808235217302201,9
2975526,9.832032687128795,8
2975535,9.819283726304175,9
2975543,9.862590975840916,8
2975558,9.707473431594279,15
2975572,9.722973633974217,14
2975588,9.641194897921583,16
2975601,9.695748227210236,13
2975615,9.677129929912239,14
2975623,9.834428367802108,8
2975635,9.723621203617322,12
2975644,9.807436472486776,9
2975647,9.95672807822091,3
2975656,9.794938992270271,9
2975657,10.0,1
2975674,9.648330961528073,17
2975675,10.0,1
2975689,9.66216595264471,14
2975698,9.83431620955442,9
2975699,10.0,1
2975700,10.0,1
2975712,9.766053369674347,12
2975722,9.777201278221064,10
2975723,9.98940018811269,1
2975729,9.906704167880518,6
2975730,9.988541598638218,1
2975741,9.762150069672423,11
2975743,9.973757351782668,2
2975751,9.842734601363194,8
2975763,9.745870609733272,12
2975768,9.938380914445812,5
2975769,10.0,1
2975780,9.800704231773775,11
2975790,9.826136753186933,10
2975799,9.822879016127471,9
2975809,9.805867052626274,10
2975810,10.0,1
2975817,9.8786361627942,7
2975828,9.757155062059558,11
2975841,9.770603226046818,13
2975851,9.806847039892599,10
2975866,9.68100654092372,15
2975870,9.947131105393499,4
2975879,9.81716982103132,9
2975891,9.742767573008214,12
2975902,9.736576203533787,11
2975912,9.806966886493989,10
2975920,9.871506353863795,8
2975927,9.869239480409242,7
2975928,10.0,1
2975929,9.993095625762008,1
2975942,9.740637586914012,13
2975945,9.955029151519167,3
2975954,9.822256550302166,9
2975969,9.687408924145705,15
2975974,9.907701499955472,5
2975985,9.762533230268593,11
2975996,9.776809139259635,11
2976001,9.918894481658674,5
2976011,9.795668216791801,10
2976020,9.831371328072297,9
2976031,9.74613098467669,11
2976037,9.89462805250721,6
2976045,9.841019215622705,8
2976053,9.851225002370219,8
2976055,9.973991277237,2
2976061,9.89608618493591,6
2976070,9.84338518640708,9
2976074,9.944446468147696,4
2976081,9.860216637282742,7
2976091,9.811058053895131,10
2976100,9.814009061247289,9
2976107,9.881835605130192,7
2976121,9.67850833086155,14
2976126,9.914507431370259,5
2976133,9.848643451511219,7
2976146,9.689519132248114,13
2976150,9.937669789271911,4
2976156,9.879826248847232,6
2976165,9.800976091838242,9
2976171,9.892539377510037,6
2976179,9.848533515428134,8
2976188,9.805534929545667,9
2976196,9.84932729790905,8
2976206,9.801052888936876,10
2976219,9.7064892266257,13
2976220,10.0,1
2976221,10.0,1
2976233,9.738923733331612,12
2976240,9.88355376897803,7
2976252,9.777029838439107,12
2976262,9.799172648754956,10
2976263,10.0,1
2976277,9.669441082768506,14
2976283,9.89222573149836,6
2976293,9.799927824341728,10
2976302,9.807599595565968,9
2976314,9.768126583987467,12
2976331,9.579999030438364,17
2976342,9.762575960841511,11
2976343,10.0,1
2976354,9.67191584806098,11
2976357,9.966154750768423,3
2976377,9.4924096495987,20
2976387,9.789593982901343,10
2976399,9.794710230453468,12
2976400,9.987879400165736,1
2976412,9.75533605425554,12
2976413,10.0,1
2976414,10.0,1
2976426,9.749750403599654,12
2976441,9.669638039042335,15
2976456,9.679056847075248,15
2976463,9.858513201665131,7
2976469,9.907257206816764,6
2976474,9.920400556756974,5
2976483,9.846021514738554,9
2976492,9.840020510212371,9
2976502,9.791413238826532,10
2976509,9.908167035473994,7
2976519,9.807446429567444,10
2976524,9.913006605472736,5
2976536,9.735202238309745,12
2976539,9.961373960193399,3
2976544,9.931933200696216,5
2976550,9.916576846881656,6
2976557,9.87498254503628,7
2976563,9.880949239739184,6
2976566,9.967409020496678,3
2976577,9.766299888380017,11
2976586,9.832985008271466,9
2976598,9.725585853824182,12
2976608,9.78752314309241,10
2976620,9.72929129463923,12
2976624,9.931466451528694,4
2976633,9.83737283461532,9
2976642,9.811268531088254,9
2976654,9.725682757338026,12
2976666,9.754085804243779,12
2976679,9.723675760216922,13
2976691,9.753585701100397,12
2976706,9.677201354797473,15
2976707,9.989479378358729,1
2976713,9.88708503795053,6
2976723,9.778311898295994,10
2976727,9.943802377030083,4
2976735,9.825974734445593,8
2976746,9.773163063769314,11
2976757,9.799382040362067,11
2976767,9.801119508019765,10
2976768,10.0,1
2976774,9.882768005304692,6
2976785,9.772832753535772,11
2976800,9.653073903191208,15
2976819,9.586152677838914,19
2976835,9.645830178251092,16
2976852,9.596297109443425,17
2976863,9.790444909859248,11
2976875,9.749653850100655,12
2976903,9.46136811092936,28
2976909,9.91305965760087,6
2976915,9.89122397360674,6
2976925,9.790943512130259,10
2976931,9.92446282070477,6
2976940,9.820131102925973,9
2976954,9.712695142379047,14
2976964,9.799258812706157,10
2976968,9.93793749091624,4
2976979,9.787424194315419,11
2976989,9.80246675805201,10
2977001,9.733152999229244,12
2977013,9.763756371012738,12
2977021,9.859961896423737,8
2977025,9.952682311757389,4
2977030,9.916215548740801,5
2977043,9.701864645291824,13
2977056,9.741936765668127,13
2977079,5.556863666869178,23
2977094,9.701698802588426,15
2977096,9.967556342061162,2
2977105,9.838405117219262,9
2977114,9.813248884053175,9
2977121,9.881326424927304,7
2977135,9.702203698231312,14
2977149,9.684313956415076,14
2977159,9.815776018147517,10
2977172,9.70866660739297,13
2977182,9.787709826263374,10
2977191,9.822711702707043,9
2977193,9.972374566379687,2
2977203,9.805581269788366,10
2977215,9.739768026608816,12
2977216,10.0,1
2977221,9.913899557145967,5
2977229,9.832468778531043,8
2977233,9.928440698956276,4
2977238,9.923108741852305,5
2977251,9.713066365016513,13
2977259,9.842214905807399,8
2977268,9.831892678154025,9
2977274,9.882348420646581,6
2977278,9.928750033150417,4
2977290,9.73795776158952,12
2977301,9.832999027432878,11
2977302,10.0,1
2977309,9.890820328935462,7
2977320,9.766603023767816,11
2977321,10.0,1
2977329,9.836607722948926,8
2977334,9.926546836818277,5
2977343,9.826974907122544,9
2977352,9.826889898246908,9
2977353,10.0,1
2977358,9.924176840346899,5
2977367,9.834500676014759,9
2977380,9.702867709727386,13
2977390,9.807645648891857,10
2977396,9.891943519435035,6
2977401,9.905746876432133,5
2977418,9.665140913065997,17
2977419,10.0,1
2977434,9.686510524755862,15
2977442,9.831215207073058,8
2977449,9.864148909319386,7
2977454,9.916283121293347,5
2977462,9.824710799238664,8
2977479,9.5961308096538,17
2977490,9.752060255676193,11
2977498,9.843466348380355,8
2977511,9.715758736688352,13
2977513,9.979761419399551,2
2977520,9.892114286915765,7
2977521,10.0,1
2977532,9.557189450143108,11
2977536,9.948115847563981,4
2977540,9.929124887189573,4
2977544,9.938957555313635,4
2977545,9.988849581160357,1
2977559,9.703900929792889,14
2977562,9.950949886618623,3
2977571,9.807764187972676,9
2977574,9.965605334886524,3
2977581,9.889507510753626,7
2977590,9.829428807229611,9
2977596,9.919599941037664,6
2977605,9.799274905405323,9
2977616,9.782460113090222,11
2977627,9.6627680696505,11
2977635,9.847885089590944,8
2977639,9.856187968653416,4
2977650,9.75527708263932,11
2977661,9.762341132219982,11
2977669,9.882653730625675,8
2977680,9.668728113554783,11
2977691,9.536655145438596,11
2977696,9.921589497908183,5
2977704,9.863375990990995,8
2977712,9.8273478871365,8
2977716,9.941518826971325,4
2977725,9.815489394786978,9
2977732,9.845925665649881,7
2977746,9.735968184866003,14
2977757,9.674372286024454,11
2977758,10.0,1
2977767,9.827131180550676,9
2977775,9.8628668803392,8
2977784,9.83913247579388,9
2977798,9.529932775295679,14
2977805,9.86054292068417,7
2977810,9.918636696813243,5
2977817,9.87642630829318,7
2977818,10.0,1
2977826,9.834976209195585,8
2977830,9.951335702129072,4
2977837,9.890779254682451,7
2977843,9.91186338569836,6
2977850,9.883205609565456,7
2977861,9.771293223739812,11
2977862,10.0,1
2977868,9.678804384833441,6
2977876,9.83849199601154,8
2977884,9.842595959259246,8
2977896,9.748649146148177,12
2977908,9.73634836886211,12
2977914,9.889367461422893,6
2977922,9.852089178307262,8
2977932,9.805157304055372,10
2977941,9.82072690526416,9
2977956,9.668967091072783,15
2977965,9.81988411437196,9
2977975,9.773454783384281,10
2977985,9.81089217606633,10
2977994,9.821666337444691,9
2978007,9.706079029363792,13
2978021,9.650426600597239,14
2978031,9.783612231184565,10
2978035,9.93774438081591,4
2978048,9.736009821310649,13
2978053,9.911260797023516,5
2978058,9.939945468949798,5
2978068,9.799455380489372,10
2978073,9.912720864042498,5
2978084,9.787174352568863,11
2978090,9.884560590665757,6
2978109,9.572372362215495,19
2978116,9.901436915285508,7
2978120,9.951987115443616,4
2978121,10.0,1
2978131,9.79438358840799,10
2978142,9.762452064009912,11
2978149,9.881377938460677,7
2978152,9.95703789138614,3
2978158,9.896731401957506,6
2978168,9.794233622081045,10
2978176,9.849083825409213,8
2978182,9.90247441605129,6
2978190,9.859489448003377,8
2978196,9.893567177722101,6
2978209,9.694962176708104,13
2978213,9.944162998427126,4
2978223,9.781783445957254,10
2978230,9.860696449766314,7
2978243,9.710773159277664,13
2978247,9.940046370189181,4
2978257,9.828374194729237,10
2978261,9.950461880018247,4
2978264,9.971873620036327,3
2978278,9.696076792662138,14
2978281,9.951842778755355,3
2978282,10.0,1
2978288,9.90368289707273,6
2978301,9.739578327737208,13
2978311,9.834099072668167,10
2978315,9.946590116982389,4
2978316,10.0,1
2978319,9.967455460468862,3
2978323,9.931716438555668,4
2978324,9.989449021047557,1
2978330,9.878470541171502,6
2978338,9.831436268969837,8
2978339,9.99664254152063,1
2978347,9.84738070168963,8
2978357,9.787231903449445,10
2978361,9.93261728885937,4
2978371,9.777397773106328,10
2978381,9.766188521440593,10
2978392,9.764867482059461,11
2978398,9.919086283989918,6
2978409,9.766901307238262,11
2978420,9.77643821431913,11
2978431,9.72511356657839,11
2978438,9.861247582375222,7
2978447,9.828416140893552,9
2978471,9.45076366410336,24
2978483,9.728182799625316,12
2978484,10.0,1
2978496,9.730895077600312,12
2978499,9.955228738997876,3
2978506,9.876016540754325,7
2978507,10.0,1
2978511,9.945718349238872,4
2978516,9.91177209909742,5
2978530,9.683262373389558,14
2978542,9.779769067074096,12
2978549,9.87558074336366,7
2978558,9.804168593160307,9
2978567,9.805276855224038,9
2978572,9.899585682851331,5
2978573,10.0,1
2978580,9.871903801645423,7
2978589,9.803214096516111,9
2978600,9.581759106548986,11
2978604,9.946334658088693,4
2978607,9.949072942600635,3
2978617,9.791597373112575,10
2978628,9.738712460190289,11
2978640,9.752516671401809,12
2978646,9.881364225824425,6
2978651,9.909892295964394,5
2978660,9.821656463162814,9
2978672,9.729170273952956,12
2978680,9.845498755349567,8
2978686,9.89370173569398,6
2978698,9.730984505235975,12
2978699,9.996564463655034,1
2978707,9.843198235889824,8
2978715,9.839237196231974,8
2978721,9.892267026235423,6
2978733,9.712508722916725,12
2978745,9.712143333528587,12
2978746,10.0,1
2978759,9.74435367465443,13
2978764,9.92086304383881,5
2978765,10.0,1
2978766,10.0,1
2978769,9.965031357907984,3
2978781,9.713446340333178,12
2978786,9.907870583599086,5
2978787,10.0,1
2978793,9.905865516948209,6
2978797,9.940282157510621,4
2978803,9.892290421412422,6
2978810,9.86609698557462,7
2978827,9.60438360937497,17
2978838,9.743057067844346,11
2978850,9.74210935259708,12
2978856,9.897219246189458,6
2978862,9.596712114755608,6
2978863,9.993251686229353,1
2978875,9.749575103994296,12
2978876,10.0,1
2978889,9.733643544548908,13
2978898,9.793581198758734,9
2978905,9.85556425661635,7
2978909,9.931441544852296,4
2978923,9.6866558203714,14
2978924,10.0,1
2978930,9.904949440018632,6
2978943,9.721708216214578,13
2978950,9.869865008194022,7
2978958,9.873854884463556,8
2978963,9.916722424642451,5
2978971,9.859465746287135,8
2978983,9.78546836552923,12
2978985,9.973851348275161,2
2978992,9.866076219763828,7
2978997,9.914686285010998,5
2978998,10.0,1
2979013,9.702275632992725,15
2979025,9.774378307746446,12
2979028,9.947212171900864,3
2979037,9.800887463105285,9
2979044,9.843775144660249,7
2979046,9.974123969483692,2
2979058,9.737072152101895,12
2979060,9.971859550087817,2
2979065,9.91756321867946,5
2979077,9.727506175510522,12
2979084,9.869860813547703,7
2979085,10.0,1
2979096,9.756825304036889,11
2979105,9.826660622244217,9
2979118,9.73895441650252,13
2979124,9.885295476275903,6
2979137,9.713272772528573,13
2979138,10.0,1
2979146,9.820485270106467,8
2979153,9.877484422106562,7
2979154,10.0,1
2979170,9.64004844006632,16
2979173,9.959216510906693,3
2979181,9.85744924052623,8
2979192,9.750438122923002,11
2979199,9.874150030600283,7
2979203,9.92770507814831,4
2979210,9.865209677581731,7
2979226,9.628386574330875,16
2979237,9.801804332537088,11
2979243,9.915004266933913,6
2979262,9.47417640760697,19
2979274,9.729043133306162,12
2979278,9.929176732692317,4
2979286,9.849700932418465,8
2979292,9.885372922544347,6
2979301,9.819247341599763,9
2979313,9.746051754855793,12
2979320,9.8994600311783,7
2979327,9.872530659164516,7
2979330,9.963148139291567,3
2979338,9.84185299635554,8
2979346,9.850833970456614,8
2979356,9.799819681001816,10
2979367,9.791888847193976,11
2979372,9.909427300421328,5
2979392,7.574422899391375,20
2979395,9.960611784053578,3
2979403,9.84697786399256,8
2979412,9.827270641654675,9
2979413,10.0,1
2979416,9.965556674963896,3
2979427,9.75601287730674,11
2979442,9.702152281299016,15
2979454,9.726265460742546,12
2979461,9.855762063721505,7
2979468,9.876663885112821,7
2979480,9.71796195553272,12
2979493,9.722077265375958,13
2979501,9.844324315008006,8
2979509,9.832363277926685,8
2979516,9.87933972964469,7
2979523,9.869440443564399,7
2979539,9.689192684363238,16
2979543,9.944561439310638,4
2979551,9.829882385454285,8
2979556,9.915672864124792,5
2979570,9.701815409442341,14
2979579,9.832381269006845,9
2979583,9.941473841249689,4
2979589,9.914551253352021,6
2979605,9.62480555727485,16
2979614,9.813431005182505,9
2979626,9.71284643260093,12
2979636,9.784446915675431,10
2979643,9.875768333812166,7
2979660,9.626663125474739,17
2979671,9.558913160967174,11
2979677,9.89541805865972,6
2979685,9.871031754995332,8
2979705,9.616391230940561,20
2979712,9.881318349986651,7
2979725,9.722925266347778,13
2979741,9.61814126614904,16
2979750,9.827468197788747,9
2979758,9.84894161070282,8
2979764,9.897471746136254,6
2979770,9.898297976124226,6
2979777,9.875354091847344,7
2979780,9.95928836682784,3
2979800,9.563679506586446,20
2979804,9.948516241509054,4
2979814,9.808309460911925,10
2979834,9.608788236693142,20
2979846,9.753829130366697,12
2979854,9.8370431373808,8
2979857,9.965866976988723,3
2979862,9.91453767986596,5
2979873,9.675573976489963,11
2979876,9.956986879239151,3
2979888,9.744859046773094,12
2979899,9.780151874216227,11
2979912,9.7073330543424,13
2979919,9.860581665905327,7
2979931,9.741346147667723,12
2979934,9.965493526742168,3
2979943,9.853607259927147,9
2979962,9.555991745555511,19
2979963,10.0,1
2979977,9.685150537582759,14
2979983,9.896521107249862,6
2979992,9.845103841356002,9
2979997,9.920667608042667,5
2980009,9.744620906613033,12
2980019,9.832694506586368,10
2980032,9.595702426526069,13
2980047,9.682550711836926,15
2980056,9.837743247788433,9
2980066,9.792560348041315,10
2980067,10.0,1
2980075,9.834604246899952,8
2980087,9.729846420551716,12
2980095,9.852807259290405,8
2980103,9.84580126673323,8
2980113,9.789538111739198,10
2980126,9.727274505940647,13
2980146,9.584257369384167,20
2980163,9.599003327624375,17
2980173,9.782286865454463,10
2980186,9.691350021426414,13
2980192,9.891559104736732,6
2980201,9.840013048601213,9
2980216,9.649237495601206,15
2980217,10.0,1
2980223,9.899978258489044,6
2980237,9.701955994107772,14
2980252,9.678650267982254,15
2980262,9.781353363986339,10
2980264,9.977779607608378,2
2980270,9.901819159935954,6
2980271,9.99639928854084,1
2980276,9.927585112041275,5
2980283,9.88281257011747,7
2980293,9.795866513571594,10
2980306,9.725418140447806,13
2980315,9.608061612645054,9
2980320,9.91202225930361,5
2980321,9.989398643865611,1
2980322,10.0,1
2980329,9.881772090462132,7
2980344,9.67050794133573,15
2980352,9.835475507407349,8
2980367,9.645466528410854,15
2980376,9.818515108421755,9
2980378,9.97549159612345,2
2980387,9.828604901000041,9
2980389,9.972918118507067,2
2980396,9.873781184933131,7
2980406,9.780227836298304,10
2980422,9.42423249675765,16
2980437,9.673697211993524,15
2980438,10.0,1
2980439,10.0,1
2980445,9.903480324659057,6
2980446,10.0,1
2980448,9.969971149314265,2
2980458,9.792977188764207,10
2980462,9.941317730679803,4
2980481,9.58195204479384,19
2980494,9.6939155561395,13
2980507,9.714058168643259,13
2980519,9.766304370177082,12
2980526,9.884932226355067,7
2980529,9.968509145670122,3
2980532,9.953221609512116,3
2980545,9.703005107222506,13
2980546,10.0,1
2980563,9.605781144656481,17
2980573,9.812402733066822,10
2980579,9.92882086846335,6
2980590,9.78690628423057,11
2980591,10.0,1
2980605,9.65498730237186,14
2980613,9.85064605659776,8
2980625,9.721398349212667,12
2980633,9.866804744779941,8
2980647,9.71565109138912,14
2980656,9.821255962344667,9
2980672,9.705352372116222,16
2980679,9.855332956556326,7
2980686,9.865960972526471,7
2980687,10.0,1
2980692,9.912436562822071,5
2980701,9.797466575270535,9
2980704,9.962699721652669,3
2980714,9.78311750829873,10
2980715,9.991840083553283,1
2980726,9.74558918846881,11
2980729,9.957471646602315,3
2980730,10.0,1
2980736,9.897971852882316,6
2980740,9.948135923100752,4
2980755,9.479155628545014,15
2980768,9.729464174783669,13
2980775,9.880231222221788,7
2980776,10.0,1
2980798,9.569166125868211,22
2980803,9.90810905982288,5
2980814,9.787364077364032,11
2980823,9.85008468669567,9
2980832,9.84392454767682,9
2980838,9.89839374948624,6
2980849,9.776409551459304,11
2980855,9.909651511471264,6
2980870,9.662129286752833,15
2980880,9.798206504348302,10
2980885,9.909477976888478,5
2980893,9.826114221199754,8
2980904,9.75791268348962,11
2980919,9.646017172251547,15
2980934,9.672627514452289,15
2980937,9.952336304558852,3
2980938,10.0,1
2980945,9.862308267781168,7
2980958,9.673530430786972,13
2980975,9.614993047627596,17
2980984,9.80321038572141,9
2980990,9.890512623921888,6
2981053,8.56290202256141,63
2981056,9.961697841307313,3
2981074,9.57009304422238,18
2981084,9.822769841403284,10
2981094,9.791444959558698,10
2981108,9.665896860019902,14
2981114,9.918933167883747,6
2981124,9.697790026817446,10
2981127,9.957967979304104,3
2981134,9.834501193905288,7
2981141,9.866720688631675,7
2981146,9.907895395522345,5
2981154,9.83958693121139,8
2981155,10.0,1
2981160,9.915102872955222,5
2981166,9.87961494113289,6
2981176,9.77962754932438,10
2981185,9.82871886779956,9
2981193,9.830054998311248,8
2981207,9.681607859438838,14
2981215,9.83793958480835,8
2981219,9.941096799946944,4
2981224,9.924362334658438,5
2981225,10.0,1
2981230,9.9182773516045,5
2981236,9.8925733688864,6
2981246,9.801168964465848,10
2981253,9.86066435599527,7
2981264,9.74521625663155,11
2981265,9.991382685980225,1
2981279,9.703847202477531,14
2981282,9.963709031821102,3
2981283,10.0,1
2981292,9.808884689944824,9
2981296,9.931664144594144,4
2981309,9.729681937633897,13
2981310,10.0,1
2981318,9.827194815360594,8
2981333,9.667735314481499,15
2981335,9.973085567675444,2
2981341,9.884346105746458,6
2981350,9.823696378953713,9
2981363,9.751311248167376,13
2981374,9.801665896712509,11
2981382,9.834359531035933,8
2981390,9.828780836447997,8
2981398,9.850746158291756,8
2981407,9.82183270852096,9
2981417,9.79263133704597,10
2981422,9.917134450016002,5
2981437,9.571461263340705,15
2981451,9.705670322126744,14
2981457,9.903013485934634,6
2981462,9.93001084391062,5
2981473,9.778430735787193,11
2981482,9.812557211582746,9
2981488,9.890846683182623,6
2981496,9.841970892721356,8
2981504,9.819880930457275,8
2981514,9.775890051241202,10
2981524,9.82600072009796,10
2981528,9.833279152012535,4
2981540,9.758865301858341,12
2981550,9.825374547413073,10
2981560,9.78790506939592,10
2981561,9.992091189199412,1
2981574,9.734703440590451,13
2981587,9.702942013004343,13
2981596,9.808444094927516,9
2981609,9.740979533018043,13
2981617,9.843193867645933,8
2981630,9.687750593041116,13
2981637,9.880362188679088,7
2981644,9.861517355118862,7
2981653,9.832389982728735,9
2981660,9.894321623117598,7
2981675,9.638854011170677,15
2981684,9.811290587236938,9
2981697,9.724519823354541,13
2981702,9.929210611180252,5
2981708,9.920100061916198,6
2981718,9.790133322552458,10
2981720,9.976899956184774,2
2981730,9.777809312161288,10
2981739,9.821058079429552,9
2981756,9.603582743213266,17
2981762,9.877931477944935,6
2981776,9.74445884516704,14
2981780,9.941499649534736,4
2981788,9.850989542082669,8
2981801,9.712936226524207,13
2981811,9.780679195664145,10
2981822,9.767207919211902,11
2981829,9.855538955936073,7
2981836,9.87677031061286,7
2981856,6.15376654837762,20
2981869,9.718179210423704,13
2981874,9.918677879867378,5
2981885,9.767659755621395,11
2981889,9.93449587804762,4
2981895,9.8935582972332,6
2981913,9.601701485848698,18
2981925,9.75591388339546,12
2981928,9.960433374847982,3
2981929,10.0,1
2981931,9.977053013845877,2
2981932,10.0,1
2981944,9.731491518172776,12
2981946,9.97812695988881,2
2981958,9.74698851473957,12
2981966,9.870697275613443,8
2981978,9.762438997507385,12
2981984,9.902391170808087,6
2981985,10.0,1
2981991,9.877046920080668,6
2981997,9.894420874419302,6
2982001,9.932610161353606,4
2982008,9.876293380008445,7
2982017,9.833018830054257,9
2982028,9.793616558284288,11
2982039,9.653699754110097,11
2982049,9.759661967084563,10
2982062,9.762385775577188,13
2982067,9.908859622327933,5
2982068,9.992620749028541,1
2982075,9.862293383152783,7
2982085,9.792549779078552,10
2982099,9.725589623575923,14
2982104,9.932259667936453,5
2982117,9.716904172963908,13
2982122,9.90599032347834,5
2982131,9.83321038265566,9
2982143,9.752437986958368,12
2982146,9.96428448242653,3
2982152,9.876518126502091,6
2982164,9.728060336232042,12
2982174,9.799527793824584,10
2982179,9.916135686558848,5
2982192,9.705163067943275,13
2982204,9.738118025149205,12
2982214,9.804923367591234,10
2982226,9.631937096349798,12
2982230,9.925663955702605,4
2982244,9.718706268081817,14
2982245,10.0,1
2982258,9.351537456484778,13
2982264,9.896992280346469,6
2982265,9.993081945121153,1
2982271,9.89499370677245,6
2982276,9.90685081396381,5
2982282,9.699425786056242,6
2982291,9.824621059912797,9
2982296,9.91469753395222,5
2982316,9.516030062137215,20
2982329,9.697468229985525,13
2982334,9.914142139316903,5
2982344,9.821198444723537,10
2982359,9.658135246521708,15
2982364,9.914777933389317,5
2982366,9.985043805520968,2
2982372,9.891591714621121,6
2982376,9.943983420022201,4
2982385,9.831937645220258,9
2982395,9.79655321201809,10
2982400,9.937330791366909,5
2982412,9.753301310107993,12
2982420,9.857003069671373,8
2982423,9.96251344906801,3
2982431,9.830404434142373,8
2982433,9.970201785420903,2
2982438,9.935133137038354,5
2982450,9.721059093984543,12
2982456,9.907796747631087,6
2982459,9.958961645874313,3
2982466,9.875353573284947,7
2982477,9.753772717473268,11
2982478,10.0,1
2982486,9.863915198374679,8
2982491,9.727760898394166,5
2982501,9.80882127822168,10
2982507,9.88607035197276,6
2982518,9.761102829299942,11
2982525,9.841583225728687,7
2982538,9.723765723559275,13
2982551,9.696945818788985,13
2982558,9.864745484048878,7
2982572,9.633075855602428,14
2982584,9.72311796728811,12
2982595,9.741034226968193,11
2982596,10.0,1
2982603,9.867798601233567,7
2982608,9.917914906199382,5
2982616,9.830203829705267,8
2982617,9.988242575164252,1
2982630,9.722472352536602,13
2982638,9.842129695350138,8
2982644,9.903305826200477,6
2982652,9.875929500737591,8
2982656,9.945935403927752,4
2982665,9.81478165125178,9
2982675,9.804961715230139,10
2982680,9.90193992286313,5
2982694,9.700791139172296,14
2982706,9.74528758628596,12
2982707,10.0,1
2982719,9.725093483722267,12
2982726,9.841678109266583,7
2982741,9.651942532322346,15
2982751,9.824822700545914,10
2982761,9.793917043775405,10
2982769,9.843014171568282,8
2982772,9.95461792973195,3
2982774,9.974812883995298,2
2982783,9.835257726847189,9
2982789,9.889995461976987,6
2982802,9.7324854827814,13
2982807,9.912605767447074,5
2982816,9.819198019182826,9
2982829,9.684560563975946,13
2982841,9.741751620202718,12
2982853,9.756896700419986,12
2982870,9.583777937434908,17
2982874,9.925125115832747,4
2982875,10.0,1
2982887,9.747517958407064,12
2982897,9.667422912293057,10
2982905,9.85079905930057,8
2982911,9.894482102878571,6
2982913,9.975741236126266,2
2982920,9.878055280767546,7
2982929,9.823889257666112,9
2982932,9.954699566287548,3
2982937,9.912235512723289,5
2982950,9.761194221267042,13
2982954,9.94978555749203,4
2982968,9.699953331532742,14
2982981,9.680959807562493,13
2982982,9.987740669790638,1
2982983,10.0,1
2982992,9.81807507408917,9
2982999,9.857478903178825,7
2983016,9.591846791204858,17
2983022,9.89798352713504,6
2983036,9.65989556707738,14
2983042,9.883004930994819,6
2983053,9.813436066704265,11
2983058,9.91555496759031,5
2983066,9.840407218475733,8
2983078,9.724223325800239,12
2983088,9.8018232008523,10
2983093,9.893747159098892,5
2983103,9.799937492430624,10
2983116,9.732368888655257,13
2983128,9.743019336712791,12
2983134,9.884101477134548,6
2983145,9.76837365168713,11
2983149,9.925085833213602,4
2983168,9.53269385308042,19
2983175,9.858136308152805,7
2983182,9.874232048768576,7
2983183,9.988620406392528,1
2983191,9.854469128667052,8
2983198,9.892113928016254,7
2983206,9.853683040422673,8
2983230,9.47245963809234,24
2983245,9.671834414557411,15
2983256,9.750506536151276,11
2983257,10.0,1
2983270,9.715276619762466,13
2983280,9.761985682021338,10
2983281,10.0,1
2983293,9.73184451001208,12
2983301,9.825705424749703,8
2983311,9.795424323489534,10
2983326,9.667829063926291,15
2983327,9.987512087687016,1
2983339,9.715099348740104,12
2983343,9.946917038206177,4
2983349,9.917687082105953,6
2983353,9.943870920983077,4
2983355,9.969940223710411,2
2983372,9.599112600069825,17
2983378,9.914189873388393,6
2983389,9.769776721876688,11
2983404,9.683029287243198,15
2983417,9.70195994183032,13
2983436,9.58019352109303,19
2983437,10.0,1
2983445,9.856242848266165,8
2983455,9.709128988809212,10
2983462,9.864620736930439,7
2983467,9.913036605752065,5
2983477,9.8012443450928,10
2983483,9.898796309342714,6
2983497,9.689483454160111,14
2983505,9.847121574789703,8
2983512,9.854610993192626,7
2983517,9.912405942669517,5
2983527,9.786698490407726,10
2983543,9.631163613663865,16
2983551,9.848921693246451,8
2983559,9.851702475604634,8
2983572,9.723966251472657,13
2983586,9.707556847326071,14
2983604,9.592381441286092,18
2983608,9.927069829998986,4
2983610,9.974315386534991,2
2983611,10.0,1
2983627,9.666295471915927,16
2983638,9.742223039599574,11
2983647,9.813418366815114,9
2983658,9.743995498742036,11
2983665,9.887825462242857,7
2983674,9.871898222977979,9
2983676,9.97021334499857,2
2983688,9.800685740044859,12
2983698,9.782320549411322,10
2983713,9.65937258885927,15
2983722,9.820585577528389,9
2983732,9.796378321107722,10
2983744,9.749948377108618,12
2983757,9.677530055837034,13
2983760,9.964220877520138,3
2983763,9.957381063978863,3
2983771,9.851941629238823,8
2983783,9.799131341381253,12
2983798,9.670968052451098,15
2983806,9.860924480406775,8
2983831,9.544153974275176,25
2983843,9.732987621441993,12
2983854,9.782431853638128,11
2983867,9.76378042405743,13
2983870,9.969039018462935,3
2983888,9.583919503179287,18
2983894,9.900023090831219,6
2983900,9.900194285277824,6
2983911,9.774867023480917,11
2983919,9.861907863150678,8
2983936,9.723810888654027,17
2983943,9.87425657610421,7
2983951,9.856443688813359,8
2983953,9.97127555241956,2
2983964,9.768470642830923,11
2983975,9.77433679460772,11
2983981,9.8974160721741,6
2983992,9.75025440747248,11
2984003,9.74341847919538,11
2984010,9.896732916939351,7
2984030,9.502886268673217,20
2984040,9.675012633748004,10
2984050,9.805910819675674,10
2984066,9.65720097068087,16
2984071,9.929565836864349,5
2984086,9.599943098509163,15
2984099,9.70751632997363,13
2984111,9.729186565372828,12
2984123,9.733244782808711,12
2984124,10.0,1
2984132,9.864672486629505,8
2984133,10.0,1
2984135,9.97406467956519,2
2984138,9.857530827061447,3
2984153,9.616339964375223,15
2984164,9.760748246069287,11
2984169,9.924617639979612,5
2984176,9.876986340129966,7
2984180,9.93882368143238,4
2984191,9.737124374468491,11
2984205,9.69584596090909,14
2984220,9.656382172764598,15
2984221,10.0,1
2984230,9.851365016275262,9
2984235,9.929349730821514,5
2984243,9.852689006332326,8
2984244,10.0,1
2984259,9.742317452141908,15
2984272,9.596663619198829,13
2984284,9.734210936063882,12
2984285,10.0,1
2984291,9.883657213925877,6
2984295,9.938931508939941,4
2984303,9.844307062468504,8
2984314,9.738829124672867,11
2984316,9.980785416594248,2
2984334,9.647444894739731,18
2984354,9.531642965651004,20
2984360,9.894153263271837,6
2984372,9.742882755363118,12
2984380,9.832656997029,8
2984386,9.902039178304332,6
2984395,9.819574559296726,9
2984405,9.783393963860954,10
2984411,9.891775799881156,6
2984412,9.99345905168738,1
2984424,9.774095251888744,12
2984441,9.591608539489714,17
2984447,9.894512834079219,6
2984455,9.836823370315622,8
2984461,9.884020182999393,6
2984476,9.64398045727248,15
2984485,9.838318119742091,9
2984496,9.74776057842061,11
2984511,9.653723823526542,15
2984516,9.920291173612659,5
2984517,10.0,1
2984528,9.7511666291361,11
2984530,9.974665417010508,2
2984542,9.743322038835398,12
2984553,9.685789432453102,11
2984557,9.93178657179533,4
2984566,9.828269688427175,9
2984581,9.649263739550682,15
2984590,9.809465043937548,9
2984593,9.952718342710789,3
2984597,9.933536131580464,4
2984600,9.968457870225624,3
2984604,9.939599917175105,4
2984605,10.0,1
2984612,9.861672376763464,7
2984618,9.90598014565647,6
2984630,9.787233056174086,12
2984644,9.691794802692565,14
2984646,9.976248343670576,2
2984660,9.739294804642332,14
2984671,9.808262686053444,11
2984672,10.0,1
2984679,9.887242481666572,7
2984695,9.61310089608981,16
2984708,9.749702624241415,13
2984721,9.708806135133463,13
2984733,9.744981267709553,12
2984734,10.0,1
2984741,9.8854805941595,7
2984751,9.773176171029561,10
2984764,9.723981692579349,13
2984776,9.745268388593452,12
2984777,10.0,1
2984781,9.938128314375888,4
2984796,9.657068794475704,15
2984817,9.569607771563302,21
2984828,9.765517500826729,11
2984839,9.769624702081629,11
2984848,9.856695419457388,9
2984852,9.939130712974443,4
2984859,9.893547881859705,7
2984872,9.715475345472903,13
2984881,9.791499867208165,9
2984889,9.85103609601674,8
2984901,9.819493356983958,12
2984908,9.868131651740375,7
2984914,9.901785591721548,6
2984928,9.660063082483893,14
2984934,9.881918563226474,6
2984936,9.973488791391619,2
2984937,9.98838539941995,1
2984951,9.698642309124068,14
2984962,9.748186476729673,11
2984969,9.87022541478478,7
2984980,9.779761665879922,11
2984991,9.744674888268886,11
2984996,9.91701804344416,5
2985016,9.523714817430832,20
2985020,9.92764362456753,4
2985021,10.0,1
2985038,9.569007972709716,17
2985044,9.885723908241122,6
2985055,9.820563423245797,11
2985066,9.772350186305541,11
2985082,9.659795477912441,16
2985098,9.63746552657379,16
2985101,9.947693620811277,3
2985110,9.826864699359515,9
2985113,9.958756402735277,3
2985114,10.0,1
2985127,9.706923958172242,13
2985131,9.95093885194865,4
2985137,9.897507137072926,6
2985139,9.97268624691645,2
2985148,9.822948927866626,9
2985155,9.885997111695078,7
2985158,9.962340653254184,3
2985175,9.654752202870581,17
2985180,9.911229851377273,5
2985183,9.97131012551347,3
2985192,9.82267859379207,9
2985204,9.751800418741187,12
2985205,10.0,1
2985210,9.912092225050925,5
2985223,9.71830457015038,13
2985227,9.946661568507075,4
2985235,9.867460043114407,8
2985247,9.744730731498485,12
2985250,9.947820274785313,3
2985255,9.920641226035183,5
2985268,9.690403687626254,13
2985288,9.609174780858323,20
2985299,9.792461778809392,11
2985303,9.927739650482799,4
2985309,9.897800989627276,6
2985317,9.853289359159506,8
2985327,9.761488046368903,10
2985338,9.776494628445999,11
2985344,9.87455550428965,6
2985356,9.744315562789682,12
2985360,9.94227160075229,4
2985370,9.779011598553886,10
2985380,9.783239400451562,10
2985386,9.893383765091325,6
2985395,9.797367039886076,9
2985396,10.0,1
2985401,9.901241659982785,5
2985411,9.803605245492756,10
2985415,9.955983455294007,4
2985416,10.0,1
2985420,9.945532642960023,4
2985436,9.640191077609721,16
2985439,9.952241028572377,3
2985449,9.795633096650462,10
2985454,9.923908388395109,5
2985462,9.825437128679544,8
2985463,10.0,1
2985471,9.856418218111287,8
2985472,10.0,1
2985477,9.914539838027377,5
2985481,9.93592157296613,4
2985488,9.880671373858455,7
2985500,9.711810029196782,12
2985501,10.0,1
2985509,9.856152277732003,8
2985516,9.880032232251835,7
2985528,9.730135560883161,12
2985534,9.898213402890987,6
2985544,9.795429608954922,10
2985551,9.8983014724974,7
2985567,9.664616160943597,16
2985570,9.948052550756929,3
2985571,10.0,1
2985575,9.932976581705013,4
2985584,9.82462704381203,9
2985604,9.568109905496469,20
2985611,9.876063596900803,7
2985617,9.899306970068931,6
2985626,9.792310402380163,9
2985637,9.74567265700328,11
2985647,9.78316177334744,10
2985658,9.763971914533563,11
2985670,9.750176096854956,12
2985692,9.546805272677256,22
2985698,9.89292001031171,6
2985704,9.90699296749185,6
2985713,9.8268933563419,9
2985717,9.940127149040954,4
2985721,9.93422722594813,4
2985730,9.864119886709194,9
2985739,9.838289729003822,9
2985740,10.0,1
2985748,9.842412554914612,8
2985761,9.696506170327348,13
2985771,9.78644570647746,10
2985780,9.839702308867501,9
2985787,9.85251817884961,7
2985799,9.740940069814105,12
2985807,9.82956900409121,8
2985815,9.826813366242677,8
2985826,9.764416062917507,11
2985838,9.714356553338268,12
2985848,9.804563160638326,10
2985855,9.870591302220516,7
2985859,9.951968320778999,4
2985871,9.739423490528155,12
2985877,9.902702934071582,6
2985890,9.73293694819557,13
2985902,9.745214262953183,12
2985913,9.758377939346964,11
2985928,9.677797372345829,15
2985946,9.533681945081767,18
2985958,9.70822442817332,12
2985967,9.844050561212565,9
2985979,9.647256472228795,12
2985985,9.91612355742138,6
2985989,9.943670672779646,4
2985994,9.913203222721325,5
2986005,9.760567529596067,11
2986016,9.778673968645114,11
2986029,9.703831580305762,13
2986040,9.765866635894172,11
2986051,9.762111342920553,11
2986059,9.830193524251305,8
2986068,9.830634252783081,9
2986073,9.925442183414793,5
2986085,9.72930682952392,12
2986086,9.992426386567224,1
2986092,9.885881188931485,6
2986099,9.883085960686104,7
2986116,9.628729530290265,17
2986127,9.767417093387943,11
2986141,9.655635425283283,14
2986146,9.92090754796377,5
2986149,9.95945812016611,3
2986157,9.842411224607508,8
2986169,9.741599341078446,12
2986182,9.707319193569134,13
2986185,9.952111642650388,3
2986189,9.930187635584623,4
2986199,9.809228055634982,10
2986211,9.719763279987756,12
2986221,9.709894692383488,10
2986229,9.877073168126547,8
2986238,9.836258479511024,9
2986250,9.730637580040154,12
2986251,10.0,1
2986259,9.836472406749111,8
2986262,9.956361362416436,3
2986271,9.834400457622573,9
2986287,9.666402659916645,16
2986294,9.859558198047296,7
2986301,9.87286364462269,7
2986308,9.847056997598479,7
2986331,9.41992848298063,23
2986339,9.845600142718874,8
2986345,9.913841307083606,6
2986349,9.942965451897178,4
2986360,9.772863127217676,11
2986371,9.80282256737675,11
2986375,9.945280199306225,4
2986380,9.927362457575775,5
2986390,9.775528289039332,10
2986393,9.963452155919754,3
2986411,9.555090114760956,18
2986416,9.922903207056525,5
2986420,9.932228668327719,4
2986421,10.0,1
2986428,9.88480848235416,7
2986439,9.767401718875469,11
2986471,9.241695872135441,32
2986477,9.88260350080242,6
2986488,9.755521159659105,11
2986500,9.726394758952468,12
2986506,9.889193183754584,6
2986510,9.948976821331199,4
2986514,9.938668476681864,4
2986516,9.974525991057288,2
2986533,9.605138981586041,17
2986543,9.77699990242881,10
2986554,9.750084273777253,11
2986564,9.787503974385164,10
2986570,9.888509664860276,6
2986582,9.755693140996721,12
2986594,9.766672461446054,12
2986597,9.944663470484866,3
2986604,9.880533943224279,7
2986617,9.712301894483039,13
2986632,9.64676949040644,15
2986640,9.854382936530989,8
2986641,9.988372000842164,1
2986650,9.851222506514935,9
2986651,10.0,1
2986655,9.94092560368783,4
2986660,9.90975130404972,5
2986670,9.796453755865544,10
2986677,9.853411214361026,7
2986690,9.714763568286303,13
2986700,9.788753868457496,10
2986712,9.756805845523347,12
2986713,10.0,1
2986723,9.808400171786763,10
2986735,9.729185330774666,12
2986737,9.985039458733544,2
2986740,9.958542150226291,3
2986749,9.671422270361369,9
2986753,9.940352094257713,4
2986759,9.882574650560345,6
2986770,9.799619206135334,11
2986780,9.796963525012707,10
2986793,9.707744958690572,13
2986794,10.0,1
2986802,9.841642795419219,8
2986809,9.874763124314946,7
2986814,9.915440315399948,5
2986824,9.791621167438475,10
2986834,9.789937177282136,10
2986839,9.914172024358809,5
2986842,9.962052735440684,3
2986856,9.4725721883039,14
2986862,9.885664390920212,6
2986867,9.908230494721636,5
2986877,9.826412267507393,10
2986890,9.699161869128117,13
2986903,9.715052665282132,13
2986913,9.77943383724594,10
2986930,9.575740766772254,17
2986940,9.829375877688287,10
2986946,9.894004740461227,6
2986948,9.982857069691239,2
2986953,9.908422533250638,5
2986963,9.56416680609849,10
2986964,10.0,1
2986967,9.958211745670393,3
2986968,10.0,1
2986969,10.0,1
2986973,9.944873439894744,4
2986979,9.872471208422423,6
2986987,9.838417436557974,8
2986998,9.760457654411555,11
2987008,9.841277076900704,10
2987022,9.71628113022445,14
2987030,9.859114575150356,8
2987033,9.960231462942238,3
2987044,9.751510966768869,11
2987051,9.85173291512407,7
2987065,9.738210449106363,14
2987076,9.755184323088365,11
2987084,9.853141685451213,8
2987095,9.754540025697048,11
2987101,9.89988043732145,6
2987110,9.815167541257553,9
2987115,9.924722619187897,5
2987116,10.0,1
2987127,9.775176078141223,11
2987128,10.0,1
2987138,9.79813668859779,10
2987150,9.756703608217647,12
2987154,9.949978102358063,4
2987167,9.746568903284205,13
2987212,9.162752548477146,45
2987222,9.78110614660315,10
2987231,9.804160688721897,9
2987236,9.911382925050683,5
2987245,9.821991263135342,9
2987250,9.925973519761357,5
2987259,9.818581739645941,9
2987270,9.768400618352372,11
2987280,9.78989802169504,10
2987283,9.963652150619469,3
2987292,9.808877687559727,9
2987300,9.871068989441508,8
2987313,9.702757164785144,13
2987319,9.906509628987122,6
2987331,9.634423648279212,12
2987335,9.924366554845129,4
2987341,9.90343885039942,6
2987347,9.905747977187321,6
2987358,9.77322432807439,11
2987361,9.962599284652287,3
2987372,9.7739737523457,11
2987378,9.907735341185669,6
2987394,9.638236286499106,16
2987407,9.70332418823333,13
2987412,9.927452755097654,5
2987418,9.903455051756074,6
2987424,9.880474593169476,6
2987436,9.765048502599322,12
2987445,9.823367367065964,9
2987446,10.0,1
2987456,9.80155397802438,10
2987460,9.931496813003115,4
2987469,9.813957051800825,9
2987478,9.821841891559908,9
2987482,9.932336687268027,4
2987484,9.967238319658255,2
2987495,9.738192058005788,11
2987503,9.830820555603342,8
2987513,9.794252372937429,10
2987517,9.947291887862413,4
2987522,9.904496221607126,5
2987536,9.713844489602232,14
2987549,9.700897054838173,13
2987562,9.701031897404686,13
2987572,9.791041023693351,10
2987587,9.65423393548662,15
2987594,9.868940298130287,7
2987606,9.753652746102528,12
2987610,9.934127716386447,4
2987622,9.744802585847411,12
2987636,9.622217577438333,14
2987642,9.896133707440951,6
2987648,9.884020874653526,6
2987660,9.735126524675712,12
2987671,9.802738116733126,11
2987684,9.758579310707258,13
2987691,9.87644635371421,7
2987697,9.897633875790794,6
2987710,9.755676995886747,13
2987724,9.387475044645367,14
2987731,9.872248194903335,7
2987732,10.0,1
2987744,9.749331132412085,12
2987753,9.830336090597129,9
2987760,9.863301194766157,7
2987772,9.729855319547683,12
2987789,9.6229556232688,17
2987811,9.61111554673083,22
2987815,9.944149609260467,4
2987833,9.564549985569787,18
2987834,10.0,1
2987841,9.864230253120756,7
2987847,9.91518906886903,6
2987861,9.695519136076342,14
2987867,9.896473705573365,6
2987868,10.0,1
2987878,9.764212115740197,10
2987901,9.490284655477767,23
2987907,9.889453521707786,6
2987910,9.95858778167258,3
2987918,9.831322991038942,8
2987927,9.82191337530857,9
2987939,9.757667421020118,12
2987947,9.843601220175815,8
2987951,9.932606206259253,4
2987957,9.890691672142228,6
2987962,9.921876755656406,5
2987969,9.865962762436627,7
2987981,9.743418327227532,12
2987982,10.0,1
2987996,9.684648491426836,14
2988008,9.716785105843815,12
2988017,9.796198103898346,9
2988018,10.0,1
2988024,9.892968971699554,6
2988029,9.922536745002791,5
2988047,9.612041734840433,18
2988048,10.0,1
2988051,9.970727953970494,3
2988066,9.657764907692666,15
2988082,9.620500009492613,16
2988096,9.700181563920054,14
2988100,9.948603460733,4
2988108,9.83318438908199,8
2988127,9.565459401811504,19
2988132,9.920430791329094,5
2988137,9.908837782206561,5
2988141,9.939995006794197,4
2988142,10.0,1
2988161,9.652924601457372,19
2988166,9.914219700062652,5
2988167,10.0,1
2988171,9.936715645081257,4
2988172,10.0,1
2988188,9.615469988866906,16
2988191,9.957379036274354,3
2988197,9.90438736003011,6
2988208,9.798438535728451,11
2988217,9.834678947087083,9
2988229,9.745006434609227,12
2988237,9.822906369740963,8
2988244,9.870578054413937,7
2988249,9.913365465584787,5
2988259,9.822515886809278,10
2988265,9.88371715909822,6
2988275,9.803296798358739,10
2988280,9.918778830706174,5
2988281,10.0,1
2988287,9.890183798435359,6
2988303,9.650964381195912,16
2988304,10.0,1
2988305,10.0,1
2988309,9.933773917721105,4
2988328,9.564109516525757,19
2988343,9.74739968094506,15
2988346,9.949008691996891,3
2988356,9.799589970475333,10
2988362,9.892408404860728,6
2988373,9.758344650714921,11
2988374,10.0,1
2988375,10.0,1
2988384,9.801815106864725,9
2988394,9.803183123275593,10
2988407,9.731708173198387,13
2988411,9.950649239999493,4
2988422,9.768619515403017,11
2988434,9.7517225093835,12
2988446,9.75935804050422,12
2988463,9.611169818561175,17
2988468,9.91535898054475,5
2988482,9.696626763154686,14
2988495,9.738964959966339,13
2988514,9.580664994469464,19
2988523,9.83729330358628,9
2988524,10.0,1
2988529,9.922695093953397,5
2988532,9.95068033925777,3
2988539,9.88774101966868,7
2988546,9.867138570595587,7
2988553,9.861038027744227,7
2988563,9.80234150466888,10
2988571,9.856024675256005,8
2988575,9.940504659798409,4
2988593,9.601096697976885,18
2988600,9.866293983680881,7
2988601,10.0,1
2988609,9.840957336671607,8
2988617,9.819490677608991,8
2988629,9.773823702624625,12
2988635,9.904648419723564,6
2988648,9.770527919123873,13
2988652,9.934806764797898,4
2988660,9.844784992133457,8
2988676,9.609887590981394,16
2988681,9.921147430951875,5
2988686,9.928206677163736,5
2988699,9.734433405901523,13
2988716,9.620474242586484,17
2988717,10.0,1
2988727,9.78113772590033,10
2988740,9.732138160262195,13
2988752,9.512885334668331,12
2988761,9.838810936699469,9
2988770,9.808352026191145,9
2988776,9.892200283974192,6
2988790,9.700462898993987,14
2988799,9.793676738404772,9
2988806,9.863940103451382,7
2988818,9.747796300081298,12
2988823,9.9118332448512,5
2988834,9.828101568280019,11
2988846,9.747294497425242,12
2988847,9.996669500793702,1
2988856,9.819735169423868,9
2988864,9.841808489344851,8
2988874,9.81280214666811,10
2988880,9.892111296772644,6
2988892,9.773694711168766,12
2988909,9.598654933500747,17
2988918,9.838436312302466,9
2988925,9.8651264837409,7
2988934,9.809116858167547,9
2988945,9.763228989130095,11
2988950,9.916347004979569,5
2988967,9.568927430223951,17
2988968,10.0,1
2988975,9.84707598799504,7
2988984,9.831831614895982,9
2988991,9.855502084537603,7
2989008,9.629281383502251,17
2989009,9.992651083254403,1
2989013,9.934220572889636,4
2989034,9.543192980657617,21
2989050,9.615509876941221,16
2989065,9.643013022601973,15
2989078,9.710355973890152,13
2989083,9.916580476410902,5
2989091,9.841386206785405,8
2989105,9.702564556653208,14
2989117,9.734247009401605,12
2989125,9.849645724220661,8
2989131,9.888873218369984,6
2989136,9.903455099871428,5
2989145,9.837450808494431,9
2989155,9.798863438041018,10
2989158,9.966661343697492,3
2989168,9.796134193378624,10
2989194,9.533425483376726,26
2989199,9.916948990306958,5
2989214,9.673628972540357,15
2989221,9.852302054461829,7
2989228,9.862738032854033,7
2989235,9.8667083931773,7
2989246,9.762490872903019,11
2989247,10.0,1
2989251,9.937942134161217,4
2989260,9.834242414342855,9
2989268,9.848564315847048,8
2989280,9.72739344584066,12
2989288,9.85003219818726,8
2989294,9.89716967951223,6
2989301,9.87999561148259,7
2989306,9.91433400636056,5
2989325,9.535855610467886,19
2989333,9.863789857893927,8
2989343,9.830597280342849,10
2989344,9.988824093018271,1
2989367,9.56022066340494,23
2989373,9.912356673028702,6
2989380,9.850372988733536,7
2989381,10.0,1
2989382,10.0,1
2989391,9.82639085133331,9
2989396,9.93327413402006,5
2989403,9.860714137658691,7
2989409,9.896397768362684,6
2989410,10.0,1
2989423,9.715597274912751,13
2989430,9.855358268093816,7
2989447,9.61688353036007,17
2989458,9.744384556207649,11
2989474,9.656247619907433,16
2989477,9.969437598113318,3
2989482,9.911348000291456,5
2989489,9.885005920748544,7
2989497,9.855870329335948,8
2989498,10.0,1
2989499,9.996468479439338,1
2989509,9.814056556091264,10
2989510,10.0,1
2989519,9.846055733894952,9
2989525,9.919013028825589,6
2989530,9.936535273651428,5
2989539,9.813889461758237,9
2989545,9.91073821448519,6
2989549,9.94136399501532,4
2989560,9.785871882830564,11
2989572,9.729428128352106,12
2989583,9.650327975262506,11
2989595,9.758971862423461,12
2989606,9.70349163185635,11
2989607,10.0,1
2989619,9.736195224697992,12
2989626,9.879040864724004,7
2989644,9.571377031254825,18
2989651,9.890034814633868,7
2989658,9.762357729027045,7
2989666,9.864625939165977,8
2989670,9.943460151302471,4
2989679,9.827797238481674,9
2989687,9.827015714510312,8
2989692,9.914273409407835,5
2989708,9.646468975619365,16
2989714,9.876103240345168,6
2989730,9.627052644459269,16
2989738,9.835382885309722,8
2989739,9.996363973691292,1
2989743,9.946298833290717,4
2989755,9.723806182301667,12
2989767,9.760568996600341,12
2989772,9.901011253102123,5
2989787,9.66273462476181,15
2989793,9.88502074799048,6
2989794,10.0,1
2989801,9.869479643746542,7
2989815,9.671551576902528,14
2989832,9.617675608738596,17
2989833,10.0,1
2989841,9.840608123251608,8
2989853,9.757366580723588,12
2989863,9.79908203953608,10
2989864,10.0,1
2989870,9.881520839088777,6
2989874,9.94235421203226,4
2989883,9.54862918129537,9
2989890,9.876283032504496,7
2989891,9.99631075121603,1
2989903,9.742211258172723,12
2989910,9.862484764512859,7
2989924,9.663545797611494,14
2989936,9.741916525244843,12
2989940,9.944798653867407,4
2989953,9.727811974292205,13
2989962,9.832862971638901,9
2989965,9.952285803387195,3
2989976,9.765761260030773,11
2989982,9.901742595926526,6
2989986,9.926935997685016,4
2989991,9.921432887829292,5
2989996,9.90570792620392,5
2990011,9.46260480318054,15
2990019,9.861095188834936,8
2990021,9.98462099086636,2
2990022,9.995909807232739,1
2990031,9.797012680377664,9
2990036,9.905734403851426,5
2990047,9.745001932064273,11
2990056,9.809551333197302,9
2990066,9.766181938947286,10
2990079,9.69465036996765,13
2990094,9.643958201806424,15
2990110,9.642636344055568,16
2990111,10.0,1
2990118,9.868124849959509,7
2990122,9.934094732726516,4
2990130,9.873782306775983,8
2990134,9.94546883090856,4
2990149,9.662945584445819,15
2990155,9.887887993077035,6
2990165,9.804136085458964,10
2990168,9.958021275620323,3
2990180,9.73417768376229,12
2990192,9.749618484764405,12
2990201,9.831151650581303,9
2990212,9.754529690499929,11
2990223,9.76452402593253,11
2990235,9.760444584874488,12
2990242,9.874332209268395,7
2990253,9.761153678121316,11
2990271,9.650947519916544,18
2990277,9.88328663524845,6
2990289,9.744917480487372,12
2990292,9.951484109671249,3
2990305,9.724667214457579,13
2990318,9.71403361166491,13
2990319,9.98869838538302,1
2990333,9.770489788549373,14
2990338,9.915596261126536,5
2990341,9.954965919134965,3
2990356,9.70610101307402,15
2990357,10.0,1
2990369,9.74709014733277,12
2990370,10.0,1
2990385,9.676839997874916,15
2990394,9.826683942788216,9
2990399,9.910062927742981,5
2990407,9.855921809882597,8
2990408,9.992979681630272,1
2990416,9.825078523901592,8
2990427,9.824715632007331,11
2990435,9.83620587141297,8
2990447,9.738417279762023,12
2990452,9.925763668804377,5
2990456,9.946837744812015,4
2990457,10.0,1
2990468,9.785585892298402,11
2990476,9.852248333702974,8
2990481,9.908200730266495,5
2990487,9.885729680123156,6
2990497,9.796562095657777,10
2990503,9.888576960114804,6
2990511,9.842651912776454,8
2990522,9.75083126321546,11
2990538,9.649395510160536,16
2990539,10.0,1
2990540,10.0,1
2990575,3.302793253415458,35
2990584,9.815963345551616,9
2990592,9.82570917415976,8
2990600,9.82971617796913,8
2990616,9.636389974046251,16
2990628,9.725533864827673,12
2990640,9.71728849262288,12
2990645,9.908869289972213,5
2990653,9.849443823470025,8
2990660,9.850674899433885,7
2990674,9.72189258828287,14
2990677,9.956189439551494,3
2990683,9.891755417106923,6
2990693,9.794237605192054,10
2990696,9.957188651326089,3
2990700,9.955851040218233,4
2990704,9.93417181500533,4
2990709,9.928184366526267,5
2990723,9.655729688391485,14
2990728,9.910240476212017,5
2990765,4.555430976871271,37
2990779,9.704274114191968,14
2990789,9.811840683011969,10
2990795,9.895006891488878,6
2990799,9.95352612321513,4
2990813,9.671934661536323,14
2990814,9.987357415809536,1
2990827,9.683833751282105,13
2990839,9.729310672635663,12
2990847,9.848706242672613,8
2990848,9.989116056882082,1
2990852,9.923613300423858,4
2990857,9.925494488607914,5
2990858,9.9967357873802,1
2990865,9.882850249696004,7
2990879,9.675482353390635,14
2990887,9.847022604802715,8
2990901,9.72668931160806,14
2990916,9.488859237594736,15
2990924,9.834872021000372,8
2990926,9.973161498140888,2
2990933,9.883328809286258,7
2990935,9.982590706999206,2
2990939,9.947904340339264,4
2990954,9.671102543884722,15
2990964,9.775030775785366,10
2990977,9.726379150512633,13
2990978,10.0,1
2990986,9.860443217979523,8
2990994,9.831243737464279,8
2990995,10.0,1
2991006,9.759649196176976,11
2991013,9.870793713067878,7
2991017,9.925012205955166,4
2991025,9.825491076476151,8
2991035,9.796225864589946,10
2991047,9.738470449013615,12
2991048,10.0,1
2991055,9.87263364248894,7
2991065,9.783225996178205,10
2991073,9.846543258018116,8
2991077,9.949673883428076,4
2991087,9.832013879248883,10
2991098,9.785097786254353,11
2991107,9.859455945556375,9
2991108,10.0,1
2991119,9.7834308979545,11
2991127,9.823976483382989,8
2991132,9.926103083226375,5
2991142,9.781767475442443,10
2991147,9.915844654971782,5
2991155,9.819738045592185,8
2991164,9.830843668429264,9
2991167,9.953292152193763,3
2991171,9.929739373063201,4
2991183,9.738637600287586,12
2991187,9.9354529946702,4
2991190,9.965927986412032,3
2991199,9.793010757085948,9
2991203,9.940518130469284,4
2991206,9.961030534771307,3
2991213,9.86818963555744,7
2991218,9.903520160431938,5
2991232,9.707085396392669,14
2991237,9.899104268705798,5
2991246,9.8095799463495,9
2991254,9.871384228986384,8
2991263,9.808586602173797,9
2991264,9.989310231713057,1
2991281,9.624358174571956,17
2991286,9.813757896621249,5
2991298,9.7467326563445,12
2991299,9.987614848942771,1
2991314,9.639469406518455,15
2991318,9.953092994780404,4
2991332,9.691108688985047,14
2991342,9.782521330398998,10
2991346,9.93875562521371,4
2991358,9.741053340584514,12
2991371,9.739222137120665,13
2991372,10.0,1
2991377,9.921607836912134,5
2991378,10.0,1
2991386,9.833968438384613,8
2991387,10.0,1
2991397,9.793895458370892,10
2991403,9.898667050559459,6
2991411,9.871917169963272,8
2991419,9.860840102541081,8
2991428,9.807220379477501,9
2991435,9.905824871335994,7
2991441,9.92278591987221,6
2991451,9.76841144505259,10
2991460,9.82747770141356,9
2991469,9.807318600523821,9
2991490,9.01986521405189,21
2991498,9.858850053064508,8
2991504,9.920393636707526,6
2991517,9.69110208044866,13
2991524,9.88308956917566,7
2991534,9.794430407679057,10
2991543,9.804100801455789,9
2991557,9.501048205184839,14
2991566,9.83957145673845,9
2991579,9.711341579299757,13
2991587,9.855203545983475,8
2991590,9.951185704026027,3
2991591,10.0,1
2991592,10.0,1
2991601,9.830230598817659,9
2991608,9.8868631484838,7
2991610,9.983174049390293,2
2991611,10.0,1
2991620,9.855767269105385,9
2991626,9.901292715055746,6
2991636,9.82004468797213,10
2991642,9.881901649662396,6
2991652,9.811715959360951,10
2991664,9.74436818212649,12
2991678,9.718837215789296,14
2991688,9.815479147604913,10
2991691,9.962918225464907,3
2991699,9.824747234535378,8
2991709,9.795549947864941,10
2991714,9.923037652184085,5
2991716,9.966582095971047,2
2991721,9.906898104488219,5
2991722,10.0,1
2991732,9.770039559123274,10
2991734,9.982167016936495,2
2991742,9.853850513621522,8
2991755,9.690358855102273,13
2991767,9.722172725466626,12
2991777,9.802744483000701,10
2991778,10.0,1
2991790,9.759339147063507,12
2991796,9.88632913481899,6
2991802,9.874412509868815,6
2991807,9.924976535307703,5
2991816,9.727604536767997,9
2991832,9.398275205627627,16
2991836,9.95322712485594,4
2991854,9.44540662903962,18
2991862,9.88421776578352,8
2991873,9.776429680244062,11
2991884,9.793482661099764,11
2991885,9.993348872490621,1
2991891,9.883121698408635,6
2991908,9.613084834296245,17
2991921,9.718288489571968,13
2991929,9.835897777984368,8
2991931,9.983908179251213,2
2991946,9.677939510554573,15
2991961,9.654752740082424,15
2991964,9.959604816640566,3
2991966,9.971168375564298,2
2991973,9.879118987315982,7
2991982,9.808734671839481,9
2991986,9.936612593777292,4
2991993,9.85659866402035,7
2991996,9.948445986396935,3
2991997,10.0,1
2992006,9.788619790543835,9
2992012,9.883772901866827,6
2992020,9.851654045982489,8
2992028,9.812246023963548,8
2992033,9.914705782338707,5
2992037,9.929162655909483,4
2992045,9.840193028826857,8
2992053,9.825291517575993,8
2992065,9.66475925167032,12
2992072,9.7770539872573,7
2992085,9.70482431961189,13
2992091,9.907004210396424,6
2992094,9.97008651790522,3
2992102,9.829315804199428,8
2992112,9.722111170227805,10
2992121,9.807584348987472,9
2992133,9.729072233573971,12
2992143,9.785027276444536,10
2992147,9.952975057425396,4
2992158,9.77010551189608,11
2992162,9.952412453470133,4
2992168,9.915034900560649,6
2992171,9.96198221291318,3
2992191,7.58648007408886,20
2992204,9.723261699208006,13
2992207,9.95007350610687,3
2992217,9.585669296886616,10
2992228,9.754312851927951,11
2992237,9.827471839574567,9
2992243,9.878566933588049,6
2992258,9.670586871761255,15
2992271,9.732968699479185,13
2992275,9.937768047486498,4
2992279,9.932746427242018,4
2992286,9.876019372029527,7
2992295,9.8210637402619,9
2992296,10.0,1
2992303,9.88195345961768,7
2992321,9.640934097725939,18
2992330,9.860906149902283,9
2992331,10.0,1
2992341,9.757447838115679,10
2992345,9.954372637835926,4
2992346,10.0,1
2992352,9.893581755059678,6
2992369,9.639875795939783,17
2992370,10.0,1
2992375,9.919765341559826,5
2992383,9.831718440080026,8
2992385,9.977419697207273,2
2992394,9.816004685612322,9
2992404,9.797204502327364,10
2992419,9.641840542362521,15
2992435,9.642908186187874,16
2992440,9.898738272769366,5
2992446,9.881056363673244,6
2992451,9.904272148232783,5
2992470,9.600622004128157,19
2992484,9.695014619646926,14
2992492,9.856440983452549,8
2992495,9.965506459853177,3
2992496,10.0,1
2992508,9.758337243364268,12
2992513,9.893377197670038,5
2992527,9.69433047630209,14
2992538,9.747443508734158,11
2992554,9.647242950459095,16
2992555,9.987060326081833,1
2992568,9.687652252836894,13
2992573,9.902267578495119,5
2992581,9.836581449250893,8
2992597,9.684239046238492,16
2992606,9.82276877200317,9
2992607,10.0,1
2992613,9.87608652824356,6
2992620,9.855646700727432,7
2992627,9.861771590012992,7
2992642,9.509066962291248,15
2992651,9.812446434503403,9
2992717,8.054270441593378,66
2992730,9.706519721168625,13
2992744,9.68136790755908,14
2992753,9.81100564895301,9
2992765,9.72221205524399,12
2992774,9.847474766892203,9
2992775,10.0,1
2992793,9.413558587648215,18
2992798,9.916511793002313,5
2992812,9.655198718809379,14
2992823,9.756606452517314,11
2992831,9.82061020424338,8
2992832,10.0,1
2992836,9.934495162850403,4
2992839,9.962700065844796,3
2992845,9.891872829090653,6
2992846,10.0,1
2992856,9.78666134305693,10
2992871,9.629321941343006,15
2992886,9.664278818226776,15
2992892,9.88694485725951,6
2992897,9.916867344700155,5
2992898,10.0,1
2992913,9.671947017978713,15
2992914,10.0,1
2992920,9.89052339912115,6
2992921,9.992823458350259,1
2992922,10.0,1
2992927,9.914697058872674,5
2992935,9.852375987959192,8
2992944,9.798490924755965,9
2992954,9.785629779213144,10
2992963,9.814045145351187,9
2992973,9.785217185973137,10
2992981,9.833396001709083,8
2992998,9.63549452533772,17
2993009,9.804125229089282,11
2993026,9.410168634395792,17
2993037,9.737558668413062,11
2993038,10.0,1
2993050,9.804679601845805,12
2993058,9.858757672179719,8
2993063,9.906370201763485,5
2993073,9.802176001735623,10
2993076,9.955326669441277,3
2993078,9.978508200869337,2
2993084,9.886864187378853,6
2993092,9.840826607493732,8
2993104,9.764217732581729,12
2993124,9.371482361307711,20
2993129,9.91925231839876,5
2993142,9.697852594841917,13
2993151,9.79895083054594,9
2993152,10.0,1
2993154,9.978351850686618,2
2993167,9.72441767896452,13
2993176,9.812523671329304,9
2993188,9.721545640629378,12
2993201,9.753681240666731,13
2993207,9.900325805373141,6
2993214,9.862392396290451,7
2993225,9.761267762595054,11
2993235,9.779646798260071,10
2993240,9.935288403917626,5
2993247,9.878144478862348,7
2993253,9.896415195104584,6
2993266,9.70180191761512,13
2993276,9.814588644753597,10
2993296,9.549209992494019,20
2993311,9.477247247033588,15
2993315,9.949255945832297,4
2993323,9.873914135674047,8
2993336,9.685711106679255,13
2993339,9.950297847376902,3
2993344,9.929961808144302,5
2993358,9.69144436026302,14
2993373,9.670942796983207,15
2993379,9.896055624459354,6
2993394,9.725003795970615,15
2993401,9.886400819965317,7
2993411,9.78221920557594,10
2993421,9.781203877161937,10
2993432,9.79962714404027,11
2993446,9.679010117516146,14
2993449,9.9457483048302,3
2993457,9.86577298933806,8
2993468,9.746105430614715,11
2993475,9.859569414108337,7
2993478,9.964136379242372,3
2993479,9.99601062670901,1
2993488,9.814152434271866,9
2993494,9.900202375182257,6
2993498,9.934434122264367,4
2993503,9.905389836418154,5
2993509,9.897997180162765,6
2993520,9.740318357864675,11
2993540,9.4952046313623,20
2993551,9.755859296877404,11
2993552,9.996069116076386,1
2993560,9.847487142618332,8
2993569,9.848292665779422,9
2993573,9.938153978988929,4
2993584,9.764206460914558,11
2993598,9.664711484720907,14
2993602,9.938953427433367,4
2993606,9.932674418318802,4
2993615,9.819640800123093,9
2993616,9.992570927238368,1
2993621,9.908045656945085,5
2993630,9.823656006276948,9
2993634,9.93799121079088,4
2993635,10.0,1
2993640,9.907731711979547,5
2993657,9.639963780622658,17
2993670,9.736002893938217,13
2993691,9.606442288791502,21
2993695,9.938727706708747,4
2993705,9.781853221605315,10
2993713,9.84063520057356,8
2993714,10.0,1
2993727,9.69293815648934,13
2993733,9.89086106549061,6
2993741,9.8384490335496,8
2993750,9.804308244372153,9
2993755,9.905337126140102,5
2993769,9.696326600245158,14
2993774,9.934474399237342,5
2993781,9.872356984885476,7
2993786,9.917214569582079,5
2993797,9.740113295301553,11
2993798,10.0,1
2993806,9.843734686727723,8
2993813,9.874888297939709,7
2993834,9.508254647979681,21
2993845,9.76117815389416,11
2993854,9.714075231463676,9
2993866,9.740884466158304,12
2993870,9.9522840653187,4
2993875,9.938075452602034,5
2993883,9.850640410471188,8
2993893,9.773873250068803,10
2993907,9.66493148843588,14
2993913,9.911284733921669,6
2993923,9.764062139572813,10
2993929,9.912529384147042,6
2993934,9.92264388433735,5
2993935,10.0,1
2993940,9.923179706416656,5
2993941,9.989847087129187,1
2993954,9.737143850167401,13
2993961,9.864386015930801,7
2993966,9.901238263345983,5
2993967,10.0,1
2993978,9.765357732635604,11
2993988,9.822563058418192,10
2993995,9.86147917816839,7
2994008,9.631645835124841,13
2994013,9.923232860432995,5
2994019,9.919374442008298,6
2994041,9.511250718220504,22
2994045,9.939305169434801,4
2994054,9.830644957409637,9
2994068,9.71147504337931,14
2994070,9.976810083348859,2
2994076,9.907442920898678,6
2994084,9.846314229627412,8
2994089,9.928477702313446,5
2994093,9.944364903301903,4
2994099,9.910294737213933,6
2994102,9.951371751072871,3
2994112,9.795569095944712,10
2994119,9.867864571864677,7
2994121,9.980921526158205,2
2994125,9.945005257371692,4
2994135,9.785002215287644,10
2994142,9.88498217427314,7
2994149,9.893102199903534,7
2994158,9.599419481484526,9
2994170,9.175714435203686,12
2994179,9.809964928526204,9
2994185,9.881299120613223,6
2994196,9.767194813504052,11
2994197,10.0,1
2994204,9.87461691507538,7
2994212,9.86095426716061,8
2994219,9.843173818839961,7
2994225,9.90680163168916,6
2994234,9.843786413177497,9
2994235,10.0,1
2994245,9.792498875355689,10
2994255,9.788504097816997,10
2994260,9.917059361999216,5
2994262,9.976284341877518,2
2994273,9.765192534504946,11
2994286,9.704868315738398,13
2994294,9.839129756066963,8
2994304,9.790944458428982,10
2994312,9.83993594488605,8
2994321,9.795191164110262,9
2994331,9.787802656567685,10
2994332,10.0,1
2994342,9.789875695403868,10
2994344,9.977283000612863,2
2994358,9.681057459605428,14
2994363,9.909877256446697,5
2994367,9.937870368898022,4
2994407,9.298164367017769,40
2994408,10.0,1
2994418,9.770817667593647,10
2994428,9.822698317293655,10
2994444,9.655300502491455,16
2994447,9.965928800601658,3
2994459,9.733620306726026,12
2994472,9.721777143858834,13
2994507,9.377986022864475,35
2994518,9.752065762970364,11
2994528,9.822947260254242,10
2994540,9.720660753031071,12
2994541,10.0,1
2994542,10.0,1
2994556,9.692929466937741,14
2994567,9.761275469181752,11
2994581,9.72714012390744,14
2994589,9.849208426655748,8
2994590,10.0,1
2994593,9.955529638924187,3
2994594,10.0,1
2994606,9.785854012021575,12
2994627,9.539643336907368,21
2994633,9.898392357704433,6
2994642,9.88705257578293,9
2994654,9.716981923506975,12
2994660,9.886113796006747,6
2994666,9.883050337031698,6
2994673,9.876860543848885,7
2994678,9.921607378024069,5
2994686,9.849314463441837,8
2994687,10.0,1
2994693,9.903600322108712,6
2994712,9.645044918139805,19
2994720,9.636062557785474,8
2994721,10.0,1
2994728,9.859996349171483,7
2994744,9.660323056108366,16
2994752,9.84313382395552,8
2994759,9.868999093896408,7
2994760,9.996494849159252,1
2994766,9.897773736328979,6
2994774,9.855018174283693,8
2994784,9.826949452486927,10
2994789,9.905546462457435,5
2994800,9.784805657155083,11
2994804,9.948944788742267,4
2994805,10.0,1
2994810,9.905385972354434,5
2994815,9.916337832789875,5
2994822,9.895456064772556,7
2994837,9.713053356014386,15
2994838,10.0,1
2994848,9.823826364461109,10
2994866,9.616434373984493,18
2994868,9.968498834842558,2
2994876,9.642134006257205,8
2994880,9.930924009740915,4
2994884,9.9362380296915,4
2994888,9.929728462739257,4
2994897,9.80815141744711,9
2994911,9.760843788885952,14
2994921,9.797532402673097,10
2994935,9.675366127569054,14
2994942,9.686166945476593,7
2994950,9.833022149274566,8
2994961,9.763891721931362,11
2994968,9.853164937628389,7
2994971,9.957826605693654,3
2994975,9.940825223453317,4
2994982,9.847087989836789,7
2994991,9.82590496543053,9
2994999,9.826003904051532,8
2995008,9.811601970017033,9
2995022,9.681542855015184,14
2995030,9.855854968653535,8
2995034,9.93566154578547,4
2995041,9.88699871337191,7
2995042,10.0,1
2995050,9.855585391681657,8
2995051,10.0,1
2995058,9.888978668599966,7
2995065,9.87524375932486,7
2995080,9.711313125693392,15
2995093,9.686968358835514,13
2995099,9.901604976394157,6
2995100,9.992170630717771,1
2995111,9.768913934485381,11
2995120,9.809214333229216,9
2995129,9.827551756378044,9
2995136,9.893237997244944,7
2995137,10.0,1
2995143,9.700981962441972,6
2995149,9.892286716160395,6
2995150,10.0,1
2995170,9.512174320591129,20
2995182,9.73182835682847,12
2995188,9.89456025580996,6
2995193,9.909077984593921,5
2995205,9.724096510838882,12
2995206,10.0,1
2995216,9.768640010428022,10
2995219,9.947506052771631,3
2995227,9.860663599806575,8
2995228,10.0,1
2995235,9.861963361614592,7
2995241,9.892024732149851,6
2995245,9.933516918717185,4
2995250,9.915706186536681,5
2995255,9.922083586999976,5
2995259,9.944110568763035,4
2995269,9.791904949380818,10
2995270,10.0,1
2995274,9.928750981010804,4
2995285,9.770323206579901,11
2995296,9.750449983845261,11
2995298,9.984698436621445,2
2995308,9.807367124248973,10
2995315,9.878055378435505,7
2995326,9.788546545033427,11
2995336,9.822549657188548,10
2995342,9.919555837013824,6
2995343,10.0,1
2995348,9.935188385698526,5
2995351,9.947372855903184,3
2995363,9.739164040410786,12
2995366,9.94812205054738,3
2995370,9.941381286346322,4
2995377,9.861668770317278,7
2995384,9.88984226669174,7
2995393,9.70213561731132,9
2995399,9.880160618547817,6
2995406,9.861732116649874,7
2995411,9.903836149050989,5
2995426,9.660988333847584,15
2995441,9.649725555106121,15
2995447,9.879065154533986,6
2995448,10.0,1
2995453,9.90731177839351,5
2995460,9.902309487976662,7
2995470,9.782160450235976,10
2995485,9.717661457240233,15
2995497,9.7230017062005,12
2995502,9.91683216014893,5
2995513,9.76857505766361,11
2995519,9.895755350332676,6
2995527,9.86448646623784,8
2995540,9.694686507936563,13
2995556,9.620306092797684,16
2995568,9.748711623944923,12
2995569,10.0,1
2995585,9.656359477800692,16
2995593,9.83488002080339,8
2995605,9.745256048929141,12
2995617,9.718978655560138,12
2995618,10.0,1
2995625,9.865905980905563,7
2995639,9.72396485471534,14
2995647,9.84922229556889,8
2995660,9.676011221227384,13
2995661,10.0,1
2995673,9.738194946515716,12
2995676,9.963693518682426,3
2995686,9.79372446284513,10
2995701,9.656130858700303,15
2995713,9.785877709868098,12
2995727,9.68513605048448,14
2995734,9.87091507392202,7
2995735,10.0,1
2995765,2.8199246117628887,30
2995769,9.928560189727603,4
2995777,9.824012235448903,8
2995787,9.815337955430437,10
2995792,9.925340344015353,5
2995793,10.0,1
2995808,9.579102087805772,15
2995812,9.926515078722646,4
2995817,9.912830561095356,5
2995824,9.858554239952678,7
2995831,9.850775478259617,7
2995844,9.734912101337695,13
2995851,9.87693743275702,7
2995864,9.719173984358843,13
2995880,9.385306876693058,16
2995907,4.686352649766608,27
2995908,10.0,1
2995909,10.0,1
2995913,9.931694841908689,4
2995924,9.767603739995462,11
2995936,9.746644342857875,12
2995950,9.638073351708533,14
2995958,9.844111843991358,8
2995967,9.810732970303812,9
2995971,9.941633353734026,4
2995982,9.771023074248383,11
2995985,9.963081585591453,3
2995995,9.78658505394838,10
2996002,9.8569782286353,7
2996014,9.743661364117179,12
2996024,9.792816260920661,10
2996028,9.936781076798251,4
2996041,9.702807247778157,13
2996052,9.763077495101593,11
2996062,9.847865523682355,10
2996067,9.909509350174227,5
2996078,9.556278980704286,11
2996092,9.666625780686322,14
2996097,9.905631786141958,5
2996107,9.794540571835027,10
2996115,9.859180673761244,8
2996116,10.0,1
2996129,9.76303319860073,13
2996138,9.799003059247827,9
2996139,10.0,1
2996151,9.761445691308053,12
2996156,9.907643285051813,5
2996174,9.642855387363314,18
2996181,9.876068740897335,7
2996182,9.996181798931215,1
2996187,9.919605335213728,5
2996192,9.921745220818899,5
2996197,9.931700770875532,5
2996207,9.771571695527493,10
2996217,9.788941422725618,10
2996227,9.811819172936751,10
2996233,9.908127071482348,6
2996241,9.839925196160934,8
2996246,9.921943578352659,5
2996250,9.947741802013152,4
2996270,9.487160476848834,20
2996282,9.711658634344419,12
2996291,9.816286400625518,9
2996301,9.791911477433551,10
2996309,9.868130801769345,8
2996320,9.75058850782071,11
2996335,9.680281932006201,15
2996336,10.0,1
2996337,9.996488883323417,1
2996342,9.91692575322429,5
2996348,9.90952097419057,6
2996353,9.730798688699702,5
2996360,9.880138961436135,7
2996365,9.908601441416133,5
2996373,9.833231820539899,8
2996382,9.830744875492709,9
2996387,9.91958652091128,5
2996404,9.589012935870754,17
2996405,10.0,1
2996407,9.978858866503785,2
2996422,9.70584628910996,15
2996433,9.805653514076717,11
2996438,9.900513671547921,5
2996447,9.827990072856831,9
2996460,9.67852313815833,13
2996471,9.770949545167657,11
2996482,9.777160950112023,11
2996493,9.829689208212567,11
2996503,9.782281291725615,10
2996516,9.715924037284283,13
2996525,9.825113592842138,9
2996533,9.849440476978268,8
2996542,9.810783417323787,9
2996554,9.77767450275045,12
2996560,9.879611644224521,6
2996568,9.85209998150925,8
2996570,9.974250885499675,2
2996583,9.701985865769426,13
2996595,9.763543956701985,12
2996605,9.795876439218,10
2996622,9.62750394047486,17
2996632,9.79382566739321,10
2996640,9.813324439430533,8
2996643,9.964489454539754,3
2996652,9.85283630559131,9
2996670,9.631040314657294,18
2996679,9.845666630705766,9
2996686,9.867292896575602,7
2996691,9.91000520914487,5
2996700,9.82881326661256,9
2996712,9.744310611234956,12
2996728,9.609355101214195,16
2996740,9.763547058637238,12
2996751,9.788958290380192,11
2996764,9.742787070059114,13
2996765,10.0,1
2996772,9.883994475513962,7
2996776,9.956370744700475,4
2996783,9.882539405032851,7
2996795,9.771170240617314,12
2996810,9.66385753859859,15
2997310,-16.71327086999455,500
2997318,9.860557575411736,8
2997328,9.77669666786919,10
2997337,9.827651171630707,9
2997343,9.888522905517323,6
2997353,9.769985683068688,10
2997360,9.775288617962522,7
2997368,9.828002753929656,8
2997373,9.908001581013881,5
2997384,9.77157541271549,11
2997389,9.910496794189749,5
2997399,9.805662392790463,10
2997410,9.744936835171707,11
2997422,9.742230053620338,12
2997431,9.828898575045224,9
2997433,9.971730505945049,2
2997437,9.927275611634798,4
2997445,9.833257059736768,8
2997459,9.72854648595788,14
2997474,9.64366588333244,15
2997480,9.905774934065716,6
2997497,9.424033179984315,17
2997506,9.811328188741122,9
2997528,9.504111548665103,22
2997535,9.852386551622127,7
2997539,9.938051899864716,4
2997553,9.694829637570807,14
2997568,9.659123480046436,15
2997584,9.65283863296021,16
2997598,9.66220672464284,14
2997608,9.777339848809389,10
2997613,9.915894011780276,5
2997624,9.753295903750754,11
2997634,9.78707293515223,10
2997640,9.885934075875253,6
2997649,9.79539816427077,9
2997663,9.725075313298797,14
2997668,9.935996726877523,5
2997682,9.661643876948768,14
2997694,9.723376281350873,12
2997703,9.838123583877284,9
2997711,9.848887992819662,8
2997718,9.880563727286722,7
2997719,10.0,1
2997720,10.0,1
2997725,9.733565634627539,5
2997737,9.722781188227424,12
2997746,9.826691235993398,9
2997756,9.69564157983894,10
2997757,10.0,1
2997771,9.668276299416668,14
2997773,9.980862202540296,2
2997786,9.706629650705128,13
2997802,9.528348232471027,16
2997812,9.771419877482696,10
2997819,9.867032425084014,7
2997827,9.838503053668232,8
2997829,9.978425272093356,2
2997836,9.876653349774854,7
2997848,9.733427930939017,12
2997859,9.779837140213713,11
2997862,9.962992004592595,3
2997870,9.347563235618539,8
2997884,9.687877678060765,14
2997890,9.67602209698279,6
2997891,10.0,1
2997896,9.927864867750717,5
2997910,9.702080507236294,14
2997921,9.794408702819766,11
2997935,9.681072282895435,14
2997940,9.925025183748751,5
2997941,10.0,1
2997949,9.831161430271612,8
2997960,9.759294710786262,11
2997968,9.867017657385457,8
2997982,9.720782451234827,14
2997985,9.955461488827225,3
2997986,10.0,1
2997989,9.950350808768297,3
2997998,9.835716966559687,9
2998003,9.911521059200414,5
2998017,9.755928998332552,14
2998028,9.76310567633017,11
2998033,9.911188821335053,5
2998047,9.698876198391618,14
2998048,10.0,1
2998049,9.989262439399651,1
2998056,9.885963497860615,7
2998073,9.630748287219301,17
2998080,9.85378363100728,7
2998085,9.915036013520114,5
2998086,10.0,1
2998087,10.0,1
2998097,9.804008713760602,10
2998109,9.741539634416858,12
2998112,9.965918812395465,3
2998113,10.0,1
2998123,9.796049207364243,10
2998135,9.741687303163147,12
2998141,9.918879496597725,6
2998154,9.723422607802222,13
2998156,9.971107438995434,2
2998164,9.84138638092169,8
2998177,9.72244537488012,13
2998178,10.0,1
2998187,9.867286221012563,9
2998196,9.812117758776507,9
2998210,9.705268239200898,14
2998213,9.951642551869885,3
2998226,9.74664152887248,13
2998229,9.965340486008648,3
2998238,9.812242452711514,9
2998251,9.690532660095766,13
2998260,9.864951376253247,9
2998267,9.847453216362172,7
2998281,9.669309045294087,14
2998299,9.588189243333252,18
2998302,9.95382868933659,3
2998319,9.592355591103768,17
2998334,9.666318154881495,15
2998340,9.899239927089155,6
2998346,9.893914797239894,6
2998355,9.846773527725999,9
2998361,9.897483148876665,6
2998373,9.710496856280116,12
2998391,9.563280639806777,18
2998404,9.701165697154565,13
2998412,9.849697374741405,8
2998423,9.775587829438175,11
2998431,9.830827454201632,8
2998438,9.850118925815389,7
2998443,9.916422602940791,5
2998444,10.0,1
2998450,9.897029843329028,6
2998454,9.947039643776309,4
2998459,9.929695462136117,5
2998463,9.936612315148633,4
2998467,9.944163349687807,4
2998474,9.867060885392357,7
2998475,10.0,1
2998476,10.0,1
2998490,9.603690655328258,14
2998495,9.92471970094982,5
2998503,9.829222882570162,8
2998508,9.908045971043979,5
2998511,9.96042000154856,3
2998524,9.759127399940004,13
2998529,9.919741488431121,5
2998542,9.74191020439865,13
2998594,9.097504236572597,52
2998614,9.580922069723297,20
2998615,10.0,1
2998625,9.787229556420241,10
2998634,9.86093676486678,9
2998640,9.884437938023257,6
2998651,9.74598481316947,11
2998658,9.87298471735243,7
2998669,9.754941774573584,11
2998676,9.888391006293825,7
2998682,9.885650183925819,6
2998694,9.707895613250816,12
2998707,9.69410846823374,13
2998716,9.61959528473981,9
2998723,9.873656467534687,7
2998732,9.83286663915501,9
2998735,9.946081675528735,3
2998741,9.869456398497197,6
2998749,9.8319342506755,8
2998755,9.892652933513057,6
2998764,9.855092078869825,9
2998768,9.924794623398219,4
2998772,9.939972248478929,4
2998785,9.699430734329367,13
2998795,9.788628176613143,10
2998807,9.750292599012637,12
2998812,9.91465489412543,5
2998814,9.966631855648295,2
2998823,9.800232866496117,9
2998826,9.955288745082765,3
2998832,9.901366478304537,6
2998839,9.881769374349577,7
2998845,9.886904344864103,6
2998851,9.892238947398315,6
2998858,9.85459214685506,7
2998868,9.785103165691615,10
2998877,9.831400791335591,9
2998884,9.867723219863846,7
2998888,9.930953304092156,4
2998893,9.914250969514631,5
2998905,9.757593498748037,12
2998912,9.880753744179977,7
2998913,10.0,1
2998925,9.7507644328113,12
2998928,9.960957345879704,3
2998938,9.78520249714691,10
2998945,9.860754835861911,7
2998949,9.948599084943988,4
2998958,9.834061092525129,9
2998968,9.804784661475978,10
2998973,9.939163600477356,5
2998974,10.0,1
2998983,9.813526567638043,9
2998990,9.888939369613595,7
2999002,9.739371499916226,12
2999007,9.914254848037672,5
2999017,9.78000036955162,10
2999022,9.905934308116198,5
2999027,9.928554240433343,5
2999039,9.757388671098742,12
2999045,9.89763084825782,6
2999052,9.86977555073149,7
2999058,9.897663701998548,6
2999069,9.76415921191243,11
2999070,10.0,1
2999085,9.648276548056167,15
2999103,9.623696354865343,18
2999118,9.635050889534783,15
2999124,9.897173422607915,6
2999128,9.954464939773386,4
2999136,9.847517430984933,8
2999148,9.72741778572744,12
2999154,9.902276009030269,6
2999159,9.93248161407722,5
2999172,9.701875404120143,13
2999181,9.855400277480408,9
2999191,9.78347643314175,10
2999192,10.0,1
2999203,9.739713320365565,11
2999212,9.798359203024793,9
2999223,9.770153789172562,11
2999228,9.936690376044957,5
2999229,10.0,1
2999230,10.0,1
2999234,9.944666796855161,4
2999248,9.676750349753698,14
2999257,9.82738380215004,9
2999264,9.888595740707885,7
2999265,9.993250318519216,1
2999267,9.97990081297875,2
2999275,9.856041639023639,8
2999281,9.89972493628626,6
2999290,9.838695106583497,9
2999293,9.961815039292228,3
2999302,9.809637356377442,9
2999306,9.950164173548359,4
2999315,9.804698661411772,9
2999331,9.631716225897328,16
2999332,10.0,1
2999342,9.778238813851715,10
2999347,9.922088290645611,5
2999363,9.647061092473889,16
2999382,9.545045965338444,19
2999385,9.962028037394287,3
2999386,10.0,1
2999393,9.863630095510144,7
2999399,9.905719387976848,6
2999409,9.781546037334403,10
2999415,9.8910861420335,6
2999429,9.684469573083767,14
2999441,9.72521358593224,12
2999449,9.845707514408767,8
2999458,9.806527386318427,9
2999462,9.935433638592745,4
2999463,10.0,1
2999467,9.95425776158352,4
2999477,9.7803832932854,10
2999486,9.816248575186366,9
2999495,9.83966909888015,9
2999496,10.0,1
2999499,9.954967936002374,3
2999509,9.829071344389012,10
2999520,9.777405470101343,11
2999527,9.874531077961821,7
2999531,9.945713591015746,4
2999533,9.98128725501966,2
2999547,9.67485911987366,14
2999558,9.766662145484778,11
2999579,9.617754294709556,21
2999587,9.869425306222038,8
2999588,10.0,1
2999602,9.64807309786301,14
2999608,9.698207750726752,6
2999621,9.743035554199272,13
2999628,9.86162958187524,7
2999639,9.76938519678289,11
2999648,9.82448645628314,9
2999654,9.882047803027314,6
2999664,9.839415351591205,10
2999676,9.740759884551617,12
2999684,9.836037292091383,8
2999696,9.741830309696862,12
2999708,9.744742087470732,12
2999720,9.73801758753026,12
2999728,9.847841322874038,8
2999738,9.793856092513996,10
2999748,9.803005839179894,10
2999751,9.964745456490542,3
2999757,9.879759146437694,6
2999761,9.935654593545753,4
2999762,10.0,1
2999763,10.0,1
2999772,9.81485799298945,9
2999782,9.775924425139863,10
2999784,9.972505308568103,2
2999794,9.804071525557832,10
2999795,10.0,1
2999796,10.0,1
2999798,9.974282152996429,2
2999807,9.801191691567587,9
2999825,9.580661324997937,18
2999837,9.75975332944217,12
2999852,9.637327209123962,15
2999857,9.92836043738826,5
2999859,9.971738892584195,2
2999866,9.875906824088561,7
2999873,9.855801032062466,7
2999880,9.881646652738493,7
2999881,10.0,1
2999900,7.143442802690152,19
2999906,9.88764838987756,6
2999911,9.91358567379249,5
2999915,9.942799055574742,4
2999924,9.800003151982152,9
2999932,9.845984177169422,8
2999947,9.643143112603838,15
2999956,9.805458881995039,9
2999970,9.682164060200458,14
2999973,9.953114250189909,3
2999981,9.85826084302522,8
2999986,9.908864269863612,5
2999997,9.744865344925975,11
3000007,9.794813309013122,10
3000015,9.86684555376562,8
3000022,9.889796499528446,7
3000031,9.82503162328587,9
3000038,9.84636868459626,7
3000046,9.822258851862527,8
3000054,9.81568722480873,8
3000060,9.883773020547716,6
3000061,10.0,1
3000070,9.819069508634103,9
3000077,9.864076774304836,7
3000577,-206.3924132262179,500
3000586,9.815158196410259,9
3000589,9.970165884165201,3
3000590,10.0,1
3000598,9.829459144624307,8
3000609,9.767287639371949,11
3000622,9.684771841220892,13
3000629,9.863416362436297,7
3000630,10.0,1
3000633,9.962059733994717,3
3000634,10.0,1
3000652,9.502924812522041,18
3000663,9.741892426201305,11
3000673,9.818924442802063,10
3000678,9.9185516846573,5
3000687,9.794356447506537,9
3000688,10.0,1
3000700,9.74805197884333,12
3000714,9.667759896429109,14
3000722,9.859741357627083,8
3000731,9.823205577632715,9
3000741,9.772797457254509,10
3000750,9.8285727384537,9
3000758,9.876788379502326,8
3000759,10.0,1
3000771,9.740613398056986,12
3000772,10.0,1
3000782,9.811760391212452,10
3000787,9.9094793073119,5
3000793,9.890191823020919,6
3000806,9.699485674618831,13
3000824,9.585377005633909,18
3000830,9.880670205787313,6
3000836,9.895482325880955,6
3000840,9.933617001295858,4
3000848,9.839231604258618,8
3000851,9.961638996633619,3
3000858,9.85901201923796,7
3000868,9.801987505438795,10
3000884,9.621634324531355,16
3000900,9.650452468017612,16
3000910,9.824168795894915,10
3000918,9.845168454709114,8
3000930,9.784636566825812,12
3000940,9.81634347558034,10
3000942,9.971205221368812,2
3000946,9.938364465402875,4
3000960,9.694483216397854,14
3000970,9.801460608612599,10
3000976,9.891906402127775,6
3000985,9.812767941497443,9
3000990,9.906843986333493,5
3001002,9.718127431515923,12
3001003,10.0,1
3001011,9.861634531120522,8
3001023,9.74927429032003,12
3001047,9.510804487354383,24
3001053,9.904142760378152,6
3001064,9.661686886162084,11
3001072,9.843128700645911,8
3001089,9.634355097024294,17
3001100,9.743742590552236,11
3001119,9.655032500761555,19
3001124,9.916628189386238,5
3001128,9.929527488311425,4
3001140,9.733747064885526,12
3001145,9.936228269652467,5
3001157,9.77977376384331,12
3001163,9.901515435687598,6
3001177,9.681025852065197,14
3001182,9.909351795335837,5
3001185,9.964529747758839,3
3001196,9.78126901144848,11
3001204,9.861597727613775,8
3001205,10.0,1
3001211,9.88941809288861,6
3001222,9.768947326264747,11
3001229,9.872059843872071,7
3001233,9.955576177311228,4
3001245,9.739656705065999,12
3001246,10.0,1
3001252,9.891250068413528,6
3001256,9.922871122376792,4
3001275,9.524032745446274,19
3001284,9.80514761424702,9
3001295,9.769779364156406,11
3001304,9.832932479102265,9
3001317,9.724066962594506,13
3001321,9.934837899234562,4
3001326,9.910785268788135,5
3001332,9.907314075969005,6
3001342,9.801604461480446,10
3001351,9.81777460430578,9
3001356,9.911441456730925,5
3001379,9.501377002312966,23
3001380,10.0,1
3001385,9.929173922571305,5
3001394,9.823500491439344,9
3001395,10.0,1
3001402,9.873068023729326,7
3001411,9.830258897761158,9
3001420,9.814902821309428,9
3001434,9.638216023400883,14
3001441,9.898445961761613,7
3001442,10.0,1
3001448,9.894958104788627,6
3001459,9.791915331400668,11
3001462,9.962887294138094,3
3001472,9.79306132057751,10
3001489,9.606061363868267,17
3001498,9.826431875522438,9
3001506,9.838072788246903,8
3001513,9.877565930833011,7
3001514,10.0,1
3001524,9.794888786956625,10
3001534,9.774973872283155,10
3001536,9.97658115602597,2
3001543,9.871618488212274,7
3001552,9.805559328145623,9
3001575,9.509284924411071,23
3001583,9.869553307584757,8
3001592,9.820620214032175,9
3001607,9.670478483042562,15
3001612,9.906683208099226,5
3001618,9.91261159756952,6
3001627,9.838120457051142,9
3001634,9.906550340796745,7
3001645,9.825229687300375,11
3001651,9.88873932437371,6
3001656,9.916022001963514,5
3001666,9.804531725961647,10
3001667,10.0,1
3001680,9.73357583689728,13
3001688,9.842557215225458,8
3001694,9.900840861398668,6
3001709,9.536479053966413,15
3001722,9.696381895042004,13
3001726,9.93901005784602,4
3001739,9.705259558006464,13
3001746,9.879313928399888,7
3001757,9.776016354048666,11
3001761,9.94288943383297,4
3001767,9.90166367603637,6
3001769,9.98458787880056,2
3001782,9.735794710401487,13
3001796,9.55898779334684,14
3001802,9.697700383982635,6
3001816,9.700187459658498,14
3001827,9.762322932620487,11
3001838,9.777928430548009,11
3001841,9.955568249943052,3
3001852,9.770569747125315,11
3001867,9.461923794867513,15
3001872,9.925570487060526,5
3001882,9.796160306445222,10
3001890,9.842309242944884,8
3001897,9.852188393715382,7
3001904,9.870943877179993,7
3001914,9.812645054500923,10
3001915,9.98822630845909,1
3001924,9.837873222196217,9
3001933,9.819050271191834,9
3001946,9.68314223826228,13
3001952,9.896517212521315,6
3001958,9.909519946272464,6
3001964,9.895706401367532,6
3001975,9.804921381204805,11
3001978,9.965367735085117,3
3002006,9.488887870846641,28
3002011,9.915239421896638,5
3002016,9.912154914428646,5
3002017,10.0,1
3002022,9.924301891948737,5
3002035,9.691944508791615,13
3002046,9.74841863815277,11
3002061,9.651372107330664,15
3002069,9.848863499122132,8
3002083,9.697909892955526,14
3002084,10.0,1
3002093,9.827515708182181,9
3002094,10.0,1
3002103,9.806970188450531,9
3002108,9.922677912457015,5
3002109,10.0,1
3002118,9.83298655467438,9
3002130,9.77306935741318,12
3002144,9.651007964416577,14
3002150,9.888918856240767,6
3002157,9.884106123773355,7
3002166,9.82832671780087,9
3002177,9.760771912052599,11
3002190,9.697246618677692,13
3002198,9.852758918370839,8
3002203,9.91469167557897,5
3002217,9.60286942371139,14
3002224,9.897911545854148,7
3002233,9.804786848706614,9
3002243,9.81709897375194,10
3002254,9.782601752061383,11
3002265,9.782900231451947,11
3002272,9.86177235830097,7
3002277,9.934406524815822,5
3002283,9.901405040601492,6
3002290,9.875903842121296,7
3002299,9.80587370142125,9
3002309,9.799409476507828,10
3002321,9.728819589097045,12
3002330,9.814157542330518,9
3002345,9.68349543300749,15
3002349,9.953161791591649,4
3002355,9.878440578457893,6
3002356,10.0,1
3002372,9.700855863335004,16
3002391,9.450177640775944,19
3002399,9.83901617429191,8
3002427,8.561166595440463,28
3002435,9.853766758257732,8
3002443,9.742712891598105,8
3002457,9.711988970200723,14
3002463,9.878693147967097,6
3002471,9.847142735340892,8
3002480,9.865176154473236,9
3002488,9.866945429155614,8
3002491,9.965035647718372,3
3002492,9.989257118441715,1
3002493,10.0,1
3002503,9.789539799896975,10
3002516,9.707103840661471,13
3002519,9.968427192700181,3
3002527,9.831051034847121,8
3002535,9.858737658894352,8
3002554,9.55283529864041,19
3002571,9.601218202751406,17
3002586,9.639375730631645,15
3002598,9.741147415687411,12
3002609,9.739529916422962,11
3002622,9.750833603482215,13
3002635,9.703569208057344,13
3002638,9.959174520697793,3
3002643,9.90586646254311,5
3002648,9.921276350151608,5
3002661,9.678554214750354,13
3002664,9.95970185231409,3
3002674,9.806247333129162,10
3002686,9.72729490829414,12
3002695,9.811113164522563,9
3002706,9.75190191512941,11
3002711,9.93878446735385,5
3002721,9.782893919006188,10
3002738,9.602411331769945,17
3002745,9.856148158957641,7
3002758,9.688209931952533,13
3002764,9.8770813041301,6
3002777,9.72507237631065,13
3002786,9.802742724437413,9
3002787,10.0,1
3002788,9.992778891763034,1
3002799,9.778843025515558,11
3002810,9.795020120451165,11
3002816,9.914190291479477,6
3002820,9.934430594585757,4
3002838,9.600036838529311,18
3002845,9.885227031524481,7
3002859,9.647407532644587,14
3002870,9.7929081018652,11
3002871,10.0,1
3002878,9.88789752867959,7
3002890,9.755446706312053,12
3002908,9.379925328721693,18
3002922,9.69296554022962,14
3002935,9.704583665974654,13
3002944,9.81938305180443,9
3002953,9.835601054049182,9
3002956,9.951708215236048,3
3002964,9.844019998881047,8
3002965,10.0,1
3002976,9.786254075800827,11
3002983,9.871062582466813,7
3003000,9.592743474592094,17
3003006,9.886858454433298,6
3003015,9.838871248592156,9
3003022,9.860215714608827,7
3003023,10.0,1
3003036,9.703593374090504,13
3003039,9.949538753956283,3
3003047,9.868171155238493,8
3003048,10.0,1
3003058,9.778543305905009,10
3003061,9.96334074140279,3
3003073,9.74462351885949,12
3003080,9.904039203705338,7
3003088,9.83426715626612,8
3003092,9.925505576886222,4
3003102,9.793211657284571,10
3003117,9.655861635615866,15
3003128,9.805453590850995,11
3003141,9.728033923416454,13
3003145,9.940707191514196,4
3003154,9.79914311807922,9
3003167,9.73016776680197,13
3003176,9.823922533363854,9
3003186,9.791514771126456,10
3003193,9.872157741902774,7
3003199,9.917613892856446,6
3003210,9.748296588086257,11
3003226,9.623171244824464,16
3003233,9.881647736332123,7
3003271,0.0581307519476475,38
3003282,9.750669567908721,11
3003782,-192.62095402060538,500
3003786,9.934705572636446,4
3003787,10.0,1
3003794,9.872791979765715,7
3003804,9.776037640073579,10
3003808,9.94336041406113,4
3003819,9.767974945906149,11
3003835,9.643459009364763,16
3003849,9.680818445503169,14
3003850,9.99180150137349,1
3003851,10.0,1
3003865,9.665999558615695,14
3003866,10.0,1
3003873,9.88597286297311,7
3003885,9.774609398858326,12
3003889,9.94519304931179,4
3003892,9.964339741484908,3
3003902,9.797452424140824,10
3003903,10.0,1
3003916,9.775491559627874,13
3003927,9.768039629250085,11
3003928,10.0,1
3003934,9.903181723654242,6
3003935,10.0,1
3003944,9.821039872355318,9
3003947,9.953937749377836,3
3003957,9.804483655328095,10
3003965,9.843089703356942,8
3003968,9.953250126381429,3
3003977,9.808961065370376,9
3003987,9.800677241925248,10
3003992,9.926617682131305,5
3003999,9.85668173623691,7
3004008,9.834093188935729,9
3004018,9.82643899085109,10
3004027,9.860799684380865,9
3004033,9.903020116504353,6
3004047,9.683844105295112,14
3004048,10.0,1
3004059,9.765454223509643,11
3004065,9.908223507054542,6
3004066,9.991605219616078,1
3004071,9.90302236591924,5
3004075,9.937044387569575,4
3004084,9.793066544577405,9
3004096,9.654446428523363,12
3004098,9.97780950931961,2
3004099,9.993157252785583,1
3004102,9.960561814771056,3
3004103,10.0,1
3004108,9.923864237143732,5
3004110,9.976303764277684,2
3004121,9.7430625309023,11
3004132,9.742763320055019,11
3004138,9.883059807833702,6
3004144,9.898370581068608,6
3004145,10.0,1
3004152,9.854232800783558,7
3004156,9.94478428850274,4
3004162,9.900285954612965,6
3004171,9.820429150541518,9
3004176,9.922070015940013,5
3004189,9.716160606392478,13
3004194,9.91211169568932,5
3004195,10.0,1
3004207,9.742478796771266,12
3004212,9.907064254921206,5
3004218,9.891458140927607,6
3004226,9.817599100222735,8
3004235,9.843300144890454,9
3004242,9.88137635472741,7
3004246,9.941521942775603,4
3004255,9.807723679560185,9
3004272,9.604950080575632,17
3004277,9.938693040049479,5
3004289,9.70141255548457,12
3004305,9.265443769552359,16
3004317,9.723071146648934,12
3004324,9.859304552231956,7
3004328,9.928802906448231,4
3004334,9.875967563497236,6
3004346,9.715649631376115,12
3004352,9.895517397907977,6
3004360,9.848692448958998,8
3004367,9.87917734667006,7
3004379,9.734539397825756,12
3004390,9.186520937500976,11
3004394,9.7358868496805,4
3004408,9.706215941942586,14
3004417,9.82667331963405,9
3004431,9.713324966578218,14
3004444,9.705377434111803,13
3004464,9.56568496963213,20
3004471,9.856536153706067,7
3004486,9.672474002151251,15
3004499,9.72062256770481,13
3004506,9.871831029890386,7
3004508,9.983649734884972,2
3004517,9.805983402299479,9
3004519,9.972444080239388,2
3004520,9.987456799886596,1
3004534,9.706456267654124,14
3004544,9.794751274956132,10
3004546,9.967543141239425,2
3004555,9.842306688268328,9
3004564,9.823834993137204,9
3004571,9.869479436767728,7
3004576,9.923775334986896,5
3004582,9.901480326861577,6
3004592,9.803961745586548,10
3004593,9.996588498741673,1
3004603,9.809787862161786,10
3004604,10.0,1
3004615,9.784545689284796,11
3004621,9.89464728417193,6
3004632,9.771360475426393,11
3004643,9.776883949524901,11
3004652,9.833768051155046,9
3004660,9.867019187565093,8
3004674,9.679773930541819,14
3004678,9.933939966461253,4
3004689,9.77235037791884,11
3004693,9.929250714898032,4
3004694,9.989898937680545,1
3004707,9.719027456776889,13
3004717,9.784737993583708,10
3004725,9.821414654688283,8
3004739,9.696270816712323,14
3004752,9.721463864080958,13
3004759,9.87929015725434,7
3004772,9.719305870682806,13
3004775,9.95554701513756,3
3004786,9.72854620118419,11
3004796,9.80054209702469,10
3004797,10.0,1
3004798,10.0,1
3004799,10.0,1
3004803,9.937490199695555,4
3004809,9.890127011306957,6
3004819,9.812269180279097,10
3004830,9.788693274996067,11
3004838,9.855119224672126,8
3004843,9.924841793911035,5
3004863,9.573330772015154,20
3004881,9.391236461738526,18
3004894,9.717392570911555,13
3004910,9.706984947743868,16
3004919,9.818843985365506,9
3004924,9.92101853511429,5
3004932,9.817176098224477,8
3004940,9.86771087660336,8
3004947,9.859260769033583,7
3004956,9.845302043642574,9
3004965,9.822612625561046,9
3004974,9.604710587286602,9
3004989,9.698753118020996,15
3004996,9.858201578353347,7
3005008,9.741935612937565,12
3005023,9.704829457394137,15
3005030,9.859297127853694,7
3005041,9.776271174362568,11
3005056,9.696820354941645,15
3005062,9.897489765148267,6
3005071,9.80846592204366,9
3005073,9.975579256720689,2
3005084,9.78433916214136,11
3005088,9.9358263340709,4
3005100,9.725468399338423,12
3005101,10.0,1
3005102,10.0,1
3005108,9.905927094626351,6
3005109,10.0,1
3005122,9.69735796417696,13
3005123,10.0,1
3005124,10.0,1
3005135,9.760503980907322,11
3005152,9.672292735449865,17
3005161,9.813661458076282,9
3005172,9.773585423573586,11
3005188,9.632065562493578,16
3005192,9.93960025460578,4
3005201,9.815950785684326,9
3005214,9.704022336036838,13
3005222,9.832012071464414,8
3005230,9.868369382897676,8
3005239,9.81776824034569,9
3005241,9.970604090268358,2
3005256,9.65914875231177,15
3005271,9.630704299519847,15
3005281,9.786011284507294,10
3005290,9.796606388994311,9
3005307,9.645517940748602,17
3005318,9.808201967006832,11
3005325,9.856361497444471,7
3005333,9.83673499577238,8
3005340,9.868855079319658,7
3005348,9.820853671355705,8
3005357,9.816534686384397,9
3005370,9.726136270938303,13
3005378,9.83618643782147,8
3005386,9.857082083138893,8
3005393,9.860491414629024,7
3005409,9.608780834614556,16
3005415,9.897048592502037,6
3005423,9.846271546514147,8
3005434,9.753016909604412,11
3005435,9.996329367666101,1
3005446,9.761051598034596,11
3005456,9.802408175206951,10
3005463,9.857394274597832,7
3005473,9.800618170461487,10
3005477,9.939104565010444,4
3005489,9.774418924226817,12
3005498,9.814956586071053,9
3005512,9.708009425353495,14
3005515,9.967027097471126,3
3005524,9.83231807164564,9
3005537,9.718003608169628,13
3005552,9.648578568068135,15
3005553,10.0,1
3005564,9.761809984898559,11
3005573,9.818298215521999,9
3005587,9.67967523539055,14
3005588,10.0,1
3005600,9.727292671108788,12
3005605,9.916882091744847,5
3005610,9.91610923013731,5
3005620,9.800289207762278,10
3005634,9.659451107891726,14
3005635,10.0,1
3005647,9.787147415197618,12
3005650,9.950170844806069,3
3005661,9.764687824911592,11
3005674,9.700145182774468,13
3005685,9.75973089144648,11
3005696,9.795562732302045,11
3005709,9.714184826670762,13
3005722,9.724816640303192,13
3005736,9.709240198513474,14
3005740,9.953187707001506,4
3005749,9.833837196315443,9
3005752,9.958659134562959,3
3005763,9.746819935129512,11
3005771,9.882341876057994,8
3005775,9.947362064486956,4
3005792,9.655441255165313,17
3005802,9.78384011406169,10
3005805,9.965145658555336,3
3005811,9.900049249586887,6
3005813,9.976519746848837,2
3005814,10.0,1
3005820,9.882212419579611,6
3005838,9.602531285184105,18
3005843,9.935606683630128,5
3005846,9.954270612822778,3
3005863,9.618844840525739,17
3005874,9.763535736937294,11
3005887,9.720167310987337,13
3005898,9.746868385292517,11
3005910,9.732563243781138,12
3005919,9.603275249579601,9
3005933,9.696300468194279,14
3005939,9.91971498696677,6
3005946,9.887148115694925,7
3005955,9.833433832796292,9
3005959,9.939682056845825,4
3005972,9.716330161439965,13
3005983,9.774476946466137,11
3005991,9.846151744072833,8
3006004,9.617033977425322,13
3006012,9.844058972401317,8
3006019,9.848656040042947,7
3006026,9.867941270744723,7
3006032,9.877578356895414,6
3006033,10.0,1
3006042,9.815324869801401,9
3006057,9.67130540407376,15
3006076,9.580391096175353,19
3006079,9.97276083696952,3
3006094,9.479746977999298,15
3006110,9.610509808156541,16
3006125,9.682074885361235,15
3006132,9.874287773101836,7
3006133,10.0,1
3006138,9.911697100298975,5
3006146,9.84121258215535,8
3006152,9.878376006420146,6
3006163,9.781560303917345,11
3006165,9.966676661668501,2
3006173,9.84353034656896,8
3006177,9.939703818023476,4
3006192,9.655536886174074,15
3006201,9.839710494938648,9
3006207,9.908520769658828,6
3006216,9.83740542593878,9
3006225,9.812987650303914,9
3006236,9.768121553127948,11
3006237,10.0,1
3006248,9.737057098104286,11
3006263,9.665457851562731,15
3006273,9.81158593084573,10
3006274,10.0,1
3006288,9.70094746292804,14
3006289,10.0,1
3006299,9.82473495493943,10
3006306,9.885065625567552,7
3006310,9.928721380316832,4
3006317,9.854952409339866,7
3006326,9.819386816035873,9
3006328,9.972942759197439,2
3006340,9.71189819688761,12
3006349,9.8179246743692,9
3006350,10.0,1
3006364,9.68404521409377,14
3006365,10.0,1
3006377,9.730954072468158,12
3006388,9.75393676385421,11
3006394,9.894442671878249,6
3006399,9.9071903004433,5
3006412,9.75061590336157,13
3006416,9.946048929810141,4
3006429,9.707607826873902,13
3006430,10.0,1
3006438,9.835382966954008,8
3006447,9.816310640574889,9
3006451,9.942134280918701,4
3006460,9.80224512669278,9
3006469,9.827298084348692,9
3006477,9.843845882310529,8
3006490,9.775066037035096,13
3006508,9.108433992024752,18
3006509,10.0,1
3006510,10.0,1
3006527,9.652831664202997,17
3006535,9.83852593226399,8
3006548,9.728971773043236,13
3006553,9.923903742676446,5
3006554,10.0,1
3006561,9.882218909871375,7
3006581,9.51395096114365,20
3006584,9.948872541000755,3
3006594,9.79542870627933,10
3006600,9.902896633059076,6
3006612,9.737892453863822,12
3006618,9.916296047798339,6
3006628,9.792738385673644,10
3006639,9.742229760515475,11
3006643,9.9416540681187,4
3006653,9.766667745788894,10
3006654,10.0,1
3006673,9.455308040307216,19
3006682,9.824549934367813,9
3006685,9.963303197632627,3
3006696,9.787628179404964,11
3006701,9.916610819965626,5
3006715,9.672451033798794,14
3006723,9.856095124997896,8
3006724,10.0,1
3006732,9.823232490185447,8
3006745,9.722710733381396,13
3006750,9.917942460844344,5
3006757,9.893164120936426,7
3006760,9.966440790161169,3
3006769,9.790025707540572,9
3006778,9.808254648863077,9
3006785,9.874347446531807,7
3006795,9.785415847474189,10
3006811,9.670381954884986,16
3006813,9.978991609890983,2
3006832,9.67682444221247,19
3006855,9.398340789889597,23
3006867,9.725950951052727,12
3006877,9.79253464090657,10
3006884,9.878345013349374,7
3006892,9.86091069521803,8
3006900,9.832393724040834,8
3006907,9.86585240175623,7
3006919,9.738033468938264,12
3006929,9.798664453811805,10
3006944,9.65376032386611,15
3006951,9.896468287807407,7
3006958,9.860226530153046,7
3006959,9.992998448246794,1
3006962,9.970729703837709,3
3006969,9.862475565167221,7
3006982,9.737636997522598,13
3006988,9.887625891120319,6
3006996,9.882858162927459,8
3007003,9.886453333682068,7
3007012,9.83160202337038,9
3007013,9.992728760946544,1
3007017,9.935269833694495,4
3007024,9.893039983545734,7
3007039,9.66566822600914,15
3007046,9.872157518482664,7
3007063,9.648867215791377,17
3007071,9.864105599296183,8
3007081,9.781420277682312,10
3007093,9.725924326866792,12
3007099,9.897768101645319,6
3007117,9.565536049346344,18
3007118,10.0,1
3007132,9.761729897858483,14
3007140,9.845903899099,8
3007152,9.742748495983895,12
3007156,9.940950192976928,4
3007164,9.854289213946359,8
3007175,9.744963502953233,11
3007184,9.805049761204787,9
3007197,9.727107992391618,13
3007211,9.665044064765157,14
3007220,9.83695437414912,9
3007226,9.897982759616752,6
3007230,9.940731348186336,4
3007235,9.89933613747522,5
3007246,9.799337021304606,11
3007247,10.0,1
3007257,9.769025366689279,10
3007266,9.813076729554224,9
3007278,9.745115116388432,12
3007292,9.673567259921613,14
3007298,9.879957356748424,6
3007301,9.951381641841696,3
3007318,9.56704348374313,17
3007322,9.947520012042144,4
3007336,9.671424259779839,14
3007346,9.81385836607505,10
3007353,9.864624366749377,7
3007360,9.87095857613039,7
3007372,9.73130914675662,12
3007379,9.847246145833351,7
3007390,9.760715473365547,11
3007402,9.754243027351702,12
3007410,9.830716986091687,8
3007419,9.800378009352487,9
3007420,10.0,1
3007432,9.73560541824953,12
3007440,9.836264758476556,8
3007450,9.793977473296055,10
3007460,9.799896677516312,10
3007469,9.800550468878097,9
3007477,9.84786883853322,8
3007484,9.850978861003735,7
3007495,9.793252149434991,11
3007496,10.0,1
3007507,9.776916775079123,11
3007511,9.944628246798532,4
3007521,9.773288238251865,10
3007525,9.94375466360293,4
3007536,9.757714879863729,11
3007539,9.95838494532796,3
3007550,9.753712250058308,11
3007562,9.756415941173492,12
3007573,9.797902725758982,11
3007582,9.828937576269956,9
3007590,9.844788294633531,8
3007598,9.848575897562617,8
3007615,9.622437325423718,17
3007619,9.920984686610552,4
3007621,9.973166052792052,2
3007627,9.879708115528544,6
3007637,9.826482510251507,10
3007649,9.751271744146425,12
3007654,9.921864254711473,5
3007655,10.0,1
3007660,9.91374351978553,5
3007666,9.875561261015834,6
3007671,9.912129669707648,5
3007672,10.0,1
3007677,9.91100466724694,5
3007682,9.917400962718947,5
3007691,9.812864189652263,9
3007703,9.714418935650247,12
3007718,9.648315322573707,15
3007726,9.853393044679974,8
3007736,9.772812357058601,10
3007748,9.72555024277017,12
3007759,9.558099912611661,11
3007770,9.778760042134433,11
3007781,9.752365409511205,11
3007782,10.0,1
3007794,9.706777726308061,12
3007801,9.864166120381027,7
3007810,9.8255265656081,9
3007812,9.971457522907922,2
3007814,9.975608471686629,2
3007820,9.909069418691123,6
3007828,9.83080636442608,8
3007842,9.682793247621932,14
3007843,10.0,1
3007849,9.920050008764001,6
3007861,9.729926553510793,12
3007867,9.89014807222162,6
3007883,9.651295798159106,16
3007887,9.939123447598591,4
3007891,9.940800156510472,4
3007892,10.0,1
3007903,9.779472990022203,11
3007915,9.759615028698342,12
3007922,9.88227469675083,7
3007936,9.70081980501792,14
3007939,9.94866583183001,3
3007940,9.986556187093981,1
3007950,9.803141585944031,10
3007964,9.692739983278194,14
3007972,9.879717658036167,8
3007982,9.790087504539224,10
3007985,9.963671405470468,3
3008001,9.640958366998573,16
3008009,9.849724983805665,8
3008018,9.817395241151445,9
3008032,9.701163754099195,14
3008033,9.996516647866057,1
3008043,9.799108478890231,10
3008049,9.887807743004613,6
3008052,9.956418307752802,3
3008057,9.926130983393767,5
3008072,9.691241101683257,15
3008078,9.897551197021869,6
3008084,9.90166149471303,6
3008095,9.77016255488868,11
3008110,9.673361794429692,15
3008120,9.815215576032758,10
3008129,9.819823477044723,9
3008142,9.730866457744627,13
3008155,9.72315935960961,13
3008158,9.953566942738975,3
3008164,9.904608023658334,6
3008171,9.856824962387204,7
3008187,9.659713377910021,16
3008206,9.541539040086997,19
3008221,9.673181901871162,15
3008226,9.919473347737735,5
3008230,9.948413067527973,4
3008234,9.931930703046334,4
3008248,9.698430639677115,14
3008257,9.827158654090859,9
3008258,10.0,1
3008268,9.582538052888877,10
3008280,9.741250403542,12
3008285,9.908388014864183,5
3008294,9.82174228929129,9
3008300,9.907255018455007,6
3008304,9.945567018539549,4
3008314,9.843329733302182,10
3008324,9.803580003851975,10
3008341,9.569750839116365,17
3008342,9.99664929838557,1
3008347,9.915278441016238,5
3008357,9.79390935391229,10
3008358,10.0,1
3008367,9.831927413407016,9
3008370,9.968602174962308,3
3008376,9.788091689279069,6
3008383,9.843599032714408,7
3008392,9.82220184762324,9
3008400,9.865327012201739,8
3008403,9.963999645608318,3
3008411,9.819845156866958,8
3008424,9.722793529304962,13
3008431,9.880856068226851,7
3008437,9.894337443456934,6
3008452,9.72287962540068,15
3008469,9.663083082341332,17
3008470,10.0,1
3008471,10.0,1
3008483,9.723837591729463,12
3008492,9.83018309794961,9
3008493,10.0,1
3008506,9.748359900750055,13
3008512,9.893770825272647,6
3008519,9.899426072659713,7
3008532,9.743396781151418,13
3008533,10.0,1
3008537,9.93981363933597,4
3008549,9.70694828255399,12
3008550,10.0,1
3008561,9.733015310159296,11
3008573,9.73226127021427,12
3008583,9.816487025068085,10
3008592,9.821229628144868,9
3008593,10.0,1
3008604,9.801980487336273,11
3008606,9.97003145860964,2
3008609,9.96105946050396,3
3008618,9.849357573146884,9
3008630,9.721397066731436,12
3008646,9.651991142535467,16
3008659,9.715781659214288,13
3008673,9.696766780221049,14
3008685,9.758266569657302,12
3008695,9.786463371792522,10
3008704,9.830787630528535,9
3008709,9.898379955338894,5
3008714,9.929270522425284,5
3008732,9.596554104504056,18
3008738,9.685562491900733,6
3008739,10.0,1
3008751,9.752880192304104,12
3008763,9.753529152371017,12
3008773,9.789865853992188,10
3008774,9.996503323439702,1
3008786,9.732489416113303,12
3008801,9.759732655816777,15
3008806,9.922459592871665,5
3008821,9.622523595624372,15
3008834,9.706846351638196,13
3008843,9.823646146238152,9
3008856,9.518549308616766,13
3008857,10.0,1
3008859,9.97497066163516,2
3008863,9.843942043743239,4
3008874,9.777833333715629,11
3008875,10.0,1
3008882,9.865453283761456,7
3008898,9.648755719160867,16
3008906,9.849473896355843,8
3008915,9.817316617800463,9
3008919,9.939740908878134,4
3008920,10.0,1
3008934,9.690955653011239,14
3008935,10.0,1
3008948,9.726393401477065,13
3008956,9.86428631725932,8
3008967,9.838632012453184,11
3008968,10.0,1
3008986,9.614455365374436,18
3008996,9.781570363414863,10
3009009,9.713762116936206,13
3009021,9.734046921936214,12
3009027,9.87811920605257,6
3009041,9.68824685347062,14
3009052,9.777491565515652,11
3009065,9.711138338303305,13
3009072,9.883837021887647,7
3009084,9.745884813726668,12
3009096,9.749562089515434,12
3009106,9.380552579238854,10
3009113,9.856247699924236,7
3009118,9.914348139844753,5
3009127,9.826670213341199,9
3009130,9.96558024569839,3
3009140,9.793032425095484,10
3009149,9.81825019238563,9
3009158,9.81580687801304,9
3009162,9.93604221245586,4
3009163,10.0,1
3009180,9.66231608988785,17
3009193,9.723761438950605,13
3009202,9.815878782846372,9
3009205,9.963680526350089,3
3009209,9.94537338349496,4
3009219,9.792563752983966,10
3009227,9.819651541324014,8
3009237,9.778429118982617,10
3009244,9.866415101516607,7
3009255,9.767842955103795,11
3009265,9.818007509723392,10
3009280,9.629248136835887,15
3009288,9.85016104292254,8
3009303,9.692763951716275,15
3009319,9.648148225071818,16
3009320,10.0,1
3009331,9.75887106410999,11
3009342,9.748636740747267,11
3009359,9.661187035030784,17
3009369,9.786301008905308,10
3009370,10.0,1
3009379,9.803373223953557,9
3009384,9.896574765597407,5
3009407,9.498196180129744,23
3009408,10.0,1
3009417,9.8477849044334,9
3009428,9.791021439395099,11
3009429,10.0,1
3009439,9.815546840475317,10
3009457,9.643036642303336,18
3009465,9.853588171078602,8
3009478,9.739807631503089,13
3009482,9.941237015296599,4
3009497,9.67948132340854,15
3009514,9.57300256468598,17
3009532,9.58329090071731,18
3009540,9.85356019048345,8
3009549,9.79283565771077,9
3009562,9.730389215299306,13
3009568,9.902349102026713,6
3009577,9.83374235267023,9
3009586,9.814985984293282,9
3009595,9.844616698444854,9
3009607,9.730931268783811,12
3009627,9.602912727619357,20
3009645,9.570564243147215,18
3009646,9.996620719275585,1
3009662,9.646428325997519,16
3009676,9.690268171207975,14
3009686,9.803293376553986,10
3009688,9.977731510283407,2
3009701,9.729343297587697,13
3009708,9.871562460275907,7
3009715,9.863007271469998,7
3009726,9.763123274255173,11
3009733,9.86982150824705,7
3009735,9.980503941078185,2
3009744,9.812154939768538,9
3009747,9.955163088475272,3
3009752,9.90597464433063,5
3009760,9.856828560191147,8
3009763,9.968230491169843,3
3009767,9.953290416411765,4
3009779,9.752994821119733,12
3009783,9.937334422049886,4
3009784,10.0,1
3009795,9.751853943033256,11
3009801,9.897152855884954,6
3009808,9.86231109519423,7
3009809,10.0,1
3009822,9.719096941470287,13
3009835,9.726025326035133,13
3009836,10.0,1
3009837,10.0,1
3009850,9.708965947763751,13
3009866,9.59743423169731,16
3009880,9.585292395234385,14
3009891,9.785867695239473,11
3009908,9.635613755676468,17
3009932,9.511674033684278,24
3009935,9.964672843640543,3
3009944,9.806570722220146,9
3009953,9.853132088230826,9
3009969,9.634364116671058,16
3009976,9.861148111930177,7
3009983,9.889937844357837,7
3009984,10.0,1
3009996,9.736274389368711,12
3010005,9.822695486731506,9
3010013,9.83426811228829,8
3010023,9.775111247022002,10
3010029,9.69286125102965,6
3010035,9.908118235486137,6
3010036,10.0,1
3010051,9.672777511092523,15
3010063,9.714614697304471,12
3010066,9.961614231378977,3
3010069,9.965850201758933,3
3010079,9.776232251357662,10
3010087,9.86120504383056,8
3010101,9.684385053786773,14
3010110,9.80487651654049,9
3010117,9.881057340652811,7
3010126,9.812822215143148,9
3010132,9.875815222776561,6
3010145,9.733158093148694,13
3010156,9.753428344016502,11
3010157,9.987037527995682,1
3010167,9.772652317996284,10
3010176,9.801467150456093,9
3010194,9.556680388199121,18
3010198,9.943021762030236,4
3010214,9.628079942477552,16
3010224,9.784831449528783,10
3010233,9.822326958072603,9
3010241,9.834906016819534,8
3010256,9.693513082522415,15
3010267,9.766389033943538,11
3010272,9.921140939492334,5
3010275,9.958369896851163,3
3010282,9.852714319649623,7
3010287,9.909075900594232,5
3010303,9.634101396736535,16
3010312,9.611298368542327,9
3010320,9.841087207334967,8
3010330,9.762347411457181,10
3010340,9.795735229821702,10
3010352,9.733383890198374,12
3010365,9.732926379177512,13
3010372,9.859103587192658,7
3010376,9.950041582381196,4
3010384,9.872051315394398,8
3010397,9.723394940196128,13
3010399,9.971770471499978,2
3010417,9.599450155584547,18
3010418,9.992214613281183,1
3010419,10.0,1
3010430,9.7522664784417,11
3010443,9.724143556261678,13
3010450,9.87478462540696,7
3010466,9.637916034231395,16
3010474,9.82575740608746,8
3010478,9.941991272028073,4
3010485,9.868758292494194,7
3010489,9.954382434935104,4
3010502,9.72795373253571,13
3010509,9.85640074270041,7
3010522,9.71256126840274,13
3010530,9.826871767144787,8
3010535,9.914062559703325,5
3010542,9.877423173156489,7
3010548,9.897006190090123,6
3010553,9.923454939573741,5
3010562,9.7919705478771,9
3010572,9.797160067839965,10
3010574,9.974675248147934,2
3010580,9.883931440603067,6
3010587,9.868781779297592,7
3010597,9.781321358659973,10
3010605,9.845840385564602,8
3010613,9.854185152996916,8
3010619,9.912841694618905,6
3010630,9.76595103538045,11
3010637,9.878451092338915,7
3010646,9.838163067321174,9
3010654,9.870611626591197,8
3010662,9.856031949723592,8
3010670,9.85164417588419,8
3010686,9.633055080886418,16
3010692,9.89949556317539,6
3010699,9.895013355100415,7
3010711,9.734374752229416,12
3010719,9.835402562864251,8
3010731,9.730283130700704,12
3010738,9.864481457120602,7
3010746,9.861579713732048,8
3010755,9.808832225963505,9
3010765,9.800341617812768,10
3010777,9.760228801680118,12
3010790,9.69808624436163,13
3010791,10.0,1
3010803,9.759241852740375,12
3010813,9.799174145353186,10
3010823,9.582066283549327,10
3010833,9.784068518506434,10
3010841,9.830105613477736,8
3010854,9.72631699917893,13
3010865,9.758215819772081,11
3010870,9.924716624836561,5
3010875,9.922139729368071,5
3010884,9.802431568416685,9
3010901,9.60901650645419,17
3010907,9.910001360110893,6
3010913,9.882244191025944,6
3010925,9.755598985351202,12
3010931,9.890580138451762,6
3010941,9.796922440919534,10
3010947,9.896400212472658,6
3010948,10.0,1
3010958,9.792039575514435,10
3010965,9.869170374694798,7
3010969,9.930050896783873,4
3010980,9.78368927424022,11
3010992,9.716854110901293,12
3010993,10.0,1
3010994,10.0,1
3011004,9.783938098924756,10
3011015,9.767142528603049,11
3011027,9.754385518074068,12
3011029,9.971812090766225,2
3011038,9.82195740867292,9
3011045,9.901139861662644,7
3011059,9.72603654613728,14
3011060,10.0,1
3011065,9.93542201947515,5
3011074,9.812396896216345,9
3011079,9.924950428272343,5
3011088,9.847624530988991,9
3011089,10.0,1
3011105,9.648589880796326,16
3011109,9.942761475807632,4
3011117,9.858348808460173,8
3011120,9.967279773331294,3
3011130,9.79082151216327,10
3011138,9.837308239704655,8
3011147,9.82229364278421,9
3011155,9.831883404900061,8
3011170,9.639307669246321,15
3011171,10.0,1
3011177,9.885663896672927,6
3011190,9.735695098505914,13
3011192,9.97376090369107,2
3011198,9.90821807617342,6
3011210,9.730038006611972,12
3011229,9.53251405535697,19
3011234,9.91916920489073,5
3011235,9.987413174838878,1
3011245,9.791974069362203,10
3011250,9.932161248135825,5
3011265,9.64097304632929,15
3011272,9.874282659009,7
3011281,9.808805771301776,9
3011290,9.82723730986238,9
3011291,10.0,1
3011305,9.68848698983454,14
3011310,9.92299697125268,5
3011316,9.903602259362374,6
3011325,9.815466465932314,9
3011337,9.744589964210153,12
3011342,9.91434547402521,5
3011354,9.755187363365035,12
3011361,9.883115776586834,7
3011363,9.98512828792039,2
3011368,9.917834378939352,5
3011375,9.876330419033863,7
3011399,9.540779580179835,24
3011405,9.901339066839663,6
3011410,9.925950491689461,5
3011416,9.889763641562288,6
3011419,9.957329898829563,3
3011423,9.928940360078247,4
3011429,9.901355692954454,6
3011436,9.880658882687435,7
3011446,9.806127272230352,10
3011454,9.868406302474263,8
3011456,9.983462288413156,2
3011468,9.775261652479006,12
3011477,9.82146939952872,9
3011479,9.971292974227701,2
3011487,9.737651180392767,8
3011488,10.0,1
3011492,9.945739756581466,4
3011500,9.841481819773305,8
3011501,10.0,1
3011503,9.970917986812244,2
3011510,9.854498666396335,7
3011523,9.69236333997244,13
3011531,9.857725925239174,8
3011540,9.827335109579106,9
3011547,9.869941287030796,7
3011552,9.913402776517794,5
3011559,9.90633262010645,7
3011560,10.0,1
3011567,9.87601261422192,7
3011571,9.931689444748969,4
3011586,9.631060579005426,15
3011598,9.754369675426416,12
3011621,9.563715288764381,23
3011631,9.79930186832952,10
3011645,9.68990287580749,14
3011647,9.969343317349464,2
3011649,9.970507195800524,2
3011656,9.866449102507174,7
3011660,9.94011896500766,4
3011669,9.796967461593836,9
3011674,9.919443803720489,5
3011680,9.88588524554736,6
3011689,9.80926374015668,9
3011693,9.932602881793308,4
3011701,9.855129238057192,8
3011712,9.792283111605776,11
3011721,9.853629944724108,9
3011734,9.714415020066049,13
3011740,9.882424204962563,6
3011750,9.77926126909979,10
3011762,9.720479333583624,12
3011766,9.936758191895727,4
3011785,9.617369713066946,19
3011787,9.976869370782882,2
3011788,10.0,1
3011796,9.857244791677251,8
3011806,9.777656300568225,10
3011811,9.935719168577174,5
3011816,9.913924673903537,5
3011824,9.847076770120525,8
3011832,9.840330820487464,8
3011843,9.80359500452264,11
3011852,9.824455017958318,9
3011862,9.781183569922884,10
3011870,9.851596696888075,8
3011876,9.905396461435204,6
3011886,9.77074074029826,10
3011892,9.899078336455403,6
3011901,9.851525535516359,9
3011905,9.944607656988342,4
3011915,9.78740235093911,10
3011921,9.892163049148348,6
3011933,9.767498465560953,12
3011934,10.0,1
3011939,9.913883170348408,5
3011944,9.90543624645023,5
3011956,9.747471205528825,12
3011974,9.538204543262486,18
3011975,9.996083503069858,1
3011979,9.929632049880906,4
3011990,9.767394224141665,11
3011997,9.881519830068363,7
3012004,9.881508588585948,7
3012026,9.461226637585693,22
3012038,9.764797368567564,12
3012048,9.779507689067797,10
3012058,9.799228254709984,10
3012061,9.9502327168862,3
3012068,9.868769652524403,7
3012070,9.985108395478127,2
3012073,9.965845895647156,3
3012079,9.882732008454598,6
3012092,9.725349912074842,13
3012096,9.93404679669645,4
3012108,9.739380740791985,12
3012111,9.971409586259313,3
3012129,9.587591704327869,18
3012141,9.739718306818627,12
3012150,9.836983549651572,9
3012155,9.911667455115943,5
3012162,9.866576019827146,7
3012165,9.950453547095819,3
3012179,9.678452467310766,14
3012180,10.0,1
3012189,9.819112925161349,9
3012194,9.92109577988235,5
3012206,9.748818430884933,12
3012212,9.884510927139349,6
3012221,9.834494506425754,9
3012230,9.81647877385757,9
3012241,9.755967582701475,11
3012250,9.840812911648335,9
3012253,9.95829498698016,3
3012254,10.0,1
3012265,9.771672489983517,11
3012274,9.835636085509723,9
3012283,9.832716385823193,9
3012296,9.731771619180797,13
3012306,9.789836013064978,10
3012318,9.74784356060472,12
3012329,9.747913255980901,11
3012337,9.838393447443758,8
3012343,9.905806164015855,6
3012351,9.874551500853828,8
3012360,9.812404433814587,9
3012364,9.942958999644256,4
3012377,9.756540323958262,13
3012387,9.794730934888232,10
3012393,9.904047198253913,6
3012408,9.65859115719365,15
3012420,9.72378428722789,12
3012425,9.92732543949176,5
3012438,9.769736606867715,13
3012445,9.866202170449805,7
3012446,9.996441342388774,1
3012447,10.0,1
3012457,9.784672123834872,10
3012470,9.764257339412463,13
3012483,9.654800075941854,13
3012495,9.741075458945645,12
3012498,9.950193450072625,3
3012517,9.526886875546039,19
3012526,9.82922650775667,9
3012567,9.28797246722319,41
3012579,9.52579302096298,12
3012583,9.931072132230392,4
3012598,9.644527055181898,15
3012611,9.71069404520733,13
3012617,9.900816553153,6
3012624,9.876337764078913,7
3012634,9.819498366936617,10
3012645,9.748500875819644,11
3012656,9.7835863344446,11
3012657,9.992852841111072,1
3012664,9.875011519234173,7
3012676,9.734751622991704,12
3012681,9.91213610698381,5
3012691,9.794454894407593,10
3012695,9.92906661873853,4
3012697,9.973020813545462,2
3012711,9.694970888140869,14
3012712,9.992449067213771,1
3012720,9.828307450885022,8
3012727,9.866470348987514,7
3012740,9.705826619668665,13
3012744,9.945334104757318,4
3012748,9.941289284525423,4
3012753,9.919387341970097,5
3012763,9.795652252340153,10
3012777,9.676214569424126,14
3012782,9.89796154304054,5
3012789,9.892611996544662,7
3012790,9.992193839141706,1
3012795,9.916953353709959,5
3012807,9.714381592672979,12
3012809,9.9851955683288,2
3012811,9.978859080600122,2
3012819,9.813377035084592,8
3012828,9.826678855339033,9
3012838,9.772133060818437,10
3012848,9.815487193464374,10
3012857,9.82420999746538,9
3012858,10.0,1
3012865,9.872789146785731,7
3012874,9.815802567516947,9
3012884,9.771532879404155,10
3012897,9.699795685532852,13
3012904,9.875593003487934,7
3012908,9.732571459332515,4
3012918,9.792101351316548,10
3012926,9.868447110381247,8
3012932,9.901001423812552,6
3012944,9.763428015382365,12
3012951,9.898099594041652,7
3012958,9.861938094198587,7
3012969,9.751129053289443,11
3012984,9.660713062131762,15
3012988,9.942419468930844,4
3012997,9.811239426711568,9
3013010,9.729637874861593,13
3013019,9.813949945152014,9
3013026,9.792627348901469,7
3013037,9.806932717274602,11
3013044,9.862920838935894,7
3013054,9.778727318543435,10
3013058,9.946606356429434,4
3013071,9.72053808208173,13
3013083,9.74796766394145,12
3013104,9.522243153197392,21
3013119,9.660687135775998,15
3013127,9.841346108350862,8
3013140,9.823208681692897,13
3013145,9.912314443489924,5
3013149,9.943904111376895,4
3013154,9.926009205479366,5
3013162,9.84510766893572,8
3013173,9.771934236973188,11
3013188,9.658833570975299,15
3013196,9.860303636661287,8
3013207,9.770799746578865,11
3013208,10.0,1
3013224,9.669440330821855,16
3013234,9.774770720368709,10
3013249,9.668030208039355,15
3013256,9.853310321593572,7
3013257,9.99671332294584,1
3013262,9.903894746649442,5
3013268,9.892888326225151,6
3013277,9.80977791399663,9
3013285,9.86012223748195,8
3013292,9.87158058717767,7
3013299,9.867488348711998,7
3013307,9.864734026360452,8
3013310,9.962062722526996,3
3013314,9.93425062510098,4
3013324,9.784390903924674,10
3013328,9.93600935222556,4
3013337,9.80258035677065,9
3013350,9.720291526415915,13
3013362,9.743112426537452,12
3013374,9.73801345547107,12
3013383,9.83126718116575,9
3013395,9.756616691234523,12
3013400,9.931285144157334,5
3013416,9.632697219942433,16
3013424,9.818804584671943,8
3013425,10.0,1
3013433,9.729648115668052,8
3013438,9.90693824519685,5
3013441,9.948927336328452,3
3013454,9.716723926131467,13
3013468,9.719113758818413,14
3013479,9.764992947391768,11
3013494,9.66239390912076,15
3013501,9.869795264696803,7
3013508,9.865213874469301,7
3013514,9.898780261462935,6
3013528,9.68872256554088,14
3013534,9.881833603777114,6
3013545,9.736629622078222,11
3013546,10.0,1
3013551,9.908992609289685,5
3013563,9.73397841969651,12
3013576,9.705765072891367,13
3013579,9.950125749880213,3
3013587,9.735540944745187,8
3013592,9.919856572137725,5
3013607,9.53501994854817,15
3013616,9.8091817654316,9
3013635,9.568049320896613,19
3013637,9.970901840903977,2
3013638,9.986586395518353,1
3013646,9.86771280360558,8
3013653,9.873685416378201,7
3013656,9.959459937957766,3
3013657,10.0,1
3013664,9.869053785970978,7
3013681,9.588074927886245,17
3013692,9.763378631291486,11
3013699,9.864691174204612,7
3013704,9.92795067425103,5
3013709,9.9159181421209,5
3013714,9.905526491385697,5
3013717,9.965327396833732,3
3013718,10.0,1
3013727,9.81465125088418,9
3013736,9.808444684736076,9
3013741,9.91887183079133,5
3013749,9.832809883650292,8
3013761,9.716855761990537,12
3013763,9.972719903783437,2
3013770,9.86356614360673,7
3013780,9.78568034789977,10
3013793,9.637024791060822,13
3013804,9.78961867915065,11
3013811,9.858923618042532,7
3013822,9.791118767388827,11
3013827,9.919420116705753,5
3013828,9.988884889151809,1
3013842,9.685269336020093,14
3013849,9.873505072334302,7
3013854,9.918660206457886,5
3013867,9.734175433179976,13
3013882,9.657364106068131,15
3013894,9.640938283931124,12
3013895,10.0,1
3013906,9.784871232627719,11
3013911,9.92077199670727,5
3013918,9.867161032559023,7
3013933,9.654707599893037,15
3013939,9.888689137723842,6
3013943,9.948219406625572,4
3013949,9.898663867824661,6
3013961,9.773588034281683,12
3013966,9.919252348041729,5
3013974,9.819935554580255,8
3013977,9.95806960232203,3
3013989,9.733934839977364,12
3013993,9.948966964985887,4
3014026,9.18610382409346,33
3014037,9.787123335765033,11
3014041,9.937309635112408,4
3014061,9.694664227904596,20
3014069,9.833314531128698,8
3014080,9.766093384810421,11
3014083,9.951703842275936,3
3014089,9.897715995651467,6
3014098,9.811560401187553,9
3014110,9.736659733066874,12
3014128,9.457324391611426,18
3014137,9.841305966080684,9
3014138,9.988627883460541,1
3014154,9.661488649950515,16
3014168,9.712903229708518,14
3014179,9.773137076262989,11
3014192,9.687293093634679,13
3014201,9.806189916765248,9
3014208,9.882459912389983,7
3014218,9.757316179928951,10
3014220,9.980771201645949,2
3014225,9.915300956488494,5
3014228,9.951979660978012,3
3014242,9.721311990315614,14
3014244,9.978081965887025,2
3014256,9.772545330596568,12
3014262,9.897141025740696,6
3014271,9.828611655708677,9
3014274,9.972755474804615,3
3014280,9.899303346432514,6
3014285,9.916191455811596,5
3014297,9.744741998598613,12
3014307,9.793598773545884,10
3014316,9.814372995487043,9
3014326,9.773511218542168,10
3014335,9.614885785914495,9
3014343,9.868127100684818,8
3014361,9.60702881479541,18
3014379,9.601616475653225,18
3014392,9.742087128953777,13
3014406,9.681896671149454,14
3014407,10.0,1
3014413,9.886804918437141,6
3014415,9.971536766177264,2
3014423,9.8598363412206,8
3014434,9.795296322723054,11
3014441,9.870715689640258,7
3014453,9.720251789662779,12
3014458,9.918989178474286,5
3014468,9.809883714208652,10
3014479,9.763777243660181,11
3014484,9.917109295780282,5
3014490,9.919867005739096,6
3014494,9.945192319866681,4
3014499,9.91021908729782,5
3014522,9.461190976843428,23
3014527,9.909109931038623,5
3014532,9.9327061823329,5
3014533,10.0,1
3014544,9.399151196284578,11
3014557,9.746211228465263,13
3014560,9.956161709185247,3
3014574,9.694550109930594,14
3014580,9.891065296099308,6
3014587,9.887789558593852,7
3014600,9.72227796961963,13
3014610,9.78043691000085,10
3014611,9.996069182065929,1
3014615,9.95341702566101,4
3014621,9.894998925105392,6
3014631,9.785535931290093,10
3014642,9.768545847144974,11
3014651,9.819241187545659,9
3014658,9.880647096578077,7
3014671,9.7155128315156,13
3014672,10.0,1
3014680,9.870903525358633,8
3014690,9.759322611211989,10
3014696,9.904556055650467,6
3014706,9.615734407856847,10
3014717,9.80327210490689,11
3014724,9.884919769346064,7
3014738,9.722190992060288,14
3014744,9.873714904319757,6
3014750,9.90125561828206,6
3014756,9.899986285242615,6
3014769,9.511906077111657,13
3014785,9.665422106009219,16
3014786,10.0,1
3014796,9.774169832725152,10
3014812,9.648585395587249,16
3014821,9.813990471318363,9
3014827,9.906899224886144,6
3014833,9.77652501052153,6
3014844,9.797002215776162,11
3014864,9.565621190508189,20
3014871,9.85936840791953,7
3014880,9.847128000941614,9
3014891,9.787541559773672,11
3014892,10.0,1
3014900,9.830125430454087,8
3014901,10.0,1
3014908,9.871969733629363,7
3014918,9.725668392091702,10
3014929,9.770650696704562,11
3014939,9.790079459572679,10
3014947,9.86037752093027,8
3014950,9.959918216014877,3
3014963,9.700698448813,13
3014964,10.0,1
3014970,9.899255211657007,6
3014976,9.897053093621633,6
3014987,9.762709904831379,11
3014993,9.904289750753916,6
3014998,9.900158652782352,5
3015009,9.785841789738729,11
3015012,9.966063935882772,3
3015019,9.89882302527077,7
3015029,9.78589117385096,10
3015031,9.979835465352856,2
3015045,9.716068090241368,14
3015057,9.756050910312542,12
3015071,9.663049644540202,14
3015072,9.988889031417521,1
3015082,9.824119687819708,10
3015087,9.917498061975524,5
3015089,9.982900279835533,2
3015096,9.860964110801289,7
3015097,10.0,1
3015103,9.870462808980777,6
3015116,9.750737509191486,13
3015123,9.763413375194183,7
3015127,9.934056986049924,4
3015133,9.882307871372689,6
3015134,10.0,1
3015144,9.790129728025548,10
3015150,9.906162654141166,6
3015152,9.975642656792594,2
3015155,9.952432937217607,3
3015156,10.0,1
3015161,9.931236840956918,5
3015171,9.813356940414721,10
3015176,9.922802182031356,5
3015195,9.601371339305572,19
3015205,9.80458005919434,10
3015220,9.718756551147603,15
3015230,9.794168767104033,10
3015243,9.69436196881224,13
3015250,9.852009891147935,7
3015257,9.847196070414793,7
3015265,9.834358630624967,8
3015282,9.659839795111505,17
3015286,9.94045982270347,4
3015299,9.694108774522903,13
3015308,9.816037987209562,9
3015319,9.780115476986863,11
3015333,9.696011678362037,14
3015339,9.89566149172955,6
3015352,9.7254781894179,13
3015361,9.823005653452164,9
3015370,9.822227911796743,9
3015382,9.735660284292118,12
3015387,9.915415119642645,5
3015393,9.884199391579712,6
3015403,9.775846391800487,10
3015404,10.0,1
3015408,9.940154114786779,4
3015417,9.847958999747235,9
3015424,9.87531537566375,7
3015437,9.73831485236036,13
3015452,9.668524667549272,15
3015458,9.89989967894531,6
3015467,9.61046470996056,9
3015482,9.662499622032268,15
3015491,9.803738105152444,9
3015497,9.892758233184104,6
3015505,9.82964151277791,8
3015510,9.912010107872767,5
3015520,9.814844983497178,10
3015523,9.95963249399083,3
3015544,9.533345339970499,21
3015550,9.901030850064984,6
3015554,9.937599055129864,4
3015560,9.894283290191758,6
3015566,9.897549391561324,6
3015573,9.873499374884249,7
3015580,9.877770508921131,7
3015596,9.590728115733436,16
3015606,9.810002541742039,10
3015614,9.822497367273739,8
3015620,9.879682544294543,6
3015629,9.839890099537472,9
3015638,9.801272737842332,9
3015653,9.633360072214758,15
3015668,9.699953571297355,15
3015681,9.711217595239942,13
3015692,9.778593233411312,11
3015702,9.790623214026771,10
3015711,9.82460487601124,9
3015719,9.732531516700003,8
3015734,9.736516752010262,15
3015745,9.779080212087417,11
3015746,9.993079325228559,1
3015752,9.875512383117977,6
3015754,9.97219541686198,2
3015763,9.806698685764324,9
3015777,9.682591753945518,14
3015784,9.861552309916394,7
3015799,9.680548527379875,15
3015820,8.907200290322008,21
3015821,10.0,1
3015830,9.818381319693504,9
3015837,9.883745698754417,7
3015847,9.809131464396696,10
3015858,9.773733028952602,11
3015873,9.647448182054022,15
3015874,10.0,1
3015882,9.834486447514914,8
3015889,9.888605837155367,7
3015894,9.918192968548874,5
3015916,9.48810998685242,22
3015923,9.884204501109018,7
3015936,9.796882781122124,13
3015948,9.733798778465268,12
3015949,10.0,1
3015965,9.64934225106078,16
3016044,8.484695135870078,79
3016048,9.93599476344262,4
3016053,9.90617178320866,5
3016061,9.848484343781688,8
3016065,9.926287732182516,4
3016071,9.899498619772201,6
3016089,9.601160511483048,18
3016104,9.658118066425759,15
3016110,9.888314243320773,6
3016119,9.817726846722428,9
3016125,9.903091247845143,6
3016129,9.94782955020766,4
3016144,9.661442397220835,15
3016151,9.873223374118057,7
3016160,9.8219641981177,9
3016163,9.959816487063462,3
3016171,9.821831727961547,8
3016180,9.85209762013224,9
3016194,9.694620967646076,14
3016201,9.886063474811658,7
3016206,9.909006877840074,5
3016218,9.75030189354146,12
3016223,9.925297025714803,5
3016224,10.0,1
3016234,9.800701961986361,10
3016235,10.0,1
3016238,9.949519896870736,3
3016251,9.708880459481783,13
3016263,9.731375319319016,12
3016268,9.908603484270598,5
3016276,9.837780780726662,8
3016283,9.87852895791918,7
3016292,9.821279611839996,9
3016299,9.904960249865415,7
3016314,9.651655348596858,15
3016317,9.946636701298019,3
3016322,9.918801976461106,5
3016336,9.698486598145639,14
3016343,9.868774876889846,7
3016356,9.692933276970175,13
3016366,9.776135269666447,10
3016380,9.690648313294568,14
3016388,9.852668446365934,8
3016394,9.882057950338368,6
3016405,9.763229327494024,11
3016409,9.94585924589614,4
3016414,9.906822371358013,5
3016437,9.433242321064723,23
3016449,9.722684019422337,12
3016456,9.888582411753443,7
3016462,9.90370995656499,6
3016466,9.946729363648394,4
3016471,9.926439898114056,5
3016482,9.755555937503683,11
3016498,9.635678798349254,16
3016500,9.973651505195976,2
3016510,9.792556854567918,10
3016518,9.853568152316814,8
3016521,9.954024215072982,3
3016533,9.748303346383096,12
3016543,9.805352013840016,10
3016558,9.662663989037357,15
3016561,9.957345959252542,3
3016571,9.792432150557984,10
3016577,9.916520553292559,6
3016582,9.91906547952432,5
3016589,9.860802788724975,7
3016600,9.753589852068213,11
3016609,9.80769255342071,9
3016622,9.6948931826972,13
3016628,9.878974275677717,6
3016633,9.91859823490101,5
3016638,9.907040404558723,5
3016644,9.894759221980184,6
3016653,9.834472234418728,9
3016657,9.93831523117488,4
3016658,10.0,1
3016671,9.684014363301785,13
3016676,9.928048286583849,5
3016681,9.912457934004012,5
3016682,9.98870091465835,1
3016696,9.667405978898866,14
3016709,9.698960440213272,13
3016720,9.736063870647945,11
3016730,9.799648785159564,10
3016731,9.992243750351802,1
3016740,9.82672420741792,9
3016742,9.983419693724658,2
3016755,9.718712115105294,13
3016760,9.914979081067328,5
3016765,9.918074485269026,5
3016774,9.813686919672909,9
3016785,9.820091224795847,11
3016791,9.894905053014966,6
3016801,9.768398820710438,10
3016809,9.87171163043472,8
3016814,9.914868137229286,5
3016824,9.796361328145641,10
3016831,9.880204808523473,7
3016842,9.753489703899605,11
3016852,9.794080411423923,10
3016853,10.0,1
3016865,9.754090298822659,12
3017365,-207.5753740475034,500
3017865,-211.7540788352522,500
3017879,9.679237968994267,14
3017886,9.876084635481728,7
3017895,9.837319590547047,9
3017900,9.910623721769301,5
3017908,9.837857403898017,8
3017919,9.784408841448498,11
3017924,9.91394863702382,5
3017936,9.738615398716592,12
3017942,9.899818395827289,6
3017950,9.838606131099969,8
3017956,9.899365779973667,6
3017966,9.769005485810274,10
3017967,10.0,1
3017979,9.742525832443194,12
3017984,9.93592307299477,5
3017985,10.0,1
3018001,9.605519947301296,16
3018010,9.82325923299377,9
3018025,9.675903116777324,15
3018026,10.0,1
3018029,9.964599517707596,3
3018044,9.653507934318322,15
3018060,9.6182586523012,16
3018068,9.852819798696201,8
3018074,9.897988256133475,6
3018077,9.966696021538754,3
3018094,9.665208038791894,17
3018103,9.81890129173147,9
3018115,9.456438610091022,12
3018122,9.86620372499441,7
3018131,9.826864591699081,9
3018137,9.887156891808239,6
3018147,9.7910386308119,10
3018152,9.917746331864638,5
3018161,9.824445809114847,9
3018174,9.715605540866301,13
3018186,9.74576157593304,12
3018195,9.822478260615522,9
3018213,9.611020486034647,18
3018218,9.91365816903287,5
3018224,9.90342727786475,6
3018229,9.935217832092116,5
3018239,9.792418116899427,10
3018245,9.894183975207964,6
3018261,9.70990201734481,16
3018269,9.851314024693473,8
3018279,9.791079546083111,10
3018290,9.788673129482232,11
3018295,9.914074909489095,5
3018303,9.865997506182813,8
3018311,9.866482149353693,8
3018313,9.970070988788011,2
3018318,9.922078759490374,5
3018326,9.856635237030817,8
3018334,9.84940605679874,8
3018345,9.76377360453546,11
3018346,10.0,1
3018361,9.67196639680513,15
3018375,9.674761301242784,14
3018376,10.0,1
3018383,9.858775911536084,7
3018391,9.859157559862895,8
3018401,9.800980237060944,10
3018404,9.962923757551334,3
3018408,9.937865958394811,4
3018416,9.853249009198521,8
3018429,9.737145797453998,13
3018441,9.732808246375452,12
3018444,9.959064581165299,3
3018453,9.811660673125209,9
3018456,9.970896804962324,3
3018469,9.602519114778739,13
3018470,9.987934503279254,1
3018478,9.813401025494755,8
3018486,9.859964999679757,8
3018490,9.940925656912716,4
3018496,9.90231876155858,6
3018497,10.0,1
3018504,9.858436452401655,7
3018514,9.774468988814052,10
3018527,9.726602610130865,13
3018539,9.717804472671016,12
3018543,9.950783980415789,4
3018547,9.922241751211237,4
3018553,9.902404152632997,6
3018562,9.823319195064535,9
3018570,9.828084761461554,8
3018572,9.969442093157545,2
3018577,9.934006335575264,5
3018579,9.973122972267475,2
3018588,9.834585272041187,9
3018595,9.85786815736428,7
3018604,9.83070219677733,9
3018612,9.862624435100951,8
3018624,9.770815666560827,12
3018635,9.758938799768467,11
3018647,9.707309713142301,12
3018653,9.787914821690666,6
3018663,9.802982021843645,10
3018671,9.845878759108889,8
3018674,9.964490916552105,3
3018685,9.80914979661125,11
3018693,9.847893084961168,8
3018707,9.700599519275745,14
3018710,9.960820290667318,3
3018720,9.79677889138852,10
3018736,9.686195221737414,16
3018739,9.966790966350066,3
3018744,9.928733438933257,5
3018753,9.521130973408775,9
3018754,10.0,1
3018761,9.876551385047721,7
3018768,9.890526057798176,7
3018780,9.728510237735524,12
3018788,9.84503020354334,8
3018799,9.769206817272924,11
3018807,9.836144472851842,8
3018816,9.818867589525757,9
3018828,9.745973622085005,12
3018841,9.705766209571447,13
3018848,9.853062976797842,7
3018865,9.620791873840611,17
3018879,9.677836397917307,14
3018883,9.945313795525049,4
3018896,9.694038110333675,13
3018906,9.694989903230368,10
3018914,9.876846431431238,8
3018932,9.592952337475719,18
3018949,9.615641529218927,17
3018962,9.725031439638958,13
3018978,9.622615255512345,16
3018990,9.740608612232618,12
3019002,9.745792246835638,12
3019011,9.803718855039373,9
3019012,10.0,1
3019020,9.83447458021909,8
3019030,9.799240903105204,10
3019038,9.849664020386825,8
3019050,9.744004628839045,12
3019058,9.854827354707218,8
3019067,9.799597545546062,9
3019070,9.960036381066349,3
3019078,9.852725388776257,8
3019087,9.801845068279459,9
3019090,9.965716978320993,3
3019091,9.989169240920267,1
3019103,9.727590614373367,12
3019113,9.834043656282546,10
3019118,9.903949438474369,5
3019122,9.954534215250849,4
3019140,9.584153010777095,18
3019156,9.649724823642305,16
3019178,9.428995673051357,22
3019179,10.0,1
3019186,9.849894430532618,7
3019196,9.807924011359004,10
3019210,9.704364053017613,14
3019221,9.76152634779956,11
3019240,9.58295544352529,19
3019246,9.880077520537805,6
3019267,9.545181702100306,21
3019268,10.0,1
3019275,9.883242930120225,7
3019291,9.656164294808606,16
3019307,9.618927041597566,16
3019319,9.753493539425207,12
3019329,9.786000284476378,10
3019330,10.0,1
3019343,9.731043757682711,13
3019349,9.902025180890504,6
3019360,9.759820766703433,11
3019366,9.893298711463707,6
3019375,9.85334458614207,9
3019390,9.688810066288346,15
3019405,9.670018499717813,15
3019415,9.815200284964066,10
3019416,10.0,1
3019417,10.0,1
3019426,9.817311896712019,9
3019433,9.848716139340834,7
3019440,9.892887465519353,7
3019452,9.745021616256226,12
3019456,9.953193111466915,4
3019463,9.872714068187982,7
3019474,9.812709003370244,11
3019476,9.973454098232057,2
3019486,9.787566572368013,10
3019492,9.920269182145018,6
3019496,9.936505136158242,4
3019505,9.824169712696541,9
3019513,9.846127116388956,8
3019525,9.733954438641042,12
3019526,10.0,1
3019527,10.0,1
3019533,9.891035033622563,6
3019537,9.9341341628909,4
3019547,9.813240806498882,10
3019555,9.83934597366328,8
3019559,9.941823486029232,4
3019573,9.669452751163012,14
3019576,9.957227590252458,3
3019580,9.937696061402198,4
3019589,9.831276067907208,9
3019592,9.96616802448135,3
3019600,9.834059012190815,8
3019611,9.745441538719238,11
3019620,9.81629970219574,9
3019621,10.0,1
3019628,9.860206379087545,7
3019636,9.807904792139254,8
3019645,9.800519571885578,9
3019652,9.88230952470592,7
3019658,9.896757303738882,6
3019659,10.0,1
3019673,9.71293318370076,14
3019681,9.857786847979407,8
3019682,9.98943205455599,1
3019688,9.90112797999779,6
3019698,9.778924297488809,10
3019715,9.60757554353468,17
3019723,9.84946584859185,8
3019724,10.0,1
3019725,10.0,1
3019726,10.0,1
3019733,9.799087740675288,7
3019743,9.80838432473124,10
3019760,9.592420246826084,17
3019775,9.664041268899126,15
3019787,9.742516475511529,12
3019795,9.84129546459008,8
3019809,9.604814112446636,14
3019810,10.0,1
3019821,9.74955311408803,11
3019833,9.52384091890409,12
3019845,9.725044018860514,12
3019851,9.892441131498193,6
3019859,9.863277039928676,8
3019866,9.870546083526408,7
3019871,9.931683319918694,5
3019875,9.93748590871933,4
3019879,9.937996286372885,4
3019881,9.981414821894045,2
3019886,9.923377560942528,5
3019893,9.859819811781081,7
3019907,9.686334795782994,14
3019912,9.908229737238782,5
3019918,9.888252469615283,6
3019929,9.77559204144863,11
3019946,9.38646074322283,17
3019959,9.732133750994592,13
3019962,9.958146996031578,3
3019963,10.0,1
3019964,10.0,1
3019974,9.767883171440248,10
3019984,9.7881801242722,10
3019999,9.656412592971819,15
3020013,9.696037627117624,14
3020019,9.916264665572962,6
3020028,9.804673907716676,9
3020034,9.887352403478005,6
3020044,9.800584909498477,10
3020051,9.858461326359471,7
3020062,9.7652556217832,11
3020074,9.719463135402213,12
3020088,9.704294645831997,14
3020096,9.842324573537532,8
3020105,9.724572271865242,9
3020128,9.384279075016456,23
3020137,9.812482093708597,9
3020141,9.952527675680992,4
3020152,9.776266250168208,11
3020161,9.81564280568928,9
3020165,9.94671109268915,4
3020183,9.61318280111802,18
3020189,9.904473814431954,6
3020201,9.741002052521411,12
3020212,9.738533399509697,11
3020218,9.906348752022883,6
3020219,9.989310663376155,1
3020228,9.829045498707924,9
3020243,9.686205519504758,15
3020244,10.0,1
3020249,9.89462405819345,5
3020264,9.66726378414007,15
3020269,9.91276093817592,5
3020278,9.83801002272842,9
3020287,9.822792998201079,9
3020295,9.852050700390597,8
3020307,9.787696914844696,12
3020315,9.846145368738906,8
3020328,9.729201666102849,13
3020341,9.710637787248855,13
3020351,9.83172727875379,10
3020360,9.80820881201987,9
3020371,9.786092890145746,11
3020376,9.912262418409332,5
3020385,9.807486972878102,9
3020393,9.843882420509075,8
3020399,9.872507953245075,6
3020406,9.76165631831273,7
3020411,9.900185238018835,5
3020412,9.986961803992406,1
3020425,9.726379423259564,13
3020428,9.959824382370757,3
3020437,9.810985989855412,9
3020445,9.841459035966738,8
3020453,9.858023258197468,8
3020457,9.939354952835314,4
3020469,9.733068340937228,12
3020486,9.580655935171823,17
3020499,9.700411348183415,13
3020501,9.970629901896238,2
3020507,9.871894428777306,6
3020522,9.66808630982481,15
3020529,9.879115388504735,7
3020530,10.0,1
3020531,10.0,1
3020537,9.891147063086839,6
3020548,9.773454054010456,11
3020561,9.696127105867628,13
3020562,10.0,1
3020568,9.893936973985262,6
3020574,9.903890664007253,6
3020589,9.688573222499333,15
3020596,9.906213444518873,7
3020597,10.0,1
3020601,9.949199512634406,4
3020607,9.884543094480218,6
3020618,9.779512978066993,11
3020619,10.0,1
3020631,9.770156745957083,12
3020644,9.678594832763752,13
3020660,9.626940910774096,16
3020670,9.799115109753224,10
3020677,9.881362691327734,7
3020690,9.727564060694878,13
3020700,9.77958102968415,10
3020706,9.877413390523898,6
3020721,9.659088616821839,15
3020730,9.840190471315095,9
3020743,9.726463752221392,13
3020745,9.980039692950877,2
3020757,9.766734275204877,12
3020766,9.826477106005068,9
3020776,9.779777958354341,10
3020784,9.844075544220992,8
3020791,9.854017698477225,7
3020802,9.781609200869275,11
3020811,9.843491626362866,9
3020822,9.56226701403161,11
3020823,10.0,1
3020827,9.928025351575247,4
3020830,9.954492165309956,3
3020835,9.910336329402586,5
3020836,9.98872837952123,1
3020844,9.844565732838115,8
3020855,9.791932299479477,11
3020865,9.777545006183278,10
3020869,9.934009143904717,4
3020877,9.842658311364413,8
3020883,9.887484729604115,6
3020896,9.730443555321974,13
3020918,9.551149639546878,22
3020923,9.923369684247321,5
3020934,9.78316181101753,11
3020941,9.782237635835385,7
3020945,9.940991157921497,4
3020952,9.875272373334415,7
3020958,9.89074592016609,6
3020964,9.891559088529803,6
3020972,9.837841012876853,8
3020979,9.874353326862812,7
3021002,9.426285287217997,23
3021004,9.985412912358797,2
3021015,9.774695996728267,11
3021020,9.92740467783916,5
3021033,9.527458863115822,13
3021049,9.608849139088429,16
3021067,9.59126948201849,18
3021082,9.66977561238869,15
3021092,9.790807473470228,10
3021101,9.822853089566651,9
3021113,9.757270796209193,12
3021129,9.715611385244607,16
3021138,9.82916723724033,9
3021148,9.719457614358195,10
3021157,9.826264239261528,9
3021186,9.223465679139853,29
3021195,9.823800726998583,9
3021204,9.836027790013002,9
3021214,9.668545705240088,10
3021224,9.81046844346897,10
3021242,9.591687658293548,18
3021253,9.785772644613848,11
3021266,9.749523819156435,13
3021288,9.50354828582206,22
3021296,9.865819821915597,8
3021299,9.94985074039587,3
3021306,9.878496559971586,7
3021311,9.92439342786411,5
3021344,9.20347067935868,33
3021355,9.774010683361661,11
3021372,9.620922715652492,17
3021374,9.979294813523655,2
3021381,9.873348369251612,7
3021390,9.817050157923639,9
3021392,9.980261323538643,2
3021892,-102.74843638700743,500
3021902,9.824570032158304,10
3021917,9.43525650242687,15
3021926,9.83253308503786,9
3021931,9.916096507247723,5
3021941,9.789823090943639,10
3021956,9.638171411252012,15
3021961,9.921041179680483,5
3021978,9.435934510325064,17
3021984,9.894061280758613,6
3021990,9.92098800103728,6
3021991,10.0,1
3022005,9.707887178559133,14
3022012,9.865292900964526,7
3022021,9.81092759410944,9
3022028,9.908379711375128,7
3022047,9.56255723702628,19
3022062,9.6501977318508,15
3022069,9.875033170831832,7
3022081,9.734743347039498,12
3022087,9.903145925422233,6
3022100,9.75620826669699,13
3022106,9.872878980619474,6
3022115,9.794090753500837,9
3022124,9.823015511973708,9
3022132,9.874531718550275,8
3022144,9.760869499616224,12
3022158,9.667766098036699,14
3022163,9.911683971738116,5
3022175,9.741150690697761,12
3022185,9.783833183535315,10
3022189,9.938640460779745,4
3022203,9.721079033911948,14
3022215,9.762074532974442,12
3022226,9.781357426759659,11
3022242,9.550087866067503,16
3022252,9.77143094370626,10
3022258,9.906133775391616,6
3022270,9.72152118973929,12
3022271,10.0,1
3022281,9.815873880170212,10
3022292,9.750756153353986,11
3022300,9.825165554871983,8
3022304,9.928518025772178,4
3022314,9.758153108044137,10
3022317,9.964874640836884,3
3022336,9.595996081017319,19
3022340,9.945295963975726,4
3022350,9.807661393768674,10
3022355,9.91846204403574,5
3022363,9.862026143093546,8
3022373,9.796286745114859,10
3022382,9.833695465898217,9
3022383,9.988824180850294,1
3022395,9.742345023431426,12
3022400,9.905961768932452,5
3022408,9.818872885310583,8
3022409,10.0,1
3022417,9.83677282402349,8
3022421,9.93440010879984,4
3022430,9.750942433194584,9
3022446,9.706888245398371,16
3022450,9.932439708194131,4
3022452,9.967903386444918,2
3022458,9.708056921744284,6
3022461,9.949082199800856,3
3022462,9.988272670427307,1
3022472,9.818530456328366,10
3022486,9.694484750562921,14
3022498,9.760446556608638,12
3022504,9.897450277776114,6
3022516,9.755270833561768,12
3022521,9.929107617198108,5
3022534,9.711768294759628,13
3022550,9.667233134320822,16
3022559,9.832440396260164,9
3022571,9.741885939423355,12
3022572,9.99669420776683,1
3022577,9.907031704670942,5
3022584,9.871458894995069,7
3022594,9.779352970771344,10
3022606,9.737452601397111,12
3022623,6.1503535806676055,17
3022639,9.65483492237712,16
3022640,10.0,1
3022650,9.803801841584855,10
3022657,9.873909679255604,7
3022673,9.638934097243865,16
3022678,9.908121883002817,5
3022684,9.893984212252107,6
3022687,9.962611753730085,3
3022692,9.923154965040606,5
3022697,9.910131457408214,5
3022707,9.796462882816193,10
3022724,9.5842899992672,17
3022739,9.61356702551402,15
3022754,9.634323796965695,15
3022761,9.888819313283282,7
3022762,10.0,1
3022773,9.765658763127957,11
3022785,9.744555330146046,12
3022789,9.830789196939774,4
3022790,9.99299375615721,1
3022807,9.6492188591335,17
3022820,9.710398684681614,13
3022836,9.624392968086996,16
3022837,10.0,1
3022839,9.972229192202418,2
3022845,9.872971917421317,6
3022858,9.699155366480067,13
3022872,9.676676885040074,14
3022875,9.948042097058584,3
3022879,9.946577970123737,4
3022892,9.72263796101274,13
3022902,9.793267493683247,10
3022908,9.880915980495836,6
3022910,9.970577322878516,2
3022923,9.720674012208725,13
3022938,9.550472519977395,15
3022942,9.93847129352178,4
3022959,9.653250148032106,17
3022969,9.717826810098174,10
3022980,9.765069820759937,11
3022987,9.865734972585226,7
3022996,9.793045315643406,9
3023008,9.714491249177895,12
3023018,9.796917790169712,10
3023019,10.0,1
3023028,9.822242342862744,9
3023035,9.854435173461066,7
3023038,9.964874433096451,3
3023047,9.834094437827204,9
3023062,9.655706963364377,15
3023071,9.819399313614324,9
3023075,9.941907358166041,4
3023076,9.996799609928656,1
3023088,9.744723066942722,12
3023096,9.859327661535911,8
3023101,9.92870145946876,5
3023105,9.948001674682958,4
3023111,9.885933086029226,6
3023116,9.914349752553825,5
3023128,9.792005164168152,12
3023138,9.786427985729182,10
3023142,9.947766922317003,4
3023156,9.685885059698565,14
3023173,9.528568061818826,17
3023174,10.0,1
3023182,9.859528881552363,8
3023194,9.716435251379012,12
3023195,9.990232312713314,1
3023208,9.713642586573362,13
3023209,10.0,1
3023215,9.880367461720738,6
3023221,9.875547372567004,6
3023230,9.819959412797484,9
3023239,9.809669736041206,9
3023246,9.851400336896715,7
3023253,9.873233672955747,7
3023259,9.893789855373416,6
3023267,9.849575133022828,8
3023269,9.976276165025363,2
3023276,9.879458796358497,7
3023288,9.742806311810234,12
3023291,9.96468689875326,3
3023302,9.726769649519298,11
3023303,10.0,1
3023318,9.675431846343011,15
3023324,9.894352947966723,6
3023345,9.505376215164974,21
3023359,9.695003013685653,14
3023362,9.968433622576065,3
3023366,9.94699039031943,4
3023367,10.0,1
3023368,10.0,1
3023369,10.0,1
3023373,9.937232956691043,4
3023374,10.0,1
3023381,9.879400753170916,7
3023387,9.911838337551798,6
3023398,9.768733576290176,11
3023407,9.815905783163704,9
3023415,9.877983570634507,8
3023426,9.788942365218194,11
3023428,9.978039930732063,2
3023438,9.776470252833146,10
3023454,9.632855131011517,16
3023467,9.725627439633259,13
3023477,9.803095462171205,10
3023480,9.960284065749,3
3023485,9.915020568510206,5
3023493,9.865538306202943,8
3023497,9.953264430812238,4
3023505,9.842251058631899,8
3023511,9.889354070638454,6
3023521,9.79382189570315,10
3023522,10.0,1
3023528,9.900556322973056,6
3023534,9.890314912885778,6
3023545,9.782553375059061,11
3023559,9.658328789339478,14
3023565,9.894129941973382,6
3023574,9.736341227100182,9
3023580,9.876191753421407,6
3023581,10.0,1
3023593,9.721239328244463,12
3023611,9.567305695926372,18
3023621,9.79796294647787,10
3023632,9.779767355464495,11
3023646,9.703364020857848,14
3023651,9.912838001098866,5
3023654,9.857522894798791,3
3023661,9.876505098471442,7
3023671,9.788521167976032,10
3023674,9.952736800338613,3
3023681,9.871153874253949,7
3023690,9.828175030804534,9
3023695,9.932474301291547,5
3023711,9.716172945110138,16
3023712,10.0,1
3023718,9.899420360623473,6
3023719,10.0,1
3023728,9.824666885820763,9
3023731,9.950508710616733,3
3023732,10.0,1
3023742,9.773101895310477,10
3023751,9.841874396054259,9
3023754,9.948582353429897,3
3023772,9.59505285711213,18
3023776,9.93156529125299,4
3023777,10.0,1
3023790,9.680469594586524,13
3023803,9.71980599870106,13
3023808,9.92892647415162,5
3023816,9.8634872770334,8
3023828,9.730482586994789,12
3023841,9.697575466050226,13
3023851,9.781270210020859,10
3023852,10.0,1
3023867,9.667623720821009,15
3023875,9.841112854577414,8
3023883,9.881667374718203,8
3023887,9.933251904138274,4
3023900,9.719255976746705,13
3023910,9.813013152771777,10
3023921,9.774183531060876,11
3023927,9.893853577885526,6
3023932,9.822871085849767,5
3023937,9.921420630107274,5
3023941,9.933512094502893,4
3023949,9.842907711886765,8
3023962,9.607794567422058,13
3023977,9.665864402744727,15
3023995,9.634083462522394,18
3024004,9.804145994966246,9
3024018,9.680573975789514,14
3024028,9.786838552878947,10
3024036,9.853705988139811,8
3024044,9.848166838764358,8
3024045,10.0,1
3024053,9.82600667498465,8
3024062,9.853883527512956,9
3024074,9.743551884249435,12
3024085,9.772886570862847,11
3024089,9.722707779651156,4
3024100,9.769234143085303,11
3024110,9.775444506328924,10
3024122,9.747669233924167,12
3024133,9.730487729983029,11
3024139,9.881591682739133,6
3024147,9.829531796597534,8
3024163,9.604021432797534,16
3024166,9.965042278748022,3
3024180,9.74263318146212,14
3024191,9.771431392050586,11
3024204,9.733595658816396,13
3024210,9.899974990183708,6
3024216,9.788835108199283,6
3024217,10.0,1
3024226,9.83410531850382,9
3024227,10.0,1
3024237,9.792412799486845,10
3024244,9.854236131728443,7
3024251,9.872542490430966,7
3024257,9.886461549675493,6
3024268,9.744882437897957,11
3024274,9.883559235407645,6
3024282,9.817439496556787,8
3024287,9.929901358139695,5
3024297,9.80742548724794,10
3024304,9.871496668373986,7
3024305,10.0,1
3024309,9.933205556778931,4
3024315,9.906243319400025,6
3024324,9.819649903835767,9
3024327,9.954446518583723,3
3024330,9.963303388276717,3
3024331,9.991915358015731,1
3024335,9.935847506207548,4
3024340,9.912995335415033,5
3024350,9.78647126133114,10
3024358,9.861052262322351,8
3024363,9.912048495270069,5
3024367,9.924333758523963,4
3024374,9.88431187510904,7
3024375,10.0,1
3024382,9.869856846113038,7
3024389,9.877170485131687,7
3024395,9.909017562139883,6
3024401,9.880659622785313,6
3024414,9.723420046337205,13
3024420,9.889663004714086,6
3024920,-202.23700807276188,500
3025420,-210.36527357205242,500
3025434,9.692324865218785,14
3025435,10.0,1
3025443,9.879849090519158,8
3025444,10.0,1
3025460,9.660313549346993,16
3025471,9.766259019086732,11
3025480,9.810009929270743,9
3025491,9.801739420700596,11
3025492,10.0,1
3025500,9.875203624839875,8
3025509,9.843868212456163,9
3025517,9.822680024034392,8
3025526,9.832761556460714,9
3025533,9.865546565741136,7
3025542,9.808964402838383,9
3025556,9.661593083280447,14
3025560,9.944697710311582,4
3025580,9.583030714131779,20
3025588,9.841253125299003,8
3025589,9.99296511711628,1
3025603,9.672431689760279,14
3025622,9.531765621808347,19
3025629,9.873897293668344,7
3025633,9.925689587006433,4
3025653,9.573279992517035,20
3025664,9.774761070816389,11
3025668,9.952225414605033,4
3025674,9.892598966610677,6
3025678,9.944445344299513,4
3025679,10.0,1
3025684,9.909773582208311,5
3025685,10.0,1
3025689,9.94288353569835,4
3025698,9.809886283539456,9
3025716,9.579007423309939,18
3025727,9.757215232607168,11
3025742,9.649830540847965,15
3025750,9.851747253940223,8
3025751,10.0,1
3025752,10.0,1
3025765,9.725413538240927,13
3025774,9.830499543218334,9
3025781,9.867085250643099,7
3025782,9.996195830939005,1
3025786,9.93086001754991,4
3025803,9.643465866772955,17
3025811,9.827593057997193,8
3025812,10.0,1
3025825,9.609383074291483,13
3025826,10.0,1
3025838,9.760184225403426,12
3025849,9.587339937667354,11
3025861,9.736599923132733,12
3025871,9.7883383971741,10
3025883,9.758372467572277,12
3025895,9.73806865180161,12
3025898,9.961460315498496,3
3025903,9.904484420735878,5
3025906,9.954465046570343,3
3025920,9.682332052727986,14
3025923,9.959777239684952,3
3025924,10.0,1
3025931,9.89114681980237,7
3025951,9.610273853920857,20
3025961,9.774519110468496,10
3025978,9.611754709695255,17
3025998,9.501855425643122,20
3026004,9.889508205667113,6
3026010,9.88390035455409,6
3026018,9.854411035130928,8
3026025,9.864613173583809,7
3026031,9.885849891149544,6
3026032,10.0,1
3026040,9.85044047961121,8
3026045,9.909922715847337,5
3026057,9.736321359964945,12
3026064,9.864166295911298,7
3026078,9.713256875721623,14
3026090,9.72787836441412,12
3026101,9.76534207792644,11
3026112,9.768062529970312,11
3026117,9.907261982945503,5
3026132,9.656223777321221,15
3026145,9.694629510633002,13
3026158,9.712605429916092,13
3026166,9.843793871138695,8
3026174,9.850134916598396,8
3026180,9.887280564532627,6
3026190,9.772712130608983,10
3026191,9.988942123803785,1
3026198,9.881388236021373,7
3026209,9.804055663608924,11
3026215,9.90333351307938,6
3026222,9.881786227478331,7
3026223,10.0,1
3026233,9.794546500702854,10
3026244,9.761997061138421,11
3026252,9.831918950997807,8
3026258,9.907410174490819,6
3026262,9.940340532175869,4
3026269,9.871465055086048,7
3026275,9.890426871167238,6
3026285,9.789455074426165,10
3026292,9.85725477450101,7
3026293,9.996367434388011,1
3026305,9.714938067069848,12
3026306,10.0,1
3026321,9.660283816205183,15
3026335,9.605095112027703,14
3026344,9.734479136752855,9
3026350,9.906816408441152,6
3026359,9.840178180814256,9
3026360,10.0,1
3026372,9.748394732261534,12
3026376,9.931809095968239,4
3026380,9.938178599893721,4
3026387,9.880851858903132,7
3026395,9.750230744302904,8
3026408,9.744806506049732,13
3026415,9.870684290928482,7
3026427,9.784187837299276,12
3026442,9.666496388022516,15
3026452,9.801244909307428,10
3026454,9.974837199148299,2
3026463,9.821942118778002,9
3026475,9.734511476082217,12
3026481,9.920066076303325,6
3026484,9.963180432123986,3
3026488,9.936735461116074,4
3026495,9.870673748956447,7
3026496,9.996460915696035,1
3026497,10.0,1
3026498,10.0,1
3026511,9.759944142988527,13
3026521,9.815384892327288,10
3026529,9.850679138745436,8
3026539,9.793079874503947,10
3026549,9.799979322585402,10
3026555,9.916388825875842,6
3026559,9.936442693092879,4
3026571,9.736773534221962,12
3026580,9.84272045197868,9
3026590,9.806953625551802,10
3026600,9.815807726866556,10
3026608,9.852218603255322,8
3026609,9.992688119364297,1
3026621,9.735635241364223,12
3026622,10.0,1
3026637,9.704191438269858,15
3026646,9.821164195029933,9
3026661,9.559589492355848,15
3026662,10.0,1
3026671,9.846325440237013,9
3026680,9.825284201661297,9
3026681,10.0,1
3026688,9.899146255027748,7
3026696,9.871861163659768,8
3026698,9.971007222137024,2
3026709,9.774190329996836,11
3026712,9.95869592670132,3
3026726,9.678070440885495,14
3026751,2.1314076949292655,25
3026762,9.766833785121493,11
3026763,10.0,1
3026769,9.905163955152503,6
3026772,9.95632634854409,3
3026773,10.0,1
3026774,10.0,1
3026780,9.902652604936826,6
3026784,9.95217014639211,4
3026792,9.815967906143154,8
3026793,10.0,1
3026806,9.725036731714495,13
3026817,9.772789740213483,11
3026825,9.822745576804596,8
3026826,10.0,1
3026838,9.762902662639725,12
3026848,9.774501687726016,10
3026852,9.938816929159499,4
3026863,9.782831877302923,11
3026871,9.89442014220316,8
3026886,9.67516518743832,15
3026897,9.769247594998001,11
3026906,9.802707687595948,9
3026910,9.930804660150775,4
3026921,9.751738784986486,11
3026927,9.897143479402802,6
3026940,9.710421438367158,13
3026944,9.944283479305115,4
3026967,9.522985116967757,23
3026982,9.689292111927765,15
3026994,9.749954419408322,12
3027005,9.802325138187372,11
3027013,9.875284271435763,8
3027026,9.71458846654435,13
3027040,9.687222695768288,14
3027046,9.923032427591298,6
3027055,9.819116163772858,9
3027061,9.902290579993666,6
3027072,9.751088936158276,11
3027076,9.951338938555601,4
3027085,9.825523567932775,9
3027089,9.947404043140107,4
3027097,9.86625478389149,8
3027110,9.706040973474353,13
3027117,9.858595508803331,7
3027130,9.721893234407045,13
3027135,9.914817573632078,5
3027152,9.565126099387438,17
3027154,9.979854223062809,2
3027156,9.981688969520103,2
3027165,9.812695779096321,9
3027172,9.879919661073512,7
3027182,9.796953417786732,10
3027191,9.831114533982186,9
3027198,9.86574568846656,7
3027202,9.93722941348281,4
3027209,9.875107891345282,7
3027218,9.83158491251209,9
3027221,9.970272591328676,3
3027237,9.64009245106344,16
3027241,9.934825748657671,4
3027258,9.639369748574007,17
3027263,9.91572436590719,5
3027267,9.935773905130802,4
3027274,9.878455607216761,7
3027280,9.873938569381068,6
3027284,9.925638810374695,4
3027293,9.849787689178656,9
3027301,9.821132613346622,8
3027313,9.73478250851312,12
3027323,9.785613560038293,10
3027328,9.91605413532138,5
3027336,9.84542267367739,8
3027351,9.654782146199027,15
3027364,9.703087504376281,13
3027375,9.758511622533225,11
3027389,9.651155712198827,14
3027395,9.887813844439998,6
3027398,9.966067667043898,3
3027403,9.920617211340694,5
3027406,9.96879831103511,3
3027413,9.855159113826508,7
3027435,9.624293411411287,22
3027441,9.89343098323996,6
3027458,9.701858532111896,17
3027459,10.0,1
3027466,9.887579205359463,7
3027474,9.862641512233145,8
3027487,9.724918050785167,13
3027500,9.72809461555179,13
3027508,9.847931499060932,8
3027509,10.0,1
3027516,9.868803857662012,7
3027526,9.789977021382056,10
3027539,9.687359893317916,13
3027549,9.819033732083462,10
3027556,9.872874458867111,7
3027557,10.0,1
3027565,9.84997943938091,8
3027585,9.552081374184521,20
3027598,9.707127227906877,13
3027602,9.939331380211632,4
3027603,9.992542618894518,1
3027610,9.877082523392268,7
3027623,9.712877327924687,13
3027638,9.671880204680507,15
3027643,9.902203519359555,5
3027648,9.911044706827477,5
3027654,9.884679446848596,6
3027659,9.928983750774062,5
3027670,9.759796592940633,11
3027671,10.0,1
3027681,9.799314248139162,10
3027683,9.973237505443883,2
3027688,9.90416008586036,5
3027698,9.791538766206576,10
3027710,9.722129948460644,12
3027717,9.874284339395492,7
3027723,9.885826408385105,6
3027728,9.926299695499416,5
3027736,9.629457378308597,8
3027744,9.85250024435679,8
3027754,9.78010315496632,10
3027760,9.900150310851568,6
3027773,9.71019356813562,13
3027775,9.976880660641319,2
3027776,10.0,1
3027789,9.711757684664736,13
3027797,9.868956668342127,8
3027805,9.651326037884566,8
3027810,9.910358513137929,5
3027814,9.933227595223164,4
3027828,9.77563999037713,14
3027840,9.78811875939336,12
3027847,9.892763852639339,7
3027857,9.796928266627026,10
3027865,9.863337459917672,8
3027876,9.78246109518011,11
3027882,9.903284888604908,6
3027893,9.656762760659038,11
3027894,10.0,1
3027901,9.864648419169685,7
3027908,9.879603381875238,7
3027916,9.835282056768168,8
3027925,9.801851006394855,9
3027926,10.0,1
3027933,9.879482946166874,7
3027937,9.943772629361595,4
3027938,10.0,1
3027942,9.947582554490063,4
3027944,9.975992786732673,2
3027947,9.952038737291664,3
3027954,9.87636108691423,7
3027955,9.992949036404953,1
3027966,9.77534217949485,11
3027977,9.801281768576823,11
3027990,9.689637182695297,13
3027995,9.911800191032935,5
3028004,9.800453022490746,9
3028010,9.904476631322074,6
3028012,9.971472608707579,2
3028024,9.555846670483406,12
3028025,9.996563386382112,1
3028031,9.91390818660445,6
3028032,10.0,1
3028036,9.746047090677113,4
3028037,10.0,1
3028044,9.875289666809953,7
3028053,9.829161496908032,9
3028054,10.0,1
3028063,9.838618043130666,9
3028069,9.890440331388074,6
3028074,9.919031631643994,5
3028083,9.821142443372707,9
3028093,9.776181198434875,10
3028106,9.702197062060876,13
3028112,9.886349826964892,6
3028129,9.738491854253423,17
3028136,9.85969385972557,7
3028143,9.849971753592804,7
3028147,9.932869130895321,4
3028158,9.764791424566884,11
3028170,9.767909698625642,12
3028184,9.70478847006891,14
3028197,9.72722771668687,13
3028202,9.91466171673185,5
3028208,9.88096775250121,6
3028213,9.933601769376828,5
3028218,9.923804936477843,5
3028228,9.794488827008278,10
3028232,9.924775716730874,4
3028236,9.925725244674453,4
3028240,9.947385473172318,4
3028258,9.716797039720142,18
3028265,9.846977106681006,7
3028277,9.742076485063121,12
3028279,9.977877625251944,2
3028286,9.849239516143708,7
3028296,9.59676901026663,10
3028308,9.73830872801717,12
3028315,9.862642865859039,7
3028332,9.392498008613082,17
3028341,9.831626478456538,9
3028364,9.425175573937485,23
3028370,9.904053023761799,6
3028379,9.802835582231905,9
3028384,9.941250247584135,5
3028394,9.794790243471882,10
3028399,9.911844576732568,5
3028412,9.721419913948386,13
3028417,9.91594641071006,5
3028423,9.884273614280705,6
3028430,9.860069668838339,7
3028438,9.861837710655868,8
3028445,9.86172842709348,7
3028457,9.774740349129212,12
3028467,9.785527599953976,10
3028470,9.960089250405316,3
3028478,9.86564367911977,8
3028487,9.826720063369784,9
3028494,9.881120059543601,7
3028506,9.743921919558497,12
3028518,9.721613631519245,12
3028519,10.0,1
3028532,9.726266473138976,13
3028539,9.858984116406864,7
3028543,9.919824845065204,4
3028568,9.521579602922342,25
3028580,9.768733147578587,12
3028592,9.742454518108746,12
3028600,9.858941487265179,8
3028607,9.865541234158,7
3028609,9.979244399467241,2
3028618,9.805519493026237,9
3028626,9.869014408477662,8
3028638,9.732364909667977,12
3028647,9.825437467574051,9
3028652,9.924353119214034,5
3028656,9.94108315357952,4
3028662,9.89443636837644,6
3028678,9.650581669745472,16
3028692,9.581638703512338,14
3028700,9.846985195151268,8
3028706,9.89404933585126,6
3028715,9.838969919339549,9
3028716,10.0,1
3028724,9.848374027780057,8
3028733,9.812337248483203,9
3028746,9.71243748177952,13
3028756,9.828177219875304,10
3028763,9.872552013859055,7
3028764,10.0,1
3028772,9.859015814721166,8
3028780,9.829673560746164,8
3028792,9.77345106335381,12
3028797,9.936095935064543,5
3028806,9.622685919650511,9
3028810,9.948805504076747,4
3028819,9.811383760053998,9
3028839,9.547537869557962,20
3028847,9.862858353369386,8
3028862,9.672087165237626,15
3028863,10.0,1
3028866,9.963701785137976,3
3028874,9.837155305861737,8
3028884,9.828000284770562,10
3028897,9.715705904582265,13
3028905,9.8302065247506,8
3028920,9.689131742307914,15
3028927,9.88307712430338,7
3028936,9.824196038847775,9
3028938,9.979216047027888,2
3028945,9.88176250384794,7
3028958,9.716904348785398,13
3028962,9.937600331205038,4
3028977,9.395279126559062,15
3028982,9.921030119485842,5
3028990,9.834610281387894,8
3028995,9.911667092950896,5
3029009,9.734676019836074,14
3029019,9.787429007656819,10
3029020,10.0,1
3029027,9.880065571284218,7
3029038,9.765487960812358,11
3029045,9.887849193964174,7
3029055,9.787672693824204,10
3029073,9.58232655353178,18
3029087,9.750599193153416,14
3029088,10.0,1
3029105,9.59482502906917,17
3029109,9.544098664246516,4
3029118,9.818910483049162,9
3029130,9.736834746774177,12
3029141,9.77775659171575,11
3029160,9.48321805277177,19
3029172,9.739387117425439,12
3029189,9.441719579575317,17
3029195,9.901314410166735,6
3029200,9.91873050136713,5
3029211,9.75475225469269,11
3029223,9.629872110247367,12
3029235,9.754147477418226,12
3029236,10.0,1
3029242,9.873510950970928,6
3029249,9.88636471462692,7
3029260,9.775881970828193,11
3029271,9.805264708724613,11
3029279,9.851277507092451,8
3029300,9.533782962049708,21
3029321,9.52446145318032,21
3029335,9.722591930443013,14
3029349,9.700755470354414,14
3029355,9.893443802603555,6
3029365,9.769068776643953,10
3029373,9.841585168504423,8
3029383,9.779402164193842,10
3029386,9.95314663049528,3
3029443,9.022267009167471,57
3029444,10.0,1
3029450,9.885074017510215,6
3029454,9.937669731682401,4
3029470,9.629396495557781,16
3029475,9.925543843745594,5
3029484,9.82862003277644,9
3029490,9.900074710995197,6
3029497,9.855157304790024,7
3029506,9.819884133751165,9
3029515,9.832762687376936,9
3029530,9.68110126026226,15
3029534,9.947534770998514,4
3029542,9.82719556383399,8
3029547,9.90903292039452,5
3029554,9.876706074410851,7
3029562,9.858799156948834,8
3029563,10.0,1
3029567,9.947573218974945,4
3029568,10.0,1
3029573,9.91616625397954,5
3029584,9.776132121284096,11
3029592,9.853601008665926,8
3029601,9.820018505059751,9
3029606,9.914225167880515,5
3029618,9.733393142741972,12
3029619,10.0,1
3029624,9.906772603974552,5
3029633,9.82807696914742,9
3029644,9.795783471362238,11
3029655,9.762584526064515,11
3029671,9.622334024762937,16
3029679,9.858671591659117,8
3029686,9.866197834495905,7
3029687,10.0,1
3029697,9.828164275663513,10
3029698,10.0,1
3029702,9.939970638553868,4
3029706,9.93647562343916,4
3029713,9.859810275356821,7
3029719,9.9033116679171,6
3029739,9.52946373237484,20
3029740,10.0,1
3029745,9.920481585274967,5
3029755,9.81134236462641,10
3029762,9.866394316863907,7
3029775,9.490004568869672,13
3029788,9.723341294842081,13
3029818,9.520079969706373,30
3029827,9.824386210823217,9
3029839,9.74609185726016,12
3029849,9.771353851782573,10
3029851,9.975335985176503,2
3029864,9.719858803758633,13
3029882,9.489205316077632,18
3029889,9.891338624141797,7
3029897,9.844958531267483,8
3029898,10.0,1
3029907,9.840321869885718,9
3029918,9.798244222442397,11
3029925,9.86105948078085,7
3029930,9.92914775898568,5
3029943,9.74887476971436,13
3029946,9.958855922784739,3
3029957,9.77563416401295,11
3029962,9.924425360282777,5
3029964,9.973025761684415,2
3029971,9.875797506911335,7
3029984,9.714286522491989,13
3029996,9.733722108123555,12
3030007,9.77804595101281,11
3030016,9.862019170266965,9
3030020,9.947538415902894,4
3030024,9.948819288521763,4
3030035,9.76380767020784,11
3030046,9.781702286361906,11
3030052,9.90840826174628,6
3030060,9.843472621965859,8
3030065,9.926201657430628,5
3030076,9.775501154309174,11
3030104,9.299121029229887,28
3030111,9.867499810919275,7
3030119,9.852192442061783,8
3030132,9.692418892838798,13
3030139,9.853948117265174,7
3030144,9.924135630195268,5
3030154,9.798328732380433,10
3030169,9.612060532314361,15
3030174,9.932773043575326,5
3030184,9.801461861979671,10
3030188,9.948225146207127,4
3030201,9.704000311503481,13
3030212,9.764098403076131,11
3030219,9.864771244917076,7
3030228,9.835992118388136,9
3030244,9.672511118915185,16
3030254,9.785254421319223,10
3030262,9.845863929250338,8
3030273,9.786479504314837,11
3030282,9.8486062456694,9
3030283,10.0,1
3030294,9.773442684687863,11
3030301,9.868391444476812,7
3030308,9.861906871423686,7
3030309,10.0,1
3030326,9.646362288939091,17
3030330,9.942485012888596,4
3030340,9.495613351738111,10
3030343,9.96567694928254,3
3030359,9.705193079973538,16
3030360,10.0,1
3030373,9.720387788593158,13
3030381,9.83888248589515,8
3030386,9.919824031428355,5
3030390,9.943877760557168,4
3030402,9.744911265453686,12
3030403,10.0,1
3030410,9.859666599382134,7
3030422,9.743586200850395,12
3030430,9.845346549967354,8
3030433,9.954975174153613,3
3030443,9.793813596524542,10
3030444,10.0,1
3030454,9.76085023853045,10
3030457,9.946143015524308,3
3030461,9.941962337648757,4
3030466,9.901179812639551,5
3030472,9.909384409023959,6
3030478,9.8832069872917,6
3030494,9.652813645979474,16
3030499,9.937786742480982,5
3030512,9.697478261900748,13
3030523,9.770468378038101,11
3030536,9.721342187188391,13
3030550,9.682725530094418,14
3030555,9.91313661208357,5
3030561,9.896129558143572,6
3030569,9.851584173905065,8
3030581,9.739579685851197,12
3030588,9.858085044396383,7
3030602,9.702248069024508,14
3030603,10.0,1
3030609,9.885996761542025,6
3030618,9.813068372002432,9
3030628,9.805757545242296,10
3030633,9.902676517670121,5
3030637,9.939361365453255,4
3030640,9.96097503677412,3
3030646,9.890482910859369,6
3030656,9.775438225192527,10
3030662,9.898323395860103,6
3030668,9.896955068495847,6
3030672,9.942362985091336,4
3030679,9.867496680057036,7
3030696,9.642075986812927,17
3030703,9.875012978791803,7
3030708,9.913333304890667,5
3030720,9.730906279378877,12
3030725,9.905914654565533,5
3030726,10.0,1
3030737,9.788490099277059,11
3030748,9.817229979931183,11
3030757,9.809085281054054,9
3030857,6.626657013164181,100
3030863,9.904320885947143,6
3030864,10.0,1
3030875,9.81647038420351,11
3030886,9.764375710665544,11
3030891,9.929854348524454,5
3030906,9.646503614365182,15
3030908,9.974440511563907,2
3030918,9.784596805969668,10
3030923,9.921379428800646,5
3030933,9.834671100972738,10
3030945,9.733273467115247,12
3030961,9.625444735477345,16
3030966,9.904768357989507,5
3030982,9.651635487079998,16
3030983,10.0,1
3030994,9.783758231601954,11
3031005,9.756971487167297,11
3031017,9.751011282674334,12
3031021,9.932109196762386,4
3031027,9.903770795195829,6
3031028,9.996316954755738,1
3031034,9.87297444099655,6
3031041,9.871861773073386,7
3031053,9.758087866599515,12
3031054,9.996401869532553,1
3031064,9.799250422014897,10
3031071,9.891778997085224,7
3031078,9.862831913181855,7
3031091,9.71358198667502,13
3031105,9.694743117945762,14
3031112,9.873354895649168,7
3031122,9.791774250327864,10
3031140,9.518484665995613,18
3031149,9.799413135336742,9
3031157,9.83328059685262,8
3031164,9.899573496365822,7
3031171,9.867915222440832,7
3031182,9.779682729414779,11
3031194,9.750982532086544,12
3031201,9.852700874357678,7
3031208,9.887051227673634,7
3031220,9.755952924482596,12
3031221,10.0,1
3031222,10.0,1
3031237,9.653045452748199,15
3031246,9.805296318844826,9
3031256,9.792152389735929,10
3031257,10.0,1
3031267,9.822475907106385,10
3031275,9.820363882732797,8
3031282,9.863569769261172,7
3031291,9.819142763948813,9
3031305,9.701867592850531,14
3031311,9.882136963702516,6
3031320,9.835819413962495,9
3031321,10.0,1
3031331,9.777583903509736,10
3031339,9.855808654249595,8
3031348,9.79840494655465,9
3031357,9.821751726914952,9
3031364,9.877890214501369,7
3031370,9.890793294013505,6
3031379,9.835012943374208,9
3031380,10.0,1
3031386,9.893860472151962,6
3031393,9.84382637996509,7
3031396,9.966405780931503,3
3031401,9.924382163170431,5
3031412,9.663652990612588,11
3031422,9.813728223757996,10
3031436,9.710632880466306,14
3031446,9.76772371171893,10
3031447,10.0,1
3031455,9.839115716884603,8
3031468,9.718717922246332,13
3031477,9.85977442514944,9
3031487,9.759750271156948,10
3031499,9.769628800324837,12
3031509,9.610250740063004,10
3031512,9.955028347192732,3
3031523,9.776058572510168,11
3031531,9.825393863629339,8
3031543,9.726701000905596,12
3031552,9.83136704462814,9
3031554,9.968780502554292,2
3031569,9.694144633500846,15
3031584,9.646953098767222,15
3031587,9.966055180431907,3
3031597,9.775015736537366,10
3031603,9.885446282121436,6
3031614,9.781069574263134,11
3031618,9.945569233423267,4
3031628,9.78330003645635,10
3031639,9.781497769171732,11
3031640,9.992860682479915,1
3031643,9.566414015785234,3
3031658,9.698578863724133,15
3031659,10.0,1
3031667,9.86945412878772,8
3031673,9.881038772702867,6
3031689,9.577699157137232,16
3031694,9.915613400730354,5
3031699,9.898290102706994,5
3031718,9.512099617769126,19
3031726,9.82799752949832,8
3031739,9.731292191036612,13
3031752,9.719854248231025,13
3031763,9.754000536109602,11
3031774,9.791297863319581,11
3031790,9.638453628152488,16
3031794,9.940916062664437,4
3031807,9.736888248430068,13
3031821,9.672868920871053,14
3031827,9.904503914925193,6
3031831,9.93186113942765,4
3031836,9.927885063003185,5
3031846,9.79520899886171,10
3031853,9.875044944873935,7
3031857,9.945342544106818,4
3031858,10.0,1
3031862,9.944544849519877,4
3031869,9.893229453677538,7
3031879,9.808414779799849,10
3031893,9.502087571285696,14
3031898,9.925867712885161,5
3031905,9.86419730122862,7
3031917,9.738290120270657,12
3031926,9.822695930552594,9
3031937,9.771795918934563,11
3031940,9.966543863328198,3
3031942,9.96960984479132,2
3031947,9.900258501133337,5
3031948,10.0,1
3031949,10.0,1
3031960,9.784349402670596,11
3031963,9.964762311412427,3
3031973,9.785667383600783,10
3031981,9.826444701270656,8
3031987,9.8991608654966,6
3032000,9.746713436249488,13
3032012,9.734927300258569,12
3032023,9.744929400108283,11
3032025,9.985272202272759,2
3032035,9.789712783478366,10
3032050,9.492409543555274,15
3032062,9.705238766626675,12
3032075,9.72494911747172,13
3032089,9.594422369942915,14
3032097,9.857243533239712,8
3032101,9.936050668077117,4
3032104,9.949208218103298,3
3032119,9.659835473152054,15
3032133,9.745108900619057,14
3032146,9.728170212686459,13
3032148,9.98050504353053,2
3032152,9.93713553324009,4
3032157,9.917266363808366,5
3032168,9.798614872077993,11
3032182,9.708960894595068,14
3032189,9.87236447836477,7
3032203,9.687274894306883,14
3032204,10.0,1
3032213,9.824965958994284,9
3032216,9.956131252883626,3
3032229,9.601877611923648,13
3032230,10.0,1
3032238,9.858761786914403,8
3032239,10.0,1
3032245,9.889140068371855,6
3032255,9.80096342778099,10
3032261,9.884376433329587,6
3032269,9.882223553806012,8
3032277,9.822955313799927,8
3032287,9.802823037237069,10
3032298,9.802962217559497,11
3032311,9.70841994911135,13
3032318,9.865404676863477,7
3032328,9.788540334133689,10
3032343,9.658134873097936,15
3032350,9.868223527530187,7
3032354,9.94025568514384,4
3032362,9.856747662296112,8
3032372,9.811307087145723,10
3032386,9.699509519384657,14
3032392,9.897409323904972,6
3032404,9.781428129577776,12
3032415,9.772271442901415,11
3032419,9.930576606784228,4
3032428,9.840868718963067,9
3032437,9.813322151403213,9
3032452,9.667735558131561,15
3032455,9.950660682694346,3
3032462,9.773949544359194,7
3032470,9.846037426145838,8
3032476,9.893020024689665,6
3032485,9.81539176287813,9
3032498,9.702990882044892,13
3032510,9.75043046156187,12
3032514,9.937631968091369,4
3032523,9.822055690825307,9
3032537,9.674666268952722,14
3032549,9.73914970216118,12
3032560,9.757433433208275,11
3032564,9.949829227896313,4
3032565,10.0,1
3032573,9.835977637121642,8
3032581,9.834995911305551,8
3032591,9.798146714362018,10
3032603,9.732952485124223,12
3032614,9.75662873512719,11
3032629,9.66126234787118,15
3032640,9.752560566077292,11
3032645,9.902185597870604,5
3032654,9.837173785066891,9
3032655,10.0,1
3032662,9.860331166547152,7
3032671,9.825739942633062,9
3032682,9.767586597066407,11
3032695,9.716777347381049,13
3032704,9.829257257852662,9
3032714,9.60065972205348,10
3032733,9.541634760017294,19
3032739,9.907825913437362,6
3032752,9.632898204511278,13
3032753,10.0,1
3032754,10.0,1
3032763,9.813387697326597,9
3032772,9.807910031863965,9
3032785,9.699802176762434,13
3032791,9.892781564062455,6
3032799,9.88320678550787,8
3032808,9.819034675536164,9
3032811,9.964362444848776,3
3032827,9.706256799090756,16
3032835,9.854635294792718,8
3032843,9.843423841197456,8
3032850,9.850695022624048,7
3032860,9.776878661530272,10
3032873,9.692786079258546,13
3032881,9.847358033678486,8
3032882,10.0,1
3032884,9.984060586775028,2
3032886,9.975654006703769,2
3032891,9.917027714483416,5
3032901,9.843986660879233,10
3032914,9.714403021154492,13
3032929,9.654419356489809,15
3032935,9.908222057074427,6
3032942,9.894002753339208,7
3032951,9.80449457639427,9
3032965,9.704906717301405,14
3032971,9.902905949255596,6
3032974,9.947499429983118,3
3032976,9.970712737892645,2
3032979,9.956807639209467,3
3032992,9.697567536052869,13
3032995,9.957454022187031,3
3033006,9.784557971407773,11
3033022,9.610828594053974,16
3033023,10.0,1
3033031,9.848007344567767,8
3033038,9.865522284514032,7
3033048,9.78663091137941,10
3033056,9.862808354004464,8
3033071,9.675551256948449,15
3033084,9.723670812287725,13
3033092,9.869143322001234,8
3033106,9.70139938831707,14
3033111,9.93675738537099,5
3033122,9.777263355197134,11
3033131,9.820159597696215,9
3033138,9.895360703786746,7
3033145,9.900084781229447,7
3033146,10.0,1
3033147,10.0,1
3033151,9.945938115484987,4
3033159,9.828420228438372,8
3033167,9.834113591477847,8
3033179,9.7406321656668,12
3033185,9.896047728015574,6
3033191,9.91170659520428,6
3033205,9.696745230979218,14
3033214,9.826258348679099,9
3033226,9.766890046870433,12
3033228,9.978718765532028,2
3033236,9.85009987384105,8
3033241,9.911437799434472,5
3033257,9.6677336501988,16
3033264,9.85033113766618,7
3033288,7.3138461613672385,24
3033290,9.979707364899085,2
3033302,9.735379683171269,12
3033303,10.0,1
3033307,9.937402201369489,4
3033311,9.933032872433568,4
3033321,9.813169910588208,10
3033331,9.779689885237893,10
3033338,9.874543815031751,7
3033347,9.871290700722707,9
3033364,9.618330068294012,17
3033377,9.713210771651498,13
3033393,9.623382522032317,16
3033434,9.168072947259203,41
3033444,9.791722487576259,10
3033458,9.674089528686903,14
3033470,9.761315298109048,12
3033477,9.87557635323639,7
3033489,9.768054432699484,12
3033498,9.809343809283359,9
3033509,9.753862948119606,11
3033518,9.817110716856737,9
3033529,9.773683056888887,11
3033537,9.875066732441393,8
3033549,9.789176198042504,12
3033555,9.899390121651836,6
3033565,9.694582844303667,10
3033570,9.927606444845123,5
3033580,9.774752470401857,10
3033584,9.951780950337369,4
3033587,9.954437683486653,3
3033602,9.699404272014288,15
3033613,9.775617539954604,11
3033625,9.717097811934975,12
3033626,10.0,1
3033641,9.653114735108645,15
3033646,9.91420603035915,5
3033657,9.770394779231694,11
3033670,9.756826049675517,13
3033687,9.59813558762706,17
3033690,9.946422428535522,3
3033704,9.738202566946631,14
3033706,9.969865675608292,2
3033719,9.704107317486017,13
3033729,9.784957311020126,10
3033742,9.743531387135366,13
3033746,9.952497417627672,4
3033750,9.937410109570402,4
3033756,9.896265225010668,6
3033763,9.873069688830189,7
3033770,9.841770227203597,7
3033786,9.642233924304822,16
3033798,9.783633366555172,12
3033804,9.897740766762574,6
3033811,9.883349752657265,7
3033812,9.995871727306282,1
3033815,9.9573890133228,3
3033829,9.72805797612538,14
3033838,9.825008272470411,9
3033848,9.790766923896932,10
3033858,9.810885496488277,10
3033860,9.979753229489022,2
3033861,10.0,1
3033870,9.825695685779873,9
3033884,9.665972505280017,14
3033895,9.75596253601313,11
3033913,9.658141862580495,18
3033918,9.911889927386884,5
3033930,9.720999767640038,12
3033946,9.462973519572735,16
3033958,9.719237039730192,12
3033963,9.913109711934943,5
3033976,9.688612900679662,13
3033985,9.8238886172216,9
3033992,9.876015854525408,7
3034003,9.804725609359414,11
3034013,9.790687733375119,10
3034024,9.774418516537091,11
3034028,9.93706995468137,4
3034036,9.834429823827383,8
3034047,9.745033820299758,11
3034055,9.872768517204346,8
3034065,9.843135817751072,10
3034069,9.943197079347405,4
3034075,9.895769933599144,6
3034079,9.946912028119387,4
3034086,9.888146609009242,7
3034101,9.608995873363854,15
3034112,9.756048113334762,11
3034118,9.891681311854404,6
3034130,9.748741617086088,12
3034137,9.860648488285156,7
3034145,9.859037660678604,8
3034153,9.858619540105698,8
3034180,9.466421644359865,27
3034190,9.768136318725482,10
3034198,9.84177406715937,8
3034201,9.956293200632892,3
3034202,10.0,1
3034219,9.579858356902013,17
3034241,9.556448365334806,22
3034242,10.0,1
3034254,9.76404080217133,12
3034262,9.854230345979452,8
3034275,9.741323197866771,13
3034278,9.961578705069682,3
3034288,9.792712724528753,10
3034300,9.758330593596558,12
3034301,10.0,1
3034304,9.954214945796219,3
3034310,9.898047194134339,6
3034318,9.87321815913817,8
3034325,9.860298004938445,7
3034339,9.691136403743563,14
3034345,9.88154442537703,6
3034348,9.951845190213206,3
3034365,9.577461248614615,17
3034377,9.73343214576545,12
3034383,9.898529962447252,6
3034391,9.858210197509806,8
3034395,9.93732657858668,4
3034397,9.98418356418698,2
3034398,10.0,1
3034406,9.831745015800117,8
3034416,9.6869290270928,10
3034423,9.875912792490764,7
3034437,9.681617302266515,14
3034445,9.843792418469048,8
3034450,9.914381131626035,5
3034457,9.85760433131565,7
3034468,9.779672605694197,11
3034469,10.0,1
3034473,9.947535428162373,4
3034481,9.744345235565342,8
3034488,9.862635477934951,7
3034491,9.96553051352663,3
3034496,9.93553400822256,5
3034505,9.82486698568153,9
3034518,9.686694381921457,13
3034519,9.996335033682636,1
3034525,9.89766498161954,6
3034537,9.738428054310946,12
3034543,9.910064677594924,6
3034550,9.86733236144785,7
3034553,9.956390233219452,3
3034560,9.862357609811424,7
3034566,9.89182770078316,6
3034590,8.995853752163837,24
3034600,9.826950776540686,10
3034614,9.681486353326802,14
3034627,9.69134263198537,13
3034636,9.798520715256558,9
3034649,9.736262332115171,13
3034659,9.801917523514533,10
3034674,9.669334023910816,15
3034690,9.665437672490922,16
3034693,9.948690614270657,3
3034697,9.946256603400027,4
3034703,9.910625042422458,6
3034717,9.72247372610662,14
3034724,9.853771274542323,7
3034728,9.951433600249471,4
3034741,9.693676792075149,13
3034754,9.70061371482142,13
3034762,9.825107397190768,8
3034768,9.888716818010218,6
3034778,9.781896297416875,10
3034783,9.913681853472475,5
3034791,9.818429063332575,8
3034801,9.794933640700604,10
3034811,9.797894664903591,10
3034817,9.8878215937584,6
3034828,9.771757140530413,11
3034835,9.8849504421263,7
3034842,9.871455309694348,7
3034846,9.93258384292907,4
3034850,9.934257351333233,4
3034862,9.71422129107905,12
3034873,9.759496088788085,11
3034888,9.680702524652679,15
3034896,9.841636353966168,8
3034897,10.0,1
3034901,9.928214503196584,4
3034903,9.971466297886739,2
3034918,9.541458090155006,15
3034928,9.78607403881698,10
3034931,9.967571590805766,3
3034936,9.910213774675855,5
3034941,9.919145180139058,5
3034945,9.94282872130176,4
3034955,9.78535369030321,10
3034960,9.925262026299082,5
3034964,9.932367570274234,4
3034977,9.725376043061967,13
3034985,9.840126941677003,8
3035000,9.688393787746431,15
3035014,9.685156659192662,14
3035024,9.78200277288387,10
3035034,9.805501096558126,10
3035041,9.870661681869834,7
3035047,9.88638688921324,6
3035055,9.852184614072796,8
3035060,9.911986661695565,5
3035061,9.992808366187631,1
3035069,9.853330846238062,8
3035084,9.669011315479834,15
3035092,9.839601119819262,8
3035099,9.856849717808055,7
3035111,9.752514650678858,12
3035120,9.840501728659813,9
3035129,9.820858070415936,9
3035138,9.83635598987676,9
3035145,9.872627090838838,7
3035156,9.758329036365335,11
3035166,9.791414197279005,10
3035167,10.0,1
3035174,9.860901563071716,7
3035177,9.959704765360351,3
3035186,9.798638057718152,9
3035187,10.0,1
3035198,9.54004009216771,11
3035210,9.776411255668819,12
3035213,9.95254613610641,3
3035226,9.697861124455653,13
3035229,9.949744677328363,3
3035241,9.624401506069596,12
3035252,9.791395092379501,11
3035268,9.628097206465434,16
3035275,9.876240464112023,7
3035283,9.85282187081142,8
3035287,9.93981906376271,4
3035291,9.942431975811951,4
3035303,9.747758989638479,12
3035313,9.760121592106765,10
3035322,9.797763133655732,9
3035339,9.709050985302905,17
3035351,9.75210774672174,12
3035359,9.855001614043145,8
3035365,9.882184877953437,6
3035369,9.93982048717527,4
3035383,9.681154666267243,14
3035392,9.831532183865022,9
3035393,10.0,1
3035398,9.9340007624576,5
3035407,9.84945890252334,9
3035408,10.0,1
3035410,9.973151722851123,2
3035420,9.77617708338196,10
3035424,9.94446837997081,4
3035438,9.67755839091158,14
3035442,9.93705431392104,4
3035450,9.847854975278526,8
3035459,9.822977766930258,9
3035464,9.918021888538064,5
3035468,9.930927184486473,4
3035478,9.786364729551686,10
3035486,9.848436087023241,8
3035499,8.537565282897233,13
3035514,9.49852460577669,15
3035529,9.659306639661224,15
3035537,9.820383928652294,8
3035546,9.816129183130514,9
3035550,9.939304530895285,4
3035568,9.335921308058834,18
3035577,9.816803412688227,9
3035587,9.791814352354912,10
3035595,9.869249904641588,8
3035602,9.85991591398822,7
3035609,9.876673470260743,7
3035610,10.0,1
3035611,10.0,1
3035620,9.804147281827102,9
3035634,9.683560757336057,14
3035649,9.67347010020213,15
3035651,9.977584572436351,2
3035658,9.872811378315346,7
3035668,9.804112936222792,10
3035679,9.766851478758683,11
3035680,10.0,1
3035689,9.80669492685708,9
3035697,9.85939158551332,8
3035706,9.82598775407429,9
3035709,9.957389923206215,3
3035720,9.78060304901748,11
3035729,9.80649550315812,9
3035739,9.801736737112684,10
3035743,9.937211471300808,4
3035753,9.792754883242962,10
3035763,9.74770597848738,10
3035776,9.730196608606578,13
3035778,9.98378391341956,2
3035793,9.659059564112072,15
3035798,9.909516704280659,5
3035808,9.807567395857905,10
3035819,9.769889862288963,11
3035828,9.811861436619886,9
3035834,9.87880629772089,6
3035843,9.81069362659753,9
3035849,9.890754491165492,6
3035857,9.85632133738806,8
3035862,9.912993342267141,5
3035874,9.733756579315324,12
3035875,10.0,1
3035882,9.867669586908656,7
3035884,9.971441955922193,2
3035895,9.757573371497438,11
3035903,9.833945398014041,8
3035914,9.773636992892493,11
3035918,9.939092972855242,4
3035924,9.909877958221918,6
3035936,9.715778231776905,12
3035939,9.944814756772818,3
3035941,9.972737504052702,2
3035945,9.924457798299569,4
3035949,9.934968922097504,4
3035953,9.941876071914072,4
3035962,9.835683219925855,9
3035976,9.702217939128344,14
3035986,9.797494612601866,10
3036001,9.66353028692535,15
3036013,9.765249321819748,12
3036029,9.653637930058357,16
3036036,9.85823521239101,7
3036051,9.726516282183438,15
3036052,10.0,1
3036058,9.888172910085824,6
3036074,9.635468935366402,16
3036079,9.921193772230838,5
3036094,9.260039692054328,15
3036103,9.789422081136594,9
3036110,9.858214597007393,7
3036111,10.0,1
3036121,9.774726564886391,10
3036126,9.922725992002741,5
3036137,9.788294970981369,11
3036144,9.883595674093188,7
3036156,9.63426235124718,12
3036167,9.737756419991353,11
3036168,10.0,1
3036180,9.732170706524148,12
3036189,9.812840972752758,9
3036195,9.909081541651997,6
3036201,9.915385362123411,6
3036211,9.798044862517457,10
3036212,10.0,1
3036219,9.85840564271398,7
3036224,9.925697278757061,5
3036236,9.7472997721066,12
3036244,9.841229046949799,8
3036246,9.973345386557389,2
3036261,9.68332529453972,15
3036266,9.899609012931267,5
3036279,9.692539858604258,13
3036292,9.71477753406376,13
3036300,9.852111778041676,8
3036301,10.0,1
3036319,9.54286666401829,18
3036323,9.930749987531614,4
3036337,9.679295771245352,14
3036348,9.763056634148965,11
3036349,10.0,1
3036355,9.90653031336042,6
3036360,9.905943786543506,5
3036377,9.618658921249324,17
3036383,9.892003455139449,6
3036384,10.0,1
3036394,9.620585210916836,10
3036397,9.962411158174536,3
3036407,9.78799048937912,10
3036410,9.954803789177502,3
3036420,9.783762937965877,10
3036428,9.836517658083674,8
3036440,9.750207305902492,12
3036451,9.804620578616127,11
3036462,9.765763785740361,11
3036467,9.915225688068599,5
3036475,9.85157879181413,8
3036492,9.621274520208916,17
3036501,9.827679865552485,9
3036517,9.679080202414832,16
3036529,9.722387817099042,12
3036534,9.8315318169767,5
3036549,9.487542632749893,15
3036558,9.80409765251153,9
3036568,9.866929554439354,10
3036575,9.863780160405065,7
3036584,9.802343948277574,9
3036590,9.905837417999056,6
3036606,9.644044747757034,16
3036618,9.763916761022296,12
3036620,9.967007055286821,2
3036629,9.822747100601488,9
3036640,9.794727306502276,11
3036648,9.850046187816192,8
3036657,9.818546001462602,9
3036668,9.734993529563688,11
3036675,9.875903462760952,7
3036677,9.985141655418207,2
3036681,9.93683560788862,4
3036693,9.733730283229878,12
3036699,9.891795184388478,6
3036711,9.732587605177315,12
3036721,9.681468918668106,10
3036723,9.972651240009776,2
3036734,9.780828012632982,11
3036744,9.761978953555895,10
3036745,10.0,1
3036755,9.780102916056096,10
3036760,9.919885096937127,5
3036768,9.836104611465952,8
3036774,9.880685217836065,6
3036778,9.930943373973577,4
3036784,9.891320413800415,6
3036791,9.88613799148377,7
3036797,9.90634821288046,6
3036802,9.912111834433222,5
3036816,9.597983377204645,14
3036827,9.767714117703743,11
3036832,9.908099920844213,5
3036847,9.70637320996681,15
3036848,10.0,1
3036855,9.867858894066574,7
3036857,9.967014338922436,2
3036858,10.0,1
3036865,9.874914919453442,7
3036873,9.8214658096576,8
3036887,9.67477871322704,14
3036888,10.0,1
3036891,9.971406938820083,3
3036903,9.7397414183775,12
3036909,9.89610552839569,6
3036920,9.791314514031717,11
3036924,9.945931180497896,4
3036927,9.946640145866112,3
3036931,9.934627927744588,4
3036941,9.805114662577989,10
3036955,9.66364130457801,14
3036965,9.786296374047154,10
3036976,9.75801250950244,11
3036980,9.94551889227347,4
3036990,9.790009911281155,10
3037006,9.647378623500469,16
3037015,9.806496289315161,9
3037019,9.933987640211965,4
3037024,9.91811765086415,5
3037031,9.866355381913294,7
3037040,9.79891865100815,9
3037048,9.847495495119224,8
3037054,9.91176479023331,6
3037063,9.836283261931698,9
3037078,9.337354780048724,15
3037085,9.76473056856153,7
3037097,9.719391697886504,12
3037108,9.762203123152055,11
3037110,9.977275586336942,2
3037125,9.661986479177994,15
3037134,9.839001327111644,9
3037135,10.0,1
3037139,9.948054367253398,4
3037149,9.784103449825414,10
3037164,9.664462231021881,15
3037168,9.941320613927058,4
3037169,10.0,1
3037176,9.85862764391251,7
3037188,9.729073296163499,12
3037189,10.0,1
3037203,9.70335713839696,14
3037211,9.86158253513866,8
3037215,9.93987810372928,4
3037224,9.812743650829823,9
3037227,9.948626590116982,3
3037244,9.614360762554282,17
3037245,9.993254625555396,1
3037246,10.0,1
3037258,9.739536120047013,12
3037270,9.722123979355066,12
3037283,9.718501226251423,13
3037289,9.898451546723328,6
3037298,9.792449306042881,9
3037308,9.844619655753318,10
3037313,9.89970941297455,5
3037322,9.802331605308842,9
3037323,10.0,1
3037324,10.0,1
3037330,9.889164218961332,6
3037339,9.844451775952441,9
3037354,9.538376632320723,15
3037355,10.0,1
3037363,9.824663777399259,8
3037376,9.748132733441317,13
3037392,9.623519512936536,16
3037404,9.733823263491896,12
3037418,9.67208828465884,14
3037421,9.971147602747589,3
3037436,9.665532735485964,15
3037441,9.928257145942329,5
3037447,9.925801541175622,6
3037448,10.0,1
3037458,9.805231051385865,10
3037464,9.915316419150276,6
3037469,9.920734678970526,5
3037478,9.79816089568383,9
3037480,9.980124144222453,2
3037493,9.736099971598275,13
3037501,9.86675224107824,8
3037504,9.965150031166585,3
3037509,9.917918891989917,5
3037512,9.956408045788987,3
3037520,9.841643019992281,8
3037530,9.781043849667729,10
3037539,9.829142054016582,9
3037550,9.750056079720256,11
3037557,9.882949032654398,7
3037558,10.0,1
3037559,10.0,1
3037568,9.864561026620311,9
3037569,10.0,1
3037576,9.882856974006149,7
3037582,9.90497797892641,6
3037588,9.903220630901176,6
3037590,9.985335939728703,2
3037601,9.769204221984547,11
3037603,9.975436012510482,2
3037604,10.0,1
3037608,9.824285236081376,4
3037609,10.0,1
3037624,9.655266096924453,15
3037641,9.596417364876057,17
3037655,9.671658435999907,14
3037658,9.955780816695531,3
3037665,9.878974900814221,7
3037670,9.908090558454402,5
3037682,9.719541678341121,12
3037689,9.863388063213613,7
3037696,9.875863738745991,7
3037707,9.706189456912673,11
3037719,9.510985757220446,12
3037725,9.879379248674415,6
3037738,9.706378705779581,13
3037747,9.827210235621324,9
3037760,9.727347667523368,13
3037766,9.88404255622918,6
3037773,9.86742202527665,7
3037788,9.676536378102078,15
3037795,9.86618075171541,7
3037804,9.839505821029485,9
3037811,9.89330457281054,7
3037812,9.996834518230148,1
3037817,9.909875678243187,5
3037828,9.7858889428361,11
3037834,9.912179470120796,6
3037835,10.0,1
3037843,9.866259098451573,8
3037858,9.654061378399817,15
3037866,9.840527407445851,8
3037871,9.931007969536909,5
3037879,9.841206888578393,8
3037891,9.743898159677284,12
3037901,9.792294654905707,10
3037908,9.860782331184458,7
3037919,9.799913875137706,11
3037922,9.956633389750934,3
3037933,9.79515410098082,11
3037940,9.882164538829286,7
3037955,9.643331530545506,15
3037963,9.84474919001834,8
3037971,9.84173530487936,8
3037982,9.795416995214234,11
3037988,9.900849131409581,6
3037990,9.969076991316452,2
3037997,9.86842077512211,7
3038002,9.925787521909177,5
3038009,9.903537358004522,7
3038013,9.935983630514928,4
3038022,9.82281008708504,9
3038030,9.84143815167102,8
3038032,9.976615753586618,2
3038042,9.783862515752297,10
3038053,9.818019980345593,11
3038064,9.77384636473293,11
3038082,9.608928012432523,18
3038096,9.693133528462921,14
3038109,9.701013162586161,13
3038117,9.828488337282742,8
3038130,9.762488059558875,13
3038144,9.695808052943793,14
3038159,9.668346306444429,15
3038175,9.608152606865245,16
3038186,9.802345817137867,11
3038192,9.911909061081118,6
3038202,9.784805363525312,10
3038209,9.897558880859904,7
3038223,9.6861200183835,14
3038227,9.934113959378827,4
3038230,9.959361136575987,3
3038231,10.0,1
3038240,9.866036063655566,9
3038250,9.78989508888096,10
3038261,9.78112139560305,11
3038267,9.894768404937876,6
3038284,9.596957347848905,17
3038287,9.953687612426384,3
3038315,8.684150999041417,28
3038326,9.777350612464987,11
3038344,9.553472020268357,18
3038349,9.911506193939744,5
3038356,9.857389832108792,7
3038361,9.912332643051759,5
3038375,9.686777081009765,14
3038385,9.83188782571346,10
3038390,9.9272863378371,5
3038406,9.613393764846208,16
3038410,9.943094341923107,4
3038420,9.778924102882357,10
3038425,9.928554806359411,5
3038435,9.771443658025843,10
3038449,9.693357368204413,14
3038450,10.0,1
3038469,9.547534617981206,19
3038476,9.878986627717874,7
3038501,9.334323007671859,25
3038505,9.954328395334354,4
3038510,9.907678432494178,5
3038517,9.764643030217405,7
3038523,9.912908081063424,6
3038530,9.862226585189172,7
3038537,9.86734227893524,7
3038543,9.912561406726637,6
3038554,9.800589999388828,11
3038556,9.98402891492505,2
3038561,9.901378657539347,5
3038571,9.797901533988151,10
3038590,9.525717377516042,19
3038600,9.799512192304064,10
3038614,7.328161801443393,14
3038628,9.68958015614763,14
3038639,9.794689262100864,11
3038645,9.893659998606378,6
3038647,9.977439954783598,2
3038665,9.660328217670344,18
3038677,9.742821051110063,12
3038683,9.888828523831924,6
3038710,9.204951121728573,27
3038712,9.983377388381115,2
3038724,9.521575899847715,12
3038730,9.896074173894387,6
3038740,9.759011413209098,10
3038741,10.0,1
3038744,9.962383363194105,3
3038754,9.77087533699327,10
3038758,9.953699155190886,4
3038774,9.612179866177291,16
3038782,9.83575569203554,8
3038791,9.734769024051797,9
3038802,9.772541557630154,11
3038812,9.806220092922784,10
3038819,9.860504741226606,7
3038825,9.889075865696427,6
3038837,9.744489392185994,12
3038842,9.902249836271622,5
3038853,9.744225676127991,11
3038860,9.863526986732683,7
3038867,9.887221791564341,7
3038873,9.891069355497546,6
3038874,10.0,1
3038886,9.726998860658153,12
3038895,9.809489620483292,9
3038896,10.0,1
3038899,9.96440859460193,3
3038907,9.828542415973862,8
3038916,9.815459867790192,9
3038924,9.823749909748221,8
3038926,9.983885916295359,2
3038935,9.846890285830879,9
3038941,9.915463337968648,6
3038942,10.0,1
3038961,9.591023671457043,19
3038970,9.814673294900562,9
3038976,9.918974958874335,6
3038987,9.758544275702814,11
3038996,9.824981509184445,9
3039011,9.550028781794968,15
3039012,9.988781049239591,1
3039019,9.893240500968043,7
3039025,9.885092316170137,6
3039030,9.615522860018302,5
3039042,9.751404150333773,12
3039055,9.74228438182914,13
3039065,9.80092749835974,10
3039068,9.968025114705117,3
3039076,9.81707093844271,8
3039087,9.770138527734192,11
3039100,9.711309544448833,13
3039105,9.932934266786681,5
3039117,9.760665998758643,12
3039134,9.600766357256255,17
3039135,10.0,1
3039153,9.037146444051894,18
3039158,9.938716201185011,5
3039170,9.726732913391798,12
3039184,9.718545235683443,14
3039206,9.455592898448055,22
3039222,9.628730816916681,16
3039233,9.760705276932585,11
3039244,9.774618686074612,11
3039251,9.877422060315846,7
3039260,9.83004390993591,9
3039268,9.521916293908202,8
3039284,9.659542589872684,16
3039287,9.962798334399464,3
3039290,9.959538086764754,3
3039301,9.773868811110532,11
3039306,9.917545122033935,5
3039321,9.757384947116604,15
3039332,9.776545483941714,11
3039344,9.717025806669215,12
3039345,10.0,1
3039360,9.65432245120799,15
3039375,9.623581883312502,15
3039381,9.887293150891749,6
3039389,9.846632607482682,8
3039393,9.940166583236623,4
3039396,9.952796313630769,3
3039399,9.949904127279709,3
3039410,9.766015144692702,11
3039411,10.0,1
3039413,9.980403763580714,2
3039422,9.805369266468121,9
3039431,9.82190406238608,9
3039438,9.868290477632348,7
3039452,9.679882464495812,14
3039462,9.834879171042655,10
3039465,9.963273918337343,3
3039468,9.954023675060142,3
3039472,9.939712614344725,4
3039482,9.79152903051215,10
3039502,9.548131788981893,20
3039512,9.77173055283238,10
3039519,9.872462640326862,7
3039520,10.0,1
3039521,10.0,1
3039533,9.764004710530601,12
3039538,9.906886651605541,5
3039545,9.880917792747463,7
3039554,9.818394300623757,9
3039564,9.795216682549846,10
3039575,9.568340244898238,11
3039581,9.914802355216445,6
3039593,9.772640142697902,12
3039601,9.8597311477545,8
3039610,9.83991133766362,9
3039615,9.906675101962353,5
3039624,9.830366077496809,9
3039651,9.430120973129242,27
3039660,9.80107061321294,9
3039669,9.849634814697946,9
3039676,9.894614625107064,7
3039686,9.79141372325516,10
3039704,9.611997785972134,18
3039715,9.776809532569787,11
3039722,9.785015095253497,7
3039729,9.858104164418608,7
3039748,8.459300368893537,19
3039754,9.887466421596166,6
3039763,9.825147758194252,9
3039772,9.830855653933408,9
3039787,9.628194740416708,15
3039790,9.967473215305379,3
3039807,9.611989380414958,17
3039815,9.839549018788183,8
3039824,9.817030481562126,9
3039831,9.867827133015128,7
3039844,9.71371706157855,13
3039851,9.849179288940634,7
3039858,9.86875348201036,7
3039865,9.852041726574896,7
3039872,9.840616608285004,7
3039884,9.733497649518526,12
3039890,9.911269293337229,6
3039891,10.0,1
3039896,9.916097446470356,5
3039906,9.807390252891931,10
3039910,9.934100101687134,4
3039924,9.677633912517766,14
3039925,9.996216356688546,1
3039938,9.770347142425045,13
3039947,9.41501783389931,9
3039948,10.0,1
3039953,9.924029395684707,5
3039966,9.720102549490447,13
3039967,9.988500396974866,1
3039979,9.732432759875836,12
3039989,9.802646066375145,10
3039992,9.95674220337943,3
3039995,9.95046976109116,3
3040000,9.90277391953047,5
3040004,9.951671366230837,4
3040019,9.659639831026087,15
3040024,9.927227507125385,5
3040038,9.684651767621151,14
3040039,10.0,1
3040055,9.633268149861753,16
3040064,9.831463097748546,9
3040066,9.978436468246791,2
3040075,9.807327433653606,9
3040090,9.644301086485294,15
3040102,9.76419435637266,12
3040113,9.774646242485433,11
3040128,9.612776046977656,15
3040130,9.980908335866769,2
3040140,9.78330060229133,10
3040156,9.640173530715542,16
3040160,9.949332811642824,4
3040173,9.699192659900332,13
3040181,9.846355083327479,8
3040186,9.929164145872406,5
3040204,9.62836111966005,18
3040212,9.827970884956105,8
3040218,9.896480204031564,6
3040219,10.0,1
3040234,9.663093461059107,15
3040236,9.981754615067164,2
3040246,9.808906649149618,10
3040260,9.704569352716,14
3040273,9.734391200501575,13
3040280,9.896450588917439,7
3040291,9.767642288742923,11
3040295,9.937394371585496,4
3040304,9.820463631759232,9
3040314,9.802657319798808,10
3040318,9.935387465815477,4
3040319,10.0,1
3040323,9.938600700461784,4
3040328,9.928653193197398,5
3040357,8.800556114472982,29
3040364,9.781342676682632,7
3040369,9.919482507187649,5
3040370,10.0,1
3040382,9.743990176794613,12
3040383,10.0,1
3040388,9.917828099473487,5
3040389,9.989093925001523,1
3040407,9.50839666878609,18
3040408,10.0,1
3040419,9.593774952404951,11
3040428,9.805766449232456,9
3040440,9.722084177798802,12
3040441,10.0,1
3040448,9.876761986061537,7
3040449,10.0,1
3040455,9.916113023911539,6
3040456,10.0,1
3040470,9.702713434303455,14
3040480,9.793819945446339,10
3040495,9.665532097122494,15
3040508,9.746465222600945,13
3040522,9.67064588058229,14
3040528,9.917957391183123,6
3040537,9.82518577368355,9
3040547,9.80756636421661,10
3040552,9.908264306406444,5
3040559,9.855101336063147,7
3040573,9.671235848806585,14
3040583,9.801096500950662,10
3040588,9.93999150669919,5
3040600,9.715019202396133,12
3040615,9.641364276498308,15
3040616,10.0,1
3040628,9.756768709285083,12
3040635,9.857800182655618,7
3040642,9.87893308117195,7
3040649,9.8723163410202,7
3040650,10.0,1
3040663,9.72254504862017,13
3040675,9.725428561086705,12
3040679,9.951516770191713,4
3040682,9.966639515090707,3
3040704,9.472473908948968,22
3040705,9.991882533759583,1
3040712,9.87133486742079,7
3040720,9.838810124749266,8
3040727,9.877443613861457,7
3040734,9.863300151042212,7
3040745,9.78998197200111,11
3040746,10.0,1
3040751,9.903482107255124,5
3040765,9.683633452325758,14
3040780,9.63354627403326,15
3040789,9.852940905820626,9
3040796,9.894780561018532,7
3040806,9.82822964955686,10
3040815,9.846702740290269,9
3040820,9.918551103823715,5
3040830,9.786179209729719,10
3040832,9.977881381416454,2
3040840,9.856154494629507,8
3040848,9.864394619931554,8
3040855,9.874074567642694,7
3040856,10.0,1
3040867,9.75266389412963,11
3040874,9.85056087845943,7
3040875,9.992446262718994,1
3040885,9.6743864585332,10
3040889,9.934898189473332,4
3040904,9.663190568856443,15
3040905,10.0,1
3040916,9.79440232346561,11
3040923,9.862683782068109,7
3040930,9.863763068197565,7
3040940,9.796670388662097,10
3040946,9.905027796281484,6
3040962,9.698029940008837,16
3040971,9.82421856237912,9
3040984,9.69903372921834,13
3040990,9.891819235351301,6
3040998,9.861181220009646,8
3041002,9.92885539116258,4
3041015,9.724625152409006,13
3041027,9.739644717026474,12
3041028,10.0,1
3041029,10.0,1
3041037,9.875331144702805,8
3041045,9.853749609109926,8
3041046,10.0,1
3041055,9.859253110870952,9
3041063,9.84085652566096,8
3041071,9.841795667296719,8
3041080,9.8528655704838,9
3041091,9.760915116568851,11
3041103,9.73145042349226,12
3041112,9.81710418526917,9
3041122,9.757664876977984,10
3041133,9.763923428960727,11
3041140,9.891465947869577,7
3041149,9.809914744392566,9
3041161,9.718734265472255,12
3041171,9.798900457022786,10
3041175,9.935125745821265,4
3041176,9.989427349241666,1
3041177,10.0,1
3041192,9.669974245585408,15
3041199,9.880938379520103,7
3041214,9.704018938228554,15
3041220,9.899793912842265,6
3041221,9.990025536023902,1
3041230,9.832733054899299,9
3041239,9.840869172293942,9
3041247,9.850695846942209,8
3041252,9.913757313022877,5
3041266,9.686168316534564,14
3041276,9.832256585376838,10
3041277,10.0,1
3041289,9.730441882130973,12
3041298,9.820433501522658,9
3041314,9.621953136507557,16
3041322,9.847009329454831,8
3041331,9.825414195579139,9
3041332,10.0,1
3041338,9.894692418704656,6
3041341,9.961431532977707,3
3041349,9.853964209241013,8
3041355,9.89385320913471,6
3041369,9.6891771506908,14
3041388,9.64520637761849,19
3041389,10.0,1
3041398,9.852531511195611,9
3041410,9.745828712180247,12
3041421,9.776266244580048,11
3041430,9.803945920267553,9
3041437,9.885813803969457,7
3041444,9.881223445172958,7
3041445,10.0,1
3041455,9.789306399017725,10
3041459,9.917298825680895,4
3041471,9.741559736944474,12
3041514,9.224275020817975,43
3041518,9.926326175099698,4
3041530,9.742623536449841,12
3041546,9.6391470499109,16
3041557,9.754556468180294,11
3041565,9.857123009068514,8
3041573,9.826096677321301,8
3041582,9.826576879153148,9
3041591,9.81984504006218,9
3041602,9.779895854732846,11
3041625,9.418051252334134,23
3041644,9.532597778045174,19
3041646,9.675268472656375,2
3041660,9.698318705775954,14
3041673,9.715116500641118,13
3041681,9.854265955991636,8
3041688,9.850500034011116,7
3041696,9.869680982355753,8
3041698,9.97749331338208,2
3041708,9.809078326630086,10
3041720,9.75005484961555,12
3041727,9.889692857550125,7
3041733,9.880813635525838,6
3041734,10.0,1
3041743,9.844825296896266,9
3041758,9.63727369039616,15
3041764,9.920969322797959,6
3041779,9.732831850168612,15
3041786,9.875303691449233,7
3041799,9.707905993075737,13
3041813,9.696184567762662,14
3041826,9.718160516145028,13
3041838,9.739156348790292,12
3041848,9.781835887063728,10
3041859,9.775691782207316,11
3041863,9.949788402487385,4
3041873,9.798164134406434,10
3041886,9.703974549528246,13
3041902,9.642494360389717,16
3041903,9.996683312328523,1
3041914,9.73005310109108,11
3041921,9.866195746825696,7
3041935,9.680846062028767,14
3041953,9.65106893288886,18
3041956,9.955214323894362,3
3041962,9.89078017018299,6
3041963,10.0,1
3041964,9.992456813731266,1
3041965,10.0,1
3041971,9.893127750481032,6
3041976,9.908597144665663,5
3041990,9.706297756474624,14
3041994,9.940482544740025,4
3042000,9.898438042413462,6
3042001,10.0,1
3042002,10.0,1
3042013,9.759242456243758,11
3042024,9.758315752798437,11
3042038,9.687873578762707,14
3042050,9.73184588378218,12
3042060,9.792388355568429,10
3042061,9.992807946699116,1
3042064,9.951305907474872,3
3042066,9.981151349257214,2
3042079,9.708977841619966,13
3042089,9.786842602896346,10
3042090,10.0,1
3042099,9.812519038350278,9
3042103,9.923907591745127,4
3042117,9.676275529855026,14
3042128,9.780571327913915,11
3042144,9.726400368689262,16
3042150,9.908347523423872,6
3042162,9.746595160942991,12
3042171,9.796246033812654,9
3042182,9.78125437909776,11
3042185,9.963112018631914,3
3042190,9.911040416791353,5
3042196,9.890465407685337,6
3042202,9.88861572928792,6
3042219,9.62944323027613,17
3042225,9.903481952976177,6
3042230,9.920937941342507,5
3042237,9.864567104068799,7
3042249,9.750777395682922,12
3042263,9.690349836169583,14
3042270,9.756845268803323,7
3042271,10.0,1
3042282,9.788557320367621,11
3042289,9.884022253297774,7
3042323,9.023353335742321,34
3042335,9.72992553604937,12
3042341,9.898777818110624,6
3042352,9.730719800526451,11
3042360,9.85746337158886,8
3042375,9.694075120227806,15
3042376,10.0,1
3042384,9.836082236313791,8
3042394,9.793685869412835,10
3042406,9.737121923355284,12
3042416,9.775644840310662,10
3042420,9.939990039327474,4
3042432,9.43204991761411,12
3042438,9.885748709129535,6
3042439,10.0,1
3042450,9.765674244721707,11
3042465,9.704799513987265,15
3042474,9.821507959665079,9
3042481,9.879547898657991,7
3042482,10.0,1
3042495,9.787172020568923,13
3042496,10.0,1
3042497,10.0,1
3042503,9.919540025376888,6
3042510,9.897029022592996,7
3042511,10.0,1
3042522,9.787063489680234,11
3042528,9.882518782109338,6
3042530,9.979057685306723,2
3042541,9.761483530003249,11
3042551,9.781739976510448,10
3042552,10.0,1
3042561,9.83039750440561,9
3042568,9.86763449051531,7
3042579,9.75347186305415,11
3042588,9.816401157740732,9
3042598,9.815346385496186,10
3042602,9.951009036046155,4
3042610,9.836807884632176,8
3042616,9.900061559749421,6
3042622,9.886722178484897,6
3042630,9.83159685823116,8
3042635,9.920106600009362,5
3042640,9.938880251427538,5
3042645,9.921605660491979,5
3042646,10.0,1
3042658,9.733634948528952,12
3042668,9.81836599257827,10
3042676,9.821067002018472,8
3042680,9.947157016227495,4
3042696,9.269429562184133,16
3042701,9.926788232930585,5
3042712,9.746149798175797,11
3042716,9.939155373262711,4
3042724,9.838256310716224,8
3042731,9.845172755146365,7
3042742,9.758966988723241,11
3042747,9.912659799595888,5
3042759,9.777615302346822,12
3042764,9.923636805538353,5
3042772,9.823695933569073,8
3042790,9.58332258658663,18
3042795,9.907580550265635,5
3042811,9.66188305465395,16
3042812,10.0,1
3042819,9.877250360795177,7
3042832,9.725371718295948,13
3042844,9.76083700589262,12
3042858,9.686524767113934,14
3042872,9.669498893071713,14
3042884,9.71402192555278,12
3042894,9.774792385462408,10
3042898,9.947935847195037,4
3042908,9.831103749681269,10
3042915,9.893150085809229,7
3042929,9.679807030161511,14
3042941,9.745119862855216,12
3042956,9.676541193054504,15
3042963,9.884466499426878,7
3042974,9.747655946555186,11
3042984,9.826480743078921,10
3043000,9.66218146484332,16
3043012,9.718937613213235,12
3043018,9.796602036082884,6
3043027,9.81831011522847,9
3043040,9.703966829113858,13
3043055,9.56818534692656,15
3043060,9.916883059008521,5
3043070,9.78821302455066,10
3043076,9.911798993947363,6
3043077,9.987586794438261,1
3043082,9.92106004128977,5
3043089,9.875602540595592,7
3043103,9.684579445251254,14
3043114,9.764651723237955,11
3043125,9.755535142145833,11
3043126,10.0,1
3043129,9.966846513587354,3
3043139,9.81587616524826,10
3043153,9.693229652350665,14
3043163,9.282162351352534,10
3043170,9.86718411508787,7
3043181,9.76469154278791,11
3043183,9.984674950768316,2
3043193,9.768011438789438,10
3043214,9.618650786617517,21
3043215,10.0,1
3043216,9.993300036673013,1
3043225,9.857993162122636,9
3043237,9.754514713578825,12
3043247,9.791319897690148,10
3043255,9.848007970854454,8
3043273,9.572514138521175,18
3043277,9.930074706338983,4
3043285,9.855571216914809,8
3043297,9.74400314793267,12
3043307,9.824301788881627,10
3043316,9.815326623166646,9
3043325,9.819352210181263,9
3043328,9.970504605924397,3
3043336,9.84706715287748,8
3043345,9.828955027519056,9
3043360,9.656875209673752,15
3043370,9.788313339938865,10
3043384,9.663653349648014,14
3043388,9.941640732292822,4
3043389,10.0,1
3043399,9.773719948643254,10
3043409,9.80292728693765,10
3043415,9.889132953247021,6
3043421,9.90233224746185,6
3043431,9.79926510565352,10
3043437,9.870237162554492,6
3043457,9.038361365729935,20
3043463,9.881640189135839,6
3043474,9.74980757922443,11
3043483,9.824774268662551,9
3043492,9.802094602289952,9
3043498,9.897743533270857,6
3043514,9.640005804398669,16
3043524,9.819699306191742,10
3043540,9.72753198212087,16
3043553,9.75792681088731,13
3043562,9.812368168354663,9
3043574,9.738105948317287,12
3043579,9.92840485849081,5
3043586,9.905982799880036,7
3043595,9.852077956799215,9
3043609,9.679740826223945,14
3043619,9.805343846922781,10
3043627,9.730767703365157,8
3043646,9.580858752710105,19
3043659,9.726311088241214,13
3043668,9.829117463230958,9
3043688,9.495054005243926,20
3043696,9.828631446455228,8
3043703,9.872627264885116,7
3043709,9.893040685243438,6
3043710,10.0,1
3043718,9.823742230585955,8
3043724,9.889808785874541,6
3043725,10.0,1
3043736,9.793755005161495,11
3043742,9.884661618944625,6
3043744,9.976013345169925,2
3043750,9.903443947860024,6
3043756,9.907832859370362,6
3043765,9.812236596648782,9
3043768,9.959857002960666,3
3043778,9.811927986576148,10
3043785,9.864754131569859,7
3043794,9.813393642866412,9
3043797,9.972483397354745,3
3043802,9.91087400229182,5
3043810,9.871632097439328,8
3043818,9.849409323178325,8
3043832,9.740814126874145,14
3043833,10.0,1
3043838,9.932997534984732,5
3043850,9.75949695055415,12
3043860,9.773925310729283,10
3043866,9.887471371713673,6
3043870,9.939308840227175,4
3043871,10.0,1
3043874,9.967573447899897,3
3043881,9.85600808566868,7
3043884,9.951291559376715,3
3043888,9.944663319001958,4
3043897,9.818897866993543,9
3043912,9.695719352943168,15
3043926,9.59260757348039,14
3043935,9.834404517118543,9
3043939,9.75712799431916,4
3043948,9.726334754024823,9
3043959,9.739440207833928,11
3043967,9.860877764678781,8
3043972,9.929063389159422,5
3043984,9.774366468112456,12
3043992,9.85144939297079,8
3044000,9.859534404177364,8
3044006,9.902673330996665,6
3044007,10.0,1
3044016,9.846358018979029,9
3044025,9.797775899149308,9
3044040,9.64625751669683,15
3044045,9.908798402943217,5
3044054,9.824591001534738,9
3044058,9.944482336541675,4
3044059,9.996678490588629,1
3044069,9.786577841282469,10
3044083,9.677750865175424,14
3044089,9.893875643723504,6
3044096,9.850563912729825,7
3044097,9.996504362544403,1
3044098,10.0,1
3044111,9.751901899359623,13
3044120,9.809620391928423,9
3044129,9.825446086270965,9
3044134,9.911660234945936,5
3044142,9.771480398307265,8
3044146,9.949604061611693,4
3044153,9.886221692742337,7
3044161,9.859040671973247,8
3044162,10.0,1
3044170,9.836620275942233,8
3044174,9.948265122016094,4
3044180,9.89636039927225,6
3044192,9.751399263660584,12
3044198,9.884263161001073,6
3044200,9.978048479538632,2
3044211,9.755063611581258,11
3044212,10.0,1
3044215,9.94877578617239,3
3044216,10.0,1
3044221,9.932295552301493,5
3044226,9.917547763310584,5
3044239,9.707230107079148,13
3044248,9.802267258071872,9
3044257,9.810292840368325,9
3044270,9.74180078532294,13
3044287,9.617799865547985,17
3044291,9.941051318746165,4
3044292,10.0,1
3044305,9.659462338632633,13
3044309,9.924786847403455,4
3044314,9.90772645658437,5
3044323,9.81691626123205,9
3044330,9.858623107385073,7
3044331,10.0,1
3044340,9.849098509650018,9
3044349,9.826097440222181,9
3044362,9.696601834575596,13
3044369,9.781781782055702,7
3044377,9.839604348836748,8
3044387,9.800448106438207,10
3044397,9.799899381627691,10
3044404,9.892526337837557,7
3044412,9.862522483621323,8
3044436,9.386620522653434,24
3044447,9.773939077792447,11
3044460,9.703915397850155,13
3044472,9.798251006833672,12
3044482,9.789236003179273,10
3044488,9.891146810662246,6
3044505,9.640822779415432,17
3044511,9.921432874937915,6
3044523,9.734669541209195,12
3044534,9.802020583004214,11
3044541,9.849054219706927,7
3044547,9.481740032600632,6
3044548,9.988224775622484,1
3044554,9.891958260303456,6
3044565,9.771158940740307,11
3044573,9.852997606019544,8
3044578,9.912371452472225,5
3044584,9.879311863693179,6
3044590,9.792104034741863,6
3044596,9.893738456548483,6
3044609,9.73832354803849,13
3044618,9.815173915650504,9
3044632,9.722003126150433,14
3044652,9.530966130226386,20
3044661,9.861491414748636,9
3044668,9.893818473405268,7
3044687,9.538004979355552,19
3044688,9.99314335512121,1
3044704,9.61298099132347,16
3044705,9.99663848025064,1
3044718,9.735175287950533,13
3044727,9.822991991415645,9
3044735,9.82929008410117,8
3044747,9.727551632529655,12
3044751,9.9391607602772,4
3044752,10.0,1
3044763,9.755472303386565,11
3044770,9.858332025742673,7
3044771,10.0,1
3044784,9.710621752335156,13
3044797,9.702367941643828,13
3044804,9.872293608937703,7
3044811,9.869656503111749,7
3044815,9.940712773749153,4
3044829,9.727190224531608,14
3044837,9.828328472965314,8
3044846,9.828109954684791,9
3044851,9.908934111205145,5
3044859,9.861714665616677,8
3044869,9.784328759575141,10
3044878,9.797039061686094,9
3044884,9.90191185365891,6
3044888,9.932089684298068,4
3044893,9.9212103641126,5
3044907,9.601998118790522,14
3044929,9.467006808686433,22
3044940,9.755787234263689,11
3044948,9.857072333650077,8
3044949,10.0,1
3044955,9.899006282835717,6
3044962,9.86507116768312,7
3044969,9.871447272252636,7
3044982,9.719818059953802,13
3044983,9.992428982505736,1
3044992,9.827273883423517,9
3044997,9.918014319785673,5
3045010,9.718468483699603,13
3045017,9.868488235584424,7
3045018,10.0,1
3045033,9.669238635130302,15
3045039,9.87738193908187,6
3045053,9.687306488776795,14
3045059,9.899285281586186,6
3045064,9.914237035321827,5
3045074,9.799320395809184,10
3045079,9.930074316870673,5
3045083,9.935787467339878,4
3045084,10.0,1
3045119,9.376424157111277,35
3045137,9.58820965479147,18
3045140,9.960978972275502,3
3045148,9.848311603528703,8
3045154,9.89972500946241,6
3045161,9.853695642944965,7
3045169,9.816117501201372,8
3045181,9.75094892259114,12
3045203,9.29530701751474,22
3045206,9.965417096629627,3
3045218,9.735501279910201,12
3045226,9.838875283694351,8
3045236,9.674095957077801,10
3045248,9.735546111964274,12
3045258,9.784266874919915,10
3045270,9.654655984179321,12
3045282,9.725411715624775,12
3045289,9.855749738434087,7
3045296,9.799485805631274,7
3045314,9.567984294450929,18
3045323,9.85493295164138,9
3045334,9.757787660736016,11
3045351,9.605865185333636,17
3045357,9.885401789693457,6
3045364,9.863560395930824,7
3045370,9.884807923891826,6
3045371,10.0,1
3045382,9.753544796015383,11
3045390,9.840693884721205,8
3045402,9.728579017211691,12
3045416,9.730760016606768,14
3045420,9.930127071179683,4
3045432,9.755113830586911,12
3045433,9.996557422024782,1
3045437,9.936874156262876,4
3045448,9.752967406020904,11
3045458,9.777556167269875,10
3045459,10.0,1
3045470,9.77047251982187,11
3045478,9.82869954815793,8
3045497,9.593035224300097,19
3045510,9.714991966775676,13
3045513,9.963618672850643,3
3045520,9.877062334306006,7
3045528,9.835209653668445,8
3045534,9.893688263576855,6
3045541,9.876668513246866,7
3045551,9.800903283499693,10
3045562,9.7585224961286,11
3045563,10.0,1
3045568,9.916315485809314,5
3045577,9.812343102305114,9
3045582,9.930851537855716,5
3045586,9.951341491449076,4
3045588,9.978784785075012,2
3045592,9.928873507363186,4
3045598,9.787128449616795,6
3045603,9.915751096965463,5
3045613,9.774943751313947,10
3045626,9.755707452137017,13
3045641,9.68541982130947,15
3045648,9.881561687749144,7
3045662,9.685507251107106,14
3045669,9.876473311673257,7
3045675,9.89596818313295,6
3045681,9.888988339920626,6
3045682,10.0,1
3045696,9.69553301729188,14
3045700,9.634954922018363,4
3045710,9.796206555613113,10
3045723,9.744510342859074,13
3045730,9.877315488164115,7
3045748,9.659224437378786,18
3045749,10.0,1
3045757,9.825642137494786,8
3045760,9.957150464323334,3
3045776,9.638315808290892,16
3045786,9.799238598340171,10
3045803,9.607637931956265,17
3045810,9.862634459083795,7
3045817,9.858730133729079,7
3045823,9.905724097770978,6
3045825,9.979762550332277,2
3045839,9.712758926897912,14
3045847,9.851865519656535,8
3045857,9.814715126173354,10
3045866,9.812684234308147,9
3045876,9.83996410175824,10
3045887,9.761425598080649,11
3045897,9.691079376647142,10
3045907,9.801895749638266,10
3045927,9.647495039031504,20
3045940,9.730353891518769,13
3045952,9.713694385256641,12
3046064,7.845183955975921,112
3046075,9.755931756432606,11
3046086,9.810256593077284,11
3046091,9.92618433611395,5
3046100,9.833878065871978,9
3046108,9.824877999614866,8
3046123,9.618926123579145,15
3046124,10.0,1
3046133,9.829232150410752,9
3046145,9.71605208812877,12
3046154,9.824439184746423,9
3046164,9.779571389626772,10
3046180,9.651347396963262,16
3046191,9.824106586276548,11
3046208,9.36097792828523,17
3046215,9.878903737073138,7
3046225,9.777929377663705,10
3046236,9.800087539418096,11
3046322,8.382934342043775,86
3046332,9.837207324870121,10
3046345,9.703470824183954,13
3046352,9.857026519051903,7
3046358,9.90579760085521,6
3046362,9.939482090931222,4
3046368,9.880428425153221,6
3046373,9.908932691857263,5
3046376,9.960387553793725,3
3046387,9.762866500001868,11
3046393,9.896469627205382,6
3046401,9.835050563066053,8
3046410,9.82865929398867,9
3046425,9.686554081937501,15
3046438,9.696537144887367,13
3046439,10.0,1
3046443,9.947802260552873,4
3046452,9.809723487971146,9
3046461,9.815583950387902,9
3046464,9.963676160980516,3
3046473,9.807449870416736,9
3046484,9.751856268844024,11
3046503,9.601131158946389,19
3046511,9.636321374107762,8
3046521,9.80049234034909,10
3046535,9.677515024573056,14
3046539,9.926762879649292,4
3046544,9.914732486523445,5
3046545,10.0,1
3046551,9.90097069315629,6
3046575,9.502913894292737,24
3046576,10.0,1
3046586,9.782407950351095,10
3046593,9.865378795231063,7
3046602,9.827682201154001,9
3046603,9.993406592127554,1
3046612,9.815513142963031,9
3046614,9.979884736060015,2
3046615,10.0,1
3046620,9.932831087385429,5
3046624,9.95039059309823,4
3046638,9.681315017293684,14
3046658,9.546840450216525,20
3046668,9.776097337904101,10
3046681,9.77347924692752,13
3046690,9.813351347141289,9
3046697,9.886839812450166,7
3046699,9.977640941245486,2
3046700,10.0,1
3046705,9.938064641267339,5
3046713,9.842124944329115,8
3046714,10.0,1
3046718,9.93093918366036,4
3046724,9.881311549130817,6
3046729,9.918270958635844,5
3046740,9.743295028912792,11
3046753,9.751687821961474,13
3046759,9.890624691058287,6
3046760,10.0,1
3046774,9.697973875820441,14
3046779,9.920349909160452,5
3046780,10.0,1
3046786,9.809563610791143,6
3046791,9.920053114663503,5
3046803,9.761047561423547,12
3046810,9.854152832302868,7
3046822,9.740887401323697,12
3046838,9.699391357217422,16
3046846,9.822541420968198,8
3046854,9.834679409928897,8
3046866,9.748439663237663,12
3046878,9.759409163776173,12
3046885,9.889060291607056,7
3046896,9.771955206971393,11
3046904,9.86265921674672,8
3046911,9.848753178268863,7
3046928,9.673282783809977,17
3046931,9.949816787392125,3
3046939,9.828338038169974,8
3046943,9.843833276215285,4
3046944,10.0,1
3046945,10.0,1
3046953,9.87161530194316,8
3046959,9.89203761295565,6
3046972,9.733191518179435,13
3046985,9.741823078292741,13
3047004,9.484737529553541,19
3047017,9.70630036821958,13
3047031,9.594656552366823,14
3047036,9.923030256216027,5
3047058,9.564181228146508,22
3047065,9.861388979953887,7
3047080,9.67440403830356,15
3047089,9.81023669204895,9
3047103,9.719355662234642,14
3047114,9.742445379617083,11
3047126,9.78083747637374,12
3047137,9.76663383617688,11
3047146,9.820361399541014,9
3047147,9.99654149804153,1
3047149,9.978583155646856,2
3047150,10.0,1
3047156,9.913193050135721,6
3047162,9.877965491989105,6
3047171,9.830545350666025,9
3047178,9.870698999391148,7
3047185,9.876676219799368,7
3047190,9.9213871788745,5
3047207,9.574605432170024,17
3047220,9.70984435489187,13
3047221,10.0,1
3047222,10.0,1
3047240,9.572802935234948,18
3047241,10.0,1
3047252,9.74067653132842,11
3047255,9.965595791173966,3
3047263,9.849780770313956,8
3047267,9.934462007069241,4
3047273,9.883994191135974,6
3047285,9.73058317569815,12
3047289,9.927972428714563,4
3047298,9.69848494637687,9
3047311,9.713284534441065,13
3047320,9.806190674456474,9
3047328,9.865346222341092,8
3047332,9.947886344390769,4
3047339,9.890222787261253,7
3047352,9.717467846246125,13
3047366,9.708673966615544,14
3047373,9.871344921864408,7
3047383,9.791119611448236,10
3047392,9.881487046516666,9
3047405,9.699785264801369,13
3047412,9.887139412731372,7
3047420,9.851134658882774,8
3047435,9.685040327270896,15
3047442,9.658675283745898,7
3047444,9.976722336456548,2
3047450,9.902194420109977,6
3047451,10.0,1
3047463,9.774844055327499,12
3047464,10.0,1
3047470,9.896989989619655,6
3047473,9.958553618590894,3
3047474,9.988621528544366,1
3047482,9.86168500542613,8
3047486,9.927179225014802,4
3047489,9.951074988846395,3
3047500,9.793885218675168,11
3047501,10.0,1
3047509,9.851442421249255,8
3047516,9.877879043961576,7
3047526,9.787191213577742,10
3047531,9.914732533539707,5
3047542,9.738756374722907,11
3047554,9.763905442110019,12
3047567,9.73536581757631,13
3047572,9.9360240862871,5
3047573,10.0,1
3047577,9.933670722727967,4
3047586,9.824772446490098,9
3047651,8.755029327458422,65
3047660,9.820009180993445,9
3047666,9.872993809564658,6
3047685,9.554702343962566,19
3047700,9.717316050290604,15
3047707,9.896591426001693,7
3047711,9.932569886519683,4
3047721,9.792839466801045,10
3047729,9.83947429255283,8
3047741,9.656946675810312,12
3047756,9.676392937210053,15
3047769,9.712553804959002,13
3047770,9.996816482515257,1
3047771,9.99239808883212,1
3047774,9.951884067683993,3
3047784,9.708311456636244,10
3047792,9.823398219430253,8
3047800,9.842835564596585,8
3047805,9.918941191498558,5
3047816,9.75566414319823,11
3047823,9.87137886146975,7
3047834,9.697614894747824,11
3047843,9.809926322250304,9
3047854,9.77775101366227,11
3047862,9.844394213032299,8
3047868,9.906678637413437,6
3047869,9.996156564870747,1
3047876,9.86828421528888,7
3047882,9.891483161407901,6
3047916,9.392375310957664,34
3047935,9.625114197665727,19
3047945,9.704006809225625,10
3047947,9.980771298441566,2
3047956,9.809830369641945,9
3047966,9.796045746091112,10
3047975,9.807987802581065,9
3047987,9.742224481385172,12
3047988,10.0,1
3048000,9.728897636820601,12
3048005,9.919950009113432,5
3048013,9.865653393228284,8
3048014,10.0,1
3048024,9.822343800509657,10
3048038,9.801279474083742,14
3048043,9.929694415084363,5
3048047,9.941790922812043,4
3048054,9.883353936416658,7
3048057,9.974222836550009,3
3048062,9.91783245699367,5
3048066,9.953472026508656,4
3048566,-51.41027639585171,500
3048577,9.767192631166521,11
3048578,10.0,1
3048590,9.761695281965501,12
3048604,9.68054347814935,14
3048611,9.845003097016566,7
3048620,9.808224495439664,9
3048628,9.838046485660216,8
3048643,9.65268601210355,15
3048644,9.989399397372441,1
3048653,9.814177367988231,9
3048657,9.950676937469245,4
3048663,9.903080965360468,6
3048668,9.922172276631118,5
3048673,9.910923636458879,5
3048679,9.902372182749913,6
3048696,9.591697390951909,17
3048704,9.85529752759182,8
3048713,9.795187864549193,9
3048718,9.913271413872641,5
3048726,9.863556399611754,8
3048730,9.93659246836048,4
3048734,9.948251782551422,4
3048739,9.824181315505449,5
3048750,9.75149945284984,11
3048759,9.809871996992586,9
3048768,9.845796972347555,9
3048775,9.862936858979161,7
3048786,9.778951076782883,11
3048798,9.737385055478969,12
3048818,9.509747635563356,20
3048830,8.601200807910013,12
3048831,10.0,1
3048836,9.817754774889696,5
3048844,9.613674345879893,8
3048850,9.89806637077893,6
3048854,9.940269252268555,4
3048870,9.635579801657766,16
3048882,9.700949626127137,12
3048893,9.772952624913247,11
3048905,9.712086729619903,12
3048909,9.935114338256769,4
3048915,9.886545652780569,6
3048925,9.78674300543453,10
3048929,9.930817160540164,4
3048930,9.992572545906617,1
3048935,9.922912855410495,5
3048938,9.965754797441607,3
3048943,9.908969882693368,5
3048950,9.85448375478909,7
3048966,9.61863106650438,16
3048979,9.695872735702288,13
3048980,10.0,1
3048992,9.754874286500058,12
3049008,9.610498085929363,16
3049014,9.892107879575224,6
3049022,9.83184681500009,8
3049027,9.914124985847092,5
3049030,9.952867893972453,3
3049042,9.733985763700415,12
3049052,9.798410185066924,10
3049063,9.74336274659984,11
3049074,9.751868021209479,11
3049083,9.818099669925093,9
3049095,9.738877596757634,12
3049106,9.771435691766584,11
3049119,9.752504753481471,13
3049123,9.948882612139045,4
3049129,9.868942387204244,6
3049132,9.962188604929212,3
3049133,10.0,1
3049144,9.808842950460287,11
3049149,9.92513657587622,5
3049153,9.947232321212375,4
3049154,9.996428501435098,1
3049155,10.0,1
3049165,9.789812940574205,10
3049179,9.647232885758209,14
3049181,9.873505719279729,2
3049190,9.795043498501881,9
3049200,9.808126221084272,10
3049207,9.86800649436222,7
3049219,9.726069137971173,12
3049227,9.86690382686085,8
3049237,9.79688164856022,10
3049251,9.654154884178698,14
3049258,9.873318528554009,7
3049269,9.758534054617046,11
3049281,9.759051967582577,12
3049292,9.776843895317242,11
3049299,9.848744071486422,7
3049312,9.730640151933054,13
3049322,9.810581998637488,10
3049338,9.67513895812459,16
3049346,9.850284721300582,8
3049348,9.983466406221908,2
3049357,9.82246179359047,9
3049365,9.829827874889268,8
3049374,9.795666957090056,9
3049376,9.97944957139864,2
3049382,9.894684087106317,6
3049383,10.0,1
3049388,9.911594749030892,5
3049397,9.816399078937813,9
3049401,9.936252902170333,4
3049413,9.761635830305176,12
3049420,9.865122747978052,7
3049435,9.676456927840798,15
3049436,10.0,1
3049445,9.825931662470277,9
3049458,9.686798231131524,13
3049462,9.935416043221958,4
3049474,9.727772567847175,12
3049480,9.899056887065731,6
3049498,9.56374920975646,18
3049510,9.755233761036408,12
3049517,9.872629858240161,7
3049527,9.769081478469102,10
3049528,10.0,1
3049535,9.856559509944416,7
3049542,9.87035214688058,7
3049548,9.88405806264909,6
3049553,9.907708200309218,5
3049559,9.909721916200345,6
3049567,9.864340590750496,8
3049573,9.868210878444104,6
3049581,9.835047416007786,8
3049589,9.861272555868782,8
3049601,9.740468606978382,12
3049607,9.900711982491035,6
3049613,9.907303836392597,6
3049620,9.582505396586209,7
3049640,9.517166284512156,20
3049655,9.639750546778915,15
3049660,9.914000506719447,5
3049661,9.993114417773796,1
3049669,9.855227075334057,8
3049676,9.861513338099416,7
3049680,9.939721681673989,4
3049681,9.989408742970499,1
3049687,9.886993293334886,6
3049697,9.80169598195803,10
3049698,10.0,1
3049711,9.727623555668607,13
3049718,9.874667122316668,7
3049730,9.730628912576202,12
3049736,9.903079644718975,6
3049742,9.90903012047972,6
3049755,9.713145285021772,13
3049763,9.83412658153783,8
3049776,9.700635821202868,13
3049792,8.818563226381894,16
3049800,9.854229135653915,8
3049807,9.850080524862278,7
3049818,9.778152969883372,11
3049825,9.883308147575121,7
3049831,9.903638170239933,6
3049834,9.951559895310067,3
3049835,10.0,1
3049844,9.801320013009786,9
3049845,10.0,1
3049852,9.871601949651309,7
3049855,9.951183365371783,3
3049861,9.876886088647153,6
3049879,9.579394954528002,18
3049880,10.0,1
3049888,9.834827159535077,8
3049894,9.883601510464537,6
3049896,9.974654467891423,2
3049909,9.703681366376863,13
3049921,9.751687229900345,12
3049933,9.738166277418523,12
3049937,9.936243338687758,4
3049952,9.66437520521504,15
3049961,9.811918856417275,9
3049962,10.0,1
3049972,9.800757496323063,10
3049978,9.895553952907918,6
3049986,9.871204245625064,8
3049999,9.700279550131462,13
3050000,10.0,1
3050007,9.868285884749458,7
3050025,9.55958056540183,18
3050032,9.88496340587822,7
3050033,9.988535453601427,1
3050041,9.844187016640543,8
3050057,9.633074408441015,16
3050070,9.452968789698442,13
3050083,9.748507281375488,13
3050098,9.679783525446691,15
3050105,9.852708213573015,7
3050115,9.78687488779855,10
3050122,9.879465362495798,7
3050124,9.983794519725276,2
3050131,9.882493733818524,7
3050138,9.843540564600392,7
3050152,9.676065494525705,14
3050159,9.877187756309668,7
3050166,9.886110489440204,7
3050171,9.921697577530283,5
3050183,9.751839503437019,12
3050193,9.783632320013144,10
3050201,9.859067072035497,8
3050205,9.953948574752225,4
3050211,9.878249883724175,6
3050218,9.867819003052837,7
3050224,9.893306377705068,6
3050229,9.910302446366654,5
3050238,9.843076171301345,9
3050243,9.913685557090885,5
3050247,9.941058385929487,4
3050260,9.708311132277746,13
3050263,9.958378036703836,3
3050264,10.0,1
3050281,9.605667982505395,17
3050282,10.0,1
3050299,9.684325263382702,17
3050312,9.721468263242699,13
3050319,9.884358480950814,7
3050330,9.766563634320313,11
3050331,9.992903591240271,1
3050335,9.929467299650128,4
3050346,9.791732689800908,11
3050348,9.975123396877997,2
3050355,9.855992407962283,7
3050361,9.879289292858362,6
3050369,9.858174321663316,8
3050382,9.723928051278211,13
3050385,9.95233414698454,3
3050396,9.759934698113302,11
3050399,9.959202205335174,3
3050405,9.878993125399155,6
3050409,9.948771257962543,4
3050414,9.929777691222839,5
3050421,9.87511916347422,7
3050427,9.920173651627577,6
3050428,9.9965837332101,1
3050439,9.726177425117067,11
3050440,10.0,1
3050450,9.813162371071094,10
3050461,9.804516219983139,11
3050465,9.94467127828914,4
3050478,9.727362417081277,13
3050490,9.735461845224053,12
3050506,9.545355413967341,16
3050512,9.89573838116153,6
3050526,9.713985766437325,14
3050538,9.750594812527277,12
3050543,9.931019561292485,5
3050544,9.98949498640682,1
3050553,9.836818043399655,9
3050564,9.795713374234554,11
3050576,9.728278944145886,12
3050587,9.762722079773619,11
3050598,9.745370265272802,11
3050608,9.768998833069942,10
3050615,9.876612866778773,7
3050621,9.880260586168937,6
3050631,9.792443140972038,10
3050632,10.0,1
3050637,9.925238152782406,5
3050641,9.940177285418832,4
3050651,9.774392037763855,10
3050662,9.748692872335624,11
3050672,9.806792665205617,10
3050681,9.825018654996052,9
3050684,9.955000757700807,3
3050694,9.609589660963016,10
3050701,9.882472652859343,7
3050702,10.0,1
3050714,9.737346679094543,12
3050729,9.473456185301742,15
3050742,9.716149469666677,13
3050750,9.832713299360757,8
3050754,9.9555476334768,4
3050760,9.912019069253835,6
3050771,9.763237783414995,11
3050777,9.904756093418296,6
3050790,9.728258266088755,13
3050802,9.744545271296495,12
3050814,9.7224196179984,12
3050818,9.936445359566985,4
3050825,9.893961289629392,7
3050836,9.813494877204416,11
3050852,9.630801037311524,16
3050853,10.0,1
3050864,9.754464725310793,11
3050869,9.917915028795374,5
3050885,9.678286421116038,16
3050889,9.956337167825826,4
3050906,9.568188930631315,17
3050922,9.469392149347874,16
3050930,9.865972972716678,8
3050949,9.560933502520049,19
3050962,9.792863217335931,13
3050970,9.562101586127303,8
3050982,9.751659360359298,12
3050998,9.63911409293678,16
3051015,9.632112326474072,17
3051020,9.908640646680107,5
3051037,9.590006127145202,17
3051065,9.290052034794684,28
3051066,9.996241080824054,1
3051080,9.706464678251656,14
3051088,9.83846645956646,8
3051095,9.85054654580336,7
3051106,9.758345962611292,11
3051115,9.815081286251036,9
3051121,9.896304903575624,6
3051130,9.809136370126993,9
3051140,9.7848775376171,10
3051142,9.981338785823228,2
3051150,9.858335763488993,8
3051164,9.662516642985803,14
3051170,9.892806300240855,6
3051180,9.77305285292224,10
3051189,9.80773555295898,9
3051199,9.842818880875738,10
3051210,9.755962606794327,11
3051215,9.92924987393911,5
3051221,9.890025349673158,6
3051227,9.90901093995713,6
3051244,9.62599703002657,17
3051256,9.755033902525055,12
3051263,9.86018670038392,7
3051275,9.770603559824023,12
3051276,9.996326399864254,1
3051288,9.73783884008136,12
3051295,9.873245425678721,7
3051303,9.862120765294582,8
3051311,9.859878774629703,8
3051320,9.812685827499195,9
3051330,9.776692698783187,10
3051344,9.662983229470296,14
3051361,9.618894359764909,17
3051371,9.807902377498474,10
3051381,9.802700302167027,10
3051386,9.916789957019418,5
3051396,9.804644675408621,10
3051408,9.715896670378218,12
3051420,9.741644579288296,12
3051434,9.642807974076966,14
3051449,9.719368967675408,15
3051462,9.686270701569532,13
3051473,9.76264988568877,11
3051478,9.924140549341665,5
3051489,9.747984516765504,11
3051495,9.886490527200905,6
3051505,9.780311967595257,10
3051520,9.70703141520763,15
3051533,9.724185349035302,13
3051542,9.809032400834223,9
3051557,9.484633699416284,15
3051565,9.853016757212325,8
3051575,9.780347708646444,10
3051579,9.950548964876663,4
3051590,9.762567009113619,11
3051591,9.9962541653531,1
3051597,9.878389854874419,6
3051606,9.814054825272406,9
3051611,9.914606812410454,5
3051612,10.0,1
3051616,9.941611586967849,4
3051621,9.906040319770321,5
3051634,9.692037782853232,13
3051638,9.7214271894434,4
3051653,9.636074473163342,15
3051660,9.674382783311385,7
3051665,9.92212959208167,5
3051678,9.70115528731528,13
3051683,9.92150548987355,5
3051684,10.0,1
3051691,9.85470453911557,7
3051696,9.930518747813366,5
3051712,9.617081000953052,16
3051724,9.751445902614018,12
3051735,9.752697348876858,11
3051741,9.890190716358621,6
3051748,9.864570368536135,7
3051757,9.807968919461363,9
3051766,9.80193792334031,9
3051768,9.97340491838578,2
3051792,9.491224616174105,24
3051802,9.821968468027162,10
3051804,9.979942757781776,2
3051815,9.770074606548793,11
3051827,9.787624312985132,12
3051833,9.913509958183004,6
3051834,10.0,1
3051847,9.704499630329728,13
3051857,9.794464136692325,10
3051886,9.140517020891775,29
3051894,9.866491562857757,8
3051901,9.856864081665892,7
3051918,9.593337940189427,17
3051931,9.699877642502905,13
3051938,9.864305798228457,7
3051939,10.0,1
3051946,9.859187758895427,7
3051954,9.851199940086103,8
3051962,9.828840284244292,8
3051963,10.0,1
3051976,9.698852121489796,13
3051978,9.97181025542075,2
3051994,9.526511299524756,16
3051999,9.915001963462208,5
3052014,9.624350623866999,15
3052019,9.907287393694231,5
3052032,9.698809424258041,13
3052037,9.896280502843117,5
3052042,9.717657380841425,5
3052050,9.83729582974067,8
3052051,10.0,1
3052066,9.604595190645915,15
3052076,9.569601586440259,10
3052090,9.686583680001242,14
3052091,9.991790460548637,1
3052101,9.792164071948633,10
3052110,9.809738106152109,9
3052122,9.75149092936713,12
3052132,9.811446291632173,10
3052136,9.934385459777484,4
3052140,9.940065531966665,4
3052142,9.971100644251813,2
3052155,9.734365013997225,13
3052156,10.0,1
3052168,9.793123973952245,12
3052181,9.71239567758521,13
3052190,9.806657790894526,9
3052191,10.0,1
3052207,9.68023350923063,16
3052213,9.90022111518557,6
3052218,9.921223525180539,5
3052230,9.725772011352246,12
3052249,9.632747739688035,19
3052257,9.82239273580455,8
3052262,9.929925292287002,5
3052273,9.78357026595849,11
3052280,9.868284536571194,7
3052293,9.71797310276305,13
3052304,9.743120242026547,11
3052305,9.996817686270665,1
3052312,9.870053194780253,7
3052327,9.687820995348565,15
3052334,9.899417000513681,7
3052339,9.920051514095293,5
3052356,9.600696336059125,17
3052365,9.851227049456535,9
3052377,9.7392358941261,12
3052380,9.959934572560071,3
3052391,9.77387443472131,11
3052408,9.636718764519479,17
3052410,9.968376797162371,2
3052418,9.841861616462596,8
3052423,9.933790148206407,5
3052449,9.481553189771576,26
3052464,9.687612908706564,15
3052472,9.838839777408332,8
3052475,9.950084471970502,3
3052485,9.845836356715154,10
3052490,9.912485021716238,5
3052495,9.9149022283641,5
3052498,9.949499864861648,3
3052499,10.0,1
3052506,9.858778462824194,7
3052516,9.753313280060937,10
3052530,9.687808539454222,14
3052540,9.84207760417157,10
3052547,9.879843153638298,7
3052548,9.989015205839763,1
3052562,9.648769809465776,14
3052570,9.849096452793784,8
3052573,9.954148854418754,3
3052580,9.870248464812088,7
3052589,9.819718459826472,9
3052601,9.737497988206266,12
3052602,10.0,1
3052611,9.853998123088026,9
3052624,9.707202880893927,13
3052635,9.78400581337079,11
3052640,9.82454119684394,5
3052649,9.798808361459692,9
3052662,9.509290184197756,13
3052669,9.875434313001545,7
3052684,9.666785751412958,15
3052685,9.995730911177029,1
3052701,9.659363576046744,16
3052705,9.946665170032094,4
3052707,9.976546227592292,2
3052722,9.64270922748644,15
3052731,9.793290066980575,9
3052737,9.908420083447396,6
3052750,9.685522420982206,13
3052755,9.922366183402865,5
3052762,9.86873789565437,7
3052779,9.668771272412366,17
3052794,9.666410682994567,15
3052810,9.656908058203895,16
3052818,9.839970968969013,8
3052822,9.928610991672599,4
3052826,9.949507610506451,4
3052839,9.736972297954287,13
3052854,9.714693799184078,15
3052863,9.829095240484907,9
3052876,9.702446825191,13
3052877,10.0,1
3052887,9.803486721965951,10
3052888,10.0,1
3052903,9.703791550752133,15
3052933,8.40676951062636,30
3052940,9.882936509395732,7
3052950,9.800303006121082,10
3052951,10.0,1
3052957,9.895567140997027,6
3052973,9.62487638280057,16
3052975,9.976646869238381,2
3052980,9.931363937773488,5
3052981,10.0,1
3052987,9.894651200030143,6
3052999,9.73971027663133,12
3053005,9.882826937464158,6
3053013,9.816851726690414,8
3053021,9.847460246085307,8
3053037,9.625151085848088,16
3053049,9.52797069573079,12
3053055,9.894332427324425,6
3053064,9.799216718947735,9
3053076,9.736612661679857,12
3053084,9.863733468980536,8
3053102,9.577881588530248,18
3053110,9.842986016122232,8
3053124,9.692087599004465,14
3053133,9.827014723681994,9
3053148,9.435511698407648,15
3053158,9.777498224353216,10
3053167,9.80776582125135,9
3053182,9.678573620392768,15
3053191,9.633751411795645,9
3053196,9.920473757262595,5
3053201,9.916694932063125,5
3053207,9.895588464811574,6
3053218,9.77123856451848,11
3053227,9.821448038062092,9
3053242,9.659958678363155,15
3053261,9.552216710011658,19
3053271,9.798179025178209,10
3053276,9.907612103468406,5
3053297,9.56047655726154,21
3053301,9.931639791331888,4
3053312,9.778503756777129,11
3053317,9.910631872729683,5
3053321,9.93443300524595,4
3053324,9.952957573814883,3
3053334,9.778675032272886,10
3053347,9.725303847550286,13
3053358,9.780344412449939,11
3053365,9.851448151400335,7
3053372,9.85245777967525,7
3053374,9.984692292653918,2
3053387,9.59775508328859,13
3053388,10.0,1
3053397,9.830161164853203,9
3053414,9.631191702346191,17
3053423,9.81681718938656,9
3053438,9.700346077620232,15
3053439,10.0,1
3053446,9.862925099928875,7
3053456,9.806354498551565,10
3053460,9.942816962117599,4
3053463,9.948973818732375,3
3053475,9.759371711001537,12
3053480,9.918671582857957,5
3053481,10.0,1
3053494,9.705958503221476,13
3053503,9.831155503254738,9
3053510,9.865532368470063,7
3053522,9.785875558990485,12
3053524,9.980436057932833,2
3053536,9.7310164897082,12
3053545,9.811829243626534,9
3053555,9.774945907868078,10
3053559,9.940609693298793,4
3053568,9.834981023239276,9
3053573,9.923466221422936,5
3053581,9.845448243690663,8
3053591,9.78718824698242,10
3053596,9.914448388020897,5
3053597,10.0,1
3053606,9.835038257940353,9
3053607,10.0,1
3053621,9.697478926103559,14
3053622,10.0,1
3053639,9.59467157209705,17
3053644,9.92491693975319,5
3053650,9.903582029317109,6
3053651,10.0,1
3053658,9.898078024782587,7
3053664,9.90059467670287,6
3053673,9.836651452446654,9
3053680,9.858919097674198,7
3053690,9.807365990893842,10
3053691,10.0,1
3053705,9.664676300725274,14
3053719,9.68152885815781,14
3053733,9.649595277991605,14
3053753,9.325178303194466,20
3053764,9.656521701746062,11
3053774,9.818636972233321,10
3053777,9.956114459324859,3
3053783,9.881109751523953,6
3053794,9.765066723614996,11
3053804,9.818150295877944,10
3053815,9.814367799565769,11
3053816,10.0,1
3053818,9.976975976408593,2
3053830,9.758357396001099,12
3053831,10.0,1
3053839,9.867380653849658,8
3053840,10.0,1
3053845,9.912252654762115,5
3053859,9.717653747224269,14
3053871,9.759073677995133,12
3053882,9.756627735905408,11
3053891,9.831407730855963,9
3053905,9.668524878422895,14
3053909,9.841779154126762,4
3053917,9.807240267550705,8
3053926,9.847237472023178,9
3053945,9.433027318149579,19
3053946,10.0,1
3053953,9.869073955625531,7
3053965,9.71098726255411,12
3053975,9.819334106634086,10
3053983,9.837505968684757,8
3053988,9.920189253564757,5
3053996,9.860714199638492,8
3054006,9.79092034351397,10
3054010,9.94185053803509,4
3054016,9.895325565618153,6
3054033,9.61586566778079,17
3054034,10.0,1
3054047,9.715078126511557,13
3054059,9.773736845316096,12
3054074,9.672644523870085,15
3054085,9.745596390346234,11
3054086,10.0,1
3054099,9.493690734917825,13
3054106,9.873720124931285,7
3054107,10.0,1
3054116,9.822804384381444,9
3054117,9.996695880263283,1
3054125,9.829817548419301,8
3054135,9.814797426892174,10
3054146,9.753991637078046,11
3054154,9.843127624189512,8
3054165,9.763081333273009,11
3054178,9.744193524589582,13
3054193,9.658853573560135,15
3054203,9.80770595484141,10
3054204,10.0,1
3054211,9.855920252181987,7
3054229,9.55076996298809,18
3054243,9.688294528420759,14
3054250,9.856126189223113,7
3054262,9.784165125418292,12
3054270,9.82876104672727,8
3054271,10.0,1
3054272,10.0,1
3054288,9.632803870563166,16
3054294,9.878455752433588,6
3054304,9.8351381056114,10
3054310,9.875121266898558,6
3054316,9.897183136873995,6
3054327,9.783272990498562,11
3054328,10.0,1
3054335,9.860208208446714,7
3054346,9.784795679722293,11
3054363,9.60364588804186,17
3054367,9.935736046437828,4
3054380,9.736425912791516,13
3054383,9.972709760787774,3
3054387,9.94515925552142,4
3054398,9.781520591545037,11
3054402,9.928342882550742,4
3054408,9.903959940441394,6
3054423,9.651724515817815,15
3054431,9.84282546088438,8
3054438,9.890870123773512,7
3054448,9.818800388232143,10
3054462,9.700976236988987,14
3054472,9.807363345156016,10
3054480,9.862698305491376,8
3054488,9.841206636871197,8
3054491,9.962613139759362,3
3054508,9.59704734207363,17
3054509,9.988073557525519,1
3054513,9.94233128703605,4
3054521,9.838323258503594,8
3054525,9.937144056460896,4
3054537,9.746682320988187,12
3054549,9.638003205574215,12
3054561,9.761561346710188,12
3054568,9.873588360421703,7
3054581,9.70752751541159,13
3054590,9.809148682111868,9
3054598,9.88538453735344,8
3054608,9.794675564850515,10
3054613,9.92096400652967,5
3054618,9.815490051438868,5
3054629,9.76656884476847,11
3054637,9.84846548889007,8
3054643,9.889607324442919,6
3054653,9.805344755533556,10
3054661,9.847502936437909,8
3054670,9.840869201560128,9
3054680,9.799132724121751,10
3054684,9.935628970458664,4
3054692,9.83044663947915,8
3054698,9.925021396145041,6
3054711,9.71859119063601,13
3054719,9.861930315407042,8
3054730,9.76406035803635,11
3054731,10.0,1
3054737,9.867352699630768,6
3054741,9.944095758357117,4
3054749,9.828615610965981,8
3054752,9.941849218036532,3
3054758,9.887371013124937,6
3054769,9.734214552419203,11
3054773,9.843780873538096,4
3054791,9.63812768857358,18
3054799,9.831147632347657,8
3054803,9.948323303551646,4
3054805,9.979635891923712,2
3054809,9.94214092085908,4
3054818,9.817681939500652,9
3054829,9.818168518697323,11
3054830,10.0,1
3054838,9.82243202221014,8
3054846,9.847291321310973,8
3054851,9.921532558756518,5
3054864,9.716679308696826,13
3054877,9.712690165180055,13
3054888,9.774950887154938,11
3054898,9.823934022073844,10
3054906,9.825935863394571,8
3054915,9.843663350046297,9
3054920,9.90407664754342,5
3054921,10.0,1
3054936,9.660570997569637,15
3054946,9.784369865571994,10
3054950,9.94329342083648,4
3054961,9.781085608238712,11
3054968,9.87029538035536,7
3054976,9.840631748691504,8
3054987,9.768364195614359,11
3054994,9.887545913725729,7
3055000,9.907813539362836,6
3055006,9.89537398365547,6
3055012,9.891892483519575,6
3055023,9.778444091012426,11
3055032,9.815713699161895,9
3055033,10.0,1
3055034,10.0,1
3055048,9.681977647160455,14
3055049,10.0,1
3055061,9.74144211105269,12
3055066,9.930603817771406,5
3055071,9.923286978925482,5
3055080,9.830032055039618,9
3055086,9.869037854566526,6
3055093,9.879871726542767,7
3055102,9.866670972959536,9
3055111,9.807751721649346,9
3055112,10.0,1
3055124,9.726807553600066,12
3055132,9.834060981547664,8
3055142,9.780768406084045,10
3055151,9.822908425585705,9
3055161,9.828425112455129,10
3055162,10.0,1
3055174,9.735889045524871,12
3055182,9.845049471868682,8
3055187,9.926811737513246,5
3055194,9.886882679650242,7
3055199,9.916553751034273,5
3055210,9.771761411012465,11
3055214,9.934800075699652,4
3055221,9.842401155514896,7
3055236,9.672020754396314,15
3055248,9.721868470408825,12
3055267,9.569564827166333,19
3055275,9.833689827938667,8
3055286,9.771969991943777,11
3055299,9.730498224610292,13
3055311,9.765821077074824,12
3055327,9.656863011643658,16
3055332,9.922404615657774,5
3055335,9.971277182388693,3
3055340,9.915951983364458,5
3055344,9.951979323847404,4
3055356,9.726967310335512,12
3055364,9.857527739932927,8
3055365,10.0,1
3055372,9.867770199806747,7
3055379,9.783255012950347,7
3055390,9.768069506244473,11
3055393,9.95892114282896,3
3055407,9.699354895651593,14
3055417,9.785171235273186,10
3055426,9.847052618408185,9
3055434,9.850269839960278,8
3055444,9.79381189764497,10
3055459,9.70038303278942,15
3055471,9.768696118826224,12
3055474,9.96080510374806,3
3055485,9.77185172714755,11
3055493,9.844155000853679,8
3055498,9.936109024448498,5
3055511,9.702763488416421,13
3055516,9.94295156816901,5
3055531,9.649784282361637,15
3055540,9.842877025125231,9
3055554,9.577776550694233,14
3055564,9.836529271655019,10
3055580,9.609040581306243,16
3055593,9.715442264293648,13
3055610,9.590380500201746,17
3055622,9.741475599556091,12
3055628,9.881967013108865,6
3055638,9.77412028042622,10
3055643,9.910911602795935,5
3055650,9.875584041455369,7
3055685,9.33272089998009,35
3055690,9.927775784861842,5
3055704,9.689360830620872,14
3055711,9.863582397374559,7
3055725,9.690386938709684,14
3055729,9.946799822386323,4
3055743,9.6810636093755,14
3055758,9.672682018541261,15
3055765,9.849559982121612,7
3055782,8.870702693435792,17
3055786,9.926206740138158,4
3055793,9.853477417026468,7
3055799,9.911115782799095,6
3055810,9.751393395609956,11
3055826,9.74726110898726,16
3055843,9.552739620886255,17
3055856,9.709558275858772,13
3055858,9.972499559796526,2
3055866,9.825865976869224,8
3055872,9.89911539879686,6
3055873,10.0,1
3055876,9.959603915335476,3
3055892,9.63378896277848,16
3055909,9.589498974439,17
3055917,9.85786450231412,8
3055922,9.925600979025527,5
3055929,9.877053770225391,7
3055938,9.847921446300433,9
3055947,9.822662351916403,9
3055948,10.0,1
3055960,9.77405880945503,12
3055966,9.902621687078188,6
3055977,9.775771863444337,11
3055978,9.988357657963206,1
3055997,9.598652264741219,19
3056007,9.794595395936522,10
3056008,10.0,1
3056015,9.754710153980987,7
3056023,9.847166381649494,8
3056032,9.810997909740498,9
3056040,9.67601189591899,8
3056049,9.648913975400584,9
3056050,10.0,1
3056055,9.924242785956219,5
3056058,9.96825330061956,3
3056072,9.685514160236881,14
3056084,9.733009202737922,12
3056096,9.72794003273066,12
3056115,8.632247566589788,19
3056124,9.524305501082392,9
3056136,9.793213880593793,12
3056146,9.820949286502502,10
3056155,9.839168209774632,9
3056167,9.74062824984989,12
3056184,9.603649958566429,17
3056198,9.773617658030807,14
3056209,9.759051406663495,11
3056215,9.890410860668938,6
3056226,9.764869124462782,11
3056227,10.0,1
3056236,9.820328019175445,9
3056259,9.41719017665097,23
3056267,9.854378632785602,8
3056274,9.888405848346208,7
3056280,9.90766277050405,6
3056291,9.797438866281507,11
3056304,9.756161960272314,13
3056315,9.76263945030727,11
3056325,9.79913179976965,10
3056333,9.869365343566786,8
3056339,9.877066782104647,6
3056344,9.924524210517779,5
3056347,9.948508328571569,3
3056363,9.61392370448356,16
3056375,9.751726827775627,12
3056381,9.898253792610223,6
3056393,9.721432719541555,12
3056407,9.688896309992733,14
3056414,9.864024295845258,7
3056423,9.816220818754283,9
3056424,10.0,1
3056436,9.710724930290084,12
3056443,9.866937122509421,7
3056455,9.72003433262177,12
3056462,9.87265524249697,7
3056466,9.946054979643712,4
3056480,9.661928450624655,14
3056483,9.965855670636106,3
3056492,9.811551257152967,9
3056496,9.938650809656917,4
3056502,9.879388116658358,6
3056507,9.934007758800055,5
3056511,9.951545481341808,4
3056518,9.862106619715924,7
3056529,9.76642584951462,11
3056538,9.830687767770083,9
3056548,9.806625712868513,10
3056556,9.83224021262001,8
3056562,9.882152035959603,6
3056569,9.851523898546684,7
3056578,9.810011118148772,9
3056586,9.841497441827572,8
3056595,9.843627287123372,9
3056600,9.90066057481853,5
3056601,10.0,1
3056604,9.959831528696924,3
3056612,9.851226537487673,8
3056618,9.896044298227757,6
3056629,9.763767238136348,11
3056634,9.916566735811443,5
3056639,9.92928522377912,5
3056649,9.827450033843533,10
3056661,9.742196238908877,12
3056670,9.798260626250585,9
3056684,9.67255393761909,14
3056694,9.797777632810933,10
3056701,9.864017733811252,7
3056710,9.812427933115842,9
3056724,9.694220029855423,14
3056735,9.756713813478598,11
3056744,9.81789946887128,9
3056751,9.868142066911007,7
3056765,9.662528112107735,14
3056777,9.716326144019483,12
3056788,9.785705552755493,11
3056798,9.779915224789343,10
3056799,10.0,1
3056810,9.755550220364176,11
3056817,9.864369583344075,7
3056821,9.926712762675596,4
3056831,9.811193310359528,10
3056834,9.955108906323462,3
3056843,9.805247394594385,9
3056854,9.762320871511179,11
3056866,9.513291143399494,12
3056875,9.826838532759238,9
3056886,9.784567558414945,11
3056892,9.881815394754227,6
3056894,9.980183912288147,2
3056908,9.722743091895493,14
3056915,9.85956704033067,7
3056923,9.869335713779448,8
3056936,9.710914243322861,13
3056943,9.872027281093795,7
3056954,9.79757524735867,11
3056960,9.901339310126568,6
3056961,10.0,1
3056972,9.773293276790772,11
3056978,9.902188767491458,6
3056993,9.655670845849272,15
3056994,10.0,1
3056998,9.948837642701143,4
3057007,9.807759461827287,9
3057020,9.706345075468475,13
3057025,9.927463353651573,5
3057036,9.757055256867751,11
3057046,9.771920957425863,10
3057051,9.927483063897641,5
3057062,9.771359413304626,11
3057068,9.882516894670157,6
3057078,9.811441581723363,10
3057094,9.607869836568968,16
3057102,9.831832028361733,8
3057111,9.80392870067194,9
3057114,9.949457500482817,3
3057127,9.717661808025264,13
3057137,9.825863015878548,10
3057142,9.917715226630463,5
3057158,9.679947798011568,16
3057176,9.580566665845835,18
3057185,9.801139086950647,9
3057197,9.716435957917383,12
3057200,9.953897380057336,3
3057208,9.587076104807872,8
3057221,9.695224413057625,13
3057224,9.971294027046465,3
3057229,9.928400906792548,5
3057242,9.703361105542278,13
3057251,9.798129008133051,9
3057252,10.0,1
3057256,9.939700369649858,4
3057265,9.804486528774525,9
3057266,9.993054997170573,1
3057277,9.797107072039667,11
3057284,9.867798385820286,7
3057292,9.85617475346728,8
3057306,9.687324666601981,14
3057317,9.791845875186647,11
3057321,9.935237034775142,4
3057329,9.868318814722905,8
3057338,9.826549041481334,9
3057352,9.708130161920273,14
3057360,9.836347004141073,8
3057366,9.910786823473174,6
3057381,9.66744327411947,15
3057387,9.890769603834421,6
3057395,9.858056346776287,8
3057407,9.763248426865918,12
3057414,9.882447379658673,7
3057426,9.738087114122788,12
3057429,9.95899474382326,3
3057439,9.799131419524794,10
3057449,9.794096386679556,10
3057458,9.803809633240018,9
3057470,9.732854226619203,12
3057479,9.8054797604939,9
3057480,10.0,1
3057486,9.895429619400822,6
3057493,9.886491668303972,7
3057494,10.0,1
3057495,10.0,1
3057506,9.747279182627075,11
3057514,9.847830697306774,8
3057527,9.688345390335723,13
3057538,9.701738428641185,11
3057545,9.794873052408821,7
3057546,10.0,1
3057556,9.788410079523786,10
3057570,9.704872600949303,14
3057581,9.770781172828283,11
3057593,9.727592533857784,12
3057595,9.973179472591154,2
3057601,9.907106965985356,6
3057609,9.641915121728125,8
3057610,10.0,1
3057611,10.0,1
3057612,10.0,1
3057616,9.920505624201752,4
3057626,9.793159535377832,10
3057633,9.872668029431235,7
3057634,10.0,1
3057646,9.713591340052705,12
3057653,9.88389507724953,7
3057656,9.95889499282611,3
3057669,9.719115725947375,13
3057670,10.0,1
3057681,9.750965747399041,11
3057694,9.684763533251033,13
3057702,9.826222009775963,8
3057711,9.849543446964576,9
3057723,9.72425181418024,12
3057727,9.927560530856304,4
3057732,9.908537739033344,5
3057739,9.864478653206511,7
3057750,9.74392414036998,11
3057754,9.927205140462622,4
3057764,9.786208556981949,10
3057766,9.982749107321714,2
3057772,9.895734569280993,6
3057786,9.693218531439634,14
3057796,9.815077672309092,10
3057810,9.653002208645589,14
3057827,9.661932204794907,17
3057841,9.732906158016691,14
3057854,9.725972840371947,13
3057867,9.723372597625445,13
3057871,9.930400987573467,4
3057875,9.935715484616901,4
3057876,10.0,1
3057880,9.942077417351914,4
3057899,9.547235866389832,19
3057927,9.462457373768897,28
3057933,9.906720480315114,6
3057946,9.69280758869648,13
3057953,9.891788195692367,7
3057963,9.775436483090308,10
3057978,9.626701575239556,15
3057997,9.662766947970246,19
3058009,9.776342335221107,12
3058018,9.796280511802332,9
3058030,9.750105994872994,12
3058046,9.658308134258855,16
3058047,10.0,1
3058052,9.82135467126582,5
3058067,9.686416968313829,15
3058077,9.790112413735894,10
3058082,9.917764278640457,5
3058084,9.977890468528122,2
3058091,9.881839562795152,7
3058098,9.864298558770104,7
3058112,9.729717690592981,14
3058121,9.818293440551766,9
3058132,9.770963296016486,11
3058159,9.485544362794823,27
3058173,9.674324413309225,14
3058178,9.917000208103703,5
3058186,9.739320095234232,8
3058196,9.78787993129907,10
3058204,9.838268977525257,8
3058209,9.930494093546008,5
3058214,9.91746540184009,5
3058224,9.811909113538443,10
3058229,9.917307011021599,5
3058236,9.87784807226599,7
3058248,9.760540740326913,12
3058251,9.96967215904848,3
3058269,9.616875973469636,18
3058276,9.862035389041894,7
3058284,9.846369436350619,8
3058286,9.98474263371553,2
3058294,9.85327496219354,8
3058299,9.931458982613073,5
3058307,9.838007903306329,8
3058314,9.873959105037367,7
3058324,9.77078390347301,10
3058325,10.0,1
3058330,9.92574380570065,5
3058331,10.0,1
3058340,9.817616392333646,9
3058341,10.0,1
3058349,9.841871250276686,8
3058359,9.776042286701806,10
3058363,9.936979109578436,4
3058368,9.920013426624033,5
3058378,9.78348063686394,10
3058385,9.661479692689696,7
3058399,9.672663132547836,14
3058412,9.697587793675167,13
3058422,9.78835615169013,10
3058423,10.0,1
3058435,9.73331508543857,12
3058453,9.569131086336752,18
3058454,9.996174863212827,1
3058464,9.802313531738065,10
3058471,9.868114655595845,7
3058480,9.835493047085997,9
3058484,9.940590643330113,4
3058496,9.762225132992477,12
3058504,9.84013683597109,8
3058508,9.938665784911468,4
3058516,9.850811760148062,8
3058527,9.77221325252283,11
3058540,9.728523291446,13
3058541,10.0,1
3058551,9.815095332935885,10
3058574,9.497990113861905,23
3058582,9.836030335721514,8
3058591,9.827406801111772,9
3058610,9.563565238617246,19
3058619,9.796491213619214,9
3058620,10.0,1
3058625,9.913060621690942,5
3058629,9.942524789545445,4
3058638,9.802598325868892,9
3058644,9.887191262997423,6
3058655,9.768124323412412,11
3058658,9.962066314682911,3
3058670,9.731351974068689,12
3058684,9.587316779652186,14
3058692,9.837153551432197,8
3058702,9.799457972684321,10
3058712,9.812338880985369,10
3058723,9.754778655927451,11
3058725,9.969008896682496,2
3058739,9.697310806527865,14
3058751,9.761464377566437,12
3058759,9.828388741874793,8
3058770,9.752477272818735,11
3058776,9.896228648438509,6
3058786,9.796072102016549,10
3058794,9.861437859983663,8
3058796,9.978828584086175,2
3058986,4.864665498281912,190
3058990,9.931152866396298,4
3059005,9.651947692119855,15
3059019,9.67727847138042,14
3059023,9.93678257985183,4
3059035,9.742793297059835,12
3059048,9.735835675271753,13
3059060,9.735635865208586,12
3059064,9.931439592636826,4
3059069,9.91868260891614,5
3059086,9.613064899953132,17
3059092,9.890355578008423,6
3059096,9.94302753013552,4
3059100,9.944853884079928,4
3059111,9.76277990702962,11
3059129,9.623681684087282,18
3059140,9.799629129018696,11
3059150,9.793818834210455,10
3059158,9.831010716327606,8
3059165,9.869970222674901,7
3059169,9.947899850267843,4
3059174,9.922631560702573,5
3059178,9.934428464044245,4
3059186,9.894745400781035,8
3059193,9.873752022794264,7
3059194,10.0,1
3059204,9.792037772767525,10
3059220,9.675044381655495,16
3059232,9.782638867711205,12
3059242,9.76601023029963,10
3059262,8.540116220675491,20
3059273,9.764461263776749,11
3059282,9.812802641402785,9
3059287,9.90773424979143,5
3059288,10.0,1
3059299,9.759753574002845,11
3059308,9.831173412008098,9
3059322,9.667186884604813,14
3059331,9.81996525531341,9
3059344,9.702357840748876,13
3059345,10.0,1
3059357,9.715257850049008,12
3059360,9.95462456201332,3
3059379,9.636526750157964,19
3059385,9.899819350432548,6
3059394,9.815078900131528,9
3059405,9.763972045447206,11
3059419,9.68762766796169,14
3059422,9.957975134753262,3
3059434,9.74002370629542,12
3059438,9.946269260204533,4
3059451,9.698393732929473,13
3059461,9.797582426180831,10
3059466,9.92347115706146,5
3059473,9.858509369221574,7
3059484,9.730528617673768,11
3059489,9.927748150636631,5
3059504,9.44404675604845,15
3059509,9.903919991461686,5
3059510,10.0,1
3059518,9.837190556766524,8
3059537,9.571734419653842,19
3059548,9.741648085294834,11
3059556,9.838316359196153,8
3059561,9.917494561780844,5
3059566,9.925776994487023,5
3059572,9.89525382283654,6
3059583,9.769505490075174,11
3059601,9.608444548702355,18
3059609,9.846349954673853,8
3059616,9.870552907665713,7
3059630,9.579342585184792,14
3059631,10.0,1
3059642,9.755043417531791,11
3059653,9.762467070646748,11
3059657,9.93673295595088,4
3059663,9.901459477641266,6
3059675,9.718875623508545,12
3059683,9.831648350546253,8
3059688,9.918790972860652,5
3059699,9.77494602622688,11
3059707,9.850939530662528,8
3059712,9.922851595665302,5
3059720,9.842806686223739,8
3059735,9.66259539883288,15
3059740,9.920628850729054,5
3059751,9.780256191991633,11
3059764,9.695666661010293,13
3059776,9.766452039064069,12
3059783,9.8808204229798,7
3059784,10.0,1
3059794,9.803493147886163,10
3059801,9.87233086101157,7
3059802,10.0,1
3059809,9.870654076996278,7
3059815,9.867990674442929,6
3059828,9.7428397196447,13
3059832,9.946005571417768,4
3059838,9.906253904327686,6
3059846,9.84979035209256,8
3059853,9.862810530505184,7
3059864,9.778937961092563,11
3059865,9.987035335658403,1
3059868,9.953967810032253,3
3059879,9.805344117319626,11
3059880,10.0,1
3059894,9.6905315025867,14
3059907,9.725035541806657,13
3059929,9.634024661562728,22
3059939,9.80038163453703,10
3059948,9.819944076044113,9
3059955,9.896537036537277,7
3059968,9.696142408057836,13
3059996,9.550796678759859,28
3060004,9.839042995825418,8
3060007,9.961333788388826,3
3060018,9.75214874198553,11
3060026,9.860464002561033,8
3060037,9.771976742335124,11
3060042,9.92408153697696,5
3060045,9.955439081029139,3
3060053,9.863792741263053,8
3060057,9.929076726574335,4
3060068,9.746660523560896,11
3060077,9.804216495498064,9
3060090,9.739437119238326,13
3060099,9.796085682104382,9
3060105,9.899936572913926,6
3060109,9.94485382845388,4
3060118,9.822765746956424,9
3060135,9.61121812656758,17
3060136,10.0,1
3060147,9.762464886513804,11
3060164,9.58413912253221,17
3060173,9.803148009272732,9
3060177,9.933580845171093,4
3060179,9.980082560414658,2
3060186,9.864950371295286,7
3060187,10.0,1
3060206,9.242795271634277,19
3060215,9.830202023255588,9
3060230,9.687042723882428,15
3060240,9.792313429281393,10
3060249,9.858487289119555,9
3060255,9.888774235691896,6
3060256,10.0,1
3060260,9.947209144185976,4
3060274,9.705227211356256,14
3060279,9.924849950828136,5
3060291,9.77955325288416,12
3060300,9.834522871444443,9
3060309,9.831975337859525,9
3060310,10.0,1
3060322,9.761196915388547,12
3060330,9.860663190159954,8
3060343,9.704770508215617,13
3060351,9.883136952493206,8
3060363,9.758084435457247,12
3060371,9.851761313349755,8
3060380,9.812544720025073,9
3060398,9.602638938612913,18
3060406,9.831279849999861,8
3060414,9.845890260943959,8
3060425,9.752024848508796,11
3060430,9.915099333078842,5
3060441,9.788350737970967,11
3060450,9.808707281732824,9
3060499,7.377385000275063,49
3060511,9.752399522974542,12
3060514,9.949044035596598,3
3060524,9.807888058246172,10
3060525,10.0,1
3060535,9.797377929473944,10
3060541,9.905189492553903,6
3060543,9.970367037485344,2
3060556,9.714550611568566,13
3060565,9.812447896188715,9
3060584,9.54347960014998,19
3060594,9.789931743497284,10
3060595,10.0,1
3060602,9.887792877723413,7
3060614,9.754430044607384,12
3060629,9.650859939814989,15
3060639,9.773307831413213,10
3060647,9.83955247014333,8
3060648,10.0,1
3060661,9.760659068962537,13
3060670,9.825292200721593,9
3060682,9.80711670372666,12
3060691,9.834967900676569,9
3060698,9.868640893938602,7
3060704,9.876285273074306,6
3060713,9.814811747790037,9
3060719,9.884292925932698,6
3060722,9.957093068523712,3
3060734,9.743899437760493,12
3060742,9.826498846803222,8
3060759,9.688319814526574,17
3060768,9.81522709150443,9
3060771,9.96525071370581,3
3060776,9.912897249311301,5
3060786,9.800345535844981,10
3060793,9.880886798249922,7
3060795,9.984742958734323,2
3060801,9.913163395147444,6
3060811,9.813145596863327,10
3060817,9.904250956802304,6
3060828,9.756572713185417,11
3060845,9.649149501391367,17
3060846,10.0,1
3060857,9.751677961791161,11
3060871,9.679744160304958,14
3060881,9.767450592867375,10
3060882,10.0,1
3060883,10.0,1
3060890,9.875779983030164,7
3060893,9.958172632807681,3
3060900,9.909296696898243,7
3060913,9.737394911116922,13
3060918,9.923309616738656,5
3060932,9.71817285496292,14
3060938,9.907785351111846,6
3060949,9.762890516829254,11
3060954,9.913524679488278,5
3060960,9.887701710701734,6
3060970,9.783874459625329,10
3060983,9.738688568040672,13
3060988,9.905043124186959,5
3060994,9.898657864797125,6
3061007,9.703093315070557,13
3061016,9.841469897394381,9
3061019,9.947546865693491,3
3061030,9.772709720506187,11
3061042,9.723189657370273,12
3061047,9.91220510877382,5
3061054,9.85762843034678,7
3061065,9.764827808115786,11
3061074,9.82420527509192,9
3061075,10.0,1
3061082,9.85427827549205,7
3061086,9.941815192057925,4
3061101,9.612847899187623,15
3061112,9.668967993532805,11
3061125,9.726172076704158,13
3061133,9.849266635962246,8
3061139,9.897401265200967,6
3061140,10.0,1
3061154,9.701233316003648,14
3061166,9.737278427602224,12
3061179,9.762593486597396,13
3061193,9.66134934570675,14
3061199,9.898507761730034,6
3061204,9.921436126929423,5
3061211,9.874345118656686,7
3061218,9.851478134017494,7
3061219,10.0,1
3061235,9.609525876547732,16
3061245,9.810300565786896,10
3061251,9.879454630661652,6
3061260,9.811359181270381,9
3061263,9.946184140397147,3
3061272,9.843546639089768,9
3061279,9.904789426137706,7
3061285,9.883095156172613,6
3061292,9.844171250347634,7
3061298,9.895116969625313,6
3061302,9.927314943384992,4
3061303,10.0,1
3061317,9.68535495052392,14
3061324,9.85634853332428,7
3061331,9.855822450174145,7
3061343,9.759344160359174,12
3061355,9.728105463064814,12
3061356,10.0,1
3061364,9.864820561187356,8
3061365,10.0,1
3061371,9.90694121071781,6
3061387,9.449957086886085,16
3061394,9.79647538270142,7
3061404,9.799609789620453,10
3061410,9.924127569562483,6
3061420,9.801069330242713,10
3061426,9.9095873763384,6
3061440,9.686541087911028,14
3061453,9.74936137026826,13
3061454,9.99673139171471,1
3061469,9.677638550943255,15
3061473,9.955133100621424,4
3061482,9.82469750090846,9
3061489,9.88177462562334,7
3061501,9.72646860193733,12
3061507,9.901525786084274,6
3061511,9.942969794840527,4
3061524,9.614966540705911,13
3061533,9.806747604297227,9
3061534,10.0,1
3061538,9.945997513343205,4
3061551,9.72151876010887,13
3061561,9.785302840733676,10
3061580,9.571553843052094,19
3061587,9.861928756319445,7
3061602,9.68938176546686,15
3061603,10.0,1
3061617,9.70518883921955,14
3061629,9.74562339260157,12
3061630,10.0,1
3061631,9.992612199144055,1
3061639,9.856975825235844,8
3061644,9.931517908978334,5
3061649,9.9182314921151,5
3061659,9.80269570894407,10
3061663,9.948539320749948,4
3061678,9.663565727844798,15
3061689,9.758801290612318,11
3061691,9.98250540692258,2
3061702,9.768261972761833,11
3061712,9.799866847886708,10
3061721,9.813853550993764,9
3061738,9.650206316340086,17
3061749,9.779493596556323,11
3061750,10.0,1
3061761,9.768788107130145,11
3061767,9.89253420171142,6
3061779,9.722330806793721,12
3061787,9.838749863570431,8
3061807,9.355724776280814,20
3061808,10.0,1
3061817,9.814801522166867,9
3061820,9.962219256881053,3
3061830,9.796719393604642,10
3061831,10.0,1
3061841,9.814441137189583,10
3061852,9.768010003634462,11
3061859,9.86814815594623,7
3061869,9.79527280159785,10
3061876,9.884009910125751,7
3061885,9.828835012914382,9
3061892,9.88569749177163,7
3061904,9.775573414165756,12
3061919,9.64782899977734,15
3061929,9.805733554341629,10
3061937,9.846058786309468,8
3061940,9.950383805796061,3
3061942,9.96996175509204,2
3061943,10.0,1
3061950,9.884442752601373,7
3061962,9.753643137369485,12
3061983,9.451000829764645,21
3061984,10.0,1
3061985,10.0,1
3061991,9.886916910310102,6
3062003,9.749974392133874,12
3062013,9.793602950489944,10
3062023,9.603905912859453,10
3062033,9.801354935154917,10
3062042,9.812447911793758,9
3062052,9.775352404299595,10
3062056,9.936640013294559,4
3062073,9.650732910822253,17
3062084,9.776684587583523,11
3062086,9.782542995566226,2
3062092,9.90705589416578,6
3062106,9.725156604113776,14
3062112,9.897441299364878,6
3062123,9.752334037759391,11
3062127,9.94598770954998,4
3062142,9.658547926010767,15
3062152,9.78282367049437,10
3062162,9.825045489164093,10
3062169,9.862311706556067,7
3062174,9.926440001004435,5
3062186,9.737767775840133,12
3062189,9.958589907367276,3
3062197,9.836484715680262,8
3062202,9.918638950223805,5
3062210,9.829402687401306,8
3062217,9.871470621847287,7
3062219,9.984866394225243,2
3062224,9.90872870078833,5
3062235,9.44972524566468,11
3062238,9.958802355964313,3
3062241,9.948678181501888,3
3062256,9.670139109560578,15
3062258,9.97680188507435,2
3062259,10.0,1
3062271,9.725308420739992,12
3062283,9.762794288455286,12
3062287,9.938855835187757,4
3062290,9.954309024586003,3
3062291,10.0,1
3062301,9.779973105900387,10
3062311,9.831307591974316,10
3062322,9.755518019520736,11
3062327,9.926911245504938,5
3062333,9.903467655205462,6
3062345,9.720211269600343,12
3062361,9.606909499937126,16
3062362,9.987391587197425,1
3062371,9.814954787825764,9
3062377,9.91045030957247,6
3062386,9.815982605814037,9
3062393,9.8944048789113,7
3062400,9.864374232157946,7
3062414,9.691047797904938,14
3062417,9.954225108321499,3
3062423,9.894243431033587,6
3062439,9.650867404532676,16
3062442,9.967018527403583,3
3062453,9.761574462431119,11
3062454,10.0,1
3062455,9.98983225498278,1
3062469,9.710265611588786,14
3062479,9.773338202345638,10
3062488,9.862789323151029,9
3062497,9.828800484809816,9
3062508,9.76001266094086,11
3062514,9.884951603808872,6
3062521,9.88076082231458,7
3062531,9.788304158775379,10
3062546,9.700424547586824,15
3062558,9.788780803255205,12
3062559,9.990251635690646,1
3062573,9.706982120946929,14
3062583,9.771022140143382,10
3062590,9.866651824152871,7
3062603,9.778848144206126,13
3062616,9.717302284063146,13
3062623,9.863222843653558,7
3062631,9.628854250927862,8
3062643,9.75539243805669,12
3062653,9.795463957689732,10
3062662,9.84008085010917,9
3062677,9.636021781980727,15
3062686,9.819762269808455,9
3062692,9.899743525259003,6
3062705,9.702550227632322,13
3062713,9.833422616391172,8
3062724,9.762837234790242,11
3062732,9.847551374162919,8
3062739,9.884912435848785,7
3062743,9.939833780772702,4
3062750,9.897220643892165,7
3062763,9.742041585623001,13
3062765,9.977570399559381,2
3062778,9.74718585359207,13
3062788,9.793875052208834,10
3062799,9.785596061166306,11
3062811,9.739053935152635,12
3062819,9.818007390883936,8
3062827,9.876923680691867,8
3062828,9.996793701958552,1
3062838,9.78697119658252,10
3062850,9.73448365562699,12
3062859,9.809603781379844,9
3062860,10.0,1
3062868,9.843026362535861,8
3062876,9.835920893841998,8
3062883,9.865975842836422,7
3062890,9.847487371473454,7
3062902,9.73871341992038,12
3062903,9.996568231658436,1
3062917,9.700938591576035,14
3062928,9.779648105785821,11
3062935,9.871835383940454,7
3062941,9.907068364939182,6
3062946,9.908742628366506,5
3062952,9.89073227624173,6
3062974,9.390459310532783,22
3062982,9.88303625371604,8
3062983,10.0,1
3062994,9.76327286992925,11
3063010,9.724784555344748,16
3063018,9.85674579067464,8
3063019,10.0,1
3063031,9.764964469484566,12
3063043,9.726490480947245,12
3063049,9.88163524049009,6
3063059,9.679788016998216,10
3063062,9.965463879803686,3
3063072,9.791554787072446,10
3063082,9.800136810061769,10
3063097,9.678915736420445,15
3063098,10.0,1
3063103,9.923403644264532,5
3063111,9.856620674738574,8
3063112,9.996667609585405,1
3063116,9.936985184936866,4
3063119,9.9686025727756,3
3063128,9.82066347577564,9
3063132,9.944479746803317,4
3063137,9.914049169745779,5
3063150,9.71487995430796,13
3063157,9.872249380315191,7
3063158,9.996751572778628,1
3063169,9.759307747769588,11
3063174,9.929482918361192,5
3063185,9.782076915685707,11
3063186,9.996806020637662,1
3063190,9.942716679671866,4
3063196,9.900692568198293,6
3063197,10.0,1
3063213,9.663760170166576,16
3063214,10.0,1
3063217,9.962505730214797,3
3063233,9.66648168471846,16
3063246,9.730640537252246,13
3063259,9.729038798374114,13
3063270,9.74530982007437,11
3063275,9.912667851742896,5
3063289,9.671961118519727,14
3063300,9.744275946599561,11
3063303,9.971422346691638,3
3063315,9.744747984134941,12
3063320,9.903703440040557,5
3063337,9.617935488807651,17
3063347,9.839171656048771,10
3063360,9.770333970859898,13
3063364,9.938630406869054,4
3063365,10.0,1
3063373,9.839860768411443,8
3063385,9.751669517139534,12
3063398,9.706760500376232,13
3063406,9.863160482349858,8
3063412,9.881413726109123,6
3063421,9.52133997214726,9
3063430,9.855880949187906,9
3063431,10.0,1
3063434,9.950691276526566,3
3063446,9.742022055426066,12
3063457,9.758251526347985,11
3063473,9.623604657979573,16
3063490,9.701256642235643,17
3063499,9.820419684464552,9
3063507,9.828537226026828,8
3063509,9.98149083216194,2
3063519,9.848320812944761,10
3063520,10.0,1
3063531,9.779377757152409,11
3063543,9.738757716073822,12
3063551,9.831703507699782,8
3063558,9.883515658614348,7
3063568,9.7803527475504,10
3063581,9.7544797742072,13
3063582,10.0,1
3063591,9.806032329613023,9
3063595,9.933008582050654,4
3063614,9.58358578253746,19
3063628,9.683032416393578,14
3063629,10.0,1
3063640,9.754786540125972,11
3063649,9.83378568530126,9
3063659,9.791708505645756,10
3063671,9.758404160044833,12
3063679,9.837727747048515,8
3063689,9.764718911409442,10
3063694,9.911310949298294,5
3063703,9.816543147977258,9
3063708,9.940011297768814,5
3063721,9.619012586620757,13
3063738,9.61362502383597,17
3063739,10.0,1
3063740,10.0,1
3063741,10.0,1
3063752,9.778128297222086,11
3063771,9.625030392340928,19
3063776,9.916260133064007,5
3063778,9.868716061931375,2
3063784,9.901366379071199,6
3063787,9.947811752584109,3
3063792,9.908729006448686,5
3063802,9.812188119262599,10
3063812,9.778683684072538,10
3063829,9.57820825395981,17
3063830,10.0,1
3063848,9.561870462552207,18
3063850,9.983930508251817,2
3063852,9.982830462652036,2
3063853,10.0,1
3063863,9.784019609336314,10
3063864,10.0,1
3063879,9.663617754738286,15
3063883,9.933834766785695,4
3063894,9.789521581483651,11
3063900,9.89538814056687,6
3063907,9.85374820660624,7
3063917,9.784456667769751,10
3063922,9.926381536831041,5
3063927,9.91050918893991,5
3063937,9.789408132275947,10
3063938,10.0,1
3063947,9.847082359822686,9
3063955,9.833924184226069,8
3063965,9.7833526404064,10
3063967,9.972611774493451,2
3063968,10.0,1
3063978,9.785841203319237,10
3063996,9.414758761711624,18
3064003,9.867870055449405,7
3064018,9.645244878704561,15
3064024,9.916905040872102,6
3064031,9.880384530570923,7
3064040,9.807461474138899,9
3064048,9.835278690186811,8
3064055,9.889667380616716,7
3064059,9.940263597825659,4
3064066,9.870714098380803,7
3064075,9.81818042794946,9
3064078,9.962404015721896,3
3064082,9.92415795048483,4
3064093,9.773994698003595,11
3064109,9.61389562708735,16
3064113,9.93669905862736,4
3064127,9.715200493048044,14
3064140,9.69493017444903,13
3064146,9.90118464687848,6
3064147,10.0,1
3064148,10.0,1
3064160,9.776313136322463,12
3064170,9.771900561805463,10
3064171,9.989193004553723,1
3064177,9.790504477031552,6
3064186,9.804582051209131,9
3064197,9.783876754973871,11
3064200,9.970803457225356,3
3064210,9.79061851122742,10
3064211,10.0,1
3064215,9.9445836971175,4
3064220,9.907991829245283,5
3064225,9.916192701002975,5
3064226,9.99667442557924,1
3064233,9.860265621105818,7
3064242,9.842856345091594,9
3064252,9.793133563845055,10
3064262,9.791906401782787,10
3064269,9.879968444908691,7
3064279,9.769400129673048,10
3064280,10.0,1
3064286,9.89412843955861,6
3064298,9.747780105871165,12
3064307,9.810826409394345,9
3064308,10.0,1
3064319,9.772835433024104,11
3064328,9.8269990681785,9
3064336,9.856241811687646,8
3064343,9.861678928056083,7
3064353,9.795031868875471,10
3064366,9.70873089699436,13
3064392,9.532091337527376,26
3064398,9.89966619048023,6
3064400,9.984114096657533,2
3064401,9.988842891424007,1
3064413,9.743420557104471,12
3064423,9.786351489307952,10
3064436,9.76008457635719,13
3064437,9.996558279056554,1
3064446,9.815707525152444,9
3064455,9.805845541049548,9
3064468,9.72019155087967,13
3064483,9.68120835134102,15
3064495,9.725733799612156,12
3064506,9.758367955092064,11
3064515,9.797854593752069,9
3064520,9.918645496273275,5
3064531,9.784768496939003,11
3064544,9.758573429077419,13
3064555,9.789854267315226,11
3064567,9.760345910673058,12
3064575,9.83362748556628,8
3064582,9.864690092444837,7
3064592,9.77745545275186,10
3064597,9.932155274850535,5
3064598,10.0,1
3064607,9.803777947288653,9
3064616,9.78794729500679,9
3064618,9.978957030148797,2
3064625,9.89854509970456,7
3064638,9.690994215687734,13
3064651,9.7133679317392,13
3064655,9.935198112446836,4
3064656,10.0,1
3064666,9.792909031273686,10
3064667,10.0,1
3064674,9.874117098903081,7
3064684,9.791370205771305,10
3064688,9.930840350909564,4
3064689,9.996777767068064,1
3064692,9.961402074437906,3
3064700,9.862118486335904,8
3064708,9.843629827769766,8
3064714,9.891213279941288,6
3064728,8.592637961692567,14
3064732,9.947691150658928,4
3064748,9.63190513423327,16
3064751,9.957693870898872,3
3064765,9.677454362369653,14
3064774,9.835356872731209,9
3064782,9.84736917724942,8
3064787,9.906636157134818,5
3064791,9.94485673995292,4
3064799,9.847459732138017,8
3064811,9.758066240824487,12
3064819,9.853324542492917,8
3064825,9.899451343066666,6
3064836,9.766077095697968,11
3064837,10.0,1
3064838,10.0,1
3064839,10.0,1
3064848,9.83910651685366,9
3064856,9.840960496325575,8
3064868,9.76370743108831,12
3064879,9.795070564998687,11
3064883,9.948433288199142,4
3064890,9.865920106624685,7
3064902,9.617284679966948,12
3064913,9.74918716849231,11
3064915,9.974529903018517,2
3064926,9.779543538246962,11
3064937,9.790037584174165,11
3064948,9.552878093167733,11
3064958,9.792587676142736,10
3064972,9.750060295229082,14
3064977,9.921452901171474,5
3064985,9.832187073383686,8
3065000,9.656939574362612,15
3065001,10.0,1
3065013,9.727279773703689,12
3065016,9.949860325553756,3
3065031,9.632406063763558,15
3065043,9.734604860782886,12
3065055,9.735241835922443,12
3065060,9.920964731433932,5
3065070,9.797730954719636,10
3065077,9.867576801617858,7
3065085,9.855948489515226,8
3065089,9.955464449829837,4
3065093,9.941429502095222,4
3065094,10.0,1
3065098,9.9391274915356,4
3065099,9.988845063417243,1
3065103,9.926404094817558,4
3065111,9.849747777225442,8
3065121,9.802892794418431,10
3065127,9.906303872956354,6
3065138,9.760251823888945,11
3065146,9.823597242448932,8
3065162,9.62709253256583,16
3065168,9.901564764833557,6
3065178,9.816074489714207,10
3065189,9.761469644682068,11
3065208,8.968733262735535,19
3065209,9.98766591976823,1
3065214,9.92275516069669,5
3065230,9.64249104044923,16
3065241,9.770438520327875,11
3065254,9.68550491508328,13
3065260,9.894362881067458,6
3065266,9.903467746571476,6
3065275,9.85315722925776,9
3065281,9.872525720020045,6
3065294,9.712658097270616,13
3065299,9.904385141254977,5
3065319,9.514847663885377,20
3065324,9.920165871219426,5
3065330,9.890275440622291,6
3065331,9.99661411671852,1
3065334,9.951387743957747,3
3065335,10.0,1
3065349,9.719989261917101,14
3065366,9.59407905184852,17
3065383,9.599102897523775,17
3065389,9.907627545143615,6
3065401,9.66323536300085,12
3065410,9.811255238824746,9
3065424,9.686325615660031,14
3065425,10.0,1
3065429,9.945551142154265,4
3065430,10.0,1
3065431,10.0,1
3065434,9.964245079551027,3
3065445,9.739767488008978,11
3065459,9.654621399852056,14
3065462,9.950489136241485,3
3065463,9.98854279430241,1
3065476,9.695091011220535,13
3065488,9.726654618576388,12
3065497,9.823736851062426,9
3065512,9.658967009812072,15
3065519,9.882372460851998,7
3065526,9.874369357845552,7
3065530,9.936584525169149,4
3065536,9.882197101277885,6
3065548,9.717129999915123,12
3065557,9.83652381603267,9
3065563,9.899385108249987,6
3065572,9.836216658015296,9
3065575,9.954765979469466,3
3065582,9.868469762153893,7
3065589,9.858061296293872,7
3065607,9.583074039799918,18
3065620,9.703307476384012,13
3065626,9.873230502025157,6
3065630,9.942108555943088,4
3065631,10.0,1
3065642,9.753496550045039,11
3065652,9.775840717710201,10
3065676,7.371666879644739,24
3065682,9.895314460208683,6
3065689,9.875269039243234,7
3065700,9.786044701073056,11
3065706,9.89336294672869,6
3065718,9.775750197662619,12
3065732,9.750108974650512,14
3065742,9.798852684042947,10
3065752,9.57217541474897,10
3065759,9.848021223640831,7
3065763,9.93397782064923,4
3065769,9.903468758237317,6
3065784,9.678668590587728,15
3065794,9.783107105407955,10
3065797,9.950646860399036,3
3065809,9.724017559057955,12
3065821,9.736682283671477,12
3065825,9.937803092723149,4
3065835,9.792316217584105,10
3065844,9.820525256220257,9
3065851,9.862695920026217,7
3065854,9.962163548278077,3
3065866,9.738556888625224,12
3065875,9.830821860740837,9
3065889,9.667301402393718,14
3065901,9.736024087074485,12
3065913,9.774379292244365,12
3065921,9.852564440013307,8
3065928,9.86789290053021,7
3065942,9.702579197483544,14
3065947,9.927923853257425,5
3065958,9.735951671481494,11
3065968,9.8055454015119,10
3065975,9.868598755064623,7
3065977,9.96981967757104,2
3065987,9.784433310612576,10
3065997,9.856977044105845,10
3066012,9.784962478094116,15
3066016,9.931022932864648,4
3066017,10.0,1
3066023,9.898700428460833,6
3066026,9.956480850710356,3
3066040,9.677850249441908,14
3066054,9.707167017758337,14
3066069,9.655953807951537,15
3066081,9.651889398659636,12
3066082,10.0,1
3066090,9.848526123096246,8
3066102,9.759701905149319,12
3066119,9.614915855249427,17
3066122,9.860922798997585,3
3066132,9.780598958932401,10
3066137,9.906022949605653,5
3066141,9.930638945883475,4
3066145,9.945764220474018,4
3066155,9.810487104488503,10
3066166,9.762462121401716,11
3066173,9.887423423220058,7
3066174,10.0,1
3066178,9.927254617307705,4
3066186,9.742044619005869,8
3066193,9.859148527244344,7
3066201,9.834423525162856,8
3066211,9.769684240774774,10
3066221,9.796719321459404,10
3066227,9.912155301926665,6
3066242,9.646738290628779,15
3066250,9.852340825041162,8
3066262,9.727183651434615,12
3066265,9.95734454864411,3
3066268,9.954154712604057,3
3066269,9.987954392710314,1
3066278,9.809187798908445,9
3066282,9.925058838012077,4
3066285,9.961021674587396,3
3066286,10.0,1
3066291,9.604844298881659,5
3066304,9.721395486117341,13
3066321,9.5962603820123,17
3066332,9.772274871617057,11
3066341,9.802649304698107,9
3066352,9.752851815636845,11
3066361,9.804047220354779,9
3066365,9.944621815251764,4
3066370,9.897472913445517,5
3066384,9.68498423442481,14
3066393,9.808168460254567,9
3066407,9.710817558157782,14
3066419,9.73823213373326,12
3066425,9.88707591779323,6
3066429,9.933156034428736,4
3066434,9.905777849212306,5
3066437,9.968875967022548,3
3066445,9.886206228269744,8
3066455,9.781730233213901,10
3066462,9.85708894780288,7
3066476,9.709963416869249,14
3066485,9.817932197241515,9
3066499,9.73413225281826,14
3066508,9.833977536782905,9
3066509,10.0,1
3066522,9.725431896304553,13
3066528,9.910243384756665,6
3066538,9.804112614710153,10
3066539,10.0,1
3066546,9.885246901056588,7
3066555,9.802345091745448,9
3066561,9.8973784348301,6
3066571,9.790023238884466,10
3066582,9.787145195425438,11
3066590,9.822105709172282,8
3066598,9.858059305645419,8
3066611,9.712276261134473,13
3066624,9.716373928924178,13
3066633,9.799899660905403,9
3066646,9.709076621647624,13
3066660,9.690386312937054,14
3066672,9.734270641672474,12
3066686,9.689683943177563,14
3066694,9.84841979495043,8
3066704,9.818602637288608,10
3066708,9.934269323878146,4
3066720,9.717419776331946,12
3066730,9.805440504400352,10
3066745,9.660715225624324,15
3066757,9.737088843641603,12
3066766,9.798812515428024,9
3066774,9.846160038132691,8
3066785,9.771492715881537,11
3066795,9.84379935304811,10
3066808,9.71806565302533,13
3066816,9.719100346410775,8
3066827,9.733857130013018,11
3066831,9.941525500828785,4
3066842,9.787248584162729,11
3066856,9.653503204313417,14
3066859,9.958898431622332,3
3066867,9.839077627230163,8
3066879,9.742982564453758,12
3066890,9.78770610399204,11
3066896,9.91960998242971,6
3066904,9.837637854409142,8
3066920,9.268215494601428,16
3066932,9.729844767679717,12
3066936,9.93505698566076,4
3066947,9.666991261848663,11
3066965,9.281066494093599,18
3066974,9.840010908161604,9
3066984,9.81278326637897,10
3066996,9.729807648992281,12
3067008,9.76262870441939,12
3067020,9.751047268035459,12
3067032,9.736921202268372,12
3067033,10.0,1
3067042,9.832073111027688,9
3067047,9.926288686146572,5
3067059,9.73729592579477,12
3067066,9.879728739990334,7
3067083,9.580532024013051,17
3067089,9.883651217004125,6
3067090,10.0,1
3067102,9.751857343454752,12
3067107,9.920716027540042,5
3067108,9.99262487824266,1
3067114,9.88544827044185,6
3067120,9.885063462013353,6
3067134,9.663702474357873,14
3067145,9.768581519426018,11
3067158,9.708821107810655,13
3067168,9.787671818400922,10
3067180,9.705346139692235,12
3067181,10.0,1
3067189,9.864912208040339,8
3067194,9.905026025093798,5
3067207,9.70294125954236,13
3067212,9.903229537555779,5
3067218,9.897095820417395,6
3067230,9.740403354360808,12
3067236,9.90230417378094,6
3067239,9.966000057341974,3
3067250,9.779643381849288,11
3067256,9.9036867486695,6
3067265,9.818134206452914,9
3067269,9.940701934089274,4
3067276,9.871769812687761,7
3067291,9.652433205582252,15
3067292,10.0,1
3067294,9.978663981137423,2
3067300,9.882430767525166,6
3067301,9.996317712651429,1
3067313,9.727928765662014,12
3067314,10.0,1
3067323,9.804237322595291,9
3067331,9.841055658561707,8
3067335,9.94317642752237,4
3067352,9.701206014294476,17
3067353,9.988583309222957,1
3067359,9.908465033060505,6
3067367,9.838354280910078,8
3067368,10.0,1
3067374,9.919653681576985,6
3067375,10.0,1
3067376,10.0,1
3067385,9.826157154548929,9
3067388,9.9609315526912,3
3067395,9.877398751821758,7
3067400,9.907927442931442,5
3067408,9.835302866838596,8
3067421,9.718387742201175,13
3067425,9.935099592944812,4
3067437,9.732103009352784,12
3067445,9.83130607703763,8
3067452,9.858775285540355,7
3067460,9.834079312723203,8
3067473,9.73380132836879,13
3067483,9.82416411886821,10
3067490,9.8800161939734,7
3067491,10.0,1
3067500,9.704736542972263,9
3067510,9.779611872367303,10
3067530,9.559222273165133,20
3067541,9.750368259398543,11
3067554,9.747008361161596,13
3067555,10.0,1
3067568,9.523070911868034,13
3067574,9.90742814220619,6
3067580,9.89372143110883,6
3067589,9.796608799856573,9
3067595,9.88431179868957,6
3067608,9.71803680070204,13
3067624,9.640023148247101,16
3067629,9.910363523104891,5
3067638,9.816304137999522,9
3067644,9.887428428291496,6
3067653,9.623936239177517,9
3067664,9.758016982268389,11
3067674,9.80930754612304,10
3067683,9.831586455271081,9
3067691,9.835379894304678,8
3067699,9.870528730476709,8
3067707,9.844928853863134,8
3067711,9.94763306217062,4
3067723,9.805808571642716,12
3067731,9.85686890961765,8
3067744,9.711811060537498,13
3067753,9.82493883527355,9
3067759,9.890567437547782,6
3067762,9.960606136290933,3
3067775,9.72591967225507,13
3067789,9.694929641390821,14
3067797,9.824790802984543,8
3067805,9.842638539212938,8
3067819,9.731770892825583,14
3067826,9.879193649556932,7
3067827,10.0,1
3067836,9.827706981141581,9
3067852,9.626438243471172,16
3067863,9.77919952251622,11
3067871,9.852115424011837,8
3067875,9.941807363227985,4
3067885,9.810046383981954,10
3067894,9.814799693128776,9
3067902,9.85023164354084,8
3067915,9.758165062673681,13
3067918,9.967288739288612,3
3067926,9.869754604378544,8
3067930,9.931472937865781,4
3067940,9.791523139119755,10
3067946,9.887716418295414,6
3067955,9.80786007750141,9
3067967,9.733410503646226,12
3067976,9.804150152871786,9
3067987,9.748719725612922,11
3067996,9.81603669117439,9
3068001,9.925057000194014,5
3068016,9.677364144851008,15
3068020,9.940530487744596,4
3068032,9.71558632123774,12
3068046,9.644696801343837,14
3068058,9.767708353505048,12
3068068,9.76900926563425,10
3068078,9.820475624464933,10
3068096,8.501334553712407,18
3068103,9.897008501505637,7
3068113,9.785115044232747,10
3068125,9.748400120809388,12
3068134,9.828833798092832,9
3068135,10.0,1
3068146,9.771452215043105,11
3068157,9.76710177692794,11
3068174,9.612826813979353,17
3068180,9.88524185327634,6
3068193,9.691918912234183,13
3068202,9.817003272043905,9
3068207,9.912312474900347,5
3068212,9.911623187200995,5
3068214,9.978957306915074,2
3068227,9.703488764782877,13
3068240,9.716414355996719,13
3068246,9.89308650887062,6
3068260,9.703028241288537,14
3068263,9.955513961596008,3
3068273,9.803446561148881,10
3068276,9.961263903883902,3
3068283,9.847802391333731,7
3068301,8.876851145953552,18
3068306,9.932054272014586,5
3068319,9.704674626841552,13
3068323,9.937352053071564,4
3068333,9.781754594029366,10
3068337,9.940242282611312,4
3068348,9.789193818538983,11
3068350,9.980874604588804,2
3068356,9.874093219099588,6
3068365,9.808687786049026,9
3068372,9.858796655295981,7
3068387,9.642900134808901,15
3068395,9.853808372296477,8
3068401,9.883503085834185,6
3068403,9.971757087219753,2
3068415,9.757462846524511,12
3068425,9.766941282398928,10
3068430,9.927459627295457,5
3068440,9.791993993764493,10
3068445,9.90420264217826,5
3068446,10.0,1
3068447,10.0,1
3068468,9.483827862526311,21
3068474,9.888713950716504,6
3068477,9.957875932631557,3
3068488,9.765722524165104,11
3068497,9.824422631275066,9
3068502,9.925314465575987,5
3068510,9.844934543813606,8
3068524,9.688387157627295,14
3068536,9.7516909975303,12
3068544,9.84118188370702,8
3068553,9.84686027948709,9
3068568,9.659843827168693,15
3068578,9.795854419558717,10
3068588,9.799989968772138,10
3068599,9.759414343468698,11
3068600,10.0,1
3068603,9.956275686084862,3
3068610,9.877326240946719,7
3068611,10.0,1
3068623,9.764241680427915,12
3068630,9.876506205030319,7
3068640,9.80383401319373,10
3068649,9.833063747237686,9
3068659,9.80994145314754,10
3068663,9.943673361816492,4
3068669,9.907376307020384,6
3068683,9.716411002374018,14
3068692,9.816400721690021,9
3068695,9.960533693932446,3
3068696,10.0,1
3068706,9.821707958323131,10
3068718,9.72523871484414,12
3068727,9.799224793062004,9
3068728,10.0,1
3068736,9.864311374551608,8
3068740,9.939290348060592,4
3068753,9.72364377532876,13
3068763,9.790997896434193,10
3068773,9.770867178116173,10
3068774,10.0,1
3068784,9.776253501356623,10
3068790,9.891180322727855,6
3068795,9.924919081653165,5
3068796,10.0,1
3068804,9.878103451222227,8
3068813,9.83665205037974,9
3068820,9.863085750744478,7
3068831,9.745852793396907,11
3068844,9.702134971516458,13
3068845,10.0,1
3068853,9.835266782108326,8
3068863,9.786334462138838,10
3068870,9.855427316322569,7
3068877,9.863207558903516,7
3068892,9.681614639340934,15
3068902,9.814161496510213,10
3068904,9.971412848093305,2
3068913,9.823064204028604,9
3068927,9.708227818408686,14
3068938,9.759055121155932,11
3068949,9.733690315670978,11
3068960,9.763661750460816,11
3068971,9.75481699613169,11
3068977,9.88726390693437,6
3068989,9.717700469048822,12
3069001,9.764464935946558,12
3069013,9.790846177637517,12
3069023,9.778472867232784,10
3069027,9.945519171511979,4
3069034,9.881239579341399,7
3069042,9.829429485090222,8
3069047,9.900044424768671,5
3069054,9.85230061610609,7
3069055,10.0,1
3069063,9.849953738373436,8
3069075,9.738426184926618,12
3069089,9.727498744505665,14
3069102,9.688446058169108,13
3069122,9.518586352274415,20
3069133,9.75994479802419,11
3069142,9.836634406453184,9
3069152,9.790047964170544,10
3069160,9.869936299844364,8
3069166,9.893219921792674,6
3069174,9.85927241334032,8
3069181,9.87323879258413,7
3069190,9.84621616744031,9
3069195,9.933084274855911,5
3069211,9.639968354973595,16
3069212,10.0,1
3069213,9.988937643475744,1
3069228,9.666913142018114,15
3069233,9.92074625956761,5
3069240,9.857871068782723,7
3069246,9.910174443607538,6
3069250,9.929468470012102,4
3069261,9.723161407463893,11
3069269,9.83826180402932,8
3069273,9.945376075844582,4
3069280,9.887120824756808,7
3069288,9.844530526464686,8
3069304,9.659365591843514,16
3069306,9.970622969191737,2
3069315,9.829288711963509,9
3069326,9.756320456494342,11
3069335,9.803764486745047,9
3069348,9.722043570541688,13
3069351,9.967509597397918,3
3069358,9.861071838606712,7
3069366,9.866728630965758,8
3069380,9.691198244772265,14
3069384,9.931157327640067,4
3069397,9.715451312205461,13
3069400,9.96553116498416,3
3069403,9.952265024923015,3
3069412,9.824579298238296,9
3069421,9.798706917141196,9
3069436,9.72903834223072,15
3069445,9.814948423948643,9
3069450,9.925207236893133,5
3069462,9.716571209068006,12
3069467,9.92363103990601,5
3069470,9.969351455523038,3
3069479,9.837869133506098,9
3069489,9.804016732465556,10
3069499,9.837741057546268,10
3069503,9.940374279860508,4
3069510,9.867714545635707,7
3069524,9.68075915537207,14
3069526,9.978954509822687,2
3069538,9.735063810120794,12
3069544,9.897310415301598,6
3069551,9.889341397730382,7
3069558,9.891018697889328,7
3069559,10.0,1
3069566,9.868695311665359,7
3069576,9.817482303608262,10
3069591,9.439819131128838,15
3069594,9.954044708330649,3
3069602,9.838534240489217,8
3069607,9.928563920123722,5
3069616,9.782386972592912,9
3069628,9.528665379846794,12
3069635,9.87593345927694,7
3069647,9.742528056549821,12
3069659,9.735549723311756,12
3069668,9.8651934190267,9
3069677,9.719797156107505,9
3069690,9.698048581830022,13
3069694,9.941270604317435,4
3069708,9.681089577248132,14
3069716,9.84378874886246,8
3069720,9.929647384594109,4
3069721,10.0,1
3069734,9.680752182635548,13
3069749,9.71450366500936,15
3069757,9.865278838300341,8
3069759,9.979606738200326,2
3069762,9.948303363450963,3
3069777,9.677335830560084,15
3069782,9.908654325536178,5
3069783,10.0,1
3069788,9.926956199461848,5
3069798,9.688369255696069,10
3069807,9.810655909889908,9
3069809,9.976612730926972,2
3069815,9.876849805787133,6
3069821,9.89452966409591,6
3069827,9.890912969581958,6
3069834,9.84975085430969,7
3069844,9.802304441505928,10
3069845,10.0,1
3069857,9.753882577217954,12
3069869,9.52248476810333,12
3069873,9.943035485132695,4
3069884,9.772399963919595,11
3069886,9.969701164176762,2
3069887,10.0,1
3069897,9.789320781368243,10
3069907,9.809447066682294,10
3069914,9.874337642186413,7
3069923,9.834348574550159,9
3069924,10.0,1
3069933,9.811355415211604,9
3069944,9.752467587464793,11
3069953,9.809764023338372,9
3069959,9.888233153839332,6
3069969,9.783474018730324,10
3069973,9.939494361588547,4
3069975,9.971510167397176,2
3069980,9.906416552200888,5
3069988,9.652875002262586,8
3069997,9.831725003912274,9
3070006,9.819141734385694,9
3070007,10.0,1
3070011,9.931135585615051,4
3070012,10.0,1
3070019,9.871750296280181,7
3070028,9.840743113207907,9
3070037,9.727504696308378,9
3070043,9.901208059797831,6
3070054,9.750503410314238,11
3070060,9.901503127755518,6
3070069,9.87114914824191,9
3070078,9.806506555473353,9
3070084,9.875368509187386,6
3070098,9.697716956322918,14
3070103,9.91808998251777,5
3070118,9.681675650283806,15
3070125,9.863732195797931,7
3070133,9.868720491641216,8
3070144,9.763449326915785,11
3070155,9.701152437892521,11
3070166,9.761389970776223,11
3070167,10.0,1
3070173,9.897837155603547,6
3070357,-61.565756781594786,184
3070364,9.873342390504783,7
3070373,9.748508141191307,9
3070392,9.590592764173019,19
3070409,9.673629373912519,17
3070420,9.772863986487174,11
3070431,9.751660237573667,11
3070446,9.711987573361602,15
3070459,9.69705926469477,13
3070473,8.923890797673748,14
3070481,9.841203753948617,8
3070492,9.778176685464492,11
3070499,9.873310060733811,7
3070509,9.790691871364162,10
3070515,9.898240980053139,6
3070519,9.947623492050676,4
3070525,9.889748781809045,6
3070527,9.969192347389122,2
3070539,9.733159204676003,12
3070544,9.920823526210626,5
3070554,9.803354961176638,10
3070564,9.837421523032122,10
3070579,9.660675375464134,15
3070592,9.730887250656016,13
3070593,10.0,1
3070606,9.68927926591714,13
3070607,10.0,1
3070626,9.520885235149674,19
3070631,9.932031855130939,5
3070633,9.977557169536231,2
3070644,9.747603260208797,11
3070659,9.659202854943642,15
3070668,9.826536017898771,9
3070674,9.904351365917048,6
3070683,9.817613221518972,9
3070687,9.936972989918326,4
3070688,9.996716875372877,1
3070692,9.930797383877508,4
3070703,9.791221023280821,11
3070704,10.0,1
3070706,9.968593449402666,2
3070717,9.790971466337524,11
3070731,9.740264986941893,14
3070736,9.918403403016702,5
3070741,9.917193472649851,5
3070742,10.0,1
3070758,9.621661294382637,16
3070763,9.902749715713488,5
3070769,9.896800010372212,6
3070775,9.887162800386415,6
3070781,9.89559447561596,6
3070787,9.877677330804518,6
3070796,9.848530674372693,9
3070798,9.970732576753099,2
3070810,9.736013105728178,12
3070830,9.477627243599809,20
3070831,10.0,1
3070843,9.763156802282808,12
3070849,9.908672871674499,6
3070854,9.913749529346667,5
3070860,9.89990281398126,6
3070870,9.786463910662903,10
3070877,9.868467649447187,7
3070878,10.0,1
3070879,10.0,1
3070887,9.898629541631474,8
3070891,9.837120827604203,4
3070896,9.436041174035784,5
3070904,9.824821470059263,8
3070911,9.900867602807631,7
3070917,9.894003406187755,6
3070922,9.922447954368629,5
3070927,9.921965079963956,5
3070932,9.925088091426131,5
3070933,10.0,1
3070945,9.750964730969045,12
3070955,9.812059667913156,10
3070965,9.784472053550926,10
3070968,9.951804396865112,3
3070970,9.969750231012997,2
3070994,9.373484977928833,24
3070999,9.898675860555166,5
3071008,9.809878123603255,9
3071019,9.763319390762446,11
3071026,9.861870457137645,7
3071033,9.882767503593486,7
3071039,9.896682610816121,6
3071057,9.620818577018403,18
3071061,9.944783777686254,4
3071066,9.92042660029932,5
3071072,9.898735010326748,6
3071080,9.829969137259559,8
3071087,9.882349942726428,7
3071095,9.855806884790027,8
3071106,9.758854180449857,11
3071115,9.84852899535523,9
3071131,9.635809345334865,16
3071142,9.803944110417744,11
3071148,9.90412905626289,6
3071149,10.0,1
3071160,9.78232558787546,11
3071168,9.85557212197876,8
3071169,10.0,1
3071170,10.0,1
3071171,10.0,1
3071183,9.726879356102112,12
3071190,9.892775516467012,7
3071202,9.755198546264067,12
3071209,9.88559350880375,7
3071222,9.704867029791288,13
3071223,10.0,1
3071225,9.983193883786356,2
3071228,9.961888266652382,3
3071231,9.95153129256085,3
3071242,9.759094995485045,11
3071253,9.83774475516514,11
3071256,9.94400575818137,3
3071265,9.811594476896184,9
3071274,9.631301442456056,9
3071282,9.772945834442545,8
3071289,9.873755174356315,7
3071301,9.712629362230057,12
3071302,10.0,1
3071303,9.988919867154117,1
3071304,10.0,1
3071311,9.899337440834948,7
3071318,9.863440123241112,7
3071324,9.897948260007729,6
3071340,9.65915159182302,16
3071350,9.80774565339155,10
3071362,9.74932500105104,12
3071370,9.852767113119352,8
3071381,9.774327492531857,11
3071382,10.0,1
3071392,9.806943620636378,10
3071401,9.784859349638632,9
3071423,9.45984523683054,22
3071433,9.7856210340904,10
3071437,9.92906640675954,4
3071440,9.952806504226121,3
3071447,9.864030503953785,7
3071458,9.765933274521073,11
3071459,10.0,1
3071467,9.848561987880586,8
3071487,9.616573984756709,20
3071491,9.919679300508387,4
3071496,9.895134230662118,5
3071501,9.919481567259746,5
3071508,9.880323144012552,7
3071514,9.889203963356186,6
3071516,9.984499053602848,2
3071521,9.925804070377279,5
3071525,9.938500435822142,4
3071532,9.876953764688114,7
3071537,9.922396001025248,5
3071546,9.833582668134339,9
3071592,9.023048712315632,46
3071602,9.789161478033884,10
3071607,9.909532447866129,5
3071614,9.878919425143573,7
3071620,9.921607518191674,6
3071633,9.714081115658916,13
3071648,9.392372975443294,15
3071658,9.786209692012134,10
3071662,9.93253049766038,4
3071663,10.0,1
3071674,9.787984342087396,11
3071689,9.634835662409992,15
3071690,10.0,1
3071699,9.79865217588332,9
3071705,9.891587384452668,6
3071719,9.716418011240474,14
3071728,9.809868713121388,9
3071736,9.870792850472993,8
3071745,9.814207262722643,9
3071746,10.0,1
3071755,9.794701773836195,9
3071766,9.736968840018758,11
3071772,9.899613871199495,6
3071783,9.75989481351509,11
3071790,9.863529150660415,7
3071791,10.0,1
3071798,9.86581361339074,7
3071802,9.942675021680651,4
3071805,9.964216740644504,3
3071806,10.0,1
3071820,9.695417338364473,14
3071837,9.614488276136488,17
3071846,9.82812579541752,9
3071848,9.97979217984687,2
3071860,9.764086510686823,12
3071864,9.940509562181447,4
3071865,10.0,1
3071877,9.743260015827888,12
3071892,9.637932220094351,15
3071901,9.827908093894823,9
3071907,9.907120112589443,6
3071908,10.0,1
3071911,9.964827664102993,3
3071913,9.984986428866995,2
3071930,9.620910007540376,17
3071954,5.407653338164259,24
3071965,9.760247790666954,11
3071981,9.666621342569124,16
3071990,9.827311274306117,9
3071993,9.955632616644223,3
3072006,9.719622554719473,13
3072011,9.922030647189736,5
3072021,9.77066860033927,10
3072023,9.97819197887316,2
3072038,9.543128088791892,15
3072044,9.888917145603077,6
3072061,9.626927788129938,17
3072067,9.900227909443732,6
3072070,9.950518961133522,3
3072075,9.925603992044405,5
3072084,9.788140262262141,9
3072094,9.77426631750844,10
3072100,9.87342830719136,6
3072103,9.952492139379679,3
3072112,9.819694752348497,9
3072124,9.748539302236802,12
3072131,9.880375626216297,7
3072143,9.752125801545771,12
3072155,9.761473584992654,12
3072161,9.892592729066925,6
3072174,9.739971797825154,13
3072185,9.308109570278779,11
3072186,10.0,1
3072191,9.928074490500222,5
3072195,9.937938954122403,4
3072207,9.722868341008304,12
3072212,9.919444313023552,5
3072223,9.756832196609363,11
3072231,9.658510222433637,8
3072241,9.817079220007146,10
3072250,9.79134739644621,9
3072265,9.673770528800064,15
3072280,9.677260725720028,15
3072281,9.98933644897014,1
3072282,10.0,1
3072292,9.769340654132112,10
3072301,9.836030563327638,9
3072302,10.0,1
3072312,9.79095378421693,10
3072329,9.606259223361565,17
3072335,9.899616281152898,6
3072349,9.727304807123591,14
3072357,9.860084982847322,8
3072359,9.98408920124699,2
3072363,9.94357841905939,4
3072376,9.721524273388933,13
3072385,9.830044543775017,9
3072390,9.932268353087435,5
3072402,9.733424598790107,12
3072407,9.943832343740711,5
3072413,9.915400607559132,6
3072414,10.0,1
3072417,9.960875880103364,3
3072429,9.744272941719293,12
3072438,9.79008486892277,9
3072443,9.913979683835263,5
3072451,9.853681921232743,8
3072457,9.894051930192939,6
3072469,9.737821903857444,12
3072491,9.560714894555439,22
3072496,9.91961563467897,5
3072505,9.82983048962291,9
3072506,10.0,1
3072520,9.721865719187317,14
3072525,9.908135271032894,5
3072534,9.834675970177567,9
3072535,9.993200855018397,1
3072536,10.0,1
3072544,9.868440115057972,8
3072555,9.770942716009197,11
3072561,9.896692341856356,6
3072572,9.652660039919775,11
3072583,9.787910753987013,11
3072585,9.984348929592302,2
3072590,9.92384221777605,5
3072597,9.875609070080058,7
3072612,9.667348790719492,15
3072622,9.796179157473528,10
3072628,9.901403469790601,6
3072632,9.94089177476182,4
3072642,9.79668464284702,10
3072659,9.562803365997379,17
3072671,8.570438490263209,12
3072678,9.874944024662764,7
3072684,9.879183622264119,6
3072693,9.827195740136302,9
3072707,9.678188713715993,14
3072708,9.996561335140667,1
3072710,9.983911446553009,2
3072727,9.65467742159625,17
3072733,9.89038856157135,6
3072743,9.798923045311858,10
3072744,10.0,1
3072752,9.831923181162887,8
3072765,9.720467665417704,13
3072777,9.724267405254052,12
3072785,9.83692495150057,8
3072797,9.74736335262479,12
3072800,9.961703148573202,3
3072812,9.726803525986115,12
3072821,9.795965155588217,9
3072835,9.675118040518786,14
3072839,9.939291986206156,4
3072843,9.932868138827954,4
3072849,9.892373344997386,6
3072852,9.95806134523118,3
3072855,9.950620701892008,3
3072862,9.881577483497752,7
3072866,9.94203367004666,4
3072871,9.910094249039787,5
3072877,9.8872234107898,6
3072891,9.673242588483163,14
3072901,9.80910524514985,10
3072912,9.79731633206785,11
3072923,9.754552557583358,11
3072939,9.703731731584309,16
3072940,10.0,1
3072951,9.754363594918,11
3072958,9.870733886672532,7
3072967,9.824208235078421,9
3072975,9.84566955500484,8
3072979,9.952537567117654,4
3072993,9.689803008146283,14
3073002,9.836518474428212,9
3073009,9.865800177395842,7
3073014,9.899662141344146,5
3073027,9.682949755004964,13
3073031,9.945870030549877,4
3073045,9.723757419331708,14
3073053,9.517760622006465,8
3073063,9.717713548652977,10
3073077,9.653801376677961,14
3073082,9.917574808568325,5
3073083,10.0,1
3073087,9.945719663972902,4
3073103,9.64096808679813,16
3073113,9.75902087125882,10
3073119,9.895807035099018,6
3073127,9.874028906631418,8
3073137,9.806328269797543,10
3073152,9.688909049832898,15
3073159,9.88105307631286,7
3073185,9.53179681773613,26
3073197,9.747338460853648,12
3073207,9.80366901299438,10
3073212,9.916283708037831,5
3073221,9.79114592739652,9
3073243,9.42831762873991,22
3073256,9.746263553636146,13
3073263,9.857626444463772,7
3073270,9.870359525782453,7
3073277,9.859201806604151,7
3073284,9.859913307337294,7
3073289,9.918048852076412,5
3073297,9.833919651890884,8
3073305,9.825730950166962,8
3073312,9.842938532255516,7
3073318,9.897675052998565,6
3073320,9.976706214170097,2
3073330,9.842679906689302,10
3073331,10.0,1
3073332,10.0,1
3073346,9.699373621093626,14
3073347,10.0,1
3073363,9.637861876706197,16
3073375,9.726123987698621,12
3073386,9.784807735142152,11
3073387,9.988762223293286,1
3073394,9.864971305572842,7
3073401,9.849144186956947,7
3073408,9.879460990916156,7
3073427,9.588457917015814,19
3073438,9.68995312658183,11
3073449,9.752646379464608,11
3073450,10.0,1
3073462,9.729337525787855,12
3073469,9.859188444516876,7
3073480,9.665855137570473,11
3073481,10.0,1
3073484,9.96089608168861,3
3073492,9.84113134954137,8
3073503,9.755062455511492,11
3073509,9.898832120756392,6
3073521,9.73165029157618,12
3073528,9.86998594538991,7
3073532,9.942242622160808,4
3073540,9.852152957529466,8
3073541,10.0,1
3073558,9.73856340883427,17
3073559,10.0,1
3073574,9.620729918545413,15
3073585,9.760324941965372,11
3073597,9.71897355952562,12
3073605,9.851565059614002,8
3073606,10.0,1
3073622,9.644396670669526,16
3073635,9.705309898250297,13
3073649,9.712258180008885,14
3073650,10.0,1
3073663,9.747238830534078,13
3073674,9.756580649009859,11
3073675,10.0,1
3073683,9.847429535546889,8
3073693,9.773414286555804,10
3073698,9.912109691221822,5
3073709,9.774904021219657,11
3073727,9.59120179024537,18
3073737,9.810106901483715,10
3073740,9.955442951084333,3
3073753,9.705358908845449,13
3073756,9.958287155591396,3
3073765,9.8223874555876,9
3073771,9.893559523994659,6
3073781,9.798704845372303,10
3073790,9.811970552011987,9
3073797,9.85488645348472,7
3073804,9.887782247971563,7
3073813,9.789703798004268,9
3073817,9.941594067155235,4
3073818,10.0,1
3073830,9.75445366137668,12
3073836,9.882830158410648,6
3073849,9.717328831746697,13
3073858,9.81978184002525,9
3073859,10.0,1
3073872,9.734468824342102,13
3073875,9.956475269989156,3
3073884,9.810921407330172,9
3073898,9.661386328904953,14
3073905,9.864748915165036,7
3073909,9.948418892665218,4
3073921,9.749528043096491,12
3073927,9.896907708232241,6
3073945,9.58525732536541,18
3073955,9.828847816611,10
3073965,9.82856564301284,10
3073979,9.670813394662677,14
3073987,9.855279375343947,8
3074004,9.64404696928128,17
3074011,9.84944691329994,7
3074019,9.844898156531393,8
3074026,9.86178579649168,7
3074037,9.771962889448618,11
3074038,10.0,1
3074051,9.754352573519965,13
3074063,9.722631918788426,12
3074074,9.629829079379094,11
3074081,9.884579460560072,7
3074088,9.869228030442674,7
3074098,9.80671092175875,10
3074105,9.859531130408467,7
3074116,9.763050477603352,11
3074131,9.708674009686705,15
3074137,9.908696613184203,6
3074140,9.965020731591634,3
3074153,9.713702395653607,13
3074162,9.802802974308278,9
3074173,9.752782288311627,11
3074176,9.955435820540487,3
3074187,9.77013715850889,11
3074188,9.98910098515418,1
3074199,9.667955822756866,11
3074207,9.828704133847724,8
3074209,9.871993411066756,2
3074224,9.66559261152288,15
3074234,9.792468589861446,10
3074243,9.829145226645537,9
3074249,9.905755034975257,6
3074257,9.835947146422292,8
3074258,10.0,1
3074268,9.793527955285763,10
3074273,9.922826044002,5
3074279,9.902496038903701,6
3074300,9.553493913920974,21
3074311,9.774945011669416,11
3074317,9.902590193367459,6
3074323,9.87979395795552,6
3074333,9.824829675022574,10
3074346,9.710608167451886,13
3074356,9.840936127147202,10
3074357,10.0,1
3074358,10.0,1
3074367,9.829616078517416,9
3074371,9.933849438108396,4
3074376,9.916134798556882,5
3074388,9.742401672397056,12
3074392,9.942915408653239,4
3074396,9.926933675702115,4
3074402,9.918463296908483,6
3074416,9.663763611159526,14
3074431,9.654144427115709,15
3074441,9.788508514904072,10
3074449,9.853252778907253,8
3074450,10.0,1
3074458,9.866506390602435,8
3074471,9.625499105815052,13
3074482,9.771451605571357,11
3074484,9.974182523254393,2
3074493,9.81122542435319,9
3074494,10.0,1
3074495,9.986923602833285,1
3074506,9.797910345605443,11
3074512,9.888268395334102,6
3074515,9.954437740204714,3
3074521,9.904344241908962,6
3074531,9.819667188587273,10
3074536,9.914803080858478,5
3074537,9.988561851543896,1
3074547,9.806425555466117,10
3074552,9.90206660315191,5
3074563,9.766939559107234,11
3074572,9.816953925250777,9
3074585,9.732869789010438,13
3074599,9.704452857005462,14
3074617,9.559433134099715,18
3074626,9.833133168378986,9
3074630,9.929552570910815,4
3074640,9.813310316174967,10
3074649,9.833084977231493,9
3074656,9.869317225957104,7
3074657,10.0,1
3074664,9.868888957046371,7
3074666,9.97799525071122,2
3074671,9.909801813070622,5
3074678,9.868534008888675,7
3074686,9.873978188281024,8
3074690,9.942493132902804,4
3074698,9.866769979172268,8
3074699,10.0,1
3074700,10.0,1
3074711,9.809525253269678,11
3074720,9.789509495124026,9
3074728,9.73596991338043,8
3074734,9.900111188745262,6
3074735,10.0,1
3074747,9.707566308409078,12
3074761,9.673157131350656,14
3074770,9.800114796016178,9
3074781,9.773215585654015,11
3074782,10.0,1
3074794,9.72616309922621,12
3074800,9.893566122218264,6
3074816,9.647532983332932,16
3074826,9.782231161722645,10
3074838,9.756461138858661,12
3074846,9.835630423803638,8
3074855,9.808342958591567,9
3074862,9.890046154309239,7
3074877,9.701278342265898,15
3074888,9.72778162176842,11
3074901,9.711548209302858,13
3074909,9.84551836040661,8
3074923,9.717393604526471,14
3074929,9.87993284530433,6
3074935,9.907735070410459,6
3074948,9.731791362941927,13
3074960,9.757465020389343,12
3074983,9.48690904430997,23
3074993,9.806967108106686,10
3075004,9.678079995594432,11
3075009,9.921291268735317,5
3075018,9.822073912931273,9
3075023,9.933181936575167,5
3075041,9.649979590550618,18
3075057,9.645617548025848,16
3075062,9.921616759255684,5
3075073,9.78845541129381,11
3075080,9.876810361145713,7
3075087,9.86469834780759,7
3075096,9.793676018463989,9
3075112,9.641505136895779,16
3075121,9.824300741754275,9
3075128,9.887647328941531,7
3075134,9.906010248630269,6
3075137,9.958869775719737,3
3075148,9.773122743985875,11
3075159,9.775579086562416,11
3075164,9.918061997664902,5
3075166,9.97665863325198,2
3075176,9.793791964454106,10
3075181,9.901622296832265,5
3075182,10.0,1
3075191,9.827476174347332,9
3075201,9.798529835561588,10
3075208,9.857159131658399,7
3075222,9.701355008428552,14
3075238,9.657822667826187,16
3075248,9.78375511972936,10
3075256,9.869973585650147,8
3075265,9.8154377360698,9
3075274,9.790408383440202,9
3075284,9.801903726910515,10
3075288,9.843455334248334,4
3075299,9.760185169124712,11
3075310,9.772462695256758,11
3075323,9.703399684859574,13
3075331,9.639673221031963,8
3075347,9.603462374352501,16
3075348,10.0,1
3075361,9.726178256485975,13
3075365,9.95035377808864,4
3075376,9.753011836453025,11
3075386,9.812519725534939,10
3075394,9.83718511571566,8
3075408,9.710042063996642,14
3075413,9.919513940785619,5
3075430,9.616657221624653,17
3075433,9.959576272247297,3
3075434,10.0,1
3075448,9.689191244439447,14
3075449,10.0,1
3075462,9.696493514615016,13
3075475,9.703461763997801,13
3075479,9.945352298873393,4
3075487,9.82564855183895,8
3075495,9.845134948020355,8
3075499,9.931802454605466,4
3075506,9.874428528382545,7
3075513,9.86217943270465,7
3075526,9.737266719966263,13
3075527,10.0,1
3075543,9.614483549023511,16
3075549,9.901901288912008,6
3075561,9.725647018801846,12
3075576,9.578052224119649,15
3075582,9.878977618018025,6
3075584,9.975497360733904,2
3075593,9.816477052021915,9
3075602,9.810230303708227,9
3075605,9.964626353875843,3
3075612,9.869868253887317,7
3075620,9.847215074164163,8
3075632,9.710468664029008,12
3075648,9.634950926546008,16
3075654,9.879362435687042,6
3075661,9.89062635468842,7
3075675,9.681945771843473,14
3075685,9.801635660720784,10
3075688,9.956558642358107,3
3075691,9.945583723724692,3
3075692,10.0,1
3075699,9.878566452714374,7
3075718,9.539082338452948,19
3075731,9.717441376081444,13
3075734,9.962380821706986,3
3075745,9.747447693457413,11
3075756,9.775598686297462,11
3075768,9.736027265714718,12
3075776,9.805648087842078,8
3075791,9.559329696083193,15
3075792,9.991473025805396,1
3075804,9.758171633408141,12
3075817,9.72552710171027,13
3075821,9.93883114651422,4
3075836,9.630504141922652,15
3075837,10.0,1
3075844,9.88810285172849,7
3075857,9.700257531693687,13
3075865,9.851571651158729,8
3075870,9.911065173851366,5
3075882,9.75261016185129,12
3075883,10.0,1
3075896,9.732404722416648,13
3075902,9.883389188584937,6
3075912,9.831252635479053,10
3075926,9.701503133852269,14
3075941,9.68094511451077,15
3075950,9.829397657920852,9
3075957,9.88185229796818,7
3075966,9.825009218075099,9
3075983,9.726632296235044,17
3075987,9.939725082785719,4
3075995,9.84402186465046,8
3075999,9.939394517107804,4
3076004,9.930493421636736,5
3076005,10.0,1
3076013,9.846635701524251,8
3076025,9.760969409732764,12
3076035,9.776577369621576,10
3076044,9.842394132472501,9
3076053,9.812143049497987,9
3076061,9.852118867738133,8
3076069,9.842161207309044,8
3076070,9.990008147871583,1
3076081,9.766231849791854,11
3076088,9.87118358717038,7
3076095,9.889515285410134,7
3076101,9.895902098199414,6
3076114,9.684582162489829,13
3076120,9.902433549746165,6
3076137,9.604920558461094,17
3076148,9.765380769328154,11
3076161,9.719698936093792,13
3076171,9.780461950513635,10
3076184,9.715840272000609,13
3076193,9.805820851541096,9
3076205,9.724462399864732,12
3076218,9.716033426991723,13
3076227,9.796243017333188,9
3076240,9.715808883850018,13
3076250,9.812459526626327,10
3076260,9.795901042683095,10
3076266,9.91219464931774,6
3076267,10.0,1
3076273,9.900226031327875,6
3076283,9.78700951250999,10
3076290,9.88071452785844,7
3076295,9.914194425970068,5
3076297,9.968358559165253,2
3076298,10.0,1
3076304,9.882817598646728,6
3076308,9.938425508521611,4
3076322,9.695936760809154,14
3076326,9.953920787976234,4
3076327,10.0,1
3076334,9.85780177382388,7
3076336,9.97533418238513,2
3076342,9.90625071850953,6
3076352,9.805640088447188,10
3076357,9.92021980466602,5
3076370,9.720031627131235,13
3076384,9.676199040023373,14
3076385,10.0,1
3076394,9.823807632882756,9
3076402,9.853057974377139,8
3076411,9.820102288376164,9
3076414,9.955214932091208,3
3076434,9.58581471043483,20
3076443,9.819518841238354,9
3076450,9.671205406421324,7
3076456,9.902105820412384,6
3076480,9.388377978842739,24
3076483,9.953856962819671,3
3076484,10.0,1
3076498,9.680241716612551,14
3076499,10.0,1
3076504,9.912507842700007,5
3076518,9.716637927131663,14
3076527,9.800747964136878,9
3076539,9.703180804137823,12
3076549,9.78107746458969,10
3076559,9.811059445079492,10
3076568,9.826376316717162,9
3076576,9.855258273339874,8
3076588,9.74047453009316,12
3076603,9.64895814447651,15
3076617,9.699892883666532,14
3076628,9.759120271533426,11
3076637,9.833925286525432,9
3076645,9.834129094663714,8
3076654,9.819106099103744,9
3076668,9.682481162491237,14
3076676,9.84789972453046,8
3076684,9.854619654682445,8
3076700,9.635050261055804,16
3076706,9.909585135749166,6
3076711,9.933141095491425,5
3076717,9.900072317942795,6
3076731,9.678078313116893,14
3076738,9.871957146302343,7
3076748,9.774755351827093,10
3076755,9.862945462142319,7
3076760,9.925390888429563,5
3076761,10.0,1
3076773,9.730585389746699,12
3076774,9.989591622935306,1
3076781,9.878918239359898,7
3076792,9.771872694907175,11
3076802,9.774348402268544,10
3076807,9.925195572422883,5
3076820,9.721679644562613,13
3076825,9.911576863492334,5
3076833,9.85802323653391,8
3076837,9.943380834148305,4
3076852,9.692623434760815,15
3076860,9.627809387895883,8
3076866,9.893411733398707,6
3076884,9.55595909665134,18
3076893,9.811373744253565,9
3076900,9.869607643734813,7
3076905,9.92473842807884,5
3076908,9.969387733835362,3
3076913,9.913174483552508,5
3076922,9.823682751146395,9
3076935,9.697307004760468,13
3076941,9.893819993199124,6
3076951,9.825758466268544,10
3076959,9.848378217298176,8
3076966,9.887093975741053,7
3076975,9.857252138599105,9
3076976,10.0,1
3076992,9.609069405392008,16
3077001,9.81184696404972,9
3077007,9.897324273178423,6
3077032,9.087735895387,25
3077045,9.719132170209791,13
3077057,9.729389748743838,12
3077065,9.872199532501886,8
3077076,9.655372917834997,11
3077082,9.879597821589728,6
3077087,9.926933072896034,5
3077127,8.846150477527814,40
3077134,9.865877431466409,7
3077135,10.0,1
3077136,10.0,1
3077144,9.840867758940396,8
3077148,9.930503415823878,4
3077155,9.857974744402984,7
3077164,9.634933090168847,9
3077178,9.718140639050969,14
3077201,9.472806756960917,23
3077207,9.901997312103754,6
3077217,9.780739431877885,10
3077228,9.772398376667503,11
3077237,9.846263764739328,9
3077238,9.992381647889193,1
3077245,9.865187214815675,7
3077257,9.773718095973138,12
3077264,9.865409973497975,7
3077272,9.864638408041353,8
3077284,9.741490843676162,12
3077291,9.867126239978887,7
3077300,9.610476559760082,9
3077310,9.779153841094,10
3077311,9.992679616472897,1
3077324,9.723409556237822,13
3077334,9.784373395228721,10
3077349,9.672165589796059,15
3077362,9.710313407130382,13
3077377,9.699550264181608,15
3077387,9.82384754784193,10
3077391,9.93137521539622,4
3077404,9.702721578064068,13
3077413,9.829418398684442,9
3077425,9.725143921898335,12
3077432,9.869168082058263,7
3077433,9.993093683290631,1
3077448,9.654833305945074,15
3077459,9.763072223153056,11
3077467,9.829721211978782,8
3077487,6.788798886920821,20
3077490,9.965285341932182,3
3077502,9.725533682294019,12
3077508,9.882624219391118,6
3077515,9.860032793351767,7
3077526,9.761508995294143,11
3077527,10.0,1
3077534,9.863514644885955,7
3077537,9.96102236558771,3
3077540,9.96196289622662,3
3077549,9.84056917541478,9
3077553,9.930740383197206,4
3077558,9.917343473585177,5
3077564,9.88482304657865,6
3077573,9.803142899638837,9
3077578,9.915508263325084,5
3077585,9.866176375083036,7
3077586,10.0,1
3077596,9.818051436781912,10
3077603,9.870641255297974,7
3077604,10.0,1
3077613,9.728388586184952,9
3077616,9.952174387649562,3
3077631,9.651805963078349,15
3077644,9.682862915195967,13
3077652,9.846707983086906,8
3077659,9.863021084500515,7
3077668,9.81691795751295,9
3077678,9.780335849172026,10
3077682,9.931786606710055,4
3077685,9.95042348933849,3
3077699,9.735137704494203,14
3077710,9.815024214812569,11
3077714,9.937523491136432,4
3077716,9.97686563273185,2
3077727,9.76972550491278,11
3077748,9.408769655741027,21
3077754,9.9282313062773,6
3077761,9.885180478695393,7
3077771,9.802786890756613,10
3077778,9.904455972104406,7
3077783,9.904681524194642,5
3077795,9.552968871204339,12
3077804,9.540152104179796,9
3077818,9.604396832694489,14
3077835,9.61654814984198,17
3077844,9.82423457990346,9
3077846,9.782401987427324,2
3077855,9.804935366389527,9
3077869,9.698170782345994,14
3077879,9.815660783220531,10
3077880,10.0,1
3077887,9.878029665147743,7
3077888,9.996438751752704,1
3077900,9.748801370826891,12
3077911,9.774715256274702,11
3077922,9.813717318213822,11
3077932,9.786215366628827,10
3077943,9.771472338158922,11
3077946,9.954573562404143,3
3077950,9.943888417043494,4
3077953,9.96988156141091,3
3077957,9.951096367013923,4
3077971,9.671179052603662,14
3077976,9.926151001882094,5
3077986,9.795724056032055,10
3077989,9.95343192790759,3
3078000,9.764944137488177,11
3078011,9.772026824296653,11
3078023,9.79092087491638,12
3078025,9.984308436670537,2
3078036,9.770924420392939,11
3078049,9.732979509362917,13
3078058,9.80501546491914,9
3078079,8.819405275499545,21
3078097,9.613440831271518,18
3078098,10.0,1
3078114,9.638253423326386,16
3078115,10.0,1
3078116,10.0,1
3078124,9.856416243015227,8
3078132,9.847900439459552,8
3078135,9.953958375508181,3
3078142,9.870476309191389,7
3078154,9.722324611393775,12
3078155,10.0,1
3078165,9.772075542362012,10
3078173,9.856961368159968,8
3078183,9.786907193701643,10
3078191,9.870541157053891,8
3078192,9.99643615311094,1
3078201,9.821442139348799,9
3078208,9.86357771339654,7
3078210,9.983751033609838,2
3078218,9.855006685781557,8
3078232,9.714042510390733,14
3078238,9.889405833545675,6
3078246,9.854624150511468,8
3078261,9.662082059278513,15
3078262,10.0,1
3078266,9.934401094073996,4
3078270,9.942415690607946,4
3078282,9.732029778304806,12
3078291,9.806729654352997,9
3078292,9.996211698325045,1
3078302,9.776936083938466,10
3078305,9.953987326020753,3
3078320,9.663072429374656,15
3078332,9.757068666140245,12
3078344,9.662061322682371,12
3078349,9.903794680943802,5
3078357,9.860807024242806,8
3078364,9.870881803481604,7
3078374,9.769428925335621,10
3078380,9.902575019980592,6
3078392,9.715824424134821,12
3078402,9.81519850338035,10
3078406,9.940425563003668,4
3078410,9.933095287688184,4
3078422,9.744635942856206,12
3078427,9.928489717633521,5
3078437,9.804037733742943,10
3078448,9.750918137983486,11
3078456,9.837768768721675,8
3078467,9.760035922814208,11
3078472,9.927822959059855,5
3078485,9.687074423044063,13
3078493,9.842511355916134,8
3078522,9.288656937213586,29
3078533,9.768675833794182,11
3078546,9.747012021476829,13
3078555,9.83802095589826,9
3078572,9.632328844081284,17
3078580,9.854223422432433,8
3078590,9.817156709710387,10
3078602,9.768593887301718,12
3078611,9.824775402784892,9
3078619,9.843361146587432,8
3078633,9.712245328000757,14
3078645,9.71714179815984,12
3078658,9.721337176446623,13
3078666,9.848319131276732,8
3078677,9.755454664938096,11
3078683,9.894534750867225,6
3078694,9.738499974865062,11
3078705,9.802289490765302,11
3078707,9.981141183047797,2
3078714,9.866082644691582,7
3078723,9.81252611980854,9
3078728,9.915051092866355,5
3078733,9.907308274080638,5
3078740,9.867145867331487,7
3078751,9.774525652011425,11
3078760,9.809443787280388,9
3078773,9.713001793375922,13
3078776,9.962095083237209,3
3078788,9.723431727508855,12
3078801,9.727437176104734,13
3078815,9.723206709897797,14
3078824,9.810122304521624,9
3078833,9.82096460001921,9
3078842,9.842489785169779,9
3078843,10.0,1
3078859,9.653029202004356,16
3078868,9.820246224942993,9
3078876,9.843344880581244,8
3078877,9.992852333118584,1
3078887,9.805747904373378,10
3078894,9.87277398154597,7
3078905,9.777785726080927,11
3078912,9.853806605297228,7
3078919,9.856776913208282,7
3078930,9.769158946402447,11
3078942,9.748911554087252,12
3078947,9.920501623364466,5
3078957,9.82035023168774,10
3078970,9.704553369045346,13
3078971,10.0,1
3078975,9.935815781903887,4
3078991,9.627518912769675,16
3078999,9.832348408137511,8
3079003,9.942890671562779,4
3079019,9.63501777410114,16
3079026,9.862297478618691,7
3079034,9.840797276883848,8
3079047,9.721678366905095,13
3079050,9.970639055888167,3
3079059,9.802577357747516,9
3079063,9.94234750115429,4
3079072,9.83450400308244,9
3079076,9.940280011799686,4
3079077,9.992530124205095,1
3079086,9.835211583866531,9
3079087,9.986962743191832,1
3079088,10.0,1
3079090,9.974345586906603,2
3079101,9.766282643199702,11
3079110,9.815878049061087,9
3079112,9.974726307424186,2
3079120,9.850278167712661,8
3079136,9.693057692662173,16
3079143,9.887545688765696,7
3079157,9.734341335847754,14
3079162,9.91186430678465,5
3079166,9.933731561443853,4
3079173,9.85389011937867,7
3079183,9.81427585782611,10
3079195,9.754586744432144,12
3079206,9.788309654133739,11
3079217,9.824238741990772,11
3079226,9.823866141482933,9
3079227,10.0,1
3079238,9.76933513480051,11
3079239,10.0,1
3079260,9.36390936573206,21
3079269,9.824905703517688,9
3079278,9.816206864984773,9
3079291,9.73326837433002,13
3079299,9.83251542520204,8
3079312,9.70474753432702,13
3079324,9.741801046380198,12
3079331,9.870345229456447,7
3079333,9.972233422414048,2
3079337,9.951739801901807,4
3079345,9.869504820611906,8
3079346,10.0,1
3079353,9.887715752994225,7
3079360,9.872033390362013,7
3079365,9.919708738639537,5
3079375,9.699248440050763,10
3079383,9.84435101474869,8
3079384,10.0,1
3079394,9.509878265498985,10
3079402,9.820186044979387,8
3079408,9.89705027185095,6
3079418,9.785189383402146,10
3079425,9.868966163292928,7
3079428,9.960536549936744,3
3079429,9.992627596157208,1
3079441,9.729531167019706,12
3079447,9.88274882043675,6
3079462,9.696028018133283,15
3079468,9.896313155957925,6
3079489,9.511811013883369,21
3079492,9.961874522465447,3
3079501,9.717741056275258,9
3079507,9.903354316282288,6
3079518,9.763186243078412,11
3079530,9.742218600636056,12
3079531,9.996515736689018,1
3079541,9.796348344209381,10
3079547,9.911079730707588,6
3079548,10.0,1
3079558,9.7950931228647,10
3079564,9.877056618578525,6
3079566,9.974473789111666,2
3079571,9.921155429304559,5
3079585,9.725554446987106,14
3079595,9.81188676803308,10
3079602,9.861168722187536,7
3079612,9.814411425498326,10
3079620,9.8556730053314,8
3079634,9.691378597536549,14
3079637,9.959943208604662,3
3079642,9.917064152547452,5
3079658,9.64929192053966,16
3079666,9.85582522186729,8
3079678,9.761335357085255,12
3079687,9.825120168821819,9
3079700,9.698747469320779,13
3079712,9.737523525884132,12
3079726,9.713495210514308,14
3079727,10.0,1
3079736,9.842086755395147,9
3079751,9.691679306919763,15
3079760,9.82960790622127,9
3079773,9.753451905316185,13
3079780,9.880890401936357,7
3079790,9.779462535765683,10
3079792,9.984941658709271,2
3079795,9.959239697692206,3
3079807,9.736340095357935,12
3079816,9.843601117809625,9
3079818,9.974510107706866,2
3079832,9.70280354514284,14
3079843,9.757832885015269,11
3079844,10.0,1
3079858,9.755128008652516,14
3079867,9.830245111750374,9
3079880,9.716758433468858,13
3079892,9.712663977605697,12
3079902,9.80476686101021,10
3079903,10.0,1
3079908,9.940958305953858,5
3079917,9.848195786420694,9
3079921,9.95019534633453,4
3079937,9.660006668885769,16
3079952,9.637828937587177,15
3079962,9.778593710692896,10
3079973,9.778248220138575,11
3079983,9.837634954476796,10
3079992,9.542192346791646,9
3080010,9.636597786158514,18
3080020,9.825114602313782,10
3080021,10.0,1
3080026,9.924585092107428,5
3080047,9.552403108475275,21
3080054,9.871882241502925,7
3080066,9.777294990345334,12
3080074,9.841236331812171,8
3080077,9.956192601497655,3
3080087,9.811319057993522,10
3080099,9.740160144574725,12
3080108,9.706372546132823,9
3080114,9.900125725890938,6
3080124,9.78922619635844,10
3080136,9.72911571676964,12
3080145,9.733047807035843,9
3080159,9.670661350285235,14
3080168,9.840141756701312,9
3080186,9.57851372349527,18
3080195,9.815811058007448,9
3080203,9.858631821829382,8
3080218,9.688628165229757,15
3080229,9.813000549831955,11
3080241,9.725383163121327,12
3080251,9.77215651170531,10
3080261,9.779984199334981,10
3080273,9.771985877783589,12
3080281,9.855188189727025,8
3080286,9.927615736566509,5
3080297,9.740519868339439,11
3080301,9.927079209928856,4
3080307,9.90225303209308,6
3080314,9.855715636294487,7
3080323,9.841707066210443,9
3080333,9.81162252529714,10
3080340,9.86718589812454,7
3080345,9.920391538456654,5
3080349,9.932692455095975,4
3080350,10.0,1
3080363,9.739301916340594,13
3080370,9.856019035884168,7
3080387,9.676952960225066,17
3080396,9.80636958340515,9
3080401,9.918405527930478,5
3080413,9.77359012138917,12
3080432,9.541095403724087,19
3080441,9.831517159830062,9
3080452,9.761731529486877,11
3080454,9.969714585396066,2
3080465,9.765861244270083,11
3080474,9.823547392696561,9
3080490,9.630424638625485,16
3080500,9.793598459528818,10
3080516,9.617694588386545,16
3080520,9.932768954939519,4
3080529,9.81450057190511,9
3080532,9.948413966766333,3
3080533,10.0,1
3080546,9.713176327336269,13
3080554,9.832564730916777,8
3080560,9.886181400320188,6
3080565,9.905478036476856,5
3080571,9.899556174867767,6
3080580,9.79941209926495,9
3080586,9.88877204699255,6
3080594,9.855136051269765,8
3080600,9.882532280377719,6
3080606,9.891838932202226,6
3080609,9.968941033382563,3
3080624,9.64480127755016,15
3080628,9.937184067154758,4
3080634,9.884032369593315,6
3080641,9.86639561221164,7
3080650,9.728474400256886,9
3080661,9.759351504817595,11
3080671,9.812578347980338,10
3080684,9.707217565573524,13
3080692,9.850395354871713,8
3080704,9.744063384781814,12
3080713,9.804432796770731,9
3080723,9.769799243127512,10
3080734,9.771523858329815,11
3080735,10.0,1
3080736,10.0,1
3080748,9.725743046117604,12
3080755,9.863146811480684,7
3080762,9.864847050084794,7
3080763,10.0,1
3080769,9.699569993811815,6
3080777,9.758759580470779,8
3080784,9.869747399683517,7
3080785,9.996217712488713,1
3080792,9.872509823343517,7
3080799,9.890699155514804,7
3080812,9.735055007039552,13
3080827,9.660742337356037,15
3080835,9.854360449778872,8
3080850,9.680388313811259,15
3080854,9.949093402336771,4
3080869,9.67133978407711,15
3080874,9.920791467317098,5
3080891,9.50660462205083,17
3080906,9.657172323784167,15
3080921,9.661498385785341,15
3080936,9.667801886025577,15
3080944,9.841609536584448,8
3080961,9.656528882114804,17
3080962,10.0,1
3080966,9.944377299108952,4
3080972,9.908551978775078,6
3080977,9.929293908694557,5
3080985,9.744803558999564,8
3080991,9.881790864776365,6
3080994,9.966072467756538,3
3081001,9.85100365801802,7
3081002,10.0,1
3081016,9.683031428725016,14
3081027,9.745433433909518,11
3081040,9.576863870443763,13
3081049,9.845389286377193,9
3081062,9.785865683097276,13
3081076,9.709840116511327,14
3081085,9.848057544283686,9
3081091,9.895043698662674,6
3081095,9.942617497316238,4
3081107,9.56224951854815,12
3081118,9.75250647802446,11
3081122,9.944964427064283,4
3081123,10.0,1
3081144,9.4867938106629,21
3081162,9.592697337534805,18
3081164,9.975827080363038,2
3081176,9.737583543660074,12
3081179,9.968220668302093,3
3081189,9.831751932336385,10
3081205,9.666890912636887,16
3081208,9.953627589059412,3
3081224,9.611265049828791,16
3081233,9.813939305437284,9
3081245,9.72633214478702,12
3081246,10.0,1
3081265,9.59528399215625,19
3081269,9.940463379554743,4
3081270,9.992998832972638,1
3081279,9.818404901008186,9
3081286,9.869916256887148,7
3081300,9.687057232128346,14
3081308,9.85388478213443,8
3081309,10.0,1
3081313,9.943335116484569,4
3081318,9.9081148466085,5
3081325,9.862382610741708,7
3081331,9.918659551902337,6
3081341,9.798684161783548,10
3081342,10.0,1
3081343,10.0,1
3081349,9.909511071952174,6
3081356,9.890089222622965,7
3081358,9.976139316141978,2
3081368,9.807271997747893,10
3081372,9.94395478246229,4
3081387,9.675267847320228,15
3081398,9.761010242001744,11
3081403,9.916848582656792,5
3081412,9.841772741714172,9
3081426,9.701105673655897,14
3081434,9.82617530678676,8
3081447,9.718577313872805,13
3081455,9.855975914171351,8
3081469,9.715152713389417,14
3081486,9.620235198855973,17
3081499,9.680508981583163,13
3081508,9.81898794701928,9
3081547,7.096638780985061,39
3081550,9.964196789862521,3
3081562,9.729219459534301,12
3081568,9.911927089403157,6
3081579,9.750734185505737,11
3081589,9.821576486212509,10
3081600,9.80821184781837,11
3081616,9.642242789948984,16
3081617,10.0,1
3081618,10.0,1
3081631,9.730898891719065,13
3081642,9.784609818187691,11
3081643,10.0,1
3081650,9.868913467533783,7
3081657,9.866213338467038,7
3081671,9.666015134586313,14
3081687,9.609605647898908,16
3081703,9.561745337074065,16
3081721,9.549110058693305,18
3081732,9.772640718855701,11
3081740,9.63340132148311,8
3081746,9.692649762591403,6
3081755,9.808813121545553,9
3081762,9.869468275559061,7
3081767,9.910778944934004,5
3081768,10.0,1
3081772,9.944686175456525,4
3081787,9.620853085983326,15
3081803,9.642797127268935,16
3081811,9.85902682840331,8
3081816,9.910243376451826,5
3081835,9.522788738174281,19
3081847,9.639473425168129,12
3081849,9.972100485413824,2
3081850,10.0,1
3081864,9.666509709728583,14
3081875,9.777219832984036,11
3081879,9.954445795831747,4
3081895,9.530122362831028,16
3081902,9.87896991355175,7
3081917,9.65316458105179,15
3081926,9.804964818840373,9
3081939,9.732530275766903,13
3081948,9.814262702710204,9
3081958,9.792220027322085,10
3081966,9.86134503910799,8
3081973,9.873717030945073,7
3081990,9.673040151709529,17
3081995,9.917801632706404,5
3082007,9.729939221279977,12
3082016,9.83019694027623,9
3082020,9.939488130372109,4
3082021,10.0,1
3082032,9.736609919477297,11
3082047,9.664577207020885,15
3082059,9.727470279139984,12
3082064,9.904250796140486,5
3082074,9.783533268182115,10
3082085,9.761504866616104,11
3082095,9.783266230709659,10
3082096,10.0,1
3082104,9.824612313380989,8
3082118,9.688852484663938,14
3082130,9.764792962140156,12
3082137,9.852829705615378,7
3082138,10.0,1
3082145,9.848075845829767,7
3082150,9.909455622942115,5
3082163,9.723134078348856,13
3082164,10.0,1
3082172,9.845033260230739,8
3082177,9.900805471659131,5
3082185,9.754762210093752,8
3082195,9.790221247441199,10
3082204,9.838630180122301,9
3082220,9.641097387524528,16
3082231,9.791817003487719,11
3082245,9.611539925825197,14
3082259,9.681099369210727,14
3082268,9.816794158773954,9
3082273,9.929050331140832,5
3082278,9.934612089735241,5
3082285,9.890851968134683,7
3082293,9.835941722024852,8
3082305,9.771791513700816,12
3082316,9.768487269283872,11
3082319,9.96846942400555,3
3082331,9.746607434648716,12
3082340,9.822905255523294,9
3082346,9.886978049417772,6
3082358,9.744907886374277,12
3082369,9.780420551793382,11
3082382,9.71925204340699,13
3082385,9.963470664438054,3
3082397,9.780675876191605,12
3082405,9.858202806576898,8
3082420,9.70503860860651,15
3082434,9.686792015655989,14
3082447,9.729947362031451,13
3082462,9.625945030495384,15
3082473,9.776845006648717,11
3082479,9.896866635294845,6
3082489,9.812496349007098,10
3082505,9.661744976056223,16
3082511,9.900731088003294,6
3082513,9.979216650527048,2
3082528,9.706755958762695,15
3082539,9.757280515705936,11
3082554,9.670873580045614,15
3082562,9.838040823838746,8
3082571,9.813212654082076,9
3082576,9.907554381957786,5
3082588,9.753888030615741,12
3082599,9.787245757690537,11
3082607,9.85944420404952,8
3082612,9.919060520733538,5
3082627,9.664641287442606,15
3082636,9.836923003416178,9
3082642,9.903329317347147,6
3082648,9.90420901486665,6
3082654,9.908775824781069,6
3082663,9.826215698274645,9
3082675,9.71288652180915,12
3082681,9.87389906647061,6
3082690,9.822928216595571,9
3082697,9.86790213439909,7
3082703,9.903698807087622,6
3082711,9.8214440332027,8
3082720,9.848658282585578,9
3082731,9.785689179859927,11
3082749,9.624644825665497,18
3082760,9.74416989107692,11
3082771,9.791795278856862,11
3082782,9.550442805531555,11
3082791,9.806889826325127,9
3082803,9.730827892263376,12
3082810,9.865440573871432,7
3082821,9.792652072197205,11
3082829,9.839733507155378,8
3082839,9.781325110471053,10
3082850,9.763240879104588,11
3082859,9.814790835176519,9
3082866,9.857260394842493,7
3082876,9.772555745459155,10
3082888,9.731039919140503,12
3082904,9.610753687888144,16
3082912,9.83366634532806,8
3082913,10.0,1
3082921,9.846278133466338,8
3082933,9.738028612025749,12
3082941,9.836842728133249,8
3082953,9.733206052230779,12
3082958,9.924701838193833,5
3082969,9.75691754448587,11
3082978,9.823925478495871,9
3082989,9.779878403884867,11
3083000,9.777616229235354,11
3083009,9.819911235638815,9
3083018,9.814522497150037,9
3083024,9.882599751170382,6
3083034,9.805937963833752,10
3083039,9.90083380456615,5
3083047,9.84512299528514,8
3083050,9.972297568551562,3
3083058,9.838968268403315,8
3083060,9.971664337375891,2
3083061,10.0,1
3083072,9.759670209285344,11
3083085,9.710221299083567,13
3083100,9.66561745948446,15
3083104,9.927585254430237,4
3083109,9.918527147593508,5
3083120,9.770931676833401,11
3083126,9.8971692856661,6
3083137,9.75997792279168,11
3083153,9.572483218967697,16
3083163,9.793467616611906,10
3083174,9.780568600374963,11
3083175,10.0,1
3083176,9.993063237848805,1
3083187,9.766171861544219,11
3083198,9.800609410746988,11
3083211,9.696631109222245,13
3083221,9.776088083855846,10
3083230,9.824078383935408,9
3083236,9.87672295301528,6
3083244,9.862193023739593,8
3083256,9.742867612000305,12
3083266,9.780789024814446,10
3083277,9.779465549194285,11
3083289,9.729757217674031,12
3083299,9.70648896413285,10
3083310,9.772473536229457,11
3083317,9.874720179413384,7
3083325,9.845667269887599,8
3083338,9.717092657321963,13
3083359,9.45527424532969,21
3083370,9.779413703477466,11
3083384,9.72652556164976,14
3083399,9.671696978600204,15
3083407,9.746940091414022,8
3083419,9.728708825280075,12
3083430,9.744231914208108,11
3083433,9.955673485076993,3
3083449,9.629988602161072,16
3083462,9.713366774252146,13
3083464,9.97968149480476,2
3083465,10.0,1
3083475,9.59726537197652,10
3083485,9.779430204038492,10
3083493,9.835305237369806,8
3083497,9.935933798284072,4
3083499,9.976244186038107,2
3083500,10.0,1
3083509,9.82601753256168,9
3083514,9.937060770429982,5
3083521,9.875109482573338,7
3083529,9.86301603715283,8
3083536,9.872486078565467,7
3083546,9.779647863391009,10
3083547,10.0,1
3083551,9.94260427176713,4
3083563,9.724805089575709,12
3083579,9.51895836580371,16
3083585,9.913616021894846,6
3083587,9.970500715091829,2
3083588,10.0,1
3083592,9.95304658308455,4
3083601,9.827758546293609,9
3083611,9.794683454638841,10
3083626,9.65496237908475,15
3083638,9.745551706898842,12
3083642,9.931614955845102,4
3083650,9.838186917021167,8
3083660,9.791107141289128,10
3083676,9.604701397169329,16
3083686,9.791350450726647,10
3083694,9.85165789594274,8
3083695,10.0,1
3083708,9.70907487508422,13
3083719,9.760249843321539,11
3083730,9.793354182811434,11
3083740,9.788421932308331,10
3083741,10.0,1
3083752,9.771717684205427,11
3083759,9.873822482630612,7
3083763,9.945669850778316,4
3083768,9.932615578192264,5
3083774,9.899713874471006,6
3083781,9.902117488975378,7
3083787,9.886111242973103,6
3083796,9.843940432299226,9
3083807,9.787819255354803,11
3083812,9.912607817342131,5
3083822,9.79976356770454,10
3083838,9.644382656988244,16
3083850,9.745510142573105,12
3083860,9.79850157861368,10
3083861,10.0,1
3083863,9.975577840597081,2
3083864,10.0,1
3083867,9.957622950452715,3
3083870,9.949222865227327,3
3083879,9.821860293232476,9
3083887,9.840396960752757,8
3083896,9.829926579745642,9
3083897,10.0,1
3083915,9.54963408775154,18
3083922,9.850497221184074,7
3083925,9.963567552555302,3
3083932,9.88386149219911,7
3083939,9.864846197193058,7
3083944,9.8924071977032,5
3083950,9.883554458462866,6
3083966,9.649836744733365,16
3083972,9.870230187837755,6
3083976,9.93072511846058,4
3083986,9.778090082705294,10
3084000,9.67546494359638,14
3084014,9.684056025468552,14
3084024,9.77832946599733,10
3084040,9.606720548121903,16
3084056,9.590744179509258,16
3084067,9.770477592937308,11
3084070,9.969674057910328,3
3084081,9.797237033836893,11
3084093,9.73977488452767,12
3084094,9.996023165356537,1
3084106,9.714799772147481,12
3084117,9.749584068636713,11
3084129,9.753641081262966,12
3084150,9.45916544238264,21
3084151,10.0,1
3084162,9.769355957917355,11
3084166,9.933943245984354,4
3084167,10.0,1
3084175,9.805115011944073,8
3084184,9.8242818706483,9
3084188,9.948593350489421,4
3084194,9.898739067088824,6
3084197,9.956021677745975,3
3084209,9.75062920200236,12
3084215,9.892623424862135,6
3084221,9.90678213931968,6
3084230,9.820472833452392,9
3084240,9.77120745016497,10
3084248,9.842977745907126,8
3084261,9.738667408435406,13
3084266,9.919985705159245,5
3084279,9.711607025920468,13
3084292,9.728044305458363,13
3084305,9.741244252399799,13
3084322,9.591223971161773,17
3084332,9.80991115693314,10
3084338,9.898607347554735,6
3084346,9.849092709714368,8
3084353,9.84484549789386,7
3084363,9.79117909967226,10
3084368,9.919704525602615,5
3084382,9.607448413997544,14
3084397,9.698671232219045,15
3084401,9.931421072146597,4
3084418,9.599918687579272,17
3084419,10.0,1
3084427,9.867921945491464,8
3084428,10.0,1
3084441,9.693117221445187,13
3084459,9.536257475657308,18
3084468,9.813825827632837,9
3084479,9.77298571576182,11
3084489,9.794646331168641,10
3084494,9.931153074541955,5
3084495,10.0,1
3084496,10.0,1
3084505,9.831404147070625,9
3084512,9.854634336636614,7
3084529,9.60471952316558,17
3084542,9.726726132348075,13
3084567,9.137465604061125,25
3084577,9.792097356991018,10
3084585,9.831720416603128,8
3084590,9.915196151968809,5
3084601,9.786940742654789,11
3084606,9.937082276785057,5
3084622,9.641825482187354,16
3084627,9.912691055886633,5
3084642,9.663397777868239,15
3084643,10.0,1
3084651,9.826141296178394,8
3084662,9.742119159365858,11
3084673,9.770109082521552,11
3084677,9.941493553028781,4
3084693,9.645859541501467,16
3084704,9.755330578067559,11
3084716,9.721511137305582,12
3084728,9.717963553199711,12
3084733,9.895007053573185,5
3084746,9.774531832590498,13
3084747,10.0,1
3084757,9.8209679951535,10
3084760,9.952706217325176,3
3084766,9.903254492295158,6
3084774,9.87165104676877,8
3084785,9.74928728197654,11
3084796,9.746006476000314,11
3084803,9.866316805237311,7
3084813,9.805955933814069,10
3084825,9.747782509440697,12
3084834,9.835143884383944,9
3084851,9.65790830497448,17
3084854,9.959003458546277,3
3084867,9.700506205321064,13
3084868,10.0,1
3084878,9.787651479050451,10
3084879,10.0,1
3084881,9.983381067005505,2
3084887,9.897316074543118,6
3084888,10.0,1
3084904,9.628159663190607,16
3084914,9.789249559890642,10
3084922,9.849670063049398,8
3084937,9.65820502357194,15
3084944,9.881598708492207,7
3084955,9.742390605709677,11
3084963,9.865733609458552,8
3084968,9.925605318217793,5
3084978,9.799815851611525,10
3084985,9.880848129007944,7
3084992,9.882151968735835,7
3084994,9.969872083752295,2
3085007,9.748383301570536,13
3085013,9.892189151658128,6
3085021,9.854130034937272,8
3085032,9.775578523284619,11
3085039,9.882111585200192,7
3085049,9.784150780340344,10
3085054,9.89562310517824,5
3085061,9.862595218264335,7
3085062,10.0,1
3085086,9.318902292174991,24
3085089,9.963882305313168,3
3085099,9.831739384553591,10
3085107,9.842115640968602,8
3085114,9.881985476752096,7
3085121,9.845083909771,7
3085130,9.825439304527606,9
3085142,9.555442205487106,12
3085156,9.717494818400967,14
3085157,10.0,1
3085169,9.737552060222011,12
3085181,9.734888639840898,12
3085196,9.626973994072776,15
3085207,9.82276440309022,11
3085217,9.789650557845587,10
3085230,9.505778479872907,13
3085245,9.675878477522028,15
3085254,9.827820029785283,9
3085261,9.866675172096047,7
3085266,9.917353393633368,5
3085270,9.944148298519835,4
3085282,9.770828960253235,12
3085291,9.81660361860051,9
3085297,9.918772433437558,6
3085306,9.785091849608229,9
3085321,9.68683621969071,15
3085326,9.930228670601284,5
3085331,9.93177086609531,5
3085343,9.740452508688874,12
3085357,9.6734071301905,14
3085371,9.682474089424725,14
3085372,10.0,1
3085381,9.821961239740533,9
3085386,9.928431502550037,5
3085393,9.900444643557357,7
3085402,9.812995918838833,9
3085403,10.0,1
3085418,9.673953599671645,15
3085431,9.777873546950458,13
3085436,9.90608076846505,5
3085452,9.654574803370132,16
3085468,9.681963824437211,16
3085484,9.63712842337515,16
3085489,9.92756166646333,5
3085505,9.609984849313877,16
3085523,9.59424474089894,18
3085537,9.501694419697996,14
3085544,9.88235434447548,7
3085556,9.714714052083611,12
3085569,9.73121491854766,13
3085573,9.940140929636677,4
3085585,9.776911210319293,12
3085590,9.932088616381947,5
3085599,9.82416047735781,9
3085607,9.82346301544027,8
3085608,10.0,1
3085620,9.622830965480428,12
3085638,9.606095037142225,18
3085645,9.865658013642143,7
3085646,10.0,1
3085647,10.0,1
3085652,9.911759427899057,5
3085660,9.832223484673438,8
3085667,9.867347527346384,7
3085678,9.762736738748268,11
3085689,9.762265044560682,11
3085696,9.858523711248132,7
3085704,9.846835679093026,8
3085707,9.961055417470035,3
3085708,10.0,1
3085719,9.750217296277016,11
3085726,9.886078725320322,7
3085733,9.862094205512042,7
3085737,9.936214807000104,4
3085741,9.938877550358962,4
3085748,9.887959010378156,7
3085750,9.972073916060408,2
3085756,9.901425070614907,6
3085764,9.856736188314892,8
3085769,9.919666954661164,5
3085772,9.956993531745724,3
3085777,9.909819392933452,5
3085781,9.938063034586273,4
3085785,9.727639030972584,4
3085797,9.747746466914524,12
3085809,9.726006384277209,12
3085815,9.87503867189415,6
3085825,9.780935643413628,10
3085829,9.927687868888409,4
3085830,10.0,1
3085838,9.847070157164733,8
3085846,9.825941531359234,8
3085855,9.842570221952242,9
3085875,9.491644932435864,20
3085880,9.909124479730188,5
3085898,9.573084103283978,18
3085908,9.792334393489734,10
3085909,9.996637909204594,1
3085921,9.738240359415574,12
3085935,9.70931873131872,14
3085936,10.0,1
3085943,9.88467459286598,7
3085959,9.622287857944102,16
3085965,9.89898307931523,6
3085975,9.782720861258435,10
3085986,9.745689037995485,11
3086000,9.695377920981255,14
3086001,10.0,1
3086011,9.78815419258155,10
3086023,9.677914554090332,12
3086034,9.760143633106965,11
3086041,9.851161565849198,7
3086050,9.827430639846373,9
3086062,9.737276222219812,12
3086069,9.87365153995846,7
3086077,9.825241031214604,8
3086084,9.890759930040693,7
3086584,-206.29917181920507,500
3087084,-209.9188304261619,500
3087098,9.699999192836394,14
3087108,9.80582929340203,10
3087113,9.914230585118004,5
3087118,9.91411195811453,5
3087122,9.922741800280038,4
3087127,9.911455859605013,5
3087128,10.0,1
3087129,9.996386263082186,1
3087136,9.881342858958451,7
3087139,9.946762395587239,3
3087149,9.787156066567244,10
3087162,9.696986711097608,13
3087172,9.783221337501246,10
3087183,9.773744149741933,11
3087184,10.0,1
3087202,9.566724996133335,18
3087204,9.970694980425996,2
3087205,10.0,1
3087214,9.81352906051531,9
3087220,9.898373129438813,6
3087221,10.0,1
3087228,9.85782232821243,7
3087243,9.681006203279715,15
3087248,9.92879726897294,5
3087254,9.916691845629373,6
3087261,9.894811715314953,7
3087262,10.0,1
3087268,9.891576813372765,6
3087281,8.854587439102726,13
3087284,9.967996970199016,3
3087294,9.775639203289128,10
3087299,9.913752308840703,5
3087306,9.889299800549383,7
3087316,9.826294006827052,10
3087326,9.788625743692501,10
3087334,9.852086033648778,8
3087349,9.703213537571067,15
3087358,9.85294064855563,9
3087370,9.743807746632632,12
3087380,9.815084145399785,10
3087385,9.929849923148113,5
3087386,9.993119860324505,1
3087391,9.93250438824039,5
3087403,9.740161482444854,12
3087411,9.860681777767052,8
3087422,9.793078258322723,11
3087430,9.841331040560807,8
3087449,9.633203740179251,19
3087459,9.78615754299441,10
3087464,9.917755160902043,5
3087465,10.0,1
3087466,10.0,1
3087470,9.841996818207596,4
3087473,9.94954459094707,3
3087486,9.71260412278474,13
3087500,9.677084210029935,14
3087510,9.768869939228912,10
3087516,9.91735209061002,6
3087521,9.73531923981579,5
3087539,9.553141305952495,18
3087547,9.833397980277212,8
3087553,9.90415201851603,6
3087568,9.711218386490993,15
3087586,9.383246886015462,18
3087587,10.0,1
3087599,9.792927094712844,12
3087606,9.857058795335815,7
3087614,9.826592396387733,8
3087623,9.792255035805825,9
3087628,9.917006060944095,5
3087634,9.888788217182537,6
3087636,9.974134743283114,2
3087637,9.992413034267624,1
3087649,9.734858295304232,12
3087661,9.755757384469293,12
3087673,9.761991443475589,12
3087682,9.830546916790428,9
3087683,10.0,1
3087693,9.785448833121926,10
3087701,9.843819411729537,8
3087705,9.936257352175657,4
3087715,9.795383686020228,10
3087718,9.957167185876578,3
3087720,9.973936593408823,2
3087733,9.71659815420338,13
3087744,9.746891954700992,11
3087752,9.843482588460033,8
3087760,9.82246059423642,8
3087770,9.791336570487822,10
3087776,9.89790789204702,6
3087792,9.611133807964785,16
3087793,10.0,1
3087801,9.838544768417762,8
3087811,9.761884877388217,10
3087817,9.896167237107221,6
3087827,9.774309391381589,10
3087833,9.876159126044723,6
3087849,9.655925575018493,16
3087862,9.724535965759985,13
3087868,9.890646633629048,6
3087869,10.0,1
3087874,9.915231886720006,5
3087881,9.861495652220084,7
3087890,9.775393010792104,9
3087904,9.615958731721737,14
3087913,9.8264820633635,9
3087923,9.780475287053687,10
3087930,9.893884791388617,7
3087937,9.874302854425634,7
3087944,9.881613669952474,7
3087948,9.944478055398095,4
3087961,9.69806711124854,13
3087968,9.87507981689289,7
3087980,9.512342946248175,12
3087992,9.743883927590954,12
3088008,9.643755579299699,16
3088012,9.936372335321884,4
3088025,9.707268501590207,13
3088026,10.0,1
3088038,9.76313429644426,12
3088049,9.75692404542959,11
3088059,9.790250261410273,10
3088067,9.841838111490244,8
3088075,9.850018108040434,8
3088081,9.900460699474445,6
3088088,9.871410382045088,7
3088106,9.582887023795134,18
3088116,9.79456726238021,10
3088130,9.709215690906976,14
3088133,9.95180952448027,3
3088141,9.862743137513997,8
3088150,9.824151147303871,9
3088155,9.903676941549252,5
3088162,9.865336291202382,7
3088163,10.0,1
3088175,9.738073056826186,12
3088183,9.838698121059332,8
3088184,10.0,1
3088192,9.86634398922861,8
3088203,9.777743419894358,11
3088209,9.897448685662178,6
3088210,10.0,1
3088214,9.94460824696797,4
3088220,9.89271619293951,6
3088226,9.88619778829056,6
3088238,9.715007024337561,12
3088250,9.773414844280573,12
3088261,9.813713763394517,11
3088273,9.75667819952487,12
3088281,9.862254713467582,8
3088295,9.702276456133118,14
3088307,9.785988577616097,12
3088314,9.867480380842071,7
3088326,9.713323084186058,12
3088342,9.525520014340714,16
3088361,9.645263379719667,19
3088366,9.924681306389928,5
3088376,9.801596293934233,10
3088389,9.725045529839333,13
3088402,9.733148117475674,13
3088406,9.921345822399374,4
3088408,9.984409715693026,2
3088417,9.817830492168687,9
3088429,9.738038498229965,12
3088431,9.985897046223883,2
3088446,9.692097786563087,15
3088455,9.812821344257575,9
3088468,9.786391581034236,13
3088470,9.976391621835914,2
3088489,9.45243524207004,19
3088493,9.943156761807577,4
3088501,9.86019544941671,8
3088513,9.744333010938966,12
3088520,9.863183822490699,7
3088524,9.95531497517749,4
3088536,9.63276533361236,12
3088551,9.709724135444347,15
3088565,9.678979818775332,14
3088578,9.536556908485986,13
3088594,9.44754631041498,16
3088601,9.865524919567047,7
3088609,9.857448471573479,8
3088622,9.738080446704895,13
3088633,9.762531407057573,11
3088636,9.951070073366022,3
3088641,9.908841103990898,5
3088642,10.0,1
3088649,9.861319881200814,7
3088650,10.0,1
3088659,9.82702610230936,9
3088666,9.756004093580044,7
3088671,9.913723234256322,5
3088678,9.860433656678243,7
3088688,9.791102572963513,10
3088700,9.755555669285371,12
3088708,9.83477802963809,8
3088717,9.817314225050634,9
3088731,9.684859571869632,14
3088742,9.752824243108401,11
3088745,9.955848245732469,3
3088754,9.800475585450547,9
3088763,9.791749775441703,9
3088776,9.71692019725957,13
3088788,9.744168636680499,12
3088789,10.0,1
3088798,9.818138264168674,9
3088813,9.66925803321937,15
3088819,9.885753911531495,6
3088820,10.0,1
3088827,9.856875729822418,7
3088828,10.0,1
3088834,9.91386829639533,6
3088844,9.687826429906114,10
3088850,9.922121791958977,6
3088858,9.849996112938245,8
3088859,9.992803071515654,1
3088872,9.723470815551748,13
3088874,9.971277110209257,2
3088886,9.783122306904822,12
3088891,9.902520835552338,5
3088905,9.714710615701893,14
3088910,9.909124376729336,5
3088921,9.780783001319765,11
3088922,10.0,1
3088933,9.77414676891517,11
3088940,9.864958576788066,7
3088947,9.886710913331246,7
3088958,9.764766048386921,11
3088967,9.843299179507625,9
3088974,9.885568348083364,7
3088986,9.749243018389675,12
3089005,9.528519328036024,19
3089017,9.761059973682675,12
3089028,9.79164167672248,11
3089035,9.854968183572403,7
3089051,9.63354315127879,16
3089058,9.873761228225721,7
3089062,9.938053881257076,4
3089070,9.851728316234713,8
3089080,9.78061672476825,10
3089087,9.880393804375915,7
3089099,9.763473345080584,12
3089109,9.812597586816509,10
3089124,9.556329961495782,15
3089126,9.873270170273686,2
3089135,9.803497976957155,9
3089141,9.894436754640292,6
3089145,9.930801750484646,4
3089151,9.893798947811439,6
3089166,9.681332889790758,15
3089167,10.0,1
3089180,9.40639156393667,13
3089181,10.0,1
3089192,9.773387540759789,11
3089198,9.89007074806958,6
3089214,9.396590241388465,16
3089220,9.896743103092339,6
3089223,9.9652521660276,3
3089224,10.0,1
3089233,9.845896316308501,9
3089247,9.674627854331845,14
3089250,9.955717488022053,3
3089254,9.941512940439745,4
3089261,9.873047277720781,7
3089275,9.679340251949226,14
3089287,9.715098560784348,12
3089296,9.82339815563633,9
3089306,9.830991441129711,10
3089311,9.901696345684698,5
3089322,9.771404970123653,11
3089334,9.742550014489154,12
3089338,9.938329684882493,4
3089351,9.743952879895865,13
3089356,9.432488303511704,5
3089368,9.727772272728599,12
3089369,10.0,1
3089376,9.85835126638932,7
3089377,10.0,1
3089378,10.0,1
3089390,9.721523149526003,12
3089408,9.582359341718059,18
3089419,9.76230280308194,11
3089432,9.722064829362287,13
3089439,9.873623749504393,7
3089447,9.867819845422309,8
3089448,9.996645815443653,1
3089455,9.862502920370048,7
3089465,9.76500628410289,10
3089470,9.898369571422501,5
3089478,9.857235321297798,8
3089481,9.763318122236969,3
3089494,9.723138543110602,13
3089510,9.621640028709953,16
3089513,9.957963504276455,3
3089519,9.895427623633184,6
3089524,9.943338838313966,5
3089532,9.851621191239586,8
3089539,9.885958635590734,7
3089551,9.647988338423646,12
3089556,9.910178856433921,5
3089565,9.81865709187131,9
3089573,9.861867032414395,8
3089574,10.0,1
3089586,9.739871739380263,12
3089587,10.0,1
3089595,9.82297108177843,8
3089600,9.903873982359755,5
3089617,9.653320439724375,17
3089629,9.726036431975674,12
3089631,9.977662995533134,2
3089645,9.686322498629709,14
3089648,9.96183562470113,3
3089649,10.0,1
3089650,10.0,1
3089655,9.913451840731707,5
3089666,9.742325114489883,11
3089670,9.93694638136315,4
3089675,9.913370162910264,5
3089679,9.942413130120425,4
3089694,9.724767779125752,15
3089715,9.490371804776943,21
3089728,9.706910952630746,13
3089739,9.761626016902037,11
3089747,9.716279463415578,8
3089751,9.92587829178637,4
3089761,9.750002350831718,10
3089764,9.954067497226406,3
3089776,9.748523642042606,12
3089782,9.80063765132241,6
3089790,9.86341976037185,8
3089791,10.0,1
3089801,9.80432435319456,10
3089814,9.725369858955732,13
3089824,9.791675096040121,10
3089831,9.798272085089465,7
3089846,9.663737785146369,15
3089862,9.667054826845265,16
3089883,9.525428832605936,21
3089892,9.80940602311182,9
3089904,9.78646727389475,12
3089915,9.768087544622515,11
3089920,9.917858984635103,5
3089926,9.891978484383676,6
3089927,10.0,1
3089932,9.916810537273744,5
3089938,9.910177653563524,6
3089947,9.828643674481228,9
3089954,9.695560425527315,7
3089961,9.85911197617765,7
3089970,9.83297839083805,9
3089983,9.691300074776024,13
3089992,9.79200517250793,9
3089993,10.0,1
3089997,9.941148261470525,4
3090002,9.71268634805178,5
3090011,9.824045298647052,9
3090019,9.84723023605368,8
3090028,9.822298167979875,9
3090034,9.900512040191792,6
3090048,9.677089453787646,14
3090064,9.664181513356565,16
3090073,9.831957492251362,9
3090074,10.0,1
3090080,9.695421010755675,6
3090089,9.801400478778866,9
3090095,9.891391974511043,6
3090117,9.527318388140223,22
3090127,9.801772691865509,10
3090133,9.885630202757616,6
3090137,9.93713486240512,4
3090145,9.847477103581117,8
3090154,9.845707930997868,9
3090165,9.783579853835938,11
3090173,9.830710199365868,8
3090182,9.809615114075868,9
3090185,9.954389172439447,3
3090201,9.677669965569153,16
3090209,9.851491928626684,8
3090215,9.90815149503958,6
3090223,9.651754940758524,8
3090229,9.90013807617903,6
3090236,9.872489871796308,7
3090241,9.909470562321085,5
3090254,9.712043002778596,13
3090261,9.863226193784156,7
3090274,9.73535136578654,13
3090285,9.760418635572005,11
3090292,9.85334041122864,7
3090302,9.801359150009441,10
3090313,9.761381991799963,11
3090330,9.639729511845195,17
3090335,9.917157101482088,5
3090336,10.0,1
3090341,9.906612779810349,5
3090357,9.614646359861652,16
3090368,9.764764556227597,11
3090370,9.974100891791128,2
3090387,9.685744739351897,17
3090392,9.927967903832553,5
3090408,9.636524455989425,16
3090409,10.0,1
3090418,9.814260564247338,9
3090425,9.873242379131652,7
3090434,9.832666856958866,9
3090438,9.930904032293387,4
3090445,9.873875221658423,7
3090446,10.0,1
3090458,9.765323578253891,12
3090460,9.968303864813919,2
3090465,9.922634979945487,5
3090472,9.85665611988344,7
3090481,9.81256125740882,9
3090490,9.78883356362287,9
3090503,9.701729537325924,13
3090512,9.81011414348033,9
3090519,9.861284457529457,7
3090523,9.935958896348591,4
3090530,9.85986199547204,7
3090544,9.674505397257837,14
3090556,9.738325624078461,12
3090563,9.888942499554902,7
3090570,9.856226194689267,7
3090583,9.698709178918556,13
3090591,9.846098810066941,8
3090597,9.913031424205965,6
3090606,9.876391304087637,9
3090614,9.84690517600452,8
3090627,9.730605474773562,13
3090632,9.923277528332173,5
3090651,9.574989422079724,19
3090668,9.625627849649055,17
3090675,9.875838926120554,7
3090676,10.0,1
3090677,10.0,1
3090701,9.366834122664294,24
3090704,9.954923367626343,3
3090710,9.929146068180975,6
3090711,10.0,1
3090721,9.809547424605528,10
3090726,9.921419515292845,5
3090731,9.923104216228017,5
3090749,9.647836368555113,18
3090756,9.869200128913137,7
3090766,9.827690787877902,10
3090777,9.776599517063472,11
3090787,9.806291014897258,10
3090799,9.726528923888482,12
3090803,9.941473189454495,4
3090811,9.86016118973567,8
3090812,10.0,1
3090818,9.881143546395784,6
3090833,9.646943327452309,15
3090843,9.811819641150482,10
3090854,9.762727599233036,11
3090862,9.82250183647891,8
3090864,9.96810154346811,2
3090866,9.979004699542974,2
3090873,9.854727962612984,7
3090880,9.879827653180303,7
3090887,9.870520586105508,7
3090897,9.818405551219275,10
3090908,9.756036288167648,11
3090919,9.76729457349308,11
3090929,9.78116518029854,10
3090951,9.17207327515023,22
3090960,9.813334572897803,9
3090973,9.741342950351623,13
3090982,9.858961595438451,9
3090990,9.843720333334291,8
3090998,9.849435702324913,8
3090999,10.0,1
3091010,9.779011068376233,11
3091019,9.830036423462458,9
3091025,9.89682728908303,6
3091034,9.817634276151582,9
3091039,9.833758300920557,5
3091050,9.745306145478278,11
3091053,9.962243636837643,3
3091061,9.844699882246676,8
3091062,10.0,1
3091067,9.910989688415448,5
3091075,9.818974010288004,8
3091076,10.0,1
3091092,9.631562842907694,16
3091102,9.783425867443576,10
3091107,9.911176195876951,5
3091120,9.721656496966322,13
3091133,9.69520861918937,13
3091134,10.0,1
3091142,9.827667784076747,8
3091144,9.976165606387513,2
3091153,9.823502718334634,9
3091163,9.812454710482166,10
3091172,9.803366676911317,9
3091173,10.0,1
3091176,9.964005687495943,3
3091177,10.0,1
3091183,9.890642726822366,6
3091184,10.0,1
3091196,9.752388794322444,12
3091206,9.770881983160525,10
3091217,9.760541417318251,11
3091218,10.0,1
3091233,9.656512864200952,15
3091239,9.907913869691221,6
3091249,9.781072059419076,10
3091260,9.763375083795303,11
3091263,9.954070035380878,3
3091268,9.909921947097791,5
3091269,10.0,1
3091278,9.823163861223248,9
3091283,9.91688736761653,5
3091287,9.94647194468968,4
3091292,9.919116489926418,5
3091307,9.531001248981495,15
3091318,9.776679702287655,11
3091335,9.66103422971074,17
3091344,9.830467425877766,9
3091357,9.699938828887113,13
3091370,9.622291866034004,13
3091379,9.808649948574494,9
3091397,9.58708144688253,18
3091398,10.0,1
3091404,9.803696560577942,6
3091414,9.839068678233403,10
3091428,9.672374050848731,14
3091434,9.898539644629134,6
3091439,9.931846097129519,5
3091454,9.651806041253108,15
3091457,9.961141864733847,3
3091462,9.924286941603693,5
3091467,9.922393712367215,5
3091478,9.758138270175525,11
3091490,9.729666781944276,12
3091501,9.772967460293087,11
3091510,9.841683324313445,9
3091511,10.0,1
3091517,9.917595940302316,6
3091520,9.96668263753531,3
3091527,9.880622998821998,7
3091534,9.876757085278761,7
3091546,9.774936475146466,12
3091553,9.870320158612877,7
3091556,9.961139163946369,3
3091568,9.764793008198794,12
3091569,10.0,1
3091572,9.963760477718935,3
3091579,9.892957647210483,7
3091587,9.840551853185712,8
3091593,9.887040923448044,6
3091605,9.729396381866819,12
3091610,9.924807623314786,5
3091624,9.68128845032157,14
3091634,9.80158652303084,10
3091643,9.826774363601933,9
3091656,9.72759282901134,13
3091674,9.566501322192881,18
3091686,9.743797437483224,12
3091698,9.724262374139066,12
3091706,9.848779845916056,8
3091711,9.926693107610877,5
3091722,9.798899949542259,11
3091723,10.0,1
3091733,9.796143895716979,10
3091744,9.801333367981474,11
3091756,9.748048336293262,12
3091766,9.728128911693569,10
3091775,9.82883318579282,9
3091786,9.746001547463928,11
3091796,9.796541301057292,10
3091799,9.963999234383106,3
3091811,9.729799690774021,12
3091823,9.754397510196933,12
3091833,9.79918900437759,10
3091842,9.798113144111692,9
3091857,9.626511338931053,15
3091866,9.848061333029735,9
3091874,9.845031460553123,8
3091885,9.772170274522248,11
3091891,9.896888150105106,6
3091907,9.652591678712673,16
3091919,9.724827536998427,12
3091928,9.842862341838355,9
3091935,9.86477945019112,7
3091950,9.725661721123444,15
3091960,9.787672434665994,10
3091970,9.790689216092177,10
3091987,9.607867076958943,17
3091993,9.893342867180976,6
3092003,9.784754694122764,10
3092014,9.771164344747941,11
3092022,9.84161873556023,8
3092029,9.864210198443432,7
3092041,9.71843826609448,12
3092049,9.863615259426968,8
3092050,10.0,1
3092059,9.838601556745461,9
3092073,9.725594316835865,14
3092091,9.57772072006183,18
3092097,9.89945772580943,6
3092115,9.59769425332925,18
3092121,9.897563104111748,6
3092130,9.836666737879812,9
3092137,9.879494081374176,7
3092148,9.774403166138464,11
3092159,9.800873033093412,11
3092167,9.860429370736595,8
3092175,9.868200075437205,8
3092181,9.894976319240264,6
3092182,10.0,1
3092196,9.58930615988155,14
3092198,9.98508299035844,2
3092203,9.926234416909677,5
3092205,9.96986242131092,2
3092206,10.0,1
3092211,9.911659860680373,5
3092221,9.768953808692807,10
3092222,9.98750792301852,1
3092233,9.748924668450583,11
3092235,9.966352546363336,2
3092251,9.702628229303048,16
3092255,9.92733919692587,4
3092268,9.697096666231891,13
3092269,10.0,1
3092275,9.887224040236676,6
3092280,9.919450392838103,5
3092284,9.938845911915132,4
3092293,9.70762107016892,9
3092308,9.64230549232837,15
3092317,9.808724470146327,9
3092332,9.65053102320721,15
3092337,9.897969472822092,5
3092344,9.846688841544148,7
3092354,9.802739707800923,10
3092357,9.958661716016907,3
3092368,9.749029519886308,11
3092375,9.854585877294992,7
3092387,9.728325851095244,12
3092392,9.908572655983594,5
3092396,9.937731416841512,4
3092403,9.880304019833503,7
3092421,9.568364901721576,18
3092426,9.922758739586955,5
3092436,9.785358200328163,10
3092441,9.913695965147275,5
3092442,10.0,1
3092446,9.94042772255313,4
3092456,9.763105093076977,10
3092457,9.992349178932809,1
3092471,9.738730742453503,14
3092479,9.854327605405949,8
3092496,9.615620140168625,17
3092498,9.984704282232414,2
3092510,9.755809347072326,12
3092516,9.88569866262946,6
3092527,9.796810523342355,11
3092540,9.7218006796063,13
3092551,9.745389486912776,11
3092565,9.67465804097758,14
3092581,9.704251231531533,16
3092592,9.769401275957948,11
3092596,9.922009486907214,4
3092606,9.793363967584478,10
3092617,9.791384456108775,11
3092629,9.747165410731567,12
3092643,9.69361828017302,14
3092649,9.899259751500741,6
3092655,9.915796250538275,6
3092662,9.86403301417062,7
3092674,9.734509077565694,12
3092683,9.82155007752523,9
3092684,10.0,1
3092688,9.941295118950537,4
3092694,9.903357049973222,6
3092707,9.713893281737777,13
3092708,10.0,1
3092716,9.856238871072799,8
3092721,9.918657033437146,5
3092733,9.747906189213387,12
3092746,9.70854669163193,13
3092758,9.53188217306557,12
3092771,9.708541901667553,13
3092778,9.863060418808017,7
3092783,9.916352268435524,5
3092788,9.927367842080775,5
3092796,9.824484163763712,8
3092806,9.804019320707543,10
3092821,9.682558930615118,15
3092836,9.60657116516265,15
3092845,9.818148458362169,9
3092856,9.75344792610059,11
3092872,9.49040932661346,16
3092878,9.916867501263374,6
3092890,9.797531246100327,12
3092900,9.828495266085424,10
3092905,9.909091783830545,5
3092919,9.690410807145028,14
3092920,10.0,1
3092921,10.0,1
3092930,9.83117288448589,9
3092944,9.718492604994134,14
3092953,9.806304028286634,9
3092959,9.899864062512574,6
3092968,9.845726857330417,9
3092978,9.771955511095012,10
3092986,9.835495793763377,8
3092991,9.935804527005685,5
3093013,9.549405920032594,22
3093016,9.963111341038127,3
3093027,9.750748042502236,11
3093037,9.798934748239448,10
3093046,9.82770559586987,9
3093056,9.816311989196207,10
3093065,9.81738193210822,9
3093080,9.6405077502196,15
3093088,9.85068511357696,8
3093097,9.808590318434463,9
3093105,9.817166875643943,8
3093121,9.631300382416653,16
3093132,9.77600341672018,11
3093145,9.716587044698194,13
3093161,9.622911250610214,16
3093168,9.870768166862005,7
3093177,9.842841695058263,9
3093197,9.551964191188565,20
3093200,9.957134185494796,3
3093201,10.0,1
3093214,9.619192119436265,13
3093224,9.381032389518136,10
3093233,9.837266052747232,9
3093236,9.963215438769563,3
3093245,9.716077571304515,9
3093253,9.85431527296379,8
3093263,9.787351952722183,10
3093277,9.746379726773409,14
3093284,9.856515725672976,7
3093292,9.863289527159434,8
3093297,9.92147037755227,5
3093309,9.788466708720794,12
3093322,9.402539614662295,13
3093326,9.951195708729184,4
3093333,9.889836233080302,7
3093338,9.89588269252689,5
3093365,9.464352534420794,27
3093376,9.764195550960974,11
3093381,9.9098014710311,5
3093396,9.665057548424294,15
3093404,9.845998481581848,8
3093409,9.911984363522874,5
3093418,9.81759636148959,9
3093425,9.891097238607488,7
3093440,9.666959954175699,15
3093444,9.944295691467751,4
3093456,9.646954114933544,12
3093476,9.496810962463853,20
3093486,9.75944135823138,10
3093488,9.979292622031288,2
3093489,10.0,1
3093501,9.712327886913581,12
3093515,9.72441468292569,14
3093517,9.970446070174303,2
3093524,9.8595229695066,7
3093535,9.776230555482245,11
3093546,9.75711273281045,11
3093555,9.830910832043559,9
3093561,9.888773358577152,6
3093565,9.940389380894267,4
3093566,10.0,1
3093567,10.0,1
3093574,9.874068401407978,7
3093576,9.974862936429528,2
3093586,9.773538493323892,10
3093594,9.825101546476757,8
3093604,9.81135068457083,10
3093616,9.73261555129007,12
3093618,9.978303534378746,2
3093628,9.777066475225745,10
3093635,9.885206738033764,7
3093645,9.845305837755824,10
3093655,9.820580650975732,10
3093664,9.820278849449286,9
3093672,9.833675590171486,8
3093677,9.936788590994022,5
3093691,9.701718924482897,14
3093706,9.683335394606395,15
3093714,9.855620198686516,8
3093726,9.642616806252338,12
3093731,9.920789515382136,5
3093737,9.895489424251153,6
3093752,9.724807894669866,15
3093768,9.688659207778718,16
3093783,9.681035628768598,15
3093793,9.819671533014313,10
3093804,9.765415848418314,11
3093806,9.981729344793042,2
3093820,9.725323448592139,14
3093835,9.67127457089537,15
3093840,9.907564728324765,5
3093843,9.957536753783927,3
3093854,9.826734795216398,11
3093865,9.795309275379848,11
3093873,9.838910894640192,8
3093885,9.750459296042747,12
3093898,9.735844886022628,13
3093908,9.779227544724996,10
3093918,9.795970428548618,10
3093922,9.93178024315335,4
3093928,9.900783023884502,6
3093933,9.934055030827789,5
3093941,9.840001931438673,8
3093942,10.0,1
3093946,9.924317791833294,4
3093953,9.883725851597932,7
3093959,9.89567544471405,6
3093965,9.89631771128475,6
3093966,10.0,1
3093973,9.861132384021225,7
3093992,9.556238839176423,19
3094003,9.683373836722435,11
3094011,9.836115410974914,8
3094022,9.770748051496886,11
3094027,9.92613387103956,5
3094033,9.900031211551875,6
3094047,9.73432284185216,14
3094054,9.90047344602759,7
3094070,9.662214366455473,16
3094077,9.858538782341018,7
3094083,9.897954238750952,6
3094084,10.0,1
3094096,9.751402216532238,12
3094110,9.741542651332779,14
3094111,10.0,1
3094121,9.844540108533316,10
3094122,10.0,1
3094131,9.796966067607617,9
3094137,9.91519512052724,6
3094144,9.876000025923943,7
3094153,9.841714527902873,9
3094162,9.808921384977502,9
3094166,9.935844801097314,4
3094178,9.730849950790757,12
3094195,9.598130803841405,17
3094211,9.500418830021362,16
3094213,9.968972981710131,2
3094225,9.514059559434884,12
3094234,9.816909870160043,9
3094243,9.832231667707413,9
3094262,9.626070698343884,19
3094273,9.747508071508372,11
3094283,9.77179004689729,10
3094292,9.817505666650735,9
3094297,9.904649672058765,5
3094301,9.943348412371515,4
3094311,9.792263052128561,10
3094316,9.924408238717135,5
3094324,9.832434483897558,8
3094337,9.692981994431273,13
3094341,9.935128263394045,4
3094342,9.988947689747787,1
3094353,9.761002437906109,11
3094360,9.883309522268744,7
3094372,9.7150456014001,12
3094384,9.71827129058446,12
3094397,9.748479322953505,13
3094411,9.690365410495515,14
3094414,9.96523945636146,3
3094424,9.799303208583808,10
3094432,9.84745196931346,8
3094446,9.673822994920576,14
3094457,9.752371255540055,11
3094470,9.775280173716466,13
3094471,10.0,1
3094472,10.0,1
3094473,10.0,1
3094481,9.867707529007454,8
3094483,9.972560007349895,2
3094493,9.806816506096252,10
3094499,9.897815474072049,6
3094507,9.845838561129879,8
3094517,9.81813294052405,10
3094527,9.755385731624248,10
3094540,9.745234677941333,13
3094547,9.895859877921394,7
3094557,9.789767452984064,10
3094562,9.913087671550946,5
3094576,9.572197218544662,14
3094580,9.946730713653379,4
3094598,9.633028969225531,18
3094606,9.844480034346137,8
3094617,9.772694757789676,11
3094629,9.735460026538817,12
3094645,9.615100873696909,16
3094651,9.89260961553769,6
3094667,9.646167253618295,16
3094677,9.790592890452995,10
3094685,9.819522342580221,8
3094692,9.870824556318334,7
3094698,9.898798498429104,6
3094710,9.732137606743397,12
3094722,9.727327641457634,12
3094730,9.833385451905345,8
3094733,9.947322831478182,3
3094742,9.815451246827589,9
3094743,10.0,1
3094752,9.789242349449491,9
3094763,9.775701342789299,11
3094772,9.792154041539302,9
3094778,9.885592162890443,6
3094786,9.856412731373942,8
3094800,9.738909237465961,14
3094811,9.807171874700934,11
3094817,9.892445981430525,6
3094825,9.854483521426465,8
3094833,9.838170095227667,8
3094843,9.805339962176296,10
3094852,9.82539539635386,9
3094861,9.810951405138672,9
3094872,9.795239693011522,11
3094885,9.759661825523267,13
3094900,9.732982143862461,15
3094907,9.85613702350469,7
3094916,9.622002519687348,9
3094919,9.957485335373859,3
3094924,9.929849345628252,5
3094928,9.950217983012665,4
3094937,9.80914326194784,9
3094945,9.86282037106442,8
3094956,9.774365680323633,11
3094957,9.996478445015493,1
3094970,9.686550709674341,13
3094973,9.949444118089582,3
3094984,9.79112689432559,11
3094996,9.746691280402253,12
3095006,9.797231853008185,10
3095007,10.0,1
3095016,9.817321915935295,9
3095026,9.798737888489134,10
3095044,9.558254724589741,18
3095048,9.931265506759145,4
3095060,8.727748363822199,12
3095066,9.909116236313517,6
3095071,9.926959127244437,5
3095078,9.852397164295384,7
3095083,9.919076115552292,5
3095085,9.984230385186091,2
3095095,9.808060356421064,10
3095101,9.899089909775302,6
3095106,9.926806501754267,5
3095112,9.891551805976313,6
3095123,9.736367856006478,11
3095134,9.7717588956925,11
3095141,9.873170582885434,7
3095152,9.762769724857128,11
3095163,9.764164415857827,11
3095165,9.98569365628781,2
3095171,9.910878517524251,6
3095175,9.952580279380728,4
3095176,10.0,1
3095180,9.935618390156197,4
3095198,9.572669051885848,18
3095210,9.742187177093909,12
3095217,9.881496008475839,7
3095226,9.819497175573234,9
3095236,9.802500104564723,10
3095240,9.942637634851016,4
3095246,9.889727188551236,6
3095256,9.822536630447907,10
3095264,9.861354804238827,8
3095274,9.824839322736432,10
3095276,9.980260149868847,2
3095279,9.956331464646679,3
3095280,10.0,1
3095281,10.0,1
3095296,9.651142989071458,15
3095302,9.896196337265488,6
3095309,9.860741296336471,7
3095321,9.7421115483719,12
3095324,9.952300129558973,3
3095351,9.390930614866935,27
3095354,9.954520286186757,3
3095368,9.677331879508465,14
3095374,9.897574052162614,6
3095385,9.757421129213382,11
3095398,9.744712851988098,13
3095411,9.674056412555341,13
3095421,9.811994001108506,10
3095434,9.747313815940055,13
3095442,9.836723900849575,8
3095455,9.69606034964917,13
3095458,9.75704728956023,3
3095466,9.844689127471542,8
3095479,9.71533234622486,13
3095484,9.92601182189191,5
3095494,9.78089961729217,10
3095504,9.793830795066771,10
3095511,9.870191012613219,7
3095517,9.89789709421081,6
3095528,9.786930122670123,11
3095534,9.898350001370138,6
3095542,9.866185194600584,8
3095552,9.830338632942523,10
3095575,9.4734323720014,23
3095584,9.816356735249677,9
3095594,9.82757707282107,10
3095595,9.993125831291433,1
3095596,10.0,1
3095605,9.82667514767684,9
3095622,9.690040171076882,17
3095631,9.81879616461458,9
3095645,9.75434767326356,14
3095648,9.951525326159034,3
3095655,9.871091718436853,7
3095673,9.601042986188888,18
3095675,9.98509123885156,2
3095689,9.685469837432134,14
3095702,9.733346226813055,13
3095713,9.590277401266803,11
3095727,9.688831653994288,14
3095730,9.96245078934305,3
3095737,9.874342941825056,7
3095749,9.760096506170203,12
3095766,9.590195314249575,17
3095772,9.884625862346809,6
3095784,9.74579008362893,12
3095790,9.888814337742973,6
3095791,10.0,1
3095798,9.856135492017838,7
3095803,9.933014687717197,5
3095804,10.0,1
3095812,9.83450982484565,8
3095822,9.800260264447497,10
3095827,9.918362438547963,5
3095838,9.674901663418943,11
3095844,9.7983041157571,6
3095852,9.822025887704836,8
3095854,9.978596043852283,2
3095869,9.632412863958715,15
3095880,9.741340552452145,11
3095887,9.881600671677022,7
3095894,9.8613430837719,7
3095898,9.92929640462724,4
3095899,10.0,1
3095914,9.649154356694073,15
3095915,10.0,1
3095923,9.824366526162935,8
3095929,9.896145144047777,6
3095930,10.0,1
3095938,9.827914568396302,8
3095953,9.512676102465788,15
3095959,9.917408794380705,6
3095966,9.881762246900108,7
3095967,9.995965497674645,1
3095968,9.988217005710025,1
3095971,9.963666294688368,3
3095982,9.773633962403895,11
3095991,9.802418892881827,9
3095998,9.874510971384202,7
3096012,9.673406505811393,14
3096020,9.839842443743855,8
3096037,9.599268085208227,17
3096049,9.731023419299415,12
3096059,9.78852735033825,10
3096070,9.744941753794432,11
3096083,9.740278005059105,13
3096092,9.83868310046093,9
3096093,9.993124298105272,1
3096109,9.670400193067824,16
3096124,9.654661736849114,15
3096129,9.92856130571669,5
3096137,9.853119201353788,8
3096141,9.943503755894694,4
3096160,8.810535695784539,19
3096178,9.66223990866146,18
3096182,9.941090214384326,4
3096190,9.841811006615192,8
3096196,9.90277967729055,6
3096201,9.926663040728908,5
3096207,9.893780919451762,6
3096216,9.82305752383029,9
3096226,9.808002696096962,10
3096238,9.749713107394845,12
3096249,9.753931645502576,11
3096258,9.8295325377113,9
3096263,9.927767906768814,5
3096269,9.880352662957652,6
3096283,9.699628711847913,14
3096284,9.996497258818426,1
3096285,10.0,1
3096292,9.877081330471109,7
3096293,10.0,1
3096309,9.656987441245608,16
3096310,10.0,1
3096321,9.749421826227781,11
3096333,9.735041844549436,12
3096335,9.98328476517691,2
3096336,10.0,1
3096339,9.969660051704054,3
3096353,9.510668327525211,14
3096361,9.852163135894699,8
3096364,9.959653936135744,3
3096374,9.802591537059701,10
3096389,9.665841728970129,15
3096392,9.957311352500927,3
3096393,10.0,1
3096400,9.54866952301941,7
3096401,10.0,1
3096405,9.942315634879195,4
3096419,9.681589517650162,14
3096426,9.884646791078811,7
3096436,9.759964194487315,10
3096448,9.752837758253897,12
3096462,9.70971148850546,14
3096482,9.563096485144763,20
3096489,9.864330468661311,7
3096492,9.959522590999002,3
3096504,9.729021786657357,12
3096507,9.964731432411282,3
3096523,9.607278551371541,16
3096531,9.831679186932085,8
3096538,9.862530465245994,7
3096549,9.772198347940451,11
3096550,10.0,1
3096552,9.969848869329745,2
3096564,9.728807779577048,12
3096570,9.893026331789102,6
3096571,10.0,1
3096584,9.72129424894819,13
3096597,9.4787940652353,13
3096604,9.772378134418265,7
3096613,9.828887123609793,9
3096626,9.696988162410651,13
3096632,9.874315321968554,6
3096633,9.989477685575581,1
3096641,9.841228764338997,8
3096644,9.956329192571928,3
3096654,9.800917930221882,10
3096657,9.967458250761892,3
3096668,9.75723439376169,11
3096674,9.915851851054324,6
3096691,9.58553629560067,17
3096697,9.892286102440872,6
3096710,9.747410673549929,13
3096716,9.890619367945545,6
3096726,9.7920276196842,10
3096729,9.966971241174724,3
3096731,9.984998958803194,2
3096739,9.668628583355318,8
3096745,9.886965540025383,6
3096754,9.79835456440469,9
3096758,9.933999098302518,4
3096772,9.703002702392547,14
3096784,9.720149794769094,12
3096793,9.628593716943193,9
3096799,9.900565770144286,6
3096804,9.92549913624802,5
3096805,9.996479436293544,1
3096810,9.919822710110301,5
3096811,9.996122347460203,1
3096818,9.872579131998657,7
3096890,7.665112809328729,72
3096894,9.9457199783399,4
3096911,9.621450666775903,17
3096923,9.528282946186714,12
3096929,9.897514943864216,6
3096939,9.802512815313028,10
3096951,9.73092487542619,12
3096960,9.828745287006326,9
3096964,9.927509489892136,4
3096979,9.633186978250695,15
3096985,9.883087135632785,6
3096988,9.955839059727523,3
3096995,9.864659455518233,7
3096998,9.962423240019184,3
3097007,9.821031586387472,9
3097015,9.83974692166602,8
3097016,10.0,1
3097030,9.691290600959965,14
3097039,9.826290710759272,9
3097045,9.896552096315993,6
3097057,9.736060259004697,12
3097068,9.772096399905285,11
3097084,9.522809916152523,16
3097087,9.964269657147495,3
3097090,9.961332225948489,3
3097092,9.975615162378427,2
3097095,9.969125736390675,3
3097107,9.76931940510893,12
3097113,9.905332865481103,6
3097122,9.82413594940895,9
3097131,9.816022671883106,9
3097138,9.86652952939004,7
3097151,9.705990107275559,13
3097156,9.926296757808881,5
3097161,9.910810399420303,5
3097165,9.934466310876767,4
3097174,9.810387536756567,9
3097184,9.807854362609115,10
3097197,9.713479778282334,13
3097201,9.936479775768731,4
3097210,9.800573687938519,9
3097218,9.836245997055036,8
3097227,9.810334610767711,9
3097238,9.774313443192927,11
3097247,9.792857236091534,9
3097261,9.72110537020166,14
3097268,9.879256444749263,7
3097276,9.841728354873323,8
3097280,9.951504248412093,4
3097285,9.915601665930945,5
3097296,9.7709078147797,11
3097310,9.677752113411426,14
3097317,9.847035986284915,7
3097320,9.955693439896084,3
3097328,9.839628145814803,8
3097337,9.802124362312417,9
3097347,9.682297197967388,10
3097352,9.900606030539562,5
3097356,9.83303742357612,4
3097363,9.86309348990593,7
3097375,9.738186561612649,12
3097381,9.886868778588287,6
3097389,9.849556093946108,8
3097402,9.602007305426806,13
3097412,9.801450442335694,10
3097421,9.810454604986878,9
3097423,9.98177598751435,2
3097434,9.758165669594312,11
3097441,9.882274003831235,7
3097452,9.772459076432773,11
3097456,9.93581765959899,4
3097467,9.761515993164618,11
3097477,9.793550407301579,10
3097478,10.0,1
3097488,9.798565431832474,10
3097489,10.0,1
3097498,9.850978375447195,9
3097505,9.879071426955505,7
3097512,9.866266800884558,7
3097520,9.849497651048996,8
3097531,9.758339879646865,11
3097539,9.86423470326641,8
3097548,9.80908496174354,9
3097553,9.916146786411181,5
3097564,9.751092209301062,11
3097573,9.823981419158264,9
3097581,9.82696392112678,8
3097587,9.917628644899642,6
3097593,9.905986747607873,6
3097606,9.7062270959419,13
3097612,9.895572935787895,6
3097630,9.61575983613745,18
3097639,9.823463615756191,9
3097662,9.543438582848932,23
3097666,9.946801616151136,4
3097682,9.65818404382632,16
3097694,9.732639234184408,12
3097712,9.564510758329908,18
3097718,9.905478096744512,6
3097732,9.739147039755187,14
3097740,9.863623266724126,8
3097750,9.795970649141081,10
3097755,9.923617398403929,5
3097764,9.834919513370014,9
3097777,9.709270108590882,13
3097793,9.72209908496225,16
3097798,9.91941386467583,5
3097799,10.0,1
3097800,10.0,1
3097811,9.794547555360731,11
3097820,9.811545278221882,9
3097821,10.0,1
3097834,9.741633466261433,13
3097845,9.75959218985322,11
3097848,9.767494414990791,3
3097861,9.716969790306429,13
3097868,9.854241460447849,7
3097873,9.903079795203833,5
3097877,9.954579163447486,4
3097879,9.9822008340351,2
3097889,9.769819636898184,10
3097902,9.73737169374508,13
3097906,9.937130157351213,4
3097923,9.625174075417164,17
3097925,9.971261258260496,2
3097939,9.7020453813762,14
3097946,9.897807306321653,7
3097947,9.996730776855854,1
3097958,9.777611875470363,11
3097966,9.842147108077816,8
3097981,9.652947263136344,15
3097993,9.539100457633017,12
3098005,9.730681298093481,12
3098023,9.557679372169458,18
3098035,9.760388765231184,12
3098039,9.94210268300265,4
3098041,9.976595534937484,2
3098047,9.887251993906101,6
3098054,9.852988175905487,7
3098061,9.870636519086336,7
3098073,9.726949453933463,12
3098074,10.0,1
3098083,9.798737516524387,9
3098092,9.779945301965448,9
3098107,9.659199877243566,15
3098115,9.853084436033978,8
3098116,9.995944502503631,1
3098123,9.869621210342753,7
3098128,9.911865084213396,5
3098137,9.80856656691684,9
3098138,10.0,1
3098145,9.852585561604212,7
3098151,9.888157913241072,6
3098161,9.78827704268512,10
3098173,9.51424119569442,12
3098182,9.807715928758316,9
3098194,9.762574899780883,12
3098204,9.767104445894528,10
3098213,9.795221383703462,9
3098222,9.813498637541606,9
3098223,10.0,1
3098228,9.918365054221516,5
3098235,9.897980157746417,7
3098248,9.735634012227324,13
3098257,9.8351149555311,9
3098268,9.793052313130373,11
3098277,9.825330664946533,9
3098291,9.688993277590283,14
3098299,9.866742672351192,8
3098312,9.711145824799624,13
3098321,9.810681953424998,9
3098324,9.965042482766815,3
3098330,9.900876444520781,6
3098337,9.870560347827475,7
3098347,9.803156013268605,10
3098362,9.676326324474562,15
3098374,9.73739786696763,12
3098378,9.934344613783471,4
3098387,9.721315551313953,9
3098395,9.835308563056671,8
3098404,9.82485411144808,9
3098412,9.846462424470998,8
3098420,9.868782718136165,8
3098426,9.904330485173682,6
3098434,9.836122504363336,8
3098441,9.857730917757449,7
3098453,9.77927004392256,12
3098459,9.911883325286238,6
3098465,9.89736775146567,6
3098473,9.854867636485375,8
3098482,9.80754296803142,9
3098495,9.70794347210543,13
3098500,9.922543201417684,5
3098504,9.924370097889602,4
3098514,9.797762743320746,10
3098529,9.68316787924892,15
3098539,9.813770964339792,10
3098540,9.996603009764199,1
3098546,9.906278428629584,6
3098555,9.815119169162625,9
3098570,9.671591907393173,15
3098581,9.767820633549952,11
3098590,9.821280411489173,9
3098601,9.74249605412304,11
3098602,10.0,1
3098613,9.819104291814202,11
3098619,9.904579016142453,6
3098634,9.694500863265569,15
3098652,9.573645489881752,18
3098653,9.996666619558694,1
3098668,9.377624003304424,15
3098679,9.743449915053024,11
3098680,10.0,1
3098686,9.904302574966708,6
3098692,9.916161729543358,6
3098700,9.841312597893772,8
3098709,9.8181763453401,9
3098720,9.772414001227455,11
3098729,9.845853015152858,9
3098740,9.760059438788016,11
3098748,9.830071771353257,8
3098752,9.935647322529714,4
3098759,9.866618824442634,7
3098761,9.975585067426865,2
3098781,9.558560313308709,20
3098786,9.91185220164555,5
3098793,9.878225227731637,7
3098798,9.831254895912185,5
3098805,9.857192915236906,7
3098812,9.861338839561654,7
3098819,9.896310618715209,7
3098823,9.948695815822163,4
3098826,9.967953829989971,3
3098832,9.869889422146318,6
3098838,9.899368470388415,6
3098846,9.844600934627147,8
3098854,9.823021423713136,8
3098868,9.679530000342124,14
3098877,9.812725305958867,9
3098878,10.0,1
3098886,9.856710358001703,8
3098896,9.800211767487946,10
3098899,9.959583488714419,3
3098900,10.0,1
3098913,9.739793231030077,13
3098914,10.0,1
3098919,9.909380789855767,5
3098922,9.955904975163655,3
3098932,9.749984445566106,10
3098939,9.871742132080335,7
3098940,10.0,1
3098941,10.0,1
3098946,9.899922365034461,5
3098947,10.0,1
3098957,9.792239367097077,10
3098966,9.833485810918699,9
3098975,9.836359087534516,9
3098992,9.587789136988835,17
3099005,9.773956794103556,13
3099012,9.901175691228184,7
3099014,9.978610168311704,2
3099027,9.729311352288805,13
3099029,9.980293310771163,2
3099043,9.666785712842696,14
3099048,9.920554666396601,5
3099061,9.669470373356463,13
3099062,10.0,1
3099075,9.712770488770806,13
3099076,10.0,1
3099085,9.81879212957894,9
3099093,9.843749156152516,8
3099111,9.633854446073068,18
3099123,9.628312311763805,12
3099132,9.720639536568148,9
3099147,9.66965425680969,15
3099154,9.862896708819266,7
3099163,9.792855783070117,9
3099166,9.954730157873671,3
3099179,9.75646921164251,13
3099185,9.887740440248281,6
3099192,9.889884223913016,7
3099201,9.759313309013278,9
3099205,9.936309669894213,4
3099213,9.84494892669076,8
3099219,9.90370390014175,6
3099222,9.960060215780437,3
3099240,9.444684564481042,18
3099247,9.864411986850746,7
3099251,9.92601415366344,4
3099252,9.988975388074667,1
3099258,9.903441820200857,6
3099269,9.789707851231446,11
3099278,9.82079905138046,9
3099282,9.92779519453643,4
3099286,9.931605737276877,4
3099299,9.749904317829731,13
3099304,9.924116085928368,5
3099305,10.0,1
3099317,9.812515359816224,12
3099324,9.864458817364914,7
3099333,9.836910305679707,9
3099346,9.669541005064591,13
3099359,9.756997996357837,13
3099368,9.803053233475227,9
3099377,9.855309600166358,9
3099388,9.766672938749336,11
3099402,9.692392546472089,14
3099414,9.74345176829207,12
3099429,9.677978379143603,15
3099437,9.856718525096502,8
3099457,9.533726719652924,20
3099471,9.759219769648311,14
3099473,9.980517656627557,2
3099480,9.854186738402936,7
3099487,9.871324918156844,7
3099500,9.712522342367167,13
3099512,9.744432260511903,12
3099520,9.876807999675682,8
3099530,9.80351868174822,10
3099543,9.709475336870282,13
3099549,9.883151211339388,6
3099559,9.610959083188785,10
3099569,9.796826845699359,10
3099573,9.930463154858314,4
3099577,9.947183302612364,4
3099583,9.89301069310965,6
3099593,9.814343150233814,10
3099605,9.759851345194155,12
3099610,9.928304611554033,5
3099618,9.834734573944878,8
3099623,9.916579484691287,5
3099632,9.818715106123186,9
3099642,9.782753889217162,10
3099645,9.945582061436953,3
3099656,9.755921650936884,11
3099657,9.992976477414617,1
3099665,9.844714425018186,8
3099678,9.701613043975486,13
3099692,9.759082126650938,14
3099702,9.800247951524774,10
3099708,9.918210905212135,6
3099714,9.893912425136623,6
3099722,9.849135056727123,8
3099728,9.885564028835987,6
3099737,9.819748031518941,9
3099747,9.769593419848214,10
3099751,9.942223672210527,4
3099763,9.73077339755084,12
3099774,9.746113756632221,11
3099786,9.756986624541929,12
3099800,9.675218332025779,14
3099812,9.760785639309644,12
3099822,9.799355492275259,10
3099828,9.881320224666615,6
3099835,9.897466302639419,7
3099848,9.713360106976538,13
3099857,9.813371681384682,9
3099871,9.685264898680579,14
3099877,9.897857036128077,6
3099885,9.89793964850825,8
3099898,9.610465600652367,13
3099908,9.77148961192542,10
3099918,9.796378373092404,10
3099923,9.925771997454104,5
3099937,9.436476527809532,14
3099940,9.970278691761763,3
3099941,10.0,1
3099952,9.752973557187605,11
3099953,9.992915698246245,1
3099963,9.7992299576905,10
3099968,9.915740177303645,5
3099970,9.975162191051599,2
3099993,9.475323444679928,23
3099994,10.0,1
3100004,9.619582913242308,10
3100018,9.712629845902686,14
3100019,10.0,1
3100032,9.691529403669586,13
3100038,9.896431983749888,6
3100052,9.679071959363926,14
3100070,9.609349707287109,18
3100077,9.87961382973434,7
3100083,9.902110011039442,6
3100084,10.0,1
3100090,9.900944447447605,6
3100111,9.460678229188378,21
3100114,9.958564698171086,3
3100129,9.465596483710144,15
3100138,9.815524387200691,9
3100147,9.814732199341936,9
3100148,10.0,1
3100157,9.838987355567319,9
3100162,9.937934893383947,5
3100174,9.76654444797307,12
3100194,9.58153150023989,20
3100206,9.751057688503606,12
3100210,9.939717094682889,4
3100223,9.681222976033155,13
3100226,9.95492495162041,3
3100227,10.0,1
3100236,9.825956126208087,9
3100244,9.87120707361325,8
3100249,9.909269028126648,5
3100257,9.82779913653316,8
3100269,9.743119012483511,12
3100278,9.804989933482803,9
3100282,9.929370936239305,4
3100290,9.854689462376882,8
3100295,9.918377746000472,5
3100307,9.735140217755415,12
3100311,9.94093922401836,4
3100316,9.916021693337589,5
3100317,10.0,1
3100332,9.61235825806256,15
3100333,10.0,1
3100340,9.867849656164013,7
3100349,9.810801891828492,9
3100361,9.740078485700408,12
3100372,9.769577575016115,11
3100374,9.985179847596633,2
3100379,9.918148650631423,5
3100391,9.348469286119535,12
3100402,9.759931805321788,11
3100409,9.851312062134467,7
3100414,9.9119220771582,5
3100427,9.719883189115775,13
3100434,9.872449474890432,7
3100448,9.662578074826419,14
3100451,9.964371602763645,3
3100465,9.685786661517675,14
3100479,9.586898066400757,14
3100480,10.0,1
3100487,9.873488058406558,7
3100493,9.890908583522085,6
3100503,9.805718189257385,10
3100504,9.996599848379452,1
3100511,9.881415844073935,7
3100520,9.813217356378562,9
3100527,9.861035401330156,7
3100540,9.748243096574926,13
3100553,9.708667759904447,13
3100563,9.79255206741745,10
3100567,9.950036271720768,4
3100581,9.7049119019951,14
3100591,9.809670342282157,10
3100602,9.779993029074191,11
3100604,9.984528278086124,2
3100618,9.758130040177367,14
3100626,9.870066952035543,8
3100636,9.77704016854081,10
3100644,9.843732733992617,8
3100648,9.952560011960168,4
3100655,9.88814910009971,7
3100666,9.77954010890007,11
3100672,9.880743649128318,6
3100673,10.0,1
3100682,9.816399195576777,9
3100684,9.976366765431674,2
3100691,9.885258150846138,7
3100699,9.839964640349883,8
3100700,10.0,1
3100703,9.95376589456708,3
3100707,9.93974307697739,4
3100715,9.847039946267987,8
3100729,9.66867316222416,14
3100739,9.807218920034627,10
3100740,10.0,1
3100751,9.765592220608767,11
3100761,9.787994088933896,10
3100770,9.827438984956576,9
3100779,9.84707761159064,9
3100788,9.834713020199999,9
3100802,9.690580914165544,14
3100815,9.739710995606682,13
3100825,9.78640807669882,10
3100826,10.0,1
3100831,9.9277603486751,5
3100832,10.0,1
3100837,9.93030826558669,5
3100850,9.725877852905896,13
3100855,9.829224580400483,5
3100860,9.929302269366316,5
3100872,9.715599650206777,12
3100880,9.861887551312645,8
3100893,9.706786158636378,13
3100900,9.860983211521548,7
3100911,9.747517908432192,11
3100922,9.792858106817075,11
3100925,9.953064946365638,3
3100926,10.0,1
3100937,9.803153639092244,11
3100947,9.825951465066911,10
3100955,9.84809956894158,8
3100962,9.854877891713322,7
3100970,9.856383127115198,8
3100971,9.996094107097017,1
3100987,9.659410405571249,16
3100988,10.0,1
3100995,9.855357740893115,7
3100998,9.949844392589233,3
3101007,9.814005952125852,9
3101019,9.722982430049912,12
3101029,9.78067456788595,10
3101038,9.803200792319899,9
3101047,9.735465014017006,9
3101051,9.922202028094178,4
3101551,-204.4437859031497,500
3101557,9.900562493821072,6
3101564,9.8758562506928,7
3101573,9.82784184757503,9
3101583,9.577315359355415,10
3101588,9.918077724579415,5
3101603,9.703633635976141,15
3101608,9.908391474986749,5
3101615,9.861916849458048,7
3101630,9.350916968815003,15
3101641,9.764280037477164,11
3101648,9.850156768313704,7
3101663,9.43102261539312,15
3101677,9.661139449044146,14
3101695,9.600754984119657,18
3101710,9.681232812304359,15
3101714,9.943488493640615,4
3101724,9.816648704455591,10
3101727,9.952282013245872,3
3101734,9.879368106946067,7
3101747,9.690809784775233,13
3101753,9.779958399706247,6
3101768,9.463803957231024,15
3101777,9.83341937929037,9
3101783,9.88643219734896,6
3101823,9.207893944610383,40
3101832,9.802126516094084,9
3101833,10.0,1
3101836,9.9496582371175,3
3101837,10.0,1
3101841,9.93695882139048,4
3101848,9.889959614060793,7
3101854,9.892660842604178,6
3101868,9.73393383066377,14
3101872,9.940828305154628,4
3101873,10.0,1
3101881,9.845822803425492,8
3101886,9.906756776546942,5
3101898,9.75223695387179,12
3101905,9.873707447194091,7
3101917,9.757403687907486,12
3101927,9.798869130911926,10
3101931,9.958442661486671,4
3101944,9.283900573654316,13
3101955,9.767262593489997,11
3101956,10.0,1
3101966,9.785407931588644,10
3101975,9.809866452417067,9
3101983,9.755466428090351,8
3101985,9.975222418130304,2
3101991,9.892452677796944,6
3102000,9.73954203141243,9
3102004,9.93754619140159,4
3102010,9.900914723748988,6
3102014,9.937891566492203,4
3102017,9.96508415737916,3
3102023,9.901621590150096,6
3102031,9.815892016145725,8
3102039,9.845308669736195,8
3102048,9.809077974141982,9
3102053,9.909060856727168,5
3102054,9.988212713070324,1
3102061,9.877108066066654,7
3102083,5.431886966814638,22
3102095,9.738707258872275,12
3102098,9.953224341479666,3
3102112,9.673414812912243,14
3102125,9.697295276412401,13
3102128,9.97016245160519,3
3102131,9.96396306376147,3
3102145,9.734653214548793,14
3102154,9.803359808340801,9
3102167,9.717350838982545,13
3102168,10.0,1
3102172,9.923721459474205,4
3102180,9.843601880821902,8
3102186,9.907749263175615,6
3102199,9.72668207899381,13
3102212,9.73952936739422,13
3102218,9.89167082231508,6
3102223,9.91206561291646,5
3102233,9.779161305068179,10
3102235,9.970749058899768,2
3102241,9.899404586398761,6
3102248,9.863059579281133,7
3102258,9.801203496685432,10
3102273,9.710171822414164,15
3102285,9.769321482244543,12
3102292,9.877215949454792,7
3102302,9.78946929088697,10
3102309,9.871103360354278,7
3102321,9.744442903873871,12
3102329,9.827616153567828,8
3102345,9.650084867518801,16
3102349,9.948037083871803,4
3102360,9.757082342465369,11
3102371,9.763469655310706,11
3102381,9.791950222697116,10
3102392,9.752436589144576,11
3102400,9.715082513489321,8
3102412,9.759320553934566,12
3102421,9.826266242676775,9
3102432,9.760540866915106,11
3102439,9.881899286723321,7
3102444,9.917232472407367,5
3102454,9.800220648569358,10
3102457,9.94760454221848,3
3102458,10.0,1
3102465,9.856165281457567,7
3102472,9.888730814634055,7
3102476,9.922902934753052,4
3102487,9.818595588023259,11
3102490,9.95469225228661,3
3102491,10.0,1
3102510,9.54538032256418,19
3102523,9.733930985423354,13
3102531,9.833392700661225,8
3102532,10.0,1
3102538,9.909343987008118,6
3102544,9.897628324687938,6
3102550,9.902875266910163,6
3102570,9.554508005371503,20
3102582,9.788467342978247,12
3102595,9.774041446168498,13
3102596,9.988257250641551,1
3102604,9.816297699802988,8
3102610,9.894864050572096,6
3102623,9.622487156616724,13
3102628,9.919279839443544,5
3102635,9.859774983280825,7
3102647,9.737878563810739,12
3102648,10.0,1
3102660,9.788039449967341,12
3102679,9.64248311847916,19
3102684,9.906161535407522,5
3102687,9.963532140490985,3
3102699,9.731868207169354,12
3102712,9.72601106232488,13
3102728,9.624507861219204,16
3102737,9.796538241111152,9
3102747,9.784268768667717,10
3102750,9.952035696937081,3
3102751,9.992662336016172,1
3102753,9.98487854589305,2
3102758,9.920696341041621,5
3102762,9.940581476135522,4
3102768,9.879717417691738,6
3102779,9.750087703340084,11
3102790,9.783350561073275,11
3102799,9.832605650721398,9
3102802,9.972113976616075,3
3102807,9.91663294076853,5
3102817,9.79691301428144,10
3102828,9.76277401495578,11
3102846,9.406069112719393,18
3102850,9.941683904682689,4
3102862,9.749470799812336,12
3102880,9.580385895508961,18
3102887,9.876034642839878,7
3102888,10.0,1
3102891,9.958680343466881,3
3102898,9.857398878942064,7
3102909,9.66770417898819,11
3102918,9.824172823395534,9
3102924,9.908437950226178,6
3102942,9.42873614422914,18
3102943,9.992971292158638,1
3102949,9.909346938925099,6
3102962,9.711856813522958,13
3102970,9.836481700844852,8
3102977,9.874742154641071,7
3102980,9.959654571005924,3
3102986,9.88976619350264,6
3102993,9.869521228245949,7
3102997,9.927712480501176,4
3103002,9.923552951304243,5
3103013,9.75746327634261,11
3103022,9.808800894160463,9
3103033,9.805314982661091,11
3103046,9.73527763163483,13
3103059,9.712601563365467,13
3103071,9.794891496368777,12
3103075,9.95038743906472,4
3103083,9.821976450765654,8
3103105,9.32329646362248,22
3103119,9.705653696930861,14
3103126,9.876659481555881,7
3103135,9.788173838112142,9
3103145,9.800805854305501,10
3103148,9.960426674086838,3
3103149,10.0,1
3103150,10.0,1
3103159,9.818546714336483,9
3103162,9.957325460761675,3
3103173,9.749184365225645,11
3103188,9.688859073587373,15
3103189,10.0,1
3103196,9.866679468327394,7
3103203,9.870714895814801,7
3103217,9.67222126974543,14
3103229,9.775627586843584,12
3103253,9.28567565637762,24
3103265,9.7492008439215,12
3103272,9.86837240320023,7
3103285,9.691054911182453,13
3103298,9.714539104117547,13
3103308,9.769345318638786,10
3103318,9.785274311239947,10
3103323,9.914100163730275,5
3103331,9.832785253297438,8
3103337,9.87351968461144,6
3103348,9.759259399979173,11
3103355,9.857796821781992,7
3103366,9.765972295335118,11
3103373,9.866960566416992,7
3103380,9.87769016674041,7
3103387,9.857508464661521,7
3103388,10.0,1
3103399,9.770391629579109,11
3103403,9.942967924788462,4
3103416,9.756135255528289,13
3103428,9.744791544406883,12
3103438,9.778529520780266,10
3103444,9.89018058997834,6
3103457,9.715507952231649,13
3103464,9.878720607632186,7
3103473,9.840252953794348,9
3103480,9.878626827389525,7
3103490,9.846321064028212,10
3103503,9.682800105376291,13
3103510,9.867740839512669,7
3103516,9.895789032438719,6
3103521,9.925067007916716,5
3103533,9.72943675067427,12
3103543,9.78741314863172,10
3103548,9.899164177117537,5
3103566,9.131438950780392,18
3103567,10.0,1
3103574,9.867545276519982,7
3103585,9.742195234532247,11
3103595,9.790622118184624,10
3103600,9.930689955695426,5
3103613,9.692976958387414,13
3103614,9.996038882188993,1
3103620,9.878790087015183,6
3103625,9.898642725655483,5
3103637,9.525836408680613,12
3103638,9.987584510265258,1
3103650,9.746151303434054,12
3103651,10.0,1
3103652,10.0,1
3103653,9.991801343992755,1
3103661,9.810814608502046,8
3103671,9.79776864395996,10
3103679,9.842297723525487,8
3103685,9.908791266797564,6
3103691,9.891807532066412,6
3103700,9.812710049271734,9
3103708,9.824100179748626,8
3103712,9.937772165657531,4
3103724,9.733522162404691,12
3103731,9.846310325244175,7
3103744,9.691120605880826,13
3103746,9.9822144095155,2
3103751,9.929644301869237,5
3103761,9.773203398225055,10
3103766,9.917988988647435,5
3103770,9.928936360720662,4
3103771,10.0,1
3103778,9.859088950330015,7
3103793,9.646728971065048,15
3103802,9.84654270901936,9
3103809,9.848764474839438,7
3103815,9.882162816401586,6
3103818,9.96894602592774,3
3103824,9.870530698572734,6
3103829,9.909113496898158,5
3103842,9.707995081441839,13
3103852,9.777010314323588,10
3103862,9.780720305401264,10
3103868,9.90382835236199,6
3103880,9.72736403216089,12
3103887,9.841757738148528,7
3103899,9.732737363642162,12
3103904,9.905510233503492,5
3103923,9.351099032108104,19
3103940,9.57737154388424,17
3103951,9.811904365868449,11
3103953,9.985587502034338,2
3103962,9.80187957769989,9
3103963,10.0,1
3103973,9.778749857814447,10
3103975,9.979641420306434,2
3103988,9.69328574903554,13
3103994,9.88834361669315,6
3104014,9.46383947192074,20
3104024,9.8012836278847,10
3104029,9.91954671484788,5
3104037,9.841307021818993,8
3104039,9.984632659227163,2
3104044,9.931468257831575,5
3104053,9.81510120810536,9
3104056,9.96381688746083,3
3104064,9.839238302334106,8
3104068,9.92434997198676,4
3104076,9.845595746194933,8
3104081,9.93259880094161,5
3104091,9.804864656558605,10
3104098,9.86245344595824,7
3104108,9.774408300797578,10
3104116,9.86392958350594,8
3104117,10.0,1
3104129,9.709515751959913,12
3104144,9.676094829339924,15
3104154,9.783246212641561,10
3104171,9.565594223970482,17
3104175,9.927783879558065,4
3104176,10.0,1
3104181,9.912636677541734,5
3104186,9.926740629830668,5
3104187,9.99657770915398,1
3104200,9.73421581091211,13
3104207,9.874692979304733,7
3104224,9.668813146291576,17
3104255,9.435163720744862,31
3104266,9.773756163421304,11
3104277,9.769608392917533,11
3104287,9.809685700779925,10
3104292,9.924996141789872,5
3104298,9.900502561827397,6
3104303,9.9221730783493,5
3104311,9.828848631204218,8
3104312,10.0,1
3104323,9.759697940897489,11
3104337,9.664470431227524,14
3104344,9.86269822799547,7
3104357,9.723691867483325,13
3104368,9.757277330108797,11
3104377,9.822541428657132,9
3104378,9.992154208634387,1
3104381,9.968530809637727,3
3104393,9.726296569390064,12
3104397,9.944980398444015,4
3104400,9.957412566317332,3
3104406,9.89597414075145,6
3104408,9.973301855394652,2
3104421,9.780331914981264,13
3104422,10.0,1
3104430,9.864307883719283,8
3104435,9.91181630997643,5
3104440,9.919998438336268,5
3104452,9.735576849451263,12
3104458,9.915171789892007,6
3104466,9.857072601271708,8
3104467,10.0,1
3104477,9.795415308660163,10
3104490,8.424285452973827,13
3104495,9.91912533039096,5
3104504,9.82314464554482,9
3104509,9.906347340840727,5
3104519,9.792361482487427,10
3104530,9.76294291455875,11
3104542,9.696944173317092,12
3104548,9.88228755954111,6
3104554,9.903117647587013,6
3104561,9.858797110315935,7
3104571,9.78183747684208,10
3104578,9.854793405590671,7
3104589,9.751395998839095,11
3104591,9.974281058956164,2
3104603,9.699740153948383,12
3104610,9.87274582213338,7
3104611,10.0,1
3104620,9.82752561785332,9
3104621,10.0,1
3104634,9.754246184617475,13
3104635,10.0,1
3104641,9.886960630735855,6
3104652,9.767410752011529,11
3104653,10.0,1
3104662,9.828404001167197,9
3104675,9.714745621648238,13
3104676,10.0,1
3104686,9.816548324419262,10
3104696,9.788221860080172,10
3104706,9.81389680706186,10
3104716,9.781137258022403,10
3104729,9.745175850189339,13
3104738,9.809263654784196,9
3104745,9.884662875472058,7
3104749,9.93872727686683,4
3104754,9.82580484578162,5
3104755,9.99618160924605,1
3104766,9.662446595013979,11
3104778,9.716374423656811,12
3104783,9.826880746013181,5
3104796,9.728710292092464,13
3104805,9.83538166606123,9
3104813,9.874526278441477,8
3104818,9.917995178020304,5
3104831,9.718302573186403,13
3104845,9.751100822808409,14
3104854,9.813363560260825,9
3104861,9.902410946314928,7
3104872,9.749256186289154,11
3104879,9.865563813636133,7
3104880,10.0,1
3104889,9.807899869402988,9
3104902,9.713969547753232,13
3104906,9.93475678513404,4
3104913,9.868447531053215,7
3104914,9.986964295837979,1
3104929,9.664268847035064,15
3104937,9.866605546299779,8
3104946,9.809799843987312,9
3104955,9.804593041313584,9
3104966,9.767447458650276,11
3104980,9.658675208634243,14
3104989,9.788784699127202,9
3104990,10.0,1
3104992,9.970396577330318,2
3105000,9.845120581271114,8
3105007,9.855761055910522,7
3105014,9.869513182590909,7
3105026,9.764014579032349,12
3105035,9.8227922844382,9
3105036,9.992791037072678,1
3105041,9.937896224052984,5
3105053,9.755818330279611,12
3105064,9.78395417583628,11
3105068,9.94306639888836,4
3105076,9.850669131944706,8
3105084,9.871888876508645,8
3105088,9.95348675744871,4
3105091,9.962900023623678,3
3105102,9.761971200604737,11
3105103,10.0,1
3105113,9.788578822736879,10
3105123,9.817052455519844,10
3105128,9.926081168118612,5
3105133,9.916788743692294,5
3105148,9.702540083218873,15
3105155,9.867376935961772,7
3105159,9.940870269896847,4
3105167,9.623076542508636,8
3105168,9.988360838878219,1
3105169,10.0,1
3105178,9.835058967819482,9
3105191,9.761074033934758,13
3105196,9.924080486868395,5
3105204,9.844441750099904,8
3105211,9.88045769747491,7
3105219,9.846373028525695,8
3105224,9.91992391333577,5
3105235,9.754431970992217,11
3105247,9.752296478248578,12
3105257,9.797199783946976,10
3105261,9.932168860429181,4
3105267,9.900716784793733,6
3105271,9.944169220569309,4
3105278,9.8619520076441,7
3105287,9.813643190648822,9
3105301,9.679572232387276,14
3105312,9.799128844479796,11
3105318,9.894232353944686,6
3105329,9.771173001325938,11
3105332,9.958984654149088,3
3105346,9.693619206365984,14
3105358,9.73127951215727,12
3105361,9.962989756059955,3
3105369,9.837749663758991,8
3105380,9.828026494981929,11
3105387,9.645046937144262,7
3105390,9.965887313531548,3
3105402,9.74107048609732,12
3105408,9.87578987692582,6
3105416,9.843989745248784,8
3105429,9.715213010162271,13
3105435,9.897578468009051,6
3105438,9.968915789906994,3
3105439,10.0,1
3105452,9.737252819713657,13
3105467,9.666634069939743,15
3105471,9.938183486403407,4
3105476,9.90952135143791,5
3105488,9.708205378597905,12
3105494,9.895530553782612,6
3105501,9.861716346213502,7
3105511,9.77245662145832,10
3105524,9.732491908473541,13
3105528,9.95408809359319,4
3105533,9.938960842668415,5
3105544,9.749951744420049,11
3105554,9.809033923126842,10
3105555,10.0,1
3105583,9.470509432259394,28
3105595,9.747031959266263,12
3105601,9.711480153840162,6
3105609,9.83456408218343,8
3105625,9.653122334217068,16
3105626,10.0,1
3105634,9.847432457950724,8
3105637,9.654780127157402,3
3105649,9.757269309943899,12
3105654,9.912212364561674,5
3105661,9.876600393772657,7
3105673,9.729254667821799,12
3105684,9.793352430077979,11
3105689,9.910396195492147,5
3105700,9.778136529404323,11
3105701,10.0,1
3105709,9.874079329777746,8
3105724,9.638766453784982,15
3105728,9.937295603663436,4
3105745,9.607961741145782,17
3105756,9.754761973142202,11
3105762,9.916862723125115,6
3105774,9.727958007697639,12
3105788,9.515963269990309,14
3105791,9.95834548224988,3
3105792,10.0,1
3105802,9.771063825014574,10
3105815,9.704462249079944,13
3105825,9.785349895733114,10
3105835,9.775133035969711,10
3105847,9.766599591346276,12
3105850,9.961900711324581,3
3105856,9.904053487939558,6
3105861,9.924367809992637,5
3105862,10.0,1
3105881,9.566623160131336,19
3105886,9.920860161383187,5
3105890,9.94183120843391,4
3105900,9.828523452497093,10
3105908,9.564426442721366,8
3105919,9.76849212915568,11
3105930,9.775225373811468,11
3105938,9.854275449528233,8
3105939,10.0,1
3105942,9.764105803977968,3
3105949,9.872393608496942,7
3105965,9.720872691759665,16
3105978,9.692481959339188,13
3105989,9.663866504810207,11
3105990,10.0,1
3106007,9.599342220705136,17
3106016,9.858593011830763,9
3106025,9.83482451585429,9
3106026,10.0,1
3106038,9.763486426564041,12
3106047,9.807572828185185,9
3106059,9.748091115789418,12
3106068,9.848190618152007,9
3106079,9.755053594045307,11
3106087,9.860887124307148,8
3106097,9.827979414414473,10
3106098,10.0,1
3106105,9.867355193169008,7
3106117,9.732575548714799,12
3106130,9.701884220461302,13
3106136,9.91155686548425,6
3106142,9.877778289150056,6
3106143,10.0,1
3106147,9.951503204754868,4
3106152,9.925784700696193,5
3106154,9.977274481905578,2
3106163,9.801813141906454,9
3106167,9.933510829948435,4
3106182,9.645931885176331,15
3106187,9.91590749217441,5
3106202,9.718430974709776,15
3106216,9.724474035805716,14
3106228,9.741649523342799,12
3106231,9.951336061473025,3
3106232,10.0,1
3106240,9.858136741906227,8
3106253,9.703546917118901,13
3106262,9.814010122575649,9
3106268,9.903044931358892,6
3106281,9.718500701244892,13
3106294,9.729005934109734,13
3106297,9.965159531514802,3
3106300,9.95479352179099,3
3106301,10.0,1
3106307,9.897961709664084,6
3106318,9.80754178745243,11
3106323,9.91272603024545,5
3106335,9.765982867944812,12
3106341,9.89600016343858,6
3106346,9.91775952092039,5
3106352,9.90372189574642,6
3106359,9.859624420235411,7
3106364,9.91432998279206,5
3106365,9.992265056273204,1
3106375,9.79154499795589,10
3106397,9.568045150435019,22
3106398,10.0,1
3106403,9.915660198875955,5
3106404,10.0,1
3106410,9.88322640621832,6
3106432,9.563952881010543,22
3106441,9.827277485875406,9
3106444,9.95191153836572,3
3106455,9.792744445914597,11
3106464,9.825835534959767,9
3106486,9.601998934606497,22
3106490,9.633255953070453,4
3106496,9.883378710996139,6
3106502,9.904798016251291,6
3106513,9.767898657781275,11
3106520,9.887362815948391,7
3106531,9.79033583887034,11
3106540,9.832742174925329,9
3106545,9.90452623565178,5
3106552,9.865262992315195,7
3106553,9.991857674997153,1
3106561,9.830925062519794,8
3106562,10.0,1
3106574,9.697245680597286,12
3106579,9.92920517711942,5
3106585,9.896476738955235,6
3106586,10.0,1
3106601,9.68961236969171,15
3106609,9.819234377955302,8
3106618,9.82491708670194,9
3106621,9.966128571071717,3
3106630,9.800950972893583,9
3106639,9.836383568361217,9
3106651,9.725948863015864,12
3106663,9.760662548739672,12
3106674,9.792055087271804,11
3106692,9.574538146559904,18
3106705,9.74324633326193,13
3106706,10.0,1
3106716,9.798748657154993,10
3106720,9.934332673463706,4
3106730,9.761522522056646,10
3106736,9.897980816938512,6
3106744,9.837455343316787,8
3106745,10.0,1
3106751,9.894489145178428,6
3106758,9.881097334350606,7
3106773,9.660440720399015,15
3106781,9.865885945531659,8
3106782,10.0,1
3106790,9.860863261862308,8
3106791,10.0,1
3106799,9.860572267134641,8
3106800,10.0,1
3106813,9.70311100951929,13
3106824,9.754229039895725,11
3106827,9.952699745275009,3
3106838,9.772013631774605,11
3106885,9.17794031944303,47
3106891,9.923731769958755,6
3106897,9.90516132173073,6
3106910,9.71098917955236,13
3106922,9.72186562523271,12
3106923,10.0,1
3106935,9.735834874010667,12
3106938,9.971618303015356,3
3106939,10.0,1
3106948,9.831608714768443,9
3106954,9.889785539989244,6
3106962,9.848567568882267,8
3106967,9.9350077957551,5
3106975,9.838850699774467,8
3106983,9.841228763141007,8
3106996,9.689048226151986,13
3107006,9.777119293488589,10
3107011,9.899889932564717,5
3107017,9.887070164212524,6
3107023,9.885240881188547,6
3107029,9.899278006760268,6
3107038,9.802162118318732,9
3107053,9.649893167575703,15
3107061,9.826208775988162,8
3107065,9.938096776948278,4
3107069,9.93561166199959,4
3107071,9.981091108732981,2
3107079,9.835950385037895,8
3107080,10.0,1
3107091,9.76354117334166,11
3107101,9.77872326147743,10
3107108,9.866624834165334,7
3107115,9.859896667739298,7
3107126,9.747865863607649,11
3107127,10.0,1
3107134,9.867723962993367,7
3107143,9.798043791117424,9
3107146,9.94750483322814,3
3107156,9.802236483404767,10
3107162,9.874048124468285,6
3107167,9.916562803350452,5
3107175,9.832271590391265,8
3107181,9.899102975754944,6
3107182,9.99334585395134,1
3107196,9.709750242231197,14
3107203,9.884924487921765,7
3107208,9.897920084971119,5
3107219,9.775239762021721,11
3107220,10.0,1
3107223,9.96835534150659,3
3107230,9.860119392211605,7
3107231,10.0,1
3107232,10.0,1
3107249,9.606667531322884,17
3107264,9.721236555698862,15
3107277,9.733027855539735,13
3107278,10.0,1
3107293,9.677834749242495,15
3107300,9.858617323106563,7
3107310,9.810893656249963,10
3107322,9.747192143349146,12
3107333,9.77113488226862,11
3107345,9.753548574100744,12
3107346,9.99302235409843,1
3107362,9.652380420599531,16
3107364,9.97016665662437,2
3107372,9.85425682314953,8
3107373,10.0,1
3107376,9.951076255474762,3
3107388,9.74904731678958,12
3107404,9.685964041429335,16
3107413,9.439995275210732,9
3107418,9.913645454244225,5
3107429,9.588728790063666,11
3107430,10.0,1
3107438,9.856511382617748,8
3107439,9.992045949706508,1
3107440,10.0,1
3107447,9.86699702183216,7
3107457,9.796025556361224,10
3107469,9.743490811268483,12
3107477,9.831912354503226,8
3107480,9.948464724997134,3
3107484,9.926892959211102,4
3107497,9.705201247793287,13
3107507,9.809973609265885,10
3107513,9.90314250431358,6
3107526,9.736297428559768,13
3107532,9.915938581324568,6
3107545,9.695018098329818,13
3107555,9.782309358305662,10
3107563,9.834907569852415,8
3107573,9.780570419524349,10
3107587,9.46635610285405,14
3107590,9.959411626849482,3
3107599,9.791873209592994,9
3107608,9.618895712854599,9
3107615,9.880962020953941,7
3107621,9.882188551928413,6
3107622,9.996381810136814,1
3107633,9.760804543536679,11
3107644,9.766094794710066,11
3107652,9.842100471808351,8
3107668,9.682573893506781,16
3107671,9.96758680649379,3
3107686,9.64054917382026,15
3107690,9.937358632939223,4
3107697,9.849670192816182,7
3107709,9.748510007225521,12
3107720,9.738049370722702,11
3107724,9.932066978071038,4
3107734,9.800210513311008,10
3107743,9.835073651737137,9
3107763,9.284467390135214,20
3107775,9.74583594813732,12
3107778,9.96074635207686,3
3107790,9.724151984027474,12
3107799,9.821422907853178,9
3107800,10.0,1
3107809,9.788797720485148,9
3107816,9.886797797891177,7
3107827,9.753071378696843,11
3107832,9.907462284140298,5
3107835,9.964535694279693,3
3107842,9.873879989266948,7
3107850,9.85778658577733,8
3107851,10.0,1
3107858,9.889767244106338,7
3107864,9.890911524084965,6
3107868,9.935667883525745,4
3107900,9.19696789172441,32
3107909,9.825123332795586,9
3107915,9.901170803217678,6
3107920,9.720279919604248,5
3107924,9.9396656637158,4
3107937,9.692550528023894,13
3107949,9.75496811885863,12
3107950,10.0,1
3107954,9.943092212684197,4
3107964,9.742742166475939,10
3107975,9.76237689514556,11
3107977,9.979881525944126,2
3107991,9.689816499176795,14
3107998,9.882763127354915,7
3108004,9.90530556065753,6
3108005,10.0,1
3108021,9.629196715459768,16
3108028,9.878106815971586,7
3108039,9.796369556665704,11
3108049,9.789022882490713,10
3108054,9.911449432491834,5
3108067,9.723757969340404,13
3108073,9.881960215903034,6
3108084,9.75330469594265,11
3108091,9.86827574831127,7
3108097,9.893381162646628,6
3108105,9.860845479201949,8
3108111,9.872283691729073,6
3108118,9.867605947871567,7
3108123,9.930265615553317,5
3108136,9.726306974537646,13
3108137,10.0,1
3108144,9.87404962081764,7
3108147,9.96093057277106,3
3108161,9.666084800707141,14
3108165,9.938355019079609,4
3108176,9.767265902431802,11
3108181,9.906084339657378,5
3108192,9.756300753096621,11
3108193,10.0,1
3108208,9.666081345763534,15
3108221,9.604860406291852,13
3108229,9.823652120480471,8
3108243,9.686947782247294,14
3108252,9.808747255565471,9
3108254,9.969663839084676,2
3108270,9.693242532450371,16
3108277,9.862376269072419,7
3108288,9.798069364620511,11
3108293,9.916524435006378,5
3108294,10.0,1
3108295,10.0,1
3108301,9.577647842026124,6
3108307,9.893562469636917,6
3108316,9.80696158504808,9
3108317,10.0,1
3108332,9.666150710272134,15
3108333,10.0,1
3108346,9.704772643635293,13
3108353,9.865852325308857,7
3108355,9.97109985289854,2
3108356,10.0,1
3108363,9.858285805331352,7
3108368,9.926176949670516,5
3108384,9.640343473912628,16
3108385,9.996491449473648,1
3108392,9.87582902292969,7
3108393,10.0,1
3108399,9.896885589248857,6
3108409,9.796205057638035,10
3108410,9.996631059622148,1
3108423,9.704925954795478,13
3108428,9.914976764753163,5
3108435,9.748341684758273,7
3108444,9.819473325942422,9
3108458,9.677975336616523,14
3108466,9.843950833743396,8
3108470,9.938098850098687,4
3108483,9.727652382224099,13
3108489,9.885175359051644,6
3108507,9.57594377350296,18
3108516,9.823027569640296,9
3108527,9.740918587525863,11
3108537,9.759152044344926,10
3108545,9.873335545886514,8
3108551,9.889304946742884,6
3108560,9.835173045339582,9
3108577,9.62136205477913,17
3108581,9.930722644061925,4
3108593,9.758850593940132,12
3108606,9.708386618848003,13
3108630,9.517886681472651,24
3108654,9.368243156574277,24
3108658,9.942967066214827,4
3108667,9.829250148232909,9
3108671,9.953041504929535,4
3108684,9.708362427802404,13
3108689,9.906573310213787,5
3108698,9.759909190894039,9
3108699,10.0,1
3108700,10.0,1
3108711,9.797411722028194,11
3108719,9.846012753270688,8
3108728,9.830399649378306,9
3108740,9.746399980187125,12
3108745,9.9182235263243,5
3108752,9.882206331050327,7
3108767,9.633635421177882,15
3108781,9.709007736801206,14
3108787,9.896381842981727,6
3108797,9.774544403763585,10
3108804,9.850895509779209,7
3108811,9.88843690262476,7
3108820,9.841200112645,9
3108829,9.835816365120928,9
3108838,9.852383617639566,9
3108841,9.960318499619332,3
3108848,9.868508134198997,7
3108853,9.90816613619908,5
3108862,9.851864440041116,9
3108863,10.0,1
3108870,9.882503769308114,7
3108879,9.837692852873356,9
3108890,9.74735251932414,11
3108896,9.892740450406704,6
3108908,9.752831035137403,12
3108910,9.974022212462284,2
3108922,9.756651303918824,12
3108929,9.855048774809122,7
3108950,9.514281741310064,21
3108962,9.768850558720315,12
3108974,9.752961958128639,12
3108984,9.760106034694912,10
3108993,9.825212818270339,9
3109005,9.647913409983214,12
3109008,9.96390515335427,3
3109014,9.922992701316518,6
3109026,9.791750323933696,12
3109027,10.0,1
3109030,9.966179180260102,3
3109045,9.636192477734852,15
3109055,9.806873379987342,10
3109064,9.80302089431367,9
3109075,9.757167573946589,11
3109086,9.787285504892422,11
3109094,9.844132231444382,8
3109101,9.893912354280692,7
3109107,9.87844686786874,6
3109114,9.858235449476325,7
3109126,9.724104420545528,12
3109128,9.974347398818992,2
3109142,9.667743005725299,14
3109150,9.849766158841433,8
3109153,9.96640461602996,3
3109159,9.900792108815448,6
3109174,9.685953196896238,15
3109176,9.970004264967123,2
3109182,9.871068592294849,6
3109193,9.782946263458044,11
3109206,9.707288160751759,13
3109217,9.784236535057586,11
3109226,9.80230801684766,9
3109234,9.867159832474808,8
3109238,9.927228361866616,4
3109250,9.740940110105422,12
3109261,9.75695730589027,11
3109262,10.0,1
3109279,9.584331777824746,17
3109284,9.902530119582494,5
3109289,9.909056600308952,5
3109299,9.695957593879573,10
3109312,9.727288635176997,13
3109319,9.882492743151127,7
3109334,9.552734739315486,15
3109347,9.724156821033116,13
3109362,9.648824058362866,15
3109369,9.865874137460114,7
3109372,9.953278649402682,3
3109387,9.63866275228063,15
3109395,9.857418284159303,8
3109408,9.711710605759436,13
3109417,9.806425066458091,9
3109427,9.76364531602677,10
3109439,9.667982971072105,12
3109446,9.86649374503188,7
3109452,9.898919085493972,6
3109477,9.376368966369245,25
3109485,9.86978772471504,8
3109495,9.782447185714705,10
3109500,9.92558455806692,5
3109511,9.743473010048094,11
3109519,9.848193552236639,8
3109530,9.787478911307819,11
3109531,10.0,1
3109532,10.0,1
3109533,10.0,1
3109544,9.81317574753805,11
3109545,10.0,1
3109546,10.0,1
3109555,9.82818146917214,9
3109570,9.67240659720149,15
3109571,10.0,1
3109580,9.792295971833251,9
3109591,9.764326442717453,11
3109601,9.791970008699005,10
3109618,9.604259163426867,17
3109621,9.960052518579051,3
3109628,9.861094366547109,7
3109639,9.752555336657192,11
3109651,9.716483264401077,12
3109659,9.836823780719568,8
3109662,9.960309677676031,3
3109664,9.984448119156268,2
3109680,9.636582118797481,16
3109688,9.85059222700502,8
3109700,9.738299767300491,12
3109707,9.868788206658149,7
3109712,9.904972963902173,5
3109724,9.745545521666738,12
3109736,9.744416416749655,12
3109757,9.519971186485755,21
3109771,9.696339541728996,14
3109781,9.588589786081867,10
3109788,9.861961799022794,7
3109802,9.723383638741534,14
3109811,9.826476135448827,9
3109820,9.815205648729442,9
3109830,9.81462448374589,10
3109844,9.675037677412712,14
3109854,9.760476638158229,10
3109861,9.856603899962124,7
3109872,9.737282289298314,11
3109883,9.774625889972505,11
3109905,9.492740806058924,22
3109910,9.916038655738236,5
3109911,10.0,1
3109918,9.870052998372005,7
3109919,10.0,1
3109924,9.919864298621354,5
3109926,9.972935374969648,2
3109928,9.973051186499308,2
3109937,9.860741597350907,9
3109944,9.78146671456201,7
3109945,10.0,1
3109946,10.0,1
3109959,9.741564600781071,13
3109960,10.0,1
3109964,9.938499658268656,4
3109977,9.701368414285913,13
3109982,9.924823330815567,5
3109985,9.956162343305767,3
3109993,9.829931285857189,8
3109994,10.0,1
3109995,10.0,1
3110002,9.87059327909861,7
3110009,9.882512555811857,7
3110014,9.913044770480525,5
3110015,10.0,1
3110028,9.694068705945032,13
3110039,9.766788173673245,11
3110049,9.790238930133917,10
3110053,9.951706888504198,4
3110062,9.818627870114488,9
3110063,10.0,1
3110072,9.816730008635881,9
3110085,9.694650179779915,13
3110096,9.781969177076473,11
3110100,9.946226434769878,4
3110110,9.807755552687285,10
3110122,9.749556832179099,12
3110129,9.865300589117792,7
3110133,9.948233939551395,4
3110134,9.993198917799369,1
3110141,9.873905285370459,7
3110151,9.830034851153137,10
3110163,9.763155759539785,12
3110169,9.90192887224917,6
3110173,9.947258401508636,4
3110174,9.996304715122525,1
3110179,9.923723417411406,5
3110183,9.938440663642472,4
3110186,9.952196137587126,3
3110194,9.84997168796305,8
3110206,9.744637785037028,12
3110216,9.781660536968651,10
3110228,9.792997691055534,12
3110238,9.823290700535033,10
3110239,10.0,1
3110240,10.0,1
3110250,9.782787331642064,10
3110264,9.687770930138043,14
3110267,9.970779320406319,3
3110273,9.898399104242886,6
3110276,9.973407859562457,3
3110294,9.58124327694079,18
3110306,9.732296735083448,12
3110309,9.960254035141137,3
3110316,9.847871837673397,7
3110317,9.989163092779462,1
3110324,9.886601023230766,7
3110335,9.764402430013893,11
3110345,9.792297438487822,10
3110355,9.804092456280546,10
3110356,10.0,1
3110361,9.903847034397183,5
3110362,10.0,1
3110373,9.77948612948242,11
3110378,9.929899920752117,5
3110396,9.524463077411534,18
3110405,9.820591765462563,9
3110413,9.826299914731505,8
3110425,9.789084151140159,12
3110445,9.53819031435618,20
3110446,9.996532079444941,1
3110451,9.919540612880642,5
3110457,9.910507966671556,6
3110469,9.735634862842607,12
3110480,9.776596022303135,11
3110486,9.90531869904677,6
3110506,9.392494440188868,20
3110515,9.813137526698794,9
3110525,9.788700253206763,10
3110530,9.914157084441532,5
3110537,9.892439206268007,7
3110541,9.939643650742545,4
3110542,10.0,1
3110546,9.935224695857539,4
3110554,9.828667050681087,8
3110562,9.85842350787341,8
3110569,9.852302304647253,7
3110591,9.49400464094578,22
3110599,9.87142676592899,8
3110606,9.844821664504437,7
3110609,9.957237632839393,3
3110612,9.947386221825965,3
3110620,9.846946041574752,8
3110627,9.877548063625484,7
3110636,9.81130809845516,9
3110644,9.842130778938948,8
3110653,9.81866212970118,9
3110661,9.843682359035288,8
3110662,10.0,1
3110673,9.744729409633281,11
3110684,9.760438939499634,11
3110687,9.963109398640192,3
3110701,9.706197286532385,14
3110711,9.800271240572942,10
3110719,9.843503798343932,8
3110727,9.857868239086045,8
3110733,9.905740389884027,6
3110749,9.572901330175958,16
3110760,9.683386474214085,11
3110772,9.749442589847826,12
3110779,9.879653092588518,7
3110793,9.71475083889445,14
3110798,9.895503796518213,5
3110799,9.992870648841917,1
3110811,9.668470346854189,12
3110823,9.704792669233559,12
3110837,9.681599844265163,14
3110846,9.838891141705096,9
3110855,9.846666453268277,9
3110873,9.579042597065481,18
3110877,9.947656135773853,4
3110886,9.824262361232808,9
3110896,9.819743665934647,10
3110905,9.798291479640191,9
3110918,9.745313405841305,13
3110933,9.54914009037224,15
3110934,10.0,1
3110947,9.470027966207178,13
3110953,9.895135198576115,6
3110959,9.899546582840149,6
3110974,9.643960231977454,15
3110982,9.84788547322623,8
3110990,9.838872753389923,8
3110998,9.847449796759356,8
3111008,9.765481063911533,10
3111020,9.726737719071169,12
3111029,9.859693659491283,9
3111036,9.907460593279586,7
3111053,9.769176823579766,17
3111063,9.804483904747533,10
3111070,9.88128260634617,7
3111071,10.0,1
3111078,9.879171162937514,7
3111090,9.732528835047114,12
3111099,9.843439395063267,9
3111111,9.76044624036874,12
3111117,9.903011550079059,6
3111124,9.878352374930756,7
3111135,9.775749121219192,11
3111136,10.0,1
3111146,9.806954266581046,10
3111147,10.0,1
3111151,9.951103954513721,4
3111158,9.863702191775761,7
3111176,9.562102456524826,18
3111181,9.930021574474868,5
3111194,9.731447015055421,13
3111208,9.7239518881974,14
3111219,9.802287802641642,11
3111225,9.888764852749155,6
3111228,9.95436839286028,3
3111234,9.923717400600584,6
3111244,9.810649157088495,10
3111251,9.88087582353408,7
3111260,9.811260363764323,9
3111264,9.944990756952395,4
3111266,9.976818189207739,2
3111272,9.925934895346128,6
3111285,9.742211210172446,13
3111292,9.886834887091295,7
3111300,9.86026563120815,8
3111306,9.873376225519259,6
3111307,10.0,1
3111320,9.723624563616596,13
3111329,9.827321602893717,9
3111341,9.74723453811768,12
3111355,9.679467232149035,14
3111368,9.75611370126862,13
3111375,9.87670761052606,7
3111387,9.724238432401181,12
3111400,9.711452752572093,13
3111413,9.727899653373761,13
3111426,9.716908088622718,13
3111438,9.755809556935455,12
3111446,9.847115503468181,8
3111454,9.83231905409725,8
3111470,9.656657699501627,16
3111483,9.722978397010985,13
3111494,9.763714453400455,11
3111504,9.803571292742964,10
3111520,9.6048432847964,16
3111526,9.880146370310381,6
3111532,9.889632659031397,6
3111541,9.738767327054251,9
3111552,9.757118405263084,11
3111563,9.783926457931443,11
3111564,10.0,1
3111565,10.0,1
3111576,9.761878959341404,11
3111577,10.0,1
3111587,9.775139601156488,10
3111602,9.667374088855455,15
3111620,9.564174211075375,18
3111632,9.743507040458953,12
3111633,9.992634446781281,1
3111650,9.61226150702301,17
3111660,9.800145456650187,10
3111670,9.795592220853083,10
3111671,9.99607109721039,1
3111687,9.632105705660061,16
3111692,9.900544896075038,5
3111698,9.90478957929714,6
3111711,9.691272983010776,13
3111715,9.93373910064014,4
3111720,9.916143654607044,5
3111728,9.822416523858282,8
3111737,9.811357862996452,9
3111746,9.82588852558436,9
3111748,9.97467997396786,2
3111758,9.795079485530358,10
3111767,9.81505088071307,9
3111786,9.573944942927794,19
3111811,9.387677332588835,25
3111815,9.95018318441452,4
3111820,9.908604124535012,5
3111827,9.8689979752222,7
3111838,9.544576173693699,11
3111847,9.84629818963008,9
3111856,9.840943175841156,9
3111868,9.772687778007825,12
3111876,9.833500940298451,8
3111888,9.785033534073918,12
3111907,9.40219685707289,19
3111924,9.626508392120641,17
3111929,9.91835788584174,5
3111938,9.848100708301224,9
3111955,9.639365921524229,17
3111963,9.84708012181437,8
3111970,9.85135231625329,7
3111977,9.872276759925352,7
3111988,9.768478103631777,11
3111999,9.779935935153146,11
3112007,9.861031289261465,8
3112014,9.861456775455606,7
3112021,9.868559866120913,7
3112034,9.80492855151927,13
3112035,10.0,1
3112044,9.8120521485704,9
3112051,9.883030477978696,7
3112057,9.91306138467158,6
3112071,9.682689077494665,14
3112084,9.732911592899185,13
3112092,9.84793033264592,8
3112109,9.611559682215502,17
3112120,9.759548785837257,11
3112121,10.0,1
3112127,9.90053890227871,6
3112135,9.840911792575033,8
3112147,9.744127042133085,12
3112163,9.656623011348566,16
3112174,9.769945650949413,11
3112179,9.933418953667815,5
3112196,9.617053983437572,17
3112202,9.899888321972316,6
3112206,9.931114764523167,4
3112216,9.779467548755273,10
3112225,9.815805766919551,9
3112238,9.690751122259982,13
3112239,10.0,1
3112248,9.848191928097375,9
3112249,10.0,1
3112256,9.887875613887594,7
3112262,9.904578080934046,6
3112273,9.688936748324549,11
3112286,9.720174332566444,13
3112295,9.805120025269478,9
3112303,9.839727524237112,8
3112306,9.9537087134994,3
3112312,9.876806579923326,6
3112318,9.885823497645198,6
3112333,9.64094149479662,15
3112347,9.567831242084825,14
3112355,9.839055329278848,8
3112360,9.91872587341426,5
3112361,9.992436212079989,1
3112368,9.877353998217114,7
3112376,9.8410986859568,8
3112384,9.825744226950786,8
3112386,9.985564616487647,2
3112397,9.735741103217247,11
3112398,10.0,1
3112406,9.84334694123235,8
3112416,9.793390802008833,10
3112426,9.797817362528216,10
3112439,9.730393570965715,13
3112449,9.783887994071218,10
3112454,9.904705590521326,5
3112461,9.872010521268761,7
3112468,9.870452977735868,7
3112472,9.948535716328706,4
3112484,9.735675978082748,12
3112496,9.727415414433429,12
3112506,9.788026737241747,10
3112545,9.388870391077761,39
3112561,9.631685590624857,16
3112572,9.77346422239702,11
3112582,9.819722425476026,10
3112594,9.529404024856554,12
3112600,9.89633141465952,6
3112606,9.880599085975149,6
3112616,9.789147367111315,10
3112627,9.765613628275988,11
3112634,9.869606424856727,7
3112637,9.968424852838714,3
3112649,9.76660179134119,12
3112661,9.719833936099876,12
3112672,9.756899163959815,11
3112673,10.0,1
3112683,9.799670410813256,10
3112688,9.916540345580163,5
3112695,9.88276758756022,7
3112705,9.787566077796575,10
3112709,9.927345277682274,4
3112710,10.0,1
3112715,9.722586588964408,5
3112725,9.762410761618847,10
3112734,9.827784636138007,9
3112738,9.929800552102094,4
3112745,9.86915883105643,7
3112749,9.944643285205387,4
3112760,9.746848750608091,11
3112761,10.0,1
3112765,9.945398747165822,4
3112775,9.785297360979808,10
3112780,9.922608201195377,5
3112794,9.701070196009185,14
3112798,9.937173060085982,4
3112807,9.779251762867064,9
3112819,9.7321266839708,12
3112825,9.916664473478646,6
3112838,9.699158768559984,13
3112853,9.690593710580636,15
3112862,9.830504045433688,9
3112875,9.705179758573365,13
3112887,9.74405372546356,12
3112900,9.684967749903834,13
3112908,9.859929337944232,8
3112923,9.665394987753668,15
3112935,9.741877449600095,12
3112941,9.904622029579654,6
3112953,9.754661534024663,12
3112966,9.718492163126554,13
3112967,10.0,1
3112972,9.933211621613443,5
3112981,9.842116403243537,9
3112990,9.81846426335312,9
3112998,9.836088236771188,8
3113006,9.846020168375416,8
3113014,9.851838679328639,8
3113018,9.945235562796006,4
3113026,9.842497980021278,8
3113034,9.852633189980894,8
3113041,9.853673130423003,7
3113044,9.955641869159882,3
3113052,9.849712888862925,8
3113053,10.0,1
3113070,9.54827287273493,17
3113075,9.923373723704987,5
3113080,9.91916239789701,5
3113086,9.878287903897624,6
3113095,9.814626050156699,9
3113098,9.964264241971726,3
3113111,9.742380586940744,13
3113122,9.748887359549046,11
3113135,9.727828416912185,13
3113148,9.701787193046423,13
3113156,9.860471611710679,8
3113168,9.744397216625213,12
3113178,9.844195857136407,10
3113189,9.75869453244751,11
3113190,9.996092049499785,1
3113200,9.799089602114428,10
3113214,9.687071630771605,14
3113222,9.846418782340757,8
3113234,9.762277119906237,12
3113237,9.951473907301255,3
3113245,9.856739227792284,8
3113249,9.931400520503177,4
3113261,9.755737649202306,12
3113263,9.973538759852639,2
3113271,9.842875466056041,8
3113276,9.91953960030308,5
3113290,9.684819746547284,14
3113301,9.767002963569906,11
3113303,9.98480727370684,2
3113308,9.926851086816981,5
3113309,9.992495924432632,1
3113323,9.668025551765668,14
3113329,9.887201111529153,6
3113337,9.553261731250537,8
3113350,9.69526028403687,13
3113361,9.760444345071797,11
3113373,9.732455367170925,12
3113383,9.807734371276423,10
3113392,9.7980150716984,9
3113405,9.705225452054762,13
3113419,9.680855130253065,14
3113432,9.703767509410062,13
3113433,10.0,1
3113442,9.812319965961619,9
3113448,9.777875072515432,6
3113449,10.0,1
3113456,9.862514946950345,7
3113463,9.867919215834448,7
3113467,9.93965625739153,4
3113482,9.674619469367508,15
3113487,9.930616672161273,5
3113488,10.0,1
3113490,9.97650352461914,2
3113499,9.823477143565642,9
3113505,9.901751287954669,6
3113514,9.832684061019568,9
3113520,9.871390342848262,6
3113529,9.822211489724834,9
3113530,10.0,1
3113539,9.842298479015785,9
3113547,9.840819247145367,8
3113557,9.778834158594002,10
3113568,9.755628437927065,11
3113577,9.85478636714587,9
3113580,9.949134222407087,3
3113582,9.972544249707486,2
3113591,9.817356547728961,9
3113603,9.736309492931756,12
3113607,9.941402030454137,4
3113611,9.931080558578733,4
3113624,9.721013643491748,13
3113634,9.734028057673061,10
3113648,9.677375706846613,14
3113657,9.805796142786855,9
3113661,9.94326189976549,4
3113662,10.0,1
3113670,9.832363436787231,8
3113678,9.829658727908203,8
3113683,9.919448421632502,5
3113684,10.0,1
3113685,10.0,1
3113690,9.907052945917334,5
3113694,9.938637754857613,4
3113698,9.942148326742874,4
3113705,9.868958338891705,7
3113718,9.705009435889373,13
3113723,9.921409250489216,5
3113731,9.855955309008603,8
3113742,9.75960578316,11
3113749,9.786639822208755,7
3113752,9.95946096935906,3
3113761,9.794966919998819,9
3113765,9.923972258141783,4
3113767,9.979491930174492,2
3113774,9.907632075246855,7
3113775,10.0,1
3113786,9.779005091644256,11
3113790,9.941162379929047,4
3113791,10.0,1
3113801,9.843004804304195,10
3113802,10.0,1
3113807,9.90731996103192,5
3113820,9.687265016739275,13
3113830,9.8075519686832,10
3113838,9.844535389970346,8
3113842,9.942574539345184,4
3113852,9.805909627861388,10
3113862,9.76330075102637,10
3113869,9.857046005262909,7
3113875,9.892346025757567,6
3113884,9.841259683987872,9
3113890,9.885161649594513,6
3113899,9.808201605135098,9
3113909,9.786001498459633,10
3113917,9.816747754139548,8
3113924,9.882666841777484,7
3113940,9.634242747464196,16
3113941,10.0,1
3113944,9.86512096308245,3
3113961,9.520637994530844,17
3113966,9.94110765209442,5
3113974,9.869480883779064,8
3113982,9.85725699685266,8
3113992,9.790529616042994,10
3113996,9.927315177241214,4
3114006,9.604495574768789,10
3114007,10.0,1
3114022,9.681591033553143,15
3114030,9.85854013490421,8
3114040,9.781776815356489,10
3114053,9.702245108670994,13
3114061,9.872663335266301,8
3114077,9.628964312553387,16
3114084,9.864222853158786,7
3114097,9.706103507025977,13
3114110,9.716227427201842,13
3114117,9.847804162008591,7
3114123,9.901956719694246,6
3114128,9.932688429829263,5
3114131,9.960596146544678,3
3114141,9.809448812764286,10
3114151,9.773600648813565,10
3114156,9.922252472812998,5
3114166,9.796442114095582,10
3114181,9.672742439136892,15
3114188,9.86428527492605,7
3114195,9.871754440553367,7
3114197,9.976350350584926,2
3114204,9.867095971880994,7
3114207,9.963443681437544,3
3114214,9.887714954410468,7
3114223,9.79108778492079,9
3114228,9.910439442443751,5
3114238,9.815840142205154,10
3114248,9.585913257935552,10
3114263,9.66660977601725,15
3114274,9.778489856967466,11
3114289,9.671321773487684,15
3114305,9.656510819749055,16
3114306,10.0,1
3114315,9.802382241762315,9
3114317,9.978309879651368,2
3114322,9.925187473113967,5
3114332,9.819129663631843,10
3114337,9.91325354373906,5
3114338,10.0,1
3114342,9.943654205883599,4
3114354,9.767319744195607,12
3114371,9.588855924224301,17
3114372,10.0,1
3114378,9.89561894089873,6
3114379,10.0,1
3114393,9.136863068369,14
3114405,9.734302933808266,12
3114416,9.738165922013547,11
3114425,9.805035467136728,9
3114445,9.489464080071551,20
3114457,9.735084392536667,12
3114458,10.0,1
3114468,9.78465700254994,10
3114478,9.835485147737055,10
3114497,9.372647095903762,19
3114504,9.862328018564817,7
3114508,9.93552022186171,4
3114515,9.870720791723038,7
3114522,9.888017567128966,7
3114529,9.889822191668939,7
3114538,9.830076357200438,9
3114542,9.931014348296374,4
3114555,9.725923831309704,13
3114568,9.73408772924093,13
3114579,9.653017989373048,11
3114584,9.804102229115934,5
3114588,9.932493426084056,4
3114603,9.650730984377592,15
3114608,9.907032679260917,5
3114614,9.90339000040232,6
3114619,9.918012892635824,5
3114629,9.800413744112427,10
3114638,9.836283001771983,9
3114662,6.3270222390113435,24
3114679,9.285327094801854,17
3114692,9.705069008648339,13
3114703,9.766510267783826,11
3114704,10.0,1
3114716,9.752290303433865,12
3114725,9.811897388527601,9
3114729,9.948343649319863,4
3114744,9.65577731909271,15
3114756,9.732756512912186,12
3114761,9.923986231643154,5
3114777,9.677556225759048,16
3114789,9.724341197397525,12
3114804,9.673838672148545,15
3114814,9.816682621292124,10
3114822,9.848854776638044,8
3114832,9.789277889218102,10
3114843,9.801960035857055,11
3114844,9.996205511328572,1
3114847,9.945958318461257,3
3114852,9.92234045101116,5
3114856,9.945559164041072,4
3114860,9.947886424679352,4
3114872,9.748512175908006,12
3114879,9.857736615544981,7
3114887,9.84624887397674,8
3114898,9.795157571191414,11
3114904,9.916048402948581,6
3114913,9.819593722609039,9
3114914,9.993109649709162,1
3114918,9.949181254217537,4
3114930,9.763449362172137,12
3114935,9.927291501929984,5
3114948,9.737350155939046,13
3114959,9.76537523147985,11
3114971,9.755267058270148,12
3114981,9.683880600087907,10
3114997,9.585368573407422,16
3115004,9.899769297768144,7
3115014,9.783520300808801,10
3115019,9.927468039270758,5
3115029,9.829418100642151,10
3115035,9.903924936707448,6
3115041,9.895592041856007,6
3115048,9.890606118649806,7
3115053,9.898107423791698,5
3115062,9.851401116202558,9
3115071,9.819947707698297,9
3115080,9.802036841223211,9
3115093,9.711423327459567,13
3115094,10.0,1
3115103,9.818448715407387,9
3115119,9.665314847842154,16
3115125,9.886052760414566,6
3115126,10.0,1
3115138,9.732326793482176,12
3115156,9.589154393883504,18
3115160,9.934627184576525,4
3115161,10.0,1
3115167,9.905976697990491,6
3115174,9.858369741330929,7
3115185,9.750666178466084,11
3115196,9.746905012267097,11
3115197,10.0,1
3115207,9.767484774440838,10
3115212,9.921694839351606,5
3115218,9.918750395986166,6
3115230,9.756620360013285,12
3115238,9.817562306169172,8
3115239,10.0,1
3115244,9.92066503153199,5
3115250,9.876527074928447,6
3115251,9.992995194288019,1
3115258,9.875747147345999,7
3115266,9.851730922292413,8
3115267,10.0,1
3115273,9.899842159135464,6
3115276,9.950123702930506,3
3115281,9.925525302510316,5
3115288,9.889535040331738,7
3115299,9.775566610518595,11
3115310,9.779508004522244,11
3115319,9.341307044346935,9
3115334,9.656244062024703,15
3115345,9.739628845424361,11
3115355,9.784021068517259,10
3115373,9.63359689385414,18
3115379,9.911617292918987,6
3115382,9.954876588955468,3
3115386,9.953615846403013,4
3115387,10.0,1
3115401,9.698896317665223,14
3115414,9.722183267252152,13
3115434,9.48518262460843,20
3115441,9.893677277263194,7
3115447,9.912745777370796,6
3115455,9.849773516626914,8
3115464,9.821026659271137,9
3115465,10.0,1
3115469,9.939703435979409,4
3115481,9.722970425566348,12
3115487,9.90004224060976,6
3115499,9.72872437002551,12
3115512,9.704567720186754,13
3115527,9.65742948145725,15
3115533,9.874767087456714,6
3115541,9.862049201294916,8
3115549,9.844442107536448,8
3115556,9.864395092393634,7
3115563,9.8466320183384,7
3115574,9.769095370895839,11
3115579,9.913273355072441,5
3115590,9.764199691876213,11
3115594,9.94982168787176,4
3115609,9.663722078527336,15
3115622,9.699137728012955,13
3115623,10.0,1
3115635,9.743111392410167,12
3115636,10.0,1
3115645,9.806834359029887,9
3115652,9.856208150318151,7
3115653,9.98726178176847,1
3115660,9.891831462180603,7
3115667,9.856737636885986,7
3115675,9.859890517872492,8
3115688,9.715376254015926,13
3115689,10.0,1
3115700,9.745884606265903,11
3115714,9.69570644312591,14
3115718,9.92338758933525,4
3115725,9.853974661934071,7
3115735,9.782924980848481,10
3115740,9.934875383675925,5
3115752,9.724989295274222,12
3115762,9.789095512736852,10
3115775,9.712734429009895,13
3115790,9.387695715823588,15
3115800,9.78559772469929,10
3115804,9.942692034574472,4
3115810,9.913521423592236,6
3115811,10.0,1
3115815,9.935637884033639,4
3115822,9.878035276368054,7
3115828,9.892271341816247,6
3115832,9.94218817473366,4
3115835,9.951094997928346,3
3115844,9.811960002160479,9
3115850,9.886522645929363,6
3115861,9.763409999354828,11
3115870,9.863392619133677,9
3115881,9.684794533288308,11
3115897,9.61667614833038,16
3115908,9.780893471826019,11
3115918,9.829055651469579,10
3115929,9.772645125810937,11
3115941,9.738555412740912,12
3115954,9.709308274512875,13
3115964,9.802351685175521,10
3115971,9.903786437680791,7
3115972,10.0,1
3115985,9.73641501607203,13
3115991,9.909115220363697,6
3116004,9.714536609765696,13
3116019,9.323578766075162,15
3116031,9.745664337483278,12
3116044,9.739338697322788,13
3116051,9.855715944652607,7
3116054,9.966974275685851,3
3116055,10.0,1
3116063,9.847604207141016,8
3116067,9.937176093859968,4
3116075,9.822460177917378,8
3116077,9.974566144634549,2
3116085,9.832794642892129,8
3116104,9.533733780154813,19
3116119,9.64535714535351,15
3116129,9.786831052831223,10
3116141,9.735304908314314,12
3116148,9.86774167480231,7
3116151,9.962039215995185,3
3116158,9.846981783319322,7
3116168,9.781123646063334,10
3116171,9.968521310342345,3
3116183,9.750381577178391,12
3116184,10.0,1
3116189,9.925263360300493,5
3116203,9.671602337929567,14
3116211,9.859874329446988,8
3116219,9.835225528970293,8
3116231,9.738833066406375,12
3116239,9.885269085251503,8
3116250,9.785638201689505,11
3116265,9.73728370604318,15
3116275,9.7758739822591,10
3116284,9.831121191236498,9
3116290,9.904712601796222,6
3116296,9.908191645059485,6
3116303,9.865930859813908,7
3116304,10.0,1
3116311,9.874860120706748,7
3116337,9.423550741490038,26
3116338,10.0,1
3116351,9.712509162219783,13
3116365,9.682497478258698,14
3116381,9.635435474478488,16
3116390,9.836386436297609,9
3116391,10.0,1
3116396,9.9184785810401,5
3116402,9.897389132909998,6
3116410,9.846717551124705,8
3116427,9.706190771999953,17
3116439,9.737674167447512,12
3116450,9.768188620021972,11
3116457,9.876392233567488,7
3116470,9.703942403801932,13
3116480,9.843757230043721,10
3116495,9.728595407825958,15
3116507,9.756897601009335,12
3116512,9.89871135315467,5
3116527,9.664247840090237,15
3116535,9.861044801922578,8
3116538,9.966187158378709,3
3116550,9.78662381178507,12
3116551,10.0,1
3116559,9.844666446273,8
3116564,9.918690063774447,5
3116568,9.932540167199933,4
3116581,9.71298411502717,13
3116586,9.919368189453204,5
3116587,10.0,1
3116588,10.0,1
3116599,9.765349057916179,11
3116604,9.924889758386046,5
3116613,9.796716805154858,9
3116622,9.81081152151887,9
3116623,10.0,1
3116633,9.793745060754864,10
3116637,9.937411451592485,4
3116644,9.87817506469227,7
3116649,9.917926892191069,5
3116665,9.63028523633656,16
3116679,9.657377064252026,14
3116697,9.407670225751891,18
3116702,9.917112498589194,5
3116717,9.298581289261504,15
3116725,9.85684591894529,8
3116741,9.611277266027589,16
3116743,9.98127022969749,2
3116747,9.939270900038842,4
3116754,9.883765021076908,7
3116766,9.744341349412252,12
3116771,9.920416116435483,5
3116774,9.962816584226939,3
3116777,9.95697067104656,3
3116784,9.8709108471143,7
3116786,9.974548929886806,2
3116797,9.761479632651872,11
3116811,9.676906280236313,14
3116826,9.6613145542005,15
3116831,9.90367123485691,5
3116842,9.753724128106894,11
3116847,9.920522777240743,5
3116848,10.0,1
3116849,9.988934090127215,1
3116851,9.976268897102475,2
3116852,10.0,1
3116862,9.787678610672756,10
3116866,9.943221610832465,4
3116876,9.798826815639226,10
3116891,9.68627758057445,15
3116901,9.788544194635625,10
3116902,10.0,1
3116910,9.860112361352423,8
3116921,9.75449856398283,11
3116927,9.889409888723653,6
3116933,9.87742846348236,6
3116946,9.720908608817002,13
3116959,9.693835873135118,13
3116965,9.900066474009888,6
3116973,9.827033467746718,8
3116984,9.775877904555607,11
3116991,9.851641760977193,7
3117000,9.819396932905676,9
3117001,10.0,1
3117005,9.937664335633396,4
3117013,9.839070817725649,8
3117024,9.788645908047148,11
3117036,9.78062541001758,12
3117045,9.820661614203292,9
3117057,9.74444826838836,12
3117068,9.763276723246443,11
3117077,9.826021646834723,9
3117078,10.0,1
3117087,9.808745543925307,9
3117098,8.759312245067877,11
3117110,9.77054512204035,12
3117119,9.803660578065628,9
3117129,9.812116148091516,10
3117144,9.66491505875353,15
3117158,9.68616448544235,14
3117164,9.891213997123645,6
3117170,9.895091835511234,6
3117181,9.734640314699762,11
3117182,10.0,1
3117192,9.566172292798608,10
3117205,9.74535021903374,13
3117216,9.775518005386358,11
3117228,9.738024267211776,12
3117243,9.661018053905678,15
3117249,9.879061040648603,6
3117256,9.838052765975473,7
3117270,9.7212445533658,14
3117281,9.745778022606977,11
3117283,9.983729817930637,2
3117294,9.755930616256352,11
3117302,9.833891870819945,8
3117313,9.278599716683363,11
3117329,9.681230051011113,16
3117338,9.839716974976609,9
3117339,10.0,1
3117345,9.898988986375262,6
3117346,9.992557617603133,1
3117356,9.762996895420551,10
3117362,9.908151298019677,6
3117382,9.405551313664677,20
3117392,9.795259016954956,10
3117405,9.728833046127196,13
3117411,9.895085573946462,6
3117416,9.927740891419255,5
3117424,9.855657694160737,8
3117428,9.741599970574669,4
3117435,9.883805305634615,7
3117446,9.772098500753351,11
3117455,9.82910398548432,9
3117470,9.626781860170855,15
3117475,9.919192873478107,5
3117476,10.0,1
3117482,9.90510125144877,6
3117491,9.813645620403353,9
3117498,9.870134238630154,7
3117503,9.920621846591644,5
3117511,9.844878230421623,8
3117520,9.829569381915647,9
3117531,9.775742314898224,11
3117542,9.763659793020167,11
3117543,9.987458520525836,1
3117553,9.801285502115332,10
3117563,9.798168158086584,10
3117573,9.767048991061754,10
3117574,10.0,1
3117582,9.837735563044673,8
3117589,9.862453599391062,7
3117597,9.83059863634645,8
3117608,9.753272490596785,11
3117615,9.847644436125414,7
3117631,9.645555557251647,16
3117640,9.818381558295597,9
3117650,9.792056229889093,10
3117654,9.935880556397466,4
3117668,9.664549748699082,14
3117680,9.74816772160912,12
3117685,9.916238347165079,5
3117700,9.685098961075525,15
3117710,9.823635744699983,10
3117730,9.510333044398173,20
3117750,9.507753043369076,20
3117752,9.986407669514488,2
3117760,9.856986221901256,8
3117763,9.964612782282197,3
3117775,9.739359792115938,12
3117786,9.787573684754907,11
3117800,9.697908344543997,14
3117807,9.883444567557175,7
3117820,9.700934115863811,13
3117823,9.962026410521036,3
3117831,9.655364618189505,8
3117832,10.0,1
3117842,9.807228694489494,10
3117855,9.783244778003548,13
3117860,9.91607208620338,5
3117877,9.56462147968772,17
3117890,9.692018997635465,13
3117902,9.757230123168394,12
3117903,10.0,1
3117912,9.86523289255973,9
3117931,9.55147686657133,19
3117939,9.827890061835868,8
3117944,9.901641080175198,5
3117960,9.60772776147523,16
3117961,10.0,1
3117966,9.906027612965662,5
3117973,9.864773466490194,7
3117980,9.88217660329929,7
3117983,9.946787517901583,3
3117991,9.866507635882725,8
3118004,9.739696595995108,13
3118016,9.728951366517625,12
3118033,9.616990893495533,17
3118046,9.69252842882585,13
3118047,10.0,1
3118055,9.85155815780543,8
3118063,9.8245634742389,8
3118073,9.804199725326695,10
3118094,9.469582409864321,21
3118101,9.88487629027997,7
3118113,9.763878993706996,12
3118114,10.0,1
3118119,9.929275917427727,5
3118128,9.80406238878051,9
3118145,9.58982073339017,17
3118154,9.796041516852014,9
3118165,8.982574502013634,11
3118177,9.623211212994269,12
3118190,9.725046658802318,13
3118195,9.910771712271961,5
3118203,9.655516224208013,8
3118210,9.85274203467643,7
3118211,10.0,1
3118219,9.852467147531494,8
3118227,9.855170098611465,8
3118228,10.0,1
3118232,9.93303276523703,4
3118236,9.944035310560341,4
3118247,9.783342339369698,11
3118257,9.800023234601154,10
3118272,9.67997927867108,15
3118283,9.728726831614212,11
3118293,9.769276550770481,10
3118301,9.83172098555003,8
3118305,9.948641850245986,4
3118311,9.895148465432374,6
3118324,9.705734025274632,13
3118334,9.801187737042559,10
3118339,9.914517829241518,5
3118346,9.901613788724928,7
3118356,9.77148763622317,10
3118371,9.64008770065105,15
3118378,9.867320034076345,7
3118382,9.928040666757685,4
3118396,9.645045610490333,14
3118400,9.958143684233493,4
3118406,9.897530110285832,6
3118418,9.783419274980572,12
3118430,9.780057314152357,12
3118447,8.848827075194547,17
3118460,9.700028858434958,13
3118467,9.886211965688078,7
3118475,9.823354196272588,8
3118490,9.70146499660826,15
3118503,9.731583150703289,13
3118511,9.833273870993503,8
3118534,9.615238469920216,23
3118547,9.691899254654233,13
3118552,9.931663049646652,5
3118568,9.68552204591621,16
3118576,9.829647066002243,8
3118585,9.826564918275912,9
3118602,9.159428345137414,17
3118612,9.780426991086046,10
3118624,9.730896621528347,12
3118633,9.803926558596281,9
3118647,9.749599915110123,14
3118648,10.0,1
3118661,9.654910091359978,13
3118662,10.0,1
3118670,9.836573977181093,8
3118679,9.826212150035023,9
3118681,9.984963652876496,2
3118691,9.78675455431275,10
3118694,9.952052171746793,3
3118698,9.929522015049846,4
3118705,9.861155646823022,7
3118714,9.800345022083857,9
3118722,9.838201515712976,8
3118729,9.870657070287354,7
3118740,9.773291812517558,11
3118751,9.581086971318102,11
3118758,9.89104909269742,7
3118771,9.634541579407058,13
3118780,9.813756705631981,9
3118784,9.954228537802418,4
3118786,9.977327657593387,2
3118800,9.725532927791143,14
3118811,9.760138863311925,11
3118816,9.920015460280487,5
3118826,9.798216831844528,10
3118838,9.749351922819107,12
3118844,9.897718313780771,6
3118853,9.790153048530465,9
3118864,9.778463192481897,11
3118874,9.771726842056982,10
3118885,9.789549282217827,11
3118895,9.786702594439392,10
3118896,10.0,1
3118903,9.865356526702445,7
3118913,9.795658007910164,10
3118922,9.823385465986972,9
3118937,9.691262851882179,15
3118945,9.854627142542613,8
3118954,9.828791318323645,9
3118968,9.671269152046769,14
3118980,9.750307588224652,12
3118986,9.882965177216295,6
3119000,9.718364644011388,14
3119002,9.966778856543486,2
3119005,9.95128938143973,3
3119014,9.836532204574747,9
3119015,10.0,1
3119019,9.939110557742817,4
3119020,10.0,1
3119026,9.87421089155038,6
3119030,9.93340284343111,4
3119036,9.879165255854444,6
3119045,9.852094261028519,9
3119056,9.762046752933278,11
3119069,9.711771597429431,13
3119072,9.960183527188041,3
3119074,9.983656973451877,2
3119079,9.920635172366403,5
3119082,9.963169620142748,3
3119101,9.5721304764439,19
3119108,9.840541207004446,7
3119116,9.844143498681015,8
3119129,9.705158007642114,13
3119143,9.683679716189632,14
3119151,9.824368398473295,8
3119171,9.543726576165463,20
3119177,9.895794524378113,6
3119193,9.59924247368909,16
3119200,9.773973221444274,7
3119214,9.708321905200783,14
3119222,9.82765723842033,8
3119234,9.755370442670198,12
3119242,9.824613120142846,8
3119252,9.803125266310149,10
3119254,9.974399003236663,2
3119255,10.0,1
3119265,9.78846412912746,10
3119266,10.0,1
3119280,9.698075328230583,14
3119281,10.0,1
3119292,9.750331581089966,11
3119301,9.81245271440894,9
3119307,9.875074596406716,6
3119317,9.825237136745733,10
3119322,9.912157453398638,5
3119329,9.876885417666937,7
3119337,9.846461086950201,8
3119338,10.0,1
3119347,9.819176484218012,9
3119351,9.921405134436291,4
3119365,9.665714683848378,14
3119366,10.0,1
3119374,9.852518437527172,8
3119387,9.716489379072915,13
3119400,9.76967294102979,13
3119417,9.671591796331162,17
3119425,9.841120970353831,8
3119435,9.805434371774115,10
3119436,10.0,1
3119445,9.813240954299545,9
3119456,9.216199017500497,11
3119463,9.869664308101125,7
3119479,9.628873935371928,16
3119492,9.712278209881132,13
3119497,9.934386037105236,5
3119501,9.95458355597341,4
3119512,9.748383862556215,11
3119517,9.919980710349018,5
3119522,9.922728292094465,5
3119526,9.937695284935682,4
3119534,9.849581350185261,8
3119543,9.809024709816567,9
3119552,9.805390293680814,9
3119563,9.732427201003079,11
3119574,9.755686539762703,11
3119575,10.0,1
3119646,8.822175253533947,71
3119652,9.916254273612664,6
3119653,10.0,1
3119663,9.809888157243684,10
3119677,9.690654552862313,14
3119685,9.839966983244976,8
3119703,9.54129528708962,18
3119708,9.930054180403598,5
3119720,9.761831972025544,12
3119731,9.769256679404991,11
3119748,9.575674037587905,17
3119749,10.0,1
3119753,9.929587332536308,4
3119754,10.0,1
3119771,9.611519900607064,17
3119777,9.872082937978004,6
3119806,9.287781746049314,29
3119816,9.799899998310599,10
3119829,9.721993914535853,13
3119840,9.750901862590348,11
3119843,9.96172922729994,3
3119850,9.880335976323803,7
3119865,9.50407516803022,15
3119866,10.0,1
3119867,9.992003053831068,1
3119884,9.650932126597423,17
3119899,9.64265191496718,15
3119906,9.87192313004739,7
3119909,9.962608172898557,3
3119913,9.940381041422395,4
3119922,9.826836583586221,9
3119931,9.814661792460727,9
3119942,9.76018098982841,11
3119946,9.943285837827288,4
3119955,9.819891005257555,9
3119959,9.935891684752097,4
3119967,9.82197020794272,8
3119980,9.749351356760616,13
3119981,10.0,1
3119997,9.619412659737415,16
3120009,9.733366812515493,12
3120024,9.679571653633054,15
3120035,9.758760630759825,11
3120049,9.585235147641235,14
3120053,9.938705770620702,4
3120064,9.783737715430991,11
3120073,9.842667090053595,9
3120079,9.890434475967966,6
3120089,9.80050320384979,10
3120100,9.743733202870786,11
3120103,9.954147114473468,3
3120115,9.740222767000308,12
3120121,9.887888028057365,6
3120129,9.85843001421334,8
3120137,9.838107408094425,8
3120145,9.838643712107594,8
3120150,9.912128159615568,5
3120157,9.863316680581697,7
3120160,9.96517526572334,3
3120177,9.412938247400684,17
3120183,9.901806403475486,6
3120191,9.819901626620949,8
3120196,9.913584486342938,5
3120207,9.76336476475649,11
3120214,9.875592983074618,7
3120222,9.866104846333364,8
3120234,9.773569612842994,12
3120236,9.9788943419475,2
3120237,10.0,1
3120248,9.741321317322289,11
3120256,9.849714407146166,8
3120266,9.808607774900448,10
3120267,10.0,1
3120281,9.693454950031244,14
3120282,9.996361368241068,1
3120292,9.7888824759572,10
3120300,9.854347707561592,8
3120307,9.873341341039243,7
3120318,9.76192158720631,11
3120324,9.907636518950246,6
3120340,9.449264858980332,16
3120357,9.588657299713628,17
3120362,9.933523151531798,5
3120367,9.920484521925488,5
3120376,9.81309014775539,9
3120381,9.922203019988855,5
3120386,9.929887395300605,5
3120392,9.911184734549037,6
3120398,9.880095240875486,6
3120414,9.63847723148617,16
3120424,9.793533894845956,10
3120439,9.666621700513517,15
3120444,9.917579507520525,5
3120454,9.806413580710347,10
3120459,9.929286602201227,5
3120471,9.737591934606836,12
3120480,9.801016753591314,9
3120489,9.835426089381281,9
3120502,9.711880695989123,13
3120522,9.592954826945848,20
3120531,9.838673901041043,9
3120534,9.961313031171436,3
3120543,9.80002242791717,9
3120550,9.881622800206191,7
3120560,9.822468985706623,10
3120568,9.839871994191004,8
3120572,9.944828460714929,4
3120586,9.727391279169348,14
3120587,9.9883638080267,1
3120591,9.941205912731478,4
3120597,9.88901376425627,6
3120608,9.761346205403134,11
3120619,9.777324843234286,11
3120622,9.961636608404827,3
3120631,9.852231991850285,9
3120638,9.866653964248618,7
3120642,9.939680573471053,4
3120643,9.993013155381533,1
3120657,9.7135833244511,14
3120669,9.716525135159028,12
3120677,9.859806250759231,8
3120682,9.914447759543064,5
3120690,9.847306455481668,8
3120703,9.716234151271728,13
3120705,9.970274182677173,2
3120720,9.654275332338862,15
3120728,9.857610878618585,8
3120738,9.789525735393802,10
3120746,9.835651966068639,8
3120751,9.93500076008458,5
3120754,9.956005563088961,3
3120763,9.81964351968432,9
3120768,9.922275087863515,5
3120784,9.624597829201425,16
3120799,9.719385169571304,15
3120818,7.488058758548983,19
3120828,9.77892573070212,10
3120834,9.890131180964604,6
3120841,9.876615989981204,7
3120851,9.76951937138507,10
3120852,10.0,1
3120861,9.804376183344745,9
3120862,10.0,1
3120863,10.0,1
3120870,9.882851661522386,7
3120883,9.685715492193909,13
3120895,9.730851884781485,12
3120901,9.90194246283747,6
3120905,9.939494856400813,4
3120910,9.914208464744183,5
3120914,9.930901140712487,4
3120926,9.727112203911144,12
3120936,9.795309003242231,10
3120947,9.77660127066131,11
3120953,9.872823178101141,6
3120963,9.834373033300267,10
3120967,9.925346958675942,4
3120973,9.88956086621166,6
3120979,9.892296829534793,6
3120990,9.749714652568558,11
3120991,10.0,1
3121003,9.713763420938706,12
3121012,9.807104238604587,9
3121019,9.851943669508097,7
3121029,9.832912249736141,10
3121038,9.816271556210133,9
3121056,9.57275857443577,18
3121065,9.696702837436275,9
3121076,9.782774986069855,11
3121093,9.575772619024809,17
3121094,10.0,1
3121101,9.879452243958246,7
3121116,9.643161385063339,15
3121131,9.704617776212729,15
3121137,9.894599791547504,6
3121148,9.684896956796253,11
3121161,9.735702163368128,13
3121166,9.91838872446888,5
3121184,9.587616841633265,18
3121195,9.783625584479873,11
3121205,9.780341895742177,10
3121212,9.883502758255704,7
3121227,9.64939163496375,15
3121231,9.931717649402783,4
3121236,9.906048138110751,5
3121246,9.808467711620253,10
3121247,10.0,1
3121257,9.756080386645875,10
3121271,9.684363686596958,14
3121272,10.0,1
3121273,9.989599787796656,1
3121274,10.0,1
3121285,9.757558004413955,11
3121296,9.775163392363881,11
3121313,9.595472654620714,17
3121321,9.816135107541418,8
3121332,9.77588937738303,11
3121343,9.748756800187657,11
3121351,9.85338934950865,8
3121355,9.93881845231901,4
3121366,9.780224892649997,11
3121378,9.745879504213068,12
3121391,9.763323850100312,13
3121400,9.81803258857861,9
3121407,9.864244849864685,7
3121408,10.0,1
3121421,9.733649892798523,13
3121422,10.0,1
3121434,9.766767687548963,12
3121449,9.660809806704766,15
3121454,9.916056511559303,5
3121464,9.800274941546274,10
3121465,9.992928642929668,1
3121476,9.749611879735548,11
3121487,9.773763374200902,11
3121494,9.850488914277147,7
3121506,9.753049596501267,12
3121507,10.0,1
3121512,9.918748014565303,5
3121520,9.838765011189732,8
3121529,9.827894765083856,9
3121540,9.760795357841262,11
3121541,9.996155886936224,1
3121549,9.837065174781173,8
3121550,10.0,1
3121556,9.904767684709018,6
3121557,9.98910335778203,1
3121571,9.681062812165585,14
3121583,9.737804527895452,12
3121585,9.96790978143178,2
3121599,9.663882422374634,14
3121608,9.843923153559997,9
3121624,9.670368651371067,16
3121630,9.896560569385402,6
3121638,9.86376269287325,8
3121645,9.775368943914527,7
3121653,9.836452625982176,8
3121661,9.836234334736043,8
3121662,10.0,1
3121668,9.915998866871533,6
3121673,9.924346261921492,5
3121680,9.862101009206349,7
3121690,9.790429200366157,10
3121691,10.0,1
3121696,9.917004544540044,5
3121705,9.80748454257052,9
3121706,10.0,1
3121708,9.980115574764111,2
3121716,9.869486248713994,8
3121725,9.837169993174046,9
3121739,9.710829394877479,14
3121749,9.79402406526838,10
3121760,9.78218669050043,11
3121761,10.0,1
3121774,9.701161096503554,13
3121788,9.706133051240345,14
3121797,9.848290761659626,9
3121810,9.737286966540893,13
3121817,9.860920746838953,7
3121818,10.0,1
3121830,9.740635810772465,12
3121844,9.686062060236521,14
3121854,9.820845218785394,10
3121861,9.871934235851018,7
3121870,9.813309498066195,9
3121875,9.911165535632897,5
3121881,9.904364847704885,6
3121890,9.811579230205206,9
3121897,9.87875645827417,7
3121905,9.822723619985847,8
3121906,10.0,1
3121914,9.854114172725,8
3121921,9.75576283670535,7
3121927,9.69249949607669,6
3121936,9.793009561947883,9
3121944,9.861720595649222,8
3121956,9.71590767629648,12
3121970,9.706410196430285,14
3121984,9.672239822364409,14
3121985,9.987972732677896,1
3121988,9.9548969888812,3
3121996,9.837109678926469,8
3122004,9.838875494850594,8
3122015,9.760615282386398,11
3122024,9.818310174391206,9
3122026,9.980823801609763,2
3122038,9.741012735297726,12
3122052,9.639386590105756,14
3122062,9.803254653512838,10
3122069,9.87825990421243,7
3122070,9.992091001623178,1
3122082,9.748110714229446,12
3122083,10.0,1
3122089,9.888600218314702,6
3122096,9.852993751064645,7
3122097,10.0,1
3122109,9.736485684634895,12
3122116,9.886423288363458,7
3122132,9.414864705686776,16
3122143,9.805053599615164,11
3122147,9.942159023250534,4
3122151,9.94209974736128,4
3122158,9.871694361346115,7
3122160,9.97283834489121,2
3122170,9.79923786846436,10
3122175,9.895015222810775,5
3122183,9.848238920338282,8
3122198,9.665665702501268,15
3122211,9.708708013648668,13
3122220,9.801091680766753,9
3122224,9.928691430268053,4
3122234,9.773429290089178,10
3122237,9.870802655911397,3
3122249,9.724722506882443,12
3122256,9.868371867469703,7
3122261,9.916190264732228,5
3122272,9.76795595630982,11
3122282,9.772114477100635,10
3122292,9.79009291712553,10
3122297,9.921566083634897,5
3122310,9.689384837176682,13
3122311,10.0,1
3122322,9.790134386242839,11
3122331,9.803619161844326,9
3122344,9.756752682555645,13
3122348,9.927862430913393,4
3122357,9.832126198701385,9
3122371,9.658201980868093,14
3122381,9.82907063159562,10
3122395,9.719425984583896,14
3122403,9.84216481888111,8
3122411,9.850615280472011,8
3122418,9.85638321749684,7
3122429,9.784912018499172,11
3122438,9.786593112861166,9
3122451,9.691303882687219,13
3122458,9.863233366506055,7
3122471,9.726757560234928,13
3122481,9.798402157466295,10
3122486,9.903460878053036,5
3122495,9.8539658213188,9
3122499,9.934092147425241,4
3122506,9.884262898060937,7
3122515,9.819197393967542,9
3122516,10.0,1
3122526,9.80395174946918,10
3122532,9.897065050439451,6
3122535,9.956448489869933,3
3122548,9.715617376013103,13
3122554,9.898735067737444,6
3122558,9.926072323231336,4
3122569,9.747681952702084,11
3122581,9.73346199127484,12
3122592,9.559724528796426,11
3122606,9.6889229924024,14
3122617,9.742902528378046,11
3122622,9.906050817695231,5
3122628,9.89839879651281,6
3122633,9.90504563626155,5
3122647,9.664176466253538,14
3122651,9.945592496840725,4
3122652,10.0,1
3122667,9.699502891976987,15
3122700,5.9021716017467325,33
3122705,9.9071228010846,5
3122706,10.0,1
3122708,9.977562097225594,2
3122718,9.789048382761917,10
3122719,10.0,1
3122728,9.802177972525202,9
3122741,9.59788979238399,13
3122750,9.81143578311712,9
3122753,9.961444744543424,3
3122770,9.42807534504974,17
3122778,9.839444115857292,8
3122786,9.827326202564759,8
3122796,9.808806883453197,10
3122803,9.87610534919217,7
3122804,10.0,1
3122812,9.852763234837731,8
3122827,9.659189073808683,15
3122842,9.627790239989391,15
3122856,9.712427954102086,14
3122866,9.808726287814016,10
3122870,9.927182040951763,4
3122884,9.688527328393533,14
3122892,9.843170403185646,8
3122903,9.742481066387143,11
3122905,9.872085867583472,2
3122917,9.611262736666875,12
3122918,10.0,1
3122931,9.693059061711091,13
3122936,9.920450883723728,5
3122945,9.823789523011762,9
3122950,9.902351941902277,5
3122961,9.778619174316162,11
3122967,9.897010698199885,6
3122968,10.0,1
3122974,9.902837716508145,6
3122983,9.804820550977478,9
3122993,9.78824689141748,10
3123003,9.813839542382725,10
3123012,9.812418922746478,9
3123017,9.91227700971558,5
3123020,9.958548317457973,3
3123029,9.855698321867528,9
3123033,9.93240771675977,4
3123038,9.911843675905772,5
3123044,9.895332462369403,6
3123049,9.922107734737487,5
3123058,9.845744456707493,9
3123072,9.40543210055736,14
3123080,9.829752894293796,8
3123091,9.762097397410805,11
3123102,9.762684140903156,11
3123103,9.996207423823332,1
3123114,9.817238770521248,11
3123122,9.829631102968314,8
3123126,9.936670490800516,4
3123130,9.929509696579006,4
3123135,9.90739015528371,5
3123136,10.0,1
3123147,9.753840702389983,11
3123161,9.681647116354295,14
3123171,9.822257021692199,10
3123174,9.959000881020348,3
3123187,9.70118652261202,13
3123190,9.95682405842101,3
3123195,9.922449626156553,5
3123209,9.671830611635258,14
3123225,9.644981505778329,16
3123238,9.71057879406386,13
3123243,9.927966433972978,5
3123244,10.0,1
3123256,9.775908961944719,12
3123269,9.757388112027483,13
3123274,9.89978958196803,5
3123280,9.876445433536869,6
3123283,9.965960061799022,3
3123297,9.712810238369057,14
3123309,9.754467171128622,12
3123317,9.846227994623277,8
3123323,9.904317833784816,6
3123329,9.912637942830472,6
3123335,9.890821327993077,6
3123347,9.74425219305673,12
3123359,9.724710392112252,12
3123366,9.87410838607147,7
3123373,9.875532128472697,7
3123380,9.876004826002802,7
3123391,9.766955485847662,11
3123395,9.937718986216895,4
3123404,9.814526301717866,9
3123412,9.842968899909557,8
3123425,9.736834011509584,13
3123435,9.79469575959597,10
3123442,9.87025657550613,7
3123448,9.881939480658957,6
3123459,9.783713977148883,11
3123468,9.813409710245617,9
3123469,10.0,1
3123477,9.82473701449311,8
3123492,9.649067243144652,15
3123502,9.785092577480981,10
3123504,9.976220643736164,2
3123516,9.791530483434387,12
3123529,9.763850740230836,13
3123538,9.818180330464948,9
3123544,9.893984786292336,6
3123555,9.788862737120128,11
3123565,9.809002586362466,10
3123572,9.874933377828038,7
3123584,9.717717441078015,12
3123589,9.903829958293208,5
3123592,9.956919821378737,3
3123599,9.875715645067606,7
3123617,9.569128400297465,18
3123633,9.617308085468586,16
3123634,9.991816789770683,1
3123646,9.740140836470218,12
3123652,9.906592062571413,6
3123661,9.80976218033121,9
3123665,9.924174959866784,4
3123670,9.901534506252135,5
3123677,9.86948957327817,7
3123683,9.892652602656398,6
3123692,9.724632872600319,9
3123698,9.89948997999705,6
3123716,9.566736486043299,18
3123722,9.796643352569909,6
3123727,9.913241583001403,5
3123733,9.89306883381278,6
3123744,9.751302274416494,11
3123749,9.906971068296098,5
3123760,9.762401714860863,11
3123761,10.0,1
3123782,9.550899889977266,21
3123789,9.847859747801628,7
3123806,9.640627863807403,17
3123817,9.781995399631153,11
3123828,9.749975304306457,11
3123839,9.758396990128725,11
3123840,9.996544201607332,1
3123853,9.70087663301034,13
3123858,9.914614882552206,5
3123871,9.721714447175628,13
3123875,9.9466779741677,4
3123886,9.794715220152053,11
3123898,9.74053625165561,12
3123905,9.880144421502237,7
3123911,9.920618506942066,6
3123919,9.863228894180578,8
3123927,9.82881260096752,8
3123930,9.960018579041177,3
3123936,9.89916580518894,6
3123942,9.90720928819358,6
3123946,9.929519753786035,4
3123958,9.739249067308336,12
3123966,9.871620055867549,8
3123973,9.862895197640277,7
3123977,9.944933019912135,4
3123984,9.870497371226078,7
3123985,10.0,1
3123995,9.78965267229892,10
3124007,9.770920043330023,12
3124013,9.890336092563656,6
3124021,9.84287526273264,8
3124026,9.930442506784361,5
3124045,9.516191617938746,19
3124054,9.82945117339674,9
3124060,9.914308340192305,6
3124064,9.93025153430541,4
3124074,9.804877252376318,10
3124078,9.945515296536822,4
3124090,9.741112108065584,12
3124096,9.890398623427943,6
3124109,9.756199510232197,13
3124122,9.714937734062561,13
3124133,9.772481516183161,11
3124144,9.755984504599345,11
3124145,10.0,1
3124149,9.946288915620308,4
3124156,9.848418742968546,7
3124164,9.846450389901731,8
3124183,9.565907648448704,19
3124187,9.92969146436614,4
3124203,9.696972978775717,16
3124211,9.845566061275628,8
3124214,9.952384216573776,3
3124225,9.76332995625528,11
3124229,9.944289464369474,4
3124243,9.693859209962026,14
3124257,9.69276211378144,14
3124276,9.578325776261577,19
3124285,9.805624449230224,9
3124290,9.908623305847648,5
3124306,9.615816078965059,16
3124319,9.734234968536887,13
3124323,9.94974807566049,4
3124332,9.809421189918853,9
3124345,9.715148200313331,13
3124364,9.566940521978863,19
3124366,9.972098237916263,2
3124379,9.731595653780975,13
3124380,10.0,1
3124389,9.849940449027148,9
3124400,9.794295684419982,11
3124406,9.88447096071673,6
3124410,9.932710135650455,4
3124420,9.817215821360307,10
3124432,9.751775074233443,12
3124438,9.902762890478543,6
3124449,9.769875432341603,11
3124462,9.729174254571582,13
3124469,9.875557456304799,7
3124474,9.917687366233965,5
3124482,9.852853624636376,8
3124488,9.894402586873934,6
3124489,10.0,1
3124509,9.48008988644418,20
3124514,9.916271008471874,5
3124520,9.89881958557767,6
3124533,9.747966934949181,13
3124545,9.751908295563961,12
3124559,9.663682515559799,14
3124566,9.890674857823056,7
3124578,9.748963930939718,12
3124589,9.786421886187117,11
3124598,9.837181470754565,9
3124599,10.0,1
3124603,9.945900885682557,4
3124619,9.624270714311175,16
3124634,9.694651472133968,15
3124641,9.858114459425448,7
3124656,9.570372320708632,15
3124657,10.0,1
3124671,9.401183029372229,14
3124685,9.661447154438298,14
3124693,9.865899850478748,8
3124699,9.919971644201118,6
3124709,9.780482099714549,10
3124720,9.78925676395906,11
3124731,9.772318558941313,11
3124743,9.732761251541623,12
3124751,9.831968529881578,8
3124758,9.89986020295194,7
3124765,9.870719403957724,7
3124778,9.71022094715179,13
3124783,9.911935906447445,5
3124792,9.82947785578844,9
3124803,9.74810154400233,11
3124813,9.795792074968874,10
3124816,9.965060261233042,3
3124828,9.751020570794706,12
3124834,9.877750097486489,6
3124842,9.821099395693754,8
3124852,9.777015388147204,10
3124867,9.68473941549501,15
3124877,9.819394795526083,10
3124891,9.689132930787114,14
3124899,9.865655002349968,8
3124912,9.733265154458218,13
3124924,9.713944743328925,12
3124930,9.891677688552205,6
3124941,9.778613581374449,11
3124949,9.847081193224431,8
3124955,9.90206699677513,6
3124961,9.907615090970816,6
3124966,9.913211971599473,5
3124969,9.954427511837556,3
3124975,9.891689899468904,6
3124994,9.572634573720348,19
3125007,9.765935267676412,13
3125011,9.937352821022252,4
3125021,9.794410511293274,10
3125024,9.966769897074974,3
3125032,9.85240621828791,8
3125041,9.849905007312712,9
3125054,9.733398412571061,13
3125057,9.948581974178117,3
3125066,9.822552931999272,9
3125071,9.89695040400839,5
3125085,9.717589450406015,14
3125092,9.864194326604904,7
3125100,9.833439527849958,8
3125104,9.933962888310122,4
3125109,9.897817322732564,5
3125116,9.886401531205042,7
3125129,9.73683828474085,13
3125136,9.869447744630952,7
3125147,9.752210127147626,11
3125156,9.800387470257931,9
3125166,9.775958490504841,10
3125167,10.0,1
3125171,9.951544468298124,4
3125176,9.919882372653596,5
3125181,9.905046505411494,5
3125190,9.788444166133432,9
3125201,9.760299820564029,11
3125207,9.904101230227099,6
3125217,9.802681055911894,10
3125227,9.824815247804041,10
3125236,9.840399817178874,9
3125247,9.747341554501565,11
3125258,9.798239917443842,11
3125269,9.77231192507776,11
3125276,9.874263295731792,7
3125281,9.91835421376728,5
3125295,9.673788636868354,14
3125301,9.888035008668878,6
3125309,9.840848919786316,8
3125324,9.581810331038076,15
3125336,9.740867377334576,12
3125345,9.803418799537768,9
3125350,9.934388467614314,5
3125357,9.866516668878864,7
3125361,9.9490387843376,4
3125369,9.84631295283289,8
3125379,9.815167405754767,10
3125387,9.848974166355713,8
3125398,9.802903615969436,11
3125407,9.826644036489824,9
3125408,10.0,1
3125416,9.836531384212128,8
3125423,9.855585997232705,7
3125429,9.597738157017472,6
3125437,9.834244895981259,8
3125443,9.895209449447256,6
3125453,9.809834472994593,10
3125454,10.0,1
3125463,9.811563109151365,9
3125466,9.961912076653224,3
3125470,9.93655840020034,4
3125479,9.806114355928687,9
3125490,9.740785539537889,11
3125492,9.979779487944514,2
3125493,10.0,1
3125504,9.781478740611412,11
3125505,9.989225057984694,1
3125511,9.910871638955332,6
3125519,9.838134297661732,8
3125527,9.841804985160268,8
3125534,9.881607447729282,7
3125544,9.797375834105033,10
3125550,9.8760117443394,6
3125556,9.905699769823892,6
3125572,9.645391758018237,16
3125579,9.887488890827285,7
3125586,9.872479969460208,7
3125593,9.8828284846124,7
3125602,9.837879271505043,9
3125617,9.65648197867702,15
3125627,9.77438586747502,10
3125630,9.963539300015823,3
3125637,9.881469865422186,7
3125643,9.889428282316844,6
3125644,10.0,1
3125658,9.708490273982408,14
3125664,9.879432229890702,6
3125673,9.830084882759216,9
3125679,9.88387769051174,6
3125691,9.74001294702762,12
3125703,9.749317462033341,12
3125711,9.840777047587293,8
3125722,9.64554728384966,11
3125734,9.72130454576783,12
3125738,9.951213056430845,4
3125740,9.984538512248289,2
3125741,10.0,1
3125744,9.96693845727988,3
3125758,9.687241504405943,14
3125759,10.0,1
3125771,9.754081236281307,12
3125772,9.996730776855854,1
3125783,9.777517103043223,11
3125800,9.482640771128686,17
3125807,9.881664808548381,7
3125818,9.768460458931216,11
3125819,10.0,1
3125824,9.918285832559318,5
3125836,9.74660253045447,12
3125843,9.876392732469874,7
3125852,9.828179660935344,9
3125865,9.73629962976446,13
3125878,9.72119236168756,13
3125888,9.781840337515531,10
3125892,9.945416988554253,4
3125899,9.869141154604037,7
3125900,10.0,1
3125906,9.89296156038169,6
3125909,9.956180668238423,3
3125914,9.918748621188247,5
3125929,9.65523661801767,15
3125939,9.82499171218687,10
3125951,9.761520211243315,12
3125960,9.804044393376143,9
3125970,9.794731027231359,10
3125971,10.0,1
3125981,9.781388225907294,10
3125994,9.691025773664876,13
3125998,9.940764059715864,4
3126003,9.933101044901118,5
3126009,9.901364164356886,6
3126019,9.80941211355064,10
3126025,9.902902061506142,6
3126031,9.911817340779699,6
3126037,9.882648641930944,6
3126039,9.972614289602777,2
3126046,9.856207031912172,7
3126058,9.728565029572849,12
3126065,9.879391949639986,7
3126077,9.739629358921542,12
3126082,9.92295518904686,5
3126083,10.0,1
3126088,9.920228263232817,5
3126093,9.930486381342051,5
3126099,9.89979845975144,6
3126108,9.793911423350954,9
3126122,9.665030204115522,14
3126127,9.923859960170184,5
3126131,9.948739748625393,4
3126145,9.681460814334802,14
3126152,9.779791636707753,7
3126157,9.916851798414928,5
3126161,9.943507730476751,4
3126165,9.930411689036562,4
3126172,9.881007927999223,7
3126175,9.952104605638706,3
3126176,10.0,1
3126179,9.958327418256353,3
3126187,9.861264839179169,8
3126202,9.634142674248007,15
3126208,9.911110783791438,6
3126216,9.838883747233297,8
3126224,9.856169571019231,8
3126231,9.876603414400115,7
3126237,9.888285554904549,6
3126250,9.642979653861438,13
3126251,10.0,1
3126260,9.818223118374545,9
3126273,9.712876968739284,13
3126284,9.74441724428142,11
3126297,9.726246409044988,13
3126307,9.804622390302516,10
3126308,10.0,1
3126317,9.822277954976038,9
3126322,9.906422694062293,5
3126331,9.81516342101239,9
3126332,10.0,1
3126341,9.816362029900683,9
3126353,9.750496132912833,12
3126354,10.0,1
3126359,9.918915375482088,5
3126373,9.723363807045752,14
3126378,9.907904790828178,5
3126388,9.811580568067201,10
3126398,9.802751069400381,10
3126411,9.700872389070135,13
3126424,9.72211851114032,13
3126436,9.730718073820645,12
3126443,9.855979040585924,7
3126456,9.705080252687816,13
3126470,9.701460872599721,14
3126490,9.50045999696878,20
3126503,9.7106461974071,13
3126512,9.817582372776194,9
3126513,10.0,1
3126519,9.911553118027468,6
3126534,9.713236067834767,15
3126544,9.773138200937224,10
3126547,9.955502043955441,3
3126554,9.876751421077513,7
3126568,9.689511598667448,14
3126575,9.87231136540504,7
3126581,9.905733232729636,6
3126595,9.676302709193308,14
3126603,9.848046008709183,8
3126610,9.858052324355379,7
3126623,9.726902877433385,13
3126624,10.0,1
3126637,9.71844263456787,13
3126643,9.883213852315746,6
3126653,9.807232013463683,10
3126663,9.76943056325632,10
3126670,9.893063667454124,7
3126679,9.843836261538806,9
3126688,9.823223158080634,9
3126706,9.60416313572268,18
3126715,9.806964004707059,9
3126731,9.652133719206233,16
3126734,9.965430212248107,3
3126742,9.84084299464031,8
3126750,9.852267308730434,8
3126751,10.0,1
3126769,9.565070521293991,18
3126771,9.979913037104975,2
3126779,9.84516365632518,8
3126785,9.89009695612148,6
3126791,9.898766201815913,6
3126807,9.623275589640981,16
3126823,9.60218499764311,16
3126833,9.768998838982707,10
3126843,9.794904909887551,10
3126848,9.925935279030364,5
3126853,9.919036412583479,5
3126863,9.793877018296987,10
3126869,9.895842533191864,6
3126879,9.831511798221896,10
3126888,9.823010468065585,9
3126896,9.856808960073428,8
3126901,9.938634676543911,5
3126911,9.52473099467223,10
3126917,9.89287302901001,6
3126925,9.845076414776512,8
3126928,9.954744682079054,3
3126933,9.91208827139959,5
3126935,9.984254941706713,2
3126952,9.592211638501679,17
3126953,10.0,1
3126962,9.846575640914299,9
3126974,9.730351348381827,12
3126986,9.742720810151178,12
3126996,9.818091928897829,10
3127000,9.939871281301725,4
3127014,9.71555094475127,14
3127015,10.0,1
3127025,9.788175752557917,10
3127034,9.79652602200962,9
3127046,9.68864937873004,12
3127047,10.0,1
3127057,9.811005585855794,10
3127069,9.74029962756173,12
3127070,10.0,1
3127081,9.751117365568634,11
3127082,10.0,1
3127095,9.699470839084173,13
3127096,10.0,1
3127104,9.831639606418793,8
3127111,9.862313368265628,7
3127124,9.729226593173404,13
3127138,9.482612057192013,14
3127141,9.959915572906967,3
3127144,9.951368656886237,3
3127149,9.917960964543484,5
3127156,9.854646689309183,7
3127167,9.746847167254671,11
3127173,9.911180682604884,6
3127180,9.877386803183006,7
3127185,9.928501449435311,5
3127197,9.752607475948512,12
3127210,9.758902626985359,13
3127219,9.805585969576143,9
3127227,9.860220246989213,8
3127228,10.0,1
3127234,9.90514451694238,6
3127245,9.762235254925033,11
3127257,9.76233465069917,12
3127259,9.979898628157585,2
3127281,9.46674089054974,22
3127290,9.814546902731,9
3127303,9.72817576357432,13
3127307,9.9206914757513,4
3127311,9.939538827388319,4
3127314,9.968102503870398,3
3127322,9.838724261239285,8
3127323,10.0,1
3127335,9.727352900844528,12
3127348,9.724179362908906,13
3127351,9.963262104152347,3
3127368,9.607635507048773,17
3127380,9.791107362294913,12
3127386,9.910793952192009,6
3127394,9.84316366036552,8
3127400,9.876627980673186,6
3127410,9.78816707994316,10
3127423,9.718782307433404,13
3127433,9.710010332465083,10
3127436,9.966959884956319,3
3127446,9.800604429416737,10
3127457,9.7685071474113,11
3127466,9.835397878708262,9
3127467,10.0,1
3127478,9.770220428189923,11
3127483,9.922986564535087,5
3127495,9.744939400762211,12
3127502,9.859425872172428,7
3127509,9.891179207138492,7
3127520,9.752430527448437,11
3127528,9.861004264910175,8
3127529,10.0,1
3127539,9.804082235742094,10
3127553,9.656095594664862,14
3127565,9.765122317573605,12
3127578,9.703313643912844,13
3127593,9.678107233801741,15
3127595,9.972057294943232,2
3127608,9.736539102773147,13
3127609,10.0,1
3127617,9.838120114067504,8
3127626,9.80437325321904,9
3127633,9.871272299238342,7
3127649,9.615949268485615,16
3127650,10.0,1
3127659,9.840216953277706,9
3127675,9.600181515913976,16
3127679,9.94117785835569,4
3127683,9.945172706239102,4
3127693,9.783691826931676,10
3127697,9.940625229950575,4
3127704,9.850147505710966,7
3127717,8.73122928533449,13
3127729,9.74567742807336,12
3127734,9.917935258594737,5
3127736,9.971389220549645,2
3127745,9.832394564633562,9
3127752,9.880977923444387,7
3127762,9.808350046896269,10
3127775,9.707287079636892,13
3127784,9.820844004490962,9
3127793,9.840244481306355,9
3127794,9.996683312328523,1
3127802,9.856203674698994,8
3127809,9.86661515533324,7
3127813,9.934802154725157,4
3127827,9.677149624973516,14
3127831,9.946722568634225,4
3127832,10.0,1
3127844,9.767769713854777,12
3127847,9.958753558249487,3
3127858,9.782466659204328,11
3127865,9.882791276458834,7
3127880,9.658643678188325,15
3127885,9.92036756247147,5
3127892,9.893329360418921,7
3127902,9.796709936074556,10
3127906,9.95280867991526,4
3127920,9.725659761331281,14
3127921,10.0,1
3127933,9.759591574243153,12
3127941,9.837271720361446,8
3127952,9.755115489317056,11
3127964,9.739263002355088,12
3127972,9.828991975569407,8
3127980,9.842572135304353,8
3127985,9.929299441583831,5
3127993,9.836667109114625,8
3128007,9.687451677750948,14
3128010,9.959376264720945,3
3128023,9.73661395354383,13
3128033,9.803908502923532,10
3128040,9.883172718135736,7
3128050,9.596161556200434,10
3128056,9.902064837211576,6
3128064,9.835044435497117,8
3128065,10.0,1
3128090,9.442883114711314,25
3128094,9.940608015949861,4
3128101,9.875786877904758,7
3128105,9.934262312174688,4
3128111,9.877289460308674,6
3128123,9.737736673220978,12
3128128,9.91768169027323,5
3128137,9.809889877836351,9
3128148,9.799240392544057,11
3128156,9.847817899029279,8
3128165,9.824277646442892,9
3128167,9.984598999409691,2
3128180,9.728868471464985,13
3128197,9.568205092379719,17
3128201,9.93060537406342,4
3128202,10.0,1
3128204,9.975803671820293,2
3128215,9.752261648608574,11
3128228,9.78510028621155,13
3128230,9.984685103512835,2
3128239,9.825860724892403,9
3128249,9.77522943246991,10
3128262,9.716498733936756,13
3128276,9.651373735959323,14
3128287,9.77099981275167,11
3128295,9.837768267066725,8
3128304,9.80285694996978,9
3128312,9.849580587016266,8
3128316,9.942644755668622,4
3128319,9.956068719181914,3
3128324,9.921747487441742,5
3128330,9.896530622649617,6
3128335,9.910837270097431,5
3128344,9.82712366826346,9
3128391,9.070941213930194,47
3128397,9.893680912298077,6
3128410,8.280550914035286,13
3128420,9.764376694789423,10
3128433,9.764940884566851,13
3128445,9.743220543458785,12
3128458,9.716397934636905,13
3128464,9.906883233781084,6
3128481,9.607083164237926,17
3128482,10.0,1
3128485,9.951143695804204,3
3128502,9.609574515887084,17
3128509,9.868073553535138,7
3128516,9.884344912491462,7
3128526,9.819567022307226,10
3128532,9.884725160113286,6
3128537,9.914613709803431,5
3128546,9.823830934324006,9
3128557,9.767757331169937,11
3128567,9.770475001646973,10
3128574,9.866104459668655,7
3128583,9.826095384678975,9
3128592,9.828587354689342,9
3128593,10.0,1
3128608,9.658764773345998,15
3128616,9.841868436360544,8
3128622,9.904715228955768,6
3128628,9.900902947191538,6
3128640,9.751493796882784,12
3128648,9.85895921477503,8
3128659,9.774964985447996,11
3128660,10.0,1
3128677,9.420163263603763,17
3128678,9.996552803121828,1
3128679,10.0,1
3128687,9.833563799647953,8
3128694,9.868894744345058,7
3128703,9.802756561938905,9
3128715,9.741112048876472,12
3128716,10.0,1
3128717,10.0,1
3128726,9.84609782095643,9
3128734,9.857570872282805,8
3128739,9.918083453206922,5
3128758,9.603278144375363,19
3128762,9.74112347692354,4
3128769,9.86478471294205,7
3128773,9.944697737460105,4
3128785,9.720570730688419,12
3128795,9.80476527088338,10
3128797,9.96989232184415,2
3128835,9.26649597736899,38
3128859,9.40467126175196,24
3128863,9.941360835634955,4
3128871,9.83505070292805,8
3128876,9.818072877561649,5
3128887,9.781113502573197,11
3128896,9.805915966513101,9
3128912,9.648238491847506,16
3128917,9.911772592090832,5
3128928,9.771893403985235,11
3128935,9.869354364912162,7
3128941,9.900957815820947,6
3128948,9.86277880319923,7
3128959,9.75325930142842,11
3128965,9.905695894563038,6
3128978,9.730651555542568,13
3128979,10.0,1
3128991,9.722227549195383,12
3129000,9.835728614757896,9
3129011,9.771904262341737,11
3129026,9.693990729766227,15
3129037,9.782164897363982,11
3129049,9.736484211928605,12
3129056,9.85120341937325,7
3129057,9.99220529642094,1
3129064,9.857306723912755,7
3129075,9.773897618065181,11
3129082,9.849610750189711,7
3129095,9.702354493106776,13
3129105,9.808880356786949,10
3129113,9.851622260306023,8
3129114,10.0,1
3129128,9.68055963708498,14
3129133,9.91177200210771,5
3129137,9.934803906785824,4
3129145,9.834456635750565,8
3129146,9.996483805200453,1
3129149,9.958716176178395,3
3129156,9.870310215804588,7
3129162,9.87106731207011,6
3129173,9.76827301233255,11
3129178,9.90458846682872,5
3129179,10.0,1
3129191,9.659166072175134,12
3129192,10.0,1
3129203,9.72917312357482,11
3129211,9.870539915875442,8
3129212,10.0,1
3129217,9.902161692086494,5
3129224,9.86009035672183,7
3129231,9.881470135523466,7
3129249,9.605481451124469,18
3129257,9.881362617409577,8
3129260,9.95612784149947,3
3129274,9.716296376336864,14
3129292,9.639313921562039,18
3129300,9.854867930360845,8
3129312,9.752157369534334,12
3129320,9.86589730581878,8
3129329,9.863318794142417,9
3129340,9.74877436533199,11
3129341,10.0,1
3129373,9.35096561774635,32
3129380,9.877828042168373,7
3129383,9.957148128367026,3
3129399,9.620793662731296,16
3129404,9.92845258898852,5
3129405,9.988615181437632,1
3129416,9.769132288827288,11
3129427,9.77061097733671,11
3129430,9.966038994584208,3
3129440,9.810186865631904,10
3129441,10.0,1
3129447,9.883829678679518,6
3129454,9.875853161297185,7
3129465,9.745818345285917,11
3129468,9.960678035562466,3
3129475,9.90830155417462,7
3129488,9.717855922744171,13
3129489,10.0,1
3129500,9.78822055338134,11
3129511,9.770587678743125,11
3129523,9.775024005912563,12
3129531,9.839594819884653,8
3129541,9.782806754561156,10
3129552,9.825632165637131,11
3129569,9.66275625527911,17
3129578,9.80566771753471,9
3129582,9.931023380431363,4
3129584,9.98485764361874,2
3129592,9.848074712903694,8
3129602,9.77997514216451,10
3129619,9.68537400828279,17
3129631,9.732594414460063,12
3129637,9.910992095428378,6
3129641,9.948180142862784,4
3129651,9.813108581057692,10
3129661,9.786281374398083,10
3129673,9.750276155955728,12
3129687,9.664965808763423,14
3129699,9.73308593176883,12
3129713,9.68499134808562,14
3129714,9.98937466212151,1
3129720,9.90211824733213,6
3129724,9.94989049208568,4
3129733,9.84894779855026,9
3129734,9.996433794377456,1
3129738,9.9448798231711,4
3129746,9.826638467210792,8
3129758,9.74604111314192,12
3129770,9.441663114901043,12
3129779,9.42055089994397,9
3129790,9.783169195518779,11
3129801,9.778071080766338,11
3129806,9.92016246523245,5
3129813,9.88570243609726,7
3129820,9.850704197572686,7
3129839,9.492129982454768,19
3129848,9.809574910923283,9
3129851,9.949113356520677,3
3129852,10.0,1
3129858,9.876796142270951,6
3129869,9.779989806358317,11
3129874,9.917903010236293,5
3129880,9.891074806453615,6
3129891,9.772748117181324,11
3129896,9.92083309164647,5
3129898,9.97628721963736,2
3129906,9.830293889507978,8
3129920,9.66989030603733,14
3129924,9.932834292581424,4
3129929,9.917877591129711,5
3129938,9.799785822408888,9
3129945,9.863338624970178,7
3129959,9.664496502978196,14
3129969,9.776537749670425,10
3129980,9.789637669761913,11
3129987,9.869382614882431,7
3129997,9.794294724595652,10
3130005,9.843335875976734,8
3130006,10.0,1
3130022,9.628588702999672,16
3130023,10.0,1
3130037,9.681919698320725,14
3130038,10.0,1
3130042,9.943619923501613,4
3130045,9.952224415339547,3
3130047,9.972280159477421,2
3130054,9.863044089734988,7
3130058,9.937274239406246,4
3130062,9.940279900996202,4
3130070,9.833646664256559,8
3130071,10.0,1
3130104,9.337136018272378,33
3130112,9.722945516506547,8
3130118,9.894712585749428,6
3130132,9.6945293469107,14
3130146,9.709248425286809,14
3130163,9.69743920130317,17
3130177,9.69121933404187,14
3130191,9.67011677429441,14
3130195,9.937966340494054,4
3130210,9.676475766164236,15
3130220,9.783998807931088,10
3130223,9.946560284067086,3
3130224,10.0,1
3130233,9.810819251064377,9
3130248,9.66020841045506,15
3130254,9.898617199380082,6
3130263,9.83460939592236,9
3130271,9.856345396525407,8
3130281,9.777060333022023,10
3130290,9.829391545489637,9
3130292,9.97250834880246,2
3130298,9.904215702878187,6
3130303,9.912732593425476,5
3130315,9.743122761110701,12
3130322,9.853073512523729,7
3130327,9.91501956516498,5
3130338,9.790136742230205,11
3130342,9.950370925403021,4
3130346,9.935278626589405,4
3130358,9.733943195990808,12
3130371,9.703915156508442,13
3130380,9.823880992272414,9
3130381,10.0,1
3130392,9.784441709642076,11
3130405,9.728784460812165,13
3130427,9.439643017621991,22
3130428,9.988772205392557,1
3130434,9.904538886149547,6
3130449,9.675292154417935,15
3130457,9.866148049887068,8
3130466,9.805660268749207,9
3130479,9.714482963365034,13
3130491,9.746491840185202,12
3130502,9.757465684721177,11
3130514,9.754408103712144,12
3130530,9.637413298646603,16
3130539,9.828351493433072,9
3130546,9.880965246707726,7
3130547,9.996150119587467,1
3130554,9.864294330717653,7
3130557,9.954287009779383,3
3130560,9.967225908387357,3
3130565,9.904811673070698,5
3130578,9.608922394925905,13
3130586,9.848787234346194,8
3130595,9.823784964823096,9
3130605,9.77073053487594,10
3130610,9.899456241992308,5
3130613,9.969442294026509,3
3130621,9.835988713729908,8
3130633,9.712979078485398,12
3130644,9.752834324846852,11
3130652,9.84546526170229,8
3130665,9.715250962062422,13
3130671,9.917692618700697,6
3130679,9.861001882280348,8
3130701,9.422113941682419,22
3130712,9.769614952915658,11
3130723,9.747251148509056,11
3130730,9.884509462487214,7
3130733,9.965514935882407,3
3130740,9.852560637715332,7
3130744,9.94596119791884,4
3130745,10.0,1
3130758,9.701817571155843,13
3130777,9.587938357346589,19
3130791,9.682173677853962,14
3130795,9.941208546528724,4
3130802,9.844936019906076,7
3130821,9.38847626438627,19
3130829,9.84087531403396,8
3130832,9.960430182766581,3
3130838,9.897350449057878,6
3130848,9.789405080321293,10
3130857,9.873715736035114,9
3130868,9.760603188680847,11
3130875,9.865580163741651,7
3130885,9.829725043081346,10
3130895,9.78944941751485,10
3130903,9.8324052788662,8
3130912,9.840472209649024,9
3130922,9.813960666742732,10
3130925,9.967916643443935,3
3130933,9.844455858568232,8
3130950,9.696846982450927,17
3130954,9.944406964346646,4
3130965,9.792936579384438,11
3130977,9.761617811719315,12
3130983,9.890956642015249,6
3130985,9.98060083489588,2
3130994,9.821260865623268,9
3131006,9.7174081558302,12
3131017,9.749420026147204,11
3131024,9.868772296696116,7
3131030,9.892231188127784,6
3131031,10.0,1
3131034,9.94855748075504,3
3131042,9.821131030333415,8
3131050,9.87273002682952,8
3131051,10.0,1
3131056,9.908178913424873,5
3131057,10.0,1
3131063,9.904950422616773,6
3131072,9.813224037760254,9
3131088,9.621932120942958,16
3131102,9.702301754080349,14
3131111,9.825379164238242,9
3131112,10.0,1
3131124,9.749719583488638,12
3131126,9.982223690738353,2
3131135,9.81955670253963,9
3131142,9.894424642507277,7
3131150,9.85248801617222,8
3131160,9.783548215462595,10
3131168,9.846686771742563,8
3131182,9.658020191277398,14
3131184,9.969115921468607,2
3131187,9.957233463070702,3
3131197,9.77033617102316,10
3131213,9.62747634570777,16
3131225,9.741714559553074,12
3131242,9.616518685915276,17
3131251,9.802657971539801,9
3131258,9.59416807793294,7
3131262,9.927495324360931,4
3131277,9.583986661894517,15
3131283,9.87679005585071,6
3131295,9.732548644285902,12
3131308,9.737247686750171,13
3131313,9.918778718090785,5
3131321,9.859706484110273,8
3131329,9.84732569483062,8
3131334,9.912603177867851,5
3131342,9.832329388601714,8
3131350,9.821087104769244,8
3131362,9.738878180190895,12
3131372,9.8255481455904,10
3131378,9.882080023981985,6
3131392,9.689365207847283,14
3131412,9.495676457696446,20
3131417,9.916562440840442,5
3131424,9.883298881229248,7
3131425,10.0,1
3131432,9.864319325646166,7
3131445,9.71629239037918,13
3131449,9.927476574130225,4
3131455,9.922260052995313,6
3131463,9.838012450905362,8
3131474,9.46250501368839,11
3131489,7.610556324961619,15
3131499,9.819968480146683,10
3131501,9.984614454462765,2
3131511,9.816798349354395,10
3131514,9.94586651321846,3
3131523,9.834498049529053,9
3131537,9.685335105613177,14
3131542,9.918532083162027,5
3131581,5.28038792532775,39
3131582,10.0,1
3131589,9.847541876519788,7
3131596,9.857024102557252,7
3131609,9.721226406617953,13
3131618,9.842948126538333,9
3131625,9.8867703572481,7
3131632,9.880037670725715,7
3131633,10.0,1
3131640,9.883714599318516,7
3131646,9.89965665401369,6
3131656,9.817818828494703,10
3131658,9.979305919894768,2
3131660,9.979749316936257,2
3131661,10.0,1
3131674,9.715667392196263,13
3131679,9.90236256539675,5
3131690,9.758839467219808,11
3131692,9.969991810541087,2
3131710,9.572039824000734,18
3131724,9.689732621073048,14
3131725,10.0,1
3131735,9.812741945303188,10
3131744,9.825691446323495,9
3131755,9.756991382158326,11
3131763,9.815970229388784,8
3131773,9.796822723166487,10
3131781,9.747039409420996,8
3131788,9.856723801958665,7
3131796,9.846285278939861,8
3131802,9.916004045982179,6
3131808,9.883972434998318,6
3131814,9.906089283933746,6
3131824,9.772126716905248,10
3131829,9.916810365388987,5
3131840,9.763293115228887,11
3131853,9.716636082010845,13
3131913,8.873406634281132,60
3131922,9.811995705921525,9
3131925,9.966770153465646,3
3131929,9.933277804488075,4
3131935,9.881845125509432,6
3131947,9.72966518860949,12
3131956,9.813691557651293,9
3131964,9.871208871234789,8
3131970,9.87072147102415,6
3131979,9.830637833532515,9
3131992,9.709572388903984,13
3132005,9.712177103106375,13
3132014,9.73552376520965,9
3132021,9.86651054683398,7
3132029,9.850850974945898,8
3132037,9.859988993028278,8
3132042,9.915686747984497,5
3132053,9.76223642871158,11
3132069,9.54077426665043,16
3132080,9.779606773270116,11
3132088,9.840574251758845,8
3132097,9.803385379220808,9
3132098,10.0,1
3132104,9.897730656988733,6
3132109,9.911546556296113,5
3132116,9.881161927459791,7
3132126,9.789628001130128,10
3132136,9.777989091010433,10
3132140,9.934436901099033,4
3132146,9.902907261089366,6
3132154,9.850672510437699,8
3132156,9.985940522307436,2
3132162,9.888036291968254,6
3132172,9.785714747412042,10
3132182,9.786334286528266,10
3132199,9.600036506262935,17
3132206,9.871745919770365,7
3132220,9.675408883679454,14
3132225,9.924875998374269,5
3132243,9.614490229988666,18
3132247,9.94678087997961,4
3132255,9.85527424922447,8
3132256,9.987458052216239,1
3132257,10.0,1
3132262,9.910355699326544,5
3132267,9.905577477953665,5
3132278,9.80107385517303,11
3132290,9.721195602047898,12
3132301,9.758970270209288,11
3132309,9.838179358903252,8
3132310,9.992732764668972,1
3132317,9.878549242264947,7
3132330,9.765092678531747,13
3132332,9.969939007560642,2
3132345,9.745157534584862,13
3132356,9.76026935932685,11
3132369,9.755786281056253,13
3132378,9.825031550409143,9
3132379,10.0,1
3132391,9.740667613719094,12
3132396,9.920667112276615,5
3132404,9.758875900007506,8
3132413,9.8295671673474,9
3132423,9.811298950410512,10
3132429,9.881538805468779,6
3132433,9.952002561837464,4
3132436,9.960083565962497,3
3132437,10.0,1
3132450,9.68628435986199,13
3132457,9.868902471818416,7
3132468,9.752985535949653,11
3132473,9.906267768021692,5
3132481,9.855483299824249,8
3132490,9.820247858187464,9
3132491,9.986742562264793,1
3132498,9.858005421433793,7
3132509,9.773138084121928,11
3132518,9.841345353325435,9
3132524,9.882813677154152,6
3132535,9.766918187581021,11
3132546,9.797911076136918,11
3132549,9.965671523162147,3
3132564,9.647885997227764,15
3132571,9.888157638295196,7
3132577,9.908617215353072,6
3132584,9.845715029805504,7
3132594,9.822183245257147,10
3132604,9.790919942430142,10
3132619,9.656361433013128,15
3132627,9.828640904049255,8
3132635,9.723189106031917,8
3132640,9.9149149609769,5
3132646,9.897381926212898,6
3132656,9.803136424460268,10
3132661,9.920284512619775,5
3132665,9.951230101843366,4
3132675,9.790862980945652,10
3132684,9.804983545625294,9
3132699,9.644744419648088,15
3132706,9.85711531472229,7
3132720,9.603656055975872,14
3132731,9.756491193753089,11
3132741,9.821394972064448,10
3132748,9.888913179609268,7
3132758,9.784650258191274,10
3132763,9.914488715316631,5
3132765,9.974037552238128,2
3132774,9.808164012355629,9
3132775,10.0,1
3132787,9.753652920413751,12
3132805,9.49536741556643,18
3132807,9.973994375836623,2
3132816,9.80256703451117,9
3132817,9.99583837258641,1
3132829,9.736626237202422,12
3132832,9.948515907556898,3
3132841,9.819584228733152,9
3132851,9.771895817948332,10
3132861,9.81101994622465,10
3132868,9.853873148146329,7
3132869,10.0,1
3132870,10.0,1
3132877,9.871813312342466,7
3132892,9.68124901588558,15
3132901,9.812497003156341,9
3132907,9.911352379891271,6
3132910,9.951605502315612,3
3132919,9.839923201121918,9
3132927,9.847158946926701,8
3132936,9.826237850772737,9
3132947,9.75192380906209,11
3132955,9.852072814488801,8
3132963,9.844386650495144,8
3132966,9.959024321885481,3
3132979,9.73342132782171,13
3132985,9.894541035304922,6
3132986,10.0,1
3132991,9.92160253660826,5
3133004,9.726021765475354,13
3133016,9.731096535797189,12
3133023,9.869457092285124,7
3133035,9.725227122886535,12
3133052,9.665049013889757,17
3133060,9.841671722882733,8
3133069,9.846769334668029,9
3133073,9.94491251646244,4
3133079,9.907840848756859,6
3133087,9.84508741883162,8
3133091,9.935219131400595,4
3133095,9.944187556990421,4
3133096,10.0,1
3133109,9.718492433222139,13
3133118,9.824197844314149,9
3133128,9.790804031370884,10
3133136,9.853841189283166,8
3133145,9.817701852722193,9
3133153,9.84901726408601,8
3133162,9.853189627426294,9
3133166,9.949267052260831,4
3133168,9.96931958030998,2
3133173,9.91570393198158,5
3133178,9.933918490467201,5
3133185,9.870883691015864,7
3133192,9.866519426223899,7
3133204,9.733461544942395,12
3133214,9.77817269981434,10
3133220,9.897116054337506,6
3133229,9.830896172308922,9
3133233,9.930997567656455,4
3133234,10.0,1
3133246,9.782440626475424,12
3133249,9.959786748229831,3
3133260,9.845405999711176,11
3133262,9.985457914527597,2
3133271,9.8054278316364,9
3133276,9.92086403004587,5
3133285,9.841496427584703,9
3133296,9.656570474173158,11
3133305,9.811343067647282,9
3133306,10.0,1
3133320,9.741628439220648,14
3133328,9.846429123363544,8
3133336,9.831505152268276,8
3133339,9.956520029569786,3
3133348,9.830211704784984,9
3133354,9.898810699434145,6
3133358,9.946902047388578,4
3133367,9.82891849774496,9
3133379,9.71780913747222,12
3133380,10.0,1
3133390,9.786230961353356,10
3133393,9.95287035447643,3
3133401,9.826681117667576,8
3133414,9.733071656745507,13
3133418,9.937178745132947,4
3133434,9.638250274935034,16
3133440,9.883035801535826,6
3133452,9.755928509436163,12
3133462,9.668842050136204,10
3133463,10.0,1
3133466,9.945077766922845,3
3133471,9.919736829522854,5
3133472,10.0,1
3133483,9.768418766575406,11
3133491,9.824969286594834,8
3133503,9.741709341289729,12
3133511,9.842402973399107,8
3133512,10.0,1
3133517,9.908645938273715,5
3133525,9.849766792462331,8
3133526,10.0,1
3133534,9.848667037936394,8
3133548,9.711137803584766,14
3133558,9.805751133537852,10
3133562,9.937578911152892,4
3133565,9.957842838638738,3
3133568,9.96847505762345,3
3133582,9.679358499819374,14
3133591,9.797398005080804,9
3133596,9.922676447126197,5
3133605,9.804574566411207,9
3133615,9.798856021178088,10
3133628,9.705966609209327,13
3133640,9.763235546004795,12
3133647,9.87184214873295,7
3133659,9.757772195497267,12
3133672,9.719194854859026,13
3133678,9.887159817692034,6
3133683,9.917304682373175,5
3133685,9.973248484962308,2
3133692,9.870402018799519,7
3133701,9.826232567500798,9
3133712,9.775290389773005,11
3133713,10.0,1
3133722,9.800571302247366,9
3133723,10.0,1
3133724,10.0,1
3133737,9.743286609071458,13
3133753,9.665743543808803,16
3133763,9.828331222288913,10
3133765,9.971662839437977,2
3133770,9.923657926281933,5
3133784,9.691391718618991,14
3133787,9.962686744675093,3
3133788,10.0,1
3133801,9.670843634555736,13
3133808,9.872922844182298,7
3133818,9.775366691348406,10
3133819,10.0,1
3133823,9.937103314808768,4
3133829,9.880760208571964,6
3133837,9.842442309859553,8
3133845,9.833198431162671,8
3133847,9.971543566415487,2
3133853,9.899790464867547,6
3133870,9.612744273317197,17
3133871,10.0,1
3133883,9.723567625602215,12
3133894,9.665152457511669,11
3133899,9.928442843152606,5
3133906,9.884234342555704,7
3133915,9.813701175681238,9
3133925,9.810781426480338,10
3133941,9.630939230797852,16
3133951,9.828806008150217,10
3133958,9.873441449880284,7
3133959,10.0,1
3133967,9.85297385445523,8
3133975,9.850681131302277,8
3133976,10.0,1
3133987,9.756102780804687,11
3133999,9.739585321845931,12
3134000,10.0,1
3134008,9.858806335204722,8
3134009,10.0,1
3134010,10.0,1
3134025,9.640301281378198,15
3134037,9.733565560606298,12
3134054,9.676338480161998,17
3134062,9.855186360120674,8
3134068,9.887068719059652,6
3134078,9.79727934655233,10
3134084,9.879627543122577,6
3134094,9.816477080057975,10
3134106,9.759834697763557,12
3134113,9.880590020719529,7
3134119,9.910448613460456,6
3134129,9.82008045888679,10
3134144,9.656457431365192,15
3134157,9.701932399355263,13
3134164,9.857636269764999,7
3134174,9.603528086273776,10
3134187,9.697109420853508,13
3134191,9.941922063623856,4
3134193,9.98063244730392,2
3134206,9.697824057027026,13
3134214,9.835511432384438,8
3134229,9.630897124936459,15
3134234,9.914911295072502,5
3134245,9.781895332755496,11
3134254,9.8104882956392,9
3134262,9.828013821000793,8
3134268,9.877235969590636,6
3134270,9.981006832963429,2
3134277,9.883806357672384,7
3134287,9.794515266043142,10
3134295,9.823698244612643,8
3134296,10.0,1
3134305,9.71154165150728,9
3134314,9.813341662273587,9
3134321,9.865795997695272,7
3134332,9.741399156100108,11
3134346,9.673247122698774,14
3134349,9.954527771480079,3
3134353,9.945905176430164,4
3134361,9.839283090019073,8
3134375,9.70456650138558,14
3134381,9.90157396536347,6
3134385,9.924819682145298,4
3134397,9.744650658638093,12
3134406,9.835780405445274,9
3134419,9.708305409076628,13
3134434,9.693960327456852,15
3134439,9.922033282716503,5
3134447,9.861472461044059,8
3134453,9.89951157278727,6
3134456,9.967240875883395,3
3134461,9.930989513421014,5
3134469,9.856176902660529,8
3134475,9.893823888474671,6
3134487,9.728480648975705,12
3134494,9.891339603727626,7
3134502,9.836954594226594,8
3134510,9.842824098247144,8
3134516,9.88664760147334,6
3134518,9.970328292388825,2
3134519,10.0,1
3134532,9.726320261020714,13
3134540,9.829270736178744,8
3134555,9.649360395526637,15
3134560,9.92134019055509,5
3134570,9.79256960072133,10
3134579,9.839722537865647,9
3134593,9.696226706074084,14
3134601,9.852181160522871,8
3134602,10.0,1
3134610,9.86470802129818,8
3134617,9.858300032687255,7
3134618,10.0,1
3134630,9.735535652110716,12
3134636,9.882991667680326,6
3134642,9.889068970655392,6
3134654,9.782574028866723,12
3134663,9.820619086391902,9
3134680,9.597696426808962,17
3134692,9.766771594132306,12
3134699,9.870853931214306,7
3134702,9.948043005878931,3
3134708,9.897252515707764,6
3134713,9.902930059000248,5
3134723,9.796186121081828,10
3134729,9.903105627814568,6
3134745,9.656896173824316,16
3134761,9.586177013152783,16
3134763,9.976114389628671,2
3134773,9.60582639530946,10
3134783,9.82175477641911,10
3134798,9.655467262842858,15
3134805,9.86766832655765,7
3134817,9.73847918582032,12
3134830,9.732005908455172,13
3134832,9.96640000798004,2
3134846,9.571342616540909,14
3134847,10.0,1
3134857,9.792913629044566,10
3134864,9.865470237793454,7
3134877,9.704764428072492,13
3134887,9.792612689849687,10
3134890,9.964228568025415,3
3134899,9.83116020927512,9
3134908,9.852128858449031,9
3134917,9.832175007250559,9
3134921,9.939966753927989,4
3134922,10.0,1
3134932,9.783527127952015,10
3134935,9.953687719044536,3
3134944,9.73950912125389,9
3134961,9.431381720014295,17
3134972,9.783822108090405,11
3134988,9.599518412764994,16
3134996,9.826694125059538,8
3135006,9.808572914255254,10
3135007,9.996640748502648,1
3135012,9.909569504206866,5
3135020,9.843006377516463,8
3135027,9.885525337547925,7
3135033,9.889983778928272,6
3135039,9.887173005387629,6
3135053,9.687939126863322,14
3135056,9.958414786531977,3
3135068,9.724376816141103,12
3135080,9.748549714978695,12
3135098,9.598807523923176,18
3135103,9.909677200780028,5
3135111,9.856522795928678,8
3135112,10.0,1
3135127,9.66909870450676,15
3135134,9.874720239330552,7
3135135,10.0,1
3135143,9.853681835752916,8
3135147,9.944527738704211,4
3135163,9.541918216489085,16
3135171,9.838797539079572,8
3135176,9.92029634971214,5
3135179,9.962383674519016,3
3135185,9.876119803696957,6
3135196,9.774185361779157,11
3135205,9.805793794123625,9
3135216,9.767281687938356,11
3135217,10.0,1
3135226,9.813842023245492,9
3135229,9.954834423206043,3
3135244,9.65959006485504,15
3135248,9.935115877509364,4
3135253,9.908933345810905,5
3135254,10.0,1
3135259,9.89469281986564,5
3135270,9.764690205722365,11
3135282,9.744968082949171,12
3135286,9.943678971799253,4
3135288,9.9846286019526,2
3135299,9.772304130233284,11
3135306,9.858693232991424,7
3135316,9.780968682854672,10
3135327,9.772926850793292,11
3135334,9.845476014955658,7
3135345,9.775129321379023,11
3135350,9.91722167903006,5
3135363,9.790572313526697,13
3135369,9.912064645291148,6
3135377,9.838727346924289,8
3135391,9.712821594223673,14
3135400,9.794501776007495,9
3135409,9.816339622693402,9
3135413,9.944189578795502,4
3135425,9.741682043854167,12
3135435,9.776878806499058,10
3135443,9.853622138050127,8
3135455,9.748230764052574,12
3135462,9.887781474001686,7
3135465,9.95231152535123,3
3135469,9.933870547361108,4
3135485,9.46101221737651,16
3135492,9.865763220042938,7
3135495,9.962895583574321,3
3135505,9.802828381019308,10
3135511,9.889261640744081,6
3135515,9.93087396241616,4
3135526,9.737307075201919,11
3135537,9.776524119524987,11
3135547,9.77218456186066,10
3135553,9.888117953674717,6
3135570,9.685203384564852,17
3135578,9.867422185040967,8
3135585,9.878851961926841,7
3135597,9.755267590726447,12
3135600,9.96483559670544,3
3135601,9.988631793418376,1
3135620,9.479299765303647,19
3135632,9.72707841313787,12
3135633,10.0,1
3135639,9.883432526121743,6
3135646,9.87022279637206,7
3135655,9.845883686197302,9
3135670,9.655292816412326,15
3135679,9.811821804434329,9
3135685,9.89260434422502,6
3135698,9.738809556510585,13
3135706,9.831244756438519,8
3135713,9.853006948726529,7
3135729,9.687302706525903,16
3135738,9.860319584222422,9
3135744,9.894015441557316,6
3135745,10.0,1
3135752,9.859360719533642,7
3135759,9.870846002682221,7
3135773,9.697940738660845,14
3135774,10.0,1
3135785,9.747199787838497,11
3135795,9.78062690566513,10
3135798,9.962810395231848,3
3135810,9.703817422063794,12
3135818,9.832226893774244,8
3135826,9.849966285645339,8
3135836,9.753685860182978,10
3135850,9.69478049597414,14
3135863,9.713777996669352,13
3135879,9.638044471550968,16
3135886,9.857156102364879,7
3135900,9.658038453523892,14
3135909,9.832358414231068,9
3135916,9.888220668139628,7
3135923,9.851570328637314,7
3135935,9.733254052992027,12
3135941,9.902224504004998,6
3135946,9.928813451840876,5
3135958,9.73991752155396,12
3135964,9.897055440110393,6
3135978,9.722705694912825,14
3135979,10.0,1
3135988,9.835273311879352,9
3136002,9.697592663304327,14
3136007,9.897424652804359,5
3136014,9.872619929850805,7
3136016,9.97115858597791,2
3136029,9.63009500177357,13
3136039,9.777028686537697,10
3136051,9.737446869741854,12
3136062,9.817361800748275,11
3136070,9.855441233638558,8
3136086,9.465532778931143,16
3136087,10.0,1
3136099,9.643990199913993,12
3136108,9.816147192209792,9
3136109,9.992826691020419,1
3136122,9.695336410852388,13
3136130,9.841327960568185,8
3136137,9.859717934072986,7
3136140,9.963760396469103,3
3136152,9.73190735867938,12
3136160,9.835665531138375,8
3136164,9.93103434031976,4
3136175,9.754039335208715,11
3136185,9.812394461379462,10
3136196,9.775784140871945,11
3136206,9.77691443960914,10
3136228,9.507414718883817,22
3136229,10.0,1
3136237,9.844654266923659,8
3136239,9.976494015736261,2
3136245,9.889823035934738,6
3136250,9.92776479097957,5
3136259,9.806241833671708,9
3136260,10.0,1
3136264,9.944382224838428,4
3136268,9.937266300182696,4
3136285,9.605360850865821,17
3136291,9.90417676236799,6
3136304,9.752765418886359,13
3136310,9.893785149121921,6
3136323,9.744134044843982,13
3136333,9.797135719344508,10
3136348,9.644475007425337,15
3136349,10.0,1
3136361,9.731923047927488,12
3136367,9.903335387457528,6
3136380,9.732237521588505,13
3136387,9.876246859601395,7
3136398,9.752715125923622,11
3136408,9.79582041400423,10
3136414,9.906921805666974,6
3136420,9.904284919770927,6
3136425,9.91169560351736,5
3136430,9.922320096886956,5
3136446,9.627802689017212,16
3136450,9.931178304009409,4
3136457,9.879333929255152,7
3136463,9.888976629514042,6
3136470,9.875004966231709,7
3136477,9.850392707028591,7
3136485,9.873153164309853,8
3136493,9.852687380345376,8
3136500,9.881515378083835,7
3136513,9.743358147149422,13
3136526,9.688631743393858,13
3136531,9.918489875471677,5
3136534,9.953977043592838,3
3136539,9.92468083880672,5
3136543,9.93826019847845,4
3136549,9.898265798851774,6
3136557,9.864454978663662,8
3136566,9.815674373734247,9
3136572,9.895888532659217,6
3136581,9.802319307921294,9
3136590,9.854017852230447,9
3136597,9.790106141720454,7
3136609,9.707785468008911,12
3136618,9.815482124335206,9
3136625,9.868221211043894,7
3136637,9.73484770582652,12
3136656,9.520107456718069,19
3136670,9.69382682663532,14
3136671,10.0,1
3136677,9.883824695432029,6
3136678,10.0,1
3136689,9.765620403133887,11
3136699,9.77169456344677,10
3136707,9.867528986250214,8
3136711,9.945016320750529,4
3136712,10.0,1
3136718,9.891434598521744,6
3136727,9.816578314531155,9
3136736,9.851031287606897,9
3136745,9.821094225639408,9
3136759,9.689469920009197,14
3136769,9.770642867817383,10
3136776,9.863320259358618,7
3136785,9.804667001771566,9
3136791,9.900124658123998,6
3136792,10.0,1
3136797,9.925419344791715,5
3136804,9.853037949494654,7
3136812,9.842136823456293,8
3136824,9.73488190020234,12
3136829,9.891700065017233,5
3136840,9.788006209448534,11
3136851,9.783926089731503,11
3136869,9.64434973746804,18
3136873,9.946941904119567,4
3136882,9.802643332139308,9
3136884,9.974257629363029,2
3136889,9.9263289907803,5
3136896,9.8628631308213,7
3136902,9.904599108609286,6
3136911,9.837691496140197,9
3136920,9.821025672231494,9
3136929,9.810320050506785,9
3136934,9.9016427133706,5
3136949,9.6764341956766,15
3136962,9.721768593142627,13
3136972,9.77563136148673,10
3136984,9.739695289885088,12
3136989,9.82214670361035,5
3136998,9.832761965685762,9
3137015,9.61995412234849,17
3137024,9.851200593876504,9
3137037,9.739378634846785,13
3137043,9.897236792194963,6
3137058,9.67796881641867,15
3137067,9.821555299027425,9
3137068,10.0,1
3137078,9.858416955940895,10
3137081,9.96441174391447,3
3137085,9.935303233351577,4
3137091,9.884372856907879,6
3137096,9.922246655857005,5
3137102,9.906908465138264,6
3137103,10.0,1
3137114,9.768219740521273,11
3137127,9.721555206255324,13
3137137,9.789644271222308,10
3137146,9.81071590109361,9
3137151,9.90531046178004,5
3137160,9.78778607084077,9
3137168,9.850024878936019,8
3137182,9.706935729427542,14
3137193,9.774744220896372,11
3137204,9.784680277846139,11
3137218,9.699657007674263,14
3137227,9.794378620321696,9
3137238,9.761123095635012,11
3137242,9.94629670174104,4
3137249,9.866311710795442,7
3137250,10.0,1
3137254,9.948676824450292,4
3137258,9.936272700251244,4
3137274,9.632699178735042,16
3137277,9.954503614032214,3
3137278,9.996519992690393,1
3137285,9.874033925337953,7
3137287,9.968102648138228,2
3137295,9.852658513648747,8
3137308,9.716172033438149,13
3137320,9.744533871777449,12
3137322,9.977743409284068,2
3137332,9.815281084268163,10
3137340,9.863935803907236,8
3137345,9.917315334347112,5
3137357,9.66184580582426,12
3137369,9.737469406332542,12
3137380,9.789383269431523,11
3137391,9.757864363175477,11
3137393,9.979163869205097,2
3137401,9.864000943066712,8
3137404,9.961788329061662,3
3137416,9.738931510899643,12
3137425,9.804587584091873,9
3137438,9.703138003729936,13
3137440,9.975811924530069,2
3137447,9.869496869207316,7
3137459,9.720970237459253,12
3137466,9.88354114205836,7
3137474,9.839339545308738,8
3137487,9.719947672749784,13
3137494,9.852638593601785,7
3137501,9.87679303315303,7
3137509,9.830687632168743,8
3137514,9.926934577566012,5
3137526,9.651800081798859,12
3137539,9.723403516701632,13
3137549,9.79637714288474,10
3137559,9.803415819024377,10
3137571,9.738100906100518,12
3137581,9.7746150272183,10
3137593,9.728621417633713,12
3137596,9.956406746356263,3
3137607,9.769630438785189,11
3137621,9.677582893694211,14
3137622,9.992434380380434,1
3137633,9.74234992401953,11
3137642,9.802469528063124,9
3137648,9.910471713074308,6
3137656,9.828798285217639,8
3137663,9.863236186163208,7
3137674,9.796813924197442,11
3137688,9.697595585489076,14
3137699,9.763879930802867,11
3137700,10.0,1
3137710,9.783337006254996,10
3137719,9.855076541441475,9
3137727,9.839695169673437,8
3137728,9.996703416533757,1
3137742,9.713852545532179,14
3137753,9.77845647430214,11
3137756,9.958689624672795,3
3137764,9.849023415185131,8
3137765,10.0,1
3137766,10.0,1
3137776,9.76176286409811,10
3137781,9.914241487040458,5
3137788,9.888174408330569,7
3137795,9.873802742966511,7
3137800,9.908409658481867,5
3137801,10.0,1
3137802,10.0,1
3137814,9.715891673693053,12
3137824,9.781865557635788,10
3137836,9.746955333441777,12
3137837,10.0,1
3137848,9.794233967623757,11
3137853,9.91660954906993,5
3137873,9.57318691983184,20
3137881,9.83424876786157,8
3137887,9.89382828796502,6
3137888,10.0,1
3137900,9.731721951210593,12
3137901,10.0,1
3137913,9.7536779486633,12
3137925,9.74194733079596,12
3137931,9.890087980185557,6
3137940,9.833585780693467,9
3137946,9.900458916490088,6
3137960,9.669329506457212,14
3137968,9.843708534590247,8
3137976,9.872700327369035,8
3137995,9.535091962451459,19
3138007,9.762590117816533,12
3138017,9.817234505826468,10
3138026,9.812686886554657,9
3138027,10.0,1
3138037,9.591699052930267,10
3138042,9.92163228119775,5
3138048,9.906102329245122,6
3138054,9.917536020974211,6
3138061,9.871889996905985,7
3138072,9.758552003841539,11
3138078,9.889217314370716,6
3138097,9.607393683419653,19
3138104,9.883132177821508,7
3138105,10.0,1
3138111,9.897622902291195,6
3138119,9.852411298880607,8
3138125,9.913735503641929,6
3138130,9.91606102312034,5
3138142,9.734710676303143,12
3138147,9.930191016246548,5
3138158,9.760731703912931,11
3138168,9.790690707800554,10
3138169,10.0,1
3138175,9.918803518187158,6
3138184,9.538396623278132,9
3138185,10.0,1
3138191,9.88419144371852,6
3138200,9.83148015891884,9
3138212,9.727834178324098,12
3138217,9.894715281508086,5
3138223,9.875535703814474,6
3138230,9.858077565831394,7
3138247,9.605893642104789,17
3138261,9.681730169435934,14
3138265,9.932763199315634,4
3138274,9.807081714710515,9
3138288,9.701765505995713,14
3138293,9.908262358973259,5
3138307,9.659331178593195,14
3138324,9.626550888668744,17
3138334,9.808001241326084,10
3138341,9.880616832942573,7
3138342,10.0,1
3138346,9.935385741675928,4
3138347,10.0,1
3138358,9.774452248193827,11
3138365,9.86989476461629,7
3138374,9.812976770122228,9
3138377,9.951774076138719,3
3138382,9.9184941973477,5
3138391,9.823569986011199,9
3138405,9.67675220024716,14
3138408,9.954073909693092,3
3138413,9.924672816998408,5
3138418,9.917791043751654,5
3138430,9.717066462786244,12
3138433,9.958540832009323,3
3138441,9.836401648101466,8
3138449,9.860267736317464,8
3138456,9.861833477152304,7
3138464,9.832944794297505,8
3138476,9.643087553722511,12
3138486,9.711338380174187,10
3138502,9.644224842394973,16
3138509,9.891356253013745,7
3138517,9.813924304745589,8
3138524,9.866659894518435,7
3138536,9.74020795052767,12
3138548,9.729916713205117,12
3138559,9.740916665774751,11
3138570,9.783298727099528,11
3138581,9.760602277372813,11
3138587,9.889277171462997,6
3138591,9.937841989162058,4
3138601,9.795363976702742,10
3138602,10.0,1
3138618,9.662579427408303,16
3138628,9.804044803157964,10
3138640,9.734252441839377,12
3138647,9.860753273965937,7
3138654,9.888241307383765,7
3138659,9.940721129002599,5
3138669,9.80785355120092,10
3138674,9.908141446240554,5
3138686,9.728607586089042,12
3138690,9.943514299708328,4
3138702,9.774453886396927,12
3138703,10.0,1
3138714,9.763186213054611,11
3138720,9.892884617635316,6
3138732,9.74482261507153,12
3138737,9.914769375447229,5
3138749,9.730111858117375,12
3138755,9.911504354435571,6
3138758,9.962006091602332,3
3138769,9.744097570057646,11
3138781,9.724560994216063,12
3138782,10.0,1
3138785,9.964030836623579,3
3138801,9.664240970149082,16
3138816,9.659314572891006,15
3138831,9.652205304672727,15
3138834,9.966338751162644,3
3138853,9.572027489122085,19
3138855,9.971431757500264,2
3138868,9.681419616483169,13
3138875,9.857026016038798,7
3138876,10.0,1
3138888,9.716941590206254,12
3138893,9.925143416935665,5
3138900,9.89804749443785,7
3138916,9.678651477815677,16
3138923,9.8842444861864,7
3138928,9.900415004985078,5
3138931,9.958383228402898,3
3138934,9.958677107058042,3
3138938,9.93592377760176,4
3138950,9.763529120424248,12
3138962,9.616300798462758,12
3138972,9.795778850839259,10
3138981,9.84184499223067,9
3138989,9.844335947342094,8
3138998,9.846093221572515,9
3139004,9.884243654728786,6
3139014,9.812304701620073,10
3139024,9.837203717484336,10
3139032,9.841986805129666,8
3139038,9.89164177206845,6
3139046,9.830214444740921,8
3139053,9.878018829394977,7
3139057,9.938694356432153,4
3139060,9.953438553069903,3
3139069,9.30320176472781,9
3139083,9.69281034053538,14
3139095,9.733907167659918,12
3139101,9.88653928690433,6
3139115,9.574901338202476,14
3139126,9.76608419474939,11
3139139,9.71169910084693,13
3139140,10.0,1
3139149,9.801731414255244,9
3139150,9.996321026089108,1
3139159,9.817730742096831,9
3139168,9.859707121790537,9
3139174,9.879071843742516,6
3139190,9.626045663030357,16
3139198,9.853618921194585,8
3139205,9.87531521780904,7
3139212,9.882962772650377,7
3139227,9.680504824582874,15
3139242,9.660138975687492,15
3139255,9.734533860170192,13
3139257,9.97685164741382,2
3139259,9.984215465612152,2
3139264,9.916767993656787,5
3139274,9.67906826874129,10
3139292,9.621104955888615,18
3139305,9.675695672766686,13
3139314,9.813018417695185,9
3139318,9.943957736908587,4
3139328,9.77775201821459,10
3139348,9.650045856317902,20
3139359,9.777578793402682,11
3139366,9.863317653468288,7
3139376,9.802034964362294,10
3139389,9.724709452841811,13
3139400,9.769833880403732,11
3139401,10.0,1
3139411,9.80469271384195,10
3139414,9.953643833352631,3
3139419,9.930891561915143,5
3139426,9.86344661629902,7
3139439,9.706367954972691,13
3139454,9.674691368063243,15
3139476,9.59043227934993,22
3139479,9.959077892551075,3
3139490,9.794028518162513,11
3139496,9.798482801672689,6
3139506,9.493577818316487,10
3139515,9.823319294323868,9
3139519,9.939510036863734,4
3139522,9.96581929364975,3
3139533,9.769749911749543,11
3139546,9.705113589524917,13
3139554,9.846497159078476,8
3139561,9.857191535892639,7
3139569,9.827379062053138,8
3139570,10.0,1
3139577,9.867474621487714,7
3139587,9.784179016147478,10
3139595,9.819758922391287,8
3139601,9.88000893647022,6
3139617,9.60890132669262,16
3139631,9.713772471714947,14
3139646,9.638490882194843,15
3139653,9.88186908043601,7
3139654,10.0,1
3139661,9.87591569902715,7
3139668,9.86909280456626,7
3139672,9.933335074625441,4
3139673,10.0,1
3139674,10.0,1
3139687,9.617250276193213,13
3139701,9.697114204783436,14
3139709,9.848391997066452,8
3139718,9.794588527511744,9
3139727,9.808967757462616,9
3139737,9.813691316028203,10
3139745,9.862218998673702,8
3139753,9.87581206757198,8
3139755,9.968735485361178,2
3139764,9.79887067348706,9
3139767,9.956851475836363,3
3139777,9.8094788013544,10
3139785,9.823863778997824,8
3139793,9.851624771068954,8
3139799,9.882165428072952,6
3139803,9.931362132332973,4
3139811,9.813413557609639,8
3139818,9.878955688384126,7
3139826,9.848759619443634,8
3139827,9.996426436024139,1
3139830,9.957854008481748,3
3139839,9.607798150092249,9
3139845,9.889460073473916,6
3139853,9.836252577462828,8
3139862,9.827369271284741,9
3139872,9.770396964136769,10
3139873,10.0,1
3139878,9.910438129376947,5
3139891,9.723475819365792,13
3139892,10.0,1
3139904,9.721146604573857,12
3139910,9.879562992662411,6
3139916,9.868732390800385,6
3139917,10.0,1
3139927,9.778039219805692,10
3139928,9.996195954662376,1
3139935,9.868796430863236,7
3139938,9.952316752468944,3
3139950,9.775657012305851,12
3139959,9.839629508891937,9
3139980,9.646764262317191,21
3139988,9.864694955970974,8
3139996,9.856362808702986,8
3140004,9.844185674227866,8
3140016,9.75366613699821,12
3140020,9.936745971253707,4
3140024,9.933581487959946,4
3140042,9.571510651410344,18
3140048,9.906632357490736,6
3140054,9.888105516260094,6
3140061,9.867971634927466,7
3140073,9.729011516376282,12
3140080,9.851279458267719,7
3140089,9.712426309593125,9
3140093,9.949507673842636,4
3140104,9.753404467181175,11
3140120,9.669921219093832,16
3140128,9.842605314378174,8
3140139,9.767005270119533,11
3140144,9.90180402866816,5
3140156,9.80105928054006,12
3140165,9.84176452582254,9
3140174,9.815905853220205,9
3140175,10.0,1
3140176,9.992747471462748,1
3140177,10.0,1
3140186,9.824559904138273,9
3140195,9.840424566801023,9
3140199,9.94969737788088,4
3140214,9.716740071904942,15
3140216,9.98233426670521,2
3140226,9.816866225845482,10
3140242,9.641188325026173,16
3140243,10.0,1
3140254,9.782063293224269,11
3140263,9.840398594923506,9
3140276,9.757316712302952,13
3140282,9.904563830128497,6
3140294,9.732232594854374,12
3140299,9.932219603829637,5
3140315,9.651251001938535,16
3140322,9.865643967709996,7
3140336,9.697728062146517,14
3140344,9.827489323772589,8
3140350,9.890257330268712,6
3140362,9.530918634374386,12
3140371,9.792564110286223,9
3140379,9.82574240994105,8
3140386,9.876391851549762,7
3140390,9.943576628635949,4
3140398,9.83635564882577,8
3140403,9.921271488355476,5
3140411,9.853152450072624,8
3140418,9.856593195749145,7
3140430,9.76408617513982,12
3140438,9.856062311886998,8
3140453,9.659891030560225,15
3140456,9.951736589909963,3
3140465,9.800962284868476,9
3140477,9.72926473521122,12
3140487,9.793519187062135,10
3140489,9.97935096390528,2
3140503,9.725518726922196,14
3140507,9.946246558310348,4
3140509,9.975060794270425,2
3140521,9.783942674541908,12
3140535,9.732859325196285,14
3140548,9.525717568989354,13
3140557,9.825468612664082,9
3140569,9.766415119292239,12
3140579,9.769189048677726,10
3140591,9.724200993539315,12
3140600,9.80956412236883,9
3140607,9.872297788486524,7
3140624,9.435074405216497,17
3140625,10.0,1
3140635,9.791114097767013,10
3140644,9.823541524153109,9
3140645,10.0,1
3140658,9.73038941362052,13
3140669,9.774535887616782,11
3140678,9.813423779937587,9
3140687,9.822325913500539,9
3140700,9.76763159095665,13
3140701,10.0,1
3140707,9.90857351538284,6
3140720,9.534410635947346,13
3140722,9.98036817358623,2
3140739,9.651663094243286,17
3140742,9.952957125714583,3
3140746,9.935788738918895,4
3140755,9.809509818557482,9
3140767,9.7511623993246,12
3140771,9.932238001920483,4
3140780,9.840408692362146,9
3140788,9.855481626080433,8
3140794,9.875786175216088,6
3140795,10.0,1
3140810,9.674271776806389,15
3140811,9.996030848824555,1
3140823,9.739318870709194,12
3140838,9.694959583250498,15
3140855,9.59627442697481,17
3140865,9.810197436179466,10
3140876,9.780298897268853,11
3140882,9.891982889604186,6
3140891,9.837338575180205,9
3140897,9.876102978609552,6
3140904,9.884495425090313,7
3140912,9.843272591006032,8
3140924,9.752394214049723,12
3140934,9.792756714195084,10
3140950,9.685023078253796,16
3140957,9.885429207028123,7
3140960,9.962277106502166,3
3140964,9.927469127604473,4
3140976,9.757207212847064,12
3140985,9.792880819418958,9
3141002,9.607002960420239,17
3141011,9.81830545205234,9
3141026,9.689345450277978,15
3141035,9.80232712810575,9
3141041,9.911567831813436,6
3141046,9.922282600581612,5
3141057,9.769515455512458,11
3141065,9.863138550482015,8
3141073,9.847011410311714,8
3141078,9.932565582501725,5
3141089,9.767912651882156,11
3141102,9.70230611722583,13
3141108,9.90608019995056,6
3141111,9.954224723411714,3
3141112,10.0,1
3141124,9.708635570341372,12
3141125,10.0,1
3141135,9.708389905187223,10
3141140,9.916405091851981,5
3141155,9.675533614865794,15
3141162,9.865493185890198,7
3141168,9.911099192436781,6
3141174,9.882031588601064,6
3141176,9.970905619493871,2
3141186,9.794846537716168,10
3141199,9.714701166682831,13
3141208,9.838455516031322,9
3141219,9.55847764432985,11
3141228,9.798294842421877,9
3141242,9.727433778765125,14
3141248,9.906355765189355,6
3141249,10.0,1
3141258,9.82086028048355,9
3141268,9.835098538601832,10
3141277,9.814475861877353,9
3141287,9.770545917110539,10
3141300,9.730915775006574,13
3141309,9.8076083021749,9
3141317,9.821121177666363,8
3141325,9.862244394706194,8
3141340,9.667987230426517,15
3141355,9.656876410885587,15
3141359,9.94068499238955,4
3141374,9.64621888828771,15
3141378,9.9359140354212,4
3141389,9.781305599038062,11
3141395,9.902019734544064,6
3141399,9.935610333631141,4
3141409,9.78583483287147,10
3141421,9.738893505426676,12
3141425,9.936531879609328,4
3141437,9.744605859836364,12
3141452,9.658980478687383,15
3141462,9.797408082998047,10
3141463,10.0,1
3141472,9.829137529225825,9
3141482,9.807610391056961,10
3141494,9.742632496694839,12
3141507,9.724214286104264,13
3141521,9.69747263606453,14
3141534,9.737092665952153,13
3141544,9.796461141151585,10
3141555,9.804537193922426,11
3141573,9.606601490432622,18
3141584,9.743926794803741,11
3141588,9.942286880851004,4
3141593,9.91687424665989,5
3141596,9.95072735700323,3
3141608,9.75165358948881,12
3141620,9.72873723466702,12
3141630,9.800206179191266,10
3141639,9.839839410604474,9
3141647,9.850333421967521,8
3141650,9.958076392126154,3
3141651,10.0,1
3141665,9.664991986273257,14
3141672,9.87165219467093,7
3141684,9.795326242789432,12
3141687,9.960356664532302,3
3141693,9.896584254867138,6
3141708,9.648014448887183,15
3141720,9.58518811878434,12
3141728,9.823612645610238,8
3141731,9.953335332566848,3
3141744,9.72134327913411,13
3141750,9.913081153392607,6
3141754,9.944981538036176,4
3141761,9.86306894843893,7
3141772,9.786170323743933,11
3141780,9.87002759558736,8
3141794,9.707461303274918,14
3141805,9.76576351051653,11
3141811,9.900020165447907,6
3141822,9.750170434094409,11
3141837,9.693521516937174,15
3141853,9.355410699500286,16
3141862,9.83076770494217,9
3141875,9.715351525435667,13
3141886,9.754160123919492,11
3141896,9.776654920334828,10
3141904,9.859619700961172,8
3141912,9.86337854481961,8
3141917,9.92556111674773,5
3141923,9.897391389942987,6
3141931,9.459437807594385,8
3141941,9.78277573726661,10
3141947,9.896727840373433,6
3141954,9.882586027291982,7
3141962,9.871435694447369,8
3141969,9.856051589291972,7
3141980,9.759613554248386,11
3141982,9.981004164929386,2
3141990,9.858687244617304,8
3142000,9.704447112844209,10
3142007,9.483573718039548,7
3142008,10.0,1
3142010,9.976089745353825,2
3142016,9.907957510363149,6
3142039,9.496379628161716,23
3142041,9.973024112414699,2
3142052,9.787128506169267,11
3142061,9.812187196072573,9
3142064,9.956110855138016,3
3142072,9.851454279162628,8
3142085,9.719806305850005,13
3142089,9.927729535971412,4
3142097,9.86258879149327,8
3142111,9.661362155944893,14
3142118,9.858698646658151,7
3142126,9.852575258476927,8
3142132,9.892308944244762,6
3142134,9.974145032002165,2
3142147,9.521898942864505,13
3142161,9.672104974156825,14
3142178,9.62732828994563,17
3142187,9.819012785056204,9
3142197,9.716281431381821,10
3142201,9.949827897863996,4
3142211,9.809041685053097,10
3142222,9.761600460782708,11
3142227,9.911229809190495,5
3142234,9.856185598886166,7
3142237,9.953790411465324,3
3142256,9.665348257235367,19
3142268,9.746550608526631,12
3142269,10.0,1
3142283,9.715894777471728,14
3142289,9.922007811941057,6
3142297,9.834185511715503,8
3142298,10.0,1
3142310,9.745268079099416,12
3142314,9.939381986026502,4
3142332,8.336861158080936,18
3142340,9.870538467554612,8
3142354,9.671905137478262,14
3142356,9.973201820323556,2
3142372,9.593310245849922,16
3142375,9.971144901525212,3
3142381,9.886419397641438,6
3142384,9.963360724782838,3
3142396,9.747772431911576,12
3142405,9.819143047081395,9
3142415,9.800149088747625,10
3142425,9.793532930769906,10
3142429,9.94726471286199,4
3142440,9.776059448521055,11
3142449,9.806853005164667,9
3142458,9.797796416608803,9
3142469,9.765981596755463,11
3142476,9.893742801583358,7
3142484,9.842012559183967,8
3142496,9.727285381616614,12
3142504,9.879845244898753,8
3142505,10.0,1
3142515,9.77591001812617,10
3142525,9.764435563773828,10
3142529,9.93218307331576,4
3142530,10.0,1
3142531,10.0,1
3142542,9.752182273985277,11
3142543,9.996581070801147,1
3142556,9.749256382973972,13
3142564,9.844697692713531,8
3142571,9.867737185121841,7
3142577,9.900614994418147,6
3142586,9.814466122531188,9
3142609,9.54643212837927,23
3142612,9.962283178928155,3
3142621,9.80871703138778,9
3142633,9.744520739361267,12
3142647,9.667463479396572,14
3142648,10.0,1
3142649,10.0,1
3142657,9.860853684154774,8
3142658,10.0,1
3142671,9.726720803906012,13
3142682,9.76717903846487,11
3142688,9.892155843690258,6
3142689,10.0,1
3142694,9.92672543210651,5
3142758,-14.659482932314846,64
3142759,10.0,1
3142762,9.963884112456745,3
3142767,9.920634273560786,5
3142774,9.862965975132543,7
3142783,9.817255084837308,9
3142797,9.478087775857988,14
3142808,9.80001405950414,11
3142812,9.932464465801836,4
3142819,9.878743584502427,7
3142830,9.76956127301916,11
3142832,9.985964155367633,2
3142842,9.781334015895585,10
3142843,10.0,1
3142844,9.996750628909687,1
3142854,9.818802913233629,10
3142862,9.848187104449458,8
3142865,9.967074303554636,3
3142876,9.78575187486609,11
3142877,10.0,1
3142881,9.947381521998016,4
3142897,9.651494789249389,16
3142913,9.657189419183705,16
3142916,9.960834399672736,3
3142923,9.88941779985184,7
3142924,9.996420138607577,1
3142932,9.85344851486237,8
3142945,9.718467358537195,13
3142955,9.781615923597274,10
3142956,9.991758904316617,1
3142961,9.927040928307562,5
3142964,9.969385378799439,3
3142974,9.800116704401226,10
3142986,9.713150759782888,12
3142992,9.88246209466642,6
3142997,9.936100757944143,5
3143002,9.923628916337739,5
3143008,9.897400561242632,6
3143022,9.698175264258388,14
3143028,9.88758141162886,6
3143036,9.836693658062183,8
3143047,9.786297174689665,11
3143054,9.857980235220442,7
3143055,10.0,1
3143060,9.903577898132454,5
3143067,9.889159182943427,7
3143107,9.25772091205485,40
3143607,-42.52758342290237,500
3144107,-20.139346931947458,500
3144607,-158.46802209477275,500
3145107,-157.13140808378975,500
3145607,-28.132876584420224,500
3146107,-58.899130137953996,500
3146120,9.722923411371598,13
3146128,9.854401200457884,8
3146140,9.798937248465633,12
3146151,9.76531437168559,11
3146168,9.603267712750302,17
3146176,9.865686680386743,8
3146185,9.824458808888162,9
3146188,9.959803807238508,3
3146199,9.779737521704826,11
3146209,9.803110690268321,10
3146219,9.784935166901564,10
3146221,9.977899236581509,2
3146228,9.873466299613984,7
3146235,9.853319896384134,7
3146241,9.902336400542664,6
3146251,9.793957511231412,10
3146257,9.89845286704673,6
3146265,9.854727265989897,8
3146271,9.888163246086291,6
3146276,9.924627225158359,5
3146290,9.66315264250591,14
3146313,9.550018954424871,23
3146316,9.961053232657873,3
3146325,9.825202932187539,9
3146332,9.87442317747758,7
3146344,9.738008253132344,12
3146361,9.646282295672359,17
3146861,-99.13347646769056,500
3147361,-53.41633894122927,500
3147861,-17.11406195477718,500
3147868,9.879475985298752,7
3147882,9.705857955568659,14
3147895,9.714413634849802,13
3147906,9.788406354234601,11
3147916,9.800939714696915,10
3147919,9.951643082219794,3
3147928,9.81171195847774,9
3147938,9.804147139697456,10
3147942,9.936329869642078,4
3147950,9.842224770785014,8
3147962,9.710305007309564,12
3147974,9.742921151541246,12
3147985,9.792166706052079,11
3147989,9.940512446412288,4
3147992,9.960875489850787,3
3148004,9.743135051402868,12
3148010,9.898848856001194,6
3148023,9.731228914103314,13
3148024,9.991775900516352,1
3148025,10.0,1
3148029,9.931777475538015,4
3148036,9.863832393978525,7
3148038,9.98077514500013,2
3148040,9.971558699978445,2
3148054,9.681185101281855,14
3148055,10.0,1
3148067,9.742346911772003,12
3148068,10.0,1
3148070,9.976915845420562,2
3148081,9.737984428304411,11
3148100,9.554529073428412,19
3148106,9.888412459869404,6
3148116,9.788438225111962,10
3148128,9.725990893755641,12
3148137,9.814709742731555,9
3148143,9.876124171658056,6
3148150,9.870738102033464,7
3148158,9.827949662185626,8
3148171,9.68455398381286,13
3148180,9.819684839841962,9
3148191,9.772155739334893,11
3148197,9.893839618689647,6
3148209,9.747274865560524,12
3148223,9.679233958622525,14
3148228,9.904500337135946,5
3148239,9.749113238332225,11
3148248,9.828343825279239,9
3148259,9.82492253098991,11
3148263,9.940628902471296,4
3148267,9.933846758369498,4
3148278,9.758273055638458,11
3148288,9.794512379062509,10
3148302,9.666425921505288,14
3148311,9.795451038006462,9
3148322,9.763874130773381,11
3148334,9.731286560799774,12
3148338,9.934366391725105,4
3148349,9.750372047804698,11
3148358,9.828778533793042,9
3148359,10.0,1
3148363,9.950833121583182,4
3148369,9.907077811381798,6
3148375,9.884162770756056,6
3148376,10.0,1
3148377,10.0,1
3148387,9.829944525092948,10
3148390,9.963216417397875,3
3148395,9.910940277886926,5
3148403,9.830760593404685,8
3148424,9.512780341992729,21
3148437,9.69283819806556,13
3148438,10.0,1
3148458,9.507331387037368,20
3148467,9.808758372233003,9
3148473,9.891102850587199,6
3148474,10.0,1
3148486,9.771623651267095,12
3148487,10.0,1
3148490,9.965215574574716,3
3148498,9.840530430301023,8
3148514,9.365172930364604,16
3148521,9.890423347815748,7
3148533,9.729616206607938,12
3148546,9.709944829539072,13
3148556,9.821413806760969,10
3148562,9.870308592740056,6
3148571,9.809401718198655,9
3148577,9.897076077840104,6
3148579,9.97809989453279,2
3148590,9.787077206077822,11
3148597,9.875758834788046,7
3148605,9.831334358546986,8
3148612,9.864562567311234,7
3148623,9.581228340489947,11
3148630,9.872776498080187,7
3148635,9.93616242488828,5
3148645,9.78921823665697,10
3148652,9.845896943077245,7
3148669,9.590024922741552,17
3148673,9.928880856800692,4
3148677,9.937337734630875,4
3148688,9.760708350980321,11
3148689,10.0,1
3148699,9.798456755080657,10
3148711,9.765693091484428,12
3148721,9.780920641612202,10
3148728,9.866229959624622,7
3148732,9.950500759294533,4
3148733,10.0,1
3148734,9.987652568057069,1
3148746,9.729715520496244,12
3148754,9.83648255760518,8
3148755,10.0,1
3148767,9.735383389118226,12
3148769,9.978028743168544,2
3148770,10.0,1
3148785,9.638808443628367,15
3148795,9.83059990075626,10
3148809,9.693625976618328,14
3148823,9.675130242155575,14
3148830,9.865249509560712,7
3148839,9.794010180899567,9
3148850,9.76749141575673,11
3148851,10.0,1
3148862,9.823600053092312,11
3148874,9.720509201369575,12
3148882,9.84674111358996,8
3148888,9.890468187248215,6
3148898,9.788741510193882,10
3148904,9.881288568888072,6
3148911,9.878617448961853,7
3148922,9.78034033190541,11
3148930,9.837504432603914,8
3148931,9.996273524925767,1
3148942,9.806693215879537,11
3148947,9.712251543243271,5
3148962,9.545435211255615,15
3148963,10.0,1
3148971,9.827997377085005,8
3148980,9.798708023443966,9
3148986,9.906545664513478,6
3148993,9.879018912325922,7
3149003,9.788441024733773,10
3149017,9.706846383002816,14
3149039,9.464725981977102,22
3149040,10.0,1
3149049,9.831573131589879,9
3149056,9.866111425145942,7
3149063,9.887284023799268,7
3149070,9.859781595649936,7
3149087,9.649551336151571,17
3149088,10.0,1
3149097,9.817199681125793,9
3149111,9.6806349230403,14
3149121,9.794240496589497,10
3149128,9.878754585559289,7
3149143,9.690120198582516,15
3149155,9.723814655884444,12
3149164,9.83922268676065,9
3149175,9.789030546966695,11
3149189,9.683976072830886,14
3149197,9.87486298087014,8
3149209,9.737869380168892,12
3149220,9.788325424090887,11
3149221,10.0,1
3149234,9.709235301759099,13
3149246,9.782348129774114,12
3149247,10.0,1
3149262,9.238813823523918,15
3149263,9.993877465601349,1
3149268,9.935588135295854,5
3149297,9.426123219417551,29
3149316,9.52257990602447,19
3149322,9.887888684006192,6
3149337,9.668199528844076,15
3149342,9.937624887976312,5
3149360,9.567437342409344,18
3149370,9.832312387207237,10
3149383,9.762601217923642,13
3149388,9.923218137555493,5
3149395,9.883532776659395,7
3149399,9.926449271956304,4
3149408,9.821328277685367,9
3149419,9.772933586423456,11
3149430,9.772619522004105,11
3149442,9.758364637819252,12
3149457,9.649377153304025,15
3149461,9.948729537796082,4
3149466,9.91456580299502,5
3149472,9.910523390210932,6
3149479,9.857704806312968,7
3149480,10.0,1
3149483,9.966264718732905,3
3149488,9.915174997402472,5
3149499,9.78086779446753,11
3149500,10.0,1
3149509,9.803533114026429,9
3149517,9.85379606911323,8
3149525,9.854915884649444,8
3149534,9.84913309359571,9
3149540,9.909081097575275,6
3149551,9.763014557614133,11
3149552,10.0,1
3149561,9.83480163220497,9
3149572,9.756850403413143,11
3149576,9.941433832769052,4
3149594,9.592487233474191,18
3149598,9.94562283740923,4
3149606,9.839482121109963,8
3149613,9.86103699617827,7
3149615,9.973142967335841,2
3149618,9.960003716451931,3
3149619,10.0,1
3149639,9.316213387605691,20
3149644,9.922328985188114,5
3149645,10.0,1
3149651,9.901709430836403,6
3149658,9.867971243638614,7
3149659,10.0,1
3149667,9.830955128901612,8
3149688,9.533314684916082,21
3149697,9.849257643794182,9
3149704,9.875959677835352,7
3149716,9.738133552762724,12
3149730,9.709476824850535,14
3149733,9.9609058865952,3
3149746,9.72703507971334,13
3149756,9.798559670053017,10
3149760,9.922822930362365,4
3149765,9.89733769715486,5
3149779,9.738416314421015,14
3149792,9.71520758137287,13
3149797,9.918307511697526,5
3149808,9.772408378207787,11
3149820,9.739957247269068,12
3149833,9.715552966928014,13
3149847,9.703249666320776,14
3149854,9.85886560278868,7
3149866,9.729536393796934,12
3149876,9.824456095357553,10
3149885,9.861402188058468,9
3149890,9.909919714097361,5
3149899,9.8367996877469,9
3149911,9.750858178141774,12
3149912,10.0,1
3149926,9.691907317395021,14
3149936,9.797512748301102,10
3149943,9.870169470826715,7
3149956,9.72233789544841,13
3149960,9.936522747211528,4
3149962,9.96974577790049,2
3149978,9.63709099766294,16
3149985,9.871142508066368,7
3149997,9.731288389995285,12
3149998,10.0,1
3149999,10.0,1
3150002,9.963150882065433,3
3150010,9.642794362991657,8
3150028,9.60004958954102,18
3150041,9.697036836941457,13
3150045,9.831262843688947,4
3150048,9.964870335021539,3
3150062,9.694659876802938,14
3150070,9.84952212999941,8
3150076,9.905546781512745,6
3150077,10.0,1
3150090,9.749679859109975,13
3150100,9.79261748579395,10
3150111,9.746300378398791,11
3150119,9.80643724276469,8
3150127,9.847984379383586,8
3150132,9.916073489922606,5
3150135,9.968402328296458,3
3150141,9.91793959173597,6
3150147,9.605413368754242,6
3150149,9.98507144341716,2
3150158,9.824196026291471,9
3150169,9.765846450900398,11
3150181,9.747760542338249,12
3150208,9.316123938541358,27
3150226,9.590887093797454,18
3150241,9.703336657069713,15
3150245,9.948050695797615,4
3150246,10.0,1
3150256,9.804825002495441,10
3150265,9.795398742554625,9
3150271,9.883630911519301,6
3150278,9.855372102093488,7
3150288,9.802126194958161,10
3150301,9.724016902214753,13
3150319,9.575909523651152,18
3150327,9.833586674060747,8
3150337,9.794900321716682,10
3150340,9.952801151634686,3
3150344,9.938930764232092,4
3150352,9.855239594034757,8
3150363,9.758096104100755,11
3150370,9.877027757831588,7
3150382,9.743156361348356,12
3150389,9.887176958814825,7
3150399,9.782524649002015,10
3150405,9.89141728704754,6
3150421,9.64270767045817,16
3150432,9.78014575386305,11
3150437,9.917808114693145,5
3150445,9.823841056604001,8
3150454,9.825206833821698,9
3150455,10.0,1
3150465,9.775630781594476,10
3150470,9.902392121022269,5
3150479,9.839554632247964,9
3150480,10.0,1
3150496,9.62890221482866,16
3150499,9.961165174865203,3
3150515,9.545042617429703,16
3150518,9.96533926629272,3
3150521,9.950016725024051,3
3150530,9.84464499515938,9
3150538,9.856883650795126,8
3150546,9.837392002624659,8
3150562,9.618517672159523,16
3150574,9.761900717786398,12
3150575,10.0,1
3150576,10.0,1
3150585,9.819968088368134,9
3150598,9.52093436971911,13
3150608,9.801278956474274,10
3150616,9.84207911880959,8
3150626,9.771634040338181,10
3150639,9.715111509001781,13
3150640,10.0,1
3150646,9.902042607962814,6
3150650,9.93871465803997,4
3150655,9.925028874825697,5
3150669,9.698590041639024,14
3150682,9.713050692469116,13
3150687,9.914252061963285,5
3150699,9.725055554669972,12
3150712,9.726396349285071,13
3150718,9.894588276962693,6
3150726,9.847475852714926,8
3150731,9.919489935785098,5
3150743,9.771491380340274,12
3150754,9.824074257293416,11
3150766,9.73364042447012,12
3150789,9.018702263336715,23
3150800,9.759399872990388,11
3150815,9.657254342005501,15
3150825,9.79598805209148,10
3150835,9.810328616107011,10
3150836,10.0,1
3150846,9.811509958709436,10
3150857,9.762692077215078,11
3150869,9.746191253390679,12
3150881,9.772415201634841,12
3150887,9.90562805498047,6
3150892,9.910477950983418,5
3150906,9.583696448880676,14
3150910,9.946940061299042,4
3150911,10.0,1
3150912,10.0,1
3150921,9.814547308542858,9
3150925,9.924014226652387,4
3150937,9.754017415928512,12
3150941,9.934632793743416,4
3150950,9.82688573895806,9
3150956,9.882823569404351,6
3150960,9.94650501265472,4
3150970,9.80471396293746,10
3150980,9.793377756694056,10
3150996,9.630639821290881,16
3151007,9.771711008001384,11
3151008,10.0,1
3151022,9.657766589519719,14
3151030,9.830856270611491,8
3151036,9.877264474953163,6
3151037,9.99146088308903,1
3151047,9.776838552725016,10
3151051,9.933045639432164,4
3151059,9.827849226894326,8
3151067,9.823050103173072,8
3151077,9.80398383370826,10
3151085,9.861760224494756,8
3151098,9.681889704007641,13
3151099,10.0,1
3151100,10.0,1
3151101,10.0,1
3151108,9.882864529464046,7
3151109,10.0,1
3151118,9.789532677207879,9
3151127,9.808009432588193,9
3151135,9.836580073827028,8
3151136,10.0,1
3151150,9.682884445365172,14
3151153,9.965910560153656,3
3151162,9.816494760105066,9
3151186,9.43090959112617,24
3151195,9.80439570238204,9
3151205,9.784445952761132,10
3151215,9.803241396884188,10
3151227,9.730719533996272,12
3151236,9.826519369485007,9
3151250,9.65826592173042,14
3151255,9.924710363682504,5
3151263,9.859861090432332,8
3151268,9.912904253728234,5
3151269,10.0,1
3151276,9.866082688230277,7
3151285,9.811434590028439,9
3151293,9.831126694282592,8
3151302,9.808377098607993,9
3151308,9.90100715751865,6
3151309,10.0,1
3151315,9.90719455420136,6
3151319,9.937488478533439,4
3151320,10.0,1
3151321,10.0,1
3151331,9.831310556808806,10
3151342,9.758422916045713,11
3151346,9.930229460987597,4
3151358,9.761074601388051,12
3151362,9.93934485349118,4
3151373,9.785517184864243,11
3151383,9.791012174287216,10
3151390,9.867073904446512,7
3151403,9.726804975825479,13
3151417,9.67786268549546,14
3151418,10.0,1
3151419,10.0,1
3151432,9.754345257724234,13
3151441,9.812337357580903,9
3151442,10.0,1
3151443,10.0,1
3151459,9.648648254568704,16
3151465,9.90359677540305,6
3151479,9.690097893469089,14
3151483,9.94222473348023,4
3151493,9.78985691363519,10
3151504,9.775738663568852,11
3151514,9.82968492786613,10
3151522,9.848239234223705,8
3151534,9.72543752966594,12
3151556,9.630478840446768,22
3151569,9.715053426513197,13
3151574,9.917472448674788,5
3151580,9.889710859876889,6
3151591,9.773029143142717,11
3151595,9.937517606482203,4
3151602,9.882104739517318,7
3151611,9.808140194609889,9
3151617,9.891801578977676,6
3151627,9.794336421485315,10
3151636,9.795333433226043,9
3151644,9.834151999759873,8
3151656,9.754521765831635,12
3151661,9.918833317408472,5
3151668,9.860968836014555,7
3151672,9.943074888438465,4
3151679,9.864218082487469,7
3151683,9.933973809718614,4
3151688,9.930598288434261,5
3151705,9.6195614901129,17
3151712,9.847149800871488,7
3151713,10.0,1
3151725,9.737039109153137,12
3151732,9.888072334730293,7
3151739,9.86394208770596,7
3151740,10.0,1
3151742,9.982103835694163,2
3151753,9.76576628259873,11
3151760,9.876962220955486,7
3151768,9.844236837583905,8
3151785,9.631419647293322,17
3151794,9.804157078804035,9
3151804,9.770617800207612,10
3151816,9.78202212935478,12
3151819,9.951237542103279,3
3151830,9.747956796207829,11
3151843,9.723278038601155,13
3151853,9.81921728081384,10
3151857,9.944317027316258,4
3151858,10.0,1
3151859,10.0,1
3151866,9.894624786310162,7
3151867,10.0,1
3151875,9.881946082657931,8
3151888,9.74412013881115,13
3151894,9.916975804760025,6
3151902,9.838923372360336,8
3151913,9.76546297637752,11
3151921,9.824220118422122,8
3151922,10.0,1
3151927,9.911825653153656,5
3151928,10.0,1
3151934,9.915926544787181,6
3151945,9.79451893582828,11
3151957,9.747591141608906,12
3151964,9.864317844089232,7
3151966,9.974746138633714,2
3151977,9.788841600521335,11
3151992,9.548404879043993,15
3152003,9.780201867418432,11
3152004,9.996008626575161,1
3152014,9.782307953657147,10
3152030,9.514812324107757,16
3152055,9.510774356687556,25
3152061,9.907997944583249,6
3152069,9.834672810242974,8
3152080,9.776438642797842,11
3152092,9.740697602025122,12
3152100,9.849343322409744,8
3152102,9.968779170018681,2
3152108,9.895008018543773,6
3152117,9.8296407347816,9
3152119,9.985665280971054,2
3152132,9.73905888062908,13
3152138,9.910578472357741,6
3152139,10.0,1
3152149,9.787589374095027,10
3152156,9.877260067389999,7
3152169,9.737778254106786,13
3152174,9.902482793239828,5
3152194,9.558804760742998,20
3152205,9.776291966428213,11
3152220,9.665437171862262,15
3152231,9.787077477083372,11
3152243,9.725437421272249,12
3152258,9.633743897587951,15
3152267,9.817546108400757,9
3152283,9.629323161873774,16
3152293,9.809751753583317,10
3152294,10.0,1
3152301,9.878222767642443,7
3152308,9.871945447894735,7
3152317,9.846029183148586,9
3152322,9.925961259227613,5
3152333,9.758052960836105,11
3152343,9.78800141548121,10
3152351,9.848724163682292,8
3152361,9.774460543004198,10
3152373,9.763987902439835,12
3152384,9.791356134068545,11
3152388,9.935702517563344,4
3152393,9.902502456722678,5
3152400,9.87054391426331,7
3152408,9.830097600964134,8
3152419,9.760364578443951,11
3152426,9.87959949345001,7
3152439,9.687676717678604,13
3152440,10.0,1
3152445,9.92128552690484,5
3152449,9.928813553550313,4
3152455,9.887118374311875,6
3152472,9.623734059637894,17
3152478,9.909083863036246,6
3152489,9.748453288431982,11
3152502,9.716449979219481,13
3152651,-44.540039172874565,149
3152660,9.533654181096589,9
3152661,10.0,1
3152665,9.9482523954528,4
3152673,9.8492326199629,8
3152677,9.946010533558093,4
3152682,9.918400358476191,5
3152690,9.846834138559528,8
3152699,9.806782537058837,9
3152705,9.901382729025459,6
3152718,9.711899985758551,13
3152726,9.868610398013352,8
3152737,9.651328050984082,11
3152744,9.85154846640921,7
3152749,9.919765172510774,5
3152760,9.753724146753175,11
3152767,9.867017565712098,7
3152771,9.930133470687819,4
3152776,9.909679183026517,5
3152783,9.885824750490277,7
3152797,9.70199478967203,14
3152803,9.890390396000141,6
3152812,9.808977541188561,9
3152814,9.971479574498401,2
3152824,9.772636351615347,10
3152836,9.741776377768925,12
3152840,9.932332058633811,4
3152855,9.70422788606391,15
3152870,9.657011189147882,15
3152881,9.765426901664025,11
3152882,10.0,1
3152891,9.815991325324203,9
3152892,10.0,1
3152906,9.66361455417047,14
3152912,9.897102893375076,6
3152923,9.819204241979529,11
3152935,9.748406804111625,12
3152940,9.922994019187769,5
3152947,9.885001515610615,7
3152948,10.0,1
3152958,9.800753696733747,10
3152966,9.886852376671163,8
3152978,9.755560776768466,12
3152989,9.747331272878903,11
3152996,9.864241569698162,7
3153005,9.80432739347501,9
3153019,9.690132276634294,14
3153029,9.791463287621168,10
3153030,9.992377905871106,1
3153039,9.8350992209818,9
3153048,9.818607734150348,9
3153055,9.867065015449453,7
3153072,9.643405052234376,17
3153073,9.996461758840002,1
3153080,9.855165408988366,7
3153089,9.850454511052867,9
3153101,9.766442411146794,12
3153111,9.792145350817943,10
3153123,9.714001151810653,12
3153130,9.886483209697689,7
3153134,9.933617110492479,4
3153138,9.942952565649216,4
3153147,9.80757392295795,9
3153163,9.62602362496671,16
3153187,8.706157016902827,24
3153198,9.76649014165487,11
3153203,9.914490145306528,5
3153208,9.916282038624939,5
3153214,9.916201878176413,6
3153253,8.807443460240805,39
3153261,9.855646290839886,8
3153273,9.740631456131444,12
3153281,9.853044667722834,8
3153292,9.775620089895302,11
3153305,9.712812833061877,13
3153320,9.479619423782047,15
3153328,9.89071818583099,8
3153329,10.0,1
3153340,9.759402202790884,11
3153352,9.74794050373327,12
3153359,9.856855804268891,7
3153369,9.863450931817543,10
3153371,9.968886780131635,2
3153386,9.660776284308804,15
3153399,9.771808664934538,13
3153403,9.944092149006597,4
3153405,9.982593104190991,2
3153414,9.826799693429505,9
3153423,9.837270817524768,9
3153433,9.812880548514356,10
3153444,9.78005031941689,11
3153452,9.877202453496468,8
3153464,9.746150781852371,12
3153475,9.777396980917242,11
3153481,9.88638254246295,6
3153485,9.94746275000343,4
3153489,9.930564054847178,4
3153499,9.802725818915055,10
3153505,9.900007496765499,6
3153506,10.0,1
3153523,9.626420580374663,17
3153541,9.617373138337456,18
3153550,9.825978274986799,9
3153561,9.758627242199806,11
3153570,9.816233685973696,9
3153574,9.928964421651523,4
3153578,9.944198686962492,4
3153582,9.949219058782303,4
3153585,9.949048392242265,3
3153589,9.94620985611381,4
3153603,9.702289162141335,14
3153613,9.598624690222518,10
3153625,9.7406285267526,12
3153626,10.0,1
3153637,9.757904947731966,11
3153644,9.867510479466702,7
3153655,9.765856512226309,11
3153661,9.901588297242645,6
3153674,9.721220756756352,13
3153685,9.782178986304755,11
3153699,9.68261358445002,14
3153712,9.73406529685826,13
3153718,9.87712063212757,6
3153728,9.780434889882233,10
3153746,9.681075034047424,18
3153750,9.94844873532209,4
3153751,10.0,1
3153752,9.992426119470451,1
3153758,9.906785825856469,6
3153761,9.951424763789824,3
3153772,9.75291426578948,11
3153790,9.568948116677872,18
3153793,9.966742105729432,3
3153805,9.75257727742115,12
3153815,9.79640039001535,10
3153825,9.8154059763658,10
3153836,9.762262974114643,11
3153843,9.913946391154907,7
3153852,9.82397350694173,9
3153866,9.720516600658057,14
3153873,9.887454312195672,7
3153893,9.525565854050246,20
3153905,9.723871065171794,12
3153912,9.867914923245635,7
3153923,9.784994971579634,11
3153934,9.775184459455863,11
3153936,9.979368016025889,2
3153942,9.881705080324632,6
3153950,9.842844481483356,8
3153954,9.945413141875056,4
3153959,9.925113601097829,5
3153965,9.874458269889505,6
3153971,9.895570022847325,6
3153978,9.89363754134778,7
3153986,9.862619673079633,8
3153992,9.898923151465153,6
3154006,9.66507867376441,14
3154014,9.855686137122543,8
3154021,9.858170842458813,7
3154031,9.780373974516127,10
3154045,9.664603890962022,14
3154056,9.761707032876652,11
3154075,9.638367091566137,19
3154093,9.584769309432021,18
3154102,9.824389244727271,9
3154107,9.928373553821343,5
3154124,9.640942923760225,17
3154131,9.871215570697755,7
3154143,9.745378742935412,12
3154148,9.922476037266035,5
3154153,9.914396454623219,5
3154164,9.736372414780305,11
3154165,9.996662096783131,1
3154170,9.917976761700103,5
3154175,9.90786964895829,5
3154182,9.86293491743317,7
3154187,9.922742216334566,5
3154191,9.946811269178113,4
3154198,9.858542823912854,7
3154211,9.720778263746634,13
3154219,9.854517458666745,8
3154233,9.74620879717128,14
3154243,9.76372232225142,10
3154256,9.721734971070077,13
3154267,9.75603469139554,11
3154273,9.775385565500006,6
3154290,8.461785040388467,17
3154299,9.827075114279912,9
3154313,9.724678245616225,14
3154314,10.0,1
3154321,9.853924654018066,7
3154328,9.8663921900309,7
3154340,9.758725128357417,12
3154344,9.95034944356486,4
3154353,9.810142815852815,9
3154358,9.913555618173385,5
3154361,9.960677184956017,3
3154363,9.971716143641082,2
3154369,9.881909002472353,6
3154376,9.86236444359719,7
3154380,9.944496895485484,4
3154392,9.639444808651781,12
3154404,9.734115882304996,12
3154417,9.74254131961729,13
3154420,9.951669816259148,3
3154430,9.79294862910469,10
3154444,9.685007426983582,14
3154446,9.976412126845425,2
3154449,9.959101073718394,3
3154461,9.737803792338754,12
3154475,9.677710015591288,14
3154476,10.0,1
3154489,9.702175721828912,13
3154499,9.794380279196137,10
3154507,9.822894980783852,8
3154513,9.887670445393729,6
3154515,9.970757738059184,2
3154516,9.987649242342474,1
3154517,10.0,1
3154529,9.734045140011363,12
3154543,9.684094236351298,14
3154546,9.962781760556698,3
3154550,9.936960973340987,4
3154560,9.788833790039778,10
3154567,9.887890216641674,7
3154578,9.746465855833543,11
3154594,9.467341225212182,16
3154604,9.793581333731616,10
3154609,9.927085016151887,5
3154610,10.0,1
3154619,9.837879254911513,9
3154622,9.965725300171378,3
3154632,9.803464281227141,10
3154647,9.648058204991543,15
3154658,9.765925524218193,11
3154667,9.818286520680552,9
3154684,9.652069866631606,17
3154696,9.768749219900016,12
3154701,9.91993378651358,5
3154717,9.46160722894335,16
3154729,9.435056995711152,12
3154730,10.0,1
3154738,9.819460035119354,8
3154748,9.819682513918895,10
3154750,9.984826773922281,2
3154751,10.0,1
3154757,9.886135772819738,6
3154763,9.876299420122805,6
3154772,9.79299794847327,9
3154778,9.904781200565115,6
3154789,9.755569483779603,11
3154796,9.87637150638891,7
3154810,9.69343832936579,14
3154827,9.57233571025356,17
3154828,10.0,1
3154840,9.736921895352019,12
3154844,9.936648533125425,4
3154854,9.791626958294199,10
3154860,9.89682154714146,6
3154866,9.887798371475363,6
3154882,9.615263299024456,16
3154891,9.833663592190279,9
3154892,10.0,1
3154908,9.652417573065666,16
3154909,9.993134264856812,1
3154923,9.675237155241305,14
3154926,9.953130502847316,3
3154933,9.88514062373324,7
3154934,10.0,1
3154936,9.982148137654528,2
3154944,9.849553076848142,8
3154947,9.967608742136045,3
3154957,9.807796551453837,10
3154968,9.766584277346233,11
3154981,9.687305451261611,13
3154990,9.828987869242773,9
3154996,9.887590251783125,6
3155007,9.789659177754332,11
3155024,9.666591641241324,17
3155030,9.892501271031767,6
3155045,9.682470425961718,15
3155046,10.0,1
3155047,10.0,1
3155054,9.871353909601053,7
3155057,9.964388751953486,3
3155059,9.969945050642615,2
3155063,9.932881208907494,4
3155070,9.864820050390065,7
3155081,9.772315782677515,11
3155094,9.715577987516054,13
3155104,9.79355161177764,10
3155109,9.919722815262539,5
3155110,10.0,1
3155119,9.83072152137688,9
3155132,9.766193471713686,13
3155148,9.645767771336049,16
3155160,9.773624980685502,12
3155168,9.841260292585373,8
3155174,9.88010285463425,6
3155180,9.891208227266217,6
3155187,9.888007659115539,7
3155192,9.923353424255518,5
3155196,9.938677409755616,4
3155201,9.908072650251524,5
3155209,9.844211573237553,8
3155212,9.951297356109382,3
3155221,9.789857597509224,9
3155222,9.99087516490264,1
3155228,9.904769720939978,6
3155229,10.0,1
3155231,9.980182811328051,2
3155236,9.924771802613169,5
3155246,9.81456211150729,10
3155266,9.534587195680928,20
3155271,9.908065109066161,5
3155272,10.0,1
3155280,9.842590877501088,8
3155289,9.821437656832943,9
3155292,9.969748432343724,3
3155300,9.855154920367028,8
3155303,9.948698144134601,3
3155317,9.686726309083099,14
3155322,9.91797583534268,5
3155339,9.592185095211564,17
3155340,10.0,1
3155348,9.84809582249964,8
3155349,10.0,1
3155351,9.977744492236758,2
3155358,9.884801101586762,7
3155359,10.0,1
3155365,9.901987264367895,6
3155373,9.833718732823366,8
3155385,9.759604690381703,12
3155386,10.0,1
3155390,9.95057116437799,4
3155400,9.831236012374472,10
3155406,9.888067031301489,6
3155409,9.955769536264382,3
3155417,9.837881829017487,8
3155424,9.852123435040209,7
3155428,9.943822845913184,4
3155438,9.804615526922401,10
3155439,9.99225076625132,1
3155442,9.965997311040734,3
3155452,9.780454470132675,10
3155456,9.929256241797887,4
3155464,9.854316973100902,8
3155467,9.954984665701847,3
3155474,9.882717997944514,7
3155479,9.902214264259174,5
3155490,9.773414764742983,11
3155496,9.892250668447062,6
3155500,9.93323938191731,4
3155505,9.922355004248212,5
3155506,10.0,1
3155517,9.77334072118413,11
3155521,9.938601968236405,4
3155531,9.788736444897143,10
3155548,9.58737299653776,17
3155558,9.798278974761354,10
3155572,9.691680932055903,14
3155577,9.916793704067974,5
3155581,9.93108561666683,4
3155592,9.758751592983563,11
3155598,9.89663136396552,6
3155609,9.756138442540683,11
3155619,9.80764494171676,10
3155628,9.818712352213224,9
3155644,9.698918858148685,16
3155654,9.798642284116323,10
3155661,9.878987102889782,7
3155674,9.713593465718924,13
3155680,9.899217971349554,6
3155692,9.766261817726416,12
3155704,9.792418087758305,12
3155709,9.908406123605006,5
3155722,9.701767172904674,13
3155723,10.0,1
3155732,9.837197232579806,9
3155738,9.904971871156647,6
3155746,9.83289919809822,8
3155748,9.978393624130556,2
3155751,9.960704570487973,3
3155770,9.569986244495608,19
3155781,9.782432827510876,11
3155794,9.734336669336058,13
3155801,9.867451320378766,7
3155810,9.829474519055491,9
3155818,9.853609860340717,8
3155821,9.958827804036703,3
3155826,9.909444877764917,5
3155841,9.653255340212622,15
3155848,9.878108722083413,7
3155861,9.728640487859806,13
3155867,9.894125765871694,6
3155878,9.7905639855739,11
3155887,9.817840741969302,9
3155891,9.945357837615253,4
3155898,9.889743592148081,7
3155902,9.945253648312217,4
3155905,9.950842496468164,3
3155924,9.708482185653954,19
3155937,9.706967728306356,13
3155944,9.879254564081345,7
3155954,9.807310756743675,10
3155960,9.90173101949717,6
3155970,9.808361954773344,10
3155977,9.854086327838262,7
3155987,9.780459203064652,10
3156001,9.678312139440136,14
3156018,9.170882546651656,17
3156019,10.0,1
3156031,9.753378524547792,12
3156041,9.792260754089572,10
3156056,9.446606673190633,15
3156057,10.0,1
3156058,10.0,1
3156061,9.960483896135242,3
3156074,9.702408068503,13
3156076,9.972676036055667,2
3156082,9.884122414973861,6
3156095,9.726002893074488,13
3156109,9.715178020217042,14
3156114,9.91919595182773,5
3156123,9.838493293105905,9
3156134,9.78181463124617,11
3156146,9.728147878463336,12
3156150,9.935225016313822,4
3156160,9.78784177950824,10
3156169,9.793431105339634,9
3156173,9.947163716339643,4
3156175,9.982136286355647,2
3156184,9.830729545478345,9
3156185,10.0,1
3156192,9.85136833859275,7
3156205,9.76393260151937,13
3156216,9.74805630113117,11
3156224,9.864705607592898,8
3156229,9.906460446856464,5
3156238,9.832757034716249,9
3156253,9.685094734334854,15
3156258,9.910484181210728,5
3156292,9.068371436555895,34
3156299,9.87610145020312,7
3156308,9.727649903950045,9
3156309,10.0,1
3156316,9.866675642431842,7
3156336,9.454251177756456,20
3156352,9.622779823756414,16
3156364,9.746815843406724,12
3156367,9.957605437884173,3
3156383,9.681939646013022,16
3156388,9.930488705552934,5
3156402,9.692805328817574,14
3156409,9.874912881874032,7
3156417,9.848176376624068,8
3156428,9.756701276095136,11
3156441,9.764939612936596,13
3156442,10.0,1
3156451,9.800565588958053,9
3156452,10.0,1
3156457,9.918654180482417,5
3156469,9.744352044897468,12
3156482,9.692868848921815,13
3156494,9.745337075793234,12
3156501,9.858307976685474,7
3156513,9.732031490885046,12
3156514,10.0,1
3156515,9.996408555574193,1
3156527,9.748220454939206,12
3156532,9.90428973622823,5
3156533,10.0,1
3156540,9.880650031664874,7
3156556,9.62593398796244,16
3156566,9.795478386358916,10
3156574,9.836189765379196,8
3156579,9.917982624933709,5
3156600,9.540164426135227,21
3156601,9.99602169639801,1
3156605,9.92708640487941,4
3156613,9.861137842784535,8
3156618,9.915943543613412,5
3156633,9.645428169582525,15
3156634,9.991104191555166,1
3156651,9.6372859441295,17
3156659,9.847185202227836,8
3156667,9.839020217568251,8
3156679,9.717167416739688,12
3156691,9.726112789618329,12
3156706,9.667633435461804,15
3156719,9.717795785780206,13
3156726,9.88018327581862,7
3156749,9.413561844303926,23
3156761,9.72634222937808,12
3156768,9.839573988229205,7
3156769,9.99233196684082,1
3156770,10.0,1
3156781,9.652606389845301,11
3156791,9.785076308792275,10
3156801,9.825945536945499,10
3156815,9.71136116625646,14
3156817,9.978085155537771,2
3156822,9.921741106610295,5
3156833,9.799557076161111,11
3156835,9.974024273463673,2
3156840,9.927382189763302,5
3156849,9.809349673462306,9
3156850,10.0,1
3156863,9.707037680420441,13
3156876,9.700518108112474,13
3156887,9.755939365176687,11
3156891,9.940080268394611,4
3156899,9.874040052538064,8
3156909,9.774967154983273,10
3156928,9.445271282781668,19
3156943,9.685854290252944,15
3156957,9.687674998796929,14
3156969,9.733658123835967,12
3156984,9.65258166449708,15
3157001,9.658363535882096,17
3157019,9.664329603372567,18
3157020,10.0,1
3157029,9.820839047260145,9
3157032,9.95762867217427,3
3157043,9.741822951709588,11
3157053,9.790735633483147,10
3157060,9.881470369239866,7
3157080,9.571514193338146,20
3157089,9.817740810805393,9
3157090,10.0,1
3157103,9.723590091741436,13
3157109,9.884138225451228,6
3157115,9.885775890809038,6
3157116,10.0,1
3157123,9.849734103824872,7
3157124,9.992448143361887,1
3157131,9.683070075101693,7
3157149,9.211168847807333,18
3157160,9.77888840150227,11
3157174,9.677763936678124,14
3157185,9.763417515286692,11
3157190,9.931415142906037,5
3157201,9.788309514132642,11
3157211,9.774232467744357,10
3157214,9.960779958034776,3
3157218,9.937210211711278,4
3157230,9.726099099150135,12
3157240,9.807377715173919,10
3157250,9.777933101360967,10
3157259,9.805433591742107,9
3157268,9.819394926389435,9
3157285,9.660955602912916,17
3157286,9.988447090536512,1
3157298,9.752981279288607,12
3157318,9.551771855958803,20
3157324,9.90056229917528,6
3157334,9.793916555279214,10
3157343,9.813879496138108,9
3157356,9.719742051090074,13
3157368,9.789115037516058,12
3157370,9.983676414804894,2
3157376,9.899261796192253,6
3157383,9.866669453077648,7
3157391,9.847432280460737,8
3157396,9.905258527688867,5
3157410,9.718738838030104,14
3157411,10.0,1
3157423,9.75194629535616,12
3157429,9.918617206425557,6
3157439,9.785537042327402,10
3157441,9.983012937839328,2
3157447,9.901008013917583,6
3157454,9.885013750048325,7
3157465,9.771033991931906,11
3157471,9.900122229516207,6
3157474,9.956049359183544,3
3157476,9.975729437012356,2
3157482,9.798771506603199,6
3157494,9.74609951269986,12
3157505,9.803334019925874,11
3157510,9.925909389660191,5
3157521,9.811767923082723,11
3157530,9.798389223396256,9
3157540,9.768181268866647,10
3157549,9.71922546501355,9
3157563,9.698153367494553,14
3157568,9.91658252217778,5
3157569,9.992571568290739,1
3157585,9.638998588752527,16
3157586,10.0,1
3157605,9.599685346070393,19
3157613,9.858218936984791,8
3157625,9.787688516549089,12
3157633,9.851724090780726,8
3157645,9.753652404554064,12
3157646,10.0,1
3157650,9.937411914683162,4
3157663,9.701267270473181,13
3157673,9.794395738674107,10
3157683,9.79891318100886,10
3157693,9.77632966172094,10
3157708,9.628507372337754,15
3157720,9.706987250889634,12
3157731,9.752934257932418,11
3157741,9.776520287293307,10
3157744,9.969735698533617,3
3157748,9.945438709709256,4
3157756,9.851999284795838,8
3157766,9.777152941190039,10
3157774,9.84532353578663,8
3157787,9.759518576671237,13
3157789,9.967852142978032,2
3157790,10.0,1
3157800,9.845593733985988,10
3157811,9.775186884370369,11
3157814,9.95506203019401,3
3157818,9.938565382066264,4
3157829,9.759737005888645,11
3157830,9.993122908593861,1
3157834,9.941211429891007,4
3157845,9.802209141087092,11
3157852,9.861163234376539,7
3157860,9.842911944215224,8
3157868,9.657772503765298,8
3157880,9.764028393092238,12
3157886,9.90666227237792,6
3157889,9.967403804630782,3
3157900,9.770344073673481,11
3157913,9.694980568463395,13
3157916,9.951304667028406,3
3157917,10.0,1
3157924,9.86317447788711,7
3157929,9.912660690666291,5
3157936,9.880288128107432,7
3157939,9.964298914358327,3
3157949,9.793600002409596,10
3157961,9.74210994294249,12
3157964,9.968248969628979,3
3157970,9.88363939847183,6
3157971,10.0,1
3157983,9.73133409574614,12
3157993,9.799110879735617,10
3157994,10.0,1
3158002,9.84910334944059,8
3158013,9.771504177415329,11
3158022,9.818632477242717,9
3158027,9.925296788605296,5
3158028,10.0,1
3158034,9.885353367722113,6
3158045,9.80912718211355,11
3158054,9.813418092176791,9
3158055,10.0,1
3158080,9.42025392903803,25
3158090,9.814863330232642,10
3158102,9.777605116482064,12
3158105,9.960795140766479,3
3158125,9.574478059508682,20
3158138,9.71065177627735,13
3158146,9.832348233299017,8
3158156,9.785425163335294,10
3158161,9.919375419299458,5
3158162,10.0,1
3158177,9.672587300444093,15
3158185,9.875684327698286,8
3158187,9.984662741136953,2
3158198,9.777819583586657,11
3158213,9.652029095302458,15
3158220,9.876072977085725,7
3158225,9.919763128759067,5
3158233,9.831736580388267,8
3158244,9.770312074339866,11
3158246,9.97967295164437,2
3158258,9.746654967560493,12
3158270,9.745989765621502,12
3158281,9.762763706399738,11
3158282,10.0,1
3158285,9.960432963826985,3
3158300,9.678435213284255,15
3158301,10.0,1
3158307,9.902090514847828,6
3158319,9.72994230246769,12
3158323,9.92954393834762,4
3158333,9.788398171952574,10
3158345,9.767691698944635,12
3158355,9.801971269866788,10
3158360,9.91418220035114,5
3158361,10.0,1
3158366,9.918187094540045,5
3158371,9.915515665268929,5
3158379,9.855472481463941,8
3158391,9.74149082626664,12
3158397,9.884541806780392,6
3158402,9.91315210643877,5
3158407,9.914863994472661,5
3158422,9.665331362975927,15
3158431,9.798086366863789,9
3158446,9.695623211092203,15
3158447,10.0,1
3158452,9.911393029314526,5
3158454,9.970936104082707,2
3158461,9.8481685531165,7
3158469,9.765937281241085,8
3158478,9.825879995195917,9
3158482,9.941219656438086,4
3158492,9.811311931854151,10
3158497,9.922596895012196,5
3158505,9.867671634655974,8
3158512,9.859760078508454,7
3158515,9.955256617689322,3
3158521,9.902639541537196,6
3158531,9.786853459390912,10
3158535,9.932491920851126,4
3158540,9.90617075053384,5
3158543,9.9522862027068,3
3158550,9.862874800616611,7
3158565,9.678172766030546,15
3158568,9.970821306112354,3
3158580,9.712305841490549,12
3158590,9.7846370623748,10
3158599,9.805997274419388,9
3158605,9.885476485514545,6
3158613,9.882912937200933,8
3158623,9.612575233259117,10
3158629,9.890675778371387,6
3158630,10.0,1
3158636,9.888067606297374,6
3158649,9.713068018950759,13
3158659,9.773134585297683,10
3158662,9.961764741275527,3
3158671,9.79450718497938,9
3158680,9.824383861387867,9
3158690,9.77414224155732,10
3158693,9.966773843243697,3
3158695,9.973025008353876,2
3158696,10.0,1
3158697,9.996635237616687,1
3158701,9.946579768116768,4
3158711,9.782311133533199,10
3158719,9.830884602894328,8
3158727,9.868857488011924,8
3158733,9.892219408483037,6
3158737,9.941519320954841,4
3158746,9.853296779183852,9
3158750,9.9372219779753,4
3158751,9.995971583559607,1
3158764,9.717088292223458,13
3158767,9.945199606822092,3
3158768,9.996055592968444,1
3158774,9.888900153912731,6
3158789,9.64367711503303,15
3158795,9.889800625884467,6
3158803,9.855646254005874,8
3158810,9.845637443721815,7
3158817,9.876569486529,7
3158826,9.84408558175625,9
3158834,9.860114679680398,8
3158840,9.88872376913556,6
3158846,9.909966288242511,6
3158854,9.862458325957318,8
3158868,9.665375823524068,14
3158871,9.96590378835745,3
3158877,9.88351030271521,6
3158880,9.947854767328518,3
3158887,9.869483364485799,7
3158901,9.692670651117155,14
3158907,9.890412399590291,6
3158916,9.814318415971863,9
3158917,10.0,1
3158923,9.913483564964334,6
3158933,9.820898935966166,10
3158944,9.812015003103848,11
3158956,9.757329689274275,12
3158973,9.613587873551234,17
3158984,9.758286343979961,11
3158991,9.872184290641197,7
3158992,9.993101008793003,1
3158998,9.913769994703992,6
3159005,9.855342732561075,7
3159018,9.718577111366109,13
3159024,9.886540600271532,6
3159029,9.926230105710916,5
3159036,9.859252842829715,7
3159049,9.726262545898809,13
3159060,9.599614012904418,11
3159068,9.854975295974311,8
3159073,9.923222125945527,5
3159080,9.895511186614867,7
3159091,9.789832229896552,11
3159104,9.706138223060835,13
3159112,9.858259432668262,8
3159120,9.83241375384684,8
3159126,9.91999786947758,6
3159138,9.764297158375316,12
3159143,9.92614765119262,5
3159150,9.873318750674908,7
3159159,9.842564307088445,9
3159161,9.97331204709799,2
3159175,9.717769772321104,14
3159190,9.671795827088806,15
3159200,9.782539591120068,10
3159201,10.0,1
3159207,9.88778229814474,6
3159214,9.86660005850322,7
3159225,9.773603161848621,11
3159234,9.812017184505585,9
3159240,9.90782966617419,6
3159247,9.902470147414755,7
3159261,9.690535061767182,14
3159262,10.0,1
3159271,9.826668835820888,9
3159278,9.883612339940978,7
3159279,10.0,1
3159283,9.935961567628551,4
3159298,9.689530249902896,15
3159304,9.88712087619719,6
3159311,9.864196413166871,7
3159312,9.996593628604842,1
3159317,9.910982572536675,5
3159325,9.828499917189248,8
3159326,10.0,1
3159333,9.853945927820618,7
3159348,9.648097376972693,15
3159357,9.816298878205313,9
3159365,9.875534992755929,8
3159376,9.780827878284846,11
3159385,9.799693403923856,9
3159386,10.0,1
3159399,9.727532062594356,13
3159402,9.95436181867006,3
3159413,9.76423151549369,11
3159424,9.796241610345307,11
3159425,9.992170318910388,1
3159435,9.80869097334042,10
3159437,9.975700010657212,2
3159451,9.692025788682741,14
3159468,9.593075717275987,17
3159477,9.802076499685068,9
3159485,9.862128821389128,8
3159491,9.909524116061995,6
3159501,9.775736663121789,10
3159519,9.682084240607697,18
3159524,9.901437946635202,5
3159528,9.944663192879334,4
3159535,9.847808853574449,7
3159543,9.817754780400424,8
3159544,10.0,1
3159556,9.744074742535517,12
3159557,10.0,1
3159568,9.741772211457342,11
3159581,9.709016219105004,13
3159582,10.0,1
3159594,9.718338592831133,12
3159605,9.75645647241225,11
3159612,9.873064235099942,7
3159613,9.99296738486068,1
3159617,9.932452673248978,4
3159636,9.572830694122045,19
3159647,9.753875820060696,11
3159662,9.685779587856038,15
3159665,9.948075695520425,3
3159666,10.0,1
3159669,9.961689766095807,3
3159670,10.0,1
3159675,9.916193317693669,5
3159692,9.60756780639393,17
3159702,9.788350410710965,10
3159717,9.617948441180602,15
3159724,9.852067790730779,7
3159733,9.80635029213688,9
3159749,9.607915710273138,16
3159750,9.996130806704716,1
3159761,9.795225298255511,11
3159772,9.774305295842996,11
3159781,9.796440609562145,9
3159789,9.853656998875735,8
3159790,10.0,1
3159802,9.761661598143453,12
3159812,9.782282477390368,10
3159820,9.85179270743203,8
3159830,9.837175791190376,10
3159833,9.970468554290022,3
3159843,9.772565423734914,10
3159848,9.917497604544298,5
3159860,9.744653561493363,12
3159861,10.0,1
3159868,9.878280343330053,7
3159882,9.505673474963297,14
3159883,10.0,1
3159896,9.740904663897282,13
3159908,9.739182795115054,12
3159911,9.952942318054163,3
3159913,9.982678722050828,2
3159928,9.68725724115054,15
3159943,9.665193086721535,15
3159952,9.86150676665385,9
3159953,10.0,1
3159962,9.819680521510659,9
3159963,10.0,1
3159976,9.731419913101494,13
3159984,9.844688760505987,8
3159985,10.0,1
3159987,9.981792408886355,2
3159988,10.0,1
3159995,9.876826190968108,7
3159998,9.950509665265466,3
3160016,9.555537737681275,18
3160026,9.784444916805484,10
3160036,9.770335455102646,10
3160038,9.97712591966561,2
3160047,9.82799741809529,9
3160054,9.854971366546994,7
3160066,9.772201947710606,12
3160077,9.764058711860281,11
3160078,9.992776859586547,1
3160089,9.760272761372141,11
3160094,9.906122818854943,5
3160110,9.598481120264118,16
3160119,9.803926524478346,9
3160136,9.635091759177874,17
3160143,9.856090185641294,7
3160167,9.295354422861129,24
3160168,10.0,1
3160191,9.408264262382717,23
3160214,6.4379342497700325,23
3160220,9.90748393429367,6
3160224,9.941877447341078,4
3160233,9.825903629394427,9
3160244,9.788376534818024,11
3160253,9.829314959313422,9
3160269,9.423641472482378,16
3160275,9.886092842749456,6
3160285,9.801200361062474,10
3160294,9.801066799432709,9
3160295,10.0,1
3160302,9.870359034321252,7
3160312,9.79956790603949,10
3160317,9.917479308322848,5
3160322,9.906271319519108,5
3160336,9.696453386579638,14
3160338,9.97345219978687,2
3160350,9.767086535813696,12
3160361,9.753791276969425,11
3160375,9.752111438781107,14
3160378,9.949185918547089,3
3160385,9.874024131406136,7
3160416,9.145799533839014,31
3160428,9.447367676604555,12
3160440,9.739591695310382,12
3160451,9.78049786235731,11
3160462,9.748445424742947,11
3160474,9.715968106814886,12
3160484,9.794200664821705,10
3160487,9.94814288116712,3
3160495,9.846057339465935,8
3160500,9.922133172212089,5
3160511,9.811571393438575,11
3160524,9.718728931778992,13
3160536,9.731533319407605,12
3160543,9.863453696083178,7
3160573,9.279427202004888,30
3160580,9.849390122361958,7
3160584,9.931564483914574,4
3160585,9.99669380604612,1
3160589,9.943354769574793,4
3160606,9.600959931567244,17
3160615,9.854412898333829,9
3160616,9.989524774928999,1
3160622,9.90685621866773,6
3160625,9.96880024107594,3
3160626,10.0,1
3160631,9.92558027321317,5
3160641,9.814744446393581,10
3160651,9.787134441392078,10
3160652,10.0,1
3160665,9.706452969587835,13
3160666,10.0,1
3160671,9.918929510804603,5
3160679,9.854012023139298,8
3160694,9.669294317023278,15
3160695,10.0,1
3160707,9.731838726526474,12
3160713,9.903743452471295,6
3160720,9.867156886253852,7
3160730,9.797554038880023,10
3160742,9.763593551002055,12
3160748,9.887641716645076,6
3160756,9.837512475432375,8
3160759,9.965708971578541,3
3160769,9.795702777742054,10
3160779,9.811104844235297,10
3160791,9.72842897591339,12
3160802,9.77841302420849,11
3160807,9.722745963512896,5
3160811,9.949316270415697,4
3160815,9.94429841265861,4
3160828,9.707193268494366,13
3160838,9.76706066142324,10
3160845,9.874129233522634,7
3160855,9.794934857210539,10
3160863,9.84760326283305,8
3160869,9.908220086292554,6
3160870,10.0,1
3160876,9.907147993225164,6
3160886,9.782128788292862,10
3160893,9.84801938885061,7
3160899,9.918359367948794,6
3160902,9.954667274923331,3
3160905,9.965756204229937,3
3160915,9.795755185444001,10
3160925,9.783598905573808,10
3160929,9.93570061148833,4
3160933,9.946134469877844,4
3160960,9.57344609558224,27
3160967,9.878875652431972,7
3160978,9.793786896096437,11
3160991,9.709891416669965,13
3160992,9.996186869692655,1
3160995,9.963438204845124,3
3161003,9.764874731029007,8
3161022,9.530301017590949,19
3161027,9.925827777557506,5
3161034,9.854596045426023,7
3161046,9.784523775003928,12
3161061,9.632338351950974,15
3161068,9.789465131986049,7
3161072,9.93002432486609,4
3161081,9.816186829353533,9
3161088,9.884292995602975,7
3161093,9.907984950106304,5
3161106,9.710505817662963,13
3161117,9.747306499882558,11
3161126,9.809480951037674,9
3161143,9.580544921090526,17
3161148,9.926899494449154,5
3161157,9.798199028720019,9
3161171,9.691491779608798,14
3161174,9.95820025941568,3
3161179,9.91080308703122,5
3161183,9.92687800028369,4
3161190,9.866180620813129,7
3161195,9.909801934921976,5
3161200,9.930835427925102,5
3161209,9.836186540945949,9
3161217,9.838076691458511,8
3161223,9.883317783844074,6
3161241,9.61393442014184,18
3161251,9.784672656612884,10
3161258,9.875332871171327,7
3161263,9.910635580781381,5
3161273,9.78092003314618,10
3161283,9.819365971121735,10
3161296,9.694134314332999,13
3161305,9.610550077350391,9
3161306,10.0,1
3161308,9.9776511676643,2
3161317,9.81432591654831,9
3161328,9.769700364044098,11
3161338,9.797401999509734,10
3161351,9.730351221335788,13
3161352,10.0,1
3161361,9.839987551082983,9
3161370,9.810018744937159,9
3161378,9.838503762258014,8
3161397,9.622972143795295,19
3161405,9.823945231050288,8
3161407,9.978152750826348,2
3161413,9.802669223055672,6
3161424,9.758486935643207,11
3161435,9.772325968175204,11
3161445,9.806971486562299,10
3161456,9.788269652728884,11
3161467,9.796325392825556,11
3161474,9.861948598620636,7
3161488,9.721872673525658,14
3161496,9.85800108706,8
3161508,9.76767842526419,12
3161528,9.502946986311311,20
3161537,9.815163693825076,9
3161541,9.944940754365604,4
3161549,9.830598058327741,8
3161557,9.819211352924196,8
3161562,9.910082080034682,5
3161573,9.814006570183858,11
3161584,9.773896607749265,11
3161591,9.87425388727919,7
3161599,9.83339464825458,8
3161600,10.0,1
3161611,9.752581181985228,11
3161621,9.780932464418441,10
3161632,9.76155352972595,11
3161644,9.735726645937506,12
3161655,9.75477855620138,11
3161658,9.950845645408023,3
3161659,10.0,1
3161668,9.809081967863458,9
3161669,10.0,1
3161674,9.91422653488708,5
3161679,9.919350232406172,5
3161688,9.812958748232923,9
3161699,9.795574257182782,11
3161705,9.890051030932929,6
3161714,9.807787437487809,9
3161722,9.845429158821817,8
3161729,9.900703896718637,7
3161735,9.888186235009092,6
3161744,9.845545348563697,9
3161751,9.88242580799987,7
3161761,9.790531179968012,10
3161773,9.72928636684236,12
3161786,9.70401068975643,13
3161789,9.957145616332156,3
3161801,9.743931625287791,12
3161816,9.687416677037676,15
3161823,9.895498056873198,7
3161834,9.755800094640724,11
3161846,9.761752841438097,12
3161847,10.0,1
3161852,9.924382953177554,5
3161864,9.739200478151607,12
3161877,9.727409889814423,13
3161889,9.76386989009892,12
3161895,9.906865686959653,6
3161921,9.539606936251458,26
3161925,9.94381743402131,4
3161930,9.900851657297668,5
3161941,9.7565200740274,11
3161958,9.587623742517335,17
3161965,9.858273882836531,7
3161970,9.92678288032436,5
3161971,9.992995848704584,1
3161979,9.838620984271516,8
3161988,9.829516106114642,9
3162000,9.779340954703951,12
3162015,9.715137478546676,15
3162024,9.844265708761892,9
3162027,9.968331127764978,3
3162033,9.889190062457601,6
3162042,9.837767991368349,9
3162053,9.764307446894254,11
3162059,9.890842799248613,6
3162073,9.488167882279498,14
3162080,9.864016889025436,7
3162089,9.804958825531987,9
3162101,9.7290494457017,12
3162104,9.943500984840478,3
3162117,9.770631781393142,13
3162128,9.775091048558345,11
3162134,9.902429523650472,6
3162147,9.694144867101258,13
3162148,10.0,1
3162153,9.926414178621112,5
3162159,9.893539277068035,6
3162161,9.974499591200578,2
3162166,9.924041420490573,5
3162177,9.767398724589645,11
3162184,9.867122128342173,7
3162195,9.763039784298968,11
3162211,9.630591210132156,16
3162217,9.69395264486133,6
3162226,9.824505077223895,9
3162241,9.66631532148336,15
3162243,9.982748235569153,2
3162254,9.718041263155776,11
3162267,9.739556564765783,13
3162281,9.702032291015161,14
3162297,9.640631519190839,16
3162301,9.93806719740639,4
3162312,9.747703872029216,11
3162322,9.798667705851855,10
3162335,9.72992450852904,13
3162342,9.8702625570336,7
3162346,9.931263191413587,4
3162356,9.802439626890562,10
3162366,9.852633417993697,10
3162380,9.700356482312715,14
3162392,9.759207970912788,12
3162398,9.895477910624738,6
3162413,9.556684468852348,15
3162415,9.972961431961503,2
3162417,9.973694075656004,2
3162426,9.81135988639127,9
3162435,9.808911765494468,9
3162442,9.881995714497744,7
3162454,9.736369359966,12
3162465,9.778556998671045,11
3162478,9.708646481288795,13
3162487,9.843381346955068,9
3162501,9.742347293288217,14
3162512,9.804840828786672,11
3162528,9.636041551570711,16
3162540,9.720259033240062,12
3162554,9.26699541313803,14
3162558,9.948148037758042,4
3162560,9.980440721885016,2
3162571,9.769052654585764,11
3162572,10.0,1
3162583,9.66513263824753,11
3162585,9.97721028383886,2
3162587,9.98001990522575,2
3162596,9.806065943545606,9
3162599,9.951577284082902,3
3162612,9.69924698923426,13
3162615,9.964772243570787,3
3162618,9.948548468970186,3
3162630,9.732216572781757,12
3162639,9.838608285783344,9
3162651,9.737377012314,12
3162666,9.681593052010879,15
3162678,9.74094017408661,12
3162693,9.680272236134687,15
3162711,9.600583157094132,18
3162717,9.90584630440581,6
3162724,9.858051984753567,7
3162741,9.64243924983628,17
3162745,9.945570827071919,4
3162754,9.832334896159846,9
3162765,9.575078217470736,11
3162778,9.755879624069262,13
3162790,9.734302670049356,12
3162795,9.90490500197206,5
3162804,9.841717307316625,9
3162807,9.953629549964706,3
3162816,9.823100252926155,9
3162824,9.845732380273521,8
3162833,9.820838088708145,9
3162847,9.687872638022402,14
3162856,9.794215171743195,9
3162865,9.81035971739362,9
3162875,9.788274939339912,10
3162878,9.948123109406911,3
3162892,9.717145636519042,14
3162900,9.82834871216262,8
3162906,9.878440952145837,6
3162912,9.894167251335398,6
3162928,9.623263232727687,16
3162929,10.0,1
3162939,9.7909514225182,10
3162950,9.754511653686057,11
3162954,9.945529974324566,4
3162966,9.717102783472075,12
3162992,5.418186837882174,26
3163001,9.807332139544373,9
3163011,9.779023381813095,10
3163012,10.0,1
3163018,9.888544969610932,6
3163019,10.0,1
3163020,10.0,1
3163031,9.590410565602937,11
3163047,9.619138938476695,16
3163059,9.735557020908299,12
3163073,9.662562010347942,14
3163083,9.79628347311762,10
3163091,9.844515893415016,8
3163096,9.91181929639795,5
3163112,9.625997510589583,16
3163128,9.6345171127478,16
3163133,9.912736167154096,5
3163153,9.599705387944075,20
3163157,9.945364772133184,4
3163171,9.715749743839561,14
3163172,10.0,1
3163173,10.0,1
3163178,9.92512472395003,5
3163191,9.61187959643385,13
3163196,9.902327938883836,5
3163205,9.82536407362198,9
3163213,9.845313511754414,8
3163222,9.810310008560258,9
3163226,9.927082647006701,4
3163236,9.771229888159684,10
3163251,9.688736640262741,15
3163252,9.986673558186993,1
3163266,9.670733908733364,14
3163275,9.835498547012167,9
3163276,10.0,1
3163292,9.629665158378511,16
3163304,9.42084193632989,12
3163305,10.0,1
3163318,9.739801470693996,13
3163323,9.909263897419155,5
3163335,9.516331714124913,12
3163344,9.844703943062266,9
3163350,9.889913881281533,6
3163360,9.817553383955904,10
3163365,9.910776570494141,5
3163374,9.820789815486874,9
3163378,9.942635179798367,4
3163392,9.66950675479114,14
3163400,9.835164715012867,8
3163412,9.728842605526333,12
3163419,9.8740712880175,7
3163428,9.803472341064339,9
3163434,9.883725512414715,6
3163446,9.721113102106013,12
3163454,9.63225150210668,8
3163464,9.783669302785308,10
3163465,10.0,1
3163468,9.965832939616105,3
3163474,9.900635831607774,6
3163475,9.987898381480548,1
3163486,9.752377926966519,11
3163489,9.96929832967835,3
3163500,9.801788349755066,11
3163512,9.706497592457447,12
3163540,9.51644965662612,28
3163546,9.907775595103368,6
3163551,9.931873763015606,5
3163564,9.708794588249418,13
3163575,9.799887907182555,11
3163584,9.83559091223764,9
3163601,9.607173444556455,17
3163607,9.903495167858827,6
3163616,9.81044637506316,9
3163627,9.766273478890351,11
3163645,9.585784091495182,18
3163653,9.846160898681502,8
3163661,9.838900535377027,8
3163672,9.767466730978182,11
3163678,9.907006770597242,6
3163688,9.789048781217508,10
3163699,9.775237552929367,11
3163711,9.773932896520828,12
3163717,9.904129658301601,6
3163724,9.852588946486831,7
3163729,9.917860300748501,5
3163735,9.899692900552806,6
3163744,9.81358052388561,9
3163752,9.839854361159222,8
3163763,9.747779017090252,11
3163777,9.685532972902463,14
3163784,9.86117929259207,7
3163791,9.878898845008065,7
3163792,9.991968962714829,1
3163802,9.782531803714445,10
3163810,9.846267694077104,8
3163818,9.861293536163238,8
3163819,9.989467890747076,1
3163822,9.954611526098368,3
3163829,9.85503726991961,7
3163838,9.835726650853998,9
3163841,9.964556726126515,3
3163850,9.806854818183998,9
3163858,9.83875069560572,8
3163869,9.759462586775134,11
3163881,9.77615059869744,12
3163894,9.632359559862126,13
3163905,9.760831394380768,11
3163915,9.835995756676807,10
3163925,9.775204139235143,10
3163936,9.757568805683157,11
3163940,9.946814961750068,4
3163945,9.71643990674009,5
3163948,9.955764870820028,3
3163955,9.845387047725028,7
3163965,9.79101493541738,10
3163976,9.76835571850231,11
3163981,9.921657600988178,5
3163988,9.887589412895064,7
3163996,9.85114266839777,8
3164005,9.816026587629091,9
3164016,9.782741205266984,11
3164020,9.946669313388849,4
3164033,9.70616936408305,13
3164038,9.92161397830851,5
3164040,9.978733099264513,2
3164057,9.614816905738392,17
3164060,9.961142336267947,3
3164067,9.768155146684327,7
3164068,10.0,1
3164072,9.931957328743122,4
3164084,9.738538832668866,12
3164098,9.67690541016607,14
3164113,9.287733135993662,15
3164114,10.0,1
3164115,10.0,1
3164125,9.795435888472028,10
3164131,9.9012307665414,6
3164137,9.890876227184798,6
3164175,9.317154632465245,38
3164181,9.88159049568191,6
3164195,9.703086817767625,14
3164210,9.679238543202569,15
3164214,9.952188196024114,4
3164224,9.806562835252128,10
3164236,9.713210769342309,12
3164240,9.943870582489051,4
3164254,9.744922601216441,14
3164259,9.92347958364075,5
3164268,9.615204974906725,9
3164287,9.52757374980747,19
3164298,9.745505107619845,11
3164302,9.929560031510206,4
3164303,10.0,1
3164312,9.81602811212328,9
3164318,9.893862466926828,6
3164330,9.724905314874892,12
3164343,9.713096993168426,13
3164359,9.650174422503024,16
3164360,9.996752411593919,1
3164363,9.962486374395342,3
3164368,9.907216859453094,5
3164379,9.7534231437577,11
3164389,9.789012290975542,10
3164397,9.836276590511286,8
3164404,9.890224282921444,7
3164414,9.779162802530715,10
3164420,9.900487161325119,6
3164428,9.851896599302606,8
3164429,10.0,1
3164430,10.0,1
3164435,9.906924378470757,5
3164439,9.940443676493144,4
3164448,9.82148704382463,9
3164449,10.0,1
3164457,9.829322101323847,8
3164469,9.729753411925815,12
3164483,9.679154152108554,14
3164486,9.959716342816334,3
3164499,9.724326904413585,13
3164506,9.882575843642819,7
3164519,9.704518081584819,13
3164528,9.826037155266606,9
3164529,10.0,1
3164541,9.73406315776171,12
3164546,9.919759987661179,5
3164556,9.794575427525434,10
3164559,9.965695516168616,3
3164565,9.876871907935492,6
3164573,9.834495133878313,8
3164582,9.817202186106217,9
3164594,9.756729846274142,12
3164601,9.850149716566948,7
3164613,9.788405964094844,12
3164624,9.77179338821221,11
3164631,9.865052073800769,7
3164644,9.703468593649417,13
3164652,9.850746559904689,8
3164659,9.860647105421606,7
3164660,10.0,1
3164672,9.736940209850603,12
3164683,9.759893888593677,11
3164693,9.825744724384364,10
3164701,9.876891869684355,8
3164712,9.773205316131314,11
3164713,10.0,1
3164718,9.91813396455765,5
3164729,9.752182904180058,11
3164740,9.75647964527166,11
3164761,9.498859850732343,21
3164780,9.645974218055658,19
3164788,9.846460855247663,8
3164796,9.853317606330204,8
3164809,9.72440524989465,13
3164812,9.952610021958456,3
3164822,9.813299079446235,10
3164832,9.794390708645963,10
3164840,9.853099074576463,8
3164843,9.961090978692905,3
3164851,9.827856965711119,8
3164860,9.833593137065401,9
3164867,9.851401887459776,7
3164869,9.970874795060153,2
3164870,10.0,1
3164875,9.917452155547402,5
3164882,9.860175004160585,7
3164890,9.865514892387411,8
3164905,9.652699293976433,15
3164906,10.0,1
3164907,9.98837266267995,1
3164928,5.178945749314707,21
3164933,9.903229551967293,5
3164938,9.92384327221504,5
3164943,9.91906583472948,5
3164947,9.940746930464325,4
3164954,9.861562361968714,7
3164955,10.0,1
3164958,9.965962319044495,3
3164966,9.828218514977062,8
3164975,9.818293527957307,9
3164984,9.814044159511075,9
3164999,9.64742239107967,15
3165006,9.869457128458595,7
3165014,9.830189307996754,8
3165025,9.769163439015474,11
3165028,9.966056144873596,3
3165038,9.78284618027248,10
3165053,9.562265121903758,15
3165054,10.0,1
3165065,9.793403817717289,11
3165066,10.0,1
3165067,10.0,1
3165072,9.931801539469152,5
3165084,9.755336706999822,12
3165085,10.0,1
3165095,9.783316096328242,10
3165104,9.815977699647382,9
3165109,9.918161268863336,5
3165117,9.866192443671109,8
3165132,9.639121309562482,15
3165137,9.92305237609499,5
3165146,9.843163674178582,9
3165149,9.971024891725408,3
3165158,9.818027211874439,9
3165159,9.992399686438883,1
3165173,9.714846551817022,14
3165184,9.756322228907555,11
3165194,9.78834778682499,10
3165202,9.853860569181366,8
3165203,10.0,1
3165206,9.960954940078368,3
3165210,9.94611602431365,4
3165218,9.854760539664355,8
3165225,9.87251510970616,7
3165226,10.0,1
3165230,9.942626244728226,4
3165238,9.862876415584852,8
3165243,9.914536512609484,5
3165251,9.839225320412357,8
3165260,9.820639886663528,9
3165270,9.803368387366142,10
3165280,9.790535291467412,10
3165288,9.863951295383497,8
3165301,9.500115950789999,13
3165318,9.661212715572539,17
3165327,9.854985380652586,9
3165341,9.691295092188206,14
3165355,9.687228289791038,14
3165367,9.74876337096558,12
3165370,9.960969434837889,3
3165376,9.91416711241626,6
3165391,9.658227842578812,15
3165399,9.881057952397258,8
3165404,9.92522249615806,5
3165419,9.675100544343165,15
3165434,9.64848561398019,15
3165435,9.992146215085809,1
3165449,9.660032145154027,14
3165464,9.659523382337753,15
3165478,9.68522216426993,14
3165482,9.928431445827833,4
3165493,9.772024525676194,11
3165501,9.833381906207173,8
3165508,9.870340096342224,7
3165516,9.838764131335072,8
3165517,10.0,1
3165524,9.900009372869945,7
3165542,9.62450181254926,18
3165556,9.700527016494204,14
3165576,9.509783250117572,20
3165585,9.829786232953179,9
3165602,9.607734431430455,17
3165613,9.779729003699968,11
3165628,9.652592065062533,15
3165642,9.664918879878448,14
3165653,9.784381282367733,11
3165661,9.829925879212693,8
3165672,9.64406298893594,11
3165688,9.587265554087528,16
3165689,10.0,1
3165702,9.71980011323677,13
3165709,9.865016714896685,7
3165714,9.922293809610887,5
3165721,9.774990054364917,7
3165730,9.84426269652528,9
3165739,9.85132868676559,9
3165740,10.0,1
3165754,9.678117026247,14
3165760,9.697051593236985,6
3165762,9.981002230656156,2
3165770,9.835490189695726,8
3165774,9.935312148476012,4
3165778,9.939582964272077,4
3165789,9.758707851087435,11
3165793,9.929517500465966,4
3165804,9.773142739739656,11
3165812,9.850823312275732,8
3165822,9.790822820516821,10
3165832,9.79427507450374,10
3165847,9.695448950719848,15
3165855,9.873638708301208,8
3165868,9.766424967982323,13
3165876,9.85027803284811,8
3165884,9.855474842176632,8
3165897,9.735550106479181,13
3165904,9.853319657260558,7
3165910,9.893142339713838,6
3165915,9.901823851483528,5
3165921,9.803312949274394,6
3165936,9.645869269416327,15
3165941,9.903651246152474,5
3165952,9.773106420537639,11
3165963,9.658972181664495,11
3165967,9.939725214325897,4
3165980,9.776785836791639,13
3165985,9.931408499963744,5
3166000,9.696561124030747,15
3166002,9.977161032540954,2
3166006,9.9508178757013,4
3166007,9.993186047464832,1
3166015,9.82910590538288,8
3166025,9.775607883765124,10
3166032,9.873454332292702,7
3166033,9.99639750098725,1
3166039,9.914101455171684,6
3166045,9.908696611308436,6
3166053,9.81866079827432,8
3166061,9.876085945602442,8
3166068,9.878270118241533,7
3166076,9.820808330843224,8
3166077,10.0,1
3166078,10.0,1
3166090,9.759483019240648,12
3166091,10.0,1
3166101,9.808789373970626,10
3166115,9.702673935277968,14
3166121,9.893053240249182,6
3166122,10.0,1
3166130,9.844116217960599,8
3166141,9.747923929483854,11
3166142,9.993729897543023,1
3166146,9.932656490595335,4
3166151,9.929109593293227,5
3166160,9.322566017377255,9
3166169,9.83938054610738,9
3166178,9.837471078321856,9
3166186,9.84880439214885,8
3166202,9.678948717285149,16
3166207,9.924492027208123,5
3166211,9.93488611837881,4
3166221,9.82360549717163,10
3166222,10.0,1
3166227,9.921841988592885,5
3166232,9.932019999272828,5
3166239,9.86959065191237,7
3166243,9.942895784782685,4
3166249,9.901909364139456,6
3166256,9.882787482329194,7
3166259,9.954542201333203,3
3166264,9.920406503075725,5
3166274,9.785589616911631,10
3166285,9.782866410896887,11
3166300,9.70611723387482,15
3166308,9.83282634155972,8
3166314,9.897303275366857,6
3166320,9.876730280436167,6
3166325,9.930785501683543,5
3166329,9.926740020757201,4
3166331,9.975731274052103,2
3166334,9.964475595226126,3
3166338,9.939970421251463,4
3166344,9.900524887485837,6
3166350,9.883043072166029,6
3166355,9.928886334016568,5
3166356,10.0,1
3166364,9.86034329038223,8
3166370,9.895424890877312,6
3166375,9.89610968330246,5
3166393,9.607140552009461,18
3166395,9.983795868359621,2
3166399,9.928014589709393,4
3166409,9.757098949248395,10
3166410,10.0,1
3166420,9.774251052054717,10
3166426,9.906046194582132,6
3166436,9.822836322840542,10
3166446,9.776385968549773,10
3166457,9.765170649327137,11
3166467,9.70674627747456,10
3166483,9.647218942355178,16
3166498,9.681241411233575,15
3166501,9.965822917192822,3
3166502,10.0,1
3166510,9.837330284654916,8
3166523,9.718115557295022,13
3166537,9.675559749707908,14
3166554,9.627237088429773,17
3166561,9.868447273347375,7
3166573,9.731218120365352,12
3166584,9.773883394971815,11
3166591,9.865042712229195,7
3166601,9.779983539650356,10
3166605,9.938497681963746,4
3166606,10.0,1
3166621,9.656154333140034,15
3166629,9.877297325069003,8
3166638,9.804326430348599,9
3166639,10.0,1
3166656,9.650803834355738,17
3166660,9.93686738142453,4
3166673,9.7029366273601,13
3166682,9.804533868710111,9
3166696,9.715197962770636,14
3166698,9.968213433085772,2
3166706,9.837530969697202,8
3166719,9.735290521721456,13
3166735,9.717892213200837,16
3166738,9.956173394288307,3
3166752,9.679423418303752,14
3166761,9.80740032429053,9
3166770,9.824767563738977,9
3166782,9.715126435449266,12
3166794,9.767890672802736,12
3166800,9.883283154806502,6
3166805,9.927520880691684,5
3166822,9.621591411666163,17
3166826,9.955530274765955,4
3166827,10.0,1
3166830,9.951138746532829,3
3166838,9.828005858683074,8
3166846,9.849279974513397,8
3166854,9.753057493307148,8
3166866,9.710748988828847,12
3166874,9.844709926090092,8
3166889,9.463573996844971,15
3166901,9.756097886322264,12
3166910,9.829383483803662,9
3166924,9.703978103695711,14
3166933,9.812033566110417,9
3166941,9.838548488066525,8
3166952,9.789709108670422,11
3166953,10.0,1
3166960,9.876093356701109,7
3166968,9.838777910832638,8
3166977,9.844851957229418,9
3166980,9.96062302859713,3
3166984,9.93885827248525,4
3166988,9.952081731643808,4
3166997,9.819981256537648,9
3167004,9.860178447817106,7
3167011,9.89224634751574,7
3167017,9.896925998998043,6
3167028,9.756921964278975,11
3167029,10.0,1
3167041,9.713390521223705,12
3167056,9.685724797491908,15
3167069,9.704665535438915,13
3167079,9.820651418234007,10
3167088,9.808269890723974,9
3167097,9.834868992688888,9
3167107,9.766298296297169,10
3167111,9.927409483539194,4
3167121,9.792053518162197,10
3167132,9.762755387814437,11
3167141,9.831629347993568,9
3167148,9.868549735522931,7
3167160,9.730625250206959,12
3167161,10.0,1
3167173,9.746691136424117,12
3167183,9.791386172330759,10
3167184,9.992375045631588,1
3167194,9.781055979311482,10
3167202,9.854708782807803,8
3167217,9.657965259274876,15
3167218,10.0,1
3167221,9.957830388149892,3
3167232,9.80165729898551,11
3167247,9.668707216927983,15
3167253,9.916203158451491,6
3167262,9.862406567004987,9
3167271,9.811474420109937,9
3167283,9.748142644765382,12
3167295,9.747676360514808,12
3167300,9.916398135459245,5
3167306,9.891414476242664,6
3167314,9.838685761245381,8
3167323,9.83055361686624,9
3167330,9.876715065662301,7
3167337,9.887288907896584,7
3167343,9.898132121966043,6
3167362,9.555672863025164,19
3167374,9.74217331150908,12
3167380,9.887961597726303,6
3167397,9.582141555793713,17
3167405,9.838625612702765,8
3167413,9.837559355181412,8
3167414,10.0,1
3167415,9.992577105705507,1
3167424,9.83090466935684,9
3167429,9.916335248397782,5
3167433,9.729476025322478,4
3167440,9.86730855996131,7
3167452,9.72225532611656,12
3167460,9.83879866810471,8
3167463,9.959489448146151,3
3167469,9.89966066229907,6
3167484,9.630890309738668,15
3167494,9.779542340914434,10
3167499,9.92239858903044,5
3167509,9.772394183572725,10
3167517,9.850238285447256,8
3167527,9.779578526059666,10
3167540,9.701016739453332,13
3167555,9.703548064594218,15
3167556,10.0,1
3167562,9.887745512288413,6
3167570,9.858769395150325,8
3167581,9.754151941044046,11
3167590,9.822105682586876,9
3167601,9.753389744129263,11
3167617,9.553388229849991,16
3167627,9.784562470539793,10
3167631,9.94176007841102,4
3167638,9.759030377465736,7
3167652,9.695840659972239,14
3167656,9.945110773338719,4
3167666,9.80181677678233,10
3167679,9.712661049748082,13
3167693,9.699002455798174,14
3167697,9.954032179353295,4
3167709,9.749414368119998,12
3167712,9.947789566363316,3
3167723,9.769934801014324,11
3167730,9.858682372561365,7
3167740,9.773503006601771,10
3167751,9.745983574401468,11
3167765,9.670652525648018,14
3167778,9.712632076817261,13
3167787,9.816486713480048,9
3167795,9.847439372013199,8
3167800,9.931716338491013,5
3167808,9.860580154453944,8
3167815,9.681813706378737,7
3167823,9.828614099060665,8
3167831,9.857172330803476,8
3167835,9.95086372821934,4
3167843,9.844395282005609,8
3167859,9.618953268119707,16
3167864,9.921747851375608,5
3167870,9.879237925446162,6
3167874,9.940677690521055,4
3167876,9.966507975630284,2
3167880,9.935140981203931,4
3167888,9.836864969965562,8
3167897,9.823531898233211,9
3167907,9.803900606719768,10
3167917,9.776465366014495,10
3167931,9.68756426655592,14
3167943,9.760869486459795,12
3167955,9.753074922473484,12
3167964,9.835830566804848,9
3167980,9.626835586933767,16
3167997,9.612188752079998,17
3168001,9.935161824674523,4
3168011,9.79701543096989,10
3168021,9.818829453834121,10
3168022,10.0,1
3168023,9.992724647361978,1
3168033,9.607561647521248,10
3168049,9.63827080099857,16
3168056,9.870688442538246,7
3168071,9.653716270834314,15
3168082,9.742958645347228,11
3168091,9.820190472157424,9
3168092,9.996748975932226,1
3168093,10.0,1
3168104,9.753668638480354,11
3168107,9.950625852352173,3
3168115,9.851906113045557,8
3168119,9.925868880811773,4
3168135,9.603043690286661,16
3168146,9.757412718308652,11
3168156,9.790743774110219,10
3168163,9.865554271129719,7
3168175,9.750497163280412,12
3168180,9.906110743539072,5
3168191,9.736581414986233,11
3168199,9.81605231571354,8
3168203,9.934316249755202,4
3168210,9.88306119860752,7
3168220,9.790788581058434,10
3168223,9.952780338961553,3
3168239,9.627928225151921,16
3168249,9.611903306109808,10
3168259,9.824201252819078,10
3168270,9.560905474539917,11
3168277,9.88695027450196,7
3168281,9.940398100737601,4
3168286,9.919078116005208,5
3168296,9.806744244793602,10
3168305,9.806707536325082,9
3168319,9.683204421116509,14
3168330,9.769516665295244,11
3168339,9.836485900814909,9
3168347,9.850660335914172,8
3168352,9.919047028487906,5
3168355,9.963069761711257,3
3168364,9.833926486734885,9
3168376,9.745911646767329,12
3168387,9.771832801791131,11
3168390,9.962298171525694,3
3168399,9.847446117580045,9
3168411,9.762917548337981,12
3168419,9.83674748637598,8
3168430,9.770930686477334,11
3168438,9.84511780036569,8
3168450,9.73016880093893,12
3168470,9.613846328546932,20
3168476,9.893942233219716,6
3168479,9.94773865916061,3
3168484,9.921440963792124,5
3168496,9.74046587439087,12
3168503,9.876059363159014,7
3168508,9.911410254308763,5
3168514,9.91305572958369,6
3168521,9.88153252050459,7
3168525,9.937069691745979,4
3168531,9.909264313888208,6
3168538,9.857142176744965,7
3168544,9.897295854796345,6
3168551,9.886931703951928,7
3168552,10.0,1
3168561,9.82545416362929,9
3168659,8.408655262070306,98
3168672,9.703998308109313,13
3168681,9.797626095641439,9
3168690,9.82586254003105,9
3168704,9.69369154466333,14
3168708,9.928952336295119,4
3168717,9.83623831622797,9
3168725,9.846761056510008,8
3168731,9.914594411919232,6
3168735,9.929075360969849,4
3168736,9.989222863913644,1
3168750,9.740999269533054,14
3168751,9.996283718748824,1
3168755,9.930248254525821,4
3168763,9.853964197573497,8
3168771,9.883746282295158,8
3168776,9.918541057354298,5
3168784,9.865533296277611,8
3168792,9.867919373589364,8
3168804,9.762007758086552,12
3168806,9.972478204706064,2
3168808,9.980130890028912,2
3168814,9.881627626082178,6
3168824,9.807486426542143,10
3168834,9.81651747561019,10
3168842,9.848682538243015,8
3168850,9.859035625321955,8
3168858,9.838882028708237,8
3168864,9.881374339735508,6
3168870,9.872655354356969,6
3168874,9.948881486056386,4
3168881,9.888196332973289,7
3168894,9.74983505628886,13
3168902,9.835445068149383,8
3168909,9.876238322077597,7
3168913,9.941197066393345,4
3168920,9.878952665049813,7
3168935,9.655001864128472,15
3168947,9.757538764369759,12
3168955,9.855183690220926,8
3168961,9.905989808909933,6
3168972,9.765740232644335,11
3168978,9.894356204936923,6
3168989,9.771304577125743,11
3168999,9.783331189641768,10
3169007,9.857352655462714,8
3169016,9.791144146099004,9
3169023,9.874397039258188,7
3169031,9.855592549329627,8
3169040,9.810052548000883,9
3169042,9.968354424565879,2
3169059,9.663784836850352,17
3169065,9.912818520016526,6
3169073,9.856694280817898,8
3169081,9.838163913870343,8
3169089,9.84294493311403,8
3169098,9.8316139722351,9
3169106,9.852872974740539,8
3169115,9.819754723773954,9
3169120,9.91652657043248,5
3169123,9.957164453913764,3
3169124,10.0,1
3169127,9.958470050788035,3
3169136,9.82216842551292,9
3169147,9.791392498396164,11
3169148,10.0,1
3169157,9.837856087904576,9
3169159,9.97321363584958,2
3169172,9.704760445559781,13
3169182,9.68494968228948,10
3169186,9.92457805646371,4
3169193,9.861496713905428,7
3169200,9.855018690026686,7
3169201,10.0,1
3169216,9.475740852598758,15
3169224,9.825492825777976,8
3169234,9.791632764628687,10
3169249,9.648097882524732,15
3169256,9.855129147038873,7
3169261,9.938272116647395,5
3169268,9.86939952952932,7
3169277,9.828157446703345,9
3169285,9.849854443683647,8
3169289,9.936620426352007,4
3169306,9.582391149056043,17
3169318,9.713556290258882,12
3169331,9.721937747888918,13
3169332,10.0,1
3169342,9.804230880188104,10
3169350,9.668162248312365,8
3169361,9.785227321902678,11
3169374,9.719550940720037,13
3169388,9.700447337414518,14
3169399,9.757630589487508,11
3169415,9.63267756042872,16
3169426,9.774022516027603,11
3169439,9.701888541496785,13
3169446,9.864634455697065,7
3169450,9.935662560853748,4
3169469,9.40030081317658,19
3169471,9.968132250780359,2
3169474,9.955451018516582,3
3169490,9.591307738816894,16
3169494,9.943682974883428,4
3169498,9.924960089257564,4
3169512,9.579879778199713,14
3169515,9.960549991890938,3
3169519,9.937955562522127,4
3169528,9.818705925981467,9
3169534,9.882572035846685,6
3169546,9.75136963985671,12
3169555,9.84807511697493,9
3169567,9.740551177675286,12
3169579,9.751991942915247,12
3169599,9.526120829571573,20
3169602,9.968211091904358,3
3169607,9.917575922907742,5
3169614,9.878129590671483,7
3169622,9.848904008736527,8
3169629,9.867833504770253,7
3169643,9.690836221883869,14
3169644,10.0,1
3169645,9.989264888056042,1
3169658,9.725724720041596,13
3169666,9.838269782809023,8
3169683,9.656156839589976,17
3169696,9.73955481124336,13
3169701,9.923089280307398,5
3169708,9.876307378856358,7
3169718,9.799537724245823,10
3169726,9.884544576500826,8
3169736,9.784092892918071,10
3169746,9.780964407986023,10
3169760,9.66767717058154,14
3169768,9.81390603826728,8
3169775,9.886385436934715,7
3169789,9.665058697869178,14
3169797,9.86167616128104,8
3169804,9.889199618568348,7
3169810,9.89506146726701,6
3169813,9.957948616859863,3
3169822,9.837888352160629,9
3169837,9.666939540574957,15
3169843,9.888695079780122,6
3169856,9.682982925380557,13
3169857,10.0,1
3169868,9.759411042244079,11
3169879,9.758882114690403,11
3169888,9.835800501200495,9
3169904,9.643977913116016,16
3169905,10.0,1
3169913,9.831354543205073,8
3169923,9.795184229358695,10
3169931,9.850987583166386,8
3169939,9.842846379529155,8
3169949,9.794176525195361,10
3169961,9.727736149489706,12
3169964,9.964935725430914,3
3169977,9.71752883808834,13
3169978,10.0,1
3169985,9.875683830292248,7
3169997,9.755563527118237,12
3170006,9.830178900020625,9
3170010,9.950118375516478,4
3170015,9.924406438727566,5
3170030,9.474720157791056,15
3170031,9.996770493542984,1
3170045,9.666897136519012,14
3170056,9.754900717019169,11
3170062,9.90113027729698,6
3170078,9.640210300785458,16
3170087,9.804453849731315,9
3170100,9.733568792754244,13
3170101,10.0,1
3170110,9.850747093555668,9
3170117,9.866649376060622,7
3170129,9.74992126010934,12
3170137,9.83328909450904,8
3170149,9.788274267407369,12
3170156,9.874344753439924,7
3170163,9.872513185752464,7
3170167,9.952792235791428,4
3170177,9.792153847220975,10
3170195,9.561221090980027,18
3170200,9.921913400587236,5
3170204,9.634867354188186,4
3170218,9.69612758621758,14
3170221,9.952280785089993,3
3170222,10.0,1
3170225,9.956981519286526,3
3170232,9.885777945070112,7
3170237,9.920225159992963,5
3170244,9.857863991864964,7
3170250,9.888687270954314,6
3170257,9.871101965205607,7
3170269,9.657183317255294,12
3170282,9.690693726958482,13
3170289,9.856748642806737,7
3170306,9.643213339768492,17
3170313,9.884105163751096,7
3170319,9.89240861595627,6
3170322,9.964439456388591,3
3170327,9.911832828388178,5
3170338,9.747702559400144,11
3170347,9.801073505302147,9
3170357,9.793261528113689,10
3170364,9.882014005551204,7
3170372,9.866913577386242,8
3170378,9.90596749846281,6
3170386,9.822698678639695,8
3170393,9.866735387808749,7
3170402,9.826440690009457,9
3170407,9.904657735708172,5
3170425,9.566372938275862,18
3170426,10.0,1
3170434,9.842816531407115,8
3170447,9.726577297389323,13
3170455,9.841467648352006,8
3170460,9.926933533815845,5
3170465,9.921901276783283,5
3170466,10.0,1
3170472,9.897736544862136,6
3170480,9.875628791058801,8
3170488,9.825336753423507,8
3170494,9.902295572335932,6
3170504,9.776160254379302,10
3170511,9.879637374269876,7
3170520,9.815592299903505,9
3170528,9.854904316669328,8
3170533,9.932066680039132,5
3170534,10.0,1
3170545,9.768430642709987,11
3170547,9.977808416187644,2
3170554,9.870631581631802,7
3170560,9.893374019142144,6
3170567,9.844802360876145,7
3170583,9.638071966642627,16
3170588,9.904337811096939,5
3170598,9.787413839721221,10
3170613,9.656273116169706,15
3170624,9.733276583090541,11
3170625,10.0,1
3170639,9.693970233309729,14
3170660,9.569343510517259,21
3170662,9.97727970445562,2
3170672,9.77482075755467,10
3170677,9.917441574112013,5
3170680,9.957584716726918,3
3170683,9.955850127368384,3
3170692,9.836822304728475,9
3170702,9.819362077918463,10
3170709,9.875009557649705,7
3170720,9.767384904446795,11
3170738,9.584150333598945,18
3170746,9.8450049067149,8
3170755,9.814568817672075,9
3170759,9.92865698225739,4
3170760,10.0,1
3170766,9.875914324722624,6
3170777,9.762860108387867,11
3170780,9.959156116229439,3
3170792,9.730349416594034,12
3170808,9.617674503793614,16
3170815,9.871286245552396,7
3170821,9.915307259209067,6
3170830,9.81947201632504,9
3170837,9.872009017730038,7
3170847,9.785249453631632,10
3170853,9.895497625532672,6
3170860,9.886215470429844,7
3170877,9.587084551020997,17
3170883,9.899138887308776,6
3170890,9.879111218483871,7
3170895,9.933122182332601,5
3170912,9.617425149224381,17
3170920,9.848760206748116,8
3170936,9.370483677680127,16
3170942,9.900158889787471,6
3170950,9.821503954093638,8
3170964,9.698987259930158,14
3170970,9.89010517393733,6
3170981,9.75571159078128,11
3170984,9.969027742274687,3
3170991,9.854276725634284,7
3170998,9.856565832409519,7
3171004,9.910405403681391,6
3171013,9.812076216712185,9
3171021,9.854231104302169,8
3171031,9.587602865429028,10
3171048,9.41137581882861,17
3171055,9.869258588587126,7
3171068,9.726041912033809,13
3171082,9.722226878122601,14
3171083,9.996755017689146,1
3171088,9.917879320076938,5
3171091,9.970513313463464,3
3171100,9.838386366002686,9
3171107,9.857206625222323,7
3171119,9.77307807634372,12
3171128,9.806852939191364,9
3171129,10.0,1
3171137,9.84527272729608,8
3171145,9.844745646041968,8
3171146,10.0,1
3171159,9.724985471482707,13
3171171,9.74832986280387,12
3171178,9.884332960236227,7
3171184,9.894797336102066,6
3171187,9.95802701634688,3
3171197,9.781152650871034,10
3171213,9.671680204155775,16
3171225,9.739601970003774,12
3171234,9.82154428038425,9
3171243,9.82420852440399,9
3171263,9.682628031733776,20
3171277,9.677866639951437,14
3171282,9.91322274379254,5
3171289,9.865165793541594,7
3171302,9.781908463229806,13
3171308,9.894627460639256,6
3171309,10.0,1
3171319,9.795108131260859,10
3171327,9.845164720347778,8
3171338,9.766299340853358,11
3171342,9.946720304002467,4
3171357,9.667582620123433,15
3171361,9.947426198278201,4
3171370,9.823764304093647,9
3171383,9.717902725981265,13
3171394,9.785858913924093,11
3171402,9.8529322979343,8
3171411,9.798439846544081,9
3171423,9.733383220569447,12
3171430,9.86995410285651,7
3171440,9.784777497173526,10
3171444,9.931262490101197,4
3171457,9.722158245436326,13
3171469,9.719705969242053,12
3171470,10.0,1
3171486,9.655251354763958,16
3171496,9.797583824485177,10
3171505,9.82398783841559,9
3171514,9.807792896138396,9
3171522,9.84119901109883,8
3171534,9.703867668054523,12
3171541,9.892468485706416,7
3171553,9.742774699969287,12
3171561,9.853687583533112,8
3171563,9.982145317258357,2
3171573,9.796233957095968,10
3171582,9.80646254916192,9
3171601,9.626383105761924,19
3171604,9.963792313542328,3
3171605,10.0,1
3171606,10.0,1
3171617,9.746384569399781,11
3171618,10.0,1
3171634,9.651752657839708,16
3171648,9.718955755976335,14
3171650,9.984032452206883,2
3171668,9.605938828880278,18
3171675,9.873401420462486,7
3171683,9.843629864132264,8
3171697,9.683602512945393,14
3171707,9.808110806009823,10
3171720,9.734298941904498,13
3171728,9.858000527099135,8
3171738,9.77051547700775,10
3171746,9.829014616047937,8
3171758,9.740010589801031,12
3171768,9.81390288508031,10
3171776,9.860596666226034,8
3171792,9.633293575536063,16
3171802,9.784778365834953,10
3171808,9.920185913175667,6
3171821,9.686647459576879,13
3171826,9.925742110490354,5
3171832,9.878423121370071,6
3171846,9.665833957810653,14
3171858,9.720039361296541,12
3171866,9.828761857066938,8
3171882,9.718850600643899,16
3171896,9.660682059436878,14
3171904,9.848841265183447,8
3171915,9.74759666569445,11
3171937,9.545716982024093,22
3171950,9.724816221133928,13
3171953,9.96649443870961,3
3171966,9.704232424481894,13
3171977,9.771249138173886,11
3171982,9.917654977268167,5
3171992,9.794545437969697,10
3172002,9.830460675088888,10
3172013,9.741383539882298,11
3172020,9.867630831108059,7
3172028,9.84493331382077,8
3172036,9.844881631093022,8
3172048,9.75337419449066,12
3172054,9.909869361307505,6
3172059,9.925004602705995,5
3172060,10.0,1
3172067,9.87106186949867,7
3172079,9.780852132427148,12
3172086,9.87020234273221,7
3172092,9.884758972527365,6
3172105,9.727863894616666,13
3172114,9.810647205438848,9
3172129,9.675901715023544,15
3172146,9.664045510084774,17
3172147,10.0,1
3172156,9.820230671884968,9
3172157,10.0,1
3172158,10.0,1
3172165,9.871579366002766,7
3172166,10.0,1
3172179,9.715388725583932,13
3172183,9.932483992270503,4
3172192,9.81920242663992,9
3172195,9.960343364893085,3
3172201,9.88640015431499,6
3172206,9.926870239396616,5
3172213,9.900513956820426,7
3172219,9.892699477980852,6
3172226,9.890334192984778,7
3172239,9.698944788432723,13
3172251,9.727138890000395,12
3172252,9.991735562848612,1
3172256,9.942395937206657,4
3172260,9.94634784162094,4
3172266,9.899597236244066,6
3172278,9.71822389587053,12
3172285,9.86390195192792,7
3172292,9.865062280151921,7
3172306,9.677863164231619,14
3172318,9.716286642125473,12
3172325,9.85204306639888,7
3172330,9.911676358314484,5
3172343,9.489917493823441,13
3172352,9.81903148830321,9
3172364,9.749463230048839,12
3172365,9.992751503503152,1
3172366,10.0,1
3172371,9.930138966433251,5
3172381,9.78768385792462,10
3172382,10.0,1
3172393,9.757322442667455,11
3172400,9.881882021500545,7
3172414,9.697879654238214,14
3172423,9.827159979861067,9
3172432,9.798900197520036,9
3172439,9.866300080479942,7
3172443,9.930543323596746,4
3172445,9.77786223848041,2
3172449,9.946552281146047,4
3172466,9.630481960901772,17
3172473,9.871351573547306,7
3172481,9.828534494313194,8
3172484,9.949462449781146,3
3172496,9.736693088148376,12
3172508,9.745907719059087,12
3172519,9.749291920766133,11
3172531,9.742209751201473,12
3172536,9.902031713423522,5
3172549,9.717918952991557,13
3172559,9.782379025755843,10
3172572,9.713869681196865,13
3172582,9.759223831853598,10
3172583,9.992393401068032,1
3172589,9.897637862827715,6
3172598,9.823668171679856,9
3172610,9.767835740686465,12
3172619,9.8123272358355,9
3172636,9.634249227143673,17
3172647,9.78385390828367,11
3172656,9.801084569352993,9
3172657,10.0,1
3172672,9.654034363152656,15
3172673,10.0,1
3172677,9.941113264635232,4
3172679,9.9792737859377,2
3172680,10.0,1
3172682,9.971788792921172,2
3172686,9.94681243562294,4
3172698,9.746085442676863,12
3172705,9.88107420350523,7
3172713,9.842612370720786,8
3172714,10.0,1
3172719,9.911054436426634,5
3172727,9.84927315438755,8
3172732,9.905442893561617,5
3172733,10.0,1
3172747,9.454005370116754,14
3172755,9.841690885897494,8
3172758,9.94731469825194,3
3172761,9.964389081144942,3
3172770,9.551455096715664,9
3172780,9.78680400171335,10
3172781,10.0,1
3172782,10.0,1
3172787,9.915001029955212,5
3172793,9.882043926919655,6
3172797,9.946228715621835,4
3172803,9.881812575596774,6
3172816,9.638335601542453,13
3172819,9.858554049821333,3
3172830,9.754185778711772,11
3172838,9.838402780077484,8
3172841,9.968654371487245,3
3172847,9.908694317119107,6
3172851,9.952929298944275,4
3172854,9.968892351119461,3
3172864,9.796563835790572,10
3172871,9.892909558751443,7
3172878,9.86171564739492,7
3172887,9.82106919707141,9
3172892,9.911366237286723,5
3172907,9.673572282184066,15
3172916,9.836123002908897,9
3172926,9.802672316935464,10
3172935,9.805746832898405,9
3172943,9.852127307545704,8
3172955,9.766123962454959,12
3172961,9.912275844331537,6
3172973,9.705294433074128,12
3172979,9.877829351999134,6
3172986,9.872162997492142,7
3172998,9.763577187051402,12
3173008,9.8190590345874,10
3173014,9.893786945856514,6
3173025,9.765239331123691,11
3173026,10.0,1
3173031,9.92560319371327,5
3173048,9.364661102709444,17
3173059,9.746698581358613,11
3173072,9.781219669467387,13
3173084,9.741329960647553,12
3173091,9.869475131794655,7
3173098,9.86760680738397,7
3173101,9.964168021964396,3
3173106,9.917985283918306,5
3173117,9.777634836297285,11
3173124,9.857007315657958,7
3173125,10.0,1
3173143,9.603234753017091,18
3173144,10.0,1
3173149,9.911712410581554,5
3173152,9.864676768833942,3
3173162,9.697433623744416,10
3173168,9.884229713344855,6
3173175,9.885513622823934,7
3173183,9.85221363819538,8
3173194,9.770369568635228,11
3173195,10.0,1
3173208,9.735229920818181,13
3173219,9.778849249676705,11
3173233,9.693155263023664,14
3173234,9.99634898434761,1
3173244,9.787108585806838,10
3173257,9.731199241918194,13
3173266,9.836145789130835,9
3173275,9.8489846648414,9
3173287,9.740999079170857,12
3173297,9.788593347455933,10
3173304,9.856599170630744,7
3173311,9.87535143754327,7
3173317,9.900228354489231,6
3173327,9.797231687202613,10
3173338,9.77252415511209,11
3173339,10.0,1
3173340,9.987316090105208,1
3173347,9.864239455099622,7
3173354,9.86017557459857,7
3173355,10.0,1
3173362,9.856444550145518,7
3173363,10.0,1
3173369,9.68076637589843,6
3173381,9.765222640479873,12
3173395,9.677727232061024,14
3173413,9.563008974794329,18
3173428,9.517200700332593,15
3173437,9.799389670650257,9
3173449,9.741094333968523,12
3173456,9.863587101932271,7
3173461,9.91900648964202,5
3173469,9.843362686318773,8
3173482,9.518915928762931,13
3173487,9.927476986935819,5
3173497,9.794444602689964,10
3173498,10.0,1
3173510,9.73439230434655,12
3173511,10.0,1
3173527,9.650383295364911,16
3173535,9.848206803506908,8
3173536,10.0,1
3173552,9.635109708798865,16
3173557,9.92056619764891,5
3173561,9.947106102061907,4
3173562,10.0,1
3173574,9.695128181649919,12
3173585,9.762505888605972,11
3173589,9.947483466025163,4
3173598,9.809973356594488,9
3173606,9.85545378476672,8
3173611,9.9217544628703,5
3173616,9.92645249015258,5
3173625,9.854542278921224,9
3173629,9.927200164328598,4
3173642,9.728283203444184,13
3173650,9.836912347149994,8
3173656,9.891328153702316,6
3173664,9.864481432917207,8
3173674,9.797570248971303,10
3173689,9.672140597624807,15
3173692,9.953390092515956,3
3173699,9.878861567784377,7
3173708,9.783092401194201,9
3173720,9.706032122732076,12
3173729,9.822565975582291,9
3173740,9.782658707098001,11
3173741,10.0,1
3173744,9.951339001719056,3
3173749,9.921275915671423,5
3173762,9.693379585561411,13
3173771,9.831970387867543,9
3173776,9.808428219027109,5
3173787,9.782623333383667,11
3174287,-210.39892462288591,500
3174787,-213.86500917578,500
3175287,-212.3385543121114,500
3175288,10.0,1
3175294,9.903986735417368,6
3175303,9.808175240578251,9
3175311,9.841258602334022,8
3175317,9.780372919987519,6
3175320,9.949850955599493,3
3175329,9.804685743439105,9
3175337,9.825338212365724,8
3175344,9.870596873996668,7
3175357,9.70085683462565,13
3175361,9.935309993601937,4
3175364,9.959813437148936,3
3175369,9.908734160867137,5
3175380,9.753841245816645,11
3175389,9.824888885702393,9
3175395,9.87831810799074,6
3175399,9.943597846015809,4
3175899,-207.6573601464349,500
3175910,9.758977467098074,11
3175918,9.833168128528373,8
3175924,9.89612085152134,6
3175935,9.770648997613515,11
3175946,9.787282232030451,11
3175955,9.821942560794994,9
3175962,9.572917907227732,7
3175963,10.0,1
3175972,9.841298973653734,9
3175981,9.807964692295645,9
3175993,9.754848160597598,12
3176008,9.667848656747909,15
3176015,9.86719198583079,7
3176023,9.84550209471227,8
3176028,9.910028445474344,5
3176039,9.775624035760789,11
3176052,9.73645965694442,13
3176060,9.832509959866623,8
3176067,9.862973055226057,7
3176072,9.900561062655632,5
3176075,9.965167823582995,3
3176080,9.924473720983999,5
3176087,9.866754041046372,7
3176091,9.948729976216399,4
3176104,9.703522926343604,13
3176115,9.756750095393933,11
3176127,9.724714958036753,12
3176138,9.76908913306873,11
3176143,9.93259924148718,5
3176152,9.83485476356183,9
3176159,9.881853832112554,7
3176173,9.744895106932358,14
3176187,9.690683517299593,14
3176198,9.776111027509883,11
3176200,9.975519970969797,2
3176207,9.866063522939495,7
3176216,9.794088188199067,9
3176225,9.807420324038748,9
3176238,9.721174155505777,13
3176248,9.794629625120013,10
3176259,9.772418129350541,11
3176272,9.733895874214774,13
3176278,9.896077489179612,6
3176288,9.800360525380672,10
3176303,9.651490714904135,15
3176304,10.0,1
3176311,9.86745273631698,7
3176316,9.928564143720239,5
3176327,9.806372457406583,11
3176333,9.898398918269512,6
3176336,9.965524783267744,3
3176341,9.908227844321031,5
3176346,9.91227070320496,5
3176360,9.736145409186681,14
3176367,9.858142051621247,7
3176382,9.65296881904458,15
3176383,10.0,1
3176389,9.887226485653056,6
3176398,9.827614674123579,9
3176408,9.766671406793913,10
3176418,9.792927561462433,10
3176427,9.819792056961203,9
3176433,9.88312189163125,6
3176434,10.0,1
3176439,9.933548299964821,5
3176447,9.840024847920649,8
3176453,9.884921218297885,6
3176463,9.769058164370476,10
3176477,9.65249013668731,14
3176478,10.0,1
3176492,9.704291051968465,14
3176498,9.898332880117168,6
3176513,9.696168133073062,15
3176529,9.639844821501134,16
3176535,9.885971240122153,6
3176549,9.751312320452325,14
3176552,9.961126272774864,3
3176564,9.742939561002206,12
3176570,9.896190004951665,6
3176574,9.944130248544374,4
3176575,10.0,1
3176576,10.0,1
3176590,8.937345430714563,14
3176610,9.534148554826835,20
3176615,9.92627780259598,5
3176621,9.888401296144954,6
3176628,9.869601945643872,7
3176635,9.889384067214525,7
3176651,9.622219408902584,16
3176659,9.846871172071905,8
3176664,9.92302918958206,5
3176672,9.827914649298528,8
3176682,9.812875826761319,10
3176697,9.676503136993109,15
3176706,9.799830976743726,9
3176712,9.891215802704034,6
3176714,9.97777555756436,2
3176728,9.716250214869529,14
3176737,9.450118315924778,9
3176744,9.890780764604886,7
3176750,9.890950930100653,6
3176764,9.69645271572618,14
3176779,9.666916781889489,15
3176783,9.938386122321809,4
3176797,9.689413751779801,14
3176804,9.663962389073106,7
3176814,9.781279413022338,10
3176815,10.0,1
3176821,9.886713534692433,6
3176833,9.777693051304329,12
3176838,9.917453723354624,5
3176854,9.613395005530757,16
3176860,9.917276573743793,6
3176871,9.546661735749161,11
3176878,9.87815095372815,7
3176884,9.886174099119431,6
3176896,9.782109191370088,12
3176907,9.773473309329479,11
3176916,9.82644187282593,9
3176926,9.607912823316966,10
3176930,9.84558768229021,4
3176940,9.828750557525368,10
3176949,9.87331516220539,9
3176954,9.918140540850876,5
3176959,9.931849209261589,5
3176974,9.653850289042921,15
3176989,9.64744973389078,15
3176998,9.811953582277356,9
3177005,9.881695004442014,7
3177017,9.753565964487693,12
3177021,9.9578960378218,4
3177023,9.97081922324619,2
3177035,9.736797132444051,12
3177051,9.672382124301087,16
3177058,9.859231917146301,7
3177067,9.809738915683196,9
3177070,9.959139211195186,3
3177079,9.805058632560664,9
3177083,9.939782485668312,4
3177095,9.729976017905981,12
3177103,9.860985093687109,8
3177112,9.802465288551979,9
3177115,9.953376560523427,3
3177119,9.948867089596241,4
3177123,9.939178890313597,4
3177127,9.943780490134085,4
3177138,9.78743469984116,11
3177146,9.833500537098747,8
3177153,9.861628430397385,7
3177161,9.84600162481084,8
3177168,9.867622105753057,7
3177171,9.96006960128118,3
3177182,9.769790495013185,11
3177184,9.977113279398532,2
3177197,9.69229366556184,13
3177208,9.80362413199075,11
3177217,9.819574256944957,9
3177218,10.0,1
3177223,9.92723239219887,5
3177226,9.954314143421337,3
3177234,9.842109204247059,8
3177244,9.784535345954545,10
3177255,9.802261341887696,11
3177266,9.73840382395216,11
3177270,9.944234150834694,4
3177274,9.939279730673022,4
3177292,9.56970548976075,18
3177299,9.85180367318005,7
3177304,9.91668918497381,5
3177315,9.757792240681677,11
3177323,9.83980884687394,8
3177331,9.833459815553443,8
3177337,9.908540864214325,6
3177347,9.78286086677877,10
3177354,9.874779702150748,7
3177370,9.661244227749377,16
3177376,9.910864503329247,6
3177390,9.678849331184688,14
3177399,9.822707303994695,9
3177404,9.819243068985202,5
3177414,9.781916861736423,10
3177415,10.0,1
3177423,9.872598592942257,8
3177432,9.847455147689478,9
3177445,9.707830167455684,13
3177446,10.0,1
3177455,9.802524325256847,9
3177459,9.942495959337714,4
3177466,9.855608000649417,7
3177474,9.881848806845385,8
3177490,9.603792949244228,16
3177500,9.776208136746716,10
3177516,9.448112804005689,16
3177524,9.84228254232293,8
3177537,9.536929639991166,13
3177551,9.680639756723636,14
3177557,9.880064693099527,6
3177571,9.679690217396397,14
3177590,9.530453116659663,19
3177598,9.84776390104664,8
3177603,9.927387400018015,5
3177610,9.872128098752889,7
3177611,10.0,1
3177615,9.950884925952725,4
3177621,9.904676970120997,6
3177628,9.893168977876375,7
3177631,9.961858235847147,3
3177640,9.838143723924983,9
3177646,9.904255243247645,6
3177653,9.863402891548585,7
3177661,9.850178772382753,8
3177670,9.514599759791025,9
3177681,9.7495735725333,11
3177690,9.820505088400454,9
3177693,9.95454482583626,3
3177704,9.704952592488093,11
3177716,9.73785450763102,12
3177723,9.879195923984923,7
3177741,9.649066478353898,18
3177744,9.968039294368479,3
3177754,9.810005120510318,10
3177760,9.878897240378322,6
3177763,9.94938304434362,3
3177774,9.75610828890235,11
3177777,9.957364337988992,3
3177788,9.684726511913178,11
3177801,9.71700251835988,13
3177805,9.945980646835276,4
3177811,9.907826121487194,6
3177819,9.832791647898885,8
3177832,9.706347680651543,13
3177839,9.882843010518267,7
3177847,9.850935262885383,8
3177862,9.646829309035175,15
3177868,9.901889813823578,6
3177874,9.897428749425591,6
3177882,9.844652703487553,8
3177890,9.854372369681439,8
3177897,9.868324660079205,7
3177914,9.646381000563075,17
3177921,9.884970137131235,7
3177929,9.822174714352432,8
3177938,9.818031078642807,9
3177948,9.804923650193814,10
3177949,10.0,1
3177959,9.787390076228736,10
3177972,9.736511011390457,13
3177983,9.776630826650715,11
3177990,9.877348431270486,7
3177991,9.993199854747482,1
3177993,9.970749197042448,2
3178002,9.80676902741657,9
3178013,9.782403838993648,11
3178018,9.913964614390013,5
3178027,9.821229589406922,9
3178036,9.803751409955543,9
3178042,9.903209152384347,6
3178043,10.0,1
3178046,9.957068598636807,3
3178047,10.0,1
3178049,9.97523257613342,2
3178059,9.76782566840859,10
3178062,9.966447309455221,3
3178070,9.847735699166336,8
3178082,9.730262932314519,12
3178088,9.894619948941399,6
3178097,9.805736525917712,9
3178106,9.702401460646575,9
3178117,9.787305518883235,11
3178122,9.91247056571713,5
3178135,9.711135325824038,13
3178149,9.309955825660827,14
3178159,9.803138349794033,10
3178169,9.794140273789429,10
3178176,9.868687891925454,7
3178188,9.759821841661614,12
3178202,9.691145637820226,14
3178203,10.0,1
3178212,9.836996721268969,9
3178216,9.95051249016836,4
3178224,9.842609197439993,8
3178225,10.0,1
3178226,9.993586496340312,1
3178236,9.813903054728097,10
3178240,9.932280128733254,4
3178246,9.912295489042345,6
3178249,9.963890711850944,3
3178260,9.772005580843963,11
3178271,9.812152045405668,11
3178282,9.756798257571862,11
3178297,9.694881409423322,15
3178308,9.749991804412987,11
3178321,9.721314000959266,13
3178326,9.821720133585794,5
3178332,9.883853872319884,6
3178339,9.860672091929532,7
3178344,9.921017976188988,5
3178354,9.788450262445217,10
3178358,9.9464498539826,4
3178375,9.682233226431357,17
3178385,9.792851798004815,10
3178396,9.769497707278854,11
3178400,9.943611699092417,4
3178406,9.915821756065805,6
3178411,9.921016781416952,5
3178422,9.78802958697071,11
3178438,9.674508396290697,16
3178441,9.952324361536714,3
3178452,9.792454770189712,11
3178454,9.982527363111874,2
3178461,9.872977323433199,7
3178468,9.877983297562709,7
3178483,9.650333911263973,15
3178489,9.895699238192146,6
3178491,9.984038714000109,2
3178496,9.926629987228802,5
3178507,9.758206622243183,11
3178521,9.68779956042657,14
3178527,9.892304048865013,6
3178536,9.81848130299725,9
3178550,9.68571811833341,14
3178561,9.757252707811848,11
3178562,10.0,1
3178577,9.644972447170028,15
3178582,9.921380137076481,5
3178589,9.889029671645595,7
3178595,9.899808051906914,6
3178608,9.717117670186834,13
3178609,10.0,1
3178621,9.78028299434923,12
3178630,9.812105158565704,9
3178639,9.858008938497152,9
3178650,9.775444193630177,11
3178661,9.779360715913745,11
3178666,9.917930957694523,5
3178668,9.972329985620341,2
3178679,9.748940099721045,11
3178680,10.0,1
3178684,9.942494567528852,4
3178688,9.941237969397921,4
3178689,10.0,1
3178692,9.951488891453183,3
3178713,9.47543334772255,21
3178718,9.914240266060972,5
3178726,9.826285937098575,8
3178739,9.727395112510758,13
3178740,10.0,1
3178757,9.59870457803859,17
3178763,9.867323655290752,6
3178773,9.831099389540402,10
3178776,9.954155825987508,3
3178784,9.832039143245883,8
3178790,9.869979341907634,6
3178793,9.950477714911809,3
3178806,9.687626924164336,13
3178815,9.815717588177568,9
3178828,9.699875969357299,13
3178833,9.910032620727716,5
3178839,9.897074507382488,6
3178846,9.84846188515991,7
3178857,9.792087468838776,11
3178865,9.878118234116318,8
3178868,9.858756808512894,3
3178883,9.711124549595763,15
3178892,9.806826358378132,9
3178899,9.870488997357988,7
3178907,9.826709388995635,8
3178914,9.897585943237383,7
3178920,9.89426295921897,6
3178926,9.874888136752482,6
3178934,9.816818360657656,8
3178938,9.93393925721987,4
3178943,9.915296351051689,5
3178947,9.952836772617646,4
3178956,9.85652036013949,9
3178963,9.667718267919508,7
3178968,9.906624475314082,5
3178983,9.683444390679844,15
3178990,9.866316278927957,7
3178991,10.0,1
3178997,9.894333947258563,6
3179006,9.807391780748258,9
3179009,9.963558343009959,3
3179016,9.863248155147856,7
3179030,9.67879476333104,14
3179043,9.706064012488811,13
3179050,9.854679962755915,7
3179058,9.865134302085345,8
3179059,9.987808243171642,1
3179072,9.704614289853023,13
3179077,9.903382900832348,5
3179090,9.437066714174707,13
3179098,9.721477734773273,8
3179099,10.0,1
3179108,9.808981534907751,9
3179122,9.698519841944654,14
3179131,9.802723408317723,9
3179137,9.906100376805247,6
3179143,9.873896570983787,6
3179149,9.889259870947122,6
3179150,10.0,1
3179159,9.815745532510082,9
3179169,9.775769712712695,10
3179171,9.9770252624046,2
3179184,9.697295960859126,13
3179195,9.748945639640981,11
3179206,9.778983019860656,11
3179215,9.830343302009226,9
3179217,9.970523429886144,2
3179228,9.827138109696977,11
3179234,9.878036435163102,6
3179251,9.57330896737851,17
3179256,9.905087665712234,5
3179263,9.862653133631438,7
3179274,9.756743568342271,11
3179284,9.783742832905842,10
3179292,9.863360845167234,8
3179296,9.949912632635652,4
3179301,9.914896058665388,5
3179315,9.699627046245787,14
3179321,9.917771688854407,6
3179324,9.957788329130048,3
3179336,9.750697177205105,12
3179339,9.967717917225016,3
3179351,9.746014559666925,12
3179362,9.777548422823564,11
3179368,9.882836009477234,6
3179377,9.825126925394999,9
3179387,9.815257168911,10
3179396,9.795972512848879,9
3179410,9.766588481963906,14
3179421,9.777527227203823,11
3179433,9.752135473994265,12
3179442,9.812594694095685,9
3179449,9.894331921297141,7
3179460,9.79683726061747,11
3179465,9.905567799229045,5
3179466,10.0,1
3179467,10.0,1
3179476,9.831085050069422,9
3179491,9.669913507208319,15
3179496,9.9087794713381,5
3179503,9.869774496019161,7
3179508,9.917490067090188,5
3179512,9.946910409325746,4
3179519,9.87821767535232,7
3179534,9.674978950153681,15
3179541,9.863411618473252,7
3179550,9.87487199056396,9
3179551,10.0,1
3179558,9.64817961286588,7
3179570,9.784404271835523,12
3179578,9.832176329458981,8
3179588,9.813143781231899,10
3179596,9.860742042813587,8
3179597,10.0,1
3179610,9.69775787360586,13
3179611,10.0,1
3179623,9.731029561787278,12
3179629,9.906874202405838,6
3179634,9.930090400975923,5
3179640,9.892486408666631,6
3179649,9.795235512051022,9
3179665,9.362905463357652,16
3179677,9.717175314934734,12
3179684,9.866971936172668,7
3179699,9.661749981770557,15
3179709,9.79594396406696,10
3179710,10.0,1
3179713,9.956736502007976,3
3179723,9.675758282001736,10
3179726,9.949531907393458,3
3179739,9.709403039991678,13
3179747,9.753325787034186,8
3179756,9.816099917286449,9
3179757,9.989196002926576,1
3179773,9.701396119932868,16
3179791,9.545164379933043,18
3179798,9.87245426750143,7
3179799,10.0,1
3179805,9.889383263978747,6
3179817,9.755616583557913,12
3179828,9.780867070958635,11
3179829,10.0,1
3179830,10.0,1
3179836,9.88119256543851,6
3179847,9.728980428886889,11
3179855,9.846093510965993,8
3179868,9.731322021645214,13
3179883,9.649910632617223,15
3179894,9.788743117161623,11
3179905,9.758231728588804,11
3179906,10.0,1
3179918,9.71786470453625,12
3179934,9.62790377786956,16
3179939,9.918241082233692,5
3179951,9.73890548479616,12
3179959,9.849430020565771,8
3179965,9.89444827464316,6
3179976,9.756601276310361,11
3179981,9.927738325614317,5
3179997,9.616457439436765,16
3180002,9.901077071212152,5
3180008,9.889464557036968,6
3180016,9.848021655454517,8
3180020,9.92386392486785,4
3180029,9.829343288043699,9
3180039,9.816671410019746,10
3180042,9.961309308007133,3
3180049,9.661428968231727,7
3180057,9.857044683003487,8
3180058,10.0,1
3180067,9.827283561875236,9
3180075,9.854290379424503,8
3180083,9.844054404831809,8
3180087,9.941080475254074,4
3180101,9.683983719521523,14
3180112,9.796834415907677,11
3180119,9.863815479398335,7
3180122,9.969974970654064,3
3180131,9.831577641395171,9
3180140,9.82260804686945,9
3180152,9.737135835250685,12
3180170,9.576721519310034,18
3180176,9.893885698715396,6
3180185,9.808812860226288,9
3180198,9.75167617914197,13
3180206,9.84993097926428,8
3180217,9.763379557004594,11
3180230,9.721965574463514,13
3180237,9.883687949194803,7
3180244,9.87027684199012,7
3180257,9.705326513967579,13
3180273,9.693616353637859,16
3180300,9.482998484467949,27
3180310,9.786641148203119,10
3180318,9.84178143656891,8
3180329,9.772963750253155,11
3180339,9.777486146981703,10
3180349,9.796097520631903,10
3180357,9.844929614977804,8
3180372,9.627943228978571,15
3180387,9.643642379638742,15
3180392,9.926167503560528,5
3180399,9.85001313374769,7
3180410,9.77123433695733,11
3180422,9.754986646175714,12
3180427,9.913851765838967,5
3180435,9.845375493314124,8
3180451,9.61478664109742,16
3180456,9.920409216955521,5
3180460,9.930317277292925,4
3180464,9.934291049951964,4
3180472,9.839907488894836,8
3180486,9.69846142047049,14
3180488,9.971107558390916,2
3180497,9.858751188383188,9
3180503,9.901905019392867,6
3180519,9.641153749166367,16
3180523,9.94907148148067,4
3180526,9.959934616973031,3
3180538,9.738379515730639,12
3180543,9.916349795682933,5
3180558,9.702369268236323,15
3180564,9.678308221358824,6
3180579,9.718426995918133,15
3180593,9.669767176203505,14
3180597,9.943071545947289,4
3180606,9.819031917409147,9
3180620,9.707298770614605,14
3180630,9.785947029351933,10
3180636,9.905938805240224,6
3180644,9.853469467924027,8
3180652,9.849154138245106,8
3180663,9.761681134023709,11
3180675,9.736196514783739,12
3180681,9.883796303027829,6
3180692,9.762421672220224,11
3180700,9.861574332935811,8
3180710,9.772768045527528,10
3180711,10.0,1
3180720,9.818247890431735,9
3180721,10.0,1
3180732,9.680673035066297,11
3180745,9.694470172807893,13
3180765,9.510800067039236,20
3180775,9.788739490834391,10
3180786,9.764076235928648,11
3180794,9.827741275162241,8
3180798,9.930653561128238,4
3180809,9.744392326608041,11
3180818,9.817055251257273,9
3180824,9.891866389389167,6
3180828,9.939192953144776,4
3180835,9.88443611925496,7
3180838,9.954677438653382,3
3180845,9.880755888952436,7
3180855,9.778163773417614,10
3180865,9.787721360832368,10
3180866,10.0,1
3180871,9.91742107887411,5
3180876,9.916755268232835,5
3180879,9.963102196930853,3
3180883,9.943658928920218,4
3180884,10.0,1
3180893,9.81971903228324,9
3180904,9.756120107524495,11
3180923,9.617751260660677,19
3180940,9.585087758351792,17
3180957,9.597591436209521,17
3180967,9.798354888866514,10
3180977,9.810489388838675,10
3180988,9.742321734318246,11
3180994,9.88936135558695,6
3181012,9.26501230045825,18
3181013,10.0,1
3181016,9.967894929220071,3
3181022,9.905878533127915,6
3181033,9.778259046400953,11
3181037,9.939322626386398,4
3181044,9.859447988957704,7
3181048,9.942268602217583,4
3181058,9.796929511060052,10
3181062,9.938388042279183,4
3181070,9.850793265146931,8
3181081,9.756070654640254,11
3181093,9.732315121893084,12
3181105,9.748564295060879,12
3181106,10.0,1
3181116,9.776968249913255,10
3181123,9.869569813118956,7
3181623,-17.320924856591315,500
3181631,9.827424739998825,8
3181641,9.800211839346408,10
3181646,9.917853942696057,5
3181652,9.897742901740516,6
3181663,9.76702705564319,11
3181673,9.764179386088161,10
3181682,9.806361484808912,9
3181694,9.734733818619281,12
3181707,9.693172253979311,13
3181716,9.829730391127798,9
3181722,9.889863352164294,6
3181730,9.852980994514542,8
3181734,9.948288164386533,4
3181741,9.888216760321564,7
3181746,9.929333937493833,5
3181757,9.75558127935403,11
3181767,9.803927119602404,10
3181790,5.782215165344186,23
3181800,9.811730407067932,10
3181804,9.941969370755649,4
3181814,9.786918990160643,10
3181828,9.78324786602849,14
3181834,9.90128301547011,6
3181841,9.870276934594893,7
3181845,9.93279099403361,4
3181856,9.7829443851264,11
3181867,9.750846190308113,11
3181873,9.905322684011871,6
3181877,9.951156350037575,4
3181886,9.832784974608195,9
3181896,9.811930794273685,10
3181901,9.898042036208908,5
3181911,9.817271783468781,10
3181912,10.0,1
3181927,9.512843381258048,15
3181931,9.944048140861657,4
3181939,9.831679605105798,8
3181946,9.865679510705728,7
3181952,9.897986544133305,6
3181967,9.690917131478624,15
3181980,9.72570791551457,13
3181985,9.924166015107962,5
3181992,9.890695428846922,7
3182004,9.721595982534826,12
3182018,9.736696957700916,14
3182028,9.795846827119366,10
3182029,10.0,1
3182043,9.68697789020496,14
3182057,9.65420294209759,14
3182066,9.835040186553437,9
3182067,10.0,1
3182081,9.700267418059385,14
3182090,9.805593888373961,9
3182115,9.421228912491264,25
3182118,9.9670680224869,3
3182135,9.614664209958434,17
3182142,9.864395515236051,7
3182154,9.790380855921054,12
3182166,9.73910489835951,12
3182172,9.89267445803264,6
3182183,9.793196410611055,11
3182186,9.96186982070529,3
3182204,9.572514474039906,18
3182212,9.846387118208028,8
3182225,9.783399987155862,13
3182233,9.853954143779434,8
3182247,9.697402701938147,14
3182260,9.716714124042936,13
3182268,9.847805246685935,8
3182271,9.950667715537366,3
3182277,9.904484087343656,6
3182288,9.75750260590261,11
3182303,9.674706985458432,15
3182315,9.776998954378293,12
3182319,9.939119065464261,4
3182331,9.737781864905505,12
3182344,9.713343303136675,13
3182345,10.0,1
3182355,9.780773943636683,10
3182367,9.767777566999483,12
3182374,9.883129642210417,7
3182375,10.0,1
3182376,9.991923537242897,1
3182383,9.850952085135505,7
3182393,9.807255000856172,10
3182405,9.72451999142258,12
3182411,9.889733056545372,6
3182422,9.752510658861235,11
3182423,10.0,1
3182429,9.899242749218121,6
3182436,9.88304729153687,7
3182443,9.876556629410764,7
3182450,9.885742578677446,7
3182463,9.689122715167741,13
3182464,10.0,1
3182473,9.822360432463633,9
3182489,9.719340093616012,16
3182501,9.75302933587299,12
3182511,9.699532207434139,10
3182523,9.758586886645528,12
3182525,9.98207903867281,2
3182533,9.841005252993655,8
3182534,10.0,1
3182544,9.78865491908826,10
3182553,9.822961753874388,9
3182554,10.0,1
3182566,9.724587832233928,12
3182576,9.782433506581208,10
3182582,9.911863265818019,6
3182591,9.805223870472917,9
3182602,9.794049267253426,11
3182618,9.618070185099254,16
3182625,9.892136543071523,7
3182646,9.490903789685781,21
3182653,9.8604613258076,7
3182661,9.844065848219707,8
3182669,9.68054130194553,8
3182680,9.746729128163166,11
3182681,10.0,1
3182682,10.0,1
3182687,9.922085632032065,5
3182693,9.898533075100787,6
3182704,9.263636598402229,11
3182715,9.788251952414448,11
3182716,10.0,1
3182732,9.676173638775063,16
3182733,10.0,1
3182737,9.936471511569247,4
3182738,10.0,1
3182745,9.861958503280645,7
3182758,9.690465789037283,13
3182761,9.948808451028276,3
3182773,9.7594009754096,12
3182783,9.794291245368255,10
3182790,9.885658742713797,7
3182794,9.929302029813737,4
3182810,9.653054617437938,16
3182812,9.970019935237433,2
3182817,9.893367839577358,5
3182824,9.884326269798272,7
3182834,9.78896104561971,10
3182842,9.671939452177977,8
3182847,9.90987391123266,5
3182859,9.716541907805642,12
3182860,10.0,1
3182870,9.758136873673562,10
3182880,9.779566414388164,10
3182893,9.69242146133093,13
3182904,9.809465581818541,11
3182911,9.874724401712623,7
3182912,10.0,1
3182920,9.851592568429327,8
3182935,9.65591308172376,15
3182946,9.746915377901969,11
3182953,9.874218780731162,7
3182957,9.936285946136636,4
3182965,9.840381587818026,8
3182974,9.821626772239041,9
3182984,9.801723326766647,10
3182992,9.84345793202069,8
3183001,9.789912341799399,9
3183012,9.743207308886413,11
3183019,9.879260855905292,7
3183033,9.560264860215854,14
3183034,10.0,1
3183048,9.67276671651777,14
3183049,10.0,1
3183054,9.923406958925936,5
3183060,9.894910053102095,6
3183065,9.905094735708301,5
3183066,9.987971674582697,1
3183078,9.74002631041489,12
3183084,9.869091850920373,6
3183092,9.831410261514995,8
3183104,9.737387985463558,12
3183110,9.92188335542119,6
3183124,9.64576252339597,14
3183137,9.709563350827606,13
3183138,10.0,1
3183153,9.698559149068146,15
3183159,9.898676401058633,6
3183160,9.988429897824133,1
3183165,9.928609912115776,5
3183170,9.928012400835048,5
3183174,9.949337942728146,4
3183183,9.816185145005882,9
3183192,9.822114530696188,9
3183197,9.909022994478851,5
3183210,9.68312209165841,13
3183222,9.731750112990333,12
3183223,10.0,1
3183231,9.660400927386746,8
3183238,9.870521999125302,7
3183239,10.0,1
3183254,9.71328988626532,15
3183261,9.84738871697516,7
3183266,9.9069513853155,5
3183278,9.76164541482541,12
3183292,9.69012595016311,14
3183298,9.91297855458273,6
3183299,9.99636602363912,1
3183315,9.669496056629871,16
3183323,9.858016109390192,8
3183335,9.720745411999632,12
3183342,9.867036722951653,7
3183348,9.90422511604186,6
3183356,9.837230437789422,8
3183357,10.0,1
3183367,9.785368251530544,10
3183373,9.889597518162502,6
3183381,9.83676051766114,8
3183391,9.835337345369133,10
3183405,9.716342521716816,14
3183417,9.77002048270953,12
3183428,9.76567484759174,11
3183434,9.916137519913544,6
3183435,10.0,1
3183447,9.743806432243582,12
3183459,9.709044550100629,12
3183470,9.79146307624366,11
3183476,9.889778855348547,6
3183489,9.733768128607956,13
3183514,9.471455037433895,25
3183523,9.823923993472823,9
3183532,9.824884696964158,9
3183546,9.702151033530537,14
3183549,9.969255082677934,3
3183560,9.76705164429313,11
3183563,9.964693479753684,3
3183571,9.858823353536811,8
3183577,9.882389373439656,6
3183586,9.847566678385915,9
3183594,9.858518505877816,8
3183609,9.65841157834162,15
3183617,9.84263660459247,8
3183630,9.739012799224556,13
3183645,9.6565526465895,15
3183656,9.771865963272413,11
3183670,9.692678603358434,14
3183675,9.914177743716655,5
3183685,9.786199466257933,10
3183696,9.776475059705707,11
3183699,9.96488597320776,3
3183714,9.694114252200885,15
3183719,9.904517014665084,5
3183724,9.915642766954852,5
3183732,9.879346175975492,8
3183737,9.915789976822458,5
3183739,9.975366304081781,2
3183740,10.0,1
3183750,9.77488289922682,10
3183756,9.905827839471906,6
3183763,9.883166259992832,7
3183769,9.906260780205578,6
3183775,9.887858716999906,6
3183785,9.790902641917288,10
3183791,9.896584153749597,6
3183795,9.948021312257785,4
3183803,9.833584063984102,8
3183804,10.0,1
3183805,10.0,1
3183810,9.907258219817686,5
3183817,9.878398868086608,7
3183840,9.60547878861333,23
3183848,9.85410258230501,8
3183859,9.79184744432313,11
3183864,9.909220188530977,5
3183865,9.996495815460847,1
3183867,9.969654031594366,2
3183874,9.868817352727723,7
3183880,9.90829395221894,6
3183887,9.887482167191969,7
3183894,9.862410878803441,7
3183900,9.902741279073293,6
3183910,9.79801473423247,10
3183919,9.82470182223372,9
3183927,9.842381411743055,8
3183929,9.97246108922902,2
3183932,9.971386245083977,3
3183942,9.776418524334488,10
3183955,9.76998836956326,13
3183965,9.789059306571414,10
3183973,9.863500135122429,8
3183983,9.808851570296017,10
3183995,9.736449519303225,12
3184018,9.441941328574554,23
3184026,9.852504623826514,8
3184039,9.73470225491373,13
3184043,9.950585471831044,4
3184044,10.0,1
3184049,9.902378209196922,5
3184062,9.732185221205281,13
3184074,9.747667605011904,12
3184075,10.0,1
3184082,9.867291688667693,7
3184094,9.730528563167033,12
3184106,9.759130184053035,12
3184116,9.809705067330228,10
3184127,9.768398241589765,11
3184132,9.923785942264777,5
3184133,9.992801743077475,1
3184145,9.733459937596693,12
3184150,9.937120951145182,5
3184160,9.773932273714815,10
3184167,9.857873019550986,7
3184180,9.692715336738338,13
3184183,9.967745345280793,3
3184192,9.827237666941047,9
3184201,9.830266610020052,9
3184205,9.936920780313978,4
3184215,9.768586654001417,10
3184229,9.717128506024228,14
3184237,9.848287309366354,8
3184241,9.930851138369519,4
3184253,9.763493085237519,12
3184262,9.82162451142564,9
3184268,9.900249028380122,6
3184281,7.993506929012722,13
3184288,9.876559553255841,7
3184294,9.88760992740205,6
3184295,10.0,1
3184305,9.810499718263426,10
3184311,9.906229891982841,6
3184315,9.925767863797532,4
3184318,9.96421372830319,3
3184332,9.697419998169474,14
3184343,9.770002695678356,11
3184350,9.860225923716797,7
3184361,9.766672286363216,11
3184366,9.899693382659878,5
3184372,9.88662891144321,6
3184386,9.670681478275522,14
3184394,9.83126307703727,8
3184405,9.755256033090388,11
3184417,9.742270003833267,12
3184420,9.950495247250172,3
3184421,10.0,1
3184426,9.92245342281794,5
3184438,9.744532992054177,12
3184448,9.824364162053746,10
3184457,9.842094980631838,9
3184462,9.91322060916247,5
3184473,9.801811093626583,11
3184483,9.789498918161748,10
3184491,9.869787334010681,8
3184503,9.725213203459639,12
3184511,9.824729273035812,8
3184518,9.87766832901501,7
3184528,9.798233495129532,10
3184533,9.927588626257933,5
3184546,9.710139820013199,13
3184550,9.945121089882246,4
3184553,9.952885881930442,3
3184557,9.945322228105868,4
3184568,9.756119618139389,11
3184572,9.932702567064648,4
3184581,9.810966906733773,9
3184587,9.903705163092619,6
3184595,9.86235413511871,8
3184600,9.914787627000456,5
3184623,9.432659994661144,23
3184637,9.713705307634275,14
3184639,9.970629758731134,2
3184645,9.866818935443352,6
3184649,9.926854901275853,4
3184659,9.805246041157194,10
3184672,9.734606213223515,13
3184677,9.924197935909024,5
3184690,9.72462881273162,13
3184700,9.786390837079637,10
3184714,9.662275809890486,14
3184720,9.885856387262258,6
3184728,9.838568582297915,8
3184736,9.850769980446904,8
3184745,9.82004141699469,9
3184753,9.832409869730137,8
3184766,9.733539544144197,13
3184768,9.981296892408073,2
3184780,9.728532133353806,12
3184793,9.506043760396391,13
3184794,10.0,1
3184806,9.764203712108555,12
3184816,9.810055572658007,10
3184830,9.704485023024478,14
3184841,9.770588257644466,11
3184849,9.821664455831398,8
3184853,9.942859100710582,4
3184859,9.88835137514401,6
3184868,9.823963101970874,9
3184874,9.89622834586265,6
3184881,9.878460894154749,7
3184887,9.890332035835296,6
3184901,9.66896914860312,14
3184902,10.0,1
3184912,9.770327365604032,10
3184920,9.845425265279168,8
3184924,9.939938133226004,4
3184929,9.921576254502407,5
3184934,9.915116594179617,5
3184945,9.770192486462301,11
3184955,9.8221502645172,10
3184967,9.745625183014099,12
3184974,9.841031682921463,7
3184981,9.57033866844295,7
3184992,9.72996608170539,11
3184999,9.881922066151116,7
3185010,9.481005036349313,11
3185020,9.678906967040572,10
3185030,9.790905794246797,10
3185043,9.703139200083255,13
3185055,9.74219410159411,12
3185066,9.764804881195476,11
3185069,9.960058285253766,3
3185080,9.688540097617032,11
3185086,9.899673542921647,6
3185098,9.741805265360469,12
3185104,9.890410150349712,6
3185112,9.830745208114607,8
3185123,9.785069649519151,11
3185131,9.8353143055503,8
3185141,9.830927442202029,10
3185149,9.877466877663487,8
3185169,9.524414837119306,20
3185175,9.908447982844375,6
3185176,10.0,1
3185191,9.625717654712643,15
3185192,10.0,1
3185201,9.829330887673365,9
3185215,9.668482000480589,14
3185221,9.898802444382563,6
3185223,9.978792162074456,2
3185237,9.68331449221293,14
3185244,9.86822847666694,7
3185251,9.853355360288228,7
3185263,9.706127136321012,12
3185274,9.780164385374624,11
3185288,9.669254278586271,14
3185292,9.935167853907817,4
3185298,9.887469267068717,6
3185303,9.91423173035716,5
3185313,9.80982050352683,10
3185314,10.0,1
3185319,9.918848552416456,5
3185327,9.842604169379694,8
3185336,9.828406084741498,9
3185343,9.864774798617377,7
3185350,9.877832986685409,7
3185359,9.841280427209682,9
3185376,9.590796664631977,17
3185388,9.788487037627414,12
3185397,9.82187320073774,9
3185405,9.864094630323523,8
3185406,10.0,1
3185421,9.666142692722104,15
3185438,9.613302382438384,17
3185445,9.865766760772313,7
3185451,9.883056506101385,6
3185460,9.802604821787815,9
3185470,9.806505736147635,10
3185480,9.795849227011974,10
3185483,9.752870024246006,3
3185492,9.807536976119252,9
3185504,9.73195453086383,12
3185512,9.816720894429965,8
3185535,9.505611752461656,23
3185536,10.0,1
3185537,10.0,1
3185543,9.90493003155107,6
3185547,9.9510559954131,4
3185559,9.736130254227378,12
3185568,9.837994051924746,9
3185576,9.832955504140369,8
3185584,9.849773965399416,8
3185596,9.802271771070163,12
3185603,9.855693847357195,7
3185615,9.735619072770062,12
3185626,9.791017920060444,11
3185637,9.759584946917775,11
3185643,9.90813121098595,6
3185647,9.936200279907553,4
3185652,9.931360822945782,5
3185666,9.699066937349453,14
3185675,9.806876352199994,9
3185683,9.841383355736124,8
3185694,9.773657641844611,11
3185707,9.728519764731056,13
3185719,9.763426345869583,12
3185721,9.972540645795325,2
3185729,9.832849488239969,8
3185744,9.634214681249953,15
3185753,9.848823849501594,9
3185762,9.81423130050012,9
3185771,9.818740870998187,9
3185782,9.67670849932779,11
3185786,9.946973626633998,4
3185795,9.824207245267228,9
3185803,9.847075052467005,8
3185806,9.955343336128893,3
3185807,10.0,1
3185810,9.95587269120929,3
3185819,9.845555260910828,9
3185829,9.807349966931268,10
3185835,9.921922035792562,6
3185836,10.0,1
3185847,9.78443285130416,11
3185862,9.701331636151155,15
3185870,9.839286944092287,8
3185878,9.850702278214785,8
3185885,9.857590255486148,7
3185887,9.978964689408519,2
3185896,9.82900431472453,9
3185904,9.854008812195733,8
3185916,9.751870461395477,12
3185925,9.841561698788903,9
3185939,9.671806566284404,14
3185940,10.0,1
3185945,9.908893422896092,5
3185946,10.0,1
3185955,9.828300934372571,9
3185966,9.781855002109957,11
3185967,10.0,1
3185979,9.744907373338982,12
3185988,9.83364983321797,9
3185992,9.944378838221459,4
3186000,9.838159167453977,8
3186014,9.694273337982594,14
3186021,9.889897155130969,7
3186028,9.858602967743941,7
3186038,9.815387637662182,10
3186039,9.989889549364772,1
3186047,9.844631871548977,8
3186057,9.768302898732133,10
3186058,10.0,1
3186061,9.963272038865464,3
3186069,9.866799460411132,8
3186070,10.0,1
3186075,9.922733338835968,5
3186088,9.69607292745605,13
3186089,10.0,1
3186098,9.806818097166985,9
3186107,9.807569058843239,9
3186119,9.743614538676084,12
3186130,9.770719881011717,11
3186140,9.769995693145749,10
3186145,9.927949927682578,5
3186152,9.8683561450341,7
3186165,9.692406601175332,13
3186172,9.888569938964226,7
3186181,9.799224017658297,9
3186183,9.975689837084062,2
3186194,9.734926976118079,11
3186204,9.779953128106637,10
3186209,9.928362428316667,5
3186221,9.74741613659354,12
3186230,9.824708687162847,9
3186238,9.822313415176762,8
3186254,9.705891240086782,16
3186262,9.872059450164071,8
3186271,9.796824088982126,9
3186277,9.902952870149907,6
3186283,9.892529814609295,6
3186284,10.0,1
3186293,9.845484253914881,9
3186306,9.52930669413362,13
3186307,10.0,1
3186323,9.638606800439723,16
3186333,9.793586793433583,10
3186349,9.643473218675265,16
3186361,9.730468660521302,12
3186370,9.800449311746172,9
3186381,9.765445850602813,11
3186389,9.873793754410645,8
3186399,9.790702337857036,10
3186409,9.775820424968485,10
3186420,9.751035556093846,11
3186427,9.854982462313737,7
3186438,9.781462646450409,11
3186439,9.988085841724535,1
3186450,9.790055721726576,11
3186455,9.914718549331331,5
3186456,9.988746734565435,1
3186467,9.75706014729703,11
3186482,9.662116727447536,15
3186483,10.0,1
3186494,9.697517068664409,11
3186508,9.536650300578795,14
3186517,9.826500331949116,9
3186518,10.0,1
3186519,10.0,1
3186533,9.727493367340243,14
3186542,9.817327739785247,9
3186551,9.807719746315668,9
3186561,9.775592288985338,10
3186569,9.828818933630592,8
3186577,9.834573878961153,8
3186586,9.855487233013765,9
3186587,10.0,1
3186603,9.650947406384493,16
3186608,9.935458237712336,5
3186685,7.6151101963716314,77
3186703,9.650186656127273,18
3186707,9.94953786932099,4
3186713,9.891241826884928,6
3186725,9.74624657352596,12
3186734,9.816899480245617,9
3186742,9.839786303073348,8
3186756,9.741844038097197,14
3186764,9.867946731979302,8
3186765,9.992513052241822,1
3186766,10.0,1
3186785,9.559456950082508,19
3186791,9.884599188168114,6
3186801,9.788071312804949,10
3186817,9.633498871672446,16
3186824,9.858424653361306,7
3186825,10.0,1
3186838,9.706984216488099,13
3186853,9.73153112456959,15
3186863,9.827589447081877,10
3186864,10.0,1
3186877,9.598680363044759,13
3186880,9.953241011029018,3
3186892,9.751058475023871,12
3186895,9.965231305239481,3
3186903,9.834553647788848,8
3186919,9.641220463248287,16
3186925,9.883437925651492,6
3186931,9.895928686830203,6
3186950,9.552227129273628,19
3186951,10.0,1
3186959,9.831127739734836,8
3186971,9.777146983032884,12
3186976,9.916935938815659,5
3186980,9.932191177516284,4
3186992,9.793162965688694,12
3187000,9.849908879670538,8
3187010,9.797420854875364,10
3187015,9.922670502771643,5
3187023,9.843313434923974,8
3187032,9.828844071062491,9
3187042,9.763266827237121,10
3187051,9.80506826084698,9
3187063,9.739917663733339,12
3187080,9.576324820664395,17
3187094,9.728124582908714,14
3187102,9.858274168561792,8
3187108,9.877487233732918,6
3187120,9.753044523292145,12
3187130,9.795003192076772,10
3187140,9.807532331451274,10
3187150,9.769667290281566,10
3187154,9.942032438965382,4
3187163,9.785098067804167,9
3187166,9.962325107671372,3
3187182,9.621380507419339,16
3187193,9.754928980870256,11
3187195,9.984678171035299,2
3187202,9.86702998993616,7
3187214,9.743495966878191,12
3187224,9.815419069324104,10
3187230,9.895288932174843,6
3187236,9.900997267445636,6
3187246,9.77661728983174,10
3187249,9.951869899289568,3
3187253,9.93744949786934,4
3187254,9.996433374775878,1
3187255,10.0,1
3187266,9.776580266114701,11
3187272,9.883739291178683,6
3187281,9.800640378872574,9
3187301,9.512267883512187,20
3187306,9.917425874736914,5
3187316,9.791027624688645,10
3187324,9.855011948754271,8
3187336,9.744464215069131,12
3187345,9.811668764487203,9
3187363,9.63005582524276,18
3187378,9.70283494490231,15
3187387,9.825978638114284,9
3187402,9.659086630783097,15
3187403,10.0,1
3187413,9.785990792592786,10
3187426,9.737323277900108,13
3187438,9.617933863072587,12
3187444,9.906467165868591,6
3187455,9.75220172110279,11
3187461,9.88487953144499,6
3187464,9.96275335089139,3
3187478,9.652670251579885,14
3187486,9.859218570166776,8
3187504,9.559213647966914,18
3187515,9.773823270163591,11
3187516,10.0,1
3187517,10.0,1
3187521,9.954155344373364,4
3187530,9.830319471194038,9
3187533,9.952488268752122,3
3187535,9.97271811050966,2
3187538,9.964443736629741,3
3187548,9.794643450204893,10
3187560,9.743887052014975,12
3187561,10.0,1
3187569,9.856259170286457,8
3187574,9.907748450734335,5
3187578,9.939455560397134,4
3187585,9.87519417566623,7
3187597,9.741060663973808,12
3187598,10.0,1
3187605,9.793211492813278,7
3187611,9.90324121163495,6
3187617,9.89194451609346,6
3187618,10.0,1
3187638,9.557047439907404,20
3187644,9.886624226975565,6
3187650,9.882950278166422,6
3187651,10.0,1
3187654,9.966226976770983,3
3187661,9.868388603887517,7
3187663,9.984388394252038,2
3187671,9.838197163879585,8
3187675,9.933429320380114,4
3187688,9.718824057861067,13
3187699,9.795893631490245,11
3187710,9.760920799009593,11
3187721,9.780494012451125,11
3187731,9.696771504302138,10
3187740,9.824279083571101,9
3187753,9.717202911713102,13
3187754,10.0,1
3187759,9.924384399996864,5
3187766,9.847633394921525,7
3187779,9.6985784516863,13
3187780,10.0,1
3187789,9.804162859530226,9
3187790,10.0,1
3187796,9.895966046923306,6
3187808,9.738744426473367,12
3187822,9.680802289089028,14
3187839,9.611288188651297,17
3187846,9.86028910561932,7
3187857,9.794078564803279,11
3187858,10.0,1
3187872,9.685342396504995,14
3187878,9.906189711220632,6
3187890,9.74000781850586,12
3187900,9.785113224709857,10
3187907,9.870139502243214,7
3187914,9.868574191829149,7
3187925,9.642717950799465,11
3187931,9.90633226869059,6
3187936,9.921688418608138,5
3187942,9.897602989550286,6
3187943,10.0,1
3187950,9.88325739709827,7
3187954,9.940608991975491,4
3187964,9.700072620236993,10
3187977,9.70492917537826,13
3187982,9.909283837714653,5
3187992,9.823034658508657,10
3188000,9.856286386936267,8
3188013,9.712529452358911,13
3188020,9.880685040773356,7
3188032,9.746798860608255,12
3188033,9.991897699118287,1
3188034,9.989347141793152,1
3188044,9.789848351887564,10
3188051,9.866069584809477,7
3188060,9.816022609940777,9
3188065,9.918142528026413,5
3188071,9.887398275016016,6
3188085,9.688434588781103,14
3188086,10.0,1
3188093,9.880939364636754,7
3188097,9.939439949331236,4
3188105,9.845005961281242,8
3188115,9.805476146422365,10
3188125,9.506257996482596,10
3188134,9.840347182851465,9
3188135,10.0,1
3188139,9.933853839155352,4
3188146,9.756663898841627,7
3188153,9.882679877873148,7
3188164,9.797319131408148,11
3188176,9.736955289568566,12
3188181,9.924666560238927,5
3188194,9.704856110423336,13
3188196,9.97659763925233,2
3188208,9.73425679032807,12
3188219,9.766079335584019,11
3188223,9.943155642495707,4
3188234,9.780699824754416,11
3188245,9.795463938993372,11
3188258,9.73244350189991,13
3188267,9.84346350629934,9
3188274,9.865181327694854,7
3188283,9.846161669580905,9
3188295,9.744401259255604,12
3188310,9.653937007077745,15
3188316,9.902188152148334,6
3188322,9.90111175892035,6
3188330,9.84933087459543,8
3188341,9.784605126395968,11
3188353,9.73908972598376,12
3188358,9.927678268942726,5
3188360,9.978744471779967,2
3188364,9.949047972338414,4
3188378,9.724243044952484,14
3188382,9.853766073117944,4
3188389,9.866331140684695,7
3188390,10.0,1
3188398,9.829486101806735,8
3188410,9.724576638733167,12
3188415,9.931417616448687,5
3188426,9.79975480969516,11
3188435,9.82008969017954,9
3188454,9.314244859188545,19
3188464,9.838783093420117,10
3188475,9.78133122276794,11
3188496,9.529327668965758,21
3188505,9.81324098590473,9
3188507,9.973760820882207,2
3188518,9.776567914824666,11
3188519,10.0,1
3188535,9.665411510716888,16
3188541,9.882160424237988,6
3188549,9.845034321013614,8
3188555,9.899171187904125,6
3188556,10.0,1
3188562,9.89964180768161,6
3188578,9.65185155240886,16
3188588,9.803602788603639,10
3188591,9.953264979528575,3
3188599,9.85458869931056,8
3188603,9.938356960728365,4
3188612,9.797299516543417,9
3188619,9.872060795528931,7
3188636,9.605208124516725,17
3188649,9.697430813634995,13
3188662,9.744933992578973,13
3188675,9.720265475337685,13
3188685,9.799519619929296,10
3188694,9.821580649603309,9
3188701,9.871241552560127,7
3188714,9.718434783698083,13
3188724,9.78145554700254,10
3188733,9.811558198860872,9
3188742,9.849316708638941,9
3188747,9.907035928374885,5
3188756,9.818794725114065,9
3188774,9.602146599290679,18
3188782,9.863095139745862,8
3188783,10.0,1
3188795,9.721131381599154,12
3188801,9.878159179093414,6
3188813,9.753425607457723,12
3188824,9.773449841508489,11
3188828,9.932770904610093,4
3188837,9.798074025352234,9
3188851,9.592514645273319,14
3188866,9.627079635549771,15
3188874,9.63859332214312,8
3188877,9.96379383545079,3
3188884,9.861712065844625,7
3188894,9.793474009158134,10
3188903,9.812598111926027,9
3188908,9.92251516957581,5
3188923,9.644693771322196,15
3188934,9.772710390696822,11
3188945,9.750697034601044,11
3188960,9.67695346999452,15
3188967,9.882505405877774,7
3188976,9.83391618705153,9
3188985,9.815630714858607,9
3188995,9.806643787656116,10
3189012,9.616904275462854,17
3189023,9.766152231729428,11
3189031,9.853474860147815,8
3189032,10.0,1
3189039,9.880443451893811,7
3189049,9.79476590602284,10
3189056,9.761944698043362,7
3189057,10.0,1
3189059,9.78301812751408,2
3189072,9.724934573229504,13
3189082,9.798749646014539,10
3189095,9.700287303632926,13
3189101,9.889071127549308,6
3189102,10.0,1
3189119,9.63822426637391,17
3189131,9.760385399268397,12
3189136,9.908563932638133,5
3189141,9.923176746009316,5
3189148,9.873680183731512,7
3189151,9.960511375368037,3
3189159,9.87089349949169,8
3189168,9.804238916028348,9
3189174,9.912477063533649,6
3189185,9.764251326731923,11
3189200,9.643543093295078,15
3189207,9.882684576199471,7
3189219,9.813618187805256,12
3189220,9.992689661051006,1
3189228,9.860627855044918,8
3189234,9.886279161810059,6
3189235,9.987312580595875,1
3189248,9.724670474880021,13
3189252,9.935131649484473,4
3189260,9.860779681883868,8
3189261,10.0,1
3189271,9.788147998303776,10
3189281,9.780222019721673,10
3189282,10.0,1
3189297,9.74483677432256,15
3189313,9.686586513561497,16
3189327,9.673565819608067,14
3189337,9.777847786694801,10
3189350,9.704411274891825,13
3189358,9.851824597713426,8
3189372,9.707190040331547,14
3189377,9.919017962456053,5
3189389,9.735605217747151,12
3189399,9.803310922615212,10
3189404,9.907646444729487,5
3189410,9.881309645240037,6
3189420,9.828578738897232,10
3189435,9.650032201463993,15
3189451,9.500454465497981,16
3189466,9.672112920571763,15
3189472,9.89662107818118,6
3189476,9.932318558296243,4
3189478,9.975469235277144,2
3189487,9.817714656814399,9
3189495,9.842953703732276,8
3189506,9.764325505888415,11
3189514,9.840781844904015,8
3189522,9.849388573023218,8
3189528,9.898919786472762,6
3189531,9.963060762586583,3
3189538,9.875680135310885,7
3189555,9.588661023061162,17
3189572,9.576918333186347,17
3189575,9.957613926958476,3
3189586,9.738516271220053,11
3189597,9.768296128410068,11
3189605,9.8298445231505,8
3189616,9.566978761313786,11
3189625,9.748973429325634,9
3189629,9.947143296771063,4
3189642,9.755763421109926,13
3189648,9.902325439125852,6
3189658,9.814244589208837,10
3189667,9.837515113026406,9
3189677,9.791890430270543,10
3189685,9.85567521171636,8
3189697,9.75436831104449,12
3189706,9.831810798357301,9
3189716,9.81557845296684,10
3189720,9.924352027591274,4
3189731,9.755760067207428,11
3189737,9.905162756336951,6
3189750,9.714547253328341,13
3189760,9.78656285824848,10
3189771,9.765281139007614,11
3189779,9.836745892080858,8
3189784,9.911622686879953,5
3189787,9.968291280198864,3
3189788,10.0,1
3189796,9.843584230859364,8
3189807,9.777027399943188,11
3189808,10.0,1
3189819,9.758246543954831,11
3189826,9.847602156083147,7
3189837,9.7761855604514,11
3189840,9.958699273541043,3
3189847,9.860089592314642,7
3189852,9.90658543199804,5
3189861,9.813601656618484,9
3189867,9.884445027169377,6
3189877,9.817156953129537,10
3189888,9.763740314566828,11
3189893,9.709574406212914,5
3189901,9.736863070644334,8
3189910,9.82092924050627,9
3189921,9.788296593711626,11
3189928,9.873445379754374,7
3189938,9.80906535433933,10
3189945,9.865169583057495,7
3189955,9.78570188078339,10
3189961,9.904550944257217,6
3189966,9.923662890117061,5
3189973,9.869437625855992,7
3189988,9.665457323987285,15
3189995,9.873401463937881,7
3190006,9.749606141302118,11
3190007,10.0,1
3190017,9.794473792432623,10
3190036,9.614610179310507,19
3190044,9.8600084405982,8
3190051,9.867318350565776,7
3190057,9.905760124802,6
3190074,9.448518124406649,17
3190080,9.893321389133355,6
3190083,9.96023484143727,3
3190093,9.794484225895683,10
3190097,9.934914381958118,4
3190102,9.925198284653334,5
3190112,9.770464137519028,10
3190122,9.792745277496348,10
3190126,9.929222781062037,4
3190143,9.624964377609047,17
3190144,9.992558258530877,1
3190151,9.860828147609318,7
3190152,10.0,1
3190157,9.930796541577184,5
3190165,9.860767772574933,8
3190179,9.683422484366544,14
3190186,9.875403889422385,7
3190192,9.899563156533018,6
3190199,9.858848315574498,7
3190209,9.76625485080353,10
3190212,9.969929976225322,3
3190213,10.0,1
3190216,9.966963170956797,3
3190227,9.789682668304303,11
3190235,9.835127719492514,8
3190247,9.717539538634137,12
3190253,9.889558307613397,6
3190259,9.882422352970996,6
3190277,9.567402549545177,18
3190289,9.72477323058862,12
3190295,9.9100215962056,6
3190299,9.94596649480383,4
3190309,9.772962160423685,10
3190319,9.787759724149755,10
3190329,9.789650149012315,10
3190338,9.846008628388109,9
3190345,9.875594928525832,7
3190351,9.885477109348717,6
3190357,9.904478333757107,6
3190358,10.0,1
3190369,9.796177202237631,11
3190381,9.699673357911246,12
3190390,9.805748424456725,9
3190399,9.822012324489592,9
3190409,9.71906908866379,10
3190413,9.946538660572166,4
3190414,10.0,1
3190418,9.939039097554707,4
3190426,9.836810429513525,8
3190438,9.723289613810644,12
3190453,9.672070180983102,15
3190472,9.579593948533237,19
3190479,9.849809062759011,7
3190484,9.912156653958602,5
3190494,9.796388897465905,10
3190497,9.95395076857015,3
3190514,9.60550664989941,17
3190524,9.794000335753259,10
3190532,9.843638844855565,8
3190539,9.874461530547714,7
3190546,9.862858320490929,7
3190547,10.0,1
3190560,9.689695656978806,13
3190568,9.857544251507466,8
3190576,9.867217070807456,8
3190579,9.948808939004111,3
3190589,9.81860795712586,10
3190590,10.0,1
3190594,9.937691823150509,4
3190597,9.951111170887106,3
3190602,9.925948857066395,5
3190609,9.886981994811993,7
3190614,9.920358468035177,5
3190615,10.0,1
3190629,9.683204939844547,14
3190633,9.93744144066998,4
3190645,9.75897191040435,12
3190648,9.967268226179064,3
3190656,9.855970972421325,8
3190671,9.663878822669975,15
3190677,9.895131451331354,6
3190686,9.831371857261802,9
3190692,9.905548580267135,6
3190701,9.812992692918456,9
3190716,9.670048456814369,15
3190732,9.717580692811788,16
3190735,9.959207039729213,3
3190741,9.886144282426375,6
3190748,9.870239112196003,7
3190752,9.937271424924614,4
3190759,9.867491360535332,7
3190766,9.805251201092707,7
3190776,9.784689230920618,10
3190781,9.91051278350186,5
3190787,9.887733389987275,6
3190796,9.77898027520595,9
3190813,8.940785511637916,17
3190814,10.0,1
3190826,9.736070782724658,12
3190837,9.78290343570666,11
3190847,9.765404723192615,10
3190859,9.746373913178147,12
3190864,9.911287157512088,5
3190879,9.649531872136222,15
3190884,9.928801199893423,5
3190895,9.782367104687305,11
3190898,9.958132216847003,3
3190899,10.0,1
3190903,9.93707569237551,4
3190909,9.897254693853615,6
3190910,10.0,1
3190916,9.871352674877945,6
3190917,10.0,1
3190918,10.0,1
3190924,9.801459430719962,6
3190937,9.692106291527868,13
3190949,9.762177450616928,12
3190962,9.7326776713872,13
3190965,9.955473858074686,3
3190969,9.950945870193367,4
3190976,9.878828936022213,7
3190981,9.916997926134108,5
3190984,9.956182243182571,3
3190989,9.912395151380094,5
3191004,9.715504496177354,15
3191015,9.776685864432636,11
3191028,9.621408103495746,13
3191042,9.685190719333622,14
3191058,9.426970313045786,16
3191069,9.75142116308444,11
3191070,10.0,1
3191081,9.759592400635942,11
3191094,9.72280701185166,13
3191103,9.80366186123689,9
3191107,9.94759513923821,4
3191118,9.754675954292113,11
3191125,9.871421278776445,7
3191132,9.880328123267615,7
3191151,9.644976514459604,19
3191162,9.785653858213443,11
3191173,9.765689508439115,11
3191179,9.89824285329999,6
3191188,9.800755611923039,9
3191197,9.824423330128633,9
3191208,9.754971637194643,11
3191223,9.660695057051855,15
3191234,9.74956480352695,11
3191241,9.855527681374653,7
3191252,9.758549509087272,11
3191257,9.928162933192509,5
3191268,9.784246541043931,11
3191276,9.866894546083214,8
3191282,9.89981296257983,6
3191289,9.876680703908097,7
3191293,9.950013013860481,4
3191303,9.801304061925057,10
3191314,9.763596836247027,11
3191324,9.77296763376858,10
3191331,9.886158668750307,7
3191340,9.814189115428976,9
3191349,9.813308164142885,9
3191358,9.815818736568671,9
3191369,9.793707710111216,11
3191380,9.748926230509273,11
3191388,9.830629967973067,8
3191397,9.79826062959205,9
3191401,9.935230487558995,4
3191411,9.793154505039338,10
3191427,9.675625100945846,16
3191434,9.90669283738923,7
3191443,9.791568390394865,9
3191451,9.848402960120135,8
3191456,9.912256411938097,5
3191471,9.656342558979734,15
3191477,9.902339974229854,6
3191482,9.901939422887622,5
3191489,9.869784511132748,7
3191502,9.737380834732983,13
3191514,9.747708849765322,12
3191525,9.780255688715016,11
3191537,9.754196338955685,12
3191538,10.0,1
3191545,9.866403646509175,7
3191556,9.787790009003473,11
3191572,9.637442183675292,16
3191580,9.854633273919129,8
3191586,9.91485054764052,6
3191597,9.738309905675722,11
3191602,9.920555461720374,5
3191605,9.762541716665037,3
3191624,9.48867358858529,19
3191634,9.803687152578577,10
3191642,9.85461380401049,8
3191651,9.809957583666593,9
3191673,9.266338725590362,22
3191687,9.674318860052939,14
3191692,9.919078600800413,5
3191698,9.900034273873578,6
3191706,9.830709389463507,8
3191708,9.983039435025772,2
3191723,9.668653606136926,15
3191732,9.830203713653592,9
3191738,9.903234684067701,6
3191739,10.0,1
3191747,9.82754998349045,8
3191750,9.95825253928547,3
3191751,10.0,1
3191758,9.869064781820832,7
3191767,9.79801256872106,9
3191771,9.920846533470483,4
3191785,9.717522877515739,14
3191786,10.0,1
3191789,9.949500520165842,3
3191800,9.765206224417511,11
3191801,10.0,1
3191810,9.810039977684971,9
3191820,9.798044294121944,10
3191821,10.0,1
3191832,9.769575464909247,11
3191846,9.684341974286301,14
3191851,9.917485170802138,5
3191852,10.0,1
3191861,9.817924495804217,9
3191870,9.814749845219438,9
3191871,9.996441923376537,1
3191875,9.93888906042677,4
3191883,9.837011425010914,8
3191892,9.820574691472842,9
3191904,9.722585036469148,12
3191909,9.917313497153206,5
3191919,9.770918646297911,10
3191926,9.886348376319932,7
3191929,9.958812869569314,3
3191935,9.89212327766611,6
3191951,9.670555304134153,16
3191959,9.874646773896654,8
3191970,9.787416425510676,11
3191976,9.909999266745416,6
3191980,9.93159080425976,4
3191995,9.662215566060436,15
3192004,9.83402832937339,9
3192012,9.827070863409821,8
3192022,9.774794999566312,10
3192023,10.0,1
3192036,9.690645548573789,13
3192040,9.940607778666347,4
3192051,9.79674537518247,11
3192053,9.978261294714862,2
3192061,9.84297235018514,8
3192080,9.555546860844142,19
3192090,9.810475889776455,10
3192097,9.853090037407409,7
3192106,9.799439820422458,9
3192112,9.894813889462473,6
3192113,10.0,1
3192114,9.996411469871017,1
3192116,9.97194218076918,2
3192120,9.928635125228695,4
3192122,9.97739804537358,2
3192126,9.935302406069848,4
3192135,9.805194926933092,9
3192146,9.769001895964442,11
3192152,9.919580551622287,6
3192154,9.976710377393985,2
3192158,9.954674405675378,4
3192165,9.868104730252234,7
3192173,9.828260677843966,8
3192186,9.601763066293232,13
3192193,9.90809079551944,7
3192194,10.0,1
3192203,9.79869424190431,9
3192212,9.8110687129141,9
3192218,9.892831885378165,6
3192226,9.862302912284452,8
3192237,9.753794118730614,11
3192242,9.90795052692315,5
3192247,9.906890993429398,5
3192258,9.762459106978719,11
3192267,9.803806195949955,9
3192268,10.0,1
3192273,9.900690448238093,5
3192279,9.88399887604451,6
3192779,-204.50398518889202,500
3192790,9.775190703477598,11
3192801,9.77544000001008,11
3192805,9.953120292041461,4
3192813,9.829157714864893,8
3192825,9.72145621173036,12
3192834,9.815108590454276,9
3192842,9.835236261380363,8
3192864,9.498994725157923,22
3192868,9.947822015197811,4
3192874,9.900418183755919,6
3192888,9.699802387776536,14
3192903,9.713240862165376,15
3192916,9.710169870548352,13
3192917,10.0,1
3192933,9.64646435777325,16
3192939,9.889617004116523,6
3192940,10.0,1
3192941,9.992368767647173,1
3192942,10.0,1
3192955,9.697693570105729,13
3192965,9.791336358100757,10
3192977,9.736423567820351,12
3192983,9.911401128168784,6
3192993,9.815267349509353,10
3193000,9.875912320204913,7
3193001,10.0,1
3193008,9.857439888385802,7
3193014,9.879006645585756,6
3193023,9.828337940029819,9
3193033,9.783598758803612,10
3193038,9.93232248731883,5
3193048,9.786110661360901,10
3193548,-130.56097402397785,500
3194048,-72.12449538852316,500
3194167,7.16063087249128,119
3194175,9.869144658267698,8
3194187,9.806403551930396,12
3194208,9.527797969981746,21
3194708,-37.92947955001849,500
3195208,-218.8185539412013,500
3195222,9.70910210459817,14
3195231,9.715472882761174,9
3195244,9.70638353212196,13
3195251,9.869231847828816,7
3195264,9.727851098540066,13
3195271,9.869298773524024,7
3195286,9.626333484307251,15
3195289,9.94947925223436,3
3195298,9.821752911690348,9
3195312,9.699496896101408,14
3195313,10.0,1
3195319,9.896622006105167,6
3195325,9.889132045122773,6
3195330,9.927754140264208,5
3195334,9.9263162463018,4
3195346,9.730261399852134,12
3195356,9.779805939311053,10
3195369,9.717102324064058,13
3195377,9.826796505774507,8
3195385,9.867906278715367,8
3195389,9.953631025627889,4
3195403,9.681079046919791,14
3195416,9.728070019598654,13
3195422,9.594427886974753,6
3195432,9.789444343568285,10
3195444,9.732071892244427,12
3195450,9.91840173979069,6
3195462,9.740693717806176,12
3195484,9.566167904276929,22
3195492,9.872849340367418,8
3195498,9.881304060365704,6
3195503,9.928174757788423,5
3195518,9.69231432116676,15
3195529,9.766575954661999,11
3195537,9.850480853858171,8
3195543,9.891641556182252,6
3195546,9.972802744279418,3
3195552,9.912259349574482,6
3195559,9.884117102561662,7
3195560,9.988982050112691,1
3195561,10.0,1
3195572,9.773278155404325,11
3195575,9.955860041772873,3
3195585,9.773759807752732,10
3195600,9.649227076370211,15
3195607,9.871972115106848,7
3195611,9.932372926477909,4
3195619,9.851367931366596,8
3195625,9.895907515439498,6
3195630,9.913611024801634,5
3195635,9.904452998452609,5
3195641,9.881326839914484,6
3195651,9.779945629919625,10
3195659,9.849237557079723,8
3195665,9.886964812219867,6
3195670,9.940901066738265,5
3195683,9.71059338305207,13
3195696,9.726135013540011,13
3195704,9.839841446335877,8
3195707,9.958430418958374,3
3195714,9.851304058126061,7
3195725,9.792021513195849,11
3195736,9.657402171649974,11
3195751,9.670020972244021,15
3195761,9.767176117632017,10
3195770,9.805069311667918,9
3195777,9.859377418510741,7
3195778,10.0,1
3195785,9.878290193798373,7
3195788,9.952055100852926,3
3195794,9.90724975479752,6
3195802,9.834983083312585,8
3195804,9.972447189740699,2
3195813,9.841208614649563,9
3195822,9.808857768853684,9
3195835,9.709788654777789,13
3195844,9.801420730422944,9
3195855,9.772712722382417,11
3195865,9.786017692806377,10
3195867,9.984558437542955,2
3195875,9.842868960985715,8
3195880,9.908125135157833,5
3195885,9.912880073121002,5
3195890,9.921112762371115,5
3195891,10.0,1
3195910,9.589977366005959,19
3195926,9.684326894709452,16
3195942,9.670460230203924,16
3195954,9.761137043767462,12
3195966,9.747138609827132,12
3195973,9.870652973280675,7
3195980,9.865699854595759,7
3195993,9.72774899982553,13
3195997,9.935998066884684,4
3196011,9.670638389547086,14
3196017,9.890538957792428,6
3196024,9.856382673790725,7
3196025,9.988435478367428,1
3196035,9.805784912484715,10
3196043,9.84911797746919,8
3196054,9.779889293988425,11
3196055,10.0,1
3196064,9.793625529083391,9
3196071,9.85552627278829,7
3196072,10.0,1
3196077,9.924630971608325,5
3196078,10.0,1
3196081,9.946714378410723,3
3196088,9.842562785917304,7
3196095,9.87046078920425,7
3196099,9.928750433219642,4
3196102,9.950906221220205,3
3196115,9.722426644010804,13
3196116,10.0,1
3196127,9.735202907084583,11
3196133,9.894526206126107,6
3196134,9.99162268826563,1
3196143,9.807041243243608,9
3196149,9.915501280714304,6
3196162,9.740341805651337,13
3196167,9.914058065768087,5
3196172,9.911155076779908,5
3196175,9.954662997908711,3
3196176,10.0,1
3196177,10.0,1
3196198,9.512401705267337,21
3196207,9.810151092566414,9
3196214,9.879182870117898,7
3196224,9.794225068617681,10
3196229,9.908896299075737,5
3196232,9.950972285334643,3
3196242,8.539295204553465,10
3196250,9.849694698024061,8
3196259,9.831996213440915,9
3196266,9.790742454701101,7
3196279,9.69838374773886,13
3196280,10.0,1
3196288,9.87136543124615,8
3196295,9.884345963502279,7
3196303,9.848378543505603,8
3196310,9.873922469443528,7
3196315,9.923708159460574,5
3196325,9.80904474743025,10
3196329,9.94487438520765,4
3196337,9.832906278532667,8
3196342,9.926365158571741,5
3196350,9.843572964752184,8
3196372,9.460724867655749,22
3196381,9.83790039557186,9
3196396,9.682502053091808,15
3196405,9.814616096992575,9
3196415,9.804276470407888,10
3196416,9.996153456239467,1
3196424,9.854958614885494,8
3196429,9.91774664927072,5
3196439,9.806441862703824,10
3196447,9.838002252602788,8
3196459,9.624338938619678,12
3196466,9.882698753145059,7
3196474,9.864810440659351,8
3196481,9.871622293976264,7
3196482,10.0,1
3196483,10.0,1
3196484,10.0,1
3196490,9.873083060790245,6
3196500,9.808895589805742,10
3196504,9.931290048886286,4
3196508,9.93847440562832,4
3196516,9.818876542905052,8
3196520,9.947766606412104,4
3196531,9.763831062442993,11
3196544,9.7048091927372,13
3196556,9.782278015587181,12
3196563,9.876832028795462,7
3196569,9.808445879901573,6
3196581,9.723702070267478,12
3196594,9.700170417190993,13
3196601,9.866152188931833,7
3196611,9.784056826535886,10
3196617,9.896847340358196,6
3196626,9.814034039703296,9
3196628,9.97214732213704,2
3196639,9.770384265764388,11
3196650,9.750458631925639,11
3196658,9.85759426196834,8
3196672,9.697154254242873,14
3196690,9.61654249547803,18
3196691,10.0,1
3196708,9.602666771603102,17
3196709,9.989408748042607,1
3196722,9.71917802043413,13
3196735,9.685423501804335,13
3196754,9.609637180979279,19
3196769,9.65927032491617,15
3196780,9.792129833253231,11
3196781,10.0,1
3196793,9.742489959031523,12
3196794,10.0,1
3196795,9.99637239272343,1
3196809,9.67670919296796,14
3196812,9.970587724101405,3
3196814,9.982712986688234,2
3196824,9.816737148340797,10
3196834,9.79046774139582,10
3196843,9.82650426748103,9
3196851,9.84855704540343,8
3196857,9.874343436461343,6
3196864,9.875823701069969,7
3196877,9.693752447501229,13
3196883,9.878026250518115,6
3196893,9.787775843069682,10
3196903,9.798352975534565,10
3196910,9.86488008945879,7
3196918,9.85263435969394,8
3196927,9.799972237350195,9
3196929,9.97869908977544,2
3196938,9.842410435495793,9
3196948,9.816109819489737,10
3196949,10.0,1
3196957,9.851343180118777,8
3196968,9.752466907197292,11
3196977,9.812759134180641,9
3196985,9.868134146904369,8
3196997,9.747098140249319,12
3197013,9.650594533361941,16
3197021,9.837106908741998,8
3197031,9.78362442641722,10
3197038,9.882780356229098,7
3197046,9.853856920506452,8
3197050,9.932848531202053,4
3197059,9.80353530971467,9
3197069,9.769120802596431,10
3197070,9.996318036433234,1
3197076,9.903203937748284,6
3197082,9.876081127445296,6
3197083,10.0,1
3197094,9.80030573768803,11
3197099,9.91699191195159,5
3197100,9.987398411549599,1
3197111,9.781285870896573,11
3197112,10.0,1
3197117,9.92372371194453,5
3197122,9.894049849823386,5
3197129,9.878212561157325,7
3197130,10.0,1
3197138,9.82716426298347,8
3197149,9.803515955108137,11
3197154,9.925997096884487,5
3197160,9.876371977196731,6
3197170,9.785689090740467,10
3197177,9.859769653007776,7
3197190,9.718021086297313,13
3197193,9.961210479285999,3
3197201,9.857461678828981,8
3197209,9.855152486482922,8
3197221,9.79296854142686,12
3197228,9.860449306138666,7
3197241,9.698328251546755,13
3197268,9.477391424052282,27
3197275,9.86915357276108,7
3197279,9.928981671819168,4
3197282,9.969827441717243,3
3197295,9.724059084025017,13
3197297,9.972432579551356,2
3197298,10.0,1
3197302,9.93005258478959,4
3197306,9.937962330097708,4
3197307,10.0,1
3197319,9.743582279196385,12
3197325,9.896670669542631,6
3197330,9.928061529265833,5
3197338,9.835100461269668,8
3197339,9.992212391194885,1
3197352,9.730383443269448,13
3197362,9.802355150593074,10
3197365,9.957381934815064,3
3197371,9.907799803819346,6
3197380,9.80940009919325,9
3197385,9.92725191055768,5
3197386,10.0,1
3197397,9.761443596110485,11
3197402,9.907163372277955,5
3197415,9.473811774473662,13
3197417,9.982968247914707,2
3197430,9.734254047807369,13
3197433,9.959054017841247,3
3197444,9.781806290767065,11
3197445,10.0,1
3197460,9.669806488142727,15
3197473,9.729564251139747,13
3197483,9.778298851502006,10
3197489,9.873726282912198,6
3197494,9.930503127200165,5
3197506,9.740115081623129,12
3197527,9.483278381575255,21
3197540,9.750363186350306,13
3197547,9.904780661784272,7
3197557,9.775195871475967,10
3197558,10.0,1
3197567,9.814698417838803,9
3197578,9.784578546880326,11
3197586,9.856293296533874,8
3197592,9.88490857516449,6
3197602,9.781317988213203,10
3197618,9.677765226997977,16
3197623,9.905779823918175,5
3197629,9.887308789191705,6
3197640,9.778422313531799,11
3197651,9.7760440345423,11
3197660,9.822033236023017,9
3197669,9.806392286068974,9
3197675,9.888103677161647,6
3197681,9.901358786542684,6
3197682,10.0,1
3197688,9.884116473776077,6
3197704,9.510447427863195,16
3197714,9.770386954863351,10
3197727,9.766976493119216,13
3197731,9.930737548686736,4
3197735,9.938866257922733,4
3197747,9.718100226555306,12
3197755,9.839652179822993,8
3197768,9.505741779292954,13
3197783,9.66074828366375,15
3197790,9.872131847008102,7
3197792,9.972187826856013,2
3197798,9.890286744394974,6
3197800,9.977584807454384,2
3197808,9.848023381127174,8
3197817,9.832807197910423,9
3197824,9.862520235575744,7
3197833,9.802327488777266,9
3197837,9.946642604317496,4
3197849,9.745531079338162,12
3197860,9.750610413125502,11
3197866,9.888287858058737,6
3197874,9.85950833685501,8
3197887,9.763168850225641,13
3197894,9.853889293197703,7
3197905,9.759183374274546,11
3197917,9.732233992412157,12
3197927,9.770284706018153,10
3197933,9.90354160407138,6
3197938,9.919700229969255,5
3197942,9.939067917509472,4
3197950,9.85854543079229,8
3197958,9.878266799134552,8
3197965,9.885011461801017,7
3197971,9.889431524871195,6
3197978,9.865514997266404,7
3197985,9.888713183892284,7
3198000,9.606725210601807,15
3198008,9.84302689838396,8
3198012,9.95129000894806,4
3198015,9.960063600741169,3
3198022,9.887706283528232,7
3198034,9.74754429185307,12
3198050,9.683780102775824,16
3198059,9.538621971368773,9
3198066,9.853179032476842,7
3198071,9.909399360124306,5
3198077,9.89987939203574,6
3198086,9.829271806258369,9
3198090,9.932027960228696,4
3198093,9.951575970690575,3
3198104,9.790224927098874,11
3198105,10.0,1
3198113,9.643518137169455,8
3198126,9.709396402331999,13
3198133,9.886577163457998,7
3198138,9.915779118536173,5
3198149,9.776187318895477,11
3198158,9.837112364783492,9
3198170,9.735540187809198,12
3198179,9.814297617934287,9
3198189,9.782675711184257,10
3198202,9.744815629276236,13
3198207,9.907888976736444,5
3198212,9.912472224770312,5
3198221,9.812519256621263,9
3198232,9.824971169320126,11
3198239,9.869161124764933,7
3198246,9.881583384960207,7
3198251,9.923670733089322,5
3198255,9.946638234066773,4
3198258,9.966154351398467,3
3198263,9.904141960173805,5
3198270,9.863885896197775,7
3198282,9.76614501455951,12
3198287,9.915454207322405,5
3198292,9.911383676571479,5
3198305,9.696522717475114,13
3198318,9.714010186715184,13
3198323,9.918943617541595,5
3198325,9.97381326316454,2
3198333,9.87094273297716,8
3198343,9.782849130303438,10
3198355,9.75553404077405,12
3198366,9.771975135040398,11
3198373,9.88024472058373,7
3198374,10.0,1
3198382,9.834105355742985,8
3198388,9.889260795538506,6
3198391,9.956808178137196,3
3198409,9.591977067224295,18
3198416,9.879536291233126,7
3198417,10.0,1
3198421,9.93723770388628,4
3198424,9.944885574894327,3
3198436,9.722399931059252,12
3198441,9.908633865018652,5
3198451,9.81302251358864,10
3198461,9.799224270424196,10
3198462,10.0,1
3198463,10.0,1
3198472,9.818673119600577,9
3198479,9.864002911646464,7
3198493,9.655645128642693,14
3198505,9.721967636317475,12
3198516,9.751976976946263,11
3198523,9.875927239048835,7
3198537,9.669261841084447,14
3198545,9.731546752893927,8
3198553,9.853382520884944,8
3198561,9.835407663149823,8
3198565,9.940641657638858,4
3198580,9.702866454484097,15
3198590,9.798370612766908,10
3198602,9.722736478310194,12
3198617,9.667872541229691,15
3198624,9.870960454916279,7
3198629,9.922931663865485,5
3198634,9.897842545574292,5
3198635,10.0,1
3198641,9.89310539079185,6
3198651,9.804850658437504,10
3198660,9.811882370394098,9
3198675,9.459235273058122,15
3198676,9.99608244443936,1
3198680,9.933647176746312,4
3198690,9.777445532900302,10
3198696,9.884988666156831,6
3198702,9.893436287057774,6
3198704,9.984318065747015,2
3198711,9.869637045166538,7
3198729,9.47743777835588,18
3198740,9.774985743667736,11
3198753,9.707177925741538,13
3198763,9.777570322796867,10
3198767,9.935039202544468,4
3198770,9.959246263835041,3
3198779,9.805582039018063,9
3198787,9.631978206677061,8
3198799,9.761920499999063,12
3198803,9.931062082849563,4
3198816,9.701817825354876,13
3198827,9.79386227932457,11
3198837,9.790266512203104,10
3198866,9.445016477868277,29
3198872,9.897877141294325,6
3198877,9.917230858716886,5
3198892,9.650760366708143,15
3198902,9.797004650882084,10
3198905,9.966693544072857,3
3198909,9.950013679495372,4
3198910,10.0,1
3198919,9.82654368869176,9
3198923,9.940612992769077,4
3198924,9.989972117615977,1
3198925,10.0,1
3198926,10.0,1
3198936,9.818177081272111,10
3198952,9.643778189757205,16
3198957,9.907342319037067,5
3198965,9.850710799924677,8
3198966,9.996215285081409,1
3198974,9.84894679813923,8
3198981,9.877463223722504,7
3198988,9.871602003136891,7
3198989,10.0,1
3198990,10.0,1
3199001,9.768173941313504,11
3199002,10.0,1
3199016,9.682604278014189,14
3199029,9.695676699381263,13
3199040,9.781596981134888,11
3199053,9.708615297536141,13
3199058,9.926200951643127,5
3199074,9.597862635661011,16
3199085,9.755802277802136,11
3199096,9.6617750656441,11
3199108,9.727076654141502,12
3199112,9.927808855282102,4
3199113,9.992027079930322,1
3199128,9.675494808661618,15
3199135,9.85832235446021,7
3199142,9.886013751752367,7
3199147,9.908711096445977,5
3199158,9.752985587459646,11
3199162,9.947350890640001,4
3199168,9.886190091722238,6
3199183,9.650432666411632,15
3199196,9.61671677820023,13
3199202,9.891552552347564,6
3199211,9.850045849087534,9
3199217,9.887965100322242,6
3199224,9.858925884654704,7
3199234,9.815381222627181,10
3199244,9.777540036185988,10
3199254,9.777500968203823,10
3199264,9.80134780567445,10
3199277,9.692839292283939,13
3199284,9.877516484724731,7
3199295,9.795092514004256,11
3199302,9.8694086046592,7
3199309,9.865551397060282,7
3199320,9.79207363876705,11
3199321,10.0,1
3199328,9.871036762915306,7
3199343,9.66333020083203,15
3199344,10.0,1
3199348,9.932478763301523,4
3199357,9.82500773120144,9
3199362,9.921026082291368,5
3199374,9.781471665564633,12
3199380,9.88893023313558,6
3199393,9.708872335857677,13
3199400,9.872562392035086,7
3199412,9.727482135737064,12
3199425,9.696992241483976,13
3199430,9.898324862414281,5
3199431,10.0,1
3199445,9.391396994459818,14
3199452,9.864907842273048,7
3199458,9.920921941469189,6
3199469,9.768272663383472,11
3199471,9.971468163644714,2
3199489,9.585281416432196,18
3199493,9.950871799786096,4
3199507,9.677424525580916,14
3199513,9.888529201889574,6
3199520,9.858419711837842,7
3199521,10.0,1
3199525,9.930644636420507,4
3199526,10.0,1
3199535,9.836058119653995,9
3199542,9.866380588218762,7
3199548,9.891549967390791,6
3199561,9.34708697981996,13
3199565,9.743400898746618,4
3199574,9.824479799543079,9
3199582,9.837195392876378,8
3199593,9.812367006918342,11
3199602,9.80422040662139,9
3199611,9.8139504399719,9
3199612,10.0,1
3199621,9.851066066039987,9
3199636,9.69923765642971,15
3199637,9.996348380378347,1
3199640,9.949319344880456,3
3199649,9.83671363024773,9
3199661,9.729772317167813,12
3199666,9.93043260362782,5
3199683,9.66042257041284,17
3199697,9.681001070872377,14
3199707,9.794389065287623,10
3199728,9.565984664157446,21
3199739,9.749882837556829,11
3199755,9.623076232505785,16
3199763,9.8380014633821,8
3199768,9.939788255236808,5
3199769,10.0,1
3199773,9.937668246181303,4
3199780,9.876954892690794,7
3199790,9.78420991032112,10
3199796,9.89234813890864,6
3199809,9.721423932709225,13
3199810,10.0,1
3199817,9.863852664998673,7
3199828,9.760974736393669,11
3199833,9.934564863277059,5
3199838,9.908271523170127,5
3199845,9.876897602737488,7
3199855,9.843345329137131,10
3199857,9.974855260956437,2
3199864,9.900080876580112,7
3199873,9.819302126209633,9
3199874,10.0,1
3199881,9.867190106350666,7
3199889,9.830613805232458,8
3199901,9.71831450416389,12
3199909,9.816346106617702,8
3199921,9.736056062087256,12
3199922,10.0,1
3199925,9.95700959321247,3
3199930,9.904342402051736,5
3199939,9.845481615271266,9
3199943,9.947791626077072,4
3199952,9.801506093772534,9
3199965,9.740941515247382,13
3199975,9.828646408124746,10
3199991,9.63967536380536,16
3199996,9.897989533773618,5
3200002,9.88403826877606,6
3200014,9.754931532480475,12
3200021,9.859985924541617,7
3200023,9.969353571251222,2
3200027,9.940013841594434,4
3200031,9.926771951506348,4
3200039,9.844334270761845,8
3200046,9.857500760504625,7
3200047,10.0,1
3200055,9.830490188064385,8
3200063,9.83491669904699,8
3200073,9.768679536696743,10
3200074,10.0,1
3200080,9.877674603237798,6
3200090,9.765134928687756,10
3200100,9.790902315468239,10
3200104,9.948168354927752,4
3200113,9.834227241496075,9
3200118,9.895175250539076,5
3200136,9.631789967962614,18
3200142,9.875824499655812,6
3200147,9.925554713956144,5
3200160,9.723976898027768,13
3200170,9.806931677315504,10
3200179,9.835229087935497,9
3200199,9.534854186462924,20
3200209,9.809211456363396,10
3200216,9.865812265636734,7
3200224,9.854446595159372,8
3200237,9.71344692705071,13
3200245,9.839366326750428,8
3200249,9.92282525405032,4
3200252,9.946597710108325,3
3200253,10.0,1
3200262,9.842365974777149,9
3200274,9.762116433814434,12
3200282,9.851815285420049,8
3200285,9.970955306894403,3
3200295,9.80830633390011,10
3200308,9.737413550412217,13
3200311,9.764691291440768,3
3200316,9.905621082126041,5
3200326,9.771902114668936,10
3200336,9.798270077242604,10
3200342,9.891166394188586,6
3200349,9.862736748343682,7
3200362,9.734405100980316,13
3200370,9.82366151900448,8
3200380,9.781997727799045,10
3200389,9.617347914743693,9
3200401,9.744571712378088,12
3200406,9.915466080681226,5
3200415,9.828595984429427,9
3200422,9.875368022974833,7
3200433,9.78411157032107,11
3200450,9.597641075158236,17
3200451,9.99205567386935,1
3200452,10.0,1
3200460,9.816298749179737,8
3200472,9.722693272881534,12
3200482,9.794100436774952,10
3200493,9.759203660595489,11
3200494,9.98964020866258,1
3200502,9.839771876309204,8
3200517,9.664132206006192,15
3200524,9.861484692689436,7
3200538,9.701490407910947,14
3200546,9.832508004065385,8
3200547,10.0,1
3200563,9.628898928027505,16
3200564,9.99641332906385,1
3200566,9.985763800721022,2
3200578,9.753248847695144,12
3200596,9.590357573517894,18
3200613,9.641710691374568,17
3200623,9.845692246959635,10
3200624,10.0,1
3200631,9.883060004153021,7
3200647,9.642831377910442,16
3200661,9.73163464237299,14
3200662,10.0,1
3200671,9.853032383293659,9
3200672,10.0,1
3200673,10.0,1
3200679,9.907423490355034,6
3200687,9.872278408875756,8
3200691,9.948746789320595,4
3200696,9.927422434571314,5
3200707,9.770440756247652,11
3200715,9.846327719229109,8
3200722,9.857971149131581,7
3200728,9.584669323101213,6
3200740,9.715230520607507,12
3200750,9.784752605212685,10
3200751,10.0,1
3200754,9.950133139190514,3
3200764,9.791008564393449,10
3200776,9.733896237046894,12
3200786,9.799575847199476,10
3200794,9.831141567685084,8
3200797,9.960668273580929,3
3200801,9.94202709440363,4
3200815,9.494860738601432,14
3200828,9.704425965953037,13
3200840,9.741285593817445,12
3200849,9.813453777160852,9
3200852,9.95894502153883,3
3200858,9.896535315342211,6
3200873,9.638000473377693,15
3200879,9.903302190632596,6
3200890,9.763647155244922,11
3200900,9.786375223989106,10
3200901,10.0,1
3200906,9.916260960897109,5
3200913,9.899922524194041,7
3200926,9.616081742213096,13
3200938,9.781731415953796,12
3200948,9.857219576829284,10
3200955,9.877107828971894,7
3200956,10.0,1
3200959,9.960012757347911,3
3200972,9.720465245027153,13
3200981,9.800738264817259,9
3200986,9.902011645002824,5
3200987,10.0,1
3200993,9.873227184669506,6
3201010,9.625016423174925,17
3201013,9.961015037957873,3
3201024,9.748910196003163,11
3201038,9.698091187339696,14
3201050,9.75158099392247,12
3201063,9.705525520911936,13
3201064,10.0,1
3201077,9.709413027472179,13
3201078,10.0,1
3201079,10.0,1
3201085,9.872072562136806,6
3201097,9.758541104305598,12
3201102,9.93133448621908,5
3201111,9.82156801557478,9
3201115,9.941875128027283,4
3201122,9.85751755595368,7
3201132,9.821281522597593,10
3201139,9.85911185438768,7
3201145,9.902191950884225,6
3201155,9.801135052138132,10
3201168,9.715662371975032,13
3201172,9.944108298603128,4
3201183,9.765251881023541,11
3201184,10.0,1
3201187,9.950822455228183,3
3201190,9.962253765868791,3
3201196,9.905158875886604,6
3201206,9.79185714708199,10
3201217,9.79393925428303,11
3201226,9.826190445441359,9
3201227,10.0,1
3201232,9.907189572902501,5
3201236,9.933495422470246,4
3201249,9.732040708227851,13
3201264,9.65844616389014,15
3201274,9.841101413962,10
3201278,9.927425759783642,4
3201289,9.785129517612786,11
3201294,9.918679495760266,5
3201304,9.77939356277438,10
3201307,9.967578136804118,3
3201312,9.92142217666017,5
3201317,9.91347380718051,5
3201321,9.935555614607969,4
3201331,9.783426636846738,10
3201348,9.62380393077727,17
3201349,10.0,1
3201382,4.077765227595784,33
3201385,9.961389794481986,3
3201393,9.84516123666186,8
3201397,9.929854380655165,4
3201398,10.0,1
3201399,10.0,1
3201405,9.88495219232272,6
3201412,9.871124069694531,7
3201421,9.807574972631407,9
3201434,9.705116469906065,13
3201442,9.837156061894415,8
3201459,9.57476397506941,17
3201464,9.925432731762601,5
3201478,9.669538527100634,14
3201491,9.718083521568705,13
3201498,9.882421577059574,7
3201504,9.889426562284694,6
3201513,9.806845785445898,9
3201524,9.773490940771463,11
3201533,9.788479409146579,9
3201546,9.73199310949878,13
3201550,9.931618941062236,4
3201565,9.659305950689133,15
3201577,9.722939855490056,12
3201585,9.84561320320688,8
3201592,9.873899861048082,7
3201601,9.84950639846687,9
3201612,9.756183481918685,11
3201618,9.915108538931179,6
3201631,9.754933505959277,13
3201642,9.794135683305088,11
3201651,9.803789318113381,9
3201659,9.827566119564727,8
3201664,9.917729032773554,5
3201668,9.94087118947672,4
3201676,9.82493022273671,8
3201680,9.936182049295354,4
3201689,9.848284470521127,9
3201699,9.796550092021551,10
3201700,9.988514235021219,1
3201701,9.996559315600177,1
3201702,10.0,1
3201712,9.789540648448119,10
3201722,9.796837132302318,10
3201730,9.857208485366208,8
3201739,9.838640448490475,9
3201747,9.846124082750217,8
3201755,9.869788058954889,8
3201763,9.81991700090234,8
3201769,9.886752190921035,6
3201775,9.892152396959997,6
3201780,9.915489336598094,5
3201785,9.92697367533785,5
3201798,9.712701310235337,13
3201799,10.0,1
3201804,9.913686465140836,5
3201808,9.929265973769684,4
3201814,9.875565872200799,6
3201822,9.833217936713663,8
3201827,9.921976946559738,5
3201840,9.731109129089266,13
3201847,9.864816705257653,7
3201860,9.693526920409829,13
3201867,9.877969142240458,7
3201872,9.90725310251612,5
3201873,10.0,1
3201878,9.909722446114207,5
3201886,9.829819858538999,8
3201900,9.71403984357694,14
3201901,10.0,1
3201906,9.90083269544543,5
3201919,9.773415560971053,13
3201923,9.940020808258616,4
3201928,9.919767114571087,5
3201936,9.85829012036452,8
3201942,9.900459405860602,6
3201945,9.951370924363596,3
3201951,9.89372376826149,6
3201960,9.822461391856777,9
3201962,9.985349209182548,2
3201964,9.968754292227958,2
3201975,9.769402743999544,11
3201981,9.919409409502746,6
3201994,9.736645587069868,13
3202005,9.77263066006542,11
3202024,9.522362124203108,19
3202028,9.931114460229903,4
3202037,9.844446518204071,9
3202050,9.728833206554294,13
3202058,9.826309510976765,8
3202072,9.67564772488513,14
3202081,9.815935417852634,9
3202088,9.86072267904598,7
3202099,9.74822325205766,11
3202106,9.876160701084101,7
3202110,9.943852378040301,4
3202120,9.789180014306188,10
3202131,9.750011664031987,11
3202142,9.760359358370174,11
3202159,9.629978192608833,17
3202166,9.867998808405776,7
3202167,10.0,1
3202184,9.45168428783336,17
3202185,10.0,1
3202199,9.69240765328872,14
3202200,10.0,1
3202216,9.644487300439364,16
3202222,9.907292669214367,6
3202231,9.809176283708172,9
3202237,9.884195505459473,6
3202245,9.867642394276265,8
3202266,9.56890980904446,21
3202267,10.0,1
3202277,9.79934803873618,10
3202287,9.779695079477953,10
3202303,9.63124745136297,16
3202316,9.704188202222552,13
3202322,9.92309729275639,6
3202333,9.778214185878406,11
3202338,9.907042036287852,5
3202345,9.8712564286049,7
3202351,9.883842461105726,6
3202357,9.892391084159836,6
3202358,10.0,1
3202371,9.70819321055337,13
3202372,10.0,1
3202379,9.875715286423146,7
3202389,9.796959846193461,10
3202396,9.849893102210896,7
3202406,9.782310909449283,10
3202407,10.0,1
3202408,10.0,1
3202420,9.750967305292836,12
3202428,9.835378749930559,8
3202439,9.824279898207003,11
3202444,9.919694195557813,5
3202449,9.925219009177948,5
3202458,9.843022720292492,9
3202471,9.706701361813247,13
3202487,9.532133658807222,16
3202496,9.616440554206704,9
3202511,9.641694147486673,15
3202518,9.872749869433422,7
3202530,9.737385474537518,12
3202539,9.809466741086684,9
3202546,9.867657221840604,7
3202549,9.952057604030777,3
3202563,9.703466380675128,14
3202573,9.8109245496183,10
3202574,10.0,1
3202579,9.928214022061777,5
3202592,9.710291190332029,13
3202607,9.69361287061611,15
3202610,9.95224842896469,3
3202622,9.75981133847613,12
3202634,9.742732086974907,12
3202636,9.975263043018778,2
3202643,9.867029070203419,7
3202655,9.757378337882763,12
3202656,10.0,1
3202657,10.0,1
3202658,10.0,1
3202663,9.909548152487195,5
3202668,9.904732403910346,5
3202672,9.926078653148865,4
3202677,9.898313673041269,5
3202692,9.678614671153387,15
3202701,9.857348394903084,9
3202705,9.723866131139054,4
3202706,10.0,1
3202707,10.0,1
3202708,10.0,1
3202710,9.976675954183225,2
3202726,9.627856322944124,16
3202730,9.938129195149857,4
3202738,9.832352462393558,8
3202747,9.810744305022775,9
3202748,10.0,1
3202758,9.789319823278895,10
3202766,9.838377924402225,8
3202776,9.794458063065008,10
3202784,9.832783637524056,8
3202794,9.58323974046776,10
3202803,9.813391978052252,9
3202810,9.877614142820041,7
3202812,9.975289956757468,2
3202816,9.93704539317834,4
3202830,9.70546720316163,14
3202850,9.555001327677568,20
3202860,9.764716144746743,10
3202885,9.457767165968576,25
3202889,9.942003909658794,4
3202901,9.742213390379996,12
3202914,9.402190775935894,13
3202920,9.882200931384963,6
3202927,9.895305756553778,7
3202933,9.898526668417349,6
3202945,9.770931697251285,12
3202953,9.84169124603016,8
3202960,9.879324938603316,7
3202966,9.882885606012112,6
3202976,9.784249763242197,10
3202981,9.915264226197479,5
3202985,9.9417463689913,4
3202993,9.857328863327824,8
3203005,9.76540549089283,12
3203006,10.0,1
3203012,9.895065289010663,6
3203027,9.680215094384113,15
3203030,9.955477780474766,3
3203040,9.827962455616225,10
3203053,9.720701001017874,13
3203060,9.872314437538298,7
3203076,9.62734890048879,16
3203082,9.882290331063674,6
3203093,9.764285456922773,11
3203104,9.742189771966352,11
3203105,10.0,1
3203116,9.785952719439548,11
3203122,9.893329988470086,6
3203128,9.906631073220595,6
3203136,9.840866609119717,8
3203140,9.945787097970928,4
3203152,9.743022446231551,12
3203157,9.921871677476869,5
3203165,9.875634413833316,8
3203174,9.801776160050887,9
3203175,9.996284799337387,1
3203181,9.905199579927425,6
3203195,9.689941002603545,14
3203201,9.903275239217232,6
3203215,9.667111754164804,14
3203225,9.803957821483413,10
3203238,9.720229823063315,13
3203245,9.87086300380888,7
3203252,9.870684472163324,7
3203257,9.932738448690404,5
3203258,10.0,1
3203260,9.871997384067534,2
3203263,9.958951514151222,3
3203269,9.90347020852631,6
3203282,9.731031107214985,13
3203295,9.705246503010674,13
3203309,9.698820474649123,14
3203313,9.736938940118273,4
3203314,10.0,1
3203322,9.830327519157713,8
3203330,9.826551017780666,8
3203338,9.846904147762967,8
3203348,9.796519834885752,10
3203376,9.438481866601972,28
3203386,9.811546965154639,10
3203389,9.954556406545953,3
3203399,9.599847475263385,10
3203410,9.758307802031075,11
3203416,9.894598667125667,6
3203426,9.799592485710912,10
3203436,9.789857475864808,10
3203446,9.771221599663512,10
3203449,9.967221088321352,3
3203453,9.943046955291045,4
3203475,9.487832528991683,22
3203487,9.543264332289663,12
3203490,9.956033708296923,3
3203491,9.992889570597614,1
3203499,9.83351538516863,8
3203503,9.950892808689208,4
3203504,10.0,1
3203512,9.85176655310434,8
3203519,9.890982248330001,7
3203531,9.70243814937417,12
3203532,10.0,1
3203540,9.86330164970441,8
3203552,9.764738478370713,12
3203563,9.748376763430514,11
3203572,9.818027865277385,9
3203587,9.684089703652804,15
3203600,9.675336069932657,13
3203608,9.843846415728532,8
3203613,9.90861912611317,5
3203620,9.883685618333809,7
3203632,9.713383213369546,12
3203633,10.0,1
3203641,9.845295628140503,8
3203642,10.0,1
3203654,9.563377194487758,12
3203659,9.90343387019661,5
3203663,9.936171875267869,4
3203670,9.87642687411594,7
3203671,10.0,1
3203681,9.788306237120677,10
3203693,9.741841966846822,12
3203699,9.878687656512454,6
3203712,9.7112708652697,13
3203715,9.9464621752117,3
3203728,9.692909328873204,13
3203729,10.0,1
3203741,9.754720577110051,12
3203750,9.815125696456882,9
3203761,9.756708462526875,11
3203769,9.831208983192699,8
3203772,9.954274907461677,3
3203776,9.926817627354582,4
3203786,9.799375339001434,10
3203796,9.827218417823042,10
3203801,9.933925457239198,5
3203808,9.849827887626768,7
3203818,9.795951246278824,10
3203823,9.909128237878862,5
3203834,9.731338225453012,11
3203841,9.865455494362767,7
3203846,9.924342993821172,5
3203847,10.0,1
3203851,9.947419729103949,4
3203854,9.97036522705806,3
3203858,9.937198173431451,4
3203870,9.725207538035317,12
3203875,9.925842691611422,5
3203884,9.822836452016672,9
3203890,9.90234459669988,6
3203897,9.883264310925282,7
3203905,9.862799318408637,8
3203910,9.92940418223395,5
3203922,9.74569116986026,12
3203934,9.725546306508544,12
3203944,9.777303582292124,10
3203952,9.848173793751505,8
3203966,9.711230467679826,14
3203973,9.875962046796953,7
3203974,10.0,1
3203982,9.847383563616797,8
3203992,9.782261614884796,10
3204004,9.793329573182666,12
3204005,10.0,1
3204020,9.67542864625186,15
3204036,9.658208771318183,16
3204043,9.861395145383645,7
3204051,9.742645785370485,8
3204052,10.0,1
3204055,9.959722208078988,3
3204059,9.938000816908877,4
3204077,9.588038209654547,18
3204085,9.836817427751795,8
3204086,9.995925785336949,1
3204099,9.787995903969728,13
3204115,9.671803981550376,16
3204124,9.827431780720602,9
3204135,9.77677638237413,11
3204141,9.899979130996723,6
3204142,10.0,1
3204157,9.671878018933324,15
3204169,8.945940120440193,12
3204183,9.6869569712885,14
3204192,9.810068786358139,9
3204193,10.0,1
3204206,9.735305129399237,13
3204217,9.787420757262462,11
3204233,9.675432065700408,16
3204238,9.915362506695896,5
3204248,9.775472761305416,10
3204254,9.885204598749564,6
3204262,9.865604207984905,8
3204266,9.94092822509831,4
3204276,9.785029359443211,10
3204277,10.0,1
3204290,9.729436675069763,13
3204302,9.745156255761675,12
3204312,9.806510047869029,10
3204322,9.827295909347113,10
3204331,9.845468532377945,9
3204336,9.911201847509542,5
3204345,9.82570187453494,9
3204356,9.74965356277281,11
3204369,9.757419519187192,13
3204373,9.945165949086888,4
3204381,9.853160155595866,8
3204386,9.897604786974926,5
3204389,9.964793649647659,3
3204392,9.956102249790522,3
3204400,9.834118963460229,8
3204416,9.694851912803141,16
3204426,9.76390390067815,10
3204433,9.87957288144133,7
3204447,9.674910721860899,14
3204448,10.0,1
3204449,10.0,1
3204464,9.668455307147656,15
3204468,9.922184921022412,4
3204469,10.0,1
3204482,9.738740614258587,13
3204494,9.718776526272077,12
3204514,9.554857457388469,20
3204521,9.85446198169301,7
3204526,9.922422498443332,5
3204537,9.757042232686237,11
3204544,9.885192327818679,7
3204550,9.911449736259764,6
3204553,9.954433645951317,3
3204565,9.750591942518778,12
3204576,9.380432551201254,11
3204583,9.867584798765582,7
3204593,9.752576596157374,10
3204602,9.811565030607678,9
3204612,9.796944022841952,10
3204615,9.968146047687982,3
3204620,9.91407844209537,5
3204631,9.745004213180659,11
3204640,9.830147041593952,9
3204656,9.631180783719328,16
3204668,9.74871033956118,12
3204679,9.738337205503472,11
3204689,9.782297608391993,10
3204692,9.950329910465742,3
3204701,9.806911713884867,9
3204704,9.952985253079786,3
3204715,9.780059712237902,11
3204718,9.961371425283705,3
3204727,9.840590618946347,9
3204733,9.904840309951169,6
3204740,9.877564866161645,7
3204751,9.7626870850749,11
3204755,9.942494681510851,4
3204758,9.96097663605057,3
3204769,9.790982792050618,11
3204779,9.798733747669095,10
3204787,9.843279916068036,8
3204800,9.709218489082584,13
3204811,9.739189234831773,11
3204819,9.856397698903764,8
3204824,9.897680076137094,5
3204828,9.950439008823514,4
3204834,9.903519393495937,6
3204835,10.0,1
3204849,9.281245275490713,14
3204859,9.766789985906332,10
3204863,9.932278630151625,4
3204878,9.652265982437257,15
3204895,9.618370693756855,17
3204904,9.818591318107691,9
3204909,9.930435862084527,5
3204922,9.686348768263278,13
3204932,9.782156609389146,10
3204947,9.732143560897292,15
3204950,9.9547935023013,3
3204954,9.939198568825487,4
3204965,9.823666249682653,11
3204970,9.938216571127333,5
3204982,9.72973389196399,12
3204994,9.726722902372199,12
3205004,9.81018911086107,10
3205013,9.826905473246583,9
3205021,9.87339967901627,8
3205024,9.965309222554039,3
3205037,9.689720629624889,13
3205052,9.674609872343517,15
3205062,9.759846757956726,10
3205069,9.856441345761885,7
3205078,9.829383537994191,9
3205083,9.911155972184433,5
3205100,9.61602534912287,17
3205105,9.924429808074485,5
3205112,9.877842180306246,7
3205118,9.903857345230493,6
3205121,9.965139507522817,3
3205125,9.934908710808857,4
3205135,9.787125186576155,10
3205140,9.91782458697011,5
3205149,9.799836385063312,9
3205157,9.849170418498266,8
3205158,10.0,1
3205169,9.767162237535553,11
3205174,9.924938986423872,5
3205183,9.807650982416728,9
3205184,10.0,1
3205185,10.0,1
3205193,9.844705625632056,8
3205201,9.768114093903694,8
3205202,10.0,1
3205212,9.785343519134084,10
3205224,9.720248483820223,12
3205233,9.786862603428846,9
3205241,9.850128462981532,8
3205244,9.95626279493585,3
3205249,9.919955469957124,5
3205259,9.774531721400285,10
3205260,10.0,1
3205269,9.831977643872898,9
3205277,9.833944834136263,8
3205282,9.906331593708707,5
3205287,9.900915176732383,5
3205294,9.88559961854084,7
3205306,9.717324493531235,12
3205313,9.877462376940139,7
3205323,9.790315110943963,10
3205337,9.687300145785906,14
3205346,9.849905141426476,9
3205364,9.643924063007981,18
3205371,9.890541823200817,7
3205386,9.682852005456315,15
3205393,9.872637302975226,7
3205409,9.640159151191137,16
3205421,9.724189915242368,12
3205424,9.95239252243686,3
3205433,9.810032206470222,9
3205449,9.61434963349631,16
3205457,9.718209869604303,8
3205466,9.81217963830361,9
3205472,9.880633916792586,6
3205478,9.897321165780015,6
3205484,9.893275203623478,6
3205492,9.85789628921725,8
3205505,9.715171081841058,13
3205511,9.916751002446139,6
3205512,10.0,1
3205522,9.819985358143759,10
3205527,9.903279243350568,5
3205529,9.981519306793166,2
3205530,10.0,1
3205537,9.848838352508373,7
3205540,9.967019042425813,3
3205550,9.788241483828358,10
3205559,9.81720749423561,9
3205568,9.811295449165263,9
3205572,9.937345319530614,4
3205580,9.842664673807093,8
3205585,9.909744286346834,5
3205590,9.925188287432032,5
3205601,9.802989776886031,11
3205605,9.926672810195274,4
3205613,9.836607731655926,8
3205617,9.945920696518012,4
3205618,10.0,1
3205631,9.489393034855784,13
3205636,9.925375080252168,5
3205637,10.0,1
3205642,9.921876464901707,5
3205653,9.762754273295846,11
3205660,9.858278036361837,7
3205667,9.859040202657795,7
3205668,10.0,1
3205678,9.8017281613734,10
3205688,9.806966328538051,10
3205689,10.0,1
3205702,9.719213805154276,13
3205705,9.957082150931928,3
3205718,9.753266658616027,13
3205727,9.814645232627054,9
3205729,9.975118610026586,2
3205731,9.985302681177629,2
3205743,9.727348977572198,12
3205749,9.903805526103426,6
3205750,10.0,1
3205760,9.815506115909763,10
3205769,9.828500065136925,9
3205776,9.863544851980295,7
3205791,9.683931122370632,15
3205803,9.732871871567783,12
3205804,10.0,1
3205812,9.881844288781727,8
3205830,9.605604512680683,18
3205836,9.874395755887294,6
3205847,9.744888822718274,11
3205870,9.479540989083233,23
3205876,9.887791264952085,6
3205888,9.76201889066139,12
3205896,9.822939406175125,8
3205899,9.962974877291721,3
3205909,9.7965738442435,10
3205914,9.926429087604348,5
3205925,9.762514874182902,11
3205926,10.0,1
3205931,9.92149883195994,5
3205944,9.702736308520207,13
3205950,9.912264252995046,6
3205957,9.878270200756821,7
3205970,9.714748754913932,13
3205976,9.878385806400141,6
3205988,9.557790072629894,12
3205999,9.679212665778408,11
3206009,9.83428736406708,10
3206023,9.714182326899616,14
3206033,9.804614315329253,10
3206041,9.723795574557794,8
3206057,9.604473869577575,16
3206062,9.916194681102088,5
3206063,10.0,1
3206072,9.799523469084324,9
3206082,9.77790560877021,10
3206084,9.985399262290933,2
3206088,9.957344554574645,4
3206095,9.87462657639988,7
3206106,9.774012994021419,11
3206116,9.81750001796213,10
3206132,9.639576633730954,16
3206133,10.0,1
3206146,9.68980799603786,13
3206150,9.946559081966155,4
3206161,9.783394046311937,11
3206167,9.895942796148741,6
3206173,9.888399011086545,6
3206178,9.915825535944467,5
3206190,9.788317381553362,12
3206191,10.0,1
3206201,9.801384106019654,10
3206211,9.785524351942035,10
3206223,9.74132528650544,12
3206237,9.664506147732821,14
3206239,9.981294452181778,2
3206249,9.795547130069524,10
3206259,9.808630099385127,10
3206270,9.752757702167258,11
3206273,9.951670695076029,3
3206281,9.836973744254603,8
3206294,9.735123715611516,13
3206299,9.926141395993522,5
3206309,9.790194405042648,10
3206320,9.79223149707843,11
3206327,9.86049762213089,7
3206330,9.952287122560096,3
3206338,9.85374517441768,8
3206354,9.611893280803102,16
3206358,9.95131120179963,4
3206371,9.727707588279744,13
3206380,9.828842840889418,9
3206392,9.74231372381365,12
3206398,9.884990677191011,6
3206409,9.76340048799322,11
3206417,9.833131783889172,8
3206418,10.0,1
3206428,9.7944420876522,10
3206438,9.784233281800725,10
3206445,9.868095591883336,7
3206451,9.91548605501657,6
3206464,9.724809280773949,13
3206483,9.608101330776373,19
3206498,9.646586659713686,15
3206503,9.918866980568644,5
3206508,9.922308464062418,5
3206518,9.840670214336441,10
3206527,9.818414041132467,9
3206537,9.791931837325945,10
3206548,9.755332008320858,11
3206563,9.645737123495977,15
3206572,9.834718671425522,9
3206582,9.816197839374615,10
3206596,9.67633186842641,14
3206604,9.75201650495684,8
3206616,9.744613417516083,12
3206617,9.996148960142516,1
3206627,9.776090837355499,10
3206628,9.996501612686707,1
3206632,9.943260023608913,4
3206633,9.989840227831762,1
3206636,9.968359133950903,3
3206648,9.74779747427243,12
3206662,9.680130685334507,14
3206676,9.680187454602208,14
3206689,9.739705187529017,13
3206701,9.74058113187226,12
3206709,9.83928301726858,8
3206716,9.862902781448684,7
3206719,9.96112347046916,3
3206723,9.942070772389606,4
3206727,9.938403738287708,4
3206740,9.71197627170783,13
3206744,9.949180341489956,4
3206748,9.941514222501645,4
3206756,9.85135474472584,8
3206767,9.749629535891682,11
3206779,9.744930667586782,12
3206781,9.976809124602006,2
3206782,10.0,1
3206788,9.897574547365116,6
3206808,9.502980395257136,20
3206828,9.416660383194131,20
3206840,9.750834426093716,12
3206841,9.996765561349426,1
3206846,9.895097287691629,5
3206850,9.949125563658997,4
3206851,10.0,1
3206857,9.905258869565479,6
3206866,9.805343084525258,9
3206872,9.880991006460087,6
3206881,9.820165529702598,9
3206887,9.89676659582791,6
3206897,9.817304547123253,10
3206903,9.90386292594924,6
3206913,9.803538018834967,10
3206923,9.802142402747451,10
3206934,9.76365495205779,11
3206942,9.852696987088702,8
3206954,9.764562234770992,12
3206955,10.0,1
3206959,9.92755547426793,4
3206960,10.0,1
3206966,9.90099135175665,6
3206985,9.60319400717879,19
3206986,10.0,1
3206991,9.923760811949895,5
3206992,10.0,1
3206994,9.968368680060474,2
3207006,9.714929593869511,12
3207019,9.718317735714162,13
3207020,10.0,1
3207032,9.739975366291048,12
3207037,9.918003510325548,5
3207049,9.730928503515411,12
3207058,9.841314165906738,9
3207061,9.96402887281092,3
3207064,9.964106966526916,3
3207070,9.895369043104445,6
3207071,10.0,1
3207083,9.725145023822018,12
3207094,9.776006672073317,11
3207095,10.0,1
3207108,9.68400484449141,13
3207112,9.950764714333896,4
3207113,10.0,1
3207118,9.925651148861604,5
3207141,8.250198621290258,23
3207148,9.87037132974331,7
3207161,9.706240013159341,13
3207172,9.781903888587804,11
3207179,9.868625077958042,7
3207187,9.844272691252192,8
3207193,9.909610990392066,6
3207202,9.806831721543709,9
3207207,9.921305445801545,5
3207216,9.81187149548382,9
3207221,9.918284423180854,5
3207222,9.996457577087009,1
3207225,9.956107045590448,3
3207237,9.73320975849737,12
3207241,9.943086680069067,4
3207243,9.971766206264748,2
3207250,9.887932239523675,7
3207257,9.861218600457711,7
3207258,9.988707302056364,1
3207268,9.855015463129735,10
3207284,9.626309165253943,16
3207293,9.855096436487448,9
3207309,9.67768591283501,16
3207316,9.85383557213601,7
3207326,9.788178218839269,10
3207343,9.601882040352969,17
3207350,9.868497811498857,7
3207363,9.694705900795846,13
3207372,9.805308935325435,9
3207383,9.793073933359285,11
3207391,9.830450594400721,8
3207399,9.840348615945091,8
3207408,9.802456162944434,9
3207415,9.888331070954594,7
3207418,9.961894354519542,3
3207424,9.900826737284532,6
3207425,10.0,1
3207429,9.927338423940324,4
3207430,10.0,1
3207451,9.566019878188609,21
3207461,9.820729879959714,10
3207475,9.68823008138767,14
3207480,9.903018802490646,5
3207488,9.828261876623612,8
3207495,9.879474515856888,7
3207504,9.80835343448477,9
3207505,10.0,1
3207512,9.848010609608563,7
3207526,9.704678527562443,14
3207535,9.799939688048559,9
3207538,9.951727749413086,3
3207542,9.941674008278035,4
3207546,9.939380601308695,4
3207552,9.90002517587699,6
3207557,9.932907672266968,5
3207563,9.907088006699297,6
3207581,9.571504300474801,18
3207594,9.726057172285342,13
3207598,9.93507753168249,4
3207604,9.908282532659708,6
3207610,9.912250676327625,6
3207620,9.791645703734629,10
3207621,10.0,1
3207628,9.879745958976613,7
3207633,9.91051821404986,5
3207634,10.0,1
3207644,9.796559844673672,10
3207652,9.86084255689344,8
3207666,9.661791294650868,14
3207669,9.971188065187022,3
3207676,9.883952172293535,7
3207677,10.0,1
3207683,9.919703540601944,6
3207684,10.0,1
3207687,9.956689479724893,3
3207698,9.777650242396566,11
3207699,10.0,1
3207703,9.945161885798703,4
3207708,9.91591777426033,5
3207717,9.818004974344976,9
3207727,9.789447735371624,10
3207733,9.904882262191336,6
3207742,9.804307300833928,9
3207747,9.918252002106033,5
3207751,9.93512292477151,4
3207757,9.886185508703852,6
3207761,9.933712358106543,4
3207767,9.896737276898863,6
3207773,9.88186582026542,6
3207779,9.779024710044599,6
3207780,10.0,1
3207781,10.0,1
3207784,9.96364638174047,3
3207792,9.849426660373686,8
3207804,9.770863298755229,12
3207807,9.956055123325772,3
3207816,9.821067700495046,9
3207823,9.871901026830535,7
3207835,9.740573293367074,12
3207838,9.96383012150305,3
3207849,9.787292648828327,11
3207866,9.586346237351025,17
3207888,9.55946307925178,22
3207895,9.868694010738343,7
3207899,9.94905486919001,4
3207910,9.754524642934886,11
3207921,9.763943262579236,11
3207934,9.731224197620323,13
3207943,9.864128617912778,9
3207947,9.940460323229193,4
3207954,9.865415067847238,7
3207965,9.789953720503938,11
3207973,9.84587224140746,8
3207980,9.852874620610915,7
3207989,9.814165506253989,9
3207998,9.842044562960236,9
3208009,9.806974769499684,11
3208015,9.786804671285783,6
3208023,9.844932629105672,8
3208028,9.903675229505541,5
3208029,10.0,1
3208039,9.775104240391665,10
3208040,9.989616239313408,1
3208041,10.0,1
3208048,9.87032409245866,7
3208055,9.891755718373565,7
3208056,9.989007000029275,1
3208057,10.0,1
3208058,10.0,1
3208067,9.803404096355456,9
3208068,10.0,1
3208081,9.741040145155942,13
3208086,9.917702809124137,5
3208092,9.907933546065175,6
3208105,9.7004307030581,13
3208106,10.0,1
3208120,9.703381817128735,14
3208133,9.712792162567098,13
3208134,10.0,1
3208136,9.982898333849388,2
3208147,9.759234280850267,11
3208158,9.771873939202544,11
3208170,9.751953414849527,12
3208177,9.880280985996095,7
3208188,9.779280747277182,11
3208198,9.770521435310044,10
3208200,9.972219486612012,2
3208209,9.804601370169637,9
3208213,9.937146822088124,4
3208224,9.770179736453874,11
3208241,9.608450819372086,17
3208248,9.886291942285563,7
3208256,9.86722667369044,8
3208268,9.74148066868277,12
3208283,9.648706223494896,15
3208287,9.940871491743179,4
3208295,9.824978455843315,8
3208301,9.910632073252208,6
3208312,9.780186136425868,11
3208326,9.671625065894801,14
3208338,9.757495783886313,12
3208347,9.809779843620246,9
3208358,9.747807269403056,11
3208367,9.814667975892228,9
3208376,9.826140283039575,9
3208380,9.934653047921694,4
3208392,9.741722671115644,12
3208405,9.719132101130533,13
3208414,9.798038139188307,9
3208422,9.848059492044666,8
3208423,10.0,1
3208437,9.752967750639076,14
3208445,9.878180082731987,8
3208448,9.965023496293034,3
3208466,9.625937251470306,18
3208473,9.875452610347773,7
3208483,9.77395239772007,10
3208495,9.722680303351627,12
3208498,9.963143880183916,3
3208509,9.78080255614232,11
3208513,9.95210264613802,4
3208514,10.0,1
3208527,9.720297473202379,13
3208535,9.82903567820737,8
3208536,10.0,1
3208537,10.0,1
3208549,9.765018337816064,12
3208551,9.971539159742125,2
3208554,9.951473836211507,3
3208567,9.724097634968995,13
3208579,9.745836998281753,12
3208584,9.910822306386205,5
3208589,9.917539408742517,5
3208596,9.875496570358793,7
3208611,9.673212970282453,15
3208613,9.972238679345432,2
3208625,9.722326599753563,12
3208635,9.791208733149036,10
3208637,9.974415014005654,2
3208644,9.849215406879988,7
3208651,9.88054371538233,7
3208660,9.829049101486076,9
3208666,9.915143413648142,6
3208674,9.871341214890148,8
3208680,9.899973066464453,6
3208685,9.923780471121399,5
3208699,9.719206319518621,14
3208707,9.883122882907672,8
3208708,10.0,1
3208716,9.828935555594867,8
3208717,10.0,1
3208727,9.803630136837173,10
3208740,9.703218277714063,13
3208749,9.810468936088668,9
3208750,10.0,1
3208760,9.786692029854022,10
3208786,7.43269718125721,26
3208792,9.888623974116255,6
3208799,9.883770371547207,7
3208809,9.822682039373149,10
3208824,9.650897045516832,15
3208825,10.0,1
3208826,9.989249416789363,1
3208839,9.712399021852303,13
3208852,9.726679019282912,13
3208862,9.82076859653501,10
3208865,9.957881698497326,3
3208874,9.836587690788601,9
3208884,9.794416859260094,10
3208893,9.819350906068284,9
3208901,9.846606020114061,8
3208912,9.812396840385686,11
3208925,9.727025277844971,13
3208935,9.779873820005653,10
3208949,9.661399163949199,14
3208958,9.807299276002814,9
3208964,9.8725953276816,6
3208975,9.745399133470231,11
3208991,9.672145735734304,16
3208998,9.858894112753765,7
3209007,9.816523174348355,9
3209014,9.870231202623819,7
3209023,9.80154159666323,9
3209026,9.954576879252224,3
3209039,9.401983941792391,13
3209047,9.857380582568545,8
3209048,10.0,1
3209063,9.658105902973185,15
3209066,9.9568430590007,3
3209083,9.617912192274188,17
3209092,9.82180507918331,9
3209101,9.832533940486897,9
3209107,9.889276266758477,6
3209122,9.664432393355224,15
3209130,9.839716556802363,8
3209135,9.908430488985305,5
3209158,9.522833611723126,23
3209165,9.892408165428145,7
3209175,9.809799571151455,10
3209184,9.841953228407512,9
3209193,9.83604299190541,9
3209205,9.747106384383613,12
3209213,9.817986430816196,8
3209216,9.960171094117156,3
3209222,9.89263963035127,6
3209237,9.630472362735924,15
3209263,9.596125335435161,26
3209276,9.676263818865017,13
3209287,9.76729133467882,11
3209300,9.716414063101146,13
3209313,9.716418519254102,13
3209320,9.895559289691333,7
3209325,9.91762437810561,5
3209331,9.887910820922286,6
3209338,9.885292331576178,7
3209339,10.0,1
3209355,9.652893228797588,16
3209367,9.74854914907456,12
3209379,9.76391571396617,12
3209386,9.849393278919344,7
3209397,9.75463296625429,11
3209408,9.755289294512533,11
3209417,9.8061460250796,9
3209420,9.962748868168575,3
3209427,9.868362409441035,7
3209434,9.871958059606106,7
3209436,9.980230432461461,2
3209441,9.928615618444722,5
3209447,9.900141639778411,6
3209448,10.0,1
3209449,10.0,1
3209456,9.890490364119255,7
3209457,10.0,1
3209469,9.760088579885291,12
3209480,9.75154306246287,11
3209492,9.760857923406284,12
3209493,10.0,1
3209508,9.655920864830605,15
3209511,9.959248242175804,3
3209515,9.924443591443799,4
3209522,9.877783898510753,7
3209540,9.316542111258585,18
3209546,9.896276568902195,6
3209551,9.927285680490336,5
3209563,9.767009606248878,12
3209582,9.58704937666181,19
3209592,9.800442525404007,10
3209598,9.889392290820293,6
3209604,9.882434129507125,6
3209619,9.66451603102994,15
3209628,9.828292970720023,9
3209634,9.908764411900085,6
3209643,9.805245934285699,9
3209651,9.8422728491112,8
3209662,9.787116136504237,11
3209678,9.6548512223331,16
3209679,10.0,1
3209686,9.867572595794059,7
3209703,9.570230786653466,17
3209710,9.872541770021511,7
3209711,10.0,1
3209723,9.76574773322495,12
3209735,9.771002843368114,12
3209748,9.689123026130057,13
3209749,10.0,1
3209753,9.93285289387956,4
3209759,9.808095529622321,6
3209774,9.686568194485737,15
3209786,9.718217818433706,12
3209789,9.965188351135886,3
3209805,9.656292067544193,16
3209820,9.700084821065877,15
3209830,9.807971571637118,10
3209831,9.992346638601472,1
3209838,9.85917127517865,7
3209839,10.0,1
3209845,9.881927508189603,6
3209856,9.755218728251009,11
3209861,9.918817156650768,5
3209863,9.984707138624946,2
3209876,9.717438464890447,13
3209886,9.803300416627405,10
3209893,9.875535692427057,7
3209901,9.843437232743238,8
3209919,9.584632652661977,18
3209929,9.78707135200519,10
3209938,9.83157654408587,9
3209946,9.840548825321457,8
3209953,9.874589147952708,7
3209965,9.742401722134261,12
3209976,9.795127845969573,11
3209987,9.662897622110105,11
3209994,9.848557259351,7
3210005,9.778017029460214,11
3210009,9.94051667171183,4
3210016,9.87866099573222,7
3210024,9.82764024167555,8
3210037,9.75673245900824,13
3210043,9.90124675724088,6
3210051,9.822234572755969,8
3210069,9.584557080747384,18
3210078,9.831906930257349,9
3210093,9.642652330955682,15
3210094,10.0,1
3210101,9.861575947477167,7
3210114,9.739766484928925,13
3210125,9.763416994604261,11
3210135,9.79721039718137,10
3210139,9.940837868572578,4
3210147,9.831120008540262,8
3210150,9.955296424704732,3
3210157,9.859402457023423,7
3210167,9.793085799887107,10
3210171,9.95660995066874,4
3210176,9.918575291452942,5
3210192,9.696740421107055,16
3210208,9.622087361149557,16
3210212,9.925128820134159,4
3210221,9.798556558341733,9
3210227,9.876662443456752,6
3210237,9.7904381770789,10
3210244,9.860681525213085,7
3210252,9.841043889779206,8
3210265,9.704272821509306,13
3210274,9.798680586562854,9
3210284,9.808496960173244,10
3210298,9.69843349378787,14
3210305,9.890643430677367,7
3210316,9.756429100957208,11
3210324,9.848255447158712,8
3210333,9.816875722806142,9
3210334,9.992813510313594,1
3210342,9.824627336318363,8
3210350,9.870496608717204,8
3210353,9.953950333061469,3
3210362,9.820431961075201,9
3210374,9.739066363513555,12
3210398,8.177479928634947,24
3210404,9.915783501818819,6
3210413,9.809649226366396,9
3210425,9.773978607470609,12
3210437,9.759169331839512,12
3210441,9.941639492580263,4
3210453,9.759740828345597,12
3210457,9.944402445871866,4
3210463,9.911761640166107,6
3210468,9.929794942468641,5
3210475,9.862803424462616,7
3210482,9.86194086829678,7
3210483,10.0,1
3210490,9.877606521563195,7
3210499,9.793131125039853,9
3210507,9.841066214291223,8
3210521,9.668910070433602,14
3210527,9.90918281464971,6
3210528,10.0,1
3210535,9.878601077066884,7
3210544,9.835218249484033,9
3210554,9.780930168822904,10
3210564,9.798633841935878,10
3210567,9.962812039414164,3
3210571,9.942313454386007,4
3210582,9.799456339308186,11
3210593,9.79443229392456,11
3210594,10.0,1
3210605,9.748033134768114,11
3210614,9.810605257879784,9
3210619,9.923562243796543,5
3210629,9.8089372046777,10
3210634,9.91220510088822,5
3210645,9.730360574589294,11
3210651,9.902116267109584,6
3210653,9.96930574787354,2
3210660,9.867000415278664,7
3210675,9.60789199942882,15
3210684,9.819834136391611,9
3210696,9.738278179595756,12
3210699,9.952550099027723,3
3210700,10.0,1
3210709,9.830475282377153,9
3210719,9.772400636059176,10
3210724,9.925680458659816,5
3210736,9.74231639794939,12
3210746,9.799654727769006,10
3210747,9.996790519720415,1
3210754,9.867275585719828,7
3210755,9.993485503036043,1
3210765,9.812583789090878,10
3210773,9.859323944608473,8
3210774,10.0,1
3210788,9.710738113043698,14
3210796,9.831393330249057,8
3210803,9.874750309375184,7
3210818,9.657927010410333,15
3210834,9.624169411697656,16
3210846,9.710291892278725,12
3210854,9.819050356028002,8
3210858,9.9413220013924,4
3210865,9.882654953280154,7
3210873,9.854546899063907,8
3210874,10.0,1
3210882,9.835330532034455,8
3210895,9.726522345559163,13
3210902,9.877380997501636,7
3210912,9.79864665426711,10
3210925,9.719109816290867,13
3210936,9.803494023685948,11
3210939,9.955355921055801,3
3210948,9.79316579413775,9
3210954,9.882699476724913,6
3210955,10.0,1
3210965,9.794600255063491,10
3210977,9.745800534262363,12
3210984,9.868395251427017,7
3210997,9.696331681003665,13
3211006,9.805303334210144,9
3211016,9.810699994441753,10
3211028,9.727741927839265,12
3211043,9.67572460710502,15
3211044,10.0,1
3211052,9.85217252070026,8
3211069,9.654294919587462,17
3211077,9.849312410024515,8
3211089,9.770707599549619,12
3211096,9.880444696871375,7
3211102,9.891729911369708,6
3211107,9.91152492261175,5
3211110,9.9581221602085,3
3211117,9.874096151740568,7
3211128,9.781990738653803,11
3211144,9.68214004102819,16
3211156,9.779892000701542,12
3211161,9.929758770795114,5
3211167,9.90160814894291,6
3211181,9.674435800908698,14
3211195,9.68910114241156,14
3211201,9.908011409302869,6
3211214,9.727608177605857,13
3211223,9.841710456225153,9
3211230,9.86514576137916,7
3211241,9.775524209628735,11
3211249,9.839369889684862,8
3211269,9.545045584958663,20
3211275,9.899124644288563,6
3211287,9.772194946112583,12
3211308,9.281351907786178,21
3211311,9.9519198584215,3
3211321,9.799577821261462,10
3211329,9.841812781870564,8
3211345,9.719778262912607,16
3211350,9.928551600432197,5
3211363,9.745009125772741,13
3211370,9.864637338672265,7
3211376,9.88492808107914,6
3211381,9.923647289031159,5
3211382,10.0,1
3211390,9.821081237499254,8
3211408,9.567039426110254,18
3211413,9.911606580690332,5
3211422,9.837196415490569,9
3211423,9.995779551699192,1
3211431,9.845841211432104,8
3211449,9.63695338579684,18
3211453,9.933670215354184,4
3211462,9.793919071920426,9
3211475,9.70592854886977,13
3211483,9.839146640270226,8
3211491,9.834284281980596,8
3211492,10.0,1
3211498,9.889123305700746,6
3211507,9.833582664295749,9
3211512,9.920444882407157,5
3211513,10.0,1
3211515,9.980825307677273,2
3211522,9.861539712828534,7
3211524,9.975425438738188,2
3211532,9.826918275580452,8
3211535,9.966271373483865,3
3211551,9.505931636420813,16
3211552,10.0,1
3211559,9.878827440238592,7
3211568,9.793005372678964,9
3211576,9.82539236318339,8
3211577,10.0,1
3211582,9.92782685813146,5
3211596,9.68532360068507,14
3211608,9.738382350665736,12
3211613,9.923771546370206,5
3211622,9.801535293727223,9
3211623,10.0,1
3211624,10.0,1
3211632,9.855293486999779,8
3211638,9.91277517989472,6
3211643,9.917427628015671,5
3211652,9.833066432395118,9
3211667,9.668551338846612,15
3211674,9.86732178969106,7
3211688,9.654821703091136,14
3211698,9.767574934030517,10
3211707,9.800493857604563,9
3211722,9.641413194295536,15
3211723,10.0,1
3211741,9.500623595587486,18
3212241,-15.488839850229985,500
3212245,9.950620410743994,4
3212255,9.783864801098535,10
3212266,9.771987009518506,11
3212278,9.73500503412369,12
3212286,9.627383044764954,8
3212287,10.0,1
3212295,9.851333319603489,8
3212304,9.809997791823468,9
3212316,9.744845568793322,12
3212320,9.934625666524058,4
3212336,9.643324077829142,16
3212343,9.87678172612773,7
3212345,9.96979617763896,2
3212354,9.82002631678381,9
3212363,9.825663628836642,9
3212377,9.327113322597734,14
3212385,9.848863931105244,8
3212394,9.811567176666523,9
3212397,9.962580895865877,3
3212402,9.93197871900467,5
3212413,9.764319307935354,11
3212421,9.848472664345616,8
3212424,9.966051236326328,3
3212428,9.94359792709769,4
3212433,9.914762959402733,5
3212441,9.854530196396587,8
3212454,9.694396616331884,13
3212463,9.81938381856938,9
3212471,9.833158425989486,8
3212485,9.719134760834299,14
3212494,9.868996168075867,9
3212503,9.801259859524725,9
3212515,9.731935791432022,12
3212524,9.807820166131888,9
3212532,9.851135465462239,8
3212535,9.967429493031055,3
3212548,9.726198995102825,13
3212556,9.823103263445851,8
3212569,9.734027597815645,13
3212570,10.0,1
3212577,9.885795424873402,7
3212585,9.82028139336631,8
3212586,10.0,1
3212587,9.988659280470529,1
3212591,9.950466791095195,4
3212599,9.846420707672472,8
3212625,9.454730893379605,26
3212629,9.938495316564778,4
3212632,9.945929509069739,3
3212642,9.83102980380421,10
3212652,9.59126437192233,10
3212662,9.787614167391723,10
3212669,9.883887685338854,7
3212671,9.96707840591635,2
3212682,9.749392890967355,11
3212685,9.961640315250342,3
3212697,9.702029165998686,12
3212705,9.853573912025206,8
3212719,9.684474938987595,14
3212720,10.0,1
3212729,9.824837148816101,9
3212737,9.821464626853379,8
3212743,9.884484543924339,6
3212744,10.0,1
3212752,9.830421855196079,8
3212759,9.757668024898305,7
3212763,9.932661385053798,4
3212771,9.843530863093012,8
3212780,9.82006253608726,9
3212788,9.854728551625762,8
3212789,9.989008073616361,1
3212796,9.85889577782929,7
3212800,9.936008568876314,4
3212808,9.851034840293268,8
3212822,9.675983776043187,14
3212834,9.791625433251326,12
3212839,9.897712971013783,5
3212851,9.737838138036857,12
3212862,9.781661468981493,11
3212866,9.9409005900481,4
3212875,9.864826584997024,9
3212883,9.832694338190878,8
3212895,9.755016200684716,12
3212908,9.725034486273982,13
3212921,9.749647937611497,13
3212938,9.66784531377948,17
3212951,9.724611878048965,13
3212953,9.975315121156067,2
3212961,9.842173274949108,8
3212975,9.720396225129988,14
3212983,9.85558122357258,8
3212989,9.88178679797727,6
3212990,9.995892290268008,1
3213000,9.792101253202354,10
3213001,9.996348573602575,1
3213002,10.0,1
3213009,9.8537050913456,7
3213014,9.903299522507288,5
3213016,9.97637298696101,2
3213033,9.699811613638957,17
3213043,9.802598846576226,10
3213051,9.838937760064047,8
3213060,9.817349467547933,9
3213067,9.861243773924947,7
3213090,9.498584342575146,23
3213099,9.832825619580023,9
3213106,9.848171184385066,7
3213109,9.952458430070608,3
3213124,9.648519153753037,15
3213133,9.824119867986163,9
3213148,9.669895112817974,15
3213154,9.898601434177527,6
3213163,9.801686278409608,9
3213174,9.762340796313016,11
3213182,9.814503618824544,8
3213189,9.900289761312274,7
3213210,9.479124564266815,21
3213224,9.66106185182218,14
3213228,9.938195053557143,4
3213242,9.697666445978511,14
3213247,9.930130068384162,5
3213261,9.691830881207212,14
3213262,9.996190222203136,1
3213280,9.64685979457383,18
3213290,9.781966211558247,10
3213303,9.701896829840571,13
3213306,9.94788107786784,3
3213314,9.848385218281607,8
3213315,10.0,1
3213322,9.764267593355063,7
3213336,9.715229750593753,14
3213347,9.756457163819777,11
3213362,9.674634355659755,15
3213378,9.647685570898453,16
3213385,9.865741855425844,7
3213388,9.967757000099336,3
3213409,9.512964837664729,21
3213412,9.954687576782323,3
3213426,9.681176786072452,14
3213431,9.930761289345998,5
3213441,9.790804222073842,10
3213455,9.693767942101411,14
3213458,9.948007863671432,3
3213475,9.660964622236255,17
3213488,9.700656711672472,13
3213489,10.0,1
3213493,9.942050256286986,4
3213501,9.842583348779241,8
3213502,10.0,1
3213506,9.942032480603414,4
3213517,9.75616941644672,11
3213518,10.0,1
3213532,9.725428643693185,14
3213535,9.964116638188411,3
3213544,9.792439059958987,9
3213553,9.83384731171144,9
3213554,9.988123533269635,1
3213561,9.882016326578926,7
3213569,9.842420152915018,8
3213575,9.899907392138447,6
3213577,9.973706896405375,2
3213578,10.0,1
3213590,9.755878301138246,12
3213598,9.851006136774783,8
3213603,9.94218506723146,5
3213615,9.727675605546047,12
3213626,9.765989664509476,11
3213631,9.917869132557968,5
3213639,9.842702876876004,8
3213645,9.90208134261173,6
3213661,9.63537228851757,16
3213673,9.748663947269113,12
3213688,9.53582351653042,15
3213698,9.819217908161935,10
3213705,9.87943948519315,7
3213717,9.725184748193852,12
3213722,9.928732976003689,5
3213733,9.813231912440703,11
3213740,9.86908210796338,7
3213750,9.81446250082272,10
3213762,9.727640728661699,12
3213763,10.0,1
3213774,9.743473256135877,11
3213780,9.893545156780462,6
3213784,9.939718857138404,4
3213786,9.968285812806272,2
3213794,9.852631809188075,8
3213795,10.0,1
3213797,9.974598481264337,2
3213807,9.784313616413629,10
3213818,9.754672431606306,11
3213824,9.916169485194313,6
3213830,9.885532900109792,6
3213839,9.836923660348857,9
3213849,9.791261027707817,10
3213856,9.851409527436093,7
3213867,9.760798098239611,11
3213880,9.740393164699134,13
3213888,9.86322655500766,8
3213889,10.0,1
3213896,9.866171465639095,7
3213900,9.942269370965654,4
3213917,9.609247227581456,17
3213922,9.81065607342769,5
3213929,9.864231591051382,7
3213938,9.803482461857111,9
3213942,9.940938886448127,4
3213947,9.914537315302251,5
3213955,9.821652994789176,8
3213962,9.890455152974285,7
3213976,9.700431316831068,14
3213986,9.76391901153399,10
3214002,9.621876205536035,16
3214007,9.932729833110669,5
3214026,9.545880342077712,19
3214033,9.88380229284887,7
3214038,9.91993997535799,5
3214048,9.794313414725794,10
3214060,9.776649751740694,12
3214066,9.901761338289047,6
3214067,10.0,1
3214081,9.7048932029088,14
3214082,10.0,1
3214083,9.996684568538532,1
3214091,9.851887888402954,8
3214103,9.726734882930199,12
3214112,9.799517597069363,9
3214113,9.992560521772047,1
3214125,9.752294812187628,12
3214132,9.88830668796708,7
3214145,9.721481254320013,13
3214155,9.782205858077916,10
3214170,9.678714499099199,15
3214182,9.740434498408188,12
3214189,9.885959013542426,7
3214190,10.0,1
3214191,10.0,1
3214196,9.914619944241807,5
3214203,9.895989667082732,7
3214209,9.884663844957805,6
3214214,9.905586028219941,5
3214217,9.955312756881703,3
3214218,10.0,1
3214221,9.960840841946972,3
3214231,9.779338573532035,10
3214232,10.0,1
3214244,9.72997532199946,12
3214245,10.0,1
3214250,9.919756327102558,5
3214256,9.887329321159644,6
3214263,9.856622761434455,7
3214271,9.839138555867558,8
3214279,9.747369148416968,8
3214284,9.925111512436315,5
3214285,10.0,1
3214286,9.992358890698918,1
3214298,9.732382318393663,12
3214305,9.864382583580438,7
3214317,9.61225858733131,12
3214335,9.13451862990002,18
3214349,9.683709191602548,14
3214364,9.674634006566265,15
3214368,9.927667509321319,4
3214370,9.981742566431913,2
3214385,9.669426530556784,15
3214391,9.891586068440743,6
3214397,9.902051091033474,6
3214403,9.907436041059574,6
3214404,9.996560659707459,1
3214417,9.737616753005973,13
3214431,9.678681016317736,14
3214452,9.578503852496524,21
3214453,10.0,1
3214458,9.906590225566722,5
3214465,9.86200679117937,7
3214477,9.775491284776882,12
3214478,10.0,1
3214479,9.990145832680586,1
3214489,9.82245627958935,10
3214500,9.778491446495332,11
3214514,9.692881524616334,14
3214522,9.84806312333512,8
3214542,9.534183386561631,20
3214543,10.0,1
3214544,10.0,1
3214554,9.804815427029997,10
3214571,9.589089110267379,17
3214572,9.996541127044768,1
3214578,9.89335554202651,6
3214591,9.720363220991285,13
3214593,9.972729343231785,2
3214599,9.895648641957031,6
3214607,9.833506881651669,8
3214620,9.70763126522566,13
3214628,9.868559211901266,8
3214634,9.893761073269156,6
3214642,9.854932371679295,8
3214658,9.656587526377617,16
3214663,9.935022096368305,5
3214675,9.754485914229056,12
3214687,9.714660665092701,12
3214699,9.713079921362924,12
3214705,9.88556751062544,6
3214721,9.661011688239533,16
3214729,9.819959684772758,8
3214738,9.799729112143304,9
3214747,9.810245902357181,9
3214760,9.782926809581856,13
3214771,9.789893592069136,11
3214779,9.85724446446718,8
3214784,9.920312247641853,5
3214787,9.950631207133855,3
3214798,9.761284420267534,11
3214806,9.870517336854569,8
3214821,9.663766134390274,15
3214824,9.964302033585897,3
3214846,9.673551679792462,22
3214855,9.82539533845413,9
3214865,9.815920842317569,10
3214871,9.911493208812761,6
3214872,10.0,1
3214881,9.834876139905791,9
3214892,9.753645723180558,11
3214902,9.782007314759955,10
3214913,9.778152932666897,11
3214921,9.839407193739792,8
3214932,9.776318579012868,11
3214945,9.717967634937894,13
3214957,9.761178580845787,12
3214961,9.935037436656163,4
3214967,9.917855243475781,6
3214968,10.0,1
3214973,9.926689427296967,5
3214981,9.837719106143354,8
3214984,9.958865076220349,3
3214990,9.878314295922042,6
3215002,9.743290039726359,12
3215009,9.844094279517188,7
3215017,9.84293568842007,8
3215030,9.68725589027102,13
3215034,9.930160324169995,4
3215046,9.731787839919907,12
3215051,9.91370629524892,5
3215056,9.931065237030056,5
3215058,9.981720661444538,2
3215063,9.930699381567957,5
3215076,9.702001324250089,13
3215077,10.0,1
3215087,9.823619538475898,10
3215104,9.643560360672542,17
3215107,9.947989107971656,3
3215113,9.86932447058823,6
3215122,9.817724043691934,9
3215129,9.8609974368411,7
3215134,9.921059452957289,5
3215142,9.839680817824444,8
3215147,9.907042593674598,5
3215159,9.747611632973229,12
3215168,9.820078442137172,9
3215179,9.758381730524654,11
3215198,9.623545223618407,19
3215208,9.779688764528782,10
3215227,9.523007934407358,19
3215249,9.4860060447678,22
3215250,10.0,1
3215265,9.663245996283578,15
3215275,9.791677511498891,10
3215296,9.568447724605921,21
3215304,9.842035518203595,8
3215312,9.833007055064654,8
3215317,9.931681146685529,5
3215327,9.764832811356486,10
3215335,9.86919866770179,8
3215340,9.907679044740329,5
3215349,9.83593491009019,9
3215359,9.779991961619848,10
3215364,9.914310905124836,5
3215381,9.64562061025714,17
3215393,9.726387983266498,12
3215402,9.824173801396844,9
3215412,9.70322411156309,10
3215413,10.0,1
3215423,9.787497673709385,10
3215436,9.7083288573692,13
3215440,9.949043656781871,4
3215451,9.784632146531997,11
3215465,9.697611767025286,14
3215466,10.0,1
3215475,9.835605564761439,9
3215488,9.731359871779505,13
3215500,9.718685313842215,12
3215513,9.718812073031978,13
3215520,9.86928346781298,7
3215527,9.86415390228379,7
3215541,9.679027661986472,14
3215547,9.903011432900739,6
3215558,9.755041593140872,11
3215569,9.78199133382675,11
3215579,9.782555581532545,10
3215588,9.815036698993033,9
3215598,9.589949961290923,10
3215600,9.971561533221317,2
3215603,9.956479765314977,3
3215604,10.0,1
3215619,9.639153772194927,15
3215622,9.963745864162867,3
3215631,9.809124252350601,9
3215638,9.870401637999292,7
3215652,9.725683764394029,14
3215658,9.902000347590992,6
3215669,9.754554475331892,11
3215680,9.79647816016223,11
3215681,10.0,1
3215682,10.0,1
3215692,9.790620482904355,10
3215705,9.719637946222852,13
3215713,9.86281335743504,8
3215727,9.681481952703843,14
3215739,9.759484096042376,12
3215749,9.791194280260493,10
3215760,9.778711306537133,11
3215765,9.910906809028543,5
3215769,9.932788280724116,4
3215779,9.78481770100262,10
3215787,9.84369132133562,8
3215794,9.858865628143858,7
3215796,9.973865974722225,2
3215805,9.821291571232022,9
3215813,9.8434269004864,8
3215823,9.772724688915552,10
3215828,9.918614972550987,5
3215831,9.957276241185008,3
3215840,9.815091668408717,9
3215845,9.916831386949207,5
3215851,9.89408694442679,6
3215852,10.0,1
3215867,9.654541395472187,15
3215876,9.837550300448765,9
3215880,9.92570185084825,4
3215891,9.760614458537136,11
3215902,9.744374010650585,11
3215908,9.894382646627236,6
3215912,9.948188448039469,4
3215926,9.680051444608274,14
3215943,9.614423093594308,17
3215956,9.726307690260274,13
3215967,9.765516332554924,11
3215974,9.873834706681727,7
3215984,9.782736316963323,10
3215986,9.972192253456026,2
3215993,9.871958787824306,7
3215995,9.980463070427364,2
3216000,9.90171845293161,5
3216011,9.740153883815497,11
3216020,9.797766788773174,9
3216027,9.851854631824066,7
3216044,9.656782711697229,17
3216058,9.716773344332879,14
3216068,9.808548601641345,10
3216081,9.74370000849287,13
3216087,9.889429724450343,6
3216094,9.848641963918679,7
3216201,8.285868225495001,107
3216207,9.882939172830712,6
3216212,9.911977016718742,5
3216223,9.766040725647407,11
3216236,9.699269484254254,13
3216246,9.790839298234053,10
3216251,9.930870685390936,5
3216262,9.776661790544155,11
3216269,9.860090863276824,7
3216283,9.707084743814448,14
3216295,9.753748871036976,12
3216305,9.777771511259662,10
3216306,10.0,1
3216322,9.63291231039416,16
3216330,9.846745862334828,8
3216334,9.927621393444914,4
3216335,10.0,1
3216343,9.84790105946969,8
3216353,9.776337724400234,10
3216361,9.815964038224609,8
3216373,9.756899348615983,12
3216374,9.988559727357849,1
3216375,9.987598518576732,1
3216386,9.757589449524334,11
3216389,9.957418084046873,3
3216390,10.0,1
3216403,9.693902485237782,13
3216404,9.987398452860589,1
3216418,9.743820160762743,14
3216424,9.892703632033976,6
3216430,9.919354718875914,6
3216438,9.83151066706817,8
3216439,9.996705585400646,1
3216451,9.736638279569007,12
3216460,9.838769766792892,9
3216465,9.917901989337878,5
3216470,9.917175200026785,5
3216473,9.956160883930357,3
3216479,9.888288909619632,6
3216489,9.787436114743219,10
3216503,9.70368868910329,14
3216509,9.883769686069263,6
3216510,10.0,1
3216525,9.724313370013316,15
3216532,9.770692798817056,7
3216541,9.820384484364297,9
3216556,9.676609969424124,15
3216569,9.69633918762364,13
3216570,10.0,1
3216585,9.655408504852902,15
3216595,9.790682767502153,10
3216609,9.687686667809995,14
3216617,9.849394903134646,8
3216629,9.716467471891615,12
3216630,10.0,1
3216645,9.640810005585594,15
3216658,9.71834440377794,13
3216665,9.868427885353666,7
3216675,9.793841107604898,10
3216678,9.953022813149298,3
3216686,9.880144115022777,8
3216689,9.957352439196924,3
3216696,9.87068405295908,7
3216702,9.926124238235408,6
3216708,9.894191580736427,6
3216725,9.699287627669923,17
3216727,9.979609689575076,2
3216734,9.866343524617792,7
3216743,9.816591603889124,9
3216754,9.766881373415584,11
3216760,9.90593734020366,6
3216768,9.852280495657329,8
3216780,9.76512813203822,12
3216786,9.917543274177072,6
3216794,9.83126265263912,8
3216799,9.924570061485017,5
3216800,9.988457746278272,1
3216809,9.807769609412395,9
3216818,9.810537427088544,9
3216821,9.950991698981394,3
3216833,9.757979411537208,12
3216842,9.816713605292355,9
3216843,10.0,1
3216850,9.868643623105841,7
3216853,9.960601085375837,3
3216859,9.895080375711927,6
3216867,9.879701078823157,8
3216879,9.756011806968239,12
3216890,9.762970032216295,11
3216900,9.766593019184711,10
3216908,9.843086451944254,8
3216912,9.93273802880397,4
3216925,9.417019071712623,13
3216932,9.88096070100353,7
3216940,9.844170295783384,8
3216956,9.671567659893636,16
3216962,9.907974459894277,6
3216973,9.755477480764934,11
3216980,9.848121997315255,7
3216989,9.86082824769762,9
3217000,9.759890328430386,11
3217010,9.78987323088793,10
3217025,9.644162439591064,15
3217031,9.900582142507051,6
3217040,9.817139654623542,9
3217041,10.0,1
3217042,10.0,1
3217054,9.712662751817044,12
3217057,9.946045284704836,3
3217059,9.971819461356084,2
3217076,9.614498605327764,17
3217083,9.872555786640236,7
3217098,9.663156444427209,15
3217110,9.726345483945678,12
3217115,9.91600656342682,5
3217119,9.937559796176046,4
3217125,9.891234903845783,6
3217136,9.792865518162081,11
3217145,9.79483706794005,9
3217164,9.586899576508515,19
3217173,9.81311961194618,9
3217183,9.784412921018436,10
3217199,9.680684647264174,16
3217205,9.88463677784008,6
3217206,10.0,1
3217218,9.725870651171556,12
3217228,9.801394425801552,10
3217236,9.8682562016982,8
3217250,9.726402398666014,14
3217262,9.73595689456283,12
3217265,9.967561178638746,3
3217275,9.79660605191874,10
3217280,9.919103724224426,5
3217292,9.7394755441416,12
3217297,9.906976458222436,5
3217302,9.92299120513063,5
3217309,9.86192819413294,7
3217318,9.832257053192457,9
3217322,9.95090874782153,4
3217323,10.0,1
3217330,9.876920542392917,7
3217331,10.0,1
3217335,9.940266694115975,4
3217352,9.593414554085914,17
3217366,9.69836446921847,14
3217375,9.833694143677475,9
3217384,9.821641160745902,9
3217385,10.0,1
3217395,9.806049773780359,10
3217400,9.906652605233448,5
3217401,10.0,1
3217413,9.543163314037825,12
3217422,9.823901860722211,9
3217433,9.773902915730991,11
3217445,9.729982552179438,12
3217458,9.69481822331606,13
3217475,9.11081001756556,17
3217487,9.730111341971474,12
3217491,9.9369769911133,4
3217497,9.894793000290417,6
3217506,9.625717941629118,9
3217507,9.99285271649423,1
3217518,9.813482057149995,11
3217519,10.0,1
3217520,10.0,1
3217529,9.826544624127608,9
3217533,9.934274387661512,4
3217538,9.904768553251383,5
3217552,9.68092787351532,14
3217562,9.769438094152235,10
3217574,9.761142551653586,12
3217575,9.989600605459657,1
3217578,9.958182711046897,3
3217582,9.936919858580525,4
3217594,9.728505290697242,12
3217603,9.816254429341733,9
3217611,9.861053723643675,8
3217617,9.880738185388765,6
3217634,9.5531951041949,17
3217647,9.74640155720455,13
3217667,9.539321769613549,20
3217677,9.783271265711882,10
3217693,9.672413351353857,16
3217700,9.875738058507835,7
3217711,9.77371442366796,11
3217725,9.674225058626483,14
3217740,9.6357938877571,15
3217743,9.970464629327665,3
3217746,9.968561037138969,3
3217758,9.739121470119368,12
3217762,9.951388889117004,4
3217771,9.822969582443159,9
3217778,9.860683876707096,7
3217792,9.715359829314634,14
3217795,9.959340445756652,3
3217805,9.800104294754423,10
3217813,9.845068879826432,8
3217823,9.600231791167168,10
3217832,9.800997520104117,9
3217835,9.952181098699423,3
3217845,9.79619032509493,10
3217856,9.775717915642518,11
3217870,9.668503503466551,14
3217878,9.833568975311833,8
3217884,9.889357633104481,6
3217893,9.802222143230727,9
3217901,9.853918093096704,8
3217921,9.436076608676462,20
3217923,9.981515902077609,2
3217926,9.967098990334751,3
3217937,9.791843193437401,11
3217947,9.788276937643111,10
3217951,9.930267083322978,4
3217956,9.914785267676258,5
3217958,9.978037978160103,2
3217964,9.911935194233326,6
3217974,9.800705757683502,10
3217979,9.912711557888432,5
3217982,9.951250826624914,3
3217993,9.76482914453184,11
3218007,9.660510048566412,14
3218015,9.831330381653116,8
3218020,9.909717811900858,5
3218024,9.944825360263984,4
3218036,9.739386661086352,12
3218042,9.896689718290503,6
3218053,9.78616147152967,11
3218064,9.773604580177263,11
3218074,9.792432127490144,10
3218082,9.861018874484225,8
3218097,9.64926054207604,15
3218102,9.912675406663277,5
3218109,9.90467232305274,7
3218113,9.955824628445457,4
3218128,9.693114235525236,15
3218132,9.929280664458535,4
3218138,9.8934918312949,6
3218149,9.751806744312074,11
3218156,9.889266122909241,7
3218158,9.986079016135601,2
3218170,9.7075270900745,12
3218184,9.71577568723123,14
3218195,9.77260467749818,11
3218211,9.631327340863134,16
3218219,9.863194654156636,8
3218229,9.809703669727227,10
3218232,9.955864424805743,3
3218251,9.487537499091637,19
3218260,9.828201600088379,9
3218268,9.844522190296978,8
3218273,9.917405406582747,5
3218275,9.977724445155902,2
3218276,9.996400737819359,1
3218286,9.81110664179044,10
3218303,9.481936944405753,17
3218322,9.263534853049745,19
3218333,9.772078638883134,11
3218343,9.666686274452708,10
3218348,9.919582110043166,5
3218355,9.844413638870535,7
3218368,9.749912252214614,13
3218380,9.759985452130083,12
3218385,9.919113911212182,5
3218392,9.89922634782295,7
3218400,9.846495475493615,8
3218403,9.953211972303427,3
3218410,9.876285804207026,7
3218411,9.996369006932643,1
3218424,9.619835797745816,13
3218435,9.768636900934045,11
3218436,10.0,1
3218439,9.966984719229949,3
3218448,9.828914501500318,9
3218456,9.839768793293462,8
3218466,9.787841360522838,10
3218474,9.85679501640792,8
3218484,9.782891616043754,10
3218495,9.73942158133729,11
3218499,9.94329862687934,4
3218505,9.891523758537671,6
3218517,9.715526971071725,12
3218532,9.645792819674053,15
3218546,9.697227272545234,14
3218559,9.109879287197773,13
3218569,9.793787074297745,10
3218570,10.0,1
3218574,9.944898730492502,4
3218588,9.676445797070127,14
3218596,9.84851466361539,8
3218603,9.884121367248724,7
3218604,10.0,1
3218611,9.873169067439061,7
3218615,9.938283711607905,4
3218632,9.61571147981306,17
3218635,9.956789417990604,3
3218644,9.700107129360324,9
3218649,9.91779327155618,5
3218665,9.607719470042385,16
3218669,9.940525576960594,4
3218674,9.905441779307665,5
3218686,9.753935773362164,12
3218692,9.907975051249334,6
3218697,9.917076543406445,5
3218710,9.5053800796885,13
3218718,9.517488155618313,8
3218722,9.944032175746658,4
3218731,9.815361314514949,9
3218744,9.710388300960288,13
3218750,9.913364779632772,6
3218764,9.684049501578762,14
3218772,9.84868960003726,8
3218777,9.925420391287592,5
3218778,10.0,1
3218784,9.883753278228737,6
3218790,9.885482872412682,6
3218794,9.92995790013118,4
3218804,9.78482610270085,10
3218807,9.951193481534515,3
3218813,9.882097059731006,6
3218823,9.794041839284573,10
3218833,9.78450787294658,10
3218843,9.78470338712774,10
3218852,9.8213588516404,9
3218855,9.950474993902237,3
3218867,9.733926995353974,12
3218882,9.66027468897466,15
3218903,9.564961191839286,21
3218912,9.809812074237923,9
3218924,9.751962750750543,12
3218928,9.933228454891859,4
3218943,9.663795045850577,15
3218962,9.59322979130868,19
3218976,9.708003389413978,14
3218985,9.843089551897194,9
3218986,10.0,1
3218998,9.759623510546156,12
3219020,9.165344974209765,22
3219021,10.0,1
3219030,9.825996275027661,9
3219034,9.94251397488613,4
3219044,9.784871256050415,10
3219061,9.624063064692288,17
3219072,9.772519058070577,11
3219079,9.869838935474068,7
3219089,9.817471757834118,10
3219102,9.732030841498807,13
3219106,9.929351721644396,4
3219107,9.996155666178307,1
3219113,9.904697361022787,6
3219120,9.908006211978872,7
3219135,9.466923678658313,15
3219148,9.442550577201688,13
3219155,9.882032788198522,7
3219168,9.713612432185002,13
3219179,9.767198035252031,11
3219190,9.783371043112513,11
3219200,9.781948370056995,10
3219210,9.77870745223899,10
3219212,9.971029272147911,2
3219225,9.718905497202332,13
3219231,9.89607804364043,6
3219233,9.97639270457418,2
3219253,9.377474931942734,20
3219254,10.0,1
3219261,9.877777478517281,7
3219268,9.902035562620714,7
3219269,10.0,1
3219279,9.808063929664948,10
3219292,9.737274238699385,13
3219298,9.895046072180076,6
3219310,9.756765043921344,12
3219324,9.698770856137115,14
3219335,9.112360547172168,11
3219340,9.932097904897283,5
3219354,9.700596463772756,14
3219367,9.730385761746147,13
3219375,9.825021153081067,8
3219383,9.837738089869141,8
3219388,9.81833075486783,5
3219396,9.857004400567355,8
3219400,9.93222899606374,4
3219411,9.791353187088788,11
3219418,9.876218070244013,7
3219429,9.752667605959168,11
3219439,9.775024199863822,10
3219448,9.81752828425152,9
3219451,9.946841429859631,3
3219457,9.895466619433932,6
3219464,9.855602782903704,7
3219472,9.863404389257937,8
3219473,10.0,1
3219485,9.767137054257454,12
3219493,9.843384626680193,8
3219497,9.948842798104392,4
3219499,9.986744698199137,2
3219511,9.781393429123991,12
3219527,9.438800196898525,16
3219539,9.733904673388986,12
3219558,9.648512409998682,19
3219569,9.769059610358617,11
3219581,9.752085124653089,12
3219586,9.914373666744511,5
3219594,9.857899885240709,8
3219595,10.0,1
3219601,9.918397596234321,6
3219638,8.975960443164592,37
3219650,9.65744952130107,12
3219657,9.873008990730513,7
3219668,9.808245243943682,11
3219674,9.916634450358666,6
3219677,9.958161725302489,3
3219704,9.454273895799004,27
3219712,9.839273969442424,8
3219716,9.949245950218778,4
3219736,9.466735732645315,20
3219744,9.867010751598968,8
3219757,9.701160939790311,13
3219770,9.721113962690048,13
3219774,9.949611768978947,4
3219779,9.938718313684747,5
3219789,9.776078380519564,10
3219790,10.0,1
3219797,9.859043034459235,7
3219802,9.934953955866707,5
3219806,9.94678726044696,4
3219814,9.850033595052919,8
3219829,9.639172632183099,15
3219841,9.73470898916228,12
3219850,9.833128780923163,9
3219860,9.825620934672985,10
3219864,9.749471363860602,4
3219875,9.756526919395855,11
3219881,9.909030739431953,6
3219890,9.817802647166994,9
3219896,9.879004781720935,6
3219900,9.936805080049018,4
3219901,10.0,1
3219911,9.80920586615704,10
3219912,10.0,1
3219917,9.914111224721957,5
3219922,9.913484710082749,5
3219925,9.966705672315324,3
3219928,9.969467395034195,3
3219935,9.88261946232781,7
3219936,10.0,1
3219942,9.902268524691971,6
3219953,9.78873672521109,11
3219959,9.904254931577496,6
3219970,9.760287977136741,11
3219984,9.705204841074492,14
3219987,9.957000639353295,3
3219995,9.83387593997439,8
3220002,9.865162684707789,7
3220015,9.745521173572632,13
3220026,9.743594793645457,11
3220038,9.755151947034431,12
3220050,9.725101960469418,12
3220058,9.851608309320687,8
3220068,9.789159450989228,10
3220072,9.935567893155525,4
3220073,10.0,1
3220074,10.0,1
3220088,9.673259172621675,14
3220106,9.562032058436039,18
3220111,9.902355993702232,5
3220112,10.0,1
3220113,10.0,1
3220121,9.836646437167063,8
3220131,9.811001964701857,10
3220132,10.0,1
3220144,9.738147972269369,12
3220145,10.0,1
3220155,9.767060136873319,10
3220156,9.996128953260337,1
3220162,9.911103321055627,6
3220169,9.865650317540107,7
3220175,9.908917299986989,6
3220185,9.765265801595477,10
3220194,9.833100634330354,9
3220197,9.959220984867827,3
3220203,9.909159913108848,6
3220211,9.847140831266643,8
3220213,9.979100052836179,2
3220226,9.708062075153642,13
3220239,9.724903603077625,13
3220246,9.871724978079866,7
3220252,9.88580320777569,6
3220261,9.711119420474775,9
3220266,9.925186963693712,5
3220276,9.820009179130652,10
3220277,10.0,1
3220291,9.733492833564403,14
3220303,9.78306231599255,12
3220316,9.690884251426066,13
3220325,9.83035623523335,9
3220326,10.0,1
3220335,9.845656692702319,9
3220341,9.909130295655364,6
3220352,9.77963149281925,11
3220361,9.790802600951048,9
3220368,9.878043232207661,7
3220382,9.70413132055123,14
3220387,9.907302845095606,5
3220397,9.791108101662804,10
3220405,9.83560586066275,8
3220406,10.0,1
3220413,9.849605255115664,7
3220432,9.583193813869414,19
3220442,9.789044983126026,10
3220457,9.65330785033153,15
3220466,9.815531141026394,9
3220486,9.628824415120604,20
3220493,9.88137417906734,7
3220498,9.921918933229193,5
3220505,9.865366058621147,7
3220512,9.90455966545845,7
3220520,9.858534528937264,8
3220530,9.809633220912739,10
3220538,9.836973545684092,8
3220546,9.857974885022427,8
3220550,9.731427320449376,4
3220563,9.743365436004892,13
3220568,9.919799150616143,5
3220580,9.76474802343905,12
3220590,9.841431203219829,10
3220594,9.934621874570345,4
3220605,9.804745025696993,11
3220616,9.760861206753791,11
3220630,9.634364472776765,14
3220648,9.552129587686961,18
3220661,9.703400170262492,13
3220665,9.941421520527085,4
3220677,9.806417807235407,12
3220685,9.846687743165578,8
3220700,9.386668988756657,15
3220713,9.695813786356553,13
3220727,9.68930545636198,14
3220735,9.84489519531765,8
3220746,9.762151805764628,11
3220747,10.0,1
3220759,9.747320522327765,12
3220772,9.506205981935,13
3220778,9.902680577943942,6
3220789,9.752678218803753,11
3220800,9.769231871283337,11
3220823,9.590473640278478,23
3220834,9.7717938297467,11
3220845,9.780848498316907,11
3220864,9.575738822944555,19
3220865,10.0,1
3220869,9.937120705046633,4
3220876,9.860544659236373,7
3220888,9.741297557377884,12
3220891,9.949275297814015,3
3220899,9.840821986899748,8
3220905,9.897544633360836,6
3220914,9.80416184170933,9
3220922,9.864516811763774,8
3220930,9.834383025520154,8
3220931,10.0,1
3220935,9.94511241750707,4
3220947,9.755930685803543,12
3220948,10.0,1
3220953,9.905543778036641,5
3220960,9.884428326651701,7
3220965,9.924657173865267,5
3220975,9.764526638056731,10
3220987,9.719404094143059,12
3220997,9.792669755724875,10
3221005,9.853558102299733,8
3221014,9.817959584017753,9
3221018,9.94204877105093,4
3221023,9.920520864917002,5
3221026,9.958370578295552,3
3221033,9.869478881137592,7
3221036,9.971899882666655,3
3221042,9.902380911577824,6
3221054,9.733902875449283,12
3221067,9.728959847221587,13
3221076,9.844112936962683,9
3221086,9.795907547696515,10
3221097,9.733958474146489,11
3221103,9.907334269057522,6
3221115,9.73315898747634,12
3221125,9.798448911036905,10
3221134,9.822217163762447,9
3221152,9.581555227541882,18
3221163,9.79387937865759,11
3221169,9.895383830429996,6
3221170,10.0,1
3221174,9.943224409822147,4
3221185,9.762826819687012,11
3221186,10.0,1
3221192,9.896593592868191,6
3221199,9.868091700699182,7
3221209,9.780360499860976,10
3221212,9.956935719115542,3
3221219,9.864967361424162,7
3221228,9.827084232559033,9
3221234,9.893699784786453,6
3221246,9.73728939734103,12
3221260,9.690470373674572,14
3221270,9.780420784881635,10
3221271,10.0,1
3221278,9.86553898480632,7
3221279,10.0,1
3221283,9.939095369499732,4
3221293,9.793279685986999,10
3221307,9.664530509574359,14
3221321,9.69261681149532,14
3221333,9.76509054417109,12
3221357,9.337539456509136,24
3221363,9.907172573787175,6
3221378,9.703071480062306,15
3221387,9.818101704562185,9
3221403,9.622789480623622,16
3221413,9.812448300142888,10
3221425,9.744727778951468,12
3221437,9.619503824848227,12
3221444,9.88567039288363,7
3221445,10.0,1
3221452,9.858516762368623,7
3221460,9.73198021119638,8
3221467,9.896287500115776,7
3221476,9.797806568478258,9
3221487,9.77257283825571,11
3221493,9.90186362355928,6
3221499,9.896876206446395,6
3221512,9.717449566722737,13
3221517,9.915062405336721,5
3221522,9.929809869234678,5
3221542,9.507678812611674,20
3221554,9.728115084476165,12
3221558,9.933370246210465,4
3221575,9.640749425871297,17
3221585,9.795416479212227,10
3221590,9.901242871010831,5
3221595,9.925528812480875,5
3221600,9.912022818360427,5
3221608,9.85203689923698,8
3221610,9.978927852773118,2
3221619,9.818173897805973,9
3221628,9.843346398092592,9
3221633,9.922541677682487,5
3221643,9.784408382922368,10
3221648,9.929704021802433,5
3221657,9.818057911453193,9
3221658,10.0,1
3221659,10.0,1
3221672,9.710287585920897,13
3221675,9.963936214757753,3
3221681,9.909107994895722,6
3221695,9.690550093672947,14
3221705,9.780987337203108,10
3221710,9.917587041381974,5
3221715,9.930135182534137,5
3221717,9.975824351319691,2
3221735,9.564345386528103,18
3221767,9.3728224296401,32
3221776,9.830953456845915,9
3221797,8.930824509897308,21
3221805,9.880168896532819,8
3221810,9.915896543771437,5
3221822,9.741422767221808,12
3221832,9.772926553811642,10
3221849,9.601708886240607,17
3221862,9.691633346671283,13
3221868,9.906173729196894,6
3221874,9.878909279787319,6
3221883,9.827291714757836,9
3221891,9.829433123274098,8
3221898,9.846880562713693,7
3221899,10.0,1
3221904,9.920610766939927,5
3221905,10.0,1
3221913,9.826368768635573,8
3221917,9.923933005219034,4
3221924,9.870499355221884,7
3221933,9.836699894190662,9
3221938,9.917694422046255,5
3221950,9.769589793741401,12
3221959,9.807933262394878,9
3221967,9.87122415731928,8
3221986,9.549849931729893,19
3221989,9.961727590522184,3
3222000,9.7540342879639,11
3222010,9.794753655946352,10
3222016,9.916579597314584,6
3222020,9.946225906994156,4
3222021,10.0,1
3222022,10.0,1
3222029,9.84864332084753,7
3222039,9.772896491888696,10
3222046,9.86379054944525,7
3222059,9.769407275019812,13
3222067,9.857985020436635,8
3222073,9.89927802796465,6
3222088,9.668918342686112,15
3222093,9.915147771816908,5
3222101,9.873507569775693,8
3222112,9.755237056928632,11
3222118,9.885324405885173,6
3222131,9.730245505783916,13
3222135,9.955981474316463,4
3222147,9.724053436753314,12
3222148,10.0,1
3222152,9.952604431752428,4
3222153,10.0,1
3222161,9.86326353441956,8
3222177,9.63159998482009,16
3222191,9.7075795812461,14
3222199,9.833119951365392,8
3222206,9.869201595408171,7
3222232,9.446225580157016,26
3222235,9.962121621277436,3
3222240,9.922752333705217,5
3222244,9.938289200535726,4
3222250,9.909491806860547,6
3222257,9.89492399341272,7
3222267,9.77200373611463,10
3222273,9.899344926619701,6
3222282,9.821643519620116,9
3222296,9.599998579929089,14
3222316,8.047439513065907,20
3222321,9.905426092484193,5
3222332,9.748090000814896,11
3222342,9.799983810558127,10
3222346,9.933024033829827,4
3222347,10.0,1
3222352,9.908098561423195,5
3222364,9.739861019337473,12
3222376,9.721466007680972,12
3222397,9.632115544375324,21
3222401,9.92973018330142,4
3222409,9.854811188414976,8
3222415,9.676835681972763,6
3222428,9.770563223203055,13
3222440,9.728592484543672,12
3222450,9.779579007101374,10
3222459,9.80363195475779,9
3222460,10.0,1
3222472,9.735999711536106,12
3222482,9.80689192710998,10
3222489,9.867432633354811,7
3222490,9.996303432880056,1
3222492,9.980882368637772,2
3222496,9.949547899890044,4
3222515,9.623271909606443,19
3222527,9.746258543537351,12
3222543,9.642338005435679,16
3222547,9.933842372362411,4
3222579,5.665180342555704,32
3222588,9.830901120443558,9
3222595,9.83164064569445,7
3222601,9.875673145249072,6
3222619,9.604501209320752,18
3222628,9.813369634212986,9
3222632,9.93847574222862,4
3222636,9.941180121347825,4
3222640,9.938518285852046,4
3222648,9.827037410927376,8
3222652,9.933516911249558,4
3222658,9.895212617841766,6
3222669,9.755394909844647,11
3222674,9.93048845453936,5
3222682,9.85745341331605,8
3222697,9.660118454654324,15
3222703,9.886407553429382,6
3222708,9.835547575092896,5
3222717,9.800989489853432,9
3222724,9.878081554278278,7
3222734,9.765505762937476,10
3222741,9.872472337139515,7
3222746,9.901374406294611,5
3222762,9.563522990273782,16
3222763,10.0,1
3222777,9.714036908299986,14
3222778,10.0,1
3222783,9.909402751103874,5
3222797,9.698533223916227,14
3222808,9.808079010682365,11
3222817,9.827961341192827,9
3222820,9.956689460574871,3
3222825,9.897924377767222,5
3222831,9.892806870074438,6
3222837,9.89173896751961,6
3222845,9.861753046021585,8
3222852,9.865414500732028,7
3222857,9.924058346827893,5
3222864,9.855782563161748,7
3222874,9.824956208362588,10
3222888,9.710103251708952,14
3222908,9.540152713253681,20
3222913,9.918953958534258,5
3222918,9.914194249296557,5
3222935,9.560886683569448,17
3222950,9.689482541749673,15
3222958,9.839449432906854,8
3222965,9.568589378585036,7
3222974,9.816099962310785,9
3222985,9.7558134673507,11
3222988,9.96301413945681,3
3222996,9.849548581627067,8
3223006,9.79856001674212,10
3223016,9.787327741241633,10
3223023,9.868220670161573,7
3223025,9.97254811389181,2
3223036,9.781237718189901,11
3223048,9.714976077013125,12
3223049,10.0,1
3223050,10.0,1
3223062,9.756098195494234,12
3223076,9.698717881308372,14
3223081,9.915866352838949,5
3223086,9.92163198599329,5
3223091,9.911991378287084,5
3223092,9.995885451774603,1
3223105,9.707490163076452,13
3223109,9.934542667337894,4
3223130,9.591618458874901,21
3223139,9.82526480309972,9
3223143,9.942094368985899,4
3223147,9.927189495792783,4
3223156,9.806581035800017,9
3223161,9.910909968325916,5
3223171,9.781170710351443,10
3223186,9.656172554603684,15
3223207,9.546113397983595,21
3223216,9.82493169342932,9
3223217,10.0,1
3223232,9.56956307982033,15
3223249,9.65150928572401,17
3223262,9.733277611861402,13
3223265,9.865396192309323,3
3223277,9.718057235780412,12
3223287,9.797521816286443,10
3223295,9.867301106737001,8
3223303,9.854957486117877,8
3223318,9.673135566105199,15
3223329,9.74214571433148,11
3223337,9.855840715302133,8
3223339,9.965947150968992,2
3223350,9.744225592010784,11
3223358,9.860001408084864,8
3223372,9.66700273433045,14
3223380,9.880380637562578,8
3223388,9.850829428728312,8
3223392,9.931991430602626,4
3223403,9.780993954049263,11
3223413,9.810125922395661,10
3223426,9.732761842203189,13
3223428,9.975278385453196,2
3223439,9.67642115417852,11
3223446,9.878905636708811,7
3223454,9.84229987825383,8
3223461,9.879660703740358,7
3223471,9.796596263216376,10
3223478,9.859542201364846,7
3223493,9.692071305116292,15
3223499,9.897790447526395,6
3223506,9.864819123819917,7
3223507,9.99229670756083,1
3223518,9.763193171146398,11
3223525,9.883758310444826,7
3223538,9.734034466630236,13
3223548,9.807886380930809,10
3223550,9.980295853874033,2
3223553,9.946937689681365,3
3223557,9.948189780025013,4
3223577,9.576534829775923,20
3223582,9.916120885866741,5
3223589,9.872367229917257,7
3223600,9.787793381615321,11
3223610,9.81240668589982,10
3223623,9.500385187575741,13
3223636,9.719867022491012,13
3223637,10.0,1
3223644,9.854718464226092,7
3223660,9.662592479547783,16
3223663,9.96399983503779,3
3223674,9.75421414325456,11
3223675,10.0,1
3223682,9.863340276342214,7
3223689,9.882826189143417,7
3223696,9.846416080324516,7
3223703,9.873163745805591,7
3223708,9.919481691238792,5
3223719,9.780656743364279,11
3223729,9.785399615723719,10
3223738,9.82331536179001,9
3223749,9.761190724784115,11
3223759,9.430004875645022,10
3223764,9.914830675473295,5
3223773,9.823157204976498,9
3223785,9.727010915738433,12
3223788,9.954473403896834,3
3223792,9.948094803421233,4
3223802,9.799408098330607,10
3223809,9.858009886547354,7
3223812,9.959696422755398,3
3223819,9.66406005939718,7
3223824,9.90639123545125,5
3223835,9.771611926326434,11
3223839,9.929298146384465,4
3223849,9.770638633214931,10
3223850,10.0,1
3223860,9.822713493035304,10
3223861,10.0,1
3223867,9.880009363576809,6
3223880,9.721972949252388,13
3223881,10.0,1
3223886,9.901747464756555,5
3223890,9.943062812592823,4
3223908,9.542086252009376,18
3223912,9.935084475100638,4
3223919,9.85208896070971,7
3223924,9.923672832249133,5
3223930,9.900858277683241,6
3223936,9.889444756063645,6
3223943,9.885774941203945,7
3223950,9.880590795044196,7
3223959,9.82290238700118,9
3223968,9.82366334533619,9
3223973,9.91695451589836,5
3223981,9.82658344405639,8
3223995,9.735183940872624,14
3224004,9.850674468498369,9
3224009,9.915405739554226,5
3224011,9.971540608342378,2
3224025,9.670894778969059,14
3224037,9.741634855360052,12
3224043,9.913897156878322,6
3224056,9.743678991703817,13
3224068,9.796003401867608,12
3224079,9.769686829534363,11
3224093,9.69018237024691,14
3224101,9.863999383976406,8
3224112,9.782840044514941,11
3224126,9.66427726433152,14
3224137,9.779409162206074,11
3224143,9.882291575516884,6
3224148,9.716035729077616,5
3224155,9.853363720974222,7
3224165,9.822836157829178,10
3224174,9.804369410907643,9
3224184,9.809306231609938,10
3224198,9.663070027495182,14
3224202,9.93722701086299,4
3224211,9.837160911108265,9
3224219,9.827591946877137,8
3224226,9.87196529919554,7
3224241,9.667222750075945,15
3224248,9.872505934761637,7
3224251,9.956719415500629,3
3224262,9.765534001611575,11
3224270,9.833211416094244,8
3224286,9.661211719913307,16
3224299,9.714101445728412,13
3224300,10.0,1
3224311,9.789984981100798,11
3224321,9.771860602406733,10
3224330,9.833102551366274,9
3224346,9.646680495257009,16
3224352,9.87811109654764,6
3224359,9.878865573653226,7
3224370,9.809379061600767,11
3224378,9.876901683213946,8
3224392,9.714514424426188,14
3224399,9.878545446687795,7
3224406,9.890435239310275,7
3224409,9.95927289199372,3
3224431,9.463515341664214,22
3224438,9.887867514529523,7
3224448,9.807645953977525,10
3224458,9.790802868037915,10
3224467,9.798941427891451,9
3224474,9.871283013825055,7
3224486,9.6455173384803,12
3224497,9.751140598107096,11
3224509,9.746693480352066,12
3224528,9.629647031162762,19
3224533,9.911322490824366,5
3224551,9.607322184376612,18
3224558,9.858000335141108,7
3224573,9.639851393639649,15
3224578,9.919304332085419,5
3224587,9.813091093392327,9
3224588,10.0,1
3224597,9.831177990494155,9
3224598,10.0,1
3224611,9.72098021156472,13
3224624,9.720794649462636,13
3224631,9.877147938246228,7
3224633,9.977542519148907,2
3224643,9.808371523096682,10
3224656,9.69697981705435,13
3224661,9.91669701699517,5
3224665,9.92607354213351,4
3224671,9.885596100075754,6
3224683,9.741675045519932,12
3224697,9.679506542170829,14
3224707,9.802126978960922,10
3224716,9.835092621239255,9
3224721,9.919196250525538,5
3224729,9.845232633174279,8
3224733,9.937099847950458,4
3224734,10.0,1
3224744,9.812333815740221,10
3224760,9.61062526987604,16
3224764,9.926437623465018,4
3224769,9.930001224622517,5
3224776,9.884500348251281,7
3224781,9.914017594742122,5
3224791,9.803197744563768,10
3224797,9.900361582183892,6
3224812,9.70718583140143,15
3224822,9.793471248859356,10
3224829,9.854569992521256,7
3224835,9.895280912369183,6
3224845,9.817351661404198,10
3224849,9.932184459277238,4
3224856,9.87917311204896,7
3224858,9.978993836471886,2
3224859,9.993053411104855,1
3224871,9.726933757110082,12
3224872,10.0,1
3224873,9.987143534692278,1
3224885,9.754344392128234,12
3224895,9.776787313844702,10
3224904,9.816292126392742,9
3224905,10.0,1
3224913,9.836314002250075,8
3224917,9.936319927782701,4
3224926,9.808119654556648,9
3224936,9.823660721522396,10
3224952,9.687958944239055,16
3224962,9.81307173591787,10
3224964,9.974015404464252,2
3224974,9.790146633449364,10
3224981,9.873198628207447,7
3224988,9.868327883375272,7
3225001,9.736652073409957,13
3225013,9.739003674290348,12
3225027,9.67082213722433,14
3225033,9.891730567331793,6
3225044,9.73218184193004,11
3225054,9.782013098029648,10
3225056,9.974317287277575,2
3225057,10.0,1
3225066,9.81692032991584,9
3225076,9.783524983399067,10
3225087,9.790400705851697,11
3225091,9.936165809983779,4
3225097,9.907768995480767,6
3225106,9.829375484782865,9
3225115,9.811216819441293,9
3225120,9.915271099597755,5
3225135,9.669131150944027,15
3225140,9.939231623870922,5
3225148,9.860413940281454,8
3225161,9.709409522380847,13
3225170,9.855945262575162,9
3225181,9.764287530895757,11
3225188,9.876975657328861,7
3225205,9.626679241490386,17
3225217,9.722751427539755,12
3225224,9.88747811839156,7
3225225,10.0,1
3225226,10.0,1
3225232,9.907951571520487,6
3225241,9.845545290200677,9
3225242,10.0,1
3225254,9.723877116370673,12
3225264,9.814860700067348,10
3225270,9.90278536284536,6
3225278,9.860712043649906,8
3225289,9.755597484830588,11
3225296,9.85237561495432,7
3225304,9.861657161693923,8
3225319,9.580411850574242,15
3225330,9.773771918172717,11
3225333,9.960861515365016,3
3225346,9.718550013629095,13
3225356,9.782786630700006,10
3225369,9.71579570023587,13
3225401,9.183620366180026,32
3225415,9.705905252239198,14
3225427,9.762765044679103,12
3225432,9.939856669540285,5
3225433,9.988960085811932,1
3225443,9.783966363578426,10
3225454,9.822658705828774,11
3225468,9.710985972584998,14
3225472,9.93568705932822,4
3225482,9.7720904212828,10
3225491,9.819076134014987,9
3225495,9.927508068829614,4
3225496,10.0,1
3225500,9.941665142350445,4
3225506,9.90673648974997,6
3225509,9.96350273359072,3
3225518,9.806258160643011,9
3225519,9.996284648176339,1
3225525,9.912752430426387,6
3225539,9.69578416778019,14
3225553,9.686732255080436,14
3225566,9.713470185125358,13
3225576,9.777054277813717,10
3225585,9.820770041943135,9
3225597,9.741664607447408,12
3225604,9.883252835973028,7
3225605,10.0,1
3225618,9.704283030672778,13
3225632,9.712965937277783,14
3225649,9.605806675455069,17
3225657,9.824037146011003,8
3225667,9.810057670814297,10
3225671,9.927849203726034,4
3225677,9.870060566729107,6
3225688,9.767297800306954,11
3225690,9.969423720803732,2
3225696,9.896871016624688,6
3225708,9.766158922993476,12
3225709,10.0,1
3225719,9.806318100014598,10
3225720,10.0,1
3225729,9.808941667268655,9
3225744,9.666580448384916,15
3225754,9.790877894821048,10
3225766,9.627518600706177,12
3225774,9.866718837586273,8
3225784,9.790368168410382,10
3225795,9.758527772313668,11
3225805,9.81985937491692,10
3225812,9.8545960938769,7
3225821,9.811007651053124,9
3225829,9.865902843462342,8
3225835,9.888075736305229,6
3225836,10.0,1
3225849,9.734206885835786,13
3225855,9.905845933899982,6
3225859,9.944746999960755,4
3225867,9.828388853763359,8
3225882,9.716657784639926,15
3225886,9.94344773620794,4
3225898,9.741039759766611,12
3225903,9.907155145245055,5
3225911,9.852954284763943,8
3225913,9.981116983630553,2
3225923,9.805289478910236,10
3225935,9.741334939555644,12
3225944,9.833865816757303,9
3225953,9.808552447154463,9
3225957,9.932618017762278,4
3225958,10.0,1
3225975,9.631011334740395,17
3225985,9.79451118043053,10
3225991,9.899603007097996,6
3226003,9.531872446947514,12
3226009,9.898160451386323,6
3226010,10.0,1
3226016,9.893864435437418,6
3226029,9.751434788077168,13
3226034,9.90080925679125,5
3226046,9.736146537580169,12
3226064,9.475910739563098,18
3226070,9.9053092949893,6
3226085,9.670359623604057,15
3226089,9.943297869765882,4
3226099,9.766159907141398,10
3226108,9.834802683020305,9
3226116,9.83586095912065,8
3226128,9.74651173740938,12
3226145,9.639436214677662,17
3226164,9.546005512783765,19
3226175,9.801675502561567,11
3226182,9.855327989622648,7
3226197,9.664874024005407,15
3226211,9.693524335507655,14
3226222,9.758111317644062,11
3226229,9.844342354477345,7
3226238,9.82144540011685,9
3226256,9.58544193954567,18
3226260,9.930249215096659,4
3226269,9.81231212450851,9
3226281,9.75035100863499,12
3226282,10.0,1
3226292,9.832413219045371,10
3226293,9.986673033367547,1
3226297,9.940263229855123,4
3226313,9.544924206745824,16
3226322,9.814755685884807,9
3226335,9.707010167674214,13
3226347,9.723242006526679,12
3226358,9.800986371432847,11
3226376,9.599365286888565,18
3226377,9.991894636621799,1
3226383,9.887543124849966,6
3226396,9.721614272284024,13
3226404,9.833974030900631,8
3226412,9.870375589260313,8
3226421,9.79247819249621,9
3226423,9.985219792878754,2
3226435,9.761312888124111,12
3226445,9.769120370377264,10
3226449,9.943685913928059,4
3226460,9.780019379143175,11
3226463,9.959218507840005,3
3226478,9.694223221247414,15
3226483,9.923529607993146,5
3226496,9.684674588028392,13
3226504,9.843088766223936,8
3226519,9.664223024053815,15
3226526,9.78351856927344,7
3226541,9.642375378377794,15
3226558,9.644558285807719,17
3226563,9.919799977117757,5
3226569,9.875213277366619,6
3226576,9.852952936725517,7
3226582,9.890894641430311,6
3226589,9.842515653482284,7
3226591,9.974023288786972,2
3226603,9.734013693034967,12
3226607,9.950522934460933,4
3226611,9.945901707858532,4
3226620,9.80205707159663,9
3226635,9.664954153026084,15
3226644,9.829741291822158,9
3226660,9.43918427882974,16
3226676,9.621025639956192,16
3226683,9.865780093460883,7
3226692,9.81797758038067,9
3226702,9.796526242138205,10
3226712,9.7933262689431,10
3226720,9.849928118211004,8
3226732,9.767618478455372,12
3226741,9.851647046473602,9
3226748,9.884757002190725,7
3226760,9.762973822771272,12
3226773,9.701879264564932,13
3226778,9.909391444596228,5
3226789,9.780142627876693,11
3226793,9.94323569152763,4
3226801,9.84435913720907,8
3226809,9.839804950752056,8
3226810,9.996208965178138,1
3226819,9.808943776581017,9
3226820,10.0,1
3226832,9.752556846151004,12
3226842,9.769219361224888,10
3226854,9.72662340081627,12
3226864,9.781248738749232,10
3226869,9.725041233039265,5
3226875,9.887314866153607,6
3226893,9.623232391504779,18
3226904,9.769595089641204,11
3226910,9.89110726811864,6
3226913,9.954551550762487,3
3226918,9.916631101221462,5
3226924,9.90078962517959,6
3226937,9.713972593852748,13
3226939,9.980192274111648,2
3226948,9.83404711507147,9
3226954,9.898810694214475,6
3226963,9.826075396871484,9
3226969,9.903272334444502,6
3226982,9.712656870053685,13
3226986,9.927153365084388,4
3226987,10.0,1
3226995,9.87069761528875,8
3227010,9.663812559819615,15
3227014,9.924895668110024,4
3227021,9.852061704415943,7
3227032,9.761967309035432,11
3227041,9.839103398132144,9
3227048,9.901965120003352,7
3227055,9.866942933942864,7
3227067,9.704693140045297,12
3227076,9.833164563004583,9
3227083,9.859980685461966,7
3227092,9.821813679886668,9
3227108,9.604918971928333,16
3227116,9.825693244617108,8
3227121,9.91805157828415,5
3227128,9.873460438718473,7
3227140,9.660764126651777,12
3227145,9.919392261358771,5
3227161,9.615182004259394,16
3227168,9.867819167407882,7
3227171,9.947097528820526,3
3227172,10.0,1
3227186,9.659803383321437,14
3227197,9.778389163590143,11
3227204,9.879632453929679,7
3227213,9.833326156850333,9
3227219,9.880132561028649,6
3227228,9.815891330859047,9
3227243,9.711824249921298,15
3227250,9.872752096866773,7
3227259,9.83554496897039,9
3227274,9.666775628742998,15
3227302,8.97704199552246,28
3227309,9.885701852269513,7
3227325,9.65645699221971,16
3227333,9.863765995569683,8
3227334,10.0,1
3227341,9.884312026127883,7
3227344,9.956827779144398,3
3227349,9.931193380208422,5
3227358,9.79276137026386,9
3227363,9.919564186872252,5
3227371,9.855347130721247,8
3227375,9.948594196945194,4
3227387,9.710298039738404,12
3227389,9.985647392345582,2
3227392,9.952571668598287,3
3227402,9.785007268231146,10
3227412,9.825057425752975,10
3227420,9.848581642588652,8
3227432,9.730271702312855,12
3227450,9.602852314996069,18
3227454,9.943074430870908,4
3227459,9.829256036179878,5
3227470,9.759409133040611,11
3227477,9.873755509393213,7
3227487,9.794392990016275,10
3227494,9.883460068225668,7
3227502,9.836599384584602,8
3227512,9.799129488319377,10
3227513,9.993104717386055,1
3227523,9.819993302526097,10
3227542,9.552921504248326,19
3227546,9.934173541078046,4
3227554,9.818218669611134,8
3227564,9.812962022394393,10
3227576,9.758029146434348,12
3227589,9.742804595748375,13
3227596,9.881320781382946,7
3227613,9.636594841141711,17
3227618,9.918314481831155,5
3227619,10.0,1
3227628,9.79782308908518,9
3227635,9.872873692076627,7
3227650,9.704386680378539,15
3227660,9.790692512613694,10
3227667,9.862654288275646,7
3227682,9.695006390914793,15
3227687,9.915616131649807,5
3227693,9.892503950588148,6
3227705,9.749834238713891,12
3227722,9.610043765258977,17
3227729,9.857940800512713,7
3227742,9.732084309396726,13
3227755,9.712691358281338,13
3227760,9.917280529639928,5
3227761,10.0,1
3227772,9.755278881825179,11
3227785,9.710910544277514,13
3227793,9.842172376677416,8
3227794,10.0,1
3227801,9.885319858517757,7
3227804,9.963609865686621,3
3227818,9.664724172155573,14
3227819,10.0,1
3227828,9.805505336726219,9
3227836,9.852922312036396,8
3227842,9.891314334584404,6
3227857,9.632306824867937,15
3227862,9.936775546490605,5
3227865,9.953638168212596,3
3227879,9.689137552063483,14
3227895,9.605046258767551,16
3227902,9.873481120135283,7
3227909,9.855731743207365,7
3227912,9.94785073846403,3
3227919,9.862829216257486,7
3227926,9.858185139982677,7
3227933,9.89233923866656,7
3227940,9.897394597614865,7
3227941,10.0,1
3227949,9.853552867069363,8
3227950,10.0,1
3227961,9.755171398216104,11
3227977,9.655112840648059,16
3227984,9.884689222315327,7
3227986,9.969212659482725,2
3227987,10.0,1
3227994,9.879379344454026,7
3228004,9.796276030023378,10
3228005,10.0,1
3228006,10.0,1
3228020,9.690344232046774,14
3228032,9.733479689359584,12
3228034,9.985498496652896,2
3228040,9.896821946633201,6
3228046,9.892879501772521,6
3228050,9.931897976649644,4
3228058,9.855938224418908,8
3228073,9.669627366480762,15
3228077,9.944929917148173,4
3228093,9.631159553331553,16
3228099,9.888043674699066,6
3228107,9.827016521682298,8
3228111,9.939764380637707,4
3228119,9.872860658785664,8
3228124,9.929280957265279,5
3228128,9.939906785374877,4
3228129,10.0,1
3228140,9.792714595278978,11
3228153,9.744418449516685,13
3228154,10.0,1
3228166,9.730023341046643,12
3228173,9.895805318382317,7
3228177,9.932309616399417,4
3228188,9.760639769162708,11
3228200,9.547862178361125,12
3228209,9.819425596363137,9
3228210,10.0,1
3228217,9.881448809525267,7
3228230,9.721654504753523,13
3228239,9.814209757206267,9
3228240,9.996620106327994,1
3228245,9.899225746639123,5
3228256,9.741608457009336,11
3228261,9.92779782989717,5
3228269,9.863907170018713,8
3228280,9.775708034941035,11
3228286,9.912007317976885,6
3228295,9.813910811212672,9
3228308,9.707770721755386,13
3228314,9.89858127372645,6
3228329,9.71531886106867,15
3228355,9.354813179948659,26
3228365,9.509185236714242,10
3228369,9.946175053401234,4
3228380,9.798679097410826,11
3228394,9.697668547159203,14
3228403,9.853243384672126,9
3228414,9.748023139960733,11
3228422,9.839725813787615,8
3228430,9.840486083021993,8
3228431,9.992648818442431,1
3228444,9.724476539425597,13
3228456,9.724996872447191,12
3228461,9.919483991759071,5
3228473,9.766531926619693,12
3228487,9.724898909261132,14
3228497,9.807937031903508,10
3228503,9.897402097020672,6
3228515,9.739027850718273,12
3228520,9.908216868987392,5
3228522,9.973244588949791,2
3228525,9.955746514111722,3
3228537,9.724278090890524,12
3228547,9.694910018098554,10
3228553,9.883702190850316,6
3228564,9.749515962306882,11
3228566,9.978029192099523,2
3228579,9.746152986527855,13
3228588,9.859785545426893,9
3228592,9.95259819718901,4
3228596,9.946465913131807,4
3228611,9.659964741558461,15
3228613,9.970463948722715,2
3228622,9.827169779541961,9
3228635,9.70396460954888,13
3228645,9.777267131949186,10
3228650,9.904980399015114,5
3228660,9.77315151407834,10
3228666,9.905126914806479,6
3228673,9.850220684072568,7
3228685,9.71966546781506,12
3228701,9.62860109676666,16
3228714,9.72415110208667,13
3228719,9.925616132974184,5
3228729,9.79831634888744,10
3228743,9.73251631344184,14
3228748,9.919413789704603,5
3228749,10.0,1
3228750,10.0,1
3228751,10.0,1
3228758,9.872764537209864,7
3228764,9.89086069746296,6
3228770,9.885924270429186,6
3228771,10.0,1
3228780,9.80536316973047,9
3228788,9.855591106346616,8
3228804,9.63421577717291,16
3228806,9.98169704451008,2
3228817,9.76055063089535,11
3228828,9.745447491934241,11
3228831,9.958896797315736,3
3228832,10.0,1
3228833,10.0,1
3228853,9.50957778363542,20
3228857,9.935379924449233,4
3228865,9.84502999778518,8
3228878,9.701481403550215,13
3228887,9.828073531127199,9
3228895,9.867594943809472,8
3228897,9.97543788217452,2
3228903,9.894031773671713,6
3228914,9.772353328969242,11
3228929,9.675852589626896,15
3228939,9.77540955064669,10
3228952,9.727278809239419,13
3228962,9.781038468716986,10
3228972,9.811960442969276,10
3228981,9.808133508690373,9
3228990,9.818246672065811,9
3229004,9.126827943641231,14
3229011,9.857906976132515,7
3229016,9.923846394369333,5
3229026,9.806352933809572,10
3229039,9.712014650295052,13
3229042,9.96339707162793,3
3229053,9.756270618144038,11
3229061,9.854760074606752,8
3229073,9.72196289157931,12
3229090,9.623552059187533,17
3229091,10.0,1
3229098,9.866948038562873,7
3229111,9.737839486976458,13
3229119,9.843370200888547,8
3229120,10.0,1
3229139,9.50582684402007,19
3229149,9.792821100941776,10
3229153,9.940601856714508,4
3229165,9.755549879166505,12
3229187,9.451530207841822,22
3229200,9.737702102525288,13
3229212,9.73809526385844,12
3229222,9.80346121125549,10
3229229,9.870469769006228,7
3229242,9.710538886765326,13
3229255,9.74502077231341,13
3229259,9.943111034038663,4
3229267,9.85075289445253,8
3229281,9.68571148118319,14
3229292,9.763938672409164,11
3229308,9.656484125933213,16
3229314,9.895864473295276,6
3229320,9.90625038609964,6
3229333,9.732085759959492,13
3229345,9.754300935388502,12
3229354,9.831463885432434,9
3229362,9.87166728676862,8
3229374,9.771005662494758,12
3229381,9.886386153784361,7
3229387,9.895643941834287,6
3229394,9.882124400174437,7
3229402,9.832252672824168,8
3229404,9.98414461908734,2
3229417,9.481628846717745,13
3229420,9.959524716021702,3
3229436,9.615587164242365,16
3229450,9.592759634124128,14
3229460,9.828285582388526,10
3229474,9.705386597193884,14
3229490,9.643549996407588,16
3229491,10.0,1
3229502,9.769188857214196,11
3229509,9.868868298091027,7
3229520,9.807515917302924,11
3229534,9.701123651510388,14
3229536,9.974289661788955,2
3229537,10.0,1
3229557,9.51261287061957,20
3229565,9.855483023084112,8
3229575,9.83744001172757,10
3229578,9.965383407271789,3
3229590,9.721075910958957,12
3229592,9.980930555100821,2
3229601,9.802327026115908,9
3229612,9.771687136559965,11
3229623,9.772213171175508,11
3229624,10.0,1
3229629,9.911848188018945,5
3229647,9.649827152610737,18
3229657,9.782490100808461,10
3229658,9.996573815713447,1
3229665,9.864868334348932,7
3229673,9.85975700327096,8
3229684,9.771927732120389,11
3229701,9.633242252239514,17
3229711,9.809381333089613,10
3229712,10.0,1
3229723,9.684677442935072,11
3229734,9.769723303809405,11
3229735,9.996488741690152,1
3229752,9.573688994603241,17
3229763,9.764136219658765,11
3229770,9.858469233173464,7
3229785,9.674252722521576,15
3229787,9.984408562740997,2
3229795,9.844653089839733,8
3229810,9.711796866099496,15
3229821,9.775817740362665,11
3229834,9.49603809456673,13
3229841,9.86251953957434,7
3229852,9.773392239260156,11
3229860,9.8489458275616,8
3229869,9.852405264688903,9
3229875,9.902338932144987,6
3229880,9.911966273363793,5
3229881,10.0,1
3229907,9.41774307387125,26
3229911,9.949062727497333,4
3229920,9.815382084271713,9
3229922,9.977903800275996,2
3229923,10.0,1
3229931,9.842985452232224,8
3229938,9.855063252333853,7
3229948,9.786043154256546,10
3229959,9.765828973066942,11
3229965,9.913043913865343,6
3229974,9.81531278370393,9
3229987,9.709901901945054,13
3230002,9.69236843373373,15
3230012,9.81496001608469,10
3230024,9.732320509451023,12
3230038,9.680471556341354,14
3230042,9.935008973545777,4
3230057,9.664741363160651,15
3230066,9.81631429667823,9
3230077,9.766657388042997,11
3230087,9.774523535333502,10
3230098,9.769122440146248,11
3230104,9.895564288769972,6
3230108,9.92692412068803,4
3230115,9.868124081678475,7
3230123,9.862599318394551,8
3230135,9.749710398784977,12
3230141,9.900441827498625,6
3230151,9.791395686613988,10
3230161,9.677132752560311,10
3230175,9.729065398724266,14
3230190,9.66603351483428,15
3230202,9.75858471536854,12
3230209,9.872351799468193,7
3230217,9.84038647746194,8
3230227,9.78304781733586,10
3230238,9.776468091969738,11
3230253,9.63878176937186,15
3230260,9.870385559645884,7
3230267,9.867512129761362,7
3230277,9.788618647141744,10
3230294,9.612851095499282,17
3230301,9.861021195834043,7
3230315,9.679730920440395,14
3230322,9.881165173062953,7
3230334,9.736750799745316,12
3230341,9.860094584074101,7
3230349,9.858845134044937,8
3230368,9.345483781306589,19
3230379,9.770906565133554,11
3230391,9.721010596825037,12
3230410,9.56886388001948,19
3230413,9.957506822393318,3
3230428,9.672784240719658,15
3230439,9.75767422124093,11
3230447,9.835736008885718,8
3230455,9.827846485265097,8
3230456,10.0,1
3230458,9.982490468257321,2
3230467,9.817327741124926,9
3230477,9.797908855846677,10
3230485,9.845624898462189,8
3230501,9.640107725633825,16
3230513,9.708266905929557,12
3230525,9.723225231454647,12
3230535,9.781612314482848,10
3230536,9.989284847722107,1
3230555,9.373432281112315,19
3230567,9.734378595507598,12
3230574,9.87504225508109,7
3230578,9.947896370167058,4
3230583,9.9211086642579,5
3230591,9.834596643968252,8
3230600,9.790473922500242,9
3230601,10.0,1
3230613,9.765865188246584,12
3230621,9.836603256725994,8
3230626,9.924560506748474,5
3230633,9.878962323909574,7
3230639,9.911033176545184,6
3230640,10.0,1
3230647,9.883936426364135,7
3230658,9.729360031570877,11
3230670,9.766954524174944,12
3230692,9.548242960440088,22
3230696,9.931253853667116,4
3230706,9.796802576075828,10
3230707,10.0,1
3230719,9.736622188710756,12
3230735,9.696391562492686,16
3230744,9.806171200238353,9
3230751,9.875320142773692,7
3230765,9.67676702574515,14
3230778,9.704060559000732,13
3230782,9.95080094908359,4
3230785,9.951771021572647,3
3230787,9.970443876670393,2
3230801,9.670164567332861,14
3230803,9.978192991966795,2
3230811,9.84913854935201,8
3230812,10.0,1
3230825,9.707138392631958,13
3230833,9.842883692883863,8
3230840,9.883851857096108,7
3230843,9.968315216345545,3
3230853,9.780947040865282,10
3230858,9.910001916265678,5
3230859,10.0,1
3230863,9.943190723400805,4
3230877,9.701633436049521,14
3230884,9.87321440796373,7
3230896,9.740775842800772,12
3230906,9.802055704935698,10
3230917,9.756342204979122,11
3230926,9.739279368907097,9
3230935,9.82256772997555,9
3230941,9.902672935363393,6
3230953,9.751805343867183,12
3230954,10.0,1
3230967,9.713866902123465,13
3230976,9.79629626391153,9
3230986,9.79918966661824,10
3230997,9.744240629530308,11
3231004,9.881023803591521,7
3231009,9.919119026330895,5
3231017,9.822375877345882,8
3231025,9.840145306840425,8
3231034,9.824554787005972,9
3231041,9.879305215215709,7
3231055,9.695022942758989,14
3231057,9.972796545736738,2
3231064,9.882018154601974,7
3231078,9.697517675875307,14
3231082,9.931648004852148,4
3231083,9.989752135175596,1
3231091,9.825809932794625,8
3231097,9.911450160545927,6
3231107,9.770655034660532,10
3231123,9.668142232697813,16
3231128,9.91860018001568,5
3231135,9.879093731924282,7
3231148,9.762084474033381,13
3231149,10.0,1
3231157,9.843847207169366,8
3231170,9.714084828529694,13
3231176,9.883019900031432,6
3231179,9.950822393079289,3
3231187,9.86706046368496,8
3231198,9.801434948572007,11
3231208,9.820746138963116,10
3231209,10.0,1
3231213,9.934517542138973,4
3231228,9.725048476878394,15
3231233,9.91180524347687,5
3231246,9.713699047025852,13
3231259,9.725712779937744,13
3231264,9.91693205705632,5
3231277,9.706237072006331,13
3231280,9.95780517034526,3
3231290,9.806157340232494,10
3231294,9.94522085508735,4
3231303,9.815829764683338,9
3231311,9.823691131927323,8
3231318,9.87968718320991,7
3231325,9.876040912262388,7
3231342,9.578178574774174,17
3231348,9.867922611619163,6
3231353,9.92149672194165,5
3231363,9.790879995643563,10
3231382,9.538170082246998,19
3231387,9.931697089174241,5
3231398,9.79052533395739,11
3231403,9.92829581107063,5
3231412,9.830562469327763,9
3231418,9.891460196702187,6
3231432,9.722121727364039,14
3231439,9.88540084557616,7
3231440,9.99246050957618,1
3231448,9.86201907115361,8
3231461,9.7325279573531,13
3231464,9.970638763302128,3
3231475,9.750754373903385,11
3231476,9.996276498401034,1
3231487,9.765211420638256,11
3231496,9.714655979096884,9
3231504,9.813761094254517,8
3231511,9.869300247234127,7
3231520,9.812566886035897,9
3231527,9.86024785741664,7
3231534,9.863190018164092,7
3231539,9.914717410418833,5
3231543,9.936737936786354,4
3231545,9.983178076518673,2
3231550,9.925765321877618,5
3231562,9.744567232604151,12
3231567,9.913599202580208,5
3231572,9.919353738599229,5
3231583,9.789357422595591,11
3231593,9.808335578884126,10
3231595,9.976451506113145,2
3231596,10.0,1
3231604,9.853610176481832,8
3231621,9.62797183716508,17
3231635,9.72437612215417,14
3231648,9.738184973063815,13
3231649,9.996403080985965,1
3231664,9.719952593862205,15
3231679,9.55429706303903,15
3231685,9.891015638168051,6
3231696,9.75371834284845,11
3231703,9.876252247302801,7
3231716,9.621654098811403,13
3231727,9.739343090032747,11
3231734,9.878494770879641,7
3231746,9.73363609963502,12
3231764,9.611110172452312,18
3231779,9.709419758699433,15
3231793,9.700675963699684,14
3231803,9.795332430988879,10
3231812,9.823444165229498,9
3231813,10.0,1
3231824,9.794137221198184,11
3231838,9.696754566299976,14
3231851,9.742890372937723,13
3231869,9.580400457831955,18
3231879,9.786681857555179,10
3231883,9.925430636742812,4
3231891,9.835510027080307,8
3231901,9.792302975694149,10
3231909,9.83256350967839,8
3231914,9.902101761663676,5
3231915,10.0,1
3231922,9.878554562629743,7
3231934,9.712366962341433,12
3231938,9.936250694861885,4
3231950,9.759520233549136,12
3231951,10.0,1
3231963,9.752508697693608,12
3231975,9.735202391634116,12
3231987,9.580597382030742,12
3231988,9.996568674450511,1
3231994,9.890437994051261,6
3232000,9.907232565101346,6
3232010,9.81242276586336,10
3232019,9.846235130398773,9
3232030,9.764928961876587,11
3232034,9.930838539636406,4
3232044,9.800731997203195,10
3232049,9.924102715154879,5
3232058,9.857791512598089,9
3232070,9.807053607904638,12
3232071,10.0,1
3232080,9.841822133555134,9
3232081,10.0,1
3232092,9.78688673300715,11
3232093,9.993251686229353,1
3232095,9.970691694540294,2
3232107,9.717998071207226,12
3232123,9.637980954961904,16
3232127,9.928174100240614,4
3232132,9.921820673302475,5
3232146,9.719662565534067,14
3232161,9.70129891275284,15
3232167,9.894266023287454,6
3232180,9.722882641729614,13
3232187,9.858018773675079,7
3232198,9.77126635640589,11
3232199,9.98772697926398,1
3232203,9.927667191655887,4
3232214,9.787025917699928,11
3232228,9.713340823155137,14
3232236,9.84821577366434,8
3232247,9.7772364481635,11
3232256,9.84418833128274,9
3232266,9.785646761772291,10
3232271,9.933875897762189,5
3232284,9.696980438316478,13
3232299,9.63402082931329,15
3232312,9.636326062850944,13
3232326,9.664876230150176,14
3232334,9.861155691771858,8
3232345,9.769731124388608,11
3232353,9.84506214834251,8
3232361,9.832844768327943,8
3232365,9.929099420167667,4
3232373,9.843149649847769,8
3232386,9.704774141253749,13
3232388,9.974610022107361,2
3232400,9.803257862153657,12
3232408,9.865665471948203,8
3232411,9.950946076897022,3
3232418,9.889440016861101,7
3232424,9.899362863949445,6
3232444,9.600682001276931,20
3232451,9.875613353323276,7
3232461,9.79730893990168,10
3232470,9.737971823361192,9
3232489,9.602610392199045,19
3232502,9.685716010765944,13
3232503,10.0,1
3232517,9.656997853644738,14
3232519,9.97882878339072,2
3232531,9.724324441580292,12
3232536,9.928211251865058,5
3232546,9.790312640938307,10
3232553,9.860086014540238,7
3232560,9.854062658129639,7
3232567,9.874628021684952,7
3232575,9.84491637787536,8
3232582,9.8945417225893,7
3232585,9.967737634932414,3
3232598,9.703345954439884,13
3232608,9.808316332492494,10
3232618,9.810815040264867,10
3232630,9.751182360220188,12
3232637,9.862119205975919,7
3232645,9.83887193262308,8
3232652,9.908210637278792,7
3232653,10.0,1
3232666,9.719207292443047,13
3232674,9.851295741286473,8
3232687,9.752236394437954,13
3232692,9.902799552548382,5
3232706,9.654341758813665,14
3232719,9.742415094025525,13
3232728,9.708126678791436,9
3232734,9.887469326878199,6
3232737,9.967826766795682,3
3232750,9.760053961050309,13
3232759,9.82183085989527,9
3232766,9.860193229178263,7
3232772,9.880957387208586,6
3232780,9.872757945712547,8
3232791,9.796667984076873,11
3232801,9.794153376363429,10
3232814,9.709023181318452,13
3232819,9.929110857964144,5
3232828,9.796273677245098,9
3232839,9.777190510004313,11
3232846,9.858854045382595,7
3232863,9.68126265603634,17
3232866,9.964696565579391,3
3232873,9.8459207062756,7
3232892,9.574031266914677,19
3232904,9.761931800956916,12
3232920,9.442441658603512,16
3232927,9.868142155026531,7
3232935,9.839856853599475,8
3232947,9.733949534341033,12
3232958,9.787410666902332,11
3232970,9.724147865640598,12
3232979,9.8447806385629,9
3232988,9.826888558754607,9
3232998,9.835446453458749,10
3233008,9.812233251718155,10
3233016,9.859665275560523,8
3233023,9.878006222252182,7
3233031,9.827601922668324,8
3233045,9.70820112686745,14
3233050,9.913173038776595,5
3233060,9.790023522207356,10
3233061,10.0,1
3233072,9.773160141941684,11
3233073,10.0,1
3233083,9.813499479407911,10
3233093,9.791039352691778,10
3233094,10.0,1
3233102,9.844051787070418,8
3233113,9.749744478686845,11
3233129,9.64068270107431,16
3233147,9.67404809934111,18
3233159,9.734328610380244,12
3233172,9.73912219696646,13
3233173,9.99659281570837,1
3233181,9.865105267957802,8
3233187,9.888296781776459,6
3233188,10.0,1
3233202,9.681306272558516,14
3233211,9.829868500869727,9
3233212,10.0,1
3233213,10.0,1
3233214,10.0,1
3233226,9.732941137548288,12
3233240,9.678833382567689,14
3233246,9.908712982640461,6
3233254,9.852412959060118,8
3233263,9.83981159125524,9
3233264,10.0,1
3233268,9.9356203534079,4
3233275,9.847266440756753,7
3233276,9.988330523227756,1
3233278,9.973507889767468,2
3233287,9.826908832967083,9
3233293,9.893422815574825,6
3233294,10.0,1
3233301,9.869731402949842,7
3233318,9.635658317072343,17
3233322,9.9384450009702,4
3233332,9.780953798019313,10
3233350,9.275704472713265,18
3233357,9.86061662853831,7
3233366,9.716404729890716,9
3233375,9.797892334976328,9
3233382,9.885038150041229,7
3233383,9.987105556270718,1
3233384,10.0,1
3233390,9.912840740655495,6
3233404,9.694782671574373,14
3233418,9.691566642782037,14
3233429,9.743828108016432,11
3233442,9.288816317531854,13
3233454,9.537829585782731,12
3233466,9.739163292858708,12
3233477,9.757368986938175,11
3233478,10.0,1
3233482,9.951945956468464,4
3233483,10.0,1
3233486,9.959369601508635,3
3233498,9.732890133922089,12
3233508,9.77167395266938,10
3233514,9.877182739295243,6
3233515,9.991235207534103,1
3233522,9.87477684663267,7
3233523,9.986534286628487,1
3233531,9.822786667908266,8
3233537,9.907704037408283,6
3233540,9.962185996759237,3
3233541,10.0,1
3233549,9.828942947293731,8
3233559,9.77463425238449,10
3233570,9.77061482883512,11
3233571,9.98840948185234,1
3233578,9.87888606420038,7
3233583,9.914899921089049,5
3233596,9.698070796316319,13
3233601,9.93063713314364,5
3233612,9.75331025907433,11
3233621,9.815285476139463,9
3233628,9.692694945403352,7
3233633,9.91304348226189,5
3233642,9.855435303289816,9
3233648,9.887403596491849,6
3233653,9.937019529008657,5
3233654,9.988637259837569,1
3233662,9.851992199838618,8
3233675,9.745898649192398,13
3233688,9.74536372505766,13
3233697,9.835916343960653,9
3233711,9.675601328396016,14
3233720,9.827046700670824,9
3233730,9.776434903712326,10
3233731,10.0,1
3233733,9.976939533091437,2
3233751,9.702272850512127,18
3233762,9.848619689968675,11
3233765,9.946385064990586,3
3233774,9.808179557883104,9
3233786,9.765365614734224,12
3233797,9.760390462234096,11
3233804,9.89831026249675,7
3233818,9.699504168864948,14
3233823,9.928159786051069,5
3233835,9.751547150131602,12
3233843,9.829056111378952,8
3233844,10.0,1
3233848,9.936921388716478,4
3233850,9.984243473640825,2
3233859,9.812355605971828,9
3233870,9.77873364921669,11
3233879,9.82411734661181,9
3233887,9.822228987876954,8
3233893,9.908609455557162,6
3233902,9.817198516365417,9
3233909,9.850861507717664,7
3233917,9.849799560579251,8
3233925,9.84356885166008,8
3233934,9.856435775020369,9
3233941,9.863678599285118,7
3233942,10.0,1
3233943,10.0,1
3233949,9.888564933513548,6
3233951,9.968125575610628,2
3233957,9.878656579586362,6
3233961,9.937498614433391,4
3233972,9.788562589279701,11
3233978,9.895565574956343,6
3233979,10.0,1
3233981,9.97781216246057,2
3233986,9.906706452830036,5
3233991,9.917302917770206,5
3233999,9.841440833643883,8
3234002,9.957458263358255,3
3234013,9.771352600137883,11
3234017,9.943661286377495,4
3234024,9.879362863829597,7
3234033,9.81926102315863,9
3234044,9.769044190314494,11
3234060,9.642406502629616,16
3234066,9.903992825265032,6
3234077,9.756883816121046,11
3234090,9.729188243254278,13
3234095,9.929823480736424,5
3234104,9.867534748552767,9
3234113,9.834131883131608,9
3234114,10.0,1
3234124,9.79693486690119,10
3234125,10.0,1
3234135,9.804821487180888,10
3234148,9.727294795470364,13
3234155,9.874932293793986,7
3234168,9.724147816190515,13
3234169,10.0,1
3234170,10.0,1
3234183,9.707513325299493,13
3234191,9.85597082064892,8
3234192,10.0,1
3234198,9.895397047048153,6
3234211,9.727965230692806,13
3234212,9.989508727515554,1
3234224,9.72983049215507,12
3234232,9.836771379520197,8
3234241,9.829618043284695,9
3234247,9.893885045227256,6
3234262,9.680097186855319,15
3234266,9.93139954851718,4
3234269,9.965541166615688,3
3234270,10.0,1
3234274,9.935356308682568,4
3234281,9.859885155244227,7
3234291,9.782237650362447,10
3234301,9.786005883014521,10
3234306,9.896257794886562,5
3234312,9.883794809804629,6
3234323,9.667913830921323,11
3234330,9.876544232081168,7
3234337,9.889698093180026,7
3234345,9.86186827709325,8
3234361,9.515433794573843,16
3234376,9.70935679923025,15
3234388,9.741486663956401,12
3234402,9.715617533185185,14
3234409,9.864187672261897,7
3234420,9.750063458212335,11
3234431,9.772668688386592,11
3234441,9.815237302035829,10
3234444,9.960955476330087,3
3234454,9.700954953710264,10
3234455,9.992554235982496,1
3234460,9.906990745926704,5
3234469,9.716209250909223,9
3234483,9.72364828665025,14
3234491,9.854084771421718,8
3234498,9.864059374796016,7
3234516,9.672104619804404,18
3234517,10.0,1
3234525,9.846669115089872,8
3234533,9.851905400445467,8
3234539,9.889977088535419,6
3234552,9.756821079981764,13
3234562,9.781910787345787,10
3234563,10.0,1
3234567,9.946016697985835,4
3234577,9.585788772156185,10
3234586,9.819279006724136,9
3234591,9.926760525012442,5
3234603,9.732688632813575,12
3234617,9.70846490162985,14
3234626,9.800477575046392,9
3234629,9.947749321844924,3
3234638,9.846064314546691,9
3234645,9.86822621443085,7
3234646,10.0,1
3234657,9.72902338652196,11
3234658,10.0,1
3234666,9.861078397590294,8
3234667,9.993115202163652,1
3234671,9.945554704447277,4
3234680,9.848378746880261,9
3234693,9.706729410871302,13
3234700,9.878113890745734,7
3234705,9.913512271119327,5
3234716,9.789030696913981,11
3234733,9.621669545722984,17
3234739,9.899356041293869,6
3234750,9.769790670636814,11
3234752,9.973511592232601,2
3234760,9.83235648278687,8
3234767,9.888521215643799,7
3234774,9.883891114924035,7
3234787,9.740668589252246,13
3234798,9.775693251724276,11
3234813,9.655625246157074,15
3234830,9.61245377629792,17
3234831,10.0,1
3234843,9.74129817238257,12
3234849,9.904349157828642,6
3234864,9.660841317265817,15
3234874,9.827205707853814,10
3234883,9.800924103664808,9
3234893,9.784405536794845,10
3234900,9.866248267097188,7
3234909,9.80540318398268,9
3234924,9.649890560205645,15
3234933,9.800022095309377,9
3234947,9.699943443736057,14
3234948,10.0,1
3234949,10.0,1
3234960,9.795270806094084,11
3234974,9.686270744674095,14
3234984,9.770969990564081,10
3234994,9.813890980338991,10
3235019,9.418013773497362,25
3235032,9.700816579465886,13
3235044,9.624050611723465,12
3235045,10.0,1
3235055,9.386808271672272,10
3235064,9.845813023683034,9
3235069,9.906468755553439,5
3235080,9.754072603878184,11
3235092,9.747253325309023,12
3235105,9.710679100968077,13
3235113,9.87019420791437,8
3235122,9.826859049080566,9
3235131,9.82955500734813,9
3235136,9.922891900312743,5
3235153,9.578156961114443,17
3235162,9.85112136483583,9
3235173,9.58535216748293,11
3235181,9.851562960148843,8
3235195,9.716146093508284,14
3235206,9.781611755195616,11
3235211,9.917753331017828,5
3235224,9.73881798867534,13
3235225,9.996588685422056,1
3235226,10.0,1
3235230,9.950815798140352,4
3235238,9.867875727770098,8
3235244,9.887601101322547,6
3235261,9.67397687275169,17
3235277,9.634697142037052,16
3235282,9.930091634796039,5
3235283,9.988138455530466,1
3235292,9.792844401609921,9
3235293,9.988720815140814,1
3235307,9.683010339897102,14
3235313,9.906726306240785,6
3235321,9.855062997446627,8
3235330,9.818676468347125,9
3235341,9.744696346916129,11
3235349,9.823391040461454,8
3235361,9.720289971079113,12
3235370,9.82311176685237,9
3235381,9.7564408875906,11
3235390,9.826603548417202,9
3235391,10.0,1
3235399,9.846862257422577,8
3235408,9.823214399138442,9
3235411,9.966079781089249,3
3235421,9.8100369936185,10
3235422,10.0,1
3235431,9.817697993069935,9
3235439,9.853740386392774,8
3235450,9.819787728024313,11
3235950,-17.94913899214904,500
3235955,9.922978971410291,5
3235963,9.861368692628387,8
3235982,9.65920517807069,19
3235990,9.825351334310877,8
3235996,9.912566340767237,6
3236496,-54.06639443286339,500
3236504,9.877545756421073,8
3236514,9.810966474076931,10
3236527,9.618128177464753,13
3236543,9.589341464679284,16
3236549,9.898881869019295,6
3236555,9.911377522566992,6
3236564,9.809267521654448,9
3236573,9.833811640927722,9
3236584,9.788766531995234,11
3236600,9.641589284459073,16
3236606,9.905367179523314,6
3236616,9.813641913821424,10
3236621,9.90505007924705,5
3236628,9.891663922869634,7
3236636,9.848980697832431,8
3236637,10.0,1
3236642,9.911566601783088,5
3236660,9.383564092952833,18
3236661,10.0,1
3236669,9.841957000393787,8
3236682,9.684085917716883,13
3236691,9.820814590218514,9
3236692,10.0,1
3236696,9.949496180461372,4
3236700,9.947934780806333,4
3236712,9.765465695375848,12
3236724,9.781375987065932,12
3236727,9.953926566405205,3
3236736,9.80538603411093,9
3236737,10.0,1
3236748,9.763848469701749,11
3236757,9.827083404404112,9
3236766,9.793442775160997,9
3236775,9.835987389336646,9
3236786,9.814334639476176,11
3236791,9.922901393662249,5
3236797,9.874921832993651,6
3236807,9.792186866662778,10
3236814,9.875682230012554,7
3236815,10.0,1
3236816,9.99595531875362,1
3236817,9.9962201766681,1
3236831,9.663982538307005,14
3236832,10.0,1
3236836,9.93082997280904,4
3236837,10.0,1
3236848,9.819104092240412,11
3236854,9.9025387552307,6
3236857,9.964640974829022,3
3236871,9.68405337176716,14
3236879,9.857010461850763,8
3236883,9.949757299529331,4
3236898,9.703969277848527,15
3236902,9.947561691896029,4
3236923,9.508464549743387,21
3236933,9.78190905920713,10
3236948,9.697282770109162,15
3236963,9.684890197767281,15
3236981,9.628646506935635,18
3236990,9.795328583296373,9
3236999,9.827344323610863,9
3237008,9.853434350034934,9
3237011,9.968260081946514,3
3237027,9.62089496164315,16
3237035,9.843176890074997,8
3237044,9.8201084208102,9
3237050,9.899624009964219,6
3237051,10.0,1
3237052,9.9887606532906,1
3237061,9.809936952132482,9
3237074,9.725635771126322,13
3237083,9.834399606186135,9
3237085,9.968462260894077,2
3237102,9.613470472322936,17
3237103,10.0,1
3237107,9.930985891365658,4
3237120,9.720830503455305,13
3237125,9.907188236554328,5
3237134,9.805178392079823,9
3237143,9.840147754098032,9
3237149,9.875042735320653,6
3237153,9.840790735988993,4
3237154,10.0,1
3237155,9.992871008640348,1
3237655,-203.9365319609998,500
3238155,-213.10848664592191,500
3238655,-210.30352597222213,500
3238662,9.844097152369462,7
3238667,9.931027125047148,5
3238668,10.0,1
3238680,9.553081437790432,12
3238693,9.708066148468461,13
3238702,9.799035599027889,9
3238706,9.950450270469899,4
3238717,9.760449369954216,11
3238730,9.717748819714044,13
3238737,9.87525329011545,7
3238747,9.790371148984224,10
3238756,9.872121446991933,9
3238763,9.87659134375955,7
3238769,9.892554584250846,6
3238784,9.661940427801825,15
3238796,9.743097902033556,12
3238803,9.877327412441282,7
3238804,10.0,1
3238805,9.991065631118733,1
3238807,9.973157188465706,2
3238816,9.804692908828745,9
3238824,9.850910521427041,8
3238825,10.0,1
3238848,9.444936220702422,23
3238856,9.866368046649955,8
3238864,9.828279083868578,8
3238865,10.0,1
3238873,9.832581960830971,8
3238886,9.73397677830992,13
3238894,9.829275713802797,8
3238900,9.867412647163018,6
3238910,9.822671920554594,10
3238918,9.828103495434108,8
3238927,9.589570220055279,9
3238934,9.868609129300753,7
3238935,10.0,1
3238951,9.63377583547226,16
3238966,9.635585160867544,15
3238984,9.562040684889835,18
3238989,9.907456415060391,5
3239001,9.744436799443656,12
3239002,10.0,1
3239009,9.847957115306897,7
3239019,9.808588812897467,10
3239022,9.960282726793173,3
3239024,9.977947545737598,2
3239027,9.956362174000315,3
3239037,9.788688572388748,10
3239050,9.694099948638792,13
3239061,9.78779252900555,11
3239070,9.844135697611266,9
3239077,9.849100134544228,7
3239086,9.812931464018583,9
3239094,9.862411978067401,8
3239101,9.86216407806327,7
3239109,9.865291374803205,8
3239117,9.84470824810972,8
3239134,9.588600062378728,17
3239139,9.905262543265025,5
3239140,10.0,1
3239152,9.726988302846964,12
3239158,9.887061541484162,6
3239159,10.0,1
3239172,9.059928836073015,13
3239183,9.784273577307095,11
3239191,9.864614415576897,8
3239202,9.787242137117582,11
3239203,10.0,1
3239213,9.772572159791116,10
3239225,9.718260995902096,12
3239230,9.91790934325993,5
3239236,9.893715360193863,6
3239242,9.884513856439828,6
3239251,9.826933130159636,9
3239267,9.6277327169661,16
3239271,9.936011260564303,4
3239279,9.830028082655561,8
3239290,9.73545427867868,11
3239311,9.631395539209743,21
3239323,9.80958208811226,12
3239334,9.748576969434145,11
3239340,9.90183906346017,6
3239352,9.740090363408516,12
3239363,9.770450816005367,11
3239381,9.565145266294666,18
3239388,9.881317248222958,7
3239392,9.934334121727428,4
3239408,9.642045501970546,16
3239418,9.781168805356048,10
3239440,9.51466581396072,22
3239446,9.90289695971992,6
3239452,9.892587974715934,6
3239459,9.871817676113603,7
3239476,9.538039607206226,17
3239483,9.6785268359361,7
3239484,10.0,1
3239494,9.817340084895775,10
3239503,9.807959485639163,9
3239509,9.909282134761433,6
3239517,9.863260830772518,8
3239527,9.792864704973951,10
3239540,9.702516047922645,13
3239546,9.89214926540648,6
3239554,9.841503320164493,8
3239560,9.797083333739545,6
3239561,10.0,1
3239573,9.741332870667161,12
3239588,9.640539938811662,15
3239592,9.923429500905343,4
3239617,9.372792279969474,25
3239626,9.827763226744382,9
3239631,9.920635447886708,5
3239641,9.853484363341028,10
3239654,9.757511238935452,13
3239661,9.871775058223,7
3239668,9.855217539181623,7
3239677,9.807499865109952,9
3239683,9.882088994058607,6
3239693,9.799670878798318,10
3239702,9.82414178819667,9
3239708,9.875239673024565,6
3239714,9.908170509169498,6
3239715,10.0,1
3239725,9.79235882738647,10
3239730,9.91555279398164,5
3239732,9.974426771967451,2
3239743,9.779266076991481,11
3239756,9.723364541647706,13
3239764,9.821228925863387,8
3239767,9.971315225675895,3
3239774,9.88322238182165,7
3239783,9.837858676767892,9
3239789,9.901857923205105,6
3239796,9.881435082600188,7
3239809,9.624865160418123,13
3239820,9.75456939007739,11
3239833,9.699176163205172,13
3239839,9.904780063001379,6
3239849,9.682027818912179,10
3239858,9.803577822325408,9
3239864,9.896190338375911,6
3239872,9.852198584961215,8
3239881,9.83687419199005,9
3239887,9.887883892614331,6
3239901,9.75184572300003,14
3239907,9.893562712420602,6
3239918,9.79168406571627,11
3239928,9.785752257900418,10
3239932,9.945450274293298,4
3239938,9.89784400153861,6
3239950,9.745650982762685,12
3239964,9.662780928407678,14
3239968,9.932219260475293,4
3239973,9.922093929244845,5
3239974,10.0,1
3239979,9.918925488892654,5
3239981,9.970582938518842,2
3239987,9.9045630798219,6
3239994,9.865736273292347,7
3239995,10.0,1
3240000,9.930047543164667,5
3240006,9.89348026716408,6
3240013,9.890461553560028,7
3240020,9.884043332280365,7
3240022,9.976958642509311,2
3240031,9.624076461389084,9
3240043,9.784078171820957,12
3240052,9.82256094121181,9
3240057,9.914427435609618,5
3240067,9.765807276017753,10
3240077,9.820804954768604,10
3240080,9.946267341671632,3
3240091,9.764619947326064,11
3240105,9.64174374598684,14
3240117,9.6692638021375,12
3240118,10.0,1
3240124,9.900763938514663,6
3240136,9.756577420197976,12
3240150,9.664868972899162,14
3240157,9.86926386440397,7
3240166,9.830953169064216,9
3240180,9.375980174854448,14
3240191,9.763617194320755,11
3240207,9.63158812641893,16
3240218,9.789811492890811,11
3240228,9.462000950199425,10
3240234,9.898768995451617,6
3240238,9.930875764965531,4
3240246,9.853277397777365,8
3240255,9.813607467050735,9
3240266,9.764049802581903,11
3240274,9.839678241085103,8
3240774,-206.9626261408318,500
3240780,9.889862218323607,6
3240789,9.804973119000588,9
3240798,9.80017077689128,9
3240802,9.953308991675534,4
3240813,9.78270965045182,11
3240816,9.9628316491128,3
3240817,9.989256637015476,1
3240821,9.926155060530949,4
3240829,9.833692374910605,8
3240839,9.798103472835955,10
3240854,9.661996838800103,15
3240863,9.813473164121364,9
3240874,9.75883534465806,11
3240881,9.875558369446312,7
3240888,9.870995426930987,7
3240899,9.770347259481607,11
3240901,9.974181328524995,2
3240906,9.927488161149892,5
3240919,9.729027761741488,13
3240928,9.810465925763964,9
3240935,9.849859597880474,7
3240936,10.0,1
3240946,9.797396246805539,10
3240954,9.864664768388707,8
3240955,10.0,1
3240960,9.912590303851056,5
3240972,9.756258238666826,12
3240986,9.712880415489598,14
3240997,9.770082823725788,11
3241004,9.87878378899028,7
3241009,9.899247934615893,5
3241022,9.680086451027568,13
3241034,9.73964355093719,12
3241038,9.948518858142725,4
3241045,9.868025042754933,7
3241058,9.76615477579219,13
3241067,9.824235645757167,9
3241075,9.838033854430904,8
3241076,9.986175442414345,1
3241084,9.852830333656922,8
3241094,9.812988343206582,10
3241102,9.832564954315593,8
3241118,9.627674913138245,16
3241125,9.868995560501885,7
3241133,9.838394355158723,8
3241147,9.703973971518893,14
3241161,9.655838768274183,14
3241169,9.840826086881572,8
3241182,9.71441473952726,13
3241184,9.984661093742279,2
3241185,9.996502894547492,1
3241193,9.662099220913053,8
3241206,9.500329159290677,13
3241218,9.803795537022692,12
3241219,10.0,1
3241231,9.774298119310437,12
3241243,9.775125346661195,12
3241253,9.764946547778516,10
3241256,9.957418803136187,3
3241274,9.484250193760621,18
3241277,9.966224111654173,3
3241287,9.779227972108249,10
3241297,9.793317961816552,10
3241306,9.816538053381807,9
3241307,10.0,1
3241319,9.707433548998383,12
3241329,9.789485862548014,10
3241338,9.8477392084496,9
3241343,9.917194037752205,5
3241350,9.859716021377887,7
3241354,9.9339717303524,4
3241364,9.799884034872322,10
3241376,9.716243864866462,12
3241382,9.895873434291012,6
3241392,9.801372624522747,10
3241397,9.916857660448665,5
3241408,9.75803471699704,11
3241412,9.939822694812017,4
3241420,9.870771014550666,8
3241421,9.993147167555902,1
3241429,9.863357712908316,8
3241432,9.960183977770242,3
3241441,9.794498698086036,9
3241442,10.0,1
3241450,9.811846698672486,8
3241460,9.81853179192204,10
3241469,9.820053141353727,9
3241481,9.7397136505214,12
3241499,9.6258838619091,18
3241505,9.903000815875997,6
3241514,9.800181471051992,9
3241531,9.627479048911392,17
3241536,9.920681187738595,5
3241541,9.919063017025486,5
3241542,9.993288622111438,1
3241553,9.73829933656541,11
3241564,9.75185058584218,11
3241573,9.815998242770679,9
3241591,9.595881886998713,18
3241595,9.93245563337692,4
3241610,9.657915983950867,15
3241621,9.755325398302297,11
3241625,9.940951261759986,4
3241631,9.893892491043145,6
3241639,9.840315106797947,8
3241646,9.855334860681241,7
3241659,9.728025307465366,13
3241669,9.792586705878252,10
3241675,9.922073278193263,6
3241681,9.893826758662916,6
3241685,9.934639206292253,4
3241691,9.90556529196986,6
3241696,9.935043454432838,5
3241704,9.874395267718466,8
3241714,9.804528569445573,10
3241728,9.68428664324213,14
3241729,10.0,1
3241738,9.800400532209899,9
3241746,9.846044259061768,8
3241752,9.882481493887575,6
3241756,9.952594977102676,4
3241776,9.529329379457868,20
3241784,9.829520775983386,8
3241792,9.872819679844676,8
3241797,9.902082405870452,5
3241814,9.580159121623522,17
3241826,9.735942808310513,12
3241848,9.535199762468068,22
3241856,9.837602506472136,8
3241865,9.831611472611499,9
3241872,9.855597681137104,7
3241881,9.822555748304262,9
3241893,9.749824661172068,12
3241902,9.813620635442923,9
3241903,10.0,1
3241910,9.862860019865623,7
3241921,9.561432879592674,11
3241927,9.913892961678972,6
3241933,9.899636751253771,6
3241949,9.605897848344988,16
3241950,9.996473573641303,1
3241960,9.786095609533415,10
3241966,9.873741456110231,6
3241976,9.77126471587953,10
3241992,9.591819764842336,16
3242007,9.642958248500774,15
3242015,9.855956971537662,8
3242016,10.0,1
3242031,9.662933824298582,15
3242039,9.841448860332324,8
3242044,9.71765326439165,5
3242052,9.756594373689659,8
3242060,9.85028903277963,8
3242073,9.722136851376241,13
3242083,9.798803130374381,10
3242097,9.613615739616721,14
3242105,9.834366763766628,8
3242112,9.86806397277573,7
3242122,9.798452282538754,10
3242128,9.879595455913334,6
3242137,9.824188408081985,9
3242139,9.984233307220833,2
3242155,9.697109416135703,16
3242163,9.85064209826319,8
3242167,9.93972854072417,4
3242187,9.569668851548606,20
3242205,9.571584092984034,18
3242215,9.794773871388117,10
3242216,10.0,1
3242217,10.0,1
3242224,9.867434589620784,7
3242237,9.51099257222507,13
3242246,9.8070473925995,9
3242260,9.682493275050396,14
3242272,9.759134134407676,12
3242283,9.777700140026736,11
3242291,9.842082379860168,8
3242301,9.795721201131373,10
3242306,9.909604615293892,5
3242316,9.791686594627794,10
3242317,10.0,1
3242318,10.0,1
3242324,9.903900822940297,6
3242332,9.83972105748445,8
3242344,9.78232152695871,12
3242350,9.897289996290882,6
3242359,9.815076459546642,9
3242360,10.0,1
3242366,9.89211091649569,6
3242367,9.993118044667737,1
3242368,10.0,1
3242394,9.47171301978281,26
3242404,9.789377372238416,10
3242412,9.844098039191728,8
3242417,9.930398727469429,5
3242425,9.854751006458583,8
3242437,9.779068715038397,12
3242449,9.787280502279234,12
3242466,9.668971962984724,17
3242467,10.0,1
3242485,9.628603296554278,18
3242493,9.87615542969162,8
3242503,9.690597728083388,10
3242510,9.86984383696386,7
3242518,9.848749837198044,8
3242530,9.739398720296242,12
3242533,9.961221877547974,3
3242540,9.867989839699199,7
3242550,9.80775354812621,10
3242558,9.825640059659445,8
3242559,10.0,1
3242568,9.794176855959638,9
3242580,9.730271657237232,12
3242595,9.681639655092484,15
3242604,9.811577268156984,9
3242614,9.809537733288309,10
3242623,9.826752720140158,9
3242625,9.968367410954434,2
3242636,9.45793535078601,11
3242647,9.773859647536042,11
3242658,9.796770699835022,11
3242671,9.69803809907497,13
3242687,9.627441474951013,16
3242691,9.946116013334946,4
3242692,10.0,1
3242693,10.0,1
3242696,9.963600939623158,3
3242703,9.895821691330658,7
3242707,9.9542734906511,4
3242717,9.779499881022993,10
3242725,9.854306254055489,8
3242739,9.676739471351384,14
3242748,9.820174496522108,9
3242761,9.306738378489628,13
3242762,10.0,1
3242763,10.0,1
3242766,9.948837046676623,3
3242783,9.418235848281144,17
3242785,9.984035931383058,2
3242790,9.918013899445658,5
3242798,9.859183949913858,8
3242805,9.877829249226219,7
3242808,9.957404711198794,3
3242820,9.719792105857756,12
3242831,9.760198743945216,11
3242848,9.601865822422333,17
3242853,9.924634153107089,5
3242867,9.659233447157048,14
3242872,9.920940036061632,5
3242883,9.753819375377258,11
3242889,9.891091902953963,6
3242899,9.80818257330317,10
3242917,9.60457459949356,18
3242922,9.929923734558246,5
3242935,9.696287475635541,13
3242947,9.791346335608624,12
3242956,9.826023941096807,9
3242966,9.811561170574851,10
3242970,9.950611522397875,4
3242982,9.762225686103626,12
3242990,9.735243674952962,8
3242999,9.798635345011975,9
3243008,9.850734924708892,9
3243014,9.880488608771103,6
3243015,10.0,1
3243028,9.734731793274827,13
3243029,9.986985097040872,1
3243037,9.843874208257681,8
3243042,9.928750198902593,5
3243043,10.0,1
3243046,9.948008871045362,3
3243057,9.75101554540284,11
3243058,10.0,1
3243062,9.933212881067659,4
3243063,9.995848510959824,1
3243067,9.938591534639878,4
3243075,9.844612322914461,8
3243081,9.872737633717149,6
3243089,9.829526091365256,8
3243100,9.78073957643977,11
3243103,9.965216035635843,3
3243113,9.78653840538064,10
3243114,10.0,1
3243120,9.884148170989954,6
3243135,9.657451208032477,15
3243141,9.889084371252418,6
3243148,9.883399581490467,7
3243155,9.850581539003427,7
3243170,9.677924295657709,15
3243178,9.848946231650478,8
3243189,9.680167609617477,11
3243197,9.834417332705973,8
3243204,9.861516286993202,7
3243217,9.706832241178766,13
3243228,9.793848105285445,11
3243229,10.0,1
3243234,9.929850663222087,5
3243246,9.747924912468656,12
3243248,9.981054297099751,2
3243256,9.858199684527285,8
3243265,9.809351118686637,9
3243272,9.901756521971567,7
3243283,9.767598027596097,11
3243288,9.91431704863716,5
3243300,9.77656792276578,12
3243311,9.76421309100335,11
3243326,9.672071181315598,15
3243333,9.861703830713925,7
3243343,9.793221849450354,10
3243349,9.90983366916013,6
3243360,9.770260324111428,11
3243375,9.559062759244336,15
3243388,9.729053578112385,13
3243888,-131.18620361601288,500
3243892,9.933981052991626,4
3244392,-12.092783278404783,500
3244393,10.0,1
3244411,9.636937387538964,18
3244462,9.05595953236814,51
3244962,-83.9122316448975,500
3245462,-97.90531940392758,500
3245962,-29.27493545087108,500
3246462,-218.47452813919662,500
3246475,9.717886795334712,13
3246476,9.992048676004055,1
3246482,9.876432625239767,6
3246491,9.802876582141948,9
3246502,9.780670559875633,11
3246510,9.84668372080201,8
3246527,9.647439051945918,17
3246536,9.813489412817512,9
3246542,9.88400538275389,6
3246557,9.64480139454583,15
3246562,9.916941074038252,5
3246563,10.0,1
3246568,9.901736960294365,5
3246581,9.705826165400834,13
3246594,9.729513575026665,13
3246605,9.802963068471149,11
3246613,9.841368090941977,8
3246618,9.92285999520003,5
3246625,9.855764397649901,7
3246631,9.887887532155323,6
3246638,9.845396009094499,7
3246651,9.612138167963801,13
3246664,9.511615661619546,13
3246676,9.722733313594544,12
3246679,9.960137867107367,3
3246688,9.832950660464551,9
3246697,9.823953269147275,9
3246710,9.74316958767129,13
3246717,9.858071258238844,7
3246724,9.85309177941787,7
3246729,9.913083252949221,5
3246730,9.988300440480776,1
3246738,9.738623651276544,8
3246753,9.651769243752979,15
3246765,9.727792312567784,12
3246770,9.921511974760781,5
3246778,9.727455898409064,8
3246782,9.948827634944843,4
3246798,9.666683251132572,16
3246811,9.73519313828831,13
3246824,9.719044279895309,13
3246829,9.924019756153681,5
3246833,9.933265567333832,4
3246854,9.596532590284014,21
3246867,9.71192034502969,13
3246882,9.636250805885766,15
3246886,9.948928461948674,4
3246887,10.0,1
3246898,9.759626323606613,11
3246901,9.956330512513452,3
3246916,9.67773483842214,15
3246931,9.616399624636674,15
3246939,9.848447902747374,8
3246950,9.797638349985206,11
3246965,9.678312405554387,15
3246970,9.91914466497466,5
3246973,9.965481734343586,3
3246979,9.909172730165098,6
3246988,9.843628338000693,9
3246989,10.0,1
3247000,9.745323011312498,11
3247010,9.792922991644694,10
3247014,9.941959973451162,4
3247021,9.868753306473442,7
3247034,9.755193501670417,13
3247045,9.766356045747443,11
3247053,9.832444495913986,8
3247066,9.702221826158544,13
3247073,9.880221477676322,7
3247083,9.812250347050893,10
3247091,9.85888625636937,8
3247098,9.87487600190587,7
3247105,9.861315059681349,7
3247107,9.978333115392829,2
3247114,9.871704900682419,7
3247122,9.824199327843804,8
3247131,9.79765638671762,9
3247142,9.765765708334728,11
3247145,9.960930151024057,3
3247146,10.0,1
3247154,9.849525390283574,8
3247161,9.8791458872875,7
3247171,9.800909630635067,10
3247184,9.717229477612184,13
3247188,9.924337751417715,4
3247197,9.82229724423131,9
3247198,9.99650367162288,1
3247212,9.67860826959461,14
3247215,9.948898873066799,3
3247229,9.672094105627165,14
3247232,9.967249013939051,3
3247233,10.0,1
3247243,9.783697105004105,10
3247249,9.887697296298718,6
3247250,10.0,1
3247256,9.880870789155091,6
3247265,9.848801584205313,9
3247276,9.75029666068299,11
3247279,9.95529668887163,3
3247302,9.490869194251166,23
3247312,9.809332795493559,10
3247317,9.922258706560651,5
3247323,9.890332206289655,6
3247337,9.709346916795635,14
3247341,9.940379299119234,4
3247345,9.959013338793314,4
3247353,9.827103710574216,8
3247373,9.608201205532977,20
3247380,9.886705066349217,7
3247383,9.96973175704513,3
3247408,9.347028476773849,25
3247416,9.866169385407543,8
3247419,9.949262284313047,3
3247426,9.86878005894922,7
3247434,9.875795786872422,8
3247450,9.596454771910958,16
3247465,9.462929674380877,15
3247474,9.828973418049678,9
3247479,9.934822108077231,5
3247489,9.783166740623264,10
3247492,9.965513783496549,3
3247502,9.778769926027769,10
3247505,9.968025478503172,3
3247516,9.750917079377977,11
3247531,9.645926035348829,15
3247538,9.86152144505139,7
3247539,10.0,1
3247541,9.970310532738976,2
3247546,9.914779610377785,5
3247559,9.696200877105202,13
3247560,10.0,1
3247561,10.0,1
3247565,9.943487874062575,4
3247569,9.932947355203511,4
3247573,9.947638086137442,4
3247582,9.814435457225125,9
3247589,9.901404317716745,7
3247598,9.794156855678237,9
3247609,9.748761089654932,11
3247614,9.913572507259806,5
3247619,9.917798157995612,5
3247620,9.988387226460285,1
3247630,9.78452632882135,10
3247644,9.738636025028883,14
3247658,9.691528928212733,14
3247677,9.576562219260413,19
3247689,9.750740295584679,12
3247696,9.8844526875058,7
3247703,9.904938446279703,7
3247716,9.596327042457323,13
3247726,9.806847833751107,10
3247738,9.743104848773411,12
3247743,9.91732751475399,5
3247759,9.635960149240496,16
3247765,9.894643553755145,6
3247773,9.829302672536869,8
3247777,9.92877559040612,4
3247787,9.79623690339375,10
3247792,9.914062306591251,5
3247799,9.869618720350166,7
3247809,9.783220392029035,10
3247813,9.932537861306177,4
3247822,9.81260209569424,9
3247830,9.857397453863069,8
3247840,9.77793263103598,10
3247844,9.931116407933255,4
3247849,9.915541594151833,5
3247856,9.851930324663531,7
3247867,9.752772699230206,11
3247869,9.971483687921282,2
3247872,9.960271922141553,3
3247873,9.99636981307079,1
3247878,9.830877359824697,5
3247889,9.75936920477575,11
3247890,10.0,1
3247895,9.931359963461981,5
3247911,9.658391315191423,16
3247918,9.848281749651493,7
3247932,9.677493662277708,14
3247939,9.87154932215677,7
3247952,9.73759726898075,13
3247972,9.41982679601493,20
3247983,9.759623536957186,11
3247992,9.815458102718566,9
3248008,9.690481772011996,16
3248011,9.957453551576602,3
3248023,9.74695302919766,12
3248037,9.6718191798693,14
3248047,9.799107596424093,10
3248048,10.0,1
3248053,9.926883339172862,5
3248059,9.91210780771337,6
3248068,9.863274016457808,9
3248078,9.782608167749935,10
3248087,9.817493010007745,9
3248097,9.77648226212738,10
3248102,9.922373941353623,5
3248106,9.958409148098715,4
3248119,9.703571460893693,13
3248126,9.847252035144653,7
3248140,9.66927494428921,14
3248150,9.790957678448109,10
3248154,9.944198980823204,4
3248163,9.623743703541361,9
3248169,9.876257453568552,6
3248183,9.683618387150627,14
3248184,10.0,1
3248197,9.695773337559569,13
3248201,9.941865911694793,4
3248206,9.909848785046734,5
3248213,9.86182491006714,7
3248230,9.597277125761611,17
3248236,9.90739786791461,6
3248243,9.849758626267194,7
3248253,9.730382841343577,10
3248268,9.665056573084227,15
3248274,9.922104649878696,6
3248282,9.852102869310672,8
3248289,9.849190675428202,7
3248301,9.721026338483627,12
3248304,9.955249635525828,3
3248313,9.839748572549054,9
3248330,9.609278289166385,17
3248347,9.609646230272183,17
3248361,9.691661124769974,14
3248364,9.958821573799305,3
3248375,9.824303211836302,11
3248383,9.825734546109743,8
3248390,9.862143333690641,7
3248395,9.928608503262966,5
3248406,9.79624933669464,11
3248412,9.861764227837533,6
3248423,9.758097367626998,11
3248429,9.901506511903612,6
3248434,9.92813475185915,5
3248444,9.795028318377796,10
3248460,9.67365786252749,16
3248466,9.906633382795075,6
3248472,9.903299771203171,6
3248478,9.897241160327281,6
3248498,9.52638634850504,20
3248505,9.888340100127143,7
3248506,10.0,1
3248513,9.873055171201111,7
3248519,9.902177057860184,6
3248529,9.781223835267827,10
3248535,9.803205384289866,6
3248544,9.799663225702394,9
3248564,9.494785245665108,20
3248575,9.787821452716054,11
3248585,9.770214233643866,10
3248588,9.964331452873822,3
3248598,9.835784840146319,10
3248605,9.897867355143225,7
3248618,9.727269121996022,13
3248629,9.78012198475277,11
3248637,9.845644262715428,8
3248672,9.399400567152352,35
3248679,9.873065325816361,7
3248694,9.694419332998278,15
3248704,9.77937725366129,10
3248719,9.708617172302706,15
3248735,9.651736696472897,16
3248748,9.72251532205371,13
3248758,9.76523902233243,10
3248766,9.84282476943938,8
3248770,9.941372745827303,4
3248782,9.767624691350992,12
3248794,9.729075010794123,12
3248795,10.0,1
3248797,9.977759889282481,2
3248805,9.825651218136588,8
3248807,9.970785907794532,2
3248809,9.978770323972876,2
3248824,9.633858867917871,15
3248829,9.918546556112428,5
3248831,9.967949167400608,2
3248838,9.896390743132642,7
3248848,9.783647324703427,10
3248854,9.903139144571837,6
3248860,9.894088333688153,6
3248869,9.822315356198871,9
3248884,9.680225809555926,15
3248893,9.802578584561864,9
3248901,9.841352155645382,8
3248913,9.728990415685512,12
3248923,9.788081080110809,10
3248928,9.911414127601978,5
3248929,10.0,1
3248940,9.770527208879878,11
3248941,10.0,1
3248950,9.8035234183517,9
3248958,9.841678505013448,8
3248967,9.800954525822851,9
3248977,9.795402061660226,10
3248992,9.535306330540234,15
3249003,9.775727449552141,11
3249006,9.95554505823064,3
3249008,9.976946362966805,2
3249020,9.626569387172308,12
3249021,10.0,1
3249029,9.818318891126152,8
3249045,9.642544603709485,16
3249049,9.940328101060636,4
3249057,9.858940132624188,8
3249067,9.788409735865214,10
3249084,9.613908435296244,17
3249093,9.827730116511853,9
3249097,9.948035644321203,4
3249104,9.8506864797279,7
3249118,9.683945303498735,14
3249129,9.772761520549704,11
3249136,9.872324011166205,7
3249145,9.81632429276922,9
3249157,9.70466702322794,12
3249161,9.939208994684705,4
3249162,10.0,1
3249172,9.782778684201986,10
3249189,9.5895413668477,17
3249199,9.805360794378931,10
3249209,9.817914116539596,10
3249218,9.838376301808719,9
3249233,9.672885932195106,15
3249253,9.532729292356036,20
3249263,9.792502310535383,10
3249271,9.840013763950582,8
3249281,9.792243931211269,10
3249287,9.914230722605948,6
3249300,9.599323430794731,13
3249313,9.710318329705919,13
3249326,9.694142149218557,13
3249333,9.84576068772481,7
3249346,9.748167231942197,13
3249358,9.740050847021168,12
3249365,9.862920058053803,7
3249370,9.909386032470412,5
3249387,9.578303301507361,17
3249397,9.789092022911774,10
3249413,9.672095073606462,16
3249419,9.88942532504321,6
3249425,9.889147684815686,6
3249433,9.855010487961982,8
3249435,9.979793593054378,2
3249442,9.890999949126737,7
3249453,9.780550965341646,11
3249464,9.785849435173345,11
3249476,9.731356295616933,12
3249480,9.956179673378712,4
3249487,9.873481654213219,7
3249488,10.0,1
3249489,10.0,1
3249496,9.854832772651653,7
3249506,9.787310068215248,10
3249514,9.84829280310784,8
3249520,9.89656655068046,6
3249526,9.89073109422775,6
3249527,10.0,1
3249531,9.934714895399013,4
3249532,10.0,1
3249537,9.911127408608044,5
3249538,10.0,1
3249542,9.944358835043952,4
3249551,9.828579890914199,9
3249562,9.764958853665691,11
3249565,9.966254030465901,3
3249569,9.929817693266203,4
3249578,9.737596836109292,9
3249587,9.82194300594763,9
3249592,9.925292761911908,5
3249607,9.637895664914582,15
3249619,9.761679783452045,12
3249625,9.883872249764746,6
3249629,9.941235956806281,4
3249636,9.876917230278483,7
3249646,9.773309358146372,10
3249652,9.882101034703174,6
3249662,9.771888770534028,10
3249664,9.973100429506259,2
3249668,9.938069143412891,4
3249676,9.860666025328518,8
3249685,9.804372230491946,9
3249690,9.918377420921361,5
3249692,9.98095695686404,2
3249694,9.98269420222131,2
3249704,9.794847260500816,10
3249709,9.920497670010134,5
3249714,9.908954248109243,5
3249725,9.77310293431548,11
3249733,9.830355261022364,8
3249742,9.819268192910862,9
3249749,9.865830616255563,7
3249757,9.84645605045501,8
3249761,9.938018933180258,4
3249772,9.786245555607888,11
3249776,9.949365890770599,4
3249778,9.971452758408603,2
3249780,9.982704845486108,2
3249789,9.862943724013919,9
3249794,9.909099925531477,5
3249809,9.669743326534924,15
3249822,9.707252616170312,13
3249833,9.77059691720305,11
3249842,9.804077834693251,9
3249865,9.608306081085736,23
3249877,9.744255793471469,12
3249891,9.694973944229325,14
3249896,9.9162399174459,5
3249900,9.937683750536875,4
3249904,9.923860930935273,4
3249925,9.538577957025755,21
3249934,9.813788868825684,9
3249935,10.0,1
3249944,9.831650937997322,9
3249956,9.757627312688811,12
3249965,9.82043416308849,9
3249966,10.0,1
3249967,10.0,1
3249968,10.0,1
3249974,9.880645915829957,6
3249985,9.792575818109821,11
3249986,10.0,1
3249992,9.888646059673214,6
3250000,9.833464742719107,8
3250003,9.96582533517493,3
3250010,9.875926457169404,7
3250011,10.0,1
3250018,9.876795429840145,7
3250033,9.658311093521302,15
3250047,9.694024978486665,14
3250048,10.0,1
3250053,9.923244599135016,5
3250066,9.72031314728763,13
3250083,9.641664691490227,17
3250086,9.969349621458512,3
3250090,9.944037889236933,4
3250106,9.637437599208852,16
3250108,9.976853228798163,2
3250129,9.588152552822384,21
3250136,9.845561466955758,7
3250137,9.991860073544784,1
3250147,9.792583543764119,10
3250149,9.978251272236115,2
3250150,10.0,1
3250156,9.871884232967584,6
3250169,9.698622339946203,13
3250176,9.870817417217772,7
3250185,9.69139291361392,9
3250190,9.911470342216061,5
3250200,9.787347451257126,10
3250205,9.922361528364071,5
3250213,9.846692831809705,8
3250230,9.661390151574114,17
3250241,9.769083016221096,11
3250245,9.948996653098426,4
3250263,9.589537540899723,18
3250274,9.754410676929808,11
3250281,9.865162815338335,7
3250290,9.831731551809831,9
3250296,9.876699425901524,6
3250297,9.989300012880829,1
3250308,9.767188254581136,11
3250321,9.727947963023565,13
3250325,9.942121771973847,4
3250336,9.778562036128502,11
3250350,9.698222593031034,14
3250351,10.0,1
3250365,9.688958797263187,14
3250373,9.861551831812259,8
3250379,9.897840128002851,6
3250387,9.820248586247468,8
3250397,9.773481646413925,10
3250398,10.0,1
3250413,8.496071843767226,15
3250428,9.561920881289762,15
3250438,9.776411931382993,10
3250439,10.0,1
3250441,9.97081814002757,2
3250442,10.0,1
3250447,9.918338986661956,5
3250457,9.787961896801656,10
3250459,9.975052036629288,2
3250465,9.888407055460016,6
3250484,9.545644827041459,19
3250500,9.649996459642473,16
3250511,9.795083241332613,11
3250512,10.0,1
3250525,9.73540300826085,13
3250528,9.954812615926825,3
3250534,9.779667471731413,6
3250543,9.82021247613757,9
3250550,9.853022196074232,7
3250561,9.719153097108373,11
3250564,9.968313681684714,3
3250576,9.727860460567095,12
3250589,9.699499785571028,13
3250605,9.633907613021151,16
3250619,9.67301422870276,14
3250634,9.655931114837626,15
3250648,9.665247417061419,14
3250655,9.8627564346168,7
3250658,9.956173001161655,3
3250665,9.877268503728866,7
3250675,9.831162259517987,10
3250684,9.827415722095909,9
3250685,10.0,1
3250692,9.888402185124026,7
3250694,9.980621277239411,2
3250704,9.779776671658977,10
3250709,9.909376572456718,5
3250712,9.947541445310764,3
3250726,9.691737036698942,14
3250738,9.723476014947382,12
3250761,9.504936534881628,23
3250764,9.961219986376976,3
3250777,9.71968094374995,13
3250785,9.857607076595436,8
3250792,9.885957561890155,7
3250802,9.790256452609484,10
3250812,9.795384777218683,10
3250819,9.85864684047529,7
3250826,9.87464303462212,7
3250827,10.0,1
3250836,9.826443605396497,9
3250850,9.692762821080263,14
3250858,9.856127424864992,8
3250864,9.880908145364234,6
3250871,9.868022706372493,7
3250875,9.942854687306044,4
3250882,9.864902573170532,7
3250893,9.755796733592366,11
3250894,10.0,1
3250902,9.832974649355497,8
3250910,9.84162155907301,8
3250918,9.834892492615612,8
3250935,8.274637465927162,17
3250943,9.84136628057075,8
3250953,9.780781352020776,10
3250972,9.393453409139461,19
3250983,9.74402017890735,11
3250991,9.846234568337424,8
3251006,9.66027006901674,15
3251014,9.847166240189182,8
3251022,9.833305598246332,8
3251025,9.963622710500395,3
3251030,9.92617756079479,5
3251031,10.0,1
3251036,9.922012663146441,5
3251045,9.816914654839637,9
3251049,9.925049318082383,4
3251050,10.0,1
3251063,9.714427117616443,13
3251065,9.97616038022053,2
3251068,9.958759570567631,3
3251079,9.764502959194866,11
3251090,9.770363806716647,11
3251094,9.932504015915386,4
3251098,9.925145764786887,4
3251108,9.793231567571395,10
3251119,9.533240562970914,11
3251124,9.919707398320446,5
3251125,10.0,1
3251130,9.918643105115699,5
3251136,9.889612423026943,6
3251143,9.864080439203208,7
3251150,9.853228551020251,7
3251157,9.874963704914093,7
3251162,9.908625501918477,5
3251169,9.844040861250337,7
3251182,9.710287453648816,13
3251193,9.779919409597845,11
3251201,9.861410568924702,8
3251210,9.807806244139055,9
3251221,9.757054635709022,11
3251230,9.816478548976338,9
3251240,9.806358861783389,10
3251244,9.927371803576072,4
3251272,9.421314662593186,28
3251277,9.913610774691366,5
3251288,9.775155974132845,11
3251294,9.868330223323564,6
3251298,9.926182964077938,4
3251308,9.791285612505709,10
3251324,9.622718087611613,16
3251331,9.866416647899511,7
3251339,9.833557471063378,8
3251344,9.915029998071013,5
3251347,9.964667112506369,3
3251357,9.803636234827437,10
3251358,10.0,1
3251367,9.830517606376663,9
3251375,9.75574868376802,8
3251381,9.895850525069388,6
3251382,10.0,1
3251393,9.675344416506903,11
3251410,9.610866900178896,17
3251418,9.839692005701066,8
3251429,9.736119433791435,11
3251433,9.93557007690264,4
3251445,9.70706619477573,12
3251452,9.852649828638775,7
3251456,9.938138404658268,4
3251458,9.976337127783713,2
3251468,9.790941799289497,10
3251479,9.77804818340958,11
3251497,9.599448312064053,18
3251505,9.8519120091563,8
3251518,9.708170665694979,13
3251537,9.555796441416883,19
3251541,9.937273731068121,4
3251551,9.81807585544729,10
3251554,9.955073544593482,3
3251566,9.751530490687449,12
3251570,9.948356325052597,4
3251571,10.0,1
3251574,9.964895123585169,3
3251584,9.811667004982837,10
3251601,9.627774653237555,17
3251613,9.752840599611742,12
3251628,9.689963565540765,15
3251629,10.0,1
3251643,9.719737948710923,14
3251646,9.964485733241705,3
3251647,10.0,1
3251653,9.902353637427405,6
3251664,9.742781463997854,11
3251670,9.873469262877267,6
3251674,9.946022724956507,4
3251682,9.866957718271705,8
3251687,9.93124790719494,5
3251690,9.962715205196512,3
3251702,9.722591397724408,12
3251708,9.903698098667038,6
3251715,9.870489853657485,7
3251726,9.754974037697883,11
3251732,9.886219896760366,6
3251741,9.820451314829878,9
3251748,9.865765800567697,7
3251772,9.4053228136334,24
3251784,9.724998611334074,12
3251790,9.905872211475705,6
3251791,10.0,1
3251795,9.943629494849736,4
3251810,9.666583728371998,15
3251816,9.8840837957217,6
3251820,9.952423409193742,4
3251835,9.666526856696914,15
3251853,9.607049405778227,18
3251854,10.0,1
3251855,10.0,1
3251863,9.848599429589228,8
3251873,9.797654617106087,10
3251881,9.859699840987586,8
3251890,9.81130388431475,9
3251891,10.0,1
3251897,9.888154330674158,6
3251898,10.0,1
3251908,9.790602343537113,10
3251920,9.742048763587878,12
3251921,10.0,1
3251930,9.811904475904061,9
3251949,9.572337661767573,19
3251962,9.696896956194822,13
3251970,9.846018596036812,8
3251971,9.99312963374295,1
3251985,9.678718259762384,14
3251997,9.7411726988197,12
3252005,9.840690045252952,8
3252014,9.821642022149394,9
3252022,9.852682950573335,8
3252023,9.993489073599934,1
3252033,9.782529924333252,10
3252035,9.96982636068557,2
3252041,9.899116622760491,6
3252054,9.752914482623988,13
3252060,9.88944510332776,6
3252063,9.969927565881093,3
3252070,9.861520353103257,7
3252079,9.79656085935577,9
3252093,9.595919363248262,14
3252102,9.81113626159251,9
3252104,9.969350952205724,2
3252116,9.74301572580569,12
3252127,9.777142906423277,11
3252139,9.725720530625857,12
3252149,9.770099926606438,10
3252154,9.922166518049607,5
3252162,9.846222912623404,8
3252169,9.853668962394964,7
3252179,9.768651223627504,10
3252183,9.945775154744029,4
3252185,9.974298241397472,2
3252187,9.977260646378479,2
3252197,9.620717867921313,10
3252205,9.826670780508094,8
3252206,10.0,1
3252207,9.992826198017843,1
3252222,9.407690274741908,15
3252225,9.762449864244848,3
3252235,9.67482912839461,10
3252240,9.90124940091851,5
3252247,9.870241620219323,7
3252259,9.748730757553467,12
3252273,9.692385378615445,14
3252284,9.782572641507604,11
3252285,10.0,1
3252295,9.802472069466235,10
3252297,9.983745650275614,2
3252306,9.812556127132451,9
3252314,9.848540869829217,8
3252321,9.866276655723993,7
3252331,9.812513861916207,10
3252332,10.0,1
3252343,9.789510223559457,11
3252355,9.742522331428455,12
3252358,9.951607333669324,3
3252366,9.847181450167158,8
3252368,9.97011869131659,2
3252377,9.799293697629,9
3252388,9.764645576585512,11
3252391,9.956088262773957,3
3252404,9.521774535144182,13
3252415,9.791221943962045,11
3252424,9.850493361201988,9
3252428,9.935020022245222,4
3252438,9.800068494111589,10
3252455,9.593882341239391,17
3252458,9.96332007542272,3
3252466,9.869511450310226,8
3252471,9.91162589929203,5
3252474,9.952980077714706,3
3252476,9.985948948845198,2
3252490,9.662895606663223,14
3252495,9.91644430699959,5
3252512,9.4019016270272,17
3252513,10.0,1
3252521,9.819867057352736,8
3252529,9.849465505826231,8
3252536,9.870489870604894,7
3252546,9.787594128262851,10
3252554,9.852444699467192,8
3252557,9.951194401241255,3
3252568,9.755259057747315,11
3252582,9.689406528830984,14
3252595,9.705630281986787,13
3252601,9.87996584961407,6
3252608,9.875847462449023,7
3252616,9.840381555095465,8
3252620,9.957820760433966,4
3252621,10.0,1
3252629,9.846637171357594,8
3252630,10.0,1
3252641,9.779857953644067,11
3252653,9.753581222825233,12
3252668,9.439258556462244,15
3252676,9.83292191451552,8
3252689,9.680427958608673,13
3252694,9.931564725396665,5
3252698,9.929940923236456,4
3252714,9.671052325385888,16
3252728,9.733358189532332,14
3252737,9.810223815049538,9
3252747,9.778977817982915,10
3252748,10.0,1
3252767,9.473828294795231,19
3252772,9.915637045109452,5
3252783,9.771833181873628,11
3252793,9.769110910904327,10
3252802,9.791510271013502,9
3252812,9.786710218015823,10
3252818,9.898098239672615,6
3252819,10.0,1
3252826,9.854413266562055,7
3252842,9.646978607163275,16
3252857,9.64088516735536,15
3252869,9.736521590189186,12
3252879,9.824620610837133,10
3252894,9.628294466518193,15
3252905,9.777883955114689,11
3252910,9.915076550739467,5
3252915,9.900083873634395,5
3252924,9.822866120982885,9
3252937,9.79380320746293,13
3252949,9.722456483475494,12
3252958,9.820361457793696,9
3252960,9.974483704809154,2
3252975,9.674803579442404,15
3252989,9.719212120038126,14
3252992,9.961330005264001,3
3253013,9.34961774532337,21
3253019,9.909094776562931,6
3253029,9.796051954565359,10
3253044,9.716588603959046,15
3253049,9.898705388546169,5
3253060,9.758655941304058,11
3253061,10.0,1
3253068,9.876435860438352,7
3253077,9.835423746444429,9
3253078,9.989663835879838,1
3253085,9.868450091493886,7
3253091,9.880297992469048,6
3253097,9.902025261814353,6
3253100,9.967554764026959,3
3253114,9.709333803400407,14
3253120,9.884537889840516,6
3253130,9.781346765167687,10
3253142,9.712592048903831,12
3253145,9.950364179664819,3
3253155,9.774772031731663,10
3253160,9.909102010162458,5
3253172,9.746277878727831,12
3253179,9.873324582565402,7
3253188,9.81750466299199,9
3253192,9.94843817302227,4
3253195,9.968803966342346,3
3253199,9.937560355308598,4
3253200,10.0,1
3253204,9.830706595573082,4
3253212,9.836368166532722,8
3253219,9.88413926328566,7
3253233,9.682299664357572,14
3253244,9.723647017090244,11
3253259,9.675120627018382,15
3253263,9.949573799024625,4
3253266,9.945803944650248,3
3253274,9.86008055304072,8
3253278,9.921856513959224,4
3253285,9.865403488776773,7
3253294,9.808318651618965,9
3253309,9.65317463372456,15
3253319,9.798496218062201,10
3253327,9.85216316135824,8
3253336,9.802056671443191,9
3253350,9.664672171716393,14
3253362,9.737858470832947,12
3253363,10.0,1
3253369,9.897038575868937,6
3253388,9.54371055714085,19
3253391,9.954730626033221,3
3253408,9.665547026828667,17
3253421,9.516333941914176,13
3253425,9.944171625995779,4
3253440,9.670110080106609,15
3253448,9.833585420040786,8
3253458,9.790045154642469,10
3253465,9.879311004249827,7
3253475,9.827489921174195,10
3253481,9.903554961849304,6
3253487,9.800454298861158,6
3253512,9.398446090066384,25
3253521,9.835565633288269,9
3253530,9.795368432201338,9
3253542,9.745753822997901,12
3253549,9.852507014695801,7
3253550,10.0,1
3253553,9.964522124378286,3
3253558,9.930609014348692,5
3253562,9.938015685522812,4
3253570,9.851029789143269,8
3253589,9.536773555542942,19
3253590,9.989499379850068,1
3253596,9.886440097542405,6
3253599,9.96726335515636,3
3253604,9.921450288255608,5
3253614,9.793275430885291,10
3253624,9.816696406851316,10
3253638,9.708244016921796,14
3253639,10.0,1
3253649,9.785378635296656,10
3253662,9.76551770463487,13
3253674,9.666292826218353,12
3253684,9.796045093284285,10
3253689,9.92302464772659,5
3253695,9.897374930923386,6
3253708,9.735358824867065,13
3253722,9.675003150819984,14
3253727,9.906244638304974,5
3253728,10.0,1
3253732,9.933108889483302,4
3253739,9.870810827795811,7
3253755,9.683425211748794,16
3253765,9.58882093755273,10
3253773,9.849657589535875,8
3253786,9.73949380579598,13
3253787,10.0,1
3253801,9.664572472117161,14
3253802,10.0,1
3253809,9.86343611496847,7
3253817,9.823976579459467,8
3253828,9.747022161378345,11
3253832,9.944320472081003,4
3253845,9.694243245789432,13
3253850,9.901752496932257,5
3253859,9.820439117743259,9
3253863,9.93746596082836,4
3253874,9.741713878553211,11
3253882,9.861181382885187,8
3253889,9.850578406217453,7
3253893,9.941752616725662,4
3253894,10.0,1
3253903,9.831331309380442,9
3253916,9.690295603994793,13
3253925,9.838770806210215,9
3253931,9.889086925910405,6
3253940,9.812535652144364,9
3253950,9.806674872077057,10
3253953,9.967219474317979,3
3253975,9.58234695977042,22
3253976,9.99258397597386,1
3253986,9.784783487023521,10
3253992,9.89022544351113,6
3254000,9.849261742042183,8
3254009,9.805918485805872,9
3254013,9.93236252330989,4
3254017,9.923443395957175,4
3254027,9.791501315258179,10
3254028,10.0,1
3254044,9.652180035270783,16
3254051,9.852973984060569,7
3254060,9.837120164542227,9
3254071,9.798321011641557,11
3254081,9.756743949102166,10
3254093,9.733731421170107,12
3254106,9.701984824001801,13
3254118,9.756882029118309,12
3254127,9.815908129263994,9
3254139,9.723393377343083,12
3254142,9.961830072297197,3
3254143,10.0,1
3254144,9.99241766428311,1
3254151,9.851221470232453,7
3254152,10.0,1
3254158,9.893240898465546,6
3254161,9.95947057754308,3
3254166,9.914601975303714,5
3254180,9.698138495040679,14
3254193,9.694743854724123,13
3254205,9.730905848883639,12
3254212,9.871042289713207,7
3254220,9.861295887863678,8
3254230,9.792865081144067,10
3254233,9.953081454710057,3
3254242,9.830387963657238,9
3254254,9.715123447331903,12
3254262,9.85523870331794,8
3254265,9.958761209924162,3
3254277,9.73739142153785,12
3254281,9.946776251591338,4
3254292,9.755222885875487,11
3254298,9.892785812802977,6
3254301,9.951162676683717,3
3254309,9.854073475940261,8
3254312,9.955466780774213,3
3254323,9.772644425419337,11
3254326,9.965140716282573,3
3254335,9.82803407397005,9
3254348,9.721498678619987,13
3254356,9.85242503132183,8
3254360,9.942179216706291,4
3254371,9.748745643364233,11
3254383,9.735355804464868,12
3254389,9.885755775873157,6
3254393,9.942346994358507,4
3254401,9.827083469400932,8
3254415,9.572040096675995,14
3254426,9.792741093846569,11
3254436,9.793206891887731,10
3254439,9.946200266360458,3
3254448,9.83406209171311,9
3254458,9.813914242332173,10
3254464,9.88575992772667,6
3254465,9.987898039305488,1
3254474,9.8217570216461,9
3254483,9.804488299970268,9
3254492,9.830125434388915,9
3254495,9.955602555025028,3
3254502,9.863407449634268,7
3254506,9.922882005043126,4
3254520,9.697182711096334,14
3254528,9.82482395619232,8
3254533,9.91645238109445,5
3254539,9.897529161055152,6
3254551,9.720244517304263,12
3254558,9.875951265489256,7
3254564,9.882835377294002,6
3254575,9.760254783242873,11
3254582,9.863353227213752,7
3254595,9.709127311500614,13
3254596,10.0,1
3254599,9.968066241174839,3
3254608,9.631725400406994,9
3254618,9.795845818497561,10
3254633,9.675293852521142,15
3254642,9.796380177201277,9
3254649,9.878346513601052,7
3254650,10.0,1
3254654,9.945275671368599,4
3254657,9.950997895193288,3
3254664,9.87266878229854,7
3254667,9.954571239564363,3
3254671,9.956615393003634,4
3254682,9.758346541547922,11
3254691,9.820748032413011,9
3254696,9.920894439314512,5
3254708,9.751017717841838,12
3254724,9.61634289674456,16
3254726,9.983760135150677,2
3254737,9.774612711165076,11
3254743,9.90696060131861,6
3254750,9.880576818662165,7
3254760,9.785691389026285,10
3254761,10.0,1
3254774,9.736864656507503,13
3254787,9.721794957558876,13
3254795,9.824402828441444,8
3254803,9.826432568823083,8
3254812,9.63967981938629,9
3254814,9.98358261810554,2
3254816,9.972326075450502,2
3254824,9.858795774741107,8
3254830,9.894007536591504,6
3254838,9.839586256856128,8
3254846,9.82634973343792,8
3254855,9.83146918935846,9
3254870,9.721901779378303,15
3254871,10.0,1
3254875,9.92845202260664,4
3254898,9.530593111166565,23
3254913,9.665136808581586,15
3254921,9.84011752516368,8
3254936,9.634980989714567,15
3254944,9.855021298013485,8
3254955,9.760431132055134,11
3254970,9.635669693320105,15
3254979,9.797480082112193,9
3254989,9.799767783742016,10
3255002,9.814440186464749,13
3255003,10.0,1
3255009,9.90555634282697,6
3255010,10.0,1
3255017,9.872003751624561,7
3255028,9.782570591273153,11
3255040,9.752692705406186,12
3255051,9.783864413619215,11
3255063,9.801392350731877,12
3255068,9.92719453046884,5
3255071,9.963076232051156,3
3255086,9.678207122395527,15
3255095,9.833770550915027,9
3255106,9.74454156193585,11
3255111,9.811581096172237,5
3255123,9.746333276526693,12
3255131,9.85543392707085,8
3255149,9.552153966046415,18
3255174,9.392108359686006,25
3255193,9.602709217726431,19
3255202,9.811979465552836,9
3255203,9.989217919671638,1
3255209,9.895366215476944,6
3255225,9.384461473067613,16
3255236,9.819852869345484,11
3255237,10.0,1
3255245,9.840799019848456,8
3255252,9.868014991209613,7
3255262,9.816370919888419,10
3255264,9.972611400354523,2
3255278,9.7464383255084,14
3255288,9.822411866818188,10
3255300,9.709311340716647,12
3255304,9.940968260221883,4
3255314,9.801972827766589,10
3255323,9.824497753927817,9
3255327,9.930483925766582,4
3255332,9.9110208419371,5
3255350,9.595983611490825,18
3255355,9.922605508912739,5
3255360,9.925052382578025,5
3255373,9.68002175773484,13
3255385,9.538942612292672,12
3255391,9.88360635140465,6
3255401,9.775730565354943,10
3255413,9.712154001532948,12
3255418,9.905155918203809,5
3255429,9.739408566408276,11
3255439,9.790431601617595,10
3255447,9.843938396788214,8
3255450,9.952091534431753,3
3255460,9.835547012894539,10
3255466,9.878185893363687,6
3255471,9.906957609536628,5
3255472,10.0,1
3255480,9.844182824026909,8
3255486,9.900384357189667,6
3255507,9.497645391371256,21
3255514,9.863287269221981,7
3255523,9.797492292610363,9
3255528,9.909060531087777,5
3255539,9.782874228942074,11
3255540,9.99674358340868,1
3255554,9.681170358831283,14
3255564,9.79105018632413,10
3255573,9.823518015843717,9
3255592,9.537101664940721,19
3255605,9.729188901696714,13
3255615,9.822939686517834,10
3255628,9.709699454827863,13
3255634,9.917877451507978,6
3255639,9.926975121100371,5
3255643,9.937641822140918,4
3255652,9.808038918193894,9
3255661,9.727172554871359,9
3255675,9.681959937586518,14
3255697,9.483628127498523,22
3255708,9.751240579717331,11
3255718,9.809520065508815,10
3255726,9.834310734787413,8
3255738,9.749476412993163,12
3255743,9.923075178791372,5
3255754,9.793929120563872,11
3255769,9.454797657923647,15
3255793,9.413930125677437,24
3255802,9.811561347872763,9
3255809,9.865343484979476,7
3255822,9.703983808826571,13
3255828,9.893769682455103,6
3255840,9.751466170831344,12
3255841,9.988879959092039,1
3255851,9.762954765681936,10
3255862,9.765920841823974,11
3255877,9.667154418654828,15
3255897,9.476368359067866,20
3255903,9.891666887583622,6
3255909,9.881903368718968,6
3255914,9.920128105670246,5
3255922,9.83850716882593,8
3255931,9.820391332141144,9
3255938,9.883114705360926,7
3255945,9.883168560022616,7
3255955,9.772909490052172,10
3255971,9.540344373282254,16
3255982,9.77364975006403,11
3255988,9.898849472583123,6
3255990,9.97536606710113,2
3255997,9.86267556233457,7
3256009,9.737718528270886,12
3256016,9.873204588394243,7
3256027,9.80150236214189,11
3256028,9.989366335194871,1
3256029,10.0,1
3256034,9.91986010304107,5
3256046,9.732334481316775,12
3256047,10.0,1
3256060,9.71276994400918,13
3256070,9.775216111656581,10
3256074,9.942418705120437,4
3256083,9.79924192772528,9
3256094,9.772537633089984,11
3256109,9.712933676679086,15
3256142,9.241563749024609,33
3256143,10.0,1
3256147,9.945807277529616,4
3256161,9.682112009982475,14
3256174,9.706803898971305,13
3256184,9.787883631759913,10
3256199,9.640034172543826,15
3256209,9.792744696254381,10
3256221,9.710711806167325,12
3256222,10.0,1
3256230,9.833947370913988,8
3256241,9.787163818147475,11
3256253,9.71801178301841,12
3256259,9.883378750627388,6
3256263,9.946840136703202,4
3256266,9.966532085247398,3
3256276,9.793047514013082,10
3256281,9.918569210879893,5
3256296,9.663924069735923,15
3256297,10.0,1
3256312,9.689957375941114,15
3256322,9.792584399862816,10
3256333,9.76507685167172,11
3256343,9.779077220572498,10
3256353,9.58979898762511,10
3256362,9.819905793023795,9
3256375,9.735562437924957,13
3256386,9.789303347283354,11
3256390,9.945817516928864,4
3256396,9.8819140115414,6
3256411,9.673966094825934,15
3256417,9.909530015940309,6
3256421,9.922434969106881,4
3256436,9.680676320967056,15
3256443,9.882588563200487,7
3256459,9.598686960366877,16
3256464,9.926136198539332,5
3256473,9.823762002203171,9
3256482,9.822681623345906,9
3256497,9.717706528177496,15
3256507,9.804334031030212,10
3256511,9.94562110919004,4
3256519,9.851323517702667,8
3256527,9.84438269547733,8
3256541,9.704349152872314,14
3256555,9.68224631342924,14
3256566,9.774478530317676,11
3256571,9.927547335468468,5
3256574,9.95880563294798,3
3256579,9.915905515073975,5
3256588,9.804710102423996,9
3256593,9.909431117369612,5
3256600,9.844097751184789,7
3256607,9.861250246379816,7
3256611,9.939435974670175,4
3256616,9.911782428265973,5
3256624,9.841973726671466,8
3256633,9.817000285741589,9
3256634,10.0,1
3256641,9.873321354248581,7
3256652,9.774913241003155,11
3256661,9.808937514980569,9
3256665,9.950217854322945,4
3256677,9.742988638372898,12
3256684,9.865549794022462,7
3256692,9.888475756882315,8
3256694,9.977269319584067,2
3256699,9.90211653571551,5
3256702,9.971158407025577,3
3256706,9.937977642854065,4
3256711,9.906552068994158,5
3256724,9.7284233438029,13
3256731,9.857582501852413,7
3256735,9.945847279243075,4
3256738,9.960786988117356,3
3256745,9.858395330467836,7
3256748,9.962541183859061,3
3256749,10.0,1
3256755,9.88780918926711,6
3256766,9.7788676840398,11
3256769,9.971257415621716,3
3256777,9.834142391313744,8
3256788,9.772211936310864,11
3256796,9.843413801443557,8
3256806,9.776609368804825,10
3256815,9.85009757581516,9
3256829,9.749880073521233,14
3256841,9.724485358310393,12
3256849,9.846752362161403,8
3256867,7.782767605612039,18
3256883,9.65121588795183,16
3256884,10.0,1
3256893,9.834544698971687,9
3256901,9.846497492583019,8
3256910,9.807635415797073,9
3256926,9.635714475699192,16
3256930,9.934291472643457,4
3256939,9.800016391547597,9
3256953,9.694284287561745,14
3256967,9.670044221731889,14
3256970,9.953961617047286,3
3256984,9.69324401697466,14
3256986,9.971823862092792,2
3257005,9.61284616429169,19
3257011,9.913637942617216,6
3257019,9.847096550118048,8
3257028,9.823860630796993,9
3257039,9.759025904695989,11
3257044,9.924423824178454,5
3257045,10.0,1
3257046,10.0,1
3257057,9.78525352434472,11
3257060,9.951782991938735,3
3257068,9.836349538224233,8
3257080,9.508917885754224,12
3257087,9.873124731520951,7
3257101,9.711547956513455,14
3257109,9.822618721164243,8
3257118,9.80536400216466,9
3257127,9.817477103654012,9
3257136,9.81902961086345,9
3257155,9.569431842285008,19
3257168,9.718171065754289,13
3257173,9.920290190953237,5
3257186,9.743152731057972,13
3257196,9.797794857617074,10
3257200,9.948803973969131,4
3257209,9.802700014166529,9
3257228,8.988812428993663,19
3257242,9.70214128829582,14
3257250,9.834481053193285,8
3257258,9.826190636341313,8
3257272,9.70346784902157,14
3257285,9.71553313467683,13
3257292,9.88174514801249,7
3257303,9.771521216333236,11
3257313,9.794033077407972,10
3257322,9.82260718687843,9
3257340,9.627584148152932,18
3257345,9.905896714559184,5
3257352,9.89579007257194,7
3257363,9.750785599995442,11
3257372,9.626384348204452,9
3257377,9.900204022519203,5
3257388,9.75731427716324,11
3257391,9.945173004899754,3
3257392,9.987438105336864,1
3257401,9.819185712781401,9
3257408,9.859716229924294,7
3257413,9.919615831260629,5
3257423,9.793669659223758,10
3257431,9.841709219476934,8
3257435,9.94179867645686,4
3257439,9.923243055409772,4
3257449,9.799258506629561,10
3257451,9.968846133405494,2
3257452,10.0,1
3257456,9.940197947318133,4
3257457,10.0,1
3257464,9.870312753790493,7
3257469,9.719687051312452,5
3257483,9.653625372809056,14
3257496,9.72715345777667,13
3257508,9.723209000806436,12
3257519,9.781614620150656,11
3257521,9.980113808975958,2
3257524,9.967071622503179,3
3257529,9.912828148987039,5
3257538,9.813024873457966,9
3257556,9.408541354013751,18
3257563,9.865227212496567,7
3257575,9.730527560511051,12
3257583,9.839782273368437,8
3257589,9.895318254923753,6
3257612,9.395624373714872,23
3257617,9.901228425186245,5
3257623,9.892243682633575,6
3257624,10.0,1
3257639,9.63693438904558,15
3257641,9.971600057813058,2
3257653,9.73327158052266,12
3257669,9.670335673500759,16
3257676,9.677459661105676,7
3257685,9.830762413591497,9
3257693,9.836729694853705,8
3257710,9.658389682189714,17
3257717,9.848743023863495,7
3257718,10.0,1
3257728,9.804514491425882,10
3257735,9.845798880868092,7
3257746,9.778975776033432,11
3257756,9.80055572358202,10
3257772,9.695145659325837,16
3257785,9.710870258017039,13
3257796,9.7950576412807,11
3257802,9.885368145383424,6
3257811,9.825931531338433,9
3257822,9.76992862295027,11
3257840,9.41615322452642,18
3257846,9.906672829085268,6
3257847,10.0,1
3257852,9.90980356701316,5
3257860,9.833766503188412,8
3257867,9.897726926776915,7
3257870,9.965574263146266,3
3257885,9.638587710421405,15
3257887,9.971111691147255,2
3257896,9.841807789611305,9
3257905,9.81329133590853,9
3257912,9.858306988711995,7
3257921,9.805113572414038,9
3257924,9.860293739067126,3
3257938,9.623417689751673,14
3257951,9.725991588147338,13
3257961,9.817845037956278,10
3257969,9.842943433220888,8
3257975,9.872150710095315,6
3257985,9.807786271174313,10
3257996,9.765651874128464,11
3258010,9.66044733962471,14
3258013,9.967882362455818,3
3258020,9.85318519094878,7
3258030,9.775045806193948,10
3258035,9.922359821665594,5
3258036,10.0,1
3258052,9.659168960160898,16
3258064,9.752206312872268,12
3258072,9.837464001002177,8
3258077,9.911435250137746,5
3258090,9.735391548364197,13
3258096,9.878052842408884,6
3258104,9.857366191253979,8
3258114,9.804627991798478,10
3258117,9.955428026106539,3
3258127,9.78992230559734,10
3258138,9.792271493398273,11
3258139,10.0,1
3258147,9.843810523706821,8
3258156,9.838601766804269,9
3258159,9.966912122069083,3
3258169,9.782585391795266,10
3258173,9.952257397514872,4
3258179,9.895198769531492,6
3258186,9.888956348738361,7
3258198,9.76934186894572,12
3258200,9.975650057344213,2
3258208,9.82266071593946,8
3258221,9.7609864750606,13
3258231,9.808447268327734,10
3258240,9.813862498965678,9
3258244,9.936579074978889,4
3258253,9.834735023167267,9
3258271,9.593245842444329,18
3258280,9.845651035958655,9
3258281,10.0,1
3258284,9.950195122040466,3
3258288,9.939675278762166,4
3258303,9.684369604075332,15
3258310,9.863067400216357,7
3258311,10.0,1
3258320,9.826852298879707,9
3258329,9.82079936176988,9
3258336,9.858131091833078,7
3258343,9.86302717805497,7
3258355,9.738933435139158,12
3258362,9.884947067000844,7
3258372,9.811998274854641,10
3258384,9.723667486995211,12
3258388,9.933538512782809,4
3258401,9.71413820780032,13
3258418,9.608759227829967,17
3258428,9.775046107063032,10
3258443,9.707745505900085,15
3258450,9.86608036376125,7
3258453,9.968201562075654,3
3258458,9.928163773794216,5
3258467,9.79977553955185,9
3258474,9.884142273258108,7
3258485,9.749538128668657,11
3258493,9.869610091292582,8
3258496,9.946568107687968,3
3258506,9.785310555722216,10
3258507,10.0,1
3258514,9.880120202686614,7
3258526,9.75063964230603,12
3258534,9.835601675575537,8
3258545,9.777973619549497,11
3258556,9.78054874822333,11
3258561,9.926292596650365,5
3258570,9.811236835324788,9
3258581,9.77786043281193,11
3258588,9.847171811799353,7
3258602,9.70071289649351,14
3258615,9.777089320299437,13
3258622,9.855820185308794,7
3258629,9.857920062548594,7
3258632,9.95894684432461,3
3258641,9.796683070840581,9
3258653,9.721425789948917,12
3258667,9.689159320523245,14
3258678,9.762151331175103,11
3258681,9.957078433343227,3
3258688,9.862333748042195,7
3258706,9.629521363726308,18
3258717,9.754265027992595,11
3258729,9.733400742336645,12
3258733,9.92605911244984,4
3258741,9.725653868144335,8
3258747,9.895358529816445,6
3258748,10.0,1
3258759,9.754575856761571,11
3258768,9.810295416619223,9
3258780,9.732210447953493,12
3258781,9.996654213821314,1
3258791,9.790658614900831,10
3258812,9.639779039540626,21
3258823,9.769478402675881,11
3258836,9.73752013754471,13
3258837,10.0,1
3258844,9.672183105925196,7
3258855,9.759862035520625,11
3258867,9.726477424959953,12
3258868,10.0,1
3258880,9.742024217740772,12
3258882,9.979425310368816,2
3258890,9.848827577507967,8
3258906,9.587111520576755,16
3258917,9.76339265828582,11
3258929,9.792214561128276,12
3258935,9.906129953810792,6
3258950,9.69634162474349,15
3258961,9.770540163824545,11
3258966,9.92026822506353,5
3258978,9.6714817392171,12
3258993,9.667121766245971,15
3259002,9.81967250281604,9
3259007,9.91127425089018,5
3259019,9.755511351813295,12
3259027,9.831981399784135,8
3259040,9.699151502279301,13
3259041,10.0,1
3259047,9.90512126269974,6
3259062,9.640160025748939,15
3259072,9.77829350985364,10
3259082,9.85044624872374,10
3259087,9.916902978998648,5
3259088,10.0,1
3259094,9.875530559160277,6
3259107,9.757006307774201,13
3259108,9.987978617679412,1
3259118,9.803407965993795,10
3259131,9.713256174753806,13
3259136,9.921295186481883,5
3259148,9.743310337226461,12
3259154,9.902611469251077,6
3259159,9.931910196642074,5
3259170,9.808757534591484,11
3259178,9.823103578206354,8
3259187,9.809417714818359,9
3259200,9.73280122616576,13
3259209,9.790157896772813,9
3259214,9.915667995994452,5
3259225,9.7900721475314,11
3259235,9.798082579591291,10
3259242,9.880989115014872,7
3259250,9.831922116541344,8
3259265,9.668712415455182,15
3259273,9.836936065689535,8
3259278,9.921926708613366,5
3259283,9.933670164072794,5
3259289,9.90589072634926,6
3259301,9.755909285801097,12
3259302,9.996505964099887,1
3259311,9.823105046089388,9
3259316,9.922864087302422,5
3259323,9.885037418370013,7
3259331,9.84842074115912,8
3259343,9.750108050281119,12
3259352,9.792577083568085,9
3259358,9.910446812535188,6
3259369,9.78270834154031,11
3259375,9.902144523444699,6
3259382,9.85004117753301,7
3259389,9.88118489678006,7
3259399,9.797953851865387,10
3259411,9.741033525818347,12
3259417,9.903909964310982,6
3259432,9.70978815826422,15
3259438,9.90971368345536,6
3259446,9.838165906344612,8
3259447,9.996578906823446,1
3259457,9.812854619437735,10
3259458,10.0,1
3259469,9.759073079682825,11
3259476,9.886270974518514,7
3259495,9.587047847211286,19
3259505,9.788806641440784,10
3259506,10.0,1
3259554,9.193759816891248,48
3259560,9.906309855612799,6
3259574,9.676475583572966,14
3259582,9.883225266544084,8
3259590,9.846639020367904,8
3259602,9.720960498040059,12
3259607,9.925953222248198,5
3259611,9.958532482416938,4
3259612,10.0,1
3259620,9.82186703438613,8
3259628,9.858422643099377,8
3259641,9.702576078886695,13
3259651,9.792484826383642,10
3259661,9.798606514417441,10
3259674,9.709916348594628,13
3259680,9.892880790715287,6
3259693,9.6960137118674,13
3259697,9.94501635762092,4
3259715,9.664206498137139,18
3259718,9.95562206321174,3
3259721,9.954873062876237,3
3259725,9.933748616741934,4
3259737,9.710235480258195,12
3259759,9.586374560184849,22
3259760,10.0,1
3259774,9.68607367839646,14
3259775,10.0,1
3259776,10.0,1
3259778,9.974377256032586,2
3259784,9.919420566094205,6
3259793,9.806077253610253,9
3259794,9.996143750035005,1
3259795,10.0,1
3259796,10.0,1
3259803,9.864495953993991,7
3259814,9.585071098222926,11
3259820,9.910992189492399,6
3259823,9.964881083573454,3
3259842,9.63267905107551,19
3259846,9.93986069767634,4
3259847,10.0,1
3259859,9.707492884963036,12
3259869,9.795559512182903,10
3259874,9.917473020454768,5
3259881,9.884515119695456,7
3259900,9.49690579064107,19
3259911,9.771134109227374,11
3259918,9.872820691297045,7
3259919,10.0,1
3259923,9.9332456789077,4
3259935,9.742865163852775,12
3259948,9.72502136706864,13
3259952,9.942027034796823,4
3259960,9.8371527727424,8
3259961,10.0,1
3259971,9.804664373774614,10
3259989,9.552957354275613,18
3259993,9.934298790589308,4
3260002,9.822861555648927,9
3260011,9.624962606988468,9
3260012,9.989168882506666,1
3260017,9.90565543432451,5
3260024,9.852276342280422,7
3260025,10.0,1
3260033,9.847414225811423,8
3260035,9.97454917202567,2
3260042,9.870590265167282,7
3260048,9.900466478481928,6
3260057,9.810715497617142,9
3260066,9.814207324713575,9
3260081,9.631837985805788,15
3260088,9.857344687164302,7
3260097,9.832406245208544,9
3260110,9.531563061659567,13
3260121,9.766423526089467,11
3260129,9.860822040643388,8
3260139,9.7802007196709,10
3260153,9.679279594369348,14
3260161,9.822022680763418,8
3260173,9.728892114088557,12
3260181,9.84586547223704,8
3260184,9.94780726539128,3
3260190,9.88432049683984,6
3260191,10.0,1
3260196,9.900406670282617,5
3260197,10.0,1
3260198,9.99233373669245,1
3260203,9.922371874415703,5
3260212,9.794350268159594,9
3260224,9.753644793630823,12
3260234,9.783450829002378,10
3260257,9.473489552029898,23
3260267,9.799369079523968,10
3260279,9.743499525855942,12
3260284,9.920535106674713,5
3260294,9.770583704557264,10
3260300,9.901852058433493,6
3260306,9.896240476977209,6
3260316,9.835736649868265,10
3260332,9.607036467159363,16
3260337,9.929393445991131,5
3260340,9.960699712289745,3
3260349,9.801104471430575,9
3260361,9.768224627463901,12
3260379,9.553270488618264,18
3260380,10.0,1
3260385,9.923584267887785,5
3260399,9.681649521724875,14
3260407,9.834403101942138,8
3260411,9.946063174888835,4
3260427,9.664909193272337,16
3260433,9.917715658839493,6
3260443,9.79532334488194,10
3260453,9.778553686478288,10
3260471,9.61557176243422,18
3260486,9.554567970716352,15
3260493,9.868119350513211,7
3260494,9.996350011071149,1
3260501,9.873391169706636,7
3260508,9.883186985826974,7
3260514,9.89613656451463,6
3260525,9.771570253847123,11
3260532,9.854929293470878,7
3260543,9.77636957937835,11
3260555,9.743035644838526,12
3260567,9.72183037831332,12
3260577,9.793701191242516,10
3260578,10.0,1
3260585,9.845416090329627,7
3260586,10.0,1
3260594,9.818836250283413,8
3260616,9.565903164153893,22
3260624,9.8165568246598,8
3260635,9.760321742277204,11
3260644,9.81616726667103,9
3260656,9.75510754733501,12
3260659,9.958447612763909,3
3260660,10.0,1
3260673,9.710437939901466,13
3260677,9.942704763228637,4
3260684,9.850738461812433,7
3260696,9.75698335723926,12
3260708,9.750778272105007,12
3260724,9.652257313844267,16
3260725,10.0,1
3260736,9.76979146505115,11
3260741,9.924100664467735,5
3260742,10.0,1
3260744,9.976620106684273,2
3260757,9.749833334822437,13
3260768,9.796045862354003,11
3260777,9.802279347736883,9
3260781,9.95347552654786,4
3260782,10.0,1
3260793,9.752752318856752,11
3260807,9.700790733421426,14
3260823,9.686611515802458,16
3260834,9.784880357349687,11
3260840,9.911099769451386,6
3260843,9.959124329384862,3
3260852,9.83280400566623,9
3260855,9.950178678232056,3
3260860,9.922144839843801,5
3260864,9.930498746962114,4
3260865,10.0,1
3260866,10.0,1
3260880,9.703745990157724,14
3260888,9.744228537816538,8
3260898,9.78625642183472,10
3260909,9.766239564415166,11
3260920,9.741907537560166,11
3260930,9.77708102038427,10
3260939,9.810726200959644,9
3260949,9.79007050640955,10
3260951,9.970254934774328,2
3260960,9.826644674523981,9
3260971,9.786633937252152,11
3260976,9.929020229971886,5
3260985,9.82122581934922,9
3260996,9.770467328906337,11
3261004,9.850436305400127,8
3261011,9.857952748900864,7
3261025,9.6899744473874,14
3261030,9.910741580392598,5
3261035,9.898096072886759,5
3261039,9.927824791758194,4
3261043,9.923064966148035,4
3261055,9.742575710212074,12
3261063,9.831302356377034,8
3261073,9.805176031149593,10
3261085,9.736668180126491,12
3261093,9.853376803291145,8
3261101,9.838304515712606,8
3261104,9.950632029083895,3
3261105,10.0,1
3261116,9.750179989885694,11
3261123,9.873927532786164,7
3261133,9.781635767121331,10
3261147,9.666224883791262,14
3261155,9.73066646737969,8
3261162,9.851027181409705,7
3261176,9.700270200754101,14
3261182,9.883381755807843,6
3261193,9.753163901828758,11
3261197,9.928356043934123,4
3261202,9.912975055455616,5
3261210,9.822250568631489,8
3261215,9.912355206826481,5
3261227,9.72060937289334,12
3261234,9.853865612663059,7
3261256,9.581164929657904,22
3261265,9.807426255945373,9
3261272,9.882289388311987,7
3261280,9.85043589424876,8
3261291,9.773526594358433,11
3261316,9.506912073873997,25
3261322,9.90175996403382,6
3261330,9.838212220697825,8
3261339,9.794877442553508,9
3261347,9.847895325506766,8
3261359,9.723952219945751,12
3261374,9.671991745162087,15
3261380,9.897288336220734,6
3261386,9.88684370703094,6
3261397,9.770540791238803,11
3261400,9.95917293524828,3
3261401,10.0,1
3261402,9.9921194270683,1
3261416,9.505532828800485,14
3261424,9.860001544581742,8
3261433,9.840040304488342,9
3261441,9.83666685667373,8
3261446,9.922818626314383,5
3261454,9.82112755406599,8
3261469,9.645863911633912,15
3261477,9.844284330757562,8
3261486,9.804754094463116,9
3261497,9.768118469947828,11
3261508,9.797361245051212,11
3261512,9.92596645406783,4
3261516,9.946976084937088,4
3261526,9.811264989452201,10
3261533,9.883229286772863,7
3261545,9.724006880659445,12
3261551,9.893718039397,6
3261555,9.930247475371559,4
3261562,9.881024984479977,7
3261567,9.908827841301772,5
3261568,9.988806792416405,1
3261573,9.91635378710206,5
3261583,9.788890024964925,10
3261596,9.681222410256582,13
3261610,9.709442953790646,14
3261614,9.94523960031268,4
3261620,9.87396065878319,6
3261629,9.806371115267618,9
3261633,9.940606343011908,4
3261639,9.902462397205813,6
3261640,10.0,1
3261653,9.683401730920943,13
3261661,9.821483875328793,8
3261669,9.851078674606606,8
3261683,9.699996098677062,14
3261688,9.924810831521093,5
3261699,9.758985406123937,11
3261700,10.0,1
3261709,9.807272868957709,9
3261719,9.81250559790216,10
3261738,9.549011458394245,19
3261740,9.983024136331768,2
3261748,9.830036587809369,8
3261758,9.766559251950827,10
3261770,9.741919612122022,12
3261781,9.741671729121588,11
3261791,9.78046450591933,10
3261792,10.0,1
3261797,9.920533261053611,5
3261824,9.419900874219776,27
3261830,9.880293054699788,6
3261845,9.71724504024593,15
3261854,9.863172579774456,9
3261864,9.78133495565326,10
3261875,9.744106370333734,11
3261885,9.801233227244259,10
3261892,9.87533465024474,7
3261907,9.64901891963987,15
3261914,9.866130124891077,7
3261922,9.857461678877728,8
3261936,9.701247250000831,14
3261944,9.865187648066335,8
3261955,9.77581991786254,11
3261956,10.0,1
3261970,9.668414392363673,14
3261988,9.617098558489264,18
3261991,9.950948118280083,3
3261998,9.860574900641382,7
3262007,9.813607181020057,9
3262018,9.805055075687491,11
3262024,9.895201956694457,6
3262035,9.770627368030192,11
3262041,9.894827439474984,6
3262051,9.766437013233165,10
3262057,9.902341129843087,6
3262068,9.772194324307296,11
3262087,9.620503880593445,19
3262100,9.72957329329755,13
3262109,9.830625334886449,9
3262124,9.713732641402084,15
3262133,9.85540992747705,9
3262147,9.710283139967714,14
3262148,10.0,1
3262155,9.857941993124678,7
3262160,9.921820309345739,5
3262163,9.95998811853349,3
3262166,9.955994578923885,3
3262177,9.765782392289692,11
3262180,9.95827326589032,3
3262181,10.0,1
3262193,9.770841054814419,12
3262197,9.92916525244474,4
3262210,9.722858205800877,13
3262219,9.830135342680071,9
3262231,9.685518500645449,12
3262232,9.99237641810102,1
3262242,9.798079681171565,10
3262249,9.867618454271227,7
3262257,9.862771352013592,8
3262268,9.750139995581646,11
3262277,9.809074803705608,9
3262283,9.902958301655627,6
3262294,9.825439926321028,11
3262301,9.889171083682808,7
3262315,9.722970709240355,14
3262322,9.883059590817089,7
3262328,9.903747834942449,6
3262329,10.0,1
3262342,9.739848199230725,13
3262350,9.852746954132082,8
3262359,9.801510699078795,9
3262364,9.907677286889564,5
3262374,9.80721982913062,10
3262390,9.72238029327352,16
3262404,9.708650615459396,14
3262414,9.769480443136667,10
3262415,10.0,1
3262424,9.79021091637404,9
3262425,10.0,1
3262434,9.828808509279613,9
3262442,9.841809662319905,8
3262449,9.857817223355937,7
3262465,9.66555487673657,16
3262474,9.855524747576771,9
3262482,9.858182699151413,8
3262486,9.95162971074526,4
3262496,9.796857333914053,10
3262502,9.902234219785013,6
3262510,9.82776167709007,8
3262515,9.937993057583272,5
3262522,9.858285209649374,7
3262530,9.850980652008397,8
3262542,9.740910586725445,12
3262554,9.613407887662563,12
3262558,9.94732708719292,4
3262566,9.865746016950158,8
3262569,9.96952339377112,3
3262581,9.785733654060852,12
3262588,9.871277509905978,7
3262592,9.928760579047319,4
3262606,9.70740387728284,14
3262607,10.0,1
3262613,9.88787127410072,6
3262617,9.925609584674161,4
3262629,9.736316827217781,12
3262642,9.733215416471431,13
3262643,10.0,1
3262648,9.91916778344274,5
3262656,9.823677255170223,8
3262664,9.877077063695117,8
3262668,9.945911854447994,4
3262670,9.971874264206658,2
3262679,9.793888153815475,9
3262690,9.834441802939114,11
3262696,9.894587730958197,6
3262702,9.904479998965344,6
3262712,9.815039815109648,10
3262721,9.814188783775855,9
3262730,9.82173303553992,9
3262739,9.812034446162148,9
3262740,10.0,1
3262751,9.760002070527682,11
3262761,9.80913519871551,10
3262762,10.0,1
3262767,9.902168030825852,5
3262776,9.820713626495959,9
3262782,9.90109097714232,6
3262793,9.78274921204378,11
3262812,9.54921377552256,19
3262821,9.821329875719533,9
3262825,9.934716110340656,4
3262837,9.756639442491048,12
3262848,9.739215145984033,11
3262852,9.932515721957921,4
3262862,9.79383538009434,10
3262867,9.917530843075365,5
3262875,9.846061964476716,8
3262895,9.585000771944976,20
3262905,9.761875462853817,10
3262909,9.942921140321877,4
3262911,9.970681183130184,2
3262919,9.85027763226913,8
3262928,9.800650626416049,9
3262929,10.0,1
3262946,9.593725911187613,17
3262959,9.72719389472757,13
3262976,9.66019083096827,17
3262983,9.865008872926367,7
3262992,9.820543755018635,9
3262998,9.910850667924725,6
3263016,9.591331757993398,18
3263019,9.956412669281251,3
3263026,9.851831680407884,7
3263036,9.821110136248713,10
3263043,9.88225663151852,7
3263053,9.776784452690414,10
3263057,9.945529435548899,4
3263063,9.885727917385234,6
3263069,9.877815186434926,6
3263075,9.879505050073835,6
3263089,9.799756520767154,14
3263091,9.969793246918845,2
3263092,10.0,1
3263099,9.875090580183267,7
3263110,9.765422724410303,11
3263129,9.517386682887304,19
3263140,9.773274652768198,11
3263154,9.474900645969742,14
3263158,9.941564188307478,4
3263169,9.753436726994027,11
3263186,9.609099689483426,17
3263202,9.650758036979543,16
3263209,9.666344420101067,7
3263213,9.937851353499761,4
3263220,9.864345296064812,7
3263228,9.849056521562193,8
3263234,9.895326927104191,6
3263240,9.890449044594979,6
3263241,10.0,1
3263250,9.812853210555875,9
3263256,9.884273847193889,6
3263262,9.902151123666188,6
3263274,9.742676030545336,12
3263283,9.8013680180298,9
3263284,9.992682528350619,1
3263302,9.40217122358557,18
3263306,9.941630496574026,4
3263317,9.763337008508552,11
3263324,9.866871158233211,7
3263329,9.934457707192577,5
3263336,9.862267108897939,7
3263346,9.79737667748573,10
3263355,9.819789636793436,9
3263365,9.786448794331763,10
3263376,9.82081022687277,11
3263387,9.774828940771314,11
3263392,9.931237911151413,5
3263397,9.926706633221437,5
3263405,9.846624470174971,8
3263411,9.89327075583208,6
3263414,9.957324463439758,3
3263433,9.627201511047723,19
3263441,9.85091643787457,8
3263454,9.692156521277496,13
3263460,9.89047197505428,6
3263461,10.0,1
3263470,9.860051177648629,9
3263479,9.806364591949855,9
3263489,9.80983695539871,10
3263503,9.72553081882795,14
3263512,9.824926167374759,9
3263521,9.830217842507842,9
3263526,9.924512418234322,5
3263532,9.888569496978047,6
3263541,9.82428393620124,9
3263551,9.78179651245353,10
3263552,10.0,1
3263568,9.644463256685814,16
3263570,9.975660581736825,2
3263579,9.629898164282219,9
3263596,9.657128603303862,17
3263604,9.825634990598848,8
3263615,9.755177176230918,11
3263626,9.779262783335573,11
3263636,9.811723104527248,10
3263646,9.814603237786068,10
3263654,9.84999651385671,8
3263660,9.888509639315469,6
3263661,10.0,1
3263668,9.864123883648812,7
3263672,9.94956888979828,4
3263678,9.886681190265707,6
3263683,9.92156070135412,5
3263692,9.848511025179562,9
3263695,9.946564677799048,3
3263696,10.0,1
3263704,9.8576503559703,8
3263715,9.759965938856059,11
3263718,9.961228837865105,3
3263720,9.978701661181583,2
3263730,9.782887785279424,10
3263741,9.766202133204745,11
3263753,9.750973953018125,12
3263768,9.632391768057243,15
3263775,9.879400252668034,7
3263781,9.899005763601838,6
3263789,9.84674835695641,8
3263799,9.799305394965014,10
3263809,9.780695098541697,10
3263815,9.903270073687196,6
3263821,9.902650531927883,6
3263832,9.74120203988546,11
3263839,9.860294210740994,7
3263853,9.718029520553813,14
3263864,9.752537170825109,11
3263871,9.854232367956827,7
3263889,9.617844571879962,18
3263893,9.952983454128137,4
3263899,9.908370555486812,6
3263910,9.722784828546756,11
3263911,10.0,1
3263922,9.77058974779484,11
3263941,9.537202398405926,19
3263951,9.807212167628531,10
3263959,9.831515870769582,8
3263961,9.979455855812372,2
3263970,9.815757922834559,9
3263984,9.70606253896139,14
3263991,9.852075123395975,7
3263997,9.88314236346336,6
3264017,9.497678700108233,20
3264033,9.620103273061819,16
3264045,9.75364291271143,12
3264051,9.896204647242845,6
3264056,9.933355045674404,5
3264069,9.739731493100532,13
3264083,9.71018869450576,14
3264090,9.87305972721458,7
3264099,9.818941750474254,9
3264101,9.976207434324674,2
3264117,9.676060342598955,16
3264118,9.996534016570685,1
3264127,9.640236101402213,9
3264131,9.947483604271532,4
3264139,9.841402396571317,8
3264143,9.940661331016342,4
3264147,9.935405776164137,4
3264161,9.737393657194144,14
3264171,9.81069084424318,10
3264179,9.827967160607054,8
3264182,9.963304414302977,3
3264189,9.866620236536262,7
3264198,9.83212322229289,9
3264205,9.8888080215457,7
3264212,9.84304898894129,7
3264219,9.858019119995932,7
3264225,9.908753972097315,6
3264232,9.877271689637796,7
3264241,9.818098118166882,9
3264253,9.741003787087607,12
3264254,9.991888826814415,1
3264263,9.82343052735545,9
3264277,9.668049873015482,14
3264278,10.0,1
3264280,9.97530320766442,2
3264292,9.773408323132994,12
3264300,9.833489697130783,8
3264306,9.900540841856573,6
3264320,9.58904779342339,14
3264328,9.824142238593527,8
3264331,9.961696861620078,3
3264334,9.96432765379284,3
3264349,9.471569662839622,15
3264360,9.741578870514163,11
3264366,9.879181378085676,6
3264373,9.855110587782764,7
3264377,9.945758774213619,4
3264383,9.906132367416854,6
3264394,9.749110616628373,11
3264403,9.813133006692022,9
3264416,9.74156632723918,13
3264427,9.775902868764943,11
3264428,10.0,1
3264431,9.958796119694808,3
3264439,9.852154184468752,8
3264445,9.88803410072337,6
3264457,9.7374856077196,12
3264463,9.88787538233253,6
3264468,9.700745235724881,5
3264476,9.844693039974292,8
3264485,9.833069920478687,9
3264486,10.0,1
3264498,9.756082642571004,12
3264502,9.944524037198054,4
3264515,9.70419094267735,13
3264520,9.920900000746512,5
3264528,9.84552721962951,8
3264537,9.818582873306394,9
3264542,9.925324505038931,5
3264546,9.945452365381657,4
3264547,9.996583888743523,1
3264555,9.852942134808641,8
3264559,9.937957162546931,4
3264560,10.0,1
3264572,9.734997400252697,12
3264582,9.807980027040271,10
3264585,9.953379986996005,3
3264590,9.923223316558827,5
3264599,9.800119063564058,9
3264610,9.761226414255027,11
3264613,9.958516987350235,3
3264619,9.906266939519362,6
3264632,9.72779099782728,13
3264633,10.0,1
3264640,9.869079767207074,7
3264653,9.721697856832558,13
3264665,9.736822768377923,12
3264672,9.864065533071326,7
3264677,9.931640789972406,5
3264688,9.768437367395547,11
3264693,9.929627662002254,5
3264694,10.0,1
3264707,9.80657301215787,13
3264708,10.0,1
3264711,9.953442529073703,3
3264714,9.959191344145925,3
3264726,9.766171325459407,12
3264752,9.479324250861099,26
3264765,9.706377815874824,13
3264775,9.802396559199954,10
3264787,9.744581558717323,12
3264796,9.833603207045611,9
3264805,9.84310083694647,9
3264814,9.833593901837865,9
3264827,9.413396164758655,13
3264833,9.784413291449995,6
3264842,9.80863651801785,9
3264851,9.829613265205598,9
3264854,9.95607878538557,3
3264858,9.837106504892422,4
3264862,9.9302209222355,4
3264866,9.936034545086837,4
3264876,9.78367156920071,10
3264884,9.856828087708939,8
3264905,9.577237614860522,21
3264915,9.796547908863293,10
3264919,9.94751586318873,4
3264920,10.0,1
3264928,9.849126806917807,8
3264939,9.775758342258,11
3264942,9.953173281712674,3
3264956,9.703747758680334,14
3264969,9.505317315771256,13
3264973,9.929431702570943,4
3264987,9.694531348663398,14
3265001,9.675278864437137,14
3265007,9.908992513289906,6
3265010,9.962648816653509,3
3265016,9.879354057220047,6
3265033,9.606333569752332,17
3265044,9.785696468068249,11
3265051,9.847987478845472,7
3265058,9.86461491569838,7
3265069,9.764745893819399,11
3265079,9.796476191861478,10
3265081,9.871613656434848,2
3265097,9.684781412650478,16
3265103,9.891021783611755,6
3265104,9.98898931375067,1
3265108,9.921105602425701,4
3265113,9.902374630837826,5
3265123,9.773287349201151,10
3265124,10.0,1
3265129,9.909447962862723,5
3265138,9.815530422178462,9
3265146,9.851091759319026,8
3265154,9.872309332493089,8
3265166,9.718121281929747,12
3265173,9.879207081780676,7
3265181,9.84931401062943,8
3265193,9.63772803338459,12
3265205,9.752850093481364,12
3265212,9.856644091195784,7
3265224,9.735378300565369,12
3265233,9.83210217126129,9
3265246,9.676013740744112,13
3265256,9.76588932770539,10
3265264,9.848117207374079,8
3265275,9.776993941782056,11
3265284,9.82188733027783,9
3265290,9.890129933399837,6
3265299,9.792245773143867,9
3265309,9.792990548914505,10
3265311,9.985804395880795,2
3265315,9.929460123151058,4
3265325,9.787308726756399,10
3265335,9.792304371515815,10
3265336,10.0,1
3265339,9.950500593424769,3
3265342,9.95060272727473,3
3265347,9.904502139531374,5
3265352,9.923549935319803,5
3265380,7.332204056503852,28
3265387,9.868824869821436,7
3265395,9.841644119423265,8
3265396,10.0,1
3265407,9.756131511275422,11
3265420,9.728051404005067,13
3265433,9.711243755866638,13
3265443,9.804272898681322,10
3265451,9.879059992474712,8
3265465,9.38875198009943,14
3265469,9.944997272807393,4
3265480,9.775824670298702,11
3265488,9.841048869348644,8
3265501,9.781599696777441,13
3265516,9.659229283203844,15
3265524,9.8433368572334,8
3265536,9.777957559850785,12
3265544,9.858073500712138,8
3265545,10.0,1
3265550,9.915136464990704,5
3265556,9.895593440353283,6
3265559,9.952018814370657,3
3265564,9.893706817016295,5
3265572,9.870392489347301,8
3265587,9.703503641774683,15
3265593,9.902171956095197,6
3265603,9.801701632300993,10
3265614,9.780949417013236,11
3265618,9.937920330051577,4
3265623,9.927684683974592,5
3265629,9.891221030809588,6
3265635,9.891795932216624,6
3265636,9.996592115539405,1
3265637,10.0,1
3265644,9.862580394081101,7
3265657,9.708673926679744,13
3265672,9.668243745754774,15
3265676,9.942829280173616,4
3265683,9.857630125094879,7
3265684,10.0,1
3265693,9.830500127929357,9
3265701,9.86067111839228,8
3265711,9.769696031975508,10
3265717,9.91375377738581,6
3265724,9.877734465414667,7
3265725,10.0,1
3265731,9.891410576574534,6
3265737,9.891945915960672,6
3265751,9.686393767452973,14
3265755,9.946781947830194,4
3265760,9.9193407640202,5
3265768,9.857142706405007,8
3265778,9.810504096428794,10
3265792,9.680393605573661,14
3265801,9.847088850728008,9
3265809,9.853065869095252,8
3265817,9.841672961625974,8
3265826,9.816622946751604,9
3265835,9.857984374798164,9
3265850,9.654147602021613,15
3265859,9.81470310531407,9
3265869,9.827178133872627,10
3265880,9.77375146804625,11
3265888,9.830288433055413,8
3265893,9.906468755791014,5
3265906,9.72816540465644,13
3265912,9.900059373844469,6
3265916,9.953099182647069,4
3265929,9.759534042210989,13
3265930,10.0,1
3265946,9.626363014196135,16
3265955,9.812133512419615,9
3265963,9.833770303858188,8
3265973,9.835897541725176,10
3265976,9.944682731594245,3
3265985,9.594665793919697,9
3265993,9.860164386740948,8
3266001,9.838198153301189,8
3266057,8.610048532732664,56
3266067,9.802147284848278,10
3266077,9.774475136500826,10
3266084,9.85876265171014,7
3266091,9.868889080328685,7
3266109,9.579206535644417,18
3266113,9.94947255253075,4
3266121,9.826745595198059,8
3266132,9.766226753990946,11
3266147,9.679273798353533,15
3266161,9.68596602922695,14
3266167,9.903687976040722,6
3266171,9.943605552803538,4
3266182,9.767781273092117,11
3266195,9.67778883102307,13
3266212,9.588805496099626,17
3266221,9.816887623181394,9
3266237,9.641757516112271,16
3266244,9.871432855314584,7
3266272,9.514966973950582,28
3266278,9.898514187917142,6
3266281,9.9653680454693,3
3266288,9.867653715476433,7
3266294,9.8827683724602,6
3266305,9.776238874226141,11
3266311,9.884340613514935,6
3266326,9.647124267704099,15
3266339,9.716276683420425,13
3266348,9.81053244105833,9
3266356,9.813828286564375,8
3266364,9.847411493496903,8
3266366,9.982026419966488,2
3266375,9.854902407328312,9
3266384,9.804471340499726,9
3266391,9.891413826244161,7
3266398,9.855511858244405,7
3266404,9.89718084617397,6
3266407,9.952631327519457,3
3266421,9.690768916603506,14
3266422,10.0,1
3266427,9.913603839122223,5
3266438,9.76088693790199,11
3266441,9.95235359474887,3
3266449,9.840380474308832,8
3266460,9.786223282368564,11
3266477,9.651394017065055,17
3266485,9.839475446163554,8
3266493,9.869267242485343,8
3266498,9.916297481526087,5
3266506,9.867209118729708,8
3266513,9.758483048363507,7
3266528,9.713262806202975,15
3266536,9.82202530717442,8
3266546,9.801401221728133,10
3266558,9.762297259095517,12
3266562,9.946495194739262,4
3266564,9.976128409072565,2
3266573,9.796666932304618,9
3266574,10.0,1
3266587,9.711751986450397,13
3266588,10.0,1
3266605,9.590278774009649,17
3266608,9.964702555119997,3
3266609,10.0,1
3266623,9.661026115348198,14
3266629,9.888989078616179,6
3266636,9.872407744424352,7
3266645,9.816736538654562,9
3266652,9.878172220600685,7
3266665,9.699891783748221,13
3266673,9.83625336517238,8
3266682,9.847323407864028,9
3266694,9.77219426410783,12
3266705,9.74293115051461,11
3266711,9.894010876382971,6
3266725,9.717461739284676,14
3266726,9.996572865164062,1
3266735,9.810584603088342,9
3266745,9.774068063124913,10
3266758,9.686129150252285,13
3266771,9.706616992005026,13
3266774,9.966147992376522,3
3266785,9.753656217611004,11
3266793,9.845891503400662,8
3266799,9.889272907130792,6
3266814,9.65142806308015,15
3266823,9.828497694027297,9
3266833,9.788189275848024,10
3266844,9.786881217983906,11
3266851,9.860953126755119,7
3266860,9.842605370571329,9
3266874,9.662049607710356,14
3266875,9.99619693264978,1
3266879,9.938597588765887,4
3266889,9.789798360585353,10
3266896,9.849078840533242,7
3266903,9.858459759869085,7
3266916,9.712494318047122,13
3266932,9.64439778375416,16
3266942,9.792427198573238,10
3266955,9.71539400654055,13
3266960,9.9289644989655,5
3266967,9.873519034227813,7
3266979,9.728546840824286,12
3266996,9.666922032666255,17
3267017,9.667874244497206,21
3267026,9.817889124371987,9
3267029,9.968674297122135,3
3267037,9.866048154468979,8
3267038,10.0,1
3267047,9.835914387363374,9
3267056,9.82009748216539,9
3267058,9.978094482098447,2
3267066,9.832158481691732,8
3267072,9.89783242575764,6
3267077,9.935486622021019,5
3267080,9.961355734840074,3
3267092,9.738491608221988,12
3267100,9.860286685533529,8
3267106,9.893430326837665,6
3267108,9.968930968809936,2
3267125,9.597896286975748,17
3267130,9.898195761718634,5
3267135,9.917099431528312,5
3267147,9.73982254001556,12
3267164,9.645224881695079,17
3267165,10.0,1
3267166,10.0,1
3267172,9.901280165352558,6
3267178,9.902349295761788,6
3267182,9.942956610996376,4
3267187,9.925965337664593,5
3267204,9.593286794736768,17
3267210,9.907802214680064,6
3267223,9.727227221931031,13
3267236,9.70835296886052,13
3267237,10.0,1
3267241,9.931678158868339,4
3267244,9.957038343184175,3
3267251,9.85856725803185,7
3267254,9.959255809334918,3
3267260,9.901088158359574,6
3267262,9.979826898659672,2
3267266,9.936865750122285,4
3267279,9.703132224511158,13
3267281,9.978609898397233,2
3267285,9.951643952103126,4
3267286,10.0,1
3267290,9.943624381586664,4
3267294,9.930534330111842,4
3267302,9.84187187439263,8
3267317,9.728976249895954,15
3267320,9.962092620263336,3
3267338,9.578156108848521,18
3267346,9.85713629583496,8
3267347,9.993117286056016,1
3267362,9.702436248253917,15
3267369,9.898728798497197,7
3267378,9.82413237663454,9
3267382,9.74347151771867,4
3267387,9.930899922827921,5
3267397,9.781832044454324,10
3267407,9.81387591964636,10
3267418,9.779820932394916,11
3267422,9.946689910308285,4
3267435,9.744298210541082,13
3267446,9.79280778616495,11
3267452,9.901748116867536,6
3267457,9.905218811452169,5
3267467,9.807539477436944,10
3267480,9.683811091399988,13
3267493,9.783185593823516,13
3267502,9.814826222187776,9
3267504,9.976622544300847,2
3267517,9.70783504912516,13
3267518,9.993085525419925,1
3267519,10.0,1
3267524,9.899686941844845,5
3267525,9.988770297113,1
3267535,9.806311481951655,10
3267555,9.591732208649669,20
3267560,9.920914830727291,5
3267571,9.758610888777927,11
3267587,9.66209772849947,16
3267595,9.842868765225472,8
3267602,9.874542148171864,7
3267613,9.780953071316638,11
3267614,10.0,1
3267624,9.797944122724413,10
3267637,9.69267601124383,13
3267653,9.638963433054386,16
3267661,9.852739157193868,8
3267675,9.71312253370267,14
3267687,9.71724063860507,12
3267688,10.0,1
3267696,9.862285291079154,8
3267703,9.883484901635,7
3267712,9.834945569960272,9
3267720,9.831805192049519,8
3267726,9.894599369628056,6
3267733,9.888673686403925,7
3267742,9.850096910571038,9
3267746,9.95399640804879,4
3267757,9.564849005986247,11
3267763,9.9125150299912,6
3267764,10.0,1
3267775,9.746472717632155,11
3267781,9.890340949418965,6
3267786,9.906376783303305,5
3267789,9.960936558307894,3
3267799,9.76892031917188,10
3267808,9.803126747444729,9
3267809,10.0,1
3267815,9.884460217257573,6
3267823,9.852021792099967,8
3267833,9.690011270902822,10
3267838,9.9324882489914,5
3267839,10.0,1
3267841,9.98088240889466,2
3267855,9.705775618360002,14
3267864,9.850413656358269,9
3267866,9.979339238098516,2
3267870,9.949693037890732,4
3267875,9.737542072001848,5
3267876,9.992598510635213,1
3267883,9.874761601515536,7
3267888,9.917967797477472,5
3267900,9.774525364644711,12
3267906,9.891834731347805,6
3267915,9.812171380145942,9
3267927,9.75577330197348,12
3267932,9.922192041788456,5
3267938,9.908661314983963,6
3267943,9.92877968962392,5
3267950,9.896140003365947,7
3267960,9.794936074600418,10
3267969,9.800043160790741,9
3267976,9.874007769673968,7
3267982,9.886506996293152,6
3267987,9.926246208291337,5
3267996,9.812117232296309,9
3268006,9.775531083686422,10
3268015,9.823499604186445,9
3268021,9.90336936419082,6
3268029,9.828647906803647,8
3268040,9.784234960865987,11
3268049,9.822459279665225,9
3268056,9.878897907298304,7
3268067,9.788942882177698,11
3268078,9.758869293798206,11
3268088,9.782969656819448,10
3268089,10.0,1
3268094,9.92258933963992,5
3268098,9.931055881941003,4
3268103,9.902120202567588,5
3268113,9.7801344656612,10
3268115,9.97200490132028,2
3268129,9.61572818230524,14
3268137,9.839376130539549,8
3268141,9.942568672450975,4
3268147,9.894187421690642,6
3268159,9.710665853531841,12
3268163,9.93240336129768,4
3268173,9.772965675992932,10
3268180,9.870847073418314,7
3268186,9.893023630269502,6
3268195,9.803840310284118,9
3268203,9.864992409963484,8
3268211,9.839188254574488,8
3268219,9.871433849655535,8
3268228,9.839072398783195,9
3268238,9.77082472208064,10
3268253,9.694864630123364,15
3268258,9.912472595804582,5
3268266,9.841907503996667,8
3268273,9.863805980968117,7
3268282,9.83803424528015,9
3268285,9.965444710692335,3
3268290,9.925977695358966,5
3268296,9.905051470265974,6
3268305,9.798607136790794,9
3268315,9.797485324317016,10
3268318,9.960814776704025,3
3268326,9.850604804991114,8
3268332,9.88565501426509,6
3268333,10.0,1
3268337,9.947659942067071,4
3268353,9.624150286846088,16
3268361,9.862161389800884,8
3268375,9.690332233117028,14
3268384,9.810574432248188,9
3268390,9.928297008549283,6
3268411,9.542030273497588,21
3268422,9.786576093464332,11
3268435,9.737052698073166,13
3268446,9.754572136315252,11
3268455,9.806364155236219,9
3268467,9.742942393067938,12
3268474,9.859633137581834,7
3268484,9.790049317627119,10
3268485,10.0,1
3268493,9.853435246606846,8
3268505,9.739299711279582,12
3268515,9.808170540027804,10
3268528,9.728899861897942,13
3268536,9.836214435236704,8
3268557,9.403254156770831,21
3268572,9.654121138750257,15
3268577,9.927278990919026,5
3268581,9.935618990788493,4
3268586,9.919245956262792,5
3268596,9.808592127250389,10
3268605,9.814594858477909,9
3268606,10.0,1
3268617,9.748463564232646,11
3268633,9.721520331368438,16
3268647,9.720584755033714,14
3268662,9.594858789783725,15
3268669,9.8827672473416,7
3268679,9.791282697960972,10
3268680,10.0,1
3268695,9.681006652673934,15
3268701,9.89165112370954,6
3268702,9.98674573587586,1
3268704,9.972632350161621,2
3268705,10.0,1
3268716,9.77187611529323,11
3268738,9.572307348457867,22
3268739,10.0,1
3268756,9.686918921719814,17
3268772,9.662105435522701,16
3268779,9.877470445044606,7
3268787,9.853748115723182,8
3268801,9.752902682490907,14
3268819,9.60494875984896,18
3268832,9.72632802422872,13
3268842,9.79785909301469,10
3268855,9.737441885915961,13
3268869,9.697964151303067,14
3268873,9.935138077629603,4
3268888,9.657514767567458,15
3268896,9.840875340414268,8
3268902,9.897987786046937,6
3268912,9.790048273369269,10
3268917,9.914129188457506,5
3268920,9.972640891162913,3
3268935,9.62160408684484,15
3268936,10.0,1
3268950,9.666803347271385,14
3268957,9.868224640996033,7
3268964,9.876967028142237,7
3268966,9.972825360862734,2
3268979,9.75886339696895,13
3268980,10.0,1
3268988,9.833148431728855,8
3268994,9.895584808272714,6
3269006,9.716881545899946,12
3269017,9.762940428922716,11
3269022,9.927801129093124,5
3269027,9.919677651903893,5
3269032,9.917357862573162,5
3269044,9.74787236004708,12
3269049,9.905454683718707,5
3269066,9.601131877763176,17
3269078,9.742208374514522,12
3269085,9.887314798857885,7
3269098,9.73396717328412,13
3269101,9.959440648800294,3
3269109,9.845179076716084,8
3269116,9.87755034870656,7
3269141,9.487853402861495,25
3269161,9.62004852113257,20
3269164,9.945814302411321,3
3269183,9.572969439129793,19
3269195,9.76000994260752,12
3269198,9.965724192247995,3
3269201,9.94906349144813,3
3269211,9.805162869562446,10
3269218,9.869409371472775,7
3269229,9.767969085528032,11
3269242,9.71879040930584,13
3269251,9.828776192829931,9
3269263,9.748868687265535,12
3269264,10.0,1
3269273,9.81746226627799,9
3269280,9.876197987168828,7
3269285,9.918279578726462,5
3269296,9.748676841047745,11
3269301,9.920488790775483,5
3269309,9.818879505743325,8
3269314,9.908611119637138,5
3269319,9.912816993284755,5
3269334,9.70084993169377,15
3269338,9.936402888204668,4
3269350,9.728770860412636,12
3269353,9.953970405466004,3
3269366,9.737094478151562,13
3269377,9.763515214612308,11
3269383,9.885445210877641,6
3269384,10.0,1
3269398,9.710411690948318,14
3269409,9.784781435965552,11
3269415,9.886792569968927,6
3269428,9.71118584034324,13
3269436,9.83398768749821,8
3269437,10.0,1
3269448,9.738731095200313,11
3269453,9.935129915721769,5
3269463,9.796038803514124,10
3269464,10.0,1
3269476,9.738502976344881,12
3269480,9.934286690710373,4
3269489,9.844887915084598,9
3269502,9.699021928470646,13
3269516,9.695454692400208,14
3269525,9.795377100863941,9
3269526,10.0,1
3269541,9.73950859836196,15
3269551,9.799841849131065,10
3269560,9.83510500738835,9
3269563,9.963785019264023,3
3269570,9.868231828538521,7
3269575,9.32677777941879,5
3269581,9.8888124486518,6
3269585,9.94540508141261,4
3269595,9.789075301915824,10
3269604,9.829578037347849,9
3269610,9.902590715749907,6
3269631,9.530191685373769,21
3269642,9.743468134964573,11
3269651,9.808705238174765,9
3269654,9.969579851899903,3
3269663,9.826491992287641,9
3269665,9.985584209257292,2
3269666,10.0,1
3269671,9.918839761966899,5
3269678,9.89886570441476,7
3269683,9.910462392332542,5
3269685,9.97687330719332,2
3269698,9.604917216183335,13
3269701,9.96700639929215,3
3269719,9.581102491398491,18
3269725,9.89892659588556,6
3269731,9.891918028943277,6
3269747,9.676473591271446,16
3269755,9.846815885857215,8
3269762,9.896273284526291,7
3269763,10.0,1
3269778,9.69194974189076,15
3269780,9.977222749208039,2
3269788,9.868716327600714,8
3269813,9.48114405599265,25
3269825,9.528235165874829,12
3269831,9.90866188716771,6
3269840,9.85418462612802,9
3269847,9.864543005876401,7
3269854,9.863030687283588,7
3269858,9.942190949945356,4
3269877,9.51742351057084,19
3269888,9.778569173703456,11
3269897,9.808523140355428,9
3269904,9.8562411017013,7
3269913,9.809400492866592,9
3269922,9.800029637612392,9
3269928,9.897502441348738,6
3269936,9.870434221951124,8
3269951,9.628015113488177,15
3269963,9.751754764971517,12
3269969,9.881345466134478,6
3269986,9.485330753760683,17
3270000,9.687220430269146,14
3270021,9.579511462577246,21
3270030,9.811529160569044,9
3270036,9.893347011577887,6
3270044,9.652766843686416,8
3270055,9.759448094600774,11
3270068,9.775049090157596,13
3270076,9.843725375677856,8
3270086,9.783304055082175,10
3270094,9.84014161367736,8
3270099,9.917138566253335,5
3270105,9.897770619926487,6
3270116,9.767355598724972,11
3270128,9.718945478425809,12
3270138,9.806234451960208,10
3270146,9.857779937114927,8
3270161,9.701414409758588,15
3270177,9.630168359261601,16
3270179,9.97931056873395,2
3270187,9.849993088926334,8
3270188,10.0,1
3270193,9.926569334777506,5
3270198,9.915710316626507,5
3270199,9.992251624242831,1
3270204,9.92612581455662,5
3270216,9.724188151322576,12
3270217,10.0,1
3270220,9.953300245603414,3
3270229,9.836932619516379,9
3270240,9.772397672801612,11
3270244,9.92627668565677,4
3270246,9.981050685319591,2
3270256,9.821526786804887,10
3270265,9.820705480628357,9
3270271,9.909408581753114,6
3270281,9.800436977125639,10
3270288,9.900289784905144,7
3270294,9.88167496308961,6
3270304,9.773173058963842,10
3270309,9.934425772878464,5
3270317,9.859256149306,8
3270321,9.949938934098958,4
3270322,9.988262498870675,1
3270343,9.329797628950931,21
3270353,9.7958709266709,10
3270366,9.591472690877797,13
3270369,9.956446112466997,3
3270384,9.668086131712883,15
3270389,9.925190840910794,5
3270407,9.600139833213984,18
3270419,9.746667591314418,12
3270421,9.971867684113434,2
3270433,9.745934755352412,12
3270445,9.734363383392584,12
3270462,9.309840132005146,17
3270463,9.993334824482412,1
3270474,9.762680244753845,11
3270479,9.916458582730439,5
3270486,9.870497331524566,7
3270494,9.76026295419426,8
3270504,9.599208351500002,10
3270507,9.959374925821587,3
3270516,9.849411834556458,9
3270522,9.895786299148375,6
3270527,9.930830242287803,5
3270529,9.975247859915275,2
3270531,9.869165888867657,2
3270545,9.698279822771976,14
3270559,9.508522674072955,14
3270570,9.40971111224923,11
3270583,9.687968274636082,13
3270584,10.0,1
3270585,10.0,1
3270586,10.0,1
3270593,9.869561662961178,7
3270594,9.993452065760135,1
3270596,9.97249143437457,2
3270599,9.962658073629557,3
3270608,9.81614667266569,9
3270614,9.904374246535182,6
3270616,9.986046724069716,2
3270617,10.0,1
3270631,9.695048452634305,14
3270643,9.717594267827389,12
3270647,9.937843988608062,4
3270658,9.757536915768721,11
3270662,9.928258865752118,4
3270672,9.792485971625918,10
3270680,9.863750290085045,8
3270689,9.79636784072485,9
3270697,9.85442229742501,8
3270712,9.65083708887209,15
3270729,9.41924165355523,17
3270735,9.89315222382939,6
3270749,9.666099770549254,14
3270763,9.698314916940923,14
3270784,9.186118305538933,21
3270790,9.478052657069796,6
3270796,9.909047439389479,6
3270802,9.923732774328252,6
3270817,9.706265881900617,15
3270827,9.805103051496127,10
3270848,9.613620328628638,21
3270859,9.77267072262155,11
3270866,9.878029689952495,7
3270873,9.87398883803273,7
3270890,9.307986288043887,17
3270891,10.0,1
3270902,9.777763882422628,11
3270913,9.738022181560298,11
3270920,9.865243974675135,7
3270924,9.940384024272213,4
3270930,9.601374022745578,6
3270941,9.755280504904837,11
3270955,9.727723948813026,14
3270966,9.784102904914375,11
3270969,9.960474752203895,3
3270977,9.843909069548594,8
3270987,9.810066045464769,10
3270988,10.0,1
3270997,9.839544860326212,9
3271011,9.719152599923833,14
3271023,9.757544523400387,12
3271032,9.840274062637627,9
3271033,10.0,1
3271044,9.774763273464325,11
3271045,10.0,1
3271056,9.743289228706889,11
3271070,9.66649528782005,14
3271077,9.853555920134378,7
3271085,9.851457878677207,8
3271097,9.721447039474718,12
3271106,9.809795619612933,9
3271119,9.727792298327604,13
3271130,9.773932156070012,11
3271138,9.83682037791153,8
3271140,9.971176107552896,2
3271163,9.59759140865895,23
3271183,9.604362661057104,20
3271190,9.890475398471029,7
3271191,10.0,1
3271192,9.99272575197163,1
3271196,9.9486420369911,4
3271204,9.824719384968674,8
3271211,9.87166752736326,7
3271217,9.909970722632456,6
3271221,9.940159950872937,4
3271231,9.70051516586842,10
3271239,9.84661965179835,8
3271254,9.66054908971566,15
3271271,9.640578393639037,17
3271280,9.806618760485614,9
3271287,9.851949142772414,7
3271293,9.904638098217067,6
3271300,9.878681393865323,7
3271301,10.0,1
3271310,9.817969438225184,9
3271311,10.0,1
3271319,9.842052859353386,8
3271329,9.758239974751444,10
3271336,9.862132439278474,7
3271349,9.688130949082847,13
3271357,9.831949590099022,8
3271368,9.76219718893477,11
3271378,9.799943873545585,10
3271389,9.759448571093897,11
3271398,9.827835969720654,9
3271404,9.694219169863889,6
3271414,9.804054033068514,10
3271427,9.73377518513336,13
3271439,9.722671235677183,12
3271449,9.79937803804875,10
3271466,9.62495331412864,17
3271477,9.745710187555858,11
3271488,9.783126073914714,11
3271499,9.774816685932992,11
3271504,9.942906319498194,5
3271507,9.969541361246465,3
3271514,9.88493926989118,7
3271532,9.55487232559997,18
3271543,9.794300035058532,11
3271550,9.862807277700746,7
3271565,9.692867989457335,15
3271570,9.910774670683741,5
3271588,9.598127856236518,18
3271603,9.692144472708623,15
3271616,9.720096588439297,13
3271621,9.801979760361002,5
3271622,10.0,1
3271634,9.745971480154267,12
3271645,9.802818699116111,11
3271655,9.77968494466054,10
3271675,9.551712911004048,20
3271684,9.80804141540257,9
3271695,9.774119065508772,11
3271696,10.0,1
3271706,9.806143473847989,10
3271717,9.769476716948368,11
3271733,9.642637513531758,16
3271739,9.90206058716443,6
3271752,9.712650111739105,13
3271757,9.913831275227034,5
3271764,9.857145815957244,7
3271779,9.662795824949077,15
3271789,9.784098117396882,10
3271798,9.816916316928456,9
3271808,9.782479416870828,10
3271815,9.865638505186766,7
3271824,9.823764770372408,9
3271828,9.926980348543475,4
3271834,9.877482968559303,6
3271835,10.0,1
3271846,9.746457813628538,11
3271852,9.897126217096927,6
3271862,9.79287736953778,10
3271876,9.690090251393626,14
3271881,9.90985963124607,5
3271887,9.899774405202377,6
3271888,10.0,1
3271897,9.822505414009512,9
3271915,9.591505485789122,18
3271922,9.868024562150897,7
3271930,9.862531999387253,8
3271936,9.889364904421004,6
3271951,9.660725335119391,15
3271964,9.693508255717905,13
3271972,9.85923089620943,8
3271982,9.766271418005852,10
3271995,9.73898722480771,13
3272005,9.823219587375569,10
3272012,9.873059655025953,7
3272016,9.944405871969376,4
3272026,9.777036274666514,10
3272038,9.725394122911837,12
3272049,9.770863007023085,11
3272061,9.755680261912659,12
3272071,9.796719684259784,10
3272082,9.752708031237479,11
3272091,9.837925630076958,9
3272103,9.733900999360152,12
3272108,9.924419842453553,5
3272130,9.52780716142328,22
3272145,9.68014130163959,15
3272155,9.802320099568078,10
3272172,9.655200849309102,17
3272192,9.552736493643776,20
3272201,9.820713183693938,9
3272207,9.895255991617196,6
3272217,9.77865806450432,10
3272227,9.772534355269292,10
3272244,9.659668196958547,17
3272259,9.643101295566469,15
3272261,9.97575837606319,2
3272268,9.864873920303113,7
3272273,9.907399618835738,5
3272274,10.0,1
3272280,9.892148145676563,6
3272287,9.884119563967062,7
3272303,9.646931294604174,16
3272313,9.78083141595747,10
3272318,9.924379503077978,5
3272326,9.737580293809406,8
3272336,9.850814552364898,10
3272345,9.798846925169281,9
3272353,9.867807776972677,8
3272359,9.898951973180518,6
3272366,9.900124247299763,7
3272380,9.681637240593147,14
3272394,9.682284700490957,14
3272405,9.762481905814564,11
3272408,9.967451884011894,3
3272418,9.793597522888906,10
3272423,9.90194197258935,5
3272435,9.778328126012125,12
3272452,9.601721482636462,17
3272460,9.837716444269029,8
3272469,9.811705093118201,9
3272478,9.81525640068078,9
3272479,10.0,1
3272484,9.924854177055634,5
3272499,9.654813675987704,15
3272513,9.724283136856661,14
3272514,10.0,1
3272521,9.873281229543021,7
3272522,10.0,1
3272535,9.713110996472063,13
3272546,9.751244116985756,11
3272547,10.0,1
3272557,9.789819464123152,10
3272571,9.686547157464238,14
3272580,9.836600268471807,9
3272592,9.761017800459825,12
3272605,9.707173073574749,13
3272615,9.79431937622552,10
3272623,9.855134607468097,8
3272624,10.0,1
3272625,10.0,1
3272626,10.0,1
3272627,9.992154631280915,1
3272631,9.925026744244459,4
3272636,9.917817693520005,5
3272645,9.79061284708422,9
3272655,9.801929962335604,10
3272662,9.877140262285362,7
3272672,9.774973486924003,10
3272682,9.776830426949926,10
3272693,9.798525223975929,11
3272708,9.65773353212619,15
3272718,9.80209921427868,10
3272721,9.965798784461667,3
3272730,9.829439743489141,9
3272742,9.707058674293352,12
3272750,9.84831623176775,8
3272763,9.739949328413928,13
3272766,9.96052059449843,3
3272777,9.786839512675735,11
3272787,9.78387990377352,10
3272799,9.78057893034258,12
3272806,9.865861165564155,7
3272822,9.640665956066231,16
3272845,9.310488916850273,23
3272858,9.714807769173603,13
3272864,9.883787954815235,6
3272871,9.881390903421352,7
3272881,9.774361055738845,10
3272899,9.559588820996078,18
3272910,9.786914306208637,11
3272916,9.9013351294413,6
3272931,9.735468393294196,15
3272942,9.761920209565519,11
3272943,9.988751167378009,1
3272955,9.761268318343122,12
3272963,9.854187289156478,8
3272978,9.642820946055945,15
3272987,9.837568822262268,9
3272988,10.0,1
3272999,9.744068153018056,11
3273006,9.85850290021634,7
3273015,9.812515576476788,9
3273026,9.733564624519607,11
3273035,9.812018497165697,9
3273046,9.758757620421676,11
3273056,9.802692205986162,10
3273061,9.914774568672565,5
3273071,9.800264183376724,10
3273090,9.582420003499298,19
3273098,9.852513184650816,8
3273107,9.81926210510615,9
3273117,9.800930559869373,10
3273134,9.652475357901162,17
3273137,9.967222648682762,3
3273144,9.864895321421471,7
3273156,9.791466663146535,12
3273171,9.102583622757525,15
3273180,9.817489042167553,9
3273189,9.820454965373772,9
3273199,9.800089683043991,10
3273210,9.76987693642725,11
3273710,-13.283025992704722,500
3273717,9.863906960437784,7
3273731,9.7222264779465,14
3273760,9.506256891768956,29
3273765,9.917018242197095,5
3273766,10.0,1
3273780,9.730674066243374,14
3273789,9.859870851153403,9
3273792,9.956589212594364,3
3273806,9.692890016384776,14
3273810,9.934331536019004,4
3273816,9.920555282659256,6
3273817,9.99650487493668,1
3273830,9.75834183882193,13
3273831,10.0,1
3273838,9.866051980604583,7
3273848,9.80206020893178,10
3273860,9.723462119164799,12
3273865,9.893432918777679,5
3273871,9.884047396051438,6
3273879,9.850419703002489,8
3273892,9.76918408397815,13
3273899,9.867749768728928,7
3273906,9.865350437313777,7
3273908,9.972979031606783,2
3273919,9.765567918377643,11
3273921,9.98499069297466,2
3273934,9.731581091065774,13
3273935,10.0,1
3273938,9.969957471287886,3
3273939,10.0,1
3273948,9.843909297265261,9
3273958,9.799156296533372,10
3273967,9.811186147617253,9
3273980,9.711906616476067,13
3273987,9.898311478683006,7
3274004,9.623436650598503,17
3274007,9.9640923216957,3
3274011,9.95894015081001,4
3274019,9.854320951046791,8
3274025,9.92106693870096,6
3274033,9.8483122699876,8
3274043,9.798761188351664,10
3274050,9.864748808485114,7
3274056,9.877921656244945,6
3274065,9.802284118396749,9
3274067,9.979721199297687,2
3274081,9.774019134707416,14
3274082,9.992310792163126,1
3274087,9.908066620097626,5
3274096,9.820212996666523,9
3274106,9.756799077057414,10
3274110,9.93701464074609,4
3274112,9.972675613292733,2
3274122,9.775244716991423,10
3274133,9.762957583983434,11
3274134,9.996456021925837,1
3274144,9.780132532327944,10
3274146,9.978456058754974,2
3274154,9.81877413089358,8
3274161,9.87655526783301,7
3274165,9.948308576939931,4
3274168,9.96699584746495,3
3274183,9.646808768839398,15
3274184,10.0,1
3274198,9.74866853244103,14
3274199,10.0,1
3274211,9.742989731268509,12
3274215,9.928570853017805,4
3274225,9.815197829031254,10
3274226,9.991690582471643,1
3274234,9.876177969294542,8
3274242,9.471223315535038,8
3274243,10.0,1
3274251,9.825421345600951,8
3274256,9.90887512525961,5
3274257,9.992721451962062,1
3274270,9.705963184327707,13
3274284,9.667837877085033,14
3274288,9.943510682111569,4
3274298,9.805660420854926,10
3274304,9.889887608534549,6
3274305,10.0,1
3274314,9.826541913550944,9
3274323,9.81778518671329,9
3274335,9.612786778506429,12
3274351,7.889187482353215,16
3274361,9.77485149641371,10
3274367,9.889811503863603,6
3274370,9.96367273408548,3
3274375,9.924988072081742,5
3274381,9.894323990614247,6
3274387,9.890430598962885,6
3274402,9.693118883541748,15
3274410,9.850533771136115,8
3274423,9.771452717799352,13
3274432,9.841225362246545,9
3274447,9.677422187737273,15
3274456,9.828952149103484,9
3274468,9.720090512653181,12
3274477,9.64239921714457,9
3274486,9.815629989767311,9
3274487,10.0,1
3274495,9.673179339896455,8
3274505,9.820209292226892,10
3274522,9.59936187778687,17
3274535,9.696647968319448,13
3274540,9.905188281419738,5
3274551,9.744692219480212,11
3274563,9.743358991272796,12
3274568,9.917885586741352,5
3274569,10.0,1
3274575,9.89137363425255,6
3274589,9.69427213895086,14
3274600,9.780687029613404,11
3274612,9.75625843668054,12
3274621,9.8131081063625,9
3274632,9.773134026110776,11
3274642,9.818722812294691,10
3274650,9.847125309854961,8
3274659,9.813224433067209,9
3274669,9.823703538399263,10
3274682,9.673839989976816,13
3274700,9.58876636731335,18
3274706,9.897792155990189,6
3274709,9.964907643844773,3
3274725,9.617216830683374,16
3274726,9.996399625583544,1
3274734,9.85869991971834,8
3274744,9.801051258951292,10
3274753,9.812624810250457,9
3274761,9.84313198029401,8
3274771,9.783729484371639,10
3274774,9.95009046541777,3
3274775,10.0,1
3274785,9.796011617860142,10
3274787,9.978627177054062,2
3274801,9.617002282153075,14
3274809,9.840492202259776,8
3274820,9.78529993288279,11
3274831,9.756284546982942,11
3274836,9.922616936164378,5
3274848,9.748425479561675,12
3274866,9.573346907172546,18
3274882,9.631737950248986,16
3274883,10.0,1
3274890,9.859692904715818,7
3274896,9.910255343624037,6
3274901,9.919053806124788,5
3274906,9.924146593610429,5
3274915,9.806279320525844,9
3274920,9.926346126068244,5
3274939,9.082973294187997,19
3274947,9.848231626930534,8
3274959,9.721407064088845,12
3274970,9.750102060712736,11
3274979,9.803200142734214,9
3274987,9.832578725522133,8
3275002,9.702031540281736,15
3275006,9.929925603604014,4
3275022,9.66566339959026,16
3275034,9.749144667937742,12
3275037,9.950710132635244,3
3275043,9.89545816682417,6
3275055,9.773775228820556,12
3275066,9.757157297434144,11
3275077,9.75298048170463,11
3275084,9.849997804257491,7
3275090,9.894054677725379,6
3275106,9.73779327081683,16
3275110,9.94938639709778,4
3275117,9.86562690775739,7
3275127,9.77105376414266,10
3275134,9.853724675269019,7
3275144,9.763906210762638,10
3275150,9.8952647673349,6
3275158,9.85245683140121,8
3275162,9.95303749391301,4
3275168,9.898049939925368,6
3275179,9.806941300364265,11
3275187,9.848981280226418,8
3275190,9.957632649448708,3
3275206,9.70609074332407,16
3275222,9.652783896333787,16
3275231,9.828946743238625,9
3275240,9.823690216928249,9
3275252,9.728755844330678,12
3275260,9.869072813823795,8
3275269,9.836892746344118,9
3275283,9.675136141938575,14
3275289,9.900344999403249,6
3275292,9.970371316950816,3
3275315,9.580543881009895,23
3275331,9.266979819554964,16
3275339,9.839857245858536,8
3275348,9.834633481829272,9
3275364,9.678690932573916,16
3275377,9.705850992327171,13
3275390,9.721469729237919,13
3275405,9.675067146094591,15
3275418,9.775073024342914,13
3275426,9.851396877378447,8
3275435,9.832159939014721,9
3275443,9.837405528415342,8
3275446,9.969507949489028,3
3275453,9.883042956014119,7
3275456,9.962264819359097,3
3275461,9.933902264266381,5
3275464,9.958639874478697,3
3275470,9.891286381942859,6
3275486,9.647374908630837,16
3275498,9.751324457739525,12
3275506,9.88330531796035,8
3275513,9.885290469585561,7
3275516,9.965242111612444,3
3275533,9.628124467480975,17
3275544,9.758395270263879,11
3275554,9.806006809672185,10
3275566,9.734497252645104,12
3275573,9.870268697305672,7
3275574,9.993200371653401,1
3275577,9.954419790522557,3
3275588,9.759754246040798,11
3275598,9.787516040266917,10
3275609,9.803414322632086,11
3275614,9.894779707924616,5
3275626,9.777837763382518,12
3275635,9.820127298324756,9
3275642,9.747988320199726,7
3275650,9.846585988483085,8
3275664,9.669103451954925,14
3275676,9.635474883081702,12
3275681,9.92563082016327,5
3275685,9.932452337406039,4
3275691,9.899396327462172,6
3275699,9.86255439502476,8
3275702,9.94428679682269,3
3275715,9.681667775316443,13
3275721,9.913714010421815,6
3275723,9.969037838863555,2
3275734,9.750524071787243,11
3275745,9.786257241053578,11
3275754,9.613100981109518,9
3275763,9.809932069283526,9
3275764,10.0,1
3275765,10.0,1
3275775,9.807522274519503,10
3275781,9.865423773886882,6
3275789,9.862763309585823,8
3275800,9.775619209384347,11
3275814,9.734330965992191,14
3275822,9.840289639705908,8
3275825,9.954757597109529,3
3275834,9.817860655144274,9
3275835,10.0,1
3275841,9.90051609815382,6
3275843,9.976735443883898,2
3275848,9.924170074331645,5
3275861,9.7269114666464,13
3275871,9.79682161236276,10
3275873,9.979305765492764,2
3275884,9.772532912785874,11
3275887,9.951047682036211,3
3275899,9.762679613738804,12
3275909,9.811517809388459,10
3275911,9.975005275251695,2
3275928,9.588412556174136,17
3275935,9.879991155706122,7
3275953,9.687841819939326,18
3275959,9.87848114585089,6
3275968,9.81520947975036,9
3276000,9.395752136253348,32
3276012,9.784028990873946,12
3276016,9.941203267374394,4
3276017,9.993054124039547,1
3276018,10.0,1
3276024,9.888033719314684,6
3276033,9.824103995690159,9
3276043,9.823318138533772,10
3276049,9.906498290180007,6
3276059,9.772695655174454,10
3276068,9.828096544901776,9
3276069,10.0,1
3276084,9.693535086954217,15
3276089,9.914458509256812,5
3276090,10.0,1
3276098,9.870689617607784,8
3276107,9.83582745938796,9
3276117,9.779004207040654,10
3276127,9.781376449182835,10
3276134,9.879371367648039,7
3276150,9.615405176266615,16
3276156,9.770644842558129,6
3276165,9.83888825685792,9
3276175,9.837913416184858,10
3276177,9.97045970070689,2
3276184,9.859510302063532,7
3276185,10.0,1
3276192,9.871537412547777,7
3276201,9.798342261810038,9
3276214,9.726584815212474,13
3276223,9.827789460567233,9
3276236,9.700365474330463,13
3276243,9.887348641490052,7
3276246,9.959470647511361,3
3276257,9.748837711094748,11
3276262,9.931987962043834,5
3276280,9.663359680815095,18
3276284,9.942662429536364,4
3276291,9.86661479314397,7
3276301,9.798606189224376,10
3276302,10.0,1
3276308,9.899715520345795,6
3276319,9.76733834480636,11
3276338,9.58309701743993,19
3276341,9.968110299415919,3
3276358,9.60660477972431,17
3276372,9.681315841017549,14
3276385,9.709965167818327,13
3276389,9.929743671294391,4
3276393,9.945633433112825,4
3276394,10.0,1
3276397,9.950692792530285,3
3276408,9.799933136296234,11
3276422,9.68462069293547,14
3276431,9.793851926451135,9
3276435,9.931421669673925,4
3276437,9.98321179559157,2
3276446,9.812171933504672,9
3276449,9.951574343333764,3
3276460,9.657742804201924,11
3276461,10.0,1
3276470,9.823493155336328,9
3276473,9.962080883665555,3
3276474,10.0,1
3276484,9.803815085785617,10
3276489,9.810723988261554,5
3276493,9.942995007019062,4
3276501,9.876427042179365,8
3276514,9.731184560511236,13
3276521,9.87544544826872,7
3276535,9.681374301459691,14
3276536,10.0,1
3276539,9.95054948002495,3
3276548,9.798341450236963,9
3276555,9.863068558173566,7
3276562,9.879147102686376,7
3276565,9.967130735635088,3
3276570,9.916673456620238,5
3276575,9.917242330193515,5
3276586,9.751899981302357,11
3276594,9.84034204988369,8
3276601,9.87580385488628,7
3276609,9.809084574240208,8
3276615,9.874595651726738,6
3276627,9.648517730148209,12
3276639,9.748358624448098,12
3276655,9.64215848572432,16
3276663,9.832580272256992,8
3276674,9.809437343857846,11
3276681,9.861417228671868,7
3276684,9.965561485465473,3
3276694,9.792419514396023,10
3276702,9.860687606229384,8
3276715,9.763712844603228,13
3276726,9.730017232564853,11
3276734,9.839880516327531,8
3276748,9.692821994692386,14
3276751,9.961656564545457,3
3276763,9.759809048104076,12
3276772,9.845994803481702,9
3276773,10.0,1
3276786,9.706427183106735,13
3276799,9.709531688340519,13
3276800,9.987149404140018,1
3276808,9.859619715041406,8
3276818,9.797464650455625,10
3276826,9.84892934901255,8
3276831,9.898105061363246,5
3276835,9.940222820580505,4
3276842,9.863723477560532,7
3276851,9.812230147516415,9
3276854,9.967800124848882,3
3276864,9.808954199425237,10
3276868,9.947928041921035,4
3276875,9.860222401240879,7
3276878,9.95628767799776,3
3276890,9.738635125480661,12
3276897,9.88200889089066,7
3276899,9.973506967552124,2
3276900,10.0,1
3276911,9.780191952348009,11
3276920,9.82899097190088,9
3276931,9.755625498865488,11
3276938,9.790147725410291,7
3276946,9.85965222543594,8
3276947,10.0,1
3276955,9.857540132185635,8
3276969,9.670018846583888,14
3276973,9.93541756823111,4
3276981,9.861526461190358,8
3276986,9.91745232072418,5
3276997,9.802310336875742,11
3277004,9.879071734949118,7
3277010,9.888386012958714,6
3277020,9.800599071278835,10
3277032,9.736614871718736,12
3277040,9.838682531835309,8
3277046,9.909213652575227,6
3277047,9.98966280603304,1
3277053,9.907413103941833,6
3277065,9.514776056958523,12
3277071,9.888750051292758,6
3277072,9.9963229115487,1
3277076,9.948247243540532,4
3277088,9.732008368674906,12
3277095,9.842911535618578,7
3277104,9.802403764260417,9
3277111,9.885000373955984,7
3277121,9.820480463262149,10
3277128,9.852217882907576,7
3277144,9.606855401915652,16
3277155,9.752532509655834,11
3277163,9.853562917602188,8
3277174,9.537075388979822,11
3277178,9.945353940147827,4
3277189,9.739855744158346,11
3277193,9.929337420539763,4
3277211,9.600846741886594,18
3277227,9.655846285233858,16
3277234,9.87691999571083,7
3277258,9.483568513788867,24
3277260,9.975732091617797,2
3277267,9.885186915409603,7
3277277,9.814320673783433,10
3277283,9.889923692079424,6
3277290,9.861857953724927,7
3277292,9.96810894731896,2
3277306,9.688767601843907,14
3277318,9.785649979497707,12
3277328,9.80319692030678,10
3277341,9.698542885857425,13
3277347,9.880529881846712,6
3277352,9.912411498417516,5
3277358,9.89965753487723,6
3277367,9.827527055392885,9
3277372,9.916789597137818,5
3277385,9.695534031189931,13
3277388,9.957649621495218,3
3277397,9.810915080071505,9
3277414,9.571523206322267,17
3277422,9.868373697979969,8
3277435,9.68417378338165,13
3277437,9.984985768117863,2
3277450,9.68533405082383,13
3277453,9.961383520575495,3
3277466,9.712494447768234,13
3277471,9.927731938956555,5
3277482,9.772422746220295,11
3277493,9.834285548655137,11
3277507,9.68958370313948,14
3277514,9.85376400412233,7
3277517,9.966158320569203,3
3277521,9.944814604035383,4
3277524,9.963663558279977,3
3277540,9.600397707458011,16
3277551,9.734357251288028,11
3277554,9.96402745601734,3
3277566,9.744968632879031,12
3277580,9.701551632082872,14
3277588,9.866816845707406,8
3277593,9.912195357948923,5
3277603,9.662262433680999,10
3277604,10.0,1
3277608,9.939930436816395,4
3277624,9.671995889688928,16
3277630,9.890448857190792,6
3277639,9.833003108236733,9
3277657,9.586336164256096,18
3277665,9.845053141716479,8
3277672,9.88284253633156,7
3277680,9.867336534809413,8
3277691,9.783659797625646,11
3277700,9.814045629945415,9
3277712,9.742428235024503,12
3277728,9.479531994315233,16
3277735,9.908831298181736,7
3277748,9.71936201052068,13
3277755,9.890227386370732,7
3277773,9.598492462763693,18
3277785,9.78166564714464,12
3277803,9.598070297736665,18
3277817,9.7127302701786,14
3277818,9.992521605074835,1
3277834,9.691607924289533,16
3277841,9.873174843460616,7
3277846,9.90444273818851,5
3277847,9.988979237827929,1
3277862,9.64243934413397,15
3277870,9.822560182101233,8
3277876,9.885653058138967,6
3277887,9.749682824664715,11
3277895,9.8576847077499,8
3277903,9.843643238331957,8
3277912,9.820528342361557,9
3277922,9.813927788315478,10
3277933,9.535756976785596,11
3277934,10.0,1
3277937,9.960124650303722,3
3277945,9.863395137995688,8
3277949,9.949147222315865,4
3277955,9.88990284407922,6
3277963,9.84790805263623,8
3277970,9.876341750353381,7
3277984,9.696536170169773,14
3277994,9.798476500844279,10
3277997,9.954046564991053,3
3278010,9.689795264664253,13
3278013,9.967167228020854,3
3278022,9.852660686909152,9
3278026,9.927243568688,4
3278030,9.926873972279557,4
3278035,9.91473198498678,5
3278049,9.666517209063358,14
3278055,9.876665155010187,6
3278065,9.78889198690892,10
3278075,9.680960352471939,10
3278085,9.761232330662269,10
3278090,9.904231939465161,5
3278093,9.670240618034523,3
3278100,9.84491840632348,7
3278110,9.796792064802695,10
3278122,9.760549932195564,12
3278134,9.799609023654334,12
3278150,9.645899549814144,16
3278159,9.853004153858464,9
3278161,9.96983249189452,2
3278169,9.841293719270732,8
3278176,9.863254792478559,7
3278184,9.860747927655698,8
3278191,9.862261405142716,7
3278200,9.816521323534426,9
3278204,9.944443734246175,4
3278215,9.775640380664846,11
3278222,9.873899460368829,7
3278228,9.901926933507253,6
3278233,9.89764776091235,5
3278234,10.0,1
3278240,9.903083382647283,6
3278255,9.649250004322525,15
3278263,9.842372617640853,8
3278275,9.756606900040367,12
3278293,9.668255994789014,18
3278300,9.858586792773934,7
3278306,9.892368372356223,6
3278307,10.0,1
3278315,9.847301198004393,8
3278324,9.846932276038457,9
3278328,9.953803541912285,4
3278340,9.745042051786333,12
3278347,9.857351706977504,7
3278355,9.86304867233344,8
3278363,9.842782076123632,8
3278383,9.524860849321831,20
3278392,9.634340985005712,9
3278397,9.90572788595263,5
3278406,9.85016601997884,9
3278415,9.820783373516647,9
3278416,10.0,1
3278429,9.743047681515137,13
3278444,9.468760272513984,15
3278448,9.946149591030693,4
3278459,9.785743403998197,11
3278469,9.79463157100764,10
3278479,9.791474375670616,10
3278485,9.880290669558896,6
3278499,9.677373200563439,14
3278505,9.910705377624717,6
3278513,9.858467327429363,8
3278517,9.942229542093777,4
3278524,9.862425336675106,7
3278529,9.92081667813423,5
3278546,9.608096597422735,17
3278559,9.711020659461912,13
3278568,9.832215571105387,9
3278576,9.880326543891275,8
3278584,9.871443702393956,8
3278588,9.94987274651335,4
3278599,9.768920136700757,11
3278605,9.890406554752069,6
3278615,9.796073817734838,10
3278628,9.720310428388677,13
3278634,9.693883879679733,6
3278650,9.68023242066085,16
3278651,10.0,1
3278661,9.810358868015896,10
3278664,9.95752298746644,3
3278665,10.0,1
3278680,9.622930900396842,15
3278691,9.752803384313296,11
3278701,9.78639064684227,10
3278709,9.842490200265837,8
3278713,9.939717660633733,4
3278716,9.955899932638385,3
3278725,9.8255558135597,9
3278737,9.74203437983574,12
3278738,10.0,1
3278754,9.60872083289246,16
3278757,9.954637362340646,3
3278764,9.868600250946013,7
3278784,9.586952651853627,20
3278790,9.91848138309591,6
3278800,9.796419553795626,10
3278805,9.933354560738646,5
3278816,9.492143049799804,11
3278830,9.686256660170482,14
3278844,9.70528791911006,14
3278851,9.875019014399497,7
3278861,9.785451753566665,10
3278877,9.66739775263426,16
3278897,9.63074411631378,20
3278902,9.912536730034466,5
3278903,10.0,1
3278904,10.0,1
3278909,9.93575881340829,5
3278911,9.981018546707345,2
3278918,9.872970519037958,7
3278930,9.62596942009477,12
3278941,9.751667779695802,11
3278959,9.57558239247058,18
3278967,9.833653407755698,8
3278979,9.779677633723814,12
3278998,9.574496485710617,19
3279009,9.759036037067029,11
3279021,9.753785032389894,12
3279030,9.842620073852878,9
3279050,9.498005666595786,20
3279057,9.869972874018274,7
3279064,9.87252648262756,7
3279071,9.871587323151527,7
3279073,9.97155068729328,2
3279085,9.756713705279005,12
3279096,9.785087358885873,11
3279103,9.87029699607335,7
3279107,9.939342172093486,4
3279120,9.709724579604712,13
3279132,9.721761298667165,12
3279181,9.073914946496993,49
3279188,9.881423438414936,7
3279190,9.977925300551949,2
3279200,9.821385463533794,10
3279216,9.665823842261425,16
3279233,9.63331226140679,17
3279246,9.733993695843344,13
3279253,9.860513035321654,7
3279262,9.804867446768993,9
3279276,9.694586188163695,14
3279283,9.860342825098204,7
3279292,9.86566179481383,9
3279301,9.828561048279866,9
3279315,9.72106262119766,14
3279329,9.661873752621505,14
3279340,9.787868716167353,11
3279353,9.748226730466207,13
3279354,10.0,1
3279370,9.610999695177929,16
3279380,9.774184942976232,10
3279389,9.8174533643229,9
3279405,9.653773369197705,16
3279412,9.858609447365888,7
3279426,9.704855424012154,14
3279431,9.92822515335832,5
3279440,9.821996994308583,9
3279454,9.66598721811633,14
3279465,9.789910668490565,11
3279482,9.62838703752359,17
3279488,9.914984584206643,6
3279493,9.923347037726435,5
3279502,9.811343174432027,9
3279506,9.94313111983993,4
3279513,9.857758927293611,7
3279519,9.910271708168517,6
3279520,10.0,1
3279532,9.72930183655522,12
3279544,9.724831346656456,12
3279555,9.770894762098507,11
3279558,9.85562968547854,3
3279569,9.785919334834997,11
3279570,9.99643322807698,1
3279571,9.992961936453469,1
3279577,9.890852622795723,6
3279595,9.645904825304532,18
3279602,9.869271394703945,7
3279611,9.805088332224434,9
3279624,9.707888909275153,13
3279630,9.899465833197878,6
3279638,9.846819762930188,8
3279641,9.964433286862604,3
3279645,9.938401651239229,4
3279651,9.90335280141593,6
3279669,9.54977853332465,18
3279682,9.71953084183277,13
3279705,9.464886577269864,23
3279712,9.857194388725564,7
3279713,10.0,1
3279721,9.835187803998577,8
3279722,10.0,1
3279729,9.875243377414515,7
3279742,9.722512485317775,13
3279747,9.918750924037871,5
3279758,9.749749088284055,11
3279765,9.864303349381087,7
3279782,9.626580447457602,17
3279793,9.779375194333372,11
3279794,9.99650952675265,1
3279802,9.817673287991628,8
3279803,10.0,1
3279812,9.816679030361882,9
3279813,10.0,1
3279824,9.761734987733695,11
3279841,9.627223141322915,17
3279855,9.679181507125392,14
3279864,9.816936284004665,9
3279874,9.494674588975519,10
3279875,10.0,1
3279878,9.967515873966319,3
3279880,9.968750476577325,2
3279885,9.912669359770565,5
3279895,9.799698264508665,10
3279912,9.567783756625138,17
3279913,9.992703962144608,1
3279924,9.769587939674546,11
3279930,9.894243689852019,6
3279942,9.731515799491206,12
3279949,9.864019418282915,7
3279952,9.971240683867626,3
3279955,9.962056999063208,3
3279956,10.0,1
3279962,9.898619932248439,6
3279967,9.90995417996402,5
3279971,9.944902108556715,4
3279972,10.0,1
3279980,9.657688846012077,8
3279987,9.877509666747903,7
3279997,9.769321231241772,10
3280000,9.956506602893981,3
3280010,9.828735738144657,10
3280011,9.98922097592421,1
3280018,9.871065870674208,7
3280029,9.771267671974774,11
3280035,9.881210292729085,6
3280043,9.849577529059419,8
3280053,9.78894561826747,10
3280062,9.807717104133898,9
3280070,9.848813117851439,8
3280071,10.0,1
3280083,9.723755725880896,12
3280092,9.823301805424576,9
3280095,9.952595141259286,3
3280101,9.896561796011001,6
3280105,9.923225687553321,4
3280125,9.598000355744954,20
3280131,9.8968900393178,6
3280134,9.96119794258785,3
3280138,9.933762691666299,4
3280140,9.97950307912587,2
3280143,9.965428844139717,3
3280152,9.826228162667848,9
3280164,9.727155871514062,12
3280175,9.795175598864574,11
3280179,9.951109250758586,4
3280184,9.919577208624835,5
3280192,9.841307997249576,8
3280201,9.800784745268235,9
3280204,9.957771078860675,3
3280208,9.938789706241277,4
3280218,9.795757753575208,10
3280228,9.797428556021044,10
3280229,10.0,1
3280235,9.881644958090888,6
3280236,9.992839696492384,1
3280240,9.939260145236105,4
3280249,9.815700534364025,9
3280250,10.0,1
3280259,9.818759797941842,9
3280266,9.871625604326782,7
3280283,9.646485838593087,17
3280294,9.796128618047158,11
3280297,9.960706747948928,3
3280300,9.961042952430866,3
3280312,9.719958701451919,12
3280327,9.628053566458494,15
3280336,9.83963051424788,9
3280347,9.779217995832816,11
3280378,8.099601614415374,31
3280391,9.72038679606886,13
3280398,9.855449298583869,7
3280421,9.454564044279056,23
3280422,10.0,1
3280430,9.654748208842012,8
3280439,9.800698337543968,9
3280451,9.737378326078979,12
3280452,9.992699365478337,1
3280456,9.947823320019257,4
3280459,9.960045167437793,3
3280460,10.0,1
3280467,9.86015612588061,7
3280482,9.661664463585714,15
3280486,9.953157381357615,4
3280494,9.835947534035398,8
3280495,10.0,1
3280508,9.724209693067847,13
3280522,9.661048208537323,14
3280529,9.852502410687384,7
3280539,9.773428776541573,10
3280549,9.785580294257938,10
3280568,9.559290440199318,19
3280573,9.91564917787449,5
3280579,9.901552416266004,6
3280580,9.98836981246081,1
3280585,9.902016402401763,5
3280598,9.706451312889362,13
3280606,9.853616344109437,8
3280615,9.82558943482573,9
3280621,9.888299834269812,6
3280632,9.769631206668175,11
3280639,9.853468995051214,7
3280653,9.600727101445704,14
3280665,9.762210099885412,12
3280671,9.79333299356128,6
3280678,9.863964398812122,7
3280680,9.97211365159961,2
3280696,9.553409414013815,16
3280704,9.827949028483644,8
3280709,9.90642199310095,5
3280716,9.884621145348559,7
3280719,9.961880828690969,3
3280720,10.0,1
3280730,9.799063172195451,10
3280731,10.0,1
3280743,9.715938298639694,12
3280754,9.790686416399435,11
3280755,10.0,1
3280756,9.991326134117795,1
3280770,9.677721572910558,14
3280782,9.733726908196441,12
3280790,9.860095088831503,8
3280803,9.710331245315633,13
3280809,9.903700986883909,6
3280819,9.8129738488857,10
3280823,9.943746560635002,4
3280832,9.810984351152658,9
3280835,9.962548901154122,3
3280844,9.784451982556025,9
3280851,9.876134424808164,7
3280864,9.726296659235626,13
3280872,9.839336482389077,8
3280886,9.677776403992345,14
3280896,9.767669854855498,10
3280906,9.573092962853652,10
3280915,9.730705782613107,9
3280922,9.85154700709493,7
3280929,9.889937923698724,7
3280940,9.77988565356895,11
3280944,9.941734963389909,4
3280956,9.726876250859615,12
3280962,9.897743182281776,6
3280965,9.965978187266723,3
3280974,9.846975790153047,9
3280985,9.76712414626091,11
3280994,9.830603442802072,9
3281005,9.784074277056563,11
3281020,9.668396554413022,15
3281022,9.97957063120919,2
3281032,9.69238225999863,10
3281042,9.79076868712295,10
3281051,9.822994432819977,9
3281064,9.723812935888557,13
3281078,9.688827570093325,14
3281086,9.868521346803949,8
3281100,9.582906227667822,14
3281110,9.794926136526446,10
3281118,9.828479171099866,8
3281122,9.94736881389723,4
3281138,9.67770776276635,16
3281144,9.89101242502483,6
3281157,9.72104035422695,13
3281168,9.758226015077756,11
3281178,9.79146391177852,10
3281196,9.560058156489756,18
3281200,9.940397172321397,4
3281207,9.870203977284042,7
3281217,9.780964738371223,10
3281226,9.820698638321682,9
3281234,9.863357248193383,8
3281241,9.865393858929432,7
3281250,9.828204919474334,9
3281261,9.737856357699927,11
3281268,9.860907763278977,7
3281269,10.0,1
3281281,9.743145249851922,12
3281289,9.842119632714294,8
3281292,9.953013766893442,3
3281293,10.0,1
3281302,9.820713234661763,9
3281308,9.899521981299337,6
3281319,9.76876544113067,11
3281332,9.681565498429787,13
3281342,9.795609846732603,10
3281356,9.718642808973973,14
3281368,9.757237413853364,12
3281378,9.781634268284702,10
3281391,9.706738696188772,13
3281402,9.761602109408575,11
3281407,9.919819600825607,5
3281413,9.892759130580064,6
3281426,9.697593932529776,13
3281430,9.945598472095345,4
3281445,9.683011313449873,15
3281451,9.897324067462714,6
3281452,10.0,1
3281463,9.7449100348253,11
3281476,9.739542419252587,13
3281484,9.834118479428462,8
3281495,9.768857555393332,11
3281504,9.833657906735958,9
3281516,9.742664018840975,12
3281528,9.7373199391268,12
3281529,10.0,1
3281537,9.853820662748854,8
3281549,9.749626157874875,12
3281555,9.886101126549171,6
3281563,9.738574107161867,8
3281577,9.7082356994154,14
3281592,9.654807042621066,15
3281600,9.832920661845472,8
3281601,10.0,1
3281609,9.881287501171723,8
3281615,9.896099380957502,6
3281638,9.380991041522876,23
3281651,9.705226067222018,13
3281657,9.89758680225079,6
3281665,9.859792853941633,8
3281674,9.81465980204634,9
3281683,9.803040372817556,9
3281688,9.92278628473929,5
3281694,9.896709167473444,6
3281705,9.81977978991111,11
3281722,9.337774576293507,17
3281735,9.707627921705434,13
3281749,9.698213154074349,14
3281750,10.0,1
3281759,9.818517685766448,9
3281768,9.809624291534861,9
3281779,9.792107572676564,11
3281788,9.725874347027373,9
3281802,9.703664215481258,14
3281810,9.84252211555856,8
3281818,9.831614716480303,8
3281832,9.683319511747612,14
3281835,9.96798888197471,3
3281852,9.578089031645055,17
3281859,9.853976175913122,7
3281860,10.0,1
3281869,9.804849764139556,9
3281876,9.882643098600015,7
3281884,9.85402009518521,8
3281892,9.822964830864327,8
3281893,10.0,1
3281897,9.938284871100723,4
3281905,9.81541183898684,8
3281913,9.836739225779898,8
3281929,9.670062479541036,16
3281938,9.820617422397463,9
3281949,9.813935742567068,11
3281970,9.523399358964852,21
3281980,9.789355405197643,10
3281983,9.96350792101182,3
3281987,9.934379995148564,4
3281988,10.0,1
3282005,9.64513037520214,17
3282010,9.908931740414351,5
3282018,9.824504566411502,8
3282019,10.0,1
3282025,9.900652389045813,6
3282034,9.830441993198367,9
3282039,9.911660733659414,5
3282060,9.51222060281289,21
3282064,9.944198816282633,4
3282068,9.925393140366712,4
3282073,9.909821878714453,5
3282078,9.916588840010874,5
3282087,9.826786367215712,9
3282092,9.91209884281122,5
3282094,9.980987228467034,2
3282096,9.982099443512928,2
3282109,9.750003846792142,13
3282116,9.859710963940252,7
3282124,9.83387649212244,8
3282128,9.945572525165055,4
3282132,9.947222060453278,4
3282139,9.887375142122336,7
3282144,9.899261831623837,5
3282156,9.70245892542487,12
3282166,9.781303428705751,10
3282170,9.9271205133141,4
3282178,9.85978232948656,8
3282193,9.675323171468403,15
3282198,9.91683619989557,5
3282203,9.926764256845463,5
3282204,9.99340385951283,1
3282216,9.763489336274127,12
3282223,9.867276472189612,7
3282236,9.726615436442563,13
3282246,9.775972579799078,10
3282257,9.767253314875628,11
3282272,9.70169244616887,15
3282288,9.688833523971887,16
3282295,9.874150175895071,7
3282306,9.766200814662298,11
3282312,9.894982026514077,6
3282316,9.9395038167405,4
3282318,9.984725775468103,2
3282331,9.724629520947076,13
3282334,9.961871714729776,3
3282343,9.851603489823923,9
3282350,9.881500314599581,7
3282356,9.91214030254286,6
3282370,9.497131964483145,14
3282376,9.896086087246669,6
3282387,9.793851058142241,11
3282390,9.965805226506864,3
3282398,9.862451639257188,8
3282410,9.785294742929437,12
3282411,9.996165940059186,1
3282424,9.770493818779748,13
3282425,9.989328280924678,1
3282438,9.73134826016784,13
3282444,9.898038847888255,6
3282448,9.946746963837573,4
3282454,9.906317441821097,6
3282459,9.92292795474284,5
3282466,9.879687753308612,7
3282470,9.93153572991052,4
3282477,9.89571355163632,7
3282483,9.888742152513544,6
3282489,9.88864259154051,6
3282491,9.97859575609712,2
3282497,9.90017235086333,6
3282515,9.599556774269951,18
3282522,9.773436151221466,7
3282531,9.812471031677692,9
3282538,9.873159638783585,7
3282552,9.760277980506686,14
3282557,9.9035003489429,5
3282562,9.92134588663053,5
3282564,9.985668691847243,2
3282565,10.0,1
3282575,9.796276398546212,10
3282582,9.868492056171046,7
3282593,9.784335558018343,11
3282594,10.0,1
3282599,9.937855409704467,5
3282600,10.0,1
3282605,9.907995343589997,5
3282612,9.875231578201806,7
3282624,9.727107313348542,12
3282631,9.76922558912773,7
3282642,9.773020660220137,11
3282652,9.820523711802796,10
3282658,9.905135356964745,6
3282659,10.0,1
3282670,9.782876895353194,11
3282671,10.0,1
3282681,9.67881790920697,10
3282682,10.0,1
3282692,9.780077431630966,10
3282700,9.857967275725615,8
3282716,9.628112075841216,16
3282725,9.654591864345129,9
3282731,9.8956785447572,6
3282743,9.73954071925798,12
3282752,9.804286505186884,9
3282761,9.794691274406738,9
3282769,9.82253678436092,8
3282782,9.676613000887121,13
3282789,9.871007970410405,7
3282801,9.728526914153996,12
3282812,9.675711069150134,11
3282815,9.969798524610518,3
3282823,9.857733148607675,8
3282834,9.76674507255924,11
3282843,9.812831645130743,9
3282854,9.7914516461048,11
3282870,9.630138116407478,16
3282880,9.792187619255467,10
3282886,9.902485759576996,6
3282895,9.806187695075668,9
3282907,9.754757276889627,12
3282908,10.0,1
3282916,9.864957906354055,8
3282924,9.833738371199177,8
3282937,9.698091232514738,13
3282943,9.912576116183693,6
3282944,9.996512900310838,1
3282953,9.698897426253705,9
3282954,10.0,1
3282969,9.670745734119407,15
3282970,10.0,1
3282981,9.756404962991233,11
3282990,9.818919208699484,9
3282993,9.95215206775921,3
3283005,9.73842307540796,12
3283007,9.972631771160279,2
3283012,9.897094941856423,5
3283017,9.905201069940208,5
3283018,9.996053216687432,1
3283021,9.951840952003336,3
3283030,9.824487788563376,9
3283050,9.593972175927407,20
3283057,9.86100599922922,7
3283065,9.844662040728005,8
3283069,9.950011165084316,4
3283075,9.888226631106404,6
3283080,9.92017589473362,5
3283088,9.8427080317441,8
3283094,9.875836944171672,6
3283103,9.804839703351009,9
3283114,9.789104649432248,11
3283127,9.720551135092988,13
3283139,9.759955797141274,12
3283146,9.883082599567906,7
3283149,9.961736036454997,3
3283160,9.803371836608793,11
3283169,9.81669561860087,9
3283177,9.835374419749733,8
3283180,9.957585272959651,3
3283191,9.752302689103782,11
3283196,9.921724171036164,5
3283205,9.834246108583777,9
3283216,9.76286242097941,11
3283224,9.846822064571334,8
3283236,9.738061155694142,12
3283237,10.0,1
3283250,9.742716019807164,13
3283258,9.861351186972083,8
3283271,9.620911294937475,13
3283278,9.858154238766117,7
3283283,9.909633896030185,5
3283295,9.755967753501702,12
3283303,9.862562385817109,8
3283316,9.752119073928373,13
3283320,9.937272217331763,4
3283328,9.849492332173789,8
3283348,9.630743430226548,20
3283356,9.848600572489238,8
3283367,9.772933991782775,11
3283381,9.692844913104251,14
3283392,9.765439885092565,11
3283398,9.887909515928058,6
3283399,10.0,1
3283415,9.65244576317406,16
3283420,9.92841235365577,5
3283423,9.952444371449344,3
3283434,9.783636280415626,11
3283444,9.820110176701887,10
3283464,9.435393619796768,20
3283476,9.743122547442754,12
3283480,9.95190426510877,4
3283487,9.891194319205747,7
3283493,9.877417388648059,6
3283502,9.822462494573367,9
3283516,9.696342604095218,14
3283519,9.955170825560248,3
3283529,9.825964877337157,10
3283539,9.80126326788542,10
3283552,9.708893866165983,13
3283564,9.765794855801477,12
3283576,9.707104792923264,12
3283584,9.859500406551184,8
3283591,9.850788537894994,7
3283595,9.939927385291934,4
3283601,9.891498537294904,6
3283607,9.901056477310982,6
3283612,9.9031037457609,5
3283619,9.881087145824395,7
3283628,9.81221011696437,9
3283631,9.960604955590334,3
3283642,9.763663223325105,11
3283651,9.802727212202063,9
3283659,9.860089791077108,8
3283661,9.981753975166447,2
3283666,9.91612587642977,5
3283667,10.0,1
3283677,9.788820531361832,10
3283683,9.913031085512257,6
3283684,9.99316891092955,1
3283695,9.791359725924886,11
3283704,9.80516736802213,9
3283723,9.546046481917122,19
3283724,9.991516511083756,1
3283738,9.582105901560523,14
3283753,9.696123369149994,15
3283761,9.868340550404428,8
3283764,9.950554684324036,3
3283780,9.651392181265487,16
3283781,10.0,1
3283786,9.918990691395418,5
3283792,9.896186840156123,6
3283797,9.910967227540732,5
3283812,9.708811333998655,15
3283817,9.924427122265614,5
3283829,9.71898885358058,12
3283830,10.0,1
3283837,9.8780078783249,7
3283842,9.917055609376256,5
3283856,9.673383622030792,14
3283857,10.0,1
3283866,9.816659786002903,9
3283875,9.83768926596445,9
3283885,9.8132517155641,10
3283891,9.894239641741294,6
3283900,9.79028425048241,9
3283905,9.91635472998986,5
3283912,9.862020016434759,7
3283922,9.776518760224405,10
3283933,9.762748553319826,11
3283938,9.90550414253192,5
3283952,9.673385575583229,14
3283966,9.705799980348052,14
3283974,9.822737166838015,8
3283985,9.757731737728305,11
3283992,9.866879712410723,7
3284005,9.763640514329238,13
3284010,9.926506664516957,5
3284014,9.936120636795819,4
3284027,9.705806957916927,13
3284036,9.843585059988747,9
3284069,9.206090146705813,33
3284078,9.85320840058964,9
3284079,10.0,1
3284080,10.0,1
3284087,9.856646509726604,7
3284098,9.778953256281751,11
3284104,9.891522191535671,6
3284113,9.814261218509811,9
3284121,9.83725251812278,8
3284129,9.863010608889084,8
3284140,9.789365192155039,11
3284142,9.975175080910088,2
3284156,9.669586117657754,14
3284165,9.823205261449079,9
3284167,9.978239114939953,2
3284175,9.84916652296434,8
3284184,9.714760131162656,9
3284190,9.901311028504832,6
3284206,9.648536735060027,16
3284215,9.843992745180742,9
3284222,9.85429035874135,7
3284227,9.914601126461465,5
3284234,9.764176335915932,7
3284239,9.920375907578196,5
3284251,9.7815874379931,12
3284256,9.926784531357084,5
3284257,10.0,1
3284271,9.69760870171579,14
3284279,9.843161045855396,8
3284283,9.941001949959059,4
3284284,10.0,1
3284288,9.942446987551882,4
3284298,9.766763364782566,10
3284311,9.723204842832684,13
3284322,9.794042515687405,11
3284323,10.0,1
3284332,9.809481682827847,9
3284339,9.893114535700041,7
3284351,9.763846402953059,12
3284356,9.91641524953757,5
3284362,9.875911588625467,6
3284371,9.803687771266826,9
3284372,10.0,1
3284387,9.663422342467268,15
3284395,9.837792165247327,8
3284408,9.692044758625007,13
3284425,9.612510987753389,17
3284436,9.752099393680428,11
3284439,9.967449779728078,3
3284445,9.891277410899145,6
3284449,9.945602128551927,4
3284458,9.82784008273192,9
3284465,9.86180043673362,7
3284474,9.799694870567322,9
3284478,9.940517603794637,4
3284491,9.700267257656638,13
3284492,9.996237563392585,1
3284495,9.95429672862701,3
3284502,9.857500192498472,7
3284507,9.932480697497796,5
3284508,10.0,1
3284515,9.85371799774548,7
3284520,9.911477334937912,5
3284531,9.784513044897226,11
3284542,9.754020497132823,11
3284546,9.931664574211597,4
3284550,9.925754108054049,4
3284564,9.698608253356698,14
3284565,10.0,1
3284575,9.681513383162452,10
3284581,9.883593527418649,6
3284587,9.88939002064644,6
3284590,9.957508512703315,3
3284594,9.93866407941964,4
3284603,9.826221567683284,9
3284606,9.96806381909729,3
3284614,9.83648011236181,8
3284627,9.67202084176635,13
3284628,9.987160874415643,1
3284637,9.795072963081095,9
3284638,10.0,1
3284645,9.846504628281153,7
3284653,9.834518573584258,8
3284660,9.865546801930241,7
3284664,9.929997092597297,4
3284674,9.777138535736546,10
3284682,9.835567626229249,8
3284702,9.502049197203865,20
3284705,9.971267474127602,3
3284715,9.800181314319902,10
3284726,9.549846464041922,11
3284734,9.860197727798633,8
3284738,9.943733434377853,4
3284747,9.82532699892449,9
3284750,9.96285420122481,3
3284769,9.353628053309087,19
3284783,9.66113077093791,14
3284786,9.95188541256113,3
3284788,9.974912977831027,2
3284792,9.949969520906256,4
3284802,9.796019754871244,10
3284814,9.720455085484126,12
3284821,9.87854351899981,7
3284833,9.746807780901472,12
3284839,9.898073912354496,6
3284844,9.93955673841672,5
3284850,9.908689575443644,6
3284858,9.857341563358656,8
3284868,9.770813646133725,10
3284873,9.930065182366857,5
3284881,9.838352870886638,8
3284882,10.0,1
3284898,9.626529487114771,16
3284899,10.0,1
3284902,9.94697325679195,3
3284903,10.0,1
3284918,9.654010644563625,15
3284933,9.67811158370435,15
3284948,9.661351893811153,15
3284954,9.913723233637198,6
3284955,10.0,1
3284964,9.833406745581938,9
3284970,9.904623804799108,6
3284981,9.749810919424375,11
3284983,9.977789290243146,2
3284992,9.82834997618788,9
3285003,9.799733422105815,11
3285007,9.949131147080479,4
3285014,9.871065654465568,7
3285022,9.8454258981822,8
3285035,9.704427154124838,13
3285045,9.803854749812198,10
3285046,10.0,1
3285057,9.774651948554238,11
3285073,9.618142977427796,16
3285077,9.937629415831683,4
3285088,9.689256368869943,11
3285096,9.859908743467313,8
3285097,10.0,1
3285098,10.0,1
3285111,9.696760414976564,13
3285120,9.818776102231475,9
3285131,9.756899380212412,11
3285143,9.772890775211367,12
3285145,9.980863420829731,2
3285154,9.821446519170587,9
3285166,9.778712749613403,12
3285172,9.895130579192298,6
3285176,9.94617984312251,4
3285189,9.724119434563878,13
3285196,9.85723743156537,7
3285205,9.797801663206807,9
3285213,9.824974604122783,8
3285220,9.880408472811222,7
3285231,9.7749558725259,11
3285237,9.874063467490561,6
3285243,9.887112370433186,6
3285255,9.72808830647887,12
3285266,9.793962553067106,11
3285277,9.75474009264672,11
3285284,9.879532719075964,7
3285299,9.68771216574036,15
3285300,10.0,1
3285303,9.957634585668604,3
3285315,9.732303395902946,12
3285331,9.634800967033277,16
3285336,9.927022308464664,5
3285341,9.906698848419786,5
3285352,9.775113407316312,11
3285361,9.847266314126793,9
3285365,9.93964554951628,4
3285377,9.748376032094983,12
3285394,9.661404947904032,17
3285395,10.0,1
3285407,9.751656159374292,12
3285420,9.729094991177316,13
3285426,9.899694943474353,6
3285441,9.662835833296997,15
3285454,9.725380384978541,13
3285462,9.843192996288217,8
3285473,9.777688935213087,11
3285478,9.917306787740308,5
3285487,9.81906456282815,9
3285492,9.931635709066665,5
3285496,9.951688329287263,4
3285518,9.510643087310195,22
3285524,9.906286238914973,6
3285537,9.733221584638201,13
3285547,9.77928262970479,10
3285551,9.9442364436577,4
3285558,9.868926797669827,7
3285569,9.685672263830236,11
3285575,9.902994539498003,6
3285588,9.712549192592862,13
3285599,9.767354577195976,11
3285600,10.0,1
3285608,9.831038614926431,8
3285616,9.843116737260058,8
3285632,9.647060655573263,16
3285646,9.713413326734871,14
3285647,10.0,1
3285657,9.773760360404173,10
3285662,9.925740786834568,5
3285669,9.869952127041742,7
3285680,9.828216555142411,11
3285693,9.533647336275763,13
3285709,9.661536562013291,16
3285720,9.792958299472875,11
3285732,9.633531766153382,12
3285745,9.71032537705757,13
3285746,10.0,1
3285755,9.82820679511634,9
3285764,9.822168470265757,9
3285772,9.83528834177124,8
3285782,9.805348513121922,10
3285792,9.68564657789267,10
3285797,9.907081512087013,5
3285804,9.865414635062754,7
3285811,9.874507446303527,7
3285818,9.85198070011784,7
3285833,9.655075585600427,15
3285836,9.950509904391529,3
3285845,9.821717826380052,9
3285847,9.972639163440647,2
3285870,9.538628078604656,23
3285871,9.99245864750811,1
3285879,9.849305198935667,8
3285886,9.887653521633556,7
3285895,9.829667195485849,9
3285907,9.802178362282802,12
3285927,9.50784128970126,20
3285942,9.665737342767015,15
3285953,9.760921173496596,11
3285966,9.727083902044274,13
3285976,9.803946129507477,10
3285988,9.737565124159904,12
3285997,9.81525711065443,9
3286005,9.8199521342536,8
3286014,9.811713249845655,9
3286028,9.757015806294438,14
3286034,9.880971770226926,6
3286035,10.0,1
3286043,9.879624706872319,8
3286054,9.801429276025281,11
3286066,9.730300976911,12
3286073,9.854955093268217,7
3286087,9.703272961264853,14
3286101,9.700803895268628,14
3286117,9.64211400166782,16
3286123,9.912733605965022,6
3286135,9.733306954614857,12
3286140,9.913078871814585,5
3286152,9.724408878517218,12
3286161,9.80567804095842,9
3286172,9.7646592943102,11
3286175,9.95252681612319,3
3286178,9.956453192561714,3
3286186,9.88840407011527,8
3286187,9.996834518811353,1
3286200,9.760517403078715,13
3286212,9.73938380157546,12
3286217,9.912161651338133,5
3286226,9.814427973160356,9
3286234,9.872339826828542,8
3286237,9.958908918689438,3
3286246,9.810052533608967,9
3286249,9.95291868477768,3
3286254,9.917381127287115,5
3286266,9.750856041665777,12
3286272,9.906319360242616,6
3286286,9.652099392798622,14
3286299,9.701533815792438,13
3286308,9.842834864827532,9
3286315,9.874686102490948,7
3286316,10.0,1
3286321,9.927256529871066,5
3286325,9.95225166190601,4
3286338,9.717523361026116,13
3286347,9.844748048604181,9
3286360,9.725663646414972,13
3286365,9.91777217352391,5
3286372,9.895358998992567,7
3286376,9.946361375605022,4
3286382,9.872685129347738,6
3286385,9.95758161554488,3
3286388,9.961524567784318,3
3286400,9.727976969820524,12
3286402,9.977954352216434,2
3286407,9.912248556458058,5
3286408,10.0,1
3286418,9.817338092130266,10
3286431,9.760690166953577,13
3286441,9.801570210993429,10
3286442,10.0,1
3286451,9.815572071065219,9
3286457,9.8893563283166,6
3286467,9.800280600120084,10
3286477,9.799755445760118,10
3286491,9.67793075794849,14
3286499,9.860000255238932,8
3286500,10.0,1
3286512,9.71267387055484,12
3286523,9.78069908307975,11
3286533,9.804550071754528,10
3286546,9.589156580578525,13
3286555,9.832371059158767,9
3286570,9.67187717936174,15
3286576,9.874138833052092,6
3286590,9.729744061741426,14
3286596,9.88779149466297,6
3286605,9.831973649334088,9
3286610,9.920080293208127,5
3286614,9.929232072963918,4
3286621,9.880210667408678,7
3286630,9.815004771834344,9
3286635,9.918516727767457,5
3286639,9.948435128088775,4
3286652,9.705424400482029,13
3286663,9.757116821659139,11
3286664,9.988727541625412,1
3286665,10.0,1
3286676,9.750297100429101,11
3286680,9.732176328862854,4
3286684,9.938079183535262,4
3286688,9.942111066626138,4
3286695,9.871371151409862,7
3286702,9.859472478933645,7
3286705,9.972304095079846,3
3286717,9.7449083997527,12
3286724,9.856933101388366,7
3286732,9.850834876255053,8
3286738,9.888957668904283,6
3286740,9.97682516400235,2
3286751,9.79746862490978,11
3286762,9.73947634138375,11
3286770,9.84157882760682,8
3286777,9.855880655075184,7
3286778,10.0,1
3286787,9.822679383463848,9
3286792,9.924860548006292,5
3286797,9.928270275615265,5
3286801,9.831640996227728,4
3286808,9.850334250173765,7
3286818,9.802953373287684,10
3286823,9.921354965062484,5
3286826,9.970876500004255,3
3286827,10.0,1
3286832,9.908002877572795,5
3286845,9.694202553303112,13
3286852,9.866447211170028,7
3286858,9.895923717530053,6
3286874,9.662796337497246,16
3286881,9.834919365185453,7
3286893,9.69167118910328,12
3286898,9.90443760461666,5
3286904,9.895635285268565,6
3286905,9.99574540880401,1
3286922,9.619746443118798,17
3286936,9.732545183498997,14
3286940,9.929968116061765,4
3286955,9.696576798356373,15
3286969,9.711621344488561,14
3286977,9.822032742033604,8
3286979,9.967868666285925,2
3286998,9.61301437645747,19
3287009,9.763636711044677,11
3287018,9.830791741964111,9
3287025,9.890074846608714,7
3287035,9.77841101193706,10
3287037,9.980504479895144,2
3287047,9.777268180213584,10
3287051,9.933865511349534,4
3287055,9.922046026814337,4
3287059,9.937428086954075,4
3287070,9.773379845815253,11
3287078,9.860859965423753,8
3287083,9.921413186403898,5
3287090,9.86900608169928,7
3287105,9.69200832848547,15
3287106,10.0,1
3287109,9.962931601001225,3
3287124,9.659231146166356,15
3287135,9.771464643624881,11
3287148,9.707891349487758,13
3287160,9.74796485590679,12
3287171,9.696777520980499,11
3287180,9.83081938882809,9
3287183,9.954793715862914,3
3287184,10.0,1
3287185,10.0,1
3287196,9.760352931107862,11
3287207,9.763175798776892,11
3287215,9.830221979378422,8
3287221,9.889143039515163,6
3287227,9.892488392565737,6
3287228,10.0,1
3287231,9.954394243922103,3
3287235,9.944552966605022,4
3287236,10.0,1
3287248,9.7194362755783,12
3287268,9.643501605352013,20
3287282,9.680500691822203,14
3287293,9.776371224261736,11
3287308,9.681508445223908,15
3287319,9.758776350059915,11
3287337,9.679223707558984,18
3287341,9.935248433291802,4
3287348,9.876248820342896,7
3287359,9.749543312189333,11
3287362,9.964674083705612,3
3287454,7.425407147499131,92
3287460,9.885988408079745,6
3287469,9.819309325802584,9
3287480,9.750148713608796,11
3287493,9.695735144118728,13
3287505,9.741237519661771,12
3287516,9.744120468948022,11
3287525,9.795953176928727,9
3287535,9.777614576410995,10
3287536,10.0,1
3287546,9.81376933804381,10
3287551,9.900054713390805,5
3287560,9.806010398123963,9
3287563,9.968367917203613,3
3287572,9.831555800905788,9
3287580,9.857013911862428,8
3287589,9.80897741056109,9
3287594,9.914016012696267,5
3287600,9.887788195310623,6
3287612,9.718418058466545,12
3287628,9.701495642284307,16
3287640,9.757682527263404,12
3287656,9.60478862108658,16
3287665,9.836146021169329,9
3287675,9.795408547471462,10
3287692,9.589891165438567,17
3287701,9.842509459077899,9
3287706,9.93353669901519,5
3287714,9.830826434702878,8
3287731,9.704250193330878,17
3287737,9.899535694300663,6
3287746,9.850479621352337,9
3287752,9.888849398880042,6
3287760,9.850325424100015,8
3287771,9.788853715131609,11
3287778,9.911504130878122,7
3287784,9.920517388473417,6
3287793,9.837399104121086,9
3287798,9.933210874015748,5
3287812,9.771736904676201,14
3287821,9.819229518830992,9
3287825,9.947531935764292,4
3287830,9.927120303546896,5
3287831,10.0,1
3287847,9.657560443937324,16
3287853,9.897313362352977,6
3287862,9.837658792661715,9
3287866,9.94565965025509,4
3287885,9.598835238770466,19
3287898,9.502942213969229,13
3287908,9.786716735669476,10
3287921,9.702629508582904,13
3287927,9.881221594546886,6
3287935,9.851586906667805,8
3287942,9.864421487557188,7
3287947,9.922973885479472,5
3287952,9.9081410954718,5
3287958,9.886734697497868,6
3287973,9.645952219440057,15
3287983,9.777922422849525,10
3287991,9.846028189101542,8
3288003,9.753542395788754,12
3288011,9.869604345457178,8
3288012,10.0,1
3288018,9.881147628134565,6
3288030,9.730623803032852,12
3288040,9.823231272362888,10
3288049,9.798252972955984,9
3288055,9.914557781880765,6
3288066,9.771317597441245,11
3288070,9.944715771379915,4
3288081,9.767017579338098,11
3288082,10.0,1
3288093,9.772463066077854,11
3288101,9.828323284273004,8
3288113,9.735669199048717,12
3288123,9.794104843826178,10
3288131,9.641552188764146,8
3288132,9.986448444037858,1
3288139,9.850593362615577,7
3288146,9.855940552389718,7
3288156,9.788502497064512,10
3288157,10.0,1
3288167,9.824181855863396,10
3288177,9.788087638194654,10
3288182,9.91977982780065,5
3288191,9.818037890391503,9
3288202,9.785578838599022,11
3288208,9.915801113775895,6
3288218,9.789115950798505,10
3288223,9.912801083402924,5
3288236,9.742157744825528,13
3288244,9.758353572140473,8
3288253,9.815644753964625,9
3288254,9.993192891821256,1
3288269,9.659851191852164,15
3288286,9.617346755336436,17
3288301,9.674089705449232,15
3288306,9.91772683752077,5
3288312,9.903983912313397,6
3288321,9.812156968767244,9
3288324,9.951191477486917,3
3288339,9.658717404180221,15
3288354,9.56884074468593,15
3288363,9.834076125452048,9
3288367,9.955101744658391,4
3288374,9.873554434083635,7
3288380,9.897650419743481,6
3288386,9.8901980698578,6
3288396,9.786331953637662,10
3288397,10.0,1
3288407,9.791064488892035,10
3288412,9.905723375745673,5
3288423,9.758748363259215,11
3288434,9.770728709445107,11
3288435,9.99214365832924,1
3288447,9.729424361985687,12
3288454,9.85746588440891,7
3288458,9.930189862422521,4
3288470,9.729485763426194,12
3288471,10.0,1
3288478,9.865832720526209,7
3288479,9.98887523960098,1
3288492,9.690300846345169,13
3288496,9.925300973331789,4
3288503,9.858395769273313,7
3288514,9.75951114825443,11
3288515,10.0,1
3288524,9.810942545557756,9
3288529,9.911782411065634,5
3288530,10.0,1
3288535,9.90156431278167,5
3288543,9.840023871080273,8
3288550,9.875238808665793,7
3288555,9.921554067391192,5
3288565,9.804913743470149,10
3288570,9.925906713812491,5
3288585,9.671865658414672,15
3288594,9.817930573356236,9
3288604,9.837017035830936,10
3288607,9.959891981164136,3
3288608,10.0,1
3288622,9.69839366632562,14
3288636,9.720727206962499,14
3288645,9.811293429975866,9
3288656,9.760923880048388,11
3288665,9.844268133113662,9
3288676,9.788533693306745,11
3288683,9.85313767235203,7
3288689,9.902446286427242,6
3288701,9.755114387393752,12
3288712,9.762025400077434,11
3288721,9.820272338536169,9
3288736,9.686938418819164,15
3288744,9.843133063567834,8
3288752,9.84232000176505,8
3288763,9.771114167453236,11
3288770,9.881833151158146,7
3288780,9.797559287392826,10
3288791,9.780227680571597,11
3288807,9.63140739910387,16
3288813,9.872999959828189,6
3288828,9.643065175031985,15
3288833,9.914221403569016,5
3288837,9.94367517181915,4
3288855,9.560219524981441,18
3288862,9.89455225439609,7
3288870,9.836711168643706,8
3288876,9.899372296676587,6
3288881,9.919762188952621,5
3288887,9.897277756272997,6
3288898,9.777607074275696,11
3288901,9.960790924629508,3
3288905,9.940680146126748,4
3288908,9.969981671573432,3
3288913,9.939274147965678,5
3288919,9.889191628611576,6
3288926,9.665279228845936,7
3288927,10.0,1
3288934,9.869674449292082,7
3288944,9.78265859662167,10
3288955,9.762781720414242,11
3288960,9.905801453750511,5
3288970,9.794200792526759,10
3288978,9.848948381611972,8
3288981,9.945439881495991,3
3288996,9.649437677784451,15
3288997,10.0,1
3289009,9.75507141682407,12
3289013,9.938207511766747,4
3289022,9.801937982328175,9
3289032,9.784689066154288,10
3289037,9.907329274220178,5
3289046,9.807343534845208,9
3289054,9.830897081962528,8
3289067,9.69213162452983,13
3289075,9.85721603508848,8
3289086,9.773072186173062,11
3289095,9.806089024533074,9
3289096,10.0,1
3289101,9.914774155469221,5
3289118,9.644434332799959,17
3289123,9.713171840419182,5
3289137,9.703892922115552,14
3289148,9.75456639048469,11
3289154,9.907284626718225,6
3289167,9.609088103391647,13
3289177,9.825620615815525,10
3289178,10.0,1
3289187,9.800934677263312,9
3289188,10.0,1
3289198,9.83859913325787,10
3289209,9.770313412279997,11
3289213,9.932863865539499,4
3289222,9.848089479225024,9
3289223,10.0,1
3289234,9.786895235216313,11
3289241,9.878275549198442,7
3289248,9.849966694272073,7
3289259,9.768697517807471,11
3289266,9.900609835407606,7
3289274,9.84596550904589,8
3289280,9.896565907390082,6
3289297,9.6503503911855,17
3289298,10.0,1
3289304,9.91178551200031,6
3289305,9.996664511041734,1
3289316,9.750695276216721,11
3289317,10.0,1
3289323,9.901407762082565,6
3289335,9.745091700820357,12
3289344,9.81756445390032,9
3289360,9.619794737545899,16
3289366,9.905771382949572,6
3289374,9.836055281774993,8
3289385,9.750810689541428,11
3289397,9.778545900361246,12
3289408,9.793191056075958,11
3289412,9.92952245494856,4
3289415,9.958814658334347,3
3289424,9.815426494972037,9
3289425,9.992669491054205,1
3289431,9.898485434489826,6
3289437,9.896026059156421,6
3289443,9.909072951498135,6
3289453,9.812553583879666,10
3289458,9.92442158917165,5
3289468,9.833318523826152,10
3289477,9.833460755770114,9
3289499,9.557346495717155,22
3289507,9.832951229857539,8
3289520,9.702422080088581,13
3289529,9.815330878625495,9
3289539,9.80806923350294,10
3289550,9.753118038592765,11
3289559,9.786056595451754,9
3289567,9.834920916635388,8
3289575,9.869209555418882,8
3289585,9.776671817891089,10
3289586,10.0,1
3289597,9.785179889740798,11
3289609,9.723629659915773,12
3289619,9.776306581131276,10
3289624,9.904281106852268,5
3289630,9.900714215981525,6
3289639,9.813874423467134,9
3289656,9.630109543948215,17
3289661,9.910856247900977,5
3289673,9.71379573231056,12
3289676,9.949110111269976,3
3289677,10.0,1
3289682,9.916502528833755,5
3289686,9.932877395604434,4
3289694,9.805207523349962,8
3289699,9.910040725763844,5
3289708,9.719333983669104,9
3289709,10.0,1
3289714,9.905355132943239,5
3289720,9.874247519496455,6
3289732,9.726636040115212,12
3289744,9.736133121983785,12
3289750,9.886095265050413,6
3289759,9.830289566361643,9
3289776,9.653330131369648,17
3289782,9.906413420420673,6
3289788,9.893293456859492,6
3289792,9.94688180356471,4
3289804,9.732431510093368,12
3289811,9.862292907732405,7
3289821,9.763317015021618,10
3289832,9.779856430234297,11
3289833,10.0,1
3289847,9.739325684571536,14
3289855,9.834176949047567,8
3289860,9.91352146171535,5
3289880,9.360098325357798,20
3289887,9.891031419491142,7
3289916,9.420570182831037,29
3289924,9.85611421051574,8
3289933,9.826930087080463,9
3289938,9.896493156524315,5
3289950,9.733542769728043,12
3289966,9.458842018536892,16
3289982,9.68729915786073,16
3289991,9.833006056484704,9
3289992,10.0,1
3290002,9.802310432259853,10
3290011,9.81869992517501,9
3290015,9.936018389235931,4
3290022,9.8639052419065,7
3290024,9.974062131695387,2
3290052,4.755969135520265,28
3290063,9.78501208027433,11
3290074,9.820810607533856,11
3290079,9.911105974535985,5
3290088,9.810698230140417,9
3290089,10.0,1
3290096,9.847189017197953,7
3290109,9.748272075720228,13
3290121,9.734234927384055,12
3290135,8.921332785809861,14
3290142,9.751188965773276,7
3290153,9.75681588034597,11
3290154,10.0,1
3290172,9.450552592584792,18
3290176,9.932207682992216,4
3290179,9.968423726395864,3
3290191,9.732019929566341,12
3290198,9.865903425740973,7
3290209,9.781254772160276,11
3290219,9.814766136865854,10
3290223,9.949040402034695,4
3290229,9.887950878568319,6
3290239,9.811364427407467,10
3290254,9.661311878666936,15
3290265,9.756986295646444,11
3290279,9.706773481644731,14
3290288,9.805376998385789,9
3290299,9.76230425665523,11
3290302,9.960938057029542,3
3290312,9.764918330402695,10
3290321,9.818246011453036,9
3290325,9.93753707067675,4
3290333,9.87530581074561,8
3290349,9.661466607694917,16
3290360,9.7643637598535,11
3290365,9.937824359592582,5
3290366,10.0,1
3290374,9.83272174383063,8
3290389,9.674381529505595,15
3290401,9.746896867921121,12
3290405,9.951009141027418,4
3290406,10.0,1
3290411,9.937775893638317,5
3290419,9.845745282640783,8
3290420,10.0,1
3290428,9.82877014710656,8
3290437,9.798624907373263,9
3290443,9.907772949333582,6
3290454,9.748427128446437,11
3290467,9.733198218365933,13
3290473,9.892391053889622,6
3290477,9.932940018290472,4
3290485,9.531684094451887,8
3290486,9.989117731028925,1
3290501,9.661056670830144,15
3290516,9.662058394387676,15
3290528,9.733886075925364,12
3290540,9.73166295359207,12
3290543,9.964879239367876,3
3290549,9.899714924516626,6
3290563,9.715302840854543,14
3290574,9.7616142079856,11
3290578,9.93905323429646,4
3290579,10.0,1
3290580,9.99260864449067,1
3290586,9.891552505012124,6
3290595,9.805663568755648,9
3290596,10.0,1
3290608,9.76230570166901,12
3290623,9.673262013540327,15
3290653,9.157118116905144,30
3290659,9.892309602457388,6
3290662,9.961875612406345,3
3290668,9.882733480033005,6
3290677,9.831696812278258,9
3290678,10.0,1
3290689,9.754348525754455,11
3290704,9.658512072036698,15
3290710,9.897359493190521,6
3290722,9.772965821902126,12
3290726,9.929209710707392,4
3290733,9.846003721437302,7
3290734,10.0,1
3290745,9.758722134658434,11
3290758,9.704491806144999,13
3290759,10.0,1
3290768,9.812631976247642,9
3290778,9.80668432931179,10
3290791,9.7618293330381,13
3290794,9.964456574219689,3
3290795,10.0,1
3290800,9.917342565459204,5
3290805,9.935586883278486,5
3290810,9.905958834710042,5
3290819,9.715242537701485,9
3290830,9.752832090880142,11
3290844,9.679541350061474,14
3290855,9.744217017177453,11
3290862,9.851766450537747,7
3290872,9.823744264620052,10
3290879,9.878952062315745,7
3290892,9.708217320209695,13
3290893,10.0,1
3290912,9.525244179945057,19
3290919,9.870100271385525,7
3290929,9.79109247999959,10
3290934,9.921421255827314,5
3290941,9.873888493187732,7
3290954,9.734942867521712,13
3290961,9.883215629701555,7
3290967,9.907670513197116,6
3290980,9.735315955140347,13
3290999,9.547942350562558,19
3291011,9.732278012980808,12
3291024,9.70068113937632,13
3291037,9.728088841643588,13
3291044,9.877701699255642,7
3291056,9.7357705976802,12
3291071,9.730043369490632,15
3291089,9.556651801974123,18
3291100,9.75306386202052,11
3291109,9.836292690675764,9
3291117,9.8703720572589,8
3291125,9.855661961562978,8
3291136,9.787334153672674,11
3291145,9.816984701245127,9
3291146,10.0,1
3291155,9.817512252136583,9
3291164,9.82961845375424,9
3291165,9.996246369504375,1
3291166,9.992469490850594,1
3291179,9.711721897366383,13
3291182,9.953196793184123,3
3291196,9.697512978424822,14
3291197,10.0,1
3291208,9.78459825849543,11
3291209,10.0,1
3291219,9.81259324232887,10
3291225,9.779728285898097,6
3291237,9.78277285571251,12
3291238,10.0,1
3291251,9.723539865316626,13
3291259,9.836893715356016,8
3291268,9.845913434344741,9
3291280,9.73770612164084,12
3291281,10.0,1
3291291,9.799549687123331,10
3291292,9.996662355517282,1
3291293,10.0,1
3291302,9.82382178393965,9
3291306,9.956908774239015,4
3291309,9.956633464780648,3
3291324,9.644974231289048,15
3291335,9.78985126853112,11
3291355,9.598794638891592,20
3291370,9.68612136785813,15
3291382,9.740174786203912,12
3291392,9.787525244689046,10
3291407,9.740279334560768,15
3291419,9.763787482519698,12
3291420,9.99261374383303,1
3291424,9.94804428497251,4
3291430,9.901193813468412,6
3291433,9.962700233826514,3
3291440,9.865363253696495,7
3291449,9.80045215547013,9
3291458,9.809168592050245,9
3291468,9.804197244054611,10
3291475,9.865153658715776,7
3291487,9.74607263772474,12
3291490,9.96333820907111,3
3291504,9.688229948794296,14
3291511,9.87789991338116,7
3291519,9.843481416333582,8
3291520,10.0,1
3291526,9.896663623389292,6
3291528,9.980622307025001,2
3291537,9.821218328912995,9
3291546,9.822853202365337,9
3291548,9.971978842043681,2
3291550,9.978897445484556,2
3291561,9.759629510709173,11
3291579,9.650440061447187,18
3291593,9.69680861481726,14
3291597,9.934725350098699,4
3291606,9.847408558356332,9
3291619,9.755146816692536,13
3291631,9.747920854393383,12
3291637,9.89419685692871,6
3291645,9.823115061900005,8
3291651,9.893532260551371,6
3291653,9.971649890716746,2
3291654,10.0,1
3291667,9.755648488046038,13
3291671,9.945631610079497,4
3291682,9.753156821828638,11
3291687,9.906221140078522,5
3291688,10.0,1
3291694,9.89004464345791,6
3291704,9.77922560353568,10
3291716,9.736116796614807,12
3291729,9.70415721451547,13
3291736,9.85536927463165,7
3291746,9.839104705463084,10
3291752,9.88548220716742,6
3291753,10.0,1
3291771,9.583663038438704,18
3291772,9.988328204792857,1
3291783,9.349483663839866,11
3291801,9.591706507946242,18
3291812,9.802451935261539,11
3291825,9.69378227313507,13
3291827,9.97656083868137,2
3291838,9.750124327491394,11
3291843,9.914774608959956,5
3291854,9.76360359680283,11
3291862,9.85776554880257,8
3291870,9.842496154935313,8
3291872,9.98438495278973,2
3291874,9.973323327768535,2
3291887,9.729653035712285,13
3291904,9.645598755446224,17
3291921,9.60871523986441,17
3291929,9.83183304584939,8
3291930,10.0,1
3291940,9.800024539297553,10
3291948,9.854969305269147,8
3291957,9.816632043200425,9
3291968,9.74571908477716,11
3291977,9.820970965387849,9
3291986,9.814978686748209,9
3292002,9.658909024830235,16
3292003,10.0,1
3292009,9.882547320174128,6
3292022,9.73480634056185,13
3292023,10.0,1
3292029,9.905558220091937,6
3292055,9.461404266351625,26
3292064,9.824005914966834,9
3292073,9.831771135037032,9
3292082,9.837289639067498,9
3292087,9.931296432342924,5
3292090,9.96144687690683,3
3292097,9.87042804971113,7
3292104,9.848777419580399,7
3292105,10.0,1
3292118,9.77375871920254,13
3292132,9.709010205187006,14
3292138,9.888323254275358,6
3292147,9.825963233501499,9
3292155,9.809734897444896,8
3292168,9.750742417780618,13
3292176,9.861382367371851,8
3292189,9.714101873302932,13
3292204,9.555525394887235,15
3292213,9.824412535737425,9
3292220,9.866412770388932,7
3292222,9.97728494297663,2
3292224,9.982599072635,2
3292234,9.781822649797624,10
3292734,-15.934414896550987,500
3292744,9.813590977921598,10
3292750,9.88875312182903,6
3293250,-74.03907793475224,500
3293335,8.083860756205768,85
3293835,-14.582085585214251,500
3294335,-33.33570999993277,500
3294835,-103.76584605515312,500
3295335,-48.892036990226266,500
3295343,9.853911336552262,8
3295355,9.726603546935586,12
3295363,9.836693449679805,8
3295374,9.743659145985779,11
3295375,10.0,1
3295376,10.0,1
3295385,9.816502799828864,9
3295393,9.842760663683224,8
3295403,9.807556772809058,10
3295404,10.0,1
3295410,9.908656115674503,6
3295421,9.777675616252026,11
3295436,9.695006978888374,15
3295450,9.701263636975575,14
3295464,9.700538315373365,14
3295477,9.744833469932363,13
3295489,9.754653964364765,12
3295497,9.86103960848151,8
3295504,9.86274296614939,7
3295517,9.732587959293364,13
3295523,9.920000518603992,6
3295527,9.93073767666269,4
3295541,9.67638859392014,14
3295551,9.806194482641395,10
3295552,10.0,1
3295556,9.94533029397904,4
3295566,9.80331979769095,10
3295581,9.709234997505455,15
3295597,9.636391595756688,16
3295610,9.726670540999955,13
3295612,9.976018931661546,2
3295613,10.0,1
3295629,9.433784734119588,16
3295632,9.955029988429374,3
3295641,9.814053088292841,9
3295655,9.451302559828578,14
3295660,9.938937241105515,5
3295675,9.708921833390658,15
3295681,9.88151518803644,6
3295687,9.892421592222139,6
3295695,9.657832156717364,8
3295708,9.710082744101433,13
3295718,9.769653127231757,10
3295732,9.67499018926305,14
3295737,9.90444258113758,5
3295749,9.76608535085167,12
3295757,9.861028716797675,8
3295768,9.769117937325767,11
3295779,9.764570673354157,11
3295789,9.775175305273386,10
3295794,9.914867243151846,5
3295801,9.898961302743304,7
3295812,9.780060630492974,11
3295823,9.775953161945035,11
3295831,9.83111235413883,8
3295839,9.830353662501523,8
3295852,9.737846097781743,13
3295860,9.845523940587022,8
3295867,9.885965783270201,7
3295877,9.186762375730606,10
3295888,9.693982376468051,11
3295907,9.5768361885215,19
3295917,9.828649559786744,10
3295921,9.942482919927754,4
3295935,9.634829781408744,14
3295943,9.847897160045433,8
3295961,9.606672897778209,18
3295970,9.82216298246668,9
3295972,9.981114164132071,2
3295975,9.966080648419297,3
3295976,10.0,1
3295986,9.768222216327185,10
3296000,9.717031243629725,14
3296013,9.712367023604445,13
3296019,9.90410094842403,6
3296031,9.723559197317483,12
3296035,9.959138357955908,4
3296036,10.0,1
3296037,9.996359270241824,1
3296046,9.806127413286225,9
3296053,9.869675156115536,7
3296059,9.887872518085171,6
3296067,9.857108894131567,8
3296079,9.76581531522252,12
3296088,9.80710207300392,9
3296108,9.522851721342654,20
3296110,9.971787248479774,2
3296112,9.978027419760906,2
3296130,9.390583194394813,18
3296142,9.522416125839127,12
3296157,9.656242860837683,15
3296162,9.91549211155287,5
3296168,9.909982062001646,6
3296169,9.996499534036175,1
3296178,9.83770700610468,9
3296184,9.885384750635788,6
3296191,9.88070775552806,7
3296203,9.748318099681853,12
3296208,9.912742717085997,5
3296219,9.751445486391344,11
3296228,9.803184737826092,9
3296244,9.621216866761626,16
3296247,9.952583024386477,3
3296254,9.865991347887007,7
3296258,9.947181972966348,4
3296266,9.876862723528648,8
3296269,9.965346695541587,3
3296283,9.671896975035299,14
3296288,9.922086358357134,5
3296297,9.816671768155475,9
3296302,9.911151583360862,5
3296303,10.0,1
3296315,9.7538007547498,12
3296322,9.854029961357842,7
3296328,9.883509997496121,6
3296334,9.893827396066488,6
3296342,9.834914547890913,8
3296354,9.701327625735965,12
3296364,9.775601402586773,10
3296374,9.805981934201938,10
3296384,9.593060335454517,10
3296388,9.94148532720187,4
3296389,10.0,1
3296405,9.693989663040204,16
3296416,9.771118305305764,11
3296431,9.63279411049089,15
3296434,9.968063711900164,3
3296439,9.92108993868597,5
3296452,9.600717091520623,13
3296460,9.864858280670607,8
3296471,9.780927901244135,11
3296474,9.96393380791,3
3296482,9.839832000828684,8
3296490,9.839504270935947,8
3296502,9.751133769225222,12
3296505,9.95814923801017,3
3296507,9.972810848044185,2
3296516,9.821375911913742,9
3296517,10.0,1
3296520,9.965232901285184,3
3296534,9.694223354926756,14
3296546,9.726029627041214,12
3296554,9.840655311055782,8
3296561,9.876393300170571,7
3296569,9.823562820067364,8
3296583,9.672484642230545,14
3296584,10.0,1
3296589,9.914058612605135,5
3296598,9.83290113933815,9
3296603,9.916770614470973,5
3296621,9.576260257953223,18
3296630,9.817237283480601,9
3296636,9.888711764941942,6
3296650,9.729724781136753,14
3296659,9.823898362964226,9
3296668,9.843561469182262,9
3296669,10.0,1
3296674,9.907774415034782,5
3296681,9.875083471298295,7
3296689,9.642563206351658,8
3296696,9.88275924278244,7
3296706,9.792076840483452,10
3296719,9.713702114421816,13
3296734,9.714098067262118,15
3296756,9.353402275562596,22
3296765,9.829369563390504,9
3296774,9.816270128806142,9
3296784,9.779473662037326,10
3296793,9.84283708120777,9
3296796,9.966647023987765,3
3296802,9.869749059412598,6
3296803,9.992275514671983,1
3296809,9.883698739392711,6
3296818,9.845450552586472,9
3296821,9.9489172711126,3
3296834,9.726996060909949,13
3296844,9.79134024797725,10
3296847,9.965851018288518,3
3296848,10.0,1
3296857,9.840225724459223,9
3296873,9.711098367850198,16
3296874,10.0,1
3296879,9.924565636626646,5
3296890,9.7813128847945,11
3296894,9.945455770095545,4
3296903,9.829716159877208,9
3296914,9.770200355049877,11
3296915,10.0,1
3296922,9.850760280585218,7
3296923,10.0,1
3296932,9.834184064182569,9
3296947,9.659095820295102,15
3296956,9.83071419976193,9
3296965,9.842953525829428,9
3296977,9.746313510157673,12
3296978,10.0,1
3296979,10.0,1
3296991,9.737667891902987,12
3296998,9.892473351825853,7
3297010,9.749545263442322,12
3297017,9.874764963950605,7
3297025,9.839876053858678,8
3297033,9.828870673485454,8
3297034,10.0,1
3297040,9.887541327834876,6
3297045,9.908130256160009,5
3297053,9.83776319372964,8
3297063,9.794329722130316,10
3297065,9.97602780958398,2
3297076,9.661625247820387,11
3297078,9.98174526550225,2
3297087,9.805405302576014,9
3297088,10.0,1
3297103,9.67731489570643,15
3297112,9.793597691003505,9
3297120,9.825779775288627,8
3297133,9.72757043455743,13
3297134,10.0,1
3297147,9.781851705255752,13
3297153,9.91795065743514,6
3297162,9.642402848216364,9
3297171,9.52753242660969,9
3297180,9.809573197957599,9
3297181,10.0,1
3297188,9.854656472336858,7
3297202,9.670410629420982,14
3297215,9.72420452739145,13
3297216,9.992461741763245,1
3297222,9.889108908345014,6
3297226,9.91862078434258,4
3297229,9.956471749354792,3
3297239,9.802300711393315,10
3297240,10.0,1
3297244,9.934133332169857,4
3297259,9.662757115005222,15
3297265,9.899784178914297,6
3297268,9.968344429514133,3
3297275,9.880485612266515,7
3297287,9.735751761399298,12
3297294,9.849609504482455,7
3297298,9.932585040517509,4
3297310,9.710270001111583,12
3297314,9.944366063336634,4
3297323,9.807043397884753,9
3297333,9.769458306717542,10
3297346,9.720544985715394,13
3297359,9.719875556910875,13
3297373,9.690348610319184,14
3297378,9.911939824713734,5
3297380,9.986076580969904,2
3297388,9.853329522923387,8
3297395,9.860726681209833,7
3297398,9.953122266958616,3
3297399,10.0,1
3297407,9.83182866001598,8
3297420,9.676277470128067,13
3297432,9.7537407445753,12
3297434,9.973575153574789,2
3297438,9.93692157473956,4
3297440,9.978282229855939,2
3297448,9.850205972936163,8
3297454,9.90026843307677,6
3297458,9.941937571874618,4
3297471,9.72305879558931,13
3297484,9.704852514216121,13
3297488,9.952706118698474,4
3297499,9.765175168666813,11
3297500,10.0,1
3297512,9.7346132321981,12
3297524,9.760546971730756,12
3297531,9.860097312705204,7
3297543,9.729753273934334,12
3297548,9.919661036664868,5
3297558,9.788441760284094,10
3297566,9.835103021724933,8
3297574,9.810849114677579,8
3297577,9.861448541323103,3
3297589,9.755258099868819,12
3297592,9.964200479880217,3
3297598,9.906271056374365,6
3297609,9.771612553226033,11
3297618,9.804270651364568,9
3297626,9.844089224916857,8
3297627,10.0,1
3297642,9.682345693161416,15
3297650,9.864737544060201,8
3297657,9.86766782656923,7
3297660,9.94836469177555,3
3297673,9.727617421954887,13
3297683,9.74897237443152,10
3297691,9.861968915074067,8
3297704,9.713354314641098,13
3297710,9.876269197052741,6
3297720,9.781998340017935,10
3297734,9.679184089393658,14
3297743,9.798840539472314,9
3297746,9.960416652367018,3
3297750,9.930113509974316,4
3297756,9.895188006655143,6
3297759,9.963526781969096,3
3297764,9.906912013355683,5
3297768,9.941590741178194,4
3297771,9.955143959866216,3
3297786,9.617140137279304,15
3297807,9.501703437999069,21
3297824,9.615605354158532,17
3297831,9.866024456725677,7
3297832,10.0,1
3297833,9.996310579362424,1
3297839,9.884942495342726,6
3297844,9.903998606913994,5
3297860,9.616218076829165,16
3297874,9.696823883713849,14
3297887,9.768795938283617,13
3297898,9.803739283859448,11
3297909,9.773092633735663,11
3297912,9.952532820926987,3
3297916,9.940012670370079,4
3297932,9.601708917001341,16
3297941,9.814556567826967,9
3297942,10.0,1
3297949,9.872910550156794,7
3297961,9.753857774782242,12
3297969,9.838932105315143,8
3297979,9.791732251552766,10
3297990,9.756794089595859,11
3298003,9.721324216385582,13
3298018,9.56032938787698,15
3298020,9.971741891762258,2
3298021,10.0,1
3298034,9.699813992880545,13
3298038,9.94723862874185,4
3298047,9.822830003580867,9
3298050,9.960901202143576,3
3298051,10.0,1
3298058,9.874166134107869,7
3298064,9.904102489436498,6
3298074,9.816540461023566,10
3298080,9.88253112261463,6
3298091,9.774826546122329,11
3298093,9.977295047385464,2
3298104,9.747053543620508,11
3298107,9.954390167845672,3
3298113,9.902274705272967,6
3298123,9.810360715248462,10
3298132,9.818475557891087,9
3298133,10.0,1
3298145,9.738500840627124,12
3298150,9.91549347655077,5
3298161,9.828776077414373,11
3298169,9.867797042685718,8
3298172,9.960761410271706,3
3298185,9.717659624727402,13
3298203,9.585457204458951,18
3298207,9.938055246496187,4
3298214,9.886382459629445,7
3298215,10.0,1
3298238,9.513516678503844,23
3298250,9.743257556465307,12
3298259,9.824566642390975,9
3298263,9.940613391117653,4
3298273,9.786189615917827,10
3298286,9.692292202853888,13
3298295,9.824352995719774,9
3298304,9.8168503415391,9
3298310,9.891271863404512,6
3298322,9.74790170462846,12
3298330,9.826142253372971,8
3298333,9.96073548492657,3
3298343,9.787383403285341,10
3298349,9.910534900282679,6
3298359,9.780413473801216,10
3298370,9.741539276662365,11
3298385,9.679498114349993,15
3298392,9.859153669374246,7
3298397,9.919170307738778,5
3298412,9.68900213784715,15
3298420,9.84329072726437,8
3298425,9.933695266815416,5
3298436,9.749025631983585,11
3298447,9.777822396096406,11
3298459,9.726147294519558,12
3298477,9.666661195282558,18
3298493,9.641324701034353,16
3298508,9.680789054465253,15
3298513,9.914335027157607,5
3298524,9.765546188973145,11
3298535,9.763593460812215,11
3298536,10.0,1
3298541,9.918995055070765,5
3298554,9.70525573143639,13
3298563,9.806570394150366,9
3298578,9.657971760737432,15
3298584,9.896213710113265,6
3298589,9.914855549093426,5
3298602,9.728118326532936,13
3298603,10.0,1
3298610,9.874748056524082,7
3298611,10.0,1
3298614,9.956983175892843,3
3298627,9.505647300353063,13
3298635,9.840304857039827,8
3298639,9.929296058862171,4
3298651,9.728433796525454,12
3298652,10.0,1
3298654,9.974185242967739,2
3298662,9.866508231347442,8
3298671,9.82218949149289,9
3298677,9.87914672394461,6
3298684,9.860215456638548,7
3298694,9.79254717896595,10
3298707,9.766876427520371,13
3298718,9.78553583627166,11
3298723,9.823644969610497,5
3298733,9.814801881607362,10
3298742,9.821238873154634,9
3298743,10.0,1
3298758,9.664155466539638,15
3298772,9.712504612771294,14
3298773,10.0,1
3298780,9.881309468624746,7
3298786,9.89019824315136,6
3298801,9.660834852022292,15
3298803,9.985383108495997,2
3298812,9.817209124199161,9
3298817,9.911556798437068,5
3298827,9.78850984869447,10
3298830,9.950706668048268,3
3298832,9.978316090821444,2
3298837,9.919590066999689,5
3298852,9.653905746325686,15
3298856,9.931490054889416,4
3298875,9.595634844404987,19
3298878,9.948074337921504,3
3298884,9.888881171314942,6
3298886,9.97322600333569,2
3298895,9.796625578988932,9
3298906,9.786064731612695,11
3298907,9.988850085578845,1
3298920,9.707638611148289,13
3298937,9.60875289488466,17
3298938,10.0,1
3298939,10.0,1
3298940,10.0,1
3298943,9.948609643566638,3
3298954,9.76992261283954,11
3298955,10.0,1
3298961,9.908325760773545,6
3298965,9.928217154946523,4
3298966,10.0,1
3298980,9.715518709267416,14
3298988,9.836492459875007,8
3298998,9.78192803650316,10
3298999,9.992296074249685,1
3299012,9.73251482322252,13
3299026,9.67997139827526,14
3299036,9.821700927087727,10
3299037,10.0,1
3299045,9.832876708921859,8
3299051,9.901998722858886,6
3299060,9.81904263736531,9
3299087,9.54410629099315,27
3299088,9.988622431309372,1
3299090,9.985483644629266,2
3299101,9.749886549239807,11
3299111,9.791172016817548,10
3299117,9.897313699293157,6
3299129,9.717962565440006,12
3299134,9.910727177407232,5
3299150,9.63953838617328,16
3299159,9.811590342149811,9
3299166,9.875182720266816,7
3299170,9.946338517384547,4
3299182,9.787250510180455,12
3299188,9.88709240241233,6
3299189,10.0,1
3299200,9.769168929461992,11
3299208,9.845631538120609,8
3299219,9.771250907803493,11
3299226,9.872760990604336,7
3299234,9.826644718917079,8
3299245,9.761146069080196,11
3299253,9.838698387570856,8
3299258,9.91133089711562,5
3299261,9.958629534907049,3
3299280,9.509515109771993,19
3299283,9.947717375013639,3
3299292,9.825980828625134,9
3299303,9.763150216314882,11
3299304,10.0,1
3299314,9.792366277700173,10
3299325,9.798269229432874,11
3299339,9.672870587574545,14
3299348,9.838917831646723,9
3299358,9.770959029856298,10
3299366,9.828414485189931,8
3299367,10.0,1
3299379,9.734422555585143,12
3299384,9.916039100822061,5
3299391,9.860413056131282,7
3299392,10.0,1
3299398,9.700200955980684,6
3299406,9.819219768496112,8
3299410,9.939718565070592,4
3299411,10.0,1
3299424,9.737341613284835,13
3299430,9.880739650784214,6
3299433,9.963845616141105,3
3299448,9.45346788418544,15
3299457,9.82826881112534,9
3299462,9.91875990766876,5
3299471,9.78091664204873,9
3299474,9.957144903467865,3
3299480,9.902332611835046,6
3299489,9.815321194745584,9
3299496,9.863075118880488,7
3299504,9.88149477462535,8
3299515,9.786962148403328,11
3299525,9.80394748790487,10
3299553,9.485452272088763,28
3299564,9.776739685260818,11
3299574,9.77313077278936,10
3299587,9.73665092252441,13
3299602,9.663855806975882,15
3299606,9.938872073269655,4
3299614,9.8614489674086,8
3299623,9.80972821865657,9
3299636,9.713422321887439,13
3299649,9.734664032448269,13
3299663,9.721996505744332,14
3299674,9.8163797584967,11
3299681,9.874185562346236,7
3299688,9.876113029280521,7
3299689,9.989168194238747,1
3299697,9.847932122653765,8
3299733,9.108947553727361,36
3299739,9.885503320356468,6
3299746,9.885559416849897,7
3299753,9.867615549752298,7
3299754,10.0,1
3299765,9.767324074814379,11
3299773,9.856726759733707,8
3299783,9.791936931843221,10
3299791,9.83583400129217,8
3299803,9.726703515487678,12
3299813,9.586017641913553,10
3299828,9.704304519688112,15
3299836,9.838817501406622,8
3299842,9.899323594154136,6
3299848,9.888563173537088,6
3299860,9.767853500882145,12
3299867,9.848188350335022,7
3299881,9.687514061127702,14
3299882,10.0,1
3299883,10.0,1
3299884,10.0,1
3299887,9.953767144055451,3
3299892,9.913999117269972,5
3299893,10.0,1
3299901,9.82465957833653,8
3299904,9.96021925988364,3
3299910,9.895160666996498,6
3299922,9.74707504476759,12
3299933,9.756898343922417,11
3299943,9.806624310417343,10
3299955,9.763922668115852,12
3299962,9.895988659124242,7
3299970,9.826358511244317,8
3299972,9.976418570142297,2
3299983,9.737381790253929,11
3299998,9.658177853961677,15
3300010,9.726496223597122,12
3300023,9.725893595529529,13
3300029,9.87669613893323,6
3300030,9.988364099776858,1
3300031,10.0,1
3300032,10.0,1
3300041,9.81763577857382,9
3300049,9.862981101288606,8
3300050,10.0,1
3300055,9.315207605287606,5
3300061,9.890384454066337,6
3300068,9.899962872092635,7
3300079,9.760693654533718,11
3300090,9.74677662484424,11
3300099,9.860861840973469,9
3300106,9.880507421858633,7
3300110,9.92657085893162,4
3300119,9.810231584131026,9
3300126,9.857008798986996,7
3300136,9.701311881406168,10
3300148,9.757871553435047,12
3300154,9.891238007513461,6
3300175,7.448746132843965,21
3300189,9.689822518328313,14
3300204,9.662280901970323,15
3300212,9.728481053328084,8
3300213,10.0,1
3300223,9.815998028569973,10
3300235,9.749466021032827,12
3300237,9.980299018440618,2
3300247,9.787602289718343,10
3300255,9.85359975657936,8
3300266,9.756284430701877,11
3300285,9.575888055889925,19
3300294,9.706626555076026,9
3300306,9.751922767515563,12
3300309,9.952475229612538,3
3300320,9.740645601040676,11
3300332,9.721587099428504,12
3300338,9.876645400363198,6
3300341,9.959899714808188,3
3300351,9.761056278233058,10
3300358,9.858347339932319,7
3300363,9.918058141740573,5
3300371,9.833700481583216,8
3300374,9.958064287280813,3
3300385,9.665329719279342,11
3300391,9.901218085071777,6
3300397,9.903696977297711,6
3300404,9.877747556818598,7
3300405,10.0,1
3300411,9.894626396193985,6
3300421,9.793199413191411,10
3300430,9.815286530186697,9
3300441,9.749450913314174,11
3300447,9.88941408001198,6
3300456,9.788650380056843,9
3300461,9.907850094715682,5
3300467,9.882736680021385,6
3300477,9.792298078396234,10
3300482,9.924378817661845,5
3300486,9.93163643871807,4
3300491,9.911482022236838,5
3300496,9.903213809011632,5
3300497,10.0,1
3300503,9.697773117882493,6
3300519,9.644252221158657,16
3300523,9.939016858196867,4
3300524,9.992883571632133,1
3300531,9.878624849493173,7
3300532,10.0,1
3300545,9.743475987343842,13
3300546,10.0,1
3300550,9.94387954128713,4
3300554,9.931584296944628,4
3300566,9.721359842055275,12
3300569,9.960938263690323,3
3300573,9.928428742608645,4
3300579,9.89397928758334,6
3300580,10.0,1
3300602,9.560873824845748,22
3300607,9.913408583210535,5
3300611,9.930177509195325,4
3300615,9.944813457501017,4
3300618,9.946533171236938,3
3300619,10.0,1
3300620,10.0,1
3300627,9.867688653954477,7
3300630,9.969910456524252,3
3300639,9.860022338441631,9
3300640,10.0,1
3300652,9.559426846971284,12
3300659,9.868111753646835,7
3300676,9.58797843131081,17
3300677,10.0,1
3300693,9.65171101649366,16
3300700,9.853542108467526,7
3300710,9.78872595150294,10
3300712,9.783383371049224,2
3300716,9.936893170187826,4
3300717,10.0,1
3300724,9.863683417924772,7
3300727,9.960139128434113,3
3300728,10.0,1
3300730,9.97645639785507,2
3300742,9.7787414090693,12
3300748,9.876088522726306,6
3300761,9.738824413927276,13
3300762,10.0,1
3300773,9.759566125927911,11
3300790,9.636765152950273,17
3300803,9.715470405118225,13
3300815,9.785598705504434,12
3300818,9.962767369189853,3
3300828,9.803704694401132,10
3300838,9.754275149398813,10
3300846,9.633144534256981,8
3300847,10.0,1
3300853,9.901508307256767,6
3300861,9.842250349455846,8
3300870,9.808245100228168,9
3300880,9.80440689797927,10
3300888,9.836574718518518,8
3300889,10.0,1
3300898,9.816090957159108,9
3300909,9.752330398146723,11
3300924,9.664808236120471,15
3300935,9.749858323908438,11
3300942,9.867553281311647,7
3300952,9.78360549758716,10
3300965,9.71121265938029,13
3300972,9.857521899296001,7
3300978,9.9031924414772,6
3300982,9.939497956389081,4
3300983,10.0,1
3300988,9.924009967332921,5
3300995,9.864050212862063,7
3300996,10.0,1
3301004,9.843931627277284,8
3301012,9.855078626785817,8
3301021,9.86853548270958,9
3301027,9.90682503189253,6
3301034,9.85218362087755,7
3301040,9.888358344956819,6
3301041,10.0,1
3301044,9.96543975489729,3
3301057,9.69930089358126,13
3301058,10.0,1
3301059,10.0,1
3301069,9.827412811576288,10
3301081,9.786731903957257,12
3301089,9.822448364886105,8
3301091,9.9725815201248,2
3301097,9.887359601936392,6
3301111,9.706954072472032,14
3301114,9.948462765160887,3
3301122,9.835175394965137,8
3301125,9.95547108938602,3
3301132,9.869297165500246,7
3301142,9.786862627508144,10
3301144,9.975980507219065,2
3301147,9.94928410470483,3
3301153,9.909884488371626,6
3301165,9.738278933577744,12
3301187,9.50543530314921,22
3301197,9.787325928038253,10
3301207,9.783353546143013,10
3301218,9.775824345669811,11
3301222,9.953954263244917,4
3301230,9.841772634908747,8
3301235,9.81706903696646,5
3301244,9.81947888353939,9
3301246,9.985115616763437,2
3301253,9.849093925371445,7
3301259,9.915214457292146,6
3301272,9.73509708209299,13
3301277,9.90704688838325,5
3301278,10.0,1
3301293,9.648991880810557,15
3301300,9.868586027159802,7
3301301,10.0,1
3301302,10.0,1
3301312,9.78431817401225,10
3301317,9.911874274557642,5
3301318,10.0,1
3301330,9.782341919431671,12
3301335,9.921624588930696,5
3301342,9.899837352391618,7
3301357,9.713435338022482,15
3301361,9.937382319773427,4
3301380,9.534456855263858,19
3301396,9.587166833449182,16
3301411,9.669030940117088,15
3301420,9.810754529812414,9
3301421,10.0,1
3301427,9.88320018403809,6
3301438,9.779975179445142,11
3301444,9.890272863948491,6
3301453,9.815433831895131,9
3301459,9.880718763909886,6
3301471,9.743440171170258,12
3301485,9.495854344031814,14
3301494,9.847164845472387,9
3301497,9.955339775124985,3
3301502,9.918504799339482,5
3301505,9.956932415286392,3
3301506,10.0,1
3301520,9.698574962592847,14
3301525,9.904695239613027,5
3301536,9.765365386863238,11
3301537,10.0,1
3301550,9.719476964328075,13
3301554,9.92691271182905,4
3301555,10.0,1
3301565,9.82663778658948,10
3301570,9.90116693813967,5
3301577,9.862332814337647,7
3301580,9.961999658397438,3
3301581,10.0,1
3301588,9.874618203779916,7
3301593,9.913595149128925,5
3301601,9.860756664690987,8
3301602,9.996083227936824,1
3301607,9.910919670926068,5
3301609,9.976312431579974,2
3301617,9.848647885206253,8
3301623,9.90004789639766,6
3301640,9.579615690285257,17
3301654,9.677349114563935,14
3301658,9.942921829893498,4
3301664,9.897814202095152,6
3301682,9.579076406861896,18
3301694,9.710112522829242,12
3301708,9.689914413530332,14
3301722,9.680342353085418,14
3301727,9.910301640642565,5
3301738,9.757664916751477,11
3301741,9.967072359350594,3
3301742,10.0,1
3301750,9.832483178352179,8
3301759,9.836641247012718,9
3301762,9.953669028122341,3
3301763,10.0,1
3301766,9.963225331249346,3
3301773,9.852494462579651,7
3301785,9.757790817024881,12
3301793,9.863113403744283,8
3301798,9.919554002617417,5
3301804,9.884627429595398,6
3301806,9.985508801839725,2
3301818,9.754427188931354,12
3301835,9.611844582327938,17
3301841,9.8837337368497,6
3301853,9.78508984608183,12
3301855,9.98482673190016,2
3301860,9.923417210570113,5
3301867,9.874776694943309,7
3301875,9.849470652227238,8
3301883,9.817651051690236,8
3301891,9.831794191431745,8
3301901,9.830505716011897,10
3301914,9.691321066404216,13
3301915,9.996908314834776,1
3301923,9.87351798054136,8
3301937,9.69698490393075,14
3301941,9.929894547482876,4
3301945,9.930124199253838,4
3301957,9.724934139573008,12
3301958,10.0,1
3301965,9.840299069269289,7
3301975,9.791389713384213,10
3301981,9.897196901137487,6
3301992,9.762556443075159,11
3302002,9.801659773385751,10
3302008,9.871945289240877,6
3302016,9.851525991281825,8
3302020,9.943830530647213,4
3302023,9.949084180311504,3
3302034,9.762255023466041,11
3302039,9.927354149958251,5
3302052,9.720570947795236,13
3302066,9.699126234984007,14
3302078,9.74494965161507,12
3302085,9.860279268404874,7
3302089,9.941185665191401,4
3302097,9.840237813835842,8
3302104,9.873737555509774,7
3302115,9.775770936996143,11
3302125,9.777288015795245,10
3302134,9.814626765353118,9
3302141,9.875640659354872,7
3302151,9.779267570987273,10
3302161,9.776436575503125,10
3302163,9.975516228579059,2
3302164,10.0,1
3302181,9.636293134545225,17
3302182,10.0,1
3302189,9.863909121083958,7
3302190,9.99637825617299,1
3302199,9.616219746108177,9
3302202,9.96305886334556,3
3302213,9.75956358511159,11
3302214,10.0,1
3302221,9.865890056402597,7
3302230,9.853816432427008,9
3302241,9.793367645841826,11
3302242,10.0,1
3302245,9.956594889584528,3
3302260,9.647819250735084,15
3302265,9.918451180870546,5
3302283,9.532666988658534,18
3302289,9.914413100651835,6
3302301,9.746575180933903,12
3302304,9.963363930327606,3
3302317,9.779151340918487,13
3302327,9.79423937938263,10
3302338,9.78855786708428,11
3302352,9.667434252333361,14
3302367,9.68107288940167,15
3302375,9.827757400047629,8
3302382,9.865214962236715,7
3302393,9.78664591521707,11
3302401,9.825878321718031,8
3302402,10.0,1
3302410,9.856074898330705,8
3302420,9.790599010622337,10
3302432,9.764115440219843,12
3302442,9.782871962339094,10
3302451,9.810631786070635,9
3302466,9.657048688084437,15
3302471,9.917821588650504,5
3302475,9.946586511138241,4
3302485,9.794412116628656,10
3302497,9.751821440319029,12
3302508,9.735489220295806,11
3302520,9.748432204144628,12
3302524,9.934139303651229,4
3302536,9.743881298039547,12
3302537,10.0,1
3302541,9.937179726477652,4
3302542,10.0,1
3302549,9.88293060143336,7
3302552,9.955746495612722,3
3302555,9.95281829504857,3
3302559,9.932175724773987,4
3302560,10.0,1
3302565,9.928845962188124,5
3302575,9.778124647526774,10
3302583,9.847899525301823,8
3302597,9.6765160467085,14
3302601,9.94194430644327,4
3302603,9.979063020350045,2
3302610,9.849098273954288,7
3302621,9.760333815939898,11
3302626,9.910905566520881,5
3302631,9.916991100385895,5
3302640,9.820041420750739,9
3302644,9.943084909669528,4
3302652,9.844726251464971,8
3302667,9.648491555847391,15
3302687,9.604001818951534,20
3302693,9.90271395707493,6
3302698,9.902301474663068,5
3302706,9.868504759537863,8
3302709,9.954118083062896,3
3302721,9.726207700817973,12
3302735,9.712246287925481,14
3302740,9.916245985606125,5
3302751,9.795310226514589,11
3302759,9.861272491550807,8
3302761,9.975610874235398,2
3302771,9.803365144462733,10
3302775,9.951659746666481,4
3302784,9.82657898819561,9
3302790,9.923963089935244,6
3302807,9.6310037099396,17
3302813,9.67680351541287,6
3302817,9.94809883970538,4
3302828,9.75693301346995,11
3302839,9.769293885439636,11
3302847,9.859400282902083,8
3302854,9.853430428040099,7
3302855,10.0,1
3302863,9.845313470664857,8
3302873,9.830827852898674,10
3302880,9.882709041929335,7
3302888,9.858959312392782,8
3302898,9.791497762937896,10
3302907,9.837657488926293,9
3302914,9.858371024477085,7
3302924,9.808538342172044,10
3302938,9.737185671069332,14
3302948,9.811198025338955,10
3302961,9.731661800159356,13
3302974,9.71460332604663,13
3302982,9.655552330826085,8
3302986,9.936411325271575,4
3302990,9.932904708971305,4
3302995,9.917949380437301,5
3303003,9.846018326294715,8
3303013,9.803942024624625,10
3303018,9.920388131003167,5
3303025,9.859498567814772,7
3303030,9.918147113972948,5
3303043,9.701292909084126,13
3303047,9.934263403049037,4
3303048,10.0,1
3303049,9.996375679406256,1
3303054,9.915861989596834,5
3303055,10.0,1
3303060,9.91569567965827,5
3303071,9.774869201126528,11
3303083,9.720085586548008,12
3303090,9.860981921165447,7
3303096,9.911415512850095,6
3303107,9.801138255705592,11
3303112,9.929727066673905,5
3303120,9.839714755290274,8
3303121,10.0,1
3303128,9.862709424352328,7
3303140,9.799035144395592,12
3303146,9.883725121844192,6
3303168,9.541049483897487,22
3303182,9.73381888436917,14
3303192,9.800146318566979,10
3303203,9.769306409038919,11
3303206,9.947780109798463,3
3303218,9.770411280245899,12
3303219,10.0,1
3303225,9.893565472012796,6
3303228,9.964896219513477,3
3303248,9.496355363548597,20
3303256,9.849416618935313,8
3303268,9.761804344858904,12
3303277,9.815290334778654,9
3303282,9.71520340484826,5
3303286,9.947193113647739,4
3303289,9.969915745554356,3
3303305,9.617835572675764,16
3303316,9.760039894217838,11
3303322,9.891797989856332,6
3303323,10.0,1
3303333,9.804960573617267,10
3303334,10.0,1
3303335,9.991924084623959,1
3303347,9.72801964364982,12
3303351,9.942874218629258,4
3303354,9.957374542440334,3
3303373,9.544832864298812,19
3303376,9.960547537405306,3
3303383,9.873264529565144,7
3303391,9.844537062891174,8
3303404,9.687983785838775,13
3303412,9.865466525976085,8
3303414,9.97896845526484,2
3303424,9.77547357032421,10
3303435,9.767996618167695,11
3303452,9.618819497831414,17
3303464,9.616828007313366,12
3303473,9.641738823809813,9
3303483,9.787293305232954,10
3303488,9.91043392335928,5
3303504,9.542748420903184,16
3303513,9.808013034735877,9
3303527,9.69278089918379,14
3303533,9.899760895668068,6
3303544,9.733209646489126,11
3303547,9.961065528476194,3
3303557,9.82393893026788,10
3303564,9.85562830599436,7
3303568,9.95510905614349,4
3303574,9.898705908288683,6
3303588,9.457963456790377,14
3303594,9.91360994304662,6
3303601,9.868839423983527,7
3303612,9.77296832870472,11
3303625,9.715409702743793,13
3303635,9.811577717192279,10
3303648,9.721213339649774,13
3303659,9.771506151964283,11
3303671,9.757710053131188,12
3303673,9.977602828518256,2
3303685,9.72948789160276,12
3303691,9.88960831398184,6
3303699,9.873405087929537,8
3303707,9.836700319156728,8
3303713,9.901170036455877,6
3303714,10.0,1
3303723,9.823554086940725,9
3303725,9.973168015572467,2
3303732,9.869206859375744,7
3303740,9.846923608359253,8
3303750,9.791747716645213,10
3303763,9.727005196424459,13
3303768,9.92699589887435,5
3303779,9.755735741338816,11
3303793,9.69744506263935,14
3303806,9.731051995821533,13
3303807,10.0,1
3303814,9.850764651183404,7
3303821,9.845217395476176,7
3303831,9.787656210817602,10
3303844,9.699455031526693,13
3303845,10.0,1
3303854,9.801680874555483,9
3303862,9.831481190516131,8
3303870,9.830584617044565,8
3303873,9.94844992893688,3
3303879,9.885627952020213,6
3303891,9.723267339709018,12
3303894,9.952246159385219,3
3303908,9.685575884059245,14
3303909,10.0,1
3303910,10.0,1
3303925,9.662660638225171,15
3303935,9.790318068079616,10
3303953,9.55622851532107,18
3303956,9.950980897581028,3
3303968,9.737792942771007,12
3303983,9.667810439744226,15
3303988,9.90851323054136,5
3304000,9.723467087334921,12
3304009,9.819227210720186,9
3304022,9.704404051683587,13
3304027,9.7027395159602,5
3304033,9.89514805948097,6
3304042,9.820195094608904,9
3304051,9.81431280438578,9
3304052,10.0,1
3304064,9.756264437765633,12
3304070,9.919575237190545,6
3304080,9.723481352090396,10
3304091,9.76871719251326,11
3304102,9.767301561199844,11
3304109,9.85992012262005,7
3304121,9.720415822222234,12
3304122,10.0,1
3304132,9.761094642539726,10
3304133,10.0,1
3304144,9.768403061002013,11
3304157,9.707528208889617,13
3304174,9.599209106824292,17
3304185,9.764091621006555,11
3304195,9.794286762596531,10
3304205,9.790400951054016,10
3304216,9.764045065834857,11
3304217,10.0,1
3304222,9.926180077572273,5
3304232,9.796766760842468,10
3304234,9.970776746396975,2
3304246,9.75410759695512,12
3304253,9.857755017491632,7
3304266,9.695929235760353,13
3304270,9.932218505311214,4
3304281,9.802979130864724,11
3304286,9.921963532597257,5
3304287,9.996836269212443,1
3304298,9.781915035039791,11
3304306,9.853408814894287,8
3304310,9.945657034244832,4
3304315,9.912563604716427,5
3304321,9.876728645557813,6
3304328,9.871426862863613,7
3304339,9.766686946906491,11
3304347,9.84402041029548,8
3304354,9.842108254396756,7
3304359,9.924924755683577,5
3304368,9.841191762575768,9
3304374,9.879880410210836,6
3304379,9.911775645905385,5
3304388,9.85455612136542,9
3304393,9.933518626240717,5
3304406,9.736359241047444,13
3304413,9.870252218921838,7
3304423,9.807379972020335,10
3304427,9.953819475101728,4
3304430,9.948456560181116,3
3304434,9.938158184249469,4
3304439,9.932194513988666,5
3304447,9.843239970366678,8
3304452,9.927378575644932,5
3304458,9.880433712162576,6
3304459,9.996249151374286,1
3304470,9.75292567795232,11
3304478,9.847213423319106,8
3304479,10.0,1
3304487,9.841056680268533,8
3304495,9.848335125029692,8
3304509,9.679592597774102,14
3304519,9.774092959746405,10
3304530,9.741711849039932,11
3304534,9.935903168473763,4
3304542,9.8472360662961,8
3304557,9.676024058334237,15
3304570,9.684890644993672,13
3304573,9.96663807283766,3
3304576,9.965605000273335,3
3304588,9.733989590810321,12
3304597,9.825317071892465,9
3304607,9.684733904773712,10
3304613,9.905082340665956,6
3304615,9.973944572710968,2
3304625,9.795652271330763,10
3304630,9.912671737798771,5
3304638,9.832774248559467,8
3304642,9.939248978422409,4
3304657,9.659963520786746,15
3304659,9.975874670788016,2
3304663,9.949229202586627,4
3304671,9.852866725444171,8
3304681,9.774030011307564,10
3304695,9.737888515486356,14
3304702,9.856290736084253,7
3304709,9.872339813943627,7
3304720,9.775780203823661,11
3304726,9.894455486821348,6
3304732,9.89898650334371,6
3304742,9.763971996027145,10
3304747,9.905193226866224,5
3304748,10.0,1
3304750,9.981644161880311,2
3304754,9.938145507856735,4
3304764,9.793309113891134,10
3304773,9.84179481146327,9
3304784,9.749628964098271,11
3304788,9.936873854915747,4
3304797,9.811716865945325,9
3304811,9.576340912681358,14
3304820,9.813393671101121,9
3304831,9.745612867899553,11
3304839,9.834485846822508,8
3304856,9.39960263006353,17
3304862,9.884349630356995,6
3304871,9.815684176445265,9
3304880,9.813876484718014,9
3304889,9.814402509130716,9
3304906,9.601936120005393,17
3304912,9.904161306077057,6
3304923,9.765811136741227,11
3304934,9.784157985135266,11
3304942,9.82196901430159,8
3304943,9.99644714475356,1
3304949,9.888249153323112,6
3304961,9.767298584937842,12
3304962,9.992990610913536,1
3304974,9.522555670241685,12
3304975,10.0,1
3304987,9.736407020992214,12
3304988,10.0,1
3304991,9.96448436405457,3
3304997,9.900179268266335,6
3305003,9.881278371192396,6
3305014,9.756358144336927,11
3305022,9.854600064573187,8
3305025,9.96320110201288,3
3305033,9.850219622158594,8
3305035,9.980018258151468,2
3305044,9.837432379509316,9
3305054,9.798637935095377,10
3305055,10.0,1
3305555,-205.98955010511926,500
3305561,9.882042365642972,6
3305576,9.690629474078841,15
3305577,10.0,1
3305582,9.912116978025095,5
3305594,9.755455049386038,12
3305595,9.992559547862927,1
3305606,9.749881622461267,11
3305610,9.936406129545041,4
3305619,9.879963380797196,9
3305627,9.861729082280123,8
3305631,9.950092848699763,4
3305638,9.894302454030468,7
3305646,9.860896222426836,8
3305652,9.89048390864859,6
3305660,9.806272885490369,8
3305678,9.364975626793882,18
3305692,9.687717292285315,14
3305705,9.764246085579973,13
3305713,9.854975283755138,8
3305720,9.890909241575248,7
3305726,9.88283565203913,6
3305727,10.0,1
3305741,9.703031708509139,14
3305750,9.814645317345569,9
3305761,9.763400098112271,11
3305772,9.755641970982001,11
3305788,9.748054025744485,16
3305797,9.841810226114205,9
3305801,9.93651712659719,4
3305802,10.0,1
3305815,9.76518910111327,13
3305823,9.838216608704908,8
3305830,9.87726556861669,7
3305846,9.621936082895745,16
3305861,9.66746914980012,15
3305868,9.878953148284568,7
3305877,9.796703947773635,9
3305889,9.740797984348442,12
3305906,9.622053059858658,17
3305907,9.992939584324644,1
3305921,9.659854927263739,14
3305926,9.905067115964219,5
3305929,9.957770426185647,3
3305930,10.0,1
3305978,-2.4887583277310608,48
3305980,9.98515696522266,2
3305991,9.75797893667117,11
3306014,9.431504632831547,23
3306023,9.845491944783236,9
3306033,9.816789630074858,10
3306034,10.0,1
3306037,9.950455339096536,3
3306041,9.938014284212617,4
3306053,9.769084674786061,12
3306058,9.933483163637227,5
3306063,9.925006167622195,5
3306079,9.643941215191562,16
3306086,9.8759711838427,7
3306100,9.665567174893589,14
3306104,9.945396420598183,4
3306109,9.913086580627697,5
3306121,9.74292538362233,12
3306130,9.839910974405639,9
3306137,9.892977341560679,7
3306138,10.0,1
3306150,9.716770339566628,12
3306154,9.926223891029311,4
3306165,9.750682752400186,11
3306176,9.74753558801184,11
3306177,10.0,1
3306189,9.743364106850116,12
3306200,9.799916926298572,11
3306212,9.72858952510843,12
3306218,9.87803830606947,6
3306224,9.888002591737713,6
3306225,10.0,1
3306231,9.931890539394717,6
3306232,9.996829417858331,1
3306236,9.93660037701593,4
3306251,9.636540620297016,15
3306258,9.86624353460345,7
3306260,9.974309939201191,2
3306273,9.71685551399257,13
3306288,9.682877286915213,15
3306291,9.948267468683788,3
3306296,9.916227588135655,5
3306314,9.596260211547742,18
3306328,9.67962442076508,14
3306337,9.818852603868343,9
3306349,9.745911911018203,12
3306350,10.0,1
3306358,9.870744513725976,8
3306362,9.940511712085929,4
3306367,9.912014864200009,5
3306375,9.836219294677084,8
3306383,9.835726499362911,8
3306395,9.763088506312478,12
3306407,9.746181104351333,12
3306415,9.833624307097619,8
3306430,9.774254035077231,15
3306436,9.89025062766936,6
3306441,9.926487633410678,5
3306454,9.729971987084062,13
3306465,9.743338407265666,11
3306472,9.863321256200132,7
3306481,9.793557994259503,9
3306493,9.740636854417517,12
3306503,9.776137792664377,10
3306515,9.747002747678497,12
3306523,9.851617276023202,8
3306538,9.646498399848378,15
3306549,9.80221592300137,11
3306557,9.86076686587659,8
3306568,9.747497426853625,11
3306571,9.954680759447124,3
3306577,9.894346323750453,6
3306578,10.0,1
3306592,9.68892523107596,14
3306608,9.669041612660239,16
3306617,9.855290023927225,9
3306626,9.817785966805689,9
3306632,9.901500178182575,6
3306645,9.72361109992098,13
3306646,10.0,1
3306653,9.874320601476859,7
3306659,9.873066836923108,6
3306666,9.874347102638138,7
3306673,9.874885418864928,7
3306681,9.870447395198031,8
3306696,9.690545176955627,15
3306709,9.69765581345732,13
3306722,9.667789141112328,13
3306742,9.505037843671179,20
3306761,9.53057352334574,19
3306765,9.947601334282588,4
3306777,9.766412333798593,12
3306782,9.939696104967727,5
3306796,9.684097130572745,14
3306800,9.953046122693445,4
3306808,9.847973578750455,8
3306818,9.802475261814513,10
3306825,9.873512581446795,7
3306839,9.71591413417949,14
3306853,9.727463647449051,14
3306869,9.656295223588915,16
3306874,9.92348285717356,5
3306875,10.0,1
3306881,9.912799494652095,6
3306889,9.655028290044047,8
3306896,9.855936036722174,7
3306907,9.75527855900029,11
3306908,10.0,1
3306924,9.641105366466656,16
3306933,9.81082555981764,9
3306941,9.839046259896316,8
3306950,9.813108802222375,9
3306951,9.991642444574257,1
3306952,10.0,1
3306959,9.876449275989911,7
3306962,9.97178786030764,3
3306967,9.92014600803523,5
3306982,9.698832265391449,15
3306988,9.897023921266369,6
3306997,9.800133710008568,9
3307001,9.936422599049955,4
3307008,9.87032290139176,7
3307016,9.865045221741472,8
3307023,9.866021840220789,7
3307033,9.77402705795344,10
3307043,9.780587117914003,10
3307049,9.88411769014309,6
3307054,9.905422733296735,5
3307069,9.663361397297649,15
3307075,9.885734948254367,6
3307089,9.657804979546608,14
3307096,9.858132870840926,7
3307102,9.887574480884258,6
3307107,9.912058749860176,5
3307119,9.750999652668934,12
3307124,9.926634746223527,5
3307132,9.856857744808307,8
3307143,9.768788821354285,11
3307149,9.894605548995957,6
3307163,9.71204511074863,14
3307173,9.80705490389478,10
3307174,10.0,1
3307180,9.907805930945987,6
3307193,9.686938466470698,13
3307198,9.93260584342187,5
3307199,10.0,1
3307202,9.948225230722302,3
3307203,10.0,1
3307214,9.735752683059404,11
3307230,9.643204146848689,16
3307232,9.985416635386228,2
3307235,9.961708586990445,3
3307251,9.606861864034666,16
3307260,9.823967181440562,9
3307274,9.71327488604783,14
3307287,9.705906552808592,13
3307292,9.917999459264216,5
3307296,9.935166013273491,4
3307300,9.942910755009647,4
3307301,9.993017936834416,1
3307309,9.829706960037912,8
3307321,9.741469984561393,12
3307322,10.0,1
3307326,9.94099562720732,4
3307330,9.942346587198426,4
3307342,9.765362208574567,12
3307347,9.922203116103512,5
3307359,9.738193334215982,12
3307368,9.830717245655824,9
3307372,9.949453770089418,4
3307387,9.667741544161123,15
3307396,9.83085305931518,9
3307413,9.624883696973757,17
3307427,9.676000940508747,14
3307434,9.85454933609872,7
3307446,9.743172810205358,12
3307451,9.924352433093025,5
3307464,9.746427928230503,13
3307471,9.851881125128179,7
3307477,9.89966838119609,6
3307486,9.814742544763094,9
3307492,9.889378307102644,6
3307503,9.770819779372188,11
3307511,9.860056952090677,8
3307542,9.360478020640183,31
3307551,9.816645247292277,9
3307553,9.986038979859813,2
3307554,10.0,1
3307567,9.571149890939772,13
3307578,9.76838426584358,11
3307589,9.751803759048409,11
3307605,9.650074622816632,16
3307615,9.7709298127695,10
3307625,9.803567128940921,10
3307640,9.682132194306224,15
3307649,9.827569703603627,9
3307658,9.828340387154899,9
3307665,9.858951912218197,7
3307672,9.873458912942985,7
3307673,10.0,1
3307684,9.752662280825072,11
3307688,9.935061823118689,4
3307693,9.924099070312334,5
3307703,9.776626577041274,10
3307714,9.772159964249736,11
3307722,9.843734439554572,8
3307727,9.91702745091677,5
3307736,9.807504859437282,9
3307745,9.82003632089588,9
3307756,9.771731971007297,11
3307757,10.0,1
3307765,9.838555794793491,8
3307775,9.804093685299723,10
3307791,9.669242470977231,16
3307800,9.81768184774053,9
3307810,9.82488137408033,10
3307819,9.832110038349203,9
3307830,9.813095848384288,11
3307843,9.736866783355772,13
3307856,9.705663274717294,13
3307872,9.632806752488277,16
3307888,9.609175196789478,16
3307890,9.977825176491487,2
3307894,9.929988149525471,4
3307900,9.882015266096573,6
3307912,9.718125041486488,12
3307913,10.0,1
3307923,9.702216252726192,10
3307943,9.599943655296258,20
3307944,10.0,1
3307953,9.813369782048136,9
3307960,9.864440666412767,7
3307962,9.980783033075205,2
3307966,9.948980153993258,4
3307983,9.585915918885616,17
3307990,9.884592168865193,7
3307998,9.835305983017184,8
3308005,9.859302493666416,7
3308013,9.816330644762175,8
3308014,10.0,1
3308022,9.853297556445023,8
3308027,9.908892058931437,5
3308037,9.79904727813752,10
3308041,9.941213892085791,4
3308052,9.765044686288125,11
3308061,9.633817198507085,9
3308072,9.807146884451232,11
3308091,9.534601231973596,19
3308104,9.721868946864678,13
3308113,9.833516010231852,9
3308122,9.831852914624635,9
3308123,9.987519742887407,1
3308126,9.965345303479921,3
3308138,9.730942296051161,12
3308140,9.983950606693956,2
3308150,9.787772218681273,10
3308161,9.75760592103973,11
3308166,9.814633476473512,5
3308172,9.876795561622732,6
3308173,9.99635310552082,1
3308184,9.777917216324706,11
3308199,9.571482091837751,15
3308205,9.89113703410716,6
3308208,9.959050863176508,3
3308216,9.858184434891227,8
3308217,9.98815186056841,1
3308221,9.951482180272595,4
3308227,9.891990523612316,6
3308230,9.949739196462927,3
3308232,9.979059858577571,2
3308248,9.624639587817391,16
3308259,9.660217409599264,11
3308263,9.938165919686991,4
3308269,9.893488044503371,6
3308278,9.84101641863827,9
3308283,9.909242236426586,5
3308295,9.725911634633167,12
3308305,9.814744846819563,10
3308313,9.832784107976064,8
3308320,9.855863900033198,7
3308341,9.5501853598851,21
3308343,9.974232143485127,2
3308354,9.766850065560936,11
3308360,9.905457049978018,6
3308370,9.770234467562197,10
3308384,9.692827984326449,14
3308392,9.848294124373536,8
3308401,9.806495454668422,9
3308413,9.770865876525681,12
3308416,9.96848156068752,3
3308426,9.83963955834731,10
3308438,9.7218978389073,12
3308446,9.854795732812947,8
3308447,10.0,1
3308453,9.89185925965575,6
3308462,9.839089385316216,9
3308482,9.506926595480946,20
3308493,9.777020398979142,11
3308506,9.704284892772261,13
3308525,9.593794220638976,19
3308534,9.842213085820928,9
3308544,9.801225148107871,10
3308549,9.907489223707401,5
3308559,9.80711193821835,10
3308567,9.849336447705365,8
3308585,9.655664457787587,18
3308596,9.773233682219443,11
3308601,9.931679986347275,5
3308613,9.764445067779826,12
3308620,9.861187283001012,7
3308651,9.347021169851917,31
3308655,9.94027153459058,4
3308660,9.922669362803283,5
3308662,9.985088763603898,2
3308674,9.777060007250917,12
3308683,9.841403587115316,9
3308691,9.842813247757288,8
3308704,9.725203105960341,13
3308712,9.849414105153699,8
3308715,9.950412318051182,3
3308727,9.728273270853746,12
3308742,9.649519272640111,15
3308752,9.80929258990576,10
3308761,9.813338165526496,9
3308770,9.828504710698372,9
3308822,8.918552336664215,52
3308832,9.81938063050464,10
3308839,9.890908676361107,7
3308850,9.778748921147368,11
3308854,9.939549779491026,4
3308865,9.737137288722703,11
3308879,9.663860229163019,14
3308895,9.628813580590222,16
3308900,9.921371615130393,5
3308906,9.89385298875563,6
3308907,10.0,1
3308913,9.873400706536689,6
3308920,9.875234727346657,7
3308931,9.805468808312762,11
3308939,9.739874150135066,8
3308944,9.911966098595334,5
3308952,9.835208762603493,8
3308960,9.873779056081064,8
3308969,9.805817670745263,9
3308975,9.869279077033912,6
3308996,9.622213349741383,21
3309000,9.946355807905606,4
3309021,9.491847787052757,21
3309030,9.810225272410465,9
3309037,9.861538164726849,7
3309045,9.882676885575695,8
3309046,10.0,1
3309055,9.8267028835952,9
3309061,9.875696834902882,6
3309069,9.850686768825016,8
3309080,9.74893272667404,11
3309087,9.876170678395306,7
3309094,9.870656517982813,7
3309102,9.848342565451237,8
3309103,10.0,1
3309107,9.949730692070403,4
3309117,9.764556821029746,10
3309120,9.954186629584674,3
3309130,9.78576581829686,10
3309139,9.823822557201296,9
3309150,9.79358007635278,11
3309161,9.741906367239544,11
3309162,9.99189584339184,1
3309166,9.94672300584981,4
3309171,9.915466537117517,5
3309177,9.870327894214574,6
3309189,9.737950566334536,12
3309201,9.73705301680673,12
3309209,9.834539222494751,8
3309222,9.691767212841924,13
3309224,9.97967895416794,2
3309236,9.760355993585142,12
3309242,9.79768754366649,6
3309254,9.730478746572233,12
3309268,9.695414486100436,14
3309272,9.9418293421364,4
3309283,9.747711081921722,11
3309290,9.87288346510938,7
3309300,9.78256167705159,10
3309311,9.751383227415888,11
3309319,9.838117113648487,8
3309333,9.703731214731626,14
3309349,9.660397268804488,16
3309361,9.723460850209793,12
3309365,9.544701640784123,4
3309376,9.76933432126064,11
3309389,9.702137611071443,13
3309408,9.57886892602345,19
3309426,9.576951562069901,18
3309434,9.84479183108342,8
3309448,9.69488924583294,14
3309462,9.688755886217976,14
3309468,9.899235878789959,6
3309478,9.805748098754746,10
3309484,9.88668523964552,6
3309493,9.838858708005517,9
3309511,9.628823054617516,18
3309527,9.526323267664694,16
3309541,9.738646076440594,14
3309550,9.81442200328041,9
3309555,9.703065129779366,5
3309562,9.871003495734568,7
3309568,9.896887269333067,6
3309578,9.775535009777295,10
3309581,9.758124011018568,3
3309589,9.88254150041471,8
3309590,10.0,1
3309594,9.936477945374019,4
3309606,9.640447202332467,12
3309614,9.657157420091377,8
3309624,9.794403275201116,10
3309636,9.542151005150414,12
3309646,9.794033875592428,10
3309652,9.686419953813898,6
3309655,9.956612686283833,3
3309666,9.747116204392551,11
3309671,9.913146537054494,5
3309680,9.824107479120554,9
3309688,9.834632294603038,8
3309693,9.929705672129575,5
3309694,10.0,1
3309704,9.776955399720002,10
3309710,9.884559175872866,6
3309723,9.718179506889223,13
3309731,9.826371177575519,8
3309737,9.894581894774316,6
3309740,9.958695097355855,3
3309744,9.924892868092606,4
3309752,9.846291202033548,8
3309753,9.99616849648486,1
3309763,9.782365613983687,10
3309772,9.607159159024823,9
3309773,10.0,1
3309779,9.899113221808877,6
3309786,9.844219782218225,7
3309798,9.730287938263086,12
3309807,9.819850094043721,9
3309810,9.952298735211475,3
3309817,9.87380291105278,7
3309828,9.765042795956997,11
3309835,9.869065161530433,7
3309851,9.640192748774647,16
3309869,9.557836682007961,18
3309881,9.74649770274847,12
3309886,9.90595807275776,5
3309905,9.562846234693042,19
3309912,9.843673653648843,7
3309916,9.954750524179902,4
3309925,9.80285642894958,9
3309929,9.953258876912452,4
3309938,9.833641535093392,9
3309947,9.823179606310646,9
3309954,9.860044795505543,7
3309965,9.773403026320379,11
3309970,9.910337623034994,5
3309976,9.910279872825283,6
3309981,9.927768969036816,5
3309987,9.906485456677824,6
3309995,9.876840944618905,8
3309996,10.0,1
3310001,9.929827958017759,5
3310017,8.097878883480032,16
3310018,9.992486345895669,1
3310019,9.992807243588098,1
3310026,9.896225962197896,7
3310030,9.740541221146454,4
3310036,9.914867592596893,6
3310043,9.867617561993281,7
3310050,9.865919342763474,7
3310057,9.879751324544415,7
3310064,9.861624342011655,7
3310087,9.465169135238712,23
3310097,9.786313915495395,10
3310099,9.975436846204945,2
3310110,9.75141486825761,11
3310111,10.0,1
3310125,9.670075234913801,14
3310140,9.456272386240421,15
3310162,9.518167065099526,22
3310166,9.932367872154124,4
3310171,9.909454113919253,5
3310182,9.791887117571552,11
3310188,9.90042081162748,6
3310193,9.90714924762659,5
3310201,9.822553438464114,8
3310205,9.933837740828565,4
3310209,9.939664436699731,4
3310217,9.833924242135705,8
3310218,10.0,1
3310228,9.814873923309838,10
3310234,9.89561826477846,6
3310242,9.855508372579804,8
3310247,9.922750203540273,5
3310248,10.0,1
3310251,9.960424653266879,3
3310264,9.681793830737274,13
3310265,10.0,1
3310272,9.898733787759422,7
3310273,10.0,1
3310285,9.742742649815742,12
3310289,9.950065766825203,4
3310300,9.763203345335763,11
3310304,9.949631914891933,4
3310314,9.797575729299668,10
3310318,9.945871096716914,4
3310328,9.836040221819,10
3310340,9.43735755927337,12
3310344,9.935136240244308,4
3310349,9.92356071336333,5
3310355,9.91065210276512,6
3310365,9.77711959090953,10
3310375,9.783922231093872,10
3310383,9.82293432505977,8
3310393,9.783077485599016,10
3310404,9.774700053199657,11
3310412,9.842750752976869,8
3310426,9.691651924885033,14
3310428,9.968254301176161,2
3310440,9.746914897390559,12
3310445,9.910944053589844,5
3310453,9.86150303585029,8
3310462,9.833999021289069,9
3310469,9.870703488202796,7
3310482,9.705250780003611,13
3310492,9.803914062955826,10
3310504,9.734595808518852,12
3310511,9.891727475263197,7
3310512,10.0,1
3310527,9.6682579405981,15
3310531,9.945139301845447,4
3310532,10.0,1
3310537,9.925878617357668,5
3310546,9.824942187504014,9
3310559,9.734105279113184,13
3310564,9.918349808328452,5
3310573,9.813222499280581,9
3310589,9.620154228275283,16
3310598,9.812980706999179,9
3310607,9.817367844377378,9
3310619,9.756420343130351,12
3310625,9.895789391866154,6
3310634,9.784356237771155,9
3310638,9.9407366620629,4
3310645,9.855409925055735,7
3310658,9.723354662525672,13
3310664,9.907893866758103,6
3310679,9.687753719879893,15
3310688,9.82441678617799,9
3310690,9.970920584050427,2
3310702,8.593476616752161,12
3310712,9.70431012785213,10
3310722,9.786575027294456,10
3310729,9.875334104467429,7
3310738,9.818532365980587,9
3310745,9.873996316156328,7
3310752,9.863696053684059,7
3310760,9.847199197853088,8
3310764,9.937856730895737,4
3310770,9.915963344655527,6
3310774,9.94181293286084,4
3310777,9.947194765267843,3
3310779,9.980354193992454,2
3310790,9.756899434141697,11
3310805,9.431545709739767,15
3310819,9.686234162129052,14
3310821,9.970451357639629,2
3310822,10.0,1
3310835,9.720101017693349,13
3310843,9.841007872963411,8
3310852,9.795887734814368,9
3310860,9.840299470668937,8
3310875,9.69529832318611,15
3310881,9.873242998529237,6
3310893,9.71384378924489,12
3310909,9.656461692870723,16
3310910,10.0,1
3310920,9.807240514724802,10
3310931,9.745125552242904,11
3310935,9.93693459022948,4
3310942,9.888564649848183,7
3310950,9.831860387193888,8
3310959,9.804240584231882,9
3310965,9.905702720663747,6
3310970,9.929723817309439,5
3310978,9.839480132791415,8
3310988,9.789461804171514,10
3310993,9.91787188703372,5
3310999,9.889003444357334,6
3311005,9.905223198904514,6
3311019,9.681283110454391,14
3311030,9.761049142322712,11
3311045,9.72639165781597,15
3311053,9.87208666961404,8
3311065,9.73151959402357,12
3311073,9.834689535476498,8
3311078,9.915715524776314,5
3311089,9.768557072118329,11
3311097,9.832778458705135,8
3311108,9.77648176622701,11
3311114,9.893812425185533,6
3311121,9.84262177659053,7
3311130,9.816072285965705,9
3311136,9.880055012902229,6
3311138,9.982582433784737,2
3311141,9.964925682118615,3
3311279,-41.59324553774534,138
3311285,9.886053925617903,6
3311304,9.594962542345753,19
3311307,9.962173071620093,3
3311314,9.893617296460363,7
3311317,9.95818260977035,3
3311326,9.740310201998719,9
3311338,9.740083963497637,12
3311343,9.914428238179243,5
3311350,9.87521903604367,7
3311357,9.866134479719264,7
3311360,9.955224074704537,3
3311363,9.957335610489624,3
3311364,10.0,1
3311377,9.723270598140138,13
3311392,9.653487689275929,15
3311401,9.80843398333099,9
3311412,9.743423488336639,11
3311420,9.859517617519261,8
3311426,9.911879766344061,6
3311438,9.712778075667027,12
3311446,9.85227736103081,8
3311453,9.87148393765886,7
3311463,9.763930670508847,10
3311474,9.743049337936684,11
3311486,9.753809533764203,12
3311503,9.649004873159482,17
3311511,9.846439464312875,8
3311512,10.0,1
3311520,9.841585365668191,8
3311529,9.791064528516753,9
3311530,10.0,1
3311536,9.904467065901413,6
3311540,9.937653963854373,4
3311543,9.964798843116396,3
3311551,9.837012245050623,8
3311565,9.69155502169671,14
3311574,9.811641165728686,9
3311575,10.0,1
3311578,9.966302448584948,3
3311591,9.703566941379112,13
3311594,9.95518576241735,3
3311595,10.0,1
3311596,10.0,1
3311606,9.798707847246758,10
3311610,9.921963668202345,4
3311619,9.838737063395799,9
3311622,9.965597156304225,3
3311634,9.734054327578797,12
3311647,9.707790927223956,13
3311655,9.852655965931023,8
3311669,9.689185535896044,14
3311677,9.84768376680819,8
3311678,10.0,1
3311692,9.679180657276659,14
3311707,9.666267279349752,15
3311708,9.988279865473974,1
3311710,9.972923817641018,2
3311719,9.861959028011034,9
3311720,10.0,1
3311726,9.910527946079348,6
3311736,9.784213535047625,10
3311747,9.77568531833894,11
3311754,9.850931977424773,7
3311763,9.827421181186855,9
3311767,9.930044604265737,4
3311778,9.776273807533702,11
3311790,9.737625924949837,12
3311799,9.828740546580143,9
3311814,9.60948844859091,15
3311824,9.784429805190385,10
3311841,9.618419809721578,17
3311847,9.895823850025051,6
3311850,9.965715957142681,3
3311863,9.713620147290499,13
3311872,9.835764878242374,9
3311876,9.955430934418619,4
3311881,9.926754004556352,5
3311890,9.715860656177737,9
3311891,9.99654349096911,1
3311900,9.832340888824207,9
3311908,9.835422889906335,8
3311912,9.928683537675242,4
3311928,9.649472202507209,16
3311940,9.760202581192056,12
3311953,9.721800646387246,13
3311961,9.829374099279587,8
3311973,9.741810002687334,12
3311974,10.0,1
3311985,9.762503097586942,11
3311996,9.806222391722274,11
3312001,9.908128726846178,5
3312006,9.917557928567126,5
3312019,9.7496753404006,13
3312020,10.0,1
3312025,9.917642961379867,5
3312030,9.929201113881618,5
3312031,10.0,1
3312039,9.821177541008232,8
3312051,9.758726774585764,12
3312059,9.822797446618749,8
3312061,9.976354914587152,2
3312068,9.878228517215428,7
3312073,9.934486703832585,5
3312084,9.746967720777041,11
3312086,9.978841476208569,2
3312092,9.89855900606768,6
3312097,9.919249771489564,5
3312105,9.876280000378923,8
3312116,9.773720964815741,11
3312119,9.967129845480917,3
3312132,9.72299915883411,13
3312144,9.768133950411096,12
3312170,9.007330971269381,26
3312180,9.806873375460961,10
3312184,9.939140966873525,4
3312198,9.699211418440587,14
3312202,9.941564392575005,4
3312206,9.936454593178423,4
3312216,9.77909762648663,10
3312246,5.59134853876812,30
3312262,9.722306802070364,16
3312274,9.779152168757236,12
3312278,9.9481092468911,4
3312281,9.947712996502148,3
3312290,9.803998610788431,9
3312297,9.866507841235222,7
3312306,9.837915083446186,9
3312314,9.847166117672034,8
3312317,9.955707018055795,3
3312318,10.0,1
3312331,9.68376725360135,13
3312340,9.842910186865595,9
3312353,9.683544526194163,13
3312364,9.794547864478298,11
3312365,9.996692391187999,1
3312379,9.660977363388271,14
3312392,9.708097799676127,13
3312402,9.536375852810565,10
3312416,9.671492157566474,14
3312427,9.752538140727378,11
3312433,9.89662322772,6
3312438,9.919482277335174,5
3312446,9.842324983031258,8
3312456,9.829387758991713,10
3312462,9.880504730185947,6
3312466,9.93991566451243,4
3312474,9.849229524530655,8
3312481,9.886606159889851,7
3312487,9.889890580664536,6
3312494,9.591166843086217,7
3312497,9.96925239459683,3
3312501,9.95436334809398,4
3312516,9.672428817846678,15
3312528,9.732691472731855,12
3312534,9.902677742048713,6
3312542,9.869481069925639,8
3312547,9.918778427037614,5
3312550,9.947239315203099,3
3312551,10.0,1
3312560,9.817957243337725,9
3312561,10.0,1
3312572,9.764560760045955,11
3312582,9.787859240709084,10
3312586,9.936371924603588,4
3312599,9.73734460884584,13
3312603,9.93372937682493,4
3312612,9.810678761123125,9
3312620,9.861088494942564,8
3312625,9.927091880520875,5
3312636,9.784341469111528,11
3312650,9.693186686372693,14
3312651,10.0,1
3312656,9.919077740910494,5
3312672,9.61821430565108,16
3312676,9.945470056401586,4
3312683,9.77822829116934,7
3312689,9.898446376206374,6
3312695,9.916410724218357,6
3312704,9.814384247506785,9
3312707,9.949909863565368,3
3312708,10.0,1
3312719,9.755972434960302,11
3312722,9.96642242768072,3
3312731,9.793550653841741,9
3312735,9.929250756396641,4
3312745,9.815002792934012,10
3312754,9.816049109413783,9
3312762,9.84953592156876,8
3312772,9.7780122000027,10
3312782,9.816418794047125,10
3312791,9.828736624202438,9
3312792,10.0,1
3312793,10.0,1
3312798,9.937479264663985,5
3312808,9.782333352520796,10
3312809,10.0,1
3312816,9.680087327238372,7
3312822,9.888171453603277,6
3312827,9.927089723403641,5
3312848,9.578591017589398,21
3312858,9.79842165130279,10
3312867,9.823569272071602,9
3312875,9.856833151456618,8
3312881,9.878219176889719,6
3312900,9.629825897239321,19
3312904,9.93737912284004,4
3312905,9.989418444929843,1
3312913,9.846442129300586,8
3312918,9.925301839061188,5
3312927,9.82414460324247,9
3312941,9.696930996728268,14
3312950,9.854243761822191,9
3312968,9.656710316679515,18
3312974,9.892993038152635,6
3312977,9.960945090642603,3
3312987,9.839306184249143,10
3312994,9.865166941011712,7
3313002,9.864917826893748,8
3313016,9.675809719839501,14
3313024,9.827124098702258,8
3313030,9.896925718947402,6
3313036,9.898553396138505,6
3313044,9.8343664830637,8
3313058,9.683037575982205,14
3313064,9.891226966298936,6
3313070,9.885293940038023,6
3313082,9.749168205452177,12
3313088,9.882385715455731,6
3313096,9.854523452603566,8
3313097,9.996041105047427,1
3313098,10.0,1
3313099,10.0,1
3313108,9.765906564729146,9
3313118,9.824882535123484,10
3313129,9.78242657814449,11
3313131,9.971257769754137,2
3313132,10.0,1
3313147,9.693694273352122,15
3313161,9.380840704756382,14
3313180,9.474283833861952,19
3313188,9.838699884610616,8
3313197,9.821426623212531,9
3313211,9.75064847778327,14
3313221,9.76442503841783,10
3313230,9.810620006843456,9
3313244,9.698201049967073,14
3313253,9.806710226205466,9
3313255,9.98504492110003,2
3313264,9.809599041466827,9
3313265,10.0,1
3313271,9.887367040093222,6
3313285,9.672038080908726,14
3313298,9.693705343416111,13
3313301,9.964789990900021,3
3313307,9.90583385417409,6
3313311,9.92669112698701,4
3313322,9.664738363936383,11
3313333,9.754783649596321,11
3313344,9.74254661192365,11
3313348,9.937270902522382,4
3313353,9.930371520183385,5
3313364,9.7830367044614,11
3313373,9.821020578941107,9
3313386,9.744706848601288,13
3313395,9.825508002654336,9
3313400,9.91349392657569,5
3313404,9.9459362785875,4
3313414,9.800127506649003,10
3313424,9.801495318292917,10
3313430,9.906205738482422,6
3313435,9.901292665180057,5
3313442,9.85922097528925,7
3313444,9.983538816200024,2
3313462,9.313020105351725,18
3313475,9.694252937669544,13
3313485,9.805049546791514,10
3313486,10.0,1
3313502,9.660171802144882,16
3313509,9.86794905342493,7
3313524,9.711181475765592,15
3313534,9.781063485636885,10
3313539,9.923238657803044,5
3313551,9.751447528846933,12
3313554,9.95749411518282,3
3313568,9.713983338131928,14
3313572,9.950074786584363,4
3313575,9.957657831149092,3
3313584,9.835659010597169,9
3313588,9.937710284296994,4
3313596,9.857402378977199,8
3313602,9.875895256961092,6
3313611,9.802276934990777,9
3313626,9.658230787766986,15
3313634,9.858215621142053,8
3313644,9.800744784341157,10
3313651,9.680645245464522,7
3313662,9.760024457729369,11
3313669,9.86160212293928,7
3313676,9.876827180317905,7
3313677,10.0,1
3313687,9.793607086993571,10
3313692,9.922384637905953,5
3313701,9.846622413957292,9
3313712,9.751353237239448,11
3313725,9.727204541138901,13
3313735,9.798517591543968,10
3313737,9.983236772890395,2
3313746,9.839084167594793,9
3313747,9.996738073705478,1
3313756,9.832925282995784,9
3313775,9.507586410952362,19
3313781,9.891161481315635,6
3313789,9.854940856992819,8
3313794,9.921110154663616,5
3313801,9.886172315372574,7
3313806,9.924025927063028,5
3313807,10.0,1
3313820,9.701688365973292,13
3313830,9.799401071772323,10
3313835,9.907058362795418,5
3313843,9.859837524450981,8
3313865,9.59431976059701,22
3313879,9.769572238900558,14
3313897,9.610560935646259,18
3313919,9.570496158592714,22
3313928,9.820013637036963,9
3313940,9.752766764350751,12
3313953,9.752150772570094,13
3313974,9.577432845075236,21
3314474,-23.178281374712583,500
3314974,-17.111685088314744,500
3315474,-80.64608305602243,500
3315974,-145.9029791690049,500
3316474,-218.54575856182677,500
3316974,-218.7399586874821,500
3317474,-218.89903829551835,500
3317974,-218.67474060155286,500
3318474,-218.45280221365095,500
3318481,9.884490207868076,7
3318501,9.496328674922909,20
3318511,9.836827920878289,10
3318521,9.801613293738912,10
3318538,9.62142587962426,17
3318551,9.724081636998529,13
3318555,9.93753548090454,4
3318569,9.6736217677531,14
3318583,9.658711024549392,14
3318594,9.784081870205455,11
3318603,9.810315855688422,9
3318611,9.843037108293203,8
3318619,9.837517901485318,8
3318625,9.890681239786913,6
3318640,9.693130648364667,15
3318646,9.908592814843074,6
3318652,9.876842945579687,6
3318656,9.94422493279965,4
3318670,9.67545805985471,14
3318676,9.87609652453171,6
3318679,9.957080657274338,3
3318680,10.0,1
3318690,9.766152691511525,10
3318701,9.74679273492514,11
3318710,9.810716827418771,9
3318715,9.909618436952373,5
3318725,9.81968352088161,10
3318736,9.762181417853784,11
3318746,9.7992037049773,10
3318751,9.927887837425486,5
3318755,9.948075488478697,4
3318763,9.863853905260845,8
3318775,9.722737166901553,12
3318776,10.0,1
3318789,9.763949348964779,13
3318801,9.754206789742478,12
3318807,9.896950105128534,6
3318818,9.8081483505958,11
3318831,9.747846094830312,13
3318841,9.788310646900129,10
3318844,9.952155125258102,3
3318852,9.828988250413607,8
3318857,9.930500324698691,5
3318866,9.803959797877704,9
3318872,9.890870984931087,6
3318877,9.905007750310213,5
3318885,9.831259732823192,8
3318889,9.941671432141892,4
3318904,9.670359149838076,15
3318916,9.719861402777271,12
3318922,9.887923211618132,6
3318926,9.942576528746866,4
3318931,9.922687027761222,5
3318932,10.0,1
3318936,9.94609843092224,4
3318946,9.77397236524867,10
3318949,9.966486164644536,3
3318950,10.0,1
3318956,9.886893645850913,6
3318965,9.853099008114318,9
3318967,9.9813934290723,2
3318968,9.99336140062922,1
3318969,10.0,1
3318972,9.96719880537111,3
3318981,9.594047823903187,9
3318985,9.921387842024542,4
3319000,9.657500085482736,15
3319014,9.67158207156287,14
3319015,10.0,1
3319026,9.792548192997213,11
3319031,9.932211521202552,5
3319037,9.89719786358104,6
3319044,9.876660702810215,7
3319052,9.857131787500132,8
3319058,9.88936144524126,6
3319063,9.922536984044793,5
3319071,9.838102923416772,8
3319072,10.0,1
3319073,9.992402213909386,1
3319084,9.743449654166739,11
3319091,9.862596865804706,7
3319100,9.802629175365011,9
3319111,9.551807921500135,11
3319114,9.95748736091054,3
3319117,9.949783292166531,3
3319120,9.959873271013835,3
3319133,9.705641082496749,13
3319141,9.85782088423525,8
3319151,9.788831149164379,10
3319158,9.895391695897455,7
3319166,9.651187446771443,8
3319179,9.732221632195294,13
3319189,9.78762573192069,10
3319200,9.757017189078091,11
3319212,9.743382134612844,12
3319218,9.922463654290247,6
3319226,9.829930295912364,8
3319237,9.763059824661253,11
3319239,9.980267580541396,2
3319240,9.99623302141258,1
3319252,9.733118884587252,12
3319261,9.812017899957965,9
3319279,9.602682241676787,18
3319295,9.661834904513077,16
3319296,9.990259454056925,1
3319306,9.812949526832185,10
3319315,9.811124132879495,9
3319329,9.703445010087757,14
3319333,9.95139899142789,4
3319339,9.88959059170763,6
3319349,9.794907313340385,10
3319358,9.810646425179032,9
3319369,9.779293202686969,11
3319379,9.806992460390463,10
3319384,9.925793933743185,5
3319397,9.729700137053475,13
3319404,9.855011852742567,7
3319415,9.7636210369586,11
3319428,9.707851078411716,13
3319434,9.910356064499465,6
3319441,9.865961821204197,7
3319450,9.818523902715848,9
3319463,9.397900847038393,13
3319475,9.742387144146775,12
3319485,9.805944844895176,10
3319488,9.955796544349619,3
3319493,9.924631068904915,5
3319494,10.0,1
3319495,10.0,1
3319505,9.806567874975666,10
3319507,9.985531876641433,2
3319518,9.774642883474177,11
3319527,9.833583552813264,9
3319541,9.69330550579322,14
3319554,9.6865549438372,13
3319565,9.779817166062143,11
3319577,9.751569456221139,12
3319585,9.856870657314607,8
3319598,9.729465254576578,13
3319607,9.829577337604174,9
3319615,9.849311471649363,8
3319621,9.89391418380826,6
3319626,9.915859252940676,5
3319635,9.820216660502796,9
3319645,9.769842808871834,10
3319652,9.859825915544913,7
3319671,9.575404198027599,19
3319677,9.89159237147572,6
3319688,9.565470976997304,11
3319695,9.873104914268913,7
3319701,9.911562355675205,6
3319708,9.869387992330434,7
3319734,9.389836042011272,26
3319741,9.752040982151357,7
3319753,9.744959965351839,12
3319764,9.764601454531006,11
3319769,9.926548855759227,5
3319771,9.980276163169089,2
3319772,9.992864984873155,1
3319783,9.785786370905301,11
3319799,9.317155708063478,16
3319809,9.783550297640714,10
3319828,9.598403273310987,19
3319839,9.742321310449363,11
3319850,9.765061768779477,11
3319856,9.903126753991332,6
3319871,9.304672064137694,15
3319883,9.44265254154411,12
3319894,9.762829413987788,11
3319906,9.739510309064496,12
3319914,9.843895306044061,8
3319921,9.870902329311324,7
3319931,9.776366794578449,10
3319937,9.874175897045335,6
3319945,9.844076787356135,8
3319955,9.779459383191597,10
3319956,9.992146215085809,1
3319960,9.936144365339013,4
3319967,9.868522305754391,7
3319976,9.812759240230672,9
3319983,9.859719395192066,7
3319992,9.84573514888928,9
3319999,9.880216881066358,7
3320000,10.0,1
3320005,9.926686018399604,5
3320017,9.712295168885785,12
3320032,9.671006973904156,15
3320040,9.883063694784306,8
3320052,9.735710624442135,12
3320062,9.82097998664467,10
3320070,9.838242957149912,8
3320079,9.841475466477249,9
3320093,9.700260960425647,14
3320097,9.924833052907701,4
3320109,9.788582291099345,12
3320117,9.849659915843578,8
3320119,9.981036744694876,2
3320133,9.780209572606035,14
3320138,9.925560280150826,5
3320144,9.887011137064922,6
3320147,9.965808417109594,3
3320159,9.746388009613575,12
3320169,9.818591920759946,10
3320174,9.917151925995435,5
3320188,9.705793596697731,14
3320199,9.7559584361838,11
3320209,9.821204983684106,10
3320214,9.927126726053933,5
3320225,9.778818317347639,11
3320228,9.955479035612267,3
3320233,9.914945292681425,5
3320238,9.912302094484755,5
3320256,9.630383237057838,18
3320262,9.900649416895074,6
3320269,9.856026370301567,7
3320276,9.907170526160792,7
3320283,9.871861996340037,7
3320295,9.739104099145063,12
3320298,9.959367573695646,3
3320313,9.676859577051294,15
3320321,9.8701444452527,8
3320328,9.869852157957164,7
3320340,9.747637357451184,12
3320352,9.781532988849353,12
3320353,10.0,1
3320368,9.620911189565824,15
3320377,9.817221125792663,9
3320389,9.720534855358599,12
3320399,9.789382621622826,10
3320402,9.954007525673351,3
3320410,9.832233720903504,8
3320416,9.77540585621723,6
3320424,9.844247145736608,8
3320435,9.77292365362331,11
3320436,10.0,1
3320437,10.0,1
3320447,9.767349841591914,10
3320460,9.765695941755013,13
3320474,9.70781932883968,14
3320489,9.664128953616277,15
3320502,9.69486518634995,13
3320513,9.793028487610135,11
3320526,9.623467745065708,13
3320529,9.96835117051607,3
3320537,9.843994514971467,8
3320540,9.9613182185212,3
3320553,9.693843926727023,13
3320559,9.88912239089769,6
3320562,9.970715245129918,3
3320566,9.929476871408527,4
3320581,9.641917135702768,15
3320590,9.84529262262964,9
3320594,9.930866782973235,4
3320603,9.837265089250604,9
3320613,9.812192702696052,10
3320628,9.678472972464244,15
3320644,9.711765262393842,16
3320646,9.97279689287322,2
3320648,9.97636187766842,2
3320658,9.780661736388895,10
3320669,9.790542947178178,11
3320674,9.913498545676461,5
3320680,9.86979995314989,6
3320696,9.67591459686252,16
3320700,9.932099014867031,4
3320710,9.771840146509138,10
3320718,9.86219239225269,8
3320725,9.854594559790964,7
3320726,9.992978946127856,1
3320735,9.81928003088492,9
3320736,10.0,1
3320747,9.762597077971535,11
3320752,9.935500426652064,5
3320771,9.571873872657791,19
3320778,9.865559624485604,7
3320781,9.9618473192415,3
3320796,9.726209011114289,15
3320797,10.0,1
3320807,9.775767222725932,10
3320813,9.893548341291607,6
3320819,9.900150647527727,6
3320830,9.749451756048147,11
3320845,9.691525066401013,15
3320856,9.70552002276097,11
3320865,9.821055354925786,9
3320872,9.900774940178326,7
3320885,9.708366479297993,13
3320896,9.783519394398105,11
3320914,9.56157382169459,18
3320915,10.0,1
3320919,9.930817209002177,4
3320923,9.926242799926419,4
3320935,9.73190887245777,12
3320939,9.929090584857404,4
3320949,9.815436541425894,10
3320958,9.800998744070709,9
3320962,9.939827519190569,4
3320978,9.614669766199741,16
3320988,9.78469699127964,10
3320989,9.989151515649915,1
3321000,9.750409238039529,11
3321005,9.902268653175273,5
3321017,9.753556160441647,12
3321028,9.793221732085168,11
3321036,9.828049250918605,8
3321037,10.0,1
3321045,9.823883867691473,8
3321056,9.760289890803687,11
3321068,9.716844568720877,12
3321076,9.833493525291978,8
3321086,9.80222363705877,10
3321088,9.973305608384058,2
3321096,9.86207734652853,8
3321112,9.49184497358902,16
3321125,9.731895915701234,13
3321132,9.875554832083585,7
3321139,9.86735046933797,7
3321154,9.675535798233996,15
3321155,10.0,1
3321158,9.954635753835518,3
3321171,9.73509799929373,13
3321183,9.742171644607321,12
3321193,9.783453882815149,10
3321197,9.952540887555134,4
3321206,9.85141683393714,9
3321222,9.609763546750301,16
3321234,9.731250987694969,12
3321243,9.799613770231359,9
3321250,9.865005535929042,7
3321253,9.957804978439999,3
3321256,9.958655680494077,3
3321267,9.744533058385652,11
3321272,9.92270392298439,5
3321282,9.816125163052329,10
3321287,9.908742299523517,5
3321303,9.709764668114984,16
3321305,9.974998418051673,2
3321319,9.692318338670898,14
3321326,9.868304163233308,7
3321330,9.927873522662159,4
3321344,9.706513145681964,14
3321352,9.844163402957568,8
3321360,9.844024791733217,8
3321370,9.767687432117265,10
3321382,9.728221016066724,12
3321391,9.821061953981634,9
3321405,9.749119074181712,14
3321411,9.903083740210167,6
3321421,9.822915306248014,10
3321429,9.887693431899425,8
3321444,9.684024229177531,15
3321453,9.813561039090741,9
3321457,9.941392613560096,4
3321464,9.870039916012223,7
3321472,9.848036548316895,8
3321479,9.879810706091337,7
3321495,9.683887823279655,16
3321496,10.0,1
3321506,9.81622792875993,10
3321514,9.847780113611847,8
3321518,9.940071511037404,4
3321521,9.960012913607969,3
3321527,9.877665900594986,6
3321540,9.695392668988628,13
3321551,9.824802785719157,11
3321553,9.97125618447297,2
3321559,9.91895520743696,6
3321578,9.5386363145086,19
3321581,9.952101721554406,3
3321589,9.833358620712282,8
3321603,9.68779183244163,14
3321604,10.0,1
3321615,9.57361330702446,11
3321627,9.7297168514931,12
3321631,9.93402212322429,4
3322040,-3.1419079255606785,409
3322047,9.874539979555749,7
3322048,10.0,1
3322049,10.0,1
3322057,9.658995889163908,8
3322061,9.94375119269121,4
3322068,9.77069985708168,7
3322078,9.796004208026126,10
3322089,9.658639559161594,11
3322092,9.967464694032762,3
3322098,9.881706730126986,6
3322107,9.808534598497097,9
3322114,9.87998234775269,7
3322115,10.0,1
3322131,9.623398993198508,16
3322142,9.791069770621196,11
3322151,9.82953965204404,9
3322155,9.952173957869721,4
3322165,9.777703348073043,10
3322168,9.965059689340201,3
3322180,9.759954525866783,12
3322189,9.813473852093864,9
3322194,9.916125026551375,5
3322205,9.76097914622598,11
3322217,9.754816196140528,12
3322227,9.79931479118433,10
3322237,9.797857301127884,10
3322245,9.835051250545993,8
3322256,9.760023226186387,11
3322267,9.757812381900912,11
3322275,9.831306714717025,8
3322276,10.0,1
3322285,9.811906378675328,9
3322291,9.902477320233675,6
3322298,9.863155148218205,7
3322303,9.916997352675207,5
3322313,9.820499148351159,10
3322314,9.988773636172564,1
3322318,9.929149030933587,4
3322328,9.491203042889502,10
3322339,9.78796501246907,11
3322341,9.981513840667038,2
3322353,9.728612103011178,12
3322358,9.9012446507122,5
3322369,9.74551695782054,11
3322378,9.830581738310913,9
3322389,9.786252844494395,11
3322398,9.807106347315775,9
3322399,10.0,1
3322401,9.98049241005425,2
3322406,9.906247056749347,5
3322408,9.971989968584952,2
3322415,9.865891543393994,7
3322422,9.886439866876529,7
3322423,10.0,1
3322427,9.938158077396352,4
3322433,9.897320839303452,6
3322447,9.71641678022931,14
3322448,10.0,1
3322450,9.9766417354354,2
3322456,9.906012052300552,6
3322457,10.0,1
3322458,10.0,1
3322460,9.967664533482681,2
3322489,9.271197619712549,29
3322504,9.654672105578522,15
3322514,9.798538396439366,10
3322525,9.775350563431566,11
3322539,9.699483260327758,14
3322547,9.848385109415283,8
3322550,9.956608737440057,3
3322561,9.755215754699853,11
3322572,9.739997533898888,11
3322577,9.92100134976443,5
3322585,9.868720926217996,8
3322597,9.738533639949926,12
3322606,9.830968189812767,9
3322612,9.899108461217333,6
3322622,9.76471782992714,10
3322634,9.744863671453492,12
3322648,9.680323945178868,14
3322664,9.607594581877708,16
3322679,9.639006927595348,15
3322682,9.962941026101383,3
3322695,9.749342636431692,13
3322705,9.807316115471183,10
3322713,9.850584027138476,8
3322718,9.909234436105713,5
3322721,9.964563915597626,3
3322732,9.781651400865524,11
3322747,9.726226182562229,15
3322748,9.996467590581004,1
3322754,9.881431996083647,6
3322766,9.710326778475125,12
3322779,9.740141846496265,13
3322782,9.96390230835818,3
3322789,9.89147861358871,7
3322806,9.600517833100815,17
3322815,9.825369728040014,9
3322823,9.861717886640063,8
3322833,9.788216861457219,10
3322838,9.931893463809198,5
3322851,9.696707341938483,13
3322864,9.734411771658946,13
3322869,9.719854287587792,5
3322874,9.933272536233657,5
3322886,9.748602763897285,12
3322895,9.851398603585448,9
3322905,9.694096503543463,10
3322916,9.786216564733463,11
3322923,9.769777916217693,7
3322933,9.796138589651191,10
3322950,9.605618338393686,17
3322957,9.868036309619285,7
3322964,9.88225737609228,7
3322973,9.836103384956417,9
3322986,9.70609467872883,13
3322990,9.943711205143938,4
3323007,9.647904464625421,17
3323013,9.896487522552745,6
3323014,10.0,1
3323030,9.631213248597318,16
3323036,9.92435826328633,6
3323040,9.946466580000857,4
3323046,9.896678153780133,6
3323052,9.894420051761083,6
3323057,9.916654446803914,5
3323058,10.0,1
3323063,9.921346703969588,5
3323073,9.628490996743691,10
3323074,10.0,1
3323080,9.889139309322495,6
3323088,9.827388906287027,8
3323095,9.880243291951226,7
3323096,10.0,1
3323111,9.649296799902482,15
3323119,9.837708784752438,8
3323123,9.945408067490918,4
3323130,9.873668359305961,7
3323144,9.682849904725447,14
3323147,9.945181274415514,3
3323154,9.864886452976966,7
3323166,9.74453302986314,12
3323173,9.87818532534175,7
3323180,9.860363544342556,7
3323187,9.877240177458773,7
3323196,9.835818232516198,9
3323213,9.62963469189079,17
3323221,9.86787754783777,8
3323228,9.884626724909218,7
3323240,9.745971032306729,12
3323253,9.724513413116853,13
3323254,10.0,1
3323262,9.840629404640886,8
3323274,9.722308883964912,12
3323292,9.574115103483697,18
3323303,9.753139961202294,11
3323311,9.840983654167507,8
3323325,9.66841228553305,14
3323336,9.78326287061939,11
3323341,9.906580327425555,5
3323349,9.848464528687074,8
3323363,9.684603460006358,14
3323364,9.99643039880861,1
3323374,9.804993797453974,10
3323387,9.722595922586688,13
3323404,9.470757536541036,17
3323415,9.737449419595402,11
3323426,9.77098528782411,11
3323434,9.827461513280435,8
3323435,10.0,1
3323436,10.0,1
3323444,9.868404290123282,8
3323455,9.776886270647516,11
3323463,9.853856179879397,8
3323469,9.880748693046032,6
3323475,9.913733918290623,6
3323476,10.0,1
3323479,9.967905818211603,3
3323495,9.641392657757327,16
3323513,9.550726614985463,18
3323526,9.546690620111642,13
3323531,9.916944060349,5
3323545,9.695751068279867,14
3323555,9.77272012056975,10
3323579,9.439774304010843,24
3323589,9.830090920774898,10
3323601,9.71166526037786,12
3323607,9.879165427973662,6
3323619,9.75285157507761,12
3323630,9.778176099736362,11
3323643,9.782503112629739,13
3323651,9.838342204218216,8
3323663,9.756372182919486,12
3323675,9.717762253636701,12
3323682,9.87268743236993,7
3323694,9.727560451225603,12
3323698,9.935618186894096,4
3323712,9.706956889338283,14
3323728,9.643570483344806,16
3323731,9.968310169580663,3
3323737,9.889444856522585,6
3323738,9.99003290230002,1
3323743,9.929840019672243,5
3323748,9.922193737924907,5
3323754,9.903936782067175,6
3323762,9.854008840533254,8
3323763,10.0,1
3323764,10.0,1
3323774,9.824443694137354,10
3323775,9.99245064433797,1
3323783,9.848842383727705,8
3323786,9.948632841981679,3
3323802,9.6373704079939,16
3323803,10.0,1
3323805,9.978726695954267,2
3323811,9.89149197818834,6
3323820,9.605928782100706,9
3323835,9.679140101074339,15
3323843,9.883972070211582,8
3323848,9.911774594846912,5
3323849,9.99235982699959,1
3323852,9.957541743249198,3
3323864,9.515743138203836,12
3323872,9.86047221714501,8
3323873,10.0,1
3323883,9.805083423009657,10
3323897,9.527779514157688,14
3323903,9.896259530136254,6
3323916,9.719932810797669,13
3323923,9.889905782333836,7
3323931,9.847177584249849,8
3323943,9.740340300628311,12
3323955,9.734235982098827,12
3323969,9.686432283483672,14
3323974,9.907811439329608,5
3323991,9.63729922047636,17
3323998,9.759406289811974,7
3323999,10.0,1
3324012,9.711350207642834,13
3324017,9.92705545026988,5
3324026,9.848440527454075,9
3324034,9.84604236988067,8
3324051,9.668259856062738,17
3324061,9.7813162080237,10
3324072,9.768236878518112,11
3324078,9.91020938403313,6
3324079,10.0,1
3324086,9.878208421089559,7
3324098,9.719278355729015,12
3324101,9.95678984925222,3
3324114,9.746234615138473,13
3324119,9.913654663796063,5
3324121,9.979968615874373,2
3324124,9.967501945457494,3
3324134,9.814236235140013,10
3324141,9.864529386841621,7
3324145,9.942086619330361,4
3324148,9.971690219931192,3
3324155,9.868302772194204,7
3324159,9.939183683136195,4
3324178,9.597653958563987,19
3324187,9.838757812350044,9
3324191,9.94141967880639,4
3324198,9.864259945302354,7
3324209,9.796629255787662,11
3324210,10.0,1
3324211,10.0,1
3324218,9.875181682283452,7
3324229,9.74841481769873,11
3324236,9.858135619414739,7
3324248,9.740017228127856,12
3324261,9.738777257139065,13
3324274,9.708315060708875,13
3324292,9.65455512541847,18
3324300,9.846989345699209,8
3324315,9.702764859496467,15
3324326,9.78932301095976,11
3324327,10.0,1
3324337,9.75814554586756,10
3324349,9.738652975112535,12
3324369,9.57555764806068,20
3324378,9.817000695668927,9
3324393,9.648272019337863,15
3324403,9.786208117424037,10
3324416,9.735557901255714,13
3324425,9.807625020951349,9
3324440,9.668202797679026,15
3324442,9.97134309720838,2
3324447,9.927384454041627,5
3324453,9.907871726788086,6
3324464,9.757333822774603,11
3324469,9.919958369708736,5
3324476,9.872068130616096,7
3324490,9.700656270324021,14
3324497,9.851173091022627,7
3324511,9.724820670974802,14
3324516,9.919977171856056,5
3324529,9.70288157892835,13
3324541,9.762191865120927,12
3324542,10.0,1
3324550,9.857058282059336,8
3324551,10.0,1
3324565,9.713956669960918,14
3324578,9.740401529086856,13
3324584,9.895192352613892,6
3324594,9.826054186614217,10
3324604,9.791379364913226,10
3324607,9.953767793080099,3
3324617,9.772496651289293,10
3324625,9.835901375503273,8
3324626,10.0,1
3324635,9.806504300124491,9
3324645,9.831681267572133,10
3324652,9.886778842987457,7
3324667,9.652897272330197,15
3324673,9.885503656745055,6
3324686,9.719946330524094,13
3324690,9.933645640577835,4
3324698,9.875315215897208,8
3324707,9.842930551209681,9
3324716,9.811261302907917,9
3324733,9.651386768317915,17
3324741,9.845742372718,8
3324748,9.893011920491569,7
3324757,9.824116269343726,9
3324759,9.97971981592378,2
3324764,9.921615912661613,5
3324774,9.71078447366687,10
3324790,9.64792764824222,16
3324791,10.0,1
3324797,9.878788149951358,6
3324800,9.965056976432344,3
3324802,9.983553050457155,2
3324814,9.512512366592366,12
3324833,9.633308770512903,19
3324853,9.573258004937633,20
3324861,9.852521623461875,8
3324867,9.905677711378345,6
3324874,9.863889987421429,7
3324882,9.84013892003687,8
3324895,9.744728843009478,13
3324905,9.774699717277516,10
3324915,9.795784369414672,10
3324928,9.708343435097609,13
3324937,9.817308124695872,9
3324953,9.614587000938215,16
3324968,9.708741059534754,15
3324972,9.930778257242288,4
3324973,10.0,1
3324981,9.850830097641287,8
3324986,9.913854925241264,5
3324993,9.886995873978336,7
3325002,9.830059458393343,9
3325004,9.979744944941546,2
3325019,9.646873845841677,15
3325025,9.87580428931102,6
3325032,9.855982969032961,7
3325043,9.765173518353098,11
3325058,9.672811216707498,15
3325067,9.81622765415837,9
3325069,9.972202707917715,2
3325080,9.788852356478053,11
3325093,9.699845006461208,13
3325101,9.841874398205018,8
3325115,9.691842198451553,14
3325125,9.798047321085868,10
3325128,9.947723416538196,3
3325139,9.746182310351744,11
3325143,9.934293948357466,4
3325156,9.70106702226358,13
3325170,9.523989385711388,14
3325179,9.817145350722386,9
3325187,9.85315499503646,8
3325188,10.0,1
3325197,9.78594894055645,9
3325201,9.935087315659594,4
3325210,9.807801875677036,9
3325229,9.52475386620718,19
3325245,9.28751631113585,16
3325259,9.680024405846604,14
3325275,9.654112625129395,16
3325346,8.672740369509528,71
3325353,9.870635825849584,7
3325354,10.0,1
3325364,9.786576215413845,10
3325377,9.718503236222794,13
3325385,9.815868568057821,8
3325400,9.666845155150414,15
3325404,9.93920744816897,4
3325405,10.0,1
3325415,9.790551820942412,10
3325426,9.761477113389722,11
3325427,10.0,1
3325435,9.835655801397944,8
3325447,9.723002735347166,12
3325454,9.874772564773561,7
3325459,9.916430278564404,5
3325473,9.721581524524717,14
3325474,10.0,1
3325487,9.69274720724764,13
3325492,9.92129853884341,5
3325497,9.916862085868756,5
3325498,9.989133977074292,1
3325503,9.929719292815383,5
3325507,9.950338893477554,4
3325509,9.970893533885862,2
3325518,9.79615456715032,9
3325527,9.813481043062804,9
3325536,9.820486734705034,9
3325541,9.900727158750824,5
3325550,9.820281208984825,9
3325555,9.921167302598878,5
3325558,9.9576944229256,3
3325571,9.712502589850759,13
3325575,9.932570093779317,4
3325576,10.0,1
3325583,9.895147941416374,7
3325585,9.9771531525347,2
3325599,9.671150028835685,14
3325603,9.927064644425492,4
3325620,9.255810300928829,17
3325658,8.899944397416473,38
3325668,9.805089960487795,10
3325677,9.525134501875304,9
3325688,9.753355776281923,11
3325696,9.829589851614484,8
3325705,9.806629092891562,9
3325717,9.760685973961303,12
3325734,9.636273570687253,17
3325735,9.996355347968334,1
3325740,9.910328294494775,5
3325747,9.868920421285178,7
3325762,9.654967521106714,15
3325773,9.794159925204976,11
3325779,9.88267280824278,6
3325790,9.780138491535444,11
3325796,9.889261063055356,6
3325797,9.996132888614456,1
3325807,9.767781647332459,10
3325815,9.847993241480243,8
3325820,9.922376857066794,5
3325828,9.839601589307728,8
3325842,9.69157042808714,14
3325850,9.84752003778603,8
3325855,9.916992302455741,5
3325866,9.770460024377126,11
3325873,9.85013928001474,7
3325877,9.943680025266914,4
3325886,9.822279248014807,9
3325887,10.0,1
3325894,9.896151360781847,7
3325895,10.0,1
3325911,9.64975153778999,16
3325923,9.802913926025036,12
3325929,9.898179392681705,6
3325935,9.877741479694176,6
3325944,9.818386434680992,9
3325951,9.851612007152394,7
3325963,9.737524082631671,12
3325975,9.722990977464852,12
3325992,9.616112842865817,17
3325995,9.951434323282625,3
3326004,9.801916984996748,9
3326011,9.850540004389082,7
3326022,9.811734803742954,11
3326030,9.845144968574022,8
3326043,9.732753202238882,13
3326047,9.928619928778224,4
3326059,9.755796396763662,12
3326072,9.797577823739374,13
3326077,9.915932101871578,5
3326078,10.0,1
3326079,9.988629055248031,1
3326081,9.973763162177052,2
3326088,9.8639627678766,7
3326100,9.736902371896736,12
3326112,9.735521744940094,12
3326113,10.0,1
3326119,9.877517927124144,6
3326122,9.959193194822287,3
3326131,9.829007249359087,9
3326139,9.831145922681403,8
3326144,9.922305776235897,5
3326155,9.785950433042174,11
3326164,9.827169263275959,9
3326176,9.698124488071766,12
3326185,9.798826839553069,9
3326195,9.77487958141649,10
3326196,10.0,1
3326200,9.934103552550479,4
3326209,9.81681633220829,9
3326214,9.928158836101483,5
3326221,9.86999634469055,7
3326230,9.807389356357715,9
3326235,9.924233127864547,5
3326241,9.898113926414918,6
3326242,10.0,1
3326262,9.537825124424932,20
3326265,9.965910316272057,3
3326273,9.833702433211727,8
3326287,9.686721671129927,14
3326295,9.827419605331995,8
3326304,9.734965407397533,9
3326317,9.709909269042162,13
3326324,9.890120055495693,7
3326325,10.0,1
3326330,9.920598752158753,5
3326331,10.0,1
3326344,9.710600752700381,13
3326361,9.697749284157421,17
3326376,9.727853477861231,15
3326383,9.854439993117659,7
3326386,9.961924757363247,3
3326394,9.858652041969814,8
3326409,9.686265773949177,15
3326410,10.0,1
3326419,9.796936706471694,9
3326430,9.783354848152257,11
3326437,9.877666512329728,7
3326447,9.793633121921859,10
3326455,9.831159541589436,8
3326458,9.957956307900801,3
3326471,9.753760516795603,13
3326472,10.0,1
3326480,9.856027432952793,8
3326484,9.943787410465273,4
3326485,10.0,1
3326490,9.911197716800642,5
3326506,9.659960174081679,16
3326513,9.87310310499175,7
3326523,9.790338744200065,10
3326532,9.82103948488822,9
3326544,9.725079677028413,12
3326557,9.533338144508491,13
3326564,9.868085863309089,7
3326572,9.822110462779966,8
3326580,9.839489140014933,8
3326592,9.729372100661339,12
3326593,10.0,1
3326601,9.852851520044688,8
3326609,9.859725714451955,8
3326610,10.0,1
3326620,9.823671464330117,10
3326626,9.88822209948033,6
3326634,9.865161636924936,8
3326642,9.831229265684316,8
3326650,9.86172459532391,8
3326657,9.884665131202603,7
3326674,9.599782310261213,17
3326680,9.899853533995353,6
3326694,9.702253616690095,14
3326703,9.814973000168225,9
3326712,9.808390621036216,9
3326723,9.755327948401339,11
3326732,9.833566046373667,9
3326738,9.915074160518003,6
3326744,9.894392867361299,6
3326745,10.0,1
3326756,9.757182599579927,11
3326759,9.954418509343961,3
3326772,9.69625909642993,13
3326787,9.614579002894638,15
3326797,9.783900278736711,10
3326806,9.834070669117969,9
3326813,9.84881616178533,7
3326818,9.918467294756582,5
3326826,9.870997469391998,8
3326838,9.745086476648083,12
3326842,9.945824296871717,4
3326853,9.764944873680477,11
3326866,9.529949201588892,13
3326877,9.753042260447597,11
3326884,9.861360816798967,7
3326899,9.693892258620483,15
3326905,9.89111580161188,6
3326918,9.708064404656112,13
3326926,9.832710870420676,8
3326935,9.842622918955762,9
3326952,9.597393645180695,17
3326955,9.95917739825945,3
3326968,9.72592928705658,13
3326969,10.0,1
3326983,9.680189638763395,14
3326995,9.73614212722736,12
3326999,9.93823924767825,4
3327008,9.821448392362711,9
3327009,10.0,1
3327026,9.597674333552645,17
3327036,9.776334805309093,10
3327053,9.588655347698312,17
3327062,9.617319659361874,9
3327072,9.798713656290776,10
3327079,9.876734466109289,7
3327089,9.78230868612885,10
3327100,9.771121870493223,11
3327103,9.948279066536676,3
3327110,9.84933146593305,7
3327119,9.81753388848388,9
3327141,9.58218889287027,22
3327157,9.658635277926889,16
3327170,9.709168894849368,13
3327184,9.746251166570989,14
3327195,9.74740223246809,11
3327211,9.6267185198073,16
3327224,9.753269003576422,13
3327237,9.703767028568887,13
3327245,9.852569606163799,8
3327255,9.815300887235972,10
3327256,10.0,1
3327262,9.874953512822604,6
3327269,9.888989459105046,7
3327277,9.87443938233921,8
3327292,9.665221203308107,15
3327302,9.819331713943612,10
3327313,9.755032669478467,11
3327322,9.835628294908567,9
3327328,9.890403851785786,6
3327333,9.922750325624959,5
3327341,9.838998449051758,8
3327359,9.57746672407295,18
3327368,9.831731557769784,9
3327373,9.916481448741406,5
3327376,9.972811641461593,3
3327381,9.912861963562122,5
3327391,9.805337847989398,10
3327400,9.851227870217754,9
3327409,9.805653334321581,9
3327414,9.918085158769378,5
3327417,9.966455804080988,3
3327429,9.717061221607597,12
3327441,9.74255229056279,12
3327445,9.936710862006468,4
3327450,9.915690500244466,5
3327465,9.69932833240925,15
3327479,9.667395526223771,14
3327482,9.96724466299582,3
3327494,9.72138196204314,12
3327502,9.837167389339102,8
3327509,9.885986640019873,7
3327510,10.0,1
3327511,10.0,1
3327516,9.914830196141898,5
3327517,9.989275462516714,1
3327519,9.97911833032293,2
3327528,9.801641461949139,9
3327542,9.661979930528505,14
3327551,9.802324973133539,9
3327553,9.97071704707364,2
3327570,9.658838246505084,17
3327575,9.905184819632154,5
3327581,9.90071035501119,6
3327592,9.780386292837115,11
3327598,9.875259170670155,6
3327609,9.767319361867695,11
3327616,9.844440545343536,7
3327629,9.710306006482192,13
3327634,9.904132988326143,5
3327638,9.93818623863195,4
3327652,9.717334251019548,14
3327656,9.94457699701572,4
3327666,9.765636523345398,10
3327673,9.8888306589143,7
3327674,9.996390047525182,1
3327684,9.795812439323205,10
3327697,9.705686148758431,13
3327703,9.88331925322294,6
3327714,9.779562842828254,11
3327716,9.969903630255411,2
3327717,10.0,1
3327727,9.79805171255794,10
3327739,9.750745969111733,12
3327759,9.528500457437026,20
3327760,10.0,1
3327767,9.862389285422664,7
3327772,9.910724298281465,5
3327778,9.901244426363409,6
3327785,9.882524576594383,7
3327795,9.828509697963955,10
3327805,9.799476334284632,10
3327814,9.826660137577926,9
3327823,9.839332670492468,9
3327832,9.839975657264409,9
3327835,9.955176881546864,3
3327843,9.842093261937332,8
3327854,9.729215482990552,11
3327864,9.800383514289097,10
3327874,9.814132074160977,10
3327878,9.940199618849302,4
3327893,9.626617239531418,15
3327894,10.0,1
3327908,9.672821447306795,14
3327919,9.775030305085348,11
3327926,9.881730558448247,7
3327929,9.954513469788578,3
3327934,9.918496356666278,5
3327944,9.784935644899257,10
3327956,9.772276758158208,12
3327967,9.763582404024076,11
3327982,9.680495812023798,15
3327983,10.0,1
3327993,9.82928877768138,10
3328002,9.805729047192674,9
3328011,9.831217666310836,9
3328020,9.829968177867356,9
3328025,9.904312218108101,5
3328027,9.98508718376879,2
3328033,9.906353815331052,6
3328037,9.940353671686797,4
3328046,9.846145026120277,9
3328064,9.553567181729223,18
3328079,9.647895095358614,15
3328082,9.95634571041752,3
3328086,9.936079238609945,4
3328093,9.871342762089904,7
3328103,9.813168224413271,10
3328113,9.706255693743278,10
3328114,10.0,1
3328124,9.784685639047625,10
3328134,9.806193048524642,10
3328135,10.0,1
3328147,9.735419709506996,12
3328161,9.691494195823587,14
3328173,9.77008695329655,12
3328175,9.975184863731013,2
3328184,9.806217831677312,9
3328186,9.971495453859859,2
3328194,9.843114869688666,8
3328203,9.8065128153389,9
3328207,9.934592482360236,4
3328225,9.133494721106334,18
3328240,9.638612472879604,15
3328250,9.758039457725657,10
3328256,9.904966597239723,6
3328264,9.849547430429423,8
3328274,9.8049087253751,10
3328275,10.0,1
3328278,9.971322976095898,3
3328283,9.923072211113382,5
3328292,9.817211825704813,9
3328302,9.777785634443667,10
3328313,9.817476669010361,11
3328322,9.835499487528988,9
3328330,9.873587911757333,8
3328343,9.716166879524494,13
3328352,9.831535219827538,9
3328355,9.950731855919663,3
3328363,9.867373698355529,8
3328375,9.722866862056676,12
3328383,9.837667607467546,8
3328389,9.884434369832688,6
3328401,9.735473783350631,12
3328415,9.701797766834016,14
3328421,9.88721029681089,6
3328435,9.683510825775356,14
3328447,9.733853325544128,12
3328458,9.783504346560873,11
3328463,9.913965255910034,5
3328472,9.818465542815296,9
3328481,9.83825159842402,9
3328490,9.799303911002376,9
3328510,9.553400009988012,20
3328518,9.845327134939868,8
3328538,9.572103048398471,20
3328554,9.674129465113861,16
3328571,9.604023206287915,17
3328582,9.752903848370782,11
3328589,9.882015509029985,7
3328593,9.934524206073057,4
3328594,9.988404489188357,1
3328602,9.868919986469988,8
3328606,9.925466625802855,4
3328631,6.98313944662242,25
3328640,9.616095193311587,9
3328649,9.806999011262,9
3328654,9.700360091545349,5
3328667,9.756354210859627,13
3328670,9.96946755932651,3
3328685,9.65466217587731,15
3328692,9.879537186348358,7
3328693,10.0,1
3328711,9.552543472237348,18
3328717,9.884363409818453,6
3328734,9.597600199128625,17
3328745,9.758164820886632,11
3328755,9.825393749237582,10
3328767,9.722534531672917,12
3328768,9.996735646749352,1
3328772,9.950423568339408,4
3328783,9.754877934157767,11
3328789,9.873920831070983,6
3328798,9.815596895129138,9
3328806,9.850846823247716,8
3328814,9.837525748331005,8
3328824,9.784199048787926,10
3328825,10.0,1
3328835,9.781154977641465,10
3328848,9.6913407841632,13
3328858,9.781313415965492,10
3328869,9.816160752860608,11
3328874,9.935112757411229,5
3328893,9.583120934712344,19
3328900,9.888699750436905,7
3328911,9.764304067895687,11
3328920,9.864211865522387,9
3328923,9.967384124053932,3
3328932,9.802409472579123,9
3328947,9.680188138649674,15
3328951,9.934231476546737,4
3328960,9.819039918985688,9
3328967,9.865610106008363,7
3328982,9.65326261953169,15
3328985,9.965853020493562,3
3328997,9.781877865247498,12
3329009,9.732110795025147,12
3329018,9.81710777415059,9
3329038,9.648464010481979,20
3329049,9.760243300961156,11
3329057,9.854941845008813,8
3329067,9.809522859786567,10
3329069,9.97700771539191,2
3329073,9.949211913257173,4
3329083,9.773118890843277,10
3329095,9.780440470126083,12
3329109,9.70926451126683,14
3329110,10.0,1
3329121,9.674157035815679,11
3329139,9.483567275651339,18
3329143,9.729204204799993,4
3329149,9.894885165132218,6
3329153,9.943842088097755,4
3329160,9.880018953612337,7
3329170,9.77829979339343,10
3329181,9.743429110134675,11
3329182,10.0,1
3329193,9.764708019988351,11
3329204,9.765634759111192,11
3329210,9.870783445447316,6
3329211,10.0,1
3329238,9.425023598134825,27
3329246,9.856554520625135,8
3329252,9.899919286514365,6
3329262,9.795022721480404,10
3329266,9.922422428110513,4
3329275,9.639601768723194,9
3329292,9.580203942378049,17
3329359,8.67127720062139,67
3329360,10.0,1
3329372,9.618773818566583,12
3329380,9.837822970973185,8
3329387,9.905391204200587,7
3329396,9.81851607181155,9
3329402,9.908222895675712,6
3329418,9.631244369666284,16
3329428,9.814687815579994,10
3329436,9.864504395280628,8
3329441,9.930567126851523,5
3329444,9.962236577570529,3
3329452,9.834923689039268,8
3329453,10.0,1
3329467,9.71417633428695,14
3329482,9.655398600854008,15
3329483,10.0,1
3329485,9.977584211875458,2
3329492,9.8742958632162,7
3329494,9.972588401092798,2
3329505,9.775431670959653,11
3329511,9.904323721486522,6
3329522,9.769818434919717,11
3329530,9.820627991561322,8
3329538,9.851842236342469,8
3329544,9.903768715255687,6
3329552,9.852468598426618,8
3329566,9.705183900368114,14
3329571,9.913819159627964,5
3329577,9.671124686130511,6
3329585,9.853587025605822,8
3329589,9.928849225484239,4
3329602,9.692141642098555,13
3329616,9.70473903348001,14
3329621,9.911461751172805,5
3329629,9.845206888069493,8
3329641,9.764235160498483,12
3329649,9.84819017908976,8
3329650,10.0,1
3329657,9.856115194952126,7
3329663,9.892000076094577,6
3329675,9.756955163465715,12
3329676,10.0,1
3329686,9.777800223836016,10
3329700,9.729803531986748,14
3329702,9.9769037273517,2
3329716,9.720198974307285,14
3329723,9.853974257451327,7
3329740,9.60198769503576,17
3329750,9.78307082185539,10
3329763,9.735751931912935,13
3329773,9.785424736345302,10
3329790,9.580556016844913,17
3329796,9.890011553121996,6
3329809,9.70962564848868,13
3329820,9.750269687563017,11
3329828,9.88089535624123,8
3329839,9.782841860358243,11
3329854,9.646381788435633,15
3329859,9.91234607037037,5
3329863,9.94113917080133,4
3329873,9.79376181567313,10
3329886,9.69844933460027,13
3329894,9.874533027956884,8
3329897,9.969261759055492,3
3329913,9.638973055219244,16
3329922,9.83679351221512,9
3329940,9.58581292341475,18
3329945,9.911957484993659,5
3329954,9.825096252554248,9
3329960,9.911782981762213,6
3329972,9.738573150998164,12
3329973,10.0,1
3329981,9.825323111596619,8
3329997,9.591351024445053,16
3330006,9.80811110345745,9
3330013,9.873693272570492,7
3330019,9.882909884701908,6
3330031,9.743148916755647,12
3330039,9.865449364302767,8
3330041,9.969277005009522,2
3330045,9.930438374228086,4
3330048,9.856193815913818,3
3330061,9.70394539060984,13
3330065,9.934856225211442,4
3330076,9.774945129156636,11
3330079,9.953574805146484,3
3330083,9.936684015536168,4
3330107,9.532585795103104,24
3330111,9.943990292289289,4
3330115,9.942493103984432,4
3330122,9.883548685204186,7
3330125,9.955084341345241,3
3330135,9.804770529222054,10
3330139,9.935151854387579,4
3330145,9.896439174229535,6
3330160,9.659854426370591,15
3330162,9.97131531000839,2
3330178,9.625823556987593,16
3330182,9.929783415601317,4
3330188,9.89943957509437,6
3330195,9.883960217098538,7
3330201,9.892260603114881,6
3330215,9.736536962021589,14
3330227,9.712640969731192,12
3330242,9.677081448997992,15
3330251,9.82276829904632,9
3330256,9.924842816296561,5
3330264,9.863111919673178,8
3330266,9.976207970150892,2
3330277,9.766947055876637,11
3330287,9.786359059037546,10
3330300,9.704158795896785,13
3330301,9.993110343633113,1
3330302,10.0,1
3330303,9.991328741756075,1
3330316,9.684412054937704,13
3330325,9.821040852574745,9
3330333,9.825706700580971,8
3330343,9.811462111818244,10
3330353,9.821520781698764,10
3330364,9.750305326669865,11
3330372,9.818663556357563,8
3330383,9.734464269805205,11
3330384,10.0,1
3330393,9.812789157650135,9
3330402,9.821238092485938,9
3330404,9.970803507321667,2
3330415,9.762764061897085,11
3330426,9.79219398130304,11
3330432,9.904433676250775,6
3330443,9.75812943349627,11
3330446,9.969643531899655,3
3330447,10.0,1
3330451,9.938533758890207,4
3330454,9.955144251095096,3
3330460,9.88959336920724,6
3330492,6.105272677062038,32
3330499,9.883663050815008,7
3330509,9.785752034193228,10
3330516,9.87755575079071,7
3330527,9.774046285503607,11
3330538,9.750101515986477,11
3330539,9.993156738390084,1
3330545,9.897880159718936,6
3330551,9.898047238360483,6
3330560,9.874668462826603,9
3330570,9.80752036180734,10
3330586,9.632371232876162,16
3330596,9.80118964695795,10
3330602,9.893533123488446,6
3330610,9.825875264887339,8
3330625,9.680757448087652,15
3330641,9.686922523951322,16
3330657,9.645462277153683,16
3330669,9.734532999502655,12
3330681,9.724694700277539,12
3330682,10.0,1
3330692,9.787706301565017,10
3330702,9.762079518879595,10
3330709,9.861638049239883,7
3330713,9.936646487299292,4
3330716,9.960869871081748,3
3330727,9.771718557329446,11
3330734,9.888889876635908,7
3330738,9.94098385040282,4
3330745,9.861314832384029,7
3330756,9.775880418070471,11
3330763,9.877744130871239,7
3330766,9.959746976449395,3
3330783,9.622670943725677,17
3330786,9.95317350662778,3
3330792,9.911908270889256,6
3330805,9.72320347044776,13
3330806,10.0,1
3330818,9.771247748836407,12
3330829,9.757805079506433,11
3330838,9.818133794664284,9
3330839,10.0,1
3330840,10.0,1
3330844,9.951030255469707,4
3330851,9.889135381756937,7
3330858,9.863637373197914,7
3330864,9.899530416164929,6
3330875,9.765894046200538,11
3330881,9.891097115581427,6
3330882,9.988706669558216,1
3330898,9.639097238784814,16
3330908,9.795929761408027,10
3330911,9.95841103659071,3
3330923,9.724151346306009,12
3330935,9.751096713905476,12
3330943,9.833731848026082,8
3330948,9.888229176667192,5
3330956,9.82742162285483,8
3330959,9.964183448932253,3
3330971,9.741142873240811,12
3330972,10.0,1
3330983,9.76902946840801,11
3330997,9.686004805863424,14
3330998,9.992540329443617,1
3331008,9.774743653628668,10
3331025,9.625629290993107,17
3331034,9.816864134546691,9
3331043,9.798603001486962,9
3331054,9.804490229532735,11
3331058,9.938185089974533,4
3331070,9.754667687956568,12
3331082,9.766467454970247,12
3331089,9.861837103453817,7
3331105,9.650355829691835,16
3331114,9.817435554518825,9
3331115,10.0,1
3331123,9.833725698005637,8
3331124,9.993162062416815,1
3331139,9.668853344897368,15
3331151,9.736966465368836,12
3331157,9.878564667963095,6
3331160,9.961877620134137,3
3331164,9.936211986126747,4
3331170,9.872271511660584,6
3331181,9.781549543128834,11
3331197,9.588606854584906,16
3331209,9.77292215389999,12
3331214,9.916189127454066,5
3331215,10.0,1
3331216,10.0,1
3331220,9.949655156589683,4
3331225,9.911729747456176,5
3331236,9.781199753444838,11
3331246,9.773472927614282,10
3331251,9.910537200191845,5
3331270,9.59462852955884,19
3331278,9.862740920713176,8
3331281,9.957914351752159,3
3331307,9.263693123332748,26
3331330,9.402204148489488,23
3331331,10.0,1
3331337,9.888842721793342,6
3331350,9.750385438361178,13
3331363,9.734022543924942,13
3331376,9.718029677364836,13
3331389,9.681407724880266,13
3331395,9.88150956076428,6
3331401,9.778869283692753,6
3331416,9.645367764713765,15
3331423,9.870422436270585,7
3331432,9.816573877627778,9
3331439,9.879501792649732,7
3331446,9.884913199149805,7
3331461,9.663690356683759,15
3331465,9.940631608296302,4
3331470,9.922211137061607,5
3331473,9.963186474878366,3
3331478,9.899458923750203,5
3331479,10.0,1
3331485,9.886819057599,6
3331490,9.914901443177369,5
3331495,9.93053794638407,5
3331503,9.869441824838452,8
3331515,9.714153284849386,12
3331523,9.84094208749998,8
3331524,10.0,1
3331538,9.682891244422903,14
3331542,9.939699183944699,4
3331543,10.0,1
3331549,9.903075529227342,6
3331557,9.85514218826641,8
3331571,9.037143754802063,14
3331586,9.672709579337964,15
3331594,9.840962671756783,8
3331602,9.856641548317688,8
3331611,9.825413751709634,9
3331624,9.70816519070784,13
3331663,9.134287787434044,39
3331671,9.858459612460967,8
3331682,9.778384292444674,11
3331683,10.0,1
3331689,9.888212295513444,6
3331698,9.805486349094261,9
3331709,9.760846938535648,11
3331715,9.875741623640721,6
3331731,9.619392311587415,16
3331743,9.744930322683482,12
3331747,9.945249438902707,4
3331749,9.974824727787924,2
3331755,9.793050839510423,6
3331758,9.953247060669792,3
3331767,9.830468908363914,9
3331777,9.791011931937122,10
3331788,9.749617390287025,11
3331794,9.903381044924332,6
3331806,9.753869869784902,12
3331814,9.858964653747396,8
3331821,9.85675296633862,7
3331832,9.783985644063884,11
3331858,9.404382558758108,26
3331880,9.536347046764083,22
3331891,9.755894876786995,11
3331901,9.78126879977125,10
3331909,9.861259866902671,8
3331919,9.787146450725594,10
3332041,8.255165678969057,122
3332046,9.919855811549672,5
3332052,9.909832996273128,6
3332059,9.886111997684166,7
3332072,9.769326317385966,13
3332081,9.794839151868237,9
3332089,9.827009751911636,8
3332090,9.989704872000523,1
3332097,9.883214271562364,7
3332103,9.902184834794367,6
3332106,9.95453577825795,3
3332117,9.760504785324105,11
3332132,9.668359790551722,15
3332146,9.71880434951045,14
3332156,9.820709511744608,10
3332165,9.840151207464796,9
3332166,10.0,1
3332175,9.793777714964897,9
3332185,9.792787581603028,10
3332195,9.594692031663259,10
3332208,9.752189218217447,13
3332214,9.916001502534462,6
3332219,9.912574309590577,5
3332227,9.852446151757295,8
3332228,9.992423334040268,1
3332232,9.929026443740174,4
3332235,9.948160861040323,3
3332251,9.641558626321284,16
3332258,9.875198091779327,7
3332265,9.881844739239709,7
3332275,9.781333258363752,10
3332288,9.725430628878703,13
3332297,9.623776331302606,9
3332308,9.774038959878544,11
3332319,9.756651741297356,11
3332330,9.789064551685149,11
3332340,9.796834938083357,10
3332343,9.951404716459962,3
3332348,9.912302471057448,5
3332351,9.969249288310461,3
3332362,9.750612593002657,11
3332373,9.75063952731277,11
3332387,9.501944945658055,14
3332401,9.70274401105024,14
3332414,9.722202557960907,13
3332417,9.968392666184968,3
3332427,9.813742545798982,10
3332428,10.0,1
3332429,10.0,1
3332441,9.754116562813945,12
3332442,10.0,1
3332451,9.796021864030676,9
3332459,9.859546401198719,8
3332473,9.712074917245378,14
3332475,9.980851892630374,2
3332480,9.915068776772253,5
3332487,9.873766364534887,7
3332495,9.843552558389177,8
3332505,9.772940126369297,10
3332513,9.85311331836805,8
3332522,9.836856711395063,9
3332532,9.679055816858908,10
3332549,9.590128514673218,17
3332554,9.906881672025868,5
3332560,9.8801010859657,6
3332574,9.69756332852604,14
3332582,9.854805726396497,8
3332588,9.882699850821755,6
3332589,10.0,1
3332597,9.85615281536198,8
3332613,9.642835398202093,16
3332626,9.684723173480068,13
3332627,10.0,1
3332638,9.765448449310865,11
3332644,9.887408570155644,6
3332654,9.816810355167709,10
3332662,9.865500068047387,8
3332674,9.727501700403735,12
3332675,10.0,1
3332686,9.768215219616264,11
3332700,9.667171585202269,14
3332713,9.681520603385145,13
3332723,9.791268850163696,10
3332728,9.907773455268188,5
3332732,9.931219886178344,4
3332741,9.80023755881778,9
3332744,9.947488679900873,3
3332745,9.99257122012365,1
3332759,9.690019579763957,14
3332764,9.911880367108441,5
3332771,9.863313200200578,7
3332779,9.5573224844935,8
3332793,9.738566176213876,14
3332806,9.765648507712926,13
3332814,9.83825161457999,8
3332826,9.748688426293784,12
3332832,9.888318089338245,6
3332833,9.996144293317622,1
3332847,9.689895017683815,14
3332859,9.766319813132647,12
3332873,9.665443980310583,14
3332877,9.94670132579936,4
3332878,10.0,1
3332880,9.979752109181407,2
3332887,9.852317840463167,7
3332888,10.0,1
3332897,9.833609399676023,9
3332898,9.987990897069887,1
3332912,9.673024701361292,14
3332926,9.701736680721327,14
3332938,9.743650621085827,12
3332944,9.911661414304417,6
3332955,9.774369912831837,11
3332963,9.841885333405864,8
3332974,9.676562293253093,11
3332981,9.87318340025902,7
3332992,9.780682171292431,11
3333010,9.589525898950278,18
3333011,9.99268376398489,1
3333019,9.878928802379075,8
3333029,9.809812214122331,10
3333034,9.91530713263378,5
3333047,9.699842046220322,13
3333058,9.790744153539306,11
3333066,9.86436716698711,8
3333077,9.781106555325952,11
3333090,9.725915297561547,13
3333091,10.0,1
3333099,9.844492087017198,8
3333104,9.93177001401572,5
3333110,9.90399943958213,6
3333117,9.866595705873635,7
3333133,9.633617298868707,16
3333134,9.996490698277293,1
3333148,9.646675569759603,14
3333159,9.75541002916325,11
3333173,9.715473863358522,14
3333176,9.948416830796813,3
3333182,9.87652846469876,6
3333187,9.921570225551376,5
3333192,9.929136528628536,5
3333206,9.496691554223974,14
3333214,9.86002852435088,8
3333215,9.996656277247212,1
3333221,9.872751860268739,6
3333232,9.75614299601954,11
3333249,9.596576966828072,17
3333258,9.837579304315772,9
3333268,9.772804883044824,10
3333272,9.940432194020566,4
3333278,9.891409231856795,6
3333288,9.787986633493864,10
3333297,9.812073809051421,9
3333298,9.992793799744588,1
3333309,9.775262626922613,11
3333313,9.640566305711472,4
3333323,9.79999402533623,10
3333332,9.801697677997947,9
3333337,9.91365872456883,5
3333342,9.90556580192792,5
3333354,9.745019677973561,12
3333364,9.778049595975812,10
3333374,9.805182656836225,10
3333390,9.656200771931719,16
3333406,9.6872148399254,16
3333419,9.707849502184267,13
3333425,9.891774116684603,6
3333437,9.664777532979665,12
3333441,9.94738014744057,4
3333444,9.956758550740954,3
3333453,9.810877157453108,9
3333471,9.666338857700554,18
3333477,9.888457285958735,6
3333492,9.700465805931762,15
3333497,9.912553507987997,5
3333503,9.898416617352336,6
3333515,9.743736601463858,12
3333522,9.85200132171521,7
3333534,9.776458214024837,12
3333542,9.836753803908032,8
3333546,9.730721932106347,4
3333555,9.824400812508342,9
3333568,9.70374431354859,13
3333569,10.0,1
3333578,9.815124973774521,9
3333587,9.824539146096834,9
3333600,9.745336565249014,13
3333606,9.888261320564647,6
3333612,9.907731350644491,6
3333617,9.914154544601924,5
3333623,9.889813572504893,6
3333634,9.764590386585425,11
3333642,9.876017417332793,8
3333643,10.0,1
3333650,9.861532998647428,7
3333679,9.51742836268836,29
3333692,9.724975287585867,13
3333698,9.899357189507008,6
3333709,9.76786966539812,11
3333718,9.826291426915345,9
3333725,9.884264803861992,7
3333726,10.0,1
3333737,9.765318388711584,11
3333749,9.73701265527237,12
3333755,9.904557227193534,6
3333763,9.819737047397622,8
3333765,9.971859713753952,2
3333776,9.760420247972744,11
3333785,9.801477999854303,9
3333786,9.996684411578489,1
3333788,9.981077604915363,2
3333803,9.702204172469076,15
3333808,9.914359830866653,5
3333819,9.786916035849792,11
3333832,9.728099223555997,13
3333834,9.971691424500682,2
3333844,9.785581986194758,10
3333852,9.847876917059777,8
3333861,9.816906297841916,9
3333869,9.840356613359583,8
3333876,9.863864653893152,7
3333877,9.996260133346432,1
3333889,9.73505291848796,12
3333901,9.741629279491958,12
3333907,9.888227054144673,6
3333923,9.63172413452512,16
3333933,9.7969283485842,10
3333936,9.964824432741,3
3333937,10.0,1
3333939,9.975215012999964,2
3333949,9.790100991915876,10
3333950,9.996383266750728,1
3333951,10.0,1
3333977,9.507295310147075,26
3333978,10.0,1
3333986,9.820505426942889,8
3333994,9.845337690628075,8
3334005,9.748315663289407,11
3334008,9.969974571149349,3
3334019,9.749933193750403,11
3334026,9.870181369180433,7
3334034,9.884288404607476,8
3334039,9.92453666905963,5
3334040,10.0,1
3334044,9.93775547385435,4
3334050,9.902463599951222,6
3334063,9.755967966770543,13
3334070,9.888487945070429,7
3334076,9.888224250436087,6
3334082,9.893850739898687,6
3334089,9.860914709745039,7
3334098,9.822290750634261,9
3334104,9.898025618256055,6
3334117,9.729263406186634,13
3334129,9.759721992818369,12
3334141,9.758817719872686,12
3334147,9.908851734378821,6
3334160,9.732253968600219,13
3334169,9.796044603422917,9
3334186,9.595027575818314,17
3334199,9.730008481026072,13
3334217,9.64536300041496,18
3334224,9.855983667627768,7
3334229,9.91161373061046,5
3334240,9.764301344025146,11
3334244,9.934156863114358,4
3334267,9.463783969027734,23
3334271,9.939008395634403,4
3334281,9.8125529471855,10
3334294,9.710396399648008,13
3334295,10.0,1
3334313,9.580005209901167,18
3334322,9.82415017559911,9
3334331,9.820220817866497,9
3334334,9.967185817109195,3
3334339,9.910309866736522,5
3334349,9.81377939160113,10
3334352,9.950425492793263,3
3334362,9.811237283332986,10
3334370,9.857414442234303,8
3334380,9.773990922348837,10
3334394,9.699198070421946,14
3334402,9.83149012252735,8
3334410,9.865760828451794,8
3334414,9.928471331980676,4
3334421,9.88832681411649,7
3334437,9.660896125880152,16
3334447,9.787817494115766,10
3334452,9.941031610885918,5
3334461,9.825802241688102,9
3334473,9.721265717217133,12
3334482,9.635298245124293,9
3334495,9.728188256645353,13
3334503,9.824931156993506,8
3334504,9.993484437294759,1
3334513,9.824312726237117,9
3334520,9.880584830893012,7
3334526,9.900926950336357,6
3334540,9.747884646840282,14
3334543,9.955515515700764,3
3334557,9.692825362861068,14
3334558,10.0,1
3334564,9.875969369842345,6
3334578,9.669318584128701,14
3334588,9.834619828181486,10
3334603,9.696599871778616,15
3334608,9.919024161939566,5
3334617,9.832104466283779,9
3334627,9.801448241615843,10
3334643,9.625306784212288,16
3334644,10.0,1
3334650,9.888547627948045,6
3334659,9.731488887410817,9
3334664,9.923938626834072,5
3334668,9.926237111568621,4
3334672,9.946492670796792,4
3334682,9.793132224179447,10
3334692,9.776850981439017,10
3334695,9.970499558457488,3
3334702,9.881228764706389,7
3334710,9.828714346631283,8
3334720,9.812277407828592,10
3334732,9.743981915658024,12
3334736,9.935543474582131,4
3334743,9.87521908532755,7
3334752,9.844183798656173,9
3334754,9.97618751413776,2
3334758,9.933435608362883,4
3334777,9.564612941054708,19
3334788,9.757997622537626,11
3334795,9.854945217964243,7
3334807,9.743475436100416,12
3334815,9.814749879116466,8
3334822,9.872537855071819,7
3334827,9.929279846676307,5
3334841,9.693575590532848,14
3334851,9.80544595373318,10
3334861,9.79821191598489,10
3334868,9.868022763782552,7
3334875,9.877083096290582,7
3334887,9.779196889765913,12
3334902,9.664497017975792,15
3334905,9.952693850095416,3
3334910,9.912423066065031,5
3334922,9.762821745291905,12
3334933,9.781760915554353,11
3334941,9.8673143969986,8
3334953,9.725568936822077,12
3334966,9.718579083955156,13
3334973,9.859356564129108,7
3334988,9.696526862093098,15
3334993,9.913745915883789,5
3334997,9.93429370024821,4
3335001,9.938603463735804,4
3335006,9.916504383168677,5
3335011,9.919433886986297,5
3335023,9.737992539610946,12
3335024,10.0,1
3335026,9.978863256090452,2
3335035,9.799006656996104,9
3335051,9.638869303662034,16
3335053,9.975989363893614,2
3335074,9.577135653541466,21
3335085,9.751582636714904,11
3335094,9.79865409434115,9
3335103,9.81597503660356,9
3335112,9.805775216714844,9
3335121,9.822109231959503,9
3335132,9.761087290577972,11
3335145,9.71261924022578,13
3335146,10.0,1
3335158,9.772103241076431,12
3335168,9.831531484238871,10
3335184,9.622805366589569,16
3335190,9.885712702921024,6
3335194,9.935674269540108,4
3335195,10.0,1
3335196,9.989503080073064,1
3335212,9.59889538343489,16
3335231,9.546479123741038,19
3335244,9.720708874182655,13
3335258,9.694769262406586,14
3335268,9.768243271145877,10
3335274,9.909490731050585,6
3335295,4.99451232267216,21
3335306,9.759831262931655,11
3335317,9.769188427173905,11
3335327,9.782155808296604,10
3335336,9.809374812420282,9
3335342,9.895171470248002,6
3335353,9.776379957258627,11
3335358,9.915942760148948,5
3335371,9.706923779637867,13
3335372,9.988417750491285,1
3335375,9.948609540141412,3
3335382,9.857121505675032,7
3335384,9.977051708749437,2
3335396,9.743248465234853,12
3335402,9.880920826514696,6
3335406,9.932744592867428,4
3335424,9.677908610866261,18
3335433,9.809893346506618,9
3335434,10.0,1
3335451,9.568695661264133,17
3335464,9.727834275323984,13
3335469,9.908949863050546,5
3335470,10.0,1
3335480,9.783812114231475,10
3335486,9.911559149841729,6
3335490,9.93822903728717,4
3335497,9.86341095942642,7
3335507,9.761040362202596,10
3335509,9.974573588559057,2
3335513,9.927527121944372,4
3335523,9.785503952868732,10
3335540,9.61049578917334,17
3335558,9.61437791709782,18
3335568,9.784021805383741,10
3335580,9.748874745562386,12
3335598,9.589858035244967,18
3335608,9.786338323880534,10
3335612,9.940136713046186,4
3335630,9.61933034027196,18
3335639,9.822166107372587,9
3335645,9.901001015277876,6
3335651,9.700752747270977,6
3335659,9.834394625091647,8
3335662,9.963279433759132,3
3335669,9.860466963420016,7
3335674,9.907235151150463,5
3335684,9.816444313867619,10
3335688,9.949288966450622,4
3335691,9.954054556679974,3
3335700,9.834491718699004,9
3335701,10.0,1
3335709,9.831979443040376,8
3335716,9.885925077359317,7
3335723,9.871932310657256,7
3335736,9.712451077302632,13
3335737,10.0,1
3335748,9.762744154646363,11
3335752,9.93711556631421,4
3335758,9.878931271695661,6
3335771,9.720793192555359,13
3335774,9.964597279330265,3
3335781,9.887078617553657,7
3335788,9.884399598355808,7
3335791,9.963571848897342,3
3335796,9.904089620507664,5
3335801,9.834212948883682,5
3335805,9.942152012878609,4
3335809,9.94585987504646,4
3335815,9.89220231520709,6
3335826,9.765792046833557,11
3335833,9.881390207523763,7
3335834,9.99341216635262,1
3335840,9.90364069666021,6
3335849,9.825253828670013,9
3335857,9.860547736520111,8
3335867,9.806573447990525,10
3335874,9.860009759961885,7
3335877,9.948267863550873,3
3335882,9.917527626874785,5
3335883,10.0,1
3335889,9.916527309910785,6
3335901,9.72904394499782,12
3335909,9.858695382165049,8
3335921,9.748837789258957,12
3335933,9.812676887441986,12
3335934,10.0,1
3335940,9.900424057351369,6
3335945,9.917113060901038,5
3335955,9.692072955448555,10
3335964,9.84188173105369,9
3335974,9.81667813609697,10
3335988,9.688430506504742,14
3335991,9.967831889983831,3
3336002,9.733676912985263,11
3336019,9.664207234302003,17
3336027,9.8418748002847,8
3336035,9.852003581976243,8
3336041,9.910625171521778,6
3336049,9.83981698458105,8
3336050,10.0,1
3336064,9.675958754378229,14
3336074,9.778589380882675,10
3336084,9.762862125696836,10
3336100,9.63432597905633,16
3336102,9.980984616086472,2
3336110,9.84747739276648,8
3336115,9.91472503699388,5
3336128,9.709542793249168,13
3336132,9.942830568884432,4
3336141,9.828133345190755,9
3336147,9.907446698048194,6
3336151,9.937735873423408,4
3336164,9.685861238009839,13
3336170,9.905435121980291,6
3336174,9.952988345591992,4
3336186,9.727318431937055,12
3336195,9.787589620299174,9
3336204,9.643402007876304,9
3336207,9.959688475609962,3
3336211,9.928685964857921,4
3336221,9.779496124100325,10
3336231,9.808526148680672,10
3336242,9.756611005848967,11
3336243,10.0,1
3336244,10.0,1
3336249,9.824985347667885,5
3336255,9.885927830174396,6
3336265,9.787383027989296,10
3336276,9.748279096902348,11
3336287,9.767533981748961,11
3336296,9.797896395811906,9
3336306,9.78725357852561,10
3336312,9.885971736094243,6
3336316,9.941526209876617,4
3336318,9.876488329956047,2
3336324,9.901762107525258,6
3336341,9.596553449202874,17
3336349,9.833562474016563,8
3336362,9.654814319873156,13
3336371,9.824577992976117,9
3336374,9.9645442950383,3
3336383,9.82618413466266,9
3336398,9.697745352021109,15
3336406,9.847475278721229,8
3336415,9.8108701604292,9
3336422,9.8513916911799,7
3336426,9.938521611828168,4
3336437,9.759046734624944,11
3336447,9.84254878262381,10
3336458,9.767947297908968,11
3336466,9.858979862316318,8
3336475,9.80735997963136,9
3336480,9.91373528217676,5
3336489,9.844718807236733,9
3336508,9.539836537830798,19
3336513,9.917315893560568,5
3336523,9.812211954647289,10
3336525,9.976877412132112,2
3336528,9.955440038869872,3
3336537,9.809671115718182,9
3336542,9.929982770365427,5
3336547,9.916735677067203,5
3336560,9.709037679097124,13
3336567,9.769439759390492,7
3336578,9.761019007397127,11
3336583,9.911644114215745,5
3336587,9.939770492805213,4
3336595,9.846672634787282,8
3336602,9.875798809068277,7
3336615,9.71595444450587,13
3336620,9.899227772634728,5
3336629,9.801282334447247,9
3336632,9.961365144259087,3
3336640,9.834188018858924,8
3336652,9.79626565040459,12
3336653,10.0,1
3336662,9.826618298241709,9
3336671,9.789142930921237,9
3336690,9.532007015788418,19
3336697,9.862624524018026,7
3336705,9.84324027944695,8
3336716,9.772071005149233,11
3336728,9.766948349432747,12
3336738,9.784585053821033,10
3336745,9.855332491744479,7
3336762,9.599738118364076,17
3336779,9.478976763314474,17
3336785,9.887556260456087,6
3336791,9.896617424336233,6
3336792,10.0,1
3336798,9.891781194424931,6
3336802,9.944289142466559,4
3336803,10.0,1
3336806,9.965723308813272,3
3336823,9.603513880789187,17
3336828,9.913622979024758,5
3336837,9.795485737740247,9
3336839,9.966967314105862,2
3336847,9.845305366138172,8
3336863,9.65773684615008,16
3336875,9.711650055837426,12
3336880,9.91083921761481,5
3336890,9.78840361272212,10
3336904,9.721065531498514,14
3336909,9.924595887776459,5
3336925,9.649141621093978,16
3336934,9.79304796002838,9
3336944,9.608390936921202,10
3336950,9.88004520468045,6
3336956,9.89420895892128,6
3336961,9.914943196059642,5
3336964,9.960147655876296,3
3336970,9.885780603451114,6
3336976,9.887254603102285,6
3336981,9.905993482329812,5
3336996,9.707008735228635,15
3336999,9.96252166560012,3
3337008,9.80237458215111,9
3337009,10.0,1
3337015,9.881999709429934,6
3337026,9.76586260182629,11
3337036,9.787003228170864,10
3337049,9.71711534511971,13
3337061,9.771775875815894,12
3337071,9.800611081963366,10
3337083,9.812732813394248,12
3337084,10.0,1
3337091,9.859557695240321,7
3337101,9.792511301728577,10
3337117,9.636812014934785,16
3337127,9.777048221630837,10
3337137,9.822653099312367,10
3337144,9.872877141806342,7
3337151,9.866566484179359,7
3337159,9.818395002565758,8
3337168,9.830848409239,9
3337179,9.793177535491992,11
3337180,10.0,1
3337184,9.945260524640984,4
3337192,9.862454358730155,8
3337199,9.883587196893709,7
3337210,9.776402467529621,11
3337216,9.885129356649317,6
3337221,9.928242090670981,5
3337230,9.828906933039804,9
3337235,9.90790791640836,5
3337239,9.950591759376483,4
3337240,9.992812259962127,1
3337248,9.846966860149802,8
3337258,9.829134632845003,10
3337261,9.96630206151115,3
3337269,9.858461735642015,8
3337275,9.895887300527761,6
3337282,9.853950447476755,7
3337283,9.989460495694313,1
3337291,9.850437790087456,8
3337302,9.748626867261958,11
3337314,9.750784704381786,12
3337323,9.819216331967933,9
3337332,9.822355306428204,9
3337344,9.73431259965334,12
3337360,9.749176366102057,16
3337367,9.862209430828795,7
3337379,9.744131391064178,12
3337390,9.769534379546458,11
3337395,9.933591541291715,5
3337404,9.811665407265856,9
3337417,9.71433963130635,13
3337430,9.742380407839084,13
3337447,9.511968438734938,17
3337453,9.910245062209864,6
3337463,9.692711830679082,10
3337474,9.581113276364288,11
3337487,9.71119585180513,13
3337495,9.850223296775704,8
3337498,9.962964815994178,3
3337513,9.655255000406035,15
3337523,9.814198609839691,10
3337529,9.913468427691848,6
3337542,9.719765466494533,13
3337555,9.633503378255687,13
3337558,9.95288032360781,3
3337573,9.664332382141433,15
3337580,9.885775982970536,7
3337589,9.847712700427694,9
3337598,9.813216289757236,9
3337607,9.828866420510975,9
3337612,9.90923532329975,5
3337619,9.857011855824839,7
3337626,9.865198042942227,7
3337630,9.933175151881633,4
3337631,9.988642455134416,1
3337637,9.877722055840978,6
3337654,9.627468678998651,17
3337666,9.758942398447202,12
3337672,9.893905191380123,6
3337680,9.841781393258414,8
3337689,9.824106827517975,9
3337701,9.743414976508069,12
3337705,9.950327042627382,4
3337713,9.86242689008758,8
3337717,9.934317092660013,4
3337721,9.945465047274638,4
3337730,9.811480251340466,9
3337736,9.899610933325048,6
3337741,9.908970739540283,5
3337750,9.845116104636073,9
3337753,9.95443100976871,3
3337756,9.957674012042494,3
3337769,9.726308327138753,13
3337770,9.987758659288684,1
3337778,9.853460272732356,8
3337781,9.960748541153484,3
3337790,9.80071065523702,9
3337801,9.754575578413538,11
3337804,9.966060421876518,3
3337815,9.75621900599309,11
3337816,10.0,1
3337824,9.848974797056545,8
3337836,9.77649896631017,12
3337843,9.87620234584384,7
3337853,9.786966552630723,10
3337856,9.959993671140255,3
3337858,9.979698522149585,2
3337979,7.396472437457649,121
3337985,9.890177336566035,6
3337991,9.714923651259927,6
3337992,10.0,1
3338003,9.764760879857185,11
3338004,9.989226066121784,1
3338012,9.833391405035053,8
3338018,9.873833577991206,6
3338034,9.627776812665473,16
3338049,9.64708466307786,15
3338067,9.580495139780437,18
3338080,9.708672478486916,13
3338091,9.7572743208784,11
3338092,10.0,1
3338100,9.828549855855194,8
3338101,10.0,1
3338107,9.903490246520922,6
3338114,9.876206855971457,7
3338120,9.889902892369626,6
3338136,9.688624070957042,16
3338147,9.749764707618583,11
3338155,9.832637057417196,8
3338163,9.846111203668192,8
3338168,9.932279030877249,5
3338175,9.876137396919923,7
3338178,9.962236458492024,3
3338180,9.970952812121382,2
3338185,9.91998021648213,5
3338194,9.83532774299964,9
3338206,9.78023418808125,12
3338217,9.78307367682841,11
3338236,9.592589380186991,19
3338242,9.893000243816084,6
3338249,9.866137440590093,7
3338253,9.938750825586647,4
3338265,9.720377327353923,12
3338276,9.764101362231541,11
3338285,9.718703056610137,9
3338287,9.980198341744746,2
3338303,9.642552450598235,16
3338309,9.87995730752987,6
3338312,9.958247105145473,3
3338317,9.911662327048507,5
3338329,9.666558363133737,12
3338334,9.914443594900538,5
3338341,9.883536575642161,7
3338349,9.873179607699004,8
3338363,9.672972782455451,14
3338369,9.87123669577097,6
3338370,10.0,1
3338384,9.691084885025697,14
3338390,9.8917449381263,6
3338399,9.830375425656513,9
3338405,9.897222982282495,6
3338406,10.0,1
3338417,9.779214090499227,11
3338425,9.838134396713263,8
3338432,9.85227124508178,7
3338443,9.763052332905847,11
3338448,9.911855633950587,5
3338453,9.920116261525282,5
3338464,9.778542306589406,11
3338468,9.933659673667666,4
3338473,9.907757137068748,5
3338478,9.9203060838942,5
3338483,9.914907843322535,5
3338498,9.693185790991494,15
3338511,9.743301131333082,13
3338517,9.897455697148269,6
3338519,9.978435157863347,2
3338528,9.807931881020563,9
3338533,9.92912723927768,5
3338539,9.888782326166304,6
3338540,10.0,1
3338549,9.819651912740492,9
3338563,9.693827381151408,14
3338572,9.813525559584207,9
3338573,9.996566817456566,1
3338580,9.878440778032683,7
3338581,10.0,1
3338590,9.81568011874661,9
3338595,9.906414170698062,5
3338606,9.782294204012674,11
3338612,9.882179754314672,6
3338626,9.72262392849215,14
3338631,9.914543978951826,5
3338632,10.0,1
3338639,9.876622396828479,7
3338653,9.6874203212639,14
3338658,9.925269428702563,5
3338668,9.77068827685706,10
3338671,9.963908348214005,3
3338673,9.984246677768418,2
3338677,9.946051261190542,4
3338681,9.93060021061922,4
3338683,9.97180365030381,2
3338690,9.873727298295249,7
3338702,9.712315841724845,12
3338715,9.742086968995215,13
3338720,9.893086635831205,5
3338725,9.900398243597152,5
3338738,9.739882961293382,13
3338739,9.995906669552642,1
3338751,9.725297918961893,12
3338754,9.968223767542455,3
3338765,9.770087070241797,11
3338770,9.929854091939799,5
3338779,9.818090503148351,9
3338784,9.940016111295062,5
3338797,9.760129095657664,13
3338801,9.938950636058252,4
3338816,9.668989961102294,15
3338825,9.826420934799,9
3338833,9.84690435188983,8
3338838,9.926193351996437,5
3338839,10.0,1
3338867,8.82610485160082,28
3338872,9.92950751365949,5
3338873,10.0,1
3338879,9.903150355222172,6
3338882,9.970672875005642,3
3338894,9.745858909898445,12
3338895,9.989368567363465,1
3338905,9.813263093902659,10
3338920,9.662744067257101,15
3338926,9.90880543361346,6
3338930,9.927828256224357,4
3338935,9.90327756316482,5
3338944,9.863712830705428,9
3338946,9.977867442997828,2
3338959,9.718903945359823,13
3338969,9.779678806697842,10
3338970,10.0,1
3338977,9.87444974353324,7
3338980,9.95072530136702,3
3338983,9.96180983666911,3
3338989,9.89807756425306,6
3338999,9.78937271174122,10
3339009,9.780968613378688,10
3339017,9.85826512013951,8
3339028,9.79139868114124,11
3339033,9.917936916599995,5
3339046,9.7399302193337,13
3339057,9.730266559114925,11
3339069,9.72601245175831,12
3339086,9.62127418613311,17
3339097,9.787284664962016,11
3339107,9.799136765722324,10
3339118,9.782393480254177,11
3339127,9.808710658245557,9
3339137,9.778464926181549,10
3339144,9.88323967535692,7
3339147,9.949509956493968,3
3339153,9.90706738549523,6
3339154,10.0,1
3339163,9.808007442434759,9
3339173,9.793596379317407,10
3339185,9.756129996944754,12
3339193,9.837085011810995,8
3339198,9.92133408186439,5
3339199,10.0,1
3339212,9.743728754856228,13
3339216,9.945733036036394,4
3339217,10.0,1
3339228,9.779132121324658,11
3339237,9.797915841957604,9
3339244,9.854559028155824,7
3339252,9.854572760772191,8
3339262,9.81697806129795,10
3339269,9.901511988593386,7
3339277,9.87121070064774,8
3339282,9.924459447905686,5
3339296,9.689041055762463,14
3339305,9.83154280599706,9
3339318,9.694697698145704,13
3339325,9.862240890528804,7
3339345,9.521062125880007,20
3339355,9.846621506904038,10
3339360,9.916424059480029,5
3339369,9.803330726516245,9
3339375,9.8956697268301,6
3339384,9.824723475242013,9
3339388,9.942147305221912,4
3339402,9.691011610309221,14
3339416,9.600666724509388,14
3339423,9.874025889167763,7
3339440,9.634484811784171,17
3339445,9.92229635348685,5
3339449,9.923810370581682,4
3339455,9.890699660862362,6
3339458,9.95087214413945,3
3339463,9.923863140241279,5
3339471,9.837934443257375,8
3339482,9.773540444410372,11
3339496,9.672452355187815,14
3339505,9.827833056313262,9
3339517,9.754298848284288,12
3339518,10.0,1
3339527,9.815869167615364,9
3339541,9.68413892374116,14
3339557,9.629726980107701,16
3339566,9.802104477498235,9
3339580,9.671581179496735,14
3339588,9.850948278498509,8
3339589,10.0,1
3339599,9.770242173019572,10
3339605,9.888838866788987,6
3339616,9.764637897039476,11
3339620,9.93874628525214,4
3339630,9.824865255765673,10
3339635,9.919991914988849,5
3339641,9.899627890863947,6
3339642,10.0,1
3339645,9.963743685636514,3
3339656,9.785711673243629,11
3339657,10.0,1
3339658,10.0,1
3339664,9.870442464614223,6
3339674,9.78478189659938,10
3339675,10.0,1
3339678,9.95990840214681,3
3339692,9.72257870428584,14
3339700,9.850102977938207,8
3339707,9.854760897652271,7
3339723,9.633942483266527,16
3339729,9.907223559921366,6
3339736,9.875040299908326,7
3340236,-8.43502926841828,500
3340245,9.82491268987279,9
3340258,9.721467551446443,13
3340259,10.0,1
3340270,9.76174110541247,11
3340271,10.0,1
3340281,9.815470592835444,10
3340282,10.0,1
3340296,9.689250483822697,14
3340304,9.847577491715677,8
3340311,9.86978561170254,7
3340319,9.859326991101492,8
3340325,9.911537010392456,6
3340340,9.566737851337333,15
3340352,9.734433215798049,12
3340364,9.731963313240426,12
3340372,9.86288566318144,8
3340382,9.812095513821438,10
3340385,9.95453310183733,3
3340393,9.852486799509402,8
3340403,9.815693944525977,10
3340411,9.860795505866188,8
3340415,9.938286014943305,4
3340426,9.743520599523137,11
3340440,9.697155143591678,14
3340446,9.903403629113209,6
3340458,9.763586667010916,12
3340465,9.871016008351397,7
3340474,9.819070690284574,9
3340495,9.550172548825788,21
3340496,10.0,1
3340498,9.97747902395663,2
3340506,9.85624623858535,8
3340507,9.989676754877772,1
3340508,10.0,1
3340521,9.725462048271726,13
3340530,9.852520202680266,9
3340537,9.863163196106285,7
3340546,9.835969507928453,9
3340557,9.730865310244193,11
3340567,9.784465597951035,10
3340575,9.860202194261358,8
3340589,9.742683366518566,14
3340599,9.799256675498766,10
3340608,9.831954286279776,9
3340614,9.882314475401326,6
3340629,9.643596001570755,15
3340636,9.897621455259758,7
3340641,9.907162749825567,5
3340645,9.947554456620942,4
3340650,9.912866704729833,5
3340657,9.882163793908946,7
3340670,9.708533595955332,13
3340681,9.775304495039213,11
3340690,9.810777248120354,9
3340698,9.837365459778365,8
3340704,9.898403829540033,6
3340720,9.624414837350134,16
3340733,9.743162133456186,13
3340743,9.80402632969017,10
3340744,10.0,1
3340752,9.840680075081316,8
3340760,9.861953885359382,8
3340774,9.68465200557604,14
3340786,9.729230231149913,12
3340793,9.87751792492764,7
3340801,9.856998822506,8
3340807,9.893456068310808,6
3340811,9.945753012391636,4
3340828,9.502229559316271,17
3340837,9.833730217595795,9
3340851,9.675371879195792,14
3340854,9.871042984859878,3
3340865,9.822733757420789,11
3340870,9.913713019538234,5
3340876,9.88306018188168,6
3340895,9.587162168414096,19
3340903,9.850819167146842,8
3340908,9.913767095320791,5
3340915,9.864491999741004,7
3340916,10.0,1
3340935,9.570725220551685,19
3340947,9.770192103357205,12
3340948,10.0,1
3340955,9.882971133672646,7
3340964,9.82939365260997,9
3340975,9.780966338064589,11
3340980,9.923372740591084,5
3340987,9.869163132218654,7
3341001,9.697788293714893,14
3341014,9.749634613235786,13
3341027,9.710356783415264,13
3341035,9.86238573636614,8
3341040,9.91289891995568,5
3341053,9.704466407346292,13
3341060,9.84977653927804,7
3341072,9.745194007328061,12
3341087,9.73238670901836,15
3341090,9.958609584427402,3
3341101,9.740591166060513,11
3341114,9.705869238862038,13
3341129,9.681323477194104,15
3341135,9.905270346564377,6
3341139,9.948677229941447,4
3341147,9.824535266953053,8
3341168,9.249188007991668,21
3341173,9.921837728724444,5
3341176,9.956577879817907,3
3341184,9.853953990308288,8
3341193,9.787207354360518,9
3341195,9.971956121694511,2
3341199,9.940559148336227,4
3341210,9.640487673309822,11
3341227,9.650886411982162,17
3341229,9.97455072121639,2
3341243,9.679721265385899,14
3341244,9.988995530012895,1
3341251,9.877444045849513,7
3341259,9.843938430427068,8
3341262,9.97138954456017,3
3341276,9.773100482219084,14
3341277,10.0,1
3341283,9.882078790873049,6
3341298,9.675300970302068,15
3341306,9.837789640406228,8
3341319,9.699863735535834,13
3341320,10.0,1
3341323,9.963157876113913,3
3341327,9.946499736593463,4
3341334,9.883000806429074,7
3341345,9.760987702633063,11
3341349,9.924321672775363,4
3341353,9.943971466016325,4
3341360,9.864664838432653,7
3341365,9.901027477345554,5
3341379,9.68183182563431,14
3341387,9.844730695232592,8
3341388,9.99619026577673,1
3341394,9.884019330071503,6
3341406,9.757814160349257,12
3341412,9.72554823981542,6
3341422,9.786414487487807,10
3341429,9.867810465432663,7
3341441,9.747321546229946,12
3341457,9.637585850050577,16
3341476,9.684932914209604,19
3341487,9.736903924165,11
3341498,9.798715512405588,11
3341511,9.700692744269233,13
3341523,9.77708105679925,12
3341529,9.883891079288183,6
3341530,10.0,1
3341539,9.808463493763947,9
3341551,9.765011427291457,12
3341566,9.6577091437494,15
3341571,9.930566282377798,5
3341582,9.752583902063165,11
3341590,9.862449353154235,8
3341606,9.64295131834717,16
3341625,9.553038783156058,19
3341634,9.80518795020631,9
3341635,10.0,1
3341641,9.888777108050268,6
3341646,9.906775570709218,5
3341656,9.788099403115675,10
3341664,9.82682718568051,8
3341677,9.733832576307456,13
3341682,9.917726520955618,5
3341693,9.7633518466196,11
3341703,9.777790533286105,10
3341710,9.866122663681686,7
3341722,9.735996925152648,12
3341730,9.883004768775466,8
3341731,10.0,1
3341744,9.748313761457908,13
3341759,9.664238523606086,15
3341775,9.63868125162287,16
3341795,9.524277662325286,20
3341811,9.632640956505051,16
3341822,9.569213393513342,11
3341829,9.881362559540655,7
3341836,9.860542629606009,7
3341842,9.888771796955448,6
3341849,9.886791952064847,7
3341859,9.790651567140584,10
3341865,9.91169506774505,6
3341871,9.909368280072444,6
3341881,9.80131763583183,10
3341894,9.745597137485044,13
3341909,9.634370728171259,15
3341912,9.956570300928728,3
3341921,9.824322474710797,9
3341928,9.889735799086496,7
3341937,9.81529674615029,9
3341941,9.949508181924461,4
3341956,9.622668969667513,15
3341971,9.670414205039924,15
3341977,9.89264378383752,6
3341983,9.903847019468824,6
3341987,9.923515366145127,4
3342004,9.665900436892546,17
3342016,9.74093459290743,12
3342020,9.940417298532546,4
3342037,9.585199617707397,17
3342055,9.397072847690305,18
3342060,9.925968589847443,5
3342071,9.79979246404575,11
3342082,9.772946522659403,11
3342089,9.864311889122108,7
3342093,9.9434500239234,4
3342097,9.923075900320452,4
3342102,9.90495495819762,5
3342106,9.946776618728345,4
3342111,9.91905900258091,5
3342128,9.575454625399297,17
3342139,9.76719212850925,11
3342149,9.788368105851788,10
3342163,9.682388368122005,14
3342164,10.0,1
3342173,9.821092273429025,9
3342178,9.82430362301367,5
3342185,9.879656357875264,7
3342190,9.925005587225474,5
3342197,9.866550397647638,7
3342206,9.827966623861927,9
3342215,9.80824824171802,9
3342218,9.754042941853074,3
3342222,9.939390467037848,4
3342225,9.961036902907228,3
3342239,9.67856898535693,14
3342247,9.837734016540175,8
3342251,9.927431478623115,4
3342255,9.942835531477286,4
3342261,9.911229097437268,6
3342271,9.806242796901973,10
3342284,9.737901264064712,13
3342295,9.779597238064815,11
3342296,9.99219112634221,1
3342309,9.733464263576048,13
3342314,9.916152635556838,5
3342319,9.913305324660985,5
3342331,9.613462459352062,12
3342337,9.88337845591579,6
3342338,10.0,1
3342342,9.923243297139795,4
3342352,9.79535105482808,10
3342359,9.490776408146328,7
3342370,9.799363498166263,11
3342371,10.0,1
3342375,9.934618933632795,4
3342381,9.881597219022792,6
3342387,9.902732904800768,6
3342390,9.955884552053105,3
3342392,9.974491352476118,2
3342403,9.754456177159064,11
3342417,9.67159084866152,14
3342424,9.870690702304596,7
3342438,9.716193864553345,14
3342451,9.688669303522866,13
3342456,9.907988937909401,5
3342458,9.983356517030439,2
3342462,9.938255212251672,4
3342463,10.0,1
3342470,9.863289354623468,7
3342477,9.88458059752954,7
3342486,9.800325705724564,9
3342495,9.800168084001557,9
3342502,9.862829577581913,7
3342503,10.0,1
3342515,9.722332913171451,12
3342523,9.826198313830613,8
3342531,9.855406702044736,8
3342550,9.499414631738956,19
3342565,9.661065582350497,15
3342575,9.8016075332202,10
3342579,9.9390071080247,4
3342582,9.971879260204942,3
3342587,9.909238892415653,5
3342589,9.773357010823835,2
3342594,9.895548486122964,5
3342605,9.761183728310533,11
3342616,9.766922072588955,11
3342624,9.86878784903921,8
3342639,9.658334453081089,15
3342652,9.701485417192357,13
3342666,9.671002591659978,14
3342672,9.887249040609285,6
3342685,9.69459613255023,13
3342690,9.923855042438309,5
3342699,9.831376301142948,9
3342707,9.826686691682326,8
3342712,9.915790409629773,5
3342719,9.870070513401,7
3342729,9.774938043716793,10
3342738,9.805628276345846,9
3342745,9.858136690317094,7
3342747,9.984333504233343,2
3342757,9.792571883338248,10
3342767,9.803205130054803,10
3342782,9.640143779842084,15
3342791,9.832663531520845,9
3342811,9.544541447699277,20
3342822,9.792208181861646,11
3342838,9.635236931931965,16
3342847,9.811087468477076,9
3342848,10.0,1
3342862,9.684760858567156,14
3342866,9.945698684780712,4
3342870,9.923088029748904,4
3342882,9.759614165830904,12
3342902,9.526909359301785,20
3342913,9.780350109634961,11
3342923,9.788423361222565,10
3342937,9.706700542362725,14
3342945,9.821484751278986,8
3342958,9.765831452622622,13
3342959,10.0,1
3342968,9.826756876567625,9
3342969,10.0,1
3342986,9.631215589334449,17
3342995,9.814803652550719,9
3343004,9.814396775287124,9
3343025,9.501779741923063,21
3343032,9.865111210578855,7
3343041,9.816607160033785,9
3343058,9.656356473340972,17
3343068,9.779885366384654,10
3343081,9.724722402020246,13
3343086,9.917992013539173,5
3343140,-8.696202914627593,54
3343149,9.827934999969427,9
3343150,10.0,1
3343162,9.740781968639157,12
3343171,9.78971585145599,9
3343180,9.82007322293803,9
3343206,2.4897185108757,26
3343218,9.723236445623469,12
3343223,9.927264775463803,5
3343231,9.853152967435614,8
3343234,9.958913529189864,3
3343238,9.925240762981428,4
3343251,9.763349174824775,13
3343258,9.858812894604473,7
3343270,9.80929916600726,12
3343274,9.943225006483964,4
3343288,9.73880255243085,14
3343292,9.943108224655955,4
3343296,9.930054476355632,4
3343306,9.798303767753445,10
3343317,9.764571993143338,11
3343328,9.809487425588255,11
3343334,9.889667454118763,6
3343338,9.94186447840656,4
3343350,9.77018845650604,12
3343358,9.83830975119789,8
3343359,10.0,1
3343369,9.783666120806247,10
3343370,9.996293065942046,1
3343381,9.767934558390065,11
3343390,9.81151276414473,9
3343403,9.722812762954607,13
3343417,9.644174905230624,14
3343426,9.823384978094573,9
3343440,9.693032780058791,14
3343452,9.702603097665977,12
3343459,9.874203380397457,7
3343464,9.910300921622326,5
3343471,9.878359241149678,7
3343474,9.953620452836404,3
3343483,9.812135965927833,9
3343484,10.0,1
3343487,9.960881440861028,3
3343498,9.771604032575032,11
3343508,9.785265032361698,10
3343517,9.824910345615486,9
3343527,9.783927498880223,10
3343534,9.883058431599771,7
3343537,9.952129250737793,3
3343549,9.762568437630106,12
3343559,9.815262788066345,10
3343564,9.912712099362926,5
3343565,9.993053657634595,1
3343576,9.770837110962974,11
3343580,9.93903942260512,4
3343598,9.593724938743575,18
3343606,9.871589898308182,8
3343622,9.697063672944502,16
3343629,9.859066175640955,7
3343630,10.0,1
3343642,9.732224969964372,12
3343652,9.774902591005759,10
3343654,9.972305659643144,2
3343664,9.812335625466813,10
3343677,9.702886453755147,13
3343688,9.799283337216448,11
3343694,9.89184289032727,6
3343706,9.733600657114765,12
3343719,9.746974052305976,13
3343731,9.757676178610991,12
3343742,9.764809308853405,11
3343747,9.914218483859996,5
3343751,9.944234244666097,4
3343761,9.798235479233263,10
3343772,9.795748785520484,11
3343777,9.80816695230887,5
3343785,9.772963435848652,8
3343796,9.777638788238706,11
3343797,9.991929361468072,1
3343814,9.568085687193308,17
3343823,9.805071061460305,9
3343831,9.864567829994693,8
3343844,9.722225316000918,13
3343854,9.821256826346412,10
3343858,9.933324856053853,4
3343869,9.785146768707369,11
3343879,9.772211629315084,10
3343888,9.806330302908078,9
3343895,9.867466784963206,7
3343904,9.664957933831309,9
3343918,9.695213353309246,14
3343924,9.900664996961671,6
3343932,9.839387039202078,8
3343942,9.751533534802563,10
3343947,9.9140978347593,5
3343957,9.79379460323154,10
3343960,9.953389943556347,3
3343966,9.885201505480275,6
3343976,9.810578015688014,10
3343981,9.916561995991671,5
3343989,9.840475016606126,8
3343996,9.877426464929238,7
3344005,9.797597842237588,9
3344014,9.850142307762832,9
3344032,9.585679026323431,18
3344040,9.860482704974263,8
3344042,9.97911115163475,2
3344046,9.941207983711918,4
3344056,9.709217445279378,10
3344070,9.705829111988303,14
3344076,9.89991938119191,6
3344078,9.97209243501187,2
3344090,9.731231223595334,12
3344097,9.87690071622833,7
3344110,9.716034670385703,13
3344123,9.697423974072203,13
3344135,9.733001410116369,12
3344140,9.911086097240752,5
3344145,9.930251650902107,5
3344154,9.841765379471077,9
3344167,9.771246970686802,13
3344169,9.972751461976909,2
3344178,9.851047720122104,9
3344184,9.89672132157076,6
3344196,9.742410372589642,12
3344198,9.972562039109162,2
3344212,9.701689122553258,14
3344220,9.848706335220024,8
3344223,9.955222279066756,3
3344228,9.908536480453426,5
3344236,9.838510618155459,8
3344245,9.813014440372546,9
3344248,9.961972194476349,3
3344257,9.811872725368504,9
3344271,9.686827883277235,14
3344292,9.544873547331422,21
3344293,10.0,1
3344307,9.680270482226756,14
3344308,10.0,1
3344312,9.945796812335143,4
3344328,9.662028193038463,16
3344329,10.0,1
3344346,9.572486021615049,17
3344365,9.482378668632464,19
3344374,9.828693964236548,9
3344381,9.859500040363562,7
3344382,10.0,1
3344397,9.660737947282179,15
3344413,9.433867850969632,16
3344422,9.82794650621826,9
3344434,9.738709185448808,12
3344435,10.0,1
3344448,9.74380155573198,13
3344457,9.823456743570675,9
3344470,9.70133174191228,13
3344478,9.858403675383794,8
3344485,9.874527674314253,7
3344486,10.0,1
3344489,9.959939030715013,3
3344490,9.989303838124242,1
3344500,9.791734949206893,10
3344506,9.896504586539448,6
3344518,9.731930536373106,12
3344527,9.80729342357252,9
3344538,9.756876748660511,11
3344543,9.92732595534772,5
3344555,9.737542867486994,12
3344567,9.746725967786551,12
3344568,10.0,1
3344581,9.76344379414226,13
3344592,9.282287629273975,11
3344606,9.73180300728359,14
3344607,9.989382383491964,1
3344609,9.980567456250325,2
3344617,9.857346047136508,8
3344628,9.753181040238475,11
3344638,9.788444838441782,10
3344645,9.867380277676583,7
3344654,9.804319071308381,9
3344658,9.640689305469119,4
3344670,9.737044442125462,12
3344682,9.734469836613325,12
3344688,9.88525259568974,6
3344698,9.788487425959316,10
3344705,9.84962401181379,7
3344716,9.786340986362617,11
3344731,9.64333746948362,15
3344738,9.861650520167448,7
3344739,10.0,1
3344747,9.823114696463122,8
3344748,10.0,1
3344760,9.752023312976004,12
3344774,9.712907344060337,14
3344776,9.9745969827856,2
3344792,9.672361676658605,16
3344804,9.748413323801305,12
3344811,9.880168652287544,7
3344815,9.933037446024048,4
3344821,9.894245644466702,6
3344830,9.817431441322912,9
3344837,9.883006247519965,7
3344847,9.79819784042641,10
3344868,9.568381217871906,21
3344873,9.922429530700098,5
3344884,9.775790872658941,11
3344885,10.0,1
3344894,9.806467661791647,9
3344912,9.608226517535657,18
3344913,10.0,1
3344933,9.711079759622534,20
3344937,9.943087195008406,4
3344949,9.75503840737392,12
3344963,9.67787844866152,14
3344968,9.917013356745901,5
3344974,9.898191404224052,6
3344976,9.972135819707244,2
3344985,9.826691343793346,9
3344989,9.936715037105479,4
3344990,10.0,1
3344996,9.885973676922333,6
3345003,9.884943719118745,7
3345012,9.8140149506931,9
3345013,9.988732873617773,1
3345022,9.833750819529696,9
3345035,9.721027698656034,13
3345050,9.682399986759565,15
3345064,9.69281524577697,14
3345080,9.69795818871356,16
3345094,9.686235870217029,14
3345105,9.768167358365375,11
3345127,9.57729019203335,22
3345128,10.0,1
3345139,9.540579289573152,11
3345146,9.871720879310276,7
3345159,9.717744194221678,13
3345168,9.797166747085692,9
3345182,9.68491925486616,14
3345193,9.765089473684956,11
3345210,9.624637079215827,17
3345221,9.802884223748395,11
3345233,9.74859783291883,12
3345240,9.864544109581736,7
3345244,9.932229800546796,4
3345253,9.848335633346737,9
3345256,9.96042892099647,3
3345266,9.764360988462109,10
3345275,9.81419680991141,9
3345284,9.801892289335486,9
3345297,9.747838891182099,13
3345306,9.808372375618198,9
3345311,9.90820295957819,5
3345322,9.76918510941315,11
3345323,10.0,1
3345324,10.0,1
3345329,9.907005593659328,5
3345338,9.823827596608977,9
3345350,9.736546330014738,12
3345351,10.0,1
3345357,9.893109478287906,6
3345368,9.765296171559823,11
3345377,9.804344604382495,9
3345378,10.0,1
3345405,9.111237107907865,27
3345416,9.577759217866948,11
3345421,9.922768399725829,5
3345428,9.869058372644169,7
3345440,9.741720174742792,12
3345453,9.737692193320841,13
3345460,9.859324669047249,7
3345469,9.835096524954709,9
3345470,10.0,1
3345473,9.966451708436852,3
3345487,9.669302766235026,14
3345488,10.0,1
3345503,9.624135300648986,15
3345504,10.0,1
3345517,9.6799608312939,13
3345530,9.72677688714052,13
3345546,9.605249693222047,16
3345557,9.752302008795906,11
3345560,9.950270543275499,3
3345575,9.640468681844757,15
3345576,9.988497922392982,1
3345581,9.906748709881695,5
3345593,9.750783232338843,12
3345596,9.961447448922437,3
3345597,10.0,1
3345598,10.0,1
3345599,10.0,1
3345613,9.70643641791866,14
3345626,9.740638096468997,13
3345627,9.99236851650815,1
3345628,10.0,1
3345629,10.0,1
3345638,9.851202478063879,9
3345640,9.983903537036161,2
3345641,10.0,1
3345643,9.977358071701197,2
3345649,9.907583627632366,6
3345661,9.649405859620305,12
3345672,9.7704192204381,11
3345681,9.84331882715097,9
3345689,9.84168941403935,8
3345699,9.61423568224309,10
3345711,9.756486206878046,12
3345724,9.714816101211834,13
3345733,9.817662398804716,9
3345735,9.979817372126025,2
3346235,-205.03549430729808,500
3346735,-213.2861085124355,500
3346745,9.766714364803105,10
3346758,9.719230365450056,13
3346766,9.834182751835698,8
3346773,9.843475549816649,7
3346775,9.970699045922753,2
3346789,9.674351101194977,14
3346796,9.877655428405046,7
3346805,9.814519774263676,9
3346812,9.857164750727296,7
3346817,9.913562036322434,5
3346822,9.913180122113445,5
3346830,9.828179187332916,8
3346834,9.949276195871416,4
3346846,9.7194229744964,12
3346850,9.928882217175717,4
3346857,9.860599871896197,7
3346862,9.917933099581328,5
3346875,9.697132545134046,13
3346884,9.819295832857932,9
3346893,9.862195932279505,9
3346904,9.797932100492416,11
3346905,10.0,1
3346919,9.669086774423926,14
3346929,9.790605684068664,10
3346937,9.859301125179607,8
3346943,9.884712460980138,6
3346948,9.942096840995736,5
3346953,9.930625218375761,5
3346962,9.837736034826609,9
3346968,9.898301821432822,6
3346995,9.592378938789821,27
3347002,9.86826453225348,7
3347015,9.706995545344295,13
3347021,9.899783256802069,6
3347029,9.856714469149232,8
3347040,9.759870112380598,11
3347043,9.962146204217598,3
3347055,9.748359327794295,12
3347065,9.8065596564088,10
3347077,9.732676620333264,12
3347090,9.516719305548465,13
3347099,9.7994965389757,9
3347102,9.956703908142808,3
3347103,10.0,1
3347104,10.0,1
3347109,9.921690109801851,5
3347119,9.80305889747713,10
3347135,9.610635053130691,16
3347144,9.80675782914643,9
3347145,10.0,1
3347158,9.682527916711841,13
3347166,9.863386318132068,8
3347176,9.772059737809732,10
3347188,9.759351117239472,12
3347194,9.892728503634359,6
3347205,9.770439446340479,11
3347207,9.976497353183827,2
3347210,9.953421461173647,3
3347211,10.0,1
3347222,9.752458281376708,11
3347229,9.864036790905702,7
3347238,9.812377878825101,9
3347246,9.850646064427155,8
3347250,9.940849837222496,4
3347262,9.761485878594973,12
3347269,9.866827249139028,7
3347271,9.968158006360168,2
3347283,9.775731841761006,12
3347296,9.729955779615935,13
3347315,9.453604979314939,19
3347323,9.86046042582094,8
3347333,9.794784384916762,10
3347338,9.918589560318765,5
3347349,9.7749673925458,11
3347359,9.793867049562364,10
3347367,9.84796950760583,8
3347369,9.973505976449188,2
3347374,9.918281967739295,5
3347378,9.921035291438342,4
3347390,9.73994846925127,12
3347400,9.791660928631257,10
3347410,9.835145264658559,10
3347415,9.918216395492486,5
3347416,10.0,1
3347425,9.809471041444956,9
3347429,9.935860544092717,4
3347437,9.83968592181212,8
3347447,9.801908089718005,10
3347468,9.556818371388038,21
3347478,9.774974641910696,10
3347488,9.811119286993614,10
3347507,9.56087242163144,19
3347522,9.691284158882038,15
3347534,9.778270905351297,12
3347544,9.591767883050958,10
3347547,9.953382968200462,3
3347548,10.0,1
3347557,9.821045878936474,9
3347564,9.842859456959939,7
3347574,9.81163547994861,10
3347576,9.974857034019951,2
3347588,9.771863418028829,12
3347596,9.841854262585368,8
3347600,9.9459227192274,4
3347611,9.768980988346286,11
3347621,9.786210806341636,10
3347631,9.837300247906835,10
3347635,9.94597876127325,4
3347644,9.80284719096472,9
3347650,9.909166946541507,6
3347656,9.892007124583206,6
3347664,9.861907294472784,8
3347669,9.928770113295663,5
3347674,9.9031145790954,5
3347686,9.734226634912583,12
3347693,9.858125100596942,7
3347697,9.929622757849954,4
3347698,10.0,1
3347715,9.642754119836075,17
3347720,9.907324059632618,5
3347726,9.87468917763965,6
3347736,9.777703147140242,10
3347746,9.787798133045657,10
3347750,9.93839138146132,4
3347760,9.800517913594398,10
3347765,9.919743580778434,5
3347770,9.910317291584049,5
3347782,9.735929382489092,12
3347784,9.974843674914215,2
3347794,9.801391291593648,10
3347800,9.897531721494245,6
3347802,9.972873550246224,2
3347810,9.84941422697574,8
3347820,9.773114864823889,10
3347824,9.937514800367694,4
3347825,10.0,1
3347836,9.760631259414858,11
3347850,9.586229958498368,14
3347855,9.906132772018163,5
3347867,9.742888258007387,12
3347876,9.83925089256542,9
3347885,9.814258460892715,9
3347897,9.747032234000692,12
3347907,9.802351587222248,10
3347917,9.79057296439928,10
3347925,9.862623745046925,8
3347936,9.797117321268235,11
3347947,9.767024621144369,11
3347954,9.853362715741977,7
3347971,9.65250969334122,17
3347978,9.885564329028984,7
3347991,9.768261762382995,13
3347997,9.884699605528091,6
3348011,9.691046825536295,14
3348022,9.77705266389407,11
3348032,9.778152460412066,10
3348044,9.727449057236775,12
3348057,9.713359223262723,13
3348071,9.65938339594592,14
3348085,9.651637456731802,14
3348087,9.973977704151332,2
3348105,9.597501711651942,18
3348127,9.48703929608401,22
3348137,9.781258997575247,10
3348146,9.832155553383986,9
3348151,9.924046985009067,5
3348165,9.688653395593546,14
3348177,9.755785261269278,12
3348189,9.762899892482768,12
3348190,10.0,1
3348195,9.911529833296104,5
3348212,9.590386063766681,17
3348218,9.912190546218334,6
3348224,9.894277034476957,6
3348235,9.748363960807831,11
3348252,9.622942089347552,17
3348254,9.971489930865639,2
3348259,9.921438295941257,5
3348264,9.919352757493538,5
3348271,9.847184246823216,7
3348276,9.919249219462179,5
3348284,9.855627209266405,8
3348289,9.927045858308393,5
3348309,9.598351548669697,20
3348317,9.846379019825283,8
3348319,9.977911893055163,2
3348326,9.763842410133593,7
3348333,9.862558309723578,7
3348339,9.886291035025877,6
3348348,9.830967944334953,9
3348360,9.696796018638045,12
3348369,9.819925211778127,9
3348381,9.776271217751727,12
3348390,9.806773730677573,9
3348397,9.897503204296992,7
3348402,9.9192442094709,5
3348418,9.616999075964904,16
3348426,9.844273610437487,8
3348435,9.8149080086741,9
3348442,9.863669831719035,7
3348448,9.899519099607186,6
3348450,9.973742779196334,2
3348459,9.819921826558248,9
3348467,9.835745591989557,8
3348476,9.817629162174942,9
3348477,10.0,1
3348481,9.941337806492617,4
3348485,9.945991166186511,4
3348490,9.90656501621105,5
3348507,9.437852232480884,17
3348516,9.812635326726756,9
3348524,9.869362215346742,8
3348532,9.831238596334169,8
3348542,9.796000731794349,10
3348543,9.992197294750776,1
3348549,9.88703560242881,6
3348564,9.660611343614624,15
3348573,9.797169787121893,9
3348582,9.804536532875694,9
3348585,9.961585867248042,3
3348598,9.693664931181583,13
3348599,10.0,1
3348613,9.690389322647812,14
3348626,9.692768759086832,13
3348633,9.877919465298552,7
3348649,9.597531874560097,16
3348655,9.90926559636511,6
3348656,9.98675245675142,1
3348657,9.989556537570948,1
3348668,9.788687862900645,11
3348676,9.858041588932522,8
3348688,9.762020974848223,12
3348690,9.969842544653286,2
3348693,9.95028822233878,3
3348699,9.88577720102556,6
3348711,9.77998762068847,12
3348721,9.80805293753253,10
3348734,9.738848614092907,13
3348747,9.714144608706874,13
3348753,9.897263549345798,6
3348767,9.706363308071747,14
3348771,9.928774183262572,4
3348780,9.712159667961883,9
3348788,9.83671934828541,8
3348803,9.676000399023952,15
3348817,9.687607087943142,14
3348823,9.900012317294191,6
3348833,9.789967611332019,10
3348843,9.82523276829638,10
3348859,9.698874233424826,16
3348873,9.689484651409856,14
3348885,9.726466123718238,12
3348896,9.77977392898685,11
3348904,9.825435629707579,8
3348907,9.960848993186932,3
3348919,9.736861731027032,12
3348936,9.600294364574976,17
3348949,9.756573996546662,13
3348955,9.868977581540083,6
3348956,9.996250221285415,1
3348970,9.686914165636722,14
3348981,9.763672187510727,11
3348991,9.772150521986422,10
3349003,9.789737158268517,12
3349020,9.651553875007837,17
3349028,9.85198575722898,8
3349040,9.762564849708257,12
3349044,9.928499379054594,4
3349056,9.726204366990931,12
3349062,9.896454149053815,6
3349068,9.897822207691746,6
3349070,9.971740302731503,2
3349078,9.837368043575793,8
3349090,9.70968973089293,12
3349091,10.0,1
3349100,9.836284049685938,9
3349112,9.523635044187818,12
3349113,9.996119198671755,1
3349116,9.953191460702179,3
3349124,9.858074499330472,8
3349128,9.930967277118109,4
3349137,9.834261451632932,9
3349146,9.799880551856619,9
3349147,10.0,1
3349159,9.728411655554439,12
3349175,9.665009565056884,16
3349184,9.810046662914655,9
3349198,8.970805897877721,14
3349199,10.0,1
3349210,9.791459551284253,11
3349216,9.885509270699796,6
3349226,9.789143841663327,10
3349227,10.0,1
3349235,9.842600664264726,8
3349236,10.0,1
3349237,9.98807189067987,1
3349243,9.880280305809965,6
3349249,9.903019720105135,6
3349254,9.920155647971809,5
3349260,9.88827315286695,6
3349267,9.870138630805817,7
3349272,9.90547535170258,5
3349286,9.711055600214811,14
3349292,9.897797457849991,6
3349298,9.909253201072929,6
3349306,9.833451327191687,8
3349314,9.841610340946021,8
3349320,9.906291493293313,6
3349325,9.906390243215604,5
3349335,9.793640558156078,10
3349342,9.848334767007204,7
3349353,9.784098260898547,11
3349358,9.90866789392585,5
3349373,9.65614029192836,15
3349380,9.871673228307374,7
3349381,10.0,1
3349398,9.506660807066638,17
3349406,9.730515334759,8
3349420,9.683530590446406,14
3349423,9.970068982743316,3
3349432,9.828542361522548,9
3349433,10.0,1
3349435,9.978858635856554,2
3349450,9.731046145968882,15
3349459,9.794649918251084,9
3349460,10.0,1
3349473,9.739542071591273,13
3349477,9.946998802702023,4
3349490,9.729836323374526,13
3349495,9.923514999833072,5
3349507,9.773297269885632,12
3349517,9.806113530787684,10
3349530,9.716860001799525,13
3349535,9.92944419328378,5
3349536,10.0,1
3349545,9.83254954200453,9
3349546,10.0,1
3349563,9.56200382680051,17
3349572,9.83732256239853,9
3349586,9.70753787907715,14
3349594,9.81077359654025,8
3349605,9.762108779052928,11
3349623,9.57202950898851,18
3349626,9.957815769592646,3
3349639,9.70480335540735,13
3349640,10.0,1
3349642,9.979801661525329,2
3349654,9.742604302871982,12
3349662,9.845935973462838,8
3349671,9.802984630317182,9
3349679,9.85293041759502,8
3349686,9.690919901743575,7
3349696,9.697438132896124,10
3349708,9.721786511081499,12
3349715,9.775210685641609,7
3349716,9.996121158437832,1
3349719,9.96820623754884,3
3349720,10.0,1
3349730,9.812996141419667,10
3349733,9.963522853333565,3
3349746,9.734689463672542,13
3349753,9.8585423593406,7
3349787,9.47494454188926,34
3349793,9.88984704168981,6
3349800,9.872253905770494,7
3349801,9.988003372729393,1
3349810,9.845908954990605,9
3349811,9.992773060265616,1
3349826,9.655879707448326,15
3349833,9.858352173615282,7
3349837,9.938843847624362,4
3349841,9.735330058881742,4
3349849,9.828876981195512,8
3349860,9.775319058032562,11
3349870,9.770589155512207,10
3349883,9.735417473050198,13
3349888,9.915191662560579,5
3349897,9.827257423485106,9
3349898,9.991851763227418,1
3349911,9.71904075473694,13
3349929,9.605446126240858,18
3349942,9.708809724886372,13
3349943,10.0,1
3349947,9.933363732618412,4
3349956,9.810347429136858,9
3349964,9.852837842566457,8
3349973,9.8169354226504,9
3349978,9.917167377025976,5
3349983,9.920441048242026,5
3349984,10.0,1
3349992,9.867184422044543,8
3350000,9.840961823257372,8
3350003,9.964683999091486,3
3350010,9.872453667118451,7
3350027,9.598561272338145,17
3350036,9.831491143689222,9
3350042,9.89471864213095,6
3350053,9.763392756889536,11
3350059,9.927522477719204,6
3350067,9.83848413606479,8
3350075,9.84323904230229,8
3350086,9.778637953586223,11
3350099,9.69554002138971,13
3350108,9.819775877794385,9
3350115,9.869736894860157,7
3350120,9.921868856361208,5
3350128,9.650925185403903,8
3350138,9.810688410394235,10
3350145,9.865795080705436,7
3350159,9.66804425392003,14
3350166,9.877425094173576,7
3350175,9.820459816624831,9
3350194,9.63527337216603,19
3350203,9.821893283917111,9
3350215,9.71721585751135,12
3350218,9.956419804570295,3
3350227,9.792595419391086,9
3350235,9.829326670041926,8
3350240,9.910959000366311,5
3350249,9.8458795565138,9
3350259,9.804272850533312,10
3350271,9.734737026904131,12
3350277,9.892990646421937,6
3350291,9.686313470458424,14
3350303,9.719258585810607,12
3350306,9.960993721060706,3
3350315,9.814498725176113,9
3350330,9.645354751847377,15
3350338,9.847059679725897,8
3350359,9.612769758225925,21
3350367,9.827549576962133,8
3350368,10.0,1
3350376,9.836688460713301,8
3350389,9.594170017809827,13
3350395,9.905253727731537,6
3350401,9.888871247915768,6
3350416,9.665899373878261,15
3350432,9.643501434950853,16
3350447,9.636146159670954,15
3350456,9.800716893982607,9
3350465,9.818680554192916,9
3350470,9.928226943288465,5
3350482,9.706992778362537,12
3350487,9.923241956397245,5
3350495,9.854784912575797,8
3350500,9.927484935738052,5
3350503,9.952427965655044,3
3350517,9.190660591096835,14
3350524,9.877136984029404,7
3350525,10.0,1
3350543,9.655498202239471,18
3350564,9.455325526837624,21
3350568,9.940894746717905,4
3350584,9.618149200725664,16
3350585,9.988863876455076,1
3350591,9.90555578362047,6
3350596,9.925467502162062,5
3350604,9.840097783093023,8
3350611,9.66643834266978,7
3350630,9.583835059069834,19
3350634,9.943319164260387,4
3350642,9.856254551187352,8
3350650,9.84682796526953,8
3350654,9.94895914976157,4
3350659,9.917983091065574,5
3350664,9.910767108889527,5
3350680,9.691478672217674,16
3350685,9.914707362824299,5
3350687,9.981607672926605,2
3350696,9.813255896334823,9
3350712,9.65834023618055,16
3350721,9.800650744478547,9
3350728,9.877612903010734,7
3350733,9.93312662075416,5
3350744,9.773662269269684,11
3350759,9.682277517572782,15
3350780,9.507542583384797,21
3350785,9.899362624177446,5
3350795,9.80891146842551,10
3350800,9.922642481683486,5
3350801,10.0,1
3350815,9.72283358121783,14
3350825,9.805248399177232,10
3350831,9.887769411991751,6
3350840,9.80507395480724,9
3350848,9.858000244724739,8
3350857,9.821268854147242,9
3350862,9.920882169221278,5
3350871,9.830859616270944,9
3350879,9.854974414339162,8
3350892,9.759325808701435,13
3350897,9.93198944955814,5
3350902,9.91724339462199,5
3350912,9.69818998444622,10
3350926,9.71218766049083,14
3350930,9.940821691775117,4
3350940,9.384357367301567,10
3350957,9.670842081356815,17
3350961,9.949827584660108,4
3350972,9.764619320138266,11
3350991,9.525305295520102,19
3350997,9.89080155882235,6
3351006,9.817397210256226,9
3351007,9.991822202136802,1
3351012,9.907010373155863,5
3351019,9.864471210722524,7
3351033,9.68687644207115,14
3351038,9.917407651192526,5
3351045,9.89212021569276,7
3351057,9.776052254431354,12
3351065,9.843718703655435,8
3351075,9.780474208519246,10
3351080,9.907466411521916,5
3351089,9.805100184472773,9
3351098,9.822624973874406,9
3351107,9.82316001468912,9
3351116,9.797318819004172,9
3351127,9.7321028810003,11
3351138,9.765235600379352,11
3351146,9.844565305693635,8
3351150,9.952684111130724,4
3351160,9.810422854250747,10
3351164,9.938596954376168,4
3351165,10.0,1
3351169,9.944535607613052,4
3351182,9.716958901821288,13
3351192,9.83488341135343,10
3351197,9.93340088626618,5
3351199,9.974789019290384,2
3351207,9.845721447375322,8
3351219,9.749726615880768,12
3351230,9.75860932540992,11
3351235,9.910920765103839,5
3351236,10.0,1
3351243,9.877878470404914,7
3351248,9.910069202907431,5
3351261,9.713054205977755,13
3351262,10.0,1
3351283,9.585966195629739,21
3351290,9.852783686664667,7
3351297,9.8733247211798,7
3351308,9.75589521384603,11
3351323,9.667379458863001,15
3351332,9.841329551713972,9
3351341,9.828234835551955,9
3351350,9.843888218308717,9
3351351,9.993035839993366,1
3351362,9.760305892141103,11
3351366,9.938747852154636,4
3351376,9.781580399326476,10
3351382,9.89159498972778,6
3351386,9.934044787633553,4
3351395,9.82344190581966,9
3351404,9.791997043319554,9
3351414,9.832204863948165,10
3351429,9.703179999094155,15
3351446,9.661013251163041,17
3351456,9.80432127174997,10
3351457,10.0,1
3351463,9.871181153743068,6
3351469,9.900550086844387,6
3351479,9.798349915129435,10
3351493,9.69465930208868,14
3351500,9.873053818003093,7
3351517,9.627963412095387,17
3351523,9.920268482328465,6
3351536,9.719588913233949,13
3351544,9.818884448296936,8
3351554,9.78255056914216,10
3351565,9.750342555503243,11
3351578,9.687341040817364,13
3351580,9.972245499586267,2
3351594,9.663952934032602,14
3351606,9.765630910348015,12
3351612,9.876895381503333,6
3351614,9.974700833458021,2
3351628,9.677053375592527,14
3351634,9.885440885209968,6
3351639,9.90184536102162,5
3351647,9.867163790158969,8
3351662,9.660777576638834,15
3351671,9.83154377605428,9
3351678,9.851644486999716,7
3351680,9.983967259984468,2
3351686,9.89897739083306,6
3351700,9.666836306203363,14
3351706,9.900488431677422,6
3351732,9.341218060959184,26
3351738,9.89285323808158,6
3351741,9.971841882748672,3
3351752,9.817408122507263,11
3351753,9.992109825521986,1
3351762,9.823801466606541,9
3351773,9.754076055800873,11
3351781,9.83048533230761,8
3351796,9.578774865624268,15
3351799,9.95522787161448,3
3351802,9.972188878592956,3
3351806,9.94605244943736,4
3351807,10.0,1
3351811,9.945033545644588,4
3351827,9.247994250259335,16
3351834,9.862502588620103,7
3351837,9.9611369125249,3
3351847,9.7916486534359,10
3351848,9.993099907143533,1
3351849,10.0,1
3351858,9.81867867714032,9
3351864,9.886910470337348,6
3351877,9.716210295626162,13
3351884,9.877093601533726,7
3351900,9.724566161189825,16
3351915,9.668637061798202,15
3351921,9.893698763764492,6
3351933,9.746628493060843,12
3351941,9.863580272099586,8
3351945,9.9541388672105,4
3351953,9.844362351612503,8
3351960,9.677369919318116,7
3351972,9.822197549478883,12
3351980,9.84744476815035,8
3351986,9.889199584732964,6
3351997,9.760258629535693,11
3352009,9.775449726117937,12
3352016,9.865730507432081,7
3352031,9.506219044772083,15
3352044,9.626198777511732,13
3352050,9.701844685601948,6
3352056,9.892606612962274,6
3352060,9.92581023958471,4
3352066,9.881442833223943,6
3352067,9.988961841541231,1
3352078,9.759035307771557,11
3352087,9.810877752277738,9
3352097,9.79644625991038,10
3352098,10.0,1
3352112,9.643672954057946,14
3352118,9.899748351630562,6
3352124,9.903355461020883,6
3352127,9.960556537813366,3
3352129,9.981808946655153,2
3352139,9.792334037765041,10
3352143,9.949406274465504,4
3352159,9.640796427387851,16
3352171,9.731420122768927,12
3352192,9.554802608772794,21
3352195,9.964515033680511,3
3352199,9.945683031972136,4
3352207,9.826990880235245,8
3352215,9.834186496909014,8
3352221,9.896490143168755,6
3352243,9.485754542600183,22
3352244,9.99311766908672,1
3352250,9.892602920219487,6
3352258,9.840333720995018,8
3352271,9.701067941032719,13
3352277,9.891549390155244,6
3352286,9.799416392914067,9
3352296,9.82340535081632,10
3352300,9.944200641859661,4
3352316,9.63349363448346,16
3352317,10.0,1
3352324,9.864956469025689,7
3352328,9.940067669997646,4
3352344,9.668000664859045,16
3352345,10.0,1
3352351,9.886729807907788,6
3352356,9.924961783527245,5
3352357,10.0,1
3352366,9.827772023820499,9
3352373,9.886624003643883,7
3352385,9.750998553808468,12
3352389,9.953764727838237,4
3352397,9.844090248189307,8
3352419,9.53051117011507,22
3352422,9.966407521582932,3
3352427,9.934432910938174,5
3352442,9.693595875992187,15
3352449,9.871312273840829,7
3352456,9.848229800509849,7
3352462,9.894322161417596,6
3352469,9.871137358201025,7
3352481,9.758876704724127,12
3352487,9.8863830278624,6
3352496,9.812779287814445,9
3352505,9.814217497907823,9
3352514,9.793796675243005,9
3352517,9.960033114874005,3
3352525,9.829597028593588,8
3352532,9.876789255712337,7
3352535,9.955823964954526,3
3352542,9.86092303903354,7
3352552,9.793295519245817,10
3352562,9.805120930120022,10
3352566,9.952378392557486,4
3352577,9.78066645698004,11
3352586,9.786749940818565,9
3352592,9.883748966157569,6
3352606,9.657782132791878,14
3352611,9.920054715981681,5
3352621,9.783440872154003,10
3352630,9.66185946564409,9
3352642,9.762356648888048,12
3352647,9.93525426668302,5
3352661,9.66721415438556,14
3352664,9.952694772897091,3
3352669,9.924528524712317,5
3352688,7.512216302693474,19
3352701,9.69988480394304,13
3352714,9.760887207507878,13
3352724,9.781977667259424,10
3352732,9.841285758187771,8
3352742,9.826030445009101,10
3352747,9.912649434287943,5
3352753,9.906133725040837,6
3352762,9.785659833287898,9
3352775,9.705464723154563,13
3352780,9.928343838559506,5
3352783,9.952788647593689,3
3352792,9.84903067782894,9
3352800,9.815732437098744,8
3352816,9.687669874326751,16
3352828,9.727656500914168,12
3352851,9.496189534727119,23
3352857,9.887697876196647,6
3352863,9.890424058385415,6
3352872,9.81466804580237,9
3352880,9.853463384127968,8
3352881,10.0,1
3352891,9.774030893437091,10
3352912,9.475712079548572,21
3352918,9.881003575015873,6
3352931,9.749957085655685,13
3352940,9.802296402435452,9
3352956,9.614653942339434,16
3352966,9.790740354865482,10
3352978,9.729982632869154,12
3352986,9.836334973827775,8
3352999,9.72088846844288,13
3353000,10.0,1
3353013,9.740549380949005,13
3353021,9.839860243860972,8
3353034,9.594413026327,13
3353050,9.664917650385418,16
3353061,9.797322124330924,11
3353069,9.829980572425038,8
3353072,9.957900803810466,3
3353088,9.530613590428775,16
3353101,9.723825266714133,13
3353107,9.91233252898875,6
3353112,9.934362526699251,5
3353113,10.0,1
3353126,9.696608905507752,13
3353139,9.715760349285077,13
3353152,9.74204983484886,13
3353172,9.313685714814323,20
3353184,9.542651506068651,12
3353194,9.789564614658305,10
3353204,9.803317937544918,10
3353219,9.72442904112459,15
3353222,9.954869148596467,3
3353229,9.85994079273673,7
3353238,9.806744491464094,9
3353248,9.777159612683237,10
3353254,9.910735896192522,6
3353255,9.99311539132414,1
3353259,9.935076707901517,4
3353270,9.783846768488981,11
3353277,9.881863152244252,7
3353286,9.80670292497108,9
3353294,9.840630636319398,8
3353299,9.934204421715275,5
3353306,9.864172295160923,7
3353316,9.848366311735305,10
3353325,9.816845746245093,9
3353335,9.79267565508825,10
3353344,9.812450462205065,9
3353354,9.803690420508921,10
3353363,9.826866444798819,9
3353379,9.679477960807565,16
3353392,9.739351051905263,13
3353399,9.853916659092523,7
3353411,9.733397133629776,12
3353419,9.8497881397352,8
3353426,9.859036910694629,7
3353434,9.852194772123049,8
3353435,10.0,1
3353439,9.940504677394458,4
3353453,9.701575557796431,14
3353458,9.908654840516196,5
3353463,9.914493776645523,5
3353476,9.727715062445046,13
3353486,9.8056061157289,10
3353499,9.710688426170794,13
3353500,10.0,1
3353509,9.858423488387254,9
3353510,10.0,1
3353517,9.865660966008516,7
3353523,9.91253892600203,6
3353525,9.97919225823391,2
3353535,9.800698493846955,10
3353546,9.75537911038201,11
3353552,9.88473774663655,6
3353562,9.807247792972364,10
3353585,9.52960704752468,23
3353598,9.712508632037892,13
3353603,9.920021888947385,5
3353608,9.909370633109212,5
3353619,9.728914809864282,11
3353630,9.541666637737475,11
3353635,9.912812402752992,5
3353636,10.0,1
3353637,10.0,1
3353649,9.725727577208632,12
3353661,9.765404123747944,12
3353668,9.879753509708497,7
3353680,9.760237723850848,12
3353686,9.89011438194856,6
3353697,9.800950816604749,11
3353704,9.874948304016694,7
3353716,9.7662493077442,12
3353719,9.963617689292253,3
3353729,9.787106116083537,10
3353730,10.0,1
3353734,9.937853876018304,4
3353745,9.748946561375716,11
3353750,9.928725547709352,5
3353758,9.837074318141664,8
3353770,9.741344090927551,12
3353778,9.863365223255418,8
3353787,9.814871250678497,9
3353801,9.707191321407398,14
3353811,9.80328978227459,10
3353820,9.82832975441587,9
3353830,9.797824569743598,10
3353842,9.741571202577736,12
3353854,9.787719434053674,12
3353860,9.88159235031924,6
3353861,10.0,1
3353879,9.490230998739634,18
3353888,9.8251300710318,9
3353893,9.92967856956632,5
3353907,9.672601378582405,14
3353913,9.704173132692896,6
3353920,9.858506191959817,7
3353927,9.866915649420532,7
3353932,9.900892211661265,5
3353938,9.588484477315431,6
3353949,9.768076650271086,11
3353954,9.926897807907801,5
3353962,9.826964017457147,8
3353978,9.613156512498414,16
3353981,9.957265688842773,3
3353992,9.757252841702002,11
3353993,10.0,1
3354014,9.52794254984849,21
3354022,9.840257339086646,8
3354028,9.884254018686821,6
3354037,9.830254806857901,9
3354052,9.646800891591635,15
3354065,9.726516839219093,13
3354069,9.94837343087218,4
3354076,9.885351857625183,7
3354084,9.846980246837408,8
3354090,9.876403945579234,6
3354102,9.77114004824032,12
3354103,10.0,1
3354118,9.466304478233361,15
3354126,9.810866783213825,8
3354127,10.0,1
3354128,10.0,1
3354133,9.921859298672834,5
3354142,9.703824695745553,9
3354155,9.738624116789905,13
3354156,10.0,1
3354165,9.802192194875802,9
3354166,9.996396723526358,1
3354175,9.799238168036885,9
3354179,9.921996606220208,4
3354180,9.991366587663263,1
3354181,10.0,1
3354188,9.876048257340768,7
3354204,9.609127344254373,16
3354209,9.920797513850598,5
3354221,9.719527503821563,12
3354235,9.717525114925591,14
3354243,9.837654944057798,8
3354251,9.83368570403302,8
3354256,9.914004705959186,5
3354271,9.511028979263369,15
3354287,9.621822895266671,16
3354295,9.83285737461859,8
3354299,9.930329830758494,4
3354307,9.86265821613294,8
3354309,9.985612155519561,2
3354322,9.563868712231777,13
3354335,9.726444610127835,13
3354339,9.930159049437608,4
3354350,9.757019471208787,11
3354711,-1.3700699720814686,361
3354721,9.822076096425649,10
3354735,9.694007311916229,14
3354758,9.529272515759045,23
3354759,10.0,1
3354772,9.686161915251352,13
3354781,9.829723854021392,9
3354786,9.926021419909993,5
3354794,9.876395903298528,8
3354803,9.804203587816266,9
3354809,9.8832305596808,6
3354814,9.931088560720665,5
3354830,9.637855078635265,16
3354839,9.824033453964951,9
3354842,9.957542480528081,3
3354852,9.777459288947592,10
3354864,9.75101235805116,12
3354875,9.773343957037657,11
3354876,10.0,1
3354887,9.759680930675097,11
3354894,9.891622996942795,7
3354899,9.911533549311299,5
3354907,9.832751820651135,8
3354928,9.571143227820304,21
3354935,9.861028719210458,7
3354942,9.856628372927386,7
3354943,10.0,1
3354950,9.791768854593775,7
3354961,9.762854525705812,11
3354973,9.684552989161237,12
3354984,9.772618646291303,11
3354995,9.784078188446635,11
3354999,9.949759148289669,4
3355002,9.963812269691369,3
3355009,9.85822356633077,7
3355015,9.900499392704821,6
3355034,9.357907217496233,19
3355074,9.2402605554689,40
3355086,9.741041078274126,12
3355108,9.425950445083018,22
3355122,9.70882525021094,14
3355123,10.0,1
3355126,9.953933818759749,3
3355128,9.97740408168114,2
3355132,9.94994812776221,4
3355143,9.778064522891473,11
3355153,9.803802551864749,10
3355168,9.664314286725647,15
3355180,9.750208653586046,12
3355193,9.70150814705012,13
3355195,9.969614151819865,2
3355201,9.877448669128931,6
3355213,9.725144005279082,12
3355216,9.953287965279939,3
3355234,9.618317452992537,18
3355241,9.868316937324416,7
3355247,9.887728313808468,6
3355257,9.795911920540668,10
3355262,9.92017150345964,5
3355275,9.690398957058578,13
3355277,9.969397590978073,2
3355286,9.818234171635705,9
3355292,9.801883757712341,6
3355302,9.802843461142158,10
3355305,9.955828901442993,3
3355316,9.761930999492073,11
3355322,9.889863289418562,6
3355340,9.669120026521945,18
3355346,9.88220693373052,6
3355352,9.895782403671866,6
3355360,9.821145037495842,8
3355373,9.709124388355466,13
3355452,8.597595019832704,79
3355454,9.975648830517015,2
3355465,9.76791279537475,11
3355468,9.962629013482562,3
3355479,9.746581864676193,11
3355486,9.854743003622252,7
3355487,9.996485013975507,1
3355504,9.609474303275682,17
3355510,9.891814835674781,6
3355530,9.549567395473494,20
3355531,10.0,1
3355534,9.955609785054552,3
3355540,9.908799054533475,6
3355545,9.918485914963272,5
3355552,9.867506953105137,7
3355554,9.975236499794681,2
3355563,9.826735546786582,9
3355576,9.783386019047633,13
3355591,9.64449541932042,15
3355599,9.833959762939884,8
3355607,9.848405827975547,8
3355613,9.891460260947477,6
3355621,9.85417504331696,8
3355628,9.846529591544705,7
3355632,9.939378198471912,4
3355642,9.8318852291047,10
3355651,9.81779665703593,9
3355658,9.862460176780333,7
3355663,9.903403316102636,5
3355675,9.731085960045158,12
3355679,9.9197458307307,4
3355685,9.907823664293694,6
3355688,9.952037746436652,3
3355700,9.74508600930846,12
3355714,9.713946187480161,14
3355725,9.754370161907298,11
3355731,9.892188772739859,6
3355744,9.701920278518548,13
3355751,9.780975180243725,7
3355762,9.768080452111839,11
3355770,9.823455858427941,8
3355774,9.93511341305762,4
3355787,9.712361911134526,13
3355796,9.829241239073523,9
3355811,9.466322736190012,15
3355821,9.769643386249069,10
3355833,9.796903585626879,12
3355842,9.805058777351535,9
3355853,9.674370956824976,11
3355854,9.99671831067763,1
3355855,10.0,1
3355864,9.823139128468174,9
3355872,9.855629055363245,8
3355882,9.792036687377914,10
3355896,9.698388921900655,14
3355903,9.861796036015408,7
3355914,9.787989665452876,11
3355916,9.986552435778139,2
3355924,9.838084156539974,8
3355928,9.93165696706982,4
3355935,9.891566078710515,7
3355946,9.78463418088393,11
3355951,9.92478324958547,5
3355962,9.763026424669473,11
3355975,9.730069437381111,13
3355993,9.668419722187274,18
3356000,9.86060975752529,7
3356009,9.820415523278204,9
3356022,9.720843111642802,13
3356027,9.906884929610408,5
3356038,9.736742249986515,11
3356041,9.961381339279479,3
3356054,9.695707822690766,13
3356057,9.954336562081155,3
3356067,9.764384444628213,10
3356074,9.85923542084667,7
3356088,9.721511932815648,14
3356095,9.883550041701874,7
3356110,9.704456618891498,15
3356116,9.881446763440723,6
3356117,9.99648482009227,1
3356134,9.489361363646656,17
3356139,9.921862146942939,5
3356147,9.843132997646313,8
3356155,9.837963995485529,8
3356156,10.0,1
3356164,9.83164449798747,8
3356173,9.838964763229315,9
3356184,9.767186075193761,11
3356201,9.62162222474447,17
3356207,9.883656038547336,6
3356210,9.95381198293945,3
3356219,9.871840167088305,9
3356220,10.0,1
3356224,9.938782327183056,4
3356230,9.89415516633908,6
3356238,9.856865334079991,8
3356253,9.677081909136154,15
3356261,9.85900555350055,8
3356279,9.597484771958213,18
3356290,9.806515199224144,11
3356304,9.685457526113002,14
3356312,9.847236369085927,8
3356313,10.0,1
3356324,9.753698219899045,11
3356327,9.955052202180774,3
3356328,9.992752229727996,1
3356343,9.663632295042534,15
3356350,9.871709193272,7
3356366,9.630889880368148,16
3356375,9.834989424179717,9
3356385,9.773188532358958,10
3356398,9.71737886757068,13
3356410,9.61938120051558,12
3356411,9.996345765040042,1
3356412,10.0,1
3356413,10.0,1
3356418,9.921098904875194,5
3356432,9.698721764622423,14
3356433,10.0,1
3356444,9.643897091654699,11
3356451,9.845603705281908,7
3356457,9.880672745392738,6
3356465,9.842451465612003,8
3356466,10.0,1
3356477,9.789169481547018,11
3356482,9.917050549572615,5
3356486,9.947200661660705,4
3356495,9.809045080808808,9
3356503,9.72456650205408,8
3356509,9.900922126762275,6
3356510,10.0,1
3356513,9.943488308833263,3
3356527,9.681712659275645,14
3356532,9.89983055674743,5
3356539,9.85120550372642,7
3356547,9.876044244576772,8
3356561,9.690310763961971,14
3356578,9.575422682881573,17
3356584,9.888664210815326,6
3356596,9.718512325947483,12
3356597,10.0,1
3356611,9.680045825650563,14
3356619,9.837990200625871,8
3356623,9.951078567699406,4
3356624,10.0,1
3356634,9.835117723184585,10
3356639,9.913212152169645,5
3356646,9.874915178561848,7
3356659,9.721347361478461,13
3356663,9.948745036104562,4
3356672,9.812061622093028,9
3356681,9.827204516277753,9
3356689,9.849710354144598,8
3356690,9.993461161931572,1
3356699,9.80310036977027,9
3356700,10.0,1
3356705,9.907708993374248,5
3356713,9.86568467545317,8
3356719,9.889290440185565,6
3356727,9.869768196238994,8
3356733,9.891510555109262,6
3356738,9.92054651242853,5
3356743,9.92288752760028,5
3356754,9.767910893982162,11
3356759,9.92663448092128,5
3356762,9.954983529806395,3
3356769,9.894767761455336,7
3356778,9.831308434361253,9
3356786,9.826413625033192,8
3356793,9.85197283204742,7
3356799,9.913332365740368,6
3356810,9.749890636861934,11
3356815,9.926562822829837,5
3356819,9.938584071344803,4
3356820,10.0,1
3356826,9.913860845013337,6
3356829,9.95866067965236,3
3356839,9.791865121793796,10
3356853,9.66336444175135,14
3356866,9.727327574961343,13
3356876,9.763531566653594,10
3356885,9.828041093469729,9
3356897,9.74816796818926,12
3356900,9.94842858596878,3
3356911,9.781836873614921,11
3356921,9.695685338129344,10
3356927,9.912841715765447,6
3356939,9.728818994587135,12
3356940,9.989049972282261,1
3356951,9.767262061208385,11
3356964,9.701059247833468,13
3356986,7.543866297549484,22
3357003,9.677403359167684,17
3357012,9.820074593034857,9
3357013,10.0,1
3357019,9.884352510486545,6
3357038,9.634225289941986,19
3357055,9.586230254870648,17
3357066,9.804424691160296,11
3357080,9.680554572970314,14
3357098,9.56044885964775,18
3357108,9.793428915943547,10
3357114,9.890886819893197,6
3357134,9.556979676894484,20
3357148,9.690368276850329,14
3357153,9.905033884381876,5
3357155,9.983560459968297,2
3357171,9.609265844239474,16
3357182,9.760686784326243,11
3357190,9.733892588312932,8
3357199,9.826613237508585,9
3357211,9.542097304004407,12
3357215,9.921430201861005,4
3357219,9.940070286836958,4
3357224,9.915109826426864,5
3357228,9.932431099060821,4
3357233,9.927215551140241,5
3357244,9.753795160096328,11
3357257,9.70581797574806,13
3357264,9.882711904893345,7
3357272,9.867965112708205,8
3357281,9.812552059869473,9
3357288,9.878379303377514,7
3357293,9.910888300073056,5
3357294,10.0,1
3357300,9.702340577656846,6
3357314,9.696090544270895,14
3357321,9.853550648681404,7
3357322,10.0,1
3357331,9.824426950618232,9
3357336,9.925207554767374,5
3357352,9.626074667449505,16
3357364,9.762124376757185,12
3357383,9.646478111481148,19
3357394,9.75955303873233,11
3357402,9.85449801736798,8
3357410,9.860787574931324,8
3357414,9.937948375276887,4
3357425,9.750383400983788,11
3357434,9.807016526214568,9
3357445,9.825167850282506,11
3357450,9.931149693435254,5
3357464,9.696856826871512,14
3357473,9.817175858700264,9
3357482,9.831900391504629,9
3357491,9.830841414402027,9
3357502,9.816932943049848,11
3357509,9.864402552694877,7
3357522,9.717932486194366,13
3357536,9.698580113106143,14
3357547,9.77536547767095,11
3357556,9.839415394182192,9
3357557,10.0,1
3357566,9.817900057490458,9
3357577,9.767624464127431,11
3357578,10.0,1
3357589,9.750393751779018,11
3357596,9.890657592013437,7
3357597,10.0,1
3357609,9.435569423844996,12
3357617,9.861541053097342,8
3357623,9.908799400353393,6
3357633,9.798523613735016,10
3357638,9.912081892754829,5
3357639,9.9928722596844,1
3357640,10.0,1
3357651,9.76727235301529,11
3357661,9.791158366356523,10
3357678,9.619718173135112,17
3357684,9.890326348373277,6
3357691,9.899267481746755,7
3357694,9.970855546605929,3
3357704,9.782349649773149,10
3357716,9.743101275901655,12
3357729,9.729247406651332,13
3357740,9.79124054354803,11
3357746,9.898899242991705,6
3357754,9.858170958118722,8
3357756,9.976812108233315,2
3357766,9.81679856450534,10
3357772,9.894205250119665,6
3357778,9.902446777244423,6
3357793,9.688591933350612,15
3357801,9.877268439539181,8
3357805,9.945784632655677,4
3357820,9.65268894999029,15
3357821,10.0,1
3357825,9.932597585112457,4
3357826,10.0,1
3357831,9.932023101686998,5
3357841,9.80356001125505,10
3357849,9.824606006729006,8
3357861,9.741981722374486,12
3357867,9.917896379612154,6
3357874,9.873669240573356,7
3357893,9.631024733190475,19
3357904,9.762605635197417,11
3357908,9.940805769947234,4
3357920,9.76138994871803,12
3357933,9.730723382478036,13
3357940,9.888690182381794,7
3357943,9.96116069240864,3
3357951,9.838551350461803,8
3357954,9.96515252773482,3
3357957,9.971266590545174,3
3357973,9.636572044094937,16
3357982,9.830109555164091,9
3358000,9.587442222300101,18
3358006,9.891968755693282,6
3358018,9.740528197698348,12
3358024,9.889277631891908,6
3358028,9.932125268882551,4
3358041,9.72264565925098,13
3358045,9.957833278022113,4
3358052,9.866889293871623,7
3358063,9.797648154673448,11
3358067,9.947520653779987,4
3358080,9.692480635149712,13
3358085,9.909780554947538,5
3358098,9.725457713772615,13
3358112,9.75305137493223,14
3358119,9.875502653136618,7
3358128,9.819809648348503,9
3358135,9.892235780400197,7
3358138,9.966818554675735,3
3358152,9.662680949648411,14
3358153,9.996574669979841,1
3358162,9.803743475367254,9
3358163,10.0,1
3358164,10.0,1
3358176,9.727032868700379,12
3358186,9.789442611336268,10
3358190,9.936734035787172,4
3358203,9.726945497634075,13
3358210,9.873246031591835,7
3358224,9.674223981831634,14
3358238,9.711458177416576,14
3358248,9.796053704368953,10
3358249,10.0,1
3358258,9.822181639986004,9
3358265,9.876111700534292,7
3358271,9.905813550597657,6
3358277,9.911487018568975,6
3358285,9.846554009493449,8
3358286,10.0,1
3358292,9.903080525210562,6
3358295,9.961869989843455,3
3358299,9.946552329159811,4
3358304,9.910644187334638,5
3358309,9.925888532258284,5
3358322,9.777704582530006,13
3358326,9.934986705556149,4
3358330,9.943638235342807,4
3358334,9.944119752979706,4
3358344,9.800459207506503,10
3358347,9.967567684918249,3
3358355,9.864638089472864,8
3358365,9.781860089035328,10
3358386,9.558872039023102,21
3358396,9.778942228850104,10
3358410,9.686475648282377,14
3358415,9.926062159021217,5
3358416,10.0,1
3358426,9.782921162878974,10
3358432,9.906879269803799,6
3358433,9.99635076429872,1
3358440,9.883335843053995,7
3358448,9.835320137366322,8
3358454,9.908934099915873,6
3358455,10.0,1
3358466,9.754273182772701,11
3358470,9.944972867764873,4
3358475,9.926262072253714,5
3358476,10.0,1
3358492,9.593593302354792,16
3358496,9.938198085094701,4
3358507,9.769720525378894,11
3358523,9.661910914060096,16
3358536,9.71262343500821,13
3358545,9.798482949233815,9
3358556,9.767389943376967,11
3358566,9.79011332874593,10
3358583,9.567588884130407,17
3358587,9.932248457582217,4
3358599,9.746409172763169,12
3358608,9.833071664879736,9
3358616,9.831366386608416,8
3358636,9.27987316382013,20
3358646,9.793474667810163,10
3358656,9.772838128903123,10
3358668,9.734671562402248,12
3358685,9.56535120181796,17
3358695,9.804871371100765,10
3358700,9.925462091881027,5
3358701,9.988236955078268,1
3358717,9.618395183338022,16
3358734,9.601658862324204,17
3358744,9.788929878585181,10
3358760,9.635441871996854,16
3358771,9.697079516743866,11
3358787,9.661383269953836,16
3358796,9.847294487424746,9
3358806,9.800034022872326,10
3358819,9.705576412382657,13
3358822,9.955598777589602,3
3358833,9.761876960829497,11
3358836,9.966165522864083,3
3358837,10.0,1
3358846,9.808120027491192,9
3358849,9.955149660711918,3
3358860,9.774485708055595,11
3358873,9.715890849790222,13
3358877,9.949825637347173,4
3358886,9.814515282852048,9
3358897,9.780801044898332,11
3358908,9.745486277493878,11
3358916,9.849337676727275,8
3358917,10.0,1
3358924,9.869326243136314,7
3358946,9.53602441818005,22
3358951,9.91821625396554,5
3358967,9.680804363697913,16
3358979,9.752143349459093,12
3358985,9.881794364908098,6
3358992,9.867895021744893,7
3359012,9.526742135592244,20
3359022,9.72885261155359,10
3359029,9.857531388499392,7
3359041,9.7272905147356,12
3359050,9.855590339522822,9
3359063,9.708578697650513,13
3359065,9.979019513112277,2
3359077,9.738590784572311,12
3359085,9.858729610868723,8
3359096,9.785206174289108,11
3359104,9.83208946524552,8
3359113,9.823784389581485,9
3359123,9.825422937547025,10
3359132,9.815905640141288,9
3359134,9.976193744936666,2
3359147,9.720051271622022,13
3359149,9.986299576950023,2
3359166,9.61236771140776,17
3359176,9.81344910850338,10
3359177,10.0,1
3359189,9.76205990147571,12
3359203,9.719356623152306,14
3359215,9.74074745101704,12
3359222,9.893101573356267,7
3359225,9.969111264945761,3
3359228,9.852791626827916,3
3359239,9.755938360064619,11
3359247,9.857403833964536,8
3359256,9.812236914695132,9
3359257,10.0,1
3359258,9.988037153845925,1
3359272,9.693857849637103,14
3359274,9.977219093761848,2
3359276,9.971000910369499,2
3359290,9.709257955288193,14
3359301,9.774265088087043,11
3359309,9.82716957988329,8
3359312,9.95227327986013,3
3359316,9.944930177995895,4
3359323,9.858157060877991,7
3359330,9.771738767789447,7
3359338,9.849647987395038,8
3359351,9.72036846212059,13
3359491,7.3113156529638115,140
3359498,9.866500496721832,7
3359506,9.844730843619004,8
3359517,9.766289974990757,11
3359520,9.96076039161346,3
3359530,9.786415437658366,10
3359535,9.93574549549526,5
3359545,9.789872947775013,10
3359552,9.869868316078374,7
3359566,9.711890668251622,14
3359572,9.906378405478808,6
3359583,9.745132613335453,11
3359591,9.862105325203984,8
3359600,9.810360277031277,9
3359608,9.86805873316738,8
3359609,10.0,1
3359615,9.906344149370879,6
3359625,9.798484951600976,10
3359633,9.86607924652659,8
3359634,10.0,1
3359643,9.825480379691628,9
3359647,9.931871370947558,4
3359655,9.866125362421355,8
3359656,9.992460938620406,1
3359665,9.84017347767394,9
3359669,9.930027180006057,4
3359681,9.7446400865589,12
3359685,9.93108653960789,4
3359691,9.914313504825698,6
3359702,9.761018621362652,11
3359703,9.989489045943179,1
3359704,10.0,1
3359707,9.956463239363101,3
3359724,9.597269042879704,17
3359732,9.8648578270277,8
3359742,9.814091999680151,10
3359748,9.906692695951321,6
3359761,9.740505211634344,13
3359774,9.707779978125371,13
3359784,9.799335660055977,10
3359795,9.766149295657597,11
3359801,9.892010277860253,6
3359809,9.863131262933418,8
3359819,9.78165543035689,10
3359825,9.90779941617669,6
3359829,9.940860017856021,4
3359836,9.87248447804102,7
3359848,9.779439900355497,12
3359863,9.560518161839967,15
3359864,9.987908155605146,1
3359875,9.747912332324157,11
3359888,9.717911585512665,13
3359893,9.932353147026896,5
3359894,10.0,1
3359903,9.80408775178319,9
3359913,9.774581854733622,10
3359917,9.923205749588373,4
3359928,9.767270106231104,11
3359937,9.821454654152772,9
3359944,9.877686335905189,7
3359949,9.920341330245973,5
3359961,9.709905468475707,12
3359969,9.849863076143214,8
3359970,10.0,1
3359979,9.819727582077437,9
3359985,9.898382917571707,6
3359996,9.778761365634924,11
3360004,9.832973702785559,8
3360008,9.92419589046685,4
3360013,9.92562579402249,5
3360028,9.670783547598477,15
3360047,9.576538243979776,19
3360049,9.971955013520637,2
3360056,9.869742426951012,7
3360066,9.780756939441286,10
3360073,9.877999627452784,7
3360079,9.893875890208863,6
3360088,9.806516158761706,9
3360092,9.929150779923587,4
3360100,9.844410361958898,8
3360114,9.688596427314215,14
3360115,9.989308307210337,1
3360124,9.840692237695675,9
3360135,9.807401859784749,11
3360143,9.853990221951532,8
3360148,9.902832686419824,5
3360156,9.850886773497127,8
3360157,10.0,1
3360170,9.725342156642299,13
3360174,9.948888766255642,4
3360182,9.887326645394934,8
3360183,10.0,1
3360190,9.860037534009587,7
3360191,10.0,1
3360201,9.595822077896338,10
3360205,9.942594034161042,4
3360212,9.875110650414866,7
3360218,9.877650026147359,6
3360231,9.728164717350548,13
3360241,9.787703130443814,10
3360250,9.811780747510406,9
3360260,9.813576242375524,10
3360266,9.894221215295323,6
3360267,9.995823045270152,1
3360270,9.951965767601312,3
3360276,9.869660355827426,6
3360277,10.0,1
3360288,9.750921433711486,11
3360295,9.882002742446158,7
3360300,9.914787222553002,5
3360319,9.575215790434633,19
3360328,9.872133491887784,9
3360340,9.742813062509214,12
3360349,9.727209755616824,9
3360358,9.813937254951444,9
3360362,9.942691720300266,4
3360367,9.913122936106241,5
3360375,9.849023186838478,8
3360384,9.814111246469015,9
3360393,9.822883561039,9
3360407,9.658722189649898,14
3360415,9.820013573201596,8
3360419,9.943805633658428,4
3360430,9.756968106305285,11
3360431,10.0,1
3360437,9.895810028767285,6
3360446,9.822785785866804,9
3360455,9.831830901146242,9
3360465,9.78903149009716,10
3360473,9.871048736695352,8
3360481,9.849054470759269,8
3360494,9.750231474219863,13
3360503,9.803711244264981,9
3360509,9.917136624050814,6
3360510,10.0,1
3360515,9.936358750155941,5
3360521,9.87436401967408,6
3360531,9.801097938532422,10
3360540,9.816888264058889,9
3360551,9.764134423548038,11
3360552,10.0,1
3360558,9.898165363915107,6
3360567,9.822261973755392,9
3360579,9.774943045887827,12
3360583,9.930718589470644,4
3360584,9.98924461813909,1
3360588,9.924777117979898,4
3360595,9.8882879408814,7
3360601,9.893282949182518,6
3360609,9.837903616433504,8
3360615,9.911699962967205,6
3360619,9.928440277385041,4
3360623,9.943925102465817,4
3360635,9.752594712149744,12
3360637,9.977956191935926,2
3360655,9.549094759520619,18
3360666,9.766578894868497,11
3360670,9.945435733510703,4
3360681,9.763317110597159,11
3360690,9.628977215064987,9
3360710,9.57593980358123,20
3360711,10.0,1
3360727,9.632514315695962,16
3360736,9.800309645087676,9
3360741,9.90299186893164,5
3360754,9.715521748997887,13
3360756,9.978451160297883,2
3360768,9.739625546245598,12
3360769,10.0,1
3360770,10.0,1
3360788,9.56031582179729,18
3360791,9.962469489538018,3
3360803,9.730490376718999,12
3360807,9.942368712523102,4
3360816,9.82213895431071,9
3360823,9.87774138991598,7
3360835,9.74778725566581,12
3360841,9.905364354030825,6
3360850,9.807764273612642,9
3360851,10.0,1
3360867,9.629105027880096,16
3360880,9.727774697842724,13
3360884,9.932764276890797,4
3360900,9.622873329049488,16
3360901,10.0,1
3360914,9.636147384823188,13
3360923,9.818299292597835,9
3360935,9.79616907103441,12
3360948,9.74296809281545,13
3360950,9.979569585639753,2
3360962,9.710822394904957,12
3360967,9.91192854319586,5
3360972,9.91923379074764,5
3360973,10.0,1
3360978,9.91030063324723,5
3360988,9.778105638162671,10
3361006,9.673513525989094,18
3361017,9.790444007649926,11
3361026,9.832541952603144,9
3361034,9.849192152793375,8
3361046,9.719681349766775,12
3361062,9.65986429159395,16
3361075,9.705224708054692,13
3361085,9.76909085717183,10
3361088,9.964836210147075,3
3361099,9.751198381670088,11
3361107,9.838670626193684,8
3361116,9.846708630963954,9
3361125,9.838615523685961,9
3361138,9.70851160944694,13
3361147,9.831425977456481,9
3361158,9.77245670313798,11
3361173,9.6816720851678,15
3361177,9.934430322318413,4
3361178,9.993057676292077,1
3361186,9.856866264549772,8
3361187,10.0,1
3361189,9.97722500925809,2
3361201,9.749064098362636,12
3361203,9.974896014492586,2
3361210,9.874372228858538,7
3361224,9.71073834718133,14
3361229,9.93450713861044,5
3361238,9.83107558711861,9
3361247,9.831956634836466,9
3361252,9.913737515947085,5
3361256,9.92339566799775,4
3361276,9.578203735411556,20
3361277,10.0,1
3361287,9.775103864383336,10
3361297,9.80960876639646,10
3361311,9.68843357028021,14
3361312,10.0,1
3361313,10.0,1
3361318,9.915199558414303,5
3361328,9.823658612126092,10
3361337,9.828406584255474,9
3361340,9.952247865410273,3
3361352,9.709856953005518,12
3361360,9.829442784711071,8
3361361,10.0,1
3361362,9.992662385684298,1
3361364,9.774805765656946,2
3361373,9.83180903032696,9
3361379,9.688445199758483,6
3361385,9.882638682068817,6
3361395,9.773947091165814,10
3361406,9.77233178994011,11
3361421,9.669090514841884,15
3361432,9.744781840266306,11
3361439,9.850529380693064,7
3361452,9.412949222254662,13
3361461,9.786811996178805,9
3361470,9.836314831373834,9
3361479,9.843801520955843,9
3361480,10.0,1
3361486,9.894345322762113,6
3361497,9.75021781171965,11
3361502,9.919314500367683,5
3361505,9.959169456191649,3
3361510,9.9200044922943,5
3361519,9.818179704038233,9
3361531,9.540355194474625,12
3361544,9.71422453920327,13
3361549,9.912380422453136,5
3361550,10.0,1
3361562,9.749923996190777,12
3361567,9.712900636271714,5
3361583,9.644554097069594,16
3361584,10.0,1
3361597,9.714079861862528,13
3361598,9.99326919719259,1
3361605,9.87063021746054,7
3361613,9.868190262074105,8
3361620,9.88929095519978,7
3361628,9.855829949990598,8
3361638,9.80027226806884,10
3361648,9.793103627547364,10
3361663,9.674852601662119,15
3361669,9.88984674347144,6
3361675,9.886662233085723,6
3361680,9.927375532901559,5
3361689,9.814510361565208,9
3361690,10.0,1
3361708,9.669417603136075,18
3361718,9.823291128925085,10
3361723,9.943061019326318,5
3361734,9.807058716746138,11
3361742,9.852423002692372,8
3361751,9.820799643558187,9
3361758,9.860951071537631,7
3361759,10.0,1
3361765,9.888024146070942,6
3361770,9.941650685286895,5
3361779,9.826924254644217,9
3361786,9.863479403990846,7
3361791,9.93970458334588,5
3361801,9.784723002080684,10
3361811,9.60700000657121,10
3361812,9.989306782314435,1
3361817,9.925569648067334,5
3361825,9.831928023708336,8
3361835,9.781167988873372,10
3361841,9.888970112026632,6
3361847,9.889708080420908,6
3361851,9.95354011186418,4
3361852,9.996242636761359,1
3361856,9.933007166395866,4
3361864,9.849362805457753,8
3361867,9.951972582242584,3
3361868,10.0,1
3361880,9.766930652869132,12
3361887,9.875764365533026,7
3361890,9.96667634905887,3
3361903,9.631305837883225,13
3361918,9.658102175733294,15
3361928,9.79741269664046,10
3361942,9.683543517347804,14
3361945,9.950348403090548,3
3361954,9.817213596951863,9
3361959,9.903363468865066,5
3361977,9.592171184653044,18
3361982,9.923083310161259,5
3361987,9.919798312067098,5
3361994,9.865508004697228,7
3362006,9.724956533894469,12
3362020,9.721307567184724,14
3362022,9.970747044574248,2
3362031,9.828148801774764,9
3362043,9.749081175954695,12
3362054,9.766823714653386,11
3362055,10.0,1
3362058,9.96108715391854,3
3362076,9.585605073977556,18
3362078,9.978190833236047,2
3362085,9.861493770241452,7
3362095,9.793912339837203,10
3362096,10.0,1
3362098,9.984420606090591,2
3362106,9.825553960043175,8
3362117,9.773879485553696,11
3362120,9.970277501844967,3
3362125,9.91176349569987,5
3362136,9.7811543158173,11
3362147,9.759303600778996,11
3362152,9.907623316221832,5
3362153,10.0,1
3362161,9.843774436977018,8
3362174,9.68613055154078,13
3362180,9.901207885632424,6
3362181,10.0,1
3362186,9.923599723562802,5
3362195,9.853714216653382,9
3362210,9.687866586257973,15
3362215,9.903335927452463,5
3362227,9.732370659935054,12
3362228,9.988682214749776,1
3362242,9.677971011607186,14
3362247,9.912993382192235,5
3362258,9.771831616605553,11
3362264,9.91223202583721,6
3362270,9.890983129860285,6
3362274,9.92585304328972,4
3362282,9.845841627002523,8
3362287,9.923117510196535,5
3362291,9.948642070148493,4
3362298,9.859334757275125,7
3362308,9.79311973753039,10
3362311,9.958378257191175,3
3362312,10.0,1
3362321,9.827237080307722,9
3362333,9.423512758797521,12
3362348,9.670658189823305,15
3362355,9.85080058759183,7
3362365,9.771876335703295,10
3362385,9.47117093252789,20
3362392,9.867316447139958,7
3362404,9.719770075171906,12
3362411,9.882591139130936,7
3362429,9.611083358201302,18
3362435,9.886347939076186,6
3362452,9.607196166063114,17
3362453,9.99249406501132,1
3362458,9.9191255311769,5
3362472,9.689505379170903,14
3362473,10.0,1
3362477,9.944671636595862,4
3362487,9.82234422494388,10
3362495,9.825909070428397,8
3362501,9.882181371888645,6
3362504,9.953579082451354,3
3362516,9.744246732869952,12
3362517,10.0,1
3362521,9.938878244682922,4
3362528,9.871874028840393,7
3362533,9.91561288617246,5
3362544,9.737596394309445,11
3362545,10.0,1
3362555,9.82047965555794,10
3362562,9.876151411709749,7
3362582,9.490289504215436,20
3362590,9.82558149104098,8
3362597,9.868118285466426,7
3362790,4.223010497096794,193
3362796,9.89741225268488,6
3362797,10.0,1
3362798,10.0,1
3362810,9.700033847469355,12
3362818,9.816411093185396,8
3362823,9.916367136716906,5
3362831,9.835617851187898,8
3362844,9.714531996201323,13
3362855,9.779170234344436,11
3362874,9.562327263746687,19
3362875,10.0,1
3362884,9.816406106292627,9
3362888,9.943068124031692,4
3362900,9.751489498668594,12
3362914,9.690294588561912,14
3362920,9.906657809730739,6
3362924,9.943520185019246,4
3362935,9.718423164707167,11
3362937,9.979782118514988,2
3362938,10.0,1
3362949,9.769081123489746,11
3362951,9.977303075387352,2
3362954,9.767061529461643,3
3362958,9.94092559313637,4
3362961,9.952106718386533,3
3362973,9.767177813265306,12
3362995,8.769123160911397,22
3363012,9.574610676065651,17
3363025,9.746569594920583,13
3363040,9.65345302028741,15
3363052,9.742091903719079,12
3363060,9.834258861559343,8
3363072,9.74473536769242,12
3363080,9.867238322802278,8
3363086,9.914352000789131,6
3363094,9.842140112008117,8
3363095,10.0,1
3363098,9.968530683029993,3
3363108,9.778187254549858,10
3363117,9.81611871330623,9
3363119,9.970705618852373,2
3363129,9.810424107215821,10
3363136,9.866819810070961,7
3363141,9.900841873732606,5
3363150,9.80832143455199,9
3363153,9.948067157573202,3
3363162,9.80699457525401,9
3363175,9.720287025291508,13
3363184,9.818658212336253,9
3363190,9.875109971318754,6
3363195,9.92774092579984,5
3363196,10.0,1
3363207,9.757653249478562,11
3363214,9.842878858354993,7
3363215,10.0,1
3363225,9.762880812613913,10
3363233,9.82999522439082,8
3363239,9.880801532159653,6
3363250,9.763479972797168,11
3363251,10.0,1
3363258,9.873460077323369,7
3363261,9.951054141652309,3
3363267,9.891707637664911,6
3363269,9.967581308643865,2
3363278,9.81243763417046,9
3363287,9.604128125188776,9
3363295,9.848647405516015,8
3363301,9.879062851412554,6
3363313,9.738792200387916,12
3363320,9.87271441003281,7
3363331,9.760928467136415,11
3363344,9.683368660787856,13
3363354,9.795120937354298,10
3363372,9.562517958483113,18
3363382,9.798306382735257,10
3363389,9.87164237634299,7
3363393,9.9357908382031,4
3363407,9.699232354228451,14
3363414,9.898962682397983,7
3363422,9.84821030776532,8
3363435,9.725230096140654,13
3363446,9.765703862616322,11
3363450,9.926743661773063,4
3363459,9.802768326138157,9
3363467,9.869975035474432,8
3363475,9.854444077908367,8
3363485,9.786809229637448,10
3363490,9.926180038368972,5
3363494,9.937222108017052,4
3363502,9.848639518701997,8
3363513,9.776252930001968,11
3363525,9.745574430208631,12
3363536,9.802681565900604,11
3363546,9.781227899485243,10
3363563,9.725936279615492,17
3363572,9.827900360233514,9
3363588,9.64637676478205,16
3363593,9.915001687497865,5
3363602,9.829063422300312,9
3363603,9.98805755880139,1
3363615,9.773640279965546,12
3363616,9.988455347091262,1
3363622,9.879422289257862,6
3363630,9.849085574902132,8
3363643,9.696722915015807,13
3363647,9.950186507517541,4
3363660,9.717154360678883,13
3363668,9.839604773898047,8
3363669,10.0,1
3363677,9.822076945479456,8
3363678,9.992846377049998,1
3363693,9.671285898687799,15
3363702,9.808262387104216,9
3363708,9.90379781382257,6
3363716,9.840480006084226,8
3363725,9.816560590306686,9
3363730,9.920348339420887,5
3363736,9.904203203290237,6
3363746,9.676537919307359,10
3363753,9.897698241462122,7
3363764,9.770368950408507,11
3363770,9.893814205741881,6
3363785,9.671181887039625,15
3363792,9.861894666012711,7
3363802,9.78908558846591,10
3363803,10.0,1
3363812,9.636437938337545,9
3363816,9.951701133195346,4
3363826,9.837876982015361,10
3363837,9.771649802815817,11
3363848,9.739327083199369,11
3363860,9.641147325914515,12
3363870,9.782623524346498,10
3363878,9.844764222320268,8
3363898,9.567928628788419,20
3363904,9.904237728405437,6
3363905,9.996550211572243,1
3363925,9.633087947543611,20
3363934,9.807393653851252,9
3363937,9.958965559498179,3
3363943,9.889160359034577,6
3363944,10.0,1
3363955,9.740944709774894,11
3363963,9.838128256954953,8
3363970,9.893634898444235,7
3363974,9.949435135398618,4
3363982,9.84855746322714,8
3363988,9.876376421379609,6
3363999,9.768383577961178,11
3364009,9.843783515687587,10
3364024,9.699164238986144,15
3364038,9.685535057586415,14
3364054,9.670793385283503,16
3364063,9.814651526883933,9
3364071,9.840066763351345,8
3364083,9.737948818004142,12
3364093,9.80054188942101,10
3364108,9.667208196904896,15
3364140,9.366875876374491,32
3364151,9.779455766646322,11
3364163,9.715194329240465,12
3364173,9.772333925329555,10
3364174,10.0,1
3364181,9.864019687097068,7
3364187,9.87097125991639,6
3364188,10.0,1
3364195,9.89258750650705,7
3364208,9.744405066650486,13
3364217,9.866588923338956,9
3364238,9.560607020490695,21
3364246,9.854112201375946,8
3364255,9.81124539653853,9
3364259,9.942304408199636,4
3364271,9.749660645714963,12
3364275,9.927514298804368,4
3364284,9.809234478065179,9
3364299,9.65311689670002,15
3364312,9.717358486359235,13
3364317,9.91656740699678,5
3364320,9.962853495509812,3
3364330,9.782257368925897,10
3364331,10.0,1
3364350,9.538477283271682,19
3364357,9.863760591685715,7
3364367,9.78425603803215,10
3364377,9.790908129857005,10
3364384,9.880965253695756,7
3364394,9.831868748291557,10
3364404,9.80166860083097,10
3364406,9.984282178054336,2
3364410,9.92365284784471,4
3364416,9.898973283395716,6
3364423,9.886294676896501,7
3364432,9.861239201116996,9
3364435,9.956746272338982,3
3364446,9.76526081025401,11
3364463,9.613463504483747,17
3364473,9.836765987221579,10
3364478,9.929346000453119,5
3364481,9.964839258305286,3
3364489,9.874642049533373,8
3364496,9.889668683805485,7
3364503,9.875177158926245,7
3364513,9.842771036928912,10
3364526,9.730988554247265,13
3364529,9.963505308536892,3
3364539,9.812925068332028,10
3364542,9.959869268641052,3
3364548,9.891498872399549,6
3364559,9.753606062660483,11
3364564,9.929751077476714,5
3364567,9.953315664961739,3
3364575,9.839463002479723,8
3364589,9.709662678006758,14
3364602,9.707323830126283,13
3364603,10.0,1
3364614,9.775469714700419,11
3364621,9.847788316152412,7
3364631,9.79118136877732,10
3364638,9.84279637375294,7
3364650,9.715919485939418,12
3364654,9.949377491444094,4
3364660,9.67214714650723,6
3364662,9.977628143256332,2
3364672,9.793921270731758,10
3364677,9.930692547778538,5
3364685,9.86629318933139,8
3364693,9.842303478779279,8
3364699,9.88209038971209,6
3364714,9.690313792224952,15
3364723,9.83206893808666,9
3364724,10.0,1
3364730,9.900146098636995,6
3364732,9.974655278636453,2
3364739,9.876901443983925,7
3364749,9.8015653913549,10
3364757,9.825359093377648,8
3364768,9.760060789734558,11
3364779,9.75493427275296,11
3364785,9.879565978051687,6
3364801,9.666562360842565,16
3364809,9.858425308720705,8
3364818,9.80697433462179,9
3364827,9.80908264638963,9
3364838,9.791843883697265,11
3364842,9.931101589382601,4
3364849,9.665378498146666,7
3364864,9.66834591794596,15
3364876,9.733121260359484,12
3364891,9.64895550425908,15
3364904,9.726883610378177,13
3364914,9.805493302213133,10
3364920,9.899333645207472,6
3364935,9.65763445033535,15
3364948,9.752193133808108,13
3364953,9.927989202729247,5
3364963,9.766406426023634,10
3364967,9.929821769590172,4
3364974,9.882261019321058,7
3364985,9.766682817831994,11
3364990,9.902518954617413,5
3365001,9.75953049527303,11
3365011,9.788783533725455,10
3365024,9.703565996290815,13
3365030,9.904972158428553,6
3365047,9.600113357737756,17
3365058,9.74956772775253,11
3365065,9.882063862745287,7
3365072,9.873831101370824,7
3365082,9.816730499293849,10
3365091,9.844425890472392,9
3365104,9.733918224136959,13
3365108,9.931768718547074,4
3365112,9.933635205763764,4
3365121,9.814952128385476,9
3365133,9.72799872029259,12
3365140,9.861278270274155,7
3365151,9.766377886532583,11
3365160,9.826046847416102,9
3365171,9.779454411536332,11
3365180,9.831772572786555,9
3365183,9.955579815291314,3
3365191,9.840037982418618,8
3365202,9.752407744255615,11
3365223,9.496374229367369,21
3365227,9.930467115580681,4
3365240,9.69470674811965,13
3365246,9.87843462354809,6
3365253,9.879790200192193,7
3365259,9.884583602046536,6
3365265,9.89075095810924,6
3365266,10.0,1
3365269,9.952768919139622,3
3365284,9.656556895221785,15
3365297,9.720864667613721,13
3365303,9.909116548846308,6
3365304,9.988073585920429,1
3365321,9.531100315457367,17
3365341,9.606916271518582,20
3365350,9.633268540218113,9
3365360,9.82160784842538,10
3365369,9.8260313548621,9
3365373,9.947044596199735,4
3365385,9.716512955985445,12
3365393,9.844375334009515,8
3365402,9.837242934782447,9
3365403,10.0,1
3365404,10.0,1
3365405,10.0,1
3365412,9.869130681030157,7
3365425,9.746594787144716,13
3365435,9.789841691328474,10
3365440,9.915108885365564,5
3365449,9.828558482204114,9
3365450,10.0,1
3365451,10.0,1
3365452,10.0,1
3365458,9.890942556026134,6
3365461,9.956570603112931,3
3365470,9.828442778243287,9
3365483,9.737944343971169,13
3365499,9.652391421279496,16
3365500,10.0,1
3365515,9.659837705330824,15
3365521,9.879932822679555,6
3365533,9.735685731265365,12
3365544,9.751383247816042,11
3365549,9.90709352384347,5
3365564,9.662556735398182,15
3365578,9.707928126260436,14
3365585,9.85976533350983,7
3365587,9.983073436213333,2
3365594,9.866673053617522,7
3365601,9.83976120252218,7
3365606,9.907466617123962,5
3365619,9.708992212497927,13
3365624,9.898076248054597,5
3365635,9.751788193928588,11
3365648,9.700229845236679,13
3365658,9.80438127017133,10
3365670,9.722920894262511,12
3365683,9.707755814906443,13
3365688,9.934655481695739,5
3365695,9.879198943300391,7
3365700,9.922550957696881,5
3365703,9.954798174437313,3
3365716,9.71295349433608,13
3365724,9.835035186060674,8
3365735,9.636491428576699,11
3365741,9.878520788781238,6
3365752,9.76614879053732,11
3365761,9.819994281238577,9
3365774,9.715108465077845,13
3365785,9.784457075001173,11
3365797,9.749513591434022,12
3365810,9.699709669272618,13
3365823,9.672510293954206,13
3365830,9.860021989934415,7
3365831,10.0,1
3365839,9.843012892028321,8
3365845,9.897853973005336,6
3365855,9.823120222941672,10
3365865,9.787136706656641,10
3365871,9.899015553811049,6
3365882,9.76839820797279,11
3365883,10.0,1
3365897,9.7024244206719,14
3365910,9.697771211613368,13
3365917,9.864183341516526,7
3365926,9.795717312324884,9
3365936,9.786169755671194,10
3365951,9.69402061531879,15
3365952,10.0,1
3365962,9.803064621313501,10
3365976,9.671312102183105,14
3365986,9.811241953664021,10
3365996,9.803037998131424,10
3366011,9.648210305212617,15
3366023,9.739580912759049,12
3366031,9.853893700821397,8
3366042,9.797158982856606,11
3366049,9.881520880000789,7
3366054,9.932524069192615,5
3366068,9.688834434976972,14
3366076,9.84431948358902,8
3366085,9.807640113473646,9
3366098,9.701292231301224,13
3366111,9.714589691123468,13
3366127,9.673638478279505,16
3366137,9.81289971560359,10
3366145,9.856720776543689,8
3366222,8.489306688516773,77
3366230,9.830763480505174,8
3366237,9.874119444093212,7
3366246,9.830575393719293,9
3366247,10.0,1
3366253,9.90148056351934,6
3366257,9.932769095049517,4
3366267,9.829477427550293,10
3366275,9.847194345498274,8
3366282,9.878991875600967,7
3366297,9.648381572703448,15
3366313,9.624468779353764,16
3366322,9.803544356394616,9
3366336,9.695876859786779,14
3366348,9.797146199153675,12
3366357,9.830301032869652,9
3366365,9.84420373449493,8
3366378,9.73907107601555,13
3366389,9.769172722607502,11
3366394,9.918974161822682,5
3366396,9.982702561906855,2
3366407,9.75083298599295,11
3366414,9.851754477464652,7
3366419,9.91810948345087,5
3366433,9.762197827981746,14
3366439,9.892660073995126,6
3366443,9.940515616141289,4
3366450,9.875586000480292,7
3366451,10.0,1
3366455,9.930859795029585,4
3366466,9.806448575846469,11
3366485,9.549525465370593,19
3366491,9.894207913938633,6
3366505,9.689714464177198,14
3366517,9.710717801514171,12
3366525,9.843404588641725,8
3366533,9.821116700904811,8
3366537,9.943136492890112,4
3366543,9.903000605909554,6
3366553,9.693517735421876,10
3366559,9.897752832047699,6
3366563,9.951296362744177,4
3366570,9.856565870778685,7
3366579,9.814917511055206,9
3366594,9.642742482466867,15
3366610,9.6177697307546,16
3366621,9.747031101172526,11
3366622,10.0,1
3366635,9.499276430675284,13
3366651,9.645309370571663,16
3366657,9.896905106903255,6
3366665,9.837680527747715,8
3366670,9.901608002130754,5
3366682,9.733733730941568,12
3366690,9.832646237918677,8
3366696,9.88964950592712,6
3366706,9.778499840763477,10
3366712,9.894995511541282,6
3366716,9.942108887566823,4
3366717,10.0,1
3366729,9.7376197151382,12
3366740,9.762774099702407,11
3366741,10.0,1
3366756,9.60726556286188,15
3366765,9.82707499778036,9
3366776,9.771838322574286,11
3366784,9.866584907833255,8
3366788,9.934367926873342,4
3366799,9.78726440208086,11
3366811,9.717557295820649,12
3366817,9.895476828916413,6
3366822,9.926085393648581,5
3366835,9.738888813740786,13
3366850,9.709918924233156,15
3366857,9.875504758737577,7
3366869,9.71336036353107,12
3366873,9.934766952713783,4
3366884,9.787358835266932,11
3366891,9.879780902271419,7
3366896,9.917596859271837,5
3366897,10.0,1
3366911,9.682888328754958,14
3366927,9.628843942179376,16
3366937,9.810037353538505,10
3366943,9.874432407469861,6
3366963,9.531882066450594,20
3366972,9.82163225320337,9
3366985,9.757235824145846,13
3366995,9.778406895544824,10
3366996,10.0,1
3367004,9.863966993641146,8
3367015,9.730320080178695,11
3367022,9.869475027086976,7
3367026,9.948711232738134,4
3367034,9.84919513280651,8
3367045,9.780306307056204,11
3367055,9.819394017853526,10
3367068,9.69518776574455,13
3367080,9.769604964151698,12
3367084,9.944493747857065,4
3367091,9.884556145494138,7
3367100,9.826732616214935,9
3367111,9.769002672554324,11
3367113,9.971694101118622,2
3367119,9.891408091249987,6
3367127,9.84744131555399,8
3367128,9.996655328365433,1
3367133,9.925016424039615,5
3367139,9.87450377733056,6
3367146,9.83907076322308,7
3367154,9.836777710347777,8
3367171,9.632549857631075,17
3367177,9.885955397224905,6
3367180,9.946630414570256,3
3367189,9.800595764279347,9
3367193,9.94435644690427,4
3367197,9.936724247533222,4
3367215,9.593662005407689,18
3367221,9.89616745481697,6
3367230,9.812390948991524,9
3367236,9.87899237239563,6
3367246,9.77076423095464,10
3367251,9.912556505368793,5
3367258,9.891535384328577,7
3367271,9.725369673281653,13
3367282,9.764314222293086,11
3367292,9.7779225799576,10
3367300,9.8607650245986,8
3367309,9.807518733223485,9
3367317,9.850375443580127,8
3367324,9.88700784920846,7
3367335,9.792750600123775,11
3367351,9.635370602220892,16
3367362,9.768219723642042,11
3367375,9.761952144919567,13
3367385,9.698086314737218,10
3367395,9.812309960572678,10
3367399,9.942197218926882,4
3367404,9.920066439526403,5
3367405,9.989166722423377,1
3367409,9.936894543061884,4
3367413,9.936203430313565,4
3367426,9.690055556295565,13
3367434,9.84478160169994,8
3367441,9.859726137263035,7
3367442,10.0,1
3367451,9.807814165958053,9
3367454,9.954943452080085,3
3367459,9.933488895859798,5
3367463,9.94301241588653,4
3367471,9.829994910148855,8
3367479,9.847835241469152,8
3367493,9.560700027798184,14
3367497,9.947282237008151,4
3367510,9.726540988662075,13
3367523,9.706073970320622,13
3367527,9.94966136353219,4
3367528,10.0,1
3367536,9.846638290248674,8
3367538,9.975665229265264,2
3367546,9.838411775911695,8
3367555,9.819742060447126,9
3367566,9.774277569234911,11
3367571,9.903054103198395,5
3367578,9.865114816996126,7
3367590,9.651535655810795,12
3367604,9.658450092953935,14
3367616,9.728744465389152,12
3367617,10.0,1
3367623,9.90016268727724,6
3367624,9.986853812977726,1
3367630,9.899108367190351,6
3367636,9.899470645398234,6
3367645,9.80481320542061,9
3367662,9.613091420109493,17
3367677,9.658134920786118,15
3367685,9.84407852196995,8
3367687,9.975941384098501,2
3367695,9.835231492850461,8
3367696,10.0,1
3367703,9.880897946625213,7
3367707,9.941975387200454,4
3367716,9.803135916253717,9
3367728,9.743270944180692,12
3367736,9.835474150443726,8
3367738,9.980295429216534,2
3367741,9.952200821858234,3
3367748,9.846594548860969,7
3367757,9.814886793201122,9
3367766,9.821968132033803,9
3367767,10.0,1
3367775,9.837793846590282,8
3367784,9.824031022564201,9
3367792,9.83190260082422,8
3367803,9.671440980766322,11
3367811,9.84654712769153,8
3367816,9.903857305970126,5
3367824,9.857417163001838,8
3367830,9.895332377889996,6
3367838,9.769832226914321,8
3367848,9.81151188576459,10
3367858,9.810493225141167,10
3367864,9.907812687920254,6
3367874,9.801631906681928,10
3367882,9.833563502187033,8
3367888,9.888762873226783,6
3367889,10.0,1
3367906,9.513362222880103,17
3367914,9.841094799553947,8
3367928,9.693437585530583,14
3367939,9.764894006121988,11
3367946,9.867116292232453,7
3367965,9.558630538932372,19
3367979,9.611754020164119,14
3367991,9.71739793635346,12
3367997,9.88714360171482,6
3368006,9.850803363508524,9
3368013,9.879449286168942,7
3368016,9.954257786159657,3
3368022,9.887353434739515,6
3368027,9.910361476533675,5
3368032,9.940703118452145,5
3368040,9.853306581959627,8
3368049,9.82992492768074,9
3368062,9.730413533893664,13
3368075,9.736845063958228,13
3368081,9.888794630415736,6
3368082,10.0,1
3368094,9.628445727673757,12
3368096,9.972874947227409,2
3368105,9.805969703583482,9
3368118,9.691944660863651,13
3368124,9.899205121359952,6
3368128,9.957138814489774,4
3368136,9.840441290833704,8
3368142,9.901566238691148,6
3368153,9.752260130946942,11
3368165,9.729465246155904,12
3368169,9.924186277470568,4
3368174,9.915102681463521,5
3368180,9.901058125773716,6
3368185,9.919462345785881,5
3368190,9.930483785980874,5
3368200,9.790396394465464,10
3368209,9.711153283554943,9
3368222,9.715027866924547,13
3368235,9.734063979461444,13
3368248,9.716596201419762,13
3368254,9.904110039115285,6
3368259,9.912832888157679,5
3368270,9.74592982464971,11
3368284,9.676046622038285,14
3368293,9.817720363349293,9
3368312,9.585947905344286,19
3368314,9.973173022513,2
3368316,9.977624605572824,2
3368317,10.0,1
3368319,9.97837013461075,2
3368331,9.705987604565847,12
3368341,9.780666481879257,10
3368351,9.804319266805434,10
3368364,9.744022573001608,13
3368374,9.784011289467268,10
3368402,9.50307079321907,28
3368404,9.974572275705246,2
3368412,9.836009388631261,8
3368426,9.702060843594502,14
3368427,10.0,1
3368430,9.953906326011147,3
3368431,10.0,1
3368450,9.5374963784263,19
3368459,9.83611423829073,9
3368476,9.497459095386477,17
3368484,9.834007459862582,8
3368490,9.8864824761093,6
3368493,9.950978433418054,3
3368502,9.810700024916317,9
3368532,8.854208297039575,30
3368542,9.79322163795202,10
3368549,9.890722883556792,7
3368554,9.927489306283803,5
3368564,9.783744975562865,10
3368565,10.0,1
3368571,9.902885571765824,6
3368575,9.951583290927234,4
3368585,9.792374800542827,10
3368592,9.877670699450093,7
3368595,9.95829536487213,3
3368599,9.937792051279306,4
3368600,10.0,1
3368611,9.82167011065728,11
3368623,9.755484920960239,12
3368630,9.377144608734975,7
3368634,9.943498751400565,4
3368642,9.848263446412396,8
3368657,9.693178598788563,15
3368665,9.875162694023892,8
3368676,9.758251998333831,11
3368680,9.925536465950197,4
3368683,9.952216126990631,3
3368697,9.711157267169662,14
3368704,9.871022094213084,7
3368709,9.919633260119982,5
3368722,9.71425259810996,13
3368737,9.641034827981517,15
3368747,9.809716706043693,10
3368753,9.874623209639221,6
3368763,9.803393059871402,10
3368764,10.0,1
3368771,9.849990833467059,7
3368784,9.728192573760273,13
3368789,9.918100793402209,5
3368797,9.862186706936365,8
3368802,9.92371784035046,5
3368803,10.0,1
3368818,9.667369558425971,15
3368831,9.751621667636908,13
3368841,9.800494578289586,10
3368842,10.0,1
3368849,9.857983201255216,7
3368858,9.798839193166296,9
3368871,9.679122202772191,13
3368878,9.870548570370559,7
3368897,9.542157547567422,19
3368914,9.631233643063748,17
3368923,9.822470833235219,9
3368938,9.673762176969344,15
3368949,9.764616259346136,11
3368959,9.798842636183203,10
3368968,9.85552056923258,9
3368969,10.0,1
3368977,9.849096925416426,8
3368989,9.277867206370187,12
3369001,9.754942527242331,12
3369009,9.838346214787657,8
3369015,9.891242103498486,6
3369025,9.769703483338628,10
3369026,9.996688388501175,1
3369031,9.921608083500645,5
3369044,9.706125375333027,13
3369047,9.96551471587761,3
3369063,9.610702320682169,16
3369068,9.918829377584952,5
3369081,9.705195511031533,13
3369087,9.909467744916546,6
3369091,9.939410682225816,4
3369102,9.77006579811462,11
3369107,9.93746885963634,5
3369118,9.763509499541119,11
3369129,9.789276754898507,11
3369136,9.856283713536984,7
3369137,10.0,1
3369148,9.81001054712193,11
3369162,9.699193436245798,14
3369166,9.923052730080954,4
3369173,9.869890193433744,7
3369177,9.946411950109002,4
3369188,9.775159289289714,11
3369200,9.729226354226897,12
3369204,9.942980637892342,4
3369205,9.988697076456138,1
3369208,9.958638908764007,3
3369215,9.863088652096117,7
3369222,9.867666861112118,7
3369232,9.799187376926525,10
3369244,9.733871527392262,12
3369256,9.741614759506595,12
3369273,9.680451755846672,17
3369285,9.759429557677334,12
3369294,9.820558692803669,9
3369299,9.927290665189862,5
3369303,9.944963982587815,4
3369304,10.0,1
3369316,9.738969212752723,12
3369332,9.445598835952513,16
3369333,9.99670518516577,1
3369349,9.626781772776337,16
3369359,9.786600052031368,10
3369360,9.993411471466544,1
3369364,9.930320582898359,4
3369371,9.858484118091777,7
3369388,9.61179828238213,17
3369395,9.872558108737046,7
3369408,9.733691172340208,13
3369419,9.736096365823833,11
3369431,9.754612371270031,12
3369441,9.820296679689099,10
3369447,9.877470587491358,6
3369467,9.521818498411303,20
3369474,9.86946083737088,7
3369483,9.804532190740275,9
3369495,9.727130275808591,12
3369502,9.863944824426698,7
3369511,9.837508321642897,9
3369525,9.593196271604182,14
3369529,9.9455976308256,4
3369539,9.806992569522555,10
3369545,9.871774980505181,6
3369547,9.983567379422123,2
3369554,9.874044082460726,7
3369562,9.863830174954131,8
3369571,9.82357832904931,9
3369578,9.865586526277674,7
3369587,9.809630254709816,9
3369604,9.581342756068965,17
3369630,9.467501339178929,26
3369637,9.761311700521505,7
3369641,9.94149879936175,4
3369648,9.87273427390922,7
3369660,9.771989600795111,12
3369669,9.81425456592524,9
3369674,9.923282800263925,5
3369685,9.768351541213805,11
3369688,9.961048400593596,3
3369694,9.888828534727086,6
3369697,9.96126453236625,3
3369706,9.797654414666908,9
3369721,9.642045859263266,15
3369722,10.0,1
3369735,9.702997913927934,13
3369743,9.834556601320998,8
3369752,9.820863820557019,9
3369757,9.913505903261813,5
3369761,9.945598335065476,4
3369783,9.599229622427568,22
3369786,9.966577928122991,3
3369794,9.826270411591171,8
3369802,9.840613387982579,8
3369804,9.971619141255955,2
3369816,9.749902248615115,12
3369817,9.996615976690878,1
3369825,9.868498390939626,8
3369835,9.786975451336737,10
3369845,9.795882324764225,10
3369851,9.900605752406992,6
3369858,9.881671477408949,7
3369869,9.752904825242869,11
3369872,9.965025057825255,3
3369873,10.0,1
3369881,9.75096865710588,8
3369896,9.640330150992508,15
3369902,9.900890163638476,6
3369909,9.862946065534253,7
3369913,9.938413016638034,4
3369921,9.829588472411748,8
3369926,9.89809483327729,5
3369940,9.700289195354484,14
3369948,9.854985867187525,8
3369959,9.763344269431276,11
3369966,9.862983358162976,7
3369977,9.795724998287554,11
3369986,9.83036033032517,9
3369994,9.857028655109753,8
3370003,9.858012277272882,9
3370013,9.78418224832705,10
3370020,9.870631217959493,7
3370026,9.906112613620724,6
3370027,10.0,1
3370051,9.391475752169345,24
3370053,9.969247858061124,2
3370059,9.887580040355084,6
3370065,9.89381290428197,6
3370072,9.861080429971897,7
3370078,9.896245124703361,6
3370085,9.865971750196165,7
3370093,9.854252154630815,8
3370099,9.888655548994695,6
3370103,9.934278072879417,4
3370106,9.953277584414396,3
3370123,9.619417098319063,17
3370131,9.805671850129496,8
3370144,9.736151721649382,13
3370155,9.76653073581289,11
3370164,9.808760076022164,9
3370170,9.90148696791621,6
3370171,10.0,1
3370183,9.722865443622004,12
3370186,9.953184168493088,3
3370189,9.951015670648934,3
3370193,9.937132359488139,4
3370196,9.958375911198358,3
3370199,9.949387609706324,3
3370206,9.864410495845704,7
3370210,9.945926557596925,4
3370219,9.871075327637195,9
3370232,9.679065964077777,13
3370243,9.76364873318722,11
3370254,9.77282460714562,11
3370265,9.80376799242954,11
3370273,9.861734414197773,8
3370276,9.96540793329728,3
3370281,9.916947006799838,5
3370296,9.673087838961427,15
3370300,9.935206343960056,4
3370315,9.739515273192199,15
3370321,9.899589340460746,6
3370329,9.88029403075233,8
3370332,9.948085019054924,3
3370341,9.813601604345008,9
3370350,9.81690240088319,9
3370358,9.840651526815451,8
3370367,9.8580974710835,9
3370377,9.777802558475901,10
3370378,9.992013668464507,1
3370388,9.806204378646562,10
3370394,9.904397058141827,6
3370406,9.71123019283874,12
3370418,9.722209141264491,12
3370429,9.799296650311755,11
3370443,9.665855889823757,14
3370458,9.686917404218988,15
3370467,9.826039192385531,9
3370468,10.0,1
3370479,9.774223568145036,11
3370484,9.911050070108288,5
3370500,9.625497542553228,16
3370512,9.744247624832655,12
3370525,9.763506446436958,13
3370531,9.902443958440676,6
3370535,9.932423794286294,4
3370543,9.87298989342864,8
3370554,9.74938804164098,11
3370559,9.918352082019501,5
3370585,9.473483973927218,26
3370587,9.981446122076887,2
3370595,9.845714229854158,8
3370612,9.606345240339554,17
3370618,9.909424724195414,6
3370622,9.942858862308077,4
3370632,9.792344002457506,10
3370641,9.724922792757235,9
3370650,9.798436943677201,9
3370655,9.915030758661088,5
3370663,9.851844004769736,8
3370673,9.796081421143505,10
3370690,9.622234305347076,17
3370698,9.83552289893517,8
3370711,9.720021598452831,13
3370720,9.813712098138609,9
3370725,9.922738723743661,5
3370729,9.960511360082863,4
3370733,9.937109355634735,4
3370740,9.867248505605119,7
3370745,9.812659704348752,5
3370748,9.94979034819068,3
3370749,10.0,1
3370766,9.607147753704108,17
3370776,9.77835628129513,10
3370781,9.930240991398705,5
3370784,9.96739262132039,3
3370785,10.0,1
3370804,9.49481881554687,19
3370816,9.682838202980886,12
3370827,9.757607065872964,11
3370830,9.966584134992889,3
3370837,9.866639301162586,7
3370846,9.800749979734825,9
3370856,9.792880287716418,10
3370868,9.72720526971377,12
3370880,9.750645270130592,12
3370894,9.67411711446451,14
3370895,10.0,1
3370896,9.989449957030988,1
3370908,9.721681432384228,12
3370922,9.685550458716728,14
3370934,9.743138821984079,12
3370943,9.853969561289013,9
3370961,9.605667394738166,18
3370972,9.772827055230113,11
3370986,9.706340230610548,14
3370989,9.953599319432918,3
3371006,9.70952629642559,17
3371013,9.864582459887727,7
3371021,9.86351635678939,8
3371045,8.87017341135853,24
3371054,9.826456089977686,9
3371063,9.806789306093565,9
3371071,9.828949128881536,8
3371085,9.694081990712935,14
3371090,9.915152560903602,5
3371092,9.97998700515992,2
3371100,9.846654178106188,8
3371106,9.91221870841229,6
3371115,9.792163298824432,9
3371125,9.79787267532805,10
3371129,9.93847671928588,4
3371141,9.755680550069846,12
3371154,9.735385995144402,13
3371161,9.87284197480596,7
3371175,9.70249339342181,14
3371178,9.9635293899211,3
3371186,9.850986247591411,8
3371193,9.884635478563615,7
3371205,9.736804136935378,12
3371210,9.913434771828998,5
3371218,9.828470598393642,8
3371224,9.915613802003016,6
3371233,9.830961681794374,9
3371240,9.886279381399465,7
3371245,9.930317256946342,5
3371263,9.537760251938224,18
3371273,9.810297149244061,10
3371277,9.934423516084777,4
3371291,9.677296332832087,14
3371299,9.880540931417395,8
3371310,9.754354623263142,11
3371313,9.948158306535564,3
3371326,9.696919287113761,13
3371334,9.842921228028311,8
3371345,9.668002206907364,11
3371355,9.78794975592992,10
3371363,9.821576370002376,8
3371374,9.66264397562869,11
3371385,9.777548004476383,11
3371392,9.860893432700054,7
3371400,9.85076601331505,8
3371418,9.569902306044098,18
3371420,9.870012547323237,2
3371421,10.0,1
3371436,9.727507964915093,15
3371447,9.787497397410842,11
3371448,10.0,1
3371457,9.831689226677085,9
3371468,9.776319688168813,11
3371477,9.82710439071433,9
3371486,9.822843960445656,9
3371488,9.968469974797266,2
3371493,9.922772296010276,5
3371494,10.0,1
3371502,9.834312847775733,8
3371512,9.813781306461848,10
3371513,10.0,1
3371516,9.951969607793464,3
3371526,9.801134464343793,10
3371540,9.707142622759445,14
3371548,9.822014413316547,8
3371556,9.82607714870594,8
3371566,9.784413469486879,10
3371573,9.875882203996085,7
3371585,9.732738745759166,12
3371597,9.725737197060155,12
3371611,9.613606509541292,14
3371625,9.713117029101248,14
3371627,9.978331016479467,2
3371642,9.651309168244284,15
3371660,9.599696685150224,18
3371670,9.76754880588312,10
3371677,9.887370620570785,7
3371686,9.808622366479367,9
3371694,9.861772616159357,8
3371708,9.687294598327496,14
3371718,9.792158038434374,10
3371720,9.975811767920334,2
3371740,9.544986129829342,20
3371749,9.815707190829654,9
3371759,9.79086177639974,10
3371768,9.820277485752673,9
3371773,9.926796322030928,5
3371776,9.961758352082667,3
3371783,9.87803363383835,7
3371787,9.937029328538975,4
3371801,9.722529281847773,14
3371812,9.766372190341224,11
3371822,9.783295621392362,10
3371837,9.676102456075741,15
3371844,9.865910701541049,7
3371854,9.80289371185859,10
3371861,9.88645591202083,7
3371870,9.817259992270358,9
3371878,9.843482381658278,8
3371882,9.931095957578927,4
3371890,9.865199843577921,8
3371891,10.0,1
3371898,9.863473322985765,7
3371900,9.98447976943699,2
3371913,9.718997639095656,13
3371914,10.0,1
3371924,9.795854722205439,10
3371932,9.853994351113691,8
3371936,9.935783322301667,4
3371943,9.869758031841169,7
3371948,9.926869709074975,5
3371955,9.867142529696888,7
3371966,9.749400458187063,11
3371971,9.932670379499353,5
3371972,10.0,1
3371981,9.831582432018882,9
3371993,9.652638979184907,12
3372003,9.778857152219656,10
3372010,9.875536376286817,7
3372023,9.725276057332138,13
3372037,9.736986760857189,14
3372042,9.93520319010165,5
3372053,9.81515632657281,11
3372061,9.522906908744742,8
3372075,9.667743433171255,14
3372084,9.805629057945053,9
3372098,9.499456856875023,14
3372105,9.885801203771376,7
3372109,9.937865332632706,4
3372116,9.861673983073988,7
3372134,9.600155621745833,18
3372136,9.97082661913158,2
3372150,9.764007543360607,14
3372158,9.853393051940673,8
3372161,9.95947264000832,3
3372162,10.0,1
3372168,9.909091827186181,6
3372182,9.681849960146998,14
3372188,9.900787335632408,6
3372194,9.885853067702145,6
3372202,9.841711900463647,8
3372214,9.751344685745945,12
3372227,9.69920708276559,13
3372260,9.413167334552043,33
3372273,9.722741969082138,13
3372275,9.976821289280709,2
3372281,9.91574751184678,6
3372296,9.74372272109939,15
3372310,9.701268472250016,14
3372311,9.996475017548823,1
3372316,9.939818710568382,5
3372317,10.0,1
3372325,9.83854278206793,8
3372344,9.606202497620714,19
3372360,9.615996057356762,16
3372374,9.717407694294012,14
3372375,10.0,1
3372403,9.383719590172658,28
3372404,9.988584408760518,1
3372414,9.78996319253019,10
3372430,9.608632607495732,16
3372441,9.756604164768639,11
3372446,9.903090654024037,5
3372456,9.78339184962346,10
3372457,9.987715443762234,1
3372458,10.0,1
3372470,9.755960713194611,12
3372476,9.892336021802743,6
3372481,9.931400634013794,5
3372482,10.0,1
3372491,9.82567850792696,9
3372499,9.826365387379107,8
3372508,9.808130634796187,9
3372515,9.859191399412394,7
3372532,9.563373799378532,17
3372537,9.92560664880923,5
3372545,9.845547663546538,8
3372558,9.698090946206426,13
3372565,9.888675442271108,7
3372571,9.897649934543866,6
3372575,9.940370648167177,4
3372587,9.707539563557843,12
3372596,9.837137233894161,9
3372603,9.856884429299289,7
3372605,9.976902176208593,2
3372615,9.798543121868898,10
3372625,9.78972424873331,10
3372634,9.813669929861007,9
3372645,9.770811403309493,11
3372651,9.896895288127826,6
3372660,9.8317873245021,9
3372669,9.825858027212298,9
3372682,9.76632381094101,13
3372694,9.7773863381484,12
3372707,9.699275705447791,13
3372715,9.85464564804062,8
3372723,9.844625169641759,8
3372732,9.829663311351915,9
3372738,9.895137568054675,6
3372748,9.791142264239143,10
3372758,9.798307778250521,10
3372766,9.868466560513097,8
3372773,9.896157999470267,7
3372776,9.952001740017991,3
3372777,10.0,1
3372785,9.8369193397612,8
3372788,9.967397336826675,3
3372789,10.0,1
3372799,9.799397810098085,10
3372805,9.895728479543427,6
3372810,9.915465581764114,5
3372816,9.907619606420713,6
3372819,9.960736800477914,3
3372829,9.785596392141887,10
3372837,9.83879552200703,8
3372853,9.62068094893815,16
3372860,9.876367922051285,7
3372865,9.929976670594336,5
3372873,9.811822062910178,8
3372882,9.832198312922948,9
3372888,9.87521012962045,6
3372899,9.764177180072314,11
3372909,9.79222756877594,10
3372921,9.777285098658908,12
3372924,9.960891355484293,3
3372931,9.871516775241593,7
3372933,9.971900187658607,2
3372938,9.911368803263993,5
3372945,9.871909276585665,7
3372954,9.711533690084071,9
3372959,9.907854319388422,5
3372966,9.872137565174294,7
3372972,9.883807739134179,6
3372986,9.695955645933216,14
3372997,9.767432473706075,11
3373006,9.826696983493239,9
3373010,9.944337230061517,4
3373019,9.864435091104342,9
3373029,9.79704015769582,10
3373036,9.868542221159782,7
3373048,9.746545986684133,12
3373054,9.9077667357792,6
3373063,9.828345432803872,9
3373074,9.787141429544226,11
3373082,9.833646022462549,8
3373094,9.731730852143851,12
3373095,10.0,1
3373107,9.732292674800895,12
3373121,9.700981010056772,14
3373128,9.848424025991077,7
3373130,9.982821499858744,2
3373143,9.758018588741074,13
3373149,9.90813195971638,6
3373169,9.566253665098792,20
3373183,9.688603962817837,14
3373192,9.805307881463033,9
3373193,9.993213175326526,1
3373201,9.853836379156226,8
3373207,9.902784055128642,6
3373218,9.783221649823629,11
3373227,9.864316587296463,9
3373231,9.94302800796299,4
3373244,9.701492099224446,13
3373259,9.696165136007416,15
3373265,9.899514006741242,6
3373278,9.709137979344156,13
3373295,9.613777812600299,17
3373298,9.96620396526022,3
3373308,9.770242139894863,10
3373319,9.586046811760745,11
3373333,9.489858393050579,14
3373342,9.802854418612657,9
3373345,9.955678339626147,3
3373348,9.956437591098783,3
3373351,9.957192258464993,3
3373359,9.850137808907675,8
3373365,9.895026854711755,6
3373376,9.793870005056215,11
3373384,9.838527355882176,8
3373393,9.816762727456691,9
3373400,9.881143192229436,7
3373409,9.79541602367524,9
3373420,9.46868801730858,11
3373429,9.730755638379463,9
3373440,9.783718567716178,11
3373450,9.79827430709844,10
3373455,9.926897223365735,5
3373461,9.88308316297123,6
3373472,9.825321611325595,11
3373477,9.924857931078767,5
3373488,9.744556675889802,11
3373497,9.819086151939784,9
3373510,9.709971821042984,13
3373514,9.933013511517021,4
3373526,9.74699496634996,12
3373528,9.985141050815718,2
3373532,9.94223497196736,4
3373542,9.798804792606626,10
3373543,10.0,1
3373558,9.51093944784383,15
3373568,9.781610927034682,10
3373579,9.77648962045982,11
3373591,9.738658875017364,12
3373604,9.71510469952643,13
3373612,9.852518233300389,8
3373623,9.758094315210146,11
3373637,9.733333211945022,14
3373645,9.852805799600752,8
3373655,9.779522283940478,10
3373661,9.903738269525993,6
3373662,10.0,1
3373666,9.929538200386322,4
3373680,9.703029007674713,14
3373685,9.931005460488809,5
3373722,1.9938904713403858,37
3373728,9.884610614585153,6
3373733,9.912152270267564,5
3373741,9.85202738691344,8
3373749,9.835189578528485,8
3373760,9.81083701187561,11
3373770,9.807993188311178,10
3373784,9.68262672886407,14
3373790,9.898749976249157,6
3373803,9.745227811368782,13
3373820,9.531372792255931,17
3373833,9.71503735226387,13
3373849,9.615704461457943,16
3373851,9.976402389194734,2
3373856,9.911806537318206,5
3373866,9.801596618465792,10
3373882,8.728251561195352,16
3373892,9.770664833973523,10
3373893,10.0,1
3373901,9.874677617335355,8
3373911,9.834908240103932,10
3373912,10.0,1
3373923,9.775405883435925,11
3373924,10.0,1
3373935,9.763552186713232,11
3373936,10.0,1
3373949,9.719538901697838,13
3373953,9.946163510623077,4
3373959,9.876869096833275,6
3373971,9.739640220181597,12
3373983,9.766522578358344,12
3373992,9.816724224379241,9
3373999,9.864662201209681,7
3374005,9.868836119767371,6
3374021,9.644783054121753,16
3374031,9.788960861750317,10
3374042,9.769355878550563,11
3374049,9.873914989657854,7
3374050,10.0,1
3374055,9.91911334416347,5
3374061,9.895089978828324,6
3374074,9.702876037703817,13
3374084,9.789112307023046,10
3374093,9.796571785013994,9
3374102,9.825112975497522,9
3374103,9.98766503320494,1
3374118,9.654252753976097,15
3374127,9.798601281327542,9
3374133,9.910979500912363,6
3374146,9.71517734363312,13
3374148,9.971639538247906,2
3374162,9.698273739004444,14
3374177,9.477032048121226,15
3374185,9.855633453058138,8
3374195,9.790757788218514,10
3374210,9.656672017773083,15
3374218,9.844163825586618,8
3374223,9.90911789202634,5
3374224,10.0,1
3374233,9.819076817140417,9
3374241,9.821111593451937,8
3374242,10.0,1
3374251,9.81886319754635,9
3374252,9.988579435478995,1
3374262,9.788205617418404,10
3374273,9.805275444367956,11
3374280,9.892290041191139,7
3374281,10.0,1
3374282,9.989378566292547,1
3374289,9.866928648360084,7
3374296,9.864419049279235,7
3374300,9.945444483247837,4
3374309,9.805257674370273,9
3374317,9.861380362520274,8
3374329,9.73397578840229,12
3374335,9.881448887046345,6
3374342,9.87266770770136,7
3374347,9.914803853618675,5
3374353,9.896740099888724,6
3374356,9.966510641498616,3
3374380,9.6172000470919,24
3374389,9.822374256085537,9
3374400,9.759126721879769,11
3374415,9.70088483087309,15
3374416,9.99665270839239,1
3374417,10.0,1
3374428,9.75709054627225,11
3374440,9.742818787419438,12
3374452,9.74270742142447,12
3374453,10.0,1
3374461,9.84159298676318,8
3374462,10.0,1
3374466,9.932698144028345,4
3374479,9.71525285887899,13
3374497,9.587726271859644,18
3374509,9.560888261136988,12
3374515,9.886871251169698,6
3374521,9.899250159967814,6
3374527,9.900970168141372,6
3374530,9.956214174058523,3
3374544,9.678373615983592,14
3374550,9.895642792502635,6
3374555,9.922495574787973,5
3374565,9.784858492152324,10
3374573,9.838471531756486,8
3374574,10.0,1
3374575,10.0,1
3374577,9.877722687385067,2
3374590,9.706241007483083,13
3374599,9.78650765586278,9
3374602,9.960222548474738,3
3374606,9.926903729618122,4
3374619,9.69935760492101,13
3374623,9.929457804081059,4
3374624,10.0,1
3374630,9.916525920830711,6
3374641,9.7782307754753,11
3374653,9.737628143808244,12
3374661,9.835364296249319,8
3374670,9.819527390090856,9
3374680,9.791429579527872,10
3374689,9.812733016857438,9
3374699,9.80212878921418,10
3374705,9.879777532836915,6
3374716,9.764744456403445,11
3374717,10.0,1
3374722,9.910951771684163,5
3374728,9.874729797800383,6
3374729,10.0,1
3374737,9.861498439500716,8
3374757,9.531898416677494,20
3374768,9.765913093909797,11
3374784,9.645092447960934,16
3374801,9.595353191794368,17
3374812,9.758161228168937,11
3374816,9.937542471200834,4
3374820,9.926030567397095,4
3374830,9.779238196329679,10
3374837,9.448082677995018,7
3374846,9.822629047370373,9
3374851,9.918674452390938,5
3374856,9.922958536639607,5
3374863,9.870048321350339,7
3374869,9.887873255692968,6
3374880,9.764970415350984,11
3374891,9.786434803862234,11
3374899,9.839837053565748,8
3374910,9.760457042705607,11
3374924,9.67252486131087,14
3374925,10.0,1
3374936,9.777006157255954,11
3374946,9.821886957680425,10
3374952,9.877153320793166,6
3374955,9.94411485720748,3
3374958,9.971354893448876,3
3374963,9.90985191772822,5
3374972,9.7982555373486,9
3374981,9.808160827698977,9
3374990,9.825049406083705,9
3374997,9.892833345678534,7
3375011,9.692182058963748,14
3375020,9.827369699902844,9
3375024,9.937296208375733,4
3375032,9.847686426215422,8
3375040,9.869734420268705,8
3375049,9.832177740720816,9
3375050,10.0,1
3375062,9.532001112955014,12
3375080,9.63599502609767,18
3375093,9.711110720458823,13
3375106,9.702945155243015,13
3375115,9.800306562472088,9
3375121,9.875630188049493,6
3375125,9.930476967085713,4
3375130,9.91125137729025,5
3375135,9.917938973773984,5
3375136,10.0,1
3375146,9.756157504775897,10
3375156,9.782552753676757,10
3375174,9.380297452273904,18
3375181,9.87808322730498,7
3375184,9.971653196816925,3
3375190,9.877528796494804,6
3375191,10.0,1
3375202,9.750548364576662,11
3375208,9.881903726410428,6
3375216,9.752492220736825,8
3375226,9.785700898774191,10
3375234,9.872014727986828,8
3375244,9.808553761603381,10
3375245,9.996054538113961,1
3375257,9.727752732987504,12
3375274,9.613682401900151,17
3375287,9.713117622081375,13
3375298,9.759180450390318,11
3375301,9.961208158556815,3
3375313,9.771435645533094,12
3375322,9.796420175807699,9
3375327,9.921419768498984,5
3375337,9.813141254606666,10
3375351,9.69688634687646,14
3375367,9.673467879993511,16
3375378,9.762784523053321,11
3375387,9.85372045017394,9
3375388,10.0,1
3375401,9.71834379262262,13
3375409,9.838816842842283,8
3375422,9.744014373747964,13
3375430,9.84561932845495,8
3375433,9.966367637557012,3
3375436,9.956151463933745,3
3375449,9.719625377389093,13
3375462,9.753246915027033,13
3375473,9.769137834063704,11
3375480,9.757976338864756,7
3375482,9.977814820144376,2
3375488,9.892311464938167,6
3375493,9.90477223931105,5
3375507,9.70356163155449,14
3375512,9.915664235536395,5
3375516,9.948076173025376,4
3375522,9.878950742415794,6
3375534,9.748022761871896,12
3375538,9.956740642603995,4
3375551,9.704123036605822,13
3375559,9.835724032734316,8
3375567,9.84350658408716,8
3375580,9.70483981664914,13
3375589,9.812986817749636,9
3375596,9.867011358931613,7
3375602,9.89930180475857,6
3375633,9.459943537444737,31
3375640,9.874978272974797,7
3375645,9.736947721000933,5
3375657,9.74328988232109,12
3375662,9.910824858334301,5
3375677,9.636154663078342,15
3375683,9.899946969496648,6
3375692,9.840104869507742,9
3375695,9.970992088343504,3
3375704,9.61060565306008,9
3375712,9.853491489642817,8
3375724,9.716550941233754,12
3375731,9.863245233316421,7
3375754,9.438290116612077,23
3375758,9.843563428695868,4
3375762,9.941447863974,4
3375770,9.839607685680605,8
3375772,9.966914556563905,2
3375775,9.96143219234618,3
3375780,9.910312354285331,5
3375791,9.79928388020969,11
3375800,9.814308459052908,9
3375812,9.741517070152925,12
3375821,9.831663295671591,9
3375827,9.8964867696488,6
3375838,9.656502690363574,11
3375847,9.819163067978725,9
3375855,9.854891402925677,8
3375861,9.908969093103664,6
3375867,9.890775368117852,6
3375875,9.8512819070383,8
3375882,9.876506101089847,7
3375898,9.602431318174228,16
3375903,9.90231951533246,5
3375918,9.707712146817231,15
3375925,9.87720750842787,7
3375933,9.883526938581989,8
3375949,9.652269515486504,16
3375959,9.81141113124026,10
3375971,9.73739633054057,12
3375982,9.758965822146582,11
3375989,9.876042516749871,7
3376001,9.758228075102705,12
3376007,9.9118684934301,6
3376008,10.0,1
3376016,9.83295932109409,8
3376017,10.0,1
3376029,9.752249393477058,12
3376033,9.941921476645042,4
3376041,9.851539365086142,8
3376049,9.859063933528798,8
3376054,9.924498698134535,5
3376061,9.865905942045654,7
3376077,9.66367370303278,16
3376083,9.915336019034351,6
3376099,9.711834705240577,16
3376103,9.944364689858515,4
3376111,9.85383295472511,8
3376115,9.930061592953502,4
3376126,9.743321324243746,11
3376136,9.776435897456015,10
3376154,9.196356125979646,18
3376157,9.960830343758694,3
3376168,9.788224667008999,11
3376177,9.808324079018877,9
3376178,9.993186199603759,1
3376188,9.788278108021114,10
3376207,9.577995541064615,19
3376216,9.815278832123537,9
3376231,9.63729739107871,15
3376232,10.0,1
3376237,9.936100553914661,5
3376243,9.869766271315077,6
3376244,10.0,1
3376257,9.68120611380179,13
3376262,9.915810815438164,5
3376266,9.942198265496298,4
3376277,9.74767996586141,11
3376284,9.872892764477244,7
3376294,9.784613879592355,10
3376306,9.727427685702716,12
3376312,9.899153460804445,6
3376320,9.83291195067412,8
3376328,9.861985538561441,8
3376344,9.007591266106935,16
3376345,9.988636307064223,1
3376356,9.668560527163665,11
3376370,9.693385183502837,14
3376371,10.0,1
3376384,9.697693551959402,13
3376394,9.796107162947914,10
3376407,9.746772249008952,13
3376415,9.84073532914867,8
3376424,9.830734620333327,9
3376433,9.688562333148068,9
3376434,9.988720663445383,1
3376452,9.379983735739998,18
3376466,9.66156877675441,14
3376469,9.962729613972392,3
3376472,9.947570454932222,3
3376480,9.874037342835567,8
3376492,9.74641149925132,12
3376502,9.787236597906542,10
3376505,9.948110181819853,3
3376512,9.896028817035367,7
3376519,9.909511534234692,7
3376531,9.737510100846434,12
3376544,9.707905482498656,13
3376555,9.791822253098834,11
3376556,10.0,1
3376571,9.675527592711203,15
3376589,9.531585087140101,18
3376593,9.948331591330259,4
3376605,9.727209969511478,12
3376613,9.84124163464624,8
3376619,9.904722167835384,6
3376623,9.938854625148224,4
3376632,9.819772721973697,9
3376643,9.762002362768275,11
3376656,9.695105474830324,13
3376661,9.912167514348459,5
3376674,9.756622821361287,13
3376686,9.73041663331184,12
3376690,9.941203649299302,4
3376698,9.843005048257115,8
3376709,9.742687591667346,11
3376720,9.763840960021474,11
3376731,9.7578242207685,11
3376737,9.897379080649372,6
3376746,9.810179832879811,9
3376761,9.639221295097009,15
3376792,7.323359388944257,31
3376795,9.956964698836138,3
3376808,9.702968427840954,13
3376818,9.797417656174423,10
3376827,9.844764972334337,9
3376834,9.873629617872169,7
3376842,9.824708389475866,8
3376850,9.832378012390507,8
3376858,9.835962020765804,8
3376860,9.977589148562226,2
3376868,9.85499168534374,8
3376882,9.679037019156024,14
3376888,9.912106125501737,6
3376899,9.735819923080257,11
3376901,9.974091414901794,2
3376914,9.691864182090063,13
3376915,10.0,1
3376916,10.0,1
3376922,9.915127048240077,6
3376928,9.885821306560171,6
3376936,9.846170654020623,8
3376945,9.811929288748372,9
3376961,9.658974556290154,16
3376962,10.0,1
3376966,9.948786119748526,4
3376971,9.916517846420193,5
3376978,9.889280183819558,7
3376983,9.910631125884752,5
3376995,9.72048289547132,12
3377001,9.867980937535977,6
3377002,10.0,1
3377012,9.818173719060274,10
3377020,9.850549331856568,8
3377021,10.0,1
3377033,9.760457570759645,12
3377039,9.89589008097759,6
3377044,9.9181020391647,5
3377050,9.905207211354739,6
3377060,9.814891136193783,10
3377068,9.859592857387344,8
3377074,9.893955717927618,6
3377085,9.766228108800572,11
3377100,9.651834418162201,15
3377109,9.820102259047726,9
3377115,9.885364617580327,6
3377127,9.771510096068765,12
3377138,9.686652857263187,11
3377139,9.989221322844074,1
3377150,9.752810045956185,11
3377178,9.475439536948336,28
3377180,9.981453928621926,2
3377186,9.878537263950735,6
3377187,10.0,1
3377188,10.0,1
3377200,9.7411492302307,12
3377208,9.848028906303306,8
3377209,10.0,1
3377219,9.677361173196084,10
3377225,9.89667016187224,6
3377234,9.841378073871297,9
3377245,9.783387742445033,11
3377255,9.820975605503573,10
3377262,9.878515731200855,7
3377268,9.904940076447303,6
3377277,9.810019548899396,9
3377283,9.899774450616327,6
3377290,9.853343763793058,7
3377300,9.803972681962863,10
3377309,9.806701138735786,9
3377315,9.881344896294834,6
3377330,9.645124220829631,15
3377338,9.889576444318116,8
3377348,9.779854449828283,10
3377360,9.713042899833587,12
3377377,9.601931681880817,17
3377393,9.589953683091775,16
3377397,9.940012616301617,4
3377405,9.840712404405815,8
3377412,9.862153622842111,7
3377423,9.763607669935968,11
3377428,9.92733419183678,5
3377441,9.699787309615155,13
3377453,9.746798771150392,12
3377464,9.769850677931212,11
3377468,9.945295239214323,4
3377481,9.747927247678504,13
3377498,9.626542149166127,17
3377499,10.0,1
3377500,10.0,1
3377515,9.462564351317821,15
3377529,9.688569756790363,14
3377538,9.820704549185983,9
3377539,10.0,1
3377549,9.787724825713706,10
3377550,10.0,1
3377551,10.0,1
3377558,9.863480982298048,7
3377561,9.954093575627686,3
3377567,9.88473075031533,6
3377570,9.963382943380946,3
3377579,9.830855918990146,9
3377589,9.78163358251472,10
3377592,9.96032248742162,3
3377599,9.868124601426775,7
3377609,9.775510462491985,10
3377613,9.928776021347065,4
3377623,9.811371592870644,10
3377624,10.0,1
3377637,9.72518452497188,13
3377645,9.518702077890177,8
3377651,9.884823916228266,6
3377660,9.798330332367563,9
3377664,9.932483277465831,4
3377676,9.737142325348254,12
3377689,9.483792164713567,13
3377694,9.907606894766532,5
3377702,9.871976267637036,8
3377716,9.699681809016715,14
3377721,9.920769838962954,5
3377725,9.956476091987613,4
3377733,9.871810575745814,8
3377736,9.96726849556367,3
3377744,9.829836311536193,8
3377749,9.923030949671588,5
3377757,9.840278697142525,8
3377763,9.879944072005927,6
3377771,9.652197530724298,8
3377785,9.7271636618548,14
3377797,9.430508710713378,12
3377810,9.734290394129019,13
3377820,9.806522480147928,10
3377830,9.77604053910459,10
3377831,10.0,1
3377836,9.9068586267616,5
3377844,9.855909786567787,8
3377853,9.822100190400889,9
3377864,9.736655857052801,11
3377874,9.80406951380048,10
3377883,9.818067745642294,9
3377891,9.826650053797861,8
3377900,9.821574521834982,9
3377904,9.947269594590741,4
3377921,9.571098093832523,17
3377926,9.909586786111838,5
3377933,9.861325039362223,7
3377948,9.655820640253632,15
3377960,9.765084427513887,12
3377974,9.711168673868356,14
3377975,10.0,1
3377989,9.723577066566266,14
3377999,9.80019871793766,10
3378004,9.929724311012201,5
3378005,10.0,1
3378026,9.48651490809964,21
3378033,9.878631842323669,7
3378043,9.808930588261559,10
3378050,9.865187002768852,7
3378051,10.0,1
3378052,10.0,1
3378062,9.81313934783452,10
3378072,9.79762544249358,10
3378077,9.921612735753316,5
3378078,10.0,1
3378089,9.766217845763638,11
3378098,9.79788014266422,9
3378102,9.926874205406932,4
3378105,9.962199834610423,3
3378109,9.954078423228026,4
3378117,9.840742996730434,8
3378122,9.925935120251596,5
3378130,9.841590359106169,8
3378143,9.730963843957449,13
3378149,9.910047211924818,6
3378172,9.298196944871092,23
3378173,10.0,1
3378187,9.637190994565133,14
3378195,9.85338189383945,8
3378214,9.566324514443227,19
3378221,9.873993478505538,7
3378233,9.719824958351026,12
3378240,9.872710954419656,7
3378247,9.880338892019152,7
3378253,9.878997344281306,6
3378264,9.761234820525413,11
3378268,9.937992680287062,4
3378274,9.925407413517073,6
3378280,9.898722276754128,6
3378289,9.809565258182351,9
3378301,9.731252381744099,12
3378304,9.968114489351821,3
3378316,9.74534822114369,12
3378319,9.965085299439794,3
3378327,9.847347429871832,8
3378334,9.8837569203743,7
3378339,9.907230372264339,5
3378363,9.491669929788998,24
3378375,9.760457109137926,12
3378388,9.756855995834478,13
3378396,9.846016658164869,8
3378411,9.682540202410864,15
3378416,9.925633748637912,5
3378419,9.648531040029543,3
3378434,9.686789755616907,15
3378451,9.594273400561253,17
3378452,10.0,1
3378468,9.686929191386211,16
3378474,9.906522479794404,6
3378487,9.501093749590959,13
3378497,9.837291126927008,10
3378509,9.725475507530971,12
3378514,9.923703570697382,5
3378529,9.65956359121658,15
3378531,9.977308518149734,2
3378544,9.696402452836798,13
3378551,9.87152512463336,7
3378556,9.918990561084641,5
3378564,9.856817752907705,8
3378578,9.671291555127786,14
3378579,9.992634740236502,1
3378594,9.65329129356724,15
3378603,9.819826926304765,9
3378610,9.863384643291674,7
3378617,9.864083923677805,7
3378628,9.745805670632015,11
3378637,9.823827251577027,9
3378641,9.950611480895896,4
3378648,9.875192206402803,7
3378653,9.915802904891986,5
3378664,9.790640296943154,11
3378665,10.0,1
3378669,9.927516866706872,4
3378675,9.9179429053789,6
3378681,9.798179005790166,6
3378690,9.822643667952159,9
3378696,9.871489896487246,6
3378701,9.900939553707705,5
3378717,9.419971583952073,16
3378730,9.736941592475882,13
3378743,9.7105239703487,13
3378750,9.859154427776787,7
3378753,9.966337611195385,3
3378760,9.87546092457251,7
3378766,9.893961171391771,6
3378774,9.854518545989984,8
3378789,9.698401620945202,15
3378790,10.0,1
3378803,9.700892250584754,13
3378814,9.78294244113408,11
3378831,9.610217467117804,17
3378844,9.705355304024616,13
3378854,9.796023778977203,10
3378860,9.906426180282782,6
3378871,9.773656405562683,11
3378877,9.909906985013905,6
3378891,9.587229216740807,14
3378895,9.93430008128444,4
3378905,9.77071481106292,10
3378921,9.622616441348928,16
3378925,9.927170191932301,4
3378941,9.66082209899652,16
3378948,9.877032735328784,7
3378958,9.779513387541504,10
3378961,9.967100949752078,3
3378970,9.806479754948631,9
3378981,9.741442705480894,11
3378985,9.939660168506505,4
3378990,9.915761653146642,5
3379002,9.715926556524963,12
3379010,9.817019210867624,8
3379022,9.762611173858913,12
3379029,9.867405927549672,7
3379035,9.894719011544115,6
3379036,10.0,1
3379040,9.931381256334527,4
3379052,9.75762073942719,12
3379060,9.867751918463796,8
3379068,9.816076751203305,8
3379069,10.0,1
3379084,8.45074783803787,15
3379088,9.9329356726207,4
3379094,9.89667818048296,6
3379104,9.821632444993043,10
3379110,9.885057315452352,6
3379118,9.854142946820385,8
3379119,10.0,1
3379126,9.867390733032003,7
3379135,9.851257690199287,9
3379143,9.859010346560241,8
3379149,9.896311555394735,6
3379159,9.807157494990816,10
3379169,9.774850799982525,10
3379184,9.709368789741958,15
3379185,9.988113830766117,1
3379193,9.833040298674383,8
3379202,9.813884890806325,9
3379211,9.800542556821098,9
3379224,9.718605828758596,13
3379227,9.951490980746426,3
3379236,9.829044165274976,9
3379240,9.937887974558121,4
3379241,10.0,1
3379242,9.99227948509488,1
3379252,9.792076825672824,10
3379261,9.824564350286437,9
3379268,9.865842662006603,7
3379281,9.721759809018383,13
3379282,10.0,1
3379295,9.740235790868704,13
3379307,9.74637613884211,12
3379315,9.84627333273719,8
3379325,9.779711789829674,10
3379333,9.83904663353788,8
3379345,9.713727469276506,12
3379351,9.903701066261473,6
3379368,9.615396225724627,17
3379375,9.867484213572855,7
3379383,9.826920609270813,8
3379389,9.880599721302207,6
3379401,9.752489583686787,12
3379408,9.870665519970474,7
3379418,9.757603747475171,10
3379429,9.794346448998715,11
3379433,9.944489556726804,4
3379434,10.0,1
3379444,9.83368592001907,10
3379457,9.693096313583329,13
3379466,9.824823164275989,9
3379478,9.748273877186119,12
3379479,10.0,1
3379489,9.801903311467878,10
3379501,9.772990133415385,12
3379512,9.766491506405472,11
3379516,9.94774367570222,4
3379525,9.831664863562821,9
3379560,9.282677476219929,35
3379561,10.0,1
3379571,9.780240727375618,10
3379577,9.894047383158558,6
3379590,9.723413923225674,13
3379601,9.737222664710055,11
3379607,9.891214093967536,6
3379618,9.74588266629284,11
3379631,9.628109486895804,13
3379640,9.811780227775502,9
3379647,9.8890712226821,7
3379661,9.36999423615796,14
3379667,9.896360543944862,6
3379676,9.824039683644113,9
3379683,9.875496778692103,7
3379684,9.996354984298264,1
3379691,9.883790668621335,7
3379699,9.830493249691443,8
3379708,9.848934886694714,9
3379715,9.856740829976948,7
3379716,10.0,1
3379729,9.73532873815153,13
3379745,9.64596940902303,16
3379753,9.861306710107597,8
3379763,9.799660566822059,10
3379771,9.834763416981142,8
3379774,9.964525696876487,3
3379785,9.73555671551377,11
3379795,9.783565193946778,10
3379808,9.71415828552832,13
3379829,9.586308540775804,21
3379840,9.767931373278092,11
3379848,9.856041369413697,8
3379854,9.905836361179647,6
3379865,9.676959396609405,11
3379872,9.853665790315125,7
3379882,9.80886286887202,10
3379884,9.97403320298485,2
3379890,9.908186655388635,6
3379905,9.673774520007985,15
3379925,9.605447179008205,20
3379927,9.98346883716248,2
3379938,9.754662433828301,11
3379943,9.936292701354825,5
3379956,9.763608020341943,13
3379976,9.568986253743443,20
3379989,9.720218246096504,13
3380001,9.745316230880217,12
3380004,9.96888128768239,3
3380014,9.791410533120189,10
3380016,9.976828541736705,2
3380032,9.67107416076099,16
3380034,9.983567979474982,2
3380040,9.899801543852668,6
3380050,9.784318015819983,10
3380058,9.819238601112382,8
3380061,9.952368219104883,3
3380062,10.0,1
3380072,9.79266104596929,10
3380082,9.765333574946393,10
3380088,9.66939214183411,6
3380090,9.971404671797098,2
3380103,9.700275907641066,13
3380115,9.781849348755113,12
3380125,9.791212646387512,10
3380136,9.779232070622964,11
3380139,9.964571435990743,3
3380153,9.682660230589875,14
3380164,9.781674446819897,11
3380173,9.802246350182623,9
3380181,9.847046573906686,8
3380185,9.945679819127799,4
3380190,9.918245995033505,5
3380197,9.887677015314207,7
3380213,9.619684971924341,16
3380220,9.89441498462869,7
3380236,9.65260974064985,16
3380237,10.0,1
3380244,9.864190661639716,7
3380257,9.72850116382062,13
3380270,9.743188004751365,13
3380284,9.698138657367874,14
3380295,9.763191426373234,11
3380300,9.918830891099878,5
3380307,9.857287180351062,7
3380320,9.739287388792446,13
3380322,9.986268711041477,2
3380333,9.818261919315619,11
3380340,9.872002670618025,7
3380351,9.758583108456078,11
3380360,9.840462769773133,9
3380366,9.909322717259606,6
3380370,9.935461657946787,4
3380383,9.708938472085888,13
3380389,9.898969682147046,6
3380400,9.766744673564148,11
3380410,9.790195512335645,10
3380422,9.73187058832916,12
3380436,9.703582937475453,14
3380437,10.0,1
3380444,9.850363190284018,7
3380456,9.727952868620118,12
3380462,9.890474830734831,6
3380463,10.0,1
3380476,9.601509468087544,13
3380484,9.827621147920095,8
3380489,9.909416857729163,5
3380497,9.866086578290064,8
3380506,9.839951300140397,9
3380514,9.845270901797658,8
3380519,9.907863906318067,5
3380520,9.996459071287681,1
3380526,9.805378334323684,6
3380535,9.81985378653403,9
3380544,9.796121757595646,9
3380561,9.632769274049773,17
3380568,9.861661631877922,7
3380579,9.770436256329674,11
3380607,9.405835531067469,28
3380616,9.83164278614087,9
3380618,9.9805610785554,2
3380626,9.84033837099094,8
3380627,10.0,1
3380636,9.796657589385177,9
3380650,9.699607537308227,14
3380657,9.866185911538684,7
3380666,9.79928649286717,9
3380676,9.8031983140504,10
3380683,9.869688062191175,7
3380684,10.0,1
3380687,9.97253343266506,3
3380695,9.864874600834076,8
3380701,9.897284555859594,6
3380710,9.82892200379301,9
3380718,9.839510534044406,8
3380734,9.598402768899227,16
3380749,9.674472616359838,15
3380758,9.800595855628515,9
3380763,9.923455689696684,5
3380778,9.681226938401846,15
3380800,9.487572049158551,22
3380815,9.66911905096814,15
3380827,9.755420214942431,12
3380841,9.678851099217773,14
3380851,9.811660440666742,10
3380857,9.885698375805454,6
3380864,9.859375230423082,7
3380883,9.60405906782742,19
3380890,9.868903576455367,7
3380891,10.0,1
3380902,9.762816481773,11
3380913,9.779197862731774,11
3380919,9.901346100692875,6
3380927,9.863430759239213,8
3380930,9.966483465320591,3
3380933,9.95068248483767,3
3380946,9.764394408006174,13
3380957,9.763639914061871,11
3380963,9.889493786813464,6
3380972,9.803211278546378,9
3380988,9.630500334903052,16
3381000,9.745557944449471,12
3381004,9.943477113704684,4
3381015,9.737041700468245,11
3381022,9.869743637460562,7
3381023,10.0,1
3381037,9.707595730969313,14
3381048,9.72772982561609,11
3381050,9.969187657664165,2
3381055,9.921959404254547,5
3381075,9.538548328282996,20
3381079,9.94264104682486,4
3381080,10.0,1
3381086,9.896970134353639,6
3381096,9.818474635212745,10
3381097,10.0,1
3381103,9.892432552897592,6
3381109,9.90781220197499,6
3381123,9.668818634000983,14
3381133,9.822921469076276,10
3381146,9.722599468027482,13
3381148,9.974817734978807,2
3381163,9.629698723537523,15
3381170,9.859367942303848,7
3381179,9.845071441185373,9
3381183,9.947413337715997,4
3381196,9.706660566405414,13
3381218,9.471344755749907,22
3381236,9.624571269599672,18
3381250,9.700549878984855,14
3381254,9.936624213400798,4
3381263,9.84926835832376,9
3381264,10.0,1
3381279,9.649973324400012,15
3381288,9.806840075839125,9
3381298,9.790129633143968,10
3381299,10.0,1
3381303,9.935350321112459,4
3381342,9.378818895460556,39
3381346,9.940875329674894,4
3381358,9.746071016422068,12
3381368,9.79438336333521,10
3381381,9.69683636515452,13
3381391,9.817558668783262,10
3381395,9.956853925013627,4
3381406,9.762081995438564,11
3381418,9.781064675275701,12
3381426,9.85627335935002,8
3381427,9.987659607647698,1
3381437,9.78199699833925,10
3381443,9.892538608046262,6
3381452,9.812659627269273,9
3381466,9.715612787918632,14
3381477,9.777938953805364,11
3381488,9.765689905629696,11
3381499,9.760932238481319,11
3381500,10.0,1
3381514,9.678439021248932,14
3381537,9.422624916270866,23
3381543,9.891012034490066,6
3381544,10.0,1
3381554,9.795844503905709,10
3381571,9.643315110339419,17
3381580,9.841100401546589,9
3381587,9.871894863982835,7
3381597,9.80265272826815,10
3381608,9.760695407290347,11
3381612,9.944474972780744,4
3381620,9.872068166489917,8
3381621,10.0,1
3381627,9.871652675231408,6
3381632,9.915262131439409,5
3381636,9.939461878054292,4
3381637,10.0,1
3381652,9.643394833780714,15
3381660,9.844722800169466,8
3381669,9.828335782677536,9
3381670,10.0,1
3381679,9.857295341191548,9
3381686,9.878559257255796,7
3381697,9.731190374002352,11
3381704,9.779627984102872,7
3381709,9.922146695109232,5
3381714,9.930271295308593,5
3381722,9.85341784376953,8
3381731,9.819905520059496,9
3381740,9.741436721788316,9
3381757,9.68236030059925,17
3381766,9.834417037692084,9
3381770,9.935148589260148,4
3381783,9.69812785151639,13
3381790,9.88502507274582,7
3381806,9.653741462919388,16
3381812,9.901403442530965,6
3381819,9.86522208764117,7
3381827,9.841144780739672,8
3381839,9.749545701006529,12
3381853,9.75030916173705,14
3381861,9.843206236627369,8
3381871,9.790086017028939,10
3381877,9.898334814211195,6
3381879,9.969087094027685,2
3381887,9.829545141534622,8
3381895,9.788277729599912,8
3381904,9.801567676794216,9
3381912,9.874786804213887,8
3381926,9.696820737062804,14
3381934,9.869475790660958,8
3381942,9.863176548293536,8
3381943,10.0,1
3381966,9.464438956971833,23
3381975,9.823636706310682,9
3381978,9.961575504126683,3
3381992,9.700531899727368,14
3382005,9.696712081997703,13
3382011,9.904437040983895,6
3382029,9.606622154161922,18
3382039,9.78612065239478,10
3382040,9.989610396337062,1
3382056,9.619661195183761,16
3382060,9.843866264888243,4
3382070,9.781431156703228,10
3382079,9.801589021216957,9
3382084,9.923286913716403,5
3382100,9.570308945792826,16
3382112,9.731159387598474,12
3382115,9.963993420552558,3
3382119,9.948989426607099,4
3382131,9.726633169374969,12
3382142,9.797438161031026,11
3382170,9.4358646701903,28
3382183,9.593863678680467,13
3382188,9.922157914728249,5
3382190,9.978813187235348,2
3382200,9.798511615218422,10
3382213,9.744404314647364,13
3382216,9.955024775518718,3
3382226,9.816315247941917,10
3382239,9.713258191978557,13
3382248,9.816553916246963,9
3382259,9.7746491590649,11
3382265,9.895559456468733,6
3382269,9.949826247712485,4
3382272,9.964683569387695,3
3382284,9.72388416805883,12
3382290,9.901622366759762,6
3382302,9.807421319313905,12
3382313,9.777191017571113,11
3382322,9.822758961900709,9
3382323,10.0,1
3382331,9.83623244785486,8
3382342,9.760269643811629,11
3382353,9.762505371034964,11
3382366,9.546629142856546,13
3382375,9.797400201973279,9
3382379,9.937225664134887,4
3382386,9.874778809493975,7
3382391,9.725573093918065,5
3382399,9.816208241966597,8
3382411,9.813744309032945,12
3382423,9.743714003648925,12
3382433,9.781417034940713,10
3382434,10.0,1
3382437,9.959064160258515,3
3382438,10.0,1
3382442,9.925471621392617,4
3382445,9.961835521456067,3
3382446,10.0,1
3382448,9.96923998035106,2
3382459,9.741197145383055,11
3382460,10.0,1
3382465,9.917069451129016,5
3382468,9.947322790587798,3
3382481,9.710272650883049,13
3382491,9.805428577786628,10
3382502,9.767799715654268,11
3382510,9.84920854175085,8
3382527,9.6492010110261,17
3382532,9.912360583041302,5
3382538,9.89076257708707,6
3382539,10.0,1
3382543,9.932245539722395,4
3382551,9.852961261004372,8
3382561,9.789451585818988,10
3382571,9.794561261574097,10
3382572,10.0,1
3382581,9.823963496993883,9
3382587,9.897772860316174,6
3382595,9.881794979483994,8
3382596,10.0,1
3382612,9.612256611088533,16
3382613,10.0,1
3382614,10.0,1
3382617,9.957831577055607,3
3382630,9.714134250638853,13
3382640,9.821603734473124,10
3382647,9.864329497306965,7
3382660,9.718612090108184,13
3382670,9.813887796103828,10
3382676,9.894499142443955,6
3382679,9.963094463672693,3
3382681,9.985804840064958,2
3382691,9.802840203850376,10
3382701,9.797110318690555,10
3382702,9.988881774459411,1
3382719,9.40092387815692,17
3382728,9.82385447312439,9
3382737,9.832502093719464,9
3382746,9.797129545800678,9
3382753,9.851007798899811,7
3382756,9.959735560731346,3
3382772,9.646928265972518,16
3382775,9.965244614866615,3
3382787,9.650067910812716,12
3382788,9.989672958091356,1
3382803,9.636538362653159,15
3382819,9.601917760617484,16
3382832,9.701166858208083,13
3382840,9.851811109837055,8
3382845,9.914815893844457,5
3382856,9.759142526749223,11
3382861,9.917323802221734,5
3382871,9.805336961263574,10
3382872,10.0,1
3382881,9.829214952705264,9
3382889,9.843717023329754,8
3382895,9.873344449094635,6
3382903,9.855679722616737,8
3382912,9.830621539672533,9
3382920,9.814566691395802,8
3382928,9.826945215761318,8
3382939,9.757622691609734,11
3382943,9.934559260954241,4
3382952,9.811012569111579,9
3382957,9.917807287786339,5
3382970,9.739932041379136,13
3382976,9.711546075843556,6
3382989,9.762273569000522,13
3383002,9.688955172822707,13
3383009,9.860169034993092,7
3383019,9.790956677215101,10
3383034,9.652820745673315,15
3383041,9.853660499346944,7
3383055,9.696960073806395,14
3383062,9.894642803888827,7
3383074,9.763224939001141,12
3383081,9.865193299039978,7
3383091,9.790171159540765,10
3383092,9.993104150628465,1
3383105,9.71503367253915,13
3383116,9.771505146069185,11
3383122,9.891409762889397,6
3383123,10.0,1
3383129,9.900612827927024,6
3383143,9.679700841637704,14
3383153,9.789088025662387,10
3383162,9.858219736551856,9
3383172,9.820267928314205,10
3383179,9.865634907354147,7
3383187,9.840345322804449,8
3383200,9.699427540797858,13
3383210,9.807087191862038,10
3383217,9.888713394281268,7
3383225,9.822857838630709,8
3383233,9.832013273902852,8
3383234,10.0,1
3383235,9.987795939879447,1
3383245,9.829825119058135,10
3383261,9.661272545316434,16
3383263,9.976420613950577,2
3383268,9.905342297491142,5
3383279,9.731940346828177,11
3383285,9.885722709248531,6
3383286,10.0,1
3383429,7.200307761613467,143
3383438,9.816151428527997,9
3383444,9.898650149615277,6
3383456,9.750671183890695,12
3383466,9.8157118738516,10
3383474,9.850008721448859,8
3383487,9.731293859780711,13
3383494,9.874577077836475,7
3383502,9.85482861453052,8
3383505,9.970369798543864,3
3383518,9.73649297856434,13
3383527,9.821236004380385,9
3383538,9.733221975030983,11
3383548,9.816389124486866,10
3383559,9.803589693974555,11
3383573,9.67911728860758,14
3383580,9.881871833712363,7
3383593,9.71174320473251,13
3383598,9.900325669803326,5
3383610,9.779028707868514,12
3383619,9.810981971380766,9
3383634,9.63404129534149,15
3383640,9.875848423374887,6
3383654,9.677824801824581,14
3383663,9.813811018802147,9
3383672,9.744314472993091,9
3383679,9.88077764515631,7
3383689,9.781195976511775,10
3383695,9.89539332636477,6
3383701,9.692444911581246,6
3383711,9.792167023493871,10
3383728,9.516265604474475,17
3383736,9.855568260139831,8
3383747,9.78746200661999,11
3383749,9.974167766047655,2
3383758,9.843620698647465,9
3383763,9.930481877385391,5
3383766,9.955066937279364,3
3383779,9.704663612351727,13
3383786,9.872508866038256,7
3383794,9.843054691720338,8
3383804,9.831585645073663,10
3383814,9.784729393020816,10
3383827,9.707090362050895,13
3383836,9.829864999121972,9
3383850,9.670470338729443,14
3383869,9.525909931033537,19
3383870,10.0,1
3383879,9.817451587016373,9
3383896,9.609166095063474,17
3383908,9.65979937046922,12
3383919,9.778463541393702,11
3383927,9.86024147512644,8
3383933,9.896955787941566,6
3383938,9.930344605377277,5
3383957,9.635681774896781,19
3383964,9.8444387757697,7
3383978,9.704913927222858,14
3383985,9.863957186554455,7
3383987,9.970710197408833,2
3383997,9.771763091700988,10
3384016,9.595925852160713,19
3384022,9.894799439837271,6
3384026,9.934519782720235,4
3384027,9.996237642462338,1
3384029,9.980702250640832,2
3384031,9.978223525115258,2
3384040,9.823557934969081,9
3384057,9.604409421074084,17
3384069,9.762806204934016,12
3384094,9.63422981599613,25
3384104,9.788922049059448,10
3384118,9.710707084721047,14
3384129,9.754593108771628,11
3384130,10.0,1
3384133,9.956337792866888,3
3384136,9.963425610505059,3
3384147,9.740728865006483,11
3384155,9.856526340691492,8
3384161,9.887494063607122,6
3384169,9.860802026881908,8
3384175,9.919922591846976,6
3384178,9.750610091486791,3
3384188,9.778099314177476,10
3384207,9.629970932703788,19
3384224,9.580301607582138,17
3384230,9.891409208596116,6
3384238,9.87038878256519,8
3384251,9.746945866982433,13
3384263,9.751482682861246,12
3384265,9.980842922195013,2
3384280,9.643540204166156,15
3384295,9.651571446999538,15
3384309,9.685285379529265,14
3384310,10.0,1
3384323,9.747232785697303,13
3384338,9.643535449263625,15
3384350,9.753420389621057,12
3384367,9.655370555155699,17
3384372,9.903635289987887,5
3384378,9.899591154843298,6
3384385,9.85819635559525,7
3384392,9.876836480103515,7
3384393,9.996389419242087,1
3384403,9.801005209694258,10
3384404,10.0,1
3384425,9.501229736964637,21
3384441,9.636526122715637,16
3384453,9.753112101518408,12
3384460,9.865976844515957,7
3384469,9.800772659348134,9
3384485,9.654677543081815,16
3384492,9.873913926649129,7
3384503,9.779104325806308,11
3384507,9.942318606391398,4
3384519,9.77582949486661,12
3384521,9.968268351850222,2
3384531,9.762883536077576,10
3384535,9.950111450136882,4
3384538,9.960268787362462,3
3384568,9.412442514699114,30
3384569,10.0,1
3384583,9.680308953129751,14
3384593,9.719458371020075,10
3384598,9.920303986514732,5
3384604,9.889283280332238,6
3384608,9.942830164618847,4
3384617,9.805528145786528,9
3384629,9.757383816910307,12
3384638,9.823038810920297,9
3384652,9.672593184564741,14
3384661,9.826040335825912,9
3384672,9.674803370554717,11
3384679,9.861782366990788,7
3384692,9.725750323091297,13
3384695,9.948153892689348,3
3384699,9.936621091395565,4
3384706,9.855287179221246,7
3384710,9.935832477067787,4
3384717,9.891120821973466,7
3384724,9.892576485654196,7
3384737,9.728968771632022,13
3384749,9.740254133995776,12
3384754,9.90963979920025,5
3384758,9.935143264357796,4
3384766,9.756716964170602,8
3384767,10.0,1
3384777,9.820897387774012,10
3384784,9.768515059961214,7
3384792,9.82514698474858,8
3384796,9.931524380815901,4
3384813,9.58330279485451,17
3384824,9.769582490232034,11
3384829,9.939134747693169,5
3384839,9.766398828536207,10
3384855,9.639899380886357,16
3384863,9.823119073741516,8
3384872,9.845568670056739,9
3384874,9.977079476198039,2
3384879,9.926583691098068,5
3384890,9.768481878000317,11
3384902,9.758957090682014,12
3384911,9.816409637284426,9
3384930,9.60373728674802,19
3384936,9.888022180374026,6
3384943,9.866420483193066,7
3384944,10.0,1
3384950,9.881868412785494,6
3384957,9.862704145285688,7
3384968,9.782780243483376,11
3384973,9.929028996563463,5
3384988,9.665680750518671,15
3384993,9.807896787718535,5
3385005,9.734799931289507,12
3385019,9.713186222311577,14
3385020,9.993102993382307,1
3385025,9.91528649055449,5
3385032,9.863269263234447,7
3385048,9.431303702564067,16
3385054,9.91178842196395,6
3385058,9.940944892920962,4
3385063,9.932968945888119,5
3385080,9.594700869321786,17
3385083,9.95643439344695,3
3385086,9.954989398047205,3
3385094,9.83714235237406,8
3385097,9.963911981612831,3
3385098,10.0,1
3385105,9.893467956878915,7
3385116,9.78242352345592,11
3385128,9.749604337106078,12
3385133,9.914732517476539,5
3385144,9.761021899108625,11
3385149,9.926885435511885,5
3385158,9.82279627808727,9
3385163,9.905911742677302,5
3385172,9.822999150136036,9
3385181,9.801463914244053,9
3385189,9.831230919737237,8
3385200,9.802629352714856,11
3385208,9.850914565378702,8
3385217,9.821712308537816,9
3385226,9.81778839376939,9
3385245,9.560259797467877,19
3385250,9.898005550170852,5
3385259,9.610118065725162,9
3385265,9.897502023852057,6
3385271,9.901041122756862,6
3385277,9.889849440515171,6
3385278,10.0,1
3385283,9.908877203031485,5
3385284,10.0,1
3385297,9.751482259771493,13
3385307,9.811782354885677,10
3385315,9.848511739000958,8
3385329,9.707784002238236,14
3385336,9.857665400587361,7
3385347,9.756866206077733,11
3385363,9.658367666638664,16
3385369,9.881885673362897,6
3385371,9.981637456014951,2
3385376,9.93004170056606,5
3385389,9.708195893094018,13
3385400,9.75586277489282,11
3385409,9.815596185502809,9
3385415,9.882798160507022,6
3385429,9.689513513821176,14
3385439,9.678457523572467,10
3385442,9.960225818664927,3
3385449,9.857421566315042,7
3385462,9.721045156615979,13
3385467,9.913485467152212,5
3385471,9.933882418964473,4
3385476,9.92784638227355,5
3385481,9.913113231439532,5
3385495,9.684300919432454,14
3385502,9.867948510939751,7
3385508,9.892717859292782,6
3385522,9.6747412400713,14
3385540,9.608911811992494,18
3385553,9.700461739926261,13
3385554,9.989857364840546,1
3385564,9.776810555795926,10
3385568,9.93167503511607,4
3385575,9.848385420360211,7
3385579,9.947785343969707,4
3385587,9.855822575807837,8
3385594,9.895918020905258,7
3385602,9.54196517769193,8
3385613,9.779223503943932,11
3385614,10.0,1
3385628,9.709985826617466,14
3385637,9.831639660548083,9
3385638,10.0,1
3385643,9.815730303577709,5
3385651,9.851743144089836,8
3385660,9.822507734810406,9
3385666,9.901535218121294,6
3385670,9.934107380297652,4
3385676,9.925608033941021,6
3385677,9.996494526188,1
3385685,9.861077611723777,8
3385692,9.870445760085083,7
3385705,9.694920369811454,13
3385724,9.272063276070671,19
3385742,9.622646094711838,18
3385749,9.907658081448794,7
3385759,9.790994857248704,10
3385769,9.769771444403819,10
3385779,9.788105093053215,10
3385780,10.0,1
3385791,9.777485574866954,11
3385794,9.95662550848788,3
3385812,9.609096245442537,18
3385820,9.855686491396929,8
3385827,9.850664664694138,7
3385831,9.940241299887209,4
3385836,9.903455806803045,5
3385838,9.974888019623993,2
3385848,9.803885338770604,10
3385854,9.904981639887055,6
3385875,9.493018731600262,21
3385876,9.991988393916891,1
3385879,9.96106131574826,3
3385880,9.992916923174299,1
3385881,10.0,1
3385888,9.900747871050754,7
3385896,9.863841772922465,8
3385906,9.801513142905499,10
3385907,10.0,1
3385918,9.795267347386432,11
3385922,9.947368978104864,4
3385928,9.896181293635642,6
3385937,9.818363931965566,9
3385941,9.949419896074765,4
3385952,9.756212035970254,11
3385962,9.81294595232488,10
3385977,9.697820015257925,15
3385991,9.752506139810924,14
3385997,9.907829960531005,6
3386001,9.934155278511456,4
3386009,9.871524723326091,8
3386011,9.972055149960964,2
3386012,10.0,1
3386015,9.955422447915069,3
3386022,9.769656550815874,7
3386031,9.825350909186254,9
3386047,9.668388398477116,16
3386056,9.819778182249905,9
3386057,10.0,1
3386062,9.920283205856816,5
3386071,9.629031313437183,9
3386080,9.821611420451935,9
3386085,9.921825893408633,5
3386102,9.238828701253468,17
3386108,9.890588277600777,6
3386124,9.631601181011087,16
3386134,9.79470534693852,10
3386142,9.82871914886303,8
3386154,9.70666370707226,12
3386159,9.902464894898033,5
3386170,9.794771382528634,11
3386186,9.373300196319587,16
3386188,9.979123007729688,2
3386197,9.838015630671602,9
3386212,9.632688046851328,15
3386224,9.748537112847721,12
3386226,9.970855586581589,2
3386233,9.872543884840736,7
3386241,9.858246854086875,8
3386254,9.71380373624859,13
3386267,9.709947959149268,13
3386275,9.856525048308423,8
3386279,9.942261501331817,4
3386288,9.853526679222044,9
3386295,9.863923500425718,7
3386301,9.895801653956577,6
3386316,9.716672660691781,15
3386319,9.960400940332622,3
3386329,9.795601812289016,10
3386340,9.773975429303999,11
3386355,9.705857600487072,15
3386362,9.856095014483902,7
3386367,9.90943869464411,5
3386374,9.861285630569242,7
3386382,9.827560438621948,8
3386400,9.580620113667075,18
3386407,9.886899439275103,7
3386408,9.996648297119707,1
3386423,9.645062451205149,15
3386430,9.880107665516467,7
3386440,9.810724370564937,10
3386447,9.846994819838283,7
3386460,9.714284779580941,13
3386472,9.752447788532105,12
3386483,9.77106313297412,11
3386505,9.453648088283584,22
3386511,9.897075687084739,6
3386521,9.7663809015195,10
3386527,9.890071873988951,6
3386533,9.909864499365979,6
3386534,10.0,1
3386545,9.763833171631903,11
3386546,10.0,1
3386551,9.926005787254036,5
3386554,9.96252503669661,3
3386558,9.936890649182692,4
3386565,9.862463260516067,7
3386567,9.974708448236509,2
3386568,10.0,1
3386578,9.799465643917147,10
3386579,9.99199927259275,1
3386584,9.905470812707968,5
3386604,9.549208291034608,20
3386610,9.880942714654443,6
3386628,9.598637963711052,18
3386635,9.873561906311577,7
3386649,9.702768865408776,14
3386656,9.886616569469874,7
3386668,9.637897769506937,12
3386685,9.607288945117944,17
3386691,9.907561897941942,6
3386697,9.916939393514621,6
3386702,9.927985551671718,5
3386723,9.428197789897233,21
3386735,9.698601945995744,12
3386738,9.963067945562443,3
3386742,9.949400098668082,4
3386746,9.941499801081527,4
3386761,9.681601476633515,15
3386766,9.925667601231108,5
3386770,9.942972997870058,4
3386782,9.726409495808904,12
3386786,9.952943008056778,4
3386796,9.779698014098587,10
3386798,9.972004507125622,2
3386811,9.723774658501634,13
3386816,9.916326118047351,5
3386826,9.79602613379958,10
3386833,9.869374651304877,7
3386846,9.726822338100568,13
3386849,9.969241027617363,3
3386872,9.60286242418608,23
3386883,9.802474099443657,11
3386889,9.907940512690661,6
3386897,9.873471847373558,8
3386912,9.678368358271541,15
3386929,9.674359274710698,17
3386935,9.894728930435486,6
3386947,9.720114553936906,12
3386952,9.909554165298045,5
3386961,9.842339327754317,9
3386968,9.893035428586009,7
3386983,9.67256567475331,15
3386989,9.906425531752696,6
3386995,9.902865944159748,6
3387001,9.917588141883758,6
3387014,9.702364027743918,13
3387031,9.59532029397295,17
3387033,9.984943407470297,2
3387034,10.0,1
3387042,9.728680359249484,8
3387045,9.963987929168745,3
3387059,9.683769875980545,14
3387065,9.890040708669469,6
3387069,9.94611632656039,4
3387080,9.75949479824108,11
3387093,9.646543386815196,13
3387096,9.959409067624469,3
3387107,9.749409599279947,11
3387116,9.812642966861656,9
3387117,10.0,1
3387118,9.996601775366143,1
3387125,9.867146774599606,7
3387131,9.885303985660014,6
3387139,9.844236536684901,8
3387143,9.936017030505441,4
3387158,9.663444922051319,15
3387164,9.892843031416296,6
3387177,9.71276253070589,13
3387184,9.887784998468376,7
3387189,9.919764161720504,5
3387198,9.830877768716505,9
3387199,10.0,1
3387220,9.51485582319977,21
3387231,9.800703584242154,11
3387241,9.807067480866184,10
3387259,9.485330101850217,18
3387273,9.51361797114881,14
3387280,9.845009452086048,7
3387284,9.932198382473407,4
3387291,9.851606363173845,7
3387299,9.856706764094795,8
3387300,10.0,1
3387308,9.839601448404085,8
3387319,9.761206449365625,11
3387330,9.778823626759966,11
3387339,9.833457103093224,9
3387344,9.91720022047753,5
3387351,9.878530446196526,7
3387366,9.686195097317851,15
3387378,9.708846183685141,12
3387384,9.892885243312225,6
3387391,9.863750433889477,7
3387407,9.665117534408845,16
3387411,9.925557736673746,4
3387415,9.950993576832946,4
3387426,9.77784879547522,11
3387439,9.699860537181745,13
3387440,9.989474241735707,1
3387449,9.830001272869309,9
3387452,9.966994445361516,3
3387464,9.747672433568198,12
3387484,9.55590078819057,20
3387488,9.934703468298856,4
3387500,9.73641241097931,12
3387503,9.96177723888185,3
3387510,9.85298226218509,7
3387515,9.921068867190721,5
3387528,9.708575812566384,13
3387529,10.0,1
3387536,9.857426436153478,7
3387543,9.861144429119477,7
3387549,9.88883967998289,6
3387556,9.872396284450696,7
3387564,9.86614018471971,8
3387575,9.422111181954513,11
3387585,9.800244518379893,10
3387586,10.0,1
3387588,9.97243767362634,2
3387599,9.771770905205065,11
3387600,10.0,1
3387603,9.970955829606089,3
3387604,10.0,1
3387610,9.890979952396586,6
3387614,9.934996297336369,4
3387755,6.937217058861178,141
3387779,9.41874353740979,24
3387793,9.688885193360543,14
3387798,9.926873205864235,5
3387808,9.759903291053023,10
3387820,9.759982611608168,12
3387831,9.759472910770802,11
3387834,9.851666078206922,3
3387843,9.825673961242389,9
3387856,9.699888928381784,13
3387868,8.724113574878716,12
3387885,9.63492809858602,17
3387898,9.728595334336251,13
3387903,9.90202616059097,5
3387906,9.949684266229914,3
3387912,9.904801791076057,6
3387919,9.863465961405202,7
3387927,9.861940126810044,8
3387933,9.882252821131459,6
3387940,9.869939462925954,7
3387951,9.75620749606573,11
3387957,9.899158188766496,6
3387967,9.784629475176525,10
3387976,9.819387570453854,9
3387981,9.908326122840535,5
3387993,9.718995754481407,12
3387999,9.891749965770765,6
3388006,9.855593244024284,7
3388010,9.9490832505984,4
3388020,9.808454678046608,10
3388034,9.647531653978236,14
3388039,9.898964146467897,5
3388040,9.992144235225187,1
3388054,9.566786380107677,14
3388064,9.804504488450855,10
3388072,9.851639364505337,8
3388083,9.771743723458398,11
3388084,10.0,1
3388089,9.913892757788286,5
3388094,9.923846561464135,5
3388097,9.96317494080649,3
3388101,9.926981799848503,4
3388110,9.819712838553619,9
3388118,9.85596577488501,8
3388133,9.547452451690107,15
3388146,9.743710928842997,13
3388147,9.992478640315982,1
3388150,9.959500386436838,3
3388166,9.62435973148757,16
3388172,9.892776968619874,6
3388173,10.0,1
3388191,9.572627642297105,18
3388196,9.910070490084644,5
3388204,9.852218357729573,8
3388216,9.74175788870215,12
3388227,9.758473901817604,11
3388236,9.795236002158799,9
3388237,10.0,1
3388243,9.877279977283145,6
3388248,9.91468228627672,5
3388253,9.929102933165257,5
3388258,9.92966462818788,5
3388261,9.954245717410815,3
3388268,9.889917214225022,7
3388278,9.770129469906399,10
3388282,9.94731917455787,4
3388285,9.954004288605597,3
3388293,9.858824115451913,8
3388294,10.0,1
3388300,9.877353519498708,6
3388301,10.0,1
3388309,9.734061898081176,8
3388318,9.825307027390725,9
3388327,9.826379490596379,9
3388328,10.0,1
3388336,9.863325763788051,8
3388343,9.891419532115616,7
3388351,9.845732382692704,8
3388363,9.759842739533433,12
3388373,9.780982364258977,10
3388375,9.971528118350857,2
3388379,9.934253443489629,4
3388386,9.868472357614964,7
3388393,9.846348064456157,7
3388401,9.825633153530383,8
3388410,9.713071855738466,9
3388417,9.876128157357037,7
3388425,9.821564597696092,8
3388431,9.884326275549702,6
3388444,9.71533950169994,13
3388453,9.82827589932055,9
3388459,9.89950257874443,6
3388476,9.617870006704209,17
3388495,9.565665629338884,19
3388507,9.722710388846723,12
3388526,9.595012398696053,19
3388532,9.889370546166052,6
3388538,9.9100038439869,6
3388543,9.926821164969088,5
3388548,9.900789852551153,5
3388561,9.726893903882228,13
3388570,9.843609460511763,9
3388583,9.71676167438391,13
3388591,9.85428922230714,8
3388601,9.80078532834586,10
3388610,9.820168075258156,9
3388613,9.95970973343177,3
3388618,9.915146440183547,5
3388628,9.79761252758958,10
3388629,9.996269025993271,1
3388637,9.86886540250071,8
3388648,9.760810278079715,11
3388662,9.760316924360701,14
3388671,9.834944877528086,9
3388682,9.776998864160314,11
3388689,9.86459899996543,7
3388695,9.893066801918277,6
3388709,9.680990927671955,14
3388721,9.770744796433528,12
3388732,9.77209593109167,11
3388741,9.821542795063367,9
3388744,9.954860714178064,3
3388777,6.550890135099739,33
3388786,9.820509545903278,9
3388793,9.87156941245366,7
3388799,9.896288476221812,6
3388806,9.867628813355044,7
3388811,9.912725738303603,5
3388825,9.678007027560723,14
3388831,9.890266146123581,6
3388837,9.906983434935077,6
3388850,9.698442914626925,13
3388851,10.0,1
3388859,9.830427630453112,8
3388867,9.85066695958579,8
3388874,9.852996978642212,7
3388892,9.561811794030978,18
3388893,10.0,1
3388895,9.97221886401418,2
3388916,9.570578363721275,21
3388921,9.905988260849098,5
3388929,9.844168173381156,8
3388930,10.0,1
3388931,10.0,1
3388938,9.873551483600895,7
3388948,9.808708152850848,10
3388950,9.973475386650074,2
3388953,9.955363579950317,3
3388963,9.773106231221442,10
3388975,9.738338202929333,12
3388976,10.0,1
3388990,9.702536822144516,14
3389007,9.636386012354004,17
3389008,10.0,1
3389016,9.8221251683771,8
3389022,9.884372939399722,6
3389030,9.863324539515055,8
3389042,9.739931077750903,12
3389051,9.819222406062938,9
3389065,9.65225269376426,14
3389076,9.749345491661165,11
3389079,9.958833699711127,3
3389084,9.608099964445332,5
3389090,9.915466227283499,6
3389102,9.727481249232584,12
3389108,9.877723424035434,6
3389116,9.855816324402115,8
3389118,9.976788850763302,2
3389134,9.653151436943581,16
3389144,9.781215388192601,10
3389155,9.7540739821357,11
3389165,9.794271346765996,10
3389170,9.906695118234728,5
3389175,9.918210088976357,5
3389193,9.56185379448506,18
3389205,9.759355032760455,12
3389212,9.855509372220626,7
3389227,9.644051894381555,15
3389236,9.847745798427464,9
3389244,9.832897806832328,8
3389250,9.906841175308184,6
3389261,9.77139391158463,11
3389268,9.876713831127736,7
3389275,9.879664869309087,7
3389279,9.944725011416654,4
3389288,9.798146492827799,9
3389301,9.71135714403033,13
3389307,9.892381961601313,6
3389332,9.489974645973291,25
3389342,9.793009599640587,10
3389351,9.834796589355525,9
3389360,9.82486941992429,9
3389371,9.54834692468225,11
3389382,9.747007120705874,11
3389399,9.591024391524702,17
3389402,9.958342553578847,3
3389405,9.96491176360361,3
3389406,10.0,1
3389411,9.898614252974927,5
3389423,9.656451075664192,12
3389436,9.683721828235539,13
3389442,9.895321189091899,6
3389448,9.898300565803806,6
3389452,9.94844967476868,4
3389461,9.81180626355466,9
3389468,9.867730066036428,7
3389475,9.881956208615685,7
3389486,9.786560062978213,11
3389496,9.830279843311947,10
3389517,9.559823102371944,21
3389525,9.83551020103611,8
3389535,9.817488498335935,10
3389546,9.793051983480973,11
3389558,9.718370349411865,12
3389571,9.739841973597093,13
3389579,9.861006680869842,8
3389593,9.705474510906955,14
3389601,9.845093548898543,8
3389605,9.944308857197026,4
3389613,9.875334228341057,8
3389625,9.761895070311313,12
3389638,9.71297219862251,13
3389647,9.808153332886892,9
3389655,9.835204472712455,8
3389659,9.94103889468337,4
3389673,9.712877974486515,14
3389685,9.75658918425358,12
3389698,9.727122348658531,13
3389699,10.0,1
3389703,9.939704215827287,4
3389719,9.651388888553956,16
3389720,10.0,1
3389729,9.826530588025921,9
3389732,9.959209478753039,3
3389737,9.919066576536514,5
3389747,9.786078498433694,10
3389756,9.791689094097725,9
3389761,9.90251839660341,5
3389771,9.828620014173325,10
3389779,9.842370879753707,8
3389799,9.497020480647722,20
3389814,9.67446761230527,15
3389827,9.76236896840544,13
3389831,9.949106604835539,4
3389837,9.895225998559221,6
3389845,9.849549181872993,8
3389855,9.524995577385154,10
3389866,9.804705311314233,11
3389875,9.811815581904119,9
3389882,9.884171431392947,7
3390382,-155.15526717602194,500
3390391,9.823594263550167,9
3390401,9.698010638997776,10
3390408,9.847351529463223,7
3390409,10.0,1
3390421,9.71918003435575,12
3390425,9.933743581745238,4
3390430,9.928365372584857,5
3390444,9.659882052297164,14
3390449,9.922208354063427,5
3390461,9.721348354376103,12
3390470,9.827095660934384,9
3390471,10.0,1
3390483,9.736080069361046,12
3390489,9.890846285370127,6
3390503,9.593525886441794,14
3390510,9.869374607012022,7
3390521,9.801714935147393,11
3390530,9.82358542472984,9
3390540,9.765095034989415,10
3390555,9.649005510123828,15
3390564,9.818910267006775,9
3390570,9.91752086033673,6
3390578,9.739256433630715,8
3390586,9.837448311876399,8
3390596,9.837338992019633,10
3390612,9.54819861374655,16
3390625,9.775871044989898,13
3390631,9.900528144067925,6
3390642,9.791984977215598,11
3390652,9.784594961477918,10
3390656,9.948792217647329,4
3390662,9.905313061803975,6
3390671,9.813366307689467,9
3390677,9.875684248406142,6
3390680,9.960634327671729,3
3390685,9.904363248361037,5
3390693,9.868635725302033,8
3390694,10.0,1
3390695,10.0,1
3390706,9.792045462597159,11
3390720,9.699838871295125,14
3390731,9.741445247585128,11
3390742,9.772161227810539,11
3390757,9.65565325089462,15
3390768,9.784182387278715,11
3390771,9.954481663566845,3
3390782,9.754940552430146,11
3390785,9.95663385841409,3
3390786,9.996656599162796,1
3390792,9.910481502312154,6
3390807,9.67439426212875,15
3390810,9.95157647730075,3
3390820,9.80476030330874,10
3390830,9.786265381689901,10
3390835,9.919162456107623,5
3390843,9.840448668793776,8
3390856,9.62802886845629,13
3390862,9.884582118018784,6
3390882,9.686320381417007,20
3390883,10.0,1
3390887,9.93955286591986,4
3390894,9.87163202836349,7
3390911,9.619482784227793,17
3390913,9.980360556250963,2
3390918,9.923898762628067,5
3390933,9.458962067995634,15
3390941,9.85216271527842,8
3390942,10.0,1
3390948,9.908088934208124,6
3390963,9.660467584563696,15
3390976,9.686307532436494,13
3390992,9.63488899807071,16
3391004,9.715039400617671,12
3391014,9.813787303957062,10
3391024,9.818383458445759,10
3391034,9.791931804880939,10
3391040,9.88590638420579,6
3391052,9.734501558942592,12
3391056,9.950752995858041,4
3391067,9.748777638677353,11
3391068,10.0,1
3391085,9.616148325669789,17
3391092,9.885584920501241,7
3391098,9.900470425741535,6
3391107,9.829228919298533,9
3391112,9.919226081444414,5
3391122,9.78990959424509,10
3391133,9.747314296373021,11
3391147,9.6927060144192,14
3391152,9.914988533800045,5
3391158,9.907145090068244,6
3391162,9.939652575102807,4
3391174,9.751622200618083,12
3391184,9.782333640506872,10
3391188,9.932810066195266,4
3391198,9.79567849613466,10
3391207,9.82195043676652,9
3391215,9.857846212842468,8
3391222,9.852659096464588,7
3391235,9.722827117502199,13
3391246,9.779771584592238,11
3391261,9.632327479140285,15
3391273,9.739572404820587,12
3391288,9.688916947665822,15
3391289,10.0,1
3391304,9.64354299981755,15
3391309,9.821077269634968,5
3391320,9.756230013639762,11
3391328,9.828755398907289,8
3391335,9.867128475861508,7
3391340,9.921122083328463,5
3391348,9.575176482246873,8
3391357,9.80997604613874,9
3391362,9.919341995595252,5
3391373,9.769405270301453,11
3391374,10.0,1
3391383,9.81519811755106,9
3391397,9.57678868234261,14
3391398,9.991262422279902,1
3391413,9.7253853239329,15
3391419,9.89804876404389,6
3391423,9.952861973705126,4
3391433,9.825180962285014,10
3391447,9.687940249145841,14
3391464,9.650085819140935,17
3391474,9.794689707703208,10
3391475,10.0,1
3391485,9.823869754117823,10
3391492,9.876064833623612,7
3391506,9.711970115786611,14
3391509,9.95580040643984,3
3391521,9.768735170337989,12
3391535,9.679616736247246,14
3391547,9.75100702502591,12
3391559,9.744390306009628,12
3391565,9.887261083826546,6
3391573,9.831320856585686,8
3391574,10.0,1
3391582,9.858266652970254,8
3391591,9.826577618034074,9
3391594,9.95797479902102,3
3391603,9.852561435967376,9
3391604,10.0,1
3391610,9.89094838288601,6
3391622,9.718710737366509,12
3391632,9.813323658092258,10
3391635,9.964473292349373,3
3391648,9.73963039052037,13
3391649,10.0,1
3391654,9.911371830432497,5
3391666,9.725441933232148,12
3391670,9.947602911933535,4
3391677,9.886824004775349,7
3391686,9.69144688650625,9
3391702,9.65071294721379,16
3391706,9.926044006650383,4
3391709,9.963832237690404,3
3391717,9.86251432969669,8
3391724,9.892891758093034,7
3391730,9.912173180756369,6
3391747,9.407972565091496,17
3391748,10.0,1
3391759,9.804665832203362,11
3391779,9.542481343432833,20
3391788,9.799857655988646,9
3391800,9.76274705936835,12
3391807,9.878667532282957,7
3391819,9.741114970562432,12
3391825,9.885303043454613,6
3391842,9.651682400937556,17
3391847,9.915133924565987,5
3391859,9.758024281295706,12
3391871,9.73914977604246,12
3391885,9.67333531483758,14
3391900,9.657489102649802,15
3391909,9.786733936650723,9
3391921,9.775606624782455,12
3391931,9.766477174473518,10
3391935,9.933797325590485,4
3391947,9.738024927349166,12
3391980,-0.06292928618431581,33
3391992,9.74265862856287,12
3392000,9.864081788902041,8
3392009,9.812665592875552,9
3392020,9.743171687776965,11
3392021,10.0,1
3392026,9.917997121625184,5
3392027,9.992285866539007,1
3392036,9.807512583218509,9
3392041,9.925392263397327,5
3392048,9.853288305599463,7
3392056,9.828808692467486,8
3392061,9.91078732468059,5
3392070,9.81731994047637,9
3392076,9.8828516099247,6
3392081,9.922311576234428,5
3392094,9.737196100976684,13
3392095,10.0,1
3392106,9.737691144723291,11
3392111,9.911488441352077,5
3392123,9.742970165526067,12
3392134,9.774341337176464,11
3392143,9.604865889262593,9
3392150,9.855223270948557,7
3392151,10.0,1
3392155,9.933772412954001,4
3392156,10.0,1
3392168,9.727400918102562,12
3392175,9.851192916286312,7
3392176,10.0,1
3392188,9.738336953773986,12
3392199,9.747698063766912,11
3392208,9.830468394246909,9
3392221,9.71735334650401,13
3392224,9.951789220728081,3
3392230,9.89289069081665,6
3392241,9.734183058960777,11
3392242,10.0,1
3392243,10.0,1
3392255,9.723320618033783,12
3392256,10.0,1
3392263,9.846259394714147,7
3392264,10.0,1
3392265,10.0,1
3392270,9.92195017905184,5
3392284,9.788565394774322,14
3392285,10.0,1
3392296,9.74941814320419,11
3392297,10.0,1
3392308,9.808890670857291,11
3392316,9.855058611957569,8
3392323,9.870669336984527,7
3392324,10.0,1
3392336,9.783736271975775,12
3392353,9.229108271524982,17
3392364,9.762597496230528,11
3392374,9.789476590783206,10
3392375,10.0,1
3392389,9.715267747359174,14
3392390,9.992694963687185,1
3392394,9.941051740014426,4
3392395,10.0,1
3392401,9.889397413886284,6
3392402,10.0,1
3392409,9.848291753662448,7
3392410,10.0,1
3392413,9.954630932142559,3
3392421,9.827316805188358,8
3392434,9.689548616029636,13
3392438,9.834906400082094,4
3392447,9.8043962191502,9
3392458,9.760770452288584,11
3392464,9.8818208780813,6
3392472,9.831553143968254,8
3392481,9.809346162190192,9
3392500,9.557753782917613,19
3392511,9.762650276257778,11
3392517,9.921498314158422,6
3392528,9.756778620059327,11
3392534,9.88879988737533,6
3392544,9.772133750584858,10
3392550,9.90262152503431,6
3392565,9.680553256282144,15
3392574,9.816936833375113,9
3392580,9.918808787962586,6
3392586,9.895956523697494,6
3392593,9.874924009000122,7
3392615,9.588809865052461,22
3392621,9.91636456589631,6
3392632,9.759252799824196,11
3392642,9.79680074356593,10
3392645,9.9549848275844,3
3392658,9.705452648383105,13
3392673,9.709522407707178,15
3392679,9.896962207831638,6
3392691,9.769842040281317,12
3392692,10.0,1
3392702,9.812981019576673,10
3392703,10.0,1
3392706,9.964493271950463,3
3392715,9.83865309897874,9
3392720,9.914808677028669,5
3392728,9.859360329733883,8
3392730,9.979405654987112,2
3392744,9.675134138833673,14
3392749,9.90587593810114,5
3392752,9.960715853202922,3
3392760,9.853305457777955,8
3392761,10.0,1
3392767,9.896558608175704,6
3392776,9.81048772123297,9
3392782,9.912655290963736,6
3392788,9.894059924777252,6
3392799,9.782661765157451,11
3392812,9.70882761148749,13
3392813,10.0,1
3392821,9.844996726642572,8
3392828,9.879116892112142,7
3392839,9.78216725166249,11
3392842,9.95728172158946,3
3392853,9.790801079530208,11
3392857,9.92612667203945,4
3392868,9.76348350144028,11
3392873,9.92695969384675,5
3392897,9.427504324430839,24
3392904,9.86302857664653,7
3392909,9.93944617678861,5
3392915,9.891997720390075,6
3392919,9.937505699341914,4
3392932,9.622274153898065,13
3392937,9.917957398055647,5
3392943,9.874903234526583,6
3392948,9.92394172084603,5
3392959,9.755037750836003,11
3392960,10.0,1
3392962,9.97640964896045,2
3392966,9.9352594827761,4
3392975,9.803087276760635,9
3392976,9.992178690816907,1
3392989,9.661172374652423,13
3393005,9.60142369379116,16
3393012,9.893359157236734,7
3393026,9.6807316420617,14
3393027,10.0,1
3393036,9.8053991114745,9
3393043,9.867037522483969,7
3393044,10.0,1
3393059,9.642120340195454,15
3393075,9.621984066352478,16
3393088,9.730021326263115,13
3393090,9.975350090324385,2
3393096,9.900491596931335,6
3393102,9.904278012399969,6
3393112,9.777954997056469,10
3393121,9.846770918323944,9
3393133,9.737925033039597,12
3393142,9.813243995757437,9
3393154,9.771416476856132,12
3393166,9.742868345625599,12
3393176,9.786300944951906,10
3393180,9.932127951001027,4
3393186,9.898189279939267,6
3393199,9.680919894740608,13
3393212,9.743347871463232,13
3393213,10.0,1
3393223,9.805799851153616,10
3393228,9.92962871145262,5
3393236,9.823406639216008,8
3393244,9.845122536368319,8
3393250,9.88790302600653,6
3393254,9.951974577958909,4
3393261,9.901742987984656,7
3393268,9.862414767822901,7
3393270,9.976081878797446,2
3393282,9.740316244902672,12
3393291,9.828724043460673,9
3393298,9.857610530369856,7
3393309,9.756521124314661,11
3393320,9.806584887505311,11
3393331,9.771152509067953,11
3393332,10.0,1
3393345,9.714873880875945,13
3393359,9.672905761301585,14
3393365,9.903666826544924,6
3393367,9.983005118657726,2
3393376,9.806798985648207,9
3393377,10.0,1
3393385,9.870604294032145,8
3393396,9.810576490455409,11
3393403,9.90432543319422,7
3393412,9.820454836161836,9
3393415,9.948380058387166,3
3393423,9.854272898414894,8
3393441,9.593233395137815,18
3393453,9.754182420947233,12
3393463,9.800684302069106,10
3393478,9.660196961321548,15
3393493,9.721384475706884,15
3393499,9.893614792239891,6
3393513,9.65728535014984,14
3393515,9.980197520421182,2
3393521,9.902880699825163,6
3393533,9.712350008180275,12
3393541,9.867466990181262,8
3393547,9.890211449991282,6
3393562,9.666652026989794,15
3393565,9.95424653332353,3
3393577,9.757699539975135,12
3393583,9.892374480948655,6
3393596,9.719045240732141,13
3393607,9.768565148190905,11
3393608,10.0,1
3393620,9.757745003790049,12
3393624,9.957040558229428,4
3393633,9.824980782911544,9
3393642,9.815888977057401,9
3393654,9.767819983439367,12
3393668,9.687877996771936,14
3393680,9.742366902944022,12
3393686,9.879975906469538,6
3393687,10.0,1
3393702,9.684288139961605,15
3393705,9.951078423759462,3
3393710,9.90584893567221,5
3393711,9.989744547626806,1
3393712,9.996600974799707,1
3393716,9.946407090468485,4
3393721,9.922014807047939,5
3393727,9.881645819918454,6
3393737,9.796698169644367,10
3393746,9.851874550270212,9
3393761,9.650081776409193,15
3393769,9.841581121165612,8
3393785,9.601440927251796,16
3393795,9.585278890526048,10
3393801,9.888069680749553,6
3393816,9.682007100005025,15
3393829,9.70989854948327,13
3393838,9.807097727060746,9
3393846,9.842829053813107,8
3393854,9.882607460128137,8
3393862,9.857117281245444,8
3393868,9.892591615718507,6
3393875,9.865454566590987,7
3393882,9.859481285551931,7
3393897,9.648578828159284,15
3393908,9.765183045777613,11
3393917,9.831806631893038,9
3393922,9.93486136821621,5
3393933,9.767452562276397,11
3393939,9.886312376803382,6
3393949,9.797088526013116,10
3393954,9.901881220219757,5
3393958,9.939617746399687,4
3393959,10.0,1
3393975,9.684181668876597,16
3393981,9.887222552624811,6
3393992,9.77381568889784,11
3394004,9.730984359219987,12
3394015,9.555142967204793,11
3394021,9.87813912422871,6
3394029,9.833052647295721,8
3394037,9.843651916630737,8
3394042,9.926693614366979,5
3394048,9.879796799711064,6
3394054,9.889729384820974,6
3394055,10.0,1
3394062,9.854730109624153,7
3394070,9.839808977546591,8
3394073,9.95773891014135,3
3394092,9.582996627588084,19
3394102,9.784273706261219,10
3394110,9.841534015639699,8
3394117,9.861160097311922,7
3394125,9.855259957111667,8
3394131,9.921293935045366,6
3394152,9.538127663553638,21
3394160,9.847352710817498,8
3394173,9.702356835259371,13
3394197,9.317911710583138,24
3394204,9.86487807975458,7
3394205,10.0,1
3394206,10.0,1
3394211,9.920315382192335,5
3394212,10.0,1
3394213,10.0,1
3394214,10.0,1
3394224,9.82102248857367,10
3394240,9.632396817521013,16
3394250,9.797746010918999,10
3394251,10.0,1
3394255,9.95069632138971,4
3394270,9.704147748828465,15
3394278,9.857128630119497,8
3394289,9.76399533558871,11
3394307,9.322665183618431,18
3394324,9.665439865722846,17
3394333,9.82363853743924,9
3394342,9.829124268060532,9
3394346,9.84465453726148,4
3394353,9.867966711994471,7
3394357,9.92135196753891,4
3394365,9.868903249208865,8
3394366,10.0,1
3394373,9.665338898960803,7
3394377,9.946461627361304,4
3394389,9.75140637640409,12
3394395,9.899238103822437,6
3394409,9.685459064075854,14
3394413,9.92396439021949,4
3394431,9.451359557226658,18
3394439,9.845088591248388,8
3394450,9.763435947547286,11
3394451,10.0,1
3394457,9.910281239147059,6
3394461,9.935474266422718,4
3394477,9.620554927072615,16
3394486,9.846245489086773,9
3394489,9.960904266545908,3
3394499,9.800414437579567,10
3394511,9.742411451261889,12
3394527,9.650606689298225,16
3394533,9.898196252531568,6
3394544,9.760074816296008,11
3394554,9.803058648922557,10
3394563,9.785632116468317,9
3394567,9.928939754653172,4
3394571,9.945578716794795,4
3394576,9.9144661557932,5
3394596,9.55307220463358,20
3394607,9.754574513439483,11
3394613,9.911757124327075,6
3394624,9.734420472235307,11
3394633,9.82438607061137,9
3394641,9.8406594914207,8
3394644,9.9665085970047,3
3394657,9.71666997605071,13
3394665,9.847590396777807,8
3394666,9.988143487552673,1
3394667,10.0,1
3394672,9.90537491365912,5
3394682,9.802078946459563,10
3394693,9.772542755170736,11
3394701,9.838930714759307,8
3394702,10.0,1
3394707,9.900230937993522,5
3394713,9.89432155618922,6
3394719,9.89940079915825,6
3394732,9.62259803926182,13
3394739,9.869531108027747,7
3394744,9.930661855781192,5
3394750,9.885397280161662,6
3394751,10.0,1
3394763,9.722855172579859,12
3394769,9.913407635436128,6
3394779,9.806504368846001,10
3394782,9.956064345084691,3
3394790,9.847076715576566,8
3394801,9.786230055809146,11
3394808,9.875617461753983,7
3394812,9.922961909418126,4
3394813,10.0,1
3394814,10.0,1
3394821,9.86262529826123,7
3394826,9.918520750966278,5
3394839,9.716570716082401,13
3394840,9.99588235930199,1
3394854,9.667821789958206,14
3394862,9.823367524241231,8
3394869,9.863911556991464,7
3394882,9.72498947568739,13
3394894,9.755901670279878,12
3394906,9.725074002762648,12
3394912,9.897004829269495,6
3394920,9.634612511532923,8
3394924,9.942187059828399,4
3394928,9.944710168871984,4
3394932,9.937920097312585,4
3394933,10.0,1
3394944,9.763474877111825,11
3394946,9.983379765145953,2
3394953,9.884162252892455,7
3394956,9.964768229896102,3
3394984,9.048534388027694,28
3394992,9.833422851097327,8
3394998,9.906594992876578,6
3394999,10.0,1
3395009,9.787778659745031,10
3395024,9.667541711812596,15
3395035,9.79774394055668,11
3395047,9.758805254418682,12
3395055,9.86426212390083,8
3395061,9.884382041413243,6
3395071,9.817359559334454,10
3395086,9.654486109769955,15
3395097,9.76161221852162,11
3395104,9.88754173362519,7
3395114,9.803914926591203,10
3395122,9.830194385482775,8
3395123,9.992960825124921,1
3395131,9.8393528226271,8
3395132,10.0,1
3395148,9.651297248831012,16
3395160,9.748286182831606,12
3395170,9.790111193496244,10
3395182,9.732703115749644,12
3395183,10.0,1
3395194,9.770770083407271,11
3395200,9.888830260279386,6
3395203,9.955555097493729,3
3395213,9.793252753263474,10
3395225,9.733908537058564,12
3395234,9.820024772174285,9
3395241,9.882613447556917,7
3395248,9.9048196186108,7
3395256,9.83256093433702,8
3395270,9.69648253421716,14
3395274,9.946264054059945,4
3395282,9.866697315151457,8
3395292,9.808143325165593,10
3395298,9.918470805775698,6
3395308,9.788133682304359,10
3395321,9.727752332163453,13
3395331,9.805285881851079,10
3395341,9.785812865220436,10
3395354,9.701613661463522,13
3395363,9.731729168482792,9
3395371,9.844340451162086,8
3395372,9.99656586148335,1
3395375,9.963012197428451,3
3395380,9.912842819555998,5
3395381,10.0,1
3395382,10.0,1
3395391,9.835262197507372,9
3395401,9.790124499683683,10
3395406,9.90977194454985,5
3395418,9.721867447496736,12
3395429,9.779040775030996,11
3395438,9.836019229203133,9
3395449,9.762906789673268,11
3395450,9.986366628861791,1
3395456,9.787843157682156,6
3395460,9.92725232511053,4
3395478,9.557974545034659,18
3395488,9.806204546950655,10
3395489,10.0,1
3395493,9.94130814717581,4
3395508,9.65366147831892,15
3395516,9.817836828278525,8
3395523,9.863318834307604,7
3395528,9.917373220057033,5
3395532,9.920253838015725,4
3395552,9.57480357481537,20
3395561,9.82551348632328,9
3395563,9.978514145925146,2
3395573,9.771869061169767,10
3395576,9.963206833089272,3
3395581,9.821031118028978,5
3395588,9.855874684167278,7
3395598,9.788196814770371,10
3395613,9.677951572657749,15
3395614,10.0,1
3395627,9.765474249831456,13
3395630,9.963724144486793,3
3395637,9.868527166621297,7
3395638,10.0,1
3395646,9.82932033727735,8
3395650,9.949712082521934,4
3395653,9.96242853710732,3
3395667,9.676410871897161,14
3395674,9.87648413818453,7
3395675,9.99195260469875,1
3395690,9.639695459141462,15
3395703,9.687315277553282,13
3395708,9.92153691089413,5
3395709,10.0,1
3395721,9.73118382644258,12
3395728,9.861800219714118,7
3395730,9.975629364624181,2
3395731,10.0,1
3395748,9.570624671266316,17
3395749,10.0,1
3395765,9.60805539332396,16
3395783,9.567624736288447,18
3395791,9.856644765384996,8
3395799,9.843347113919473,8
3395804,9.930888460420206,5
3395812,9.863330243384116,8
3395824,9.763198050792157,12
3395832,9.841294123786504,8
3395845,9.696013949063772,13
3395855,9.792919650774394,10
3395891,9.130685843378256,36
3395896,9.926741520440615,5
3395907,9.761179257821318,11
3395918,9.801277746105708,11
3395929,9.780022086730497,11
3395939,9.79996222454705,10
3395953,9.70107229620683,14
3395963,9.797009636982287,10
3395970,9.888270591764561,7
3395971,10.0,1
3395980,9.818856027930382,9
3395985,9.914010789916086,5
3395993,9.831890387889787,8
3395999,9.907136763485093,6
3396008,9.837865719725858,9
3396025,9.420969533358665,17
3396037,9.754127606057278,12
3396048,9.74877705312193,11
3396054,9.895600421847726,6
3396064,9.789706752935539,10
3396067,9.96206973424688,3
3396075,9.850953862782434,8
3396085,9.806660000357805,10
3396100,9.652405819711092,15
3396117,9.647776357008937,17
3396118,9.989412119895519,1
3396132,9.710317512660207,14
3396148,9.648737950895484,16
3396151,9.951050339438122,3
3396162,9.770501428846487,11
3396163,10.0,1
3396169,9.889444429933485,6
3396176,9.851266174419766,7
3396185,9.803520526951777,9
3396201,9.668925652041523,16
3396210,9.82922056599835,9
3396218,9.852796697434144,8
3396230,9.751981977040336,12
3396239,9.80640579506071,9
3396240,9.992814018553098,1
3396243,9.947036157053253,3
3396258,9.67421701576298,15
3396264,9.874673175984169,6
3396268,9.924748223521823,4
3396280,9.715909053553304,12
3396295,9.666433330223294,15
3396296,10.0,1
3396306,9.602396554336872,10
3396315,9.812732380659615,9
3396325,9.811024733055467,10
3396331,9.878287510887022,6
3396341,9.768334123555583,10
3396347,9.895497073075978,6
3396352,9.915918754993143,5
3396359,9.882880486148068,7
3396363,9.93376729984263,4
3396370,9.856276754762442,7
3396390,9.566263696105748,20
3396393,9.857740416970232,3
3396394,9.996777230134551,1
3396404,9.81652917730658,10
3396430,9.156681545456152,26
3396431,9.988974904518054,1
3396437,9.89187336886352,6
3396453,9.64703909337758,16
3396466,9.7440177851059,13
3396467,9.996246121657638,1
3396473,9.88138005127404,6
3396477,9.93922095717599,4
3396478,10.0,1
3396488,9.793461923595855,10
3396494,9.880780440103408,6
3396504,9.784902177618335,10
3396509,9.92087796902033,5
3396519,9.789897072342765,10
3396530,9.769684605606608,11
3396542,9.740263666341384,12
3396552,9.768609599718374,10
3396561,9.807013359928463,9
3396571,9.832550458483198,10
3396582,9.75564016863237,11
3396601,9.603487976457437,19
3396606,9.927690563325717,5
3396616,9.801097665075583,10
3396617,10.0,1
3396630,9.701115305426336,13
3396641,9.777209239607505,11
3396656,9.6746295746604,15
3396667,9.670393224496792,11
3396681,9.680818964987077,14
3396688,9.866021878389017,7
3396696,9.834627379559537,8
3396699,9.957737496766846,3
3396706,9.88041919944732,7
3396707,10.0,1
3396718,9.77409351983644,11
3396728,9.788741055067717,10
3396730,9.976748842989414,2
3396742,9.758500186073807,12
3396756,9.707518756820507,14
3396757,10.0,1
3396762,9.9298748076004,5
3396767,9.906080498352562,5
3396779,9.748326552965382,12
3396786,9.883500750090827,7
3396791,9.921953930352338,5
3396801,9.784861678131518,10
3396808,9.858743290087252,7
3396818,9.788693612381255,10
3396829,9.765056815562353,11
3396857,9.3735263707011,28
3396861,9.958178552052892,4
3396867,9.884557987216334,6
3396875,9.852362872502068,8
3396876,10.0,1
3396886,9.79674588154684,10
3396892,9.885680725198796,6
3396906,9.702278649973959,14
3396924,9.662855175010916,18
3396933,9.814225831738291,9
3396936,9.96628007499481,3
3396941,9.92391218231071,5
3396949,9.829988215019908,8
3396957,9.869024786077754,8
3396964,9.854614564172477,7
3396970,9.903999876402965,6
3396979,9.815321206746091,9
3396989,9.799290840745812,10
3396993,9.93477609751377,4
3396997,9.93771095137088,4
3397009,9.747778728129015,12
3397020,9.78398897332595,11
3397025,9.9145508306192,5
3397041,9.643465256807369,16
3397054,9.720316684178636,13
3397057,9.971623737258156,3
3397079,9.634654070455001,22
3397090,9.761509455536975,11
3397099,9.804869414947724,9
3397109,9.798659720630923,10
3397116,9.85740626528542,7
3397131,9.627652932695618,15
3397132,10.0,1
3397139,9.867685661011153,7
3397144,9.899348331211543,5
3397153,9.803914633121366,9
3397162,9.808111517072266,9
3397174,9.734858378771738,12
3397182,9.848132494703563,8
3397193,9.830714736512343,11
3397205,9.738072995747547,12
3397213,9.867934855645084,8
3397218,9.915373980306256,5
3397219,10.0,1
3397225,9.909669731890014,6
3397234,9.818568940688033,9
3397241,9.900082929731452,7
3397245,9.930594760151546,4
3397246,10.0,1
3397255,9.809376406390513,9
3397258,9.963333563099654,3
3397271,9.725984069556425,13
3397282,9.759467197619488,11
3397291,9.861050129046108,9
3397301,9.797392590499221,10
3397310,9.816820270100116,9
3397319,9.829945438480388,9
3397326,9.862304634586941,7
3397334,9.824602846738843,8
3397339,9.918156593667948,5
3397348,9.812523268722273,9
3397356,9.825774456635589,8
3397369,9.746412175814786,13
3397381,9.718298802333164,12
3397388,9.865072423231377,7
3397396,9.852445848704876,8
3397404,9.863725215985498,8
3397407,9.961263304379965,3
3397408,10.0,1
3397415,9.869852001264285,7
3397421,9.891962395902606,6
3397432,9.789351740637459,11
3397440,9.839393134874047,8
3397450,9.792546779889815,10
3397456,9.891308833510314,6
3397461,9.908175816828283,5
3397462,10.0,1
3397481,9.597946642934758,19
3397495,9.672758598768263,14
3397499,9.95335992497516,4
3397500,10.0,1
3397507,9.87241951442855,7
3397521,9.7271589838419,14
3397532,9.765445614039823,11
3397539,9.886575268413809,7
3397543,9.832599220265976,4
3397553,9.80126165657916,10
3397557,9.935364285314133,4
3397566,9.834392689373258,9
3397569,9.963155583078676,3
3397582,9.708455274904987,13
3397590,9.871007145996757,8
3397600,9.777854733118184,10
3397605,9.916830782954301,5
3397608,9.949577898085153,3
3397613,9.92301068342823,5
3397626,9.731360350384024,13
3397640,9.732501108720276,14
3397644,9.937189532364888,4
3397659,9.698097063996396,15
3397668,9.824698857297546,9
3397686,9.628566195515264,18
3397701,9.639279262604123,15
3397708,9.876207513633506,7
3397714,9.896663948687538,6
3397723,9.808151128617135,9
3397728,9.923524661544569,5
3397738,9.778466949473147,10
3397745,9.877537291449677,7
3397753,9.858913150167679,8
3397758,9.926556018157576,5
3397766,9.858034373872899,8
3397788,9.568809383897705,22
3397795,9.777011298593195,7
3397805,9.793331132662157,10
3397806,10.0,1
3397814,9.836391409610481,8
3397823,9.841457880544956,9
3397836,9.692009179243723,13
3397838,9.98515115254735,2
3397846,9.86794136927781,8
3397847,10.0,1
3397856,9.789406619863495,9
3397863,9.876747854422128,7
3397879,9.663916380852264,16
3397893,9.685621242625986,14
3397904,9.769745680444897,11
3397908,9.939696521667255,4
3397919,9.761045896214213,11
3397926,9.872709156489796,7
3397928,9.978196266875136,2
3397929,10.0,1
3397951,9.519329413802776,22
3397958,9.853187874333674,7
3397965,9.879513213169774,7
3397978,9.707760661225214,13
3397994,9.640248384281382,16
3398003,9.82252798237559,9
3398007,9.928640247396956,4
3398010,9.966862151549673,3
3398018,9.85536987969355,8
3398042,9.497680964838711,24
3398044,9.971099174410655,2
3398051,9.856801381556515,7
3398060,9.805604820951961,9
3398064,9.933032159836845,4
3398072,9.841379940792475,8
3398074,9.973909795858063,2
3398083,9.810035301304378,9
3398094,9.783413938583033,11
3398100,9.876313648139364,6
3398105,9.916707133502975,5
3398117,9.733652915989396,12
3398126,9.810631867694152,9
3398138,9.741138921003978,12
3398146,9.853106649364296,8
3398154,9.843369383300525,8
3398160,9.89216481703087,6
3398169,9.808110347506565,9
3398174,9.915675164978863,5
3398186,9.707579543703455,12
3398187,10.0,1
3398188,10.0,1
3398196,9.829764155111295,8
3398206,9.776138257187977,10
3398207,10.0,1
3398212,9.915437998969413,5
3398222,9.703207019656242,10
3398234,9.773575413998937,12
3398241,9.878859031116884,7
3398251,9.784407180143257,10
3398257,9.887193576162645,6
3398265,9.849733389522733,8
3398277,9.728724251289906,12
3398288,9.75744864444546,11
3398293,9.906270357957977,5
3398298,9.911921911705091,5
3398305,9.855304042074012,7
3398308,9.959188574118581,3
3398315,9.870568863149378,7
3398316,10.0,1
3398323,9.876809426083724,7
3398333,9.781573302108534,10
3398335,9.967693872381393,2
3398342,9.885152468349222,7
3398355,9.712593106095039,13
3398369,9.478694578984616,14
3398370,9.996120118930019,1
3398376,9.70091465430878,6
3398378,9.983643228375149,2
3398380,9.97587069409108,2
3398389,9.83076534435002,9
3398394,9.910286490275643,5
3398407,9.697170234862702,13
3398408,10.0,1
3398419,9.706851474773933,11
3398425,9.890790242400785,6
3398434,9.80818066653327,9
3398440,9.901766371555853,6
3398444,9.936510948453904,4
3398452,9.86215949159402,8
3398459,9.881461488101301,7
3398474,9.453315476014474,15
3398477,9.961874335829418,3
3398490,9.714844715061636,13
3398496,9.880438362342105,6
3398507,9.761361572240066,11
3398515,9.864013162979685,8
3398517,9.984646712925278,2
3398531,9.675957505269137,14
3398538,9.858193112107715,7
3398540,9.977041400783976,2
3398545,9.922186385168054,5
3398551,9.893285508795032,6
3398555,9.931241108828974,4
3398563,9.83223843132639,8
3398575,9.788198063851382,12
3398580,9.918480206573035,5
3398584,9.723076389337866,4
3398591,9.85567931885734,7
3398592,10.0,1
3398593,10.0,1
3398596,9.971097375572091,3
3398609,9.721301912355393,13
3398616,9.867859088962277,7
3398623,9.867759803384962,7
3398628,9.820990160445385,5
3398637,9.85397583124686,9
3398646,9.855971209405725,9
3398653,9.862510568474592,7
3398662,9.822699188652061,9
3398672,9.795299965776211,10
3398684,9.77318148194622,12
3398705,9.524489900537395,21
3398710,9.923261071383777,5
3398715,9.920996933506816,5
3398731,9.650571520246068,16
3398744,9.74570009649814,13
3398754,9.790197249838384,10
3398761,9.873105260652878,7
3398762,10.0,1
3398763,10.0,1
3398776,9.702202538621075,13
3398782,9.89926049335279,6
3398787,9.91944686956261,5
3398802,9.665465425776144,15
3398807,9.927018939362986,5
3398821,9.719161858585606,14
3398831,9.773420536216793,10
3398842,9.750760162689796,11
3398850,9.85785286473766,8
3398856,9.89264158334724,6
3398862,9.881660385802336,6
3398872,9.79669301412775,10
3398881,9.808041298220022,9
3398893,9.759232625349982,12
3398908,9.678652551285394,15
3398909,10.0,1
3398923,9.69818883928801,14
3398940,9.618311925543649,17
3398949,9.82565650154361,9
3398961,9.724944302227364,12
3398968,9.867610098767043,7
3398977,9.810440280450278,9
3398984,9.85801668253178,7
3398988,9.928920230350128,4
3398995,9.869415693090554,7
3399008,9.707880905482954,13
3399024,9.378587082271023,16
3399030,9.893804717068441,6
3399048,9.587486196911307,18
3399064,9.636593711586922,16
3399072,9.861606703020444,8
3399080,9.838942066374884,8
3399089,9.817275550789265,9
3399099,9.801925410516084,10
3399106,9.889801765683213,7
3399118,9.701603370989277,12
3399129,9.808744402322754,11
3399139,9.791061199608857,10
3399141,9.971526257685593,2
3399151,9.7959301552907,10
3399163,9.736200609388469,12
3399171,9.855227065295637,8
3399182,9.79840749500589,11
3399195,9.67362033664751,13
3399196,10.0,1
3399197,9.988394562051415,1
3399198,10.0,1
3399206,9.844988307464767,8
3399207,10.0,1
3399208,10.0,1
3399235,9.381503566501733,27
3399236,10.0,1
3399245,9.829582826236889,9
3399258,9.697898274786178,13
3399264,9.910067781637187,6
3399269,9.913761494101363,5
3399279,9.795719660083975,10
3399292,9.739254844922602,13
3399300,9.875042250027915,8
3399301,10.0,1
3399305,9.921751096887784,4
3399314,9.827474113834676,9
3399324,9.78946131024931,10
3399334,9.776853929730837,10
3399343,9.721233002620306,9
3399358,9.707854842238362,15
3399368,9.777324601669585,10
3399375,9.87827308395528,7
3399381,9.888014436341816,6
3399389,9.839467939546552,8
3399397,9.846033702642751,8
3399407,9.77812822626647,10
3399420,9.720083250807717,13
3399432,9.72831746118242,12
3399439,9.877128187306747,7
3399443,9.923977670697608,4
3399453,9.787657455562448,10
3399461,9.834766206083156,8
3399471,9.80198785845347,10
3399480,9.862456079776399,9
3399489,9.814220963598414,9
3399490,10.0,1
3399494,9.92877888140971,4
3399502,9.559829890861167,8
3399507,9.937678919444458,5
3399514,9.85464508167126,7
3399529,9.656387593958485,15
3399537,9.848663332642142,8
3399549,9.742959897169886,12
3399553,9.935969129007576,4
3399570,9.589514586168738,17
3399581,9.791071256795806,11
3399592,9.773996552524347,11
3399620,9.386313269808923,28
3399626,9.896916301269657,6
3399630,9.945618062173748,4
3399644,9.675207301514858,14
3399654,9.80276300818432,10
3399663,9.73182535465935,9
3399669,9.891256487516374,6
3399686,9.59214498382114,17
3399697,9.775669746077352,11
3399711,9.681526600558067,14
3399719,9.83363352401177,8
3399725,9.891831103321675,6
3399735,9.794457524271087,10
3399741,9.926225811196083,6
3399748,9.890106062393965,7
3399762,9.592516004708415,14
3399770,9.850640140591914,8
3399778,9.854996909487049,8
3399779,10.0,1
3399787,9.841866591211453,8
3399800,9.749550329655968,13
3399806,9.893709570320395,6
3399811,9.924299685949332,5
3399826,9.64840743632063,15
3399838,9.74718463776334,12
3399846,9.839348458125452,8
3399853,9.872976383982216,7
3399855,9.96984133242865,2
3399869,9.686256136584838,14
3399881,9.784384253853935,12
3399897,9.607205071533892,16
3399904,9.871035836516848,7
3399918,9.505925311651952,14
3399936,9.568361287241073,18
3399944,9.832577085717134,8
3399957,9.704178164328189,13
3399962,9.914393146170296,5
3399965,9.952697229100215,3
3399982,9.590657120012246,17
3399999,9.626093935430166,17
3400010,9.778344925593258,11
3400025,9.683398274813598,15
3400030,9.92648588410502,5
3400040,9.804805282666242,10
3400048,9.86524189304409,8
3400053,9.939831939513102,5
3400064,9.801289336574412,11
3400073,9.865284569021616,9
3400087,9.680937336640042,14
3400098,9.781047656757455,11
3400103,9.926915378855542,5
3400110,9.892537178900003,7
3400128,9.613078420725977,18
3400139,9.793203577251884,11
3400149,9.824718745852708,10
3400159,9.803899537964307,10
3400175,9.675773441992268,16
3400181,9.897071356163893,6
3400186,9.92067754972375,5
3400196,9.807101651509836,10
3400210,9.68923157901535,14
3400213,9.964413690894114,3
3400218,9.923897938102938,5
3400219,10.0,1
3400224,9.90195941408512,5
3400233,9.80457162193652,9
3400241,9.836920758657925,8
3400252,9.785827025291463,11
3400262,9.781924707070047,10
3400267,9.908527430135788,5
3400271,9.94671748302333,4
3400283,9.744390338150813,12
3400287,9.953685270495065,4
3400298,9.758876057870385,11
3400312,9.550375784134081,14
3400313,9.992185288447029,1
3400317,9.94957206944536,4
3400328,9.643711091025143,11
3400338,9.803223146515025,10
3400348,9.770232716065175,10
3400354,9.893887155364174,6
3400361,9.859393505584631,7
3400367,9.8800532487084,6
3400381,9.745663380726436,14
3400388,9.880388251178433,7
3400389,10.0,1
3400400,9.757339854759184,11
3400411,9.741439714900475,11
3400425,9.705829518055584,14
3400434,9.791885328669123,9
3400446,9.72651918227581,12
3400456,9.773447357461775,10
3400462,9.884227979861231,6
3400474,9.734577575244991,12
3400484,9.782830264374327,10
3400497,9.715793110513985,13
3400510,9.723613327688275,13
3400517,9.870111689938142,7
3400531,9.723423114803076,14
3400550,9.56394450496473,19
3400562,9.757048510613656,12
3400577,9.65330611909171,15
3400583,9.718411544802718,6
3400592,9.83125110471903,9
3400594,9.985888774970014,2
3400599,9.910929684906213,5
3400615,9.67141786203675,16
3400622,9.867316242368485,7
3400623,10.0,1
3400632,9.816773159994352,9
3400633,10.0,1
3400643,9.77782047587418,10
3400648,9.935599177963537,5
3400663,9.659641324853526,15
3400667,9.93275272234443,4
3400668,10.0,1
3400676,9.83238502039158,8
3400684,9.83456378493859,8
3400685,10.0,1
3400696,9.759353445087369,11
3400701,9.920548312222001,5
3400710,9.823274290202615,9
3400714,9.936265143875127,4
3400724,9.764690010465436,10
3400731,9.857383764562364,7
3400736,9.91702651296787,5
3400741,9.90449687874543,5
3400755,9.501599343141688,14
3400767,9.734007921841362,12
3400775,9.826994453943593,8
3400783,9.830223255701226,8
3400795,9.746709177948604,12
3400798,9.966318365370103,3
3400799,9.988035105454546,1
3400800,10.0,1
3400801,10.0,1
3400815,9.720432229173369,14
3400817,9.975178793304543,2
3400821,9.93482953984873,4
3400835,9.727340412724171,14
3400846,9.73342516657198,11
3400847,10.0,1
3400850,9.955713725231341,3
3400856,9.8827220486455,6
3400860,9.947805850022725,4
3400862,9.9721074067601,2
3400870,9.8446324275499,8
3400874,9.93304513799325,4
3400875,10.0,1
3400882,9.869518848940075,7
3400893,9.77753353528212,11
3400898,9.899824694623984,5
3400907,9.812236425447509,9
3400917,9.803450340214072,10
3400924,9.87104795115111,7
3400927,9.967958310168727,3
3400941,9.681974783474066,14
3400953,9.728262531894854,12
3400959,9.899507388098506,6
3400960,10.0,1
3400972,9.799610051417531,12
3400979,9.864367242513547,7
3400987,9.80305517450763,8
3400991,9.947841234903212,4
3401001,9.788513189692514,10
3401004,9.962362506430091,3
3401010,9.891043799108662,6
3401023,9.727502925617818,13
3401031,9.882263721080662,8
3401042,9.761282388340208,11
3401051,9.81399734144983,9
3401060,9.814529571319644,9
3401069,9.79742918308081,9
3401070,10.0,1
3401085,9.643256530502347,15
3401092,9.886036477226726,7
3401096,9.935962875958305,4
3401110,9.700404576356057,14
3401123,9.704426845514188,13
3401127,9.936570763726401,4
3401140,9.716691034711221,13
3401146,9.88334036375456,6
3401160,9.677798517410032,14
3401168,9.873131163302157,8
3401178,9.774207526398685,10
3401181,9.957764398363791,3
3401190,9.803543470533862,9
3401191,10.0,1
3401194,9.952107172607175,3
3401204,9.580207769770055,10
3401215,9.791109778206065,11
3401222,9.86575353538211,7
3401238,9.633795371758852,16
3401244,9.893862202078518,6
3401247,9.967424134022963,3
3401248,10.0,1
3401254,9.912304551313271,6
3401258,9.950813754878196,4
3401277,9.608573531621966,19
3401280,9.958799653279327,3
3401292,9.738406526248802,12
3401293,10.0,1
3401303,9.808717168515471,10
3401308,9.91685344210291,5
3401316,9.84291021053618,8
3401327,9.747851875276442,11
3401332,9.915290232942482,5
3401343,9.591002509912526,11
3401344,9.996074098559806,1
3401356,9.760812567040784,12
3401367,9.765920201621892,11
3401374,9.852350085258696,7
3401383,9.835063485752036,9
3401384,10.0,1
3401392,9.82750001539117,8
3401398,9.925149898820317,6
3401402,9.9435741826796,4
3401403,10.0,1
3401408,9.921701637191426,5
3401417,9.852672679808382,9
3401425,9.735073905374898,8
3401430,9.90886120864942,5
3401439,9.811878078470318,9
3401447,9.853776664675502,8
3401456,9.816763628203004,9
3401457,10.0,1
3401458,10.0,1
3401467,9.807668450995843,9
3401474,9.864235794791599,7
3401478,9.925173045306725,4
3401484,9.891963337188333,6
3401499,9.65908912457618,15
3401511,9.725861943326038,12
3401522,9.761648576818182,11
3401536,9.709290295767499,14
3401550,9.818331383933776,14
3401562,9.747394600786496,12
3401568,9.894437083690509,6
3401574,9.895047434689152,6
3401577,9.964486264170787,3
3401583,9.904294445800863,6
3401596,9.709823400109924,13
3401599,9.952425914610627,3
3401604,9.920772872772003,5
3401612,9.862769479019743,8
3401616,9.931047053953316,4
3401628,9.759808443506145,12
3401639,9.75391709626788,11
3401647,9.847484511302612,8
3401655,9.845111360876663,8
3401659,9.943603400324033,4
3401669,9.84877174708827,10
3401674,9.929312627270667,5
3401687,9.710831100291232,13
3401695,9.834033641807192,8
3401703,9.833286229013718,8
3401717,9.687135101464019,14
3401727,9.795659066489282,10
3401737,9.701457675964257,10
3401746,9.836310595799562,9
3401749,9.966186464867858,3
3401759,9.778244653294589,10
3401767,9.863465742048724,8
3401777,9.790843375672466,10
3401796,9.534567327827634,19
3401811,9.683993033466008,15
3401812,10.0,1
3401820,9.845641519789114,8
3401827,9.862610970506045,7
3401832,9.921653628902007,5
3401845,9.721562267269992,13
3401868,9.51003192015632,23
3401873,9.908360651621091,5
3401889,9.641661234009916,16
3401891,9.97891081313977,2
3401892,10.0,1
3401909,9.620457360464172,17
3401912,9.956203786018314,3
3401918,9.903307090788546,6
3401924,9.906314599596604,6
3401945,9.449690803832315,21
3401957,9.751171665004454,12
3401961,9.925659764731877,4
3401969,9.854852531127708,8
3401979,9.797076329057294,10
3401989,9.78072307716485,10
3401998,9.829131447221133,9
3402009,9.770180181126307,11
3402012,9.951724696177719,3
3402013,10.0,1
3402016,9.97299540861659,3
3402019,9.964447161944324,3
3402027,9.830953296614148,8
3402041,9.687331309426952,14
3402047,9.883576177071014,6
3402048,10.0,1
3402055,9.869156166520687,7
3402060,9.924500498282057,5
3402062,9.981764363147642,2
3402071,9.824850401093249,9
3402084,9.701077461137125,13
3402098,9.678930596580974,14
3402110,9.71473274423703,12
3402114,9.943090620429732,4
3402121,9.88778394130866,7
3402126,9.919010559415803,5
3402130,9.93792896822987,4
3402132,9.980700300629907,2
3402133,9.996510150770268,1
3402136,9.965103895655865,3
3402149,9.702615390100428,13
3402153,9.931238278388191,4
3402155,9.97929798084328,2
3402162,9.88500146634805,7
3402172,9.809516993051966,10
3402180,9.815886706149639,8
3402187,9.864358602143545,7
3402193,9.875306889117958,6
3402200,9.848316726398153,7
3402201,10.0,1
3402213,9.74064806323617,12
3402220,9.882826493197959,7
3402228,9.836976000642748,8
3402244,9.596161579825765,16
3402245,10.0,1
3402255,9.777489668438102,10
3402262,9.861722132695602,7
3402270,9.821185806678933,8
3402281,9.772100391028111,11
3402282,9.992590767089052,1
3402287,9.917064942800483,5
3402294,9.842010211885846,7
3402306,9.728131867212937,12
3402307,10.0,1
3402312,9.915157991112393,5
3402318,9.90783603592794,6
3402330,9.742658131298247,12
3402333,9.961568710786437,3
3402337,9.941042310784088,4
3402343,9.899047122590265,6
3402360,9.584991320060292,17
3402363,9.966034840791044,3
3402374,9.754579708532944,11
3402375,10.0,1
3402381,9.87978863566761,6
3402397,9.66704365413396,16
3402403,9.896130416576087,6
3402415,9.768092514095706,12
3402416,10.0,1
3402426,9.795592587986278,10
3402437,9.755012705326122,11
3402449,9.73465372904674,12
3402457,9.845453448467332,8
3402469,9.733714707573826,12
3402484,9.674977928301308,15
3402491,9.86878167104405,7
3402498,9.891141674998066,7
3402507,9.843872241075825,9
3402514,9.85518809068066,7
3402520,9.884116565946028,6
3402531,9.793965020340897,11
3402543,9.75509465295334,12
3402550,9.863252387424176,7
3402557,9.868552008533673,7
3402561,9.955942344606393,4
3402564,9.959880861438508,3
3402575,9.79713490844767,11
3402587,9.791620146792624,12
3402590,9.956560682818735,3
3402605,9.49910950254453,15
3402612,9.88293566233088,7
3402619,9.854581974589902,7
3402624,9.903207680805856,5
3402634,9.623602800667594,10
3402647,9.723938987146768,13
3402659,9.804166710339906,12
3402668,9.823647853432856,9
3402676,9.831997907635213,8
3402681,9.920157986337452,5
3402684,9.967709242768457,3
3402699,9.686217302783033,15
3402708,9.842781182196436,9
3402711,9.961430240733737,3
3402724,9.697914454304941,13
3402744,9.461574734793652,20
3402748,9.936347951104622,4
3402752,9.928924016214118,4
3402753,10.0,1
3402765,9.727709761762528,12
3402773,9.850970980062057,8
3402781,9.845784114138588,8
3402784,9.954150700883584,3
3402797,9.689997215118451,13
3402811,9.48411576678242,14
3402817,9.894622872253153,6
3402825,9.826839527897738,8
3402835,9.823017524965982,10
3402840,9.904400471872721,5
3402846,9.90587713446407,6
3402851,9.923788589910078,5
3402863,9.724396415228314,12
3402874,9.781481731848022,11
3402875,10.0,1
3402887,9.738477850205449,12
3402898,9.771157327850673,11
3402905,9.872433494763294,7
3402908,9.968574336058511,3
3402918,9.805602968507834,10
3402919,10.0,1
3402929,9.77341550572322,10
3402942,9.713980956371056,13
3402953,9.765817917692614,11
3402962,9.806997146692613,9
3402968,9.88501981256537,6
3402978,9.797371716275123,10
3402988,9.77864043146641,10
3402996,9.838369919232356,8
3402997,10.0,1
3403007,9.78043217573263,10
3403011,9.93861111401579,4
3403012,9.988280038290291,1
3403019,9.854006053953812,7
3403020,10.0,1
3403030,9.769401386819855,10
3403036,9.906706513104035,6
3403047,9.756952550643225,11
3403057,9.805718662991213,10
3403066,9.813637411198432,9
3403070,9.938480205016266,4
3403083,9.728023590100294,13
3403085,9.984342433499448,2
3403096,9.754211396920319,11
3403101,9.937434025129132,5
3403102,10.0,1
3403103,10.0,1
3403114,9.781118750267506,11
3403122,9.838630903070824,8
3403137,9.698823796308591,15
3403142,9.918443942574395,5
3403148,9.896508556363493,6
3403154,9.90182958094285,6
3403160,9.884511035032759,6
3403163,9.963764581840115,3
3403174,9.765600486237656,11
3403186,9.742317340532907,12
3403187,10.0,1
3403192,9.899951544623649,5
3403203,9.772089504326345,11
3403204,10.0,1
3403211,9.877268365983342,7
3403222,9.760147042232928,11
3403232,9.799953764488691,10
3403243,9.764215137297917,11
3403250,9.866518744727808,7
3403266,9.639964440244377,16
3403267,10.0,1
3403283,9.646455574496644,16
3403284,9.989193983327205,1
3403295,9.748476347336492,11
3403304,9.845368245673408,9
3403318,9.681291950616147,14
3403323,9.919180479334536,5
3403332,9.822182031703383,9
3403336,9.94044043908912,4
3403345,9.797062365444846,9
3403357,9.725347073753465,12
3403365,9.852339408712881,8
3403381,9.624208518710942,16
3403391,9.811808906424679,10
3403406,9.645736282771601,15
3403415,9.803534430487916,9
3403426,9.766525640898896,11
3403435,9.823879908133557,9
3403436,10.0,1
3403443,9.885466301689883,7
3403448,9.923875244716893,5
3403465,9.640753569982373,17
3403472,9.882748645012239,7
3403484,9.708410097628603,12
3403489,9.919261817297206,5
3403502,9.689519650713569,13
3403518,9.61317902169464,16
3403528,9.79346887356322,10
3403541,9.72466180037087,13
3403554,9.723193203463738,13
3403567,9.7594345703854,13
3403579,9.757188972372976,12
3403586,9.879272703335666,7
3403595,9.80136987436597,9
3403608,9.777634703178661,13
3403615,9.859244238496524,7
3403621,9.894312166944331,6
3403626,9.924726601035095,5
3403634,9.834009074469789,8
3403645,9.80168540634414,11
3403651,9.9048454409459,6
3403661,9.796543069738277,10
3403676,9.696536959272878,15
3403681,9.918077348734295,5
3403692,9.778622883380127,11
3403704,9.758209052942542,12
3403715,9.769651818095483,11
3403719,9.938628798299785,4
3403723,9.935341680591973,4
3403724,9.98916756150027,1
3403735,9.769533692851704,11
3403736,10.0,1
3403747,9.754522687125556,11
3403751,9.945980180663161,4
3403758,9.877264048273227,7
3403770,9.751225731356152,12
3403771,10.0,1
3403785,9.722715366196981,14
3403796,9.766984992094327,11
3403806,9.76539020922362,10
3403822,9.68003053851446,16
3403833,9.582352596842197,11
3403850,9.602944109493732,17
3403857,9.870396907403556,7
3403867,9.799912336120663,10
3403868,10.0,1
3403882,9.679154678963894,14
3403883,9.992473354168576,1
3403895,9.74020838445316,12
3403938,8.593506758007836,43
3403949,9.784823347547565,11
3403950,10.0,1
3403958,9.625695781748668,8
3403961,9.946801171283205,3
3403970,9.796603139853872,9
3403985,9.667310444927878,15
3403994,9.822899340907972,9
3403997,9.954440191583583,3
3404007,9.797683593452645,10
3404014,9.872059813372813,7
3404015,9.992181894800824,1
3404023,9.854981598719267,8
3404025,9.971287863240764,2
3404034,9.812276365277288,9
3404035,10.0,1
3404043,9.851102073744233,8
3404052,9.806730901999329,9
3404059,9.87724940149557,7
3404066,9.867570000034236,7
3404067,9.996388655876894,1
3404079,9.750013971571084,12
3404094,9.639924885681134,15
3404095,10.0,1
3404108,9.725129577270437,13
3404129,9.61861313273743,21
3404139,9.59354591514633,10
3404153,9.712838656134005,14
3404157,9.924643862801561,4
3404159,9.976285975847086,2
3404170,9.770848643030437,11
3404184,9.656438504585841,14
3404191,9.863391573768073,7
3404197,9.895345559928149,6
3404211,9.685108921574852,14
3404219,9.870678714066981,8
3404224,9.921071822288148,5
3404225,10.0,1
3404235,9.788290061130693,10
3404241,9.881938060793301,6
3404251,9.798926253412118,10
3404252,10.0,1
3404262,9.806359206487427,10
3404273,9.764629445966298,11
3404281,9.843667361519831,8
3404286,9.916763000983796,5
3404291,9.912445827732,5
3404292,10.0,1
3404306,9.6915602267998,14
3404322,9.652849474655373,16
3404323,10.0,1
3404337,9.681116954697302,14
3404345,9.864767956726133,8
3404360,9.677094828589821,15
3404372,9.77156226691641,12
3404376,9.930928222445267,4
3404390,9.67160926799061,14
3404391,10.0,1
3404395,9.927342204003194,4
3404410,9.69880231555526,15
3404422,9.752794135878567,12
3404431,9.816290272056692,9
3404444,9.704160250139047,13
3404455,9.760766277687337,11
3404464,9.827123482012427,9
3404476,9.740394392333982,12
3404482,9.898925693674407,6
3404491,9.829969288422484,9
3404506,9.56286732978598,15
3404513,9.86567915828036,7
3404524,9.749980834826166,11
3404528,9.946115102223956,4
3404537,9.809308432604434,9
3404549,9.752743984716178,12
3404565,9.669888031009963,16
3404574,9.840338330633113,9
3404585,9.75177775140126,11
3404588,9.96452127476241,3
3404598,9.768749940553686,10
3404603,9.812406410349274,5
3404604,10.0,1
3404605,10.0,1
3404614,9.807405537550945,9
3404620,9.91018740263735,6
3404621,10.0,1
3404622,10.0,1
3404624,9.97808311110599,2
3404634,9.808308099514534,10
3404642,9.853998463086107,8
3404652,9.776343162439822,10
3404666,9.699031523461354,14
3404669,9.948038842577613,3
3404678,9.86359252563551,9
3404691,9.70072416305109,13
3404701,9.837326325330917,10
3404713,9.737910482629385,12
3404716,9.956883886575493,3
3404721,9.925873107995145,5
3404732,9.761574035759509,11
3404736,9.93512406817079,4
3404746,9.787353735320732,10
3404754,9.829251621906813,8
3404764,9.7938186470806,10
3404774,9.790809258000694,10
3404782,9.823019733030826,8
3404788,9.907677102314192,6
3404801,9.713491323446698,13
3404809,9.862570990878657,8
3404820,9.755533851019784,11
3404830,9.780591382396636,10
3404835,9.920084068111958,5
3404839,9.934765283239377,4
3404842,9.949869053834519,3
3404857,9.662356229448957,15
3404864,9.86336764050836,7
3404883,9.520853977443963,19
3404885,9.976784346027225,2
3404899,9.689156933396104,14
3404914,9.635536737185319,15
3404919,9.923132817592775,5
3404929,9.78679836984099,10
3404942,9.697828395203743,13
3404951,9.803734922807081,9
3404960,9.820191135865707,9
3404968,9.864771309953555,8
3404974,9.90857261306272,6
3404975,10.0,1
3404982,9.882435798858314,7
3404993,9.760506504700714,11
3405002,9.810391086458448,9
3405007,9.90909324309669,5
3405019,9.783690447638712,12
3405025,9.905550088110688,6
3405030,9.923248116743483,5
3405039,9.807343823501359,9
3405047,9.862197424005203,8
3405060,9.700222746598385,13
3405065,9.91786841390563,5
3405075,9.831726051298116,10
3405079,9.943669411736353,4
3405098,9.503908409429213,19
3405103,9.908808605988252,5
3405115,9.737133984760913,12
3405126,9.753807396836974,11
3405135,9.84976687910569,9
3405141,9.908654440194947,6
3405149,9.845633152911525,8
3405157,9.844832217470255,8
3405158,10.0,1
3405168,9.798106986238347,10
3405170,9.97823273130428,2
3405182,9.783071912096576,12
3405196,9.695932832630367,14
3405211,9.637221586013727,15
3405218,9.87948838269441,7
3405227,9.835664034594934,9
3405237,9.796379668848141,10
3405243,9.896968875579072,6
3405255,9.701560206205789,12
3405263,9.835353290864834,8
3405271,9.849959640302028,8
3405278,9.863931939906216,7
3405287,9.835014100805784,9
3405288,10.0,1
3405298,9.827126545281072,10
3405311,9.713184904726056,13
3405319,9.833770137073929,8
3405333,9.632818204787595,14
3405337,9.943439665062895,4
3405338,10.0,1
3405341,9.866964097182896,3
3405344,9.955339585692295,3
3405352,9.823460172336738,8
3405353,10.0,1
3405361,9.834008615312847,8
3405363,9.980264643500298,2
3405374,9.73508899096955,11
3405380,9.893069394650167,6
3405392,9.734416341791892,12
3405400,9.841768561663088,8
3405414,9.683130916369521,14
3405441,9.461501921141313,27
3405451,9.793573957051434,10
3405463,9.739942471132833,12
3405482,9.596452956596,19
3405494,9.727199895999712,12
3405500,9.89956622849544,6
3405501,10.0,1
3405507,9.886132098493885,6
3405517,9.609060699359459,10
3405525,9.857877155168817,8
3405534,9.84044713188263,9
3405535,10.0,1
3405536,9.995998961930797,1
3405540,9.93582974902067,4
3405551,9.779341926790721,11
3405560,9.81488457820807,9
3405577,9.622087358545901,17
3405582,9.89681104494176,5
3405602,9.316769237273357,20
3405603,10.0,1
3405609,9.898394606732271,6
3405620,9.656030347088068,11
3405623,9.948730674653982,3
3405626,9.963739415074711,3
3405629,9.969580350235718,3
3405631,9.983865266556181,2
3405635,9.739634751817896,4
3405658,9.49589615106569,23
3405665,9.866082933901762,7
3405675,9.797151536499289,10
3405686,9.771968905193377,11
3405691,9.904031347291777,5
3405694,9.968184713284451,3
3405700,9.891070856655226,6
3405705,9.908354268578288,5
3405713,9.843645423129498,8
3405717,9.95494484385814,4
3405727,9.783652035566922,10
3405736,9.80157864130118,9
3405740,9.943957527201084,4
3405754,9.689533961186745,14
3405763,9.807373569291844,9
3405765,9.98554810235271,2
3405778,9.737437856590827,13
3405784,9.899958768851329,6
3405789,9.916973692385563,5
3405796,9.878467059845882,7
3405811,9.658557539957137,15
3405819,9.834698285179504,8
3405830,9.777710331242023,11
3405841,9.774798480180369,11
3405848,9.881940599083563,7
3405865,9.671007675355575,17
3405875,9.791581843428414,10
3405885,9.834486786516504,10
3405886,10.0,1
3405890,9.93574881531087,4
3405893,9.959327538132815,3
3405900,9.857910361798714,7
3405901,9.993427863871329,1
3405917,9.635434281714458,16
3405926,9.814158394462812,9
3405938,9.780974053630947,12
3405939,10.0,1
3405940,10.0,1
3405952,9.614543083607215,12
3405956,9.940363173390557,4
3405962,9.895734302155736,6
3405967,9.927125506322005,5
3405977,9.768564014436873,10
3405985,9.836662057895301,8
3405994,9.819253049479446,9
3406008,9.7098210650473,14
3406012,9.943994182721733,4
3406013,10.0,1
3406018,9.925975488722642,5
3406019,9.988876620511991,1
3406030,9.751766508047742,11
3406050,9.528103848616244,20
3406056,9.87904225512536,6
3406060,9.939419043226385,4
3406071,9.774021594119198,11
3406079,9.842926144178655,8
3406081,9.976532467404043,2
3406090,9.81840861510822,9
3406096,9.912295926962162,6
3406102,9.874742577211354,6
3406108,9.873529867892358,6
3406123,9.530901915661916,15
3406135,9.706253679075665,12
3406144,9.809108178106491,9
3406151,9.856020361349556,7
3406160,9.856632766317603,9
3406170,9.782925644739803,10
3406182,9.718555455711309,12
3406193,9.783322341256513,11
3406208,9.657534903160359,15
3406214,9.882906245390835,6
3406218,9.938326485735374,4
3406229,9.760618283947954,11
3406238,9.815706059396973,9
3406243,9.908121181492167,5
3406254,9.768665508850065,11
3406264,9.781575102571184,10
3406279,9.747193048536065,15
3406289,9.771085461263324,10
3406299,9.775762917454566,10
3406300,10.0,1
3406306,9.89670427816449,6
3406314,9.847472400265577,8
3406327,9.738652157684662,13
3406335,9.857850428745941,8
3406349,9.673430009092131,14
3406355,9.909712943903115,6
3406365,9.7820976029156,10
3406372,9.873521877772848,7
3406373,10.0,1
3406380,9.857915026933053,7
3406384,9.938912531166467,4
3406399,9.682608093505246,15
3406412,9.746905177773716,13
3406423,9.763001051299963,11
3406424,10.0,1
3406434,9.770361335053407,10
3406450,9.346018657947468,16
3406454,9.940512476768438,4
3406462,9.859143074509376,8
3406463,10.0,1
3406471,9.865615189174722,8
3406473,9.973059255867547,2
3406482,9.825191284350987,9
3406492,9.808009917236344,10
3406502,9.801269968262266,10
3406503,9.992947370714175,1
3406512,9.699811058069175,9
3406521,9.817340340502955,9
3406524,9.96127517227536,3
3406536,9.750406394830796,12
3406550,9.670911168278865,14
3406567,9.534404826861453,17
3406574,9.895906623377462,7
3406580,9.872262676837488,6
3406584,9.932626470215173,4
3406585,10.0,1
3406595,9.768221798058143,10
3406596,10.0,1
3406607,9.779030052988123,11
3406608,10.0,1
3406617,9.83101592552997,9
3406624,9.862604774809824,7
3406625,10.0,1
3406635,9.801842367851513,10
3406651,9.677499812465827,16
3406665,9.701311115155892,14
3406666,10.0,1
3406683,9.620415769313512,17
3406698,9.659422396135886,15
3406710,9.753123705955959,12
3406711,10.0,1
3406720,9.826215356385678,9
3406731,9.773850307963425,11
3406732,10.0,1
3406739,9.86467560082189,7
3406749,9.764152230753133,10
3406763,9.691093092611572,14
3406769,9.897664299452059,6
3406775,9.891509292654078,6
3406794,9.346369608147903,19
3406803,9.847494180017424,9
3406813,9.799665591782627,10
3406825,9.720013483419423,12
3406834,9.827388015282237,9
3406840,9.899522343013755,6
3406849,9.785097711904953,9
3406859,9.7778574208347,10
3406867,9.855134386225394,8
3406878,9.756065182693343,11
3406879,10.0,1
3406893,9.69133877641901,14
3406900,9.643945066283852,7
3406917,9.632731419651302,17
3406926,9.792011782515997,9
3406937,9.786085627343533,11
3406946,9.847698031887504,9
3406957,9.792970152249206,11
3406964,9.875149830614058,7
3406968,9.929662863811659,4
3406988,9.589880026079872,20
3406995,9.875867745345072,7
3407002,9.870642044775689,7
3407012,9.785439224976006,10
3407023,9.770104903503189,11
3407035,9.748413534453107,12
3407045,9.788710776616238,10
3407052,9.870400221290225,7
3407056,9.934359897745647,4
3407063,9.86350091997134,7
3407064,10.0,1
3407069,9.919969998611187,5
3407083,9.70968794714548,14
3407087,9.749893057615266,4
3407095,9.86695788102728,8
3407096,9.989955881589573,1
3407106,9.812768333535953,10
3407110,9.949884166865127,4
3407122,9.732212356648661,12
3407131,9.82756440754385,9
3407139,9.854092857200241,8
3407147,9.83427260959299,8
3407148,10.0,1
3407161,9.3271177614274,13
3407174,9.739653292427382,13
3407183,9.822244614291973,9
3407198,9.667335167926453,15
3407208,9.79258705611888,10
3407216,9.854936673553027,8
3407229,9.706007905626976,13
3407235,9.889659839248623,6
3407246,9.780072643512133,11
3407247,10.0,1
3407253,9.906033875706083,6
3407258,9.905422499238059,5
3407259,10.0,1
3407266,9.885000350652906,7
3407282,9.560067712262489,16
3407296,9.694931132481123,14
3407307,9.780229222185907,11
3407318,9.76922495578211,11
3407331,9.752369706192566,13
3407340,9.814791494030114,9
3407344,9.936428454321462,4
3407353,9.801547205510301,9
3407364,9.810028253297581,11
3407377,9.734727350375966,13
3407393,8.014294352463539,16
3407398,9.928071243437701,5
3407410,9.751081263591141,12
3407421,9.777361035750879,11
3407428,9.873108780808003,7
3407438,9.799727182354784,10
3407452,9.51097433429014,14
3407465,9.70832553114142,13
3407468,9.949190751483705,3
3407477,9.873077187089475,9
3407481,9.942919962416843,4
3407485,9.942176486984707,4
3407494,9.82885027992529,9
3407507,9.703063464743718,13
3407510,9.966577954752466,3
3407524,9.688530477212309,14
3407539,9.658557764109288,15
3407546,9.863524968043947,7
3407559,9.721079160543765,13
3407568,9.854855019644052,9
3407578,9.79829951650734,10
3407584,9.898303833666318,6
3407591,9.87256716884183,7
3407597,9.880255818639661,6
3407598,10.0,1
3407605,9.87407172233738,7
3407621,9.634640379293124,16
3407631,9.784848202254036,10
3407641,9.836696169528095,10
3407654,9.73278262847881,13
3407662,9.840079122932364,8
3407670,9.881041747658339,8
3407675,9.925335529926437,5
3407682,9.85491902302145,7
3407684,9.97545810508534,2
3407693,9.76276715945256,9
3407704,9.762333638002895,11
3407714,9.781696065126456,10
3407728,9.692997469693237,14
3407734,9.887428613630494,6
3407744,9.815600051353952,10
3407757,9.712743849244724,13
3407762,9.922003961433388,5
3407771,9.794599515614596,9
3407775,9.94082871053009,4
3407786,9.758264731540756,11
3407798,9.773077840147241,12
3407802,9.941845390973015,4
3407807,9.93036715707969,5
3407815,9.844928644903055,8
3407823,9.826430648637904,8
3407830,9.866234657953752,7
3407838,9.844855331943874,8
3407847,9.80234364198963,9
3407859,9.733665755047026,12
3407867,9.856649295842447,8
3407876,9.793322627329331,9
3407877,9.996505369136159,1
3407878,10.0,1
3407884,9.89927940064572,6
3407890,9.888712498284077,6
3407898,9.822822178404127,8
3407903,9.900372745157686,5
3407918,9.667111082490564,15
3407926,9.855510304674485,8
3407934,9.865230492537142,8
3407944,9.80471915191483,10
3407965,9.381738103147198,21
3407966,10.0,1
3407979,9.675451253940093,13
3407988,9.821921167898806,9
3407993,9.91623204878673,5
3408001,9.855050924596872,8
3408010,9.810505277948888,9
3408011,10.0,1
3408020,9.82656490644908,9
3408033,9.718268508257108,13
3408044,9.756808923377456,11
3408052,9.569183559396821,8
3408056,9.93151493287841,4
3408066,9.778822293224021,10
3408079,9.715991611025188,13
3408088,9.822326867796521,9
3408098,9.788200662702458,10
3408108,9.788361764540648,10
3408116,9.863051344182962,8
3408120,9.940204342523671,4
3408121,10.0,1
3408125,9.946204531134534,4
3408137,9.743502929647088,12
3408146,9.815571554665507,9
3408147,10.0,1
3408155,9.841213358809698,8
3408162,9.878558888301384,7
3408174,9.790118337493599,12
3408176,9.687523107905552,2
3408177,10.0,1
3408185,9.865818847201009,8
3408195,9.792428541380385,10
3408212,9.622180092841214,17
3408213,10.0,1
3408216,9.956307736512281,3
3408224,9.872592478953273,8
3408232,9.85617591182235,8
3408243,9.755211712678072,11
3408257,9.481483332363112,14
3408262,9.912405327077147,5
3408269,9.879261057710432,7
3408273,9.935077797618797,4
3408279,9.866128194508113,6
3408287,9.860619068672568,8
3408297,9.803814838057981,10
3408310,9.726757550872467,13
3408315,9.927685234787573,5
3408320,9.914423247983711,5
3408328,9.845769311302293,8
3408329,10.0,1
3408346,9.500175371803422,17
3408356,9.823552855217798,10
3408360,9.935714203292227,4
3408364,9.934522228501493,4
3408367,9.9618440849237,3
3408375,9.845771257038574,8
3408385,9.801589704172772,10
3408391,9.899550969538705,6
3408412,9.57752774487271,21
3408427,9.684304006769864,15
3408433,9.901646857289872,6
3408442,9.81619801124428,9
3408447,9.928386055874533,5
3408454,9.86745726792658,7
3408459,9.926462059041517,5
3408467,9.852986566405333,8
3408474,9.881193078539924,7
3408482,9.838931755439074,8
3408494,9.762685505905067,12
3408509,9.69683850942101,15
3408520,9.757743881947375,11
3408530,9.77161672095182,10
3408536,9.78925256267555,6
3408544,9.87216456017417,8
3408549,9.91548272652874,5
3408561,9.781023597029876,12
3408571,9.78477124537569,10
3408588,9.597260767895056,17
3408594,9.895961615422252,6
3408609,9.723744455300807,15
3408624,9.637278544872201,15
3408633,9.835900048961593,9
3408644,9.766612598655408,11
3408651,9.903033629268544,7
3408655,9.946900269334861,4
3408666,9.766886782241762,11
3408669,9.954588985225822,3
3408677,9.84827616042651,8
3408702,9.546974062974344,25
3408708,9.905526722812239,6
3408713,9.915181373155542,5
3408714,10.0,1
3408722,9.852191396661395,8
3408734,9.669405160539036,12
3408739,9.925206874088486,5
3408746,9.851333343458819,7
3408754,9.839435866284205,8
3408761,9.882496860857763,7
3408768,9.868298802702745,7
3408775,9.883819461047384,7
3408784,9.821708245347937,9
3408792,9.824452911711312,8
3408808,9.603732427449781,16
3408821,9.690604091704197,13
3408838,9.598099493358838,17
3408849,9.770600761049034,11
3408856,9.896464635530881,7
3408870,9.682959421387679,14
3408882,9.734745019687582,12
3408893,9.802628620621297,11
3408894,10.0,1
3408908,9.713661168305025,14
3408912,9.929964802842191,4
3408918,9.88680907488112,6
3408932,9.513690685245258,14
3408947,9.587252047150367,15
3408959,9.761473092976882,12
3408982,8.415034464225284,23
3408992,9.782765402725015,10
3409001,9.837584145854466,9
3409013,9.743524533478805,12
3409017,9.937631537938588,4
3409018,10.0,1
3409035,9.632301999108659,17
3409048,9.640176254101723,13
3409049,10.0,1
3409058,9.807825173204387,9
3409061,9.965893559900774,3
3409068,9.876221467167431,7
3409078,9.800388930047292,10
3409086,9.763174724075997,8
3409098,9.756600837009072,12
3409113,9.647068310034777,15
3409129,9.624715842633977,16
3409132,9.969767443523894,3
3409133,9.996422280256661,1
3409135,9.967679119955775,2
3409137,9.970953776137348,2
3409149,9.771371878679403,12
3409156,9.872338247382645,7
3409159,9.952668642036436,3
3409160,10.0,1
3409164,9.932832117568402,4
3409167,9.951696475428875,3
3409168,10.0,1
3409172,9.939854466625913,4
3409173,10.0,1
3409175,9.969542352459136,2
3409184,9.727844552153627,9
3409193,9.804837056078393,9
3409196,9.954502405131745,3
3409206,9.772455135211855,10
3409211,9.906955443106204,5
3409220,9.788282218815352,9
3409224,9.941364652683584,4
3409225,10.0,1
3409240,9.640012972843202,15
3409242,9.97411331688119,2
3409249,9.892823894225181,7
3409256,9.87960971437367,7
3409268,9.74229469225272,12
3409273,9.928600933616075,5
3409283,9.796963830087474,10
3409284,10.0,1
3409288,9.92373785928528,4
3409295,9.869433567453086,7
3409298,9.952402598810181,3
3409304,9.889626463493032,6
3409305,10.0,1
3409313,9.825819288672493,8
3409320,9.866908176802372,7
3409360,9.219025879925887,40
3409371,9.759251370798712,11
3409372,10.0,1
3409380,9.844327663081462,8
3409383,9.957628402569503,3
3409386,9.968317607523918,3
3409396,9.814988445076528,10
3409397,10.0,1
3409407,9.799838101693345,10
3409414,9.871590032008697,7
3409418,9.950254321855967,4
3409424,9.882082677404647,6
3409430,9.879877987080645,6
3409432,9.974351206549498,2
3409448,9.66526146125915,16
3409459,9.77179854608923,11
3409470,9.778008614843014,11
3409478,9.822517663435017,8
3409486,9.858503320345802,8
3409490,9.946389515852026,4
3409499,9.807959812901432,9
3409507,9.855216319382409,8
3409514,9.88088288333919,7
3409515,10.0,1
3409516,10.0,1
3409527,9.768947618647923,11
3409542,9.645494085966003,15
3409548,9.880490703080481,6
3409561,9.708997230395166,13
3409571,9.800241191137516,10
3409572,10.0,1
3409581,9.834961026090458,9
3409593,9.630497444372333,12
3409605,9.75756330410386,12
3409613,9.834180753798892,8
3409624,9.771972540507244,11
3409638,9.695601182042498,14
3409642,9.94342708107811,4
3409646,9.9374602919596,4
3409656,9.805100012815807,10
3409673,9.688224016644806,17
3409678,9.912617141107411,5
3409689,9.764949293475285,11
3409698,9.842185977832578,9
3409714,9.620018594411299,16
3409721,9.873362091460665,7
3409722,10.0,1
3409734,9.729481024281254,12
3409739,9.926941619560212,5
3409755,9.633243893158125,16
3409769,9.702840495393593,14
3409775,9.898547013064688,6
3409787,9.741944227416603,12
3409799,9.718278238426079,12
3409810,9.756293487375826,11
3409811,9.987821690754428,1
3409819,9.85790778626482,8
3409821,9.978071309571147,2
3409834,9.711623560980536,13
3409837,9.963112920187982,3
3409848,9.763917686352203,11
3409855,9.876843483168345,7
3409856,10.0,1
3409861,9.907421857093796,5
3409865,9.945936442335483,4
3409873,9.841904362110656,8
3409881,9.839207069912007,8
3409882,10.0,1
3409883,9.989788392572207,1
3409884,10.0,1
3409892,9.823041388089521,8
3409898,9.915275104119713,6
3409903,9.923899202206478,5
3409914,9.750847397092825,11
3409919,9.916141305300822,5
3409932,9.709071875377774,13
3409939,9.87906166359068,7
3409940,10.0,1
3409946,9.890499862109232,6
3409956,9.789125659301988,10
3409964,9.845772426924333,8
3409968,9.933179182604258,4
3409971,9.953196422801211,3
3409972,10.0,1
3409975,9.954794922492258,3
3409986,9.7455822790863,11
3409989,9.953321040156487,3
3409994,9.916375249193319,5
3410003,9.82580087630121,9
3410007,9.93442330069141,4
3410010,9.960010290543803,3
3410016,9.898685529956595,6
3410017,10.0,1
3410021,9.939121336885902,4
3410025,9.929981988718662,4
3410036,9.766670239809814,11
3410040,9.931157779695372,4
3410041,9.992972474463793,1
3410058,9.668228458444954,17
3410065,9.856157101141246,7
3410074,9.79851815451978,9
3410080,9.893024743700366,6
3410090,9.801166093099033,10
3410091,10.0,1
3410098,9.869609099832362,7
3410106,9.842611725051144,8
3410107,10.0,1
3410118,9.795997322403055,11
3410129,9.76546275761384,11
3410134,9.91977089312136,5
3410147,9.726795067556585,13
3410148,10.0,1
3410153,9.904281830938354,5
3410165,9.739835279410077,12
3410172,9.862950806264745,7
3410183,9.78871066951929,11
3410184,10.0,1
3410188,9.930271020765636,4
3410199,9.796759015712732,11
3410212,9.73094660980193,13
3410224,9.751957734734892,12
3410225,10.0,1
3410234,9.841526160525031,9
3410250,9.605283932226921,16
3410263,9.703307827957287,13
3410266,9.94834040522349,3
3410274,9.86127673426239,8
3410277,9.953058644656688,3
3410287,9.823857002928719,10
3410288,10.0,1
3410299,9.773965799594118,11
3410310,9.767539588386652,11
3410315,9.920214821831731,5
3410323,9.843932244260904,8
3410324,9.992826198066405,1
3410326,9.97074442702632,2
3410336,9.82787523216404,10
3410340,9.936340909881158,4
3410370,9.404574581091453,30
3410378,9.863239644432452,8
3410392,9.672880816487817,14
3410398,9.895255169399656,6
3410400,9.971511522359938,2
3410401,10.0,1
3410414,9.753136587913774,13
3410417,9.957146223242205,3
3410433,9.650677149793427,16
3410437,9.938679616356254,4
3410441,9.93769057582533,4
3410452,9.756117872762854,11
3410456,9.939526337196238,4
3410461,9.903764845216239,5
3410472,9.777289351562878,11
3410473,10.0,1
3410483,9.776572260127182,10
3410486,9.954814847665924,3
3410487,10.0,1
3410492,9.905436048620782,5
3410500,9.869652726219497,8
3410504,9.927057132256936,4
3410519,9.531706635574034,15
3410529,9.806222185219696,10
3410541,9.746901938717977,12
3410553,9.737689982780916,12
3410563,9.783614366461135,10
3410578,9.655428647207177,15
3410586,9.859553781737043,8
3410599,9.703164816971949,13
3410602,9.960664080617136,3
3410611,9.832253838017392,9
3410618,9.868454069831417,7
3410627,9.825225969548235,9
3410632,9.92113458197083,5
3410639,9.846619748119863,7
3410640,10.0,1
3410649,9.820317096036481,9
3410650,10.0,1
3410652,9.98327621752155,2
3410664,9.745737864712272,12
3410669,9.913647855663704,5
3410685,9.667385258554813,16
3410694,9.819668478732646,9
3410706,9.736023651027518,12
3410712,9.897056069606503,6
3410731,9.567200396135572,19
3410737,9.890296724681864,6
3410738,9.99170531560088,1
3410741,9.966880112325693,3
3410742,10.0,1
3410752,9.797925694387049,10
3410761,9.801561257305591,9
3410770,9.806349098927981,9
3410774,9.932048170799552,4
3410786,9.740329746779528,12
3410797,9.746268417812368,11
3410808,9.735620231480528,11
3410813,9.929261174990286,5
3410818,9.923130414483772,5
3410841,9.417015504762864,23
3410843,9.97490380028065,2
3410847,9.941671500814994,4
3410858,9.778142127495688,11
3410872,9.69103557583797,14
3410873,10.0,1
3410881,9.833755628692616,8
3410887,9.898693038537207,6
3410898,9.762072030711058,11
3410907,9.819095608418971,9
3410917,9.788385175731763,10
3410924,9.860284380495,7
3410931,9.873663495287452,7
3410934,9.955723583468258,3
3410942,9.85280026887217,8
3410949,9.881355642929321,7
3410964,9.667996664994051,15
3410971,9.877262034858207,7
3410977,9.879043385108941,6
3410978,9.996836269212443,1
3410983,9.92704946242561,5
3410994,9.787673484620777,11
3411001,9.892611246711102,7
3411009,9.84044426602566,8
3411022,9.701616467893727,13
3411034,9.716970820321755,12
3411041,9.85305373535796,7
3411047,9.905582356978893,6
3411061,9.72332828171401,14
3411071,9.763597419830715,10
3411078,9.851627373573907,7
3411079,9.98724443382564,1
3411090,9.758063541367843,11
3411096,9.889778697050875,6
3411111,9.696788090178012,15
3411129,9.569961804283615,18
3411137,9.86011185365379,8
3411144,9.870204326006286,7
3411155,9.802423151305483,11
3411162,9.670580778994571,7
3411172,9.786086156678735,10
3411184,9.75538200937225,12
3411190,9.8887917613414,6
3411191,10.0,1
3411199,9.836276638806867,8
3411210,9.770337792705057,11
3411211,10.0,1
3411222,9.7553675383084,11
3411240,9.627488707348387,18
3411245,9.915569315672338,5
3411256,9.773036911109342,11
3411266,9.782941263251729,10
3411269,9.964494881983578,3
3411272,9.954188541677507,3
3411282,9.801043599622895,10
3411283,9.98819533103326,1
3411290,9.872632530522651,7
3411299,9.806561834010958,9
3411307,9.851946689329026,8
3411317,9.815571138931421,10
3411322,9.929608152397792,5
3411334,9.73093621442398,12
3411342,9.640988536860693,8
3411354,9.7593668580997,12
3411360,9.896591199830002,6
3411367,9.86821683106384,7
3411374,9.876757316932624,7
3411390,9.622799242786815,16
3411403,9.711946243531266,13
3411404,10.0,1
3411410,9.899592998832992,6
3411411,9.99163167333405,1
3411412,10.0,1
3411421,9.818091107314268,9
3411428,9.874987470450206,7
3411429,10.0,1
3411438,9.816752609749082,9
3411448,9.795266327577089,10
3411463,9.653015931322447,15
3411473,9.817794949624158,10
3411480,9.876870166876238,7
3411489,9.863758330691637,9
3411498,9.805471721266938,9
3411506,9.841879190769303,8
3411512,9.89719934443186,6
3411517,9.900100088218405,5
3411530,9.713723051546799,13
3411538,9.881798590345719,8
3411539,10.0,1
3411544,9.936009408328777,5
3411545,10.0,1
3411552,9.861579901381388,7
3411558,9.891857476899238,6
3411568,9.808306673948032,10
3411583,9.672506143944915,15
3411589,9.894679689650658,6
3411601,9.72441706280187,12
3411610,9.858880861207833,9
3411621,9.73547312635208,11
3411627,9.898230132346555,6
3411628,10.0,1
3411638,9.797935542706416,10
3411651,9.704178495699788,13
3411658,9.88574090682176,7
3411660,9.98514238539719,2
3411674,9.655031141770158,14
3411675,10.0,1
3411676,10.0,1
3411679,9.945296826445732,3
3411688,9.804996166405395,9
3411694,9.895656237354814,6
3411701,9.854873435038437,7
3411712,9.681851128897135,11
3411726,9.695579616672308,14
3411732,9.892780297900318,6
3411741,9.812969384514734,9
3411743,9.984407976859282,2
3411762,9.535102171140844,19
3411779,9.650801316444912,17
3411792,9.703886280106937,13
3411799,9.851401238312501,7
3411806,9.879715501034571,7
3411818,9.756462299969693,12
3411822,9.944432184484238,4
3411841,9.556932724186524,19
3411848,9.856624415167902,7
3411862,9.714039967013258,14
3411878,9.695585011378917,16
3411888,9.7892496100577,10
3411896,9.843779222240473,8
3411908,9.734054399875903,12
3411920,9.713741889483199,12
3411933,9.718988878506197,13
3411948,9.689034831134302,15
3411957,9.805611166887422,9
3411966,9.808060361203358,9
3411975,9.825335310198842,9
3411982,9.852321423487293,7
3411986,9.934724494059703,4
3411999,9.699358311462218,13
3412012,9.748810043430653,13
3412018,9.908272191907196,6
3412031,9.702000332426639,13
3412038,9.862181776547782,7
3412048,9.812193401512747,10
3412054,9.895989552643853,6
3412066,9.74411561703688,12
3412070,9.950644758503916,4
3412075,9.90762676737014,5
3412076,10.0,1
3412086,9.802972106966918,10
3412098,9.7451987341355,12
3412100,9.86949382892115,2
3412109,9.825445659759362,9
3412121,9.759336050502597,12
3412124,9.952131955696307,3
3412132,9.843029363021998,8
3412139,9.862617018463581,7
3412146,9.8570267544602,7
3412150,9.939551829216482,4
3412163,9.62329720003839,13
3412175,9.734959904032193,12
3412183,9.85173442187256,8
3412199,9.67368002909152,16
3412204,9.92384074667824,5
3412207,9.962516357490632,3
3412218,9.725390200065105,11
3412233,9.645244085298941,15
3412237,9.94010383463365,4
3412244,9.872646220446553,7
3412252,9.847631556943751,8
3412263,9.808612407107526,11
3412276,9.77911471604561,13
3412289,9.731621069157598,13
3412296,9.869593665323249,7
3412308,9.735047388666098,12
3412319,9.739909982139919,11
3412320,10.0,1
3412327,9.856504596611511,7
3412334,9.863257783696481,7
3412345,9.763186192865373,11
3412346,10.0,1
3412349,9.96092559039532,3
3412355,9.893389058778176,6
3412356,10.0,1
3412364,9.864640379145017,8
3412373,9.853828743179335,9
3412379,9.894024818049289,6
3412385,9.904972704513645,6
3412393,9.835623562407175,8
3412394,10.0,1
3412399,9.915515259788805,5
3412409,9.785914101563517,10
3412424,9.654116903629523,15
3412446,9.435124592208133,22
3412450,9.927549122806793,4
3412459,9.812203598924503,9
3412469,9.834309910063949,10
3412478,9.814063691697255,9
3412486,9.843022145000786,8
3412499,9.721644629758229,13
3412512,9.729893334369127,13
3412519,9.856712615565867,7
3412529,9.775141943875724,10
3412539,9.795114667333978,10
3412545,9.886105631567588,6
3412554,9.84002983999609,9
3412566,9.722872155408721,12
3412574,9.824182679272363,8
3412588,9.701284631961974,14
3412591,9.950840769331636,3
3412605,9.695029176395947,14
3412617,9.747072156206313,12
3412630,9.719963862381809,13
3412633,9.954883745868626,3
3412644,9.739591713064444,11
3412645,10.0,1
3412652,9.793160718426135,7
3412658,9.871965225310388,6
3412672,9.716466500561607,14
3412678,9.891417661698759,6
3412693,9.694064630178023,15
3412703,9.815315585312561,10
3412711,9.840776550256903,8
3412725,9.661608445508724,14
3412736,9.759649590434519,11
3412737,10.0,1
3412746,9.82413661609281,9
3412752,9.891965426443706,6
3412754,9.97278018516299,2
3412769,9.66240102770314,15
3412779,9.788093224311776,10
3412785,9.883979236062533,6
3412793,9.847342459934037,8
3412802,9.825075406634348,9
3412814,9.763761936770123,12
3412828,9.735341522900963,14
3412839,9.780638842072202,11
3412842,9.961179584127192,3
3412851,9.824310159153823,9
3412863,9.737658934728922,12
3412872,9.833040152668405,9
3412878,9.895702787368537,6
3412888,9.769098291931869,10
3412889,9.996146842378739,1
3412898,9.821986121415813,9
3412916,9.67063886200397,18
3412933,9.639248965691275,17
3412947,9.710689143151054,14
3412950,9.967163916152908,3
3412958,9.876834912014347,8
3412965,9.88870390330573,7
3412966,10.0,1
3412973,9.867720505976022,7
3412985,9.72649460455001,12
3412997,9.755819382422471,12
3413006,9.822014655371717,9
3413015,9.813894888617485,9
3413023,9.84373780324544,8
3413032,9.819867710458304,9
3413041,9.838458959668877,9
3413052,9.775529240821028,11
3413069,9.643508870001682,17
3413084,9.628987555276057,15
3413095,9.795980804086629,11
3413096,10.0,1
3413102,9.894387599835987,6
3413103,10.0,1
3413116,9.72633644566097,13
3413119,9.957986101569801,3
3413124,9.912989086628095,5
3413130,9.890069392363898,6
3413144,9.687172234314323,14
3413153,9.809042359755201,9
3413162,9.802897552602523,9
3413169,9.863378810681109,7
3413181,9.741107401212105,12
3413188,9.86648069044444,7
3413193,9.897530500371733,5
3413200,9.855247720028679,7
3413215,9.639946657399495,15
3413218,9.945949401707697,3
3413228,9.783825537936249,10
3413233,9.912361412560257,5
3413239,9.900550704812558,6
3413246,9.884005074508345,7
3413257,9.782624924388527,11
3413264,9.845599818215423,7
3413272,9.839984530054052,8
3413290,9.601133310462458,18
3413293,9.967336214483435,3
3413305,9.73247486262214,12
3413315,9.772470261486202,10
3413323,9.86961610927728,8
3413330,9.878268797688394,7
3413345,9.721099373452295,15
3413355,9.786701920740486,10
3413366,9.786950013361578,11
3413368,9.983106734081957,2
3413376,9.847104140655137,8
3413378,9.982516334025982,2
3413383,9.913936402822426,5
3413388,9.92784986171778,5
3413392,9.940061666512454,4
3413393,10.0,1
3413407,9.682962107542004,14
3413415,9.836685007610184,8
3413426,9.758923291244804,11
3413431,9.924263986010622,5
3413432,10.0,1
3413438,9.885486460647238,6
3413444,9.924970832052312,6
3413451,9.866403606190799,7
3413458,9.863485821102351,7
3413469,9.782556253761424,11
3413489,9.564359377467705,20
3413504,9.71055387941963,15
3413509,9.909962917116655,5
3413510,10.0,1
3413520,9.822484308069157,10
3413521,10.0,1
3413530,9.812143310067867,9
3413541,9.777437404579453,11
3413551,9.798914376635764,10
3413553,9.986346731266396,2
3413559,9.895581691299375,6
3413568,9.785718963869137,9
3413574,9.902136792179405,6
3413577,9.960333879420364,3
3413586,9.788200282335325,9
3413593,9.863642272682062,7
3413604,9.769312971377632,11
3413608,9.941984094595362,4
3413609,10.0,1
3413618,9.805856759265058,9
3413624,9.89392716793108,6
3413630,9.910462575397682,6
3413644,9.701979636251135,14
3413650,9.90302049460065,6
3413651,9.992079664544775,1
3413664,9.756039651669616,13
3413669,9.901007937011329,5
3413670,9.989022850514656,1
3413683,9.7360793394447,13
3413688,9.928783501290672,5
3413697,9.812454711907172,9
3413716,9.576533826663285,19
3413723,9.866687752657,7
3413731,9.849409884433413,8
3413733,9.971882230432842,2
3413740,9.877867451902947,7
3413742,9.983613423519882,2
3413753,9.741688119887385,11
3413764,9.779351400304542,11
3413774,9.778072531721895,10
3413775,9.99596661525181,1
3413776,9.986559808507714,1
3413784,9.85183856485885,8
3413792,9.840496917255441,8
3413802,9.77405674075799,10
3413803,9.992853383865498,1
3413804,10.0,1
3413810,9.887830753896033,6
3413819,9.808668943155995,9
3413825,9.90158679895588,6
3413832,9.855969375865332,7
3413834,9.97888894676568,2
3413837,9.949903465044557,3
3413852,9.376198610516644,15
3413860,9.863097412042956,8
3413872,9.742424104929471,12
3413890,9.575682057039334,18
3413903,9.7039261812658,13
3413912,9.811526611583199,9
3413926,9.707399512980652,14
3413946,9.569556033944796,20
3413952,9.909196263615712,6
3413961,9.825669820331294,9
3413968,9.858186912223049,7
3413975,9.875271035004804,7
3413980,9.927349916020079,5
3413991,9.75299100755322,11
3414015,9.198074244847453,24
3414028,9.719442218254724,13
3414057,9.294229476665434,29
3414070,9.638591234981522,13
3414083,9.709158315982101,13
3414097,9.704308636488905,14
3414099,9.973106839152857,2
3414114,9.61658078992519,15
3414123,9.823855941462497,9
3414138,9.648012733723544,15
3414148,9.799794887914764,10
3414157,9.816770311064584,9
3414164,9.852491329783668,7
3414165,10.0,1
3414167,9.983692279803158,2
3414174,9.76253303315393,7
3414189,9.705340581777742,15
3414194,9.930285426165963,5
3414199,9.932114182257171,5
3414205,9.881973062393357,6
3414211,9.884402592333446,6
3414216,9.919686360365477,5
3414219,9.966321930715315,3
3414220,9.989437281074535,1
3414228,9.846339960793935,8
3414229,10.0,1
3414236,9.763040853790354,7
3414239,9.956573265824554,3
3414245,9.890619085148318,6
3414254,9.814741390441643,9
3414267,9.467507544282933,13
3414273,9.910035140900055,6
3414285,9.70457404522021,12
3414286,10.0,1
3414287,10.0,1
3414290,9.948473074113862,3
3414291,10.0,1
3414298,9.871290797605864,7
3414313,9.672927395071898,15
3414324,9.74745687804009,11
3414333,9.821561817670851,9
3414341,9.823086981181138,8
3414342,10.0,1
3414352,9.798206368665591,10
3414359,9.767406501366043,7
3414375,9.612350101790858,16
3414388,9.747393078713257,13
3414391,9.94778916685583,3
3414404,9.734307901512716,13
3414410,9.893927564588735,6
3414411,9.99253292774185,1
3414421,9.801954520640463,10
3414432,9.760531838500528,11
3414445,9.697158772388889,13
3414459,9.66762457054302,14
3414467,9.839691510845801,8
3414475,9.852999340258876,8
3414487,9.774126003182772,12
3414499,9.754222800603905,12
3414510,9.812765592295756,11
3414520,9.803583384435559,10
3414539,9.569654893022335,19
3414545,9.895774394680677,6
3414557,9.744410911265648,12
3414566,9.812179098121272,9
3414575,9.81636966737707,9
3414586,9.807477604912096,11
3414598,9.72613798517725,12
3414608,9.795520033137134,10
3414621,9.734771088971634,13
3414633,9.721452506769896,12
3414634,10.0,1
3414646,9.748718423960089,12
3414647,10.0,1
3414666,9.333931162015187,19
3414678,9.735810540486385,12
3414690,9.742770812231006,12
3414699,9.805133936993013,9
3414702,9.94989429568048,3
3414707,9.916400998748323,5
3414712,9.933452839492796,5
3414720,9.82905288650474,8
3414738,9.603632196496246,18
3414739,10.0,1
3414754,9.680842160749336,15
3414770,9.524907391249279,16
3414783,9.70224170504136,13
3414784,10.0,1
3414797,9.734414112685565,13
3414807,9.786303321980846,10
3414814,9.850605654784669,7
3414827,9.7195941521413,13
3414841,9.67160759172068,14
3414856,9.668908390522002,15
3414866,9.822356947317026,10
3414875,9.828758857767651,9
3414885,9.784967883914518,10
3414896,9.766469603188337,11
3414901,9.9258609962877,5
3414910,9.818638218948497,9
3414914,9.940376446962695,4
3414928,9.683743460493321,14
3414937,9.818303868595425,9
3414946,9.850225691862414,9
3414955,9.813244772524,9
3414962,9.870582224505695,7
3414974,9.765200124213719,12
3414978,9.939784999918572,4
3414983,9.9180441389571,5
3414989,9.897041954165719,6
3414994,9.900339822623206,5
3414996,9.978163422925725,2
3415003,9.91031943187321,7
3415025,9.51292283638204,22
3415040,9.563198978199509,15
3415048,9.857132298726876,8
3415057,9.844425821212294,9
3415072,9.693095565421707,15
3415089,9.662092871944424,17
3415095,9.90540612906186,6
3415112,9.571213228257097,17
3415120,9.826775754048715,8
3415127,9.86823557325554,7
3415136,9.81619492483392,9
3415158,9.609387108208445,22
3415165,9.883983343177716,7
3415168,9.970652251338036,3
3415172,9.930924845712283,4
3415179,9.86049477560106,7
3415201,8.377187480188589,22
3415215,9.37730907093438,14
3415216,10.0,1
3415223,9.86066286974612,7
3415229,9.891266635393631,6
3415238,9.819285605848451,9
3415247,9.83075176525324,9
3415261,9.38552291697844,14
3415270,9.83505110539473,9
3415274,9.933551422713043,4
3415283,9.80204606388868,9
3415284,10.0,1
3415294,9.811638291025464,10
3415306,9.730377323384916,12
3415307,10.0,1
3415317,9.787626576077198,10
3415330,9.697148354858472,13
3415338,9.85643830512486,8
3415346,9.835047950820668,8
3415355,9.806901474295671,9
3415362,9.880922128944201,7
3415371,9.816058001017504,9
3415372,10.0,1
3415379,9.864255123110327,7
3415391,9.759056445712428,12
3415396,9.931722245744735,5
3415401,9.918656781586616,5
3415417,9.651034694673333,16
3415434,9.593385592079283,17
3415450,9.63136885317614,16
3415454,9.927673348759823,4
3415466,9.76819171365885,12
3415475,9.841339158759645,9
3415489,9.71752217331044,14
3415494,9.919810931473382,5
3415498,9.931383752789424,4
3415509,9.77713388143216,11
3415521,9.781893058662986,12
3415528,9.867890345707153,7
3415537,9.810499148539023,9
3415538,10.0,1
3415547,9.830359911950906,9
3415556,9.838591903558392,9
3415570,9.6868054893971,14
3415585,9.66249630342484,15
3415593,9.825422536160541,8
3415597,9.943258880360924,4
3415611,9.717770491812262,14
3415620,9.814555056630587,9
3415630,9.774101746398056,10
3415631,10.0,1
3415644,9.725761218560251,13
3415655,9.770842029092483,11
3415663,9.837614924190287,8
3415682,9.530886201277141,19
3415691,9.832015407451033,9
3415701,9.805395733799287,10
3415707,9.88223318349693,6
3415716,9.846777731878069,9
3415726,9.773075317683952,10
3415736,9.799390539303822,10
3415742,9.79313723807523,6
3415746,9.944959064345802,4
3415754,9.839826805671745,8
3415755,10.0,1
3415758,9.95210193982726,3
3415770,9.726853886471702,12
3415782,9.785171807768362,12
3415785,9.961306383678089,3
3415799,9.629499712311926,14
3415812,9.694535275133036,13
3415820,9.816118531584806,8
3415821,9.992471253125611,1
3415826,9.931543691116346,5
3415840,9.668102805513051,14
3415854,9.705079032205504,14
3415866,9.746318226834113,12
3415869,9.96679738639379,3
3415874,9.914593913954354,5
3415875,10.0,1
3415882,9.872768310727537,7
3415883,10.0,1
3415889,9.89397367921334,6
3415896,9.863848871707312,7
3415899,9.955325421629153,3
3415900,9.986564186617777,1
3415901,10.0,1
3415916,9.66711640413142,15
3415937,9.53558876830689,21
3415938,9.98837904325521,1
3415952,9.473878432948467,14
3415956,9.938605653093644,4
3415965,9.817596806496121,9
3415977,9.719682073476225,12
3415988,9.65102610026073,11
3415989,10.0,1
3415997,9.820250197011594,8
3416003,9.913235940832076,6
3416020,9.598226244121657,17
3416027,9.88224098417101,7
3416036,9.833660584821347,9
3416037,10.0,1
3416040,9.951141251159983,3
3416049,9.845474566442828,9
3416060,9.785777265826711,11
3416063,9.96086307933999,3
3416069,9.898761353799708,6
3416078,9.828066436743557,9
3416089,9.784438417050826,11
3416094,9.910679035971198,5
3416102,9.843636283713108,8
3416118,9.608121038470895,16
3416123,9.928465597966106,5
3416125,9.771841202889059,2
3416138,9.715853229105011,13
3416154,9.701292496946646,16
3416164,9.77123530335332,10
3416167,9.965263286858596,3
3416181,9.69140145909678,14
3416185,9.84721710841622,4
3416191,9.882547477699283,6
3416194,9.963728687547704,3
3416202,9.832582648454217,8
3416212,9.818650989851047,10
3416218,9.909198350522468,6
3416227,9.82389295296027,9
3416234,9.885707967908068,7
3416238,9.936906867426075,4
3416243,9.837090826589503,5
3416256,9.724071799696627,13
3416269,9.708054113169348,13
3416283,9.67855074026076,14
3416296,9.724056835364703,13
3416304,9.815394729757696,8
3416309,9.92292816669296,5
3416322,9.706615565590845,13
3416335,9.702429169068722,13
3416349,9.7150026842242,14
3416354,9.917503471985128,5
3416363,9.810451330472308,9
3416375,9.754411458916355,12
3416388,9.720871988957374,13
3416393,9.917334370595945,5
3416403,9.788306268070968,10
3416410,9.861304156657047,7
3416416,9.888566952703178,6
3416417,10.0,1
3416422,9.937206158317268,5
3416429,9.863427103663996,7
3416448,9.507734394321824,19
3416457,9.817448446124965,9
3416466,9.829638546895437,9
3416472,9.893558987458254,6
3416482,9.792707495403517,10
3416486,9.943740201633513,4
3416496,9.559376773498764,10
3416507,9.764779269074738,11
3416514,9.876249749385135,7
3416528,9.656353564452898,14
3416534,9.902657930717668,6
3416535,10.0,1
3416547,9.764230246683137,12
3416559,9.746912842530678,12
3416576,9.26834243361311,17
3416580,9.937243766643885,4
3416585,9.912282808100876,5
3416593,9.869096769165747,8
3416596,9.959075872536722,3
3416597,10.0,1
3416611,9.67146553833926,14
3416626,9.648950080627532,15
3416643,9.432310678200965,17
3416655,9.656032528537304,12
3416663,9.854888297052526,8
3416670,9.756051557741104,7
3416677,9.768219210507556,7
3416680,9.960771581876102,3
3416691,9.76206536793017,11
3416706,9.667706700633618,15
3416710,9.950925759191325,4
3416722,9.71551650270971,12
3416727,9.910938060858301,5
3416747,9.498981275673856,20
3416761,9.70603350577059,14
3416772,9.789116754022531,11
3416799,9.314557386658903,27
3416803,9.933609586561062,4
3416811,9.836709694134253,8
3416812,10.0,1
3416827,9.618276250132261,15
3416841,9.70426154013296,14
3416844,9.951209545776388,3
3416857,9.681995330421579,13
3416858,10.0,1
3416861,9.964927149980792,3
3416871,9.84350279965833,10
3416883,9.740597849430296,12
3416892,9.843238472164806,9
3416900,9.842630652357736,8
3416912,9.778342493126004,12
3416919,9.885194792827583,7
3416929,9.81461871302985,10
3416935,9.903976704438454,6
3416945,9.836291785848704,10
3416948,9.95867290435685,3
3416962,9.702418990511827,14
3416969,9.869423418398052,7
3416977,9.884031925236547,8
3416987,9.815070690975329,10
3416993,9.892757817864258,6
3416998,9.922403711616372,5
3417011,9.706380767927344,13
3417012,10.0,1
3417015,9.954842676381093,3
3417031,9.668711464572832,16
3417046,9.640888593536403,15
3417054,9.81951723428973,8
3417055,10.0,1
3417064,9.818167912781966,9
3417073,9.837297813725415,9
3417075,9.984579426410171,2
3417090,9.721271999165884,15
3417102,9.744472443645577,12
3417113,9.643177838445581,11
3417122,9.83730989003681,9
3417130,9.859269779124595,8
3417139,9.721556266807251,9
3417146,9.865571433038658,7
3417153,9.881407007208102,7
3417159,9.922450041785732,6
3417169,9.77875489615658,10
3417183,9.700452106531566,14
3417193,9.772501931299303,10
3417203,9.783429444920444,10
3417207,9.942026782914482,4
3417208,9.991787364879896,1
3417209,10.0,1
3417215,9.893801358527254,6
3417223,9.83456360857757,8
3417227,9.94141670056554,4
3417239,9.75023469281424,12
3417244,9.91236816656748,5
3417245,10.0,1
3417258,9.707734746440126,13
3417269,9.760763499620094,11
3417272,9.953639408277281,3
3417284,9.758495955791483,12
3417292,9.832354421962165,8
3417299,9.86239852629798,7
3417305,9.873643007487019,6
3417307,9.981366883804379,2
3417308,10.0,1
3417312,9.932724510079622,4
3417325,9.698356475018404,13
3417337,9.730895568872267,12
3417344,9.875355276928941,7
3417351,9.88276445088398,7
3417360,9.82786907356992,9
3417361,10.0,1
3417365,9.937107873770232,4
3417366,10.0,1
3417374,9.732932635636644,8
3417383,9.810454408743725,9
3417392,9.826978118790437,9
3417402,9.776888169231462,10
3417414,9.751208477417428,12
3417433,9.364929375868142,19
3417434,10.0,1
3417448,9.69209143782888,14
3417458,9.840022145499256,10
3417464,9.869751947192054,6
3417474,9.778760474915728,10
3417475,9.996113654899792,1
3417476,10.0,1
3417492,9.63677904497044,16
3417493,10.0,1
3417500,9.863587960304676,7
3417509,9.79899402237737,9
3417515,9.904485342175066,6
3417520,9.919363359420785,5
3417521,10.0,1
3417530,9.84534240329387,9
3417540,9.796217390739288,10
3417555,9.723496195874851,15
3417556,10.0,1
3417561,9.909932692565924,5
3417567,9.892454227240204,6
3417575,9.845072873020811,8
3417585,9.76145461588707,10
3417590,9.912256825057616,5
3417597,9.876790554955846,7
3417601,9.936163322907651,4
3417609,9.84746193621554,8
3417617,9.82563364619093,8
3417618,10.0,1
3417622,9.945094667037917,4
3417634,9.730519825823693,12
3417640,9.892680253407507,6
3417653,9.66628912843606,13
3417660,9.89347128470219,7
3417674,9.679864482813061,14
3417685,9.745550620215585,11
3417700,9.64901917167836,15
3417707,9.872481792877547,7
3417723,9.664524925681752,16
3417734,9.764729724731415,11
3417740,9.881955805543615,6
3417748,9.87862795720845,8
3417760,9.736032757502429,12
3417771,9.738563374165711,11
3417777,9.877870132511905,6
3417783,9.90292112310563,6
3417786,9.945605128275357,3
3417792,9.889356360462651,6
3417808,9.633938371135176,16
3417819,9.734268781636818,11
3417833,9.680988227347717,14
3417841,9.856339803312178,8
3417848,9.864829101504023,7
3417853,9.93229914751493,5
3417859,9.887243543967717,6
3417871,9.746171953736443,12
3417887,9.43483011626853,16
3417894,9.885357605596868,7
3417907,9.719107104830577,13
3417915,9.861463200210949,8
3417931,9.634557784046747,16
3417939,9.832019384817372,8
3417958,9.588259630170347,19
3417966,9.834749298128918,8
3417976,9.812979842015087,10
3417982,9.89506638092834,6
3417984,9.975522528611735,2
3417992,9.828476943937721,8
3417993,10.0,1
3418002,9.82016978787993,9
3418018,9.665348929491923,16
3418025,9.876981560289776,7
3418036,9.7748371984065,11
3418049,9.702012768432692,13
3418060,9.7710177631738,11
3418068,9.83173418795502,8
3418083,9.65270804471225,15
3418097,9.6959319726247,14
3418111,9.718108343665708,14
3418112,9.993322356223441,1
3418120,9.85413640819154,8
3418127,9.892303679992722,7
3418148,9.478218905150037,21
3418149,10.0,1
3418168,9.614511527255404,19
3418182,9.72547678908819,14
3418193,9.789360393749488,11
3418203,9.713895422478366,10
3418212,9.802721806396294,9
3418213,9.987911711473027,1
3418221,9.860826965487547,8
3418229,9.850769225423504,8
3418230,10.0,1
3418234,9.936742830486939,4
3418246,9.753429031114274,12
3418249,9.962652322515396,3
3418267,9.603465962683106,18
3418277,9.785707600872287,10
3418288,9.779731876966428,11
3418298,9.801160815331425,10
3418308,9.783987322742778,10
3418323,9.66889590562297,15
3418324,10.0,1
3418327,9.963624479234939,3
3418328,10.0,1
3418337,9.85825107784027,9
3418344,9.856404734248644,7
3418357,9.705126074659644,13
3418364,9.86682748490762,7
3418370,9.902379077117597,6
3418380,9.80077140782829,10
3418389,9.834553914939345,9
3418396,9.898420270124541,7
3418415,9.636231165327374,19
3418422,9.870759003244556,7
3418423,10.0,1
3418433,9.806270602013537,10
3418436,9.947900086126996,3
3418447,9.774163872879688,11
3418453,9.888863603309053,6
3418465,9.710176593529361,12
3418477,9.748458637437022,12
3418478,10.0,1
3418479,10.0,1
3418480,10.0,1
3418481,10.0,1
3418493,9.74969511761267,12
3418503,9.791348641730579,10
3418520,9.645619581567836,17
3418527,9.88063675899934,7
3418529,9.98473974950657,2
3418537,9.854549051556292,8
3418538,10.0,1
3418549,9.789022475067949,11
3418559,9.796968904123993,10
3418566,9.870235251225093,7
3418573,9.84967676541191,7
3418575,9.97857760414419,2
3418576,9.992896488925727,1
3418577,10.0,1
3418583,9.905679693355077,6
3418589,9.901611756922236,6
3418595,9.902788353786898,6
3418596,10.0,1
3418597,10.0,1
3418618,9.562305061569212,21
3418631,9.68138914421321,13
3418632,9.987660647335332,1
3418648,9.620602657808341,16
3418655,9.850552289883426,7
3418670,9.63347692804129,15
3418676,9.891581016085329,6
3418690,9.695778793170678,14
3418699,9.828173808483173,9
3418704,9.921938845669667,5
3418714,9.786261916023351,10
3418720,9.905409910276616,6
3418731,9.752376558835289,11
3418745,9.660530204410668,14
3418756,9.74949167695449,11
3418764,9.859240948879767,8
3418771,9.879420548233368,7
3418777,9.893096929068337,6
3418781,9.938558521652036,4
3418789,9.859554178322538,8
3418795,9.888395197978681,6
3418813,9.627896008421704,18
3418818,9.927841452730798,5
3418819,9.996737772423334,1
3418830,9.789128254114296,11
3418838,9.852030585959149,8
3418842,9.92697529781476,4
3418854,9.344440314765432,12
3418866,9.723616437125422,12
3418877,9.556808849942135,11
3418886,9.814069640857971,9
3418900,9.7218807057008,14
3418905,9.917754258868067,5
3418915,9.795577216052397,10
3418916,9.98965419496823,1
3418931,9.666815177894813,15
3418938,9.869220615075934,7
3418947,9.791474631400998,9
3418963,9.669568625853303,16
3418966,9.971346724624617,3
3418974,9.869037433055341,8
3418987,9.710172840846916,13
3418997,9.792554090525822,10
3419008,9.714959227426275,11
3419012,9.932648329494684,4
3419023,9.757418310405344,11
3419038,9.68961315047344,15
3419049,9.781900738979916,11
3419050,10.0,1
3419060,9.819985753530622,10
3419072,9.717767937313859,12
3419079,9.868768359156878,7
3419082,9.955562557260272,3
3419090,9.624704280231276,8
3419103,9.664492922821408,13
3419104,9.992618954936914,1
3419112,9.847815982571866,8
3419121,9.820338660105953,9
3419122,10.0,1
3419131,9.835947484961961,9
3419132,10.0,1
3419135,9.958069446344371,3
3419136,10.0,1
3419139,9.959729820517095,3
3419140,9.996312432226372,1
3419148,9.867624737166977,8
3419155,9.860584818889238,7
3419158,9.966443397862427,3
3419169,9.763153590496827,11
3419178,9.802168805576917,9
3419182,9.958531443238384,4
3419187,9.93639298151295,5
3419199,9.758403087539838,12
3419206,9.87428205792562,7
3419207,10.0,1
3419214,9.872785601031827,7
3419225,9.76640106520076,11
3419237,9.752088326084529,12
3419248,9.813231922886557,11
3419252,9.943032957571939,4
3419255,9.872561211352027,3
3419259,9.937865182099427,4
3419272,9.688249835042507,13
3419275,9.965742244735443,3
3419283,9.860754976129149,8
3419297,9.691029015175875,14
3419311,9.669678964497326,14
3419326,9.738999530636193,15
3419332,9.906429640590186,6
3419339,9.887169912400442,7
3419340,10.0,1
3419349,9.808385590512087,9
3419364,9.669144157778357,15
3419373,9.81453478411695,9
3419389,9.616091407807787,16
3419402,9.707260028558874,13
3419415,9.722827588648295,13
3419426,9.77635158927784,11
3419433,9.880124906168968,7
3419439,9.898782922070808,6
3419448,9.847867644535839,9
3419460,9.740945630800836,12
3419466,9.886719847897144,6
3419480,9.7350351777419,14
3419490,9.801219190695457,10
3419495,9.921415759149141,5
3419506,9.763391776534723,11
3419507,10.0,1
3419513,9.887873528930324,6
3419521,9.83593901000286,8
3419530,9.821544972179932,9
3419540,9.780427466186087,10
3419553,9.721054271623064,13
3419565,9.751452380325503,12
3419575,9.800806430392365,10
3419583,9.846149826846554,8
3419589,9.916983990733097,6
3419600,9.775174715769278,11
3419608,9.877730143937276,8
3419614,9.895214022825263,6
3419626,9.745903271493631,12
3419631,9.92237440060472,5
3419641,9.797674592665253,10
3419656,9.64824038475915,15
3419667,9.767970077222799,11
3419675,9.853486474389056,8
3419683,9.87503667553491,8
3419690,9.865617946557315,7
3419697,9.885192257486436,7
3419703,9.91598349669906,6
3419714,9.769098144900278,11
3419728,9.683281457128722,14
3419736,9.830861399274339,8
3419830,-22.90402864552499,94
3419848,9.570950200758455,18
3419856,9.843046772777889,8
3419876,8.385987439376295,20
3419889,9.716266262120762,13
3419898,9.805641009599999,9
3419906,9.843051086920429,8
3419919,9.723191645206127,13
3419928,9.817776787288787,9
3419937,9.815963337763712,9
3419945,9.846520342227528,8
3419953,9.832318536525628,8
3419956,9.969005971137051,3
3419966,9.784922294453574,10
3419976,9.820764134243195,10
3419984,9.843585482252344,8
3419985,9.996841978971462,1
3419992,9.904447643141157,7
3419993,10.0,1
3420002,9.82106861921067,9
3420006,9.942514443755085,4
3420017,9.782286548620814,11
3420029,9.73062579725746,12
3420046,9.509751879229915,17
3420058,9.755002368696744,12
3420063,9.894526693084348,5
3420072,9.71083475193669,9
3420079,9.883635549979768,7
3420088,9.808831053431621,9
3420096,9.831544117658156,8
3420097,10.0,1
3420105,9.844778874417422,8
3420113,9.854525801778658,8
3420119,9.897973562218699,6
3420121,9.971852331219605,2
3420130,9.832870349110044,9
3420142,9.725978040098669,12
3420153,9.780555574660086,11
3420169,9.661237631799434,16
3420181,9.750672003905255,12
3420192,9.764900646546783,11
3420193,9.992957731051536,1
3420199,9.883609031064296,6
3420204,9.918069554880907,5
3420205,10.0,1
3420210,9.926290168899786,5
3420217,9.860039286001896,7
3420229,9.733792161882755,12
3420241,9.735382170706634,12
3420243,9.984980083932514,2
3420255,9.760599746664704,12
3420265,9.787619292893414,10
3420269,9.94683102597086,4
3420278,9.830059460467323,9
3420289,9.778799442971671,11
3420299,9.790353715699474,10
3420300,10.0,1
3420305,9.926246189918698,5
3420314,9.800777826390277,9
3420319,9.908113409253096,5
3420334,9.652232557300655,15
3420346,9.765430820626607,12
3420358,9.714664607075784,12
3420359,10.0,1
3420370,9.765095310335829,11
3420381,9.773140258460227,11
3420394,9.712188837807963,13
3420402,9.861620405868035,8
3420414,9.746398922733027,12
3420415,10.0,1
3420418,9.863380768031284,3
3420430,9.724793086503993,12
3420438,9.845796294582593,8
3420446,9.840873349469176,8
3420456,9.788193799256314,10
3420467,9.767802527752622,11
3420473,9.889580908318576,6
3420488,9.595486850256417,15
3420502,9.415604317797651,14
3420503,10.0,1
3420519,9.637654725447865,16
3420531,9.753871562435068,12
3420540,9.806532975811256,9
3420545,9.934487398352767,5
3420559,9.699334416426602,14
3420571,9.74858772869195,12
3420582,9.759017464224291,11
3420593,9.749102715265098,11
3420609,9.642149664315962,16
3420617,9.826072498744606,8
3420629,9.769140097997328,12
3420630,9.988550663217927,1
3420631,10.0,1
3420648,9.627589161413372,17
3420650,9.975992882538696,2
3420657,9.875737954430729,7
3420666,9.820101670779485,9
3420675,9.82616719682962,9
3420683,9.846538749127788,8
3420690,9.86101061209351,7
3420701,9.74548105527864,11
3420713,9.728033345452534,12
3420724,9.752734676658845,11
3420735,9.740759484775037,11
3420749,9.489833583468517,14
3420755,9.901085063342611,6
3420762,9.881679744513798,7
3420764,9.972509250220824,2
3420768,9.934710876801676,4
3420776,9.867457658886499,8
3420777,9.988838546250628,1
3420784,9.908476770986345,7
3420787,9.964558441734535,3
3420795,9.823066496648122,8
3420804,9.810947978872882,9
3420813,9.80633510797397,9
3420824,9.746514840657332,11
3420831,9.878299311904927,7
3420844,9.694155320218414,13
3420857,9.720769236603623,13
3420865,9.839000432637778,8
3420870,9.931514902048635,5
3420878,9.847537098001688,8
3420880,9.983388826680784,2
3420889,9.818871651581516,9
3420904,9.679412348371415,15
3420925,9.296725615004748,21
3420931,9.882942078172753,6
3420937,9.902595482502328,6
3420947,9.78650829771322,10
3420957,9.813887664549856,10
3420961,9.949794420077874,4
3420976,9.64510002134603,15
3420985,9.817687257505865,9
3420991,9.88650269989423,6
3421006,9.672115533424217,15
3421016,9.798371947833312,10
3421022,9.904739961797942,6
3421033,9.751745769222474,11
3421037,9.945222386041157,4
3421044,9.781931824343292,7
3421051,9.885070814888685,7
3421056,9.912776571393035,5
3421063,9.884215481859377,7
3421070,9.847998762858325,7
3421079,9.845635274209977,9
3421088,9.716930058379234,9
3421097,9.825566948236064,9
3421102,9.927999770803883,5
3421111,9.825944000830564,9
3421115,9.929727615186975,4
3421116,10.0,1
3421121,9.922696857541903,5
3421141,9.508325599247463,20
3421146,9.91979329554852,5
3421147,10.0,1
3421156,9.827666772929971,9
3421167,9.776553389106187,11
3421175,9.848840978445235,8
3421186,9.634403042358883,11
3421191,9.9211220072069,5
3421198,9.866038920775123,7
3421202,9.93210801624663,4
3421203,10.0,1
3421204,10.0,1
3421216,9.722069672794085,12
3421229,9.721519951269878,13
3421236,9.745641046675715,7
3421244,9.834886774195487,8
3421254,9.791231627966756,10
3421261,9.872461484588452,7
3421268,9.865543855199176,7
3421275,9.872223870912865,7
3421283,9.845036824858607,8
3421291,9.87529232529206,8
3421301,9.775228703793097,10
3421310,9.836206115823002,9
3421319,9.814534148709246,9
3421329,9.79332011307137,10
3421341,9.537601561609627,12
3421348,9.871003585315034,7
3421352,9.943885615059708,4
3421359,9.860839876717293,7
3421370,9.747178642955957,11
3421386,9.615636026192071,16
3421401,9.70042541032007,15
3421411,9.79754241145334,10
3421420,9.8414484902802,9
3421427,9.857928868615426,7
3421435,9.880237438167992,8
3421447,9.726414005736729,12
3421460,9.713840702564012,13
3421471,9.800487778308616,11
3421486,9.675308912073255,15
3421490,9.934866213252612,4
3421491,10.0,1
3421498,9.858451637670685,7
3421506,9.83148456782254,8
3421527,9.046993955077308,21
3421548,9.53460043464903,21
3421558,9.790886008181312,10
3421566,9.842197721752118,8
3421570,9.935752406539233,4
3421574,9.927936174938147,4
3421577,9.95147134495995,3
3421578,9.987404265946838,1
3421583,9.91409398181631,5
3421598,9.629588461643529,15
3421604,9.894143503225692,6
3421615,9.762892450375972,11
3421627,9.752949984837365,12
3421638,9.762110802285623,11
3421647,9.830102716261184,9
3421659,9.749081412948806,12
3421660,10.0,1
3421674,9.718357147598104,14
3421675,10.0,1
3421687,9.72556850398917,12
3421698,9.738621993024958,11
3421710,9.758817674496552,12
3421711,10.0,1
3421718,9.846335316512231,7
3421731,9.679994692750139,13
3421739,9.826042330295833,8
3421748,9.813194895781999,9
3421761,9.716897071796987,13
3421769,9.875396265556363,8
3421780,9.750839338263384,11
3421786,9.894666440253202,6
3421788,9.97139508806187,2
3421806,9.646386494146878,18
3421812,9.883698784473156,6
3421820,9.829617315626228,8
3421823,9.947163010093353,3
3421837,9.723500512426702,14
3421846,9.814290767394148,9
3421859,9.714020728951837,13
3421863,9.928043339517941,4
3421864,10.0,1
3421889,9.394446027191345,25
3421904,9.705094725387157,15
3421905,10.0,1
3421921,9.658417423301918,16
3421936,9.676157811496672,15
3421937,9.988265430956421,1
3421946,9.830619993613526,9
3421955,9.699734870583764,9
3421965,9.791962153869134,10
3421967,9.978697117511796,2
3421971,9.941901682540351,4
3421981,9.801420701749494,10
3421989,9.862203930444238,8
3421995,9.893137714446866,6
3422007,9.738204841079094,12
3422015,9.820070282991509,8
3422019,9.939066422660066,4
3422022,9.955569246097435,3
3422028,9.880281609855178,6
3422035,9.865611297108023,7
3422041,9.897231888640787,6
3422046,9.905915833816936,5
3422054,9.847028474420368,8
3422062,9.85007558031436,8
3422069,9.856870152961086,7
3422079,9.765292394214534,10
3422088,9.825315319344277,9
3422092,9.93994621235342,4
3422093,10.0,1
3422103,9.801901201208906,10
3422114,9.759198416700249,11
3422115,9.996504362544403,1
3422135,9.424420822120492,20
3422148,9.304514070958014,13
3422154,9.886490647375059,6
3422161,9.887491630863808,7
3422166,9.928488239021533,5
3422185,9.611946596251752,19
3422194,9.801300186516032,9
3422205,9.76121111015918,11
3422214,9.817159531670564,9
3422220,9.895308262654499,6
3422222,9.975839334200835,2
3422234,9.755142512133668,12
3422244,9.792070533691488,10
3422246,9.971004433908805,2
3422280,9.054283212874557,34
3422286,9.888193289682963,6
3422290,9.928777561961718,4
3422303,9.738637547401913,13
3422313,9.810105504743227,10
3422328,9.636366605227956,15
3422342,9.704610615922062,14
3422350,9.847140376005909,8
3422355,9.91195020396003,5
3422362,9.855133986709502,7
3422365,9.958336628403634,3
3422371,9.887691052743818,6
3422380,9.831171716887798,9
3422383,9.953191401571956,3
3422389,9.888721296438565,6
3422395,9.878502021939134,6
3422409,9.70107761216787,14
3422415,9.914182488279057,6
3422419,9.939412083702564,4
3422429,9.78674951452674,10
3422433,9.945451632120486,4
3422442,9.79965998637476,9
3422456,9.683897184500456,14
3422457,10.0,1
3422462,9.931297688808996,5
3422469,9.878783924855796,7
3422474,9.915657587228797,5
3422479,9.921324229965988,5
3422482,9.961538462924619,3
3422496,9.721974856374832,14
3422514,9.682613103030496,18
3422526,9.7637122980354,12
3422541,9.652647992452298,15
3422546,9.933954666895431,5
3422547,10.0,1
3422559,9.783917750290001,12
3422573,9.691249417205015,14
3422578,9.937187009053284,5
3422587,9.819764702603848,9
3422588,10.0,1
3422594,9.903922894157127,6
3422595,10.0,1
3422600,9.930675950481707,5
3422605,9.908151485369746,5
3422613,9.864755038480313,8
3422622,9.799465013597404,9
3422623,10.0,1
3422631,9.844323996615394,8
3422642,9.761477399734984,11
3422643,10.0,1
3422644,10.0,1
3422648,9.928395738326772,4
3422649,10.0,1
3422656,9.874462077886033,7
3422667,9.776519391257757,11
3422677,9.861963317167582,10
3422682,9.920222662282097,5
3422685,9.958763521639893,3
3422692,9.896511621993152,7
3422701,9.794143558857343,9
3422718,9.557611721225465,17
3422725,9.873714407056141,7
3422726,9.996347188265085,1
3422732,9.900497972805539,6
3422735,9.949198139284283,3
3422742,9.87351694630927,7
3422793,5.28534917175188,51
3422804,9.758628127096555,11
3422819,9.710651436360282,15
3422827,9.854151034753288,8
3422833,9.893959754475961,6
3422847,9.59017353486116,14
3422858,9.772565994415402,11
3422870,9.738667821547521,12
3422875,9.92173984065639,5
3422878,9.959840475215005,3
3422884,9.898579713894565,6
3422888,9.930370512428263,4
3422889,10.0,1
3422895,9.885477933346051,6
3422907,9.740063239617871,12
3422908,10.0,1
3422919,9.760612484524605,11
3422923,9.935965985985163,4
3422924,10.0,1
3422925,10.0,1
3422939,9.722866304307626,14
3422947,9.861712987967831,8
3422955,9.835009318018738,8
3422963,9.836089854231826,8
3422967,9.93435241048195,4
3422978,9.799336295643837,11
3422984,9.879016700748975,6
3422985,10.0,1
3422992,9.8553945708818,7
3422996,9.932030925107517,4
3423002,9.887658427361453,6
3423008,9.893277280746121,6
3423012,9.925563760198203,4
3423015,9.959792807419145,3
3423021,9.907394111147466,6
3423032,9.756497458666157,11
3423042,9.802724415594769,10
3423055,9.705636199972567,13
3423064,9.831171554113395,9
3423065,10.0,1
3423066,10.0,1
3423073,9.870833385400651,7
3423087,9.703442849862846,14
3423095,9.860072659509228,8
3423099,9.942307816549086,4
3423106,9.887730485303546,7
3423118,9.7550125988898,12
3423124,9.912865101764764,6
3423136,9.738751947643639,12
3423139,9.956207440749106,3
3423144,9.93937066941381,5
3423148,9.931949511904016,4
3423157,9.84409841165605,9
3423164,9.869658092564453,7
3423174,9.81901762919136,10
3423188,9.683541759568117,14
3423193,9.91379290155562,5
3423196,9.961455025758045,3
3423206,9.801740132880225,10
3423221,9.577855649680307,15
3423224,9.953632469169131,3
3423238,9.682127518974811,14
3423242,9.93777498086139,4
3423253,9.83509992135619,11
3423254,10.0,1
3423255,10.0,1
3423266,9.792001565788485,11
3423273,9.867376561172971,7
3423277,9.952599307793182,4
3423288,9.813196550480887,11
3423297,9.819339640334695,9
3423304,9.860961708107075,7
3423312,9.872819682648869,8
3423323,9.766152490985323,11
3423334,9.75381876559358,11
3423348,9.697246183585774,14
3423359,9.764353619506853,11
3423371,9.752734251496504,12
3423378,9.842638682796682,7
3423384,9.899028969816639,6
3423394,9.789445438305062,10
3423406,9.714700569036602,12
3423419,9.501961546407387,13
3423434,9.667865720854229,15
3423441,9.865806168974702,7
3423448,9.848889002609264,7
3423459,9.770950138697543,11
3423472,9.701959722912674,13
3423477,9.914545085303446,5
3423478,10.0,1
3423492,9.678393404707512,14
3423494,9.983209256832941,2
3423498,9.934942800748678,4
3423508,9.824303968555588,10
3423512,9.946944441247032,4
3423520,9.837297056271172,8
3423533,9.721173937260748,13
3423541,9.854778380519413,8
3423555,9.678800282668814,14
3423568,9.691506405859009,13
3423573,9.936062842240414,5
3423576,9.964352632800592,3
3423580,9.922356516401377,4
3423591,9.753565210535028,11
3423598,9.87333451217653,7
3423611,9.590786108681952,13
3423612,9.996467822610986,1
3423619,9.881243332046333,7
3423630,9.783352644251329,11
3423639,9.820459249389422,9
3423640,10.0,1
3423656,9.627701343700933,16
3423666,9.765061726789552,10
3423673,9.887762878166614,7
3423684,9.756499161591172,11
3423699,9.65186734575006,15
3423704,9.9069311351016,5
3423713,9.811007956040461,9
3423719,9.879125525713798,6
3423724,9.935315247996948,5
3423733,9.818938117598133,9
3423734,10.0,1
3423747,9.700508667222987,13
3423759,9.744461029124997,12
3423765,9.910856154948979,6
3423766,10.0,1
3423780,9.694029771518267,14
3423781,10.0,1
3423785,9.93158299789254,4
3423800,9.65521430208952,15
3423801,9.996609721777872,1
3423811,9.812096114135151,10
3423812,10.0,1
3423817,9.905086561132483,5
3423822,9.915318094817072,5
3423825,9.961503881138723,3
3423830,9.920800498412191,5
3423857,8.68254654277006,27
3423867,9.767324654991985,10
3423876,9.819993917688004,9
3423881,9.910267045018715,5
3423882,10.0,1
3423886,9.944500815764092,4
3423893,9.87449772484179,7
3423900,9.850643105451358,7
3423909,9.822660967474782,9
3423913,9.951765673753675,4
3423915,9.969959733208585,2
3423922,9.872502188697089,7
3423927,9.911166571555459,5
3423931,9.942111474729439,4
3423932,10.0,1
3423938,9.86873240685795,6
3423945,9.87285637845152,7
3423952,9.875629820145395,7
3423953,9.99667948875358,1
3423960,9.863484116706621,7
3423971,9.78382142244108,11
3423976,9.910047415229224,5
3423983,9.86757519259883,7
3423998,9.664534138002816,15
3424011,9.716577462627304,13
3424018,9.869659374805993,7
3424031,9.764700161681333,13
3424046,9.686111205737701,15
3424049,9.967840988178423,3
3424056,9.879695333739306,7
3424066,9.820433883039488,10
3424073,9.885401437178507,7
3424074,10.0,1
3424083,9.805478369754159,9
3424091,9.841458597715514,8
3424096,9.908993114487131,5
3424106,9.795638153517741,10
3424109,9.964074756535483,3
3424111,9.97040673912393,2
3424116,9.908691956957586,5
3424120,9.948361286334203,4
3424124,9.931740288793025,4
3424132,9.843758807135092,8
3424142,9.782258628805593,10
3424147,9.929271243541823,5
3424164,9.639812784876131,17
3424165,10.0,1
3424178,9.689929672923249,13
3424179,9.989433340207212,1
3424189,9.809077115229377,10
3424194,9.907546674581154,5
3424195,10.0,1
3424206,9.755079393959559,11
3424216,9.819395028199558,10
3424233,9.606378368541243,17
3424234,10.0,1
3424249,9.6458117361631,15
3424250,10.0,1
3424259,9.724115742523994,9
3424268,9.812465484219294,9
3424278,9.799509505306933,10
3424291,9.74746980060004,13
3424302,9.767937796085045,11
3424309,9.856823712491963,7
3424320,9.78509878326176,11
3424324,9.935324377499263,4
3424337,9.719533978699063,13
3424344,9.853649728979514,7
3424359,9.71289014492215,15
3424366,9.874624737003163,7
3424371,9.92497234591206,5
3424373,9.97513727125054,2
3424387,9.724479894947779,14
3424393,9.883569799006516,6
3424404,9.770685521553867,11
3424417,9.704991626046928,13
3424422,9.919520286882348,5
3424428,9.903178452305355,6
3424435,9.871144276356398,7
3424443,9.641286997890262,8
3424455,9.747793770545918,12
3424473,9.541905717303125,18
3424483,9.704288798995268,10
3424491,9.849613680576024,8
3424501,9.589529270028295,10
3424502,10.0,1
3424515,9.68843415479783,13
3424526,9.763746955446413,11
3424533,9.896277831301838,7
3424547,9.706405402907627,14
3424557,9.785038705330386,10
3424562,9.820892285251203,5
3424568,9.88765423054126,6
3424574,9.87699866979124,6
3424578,9.942483556398107,4
3424579,9.988042298581941,1
3424592,9.748534256978427,13
3424598,9.899402996183952,6
3424599,9.99271289376784,1
3424609,9.780476600696845,10
3424621,9.748398787651299,12
3424630,9.792856776643175,9
3424641,9.565485328324966,11
3424654,9.693358607896183,13
3424663,9.802606406480601,9
3424671,9.84470201131271,8
3424678,9.85562292654705,7
3424683,9.915481643960842,5
3424693,9.782912486465728,10
3424696,9.960437070330949,3
3424706,9.793928593846866,10
3424721,9.639274623825264,15
3424742,9.494430858915159,21
3424750,9.843859406835934,8
3424758,9.84488837840291,8
3424774,9.592906991676621,16
3424777,9.947366396899145,3
3424778,10.0,1
3424779,10.0,1
3424795,9.602698672377247,16
3424808,9.703052890209129,13
3424811,9.951338673558025,3
3424812,10.0,1
3424818,9.898068511978972,6
3424827,9.838542663650836,9
3424837,9.77466130791398,10
3424852,9.629454413905503,15
3424861,9.81288498924461,9
3424862,9.987035349893757,1
3425026,-52.42448062700849,164
3425040,9.669429672016873,14
3425045,9.916306401034081,5
3425056,9.75461721452103,11
3425066,9.782229267441677,10
3425077,9.761430025774223,11
3425091,9.692428953025109,14
3425098,9.882989631653189,7
3425102,9.932212921966425,4
3425108,9.905560175498179,6
3425117,9.827218901049624,9
3425125,9.850999137232629,8
3425126,10.0,1
3425135,9.78956051485679,9
3425138,9.964173122078236,3
3425147,9.79890032862424,9
3425163,9.695418613442959,16
3425174,9.726234390140078,11
3425180,9.905598134315133,6
3425189,9.82055587825225,9
3425196,9.875653971088358,7
3425197,10.0,1
3425207,9.776425733734738,10
3425217,9.788096056140438,10
3425218,10.0,1
3425232,9.734889349509372,14
3425244,9.7271875249445,12
3425256,9.739691166316193,12
3425262,9.887759163411944,6
3425268,9.917072566982753,6
3425278,9.795849508846171,10
3425284,9.897359796522322,6
3425292,9.854007393659083,8
3425301,9.807366917851411,9
3425307,9.89749439036063,6
3425310,9.950564753899183,3
3425311,10.0,1
3425312,10.0,1
3425325,9.710916250290204,13
3425328,9.965860668619275,3
3425329,10.0,1
3425335,9.883688985333073,6
3425345,9.818762067126928,10
3425354,9.803465058420697,9
3425365,9.794652895521073,11
3425377,9.723444222619893,12
3425385,9.875491409191826,8
3425393,9.853575681788032,8
3425394,10.0,1
3425400,9.904960131747753,6
3425410,9.775162627499805,10
3425413,9.956325722545884,3
3425418,9.903397743888863,5
3425423,9.927865108962042,5
3425436,9.738967880052217,13
3425444,9.749194129443788,8
3425450,9.911546717663713,6
3425465,9.690350748011268,15
3425471,9.907028100137488,6
3425478,9.875415170712031,7
3425489,9.768141878521938,11
3425504,9.6606549756568,15
3425515,9.754676881121974,11
3425526,9.749435122862812,11
3425530,9.925664594830232,4
3425537,9.864518369086582,7
3425541,9.930200165795101,4
3425551,9.776977157284781,10
3425560,9.839750907328714,9
3425569,9.836743701766851,9
3425579,9.673953441643611,10
3425588,9.837075318068582,9
3425601,9.710706520491398,13
3425612,9.464937440288193,11
3425622,9.771489188256943,10
3425631,9.83476094232432,9
3425641,9.749109312568176,10
3425653,9.734460217351643,12
3425654,10.0,1
3425667,9.677719731088171,13
3425680,9.694997067499898,13
3425685,9.921703991124678,5
3425701,9.621103074623488,16
3425702,10.0,1
3425709,9.875826174419089,7
3425722,9.64117127241904,13
3425729,9.773278241001519,7
3425740,9.756397203376261,11
3425753,9.69866735806733,13
3425765,9.642801199081354,12
3425778,9.70128873602009,13
3425794,9.668100106533721,16
3425800,9.884462543730987,6
3425805,9.918469227019703,5
3425819,9.305610791433256,14
3425830,9.77945822030556,11
3425842,9.763034328032115,12
3425855,9.704029200660823,13
3425871,9.677357464876447,16
3425872,10.0,1
3425893,9.318080481943351,21
3425895,9.97399350525481,2
3425907,9.712426781894951,12
3425914,9.854479141773663,7
3425918,9.948314414114183,4
3425932,9.664328590915524,14
3425936,9.933617504728973,4
3425947,9.780955838997052,11
3425952,9.905573780625309,5
3425961,9.832205707691896,9
3425967,9.902436617098768,6
3425978,9.78190758188044,11
3425984,9.8983902393234,6
3425991,9.682794747111277,7
3425992,10.0,1
3425998,9.901972299455279,6
3426004,9.904436648268621,6
3426014,9.77546078613064,10
3426015,10.0,1
3426021,9.898346849185554,6
3426035,9.59263283015638,14
3426044,9.78473547528363,9
3426045,10.0,1
3426050,9.915166963023097,5
3426059,9.82352415320971,9
3426066,9.873962653149883,7
3426075,9.721275164627285,9
3426088,9.695211132812723,13
3426100,9.74534115314088,12
3426112,9.766395785213943,12
3426113,9.992749225543877,1
3426124,9.746288584414195,11
3426133,9.719063057895607,9
3426145,9.710574072202753,12
3426175,9.204463328607941,30
3426181,9.909122137209438,6
3426187,9.907716740614076,6
3426188,9.987822317210679,1
3426189,10.0,1
3426190,9.993102368118818,1
3426203,9.716283534511522,13
3426209,9.705515941058906,6
3426222,9.534871651268233,13
3426234,9.756600665717743,12
3426247,9.724927907912056,13
3426255,9.840844529064196,8
3426258,9.964915762838356,3
3426266,9.837611110823145,8
3426275,9.811214108022899,9
3426287,9.785633052528453,12
3426293,9.900200988257488,6
3426306,9.718682157543482,13
3426317,9.764182834717804,11
3426324,9.843430620954354,7
3426335,9.777682506761998,11
3426342,9.85639761891368,7
3426356,9.726491745415203,14
3426364,9.825759602999158,8
3426374,9.81662754897187,10
3426382,9.836968191816615,8
3426387,9.93606546683773,5
3426392,9.920311256478142,5
3426402,9.812513666137223,10
3426414,9.736445054181305,12
3426431,9.587188182323295,17
3426450,9.583992595976866,19
3426460,9.794410062824111,10
3426472,9.73797463981537,12
3426478,9.908300295908173,6
3426493,9.701479536185841,15
3426506,9.617785443394663,13
3426513,9.877493955204661,7
3426516,9.962840072093714,3
3426517,10.0,1
3426524,9.887813240730928,7
3426531,9.86386243484909,7
3426542,9.775942814780445,11
3426556,9.721076236482485,14
3426562,9.89262338441599,6
3426574,9.7541953782245,12
3426587,9.770026497638291,13
3426594,9.881672456256132,7
3426610,9.662757112664108,16
3426611,10.0,1
3426623,9.726236685272903,12
3426628,9.90078214739317,5
3426645,9.418326507821277,17
3426663,9.614536321888608,18
3426669,9.875665507691004,6
3426673,9.941189940733473,4
3426679,9.899510518634937,6
3426701,9.515237493162031,22
3426706,9.903286496266723,5
3426715,9.804862801092753,9
3426720,9.913040040292753,5
3426721,10.0,1
3426736,9.645247501337847,15
3426737,10.0,1
3426747,9.778555320466642,10
3426753,9.904179429731377,6
3426766,9.733066582636546,13
3426771,9.92192978417899,5
3426783,9.764993372597871,12
3426791,9.849401037761831,8
3426809,9.63617998509281,18
3426817,9.884412931364796,8
3426828,9.762993393676991,11
3426839,9.773682396433571,11
3426848,9.835035231875644,9
3426856,9.845305158532751,8
3426862,9.777989666878545,6
3426873,9.773784013299572,11
3426883,9.78788812018416,10
3426913,9.56386595960833,30
3426925,9.7355085424608,12
3426926,10.0,1
3426939,9.734809501022946,13
3426948,9.84561098286837,9
3426959,9.760710733456522,11
3426969,9.843555072634675,10
3426985,9.6907254263863,16
3426994,9.847353447335685,9
3426999,9.9105432761277,5
3427007,9.835416712798397,8
3427011,9.945204179062417,4
3427024,9.716012747807927,13
3427028,9.938096035792176,4
3427041,9.547247218060516,13
3427042,10.0,1
3427058,9.656969540859494,16
3427062,9.939931141865786,4
3427075,9.724064001896327,13
3427083,9.824979025604911,8
3427084,10.0,1
3427096,9.779103957514623,12
3427106,9.831004152201391,10
3427116,9.807457228216117,10
3427129,9.701147367517622,13
3427139,9.78608019765899,10
3427146,9.860262342191497,7
3427151,9.917946237566811,5
3427157,9.891332489552306,6
3427163,9.881274871738967,6
3427177,9.683960710201562,14
3427178,10.0,1
3427181,9.946705345256852,3
3427186,9.900920298546406,5
3427199,9.723606708315286,13
3427206,9.864849177422146,7
3427209,9.962254558144807,3
3427222,9.711111023351732,13
3427224,9.978009530175601,2
3427236,9.482317287759216,12
3427247,9.770226263421316,11
3427254,9.903412405603394,7
3427263,9.840544278551834,9
3427273,9.768593098213369,10
3427278,9.913107036286544,5
3427287,9.812527386133086,9
3427293,9.880418785190752,6
3427301,9.851498984063966,8
3427315,9.724383740967117,14
3427324,9.804593413033164,9
3427325,10.0,1
3427330,9.941659306412554,5
3427341,9.778463444760503,11
3427353,9.74623922296314,12
3427360,9.888941963009493,7
3427375,9.673829808377015,15
3427382,9.8865435006838,7
3427396,9.674567690636499,14
3427398,9.97116560108623,2
3427399,10.0,1
3427403,9.945565326096233,4
3427414,9.758760743183434,11
3427425,9.766082097040403,11
3427436,9.775848030871476,11
3427445,9.811724686309313,9
3427454,9.853014802010815,9
3427460,9.885885019127928,6
3427469,9.80851654363718,9
3427470,10.0,1
3427480,9.791029204458683,10
3427482,9.967254226020376,2
3427492,9.812219554363164,10
3427498,9.883663691485223,6
3427503,9.918408767988057,5
3427515,9.740859555125098,12
3427523,9.84211368396034,8
3427527,9.940213666361371,4
3427532,9.923085750451191,5
3427544,9.72818365282713,12
3427555,9.762567112428465,11
3427564,9.818699378375634,9
3427573,9.54680170309786,9
3427582,9.814799110554722,9
3427595,9.749152056844592,13
3427605,9.77356551889806,10
3427609,9.942723375079554,4
3427622,9.761939645225763,13
3427634,9.724247006242544,12
3427638,9.95279808834252,4
3427650,9.726286576538069,12
3427651,9.992269383924677,1
3427656,9.924503227940901,5
3427662,9.893946292348295,6
3427669,9.855460893592511,7
3427682,9.724222474010306,13
3427831,-25.441600615598077,149
3427844,9.704010844365841,13
3427853,9.710513568177545,9
3427887,9.067827543506203,34
3427895,9.853922687607351,8
3427913,9.56369986954585,18
3427924,9.77813838863145,11
3427935,9.80137301455581,11
3427944,9.797768384862787,9
3427960,9.701532411787465,16
3427966,9.884004948122284,6
3427975,9.813389050330915,9
3427983,9.833295969264837,8
3427984,10.0,1
3427999,9.674985477498552,15
3428011,9.742996390275165,12
3428012,9.996381274523753,1
3428022,9.703339636085557,10
3428027,9.920423447397065,5
3428042,9.655881164396897,15
3428045,9.957450798036021,3
3428071,9.399980928324293,26
3428079,9.839528071516366,8
3428088,9.832172515109157,9
3428104,9.626324236757444,16
3428118,9.661783696581415,14
3428127,9.803445002606303,9
3428137,9.78584964713141,10
3428143,9.898200934971713,6
3428153,9.786494011106237,10
3428165,9.757678752065813,12
3428173,9.823004315586932,8
3428192,9.600321181567283,19
3428199,9.874799742077482,7
3428203,9.945509193281932,4
3428204,10.0,1
3428212,9.840386929698786,8
3428217,9.928413304953372,5
3428226,9.733928706615595,9
3428236,9.786421136367068,10
3428248,9.774019288053289,12
3428253,9.912782765099815,5
3428264,9.77099272243856,11
3428267,9.95854602335296,3
3428270,9.961948762149731,3
3428273,9.954444095352864,3
3428288,9.672634208323945,15
3428292,9.939302757440924,4
3428300,9.835594508601824,8
3428307,9.891350405774432,7
3428315,9.84439409487294,8
3428322,9.868864241530696,7
3428330,9.849955014538102,8
3428340,9.809772756106067,10
3428353,9.70190752594507,13
3428367,9.717905967590465,14
3428382,9.68554481550322,15
3428394,9.774332914446786,12
3428411,8.285224311669662,17
3428412,10.0,1
3428421,9.805039200592654,9
3428433,9.747945452492413,12
3428440,9.858344593255405,7
3428454,9.684968186593508,14
3428462,9.839186142673931,8
3428472,9.797008568172144,10
3428486,9.698861688004145,14
3428490,9.940100703802456,4
3428497,9.863903838178311,7
3428505,9.864235709109511,8
3428519,9.723595894001805,14
3428523,9.957219722965675,4
3428532,9.809520318665674,9
3428547,9.666146700398377,15
3428557,9.80730605409662,10
3428568,9.749884032158278,11
3428575,9.574278962889448,7
3428578,9.948355700683923,3
3428588,9.788919647377714,10
3428597,9.813815993373247,9
3428610,9.518753785767634,13
3428622,9.640014593069829,12
3428639,9.613614860394058,17
3428640,10.0,1
3428664,4.108458944516719,24
3428671,9.86371418252244,7
3428684,9.736410494854159,13
3428700,9.661966748489549,16
3428712,9.733921536804393,12
3428722,9.798314978311993,10
3428730,9.855574129399548,8
3428744,9.705976397582306,14
3428746,9.978911501740994,2
3428760,9.650561985700646,14
3428770,9.776580888470864,10
3428782,9.765965657321072,12
3428788,9.888193084322065,6
3428798,9.799027742227596,10
3428803,9.904310076040241,5
3428811,9.856348829246027,8
3428829,9.627009284005526,18
3428831,9.986206353127102,2
3428834,9.956126279401314,3
3428843,9.806330683501201,9
3428844,10.0,1
3428848,9.951681974147107,4
3428857,9.801776762795154,9
3428864,9.852965941521772,7
3428872,9.746638691678253,8
3428875,9.954416231804277,3
3428887,9.73699055569345,12
3428895,9.860212405466314,8
3428905,9.785971980449013,10
3428908,9.960451955669699,3
3428911,9.962367824645101,3
3428918,9.872253407864209,7
3428925,9.862439385790925,7
3428936,9.762657017750955,11
3428941,9.905206350824486,5
3428942,10.0,1
3428943,10.0,1
3428956,9.720418420183533,13
3428964,9.861041588859095,8
3428967,9.957251046223348,3
3428971,9.933636401287023,4
3428972,10.0,1
3428980,9.859206427901066,8
3428987,9.862856202434735,7
3428997,9.792263051927035,10
3429000,9.961879735130148,3
3429001,10.0,1
3429011,9.797212624259158,10
3429012,10.0,1
3429029,9.468564419078163,17
3429032,9.958708714865132,3
3429040,9.856884607987752,8
3429054,9.684591167771808,14
3429055,10.0,1
3429066,9.78260532785346,11
3429076,9.78023705400654,10
3429082,9.892630406679835,6
3429091,9.81330207375165,9
3429092,9.988071824276819,1
3429111,9.556374904752484,19
3429127,9.618355244862562,16
3429131,9.936954346399157,4
3429134,9.958942150055831,3
3429143,9.727373128110186,9
3429164,9.618942584260694,21
3429173,9.818638551278218,9
3429181,9.870578436172611,8
3429186,9.911028341931477,5
3429190,9.928111807291058,4
3429199,9.818920691058963,9
3429200,10.0,1
3429212,9.76360289239954,12
3429222,9.785665319699342,10
3429233,9.738305554619165,11
3429242,9.815675639659084,9
3429248,9.90333914038759,6
3429249,10.0,1
3429260,9.764392086840841,11
3429275,9.643718892402587,15
3429294,9.571656952062432,19
3429302,9.838920944065212,8
3429315,9.703410866074595,13
3429324,9.800712477160685,9
3429332,9.860953642990292,8
3429336,9.931865088519357,4
3429343,9.660067628755339,7
3429344,10.0,1
3429356,9.74594811371119,12
3429357,10.0,1
3429362,9.926446119734337,5
3429371,9.79544144395472,9
3429372,10.0,1
3429379,9.855817537508166,7
3429388,9.811651671723485,9
3429399,9.757088896155038,11
3429406,9.87801709033812,7
3429407,10.0,1
3429416,9.800594221218253,9
3429417,10.0,1
3429425,9.842768014420392,8
3429442,9.633320738321785,17
3429452,9.791166196081033,10
3429453,10.0,1
3429457,9.927726627124605,4
3429463,9.912444999857902,6
3429473,9.820450231621193,10
3429488,9.663337233494678,15
3429499,9.76932034496647,11
3429508,9.810882256463845,9
3429516,9.83859786109206,8
3429525,9.81698640160114,9
3429541,9.630815621836843,16
3429545,9.920618051952838,4
3429557,9.72394954616226,12
3429563,9.785829088480662,6
3429571,9.839101045545767,8
3429580,9.812105357937137,9
3429587,9.8692699521687,7
3429596,9.802289400759648,9
3429605,9.822268898459312,9
3429609,9.930928445214853,4
3429612,9.962236611212186,3
3429619,9.872045474461371,7
3429620,10.0,1
3429633,9.699014849952308,13
3429646,9.734531226450416,13
3429654,9.83843446405712,8
3429665,9.611831035549711,11
3429683,9.585305564048202,18
3429684,10.0,1
3429689,9.91202283961862,5
3429697,9.871634743730887,8
3429707,9.780942693437003,10
3429714,9.863582973957458,7
3429718,9.931425698432985,4
3429727,9.823138850343192,9
3429732,9.924046710616837,5
3429740,9.844287655108303,8
3429756,9.62315612404933,16
3429760,9.942400686420088,4
3429766,9.878969941610679,6
3429770,9.93553414543721,4
3429771,10.0,1
3429773,9.983690654838755,2
3429775,9.972272002643464,2
3429781,9.89366292822439,6
3429792,9.738958772346868,11
3429805,9.7300189230129,13
3429812,9.875726368942507,7
3429813,9.996441526002119,1
3429816,9.960762077823361,3
3429823,9.831420416520702,7
3429829,9.898330465454194,6
3429832,9.959174360225074,3
3429840,9.824999874690494,8
3429850,9.798601617171862,10
3429854,9.941416265965032,4
3429864,9.803700534168925,10
3429869,9.909343802031323,5
3429877,9.830626723901764,8
3429884,9.875152790526984,7
3429891,9.839627186978301,7
3429901,9.821164021016164,10
3429912,9.802833215352532,11
3429924,9.753974206827147,12
3429926,9.977221213541938,2
3429932,9.891062589558164,6
3429940,9.847854819555032,8
3429943,9.954284765847591,3
3429948,9.920793880399613,5
3429962,9.663279640116262,14
3429966,9.946627289678542,4
3429974,9.842724474412584,8
3429985,9.736572697125121,11
3429997,9.763838456373309,12
3430004,9.877515799596004,7
3430020,9.635022851115949,16
3430033,9.709452299664356,13
3430034,10.0,1
3430035,10.0,1
3430039,9.927144765346606,4
3430045,9.909212022516162,6
3430064,7.514317117486908,19
3430076,9.752076666932641,12
3430085,9.822195210435414,9
3430092,9.887560873778481,7
3430101,9.820003559889365,9
3430113,9.71719291336265,12
3430120,9.877080301430397,7
3430139,9.576585945702888,19
3430143,9.941214038259412,4
3430152,9.821711974845632,9
3430159,9.891383548778597,7
3430169,9.791284812284884,10
3430176,9.892585595464485,7
3430179,9.955813974868885,3
3430188,9.807621425412535,9
3430201,9.725515213443902,13
3430210,9.8081326126435,9
3430219,9.834619072950535,9
3430220,10.0,1
3430225,9.912593743156282,5
3430234,9.82960604613817,9
3430250,9.658228125001404,16
3430257,9.876751085282805,7
3430269,9.721791746560411,12
3430272,9.955676916930807,3
3430281,9.82415723747585,9
3430287,9.899574962869107,6
3430294,9.863095292012616,7
3430311,9.623491722607271,17
3430318,9.859611698115451,7
3430328,9.790946784987641,10
3430342,9.699583656477394,14
3430354,9.78896685545858,12
3430364,9.847400340430442,10
3430377,9.711707397677273,13
3430386,9.826464883381005,9
3430387,10.0,1
3430405,9.502787499585736,18
3430416,9.774500345227143,11
3430427,9.757566542938052,11
3430435,9.869805189094393,8
3430443,9.832631075000844,8
3430452,9.855655478298187,9
3430464,9.746697260862724,12
3430472,9.851853734511598,8
3430478,9.896662765396583,6
3430493,9.6887330515709,15
3430503,9.793953158558436,10
3430508,9.92709798476747,5
3430517,9.818078469720687,9
3430524,9.877659656026047,7
3430535,9.77200900360412,11
3430546,9.771454470516877,11
3430559,9.6621736307832,13
3430566,9.86748295285197,7
3430575,9.829079416892323,9
3430590,9.662939721216384,15
3430601,9.78934363554781,11
3430612,9.758248672929513,11
3430624,9.734666856535586,12
3430638,9.66994923611669,14
3430648,9.691519238381487,10
3430671,9.298754281881823,23
3430680,9.808389705516628,9
3430681,10.0,1
3430690,9.815663508139886,9
3430695,9.925082173256145,5
3430696,9.988441179470156,1
3430703,9.869560300454193,7
3430719,9.635023715807396,16
3430727,9.844848798991032,8
3430736,9.798039078876782,9
3430748,9.745352870028153,12
3430758,9.781784857612152,10
3430775,9.624966057110973,17
3430776,10.0,1
3430795,9.527000822386865,19
3430799,9.933363510415175,4
3430813,9.701177502936844,14
3430824,9.757828823984486,11
3430828,9.935673976901397,4
3430835,9.888144886097008,7
3430840,9.900285768526212,5
3430852,9.73313709874577,12
3430857,9.92128010763267,5
3430863,9.88559078682618,6
3430876,9.707950703118456,13
3430881,9.917463866190566,5
3430892,9.746329315055274,11
3430901,9.817152819365322,9
3430915,9.722606664027433,14
3430919,9.934087144890547,4
3430922,9.956195920465623,3
3430929,9.874381447352741,7
3430932,9.962858023639699,3
3430933,10.0,1
3430953,9.587286991179809,20
3430957,9.938586712812196,4
3430967,9.793781280719353,10
3430976,9.833101999807663,9
3430988,9.76488766657639,12
3430993,9.906882021926824,5
3430998,9.93667851257108,5
3431002,9.927090464541893,4
3431011,9.831104577173292,9
3431021,9.779552816121097,10
3431023,9.983475491698101,2
3431031,9.850132986640629,8
3431036,9.903486390077013,5
3431040,9.93670801244898,4
3431048,9.855781035566013,8
3431049,9.992350803494773,1
3431061,9.74600950584392,12
3431076,9.575482284039879,15
3431078,9.984384306172416,2
3431088,9.782473446211435,10
3431107,9.604929552577708,19
3431111,9.930901311255212,4
3431125,9.684771818219394,14
3431132,9.869690797560306,7
3431145,9.760602335362359,13
3431154,9.821123572023897,9
3431162,9.826641701145771,8
3431173,9.775274497756026,11
3431178,9.918188336583974,5
3431185,9.857454435354242,7
3431193,9.835460140065672,8
3431207,9.705301713005467,14
3431208,10.0,1
3431211,9.961398144465669,3
3431218,9.767122007329144,7
3431226,9.85795344376707,8
3431227,10.0,1
3431237,9.821375228976837,10
3431238,10.0,1
3431243,9.92377366900474,5
3431253,9.786461742786804,10
3431259,9.90216257871208,6
3431271,9.778092117660494,12
3431279,9.85149347702823,8
3431292,9.702991449815299,13
3431304,9.72187753616022,12
3431311,9.875329722054932,7
3431320,9.80489093936145,9
3431321,10.0,1
3431329,9.823862423276564,8
3431334,9.927665596376364,5
3431346,9.757487497977698,12
3431358,9.727932319684621,12
3431359,10.0,1
3431369,9.784360836396457,10
3431378,9.817176373743898,9
3431383,9.92280276333343,5
3431384,9.996088383694243,1
3431385,10.0,1
3431401,9.58651583954485,16
3431411,9.777078854656542,10
3431412,10.0,1
3431424,9.748960001977478,12
3431429,9.919777464285628,5
3431435,9.897809551512033,6
3431436,10.0,1
3431445,9.821984547475301,9
3431455,9.76514408997835,10
3431459,9.938795560305703,4
3431462,9.95361432022455,3
3431473,9.766996567509441,11
3431476,9.964119229026233,3
3431484,9.828977501820342,8
3431497,9.6963064889066,13
3431507,9.802952511884982,10
3431516,9.811828217432597,9
3431528,9.7472210391073,12
3431536,9.85334440535223,8
3431538,9.968218077129157,2
3431545,9.855080674133346,7
3431555,9.790790011028598,10
3431562,9.883693982458553,7
3431563,10.0,1
3431565,9.976485710575949,2
3431579,9.695746975080123,14
3431598,9.605391317535249,19
3431604,9.907735363376197,6
3431615,9.780216116204347,11
3431626,9.797739473885068,11
3431650,9.485807005153351,24
3431665,9.641709795651488,15
3431666,10.0,1
3431667,9.996161594772866,1
3431668,10.0,1
3431674,9.91344083762272,6
3431690,9.64372846838421,16
3431705,9.684008391836223,15
3431712,9.900760448491077,7
3431713,10.0,1
3431725,9.77062751232465,12
3431732,9.87577330996725,7
3431733,10.0,1
3431742,9.80172933425307,9
3431750,9.859785076779561,8
3431758,9.873560954544919,8
3431764,9.889519060018332,6
3431769,9.916052646466317,5
3431773,9.933761728163551,4
3431782,9.815132197682814,9
3431783,10.0,1
3431788,9.911572464130069,5
3431794,9.881783074588176,6
3431796,9.979381198624901,2
3431812,9.614030371514433,16
3431815,9.95228811478853,3
3431830,9.677092058577484,15
3431839,9.812224210453445,9
3431846,9.883708283958129,7
3431858,9.732111584364139,12
3431863,9.912863293249023,5
3431869,9.889520647356962,6
3431874,9.917308482387197,5
3431876,9.975563536204659,2
3431887,9.786425028159414,11
3431903,9.627093705604343,16
3431907,9.93620187966267,4
3431925,9.521817146848182,18
3431926,10.0,1
3431927,10.0,1
3431937,9.695695706058437,10
3431949,9.446743620873658,12
3431957,9.839752724952861,8
3431958,10.0,1
3431959,9.995768223399528,1
3431967,9.834889187814612,8
3431978,9.796934533016719,11
3431979,10.0,1
3431992,9.742849859915689,13
3432002,9.789197936942733,10
3432015,9.726820954430094,13
3432016,10.0,1
3432019,9.960840943913002,3
3432020,10.0,1
3432025,9.922729081114342,5
3432048,9.420267047017576,23
3432061,9.728634766752375,13
3432066,9.914935113601414,5
3432077,9.77541543941776,11
3432088,9.800395149920794,11
3432107,9.553418787952147,19
3432112,9.919069805772395,5
3432126,9.672810355832386,14
3432135,9.809857682015636,9
3432143,9.839770671573998,8
3432152,9.810059403035755,9
3432163,9.764453421457432,11
3432176,9.736425398081316,13
3432181,9.916256241912226,5
3432193,9.730135722727024,12
3432201,9.83479694873381,8
3432209,9.858571406778895,8
3432220,9.76806105758229,11
3432229,9.827920812419158,9
3432238,9.813133273434955,9
3432247,9.81863689411171,9
3432265,9.623797259026421,18
3432270,9.91860583329783,5
3432282,9.76161846709461,12
3432283,10.0,1
3432285,9.973443579816337,2
3432293,9.839740722014396,8
3432297,9.942010450230537,4
3432303,9.914445109344669,6
3432310,9.872652387374696,7
3432319,9.802416142280736,9
3432322,9.963249538217372,3
3432336,9.744822936836288,14
3432345,9.614076846396102,9
3432354,9.806428236067923,9
3432357,9.96231320097949,3
3432364,9.865180652420321,7
3432374,9.812730568932357,10
3432384,9.768899414003425,10
3432388,9.93742425940837,4
3432400,9.737100933376801,12
3432403,9.969897760482098,3
3432410,9.84515302483519,7
3432415,9.908854927701134,5
3432425,9.817134160211726,10
3432427,9.977960180529687,2
3432436,9.83405817951363,9
3432444,9.825469634841609,8
3432457,9.691680519897291,13
3432468,9.742719640746085,11
3432480,9.549241871328084,12
3432498,9.647747366675265,18
3432505,9.900373967250163,7
3432520,9.703269366682518,15
3432534,9.666705382370148,14
3432541,9.86033082067599,7
3432561,9.544362568792009,20
3432571,9.789099502832284,10
3432572,10.0,1
3432579,9.869077542188794,7
3432582,9.957150664966997,3
3432585,9.973591928914237,3
3432591,9.888254663568603,6
3432596,9.92349441229426,5
3432606,9.79045511320496,10
3432618,9.737834213073688,12
3432625,9.890397200567545,7
3432634,9.84055331373021,9
3432647,9.710829746386585,13
3432660,9.711734562053858,13
3432666,9.8760306587188,6
3432667,10.0,1
3432677,9.77541342016392,10
3432691,9.512571832150398,14
3432699,9.85022374746899,8
3432704,9.913888886512039,5
3432717,9.698882778571964,13
3432724,9.86761101573554,7
3432729,9.921369766354799,5
3432733,9.945830900690375,4
3432743,9.795697587149347,10
3432760,9.62995625468432,17
3432769,9.802080924325939,9
3432779,9.78588946203983,10
3432788,9.85291927313392,9
3432797,9.820994251826301,9
3432799,9.969306894612599,2
3432804,9.912121210306559,5
3432818,9.695801035548163,14
3432832,9.65693085485302,14
3432838,9.884614670415521,6
3432849,9.76459949630891,11
3432862,9.718887946311835,13
3432871,9.84283312013201,9
3432877,9.89217906711424,6
3432885,9.841328037488955,8
3432889,9.935719988184369,4
3432893,9.929067314632858,4
3432905,9.75394370469391,12
3432908,9.961574643447314,3
3432915,9.882954701360978,7
3432928,9.720307042583087,13
3432942,9.743781701590501,14
3432954,9.784266905977127,12
3432961,9.889759923862329,7
3432972,9.768374508831723,11
3432982,9.81317987190632,10
3432998,9.677500833463688,16
3433008,9.80928317198178,10
3433014,9.888313792879892,6
3433024,9.800565597586672,10
3433025,10.0,1
3433040,9.649995655797943,15
3433048,9.82703868296338,8
3433060,9.787735849158608,12
3433068,9.860906340046151,8
3433079,9.79386110215702,11
3433080,10.0,1
3433092,9.554399689197956,12
3433104,9.626926618763608,12
3433107,9.950763855702807,3
3433113,9.912812854416304,6
3433125,9.784919506956403,12
3433133,9.858024527705613,8
3433140,9.849407118763057,7
3433150,9.780597314618241,10
3433156,9.902150946999384,6
3433165,9.835575800954297,9
3433173,9.847032845397807,8
3433183,9.782263252548221,10
3433188,9.922335618176902,5
3433190,9.975746558411052,2
3433203,9.727468266281793,13
3433213,9.796926604950691,10
3433218,9.921075202939315,5
3433236,9.621394440398438,18
3433245,9.836763564168285,9
3433250,9.935538715182277,5
3433260,9.79199750866757,10
3433261,10.0,1
3433270,9.821013337047765,9
3433279,9.82433925749222,9
3433292,9.777957631668993,13
3433303,9.557586661359736,11
3433309,9.906847284431883,6
3433315,9.89451201385701,6
3433326,9.734662655123753,11
3433333,9.868335513578016,7
3433350,9.688971292815005,17
3433358,9.852566823306262,8
3433362,9.939351302523635,4
3433371,9.828900806817778,9
3433378,9.861144354928433,7
3433379,10.0,1
3433381,9.972615172786089,2
3433382,10.0,1
3433388,9.898302613824404,6
3433391,9.948896657567094,3
3433399,9.8493450089195,8
3433411,9.731770699775588,12
3433418,9.869049587248986,7
3433423,9.912517279043461,5
3433440,9.648993438798657,17
3433445,9.928836169671857,5
3433446,10.0,1
3433464,9.631225514637062,18
3433469,9.913451094797143,5
3433481,9.73466619070517,12
3433490,9.8255664574468,9
3433497,9.883488921471944,7
3433510,9.710518404669775,13
3433511,10.0,1
3433526,9.65009751645091,15
3433527,10.0,1
3433538,9.770401163988698,11
3433539,10.0,1
3433553,9.675259879112,14
3433558,9.703552845787806,5
3433568,9.80989556869005,10
3433572,9.936136020924813,4
3433588,9.627671380757079,16
3433595,9.858184875901753,7
3433610,9.635884495595727,15
3433618,9.855335685261027,8
3433624,9.914892365976613,6
3433625,10.0,1
3433636,9.73096199079961,11
3433644,9.855206340407726,8
3433650,9.888620252420974,6
3433656,9.890780323254953,6
3433666,9.795731039962373,10
3433681,9.687712679292911,15
3433685,9.932727632146676,4
3433692,9.887313435502874,7
3433701,9.808599377403306,9
3433704,9.968643402173319,3
3433718,9.68983126505156,14
3433719,10.0,1
3433732,9.713929789278598,13
3433739,9.861881289222993,7
3433743,9.931582974690738,4
3433745,9.970436051696732,2
3433752,9.889273363878456,7
3433753,10.0,1
3433756,9.957376968821936,3
3433760,9.941576907997952,4
3433769,9.616705297512878,9
3433774,9.827001900925103,5
3433784,9.76339653288758,10
3433798,9.668589837146577,14
3433799,9.98895731303504,1
3433801,9.972864623006773,2
3433806,9.931836891142854,5
3433810,9.925982506422905,4
3433817,9.874684110479414,7
3433830,9.723284799782254,13
3433847,9.580407301837688,17
3433856,9.798846642586252,9
3433861,9.90828860987012,5
3433871,9.784861340963882,10
3433876,9.917160679466278,5
3433878,9.975832229456383,2
3433885,9.894567740703115,7
3433892,9.875209733302794,7
3433898,9.88743375944172,6
3433909,9.754045411379401,11
3433918,9.814645045323442,9
3433922,9.923273031308971,4
3433927,9.900886641763375,5
3433931,9.930144977604861,4
3433932,10.0,1
3433945,9.734721355086657,13
3433951,9.913190636360873,6
3433959,9.841405838332577,8
3433972,9.691837498776053,13
3433980,9.857973739025141,8
3433993,9.719391471750601,13
3434002,9.812357838539434,9
3434008,9.892232091289456,6
3434014,9.875825380110475,6
3434019,9.927631363430724,5
3434023,9.922311399978778,4
3434024,10.0,1
3434035,9.800822542616247,11
3434043,9.855107869481099,8
3434055,9.744181116142947,12
3434059,9.930803484587477,4
3434062,9.968850086031177,3
3434070,9.845607086607183,8
3434080,9.785789303383703,10
3434092,9.744336691992016,12
3434104,9.744258030019006,12
3434110,9.899239079021037,6
3434111,10.0,1
3434121,9.783246398351793,10
3434129,9.845833726310879,8
3434137,9.854897499740785,8
3434149,9.725198722130513,12
3434153,9.94860447383258,4
3434168,9.653624576195181,15
3434174,9.87947867448309,6
3434177,9.95742991329566,3
3434192,9.64855246337485,15
3434204,9.74399677462253,12
3434225,9.566958517719215,21
3434236,9.776287084284721,11
3434245,9.829886164693379,9
3434258,9.721077864828578,13
3434272,9.728597591066071,14
3434295,9.51578453351056,23
3434297,9.981972591424201,2
3434301,9.931598894236789,4
3434312,9.791782451023183,11
3434323,9.744736837299842,11
3434330,9.87280598090158,7
3434334,9.948452859701057,4
3434336,9.97831023399804,2
3434350,9.671920634824327,14
3434363,9.712308556716449,13
3434381,9.59743744285518,18
3434394,9.703984884741951,13
3434401,9.871568392684498,7
3434402,10.0,1
3434403,10.0,1
3434405,9.971944556636833,2
3434408,9.972036002081751,3
3434418,9.811563596434995,10
3434426,9.855319622421925,8
3434428,9.974727048453097,2
3434434,9.88703735553668,6
3434445,9.766024551460362,11
3434452,9.890135945336576,7
3434465,9.69757529641986,13
3434467,9.973293679429432,2
3434477,9.81242544113144,10
3434485,9.8554793087029,8
3434497,9.72818290773241,12
3434498,10.0,1
3434509,9.766587165302342,11
3434521,9.730194127389826,12
3434530,9.830106548685231,9
3434534,9.93012373045577,4
3434535,10.0,1
3434545,9.701818676949118,10
3434550,9.911079387877006,5
3434555,9.911552680153228,5
3434563,9.882751320337585,8
3434577,9.73271034268072,14
3434587,9.802722179282153,10
3434599,9.754622058863976,12
3434603,9.952353858530769,4
3434610,9.894559927282074,7
3434622,9.690305585546607,12
3434623,10.0,1
3434632,9.84293801585879,9
3434643,9.768646566583367,11
3434650,9.8905021392181,7
3434664,9.724673083617052,14
3434672,9.849277661891357,8
3434677,9.919100055179094,5
3434687,9.788276571165397,10
3434700,9.725404555118509,13
3434710,9.797300037125027,10
3434712,9.972589984797217,2
3434726,9.674810865215129,14
3434741,9.682318831361169,15
3434754,9.706378654430782,13
3434762,9.825009705992372,8
3434763,10.0,1
3434770,9.881877908560277,7
3434787,9.573920012397236,17
3434806,9.562398820229328,19
3434811,9.91798209652428,5
3434820,9.814100104037061,9
3434835,9.504098682412799,15
3434846,9.74604365006096,11
3434852,9.889185790769451,6
3434861,9.83929871752683,9
3434869,9.866623088070618,8
3434876,9.873810621613938,7
3434890,9.680852737769886,14
3434898,9.863228221044027,8
3434909,9.782572593181769,11
3434919,9.788418970691863,10
3434924,9.939659930617237,5
3434931,9.87748238408952,7
3434942,9.769433408435427,11
3434950,9.847561617720144,8
3434961,9.74426913012642,11
3434962,10.0,1
3434970,9.839236420645745,8
3434987,9.625655851592734,17
3434992,9.913190513845331,5
3435000,9.83526673566708,8
3435008,9.82885949960825,8
3435024,9.607563374689192,16
3435033,9.81625325093139,9
3435046,9.705930414528828,13
3435054,9.857964054100961,8
3435065,9.776922746995536,11
3435075,9.772229088126172,10
3435089,9.693134467269553,14
3435104,9.703147356567174,15
3435105,10.0,1
3435110,9.902268993555946,5
3435114,9.949671473538249,4
3435115,10.0,1
3435121,9.8736044891113,6
3435137,9.655041342926095,16
3435150,9.732883943175995,13
3435153,9.954814229005924,3
3435157,9.954814678547583,4
3435171,9.684768830222723,14
3435180,9.81170964751789,9
3435190,9.799289639455692,10
3435203,9.725691640727977,13
3435210,9.859126668588583,7
3435217,9.879982808415487,7
3435229,9.764438372106808,12
3435237,9.846936855979054,8
3435245,9.861550179317684,8
3435263,9.593758010397044,18
3435276,9.701482548459898,13
3435282,9.890209329386234,6
3435288,9.865149106785392,6
3435289,9.988551104519223,1
3435290,10.0,1
3435302,9.725489758780146,12
3435313,9.768311214688577,11
3435314,10.0,1
3435319,9.90961431005042,5
3435333,9.721253330704327,14
3435336,9.967762864274176,3
3435347,9.773168303695936,11
3435362,9.67071851750169,15
3435372,9.80329307725758,10
3435386,9.490506941324567,14
3435396,9.806178136062083,10
3435404,9.859177326575265,8
3435409,9.926165424332686,5
3435419,9.810760725647775,10
3435428,9.838005853041025,9
3435438,9.812887365762236,10
3435448,9.803798087116002,10
3435451,9.966726393110768,3
3435462,9.752801716879892,11
3435469,9.88658219634637,7
3435487,9.476172936115269,18
3435501,9.704991864790525,14
3435519,9.665241985502144,18
3435533,9.703353720626415,14
3435534,10.0,1
3435545,9.75371326429785,11
3435555,9.823044985933176,10
3435564,9.84040767171784,9
3435581,9.623788206602603,17
3435585,9.94217999632826,4
3435593,9.870647535331642,8
3435606,9.709817751143069,13
3435618,9.724159190926244,12
3435625,9.88687155664982,7
3435629,9.95085900826818,4
3435637,9.856010565551362,8
3435642,9.928325455096696,5
3435656,9.680639751014704,14
3435665,9.822589861960115,9
3435672,9.874348597005064,7
3435675,9.961710107168184,3
3435677,9.97059310895279,2
3435688,9.746298152796566,11
3435693,9.90878784833333,5
3435703,9.824566573090861,10
3435712,9.859462830511143,9
3435719,9.880520602867575,7
3435728,9.81233457728106,9
3435732,9.941165121738749,4
3435745,9.737287789490374,13
3435757,9.810565000914478,12
3435758,10.0,1
3435764,9.899346623536237,6
3435781,9.4128422131227,17
3435789,9.861056771992148,8
3435792,9.953229442757697,3
3435804,9.723041997477356,12
3435809,9.922451571623235,5
3435813,9.932373194907584,4
3435822,9.831761094644003,9
3435831,9.80854964884542,9
3435832,10.0,1
3435841,9.815529657364806,9
3435848,9.90159642937416,7
3435871,9.488757357754979,23
3435884,9.74141384816401,13
3435894,9.774091618525539,10
3435895,10.0,1
3435904,9.813381837894065,9
3435912,9.839264607747959,8
3435930,9.590783096711071,18
3435941,9.762283177150417,11
3435942,10.0,1
3435956,9.664964799239096,14
3435967,9.759338721987522,11
3435976,9.803269438718337,9
3435986,9.799654449560261,10
3436009,9.467326254235855,23
3436029,9.537836217822926,20
3436033,9.942982430477183,4
3436044,9.770080217439514,11
3436046,9.98357320004319,2
3436057,9.783833731671963,11
3436062,9.919421492428226,5
3436066,9.944130597116404,4
3436075,9.80492524640195,9
3436090,9.676389064280523,15
3436103,9.689036561557183,13
3436116,9.728412403708386,13
3436127,9.744375044696007,11
3436136,9.810765818647353,9
3436149,9.684615762496872,13
3436160,9.782203905295694,11
3436169,9.819572839189801,9
3436173,9.932768494466224,4
3436179,9.90399057264185,6
3436184,9.914386633281751,5
3436193,9.831361228513853,9
3436202,9.716299167697837,9
3436203,10.0,1
3436207,9.94726232614898,4
3436218,9.657899464006949,11
3436220,9.971836132208447,2
3436233,9.727636552602267,13
3436239,9.87915097666728,6
3436250,9.777884090187333,11
3436257,9.863125090661372,7
3436266,9.826729965032214,9
3436277,9.768449603294652,11
3436284,9.849314232125414,7
3436294,9.778678506617089,10
3436299,9.895619014258358,5
3436316,9.60963454792783,17
3436324,9.858028963916587,8
3436334,9.817981026311543,10
3436337,9.960684604569737,3
3436341,9.92611380140726,4
3436342,10.0,1
3436345,9.962221556717973,3
3436352,9.876013337007565,7
3436368,9.636759053217729,16
3436375,9.88079151472506,7
3436386,9.780904829119113,11
3436395,9.825768816008022,9
3436407,9.756690254513888,12
3436414,9.872501323000465,7
3436424,9.800603860887808,10
3436443,9.548517393734716,19
3436456,9.717479086055222,13
3436458,9.974106087641726,2
3436465,9.863946966496071,7
3436481,9.614223948707533,16
3436485,9.944765915044833,4
3436497,9.734543131357647,12
3436505,9.850469164355612,8
3436515,9.785635480795042,10
3436522,9.875449547211776,7
3436538,9.626871047756795,16
3436540,9.986323275499547,2
3436550,9.834806095017427,10
3436562,9.669506684679806,12
3436572,9.809210681634221,10
3436591,9.5796473766067,19
3436607,9.60326313472119,16
3436618,9.766881316522468,11
3436619,10.0,1
3436624,9.939960788365127,5
3436631,9.8734108812495,7
3436646,9.694070541224626,15
3436661,9.65183375440797,15
3436667,9.878634777658247,6
3436668,10.0,1
3436682,9.72200205149452,14
3436683,9.989175348077088,1
3436693,9.79122998485053,10
3436704,9.781196942323982,11
3436713,9.84531526159035,9
3436714,10.0,1
3436726,9.806601128648705,12
3436739,9.709519025127815,13
3436748,9.704328945223812,9
3436754,9.898835910068378,6
3436763,9.834251201470293,9
3436769,9.896905846569155,6
3436784,9.701872048602354,15
3436793,9.833123026288154,9
3436803,9.80415738397876,10
3436811,9.873585359356065,8
3436815,9.937021675238457,4
3436828,9.718048188486417,13
3436837,9.81763088242397,9
3436843,9.896237304510342,6
3436848,9.834656605481554,5
3436858,9.802510503251852,10
3436874,9.650845406312271,16
3436881,9.884940921751182,7
3436895,9.708026022361008,14
3436901,9.873662267813913,6
3436908,9.84877585534642,7
3436917,9.810540580166318,9
3436920,9.956470703552823,3
3436935,9.669890369433013,15
3436951,9.198502293339839,16
3436962,9.390252216752064,11
3436969,9.879997085680525,7
3436982,9.707942785525969,13
3436993,9.76287031781405,11
3437001,9.741015610333967,8
3437006,9.931555019961298,5
3437009,9.962303058924778,3
3437017,9.83747958660195,8
3437022,9.917460613427554,5
3437033,9.766244119059246,11
3437047,9.67605495257738,14
3437057,9.797551296313175,10
3437064,9.880258319798862,7
3437068,9.935180573895035,4
3437083,9.671605491523085,15
3437084,10.0,1
3437092,9.86480355952188,8
3437101,9.811804389571703,9
3437106,9.923207495253944,5
3437121,9.68575065302783,15
3437129,9.83920338993183,8
3437133,9.939134483232824,4
3437142,9.839496766678577,9
3437148,9.887883775155219,6
3437155,9.881444050622413,7
3437159,9.94743691383568,4
3437166,9.869903377684007,7
3437180,9.677347882058335,14
3437194,9.707098604322145,14
3437198,9.948746103617728,4
3437207,9.84033293322249,9
3437219,9.517598159122672,12
3437228,9.801959363943771,9
3437242,9.664714115502063,14
3437262,9.59956120495319,20
3437274,9.737608547982557,12
3437285,9.765769599488397,11
3437289,9.943124744756956,4
3437303,9.665413294531504,14
3437305,9.980084204904662,2
3437310,9.92389222410067,5
3437321,9.763642950692985,11
3437329,9.834030954834066,8
3437337,9.85584474688475,8
3437338,10.0,1
3437340,9.980152821292936,2
3437355,9.68418561942528,15
3437374,9.560907040943205,19
3437375,10.0,1
3437385,9.802799244682728,10
3437392,9.793361791765449,7
3437401,9.84582697986075,9
3437405,9.950373432237361,4
3437411,9.904462073702467,6
3437422,9.79129398258843,11
3437428,9.910142285106971,6
3437438,9.813549896450294,10
3437440,9.981601016549147,2
3437449,9.819706241348486,9
3437462,9.751233041909936,13
3437468,9.90651628538227,6
3437479,9.810235117398177,11
3437484,9.918947455636701,5
3437490,9.89075159103586,6
3437500,9.765410799628732,10
3437506,9.900980393883248,6
3437510,9.933583348369842,4
3437518,9.82330356196465,8
3437521,9.960850749580754,3
3437524,9.948348924390615,3
3437538,9.685924465020369,14
3437542,9.923857620916273,4
3437555,9.747077276213234,13
3437569,9.689162507358756,14
3437578,9.830012572234248,9
3437595,9.623039262972249,17
3437596,10.0,1
3437610,9.41740984088391,14
3437617,9.870088518041863,7
3437627,9.815358144743525,10
3437628,10.0,1
3437639,9.75500060216369,11
3437651,9.749591087597949,12
3437662,9.749306621812625,11
3437673,9.760043153854975,11
3437675,9.978992519137728,2
3437686,9.803104062166,11
3437689,9.95870111888752,3
3437703,9.66084769549362,14
3437709,9.899937953325201,6
3437710,10.0,1
3437718,9.822991832124583,8
3437719,9.987766344748515,1
3437730,9.753555969906277,11
3437731,9.993246239024103,1
3437737,9.887022931726287,6
3437738,10.0,1
3437744,9.913956419564544,6
3437755,9.771736035588404,11
3437765,9.800935132682396,10
3437775,9.78535507374247,10
3437777,9.976063639220298,2
3437778,10.0,1
3437791,9.771572210465868,13
3437806,9.66671654694903,15
3437816,9.78652786599739,10
3437826,9.819952351267402,10
3437837,9.783297145889259,11
3437839,9.985478019809397,2
3437847,9.891006696641098,8
3437856,9.819965573512423,9
3437882,9.376590605038421,26
3437890,9.875828293139314,8
3437901,9.753312181930603,11
3437914,9.764399382215784,13
3437927,9.718293025731908,13
3437946,9.525271361338431,19
3437951,9.92308608757433,5
3437958,9.848373001096496,7
3437962,9.940894543580235,4
3437976,9.67136186912224,14
3437988,9.810865978196935,12
3438002,9.705343598110783,14
3438018,9.677580039041509,16
3438020,9.985278185375204,2
3438021,10.0,1
3438032,9.749290530938639,11
3438039,9.863708659883327,7
3438042,9.954217826489618,3
3438054,9.75883097678718,12
3438068,9.693394665577609,14
3438074,9.896397053078514,6
3438082,9.85512611351087,8
3438095,9.73756382590178,13
3438104,9.812474043727457,9
3438111,9.87012136321474,7
3438120,9.812809629228004,9
3438121,10.0,1
3438135,9.670727411258941,14
3438144,9.816534521462602,9
3438160,9.6079805542565,16
3438161,10.0,1
3438162,10.0,1
3438167,9.90781096125475,5
3438172,9.914503998137866,5
3438176,9.938886371723667,4
3438183,9.869697396054217,7
3438189,9.901005831536269,6
3438200,9.760917849160414,11
3438212,9.757955151035693,12
3438218,9.886782620101094,6
3438225,9.890435866349685,7
3438234,9.795236572528477,9
3438248,9.669985538436118,14
3438259,9.75905647545063,11
3438262,9.959840400477896,3
3438269,9.882632700594334,7
3438275,9.894072828487442,6
3438276,10.0,1
3438287,9.758765689963038,11
3438294,9.891633199268254,7
3438302,9.848484629350011,8
3438316,9.678443682871434,14
3438331,9.673207108362575,15
3438334,9.956121165818665,3
3438341,9.891137246275308,7
3438346,9.923602949085128,5
3438355,9.761079931236107,9
3438356,10.0,1
3438376,8.822357931099177,20
3438385,9.814064376625254,9
3438389,9.934810870272534,4
3438390,9.996382489236545,1
3438397,9.85434319466569,7
3438399,9.879558838455349,2
3438408,9.830018840353985,9
3438415,9.864958831461122,7
3438428,9.692600542909702,13
3438440,9.738942454168155,12
3438452,9.76738820326582,12
3438460,9.84637860128141,8
3438471,9.741040041260852,11
3438485,9.708778107846749,14
3438495,9.70597995456286,10
3438506,9.783011190579396,11
3438515,9.827901892066986,9
3438519,9.933755519257197,4
3438530,9.801847974568714,11
3438533,9.961202354633818,3
3438536,9.967881505580584,3
3438544,9.842948799091428,8
3438559,9.689228515520766,15
3438565,9.883951356812656,6
3438578,9.74522923610627,13
3438584,9.902242185918947,6
3438592,9.881944626755121,8
3438603,9.742903648739256,11
3438609,9.907132670386849,6
3438620,9.66892898936175,11
3438630,9.801448657102023,10
3438650,9.57823924628069,20
3438666,9.70792434657923,16
3438674,9.854303400222209,8
3438676,9.975646582174644,2
3438690,9.690161947115511,14
3438696,9.88545264446119,6
3438704,9.857341157143118,8
3438706,9.969015957931099,2
3438712,9.686391252696396,6
3438719,9.855022492629564,7
3438723,9.946766757766929,4
3438739,9.62715113329341,16
3438751,9.743912799667157,12
3438752,10.0,1
3438758,9.885300138014221,6
3438766,9.662465693601138,8
3438776,9.807701334505095,10
3438779,9.964988068798117,3
3438784,9.915231148605557,5
3438795,9.783584063354244,11
3438809,9.744051541192952,14
3438819,9.81078247966378,10
3438835,9.50656879399749,16
3438836,10.0,1
3438843,9.863713072950992,7
3438859,9.635908963099526,16
3438870,9.749475107643176,11
3438880,9.802285694238979,10
3438881,10.0,1
3438889,9.862853176412681,8
3438905,9.618760672357524,16
3438920,9.720063096217668,15
3438924,9.942785119917087,4
3438934,9.790445190191637,10
3438947,9.721562897678975,13
3438956,9.832325263232184,9
3438963,9.878414416379616,7
3438981,9.662128423399025,18
3438988,9.782266354702505,7
3439000,9.739056500922127,12
3439005,9.91234495153149,5
3439014,9.827286947413914,9
3439025,9.778064058218641,11
3439032,9.857085306986512,7
3439042,9.789572141370732,10
3439062,9.598866171292675,20
3439076,9.722206509125671,14
3439091,9.648701773868478,15
3439106,9.661311464828021,15
3439119,9.710148234194467,13
3439125,9.707293517018092,6
3439131,9.891874869096572,6
3439134,9.966664806614473,3
3439139,9.906015213140535,5
3439140,10.0,1
3439144,9.938391197287896,4
3439161,9.657536061782668,17
3439163,9.980397590135052,2
3439171,9.877731813454064,8
3439182,9.766690746194103,11
3439187,9.919275213421805,5
3439199,9.750397911117997,12
3439203,9.94401247763076,4
3439209,9.884398892035996,6
3439219,9.801379953329025,10
3439225,9.873341034855137,6
3439233,9.830907062695482,8
3439256,9.356604644569993,23
3439259,9.95021429528184,3
3439271,9.722574951922596,12
3439276,9.911818934144206,5
3439279,9.952944793697132,3
3439287,9.835779475078995,8
3439300,9.713323023707892,13
3439309,9.81313502306343,9
3439317,9.835068512409212,8
3439330,9.734916246664621,13
3439338,9.863910320618409,8
3439341,9.958766616446953,3
3439355,9.70797593795449,14
3439365,9.795861684553616,10
3439378,9.71665082347009,13
3439383,9.93529430241842,5
3439384,10.0,1
3439391,9.776472417692299,7
3439402,9.776380788612224,11
3439416,9.670912888940418,14
3439431,9.681618612634047,15
3439444,9.725807911969682,13
3439450,9.87583524807766,6
3439458,9.867419016765638,8
3439469,9.782473757694534,11
3439484,9.68406109966504,15
3439490,9.874748584651416,6
3439502,9.776894962979336,12
3439516,9.51839761131289,14
3439521,9.916829679671805,5
3439528,9.877927839874786,7
3439536,9.84592170486926,8
3439541,9.928317880826151,5
3439546,9.899628535143473,5
3439549,9.954995387339027,3
3439558,9.801484892276552,9
3439574,9.641342234548675,16
3439575,10.0,1
3439576,10.0,1
3439580,9.940405242339251,4
3439590,9.795647177897049,10
3439600,9.80432297631146,10
3439611,9.774190098593492,11
3439620,9.841406063345342,9
3439621,10.0,1
3439633,9.736914450568394,12
3439637,9.947547639282439,4
3439645,9.854316854241915,8
3439653,9.858021354060837,8
3439654,9.993279457504036,1
3439664,9.789860838568673,10
3439670,9.890970220113749,6
3439671,10.0,1
3439685,9.682042657224379,14
3439691,9.895533782191027,6
3439699,9.835932624427187,8
3439712,9.770375207077358,13
3439724,9.79295358020031,12
3439729,9.933803729582447,5
3439740,9.755635623287336,11
3439747,9.886991832857793,7
3439748,10.0,1
3439754,9.887342974207892,6
3439765,9.755665490304274,11
3439770,9.929424587135568,5
3439778,9.868492019509734,8
3439802,7.609723365771899,24
3439809,9.859749554747562,7
3439818,9.844792766937879,9
3439826,9.843433834907316,8
3439832,9.892998761001095,6
3439833,10.0,1
3439834,9.992888420926265,1
3439836,9.984589963089418,2
3439840,9.951082672457089,4
3439841,10.0,1
3439845,9.92491098422538,4
3439853,9.851931363244082,8
3439854,10.0,1
3439871,9.648120508991509,17
3439877,9.902778512220006,6
3439885,9.849727759071678,8
3439895,9.799002326341533,10
3439909,9.71403103005558,14
3439910,10.0,1
3439920,9.791219343687892,10
3439929,9.805790968907727,9
3439939,9.785254880352165,10
3439950,9.770770523347178,11
3439961,9.766826249953473,11
3439970,9.816440283500603,9
3439974,9.927491966847208,4
3439978,9.93801974909659,4
3439995,9.694483819662555,17
3440003,9.828171286397401,8
3440007,9.93393199188307,4
3440012,9.922360007564304,5
3440015,9.951965609067791,3
3440019,9.937437343837875,4
3440026,9.87779610890845,7
3440037,9.773317023137352,11
3440038,10.0,1
3440046,9.865059493133128,8
3440056,9.82062080821537,10
3440062,9.903273623049246,6
3440071,9.837695139949336,9
3440083,9.730615874631212,12
3440089,9.90427275708676,6
3440097,9.859936400027312,8
3440107,9.772700915658103,10
3440113,9.889011827562959,6
3440120,9.874444239192927,7
3440127,9.89502781897955,7
3440131,9.939886570078691,4
3440138,9.858814548768281,7
3440151,9.707530538965756,13
3440152,10.0,1
3440159,9.905427768422832,7
3440172,9.705495204000636,13
3440173,10.0,1
3440184,9.775906366345788,11
3440201,9.664921972873135,17
3440208,9.88334592416455,7
3440218,9.800523481912812,10
3440220,9.970174844093005,2
3440229,9.810042125047213,9
3440230,10.0,1
3440243,9.707483787994795,13
3440244,10.0,1
3440253,9.8208266127606,9
3440259,9.90467990111474,6
3440273,9.669563355102296,14
3440274,10.0,1
3440283,9.811366971675513,9
3440287,9.948198849529682,4
3440293,9.90604517071449,6
3440305,9.710768179754927,12
3440327,9.433564147364988,22
3440338,9.758135051037165,11
3440342,9.943811569914528,4
3440343,10.0,1
3440344,10.0,1
3440361,8.388910581900273,17
3440370,9.787729327261138,9
3440383,9.725070348507879,13
3440394,9.767064215199278,11
3440401,9.882745081374054,7
3440409,9.831073984172011,8
3440413,9.942520870494823,4
3440422,9.838944875067291,9
3440433,9.768360757539433,11
3440445,9.746666811306795,12
3440465,9.494594219489603,20
3440476,9.768586356355142,11
3440489,9.703566303253577,13
3440500,9.773222041244349,11
3440509,9.820068681209872,9
3440528,9.331828458824354,19
3440536,9.815071247608763,8
3440547,9.739143325641205,11
3440552,9.902637755194784,5
3440566,9.72772424270684,14
3440574,9.834600295397914,8
3440582,9.84584625580932,8
3440594,9.731825897580825,12
3440595,10.0,1
3440602,9.874907053582328,7
3440603,10.0,1
3440622,9.555223833257203,19
3440631,9.859443529477184,9
3440639,9.847746190525335,8
3440647,9.840756732592743,8
3440657,9.792124591992629,10
3440680,9.451377104481116,23
3440697,9.608200305477155,17
3440701,9.932711362570227,4
3440715,9.747324375935394,14
3440720,9.934180274361768,5
3440726,9.883184556076644,6
3440740,9.71203046327202,14
3440749,9.833083005274478,9
3440758,9.80743518748111,9
3440763,9.92634335305636,5
3440772,9.810311147758885,9
3440782,9.805782389619504,10
3440788,9.891870963526054,6
3440794,9.880032108428615,6
3440804,9.824676602350205,10
3440808,9.939614372777118,4
3440817,9.822723290433917,9
3440830,9.700987679626747,13
3440837,9.864292756661627,7
3440848,9.782282618733296,11
3440855,9.889614922054374,7
3440864,9.821518172685337,9
3440867,9.967596378436037,3
3440871,9.94666039289229,4
3440874,9.9518056147163,3
3440875,9.992084489963123,1
3440882,9.85294748719741,7
3440897,9.641927332382823,15
3440904,9.861981880280295,7
3440915,9.773686327104476,11
3440923,9.853970588296496,8
3440934,9.755322210438,11
3440940,9.875909525780086,6
3440956,9.625462767839203,16
3440961,9.923189425872556,5
3440978,9.609752195947163,17
3440989,9.756873839752657,11
3440990,10.0,1
3440991,10.0,1
3440995,9.938375101800208,4
3440998,9.961300048522219,3
3441009,9.791300416826981,11
3441022,9.737261908633497,13
3441033,9.777664488458813,11
3441041,9.852517693477747,8
3441056,9.670490751978525,15
3441067,9.80447727124688,11
3441079,9.726502058787544,12
3441083,9.943132221510663,4
3441086,9.955194431282552,3
3441103,9.681339065737234,17
3441110,9.866714574595722,7
3441113,9.956384223140162,3
3441121,9.848413626585792,8
3441122,10.0,1
3441134,9.746112680030244,12
3441147,9.741242011415165,13
3441153,9.888058241796362,6
3441163,9.799816904101897,10
3441168,9.911936847241405,5
3441180,9.7731306266037,12
3441187,9.850396829707183,7
3441206,9.601839335904277,19
3441207,10.0,1
3441213,9.894920076041254,6
3441217,9.938068609380926,4
3441227,9.775715373881535,10
3441231,9.93268716745135,4
3441233,9.980114899869506,2
3441244,9.755051266273554,11
3441253,9.802844904781631,9
3441264,9.754398806717004,11
3441279,9.6619563502805,15
3441287,9.85036362699784,8
3441294,9.870302371329627,7
3441298,9.944505602539413,4
3441304,9.88904530239313,6
3441316,9.757077491178675,12
3441328,9.748403403421923,12
3441336,9.853277522579749,8
3441341,9.939190022282354,5
3441349,9.833846017530911,8
3441350,10.0,1
3441355,9.919196196030342,5
3441363,9.85187136915998,8
3441374,9.765556237832405,11
3441375,9.992053045117258,1
3441385,9.814368860034888,10
3441395,9.814966424161051,10
3441409,9.699568800813815,14
3441418,9.834053811992161,9
3441433,9.69036651829631,15
3441434,10.0,1
3441448,9.675888933327624,14
3441451,9.959057764573272,3
3441461,9.792112496540282,10
3441465,9.939352874491673,4
3441470,9.914870261779072,5
3441473,9.970559076754427,3
3441481,9.85655503128512,8
3441485,9.947612006969397,4
3441492,9.893009808051575,7
3441497,9.915061759029243,5
3441503,9.890645874078583,6
3441514,9.741029403692608,11
3441525,9.7506550903138,11
3441536,9.748589711555528,11
3441539,9.953759339341854,3
3441546,9.861654904132681,7
3441556,9.80301692015486,10
3441560,9.932456272604488,4
3441565,9.916503398199652,5
3441573,9.855089114010873,8
3441587,9.697302633868734,14
3441592,9.927998782993695,5
3441593,10.0,1
3441599,9.906743945499063,6
3441605,9.884822897294313,6
3441616,9.776543649543104,11
3441624,9.834361989067455,8
3441634,9.831538007650275,10
3441646,9.711438596712169,12
3441652,9.88983840803837,6
3441653,10.0,1
3441659,9.893902293972474,6
3441673,9.687131348791436,14
3441681,9.863207957363514,8
3441686,9.930527151596934,5
3441690,9.951228877972834,4
3441691,10.0,1
3441706,9.718031253737387,15
3441722,9.680954430958971,16
3441730,9.831034354141975,8
3441738,9.860365983246671,8
3441739,10.0,1
3441748,9.83671886663743,9
3441754,9.888511224558819,6
3441767,9.704395387381512,13
3441773,9.908225495746839,6
3441782,9.82122660078111,9
3441795,9.685644376600916,13
3441802,9.836366356097852,7
3441808,9.888135918822522,6
3441815,9.873239863862723,7
3441822,9.84020395278751,7
3441823,10.0,1
3441830,9.861471046859242,7
3441842,9.701476195218167,12
3441860,9.562697193101988,18
3441864,9.928867571314058,4
3441874,9.769937957767718,10
3441877,9.964644651927836,3
3441880,9.963213673601176,3
3441881,10.0,1
3441884,9.952191715195696,3
3441888,9.937205353549917,4
3441899,9.80654955598814,11
3441910,9.74122543867609,11
3441919,9.792705735032913,9
3441926,9.863485646852737,7
3441931,9.908390431755308,5
3441939,9.849859635407585,8
3441947,9.848298533309368,8
3441954,9.868887121071968,7
3441961,9.859302047419664,7
3441969,9.852645062805047,8
3441979,9.812302716681378,10
3441985,9.901495699204593,6
3441986,10.0,1
3442007,9.3988164737447,21
3442022,9.675217203270385,15
3442033,9.769781482247874,11
3442047,9.580833898490345,14
3442052,9.909635593192293,5
3442059,9.85592823677184,7
3442063,9.934027284169284,4
3442067,9.925531618898368,4
3442075,9.837992207367279,8
3442086,9.735793615526838,11
3442094,9.862335400685593,8
3442105,9.766862106824789,11
3442113,9.843264324622362,8
3442121,9.736393881531288,8
3442124,9.962657068326248,3
3442130,9.888663657426777,6
3442134,9.946141228098348,4
3442139,9.91467141832624,5
3442152,9.726705639876267,13
3442166,9.737424433928128,14
3442175,9.843863451912846,9
3442180,9.90854164719054,5
3442190,9.784554458265495,10
3442199,9.831196777893224,9
3442202,9.965646796076097,3
3442212,9.771016387067748,10
3442218,9.893916211843553,6
3442228,9.813119563260695,10
3442231,9.951985759165238,3
3442235,9.933817943033093,4
3442236,10.0,1
3442248,9.771200807119197,12
3442256,9.850497576926642,8
3442261,9.924905514978645,5
3442271,9.775973337649491,10
3442278,9.890585512443339,7
3442290,9.736117142854008,12
3442297,9.861700111599768,7
3442304,9.866456861253715,7
3442305,10.0,1
3442317,9.724418330733307,12
3442320,9.957377080892508,3
3442326,9.885721023140578,6
3442336,9.81701232006494,10
3442354,9.624726261685428,18
3442357,9.958564286145894,3
3442368,9.782061880482798,11
3442369,10.0,1
3442385,9.625597767478665,16
3442396,9.76597904019473,11
3442400,9.944097425865674,4
3442415,9.682934229172266,15
3442424,9.641116265650355,9
3442438,9.696926110739515,14
3442446,9.84022907928529,8
3442456,9.829462614660853,10
3442457,10.0,1
3442465,9.818275615942435,8
3442473,9.858556268638985,8
3442482,9.79703372277149,9
3442493,9.78497226378517,11
3442505,9.750133566108715,12
3442506,10.0,1
3442507,10.0,1
3442525,9.621334968189116,18
3442538,9.73529665615845,13
3442550,9.774048363580055,12
3442563,9.708491674392171,13
3442566,9.9669767165697,3
3442571,9.905738591869639,5
3442580,9.84627830867305,9
3442598,9.658422928236726,18
3442603,9.913446769072753,5
3442612,9.636122041262274,9
3442626,9.715835399937623,14
3442640,9.741746872096229,14
3442641,10.0,1
3442656,9.641244045422601,15
3442666,9.679084318352894,10
3442667,10.0,1
3442673,9.899005676293404,6
3442683,9.835699666350045,10
3442697,9.689434036823476,14
3442708,9.756462980881995,11
3442717,9.835669879840072,9
3442722,9.923453993502962,5
3442723,10.0,1
3442738,9.720819240377066,15
3442749,9.792891527841292,11
3442754,9.931582537954974,5
3442764,9.820881498666404,10
3442768,9.936545359475518,4
3442779,9.778422482505718,11
3442785,9.901994238526846,6
3442789,9.934789082374898,4
3442795,9.911313319066766,6
3442798,9.954267474157858,3
3442807,9.821189495941969,9
3442811,9.94633704995819,4
3442827,9.618068509446037,16
3442840,9.708822218442394,13
3442851,9.810280843396443,11
3442856,9.927663029530043,5
3442870,9.702581505666572,14
3442881,9.797724839815416,11
3442885,9.928808579911529,4
3442896,9.76164249557224,11
3442912,9.61232249038685,16
3442922,9.800156728262335,10
3442932,9.778034517432518,10
3442938,9.88369871996772,6
3442953,9.554298566452244,15
3442961,9.842994212457379,8
3442971,9.794881349941662,10
3442972,10.0,1
3442988,9.619549599937407,16
3443005,9.587314613748976,17
3443014,9.822973501683077,9
3443200,5.793068363682685,186
3443206,9.813047069753127,6
3443209,9.951354092406378,3
3443218,9.831861121666652,9
3443229,9.758385383791587,11
3443241,9.725425311523628,12
3443249,9.769342482444346,8
3443261,9.755647996700038,12
3443271,9.794091904672072,10
3443276,9.920712693843567,5
3443296,9.483599286244306,20
3443311,9.670788193865103,15
3443325,9.57435698760408,14
3443332,9.89202063406031,7
3443346,9.738785211601286,14
3443352,9.906669250328042,6
3443353,10.0,1
3443367,9.658377967641117,14
3443374,9.906712708024013,7
3443384,9.789970165533866,10
3443388,9.944998527373167,4
3443393,9.920753324176571,5
3443396,9.967743658648645,3
3443406,9.816071587623483,10
3443411,9.921144984117975,5
3443416,9.913189424440885,5
3443417,9.988425959836423,1
3443427,9.836004787848914,10
3443439,9.765795035760341,12
3443443,9.936691122589052,4
3443450,9.882227960593738,7
3443455,9.912705057028317,5
3443460,9.917508332272174,5
3443475,9.6604515410307,15
3443485,9.777926899045022,10
3443492,9.777537776164518,7
3443498,9.902202054433898,6
3443508,9.784697435900194,10
3443509,10.0,1
3443514,9.927344777521675,5
3443523,9.81418208209293,9
3443532,9.821770235225786,9
3443535,9.967086263533226,3
3443545,9.793586996540439,10
3443554,9.807093972433494,9
3443564,9.799074321412979,10
3443570,9.903381628748175,6
3443579,9.846140224843763,9
3443583,9.940373380200368,4
3443584,10.0,1
3443592,9.84091478098698,8
3443601,9.829047882713711,9
3443612,9.737852102021147,11
3443618,9.899256673621473,6
3443619,10.0,1
3443628,9.819532471658396,9
3443638,9.757751396776449,10
3443650,9.745495893297692,12
3443661,9.755007088056582,11
3443675,9.671375827602327,14
3443680,9.90641280639814,5
3443685,9.93254079002844,5
3443690,9.911373420641015,5
3443698,9.86033498852196,8
3443707,9.853119545247203,9
3443721,9.724532869328863,14
3443741,9.512635030561949,20
3443747,9.896795288374276,6
3443756,9.811275627115302,9
3443766,9.794672675834718,10
3443785,9.560699985339438,19
3443802,9.586091225529266,17
3443811,9.831484794498381,9
3443820,9.829199814299411,9
3443830,9.795054556704368,10
3443844,9.682208542395628,14
3443852,9.841248058598435,8
3443854,9.972443986491585,2
3443865,9.800889607266786,11
3443883,9.54027584054091,18
3443890,9.87936022045123,7
3443902,9.767120476258263,12
3443916,9.685750192233831,14
3443924,9.872474594064867,8
3443936,9.73950247974663,12
3443937,9.99246373241443,1
3443940,9.946126239587423,3
3443953,9.61798915718878,13
3443964,9.75915091837799,11
3443979,9.650834232949663,15
3443984,9.93118148166076,5
3443992,9.860601507193929,8
3444001,9.800265118621315,9
3444012,9.771183358820641,11
3444018,9.883385977405599,6
3444029,9.794993140095327,11
3444036,9.864778438726319,7
3444038,9.981119028876254,2
3444049,9.774907642376416,11
3444056,9.865543763244059,7
3444060,9.933726037308775,4
3444064,9.939581057366185,4
3444077,9.739873348881428,13
3444084,9.880557324686006,7
3444085,10.0,1
3444087,9.97724293560477,2
3444095,9.680842689303123,8
3444111,9.627447202999912,16
3444127,9.459381224059015,16
3444143,9.670045346075838,16
3444154,9.768037306245908,11
3444162,9.823465964135865,8
3444163,10.0,1
3444176,9.725882774594282,13
3444181,9.907355395345661,5
3444192,9.759437706854047,11
3444200,9.846080831726947,8
3444211,9.76356885724227,11
3444219,9.85018791838069,8
3444226,9.88173459798634,7
3444243,9.510310561194904,17
3444252,9.827253600784633,9
3444264,9.744698028973755,12
3444272,9.812318220721401,8
3444273,10.0,1
3444278,9.924627351176232,5
3444288,9.783779066069934,10
3444298,9.777303058385579,10
3444311,9.708342602600222,13
3444312,10.0,1
3444319,9.868773793188295,7
3444330,9.75957455845291,11
3444343,9.727514645084389,13
3444347,9.940940745321292,4
3444357,9.794532062585292,10
3444358,9.993293109781131,1
3444376,9.630543887414357,18
3444380,9.937763558583338,4
3444389,9.813127055068298,9
3444410,9.529380304053262,21
3444417,9.86074819861123,7
3444426,9.82559430933459,9
3444427,10.0,1
3444444,9.29715656860168,17
3444459,9.666539901590252,15
3444472,9.694324676733391,13
3444475,9.95704116747543,3
3444483,9.840477901682096,8
3444498,9.671989419778123,15
3444506,9.860452127279274,8
3444517,9.74913646767278,11
3444525,9.835101159117064,8
3444539,9.683187102407965,14
3444549,9.776661229252502,10
3444557,9.839590748201969,8
3444568,9.785717233419383,11
3444576,9.832998473435444,8
3444584,9.853303290257783,8
3444594,9.820236668532345,10
3444599,9.939833338065275,5
3444607,9.857304503429056,8
3444620,9.702604430327423,13
3444629,9.827965485173129,9
3444634,9.923229370074605,5
3444641,9.881826652530364,7
3444649,9.829306107276256,8
3444650,9.996395531102015,1
3444661,9.730347044519359,11
3444665,9.929215870431369,4
3444680,9.662754396942026,15
3444690,9.771237672850974,10
3444703,9.721723540367547,13
3444711,9.823245977701733,8
3444721,9.81199998661062,10
3444724,9.954887810464871,3
3444727,9.961877589570534,3
3444739,9.759683940059181,12
3444743,9.938265115757405,4
3444744,10.0,1
3444757,9.699943390185704,13
3444765,9.857332844820904,8
3444776,9.737721684994057,11
3444777,10.0,1
3444783,9.803195945257754,6
3444790,9.878290230099301,7
3444801,9.815072907171094,11
3444809,9.840672965445597,8
3444812,9.767080277183695,3
3444817,9.918306565910207,5
3444824,9.874976367498377,7
3444830,9.901836040329815,6
3444846,9.634980636328205,16
3444861,9.676600933845759,15
3444870,9.80877239446172,9
3444872,9.979336340485187,2
3444877,9.936379961234683,5
3444887,9.797098584022066,10
3444893,9.923325591237624,6
3444902,9.820294510023166,9
3444913,9.796906826764339,11
3444919,9.892619040780362,6
3444920,10.0,1
3444934,9.693301812917154,14
3444941,9.876061963221433,7
3444952,9.685928914353575,11
3444964,9.770645119792587,12
3444970,9.875939401478572,6
3444980,9.825593216443316,10
3444988,9.84571206276427,8
3445000,9.75212393376308,12
3445014,9.62074503807321,14
3445028,9.700061200259624,14
3445040,9.77603449576054,12
3445045,9.917933392058458,5
3445050,9.723134373747312,5
3445058,9.838184048874732,8
3445072,9.743202494205205,14
3445077,9.918465436089043,5
3445098,9.526213258773575,21
3445107,9.845485032852787,9
3445120,9.718190162470382,13
3445130,9.784402543725976,10
3445138,9.837092957884781,8
3445147,9.821165205834758,9
3445149,9.972088946945751,2
3445160,9.776974812320784,11
3445171,9.758168301085664,11
3445178,9.878122762692076,7
3445183,9.916226391027573,5
3445194,9.762771444079812,11
3445195,9.99672295145465,1
3445210,9.68124287354978,15
3445211,9.992908761623752,1
3445224,9.76095036595332,13
3445234,9.773524771182888,10
3445243,9.80236027621667,9
3445249,9.883222045995558,6
3445257,9.854889503316992,8
3445274,9.65499893325878,17
3445287,9.747085384141142,13
3445288,10.0,1
3445301,9.506120456633035,13
3445309,9.844258598287478,8
3445314,9.931634245959726,5
3445324,9.77737191055097,10
3445325,9.993049017671623,1
3445339,9.703476288445584,14
3445346,9.889478221384781,7
3445356,9.833949147686681,10
3445358,9.978027650670564,2
3445369,9.789262091654267,11
3445383,9.732521734217057,14
3445393,9.775337071861616,10
3445398,9.913698050501033,5
3445410,9.735149231668526,12
3445417,9.88179221729711,7
3445429,9.73951055913694,12
3445441,9.728431326568785,12
3445450,9.801670022277387,9
3445451,10.0,1
3445467,9.610217819915677,16
3445478,9.772163980151477,11
3445492,9.705876092392035,14
3445505,9.744545669180138,13
3445521,9.65450074066859,16
3445529,9.86138757213435,8
3445534,9.906967681014946,5
3445543,9.807509554542486,9
3445552,9.826652671746192,9
3445568,9.670235225736956,16
3445580,9.722092412070511,12
3445586,9.880901232338232,6
3445596,9.812754747722307,10
3445597,9.988633611988188,1
3445600,9.954611845327609,3
3445607,9.87785194545827,7
3445619,9.736953469476875,12
3445629,9.805106114045586,10
3445644,9.662711864255815,15
3445648,9.942594075361132,4
3445660,9.727895163157573,12
3445666,9.884919239606777,6
3445669,9.965636621235289,3
3445676,9.88101008277857,7
3445679,9.848898376681499,3
3445694,9.442741767656173,15
3445703,9.821484953904848,9
3445710,9.881315035279842,7
3445715,9.920157027197352,5
3445716,10.0,1
3445722,9.89814650568489,6
3445727,9.9068210146481,5
3445733,9.874394349345657,6
3445746,9.697007680262386,13
3445753,9.87642021262548,7
3445754,10.0,1
3445755,10.0,1
3445766,9.7644399730132,11
3445778,9.719917388943943,12
3445792,9.726757305768158,14
3445803,9.759183862833488,11
3445814,9.759404281741476,11
3445823,9.848275591687116,9
3445837,9.680941814643973,14
3445842,9.917839013779668,5
3445854,9.73474357045327,12
3445864,9.767756983026194,10
3445876,9.726141760060152,12
3445886,9.817858162963613,10
3445892,9.905642675030855,6
3445896,9.93802260386019,4
3445902,9.886327160336446,6
3445909,9.867956654604484,7
3445913,9.951437189990498,4
3445921,9.862743314661378,8
3445931,9.81312294878251,10
3445942,9.781132504843569,11
3445948,9.789722991019728,6
3445955,9.896488142417326,7
3445968,9.52966738500613,13
3445975,9.871113395511594,7
3445981,9.900059959167619,6
3445987,9.900333606263523,6
3445995,9.849201221515479,8
3446001,9.893579263134587,6
3446010,9.84678924945084,9
3446015,9.926171015153859,5
3446021,9.885298790960169,6
3446029,9.843034207595185,8
3446042,9.710252791295574,13
3446046,9.937655803804606,4
3446060,9.576955998122592,14
3446066,9.888594468235812,6
3446079,9.767503742653055,13
3446088,9.818290662668556,9
3446099,9.750921984966698,11
3446107,9.849993563669711,8
3446116,9.820410063019631,9
3446123,9.870100925425008,7
3446136,9.709227927347658,13
3446144,9.803665592923377,8
3446149,9.924790018295784,5
3446157,9.849724230474505,8
3446161,9.943700279908546,4
3446163,9.97462247283512,2
3446165,9.979249580291627,2
3446169,9.931619432387915,4
3446176,9.876519828231327,7
3446184,9.85255606829004,8
3446193,9.817265780029045,9
3446203,9.80665991504557,10
3446205,9.97899759646509,2
3446216,9.773672380720697,11
3446224,9.851054414082027,8
3446225,9.992538105981463,1
3446233,9.830301889571682,8
3446247,9.736339378254756,14
3446254,9.88448211729848,7
3446255,10.0,1
3446256,10.0,1
3446257,9.988480742160535,1
3446263,9.907830150979667,6
3446266,9.944901181939375,3
3446274,9.837895418735753,8
3446280,9.889468928632047,6
3446295,9.647389657890752,15
3446314,9.600915509860522,19
3446318,9.948031383524729,4
3446332,9.700450021478506,14
3446336,9.938963180449665,4
3446340,9.938818545379629,4
3446348,9.836165403969474,8
3446349,10.0,1
3446354,9.91945743785171,5
3446357,9.949945293449517,3
3446368,9.78829086210709,11
3446370,9.971318093870895,2
3446384,9.685769489108859,14
3446393,9.820781434730348,9
3446397,9.936464167602246,4
3446411,9.678320837039658,14
3446412,10.0,1
3446426,9.667396068460674,14
3446430,9.925978396411276,4
3446440,9.810597355370215,10
3446441,10.0,1
3446450,9.813043124404508,9
3446458,9.847958224966982,8
3446462,9.933503947308683,4
3446472,9.794533723665406,10
3446478,9.879199202497798,6
3446480,9.977679785503955,2
3446485,9.923808314678823,5
3446498,9.713601409010984,13
3446508,9.782014429928626,10
3446528,9.593260506463702,20
3446534,9.895864142356496,6
3446541,9.885798647578293,7
3446542,10.0,1
3446551,9.806063277242064,9
3446553,9.98533202015609,2
3446554,10.0,1
3446570,9.649570750264575,16
3446582,9.738779512756999,12
3446594,9.765897277899798,12
3446600,9.891037988273492,6
3446611,9.777043255098908,11
3446613,9.971548041128253,2
3446621,9.864673737320667,8
3446632,9.767816656719155,11
3446651,9.520564595413068,19
3446668,9.695100058716424,17
3446679,9.681576553467728,11
3446694,9.665041949566817,15
3446700,9.884452457540581,6
3446709,9.83979632117819,9
3446721,9.750830924689408,12
3446722,10.0,1
3446731,9.84256478195976,9
3446734,9.959992286666184,3
3446740,9.900576867594681,6
3446743,9.964409386373205,3
3446744,10.0,1
3446746,9.978859256059081,2
3446752,9.90769692209517,6
3446761,9.71082570625856,9
3446765,9.951970094744304,4
3446767,9.977051122100105,2
3446785,9.586510594623139,18
3446797,9.743076020271054,12
3446810,9.72490269742644,13
3446811,10.0,1
3446816,9.910542650486263,5
3446822,9.906107760242996,6
3446830,9.839945772205295,8
3446844,9.680737764251635,14
3446850,9.908233330691045,6
3446857,9.860708725841077,7
3446861,9.927842966060895,4
3446862,10.0,1
3446869,9.864102158344881,7
3446888,9.624148660417818,19
3446896,9.83074634512907,8
3446902,9.792254079018287,6
3446914,9.734321558308313,12
3446923,9.801235979560147,9
3446925,9.97750075056579,2
3446934,9.805577624976904,9
3446944,9.780477595722036,10
3446950,9.8777085962452,6
3446957,9.88213344710529,7
3446961,9.925123613592614,4
3446974,9.713713463335258,13
3446986,9.727758831237908,12
3446987,10.0,1
3446996,9.820326930458247,9
3447004,9.856300276740052,8
3447010,9.893065921100336,6
3447020,9.82308533285898,10
3447031,9.738439224355817,11
3447035,9.922962109244038,4
3447046,9.802245307554982,11
3447058,9.746782125100912,12
3447076,9.661556087667,18
3447084,9.882717802328283,8
3447087,9.954686946573801,3
3447105,9.628592394344215,18
3447117,9.74068162057838,12
3447131,9.71538660917764,14
3447132,9.987976608621818,1
3447133,10.0,1
3447138,9.91850639083123,5
3447143,9.920422579368108,5
3447147,9.95575420418672,4
3447150,9.969745061733283,3
3447158,9.835803549228626,8
3447165,9.86401418619784,7
3447178,9.726549123688372,13
3447185,9.88043013603755,7
3447188,9.950425226605251,3
3447190,9.97462654298235,2
3447191,10.0,1
3447201,9.792609759491121,10
3447211,9.789772869581393,10
3447217,9.879736386194196,6
3447223,9.87578250826209,6
3447234,9.767101330835434,11
3447237,9.960156906570768,3
3447238,10.0,1
3447242,9.928200674519612,4
3447247,9.898326292160338,5
3447248,10.0,1
3447249,10.0,1
3447254,9.909483344014722,5
3447261,9.85201267029089,7
3447269,9.830742682051472,8
3447278,9.8065631739657,9
3447288,9.684188368636418,10
3447291,9.766076196732342,3
3447300,9.603984454210122,9
3447307,9.875289546638685,7
3447309,9.97606808041407,2
3447314,9.93078363675082,5
3447321,9.875868406293527,7
3447326,9.907286567398215,5
3447342,9.625017663192573,16
3447351,9.830193539340145,9
3447360,9.85447131780326,9
3447365,9.910580647700094,5
3447368,9.94847927843159,3
3447386,9.55620620616494,18
3447395,9.820571714978183,9
3447404,9.84285798120945,9
3447405,9.993317908344894,1
3447415,9.788118071248821,10
3447431,9.647730233825644,16
3447440,9.828766939146934,9
3447445,9.923153595266427,5
3447451,9.889894770333651,6
3447470,9.571366271446738,19
3447487,9.615345661934795,17
3447498,9.760494371963325,11
3447515,9.595594848121253,17
3447528,9.693510279466352,13
3447529,9.996375223652676,1
3447532,9.957835497084638,3
3447539,9.894736710395751,7
3447545,9.898281382289069,6
3447558,9.694049069666193,13
3447570,9.767505783641175,12
3447578,9.830775192254283,8
3447579,9.98770562784333,1
3447591,9.716836844189503,12
3447604,9.698696241895373,13
3447614,9.786389705268101,10
3447617,9.953316661537293,3
3447625,9.84614625110352,8
3447634,9.808851634578476,9
3447641,9.868174995313364,7
3447648,9.864697948025656,7
3447655,9.874808267316727,7
3447664,9.84330760138217,9
3447670,9.907116590068306,6
3447678,9.84339200150924,8
3447684,9.895503777114923,6
3447689,9.91688075751231,5
3447695,9.895687720032111,6
3447708,9.491990571048705,13
3447711,9.95714660001587,3
3447726,9.718208899035561,15
3447735,9.856831016939541,9
3447743,9.847982583053644,8
3447751,9.843103600483786,8
3447758,9.884396522729658,7
3447759,10.0,1
3447773,9.66684233745613,14
3447781,9.848547110787951,8
3447801,9.548372692164122,20
3447802,9.99665481153782,1
3447816,9.686445783377287,14
3447823,9.892907571797627,7
3447836,9.683358485122167,13
3447855,9.580444914108188,19
3447867,9.712293006648856,12
3447874,9.881305195770413,7
3447875,10.0,1
3447888,9.716048268505507,13
3447898,9.789208646651705,10
3447909,9.794272441919802,11
3447922,9.716993665578277,13
3447936,9.486322359467687,14
3447937,10.0,1
3447952,9.677494823027898,15
3447955,9.958912607491385,3
3447965,9.811842272003735,10
3447974,9.822375983529817,9
3447980,9.889798476139205,6
3447984,9.943561395167762,4
3447991,9.858420241686524,7
3448000,9.827661044363978,9
3448017,9.59927456869827,17
3448019,9.977024695733085,2
3448039,9.49383635601499,20
3448040,9.996435311110107,1
3448045,9.913379071210393,5
3448051,9.905118402379099,6
3448067,9.624720035985868,16
3448073,9.877645471318601,6
3448074,10.0,1
3448082,9.863776262064906,8
3448085,9.963799466180259,3
3448090,9.816747459961377,5
3448102,9.583501447513632,12
3448110,9.86049193304286,8
3448118,9.848835095936538,8
3448134,9.646963673519988,16
3448142,9.857028761206884,8
3448148,9.910979724722106,6
3448149,10.0,1
3448158,9.852395989429539,9
3448178,9.524885436126752,20
3448185,9.865807024361903,7
3448192,9.869684072305866,7
3448198,9.9163808369824,6
3448207,9.830921657055963,9
3448215,9.874192795649419,8
3448236,9.578971910333117,21
3448246,9.803454217978004,10
3448250,9.941238913857925,4
3448251,10.0,1
3448262,9.795005733738783,11
3448265,9.960290891447478,3
3448267,9.980690778070798,2
3448279,9.746267355655927,12
3448289,9.755810847115336,10
3448290,9.991536267644216,1
3448291,9.995641621616196,1
3448297,9.879366925052825,6
3448307,9.798958736206346,10
3448308,9.995809311842855,1
3448319,9.755387510382596,11
3448325,9.896701531768375,6
3448326,10.0,1
3448335,9.829843253406741,9
3448338,9.954323951176345,3
3448339,10.0,1
3448346,9.87063345345625,7
3448350,9.945902316302751,4
3448354,9.95288357397568,4
3448367,9.729688059748797,13
3448375,9.860464637833871,8
3448388,9.742454242902713,13
3448391,9.956986755245897,3
3448403,9.6818662370297,12
3448406,9.957767905217409,3
3448410,9.935004626435262,4
3448418,9.842445020244961,8
3448430,9.741263395825069,12
3448446,9.50101807853375,16
3448452,9.895476799816674,6
3448455,9.957512703311915,3
3448462,9.905140493788624,7
3448474,9.788719240795162,12
3448482,9.847519111695686,8
3448487,9.922772193652001,5
3448488,10.0,1
3448496,9.841715261585026,8
3448514,9.628470956262522,18
3448529,9.66218311044576,15
3448530,10.0,1
3448541,9.797197685075462,11
3448551,9.783376572212651,10
3448555,9.938339800204616,4
3448563,9.865961497046579,8
3448570,9.865636865550124,7
3448579,9.849378956082612,9
3448591,9.749116299792636,12
3448594,9.951051510891235,3
3448603,9.804841178278046,9
3448617,9.685553805470471,14
3448629,9.774155089082532,12
3448630,10.0,1
3448638,9.83726691306648,8
3448652,9.686954738573588,14
3448663,9.757642608467188,11
3448671,9.829251274779676,8
3448678,9.866064885942926,7
3448687,9.79150136574791,9
3448699,9.736225683752425,12
3448716,9.615247217023352,17
3448725,9.811922814478342,9
3448731,9.89634284581154,6
3448740,9.80696576233652,9
3448749,9.82056402341173,9
3448764,9.662048608711608,15
3448769,9.920720781909655,5
3448773,9.943485964990316,4
3448783,9.785412204290232,10
3448784,10.0,1
3448798,9.661674942523296,14
3448799,10.0,1
3448814,9.668401932216428,15
3448822,9.827299964326533,8
3448826,9.926739643489421,4
3448834,9.852692806035632,8
3448846,9.738616929883028,12
3448857,9.789728461512604,11
3448868,9.749275088610792,11
3448878,9.785098226388511,10
3448886,9.851942558477642,8
3448887,10.0,1
3448907,9.523944096327602,20
3448921,9.708630931211475,14
3448929,9.837460450162794,8
3448942,9.708445703020722,13
3448950,9.858955381675027,8
3448962,9.76199525686028,12
3448972,9.819953382679913,10
3448988,9.680085257645452,16
3449007,9.53719701482696,19
3449017,9.695093773586915,10
3449018,10.0,1
3449027,9.800403756639307,9
3449037,9.392480570004297,10
3449049,9.740947073991213,12
3449065,9.648042870129602,16
3449069,9.925457979642719,4
3449082,9.735573783514337,13
3449089,9.891543170570575,7
3449105,9.682798877189589,16
3449110,9.93267507943692,5
3449118,9.864258895434824,8
3449129,9.771622475148428,11
3449130,9.98683611061805,1
3449139,9.791559057662102,9
3449150,9.739184784032902,11
3449161,9.751035887007108,11
3449165,9.939250889725274,4
3449182,9.583171308202987,17
3449183,10.0,1
3449188,9.922227068547153,5
3449197,9.81778015327922,9
3449208,9.762279907201675,11
3449217,9.833753789461904,9
3449224,9.888972312654806,7
3449228,9.931322321740472,4
3449237,9.808463329842615,9
3449245,9.832312838949923,8
3449249,9.937813579296703,4
3449262,9.685193790598825,13
3449274,9.732233250441936,12
3449291,9.662966697171239,17
3449299,9.825981402444507,8
3449305,9.876239506769478,6
3449315,9.778822919020456,10
3449321,9.893693596731255,6
3449329,9.867119668028945,8
3449338,9.811865173727487,9
3449344,9.89221595537575,6
3449368,9.366549459421586,24
3449371,9.961366118548632,3
3449379,9.85386026863368,8
3449394,9.541511152575021,15
3449396,9.972245705877919,2
3449412,9.605609495760485,16
3449423,9.761650446594084,11
3449429,9.892339489966911,6
3449435,9.894008926264545,6
3449443,9.849068321226174,8
3449450,9.853105581231556,7
3449462,9.779613379787392,12
3449463,10.0,1
3449469,9.894940336066952,6
3449479,9.803218471266298,10
3449485,9.906591114493537,6
3449491,9.914627502370312,6
3449500,9.825081992994601,9
3449505,9.903171656949189,5
3449518,9.741909463450295,13
3449522,9.948770124620363,4
3449536,9.692261308296974,14
3449552,9.585481502440544,16
3449561,9.809142401610305,9
3449565,9.94343840551862,4
3449577,9.735742674959019,12
3449588,9.756920617439393,11
3449589,10.0,1
3449595,9.897160608411763,6
3449596,10.0,1
3449597,10.0,1
3449605,9.84759631202644,8
3449612,9.853555907803775,7
3449615,9.94763348338205,3
3449622,9.874693301720768,7
3449625,9.96762598047637,3
3449631,9.877012153900054,6
3449636,9.900318193388047,5
3449657,9.633604952798388,21
3449666,9.816420066755091,9
3449667,10.0,1
3449675,9.864004070568518,8
3449685,9.798307693377625,10
3449696,9.790279814468182,11
3449706,9.811895282851923,10
3449714,9.847287406994496,8
3449722,9.834611900525886,8
3449728,9.885106694351833,6
3449740,9.738592760258474,12
3449753,9.71480628316897,13
3449765,9.725004745533711,12
3449771,9.889008550410033,6
3449790,9.55707042908614,19
3449797,9.8692213205125,7
3449812,9.697837769536063,15
3449822,9.763108784221455,10
3449831,9.799509148788385,9
3449844,9.731066517170424,13
3449849,9.9271506475989,5
3449861,9.726125603713587,12
3449876,9.714899166434213,15
3449881,9.915211830327449,5
3449882,10.0,1
3449886,9.933456478608527,4
3449895,9.807089010592938,9
3449896,10.0,1
3449903,9.867447226490162,7
3449911,9.832866009160993,8
3449918,9.896330804316188,7
3449923,9.928698273514765,5
3449941,9.389330817852272,18
3449946,9.915096832908535,5
3449947,10.0,1
3449961,9.6883523743136,14
3449970,9.827836648020764,9
3449976,9.877174152601015,6
3449980,9.933112932742436,4
3449987,9.83701711100243,7
3449997,9.798535893117508,10
3450005,9.837180365393278,8
3450015,9.79860145665469,10
3450022,9.869388401721558,7
3450033,9.75746200756705,11
3450038,9.913606536238644,5
3450049,9.80671973593245,11
3450050,10.0,1
3450055,9.934357366676684,5
3450059,9.935466853778118,4
3450064,9.912744339461023,5
3450079,9.668064802940984,15
3450093,9.664927309872846,14
3450100,9.862768994398078,7
3450109,9.839952643313227,9
3450113,9.953125949851035,4
3450122,9.839428841485459,9
3450135,9.728455046451007,13
3450145,9.843812266026415,10
3450146,10.0,1
3450147,10.0,1
3450152,9.92450470187312,5
3450162,9.755905143231919,10
3450167,9.928589382787605,5
3450173,9.908731102030728,6
3450183,9.786392102951117,10
3450190,9.884055530991505,7
3450194,9.927576583406278,4
3450195,9.987248285178548,1
3450206,9.726642413527134,11
3450226,9.52422843760383,20
3450237,9.777451374677797,11
3450238,10.0,1
3450239,10.0,1
3450248,9.825046196115112,9
3450264,9.610074946659832,16
3450265,10.0,1
3450279,9.731991083533812,14
3450280,10.0,1
3450286,9.887827181431867,6
3450296,9.814835213798023,10
3450301,9.91780756110079,5
3450302,10.0,1
3450309,9.87481639331159,7
3450320,9.778292932920815,11
3450321,9.996068713809226,1
3450322,10.0,1
3450329,9.864869032348363,7
3450339,9.770799592846332,10
3450350,9.760441798370266,11
3450361,9.757322263037873,11
3450363,9.976369937194383,2
3450367,9.941995239041873,4
3450375,9.8572211853233,8
3450387,9.739812225234102,12
3450391,9.933013172628925,4
3450405,9.674061755675103,14
3450408,9.965482089864128,3
3450426,9.606442026413866,18
3450427,10.0,1
3450437,9.81666675113011,10
3450440,9.954582779126502,3
3450460,9.550301790550428,20
3450465,9.92826125265115,5
3450477,9.72488347575746,12
3450484,9.858118438296668,7
3450488,9.933527327969482,4
3450501,9.747080719210903,13
3450513,9.739279320914678,12
3450515,9.982811819772715,2
3450526,9.780555454050651,11
3450540,9.654601622981769,14
3450555,9.64910156066763,15
3450565,9.80865521185225,10
3450570,9.927052485895363,5
3450582,9.697816619625579,12
3450589,9.87436924462433,7
3450593,9.950873467726705,4
3450608,9.68290607480935,15
3450614,9.915520439163256,6
3450625,9.77201427574528,11
3450629,9.929822822108779,4
3450630,10.0,1
3450631,9.991992883376982,1
3450643,9.739073018598274,12
3450646,9.956339757056815,3
3450651,9.921349257297525,5
3450659,9.847844119753518,8
3450665,9.884387721270508,6
3450682,9.590508173738844,17
3450700,9.603968947035789,18
3450713,9.730371953491375,13
3450723,9.792575958611842,10
3450735,9.78799174834,12
3450754,9.600362570667993,19
3450756,9.984702565316598,2
3450768,9.728183400263417,12
3450777,9.82778750532416,9
3450794,9.625671830367109,17
3450806,9.743867870454997,12
3450813,9.884540162822047,7
3450826,9.715496033433045,13
3450839,9.704268641178164,13
3450845,9.908414370561788,6
3450855,9.785431760812038,10
3450860,9.926588835941756,5
3450866,9.913668294313183,6
3450881,9.701527786737234,15
3450886,9.930138779668095,5
3450896,9.782190842865086,10
3450903,9.878057850064192,7
3450911,9.827623971989993,8
3450914,9.968838436652714,3
3450920,9.892641197879408,6
3450933,9.725537110822929,13
3450943,9.788539163375177,10
3450949,9.909491065365497,6
3450950,9.987938544309968,1
3450957,9.872070773176326,7
3450967,9.798134468782939,10
3450981,9.695023843525775,14
3450986,9.927119899462005,5
3450994,9.83819066207227,8
3451000,9.905348370012524,6
3451008,9.868551770272514,8
3451022,9.674928697362532,14
3451031,9.855756881891256,9
3451044,9.73596236483558,13
3451056,9.728491684288315,12
3451061,9.918613915546135,5
3451066,9.917769978330918,5
3451073,9.873189892627634,7
3451082,9.83854989041276,9
3451097,9.687701705017664,15
3451106,9.81686863946053,9
3451113,9.846870248083908,7
3451124,9.787434594859361,11
3451132,9.859121097335917,8
3451139,9.863673729036266,7
3451143,9.939799841566435,4
3451153,9.79036795767088,10
3451166,9.73296600915806,13
3451176,9.818891401585473,10
3451181,9.937993857018315,5
3451184,9.948544719660815,3
3451185,10.0,1
3451192,9.868451582062471,7
3451203,9.802425427256882,11
3451215,9.763640076893486,12
3451224,9.82491307432819,9
3451227,9.948632922872436,3
3451228,9.996104792206006,1
3451249,8.844979829788436,21
3451261,9.757391542777308,12
3451263,9.973092778047146,2
3451274,9.790022191112485,11
3451286,9.70755814808523,12
3451306,9.473513948629156,20
3451318,9.716264884230876,12
3451330,9.759749294015185,12
3451334,9.92648777337856,4
3451347,9.704421786803811,13
3451362,9.691582357121963,15
3451372,9.84969153784019,10
3451377,9.913090577330372,5
3451380,9.95890953435776,3
3451381,10.0,1
3451397,9.647614949137804,16
3451411,9.688515753334558,14
3451420,9.809912260466666,9
3451421,10.0,1
3451428,9.883968283294584,7
3451434,9.873224653418738,6
3451435,10.0,1
3451444,9.839380995033114,9
3451452,9.833423937874048,8
3451456,9.930293354964267,4
3451465,9.80640868737943,9
3451475,9.8034961600434,10
3451481,9.907291684221063,6
3451496,9.695660538065635,15
3451511,9.65223729953553,15
3451514,9.951773774996083,3
3451527,9.613469396585451,13
3451534,9.883642982596925,7
3451542,9.862080717749771,8
3451548,9.876738706548174,6
3451554,9.894129806630113,6
3451568,9.712757118353721,14
3451578,9.78954827818097,10
3451583,9.918945561783337,5
3451586,9.959443019698638,3
3451595,9.810935009417138,9
3451600,9.91470286322096,5
3451608,9.822597058858234,8
3451615,9.858300363478174,7
3451624,9.827311039244918,9
3451633,9.83744197673859,9
3451641,9.853062114104171,8
3451645,9.944410185807412,4
3451646,10.0,1
3451654,9.862856898132026,8
3451661,9.848692290039144,7
3451673,9.444992705315729,12
3451683,9.794741193818082,10
3451692,9.839220462674854,9
3451701,9.80562789863159,9
3451712,9.785441892666029,11
3451721,9.845792969603387,9
3451725,9.93298403344787,4
3451730,9.923663137964944,5
3451745,9.657720591710726,15
3451746,10.0,1
3451763,9.583545323597114,17
3451768,9.903848271453228,5
3451785,9.57760820951516,17
3451803,9.62892826915417,18
3451816,9.721544006029479,13
3451821,9.916321895904527,5
3451824,9.964046884359478,3
3451838,9.714164417585541,14
3451847,9.795118636462997,9
3451848,10.0,1
3451849,10.0,1
3451863,9.701996298210112,14
3451864,10.0,1
3451869,9.920190537632731,5
3451872,9.961104092317932,3
3451887,9.633590763091508,15
3451900,9.715310625145593,13
3451914,9.728006107700594,14
3451922,9.827027280861708,8
3451934,9.728740621744054,12
3451935,9.996419840825807,1
3451945,9.795468420921734,10
3451953,9.834805117869355,8
3451966,9.720222598537454,13
3451978,9.669636642850026,12
3451993,9.669851434635799,15
3452003,9.7953341166701,10
3452016,9.734304578062252,13
3452031,9.660698962204076,15
3452035,9.932879158598675,4
3452043,9.876120408539489,8
3452054,9.74945880846265,11
3452064,9.77831667224982,10
3452066,9.979632977985757,2
3452070,9.942262779086668,4
3452078,9.85829069465997,8
3452089,9.77023855671822,11
3452090,10.0,1
3452104,9.72323899083213,14
3452117,9.685475325717947,13
3452120,9.96729272862062,3
3452137,9.642743811121644,17
3452138,10.0,1
3452144,9.890159986699858,6
3452157,9.705072319395267,13
3452158,10.0,1
3452165,9.886221885002637,7
3452166,10.0,1
3452174,9.832375758398085,8
3452184,9.799228132072109,10
3452189,9.9119808995611,5
3452191,9.979757384949695,2
3452199,9.889804865396913,8
3452209,9.788429703860773,10
3452219,9.794381389735873,10
3452226,9.896650603843561,7
3452240,9.696335994926182,14
3452247,9.871213675850003,7
3452248,10.0,1
3452254,9.695035422416415,6
3452267,9.720389377976979,13
3452276,9.7630148062307,9
3452284,9.816092122222075,8
3452294,9.800581426444307,10
3452304,9.803429291943393,10
3452310,9.89308680010407,6
3452318,9.82844282735806,8
3452326,9.834353583906275,8
3452334,9.839838260343537,8
3452341,9.88436096322523,7
3452351,9.805650757398404,10
3452359,9.849702973153628,8
3452371,9.719933794322094,12
3452375,9.931401276639988,4
3452385,9.514985632993346,10
3452393,9.808847383853108,8
3452396,9.954737995943383,3
3452401,9.915504146316762,5
3452409,9.887937927825904,8
3452420,9.750090887561049,11
3452429,9.80735106539004,9
3452436,9.878870124155945,7
3452445,9.840622411459854,9
3452462,9.618074703284892,17
3452467,9.93797353268439,5
3452475,9.84971285492345,8
3452491,9.591635389701828,16
3452499,9.854625820222568,8
3452509,9.79863491136117,10
3452515,9.921289095362258,6
3452519,9.946172560014118,4
3452528,9.826702230031323,9
3452540,9.729200706384107,12
3452548,9.85638624444547,8
3452555,9.879925888794013,7
3452567,9.725569420704572,12
3452577,9.799642940030658,10
3452588,9.767276189336437,11
3452605,9.619439313972613,17
3452606,10.0,1
3452614,9.654841378308625,8
3452634,9.576011587108313,20
3452643,9.822532760211203,9
3452659,9.65198274371707,16
3452660,10.0,1
3452669,9.831532759250255,9
3452670,10.0,1
3452673,9.953800641042985,3
3452686,9.731961011892391,13
3452687,9.996315512123129,1
3452694,9.88059321130507,7
3452703,9.812983548223379,9
3452720,9.562851102658273,17
3452721,10.0,1
3452730,9.825472561234745,9
3452741,9.78614957474388,11
3452748,9.857462616499959,7
3452755,9.88303539904452,7
3452762,9.86579640955815,7
3452774,9.658023063782057,12
3452778,9.940850171582076,4
3452789,9.439062138328257,11
3452810,9.517570141448251,21
3452815,9.91534772418797,5
3452827,9.748163485526854,12
3452830,9.96070290690788,3
3452844,9.65339262765419,14
3452851,9.861460744156457,7
3452858,9.871865416476725,7
3452860,9.975154523842622,2
3452870,9.799579694312397,10
3452881,9.760614121214179,11
3452884,9.96308251781948,3
3452885,10.0,1
3452896,9.760572606644304,11
3452907,9.784490420130851,11
3452918,9.775914531058884,11
3452923,9.82260262286616,5
3452935,9.739932320938589,12
3452936,9.996225237445094,1
3452944,9.850808621286717,8
3452948,9.94119792114457,4
3452958,9.789700892140706,10
3452965,9.878347695059455,7
3452975,9.788683027527025,10
3452982,9.871366234646143,7
3452990,9.84118316714515,8
3452994,9.948261908643447,4
3453004,9.809542867758074,10
3453020,9.624468097472791,16
3453031,9.744217200450173,11
3453032,9.993074256738355,1
3453042,9.78764758466447,10
3453058,9.64445521937023,16
3453071,9.711274618515585,13
3453078,9.883739984244398,7
3453095,9.613381940208946,17
3453104,9.803574284176573,9
3453115,9.797867116508332,11
3453119,9.933768917715943,4
3453124,9.917665083942294,5
3453135,9.75465653367424,11
3453144,9.698679956026886,9
3453155,9.685155023741931,11
3453161,9.865448457243467,6
3453181,9.600271923119658,20
3453188,9.674822502373559,7
3453197,9.813144068546158,9
3453206,9.826115498460625,9
3453219,9.70509094286338,13
3453222,9.964416239507317,3
3453230,9.834091842853947,8
3453246,9.601093891453752,16
3453252,9.910232135540635,6
3453256,9.942715968332765,4
3453258,9.974515149460634,2
3453264,9.880031073667583,6
3453276,9.758960149563176,12
3453277,10.0,1
3453286,9.830525484608778,9
3453295,9.810659064854788,9
3453303,9.845658951346618,8
3453306,9.956912790995299,3
3453317,9.770631045542215,11
3453321,9.934351252222346,4
3453329,9.828556996679895,8
3453339,9.761188876867466,10
3453352,9.703253881632902,13
3453354,9.979704782737201,2
3453358,9.918198270856877,4
3453359,10.0,1
3453367,9.749644215761837,8
3453373,9.893584649584174,6
3453382,9.826008828034896,9
3453389,9.852556352800145,7
3453404,9.672923208099428,15
3453405,10.0,1
3453414,9.830694881765162,9
3453415,10.0,1
3453425,9.809758706420604,10
3453432,9.861574535679537,7
3453443,9.773174041658082,11
3453459,9.634841348242404,16
3453470,9.753574812480151,11
3453472,9.972400212140267,2
3453482,9.790709188579893,10
3453486,9.94660612855196,4
3453497,9.77627973628678,11
3453504,9.896948495773227,7
3453508,9.942715638187018,4
3453527,9.495884450943063,19
3453531,9.9451835226455,4
3453539,9.86153670628725,8
3453551,9.757390606446233,12
3453556,9.913125661710476,5
3453562,9.89533519744318,6
3453576,9.586923205528004,14
3453583,9.864178284888094,7
3453584,10.0,1
3453603,9.523275700802865,19
3453614,9.790389627225586,11
3453621,9.856537007665375,7
3453625,9.945223884190884,4
3453636,9.76547036160288,11
3453644,9.870350751421002,8
3453654,9.80698716985469,10
3453669,9.65789965683521,15
3453675,9.908087039604933,6
3453678,9.969590879675325,3
3453685,9.840225041720704,7
3453693,9.841367195020089,8
3453709,9.675468205543721,16
3453724,9.410429521750794,15
3453732,9.851477479674386,8
3453739,9.892244482630383,7
3453751,9.387112252438703,12
3453754,9.955938652319329,3
3453755,10.0,1
3453759,9.932378238653056,4
3453767,9.856784717306704,8
3453772,9.903309337590176,5
3453773,9.992225100500583,1
3453788,9.47903659378712,15
3453796,9.853039071025595,8
3453809,9.715790144285823,13
3453817,9.848115348984635,8
3453823,9.880751050267625,6
3453831,9.862156030397447,8
3453837,9.895524030891,6
3453845,9.876593828100102,8
3453852,9.88558867929697,7
3453858,9.874100270100485,6
3453867,9.818104230483135,9
3453874,9.887986590882818,7
3453884,9.803441210074315,10
3453885,10.0,1
3453897,9.73185427080341,12
3453902,9.924402544911837,5
3453909,9.88534602443879,7
3453931,9.508720171791474,22
3453936,9.921714094399524,5
3453943,9.878270574002062,7
3453949,9.883878651867764,6
3453954,9.914543056060088,5
3453967,9.696457334300757,13
3453968,10.0,1
3453979,9.78537746051737,11
3453980,10.0,1
3453982,9.972184583280459,2
3453987,9.91677596182218,5
3453988,9.995730911177029,1
3453998,9.590047736208662,10
3453999,9.992721209259953,1
3454015,9.372538480865854,16
3454020,9.913951524517323,5
3454023,9.965615713361185,3
3454029,9.896546172481713,6
3454030,10.0,1
3454041,9.766251875817156,11
3454051,9.793547143912361,10
3454058,9.874629735103476,7
3454060,9.97322658952665,2
3454071,9.754872244916287,11
3454086,9.712489360151016,15
3454108,9.55331873322887,22
3454116,9.849419583654306,8
3454124,9.838244280098316,8
3454132,9.836097178978479,8
3454145,9.741291600694788,13
3454156,9.76099267805205,11
3454160,9.944715179322428,4
3454169,9.810245003097496,9
3454179,9.795358629898974,10
3454191,9.732492351095194,12
3454204,9.698705884044221,13
3454211,9.877797120711536,7
3454219,9.855330268675068,8
3454229,9.7918583809384,10
3454234,9.924350616687462,5
3454246,9.72102405914867,12
3454253,9.860929301837473,7
3454260,9.880221184775245,7
3454277,9.60779341713763,17
3454288,9.783750946770512,11
3454301,9.757014979893894,13
3454305,9.942917252521013,4
3454306,10.0,1
3454325,9.561408965120727,19
3454332,9.868741414474975,7
3454341,9.83527018120327,9
3454350,9.808594526535778,9
3454359,9.808399091815314,9
3454364,9.910717424823389,5
3454367,9.961821024989465,3
3454372,9.911086473467412,5
3454378,9.878666547118366,6
3454383,9.903970831648094,5
3454400,9.669191989123723,17
3454404,9.92699407149498,4
3454405,10.0,1
3454416,9.748976835430613,11
3454425,9.797756351663157,9
3454437,9.734617426767722,12
3454444,9.865833826812668,7
3454456,9.742777263930632,12
3454465,9.835104697478204,9
3454471,9.892611969997606,6
3454472,10.0,1
3454478,9.910402036028458,6
3454483,9.917944414110403,5
3454487,9.94296526534684,4
3454496,9.821972818414524,9
3454500,9.934496681980486,4
3454510,9.781325347657527,10
3454520,9.810786966687456,10
3454523,9.961515467257264,3
3454524,10.0,1
3454537,9.71313860644281,13
3454549,9.75439581354947,12
3454553,9.940003593734602,4
3454562,9.80335412457988,9
3454569,9.895489881075953,7
3454579,9.786171206891536,10
3454593,9.727844241612571,14
3454594,10.0,1
3454602,9.84895052138013,8
3454609,9.881058791589464,7
3454619,9.782951573110351,10
3454627,9.837897144154915,8
3454632,9.923686352709701,5
3454640,9.879015547531923,8
3454653,9.708795852664895,13
3454659,9.886730237271811,6
3454667,9.835300382032395,8
3454674,9.879990878924097,7
3454687,9.695483158822544,13
3454693,9.89461609240057,6
3454700,9.894092143357694,7
3454708,9.859214492412741,8
3454709,10.0,1
3454710,10.0,1
3454717,9.87860987320046,7
3454722,9.906252190719169,5
3454731,9.736719571967555,9
3454747,9.670752256747079,16
3454756,9.644679389897856,9
3454757,10.0,1
3454771,9.679374495369572,14
3454781,9.798517423042735,10
3454794,9.770124070594667,13
3454795,10.0,1
3454801,9.901235074149946,6
3454802,10.0,1
3454805,9.948106984996116,3
3454819,9.732434447242712,14
3454825,9.899013095155437,6
3454839,9.69698390545594,14
3454849,9.800581355509662,10
3454854,9.923274266958353,5
3454864,9.772624089226287,10
3454869,9.902023163209533,5
3454877,9.835682088931435,8
3454888,9.760665322100689,11
3454901,9.730350596138015,13
3454910,9.82278898143259,9
3454915,9.927389022083696,5
3454930,9.668627715147577,15
3454941,9.76674004801273,11
3454945,9.936877949093113,4
3454949,9.943258024249669,4
3454959,9.807504094027756,10
3454973,9.701026249648013,14
3454980,9.85340562270669,7
3454989,9.819888180944629,9
3454997,9.861177314278775,8
3455010,9.726004472425853,13
3455011,10.0,1
3455012,10.0,1
3455025,9.701359770498449,13
3455038,9.705294021184505,13
3455039,10.0,1
3455046,9.875570433376978,7
3455053,9.854040640877354,7
3455065,9.734554731456203,12
3455072,9.882102090435025,7
3455073,10.0,1
3455077,9.938035512599726,4
3455078,9.996445517911807,1
3455088,9.830115486377933,10
3455089,10.0,1
3455097,9.835314143823883,8
3455098,9.99164621196796,1
3455108,9.778431762475353,10
3455114,9.893218369155715,6
3455129,9.65359459789868,15
3455139,9.787259076109661,10
3455148,9.821946433215368,9
3455155,9.875847770685981,7
3455170,9.66649500056696,15
3455180,9.786490034913388,10
3455189,9.8054292179147,9
3455200,9.795495616911401,11
3455203,9.763684934870353,3
3455214,9.76893655625464,11
3455223,9.823164086989289,9
3455228,9.923289056405,5
3455235,9.871713902790688,7
3455242,9.084125769222831,7
3455253,9.448366638408638,11
3455263,9.831070042950937,10
3455269,9.891155607412585,6
3455277,9.855562453167778,8
3455285,9.864890497470702,8
3455303,9.547759962285733,18
3455304,9.99304894592985,1
3455305,10.0,1
3455306,10.0,1
3455315,9.83224314200788,9
3455317,9.975022092889796,2
3455327,9.811110890324043,10
3455335,9.840336457474287,8
3455341,9.884022894974079,6
3455352,9.766033267948101,11
3455363,9.806701434683083,11
3455371,9.7377226661487,8
3455376,9.915059028542853,5
3455389,9.697706161886003,13
3455395,9.890022889649895,6
3455405,9.784006721295192,10
3455406,9.993327614591822,1
3455408,9.96829234411401,2
3455414,9.91048740548138,6
3455426,9.766775617747204,12
3455429,9.957415278645342,3
3455434,9.917078986951488,5
3455446,9.757747698573294,12
3455454,9.827528247918723,8
3455458,9.943583254193495,4
3455459,10.0,1
3455463,9.935027683159829,4
3455468,9.928220568530362,5
3455475,9.86075139565614,7
3455483,9.740467735803573,8
3455485,9.969918039446585,2
3455488,9.95398791687059,3
3455502,9.712883025573799,14
3455512,9.798090828737095,10
3455513,9.996722768992454,1
3455519,9.879002706862034,6
3455530,9.81262040602368,11
3455539,9.803975406200276,9
3455552,9.697117579488197,13
3455563,9.743655916584617,11
3455578,9.702526747470676,15
3455583,9.8288608609464,5
3455592,9.516341526393246,9
3455602,9.806390806135468,10
3455615,9.717074134174702,13
3455624,9.817907342278769,9
3455630,9.888409730416573,6
3455649,9.562027398633088,19
3455657,9.833008651645429,8
3455664,9.887540479447418,7
3455670,9.891862122667465,6
3455686,9.66196116793553,16
3455697,9.750891680404452,11
3455717,9.51187224100876,20
3455718,10.0,1
3455731,9.730959983665295,13
3455740,9.828664027730357,9
3455741,9.996522205456161,1
3455747,9.893265822800068,6
3455756,9.80167928234562,9
3455761,9.929491720651304,5
3455774,9.721995907626779,13
3455788,9.691516745232247,14
3455799,9.755741637956188,11
3455812,9.690104105686288,13
3455817,9.917694831092803,5
3455821,9.926758552626408,4
3455838,9.593070280863335,17
3455850,9.726198910576946,12
3455856,9.885739451574123,6
3455857,10.0,1
3455866,9.797452057461145,9
3455879,9.701478573661019,13
3455885,9.91392399310507,6
3455894,9.81655039488177,9
3455910,9.612137124900448,16
3455911,10.0,1
3455915,9.932106494673082,4
3455926,9.746958334220597,11
3455939,9.718922526514628,13
3455948,9.81103456654769,9
3455963,9.666124182827991,15
3455967,9.942229714533312,4
3455977,9.659713870100719,10
3455985,9.84078667701261,8
3455999,9.66312236212102,14
3456006,9.85968689431488,7
3456015,9.801966216280842,9
3456018,9.963422456843087,3
3456027,9.818921722019798,9
3456034,9.858210284966963,7
3456045,9.778374988108713,11
3456055,9.781879672921704,10
3456056,10.0,1
3456065,9.797792335061256,9
3456071,9.918718634773262,6
3456082,9.759843394313501,11
3456086,9.939180969488417,4
3456093,9.882324495331078,7
3456098,9.9021394570772,5
3456114,9.616999929189536,16
3456127,9.726028437181471,13
3456139,9.643633213750594,12
3456151,9.710920189639047,12
3456160,9.81840007345562,9
3456172,9.731071612966614,12
3456178,9.874169057960097,6
3456179,10.0,1
3456185,9.89250298504357,6
3456193,9.828834685406944,8
3456201,9.851712815819505,8
3456212,9.781238351759363,11
3456220,9.81411833402428,8
3456223,9.95265306685043,3
3456224,10.0,1
3456236,9.736748572547414,12
3456237,10.0,1
3456241,9.92853060156244,4
3456250,9.806224764042481,9
3456253,9.943412396779737,3
3456265,9.725549337879922,12
3456273,9.80913258832449,8
3456281,9.818662401185488,8
3456288,9.888816351713656,7
3456298,9.812441004015426,10
3456303,9.920275082314673,5
3456318,9.6504975944585,15
3456325,9.860477646382526,7
3456336,9.746316085580913,11
3456347,9.788889704142909,11
3456358,9.754519744954244,11
3456370,9.70787390798232,12
3456371,10.0,1
3456377,9.882512606236714,6
3456378,10.0,1
3456379,10.0,1
3456388,9.82502198571354,9
3456395,9.857369284307374,7
3456407,9.753926366631227,12
3456409,9.974096702245461,2
3456422,9.704925617754197,13
3456426,9.946427615872615,4
3456435,9.818215352835942,9
3456443,9.835168565196764,8
3456452,9.717620529104737,9
3456467,9.661609187534145,15
3456470,9.961759711190863,3
3456481,9.766723627804623,11
3456491,9.790237490957809,10
3456498,9.853651529165766,7
3456503,9.93879654744729,5
3456512,9.803360297857479,9
3456519,9.865277867871844,7
3456527,9.836158299844204,8
3456533,9.888240356622314,6
3456539,9.915499670767963,6
3456555,9.647072925164956,16
3456562,9.879973102878301,7
3456566,9.94647205107585,4
3456579,9.711968398934893,13
3456591,9.727311283395778,12
3456604,9.71631335220051,13
3456614,9.785759231063318,10
3456617,9.967562919791407,3
3456618,10.0,1
3456621,9.958306756493648,3
3456642,9.506656407890413,21
3456650,9.849467841099584,8
3456659,9.81230292956288,9
3456665,9.882870359073907,6
3456670,9.928507984935262,5
3456681,9.731636264989298,11
3456691,9.781286477035405,10
3456706,8.42104371764417,15
3456707,10.0,1
3456709,9.975363446869657,2
3456719,9.809149765707174,10
3456728,9.815172184903533,9
3456729,10.0,1
3456735,9.891924133974713,6
3456742,9.864420795569172,7
3456752,9.773393318413731,10
3456765,9.720539401957096,13
3456771,9.894947492127512,6
3456775,9.937882796022002,4
3456787,9.734627381276239,12
3456798,9.771825862158659,11
3456807,9.827725734036584,9
3456815,9.844960899349843,8
3456825,9.791747897308543,10
3456835,9.76959178316236,10
3456844,9.834040571543833,9
3456853,9.826271879679716,9
3456869,9.628185590581129,16
3456884,9.655823296305966,15
3456885,9.996159118862677,1
3456888,9.957597278537659,3
3456890,9.979723122266975,2
3456897,9.864584396671557,7
3456908,9.7642756522251,11
3456909,10.0,1
3456917,9.830236198073077,8
3456932,9.674241818658075,15
3456934,9.978752529579056,2
3456939,9.92421404914738,5
3456952,9.730607376055026,13
3456970,9.631163449359482,18
3456978,9.842186058766256,8
3456981,9.959642685367932,3
3456983,9.972826974510552,2
3456995,9.730717588981769,12
3457004,9.801013342225662,9
3457005,10.0,1
3457008,9.960658296171845,3
3457021,9.74755223551961,13
3457022,10.0,1
3457027,9.72436521118562,5
3457035,9.846629672244074,8
3457045,9.827605823088142,10
3457055,9.775043772738023,10
3457058,9.949929719652925,3
3457069,9.780454676615742,11
3457082,9.729149733006993,13
3457083,10.0,1
3457097,9.679654598589483,14
3457110,7.403853049928283,13
3457119,9.816172951386662,9
3457122,9.952719185871356,3
3457126,9.934211524370307,4
3457127,9.99614955296302,1
3457133,9.89639507390484,6
3457138,9.932378268340274,5
3457151,9.710246272129524,13
3457157,9.897842289308493,6
3457172,9.687777457623863,15
3457181,9.644685613250122,9
3457185,9.938221405532456,4
3457196,9.767948792692275,11
3457208,9.732641874074707,12
3457220,9.762690169597692,12
3457221,10.0,1
3457229,9.837708612328788,8
3457241,9.741089595585537,12
3457257,9.65084726668474,16
3457267,9.811107500608308,10
3457279,9.72622629783004,12
3457286,9.901538473541146,7
3457288,9.985091427917132,2
3457289,9.996407569890073,1
3457296,9.872677287221018,7
3457310,9.66799062819798,14
3457318,9.742588951727539,8
3457329,9.752663417776018,11
3457338,9.788365097361037,9
3457339,10.0,1
3457346,9.871581467186639,7
3457357,9.748654492602826,11
3457368,9.770679581041595,11
3457378,9.776504748362715,10
3457389,9.739188863277084,11
3457393,9.945345258483403,4
3457401,9.822580172260178,8
3457402,10.0,1
3457410,9.837651044608094,8
3457416,9.908341355390608,6
3457423,9.885628369852116,7
3457433,9.796811539378062,10
3457454,8.386537512319556,21
3457462,9.845502289153503,8
3457475,9.69644953509472,13
3457483,9.82280323362238,8
3457495,9.742345605379608,12
3457504,9.821914183471234,9
3457514,9.811759771725903,10
3457519,9.925597979757253,5
3457526,9.894814996129814,7
3457527,10.0,1
3457533,9.881522681952463,6
3457538,9.920629485520221,5
3457539,10.0,1
3457549,9.799033811495384,10
3457565,9.663412273628639,16
3457568,9.965627553588991,3
3457577,9.843714739295027,9
3457586,9.831102083060467,9
3457596,9.803275828450243,10
3457601,9.919403298064429,5
3457602,10.0,1
3457603,10.0,1
3457604,9.996453001615102,1
3457612,9.835117785386526,8
3457620,9.858843866779264,8
3457631,9.756407536013809,11
3457644,9.693185054183934,13
3457647,9.959431752896073,3
3457659,9.763608237646677,12
3457663,9.949496037894603,4
3457671,9.85298822455073,8
3457681,9.80889102034674,10
3457686,9.906428204240635,5
3457694,9.84697279737151,8
3457704,9.789050411505242,10
3457713,9.805752326009506,9
3457718,9.929745448384578,5
3457729,9.769057384413228,11
3457730,9.996627608263655,1
3457740,9.81026479144649,10
3457748,9.84651165591024,8
3457758,9.778283935982689,10
3457771,9.70304846301196,13
3457787,9.651497869802094,16
3457798,9.748636505167209,11
3457802,9.93447797716347,4
3457819,9.619414695132901,17
3457822,9.969425857678026,3
3457835,9.702219443767959,13
3457842,9.890841575275132,7
3457850,9.837510576189553,8
3457855,9.92228952589655,5
3457856,9.997006030298307,1
3457865,9.814231879407028,9
3457879,9.72089831994125,14
3457891,9.767425504568546,12
3457906,9.671203665382805,15
3457911,9.930754217108515,5
3457919,9.845316177662895,8
3457933,9.652126589688631,14
3457950,9.659042590174598,17
3457967,9.448693422718968,17
3457973,9.896061683473944,6
3457984,9.774039833785128,11
3457988,9.95857091178541,4
3457996,9.854017271409766,8
3458008,9.72179423943028,12
3458021,9.70230489229502,13
3458029,9.846136613606273,8
3458039,9.796120824230256,10
3458053,9.671310284255684,14
3458065,9.750183705676708,12
3458075,9.802128384077463,10
3458082,9.878816413224097,7
3458094,9.71869183959781,12
3458096,9.973805210057709,2
3458104,9.834696274620901,8
3458117,9.760920485191596,13
3458123,9.908749126721629,6
3458135,9.56161859148543,12
3458148,9.728896114269062,13
3458154,9.886262142699689,6
3458155,10.0,1
3458166,9.758982760326555,11
3458174,9.857939934824486,8
3458183,9.816439374781456,9
3458188,9.930562845674759,5
3458192,9.93408177054136,4
3458201,9.799956447379808,9
3458208,9.876368172325487,7
3458219,9.758633419239494,11
3458233,9.693924788240672,14
3458247,9.679834869373064,14
3458256,9.814567743010167,9
3458272,9.631814233546626,16
3458281,9.79643095992843,9
3458290,9.814596800949573,9
3458304,9.650927437473193,14
3458312,9.837237615039099,8
3458315,9.96595931168139,3
3458330,9.645682935942485,15
3458346,9.654786094504919,16
3458356,9.76564110295043,10
3458364,9.836953747217011,8
3458365,10.0,1
3458372,9.883112618717412,7
3458379,9.862318340235214,7
3458386,9.874970595675908,7
3458402,9.642997618579377,16
3458412,9.773428083368474,10
3458422,9.792852655932188,10
3458433,9.751174425787223,11
3458448,9.49305225456539,15
3458465,9.645861076820088,17
3458480,9.639824072768866,15
3458488,9.845456599722183,8
3458495,9.884629754402829,7
3458501,9.873182628540462,6
3458509,9.815961691288015,8
3458524,9.68560275364203,15
3458531,9.877035290259807,7
3458532,9.99275771755438,1
3458533,10.0,1
3458536,9.955513566213607,3
3458546,9.805897685452956,10
3458556,9.803293859337243,10
3458580,9.590933762854533,24
3458591,9.766000117193345,11
3458602,9.757196269032262,11
3458610,9.865072088933706,8
3458621,9.750228446424197,11
3458637,9.657731494996264,16
3458649,9.76569725912326,12
3458660,9.727714179210613,11
3458671,9.780639428900127,11
3458679,9.848287782697026,8
3458682,9.963072256491907,3
3458690,9.82220236201875,8
3458699,9.80244066927508,9
3458707,9.871552186273117,8
3458715,9.855108631160505,8
3458720,9.919998184990778,5
3458734,9.721254400824158,14
3458735,10.0,1
3458744,9.82968593039143,9
3458749,9.928303451426629,5
3458750,9.993259765646481,1
3458763,9.730241633584331,13
3458769,9.895571743144988,6
3458786,9.6647931038964,17
3458796,9.766498915637177,10
3458801,9.914291944678311,5
3458808,9.887070549552785,7
3458819,9.763811161585489,11
3458833,9.679497650571225,14
3458840,9.873636079915608,7
3458852,9.737682135263382,12
3458865,9.72671592923044,13
3458878,9.807368651764456,13
3458884,9.898867929432107,6
3458895,9.598822879588843,11
3458899,9.937707378787849,4
3458911,9.738507526586952,12
3458919,9.840528311326098,8
3458928,9.808610513687615,9
3458938,9.800668880265874,10
3458943,9.924220759858859,5
3458951,9.842940014815555,8
3458956,9.924680899564706,5
3458968,9.714039386271608,12
3458974,9.894962269225012,6
3458979,9.923466101590698,5
3458989,9.781113552213403,10
3458997,9.854343726318298,8
3459007,9.801751349777673,10
3459023,9.6645322928059,16
3459032,9.827658266877815,9
3459052,9.637760963176355,20
3459056,9.936292080962513,4
3459057,10.0,1
3459063,9.879415918449103,6
3459070,9.859743911266277,7
3459078,9.652854571711206,8
3459087,9.803781739164236,9
3459091,9.930595913410528,4
3459092,10.0,1
3459094,9.972192008298917,2
3459101,9.879864825227461,7
3459111,9.808472188852358,10
3459125,9.748047228247476,14
3459130,9.924992322055656,5
3459131,10.0,1
3459141,9.782387198773208,10
3459160,9.339302971910675,19
3459176,9.702724580709214,16
3459188,9.735765567103035,12
3459201,9.722585073903666,13
3459205,9.930882351253324,4
3459215,9.811192741231062,10
3459221,9.902436919074292,6
3459228,9.847225770964487,7
3459237,9.815039147569706,9
3459242,9.908542993106805,5
3459263,9.488589288285826,21
3459273,9.790714423701411,10
3459287,9.716751007724346,14
3459294,9.869869213374184,7
3459304,9.676108049707212,10
3459313,9.859123142620668,9
3459323,9.769867506218196,10
3459336,9.70089501739795,13
3459337,10.0,1
3459342,9.902027767051509,5
3459358,9.644410715718926,16
3459359,10.0,1
3459370,9.584226181129852,11
3459383,9.703781793628824,13
3459394,9.785928316715571,11
3459395,10.0,1
3459406,9.754600024388234,11
3459413,9.860487244115788,7
3459414,10.0,1
3459429,9.65456000757794,15
3459433,9.92615129733827,4
3459445,9.791620481099029,12
3459455,9.779224196572136,10
3459463,9.867389296231668,8
3459478,9.690645008644973,15
3459490,9.738342184153433,12
3459499,9.833428742644916,9
3459506,9.868273427544285,7
3459513,9.879781865747079,7
3459517,9.93504921862617,4
3459531,9.698451757487042,14
3459536,9.913599919079237,5
3459544,9.84490237435773,8
3459555,9.78475696856453,11
3459568,9.772012617791416,13
3459576,9.83914928445057,8
3459583,9.89141941433252,7
3459589,9.91054143797354,6
3459595,9.886149523567388,6
3459602,9.867657023433713,7
3459616,9.68533089107105,14
3459626,9.800602309772543,10
3459634,9.840023250864217,8
3459643,9.831872682160588,9
3459656,9.71434516884334,13
3459660,9.951081160798205,4
3459674,9.68371269983596,14
3459683,9.827368642292985,9
3459690,9.887295932239143,7
3459697,9.860095881355868,7
3459704,9.883213240239725,7
3459716,9.747044760288755,12
3459721,9.90339212304369,5
3459730,9.814471496657681,9
3459731,10.0,1
3459733,9.973900726843393,2
3459743,9.806276523741564,10
3459753,9.77562551866934,10
3459773,9.494183064138417,20
3459781,9.82292045439699,8
3459793,9.754769094856973,12
3459809,9.608139035689739,16
3459813,9.922487421388274,4
3459822,9.813215839294559,9
3459832,9.801739652022368,10
3459839,9.850490483330853,7
3459846,9.862686174476112,7
3459848,9.982251258554664,2
3459857,9.87218836718485,9
3459863,9.881332321820942,6
3459871,9.844014824317265,8
3459879,9.84994008591455,8
3459887,9.85011189774783,8
3459893,9.898246876968342,6
3459902,9.842905141949577,9
3459913,9.78456853312354,11
3459925,9.735785254628071,12
3459937,9.717367766460033,12
3459941,9.95006726285698,4
3459960,9.558310860795752,19
3459975,9.654606074937083,15
3459986,9.766879755869237,11
3459995,9.84620519248455,9
3460001,9.902287270495194,6
3460007,9.89226833687723,6
3460016,9.836609865555932,9
3460020,9.932819862315014,4
3460026,9.900905505608888,6
3460031,9.926581157912196,5
3460041,9.79535649085338,10
3460046,9.92744302722134,5
3460060,9.693713654130288,14
3460067,9.879086706328517,7
3460073,9.902522438183588,6
3460077,9.838372766582086,4
3460083,9.89114427123661,6
3460085,9.975341913606997,2
3460091,9.791666857581042,6
3460104,9.292168977034233,13
3460115,9.764512681084648,11
3460128,9.790880884664999,13
3460136,9.836633170391547,8
3460145,9.819861153568505,9
3460155,9.791640553057086,10
3460159,9.944874256840299,4
3460160,9.989093342628488,1
3460172,9.753564197109514,12
3460188,9.660475094956318,16
3460190,9.982160802848695,2
3460201,9.762665413004534,11
3460208,9.842384050386304,7
3460213,9.920848780756554,5
3460224,9.78356385588103,11
3460232,9.828167670805374,8
3460246,9.688367778657158,14
3460253,9.88794731640648,7
3460266,9.724081888695226,13
3460270,9.938540374405914,4
3460275,9.90636889829668,5
3460281,9.89402514007293,6
3460287,9.911111109087592,6
3460288,10.0,1
3460298,9.774569582153262,10
3460312,9.677446628172,14
3460318,9.892978681050746,6
3460324,9.865712904310593,6
3460337,9.131501929167474,13
3460351,9.669233028508954,14
3460364,9.699912114295898,13
3460368,9.94749172704813,4
3460387,9.539742127125939,19
3460394,9.870619784939546,7
3460401,9.869394196199366,7
3460408,9.860305680248237,7
3460419,9.740383539724483,11
3460430,9.776692301905971,11
3460441,9.664671915451436,11
3460451,9.804608157432394,10
3460464,9.705446984609575,13
3460468,9.939414699630998,4
3460479,9.743480725706245,11
3460481,9.974563654203347,2
3460491,9.775664821126687,10
3460497,9.885993661898526,6
3460508,9.746229023014205,11
3460523,9.676792463186521,15
3460527,9.939051025183817,4
3460539,9.730060732863999,12
3460545,9.913652215909298,6
3460552,9.876298114873908,7
3460559,9.900035901454746,7
3460567,9.842708896133445,8
3460575,9.861596662542391,8
3460584,9.814926336977152,9
3460595,9.764456359571776,11
3460602,9.868074517513518,7
3460613,9.77590087227074,11
3460626,9.708058320450625,13
3460635,9.818239743946355,9
3460636,9.993622932911386,1
3460646,9.793049251143753,10
3460653,9.883765584070048,7
3460667,9.691357368005795,14
3460678,9.754973678436015,11
3460693,9.645828015071128,15
3460703,9.788193177780952,10
3460709,9.897669254520972,6
3460714,9.926124958862891,5
3460721,9.873280097000574,7
3460727,9.896874492273772,6
3460739,9.778795511709577,12
3460750,9.774319930480978,11
3460757,9.873828028492115,7
3460763,9.897634650950206,6
3460769,9.877010786016301,6
3460779,9.776286181166162,10
3460780,10.0,1
3460785,9.917509941932833,5
3460795,9.80159675129378,10
3460803,9.846868956324197,8
3460817,9.687541569213668,14
3460822,9.92489117608654,5
3460823,9.989491166804793,1
3460831,9.842140528205848,8
3460835,9.939814114472867,4
3460837,9.984031775272936,2
3460848,9.761648479433584,11
3460851,9.961004815128558,3
3460858,9.859315985710438,7
3460869,9.778998144970512,11
3460880,9.747707273588842,11
3460889,9.838978353000643,9
3460890,10.0,1
3460903,9.71757556337234,13
3460912,9.796540638843174,9
3460918,9.902990210604155,6
3460928,9.803568830032457,10
3460930,9.971589765073434,2
3460950,9.631368460754613,20
3460958,9.87232206500962,8
3460959,10.0,1
3460968,9.837251684861942,9
3460981,9.75260042493187,13
3461000,9.58123018390118,19
3461011,9.758536928589892,11
3461012,10.0,1
3461016,9.942588588956722,4
3461023,9.880787915118958,7
3461033,9.777475005922344,10
3461045,9.739622092128712,12
3461057,9.751125192233058,12
3461063,9.890266881668301,6
3461074,9.764847584803121,11
3461077,9.94909489586008,3
3461085,9.831222121983432,8
3461092,9.875131808223376,7
3461099,9.872651528977304,7
3461104,9.925265742061736,5
3461108,9.947777819607557,4
3461119,9.757037344770476,11
3461124,9.92538200309214,5
3461135,9.811109824977674,11
3461141,9.821066968629188,6
3461157,9.615706088711361,16
3461170,9.568441016433784,13
3461171,10.0,1
3461172,10.0,1
3461182,9.798821003528841,10
3461191,9.841282312193867,9
3461206,9.660015531790432,15
3461214,9.858167639303662,8
3461222,9.843013066243753,8
3461234,9.748328984733414,12
3461240,9.89320500621447,6
3461244,9.931467434515312,4
3461260,9.6386583149783,16
3461272,9.730200985573276,12
3461288,9.66546219015569,16
3461298,9.792724545445294,10
3461301,9.955921540435888,3
3461302,10.0,1
3461309,9.845730230520271,7
3461315,9.683858867805336,6
3461327,9.730684337028569,12
3461331,9.931688022555154,4
3461340,9.810573806752803,9
3461341,10.0,1
3461342,9.995717795092109,1
3461355,9.691877788494423,13
3461359,9.925946851959043,4
3461365,9.902290248336662,6
3461374,9.823759983967594,9
3461381,9.879497387266012,7
3461387,9.87812222828883,6
3461400,9.66494812941382,13
3461401,9.996581691272983,1
3461417,9.629485483505645,16
3461427,9.776857484265893,10
3461432,9.921255023641498,5
3461448,9.635873582427305,16
3461451,9.958577615278246,3
3461452,10.0,1
3461462,9.775837704261006,10
3461474,9.728253626541294,12
3461486,9.75187621189392,12
3461495,9.839529670300305,9
3461505,9.782618075038622,10
3461514,9.808764611186554,9
3461526,9.743263460217054,12
3461536,9.780735961789915,10
3461547,9.749480401857358,11
3461554,9.862333891663479,7
3461566,9.7346210562584,12
3461570,9.927220620420654,4
3461576,9.89470686751953,6
3461584,9.870127236683324,8
3461587,9.961241568265438,3
3461595,9.844464100624588,8
3461607,9.738270147106533,12
3461619,9.675686740731164,12
3461624,9.898973959124406,5
3461632,9.838038977320437,8
3461642,9.79098777619556,10
3461643,10.0,1
3461644,10.0,1
3461655,9.788643915084915,11
3461666,9.780643839128794,11
3461674,9.813685151343464,8
3461679,9.921612374671582,5
3461691,9.743163518144371,12
3461694,9.961633398640046,3
3461702,9.845163126484264,8
3461708,9.884589919874111,6
3461717,9.813467422620343,9
3461725,9.836136779596286,8
3461741,9.62955866897844,16
3461747,9.891580433953779,6
3461760,9.700819580786993,13
3461761,10.0,1
3461769,9.818917513728795,8
3461778,9.824963746781892,9
3461790,9.741247173711402,12
3461797,9.848589537896263,7
3461803,9.914088305430061,6
3461807,9.930436777603045,4
3461811,9.94267608577262,4
3461817,9.607399336024178,6
3461830,9.719536214640053,13
3461836,9.891741129379692,6
3461846,9.798130543716683,10
3461847,10.0,1
3461856,9.816261461672033,9
3461861,9.90461178613074,5
3461862,10.0,1
3461870,9.852835646063587,8
3461876,9.892364253236567,6
3461893,9.5813313313148,17
3461897,9.93969498187691,4
3461905,9.842490744981404,8
3461927,9.458422450583832,22
3461938,9.78785651166102,11
3461945,9.859669794813517,7
3461954,9.802396281613314,9
3461963,9.815928608038359,9
3461972,9.823027714076126,9
3461977,9.907570213669727,5
3461993,9.614049030951506,16
3462007,9.709796446991758,14
3462013,9.902992409637488,6
3462019,9.900794628048267,6
3462027,9.828914456049446,8
3462028,10.0,1
3462035,9.870872204605568,7
3462050,9.67362425894297,15
3462064,9.658516025804058,14
3462072,9.87807213021784,8
3462078,9.895235182358837,6
3462092,9.687816277305433,14
3462101,9.842447013888444,9
3462113,9.74214312907213,12
3462123,9.806037403023716,10
3462132,9.8299548508592,9
3462141,9.833076961488256,9
3462151,9.780027855719045,10
3462159,9.863112886397714,8
3462174,9.657961717550167,15
3462181,9.873417640131585,7
3462192,9.767484160990954,11
3462202,9.789448746304416,10
3462218,9.43114505186661,16
3462228,9.81259575797781,10
3462239,9.762899327858982,11
3462259,9.61379336027292,20
3462268,9.818840417950504,9
3462269,10.0,1
3462274,9.897458768316913,5
3462286,9.73270610525552,12
3462305,9.595812775125221,19
3462306,10.0,1
3462312,9.892839804802552,6
3462316,9.939794962546305,4
3462327,9.811576873562037,11
3462335,9.857029824266315,8
3462344,9.831401066863103,9
3462355,9.78311930271685,11
3462361,9.889516393709007,6
3462371,9.778329631391234,10
3462384,9.713328586554436,13
3462393,9.81969447817512,9
3462401,9.84742952322564,8
3462409,9.834949048244871,8
3462426,9.4088266589835,17
3462430,9.936159329379878,4
3462444,9.675227930514007,14
3462445,10.0,1
3462451,9.896291318676218,6
3462460,9.84297088105687,9
3462461,10.0,1
3462472,9.739074770558824,11
3462479,9.888798009321285,7
3462482,9.950702348390562,3
3462494,9.722092507461326,12
3462504,9.775614587831102,10
3462511,9.892913182469949,7
3462520,9.810847323059381,9
3462531,9.80613573416007,11
3462535,9.950279269229188,4
3462544,9.8268695171933,9
3462549,9.926706012833305,5
3462558,9.829747552608474,9
3462562,9.934651003677661,4
3462572,9.834253154200255,10
3462577,9.917434537161926,5
3462589,9.746187719093701,12
3462594,9.91767483095961,5
3462607,9.69128681806036,13
3462611,9.95097432308669,4
3462614,9.952548728720851,3
3462615,10.0,1
3462618,9.950745973134218,3
3462620,9.98410616063277,2
3462626,9.905186180956637,6
3462637,9.782834740271648,11
3462648,9.670990336187447,11
3462655,9.884483404329822,7
3462662,9.876046027672752,7
3462679,9.58882236004317,17
3462688,9.810905706037705,9
3462697,9.806704829728812,9
3462709,9.73790520230105,12
3462727,9.556988656862005,18
3462740,9.709218057483016,13
3462755,9.638355953992946,15
3462777,9.524655859159354,22
3462778,9.988679686521543,1
3462783,9.907525131483705,5
3462788,9.919583492690917,5
3462799,9.777039075907654,11
3462803,9.941908943282277,4
3462804,10.0,1
3462814,9.776587788613442,10
3462823,9.81383564884484,9
3462825,9.981541955039978,2
3462835,9.78570862906472,10
3462839,9.943613269418753,4
3462852,9.715791456912246,13
3462857,9.931743606269901,5
3462873,9.635204916411896,16
3462884,9.770011072736809,11
3462887,9.955413752754712,3
3462895,9.833305759715016,8
3462901,9.881973387986786,6
3463401,-204.16683224014182,500
3463409,9.825996643052163,8
3463415,9.895735642258039,6
3463425,9.799026053146765,10
3463436,9.740854882589199,11
3463441,9.900950705117832,5
3463448,9.866942166854836,7
3463454,9.891511375692232,6
3463467,9.713245211507566,13
3463468,9.996521308151559,1
3463479,9.781128902717187,11
3463491,9.761542050013086,12
3463498,9.874355935913666,7
3463504,9.890772656097909,6
3463516,9.748500766169686,12
3463534,9.616533500562001,18
3463555,9.510118679098081,21
3463560,9.932078412556617,5
3463570,9.769162580821671,10
3463581,9.820045147120249,11
3463582,10.0,1
3463583,10.0,1
3463587,9.921967016862855,4
3463590,9.955139566999776,3
3463595,9.921559412684845,5
3463598,9.951335251280149,3
3463612,9.67050393517227,14
3463621,9.82433625852246,9
3463631,9.817491891592107,10
3463645,9.714806234808787,14
3463664,9.53942892421844,19
3463677,9.712259146846288,13
3463679,9.972017103462237,2
3463682,9.95217519631147,3
3463689,9.874896152895632,7
3463703,9.511831839834413,14
3463711,9.863329888695196,8
3463724,9.70307154106342,13
3463734,9.797880100520254,10
3463744,9.800669813499175,10
3463750,9.905237460712495,6
3463755,9.921215398234878,5
3463765,9.805405687056977,10
3463774,9.805259611231856,9
3463784,9.7986832745573,10
3463794,9.720650645847547,10
3463801,9.870960035575534,7
3463807,9.911448811160126,6
3463822,9.658502875617089,15
3463837,9.683243923743612,15
3463840,9.95530231413996,3
3463851,9.74284544583853,11
3463860,9.821136989285325,9
3463864,9.945001434696954,4
3463878,9.690334970874146,14
3463885,9.85594821587987,7
3463899,9.740802792994963,14
3463904,9.899205642376444,5
3463907,9.957139029939917,3
3463917,9.830937061537362,10
3463920,9.95348346470059,3
3463929,9.815994279524967,9
3463936,9.85232985814346,7
3463948,9.742447951028485,12
3463950,9.98154194043642,2
3463966,9.651834580666344,16
3463988,8.33104050695492,22
3463989,10.0,1
3464003,9.331839864359566,14
3464008,9.917053971996694,5
3464014,9.877520939255778,6
3464025,9.733499782316555,11
3464037,9.73301959233081,12
3464044,9.879052508722014,7
3464062,9.547290765619442,18
3464070,9.84531078887168,8
3464086,9.637793959493864,16
3464103,9.589652073196822,17
3464108,9.906689862423638,5
3464116,9.84781260840816,8
3464121,9.922540048836556,5
3464131,9.783704770442299,10
3464137,9.917248524725693,6
3464144,9.887514721016284,7
3464145,9.996272555192776,1
3464164,9.559569402388512,19
3464178,9.730536389271307,14
3464182,9.952347686644556,4
3464189,9.869287149608235,7
3464198,9.812779989152082,9
3464211,9.708652961051142,13
3464225,9.660594897274478,14
3464232,9.866777544346427,7
3464248,9.640507339858399,16
3464251,9.969365477453318,3
3464260,9.819556711309227,9
3464272,9.386788826884962,12
3464283,9.771233121401913,11
3464300,9.53334409632594,17
3464310,9.810315434980689,10
3464321,9.788374241688892,11
3464337,9.705795655371283,16
3464345,9.818435891050449,8
3464353,9.856208218370128,8
3464368,9.672912573323401,15
3464384,9.63876741716795,16
3464389,9.920410734126307,5
3464395,9.897514734320216,6
3464399,9.953598280652244,4
3464400,10.0,1
3464405,9.901737351193892,5
3464410,9.918732543430297,5
3464412,9.978918923463224,2
3464415,9.95918797493035,3
3464428,9.703659881531204,13
3464443,9.667202520114811,15
3464452,9.796717454583462,9
3464460,9.841673560459473,8
3464475,9.659941228314405,15
3464491,9.643341439831122,16
3464496,9.926112342404148,5
3464502,9.892747374985989,6
3464510,9.83745381737691,8
3464518,9.867627310067611,8
3464526,9.831215668820523,8
3464533,9.896440092074958,7
3464538,9.900234026028144,5
3464542,9.943967172888238,4
3464549,9.858823056116293,7
3464553,9.935952423311827,4
3464562,9.819539471678796,9
3464569,9.871591873645032,7
3464575,9.894435635115808,6
3464578,9.950472323828706,3
3464591,9.68059505094698,13
3464597,9.913501085075195,6
3464598,10.0,1
3464599,10.0,1
3464607,9.830277336075213,8
3464608,10.0,1
3464621,9.716416577386505,13
3464636,9.660612712277233,15
3464645,9.822708629044893,9
3464652,9.87213834618341,7
3464655,9.949212401976709,3
3464662,9.85562470915546,7
3464669,9.85483811217693,7
3464671,9.96911834284415,2
3464674,9.948289495076637,3
3464683,9.82357479581649,9
3464694,9.757520827711277,11
3464705,9.752715984471008,11
3464719,9.711372456639493,14
3464730,9.776247760941333,11
3464741,9.767660570800892,11
3464754,9.73855479777337,13
3464756,9.971413544224047,2
3464769,9.787741790772568,13
3464775,9.896066119697654,6
3464792,9.658415443720061,17
3464794,9.973089459136368,2
3464801,9.881691861404068,7
3464802,9.993070745358242,1
3464815,9.692429565340714,13
3464825,9.81312305831359,10
3464834,9.817322786258948,9
3464840,9.902830759920796,6
3464853,9.782059200485712,13
3464869,9.68707489767019,16
3464880,9.74776514615871,11
3464892,9.733589168373785,12
3464897,9.904894506024235,5
3464899,9.972425938765557,2
3464910,9.777603025107691,11
3464917,9.893821659644164,7
3464931,9.753898238902108,14
3464942,9.731653618222719,11
3464949,9.88484944920334,7
3464955,9.908807276823897,6
3464959,9.942098099473846,4
3464967,9.840076820169267,8
3464981,9.677519857773545,14
3464989,9.841025969381315,8
3465000,9.78785913224136,11
3465007,9.862675716227416,7
3465019,9.735762579921072,12
3465026,9.853242110690667,7
3465034,9.827704166019464,8
3465047,9.701108170407984,13
3465054,9.869422828271846,7
3465055,9.988031080700884,1
3465064,9.798802458859111,9
3465070,9.893398441287198,6
3465077,9.89664687358705,7
3465085,9.86432772002333,8
3465092,9.858171538902903,7
3465099,9.860790063810555,7
3465110,9.754912537256041,11
3465117,9.872362713788664,7
3465126,9.828086317222219,9
3465131,9.920876914060992,5
3465137,9.901924718410655,6
3465138,9.991951012400511,1
3465150,9.739677483479316,12
3465153,9.951710070228998,3
3465154,10.0,1
3465156,9.978470348436419,2
3465157,9.987724011158832,1
3465158,10.0,1
3465175,9.674903805416067,17
3465185,9.791114221575064,10
3465191,9.914455524736843,6
3465193,9.985308727709347,2
3465197,9.927803177147114,4
3465198,10.0,1
3465204,9.887874402477909,6
3465210,9.904065490047957,6
3465215,9.896991034837926,5
3465220,9.927650781347696,5
3465221,10.0,1
3465230,9.811734451644984,9
3465239,9.811069907986651,9
3465246,9.862825085537231,7
3465248,9.978224961625319,2
3465257,9.78920125797385,9
3465258,10.0,1
3465259,9.988384652813364,1
3465273,9.674988821600984,14
3465283,9.79705375182252,10
3465293,9.801264351641912,10
3465302,9.796378097589091,9
3465310,9.653888007692807,8
3465322,9.702107427901629,12
3465323,10.0,1
3465328,9.915857439431587,5
3465332,9.944975284109178,4
3465344,9.74804613881924,12
3465345,10.0,1
3465353,9.812729582910016,8
3465358,9.930159987340067,5
3465365,9.879052827491293,7
3465377,9.719670809988237,12
3465389,9.647603873534372,12
3465402,9.72234105742311,13
3465411,9.802725114532063,9
3465416,9.917141638525688,5
3465426,9.796369578219071,10
3465442,9.65756786540508,16
3465446,9.948609009599938,4
3465453,9.870132815088736,7
3465459,9.904846631213456,6
3465468,9.833078592991377,9
3465474,9.899972991422798,6
3465488,9.679377062572245,14
3465497,9.843261337289222,9
3465507,9.78201817393886,10
3465517,9.815669655058816,10
3465536,9.608867136788263,19
3465548,9.743239193770252,12
3465556,9.861103326862283,8
3465559,9.96438612857321,3
3465574,9.677026838465387,15
3465580,9.912769769493595,6
3465601,9.0792071934055,21
3465614,9.724722136497485,13
3465620,9.886034393303659,6
3465635,9.650234788281708,15
3465647,9.748042156095487,12
3465652,9.923299913702673,5
3465661,9.81002950944034,9
3465669,9.83392457583798,8
3465678,9.819926007160062,9
3465686,9.835520739103774,8
3465694,9.852545143848852,8
3465701,9.874756428996138,7
3465714,9.74067394924257,13
3465727,9.70323301432314,13
3465732,9.929741176461137,5
3465741,9.851501763833975,9
3465753,9.720986120126208,12
3465771,9.66801464688944,18
3465777,9.898029955732202,6
3465789,9.787120598325975,12
3465802,9.742037353432554,13
3465806,9.941683393199746,4
3465821,9.671863560749673,15
3465822,10.0,1
3465836,9.723392428041628,14
3465837,10.0,1
3465843,9.891309442227831,6
3465844,10.0,1
3465851,9.87365766555718,7
3465857,9.89246088597293,6
3465868,9.789658052057202,11
3465875,9.900189553044621,7
3465886,9.771959132002301,11
3465906,9.540530730910781,20
3465915,9.803298653904069,9
3465931,9.637473050452293,16
3465946,9.571556705464117,15
3465951,9.90973604847212,5
3465962,9.783385752183532,11
3465972,9.791343170648585,10
3465974,9.977516560385848,2
3465980,9.888926785308694,6
3465991,9.756103597955176,11
3466007,9.668471479944312,16
3466016,9.817372938315861,9
3466022,9.902837873568442,6
3466030,9.849106966033238,8
3466046,9.669048390239043,16
3466066,9.62637772221139,20
3466079,9.59141435462982,13
3466091,9.720792198888915,12
3466097,9.896656630555054,6
3466108,9.77570066071883,11
3466111,9.953847725134509,3
3466118,9.85677877334577,7
3466123,9.703391677456933,5
3466134,9.74324371769028,11
3466149,9.62733510706818,15
3466159,9.82453241241194,10
3466163,9.937037722615734,4
3466172,9.80695096648949,9
3466183,9.785891110605046,11
3466189,9.897090957595633,6
3466200,9.757604067485822,11
3466206,9.891612621170918,6
3466212,9.893323939153563,6
3466223,9.801770715671879,11
3466234,9.755398356068804,11
3466247,9.751414365637697,13
3466254,9.858770241062539,7
3466266,9.758095571340773,12
3466277,9.777780333065133,11
3466289,9.72364872299864,12
3466291,9.984640757905915,2
3466296,9.919247125781688,5
3466309,9.702762063146155,13
3466319,9.80225551898227,10
3466327,9.8411680243955,8
3466335,9.842523939265682,8
3466349,9.690587462916358,14
3466354,9.925422402983472,5
3466365,9.762163869164237,11
3466369,9.934098502375983,4
3466377,9.648685886844248,8
3466378,10.0,1
3466385,9.873737022991307,7
3466389,9.930979783133571,4
3466394,9.90981418874781,5
3466402,9.86620917623462,8
3466407,9.92883098942523,5
3466421,9.731933199339323,14
3466434,9.736046628106882,13
3466437,9.956793816442888,3
3466438,10.0,1
3466445,9.868160952398345,7
3466456,9.74139928883855,11
3466471,9.563442319564576,15
3466481,9.820816916233676,10
3466500,9.616609215175737,19
3466511,9.668948016353184,11
3466522,9.787428039150681,11
3466536,9.681659647269507,14
3466550,9.666771755366698,14
3466567,9.566129050901989,17
3466580,9.728236112952082,13
3466591,9.79228784196886,11
3466596,9.90629791180172,5
3466602,9.886212047392393,6
3466613,9.762193579676552,11
3466622,9.812850777206052,9
3466624,9.984596200146239,2
3466639,9.685790434596957,15
3466647,9.84521436825142,8
3466654,9.864351231452957,7
3466663,9.794559787764925,9
3466672,9.805786468283705,9
3466676,9.95416027509646,4
3466693,9.610468070027306,17
3466700,9.871680563199883,7
3466710,9.600845932643667,10
3466723,9.71460610021638,13
3466731,9.847100410189542,8
3466738,9.85066387815842,7
3466740,9.975457514887697,2
3466742,9.976245191439588,2
3466748,9.906525346283384,6
3466756,9.835003251488338,8
3466763,9.878843382739808,7
3466768,9.928350439686822,5
3466770,9.977427946964129,2
3466775,9.920271446207613,5
3466784,9.841415691537009,9
3466790,9.893501066139727,6
3466791,10.0,1
3466796,9.906136104764427,5
3466808,9.652024565633406,12
3466812,9.930095460774707,4
3466824,9.74617510564502,12
3466835,9.752260922270285,11
3466841,9.881154299465972,6
3466853,9.741842918786135,12
3466860,9.873046532381565,7
3466870,9.793866769457308,10
3466877,9.867679031821798,7
3466887,9.671996633751782,10
3466888,10.0,1
3466894,9.896889921213386,6
3466899,9.930718541615073,5
3466903,9.947902395436623,4
3466916,9.741268516631726,13
3466919,9.954777403283341,3
3466936,9.220641243404694,17
3466944,9.860498938819415,8
3466948,9.935867715508019,4
3466949,10.0,1
3466958,9.837567450240522,9
3466964,9.920921467454294,6
3466976,9.754045781110669,12
3466983,9.85948996189041,7
3467000,9.649261694761996,17
3467009,9.827982695852173,9
3467019,9.821231435224991,10
3467027,9.857681321876383,8
3467030,9.754871874163074,3
3467044,9.71857891322969,14
3467057,9.704543954039016,13
3467067,9.812174467986384,10
3467083,9.591706146089955,16
3467096,9.787649976412784,13
3467101,9.919403385530083,5
3467104,9.957055162548679,3
3467116,9.741071330360832,12
3467131,9.672210727533837,15
3467146,9.652570668375157,15
3467164,9.598702073783873,18
3467181,9.597889251488358,17
3467192,9.76546134312481,11
3467195,9.964080448246216,3
3467207,9.746183074739719,12
3467215,9.84135327163084,8
3467226,9.766448800291968,11
3467240,9.670879287374616,14
3467254,9.680407473808781,14
3467255,10.0,1
3467268,9.706135660695594,13
3467277,9.844886667147618,9
3467287,9.786853334049889,10
3467290,9.948409631718684,3
3467291,9.996633057603932,1
3467303,9.740061670946776,12
3467309,9.892037616548166,6
3467313,9.950454123629472,4
3467320,9.881834855886217,7
3467325,9.927732190155668,5
3467334,9.798998090451475,9
3467343,9.815824405317104,9
3467349,9.898993630007705,6
3467367,9.582001440932505,18
3467379,9.744461609264103,12
3467381,9.973655014353895,2
3467388,9.676713065765103,7
3467397,9.815414955857838,9
3467404,9.868691161120378,7
3467419,9.69706657745588,15
3467427,9.845795675100034,8
3467433,9.904762596351286,6
3467440,9.87295699646914,7
3467450,9.752460305955548,10
3467950,-206.4156218069706,500
3467953,9.954526961361005,3
3467954,9.991565658208225,1
3467957,9.95459971480416,3
3467965,9.864515610014672,8
3467973,9.75628147673865,8
3467984,9.755642059846764,11
3467988,9.940416523034923,4
3467994,9.889173796151598,6
3468005,9.805975431227235,11
3468009,9.84456455985412,4
3468010,10.0,1
3468019,9.784512480943569,9
3468025,9.890851300711347,6
3468029,9.937932338549935,4
3468033,9.932461979422106,4
3468051,9.656918036737457,18
3468062,9.666678209729266,11
3468068,9.897416116085651,6
3468069,10.0,1
3468070,10.0,1
3468071,10.0,1
3468086,9.68515070699495,15
3468098,9.74928167289893,12
3468119,9.559533411713357,21
3468131,9.748182218917957,12
3468138,9.86503143307949,7
3468139,10.0,1
3468145,9.877237936790912,6
3468151,9.898346136725715,6
3468159,9.865313430664685,8
3468163,9.920977888192567,4
3468172,9.82229027538805,9
3468180,9.817200889678176,8
3468181,10.0,1
3468191,9.77581616562855,10
3468200,9.808693153763718,9
3468207,9.874050096717873,7
3468213,9.889311473649746,6
3468221,9.837976984390398,8
3468223,9.973980967171913,2
3468224,10.0,1
3468232,9.849411762894297,8
3468233,10.0,1
3468242,9.802155811543523,9
3468247,9.933817781531644,5
3468253,9.903186902215152,6
3468265,9.7373533875854,12
3468274,9.818744336953394,9
3468280,9.89440167116045,6
3468286,9.89731265379339,6
3468299,9.706299280514592,13
3468300,9.993116720204785,1
3468316,9.658809529773398,16
3468323,9.867091591040776,7
3468332,9.819961170931085,9
3468340,9.885056774245452,8
3468349,9.80910848304772,9
3468358,9.730234135916664,9
3468364,9.886136981301739,6
3468365,10.0,1
3468366,10.0,1
3468367,10.0,1
3468370,9.95754936356097,3
3468371,10.0,1
3468379,9.850691814411178,8
3468383,9.935628483421203,4
3468395,9.749300018305716,12
3468407,9.785866511488605,12
3468417,9.619416964270052,10
3468421,9.94165105964456,4
3468423,9.985456457773196,2
3468444,9.546963690328813,21
3468450,9.899946359537877,6
3468463,9.738871852078637,13
3468469,9.887105676062347,6
3468481,9.745511905275572,12
3468492,9.769636640919725,11
3468500,9.809276977506743,8
3468510,9.78175237344297,10
3468513,9.972507414026525,3
3468529,9.637358473064394,16
3468533,9.939826649249323,4
3468543,9.80632792117668,10
3468551,9.853350888393024,8
3468565,9.734972853550401,14
3468577,9.737686475604695,12
3468584,9.884918569878867,7
3468593,9.809030116302303,9
3468600,9.845111048639678,7
3468601,10.0,1
3468607,9.889421370287003,6
3468615,9.840530553228676,8
3468622,9.883306997869871,7
3468625,9.958381974042235,3
3468634,9.819712541350986,9
3468637,9.965964053641057,3
3468643,9.89122603198004,6
3468649,9.898255230934572,6
3468658,9.810014808442002,9
3468664,9.885897320097282,6
3468669,9.919861768746074,5
3468678,9.822617005162728,9
3468684,9.892165625359848,6
3468695,9.73318090042968,11
3468696,10.0,1
3468707,9.771029851457415,11
3468708,10.0,1
3468719,9.817577385431955,11
3468733,9.678676640423795,14
3468755,9.496518388087303,22
3468767,9.755121428869717,12
3468775,9.830485760467784,8
3468783,9.840964867536362,8
3468794,9.569479896795267,11
3468804,9.810505794268941,10
3468814,9.788265445072005,10
3468817,9.955155537492097,3
3468831,9.680715285742645,14
3468832,10.0,1
3468833,10.0,1
3468841,9.841976048991766,8
3468846,9.924094577373033,5
3468850,9.935827571497375,4
3468860,9.756909205862073,10
3468871,9.775680005199943,11
3468874,9.965113261446252,3
3468886,9.76150455514959,12
3468894,9.825898536935338,8
3468899,9.917920320824033,5
3468907,9.854838135394955,8
3468922,9.647784261573733,15
3468923,10.0,1
3468929,9.880904234818708,6
3468934,9.922698876619764,5
3468935,10.0,1
3468946,9.784932939183706,11
3468949,9.955629929404926,3
3468950,10.0,1
3468955,9.90873718275863,5
3468962,9.872697773346346,7
3468967,9.928783067699483,5
3468970,9.95900481105503,3
3468986,9.628669494384255,16
3468994,9.847435447673393,8
3468995,9.992341432403213,1
3468996,9.992271392668586,1
3469006,9.764979605607373,10
3469013,9.85620511704543,7
3469021,9.839820260812493,8
3469028,9.884817780536958,7
3469040,9.76244648452907,12
3469043,9.958706202419405,3
3469048,9.918572036027374,5
3469058,9.796086423520393,10
3469065,9.866607562559821,7
3469078,9.706828946102094,13
3469088,9.775731247009155,10
3469099,9.791353906417012,11
3469108,9.809374205167511,9
3469109,10.0,1
3469123,9.6863303201706,14
3469136,9.701104328982783,13
3469148,9.76061092498433,12
3469163,9.462649389095905,15
3469167,9.948997067092945,4
3469171,9.937719541488129,4
3469173,9.980767893889078,2
3469183,9.782123512818446,10
3469190,9.85433814220035,7
3469194,9.937467475578304,4
3469206,9.751837914625163,12
3469220,9.679696324141872,14
3469222,9.972919822444144,2
3469232,9.785777271366817,10
3469242,9.82281918884127,10
3469253,9.769926953145482,11
3469257,9.931603866977111,4
3469258,10.0,1
3469267,9.81221764545808,9
3469278,9.560820464369117,11
3469292,9.716917824865915,14
3469303,9.773596849941788,11
3469309,9.910052436500102,6
3469310,10.0,1
3469326,9.627893260019064,16
3469344,9.51437665230016,18
3469360,9.638275496856227,16
3469374,9.68126081122848,14
3469377,9.953110673121783,3
3469388,9.765783580950616,11
3469399,9.796993182780408,11
3469410,9.790969507723878,11
3469422,9.768170987206805,12
3469432,9.772955006783796,10
3469442,9.77901381579218,10
3469455,9.635097001164977,13
3469456,10.0,1
3469463,9.87204014232948,7
3469472,9.854044901042416,9
3469477,9.925577062629703,5
3469481,9.936311688696259,4
3469482,10.0,1
3469486,9.930163403135795,4
3469496,9.7714698594207,10
3469510,9.70064668421264,14
3469513,9.95279932168286,3
3469522,9.818312614236108,9
3469526,9.928089493114339,4
3469533,9.864325628029066,7
3469541,9.82992079039533,8
3469545,9.94200765763795,4
3469550,9.92006470007951,5
3469563,9.72631503422494,13
3469585,9.203013322426935,22
3469592,9.888094272792875,7
3469596,9.947591695894477,4
3469603,9.868628835442719,7
3469619,9.613674678625586,16
3469629,9.800509822985434,10
3469633,9.936452058373856,4
3469644,9.773550269537392,11
3469656,9.754081299286126,12
3469657,9.993236031655313,1
3469668,9.7124622790176,11
3469673,9.923823297950966,5
3469685,9.728236219400054,12
3469691,9.909145323668117,6
3469697,9.896349460231827,6
3469711,9.653722289016642,14
3469714,9.966951711356302,3
3469727,9.7455114624965,13
3469730,9.951430095944433,3
3469745,9.695917319671075,15
3469756,9.762663275867688,11
3469759,9.854055137364892,3
3469771,9.785499035217597,12
3469779,9.83700353958343,8
3469788,9.811943430644488,9
3469797,9.825426223988398,9
3469811,9.681572489560823,14
3469823,9.73543962570502,12
3469837,9.584103124071186,14
3469846,9.812509216321375,9
3469853,9.890708818090694,7
3469862,9.81305512116195,9
3469873,9.787439939506736,11
3469883,9.80403976453697,10
3469892,9.820758364006629,9
3469902,9.804374987962566,10
3469912,9.80547363632783,10
3469916,9.944333985209509,4
3469924,9.860715127340162,8
3469932,9.83421513131407,8
3469941,9.844261049109534,9
3469948,9.857862677260707,7
3469963,9.673458931531584,15
3469980,9.643356006330041,17
3469981,10.0,1
3469988,9.859357069434285,7
3469993,9.92291404611363,5
3470004,9.735038954313241,11
3470010,9.909897875692987,6
3470013,9.959796188483951,3
3470017,9.93194979067872,4
3470026,9.803195573547356,9
3470033,9.898824187321809,7
3470050,9.68096520107971,17
3470052,9.971126651565646,2
3470061,9.849810087922597,9
3470067,9.892138887791022,6
3470072,9.915195350574459,5
3470081,9.823890366317828,9
3470088,9.879376148693702,7
3470100,9.757457025877617,12
3470116,9.645731158972438,16
3470117,10.0,1
3470123,9.875140917772589,6
3470136,9.72263350794423,13
3470139,9.955995819712186,3
3470151,9.73316348386181,12
3470160,9.805919646364057,9
3470164,9.93701864257285,4
3470175,9.778575100865881,11
3470187,9.738054794088844,12
3470196,9.819783770777425,9
3470208,9.758333892903424,12
3470209,10.0,1
3470215,9.884662079364615,6
3470218,9.964763847836346,3
3470221,9.956581617780843,3
3470223,9.978930250738472,2
3470227,9.94640734636774,4
3470228,9.987526659243475,1
3470237,9.82042109012491,9
3470247,9.800395410848942,10
3470252,9.922863007022231,5
3470260,9.869527903613712,8
3470266,9.918887942366247,6
3470273,9.873517566347076,7
3470286,9.741627841674864,13
3470298,9.73634559475099,12
3470310,9.771989036681514,12
3470324,9.717239863584794,14
3470330,9.904611751623545,6
3470338,9.62795030016172,8
3470345,9.891512947031352,7
3470355,9.77864410472738,10
3470356,9.988712362970713,1
3470367,9.54934814456205,11
3470380,9.737903413836026,13
3470387,9.88730556260078,7
3470388,10.0,1
3470389,10.0,1
3470404,9.684330819835667,15
3470413,9.818197082486725,9
3470432,9.633098494216213,19
3470433,10.0,1
3470442,9.87006606124497,9
3470454,9.753236943981758,12
3470455,10.0,1
3470459,9.93142583695349,4
3470471,9.731292869625884,12
3470474,9.953691822655104,3
3470489,9.702601886711392,15
3470491,9.972592645247188,2
3470502,9.742983804156253,11
3470512,9.705465439184552,10
3470513,10.0,1
3470524,9.785666331119149,11
3470529,9.926351310234844,5
3470534,9.903293492388931,5
3470539,9.905289031392924,5
3470545,9.87892092707391,6
3470547,9.96769857201718,2
3470554,9.873265043610273,7
3470555,10.0,1
3470563,9.830967448513839,8
3470565,9.973254080405166,2
3470567,9.967123846646054,2
3470579,9.639810751291597,12
3470580,10.0,1
3470590,9.795683228308146,10
3470604,9.479370118847054,14
3470610,9.899744123394772,6
3470611,10.0,1
3470615,9.93957577687088,4
3470626,9.770017811036187,11
3470634,9.836601161160914,8
3470645,9.772405186494915,11
3470652,9.868060013067444,7
3470662,9.779663118121405,10
3470675,9.60515547478204,13
3470685,9.783630591645604,10
3470689,9.942927951209318,4
3470701,9.186496967519597,12
3470714,9.749315943315064,13
3470722,9.841600970243706,8
3470728,9.889709745364668,6
3470740,9.701426320532322,12
3470741,10.0,1
3470750,9.826672122031331,9
3470758,9.856275671337315,8
3470769,9.810090951302262,11
3470780,9.784164320134368,11
3470797,9.587659271519925,17
3470803,9.897960194325114,6
3470811,9.835031476295413,8
3470818,9.861254390528964,7
3470821,9.970132805143654,3
3470841,9.477184416314227,20
3470846,9.925720852071473,5
3470851,9.91559938772728,5
3470861,9.795667428737966,10
3470866,9.92395924470411,5
3470874,9.822716408357289,8
3470879,9.828525827715568,5
3470880,10.0,1
3470888,9.83950033776043,8
3470901,9.711858569983356,13
3470913,9.740823051086453,12
3470921,9.835184655215723,8
3470927,9.875621297924692,6
3470933,9.901147420908872,6
3470941,9.857085305617831,8
3470947,9.901346622472515,6
3470955,9.836478436675783,8
3470971,9.634837423522288,16
3470993,9.485515093290568,22
3470999,9.884215497064332,6
3471006,9.878304818871852,7
3471013,9.868246744662175,7
3471023,9.769739816294175,10
3471031,9.85688443406901,8
3471039,9.821845410640158,8
3471040,10.0,1
3471041,10.0,1
3471052,9.79983819352543,11
3471062,9.813496932167228,10
3471066,9.938023673671196,4
3471081,9.441917543623456,15
3471096,9.545075923396109,15
3471111,9.632865537624905,15
3471115,9.934931327696923,4
3471124,9.817146215249169,9
3471138,9.696560538522352,14
3471148,9.847404219618431,10
3471168,6.4476844836694855,20
3471187,9.28033456712802,19
3471196,9.81118640058095,9
3471201,9.920354955504905,5
3471217,9.636300441306105,16
3471222,9.922430914066641,5
3471229,9.895789582291576,7
3471238,9.516713813967474,9
3471239,10.0,1
3471248,9.883692214794301,9
3471257,9.854330574701388,9
3471264,9.86547942533553,7
3471278,9.703773437976261,14
3471287,9.830988620618335,9
3471299,9.733326600459758,12
3471312,9.709665727583603,13
3471319,9.86444116667074,7
3471326,9.883778577207403,7
3471335,9.854621829194135,9
3471338,9.95410096910217,3
3471339,10.0,1
3471346,9.885330942687098,7
3471353,9.860800737845024,7
3471358,9.907002949416972,5
3471369,9.576743067209506,11
3471382,9.69971697643317,13
3471393,9.73641496630833,11
3471408,9.690938394626189,15
3471412,9.931620092968686,4
3471419,9.864642256763851,7
3471428,9.821010959579539,9
3471438,9.793985913457934,10
3471447,9.820066744852234,9
3471460,9.720830767135809,13
3471468,9.859408001875952,8
3471479,9.815359828622105,11
3471488,9.808455288229855,9
3471496,9.862086964708904,8
3471506,9.617531484810671,10
3471520,9.669354397345153,14
3471522,9.979084779463822,2
3471535,9.729599093365252,13
3471549,9.719748279236073,14
3471559,9.781680348411513,10
3471571,9.729041420448114,12
3471572,9.989678379559805,1
3471591,9.56725707331849,19
3471596,9.70030562025457,5
3471597,9.988910206938696,1
3472097,-45.55177778767525,500
3472108,9.774082162340589,11
3472116,9.82926893141139,8
3472126,9.830863748220784,10
3472134,9.830493565210123,8
3472144,9.80023718547405,10
3472165,9.503272369761559,21
3472172,9.86745454836452,7
3472181,9.816351706732851,9
3472190,9.811900448870247,9
3472199,9.796019134857342,9
3472202,9.95617319486069,3
3472203,10.0,1
3472208,9.919110032876434,5
3472221,9.688930667297688,13
3472230,9.83381165285889,9
3472238,9.829101034981157,8
3472251,9.739484654917346,13
3472255,9.926640378118542,4
3472265,9.79543964844499,10
3472277,9.715238357910158,12
3472282,9.907533159988104,5
3472288,9.704511310769737,6
3472290,9.985204061602651,2
3472301,9.776347800013493,11
3472313,9.778877622842751,12
3472322,9.829896665102169,9
3472334,9.778039618857497,12
3472337,9.966311036923164,3
3472349,9.725243127684607,12
3472353,9.930864338719767,4
3472354,10.0,1
3472357,9.960488515989356,3
3472363,9.90499051244552,6
3472365,9.977737115482732,2
3472366,10.0,1
3472378,9.719101701664954,12
3472392,9.6705741054147,14
3472402,9.76582380265815,10
3472414,9.727042399967203,12
3472426,9.759113999638217,12
3472427,10.0,1
3472434,9.875291658524558,7
3472439,9.904814336223488,5
3472449,9.781166976507244,10
3472452,9.953437774823577,3
3472455,9.949405943251199,3
3472465,9.770386481574052,10
3472474,9.811786539772806,9
3472486,9.728095958024394,12
3472487,10.0,1
3472489,9.983605127372618,2
3472490,10.0,1
3472492,9.966877503232935,2
3472504,9.734211040974426,12
3472509,9.91540879572573,5
3472517,9.822531849682886,8
3472531,9.691626504213568,14
3472536,9.927768808938778,5
3472549,9.711385534187261,13
3472556,9.882673123046045,7
3472563,9.886687816824065,7
3472571,9.839679137926083,8
3472577,9.896099547197785,6
3472584,9.881776338643457,7
3472585,10.0,1
3472589,9.939702324439365,4
3472591,9.978463326834914,2
3472605,9.718011478583113,14
3472617,9.731841738526334,12
3472627,9.851099260690537,10
3472632,9.90559126026223,5
3472649,9.636138600957336,17
3472650,10.0,1
3472655,9.81001044310077,5
3472665,9.795189757583836,10
3472671,9.9128123803916,6
3472672,9.996669330095871,1
3472680,9.869292197382125,8
3472687,9.85426645876057,7
3472704,9.6768887179172,17
3472710,9.890007570227475,6
3472724,9.706553407944911,14
3472735,9.767923299394248,11
3472741,9.905406804664553,6
3472745,9.940612987119167,4
3472753,9.666042618276036,8
3472760,9.88798489394232,7
3472765,9.914985668115467,5
3472783,9.559528661861586,18
3472786,9.9515359588106,3
3472793,9.871288489282032,7
3472812,9.563293954686344,19
3472819,9.873133827525459,7
3472820,10.0,1
3472832,9.72408567851223,12
3472843,9.786387154081043,11
3472844,10.0,1
3472845,9.996240198913428,1
3472857,9.709312461774353,12
3472868,9.735832312040408,11
3472881,9.687450223435258,13
3472894,9.697324154809074,13
3472897,9.959573834070694,3
3472898,10.0,1
3472911,9.512033358696318,13
3472914,9.960084378063886,3
3472926,9.778359488685215,12
3472932,9.896838451357477,6
3472952,9.480997334951578,20
3472959,9.872874341871587,7
3472973,9.670234290337046,14
3472989,9.644376556995988,16
3472994,9.908271203901899,5
3473016,9.591336363320265,22
3473021,9.923265142868843,5
3473023,9.969249597265641,2
3473026,9.958254151472769,3
3473040,9.680056781709503,14
3473041,10.0,1
3473052,9.792353653071126,11
3473058,9.910629443768766,6
3473065,9.864893290811008,7
3473069,9.92155396905845,4
3473078,9.816529357447685,9
3473079,10.0,1
3473088,9.827325389261718,9
3473097,9.813570576179039,9
3473108,9.772295073101496,11
3473117,9.829209458638854,9
3473118,9.992278500607839,1
3473128,9.806779133552169,10
3473132,9.945292710810747,4
3473137,9.92386884958371,5
3473146,9.810729086034108,9
3473154,9.837891842561648,8
3473157,9.967594485731928,3
3473159,9.977098389774595,2
3473162,9.951113640101513,3
3473175,9.698122001867862,13
3473185,9.784455715220904,10
3473193,9.838595490848558,8
3473207,9.665419199351037,14
3473227,9.570828725824954,20
3473229,9.970962785152883,2
3473242,9.732652205498255,13
3473257,9.662188751123468,15
3473267,9.808930950782738,10
3473273,9.885046885982053,6
3473285,9.744400464415547,12
3473291,9.898935296269364,6
3473297,9.891959467255354,6
3473303,9.921373599356,6
3473309,9.895372813404991,6
3473312,9.954686245701899,3
3473317,9.923257009069564,5
3473325,9.866696405185586,8
3473332,9.869333480629223,7
3473347,9.64566890076673,15
3473348,10.0,1
3473349,10.0,1
3473352,9.969100394923244,3
3473360,9.840425951898258,8
3473371,9.586868475983009,11
3473379,9.848145624033048,8
3473385,9.893898648062939,6
3473398,9.712220049809275,13
3473409,9.762292835255797,11
3473415,9.902028801842095,6
3473421,9.904389570143774,6
3473422,10.0,1
3473426,9.93726495524054,4
3473436,9.77532823212442,10
3473453,9.57877784506867,17
3473462,9.600467273052775,9
3473476,9.698893098637766,14
3473477,10.0,1
3473483,9.896314741993343,6
3473488,9.92086208699709,5
3473494,9.89516716076227,6
3473515,9.528113114678746,21
3473524,9.796770382527042,9
3473535,9.775667201846412,11
3473544,9.817052896558055,9
3473546,9.975781475962394,2
3473558,9.74154210254165,12
3473562,9.943080682381119,4
3473563,9.996644672449873,1
3473571,9.847004383015328,8
3473578,9.898822423942677,7
3473579,10.0,1
3473587,9.847862946901364,8
3473593,9.887494009564065,6
3473594,10.0,1
3473606,9.752794024152168,12
3473615,9.832335739777967,9
3473621,9.893204609047926,6
3473624,9.971013731614184,3
3473634,9.829759217966465,10
3473646,9.718894670147616,12
3473647,10.0,1
3473652,9.919339043599669,5
3473653,10.0,1
3473656,9.967895748998684,3
3473662,9.878561284518623,6
3473663,9.992498090409276,1
3473666,9.95326829700282,3
3473670,9.931649675402024,4
3473671,9.989238082090637,1
3473677,9.8888244368801,6
3473685,9.84098860528745,8
3473694,9.823608721629622,9
3473703,9.830306461131004,9
3473714,9.809530927921644,11
3473728,9.683138564974113,14
3473739,9.747777089579722,11
3473752,9.709075278409697,13
3473759,9.888081010843571,7
3473774,9.657126640867945,15
3473775,10.0,1
3473788,9.705639751477825,13
3473792,9.928105974416477,4
3473802,9.811088189210464,10
3473812,9.796919985251701,10
3473820,9.840679796128402,8
3473821,10.0,1
3473829,9.846049433635343,8
3473835,9.911399163889879,6
3473850,9.660926386322613,15
3473864,9.715546815814486,14
3473875,9.782189883609888,11
3473889,9.720778745885896,14
3473892,9.962751208594165,3
3473894,9.972291695278265,2
3473899,9.916385469281703,5
3473908,9.800996329650454,9
3473921,9.693762594935375,13
3473925,9.943213484104813,4
3473928,9.964761714579241,3
3473939,9.790839487868668,11
3473944,9.917635543530144,5
3473956,9.754144968556243,12
3473965,9.86208796277496,9
3473972,9.857384650265903,7
3473979,9.872711685722011,7
3473992,9.649278006175242,13
3473993,10.0,1
3473998,9.920645375551539,5
3473999,10.0,1
3474011,9.752047836355482,12
3474024,9.77713884623211,13
3474034,9.781239167185184,10
3474046,8.80204822595686,12
3474059,9.69355333441321,13
3474066,9.868749005779561,7
3474087,9.53263177920169,21
3474091,9.945691036155912,4
3474094,9.950914465405786,3
3474103,9.86607438886508,9
3474114,9.801015575848865,11
3474126,9.782220564151245,12
3474137,9.678736128700399,11
3474152,9.635113780544483,15
3474166,9.679970874914073,14
3474180,9.699207726424163,14
3474187,9.894612279206447,7
3474193,9.888518604795149,6
3474205,9.726853675394398,12
3474210,9.902870516082034,5
3474211,10.0,1
3474220,9.823881425835507,9
3474228,9.836219884447086,8
3474233,9.933324212392941,5
3474241,9.840839852088243,8
3474252,9.743729945218982,11
3474268,9.648771759574553,16
3474281,9.695038912924948,13
3474282,10.0,1
3474297,9.653779639870177,15
3474298,10.0,1
3474304,9.880930391858131,6
3474317,9.682460988811119,13
3474322,9.908119984173373,5
3474332,9.823290005590023,10
3474342,9.79976394730036,10
3474357,9.67736931029386,15
3474369,9.552873340775077,12
3474379,9.788038857677165,10
3474386,9.850230421318727,7
3474387,10.0,1
3474389,9.971790234328594,2
3474396,9.873510142360889,7
3474404,9.838654088568013,8
3474410,9.891439315144066,6
3474420,9.784658572156385,10
3474427,9.874394902336808,7
3474444,9.642879526819494,17
3474452,9.85125236270335,8
3474457,9.896029328915624,5
3474468,9.78046112955916,11
3474469,9.988731061094684,1
3474471,9.977045480177292,2
3474478,9.87971753061247,7
3474490,9.732767628055887,12
3474511,9.62915080038683,21
3474513,9.978457382345153,2
3474524,9.768122487513715,11
3474535,9.773930189705903,11
3474555,9.550488583093935,20
3474569,9.700189704893097,14
3474570,10.0,1
3474571,9.996465412983664,1
3474581,9.786289777720954,10
3474589,9.855003111088058,8
3474598,9.782667517691257,9
3474605,9.754245571333177,7
3474616,9.768637914020612,11
3474628,9.734474353901085,12
3474629,9.992614723179699,1
3474633,9.93277723397708,4
3474644,9.761462179021654,11
3474650,9.590247804916917,6
3474658,9.848944878463707,8
3474674,9.67196240780007,16
3474676,9.976572405422083,2
3474677,10.0,1
3474686,9.839050555520528,9
3474698,9.756254960752234,12
3474699,10.0,1
3474700,10.0,1
3474708,9.828606484472575,8
3474721,9.59887046265455,13
3474729,9.849441008721007,8
3474734,9.92704653369331,5
3474744,9.803268372254717,10
3474750,9.897803409982798,6
3474753,9.959040609040203,3
3474762,9.808596539195152,9
3474765,9.955205004810548,3
3474782,9.60474642307122,17
3474792,9.717904008333768,10
3474800,9.858968798374557,8
3474804,9.936329844385902,4
3474814,9.846229239808622,10
3474822,9.84014260706225,8
3474832,9.779346868475653,10
3474835,9.953403474663782,3
3474843,9.859326837713924,8
3474853,9.78511118393271,10
3474859,9.910802522100374,6
3474860,10.0,1
3474868,9.844692844782305,8
3474874,9.919681712118901,6
3474880,9.895122352462112,6
3474886,9.88090485390533,6
3474897,9.78247402441682,11
3474902,9.913926006074744,5
3474908,9.908713090949808,6
3474917,9.81479537574036,9
3474923,9.89996265778403,6
3474934,9.790487299666252,11
3474935,10.0,1
3474938,9.954100215723388,3
3474939,10.0,1
3474955,9.62239951178416,16
3474956,10.0,1
3474966,9.764723630628742,10
3474975,9.807641131547948,9
3474983,9.861635063880096,8
3474988,9.935100528544305,5
3474997,9.816068227178961,9
3475002,9.922681915434074,5
3475016,9.670914181886195,14
3475017,10.0,1
3475029,9.725468787141606,12
3475043,9.682007142024233,14
3475049,9.869521508300213,6
3475057,9.832506113014817,8
3475066,9.610184706678526,9
3475079,9.776040103211166,13
3475091,9.751286577453056,12
3475095,9.939058788691224,4
3475100,9.926768432148865,5
3475107,9.877863440193465,7
3475111,9.950049594133521,4
3475119,9.85339856958797,8
3475129,9.78364068450233,10
3475145,9.609205413904991,16
3475154,9.809286717761111,9
3475162,9.861533390795511,8
3475166,9.932655979644787,4
3475178,9.518710635531386,12
3475179,10.0,1
3475180,10.0,1
3475191,9.760643504713249,11
3475194,9.964882486682002,3
3475205,9.765705041539906,11
3475213,9.856170817880475,8
3475225,9.763591923536348,12
3475238,9.705798850783106,13
3475247,9.80611738799262,9
3475248,9.996692694122041,1
3475258,9.85137528916014,10
3475265,9.882871122271006,7
3475276,9.786647272479108,11
3475286,9.778338855135948,10
3475293,9.880534343432203,7
3475299,9.880005757113477,6
3475311,9.740733927772451,12
3475324,9.709159892078572,13
3475330,9.89332710070004,6
3475338,9.745373801709619,8
3475345,9.836596438256798,7
3475350,9.929913778332322,5
3475362,9.736080666671317,12
3475363,10.0,1
3475364,10.0,1
3475378,9.751546851531797,14
3475386,9.840075342258121,8
3475390,9.94311774716981,4
3475397,9.858463848644744,7
3475398,10.0,1
3475412,9.689976649914874,14
3475413,10.0,1
3475426,9.757741388503433,13
3475442,9.674416713635637,16
3475450,9.856365934127796,8
3475465,9.653220226728239,15
3475477,9.538359460780976,12
3475481,9.927105947558978,4
3475489,9.855883761585218,8
3475495,9.882486062744073,6
3475508,9.755431848144534,13
3475513,9.936737422260007,5
3475521,9.829159516301681,8
3475524,9.94920410166693,3
3475532,9.844679177030331,8
3475548,9.540567994825008,16
3475559,9.744314449865628,11
3475564,9.916571919509204,5
3475573,9.823611682200575,9
3475587,9.736787973774861,14
3475594,9.850666054237344,7
3475606,9.737666795480616,12
3475617,9.764218800917128,11
3475624,9.88494753153539,7
3475625,10.0,1
3475633,9.836872794489967,8
3475648,9.675776282912354,15
3475660,9.749668850043472,12
3475667,9.851028149941062,7
3475672,9.904724222053128,5
3475688,9.517852644692725,16
3475699,9.786914228348913,11
3475709,9.788941197857758,10
3475719,9.780319118639891,10
3475727,9.838761403741628,8
3475739,9.733240837503434,12
3475746,9.880442366259775,7
3475747,10.0,1
3475762,9.61253539375557,15
3475771,9.834618585776333,9
3475791,9.48571671601317,20
3475802,9.765464180020423,11
3475814,9.76687177258419,12
3475826,9.737377368979093,12
3475837,9.760978147796235,11
3475842,9.920870669300534,5
3475855,9.7157084701652,13
3475862,9.880637205105856,7
3475867,9.928448070219076,5
3475872,9.916127266992314,5
3475877,9.908248172996664,5
3475883,9.887026655848116,6
3475903,9.547831326887117,20
3475911,9.858813747590043,8
3475913,9.970321344608678,2
3475916,9.970522646298548,3
3475928,9.733932503463471,12
3475943,9.687892440026475,15
3475947,9.929376491518097,4
3475959,9.751864813828687,12
3475964,9.9246848561598,5
3475973,9.833439635235015,9
3475985,9.743183128665876,12
3475995,9.798208000817862,10
3476002,9.874268199909684,7
3476021,8.80068761439738,19
3476033,9.742242809494144,12
3476038,9.926338084629366,5
3476044,9.907830699603908,6
3476045,9.995918173856895,1
3476046,10.0,1
3476055,9.834066019909264,9
3476067,9.747914832545945,12
3476080,9.718287842166792,13
3476088,9.858542576529093,8
3476097,9.8569860681728,9
3476107,9.78591790472684,10
3476115,9.846986587385004,8
3476118,9.952072798829034,3
3476126,9.870527242000911,8
3476135,9.82229225902432,9
3476142,9.879340966690176,7
3476149,9.856661251511936,7
3476156,9.855336562827961,7
3476157,9.995915759983232,1
3476162,9.922217282118071,5
3476177,9.669923280982262,15
3476179,9.978474492416929,2
3476195,9.66267056699439,16
3476204,9.821797190810557,9
3476213,9.799972540890113,9
3476214,10.0,1
3476217,9.957896323413337,3
3476235,9.584326278180383,18
3476242,9.878195532979925,7
3476252,9.795602282969512,10
3476268,9.655607504873618,16
3476277,9.837993496360788,9
3476288,9.758331167853719,11
3476295,9.888012831194425,7
3476299,9.937408027745603,4
3476309,9.790276715918104,10
3476310,10.0,1
3476316,9.87761519998637,6
3476317,10.0,1
3476318,9.992027481569414,1
3476326,9.856079964053434,8
3476333,9.861876987025624,7
3476342,9.788031967209946,9
3476343,10.0,1
3476416,7.9490063180794746,73
3476417,10.0,1
3476418,10.0,1
3476428,9.788020507022459,10
3476434,9.892472744808837,6
3476439,9.90671041770163,5
3476453,9.647566880431281,14
3476454,10.0,1
3476461,9.859517791709344,7
3476472,9.752056924286434,11
3476473,10.0,1
3476481,9.87033100994515,8
3476493,9.726295208161275,12
3476503,9.82214086674339,10
3476504,10.0,1
3476512,9.83122733037054,8
3476521,9.828328197207561,9
3476525,9.94149465875203,4
3476533,9.84238470384976,8
3476547,9.657367976453983,14
3476550,9.950162949290375,3
3476565,9.63781982344543,15
3476569,9.930229863867678,4
3476575,9.896931810914813,6
3476585,9.801725008960343,10
3476602,9.643857215123464,17
3476603,10.0,1
3476609,9.896318462497074,6
3476613,9.947562861352974,4
3476623,9.78257903607989,10
3476625,9.98504691641622,2
3476637,9.712580934639549,12
3476649,9.785761842976138,12
3476660,9.778205021939259,11
3476661,10.0,1
3476666,9.908716400484865,5
3476677,9.610925061303387,11
3476682,9.924730003987115,5
3476696,9.42997458864335,14
3476705,9.817008997660206,9
3476712,9.873609928820091,7
3476718,9.871665701450876,6
3476725,9.874422980108772,7
3476730,9.911426865502948,5
3476737,9.867413149038091,7
3476747,9.768924427459414,10
3476755,9.873728745615589,8
3476770,9.685764349670519,15
3476780,9.786525676438302,10
3476790,9.82832029453131,10
3476792,9.974270513846989,2
3476802,9.787895649205128,10
3476814,9.737354783086536,12
3476825,9.776044194081953,11
3476836,9.761135599180797,11
3476847,9.75291294375703,11
3476856,9.813080284689102,9
3476864,9.861212428715076,8
3476876,9.72957685178271,12
3476888,9.768670597289344,12
3476902,9.70595044366967,14
3476918,9.630371119193516,16
3476927,9.821075715572679,9
3476930,9.963528850118541,3
3476931,10.0,1
3476932,10.0,1
3476947,9.690155667457546,15
3476953,9.904257310006797,6
3476956,9.952831489387489,3
3476968,9.75727703638093,12
3476974,9.90268268316661,6
3476986,9.76739641215972,12
3476992,9.922024373976791,6
3477004,9.755056666465716,12
3477008,9.950617351351305,4
3477021,9.715790549763348,13
3477027,9.907694476589516,6
3477028,10.0,1
3477043,9.679160142728842,15
3477055,9.701630761175132,12
3477069,9.514538395540463,14
3477077,9.83828021922691,8
3477089,9.761869044066064,12
3477095,9.868832933159815,6
3477109,9.737349441796281,14
3477117,9.84552707799921,8
3477131,9.653390761965172,14
3477132,10.0,1
3477137,9.918283179504924,5
3477146,9.831846872013864,9
3477153,9.890089443908169,7
3477154,10.0,1
3477163,9.856574738840017,9
3477174,9.767885114526427,11
3477180,9.898828872751755,6
3477192,9.740116630805016,12
3477209,9.650778792967397,17
3477215,9.888348037612905,6
3477220,9.92015204945102,5
3477227,9.905106314643739,7
3477237,9.78275631767157,10
3477249,9.757271442484267,12
3477264,9.663014067665767,15
3477272,9.839590165078233,8
3477278,9.90556666933693,6
3477284,9.895855158227489,6
3477302,9.387674153128426,18
3477316,9.664540993761058,14
3477330,9.682716691285611,14
3477338,9.820375198469904,8
3477346,9.833448841179537,8
3477351,9.92464204321509,5
3477364,9.588093578473162,13
3477371,9.90038732857756,7
3477376,9.915412147040854,5
3477384,9.831790298279474,8
3477396,9.732761713575623,12
3477400,9.933359589224976,4
3477414,9.741965081442666,14
3477417,9.957970612201798,3
3477433,9.6627865884234,16
3477439,9.88559087083676,6
3477449,9.801791220491513,10
3477451,9.977221749982515,2
3477455,9.925497049941344,4
3477465,9.787636719939837,10
3477476,9.750848434589441,11
3477491,9.672162171400018,15
3477499,9.837866780800606,8
3477505,9.891943260693363,6
3477512,9.853938573019406,7
3477527,9.634598070203557,15
3477530,9.957636676985798,3
3477537,9.864392860112519,7
3477544,9.865608161524156,7
3477557,9.699950056645283,13
3477558,10.0,1
3477568,9.785633762501869,10
3477579,9.767894941653807,11
3477595,9.654215558299255,16
3477609,9.703746282326502,14
3477619,9.79076337161678,10
3477625,9.888054458513496,6
3477634,9.804784832482982,9
3477649,9.653018713331381,15
3477658,9.84394893522367,9
3477667,9.84091938014762,9
3477674,9.856427701495589,7
3477680,9.90061233747079,6
3477687,9.680576804305561,7
3477698,9.767910119849061,11
3477712,9.690347171744369,14
3477714,9.971584037039365,2
3477715,10.0,1
3477717,9.983504340903592,2
3477721,9.93650101240566,4
3477725,9.947661774279656,4
3477726,10.0,1
3477727,9.992993783890173,1
3477741,9.667382742059846,14
3477744,9.964633496996282,3
3477745,10.0,1
3477750,9.917474796268147,5
3477763,9.721422689420896,13
3477772,9.796442526241753,9
3477786,9.720306921890568,14
3477793,9.865340793634937,7
3477798,9.913186743642864,5
3477808,9.784669088969368,10
3477815,9.858615562586406,7
3477826,9.75593712951397,11
3477830,9.932072901055701,4
3477840,9.777128943135741,10
3477845,9.919774111010348,5
3477857,9.760456408480206,12
3477875,9.58676965402832,18
3477880,9.927380533632732,5
3477887,9.879769141213641,7
3477899,9.746606755841173,12
3477908,9.843271419173883,9
3477920,9.731568220336426,12
3477931,9.765095751064502,11
3477938,9.864635663638493,7
3477942,9.948318257490449,4
3477953,9.77609606114507,11
3477958,9.927689249351591,5
3477965,9.886662063135702,7
3477972,9.861505085308037,7
3477975,9.957544572236518,3
3477987,9.748577956037227,12
3477993,9.917239572629498,6
3478008,9.667134375112079,15
3478014,9.89356472178503,6
3478022,9.83133566838719,8
3478023,10.0,1
3478029,9.908235531964513,6
3478035,9.900952773254613,6
3478039,9.934367627331833,4
3478051,9.757576356194201,12
3478054,9.96419752073847,3
3478063,9.803513240802927,9
3478069,9.912824722731973,6
3478097,9.37575557332334,28
3478098,10.0,1
3478110,9.786662305833929,12
3478114,9.936359104973452,4
3478116,9.970589973276716,2
3478123,9.88316205601325,7
3478131,9.848368432951359,8
3478137,9.893931242926522,6
3478144,9.857965547255374,7
3478148,9.934022569506713,4
3478161,9.703084267334196,13
3478165,9.949705835235715,4
3478184,9.595006614022791,19
3478185,10.0,1
3478186,9.992653576553657,1
3478187,10.0,1
3478196,9.808328448071052,9
3478197,10.0,1
3478202,9.90915408758918,5
3478209,9.673531956552566,7
3478212,9.955313507532708,3
3478219,9.88051117823284,7
3478232,9.69560115140515,13
3478293,-13.565130681998548,61
3478294,10.0,1
3478299,9.920484773074,5
3478311,9.574674701074446,12
3478317,9.918284799748374,6
3478326,9.817586855113193,9
3478337,9.757143030356634,11
3478344,9.851163120944403,7
3478361,9.639577267795472,17
3478367,9.892928206923738,6
3478385,9.613405087110962,18
3478386,10.0,1
3478399,9.69629104111214,13
3478413,9.66421961467137,14
3478420,9.86846010371915,7
3478434,9.709753801524856,14
3478447,9.756868453953645,13
3478456,9.807110424115084,9
3478468,9.789145600065334,12
3478473,9.905674780244052,5
3478478,9.910141667403655,5
3478479,10.0,1
3478490,9.7588186238484,11
3478499,9.825538341123618,9
3478504,9.897363031286726,5
3478546,9.180156728442178,42
3478556,9.825741035071037,10
3478575,9.539898286407592,19
3478576,10.0,1
3478577,10.0,1
3478581,9.936610165134692,4
3478591,9.577644929845437,10
3478592,10.0,1
3478600,9.821957554956457,8
3478601,10.0,1
3478602,10.0,1
3478603,10.0,1
3478605,9.970820063938964,2
3478615,9.705863826297414,10
3478621,9.898286266404144,6
3478622,10.0,1
3478631,9.814996977219222,9
3478647,9.660846101185633,16
3478649,9.98387808188611,2
3478651,9.977440002357405,2
3478660,9.803341478836398,9
3478672,9.740987228040506,12
3478684,9.75593450203752,12
3478688,9.923934152830563,4
3478689,10.0,1
3478698,9.81802160682663,9
3478708,9.805513417962835,10
3478715,9.878915971535825,7
3478728,9.708772603145855,13
3478741,9.712742041104685,13
3478747,9.873272081198463,6
3478752,9.599581246827338,5
3478767,9.702066456819928,15
3478776,9.814380318626494,9
3478781,9.919764616708601,5
3478791,9.792477818222913,10
3478802,9.788957407909987,11
3478808,9.886057627286316,6
3478821,9.738533029065579,13
3478828,9.874715283901693,7
3478846,9.544955043989727,18
3478858,9.716819782969452,12
3478875,9.650117580766638,17
3478882,9.86597208768316,7
3478889,9.875623529915575,7
3478900,9.744834326410803,11
3478911,9.736379694521725,11
3478918,9.852072578766137,7
3478925,9.877277922057486,7
3478930,9.907148524449365,5
3478937,9.870791478595748,7
3478947,9.776964073718764,10
3478955,9.853383019504998,8
3478966,9.752185866458113,11
3478983,9.64490476729028,17
3478992,9.819683824086152,9
3479003,9.750194089046307,11
3479015,9.726725686669301,12
3479023,9.821039086215976,8
3479036,9.744971928767928,13
3479042,9.912989057327898,6
3479056,9.647881605286882,14
3479064,9.865386730546364,8
3479066,9.978038213109661,2
3479077,9.779801153136628,11
3479082,9.920605314232063,5
3479097,9.675904791087948,15
3479101,9.939493568412974,4
3479109,9.83931587751858,8
3479114,9.912929748828622,5
3479126,9.337991484176182,12
3479127,10.0,1
3479135,9.83445549376458,8
3479145,9.818503164420369,10
3479149,9.949447541484624,4
3479150,10.0,1
3479151,10.0,1
3479161,9.823293585420528,10
3479162,10.0,1
3479169,9.866295627915848,7
3479177,9.836126820351101,8
3479184,9.874124071497036,7
3479189,9.93280058735757,5
3479193,9.942653857584276,4
3479194,10.0,1
3479195,10.0,1
3479205,9.781247933931443,10
3479210,9.904553070385042,5
3479214,9.921332456874953,4
3479220,9.88382317922012,6
3479221,10.0,1
3479226,9.926460396921865,5
3479231,9.910465556938286,5
3479249,9.571224624382868,18
3479259,9.788198785612904,10
3479263,9.948204476184628,4
3479267,9.95100657894667,4
3479277,9.806527203116449,10
3479281,9.942807023663448,4
3479285,9.931619280754981,4
3479296,9.760425613114606,11
3479313,9.642053120865794,17
3479320,9.865099242871102,7
3479324,9.934375240360712,4
3479331,9.846332442221065,7
3479344,9.706796784152854,13
3479352,9.821093524308681,8
3479354,9.969655406081273,2
3479355,10.0,1
3479368,9.742906357558496,13
3479377,9.8239164479452,9
3479390,9.744953574816396,13
3479396,9.896927169363849,6
3479406,9.796241738174542,10
3479419,9.730810014004131,13
3479426,9.865525520129387,7
3479438,9.739909526210766,12
3479454,9.738491264793392,16
3479459,9.931414376300085,5
3479460,10.0,1
3479466,9.89622114649526,6
3479470,9.937835485525303,4
3479479,9.808591109169747,9
3479490,9.762543285839056,11
3479501,9.67182554965337,11
3479511,9.770166574949572,10
3479520,9.810716988530848,9
3479525,9.922675370448294,5
3479542,9.614283642213126,17
3479544,9.968187668870467,2
3479556,9.769661234071345,12
3479557,10.0,1
3479565,9.843230291982099,8
3479573,9.82694779631136,8
3479579,9.908943689715766,6
3479586,9.858677766064739,7
3479594,9.835159768996963,8
3479599,9.815778051601868,5
3479603,9.936121263285369,4
3479614,9.757290050166118,11
3479622,9.856346463788316,8
3479623,10.0,1
3479626,9.96058437861582,3
3479641,9.66419902530149,15
3479649,9.871229410690596,8
3479663,9.70564647390136,14
3479664,10.0,1
3479675,9.784937898517098,11
3479683,9.843205377675018,8
3479689,9.886137018707013,6
3479698,9.792726396368343,9
3479701,9.961239615696345,3
3479709,9.828316378319585,8
3479726,9.585356721984832,17
3479733,9.870640714278851,7
3479739,9.905757831752954,6
3479754,9.727081177134439,15
3479757,9.962884155150016,3
3479761,9.952400360010664,4
3479764,9.94706799654533,3
3479771,9.888010514619104,7
3479783,9.752994789568717,12
3479786,9.962864559884574,3
3479796,9.803772612785586,10
3479814,9.584310286883298,18
3479823,9.813462640590647,9
3479828,9.929746772637193,5
3479829,10.0,1
3479838,9.845262943287725,9
3479844,9.889779172415867,6
3479848,9.940848299656597,4
3479851,9.964346975616808,3
3479855,9.924247984736963,4
3479867,9.762023227200553,12
3479876,9.834389632494794,9
3479883,9.862728087938,7
3479885,9.971563072437956,2
3479898,9.067662088348897,13
3479907,9.85120866028982,9
3479914,9.882410441687604,7
3479925,9.75166747659788,11
3479931,9.908690352965966,6
3479939,9.869495167493595,8
3479952,9.709439040879545,13
3479961,9.828421022370344,9
3479962,9.996255226488596,1
3479963,10.0,1
3479968,9.919919856788946,5
3479985,9.6803292631351,17
3480004,9.5607090966704,19
3480015,9.746615641774309,11
3480025,9.801987496026001,10
3480031,9.896726619480082,6
3480033,9.984921052117766,2
3480038,9.91036287670916,5
3480042,9.947919880536558,4
3480045,9.953996027449177,3
3480051,9.904821118796297,6
3480062,9.81654085669439,11
3480065,9.958998211476745,3
3480073,9.826272432345656,8
3480082,9.812316265813601,9
3480089,9.868303774107114,7
3480097,9.830711884025018,8
3480101,9.936523046152809,4
3480108,9.882067937454616,7
3480110,9.974020146794974,2
3480123,9.717330540047358,13
3480140,9.59362674868294,17
3480150,9.812673393393942,10
3480161,9.753836819217137,11
3480162,10.0,1
3480170,9.663954325795276,8
3480181,9.770541857390855,11
3480182,10.0,1
3480183,9.992267013808853,1
3480188,9.929418308225857,5
3480198,9.826223742908839,10
3480202,9.924446149122337,4
3480213,9.749255696831133,11
3480224,9.791020589081658,11
3480229,9.934776790673947,5
3480238,9.82733161065084,9
3480252,9.65221939634226,14
3480259,9.858262226493057,7
3480260,10.0,1
3480274,9.680625173602474,14
3480289,9.684452662573953,15
3480298,9.831117047064666,9
3480308,9.803884465096864,10
3480321,9.695550880737448,13
3480333,9.766415004891378,12
3480343,9.788559332030294,10
3480354,9.775705892759806,11
3480363,9.830538856083828,9
3480368,9.907486841668407,5
3480374,9.88914401226715,6
3480383,9.811663702901807,9
3480398,9.671702598767473,15
3480411,9.718146888458595,13
3480422,9.79216447146877,11
3480423,10.0,1
3480433,9.845764633792067,10
3480434,9.992960174045836,1
3480435,10.0,1
3480455,9.49296114434014,20
3480457,9.98537953668616,2
3480471,9.71357925048978,14
3480481,9.787709576314906,10
3480488,9.872901280413483,7
3480495,9.852039750466849,7
3480496,10.0,1
3480504,9.839841092101452,8
3480520,9.625182938115117,16
3480527,9.88975390603791,7
3480539,9.736341320185467,12
3480552,9.708213081912831,13
3480566,9.697924082830594,14
3480574,9.845333265055508,8
3480587,9.715766590848416,13
3480599,9.739094790523605,12
3480604,9.906827259682373,5
3480612,9.852228360792983,8
3480618,9.903904919772009,6
3480623,9.895028339295212,5
3480627,9.933256262897299,4
3480639,8.763427287045007,12
3480641,9.978855802562043,2
3480647,9.889940789337974,6
3480654,9.871775305052289,7
3480655,10.0,1
3480666,9.765870786155729,11
3480676,9.834598061602696,10
3480692,9.64363730601853,16
3480697,9.936160259192771,5
3480700,9.858381735568406,3
3480706,9.889225109448534,6
3480716,9.807691542555016,10
3480721,9.926581174029364,5
3480722,10.0,1
3480733,9.764445156461338,11
3480734,9.992280744282485,1
3480744,9.768402537730012,10
3480755,9.773473636059682,11
3480766,9.792044768225415,11
3480776,9.768349616902098,10
3480777,10.0,1
3480784,9.886346448471626,7
3480785,10.0,1
3480790,9.899011100810746,5
3480795,9.920417804257383,5
3480801,9.878512562208387,6
3480811,9.811263438918504,10
3480816,9.898693248694315,5
3480821,9.915849484101738,5
3480834,9.741142584494256,13
3480843,9.811106910202376,9
3480856,9.742433538718476,13
3480860,9.948435447944437,4
3480868,9.835963039678294,8
3480870,9.976652838945139,2
3480876,9.89611349902589,6
3480877,9.996666513421943,1
3480881,9.937062445443619,4
3480888,9.878480790797113,7
3480897,9.834964186752261,9
3480903,9.896820581389564,6
3480913,9.798837774471991,10
3480926,9.742071821052187,13
3480936,9.789257572163123,10
3480941,9.912530586402502,5
3480955,9.699153125752424,14
3480958,9.958774219475261,3
3480964,9.903854089633587,6
3480974,9.773714792421643,10
3480975,10.0,1
3480981,9.906230028109848,6
3480992,9.785127407679449,11
3480997,9.793832982366279,5
3480999,9.97592759336985,2
3481002,9.958643501274873,3
3481004,9.966457624920343,2
3481006,9.969845079403935,2
3481012,9.875002564046913,6
3481018,9.907446238412675,6
3481019,10.0,1
3481024,9.924089562464955,5
3481036,9.737196739492909,12
3481045,9.80570483563773,9
3481048,9.96090312882219,3
3481055,9.892487178058174,7
3481059,9.950446895831924,4
3481067,9.83629788621127,8
3481078,9.74637474317136,11
3481084,9.887518661265867,6
3481091,9.861253144149428,7
3481097,9.911116443117006,6
3481112,9.631947662861698,15
3481113,9.98710562710663,1
3481120,9.877668928335977,7
3481126,9.886410282738547,6
3481139,9.739686777908961,13
3481140,10.0,1
3481145,9.914297866569008,5
3481147,9.984100430691424,2
3481157,9.770218876477687,10
3481177,9.527407784571256,20
3481197,9.567449042703052,20
3481200,9.962364790527976,3
3481209,9.599375665999887,9
3481222,9.715265213484878,13
3481235,9.68980608190218,13
3481241,9.895845170487725,6
3481254,9.686882958933305,13
3481264,9.79231179131087,10
3481271,9.857218637962,7
3481275,9.939954425529002,4
3481283,9.82781026402593,8
3481294,9.757719143382303,11
3481295,9.996546477007193,1
3481300,9.916189548892097,5
3481307,9.851078237602223,7
3481321,9.691949389413745,14
3481333,9.749775550775452,12
3481349,9.62464441887161,16
3481358,9.84946828742411,9
3481367,9.828626429409843,9
3481368,10.0,1
3481384,9.61557733378072,16
3481389,9.910121683526889,5
3481399,9.80042793779204,10
3481406,9.875857625866757,7
3481425,8.662005507801931,19
3481433,9.544289661386607,8
3481437,9.93908336772031,4
3481438,10.0,1
3481439,10.0,1
3481453,9.68469128753051,14
3481458,9.909976976463975,5
3481466,9.824069437174508,8
3481472,9.881448605807392,6
3481486,9.688504808856463,14
3481494,9.87753702068009,8
3481498,9.933913532960288,4
3481501,9.970804760883118,3
3481514,9.767429257635246,13
3481523,9.816160679928728,9
3481533,9.78047643077298,10
3481540,9.870320348009828,7
3481548,9.831918602085354,8
3481556,9.852426675394074,8
3481565,9.847466508906392,9
3481569,9.938305662152155,4
3481574,9.91046890452784,5
3481585,9.750317140648885,11
3481586,9.992749116200436,1
3481597,9.797133714400672,11
3481598,10.0,1
3481607,9.837128725963105,9
3481612,9.922544442089698,5
3481618,9.88421750426336,6
3481625,9.90113730875507,7
3481634,9.82767338347109,9
3481640,9.888466319311924,6
3481642,9.97019604753046,2
3481652,9.817903570026223,10
3481667,9.693051229946015,15
3481678,9.819981186257195,11
3481682,9.93000210274081,4
3481688,9.894650775623406,6
3481689,10.0,1
3481697,9.836968124506704,8
3481699,9.985295891817819,2
3481705,9.899713780460072,6
3481719,9.68873292146986,14
3481726,9.87775251043852,7
3481729,9.954777345027004,3
3481730,9.9934306293818,1
3481739,9.814975910591029,9
3481744,9.934544654107832,5
3481749,9.93341915794088,5
3481758,9.823197905493624,9
3481759,10.0,1
3481768,9.793898037010809,9
3481775,9.873876381097894,7
3481778,9.947219851011155,3
3481784,9.921140895152408,6
3481793,9.81478396564821,9
3481811,9.691259444762586,18
3481829,9.686672301665531,18
3481844,9.545821442478639,15
3481845,10.0,1
3481846,10.0,1
3481857,9.800014148076745,11
3481866,9.823196897866278,9
3481879,9.749713800576219,13
3481883,9.955679376734265,4
3481889,9.903990895570058,6
3481893,9.950229377393072,4
3481899,9.921910817310478,6
3481910,9.749264717537539,11
3481914,9.943534346353331,4
3481921,9.859715098629321,7
3481939,9.301175086371416,18
3481949,9.839052898991207,10
3481950,10.0,1
3481957,9.84886678813712,7
3481968,9.759927312038956,11
3481980,9.747047183160744,12
3481989,9.850120244485758,9
3481998,9.85343313186236,9
3482008,9.804819391677727,10
3482021,9.690110588305927,13
3482025,9.941679467860023,4
3482034,9.826248187892883,9
3482050,9.660757469384052,16
3482056,9.894810185528556,6
3482067,9.756292633572611,11
3482079,9.711479287377019,12
3482084,9.924379693615363,5
3482095,9.792432859450805,11
3482098,9.955457068118816,3
3482108,9.794815709227777,10
3482117,9.794951594858844,9
3482118,10.0,1
3482124,9.883418934314074,6
3482137,9.715768387438711,13
3482148,9.7637697771035,11
3482155,9.875987036081654,7
3482165,9.783172662577302,10
3482177,9.751124861453556,12
3482184,9.86123694730209,7
3482189,9.914938395365185,5
3482194,9.907582459624663,5
3482195,10.0,1
3482207,9.742094183523644,12
3482216,9.825905196470133,9
3482223,9.895648230424301,7
3482226,9.96537161648818,3
3482230,9.93035060192338,4
3482231,10.0,1
3482236,9.90869941417765,5
3482240,9.940715838471505,4
3482247,9.87634163387983,7
3482252,9.935527908451535,5
3482267,9.67279130516662,15
3482271,9.958315626762126,4
3482280,9.836313096677474,9
3482290,9.780021228474492,10
3482301,9.755301128616827,11
3482308,9.874302801919953,7
3482315,9.863656814643072,7
3482323,9.855630387509214,8
3482339,9.70697247005143,16
3482340,10.0,1
3482342,9.98564285400348,2
3482356,9.683481614007299,14
3482370,9.707098665930248,14
3482383,9.700148070619878,13
3482384,10.0,1
3482388,9.927735925309458,4
3482398,9.788260529786362,10
3482399,9.99642070675468,1
3482405,9.888906319653353,6
3482416,9.751355112392309,11
3482430,9.658318208187346,14
3482437,9.854675841026332,7
3482443,9.920510782794082,6
3482450,9.85828261559605,7
3482466,9.689478085933128,16
3482475,9.791488746408382,9
3482487,9.81841352529265,12
3482501,9.678307586977724,14
3482508,9.86797264105915,7
3482513,9.921070477395997,5
3482524,9.77383129752251,11
3482525,10.0,1
3482536,9.755693493939866,11
3482540,9.942754718156783,4
3482548,9.839362266513005,8
3482554,9.899584223707082,6
3482564,9.801545220618392,10
3482581,9.539431376937038,17
3482591,9.797113321188839,10
3482600,9.825716350152305,9
3482611,9.786118564215522,11
3482618,9.859101507311875,7
3482624,9.89747369256609,6
3482631,9.858179982265762,7
3482640,9.818160217719413,9
3482647,9.870519995710845,7
3482649,9.983062599681881,2
3482651,9.979780633730403,2
3482658,9.870186192762695,7
3482669,9.548347174694305,11
3482677,9.871091638794837,8
3482695,9.59837642314337,18
3482703,9.825784391297352,8
3482717,9.729876273833789,14
3482721,9.934982593266858,4
3482727,9.893565068616837,6
3482739,9.765884927927424,12
3482748,9.832356504585395,9
3482762,9.734115274616947,14
3482763,10.0,1
3482777,9.680293830405738,14
3482792,9.694640663682323,15
3482795,9.956473079274963,3
3482803,9.860193191342853,8
3482808,9.928194566941226,5
3482814,9.887564178131717,6
3482824,9.812410131500098,10
3482825,9.99654743432333,1
3482834,9.830925590326355,9
3482840,9.907743839075852,6
3482846,9.898733662407432,6
3482853,9.855049052217982,7
3482860,9.875803237068135,7
3482861,10.0,1
3482863,9.970814856690296,2
3482869,9.787349138870468,6
3482873,9.932809176455056,4
3482888,9.646419814493477,15
3482902,9.682652125731078,14
3482910,9.858108809401894,8
3482916,9.914261369133117,6
3482930,9.70677942462324,14
3482932,9.970713351135593,2
3482944,9.706168993778343,12
3482957,9.723602411266437,13
3482958,10.0,1
3482961,9.96317317359735,3
3482962,10.0,1
3482966,9.949037206063524,4
3482975,9.803335433993478,9
3482984,9.848360595655043,9
3482985,10.0,1
3482994,9.811649028403021,9
3482995,10.0,1
3483004,9.799019363498104,9
3483014,9.793411124528244,10
3483023,9.84069280985128,9
3483024,10.0,1
3483033,9.822224286719555,9
3483054,9.483317069113541,21
3483060,9.901884808869827,6
3483065,9.914300509350191,5
3483071,9.887804338446358,6
3483084,9.701447039799106,13
3483093,9.806326621648648,9
3483099,9.893591441982165,6
3483115,9.684858550940138,16
3483118,9.962277250260138,3
3483123,9.913362436814472,5
3483131,9.825028831395366,8
3483132,9.996789580191832,1
3483152,9.644043920986821,20
3483169,8.790191910016869,17
3483185,9.686265468554064,16
3483196,9.774890091761478,11
3483206,9.791920778819728,10
3483212,9.912733782340784,6
3483215,9.967049777548551,3
3483219,9.92559357227106,4
3483229,9.792809439153533,10
3483231,9.976292753202205,2
3483239,9.862767267592522,8
3483260,9.5290875799123,21
3483272,9.757820027198845,12
3483278,9.886043126589094,6
3483283,9.917349030278126,5
3483288,9.911599496900735,5
3483289,10.0,1
3483307,9.635026677860669,18
3483314,9.870133617180553,7
3483323,9.807969880924514,9
3483328,9.918539914369607,5
3483337,9.841306732685245,9
3483338,10.0,1
3483344,9.884744194000682,6
3483352,9.83285723224727,8
3483359,9.872379765750845,7
3483369,9.798024559974863,10
3483385,9.658313307792662,16
3483400,9.686386052864291,15
3483411,9.766029885349239,11
3483423,9.745177951916421,12
3483434,9.803705221028057,11
3483444,9.7876962825662,10
3483460,9.599501070592101,16
3483466,9.908443409780142,6
3483478,9.721474908758285,12
3483479,10.0,1
3483492,9.707970536408856,13
3483493,10.0,1
3483494,10.0,1
3483501,9.874052544683432,7
3483512,9.771342418106624,11
3483519,9.865423955370435,7
3483524,9.915558610415644,5
3483534,9.813602168252002,10
3483548,9.682364581573424,14
3483552,9.928628363421282,4
3483557,9.929615087325379,5
3483567,9.79333064549981,10
3483568,10.0,1
3483575,9.872852647324684,7
3483578,9.966474393546093,3
3483585,9.88753380177298,7
3483593,9.838016767735652,8
3483601,9.842880738833738,8
3483613,9.772685562313495,12
3483614,10.0,1
3483615,10.0,1
3483623,9.84220916702086,8
3483624,10.0,1
3483636,9.725484229979408,12
3483648,9.716700682102314,12
3483649,10.0,1
3483659,9.777346260355355,10
3483669,9.805344483048069,10
3483680,9.80449160818032,11
3483697,9.611678943405519,17
3483705,9.839451874451504,8
3483713,9.845616325051912,8
3483744,9.388519990118455,31
3483748,9.941202978190383,4
3483749,10.0,1
3483762,9.700278464108374,13
3483763,10.0,1
3483766,9.967449704897836,3
3483779,9.746828058226354,13
3483785,9.908616432414789,6
3483787,9.98094412453508,2
3483791,9.936541639726157,4
3483804,9.701007140327016,13
3483805,10.0,1
3483813,9.845652227203484,8
3483820,9.870358452492297,7
3483830,9.76284016955733,10
3483845,9.688438455236373,15
3483856,9.744280565132525,11
3483868,9.641235523219697,12
3483877,9.837455048693833,9
3483888,9.7451939628407,11
3483895,9.854061947939622,7
3483897,9.985663145472705,2
3483914,9.644466840436538,17
3483930,9.624070655626133,16
3483935,9.929155754783098,5
3483951,9.691713181586467,16
3483952,10.0,1
3483959,9.869866363759284,7
3483971,9.744569053887313,12
3483984,9.705328812757658,13
3483986,9.977059737990922,2
3483998,9.749989165903505,12
3484004,9.893432950387371,6
3484009,9.928899018137951,5
3484016,9.85586485934975,7
3484019,9.957713203293096,3
3484023,9.941877896312636,4
3484032,9.800427073262908,9
3484042,9.78705415134442,10
3484044,9.98082019873924,2
3484048,9.941852108396029,4
3484049,9.996306751408627,1
3484054,9.7282774909307,5
3484057,9.968600242236882,3
3484062,9.9199557117757,5
3484069,9.856571264121676,7
3484080,9.76113841907431,11
3484091,9.78037869232627,11
3484097,9.792026491409427,6
3484107,9.799747263610248,10
3484110,9.947760539517091,3
3484120,9.792147184191457,10
3484122,9.978179468272096,2
3484125,9.956047912303239,3
3484138,9.695205506733542,13
3484147,9.841135354165038,9
3484148,10.0,1
3484163,9.66264832074594,15
3484171,9.835082613059514,8
3484179,9.857484473685137,8
3484184,9.912301426057992,5
3484189,9.910319438616419,5
3484195,9.89797880348285,6
3484207,9.749236956507515,12
3484213,9.879302044843623,6
3484219,9.883567705996537,6
3484226,9.875346970863635,7
3484232,9.892224391049432,6
3484241,9.813168436229835,9
3484253,9.761077718304188,12
3484258,9.906996701027218,5
3484268,9.776734304305746,10
3484285,9.646649817363198,17
3484293,9.861129789412283,8
3484297,9.933257110361382,4
3484308,9.756533510655474,11
3484322,9.748223856339838,14
3484329,9.858354230924888,7
3484334,9.911400501686838,5
3484339,9.918033874584486,5
3484342,9.964603436204177,3
3484355,9.719410859341863,13
3484365,9.77900861016942,10
3484373,9.852167831285643,8
3484383,9.780710893943223,10
3484396,9.737168706007848,13
3484403,9.883533269234585,7
3484418,9.699231479876861,15
3484430,9.726224110978407,12
3484439,9.82182456574762,9
3484446,9.870829609839696,7
3484455,9.832173878607872,9
3484461,9.89998562933895,6
3484476,9.688030404082488,15
3484486,9.822353202041946,10
3484496,9.796464664683192,10
3484508,9.731058150559793,12
3484512,9.946866505870542,4
3484522,9.797206596941244,10
3484527,9.91945595238254,5
3484539,9.744810706298326,12
3484547,9.85222456127773,8
3484563,9.615989756629425,16
3484572,9.805370403297132,9
3484577,9.925160763189357,5
3484586,9.798049286202394,9
3484587,10.0,1
3484600,9.714196255677578,13
3484608,9.812097847302773,8
3484615,9.850951694652705,7
3484625,9.817085169951449,10
3484639,9.692054996596287,14
3484647,9.836767239569456,8
3484648,10.0,1
3484658,9.829362776564844,10
3484664,9.897979976193152,6
3484673,9.84118018454572,9
3484681,9.825487507076453,8
3484689,9.864630692544052,8
3484697,9.844811744172095,8
3484698,10.0,1
3484699,9.989456292521183,1
3484712,9.714247596835078,13
3484720,9.821896663237254,8
3484736,9.648990023885291,16
3484737,9.989409793677533,1
3484738,10.0,1
3484743,9.924671877623636,5
3484747,9.929808167612714,4
3484748,10.0,1
3484755,9.878255647883556,7
3484762,9.880956575215091,7
3484772,9.504312893932747,10
3484780,9.823105670285338,8
3484789,9.82185729922605,9
3484793,9.941932725566035,4
3484802,9.810861740410632,9
3484805,9.952283165549636,3
3484812,9.858537557971198,7
3484823,9.769138133140851,11
3484826,9.957467640726502,3
3484829,9.961918685113186,3
3484832,9.960138618033746,3
3484843,9.764015577304646,11
3484849,9.891347696401725,6
3484860,9.771456058329695,11
3484862,9.970580175815655,2
3484876,9.693613142221416,14
3484887,9.799792985645205,11
3484896,9.843452712978543,9
3484911,9.704336192392105,15
3484917,9.88705855924557,6
3484936,9.524716318097836,19
3484944,9.857109867689962,8
3484954,9.795720016922715,10
3484961,9.86214002122447,7
3484976,9.674607844205102,15
3484983,9.869352002094507,7
3484998,9.677075853236472,15
3485007,9.807994540956182,9
3485011,9.927543461476878,4
3485022,9.773017826326726,11
3485031,9.833592132689503,9
3485038,9.877548080250953,7
3485041,9.95588325028148,3
3485049,9.8329788845288,8
3485057,9.841750420908692,8
3485071,9.687980696782342,14
3485080,9.818284318557215,9
3485081,10.0,1
3485082,10.0,1
3485083,10.0,1
3485089,9.899341079434478,6
3485106,9.626157715755687,17
3485117,9.755100048707055,11
3485119,9.984827051079076,2
3485127,9.851746920173154,8
3485131,9.733188873510308,4
3485144,9.708343091893394,13
3485159,9.642863914283273,15
3485160,10.0,1
3485161,9.989180006729153,1
3485171,9.775560269299561,10
3485181,9.798424170378523,10
3485188,9.882821643101984,7
3485194,9.895158608560905,6
3485202,9.862777682995993,8
3485212,9.772549426495386,10
3485218,9.893869402470889,6
3485219,10.0,1
3485222,9.857739531438083,3
3485223,9.993010488885647,1
3485228,9.90308361091761,5
3485239,9.73975062020986,11
3485254,9.656394546510766,15
3485258,9.943787275530362,4
3485270,9.737522021839524,12
3485275,9.922597719048158,5
3485276,10.0,1
3485286,9.778342900909884,10
3485290,9.930707127019035,4
3485305,9.675576312658906,15
3485306,10.0,1
3485314,9.832430138173027,8
3485326,9.733285006459484,12
3485330,9.927687620189179,4
3485339,9.8168717052952,9
3485347,9.84817283483839,8
3485348,10.0,1
3485363,9.676524528983945,15
3485367,9.948869513121348,4
3485377,9.809870096035654,10
3485387,9.79292392712664,10
3485392,9.93638701430568,5
3485405,9.736638058831735,13
3485416,9.791020344016136,11
3485424,9.848309578011623,8
3485433,9.815168209395772,9
3485434,10.0,1
3485443,9.84391595059636,9
3485453,9.785888447575886,10
3485471,9.568032019023875,18
3485478,9.867073551986863,7
3485489,9.77645456575863,11
3485491,9.9850320144228,2
3485501,9.834653498994209,10
3485507,9.874553432372016,6
3485515,9.825399040690131,8
3485516,10.0,1
3485528,9.74845022176932,12
3485533,9.91164097063411,5
3485534,10.0,1
3485544,9.563379059640207,10
3485553,9.797335059386631,9
3485554,10.0,1
3485555,10.0,1
3485568,9.736941840014039,13
3485569,10.0,1
3485578,9.808113522120658,9
3485585,9.878669117787503,7
3485589,9.937324379081044,4
3485595,9.878192052863964,6
3485601,9.914560851136182,6
3485603,9.984132656332951,2
3485612,9.818804610899523,9
3485615,9.95916063128934,3
3485619,9.928833058623152,4
3485627,9.84829727324939,8
3485641,9.691822126981753,14
3485649,9.845316182498822,8
3485665,9.657781746594292,16
3485675,9.780375541735237,10
3485676,10.0,1
3485683,9.871818870216275,7
3485694,9.804053719837924,11
3485701,9.878897026572082,7
3485713,9.74873535874142,12
3485728,9.687569898868123,15
3485742,9.722727442145542,14
3485744,9.974380456156874,2
3485753,9.821392840438651,9
3485761,9.871609028457746,8
3485766,9.915819321076263,5
3485777,9.806876926667929,11
3485785,9.848876330602467,8
3485794,9.817263552079451,9
3485803,9.869823958350077,9
3485817,9.567654044025755,14
3485825,9.823092760731152,8
3485834,9.811137657721314,9
3485841,9.876285653064436,7
3485850,9.436352309841833,9
3485859,9.828432228366232,9
3485861,9.981277072766401,2
3485880,9.510945598357669,19
3485900,9.60909638353789,20
3485913,9.682293352518967,13
3485914,10.0,1
3485922,9.840994786142236,8
3485923,10.0,1
3485935,9.741006330518628,12
3485943,9.843402936139015,8
3485944,10.0,1
3485951,9.83614136673486,7
3485955,9.940142497853266,4
3485964,9.826650452023555,9
3485974,9.806918374543319,10
3485992,9.582711209440518,18
3485995,9.952853351315836,3
3486002,9.889916098608898,7
3486014,9.74859761654788,12
3486019,9.911461349837953,5
3486025,9.880431209958687,6
3486033,9.840921918070444,8
3486042,9.790030573737821,9
3486053,9.773192732563945,11
3486064,9.750872751529558,11
3486067,9.970581189412187,3
3486080,9.686856661517698,13
3486090,9.808510686775794,10
3486105,9.655083177511845,15
3486117,9.75665889336661,12
3486127,9.79316494755401,10
3486128,10.0,1
3486134,9.911690174889605,6
3486139,9.913378724351345,5
3486150,9.805446199063752,11
3486151,10.0,1
3486160,9.828812516532613,9
3486169,9.820917886980137,9
3486175,9.917829609738835,6
3486183,9.850130037283193,8
3486188,9.916924206773198,5
3486189,10.0,1
3486190,10.0,1
3486199,9.820659929915147,9
3486213,9.656331834702218,14
3486227,9.744439974039656,14
3486235,9.870662484623653,8
3486238,9.962516855490502,3
3486250,9.7211854459727,12
3486261,9.755329310920834,11
3486268,9.866329903250973,7
3486278,9.775639021563391,10
3486291,9.369057031061383,13
3486314,9.380389590700744,23
3486325,9.76269894801656,11
3486330,9.925395570885007,5
3486342,9.715687678859112,12
3486343,10.0,1
3486359,9.631929364254653,16
3486360,10.0,1
3486368,9.85312185047016,8
3486374,9.895888126971727,6
3486378,9.848366222724657,4
3486384,9.89372023698747,6
3486391,9.868785462457282,7
3486400,9.811122731035269,9
3486405,9.914062882469207,5
3486422,9.60290506187285,17
3486432,9.791000327453062,10
3486442,9.777388571555816,10
3486446,9.94846082100577,4
3486456,9.794060959779733,10
3486463,9.853492154242723,7
3486470,9.889154981887511,7
3486475,9.90995752377313,5
3486484,9.806462513756507,9
3486485,10.0,1
3486492,9.864435864737953,7
3486501,9.830774791904117,9
3486509,9.82034106563766,8
3486514,9.918398714684088,5
3486519,9.919061417904416,5
3486530,9.765995534307958,11
3486538,9.841409186332646,8
3486541,9.960882526534768,3
3486546,9.914205649567824,5
3486562,9.686955161755794,16
3486572,9.787271461944238,10
3486576,9.928959937263173,4
3486581,9.92632077290787,5
3486584,9.964997798640086,3
3486589,9.902160874368683,5
3486601,9.79436149792727,12
3486608,9.87061531677837,7
3486614,9.889599215612737,6
3486619,9.90267419813834,5
3486628,9.814391196340067,9
3486641,9.737057726604531,13
3486647,9.905402923070113,6
3486652,9.913981663872038,5
3486665,9.715508902631152,13
3486675,9.820384773536139,10
3486698,9.482986250629953,23
3486711,9.70714019836605,13
3486716,9.913308893426398,5
3486724,9.829194542874731,8
3486732,9.826755457027694,8
3486743,9.770658821787036,11
3486764,9.425604704260678,21
3486781,9.628816701338247,17
3486788,9.853570605686645,7
3486799,9.773650674472396,11
3486812,9.70264120561201,13
3486813,10.0,1
3486814,10.0,1
3486821,9.888288795692512,7
3486833,9.72284871895253,12
3486834,9.996453504845585,1
3486850,9.636402344512492,16
3486863,9.725351219093682,13
3486873,9.784401018763118,10
3486876,9.946020315406438,3
3486877,10.0,1
3486883,9.902835034240745,6
3486885,9.973515634361057,2
3486898,9.703849147497914,13
3486904,9.8960736429928,6
3486917,9.731873024109468,13
3486927,9.802977953481166,10
3486935,9.869667017463252,8
3486941,9.901566146238485,6
3486947,9.895766058027487,6
3486954,9.878059192427735,7
3486963,9.821302800289134,9
3486977,9.705377227950871,14
3486984,9.864416721907753,7
3486996,9.717179427404133,12
3486997,10.0,1
3487007,9.611480523760342,10
3487014,9.868238426451734,7
3487025,9.740954476346841,11
3487038,9.741111597503417,13
3487047,9.82786268658068,9
3487051,9.944269595127793,4
3487052,9.99236326403604,1
3487059,9.881655736210094,7
3487074,9.654134407783422,15
3487085,9.765231032505417,11
3487091,9.891041161520697,6
3487102,9.790673355545378,11
3487110,9.87754899905746,8
3487124,9.727496636410267,14
3487132,9.83133810040257,8
3487138,9.903719246946848,6
3487144,9.879647905249941,6
3487148,9.924713188083146,4
3487157,9.79767147373935,9
3487174,9.626685365462695,17
3487179,9.92340348678073,5
3487189,9.788353568251674,10
3487192,9.967873084381733,3
3487197,9.923644854319896,5
3487206,9.802754726221657,9
3487217,9.780342141886832,11
3487224,9.852417550439759,7
3487226,9.984776021011545,2
3487238,9.73679932876555,12
3487250,9.715267597538944,12
3487259,9.72812376731906,9
3487272,9.691292958289788,13
3487282,9.845507751448134,10
3487285,9.958403819565055,3
3487300,9.662114367002546,15
3487301,10.0,1
3487313,9.72345969610705,12
3487325,9.737748940651517,12
3487334,9.828769784649122,9
3487352,9.623555817427485,18
3487361,9.85505914623947,9
3487367,9.876080974391641,6
3487374,9.892470963827536,7
3487375,9.996573624602638,1
3487387,9.767812038403719,12
3487388,10.0,1
3487389,10.0,1
3487401,9.744391266720122,12
3487412,9.772923744886963,11
3487422,9.784374136537684,10
3487430,9.818289554411217,8
3487439,9.819950709512547,9
3487443,9.918053801856574,4
3487444,10.0,1
3487445,10.0,1
3487454,9.806064335745187,9
3487464,9.780045142512192,10
3487479,9.706152090830805,15
3487487,9.836571459916497,8
3487498,9.78792991693355,11
3487512,9.457537717730286,14
3487523,9.78423944675683,11
3487534,9.764641415302716,11
3487544,9.843944836591248,10
3487552,9.867626624300609,8
3487558,9.90477613549749,6
3487562,9.944266646214952,4
3487575,9.731947803168861,13
3487587,9.742016740185953,12
3487595,9.852719099685963,8
3487599,9.943818094820191,4
3487609,9.808807811208531,10
3487621,9.73478516361299,12
3487623,9.975100283674346,2
3487637,9.689377909577493,14
3487648,9.758542896570015,11
3487657,9.824316253959113,9
3487658,10.0,1
3487668,9.800314236026784,10
3487675,9.88650189960908,7
3487682,9.878443929559554,7
3487691,9.831271236901374,9
3487695,9.937906783539159,4
3487696,10.0,1
3487712,9.661493338326768,16
3487719,9.877939326463883,7
3487736,9.676763160970802,17
3487748,9.768260955939397,12
3487753,9.911178181920372,5
3487769,9.640351054371445,16
3487775,9.902586913926477,6
3487779,9.937707743018185,4
3487780,10.0,1
3487781,10.0,1
3487784,9.95950626102318,3
3487793,9.862144590732434,9
3487807,9.028700069520012,14
3487823,9.348942480307873,16
3487839,9.668226707392826,16
3487849,9.801624120976507,10
3487853,9.944474090909909,4
3487863,9.802106954239372,10
3487876,9.722312867150658,13
3487880,9.946855233567025,4
3487890,9.798111180891297,10
3487899,9.82317861486567,9
3487902,9.951928941058528,3
3487903,10.0,1
3487907,9.934813329568701,4
3487915,9.8507162057834,8
3487921,9.877867471025592,6
3487932,9.759899081066875,11
3487936,9.939787858902523,4
3487949,9.71191315883074,13
3487954,9.918110507258483,5
3487966,9.768959262073318,12
3487967,10.0,1
3487968,10.0,1
3487973,9.921113981692777,5
3487980,9.86852057662355,7
3487994,9.654042397422348,14
3487997,9.970616350478089,3
3488005,9.849506668320478,8
3488016,9.773952436724043,11
3488022,9.917130633002783,6
3488029,9.871422545029857,7
3488041,9.779637995128448,12
3488047,9.89468566375234,6
3488048,10.0,1
3488065,9.674739244383133,17
3488081,9.653004967760028,16
3488087,9.91748289764115,6
3488095,9.846244990271812,8
3488098,9.954580430249928,3
3488103,9.904496175851373,5
3488104,10.0,1
3488112,9.841443848087602,8
3488127,9.643720273106961,15
3488137,9.798507713573295,10
3488150,9.7363307043651,13
3488161,9.761904295520651,11
3488173,9.7430217845965,12
3488189,9.68122146437335,16
3488197,9.87890199429258,8
3488214,9.68768396096448,17
3488226,9.7526269386929,12
3488233,9.865723768955966,7
3488239,9.897137547668649,6
3488247,9.81129942589244,8
3488262,9.663589650058682,15
3488278,9.656961786837764,16
3488283,9.925841720817933,5
3488293,9.776560327574275,10
3488305,9.788566585189377,12
3488306,9.993228410233536,1
3488313,9.852220307961781,7
3488322,9.840083599385725,9
3488324,9.970207912337147,2
3488335,9.774304676479826,11
3488345,9.80429144722516,10
3488354,9.82663154437922,9
3488360,9.874297619934453,6
3488371,9.809938866943439,11
3488372,10.0,1
3488381,9.792972947196603,9
3488388,9.873047542911447,7
3488395,9.845308426792329,7
3488398,9.954216326373944,3
3488402,9.927283072848976,4
3488406,9.920753796872752,4
3488413,9.876748112388034,7
3488429,9.635267744747066,16
3488440,9.748219269951862,11
3488454,9.776916859966882,14
3488462,9.857495196358679,8
3488473,9.778192739624048,11
3488478,9.913798285385004,5
3488502,8.66783894785352,24
3488508,9.876522688869867,6
3488521,9.687015752297684,13
3488528,9.864940136208192,7
3488538,9.801980694410561,10
3488545,9.87210246183602,7
3488566,9.593418333537604,21
3488578,9.750013506464152,12
3488589,9.775240442667487,11
3488603,9.698475093154023,14
3488612,9.82372650977725,9
3488613,10.0,1
3488620,9.881920910716223,7
3488621,10.0,1
3488635,9.492975942298207,14
3488636,10.0,1
3488647,9.750455330081166,11
3488655,9.759257894681642,8
3488656,10.0,1
3488663,9.861355504947468,7
3488664,10.0,1
3488665,10.0,1
3488676,9.782655304729284,11
3488682,9.877838081656689,6
3488692,9.768102139956977,10
3488700,9.822122514272946,8
3488714,9.564223250216266,14
3488724,9.821497472077354,10
3488732,9.81728922784498,8
3488736,9.926390260796552,4
3488751,9.6787934979007,15
3488759,9.851388865707863,8
3488765,9.909469914933863,6
3488773,9.81949735209945,8
3488774,10.0,1
3488777,9.9517212442981,3
3488788,9.745058919646794,11
3488796,9.84595211488588,8
3488805,9.82296651220957,9
3488818,9.705435087370118,13
3488827,9.807346648372706,9
3488831,9.944566632287247,4
3488843,9.756457549528529,12
3488858,9.661550581943432,15
3488861,9.954721679287848,3
3488867,9.88482794481341,6
3488872,9.931906771607938,5
3488880,9.84188360962437,8
3488890,9.79840566081048,10
3488900,9.783663732309218,10
3488911,9.777534886620408,11
3488922,9.748029195327572,11
3488931,9.799066104516767,9
3488937,9.875562070735374,6
3488950,9.736964936251793,13
3488958,9.832335451545266,8
3488959,10.0,1
3488967,9.850704947608582,8
3488980,9.739755487320606,13
3488986,9.901482776683377,6
3488989,9.952639662206911,3
3488997,9.844970715758036,8
3489006,9.818765920862242,9
3489015,9.820376732448127,9
3489031,9.499841099571222,16
3489037,9.886191066453257,6
3489049,9.760998893738874,12
3489071,9.505884940304686,22
3489077,9.903309833202185,6
3489087,9.793941014360023,10
3489090,9.970194982299734,3
3489100,9.796880841116122,10
3489108,9.854745441291131,8
3489109,10.0,1
3489111,9.984367691647048,2
3489122,9.57900190314307,11
3489123,10.0,1
3489140,9.551695917978313,17
3489150,9.809379332993425,10
3489161,9.76622994974636,11
3489166,9.92166113124314,5
3489175,9.845359559591403,9
3489185,9.80347348723184,10
3489190,9.915883638826248,5
3489197,9.867998751689619,7
3489198,10.0,1
3489201,9.968125079638877,3
3489212,9.756737855582324,11
3489213,10.0,1
3489214,9.986784172535863,1
3489215,10.0,1
3489229,9.761802818541057,14
3489230,10.0,1
3489231,10.0,1
3489240,9.815880017533692,9
3489241,10.0,1
3489251,9.77972648562946,10
3489257,9.905168078642067,6
3489265,9.836727892709558,8
3489266,10.0,1
3489274,9.841153168233136,8
3489285,9.755605493350433,11
3489296,9.77078745260443,11
3489304,9.842541492360313,8
3489308,9.943815132816255,4
3489313,9.915856382322279,5
3489326,9.683527079139925,13
3489340,9.677949943158346,14
3489346,9.88190912613842,6
3489352,9.889304542941368,6
3489363,9.754664661600133,11
3489371,9.854919186408074,8
3489379,9.823949420034646,8
3489390,9.757459252762844,11
3489391,9.987475208410224,1
3489402,9.798298174467053,11
3489407,9.917540639641654,5
3489408,9.99125346404864,1
3489422,9.66638926416444,14
3489431,9.786077798442617,9
3489436,9.910457210204784,5
3489450,9.702313191132973,14
3489456,9.905154267602914,6
3489471,9.671162005059445,15
3489481,9.80127355941425,10
3489491,9.789477604687718,10
3489499,9.836047065639722,8
3489505,9.889502698990523,6
3489507,9.978421994566274,2
3489521,9.692569415824929,14
3489532,9.783445591539753,11
3489536,9.941321662565384,4
3489537,10.0,1
3489538,10.0,1
3489547,9.847281343920843,9
3489555,9.835997354897145,8
3489567,9.7511404218558,12
3489574,9.856744648879562,7
3489581,9.8909709037544,7
3489590,9.786911536952067,9
3489598,9.858328486430267,8
3489608,9.81074038869583,10
3489621,9.736914901716617,13
3489632,9.775835441810045,11
3489645,9.723586686209597,13
3489654,9.820574650484447,9
3489670,9.649177331104205,16
3489673,9.953020034631743,3
3489686,9.73982806719853,13
3489695,9.82115163060349,9
3489702,9.858905038872203,7
3489711,9.844496708891535,9
3489720,9.822796649744724,9
3489732,9.757456534278674,12
3489738,9.903998851317246,6
3489745,9.869224348660254,7
3489759,9.730381446873258,14
3489765,9.876595051173608,6
3489778,9.723476917993978,13
3489792,9.772510140577834,14
3489801,9.810445095498109,9
3489812,9.771763883577831,11
3489822,9.820058279536525,10
3489845,9.374670755345472,23
3489854,9.838218101159505,9
3489861,9.848023934187335,7
3489868,9.880403169630696,7
3489873,9.920109522850062,5
3489880,9.885009759460608,7
3489891,9.805264507434712,11
3489900,9.852967820171449,9
3489909,9.807375087035208,9
3489910,9.9964822302802,1
3489911,9.992438259246903,1
3489920,9.808558375280686,9
3489928,9.83126633008986,8
3489934,9.904313423222717,6
3489943,9.81531496338971,9
3489944,10.0,1
3489957,9.740562800893859,13
3489967,9.790129487661572,10
3489980,9.732020400249677,13
3489981,10.0,1
3489991,9.840710643093013,10
3489998,9.87178903170175,7
3490001,9.968474143574943,3
3490003,9.985544427430037,2
3490019,9.626179399647206,16
3490029,9.825889272103877,10
3490039,9.796017798707073,10
3490048,9.798754961960961,9
3490055,9.858823102952025,7
3490063,9.851089704008267,8
3490072,9.855300194676417,9
3490073,9.993251423164523,1
3490076,9.954110405821467,3
3490081,9.913253120519249,5
3490089,9.82189910073681,8
3490100,9.758413855550447,11
3490106,9.881831292634772,6
3490122,9.64322592470347,16
3490123,10.0,1
3490134,9.761259151973533,11
3490154,9.64590391237041,20
3490158,9.92767829961639,4
3490168,9.798458594498852,10
3490172,9.946684704540967,4
3490186,9.672290665199613,14
3490195,9.837818584452908,9
3490208,9.72401031413269,13
3490209,10.0,1
3490219,9.785376019711135,10
3490227,9.850965303638409,8
3490241,9.680813740674198,14
3490258,8.377973211079917,17
3490268,9.762531118244956,10
3490269,10.0,1
3490279,9.820015644227428,10
3490293,9.66062471720834,14
3490294,10.0,1
3490296,9.971941612657275,2
3490309,9.75062748904018,13
3490323,9.71522629554095,14
3490335,9.775848654331357,12
3490336,10.0,1
3490344,9.840247902820607,8
3490355,9.787749661291503,11
3490356,10.0,1
3490361,9.915955717158512,5
3490366,9.804337320792822,5
3490373,9.861822238594362,7
3490378,9.927608678764253,5
3490384,9.929104146213723,6
3490397,9.742880714109061,13
3490417,9.608392015289327,20
3490429,9.721087468913343,12
3490440,9.781269836308626,11
3490448,9.854026647139573,8
3490455,9.868697296413822,7
3490472,9.642875707627299,17
3490484,9.75300478519243,12
3490490,9.8951405368513,6
3490509,9.62708039976559,19
3490516,9.86582936520414,7
3490523,9.854231540350122,7
3490536,9.72894461745396,13
3490539,9.945984569694216,3
3490540,10.0,1
3490553,9.708965649390183,13
3490559,9.918415463036844,6
3490565,9.890348085812606,6
3490580,9.680665749606112,15
3490582,9.977065575325005,2
3490586,9.943803954112775,4
3490596,9.77516474870661,10
3490606,9.796484757034747,10
3490618,9.748983278120523,12
3490630,9.760340918468048,12
3490640,9.681291349168632,10
3490641,10.0,1
3490650,9.832957521957875,9
3490659,9.843593193972573,9
3490671,9.70657270827037,12
3490674,9.967353121862201,3
3490679,9.927493409275707,5
3490691,9.756435330258888,12
3490699,9.85582421643901,8
3490708,9.827279547936724,9
3490716,9.827679452735936,8
3490729,9.758649717077693,13
3490739,9.78762254640271,10
3490747,9.840847129871538,8
3490765,9.63449677139723,18
3490781,9.657427042775796,16
3490788,9.860749194688552,7
3490799,9.775915175173951,11
3490808,9.86595249248257,9
3490816,9.848438012158644,8
3490817,10.0,1
3490828,9.752756315847765,11
3490840,9.715077195649213,12
3490848,9.842605758439996,8
3490853,9.925338438130947,5
3490860,9.870939645566024,7
3490870,9.782357155176747,10
3490880,9.769191247181853,10
3490890,9.81723007761584,10
3490901,9.784859469561143,11
3490906,9.926305001294027,5
3490910,9.941060498237114,4
3490915,9.908692097237779,5
3490928,9.702631862250126,13
3490935,9.877516565558707,7
3490936,10.0,1
3490944,9.864373665954195,8
3490958,9.696727848595291,14
3490965,9.87010161380328,7
3491465,-207.77936680726023,500
3491478,9.703585660467072,13
3491479,10.0,1
3491489,9.811457989045355,10
3491500,9.769574569497772,11
3491513,9.705828942693849,13
3491528,9.629584707839877,15
3491540,9.73034507723134,12
3491549,9.816987463712175,9
3491560,9.779517979797074,11
3491561,10.0,1
3491564,9.95354747910762,3
3491575,9.76332980779372,11
3491583,9.821173525891199,8
3491595,9.739927920220536,12
3491605,9.783879013976518,10
3491615,9.808058793178613,10
3491622,9.87157043069013,7
3491630,9.864954762743386,8
3491637,9.86827983795436,7
3491645,9.647470914217871,8
3491649,9.927962714956248,4
3491657,9.815271087354702,8
3491666,9.8308355736119,9
3491671,9.915110807788006,5
3491679,9.838044355070695,8
3491693,9.699255051984686,14
3491699,9.909690615814931,6
3491700,9.988157924490636,1
3491708,9.880034885272725,8
3491722,9.688597088677543,14
3491726,9.935542839906477,4
3491729,9.95242070590388,3
3491740,9.784443478871086,11
3491741,9.988945701913114,1
3491744,9.962454458743451,3
3491748,9.930941983546578,4
3491755,9.85250829582634,7
3491762,9.879288714496688,7
3491763,9.996337106027939,1
3491771,9.838901627589646,8
3491779,9.821802851313272,8
3491791,9.726584027329432,12
3491797,9.798459228112591,6
3491808,9.77617310702759,11
3491817,9.814784286398417,9
3491823,9.899027843679711,6
3491831,9.837430984769544,8
3491838,9.874816065972663,7
3491849,9.764832083831875,11
3491852,9.96538418448786,3
3491860,9.828116694741961,8
3491869,9.826069714106598,9
3491873,9.95126425076932,4
3491877,9.947537784983421,4
3491891,9.684313173101781,14
3491892,10.0,1
3491902,9.78759619680086,10
3491909,9.870458737258822,7
3491910,10.0,1
3491911,10.0,1
3491921,9.772036221705797,10
3491927,9.897032898674444,6
3491935,9.830869634983735,8
3491939,9.732551131154416,4
3491947,9.830110759297478,8
3491948,10.0,1
3491961,9.712201151449273,13
3491973,9.745653747954584,12
3491990,9.579687106143448,17
3491998,9.834676556175255,8
3492007,9.823316408570562,9
3492008,9.995972700489254,1
3492012,9.945891038225872,4
3492025,9.724299487994701,13
3492038,9.70298142725243,13
3492039,10.0,1
3492050,9.792265387917723,11
3492061,9.760777152147933,11
3492062,10.0,1
3492065,9.964241452274516,3
3492068,9.964651396771101,3
3492078,9.785552707502289,10
3492091,9.721316110364626,13
3492096,9.925931958401762,5
3492106,9.783856827700209,10
3492121,9.655924748773657,15
3492128,9.889863235222315,7
3492133,9.910410724179853,5
3492147,9.750429663320025,14
3492159,9.761816685580028,12
3492166,9.866390504857298,7
3492167,10.0,1
3492182,9.729256770167757,15
3492189,9.898240256916047,7
3492202,9.767911538740174,13
3492203,10.0,1
3492210,9.879556816553178,7
3492216,9.898533437846174,6
3492225,9.829319123795901,9
3492230,9.911198682359311,5
3492235,9.818629971605061,5
3492245,9.801801349527315,10
3492262,9.599219343000495,17
3492268,9.87692432153851,6
3492278,9.82063558775585,10
3492288,9.798030481646668,10
3492295,9.867008984701046,7
3492303,9.810367606169489,8
3492305,9.985381415144557,2
3492315,9.790449502009283,10
3492334,9.624793312869206,19
3492349,9.6408079377933,15
3492353,9.943624771072711,4
3492369,9.476185908332631,16
3492370,10.0,1
3492388,9.575895459733173,18
3492391,9.947648564725126,3
3492406,9.66857345209728,15
3492418,9.746939424188469,12
3492430,9.736983444286484,12
3492442,9.770985541794936,12
3492452,9.831051143507867,10
3492464,9.74049530546927,12
3492467,9.965605912475787,3
3492481,9.66068871427152,14
3492489,9.861187493341893,8
3492497,9.85013207834474,8
3492499,9.980568887331135,2
3492508,9.796657765139079,9
3492519,9.763520756819018,11
3492523,9.940541778334927,4
3492534,9.739528771523094,11
3492539,9.91483974342856,5
3492540,10.0,1
3492551,9.802663887744265,11
3492559,9.85264615962273,8
3492573,9.6902749694872,14
3492577,9.932406451134126,4
3492584,9.858221594243236,7
3492601,9.437224621823013,17
3492611,9.770212540982213,10
3492617,9.892343699215134,6
3492627,9.794188333323092,10
3492637,9.781807398619668,10
3492653,9.642955052090993,16
3492661,9.845400356049188,8
3492662,10.0,1
3492663,10.0,1
3492674,9.7641954061589,11
3492685,9.76303507841325,11
3492692,9.876174176897898,7
3492716,9.527913711603075,24
3492719,9.954140682678592,3
3492721,9.973459929001184,2
3492728,9.876264750897214,7
3492736,9.86349246459805,8
3492755,9.608983663536533,19
3492766,9.755016954132966,11
3492778,9.721674225179386,12
3492791,9.717292332879952,13
3492803,9.740031645996034,12
3492806,9.952654163049527,3
3492811,9.924615835139486,5
3492818,9.856374973725812,7
3492827,9.85564689189661,9
3492843,9.649413757094758,16
3492844,9.988018107525454,1
3492853,9.828478529039073,9
3492854,10.0,1
3492862,9.860581998933744,8
3492863,10.0,1
3492875,9.64951873962953,12
3492886,9.743193971609847,11
3492890,9.935915323483288,4
3492903,9.70421340792156,13
3492904,10.0,1
3492914,9.792852052217233,10
3492925,9.762462516767586,11
3492929,9.950172282851343,4
3492940,9.75785791221582,11
3492954,9.692939546418959,14
3492964,9.78078750757731,10
3492979,9.651753328340519,15
3492990,8.634634054670714,11
3493001,9.78386429001668,11
3493011,9.787628185619782,10
3493019,9.84012864517797,8
3493025,9.89955725108489,6
3493033,9.860495414243509,8
3493035,9.983538640002624,2
3493038,9.952453254431132,3
3493043,9.914652575162267,5
3493049,9.89911271238418,6
3493053,9.948171056558014,4
3493062,9.811174780075083,9
3493070,9.832512070420893,8
3493084,9.700708690427128,14
3493085,10.0,1
3493089,9.93430273629643,4
3493097,9.821946067115995,8
3493106,9.818820313304405,9
3493118,9.751824694004299,12
3493129,9.795198723550211,11
3493130,9.996360782019336,1
3493146,9.666826300976874,16
3493158,9.784487084520238,12
3493165,9.849200805067397,7
3493170,9.933384870932592,5
3493173,9.966893318172254,3
3493176,9.966172621017122,3
3493181,9.915962386257332,5
3493182,10.0,1
3493183,10.0,1
3493184,10.0,1
3493196,9.711438025593921,12
3493200,9.940891249149786,4
3493201,10.0,1
3493213,9.730110009363509,12
3493214,10.0,1
3493223,9.821677608764535,9
3493230,9.851441660940855,7
3493231,10.0,1
3493237,9.896541075318279,6
3493243,9.884959542114045,6
3493251,9.8452333557209,8
3493252,10.0,1
3493262,9.78103451001739,10
3493276,9.681734866918294,14
3493285,9.820653793952603,9
3493292,9.87582315817964,7
3493304,9.745282964062683,12
3493316,9.72321543875941,12
3493326,9.790367475961741,10
3493336,9.78002363193544,10
3493351,9.686127400901784,15
3493360,9.615511175813593,9
3493376,9.642543039336756,16
3493383,9.860334752267137,7
3493395,9.741077092054507,12
3493404,9.821605069049983,9
3493419,9.663857056200035,15
3493424,9.919711938762045,5
3493430,9.904673232428076,6
3493448,9.583688501003895,18
3493458,9.823273929116024,10
3493470,9.529642101769568,12
3493479,9.827925373089679,9
3493489,9.827620423471542,10
3493502,9.718739904451672,13
3493508,9.914293822465227,6
3493519,9.764930468515201,11
3493526,9.852853511375697,7
3493534,9.855488957346598,8
3493535,10.0,1
3493548,9.71268138707455,13
3493564,9.63990761475337,16
3493574,9.78320949807556,10
3493575,10.0,1
3493585,9.802489754575829,10
3493599,9.67995729808622,14
3493607,9.821085278175564,8
3493616,9.803747234778003,9
3493624,9.856048938384152,8
3493634,9.780962765170825,10
3493642,9.842682686495491,8
3493652,9.790466646037215,10
3493663,9.768520383611177,11
3493676,9.709216236780339,13
3493684,9.853918755995476,8
3493690,9.894462175493594,6
3493693,9.959477403406353,3
3493694,9.991587144543326,1
3493706,9.71541038658758,12
3493712,9.893306459015209,6
3493722,9.785271090622516,10
3493733,9.792412467501533,11
3493750,9.596756626835058,17
3493763,9.701611818856916,13
3493771,9.837166699858674,8
3493776,9.911881747660363,5
3493780,9.943007430329953,4
3493784,9.934917382262048,4
3493792,9.860350209923377,8
3493798,9.893142151004007,6
3493810,9.737760934031739,12
3493817,9.880624324534269,7
3493830,9.67653688646191,13
3493837,9.87384407082195,7
3493842,9.90272878351113,5
3493860,9.29478260680135,18
3493865,9.912488884396971,5
3493874,9.813640010325368,9
3493886,9.783895415819144,12
3493888,9.98127061861414,2
3493891,9.9540224631114,3
3493900,9.814688906216992,9
3493913,9.737421923927199,13
3493921,9.835952386598889,8
3493934,9.702768990255647,13
3493936,9.98626354424197,2
3493943,9.864037974374412,7
3493954,9.780681495994445,11
3493965,9.787089509718934,11
3493968,9.959801191086028,3
3493973,9.923816494616432,5
3493979,9.89950272403987,6
3493985,9.902442642031666,6
3493992,9.854807800370983,7
3493995,9.962940199338282,3
3493996,9.990389164728258,1
3494007,9.756618209536803,11
3494016,9.837061285246442,9
3494029,9.715186857101697,13
3494045,9.597432226386097,16
3494055,9.777324304693153,10
3494074,9.571931477407825,19
3494081,9.851913763365399,7
3494088,9.859830179956061,7
3494097,9.818662150964599,9
3494101,9.945238318523144,4
3494113,9.761087690969779,12
3494119,9.908051606149913,6
3494128,9.841920192122037,9
3494138,9.694359707566216,10
3494144,9.874935758889192,6
3494152,9.850065731968385,8
3494159,9.86089816653609,7
3494168,9.809123214979959,9
3494178,9.816198257980611,10
3494186,9.836835894325684,8
3494190,9.949323760809168,4
3494202,9.743431926728583,12
3494212,9.778274845282168,10
3494222,9.810802723873847,10
3494233,9.7760791819713,11
3494247,9.694190790324589,14
3494255,9.83248685466337,8
3494266,9.759681206162943,11
3494274,9.84202075428604,8
3494282,9.858113244234568,8
3494300,9.500610464096841,18
3494314,9.65788814356949,14
3494319,9.924799441146058,5
3494326,9.875489285697075,7
3494340,9.686853758722767,14
3494341,9.992907402580922,1
3494356,9.651143692099469,15
3494370,9.695780515298155,14
3494377,9.892204111112706,7
3494382,9.921208459700539,5
3494393,9.782909545232071,11
3494394,9.996836292582621,1
3494402,9.875289816847507,8
3494413,9.78020138153885,11
3494417,9.929534078457081,4
3494427,9.807244657079671,10
3494452,8.981017059640026,25
3494456,9.955932981541512,4
3494461,9.923827746656578,5
3494467,9.906929980557342,6
3494479,9.76793735007546,12
3494491,9.735962344897821,12
3494501,9.823968592011795,10
3494511,9.813133589821513,10
3494516,9.944205539939718,5
3494521,9.930596636703402,5
3494523,9.97042690313684,2
3494524,10.0,1
3494529,9.928214747516257,5
3494539,9.79914119306154,10
3494543,9.927206520947301,4
3494554,9.774696258648133,11
3494555,10.0,1
3494559,9.931130500457897,4
3494570,9.63291221422988,11
3494582,9.768736491196066,12
3494595,9.738432440915826,13
3494601,9.890593338987879,6
3494609,9.861904982775867,8
3494613,9.948502039410203,4
3494624,9.779898990875646,11
3494631,9.879730054397728,7
3494632,10.0,1
3494633,9.992830095568836,1
3494642,9.806472145409852,9
3494650,9.865282776401234,8
3494653,9.96541468757007,3
3494666,9.732628101552692,13
3494676,9.780902089968194,10
3494688,9.763080640869534,12
3494697,9.798370513326754,9
3494707,9.730174863230713,10
3494717,9.815340596175238,10
3494726,9.819616729142226,9
3494728,9.98103278180232,2
3494731,9.965227111370462,3
3494742,9.76795343362027,11
3494751,9.823560613865697,9
3494758,9.877772138087536,7
3494765,9.866960143774895,7
3494776,9.775903142526417,11
3494783,9.88634407687371,7
3494787,9.942136381259916,4
3494788,10.0,1
3494792,9.943964111161753,4
3494799,9.900587520493172,7
3494804,9.925493745562264,5
3494815,9.781739389914419,11
3494825,9.801131004120354,10
3494826,9.986883476637084,1
3494830,9.930362194403099,4
3494831,10.0,1
3494839,9.84046873990033,8
3494848,9.80407585206012,9
3494858,9.821330221590781,10
3494871,9.735760301625401,13
3494882,9.797169341096911,11
3494886,9.936005561592133,4
3494897,9.784293161110316,11
3494904,9.859113720096312,7
3494911,9.881772893428147,7
3494920,9.804846084845675,9
3494930,9.784689282751426,10
3494936,9.884227506779268,6
3494943,9.873482265544968,7
3494954,9.768994283695392,11
3494963,9.819241528572931,9
3494966,9.954523114364214,3
3494980,9.703754251372576,14
3494981,10.0,1
3494994,9.755596729915743,13
3494995,10.0,1
3494999,9.926917883556968,4
3495000,9.9893651425028,1
3495001,10.0,1
3495010,9.82769978237888,9
3495018,9.830529914336276,8
3495019,10.0,1
3495024,9.923656155615081,5
3495025,10.0,1
3495039,9.722288063405026,14
3495049,9.834719422342152,10
3495053,9.936557409314391,4
3495067,9.694401647884877,14
3495075,9.846457571525752,8
3495080,9.90128201760988,5
3495086,9.891456094064294,6
3495094,9.856245763316586,8
3495105,9.743035381893979,11
3495107,9.9755042255743,2
3495109,9.976036707045026,2
3495124,9.443058161053274,15
3495134,9.797794542721086,10
3495135,10.0,1
3495143,9.857598229899423,8
3495146,9.955899632158777,3
3495153,9.871265149594572,7
3495157,9.9438208047519,4
3495167,9.772766601325609,10
3495170,9.964206583407,3
3495175,9.915973551832021,5
3495176,10.0,1
3495178,9.979193651294786,2
3495186,9.836775854138596,8
3495198,9.72921840340952,12
3495203,9.917790323183167,5
3495204,9.98862682713204,1
3495217,9.709895676154778,13
3495231,9.770480254151721,14
3495238,9.881343724340963,7
3495248,9.807273815692845,10
3495251,9.751898250354344,3
3495253,9.980047059945077,2
3495261,9.851007631986281,8
3495270,9.842719955050557,9
3495278,9.826401939141883,8
3495281,9.965761295376453,3
3495293,9.762837982222614,12
3495295,9.978047394177155,2
3495300,9.93195156912581,5
3495303,9.967255267380942,3
3495310,9.879075848561115,7
3495315,9.927997876987941,5
3495317,9.978725979535424,2
3495322,9.916186251572876,5
3495333,9.771642759184088,11
3495334,10.0,1
3495343,9.816928242934267,9
3495354,9.758483201666232,11
3495363,9.794303608782846,9
3495364,10.0,1
3495370,9.916804387747263,6
3495371,10.0,1
3495379,9.831345806929793,8
3495391,9.726003094476162,12
3495392,9.996462325547965,1
3495396,9.937219384153805,4
3495404,9.839273529114989,8
3495413,9.828768428130266,9
3495423,9.78582919693004,10
3495430,9.886593621402719,7
3495439,9.81179192147489,9
3495452,9.719121009014792,13
3495466,9.601642757831167,14
3495481,9.670423594479963,15
3495489,9.847978805894058,8
3495490,10.0,1
3495499,9.820619575193724,9
3495500,9.996130935373321,1
3495510,9.840404526078892,10
3495516,9.901742354788652,6
3495524,9.855330165539456,8
3495528,9.945504900979577,4
3495532,9.95627019425477,4
3495538,9.885597093241053,6
3495554,9.236656609976462,16
3495569,9.342241588270252,15
3495571,9.978142829322476,2
3495578,9.867498431198934,7
3495589,9.739499110894688,11
3495590,10.0,1
3495596,9.892365756803347,6
3495605,9.8036016751295,9
3495615,8.93103349217966,10
3495623,9.857989642980591,8
3495624,9.992997853375845,1
3495635,9.777184967323892,11
3495643,9.833369321556273,8
3495647,9.944879490716355,4
3495651,9.939708985883133,4
3495662,9.763143009786033,11
3495666,9.94786680231976,4
3495671,9.934837157147275,5
3495676,9.927133911066779,5
3495680,9.936005611272913,4
3495685,9.91192427844703,5
3495698,9.673397779185507,13
3495706,9.832086418963133,8
3495711,9.921056807125714,5
3495730,9.515855181097054,19
3495743,9.715565124544097,13
3495751,9.848035326100597,8
3495763,9.753797624638567,12
3495770,9.890412588520363,7
3495779,9.792194499072586,9
3495789,9.78743077101397,10
3495797,9.844423728390566,8
3495798,10.0,1
3495805,9.861533389837797,7
3495806,10.0,1
3495815,9.805646014966229,9
3495821,9.88564037658811,6
3495827,9.899083051553694,6
3495832,9.921331585774496,5
3495842,9.804156778355507,10
3495850,9.8442677695205,8
3495862,9.726243386708145,12
3495873,9.765008896354436,11
3495879,9.874981247982301,6
3495889,9.815153804308284,10
3495895,9.904157379806824,6
3495901,9.902285027187542,6
3495910,9.826907067782395,9
3495922,9.717208975267663,12
3495932,9.789013847665704,10
3495934,9.977559516015281,2
3495945,9.787586172712244,11
3495946,9.996006807834167,1
3495953,9.867839896536372,7
3495956,9.952800076737951,3
3495969,9.706678326313012,13
3495976,9.869196484669951,7
3495982,9.907208372039639,6
3495991,9.836731400423284,9
3495998,9.884708448055713,7
3496006,9.85902160860146,8
3496014,9.854245322745454,8
3496016,9.970539764756943,2
3496024,9.84095643995381,8
3496038,9.711361488331347,14
3496052,9.796161568151653,14
3496062,9.801639468606332,10
3496071,9.797916192417576,9
3496088,9.60913655385883,17
3496107,9.542964240207171,19
3496116,9.818080061015772,9
3496127,9.769281515214434,11
3496130,9.967112959205954,3
3496137,9.886384780287736,7
3496143,9.898159543853817,6
3496150,9.868027918419912,7
3496153,9.951302642426302,3
3496169,9.633487471396752,16
3496182,9.71112640370653,13
3496183,10.0,1
3496188,9.927313602554756,5
3496195,9.877496824707078,7
3496206,9.765910040282566,11
3496215,9.822064508110916,9
3496222,9.87981466238048,7
3496227,9.918821543461911,5
3496236,9.827137713615418,9
3496243,9.855403261043215,7
3496253,9.800819161555813,10
3496265,9.749318326178223,12
3496270,9.930964133056364,5
3496276,9.90733170037743,6
3496293,9.64465271397925,17
3496301,9.839636232029621,8
3496311,9.57095971934539,10
3496322,9.74710574440864,11
3496334,9.775643806136028,12
3496341,9.889986853382297,7
3496349,9.872518342571034,8
3496354,9.915246012544028,5
3496363,9.787741216738949,9
3496368,9.911002797104992,5
3496382,9.493128313165721,14
3496392,9.788914820723905,10
3496397,9.91090932101877,5
3496401,9.924541443139464,4
3496409,9.837814018254626,8
3496410,10.0,1
3496417,9.871074806388979,7
3496427,9.766814068539716,10
3496431,9.9275860047065,4
3496438,9.87639422307291,7
3496450,9.719994041729585,12
3496462,9.659020593919657,12
3496463,10.0,1
3496473,9.782517468515458,10
3496485,9.783240968863558,12
3496486,10.0,1
3496494,9.82544023430446,8
3496495,9.996351105506417,1
3496509,9.725469625133755,14
3496518,9.823411646913723,9
3496530,9.76509325095913,12
3496536,9.907985430511042,6
3496543,9.910147722630157,7
3496559,9.64604966430135,16
3496568,9.796740588355949,9
3496578,9.809879075205592,10
3496584,9.89836110113224,6
3496592,9.843773984794128,8
3496595,9.866332612522074,3
3496599,9.940423964025527,4
3496613,9.717784604091408,14
3496617,9.932513161200715,4
3496621,9.938346408858171,4
3496627,9.903625579631038,6
3496633,9.898658648069052,6
3496634,10.0,1
3496635,9.988377302219558,1
3496646,9.774634779323877,11
3496661,9.67283945925785,15
3496676,9.703193593677446,15
3496679,9.75184466746966,3
3496687,9.832040198237301,8
3496688,10.0,1
3496697,9.81478725355583,9
3496710,9.697912921664468,13
3496725,9.732086864676614,15
3496735,9.802007219605393,10
3496745,9.803905243136345,10
3496754,9.833260134472598,9
3496755,10.0,1
3496762,9.87079173365393,7
3496769,9.858255241612566,7
3496770,10.0,1
3496775,9.918439693293093,5
3496786,9.764290244480172,11
3496798,9.743432376034855,12
3496801,9.953719351783693,3
3496806,9.927973524569333,5
3496813,9.851401329898613,7
3496818,9.924488865675599,5
3496822,9.934510854320386,4
3496826,9.928441931374886,4
3496833,9.877098632695999,7
3496844,9.765531922417217,11
3496845,10.0,1
3496857,9.730676465275355,12
3496863,9.899805825996898,6
3496872,9.80233878764762,9
3496881,9.818279620370827,9
3496891,9.809094420561603,10
3496892,10.0,1
3496899,9.876141284984447,7
3496907,9.855316298088784,8
3496926,9.533417712076531,19
3496936,9.794024774450035,10
3496948,9.74532629428653,12
3496956,9.863850682274226,8
3496958,9.984131518829404,2
3496966,9.866509768836718,8
3496970,9.943615080117839,4
3496984,9.627240266501618,14
3496992,9.852503019441233,8
3497001,9.8263104900755,9
3497002,10.0,1
3497011,9.818308549024554,9
3497020,9.813003806519788,9
3497027,9.858540194380268,7
3497039,9.74565204158035,12
3497052,9.713552070790007,13
3497053,10.0,1
3497064,9.783085089230815,11
3497073,9.83843525454287,9
3497080,9.844223848110882,7
3497089,9.807173413425128,9
3497098,9.800315642837967,9
3497105,9.87226972352601,7
3497115,9.81428727617194,10
3497132,9.59556056112383,17
3497133,10.0,1
3497135,9.9779185755455,2
3497145,9.776416837004785,10
3497155,9.800421862234376,10
3497168,9.701351403601178,13
3497174,9.706915026078214,6
3497193,9.542984770917611,19
3497199,9.903169414471265,6
3497203,9.933459966462102,4
3497218,9.632588606040548,15
3497228,9.781416929216709,10
3497237,9.820849663344367,9
3497245,9.834092882396092,8
3497248,9.963953958384018,3
3497251,9.963482051442957,3
3497256,9.905885020609727,5
3497257,10.0,1
3497269,9.706382021629082,12
3497276,9.858517277466367,7
3497283,9.875835296271841,7
3497290,9.867310704116138,7
3497299,9.81610725402357,9
3497312,9.744297101624516,13
3497323,9.769229350157351,11
3497330,9.83689158585703,7
3497331,10.0,1
3497338,9.862111346456773,7
3497345,9.868925748166378,7
3497355,9.825529229828463,10
3497366,9.790823308431595,11
3497380,9.68792036679589,14
3497389,9.846545200662325,9
3497394,9.921154254720728,5
3497402,9.870229102130702,8
3497411,9.74651386805439,9
3497422,9.751231786196824,11
3497429,9.870819517556543,7
3497432,9.966177499170854,3
3497438,9.893477405016306,6
3497446,9.846408344263963,8
3497454,9.826751994275964,8
3497457,9.962232205687002,3
3497468,9.749628485053599,11
3497474,9.90269894741853,6
3497484,9.790159922379948,10
3497494,9.781319284020801,10
3497498,9.9341105685447,4
3497510,9.507498455600512,12
3497517,9.873993151862555,7
3497523,9.882578834322752,6
3497533,9.788364277754491,10
3497536,9.958819382957373,3
3497546,9.778684043571317,10
3497556,9.798860370639595,10
3497562,9.909537031793652,6
3497570,9.74496410646918,8
3497575,9.92301196564117,5
3497576,10.0,1
3497581,9.915349022844742,5
3497589,9.861150723068848,8
3497603,9.665133630385421,14
3497613,9.792624261897375,10
3497614,9.996216687772366,1
3497622,9.837549837508776,8
3497640,9.351559116528986,18
3497643,9.954187094289281,3
3497649,9.898675847788029,6
3497660,9.75056221010728,11
3497670,9.800489597311854,10
3497671,9.989560727950808,1
3497677,9.90823346078223,6
3497678,10.0,1
3497691,9.708480485317834,13
3497699,9.855067269528162,8
3497714,9.675214638206642,15
3497731,9.615327861593022,17
3497742,9.76742757424329,11
3497747,9.925011716756442,5
3497752,9.908081735845238,5
3497759,9.85935461270025,7
3497770,9.762535593418907,11
3497777,9.870124604560289,7
3497789,9.7752643924246,12
3497803,9.719577495278836,14
3497814,9.7689275969656,11
3497825,9.807146821748816,11
3497835,9.784509581473253,10
3497845,9.790565961892943,10
3497858,9.722637641407383,13
3497871,9.75486188595421,13
3497890,9.530851131183113,19
3497902,9.722876301675752,12
3497911,9.798244356308315,9
3497926,8.896648375225404,15
3497931,9.91999972852188,5
3497939,9.839867084686547,8
3497949,9.787884694339505,10
3497953,9.949195752024288,4
3497961,9.860578565941083,8
3497965,9.938604525204818,4
3497969,9.945693071589995,4
3497976,9.880000114720888,7
3497977,10.0,1
3497981,9.94590407907436,4
3497989,9.846888417997635,8
3498003,9.758482801447045,14
3498010,9.872392249699805,7
3498020,9.801350115537211,10
3498033,9.719884791711495,13
3498034,10.0,1
3498035,10.0,1
3498036,10.0,1
3498037,10.0,1
3498050,9.689764351181667,13
3498058,9.84357260655238,8
3498064,9.903166113376962,6
3498069,9.915498600474958,5
3498080,9.770999825437665,11
3498090,9.799243383844574,10
3498097,9.877577591530507,7
3498108,9.766261182890073,11
3498114,9.89518975075528,6
3498125,9.768541854331628,11
3498126,10.0,1
3498142,9.627602148687622,16
3498150,9.8636675706087,8
3498157,9.846253309866,7
3498168,9.78875529513857,11
3498169,10.0,1
3498177,9.841808682422004,8
3498178,10.0,1
3498190,9.767042442494024,12
3498197,9.85771066775604,7
3498198,10.0,1
3498219,9.525781387927085,21
3498224,9.907445802598078,5
3498230,9.910588065270453,6
3498244,9.69684574941884,14
3498257,9.70949600973831,13
3498265,9.833331655634012,8
3498279,9.71642584050732,14
3498290,9.771106401407224,11
3498296,9.8970096175766,6
3498303,9.857938049290974,7
3498306,9.95645020987648,3
3498307,9.992297342220104,1
3498311,9.946619297990306,4
3498328,9.578717364071204,17
3498342,9.694469879092447,14
3498346,9.931097666904195,4
3498351,9.91979111989897,5
3498360,9.835272214965164,9
3498372,9.762752168323026,12
3498376,9.934928885942382,4
3498388,9.737167591019176,12
3498405,9.645153819449034,17
3498408,9.952523467111572,3
3498420,9.730059814152716,12
3498431,9.753832077320368,11
3498438,9.866842793923398,7
3498439,10.0,1
3498450,9.763004037388653,11
3498464,9.682291875433824,14
3498964,-202.90996497967748,500
3499464,-210.73475692803248,500
3499475,9.776353526337552,11
3499484,9.833700024019594,9
3499487,9.950668736001266,3
3499500,9.766235055233317,13
3499512,9.737245649937677,12
3499519,9.880769675790049,7
3499527,9.823385800447152,8
3499540,9.749486020066177,13
3499551,9.76853331573301,11
3499562,9.75422762608095,11
3499575,9.69370215591341,13
3499589,9.701419895016866,14
3499599,9.805183728949896,10
3499604,9.939975371708131,5
3499610,9.911009774138728,6
3499623,9.703436560638083,13
3499630,9.86779766678642,7
3499638,9.845112975534155,8
3499642,9.945100589778741,4
3499651,9.829895776937546,9
3499662,9.763167675597778,11
3499663,10.0,1
3499669,9.895739160116934,6
3499677,9.880657498219486,8
3499684,9.85335107188302,7
3499691,9.858588241442849,7
3499699,9.843733208308398,8
3499714,9.707000401036868,15
3499717,9.949612785355832,3
3499726,9.828329607365268,9
3499735,9.837823550647919,9
3499746,9.79026729636614,11
3499749,9.968821559703102,3
3499758,9.847967687817187,9
3499765,9.872527988795243,7
3499774,9.825792180821015,9
3499777,9.967862476753597,3
3499780,9.953939295302046,3
3499787,9.879651237150279,7
3499797,9.790354305116956,10
3499813,9.456205646987582,16
3499823,9.817938160386152,10
3499833,9.77557553113094,10
3499848,9.700556809101776,15
3499857,9.823641821005031,9
3499866,9.823931906777613,9
3499876,9.78878554276459,10
3499890,9.710450980767842,14
3499905,9.693878529623252,15
3499906,10.0,1
3499920,9.685495532125858,14
3499927,9.864026220596989,7
3499935,9.826769596137156,8
3499941,9.90212017523856,6
3499956,9.673781813732589,15
3499966,9.796823984662534,10
3499973,9.840565675270138,7
3499980,9.858726774153514,7
3499986,9.903556586071318,6
3499991,9.90943434536174,5
3499994,9.963957044817008,3
3499995,10.0,1
3500003,9.825023856355585,8
3500012,9.794912660527988,9
3500013,9.987932448973833,1
3500027,9.676081407847988,14
3500031,9.941034418316992,4
3500040,9.791477991042653,9
3500070,9.095670225972261,30
3500075,9.926169469008927,5
3500085,9.779888242653527,10
3500098,9.727104885467616,13
3500099,9.989086118366318,1
3500107,9.868775039410565,8
3500113,9.889772502506906,6
3500127,9.672759517346561,14
3500129,9.985464817561326,2
3500139,9.781925986183737,10
3500148,9.828692901095257,9
3500149,10.0,1
3500155,9.890508283844689,6
3500164,9.835173941011822,9
3500173,9.800823260849214,9
3500184,9.746131835925324,11
3500189,9.921839792204793,5
3500198,9.837324602125234,9
3500202,9.948740168857961,4
3500213,9.764296629735071,11
3500223,9.7811442343486,10
3500235,9.732016172169129,12
3500251,9.520152939122227,16
3500255,9.947678608912275,4
3500264,9.821701532271915,9
3500266,9.97133655801248,2
3500274,9.849308707510358,8
3500275,9.987911338134836,1
3500285,9.773352847838535,10
3500292,9.889069827775911,7
3500293,10.0,1
3500294,10.0,1
3500302,9.859859645520338,8
3500313,9.761872660379193,11
3500320,9.861015641805084,7
3500329,9.81751962766213,9
3500341,9.721671853721926,12
3500348,9.875123287065648,7
3500358,9.802756283779328,10
3500363,9.928975262350118,5
3500364,10.0,1
3500371,9.881545688606009,7
3500372,10.0,1
3500384,9.736908314050373,12
3500392,9.833712622118803,8
3500401,9.817847302429419,9
3500408,9.873128356658293,7
3500416,9.823715254577479,8
3500422,9.924116306917309,6
3500427,9.920752542861242,5
3500438,9.764284276346313,11
3500443,9.932064493040702,5
3500444,9.988646964018374,1
3500451,9.87969334073924,7
3500461,9.806563001431151,10
3500466,9.919331422086548,5
3500475,9.799456947530182,9
3500478,9.96247256259176,3
3500491,9.738092169128217,13
3500494,9.960660296762306,3
3500497,9.967447147115218,3
3500514,9.59736716173097,17
3500521,9.86066837780929,7
3500529,9.848501695057497,8
3500537,9.840567732837904,8
3500548,9.774790008450404,11
3500556,9.862242675828588,8
3500568,9.744316908177062,12
3500580,9.775052074515841,12
3500592,9.735301099285625,12
3500597,9.90214848040789,5
3500601,9.933063512706967,4
3500609,9.830421177584238,8
3500623,9.681765362581224,14
3500632,9.83539277810713,9
3500642,9.810595128260903,10
3500643,10.0,1
3500644,10.0,1
3500645,10.0,1
3500646,9.996159118862677,1
3500659,9.60267720882393,13
3500668,9.801964895915157,9
3500687,9.503433657509435,19
3500698,9.748005902436772,11
3500711,9.712628727230433,13
3500716,9.918954372004512,5
3500722,9.895840887535957,6
3500731,9.695590748528645,9
3500734,9.953555400920163,3
3500744,9.813281302202391,10
3500745,10.0,1
3500752,9.870450744830977,7
3500766,9.6747558314509,14
3500791,9.318790206269378,25
3500799,9.854522350930315,8
3500807,9.761936553254795,8
3500823,9.664060030683675,16
3500831,9.8396097273509,8
3500832,10.0,1
3500833,10.0,1
3500837,9.93676533846482,4
3500844,9.876605013999935,7
3500845,10.0,1
3500851,9.888737897392263,6
3500857,9.900689465448792,6
3500866,9.80889491427052,9
3500875,9.830583450797578,9
3500889,9.687847897226355,14
3500901,9.745512449678161,12
3500906,9.917001126248351,5
3500914,9.835659482899363,8
3500926,9.365657878584717,12
3500930,9.937796481742568,4
3500940,9.786188072836023,10
3500941,9.992985114516982,1
3500948,9.869047517345,7
3500956,9.834901687365603,8
3500960,9.938657630326539,4
3500965,9.93898441561794,5
3500973,9.869069369918552,8
3500987,9.665154091134887,14
3500998,9.771315330354255,11
3501010,9.726041327009748,12
3501017,9.865129393307607,7
3501023,9.899644869270618,6
3501042,9.526526702808258,19
3501043,10.0,1
3501052,9.848612038351485,9
3501061,9.823713603531232,9
3501068,9.86977841990563,7
3501069,9.993007970638368,1
3501078,9.722506260768824,9
3501083,9.917818574159742,5
3501084,10.0,1
3501094,9.788600741964034,10
3501104,9.777320722644083,10
3501109,9.918860597956025,5
3501115,9.905541028874067,6
3501125,9.791748888898738,10
3501133,9.841350502679857,8
3501137,9.952242195956636,4
3501149,9.802818896937916,12
3501160,9.769373236836522,11
3501177,9.72847086381947,17
3501178,9.986819923876768,1
3501189,9.783999994539492,11
3501193,9.937169414024876,4
3501203,9.80824627596203,10
3501207,9.933808005639644,4
3501214,9.86143438478256,7
3501220,9.892904908536014,6
3501227,9.880902891974525,7
3501233,9.897981757847814,6
3501238,9.907952486134826,5
3501244,9.89154510854153,6
3501248,9.952950572749987,4
3501252,9.937963168228714,4
3501265,9.73565871804841,13
3501266,9.992171239004994,1
3501277,9.761428895734937,11
3501283,9.87973063254901,6
3501292,9.835823412227821,9
3501298,9.888880362880458,6
3501308,9.792948126807996,10
3501313,9.913938960516482,5
3501316,9.951696708037169,3
3501322,9.882765357654568,6
3501331,9.811970822160907,9
3501343,9.738240556445307,12
3501353,9.803166453863277,10
3501357,9.945031686378304,4
3501364,9.851119097623467,7
3501367,9.960887280736905,3
3501375,9.846102612836917,8
3501376,9.988890137950198,1
3501384,9.83030125928654,8
3501387,9.96687717104278,3
3501395,9.854922047337265,8
3501406,9.752251534940827,11
3501416,9.794926226037138,10
3501427,9.766021518266074,11
3501428,10.0,1
3501446,9.593189148298501,18
3501450,9.947084959199291,4
3501460,9.825055016870994,10
3501470,9.819616412899501,10
3501481,9.672288323332962,11
3501486,9.914851694397775,5
3501493,9.87753526838368,7
3501506,9.731138276569823,13
3501518,9.742907903315748,12
3501531,9.70467275412366,13
3501539,9.844601223869867,8
3501552,9.711410192985634,13
3501560,9.844834027934953,8
3501561,10.0,1
3501562,10.0,1
3501570,9.827877439605285,8
3501580,9.800485031292402,10
3501589,9.82633630152131,9
3501595,9.889933658176078,6
3501604,9.845258351157904,9
3501611,9.851289477985752,7
3501623,9.732087861521146,12
3501628,9.917078832284508,5
3501640,9.777563188553023,12
3501653,9.714288385911924,13
3501666,9.71372305227575,13
3501679,9.725117965745993,13
3501692,9.725603926899815,13
3501704,9.720035857524499,12
3501705,10.0,1
3501713,9.85957194252026,8
3501727,9.690111015078427,14
3501731,9.94011082112795,4
3501743,9.750607765138446,12
3501760,9.658245184433017,17
3501764,9.952899694587144,4
3501773,9.832574481778146,9
3501783,9.804100260778942,10
3501796,9.731538439120172,13
3501797,9.993208233804294,1
3501806,9.857219798131762,9
3501810,9.95568160353935,4
3501814,9.932560785261991,4
3501820,9.882957566265716,6
3501821,9.989220041874907,1
3501822,10.0,1
3501832,9.788572660835436,10
3501838,9.89306796853727,6
3501847,9.818858376923723,9
3501848,10.0,1
3501851,9.95302917654838,3
3501871,7.538652170665584,20
3501884,9.738890428570503,13
3501896,9.764453747997141,12
3501899,9.957591824248649,3
3501907,9.857683153042364,8
3501925,9.618644292593448,18
3501933,9.852962649575488,8
3501942,9.80875564852965,9
3501946,9.928505140889536,4
3501957,9.760133806140892,11
3501970,9.74207184465292,13
3501974,9.938501640178417,4
3501978,9.934212585902495,4
3501987,9.8607382751852,9
3501992,9.920781980379921,5
3501998,9.914112208856977,6
3502004,9.899586041556441,6
3502007,9.954636717874227,3
3502023,9.669053118126117,16
3502025,9.96748040087693,2
3502030,9.916095007348225,5
3502031,10.0,1
3502039,9.839866080345745,8
3502047,9.822508595825406,8
3502054,9.77921869414809,7
3502063,9.83770333525006,9
3502077,9.693363563510394,14
3502084,9.856457965785397,7
3502096,9.746596188274877,12
3502097,10.0,1
3502103,9.88303074443434,6
3502110,9.880668393247031,7
3502125,9.672163751047574,15
3502126,10.0,1
3502133,9.864338122766007,7
3502144,9.808463763510323,11
3502153,9.808168965422135,9
3502163,9.679467390213375,10
3502164,10.0,1
3502175,9.746032993899403,11
3502185,9.78366216575959,10
3502188,9.946122839508725,3
3502195,9.869948575022846,7
3502204,9.862996959392712,9
3502213,9.813457419695675,9
3502214,9.988633070202223,1
3502223,9.802119794679552,9
3502231,9.86291923121537,8
3502240,9.8107607076841,9
3502249,9.826402326914911,9
3502256,9.869381902528344,7
3502263,9.868922491926439,7
3502269,9.904333641957392,6
3502279,9.788836536871813,10
3502288,9.833920182856081,9
3502305,9.644274368366958,17
3502311,9.881701354710254,6
3502317,9.895502579138507,6
3502323,9.887948375558231,6
3502334,9.731211523737516,11
3502335,9.992350387268681,1
3502344,9.813094283566166,9
3502358,9.715960509049912,14
3502365,9.877316574903013,7
3502371,9.879062709803618,6
3502387,9.584638441676635,16
3502388,10.0,1
3502401,9.710415272391065,13
3502412,9.799539809287092,11
3502419,9.860649071744431,7
3502421,9.971051029717593,2
3502424,9.950204179749084,3
3502435,9.74107044277549,11
3502445,9.808441283871476,10
3502452,9.859398898023047,7
3502462,9.813742512454061,10
3502477,9.477126115502564,15
3502481,9.93648761650814,4
3502487,9.90554205826855,6
3502495,9.820847009167903,8
3502501,9.883765598024484,6
3502511,9.773299492276607,10
3502512,10.0,1
3502526,9.68438961064344,14
3502532,9.901881377759716,6
3502545,9.70399545351594,13
3502556,9.801989101861324,11
3502563,9.8707866390081,7
3502571,9.852803335434334,8
3502572,10.0,1
3502582,9.839381782528301,10
3502599,9.597029262165837,17
3502604,9.913179805755124,5
3502613,9.84193042577244,9
3502620,9.875985495438591,7
3502631,9.76850757298662,11
3502640,9.804069455656979,9
3502642,9.98349572088031,2
3502648,9.895429306764616,6
3502653,9.910372783179286,5
3502666,9.770785496247516,13
3502676,9.797273943476497,10
3502685,9.715861685149216,9
3502696,9.768237032434717,11
3502697,10.0,1
3502699,9.971505324224283,2
3502717,9.200736288086913,18
3502724,9.895667010067752,7
3502733,9.846341219008336,9
3502738,9.925388184510522,5
3502747,9.79245986300939,9
3502753,9.893376931393854,6
3502760,9.8560184196469,7
3502767,9.859517388710234,7
3502775,9.81733031122714,8
3502780,9.91850410342578,5
3502787,9.880344579806863,7
3502788,10.0,1
3502797,9.822012061988723,9
3502804,9.859482795412413,7
3502818,9.641293911984866,14
3502828,9.791026923875698,10
3502840,9.751881539910066,12
3502853,9.711412845839131,13
3502863,9.772480483884621,10
3502868,9.918675197677945,5
3502873,9.925296050974417,5
3502879,9.902894896851093,6
3502884,9.919878715968565,5
3502889,9.937111559997286,5
3502898,9.844608881833956,9
3502902,9.94433389089004,4
3502910,9.839633621542438,8
3502911,10.0,1
3502916,9.815526435079091,5
3502931,9.670896913596037,15
3502944,9.708327444226661,13
3502947,9.95402202505151,3
3502955,9.84000762825838,8
3502963,9.85618499708195,8
3502968,9.923480672845072,5
3502974,9.890518610143378,6
3502987,9.74343600112774,13
3503001,9.72331605731698,14
3503010,9.83694156080735,9
3503021,9.785110014417132,11
3503031,9.771820247904342,10
3503040,9.836339342959008,9
3503051,9.78545815207203,11
3503061,9.776155925320413,10
3503067,9.888435843224814,6
3503068,10.0,1
3503076,9.865185961877954,8
3503085,9.81353155647874,9
3503100,9.696254120865461,15
3503101,10.0,1
3503105,9.944832389303926,4
3503113,9.842982939478528,8
3503114,9.988840003770042,1
3503115,9.992945462699003,1
3503122,9.86677733234176,7
3503134,9.74574429499086,12
3503147,9.72544019738276,13
3503159,9.733496992909611,12
3503175,9.620644010818623,16
3503187,9.763765819807865,12
3503192,9.927679657984427,5
3503210,9.583227135386936,18
3503228,9.642712304181199,18
3503230,9.977676968699466,2
3503241,9.780937102775546,11
3503242,10.0,1
3503248,9.882128492319865,6
3503253,9.905742902742311,5
3503269,9.649802236657868,16
3503276,9.883189438312012,7
3503290,9.69567872954725,14
3503295,9.920051593911648,5
3503304,9.829296057681686,9
3503305,10.0,1
3503313,9.87677659591093,8
3503319,9.881844957786653,6
3503333,9.669690045481476,14
3503345,9.720210851119882,12
3503354,9.799739633539307,9
3503356,9.97356162049671,2
3503369,9.723486365008478,13
3503379,9.814695349928357,10
3503380,9.992273335961091,1
3503385,9.922587268593245,5
3503393,9.878200684065263,8
3503398,9.934211058948343,5
3503410,9.36438771817561,12
3503424,9.688772677754114,14
3503431,9.864918257052915,7
3503432,10.0,1
3503445,9.705673361567836,13
3503446,10.0,1
3503454,9.86410633415158,8
3503490,8.255475116551025,36
3503491,10.0,1
3503500,9.811251677135882,9
3503513,9.720368651375807,13
3503522,9.802518852638,9
3503530,9.863722918935755,8
3503545,9.665426156333451,15
3503546,10.0,1
3503554,9.863729370287771,8
3503563,9.804663930330165,9
3503585,9.161975588738168,22
3503596,9.7467823376927,11
3503601,9.727266495835982,5
3503611,9.772438637388957,10
3503618,9.871423791090404,7
3503625,9.874936594549668,7
3503634,9.823843036018063,9
3503638,9.933403838330953,4
3503652,9.691221770523613,14
3503657,9.927417358242796,5
3503666,9.810166794823399,9
3503668,9.97885469325149,2
3503673,9.920806393955345,5
3503674,10.0,1
3503681,9.868998257944334,7
3503693,9.747889955704508,12
3503695,9.973429647247647,2
3503699,9.935732155398709,4
3503713,9.684287285551456,14
3503714,10.0,1
3503722,9.833829273424804,8
3503730,9.83318886088546,8
3503740,9.79116691140759,10
3503761,9.587358865246886,21
3503773,9.730015466958864,12
3503779,9.872353409205259,6
3503788,9.804957074954991,9
3503792,9.930561066996436,4
3503793,10.0,1
3503797,9.930780311912917,4
3503798,9.992063074345404,1
3503802,9.941026408032998,4
3503814,9.747962060350757,12
3503825,9.46949288626223,11
3503830,9.908855063614267,5
3503833,9.963757853412275,3
3503839,9.89964774038347,6
3503842,9.968270540154219,3
3503843,9.996304717128716,1
3503855,9.759453752151702,12
3503863,9.847920385533676,8
3503888,9.100069754664029,25
3503903,9.695189749370558,15
3503911,9.85288684833641,8
3503913,9.976912234897886,2
3503914,9.996427313473015,1
3503918,9.93383619276849,4
3503932,9.669044122399155,14
3503940,9.841972365943374,8
3503944,9.93528621391118,4
3503950,9.898132511889562,6
3503959,9.829381220602539,9
3503969,9.778205612544777,10
3503973,9.949350604318244,4
3503982,9.827168365102029,9
3503983,10.0,1
3503992,9.799545224296592,9
3503999,9.859903554577983,7
3504008,9.808203364816919,9
3504013,9.921293191332108,5
3504024,9.680169517937795,11
3504037,9.677487268445825,13
3504047,9.792402480041403,10
3504060,9.793426964522197,13
3504065,9.9214834151223,5
3504072,9.89064882694789,7
3504083,9.794088514625622,11
3504084,9.996366359444696,1
3504096,9.714920926279264,12
3504101,9.899090054265637,5
3504104,9.957807899979402,3
3504111,9.855691053107362,7
3504121,9.821632721692149,10
3504122,10.0,1
3504123,10.0,1
3504129,9.894233368786498,6
3504135,9.907099446510246,6
3504143,9.828349958884575,8
3504156,9.722909398232574,13
3504171,9.670681340352735,15
3504178,9.872021571969348,7
3504180,9.973104290321473,2
3504183,9.94732089161693,3
3504193,9.788704205159945,10
3504202,9.836344967693849,9
3504206,9.944669063212684,4
3504219,9.734780763813527,13
3504227,9.839290455073286,8
3504236,9.830917880931468,9
3504243,9.881660051009828,7
3504252,9.791086618481422,9
3504274,9.433374809935096,22
3504288,9.685729577649862,14
3504289,9.98854687178768,1
3504290,10.0,1
3504309,9.520118425807787,19
3504317,9.853046514194082,8
3504324,9.861614845106352,7
3504338,9.585186109596702,14
3504347,9.828809847896615,9
3504356,9.825304889312912,9
3504365,9.833213145973216,9
3504366,9.993037744901201,1
3504377,9.777436009141015,11
3504387,9.808389802957443,10
3504392,9.897801112913413,5
3504393,10.0,1
3504403,9.799019151039369,10
3504419,9.62584821391021,16
3504424,9.925399436142333,5
3504431,9.782363174995782,7
3504450,9.568105917092478,19
3504451,10.0,1
3504452,10.0,1
3504461,9.805536837330411,9
3504468,9.862814543057421,7
3504473,9.908252016333835,5
3504480,9.860285275008817,7
3504487,9.856688512561647,7
3504488,10.0,1
3504495,9.870785865649113,7
3504508,9.762846124014667,13
3504516,9.822875503113169,8
3504529,9.730565953597212,13
3504537,9.848284800784851,8
3504544,9.863085967870372,7
3504552,9.833617568277253,8
3504560,9.832390650243733,8
3504576,9.625495741679723,16
3504585,9.828390086447612,9
3504590,9.921981094674276,5
3504603,9.70071963527468,13
3504616,9.754433303766602,13
3504617,10.0,1
3504629,9.749750310398419,12
3504634,9.909854009062682,5
3504642,9.854179008097226,8
3504643,10.0,1
3504652,9.808754187309585,9
3504662,9.78225036277197,10
3504669,9.8813220986736,7
3504670,10.0,1
3504671,10.0,1
3504677,9.89952440936232,6
3504686,9.813863543263071,9
3504697,9.741074535961245,11
3504700,9.954950062620197,3
3504711,9.790998177599407,11
3504713,9.976910678480824,2
3504722,9.823706935312922,9
3504737,9.675991878557923,15
3504747,9.784101533477521,10
3504756,9.805586937911865,9
3504760,9.92334137716314,4
3504767,9.883452976812585,7
3504777,9.802045857969084,10
3504787,9.486012624171178,10
3504788,9.996446357327935,1
3504803,9.676863787571737,15
3504819,9.64664978074016,16
3504829,9.778651376996338,10
3504834,9.92163634075793,5
3504848,9.675314143909569,14
3504858,9.792786192535383,10
3504862,9.93884604906881,4
3504867,9.913323182628705,5
3504880,9.688180871900746,13
3504881,10.0,1
3504891,9.764525025021126,10
3504892,10.0,1
3504897,9.921293609429005,5
3504898,10.0,1
3504899,10.0,1
3504907,9.834175376033999,8
3504922,9.65867233201717,15
3504931,9.800783972965622,9
3504939,9.851285893283006,8
3504949,9.784087966408986,10
3504956,9.666332924085292,7
3504972,9.594872400999272,16
3504982,9.787041390530845,10
3504987,9.909475553842285,5
3504992,9.918920491353841,5
3505000,9.837288420947248,8
3505024,9.464734605038846,24
3505036,9.755077418342191,12
3505044,9.86274406758017,8
3505051,9.874447202886136,7
3505052,10.0,1
3505060,9.837790505250537,8
3505070,9.773475876670624,10
3505086,9.620852315943065,16
3505093,9.859518529791139,7
3505107,9.468594228825799,14
3505131,9.052211835630468,24
3505134,9.954024872061805,3
3505140,9.897840976092917,6
3505144,9.945932279350066,4
3505149,9.915756701973173,5
3505150,10.0,1
3505156,9.892439760081471,6
3505157,10.0,1
3505161,9.94786322618302,4
3505178,9.64605620994652,17
3505191,9.73085011488206,13
3505195,9.941013179134815,4
3505200,9.923592878117487,5
3505208,9.817328420390707,8
3505217,9.830750732581315,9
3505224,9.872430905398646,7
3505238,9.707769954669214,14
3505247,9.796192942081401,9
3505255,9.828500912919369,8
3505262,9.653123379744283,7
3505270,9.637233315104652,8
3505281,9.794172299401918,11
3505291,9.819696014459184,10
3505292,10.0,1
3505296,9.953188443471392,4
3505303,9.87229726993486,7
3505315,9.738387306318106,12
3505316,10.0,1
3505326,9.777270990706823,10
3505337,9.767155918374621,11
3505341,9.94570036071797,4
3505348,9.869532292292636,7
3505354,9.875861906492966,6
3505367,9.691847589904462,13
3505368,10.0,1
3505369,10.0,1
3505378,9.82922859324988,9
3505395,9.59398888125355,17
3505406,9.753403673094802,11
3505425,9.518287044894663,19
3505433,9.865132205715245,8
3505439,9.88931572330657,6
3505446,9.892683005908697,7
3505453,9.86663593717157,7
3505463,9.689360384329373,10
3505473,9.784343152155003,10
3505483,9.840008195983616,10
3505487,9.942349405186366,4
3505508,9.486482191554561,21
3505511,9.964993871682447,3
3505524,9.740129687030867,13
3505531,9.876353246237139,7
3505538,9.871522677236161,7
3505547,9.819587810514841,9
3505560,9.695107499013593,13
3505564,9.94852207218942,4
3505571,9.865115862196493,7
3505572,10.0,1
3505575,9.9517426097438,3
3505584,9.828438982541156,9
3505597,9.718063181372441,13
3505611,9.680021609398274,14
3505613,9.98148513700945,2
3505614,9.988156488431311,1
3505624,9.768494271530528,10
3505629,9.9242200385306,5
3505635,9.878271905153506,6
3505645,9.82078060692259,10
3505656,9.670819701644158,11
3505663,9.88058039371307,7
3505667,9.954687454373218,4
3505679,9.72124046902414,12
3505684,9.920619493439979,5
3505696,9.724996897171955,12
3505708,9.724582233083044,12
3505718,9.80805453778737,10
3505722,9.944845002792372,4
3505727,9.906439576279752,5
3505734,9.846493313571422,7
3505744,9.801369722570543,10
3505750,9.886706929095853,6
3505751,10.0,1
3505767,9.639318682029465,16
3505770,9.949784469008865,3
3505784,9.684514180975077,14
3505800,9.633880285622162,16
3505811,9.685813936101887,11
3505823,9.728969354425514,12
3505834,9.753596681140026,11
3505835,10.0,1
3505841,9.911173293180184,6
3505853,9.736948712730886,12
3505865,9.746869206715527,12
3505880,9.654103480245743,15
3505888,9.847509616365148,8
3505897,9.80931011886597,9
3505898,10.0,1
3505917,9.611880164549767,19
3505918,10.0,1
3505920,9.978153659906498,2
3505927,9.867391799156353,7
3505932,9.90914209309719,5
3505937,9.922180770482404,5
3505942,9.933633458816516,5
3505946,9.945369515093425,4
3505954,9.843921291600715,8
3505966,9.749582606121033,12
3505967,10.0,1
3505973,9.883619567092603,6
3505981,9.833718597626023,8
3505983,9.974421233426447,2
3505988,9.917079789452792,5
3505993,9.920052053321179,5
3506003,9.793624446671592,10
3506004,9.992663719551343,1
3506010,9.89949452486447,6
3506026,9.628857152017849,16
3506039,9.71203064754842,13
3506040,10.0,1
3506048,9.646485821418889,8
3506059,9.743493270955721,11
3506071,9.742594752734606,12
3506077,9.89438741749184,6
3506084,9.866496998281253,7
3506094,9.775509905711512,10
3506098,9.928129038206006,4
3506108,9.780417444730947,10
3506120,9.725186604747684,12
3506131,9.762681809277392,11
3506135,9.93026999381373,4
3506139,9.840256722760119,4
3506140,10.0,1
3506152,9.735031384999436,12
3506165,9.717026954537186,13
3506172,9.876798404803282,7
3506186,9.674399804708466,14
3506192,9.884454508669354,6
3506199,9.876614710559652,7
3506208,9.816270651640702,9
3506216,9.832623944128411,8
3506220,9.941119504838197,4
3506228,9.852789834084128,8
3506234,9.882260262522394,6
3506236,9.985023085509797,2
3506256,9.649172837515442,20
3506257,9.988917705421112,1
3506266,9.867085438931722,9
3506268,9.982973668983837,2
3506280,9.727028806360144,12
3506288,9.83590869572892,8
3506297,9.845163252358173,9
3506309,9.749739031806675,12
3506314,9.917700852937603,5
3506315,10.0,1
3506325,9.781495954651046,10
3506332,9.87463292340066,7
3506335,9.97281018099182,3
3506340,9.90022068974669,5
3506351,9.811621192446145,11
3506355,9.936042432813059,4
3506363,9.847498974091312,8
3506377,9.699221313084124,14
3506388,9.78138587882926,11
3506392,9.930897743261033,4
3506404,9.788451242472664,12
3506415,9.77846129713091,11
3506416,10.0,1
3506419,9.954175373994532,3
3506422,9.964331835467796,3
3506430,9.838302030003538,8
3506434,9.93689618140666,4
3506442,9.833564263641014,8
3506457,9.66768796325597,15
3506473,9.631915134630546,16
3506482,9.817879268367411,9
3506483,10.0,1
3506492,9.808287581356467,9
3506502,9.811421816986575,10
3506509,9.857809963409865,7
3506522,9.757371736981938,13
3506527,9.911768735296992,5
3506529,9.971798781582518,2
3506534,9.916791286838379,5
3506539,9.913606397622807,5
3506548,9.842164278626065,9
3506554,9.877577966385504,6
3506559,9.920497856114636,5
3506575,9.597872638697309,16
3506581,9.898005703309481,6
3506588,9.854625456945914,7
3506596,9.836934833905387,8
3506607,9.761306164668044,11
3506620,9.700427114768384,13
3506626,9.892356728175187,6
3506638,9.726585976375647,12
3506639,10.0,1
3506643,9.932493537038328,4
3506650,9.887670726635228,7
3506666,9.638504636628028,16
3506670,9.92616980418356,4
3506672,9.985404079631294,2
3506675,9.947757489058835,3
3506677,9.984527989767612,2
3506682,9.903211857192447,5
3506696,9.67919450173949,14
3506707,9.767707213661776,11
3506712,9.901450473300635,5
3506719,9.850538154036967,7
3506722,9.970012331964638,3
3506734,9.753920435803186,12
3506742,9.870395479770018,8
3506747,9.907123385226116,5
3506761,9.694902004725838,14
3506772,9.74835003512333,11
3506779,9.887865089570633,7
3506790,9.805894235359553,11
3506801,9.747935718739257,11
3506811,9.771029157147023,10
3506814,9.955534820324893,3
3506828,9.690795057381257,14
3506834,9.886506746159961,6
3506840,9.89782892568551,6
3506841,10.0,1
3506851,9.791405302000616,10
3506852,10.0,1
3506864,9.789909117221153,12
3506868,9.926913595481647,4
3506877,9.828814428355768,9
3506894,9.62398639260488,17
3506902,9.844445010680499,8
3506910,9.834465131278266,8
3506913,9.95124425714004,3
3506919,9.882461334109847,6
3506934,9.559772375196474,15
3506936,9.979627185200266,2
3506941,9.903147356479902,5
3506947,9.892884455347888,6
3506963,9.634784011867815,16
3506968,9.91873879778487,5
3506979,9.809681172548606,11
3506986,9.862475915093578,7
3507000,9.71762328304102,14
3507008,9.839712218948183,8
3507024,9.637588407220818,16
3507029,9.93055526950637,5
3507032,9.95474940307195,3
3507043,9.825522641055839,11
3507044,10.0,1
3507050,9.90348363106498,6
3507058,9.86495236437423,8
3507069,9.752567025287128,11
3507075,9.893920124409536,6
3507076,10.0,1
3507089,9.714774285511961,13
3507092,9.946702157529733,3
3507101,9.824345812779017,9
3507102,10.0,1
3507119,9.58522503947094,17
3507127,9.85499384850906,8
3507134,9.836440428899948,7
3507147,9.722300553493586,13
3507156,9.81898564071759,9
3507162,9.887406221557201,6
3507168,9.882344378040452,6
3507181,9.709699332753898,13
3507191,9.787681877691261,10
3507200,9.810474183628902,9
3507202,9.977084052942347,2
3507212,9.768819362864543,10
3507217,9.92859639999937,5
3507227,9.815532881084804,10
3507228,10.0,1
3507232,9.937542157181111,4
3507242,9.795499177904906,10
3507258,9.634527441243286,16
3507270,9.764347062938567,12
3507275,9.92452631137905,5
3507289,9.574789042511549,14
3507300,9.787380801943947,11
3507304,9.936026224267565,4
3507310,9.882924202884478,6
3507317,9.882616480652997,7
3507323,9.890148878721844,6
3507331,9.831765457057394,8
3507338,9.865381176339493,7
3507351,9.73475755793023,13
3507352,10.0,1
3507361,9.627889575374407,9
3507374,9.73483331780482,13
3507375,10.0,1
3507380,9.923168230094813,5
3507393,9.740267385350792,13
3507395,9.971402390127782,2
3507409,9.69127832882144,14
3507426,9.604863224699987,17
3507436,9.805162908694742,10
3507442,9.923018581654706,6
3507453,9.804815971081677,11
3507459,9.91375147447601,6
3507470,9.764554523615327,11
3507471,10.0,1
3507483,9.7407998589827,12
3507492,9.82878926868826,9
3507502,9.75296146811349,10
3507510,9.854547366448918,8
3507511,10.0,1
3507523,9.744132293063524,12
3507535,9.780388213892303,12
3507546,9.746360019898042,11
3507553,9.861929833927679,7
3507562,9.856612991159663,9
3507563,10.0,1
3507566,9.968424616599643,3
3507578,9.739159524303783,12
3507585,9.864116387443465,7
3507597,9.747238390571594,12
3507604,9.87448232378262,7
3507624,9.57844253002973,20
3507634,9.769663961318878,10
3507640,9.881399407916854,6
3507654,9.707328731021564,14
3507665,9.750675333974336,11
3507668,9.965250235726888,3
3507683,9.656378825920207,15
3507688,9.915191118751398,5
3507703,9.665081333870196,15
3507713,9.79125684102084,10
3507719,9.878169770400028,6
3507727,9.868133943957622,8
3507742,9.440243209777831,15
3507750,9.85001084749072,8
3507761,9.793896966682997,11
3507762,10.0,1
3507774,9.730859828299504,12
3507779,9.918213751171745,5
3507784,9.911634665221516,5
3507793,9.820255085433581,9
3507802,9.819195150497185,9
3507811,9.803888909782811,9
3507819,9.847980572192577,8
3507830,9.7589989568406,11
3507834,9.93720420945128,4
3507835,10.0,1
3507844,9.825425473539102,9
3507859,9.628893229357569,15
3507867,9.8345415295806,8
3507869,9.97485569165844,2
3507876,9.881244569144513,7
3507884,9.824355978439849,8
3507889,9.921407926106498,5
3507890,10.0,1
3507898,9.854078287774879,8
3507909,9.761579181058691,11
3507918,9.811942972767193,9
3507921,9.954772469690006,3
3507929,9.847533505381731,8
3507942,9.72823364054106,13
3507948,9.88648035408716,6
3507949,10.0,1
3507961,9.734713371964869,12
3507962,10.0,1
3507976,9.697703278902765,14
3507983,9.860909384864254,7
3507993,9.801288122639873,10
3508002,9.800883562512592,9
3508014,9.721101989294166,12
3508028,9.119106705897105,14
3508040,9.550906061461331,12
3508049,9.822740136608767,9
3508051,9.971602243397205,2
3508058,9.871502601454202,7
3508068,9.783941287264184,10
3508080,9.744544434541966,12
3508088,9.833959615731235,8
3508090,9.978386606106278,2
3508092,9.97961985497057,2
3508098,9.901814850204934,6
3508134,9.32906672250389,36
3508144,9.786579109251544,10
3508153,9.79715339233441,9
3508163,9.819473073385504,10
3508189,9.467195339544794,26
3508190,10.0,1
3508194,9.945999647434524,4
3508205,9.768942579419255,11
3508209,9.932988293462657,4
3508212,9.96044423739849,3
3508228,9.650848338531063,16
3508241,9.614059076671094,13
3508245,9.942507549953255,4
3508252,9.87193276220971,7
3508258,9.902297628514008,6
3508260,9.974223789850056,2
3508272,9.7159103195803,12
3508279,9.572044338236836,7
3508283,9.932161323549906,4
3508291,9.859527941720982,8
3508303,9.721135706458206,12
3508306,9.951308752000791,3
3508321,9.702099645864212,15
3508329,9.833629657420273,8
3508341,9.778677458784557,12
3508350,9.814015404123847,9
3508355,9.917116690655888,5
3508357,9.984026519467246,2
3508369,9.736015987020798,12
3508379,9.797609366588924,10
3508385,9.889522893676972,6
3508398,9.706977574689148,13
3508406,9.841172285548447,8
3508410,9.938319200214847,4
3508420,9.779837999445155,10
3508428,9.84953909559672,8
3508439,9.766056163629138,11
3508449,9.78126062702916,10
3508461,9.748599980460359,12
3508466,9.914154623177012,5
3508486,9.645716075117523,20
3508491,9.913831324232817,5
3508501,9.793574980036952,10
3508511,9.798118674084142,10
3508512,10.0,1
3508529,9.58528242797694,17
3508537,9.8543088754776,8
3508541,9.941737533783886,4
3508542,10.0,1
3508553,9.773972134663918,11
3508557,9.945274697418185,4
3508558,10.0,1
3508568,9.779091658116684,10
3508577,9.813327598327609,9
3508590,9.737726065950332,13
3508596,9.896063382138188,6
3508608,9.730666249611449,12
3508614,9.897054784121451,6
3508628,9.73915528609835,14
3508641,9.777694242379283,13
3508652,9.775732157463015,11
3508663,9.789457727624157,11
3508674,9.755604013600705,11
3508678,9.947532231229852,4
3508679,9.988752982101534,1
3508685,9.909886428567964,6
3508694,9.812622312997158,9
3508698,9.930310663567342,4
3508703,9.911146816741432,5
3508714,9.555824650763395,11
3508718,9.944715490930296,4
3508719,10.0,1
3508726,9.873675599854034,7
3508730,9.941875793992216,4
3508740,9.797844297205458,10
3508749,9.796401613550664,9
3508754,9.924030863116743,5
3508762,9.84300733094152,8
3508767,9.909444231747859,5
3508779,9.810001525841031,12
3508780,10.0,1
3508792,9.741398863281333,12
3508805,9.687874862907455,13
3508817,9.76637502227974,12
3508828,9.77244832946137,11
3508834,9.914215295121023,6
3508838,9.932510474584525,4
3508839,10.0,1
3508844,9.919088805602852,5
3508863,9.667612170938723,19
3508870,9.87548373680692,7
3508882,9.728083167969677,12
3508886,9.928509542407193,4
3508893,9.847591522078924,7
3508900,9.891754693077557,7
3508918,9.447658777840727,18
3508925,9.872479561120272,7
3508938,9.709910495704483,13
3508948,9.783524480618233,10
3508957,9.796323526981618,9
3508966,9.811490881135303,9
3508974,9.856574018633964,8
3508980,9.902115584776569,6
3508992,9.75492200687124,12
3508993,9.996290425692566,1
3508994,10.0,1
3509000,9.808612222627332,6
3509011,9.737470549348183,11
3509028,9.55749149237458,17
3509039,9.792856067806582,11
3509046,9.860215061259215,7
3509054,9.855388945106714,8
3509058,9.948572626992316,4
3509063,9.931697288958388,5
3509078,9.678062729886532,15
3509084,9.894549274324854,6
3509102,9.60513038226771,18
3509117,9.657697605457454,15
3509126,9.833424924154226,9
3509127,10.0,1
3509131,9.929784473710493,4
3509138,9.87459921329808,7
3509142,9.940886218205007,4
3509151,9.827861114318146,9
3509156,9.913245670525392,5
3509157,10.0,1
3509161,9.93716449829337,4
3509174,9.627683374255858,13
3509181,9.858149073335793,7
3509192,9.759356638981494,11
3509200,9.65900777003317,8
3509210,9.806064929249144,10
3509221,9.773994601159794,11
3509222,10.0,1
3509224,9.971436631103934,2
3509230,9.880622200658776,6
3509238,9.843456425766734,8
3509244,9.898063388066733,6
3509258,9.693325103495742,14
3509268,9.788803416167305,10
3509273,9.916807010332477,5
3509282,9.797808862218606,9
3509293,9.764515709689983,11
3509297,9.938855282890861,4
3509300,9.75723742965637,3
3509301,10.0,1
3509311,9.581523616898385,10
3509312,9.996397312508673,1
3509320,9.829139473565103,8
3509324,9.940672640084115,4
3509333,9.822346160610685,9
3509343,9.7770135582184,10
3509361,9.57446191996231,18
3509371,9.814061518251364,10
3509378,9.873519216948413,7
3509387,9.810368893560174,9
3509402,9.555879501734095,15
3509414,9.731632207606967,12
3509424,9.798402566877508,10
3509432,9.850382154947333,8
3509446,9.689452669652763,14
3509458,9.73835440220305,12
3509463,9.914670875545115,5
3509464,10.0,1
3509473,9.834259520555976,9
3509485,9.761179344946292,12
3509489,9.94147791345414,4
3509497,9.829140470462841,8
3509501,9.940679531677123,4
3509511,9.798324982780962,10
3509521,9.79520062329796,10
3509539,9.591634447416823,18
3509546,9.876188330208977,7
3509563,9.596550525193273,17
3509582,9.675310267425221,19
3509587,9.923713665803916,5
3509593,9.890161955158886,6
3509606,9.735239144635019,13
3509607,9.996608474031643,1
3509613,9.885459505985397,6
3509625,9.753997813522032,12
3509634,9.819668127503903,9
3509637,9.96472827905543,3
3509645,9.846769303325948,8
3509651,9.895618182552388,6
3509660,9.816672851218424,9
3509669,9.799817081564417,9
3509676,9.886178842874648,7
3509680,9.957393606154561,4
3509686,9.891884801605118,6
3509696,9.773505901931696,10
3509699,9.960896251739339,3
3509715,9.616564365558693,16
3509726,9.674273151652262,11
3509733,9.88587910558741,7
3509748,9.689078559462923,15
3509769,9.575070362788624,21
3509783,9.71102359151278,14
3509798,9.653820043001582,15
3509806,9.848028433883718,8
3509815,9.807247291660424,9
3509821,9.908656428062805,6
3509832,9.778532429328212,11
3509838,9.898589293841168,6
3509839,10.0,1
3509843,9.92960681009991,4
3509857,9.682697583477088,14
3509861,9.932818821297081,4
3509868,9.849966195305564,7
3509874,9.889225524811101,6
3509882,9.853340264845533,8
3509888,9.899656203905284,6
3509897,9.834791968552704,9
3509905,9.84375266331305,8
3509916,9.767820271874031,11
3509922,9.907189793934077,6
3509937,9.647454393304013,15
3509942,9.936909844583015,5
3509954,9.664264184197098,12
3509959,9.9099195440561,5
3509965,9.888059781049495,6
3509974,9.833243430163874,9
3509991,9.58151405430871,17
3510005,9.590505489304,14
3510012,9.872636242173163,7
3510027,9.649596319989184,15
3510039,9.734465110395,12
3510051,9.76121784107355,12
3510058,9.87957411536635,7
3510062,9.64407572842325,4
3510067,9.929374365722214,5
3510070,9.956583112925733,3
3510075,9.912274412216773,5
3510084,9.84473113831629,9
3510097,9.735995381820867,13
3510108,9.747510999835892,11
3510116,9.843155346836348,8
3510121,9.93193029779672,5
3510131,9.7090295992329,10
3510138,9.859308194753055,7
3510139,10.0,1
3510151,9.729050424282327,12
3510164,9.71352354970749,13
3510167,9.960998542644411,3
3510172,9.909925811257615,5
3510181,9.822507000308502,9
3510199,9.591050892941745,18
3510210,9.754966911118009,11
3510218,9.870392771604848,8
3510221,9.952895160349152,3
3510227,9.915983453086605,6
3510234,9.888274907975156,7
3510246,9.74634691611484,12
3510249,9.94666765181743,3
3510259,9.67886448472835,10
3510271,9.794851317974825,12
3510277,9.892884127364908,6
3510291,9.683867874233892,14
3510301,9.736534686476412,10
3510305,9.944808927817572,4
3510332,9.521519033384335,27
3510350,9.584073212762194,18
3510351,10.0,1
3510355,9.93615575427213,4
3510367,9.737686219214263,12
3510374,9.868089085504012,7
3510375,10.0,1
3510376,10.0,1
3510380,9.94337661623528,4
3510389,9.808084572773446,9
3510398,9.820473891931734,9
3510400,9.984804697352724,2
3510424,9.047879777940402,24
3510436,9.726659330157128,12
3510445,9.827465358635141,9
3510446,10.0,1
3510459,9.714827820786688,13
3510466,9.859201530418769,7
3510478,9.74244443457256,12
3510482,9.949236442442057,4
3510498,9.66404153158585,16
3510510,9.749851443205658,12
3510523,9.706675617499824,13
3510535,9.725728700643856,12
3510553,9.409491557512943,18
3510559,9.905822646119125,6
3510572,9.492834152005877,13
3510587,9.669899285074127,15
3510602,9.580914009986412,15
3510611,9.828882492274223,9
3510618,9.871495727138427,7
3510629,9.720394054385217,11
3510640,9.785882087895775,11
3510650,9.824593485545911,10
3510667,9.579660043279814,17
3510680,9.699619281619574,13
3510685,9.933442616466625,5
3510694,9.827298797083802,9
3510699,9.923114491832619,5
3510711,9.788952593273944,12
3510714,9.960729565480479,3
3510721,9.675192231622423,7
3510740,9.541133599970495,19
3510753,9.698677114612682,13
3510755,9.974711372939218,2
3510764,9.830520794695744,9
3510767,9.969073005935455,3
3510775,9.85188552139058,8
3510779,9.950324186328011,4
3510793,9.740671034527942,14
3510794,10.0,1
3510801,9.87559036531709,7
3510809,9.848619757773983,8
3510821,9.757406919209375,12
3510831,9.386563057810386,10
3510842,9.777622842277045,11
3510843,10.0,1
3510847,9.931917180240204,4
3510858,9.74993657958936,11
3510868,9.79216403515789,10
3510875,9.87762158505979,7
3510885,9.813495864260895,10
3510897,9.742249627650652,12
3510905,9.870877257291273,8
3510913,9.832994310436206,8
3510925,9.738028976497743,12
3510926,10.0,1
3510933,9.88489126508299,7
3510941,9.836165685185474,8
3510948,9.892423268637828,7
3510957,9.834965977526448,9
3510968,9.792840854868153,11
3510981,9.719599754886415,13
3510988,9.881790912463504,7
3511001,9.751187433720558,13
3511026,9.494719857568086,25
3511030,9.827963584069444,4
3511040,9.789889571728924,10
3511046,9.905652316049254,6
3511050,9.929111714475447,4
3511063,9.708689216718783,13
3511079,9.604408069416085,16
3511080,10.0,1
3511081,10.0,1
3511099,8.894816208097192,18
3511104,9.91323752787243,5
3511115,9.761319932560992,11
3511116,10.0,1
3511128,9.719990672250452,12
3511139,9.767373840243273,11
3511140,10.0,1
3511160,9.552084465105796,20
3511165,9.91265220620864,5
3511171,9.909826761516292,6
3511182,9.754029566553273,11
3511192,9.789546411289283,10
3511203,9.795715870140777,11
3511218,9.65637337433893,15
3511228,9.80306471030235,10
3511233,9.927712958327339,5
3511239,9.89532550768314,6
3511248,9.836968621454693,9
3511267,6.232507013314352,19
3511270,9.966885141211593,3
3511276,9.894219607399515,6
3511277,10.0,1
3511278,9.996781002178453,1
3511285,9.884265280547899,7
3511288,9.967280582180443,3
3511290,9.977788205967466,2
3511304,9.698527389640516,14
3511309,9.92396278397822,5
3511314,9.926104659221547,5
3511327,9.727433648698694,13
3511339,9.756466189078058,12
3511342,9.952938774562469,3
3511353,9.75486069239938,11
3511361,9.850611038559803,8
3511368,9.676729027226699,7
3511376,9.810386676548577,8
3511384,9.864517669497324,8
3511391,9.854250324022678,7
3511401,9.78769497219968,10
3511411,9.795055256015356,10
3511415,9.936068985852616,4
3511424,9.845800587290945,9
3511437,9.712751583415963,13
3511446,9.830985902482047,9
3511450,9.937544185089186,4
3511459,9.850677346281152,9
3511460,10.0,1
3511481,9.31577985763998,21
3511491,9.797394413600028,10
3511502,9.661682303657955,11
3511519,9.560240073630004,17
3511526,9.88047114060568,7
3511541,9.687321098066382,15
3511552,9.750896581921397,11
3511553,10.0,1
3511556,9.949515076528666,3
3511561,9.916684121820563,5
3511563,9.972115288414972,2
3511574,9.763834995958636,11
3511579,9.913706457324652,5
3511589,9.797224396533176,10
3511605,9.610260646568756,16
3511610,9.8294340833518,5
3511617,9.874096728807027,7
3511624,9.854030621949923,7
3511633,9.845276305422214,9
3511637,9.938923191308943,4
3511646,9.846310937353481,9
3511657,9.763661120678071,11
3511673,9.643943634639333,16
3511682,9.804149627908313,9
3511683,10.0,1
3511696,9.71515576885301,13
3511701,9.914162267895588,5
3511714,9.709309039738091,13
3511723,9.83512836935564,9
3511724,10.0,1
3511739,9.66698641845302,15
3511743,9.936706311511003,4
3511744,10.0,1
3511749,9.92956513913709,5
3511763,9.688497412980288,14
3511766,9.965579513406993,3
3511767,10.0,1
3511772,9.917337695588794,5
3511773,10.0,1
3511784,9.774434334857007,11
3511788,9.93160129888664,4
3511800,9.731897184111995,12
3511813,9.738157052253035,13
3511826,9.708786522434497,13
3511833,9.887742131624847,7
3511837,9.940558754819913,4
3511846,9.82073008844225,9
3511852,9.891792460536493,6
3511869,9.629695709457962,17
3511877,9.840396551012162,8
3511882,9.919747983279994,5
3511888,9.89620666335713,6
3511900,9.741152973742249,12
3511901,10.0,1
3511916,9.65700989380614,15
3511920,9.946503797068793,4
3511931,9.771101508781156,11
3511937,9.906352040383645,6
3511940,9.962233134496953,3
3511948,9.823763840065745,8
3511956,9.858473072852297,8
3511971,9.659984728083428,15
3511983,9.750280936959944,12
3511989,9.865908896138968,6
3512004,9.678159066864898,15
3512006,9.971573461330655,2
3512015,9.86207496546106,9
3512027,9.710154014637075,12
3512032,9.921584134819378,5
3512039,9.844630559387342,7
3512046,9.898981104143514,7
3512053,9.903352519697577,7
3512058,9.914936891634076,5
3512069,9.77435845701116,11
3512080,9.797769098357046,11
3512093,9.720441342488419,13
3512104,9.743650336299678,11
3512116,9.772611160663331,12
3512129,9.753588755666696,13
3512142,9.731599391105457,13
3512153,9.765922099695768,11
3512167,9.693262163968845,14
3512175,9.856270357440224,8
3512176,10.0,1
3512177,10.0,1
3512184,9.8753392600946,7
3512196,9.744887865978264,12
3512204,9.822077837724665,8
3512218,9.708906817572062,14
3512226,9.84016265221767,8
3512235,9.835220493217053,9
3512247,9.633213746405728,12
3512259,9.788810254993628,12
3512271,9.734614287851867,12
3512280,9.817400687615985,9
3512291,9.474868623673075,11
3512302,9.761161684428336,11
3512312,9.795403285697203,10
3512323,9.806822611698113,11
3512324,10.0,1
3512331,9.856748183334442,7
3512334,9.963416809363414,3
3512339,9.922383887454693,5
3512351,9.73922182059893,12
3512359,9.84283351021789,8
3512373,9.684150592914571,14
3512386,9.70638296719344,13
3512395,9.83374460739701,9
3512396,10.0,1
3512412,9.621839316119862,16
3512415,9.95196152484853,3
3512427,9.732233158312694,12
3512447,9.543960597364896,20
3512448,10.0,1
3512451,9.950712168335768,3
3512460,9.828730827735953,9
3512465,9.906567571947852,5
3512476,9.76737966064283,11
3512483,9.873250072736244,7
3512492,9.802794993880136,9
3512510,9.57534728415254,18
3512516,9.89081128654539,6
3512526,9.780136956682444,10
3512533,9.860280845642174,7
3512537,9.948118166187063,4
3512546,9.81174560233109,9
3512557,9.571301703015132,11
3512565,9.856218181078962,8
3512571,9.89633487749792,6
3512578,9.874335319880545,7
3512584,9.890182443546603,6
3512592,9.839914872290253,8
3512598,9.899446625445483,6
3512608,9.817691636362758,10
3512622,9.750541267457486,14
3512633,9.766109916460382,11
3512642,9.814355055701588,9
3512647,9.80673743490441,5
3512652,9.90101142381542,5
3512661,9.813787843847797,9
3512664,9.961716795168147,3
3512676,9.709123777850841,12
3512684,9.746804263724743,8
3512693,9.846610075733182,9
3512702,9.838219798258661,9
3512710,9.870003392146808,8
3512719,9.82435670638301,9
3512730,9.784776660679976,11
3512744,9.675656051936045,14
3512752,9.837104704852681,8
3512757,9.910808134314985,5
3512770,9.511003773004344,13
3512783,9.706748769597336,13
3512789,9.888986011989232,6
3512795,9.88701288045253,6
3512798,9.9537428242444,3
3512810,9.752891290409012,12
3512812,9.978817226364116,2
3512823,9.784485005787264,11
3512835,9.74676141898012,12
3512845,9.79778061252216,10
3512856,9.757353966105793,11
3512865,9.840322352627854,9
3512874,9.809016915145545,9
3512887,9.519505149255416,13
3512900,9.730093790995287,13
3512908,9.839446832436533,8
3512918,9.791016226939814,10
3512923,9.910495980331028,5
3512940,9.621672589072281,17
3512944,9.940992788088336,4
3512956,9.548985982090485,12
3512963,9.872091634074948,7
3512974,9.775781548297703,11
3512982,9.84130766086809,8
3512996,9.501677016353097,14
3513006,9.797165926712983,10
3513015,9.818504770056034,9
3513016,9.993467959639387,1
3513019,9.960431398889046,3
3513031,9.754187684496557,12
3513037,9.900603452407584,6
3513038,10.0,1
3513041,9.950924926581855,3
3513047,9.887329305603734,6
3513055,9.841568509058924,8
3513066,9.765456729794055,11
3513068,9.9810403146104,2
3513072,9.92430128466013,4
3513073,9.992468048838669,1
3513087,9.67072414990406,14
3513089,9.978733792242775,2
3513097,9.839875082582237,8
3513105,9.856384467071859,8
3513114,9.810537790630011,9
3513120,9.908089823591263,6
3513123,9.946352451271464,3
3513138,9.693968490769903,15
3513139,10.0,1
3513144,9.92357494548314,5
3513145,10.0,1
3513155,9.603458204196565,10
3513166,9.74655618670533,11
3513172,9.904751693351578,6
3513183,9.743209273907176,11
3513193,9.766069603184903,10
3513208,9.647597825928127,15
3513223,9.66371838687548,15
3513230,9.86802801177944,7
3513239,9.82107464966333,9
3513249,9.789872299851426,10
3513251,9.984681427767516,2
3513256,9.908529660836672,5
3513260,9.926358100234728,4
3513272,9.743704674284555,12
3513281,9.815208942237087,9
3513287,9.894715163479686,6
3513302,9.715485138264883,15
3513318,9.622436013067231,16
3513332,9.713542912801694,14
3513342,9.805479434213389,10
3513347,9.906179403689768,5
3513357,9.78297602789956,10
3513371,9.742642234937884,14
3513376,9.928215664075866,5
3513377,9.98841306054327,1
3513384,9.863592432316795,7
3513388,9.92844035362864,4
3513389,10.0,1
3513395,9.875346781892073,6
3513401,9.891307899369359,6
3513415,9.670448954861202,14
3513416,10.0,1
3513423,9.874189967466284,7
3513438,9.673894345455883,15
3513450,9.71369642190572,12
3513463,9.710570475391345,13
3513473,9.792234158652116,10
3513474,10.0,1
3513485,9.778729215878766,11
3513489,9.939387427031159,4
3513491,9.977771833194435,2
3513506,9.700952296878542,15
3513519,9.696867325871448,13
3513527,9.833701515303199,8
3513528,10.0,1
3513529,10.0,1
3513538,9.810162957885783,9
3513541,9.96571568117119,3
3513546,9.906979042108622,5
3513553,9.885443955396182,7
3513567,9.581569701490476,14
3513585,9.690034917772175,18
3513589,9.92359367433467,4
3513596,9.873801819005951,7
3513602,9.884721138503718,6
3513612,9.784184937359955,10
3513613,9.996572935843187,1
3513626,9.70540433933683,13
3513629,9.966122230508866,3
3513639,9.813699466992482,10
3513640,10.0,1
3513650,9.805277504081706,10
3513653,9.953353867059644,3
3513663,9.690010145879095,10
3513677,9.692711343890872,14
3513683,9.903142760104817,6
3513695,9.542629246931405,12
3513707,9.749790385356375,12
3513710,9.965859061622503,3
3513715,9.89779069302215,5
3513716,9.99292174849451,1
3513727,9.774943831515587,11
3513736,9.828910024231325,9
3513743,9.899258494029493,7
3513750,9.87169229524806,7
3513763,9.68304616689333,13
3513774,9.761669409415674,11
3513781,9.874834487360296,7
3513797,9.639261808818027,16
3513810,9.723774078073602,13
3513821,9.804184834528915,11
3513829,9.841525663432945,8
3513834,9.91012927340742,5
3513836,9.97814919452407,2
3513856,9.322131561264786,20
3513869,9.418437038533025,13
3513876,9.872764897570034,7
3513879,9.9688026529782,3
3513886,9.885251295035822,7
3513904,9.575297754642804,18
3513905,10.0,1
3513923,9.563906641119628,18
3513938,9.667029665916191,15
3513948,9.802032081770951,10
3513957,9.816391025267366,9
3513966,9.812144874021614,9
3513981,9.64566028146779,15
3513989,9.834127712400475,8
3513990,10.0,1
3513996,9.88853429708804,6
3513997,9.991947186937141,1
3514005,9.82457598166735,8
3514011,9.894289516883779,6
3514016,9.912401006983186,5
3514027,9.571252701522388,11
3514033,9.874267149039769,6
3514044,9.751335490739411,11
3514056,9.714246415523501,12
3514072,9.610720788812671,16
3514087,9.647247013485396,15
3514089,9.979273172011085,2
3514092,9.957469064462996,3
3514095,9.95648019407421,3
3514102,9.761569687035305,7
3514109,9.86352583139935,7
3514120,9.767589560341932,11
3514128,9.845721140617988,8
3514138,9.778961435608311,10
3514147,9.810375887041946,9
3514148,10.0,1
3514157,9.801148899376306,9
3514171,9.716460207982294,14
3514172,9.996372284488887,1
3514180,9.83842578949707,8
3514188,9.84788468652209,8
3514199,9.777926879131003,11
3514209,9.782462789082523,10
3514218,9.802350044152206,9
3514236,9.574541015648203,18
3514247,9.820686326687591,11
3514260,9.716056917731612,13
3514268,9.851205219743312,8
3514276,9.849648009128245,8
3514282,9.896310902400646,6
3514289,9.866671514117645,7
3514294,9.932561845922288,5
3514308,9.695027672058114,14
3514317,9.811482485490524,9
3514321,9.94282834504332,4
3514332,9.795696582441263,11
3514342,9.81344772150723,10
3514356,9.700839644970976,14
3514367,9.790665036309866,11
3514389,9.49015523484081,22
3514397,9.851499170294604,8
3514408,9.758314101671104,11
3514409,10.0,1
3514420,9.79550426210698,11
3514426,9.898408808028584,6
3514429,9.957003487092145,3
3514439,9.79513072011785,10
3514455,9.653577511488308,16
3514458,9.964971023295115,3
3514468,9.822173393035792,10
3514472,9.93578777445804,4
3514485,9.712511232850563,13
3514494,9.858550378523606,9
3514499,9.921904541472747,5
3514505,9.885724689764437,6
3514508,9.963967185881343,3
3514509,10.0,1
3514512,9.950180110627652,3
3514521,9.8230101559122,9
3514529,9.864833172604632,8
3514530,10.0,1
3514531,10.0,1
3514535,9.95304008635716,4
3514536,10.0,1
3514544,9.844601447180455,8
3514558,9.654561763670971,14
3514570,9.753043025238986,12
3514573,9.954272917994725,3
3514574,10.0,1
3514576,9.976616792303629,2
3514580,9.93768901320063,4
3514593,9.742038199453747,13
3514601,9.843099678508528,8
3514615,9.673697216948929,14
3514628,9.714450388418776,13
3514632,9.937154962934308,4
3514648,9.596330800667541,16
3514649,9.996821499983566,1
3514658,9.818149167845608,9
3514668,9.805333543773495,10
3514676,9.83829229645218,8
3514689,9.714984323029578,13
3514690,10.0,1
3514704,9.674900513406595,14
3514721,9.629961091865354,17
3514722,10.0,1
3514732,9.78150376568019,10
3514741,9.800825758575614,9
3514745,9.942795355514937,4
3514758,9.40645625346043,13
3514766,9.857760242135434,8
3514770,9.943247367870056,4
3514774,9.935375654993715,4
3514786,9.74157409020888,12
3514787,10.0,1
3514801,9.704449841521225,14
3514810,9.817756239951692,9
3514815,9.920325555453836,5
3514817,9.977991372481148,2
3514835,9.587567465052427,18
3514843,9.827585870702679,8
3514851,9.830367510289825,8
3514867,9.633588395141967,16
3514879,9.744438018992785,12
3514887,9.84069898933098,8
3514899,9.75307129862072,12
3514903,9.945393841499428,4
3514909,9.893908000642949,6
3514910,10.0,1
3514926,9.650961239834903,16
3514934,9.849162387395332,8
3514947,9.675540590252677,13
3514961,9.7170168884771,14
3514976,9.662328917066668,15
3514987,9.792305522228967,11
3514988,10.0,1
3515001,9.747077629014036,13
3515006,9.912320125558747,5
3515023,9.592250960198069,17
3515027,9.946695819999588,4
3515051,8.524247405874135,24
3515060,9.709834878120079,9
3515074,9.402803840018679,14
3515080,9.886420070162893,6
3515091,9.796289901922972,11
3515092,10.0,1
3515107,9.65247755304025,15
3515117,9.789970005169508,10
3515129,9.756978067057684,12
3515136,9.872345039467582,7
3515137,10.0,1
3515144,9.875188536220266,7
3515145,10.0,1
3515154,9.805016319777398,9
3515167,9.705192292849832,13
3515175,9.856187906080136,8
3515180,9.927018506432006,5
3515188,9.823862665953891,8
3515193,9.931296537965686,5
3515206,9.713618661249221,13
3515215,9.422634879705695,9
3515220,9.920300490686438,5
3515228,9.848727567526595,8
3515229,9.992405908094687,1
3515233,9.93582519708888,4
3515239,9.905979489694369,6
3515251,9.717321629571025,12
3515255,9.938459782883841,4
3515271,9.644183672556247,16
3515278,9.65948171899333,7
3515295,9.588460693482874,17
3515298,9.964979798540908,3
3515304,9.8925408703439,6
3515305,10.0,1
3515315,9.791274419840661,10
3515324,9.832731423575174,9
3515333,9.827125124181348,9
3515342,9.820808696813474,9
3515349,9.866447327797514,7
3515350,9.988462622799787,1
3515351,10.0,1
3515356,9.933776736775423,5
3515363,9.856588513484875,7
3515371,9.86404891064058,8
3515375,9.948092694080696,4
3515379,9.94534288551084,4
3515386,9.863688021615074,7
3515400,9.685224465128856,14
3515407,9.874156678086331,7
3515421,9.672959050720914,14
3515428,9.873856457832083,7
3515433,9.913590396124766,5
3515436,9.967469026636733,3
3515448,9.712948184900691,12
3515453,9.902142516700398,5
3515461,9.840017509897528,8
3515472,9.773557467321023,11
3515486,9.496710815544768,14
3515493,9.878222074484162,7
3515502,9.70890840713491,9
3515516,9.718672113998636,14
3515532,9.707551537402608,16
3515540,9.838328973084502,8
3515556,9.6186466541448,16
3515566,9.801110312494558,10
3515567,10.0,1
3515576,9.826963237659692,9
3515585,9.850955225633372,9
3515607,9.57445808605697,22
3515619,9.539417627077778,12
3515631,9.727300759421489,12
3515643,9.731261697461678,12
3515656,9.770835931162628,13
3515666,9.799750940279793,10
3515679,9.732778744390284,13
3515689,9.81254514460775,10
3515690,10.0,1
3515697,9.876946945099354,7
3515702,9.920663635797816,5
3515708,9.901029723152343,6
3515721,9.71767158916904,13
3515728,9.863049783444252,7
3515739,9.745976054381067,11
3515751,9.638009035223327,12
3515761,9.707182958516668,10
3515771,9.815703644295274,10
3515778,9.866711440814731,7
3515787,9.83463364380049,9
3515788,9.991848436154969,1
3515800,9.606688692838276,12
3515807,9.879309339284214,7
3515818,9.746418055170654,11
3515824,9.909974506873583,6
3515840,9.059136065776713,16
3515853,9.688318245231358,13
3515863,9.605709781231726,10
3515887,8.8932794346717,24
3515906,9.622289362138126,19
3515913,9.905302359874074,7
3515925,9.760451195136087,12
3515937,9.734196214010263,12
3515949,9.736680247519818,12
3516022,8.70994077496299,73
3516023,10.0,1
3516032,9.844902791854116,9
3516044,9.82677273057922,12
3516059,9.669676474528398,15
3516067,9.865025748497112,8
3516078,9.80334648066194,11
3516086,9.872439688950294,8
3516094,9.857461235900784,8
3516096,9.98262208729636,2
3516104,9.844778117317894,8
3516107,9.952550975186018,3
3516115,9.861497208142818,8
3516126,9.763379204095962,11
3516136,9.778506896103899,10
3516146,9.80239142149143,10
3516156,9.79190022988065,10
3516170,9.662306385749734,14
3516172,9.98584758143343,2
3516180,9.863152202578954,8
3516187,9.87028993336178,7
3516194,9.889993068934404,7
3516202,9.877294036081318,8
3516203,10.0,1
3516207,9.951080736941046,4
3516216,9.824612080512074,9
3516227,9.791189646656372,11
3516234,9.868298382427387,7
3516245,9.768922623414035,11
3516254,9.818372120821811,9
3516260,9.88661029947759,6
3516261,10.0,1
3516272,9.763083337548215,11
3516288,9.649381430718025,16
3516299,9.74947931977324,11
3516306,9.898126520754692,7
3516307,9.993368532282565,1
3516314,9.875552425909309,7
3516325,9.329882943235663,11
3516336,9.767481950483617,11
3516350,9.675351970931708,14
3516359,9.816152238405,9
3516363,9.934978020718875,4
3516373,9.697975891814224,10
3516380,9.861723578398719,7
3516393,9.706291806731514,13
3516407,9.682424595641056,14
3516417,9.7891481545682,10
3516422,9.928715444192548,5
3516426,9.94310698148122,4
3516431,9.91743162154739,5
3516432,10.0,1
3516440,9.842163970271471,8
3516454,9.660979104954084,14
3516464,9.803172711478728,10
3516472,9.837074416628809,8
3516486,9.68320007390341,14
3516490,9.92070198554101,4
3516496,9.877485582835291,6
3516507,9.786059494992031,11
3516512,9.909806926321338,5
3516513,10.0,1
3516523,9.794808056934327,10
3516530,9.891331603709084,7
3516539,9.844618015305734,9
3516551,9.745112253953772,12
3516558,9.865020914337428,7
3516564,9.886027219316968,6
3516571,9.869689673706318,7
3516582,9.75454761702757,11
3516592,9.800279149592647,10
3516607,9.577633976325032,15
3516608,10.0,1
3516622,9.6902524665519,14
3516633,9.783504130833672,11
3516640,9.870181793647896,7
3516651,9.771088628295283,11
3516656,9.907920741835982,5
3516665,9.845780622158243,9
3516668,9.944077105680135,3
3516677,9.826857865877935,9
3516684,9.844372650457695,7
3516696,9.738703550615668,12
3516703,9.88226456393628,7
3516712,9.82544040098408,9
3516713,10.0,1
3516719,9.886834087234758,6
3516731,9.724087712564721,12
3516740,9.808974219425181,9
3516741,10.0,1
3516748,9.870531919168505,7
3516755,9.86803161424486,7
3516766,9.805175785551965,11
3516767,10.0,1
3516770,9.959417224422241,3
3516780,9.782756109928457,10
3516792,9.744224993578728,12
3516796,9.939412965563498,4
3516806,9.782948873920036,10
3516809,9.95356583286674,3
3516818,9.807356605458258,9
3516821,9.950180357888904,3
3516823,9.973052933291562,2
3516837,9.683300530071856,14
3516843,9.872580163809488,6
3516858,9.634809023384081,15
3516868,9.778788068391657,10
3516879,9.75264658686971,11
3516884,9.926360447388793,5
3516892,9.819069861627435,8
3516893,10.0,1
3516899,9.885324334119604,6
3516906,9.86792099974296,7
3516916,9.81290705019003,10
3516929,9.710469854261468,13
3516940,9.796618850130363,11
3516954,9.71112984138207,14
3516966,9.608295002771166,12
3516972,9.910431822607134,6
3516976,9.94320758154502,4
3516994,9.59019760889354,18
3517011,9.516749986264537,17
3517023,9.703922622189861,12
3517033,9.7857307244643,10
3517040,9.864479557744946,7
3517051,9.566953081119593,11
3517054,9.95660808889384,3
3517062,9.842370128146342,8
3517079,9.207318627480541,17
3517080,9.9964822302802,1
3517081,10.0,1
3517085,9.93548556099116,4
3517090,9.92707591918608,5
3517094,9.948676031122899,4
3517095,10.0,1
3517099,9.938860430238181,4
3517113,9.675066962889431,14
3517119,9.899056071085248,6
3517124,9.93324593334369,5
3517135,9.775824198748012,11
3517142,9.847027158534516,7
3517152,9.790731998252198,10
3517157,9.905153542402292,5
3517159,9.982469757729932,2
3517165,9.884070344799554,6
3517176,9.781438597409574,11
3517189,9.719141427805273,13
3517602,-159.7498754394606,413
3517610,9.842740954769408,8
3517621,9.770839793795616,11
3517628,9.869732209017444,7
3517639,9.76990656444009,11
3517647,9.859159527388991,8
3517655,9.831028471350983,8
3517659,9.923361713457075,4
3517664,9.918558902514771,5
3517676,9.737548040977721,12
3517683,9.852015928019782,7
3517690,9.85747301064486,7
3517694,9.937219504483174,4
3517699,9.916869332733487,5
3517710,9.785370611468267,11
3517724,9.710292166226703,14
3517742,9.458806478278545,18
3517748,9.910644453256573,6
3517755,9.855188642734557,7
3517759,9.94446136373977,4
3517765,9.922838293995012,6
3517766,10.0,1
3517779,9.700255639763746,13
3517785,9.90536499869851,6
3517806,9.458465630075649,21
3517816,9.79065835887855,10
3517823,9.872739932115554,7
3517828,9.903404065620549,5
3517841,9.68169031359942,13
3517844,9.964935360199327,3
3517847,9.95738180713654,3
3517856,9.8444346205774,9
3517863,9.873028872508742,7
3517876,8.231254559830377,13
3517883,9.85162911647076,7
3517891,9.821428703285559,8
3517900,9.835541365855484,9
3517903,9.958160954936304,3
3517922,9.540792780024699,19
3517927,9.906260895612547,5
3517937,9.801177853645456,10
3517941,9.949753032366917,4
3517953,9.78276301850119,12
3517966,9.713045837474825,13
3517977,9.77759800583066,11
3517987,9.79570057108212,10
3517998,9.749847795294272,11
3518013,9.701583673024555,15
3518028,9.678846373947556,15
3518036,9.845688747861411,8
3518049,9.701829458113732,13
3518059,9.782160499292447,10
3518067,9.830087355635001,8
3518068,10.0,1
3518077,9.854509832093601,9
3518085,9.838757354560727,8
3518097,9.653825809453833,12
3518110,9.706651305650697,13
3518124,9.706494928815566,14
3518125,10.0,1
3518138,9.72057740126503,13
3518146,9.84383525282789,8
3518156,9.799587481625755,10
3518163,9.872187800259159,7
3518164,10.0,1
3518168,9.93417339312681,4
3518173,9.902055583325636,5
3518181,9.75097722700383,8
3518194,9.720499416099514,13
3518197,9.96131420179479,3
3518208,9.767166479479915,11
3518212,9.945733583965668,4
3518234,9.569667042836059,22
3518239,9.928806100343946,5
3518244,9.922664907819026,5
3518255,9.772708178854714,11
3518258,9.967015404518012,3
3518263,9.926148773430972,5
3518270,9.866301884228319,7
3518278,9.830928052907405,8
3518285,9.861071365929522,7
3518296,9.824651661625799,11
3518300,9.938697661666739,4
3518301,10.0,1
3518303,9.97874529469964,2
3518318,9.645325909313238,15
3518327,9.834360311769421,9
3518336,9.823881043506073,9
3518347,9.746393609287429,11
3518354,9.869709152783237,7
3518361,9.872582965005247,7
3518373,9.75239126760907,12
3518374,10.0,1
3518388,9.649585034629851,14
3518395,9.867129975450553,7
3518407,9.74066096689355,12
3518413,9.889891736763055,6
3518423,9.799402688161424,10
3518434,9.773496847309143,11
3518438,9.941321403866006,4
3518447,9.825881460371075,9
3518453,9.904151703173966,6
3518460,9.864979720906911,7
3518465,9.914622189771476,5
3518474,9.826722752850577,9
3518486,9.700350948402717,12
3518492,9.893976713221967,6
3518498,9.89155457060542,6
3518509,9.761645358441495,11
3518521,9.75724631124045,12
3518525,9.929649303787059,4
3518533,9.857254009573829,8
3518545,9.747558662607206,12
3518546,10.0,1
3518550,9.932682904741894,4
3518563,9.721616629857778,13
3518568,9.728410952212597,5
3518580,9.746730627576419,12
3518587,9.883307514365592,7
3518591,9.934924943911183,4
3518597,9.921293606125706,6
3518610,9.827581362386155,13
3518623,9.70993351865974,13
3518631,9.843686504703518,8
3518632,10.0,1
3518635,9.961699236720849,3
3518638,9.966405244074618,3
3518646,9.83551539689741,8
3518659,9.716470066416795,13
3518674,9.675756812667208,15
3518675,10.0,1
3518679,9.947747934103095,4
3518693,9.708774977806836,14
3518704,9.755513891564027,11
3518710,9.894376228617144,6
3518732,9.473963499635598,22
3518734,9.970617458565387,2
3518746,9.738128547255675,12
3518755,9.82250104388202,9
3518756,9.988319977119792,1
3518765,9.858495925630862,9
3518775,9.774177149557847,10
3518786,9.761201097583031,11
3518795,9.799758299796386,9
3518796,10.0,1
3518802,9.91783398702341,6
3518815,9.73180595280559,13
3518832,9.699658767692146,17
3518839,9.86392540793647,7
3518841,9.979195668773258,2
3518852,9.75849166788124,11
3518856,9.950262566031663,4
3518869,9.767531754284013,13
3518883,9.70762752969551,14
3518894,9.807967662587801,11
3518907,9.73156291664787,13
3518915,9.876429932072684,8
3518918,9.95056030898857,3
3518926,9.85654885241894,8
3518935,9.827092453849994,9
3518949,9.679608004196211,14
3518951,9.98222908212058,2
3518955,9.94473245148575,4
3518966,9.776436286283253,11
3518980,9.679911388751371,14
3518993,9.714265039529183,13
3518997,9.947571125198385,4
3519004,9.85306205520588,7
3519013,9.821675179692958,9
3519025,9.76285267777254,12
3519029,9.942938745217013,4
3519033,9.927698837636846,4
3519041,9.857389825981077,8
3519048,9.860653054824363,7
3519054,9.901243197366407,6
3519062,9.835553907694427,8
3519063,9.996197633205878,1
3519075,9.744046583544318,12
3519085,9.791326210174597,10
3519092,9.867533843139928,7
3519102,9.78054149943473,10
3519107,9.920930718207336,5
3519111,9.945003818592877,4
3519122,9.736002413316735,11
3519132,9.794623438483605,10
3519145,9.683857502318524,13
3519154,9.821928936457647,9
3519166,9.741921621834678,12
3519167,10.0,1
3519175,9.841884935372345,8
3519188,9.704162169887196,13
3519198,9.810577290058609,10
3519204,9.90550348846565,6
3519210,9.897692993797932,6
3519222,9.727818219738568,12
3519226,9.931411558487824,4
3519230,9.939252661629817,4
3519238,9.840896243492606,8
3519245,9.86844108389825,7
3519254,9.831818740440076,9
3519263,9.79997971907477,9
3519266,9.966824272751415,3
3519267,9.996566525570785,1
3519281,9.708554965069148,14
3519291,9.805740152202327,10
3519297,9.898663470389097,6
3519300,9.95279370804608,3
3519316,9.635881440253016,16
3519328,9.739573244563921,12
3519341,9.717717792069111,13
3519346,9.925135879198825,5
3519357,9.798906623746642,11
3519365,9.863832432165557,8
3519369,9.946358286759034,4
3519377,9.828058323825013,8
3519382,9.926422435234693,5
3519389,9.881491070439488,7
3519401,9.730159407438842,12
3519405,9.925836098987325,4
3519408,9.951361483679861,3
3519416,9.852325071359868,8
3519425,9.819174520124657,9
3519433,9.888789636140562,8
3519445,9.519412585816731,12
3519446,10.0,1
3519453,9.876432616708854,7
3519462,9.824151356866636,9
3519468,9.886725168944462,6
3519469,10.0,1
3519473,9.952178765174887,4
3519474,10.0,1
3519483,9.807833684126471,9
3519489,9.890358274621276,6
3519498,9.824593492079417,9
3519499,10.0,1
3519501,9.984368713824313,2
3519509,9.818804719740877,8
3519523,9.684252038227198,14
3519526,9.957164762937088,3
3519529,9.957963810686376,3
3519533,9.939523273717889,4
3519541,9.815255668822884,8
3519550,9.798740434040132,9
3519555,9.935529041506024,5
3519561,9.893119914861835,6
3519564,9.954887152294852,3
3519571,9.865207145836997,7
3519582,9.738666422417158,11
3519593,9.765837692972756,11
3519600,9.865914998586295,7
3519609,9.821968259754042,9
3519613,9.938791132867483,4
3519619,9.893809176269698,6
3519620,10.0,1
3519635,9.61386619606947,15
3519644,9.80699724846898,9
3519659,9.673921537896915,15
3519661,9.97759629569117,2
3519674,9.713842970042627,13
3519677,9.964563873510189,3
3519682,9.917325697966781,5
3519683,9.996713532841873,1
3519696,9.727212681770904,13
3519706,9.783778418179676,10
3519723,9.584179001356716,17
3519727,9.933925121455767,4
3519738,9.763700574602359,11
3519746,9.820782160670408,8
3519748,9.97595659612604,2
3519755,9.887680193984659,7
3519759,9.92872346970511,4
3519765,9.883903118366245,6
3519778,9.681417114555133,13
3519784,9.901046485255561,6
3519788,9.945629978780579,4
3519791,9.95647942544532,3
3519798,9.88157431447037,7
3519806,9.831170885221306,8
3519817,9.789765410669396,11
3519823,9.889984465270414,6
3519830,9.865268361183519,7
3519841,9.751550065865212,11
3519849,9.838979377008544,8
3519857,9.861366711535162,8
3519863,9.892666049316809,6
3519866,9.965249890067327,3
3519877,9.763165561185847,11
3519878,10.0,1
3519888,9.842961540065787,10
3519896,9.82511369635011,8
3519906,9.77684042928389,10
3519913,9.85572851530039,7
3519921,9.87900281210226,8
3519922,9.99641970800179,1
3519923,10.0,1
3519924,9.989510618426143,1
3519931,9.86020633626628,7
3519945,9.707557306703059,14
3519952,9.884847999567237,7
3519959,9.870800957611873,7
3519968,9.80130088977176,9
3519980,9.725018034387686,12
3519991,9.772182663062978,11
3519999,9.845366019203615,8
3520007,9.84860885728989,8
3520020,9.74788341024367,13
3520024,9.929410529662036,4
3520025,10.0,1
3520029,9.840245472843154,4
3520038,9.823522668035697,9
3520049,9.740891333158574,11
3520056,9.875037493584808,7
3520063,9.867710595927292,7
3520077,9.72192434083826,14
3520090,9.711370920075433,13
3520101,9.808903239332775,11
3520111,9.814749699744555,10
3520125,9.669667233358867,14
3520137,9.741619388294225,12
3520145,9.84893473937126,8
3520156,9.762154667793805,11
3520163,9.877657618584701,7
3520179,9.634341371046634,16
3520186,9.857342783819618,7
3520188,9.980510479044101,2
3520196,9.82370826965814,8
3520206,9.791221693229703,10
3520218,9.74470751207419,12
3520223,9.896550084359724,5
3520232,9.8348249588862,9
3520238,9.901514012260304,6
3520246,9.823645565323433,8
3520255,9.816994679763079,9
3520256,10.0,1
3520265,9.845506795226973,9
3520277,9.725917007846286,12
3520288,9.764653351318724,11
3520291,9.950269816600663,3
3520296,9.91026161919376,5
3520305,9.803689557559633,9
3520307,9.979123219696291,2
3520315,9.845920117058432,8
3520330,9.669749519174234,15
3520341,9.77559016348951,11
3520355,9.673984340297427,14
3520360,9.907626259791618,5
3520370,9.56631058148125,10
3520382,9.735789383070133,12
3520388,9.917717849366865,6
3520401,9.694696079514006,13
3520412,9.769071610075416,11
3520421,9.808098470651098,9
3520434,9.747516435831033,13
3520447,9.73281863281695,13
3520453,9.904557699628507,6
3520467,9.53167452476281,14
3520484,9.500173429662333,17
3520497,9.69833880008806,13
3520500,9.966276669627172,3
3520512,9.735551707012428,12
3520518,9.899724553211287,6
3520524,9.891504263672477,6
3520533,9.829855885197356,9
3520543,9.81250783662191,10
3520545,9.969451503091454,2
3520549,9.930945057502123,4
3520557,9.829715018521261,8
3520561,9.944175499125977,4
3520564,9.966999798501755,3
3520566,9.984115476935289,2
3520577,9.789554269546095,11
3520583,9.879702090759759,6
3520591,9.829170083900335,8
3520592,10.0,1
3520603,9.75571362194181,11
3520611,9.860597399983641,8
3520621,9.803424265923823,10
3520623,9.971736532017104,2
3520629,9.89408050198353,6
3520632,9.965356859432745,3
3520638,9.899463962974428,6
3520645,9.872259555924023,7
3520656,9.738327602654483,11
3520657,10.0,1
3520662,9.916891143629924,5
3520669,9.89218374859839,7
3520678,9.829550134282977,9
3520689,9.772630182928186,11
3520697,9.842431890075094,8
3520698,10.0,1
3520703,9.908439849709753,5
3520706,9.665279612082516,3
3520713,9.854454133294428,7
3520724,9.750862365701177,11
3520729,9.914547787001919,5
3520741,9.73948440036392,12
3520748,9.85752161403371,7
3520754,9.896083261089897,6
3520759,9.914023639217232,5
3520763,9.937171685072927,4
3520764,9.989011552571007,1
3520776,9.752154726100088,12
3520786,9.814586788165286,10
3520790,9.936319499998062,4
3520799,9.804827699424862,9
3521299,-205.48244481712507,500
3521799,-213.53234029691183,500
3521815,9.629498692800702,16
3521827,9.741026239024412,12
3521842,9.692231976780045,15
3521853,9.647640638361963,11
3521863,9.802174510882628,10
3521875,9.75126178598819,12
3521886,9.57312267702276,11
3521902,9.678981745350423,16
3521912,9.840881481101372,10
3521918,9.88208645504031,6
3521927,9.831954011672345,9
3521934,9.87735733903266,7
3521947,9.739938083325937,13
3521959,9.749895291743787,12
3521966,9.871837722825855,7
3521982,9.657922502942661,16
3521991,9.80291718599231,9
3521996,9.937124679412815,5
3521997,9.98951308960829,1
3522008,9.743552063024497,11
3522018,9.805823145650814,10
3522024,9.90028559949219,6
3522033,9.825297348252311,9
3522051,9.557370951528016,18
3522060,9.815526835010964,9
3522069,9.837121505221315,9
3522073,9.938607674041023,4
3522078,9.909043445331967,5
3522103,9.51335324478892,25
3522109,9.89424547337358,6
3522123,9.532149582527834,14
3522129,9.88679351023525,6
3522137,9.833533798683511,8
3522143,9.901506328781561,6
3522153,9.777284709576422,10
3522173,9.534567929432436,20
3522179,9.8944165761301,6
3522187,9.841181874522363,8
3522197,9.796148252589356,10
3522217,9.517385713895646,20
3522222,9.918152692388784,5
3522230,9.828142116727928,8
3522236,9.884535198969681,6
3522243,9.857331322339341,7
3522244,10.0,1
3522252,9.869092780390792,8
3522269,9.581064159367743,17
3522279,9.779128070396615,10
3522289,9.810728038815528,10
3522298,9.808413040250537,9
3522317,9.571340486020514,19
3522326,9.806747710833532,9
3522338,9.733934385448956,12
3522343,9.910376193550658,5
3522349,9.912265680202136,6
3522356,9.878282363785859,7
3522363,9.867509895906858,7
3522373,9.81335995742077,10
3522380,9.87545229434323,7
3522383,9.948063528699794,3
3522388,9.919213577898436,5
3522406,9.346791281285155,18
3522418,9.74646999018137,12
3522419,10.0,1
3522428,9.822626258362215,9
3522435,9.87847713360243,7
3522446,9.76621667213568,11
3522451,9.910306188015962,5
3522456,9.905318798679415,5
3522467,9.75418915273733,11
3522476,9.79679019445228,9
3522484,9.84745555097985,8
3522496,9.535850963184282,12
3522502,9.884168681111358,6
3522507,9.928795213963603,5
3522516,9.829718445602884,9
3522528,9.773369668354867,12
3522534,9.887404598742597,6
3522542,9.864354241199631,8
3522554,9.776357738673529,12
3522555,10.0,1
3522561,9.90622254735473,6
3522569,9.844283191377995,8
3522577,9.858588650797866,8
3522581,9.920940600909146,4
3522586,9.917991011933124,5
3522587,10.0,1
3522597,9.77752016819094,10
3522612,9.650794623555566,15
3522613,10.0,1
3522617,9.95285885126402,4
3522618,10.0,1
3522621,9.946378790218638,3
3522636,9.700184798528221,15
3522648,9.747564290295715,12
3522655,9.883541412263705,7
3522664,9.812569903927947,9
3522669,9.920296944127063,5
3522679,9.80020876364816,10
3522690,9.73781099177785,11
3522703,9.711499177152282,13
3522712,9.818566514985381,9
3522718,9.895825511083016,6
3522727,9.7982740897971,9
3522730,9.84857933031136,3
3522734,9.937650502968792,4
3522741,9.869002693626289,7
3522750,9.83317739865862,9
3522767,9.618840057976024,17
3522773,9.883042859601664,6
3522778,9.901794038999975,5
3522779,10.0,1
3522789,9.801855927872674,10
3522797,9.823343185429906,8
3522813,9.662601799521699,16
3522819,9.910960742815611,6
3522838,9.574790192447676,19
3522842,9.938776602953377,4
3522852,9.805389058301438,10
3522861,9.814138252571569,9
3522866,9.925347030563458,5
3522867,9.996495750395054,1
3522873,9.893698682046592,6
3522884,9.789799874184073,11
3522887,9.951804649374512,3
3522891,9.946277551579763,4
3522892,10.0,1
3522903,9.787895412543437,11
3522907,9.933867787981807,4
3522913,9.903802895978606,6
3522916,9.951698763742103,3
3522921,9.933772702839793,5
3522937,9.565522177424715,16
3522942,9.92531749141316,5
3522943,10.0,1
3522944,10.0,1
3522957,9.699434805852876,13
3523457,-207.0126111744669,500
3523458,9.992662385684298,1
3523467,9.827924015180788,9
3523477,9.822774278986003,10
3523480,9.95834027538452,3
3523485,9.916046891532602,5
3523488,9.951513130314503,3
3523490,9.978176247067196,2
3523499,9.803555875750659,9
3523510,9.770390903534077,11
3523525,9.657626119868103,15
3523526,10.0,1
3523531,9.908886709922687,5
3523538,9.88119081783015,7
3523550,9.743019540873753,12
3523559,9.852161383999329,9
3523564,9.915040259675793,5
3523573,9.792692491177934,9
3523588,9.515553893802903,15
3523600,9.743342120562081,12
3523601,10.0,1
3523615,9.666830120211708,14
3523628,9.693756022052339,13
3523640,9.724564673481,12
3523644,9.955759136146675,4
3523657,9.72187270559386,13
3523663,9.89822770027956,6
3523673,9.772469183976646,10
3523677,9.931170289201704,4
3523684,9.852657094139301,7
3523701,9.608073996581325,17
3523711,9.791615378333002,10
3523717,9.884914345413144,6
3523733,9.628342193431115,16
3523752,9.53252379316945,19
3523753,10.0,1
3523760,9.854163559463613,7
3523761,10.0,1
3523771,9.829927193268125,10
3523783,9.729086368221637,12
3523784,10.0,1
3523795,9.771790004481112,11
3523800,9.923717257082082,5
3523815,9.672760054963996,15
3523818,9.95656188408643,3
3523824,9.894389648734137,6
3523825,10.0,1
3523826,10.0,1
3523830,9.944770850654102,4
3523837,9.87329697305428,7
3523852,9.650728771568982,15
3523858,9.8908995754699,6
3523859,9.989299971951278,1
3523861,9.97916851156833,2
3523872,9.79074708801474,11
3523876,9.938917837717042,4
3523885,9.80186859685722,9
3523887,9.969187448895935,2
3523902,9.650307185928893,15
3523908,9.879720833831346,6
3523916,9.84930599420972,8
3523926,9.800965049566857,10
3523939,9.714861087384051,13
3523945,9.890142537962191,6
3523955,9.79685258082473,10
3523962,9.871885663476005,7
3523963,9.992959415365158,1
3523976,9.683921505645651,13
3523977,10.0,1
3523978,10.0,1
3523979,9.99608920728653,1
3523980,9.987609453432816,1
3523999,9.545928223402681,19
3524002,9.95644921078491,3
3524004,9.971120691279113,2
3524008,9.933220496986298,4
3524026,9.650588864830576,18
3524032,9.898031957041772,6
3524038,9.881355030281268,6
3524046,9.825943712833016,8
3524047,10.0,1
3524062,9.675061548729968,15
3524070,9.827735760274365,8
3524071,10.0,1
3524073,9.977787724785566,2
3524085,9.641120329213125,12
3524089,9.926357777674442,4
3524097,9.853769843609202,8
3524104,9.861253204612542,7
3524111,9.87635435796143,7
3524120,9.832844684373983,9
3524123,9.952875894217303,3
3524138,9.661707876140781,15
3524139,10.0,1
3524146,9.881678243072903,7
3524155,9.8251323767738,9
3524165,9.79129175949519,10
3524172,9.870650029216913,7
3524178,9.888763147821825,6
3524185,9.878192071679674,7
3524186,10.0,1
3524199,9.697847706525017,13
3524203,9.935740844278113,4
3524208,9.938138406960327,5
3524219,9.75560189754499,11
3524228,9.819304761292036,9
3524238,9.829101634708072,10
3524247,9.81889700492707,9
3524255,9.846038227414867,8
3524261,9.917959816630848,6
3524271,9.796937444670379,10
3524272,10.0,1
3524283,9.761999714003126,11
3524293,9.777021059020479,10
3524298,9.923495344157796,5
3524304,9.903117232001847,6
3524311,9.87411983493641,7
3524315,9.934031239037912,4
3524319,9.938606722166448,4
3524327,9.876973704705495,8
3524340,9.584392173635791,13
3524344,9.934245341118302,4
3524350,9.886235137150775,6
3524362,9.790552804045179,12
3524374,9.755229273702623,12
3524377,9.956874398292761,3
3524381,9.935216327491641,4
3524391,9.782078150645267,10
3524401,9.80265935169962,10
3524408,9.875944579838242,7
3524409,10.0,1
3524415,9.887403583014995,6
3524418,9.947702481199068,3
3524436,9.579616100164444,18
3524449,9.67938556862293,13
3524458,9.832485337549336,9
3524466,9.846527671935434,8
3524471,9.918867873761469,5
3524478,9.857505675742788,7
3524482,9.937146450365951,4
3524491,9.820692881837347,9
3524505,9.694975577080575,14
3524516,9.774375250471241,11
3524534,9.607927109349301,18
3524549,9.70348792476203,15
3524561,9.765578058335526,12
3524566,9.90679841853546,5
3524574,9.838522717618421,8
3524586,9.7143033251068,12
3524597,9.74507090140445,11
3524605,9.838074450176947,8
3524614,9.844402681744006,9
3524628,9.680120500408291,14
3524629,10.0,1
3524638,9.85491325165233,9
3524645,9.885547238896027,7
3524647,9.973321454444037,2
3524652,9.919189523506773,5
3524653,10.0,1
3524661,9.831509225794377,8
3524668,9.866128383723579,7
3524682,9.69671419215737,14
3524698,9.685852239728153,16
3524710,9.75658431540204,12
3524722,9.744150571285568,12
3524734,9.724496341491525,12
3524741,9.885003072166631,7
3524751,9.813017212935284,10
3524755,9.943322020552205,4
3524759,9.938742781304091,4
3524773,9.68953027012161,14
3524793,9.481261051769902,20
3524799,9.88824996852684,6
3524809,9.812500395325722,10
3524819,9.816538582401938,10
3524827,9.872686099330581,8
3524832,9.92749272970616,5
3524834,9.981292293117544,2
3524840,9.886635799739432,6
3524849,9.832882466329455,9
3524851,9.985417746859207,2
3524860,9.821630478393969,9
3524866,9.897179704641985,6
3524879,9.70844780564024,13
3524893,9.691995451759169,14
3524903,9.815380991349642,10
3524917,9.682895615333292,14
3524925,9.845861738515731,8
3524943,9.633149682354754,18
3524946,9.964009410843282,3
3524953,9.86371993781079,7
3524963,9.796343525508684,10
3524977,9.670625022858786,14
3524987,9.822916924356685,10
3524988,9.993146441844333,1
3524998,9.781031858297922,10
3525008,9.82838928656101,10
3525015,9.853234791996522,7
3525022,9.877630834349578,7
3525033,9.75541816575617,11
3525045,9.755232530105928,12
3525054,9.809174735739404,9
3525055,10.0,1
3525064,9.795712682359557,9
3525072,9.837338943834718,8
3525077,9.909813336596155,5
3525083,9.893358705888582,6
3525087,9.9263444777306,4
3525097,9.801022965855392,10
3525104,9.861868270302567,7
3525117,9.713787130952594,13
3525123,9.876699061158645,6
3525130,9.85396584655347,7
3525141,9.758651508053566,11
3525151,9.778264017808935,10
3525160,9.793235871859393,9
3525163,9.956436944905203,3
3525164,10.0,1
3525173,9.825276071899859,9
3525178,9.911414752203415,5
3525179,9.99290310065282,1
3525183,9.922275226295596,4
3525186,9.955378083680051,3
3525188,9.984782434017946,2
3525203,9.618934719059036,15
3525214,9.763719597922071,11
3525224,9.82125709142467,10
3525261,7.31465673792632,37
3525266,9.9196168741658,5
3525274,9.852760053585394,8
3525285,9.769677250798152,11
3525294,9.845641717720781,9
3525300,9.890827938436754,6
3525301,10.0,1
3525306,9.90080056763111,5
3525318,9.767301741023582,12
3525327,9.823035456754036,9
3525334,9.859926174181325,7
3525348,9.737834546952573,14
3525359,9.758993388326195,11
3525371,9.734592148073778,12
3525380,9.820628560140735,9
3525389,9.816945679242847,9
3525391,9.984719364540124,2
3525403,9.742053527702575,12
3525409,9.906022296146986,6
3525411,9.972049064056659,2
3525424,9.709878309365125,13
3525429,9.921188740785892,5
3525440,9.79142154361495,11
3525454,9.686814843800876,14
3525459,9.913731227479072,5
3525466,9.899276494969932,7
3525473,9.86456290281343,7
3525486,9.706532007284052,13
3525493,9.88402847202016,7
3525506,9.767568564505934,13
3525511,9.918462274772294,5
3525519,9.857106383019483,8
3525525,9.886641049702288,6
3525531,9.90263376777907,6
3525542,9.765538350997263,11
3525554,9.741093087524135,12
3525568,9.7251869718037,14
3525573,9.911112460503828,5
3525577,9.93284229014476,4
3525585,9.842793946689238,8
3525591,9.896250262301615,6
3525596,9.922784283688586,5
3525604,9.824055215077676,8
3525607,9.956324245494143,3
3525608,10.0,1
3525610,9.973465977797643,2
3525623,9.730871320055291,13
3525624,10.0,1
3525638,9.692311423153186,14
3525652,9.696766457937956,14
3525668,9.649441973740553,16
3525671,9.957739472130076,3
3525677,9.896745526001872,6
3525688,9.763562870743963,11
3525708,8.993499390228704,20
3525723,9.649416389350941,15
3525738,9.668939468017676,15
3525745,9.876005893952462,7
3525752,9.863969403221036,7
3525760,9.842943444835566,8
3525761,10.0,1
3525768,9.876495651136217,7
3525769,9.992728177999924,1
3525771,9.973934837559787,2
3525785,9.677548762623402,14
3525800,9.652386815502766,15
3525806,9.896226664731268,6
3525812,9.88879929681055,6
3525823,9.769218192919393,11
3525829,9.903552655777439,6
3525838,9.83959031500417,9
3525846,9.641643461772095,8
3525852,9.89812014517022,6
3525856,9.943349543509223,4
3525860,9.937219036741627,4
3525873,9.727497210063966,13
3525887,9.75102612872927,14
3525899,9.751140980961846,12
3525906,9.857513574754204,7
3525917,9.794374020659294,11
3525924,9.858990012143577,7
3525929,9.921916112256469,5
3525944,9.689380079669363,15
3525948,9.933209811033313,4
3525960,9.776251913981897,12
3525964,9.948696074018644,4
3525965,9.99294148514131,1
3525975,9.801338132360707,10
3525981,9.883504952006355,6
3525987,9.89399070055064,6
3526005,9.498010683465738,18
3526014,9.810208640242163,9
3526018,9.94373495247722,4
3526036,9.584103460687366,18
3526053,9.591745198723,17
3526067,9.705986501961945,14
3526077,9.780415036257365,10
3526088,9.76394873501388,11
3526096,9.852102637855747,8
3526107,9.813466531298593,11
3526112,9.904407143010365,5
3526122,9.788892791765338,10
3526131,9.789165820641394,9
3526136,9.918425397907795,5
3526142,9.901494006538917,6
3526156,9.675270138954636,14
3526165,9.620094386279218,9
3526172,9.884073661539786,7
3526187,9.696908479663762,15
3526194,9.870484391687608,7
3526199,9.92499790990346,5
3526219,9.595459822192916,20
3526227,9.854895683350108,8
3526245,9.621388891561917,18
3526255,9.815852247505852,10
3526271,9.297653235657906,16
3526276,9.926667019853964,5
3526277,10.0,1
3526290,9.389498261897119,13
3526292,9.971063002769906,2
3526293,10.0,1
3526299,9.895598023170288,6
3526310,9.756437594108299,11
3526316,9.78696103175102,6
3526325,9.814541720709352,9
3526336,9.743057058507574,11
3526347,9.746567545763673,11
3526360,9.719867613485537,13
3526375,9.45335960069125,15
3526382,9.876414652343689,7
3526396,9.701288246643347,14
3526415,9.589572025928462,19
3526422,9.862934684868396,7
3526429,9.871238679835153,7
3526443,9.757022394120796,14
3526451,9.830577829342245,8
3526465,9.701351441893342,14
3526473,9.866137958840417,8
3526483,9.79201620889466,10
3526489,9.8851809835577,6
3526495,9.902130542668782,6
3526502,9.694585136377519,7
3526511,9.808715411336225,9
3526517,9.888141343593015,6
3526530,9.724020243433575,13
3526537,9.88735107619624,7
3526548,9.762801674626846,11
3526561,9.706293776816935,13
3526571,9.77984130410015,10
3526585,9.700419760291345,14
3526591,9.882225667936455,6
3526599,9.852930068996184,8
3526612,9.705701496045169,13
3526618,9.892672078395696,6
3526626,9.760252149911707,8
3526627,9.996592711780993,1
3526628,10.0,1
3526629,10.0,1
3526630,10.0,1
3526642,9.622286990450881,12
3526658,9.651535153128624,16
3526666,9.843083037581852,8
3526674,9.826568271898184,8
3526686,9.731766593027126,12
3526696,9.775478378814183,10
3526702,9.892683457609463,6
3526709,9.87059551005218,7
3526720,9.756498902224143,11
3526731,9.769372800122227,11
3526743,9.744012912073638,12
3526748,9.921930390816595,5
3526759,9.802925233732102,11
3526773,9.72635965797883,14
3526778,9.923088094687555,5
3526783,9.910955264985517,5
3526784,9.992757652606238,1
3526787,9.947866919926392,3
3526804,9.586764475519507,17
3526808,9.941531315633057,4
3526815,9.846164274441417,7
3526828,9.699932542908064,13
3526837,9.836380666177796,9
3526841,9.937021997231895,4
3526854,9.718143719956892,13
3526864,9.812635504426066,10
3526866,9.974968339277707,2
3526878,9.739361327534041,12
3526888,9.80486529691046,10
3526893,9.918439178603432,5
3526898,9.908880823614796,5
3526906,9.742760193273167,8
3526915,9.812957247422439,9
3526931,9.649063017828778,16
3526943,9.747714364059076,12
3526955,9.71641562098187,12
3526966,9.778699614771483,11
3526978,9.745071942602438,12
3526992,9.693634192827155,14
3526999,9.878000652225255,7
3527002,9.96831977627585,3
3527011,9.834401492522757,9
3527020,9.819584213916889,9
3527032,9.751719483347538,12
3527043,9.77071171665747,11
3527046,9.969370414037973,3
3527047,9.996578175886834,1
3527062,9.627072801635753,15
3527071,9.434417669342103,9
3527078,9.874157663273062,7
3527093,9.649862433130918,15
3527105,9.71335984367777,12
3527114,9.805106724421304,9
3527118,9.933305856813789,4
3527126,9.865011588453834,8
3527134,9.88343081501505,8
3527148,9.598782061846578,14
3527149,10.0,1
3527163,9.709230643547054,14
3527167,9.94008982327261,4
3527180,9.734603602805741,13
3527185,9.904227424018115,5
3527190,9.918629806139595,5
3527201,9.766798242509873,11
3527209,9.843318979195846,8
3527216,9.886980478290438,7
3527226,9.799145858957203,10
3527230,9.944071014740606,4
3527245,9.66109159615862,15
3527252,9.861667059600256,7
3527253,10.0,1
3527266,9.72805725480523,13
3527273,9.878618342337385,7
3527274,10.0,1
3527279,9.92998761541154,5
3527294,9.690984850294425,15
3527300,9.879680841858685,6
3527306,9.798533874105328,6
3527314,9.854440263474098,8
3527320,9.87876275234251,6
3527321,10.0,1
3527331,9.489757464980832,10
3527337,9.905532765439457,6
3527345,9.841651947407014,8
3527350,9.919692139698148,5
3527363,9.714788233704581,13
3527371,9.812659968422402,8
3527383,9.751684573824809,12
3527392,9.840549445040091,9
3527405,9.407773698677623,13
3527416,9.754408119051586,11
3527425,9.804712663756192,9
3527439,9.66591873916143,14
3527444,9.930661246832175,5
3527458,9.72374297454777,14
3527469,9.757170813661558,11
3527481,9.725814298597626,12
3527499,9.610832429186344,18
3527507,9.82771640298898,8
3527514,9.866119351443977,7
3527525,9.754603620248952,11
3527526,10.0,1
3527541,9.676715380053642,15
3527565,9.589241716456542,24
3527571,9.889098098591578,6
3527578,9.859475342491855,7
3527579,10.0,1
3527591,9.753727568349893,12
3527592,10.0,1
3527595,9.962449863163968,3
3527604,9.837657619171841,9
3527611,9.875266972967646,7
3527621,9.794441852739515,10
3527628,9.870805120684967,7
3527642,9.698492138560523,14
3527649,9.854625016276923,7
3527651,9.97374004686948,2
3527652,10.0,1
3527659,9.860329335498681,7
3527671,9.72990280598063,12
3527676,9.909228621293979,5
3527679,9.95873042687772,3
3527683,9.944984171608802,4
3527692,9.81752113185304,9
3527707,9.679067999932707,15
3527708,10.0,1
3527711,9.959237296683595,3
3527723,9.762863144721939,12
3527731,9.83578819361216,8
3527738,9.860706801496884,7
3527739,10.0,1
3527742,9.948710332063651,3
3527743,9.993335624315964,1
3527754,9.7705147790306,11
3527763,9.828867926196725,9
3527773,9.804274639770888,10
3527774,9.992681372486707,1
3527782,9.839481118679611,8
3527784,9.987024641870043,2
3527795,9.762229358857903,11
3527800,9.92688122240939,5
3527814,9.72931673620116,14
3527816,9.972328617650243,2
3527824,9.826810621521275,8
3527837,9.75468049744267,13
3527848,9.767446124741001,11
3527852,9.928065564913235,4
3527859,9.871361349378061,7
3527865,9.889458242254149,6
3527879,9.730278282711755,14
3527886,9.853528524284066,7
3527887,10.0,1
3527896,9.841685355270005,9
3527903,9.888301541524514,7
3527904,10.0,1
3527916,9.727726598822612,12
3527925,9.81316008597806,9
3527929,9.942425497526715,4
3527930,10.0,1
3527939,9.825413810219402,9
3527959,9.515406119102833,20
3527970,9.781397840705662,11
3527977,9.865776770366182,7
3527989,9.750659434772283,12
3528034,-2.2970156387336242,45
3528045,9.745739693827806,11
3528058,9.713992823880236,13
3528073,9.696892776902502,15
3528087,9.663483160788028,14
3528096,9.722631013127774,9
3528103,9.89314728877654,7
3528105,9.976617586847997,2
3528124,9.539252066072752,19
3528132,9.831572591808767,8
3528142,9.82594474545203,10
3528152,9.785969562953316,10
3528158,9.889685139227801,6
3528164,9.900869612324689,6
3528173,9.817536410288167,9
3528184,9.768996302572981,11
3528201,9.650716634865827,17
3528211,9.773889900800636,10
3528212,10.0,1
3528224,9.712489461898576,12
3528234,9.771347026447511,10
3528244,9.779323854730212,10
3528251,9.868819842474597,7
3528256,9.924823592542918,5
3528266,9.804318277787123,10
3528288,9.623076966679669,22
3528297,9.836973280990541,9
3528305,9.867214382097032,8
3528314,9.783059065023366,9
3528320,9.879129059856014,6
3528325,9.930611365881001,5
3528329,9.947147277566117,4
3528335,9.893344230726616,6
3528346,9.809592646801502,11
3528358,9.713268394547462,12
3528359,10.0,1
3528374,9.667400013686425,15
3528383,9.826882976787175,9
3528384,10.0,1
3528394,9.851006901851651,10
3528409,9.271372383404673,15
3528418,9.810031999767872,9
3528428,9.814399857782082,10
3528440,9.757336754172272,12
3528446,9.902716018856289,6
3528451,9.922047745477991,5
3528461,9.812223631455016,10
3528465,9.95174718913091,4
3528467,9.980632727388448,2
3528483,9.646244934237247,16
3528495,9.772923186915362,12
3528498,9.960245697976594,3
3528499,10.0,1
3528512,9.69458155516518,13
3528524,9.78964570381274,12
3528533,9.80843788180436,9
3528534,10.0,1
3528540,9.881839176645201,6
3528551,9.755740492822309,11
3528557,9.89884263973344,6
3528560,9.951255469782224,3
3528566,9.896318705457853,6
3528573,9.873024436985954,7
3528590,9.628338452674571,17
3528595,9.928199826599242,5
3528602,9.886489087003469,7
3528612,9.79390178829583,10
3528622,9.791043964152816,10
3528626,9.944075464812776,4
3528630,9.949889395423282,4
3528631,10.0,1
3528662,9.316936730745729,31
3528667,9.93139389560778,5
3528680,9.68218992450315,13
3528684,9.932920967681145,4
3528690,9.915006935765136,6
3528699,9.819088121697433,9
3528709,9.778852903361116,10
3528719,9.797105279092397,10
3528730,9.750781773473145,11
3528736,9.8803544117377,6
3528742,9.892653612254442,6
3528756,9.74229295542244,14
3528762,9.88631345296048,6
3528771,9.799428746143667,9
3528782,9.781778685392755,11
3528785,9.957245142097658,3
3528800,9.474429150002646,15
3528815,9.54956105890806,15
3528824,9.818021226242637,9
3528837,9.739852698657334,13
3528839,9.973365325625382,2
3528847,9.858877623839547,8
3528852,9.92262614782476,5
3528858,9.904259435215073,6
3528865,9.875101746958403,7
3528870,9.915016803424763,5
3528871,9.996081875553738,1
3528877,9.901205322999848,6
3528885,9.848514512247023,8
3528901,9.658777366846504,16
3528902,9.996187323942017,1
3528903,10.0,1
3528912,9.805966413886726,9
3528921,9.836633505124095,9
3528929,9.849823864482762,8
3528938,9.817307599909023,9
3528942,9.937277434358638,4
3528954,9.765801711428612,12
3528955,10.0,1
3528956,10.0,1
3528971,9.708902952209673,15
3528982,9.773660064265531,11
3528992,9.789197744392872,10
3528998,9.900799105201804,6
3529009,9.762133414616915,11
3529018,9.820858037240752,9
3529023,9.913924668770349,5
3529028,9.921953502317871,5
3529030,9.969875661304329,2
3529039,9.843213142650828,9
3529050,9.757524919270796,11
3529052,9.985465525056101,2
3529062,9.772537629667891,10
3529071,9.827272927409698,9
3529083,9.756813925863119,12
3529103,9.547714143498139,20
3529118,9.588840200990946,15
3529125,9.875241184043128,7
3529140,9.680446885700915,15
3529152,9.748431340615884,12
3529161,9.825458349107638,9
3529170,9.813986407158328,9
3529179,9.800519301805911,9
3529180,10.0,1
3529182,9.97764589686896,2
3529191,9.823272641875658,9
3529198,9.874535131037682,7
3529204,9.903037172528089,6
3529209,9.915470500230612,5
3529222,9.713589057480544,13
3529231,9.848419828968009,9
3529242,9.777040886712761,11
3529251,9.831914204258627,9
3529259,9.861969871804861,8
3529260,10.0,1
3529270,9.783006400580485,10
3529280,9.812575227726034,10
3529287,9.861329546736558,7
3529299,9.720550549993341,12
3529309,9.771156015559155,10
3529321,9.760240387145682,12
3529322,10.0,1
3529334,9.750766050233429,12
3529343,9.829432590329125,9
3529353,9.804924952487614,10
3529362,9.813678262300883,9
3529369,9.869569468606088,7
3529373,9.939922335903704,4
3529387,9.685165555418061,14
3529406,7.501160820298974,19
3529411,9.932481051852182,5
3529416,9.915479821066421,5
3529424,9.836213733421676,8
3529436,9.7452580684951,12
3529445,9.722506271033316,9
3529462,9.609356839349612,17
3529476,9.70356517981637,14
3529491,9.685333822469982,15
3529499,9.876234021829706,8
3529504,9.925997910360998,5
3529514,9.803451935170887,10
3529532,9.48364801897807,18
3529541,9.809585335347055,9
3529546,9.90924213577034,5
3529547,10.0,1
3529553,9.892371997272784,6
3529554,10.0,1
3529568,9.692763581637395,14
3529580,9.746954216429957,12
3529583,9.953315763971615,3
3529587,9.932768272575585,4
3529593,9.905944950263214,6
3529608,9.675836586843694,15
3529615,9.858250596699191,7
3529622,9.881500537325383,7
3529636,9.688185413642675,14
3529646,9.801268778291867,10
3529647,10.0,1
3529648,10.0,1
3529662,9.692138697741699,14
3529670,9.856520184797668,8
3529675,9.921440559774931,5
3529680,9.911522579763105,5
3529687,9.864060404145935,7
3529695,9.845259769894904,8
3529696,9.996538433615356,1
3529703,9.869626454699032,7
3529717,9.682669130946813,14
3529726,9.806001305911918,9
3529737,9.784374415412051,11
3529747,9.805633218519725,10
3529757,9.842743177094267,10
3529768,9.771305492185304,11
3529776,9.84651179539368,8
3529777,10.0,1
3529797,9.57304043914067,20
3529798,10.0,1
3529807,9.814584145446064,9
3529812,9.910510106593858,5
3529817,9.912601831452063,5
3529832,9.681770123626514,15
3529855,9.46453391306003,23
3529867,9.739141631305374,12
3529885,9.550550969878486,18
3529892,9.858285197262674,7
3529897,9.917145002763085,5
3529905,9.83363551469291,8
3529920,9.664518086274331,15
3529925,9.904390562651006,5
3529934,9.824746818813178,9
3529945,9.77584259021133,11
3529951,9.909454884368994,6
3529958,9.88857408085347,7
3529968,9.814131029297847,10
3529972,9.943304972503721,4
3529982,9.801302450528553,10
3529983,10.0,1
3529988,9.89934316987395,5
3529991,9.95904706393516,3
3530003,9.752127465967328,12
3530010,9.86916049127257,7
3530017,9.857348026468076,7
3530030,9.730929988194818,13
3530037,9.86838121900218,7
3530056,9.547189537313843,19
3530057,10.0,1
3530058,10.0,1
3530059,10.0,1
3530067,9.851639798954311,8
3530072,9.818908288566353,5
3530080,9.831827833416884,8
3530081,10.0,1
3530085,9.944284170457465,4
3530086,10.0,1
3530103,9.591834702732347,17
3530104,10.0,1
3530105,10.0,1
3530115,9.796127283195405,10
3530131,9.653137402656698,16
3530134,9.963267839122597,3
3530140,9.68594644309765,6
3530149,9.841928569037902,9
3530157,9.832095579831831,8
3530166,9.822122851177806,9
3530182,9.670189433528822,16
3530193,9.755313176618735,11
3530198,9.931382336630424,5
3530204,9.902517230957583,6
3530205,10.0,1
3530215,9.807910109741146,10
3530223,9.852963425551089,8
3530236,9.701470039442372,13
3530246,9.816631411961902,10
3530261,9.703869621924632,15
3530276,9.682616067424464,15
3530287,9.778356042937073,11
3530302,9.624003577318355,15
3530308,9.918426914641032,6
3530319,9.76649854058302,11
3530329,9.786143989131268,10
3530336,9.851394564152015,7
3530343,9.857612017108517,7
3530347,9.943388796290028,4
3530357,9.807298499084933,10
3530364,9.85620340812558,7
3530377,9.740449501481582,13
3530386,9.828679175007105,9
3530392,9.919064337535069,6
3530396,9.942602233043893,4
3530400,9.943607625154021,4
3530401,10.0,1
3530411,9.800337761299684,10
3530419,9.826846240622396,8
3530427,9.861767472912584,8
3530442,9.66027995879384,15
3530449,9.900437429227194,7
3530450,10.0,1
3530456,9.887676539938308,6
3530462,9.90377805414626,6
3530473,9.76075869689829,11
3530479,9.902385845932349,6
3530489,9.809462442915876,10
3530494,9.913062519122688,5
3530507,9.696769415371142,13
3530508,10.0,1
3530516,9.846498166932735,8
3530524,9.83871691684699,8
3530536,9.730595061269188,12
3530544,9.83751641544566,8
3530553,9.843553191440671,9
3530557,9.930399959935814,4
3530558,10.0,1
3530566,9.839407966742467,8
3530567,10.0,1
3530577,9.77823281878,10
3530585,9.854686675438451,8
3530595,9.7794801047347,10
3530604,9.841185718526049,9
3530615,9.768089842999917,11
3530635,9.297318054766166,20
3530642,9.857484159168836,7
3530655,9.709080324300116,13
3530667,9.745502223052995,12
3530680,9.709087221719257,13
3530681,10.0,1
3530699,9.56004206076478,18
3530712,9.694210931741738,13
3530722,9.820677377133945,10
3530727,9.919091519980254,5
3530731,9.94597105157631,4
3530744,9.764381732532785,13
3530750,9.88907950089816,6
3530756,9.901147733128274,6
3530761,9.913829751111024,5
3530770,9.802171017803024,9
3530780,9.80995741646823,10
3530786,9.878589781736142,6
3530794,9.835358489969698,8
3530814,9.521708537634936,20
3530825,9.772976492374644,11
3530827,9.984947378305613,2
3530835,9.835196551991308,8
3530843,9.841989326012454,8
3530848,9.920971021401318,5
3530856,9.834197206189144,8
3530859,9.963000551624013,3
3530866,9.870796579156448,7
3530867,10.0,1
3530870,9.958197578963324,3
3530879,9.815949282132486,9
3530884,9.908012702022917,5
3530886,9.971400935082166,2
3530895,9.801560172009117,9
3530900,9.925067741330878,5
3530907,9.84865608770805,7
3530917,9.772617048914066,10
3530932,9.590665461167015,15
3530944,9.728363659211176,12
3530949,9.918552650667825,5
3530950,9.989342208743233,1
3530956,9.892545157380606,6
3530967,9.779858081407399,11
3530976,9.812583174837362,9
3530983,9.88340682452528,7
3530988,9.913757637446526,5
3530996,9.658335407157683,8
3531006,9.817926364219453,10
3531010,9.946019213509528,4
3531028,9.625045287691396,18
3531040,9.724029779224344,12
3531044,9.939447065645787,4
3531052,9.827672835225924,8
3531067,9.648597856777133,15
3531075,9.846542269601876,8
3531088,9.705643173772069,13
3531097,9.797419861462444,9
3531101,9.94043896501866,4
3531111,9.75453626637517,10
3531124,9.695117142382648,13
3531125,10.0,1
3531139,9.700713624910122,14
3531140,10.0,1
3531151,9.777177948548546,11
3531159,9.854947522565444,8
3531175,9.633582670378127,16
3531184,9.796425750101989,9
3531195,9.745560174146126,11
3531204,9.864620666547472,9
3531218,9.695963696349867,14
3531220,9.977719270818936,2
3531221,10.0,1
3531223,9.98632368388906,2
3531230,9.889492411148142,7
3531240,9.778231656667824,10
3531248,9.845559379144659,8
3531252,9.945772677981044,4
3531263,9.790083115752738,11
3531271,9.83792616821412,8
3531277,9.886501988953539,6
3531283,9.904790888815565,6
3531291,9.841334086576342,8
3531292,9.989615176239933,1
3531296,9.95041182587234,4
3531300,9.92564368261332,4
3531310,9.774053449636181,10
3531311,10.0,1
3531320,9.805573638044198,9
3531341,9.655045073844986,21
3531353,9.752698223053736,12
3531359,9.908575025171306,6
3531370,9.793594679019147,11
3531376,9.899860457661537,6
3531383,9.854756142793855,7
3531393,9.780231674894052,10
3531394,9.996333888903013,1
3531407,9.7601405746124,13
3531417,9.797073856224085,10
3531424,9.866806407894725,7
3531425,9.996658597345428,1
3531443,9.494771932952535,18
3531451,9.851176906098566,8
3531468,9.579027018522938,17
3531480,9.755405436126397,12
3531486,9.915055644369726,6
3531493,9.87026289641039,7
3531502,9.809109345243595,9
3531507,9.916313579971197,5
3531516,9.843796359993075,9
3531520,9.93843326201274,4
3531526,9.901801204633816,6
3531540,9.678623799362065,14
3531551,9.784165628060444,11
3531561,9.675008159872206,10
3531567,9.90227592045829,6
3531571,9.929434666307385,4
3531581,9.804506969405026,10
3531586,9.935475169402709,5
3531594,9.833524350117077,8
3531599,9.917861843351314,5
3531611,9.7424150273083,12
3531612,10.0,1
3531623,9.758262610456075,11
3531627,9.930373173925574,4
3531628,10.0,1
3531637,9.814850285686244,9
3531641,9.944533408469288,4
3531657,9.64223058600858,16
3531663,9.9017940731277,6
3531676,9.711543014557542,13
3531692,9.65387836076622,16
3531696,9.934828344922906,4
3531700,9.940406434369661,4
3531711,9.789837792990957,11
3531723,9.741633209292596,12
3531731,9.858857441772233,8
3531738,9.89098725624009,7
3531739,10.0,1
3531744,9.914344872375302,5
3531750,9.685465274029008,6
3531761,9.744839851366255,11
3531772,9.828876792043303,11
3531786,9.685705394543781,14
3531795,9.81062489507497,9
3531796,9.993075396560197,1
3531806,9.795876603722187,10
3531816,9.770988348882817,10
3531825,9.840727654301807,9
3531834,9.849992398218001,9
3531847,9.707184592683038,13
3531849,9.972959542321775,2
3531855,9.902664491804948,6
3531859,9.942785361212076,4
3531863,9.942583193090837,4
3531866,9.95975178223577,3
3531881,9.698287158374553,15
3531890,9.794085658970532,9
3531891,10.0,1
3531898,9.90246681261967,7
3531906,9.840741332721512,8
3531911,9.901342362437429,5
3531918,9.842660693006376,7
3531924,9.87945597066018,6
3531932,9.854637306778708,8
3531943,9.752359376200753,11
3531961,9.595854500629471,18
3531971,9.80974529891235,10
3531985,9.71971507550556,14
3531994,9.8017600259262,9
3532001,9.858443600219896,7
3532013,9.735878991131546,12
3532014,10.0,1
3532018,9.938909424001716,4
3532032,9.679304214401892,14
3532036,9.935481191494103,4
3532052,9.606687194628963,16
3532064,9.75432455934507,12
3532068,9.92431488848656,4
3532080,9.643184712801574,12
3532081,10.0,1
3532085,9.933001900870657,4
3532089,9.934472018464596,4
3532090,9.987836942026208,1
3532098,9.862735125142665,8
3532103,9.927384626973527,5
3532104,9.987859690706136,1
3532115,9.76717729684866,11
3532116,10.0,1
3532131,9.657755644426187,15
3532142,9.766698807519463,11
3532147,9.920542833110687,5
3532155,9.828762580711926,8
3532161,9.911433982114362,6
3532167,9.90137965833366,6
3532171,9.936914963940879,4
3532172,10.0,1
3532181,9.816337642082324,9
3532186,9.907454756806056,5
3532194,9.843058239706956,8
3532203,9.816662104593227,9
3532204,10.0,1
3532209,9.90864092216526,5
3532221,9.73942240502985,12
3532227,9.897275762271848,6
3532228,10.0,1
3532229,10.0,1
3532244,9.679747611946995,15
3532245,10.0,1
3532254,9.834961228320239,9
3532266,9.734730919530456,12
3532282,9.648339786606755,16
3532293,9.76551700893946,11
3532304,9.784699678537946,11
3532309,9.907822989433447,5
3532320,9.759190477220985,11
3532332,9.766192865107955,12
3532342,9.805463204635364,10
3532355,9.740290602540473,13
3532357,9.98161914588791,2
3532368,9.775433188941403,11
3532376,9.845823068394777,8
3532391,9.666080573923821,15
3532398,9.878501245825406,7
3532405,9.8808631770752,7
3532416,9.805106423273607,11
3532426,9.798617243573965,10
3532432,9.887381557972324,6
3532438,9.890439207861856,6
3532439,9.996223519315988,1
3532440,9.996755017689146,1
3532451,9.779551766510354,11
3532458,9.884660874050189,7
3532471,9.751318271566202,13
3532478,9.86030788393184,7
3532485,9.8537714297688,7
3532486,10.0,1
3532497,9.81049405702265,11
3532501,9.94323076886622,4
3532510,9.816434532808687,9
3532524,9.658113801962294,14
3532534,9.78898678869759,10
3532535,10.0,1
3532543,9.842525204771874,8
3532544,10.0,1
3532561,9.636325529941066,17
3532564,9.96504450153804,3
3532575,9.76064215541123,11
3532577,9.983014573192092,2
3532578,10.0,1
3532585,9.87100893798208,7
3532589,9.932938080888253,4
3532603,9.685386925700183,14
3532604,9.989730689633062,1
3532609,9.907394965335314,5
3532635,9.312272543608927,26
3532639,9.93511530326595,4
3532644,9.901878672996226,5
3532651,9.861889330558435,7
3532659,9.816460608349047,8
3532663,9.945057337481618,4
3532678,9.655162482264894,15
3532685,9.889721571473093,7
3532694,9.81964969242247,9
3532704,9.79441876776026,10
3532736,2.4948625548440067,32
3532747,9.470139802506361,11
3532751,9.939907714074856,4
3532761,9.780953661127077,10
3532766,9.911429143954226,5
3532776,9.783358633909684,10
3532782,9.900836056034258,6
3532794,9.750129387170436,12
3532803,9.826537179776674,9
3532806,9.959627017534947,3
3532815,9.808495530464086,9
3532831,9.69964244060568,16
3532842,9.801483354954945,11
3532855,8.954768401538962,13
3532864,9.812596979852165,9
3532870,9.880562294073796,6
3532884,9.659459310766147,14
3532892,9.813081722386684,8
3532899,9.876283745100388,7
3532912,9.694856275218823,13
3532925,9.747145728533226,13
3532930,9.913437183132073,5
3532944,9.673289987783537,14
3532954,9.781321251659902,10
3532974,9.595359314227913,20
3532982,9.83495795631114,8
3532988,9.882494500296367,6
3532991,9.950909642827504,3
3532999,9.854084505806888,8
3533001,9.985835547437176,2
3533004,9.966975699232089,3
3533011,9.879420434178884,7
3533018,9.854086798726795,7
3533023,9.909454929138933,5
3533031,9.82599951642063,8
3533039,9.836081490311013,8
3533048,9.822131733989744,9
3533049,10.0,1
3533054,9.93156748423262,5
3533066,9.753944172949483,12
3533080,9.664928525481741,14
3533081,10.0,1
3533088,9.88110236054999,7
3533092,9.955277640714273,4
3533099,9.870458271021867,7
3533109,9.814002566299504,10
3533126,9.51319477777021,17
3533136,9.786322644822395,10
3533147,9.79496405668087,11
3533156,9.802959707408547,9
3533166,9.792663492244625,10
3533169,9.969357376963053,3
3533175,9.901939304269572,6
3533182,9.87228308367441,7
3533190,9.879139165585615,8
3533191,10.0,1
3533201,9.783315812155095,10
3533217,9.658073329464386,16
3533229,9.734202246495784,12
3533234,9.91831906972573,5
3533247,9.714588799208542,13
3533248,10.0,1
3533266,9.564283285370788,18
3533275,9.851633862265452,9
3533285,9.79929468178,10
3533286,10.0,1
3533287,10.0,1
3533293,9.884892784748137,6
3533296,9.952432104073889,3
3533297,10.0,1
3533304,9.85727613973085,7
3533317,9.68458228395369,13
3533327,9.78628684431013,10
3533337,9.777372966530365,10
3533346,9.81918649582765,9
3533356,9.830388522686988,10
3533357,10.0,1
3533857,-212.40477355501417,500
3534357,-213.21283838696644,500
3534379,9.537197010223366,22
3534385,9.907748254433974,6
3534401,9.631087751563584,16
3534407,9.883444029087869,6
3534418,9.792383258146737,11
3534422,9.93107717759029,4
3534432,9.832478920234518,10
3534439,9.886812226134996,7
3534454,9.559151916876589,15
3534465,9.767423987693686,11
3534466,9.989086188636218,1
3534480,9.687029765237407,14
3534483,9.963173276176576,3
3534487,9.93156369757808,4
3534497,9.8098797569484,10
3534508,9.769225388916318,11
3534511,9.961264485541948,3
3534519,9.852193259576177,8
3534527,9.839514166723355,8
3534533,9.89957854843535,6
3534541,9.84973559950594,8
3534544,9.968640773381795,3
3534558,9.730534435861415,14
3534563,9.916257802325227,5
3534572,9.84096199221184,9
3534578,9.899334354680539,6
3534582,9.940796019427356,4
3534589,9.870915488324853,7
3534597,9.852377715744824,8
3534600,9.963757254340411,3
3534614,9.702448550897056,14
3534623,9.797311960462885,9
3534641,9.573803495761341,18
3534651,9.797227969848231,10
3534659,9.831111916611327,8
3534663,9.931977910939132,4
3534670,9.863444257601351,7
3534673,9.954438549862273,3
3534680,9.895693786062488,7
3534684,9.945558359326245,4
3534698,9.1987208286598,14
3534701,9.95819802006009,3
3534713,9.532581656442652,12
3534720,9.879388937967805,7
3534722,9.985535370848226,2
3534729,9.870724705433975,7
3534738,9.810696109037954,9
3534743,9.914624353888334,5
3534750,9.876950252334758,7
3534761,9.778249152219109,11
3534768,9.873845002055251,7
3534779,9.754299326809708,11
3534792,9.749991526785676,13
3534798,9.891244906477901,6
3534799,10.0,1
3534813,9.708383650195145,14
3534817,9.922837026512443,4
3534825,9.848180788744951,8
3534837,9.734187308169844,12
3534845,9.830417682135522,8
3534853,9.83507965333378,8
3534861,9.825822205948034,8
3534865,9.94885320740595,4
3534878,9.71353264826292,13
3534879,10.0,1
3534880,10.0,1
3534890,9.768287623137555,10
3534903,9.71577584922528,13
3534907,9.932437184284376,4
3534908,10.0,1
3534917,9.824932398048983,9
3534923,9.884152816183313,6
3534925,9.984609481237015,2
3534926,9.992268656414632,1
3534928,9.984129097792511,2
3534929,10.0,1
3534937,9.851289814029656,8
3534940,9.958549383174853,3
3534941,9.987411161517205,1
3534945,9.953839028268325,4
3534946,10.0,1
3534952,9.899265854061486,6
3534955,9.962540518421088,3
3534965,9.795581619411044,10
3534973,9.851676817783268,8
3534981,9.822749553699296,8
3534982,9.99575024415196,1
3534987,9.91806516632788,5
3534988,10.0,1
3534993,9.90972400570116,5
3535002,9.80496246729316,9
3535010,9.84784766668928,8
3535021,9.763343921325754,11
3535026,9.914194775460828,5
3535034,9.845471864396723,8
3535035,10.0,1
3535047,9.76267967711479,12
3535055,9.846221865308557,8
3535060,9.914775263257335,5
3535076,9.643196335719306,16
3535086,9.600349894380527,10
3535097,9.747257580531747,11
3535110,9.687570625450702,13
3535120,9.815247513028458,10
3535131,9.768167333697187,11
3535135,9.932834461284916,4
3535143,9.858625405466777,8
3535152,9.828889599571163,9
3535155,9.967616966831548,3
3535156,10.0,1
3535168,9.741296675488714,12
3535175,9.852500516130547,7
3535187,9.72533013513758,12
3535199,9.756046509154412,12
3535212,9.731188565342945,13
3535222,9.771348821864155,10
3535238,9.450642468416175,16
3535250,9.757285543034223,12
3535278,3.8708396197939985,28
3535285,9.848888439844718,7
3535297,9.742179589459406,12
3535306,9.796768841882194,9
3535318,9.768681229449731,12
3535332,9.623562346310012,14
3535351,9.563066977904631,19
3535359,9.829054807596268,8
3535371,9.723324253589057,12
3535380,9.839852477783795,9
3535394,9.657475755370271,14
3535404,9.787108053580432,10
3535414,9.798764333618957,10
3535424,9.824273485801404,10
3535438,9.60615338831621,14
3535449,9.786401754522112,11
3535456,9.878262771358344,7
3535464,9.848646960539238,8
3535467,9.955078863614492,3
3535471,9.93698760241619,4
3535483,9.724641850642314,12
3535487,9.928509151380743,4
3535489,9.974963612963407,2
3535495,9.891393403086319,6
3535502,9.86053505254458,7
3535511,9.800198040042245,9
3535522,9.766660382836085,11
3535525,9.962980798854364,3
3535530,9.926791383859554,5
3535533,9.95506057996248,3
3535540,9.867363730080235,7
3535545,9.90565734518851,5
3535566,9.474022586153476,21
3535573,9.762122980649858,7
3535581,9.631013401067797,8
3535593,9.742444639721148,12
3535596,9.96438832326049,3
3535600,9.94023202989016,4
3535603,9.853286124135526,3
3535615,9.764232354740829,12
3535622,9.888860508368404,7
3535626,9.930128550325641,4
3535637,9.57695752525618,11
3535648,9.759477176585575,11
3535659,9.776252603322352,11
3535670,9.75861123561687,11
3535677,9.895661368835531,7
3535687,9.791176814716021,10
3535698,9.756796579486258,11
3535699,10.0,1
3535702,9.957054438858766,3
3535706,9.93949554885027,4
3535713,9.877342217932119,7
3535721,9.84819987055734,8
3535722,10.0,1
3535733,9.784215163158827,11
3535734,10.0,1
3535744,9.796570617265715,10
3535750,9.886596470800134,6
3535764,9.707890997356278,14
3535777,9.74836713154393,13
3535789,9.76139610404138,12
3535795,9.891503918479094,6
3535801,9.904579352256873,6
3535816,9.671769800314946,15
3535819,9.966625362064784,3
3535827,9.83995657974923,8
3535836,9.823281182875757,9
3535842,9.893055801035722,6
3535849,9.86206085667442,7
3535864,9.693279876096478,15
3535867,9.958849752064353,3
3535873,9.91113697052696,6
3535886,9.714453141308066,13
3535899,9.690281796082678,13
3535914,9.709439787083403,15
3535925,9.659531898369519,11
3535928,9.963192982456814,3
3535935,9.75772913319051,7
3535943,9.763791913777377,8
3535945,9.971822868019842,2
3535955,9.824541663776426,10
3535963,9.8573162561554,8
3535968,9.910137336889226,5
3535976,9.852194658333227,8
3535982,9.903688164152792,6
3535991,9.81568342240872,9
3535999,9.838719647716928,8
3536008,9.594513552070609,9
3536009,10.0,1
3536020,9.761900936731527,11
3536029,9.858583573904594,9
3536035,9.906095471196705,6
3536049,9.675630764023618,14
3536059,9.79891098675418,10
3536071,9.703838571839634,12
3536085,9.695984372254298,14
3536097,9.740179709326211,12
3536104,9.873741268996273,7
3536118,9.69872931064689,14
3536126,9.855068188011186,8
3536141,9.637699521971342,15
3536145,9.923590103766568,4
3536159,9.682866285392347,14
3536170,9.742154855727069,11
3536187,9.582128842230157,17
3536196,9.816161130794741,9
3536197,9.99150703804441,1
3536199,9.978029985098994,2
3536212,9.713129098573734,13
3536219,9.87120497990173,7
3536223,9.940842644334717,4
3536230,9.857799676208977,7
3536239,9.824392708730715,9
3536245,9.312201959928498,6
3536258,9.738238881450302,13
3536269,9.763300425688124,11
3536270,10.0,1
3536276,9.908831499804158,6
3536285,9.80718149604507,9
3536295,9.624998743875397,10
3536296,10.0,1
3536312,9.637135776342479,16
3536319,9.888299115299047,7
3536325,9.889641338972261,6
3536328,9.950181795375947,3
3536330,9.97751845150657,2
3536351,9.48559792948141,21
3536358,9.871661247157983,7
3536359,10.0,1
3536360,10.0,1
3536367,9.893700475333569,7
3536371,9.942897726098751,4
3536372,10.0,1
3536376,9.930616847723991,4
3536387,9.757469652941275,11
3536396,9.822135654329905,9
3536407,9.757356588161551,11
3536420,9.715629398062497,13
3536428,9.834654922383818,8
3536429,10.0,1
3536438,9.839684472746066,9
3536452,9.68897295796276,14
3536453,10.0,1
3536459,9.923018993307785,6
3536466,9.868129708010075,7
3536473,9.87209641970417,7
3536481,9.839359210264515,8
3536490,9.83453184268971,9
3536491,10.0,1
3536507,9.660723893101334,16
3536520,9.716464120153587,13
3536525,9.925565709799624,5
3536526,10.0,1
3536534,9.841525111736727,8
3536542,9.857018066267203,8
3536543,10.0,1
3536551,9.663373428431449,8
3536557,9.91698582352287,6
3536563,9.906160323044169,6
3536572,9.807769147095692,9
3536580,9.832717861220765,8
3536589,9.812703240259049,9
3536603,9.743184016157457,14
3536611,9.832139999584054,8
3536621,9.82203687389738,10
3536630,9.630205901900887,9
3536634,9.950048870748429,4
3536647,9.724052605735245,13
3536656,9.836675758758886,9
3536668,9.728913087161596,12
3536672,9.944798376560644,4
3536673,9.988316483114714,1
3536678,9.913973919789385,5
3536689,9.769894602997223,11
3536692,9.945721568828684,3
3536702,9.767690959570546,10
3536715,9.732838819896074,13
3536724,9.80853629270734,9
3536731,9.865561160961986,7
3536746,9.67535385896693,15
3536757,9.779357328545064,11
3536768,9.75712028637427,11
3536775,9.864885611899169,7
3536781,9.882468878503575,6
3536787,9.880376521268992,6
3536794,9.87322513088104,7
3536805,9.656965041824913,11
3536818,9.712279842798575,13
3536826,9.831671349465282,8
3536837,9.745940083406614,11
3536847,9.81969404704183,10
3536852,9.919148823863061,5
3536865,9.440825243064824,13
3536868,9.956630048969537,3
3536876,9.829278209993575,8
3536883,9.853306956372439,7
3536889,9.871518857026427,6
3536898,9.81847397864423,9
3536905,9.881639359348522,7
3536916,9.74997253953347,11
3536920,9.927544198468887,4
3536927,9.886661485042048,7
3536934,9.87860838500754,7
3536944,9.791835028311283,10
3536955,9.786362718624252,11
3536965,9.82639164237663,10
3536974,9.81367145000009,9
3536986,9.74822415374476,12
3536996,9.799717483738904,10
3537006,9.784472393761856,10
3537019,9.780126209494826,13
3537029,9.796485247191942,10
3537047,9.633058027274158,18
3537052,9.931471997975688,5
3537058,9.889747413342661,6
3537065,9.880780618871556,7
3537078,9.70749254732647,13
3537079,10.0,1
3537087,9.84131437756116,8
3537098,9.7822592409573,11
3537108,9.798872852314773,10
3537112,9.938677141608354,4
3537128,9.626777788883984,16
3537138,9.793163938316852,10
3537146,9.845820570618708,8
3537162,9.704429654356845,16
3537174,9.736136952421647,12
3537187,9.677323762908355,13
3537374,-63.305975904866216,187
3537384,9.507113346832774,10
3537391,9.878241270488363,7
3537410,9.54747840066637,19
3537424,9.531334946380255,14
3537429,9.928282367967368,5
3537430,10.0,1
3537442,9.749585339529695,12
3537454,9.741647477936626,12
3537466,9.74174459600065,12
3537471,9.922759892807651,5
3537485,9.730924190184703,14
3537486,10.0,1
3537490,9.936977289469276,4
3537501,9.771328752266166,11
3537510,9.808660889711662,9
3537522,9.710510986541147,12
3537528,9.890824868260747,6
3537532,9.947634056937874,4
3537544,9.74306950638106,12
3537555,9.766373200285594,11
3537563,9.637661365563972,8
3537573,9.774976882793682,10
3537580,9.873529061291746,7
3537592,9.717184373706141,12
3537604,9.733692038403172,12
3537614,9.811131225608902,10
3537618,9.951287581349149,4
3537631,9.755788953585286,13
3537632,10.0,1
3537641,9.82317286116818,9
3537646,9.925210351321361,5
3537658,9.787960280623453,12
3537665,9.868004381072048,7
3537670,9.919010029596306,5
3537685,9.688667907699605,15
3537686,10.0,1
3537698,9.73737951408346,12
3537710,9.752756869302921,12
3537714,9.934772049490174,4
3537725,9.749081113581374,11
3537730,9.904420611943067,5
3537733,9.957438290554972,3
3537740,9.877438663136672,7
3537745,9.904262986585477,5
3537752,9.871213350686592,7
3537763,9.737807801422758,11
3537764,9.987765427804788,1
3537770,9.890972422226708,6
3537781,9.759283446708146,11
3537792,9.771320394004448,11
3537803,9.736888374884591,11
3537805,9.972603900007137,2
3537809,9.936865275146689,4
3537818,9.858504388052362,9
3537820,9.974667341915652,2
3537833,9.71508200015984,13
3537843,9.795670588505075,10
3537850,9.88579402320304,7
3537861,9.749229499021954,11
3537867,9.89342809416391,6
3537871,9.931512901437026,4
3537879,9.839273553532447,8
3537880,10.0,1
3537892,9.753716005325385,12
3537895,9.949185027492268,3
3537903,9.838366804748842,8
3537912,9.814799139807656,9
3537917,9.912617634164722,5
3537918,10.0,1
3537925,9.858156513734855,7
3537932,9.864244783569614,7
3537935,9.968045965193495,3
3537942,9.858510968645373,7
3537948,9.897289462820115,6
3537957,9.835218942072748,9
3537958,9.988075351846652,1
3537959,10.0,1
3537972,9.699914864373902,13
3537982,9.797241399835007,10
3537989,9.879328137673207,7
3537998,9.820585489958816,9
3538006,9.84856763823172,8
3538016,9.814205819344119,10
3538026,9.791318086678018,10
3538035,9.824255643695135,9
3538047,9.71476747381616,12
3538053,9.897473260680787,6
3538071,9.582362646743835,18
3538076,9.92505567116296,5
3538084,9.856546448939012,8
3538094,9.785461033760502,10
3538102,9.868428070854684,8
3538109,9.859360195972128,7
3538110,10.0,1
3538124,9.6709837030276,14
3538129,9.811109876995625,5
3538141,9.74256933621496,12
3538153,9.726072172639649,12
3538167,9.668126216206254,14
3538175,9.858268133876425,8
3538184,9.799284977204003,9
3538185,10.0,1
3538189,9.938035976922617,4
3538198,9.703346645921252,9
3538210,9.732803028145852,12
3538219,9.83851609221109,9
3538220,10.0,1
3538227,9.887595082183251,7
3538237,9.811472664429752,10
3538244,9.874557364375402,7
3538249,9.919096281223476,5
3538250,10.0,1
3538257,9.877592755571523,7
3538266,9.840546871585628,9
3538275,9.826497295602646,9
3538289,9.688269040256417,14
3538303,9.711797867022074,14
3538317,9.682570377151054,14
3538330,9.72429273448533,13
3538338,9.831886628463431,8
3538345,9.881562398752731,7
3538352,9.882706557150732,7
3538355,9.963716669436463,3
3538364,9.846860658571273,9
3538369,9.907817267168504,5
3538383,9.707573908433117,14
3538384,10.0,1
3538399,9.645410803853657,15
3538409,9.796725467225171,10
3538418,9.844314044711977,9
3538428,9.829613265650066,10
3538441,9.732083139907997,13
3538452,9.794838214185127,11
3538462,9.805398202750908,10
3538475,9.717996973493507,13
3538477,9.974427222683111,2
3538486,9.804766330028706,9
3538493,9.877886254772157,7
3538505,9.731164688735095,12
3538518,9.714809433550618,13
3538525,9.903321136890499,7
3538538,9.727127469069561,13
3538544,9.896001900587175,6
3538547,9.952671099730095,3
3538561,9.671331513324967,14
3538572,9.755048873249809,11
3538585,9.734914608680219,13
3538588,9.963975873724507,3
3538596,9.862928456925351,8
3538606,9.614886313892725,10
3538619,9.697149031893908,13
3538626,9.859581979810628,7
3538640,9.684519873131897,14
3538649,9.805099100608603,9
3538663,9.67952145775664,14
3538675,9.746137775368874,12
3538684,9.806527094309384,9
3538694,9.830715293851885,10
3538697,9.959223698467152,3
3538706,9.803680544016924,9
3538717,9.76926997954881,11
3538718,10.0,1
3538731,9.738350646577295,13
3538739,9.84719171198035,8
3538743,9.937356809675137,4
3538758,9.628605103928473,15
3538769,9.740376857466812,11
3538778,9.818094845437969,9
3538782,9.937685365286248,4
3538787,9.91213368997067,5
3538791,9.944924636093008,4
3538792,9.988865543313967,1
3538800,9.863316637514789,8
3538822,9.518582926664893,22
3538833,9.825476387274634,11
3538846,9.732585404651868,13
3538847,10.0,1
3538855,9.841392365727037,8
3538868,9.724867967809345,13
3538879,9.640002445771161,11
3538891,9.771803063620588,12
3538900,9.815134220132775,9
3538908,9.837869877458697,8
3538921,9.738415225380075,13
3538931,9.768971820538333,10
3538950,9.56013005872003,19
3538957,9.891361871739363,7
3538961,9.940409847517985,4
3538970,9.849175661632497,9
3538984,9.565303430458236,14
3538988,9.934389816520769,4
3538994,9.903953246923763,6
3539005,9.79701533109749,11
3539018,9.72010146892998,13
3539035,9.616119953817076,17
3539039,9.942726591175203,4
3539045,9.711168874729571,6
3539058,9.737840998994246,13
3539064,9.881122249310815,6
3539065,10.0,1
3539076,9.774310464376102,11
3539077,10.0,1
3539082,9.919350725419418,5
3539091,9.807002807309555,9
3539096,9.916047960254984,5
3539104,9.86055440974823,8
3539105,10.0,1
3539113,9.844787626385337,8
3539121,9.86023507453499,8
3539131,9.799468207705273,10
3539137,9.876748009995671,6
3539147,9.807351759311826,10
3539150,9.965065965859326,3
3539161,9.769863261070322,11
3539170,9.825940176490606,9
3539183,9.6838096551276,13
3539184,9.996369405979147,1
3539199,9.666876899100837,15
3539208,9.837226870983876,9
3539213,9.926672847018828,5
3539228,9.630851764696482,15
3539231,9.960905492677737,3
3539238,9.870243044476203,7
3539246,9.822994324900426,8
3539253,9.85839246037084,7
3539258,9.916620293414194,5
3539263,9.919191237122888,5
3539271,9.844299402015322,8
3539272,10.0,1
3539277,9.91588118357343,5
3539283,9.8773943752314,6
3539284,10.0,1
3539289,9.932520133839825,5
3539301,9.741242032112327,12
3539328,8.16320885650812,27
3539329,9.99661821080995,1
3539341,9.737857666344105,12
3539352,9.73877531403503,11
3539357,9.919133834491412,5
3539362,9.91792311081962,5
3539373,9.762727739534807,11
3539380,9.885428262611258,7
3539381,10.0,1
3539387,9.906993389859725,6
3539394,9.853498100928968,7
3539398,9.947237288328592,4
3539408,9.805827308252566,10
3539418,9.771202448886969,10
3539431,9.731423122529344,13
3539441,9.773071762602964,10
3539449,9.879451917208561,8
3539459,9.829722479867826,10
3539465,9.906318154155262,6
3539479,9.670753134031402,14
3539484,9.923336264962355,5
3539505,9.465749640913248,21
3539506,9.989555560614576,1
3539517,9.774623213031456,11
3539530,9.71780277942859,13
3539535,9.910970510308571,5
3539543,9.821648256059246,8
3539548,9.904755346162808,5
3539556,9.845038677747933,8
3539557,10.0,1
3539566,9.822239769277203,9
3539578,9.742703681533548,12
3539581,9.969998807554038,3
3539589,9.851244036043033,8
3539594,9.909017892129322,5
3539603,9.811154508970594,9
3539607,9.942683996505608,4
3539614,9.885749181071091,7
3539622,9.834273134804976,8
3539640,9.070997296619678,18
3539655,9.693307149312648,15
3539663,9.857730346870051,8
3539671,9.849602377736709,8
3539674,9.951177368069454,3
3539686,9.756089594587346,12
3539701,9.674105776269146,15
3539710,9.808505436807051,9
3539721,9.753406427398744,11
3539733,9.744533981689909,12
3539745,9.727415852607502,12
3539753,9.852666485958178,8
3539768,9.680204246684397,15
3539769,10.0,1
3539782,9.710700388868036,13
3539804,9.549758111143795,22
3539812,9.829470028683943,8
3539814,9.984129262046137,2
3539822,9.836568955895125,8
3539823,10.0,1
3539824,10.0,1
3539833,9.81023159368357,9
3539846,9.733864294620375,13
3539863,9.597132085153032,17
3539864,10.0,1
3539877,9.700737002567951,13
3539890,9.700220876161437,13
3539901,9.799233798060968,11
3539905,9.954354229669976,4
3539913,9.841155200793382,8
3539924,9.7877520832607,11
3539929,9.92448546286366,5
3539934,9.907892307959033,5
3539941,9.857895306701923,7
3539947,9.9033605494837,6
3539960,9.720161649308706,13
3539976,9.633490938115047,16
3539986,9.78339487412028,10
3540009,9.403749087812225,23
3540016,9.887766379861155,7
3540020,9.948874522745042,4
3540028,9.826517809319716,8
3540038,9.810158402630218,10
3540048,9.781384224300242,10
3540053,9.91050370627651,5
3540066,9.718601440305171,13
3540072,9.676353588727004,6
3540087,9.683633822441461,15
3540096,9.821167787494863,9
3540111,9.69833355494334,15
3540113,9.985081040946575,2
3540115,9.980495396231442,2
3540121,9.89347444850214,6
3540131,9.751931741733694,10
3540134,9.950661658616799,3
3540139,9.93362624281815,5
3540144,9.932379639453403,5
3540152,9.865883180425906,8
3540158,9.89869399542393,6
3540164,9.89598583684703,6
3540173,9.804733180723652,9
3540186,9.744997524750184,13
3540193,9.867095120989468,7
3540196,9.954670280932739,3
3540205,9.828388958743663,9
3540216,9.774412921654788,11
3540224,9.828731823658721,8
3540239,9.666151640016873,15
3540258,9.54203363715017,19
3540264,9.898743426130613,6
3540276,9.726627736300237,12
3540293,9.607755952950177,17
3540298,9.930922586902177,5
3540308,9.81048748200049,10
3540322,9.721742410124316,14
3540332,9.818166580464528,10
3540335,9.968938659661552,3
3540344,9.850736677252323,9
3540357,9.734234968765485,13
3540368,9.76568924566092,11
3540369,9.99654049713281,1
3540379,9.798613347632172,10
3540388,9.840045337654523,9
3540392,9.93866788833535,4
3540396,9.935659018308407,4
3540411,9.66731707535437,15
3540427,9.655744540688035,16
3540440,9.706670092174752,13
3540449,9.830964379523284,9
3540455,9.90864184968157,6
3540466,9.764397627355828,11
3540480,9.706249052442695,14
3540490,9.833004415509622,10
3540502,9.740109500830068,12
3540516,9.702744737088736,14
3540527,9.762174158030383,11
3540534,9.868703312012132,7
3540540,9.881751414042798,6
3540554,9.67523695033605,14
3540562,9.857489785931424,8
3540568,9.906324954358903,6
3540578,9.782441259030994,10
3540584,9.899280007567503,6
3540595,9.758132208595267,11
3540608,9.720634979246416,13
3540616,9.874374692460469,8
3540629,9.710162265741445,13
3540637,9.849379391246224,8
3540647,9.804528878650354,10
3540654,9.872386413438552,7
3540657,9.966933909800655,3
3540666,9.817739217271932,9
3540671,9.925839164329382,5
3540679,9.825269160458452,8
3540680,10.0,1
3540684,9.940426653815098,4
3540691,9.87185895368295,7
3540702,9.757301577859922,11
3540711,9.8125968480531,9
3540718,9.86875446389869,7
3540721,9.958070682655002,3
3540727,9.910278382806833,6
3540730,9.955195298593992,3
3540738,9.823050422212107,8
3540744,9.903064966371552,6
3540752,9.819670976477274,8
3540760,9.8441759518919,8
3540761,10.0,1
3540768,9.853790858061068,7
3540774,9.90733937897369,6
3540789,9.681087638612993,15
3540793,9.939793013446636,4
3540800,9.79649367150052,7
3540809,9.822829951667632,9
3540813,9.94557038912053,4
3540814,10.0,1
3540818,9.943224816072089,4
3540826,9.844711668559894,8
3540835,9.828661463059422,9
3540841,9.888639823947093,6
3540856,9.689297416081676,15
3540865,9.855789566356371,9
3540872,9.871199516762829,7
3540880,9.842770251466336,8
3540887,9.866259865041023,7
3540891,9.949427672705442,4
3540900,9.800557503048713,9
3540907,9.655468707198944,7
3540918,9.780541102763623,11
3540929,9.77324051629704,11
3540937,9.848881053034805,8
3540939,9.971254213688004,2
3540946,9.881499072204784,7
3540959,9.721269694668063,13
3540972,9.734202680235217,13
3540984,9.724411125136811,12
3540988,9.949253107904063,4
3540992,9.936166499418878,4
3541003,9.766132993274802,11
3541013,9.838994395784136,10
3541018,9.918414224793874,5
3541020,9.976952184511612,2
3541024,9.941572606941564,4
3541025,10.0,1
3541037,9.728572146652333,12
3541044,9.87799920479598,7
3541055,9.796843399009578,11
3541056,10.0,1
3541057,10.0,1
3541064,9.8712684877007,7
3541069,9.913096778876131,5
3541079,9.790874177519678,10
3541080,9.989635407763927,1
3541090,9.784099211913656,10
3541091,10.0,1
3541099,9.819593721598485,8
3541101,9.970530189888978,2
3541102,10.0,1
3541111,9.816916635633424,9
3541124,9.714185532134604,13
3541133,9.825505428601588,9
3541148,9.703968094671206,15
3541152,9.949610528990874,4
3541168,9.593812627132184,16
3541176,9.84109483832897,8
3541186,9.804927441326722,10
3541191,9.915572470828025,5
3541204,9.708653057894793,13
3541207,9.959358358615168,3
3541219,9.763807991179599,12
3541233,9.705222492908254,14
3541241,9.861677412840024,8
3541246,9.913384343093023,5
3541255,9.825342247554486,9
3541274,9.5569674754993,19
3541289,9.723982256620511,15
3541304,9.634114768253902,15
3541329,9.519466688623709,25
3541354,4.265293487252153,25
3541355,10.0,1
3541366,9.76343650098109,11
3541376,9.816678030943942,10
3541381,9.90753479302497,5
3541395,9.694964196230831,14
3541399,9.935866908534138,4
3541406,9.880534202192166,7
3541419,9.702533010688004,13
3541430,9.746878435724684,11
3541443,9.727082382006254,13
3541449,9.89228962215363,6
3541453,9.829963878485373,4
3541464,9.760645040122839,11
3541473,9.815287341317074,9
3541479,9.891477460630236,6
3541480,10.0,1
3541489,9.814478611927447,9
3541496,9.86564265912361,7
3541510,9.691935917461668,14
3541524,9.707230155899262,14
3541530,9.691694402814699,6
3541541,9.666524812823598,11
3541546,9.906868440612369,5
3541554,9.852253439934268,8
3541567,9.721891511834098,13
3541578,9.742819858991302,11
3541581,9.94959107484788,3
3541595,9.672723044301383,14
3541611,9.6537320784298,16
3541614,9.963617748036436,3
3541615,10.0,1
3541626,9.780325404662864,11
3541637,9.764251316973304,11
3541642,9.909754492949514,5
3541650,9.837526224195411,8
3541661,9.764826798853093,11
3541664,9.960944225168545,3
3541676,9.72372027248437,12
3541683,9.859152013128163,7
3541697,9.717868261361915,14
3541700,9.962248786912243,3
3541702,9.97757762318676,2
3541711,9.812001232781503,9
3541721,9.791668700381525,10
3541730,9.848093205169672,9
3541743,9.709944507400937,13
3541745,9.97483792806053,2
3541747,9.973481175364785,2
3541756,9.807759586546716,9
3541770,9.67109764787075,14
3541779,9.813671368661451,9
3541789,9.783071881125641,10
3541790,9.996556863948053,1
3541800,9.796296543487829,10
3541811,9.772898201716906,11
3541822,9.788627516668225,11
3541838,9.654782326781088,16
3541841,9.95306636411029,3
3541853,9.779521906621284,12
3541858,9.903715786355031,5
3541865,9.842641450145287,7
3541874,9.835176575799363,9
3541882,9.838308897239333,8
3541887,9.916499947473408,5
3541889,9.973174371076997,2
3541901,9.77215318720687,12
3541914,9.72977937452222,13
3541918,9.942232403330197,4
3541919,9.99249262290957,1
3541935,9.648568005438335,16
3541941,9.91049618126119,6
3541958,9.624640966640623,17
3541960,9.9703970601969,2
3541963,9.958650794635007,3
3541976,9.753259655724106,13
3541988,9.76515706201565,12
3541989,10.0,1
3541991,9.980660344462734,2
3541998,9.881111624782946,7
3542006,9.87756819516121,8
3542007,10.0,1
3542012,9.93976756524123,5
3542019,9.889838641350522,7
3542030,9.64353428011648,11
3542036,9.89246286552444,6
3542047,9.780947008990713,11
3542052,9.921654684724905,5
3542058,9.922282752374603,6
3542059,10.0,1
3542070,9.771781562875265,11
3542082,9.729496279448478,12
3542095,9.69631137497177,13
3542104,9.835332364884419,9
3542115,9.801819105870626,11
3542124,9.820328458021013,9
3542126,9.971980857699444,2
3542130,9.931511818311268,4
3542140,9.822095716551395,10
3542152,9.603286829629958,12
3542158,9.894069896387533,6
3542159,10.0,1
3542164,9.922147766320482,5
3542175,9.762514044344051,11
3542176,10.0,1
3542188,9.751456419250069,12
3542198,9.771502281583492,10
3542206,9.829486424895839,8
3542212,9.90142536655004,6
3542229,9.580729565059997,17
3542235,9.90786940821265,6
3542245,9.786190827116169,10
3542249,9.936444805963804,4
3542260,9.776652413125948,11
3542263,9.948055688638245,3
3542272,9.828098397580147,9
3542276,9.948592115305603,4
3542280,9.92016804331042,4
3542290,9.618842511285818,10
3542305,9.70207960203056,15
3542314,9.827409235414594,9
3542324,9.784078421547612,10
3542338,9.478383298507152,14
3542340,9.97143012934559,2
3542341,10.0,1
3542347,9.89949463568119,6
3542362,9.664253878543484,15
3542375,9.707760729521768,13
3542381,9.909027773840785,6
3542392,9.667641506563022,11
3542402,9.776262771134885,10
3542409,9.86422978111616,7
3542410,9.995797628411786,1
3542422,9.523021475229944,12
3542425,9.94897165652874,3
3542437,9.735620657075748,12
3542444,9.879079651148345,7
3542461,9.581323634011863,17
3542471,9.790129167328447,10
3542475,9.941873195034491,4
3542483,9.875524594395072,8
3542493,9.598622022634427,10
3542502,9.837274719558932,9
3542509,9.862874610087745,7
3542515,9.89999304327893,6
3542523,9.84229266999815,8
3542525,9.977894747281203,2
3542533,9.871064312660817,8
3542536,9.965337395170563,3
3542545,9.85167155639446,9
3542555,9.777935714479622,10
3542564,9.809521450350683,9
3542569,9.931995860997949,5
3542580,9.79728270167696,11
3542582,9.96973115898073,2
3542586,9.939621170604958,4
3542591,9.925597519143606,5
3542609,9.696516901826419,18
3542627,9.622399861543897,18
3542630,9.949483654636936,3
3542636,9.896751455717544,6
3542644,9.85670857121923,8
3542650,9.908583311635342,6
3542656,9.89941156196931,6
3542669,9.704451753431194,13
3542677,9.856763299655723,8
3542692,9.66376717038472,15
3542704,9.739958663951834,12
3542712,9.845024527986089,8
3542723,9.749859098125732,11
3542725,9.980492469517642,2
3542735,9.810224667609488,10
3542742,9.86257032931879,7
3542752,9.808797465138175,10
3542767,9.673633324394746,15
3542771,9.948177160531683,4
3542781,9.791523216739993,10
3542788,9.847357971277361,7
3542789,10.0,1
3542797,9.827611734684401,8
3542803,9.877221835579133,6
3542812,9.82079730883252,9
3542813,10.0,1
3542819,9.872885865389057,6
3542820,10.0,1
3542831,9.775768180793628,11
3542835,9.929915700945903,4
3542840,9.913648273681707,5
3542851,9.772842263288743,11
3542860,9.825937337916478,9
3542868,9.860207274635828,8
3542869,10.0,1
3542877,9.844542553403095,8
3542884,9.861506014693841,7
3542893,9.819988882068737,9
3542901,9.836358834521397,8
3542905,9.936523052913403,4
3542909,9.933965905496217,4
3542918,9.828327924110766,9
3542932,9.667342807090023,14
3542942,9.810381266369657,10
3542950,9.85789100908037,8
3542957,9.87161464664664,7
3542971,9.693200617179306,14
3542972,10.0,1
3542988,9.736389235798866,16
3542994,9.908040098294379,6
3543000,9.910901418832138,6
3543008,9.842484975605858,8
3543017,9.816020335505108,9
3543029,9.712725377881727,12
3543030,10.0,1
3543042,9.75965645499511,12
3543058,9.623191930215572,16
3543068,9.781874311909263,10
3543073,9.915662342690743,5
3543076,9.959283059855602,3
3543089,9.793472459302633,13
3543106,9.58819755209666,17
3543107,9.991796849547473,1
3543118,9.761062476980669,11
3543131,9.681400387157144,13
3543136,9.913881845359692,5
3543146,9.818626696379308,10
3543157,9.787486286500906,11
3543161,9.927666916759255,4
3543163,9.971496797235723,2
3543166,9.957921836840903,3
3543173,9.859873550578847,7
3543181,9.83955261393503,8
3543182,9.99662704368579,1
3543194,9.78724860221816,12
3543209,9.687664305806198,15
3543220,9.764510636707902,11
3543221,10.0,1
3543222,10.0,1
3543230,9.628264944266634,8
3543236,9.894334079543308,6
3543249,9.784402404342615,13
3543260,9.796203931263777,11
3543262,9.98123922214066,2
3543269,9.864052315928358,7
3543275,9.886508963267715,6
3543276,10.0,1
3543277,10.0,1
3543283,9.885903978608027,6
3543291,9.832199010939997,8
3543301,9.801539211232225,10
3543312,9.737758461342938,11
3543324,9.75570230534592,12
3543348,9.46454614644161,24
3543359,9.761888101894494,11
3543368,9.826081555673333,9
3543373,9.906695160614246,5
3543374,10.0,1
3543385,9.744189929412485,11
3543391,9.896098251300728,6
3543392,9.996267327915513,1
3543396,9.951721800016056,4
3543406,9.785022437738833,10
3543415,9.835143622214199,9
3543418,9.965301993237581,3
3543426,9.831071113445763,8
3543427,10.0,1
3543444,9.651669876633898,17
3543445,9.992136800143745,1
3543451,9.8950178947631,6
3543457,9.880839828650648,6
3543466,9.819195986485024,9
3543476,9.776991292327896,10
3543480,9.935353438534175,4
3543486,9.881667487183892,6
3543500,9.70243545776599,14
3543517,9.627266413128241,17
3543528,9.773079537805605,11
3543531,9.95661039142774,3
3543544,9.71448546827289,13
3543545,10.0,1
3543555,9.789458832182708,10
3543564,9.839121981477128,9
3543577,9.718336300222134,13
3543584,9.88870351756064,7
3543593,9.814228344242963,9
3543599,9.879862732885893,6
3543608,9.813574972394616,9
3543624,9.60554675430336,16
3543631,9.875639361576498,7
3543640,9.80656089718441,9
3543649,9.8134021424904,9
3543653,9.945196234312801,4
3543664,9.792654149231197,11
3543671,9.877212783454574,7
3543680,9.813426625840698,9
3543687,9.878254465317369,7
3543700,9.70946757984374,13
3543701,10.0,1
3543712,9.559419571601728,11
3543722,9.507580556439224,10
3543733,9.79440671974625,11
3543745,9.7250108025024,12
3543754,9.81035506854461,9
3543757,9.960700950033685,3
3543758,10.0,1
3543762,9.931917365591849,4
3543783,9.58754228984711,21
3543789,9.907852818775552,6
3543790,10.0,1
3543799,9.797160098846211,9
3543806,9.86967475947316,7
3543820,9.754724292485403,14
3543835,9.65763179547685,15
3543850,9.721463297578133,15
3543851,10.0,1
3543852,10.0,1
3543867,9.604638371589466,15
3543881,9.697774948863971,14
3543894,9.719735468013319,13
3543911,9.615995097644683,17
3543912,10.0,1
3543923,9.743023919662054,11
3543932,9.829037541590901,9
3543944,9.738764482013213,12
3543950,9.904253846503606,6
3543959,9.81526105643917,9
3543964,9.924350635105148,5
3543977,9.701601272719843,13
3543982,9.913233203918864,5
3543987,9.917875225562678,5
3543994,9.878144715865002,7
3544017,9.51664081738573,23
3544032,9.694407837728546,15
3544033,10.0,1
3544042,9.802476911591363,9
3544043,9.989384022936173,1
3544054,9.807993242848678,11
3544062,9.84755368496723,8
3544079,9.578645247290051,17
3544090,9.748447036631925,11
3544100,9.819771031297986,10
3544113,9.492955357779971,13
3544115,9.98325087772018,2
3544120,9.924041317356414,5
3544125,9.92359961006683,5
3544135,9.799977193618913,10
3544143,9.864419436241374,8
3544156,9.725922551768893,13
3544168,9.740243467801454,12
3544175,9.874427131904664,7
3544180,9.915172549527302,5
3544196,9.648366243594136,16
3544203,9.870046084006654,7
3544209,9.891891480429381,6
3544220,9.779376198331855,11
3544231,9.751815828689535,11
3544240,9.82261982347061,9
3544246,9.896884476015213,6
3544256,9.832578459920194,10
3544262,9.880786344858825,6
3544272,9.790436875961662,10
3544281,9.799898554396231,9
3544287,9.897292551123208,6
3544297,9.771430421876923,10
3544304,9.858640961154336,7
3544311,9.89186652559191,7
3544325,9.727194610381149,14
3544329,9.941418723126437,4
3544342,9.727690269870237,13
3544352,9.798942937509711,10
3544363,9.8071785009383,11
3544378,9.671295428531483,15
3544384,9.898570878291558,6
3544393,9.843336139912031,9
3544404,9.6743327916315,11
3544414,9.829465275529651,10
3544426,9.758228764226855,12
3544436,9.790343742185883,10
3544445,9.823174019992074,9
3544468,9.56860839946488,23
3544477,9.816529244353777,9
3544483,9.889260547510025,6
3544500,9.573644049350705,17
3544501,10.0,1
3544507,9.89809170622695,6
3544509,9.980867319694037,2
3544519,9.795903290646724,10
3544527,9.852337956367304,8
3544537,9.789566254351705,10
3544544,9.872647887655356,7
3544555,9.760731229655203,11
3544568,9.735534750098203,13
3544571,9.953223532879337,3
3544572,10.0,1
3544582,9.784465532645147,10
3544588,9.898423234247854,6
3544592,9.948874457106848,4
3544606,9.66505948980356,14
3544615,9.822665597404448,9
3544628,9.725867555425673,13
3544629,10.0,1
3544637,9.853701596989472,8
3544645,9.861405825404294,8
3544658,9.710038391763165,13
3544670,9.733415382106788,12
3544680,9.777079143649337,10
3544683,9.963187173647775,3
3544691,9.871997044260203,8
3544701,9.771859276344498,10
3544716,9.681456063794249,15
3544722,9.892839450791543,6
3544732,9.795024939127114,10
3544748,9.656586853150094,16
3544751,9.951016975624311,3
3544756,9.932219355880683,5
3544757,10.0,1
3544768,9.767248967556606,11
3544777,9.813021579020567,9
3544784,9.876285500143352,7
3544788,9.950752882327745,4
3544792,9.940246094123982,4
3544795,9.956329516448776,3
3544803,9.860462914872151,8
3544816,9.763943970836678,13
3544828,9.729391001468326,12
3544839,9.773056491856167,11
3544844,9.911472779544265,5
3544850,9.894382611169677,6
3544862,9.744770131146183,12
3544863,10.0,1
3544872,9.831652016639959,9
3544881,9.814656579042639,9
3544897,9.671997628673127,16
3544902,9.903581777176267,5
3544910,9.869068389528968,8
3544911,10.0,1
3544912,10.0,1
3544925,9.705308230273374,13
3544926,10.0,1
3544932,9.88958768713202,6
3544934,9.977075532812062,2
3544946,9.72657292675445,12
3544951,9.930823817572708,5
3544962,9.763031020417735,11
3544970,9.846794142084512,8
3544973,9.957870014013881,3
3544984,9.769900233165687,11
3544991,9.880599850866929,7
3544997,9.878730430168043,6
3544998,10.0,1
3545007,9.836766950015898,9
3545016,9.820362883638921,9
3545017,10.0,1
3545022,9.913339397576634,5
3545037,9.657831421078342,15
3545049,9.732567133725567,12
3545057,9.846301533844997,8
3545064,9.870634176147263,7
3545065,9.98802946025715,1
3545076,9.658661113345403,11
3545084,9.82341010545364,8
3545090,9.900226885020334,6
3545096,9.903068195986883,6
3545101,9.919313088231085,5
3545102,10.0,1
3545112,9.787973381510296,10
3545113,10.0,1
3545125,9.763097168582297,12
3545140,9.609262672132626,15
3545156,9.617539793047406,16
3545165,9.801503868908398,9
3545174,9.848896582943413,9
3545175,10.0,1
3545190,9.675181981025244,15
3545197,9.874883580908628,7
3545211,9.682547678658665,14
3545215,9.941662940527173,4
3545226,9.770207857618704,11
3545234,9.837856647594583,8
3545242,9.841740160134217,8
3545243,10.0,1
3545255,9.73895364168614,12
3545269,9.67557256687616,14
3545275,9.894990982156104,6
3545283,9.855106631189983,8
3545296,9.714142929965941,13
3545301,9.912785377926024,5
3545310,9.808883051978956,9
3545322,9.742725056125773,12
3545326,9.936346942365356,4
3545330,9.940777595263615,4
3545340,9.795287108428369,10
3545343,9.96790672683025,3
3545345,9.979215824701077,2
3545350,9.918565434431272,5
3545357,9.680922161427878,7
3545366,9.853414557139129,9
3545373,9.850943987710153,7
3545374,10.0,1
3545386,9.734644605755275,12
3545393,9.868526732254429,7
3545407,9.716588767848021,14
3545422,9.688507639153755,15
3545431,9.82007802208286,9
3545439,9.849645455616473,8
3545457,9.606591525349787,18
3545475,9.623283800472672,18
3545480,9.911488872085148,5
3545492,9.714082406183591,12
3545500,9.829148426163988,8
3545516,9.660821456352398,16
3545517,10.0,1
3545518,10.0,1
3545536,9.606637362779617,18
3545537,10.0,1
3545551,9.647808063243327,14
3545564,9.606625479400192,13
3545570,9.886055516764714,6
3545580,9.79870084639381,10
3545595,9.672918792775215,15
3545601,9.899247956284023,6
3545605,9.957897734430597,4
3545606,10.0,1
3545618,9.741667220552301,12
3545625,9.868149126005678,7
3545628,9.960354303938436,3
3545630,9.97330265850047,2
3545636,9.91185022941481,6
3545643,9.877618586790026,7
3545644,10.0,1
3545651,9.854205975830647,7
3545657,9.899542799876569,6
3545669,9.76018648603609,12
3545689,9.574719718530135,20
3545697,9.861825757354802,8
3545711,9.724010850204227,14
3545718,9.885304259254536,7
3545723,9.930355790800691,5
3545738,9.658228576683195,15
3545751,9.549907297870872,13
3545765,9.71319195920868,14
3545774,9.819256895624168,9
3545780,9.902597944857126,6
3545785,9.91406877974066,5
3545797,9.740953970028302,12
3545798,10.0,1
3545811,9.722286614696499,13
3545814,9.958529601062713,3
3545818,9.937352529037264,4
3545825,9.882900023347446,7
3545843,9.508739750777334,18
3545856,9.69635835628556,13
3545870,9.59851000672422,14
3545879,9.813147732717475,9
3545885,9.898120585743793,6
3545893,9.861054635752387,8
3545903,9.780105065297267,10
3545912,9.810145190667,9
3545923,9.747110572793103,11
3545926,9.959687104442832,3
3545941,9.65033380343693,15
3545942,10.0,1
3545952,9.795957163050502,10
3545958,9.895383948451888,6
3545970,9.757223225714617,12
3545976,9.891751682088797,6
3545982,9.895175794335495,6
3545987,9.914914158828811,5
3545993,9.915785591856421,6
3546002,9.804128293994362,9
3546013,9.790705393203769,11
3546018,9.912584312320183,5
3546021,9.965103275436393,3
3546032,9.556951834286517,11
3546049,9.64664106976651,17
3546056,9.884554770340374,7
3546059,9.9601823648221,3
3546060,10.0,1
3546087,9.484727681975134,27
3546093,9.88031217343138,6
3546111,9.562208237619304,18
3546117,9.888404037368907,6
3546123,9.899531396319807,6
3546131,9.834059966834314,8
3546146,9.687529694792797,15
3546156,9.82489126244118,10
3546165,9.8224058333581,9
3546172,9.902523716800356,7
3546179,9.862025338011053,7
3546187,9.847796965110128,8
3546199,9.7502425013135,12
3546210,9.770546806578524,11
3546225,9.672976352434576,15
3546234,9.813613107222677,9
3546237,9.966348925933092,3
3546238,10.0,1
3546247,9.81636951826976,9
3546256,9.811597062486522,9
3546265,9.803558888197044,9
3546267,9.97998952947663,2
3546281,9.645438243588487,14
3546287,9.897073504736685,6
3546299,9.722213711204217,12
3546306,9.862884666232485,7
3546318,9.44309792020157,12
3546327,9.830362802317206,9
3546339,9.764831420965647,12
3546341,9.985011080654182,2
3546350,9.829546158333196,9
3546355,9.911030342987091,5
3546356,10.0,1
3546362,9.914538097487085,6
3546372,9.677001073337802,10
3546386,9.698607303695011,14
3546398,9.74701033880646,12
3546407,9.797014063567243,9
3546414,9.899631229471705,7
3546418,9.943002844632115,4
3546422,9.936942788372432,4
3546423,10.0,1
3546433,9.794438840977314,10
3546438,9.917149095876571,5
3546450,9.736462370180305,12
3546461,9.790878288534442,11
3546472,9.796269496008843,11
3546480,9.851506008094068,8
3546487,9.88256697151959,7
3546498,9.777318978078844,11
3546505,9.857552974104998,7
3546515,9.796714923464528,10
3546527,9.715121662211661,12
3546540,9.686544161148378,13
3546550,9.802933293007442,10
3546552,9.97830611142832,2
3546556,9.928000062859942,4
3546567,9.775135080571145,11
3546578,9.74645735678365,11
3546584,9.910658234047292,6
3546591,9.86256140300824,7
3546603,9.750199973517375,12
3546615,9.766296416973171,12
3546622,9.854829477073901,7
3546623,10.0,1
3546637,9.674464458687128,14
3546646,9.785987848568022,9
3546662,9.67777381945631,16
3546663,10.0,1
3546664,10.0,1
3546677,9.725786029851076,13
3546683,9.8823617960523,6
3546692,9.815183986194533,9
3546699,9.8492046948569,7
3546709,9.76902868384585,10
3546723,9.608549552584185,14
3546729,9.891819189429153,6
3546734,9.895209358614123,5
3546735,10.0,1
3546745,9.806731618128016,10
3546754,9.808366337751753,9
3546756,9.97865109662024,2
3546766,9.597830690354039,10
3546777,9.755025214599586,11
3546784,9.873372408214408,7
3546795,9.752964516637475,11
3546802,9.883176129471048,7
3546815,9.722561779619692,13
3546822,9.852247214173698,7
3546833,9.751615089066709,11
3546839,9.895870877075794,6
3546843,9.942669208296874,4
3546858,9.714644161469295,15
3546869,9.766158444559172,11
3546870,10.0,1
3546882,9.771045457326265,12
3546886,9.932326068647084,4
3546889,9.953388707054858,3
3546904,9.644268865797649,15
3546915,9.767952192640855,11
3546924,9.818430846531404,9
3546930,9.876951581164896,6
3546931,10.0,1
3546942,9.573788865507769,11
3546946,9.945235984270472,4
3546950,9.932847842672384,4
3546951,10.0,1
3546959,9.856701601587956,8
3546968,9.811743651755958,9
3546981,9.748683776289178,13
3546991,9.776811274941899,10
3546997,9.897505070738081,6
3547007,9.769768348251377,10
3547011,9.932883538022686,4
3547018,9.682405858152695,7
3547027,9.834364432451157,9
3547053,9.486741503722152,26
3547060,9.855970467185701,7
3547070,9.777920575465037,10
3547090,9.53731871370943,20
3547103,9.70998673984542,13
3547110,9.853671900983581,7
3547116,9.897933912679925,6
3547121,9.905223450733118,5
3547127,9.880817980845677,6
3547139,9.749093814926095,12
3547150,9.782248641882601,11
3547159,9.802301278630154,9
3547169,9.778202814973811,10
3547175,9.895837620681856,6
3547191,9.603233076601294,16
3547199,9.86279260274587,8
3547200,10.0,1
3547201,10.0,1
3547202,10.0,1
3547209,9.857914191615837,7
3547215,9.888500050119834,6
3547224,9.822081365626193,9
3547235,9.752865893704692,11
3547246,9.766975604674592,11
3547255,9.817091589684619,9
3547266,9.772865775839914,11
3547292,9.475994371177148,26
3547294,9.971729785021036,2
3547295,10.0,1
3547296,10.0,1
3547313,9.609611754321476,17
3547325,9.72583721323938,12
3547330,9.919132610570298,5
3547331,10.0,1
3547344,9.713260185595333,13
3547346,9.980031969603722,2
3547356,9.782937544692183,10
3547371,9.653062557331344,15
3547376,9.917358909328264,5
3547385,9.809027452145008,9
3547395,9.79311315513825,10
3547401,9.908087399279129,6
3547408,9.871088131912847,7
3547421,9.72461471908709,13
3547437,9.625188463430087,16
3547444,9.883698634184917,7
3547453,9.838026339805072,9
3547459,9.883948672917139,6
3547470,9.241521283455224,11
3547473,9.951784055683586,3
3547480,9.895515744047644,7
3547491,9.75775762635773,11
3547506,9.651036400352421,15
3547507,10.0,1
3547516,9.82809234170055,9
3547524,9.84968415364786,8
3547538,9.688015078597354,14
3547544,9.886352080205114,6
3547550,9.89052792453946,6
3547556,9.691894811986112,6
3547558,9.969930954269069,2
3547566,9.860001826117502,8
3547578,9.719652520215863,12
3547584,9.889528711560665,6
3547589,9.91278285974117,5
3547600,9.768153714032042,11
3547612,9.742854192530654,12
3547617,9.912304343136993,5
3547618,10.0,1
3547632,9.713099672789719,14
3547638,9.901125537238164,6
3547650,9.76636766538919,12
3547656,9.878155487000148,6
3547663,9.87623767567134,7
3547673,9.80222451755219,10
3547689,9.630547008934094,16
3547703,9.673296364115327,14
3547715,9.537474272400111,12
3547729,9.69154997024838,14
3547735,9.882367734811153,6
3547752,9.597095421740926,17
3547763,9.801844685272377,11
3547769,9.888525786908861,6
3547778,9.8254165906423,9
3547782,9.938824362144945,4
3547788,9.901633996056672,6
3547795,9.865594906669402,7
3547796,10.0,1
3547811,9.626440426248998,15
3547818,9.868723468820232,7
3547824,9.885330365087365,6
3547832,9.829781857304992,8
3547841,9.842387238974768,9
3547860,9.56215528340886,19
3547866,9.912307843115906,6
3547888,9.590175648067572,22
3547889,10.0,1
3547894,9.923473590748797,5
3547906,9.736349209614634,12
3547916,9.787731692185531,10
3547925,9.83489784078339,9
3547934,9.858003939659893,9
3547951,9.642281500578965,17
3547960,9.848887802399826,9
3547969,9.822900600605001,9
3547973,9.937840925588207,4
3547980,9.888695998637482,7
3547992,9.75112094061942,12
3548003,9.757639447287113,11
3548017,9.694358099854028,14
3548027,9.809578562205525,10
3548040,9.727381476724787,13
3548052,9.728842518775878,12
3548064,9.755159318831105,12
3548075,9.758160803110556,11
3548085,9.79749230559197,10
3548091,9.901186520894795,6
3548100,9.852125928797983,9
3548112,9.738867986008069,12
3548124,9.768732949146619,12
3548127,9.959698453288775,3
3548131,9.936991311303206,4
3548143,9.766070526801595,12
3548152,9.845753848804447,9
3548163,9.788728526547116,11
3548176,9.745376129865182,13
3548186,9.791854974718518,10
3548193,9.85425839679348,7
3548204,9.786299093280212,11
3548213,9.84399541103086,9
3548222,9.81754274257575,9
3548227,9.908157003575392,5
3548237,9.801300474307142,10
3548247,9.798947917375552,10
3548253,9.87088725301549,6
3548263,9.809263393994053,10
3548264,10.0,1
3548265,10.0,1
3548267,9.974979119102702,2
3548274,9.850303312061875,7
3548282,9.833955385946457,8
3548283,10.0,1
3548288,9.92097110925317,5
3548301,9.727248625748125,13
3548317,9.644995557820481,16
3548318,10.0,1
3548322,9.936088272072586,4
3548328,9.890909363259356,6
3548338,9.792488181962046,10
3548348,9.80788239939978,10
3548360,9.71958516761882,12
3548362,9.971598818704283,2
3548374,9.741212469741242,12
3548387,9.719634932571717,13
3548398,9.759093062463808,11
3548410,9.751391106955682,12
3548427,9.608525384030612,17
3548434,9.850691547978222,7
3548442,9.83795560209092,8
3548449,9.862858088319394,7
3548450,10.0,1
3548457,9.883464780455753,7
3548471,9.673437809152517,14
3548479,9.832963200604945,8
3548491,9.753421245780824,12
3548503,9.750339063157895,12
3548507,9.946521108641466,4
3548525,9.611199112489976,18
3548544,9.680497379766067,19
3548559,9.482022721535778,15
3548565,9.892941511689743,6
3548575,9.779239262794698,10
3548579,9.94671898809222,4
3548590,9.753349101954862,11
3548595,9.900204579333531,5
3548601,9.891123722333246,6
3548602,10.0,1
3548611,9.810849528872954,9
3548628,9.49424295931593,17
3548643,9.691630468278047,15
3548655,9.738880640523353,12
3548667,9.715887742029679,12
3548668,10.0,1
3548682,9.691612302523264,14
3548684,9.979162013072216,2
3548686,9.972143564212155,2
3548694,9.866914177525208,8
3548702,9.842394071150279,8
3548706,9.951529777867991,4
3548714,9.86945159170548,8
3548718,9.934993343288676,4
3548724,9.892381487003536,6
3548729,9.916733027055967,5
3548738,9.801160693156667,9
3548741,9.940738850297452,3
3548752,9.79325226405674,11
3548753,10.0,1
3548754,9.989437443884196,1
3548763,9.828826660736757,9
3548776,9.683716714024325,13
3548786,9.77455191188804,10
3548792,9.886842543975739,6
3548796,9.95782080309618,4
3548813,9.424006360560824,17
3548817,9.941009492776203,4
3548824,9.873063192637492,7
3548832,9.84197870768537,8
3548833,10.0,1
3548847,9.653408269933342,14
3548848,10.0,1
3548857,9.856446480056913,9
3548865,9.859497317746293,8
3548874,9.823771799475336,9
3548878,9.938884611647373,4
3548884,9.896981950964335,6
3548899,9.631721795334316,15
3548915,9.67959374553123,16
3548920,9.928976975212427,5
3548927,9.847624321946974,7
3548939,9.751360276631749,12
3548946,9.883549584703317,7
3548957,9.756687621032633,11
3548973,9.655038505685562,16
3548974,10.0,1
3548981,9.47157305580876,7
3548991,9.776676243596935,10
3548994,9.954279423340282,3
3549003,9.822714318611222,9
3549019,9.642188654463816,16
3549029,9.789056452518155,10
3549039,9.81141009815674,10
3549040,10.0,1
3549041,9.99250872517294,1
3549049,9.759099367213933,8
3549063,9.702150295379438,14
3549064,10.0,1
3549071,9.860266535933846,7
3549085,9.65064670682015,14
3549091,9.884475651932142,6
3549095,9.939426543791182,4
3549096,10.0,1
3549097,10.0,1
3549107,9.813054291606337,10
3549110,9.947772842751686,3
3549117,9.852634953930917,7
3549128,9.806409829143396,11
3549144,9.687798783195873,16
3549159,9.676719127929928,15
3549164,9.933199767100385,5
3549174,9.80911240145791,10
3549175,9.996584306868558,1
3549182,9.864084576248267,7
3549193,9.775791472928908,11
3549198,9.9213956793684,5
3549211,9.714548650694828,13
3549224,9.720934071712154,13
3549225,10.0,1
3549231,9.88655282827715,6
3549236,9.905714577688599,5
3549242,9.8844797007005,6
3549255,9.716497806990418,13
3549261,9.884117179768278,6
3549269,9.842045513287086,8
3549278,9.787459557860522,9
3549283,9.910935917199238,5
3549287,9.949874875666211,4
3549291,9.949407345894585,4
3549301,9.816309512326072,10
3549302,10.0,1
3549308,9.883468302410549,6
3549310,9.981395716476491,2
3549313,9.952006945649897,3
3549315,9.972935233829102,2
3549321,9.876448573528045,6
3549325,9.943852882837419,4
3549332,9.854038022228359,7
3549340,9.847209678017139,8
3549353,9.724466668168906,13
3549359,9.888942759334983,6
3549369,9.80415033848115,10
3549374,9.934663267580023,5
3549375,10.0,1
3549384,9.811758478472589,9
3549390,9.798562099429821,6
3549401,9.814770532446802,11
3549407,9.896858472175483,6
3549419,9.728916322762554,12
3549424,9.905227747171518,5
3549430,9.89282935378348,6
3549434,9.941084785579527,4
3549443,9.805443915348263,9
3549449,9.87673023937931,6
3549454,9.927371873083812,5
3549463,9.839969411460185,9
3549469,9.886241011492478,6
3549485,9.674669359653876,16
3549498,9.732166301207288,13
3549505,9.873134073639713,7
3549516,9.752589947954887,11
3549526,9.80461905593314,10
3549534,9.844099934549131,8
3549545,9.777357272967928,11
3549548,9.952936236156152,3
3549554,9.880889265523003,6
3549562,9.845755344111861,8
3549573,9.767759441759765,11
3549582,9.813349217137448,9
3549590,9.845336051627054,8
3549600,9.775655422412777,10
3549607,9.869270642027782,7
3549619,9.719575996949203,12
3549630,9.751682408694231,11
3549639,9.822458910935937,9
3549650,9.760209187309336,11
3549653,9.951530268334688,3
3549666,9.742138592695147,13
3549667,10.0,1
3549673,9.892224440683046,6
3549683,9.785833818573796,10
3549688,9.922571502329898,5
3549699,9.76406876458952,11
3549707,9.839891813765819,8
3549714,9.873241969439013,7
3549727,9.716393906562438,13
3549728,10.0,1
3549739,9.761722396282515,11
3549742,9.945270342076451,3
3549748,9.895609921130694,6
3549763,9.685264457377176,15
3549764,10.0,1
3549771,9.852341994370223,7
3549780,9.835941041619822,9
3549792,9.776043653638052,12
3549797,9.926379093737648,5
3549800,9.960805337223725,3
3549802,9.979256902453331,2
3549813,9.782811728815723,11
3549824,9.73664956653002,11
3549830,9.911682980374712,6
3549841,9.772962262269466,11
3549848,9.863409528861403,7
3549854,9.888067854381475,6
3549864,9.702367144176122,10
3549874,9.760564796328989,10
3549875,10.0,1
3549885,9.802708064108923,10
3549894,9.804621644099438,9
3549897,9.962991136928139,3
3549905,9.84159929897596,8
3549917,9.729227662961778,12
3549924,9.869878995336617,7
3549930,9.886095161687974,6
3549938,9.824036271709922,8
3549957,9.570867727461241,19
3549963,9.886336841354352,6
3549973,9.826648535714694,10
3549981,9.841152426926874,8
3549986,9.902616802010646,5
3549992,9.69033823329904,6
3550003,9.740368803183822,11
3550007,9.938639917781734,4
3550013,9.898532173712624,6
3550014,10.0,1
3550027,9.686920732763197,13
3550030,9.951291165418997,3
3550042,9.734076193320188,12
3550059,9.605043801839022,17
3550069,9.807800909011187,10
3550077,9.845244821975175,8
3550088,9.784560321477215,11
3550094,9.899162802432562,6
3550104,9.802384787971818,10
3550105,9.988817414431184,1
3550112,9.462846735500674,7
3550116,9.940514592770327,4
3550121,9.918219885868615,5
3550128,9.872585428266119,7
3550145,9.651899003749913,17
3550167,9.51664074383997,22
3550177,9.793736351840215,10
3550190,9.690382670400913,13
3550203,9.753043585650552,13
3550217,9.654435963606407,14
3550229,9.739886006264722,12
3550230,9.992888420926265,1
3550242,9.752289815467526,12
3550253,9.745975324984606,11
3550256,9.966292204954106,3
3550267,9.749766738120714,11
3550278,9.754599043819887,11
3550282,9.933029199311505,4
3550288,9.879425011853929,6
3550291,9.95590380020109,3
3550298,9.875641966612228,7
3550310,9.76052490130502,12
3550321,9.746054043486224,11
3550327,9.800747291907093,6
3550333,9.90463222430399,6
3550343,9.805350418570722,10
3550354,9.783754926379554,11
3550363,9.819110490506203,9
3550365,9.974500928616306,2
3550366,10.0,1
3550374,9.862146369311914,8
3550375,9.99265025338153,1
3550376,10.0,1
3550384,9.743478921678442,8
3550398,9.70547244049222,14
3550402,9.927605433967539,4
3550411,9.824651407506344,9
3550417,9.906353898426666,6
3550427,9.774001985971442,10
3550439,9.744438616876982,12
3550448,9.626793115017747,9
3550455,9.892913007489865,7
3550473,9.594115054075553,18
3550488,9.729626774992338,15
3550489,10.0,1
3550501,9.72194547212739,12
3550510,9.812193769108386,9
3550520,9.765134268258837,10
3550528,9.824787184406006,8
3550534,9.897838122915628,6
3550551,9.31404744815849,17
3550567,9.506020885987649,16
3550574,9.869920798643307,7
3550576,9.979647134330992,2
3550587,9.762559417384157,11
3550590,9.95004923683196,3
3550603,9.781697871645608,13
3550612,9.796679046963371,9
3550617,9.92013847668362,5
3550624,9.862539512501224,7
3550634,9.768461708544669,10
3550646,9.747563301689983,12
3550654,9.839829737068873,8
3550666,9.742874340025141,12
3550675,9.839968130459857,9
3550684,9.822383568146945,9
3550691,9.853331757898141,7
3550700,9.814715031849804,9
3550701,9.996252878975064,1
3550707,9.890395995956027,6
3550716,9.805617265363301,9
3550727,9.738192242422153,11
3550728,10.0,1
3550735,9.843173605394757,7
3550740,9.928531322885313,5
3550752,9.734659466836014,12
3550768,9.67041044485476,16
3550774,9.895641104499475,6
3550784,9.781375454221193,10
3550796,9.749120700856192,12
3550810,9.699541887088808,14
3550820,9.845513484798072,10
3550829,9.813357897563817,9
3550838,9.786545771326528,9
3550841,9.961590990456077,3
3550842,10.0,1
3550845,9.95943395163176,3
3550846,10.0,1
3550849,9.966480325967535,3
3550855,9.77138389504699,6
3550863,9.862555693169616,8
3550867,9.954902442866091,4
3550870,9.951058275047513,3
3550876,9.880635332735487,6
3550883,9.877918034472666,7
3550892,9.822960348521649,9
3550893,10.0,1
3550905,9.734781013484657,12
3550915,9.802850023119559,10
3550931,9.633326036718742,16
3550935,9.844991187095435,4
3550936,10.0,1
3550948,9.744660850200386,12
3550965,9.59713882057464,17
3550972,9.88623540279792,7
3550974,9.985425993147357,2
3550988,9.703665102726653,14
3550991,9.96078095853534,3
3551004,9.714464227425006,13
3551012,9.851389343254539,8
3551019,9.85194914836121,7
3551020,10.0,1
3551028,9.851365544357723,8
3551040,9.731483598280473,12
3551049,9.80891497256353,9
3551057,9.829141607845132,8
3551067,9.824654867836067,10
3551073,9.893628250628597,6
3551089,9.619067843601197,16
3551096,9.870329705314766,7
3551108,9.768716683912412,12
3551113,9.925907830879716,5
3551125,9.71526245094431,12
3551132,9.858312939427497,7
3551143,9.76897126062867,11
3551151,9.841020762066078,8
3551161,9.778809424891561,10
3551164,9.963084608208955,3
3551181,9.649211552662743,17
3551192,9.821032371796003,11
3551198,9.893806476949736,6
3551208,9.792389287236992,10
3551219,9.77669928126001,11
3551229,9.781565441245508,10
3551232,9.959629870835032,3
3551250,9.55932699204676,18
3551260,9.80454562253633,10
3551264,9.94851181718737,4
3551271,9.859042968350781,7
3551275,9.94629989101543,4
3551290,9.697979282807601,15
3551291,10.0,1
3551296,9.933789757350771,5
3551297,10.0,1
3551307,9.774469580022728,10
3551315,9.839814310087283,8
3551321,9.896715655000108,6
3551325,9.948777327596641,4
3551336,9.755094188543929,11
3551345,9.80901026195501,9
3551358,9.770693214816191,13
3551367,9.833488494870581,9
3551373,9.900727915001774,6
3551380,9.876590994372693,7
3551391,9.767084558427998,11
3551400,9.788763375097584,9
3551401,10.0,1
3551405,9.943751817808671,4
3551413,9.84302628427348,8
3551420,9.891817909288681,7
3551433,9.707074709110257,13
3551439,9.895685859449687,6
3551448,9.72161950183319,9
3551457,9.820910967225712,9
3551462,9.909751581731168,5
3551474,9.739597742429462,12
3551485,9.782303871590239,11
3551490,9.939869172689486,5
3551499,9.834759869896164,9
3551507,9.860386520175528,8
3551516,9.824462195854265,9
3551517,10.0,1
3551522,9.928596393710267,5
3551532,9.8046672850988,10
3551540,9.853069343883364,8
3551544,9.933066944541064,4
3551553,9.822432918508808,9
3551560,9.880954801099696,7
3551573,9.761982089605727,13
3551584,9.802879063191343,11
3551590,9.889366787956586,6
3551602,9.746652254884534,12
3551603,10.0,1
3551625,9.561617708238783,22
3551633,9.855652411431937,8
3551637,9.928540662487736,4
3551650,9.734901206036957,13
3551658,9.831796641839352,8
3551664,9.900112122794436,6
3551672,9.834662016778898,8
3551686,9.43678386745713,14
3551700,9.678902172847923,14
3551714,9.70549257392908,14
3551731,9.607988203004254,17
3551741,9.80631378401744,10
3551746,9.920520531794526,5
3551757,9.785580409979213,11
3551766,9.827392083403748,9
3551767,10.0,1
3551773,9.877563300251374,6
3551780,9.885037310258229,7
3551792,9.736409833878504,12
3551796,9.952223233289,4
3551805,9.800977699753503,9
3551810,9.931968909785697,5
3551821,9.741817470893308,11
3551822,10.0,1
3551834,9.745396777599233,12
3551848,9.50236038722655,14
3551861,9.748207804141517,13
3551867,9.892027533405237,6
3551877,9.778754387407925,10
3551889,9.7528671822365,12
3551900,9.763319213393837,11
3551914,9.674351423256729,14
3551921,9.858006652576925,7
3551926,9.922829615238655,5
3551933,9.888797270346755,7
3551949,9.536556293162366,16
3551958,9.840664435489398,9
3551964,9.919530142486849,6
3551974,9.801596578613298,10
3551975,10.0,1
3551988,9.72824534031423,13
3551995,9.867722410895848,7
3552004,9.825919571406965,9
3552016,9.75102513034593,12
3552028,9.748266453155233,12
3552036,9.83952022685937,8
3552041,9.917656841638188,5
3552052,9.77163537555353,11
3552058,9.895722942468417,6
3552071,9.705750598027812,13
3552074,9.972377761400903,3
3552079,9.917741857401307,5
3552081,9.975214313759624,2
3552092,9.74577161588017,11
3552099,9.882059379850299,7
3552111,9.759893542121334,12
3552123,9.786727684936631,12
3552136,9.701376282082064,13
3552147,9.758440049355837,11
3552160,9.690660015702887,13
3552167,9.869038495417119,7
3552175,9.835513808297282,8
3552183,9.868253750548131,8
3552190,9.861412818272722,7
3552194,9.946762381231865,4
3552203,9.804705254076152,9
3552216,9.757942324018202,13
3552221,9.92522692569989,5
3552227,9.911111918659591,6
3552232,9.92805608978588,5
3552237,9.922888929348494,5
3552247,9.830392884086484,10
3552254,9.867583924433191,7
3552261,9.877677779484282,7
3552267,9.878072690844945,6
3552276,9.818535436192349,9
3552283,9.869738657891583,7
3552290,9.883350624045525,7
3552296,9.89753064873756,6
3552303,9.86666649072538,7
3552310,9.865952076087122,7
3552316,9.891110002639348,6
3552317,10.0,1
3552325,9.840607255384823,8
3552332,9.892781019404513,7
3552335,9.95361301835339,3
3552344,9.830489181772956,9
3552347,9.950341220743546,3
3552356,9.834839948156459,9
3552367,9.742302406180093,11
3552373,9.910554990129347,6
3552380,9.858522880405229,7
3552389,9.794665070421678,9
3552416,9.45627218020336,27
3552422,9.898182412924054,6
3552427,9.915266125111796,5
3552433,9.895112963425433,6
3552439,9.876273463858928,6
3552451,9.7440490857071,12
3552466,9.665127919633498,15
3552467,10.0,1
3552482,9.64270359456392,15
3552491,9.80054572003986,9
3552492,9.989062853057419,1
3552503,9.5550261212007,11
3552506,9.962197015186861,3
3552517,9.745719869789552,11
3552524,9.858254111779885,7
3552535,9.826498475628988,11
3552536,10.0,1
3552553,9.592840384893803,17
3552556,9.9590489361139,3
3552570,9.715213960553532,14
3552586,9.630588652760501,16
3552596,9.78838047130394,10
3552607,9.752666850658882,11
3552615,9.842795003031664,8
3552616,10.0,1
3552622,9.89593605015581,6
3552628,9.916720090503548,6
3552638,9.757853685583504,10
3552639,9.98911432379393,1
3552642,9.962162741245429,3
3552643,10.0,1
3552656,9.693539366907363,13
3552669,9.711127857081788,13
3552676,9.8818459277887,7
3552677,9.988665950883458,1
3552678,10.0,1
3552690,9.711219218231111,12
3552698,9.836494039881538,8
3552706,9.822464056143936,8
3552710,9.936307553320722,4
3552719,9.82522204748534,9
3552727,9.842781630443454,8
3552735,9.842106694136389,8
3552740,9.918539113067819,5
3552752,9.725931386506057,12
3552764,9.78221126984545,12
3552771,9.866614185700216,7
3552777,9.897139260578072,6
3552778,9.98907961080594,1
3552794,9.435082675084349,16
3552802,9.823935173577446,8
3552805,9.957396897141551,3
3552816,9.779758539900977,11
3552822,9.894492671692536,6
3552827,9.917219567194172,5
3552838,9.77524337134344,11
3552849,9.768687834013196,11
3552858,9.816063443550366,9
3552866,9.839075784009456,8
3552871,9.911407195001434,5
3552874,9.956215481175432,3
3552877,9.96808543142917,3
3552879,9.975341225079255,2
3552888,9.86389004478976,9
3552895,9.862997931513945,7
3552897,9.97216225929993,2
3552905,9.85302013284694,8
3552911,9.90325134978829,6
3552925,9.698948141772291,14
3552926,10.0,1
3552937,9.739897919236714,11
3552938,10.0,1
3552952,9.674072655749724,14
3552960,9.850982887656718,8
3552969,9.83252299111068,9
3552970,9.989671098115933,1
3552979,9.813855116797477,9
3552980,10.0,1
3552988,9.844576475979416,8
3552995,9.870331801697322,7
3553000,9.914604834416323,5
3553004,9.944982506986477,4
3553015,9.767465277773498,11
3553023,9.840872929309922,8
3553026,9.97103625502567,3
3553033,9.863487649745952,7
3553043,9.776981961453796,10
3553046,9.951681579699189,3
3553055,9.840979963704632,9
3553058,9.964746816171136,3
3553067,9.828843799824773,9
3553074,9.87063812827646,7
3553087,9.686570807764882,13
3553095,9.851926909990798,8
3553103,9.846577420649599,8
3553109,9.883024779507007,6
3553116,9.873154225543487,7
3553125,9.843922275962262,9
3553136,9.74882591462611,11
3553147,9.778963643109261,11
3553148,10.0,1
3553161,9.714242089750384,13
3553172,9.777245816975569,11
3553184,9.78375346826423,12
3553190,9.888559909621737,6
3553198,9.858019543851816,8
3553211,9.732903169919467,13
3553215,9.938488478377181,4
3553235,9.357113822882189,20
3553245,9.792609232084763,10
3553257,9.723862791385086,12
3553261,9.953266144961189,4
3553262,10.0,1
3553272,9.83090119933743,10
3553286,9.67306906488323,14
3553301,9.683097792296934,15
3553315,9.690912076023517,14
3553319,9.950474319497445,4
3553323,9.941916215429313,4
3553341,9.309985912545446,18
3553355,9.687929767286157,14
3553362,9.8669067218633,7
3553377,9.647951709019894,15
3553388,9.760067807400851,11
3553398,9.768490159825864,10
3553399,10.0,1
3553406,9.880098971444744,7
3553412,9.896457271556027,6
3553413,10.0,1
3553416,9.959901246925446,3
3553424,9.837832199640562,8
3553430,9.90175599528974,6
3553438,9.843470899588613,8
3553449,9.750451104191118,11
3553452,9.97170095548001,3
3553472,9.485735341845777,20
3553476,9.93784427847103,4
3553492,9.666311521849385,16
3553501,9.832212859818767,9
3553514,9.728685701685034,13
3553524,9.848271840859143,10
3553531,9.86898007496314,7
3553535,9.938186110764791,4
3553544,9.722767852851925,9
3553566,9.613668750881272,22
3553578,9.73114236959838,12
3553591,9.706088453188457,13
3553603,9.794857999475598,12
3553614,9.775864804036065,11
3553621,9.878306708913932,7
3553630,9.819778674402562,9
3553644,9.68121811899146,14
3553652,9.834283259536786,8
3553663,9.803968991994287,11
3553673,9.804029930695604,10
3553681,9.844504195794402,8
3553686,9.922825687983153,5
3553694,9.831544572464814,8
3553708,9.663334163343789,14
3553714,9.90429246071595,6
3553724,9.788241376907637,10
3553734,9.770808621543448,10
3553745,9.78177768683492,11
3553758,9.54990690739107,13
3553768,9.769321860686158,10
3553771,9.954923785333419,3
3553777,9.889955981242698,6
3553783,9.902318089605325,6
3553788,9.939025874058093,5
3553789,10.0,1
3553801,9.725805576358407,12
3553810,9.818246574900982,9
3553815,9.919353201085277,5
3553833,9.613570464780343,18
3553843,9.799666011618227,10
3553855,9.766635006647633,12
3553859,9.937672172890027,4
3553869,9.59670415419516,10
3553870,10.0,1
3553878,9.84175225136547,8
3553879,10.0,1
3553882,9.96084992785875,3
3553894,9.726660365019697,12
3553902,9.865516312288513,8
3553911,9.831217870343426,9
3553918,9.883979011624588,7
3553922,9.93357142930495,4
3553924,9.979224034141128,2
3553932,9.829402872529366,8
3553943,9.768632483588494,11
3553947,9.932882876348758,4
3553950,9.965212917904624,3
3553965,9.680772314983447,15
3553981,9.630822060720881,16
3553992,9.761174682134072,11
3553997,9.92156980672266,5
3554011,9.684136368306195,14
3554021,9.796598839564952,10
3554022,10.0,1
3554029,9.892477704211515,7
3554039,9.779375269482538,10
3554054,9.664721708377776,15
3554063,9.794270245079984,9
3554073,9.789803731533908,10
3554080,9.858241626499163,7
3554081,10.0,1
3554082,10.0,1
3554089,9.857943182713546,7
3554100,9.76087045581351,11
3554109,9.84610513710931,9
3554115,9.896142297996425,6
3554126,9.785338742246777,11
3554135,9.84493729250359,9
3554149,9.705185818928024,14
3554156,9.87698804468464,7
3554169,9.746407327028203,13
3554171,9.976706740946014,2
3554183,9.769914081817594,12
3554186,9.954839536498264,3
3554197,9.735538581449122,11
3554207,9.787860152972879,10
3554217,9.781499140260602,10
3554222,9.910044103153238,5
3554230,9.842388756908841,8
3554244,9.673443803475216,14
3554245,10.0,1
3554254,9.79638808433922,9
3554260,9.890737932202633,6
3554266,9.89802644797341,6
3554275,9.83963264096366,9
3554285,9.783718218307287,10
3554290,9.91459805153242,5
3554302,9.783392769385195,12
3554312,9.80160032636696,10
3554317,9.910908682601198,5
3554320,9.965842322176325,3
3554327,9.863432178058876,7
3554328,10.0,1
3554337,9.712898962602457,9
3554348,9.768727604558698,11
3554350,9.976296705447309,2
3554351,9.996361172555018,1
3554363,9.731467404038826,12
3554369,9.901747541549978,6
3554370,9.99669810666282,1
3554377,9.876061648278391,7
3554388,9.725133676500317,11
3554390,9.983374604003524,2
3554395,9.925927536633933,5
3554410,9.661865226408828,15
3554423,9.70206896776482,13
3554427,9.94718113887972,4
3554435,9.839890076300527,8
3554443,9.842943169242544,8
3554455,9.744867770217931,12
3554463,9.837834131670107,8
3554469,9.892781053047424,6
3554480,9.8015671239938,11
3554495,9.703517964748425,15
3554508,9.710612789578105,13
3554518,9.82142359796798,10
3554520,9.97315893704727,2
3554534,9.70488995660531,14
3554537,9.971895680216834,3
3554547,9.795068303273398,10
3554548,9.996766322373638,1
3554557,9.813920636952862,9
3554568,9.748497697614756,11
3554573,9.920047497978173,5
3554578,9.918211627415884,5
3554588,9.790373795886637,10
3554594,9.898542457835267,6
3554598,9.938136309182132,4
3554607,9.820997104248226,9
3554618,9.76194167126064,11
3554631,9.748990402205164,13
3554633,9.980498804277616,2
3554652,9.56028601966417,19
3554673,9.539372463121696,21
3554681,9.843522645820059,8
3554692,9.759509253895914,11
3554699,9.866414865070803,7
3554708,9.830033807197777,9
3554709,10.0,1
3554716,9.742174741869848,7
3554727,9.751691097735536,11
3554737,9.82111853136814,10
3554745,9.821448519870199,8
3554754,9.822973291411566,9
3554763,9.831742045596673,9
3554777,9.617812238495546,14
3554785,9.849531071838234,8
3554798,9.689802735298818,13
3554801,9.963059455590944,3
3554812,9.768748978410285,11
3554822,9.803770884234494,10
3554823,10.0,1
3554842,9.570137641736522,19
3554849,9.849242239451623,7
3554858,9.803137641687714,9
3554865,9.869588190182169,7
3554866,10.0,1
3554883,9.611933650860317,17
3554892,9.831386108243649,9
3554896,9.95648183533232,4
3554906,9.786719639274645,10
3554910,9.936220256719347,4
3554912,9.976140347526963,2
3554923,9.676020170123252,11
3554939,9.641969909709813,16
3554944,9.895600181941457,5
3554952,9.630378002579793,8
3554956,9.93887713305151,4
3554961,9.922122570605799,5
3554967,9.893014528911618,6
3554977,9.809646153929908,10
3554988,9.769022249207325,11
3554992,9.933061063970804,4
3554999,9.855710750541288,7
3555010,9.769074913625321,11
3555019,9.797147997179827,9
3555029,9.802209878406407,10
3555034,9.91010340613049,5
3555044,9.788461118072641,10
3555048,9.9440008526772,4
3555055,9.88718341533635,7
3555067,9.564498828602089,12
3555075,9.846668136334031,8
3555082,9.899563367298729,7
3555099,9.579388399432073,17
3555106,9.867495822249381,7
3555118,9.77494260385739,12
3555119,10.0,1
3555132,9.730448451449776,13
3555143,9.681140708825343,11
3555150,9.854336028170582,7
3555156,9.88870894564121,6
3555157,10.0,1
3555171,9.695670310906017,14
3555182,9.768595492789572,11
3555186,9.94254060888745,4
3555187,10.0,1
3555197,9.811456476303775,10
3555209,9.756108290403914,12
3555218,9.811844677119169,9
3555229,9.804576444912117,11
3555232,9.964482260215794,3
3555243,9.472075130489149,11
3555247,9.94881640199755,4
3555251,9.939525441793965,4
3555252,10.0,1
3555261,9.816640630136147,9
3555273,9.739800161321796,12
3555279,9.877430431158281,6
3555288,9.828954216006785,9
3555300,9.72920812567552,12
3555312,9.741734975771509,12
3555321,9.811893127163799,9
3555331,9.686974118452666,10
3555338,9.882120017954374,7
3555339,10.0,1
3555341,9.985518941324287,2
3555345,9.936372147244716,4
3555357,9.745712664972515,12
3555362,9.904371535760669,5
3555363,10.0,1
3555377,9.698583451945202,14
3555388,9.782484508718237,11
3555403,9.64689393649524,15
3555405,9.979128181701336,2
3555412,9.861731367334341,7
3555419,9.88562983760584,7
3555427,9.818746781633026,8
3555432,9.925059614466925,5
3555441,9.832603811634076,9
3555456,9.654480807885227,15
3555459,9.964304696896793,3
3555467,9.820261974699577,8
3555471,9.942447190709446,4
3555490,9.58025613108286,19
3555498,9.849995491373859,8
3555512,9.694735735648177,14
3555516,9.643885873905912,4
3555527,9.794603410473293,11
3555539,9.765774928143328,12
3555547,9.82714774992675,8
3555549,9.976524382281138,2
3555550,10.0,1
3555565,9.645422987062075,15
3555575,9.767550857565373,10
3555584,9.827676056915944,9
3555585,10.0,1
3555590,9.919685115326775,5
3555600,9.827770442490822,10
3555614,9.679077196972491,14
3555615,10.0,1
3555622,9.85385792712359,7
3555633,9.758118839375165,11
3555643,9.78285883131294,10
3555646,9.962255741937286,3
3555660,9.727986710831514,14
3555671,9.784680384048523,11
3555677,9.91743708297967,6
3555692,9.656240935982652,15
3555703,9.75650310685072,11
3555707,9.940359999225365,4
3555717,9.787980366038829,10
3555727,9.81983814742651,10
3555728,10.0,1
3555733,9.920036812378891,5
3555747,9.685024471637224,14
3555754,9.86204452359489,7
3555763,9.807036197876405,9
3555764,10.0,1
3555765,9.992475023099221,1
3555774,9.73258373154625,9
3555775,10.0,1
3555781,9.896543689501014,6
3555792,9.758485355080708,11
3555806,9.69415414296125,14
3555816,9.776270731950929,10
3555822,9.893282577654348,6
3555830,9.833282618658256,8
3555834,9.942438769675503,4
3555851,8.775347511706618,17
3555872,9.246906973600009,21
3555882,9.789786028367315,10
3555890,9.839520305520704,8
3555896,9.686338438011601,6
3555902,9.911328085098194,6
3555913,9.759444429349433,11
3555915,9.985557447675022,2
3555929,9.665214712491414,14
3555945,9.645339596784591,16
3555949,9.940651273530527,4
3555961,9.73574912629194,12
3555970,9.808133251202895,9
3555982,9.743351651974278,12
3555994,9.74240149848737,12
3556000,9.884949442758199,6
3556004,9.946184172739368,4
3556012,9.864437675775395,8
3556020,9.85037502577583,8
3556025,9.936780396650322,5
3556040,9.656257578060686,15
3556050,9.809257727902072,10
3556055,9.915956649012374,5
3556057,9.98110290735404,2
3556066,9.847981573542345,9
3556078,9.783228842952662,12
3556087,9.831707556663066,9
3556100,9.503701289837732,13
3556101,10.0,1
3556110,9.812771564995328,9
3556116,9.902619376044488,6
3556121,9.91654548102395,5
3556127,9.870564484234135,6
3556140,9.708731655265291,13
3556143,9.961210237121675,3
3556149,9.908346432447678,6
3556159,9.772973467083313,10
3556170,9.760762818653008,11
3556178,9.734567833110484,8
3556182,9.934790565407727,4
3556187,9.91909469241317,5
3556196,9.845406769132946,9
3556208,9.721467488756142,12
3556214,9.894391789256147,6
3556223,9.821869992495067,9
3556231,9.855801672692607,8
3556244,9.710297431548016,13
3556250,9.890476979091506,6
3556258,9.852902388704583,8
3556265,9.858487306992329,7
3556266,10.0,1
3556269,9.969890609348681,3
3556272,9.949341271897612,3
3556280,9.83039241049738,8
3556290,9.786899680238577,10
3556299,9.838649062873898,9
3556305,9.889512154599577,6
3556308,9.961523865422961,3
3556316,9.834666192944226,8
3556328,9.762660995618097,12
3556336,9.847745097494728,8
3556346,9.791828463465308,10
3556351,9.921517333632584,5
3556356,9.902345144363869,5
3556366,9.762560645073211,10
3556376,9.7897003991632,10
3556387,9.769343520907,11
3556393,9.898329233898348,6
3556400,9.881408260527577,7
3556404,9.938268980203318,4
3556414,9.8119699535144,10
3556423,9.838414442472828,9
3556438,9.66592217773293,15
3556447,9.795316797118183,9
3556455,9.85226129410029,8
3556461,9.881891955713852,6
3556473,9.730334484659759,12
3556477,9.945724902010964,4
3556484,9.852909817642269,7
3556495,9.77105226998816,11
3556499,9.948240777758853,4
3556522,5.687443128961509,23
3556532,9.797005555582917,10
3556540,9.851858703717582,8
3556543,9.863244154904708,3
3556544,10.0,1
3556560,9.616908096717866,16
3556572,9.747255006356749,12
3556577,9.91262298618783,5
3556590,9.729227869429872,13
3556591,9.993026983003443,1
3556604,9.747270920493758,13
3556610,9.880581781866132,6
3556619,9.796758432135823,9
3556626,9.683626777106168,7
3556633,9.859199413529804,7
3556648,9.673735175991634,15
3556655,9.855582874312885,7
3556668,9.709631533951283,13
3556681,9.738932640481845,13
3556692,9.795710893596082,11
3556702,9.802320042030328,10
3556721,9.559712749526813,19
3556725,9.926914731113765,4
3556737,9.765840057960922,12
3556748,9.809357136965698,11
3556761,9.722394022338872,13
3556770,9.826229663738975,9
3556776,9.887328039560357,6
3556783,9.899505376868623,7
3556789,9.876665262650437,6
3556799,9.801730167759402,10
3556808,9.83225451557607,9
3556817,9.807550022706724,9
3556829,9.745086740450773,12
3556835,9.888417410608707,6
3556845,9.811727528415547,10
3556855,9.804020725042728,10
3556860,9.929898188093334,5
3556868,9.851584210127992,8
3556878,9.817968828520744,10
3556879,10.0,1
3556889,9.807739019573527,10
3556890,10.0,1
3556899,9.83080486347383,9
3556910,9.754081815414802,11
3556922,9.676304586044026,12
3556929,9.873370254562307,7
3556945,9.647096928107965,16
3556952,9.855976133829767,7
3556956,9.84531305585792,4
3556962,9.900416101631029,6
3556973,9.77692464593471,11
3556982,9.810090277711126,9
3556995,9.717328131848996,13
3557000,9.925316680988137,5
3557001,9.99642044984337,1
3557011,9.786373458303977,10
3557019,9.86235863272065,8
3557025,9.902341904783238,6
3557034,9.842319873557528,9
3557045,9.780502110166488,11
3557055,9.815537883564577,10
3557056,10.0,1
3557062,9.90107949615817,6
3557068,9.891848979116455,6
3557080,9.720291509900031,12
3557090,9.780989058378584,10
3557096,9.898266756201089,6
3557101,9.912114856657444,5
3557114,9.743266486692518,13
3557125,9.769883002593549,11
3557138,9.693796719657445,13
3557146,9.86976794522758,8
3557159,9.715027614448896,13
3557163,9.757082047594508,4
3557174,9.747716827773434,11
3557185,9.775113476131516,11
3557195,9.826008356906115,10
3557206,9.775861847852838,11
3557219,9.733417246193527,13
3557224,9.903861129873713,5
3557225,10.0,1
3557228,9.954391935321167,3
3557243,9.723157099816254,15
3557244,10.0,1
3557245,10.0,1
3557256,9.754661846766016,11
3557260,9.938317865916837,4
3557273,9.755472483973213,13
3557286,9.695708846505514,13
3557290,9.950505297719777,4
3557297,9.885594273622594,7
3557302,9.930244946127129,5
3557318,9.650611637084605,16
3557330,9.751150136755781,12
3557338,9.84542655689286,8
3557346,9.837781169689745,8
3557351,9.924845612079016,5
3557362,9.75820393154211,11
3557372,9.815586930355948,10
3557373,10.0,1
3557384,9.777416170935858,11
3557385,10.0,1
3557389,9.942880012001744,4
3557390,10.0,1
3557401,9.798552923283646,11
3557413,9.731742196258264,12
3557419,9.903268432027707,6
3557433,9.664315749834577,14
3557443,9.75549842359807,10
3557449,9.90027059655044,6
3557459,9.774502376391222,10
3557472,9.701812849356344,13
3557476,9.931968105446586,4
3557485,9.811081277667226,9
3557499,9.67058373003561,14
3557501,9.976118186629163,2
3557509,9.84249918321846,8
3557517,9.832331941329931,8
3557527,9.783197182847795,10
3557538,9.798807046161867,11
3557544,9.880535730579156,6
3557548,9.94113075429658,4
3557559,9.767688044062291,11
3557574,9.677554442991637,15
3557587,9.7197140761396,13
3557595,9.855154366478434,8
3557607,9.745041688618972,12
3557608,10.0,1
3557617,9.82399641568486,9
3557629,9.754424146290074,12
3557630,10.0,1
3557632,9.972840490096834,2
3557639,9.887153572908765,7
3557649,9.804992701918339,10
3557657,9.85207983548705,8
3557669,9.710158511000502,12
3557679,9.826401633872653,10
3557682,9.955349486691867,3
3557695,9.695161075386183,13
3557702,9.873714390798087,7
3557717,9.673879497653813,15
3557732,9.663745311400799,15
3557735,9.944308378775482,3
3557741,9.884225358094259,6
3557746,9.910296551614982,5
3557754,9.865203318934237,8
3557764,9.795571882600061,10
3557774,9.792333883609258,10
3557787,9.618002182113532,13
3557800,9.721808931386153,13
3557811,9.767109107918168,11
3557815,9.946509721629555,4
3557821,9.903567868780389,6
3557823,9.971578331874936,2
3557832,9.808106754857453,9
3557835,9.948969101816713,3
3557849,9.693042795984518,14
3557868,9.523888604748102,19
3557879,9.766545741076953,11
3557892,9.724681988543612,13
3557902,9.708428519708825,10
3557905,9.946939995932981,3
3557909,9.940756225208869,4
3557912,9.96230937956218,3
3557932,9.620175536590914,20
3557933,10.0,1
3557938,9.925707185998561,5
3557946,9.852817529337372,8
3557958,9.729697210022836,12
3557967,9.809207784568407,9
3557974,9.85753654508731,7
3557985,9.74865134656742,11
3557990,9.920027872059876,5
3557999,9.825588979541672,9
3558000,10.0,1
3558008,9.846138816538005,8
3558015,9.8683888841687,7
3558026,9.770436003197878,11
3558040,9.70862078331077,14
3558048,9.751985597904188,8
3558063,9.640956114369448,15
3558074,9.741002683247014,11
3558079,9.916804538022586,5
3558094,9.66911059575674,15
3558102,9.845503821434015,8
3558111,9.81489591440147,9
3558114,9.967485745958207,3
3558119,9.921521100456932,5
3558133,9.711606739425285,14
3558142,9.704199688268707,9
3558149,9.874055331364323,7
3558162,9.697286657522847,13
3558182,9.57585545618266,20
3558192,9.823310841099518,10
3558197,9.918364275275392,5
3558207,9.785636434346538,10
3558208,10.0,1
3558209,10.0,1
3558220,9.751415288946024,11
3558221,9.989209230392794,1
3558230,9.81197249856024,9
3558234,9.931708349897017,4
3558242,9.86303704684491,8
3558250,9.839087648702446,8
3558257,9.848475734306378,7
3558266,9.731582806921091,9
3558275,9.80471385617627,9
3558285,9.799218382613658,10
3558290,9.918786173233917,5
3558300,9.841377748868455,10
3558305,9.925687504591986,5
3558316,9.762868092984073,11
3558318,9.982430701437703,2
3558324,9.90025800384347,6
3558325,9.995926479332182,1
3558338,9.719630664213128,13
3558350,9.763976609856046,12
3558360,9.811352968154447,10
3558364,9.934706046328094,4
3558367,9.955101996335944,3
3558381,9.70687136107165,14
3558393,9.71173875108913,12
3558403,9.7727373902899,10
3558406,9.95844198008336,3
3558417,9.770426250316055,11
3558427,9.811543034779865,10
3558435,9.82362434900207,8
3558444,9.814292048030346,9
3558450,9.896512562243279,6
3558456,9.900580906342809,6
3558463,9.887261510329358,7
3558471,9.834400556755272,8
3558477,9.907300690596058,6
3558485,9.832469283726097,8
3558486,10.0,1
3558492,9.896609562966916,6
3558493,10.0,1
3558500,9.87114295400458,7
3558515,9.651823942283382,15
3558521,9.886386215981922,6
3558524,9.95910269999104,3
3558533,9.854730358358793,9
3558551,9.585024066953048,18
3558569,9.62413618468209,18
3558580,9.780857993353166,11
3558587,9.877213599278447,7
3558595,9.876724168303468,8
3558601,9.920086870786607,6
3558608,9.887004440628065,7
3558616,9.862512924898516,8
3558618,9.975341876520543,2
3558622,9.94559388745718,4
3558633,9.790075190199051,11
3558644,9.746790902049423,11
3558645,10.0,1
3558648,9.965927735989904,3
3558660,9.75101938660563,12
3558666,9.90245015529671,6
3558676,9.810944743296496,10
3558684,9.846528632802912,8
3558685,9.992301822861457,1
3558687,9.97304788190555,2
3558689,9.981657953991716,2
3558701,9.734319484155531,12
3558715,9.697905951533146,14
3558716,10.0,1
3558723,9.875803173829974,7
3558726,9.9538744111783,3
3558734,9.830791329764127,8
3558743,9.829521647884517,9
3558752,9.823517159114271,9
3558758,9.873281277013856,6
3558759,9.996091596406632,1
3558773,9.708137456072306,14
3558782,9.83259997280851,9
3558795,9.76712533649165,13
3558799,9.951501903242308,4
3558803,9.926939369955033,4
3558810,9.852116886437,7
3558826,9.706547330610324,16
3558841,9.66768244807505,15
3558849,9.844695056542712,8
3558857,9.868306772941425,8
3558864,9.850182014278756,7
3558871,9.854249666374734,7
3558880,9.816935246038742,9
3558887,9.87927316126793,7
3558898,9.77353779673495,11
3558910,9.773961722668616,12
3558919,9.825818564220524,9
3558930,9.778465588446776,11
3558935,9.912191192428637,5
3558943,9.85515730635692,8
3558956,9.70096544362272,13
3558961,9.910398498315246,5
3558963,9.971465989794142,2
3558964,10.0,1
3558967,9.955804764282126,3
3558977,9.76773980650237,10
3558982,9.900553098630004,5
3558983,9.988384283988752,1
3558993,9.765425649109433,10
3559006,9.728107823876458,13
3559009,9.955752411195913,3
3559016,9.77399367986981,7
3559023,9.887866415170938,7
3559029,9.896135565040524,6
3559030,10.0,1
3559035,9.902334005108134,5
3559040,9.9157612388446,5
3559041,10.0,1
3559051,9.780247817889936,10
3559053,9.97211091538938,2
3559064,9.723322958880063,11
3559074,9.769519445535556,10
3559088,9.742212325284294,14
3559094,9.801415381021627,6
3559104,9.776753514442731,10
3559115,9.748097488441582,11
3559117,9.977401364385948,2
3559125,9.856685171968717,8
3559137,9.766132280525403,12
3559147,9.79891426938192,10
3559153,9.911666770758362,6
3559160,9.863220252663675,7
3559168,9.840466494452157,8
3559169,10.0,1
3559179,9.808861158349623,10
3559190,9.758236125193097,11
3559197,9.875030185829477,7
3559208,9.79380635408923,11
3559224,9.648116044230424,16
3559233,9.827172513651131,9
3559239,9.880844436419004,6
3559245,9.892790912047355,6
3559259,9.694401389132501,14
3559267,9.83921578717218,8
3559273,9.889812239592429,6
3559284,9.772633196073276,11
3559287,9.965815714397765,3
3559296,9.843054648150002,9
3559305,9.817636268391162,9
3559312,9.86450567718773,7
3559322,9.772647765706504,10
3559328,9.890193668891538,6
3559340,9.545643484695514,12
3559355,9.664007574030597,15
3559363,9.827100359547165,8
3559368,9.92155489354109,5
3559377,9.822769379481434,9
3559391,9.68824542246205,14
3559398,9.865943744414835,7
3559399,10.0,1
3559408,9.817820794829105,9
3559412,9.923688875067949,4
3559419,9.876620251058819,7
3559420,10.0,1
3559421,10.0,1
3559432,9.764310263359702,11
3559442,9.788353952372061,10
3559446,9.940799859482231,4
3559459,9.735408631043732,13
3559472,9.703180205067275,13
3559480,9.881532369341564,8
3559488,9.812713052190215,8
3559491,9.963396166577665,3
3559503,9.743317145199708,12
3559517,9.717359538389987,14
3559528,9.767716165881513,11
3559529,10.0,1
3559546,7.093808396845912,17
3559551,9.923854219168172,5
3559552,10.0,1
3559561,9.812552732594845,9
3559568,9.899627095483826,7
3559573,9.92031329142414,5
3559574,10.0,1
3559591,9.535874341288043,17
3559593,9.98023461351856,2
3559599,9.903001340138932,6
3559605,9.91418783689138,6
3559613,9.817402479244015,8
3559614,10.0,1
3559624,9.781467130411253,10
3559630,9.899669320430242,6
3559634,9.939625050705645,4
3559639,9.929888475486674,5
3559648,9.823452560622846,9
3559662,9.677420026162785,14
3559670,9.828381155937725,8
3559678,9.811380737276394,8
3559679,10.0,1
3559693,9.672960193103325,14
3559707,9.707304736834521,14
3559719,9.753175477728117,12
3559725,9.87282722130007,6
3559735,9.777785538987557,10
3559742,9.780599294265427,7
3559745,9.962001800705314,3
3559749,9.93381617628841,4
3559757,9.82078027641236,8
3559768,9.768343573582912,11
3559776,9.838106537938454,8
3559780,9.947280557316661,4
3559784,9.942530162100217,4
3559788,9.94434604768047,4
3559791,9.951867554918547,3
3559798,9.861879223519013,7
3559811,9.582313172017267,13
3559818,9.868012867216494,7
3559835,9.627255859730486,17
3559836,10.0,1
3559846,9.81698309935109,10
3559856,9.799217446348248,10
3559858,9.980241816899907,2
3559865,9.870979150656616,7
3559873,9.82947319317519,8
3559880,9.870313097632932,7
3559890,9.774643886930326,10
3559899,9.824702123070386,9
3559911,9.715448669546165,12
3559918,9.857884431085221,7
3559930,9.735780150249898,12
3559931,10.0,1
3559955,9.563153947726468,24
3559959,9.951627182332583,4
3559970,9.753231203916952,11
3559978,9.86632127206669,8
3559982,9.939922021859534,4
3559989,9.901282810135077,7
3559990,10.0,1
3560001,9.816978759012569,11
3560012,9.769465254046679,11
3560019,9.840863539193485,7
3560024,9.914051075582666,5
3560038,9.681267292188533,14
3560048,9.77423247930403,10
3560058,9.76815317999795,10
3560059,10.0,1
3560062,9.964438447333105,3
3560073,9.757611577999242,11
3560085,9.765601050451547,12
3560095,9.830242924538487,10
3560107,9.798499116622637,12
3560114,9.883815940199597,7
3560130,9.538416523690039,16
3560143,9.59142274831447,13
3560155,9.74304640975004,12
3560166,9.738356952556298,11
3560174,9.83506098437562,8
3560175,10.0,1
3560192,9.618879834090647,17
3560198,9.88014799380894,6
3560201,9.960504445134575,3
3560202,10.0,1
3560207,9.916693672869686,5
3560217,9.8003942124301,10
3560226,9.845025395410273,9
3560231,9.91822569569178,5
3560236,9.897972820421115,5
3560246,9.782271620026375,10
3560252,9.90950050445259,6
3560261,9.839346078735732,9
3560268,9.858685789146435,7
3560278,9.793617775267245,10
3560285,9.890901144461274,7
3560300,9.642672692406087,15
3560302,9.972701089595613,2
3560314,9.74936798374172,12
3560322,9.859259931010989,8
3560327,9.918096251270375,5
3560334,9.887990348444399,7
3560335,10.0,1
3560344,9.817902864543335,9
3560351,9.874369882836282,7
3560358,9.881076844857235,7
3560369,9.765818221719737,11
3560376,9.90659083566645,7
3560384,9.853764297576765,8
3560398,9.69781350334191,14
3560404,9.88418047859493,6
3560409,9.921611278323574,5
3560419,9.797503702783203,10
3560429,9.799128688917246,10
3560432,9.966141710909337,3
3560436,9.935997067560105,4
3560446,9.775745999146267,10
3560451,9.914238102802798,5
3560460,9.83722023671376,9
3560467,9.871841467379122,7
3560478,9.75181162938329,11
3560485,9.856358922345935,7
3560495,9.703764118551542,10
3560496,9.986929616878127,1
3560497,10.0,1
3560503,9.910385711173513,6
3560511,9.853411577724136,8
3560524,9.721821537762468,13
3560534,9.802514462022765,10
3560543,9.834038810503444,9
3560557,9.710025611272554,14
3560570,9.730579579883774,13
3560583,9.719888418540092,13
3560591,9.883987393819053,8
3560592,9.989361786256932,1
3560599,9.886148691104776,7
3560611,9.794471350631001,12
3560612,10.0,1
3560624,9.743415104455401,12
3560625,10.0,1
3560636,9.763053465253462,11
3560643,9.884624185437977,7
3560655,9.791246873373016,12
3560656,10.0,1
3560667,9.797007041530307,11
3560684,9.674226384118036,17
3560696,9.737387802834766,12
3560710,9.662285908248279,14
3560713,9.97074674442812,3
3560719,9.886119751488282,6
3560727,9.843176563783278,8
3560739,9.74322860998638,12
3560743,9.94264847192817,4
3560751,9.828896112820734,8
3560763,9.725320259126915,12
3560769,9.888104272385908,6
3560783,9.498419689000183,14
3560787,9.641403691876256,4
3560804,9.627124338915083,17
3560810,9.889473425832069,6
3560818,9.86266929601986,8
3560828,9.794308907180183,10
3560832,9.944310118457183,4
3560837,9.90761764554555,5
3560838,10.0,1
3560841,9.970492956070828,3
3560855,9.731231061008112,14
3560870,9.559368420431882,15
3560871,10.0,1
3560880,9.836461092257137,9
3560881,10.0,1
3560891,9.803387437316673,10
3560908,9.595272506412515,17
3560920,9.792284427349502,12
3560925,9.897439420801893,5
3560934,9.812970461886938,9
3560935,9.995962181366576,1
3560944,9.801118057844068,9
3560952,9.862661778076303,8
3560958,9.910291239408853,6
3560959,10.0,1
3560965,9.893019666795087,6
3560975,9.803702525926834,10
3560987,9.734213684915671,12
3560998,9.751028919153875,11
3561005,9.868821337655367,7
3561011,9.906431811454537,6
3561020,9.823770809281948,9
3561023,9.9520129342255,3
3561036,9.74408747901547,13
3561040,9.946900090252747,4
3561052,9.773093145033739,12
3561053,10.0,1
3561056,9.956333937582453,3
3561065,9.815873548808108,9
3561072,9.885241480321882,7
3561078,9.8786923133504,6
3561087,9.817179621020387,9
3561094,9.852237089769673,7
3561097,9.955565290304786,3
3561108,9.771309825526375,11
3561109,10.0,1
3561120,9.78172509490567,11
3561129,9.846649598199964,9
3561135,9.89872782672413,6
3561146,9.77460172219238,11
3561157,9.774625329813723,11
3561162,9.926363763266126,5
3561172,9.807246098299933,10
3561187,9.658379186104296,15
3561202,9.660819721436162,15
3561204,9.977750935175544,2
3561219,9.648626386404839,15
3561227,9.83454429366019,8
3561240,9.700724342982392,13
3561248,9.859630555155062,8
3561252,9.940612399729984,4
3561265,9.694114007715568,13
3561273,9.841232222060349,8
3561283,9.781148917909503,10
3561293,9.810556532025501,10
3561298,9.907153079227989,5
3561304,9.876430098686905,6
3561311,9.864537412726813,7
3561320,9.818448177824068,9
3561333,9.727084334212815,13
3561338,9.907604304664545,5
3561352,9.687240485992772,14
3561357,9.911539713017515,5
3561367,9.795005965169064,10
3561368,10.0,1
3561387,9.564947288256215,19
3561394,9.872247390171522,7
3561403,9.856139513329758,9
3561423,9.436938117437089,20
3561431,9.824341227975578,8
3561436,9.92381333383821,5
3561440,9.933642386678478,4
3561452,9.732305913692201,12
3561465,8.477275924207262,13
3561475,9.800257232420183,10
3561481,9.903557147599477,6
3561491,9.80262613569813,10
3561494,9.958814068344493,3
3561504,9.815599668139003,10
3561508,9.94667741395021,4
3561514,9.902272381934218,6
3561527,9.728386724159602,13
3561528,10.0,1
3561536,9.861165754434603,8
3561560,9.505087966651432,24
3561564,9.939414391813683,4
3561575,9.569882872673142,11
3561588,9.699811562348646,13
3561591,9.94384959197811,3
3561594,9.964661414492516,3
3561604,9.783496423376299,10
3561614,9.827397630971673,10
3561618,9.930801776706279,4
3561631,9.71989263036977,13
3561636,9.908527711703774,5
3561637,10.0,1
3561638,10.0,1
3561647,9.82011864801807,9
3561662,9.674974187618403,15
3561675,9.720228432890687,13
3561686,9.778105228567204,11
3561690,9.933572987169295,4
3561698,9.827940171541059,8
3561704,9.887949907668428,6
3561708,9.930577685508892,4
3561718,9.787608877306843,10
3561731,9.711205994710111,13
3561739,9.876577457674937,8
3561753,9.712766588392762,14
3561767,9.671550429138023,14
3561776,9.81871795229618,9
3561784,9.848151486647417,8
3561793,9.820621645841733,9
3561805,9.775720014601763,12
3561807,9.976971563485938,2
3561817,9.816851520342844,10
3561820,9.949841424441226,3
3561828,9.863666771293785,8
3561835,9.877860168434658,7
3561838,9.962956477564418,3
3561841,9.961464123641795,3
3561846,9.91539829580263,5
3561853,9.853595587930782,7
3561862,9.808380467780477,9
3561864,9.974564866381552,2
3561878,9.696194206142257,14
3561884,9.89694198961613,6
3561895,9.751517966751036,11
3561899,9.93327546013483,4
3561908,9.823810621950756,9
3561918,9.786320856882833,10
3561933,9.660489960680543,15
3561945,9.7233319183055,12
3561946,10.0,1
3561952,9.891794100436375,6
3561962,9.774502833681025,10
3561969,9.87322384468826,7
3561979,9.816637967050234,10
3561991,9.731009599120314,12
3561995,9.947018062418396,4
3562002,9.880919703666352,7
3562004,9.975107810795894,2
3562009,9.928945529872022,5
3562023,9.691295743465385,14
3562036,9.708812183568112,13
3562052,9.532754041566868,16
3562060,9.838490451594346,8
3562073,9.777584985940019,13
3562087,9.666693680458517,14
3562088,10.0,1
3562100,9.714960262580243,12
3562107,9.884226486965385,7
3562115,9.860995857137237,8
3562132,9.602823652564826,17
3562143,9.770270328233883,11
3562150,9.87976007140599,7
3562167,9.679481408839834,17
3562170,9.949570708611748,3
3562173,9.973821676007214,3
3562185,9.747585615171403,12
3562202,9.393819862397779,17
3562213,9.764354338966694,11
3562219,9.90507754507214,6
3562229,9.79158278988605,10
3562238,9.815160780281039,9
3562242,9.929478552860493,4
3562252,9.825727843669904,10
3562265,9.707844548029316,13
3562268,9.956131977222098,3
3562277,9.837460817087656,9
3562278,9.98832167213217,1
3562290,9.75510908598157,12
3562296,9.900628485086992,6
3562306,9.816150756955723,10
3562313,9.860891577055698,7
3562319,9.910421642331688,6
3562336,9.611011251413856,17
3562347,9.750673191649279,11
3562355,9.842843099137292,8
3562366,9.744159047163008,11
3562373,9.877662937135824,7
3562389,9.656354402156913,16
3562397,9.836123280806639,8
3562401,9.933311537761035,4
3562407,9.918417531730494,6
3562414,9.875671024036508,7
3562415,10.0,1
3562424,9.803640810171325,9
3562430,9.901500765052369,6
3562436,9.895873756644196,6
3562444,9.856949250648787,8
3562458,9.723061349784361,14
3562464,9.904647704374455,6
3562469,9.929326885394905,5
3562481,9.73293394983945,12
3562495,9.684614373000024,14
3562503,9.830686946838691,8
3562504,9.986688502998025,1
3562511,9.87308312198073,7
3562522,9.749267576315402,11
3562529,9.892205654141213,7
3562547,9.578582747948849,18
3562548,10.0,1
3562551,9.947798431816892,3
3562559,9.822340760576381,8
3562570,9.756313298146114,11
3562576,9.873830063034616,6
3562581,9.895082903588778,5
3562590,9.8126621607893,9
3562608,9.595173671967617,18
3562613,9.89213296853558,5
3562616,9.945896085574102,3
3562633,9.61412907264559,17
3562642,9.831451850845205,9
3562657,9.751357228936556,15
3562658,10.0,1
3562670,9.730315640295226,12
3562681,9.794606824102601,11
3562696,9.67477937369276,15
3562704,9.838478131099835,8
3562708,9.952109450559014,4
3562709,10.0,1
3562725,9.64001076239214,16
3562730,9.917731319193019,5
3562732,9.966703416125318,2
3562745,9.735526115422092,13
3562748,9.946655106411201,3
3562759,9.760800875394109,11
3562772,9.710421812476714,13
3562790,9.620209727628836,18
3562804,9.686909642476367,14
3562811,9.863266358765774,7
3562812,10.0,1
3562819,9.871626610061178,7
3562824,9.906818768088431,5
3562831,9.857237353932572,7
3562844,9.704417294049064,13
3562857,9.72186588074322,13
3562861,9.939787916870973,4
3562870,9.721926751892825,9
3562872,9.97054808905076,2
3562881,9.817825291979606,9
3562882,10.0,1
3562883,10.0,1
3562908,9.444387260357894,25
3562912,9.9434289088887,4
3562945,8.453503050853506,33
3562956,9.771549875768136,11
3562967,9.774758132024445,11
3562968,10.0,1
3562978,9.770932195352245,10
3562982,9.939285792319136,4
3562988,9.879209603528693,6
3562993,9.924926269992667,5
3563007,9.681967212312928,14
3563016,9.81314659769532,9
3563028,9.74028084978011,12
3563029,10.0,1
3563032,9.960240623563193,3
3563041,9.812595939421232,9
3563043,9.975319431045442,2
3563049,9.896536491441946,6
3563053,9.94043604485647,4
3563060,9.864157042799391,7
3563073,9.70522102938122,13
3563075,9.980998262938606,2
3563076,10.0,1
3563088,9.802950251353623,12
3563098,9.784379790880024,10
3563104,9.900548920388177,6
3563114,9.811714895773118,10
3563120,9.879787904811629,6
3563132,9.724372112857058,12
3563133,10.0,1
3563148,9.66248185300137,15
3563156,9.85767531243588,8
3563167,9.768681527892475,11
3563177,9.83840493245117,10
3563183,9.892777609362302,6
3563184,10.0,1
3563192,9.840943567574703,8
3563193,10.0,1
3563198,9.931194908587129,5
3563205,9.886758690528463,7
3563216,9.72850651081324,11
3563219,9.954786942186683,3
3563231,9.74190024057808,12
3563241,9.832769939813563,10
3563250,9.852514670364846,9
3563253,9.957225591137437,3
3563255,9.984167606550772,2
3563264,9.807123316246846,9
3563270,9.91508697317982,6
3563282,9.710721319913572,12
3563290,9.852371436887243,8
3563298,9.86329796047634,8
3563299,10.0,1
3563308,9.814434501116983,9
3563315,9.890599224517846,7
3563329,9.694443915812531,14
3563345,9.633304374054404,16
3563346,10.0,1
3563347,9.992501232513641,1
3563351,9.944269243968153,4
3563356,9.922490705535441,5
3563358,9.969547765107736,2
3563359,10.0,1
3563360,10.0,1
3563374,9.70985501541165,14
3563375,10.0,1
3563381,9.89923854403802,6
3563394,9.714943907672325,13
3563398,9.94867295220527,4
3563405,9.893879388937851,7
3563411,9.887248343918232,6
3563425,9.675042726403179,14
3563432,9.854842872491632,7
3563444,9.735318762442846,12
3563457,9.711739977999638,13
3563464,9.868430347968392,7
3563465,10.0,1
3563473,9.871305175470091,8
3563485,9.757070823274947,12
3563488,9.960755288875635,3
3563498,9.798265006819566,10
3563504,9.887946538679321,6
3563505,10.0,1
3563513,9.830478167157281,8
3563520,9.858263079567633,7
3563526,9.89620724314394,6
3563536,9.809421581132899,10
3563542,9.912423303171582,6
3563547,9.907666776837955,5
3563563,9.61448606943902,16
3563572,9.821414507065223,9
3563583,9.762329620312011,11
3563593,9.604082842295092,10
3563599,9.884950226359159,6
3563610,9.586534043297876,11
3563611,10.0,1
3563616,9.933319249050601,5
3563627,9.797964562882012,11
3563640,9.703446126295649,13
3563642,9.970829600012621,2
3563660,9.607170706694358,18
3563661,10.0,1
3563669,9.8425626032679,8
3563686,9.639109971760744,17
3563691,9.923305185985345,5
3563694,9.952937384328875,3
3563708,9.691279004082864,14
3563724,9.53316236978656,16
3563734,9.789705583236277,10
3563744,9.772434614842485,10
3563749,9.915806484635327,5
3563759,9.77715958297372,10
3563764,9.910782016579349,5
3563770,9.888537124974592,6
3563783,9.721099088712078,13
3563798,9.639571714403528,15
3563799,10.0,1
3563808,9.826900142770697,9
3563814,9.897425605427369,6
3563828,9.708498277942235,14
3563829,10.0,1
3563840,9.759962386768198,11
3563841,10.0,1
3563860,9.598929537495088,19
3563869,9.739581571033465,9
3563877,9.866860221316205,8
3563885,9.837297469991022,8
3563898,9.679205887416973,13
3563901,9.951863229851423,3
3563907,9.896000554806092,6
3563908,10.0,1
3563915,9.863650162218867,7
3563930,9.687387064631455,15
3563942,9.740852037180936,12
3563943,10.0,1
3563955,9.735686754317639,12
3563963,9.826337633606132,8
3563971,9.866538054610643,8
3563989,9.575488628724486,18
3563995,9.880766849916855,6
3564002,9.880798043397526,7
3564009,9.878104092831586,7
3564010,10.0,1
3564015,9.924978097883054,5
3564027,9.738170694845122,12
3564028,10.0,1
3564039,9.804170559705208,11
3564040,10.0,1
3564048,9.824883118002587,8
3564051,9.848060886579226,3
3564059,9.833065395094252,8
3564060,10.0,1
3564064,9.940919970844059,4
3564067,9.963150693485332,3
3564074,9.858530431153376,7
3564085,9.785250049391758,11
3564089,9.943251054586808,4
3564093,9.946798342673013,4
3564100,9.87399823454166,7
3564101,10.0,1
3564112,9.770773780553897,11
3564116,9.920824658752924,4
3564117,10.0,1
3564129,9.738691950023846,12
3564130,10.0,1
3564135,9.912602793078488,5
3564142,9.900067998567058,7
3564160,9.623838422948058,18
3564162,9.979054968964938,2
3564170,9.845550236947737,8
3564173,9.960705274496362,3
3564181,9.838026519961028,8
3564193,9.763199242158198,12
3564195,9.972239248385591,2
3564203,9.851216818716185,8
3564212,9.828045099914926,9
3564217,9.904797703121186,5
3564227,9.790788298982413,10
3564232,9.922319629226644,5
3564237,9.927474251756179,5
3564244,9.84371417908104,7
3564247,9.957795674846649,3
3564256,9.833234526678135,9
3564260,9.933898092406995,4
3564267,9.884247243372931,7
3564282,9.748090875893125,15
3564317,9.417744393146942,35
3564329,9.738627784777476,12
3564343,9.682731376527968,14
3564348,9.924563308487821,5
3564358,9.80153856663345,10
3564369,9.757629257078545,11
3564379,9.824330656686548,10
3564392,9.702089678493467,13
3564403,9.77597558058681,11
3564404,10.0,1
3564420,9.651168615144913,16
3564421,10.0,1
3564428,9.868109661878425,7
3564441,9.708623181163007,13
3564452,9.781669652334847,11
3564466,9.713308404341483,14
3564469,9.962736610168914,3
3564475,9.916839333153836,6
3564478,9.953484875083234,3
3564489,9.760203277898793,11
3564490,10.0,1
3564491,10.0,1
3564501,9.803547274569167,10
3564514,9.708491366167433,13
3564525,9.776418703300042,11
3564532,9.885968401072722,7
3564546,9.72378479620077,14
3564550,9.94295547779794,4
3564562,9.782349491209327,12
3564571,9.833265660267758,9
3564575,9.93499665244946,4
3564584,9.827056796457502,9
3564600,9.664038563747944,16
3564601,10.0,1
3564609,9.818194337939044,8
3564611,9.975764341146839,2
3564617,9.901326547162986,6
3564625,9.849932893964573,8
3564630,9.9132199515654,5
3564634,9.93756039126672,4
3564641,9.868103198995193,7
3564655,9.73557269034464,14
3564666,9.736394742668702,11
3564667,10.0,1
3564671,9.937967732572968,4
3564685,9.709310969642589,14
3564697,9.739995399149906,12
3564702,9.926346828075527,5
3564713,9.789012503740627,11
3564722,9.810115162030879,9
3564735,9.701005632422612,13
3564746,9.788745769016483,11
3564752,9.888054887275372,6
3564759,9.883031320086571,7
3564773,9.684998334426055,14
3564786,9.778834255659488,13
3564792,9.918333951429343,6
3564803,9.76373610486234,11
3564814,9.75090387877756,11
3564827,9.710017592651125,13
3564834,9.863855506626221,7
3564839,9.906907141832594,5
3564850,9.77939876224551,11
3564851,10.0,1
3564869,9.629755179384173,18
3564878,9.795557562337613,9
3564890,9.727447416268806,12
3564899,9.803569756575833,9
3564908,9.831927915923256,9
3564921,9.698000264106762,13
3564927,9.897749229740937,6
3564930,9.967695415624563,3
3564936,9.911083199486658,6
3564945,9.817113560321713,9
3564949,9.938431543673033,4
3564967,9.677641732057008,18
3564976,9.823030059356144,9
3564990,9.695245703265678,14
3564996,9.890855466054326,6
3565007,9.7581413563086,11
3565014,9.862880006567528,7
3565026,9.792379923462708,12
3565028,9.973159930277232,2
3565035,9.8592619357504,7
3565047,9.73570946423587,12
3565053,9.896715436941424,6
3565064,9.77293312641612,11
3565065,9.996192765259906,1
3565075,9.802160026168556,10
3565085,9.778900873789881,10
3565100,9.658438689302212,15
3565114,9.674698343006348,14
3565128,9.685433708361238,14
3565136,9.826194280852878,8
3565151,9.652211029564839,15
3565160,9.825252408670547,9
3565163,9.962361031716238,3
3565174,9.751229935424552,11
3565186,9.798766951832786,12
3565194,9.862151466353534,8
3565195,9.992593440741361,1
3565199,9.93600641558475,4
3565209,9.778408084271078,10
3565228,9.523510590693679,19
3565244,9.627007651472319,16
3565267,9.389129034314307,23
3565271,9.931632716969776,4
3565280,9.799191489488427,9
3565291,9.773153892503817,11
3565295,9.74858051909417,4
3565296,10.0,1
3565307,9.589981140502752,11
3565315,9.851153286174583,8
3565319,9.945656382229064,4
3565329,9.783596823045292,10
3565340,9.765373911917358,11
3565351,9.763309948231706,11
3565361,9.79696107743195,10
3565376,9.658057877606902,15
3565389,9.713187289275242,13
3565394,9.925293924914792,5
3565408,9.736767667118805,14
3565414,9.899730139171623,6
3565421,9.864083833078832,7
3565433,9.727961799473254,12
3565445,9.71672663245634,12
3565455,9.805212811921221,10
3565463,9.847456176046279,8
3565464,10.0,1
3565477,9.746404891711611,13
3565482,9.926650764554177,5
3565485,9.956802690504768,3
3565486,10.0,1
3565495,9.81567874796134,9
3565503,9.874164741955845,8
3565514,9.772289378500252,11
3565515,10.0,1
3565526,9.806313234769593,11
3565538,9.784564613369925,12
3565548,9.78586260934153,10
3565560,9.737773061183892,12
3565566,9.900059606160623,6
3565572,9.906350113049886,6
3565581,9.853426545024817,9
3565586,9.928140087194953,5
3565591,9.925646286529227,5
3565593,9.979974999012029,2
3565594,10.0,1
3565600,9.884403943269112,6
3565616,9.656865077357194,16
3565625,9.858781783504519,9
3565641,9.654957446985,16
3565647,9.920660505994523,6
3565658,9.789608627909843,11
3565671,9.731150388662648,13
3565678,9.865255648853106,7
3565684,9.88442605568375,6
3565687,9.950969279415403,3
3565688,10.0,1
3565690,9.974920485311431,2
3565697,9.873463020556812,7
3565707,9.568548183484584,10
3565717,9.799001414638404,10
3565724,9.870108503861214,7
3565734,9.797122686405256,10
3565735,10.0,1
3565743,9.822484358931122,8
3565749,9.897293876872643,6
3565750,10.0,1
3565755,9.909197861587403,5
3565761,9.905462939701716,6
3565777,9.665882057726092,16
3565785,9.841201933350614,8
3565788,9.955140918329388,3
3565792,9.945815098751812,4
3565797,9.919215325187533,5
3565807,9.788472827245972,10
3565820,9.725551302067684,13
3565828,9.650867295025336,8
3565844,9.649320428632171,16
3565853,9.823142154478727,9
3565859,9.906443512978639,6
3565869,9.787089202528344,10
3565879,9.788061329680522,10
3565888,9.793500285775691,9
3565895,9.852372408450133,7
3565896,10.0,1
3565904,9.874976093418462,8
3565910,9.892307234203416,6
3565926,9.63302777166677,16
3565932,9.888545390575205,6
3565940,9.734868414051482,8
3565941,10.0,1
3565943,9.978314447349213,2
3565954,9.775390205384241,11
3565959,9.922301482713845,5
3565975,9.410093363388983,16
3565980,9.924347669523659,5
3565982,9.985386433949587,2
3565992,9.799557220539675,10
3566003,9.788297050455556,11
3566004,10.0,1
3566008,9.936084064374828,4
3566013,9.936004276087363,5
3566020,9.875489093872341,7
3566027,9.880351806730985,7
3566042,9.710706116069591,15
3566048,9.907178580288276,6
3566058,9.819809745347573,10
3566061,9.96072746842538,3
3566072,9.76578954654893,11
3566083,9.743142011239204,11
3566093,9.789987626461073,10
3566111,9.613424684344471,18
3566119,9.840919654999114,8
3566134,9.645082157017448,15
3566142,9.84068231892593,8
3566147,9.908773356415994,5
3566157,9.7864262339526,10
3566164,9.853257264019732,7
3566177,9.642428230721524,13
3566190,9.784389956345109,13
3566191,9.996549971494854,1
3566203,9.789575068476628,12
3566214,9.797235303728721,11
3566228,9.576562458686519,14
3566233,9.914572858886547,5
3566245,9.727097054096575,12
3566253,9.828223270128731,8
3566254,10.0,1
3566265,9.769974278611791,11
3566274,9.811472194787509,9
3566279,9.921229220615537,5
3566286,9.870397964506056,7
3566287,10.0,1
3566290,9.9682045155407,3
3566295,9.915467500292795,5
3566296,10.0,1
3566305,9.832271822256475,9
3566316,9.781604096831717,11
3566325,9.831036005997166,9
3566335,9.79378161997221,10
3566336,10.0,1
3566343,9.866714461873324,7
3566344,10.0,1
3566349,9.898268075113101,5
3566361,9.735186337680785,12
3566375,9.717698957249532,14
3566384,9.820864636327972,9
3566391,9.866470905063732,7
3566394,9.9584359670931,3
3566396,9.982055601900669,2
3566403,9.86941209298033,7
3566412,9.61248473827958,9
3566417,9.918458683800527,5
3566425,9.872644861150803,8
3566439,9.70029539335345,14
3566446,9.868756716244729,7
3566461,9.67107715544931,15
3566462,10.0,1
3566468,9.880769311931816,6
3566476,9.87352223665027,8
3566487,9.770086009382695,11
3566488,9.992851159083898,1
3566497,9.846151427948623,9
3566505,9.818806991902028,8
3566513,9.843771298716723,8
3566522,9.852746442353933,9
3566530,9.85565978100884,8
3566542,9.755800259164292,12
3566551,9.809701732421269,9
3566558,9.870037292151713,7
3566570,9.763596619122788,12
3566576,9.890966227749484,6
3566584,9.872176384882072,8
3566599,9.655128214574578,15
3566600,10.0,1
3566605,9.918792519365608,5
3566616,9.791697272371518,11
3566624,9.839981655655256,8
3566632,9.82520151493704,8
3566639,9.865532071093542,7
3566643,9.954796500643248,4
3566649,9.898633083486773,6
3566654,9.928870077672858,5
3566662,9.835880047578195,8
3566667,9.93811130156663,5
3566670,9.96684157480933,3
3566673,9.960677415359948,3
3566687,9.680124826283864,14
3566694,9.87955139109701,7
3566703,9.807572960540522,9
3566704,10.0,1
3566705,10.0,1
3566711,9.897458376313919,6
3566712,10.0,1
3566718,9.899374397507028,6
3566729,9.738781690460666,11
3566738,9.85074056301606,9
3566756,9.682988909260763,18
3566759,9.955926449469178,3
3566772,9.715866533260433,13
3566786,9.720408911938888,14
3566792,9.898955634221597,6
3566803,9.76333282104759,11
3566815,9.735314685477052,12
3566823,9.835071557301138,8
3566832,9.807536671962279,9
3566846,9.721550564142253,14
3566851,9.923184530798695,5
3566852,9.98917744094344,1
3566856,9.927968256559616,4
3566868,9.747361623129027,12
3566872,9.933192383756566,4
3566882,9.798753893521186,10
3566885,9.972374019968411,3
3566893,9.840709010492889,8
3566906,9.612468198270788,13
3566917,9.774523322887983,11
3566930,9.727767176347559,13
3566942,9.720085872471252,12
3566952,9.804007070809734,10
3566967,9.728058355908141,15
3566973,9.900902888045728,6
3566974,10.0,1
3566982,9.883213023195815,8
3566989,9.895918931744173,7
3567000,9.754481815574808,11
3567001,10.0,1
3567016,9.667840487112558,15
3567032,9.68959059862236,16
3567050,9.608881437728654,18
3567054,9.92832054314377,4
3567065,9.766723310697829,11
3567071,9.900850723258268,6
3567077,9.899261716752909,6
3567082,9.910647056984079,5
3567089,9.863776777111443,7
3567090,10.0,1
3567097,9.859755005368731,7
3567104,9.86182206243791,7
3567114,9.768851997938015,10
3567119,9.916885045179896,5
3567123,9.937155309476154,4
3567138,9.686672278235417,15
3567145,9.865684748850363,7
3567154,9.794578654025475,9
3567166,9.739495006460372,12
3567173,9.862873199614342,7
3567184,9.744332076308227,11
3567197,9.701253043196346,13
3567210,9.725463482107392,13
3567211,10.0,1
3567224,9.720953528654002,13
3567236,9.713096674276773,12
3567239,9.962035330439425,3
3567249,9.78882675921192,10
3567254,9.917222920015341,5
3567259,9.903542572779289,5
3567263,9.931497451338952,4
3567264,9.995859271099775,1
3567271,9.865269097154188,7
3567280,9.811832034582629,9
3567284,9.942489250132018,4
3567289,9.923022725657406,5
3567295,9.87552233903205,6
3567300,9.906813176955023,5
3567305,9.926818976466363,5
3567316,9.772960339585932,11
3567318,9.97821247759269,2
3567326,9.834646116476627,8
3567334,9.833035395614177,8
3567343,9.794448490114979,9
3567345,9.97962863782988,2
3567358,9.703713336030164,13
3567368,9.80253814332324,10
3567378,9.835819425649243,10
3567385,9.852740421055115,7
3567389,9.954154035538938,4
3567395,9.896188328646014,6
3567404,9.803880040189933,9
3567413,9.815099961512892,9
3567425,9.736210208101665,12
3567430,9.921584654501592,5
3567441,9.750817302872653,11
3567446,9.71170568828626,5
3567464,9.58795380862163,18
3567465,10.0,1
3567467,9.984565765930853,2
3567468,10.0,1
3567478,9.787851921046608,10
3567486,9.833872453813598,8
3567489,9.964564680535767,3
3567496,9.75395646526209,7
3567507,9.759272914921933,11
3567514,9.89770410703533,7
3567534,9.514272257394202,20
3568034,-20.848593934598973,500
3568047,9.715498897532719,13
3568054,9.876516209327141,7
3568067,9.710198988129976,13
3568074,9.889038696495048,7
3568083,9.817564191171785,9
3568094,9.800294299691213,11
3568095,10.0,1
3568097,9.777160674338056,2
3568101,9.943824493863366,4
3568109,9.826990159182428,8
3568119,9.793474219815892,10
3568132,9.7256738185907,13
3568133,10.0,1
3568145,9.769453657750228,12
3568149,9.933619591397724,4
3568162,9.70356168449847,13
3568170,9.873940668349817,8
3568171,9.996627499677109,1
3568180,9.805318391144635,9
3568183,9.962248561784554,3
3568192,9.829589888688412,9
3568194,9.970622853458659,2
3568200,9.886372449303654,6
3568201,10.0,1
3568202,10.0,1
3568212,9.798165304021502,10
3568213,10.0,1
3568214,10.0,1
3568217,9.970765732179892,3
3568229,9.737636891580955,12
3568236,9.863305719101126,7
3568242,9.896753844469469,6
3568243,9.987329536327593,1
3568248,9.925478790425672,5
3568249,9.992355929434236,1
3568255,9.894390347785711,6
3568260,9.90786533787254,5
3568277,9.619163816366415,17
3568293,9.547211888308505,16
3568302,9.83470865007104,9
3568308,9.896433322497925,6
3568316,9.837866468757193,8
3568318,9.97368937674515,2
3568323,9.918132089584505,5
3568327,9.945704140531664,4
3568334,9.88433589844544,7
3568350,9.718261121888599,16
3568355,9.910345219442359,5
3568362,9.771703138678207,7
3568378,9.609835684455938,16
3568395,9.633040552436539,17
3568407,9.746453397878032,12
3568408,9.989296851396334,1
3568418,9.788753145838422,10
3568426,9.852338479940764,8
3568437,9.778358746338949,11
3568454,9.635119018388593,17
3568463,9.799589566581203,9
3568472,9.810640550383699,9
3568482,9.79409472557437,10
3568489,9.854280764350197,7
3568496,9.884313095598223,7
3568501,9.905908593952034,5
3568512,9.758325509851648,11
3568525,9.744654464449525,13
3568537,9.74127711173251,12
3568540,9.949245534665202,3
3568546,9.903192278448259,6
3568557,9.781315975488429,11
3568568,9.740286528403454,11
3568583,9.644981410840462,15
3568587,9.93646322477135,4
3568598,9.760331111991015,11
3568606,9.859698352638748,8
3568607,10.0,1
3568609,9.978342373578514,2
3568615,9.887321388028898,6
3568620,9.92204551887226,5
3568627,9.877885263053878,7
3568631,9.951224126688812,4
3568632,10.0,1
3568643,9.769388198418463,11
3568650,9.87870569548973,7
3568658,9.838165230521616,8
3568671,9.70140174325814,13
3568676,9.930973885440196,5
3568689,9.737315658248566,13
3568699,9.782038328428865,10
3568710,9.730763512611277,11
3568716,9.884691417671442,6
3568745,9.140480041500043,29
3568763,9.541402846228765,18
3568774,9.771411598768097,11
3568790,9.649510440270094,16
3568796,9.901743876539074,6
3568798,9.974219063080866,2
3568808,9.813714197866,10
3568819,9.783167556740247,11
3568820,10.0,1
3568828,9.830430597501756,8
3568837,9.807333031970709,9
3568851,9.66716420147602,14
3568854,9.960711323069837,3
3568862,9.8212617239255,8
3568875,9.720919282868028,13
3568885,9.808323443515345,10
3568893,9.851359275235321,8
3568894,10.0,1
3568904,9.783737971760672,10
3568913,9.839116728432673,9
3568919,9.896999471659708,6
3568925,9.900765439348538,6
3568934,9.81445559169533,9
3568942,9.829695081352625,8
3568954,9.736942401644761,12
3568965,9.739275063293164,11
3568972,9.855858451404705,7
3568977,9.91856933851785,5
3568982,9.91179714605389,5
3568990,9.845843569944416,8
3569004,9.672846082624748,14
3569014,9.80292114942518,10
3569022,9.84197866925128,8
3569023,10.0,1
3569025,9.969672219001856,2
3569026,10.0,1
3569043,9.62137758287323,17
3569049,9.881801286619345,6
3569055,9.89332192934056,6
3569065,9.779389963615467,10
3569069,9.947326181397953,4
3569078,9.821497549726786,9
3569088,9.85686442582337,10
3569094,9.896540323655024,6
3569103,9.82963367870444,9
3569116,9.739433507356694,13
3569131,9.65331980361297,15
3569139,9.836819133010994,8
3569143,9.935980550429516,4
3569152,9.821521929196749,9
3569156,9.941568604912563,4
3569167,9.788559758400666,11
3569170,9.965344587302791,3
3569180,9.77659973039716,10
3569190,9.799269185654822,10
3569199,9.826316464149611,9
3569213,9.703661411105543,14
3569231,9.60172923574648,18
3569242,9.766516478516174,11
3569254,9.766968701961755,12
3569264,9.770695697595812,10
3569270,9.879303078623156,6
3569279,9.81465932629247,9
3569294,9.71287174746835,15
3569302,9.827900120363479,8
3569313,9.790436522468106,11
3569329,9.672648089553643,16
3569332,9.966291260393408,3
3569348,9.617478786081492,16
3569358,9.788260457884542,10
3569368,9.781864491406438,10
3569380,9.739204775015207,12
3569387,9.869297926054614,7
3569397,9.836636766534063,10
3569405,9.854188385008888,8
3569411,9.896666158577538,6
3569422,9.784553192692671,11
3569423,10.0,1
3569429,9.90249099867133,6
3569441,9.738652843642088,12
3569448,9.858268329733468,7
3569455,9.842142476273184,7
3569465,9.789069693940272,10
3569472,9.854789069909355,7
3569475,9.957259534979238,3
3569492,9.56831687036014,17
3569499,9.86931190113193,7
3569510,9.758793754579122,11
3569516,9.891022072028269,6
3569518,9.974863485638204,2
3569523,9.90562856601517,5
3569529,9.882228495148095,6
3569541,9.772004006759056,12
3569548,9.89142580376949,7
3569560,9.756101093002812,12
3569566,9.874326533208096,6
3569571,9.915152038311353,5
3569587,9.629486550079605,16
3569592,9.911736982315697,5
3569602,9.822231835931918,10
3569607,9.919457271044163,5
3569618,9.774445631795183,11
3569628,9.799477333930328,10
3569637,9.809533753233092,9
3569647,9.776693460332496,10
3569648,10.0,1
3569653,9.923391638515623,5
3569658,9.917727201647685,5
3569674,9.438542266841678,16
3569675,9.996582767964806,1
3569682,9.849115444136329,7
3569692,9.833711408570712,10
3569696,9.946891569618456,4
3569709,9.695552863552342,13
3569712,9.951371865753156,3
3569721,9.795372283990869,9
3569736,9.650100192326962,15
3569743,9.776196639458385,7
3569753,9.82098444426668,10
3569760,9.853944622138785,7
3569761,9.988561945174835,1
3569774,9.705538464809788,13
3569783,9.839590555819136,9
3569796,9.71970513233213,13
3569808,9.567946696448892,12
3569817,9.825379045949656,9
3569821,9.953581150969752,4
3569840,9.526201192629557,19
3569855,9.63874110624561,15
3569863,9.827945080819134,8
3569870,9.861379780439208,7
3569871,9.991657206102657,1
3569872,9.988427180393142,1
3569873,10.0,1
3569884,9.771469925886562,11
3569892,9.8195373015375,8
3569905,9.714679073166463,13
3569909,9.926907135923999,4
3569910,9.987347022842705,1
3569911,10.0,1
3569922,9.760455473190262,11
3569924,9.977700096885313,2
3569936,9.746688953656006,12
3569939,9.95894409159683,3
3569953,9.688543884188062,14
3569954,10.0,1
3569964,9.785894844152182,10
3569967,9.953536161664372,3
3569975,9.84148506058928,8
3569984,9.803079096519369,9
3569992,9.840298349720387,8
3569993,9.992502154228438,1
3570001,9.828634012684478,8
3570005,9.955588446473419,4
3570015,9.775506136141257,10
3570025,9.800992518416813,10
3570032,9.847103619194236,7
3570036,9.92801258508795,4
3570048,9.716476685122226,12
3570052,9.919723654422226,4
3570053,10.0,1
3570055,9.983395176691182,2
3570068,9.698502103321744,13
3570073,9.898589659756164,5
3570079,9.89167164706186,6
3570091,9.713700054190083,12
3570101,9.774022405996487,10
3570106,9.918189309124507,5
3570114,9.81853981227563,8
3570115,10.0,1
3570124,9.808159722377917,9
3570131,9.863875115181466,7
3570142,9.780676074837224,11
3570143,10.0,1
3570150,9.859392105243451,7
3570155,9.914609593007786,5
3570159,9.946606238494622,4
3570160,10.0,1
3570161,10.0,1
3570182,9.317729144681872,21
3570183,10.0,1
3570195,9.644367605152823,12
3570204,9.613026186815661,9
3570216,9.75073870681527,12
3570227,9.794644648905155,11
3570240,9.729319646595608,13
3570247,9.872404431905013,7
3570257,9.78583461343647,10
3570258,10.0,1
3570266,9.844273310249832,8
3570272,9.902535134883731,6
3570283,9.642634067690995,11
3570293,9.796975112330738,10
3570302,9.8019149483919,9
3570312,9.787506099914753,10
3570319,9.864113087193092,7
3570324,9.919779808580234,5
3570329,9.929991356915348,5
3570334,9.919910788105518,5
3570343,9.827011543875754,9
3570354,9.752187790571687,11
3570364,9.799152326777588,10
3570373,9.818629630944283,9
3570374,10.0,1
3570386,9.74671272762248,12
3570400,9.714757464715465,14
3570408,9.85091627931264,8
3570413,9.926513316239104,5
3570418,9.927437181426063,5
3570429,9.765094491173931,11
3570446,9.604739678140964,17
3570447,9.987061508366661,1
3570453,9.907057652036379,6
3570457,9.937022301984411,4
3570461,9.936054686278535,4
3570475,9.73643648851512,14
3570481,9.882830237286218,6
3570498,9.612993563258753,17
3570505,9.884653218100857,7
3570506,10.0,1
3570510,9.93399641888826,4
3570525,9.681872719013947,15
3570533,9.857774886265352,8
3570544,9.774693921558615,11
3570557,9.737553477639786,13
3570571,9.726680876937532,14
3570579,9.67847700360489,8
3570584,9.927059999391695,5
3570594,9.82831278937108,10
3570600,9.89872931513824,6
3570606,9.907654715431201,6
3570607,10.0,1
3570614,9.885253634758456,7
3570624,9.80472865349572,10
3570625,10.0,1
3570637,9.713796952037699,12
3570641,9.926350875010899,4
3570645,9.94314467071618,4
3570652,9.877973000014823,7
3570661,9.817193977103088,9
3570666,9.923636627679087,5
3570681,9.651219840695127,15
3570693,9.775490078141427,12
3570704,9.744052593138816,11
3570709,9.940958717743982,5
3570710,10.0,1
3570718,9.853960665851218,8
3570723,9.929800871505252,5
3570724,9.986904219997607,1
3570734,9.807427515944902,10
3570745,9.765298222361402,11
3570754,9.818325105621811,9
3570755,10.0,1
3570763,9.856611527077119,8
3570764,10.0,1
3570771,9.860786510282383,7
3570774,9.966839214437563,3
3570775,10.0,1
3570785,9.749834584500453,10
3570790,9.911697751739204,5
3570804,9.70124569405585,14
3570805,10.0,1
3570806,10.0,1
3570812,9.86652792239881,6
3570819,9.860399873818048,7
3570836,9.580683505641503,17
3570843,9.865389201142092,7
3570861,9.548243886160941,18
3570867,9.887445367519472,6
3570879,9.760494313344683,12
3570888,9.798258033930042,9
3570896,9.854908282305297,8
3570912,9.636258957875256,16
3570917,9.926836717050831,5
3570927,9.77840800548193,10
3570933,9.901565493192294,6
3570944,9.779978213929654,11
3570957,9.738150877013851,13
3570970,9.747483683501194,13
3570973,9.956487093095951,3
3570982,9.831930373226664,9
3570984,9.979197490108719,2
3570997,9.706556015705592,13
3570999,9.986683082900813,2
3571003,9.945771798916159,4
3571009,9.8865535163682,6
3571015,9.881410115626839,6
3571029,9.696756077796973,14
3571039,9.781087098578897,10
3571041,9.9803349847762,2
3571056,9.662474647756126,15
3571071,9.699908372709906,15
3571077,9.879102929634813,6
3571082,9.925234090493865,5
3571086,9.943086397969399,4
3571094,9.832934674728822,8
3571097,9.963209944927844,3
3571108,9.772592267024406,11
3571115,9.879743352034538,7
3571120,9.918478752351934,5
3571121,10.0,1
3571136,9.675067900271108,15
3571150,9.678897408924222,14
3571151,10.0,1
3571164,9.723924175970051,13
3571177,9.694907563853606,13
3571181,9.92450322862949,4
3571184,9.947583704242572,3
3571195,9.745594818279855,11
3571203,9.839154962729319,8
3571207,9.941611285249772,4
3571216,9.83224831772269,9
3571224,9.82314814478905,8
3571233,9.836323975849131,9
3571239,9.877133928922515,6
3571251,9.725727735349235,12
3571262,9.81739406971187,11
3571277,9.649731948756264,15
3571289,9.73337351929197,12
3571298,9.820100636547105,9
3571303,9.913589366108384,5
3571312,9.825972587503024,9
3571325,9.713615778371903,13
3571340,9.632132192505647,15
3571345,9.907607942784567,5
3571355,9.818647625084992,10
3571358,9.949657150496948,3
3571365,9.858163845431243,7
3571366,9.987961524840872,1
3571370,9.946999650107243,4
3571375,9.917143958441587,5
3571379,9.950926473874208,4
3571381,9.967983087753693,2
3571386,9.916486493974366,5
3571407,9.424233274371279,21
3571413,9.890409087766834,6
3571414,10.0,1
3571426,9.687690133149582,12
3571427,10.0,1
3571428,10.0,1
3571434,9.881216676749855,6
3571438,9.94398097047496,4
3571447,9.7893956464251,9
3571456,9.822409037255994,9
3571464,9.738315197218759,8
3571472,9.857142470895768,8
3571477,9.910133507157745,5
3571479,9.979056727490702,2
3571490,9.772051146631565,11
3571500,9.808713034715261,10
3571503,9.957513333355465,3
3571514,9.805652908561587,11
3571530,9.646706659122085,16
3571531,9.992231006556771,1
3571538,9.870601698590932,7
3571540,9.98540885388943,2
3571546,9.908646762075499,6
3571554,9.83254680583643,8
3571563,9.813655282629426,9
3571571,9.843768906829348,8
3571584,9.727771194481942,13
3571597,9.70810294657094,13
3571603,9.899695843088631,6
3571605,9.981235360663034,2
3571613,9.843736641335223,8
3571617,9.934722104392561,4
3571624,9.87645513439954,7
3571640,9.679055726980101,16
3571655,9.582341170014208,15
3571671,9.628272803141467,16
3571681,9.80356117569631,10
3571699,9.473480984777892,18
3571708,9.80846174441758,9
3571715,9.87240483213316,7
3571716,10.0,1
3571720,9.733391893461828,4
3571730,9.789982273758323,10
3571743,9.714534165590608,13
3571753,9.815706575628964,10
3571759,9.884614650736294,6
3571761,9.971729512126151,2
3571768,9.860188995228633,7
3571777,9.817530383702671,9
3571795,9.610474961002744,18
3571796,10.0,1
3571811,9.514066763413775,15
3571818,9.871368674602238,7
3571822,9.948957729603103,4
3571828,9.9023841844487,6
3571833,9.91981926664799,5
3571840,9.863467043954154,7
3571841,10.0,1
3571847,9.888487974822317,6
3571862,9.643345417663284,15
3571872,9.53029107717495,10
3571880,9.841032669025907,8
3571887,9.860090614092273,7
3571893,9.910306911904572,6
3571900,9.887030330478671,7
3571906,9.904055917596395,6
3571919,9.74595360501432,13
3571930,9.786620611540613,11
3571939,9.83623613466279,9
3571945,9.874322977036309,6
3571955,9.797188968086243,10
3571961,9.90195709929142,6
3571973,9.759748387489056,12
3571983,9.777670250307299,10
3571995,9.733435313970215,12
3572006,9.660884283069526,11
3572010,9.946721383778607,4
3572014,9.939277568456886,4
3572024,9.798478020425923,10
3572025,10.0,1
3572032,9.863988878876386,7
3572033,10.0,1
3572037,9.92555309284279,4
3572047,9.776798692516333,10
3572049,9.976507244386525,2
3572055,9.892555015995095,6
3572071,9.641551855201113,16
3572079,9.868466422938887,8
3572088,9.801956790545864,9
3572099,9.751465990078088,11
3572111,9.763427556756904,12
3572120,9.743748162322552,9
3572126,9.895191190766804,6
3572135,9.838548259457875,9
3572136,9.992706801364413,1
3572148,9.62891367028403,12
3572158,9.787231871747586,10
3572170,9.715934923931432,12
3572181,9.775862652185472,11
3572192,9.784680550278804,11
3572195,9.961233241024564,3
3572205,9.775983313185028,10
3572219,9.57934013086288,14
3572225,9.903447892937734,6
3572235,9.8027755094312,10
3572246,9.821728428347946,11
3572247,9.988971130877829,1
3572250,9.952719717717091,3
3572258,9.862152333723397,8
3572264,9.901901656111688,6
3572273,9.807544970404521,9
3572313,9.17494914125534,40
3572322,9.836320807469702,9
3572323,9.996745132258715,1
3572331,9.868032451145607,8
3572343,9.74358513952965,12
3572352,9.817366033753995,9
3572358,9.883246373440459,6
3572372,9.686750065278757,14
3572377,9.9221904970156,5
3572383,9.882296781294533,6
3572395,9.740158485842498,12
3572403,9.858037330603464,8
3572410,9.86536962853599,7
3572424,9.746092755045602,14
3572426,9.975140250356104,2
3572439,9.71842784686052,13
3572443,9.932994295809172,4
3572452,9.848433726571503,9
3572457,9.910463696422157,5
3572465,9.879360979816125,8
3572475,9.783303598224558,10
3572488,9.738199711088212,13
3572489,10.0,1
3572494,9.922791983986839,5
3572503,9.802062217429397,9
3572511,9.85865658143725,8
3572523,9.739442781645382,12
3572524,10.0,1
3572537,9.742786348626604,13
3572548,9.734878721138903,11
3572555,9.868148426119074,7
3572563,9.73725309088986,8
3572573,9.81842264947845,10
3572580,9.871449479796523,7
3572588,9.85144438146087,8
3572592,9.941933192657618,4
3572597,9.905735087309486,5
3572598,10.0,1
3572602,9.939545693333258,4
3572604,9.968198666080422,2
3572614,9.815816028488916,10
3572616,9.974379311602968,2
3572624,9.846035329795344,8
3572630,9.89355863866027,6
3572640,9.77540072213038,10
3572649,9.828818202665033,9
3572650,10.0,1
3572655,9.905202004304142,5
3572675,9.210522618492801,20
3572683,9.852196373797637,8
3572694,9.755006777683686,11
3572710,9.035698642289914,16
3572721,9.792048810012714,11
3572735,9.706892898868842,14
3572737,9.97668942391537,2
3572738,10.0,1
3572739,9.993150648734925,1
3572746,9.873707355679672,7
3572748,9.984678357028972,2
3572762,9.777739970454135,14
3572771,9.832817905281692,9
3572780,9.810678570675124,9
3572785,9.903470751359437,5
3572792,9.880908125819312,7
3572802,9.778939392687379,10
3572816,9.326282322340456,14
3572817,10.0,1
3572821,9.745818996336395,4
3572825,9.942523295479615,4
3572831,9.879533260274918,6
3572843,9.64501046038454,12
3572877,0.6797682206539033,34
3572885,9.452182384079144,8
3572896,9.756473149761685,11
3572902,9.90426675331698,6
3572908,9.881491152118002,6
3572914,9.897610387812756,6
3572929,9.670558352940011,15
3572935,9.913280725954266,6
3572942,9.865227551246631,7
3572953,9.763251013277024,11
3572958,9.903277421243574,5
3572962,9.934532913569361,4
3572978,9.233241637249131,16
3572986,9.834135643699897,8
3572987,9.988852879501907,1
3572992,9.925823960064879,5
3573005,9.711210397407546,13
3573016,9.747340701258949,11
3573018,9.984892205510482,2
3573022,9.941780830920326,4
3573027,9.923746977783026,5
3573044,9.388105364729904,17
3573054,9.808231386001804,10
3573063,9.798093140208202,9
3573073,9.685629369133526,10
3573083,9.781851056016555,10
3573095,9.764041073328317,12
3573106,9.75053001669638,11
3573117,9.794539010998655,11
3573126,9.802397645141513,9
3573136,9.778315301938928,10
3573138,9.982546789711849,2
3573142,9.931376930150412,4
3573147,9.923219592603893,5
3573154,9.867440454259215,7
3573160,9.88918592285723,6
3573170,9.789435679229525,10
3573183,9.704824573062213,13
3573186,9.94666019136273,3
3573196,9.786603018959394,10
3573209,9.786111937884362,13
3573222,9.7113339686764,13
3573233,9.165912421471658,11
3573247,9.477220053178192,14
3573255,9.85786768584717,8
3573270,9.663168826180769,15
3573276,9.89402725713301,6
3573283,9.86780648185155,7
3573297,9.722935073209118,14
3573304,9.883752185155558,7
3573314,9.79525480057744,10
3573319,9.92889355841892,5
3573325,9.894535827709381,6
3573335,9.80387819382318,10
3573345,9.789367646053957,10
3573353,9.874869476141848,8
3573369,9.607709243287626,16
3573375,9.895404860215125,6
3573381,9.89118516601161,6
3573393,9.725502269832058,12
3573402,9.804180709094437,9
3573417,9.640129887531664,15
3573429,9.76575850746158,12
3573435,9.884695215286293,6
3573436,10.0,1
3573441,9.904703904398556,5
3573455,9.705740647829032,14
3573459,9.933452384718887,4
3573466,9.862397915267367,7
3573474,9.83782261157508,8
3573481,9.880726156814976,7
3573492,9.801851609506672,11
3573494,9.970452723570602,2
3573502,9.754515111716785,8
3574002,-15.984704246932019,500
3574011,9.623610289215831,9
3574016,9.905049280579858,5
3574023,9.865179444735064,7
3574030,9.657765557767373,7
3574032,9.977232161674118,2
3574033,10.0,1
3574044,9.759672091713988,11
3574056,9.7471097056011,12
3574068,9.765345816871978,12
3574072,9.945102039811465,4
3574076,9.92660957892021,4
3574084,9.858966742617493,8
3574095,9.748235761301947,11
3574098,9.948072523985179,3
3574110,9.745859084885105,12
3574121,9.753850555592077,11
3574140,9.144177279542228,19
3574147,9.876186240840585,7
3574153,9.888175959909086,6
3574160,9.861123160628525,7
3574161,9.993192522499598,1
3574163,9.981504376819192,2
3574164,10.0,1
3574170,9.909421616829187,6
3574180,9.790415997036344,10
3574186,9.891241557361553,6
3574204,8.860964092610022,18
3574215,9.759818058439258,11
3574225,9.785053478394754,10
3574240,9.644787645393043,15
3574242,9.973530226266442,2
3574249,9.870270036187817,7
3574253,9.940125310222436,4
3574265,9.75200481364701,12
3574266,9.989659872475947,1
3574284,9.61082727097487,18
3574296,9.72851173599542,12
3574307,9.767104381876557,11
3574312,9.898402876096135,5
3574314,9.970668728082538,2
3574324,9.781453194856923,10
3574330,9.910761836580145,6
3574340,9.800394975646432,10
3574343,9.96365177163936,3
3574348,9.916510755337425,5
3574354,9.873765086380908,6
3574362,9.84915959707915,8
3574371,9.813448330240677,9
3574871,-15.166226263559373,500
3574881,9.78457906477669,10
3574886,9.912422400808062,5
3574897,9.750930831070075,11
3574901,9.939505207689331,4
3574904,9.964002682531508,3
3574910,9.890130806312312,6
3574917,9.872321775501586,7
3574921,9.952533497921129,4
3574941,9.671620240685984,20
3574952,9.737788827738353,11
3574961,9.846190393974853,9
3574968,9.873281651350933,7
3574976,9.859410567883156,8
3574988,9.717543354307914,12
3575001,9.71681406808319,13
3575009,9.848545380413437,8
3575024,9.652927342686256,15
3575025,10.0,1
3575031,9.89407085072037,6
3575041,9.794565544744517,10
3575050,9.818920553979146,9
3575064,9.667793095318267,14
3575069,9.912999554283306,5
3575082,9.689148530832025,13
3575093,9.78133064163747,11
3575111,9.574035977224451,18
3575120,9.788790887635319,9
3575132,9.773020787264832,12
3575137,9.916466483132243,5
3575141,9.937099278684006,4
3575149,9.845589027213547,8
3575166,9.656279657417164,17
3575169,9.962383063960498,3
3575182,9.736926309044886,13
3575183,10.0,1
3575192,9.785781974181235,9
3575206,9.722218611881255,14
3575211,9.832394998922354,5
3575219,9.843059297152355,8
3575230,9.8121833688558,11
3575241,9.767694429625912,11
3575252,9.829104933131605,11
3575261,9.8168374791013,9
3575268,9.86652173693073,7
3575279,9.737910680502305,11
3575285,9.917658827187875,6
3575288,9.968506105253415,3
3575296,9.855458295489363,8
3575305,9.804777200219696,9
3575313,9.838905149071115,8
3575314,10.0,1
3575319,9.930253199152576,5
3575328,9.813315979404386,9
3575337,9.827876156400167,9
3575350,9.71123535963933,13
3575357,9.890751419934997,7
3575372,9.655405595267645,15
3575380,9.84756010111931,8
3575388,9.829101894593682,8
3575401,9.702157593893581,13
3575408,9.881814118214363,7
3575413,9.910539375254311,5
3575424,9.75462992274664,11
3575437,9.71888521227449,13
3575446,9.807837149923044,9
3575453,9.880570937487553,7
3575462,9.803575457966362,9
3575468,9.870965940009123,6
3575469,10.0,1
3575473,9.94110710001031,4
3575486,9.709409564932061,13
3575492,9.91662063764001,6
3575499,9.868817408591003,7
3575501,9.969674125510542,2
3575525,9.237118444836545,24
3575538,9.75162660802033,13
3575539,9.988740834475017,1
3575551,9.728741185259615,12
3575566,9.646759553829286,15
3575569,9.947445287997699,3
3575578,9.821198444021668,9
3575582,9.934578076897576,4
3575601,9.571634676062203,19
3575613,9.756903455156875,12
3575614,10.0,1
3575624,9.819818253957907,10
3575629,9.916123761324538,5
3575641,9.715176686884837,12
3575650,9.829229118496697,9
3575651,9.99267463118741,1
3575662,9.759281059453514,11
3575674,9.73232618077949,12
3575691,9.646994768866989,17
3575692,10.0,1
3575703,9.770062471815013,11
3575712,9.799067094967917,9
3575731,9.559371902913593,19
3575739,9.861323425605935,8
3575745,9.906818001051734,6
3575751,9.903083041206179,6
3575760,9.83825681381944,9
3575764,9.930786822853836,4
3575770,9.904403692599699,6
3575776,9.905348398577932,6
3575781,9.908721541381668,5
3575793,9.727452632859201,12
3575794,10.0,1
3575805,9.761969557651577,11
3575815,9.779323619569936,10
3575823,9.846590410012178,8
3575829,9.883668856994525,6
3575837,9.831424057988698,8
3575849,9.741438264034484,12
3575862,9.68233027729587,13
3575875,9.709413812630658,13
3575892,9.510375103334137,17
3575900,9.85085361681268,8
3575907,9.897374155791832,7
3575918,9.75906258776605,11
3575934,8.789373595977779,16
3575964,9.378026353540104,30
3575965,10.0,1
3575974,9.791459943606887,9
3575980,9.885833271650714,6
3575981,9.991883113385093,1
3575992,9.773340913385965,11
3575995,9.866660568969598,3
3576001,9.926268342561135,6
3576004,9.947400125963123,3
3576013,9.808372946409769,9
3576023,9.792410389925191,10
3576030,9.859697197414324,7
3576033,9.963196363315662,3
3576042,9.794158371445215,9
3576051,9.818198872521743,9
3576058,9.887768045443297,7
3576066,9.849200696692984,8
3576076,9.796764346740677,10
3576079,9.96192359873838,3
3576090,9.780842224783022,11
3576099,9.837181832682703,9
3576109,9.721827970568137,10
3576116,9.875122731653908,7
3576117,10.0,1
3576124,9.862931365488073,7
3576134,9.785571953287546,10
3576135,10.0,1
3576149,9.687151250174324,14
3576163,9.717593743646379,14
3576170,9.773008505375767,7
3576174,9.924858464256976,4
3576180,9.890998872855477,6
3576181,9.988816925794456,1
3576194,9.744916168224249,13
3576213,9.583261967268594,19
3576219,9.878370740687185,6
3576224,9.918795194178735,5
3576234,9.814990868290698,10
3576243,9.81750124534241,9
3576251,9.828255955592077,8
3576253,9.978620084948577,2
3576259,9.90519491385623,6
3576264,9.926349860321261,5
3576280,9.6088759712162,16
3576286,9.880980272439619,6
3576294,9.835134149227263,8
3576306,9.760828069978148,12
3576307,10.0,1
3576311,9.947899620452295,4
3576312,10.0,1
3576324,9.722493480392746,12
3576325,9.987395662887003,1
3576332,9.883132336649139,7
3576333,9.996079221346346,1
3576334,9.992590914941982,1
3576341,9.882911028485344,7
3576342,10.0,1
3576348,9.905796006087376,6
3576349,10.0,1
3576350,9.996565281659079,1
3576362,9.733596952938614,12
3576373,9.75679775709227,11
3576382,9.842445276442307,9
3576394,9.764677443866546,12
3576403,9.816040742783478,9
3576409,9.883679445610092,6
3576414,9.913161010633747,5
3576423,9.822631634024294,9
3576424,10.0,1
3576435,9.744717497871205,11
3576441,9.908012299595558,6
3576444,9.9631169462547,3
3576449,9.909461795186752,5
3576456,9.859701664095201,7
3576462,9.895306775646455,6
3576463,10.0,1
3576472,9.808232569954782,9
3576487,9.675045129235087,15
3576495,9.82068834649873,8
3576503,9.828411750588304,8
3576511,9.846775030512026,8
3576516,9.931970558868116,5
3576524,9.848394233984607,8
3576531,9.879959545814668,7
3576538,9.871119050203882,7
3576545,9.861239714719455,7
3576553,9.83463929618574,8
3576565,9.743834030237688,12
3576583,9.616100287784057,18
3576594,9.78487108599971,11
3576601,9.762856948713129,7
3576614,9.723568665550058,13
3576622,9.868370409640908,8
3576628,9.900219411855629,6
3576642,9.703403476255746,14
3576652,9.781318817528215,10
3576661,9.831471581299368,9
3576670,9.815020924433412,9
3576676,9.908736361848971,6
3576686,9.766243978152152,10
3576695,9.805072336795254,9
3576707,9.76492834044037,12
3576719,9.723573893857752,12
3576725,9.88723707439128,6
3576738,9.738262323718404,13
3576752,9.678945194993393,14
3576760,9.869609044067328,8
3576766,9.795079717527468,6
3576772,9.885214708747563,6
3576777,9.927043296221548,5
3576785,9.866059475454001,8
3576795,9.79175858847781,10
3576808,9.72094016875185,13
3576819,9.772580457483961,11
3576832,9.715456577794331,13
3576835,9.95942322931305,3
3576846,9.466889603196302,11
3576855,9.819545491832203,9
3576859,9.835724243253194,4
3576868,9.86169491535306,9
3576877,9.814901307031821,9
3576887,9.807155253233157,10
3576888,9.99634793464998,1
3576898,9.801358951698234,10
3576901,9.948334356162675,3
3576905,9.924832034827887,4
3576919,9.653986019493614,14
3576930,9.745720988017084,11
3576942,9.558304355291048,12
3576952,9.798299746261412,10
3576957,9.907627538122975,5
3576961,9.93906825591754,4
3576970,9.83655134769478,9
3576989,9.60972509503022,19
3577000,9.779940574772574,11
3577009,9.805261043466794,9
3577021,9.763603794383714,12
3577034,9.71908500220426,13
3577044,9.78279119829167,10
3577045,10.0,1
3577059,9.506717825218677,14
3577067,9.838380491745582,8
3577080,9.692688685775787,13
3577088,9.738353624847377,8
3577099,9.75044805348696,11
3577111,9.747331038273337,12
3577112,10.0,1
3577117,9.909806984992008,5
3577118,9.996126271078177,1
3577134,9.682274128851121,16
3577135,10.0,1
3577137,9.980887887793719,2
3577141,9.937815878553737,4
3577145,9.936201557727733,4
3577153,9.834349553056247,8
3577160,9.881530286505786,7
3577170,9.80478809641268,10
3577670,-203.03070954941256,500
3577685,9.654474762827016,15
3577697,9.756722781890922,12
3577706,9.837717887815893,9
3577714,9.848241074696755,8
3577731,9.59237640761763,17
3577742,9.765294490199294,11
3577750,9.832480246039013,8
3577761,9.783768692453403,11
3577762,9.992050524985624,1
3577772,9.789723379250287,10
3577777,9.919227506986172,5
3577780,9.954850737375281,3
3577791,9.763259988225114,11
3577797,9.898841392623897,6
3577802,9.917833180134988,5
3577818,9.672505268803333,16
3577829,9.663652226961844,11
3577843,9.746335560143889,14
3577859,9.616795314975278,16
3577871,9.732553842987079,12
3577872,10.0,1
3577876,9.942505629837763,4
3577888,9.75061812697345,12
3577895,9.875415425937442,7
3577898,9.960352071587106,3
3577899,10.0,1
3577900,10.0,1
3577915,9.69136755769328,15
3577922,9.864467500737259,7
3577923,10.0,1
3577934,9.80079801574431,11
3577940,9.888244761971585,6
3577949,9.825919167319526,9
3577963,9.703263028301556,14
3577968,9.91028608954621,5
3577979,9.781826132793956,11
3577986,9.88585428418773,7
3577990,9.930356103882206,4
3577998,9.838610846935405,8
3577999,9.987167993433136,1
3578009,9.768156632444331,10
3578021,9.735281251858442,12
3578031,9.783732609711741,10
3578039,9.844038526012692,8
3578040,10.0,1
3578054,9.674898724834355,14
3578068,9.705741966473974,14
3578069,9.992800086930295,1
3578070,10.0,1
3578076,9.896025540350657,6
3578090,9.710091155464795,14
3578100,9.790688410786618,10
3578116,9.649967618606345,16
3578124,9.853698639327021,8
3578134,9.80397793907706,10
3578135,10.0,1
3578139,9.937723700764021,4
3578152,9.773548228445325,13
3578159,9.868694371101375,7
3578168,9.635279107500859,9
3578172,9.941405309574051,4
3578173,10.0,1
3578183,9.81465234270069,10
3578185,9.97211714453238,2
3578186,10.0,1
3578194,9.84694805448004,8
3578208,9.717346226943285,14
3578211,9.957162025110753,3
3578212,10.0,1
3578219,9.867480025531643,7
3578239,9.502817494940677,20
3578253,9.660533294569365,14
3578264,9.398444812524371,11
3578265,10.0,1
3578280,9.643612659575451,15
3578290,9.795127646242301,10
3578296,9.88714098359759,6
3578298,9.975588153567186,2
3578302,9.93173047274027,4
3578311,9.851442816245186,9
3578324,9.723650193522559,13
3578331,9.86737587143722,7
3578341,9.81769672927168,10
3578344,9.957012064692337,3
3578350,9.906200968726191,6
3578356,9.915074080429276,6
3578367,9.748325820843606,11
3578368,10.0,1
3578376,9.836763892505854,8
3578380,9.931671724599287,4
3578383,9.960228528516772,3
3578400,9.612457720703075,17
3578409,9.818085712842272,9
3578410,10.0,1
3578421,9.772764639778357,11
3578432,9.765000139003009,11
3578439,9.88192559005491,7
3578453,9.65955403769747,14
3578457,9.935104932903132,4
3578466,9.845875851088035,9
3578475,9.806659172447196,9
3578477,9.972162821102893,2
3578493,9.642597523196832,16
3578503,9.786283808429575,10
3578504,10.0,1
3578519,9.696084095748404,15
3578532,9.706607119278576,13
3578545,9.718571648198509,13
3578555,9.787135346828245,10
3578564,9.810868548218894,9
3578576,9.734374108555302,12
3578587,9.800076945254455,11
3578588,10.0,1
3578589,10.0,1
3578592,9.954353236208922,3
3578600,9.822116093417762,8
3578612,9.726385082836426,12
3578621,9.822637534298133,9
3578628,9.852847090233771,7
3578634,9.88009802863817,6
3578642,9.832587485636298,8
3578655,9.692101105154185,13
3578659,9.942590149492206,4
3578667,9.865699378878713,8
3578674,9.860761572028922,7
3578687,9.709671854104576,13
3578703,9.642617693528283,16
3578713,9.776284188538563,10
3578726,9.735763819982811,13
3578738,9.745582101566466,12
3578750,9.648762083452201,12
3578751,10.0,1
3578755,9.932845065135803,4
3578767,9.720276170287532,12
3578774,9.890585201391435,7
3578784,9.788968844174638,10
3578789,9.93002500414224,5
3578798,9.82456897241546,9
3578807,9.803411898312838,9
3578822,9.664602789684713,15
3578825,9.957474961616944,3
3578828,9.969903647677608,3
3578829,10.0,1
3578837,9.846466036398983,8
3578848,9.741050848730142,11
3578858,9.774050701962949,10
3578870,9.7080863344179,12
3578876,9.89409668763684,6
3578891,9.623035395384026,15
3578904,9.717358216404094,13
3578908,9.9454078087109,4
3578923,9.653564249270099,15
3578931,9.838081323375848,8
3578935,9.939147349161265,4
3578943,9.849341786834579,8
3578953,9.837413597372949,10
3578961,9.860690550033002,8
3578969,9.863422520543141,8
3578981,9.749197273799357,12
3578997,9.69966382762053,16
3579011,9.674035081174537,14
3579019,9.848072139765783,8
3579027,9.844963704407606,8
3579039,9.755069711791444,12
3579045,9.879192567999327,6
3579050,9.923577297851649,5
3579057,9.880498402654096,7
3579065,9.849003901218031,8
3579073,9.84179327328715,8
3579081,9.835483138646437,8
3579082,10.0,1
3579091,9.817087321350185,9
3579096,9.921709802818821,5
3579108,9.740982322350355,12
3579118,9.7793670442387,10
3579123,9.915693702928612,5
3579139,9.652101563502837,16
3579145,9.889198572429253,6
3579156,9.773571587788156,11
3579167,9.763081380389671,11
3579173,9.87281763188313,6
3579185,9.729440220930913,12
3579190,9.922082757018002,5
3579198,9.8651369147432,8
3579216,9.60373482985851,18
3579225,9.814249549788473,9
3579239,9.681062304143138,14
3579248,9.823771340387147,9
3579249,10.0,1
3579257,9.857866744343577,8
3579268,9.764413996344784,11
3579273,9.910404534856102,5
3579274,10.0,1
3579275,10.0,1
3579288,9.72208972341384,13
3579304,9.647577093611526,16
3579314,9.782615647113206,10
3579319,9.913863192352274,5
3579326,9.860453818175753,7
3579334,9.860562540581851,8
3579341,9.887698624362026,7
3579346,9.909018212303657,5
3579355,9.715306972503779,9
3579360,9.91294155874015,5
3579361,9.996223373419749,1
3579364,9.952709233280158,3
3579371,9.865561488521383,7
3579384,9.713424534085474,13
3579394,9.778307829305792,10
3579404,9.796969673953228,10
3579416,9.75154099117772,12
3579425,9.823617470457203,9
3579431,9.891754639972604,6
3579440,9.826577933798534,9
3579445,9.933434440453453,5
3579455,9.79894395765487,10
3579456,10.0,1
3579459,9.974359736140768,3
3579476,9.636697877245172,17
3579484,9.864334168320768,8
3579493,9.83059883696228,9
3579499,9.905107368184689,6
3579502,9.959995304359394,3
3579507,9.922442590866998,5
3579512,9.911181592990255,5
3579524,9.762058841205265,12
3579533,9.795412590127746,9
3579549,9.636710798273137,16
3579561,9.727497381940243,12
3579573,9.662150329165408,12
3579582,9.826390296509448,9
3579595,9.728026856592026,13
3579603,9.843506454252474,8
3579608,9.91266565204154,5
3579609,9.986914085877043,1
3579616,9.87307285797303,7
3579624,9.841467219800947,8
3579631,9.8599103224847,7
3579641,9.801454876774361,10
3579652,9.739170495104535,11
3579653,10.0,1
3579660,9.858462483646626,7
3579667,9.845641103955336,7
3579685,9.577139046757106,18
3579693,9.859610107233078,8
3579702,9.856713790883616,9
3579721,9.175485030215572,19
3579723,9.972045840185897,2
3579728,9.914192660313113,5
3579729,10.0,1
3579736,9.842216290448311,7
3579747,9.787790046379293,11
3579768,9.502946027304839,21
3579777,9.833190125513951,9
3579784,9.860407460700259,7
3579796,9.73634447369968,12
3579802,9.899475209298465,6
3579814,9.741176317460074,12
3579823,9.813256127658862,9
3579827,9.937879218284488,4
3579831,9.931342826190646,4
3579839,9.846481494141223,8
3579841,9.97846504556462,2
3579852,9.76451623337672,11
3579853,10.0,1
3579859,9.886940508883901,6
3579870,9.765650224139014,11
3579871,10.0,1
3579887,9.617632200843243,16
3579895,9.838919585748467,8
3579910,9.6660227457251,15
3579919,9.824799472214092,9
3579933,9.740115200941354,14
3579947,9.675250346981759,14
3579953,9.894159409333087,6
3579957,9.937187957326953,4
3579974,9.617722668846042,17
3579982,9.847940378026951,8
3579992,9.775367982344314,10
3580002,9.79062489729934,10
3580014,9.730129247080699,12
3580020,9.880555238726672,6
3580025,9.813014356834854,5
3580035,9.802346071768195,10
3580043,9.869741885074507,8
3580056,9.751201207870865,13
3580063,9.882045958968789,7
3580071,9.84239626198203,8
3580072,10.0,1
3580082,9.783632778099772,10
3580094,9.753413836651154,12
3580098,9.927702852885492,4
3580107,9.839879474484158,9
3580118,9.755329643958811,11
3580129,9.757367771173358,11
3580138,9.799410216160608,9
3580154,9.610220477857908,16
3580158,9.945994122084564,4
3580172,9.688380758536752,14
3580177,9.901984183223261,5
3580180,9.964415550824635,3
3580192,9.54590723309538,12
3580210,9.618295439526891,18
3580216,9.914926432193068,6
3580217,10.0,1
3580224,9.864889075438489,7
3580228,9.942433885184677,4
3580231,9.95867339952186,3
3580232,10.0,1
3580245,9.694708169965805,13
3580253,9.851431571471336,8
3580261,9.844006896982304,8
3580262,10.0,1
3580271,9.813169711329795,9
3580283,9.735072707516599,12
3580284,10.0,1
3580290,9.913938112838387,6
3580293,9.964126563022521,3
3580305,9.74326982925815,12
3580308,9.959014693917517,3
3580314,9.899386214255609,6
3580325,9.741666066155439,11
3580330,9.841069048797285,5
3580338,9.845281879808223,8
3580353,9.681837224724635,15
3580361,9.853641623091844,8
3580373,9.739323666382422,12
3580376,9.957268010484967,3
3580391,8.79003888465138,15
3580401,9.793675955858774,10
3580405,9.932856816175844,4
3580414,9.820602919170335,9
3580447,9.281964657901566,33
3580448,10.0,1
3580457,9.847818543330366,9
3580471,9.684214161481986,14
3580480,9.833420304363857,9
3580493,9.712198643601031,13
3580499,9.887567329516967,6
3580512,9.733197562902637,13
3580527,9.162554536036327,15
3580530,9.957202882334673,3
3580535,9.920228528193539,5
3580546,9.777626304358833,11
3580562,9.602476202522956,16
3580570,9.85124947554915,8
3580579,9.829457243538949,9
3580586,9.875603614925865,7
3580596,9.800633835690697,10
3580608,9.744371435648079,12
3580616,9.835292311484523,8
3580626,9.788833062096195,10
3580627,10.0,1
3580638,9.55475856445328,11
3580649,9.737432271937344,11
3580661,9.734038891886842,12
3580668,9.857810991691323,7
3580673,9.910941347911963,5
3580676,9.959665993695832,3
3580679,9.962690933136589,3
3580697,9.594346830611745,18
3580706,9.823737379322852,9
3580723,9.571761213313449,17
3580725,9.979234551655543,2
3580730,9.92566070100252,5
3580740,9.799529619019358,10
3580746,9.903474866072274,6
3580747,10.0,1
3580764,9.641115386973274,17
3580778,9.680417346621597,14
3580793,9.678821345506876,15
3580803,9.80415212944906,10
3580813,9.798427911602754,10
3580823,9.790573543591547,10
3580830,9.877467978719098,7
3580846,9.672249051059813,16
3580851,9.900469859503715,5
3580857,9.909860224794015,6
3580875,9.5576665189076,18
3580885,9.77857975846862,10
3580891,9.914885016877296,6
3580903,9.756101267618956,12
3580913,9.779775807576062,10
3580914,9.992221953857493,1
3580925,9.775219757973025,11
3580929,9.929814474315865,4
3580940,9.780293245898818,11
3580946,9.879170835687214,6
3580956,9.775565405235547,10
3580975,9.637932024806437,19
3580980,9.936963240613515,5
3580991,9.760028407884187,11
3580999,9.83930390950402,8
3581006,9.855910340928002,7
3581022,9.649234587840272,16
3581023,10.0,1
3581028,9.91931390125468,5
3581029,10.0,1
3581042,9.718329303653153,13
3581053,9.76079595962733,11
3581065,9.73584934127188,12
3581066,10.0,1
3581074,9.85081284656165,8
3581080,9.897515582689303,6
3581081,10.0,1
3581089,9.871968968448726,8
3581096,9.879633544394672,7
3581104,9.854286541030183,8
3581105,10.0,1
3581121,9.635847800639727,16
3581122,10.0,1
3581130,9.829616183274947,8
3581133,9.951426976992149,3
3581139,9.907592069526256,6
3581150,9.779123066359382,11
3581160,9.813440893614537,10
3581174,9.693947037841854,14
3581179,9.906756861130319,5
3581183,9.949654862749057,4
3581189,9.893439344048735,6
3581195,9.880403452569123,6
3581202,9.688711591893798,7
3581215,9.715977318961524,13
3581221,9.89861271027801,6
3581239,9.58412872969409,18
3581251,9.760032384157132,12
3581260,9.84221671675688,9
3581267,9.875993538898864,7
3581278,9.781657101629143,11
3581290,9.749860747005163,12
3581295,9.92921685008616,5
3581308,9.741231223046917,13
3581311,9.958150433530571,3
3581323,9.738795593493258,12
3581332,9.801464360850632,9
3581353,9.5631494590429,21
3581366,9.70099396560406,13
3581373,9.868338400638507,7
3581377,9.941040268050134,4
3581393,9.666760406023876,16
3581394,10.0,1
3581401,9.860139131985907,7
3581409,9.835976692759605,8
3581413,9.935877063612235,4
3581427,9.665825518077643,14
3581432,9.90548853498417,5
3581440,9.861792329130486,8
3581447,9.887902566284314,7
3581453,9.899087407721469,6
3581462,9.711457440781647,9
3581474,9.746275002611789,12
3581492,9.566423179552535,18
3581519,9.315704667054785,27
3581525,9.885531992907543,6
3581539,9.696082174552105,14
3581550,9.747179909210034,11
3581551,10.0,1
3581557,9.903155299853925,6
3581567,9.832676897612503,10
3581574,9.886437757103728,7
3581583,9.817043923126285,9
3581588,9.917255379739428,5
3581601,9.59018908566571,13
3581608,9.885451345754175,7
3581616,9.860378865362877,8
3581622,9.902675928910385,6
3581623,9.993258041316036,1
3581635,9.756453155155096,12
3581644,9.812529022965494,9
3581646,9.97258427589882,2
3581657,9.7830198035038,11
3581658,10.0,1
3581666,9.847399843768898,8
3581675,9.813137380095752,9
3581677,9.979186199760335,2
3581678,9.993165771106515,1
3581679,10.0,1
3581689,9.812318502825285,10
3581696,9.869572800907315,7
3581701,9.900551500047568,5
3581703,9.974376149928105,2
3581716,9.713256720897041,13
3581727,9.817187573300297,11
3581731,9.947969646533213,4
3581736,9.920927666784449,5
3581744,9.842470404758705,8
3581756,9.740697331812271,12
3581766,9.773568421719085,10
3581775,9.810904224142538,9
3581786,9.767669214987636,11
3581793,9.883337501601881,7
3581805,9.749832165712693,12
3581811,9.890830186970414,6
3581819,9.841510703819408,8
3581826,9.854924827789672,7
3581832,9.910762441765163,6
3581848,9.610128413383563,16
3581856,9.841447632163124,8
3581867,9.772867195321673,11
3581869,9.972282292653276,2
3581872,9.961331543122567,3
3581880,9.823007372631617,8
3581890,9.757318864176675,10
3581892,9.97634856576801,2
3581901,9.8148349384271,9
3581902,10.0,1
3581907,9.92583672172712,5
3581916,9.816055359615593,9
3581930,9.680656772713043,14
3581940,9.799614907103098,10
3581955,9.646644881069848,15
3581969,9.704108284537682,14
3581976,9.861021730734217,7
3581980,9.93218185484169,4
3581993,9.724302997589163,13
3581999,9.890960151189333,6
3582009,9.778711320235367,10
3582023,9.673760332526022,14
3582030,9.866479169729654,7
3582031,10.0,1
3582038,9.855403324797841,7
3582040,9.970126652227254,2
3582043,9.970608936775049,3
3582051,9.840007706803114,8
3582069,9.589333008751197,18
3582070,9.989248758084477,1
3582079,9.834372116795352,9
3582080,10.0,1
3582088,9.858546740211503,8
3582093,9.920334213257455,5
3582094,10.0,1
3582107,9.773677433704147,13
3582114,9.866963587359448,7
3582118,9.928830331715819,4
3582121,9.969314112622962,3
3582124,9.966902279438905,3
3582136,9.760952946608906,12
3582137,10.0,1
3582147,9.783997823657707,10
3582151,9.932903529693283,4
3582159,9.838132339798886,8
3582176,9.630277679188296,17
3582182,9.882992433224564,6
3582193,9.746116354101087,11
3582194,10.0,1
3582203,9.813900631468234,9
3582211,9.857486358020742,8
3582215,9.93944585626549,4
3582230,9.648132638100117,15
3582237,9.880788764776145,7
3582254,9.607581983766558,17
3582273,9.539148536565474,19
3582284,9.768231142875718,11
3582298,9.70601406517227,14
3582301,9.962436976058836,3
3582306,9.928302393303102,5
3582316,9.820745907444538,10
3582319,9.94706417766592,3
3582328,9.81773761449436,9
3582345,9.624515946879013,17
3582361,9.650441771405088,16
3582369,9.858309204804591,8
3582377,9.823999238118684,8
3582381,9.934434885259385,4
3582388,9.872971332708367,7
3582389,10.0,1
3582390,9.996534278469081,1
3582401,9.663960154046272,11
3582409,9.84402349644727,8
3582417,9.830741277026728,8
3582424,9.87196581161505,7
3582434,9.772687679618077,10
3582439,9.905112029315022,5
3582449,9.768566875520513,10
3582458,9.81323730727217,9
3582460,9.966067475483666,2
3582472,9.74381847930126,12
3582473,9.992419121039275,1
3582482,9.812469098917845,9
3582487,9.912663414669906,5
3582488,10.0,1
3582497,9.806479672726502,9
3582498,10.0,1
3582507,9.823616710817257,9
3582520,9.70593087161241,13
3582529,9.84397874383041,9
3582538,9.811976931546562,9
3582549,9.755781442462453,11
3582553,9.83971125012646,4
3582562,9.84158404881281,9
3582563,10.0,1
3582566,9.955848131941435,3
3582572,9.905018030788108,6
3582576,9.950067983428873,4
3582585,9.82143565187088,9
3582590,9.929456194110672,5
3582594,9.943851395849096,4
3582604,9.787703926224676,10
3582605,10.0,1
3582616,9.786025442151665,11
3582627,9.746743882132533,11
3582635,9.841550585586589,8
3582636,10.0,1
3582638,9.982764383515164,2
3582643,9.921363865126407,5
3582646,9.95874670111888,3
3582662,9.63310606007379,16
3582668,9.891324103010408,6
3582674,9.917684694333056,6
3582679,9.908527304610711,5
3582688,9.81767047427205,9
3582699,9.77855881237966,11
3582714,9.643360344593894,15
3582721,9.872035612204337,7
3582728,9.882480135892521,7
3582736,9.840655971181453,8
3582737,10.0,1
3582750,9.69495085723199,13
3582755,9.904561105398416,5
3582762,9.855261300784145,7
3582772,9.80245494841019,10
3582779,9.874499418884124,7
3582790,9.791273577621244,11
3582795,9.89809925104485,5
3582802,9.860099803530238,7
3582811,9.824092621779288,9
3582820,9.799856304314412,9
3582827,9.863898701893133,7
3582835,9.844318827680013,8
3582844,9.819957453489474,9
3582848,9.943689863242533,4
3582859,9.814126696150067,11
3582868,9.835645662200921,9
3582871,9.95063364273014,3
3582881,9.801139683690458,10
3582893,9.651285309697931,12
3582904,9.341463290696383,11
3582910,9.88672642677045,6
3582916,9.90501105158174,6
3582923,9.863054357252164,7
3582927,9.934279063866587,4
3582938,9.76719705303509,11
3582939,10.0,1
3582952,9.723644538583839,13
3582953,9.996526964004005,1
3582960,9.87256266439485,7
3582969,9.788072539955206,9
3582974,9.931317037188016,5
3582975,10.0,1
3582983,9.83385486404173,8
3582988,9.929447679369094,5
3582989,10.0,1
3583000,9.759865163280248,11
3583001,10.0,1
3583009,9.831267318090104,8
3583014,9.921036401310824,5
3583026,9.741894389432774,12
3583032,9.792022537587178,6
3583042,9.789111662920384,10
3583050,9.853056487269155,8
3583060,9.779803832294597,10
3583074,9.665702585309212,14
3583090,7.733294969737288,16
3583099,9.848394677458467,9
3583102,9.963332000984764,3
3583103,10.0,1
3583118,9.335440370102303,15
3583130,9.748147387654365,12
3583144,9.694853938140119,14
3583152,9.85139900194041,8
3583166,9.47185972422227,14
3583178,9.735761709234167,12
3583179,10.0,1
3583191,9.754748198150175,12
3583196,9.918365464559631,5
3583197,9.989223349872017,1
3583198,10.0,1
3583204,9.894545031481842,6
3583214,9.826889713423062,10
3583220,9.904609278961322,6
3583233,9.724947013387181,13
3583245,9.745878249650882,12
3583257,9.759468833072479,12
3583261,9.945110272870037,4
3583275,9.699770896568152,14
3583286,9.766080243635441,11
3583295,9.851435374766425,9
3583308,9.72425989194704,13
3583312,9.931674570836103,4
3583321,9.817284114428473,9
3583331,9.78485939566551,10
3583343,9.774067963821265,12
3583357,9.754135210207412,14
3583370,9.768595094024793,13
3583380,9.810293486633114,10
3583391,9.779382094043505,11
3583396,9.932316561225754,5
3583398,9.986810066243077,2
3583407,9.835165715885697,9
3583419,9.67306627478906,12
3583431,9.733054810276212,12
3583449,9.575650620829856,18
3583455,9.906553157599491,6
3583456,10.0,1
3583466,9.790227616976036,10
3583472,9.8825325746541,6
3583485,9.696508298751196,13
3583488,9.963302694679765,3
3583496,9.840910946784232,8
3583503,9.891011143596748,7
3583515,9.737972500812067,12
3583521,9.892264685124426,6
3583522,10.0,1
3583531,9.80928007949141,9
3583544,9.703889364509084,13
3583553,9.814628954884533,9
3583561,9.828021009158933,8
3583572,9.779349847999944,11
3583581,9.851685445769652,9
3583591,9.819093624553968,10
3583603,9.791927588404178,12
3583615,9.784476694976526,12
3583622,9.858518654947664,7
3583636,9.657876923693626,14
3583641,9.93261895666267,5
3583648,9.875889519016734,7
3583656,9.864643549812508,8
3583658,9.982026130032027,2
3583667,9.822042721494164,9
3583672,9.930810487376297,5
3583676,9.947744290439925,4
3583693,9.62553998747191,17
3583696,9.953911928703645,3
3583701,9.92376039816717,5
3583702,10.0,1
3583713,9.798582501364908,11
3583719,9.916783039911149,6
3583726,9.885350975142167,7
3583733,9.869891677449866,7
3583742,9.804741431241649,9
3583748,9.896827747926482,6
3583749,10.0,1
3583758,9.585197873873243,9
3583760,9.978856716316097,2
3583774,9.480305175548251,14
3583784,9.818998697650143,10
3583793,9.858725939657615,9
3583801,9.863312848665688,8
3583808,9.867743095599945,7
3583815,9.86942289990113,7
3583824,9.807653053911489,9
3583837,9.751030992212174,13
3583851,9.691177701854835,14
3583855,9.935782909684564,4
3583865,9.787972453561103,10
3583868,9.967645667686016,3
3583869,10.0,1
3583884,9.644217167783749,15
3583885,9.989237499024487,1
3583898,9.724695701100085,13
3583910,9.751300549787237,12
3583914,9.949048506419958,4
3583918,9.834773929324976,4
3583926,9.872065468928323,8
3583929,9.964152945487598,3
3583937,9.861923276071828,8
3583945,9.85045167030395,8
3583954,9.801415148166374,9
3583968,9.679616982919239,14
3583979,9.760048429833002,11
3583985,9.879701733314945,6
3583994,9.805548649449689,9
3583995,10.0,1
3584004,9.616540494363726,9
3584012,9.84494484490258,8
3584016,9.942958303675498,4
3584026,9.782118821795963,10
3584038,9.74363051505387,12
3584049,9.754911266189813,11
3584059,9.795973685450452,10
3584069,9.787713213041037,10
3584076,9.881407377211792,7
3584086,9.78494733371889,10
3584094,9.848058411696192,8
3584097,9.749784861338624,3
3584105,9.855398353327496,8
3584111,9.801573816853555,6
3584132,9.634769808695578,21
3584139,9.858999634546066,7
3584145,9.889881654088985,6
3584159,9.695219880616994,14
3584166,9.852190844228607,7
3584185,9.554726513293632,19
3584195,9.778254503538005,10
3584200,9.91628420782303,5
3584201,10.0,1
3584209,9.84519029967134,8
3584216,9.757641077916393,7
3584220,9.93361839988009,4
3584228,9.82169079959628,8
3584231,9.949386770711845,3
3584236,9.929409221590499,5
3584242,9.88574776920827,6
3584245,9.969274001895803,3
3584256,9.734568583663656,11
3584264,9.85598457249668,8
3584278,9.682923717323368,14
3584284,9.903368307828721,6
3584289,9.90571638504978,5
3584298,9.865666950446018,9
3584302,9.932240566730082,4
3584307,9.92094648012046,5
3584316,9.82758581569839,9
3584321,9.906461540096007,5
3584327,9.897590145350861,6
3584345,9.44350806153902,18
3584355,9.817826616580906,10
3584359,9.943544700266148,4
3584363,9.946475069492442,4
3584370,9.85535258692197,7
3584377,9.847022664015853,7
3584379,9.98426016386663,2
3584385,9.899244951980275,6
3584398,9.729805549813722,13
3584411,9.685445611407854,13
3584419,9.828308785382326,8
3584420,9.992944680218606,1
3584424,9.929171941822439,4
3584428,9.950935122782239,4
3584440,9.73894061299165,12
3584452,9.734994837103693,12
3584464,9.715413044598657,12
3584479,9.652910497420171,15
3584485,9.904269662599853,6
3584496,9.782664641353337,11
3584510,9.744521680295197,14
3584517,9.889352311816843,7
3584528,9.820709826867281,11
3584539,9.763172045368801,11
3584540,9.992979774676485,1
3584546,9.898446758937284,6
3584552,9.89609657372888,6
3584564,9.739815158358187,12
3584570,9.904492369909363,6
3584583,9.726923358971705,13
3584593,9.789583790012157,10
3584603,9.803602913818436,10
3584607,9.944486480502553,4
3584613,9.899794963858525,6
3584633,9.532161980171496,20
3584646,9.713056110653396,13
3584647,10.0,1
3584655,9.839327056815597,8
3584664,9.818312740793052,9
3584678,9.750378025003613,14
3584694,9.664958972445087,16
3584700,9.885833339999909,6
3584711,9.768123885784176,11
3584722,9.783213671458798,11
3584731,9.821875543269941,9
3584736,9.90770323907973,5
3584752,9.643008648724834,16
3584757,9.906094545931698,5
3584765,9.854095778121309,8
3584778,9.741889858006724,13
3584789,9.747716763019817,11
3584794,9.923244364203036,5
3584799,9.931162482929151,5
3584812,9.699879202336737,13
3584813,9.989341720010081,1
3584828,9.664524428703178,15
3584843,9.632808473645929,15
3584858,9.657715229444205,15
3584867,9.845202537172593,9
3584870,9.955967317002022,3
3584872,9.97597896753509,2
3584883,9.75535706913598,11
3584894,9.796076623444188,11
3584899,9.925307950919226,5
3584900,9.98973875500745,1
3584914,9.69616307763801,14
3584924,9.845284407975381,10
3584932,9.83774234304989,8
3584944,9.748369057251068,12
3584945,10.0,1
3584958,9.733339305064016,13
3584982,8.180037796904013,24
3584986,9.951295371202919,4
3584996,9.80647105819343,10
3584997,9.989264787383465,1
3585009,9.73735515647496,12
3585023,9.584205180444329,14
3585035,9.715245774251555,12
3585044,9.823578123322653,9
3585051,9.888011482123511,7
3585063,9.716759611801361,12
3585076,9.692176053506305,13
3585077,10.0,1
3585088,9.775567666531462,11
3585098,9.807106427083527,10
3585106,9.848453710704696,8
3585115,9.806595116019812,9
3585125,9.805887477088879,10
3585126,10.0,1
3585134,9.82896653768719,8
3585142,9.84387666029122,8
3585154,9.735625710753363,12
3585159,9.90558228474506,5
3585170,9.769801669255264,11
3585186,9.705279181445562,16
3585194,9.842636348770583,8
3585195,10.0,1
3585204,9.787713373931245,9
3585219,9.65155168365949,15
3585225,9.892752439904585,6
3585230,9.917854110137371,5
3585243,9.69123404324087,13
3585254,9.735040242466418,11
3585255,10.0,1
3585268,9.717350168139207,13
3585277,9.613711572102002,9
3585291,9.703680599732206,14
3585294,9.965302703460669,3
3585304,9.791931559641661,10
3585314,9.783439052430497,10
3585325,9.77678154869388,11
3585336,9.753072845695716,11
3585345,9.826297872192823,9
3585355,9.80052054721492,10
3585357,9.97774753484814,2
3585365,9.834115816857144,8
3585378,9.72047881224633,13
3585389,9.643914550612047,11
3585400,9.749906074816792,11
3585405,9.921670120448255,5
3585414,9.807034105020147,9
3585421,9.863425883844952,7
3585433,9.768809382530478,12
3585447,9.695078288764188,14
3585458,9.765559964502515,11
3585459,10.0,1
3585469,9.792635557287484,10
3585481,9.739751093246351,12
3585493,9.740545413325885,12
3585504,9.76191382941354,11
3585507,9.964318688324138,3
3585508,10.0,1
3585517,9.828101390587172,9
3585518,10.0,1
3585523,9.919393797306375,5
3585530,9.864828260659305,7
3585536,9.902653985224124,6
3585549,9.709819551841571,13
3585553,9.938781565954912,4
3585565,9.777785666743922,12
3585574,9.71891693469312,9
3585580,9.90163935361957,6
3585588,9.85925656959022,8
3585598,9.773338677985732,10
3585604,9.8965458894317,6
3585613,9.820065936592856,9
3585625,9.73637906399703,12
3585632,9.865977499312828,7
3585638,9.883915349526834,6
3585639,10.0,1
3585652,9.712468486843177,13
3585655,9.950480632633612,3
3585660,9.926596992149616,5
3585672,9.770434790869041,12
3585675,9.954054530246285,3
3585687,9.759640471628064,12
3585688,9.996111535855503,1
3585700,9.748801343120126,12
3585710,9.818146188942329,10
3585716,9.67494286358366,6
3585723,9.863280994466814,7
3585736,9.723857159592555,13
3585737,10.0,1
3585747,9.801740116133622,10
3585749,9.970100952262477,2
3585755,9.885610859957307,6
3585759,9.944597619334132,4
3585765,9.89624927310245,6
3585768,9.950503231547414,3
3585780,9.74526709170959,12
3585789,9.866863578767042,9
3585805,9.543044373760493,16
3585820,9.646282352430823,15
3585837,9.64514153601542,17
3585844,9.8626610623553,7
3585851,9.871029188043037,7
3585856,9.906602172561907,5
3585876,9.526405936385938,20
3585887,9.761627190023033,11
3585902,9.651260335377653,15
3585911,9.81498189591083,9
3585917,9.892119022025756,6
3585926,9.848823530113933,9
3585935,9.682240152752145,9
3585941,9.907053589904645,6
3585949,9.855890593125752,8
3585960,9.793876965147758,11
3585971,9.755025948296066,11
3585986,9.652061276355786,15
3585998,9.721930646475078,12
3586006,9.859846502302636,8
3586011,9.909218371400065,5
3586019,9.82587934777099,8
3586030,9.760576623009577,11
3586040,9.800207717169513,10
3586041,9.99293913802084,1
3586059,9.577695600830271,18
3586068,9.82846987139115,9
3586074,9.909769842074484,6
3586075,10.0,1
3586090,9.675313217901998,15
3586100,9.776683041262828,10
3586109,9.825325959921905,9
3586115,9.898925560959773,6
3586125,9.78324203429648,10
3586127,9.97724517855895,2
3586135,9.854999419374908,8
3586148,9.415916525876712,13
3586152,9.931475843329643,4
3586161,9.822918390054026,9
3586172,9.763312373631717,11
3586180,9.844714677624875,8
3586189,9.818523894112772,9
3586199,9.766125473607586,10
3586206,9.867129239621306,7
3586208,9.973542538973096,2
3586218,9.849779312486593,10
3586224,9.880821406800617,6
3586225,10.0,1
3586236,9.80697583709026,11
3586251,9.668803852334147,15
3586262,9.758436098364411,11
3586269,9.885625425038398,7
3586275,9.89640178655787,6
3586283,9.83813989422749,8
3586284,10.0,1
3586299,9.667108716392407,15
3586309,9.78661334388576,10
3586315,9.900127306358552,6
3586325,9.806788148613279,10
3586341,9.6121277880254,16
3586354,9.70634184852179,13
3586361,9.86786826781785,7
3586368,9.854577084890463,7
3586374,9.894885913446737,6
3586383,9.843323441913416,9
3586391,9.85059827804066,8
3586406,9.629039039550124,15
3586411,9.91676557766456,5
3586412,10.0,1
3586419,9.869039291746011,7
3586420,10.0,1
3586436,9.650617331639681,16
3586441,9.921847273017287,5
3586443,9.974339469551142,2
3586453,9.776202104701186,10
3586465,9.742194418386903,12
3586478,9.682920253685243,13
3586488,9.799770578371863,10
3586492,9.742066878124215,4
3586493,10.0,1
3586494,9.987992065378245,1
3586497,9.97172019125732,3
3586506,9.824956871923822,9
3586510,9.946104476310582,4
3586519,9.835067536176505,9
3586531,9.738705340033789,12
3586532,10.0,1
3586543,9.743171351182816,11
3586550,9.854717143622173,7
3586560,9.81219943072742,10
3586566,9.894584464786064,6
3586578,9.778212632003088,12
3586590,9.74002836703001,12
3586602,9.755930239590166,12
3586614,9.734785344166346,12
3586626,9.725512574858168,12
3586639,9.72908199772984,13
3586644,9.929724807310917,5
3586655,9.762186053169732,11
3586664,9.857386650714101,9
3586668,9.95224190175874,4
3586670,9.97847567688661,2
3586675,9.934896027362434,5
3586684,9.856881871332257,9
3586694,9.829432948645412,10
3586710,9.638214163912028,16
3586713,9.96593256213598,3
3586724,9.794354849788775,11
3586733,9.799988989008499,9
3586736,9.960878715093552,3
3586741,9.915464725376628,5
3586758,9.592250337271675,17
3586771,9.720615461003353,13
3586783,9.790746245737633,12
3586785,9.980769124742398,2
3586791,9.889915465213319,6
3586794,9.95665818395335,3
3586800,9.903597327752237,6
3586809,9.816914264191173,9
3586818,9.828535548383812,9
3586825,9.87530812956767,7
3586833,9.848967274413736,8
3586842,9.822558257995658,9
3586848,9.93030233747822,6
3586854,9.893924685811813,6
3586855,10.0,1
3586866,9.836481727653771,11
3586871,9.930502579070323,5
3586872,10.0,1
3586877,9.929293454629951,5
3586892,9.685685487514363,15
3586896,9.93350073556804,4
3586909,9.720308346212946,13
3586916,9.869028447111274,7
3586929,9.76736097596153,13
3586938,9.85768873443758,9
3586947,9.817477737013428,9
3586957,9.778755892815814,10
3586961,9.94947526869388,4
3586968,9.855486047983295,7
3586972,9.935398022623822,4
3586975,9.964109282120438,3
3586986,9.78388515387238,11
3586993,9.858504481843598,7
3586997,9.934737092161127,4
3587007,9.790402306954633,10
3587015,9.823616872714917,8
3587017,9.969950548638128,2
3587022,9.921395070380589,5
3587033,9.795697968021889,11
3587034,10.0,1
3587035,9.996533193054015,1
3587047,9.739899305150695,12
3587055,9.824381435837372,8
3587064,9.823188924743725,9
3587065,10.0,1
3587070,9.91018778421028,5
3587080,9.802093010761322,10
3587085,9.92104665732146,5
3587092,9.8748647487713,7
3587100,9.876600307398018,8
3587111,9.780969025238774,11
3587117,9.888137434591647,6
3587130,9.497010978051756,13
3587136,9.897710328942319,6
3587142,9.900254957440376,6
3587149,9.882258056110095,7
3587150,10.0,1
3587163,9.689048166861893,13
3587168,9.910393863744414,5
3587175,9.866297466721921,7
3587186,9.77306201886211,11
3587193,9.849579285923904,7
3587198,9.91627359740599,5
3587204,9.904697966375695,6
3587215,9.77832493745922,11
3587216,9.989356577719258,1
3587231,9.703510964786773,15
3587243,9.815194176501421,12
3587249,9.91041338486323,6
3587257,9.838462151536893,8
3587263,9.882267331374155,6
3587270,9.869123801482997,7
3587277,9.888988018516386,7
3587289,9.743123946383,12
3587306,9.595926775199823,17
3587313,9.871039660721909,7
3587317,9.919559027803661,4
3587322,9.9045051506915,5
3587331,9.817882246725322,9
3587334,9.970751336128334,3
3587343,9.811949133313185,9
3587345,9.971144310104876,2
3587349,9.918057999056249,4
3587360,9.780493543931998,11
3587371,9.799032896374987,11
3587382,9.780928427804733,11
3587393,9.753278526695519,11
3587409,9.652062137287762,16
3587412,9.955984619055702,3
3587425,9.719555211417646,13
3587431,9.892732770500729,6
3587439,9.855350882590487,8
3587444,9.930387191668592,5
3587454,9.814991572542501,10
3587465,9.77651159372747,11
3587478,9.527905303958581,13
3587479,10.0,1
3587493,9.665954700778487,14
3587497,9.9440699048765,4
3587504,9.875365193081223,7
3587505,10.0,1
3587510,9.914812814040616,5
3587526,9.63096537334359,16
3587536,9.78682172309456,10
3587543,9.872875969238649,7
3587544,10.0,1
3587552,9.867801115909177,8
3587565,9.707194522270205,13
3587566,10.0,1
3587578,9.780509756055695,12
3587585,9.890031940756042,7
3587586,9.992785565327898,1
3587596,9.790662448088218,10
3587616,9.52565819782167,20
3587622,9.890166267646217,6
3587629,9.874455603377738,7
3587630,10.0,1
3587634,9.923523265349793,4
3587649,9.733126258913233,15
3587655,9.894011857629858,6
3587669,9.664117873875195,14
3587679,9.785245595948249,10
3587686,9.86690983690019,7
3587689,9.96180748826405,3
3587695,9.901719585480981,6
3587705,9.781972365213798,10
3587710,9.922280688239066,5
3587715,9.913317716139787,5
3587719,9.947108570533072,4
3587725,9.894117753197058,6
3587728,9.964343145156668,3
3587743,9.44791229154342,15
3587755,9.739329276894221,12
3587761,9.8750953811523,6
3587771,9.780972606723791,10
3587782,9.651119564677222,11
3587784,9.977610754715478,2
3587785,10.0,1
3587787,9.97137401965666,2
3587796,9.815454469176577,9
3587797,10.0,1
3587805,9.819949317266616,8
3587816,9.786517094774437,11
3587827,9.770620259940392,11
3587841,9.715418760865463,14
3587847,9.897952659228913,6
3587857,9.786947430719596,10
3587873,9.629975183857587,16
3587889,9.618260972854292,16
3587903,9.70592182079047,14
3587915,9.75541105022247,12
3587926,9.769355847826317,11
3587934,9.837281052288429,8
3587941,9.871779486727041,7
3587948,9.854809336463212,7
3587950,9.983757503044103,2
3587961,9.787755505560664,11
3587967,9.692360249409635,6
3587983,9.620034735496962,16
3587999,9.625711432706765,16
3588008,9.83083578800645,9
3588013,9.91251601426799,5
3588033,9.236638711883119,20
3588037,9.943545996657193,4
3588042,9.920304782979185,5
3588051,9.820521218205913,9
3588058,9.893303279856813,7
3588064,9.89372796995087,6
3588077,9.738916221419837,13
3588084,9.879526674890775,7
3588089,9.819833190438805,5
3588095,9.902183204728265,6
3588101,9.908914830842532,6
3588105,9.944200422847942,4
3588114,9.790279389800387,9
3588126,9.714295922039769,12
3588132,9.897022377919862,6
3588139,9.894160348983396,7
3588156,9.637398813085131,17
3588161,9.919250570472125,5
3588171,9.784947912632962,10
3588178,9.85863028698786,7
3588186,9.83122911469652,8
3588192,9.87522069290392,6
3588193,9.992457742148957,1
3588196,9.953236011587409,3
3588211,9.668363805820029,15
3588216,9.928937400405768,5
3588218,9.980205314365717,2
3588222,9.928299053865244,4
3588232,9.787861745174009,10
3588241,9.811929015765816,9
3588245,9.941436981582886,4
3588256,9.76601382156164,11
3588257,10.0,1
3588258,10.0,1
3588261,9.961272423721946,3
3588280,9.36926969919703,19
3588299,9.282737219703364,19
3588307,9.820891660865161,8
3588319,9.713618038794419,12
3588333,9.681061029743686,14
3588342,9.80348853833338,9
3588343,10.0,1
3588356,9.72944172730921,13
3588368,9.758371954546629,12
3588373,9.90704155568174,5
3588380,9.844554533064956,7
3588386,9.875406949881132,6
3588390,9.943671051515619,4
3588394,9.941752440989807,4
3588407,9.73239496686182,13
3588420,9.697175446923632,13
3588425,9.907563553160854,5
3588435,9.801108132564543,10
3588448,9.694908887871492,13
3588449,9.988096880464232,1
3588460,9.76669231257098,11
3588468,9.846400046589116,8
3588472,9.947082892865147,4
3588477,9.814183458185,5
3588478,10.0,1
3588485,9.913501724399131,7
3588498,9.709093555266419,13
3588508,9.786613711854866,10
3588517,9.827523583233587,9
3588523,9.874052946008723,6
3588524,10.0,1
3588534,9.78870802509844,10
3588535,10.0,1
3588536,10.0,1
3588545,9.810007425161011,9
3588548,9.962779095504409,3
3588565,9.569916373514108,17
3588573,9.851223537517416,8
3588576,9.95568016824025,3
3588583,9.853564710689499,7
3588588,9.905586819835744,5
3588596,9.855090071024007,8
3588603,9.867223545549383,7
3588611,9.85137711363765,8
3588616,9.914336995046089,5
3588623,9.894560839337204,7
3588638,9.670448762910139,15
3588646,9.833050871601063,8
3588647,10.0,1
3588648,10.0,1
3588652,9.942211137942074,4
3588666,9.753196918065914,14
3588672,9.89493601522398,6
3588679,9.877698500634516,7
3588685,9.895117141530138,6
3588690,9.928327791469705,5
3588704,9.763126823350593,14
3588709,9.918556665146761,5
3588723,9.70555041321726,14
3588732,9.820918521773711,9
3588740,9.83922672271431,8
3588746,9.89342684729149,6
3588756,9.7901055366797,10
3588763,9.84284477108539,7
3588774,9.797488883069907,11
3588781,9.862287084753786,7
3588790,9.815211736200162,9
3588795,9.913621581402653,5
3588806,9.7833603835176,11
3588814,9.816719464435,8
3588819,9.906571010899414,5
3588824,9.92469870422011,5
3588830,9.891552646961715,6
3588837,9.873457204696818,7
3588838,10.0,1
3588850,9.695528189022534,12
3588859,9.733317178382126,9
3588874,9.435823914675284,15
3588883,9.809350767158703,9
3588891,9.849631387687799,8
3588904,9.700960160954637,13
3588905,10.0,1
3588914,9.828388943249353,9
3588926,9.766151317612945,12
3588928,9.971558809275978,2
3588944,9.64052431250016,16
3588959,9.68846563918053,15
3588971,9.721221601019643,12
3588977,9.881649794888004,6
3588993,9.62188849954386,16
3589006,9.724845710341782,13
3589019,9.730180211786159,13
3589020,10.0,1
3589035,9.578830236340712,15
3589040,9.91564960537866,5
3589057,9.590743256494505,17
3589063,9.899580905722779,6
3589076,9.74316904348284,13
3589086,9.780701252635884,10
3589091,9.91875209616603,5
3589103,9.73940758472483,12
3589114,9.754981739199831,11
3589122,9.851470205551088,8
3589127,9.925797972834525,5
3589137,9.806177249349467,10
3589144,9.865640997518604,7
3589156,9.754772085844808,12
3589157,10.0,1
3589168,9.777958443562955,11
3589169,10.0,1
3589180,9.77051005651352,11
3589188,9.831537025293867,8
3589189,10.0,1
3589209,9.565865161230793,20
3589216,9.870795288544393,7
3589223,9.876821611617883,7
3589234,9.756889823265922,11
3589253,9.549948618367969,19
3589263,9.82578668086256,10
3589273,9.773786130339067,10
3589281,9.845650206850163,8
3589294,9.694839077285003,13
3589306,9.735305710142859,12
3589318,9.755278572533257,12
3589328,9.789711221182356,10
3589341,9.690269082906191,13
3589361,9.55784757748423,20
3589364,9.96742533450202,3
3589372,9.827171676008286,8
3589382,9.806400335190709,10
3589389,9.87244487936754,7
3589402,9.76266869348223,13
3589416,9.687838291151605,14
3589426,9.773980102460206,10
3589429,9.957757641228035,3
3589433,9.927814029236416,4
3589438,9.900932025736232,5
3589440,9.983660993233437,2
3589454,9.729730243391744,14
3589466,9.750080325146055,12
3589467,10.0,1
3589480,9.714232790436114,13
3589481,10.0,1
3589489,9.856668005970066,8
3589493,9.924355435769787,4
3589495,9.978251680995085,2
3589504,9.83196889587791,9
3589516,9.722385554877388,12
3589520,9.942074937307696,4
3589534,9.439505883368835,14
3589542,9.836709357838897,8
3589553,9.765334502619531,11
3589558,9.892366012719059,5
3589572,9.660668672516312,14
3589574,9.968887828147118,2
3589586,9.717965787730622,12
3589591,9.92308191601127,5
3589593,9.972007326171859,2
3589605,9.771651306593425,12
3589614,9.821130577914271,9
3589628,9.69488609074965,14
3589635,9.865675162662194,7
3589636,10.0,1
3589644,9.836085535946873,8
3589657,9.734470028802436,13
3589670,9.714385400154205,13
3589675,9.7124538065923,5
3589684,9.80258326209545,9
3589694,9.754564155253876,10
3589697,9.968478580593922,3
3589707,9.791153952337721,10
3589714,9.860701275323349,7
3589717,9.950745786954993,3
3589722,9.901076337591334,5
3589723,10.0,1
3589735,9.732718025144699,12
3589743,9.837538414227897,8
3589751,9.862711234935796,8
3589756,9.922058789758816,5
3589771,9.702117823997238,15
3589786,9.709271559113171,15
3589792,9.907305074417977,6
3589797,9.91313006926664,5
3589804,9.878202213203362,7
3589809,9.91387579131666,5
3589811,9.983853091786068,2
3589814,9.959441909075476,3
3589822,9.837189246124781,8
3589833,9.789010822485952,11
3589837,9.941453000384959,4
3589849,9.782649284655228,12
3589851,9.973130211954631,2
3589865,9.7163125472664,14
3589876,9.79206911436413,11
3589881,9.914093077673144,5
3589890,9.816709929521611,9
3589903,9.49270973018791,13
3589914,9.754458880830027,11
3589931,9.603328660958187,17
3589935,9.942298472084653,4
3589943,9.855695438941646,8
3589954,9.775062748322778,11
3589961,9.856402390562906,7
3589969,9.740112065695342,8
3589981,9.715009058052406,12
3589988,9.852019281430644,7
3589997,9.827547247033324,9
3590000,9.94983096040656,3
3590010,9.77633250279546,10
3590016,9.898403729307578,6
3590021,9.933696904861618,5
3590028,9.897687058725925,7
3590032,9.922482100148727,4
3590045,9.707130184369934,13
3590046,9.989076149371531,1
3590059,9.670304460567335,13
3590068,9.799620768778837,9
3590076,9.838569601629032,8
3590080,9.939135924287877,4
3590083,9.960050202089056,3
3590084,10.0,1
3590091,9.861964728078416,7
3590101,9.791723882042483,10
3590106,9.90934375836544,5
3590116,9.80563177766013,10
3590123,9.878438372520304,7
3590129,9.89261419956449,6
3590138,9.800043669729902,9
3590149,9.738839277067814,11
3590162,9.72384023327651,13
3590164,9.980531609162236,2
3590176,9.743810985423288,12
3590181,9.920446073077954,5
3590187,9.917045041697541,6
3590199,9.754774670719147,12
3590207,9.832505823686283,8
3590213,9.893217931623955,6
3590222,9.811250817848396,9
3590223,10.0,1
3590225,9.975714844767738,2
3590226,10.0,1
3590227,10.0,1
3590235,9.829517221630137,8
3590242,9.87584718616088,7
3590247,9.916988365147768,5
3590250,9.950775658925528,3
3590261,9.75312119089682,11
3590268,9.844300443683466,7
3590273,9.910971270533246,5
3590274,10.0,1
3590284,9.802704753816226,10
3590297,9.751197559680794,13
3590309,9.725511937693945,12
3590319,9.816646729273142,10
3590320,10.0,1
3590332,9.735009836181097,12
3590358,9.14091723341874,26
3590362,9.937219431378535,4
3590366,9.938383931513748,4
3590369,9.967788155165112,3
3590380,9.762368602839883,11
3590381,9.98970551153031,1
3590385,9.932796143225328,4
3590393,9.82949515898213,8
3590399,9.876049854062583,6
3590410,9.776339188677687,11
3590423,9.711945115421505,13
3590424,10.0,1
3590434,9.80052086582775,10
3590449,9.667635022244964,15
3590457,9.855668691057083,8
3590458,10.0,1
3590473,9.636120857412354,15
3590479,9.89852586565565,6
3590491,9.73076013487179,12
3590494,9.960450602149116,3
3590512,6.399047734119501,18
3590523,9.8221065262259,11
3590535,9.764312907463127,12
3590546,9.77599950169757,11
3590552,9.90341653359543,6
3590563,9.756296766530909,11
3590572,9.831279860607774,9
3590577,9.928950625519002,5
3590588,9.760459221824048,11
3590594,9.579508363444484,6
3590601,9.880476809391855,7
3590613,9.733822748642623,12
3590623,9.821787005323221,10
3590638,9.675794897418571,15
3590651,9.709256342928034,13
3590653,9.983197722713507,2
3590664,9.73995418523365,11
3590675,9.748518180195155,11
3590683,9.849787023789435,8
3590700,9.572497646524223,17
3590714,9.657789068142774,14
3590723,9.825774146952215,9
3590729,9.898914569019567,6
3590736,9.854794910884376,7
3590742,9.878464151464645,6
3590746,9.953980032326214,4
3590761,9.64478754898369,15
3590766,9.89794689967636,5
3590767,10.0,1
3590779,9.511380320370828,12
3590780,10.0,1
3590789,9.798999570389292,9
3590796,9.854370797722071,7
3590810,9.706161757016758,14
3590814,9.934419588347168,4
3590826,9.785461892134501,12
3590832,9.707154104407502,6
3590833,10.0,1
3590842,9.836042100678418,9
3590849,9.88754468870209,7
3590860,9.751059791601726,11
3590863,9.960775415761965,3
3590864,10.0,1
3590874,9.791870211502332,10
3590880,9.900490893694734,6
3590887,9.858243988175957,7
3590900,9.68250362112929,13
3590907,9.856640358777197,7
3590925,9.592204970583321,18
3590932,9.862664866620744,7
3590950,9.607271562954155,18
3590961,9.76392662669943,11
3590966,9.918761836592651,5
3590978,9.730976901163668,12
3590986,9.852716441875033,8
3590987,10.0,1
3590996,9.811352537293562,9
3591005,9.819530463840225,9
3591012,9.851723367009212,7
3591025,9.726519922285574,13
3591027,9.971851466801573,2
3591035,9.83663258211386,8
3591036,10.0,1
3591037,10.0,1
3591050,9.716091167677359,13
3591063,9.715683339546755,13
3591073,9.824154560344043,10
3591079,9.878173118735868,6
3591093,9.706818514468997,14
3591100,9.862485019636551,7
3591113,9.710561318246782,13
3591124,9.775735879057919,11
3591133,9.845757345832864,9
3591153,9.526254235007421,20
3591155,9.974308896165837,2
3591158,9.964900310670934,3
3591162,9.941304669390991,4
3591163,10.0,1
3591173,9.813069341937306,10
3591180,9.8714089343112,7
3591195,9.659774660911644,15
3591204,9.823644692469609,9
3591212,9.85619781261549,8
3591222,9.6942149686563,10
3591229,9.872250133240687,7
3591235,9.891045006346179,6
3591250,9.634047598937746,15
3591258,9.826469229861235,8
3591263,9.819238848758157,5
3591271,9.820644809523237,8
3591275,9.927016418457473,4
3591278,9.953429239653254,3
3591283,9.924516421666853,5
3591290,9.8719961907574,7
3591303,9.725707820653474,13
3591306,9.959210344533055,3
3591312,9.909028865895412,6
3591322,9.774954424081724,10
3591323,10.0,1
3591333,9.772302665949686,10
3591340,9.88280953717658,7
3591352,9.7946398268761,12
3591362,9.807905935992801,10
3591372,9.809372067023602,10
3591373,10.0,1
3591374,10.0,1
3591380,9.894593958193406,6
3591381,9.988527751101527,1
3591398,9.594935561576166,17
3591402,9.958727018052048,4
3591409,9.860557892905524,7
3591425,9.595367930044397,16
3591426,10.0,1
3591441,9.638639000464215,15
3591451,9.807648214912646,10
3591460,9.805456662766801,9
3591468,9.851620855575455,8
3591479,9.76790064195302,11
3591500,9.49634806701995,21
3591503,9.9570758300178,3
3591510,9.868588425823903,7
3591521,9.754611034082583,11
3591536,9.727702504172262,15
3591543,9.860143464823262,7
3591553,9.79873003547853,10
3591568,9.673358576156371,15
3591576,9.851399617145223,8
3591581,9.92481574376373,5
3591590,9.82765007479687,9
3591595,9.922834982475633,5
3591611,9.605838161960452,16
3591625,9.701483608508568,14
3591635,9.8274017351783,10
3591640,9.918109969371327,5
3591649,9.818303351399877,9
3591650,10.0,1
3591654,9.936441152610385,4
3591668,9.70281443932375,14
3591679,9.759216020748926,11
3591692,9.710329767075285,13
3591708,9.657880682423711,16
3591709,10.0,1
3591721,9.760022188961857,12
3591723,9.973030757131495,2
3591724,10.0,1
3591728,9.938660100797325,4
3591729,10.0,1
3591737,9.830112033281551,8
3591746,9.824305064398692,9
3591753,9.87562690292721,7
3591760,9.853929828028644,7
3591763,9.948546488214278,3
3591770,9.872673038901505,7
3591780,9.803880428155608,10
3591790,9.77501946624057,10
3591797,9.854877283978984,7
3591811,9.679739095909616,14
3591817,9.881672181854263,6
3591819,9.972954992332706,2
3591832,9.731798659087548,13
3591846,9.690303535190813,14
3591847,10.0,1
3591860,9.423076619164128,13
3591879,9.61767385658901,19
3591892,9.700353191033004,13
3591893,10.0,1
3591903,9.793109883838676,10
3591910,9.87693451506192,7
3591921,9.77519692964412,11
3591926,9.928825599254921,5
3591947,9.499662411998237,21
3591959,9.737991852582272,12
3591961,9.98201132216788,2
3591974,9.746679456682486,13
3591983,9.84018825964923,9
3591984,10.0,1
3591985,10.0,1
3591987,9.977605793387205,2
3591992,9.927096194324028,5
3592004,9.754626879586043,12
3592010,9.909222605880862,6
3592022,9.729900046681433,12
3592031,9.823997246120282,9
3592037,9.87905289753541,6
3592046,9.818836042317738,9
3592057,9.762197103206471,11
3592071,9.703620345436672,14
3592079,9.831372140347455,8
3592084,9.906217535349617,5
3592088,9.936596584091033,4
3592092,9.930147271840573,4
3592098,9.899410433248848,6
3592101,9.958087210282835,3
3592115,9.701148785957729,14
3592119,9.940994345907903,4
3592126,9.860653397316302,7
3592134,9.84131025973267,8
3592143,9.803307127163338,9
3592158,9.66450730253812,15
3592166,9.853675514537807,8
3592167,10.0,1
3592178,9.74923905183143,11
3592191,9.710106433467166,13
3592196,9.927463828366122,5
3592214,9.642427571729996,18
3592229,9.651997064908254,15
3592239,9.821460209603128,10
3592240,9.987638909304465,1
3592241,10.0,1
3592247,9.904818274758288,6
3592248,10.0,1
3592251,9.953568699375797,3
3592258,9.893746685459408,7
3592263,9.921766543246507,5
3592273,9.79059914373397,10
3592274,10.0,1
3592285,9.762876192226264,11
3592292,9.853880595797715,7
3592302,9.758526607183398,10
3592314,9.708919144657065,12
3592328,9.697085523789188,14
3592339,9.748803950843346,11
3592349,9.809838389164561,10
3592350,10.0,1
3592363,9.748942572327676,13
3592370,9.899571282253799,7
3592380,9.809112878771204,10
3592386,9.883647299672335,6
3592400,9.696156067204887,14
3592411,9.75980397514643,11
3592424,9.759986473028212,13
3592435,9.78670295616145,11
3592451,9.613727160396632,16
3592454,9.963531248652172,3
3592462,9.84921776682841,8
3592463,10.0,1
3592480,9.614985917154167,17
3592490,9.833250981790227,10
3592502,9.751605088264643,12
3592513,9.79983618583068,11
3592520,9.88589152480279,7
3592530,9.775249241724635,10
3592540,9.813059426797412,10
3592544,9.93678061400879,4
3592563,9.553965696015373,19
3592572,9.817577105517913,9
3592586,9.685386644642087,14
3592594,9.654288220312365,8
3592602,9.835811404323302,8
3592603,10.0,1
3592604,10.0,1
3592615,9.753701370708503,11
3592616,10.0,1
3592617,10.0,1
3592626,9.82687471400352,9
3592630,9.928610341221079,4
3592645,9.652382317378011,15
3592652,9.865890500720045,7
3592662,9.79317342066801,10
3592674,9.759189034592492,12
3592685,9.743553730259032,11
3592694,9.83319133027849,9
3592695,9.99273826807466,1
3592710,9.684261948431805,15
3592720,9.780607796872207,10
3592728,9.834005681523784,8
3592732,9.929669414258754,4
3592738,9.901883065927585,6
3592743,9.931618868584117,5
3592750,9.872997619667371,7
3592754,9.953251082501287,4
3592765,9.799026547477352,11
3592783,9.57754757985563,18
3592791,9.847133262311804,8
3592803,9.750138975251037,12
3592812,9.819257751723123,9
3592817,9.922389157294056,5
3592826,9.80380293042602,9
3592837,9.817346752216222,11
3592838,10.0,1
3592840,9.973896212812278,2
3592844,9.93751118727059,4
3592845,9.996716257382262,1
3592846,10.0,1
3592847,10.0,1
3592863,9.65224446386646,16
3592864,10.0,1
3592879,9.662232253526438,15
3592880,10.0,1
3592896,9.627645255632073,16
3592923,9.43075789571145,27
3592928,9.921023437913034,5
3592938,9.836073793983855,10
3592943,9.918345424742343,5
3592958,9.638425674349815,15
3592971,9.708352481699155,13
3592981,9.829694334873395,10
3592986,9.90477586391389,5
3592994,9.83179353847631,8
3593003,9.835533916592233,9
3593009,9.892831655093643,6
3593017,9.846703394858,8
3593026,9.821038841043523,9
3593030,9.934927509393122,4
3593044,9.72603451041255,14
3593054,9.799706356604208,10
3593058,9.92722025595547,4
3593066,9.851639657209095,8
3593078,9.742635445730494,12
3593090,9.742709261766864,12
3593097,9.881659441544436,7
3593108,9.77173520916029,11
3593109,10.0,1
3593119,9.684605604044418,10
3593125,9.90771104953218,6
3593137,9.805817847625168,12
3593144,9.892267752929827,7
3593145,10.0,1
3593160,9.679242342968612,15
3593170,9.803574970153278,10
3593176,9.917027080599448,6
3593187,9.758968410346608,11
3593195,9.842485606470674,8
3593202,9.90137891695033,7
3593216,9.661790679101564,14
3593225,9.849195898090915,9
3593247,9.475855540901511,22
3593260,9.634901382749467,13
3593261,10.0,1
3593274,9.735063218971224,13
3593282,9.83402795624229,8
3593289,9.856349665878835,7
3593298,9.813077818786525,9
3593311,9.792342118716332,13
3593326,9.669592847146223,15
3593332,9.87379350594566,6
3593340,9.868048038021247,8
3593347,9.858981645503432,7
3593356,9.828036122126532,9
3593369,9.743971831826236,13
3593380,9.785601856617854,11
3593381,9.996432298717597,1
3593392,9.780851668686703,11
3593398,9.89036577098205,6
3593401,9.953014170228794,3
3593415,9.67827303319439,14
3593424,9.838512827195435,9
3593434,9.797452488771219,10
3593439,9.912863679064852,5
3593444,9.906237725207587,5
3593451,9.874092293416298,7
3593456,9.912345873762478,5
3593465,9.83528776666789,9
3593478,9.723171113443847,13
3593484,9.897610359344501,6
3593497,9.70816853161386,13
3593507,9.78632741631318,10
3593515,9.832841109828776,8
3593520,9.912064280358837,5
3593527,9.866222921890174,7
3593535,9.859800358987137,8
3593547,9.741627250873753,12
3593558,9.771122540302196,11
3593566,9.84362465170167,8
3593571,9.92345199477389,5
3593582,9.74236144825822,11
3593585,9.962472626855693,3
3593590,9.918393010428193,5
3593594,9.9409408545235,4
3593605,9.776551836695274,11
3593616,9.770287805578006,11
3593617,10.0,1
3593625,9.845465817209522,8
3593630,9.92899993418851,5
3593641,9.765796560188077,11
3593654,9.775563024576442,13
3593659,9.922208268093149,5
3593670,9.765508179709926,11
3593673,9.95276864340683,3
3593681,9.858723721112725,8
3593687,9.905595649567525,6
3593689,9.97844023521481,2
3593702,9.710475769529541,13
3593716,9.7026847936336,14
3593728,9.730344159918618,12
3593733,9.901261169871203,5
3593745,9.771502390089735,12
3593758,9.744219707431247,13
3593772,9.676843158629975,14
3593786,9.687992990404155,14
3593789,9.96445276709998,3
3593800,9.760965544737209,11
3593808,9.849163832607584,8
3593823,9.680272421442476,15
3593824,10.0,1
3593825,10.0,1
3593837,9.737535164936528,12
3593839,9.968902213105682,2
3593841,9.975248957482437,2
3593848,9.849767584306685,7
3593867,9.52454600400565,19
3593876,9.799533186160193,9
3593882,9.907394171372177,6
3593885,9.967115569847222,3
3593897,9.748024174341356,12
3593900,9.948058248083166,3
3593906,9.878974583580591,6
3593911,9.92184897540437,5
3593925,9.614525202284664,14
3593927,9.974296897861388,2
3593934,9.867535767503913,7
3593941,9.898042791696993,7
3593947,9.890664595131279,6
3593951,9.945917078957457,4
3593956,9.915996296613654,5
3593961,9.919403149174277,5
3593967,9.901791818554136,6
3593973,9.884708171844931,6
3593978,9.925400818957568,5
3593986,9.829513096863689,8
3593990,9.939090667504246,4
3594003,9.719310920773754,13
3594015,9.738533423008095,12
3594033,9.594866018136356,18
3594037,9.94584266581364,4
3594051,9.676768699885328,14
3594063,9.78082343120922,12
3594072,9.597181516154713,9
3594079,9.84863144852841,7
3594080,9.992852598539322,1
3594085,9.919263350675589,5
3594098,9.735231226222632,13
3594106,9.8504974479072,8
3594119,9.6889226779748,13
3594129,9.789272193979732,10
3594130,10.0,1
3594133,9.946315144949423,3
3594136,9.767173009890055,3
3594137,9.996387656758042,1
3594150,9.72775247785418,13
3594153,9.959921666408153,3
3594154,10.0,1
3594170,9.527593623566608,16
3594171,10.0,1
3594172,10.0,1
3594173,9.996648264418777,1
3594186,9.733211313221286,13
3594188,9.972525127965438,2
3594198,9.801367904606554,10
3594202,9.932527684749536,4
3594213,9.78101805677098,11
3594215,9.970693467687509,2
3594220,9.924069121398446,5
3594232,9.739900729090673,12
3594249,9.603491104287125,17
3594253,9.931809411358008,4
3594258,9.91593022814378,5
3594266,9.838331889450746,8
3594272,9.889404024135453,6
3594284,9.775617437968359,12
3594285,10.0,1
3594288,9.968360180769565,3
3594295,9.855704943479376,7
3594301,9.878823047582355,6
3594302,10.0,1
3594307,9.911193610123277,5
3594312,9.909319900113767,5
3594321,9.828598922887348,9
3594322,10.0,1
3594331,9.816992313652413,9
3594340,9.795178637460888,9
3594349,9.807033684407445,9
3594357,9.832402102850471,8
3594364,9.846014169523233,7
3594372,9.853012312690334,8
3594379,9.864674894446823,7
3594387,9.850276744425877,8
3594393,9.881060033496041,6
3594396,9.955184180329981,3
3594405,9.846535285519288,9
3594418,9.72068097933328,13
3594421,9.969340897434343,3
3594431,9.798393770042935,10
3594444,9.72569660668444,13
3594445,9.996236611032089,1
3594452,9.85027274404402,7
3594456,9.94036902630161,4
3594462,9.90002736621744,6
3594465,9.961821507683018,3
3594481,9.620111943732741,16
3594482,10.0,1
3594483,10.0,1
3594486,9.956665125131112,3
3594496,9.780460550921084,10
3594505,9.811182304398809,9
3594514,9.815210612234836,9
3594518,9.925847729876226,4
3594524,9.876851940899584,6
3594526,9.973114211328296,2
3594544,9.609938778781004,18
3594556,9.740570776788058,12
3594569,9.723728079750574,13
3594574,9.909462490028847,5
3594582,9.839793461600413,8
3594592,9.785880077882261,10
3594604,9.746200726911784,12
3594612,9.852985574925661,8
3594616,9.941681651890455,4
3594627,9.758662789278056,11
3594635,9.846521155696943,8
3594637,9.98351279337135,2
3594645,9.852810636284909,8
3594648,9.959958061719052,3
3594649,10.0,1
3594665,9.64452996576702,16
3594677,9.79471351684262,12
3594681,9.944799981644898,4
3594693,9.737258332111228,12
3594698,9.928811504807957,5
3594703,9.929542368737733,5
3594719,9.636416705649369,16
3594723,9.951497005768305,4
3594724,10.0,1
3594727,9.966346541918739,3
3594738,9.750402978600546,11
3594748,9.814131618200648,10
3594761,9.685798350581125,13
3594767,9.89370595192882,6
3594776,9.81666030267372,9
3594784,9.840908734567492,8
3594795,9.781707253680235,11
3594803,9.857478474706543,8
3594810,9.875900678147977,7
3594824,9.692721428693455,14
3594828,9.941125267906896,4
3594842,9.649201626345508,14
3594850,9.841756018774305,8
3594864,9.576284659303505,14
3594874,9.797500348269772,10
3594886,9.735400337408844,12
3594897,9.773651185930294,11
3594917,9.478408597047517,20
3594926,9.817084183233256,9
3594932,9.90437264594164,6
3594941,9.827322472322201,9
3594954,9.715055717365743,13
3594963,9.860688638619004,9
3594964,10.0,1
3594969,9.908830386853692,5
3594982,9.712266876093386,13
3594992,9.775808919378544,10
3594997,9.93271258771052,5
3595007,9.793730085170145,10
3595015,9.857072160251429,8
3595023,9.82407656470485,8
3595033,9.77044312022116,10
3595042,9.811543482142428,9
3595050,9.836292199884246,8
3595062,9.746319511329125,12
3595071,9.822170535006334,9
3595074,9.973074788603551,3
3595081,9.853412897273914,7
3595091,9.803180205909285,10
3595097,9.896036403315513,6
3595098,10.0,1
3595106,9.852617409759434,8
3595121,9.662832875256266,15
3595135,9.710217697595242,14
3595139,9.94958310432426,4
3595146,9.899644698020907,7
3595159,9.731347592021157,13
3595169,9.8063785784878,10
3595177,9.839040574981924,8
3595190,9.735919946013329,13
3595203,9.716177581231976,13
3595211,9.841403588445914,8
3595224,9.699066502127598,13
3595239,9.67609191812019,15
3595246,9.855103476981805,7
3595250,9.93106705076967,4
3595258,9.847070887128844,8
3595271,9.743282910421692,13
3595281,9.761736592147233,10
3595292,9.765309607312155,11
3595303,9.77167507683488,11
3595307,9.93657405666515,4
3595309,9.984718011682496,2
3595321,9.716224731802956,12
3595328,9.862620861023375,7
3595340,8.099886263507726,12
3595341,10.0,1
3595345,9.941873947915044,4
3595353,9.883994321440774,8
3595366,9.695565223450421,13
3595376,9.799530358811724,10
3595382,9.909737572409519,6
3595388,9.89459518411471,6
3595395,9.872060211266882,7
3595411,9.738763296939169,16
3595425,9.470982691375296,14
3595431,9.900021765486263,6
3595433,9.969500757261843,2
3595444,9.68804926966879,11
3595445,10.0,1
3595446,10.0,1
3595452,9.88880440243924,6
3595463,9.750729475098984,11
3595471,9.846906730925426,8
3595476,9.9257066839411,5
3595484,9.834967202359032,8
3595493,9.79683135981156,9
3595505,9.665801281463496,12
3595513,9.823410333244679,8
3595517,9.944506020229287,4
3595527,9.805713560002221,10
3595535,9.843566547056767,8
3595552,9.594588479656807,17
3595560,9.863817920017931,8
3595565,9.924568802196077,5
3595568,9.965891463211934,3
3595571,9.960992743300972,3
3595582,9.816379966947736,11
3595590,9.824029913204734,8
3595597,9.88880012265137,7
3595603,9.883364607954546,6
3595615,9.734897503848828,12
3595616,10.0,1
3595625,9.815988847070887,9
3595631,9.896732638975651,6
3595633,9.98276377601628,2
3595641,9.846769393019953,8
3595649,9.829624153731398,8
3595657,9.835448976211625,8
3595666,9.81924736420059,9
3595681,9.670025946410844,15
3595684,9.959213443058978,3
3595689,9.910962482858858,5
3595694,9.910346979842133,5
3595703,9.845688617926617,9
3595710,9.895324566819989,7
3595724,9.703313632715705,14
3595732,9.851272897090379,8
3595737,9.928123989888492,5
3595752,9.641502155835113,15
3595765,9.72380971762535,13
3595778,9.719936385014401,13
3595782,9.94456836789651,4
3595789,9.864416761260173,7
3595803,9.702006630818978,14
3595813,9.781599605287628,10
3595821,9.865166189841943,8
3595830,9.816965808960544,9
3595844,9.704462869864024,14
3595849,9.912981389050536,5
3595851,9.981981435963178,2
3595859,9.836438393421778,8
3595866,9.88119914271337,7
3595872,9.912615947928693,6
3595877,9.929546862093572,5
3595878,9.996100188813354,1
3595888,9.813594797076373,10
3595889,10.0,1
3595894,9.920318030728787,5
3595903,9.801236153957898,9
3595914,9.767609381936445,11
3595921,9.848714846251461,7
3595943,9.520989646193037,22
3595960,9.614484643059901,17
3595968,9.836510940283311,8
3595976,9.84134827909259,8
3595990,9.674146559714963,14
3595999,9.820352508012272,9
3596006,9.888427901802205,7
3596016,9.772984632547784,10
3596019,9.952499163631796,3
3596027,9.847184252875351,8
3596037,9.810620856046839,10
3596040,9.952457103337702,3
3596054,9.701203642473482,14
3596065,9.73896809867095,11
3596066,10.0,1
3596080,9.663726224689308,14
3596088,9.858055751928529,8
3596096,9.812849327831314,8
3596113,9.645614587719075,17
3596119,9.895592397381172,6
3596123,9.934294002091782,4
3596129,9.895150614796544,6
3596130,10.0,1
3596135,9.918197991847926,5
3596151,9.600085605321794,16
3596156,9.914707123802916,5
3596163,9.866481426996952,7
3596170,9.746744697909705,7
3596173,9.95906930593973,3
3596183,9.56410103501806,10
3596186,9.96433502628085,3
3596189,9.956331830269635,3
3596190,10.0,1
3596191,10.0,1
3596197,9.874532770153968,6
3596201,9.92861188504439,4
3596216,9.649975859981225,15
3596217,10.0,1
3596220,9.965051177450729,3
3596235,9.630329202588978,15
3596251,9.203184589538143,16
3596260,9.828547813096288,9
3596265,9.93128180881905,5
3596268,9.94905969391313,3
3596275,9.881611038069641,7
3596276,10.0,1
3596280,9.941970016547472,4
3596289,9.818462319112605,9
3596290,10.0,1
3596295,9.926441812856835,5
3596296,10.0,1
3596309,9.715761337814694,13
3596324,9.711042980347193,15
3596329,9.915374002188445,5
3596333,9.923305128690943,4
3596340,9.872510353890709,7
3596341,10.0,1
3596345,9.9259388188747,4
3596356,9.749871875980714,11
3596373,9.57254756315385,17
3596385,9.746156605655726,12
3596398,9.72073069160451,13
3596416,9.653780182538027,18
3596432,9.630260435606399,16
3596433,10.0,1
3596444,9.811168202131574,11
3596449,9.931636479772294,5
3596453,9.950138260172448,4
3596459,9.9068782024409,6
3596471,9.71769895000125,12
3596477,9.880400849849645,6
3596488,9.752830367193,11
3596497,9.852321673187658,9
3596503,9.877856202783665,6
3596514,9.809826456419199,11
3596518,9.934743064813038,4
3596525,9.874090480518818,7
3596526,10.0,1
3596529,9.949974493376985,3
3596538,9.83186955262476,9
3596547,9.813775516819334,9
3596549,9.967323018831726,2
3596555,9.890065986383346,6
3596562,9.879383627673654,7
3596578,9.630915229510173,16
3596589,9.765410875108978,11
3596593,9.927659580059146,4
3596602,9.824866583114996,9
3596615,9.686369773113208,13
3596616,10.0,1
3596617,10.0,1
3596618,10.0,1
3596628,9.770121403095494,10
3596637,9.835846183637505,9
3596648,9.745504831829226,11
3596652,9.948149255191153,4
3596658,9.883904166601644,6
3596669,9.776138480457245,11
3596679,9.787713670254707,10
3596692,9.742662944882182,13
3596703,9.75165409346755,11
3596712,9.827489307662004,9
3596719,9.856376510087442,7
3596722,9.961934300548902,3
3596735,9.707643618874362,13
3596749,9.659328364576597,14
3596755,9.884125750971537,6
3596756,10.0,1
3596763,9.878823543132572,7
3596777,9.695690796060669,14
3596784,9.88405130281638,7
3596793,9.828528671738736,9
3596804,9.662415205518512,11
3596811,9.788724140413287,7
3596821,9.784687873630794,10
3596835,9.702902104497488,14
3596840,9.918909910451143,5
3596841,10.0,1
3596847,9.893813840896696,6
3596854,9.891292169826414,7
3596855,10.0,1
3596865,9.778650990531087,10
3596874,9.805128053751728,9
3596879,9.92844811184505,5
3596888,9.622022622618111,9
3596899,9.754820146452548,11
3596904,9.928482897121924,5
3596912,9.862848996182544,8
3596917,9.928325958592097,5
3596930,9.698351271841876,13
3596941,9.796765460969056,11
3596953,9.742981840384235,12
3596963,9.831198915275976,10
3596975,9.756278115347918,12
3596986,9.78834960333068,11
3596992,9.893645937119507,6
3597002,9.795487371341471,10
3597012,9.825911735823153,10
3597014,9.970882636682036,2
3597022,9.856936523024599,8
3597030,9.856111051242754,8
3597042,9.728256993407253,12
3597067,9.454424850959013,25
3597069,9.977444513358511,2
3597075,9.895818241136848,6
3597085,9.798926546703392,10
3597098,9.706687500223216,13
3597103,9.903254600450797,5
3597108,9.912573489778403,5
3597114,9.898731224830744,6
3597125,9.776237352385339,11
3597133,9.851379507342864,8
3597147,9.66916906079861,14
3597148,10.0,1
3597161,9.696939619712321,13
3597163,9.980294316689879,2
3597167,9.933531298876483,4
3597170,9.965836304518117,3
3597181,9.6694014054655,11
3597191,9.801046637698017,10
3597206,9.535820007826663,15
3597215,9.795225091077516,9
3597227,9.763960976340393,12
3597237,9.794646511719387,10
3597244,9.859354683599975,7
3597250,9.884648155557048,6
3597267,9.607604520033018,17
3597273,9.898902107284384,6
3597278,9.923608586359013,5
3597295,9.647975300595201,17
3597301,9.920867021280817,6
3597315,9.711784447475294,14
3597316,10.0,1
3597321,9.911115808453026,5
3597330,9.819919009719086,9
3597333,9.965350560995446,3
3597334,10.0,1
3597337,9.954988107310964,3
3597338,10.0,1
3597350,9.758507819816563,12
3597356,9.882804327005928,6
3597363,9.880486550226033,7
3597373,9.791354213432086,10
3597384,9.771921253923054,11
3597396,9.751410217043171,12
3597397,10.0,1
3597403,9.892203860061125,6
3597414,9.77642469721542,11
3597420,9.888152797673598,6
3597421,10.0,1
3597434,9.712906563853203,13
3597438,9.926950754678824,4
3597453,9.666400263564581,15
3597454,10.0,1
3597460,9.887503987153352,6
3597461,10.0,1
3597464,9.9618126677668,3
3597472,9.849189495070718,8
3597476,9.949060743277272,4
3597483,9.857679166101036,7
3597492,9.790828279387918,9
3597494,9.98388118134134,2
3597504,9.8017163641699,10
3597514,9.78663090794028,10
3597531,9.601045827430742,17
3597543,9.762987361876105,12
3597550,9.90316855023248,7
3597555,9.921340482438389,5
3597564,9.83133264062324,9
3597573,9.83074914359655,9
3597586,9.754515163144571,13
3597591,9.910482337310574,5
3597596,9.932019939760089,5
3597603,9.887889809124005,7
3597609,9.88275014805616,6
3597612,9.961450994290486,3
3597619,9.867088338054392,7
3597620,10.0,1
3597633,9.712422484542014,13
3597647,9.655528269018323,14
3597657,9.787318451048538,10
3597664,9.868088164780879,7
3597671,9.877100290398586,7
3597679,9.852166437779426,8
3597686,9.8731191362071,7
3597687,10.0,1
3597693,9.904433438113175,6
3597703,9.817818629616912,10
3597712,9.819773028221073,9
3597728,9.637843539930529,16
3597733,9.924243846542238,5
3597750,9.66804814114937,17
3597756,9.903296750684273,6
3597764,9.882013533972996,8
3597768,9.945721811853549,4
3597781,9.678365472163282,13
3597782,10.0,1
3597792,9.767177318777389,10
3597800,9.857876119898808,8
3597808,9.858920514501397,8
3597821,9.714807896136504,13
3597837,9.59171697094234,16
3597847,9.763548941780726,10
3597853,9.900300987854656,6
3597870,9.6022244993534,17
3597879,9.790298324260503,9
3597892,9.718780396518513,13
3597898,9.892958252803234,6
3597903,9.904413636901237,5
3597909,9.900819920426434,6
3597919,9.77684382630968,10
3597928,9.802896935238826,9
3597941,9.622714875522469,13
3597951,9.804022178924576,10
3597967,9.660043998062225,16
3597975,9.849285850729396,8
3597988,9.735929756683948,13
3598003,9.677993717668251,15
3598007,9.94133214473394,4
3598017,9.789136989738108,10
3598020,9.960717151552288,3
3598026,9.878351687682978,6
3598028,9.984759560255764,2
3598040,9.674409439843176,12
3598053,9.70434671479622,13
3598064,9.759419911922546,11
3598070,9.904437438393673,6
3598071,10.0,1
3598077,9.913124926570784,6
3598078,10.0,1
3598086,9.89277329482524,8
3598094,9.836425532984293,8
3598107,9.723394355831363,13
3598108,9.988613951506386,1
3598119,9.753811212850223,11
3598129,9.79549435175718,10
3598142,9.693782917670553,13
3598143,10.0,1
3598147,9.946347493940188,4
3598149,9.97426024364098,2
3598157,9.858084380153313,8
3598169,9.727365195775098,12
3598177,9.870303221224273,8
3598190,9.70727806004443,13
3598196,9.908467802618429,6
3598203,9.863498603418142,7
3598214,9.763657644508811,11
3598228,9.69909706788609,14
3598238,9.79245283295042,10
3598247,9.798156565796589,9
3598261,9.721587348057126,14
3598268,9.890262679623424,7
3598275,9.86632631157585,7
3598286,9.77260086139833,11
3598298,9.76997774943246,12
3598300,9.97191421868888,2
3598303,9.959290908040874,3
3598312,9.802154882046255,9
3598315,9.958796864804288,3
3598319,9.937135832920495,4
3598328,9.808322851382355,9
3598343,9.648996361813536,15
3598353,9.784785066731004,10
3598365,9.752177397996638,12
3598372,9.861889647451779,7
3598387,9.659635462399029,15
3598388,10.0,1
3598397,9.83282255252839,9
3598403,9.908488315321609,6
3598406,9.960377950601647,3
3598416,9.701575211882894,10
3598425,9.8168158808196,9
3598427,9.969648313999466,2
3598433,9.887507107930588,6
3598435,9.968434934188519,2
3598443,9.862998226043786,8
3598453,9.799445431435714,10
3598457,9.935034137419908,4
3598468,9.662946917533182,11
3598476,9.845412866842892,8
3598487,9.74516351182572,11
3598496,9.849127314413193,9
3598512,9.651158365763923,16
3598522,9.790566654877024,10
3598537,9.69831419659909,15
3598550,9.722487742537812,13
3598565,9.638882322375988,15
3598569,9.942598268715917,4
3598573,9.940968656172386,4
3598586,9.721467922409172,13
3598591,9.933075106154739,5
3598604,9.705437366930436,13
3598609,9.917587998225152,5
3598620,9.79773674383158,11
3598634,9.695410110436326,14
3598648,9.689631007242463,14
3598660,9.726400018267745,12
3598661,10.0,1
3598667,9.904121237420323,6
3598676,9.818451694340443,9
3598677,9.992819826912617,1
3598684,9.862196278049282,7
3598693,9.831270300251171,9
3598707,9.670208866372628,14
3598708,10.0,1
3598720,9.742231694167257,12
3598730,9.730185103021746,10
3598737,9.89696838259883,7
3598741,9.947301147736447,4
3598746,9.905645375679686,5
3598752,9.890043001038547,6
3598762,9.797451337574067,10
3598769,9.841455234101856,7
3598783,9.691659229976635,14
3598799,9.605282261320944,16
3598803,9.947897181411898,4
3598825,9.412406420918744,22
3598832,9.858749655353714,7
3598834,9.974649278059365,2
3598839,9.920644592429907,5
3598846,9.882322046560594,7
3598848,9.969659622026988,2
3598863,9.665268388297823,15
3598871,9.870009398103011,8
3598882,9.79258919036277,11
3598887,9.925611775721705,5
3598892,9.912495463840546,5
3598902,9.785707509643526,10
3598911,9.820719374110594,9
3598921,9.791265424925085,10
3598929,9.839476083619278,8
3598940,9.747126386315864,11
3598949,9.82471205547516,9
3598960,9.758261258750343,11
3598974,9.70155055408118,14
3598986,9.754725353333502,12
3598997,9.78136401413793,11
3598999,9.979715270639902,2
3599004,9.924609896818659,5
3599012,9.839997141709294,8
3599019,9.876912090031784,7
3599032,9.757153146827944,13
3599034,9.983209673567297,2
3599050,9.691837994590646,16
3599062,9.7503069696196,12
3599068,9.909196684538587,6
3599075,9.863488951009952,7
3599076,10.0,1
3599079,9.95831885839925,3
3599083,9.94455407952329,4
3599094,9.74397947383289,11
3599095,10.0,1
3599109,9.665521105980012,14
3599133,9.45391157024129,24
3599135,9.974422497260232,2
3599144,9.826657429832222,9
3599145,10.0,1
3599150,9.929804784313026,5
3599162,9.728845675184072,12
3599163,10.0,1
3599174,9.750349350258421,11
3599177,9.955838144578392,3
3599189,9.753885092453617,12
3599197,9.852941990793207,8
3599206,9.803630245312243,9
3599212,9.891823676491784,6
3599223,9.78073033670305,11
3599227,9.944468004450798,4
3599241,9.711897470544573,14
3599251,9.759016541151636,10
3599257,9.871648167355529,6
3599265,9.865142436096264,8
3599270,9.906778617673321,5
3599278,9.842666332656455,8
3599283,9.905410217354497,5
3599298,9.664364609319719,15
3599306,9.831725680272772,8
3599313,9.669475743821549,7
3599319,9.898518598940468,6
3599330,9.747615568397205,11
3599336,9.90486147828077,6
3599339,9.970727013954637,3
3599348,9.830818075719952,9
3599359,9.658773948530083,11
3599362,9.960934096072258,3
3599367,9.907332133841242,5
3599376,9.79396435007411,9
3599386,9.77919952429789,10
3599395,9.830148509760228,9
3599409,9.681560093701897,14
3599414,9.915629589475508,5
3599421,9.875629506949204,7
3599428,9.861698724888845,7
3599440,9.736224602944171,12
3599450,9.798709447828452,10
3599455,9.91712329496957,5
3599462,9.866795152474465,7
3599468,9.878615835478415,6
3599469,10.0,1
3599487,9.627897206984862,18
3599499,9.73988904907641,12
3599505,9.900260475218566,6
3599514,9.798990055750293,9
3599520,9.872447153500637,6
3599533,9.696929708089602,13
3599547,9.70739533238689,14
3599555,9.829144772143229,8
3599571,9.621961786249978,16
3599583,9.737209956299033,12
3599588,9.907625032753602,5
3599594,9.874459628203985,6
3599604,9.816479753033423,10
3599615,9.738730295243775,11
3599623,9.857924077229047,8
3599631,9.83339299005793,8
3599646,9.686967548517774,15
3599656,9.774901704476335,10
3599657,10.0,1
3599664,9.87668000815989,7
3599669,9.904309176068534,5
3599687,9.559249545356403,18
3599691,9.941744017946895,4
3599699,9.880591999953959,8
3599705,9.896669083134173,6
3599715,9.81259258589103,10
3599733,9.549133631451571,18
3599749,9.669153819683142,16
3599757,9.85821598816028,8
3599758,10.0,1
3599765,9.861373567378493,7
3599776,9.75991043151691,11
3599782,9.877837950815508,6
3599783,10.0,1
3599798,9.554381070400366,15
3599804,9.887351900116396,6
3599809,9.92207200678907,5
3599814,9.911025772783663,5
3599821,9.88295240420288,7
3599831,9.79137446841271,10
3599838,9.880693572041729,7
3599851,9.733449707757712,13
3599861,9.795231221900252,10
3599867,9.91213877641401,6
3599884,9.631990159466314,17
3599895,9.768450422182733,11
3599897,9.975864318459251,2
3599902,9.906520745747898,5
3599908,9.899266307099733,6
3599916,9.851033557930975,8
3599925,9.830057919003957,9
3599936,9.813599657379786,11
3599947,9.774134356511059,11
3599951,9.94016027950698,4
3599967,9.636715210988626,16
3599979,9.709104549756809,12
3599981,9.982151125743632,2
3599986,9.913545087990203,5
3599990,9.926542193177518,4
3599996,9.895445382707464,6
3600003,9.882118027725191,7
3600011,9.661741905836129,8
3600020,9.829432642683418,9
3600028,9.737906709399706,8
3600034,9.907598708383281,6
3600041,9.865615733839784,7
3600049,9.852294920133081,8
3600072,9.418814931398352,23
3600086,9.684947396835897,14
3600091,9.921291648497268,5
3600104,9.76058545093636,13
3600109,9.815741336744122,5
3600124,9.655552670038933,15
3600139,9.670609156228478,15
3600146,9.882522183049407,7
3600147,10.0,1
3600159,9.732867027934867,12
3600169,9.794559432104114,10
3600170,9.996440225110796,1
3600180,9.779658797424771,10
3600187,9.868573663309354,7
3600197,9.769712663027706,10
3600220,9.471496013957463,23
3600229,9.833279199015006,9
3600232,9.970099093441833,3
3600244,9.75312618364321,12
3600252,9.842904581582896,8
3600257,9.930357914033417,5
3600262,9.906930348118946,5
3600273,9.735448481924127,11
3600284,9.744981419958117,11
3600289,9.905143103245157,5
3600293,9.857178859889357,4
3600294,10.0,1
3600299,9.904141903683165,5
3600319,9.527171598484136,20
3600320,10.0,1
3600339,9.550080765622567,19
3600346,9.878782297748536,7
3600357,9.554134571937261,11
3600363,9.877520557677203,6
3600374,9.744951462756028,11
3600387,9.71840583603446,13
3600397,9.777186780760092,10
3600406,9.806727310307746,9
3600412,9.877329223976005,6
3600423,9.766114111673103,11
3600430,9.88313839586602,7
3600431,10.0,1
3600437,9.797312138977722,6
3600438,10.0,1
3600451,9.726937501568871,13
3600461,9.814560876249175,10
3600462,10.0,1
3600466,9.938839468097717,4
3600472,9.907034709293889,6
3600480,9.855159988388182,8
3600486,9.887621852325431,6
3600493,9.882117397606017,7
3600502,9.814320525899571,9
3600510,9.837923957343207,8
3600515,9.902938633617284,5
3600516,10.0,1
3600524,9.84061071829738,8
3600528,9.939876841157215,4
3600544,9.62046878019956,16
3600550,9.90594239147985,6
3600556,9.825649235991845,6
3600564,9.82453338055708,8
3600570,9.905066774767835,6
3600571,9.992563686457617,1
3600576,9.924328390464446,5
3600577,10.0,1
3600595,9.581680016932685,18
3600601,9.899337382161777,6
3600612,9.795563242038247,11
3600616,9.943969491110067,4
3600623,9.867144086142288,7
3600633,9.575134754602908,10
3600642,9.831604632539097,9
3600643,10.0,1
3600648,9.919873723731659,5
3600656,9.852429100100768,8
3600666,9.780597324593517,10
3600671,9.906215784336947,5
3600677,9.900865659905426,6
3600687,9.797635713942112,10
3600698,9.761112845641492,11
3600704,9.88032855492364,6
3600714,9.798126348687363,10
3600715,10.0,1
3600724,9.842861521660671,9
3600743,9.57542691962013,19
3600753,9.792727693224682,10
3600772,9.58146380917087,19
3600778,9.883514026837362,6
3600780,9.97179205032708,2
3600783,9.955628072919193,3
3600793,9.795038783046234,10
3600796,9.965379481689682,3
3600800,9.94421707319932,4
3600813,9.723678653981784,13
3600820,9.873385362718732,7
3600826,9.920007059222126,6
3600835,9.804902527306538,9
3600846,9.785799955309962,11
3600860,9.691364682154296,14
3600868,9.84250659766766,8
3600875,9.901078116235066,7
3600885,9.776897286236292,10
3600897,9.736342669364157,12
3600907,9.817509935440967,10
3600916,9.809092551598605,9
3600922,9.897561325861657,6
3600931,9.80102285774437,9
3600947,9.733761020327524,16
3600963,9.633064978181006,16
3600974,9.80647980100763,11
3600975,10.0,1
3600981,9.893895587945904,6
3600987,9.891908059063622,6
3601001,9.709958066307859,14
3601008,9.874499526698067,7
3601012,9.931317984634378,4
3601024,9.74068266662633,12
3601031,9.868774444056147,7
3601036,9.910815621684709,5
3601046,9.824539238003556,10
3601050,9.944390468168896,4
3601053,9.963242570380357,3
3601064,9.79885750604349,11
3601071,9.858304751268085,7
3601081,9.794909369882477,10
3601082,10.0,1
3601094,9.728170523139285,12
3601101,9.865448863814132,7
3601114,9.545224568348695,13
3601120,9.898610085152631,6
3601126,9.910595229012,6
3601137,9.768717773889072,11
3601147,9.802534840975293,10
3601155,9.833541961531612,8
3601159,9.932334622926057,4
3601176,9.558328982006993,17
3601184,9.82972167052597,8
3601185,10.0,1
3601187,9.971450633009509,2
3601199,9.722751979919474,12
3601209,9.787359607769034,10
3601217,9.83077163174016,8
3601222,9.924581435715563,5
3601227,9.92622101164661,5
3601236,9.70359816078439,9
3601250,9.595658588649945,14
3601258,9.869424265958916,8
3601265,9.880388405894383,7
3601281,9.683739224007375,16
3601285,9.938808295533496,4
3601295,9.817623332565542,10
3601303,9.885624866903362,8
3601311,9.86545995521443,8
3601314,9.954901404059582,3
3601326,9.745124910985139,12
3601336,9.761160909097963,10
3601341,9.93509490899935,5
3601346,9.930768493769786,5
3601355,9.836392242446259,9
3601359,9.93982314614882,4
3601362,9.961584277208065,3
3601370,9.836595336274293,8
3601378,9.837890893615883,8
3601393,9.681020970712217,15
3601403,9.790851345661409,10
3601406,9.95280488566203,3
3601417,9.7727351197873,11
3601424,9.874904088793706,7
3601429,9.91436604749376,5
3601434,9.928328323358365,5
3601445,9.757704176565417,11
3601449,9.939794726606635,4
3601462,9.70693477782701,13
3601469,9.864107491324138,7
3601485,9.606619282622882,16
3601496,9.747903623920424,11
3601507,9.783080837240833,11
3601514,9.86730869842755,7
3601524,9.784717566639118,10
3601528,9.947520068054232,4
3601538,9.811288038326914,10
3601546,9.85069879991864,8
3601553,9.85939035375086,7
3601565,9.725089635319343,12
3601569,9.840026682939788,4
3601584,9.662311619455378,15
3601590,9.901300748984848,6
3601596,9.890684602537892,6
3601598,9.977107633227824,2
3601599,10.0,1
3601609,9.790792256457124,10
3601612,9.961924572511684,3
3601625,9.718678278192131,13
3601626,10.0,1
3601633,9.878583782325071,7
3601649,9.595993282879,16
3601653,9.932466585931772,4
3601667,9.73293254136666,14
3601673,9.891325407806464,6
3601674,10.0,1
3601683,9.811020864619952,9
3601686,9.955832171592498,3
3601696,9.818494223545807,10
3601703,9.880170831418342,7
3601714,9.757302647998042,11
3601718,9.937404925661639,4
3601728,9.783108047208163,10
3601740,9.727657843745295,12
3601750,9.782355012229978,10
3601763,9.696339358766208,13
3601771,9.852227095409788,8
3601774,9.959798485241741,3
3601781,9.876276689440267,7
3601788,9.85549797445152,7
3601796,9.835860825951817,8
3601804,9.865822753622108,8
3601805,10.0,1
3601814,9.807497504250975,9
3601818,9.95228063178249,4
3601819,10.0,1
3601825,9.88741741309666,6
3601836,9.745725782984973,11
3601844,9.840197853234287,8
3601857,9.721879886898032,13
3601860,9.960508920950849,3
3601870,9.811945940187464,10
3601873,9.969530891731207,3
3601881,9.875938244850756,8
3601891,9.794819914288443,10
3601901,9.818559570949168,10
3601908,9.888766813895744,7
3601921,9.723255396408966,13
3601922,9.992722281668689,1
3601929,9.883281783430025,7
3601937,9.847730572540748,8
3601954,9.645901417861854,17
3601958,9.932714852749859,4
3601969,9.770369535200368,11
3601979,9.703094448484547,10
3601993,9.672649610979935,14
3602004,9.782568174091718,11
3602011,9.87899007908978,7
3602012,10.0,1
3602023,9.783605596998484,11
3602030,9.883683982506337,7
3602035,9.921401794469212,5
3602049,9.713713917008343,14
3602058,9.798643745418637,9
3602065,9.760657887658294,7
3602068,9.963675665511117,3
3602076,9.861493162168983,8
3602088,9.743702298467323,12
3602099,9.776742755676459,11
3602103,9.922841789277477,4
3602114,9.764538561125937,11
3602129,9.565468670782511,15
3602140,9.775096071085768,11
3602157,9.737776082160106,17
3602162,9.92208304364357,5
3602164,9.974876037701687,2
3602174,9.813335837700457,10
3602175,10.0,1
3602186,9.80382164255248,11
3602262,7.973007225083901,76
3602278,9.749615080463219,16
3602289,9.785211740211901,11
3602300,9.777725346619214,11
3602800,-21.85239941973871,500
3603300,-214.91072650860173,500
3603311,9.742971027504796,11
3603321,9.760271691449283,10
3603322,10.0,1
3603326,9.938709284197458,4
3603328,9.969719530540214,2
3603331,9.953731751725309,3
3603339,9.837331016840748,8
3603370,1.0055998071657637,31
3603379,9.807430994782012,9
3603391,9.740239248294557,12
3603408,9.599817084017774,17
3603409,9.991251034809098,1
3603410,10.0,1
3603424,9.654627967829574,14
3603443,9.600135394317176,19
3603449,9.889196515484358,6
3603451,9.976708234383537,2
3603464,9.746925130388517,13
3603476,9.724253276345921,12
3603483,9.884338333413737,7
3603490,9.682701974323988,7
3603495,9.926946908358318,5
3603498,9.958322611443846,3
3603504,9.877762117818474,6
3603514,9.802999764548042,10
3603520,9.900893745038092,6
3603526,9.912558951833121,6
3603536,9.796611432636716,10
3603547,9.783445150598357,11
3603559,9.737646008607346,12
3603570,9.751327211139264,11
3603579,9.839062287958821,9
3603586,9.883214891330752,7
3603587,10.0,1
3603597,9.768651837039007,10
3603616,9.529915413682813,19
3603634,9.646156264574762,18
3603654,9.658454623700978,20
3603663,9.788434220937777,9
3603664,10.0,1
3603672,9.88053925744104,8
3603681,9.803084433042294,9
3603684,9.96596622986704,3
3603696,9.74990734097539,12
3603697,10.0,1
3603703,9.883192473577935,6
3603712,9.82544655884418,9
3603717,9.91367611992514,5
3603726,9.810719042092618,9
3603737,9.768042249521637,11
3603749,9.794869865965103,12
3603754,9.925048790700789,5
3603760,9.889763148866487,6
3603770,9.8306196076861,10
3603786,9.612513199681082,16
3603799,9.710810330567286,13
3603811,9.736103403360637,12
3603825,9.703266884084098,14
3603829,9.939851084498882,4
3603836,9.846748590654279,7
3603837,10.0,1
3603841,9.949657398083152,4
3603850,9.818449200801698,9
3603851,10.0,1
3603857,9.911984266266897,6
3603867,9.019330361979714,10
3603873,9.882341846013947,6
3603883,9.787689264709257,10
3603898,9.643996251910943,15
3603913,9.68248989637347,15
3603914,10.0,1
3603921,9.87115636085858,7
3603927,9.874102072981934,6
3603931,9.933528482060774,4
3603932,9.995894802204672,1
3603938,9.888970900561468,6
3603949,9.766354544239059,11
3603958,9.860862786936892,9
3603971,9.719674381709469,13
3603984,9.694702085136596,13
3604002,9.541460454919424,18
3604016,9.662735104209812,14
3604021,9.907266266316267,5
3604022,10.0,1
3604030,9.83580877103224,8
3604043,9.743618233512946,13
3604050,9.853025874261911,7
3604061,9.769484312556939,11
3604070,9.811892567718843,9
3604074,9.933134660332508,4
3604082,9.856295105466518,8
3604092,9.780827487881798,10
3604093,10.0,1
3604102,9.804488885870152,9
3604106,9.933076632673023,4
3604112,9.893793871240291,6
3604116,9.932941469905437,4
3604117,9.988683326491138,1
3604129,9.721610561207301,12
3604131,9.972691467643237,2
3604144,9.730833092482214,13
3604158,9.716142523695119,14
3604191,9.318362337909726,33
3604194,9.96584170760428,3
3604213,9.572755790884703,19
3604220,9.885241743252466,7
3604231,9.761701788459003,11
3604235,9.928059527638675,4
3604243,9.851649932240727,8
3604244,9.992304242527842,1
3604257,9.723169489489322,13
3604269,9.719383087843404,12
3604273,9.941715503832958,4
3604276,9.960450455721173,3
3604285,9.856987810850612,9
3604286,10.0,1
3604303,9.627484198058585,17
3604316,9.682766788367402,13
3604323,9.856490286217657,7
3604334,9.7533672351767,11
3604343,9.832531917283188,9
3604350,9.881408570236292,7
3604355,9.920377949161955,5
3604366,9.767417764844165,11
3604376,9.801860073000102,10
3604387,9.77909309497707,11
3604400,9.697095820062563,13
3604409,9.833742713139642,9
3604413,9.925630576502503,4
3604415,9.980475683509532,2
3604424,9.813916429557802,9
3604429,9.926310800553177,5
3604438,9.819933822708322,9
3604446,9.849635764257389,8
3604447,10.0,1
3604456,9.793829507728669,9
3604470,9.741321592246315,14
3604476,9.901216136678606,6
3604477,9.988362082967011,1
3604490,9.734716782263213,13
3604501,9.768386500849259,11
3604514,9.723195539735132,13
3604518,9.93507146466353,4
3604523,9.924797907984498,5
3604530,9.861547701188586,7
3604541,9.752550234590455,11
3604552,9.776129294496718,11
3604559,9.887186513877491,7
3604568,9.841800371736126,9
3604572,9.951431335878805,4
3604582,9.79323935810801,10
3604583,10.0,1
3604593,9.801309010037802,10
3604598,9.908340119967937,5
3604608,9.793045340118054,10
3604614,9.899178774403902,6
3604624,9.8276413499527,10
3604633,9.798127889851177,9
3604637,9.94519719515496,4
3604638,10.0,1
3604649,9.7721030777005,11
3604659,9.786969762429832,10
3604664,9.919102768259613,5
3604678,9.682727137698528,14
3604682,9.927000994556089,4
3604683,9.988496654875597,1
3604691,9.863392806588767,8
3604697,9.891166393123292,6
3604704,9.853556281318623,7
3604705,10.0,1
3604708,9.950570096970376,3
3604715,9.882129325367153,7
3604717,9.972406896577326,2
3604729,9.738100195118369,12
3604745,9.621276334255619,16
3604752,9.884252360168267,7
3604753,10.0,1
3604756,9.950111657137901,3
3604761,9.926036211663979,5
3604769,9.84578204392719,8
3604776,9.885077662752057,7
3604783,9.865948646727624,7
3604784,10.0,1
3604785,10.0,1
3604792,9.855239544193063,7
3604806,9.701465568485531,14
3604811,9.913138110321304,5
3604822,9.734035638368441,11
3604837,9.681361186504398,15
3604842,9.917896830294257,5
3604858,9.634297068769405,16
3604869,9.792380105923996,11
3604879,9.821913803409913,10
3604888,9.822475723169461,9
3604897,9.792373236201277,9
3604898,10.0,1
3604899,10.0,1
3604909,9.825775517660341,10
3604919,9.792272797880946,10
3604932,9.740854425862683,13
3604933,10.0,1
3604945,9.75227825158288,12
3604953,9.849629952643406,8
3604958,9.901536017943847,5
3604965,9.880802613464983,7
3604974,9.806888837033803,9
3604988,9.681112735481106,14
3604990,9.974686773441947,2
3604999,9.809624358683482,9
3605006,9.876937189266885,7
3605008,9.979507478182441,2
3605016,9.65918213306099,8
3605024,9.86365224518829,8
3605031,9.87446410399147,7
3605043,9.729259572976552,12
3605055,9.748002540619835,12
3605062,9.876646050496932,7
3605074,9.756074077621932,12
3605075,9.988050742729152,1
3605082,9.864264886788881,7
3605098,9.62913932804744,16
3605102,9.933277540935286,4
3605110,9.866742677698648,8
3605118,9.863168065656904,8
3605119,10.0,1
3605131,9.742806120735326,12
3605133,9.9765868353096,2
3605143,9.844711303293716,10
3605156,9.672474546699805,13
3605162,9.878351305749124,6
3605175,9.711492483205545,13
3605185,9.820428201140093,10
3605194,9.803635106321344,9
3605196,9.977484638639032,2
3605203,9.868542754690804,7
3605216,9.676907896432699,13
3605222,9.895015405178738,6
3605228,9.880507651473447,6
3605238,9.760158706226157,10
3605247,9.838210459778137,9
3605261,9.703313269082717,14
3605270,9.812882089552321,9
3605281,9.771843283860386,11
3605294,9.705154257438483,13
3605305,9.768993927185432,11
3605316,9.747418836829793,11
3605326,9.767600333315626,10
3605327,10.0,1
3605337,9.820073556204665,10
3605338,10.0,1
3605354,9.669824343729614,16
3605359,9.919359490888953,5
3605365,9.900376139032959,6
3605385,9.556760125675122,20
3605393,9.850005266238895,8
3605398,9.898253570819657,5
3605408,9.813895414806291,10
3605423,9.673148530450982,15
3605425,9.972242244428491,2
3605435,9.790287853781377,10
3605450,9.57670084303028,15
3605461,9.763048393877627,11
3605476,9.628938082664352,15
3605478,9.98540117654019,2
3605488,9.770777099513143,10
3605494,9.888646237884121,6
3605499,9.90867445719742,5
3605510,9.591225932838967,11
3605513,9.960643634358616,3
3605519,9.900828430815212,6
3605525,9.901902158408248,6
3605541,9.536926243792443,16
3605547,9.71096007366332,6
3605561,9.720490169562268,14
3605565,9.942272922510483,4
3605572,9.869470366567814,7
3605580,9.827674560959682,8
3605585,9.9205735825334,5
3605589,9.927701949250807,4
3605602,9.725284727841679,13
3605605,9.853406167337015,3
3605611,9.882743562650878,6
3605623,9.741967690487767,12
3605630,9.872854178970002,7
3605641,9.74702201880679,11
3605652,9.754216650542125,11
3605661,9.815648102233666,9
3605670,9.816387647713835,9
3605671,10.0,1
3605684,9.705154729951476,13
3605695,9.783037914024348,11
3605696,9.991822152446149,1
3605699,9.957542668715362,3
3605704,9.903725649842707,5
3605716,9.74096552778417,12
3605718,9.978018566805495,2
3605728,9.814806494861243,10
3605741,9.719578573745766,13
3605755,9.650060665623384,14
3605756,10.0,1
3605757,9.996385601390376,1
3605766,9.82893367275027,9
3605781,9.69094377298381,15
3605787,9.898446608298352,6
3605788,10.0,1
3605793,9.910050137670359,5
3605794,9.996467972733296,1
3605795,10.0,1
3605804,9.816017460232857,9
3605819,9.680997464050787,15
3605827,9.86144046252959,8
3605828,9.992393901716866,1
3605838,9.779772580852521,10
3605841,9.958144512578654,3
3605847,9.875523060410226,6
3605848,10.0,1
3605853,9.92444265684202,5
3605858,9.928783614195726,5
3605871,9.684665621527403,13
3605878,9.86371046425226,7
3605896,9.531363708778983,18
3605897,10.0,1
3605904,9.861308545738506,7
3605911,9.850040539949594,7
3605912,9.996470675416653,1
3605920,9.848202988058967,8
3605921,10.0,1
3605937,9.63741721132245,16
3605952,9.682246422983287,15
3605963,9.777948727531609,11
3605972,9.833354948891538,9
3605981,9.803240557918558,9
3605991,9.77669596744904,10
3606003,9.523179718190537,12
3606015,9.722114543690996,12
3606025,9.834667715594986,10
3606037,9.738866117930487,12
3606051,9.695459090964654,14
3606058,9.864979734342267,7
3606063,9.917955241463158,5
3606064,10.0,1
3606073,9.859384788106558,9
3606083,9.783059002810287,10
3606095,9.748128489369783,12
3606109,9.681836853844374,14
3606117,9.84445649439296,8
3606126,9.806428510089809,9
3606127,9.996700605403811,1
3606135,9.852667619471138,8
3606145,9.803367977176771,10
3606156,9.761230468461799,11
3606161,9.911611458988931,5
3606168,9.856327541405294,7
3606175,9.850151902754225,7
3606180,9.910340252704987,5
3606187,9.896601898894481,7
3606188,10.0,1
3606194,9.8852433623219,6
3606209,9.67166349504117,15
3606228,9.632778695371135,19
3606233,9.926216133404404,5
3606245,9.739691565138958,12
3606254,9.837014658181387,9
3606255,10.0,1
3606275,9.516546309255354,20
3606282,9.883892914795247,7
3606303,9.540852916440945,21
3606312,9.831063207364632,9
3606322,9.795810420939533,10
3606334,9.746360871245422,12
3606344,9.785679445721208,10
3606356,9.733150002685306,12
3606364,9.845779164009214,8
3606377,9.730507860400373,13
3606387,9.822812056237998,10
3606393,9.907628772075052,6
3606403,9.785144149846486,10
3606411,9.83862236239035,8
3606418,9.882057387611503,7
3606422,9.95503451496842,4
3606436,9.735998268109292,14
3606444,9.853677110628796,8
3606452,9.78059266482286,8
3606461,9.814997199972943,9
3606469,9.87358756843728,8
3606478,9.844860383337563,9
3606493,9.704375640097323,15
3606513,9.597601657522391,20
3606518,9.917494059973048,5
3606534,9.645086294344871,16
3606539,9.926582439538086,5
3606542,9.961258455230318,3
3606560,9.630712955111203,18
3606565,9.918652478182489,5
3606567,9.985963216604064,2
3606580,9.712150270853364,13
3606600,9.513513628063754,20
3606605,9.93716740018912,5
3606618,9.711998329411527,13
3606629,9.772498949938297,11
3606635,9.905125568527822,6
3606640,9.89980325953178,5
3606644,9.925581760100927,4
3606655,9.796746755254299,11
3606667,9.732680658154727,12
3606679,9.732834163462853,12
3606686,9.880299785223883,7
3606697,9.808657562812398,11
3606705,9.844746038050184,8
3606712,9.879087720434287,7
3606713,10.0,1
3607213,-35.928453310877195,500
3607214,10.0,1
3607227,9.727714570546409,13
3607251,9.555502122930575,24
3607269,9.650381281841602,18
3607278,9.85505318061814,9
3607284,9.905127986486292,6
3607295,9.768464830265545,11
3607300,9.920878335904186,5
3607305,9.92342811978724,5
3607319,9.69382636295519,14
3607329,9.804804448647833,10
3607339,9.795067814209029,10
3607345,9.89293904301907,6
3607346,10.0,1
3607353,9.869873890702697,7
3607354,10.0,1
3607365,9.762366426684299,11
3607369,9.926278804161763,4
3607371,9.976912822051984,2
3607373,9.972315654824145,2
3607381,9.857610620356375,8
3607384,9.959707967031978,3
3607386,9.975973792150155,2
3607393,9.875634306207697,7
3607400,9.838312908988328,7
3607411,9.747338627832946,11
3607421,9.775019187123522,10
3607433,9.731247796450601,12
3607440,9.878573562966926,7
3607449,9.819076909106428,9
3607451,9.970536392738452,2
3607458,9.898428411466309,7
3607459,10.0,1
3607472,9.716490696737427,13
3607480,9.820356169336826,8
3607488,9.868041642187958,8
3607497,9.818405424751084,9
3607509,9.718284472971943,12
3607514,9.9180408021808,5
3607529,9.640806498436378,15
3607541,9.744911941644569,12
3607557,9.650930589612496,16
3607569,9.754450691597784,12
3607570,10.0,1
3607578,9.844734742637785,8
3607582,9.931385290047565,4
3607603,9.453214269672605,21
3607614,9.797074832886029,11
3607619,9.915443923742988,5
3607629,9.783502756210023,10
3607638,9.793982527375405,9
3607647,9.802980413577748,9
3607652,9.913294762424098,5
3607653,10.0,1
3607664,9.805665169374917,11
3607677,9.706691963629675,13
3607686,9.834236751720514,9
3607702,9.72898279090765,16
3607712,9.833490162841576,10
3607713,10.0,1
3607726,9.729692479432911,13
3607741,9.643922948399156,15
3607751,9.791375942379807,10
3607766,9.63904150952613,15
3607767,10.0,1
3607776,9.816102962407752,9
3607787,9.798407116844352,11
3607796,9.822446256658788,9
3607799,9.953685313360179,3
3607809,9.781411222116523,10
3607810,10.0,1
3607819,9.827764420406618,9
3607827,9.833021568146988,8
3607839,9.74481763379346,12
3607847,9.845643268698025,8
3607858,9.771569098175453,11
3607867,9.796875096691267,9
3607871,9.940515582967246,4
3607880,9.845856769999024,9
3607891,9.752146412731188,11
3607897,9.904631728437739,6
3607899,9.97684787795548,2
3607900,10.0,1
3607909,9.822187625883796,9
3607922,9.742494765852177,13
3607930,9.840376320397008,8
3607937,9.87293885999105,7
3607944,9.853782864873997,7
3607954,9.807032226501958,10
3607960,9.889545944287455,6
3607971,9.743341420263958,11
3607983,9.718768308624222,12
3607984,10.0,1
3607994,9.821431833202448,10
3607998,9.950207027853565,4
3608002,9.930737851934257,4
3608010,9.832370788487829,8
3608013,9.957442910459076,3
3608019,9.894712600851488,6
3608028,9.809565800871278,9
3608034,9.913413018471438,6
3608046,9.76549466816461,12
3608055,9.806925562207761,9
3608056,10.0,1
3608064,9.859478580569709,8
3608068,9.92925086100837,4
3608082,9.703251507778967,14
3608092,9.779338918242331,10
3608093,10.0,1
3608097,9.94435693155259,4
3608104,9.88683003346114,7
3608113,9.826470248710976,9
3608120,9.878307614427994,7
3608126,9.89756922664717,6
3608131,9.916021269197179,5
3608148,9.621184707896676,17
3608151,9.96157775360758,3
3608156,9.905721277033235,5
3608162,9.882412432075627,6
3608176,9.669536213203736,14
3608177,10.0,1
3608189,9.7267686059448,12
3608201,9.739267642456621,12
3608210,9.795381590464961,9
3608216,9.910461524472282,6
3608223,9.870769906084474,7
3608227,9.942047786018263,4
3608241,9.696452421858053,14
3608248,9.87684196056231,7
3608255,9.696872752804055,7
3608264,9.831688537601345,9
3608269,9.904633039441114,5
3608272,9.956130936208883,3
3608283,9.770900300791425,11
3608294,9.747993898314231,11
3608308,9.746533406141504,14
3608316,9.862099001407021,8
3608324,9.876100507128227,8
3608334,9.786177180527151,10
3608344,9.792869583101028,10
3608358,9.735018641714271,14
3608367,9.805129586461033,9
3608386,9.52567176147751,19
3608396,9.800281907628928,10
3608402,9.91411511598536,6
3608405,9.947431160947069,3
3608410,9.9050857626876,5
3608420,9.795898799837639,10
3608424,9.927874222110896,4
3608429,9.920258955839454,5
3608436,9.873213499099007,7
3608446,9.794076966938798,10
3608456,9.829211159578634,10
3608471,9.667264146128339,15
3608480,9.83453767867193,9
3608485,9.910635811883562,5
3608492,9.880072610210615,7
3608503,9.753801046064487,11
3608521,9.579983663800194,18
3608536,9.659079656363609,15
3608548,9.753664637522,12
3608595,8.837951989597261,47
3608596,9.9871381553,1
3608601,9.917922959052735,5
3608608,9.86492445464699,7
3608619,9.756483638407634,11
3608631,9.735540313062632,12
3608633,9.977928494394819,2
3608638,9.91666693389566,5
3608643,9.923774221780272,5
3608651,9.848653240671267,8
3608658,9.888209843327614,7
3608669,9.741546006060556,11
3608670,9.989307335072175,1
3608683,9.721199401018666,13
3608692,9.806761670631023,9
3608695,9.856546495677675,3
3608699,9.93598885589369,4
3608702,9.961872423831657,3
3608708,9.90172187900227,6
3608709,10.0,1
3608714,9.90672030009963,5
3608719,9.913491153504049,5
3608738,9.574759760291837,19
3608743,9.923678936852816,5
3608744,10.0,1
3608747,9.950254625193908,3
3608751,9.942588760129995,4
3608760,9.8335572802711,9
3608773,9.717559509703188,13
3608779,9.912268602322442,6
3608786,9.883481547042978,7
3608792,9.887846892433366,6
3608796,9.942665067993206,4
3608797,10.0,1
3608808,9.792133484514409,11
3608818,9.806164466244358,10
3608828,9.77594206330147,10
3608838,9.756020390812667,10
3608846,9.842544500518825,8
3608854,9.8350053410948,8
3608861,9.870675436519123,7
3608866,9.925559001717716,5
3608871,9.925679142961727,5
3608884,9.704125896269325,13
3608890,9.892025786327315,6
3608898,9.858245033126428,8
3608904,9.88187466409792,6
3608905,10.0,1
3608917,9.72252687179618,12
3608928,9.761687359498874,11
3608939,9.752823469756137,11
3608945,9.87436469177888,6
3608956,9.773113547173375,11
3608963,9.895786278548167,7
3608970,9.88184013707341,7
3608980,9.8037624130234,10
3608989,9.819097708618905,9
3608994,9.916499252147084,5
3608998,9.930940620425314,4
3609007,9.818974168920946,9
3609014,9.859413203703397,7
3609027,9.710414379117983,13
3609034,9.875308603653542,7
3609044,9.785126220398578,10
3609045,10.0,1
3609056,9.756199520335036,11
3609064,9.851226329271732,8
3609065,10.0,1
3609076,9.785564077822782,11
3609085,9.825114941497606,9
3609099,9.688392578486694,14
3609110,9.757914703955974,11
3609114,9.935054331040176,4
3609123,9.824990329550545,9
3609136,9.697510744810678,13
3609146,9.775081313105002,10
3609157,9.76725209495593,11
3609167,9.783131158058254,10
3609174,9.868201945264964,7
3609184,9.77088513386673,10
3609193,9.804374141732707,9
3609202,9.824670976371207,9
3609210,9.85144608447681,8
3609216,9.914560156887081,6
3609228,9.462636207866007,12
3609239,9.750233354541695,11
3609250,9.760683947694297,11
3609262,9.747536748230688,12
3609273,9.752373140368285,11
3609288,9.671477102226808,15
3609291,9.950755170994181,3
3609301,9.781532743172644,10
3609306,9.908540044086081,5
3609316,9.793919475928732,10
3609317,10.0,1
3609318,10.0,1
3609320,9.972939384151662,2
3609321,10.0,1
3609329,9.825824474087023,8
3609337,9.861473565578265,8
3609345,9.834815708087381,8
3609351,9.899778111386986,6
3609352,10.0,1
3609353,10.0,1
3609359,9.898508966885126,6
3609363,9.952092478146724,4
3609375,9.730066141035346,12
3609383,9.822502629223997,8
3609388,9.905753503534788,5
3609392,9.939339549034724,4
3609404,9.732962416513253,12
3609422,9.57984569062714,18
3609437,9.666966615677655,15
3609446,9.82426043041961,9
3609450,9.930751236748465,4
3609457,9.865701451978802,7
3609463,9.89526218665134,6
3609472,9.818576468428686,9
3609481,9.832073190776182,9
3609495,9.697130196995907,14
3609516,9.524215482474917,21
3609529,9.717144543059783,13
3609532,9.95249095929163,3
3609533,10.0,1
3609542,9.795576729301922,9
3609556,9.72174518689813,14
3609560,9.941149478887372,4
3609574,9.72462876191944,14
3609587,9.714360076165665,13
3609597,9.767329175108701,10
3609602,9.89766700112031,5
3609615,9.716255195046555,13
3609624,9.808282024637638,9
3609635,9.77337954612066,11
3609650,9.663301429992293,15
3609655,9.925860417665925,5
3609669,9.731420138657535,14
3609683,9.2397428087747,14
3609693,9.788805567777347,10
3609696,9.962195621812691,3
3609705,9.813590776010624,9
3609712,9.882641026089185,7
3609722,9.785940846767563,10
3609735,9.72388804812272,13
3609743,9.829499068093792,8
3609755,9.744981674147255,12
3609764,9.811967673311544,9
3609765,10.0,1
3609766,9.988363507273887,1
3609776,9.812395628179054,10
3609777,10.0,1
3609786,9.81494291025841,9
3609789,9.95780478585816,3
3609802,9.760357655058709,13
3609803,10.0,1
3609811,9.840124733403428,8
3609818,9.889789424604588,7
3609825,9.89558194366465,7
3609826,10.0,1
3609840,9.661936877134377,14
3609846,9.884089125084843,6
3609857,9.792359133820563,11
3609873,9.43952431610939,16
3609881,9.848404593288326,8
3609888,9.85537126322792,7
3609902,9.670005745470059,14
3609906,9.935315082476235,4
3609912,9.883029635011018,6
3609923,9.783135337403456,11
3609937,9.69778200570076,14
3609947,9.77529170957579,10
3609954,9.87715352348535,7
3609959,9.933158926148176,5
3609964,9.93383883562597,5
3609965,10.0,1
3609971,9.90598848980716,6
3609977,9.904273544293888,6
3609978,10.0,1
3609980,9.974476235765762,2
3609992,9.742621872363715,12
3610005,9.69038103192551,13
3610020,9.655843945216734,15
3610027,9.86414832714173,7
3610028,10.0,1
3610029,10.0,1
3610038,9.818760292848179,9
3610081,9.199701677866653,43
3610092,9.772137389867424,11
3610105,9.717688906549226,13
3610123,9.704381591757977,18
3610135,9.756958856142724,12
3610139,9.924053344490217,4
3610151,9.76791304930682,12
3610161,9.783013338667372,10
3610164,9.963074779484769,3
3610185,9.430413054726243,21
3610193,9.833271366176996,8
3610203,9.777864687000095,10
3610217,9.685040170905712,14
3610226,9.820858884908137,9
3610232,9.89370178242112,6
3610247,9.677193149939956,15
3610257,9.79744500496373,10
3610266,9.798152174817643,9
3610282,9.568746963114606,16
3610298,9.664146251484112,16
3610307,9.840663252914862,9
3610313,9.914952692929043,6
3610320,9.869394626036817,7
3610327,9.88719249869665,7
3610340,9.708353009082806,13
3610348,9.821586202442754,8
3610363,9.558107310965832,15
3610374,9.768562315238821,11
3610379,9.925036229382462,5
3610380,10.0,1
3610381,10.0,1
3610398,9.599118060229685,17
3610408,9.766499836418847,10
3610421,9.706835329804383,13
3610427,9.884366090666798,6
3610430,9.955154363922894,3
3610444,9.674195447482694,14
3610446,9.97378860051338,2
3610450,9.937466267240062,4
3610460,9.794030389042186,10
3610461,10.0,1
3610470,9.826921275153524,9
3610475,9.91194410809787,5
3610479,9.936255550891014,4
3610490,9.789509887145163,11
3610509,9.257969684051975,19
3610517,9.839158445244161,8
3610520,9.959819434337016,3
3610533,9.69990153135447,13
3610544,9.761005573870442,11
3610553,9.810312640794592,9
3610564,9.761827343145512,11
3610571,9.871001535379065,7
3610576,9.924471543743604,5
3610583,9.861234788634329,7
3610588,9.925725512148665,5
3610592,9.946608975140373,4
3610593,10.0,1
3610606,9.689921090414716,13
3610627,9.421300807797326,21
3610635,9.841999346649054,8
3610641,9.910990418576555,6
3610651,9.805055206496295,10
3610656,9.909733546066951,5
3610665,9.811208472254666,9
3610666,9.996009083222418,1
3610678,9.727723213651464,12
3610683,9.90882010997626,5
3610684,10.0,1
3610685,10.0,1
3610689,9.950014819326285,4
3610698,9.836203699339444,9
3610708,9.805193481366379,10
3610718,9.784355320601325,10
3610723,9.908955471317531,5
3610734,9.742676787073162,11
3610792,-9.108879805868392,58
3610806,9.471149781006694,14
3610807,10.0,1
3610808,10.0,1
3610813,9.911497914342101,5
3610821,9.843232825793143,8
3610832,9.779045446414425,11
3610841,9.80044226854082,9
3610843,9.97021351194489,2
3610849,9.898313951430675,6
3610855,9.913595339006081,6
3610856,10.0,1
3610876,9.504943448827564,20
3610885,9.819212824744783,9
3610895,9.79629211357646,10
3610896,10.0,1
3610902,9.892296587364768,6
3610908,9.883481900863476,6
3610914,9.895468416705237,6
3610925,9.779937627335947,11
3610936,9.777915593231471,11
3610945,9.802355592269887,9
3610946,9.99239950732024,1
3610956,9.786224143007008,10
3610969,9.71677324248816,13
3610985,9.66504571587734,16
3610998,9.71926860600764,13
3611011,9.695932473080479,13
3611018,9.873044321016911,7
3611025,9.858683735079808,7
3611038,9.723878550262686,13
3611043,9.928803649714405,5
3611044,10.0,1
3611049,9.894467336634328,5
3611054,9.924493166954251,5
3611068,9.708523181300459,14
3611074,9.899465601184612,6
3611082,9.8179778354433,8
3611092,9.800630384572248,10
3611101,9.818864536633958,9
3611114,9.724055983947217,13
3611115,10.0,1
3611119,9.74823650480143,4
3611126,9.85533015237837,7
3611135,9.82312148806871,9
3611140,9.906454688191651,5
3611149,9.840429887416668,9
3611160,9.753924156765466,11
3611173,9.705321825198869,13
3611174,10.0,1
3611178,9.946848292186088,4
3611181,9.960702797909866,3
3611193,9.772138088944406,12
3611198,9.921189552279284,5
3611212,9.676885965493295,14
3611221,9.811428518179655,9
3611231,9.800027298047024,10
3611238,9.865646970740618,7
3611239,10.0,1
3611251,9.792281666228462,12
3611259,9.839079523841091,8
3611268,9.830558687657293,9
3611273,9.919290870123845,5
3611282,9.82006513946457,9
3611290,9.837049632064314,8
3611295,9.91766306786292,5
3611301,9.8834727225372,6
3611309,9.854863054033105,8
3611319,9.788637724507968,10
3611325,9.877170753857985,6
3611341,9.617537512954698,16
3611352,9.780062825891944,11
3611356,9.927656207752193,4
3611364,9.837455206651446,8
3611375,9.796073489686725,11
3611376,10.0,1
3611389,9.702507782522991,13
3611400,9.761233344815755,11
3611411,9.79094084661373,11
3611417,9.878868714757184,6
3611427,9.809044942938167,10
3611433,9.902458540714472,6
3611440,9.876802090465944,7
3611450,9.82082602601587,10
3611453,9.967805515840146,3
3611462,9.814351845575613,9
3611477,9.68476223006429,15
3611488,9.749514686964542,11
3611505,9.575605399000347,17
3611516,9.751836052735241,11
3611519,9.96292003250575,3
3611531,9.740438055001022,12
3611543,9.741581356051109,12
3611555,9.730097131215349,12
3611568,9.763149734317523,13
3611576,9.736562536734533,8
3611587,9.760020003306767,11
3611599,9.81428115399094,12
3611604,9.90845456693878,5
3611608,9.947581285016076,4
3611621,9.709906688554621,13
3611623,9.980862116696546,2
3611638,9.547395507834613,15
3611646,9.826214817715982,8
3611647,10.0,1
3611653,9.905095269773053,6
3611659,9.892313895892046,6
3611670,9.754373834861243,11
3611682,9.750481667858509,12
3611691,9.813079276564396,9
3611703,9.76563152212235,12
3611720,9.573875438170694,17
3611725,9.922282066155368,5
3611740,9.593579262793858,15
3611744,9.947984192031422,4
3611755,9.780241977411556,11
3611769,9.684336460168959,14
3611774,9.899328753231487,5
3611785,9.76150098937114,11
3611805,9.567181148246306,20
3611810,9.937839963481654,5
3611817,9.86397187597257,7
3611818,10.0,1
3611829,9.776562343670877,11
3611842,9.69186811466034,13
3611852,9.776863822612718,10
3611866,9.690447400729642,14
3611879,9.60906403679427,13
3611897,9.548140359865632,18
3611914,9.477124981435962,17
3611917,9.971526270997126,3
3611928,9.784405697452806,11
3611939,9.783708357795062,11
3611950,9.764786517693928,11
3611958,9.846288314480015,8
3611971,9.726939331626692,13
3611976,9.92048485625382,5
3611983,9.90530065293778,7
3611989,9.890361772482553,6
3611990,10.0,1
3612005,9.639274430590659,15
3612015,9.81207569641312,10
3612017,9.969523328809249,2
3612023,9.894740032540629,6
3612033,9.790656781770949,10
3612034,10.0,1
3612046,9.788172540993026,12
3612057,9.754906572447561,11
3612074,9.584321355264354,17
3612081,9.87679359595731,7
3612085,9.94497403048578,4
3612087,9.978873270305783,2
3612102,9.551254454482073,15
3612109,9.870461139924934,7
3612116,9.867158847753796,7
3612119,9.968449366320154,3
3612125,9.803075660189993,6
3612132,9.866641813253224,7
3612141,9.794105749841233,9
3612148,9.884083814174474,7
3612155,9.860411393971953,7
3612169,9.6862637410706,14
3612172,9.96680629883616,3
3612183,9.732986770454213,11
3612192,9.82604463379426,9
3612202,9.791918250301837,10
3612207,9.932092191303477,5
3612222,9.682282331646146,15
3612237,9.692094911905025,15
3612244,9.869163444319158,7
3612254,9.791528492694288,10
3612261,9.8856093119361,7
3612295,9.336448360420697,34
3612309,9.7053443049951,14
3612315,9.887548787439592,6
3612316,9.990683639740787,1
3612332,9.70586984604228,16
3612353,9.484542033259698,21
3612366,9.810956657477881,13
3612374,9.879754684463464,8
3612382,9.834992469517651,8
3612389,9.894069409626304,7
3612396,9.877739695097558,7
3612896,-25.695717615978293,500
3612898,9.979046752548712,2
3612905,9.8740407303556,7
3612909,9.943187667767146,4
3612917,9.850789638825445,8
3612921,9.950663747332353,4
3612930,9.833245440989874,9
3612940,9.636481723907481,10
3612945,9.92593606809967,5
3612946,9.99245651947497,1
3612949,9.966909489638775,3
3612958,9.814464460335564,9
3612968,9.784303052970019,10
3612977,9.806980123281734,9
3612987,9.807336914044898,10
3612997,9.772284235725428,10
3613016,9.56356264116552,19
3613023,9.86110060075331,7
3613031,9.874941607451548,8
3613039,9.850957591087393,8
3613050,9.763855548441532,11
3613051,9.992871008640348,1
3613052,10.0,1
3613062,9.791853915019772,10
3613071,9.81446714229404,9
3613077,9.886760016579306,6
3613087,9.786071534504984,10
3613099,9.801086206229177,12
3613109,9.794406645986818,10
3613120,9.755042751415992,11
3613131,9.767451118323034,11
3613136,9.912756946463302,5
3613146,9.805773522716603,10
3613168,9.48060170296115,22
3613169,9.996359703737125,1
3613179,9.808769771555532,10
3613189,9.768309111460372,10
3613200,9.778156403375373,11
3613203,9.965473476043913,3
3613216,9.7104215530561,13
3613221,9.928654587264102,5
3613222,10.0,1
3613235,9.739960299324618,13
3613242,9.878806432617022,7
3613249,9.88577730685502,7
3613267,9.5815778768029,18
3613276,9.803916403818805,9
3613279,9.962552979970376,3
3613290,9.776510116433448,11
3613297,9.876137827629409,7
3613305,9.869290015164477,8
3613319,9.66053861103964,14
3613320,10.0,1
3613332,9.712184976737078,12
3613342,9.783300107842978,10
3613350,9.837762989526961,8
3613357,9.876825703517055,7
3613365,9.845990418457806,8
3613374,9.839146455971262,9
3613396,9.446788864357242,22
3613407,9.737427337632049,11
3613416,9.824986816566508,9
3613417,10.0,1
3613425,9.837002353766227,8
3613435,9.8036083690488,10
3613447,9.746178161358745,12
3613457,9.804180924218379,10
3613472,9.648212561415175,15
3613474,9.9762256785108,2
3613480,9.882055865755405,6
3613496,9.636165932845335,16
3613506,9.780511550982178,10
3613517,9.77308491714715,11
3613522,9.921009132366782,5
3613531,9.811632541385553,9
3613539,9.858713069935746,8
3613540,10.0,1
3613552,9.72835573205521,12
3613561,9.794829441978566,9
3613562,10.0,1
3613567,9.903282757440715,5
3613575,9.830830837862672,8
3613586,9.752685993015287,11
3613596,9.782626563269101,10
3613603,9.881279386321815,7
3613610,9.884823726919164,7
3613616,9.877358490726454,6
3613628,9.720148167751374,12
3613638,9.789753141991199,10
3613650,9.720371854941321,12
3613658,9.737741367874303,8
3613659,10.0,1
3613674,9.66289669706547,15
3613686,9.649622428390666,12
3613694,9.85190971412131,8
3613708,9.672083817349375,14
3613717,9.807986797678584,9
3613726,9.791365655772642,9
3613738,9.739409064248566,12
3613741,9.96812034768118,3
3613756,9.64638882447912,15
3613757,10.0,1
3613769,9.738308410453865,12
3613779,9.78924410041891,10
3613786,9.865359646439511,7
3613792,9.905847061960593,6
3613793,10.0,1
3613804,9.759253353141599,11
3613814,9.782448246282085,10
3613826,9.747049983564573,12
3613834,9.857741953058841,8
3613835,10.0,1
3613847,9.760824595859429,12
3613858,9.762456404039158,11
3613864,9.884560954568421,6
3613870,9.909003646204743,6
3613878,9.841091618459986,8
3613885,9.8652014483106,7
3613890,9.916880773540937,5
3613900,9.783018835191074,10
3613901,10.0,1
3613907,9.893033134045233,6
3613917,9.795119242762432,10
3613918,10.0,1
3613926,9.830066252321934,8
3613931,9.920933110624796,5
3613938,9.867918137120828,7
3613945,9.870789728666324,7
3613946,10.0,1
3613951,9.9107221720479,5
3613956,9.914284098576147,5
3613965,9.825691175025206,9
3613976,9.765951791243964,11
3613983,9.26809789229508,7
3613999,9.659529352029864,16
3614002,9.952824052034131,3
3614003,10.0,1
3614012,9.824390298392288,9
3614016,9.9263129177518,4
3614017,10.0,1
3614021,9.93999414326323,4
3614027,9.882959907167011,6
3614031,9.927803260541822,4
3614032,9.996022670203773,1
3614048,9.636918740157917,16
3614052,9.940145020352238,4
3614065,9.705344060690882,13
3614076,9.780659901924366,11
3614077,10.0,1
3614086,9.825403684091071,9
3614093,9.850566599376581,7
3614099,9.903738265435377,6
3614107,9.857093615554842,8
3614112,9.91626344815864,5
3614116,9.93844028935284,4
3614124,9.82757140441267,8
3614125,9.988990936858212,1
3614127,9.9813386984157,2
3614140,9.751717196889278,13
3614147,9.872708443643893,7
3614157,9.814439263840178,10
3614167,9.829454649267758,10
3614171,9.934547468635007,4
3614182,9.752899393774117,11
3614190,9.840430212025735,8
3614194,9.949018826134482,4
3614198,9.925730255043998,4
3614206,9.870132950513844,8
3614216,9.779853179918117,10
3614221,9.914562875189517,5
3614241,9.535087245896763,20
3614252,9.764356927912637,11
3614256,9.932954433284836,4
3614266,9.830748590391082,10
3614274,9.859204771658613,8
3614281,9.86477406526402,7
3614286,9.91540546321291,5
3614297,9.556866507602221,11
3614307,9.769453041141489,10
3614321,9.719652100438136,14
3614334,9.717940046470874,13
3614345,9.822628072239578,11
3614358,9.710694297500465,13
3614359,10.0,1
3614370,9.786647470003883,11
3614376,9.88755979785243,6
3614378,9.970959950955445,2
3614379,10.0,1
3614385,9.900298905562666,6
3614387,9.978285630797279,2
3614393,9.894609320032968,6
3614401,9.851636115849981,8
3614405,9.940211557631534,4
3614411,9.88714082349416,6
3614421,9.809212939826491,10
3614425,9.91988696488731,4
3614426,9.992785269601493,1
3614427,10.0,1
3614440,9.751356463496842,13
3614442,9.98107661611325,2
3614448,9.875975665985633,6
3614462,9.500197156916084,14
3614480,9.574348213897848,18
3614487,9.865009481344055,7
3614491,9.84480886945644,4
3614499,9.84355185478165,8
3614507,9.849775869905873,8
3614521,9.716464311290535,14
3614529,9.85708184508707,8
3614534,9.924166976208966,5
3614537,9.95850723885068,3
3614550,9.702798241163148,13
3614559,9.805094623408094,9
3614571,9.72384420096243,12
3614576,9.928018988472624,5
3614584,9.85614458612313,8
3614586,9.976403948216682,2
3614597,9.75672747269426,11
3614601,9.934393200645156,4
3614613,9.718568201473198,12
3614622,9.814461309081159,9
3614623,10.0,1
3614626,9.948874984940044,3
3614630,9.92398066853733,4
3614645,9.538569360728921,15
3614651,9.895185288977382,6
3614671,9.572696061624413,20
3614681,9.77044565254209,10
3614686,9.91789388765767,5
3614696,9.78681982023151,10
3614707,9.751309950828668,11
3614713,9.88893081739221,6
3614717,9.946030899133813,4
3614729,9.763699921059525,12
3614735,9.90255426106762,6
3614740,9.924984698576237,5
3614743,9.965893955252051,3
3614751,9.82537618184296,8
3614752,9.992278471891465,1
3614753,10.0,1
3614759,9.878611555595725,6
3614768,9.804782927085268,9
3614771,9.956327258501158,3
3614782,9.778826517061697,11
3614783,10.0,1
3614789,9.91713809883707,6
3614799,9.780848396181257,10
3614800,10.0,1
3614814,9.751571196427477,14
3614827,9.769573320148146,13
3614834,9.8430728241228,7
3614841,9.90578919838111,7
3614842,10.0,1
3614846,9.93530283032006,4
3614859,9.703645841568145,13
3614870,9.780715481429551,11
3614877,9.850381726104022,7
3614888,9.78242267794017,11
3614904,9.61299092349333,16
3614908,9.952169711765992,4
3614915,9.87867386136448,7
3614923,9.828162165554428,8
3614935,9.7296517773546,12
3614952,9.583367756682694,17
3614959,9.88229850533114,7
3614967,9.860754856046876,8
3614975,9.845611196920544,8
3614988,9.70644722249516,13
3615001,9.740239899491836,13
3615007,9.905840324301874,6
3615022,9.67075392347473,15
3615027,9.909871801910356,5
3615028,10.0,1
3615029,10.0,1
3615039,9.793050234200491,10
3615051,9.652689053506025,12
3615063,9.75640931872301,12
3615079,9.652727874755758,16
3615080,10.0,1
3615088,9.839798623248763,8
3615100,9.742925184364418,12
3615102,9.97812879240519,2
3615113,9.75884145869455,11
3615119,9.892874555887097,6
3615126,9.874271603254806,7
3615133,9.882984659049606,7
3615150,9.50658930276623,17
3615159,9.824261714572721,9
3615173,9.505267828879038,14
3615192,9.585917653621047,19
3615203,9.770735651495556,11
3615208,9.919206140651879,5
3615218,9.78498333221509,10
3615227,9.80218749110612,9
3615236,9.817986734388638,9
3615250,9.704221252474163,14
3615265,9.654332330356215,15
3615274,9.808200339010693,9
3615285,9.772907645798295,11
3615299,9.689168443855072,14
3615306,9.868823746427983,7
3615315,9.825654739385735,9
3615324,9.81355467990578,9
3615325,10.0,1
3615333,9.851820055880527,8
3615347,9.671478631475285,14
3615357,9.798217169690236,10
3615364,9.860273576962443,7
3615383,9.252871873122517,19
3615390,9.87961945228441,7
3615399,9.809677665545376,9
3615412,9.722710691838978,13
3615417,9.909265891865441,5
3615426,9.609454484852527,9
3615439,9.687940490490766,13
3615446,9.908137323951802,7
3615452,9.897530812889938,6
3615461,9.818528029292011,9
3615462,10.0,1
3615480,9.621959993554944,18
3615486,9.88968941632482,6
3615499,9.751678329630359,13
3615502,9.962098236852263,3
3615506,9.84921260892098,4
3615514,9.843512773700304,8
3615520,9.920901032568754,6
3615532,9.73964512031184,12
3615544,9.720922360331132,12
3615556,9.735566277753048,12
3615557,10.0,1
3615563,9.902167766940595,6
3615576,9.729865809172814,13
3615581,9.929496436415253,5
3615588,9.859432110682631,7
3615605,9.633221199519756,17
3615611,9.882882992306893,6
3615618,9.86065655960307,7
3615630,9.743511653829641,12
3615635,9.899385769569141,5
3615644,9.81569903168746,9
3615657,9.712296103044434,13
3615658,10.0,1
3615667,9.821566519773206,9
3615684,9.571341691848556,17
3615689,9.927979556473753,5
3615701,9.742741791460892,12
3615711,9.790538166044492,10
3615717,9.897989422021814,6
3615723,9.90062174721105,6
3615728,9.93086437145364,5
3615734,9.904663779947006,6
3615746,9.769631282226628,12
3615755,9.798167708066712,9
3615760,9.931467413358208,5
3615765,9.925444438331647,5
3615790,9.372771927498965,25
3615796,9.893993572733146,6
3615805,9.791821159599067,9
3615810,9.916674308708545,5
3615824,9.660301229164173,14
3615834,9.769810015354071,10
3615837,9.957501908932857,3
3615844,9.838445245726202,7
3615850,9.87662485835489,6
3615851,10.0,1
3615864,9.723785871848968,13
3615876,9.55214311713406,12
3615888,9.736766730673578,12
3615889,10.0,1
3615893,9.933806647550941,4
3615895,9.973386081406801,2
3615899,9.933329111320408,4
3615911,9.755662934585315,12
3615915,9.933610417784195,4
3615923,9.737058066830565,8
3615930,9.871958481580274,7
3615951,9.361878310208398,21
3615956,9.923184587649635,5
3615957,10.0,1
3615962,9.90731156386565,5
3615974,9.770722753869629,12
3615975,10.0,1
3615981,9.890261876788282,6
3615993,9.71545177590577,12
3615998,9.899010107586374,5
3615999,10.0,1
3616013,9.70972199224189,14
3616018,9.920494504295291,5
3616023,9.920565481079013,5
3616033,9.762399684900517,10
3616041,9.838845548654517,8
3616050,9.808458108336726,9
3616060,9.792354602316369,10
3616071,9.769735959525681,11
3616076,9.932947350523792,5
3616082,9.882994272272464,6
3616094,8.254215462767466,12
3616098,9.947710649763453,4
3616104,9.882832896284151,6
3616113,9.828628693896185,9
3616123,9.814604676265596,10
3616129,9.905053619255893,6
3616140,9.800265765049664,11
3616147,9.871808588263393,7
3616157,9.7957154154507,10
3616167,9.800279207388758,10
3616168,9.996776284109867,1
3616180,9.616544059647893,12
3616184,9.931895304445126,4
3616190,9.915462657445042,6
3616199,9.823123726942674,9
3616201,9.978244408998563,2
3616208,9.855817224479724,7
3616223,9.669110413273843,15
3616232,9.813132737848715,9
3616238,9.888128223986484,6
3616253,9.659681012692252,15
3616257,9.927964867021547,4
3616283,9.335531271937768,26
3616295,9.747436195779965,12
3616302,9.875549157900377,7
3616308,9.884574896457304,6
3616313,9.936685694063385,5
3616320,9.869668512912922,7
3616327,9.869427377215588,7
3616336,9.83600212935506,9
3616337,9.989154917233822,1
3616342,9.923444828803238,5
3616347,9.917526354840241,5
3616356,9.847494636637842,9
3616361,9.927384719797837,5
3616371,9.776567742166977,10
3616376,9.92479689640887,5
3616384,9.75151856662074,8
3616392,9.842121226658104,8
3616393,10.0,1
3616401,9.840330730739385,8
3616408,9.854087678108174,7
3616416,9.86783586625919,8
3616421,9.936533758135509,5
3616422,10.0,1
3616437,9.75212842702352,15
3616440,9.950972273799204,3
3616486,9.18384369288263,46
3616497,9.742181490875433,11
3616510,9.708535279243819,13
3616521,9.677676105131141,11
3616528,9.857103408047184,7
3616529,10.0,1
3616537,9.840776771362629,8
3616549,9.743885006606911,12
3616561,9.723148316919067,12
3616570,9.813975036990717,9
3616580,9.775151683321972,10
3616581,9.98909613889578,1
3616592,9.746841224493863,11
3616598,9.88946909212791,6
3616600,9.969270373559981,2
3616601,10.0,1
3616609,9.883993807009775,8
3616623,9.716688125394713,14
3616640,9.616716483187957,17
3616641,10.0,1
3616651,9.823872722873979,10
3616661,9.79437042235391,10
3616678,9.650994150878121,17
3616684,9.910951031224824,6
3616689,9.920643054668218,5
3616697,9.830300755294589,8
3616707,9.806216210628461,10
3616720,9.745627288622444,13
3616733,9.680178439889561,13
3616739,9.905800363294041,6
3616749,9.78694098145864,10
3616753,9.927021121373107,4
3616763,9.805081860559897,10
3616768,9.92388623059004,5
3616779,9.79896651301949,11
3616783,9.933349475868638,4
3616800,9.652740912715561,17
3616811,9.750490120217366,11
3616818,9.882298806932218,7
3616832,9.705788533351287,14
3616841,9.807341512018699,9
3616842,10.0,1
3616853,9.820605779721761,11
3616862,9.80572256013374,9
3616866,9.940460818191793,4
3616870,9.951431297421426,4
3616871,10.0,1
3616881,9.780330156949463,10
3616893,9.76393012698777,12
3616894,10.0,1
3616898,9.941977929363848,4
3616907,9.828774510536263,9
3616926,9.647026444618938,19
3616930,9.931497369324562,4
3616933,9.964477439253423,3
3616938,9.907557121919972,5
3616942,9.952109632049197,4
3616958,9.450195445500857,16
3616964,9.910311542279837,6
3616974,9.815259992088173,10
3616980,9.890412229691755,6
3616992,9.753698095114293,12
3617004,9.762686549765075,12
3617019,9.64371785629069,15
3617024,9.91805543944327,5
3617025,10.0,1
3617035,9.810913154095065,10
3617036,10.0,1
3617046,9.844767051673752,10
3617055,9.80382690361876,9
3617059,9.935939149084188,4
3617066,9.875524239174625,7
3617076,9.802257742394524,10
3617092,9.407721291489008,16
3617104,9.750213579195409,12
3617105,9.996699126915155,1
3617118,9.695612521548474,13
3617122,9.94219520696605,4
3617132,9.796174507665315,10
3617140,9.821575516548592,8
3617149,9.525601085609155,9
3617159,9.794169331149554,10
3617165,9.893155092875368,6
3617172,9.894325244191965,7
3617184,9.778515390806469,12
3617187,9.9632798680898,3
3617197,9.770074940105632,10
3617198,10.0,1
3617209,9.761535298684645,11
3617215,9.883323646200656,6
3617223,9.842466620574832,8
3617235,9.74395266876584,12
3617241,9.899701308047996,6
3617248,9.873890194909936,7
3617257,9.815725865178846,9
3617267,9.802341788567542,10
3617273,9.893001085923952,6
3617285,9.716449155881374,12
3617305,9.474379629584364,20
3617309,9.936811518327684,4
3617313,9.94098267242103,4
3617324,9.775470391650437,11
3617328,9.947687321737488,4
3617332,9.945885872733829,4
3617340,9.815915275331935,8
3617350,9.803067409739667,10
3617371,9.487704300623415,21
3617372,9.995987116951678,1
3617379,9.861181399628869,7
3617380,10.0,1
3617385,9.909703119820335,5
3617396,9.758057371650425,11
3617399,9.953603731962858,3
3617414,9.68289580279011,15
3617421,9.865332618612165,7
3617434,9.714314051859997,13
3617435,9.992040738297197,1
3617438,9.96463197007112,3
3617452,9.691998153573786,14
3617470,9.60889163478531,18
3617475,9.92239741657697,5
3617482,9.861415625705357,7
3617487,9.933908874512113,5
3617488,9.988912534630384,1
3617489,10.0,1
3617493,9.94040928420358,4
3617505,9.568380371583073,12
3617514,9.82206092322005,9
3617520,9.888851603800632,6
3617526,9.904579354461815,6
3617527,10.0,1
3617536,9.813821870640608,9
3617541,9.914959225284905,5
3617549,9.834184952335768,8
3617558,9.822884781001566,9
3617568,9.783831479888601,10
3617578,9.798683941170394,10
3617592,9.686656935827079,14
3617593,10.0,1
3617597,9.834345401377735,4
3617604,9.895909059938559,7
3617625,9.533444024376482,21
3617636,9.770636417524903,11
3617648,9.767485979360412,12
3617654,9.908337351154843,6
3617667,9.696925467946228,13
3617678,9.780064524932262,11
3617693,9.68195523268541,15
3617697,9.94153754991552,4
3617702,9.908372412549298,5
3617704,9.98118756305642,2
3617714,9.775982402430166,10
3617730,9.62476485999193,16
3617740,9.786592646690208,10
3617744,9.933463324954495,4
3617749,9.91530273825233,5
3617760,9.659870210618353,11
3617771,9.785810967379621,11
3617785,9.701953483414623,14
3617797,9.735583551835077,12
3617803,9.894279849918043,6
3617810,9.874538870192822,7
3617818,9.853816189380726,8
3617819,9.99545198253292,1
3617832,9.698272000398934,13
3617842,9.582555988938068,10
3617862,9.567025226241315,20
3617867,9.91372364538681,5
3617879,9.749533252244477,12
3617884,9.917068066678492,5
3617892,9.876390902719567,8
3617896,9.945220397030301,4
3617908,9.748592155441637,12
3617919,9.764100763585313,11
3617927,9.842378220381827,8
3617928,10.0,1
3617935,9.855266426770987,7
3617936,10.0,1
3617937,10.0,1
3617949,9.733905136255128,12
3617959,9.787147108432961,10
3617969,9.771290698192242,10
3617974,9.941364296048874,5
3617979,9.920376936050836,5
3617989,9.810044056029573,10
3617996,9.868778145119249,7
3618008,9.73306468386078,12
3618017,9.847454420915001,9
3618030,9.724366278335072,13
3618038,9.854797965970254,8
3618041,9.97059795045285,3
3618046,9.905651049137129,5
3618051,9.92390830263092,5
3618061,9.79572588049436,10
3618067,9.899272814239234,6
3618078,9.788734638099925,11
3618087,9.818897807164884,9
3618097,9.782622856823922,10
3618102,9.91972396854508,5
3618108,9.890535463503191,6
3618114,9.884843479134501,6
3618129,9.645528564122378,15
3618134,9.917491077839934,5
3618143,9.826814375832631,9
3618151,9.833153671380675,8
3618157,9.8951395413403,6
3618160,9.967969006849017,3
3618164,9.946087217863923,4
3618168,9.93546588567975,4
3618169,10.0,1
3618173,9.92739889710376,4
3618180,9.853226253566612,7
3618181,10.0,1
3618192,9.774749467825174,11
3618205,9.707164430512197,13
3618212,9.879079166279874,7
3618228,9.66598224898349,16
3618242,9.661470460216314,14
3618254,9.74160179885693,12
3618262,9.844798461032767,8
3618275,9.708003264745747,13
3618277,9.980933518190207,2
3618287,9.71770069948904,10
3618300,9.493220846440119,13
3618309,9.800365764211445,9
3618314,9.901188395472634,5
3618317,9.962733170115463,3
3618322,9.930885494831237,5
3618326,9.931047676270156,4
3618331,9.919495094245846,5
3618342,9.798201629522254,11
3618351,9.794563201754366,9
3618371,9.47167718362852,20
3618386,9.637204984578984,15
3618393,9.867670501812356,7
3618405,9.748052644573756,12
3618407,9.976513820730638,2
3618414,9.855281562679131,7
3618415,10.0,1
3618417,9.98123179623177,2
3618420,9.951352309171492,3
3618431,9.774471025500562,11
3618435,9.927992692343445,4
3618446,9.76001802128417,11
3618450,9.939581256032396,4
3618455,9.919998166795779,5
3618457,9.977676019807472,2
3618458,10.0,1
3618459,10.0,1
3618460,10.0,1
3618469,9.857702276468542,9
3618478,9.817499977991643,9
3618492,9.664940502454723,14
3618496,9.930141735484526,4
3618501,9.90473501340933,5
3618505,9.927103983371955,4
3618513,9.856343904090142,8
3618522,9.792749737538546,9
3618531,9.830298550272461,9
3618540,9.819623416167815,9
3618542,9.971265359631719,2
3618551,9.816691675990025,9
3618559,9.852626821373269,8
3618569,9.811612164410143,10
3618576,9.883808050417347,7
3618577,10.0,1
3618582,9.908792801426724,5
3618583,9.996750314437001,1
3618589,9.886132517260071,6
3618605,9.669206321735832,16
3618616,9.754894266152114,11
3618623,9.870276283589433,7
3618624,10.0,1
3618629,9.926601713013078,5
3618635,9.903601115334812,6
3618645,9.81457957342669,10
3618653,9.839854224472012,8
3618665,9.749796350620711,12
3618674,9.819001140330506,9
3618680,9.907425428781018,6
3618686,9.898331093078045,6
3618694,9.847272526423582,8
3618695,10.0,1
3618701,9.899174730546953,6
3618712,9.504898963242345,11
3618722,9.7868719602483,10
3618725,9.95983516479083,3
3618744,9.549490338596883,19
3618756,9.759628967314818,12
3618759,9.749246868622514,3
3618772,9.726245077580376,13
3618784,9.750597511990385,12
3618787,9.96040067098357,3
3618794,9.877599660430555,7
3618800,9.899916417490372,6
3618812,9.737143288263706,12
3618817,9.82775928505642,5
3618818,10.0,1
3618830,9.753530553487208,12
3618837,9.857831535020601,7
3618838,10.0,1
3618849,9.763397154254399,11
3618861,9.563363590525517,12
3618865,9.942589357783255,4
3618872,9.882845064448478,7
3618879,9.887442842508586,7
3618892,9.745966799685204,13
3618895,9.972211444698404,3
3618903,9.857595448461286,8
3618909,9.879008216485488,6
3618914,9.802449553461985,5
3618920,9.912720297238412,6
3618925,9.925824522497376,5
3618944,9.55605570849092,19
3618954,9.777171769044902,10
3618959,9.915223991402383,5
3618968,9.850635619129875,9
3618972,9.92875288030548,4
3618974,9.975415733751328,2
3618986,9.771529865133115,12
3619002,9.626628189552424,16
3619013,9.768595137973854,11
3619024,9.764639038362725,11
3619038,9.686038396499935,14
3619043,9.915750318250549,5
3619051,9.82048965911792,8
3619065,9.502457866939817,14
3619072,9.879297359115352,7
3619082,9.7640514166481,10
3619087,9.91913771438084,5
3619096,9.80440161549468,9
3619101,9.918119617451014,5
3619111,9.80111386807298,10
3619122,9.661534423615397,11
3619126,9.934649470655916,4
3619134,9.849537217023508,8
3619140,9.89358184909938,6
3619141,9.996413260243676,1
3619155,9.67404865621233,14
3619168,9.724161711106603,13
3619179,9.750483638095957,11
3619187,9.848086432327108,8
3619194,9.873816267406346,7
3619199,9.90147984211757,5
3619212,9.714408285450688,13
3619222,9.781029282031403,10
3619231,9.828279701301131,9
3619236,9.89577510689921,5
3619238,9.97326693861209,2
3619248,9.771969573118128,10
3619255,9.869024621431125,7
3619265,9.790108658344904,10
3619266,10.0,1
3619272,9.89922812394285,6
3619282,9.785741615566085,10
3619292,9.794954399788907,10
3619302,9.769177663297002,10
3619319,9.628425355240685,17
3619320,10.0,1
3619322,9.974147114306138,2
3619333,9.76799573619154,11
3619337,9.943562669970312,4
3619353,9.600048875234714,16
3619363,9.794876450590166,10
3619375,9.763130246619827,12
3619386,9.740036543771398,11
3619393,9.86662109373818,7
3619394,9.996230538399027,1
3619402,9.855022076388341,8
3619403,10.0,1
3619408,9.916589538631825,5
3619417,9.8212760639047,9
3619418,10.0,1
3619428,9.847349449238491,10
3619443,9.643780802909987,15
3619451,9.856469056416996,8
3619464,9.67680951898173,13
3619470,9.903721732308279,6
3619471,9.996477845214537,1
3619480,9.806208366677149,9
3619491,9.753890396669524,11
3619507,9.628056703512568,16
3619510,9.962147467442046,3
3619524,9.744711105271225,14
3619534,9.793667006588649,10
3619541,9.862554933146795,7
3619560,9.546018819192804,19
3619561,10.0,1
3619562,9.98841158937474,1
3619573,9.7999678239546,11
3619575,9.973599106487445,2
3619586,9.755813741555873,11
3619610,9.540429041649743,24
3619616,9.891933842238231,6
3619624,9.848204284058582,8
3619625,9.988602735844584,1
3619626,10.0,1
3619639,9.41396705008424,13
3619646,9.864478038479817,7
3619652,9.887707211203617,6
3619658,9.90563979123735,6
3619667,9.794738480762389,9
3619672,9.906385315449635,5
3619677,9.920312903225463,5
3619693,9.47504364713008,16
3619701,9.881267375014783,8
3619708,9.875826551121225,7
3619711,9.961945282938201,3
3619722,9.776499794948558,11
3619728,9.882305424434131,6
3619737,9.848953284984727,9
3619747,9.799107670759259,10
3619760,9.723183333561416,13
3619766,9.892513098033422,6
3619767,10.0,1
3619768,10.0,1
3619780,9.737010716869568,12
3619789,9.810883856554172,9
3619790,9.993298144759372,1
3619795,9.904650381057978,5
3619800,9.923782622864175,5
3619814,9.699732188091598,14
3619819,9.91073878486903,5
3619828,9.813633352293985,9
3619835,9.894048666873427,7
3619852,9.602009876986726,17
3619865,9.71629453046882,13
3619871,9.893616310111518,6
3619881,9.793034973525575,10
3619889,9.84289716752383,8
3619890,10.0,1
3619893,9.955707969075599,3
3619907,9.703025322673298,14
3619919,9.73790922815548,12
3619922,9.956708822514651,3
3619936,9.728398122008116,14
3619946,9.815684571739677,10
3619959,9.748387918990485,13
3619972,9.721786256045833,13
3619985,9.69126569644708,13
3619993,9.84476820639006,8
3619996,9.952342168537644,3
3620005,9.844616357473273,9
3620013,9.841337433652395,8
3620017,9.948314983650402,4
3620024,9.871138323374813,7
3620029,9.908463305262062,5
3620037,9.868225639127441,8
3620043,9.906648566569407,6
3620049,9.875359865634397,6
3620064,9.653503055453504,15
3620078,9.685700522704332,14
3620079,10.0,1
3620086,9.852804403712422,7
3620097,9.749749020419864,11
3620107,9.791876152464177,10
3620113,9.883917344307926,6
3620127,9.700577952289642,14
3620136,9.839141619639893,9
3620140,9.950455833466673,4
3620141,10.0,1
3620154,9.688286058058907,13
3620166,9.751215012943033,12
3620170,9.950126965985461,4
3620181,9.567510347203255,11
3620191,9.771002639863513,10
3620192,10.0,1
3620195,9.955376287125425,3
3620205,9.777857445499622,10
3620217,9.744625106297827,12
3620228,9.82972264365633,11
3620237,9.834576724455822,9
3620245,9.859470333860534,8
3620248,9.9719991856139,3
3620258,9.793052196116738,10
3620261,9.964114468676158,3
3620272,9.692804015783283,11
3620280,9.867162765332973,8
3620281,10.0,1
3620295,9.697852843816031,14
3620296,10.0,1
3620307,9.752051271189046,11
3620318,9.743906610308455,11
3620325,9.87215960612214,7
3620337,9.726266655260018,12
3620350,9.733508426021467,13
3620353,9.960313838211174,3
3620354,10.0,1
3620363,9.824614656999941,9
3620380,9.658107512436382,17
3620393,9.714065097878171,13
3620402,9.805586423143524,9
3620403,10.0,1
3620415,9.729761738793972,12
3620418,9.958993093627,3
3620431,9.72407306618085,13
3620441,9.793519399531933,10
3620459,9.591030923516232,18
3620471,9.760419281594556,12
3620483,9.742041971298002,12
3620495,9.755212983000018,12
3620511,9.63765302659784,16
3620525,9.674237632451133,14
3620531,9.892286008963474,6
3620536,9.903508289653947,5
3620544,9.846694452584469,8
3620545,10.0,1
3620559,9.701904417997033,14
3620564,9.91885633758295,5
3620591,9.471627715241484,27
3620601,9.784581185275142,10
3620609,9.847382648365237,8
3620619,9.806555727167773,10
3620627,9.845413827133632,8
3620631,9.942893591607273,4
3620636,9.919599781181374,5
3620647,9.74707945942286,11
3620652,9.928244241572909,5
3620662,9.78419781227534,10
3620674,9.741676090459466,12
3620677,9.957769521722046,3
3620687,9.782209631593252,10
3620702,9.686802251392226,15
3620715,9.69572716993262,13
3620716,10.0,1
3620724,9.860126542660998,8
3620733,9.832949286857557,9
3620738,9.907396685214557,5
3620750,9.731862929360995,12
3620760,9.808126898074878,10
3620765,9.909451363250632,5
3620772,9.867065418407376,7
3620775,9.951899787029834,3
3620777,9.975114295611199,2
3620778,10.0,1
3620790,9.748089976064048,12
3620795,9.910341731402724,5
3620803,9.84182535871127,8
3620811,9.84605214933522,8
3620822,9.776546638925737,11
3620831,9.812664011754782,9
3620834,9.959767440827564,3
3620848,9.623563092208759,14
3620852,9.933890190435033,4
3620871,9.693099779606163,19
3620880,9.828076693848663,9
3620887,9.87175695924541,7
3620894,9.866263335200363,7
3620901,9.875870855860022,7
3620905,9.938766287362457,4
3620916,9.776503580427,11
3620921,9.919351167285953,5
3620928,9.874542546490948,7
3620940,9.755771878080756,12
3620949,9.829337996350498,9
3620959,9.81180355316124,10
3620968,9.830597993029375,9
3620973,9.92405398002328,5
3620982,9.818715214264664,9
3620996,9.722366906379396,14
3621004,9.829396341720175,8
3621009,9.93651757322638,5
3621020,9.755918849745745,11
3621032,9.728565830369844,12
3621047,9.69837960604714,15
3621065,9.61407299014368,18
3621072,9.865238399453178,7
3621074,9.970026879505214,2
3621079,9.9175844964701,5
3621080,10.0,1
3621081,10.0,1
3621089,9.86719406631732,8
3621107,9.532658277569869,18
3621116,9.809596221175424,9
3621121,9.926660179434625,5
3621131,9.791466535098369,10
3621134,9.95181473942571,3
3621135,9.9929246783461,1
3621148,9.703175867476068,13
3621157,9.835152800617857,9
3621158,10.0,1
3621162,9.948319904886327,4
3621176,9.67895292432359,14
3621181,9.90975880738729,5
3621193,9.723909028657674,12
3621205,9.759729011386368,12
3621216,9.787151461090774,11
3621221,9.917930821433746,5
3621229,9.826297470718,8
3621242,9.690595299287542,13
3621253,9.787445300530633,11
3621261,9.854192397837087,8
3621267,9.882739846666961,6
3621272,9.924499158993575,5
3621282,9.81414516681633,10
3621292,9.817240333004971,10
3621299,9.891575682585014,7
3621303,9.948776909701063,4
3621314,9.685289714851667,11
3621318,9.949372109620258,4
3621323,9.913758474929496,5
3621331,9.855643778037333,8
3621335,9.949562026474528,4
3621345,9.777207325432753,10
3621355,9.809480548606851,10
3621356,10.0,1
3621368,9.74734294661875,12
3621376,9.856114534308055,8
3621382,9.89225147646815,6
3621390,9.85618618890102,8
3621391,9.992238996804577,1
3621396,9.911367133747486,5
3621407,9.76805024321414,11
3621417,9.804071702225718,10
3621431,9.702569881040255,14
3621443,9.773278784011397,12
3621452,9.844511061590968,9
3621453,10.0,1
3621456,9.947871555728726,3
3621464,9.831913233008292,8
3621470,9.923798063452033,6
3621482,9.775492571178884,12
3621486,9.947978318945376,4
3621491,9.924923940778854,5
3621494,9.957429697530856,3
3621495,10.0,1
3621506,9.766398681181048,11
3621512,9.886637247061639,6
3621518,9.90060665703289,6
3621529,9.783091383031444,11
3621539,9.555694228207168,10
3621550,9.540946458846829,11
3621558,9.837789617733435,8
3621561,9.961793054854782,3
3621569,9.864761902259502,8
3621573,9.953329435638627,4
3621576,9.966577364503047,3
3621585,9.811703855242396,9
3621589,9.926387003472266,4
3621600,9.752930920409018,11
3621603,9.947821922871308,3
3621616,9.706637106896862,13
3621619,9.965925414368144,3
3621627,9.839597662736312,8
3621644,9.631622533942341,17
3621645,10.0,1
3621648,9.958521239741989,3
3621656,9.852501368641699,8
3621670,9.691459029551336,14
3621677,9.861124078058321,7
3621683,9.919917725709276,6
3621690,9.875656228258896,7
3621696,9.897747702799148,6
3621702,9.902443738236636,6
3621711,9.836627146773958,9
3621718,9.686366058683992,7
3621723,9.91121936094267,5
3621729,9.886175138947046,6
3621735,9.901107666317174,6
3621744,9.813300571358063,9
3621759,9.651239988886424,15
3621764,9.91624834155172,5
3621766,9.977884986943824,2
3621776,9.770902554127183,10
3621786,9.770279392848922,10
3621788,9.98136477138886,2
3621803,9.6661618284964,15
3621812,9.798666155146192,9
3621827,9.692332605779589,15
3621828,10.0,1
3621837,9.804258517833711,9
3621846,9.845573037591938,9
3621851,9.907302730991537,5
3621856,9.910071681662972,5
3621872,9.632045700088899,16
3621876,9.947023239001348,4
3621887,9.757728986884993,11
3621897,9.841942624884924,10
3621899,9.972362606969742,2
3621905,9.904083922516083,6
3621915,9.793918265042334,10
3621919,9.95046994186641,4
3621920,10.0,1
3621937,9.605203565916213,17
3621941,9.937722936077483,4
3621947,9.89442612261961,6
3621957,9.82868158047704,10
3621965,9.840749222508926,8
3621966,10.0,1
3621979,9.72846917063061,13
3621989,9.824747986715288,10
3622000,9.779393556081644,11
3622012,9.753445458300947,12
3622021,9.82301794860858,9
3622037,9.644972898044506,16
3622043,9.88866015603023,6
3622052,9.825850646818111,9
3622068,9.62856673917698,16
3622086,9.564223116274583,18
3622089,9.956935522782018,3
3622090,9.988307418737042,1
3622104,9.71622514496792,14
3622106,9.670982481185261,2
3622118,9.72527970977543,12
3622121,9.970459602479854,3
3622128,9.886792189054136,7
3622141,9.696381414666911,13
3622144,9.968004636883258,3
3622150,9.902083600322891,6
3622154,9.946684920521577,4
3622166,9.770216613652872,12
3622169,9.969778757327434,3
3622175,9.891758744370318,6
3622185,9.7949331304414,10
3622195,9.813874290124964,10
3622199,9.94347562205987,4
3622210,9.765246470701454,11
3622225,9.660672540859288,15
3622236,9.76948571630647,11
3622249,9.746722487483009,13
3622261,9.752714392907132,12
3622263,9.966396516896964,2
3622267,9.931801358393963,4
3622277,9.779937091032204,10
3622287,9.798753597477498,10
3622301,9.681939283026425,14
3622305,9.925777187952525,4
3622315,9.802701843824567,10
3622335,9.5192207080448,20
3622346,9.77863622395864,11
3622356,9.801868900150522,10
3622365,9.837525077339974,9
3622369,9.949517526992008,4
3622383,9.728370945957705,14
3622391,9.860592982775005,8
3622403,9.73407430943789,12
3622408,9.93260518604551,5
3622410,9.973675120875653,2
3622420,9.807844381289424,10
3622432,9.746345105506627,12
3622433,10.0,1
3622443,9.784077748659948,10
3622452,9.82518575127947,9
3622462,9.756830974127151,10
3622472,9.80201053725285,10
3622484,9.732878309879874,12
3622489,9.901768775936814,5
3622495,9.882840006079372,6
3622498,9.955933871355048,3
3622501,9.960629576878281,3
3622513,9.720588887182974,12
3622524,9.757307448325848,11
3622536,9.714633983005461,12
3622547,9.766884473707842,11
3622564,9.636830775208372,17
3622570,9.889408173996074,6
3622578,9.860017888988171,8
3622589,9.833730870283945,11
3622606,9.629165583311718,17
3622612,9.894866811652966,6
3622617,9.914394907781787,5
3622634,9.441742686009848,17
3622643,9.82647348269311,9
3622646,9.763118889447247,3
3622648,9.9853687548952,2
3622660,9.764711282265488,12
3622667,9.867766396876704,7
3622675,9.837416232823193,8
3622684,9.829725547493897,9
3622696,9.717639454178576,12
3622700,9.940702772078424,4
3622712,9.72951684906476,12
3622722,9.80490944221619,10
3622728,9.889853359258973,6
3622738,9.775810680984435,10
3622757,9.571354120103063,19
3622764,9.865566798035843,7
3622771,9.88081319354801,7
3622788,9.599646785570654,17
3622805,9.64918886329598,17
3622812,9.855005205079213,7
3622822,9.838198466458723,10
3622836,9.67462076624673,14
3622848,9.732068201554227,12
3622854,9.892588577137465,6
3622866,9.765252299547717,12
3622876,9.789749207597925,10
3622879,9.95811043550706,3
3622887,9.868321648566527,8
3622899,9.731362128051565,12
3622907,9.835729304076716,8
3622916,9.803485030114153,9
3622927,9.77808641486022,11
3622936,9.845877712606653,9
3622937,10.0,1
3622940,9.952606614355505,3
3622950,9.66392823043912,10
3622959,9.851201024824176,9
3622960,10.0,1
3622972,9.711367037712012,12
3622984,9.72603886008908,12
3622991,9.863638842831293,7
3623007,9.655540624747832,16
3623012,9.930831937970131,5
3623023,9.773779552289357,11
3623029,9.888435804909328,6
3623033,9.942590481932738,4
3623046,9.704799843893435,13
3623055,9.802627982312103,9
3623061,9.897560922975781,6
3623076,9.664028831046714,15
3623079,9.954340958722804,3
3623084,9.907001608844206,5
3623096,9.733395169039856,12
3623104,9.861863032335213,8
3623110,9.901902434345264,6
3623115,9.916381639557468,5
3623121,9.912659737553149,6
3623122,10.0,1
3623123,10.0,1
3623133,9.690629779241522,10
3623134,10.0,1
3623141,9.876776347544043,7
3623163,9.46795008633006,22
3623174,9.45574823643906,11
3623180,9.915418948200516,6
3623188,9.842883873165434,8
3623196,9.837079321030608,8
3623203,9.877657599777287,7
3623211,9.837120125066022,8
3623225,9.693895474306228,14
3623228,9.954563722219763,3
3623229,10.0,1
3623230,10.0,1
3623236,9.887192801432823,6
3623240,9.926028189898608,4
3623249,9.824875105780736,9
3623262,9.73075802575669,13
3623269,9.88729856673048,7
3623279,9.824063724460784,10
3623285,9.900396525386238,6
3623295,9.604517714502546,10
3623301,9.902230355388681,6
3623310,9.82140853093312,9
3623319,9.817723400176146,9
3623329,9.797296858235308,10
3623335,9.890416384266324,6
3623339,9.945273891963469,4
3623348,9.732917176575143,9
3623358,9.810925244521876,10
3623360,9.976954079518807,2
3623364,9.94441504873092,4
3623370,9.912871396746562,6
3623371,10.0,1
3623380,9.827651903781897,9
3623390,9.799783430381936,10
3623399,9.835431731137094,9
3623402,9.968613044337392,3
3623407,9.919940873920385,5
3623408,10.0,1
3623416,9.842447779744997,8
3623424,9.842359696569659,8
3623434,9.78772359302332,10
3623441,9.862406423247823,7
3623456,9.637709484428411,15
3623475,9.590694235636498,19
3623485,9.805796503712168,10
3623494,9.832158780063763,9
3623507,9.701059087890332,13
3623523,9.693551798173301,16
3623526,9.97085884749134,3
3623531,9.897686385115634,5
3623532,9.996568221324603,1
3623539,9.861034310907742,7
3623540,10.0,1
3623541,9.987865329601235,1
3623549,9.839811828267539,8
3623569,9.617175348696989,20
3623570,10.0,1
3623571,10.0,1
3623574,9.95403413446381,3
3623581,9.883108937847874,7
3623582,9.988066638276134,1
3623585,9.959447453785211,3
3623588,9.966810200942662,3
3623598,9.788421105345956,10
3623603,9.919447175298194,5
3623615,9.742462656905484,12
3623616,10.0,1
3623622,9.906244560272938,6
3623623,9.98982946760964,1
3623632,9.861909382679727,9
3623644,9.759634037257987,12
3623744,8.250806847045036,100
3623760,9.682147644179889,16
3623779,9.530444620738765,19
3623790,9.758361416996431,11
3623800,9.727633548246905,10
3623808,9.854949362166565,8
3623816,9.84509580838551,8
3623829,9.734208307791212,13
3623845,9.666425267408053,16
3623857,9.739862009819564,12
3623863,9.898007236997165,6
3623867,9.92497187707817,4
3623872,9.904234205471452,5
3623883,9.76422467452502,11
3623892,9.825998033478571,9
3623901,9.825366427015597,9
3623907,9.895629366159572,6
3623910,9.948778442663437,3
3623922,9.628467068379848,12
3623923,10.0,1
3623932,9.829925670521295,9
3623938,9.906363219383307,6
3623947,9.80109072223748,9
3623960,9.702534016403218,13
3623971,9.740150721214961,11
3623982,9.749262184198686,11
3623987,9.926319340618528,5
3623994,9.88588401400516,7
3624002,9.867536546005658,8
3624012,9.783162376888487,10
3624021,9.814741180531064,9
3624027,9.882189547330476,6
3624035,9.828763671108748,8
3624047,9.7253137039555,12
3624060,9.727162841218242,13
3624071,9.750593790712207,11
3624081,9.789848673937916,10
3624091,9.786958790601659,10
3624101,9.7797553417396,10
3624110,9.8178877247361,9
3624117,9.85580249508213,7
3624124,9.865640228536554,7
3624127,9.949889243811505,3
3624128,10.0,1
3624131,9.956519293496331,3
3624135,9.926181045154758,4
3624144,9.82881179192692,9
3624146,9.978761544006268,2
3624152,9.910777197316985,6
3624164,9.747363976190156,12
3624174,9.79048760525201,10
3624182,9.82363142218055,8
3624185,9.97143016617663,3
3624195,9.799602703577536,10
3624206,9.754147869353133,11
3624207,10.0,1
3624219,9.775596997616564,12
3624404,6.8414516380958155,185
3624418,9.706399695085398,14
3624421,9.949754037382778,3
3624432,9.779134761565759,11
3624445,9.726994212956217,13
3624450,9.935445424826721,5
3624455,9.910933408921146,5
3624460,9.915588233043453,5
3624469,9.813914078622636,9
3624474,9.929346330206398,5
3624488,9.693204225620597,14
3624497,9.821426651707409,9
3624502,9.918666100420273,5
3624509,9.891654033757938,7
3624514,9.92079189065636,5
3624523,9.8208262292803,9
3624528,9.92554297005431,5
3624543,9.673094610054495,15
3624554,9.814467949458876,11
3624556,9.978388654644684,2
3624566,9.79204789139773,10
3624572,9.89950840956372,6
3624584,9.736571091877448,12
3624599,9.658232069260862,15
3624608,9.831095988755644,9
3624624,9.657287228194782,16
3624634,9.837363919032057,10
3624644,9.801711262138845,10
3624656,9.769311445856646,12
3624658,9.985818882174522,2
3624667,9.810018076675926,9
3624677,9.78559601206684,10
3624685,9.847791145760887,8
3624699,9.682116919419792,14
3624705,9.886951495559927,6
3624710,9.897808424454604,5
3624711,10.0,1
3624716,9.799856588728685,5
3624724,9.836578224718897,8
3624728,9.737402496963227,4
3624741,9.699262284796838,13
3624750,9.828293267927,9
3624759,9.844021059298143,9
3624763,9.952714632023753,4
3624771,9.847990011726088,8
3624786,9.667685369566943,15
3624796,9.801454421881626,10
3624800,9.93909288545502,4
3624806,9.813581283866,6
3624817,9.774901184749055,11
3624824,9.860237225397452,7
3624828,9.950797601870017,4
3624829,9.989240514417125,1
3624836,9.862664429702797,7
3624842,9.906308061123076,6
3624851,9.831874157001172,9
3624857,9.907582989039284,6
3624870,9.694137656996778,13
3624888,9.56460546135251,18
3624898,9.783754719719132,10
3624901,9.96577501980815,3
3624907,9.905839381083393,6
3624921,9.70882833200455,14
3624934,9.65462628117925,13
3624938,9.939920720914861,4
3624950,9.744138377592508,12
3624955,9.71177690451762,5
3624966,9.751540933154523,11
3624972,9.890107199345113,6
3624977,9.923585528343251,5
3624987,9.773473942810115,10
3624992,9.917045957336576,5
3624997,9.918673103237635,5
3625010,9.708427068764621,13
3625012,9.97168924105628,2
3625024,9.683059798934229,12
3625040,9.641396926093083,16
3625055,9.64086954554276,15
3625057,9.966020942613802,2
3625067,9.790362326210563,10
3625074,9.863033198040522,7
3625085,9.75543381982005,11
3625091,9.90911286046698,6
3625096,9.923930284273494,5
3625103,9.863824449036207,7
3625117,9.671675833327503,14
3625118,10.0,1
3625130,9.73720644199096,12
3625143,9.735475596953604,13
3625152,9.81279545936228,9
3625168,9.667043748759347,16
3625175,9.870301357975166,7
3625176,10.0,1
3625188,9.728470971594877,12
3625195,9.883886474418597,7
3625196,9.996157084850287,1
3625201,9.924928159339,5
3625210,9.845043164139115,9
3625214,9.936057647586425,4
3625224,9.807116643526417,10
3625234,9.797568862689724,10
3625247,9.735112220394432,13
3625257,9.78577317920086,10
3625258,10.0,1
3625266,9.825590696629263,8
3625270,9.930948226888823,4
3625284,9.69404473378855,14
3625294,9.801195076239939,10
3625295,10.0,1
3625305,9.836774833525508,10
3625311,9.888560047014277,6
3625313,9.978419256450682,2
3625320,9.880958294870137,7
3625332,9.75876375710048,12
3625333,10.0,1
3625337,9.930751509931016,4
3625351,9.583470822364509,14
3625361,9.810402257667493,10
3625369,9.860209684945705,8
3625381,9.72656724901496,12
3625384,9.954963346743035,3
3625394,9.763773456042033,10
3625404,9.80411494638243,10
3625413,9.85312404529756,9
3625424,9.763978201956187,11
3625433,9.81566688302443,9
3625438,9.919033664240501,5
3625449,9.756378197099867,11
3625452,9.96424152361202,3
3625475,9.561566904378362,23
3625481,9.88917488941978,6
3625494,9.722114590384825,13
3625506,9.754752237439847,12
3625510,9.950582224730823,4
3625515,9.927802298670516,5
3625516,10.0,1
3625524,9.845562374808448,8
3625530,9.888855300846327,6
3625540,9.802343759126437,10
3625554,9.672094958968591,14
3625558,9.927166444709975,4
3625568,9.777775761535713,10
3625581,9.693098948467657,13
3625603,9.458615408351154,22
3625612,9.592904739756532,9
3625614,9.970484260409071,2
3625623,9.831223864532465,9
3625624,10.0,1
3625631,9.878994639972694,7
3625642,9.75426236861819,11
3625646,9.934327934720832,4
3625651,9.907386862909767,5
3625662,9.75487999035196,11
3625673,9.750697027519047,11
3625679,9.901022806319597,6
3625683,9.935134180011627,4
3625691,9.841635514110791,8
3625704,9.684428877546699,13
3625709,9.907750063565555,5
3625719,9.791728884367213,10
3625733,9.676001882584918,14
3625743,9.767455258542945,10
3625744,10.0,1
3625750,9.912387896441501,6
3625751,10.0,1
3625757,9.889211103449037,6
3625762,9.915479772144794,5
3625771,9.810848924913383,9
3625786,9.6747427881441,15
3625792,9.875541191111585,6
3625793,10.0,1
3625806,9.724101650417019,13
3625816,9.80938385918968,10
3625822,9.905533428945361,6
3625823,10.0,1
3625829,9.893803701286092,6
3625842,9.721317565061076,13
3625848,9.891639026013587,6
3625859,9.768824117718408,11
3625867,9.851937169096862,8
3625879,9.729757165902118,12
3625880,10.0,1
3625898,9.58411166045382,18
3625903,9.912362913455775,5
3625917,9.711277652188006,14
3625930,9.721223643316032,13
3625938,9.852014769106068,8
3625942,9.937781600176224,4
3625950,9.85345048164978,8
3625955,9.903011704635293,5
3625956,10.0,1
3625963,9.859380245800441,7
3625968,9.92441608224498,5
3625976,9.845602138219473,8
3625986,9.714325897104489,10
3626001,9.655670197891402,15
3626003,9.983719457486869,2
3626008,9.902894580586613,5
3626009,9.992827566527371,1
3626025,9.663831288396434,16
3626026,10.0,1
3626039,9.721289732660333,13
3626045,9.886936868506616,6
3626060,9.682427646378537,15
3626069,9.827771253565357,9
3626070,10.0,1
3626071,10.0,1
3626072,10.0,1
3626084,9.734332391885424,12
3626087,9.96800261124925,3
3626100,9.716109672285862,13
3626109,9.82434074901905,9
3626121,9.760663542094067,12
3626138,9.679621376240751,17
3626146,9.857518437267737,8
3626152,9.906611960014024,6
3626165,9.755855327868014,13
3626179,9.708439697114324,14
3626191,9.740880824948984,12
3626204,9.699126664183906,13
3626217,9.704393718975885,13
3626234,9.648369555683653,17
3626238,9.955101455151539,4
3626250,9.660138655589249,12
3626254,9.949909196602468,4
3626264,9.76278778622768,10
3626272,9.844546172802797,8
3626290,9.580037945082251,18
3626302,9.739999944839001,12
3626315,9.696439727073262,13
3626320,9.915513638679352,5
3626326,9.903595789799025,6
3626334,9.849895324113357,8
3626342,9.843387728041744,8
3626349,9.88361632744385,7
3626355,9.885364294608229,6
3626366,9.752228029829288,11
3626377,9.789055240176653,11
3626379,9.98629514277464,2
3626388,9.80697456419823,9
3626402,9.683420491782012,14
3626411,9.84426410344071,9
3626416,9.9186415741683,5
3626423,9.879131813038923,7
3626435,9.732330413526514,12
3626446,9.751004722495196,11
3626455,9.81008323643348,9
3626458,9.957917499874977,3
3626459,10.0,1
3626469,9.785090280494739,10
3626483,9.69829122649357,14
3626489,9.886928956833744,6
3626494,9.92121032992026,5
3626500,9.913021591616426,6
3626504,9.926379953485005,4
3626507,9.953455256887361,3
3626521,9.699251394240608,14
3626534,9.72724453436723,13
3626548,9.685125956177703,14
3626562,9.6997885014393,14
3626571,9.82038757567079,9
3626581,9.77617369787814,10
3626595,9.664344604052538,14
3626606,9.74925349279033,11
3626620,9.683493368455185,14
3626631,9.777398538641409,11
3626632,10.0,1
3626638,9.900237922076363,6
3626650,9.654977082748362,12
3626658,9.831981262931084,8
3626659,10.0,1
3626660,9.996469243191296,1
3626672,9.743807345781791,12
3626683,9.800140450136604,11
3626684,10.0,1
3626691,9.86345003039547,7
3626700,9.824664110763106,9
3626715,9.447942245273293,15
3626722,9.846860050501702,7
3626723,10.0,1
3626734,9.758072251060257,11
3626742,9.769126838216433,8
3626753,9.816842543847187,11
3626754,10.0,1
3626759,9.921631900251413,5
3626770,9.5857146792991,11
3626776,9.895848754937546,6
3626786,9.613480711809954,10
3626793,9.862499179735588,7
3626794,10.0,1
3626802,9.854286617219925,8
3626813,9.73386684713525,11
3626815,9.971362487897522,2
3626822,9.873324125824356,7
3626834,9.72761922188629,12
3626846,9.744148213865483,12
3626857,9.786167201715378,11
3626858,10.0,1
3626865,9.866126623755159,7
3626868,9.963124496417935,3
3626874,9.897974053130016,6
3626877,9.959560730673081,3
3626884,9.894342237908281,7
3626892,9.83388639943228,8
3626903,9.783360743802133,11
3626921,9.599609708113022,18
3626932,9.765243592046687,11
3626945,9.69341118109769,13
3626951,9.904078210718268,6
3626956,9.91698252788063,5
3626965,9.803043023335759,9
3626972,9.861747798722947,7
3626980,9.860370734154692,8
3626987,9.879378784433321,7
3626993,9.910888853139134,6
3627004,9.765766936360318,11
3627018,9.710392704259053,14
3627033,9.638475770107647,15
3627035,9.971459973468267,2
3627041,9.906693421519496,6
3627053,9.764113819703788,12
3627060,9.873887016130356,7
3627074,9.71434057614037,14
3627091,9.602887563709814,17
3627098,9.864777153039372,7
3627100,9.977133428159748,2
3627109,9.809776821447052,9
3627110,9.985969856753403,1
3627121,9.788278315751402,11
3627134,9.705470648809037,13
3627142,9.742611825124559,8
3627143,10.0,1
3627157,9.646469530893915,14
3627168,9.784919210573868,11
3627172,9.939295541372287,4
3627177,9.916521908930848,5
3627184,9.862508753903803,7
3627189,9.923759480569737,5
3627197,9.829710296077343,8
3627202,9.919680663957484,5
3627214,9.7195437173339,12
3627222,9.8448986498726,8
3627233,9.78234898353353,11
3627245,9.731544647082387,12
3627251,9.893002476359548,6
3627264,9.708908626819412,13
3627266,9.979100633847459,2
3627282,9.62229653378781,16
3627287,9.917816170952948,5
3627302,9.651254986346835,15
3627316,9.685922505331789,14
3627327,9.803228086267286,11
3627339,9.733035936738089,12
3627352,9.737640428963893,13
3627356,9.922455733334782,4
3627357,9.988964123712657,1
3627362,9.90531275974064,5
3627373,9.74822545197627,11
3627384,9.774579587915296,11
3627387,9.951722816870989,3
3627394,9.845749186469089,7
3627404,9.79911026126384,10
3627411,9.855423424426453,7
3627427,9.659427359207344,16
3627439,9.706560589196062,12
3627453,9.712133497217366,14
3627457,9.934918364661792,4
3627458,10.0,1
3627463,9.907914987798884,5
3627469,9.883037827818553,6
3627484,9.750276929227047,15
3627496,9.72531894127274,12
3627500,9.937651226314166,4
3627506,9.897599756686235,6
3627509,9.957064034371855,3
3627514,9.90811505867228,5
3627519,9.928462413968417,5
3627533,9.730784612714809,14
3627543,9.793515000956381,10
3627549,9.904391277661581,6
3627560,9.806710233362567,11
3627570,9.828925233392354,10
3627580,9.770801374291946,10
3627587,9.857972107305644,7
3627588,9.996629605365232,1
3627601,9.707133214157775,13
3627606,9.929575876269693,5
3627609,9.95653385121833,3
3627619,9.776547665420884,10
3627628,9.793265171981764,9
3627635,9.864109899953295,7
3627643,9.820585739183354,8
3627649,9.90434349723862,6
3627658,9.814388273158904,9
3627665,9.876378588999648,7
3627674,9.811756184867239,9
3627678,9.946221106377294,4
3627691,9.707681536908192,13
3627702,9.766993002573752,11
3627712,9.795690634027428,10
3627717,9.91798137430318,5
3627728,9.783994889102257,11
3627735,9.860378640251652,7
3627747,9.729866489136187,12
3627754,9.862739952300519,7
3627765,9.766238426770803,11
3627776,9.765061829881345,11
3627780,9.940546028833499,4
3627790,9.805605409689095,10
3627797,9.894013012477531,7
3627802,9.923512309664126,5
3627812,9.781443017980308,10
3627826,9.685046221441278,14
3627835,9.827501941318909,9
3627851,9.638381016945283,16
3627852,10.0,1
3627861,9.802887474205495,9
3627870,9.821778266516107,9
3627883,9.713184859743732,13
3627894,9.764257696008647,11
3627905,9.737647045387058,11
3627909,9.928055191607134,4
3627916,9.889122009451313,7
3627929,9.709302869611781,13
3627941,9.720278744950711,12
3627942,10.0,1
3627951,9.829647688923972,9
3627959,9.849142860797928,8
3627965,9.889146371484586,6
3627969,9.950998878991136,4
3627977,9.841652614813686,8
3627982,9.91486723593462,5
3627996,9.757946147811298,14
3628004,9.843181313310682,8
3628017,9.692728214124724,13
3628018,10.0,1
3628019,9.9915262135549,1
3628028,9.833715883559334,9
3628037,9.802732998041087,9
3628052,9.693113597156092,15
3628063,9.809842523648273,11
3628070,9.779200880967931,7
3628071,10.0,1
3628083,9.535582096131366,12
3628097,9.681345120930123,14
3628101,9.940969166410193,4
3628110,9.819067220189345,9
3628121,9.753369499083352,11
3628131,9.790669504314653,10
3628133,9.984552086830885,2
3628139,9.879455270612768,6
3628150,9.76818536520066,11
3628162,9.719268378840585,12
3628164,9.971950598311935,2
3628171,9.851179991874426,7
3628172,10.0,1
3628185,9.726730615739747,13
3628191,9.881002975804698,6
3628200,9.794385687611758,9
3628201,9.988351988263958,1
3628213,9.74753710441896,12
3628225,9.724863351760979,12
3628229,9.944862423314591,4
3628231,9.968181905065288,2
3628731,-10.251666843187648,500
3628732,10.0,1
3628742,9.77131014370531,10
3628748,9.906214285246051,6
3628762,9.722278623543362,14
3628773,9.74588625635911,11
3628781,9.851395062347747,8
3628789,9.851380352119035,8
3628803,9.680814838378383,14
3628816,9.69342998814727,13
3628833,9.578845983094341,17
3628847,9.730214171175541,14
3628854,9.885903499143797,7
3628861,9.868021252911843,7
3628869,9.866651633243844,8
3628877,9.829221514250808,8
3628881,9.950939092349431,4
3628890,9.820007793823386,9
3628941,9.10623893521595,51
3628947,9.911947617436772,6
3628951,9.93662322776855,4
3628961,9.789329006821935,10
3628968,9.891101465559153,7
3628971,9.960587515321793,3
3628986,9.457699748576285,15
3628997,9.777076772233897,11
3629000,9.95415710108895,3
3629013,9.720712882878056,13
3629022,9.813428958965526,9
3629032,9.81340845598811,10
3629038,9.880243842078269,6
3629039,10.0,1
3629048,9.823625628822231,9
3629056,9.839436419012136,8
3629060,9.947506168843043,4
3629068,9.840108617756993,8
3629073,9.913606270895716,5
3629083,9.803144106558769,10
3629088,9.920913282939809,5
3629100,9.779651030181128,12
3629101,10.0,1
3629108,9.871054479311871,7
3629124,9.671924780599976,16
3629127,9.9514863370372,3
3629128,10.0,1
3629142,9.695495614271545,14
3629155,9.694613920690164,13
3629160,9.931243670496828,5
3629166,9.881396954465785,6
3629185,9.566930385507634,19
3629192,9.892788510607549,7
3629205,9.699079067131276,13
3629206,10.0,1
3629213,9.878779797439057,7
3629223,9.810501569004021,10
3629226,9.96467399295404,3
3629243,9.588056763175105,17
3629251,9.827365112859807,8
3629258,9.8571127763393,7
3629272,9.698760116476938,14
3629283,9.755484843093186,11
3629294,9.77905294991322,11
3629307,9.71894537989407,13
3629324,9.3424165999888,17
3629325,10.0,1
3629330,9.728356956045763,5
3629341,9.77469619315091,11
3629348,9.879693887480991,7
3629349,10.0,1
3629354,9.923697063429358,5
3629358,9.937651289947961,4
3629373,9.715966256689558,15
3629382,9.83108951074972,9
3629386,9.956045788350355,4
3629392,9.90520217112089,6
3629404,9.795210990739161,12
3629412,9.83485320511284,8
3629426,9.735347190656162,14
3629431,9.933725087488906,5
3629437,9.89136526672221,6
3629450,9.69132024686348,13
3629451,10.0,1
3629452,9.989794907296726,1
3629460,9.855805623554206,8
3629467,9.884196716608377,7
3629468,10.0,1
3629488,9.603594007915564,20
3629489,10.0,1
3629501,9.731409810085642,12
3629513,9.748391913223525,12
3629522,9.828950056158114,9
3629528,9.91039005041794,6
3629544,9.679989375480504,16
3629548,9.945411849175416,4
3629550,9.971988223964948,2
3629554,9.929986410261249,4
3629566,9.727120423501638,12
3629574,9.829958026111154,8
3629579,9.905304309864285,5
3629582,9.96232265935415,3
3629656,8.657756100764601,74
3629663,9.871468385762645,7
3629668,9.90852240015742,5
3629685,9.597023703748729,17
3629691,9.894223288548057,6
3629692,10.0,1
3629696,9.954434193006657,4
3629706,9.805881474089366,10
3629718,9.714439208782549,12
3629722,9.94011103006245,4
3629725,9.961426796943092,3
3629728,9.966871855870838,3
3629729,10.0,1
3629734,9.932928354069853,5
3629745,9.756959259820139,11
3629761,9.692907521666164,16
3629764,9.958047993740523,3
3629765,10.0,1
3629766,10.0,1
3629771,9.927465270510938,5
3629775,9.935965779623423,4
3629783,9.84183592119528,8
3629790,9.855041709649447,7
3629795,9.926344450064303,5
3629807,9.739842554230544,12
3629816,9.800024741380145,9
3629827,9.784382400128345,11
3629845,9.588513964339047,18
3629846,10.0,1
3629860,9.76495370698322,14
3629873,9.731228835328194,13
3629884,9.778266595099721,11
3629902,9.572009382584568,18
3629910,9.840762224445085,8
3629913,9.964463632856024,3
3629919,9.892108728435732,6
3629942,9.519543329394564,23
3629951,9.801828488316293,9
3629963,9.734038670902443,12
3629967,9.933347827831136,4
3629983,9.605458313615031,16
3629992,9.81024929865866,9
3629998,9.883202920859144,6
3630000,9.974886510103076,2
3630001,10.0,1
3630002,10.0,1
3630008,9.902130269222187,6
3630013,9.927030400793267,5
3630014,10.0,1
3630037,9.49712782863509,23
3630043,9.889464457240436,6
3630053,9.792927125765509,10
3630062,9.825478444505736,9
3630066,9.934771675279563,4
3630069,9.952595451001205,3
3630086,9.634554023740325,17
3630089,9.966470314847589,3
3630105,9.629217636521288,16
3630114,9.84483928314896,9
3630117,9.955676840058306,3
3630127,9.819907335368349,10
3630128,10.0,1
3630131,9.961001633809667,3
3630147,9.653150651006781,16
3630154,9.905987245317714,7
3630160,9.896851925563661,6
3630169,9.838764444671384,9
3630187,9.578329658001424,18
3630188,9.995771043965647,1
3630194,9.910829624185595,6
3630195,10.0,1
3630205,9.801152112697043,10
3630207,9.97386040725182,2
3630220,9.718811245175978,13
3630232,9.722175033914603,12
3630236,9.934590397165856,4
3630246,9.794276214969969,10
3630247,9.986497036733308,1
3630248,9.98853451206439,1
3630254,9.894618817222158,6
3630265,9.737548209358527,11
3630266,10.0,1
3630272,9.902829124833662,6
3630286,9.667420615656175,14
3630296,9.812013608896978,10
3630297,10.0,1
3630303,9.909103152490509,6
3630311,9.84221708203065,8
3630318,9.68322513143561,7
3630327,9.842904474989385,9
3630328,10.0,1
3630335,9.862740632495006,7
3630340,9.906380395769975,5
3630352,9.748963606081935,12
3630361,9.833016056439726,9
3630366,9.927536820877616,5
3630367,10.0,1
3630382,9.665304580615963,15
3630390,9.834814912629483,8
3630398,9.825513127923294,8
3630409,9.787635565376094,11
3630423,9.69107924251324,14
3630426,9.95132735279707,3
3630429,9.950807961254196,3
3630434,9.925959068544724,5
3630442,9.852787385372025,8
3630455,9.69401349618026,13
3630456,10.0,1
3630467,9.781841880334985,11
3630474,9.89230648675703,7
3630491,9.618038738846645,17
3630501,9.792859428635797,10
3630510,9.819488115714433,9
3630517,9.872060229832174,7
3630525,9.847201745130178,8
3630534,9.806727622013694,9
3630543,9.79878292352928,9
3630549,9.884010180464156,6
3630550,10.0,1
3630558,9.879098517891467,8
3630559,9.987008573737416,1
3630567,9.836629287306625,8
3630575,9.836470596361021,8
3630582,9.852851844250395,7
3630591,9.824852855817282,9
3630596,9.903084271958413,5
3630597,10.0,1
3630600,9.96476897788512,3
3630611,9.76063822839319,11
3630622,9.764645364255287,11
3630631,9.832503919753579,9
3630637,9.894692720081624,6
3630645,9.87641894328424,8
3630657,9.733798186361286,12
3630669,9.722179326828677,12
3630675,9.896424232728867,6
3630684,9.824804813813513,9
3630692,9.86298898125209,8
3630704,9.748207919516965,12
3630734,9.404927522015454,30
3630747,9.715999688353541,13
3630760,9.629756450146523,13
3630764,9.927334626372112,4
3630770,9.895788815703726,6
3630774,9.940895869118163,4
3630780,9.880346716550592,6
3630788,9.8379255132593,8
3630803,9.660098760022137,15
3630804,10.0,1
3630855,8.999141941383568,51
3630865,9.843024485428977,10
3630873,9.844677295288026,8
3630880,9.855663561198227,7
3630883,9.96936742906463,3
3630893,9.786670982938299,10
3630897,9.935109375928356,4
3630907,9.808090927785349,10
3630920,9.606356189572724,13
3630929,9.822222824563195,9
3630932,9.971885825041795,3
3630933,10.0,1
3630941,9.846156769799732,8
3630951,9.78223391447333,10
3630964,9.6981002984847,13
3630968,9.949049815636949,4
3630975,9.881079074926268,7
3630989,9.691773225491927,14
3631002,9.701099479162265,13
3631013,9.748062310669518,11
3631020,9.85556873977988,7
3631036,9.639501379283992,16
3631043,9.845310686224064,7
3631048,9.915609456044503,5
3631059,9.75663287219153,11
3631070,9.755589575621865,11
3631083,9.630064193769522,13
3631084,10.0,1
3631092,9.83816355357022,8
3631105,9.721503811033424,13
3631109,9.932579102339378,4
3631110,10.0,1
3631124,9.389232721008325,14
3631139,9.67725083976933,15
3631149,9.783497680645032,10
3631156,9.853684946214049,7
3631166,9.77109602357965,10
3631173,9.877816454622755,7
3631186,9.694634566072203,13
3631200,9.677270378464552,14
3631210,9.81480510330817,10
3631218,9.845734969651986,8
3631224,9.884467927755685,6
3631230,9.887281742958251,6
3631239,9.816115346634225,9
3631240,9.99201252793522,1
3631248,9.822313875924998,8
3631261,9.759053972570033,13
3631265,9.917553130889509,4
3631276,9.556410518383467,11
3631281,9.918652810297022,5
3631290,9.819395081496026,9
3631294,9.931548164266406,4
3631298,9.934531411337874,4
3631308,9.80029386137795,10
3631316,9.841047776916641,8
3631322,9.901370387817545,6
3631336,9.681523634636187,14
3631352,9.674429670508173,16
3631353,10.0,1
3631354,10.0,1
3631358,9.937085926353445,4
3631371,9.714595615101752,13
3631379,9.837662503081253,8
3631388,9.841383256820624,9
3631398,9.790346370916733,10
3631417,9.548111055636594,19
3631428,9.737716643344932,11
3631434,9.884585837515582,6
3631450,9.654548613343419,16
3631459,9.8145173514265,9
3631466,9.888658689861197,7
3631477,9.765298153754147,11
3631488,9.766948406307192,11
3631497,9.811134875438247,9
3631508,9.758027639114525,11
3631517,9.799156460478093,9
3631526,9.85974993896735,9
3631527,10.0,1
3631538,9.746689841689609,11
3631553,9.701444136938676,15
3631563,9.786210218989988,10
3631574,9.76089137817686,11
3631584,9.801628152986474,10
3631589,9.9296549197109,5
3631599,9.831182829787076,10
3631600,10.0,1
3631608,9.855155517107557,8
3631614,9.90734551184309,6
3631615,10.0,1
3631627,9.743969285204152,12
3631628,10.0,1
3631637,9.826146785055153,9
3631646,9.815974522001845,9
3631658,9.739252035514827,12
3631665,9.878267098467054,7
3631670,9.922106663694333,5
3631671,10.0,1
3631683,9.741433947708918,12
3631694,9.771258851257407,11
3631704,9.803323377494083,10
3631714,9.796939306492055,10
3631719,9.90014539922727,5
3631730,9.787257539244937,11
3631736,9.899491644433084,6
3631751,9.67273909308496,15
3631759,9.842618670205047,8
3631766,9.866798697070701,7
3631771,9.927369696690821,5
3631772,10.0,1
3631785,9.716975008326392,13
3631793,9.827281099651257,8
3631801,9.837560975834537,8
3631805,9.92830286817396,4
3631811,9.890454295788484,6
3631823,9.744132275116778,12
3631827,9.941709138060046,4
3631833,9.904815450119811,6
3631843,9.790603210215375,10
3631852,9.830049725774302,9
3631871,9.564198797799321,19
3631874,9.967290513572978,3
3631879,9.902494896845923,5
3631883,9.945531582974152,4
3631892,9.816721625577236,9
3631893,10.0,1
3631902,9.813961828675769,9
3631909,9.885889595998878,7
3631910,9.996592183166172,1
3631926,9.69045529010864,16
3631930,9.941540025438053,4
3631943,9.704837423231172,13
3631956,9.70313501618859,13
3631963,9.873916108294113,7
3631964,10.0,1
3632023,8.920117797309306,59
3632030,9.871472359656451,7
3632039,9.821427610579814,9
3632048,9.826477056653081,9
3632056,9.866288028408302,8
3632057,10.0,1
3632068,9.812613907950933,11
3632073,9.907300936319556,5
3632081,9.824409330183446,8
3632091,9.775901013150506,10
3632106,9.631591099609405,15
3632112,9.80690100595631,6
3632121,9.800923673779208,9
3632133,9.712982092526675,12
3632147,9.677087915490208,14
3632156,9.802705925584098,9
3632165,9.812098431050943,9
3632168,9.960023649638797,3
3632176,9.852154312267864,8
3632193,9.610593060622184,17
3632199,9.898222123852452,6
3632203,9.948276492994873,4
3632207,9.940691354934588,4
3632214,9.86901530259915,7
3632219,9.905079913931209,5
3632225,9.883675778762441,6
3632226,9.987703263003421,1
3632234,9.85582258232939,8
3632244,9.792057670573632,10
3632255,9.762199006266622,11
3632263,9.841754463598235,8
3632264,10.0,1
3632265,10.0,1
3632274,9.808699378493461,9
3632285,9.755803140137738,11
3632289,9.937768483207536,4
3632301,9.754725863397406,12
3632312,9.748610057713703,11
3632319,9.8743228796694,7
3632320,10.0,1
3632331,9.751162406968783,11
3632339,9.845437260920027,8
3632349,9.794127346243892,10
3632359,9.801302610004717,10
3632365,9.89961734132307,6
3632381,9.61104392502779,16
3632384,9.945866996979758,3
3632395,9.769042482350466,11
3632406,9.739030744600159,11
3632415,9.82774917144089,9
3632434,9.56864866248095,19
3632435,10.0,1
3632443,9.851609888152923,8
3632444,10.0,1
3632449,9.913355259196711,5
3632452,9.953859271574778,3
3632459,9.874200659891265,7
3632463,9.926023107073286,4
3632464,10.0,1
3632472,9.834546756813047,8
3632478,9.916260911260474,6
3632479,10.0,1
3632485,9.88518318250979,6
3632501,9.633116471632126,16
3632516,9.663858143440033,15
3632533,9.666508798629744,17
3632542,9.804594617426767,9
3632555,9.711693350340955,13
3632560,9.909143981817605,5
3632564,9.945442770804567,4
3632571,9.885602840634272,7
3632578,9.887896956937846,7
3632584,9.895404814091012,6
3632589,9.912852733493153,5
3632592,9.969329982155564,3
3632606,9.690870604302969,14
3632618,9.739494316110093,12
3632629,9.803818963091299,11
3632631,9.969808785663671,2
3632639,9.859546004349486,8
3632646,9.859088221046962,7
3632656,9.788262193785414,10
3632672,9.712987213170065,16
3632682,9.79116375823517,10
3632690,9.858264718124147,8
3632706,9.60692452635287,16
3632716,9.800733960881459,10
3632728,9.739091864779962,12
3632732,9.949952066724903,4
3632742,9.805541340965572,10
3632743,10.0,1
3632744,10.0,1
3632754,9.79688099683168,10
3632760,9.879573739488794,6
3632768,9.84104081390952,8
3632780,9.73284256708053,12
3632800,9.583976815232333,20
3632816,9.654678959251575,16
3632832,9.675139524570287,16
3632840,9.833242814653673,8
3632844,9.943390415335882,4
3632845,10.0,1
3632856,9.765346356246493,11
3632865,9.819474181762757,9
3632873,9.855399559885498,8
3632877,9.948463442012573,4
3632881,9.947631714457039,4
3632885,9.93558377844485,4
3632895,9.79886940541975,10
3632904,9.817442568787639,9
3632906,9.971291415165675,2
3632920,9.708705088218146,14
3632924,9.939555723063979,4
3632933,9.807113542990251,9
3632939,9.919938986886372,6
3632948,9.79362398340709,9
3632956,9.846244607842692,8
3632966,9.806827093637189,10
3632980,9.67249973682879,14
3632982,9.97604772925485,2
3632987,9.911637427924026,5
3632988,10.0,1
3633000,9.740735140117437,12
3633010,9.772679876192944,10
3633024,9.679964039459012,14
3633028,9.93077935975006,4
3633033,9.926154474181335,5
3633044,9.736853820350223,11
3633056,9.76829199561436,12
3633072,9.633344884601154,16
3633083,9.761332090649232,11
3633091,9.871502289666834,8
3633099,9.873358010609229,8
3633108,9.813469097554604,9
3633114,9.891789173822442,6
3633120,9.892899824886152,6
3633127,9.869201142726393,7
3633138,9.784070930630088,11
3633147,9.825796655392272,9
3633157,9.787558242036356,10
3633167,9.808545024612757,10
3633176,9.814504743910152,9
3633183,9.88977447695288,7
3633191,9.855333089680583,8
3633195,9.944141189670773,4
3633201,9.901465034748004,6
3633209,9.842322119306738,8
3633225,9.68022340914601,16
3633232,9.878840668275236,7
3633233,10.0,1
3633242,9.84972282675283,9
3633251,9.8476241146997,9
3633263,9.75154665930171,12
3633276,9.699096863817507,13
3633285,9.836143371669873,9
3633294,9.818736577639417,9
3633295,10.0,1
3633308,9.730648933966107,13
3633310,9.976452607453835,2
3633328,9.571965646271606,18
3633336,9.84656329598995,8
3633350,9.709635472534744,14
3633353,9.953507549081559,3
3633359,9.89583641322875,6
3633373,9.684733140517165,14
3633380,9.870916854158073,7
3633386,9.895463735896575,6
3633403,9.592822006912266,17
3633410,9.857746236509774,7
3633417,9.858919994807463,7
3633426,9.835829832493515,9
3633433,9.852988535815681,7
3633443,9.768284035353219,10
3633451,9.822465066350478,8
3633453,9.975963242367992,2
3633461,9.628038611330037,8
3633465,9.940160195240324,4
3633466,10.0,1
3633470,9.945876450330012,4
3633471,10.0,1
3633482,9.751859562169717,11
3633497,9.688471539498686,15
3633509,9.752222099453467,12
3633519,9.782504601883605,10
3633535,9.625670402692002,16
3633543,9.859098614281523,8
3633559,9.62371851743394,16
3633565,9.900436259000466,6
3633579,9.671728383421007,14
3633580,9.992236560537247,1
3633585,9.900500501125515,5
3633586,10.0,1
3633590,9.935595047617737,4
3633602,9.74012224642692,12
3633610,9.851429790814771,8
3633627,9.69344231568645,17
3633632,9.923454088232754,5
3633633,10.0,1
3633639,9.893203553814992,6
3633648,9.818863108166653,9
3633658,9.78660298313409,10
3633663,9.916826612239257,5
3633673,9.815522125655102,10
3633684,9.765501127620192,11
3633688,9.936996282245728,4
3633703,9.677022667651949,15
3633711,9.834890724091014,8
3633719,9.841070587073915,8
3633720,10.0,1
3633730,9.805159604630878,10
3633735,9.90591555828622,5
3633739,9.947036227286908,4
3633752,9.70415769663954,13
3633757,9.935017984352195,5
3633763,9.882174693451116,6
3633772,9.82801068994309,9
3633781,9.809981164359895,9
3633789,9.846872724753531,8
3633790,10.0,1
3633791,10.0,1
3633798,9.87794192436881,7
3633807,9.854196360142309,9
3633809,9.981987693077537,2
3633815,9.910420751514009,6
3633825,9.77617321308755,10
3633832,9.883985316550916,7
3633840,9.837187130958199,8
3633849,9.818098056950816,9
3633850,10.0,1
3633851,10.0,1
3633867,9.243548438540206,16
3633875,9.72965714325958,8
3633879,9.938972856562117,4
3633880,10.0,1
3633893,9.742669946707824,13
3633903,9.82218139598822,10
3633910,9.859924632312158,7
3633913,9.97092127372072,3
3633925,9.733681524656292,12
3633931,9.891611954694204,6
3633945,9.678350061936671,14
3633951,9.88367926336844,6
3633953,9.970973068742545,2
3633993,9.165881583384058,40
3634000,9.861407047670212,7
3634001,10.0,1
3634002,10.0,1
3634003,10.0,1
3634010,9.886969799592856,7
3634021,9.770724283317643,11
3634034,9.707209935578675,13
3634042,9.837089614996678,8
3634045,9.95464718467243,3
3634056,9.766105631653476,11
3634062,9.903806207412968,6
3634072,9.786509765561517,10
3634086,9.665350777035258,14
3634094,9.845912957827277,8
3634108,9.682508374221715,14
3634116,9.837651060820518,8
3634118,9.97256571953359,2
3634130,9.723960954968799,12
3634140,9.782019270664057,10
3634159,9.541710471124707,19
3634163,9.933046427404914,4
3634176,9.70070639050413,13
3634188,9.733639880138092,12
3634203,9.664433230293287,15
3634230,9.54160993938972,27
3634238,9.849794385566804,8
3634253,9.654044622444024,15
3634270,9.698210488674919,17
3634275,9.914670886146551,5
3634284,9.809442669470405,9
3634294,9.80295520125786,10
3634302,9.837722876675345,8
3634307,9.905182334098479,5
3634314,9.869974820259893,7
3634327,9.732005462855952,13
3634330,9.956160956845387,3
3634343,9.7034091538179,13
3634357,9.613121552110906,14
3634367,9.803788227530585,10
3634384,9.594483858948568,17
3634387,9.963047085097157,3
3634389,9.968544805104813,2
3634392,9.955553001742663,3
3634395,9.964730760490783,3
3634397,9.969480653892836,2
3634409,9.738044550991267,12
3634425,9.650345652065031,16
3634432,9.873683916611041,7
3634444,9.729920801897226,12
3634451,9.84986784894349,7
3634453,9.972039586586265,2
3634454,9.991749442941263,1
3634464,9.787173314176208,10
3634468,9.931065305206205,4
3634479,9.738644172351725,11
3634482,9.970706864247811,3
3634486,9.935985077193584,4
3634497,9.733518574340984,11
3634498,10.0,1
3634510,9.7257548769178,12
3634519,9.81855421083741,9
3634527,9.818156915387059,8
3634532,9.931334917269007,5
3634538,9.891003084876134,6
3634546,9.852930499402737,8
3634552,9.885147923263544,6
3634565,9.71484889308608,13
3634577,9.742354595458796,12
3634582,9.912964999415014,5
3634591,9.81356856422039,9
3634592,10.0,1
3634602,9.780583637804197,10
3634609,9.875863917191813,7
3634610,9.987996720903881,1
3634614,9.933359977820968,4
3634626,9.767658048696447,12
3634636,9.792879619718807,10
3634650,9.637730963020067,14
3634664,9.706436211137344,14
3634665,10.0,1
3634668,9.96086266792846,3
3634679,9.76228909476924,11
3634682,9.967468442833388,3
3634696,9.708849826055237,14
3634705,9.80388377249798,9
3634711,9.908593791629086,6
3634712,10.0,1
3634724,9.768380120397648,12
3634733,9.707500308121634,9
3634734,10.0,1
3634751,9.627729858521871,17
3634779,9.54960238322365,28
3634784,9.92582780091008,5
3634795,9.754375780250527,11
3634804,9.802465561214577,9
3634813,9.817153872650277,9
3634820,9.875204364910081,7
3634829,9.838740420778043,9
3634839,9.793164006904393,10
3634843,9.736048877743352,4
3634844,10.0,1
3634848,9.941802572578652,4
3634855,9.884194498119744,7
3634863,9.833282795578505,8
3634871,9.862916620874627,8
3634880,9.806955661745562,9
3634884,9.942724795437014,4
3634892,9.845093276908397,8
3634906,9.56978280437412,14
3634913,9.85384820238173,7
3634917,9.936457144148072,4
3634924,9.863604181088956,7
3634934,9.805622072988342,10
3634945,9.766595810704088,11
3634950,9.92262336588467,5
3634955,9.918694844595576,5
3634963,9.83438417178346,8
3634975,9.752242066188332,12
3634982,9.858852158369517,7
3634987,9.925420729270286,5
3634994,9.862971271765106,7
3635001,9.89096189878818,7
3635006,9.937095853471526,5
3635012,9.914363320288796,6
3635022,9.782299160971698,10
3635031,9.834614573358689,9
3635040,9.797562498315735,9
3635041,9.992291340421353,1
3635045,9.943056661632436,4
3635054,9.818292282674408,9
3635133,8.52764102602363,79
3635149,9.658838719259522,16
3635155,9.882532983630151,6
3635160,9.916029577996309,5
3635172,9.74535377693104,12
3635176,9.83585806988141,4
3635182,9.891775514222148,6
3635199,9.624417595435974,17
3635208,9.840990479010518,9
3635209,10.0,1
3635219,9.8287565717486,10
3635232,9.718491066276256,13
3635244,9.7588104247056,12
3635327,7.783816895217159,83
3635339,9.730547459329816,12
3635343,9.941066639700537,4
3635366,9.462500183351985,23
3635380,9.483861462243924,14
3635395,9.692287585982294,15
3635410,9.750440008155252,15
3635418,9.834365603290273,8
3635433,9.678384649745169,15
3635446,9.729866863999733,13
3635449,9.97127252396278,3
3635457,9.873942433782846,8
3635469,9.769447935365132,12
3635482,9.72833906366982,13
3635486,9.946255874176542,4
3635487,10.0,1
3635497,9.778928758617681,10
3635509,9.736271862885252,12
3635521,9.752050785850653,12
3635523,9.975738020007878,2
3635539,9.644999968083352,16
3635542,9.96135566315551,3
3635543,10.0,1
3635554,9.75853750987641,11
3635566,9.74953456874769,12
3635577,9.802948902610039,11
3635582,9.91164563244139,5
3635592,9.825662119312849,10
3635605,9.729070314430762,13
3635606,10.0,1
3635613,9.870372201566749,7
3635618,9.924284618141767,5
3635619,10.0,1
3635628,9.810852079979698,9
3635637,9.787123197137333,9
3635639,9.975722642183063,2
3635645,9.909334182372831,6
3635651,9.910286476649631,6
3635657,9.905390476562031,6
3635667,9.793781448099493,10
3635676,9.79705518343685,9
3635685,9.820695304754992,9
3635691,9.919552786999601,6
3635704,9.700735179934618,13
3635708,9.942606441186008,4
3635715,9.857718118672471,7
3635727,9.764097339142367,12
3635733,9.897942008579385,6
3635750,9.639499627858948,17
3635759,9.837355085445054,9
3635766,9.87092029089653,7
3635778,9.719264221323364,12
3635790,9.73261710148721,12
3635806,9.614357827561513,16
3635814,9.850839073622245,8
3635817,9.959538189753337,3
3635827,9.807642852799555,10
3635837,9.802993266266673,10
3635840,9.959088854289778,3
3635849,9.804045794108161,9
3635855,9.89381160755291,6
3635868,9.704677686555405,13
3635880,9.743661921101308,12
3635892,9.713733538141465,12
3635900,9.84098076272749,8
3635908,9.83012429415992,8
3635914,9.882225019010438,6
3635931,9.632111837131012,17
3635946,9.664863701083556,15
3636016,7.930014089704666,70
3636024,9.849963827014715,8
3636036,9.727094487126726,12
3636049,9.708486655007079,13
3636066,9.580859512007866,17
3636073,9.86185495660124,7
3636084,9.7990646354105,11
3636092,9.857897211784193,8
3636102,9.794143184437425,10
3636109,9.8787627405123,7
3636116,9.901386775032123,7
3636124,9.848677854944267,8
3636129,9.917249572462072,5
3636143,9.688502921847865,14
3636150,9.85981478131959,7
3636161,9.784091886275002,11
3636172,9.750617695137102,11
3636177,9.911188289532916,5
3636185,9.856469501946695,8
3636196,9.79106143504657,11
3636207,9.780499356666144,11
3636215,9.867372527853222,8
3636225,9.771150947237496,10
3636226,10.0,1
3636233,9.863844493240757,7
3636235,9.974872681318775,2
3636247,9.764873478231971,12
3636252,9.904881691000055,5
3636265,9.753930025550227,13
3636275,9.789179250960414,10
3636288,9.706762726845598,13
3636309,9.530489206388351,21
3636311,9.96856121639749,2
3636324,9.516430469792898,13
3636325,10.0,1
3636333,9.837993351778564,8
3636337,9.934422642925766,4
3636351,9.686993394699849,14
3636366,9.626454020059953,15
3636372,9.898021289607478,6
3636375,9.95415421870509,3
3636381,9.924364963768562,6
3636394,9.707072391559011,13
3636402,9.822410452583595,8
3636413,9.750181126550487,11
3636424,9.755526976355005,11
3636428,9.938692793805052,4
3636446,9.563370603874015,18
3636449,9.946265802537805,3
3636461,9.761131147183045,12
3636472,9.769071673393768,11
3636481,9.80534577287615,9
3636482,10.0,1
3636483,10.0,1
3636487,9.934339496811585,4
3636491,9.951431835896399,4
3636492,10.0,1
3636504,9.706324736852126,12
3636505,9.996449181038821,1
3636512,9.866374920657424,7
3636523,9.74496276788542,11
3636530,9.862079524089687,7
3636542,9.76144945344244,12
3636551,9.84029579874601,9
3636564,9.666993784707365,13
3636575,9.809807189750746,11
3636580,9.935373233211685,5
3636586,9.891435929098197,6
3636593,9.868788232365201,7
3636599,9.895858354741277,6
3636607,9.856015623211565,8
3636615,9.836114258174527,8
3636621,9.891972119154227,6
3636634,9.703619781539874,13
3636645,9.742386145508373,11
3636646,9.992512729006156,1
3636657,9.761229808006426,11
3636674,9.615069438538665,17
3636683,9.806635521930207,9
3636691,9.839001477707301,8
3636703,9.706598787534064,12
3636707,9.921891588712963,4
3636716,9.80453586457344,9
3636727,9.734818800827824,11
3636728,10.0,1
3636738,9.825069855877208,10
3636747,9.816804897226838,9
3636752,9.914147084238968,5
3636764,9.766913970092215,12
3636778,9.663253645252485,14
3636786,9.856611091355168,8
3636794,9.859146555933167,8
3636797,9.95831636227991,3
3636808,9.766294211880751,11
3636824,9.664768375311748,16
3636835,9.76639246256811,11
3636850,9.683277304784498,15
3636863,9.754949625509369,13
3636864,10.0,1
3636875,9.750672675089344,11
3636886,9.75694054936985,11
3636889,9.964080207946473,3
3636895,9.897763600515376,6
3636896,10.0,1
3636904,9.858234434151916,8
3636914,9.792639688612848,10
3636928,9.647084644991471,14
3636943,9.676550987805182,15
3636958,9.63801754605069,15
3636964,9.883772659745455,6
3636971,9.854735535984817,7
3636981,9.768341047566215,10
3636988,9.876806132444283,7
3636996,9.88151264280226,8
3636997,10.0,1
3637007,9.802944655513032,10
3637013,9.905612990141266,6
3637021,9.84486672402143,8
3637033,9.737477287447422,12
3637042,9.800072080853871,9
3637052,9.788738769249981,10
3637061,9.810204360661062,9
3637072,9.771436106095665,11
3637088,9.619439989866889,16
3637103,9.711110059690792,15
3637106,9.966820807692512,3
3637112,9.888672593849577,6
3637122,9.779483965734881,10
3637133,9.753469250387905,11
3637143,9.79772080503303,10
3637149,9.899260240675781,6
3637163,9.677122174668748,14
3637181,9.566586478473607,18
3637186,9.922698070062488,5
3637194,9.850925650594759,8
3637204,9.796854233911697,10
3637211,9.883775259555282,7
3637223,9.714794773076742,12
3637224,9.993298598627186,1
3637229,9.926613682203827,5
3637271,8.788075410746545,42
3637280,9.86031475013815,9
3637295,9.644340732271328,15
3637305,9.82541645583299,10
3637312,9.877345460358734,7
3637321,9.81656997493088,9
3637333,9.743501086170786,12
3637339,9.894184620257835,6
3637351,9.73608872238173,12
3637360,9.710872310364339,9
3637370,9.779895715127582,10
3637381,9.761488338816505,11
3637387,9.8948854751026,6
3637396,9.803546566328897,9
3637397,9.996249543915653,1
3637404,9.875545052053342,7
3637416,9.762240730570129,12
3637421,9.9117082378918,5
3637428,9.8748596918104,7
3637437,9.838753726416236,9
3637450,9.698907599230791,13
3637460,9.798735653947256,10
3637463,9.958705796075527,3
3637468,9.927653521486867,5
3637479,9.766495968217004,11
3637489,9.80862256637994,10
3637504,9.68637910134585,15
3637508,9.938293929032177,4
3637515,9.860887343116456,7
3637519,9.935345572308295,4
3637525,9.907002283925069,6
3637529,9.95170033183789,4
3637540,9.748806801690552,11
3637549,9.82080775223881,9
3637560,9.78034207447458,11
3637561,10.0,1
3637562,10.0,1
3637576,9.675445149703977,14
3637585,9.837359970382414,9
3637589,9.933208804080692,4
3637598,9.805180401504755,9
3637609,9.780384114334616,11
3637613,9.941970049175517,4
3637621,9.840474774865422,8
3637626,9.918346259611132,5
3637630,9.95029809676067,4
3637642,9.733347405386738,12
3637657,9.666713666401439,15
3637664,9.880814359125884,7
3637669,9.91086987035255,5
3637679,9.794431315190936,10
3637693,9.69651815187008,14
3637709,9.690598489575963,16
3637714,9.917029670629834,5
3637725,9.788155030749131,11
3637734,9.80858039419194,9
3637745,9.736904116742151,11
3637748,9.958224321856369,3
3637754,9.901609691033757,6
3637755,9.996469728804197,1
3637757,9.975144956580875,2
3637762,9.941099963498512,5
3637772,9.78307462962275,10
3637773,10.0,1
3637774,10.0,1
3637782,9.839161332724181,8
3637791,9.815646982024854,9
3637808,9.619970144147485,17
3637816,9.845920751415687,8
3637828,9.752182186166579,12
3637833,9.913687458654215,5
3637848,9.477455647018107,15
3637861,9.714562130962383,13
3637862,10.0,1
3637865,9.956790146681946,3
3637875,9.772977780621172,10
3637892,9.622538813673916,17
3637899,9.896302127386912,7
3637908,9.816245682825391,9
3637916,9.834430864358605,8
3637924,9.853440622605044,8
3637935,9.766108213463722,11
3637945,9.80094860065026,10
3637955,9.80374803094656,10
3637956,10.0,1
3637961,9.919815805339574,5
3637973,9.743124194824077,12
3637983,9.79885280223508,10
3637984,10.0,1
3637991,9.854254999904578,7
3637995,9.935852838602601,4
3637999,9.948585575444753,4
3638007,9.826178042578038,8
3638016,9.819731869639554,9
3638018,9.970008806131252,2
3638022,9.939354819124011,4
3638029,9.855741895708698,7
3638035,9.903358048908808,6
3638045,9.806686541564721,10
3638052,9.873191916813562,7
3638063,9.771803836146383,11
3638072,9.818223514014376,9
3638085,9.744780668115098,13
3638091,9.884967910197437,6
3638101,9.778988177922411,10
3638117,9.624409875695473,16
3638129,9.782217679462864,12
3638130,10.0,1
3638139,9.798755712049275,9
3638151,9.71565349657006,12
3638155,9.93249627820166,4
3638160,9.931184249167183,5
3638173,9.513334292687679,13
3638186,9.699744746509872,13
3638191,9.92391001368758,5
3638199,9.844316241288178,8
3638212,9.628411069834346,13
3638213,10.0,1
3638228,9.661915568945519,15
3638243,9.677284480465955,15
3638246,9.97256768778304,3
3638254,9.846149607847599,8
3638260,9.878133920046054,6
3638269,9.84327155263686,9
3638286,9.625019084320492,17
3638332,9.179068437999488,46
3638339,9.876059366149422,7
3638346,9.87560292386462,7
3638358,9.784672171736013,12
3638371,9.741847187692061,13
3638387,9.67791195648137,16
3638400,9.69834166207505,13
3638406,9.895745238872733,6
3638407,10.0,1
3638419,9.758109547876103,12
3638431,9.732764001115402,12
3638445,9.669153235872354,14
3638455,9.79564863433069,10
3638465,9.796645344347073,10
3638471,9.892584083339889,6
3638482,9.751088838656704,11
3638489,9.88516300181033,7
3638497,9.855105831713338,8
3638509,9.741769126528697,12
3638523,9.694830160515107,14
3638529,9.909982288287527,6
3638534,9.932381640773222,5
3638548,9.727726867886677,14
3638554,9.882576834643908,6
3638570,9.645407412761953,16
3638590,9.59945344375258,20
3638596,9.914913734866882,6
3638605,9.80493779865527,9
3638618,9.728527933124965,13
3638626,9.838231070537171,8
3638629,9.964237260611762,3
3638639,9.781072983610398,10
3638641,9.98363173541976,2
3638651,9.77087244682533,10
3638655,9.937479421176123,4
3638664,9.863270439419486,9
3638670,9.898920790387148,6
3638680,9.80538963081105,10
3638687,9.86758189280283,7
3638693,9.906115158592396,6
3638701,9.842380206852617,8
3638717,9.667390871532131,16
3638724,9.873254199338673,7
3638739,9.701589977687982,15
3638750,9.74888593905792,11
3638755,9.921021761531234,5
3638756,10.0,1
3638764,9.877978145615193,8
3638771,9.8818159884769,7
3638777,9.898488425797213,6
3638787,9.788278872815553,10
3638796,9.828700401588845,9
3638802,9.90957774695559,6
3638811,9.816977851216407,9
3638821,9.814098175788779,10
3638830,9.825435322668998,9
3638834,9.945730221819511,4
3638835,10.0,1
3638848,9.694055248165881,13
3638860,9.721820867645848,12
3638861,10.0,1
3638869,9.857742379037083,8
3638877,9.824332506277248,8
3638884,9.89988116275464,7
3638890,9.887510735260081,6
3638898,9.856726135615197,8
3638912,9.67924157121718,14
3638916,9.930429047320247,4
3638920,9.94057085689785,4
3638929,9.811574141358133,9
3638941,9.63617833331024,12
3638952,9.750585151772428,11
3638959,9.858814835726044,7
3638961,9.969764958911904,2
3638970,9.808642977047676,9
3638976,9.906580237433444,6
3638977,10.0,1
3638978,9.99267699317879,1
3638979,10.0,1
3638990,9.772930115200351,11
3638991,10.0,1
3639003,9.724224006305814,12
3639010,9.875315203147402,7
3639016,9.919748895836952,6
3639022,9.89938733901769,6
3639035,9.697108729820295,13
3639046,9.745567167226586,11
3639053,9.859117870124738,7
3639064,9.676281145891275,11
3639074,9.79183955484603,10
3639081,9.894093223885356,7
3639084,9.864418041187692,3
3639085,10.0,1
3639090,9.925572916067606,5
3639100,9.80977812770239,10
3639111,9.777415309918652,11
3639118,9.86392531473884,7
3639126,9.836118620817938,8
3639130,9.944875550782752,4
3639137,9.872760510639413,7
3639162,9.60698238139767,25
3639166,9.932510327245144,4
3639184,9.673349463490137,18
3639196,9.752945658899456,12
3639198,9.983839078757281,2
3639204,9.899310573567426,6
3639216,9.739316053425902,12
3639227,9.711287753274764,11
3639233,9.905873622058694,6
3639241,9.81815287828891,8
3639251,9.822048199414168,10
3639261,9.791668460077915,10
3639275,9.689888339724483,14
3639279,9.935525890602067,4
3639284,9.919701249794274,5
3639293,9.860682168280393,9
3639300,9.874850232984128,7
3639308,9.864577710272009,8
3639318,9.796289426503789,10
3639322,9.93709530599666,4
3639335,9.71106117471918,13
3639339,9.94285186798298,4
3639344,9.90910505487031,5
3639352,9.82242821535595,8
3639362,9.777390188647626,10
3639368,9.894089182797739,6
3639376,9.862171979018607,8
3639394,9.657114156868573,18
3639402,9.845964109243045,8
3639408,9.905437948316822,6
3639419,9.777149875912283,11
3639426,9.883269323305377,7
3639432,9.885042859430454,6
3639439,9.843045544718034,7
3639448,9.818238748763491,9
3639456,9.865515132136958,8
3639464,9.867601134903534,8
3639471,9.880055865391173,7
3639474,9.9608729371933,3
3639485,9.769276445166183,11
3639493,9.855860120050787,8
3639500,9.863477310045011,7
3639501,10.0,1
3639507,9.901862215047451,6
3639513,9.915859944160445,6
3639527,9.670354728268965,14
3639533,9.889428562934407,6
3639534,10.0,1
3639547,9.688648459964178,13
3639651,-28.714926761618834,104
3639653,9.977323777010692,2
3639664,9.766754853364603,11
3639678,9.68639359942655,14
3639686,9.851494073816866,8
3639692,9.88866077445904,6
3639707,9.693887515759922,15
3639714,9.879745367585077,7
3639721,9.873833763820869,7
3639735,9.673411869220004,14
3639747,9.747863791044962,12
3639752,9.908291243840582,5
3639760,9.855930275697979,8
3639771,9.781672400597747,11
3639772,10.0,1
3639773,10.0,1
3639774,9.996197768124159,1
3639781,9.85866624760451,7
3639790,9.827047426858641,9
3639799,9.829777990840194,9
3639808,9.82816153137515,9
3639824,9.652098661215945,16
3639833,9.850110533351726,9
3639845,9.742330899868357,12
3639850,9.926810273937587,5
3639855,9.90302182091957,5
3639862,9.855388820849706,7
3639870,9.864726384761239,8
3639871,10.0,1
3639878,9.860347027817305,7
3639887,9.814359089565114,9
3639894,9.851861628775733,7
3639904,9.776411324178353,10
3639910,9.895035258385711,6
3639916,9.888551845439723,6
3639919,9.97006500906747,3
3639928,9.815311799141018,9
3639932,9.93546361322587,4
3639941,9.802220928502148,9
3639963,9.501164692065345,22
3639978,9.685630409501423,15
3639995,9.595974118199571,17
3640001,9.880132453698774,6
3640009,9.84498823986335,8
3640018,9.80623720708959,9
3640023,9.915835617108465,5
3640035,9.73302656283926,12
3640046,9.752693275719615,11
3640059,9.712269689207217,13
3640071,9.73902720617282,12
3640074,9.957770914984877,3
3640077,9.955269872885967,3
3640084,9.86092880439607,7
3640092,9.832200025196604,8
3640101,9.825659767287204,9
3640111,9.801773464394495,10
3640112,10.0,1
3640113,10.0,1
3640117,9.947973254421655,4
3640130,9.704135158155891,13
3640134,9.944381674579528,4
3640136,9.978351724619294,2
3640137,10.0,1
3640144,9.8833469931631,7
3640152,9.849316081700394,8
3640162,9.79602560191236,10
3640169,9.869125323024852,7
3640172,9.957955338112585,3
3640180,9.838317443610405,8
3640199,9.565894678777362,19
3640204,9.915968896682033,5
3640219,9.63166427652763,15
3640226,9.86985369440841,7
3640240,9.523545065041949,14
3640245,9.922546861898368,5
3640252,9.885769818421325,7
3640262,9.803856810976828,10
3640274,9.71294946972809,12
3640279,9.9096793413289,5
3640289,9.78625199370154,10
3640303,9.695979529890069,14
3640311,9.848509052500704,8
3640312,10.0,1
3640317,9.925738831108024,5
3640322,9.912198559465704,5
3640333,9.767675107679223,11
3640340,9.87691758086052,7
3640353,9.53256452298067,13
3640359,9.892482475742499,6
3640367,9.867825732875772,8
3640374,9.873329725911093,7
3640382,9.84208678526418,8
3640388,9.906217170679714,6
3640389,10.0,1
3640400,9.789180855998382,11
3640405,9.915382258832967,5
3640420,9.65486620143903,15
3640429,9.825826853499036,9
3640444,9.634034855241211,15
3640445,10.0,1
3640453,9.836088766892926,8
3640462,9.802118056529547,9
3640465,9.959899883957963,3
3640469,9.939841372506024,4
3640473,9.937039940342482,4
3640488,9.672945967640718,15
3640493,9.913450779412758,5
3640506,9.727785562534354,13
3640509,9.957656904469356,3
3640517,9.837458958663534,8
3640525,9.854755953889113,8
3640532,9.871108628677788,7
3640542,9.777314735204808,10
3640554,9.742945227974543,12
3640556,9.97013902053747,2
3640566,9.791418895418419,10
3640572,9.897330221361985,6
3640586,9.695312003874234,14
3640589,9.969428054092445,3
3640595,9.907971460610522,6
3640607,9.772674072083936,12
3640612,9.911895575106,5
3640617,9.909158961693066,5
3640618,9.993103231009538,1
3640624,9.906896732367352,6
3640625,10.0,1
3640645,9.556906040973166,20
3640656,9.77240181031405,11
3640673,9.610124529815597,17
3640683,9.688105468445407,10
3640685,9.97556759898981,2
3640687,9.984959756460164,2
3640691,9.950594546005469,4
3640700,9.81319397933902,9
3640709,9.846773766029953,9
3640714,9.90696280077613,5
3640715,10.0,1
3640718,9.966054465273306,3
3640729,9.757039829918057,11
3640735,9.90803716330583,6
3640740,9.928658727189362,5
3640742,9.978263768400145,2
3640754,9.747926692167944,12
3640763,9.816085057275517,9
3640772,9.816682502196768,9
3640785,9.702457680196785,13
3640796,9.764391395313103,11
3640809,9.715927121942622,13
3640812,9.9564331162673,3
3640817,9.936295627242572,5
3640823,9.892084466074653,6
3640833,9.722714978017047,10
3640842,9.813530775812193,9
3640853,9.770936737945858,11
3640866,9.7189693205328,13
3640878,9.709989122093933,12
3640890,9.75138565908312,12
3640893,9.971118143675671,3
3640896,9.96859870001788,3
3640907,9.737804828421227,11
3640920,9.705525007076343,13
3640932,9.725489381372393,12
3640943,9.740014522088245,11
3640955,9.735568664235744,12
3640959,9.94442881241314,4
3640976,9.61981190989129,17
3640985,9.79388491473873,9
3640997,9.747534955394727,12
3641001,9.947710556193528,4
3641009,9.828835106130246,8
3641015,9.88768472649988,6
3641016,9.98904379018157,1
3641024,9.841541134204098,8
3641030,9.904042976070613,6
3641034,9.923610552980502,4
3641045,9.792221654988362,11
3641054,9.848292596087356,9
3641060,9.892792007233314,6
3641067,9.865933126276824,7
3641075,9.849805874946327,8
3641079,9.953079806787635,4
3641082,9.950850499600984,3
3641096,9.67126098984181,14
3641102,9.916633934106713,6
3641114,9.801231604802505,12
3641115,10.0,1
3641130,9.315629417397114,15
3641142,9.53233237371177,12
3641159,9.617171522167089,17
3641164,9.915356947908236,5
3641166,9.78135702297353,2
3641171,9.709971874097047,5
3641181,9.78437183949021,10
3641182,10.0,1
3641193,9.760658374974431,11
3641205,9.778886177397013,12
3641218,9.6902627978165,13
3641230,9.778840159321323,12
3641231,10.0,1
3641235,9.937861409263881,4
3641236,10.0,1
3641249,9.704162169324047,13
3641263,9.703181196694215,14
3641270,9.861848745432061,7
3641271,10.0,1
3641280,9.842238909618064,9
3641289,9.840668499607007,9
3641300,9.781899613976394,11
3641312,9.750855044437253,12
3641326,9.476337555981408,14
3641341,9.655463397002745,15
3641343,9.970151515351342,2
3641349,9.890838556689141,6
3641354,9.917140526089204,5
3641358,9.923025630299632,4
3641369,9.67523797954029,11
3641373,9.925263815910663,4
3641391,9.576819629105291,18
3641404,9.736285261450014,13
3641410,9.894986023916852,6
3641411,10.0,1
3641428,9.651379729556664,17
3641438,9.79995947397558,10
3641451,9.774841800883248,13
3641463,9.763072661916246,12
3641464,10.0,1
3641472,9.836677321040108,8
3641484,9.762388388244919,12
3641492,9.871528602857301,8
3641500,9.838663416291858,8
3641507,9.879935635110943,7
3641515,9.870739077360215,8
3641522,9.885331693182295,7
3641534,9.753947636437,12
3641538,9.939737754702497,4
3641548,9.845459700690883,10
3641559,9.7755267325945,11
3641560,10.0,1
3641580,9.60483763538738,20
3641592,9.739313836106973,12
3641606,9.703906821600677,14
3641620,9.72002270756078,14
3641634,9.696177220386575,14
3641643,9.813324090629505,9
3641650,9.876968417420423,7
3641654,9.943125776456537,4
3641665,9.763079731889938,11
3641668,9.961398714787395,3
3641676,9.832573280712062,8
3641681,9.93345039493468,5
3641684,9.956534111424098,3
3641693,9.82382340794869,9
3641694,10.0,1
3641696,9.982124729407118,2
3641697,10.0,1
3641708,9.784706931190982,11
3641724,9.642068180419596,16
3641725,10.0,1
3641729,9.931901566287468,4
3641736,9.8699954319533,7
3641743,9.854676106919687,7
3641757,9.671207810105184,14
3641772,9.688468867675239,15
3641785,9.743487235925729,13
3641792,9.885828060468798,7
3641804,9.735719056920871,12
3641807,9.956495685004256,3
3641812,9.915195307250269,5
3641819,9.882937060257333,7
3641829,9.789024410559417,10
3641838,9.830997083931152,9
3641842,9.942250097861876,4
3641845,9.954412050329342,3
3641855,9.798115305521483,10
3641866,9.758036598519439,11
3641887,9.49443605650268,21
3641888,10.0,1
3641897,9.731131779799695,9
3641902,9.923959122437111,5
3641914,9.76110021153304,12
3641923,9.857973666374148,9
3641929,9.879698553236036,6
3641943,9.690467998746453,14
3641956,9.718383677390205,13
3641972,9.627601052005403,16
3641983,9.689905535795969,11
3641994,9.770020753472734,11
3641995,10.0,1
3642009,9.672789160376716,14
3642021,9.760076351930017,12
3642031,9.795915901163058,10
3642044,9.723245014757929,13
3642049,9.929187137587363,5
3642061,9.744916471007574,12
3642065,9.950080308595242,4
3642074,9.814549772596328,9
3642087,9.73226793108146,13
3642092,9.901499484665406,5
3642095,9.967197487428875,3
3642106,9.787060783703788,11
3642110,9.935333486204659,4
3642118,9.879187252172915,8
3642130,9.744813922445035,12
3642136,9.895798446332233,6
3642146,9.81170047532731,10
3642157,9.808091843886274,11
3642162,9.907976765252668,5
3642171,9.808195273138361,9
3642177,9.895599717018522,6
3642178,10.0,1
3642192,9.680618259388865,14
3642203,9.768147003013189,11
3642211,9.815500855705837,8
3642219,9.834303753331838,8
3642233,9.681910441877218,14
3642234,9.992693692888116,1
3642248,9.687535316667732,14
3642258,9.801978179590805,10
3642265,9.861398747035897,7
3642275,9.806733580357477,10
3642289,9.489424521601078,14
3642294,9.905341878720298,5
3642302,9.831884384206814,8
3642317,9.643409623021071,15
3642321,9.933718872180075,4
3642332,9.78751470324007,11
3642343,9.749479838423557,11
3642348,9.900075931852648,5
3642361,9.70685766257446,13
3642372,9.79438168699777,11
3642383,9.767876144467174,11
3642394,9.745169642281642,11
3642400,9.89590479935602,6
3642408,9.855427582996981,8
3642412,9.938834569812625,4
3642413,10.0,1
3642420,9.874926936735832,7
3642434,9.303309892856545,14
3642443,9.819658472663052,9
3642456,9.720125202660192,13
3642465,9.830510045174982,9
3642484,9.420627141517937,19
3642485,10.0,1
3642501,9.650245715039377,16
3642509,9.846437573395258,8
3642520,9.79768424049986,11
3642521,9.996266038511981,1
3642526,9.900425622755158,5
3642537,9.756677482331709,11
3642551,9.727488237548611,14
3642559,9.8233502920661,8
3642564,9.925587244304188,5
3642565,10.0,1
3642568,9.956947920506579,3
3642578,9.788696953720258,10
3642586,9.84097748129397,8
3642587,10.0,1
3642588,10.0,1
3642604,9.631075633858025,16
3642612,9.843718110157994,8
3642627,9.61407530065297,15
3642635,9.831918270082324,8
3642646,9.781452039374212,11
3642648,9.968725582104621,2
3642659,9.7507869108685,11
3642674,9.651095593460276,15
3642681,9.883577523777284,7
3642682,10.0,1
3642700,9.62342355690061,18
3642701,10.0,1
3642718,9.580688654623376,17
3642728,9.813347673994475,10
3642749,9.4840675498498,21
3642750,10.0,1
3642764,9.657613369811997,14
3642774,9.7960994735592,10
3642777,9.954703436874018,3
3642778,9.993043355811718,1
3642788,9.793044257049775,10
3642791,9.968673546335468,3
3642803,9.772390825920555,12
3642805,9.975157101975215,2
3642812,9.867928820331667,7
3642826,9.720570712885577,14
3642832,9.896877553026592,6
3642849,9.579687750181243,17
3642851,9.985150000741891,2
3642861,9.796087114516876,10
3642865,9.945844116037254,4
3642877,9.762579490902134,12
3642897,9.501715720395454,20
3642904,9.864715594911313,7
3642913,9.858237375692962,9
3642920,9.862213063299764,7
3642923,9.950657670150186,3
3642926,9.949519537235188,3
3642931,9.919111753810517,5
3642932,10.0,1
3642939,9.879930418803765,7
3642945,9.912368279172025,6
3642953,9.841245493676755,8
3642958,9.9208074468963,5
3642965,9.86675840336019,7
3642974,9.832801178785267,9
3642988,9.668006606861374,14
3642994,9.887363779441346,6
3643004,9.786017782226283,10
3643009,9.919066064923895,5
3643025,9.668182543853083,16
3643026,10.0,1
3643039,9.72687391300314,13
3643050,9.747783100938863,11
3643059,9.805242739905745,9
3643081,9.55609094070198,22
3643091,9.803747947339183,10
3643106,9.664055620333675,15
3643123,9.637186110060753,17
3643126,9.950950294180986,3
3643135,9.831337876301204,9
3643147,9.724488072373747,12
3643160,9.744601964428341,13
3643166,9.890342994715697,6
3643170,9.942000888799697,4
3643171,9.98819379177112,1
3643180,9.814278407889738,9
3643185,9.927276794764541,5
3643197,9.718991058729118,12
3643212,9.646518391305891,15
3643213,10.0,1
3643221,9.865863456716923,8
3643225,9.948710060390589,4
3643229,9.932921889163872,4
3643235,9.90219418911596,6
3643252,9.584995915873414,17
3643255,9.967891486050563,3
3643262,9.856741633546779,7
3643269,9.871635399789238,7
3643274,9.928995359401002,5
3643281,9.872459614929387,7
3643282,10.0,1
3643285,9.963079423496945,3
3643294,9.795389835052422,9
3643307,9.73441070891423,13
3643318,9.7595060539001,11
3643324,9.902053756927973,6
3643331,9.85330448856965,7
3643334,9.959597114609728,3
3643346,9.741593256944322,12
3643348,9.98267080389381,2
3643353,9.92523668934069,5
3643360,9.85741868066786,7
3643361,10.0,1
3643366,9.918621301610541,5
3643373,9.873453256179943,7
3643386,9.728815322503213,13
3643393,9.90436101529895,7
3643405,9.783992625366327,12
3643410,9.918248480236741,5
3643424,9.693373984854802,14
3643434,9.812850113798259,10
3643445,9.803948849368023,11
3643455,9.784827632011952,10
3643461,9.897485417750476,6
3643472,9.750477479617418,11
3643479,9.867917924072112,7
3643480,10.0,1
3643486,9.87226868614441,6
3643496,9.816810331464353,10
3643504,9.816464895414603,8
3643505,10.0,1
3643515,9.774673950069808,10
3643525,9.78271306624486,10
3643533,9.851553076306285,8
3643537,9.940592520776816,4
3643546,9.832607551204298,9
3643560,9.718945642993663,14
3643567,9.885179235366442,7
3643575,9.839497862074262,8
3643578,9.946479494851067,3
3643591,9.735892817028297,13
3643601,9.793618999514988,10
3643605,9.935031196226785,4
3643617,9.74218164859431,12
3643630,9.703273899148927,13
3643640,9.793254545835664,10
3643645,9.92415784597194,5
3643649,9.936560390970959,4
3643662,9.696126075311982,13
3643663,9.992746829825947,1
3643667,9.946116243931906,4
3643675,9.836418148146445,8
3643688,9.681029196260374,13
3643689,10.0,1
3643703,9.705321694577774,14
3643711,9.860233899496627,8
3643712,10.0,1
3643720,9.837050039526885,8
3643731,9.78043979968877,11
3643741,9.794859560339964,10
3643745,9.921810635856875,4
3643746,9.996573349953385,1
3643762,9.651300885291004,16
3643765,9.958967481267269,3
3643774,9.830086617378353,9
3643786,9.74149777563675,12
3643787,10.0,1
3643796,9.81489143391916,9
3643800,9.948816116184062,4
3643808,9.853238396948143,8
3643822,9.665550941470045,14
3643834,9.72628072262068,12
3643840,9.808584647565684,6
3643852,9.778206156294223,12
3643858,9.875467834660988,6
3643869,9.76522419546269,11
3643877,9.827597161339298,8
3643878,10.0,1
3643881,9.951103386107997,3
3643897,9.624679690211543,16
3643906,9.831026037890032,9
3643915,9.816805286504056,9
3643918,9.95911330356336,3
3643924,9.890763107731823,6
3643938,9.678856409378824,14
3643952,9.677209958332165,14
3643953,10.0,1
3643966,9.738837054849924,13
3643972,9.895363352481152,6
3643993,9.493817350539372,21
3644005,9.722995607317317,12
3644017,9.763094344184074,12
3644027,9.806717124285777,10
3644031,9.934790418660889,4
3644038,9.863187062151436,7
3644050,9.777118914559649,12
3644053,9.95183896935142,3
3644065,9.73266026013481,12
3644076,9.774270798646876,11
3644083,9.881411874882934,7
3644092,9.813489851581407,9
3644100,9.840135872902009,8
3644109,9.819012831215565,9
3644110,9.988712645249295,1
3644118,9.827088465853246,8
3644128,9.779273430131308,10
3644141,9.707830944030938,13
3644156,9.687356914499825,15
3644163,9.873946378630706,7
3644171,9.86102048219184,8
3644181,9.819333413372332,10
3644188,9.872046894518268,7
3644189,10.0,1
3644201,9.721495418733674,12
3644214,9.728196245301309,13
3644215,10.0,1
3644230,9.639366364393231,15
3644231,10.0,1
3644243,9.721807758245923,12
3644253,9.812097429716124,10
3644259,9.885042848530686,6
3644273,9.71399625416515,14
3644284,9.768678855659742,11
3644292,9.82182725847338,8
3644306,9.701782003761235,14
3644310,9.935451694799712,4
3644325,9.663907391041032,15
3644326,10.0,1
3644333,9.85660395625264,7
3644340,9.863503391035856,7
3644349,9.813437755549199,9
3644355,9.905516935448393,6
3644363,9.83347718076184,8
3644368,9.908540672762031,5
3644369,10.0,1
3644377,9.863177467582684,8
3644380,9.953043907075665,3
3644385,9.91985735168386,5
3644395,9.67251706276853,10
3644405,9.803896213029047,10
3644410,9.88935336810122,5
3644411,9.992813463733377,1
3644421,9.815535134377331,10
3644422,10.0,1
3644431,9.600575009788919,9
3644436,9.919472609379524,5
3644444,9.849414551472407,8
3644464,9.51141899787924,20
3644465,9.98908948304289,1
3644484,9.537727894306936,19
3644493,9.821948399937906,9
3644508,9.693262162866759,15
3644522,9.679215693845727,14
3644534,9.75045855510278,12
3644546,9.794397822041965,12
3644562,9.683666737766702,16
3644572,9.81302564296582,10
3644579,9.902396295358132,7
3644586,9.903902443616545,7
3644598,9.65313185241706,12
3644608,9.85202736380347,10
3644609,10.0,1
3644615,9.890440438075197,6
3644622,9.890195086465082,7
3644628,9.910490601602703,6
3644637,9.844003338238728,9
3644648,9.765105809599909,11
3644659,9.811755785450387,11
3644664,9.917206816949438,5
3644675,9.781113656184948,11
3644685,9.780893819312492,10
3644694,9.814088714728472,9
3644695,9.992077142298433,1
3644696,10.0,1
3644709,9.71550800569314,13
3644718,9.823907124678932,9
3644727,9.82579737601431,9
3644739,9.74386929655829,12
3644748,9.821512959633736,9
3644759,9.759453335874735,11
3644762,9.947335001746442,3
3644774,9.779377101687475,12
3644780,9.901285949725144,6
3644781,10.0,1
3644793,9.63687027046515,12
3644801,9.853942843345521,8
3644815,9.694667700278252,14
3644816,9.99653133909986,1
3644829,9.77241774930068,13
3644830,9.993021906183925,1
3644839,9.814611508408106,9
3644845,9.906117995343392,6
3644862,9.617351193002134,17
3644867,9.905377072524908,5
3644877,9.822196608632645,10
3644884,9.873283606989057,7
3644901,9.588434449118468,17
3644921,9.519319900520031,20
3644922,10.0,1
3644931,9.853833144128265,9
3644942,9.785190692741445,11
3644954,9.750270512667749,12
3644957,9.960107125557393,3
3644964,9.85438676509707,7
3644974,9.790947557934953,10
3644984,9.77153529354516,10
3644990,9.882844708800238,6
3644991,9.988579084120767,1
3644992,10.0,1
3644999,9.87170476844215,7
3645005,9.897333809679628,6
3645006,10.0,1
3645013,9.88463307455273,7
3645020,9.866063969912709,7
3645027,9.859304396508259,7
3645028,10.0,1
3645038,9.827279108906747,10
3645045,9.868875437111383,7
3645053,9.854433613155537,8
3645063,9.822302239570634,10
3645070,9.862748491254605,7
3645073,9.95511287617635,3
3645074,9.992201279835605,1
3645080,9.89275617255047,6
3645084,9.926235638445505,4
3645091,9.88175867892875,7
3645111,9.584962902119594,20
3645126,9.680421162961084,15
3645131,9.911993687175713,5
3645149,9.401287475924574,18
3645160,9.7643058093105,11
3645170,9.792268535126874,10
3645184,9.722039351832091,14
3645192,9.82263745306332,8
3645197,9.930969370572951,5
3645206,9.713457047541178,9
3645218,9.701111282339403,12
3645226,9.849251506312141,8
3645231,9.911249063868608,5
3645234,9.96109283033932,3
3645235,10.0,1
3645236,9.996233096260719,1
3645244,9.846512532460546,8
3645256,9.761576574411972,12
3645257,10.0,1
3645266,9.80852331195077,9
3645275,9.84813458026298,9
3645282,9.846915946579209,7
3645290,9.832956122008827,8
3645298,9.88367338696692,8
3645302,9.93446229333705,4
3645312,9.793634235788478,10
3645318,9.897213365304696,6
3645321,9.962632585909477,3
3645328,9.8782499867438,7
3645337,9.80582248587427,9
3645345,9.855807506783782,8
3645348,9.96043400618838,3
3645357,9.798220796431512,9
3645359,9.970816736189544,2
3645372,9.73527292642072,13
3645383,9.755069800450762,11
3645396,9.683944954102637,13
3645403,9.873864006753534,7
3645404,9.989062687831025,1
3645415,9.728086732543073,11
3645434,9.547418780486716,19
3645443,9.797311459367618,9
3645445,9.972715577551952,2
3645451,9.873273244850955,6
3645457,9.900019335655362,6
3645468,9.788150653989591,11
3645479,9.732306002181629,11
3645480,10.0,1
3645497,9.563071468227347,17
3645501,9.949877115324291,4
3645510,9.814346068709922,9
3645522,9.780716859008564,12
3645532,9.8112849795844,10
3645535,9.955012104946325,3
3645536,10.0,1
3645544,9.84339146925607,8
3645546,9.981639481118028,2
3645547,10.0,1
3645554,9.866822896171708,7
3645555,10.0,1
3645557,9.971404101967535,2
3645571,9.70756278876148,14
3645581,9.789403608724708,10
3645586,9.91354768841748,5
3645597,9.749945810285869,11
3645603,9.8961202975529,6
3645614,9.764257719411603,11
3645621,9.869408996625321,7
3645634,9.69819403055952,13
3645642,9.857906174377746,8
3645651,9.814401195106344,9
3645659,9.82601036466045,8
3645666,9.853529423688737,7
3645671,9.921245475884724,5
3645684,9.723372065988142,13
3645694,9.797016192286575,10
3645709,9.673579027140685,15
3645720,9.77045497497486,11
3645732,9.744554632466762,12
3645742,9.79286368790455,10
3645748,9.90669723437748,6
3645757,9.812786583392663,9
3645765,9.85574560196952,8
3645774,9.822733286681514,9
3645788,9.68351343151739,14
3645795,9.879482557827044,7
3645812,9.666287814925639,17
3645819,9.87373954448124,7
3645838,9.693222348208922,19
3645845,9.870780820620471,7
3645851,9.900986228149996,6
3645856,9.930838614300706,5
3645868,9.760047476964758,12
3645874,9.901335765796846,6
3645886,9.78845781079645,12
3645896,9.80771211723736,10
3645906,9.786408773717847,10
3645913,9.877644551167222,7
3645920,9.850425766777663,7
3645921,10.0,1
3645926,9.920106992977626,5
3645935,9.80591390183335,9
3645938,9.966436304951358,3
3645943,9.930712598713132,5
3645957,9.678588017161344,14
3645963,9.902036556014224,6
3645973,9.81111192342026,10
3645977,9.928411549414,4
3645990,9.711314359427476,13
3645998,9.849415823088986,8
3646016,9.615739369774944,18
3646021,9.91245500610218,5
3646032,9.772149304088021,11
3646045,9.719056859376936,13
3646061,9.683124970011683,16
3646063,9.98020418268005,2
3646072,9.721296326076958,9
3646086,9.687102582218216,14
3646095,9.812020775917025,9
3646106,9.796620096939513,11
3646119,9.710696973984604,13
3646128,9.870049238405343,9
3646139,9.781996929757508,11
3646150,9.746130645064543,11
3646154,9.931696790351445,4
3646166,9.717820888444502,12
3646178,9.70855187590536,12
3646187,9.841671800579952,9
3646193,9.89018162227067,6
3646197,9.944358059267703,4
3646210,9.758109386728295,13
3646223,9.714623636650813,13
3646240,9.581396349337309,17
3646245,9.813180060360173,5
3646252,9.867047121182374,7
3646262,9.748161399615256,10
3646276,9.714784445230903,14
3646277,9.992591735480714,1
3646278,10.0,1
3646285,9.891006411752317,7
3646286,10.0,1
3646293,9.865228580116,7
3646302,9.812811720470702,9
3646305,9.966048306792878,3
3646320,9.651471568740087,15
3646330,9.780654363427491,10
3646335,9.928454997286792,5
3646345,9.807554391231402,10
3646363,9.575766401275581,18
3646364,9.993085154886893,1
3646374,9.778877967036362,10
3646383,9.824988573166385,9
3646396,9.712774618032322,13
3646402,9.914847184727924,6
3646407,9.912155514674351,5
3646417,9.792972968468296,10
3646429,9.730888435774943,12
3646441,9.727912333755453,12
3646444,9.95220317589517,3
3646456,9.731143844801654,12
3646463,9.88025855466242,7
3646466,9.947359993206852,3
3646472,9.882295681234899,6
3646480,9.826112982021076,8
3646494,9.725197596921644,14
3646499,9.91010702713879,5
3646509,9.812387189231732,10
3646518,9.795433391381557,9
3646526,9.838826223825084,8
3646539,9.697750468724784,13
3646543,9.934928514906682,4
3646552,9.824399002426665,9
3646557,9.927178395434064,5
3646558,10.0,1
3646559,10.0,1
3646568,9.834438162886467,9
3646573,9.904311326401404,5
3646582,9.840837876683105,9
3646587,9.923353843743135,5
3646590,9.954636894382043,3
3646591,10.0,1
3646593,9.982034478711938,2
3646602,9.622490434004874,9
3646618,9.652460974339732,16
3646630,9.742164288366725,12
3646642,9.738730424459034,12
3646647,9.917244923746047,5
3646652,9.917975290030942,5
3646669,9.676972105044818,17
3646673,9.946398970297892,4
3646680,9.905389258905503,7
3646689,9.823837967706112,9
3646693,9.95378547589739,4
3646707,9.70021063350365,14
3646718,9.752613281830833,11
3646723,9.910542745851451,5
3646728,9.92680632316426,5
3646733,9.912884526483046,5
3646742,9.833684935345518,9
3646753,9.765846228941548,11
3646760,9.863598314911785,7
3646771,9.772387397175844,11
3646780,9.812789481048798,9
3646789,9.857941811197065,9
3646798,9.801744851032831,9
3646802,9.929677423018598,4
3646815,9.737585706190105,13
3646830,9.666652957427873,15
3646842,9.736929468018904,12
3646845,9.962873753913454,3
3646854,9.808953271114097,9
3646867,9.710433934060651,13
3646877,9.788905221842523,10
3646895,9.559996488146222,18
3646899,9.944598371805402,4
3646900,10.0,1
3646901,10.0,1
3646907,9.896550512528808,6
3646909,9.976726162597974,2
3646923,9.716906401531613,14
3646927,9.950417180294146,4
3646939,9.727118616403114,12
3646948,9.84984059439089,9
3646958,9.795049146186333,10
3646967,9.821346245393181,9
3646968,10.0,1
3646979,9.797369424358411,11
3646980,10.0,1
3646989,9.81717496650274,9
3646991,9.986040292957503,2
3647006,9.663401575029994,15
3647012,9.914075520107533,6
3647024,9.735961396907342,12
3647038,9.688229014119669,14
3647047,9.825517279561778,9
3647058,9.779544825240972,11
3647075,9.599563513309585,17
3647078,9.954645885301417,3
3647087,9.825984536309408,9
3647088,10.0,1
3647109,9.592123824247189,21
3647115,9.905451519830756,6
3647122,9.884450970265116,7
3647125,9.96387183177944,3
3647129,9.930360262603012,4
3647143,9.708300407835342,14
3647153,9.791652268913664,10
3647158,9.918220388963103,5
3647162,9.933625898937507,4
3647172,9.80088894005241,10
3647186,9.782584879909207,14
3647196,9.825380815183527,10
3647209,9.721314097748108,13
3647218,9.822475418958243,9
3647231,9.687878525607175,13
3647240,9.86139396107154,9
3647241,10.0,1
3647250,9.819856534815532,9
3647251,10.0,1
3647264,9.708716445175693,13
3647267,9.966017608874338,3
3647283,9.651141489118059,16
3647294,9.76621010719166,11
3647302,9.831470176625917,8
3647312,9.77102403279666,10
3647327,9.681719560694185,15
3647331,9.934413209443752,4
3647341,9.697568133163022,10
3647342,10.0,1
3647351,9.816877314576386,9
3647354,9.971288109108606,3
3647385,3.446391538885716,31
3647392,9.885466709325101,7
3647400,9.838440514160167,8
3647405,9.927115747102826,5
3647409,9.943906700586663,4
3647421,9.735203406926775,12
3647422,10.0,1
3647429,9.86893626307779,7
3647430,10.0,1
3647444,9.588589434939898,14
3647454,9.808688057819829,10
3647455,10.0,1
3647466,9.757982429076543,11
3647481,9.64000282833123,15
3647483,9.978691761200825,2
3647494,9.654421934737265,11
3647505,9.762254885457594,11
3647512,9.878274428229439,7
3647517,9.91809508003651,5
3647521,9.939015969079033,4
3647531,9.781799278411647,10
3647534,9.946216640034322,3
3647543,9.812977816119858,9
3647553,9.81052860888477,10
3647554,9.98892468355468,1
3647566,9.7385093648985,12
3647570,9.930145785572055,4
3647576,9.893331592412265,6
3647585,9.81853068207111,9
3647594,9.838901908822956,9
3647597,9.952478984302203,3
3647607,9.777019561072159,10
3647615,9.841358828399983,8
3647622,9.864595888268157,7
3647627,9.927508513717116,5
3647639,9.794100747724352,12
3647644,9.916025371368793,5
3647652,9.845678246990714,8
3647663,9.76910821583988,11
3647664,10.0,1
3647669,9.908117770347932,5
3647676,9.882288024186938,7
3647682,9.901944122263254,6
3647692,9.788619124219505,10
3647695,9.956882832503563,3
3647707,9.73110761661608,12
3647708,10.0,1
3647720,9.630762924381354,12
3647733,9.72545612876195,13
3647735,9.976949935527267,2
3647746,9.784771177869581,11
3647755,9.826228874004808,9
3647762,9.862652939259144,7
3647778,9.664507825130654,16
3647779,9.98878272747735,1
3647791,9.724864696413258,12
3647796,9.924783940575292,5
3647802,9.898710678890831,6
3647808,9.899518334298108,6
3647812,9.931785781263072,4
3647822,9.793689188921524,10
3647825,9.963013047461159,3
3647837,9.76543128389745,12
3647843,9.894070312415678,6
3647853,9.801101543010097,10
3647864,9.77359200800854,11
3647875,9.778902829669367,11
3647882,9.885878093079382,7
3647893,9.776096216341449,11
3647894,10.0,1
3647902,9.840354153074639,8
3647912,9.796001626124719,10
3647925,9.718233944170619,13
3647942,9.642480736207556,17
3647948,9.879195250391028,6
3647958,9.801277701056643,10
3647966,9.83748962380862,8
3647976,9.808194231142522,10
3647992,9.637846904690234,16
3648006,9.717530668509301,14
3648020,9.684995758620287,14
3648027,9.84485412752097,7
3648041,9.69138265748223,14
3648047,9.904498491352088,6
3648056,9.815103561713661,9
3648067,9.75342967372255,11
3648076,9.804712058636307,9
3648080,9.94610867014275,4
3648085,9.917353147755602,5
3648100,9.634842023273698,15
3648102,9.96908324706582,2
3648114,9.755590090823512,12
3648126,9.7544521812009,12
3648132,9.88619686045163,6
3648148,9.635618179687809,16
3648149,10.0,1
3648158,9.809217679237662,9
3648171,9.691734570496399,13
3648179,9.843723314932783,8
3648180,10.0,1
3648190,9.795621008050713,10
3648193,9.9537837600294,3
3648204,9.763944617368338,11
3648212,9.848916228220293,8
3648215,9.966310097629053,3
3648222,9.857405977440754,7
3648227,9.917388226072127,5
3648232,9.908420589488586,5
3648242,9.79727966004592,10
3648246,9.946342995101539,4
3648257,9.757874545261252,11
3648262,9.930713422207345,5
3648270,9.860088587744706,8
3648275,9.931428317416353,5
3648279,9.943822477144316,4
3648289,9.814941133940355,10
3648302,9.730154252988283,13
3648306,9.93876814026913,4
3648313,9.873287682955832,7
3648326,9.723536447370487,13
3648327,10.0,1
3648331,9.930734260751889,4
3648338,9.85705433061549,7
3648342,9.935884124762394,4
3648350,9.769659299935542,8
3648351,10.0,1
3648358,9.868377819535818,7
3648369,9.800568046417082,11
3648380,9.766502439925555,11
3648384,9.944871641760194,4
3648396,9.723717940817298,12
3648401,9.91239377915422,5
3648409,9.730879956351519,8
3648413,9.928074020607726,4
3648419,9.906398551708849,6
3648420,9.988726515441275,1
3648432,9.742548896292435,12
3648443,9.568362937780666,11
3648449,9.90525556355256,6
3648456,9.857605190289759,7
3648468,9.719214917693437,12
3648477,9.819302693318122,9
3648487,9.814800170737463,10
3648495,9.870644274254486,8
3648501,9.905746577848822,6
3648506,9.92832544188108,5
3648517,9.749889707746188,11
3648525,9.830275529348999,8
3648529,9.950858699555967,4
3648539,9.810167470763899,10
3648547,9.828669191225053,8
3648550,9.959720726638794,3
3648564,9.687815150478912,14
3648565,10.0,1
3648575,9.766292098291954,10
3648580,9.937009080103033,5
3648598,9.591264731522799,18
3648610,9.742224319204192,12
3648618,9.838820827536876,8
3648625,9.896720362208644,7
3648630,9.914509311490638,5
3648640,9.85649836422688,10
3648641,9.996242859273664,1
3648650,9.828069086363831,9
3648666,9.63813577351715,16
3648678,9.736823217848466,12
3648685,9.856587002083536,7
3648697,9.538169450645993,12
3648704,9.86289081728689,7
3648713,9.808556669391821,9
3648725,9.726804928194616,12
3648733,9.85370549663662,8
3648741,9.840842590143778,8
3648766,9.536752100997688,25
3648774,9.673024085224018,8
3648775,10.0,1
3648787,9.726932449030315,12
3648791,9.940474531387473,4
3648802,9.761519346248265,11
3648814,9.725792503072562,12
3648821,9.87579424968291,7
3648830,9.81722189444136,9
3648842,9.784832828263948,12
3648852,9.784361983144391,10
3648863,9.780271151739658,11
3648864,9.993170960274835,1
3648869,9.923763314034124,5
3648879,9.797987761911672,10
3648895,9.643939648122686,16
3648896,10.0,1
3648902,9.892935981023312,6
3648915,9.690514144514252,13
3648929,9.706165017274872,14
3648937,9.832476962058887,8
3648940,9.953529375280992,3
3648952,9.79177341414132,12
3648963,9.544038856256902,11
3648970,9.869910870719265,7
3648982,9.739940286690874,12
3648989,9.854414368692531,7
3648996,9.860874559463774,7
3649001,9.91654677423667,5
3649014,9.735744665860066,13
3649016,9.972202957431737,2
3649022,9.865952916297843,6
3649030,9.823138988167363,8
3649039,9.605518277071518,9
3649046,9.862175166252326,7
3649055,9.848186327382361,9
3649065,9.793168643065961,10
3649080,9.686573974461876,15
3649091,9.788386196083447,11
3649097,9.895496038404602,6
3649107,9.800636719809871,10
3649118,9.79222250583574,11
3649132,9.69965508282906,14
3649141,9.8351207388079,9
3649146,9.907556993915563,5
3649163,9.606793164255444,17
3649173,9.784317570307419,10
3649190,9.617281835637366,17
3649192,9.970492048617288,2
3649200,9.873328322261253,8
3649201,9.996408483522684,1
3649213,9.76811809139973,12
3649224,9.756440259331592,11
3649232,9.841461434060047,8
3649247,9.690351356202141,15
3649256,9.81855963926071,9
3649271,9.666651739864385,15
3649272,10.0,1
3649283,9.776325844646964,11
3649288,9.923365427564189,5
3649295,9.87780344108307,7
3649299,9.937657242668948,4
3649308,9.80975593258163,9
3649309,10.0,1
3649310,10.0,1
3649328,9.60584415603947,18
3649338,9.79396501813217,10
3649343,9.909300360918884,5
3649356,9.70968273360466,13
3649369,9.757356268469843,13
3649377,9.849136178590614,8
3649382,9.810195551570242,5
3649385,9.97100771794867,3
3649390,9.917344638293395,5
3649395,9.922779159138544,5
3649399,9.94779154184624,4
3649413,9.673805996109408,14
3649430,9.65473821132374,17
3649443,9.706892697308547,13
3649454,9.776186810405711,11
3649473,9.557602150147012,19
3649483,9.76750374667997,10
3649490,9.86415303466629,7
3649494,9.95080906306435,4
3649502,9.867841078407693,8
3649513,9.776193234187668,11
3649525,9.760218944024059,12
3649533,9.857760108829398,8
3649539,9.877840901874235,6
3649552,9.686839946339932,13
3649556,9.931982372098531,4
3649562,9.889192297862385,6
3649574,9.795768037225601,12
3649584,9.787918430256235,10
3649588,9.930966752499373,4
3649589,9.992157397595799,1
3649592,9.952475757366493,3
3649602,9.829912436003791,10
3649610,9.643535991833973,8
3649618,9.853406662131185,8
3649628,9.79849772823671,10
3649630,9.970699619805997,2
3649639,9.813458917322627,9
3649650,9.662923049407086,11
3649657,9.862728749061482,7
3649664,9.875918018928823,7
3649669,9.917346079306544,5
3649683,9.67402610534101,14
3649696,9.70109071432082,13
3649700,9.939568525498547,4
3649703,9.972310179550478,3
3649710,9.88466002192368,7
3649717,9.844634815531688,7
3649728,9.786116675391614,11
3649732,9.95114949323574,4
3649744,9.754657167892747,12
3649751,9.853413833092409,7
3649757,9.908515382399392,6
3649758,10.0,1
3649766,9.85241351200724,8
3649771,9.928732366994302,5
3649781,9.783272567634597,10
3649785,9.933108980476131,4
3649789,9.93887534285792,4
3649795,9.882480824488788,6
3649796,10.0,1
3649802,9.911468667431459,6
3649807,9.930388220205941,5
3649820,9.719841142791571,13
3649821,10.0,1
3649827,9.802809564844438,6
3649836,9.816549200148488,9
3649841,9.927580076741203,5
3649858,9.64898113266592,17
3649867,9.80251665038497,9
3649871,9.942846187942497,4
3649885,9.692549886469488,14
3649897,9.725720188360228,12
3649907,9.836772263728813,10
3649913,9.899264153556624,6
3649914,10.0,1
3649922,9.52970485240087,8
3649930,9.85207429675756,8
3649940,9.814639806364458,10
3649952,9.74908544697344,12
3649956,9.932617630314525,4
3649970,9.710100767817298,14
3649979,9.83985926149458,9
3649984,9.899832313768957,5
3649986,9.983402718108481,2
3649994,9.843846028595438,8
3649997,9.957290273355145,3
3649998,9.993213108341983,1
3650006,9.851778340927439,8
3650020,9.714925045151055,14
3650034,9.676879074457926,14
3650047,9.725810323560198,13
3650059,9.726791490406221,12
3650066,9.854514808709885,7
3650071,9.926387955683893,5
3650080,9.80577573611345,9
3650096,9.63084035544616,16
3650108,9.711444070479775,12
3650120,9.744652526157816,12
3650121,9.989279858488306,1
3650122,10.0,1
3650133,9.778753141193238,11
3650142,9.79330069612128,9
3650151,9.84190282743185,9
3650167,9.618555789978915,16
3650171,9.935813696034153,4
3650174,9.957385148588836,3
3650175,10.0,1
3650184,9.808792333158333,9
3650190,9.795208257617814,6
3650197,9.89464663335702,7
3650212,9.64991787633338,15
3650223,9.754143159714598,11
3650235,9.770417060073907,12
3650242,9.879197356055727,7
3650255,9.763870862649355,13
3650260,9.920264762360912,5
3650269,9.80061798068212,9
3650279,9.700800696338948,10
3650282,9.961131601626878,3
3650295,9.743275465096383,13
3650299,9.9500173536424,4
3650309,9.785118485161595,10
3650316,9.870650674120629,7
3650324,9.85455172444749,8
3650333,9.79076236319604,9
3650345,9.76276432043833,12
3650350,9.91485698954729,5
3650353,9.96294413815889,3
3650355,9.979764064776013,2
3650369,9.681763771627844,14
3650381,9.794198808533903,12
3650382,10.0,1
3650395,9.74036430172145,13
3650406,9.79860546357341,11
3650411,9.908325646565187,5
3650418,9.853672742905387,7
3650430,9.752807498375242,12
3650436,9.863147461564823,6
3650449,9.760994049022345,13
3650467,9.61346009632918,18
3650483,9.61350444140011,16
3650492,9.813729632945368,9
3650493,10.0,1
3650496,9.963804381213754,3
3650509,9.724956245661692,13
3650522,9.713658875327345,13
3650531,9.828465546113739,9
3650544,9.718883817677007,13
3650558,9.701128626506648,14
3650559,10.0,1
3650560,9.996324724839038,1
3650561,10.0,1
3650564,9.96643273074185,3
3650569,9.91579718807885,5
3650578,9.800166330876456,9
3650581,9.96073888893614,3
3650589,9.850931395485212,8
3650592,9.963664684255269,3
3650598,9.903156064182596,6
3650604,9.897384742071353,6
3650619,9.655309916970724,15
3650627,9.825456873824095,8
3650636,9.838731815842147,9
3650637,10.0,1
3650642,9.920891490586643,5
3650651,9.823756038691096,9
3650663,9.735158036403499,12
3650672,9.845487637202172,9
3650673,9.996646125936904,1
3650680,9.859298513656192,7
3650695,9.633687649594158,15
3650715,9.616390019894544,20
3650725,9.815352445606974,10
3650770,8.74810665993617,45
3650771,10.0,1
3650777,9.929747557382361,6
3650780,9.962156115006719,3
3650783,9.956761020043412,3
3650792,9.81587114299115,9
3650797,9.897128080445473,5
3650802,9.92057017223327,5
3650803,10.0,1
3650812,9.8059724692703,9
3650824,9.740044877915233,12
3650839,9.571544926325076,15
3650840,10.0,1
3650851,9.75833839907697,11
3650852,10.0,1
3650866,9.667295328157348,14
3650871,9.942513255326048,5
3650880,9.812216373324636,9
3650889,9.618483945293027,9
3650896,9.875925973023259,7
3650904,9.860718398719671,8
3650917,9.716351534778441,13
3650923,9.886576456580563,6
3650936,9.719533495137014,13
3650954,9.590780532910332,18
3650964,9.805179435767869,10
3650973,9.651614068433616,9
3650980,9.868180241713453,7
3650988,9.823940496152312,8
3651006,9.544958241502412,18
3651014,9.83635445531435,8
3651024,9.820262461388774,10
3651027,9.961454887536593,3
3651035,9.868879462789023,8
3651041,9.896714068628587,6
3651051,9.804139124515716,10
3651057,9.887532193402595,6
3651067,9.77746291095981,10
3651080,9.702536194617965,13
3651092,9.739425183610694,12
3651102,9.806568410778235,10
3651115,9.709371322140218,13
3651125,9.774457934224557,10
3651134,9.795627884366086,9
3651145,9.772195003140185,11
3651147,9.978760135387095,2
3651154,9.86558286216132,7
3651156,9.971088393172673,2
3651167,9.799982492456056,11
3651177,9.812352637407004,10
3651184,9.896731625453102,7
3651192,9.851891593125995,8
3651201,9.626811772435468,9
3651210,9.808167262941858,9
3651220,9.78103379290668,10
3651235,9.655519824853803,15
3651241,9.881171063876034,6
3651245,9.932483758410246,4
3651252,9.865838784363948,7
3651260,9.837888672773039,8
3651268,9.83007133918735,8
3651276,9.83530577784596,8
3651286,9.837751874694424,10
3651302,7.618902967604163,16
3651309,9.87573139454686,7
3651310,10.0,1
3651316,9.898124885884947,6
3651317,10.0,1
3651320,9.964733730619818,3
3651329,9.821482845384441,9
3651343,9.678085405397304,14
3651352,9.834297605838582,9
3651355,9.9671112526111,3
3651358,9.960589121653635,3
3651362,9.934384224275414,4
3651367,9.926249709363574,5
3651380,9.708993358904925,13
3651381,10.0,1
3651389,9.864905233280135,8
3651396,9.877173142945232,7
3651401,9.90998908439802,5
3651409,9.851170871777542,8
3651420,9.751413068116799,11
3651428,9.832213247195465,8
3651437,9.823983601268473,9
3651447,9.776533674548538,10
3651455,9.881515991274085,8
3651471,9.630705707351613,16
3651479,9.844119147496563,8
3651487,9.81737409699222,8
3651495,9.846201298135624,8
3651500,9.915474860134461,5
3651511,9.79028859440948,11
3651514,9.863749695259987,3
3651521,9.76342361245614,7
3651529,9.854051804983762,8
3651541,9.736869931133672,12
3651550,9.721863219155,9
3651583,9.415169878735094,33
3651587,9.948584644408326,4
3651595,9.851260987165256,8
3651602,9.868556784965236,7
3651609,9.86668298607832,7
3651612,9.959032852078161,3
3651621,9.828287504078961,9
3651637,9.643777112408243,16
3651646,9.84116850845248,9
3651659,9.753635605236429,13
3651661,9.976672539112663,2
3651666,9.921314113999749,5
3651685,9.59978039283951,19
3651696,9.781227556834624,11
3651711,9.663013703525932,15
3651723,9.711372912161684,12
3651732,9.818227150820347,9
3651744,9.728979949849364,12
3651748,9.9354277044528,4
3651755,9.880302217480716,7
3651767,9.558552261449925,12
3651780,9.707456440288405,13
3651787,9.89090386324941,7
3651795,9.865564842693699,8
3651802,9.890341839055333,7
3651803,10.0,1
3651804,10.0,1
3651815,9.766544860890534,11
3651826,9.779616313239117,11
3651827,10.0,1
3651837,9.799940647712841,10
3651838,10.0,1
3651849,9.808035018573165,11
3651861,9.747212765416403,12
3651866,9.910503201307327,5
3651867,10.0,1
3651873,9.889260598127713,6
3651874,10.0,1
3651880,9.884512737970752,6
3651883,9.963533139227467,3
3651884,10.0,1
3651887,9.965399920840923,3
3651897,9.827258767529369,10
3651907,9.805932740041456,10
3651921,9.686837913778119,14
3651922,10.0,1
3651929,9.890054717514538,7
3651942,9.704655896997977,13
3651961,9.564525821867557,19
3651966,9.91610776309764,5
3651977,9.784690517993846,11
3651985,9.84699058317392,8
3651991,9.895305109579741,6
3652002,9.773568821770708,11
3652007,9.937411989222102,5
3652027,9.554908844712099,20
3652035,9.854874749889383,8
3652045,9.832234247633577,10
3652049,9.929431967492087,4
3652050,9.98849549161551,1
3652062,9.743204539115096,12
3652070,9.863516361095703,8
3652079,9.82940414120859,9
3652080,9.996678172425616,1
3652086,9.893947386298038,6
3652095,9.827572433255753,9
3652105,9.792630395405713,10
3652115,9.777096141087986,10
3652123,9.848811337699765,8
3652133,9.798295545041432,10
3652143,9.834642996526625,10
3652147,9.946670894909209,4
3652149,9.972182376382657,2
3652155,9.90935032301454,6
3652160,9.925001987645267,5
3652161,10.0,1
3652173,9.747073607398914,12
3652182,9.848038319804353,9
3652190,9.849238106530159,8
3652200,9.813228045150506,10
3652209,9.802643443068431,9
3652214,9.923274723163997,5
3652222,9.867398158329625,8
3652234,9.727181520609028,12
3652248,9.693666121047084,14
3652254,9.905342114962458,6
3652267,9.715801158673736,13
3652274,9.859349029051048,7
3652282,9.847041173050311,8
3652297,9.681992459494086,15
3652308,9.7898568761762,11
3652313,9.92693417572946,5
3652320,9.860602840559196,7
3652328,9.835061642851441,8
3652342,9.704067078062101,14
3652355,9.696326094432315,13
3652356,10.0,1
3652364,9.842595845760872,8
3652365,9.996699157744432,1
3652372,9.872316047458726,7
3652385,9.715219622577342,13
3652397,9.73422583646295,12
3652408,9.744441721210677,11
3652412,9.950492459403597,4
3652421,9.812378233239945,9
3652434,9.684813175571882,13
3652435,10.0,1
3652445,9.805034827205173,10
3652460,9.650637071714728,15
3652466,9.88496097044835,6
3652467,10.0,1
3652480,9.70153598674291,13
3652486,9.899917052638042,6
3652492,9.904347323825547,6
3652499,9.855419125222053,7
3652513,9.693354678560251,14
3652514,9.99320947449887,1
3652524,9.795433523255415,10
3652526,9.976463448242011,2
3652532,9.882859683303959,6
3652540,9.836018828442436,8
3652553,9.73166314861774,13
3652562,9.844521492455256,9
3652571,9.81850291552093,9
3652579,9.837710183518563,8
3652594,9.534245588414734,15
3652612,9.584089855880546,18
3652622,9.812515850859933,10
3652639,9.639638862106374,17
3652651,9.756455513278123,12
3652658,9.870917143542467,7
3652677,9.592634518196082,19
3652680,9.96378801766254,3
3652687,9.872180578851221,7
3652702,9.745660719902979,15
3652710,9.863973912828214,8
3652728,9.586254994150767,18
3652738,9.786205106194926,10
3652742,9.93265391027872,4
3652749,9.868092411449418,7
3652768,9.375560325701738,19
3652785,9.642592585347467,17
3652786,10.0,1
3652787,10.0,1
3652797,9.793922684195227,10
3652814,9.649648874329754,17
3652820,9.86985582023066,6
3652827,9.879844872790445,7
3652833,9.893846114670168,6
3652838,9.924422828193505,5
3652853,9.69056334040313,15
3652865,9.74726050225351,12
3652866,10.0,1
3652873,9.858866146953266,7
3652882,9.812597832360266,9
3652900,9.579830223017906,18
3652910,9.78634366499164,10
3652915,9.901890341205563,5
3652916,10.0,1
3652925,9.82876717215721,9
3652935,9.80681700130395,10
3652942,9.887643823093011,7
3652959,9.617520660397341,17
3652965,9.879608290207061,6
3652969,9.942682440971774,4
3652977,9.851358387573706,8
3652990,9.724098316150823,13
3652991,10.0,1
3653000,9.820703165332196,9
3653009,9.816724390945105,9
3653020,9.740912549747456,11
3653036,9.615100626572328,16
3653045,9.80164639312063,9
3653046,10.0,1
3653051,9.911098843784236,5
3653057,9.881302556532294,6
3653065,9.840169426207005,8
3653071,9.903760279139602,6
3653082,9.778199188815496,11
3653096,9.709415332543703,14
3653109,9.744391620699083,13
3653121,9.743295603824507,12
3653122,10.0,1
3653131,9.829842852512172,9
3653137,9.884831942011768,6
3653139,9.985075989380979,2
3653149,9.856000771421906,10
3653152,9.952552888096337,3
3653155,9.962598061807562,3
3653169,9.659882775795058,14
3653180,9.76394636101575,11
3653187,9.863808933710132,7
3653190,9.95843193647951,3
3653198,9.864859514586263,8
3653205,9.861206143663829,7
3653209,9.943899392152407,4
3653222,9.7185921351853,13
3653230,9.849099202757616,8
3653231,9.996382967821013,1
3653242,9.77469400004783,11
3653247,9.92495996063141,5
3653251,9.931228794315702,4
3653257,9.891114980436365,6
3653259,9.971102018033429,2
3653278,9.531354188253225,19
3653291,9.71476633405952,13
3653303,9.731788676301667,12
3653314,9.762133949862077,11
3653324,9.782732029750946,10
3653334,9.808047494105338,10
3653342,9.84910070443775,8
3653354,9.732287981205223,12
3653368,9.496131786486064,14
3653375,9.871269731562501,7
3653387,9.731264320032967,12
3653391,9.947813424530212,4
3653400,9.830549773040579,9
3653411,9.782961725901687,11
3653462,-2.3571862798207572,51
3653464,9.973031622393753,2
3653465,10.0,1
3653466,10.0,1
3653484,9.606117210755412,18
3653489,9.928050515534846,5
3653510,9.523734301067588,21
3653511,10.0,1
3653525,9.694878052709742,14
3653530,9.920377667597343,5
3653533,9.96530520386771,3
3653542,9.840675827923903,9
3653555,9.6900781673921,13
3653571,9.6597361582613,16
3653579,9.853502463478046,8
3653588,9.83352994677453,9
3653600,9.73432450405139,12
3653608,9.811525342273638,8
3653619,9.780859089375213,11
3653626,9.884122026679465,7
3653634,9.842485184771833,8
3653645,9.826094007948964,11
3653657,9.766353183866094,12
3653664,9.875170835328774,7
3653665,10.0,1
3653679,9.699539438378528,14
3653691,9.773850187872693,12
3653697,9.919316151599997,6
3653706,9.826546452351565,9
3653707,10.0,1
3653725,9.552601428592869,18
3653733,9.866822815681578,8
3653737,9.924066324396705,4
3653745,9.833804542437967,8
3653756,9.768307163670451,11
3653757,10.0,1
3653773,9.618832167502465,16
3653783,9.770492743273568,10
3653793,9.805448416940708,10
3653795,9.982637206764355,2
3653803,9.820557310445281,8
3653809,9.888698686157541,6
3653810,10.0,1
3653819,9.830008562032019,9
3653821,9.980169513082178,2
3653825,9.930470847753178,4
3653834,9.80898909071198,9
3653848,9.662523107342777,14
3653853,9.93382436109932,5
3653857,9.93094138654835,4
3653867,9.778601894448112,10
3653868,9.996033290800101,1
3653884,9.61355755273341,16
3653890,9.903937511362109,6
3653899,9.818723730954575,9
3653926,9.478981271415376,27
3653937,9.757870239020464,11
3653947,9.781512386065794,10
3653956,9.854307699613331,9
3653969,9.732151353352396,13
3653982,9.715434370187495,13
3653989,9.882000900210967,7
3653990,9.988336750818709,1
3653997,9.865470884450392,7
3654010,9.741291658718238,13
3654019,9.839994062719473,9
3654020,10.0,1
3654025,9.902643770423337,5
3654035,9.803677736240306,10
3654038,9.961571277521653,3
3654048,9.81352576188225,10
3654057,9.819697580864755,9
3654063,9.903727259348706,6
3654072,9.79819063827301,9
3654076,9.933808482991267,4
3654093,9.622269064413628,17
3654101,9.824069728967507,8
3654103,9.985206125185996,2
3654113,9.81208014354586,10
3654122,9.846015382971997,9
3654131,9.80494699747072,9
3654135,9.93403144606807,4
3654136,10.0,1
3654141,9.922980599184124,5
3654143,9.984578579087094,2
3654144,9.99631871225035,1
3654146,9.97413712479123,2
3654159,9.732442101753254,13
3654170,9.786855872331829,11
3654173,9.971381597170376,3
3654177,9.949056796983063,4
3654179,9.97525026067894,2
3654185,9.893310491318703,6
3654189,9.926130407794329,4
3654195,9.888601388168706,6
3654205,9.811731033477711,10
3654213,9.865780530587248,8
3654225,9.759669545701675,12
3654228,9.956972577702524,3
3654234,9.920469326198345,6
3654240,9.893589658540622,6
3654247,9.883836223329206,7
3654257,9.799941306980337,10
3654268,9.744589951010001,11
3654279,9.766396103748258,11
3654284,9.91834636814576,5
3654295,9.788096798350796,11
3654303,9.852379477324323,8
3654306,9.955859745242728,3
3654315,9.831357845815537,9
3654321,9.913250427495738,6
3654329,9.849536102540887,8
3654338,9.829768081667584,9
3654342,9.931629377325153,4
3654354,9.766118749073515,12
3654364,9.768941247944039,10
3654375,9.790632770789394,11
3654381,9.879808493246372,6
3654395,9.667538380926414,14
3654400,9.90625544210607,5
3654406,9.89831500700873,6
3654416,9.798960188709655,10
3654424,9.83844277702828,8
3654430,9.890102965215828,6
3654441,9.751001529520172,11
3654442,9.98943400793389,1
3654443,10.0,1
3654445,9.97380044301992,2
3654454,9.792138482312014,9
3654464,9.78107753142937,10
3654477,9.71165633660551,13
3654480,9.956201958095281,3
3654481,10.0,1
3654491,9.78912585931892,10
3654498,9.85533018797573,7
3654516,9.545951595418959,18
3654526,9.788760823287108,10
3654538,9.722449953530823,12
3654548,9.849391522232505,10
3654551,9.958902022930657,3
3654554,9.970580750801636,3
3654569,9.70036747520036,15
3654572,9.961000642133419,3
3654581,9.840990560454973,9
3654589,9.863995780852557,8
3654599,9.815707860128118,10
3654608,9.849527814170754,9
3654625,9.56090591104807,17
3654632,9.879027096603464,7
3654641,9.841354599168156,9
3654642,10.0,1
3654647,9.93394309132571,5
3654653,9.907832399828091,6
3654667,9.69496322941029,14
3654679,9.717828075403858,12
3654691,9.522047966769785,12
3654693,9.981416501967216,2
3654694,10.0,1
3654703,9.816978757718614,9
3654713,9.773952807652247,10
3654718,9.92066510331085,5
3654719,10.0,1
3654720,10.0,1
3654743,9.452075735126327,23
3654755,9.73971633219642,12
3654763,9.847224974154186,8
3654780,9.579128980347074,17
3654793,9.709579404673093,13
3654804,9.804937444971781,11
3654810,9.889143952053256,6
3654811,10.0,1
3654822,9.766408759008428,11
3654824,9.972352499161229,2
3654831,9.881083008893988,7
3654843,9.737017447996177,12
3654852,9.82327679763941,9
3654864,9.742867841103417,12
3654871,9.862347196914202,7
3654881,9.789672415859672,10
3654896,9.676918063453538,15
3654902,9.90337503793487,6
3654911,9.804466059657715,9
3654919,9.828337851754835,8
3654923,9.928675253945041,4
3654932,9.8234963704609,9
3654936,9.949172383349437,4
3654941,9.908861769219396,5
3654955,9.69067266231872,14
3654960,9.834628032360863,5
3654979,9.676885449734998,19
3654985,9.89944317231344,6
3654990,9.908764047745878,5
3654996,9.913428749093123,6
3655001,9.935880561668496,5
3655012,9.786751832897204,11
3655033,9.403742648529258,21
3655533,-9.400116938189814,500
3655541,9.854884286961521,8
3655555,9.69312118484553,14
3655556,10.0,1
3655562,9.912185262356896,6
3655574,9.735529565029978,12
3655586,9.73749558249125,12
3655594,9.859204065538918,8
3655602,9.86704865420268,8
3655613,9.763382869136352,11
3655621,9.861296429241728,8
3655628,9.878474937265986,7
3655643,9.679305889522078,15
3655651,9.870152993903366,8
3655665,9.70031028651287,14
3655674,9.810866796570915,9
3655689,9.655316541325302,15
3655697,9.844182953290566,8
3655720,9.411297014463957,23
3655721,10.0,1
3655728,9.885723424189713,7
3655736,9.819170003894786,8
3655748,9.735504130861802,12
3655761,9.740751104375786,13
3655763,9.967917454187333,2
3655770,9.880677680077637,7
3655773,9.867534322457997,3
3655792,9.188167218496892,19
3655819,9.562718306548545,27
3655827,9.854978911175628,8
3655840,9.68158977225789,13
3655856,9.612215700799856,16
3655867,9.56008613131859,11
3655870,9.957965106208468,3
3655877,9.86718091366853,7
3655892,9.708810253822936,15
3655901,9.827156254535653,9
3655908,9.85252646138122,7
3655909,10.0,1
3655920,9.758893754779008,11
3655922,9.97505235225376,2
3655926,9.942945081726215,4
3655940,9.68517709069024,14
3655956,9.608783418999451,16
3655962,9.896381803854151,6
3655974,9.75116138568377,12
3655975,10.0,1
3655988,9.716486032133314,13
3656004,9.656371921308246,16
3656012,9.874706620308759,8
3656014,9.974972871846834,2
3656027,9.698505733375313,13
3656035,9.837005294120418,8
3656042,9.844594106372574,7
3656056,9.725089991364381,14
3656066,9.784664510484152,10
3656077,9.763167862936456,11
3656094,9.620803966477764,17
3656098,9.94581621162444,4
3656108,9.805336315663478,10
3656118,9.811718059383503,10
3656132,9.711239544727672,14
3656144,9.759363834977913,12
3656159,9.693525184654977,15
3656161,9.9734200567055,2
3656169,9.875506649043597,8
3656179,9.824646116371218,10
3656183,9.948652460892905,4
3656196,9.745434736561748,13
3656211,9.682881076430645,15
3656219,9.832896969562508,8
3656226,9.87819889549121,7
3656232,9.903970404863935,6
3656233,9.996394566024206,1
3656244,9.746173360267813,11
3656251,9.880109557602786,7
3656263,9.719217608764286,12
3656267,9.934617646453834,4
3656273,9.897886721062786,6
3656283,9.778409053710842,10
3656293,9.774092936830797,10
3656308,9.691349680562215,15
3656322,9.729855803352315,14
3656331,9.833268056766435,9
3656336,9.915568116410958,5
3656343,9.858685274680035,7
3656358,9.682435358557123,15
3656363,9.896503144420722,5
3656375,9.738813677137001,12
3656391,7.9748416535395386,16
3656400,9.627175372440828,9
3656408,9.836443841346746,8
3656411,9.964734355857018,3
3656416,9.926851323667147,5
3656420,9.936995794507226,4
3656427,9.869335034457146,7
3656431,9.93638556944545,4
3656440,9.81509530747999,9
3656441,10.0,1
3656450,9.814776079999405,9
3656456,9.893304688170929,6
3656471,9.665553064739155,15
3656481,9.7823296565602,10
3656482,10.0,1
3656483,9.996502639705144,1
3656492,9.831786558381204,9
3656498,9.910876228624986,6
3656506,9.848323312002035,8
3656519,9.71535827210323,13
3656525,9.882945038619166,6
3656528,9.968466809537198,3
3656534,9.903789732006826,6
3656538,9.939886638851878,4
3656539,10.0,1
3656542,9.961480490714393,3
3656556,9.699369697676334,14
3656561,9.927299381866495,5
3656570,9.822171623732656,9
3656571,10.0,1
3656580,9.819353562367455,9
3656586,9.885890222403127,6
3656590,9.938609428084357,4
3656601,9.768980062440301,11
3656603,9.981651643372365,2
3656611,9.865644444480118,8
3656618,9.880141700664353,7
3656623,9.931074618828347,5
3656631,9.847701010877813,8
3656640,9.804979827848003,9
3656641,9.99276741317065,1
3656647,9.898358397293842,6
3656656,9.824413963072965,9
3656657,9.992412111181944,1
3656664,9.868210492370888,7
3656674,9.788003206883527,10
3656685,9.79046879498574,11
3656699,9.67910217732461,14
3656702,9.965997588650305,3
3656711,9.843759034747059,9
3656717,9.889413878866819,6
3656723,9.911084205851864,6
3656724,10.0,1
3656728,9.936035192962173,4
3656734,9.909960301091946,6
3656741,9.87077650129496,7
3656754,9.712827504953454,13
3656766,9.725117421550145,12
3656769,9.969153512408123,3
3656773,9.931414514816503,4
3656778,9.927384225740202,5
3656786,9.846816673285451,8
3656798,9.745518530673609,12
3656805,9.856260801061618,7
3656817,9.731036413282325,12
3656824,9.860363238271827,7
3656831,9.867746674503977,7
3656846,9.671093612237433,15
3656850,9.946653985587886,4
3656861,9.7748093399179,11
3656873,9.748178683946282,12
3656874,10.0,1
3656875,10.0,1
3656884,9.835081986785132,9
3656895,9.771705403554133,11
3656903,9.844437068339042,8
3656912,9.839892929993665,9
3656918,9.901499364788481,6
3656929,9.570345989638875,11
3656937,9.855455735215124,8
3656938,10.0,1
3656941,9.96523032449724,3
3656947,9.89269222610938,6
3656954,9.871058901287094,7
3656967,9.703589974936683,13
3656972,9.915322866087223,5
3656983,9.784667052450716,11
3656993,9.784123689003817,10
3656996,9.964366355069469,3
3657006,9.801439574786217,10
3657013,9.883022911510233,7
3657014,10.0,1
3657015,10.0,1
3657026,9.781841741582973,11
3657038,9.74018077084795,12
3657045,9.891338952578593,7
3657057,9.521173601192626,12
3657060,9.965332792265723,3
3657068,9.873501187705827,8
3657079,9.761202705628627,11
3657084,9.926364046294612,5
3657096,9.735665443645836,12
3657104,9.828668460331286,8
3657121,9.63631183281818,17
3657142,9.380710387289248,21
3657152,9.80501977107012,10
3657156,9.928303825554233,4
3657161,9.92465807297496,5
3657171,9.776912500282616,10
3657182,9.746291266520343,11
3657185,9.964309464220465,3
3657195,9.798014458880276,10
3657205,9.786416500608594,10
3657206,10.0,1
3657207,9.996715482329238,1
3657210,9.960288570193889,3
3657213,9.956601934626274,3
3657227,9.72705676374823,14
3657240,9.740314026619048,13
3657244,9.939002293159541,4
3657249,9.928529925131517,5
3657261,9.739582214981462,12
3657273,9.722380834196843,12
3657276,9.960863631099818,3
3657279,9.956243193727342,3
3657299,9.493740604457134,20
3657303,9.937045479869074,4
3657311,9.849314609332305,8
3657323,9.747427000290562,12
3657324,10.0,1
3657339,9.675825333715002,15
3657347,9.839182262055836,8
3657358,9.767639148026424,11
3657365,9.8827637705072,7
3657378,9.70465617391236,13
3657379,9.99604120274131,1
3657380,10.0,1
3657390,9.789393208725038,10
3657403,9.706050203722853,13
3657410,9.661860929455475,7
3657421,9.769735372933871,11
3657429,9.85296483318522,8
3657437,9.814115669284714,8
3657441,9.938705080969235,4
3657443,9.968561670032203,2
3657444,10.0,1
3657448,9.946712022523192,4
3657457,9.727488536652398,9
3657469,9.734266218496083,12
3657481,9.760302892667088,12
3657491,9.76406700166288,10
3657502,9.78080824607639,11
3657506,9.931725280859258,4
3657507,10.0,1
3657512,9.90647739938964,5
3657523,9.779309597657063,11
3657533,9.799383216056286,10
3657534,10.0,1
3657535,9.992359060343096,1
3657540,9.904718347428396,5
3657541,10.0,1
3657557,9.634136527997242,16
3657567,9.783560285233731,10
3657576,9.807958323977248,9
3657584,9.849081781220603,8
3657594,9.809541631998002,10
3657604,9.785765816980959,10
3657609,9.921559335354704,5
3657610,9.99643212408345,1
3657611,10.0,1
3657622,9.773981800700598,11
3657639,9.583333337357372,17
3657645,9.908788261569722,6
3657646,10.0,1
3657651,9.906465438352761,5
3657657,9.901389802733984,6
3657667,9.776399996788461,10
3657669,9.971825971005943,2
3657675,9.898132462243407,6
3657688,9.716780521304488,13
3657692,9.929568882821163,4
3657704,9.724435542769504,12
3657710,9.902977422916699,6
3657713,9.961028935254454,3
3657728,9.658635450596138,15
3657731,9.958495982629314,3
3657740,9.858052560094016,9
3657743,9.954145305284966,3
3657749,9.898714241005408,6
3657756,9.768113930629005,7
3657760,9.848815853775779,4
3657770,9.783947627497863,10
3657779,9.828771947747118,9
3657780,10.0,1
3657785,9.902754813538621,5
3657799,9.66781886961442,14
3657810,9.760363191366604,11
3657818,9.839787773409189,8
3657823,9.920606961032494,5
3657838,9.639258497125018,15
3657841,9.96638111926185,3
3657850,9.825227578690743,9
3657864,9.673436665370774,14
3657876,9.758995084040235,12
3657879,9.969240180548995,3
3657887,9.842765903908473,8
3657888,10.0,1
3657896,9.843381550917902,8
3657903,9.869286799263946,7
3657910,9.863430411130668,7
3657919,9.858102816046392,9
3657931,9.754358861803874,12
3657936,9.90800907295593,5
3657941,9.9324604115931,5
3657951,9.787269066922835,10
3657957,9.888080701041499,6
3657965,9.84361379878567,8
3657966,10.0,1
3657972,9.901863167318748,6
3657981,9.805262674500025,9
3657985,9.930336101295604,4
3657989,9.932927110219833,4
3658003,9.694168121952936,14
3658012,9.816287067480053,9
3658028,9.684240467468015,16
3658034,9.883687776760864,6
3658041,9.857128685426858,7
3658051,9.805933816677474,10
3658054,9.96796961607953,3
3658064,9.784070522581429,10
3658082,9.608324720226483,18
3658094,9.609298910418449,12
3658101,9.858252875310868,7
3658108,9.851196485295443,7
3658121,9.72559556953048,13
3658129,9.876245490592272,8
3658135,9.89080195538254,6
3658141,9.905468397820728,6
3658147,9.888080863378248,6
3658148,10.0,1
3658150,9.983574167718654,2
3658164,9.691246704714317,14
3658165,10.0,1
3658174,9.81891075217416,9
3658187,9.707494231249006,13
3658198,9.786388945302193,11
3658202,9.92400238208743,4
3658207,9.91093505074275,5
3658219,9.753357270832225,12
3658223,9.927041571807608,4
3658233,9.808559230005304,10
3658243,9.784299405259716,10
3658249,9.899401360378624,6
3658252,9.962997664576461,3
3658263,9.767116409613246,11
3658270,9.8669030859122,7
3658277,9.879699017451417,7
3658286,9.813015649105111,9
3658295,9.842605511399041,9
3658304,9.824878782069584,9
3658315,9.777504176275231,11
3658318,9.966170676486726,3
3658320,9.978758494910162,2
3658326,9.899583894350538,6
3658339,9.733109459185162,13
3658348,9.81084938617411,9
3658354,9.909500709787784,6
3658367,9.696941063134034,13
3658379,9.756992175198526,12
3658393,9.700620478902445,14
3658403,9.799658027079222,10
3658406,9.958089186062125,3
3658419,9.713803889054788,13
3658436,9.611811844993758,17
3658450,9.67830759143282,14
3658457,9.857260926573526,7
3658467,9.79669886498869,10
3658469,9.978397875760088,2
3658484,9.627007243479763,15
3658493,9.808923929867772,9
3658500,9.869892784841069,7
3658509,9.79154987255121,9
3658520,9.780401811449805,11
3658529,9.825283940658979,9
3658538,9.821202246485964,9
3658544,9.885059208954274,6
3658566,9.447243560298295,22
3658581,9.682766741260805,15
3658582,10.0,1
3658588,9.90801913598157,6
3658599,9.776937148872447,11
3658611,9.79501790843818,12
3658622,9.657981073722627,11
3658627,9.919984448919987,5
3658642,9.716298105308796,15
3658656,9.660086313890416,14
3658664,9.862745856811555,8
3658665,10.0,1
3658666,10.0,1
3658667,10.0,1
3658676,9.815293595007383,9
3658681,9.921231269907478,5
3658688,9.874409905346647,7
3658694,9.920659070743799,6
3658701,9.89340920319158,7
3658714,9.699245224704187,13
3658726,9.737748034425273,12
3658727,10.0,1
3658733,9.80841393162099,6
3658737,9.943215129258585,4
3658741,9.953861000125334,4
3658744,9.964370153668105,3
3658760,9.634236070399522,16
3658761,10.0,1
3658765,9.932531516625586,4
3658770,9.916032462830596,5
3658778,9.829990727555337,8
3658784,9.898253749760327,6
3658789,9.920957126036573,5
3658795,9.912563855292964,6
3658806,9.773932268483524,11
3658815,9.81349429944121,9
3658826,9.597523709295235,11
3658834,9.862402501706478,8
3658848,9.70448831326868,14
3658858,9.80081354333628,10
3658869,9.743544333456963,11
3658870,10.0,1
3658881,9.8035425800862,11
3658885,9.933535203448864,4
3658897,9.729016937986557,12
3658904,9.871657551032348,7
3658912,9.873425874973352,8
3658918,9.887692854138232,6
3658919,10.0,1
3658927,9.849674362870132,8
3658933,9.917120668500296,6
3658944,9.75615426797805,11
3658945,10.0,1
3658949,9.939196798288572,4
3658960,9.761724420525631,11
3658961,10.0,1
3658971,9.701502011998967,10
3658974,9.958745145386853,3
3658989,9.677871338852581,15
3658995,9.893591787673891,6
3659004,9.809566674925295,9
3659010,9.894268043963601,6
3659026,9.636764850487735,16
3659030,9.838675096693517,4
3659038,9.825195102333195,8
3659047,9.825404656602972,9
3659050,9.961606762465046,3
3659059,9.82208398946191,9
3659064,9.934386620566665,5
3659066,9.97067655907465,2
3659077,9.778847862928567,11
3659092,9.654029530466437,15
3659104,9.74151999024546,12
3659118,9.673411232705945,14
3659119,10.0,1
3659130,9.776720850290952,11
3659131,10.0,1
3659153,9.513508005882526,22
3659168,9.651489869196727,15
3659172,9.935636600840791,4
3659176,9.939804695198667,4
3659183,9.860459234004228,7
3659184,10.0,1
3659197,9.629521622166823,13
3659200,9.950805452563898,3
3659214,9.694641848410015,14
3659215,10.0,1
3659223,9.841143871792488,8
3659226,9.955684177762155,3
3659249,9.502885126237961,23
3659255,9.890220165564436,6
3659256,10.0,1
3659259,9.964816399347413,3
3659270,9.784926574267569,11
3659284,9.670335468542154,14
3659292,9.866557173882368,8
3659298,9.886944270930984,6
3659302,9.947287598264744,4
3659306,9.933904532467626,4
3659321,9.663054681031541,15
3659328,9.872883420390568,7
3659341,9.715874751168979,13
3659352,9.747834276686351,11
3659372,9.607307231912902,20
3659379,9.869480060542935,7
3659385,9.875626852226196,6
3659391,9.89139360323487,6
3659397,9.905384859994054,6
3659402,9.936355896601356,5
3659417,9.655496198472177,15
3659424,9.871898359385389,7
3659436,9.732620234270515,12
3659450,9.717689110611985,14
3659458,9.850400853003347,8
3659459,10.0,1
3659460,10.0,1
3659461,10.0,1
3659468,9.876026058544069,7
3659478,9.77107562513848,10
3659479,10.0,1
3659480,10.0,1
3659489,9.827131057212007,9
3659490,10.0,1
3659495,9.899517122669764,5
3659498,9.95595326097518,3
3659509,9.754744343091964,11
3659526,9.618661547006619,17
3659535,9.8583552505721,9
3659540,9.901668311414554,5
3659547,9.883266973076177,7
3659553,9.882291526417234,6
3659562,9.831982590233132,9
3659570,9.839992228168022,8
3659589,9.609205669565306,19
3659594,9.926364025769082,5
3659601,9.890124461472398,7
3659602,10.0,1
3659616,9.708982432316173,14
3659621,9.925841298571658,5
3659627,9.903579071138264,6
3659644,9.690190932585866,17
3659656,9.336861513146673,12
3659664,9.849219966439884,8
3659669,9.908625183624258,5
3659676,9.869278054986365,7
3659694,8.757642734613892,18
3659706,9.422111061628668,12
3659709,9.964429281775894,3
3659714,9.911822035331157,5
3659715,10.0,1
3659721,9.880323386974911,6
3659733,9.732304695099092,12
3659744,9.754284016639929,11
3659749,9.933206588303447,5
3659750,10.0,1
3659760,9.79339234550832,10
3659772,9.756688621594423,12
3659776,9.938845370987824,4
3659784,9.667751762149212,8
3659791,9.868703906350783,7
3659797,9.882588309694535,6
3659810,9.700927283812705,13
3659821,9.780354094396897,11
3659827,9.892447599285322,6
3659835,9.854555555281086,8
3659840,9.930312880860317,5
3659846,9.899957473021676,6
3659851,9.908938883513194,5
3659862,9.739945556663741,11
3659874,9.737199751489019,12
3659888,9.68936874299535,14
3659907,9.57732751207823,19
3659913,9.891780605656862,6
3659922,9.803642228506089,9
3659935,9.739963690932177,13
3659944,9.829742530522637,9
3659954,9.764737833077334,10
3659959,9.924430888628468,5
3659972,9.707896072698919,13
3659975,9.956526395072515,3
3659982,9.869610268443374,7
3659995,9.695007985768163,13
3660013,9.570813637194888,18
3660022,9.818138873365312,9
3660037,9.673310700847656,15
3660042,9.915448532578736,5
3660043,10.0,1
3660048,9.927658996742537,5
3660051,9.964994031344702,3
3660057,9.893023162344113,6
3660058,9.996684371318361,1
3660064,9.882852678119306,6
3660069,9.90522296389913,5
3660078,9.838883837054961,9
3660079,10.0,1
3660087,9.855106039280399,8
3660091,9.94358453724715,4
3660097,9.899868523573017,6
3660111,9.675619544751717,14
3660120,9.849665614881616,9
3660135,9.670607344800588,15
3660136,10.0,1
3660147,9.777146119227957,11
3660156,9.816962485415724,9
3660163,9.877623524495293,7
3660169,9.910545643080283,6
3660172,9.950085496833248,3
3660176,9.928873865689834,4
3660181,9.918802051406212,5
3660196,9.703230272937873,15
3660207,9.783747579816719,11
3660212,9.925412443856882,5
3660216,9.951040657371438,4
3660229,9.717206819564105,13
3660241,9.712774047379416,12
3660249,9.866728869576075,8
3660266,9.542955156868306,17
3660276,9.792603306336101,10
3660286,9.794912402858461,10
3660295,9.811524751769113,9
3660304,9.826697450072672,9
3660315,9.776477672357041,11
3660328,9.69107018398489,13
3660334,9.889002617378564,6
3660342,9.855895653115429,8
3660347,9.93832354566067,5
3660353,9.901257990543119,6
3660363,9.808947562139716,10
3660369,9.910400017238567,6
3660375,9.887510735803357,6
3660376,10.0,1
3660383,9.8615250236468,7
3660404,9.557228818173705,21
3660411,9.882640069674718,7
3660419,9.845814679078593,8
3660431,9.716500045051806,12
3660437,9.901294792277145,6
3660448,9.797263202509713,11
3660451,9.961551018099918,3
3660463,9.73468461439971,12
3660476,9.698921976650444,13
3660490,9.699091487207507,14
3660498,9.856309353288571,8
3660500,9.984045702946998,2
3660517,9.650763996218462,17
3660528,9.757665362617479,11
3660535,9.867795318356592,7
3660544,9.832059243620481,9
3660552,9.825567064665728,8
3660561,9.81753960698986,9
3660570,9.822940291402904,9
3660577,9.865463077993104,7
3660586,9.79362655045519,9
3660591,9.906662284548611,5
3660608,9.595400275864906,17
3660614,9.898081439980599,6
3660618,9.931137908194101,4
3660623,9.923455883849256,5
3660632,9.614300824568344,9
3660635,9.95992841250626,3
3660641,9.89686066299735,6
3660653,9.751698103971984,12
3660654,10.0,1
3660659,9.917975584353341,5
3660671,9.750824926882407,12
3660677,9.899030305574817,6
3660690,9.702468387523593,13
3660698,9.843043754109262,8
3660704,9.907907918771695,6
3660720,9.671819245085297,16
3660728,9.835125587039343,8
3660738,9.791494897328159,10
3660743,9.90728865373162,5
3660753,9.790990694597653,10
3660757,9.941426191911418,4
3660763,9.904478757201852,6
3660768,9.927152738113067,5
3660769,10.0,1
3660783,9.664546630378716,14
3660795,9.749561189981753,12
3660797,9.978646676736295,2
3660803,9.893935473047065,6
3660808,9.915779900602285,5
3660820,9.74738031417406,12
3660829,9.844524480584019,9
3660839,9.772899141640993,10
3660848,9.813608122167505,9
3660860,9.77471718368688,12
3660871,9.804846493378031,11
3660877,9.879346404797525,6
3660892,9.555417618487366,15
3660902,9.789706091110368,10
3660903,9.996657241246112,1
3660917,9.739762623397956,14
3660926,9.828817752721857,9
3660947,9.524244297044552,21
3660961,9.714693579473124,14
3660967,9.89939181588836,6
3660971,9.934274919099446,4
3660974,9.962770433542625,3
3660977,9.960040315843434,3
3660994,9.613357823751473,17
3660997,9.965953447924512,3
3660999,9.968993423554053,2
3661006,9.878813045222213,7
3661009,9.96338318697655,3
3661016,9.856582867883677,7
3661017,10.0,1
3661024,9.886721389020757,7
3661027,9.953984087203587,3
3661035,9.85539173827162,8
3661038,9.961814161824952,3
3661041,9.949948820502003,3
3661046,9.911686377060535,5
3661054,9.856600010102097,8
3661070,9.605164872754026,16
3661078,9.833727497759437,8
3661081,9.96848756716788,3
3661093,9.728292318438355,12
3661109,9.634328796094659,16
3661116,9.859568905759343,7
3661126,9.768151640313643,10
3661140,9.489073783719991,14
3661141,10.0,1
3661151,9.777825976093906,10
3661165,9.67407165477686,14
3661171,9.905096033151603,6
3661185,9.700621051479155,14
3661196,9.768594626876014,11
3661206,9.806705161788916,10
3661213,9.851313030750598,7
3661219,9.892937412441738,6
3661231,9.729318371233697,12
3661235,9.937370351368065,4
3661249,9.667694669623607,14
3661252,9.965708339837105,3
3661259,9.88935714870996,7
3661272,9.721383339831716,13
3661281,9.812401935171277,9
3661293,9.733606031579065,12
3661295,9.98019790688894,2
3661301,9.896747304797538,6
3661320,9.515600150622612,19
3661331,9.766517402144107,11
3661343,9.76260900641139,12
3661350,9.89738781879032,7
3661357,9.862578475635557,7
3661364,9.862011378208052,7
3661377,9.689929694101824,13
3661382,9.929436572154943,5
3661392,9.817684507674826,10
3661404,9.709635704176451,12
3661411,9.889288947070215,7
3661414,9.967927173550843,3
3661426,9.747458966263455,12
3661438,9.77702411531305,12
3661443,9.911067129154619,5
3661444,10.0,1
3661456,9.57119479436821,12
3661462,9.908006906937501,6
3661472,9.784909631145837,10
3661477,9.926373832097099,5
3661488,9.570253850969614,11
3661493,9.81558876994827,5
3661494,10.0,1
3661500,9.897007812728932,6
3661503,9.965041507358542,3
3661512,9.808196529176966,9
3661523,9.7750302530343,11
3661528,9.920160532328113,5
3661540,9.756453448816,12
3661552,9.727949953123868,12
3661566,9.694251742246799,14
3661575,9.823859474941258,9
3661576,10.0,1
3661581,9.91425946786717,5
3661590,9.822231851239465,9
3661600,9.62063513592558,10
3661601,10.0,1
3661609,9.82995947170555,8
3661614,9.913620742597413,5
3661615,10.0,1
3661623,9.820989435980865,8
3661632,9.814733740404472,9
3661633,10.0,1
3661642,9.8199200054882,9
3661650,9.861059655386033,8
3661662,9.735589770420498,12
3661672,9.799822076836403,10
3661681,9.849170388730887,9
3661682,9.989044901629187,1
3661690,9.85048585949574,8
3661702,9.684745568721375,12
3661707,9.911051018240528,5
3661720,9.742986043831312,13
3661726,9.902836575101086,6
3661736,9.816393237931829,10
3661749,9.690878979211831,13
3661754,9.912785795516546,5
3661758,9.924449881246057,4
3661768,9.787073470489915,10
3661777,9.816329554680067,9
3661789,9.539019808823857,12
3661800,9.77831632346865,11
3661801,10.0,1
3661807,9.674359652026093,6
3661810,9.95435928115335,3
3661823,9.706477841336937,13
3661832,9.846250668969343,9
3661842,9.78595340056749,10
3661850,9.852581753117997,8
3661860,9.773044120799533,10
3661864,9.948523615690748,4
3661873,9.830938540423693,9
3661874,9.996000344288479,1
3661883,9.82047290149822,9
3661886,9.962016416322282,3
3661898,9.737522598822776,12
3661899,9.991786548072277,1
3661905,9.893349785101416,6
3661906,10.0,1
3661910,9.937696631372967,4
3661920,9.673490525095328,10
3661933,9.724187606298772,13
3661941,9.874125599917118,8
3661945,9.94847521831283,4
3661950,9.923076900705546,5
3661964,9.667772722664665,14
3661973,9.827295462427283,9
3661989,9.616510237321318,16
3661994,9.935094918981159,5
3662001,9.857010239166248,7
3662015,9.697647000031258,14
3662019,9.939321102863808,4
3662020,10.0,1
3662025,9.914260115942916,5
3662027,9.981076561763798,2
3662039,9.746848844292328,12
3662053,9.577711654471123,14
3662056,9.96820243044221,3
3662071,9.644980913567581,15
3662077,9.905442370696498,6
3662084,9.753806431404438,7
3662087,9.958910625577841,3
3662088,10.0,1
3662093,9.913585801332436,5
3662104,9.776845630835547,11
3662113,9.819294123247644,9
3662121,9.835233001344264,8
3662128,9.86748616365635,7
3662129,10.0,1
3662136,9.887593254913888,7
3662137,9.988322830698477,1
3662138,10.0,1
3662147,9.810294704147818,9
3662155,9.860621671614364,8
3662165,9.847103417379993,10
3662172,9.867694541463493,7
3662176,9.943283129407043,4
3662186,9.804549920152956,10
3662198,9.716809196340922,12
3662204,9.884448808254001,6
3662208,9.936172453230379,4
3662221,9.715280910657327,13
3662232,9.747251384395083,11
3662237,9.930427563071092,5
3662243,9.877476426531281,6
3662244,10.0,1
3662252,9.835406012845722,8
3662261,9.8367374488053,9
3662262,10.0,1
3662271,9.811706562860472,9
3662275,9.94168239243631,4
3662276,10.0,1
3662287,9.746242502101964,11
3662303,9.637299068217452,16
3662306,9.950554687813508,3
3662311,9.917779013690149,5
3662325,9.699235709087626,14
3662332,9.85216941748982,7
3662344,9.737532652293503,12
3662346,9.879939744530905,2
3662355,9.836650675518623,9
3662376,9.542220466033774,21
3662384,9.858311657339163,8
3662396,9.765117145507485,12
3662399,9.961832155467695,3
3662409,9.79925523880155,10
3662410,10.0,1
3662418,9.865453724373888,8
3662425,9.875463495774008,7
3662426,10.0,1
3662435,9.648317986060935,9
3662444,9.828599511642064,9
3662452,9.84572768007309,8
3662461,9.825809888526784,9
3662471,9.793762552726022,10
3662479,9.839795513476982,8
3662480,10.0,1
3662486,9.89119793216525,6
3662499,9.700912381698938,13
3662505,9.887491985872975,6
3662513,9.85944458297923,8
3662522,9.807264211236864,9
3662529,9.866353448142261,7
3662540,9.760170125157472,11
3662545,9.923267784784619,5
3662558,9.708267270581695,13
3662562,9.929403154645337,4
3662563,10.0,1
3662570,9.872487718893035,7
3662581,9.766529718157352,11
3662595,9.721172002398477,14
3662600,9.93314801602277,5
3662602,9.875497672072543,2
3662615,9.694850530059492,13
3662626,9.769322527068766,11
3662636,9.833719558915584,10
3662654,9.568360478376494,18
3662659,9.915398419215139,5
3662667,9.858295688003242,8
3662671,9.93727524202145,4
3662685,9.727049977195692,14
3662694,9.827759395157944,9
3662698,9.945610470540304,4
3662701,9.957600085649778,3
3662709,9.81512809680462,8
3662712,9.95979337424699,3
3662720,9.865273042631923,8
3662724,9.941110264059668,4
3662737,9.696264322874576,13
3662747,9.803478003776691,10
3662748,10.0,1
3662771,9.461896755422089,23
3662776,9.809332357012185,5
3662787,9.783661840274014,11
3662795,9.862554806486397,8
3662804,9.816707249773446,9
3662811,9.772061755323147,7
3662819,9.834803679426209,8
3662828,9.817721945186488,9
3662834,9.897354038686604,6
3662844,9.773790497654701,10
3662849,9.903464178145637,5
3662850,10.0,1
3662856,9.897694501841912,6
3662866,9.774236081742265,10
3662868,9.974954134549733,2
3662883,9.670819460931417,15
3662891,9.828831849117368,8
3662902,9.669715687752182,11
3662914,9.758898938847462,12
3662919,9.914557257135252,5
3662936,9.588031942550481,17
3662950,9.685059837693002,14
3662951,10.0,1
3662959,9.826782918631134,8
3662960,9.992687517557464,1
3662971,9.782574879172452,11
3662978,9.885562624106738,7
3662987,9.826737885096568,9
3663000,9.455561376700935,13
3663004,9.828141434143449,4
3663014,9.679473672018815,10
3663023,9.840895837057545,9
3663026,9.960975029604516,3
3663033,9.857418216807597,7
3663045,9.742198079296005,12
3663049,9.926241611252586,4
3663063,9.475537677573708,14
3663078,9.66625695937021,15
3663090,9.750264260092358,12
3663095,9.921722116304863,5
3663104,9.818967202256161,9
3663113,9.802579345508358,9
3663122,9.808813527529523,9
3663131,9.827564043601132,9
3663136,9.913838212614333,5
3663152,9.62917198679775,16
3663157,9.919957404307853,5
3663166,9.819894614489746,9
3663171,9.92595940007153,5
3663179,9.888889713882222,8
3663186,9.88106546722332,7
3663195,9.809998101511255,9
3663196,10.0,1
3663197,10.0,1
3663205,9.848433368781702,8
3663206,10.0,1
3663213,9.845157232331571,7
3663227,9.693283295932234,14
3663228,10.0,1
3663234,9.896793676563128,6
3663238,9.92053321258963,4
3663254,9.616274794998008,16
3663255,10.0,1
3663268,9.75531841700326,13
3663279,9.762357444211837,11
3663281,9.983717044227127,2
3663297,9.66064403329034,16
3663307,9.793362445907416,10
3663311,9.945346073616198,4
3663315,9.93959614603887,4
3663323,9.840971341952532,8
3663327,9.925732317486514,4
3663342,9.602287601516737,15
3663357,9.644266896611786,15
3663365,9.834411853797903,8
3663401,9.013670774286284,36
3663415,9.699952206034135,14
3663429,9.67283689380501,14
3663434,9.916788333096472,5
3663447,9.708381898797828,13
3663460,9.744921254815674,13
3663465,9.920478932643556,5
3663473,9.838695312881953,8
3663482,9.805334746242316,9
3663499,9.616347380852208,17
3663511,9.707512677413181,12
3663518,9.857926152565009,7
3663531,9.700876048605151,13
3663544,9.702264614883813,13
3663561,9.581170490481885,17
3663570,9.800773620149194,9
3663577,9.875232574180625,7
3663591,9.709132524951535,14
3663594,9.953283255586905,3
3663599,9.91077162459628,5
3663606,9.874607527495693,7
3663617,9.757688241605948,11
3663621,9.935561230830947,4
3663632,9.780428603799034,11
3663644,9.727423089042086,12
3663650,9.902183273177874,6
3663658,9.823443409211254,8
3663676,9.593451863034415,18
3663687,9.740421793480687,11
3663698,9.738710310403842,11
3663706,9.844936823655072,8
3663721,9.649120685583906,15
3663731,9.827268406032703,10
3663735,9.926033867155725,4
3663749,9.692365140801556,14
3663758,9.853975644538187,9
3663774,9.664938365508739,16
3663784,9.788556234127508,10
3663790,9.897962508109206,6
3663800,9.813345037228487,10
3663813,9.710713446121629,13
3663822,9.821450372173258,9
3663830,9.8428516596889,8
3663839,9.695394668613263,9
3663845,9.917698967492294,6
3663852,9.856545920224097,7
3663866,9.761167634518218,14
3663874,9.873274846482353,8
3663880,9.8838164675957,6
3663887,9.872031637077079,7
3663893,9.904768863627625,6
3663901,9.863430862420527,8
3663916,9.672669237448071,15
3663931,9.668699268378852,15
3663945,9.692252759111856,14
3663946,10.0,1
3663951,9.903149757650528,5
3663953,9.984718795206438,2
3663962,9.803675787453686,9
3663968,9.909544416823413,6
3663975,9.871509446666401,7
3663978,9.95615915208187,3
3663982,9.93081696151325,4
3663992,9.80780885132208,10
3664005,9.721203059420693,13
3664016,9.787072096034594,11
3664020,9.934871014071955,4
3664033,9.718116931084094,13
3664038,9.900688107997752,5
3664048,9.784108760565362,10
3664056,9.84307329429332,8
3664064,9.850042910570746,8
3664078,9.6748802689452,14
3664099,9.458126271028537,21
3664112,9.711497690762075,13
3664113,10.0,1
3664118,9.911882047850495,5
3664122,9.942052908471325,4
3664129,9.85379480802963,7
3664130,9.98880332457113,1
3664143,9.74652846155258,13
3664156,9.601183388061985,13
3664157,10.0,1
3664170,9.686826689063897,13
3664176,9.894679582154817,6
3664190,9.694836341343551,14
3664195,9.927176569249474,5
3664206,9.765266076471821,11
3664213,9.846193138614694,7
3664214,10.0,1
3664218,9.938855750754236,4
3664219,10.0,1
3664228,9.836223406149129,9
3664236,9.849173673499449,8
3664242,9.897731094911459,6
3664253,9.7430960875657,11
3664265,9.78984486633434,12
3664278,9.69300240083006,13
3664290,9.74988792849491,12
3664296,9.899554908373215,6
3664305,9.80745961884081,9
3664316,9.749338847312417,11
3664319,9.953465879920886,3
3664332,9.712127632981975,13
3664343,9.771196401185366,11
3664353,9.792550362609536,10
3664359,9.890221318695456,6
3664360,10.0,1
3664376,9.681199661341617,16
3664383,9.857135403493054,7
3664398,9.649953612074526,15
3664405,9.887329911651005,7
3664406,10.0,1
3664414,9.86279572192616,8
3664422,9.865405824760554,8
3664430,9.868012617299565,8
3664435,9.91190039847977,5
3664441,9.915900485135083,6
3664452,9.766486162510764,11
3664462,9.803110219354489,10
3664474,9.751011045619105,12
3664482,9.828194221007779,8
3664492,9.805375609918405,10
3664506,9.70685061277214,14
3664515,9.806496481426024,9
3664521,9.891886239944958,6
3664526,9.93221149417284,5
3664527,10.0,1
3664533,9.893632271412379,6
3664536,9.962444022104561,3
3664542,9.887566535627476,6
3664547,9.918751378307672,5
3664562,9.666003924448482,15
3664575,9.71372349019152,13
3664579,9.927690351900981,4
3664588,9.817587221460531,9
3664597,9.808638331158232,9
3664603,9.892690414181983,6
3664621,9.558634498560972,18
3664626,9.910579846509803,5
3664633,9.867463250792568,7
3664638,9.908250016711223,5
3664649,9.783001334286343,11
3664666,9.606370284399226,17
3664675,9.815787075801882,9
3664684,9.828125718424895,9
3664697,9.508702568114872,13
3664699,9.98175098822306,2
3664709,9.862727392766628,10
3664710,10.0,1
3664714,9.928468269286675,4
3664721,9.859400151651329,7
3664735,9.718495915982368,14
3664743,9.865282895318215,8
3664745,9.972817361995126,2
3664752,9.883469478455828,7
3664760,9.841817377701888,8
3664765,9.916224077393686,5
3664773,9.852723550624788,8
3664784,9.807061347579271,11
3664796,9.558532222305907,12
3664801,9.921258067267026,5
3664809,9.84819833754877,8
3664815,9.90094889992445,6
3664825,9.769735515039505,10
3664831,9.881260714976387,6
3664836,9.915094156846413,5
3664847,9.762210438179947,11
3664854,9.879018602801601,7
3664862,9.854106957042978,8
3664865,9.960434474388286,3
3664880,9.661953888390931,15
3664898,9.600437339231222,18
3664911,9.69909438682948,13
3664923,9.737449443097045,12
3664928,9.905215106569747,5
3664939,9.782348099953314,11
3664951,9.739246255196365,12
3664957,9.893943404463343,6
3664966,9.796165639331331,9
3664972,9.887014243303533,6
3664977,9.911668826582261,5
3664984,9.85512301208263,7
3664999,9.696769812624114,15
3665008,9.842810186105027,9
3665020,9.763204110921565,12
3665027,9.853202799313896,7
3665028,10.0,1
3665029,10.0,1
3665036,9.893251834702687,7
3665043,9.852265690654795,7
3665047,9.941416315426387,4
3665051,9.952910329832681,4
3665062,9.766398188060684,11
3665067,9.91781851290773,5
3665075,9.852044335715565,8
3665086,9.77451461168021,11
3665092,9.88842291826357,6
3665101,9.812909478278739,9
3665106,9.912022728483434,5
3665110,9.94407804270566,4
3665111,9.996067777034964,1
3665122,9.77058425971601,11
3665125,9.954713868412703,3
3665134,9.825365081910295,9
3665138,9.924345279503791,4
3665146,9.825860660177131,8
3665161,9.64133724088924,15
3665170,9.827839389762943,9
3665186,9.614994024865833,16
3665192,9.897695363907328,6
3665202,9.813073405302855,10
3665208,9.896664986442048,6
3665209,10.0,1
3665214,9.930645182300522,5
3665224,9.79175217351852,10
3665230,9.880644194761187,6
3665238,9.843604134509453,8
3665250,9.70577091225,12
3665263,9.70876491699199,13
3665271,9.842242448047516,8
3665284,9.669800700014521,13
3665295,9.772072397648099,11
3665305,9.597863401285531,10
3665316,9.761459329236919,11
3665324,9.859391520124595,8
3665326,9.969198081618647,2
3665332,9.879510170262174,6
3665347,9.685652613077623,15
3665356,9.819651636803844,9
3665365,9.821196462700568,9
3665376,9.78758488774568,11
3665377,9.991913293084949,1
3665387,9.785349908396134,10
3665393,9.896277325219124,6
3665394,9.996086627313877,1
3665405,9.746477393359022,11
3665410,9.908367308589154,5
3665414,9.951731884910922,4
3665430,9.608852943511987,16
3665444,9.666189312925972,14
3665450,9.901705560427244,6
3665459,9.801258075924029,9
3665460,10.0,1
3665476,9.608867723239323,16
3665493,9.64356471717814,17
3665500,9.869704814536025,7
3665507,9.884543790455867,7
3665514,9.87207884124324,7
3665521,9.880051976104342,7
3665533,9.753551595419497,12
3665534,10.0,1
3665544,9.80894434217168,10
3665551,9.871413508478572,7
3665561,9.605616656866907,10
3665564,9.954692778348216,3
3665571,9.858137217183227,7
3665572,10.0,1
3665584,9.721955253856517,12
3665597,9.702218650033316,13
3665606,9.815677464445383,9
3665618,9.74849461867183,12
3665622,9.943817775726794,4
3665641,8.694264466351123,19
3665644,9.956460296311823,3
3665654,9.793239309252908,10
3665669,9.632628974211457,15
3665676,9.89555391647867,7
3665683,9.884347848185518,7
3665695,9.519628700531186,12
3665702,9.86454909666378,7
3665711,9.835213121875366,9
3665716,9.922571382831519,5
3665721,9.908352081372882,5
3665723,9.984515084079417,2
3665731,9.846079084486336,8
3665737,9.888652310575745,6
3665742,9.916925264604288,5
3665753,9.79325660061275,11
3665766,9.701162982359964,13
3665776,9.841546503652884,10
3665786,9.810884591304497,10
3665799,9.699487684106714,13
3665809,9.782364078916148,10
3665813,9.938414225777846,4
3665816,9.956932284069413,3
3665822,9.892315683337308,6
3665826,9.923586727474062,4
3665839,9.721326472729203,13
3665847,9.865546666530316,8
3665861,9.662410000071267,14
3665868,9.864508742103624,7
3665874,9.894429663404123,6
3665888,9.664073593688489,14
3665901,9.689093804823917,13
3665912,9.751245629359179,11
3665925,9.715588879201686,13
3665935,9.798672719181756,10
3665950,9.648274652994294,15
3665961,9.783211699169033,11
3665962,10.0,1
3665963,10.0,1
3665967,9.933504598542147,4
3665976,9.812601629777244,9
3665987,9.75370476642282,11
3665992,9.912267593334148,5
3666000,9.850920909251617,8
3666005,9.915977665297937,5
3666018,9.736680976951808,13
3666028,9.788139284504306,10
3666034,9.903696667654335,6
3666035,10.0,1
3666036,9.992698151720132,1
3666050,9.693651095933063,14
3666052,9.97284344761916,2
3666071,9.535836251940431,19
3666079,9.641696600848647,8
3666095,9.639969372681056,16
3666103,9.822858115681136,8
3666110,9.874108492029983,7
3666120,9.77712641351816,10
3666132,9.733819982613522,12
3666143,9.670263435064387,11
3666149,9.897085207669859,6
3666155,9.888916281744553,6
3666156,10.0,1
3666165,9.81033288303797,9
3666172,9.87096340013606,7
3666179,9.860088038495018,7
3666186,9.856770600762468,7
3666195,9.82536272323127,9
3666201,9.897617318689747,6
3666211,9.58357392479956,10
3666222,9.768237902777514,11
3666230,9.870348588705374,8
3666238,9.848026794613714,8
3666243,9.922477735243486,5
3666248,9.905014207833801,5
3666257,9.81278542076655,9
3666275,9.605102056582531,18
3666284,9.8288069758159,9
3666289,9.911830909732775,5
3666301,9.737546878434284,12
3666309,9.82985864962952,8
3666321,9.731645775936226,12
3666322,10.0,1
3666333,9.575826436160314,11
3666334,10.0,1
3666336,9.970727656525693,2
3666337,10.0,1
3666347,9.818997749194029,10
3666354,9.862630637878523,7
3666362,9.831598406887489,8
3666373,9.810613207854768,11
3666385,9.761283774580672,12
3666393,9.853732154989885,8
3666394,10.0,1
3666404,9.774797158214291,10
3666410,9.78682961748722,6
3666417,9.845844736414177,7
3666426,9.821484761380885,9
3666432,9.898549743298048,6
3666446,9.681076647805362,14
3666447,10.0,1
3666461,9.681764441535956,14
3666469,9.859500913469612,8
3666479,9.831652026095021,10
3666496,9.594351097327902,17
3666520,9.401248852082603,24
3666525,9.920828075249574,5
3666532,9.857481148817584,7
3666545,9.734717201447634,13
3666553,9.84690310080659,8
3666559,9.903052020095636,6
3666569,9.828027373040692,10
3666578,9.83187976909857,9
3666589,9.74847156765519,11
3666600,9.772128328972709,11
3666617,9.629596898796342,17
3666632,9.647920990039252,15
3666639,9.883265217112832,7
3666644,9.924785625218322,5
3666656,9.758666161986945,12
3666659,9.965182918299325,3
3666663,9.938908041299635,4
3666665,9.984285162320539,2
3666673,9.858557169053487,8
3666683,9.760806066211757,10
3666691,9.847116846178155,8
3666703,9.774552987830601,12
3666717,9.680534655342907,14
3666733,9.625777296764229,16
3666743,9.79267836079164,10
3666751,9.847458111784084,8
3666760,9.837035588651688,9
3666767,9.86819611875809,7
3666770,9.961238684879605,3
3666784,9.662934234074063,14
3666793,9.792597688484795,9
3666804,9.793752122619862,11
3666805,10.0,1
3666813,9.832040277754833,8
3666814,10.0,1
3666824,9.80801396996224,10
3666831,9.875960766636302,7
3666840,9.817185676026476,9
3666845,9.931893017251827,5
3666848,9.960624410465083,3
3666858,9.803437848523114,10
3666870,9.744747536490738,12
3666875,9.924599215973549,5
3666886,9.765266841176988,11
3666900,9.725780119293296,14
3666901,9.996715249734969,1
3666910,9.832026193981937,9
3666925,9.6467173169209,15
3666929,9.945704292824237,4
3666939,9.815623121166734,10
3666946,9.861460635638911,7
3666958,9.7378242636394,12
3666963,9.92728283657133,5
3666972,9.820829398691332,9
3666977,9.905226303077143,5
3666987,9.790972040307052,10
3666990,9.95501872516433,3
3666997,9.868121215005369,7
3667007,9.796569299917286,10
3667012,9.923562247492965,5
3667024,9.717638650892647,12
3667040,9.629900441871168,16
3667052,9.7180356554649,12
3667072,9.596617200245722,20
3667082,9.785436903273238,10
3667089,9.862646557836499,7
3667104,9.694234898649713,15
3667111,9.868345134085319,7
3667122,9.807235748063045,11
3667130,9.831518292928545,8
3667137,9.870314512932506,7
3667151,9.670159315776472,14
3667158,9.87159385024855,7
3667165,9.87847583190351,7
3667169,9.94719537920747,4
3667178,9.841036606114564,9
3667192,9.667384023060215,14
3667193,9.98881072133471,1
3667194,10.0,1
3667197,9.962128443598822,3
3667206,9.820230047702477,9
3667220,9.693721402636763,14
3667236,9.650816679726354,16
3667237,10.0,1
3667238,9.992034143958135,1
3667251,9.713457768867388,13
3667259,9.848547044231134,8
3667266,9.8615019347578,7
3667270,9.948190130417704,4
3667277,9.876144584949664,7
3667288,9.779363671434876,11
3667295,9.857734648971032,7
3667309,9.686868042194213,14
3667324,9.655705789965308,15
3667326,9.984412407568628,2
3667338,9.730459151360215,12
3667352,9.677346664197705,14
3667359,9.865251913070407,7
3667365,9.887161447875673,6
3667380,9.68146536076026,15
3667386,9.888333176877406,6
3667395,9.845133435366202,9
3667400,9.909984246869534,5
3667412,9.743159152330108,12
3667422,9.772012501770064,10
3667423,10.0,1
3667431,9.826881834308322,8
3667438,9.847932887908485,7
3667442,9.947373157317944,4
3667453,9.765235558469973,11
3667454,9.996280571738271,1
3667456,9.979467440128623,2
3667458,9.96919319585781,2
3667466,9.852857755703928,8
3667468,9.971792473595624,2
3667482,9.682273512681673,14
3667486,9.938219975226849,4
3667496,9.792185541436355,10
3667506,9.821230448425602,10
3667513,9.879371970563673,7
3667519,9.897206515455878,6
3667520,10.0,1
3667525,9.909511639185233,5
3667534,9.835376729269822,9
3667546,9.752501566841977,12
3667551,9.9103572634599,5
3667558,9.85837582042668,7
3667559,10.0,1
3667570,9.65672898946303,11
3667571,10.0,1
3667584,9.737655175515995,13
3667586,9.975016086711564,2
3667600,9.674953513239764,14
3667619,9.53299974742134,19
3667623,9.947549572147121,4
3667627,9.94257194979668,4
3667638,9.767239815674511,11
3667644,9.90742564062375,6
3667655,9.763811694887288,11
3667663,9.825487413366861,8
3667674,9.764043476940836,11
3667689,9.690358763183248,15
3667691,9.971053117216002,2
3667701,9.801542057326834,10
3667704,9.96685178258001,3
3667714,9.773452897694233,10
3667720,9.895861447068034,6
3667727,9.88505026337053,7
3667732,9.917550039008983,5
3667740,9.849403253632273,8
3667753,9.738320861379204,13
3667766,9.686408775556366,13
3667775,9.813686888023605,9
3667780,9.926434786959597,5
3667781,9.996867628458302,1
3667793,9.748719508613961,12
3667801,9.841015629219669,8
3667807,9.888878173601212,6
3667812,9.930189121560709,5
3667821,9.805351708054546,9
3667822,10.0,1
3667833,9.75392775362293,11
3667846,9.695534245464652,13
3667857,9.761632467955707,11
3667866,9.84014536986399,9
3667874,9.846580752063739,8
3667882,9.845050559699331,8
3667895,9.704999095307064,13
3667902,9.89033396656456,7
3667904,9.984734359632851,2
3667914,9.790432027282444,10
3667923,9.78683356055444,9
3667929,9.901196601587632,6
3667942,9.729574169353507,13
3667957,9.648044833696188,15
3667965,9.86760975841213,8
3667977,9.754706982737678,12
3667984,9.881476460697323,7
3667997,9.704497545322717,13
3668007,9.8151430711572,10
3668013,9.893809780860723,6
3668020,9.879239528015711,7
3668029,9.819723646764102,9
3668041,9.73298902300955,12
3668054,9.732986693212979,13
3668070,9.736396780055948,16
3668086,9.54433835763198,16
3668087,10.0,1
3668091,9.94509242553044,4
3668102,9.785141956496108,11
3668115,9.694382008688883,13
3668119,9.92839723193912,4
3668126,9.884921654480072,7
3668136,9.774643676156895,10
3668148,9.74978197733812,12
3668152,9.927767362233809,4
3668155,9.962606901294,3
3668158,9.966957567586835,3
3668159,10.0,1
3668167,9.869766297586631,8
3668175,9.850681514370105,8
3668186,9.769373488595704,11
3668195,9.797679921405141,9
3668207,9.714686247921442,12
3668213,9.927745594984588,6
3668217,9.934184016661792,4
3668229,9.73026128939417,12
3668239,9.78394663061478,10
3668244,9.901448990228301,5
3668257,9.730895056745322,13
3668261,9.943858457759802,4
3668267,9.905125419456644,6
3668279,9.735549445091133,12
3668288,9.828579503416043,9
3668296,9.838369551725094,8
3668311,9.711212943463387,15
3668312,10.0,1
3668313,10.0,1
3668325,9.728244280208612,12
3668335,9.82111109425326,10
3668336,10.0,1
3668343,9.891996386583576,7
3668358,9.705598117222872,15
3668368,9.777986434138834,10
3668377,9.829542045587607,9
3668378,10.0,1
3668388,9.793388756114364,10
3668397,9.795391192204368,9
3668412,9.639300246912583,15
3668423,9.76028958392454,11
3668424,10.0,1
3668434,9.611759819776276,10
3668446,9.740751166900802,12
3668456,9.813648008151915,10
3668467,9.756240689472854,11
3668479,9.792024407154148,12
3668489,9.803547551320902,10
3668499,9.794351047478408,10
3668505,9.911548488161827,6
3668521,9.6757353496778,16
3668527,9.884817525448197,6
3668534,9.850395433704485,7
3668541,9.88519889501682,7
3668547,9.89295638080412,6
3668549,9.970130892840595,2
3668560,9.753279281733807,11
3668572,9.74537497043651,12
3668573,10.0,1
3668580,9.78485175019941,7
3668591,9.760781978831824,11
3668601,9.596000486706425,10
3668610,9.835769218191272,9
3668620,9.79315596924735,10
3668633,9.708493257287794,13
3668649,9.6975866061878,16
3668654,9.919375730602034,5
3668655,10.0,1
3668664,9.815993313614518,9
3668674,9.776898090094292,10
3668686,9.742525974353798,12
3668692,9.879021194840202,6
3668693,10.0,1
3668701,9.854923991061018,8
3668713,9.729722916551916,12
3668720,9.852522357012711,7
3668721,10.0,1
3668722,9.98804373159725,1
3668726,9.937890231630526,4
3668734,9.834445259419484,8
3668746,9.725022200525435,12
3668747,10.0,1
3668750,9.962159671869838,3
3668763,9.769605080138364,13
3668770,9.880303165880008,7
3668771,10.0,1
3668780,9.827694426597406,9
3668792,9.734342405619364,12
3668797,9.905669182951153,5
3668798,10.0,1
3668812,9.726184486247455,14
3668821,9.839312407258074,9
3668832,9.755160548775773,11
3668835,9.964304899966308,3
3668847,9.737378360216413,12
3668861,9.713183500098257,14
3668872,9.76828560762688,11
3668878,9.895609770547306,6
3668884,9.88413092567318,6
3668886,9.971820075193262,2
3668887,10.0,1
3668901,9.683645339083137,14
3668902,10.0,1
3668908,9.894886547474187,6
3668917,9.832665808211015,9
3668923,9.908776506478317,6
3668928,9.897443742258341,5
3668943,9.66415526662266,15
3668951,9.847626322222354,8
3668968,9.568842202025165,17
3668975,9.861879406325306,7
3668976,9.996396723526358,1
3668990,9.701800231740558,14
3668991,10.0,1
3668998,9.886388199379242,7
3669010,9.657221072663312,12
3669020,9.795758143971694,10
3669036,9.658511754081248,16
3669037,9.996730811014316,1
3669048,9.790879412455654,11
3669061,9.720551761833892,13
3669067,9.895955958320918,6
3669076,9.804662940926649,9
3669088,9.734239829097488,12
3669090,9.966891917780913,2
3669092,9.983730010948767,2
3669101,9.81544591835352,9
3669122,9.484411332184983,21
3669141,9.548118496067481,19
3669156,9.656222873882072,15
3669167,9.753747977687064,11
3669174,9.888255533170442,7
3669175,9.996656353807285,1
3669179,9.94242371262905,4
3669196,9.619365371167042,17
3669213,9.604246805673931,17
3669225,9.781722701336276,12
3669228,9.965322733739747,3
3669229,10.0,1
3669234,9.901406712319112,5
3669235,10.0,1
3669236,10.0,1
3669241,9.923498811103729,5
3669245,9.954982538393496,4
3669249,9.932803986776772,4
3669260,9.747642486308505,11
3669264,9.941070192935753,4
3669278,9.681130973585155,14
3669287,9.828139734687424,9
3669299,9.7215534939706,12
3669308,9.640872928823114,9
3669318,9.768982490705678,10
3669327,9.79032139494489,9
3669337,9.782789153814603,10
3669344,9.867286488360321,7
3669350,9.877497647807909,6
3669356,9.88761312365001,6
3669360,9.949387913696581,4
3669366,9.89219576762554,6
3669381,9.637670089032735,15
3669382,10.0,1
3669396,9.74277885905534,14
3669397,10.0,1
3669401,9.939729409049182,4
3669412,9.781515339614911,11
3669416,9.933352783444917,4
3669422,9.883044019999794,6
3669431,9.820038059868544,9
3669451,9.538597822097561,20
3669452,10.0,1
3669455,9.954600191556501,3
3669464,9.815191392202916,9
3669465,10.0,1
3669470,9.909642522350158,5
3669477,9.883892712102298,7
3669480,9.953747365294717,3
3669481,10.0,1
3669490,9.80847807302441,9
3669495,9.931163770265506,5
3669506,9.765514315413055,11
3669516,9.809316692197843,10
3669526,9.80634268588142,10
3669539,9.711220060692211,13
3669542,9.96841341070908,3
3669543,10.0,1
3669551,9.84849188978107,8
3669562,9.776025618368305,11
3669567,9.922831343767495,5
3669572,9.937720504411011,5
3669581,9.80576699113211,9
3669585,9.946425034593108,4
3669594,9.819131798588156,9
3669601,9.855597949326036,7
3669617,9.635395311465176,16
3669623,9.903497670359977,6
3669624,10.0,1
3669630,9.899695795064986,6
3669631,10.0,1
3669640,9.837110565170265,9
3669646,9.891730551230301,6
3669656,9.805329286910846,10
3669668,9.753529469455184,12
3669678,9.761441535163645,10
3669691,9.702467024701518,13
3669693,9.974756006214799,2
3669694,10.0,1
3669705,9.761911176187587,11
3669712,9.877245620243173,7
3669719,9.85800534833047,7
3669730,9.759912615846021,11
3669738,9.824293057100071,8
3669740,9.970135241802305,2
3669752,9.755619390573449,12
3669764,9.778729367858718,12
3669777,9.730955887520599,13
3669780,9.953428287991343,3
3669787,9.867337197822732,7
3669801,9.699804155521287,14
3669811,9.774543558313335,10
3669819,9.835339477646869,8
3669830,9.570159398329022,11
3669831,10.0,1
3669832,9.992879247691508,1
3669836,9.945910469251183,4
3669839,9.963970973705973,3
3669846,9.860734287428562,7
3669860,9.681805979831626,14
3669873,9.694651491471266,13
3669880,9.87063256542356,7
3669888,9.853489376259677,8
3669893,9.9364115804904,5
3669896,9.958437079402719,3
3669911,9.679517684039485,15
3669919,9.88039310958088,8
3669929,9.77387549555962,10
3669931,9.973878007693846,2
3669940,9.848099747412242,9
3669957,9.591377253329329,17
3669969,9.764016387988413,12
3669982,9.747303183649851,13
3669985,9.96378584734203,3
3669994,9.831120876338757,9
3670013,9.591209532564653,19
3670038,9.298371439862809,25
3670052,9.729230708377022,14
3670054,9.984935860333294,2
3670060,9.890093110831447,6
3670072,9.740364881618497,12
3670076,9.930967808768546,4
3670080,9.943010823671314,4
3670089,9.806265995936345,9
3670096,9.85423518404243,7
3670101,9.932908730875045,5
3670107,9.88396140291522,6
3670115,9.871460460227354,8
3670127,9.756406312343701,12
3670133,9.90019901037333,6
3670144,9.79719683927541,11
3670147,9.95492260818415,3
3670160,9.738443950819844,13
3670165,9.91466641463364,5
3670173,9.831600364605347,8
3670179,9.883055388369915,6
3670188,9.830276082147705,9
3670197,9.835390549062957,9
3670211,9.681663523124055,14
3670212,9.989762696199788,1
3670232,9.503095184693958,20
3670245,9.71014649294879,13
3670250,9.90996343728764,5
3670253,9.95063867414481,3
3670260,9.87147390135745,7
3670270,9.781113940558571,10
3670284,9.686993477977017,14
3670290,9.87694064770875,6
3670306,9.68160189268347,16
3670312,9.877073077133122,6
3670331,9.572787106046087,19
3670347,9.63933199027213,16
3670355,9.631872265674843,8
3670356,10.0,1
3670368,9.75886852449885,12
3670377,9.850806701353031,9
3670389,9.742232706007773,12
3670405,9.637104812124825,16
3670410,9.90577224667203,5
3670423,9.719612912699802,13
3670438,9.637724970340399,15
3670441,9.967289691060325,3
3670452,9.749494676504641,11
3670459,9.863594242576488,7
3670473,9.688982867005915,14
3670480,9.892446911987061,7
3670482,9.974979513650672,2
3670493,9.804751048276275,11
3670494,10.0,1
3670502,9.834728940543528,8
3670503,10.0,1
3670513,9.799747942810862,10
3670517,9.932200669062897,4
3670524,9.854079373390238,7
3670533,9.817170748906955,9
3670537,9.937158409039178,4
3670545,9.842940989028323,8
3670552,9.850781731961249,7
3670567,9.6528831173426,15
3670591,9.397253876868685,24
3670601,9.77999361606639,10
3670609,9.830103379083658,8
3670627,9.584537141311843,18
3670646,9.655271101019837,19
3670650,9.947247821344808,4
3670655,9.923641321134067,5
3670669,9.705392001566452,14
3670670,10.0,1
3670678,9.82255676269188,8
3670679,9.99615087654407,1
3670688,9.813689646451769,9
3670695,9.869446424424476,7
3670704,9.825235319027746,9
3670717,9.691046027642244,13
3670718,10.0,1
3670722,9.629473415466826,4
3670726,9.943599019421395,4
3670742,9.663291347364797,16
3670751,9.834990481168044,9
3670758,9.858219845934757,7
3670759,10.0,1
3670782,9.418934457100223,23
3670794,9.793047650579313,12
3670795,10.0,1
3670803,9.861156198648443,8
3670806,9.964325579977038,3
3670813,9.870385379941908,7
3670824,9.752507652316607,11
3670834,9.805001444467345,10
3670847,9.698508289305842,13
3670854,9.873790585754287,7
3670869,9.639279806783343,15
3670879,9.807329467611192,10
3670889,9.791918023848265,10
3670892,9.956453406839561,3
3670893,10.0,1
3670898,9.911356111641265,5
3670901,9.96887052744439,3
3670914,9.665875741233332,13
3670926,9.760428716115767,12
3670932,9.907279954144874,6
3670939,9.858744758150563,7
3670948,9.815492250174964,9
3670959,9.776228135716467,11
3670966,9.874330797211607,7
3670973,9.850162306019344,7
3670975,9.980397592879338,2
3670991,9.624962918543199,16
3671002,9.607205636420765,11
3671018,9.645726749101723,16
3671024,9.876916700555,6
3671033,9.805215585025245,9
3671038,9.910472706713986,5
3671052,9.666907358366279,14
3671060,9.848246763581173,8
3671067,9.868448060135435,7
3671070,9.955579411496936,3
3671079,9.811503150928877,9
3671087,9.83566087229614,8
3671090,9.95673628545337,3
3671094,9.933956479008854,4
3671102,9.836244287114107,8
3671110,9.831878595655875,8
3671118,9.8823800506179,8
3671133,9.637234566405732,15
3671143,9.775116469503912,10
3671160,9.616666762978095,17
3671161,10.0,1
3671169,9.846835356738639,8
3671172,9.966822318408417,3
3671177,9.917140041581666,5
3671186,9.808824889142898,9
3671193,9.880969186284144,7
3671202,9.82774347165434,9
3671209,9.86882924654379,7
3671217,9.843898766401326,8
3671221,9.946515860985835,4
3671231,9.779916983711525,10
3671239,9.84797345856871,8
3671250,9.754525972456006,11
3671251,10.0,1
3671252,9.996569675394538,1
3671260,9.881743276099428,8
3671262,9.972093227514218,2
3671271,9.812421376235642,9
3671275,9.938470743675587,4
3671284,9.798781738512956,9
3671293,9.82302714813754,9
3671301,9.851395594746242,8
3671318,9.614963801500924,17
3671328,9.780386547871887,10
3671337,9.828850135446073,9
3671352,9.676905484954998,15
3671375,9.394043057981895,23
3671387,9.783097519938556,12
3671397,9.795009432749875,10
3671399,9.97827235077259,2
3671418,9.561192801156551,19
3671433,9.65169576830862,15
3671439,9.92004328973126,6
3671446,9.846957210159031,7
3671450,9.942998174261389,4
3671454,9.930028202689503,4
3671464,9.48383343860969,10
3671468,9.961095335907885,4
3671473,9.934527508417277,5
3671485,9.728864653418519,12
3671494,9.806658499219177,9
3671505,9.796416487441146,11
3671512,9.59271809690797,7
3671518,9.89898805495036,6
3671520,9.980804442296243,2
3671534,9.690528541380742,14
3671540,9.909165587430918,6
3671543,9.962631670837562,3
3671553,9.782525441799777,10
3671554,9.996275532254291,1
3671558,9.927938510536267,4
3671561,9.963675063519357,3
3671575,9.658164887787537,14
3671582,9.86333726222908,7
3671588,9.91157728675414,6
3671622,9.361401462993108,34
3671623,9.987830704703313,1
3671629,9.893068756829134,6
3671640,9.755484964323214,11
3671652,9.747151591283725,12
3671656,9.934795891745551,4
3671662,9.892794877231465,6
3671666,9.931618009136859,4
3671670,9.939502804950006,4
3671690,9.556412211589272,20
3671692,9.981741263228217,2
3671706,9.702145240202546,14
3671719,9.711122026628917,13
3671720,9.992669033681983,1
3671728,9.848292712560237,8
3671740,9.726288501967707,12
3671744,9.942341541291679,4
3671758,9.682501789226581,14
3671769,9.752626241722385,11
3671780,9.80718104501055,11
3671781,10.0,1
3671782,9.996584705054874,1
3671795,9.74418328623591,13
3671802,9.887061701760956,7
3671811,9.844506084693057,9
3671824,9.701287173686977,13
3671835,9.75926938662511,11
3671838,9.95129214368257,3
3671845,9.85010402056373,7
3671856,9.76446757835996,11
3671863,9.86637211089776,7
3671864,10.0,1
3671865,10.0,1
3671872,9.856518503643024,7
3671884,9.735997895796599,12
3671892,9.824970548417545,8
3671901,9.804580501583917,9
3671909,9.864422461585745,8
3671917,9.845164707565328,8
3671926,9.805122649327394,9
3671930,9.938103283233493,4
3671939,9.818822665050586,9
3671949,9.794052447513813,10
3671962,9.708711598453315,13
3671971,9.797216511214161,9
3671985,9.67883937493017,14
3671995,9.818149206320667,10
3672002,9.858792453586064,7
3672011,9.823384924796201,9
3672018,9.881854879162368,7
3672035,9.65786890826124,17
3672039,9.953303017400083,4
3672066,7.727408236628875,27
3672078,9.741821270646192,12
3672091,9.740503721451654,13
3672092,10.0,1
3672111,9.562497117368867,19
3672113,9.983933060746606,2
3672122,9.828315545967726,9
3672133,9.755528768359447,11
3672141,9.86772932600683,8
3672147,9.895804630928337,6
3672150,9.961137634076541,3
3672162,9.733953308287829,12
3672177,9.7009064317637,15
3672182,9.92456314138256,5
3672192,9.813707001427737,10
3672203,9.764109924710882,11
3672210,9.875343311524608,7
3672219,9.82061254626142,9
3672231,9.786025140520506,12
3672249,9.581386402903998,18
3672261,9.733117350492838,12
3672274,9.698906897972416,13
3672280,9.903415626854159,6
3672289,9.805652523385211,9
3672298,9.829057156143588,9
3672309,9.795909409072369,11
3672313,9.949325745742545,4
3672323,9.770728357259948,10
3672343,9.318966459887827,20
3672361,9.59808899479902,18
3672376,9.688609545408466,15
3672382,9.921618172424758,6
3672398,9.644473335307739,16
3672399,10.0,1
3672406,9.857756366023652,7
3672416,9.771022869989421,10
3672420,9.939023580869701,4
3672421,9.989499928736896,1
3672432,9.809875116213789,11
3672442,9.78239624023606,10
3672450,9.861670931696773,8
3672454,9.946637247491982,4
3672464,9.76504939333547,10
3672471,9.859764703195408,7
3672476,9.934051033348684,5
3672492,9.619679193935136,16
3672507,9.6534659820497,15
3672508,10.0,1
3672510,9.972424820904337,2
3672512,9.973257251787448,2
3672513,10.0,1
3672516,9.968033490256916,3
3672531,9.66384436029094,15
3672541,9.78220799523397,10
3672542,10.0,1
3672550,9.833627164729094,8
3672559,9.814049514269078,9
3672570,9.754170917899652,11
3672579,9.806366654349134,9
3672588,9.809472789240253,9
3672593,9.911241198467676,5
3672604,9.761638185291966,11
3672612,9.856758745229357,8
3672627,9.642845237606252,15
3672635,9.831770190207992,8
3672645,9.795757919319115,10
3672655,9.772522170361347,10
3672663,9.865817290162632,8
3672673,9.801668917798372,10
3672681,9.83778810815427,8
3672684,9.957539906315581,3
3672695,9.745042946488214,11
3672699,9.938042326514708,4
3672700,9.988616878819258,1
3672701,10.0,1
3672702,10.0,1
3672717,9.681092274113267,15
3672720,9.95486896298599,3
3672728,9.828769114618847,8
3672738,9.819524814082753,10
3672750,9.747840839183336,12
3672751,10.0,1
3672759,9.846379336544684,8
3672770,9.770485208129776,11
3672777,9.863386799225935,7
3672796,9.516014376492404,19
3672803,9.870126966057583,7
3672804,10.0,1
3672811,9.849506866125797,7
3672824,9.721183928391373,13
3672841,9.63349420515047,17
3672842,10.0,1
3672851,9.829060964847336,9
3672856,9.906175161636623,5
3672867,9.805407172128707,11
3672868,10.0,1
3672881,9.690479968488216,13
3672894,9.706988773727401,13
3672895,10.0,1
3672903,9.864943244427675,8
3672910,9.884217190401431,7
3672924,9.699773118429547,14
3672931,9.879160415861394,7
3672939,9.85640775163635,8
3672950,9.776706785197096,11
3672954,9.93233017654013,4
3672961,9.860982390714637,7
3672972,9.764590561877332,11
3672982,9.772136801964484,10
3672988,9.906127799276426,6
3673000,9.759549283118998,12
3673008,9.849326244958084,8
3673019,9.771346170994246,11
3673024,9.898033540220354,5
3673025,10.0,1
3673037,9.75026733240926,12
3673045,9.842312604941707,8
3673051,9.89505103061828,6
3673057,9.907174050516824,6
3673064,9.864806104107954,7
3673070,9.87943607308231,6
3673074,9.938971972899019,4
3673088,9.698773601595379,14
3673101,9.717213186288484,13
3673111,9.767054506029352,10
3673117,9.894643710860976,6
3673128,9.760288462545828,11
3673135,9.865522355769656,7
3673148,9.705879668652177,13
3673157,9.826854607193681,9
3673167,9.77961358588772,10
3673174,9.867469075819022,7
3673186,9.642514382704956,12
3673195,9.830602373487556,9
3673216,9.490953025592722,21
3673224,9.84052609094069,8
3673236,9.725243177255058,12
3673237,10.0,1
3673238,10.0,1
3673254,9.678735402345664,16
3673263,9.81764305946697,9
3673271,9.831433168105649,8
3673278,9.87523727931489,7
3673281,9.961853498190939,3
3673288,9.867674816956189,7
3673297,9.81983154076753,9
3673303,9.876628475267458,6
3673304,10.0,1
3673314,9.675988738882,10
3673317,9.962585033407082,3
3673334,9.611362647138716,17
3673336,9.981461773599971,2
3673343,9.876363430744062,7
3673358,9.706688418890508,15
3673372,9.700541867717385,14
3673377,9.89695687347244,5
3673386,9.83135670484062,9
3673397,9.76128287969398,11
3673405,9.849713535207272,8
3673412,9.854709834707107,7
3673413,9.991999378046348,1
3673426,9.744085780488582,13
3673441,9.637731399608477,15
3673460,9.576280928250167,19
3673468,9.868912141712357,8
3673480,9.73952623535221,12
3673489,9.817667524337887,9
3673490,10.0,1
3673495,9.912337592791241,5
3673507,9.72136068674927,12
3673515,9.861412009431355,8
3673516,10.0,1
3673527,9.792882168215742,11
3673541,9.69877480192155,14
3673554,9.802333013653271,13
3673564,9.82713388792378,10
3673571,9.875200582675333,7
3673583,9.746777621280927,12
3673593,9.776309294221491,10
3673594,10.0,1
3673602,9.862520326979618,8
3673609,9.880023463335402,7
3673615,9.889616702885418,6
3673622,9.862416798614898,7
3673629,9.901866244359272,7
3673643,9.684504915571802,14
3673651,9.82969227046885,8
3673659,9.83335268856047,8
3673666,9.87563873234484,7
3673675,9.821146226381302,9
3673683,9.845484308370034,8
3673695,9.739384240620458,12
3673702,9.864703204305547,7
3673704,9.981407744031685,2
3673715,9.771185399953382,11
3673716,10.0,1
3673726,9.75989750883107,10
3673733,9.884518577760598,7
3673740,9.875987719499438,7
3673747,9.877842815083799,7
3673757,9.791701368518599,10
3673762,9.907420991100373,5
3673772,9.696915400866464,10
3673789,9.55091543124252,17
3673793,9.945866523903115,4
3673794,9.996831125244322,1
3673801,9.852050693842957,7
3673804,9.954067609186136,3
3673809,9.906752752343133,5
3673820,9.786193713996196,11
3673827,9.867018521611634,7
3673842,9.661427353363376,15
3673843,10.0,1
3673855,9.699992854561701,12
3673862,9.867335050273887,7
3673874,9.755546908385394,12
3673881,9.847827200116841,7
3673886,9.91158511945247,5
3673895,9.833464294071884,9
3673898,9.963228805583336,3
3673899,9.988733984084163,1
3673906,9.867202454511192,7
3673917,9.75045248327452,11
3673927,9.799096783282282,10
3673934,9.87562861102338,7
3673952,9.5755321265417,18
3673956,9.944727173098444,4
3673959,9.962241073322787,3
3673965,9.903315449064728,6
3673966,9.989519692644329,1
3673975,9.854108127741883,9
3673976,9.996222660318917,1
3673988,9.75373449364413,12
3673993,9.925787692037133,5
3674009,9.647918227876918,16
3674015,9.905499130672846,6
3674023,9.862231405013564,8
3674028,9.911515742868204,5
3674033,9.92331712896334,5
3674045,9.74154916061305,12
3674049,9.941766123795267,4
3674061,9.777227751585617,12
3674065,9.929582872794146,4
3674074,9.790409536769356,9
3674085,9.765363220364504,11
3674088,9.9605637436412,3
3674089,9.986837253461703,1
3674100,9.752039054094725,11
3674110,9.80217672571959,10
3674117,9.84682426565993,7
3674121,9.942226920833653,4
3674126,9.913829627318504,5
3674132,9.886020602624212,6
3674134,9.967864244502902,2
3674144,9.783587225172202,10
3674152,9.84920941713363,8
3674156,9.933697895840337,4
3674162,9.887980336186896,6
3674170,9.851031698564906,8
3674173,9.956732641645504,3
3674175,9.972430730273352,2
3674189,9.679353470916965,14
3674190,10.0,1
3674208,9.565551188508929,18
3674223,9.702014803111453,15
3674227,9.941147454578081,4
3674228,10.0,1
3674244,9.679468086685738,16
3674250,9.900221852632583,6
3674251,10.0,1
3674260,9.814542321088,9
3674267,9.86572808110874,7
3674273,9.894059816938801,6
3674282,9.822814972894713,9
3674294,9.776997118571174,12
3674306,9.73523416377753,12
3674316,9.777973681418278,10
3674329,9.399996331140649,13
3674343,9.717136929589195,14
3674356,9.715184041408826,13
3674366,9.771925710084075,10
3674372,9.87819461813477,6
3674387,9.67773301965826,15
3674388,10.0,1
3674399,9.747774107932853,11
3674412,9.682564414690987,13
3674427,9.726126732607566,15
3674431,9.930814952325763,4
3674437,9.90220900325853,6
3674442,9.799956360120165,5
3674448,9.884107253972779,6
3674459,9.732752843241178,11
3674460,10.0,1
3674464,9.934071090408539,4
3674465,9.99301274941628,1
3674478,9.72891662832298,13
3674490,9.736355466663117,12
3674491,9.986574978504288,1
3674498,9.863061498946895,7
3674506,9.84002070948361,8
3674518,9.740488767769698,12
3674527,9.724301387074963,9
3674547,9.597029845681654,20
3674564,9.615013599042753,17
3674574,9.776310028563733,10
3674587,9.69112264501813,13
3674599,9.728215111776413,12
3674600,10.0,1
3674611,9.754337804088063,11
3674617,9.903632816466097,6
3674630,9.711508923409578,13
3674631,10.0,1
3674638,9.88890640071665,7
3674642,9.93416021573411,4
3674651,9.81660039556748,9
3674662,9.811434854517792,11
3674678,9.696815257852004,16
3674682,9.92669568237507,4
3674694,9.724098406037616,12
3674703,9.813192881624438,9
3674712,9.813117431226525,9
3674723,9.75136916710262,11
3674726,9.957978064495745,3
3674737,9.765233341846017,11
3674741,9.945162374028442,4
3674758,9.648047530863042,17
3674768,9.815902380675228,10
3674779,9.568900079878135,11
3674787,9.84589545457028,8
3674794,9.86852442960012,7
3674806,9.754927404419174,12
3674813,9.862845267151968,7
3674819,9.88125992359567,6
3674821,9.978917194385676,2
3674830,9.833005722995736,9
3674843,9.72674940422665,13
3674846,9.95793066936251,3
3674855,9.814766941555282,9
3674863,9.854714353511223,8
3674872,9.844046110855134,9
3674885,9.34614246278506,13
3674892,9.881824600523185,7
3674907,9.708814759680935,15
3674917,9.83547159130837,10
3674927,9.78055544637146,10
3674930,9.968470649962525,3
3674942,9.74069749331779,12
3674943,10.0,1
3674954,9.80738129228981,11
3674957,9.956341070491964,3
3674960,9.968209361370972,3
3674969,9.822966537820786,9
3674977,9.8395364250882,8
3674981,9.942601655358372,4
3675006,9.576475396586964,25
3675019,9.715126345115985,13
3675026,9.885455087614659,7
3675035,9.854366695264355,9
3675041,9.89812832413797,6
3675541,-17.101753621567706,500
3675549,9.843983614065634,8
3675555,9.901712421078699,6
3675573,9.581221729921301,18
3675582,9.821648488910958,9
3675589,9.86087352155376,7
3675600,9.783663443551182,11
3675615,9.656396816933775,15
3675628,9.728523908339643,13
3675637,9.806715209860284,9
3675650,9.702795379238982,13
3675653,9.964986854901511,3
3675654,10.0,1
3675662,9.840609227934099,8
3675673,9.750926090910838,11
3675678,9.922830410556967,5
3675694,9.662331851248403,16
3675695,9.988961691872486,1
3675703,9.851141402584078,8
3675712,9.827241502313692,9
3675719,9.854017082075679,7
3675737,9.567534386665864,18
3675747,9.79156520060468,10
3675762,9.673085215289603,15
3675775,9.497294218358237,13
3675783,9.848224464353349,8
3675791,9.841043139516962,8
3675797,9.895807768161474,6
3675804,9.890903461605394,7
3675816,9.755557117463656,12
3675821,9.927067465830172,5
3675833,9.72447346517852,12
3675834,10.0,1
3675835,10.0,1
3675840,9.914205433716843,5
3675846,9.887798498215782,6
3675847,10.0,1
3675855,9.844167922445918,8
3675865,9.796699713091067,10
3675879,9.725859297053344,14
3675897,9.584576313844893,18
3675906,9.803707935306402,9
3675910,9.937013318753674,4
3675925,9.159252029020173,15
3675936,9.76509717200747,11
3675939,9.963640634806346,3
3675949,9.778445813906039,10
3675957,9.812047456635884,8
3675961,9.945671225835266,4
3675969,9.84728282018347,8
3675980,9.758772214115316,11
3675994,9.66155847474597,14
3675995,9.988494340955151,1
3675998,9.960901228843174,3
3676009,9.771629045198335,11
3676017,9.832474807256006,8
3676029,9.748606579707145,12
3676031,9.976217492105924,2
3676036,9.921274216836201,5
3676043,9.84714985866581,7
3676048,9.914324845201962,5
3676061,9.711973843831776,13
3676067,9.874157702321488,6
3676081,9.668421024100294,14
3676095,9.69286341292474,14
3676096,9.9893092356444,1
3676109,9.704961602519012,13
3676110,9.988075018986255,1
3676120,9.781205404389178,10
3676128,9.842774787745887,8
3676138,9.771602034656373,10
3676152,9.681623947182421,14
3676158,9.901573188689133,6
3676166,9.869734509516862,8
3676175,9.853056965252925,9
3676176,10.0,1
3676184,9.85347777114966,8
3676194,9.797205958424506,10
3676201,9.870335194994567,7
3676208,9.870892321852521,7
3676219,9.749592441686033,11
3676229,9.781085488619489,10
3676238,9.81975225009861,9
3676250,9.740683656283787,12
3676261,9.782158604664604,11
3676275,9.69412542992827,14
3676286,9.772739985693368,11
3676291,9.935354294109597,5
3676303,9.803156644882375,12
3676310,9.886744412870133,7
3676311,10.0,1
3676326,9.652969961416836,15
3676330,9.945994055943357,4
3676340,9.781987486844663,10
3676346,9.896034033087112,6
3676352,9.911787692573805,6
3676362,9.774777221282507,10
3676372,9.828199172776166,10
3676373,10.0,1
3676382,9.830164623851061,9
3676390,9.869648257213747,8
3676403,9.718883934127332,13
3676411,9.842938240656393,8
3676415,9.940794111556837,4
3676431,9.630467608076485,16
3676432,10.0,1
3676444,9.746916408306445,12
3676451,9.89960458364177,7
3676458,9.873572925062808,7
3676459,10.0,1
3676462,9.963153772151534,3
3676467,9.92890915350507,5
3676482,9.237815209717493,15
3676491,9.822370622232198,9
3676496,9.917293910606972,5
3676510,9.711202861386498,14
3676511,10.0,1
3676520,9.81350287214038,9
3676532,9.738242682968158,12
3676543,9.774689858262404,11
3676546,9.949330701175283,3
3676556,9.778669398565757,10
3676564,9.848416489008386,8
3676570,9.895261970706475,6
3676583,9.711003183151194,13
3676597,9.706925112026186,14
3676606,9.828924622928405,9
3676618,9.765575507167915,12
3676619,10.0,1
3676633,9.704492599375834,14
3676643,9.821647442838165,10
3676647,9.948629078671967,4
3676663,9.679692307189216,16
3676673,9.826279352879977,10
3676682,9.824261738283303,9
3676685,9.95004899944292,3
3676690,9.917343882724786,5
3676697,9.87201601060903,7
3676702,9.912265798171175,5
3676709,9.883034466689576,7
3676712,9.963722004913883,3
3676726,9.704390406864649,14
3676737,9.81468930283267,11
3676747,9.773771434039043,10
3676758,9.570059325270446,11
3676765,9.878590144895,7
3676772,9.882809733826763,7
3676779,9.854543058998846,7
3676787,9.844858598518538,8
3676788,10.0,1
3676800,9.75868423569245,12
3676801,10.0,1
3676805,9.940936349188238,4
3676810,9.918611677235416,5
3676811,10.0,1
3676823,9.354387146258876,12
3676827,9.948871539668435,4
3676833,9.886512124276711,6
3676836,9.963726785577077,3
3676839,9.96718549189143,3
3676845,9.885719830887629,6
3676855,9.796309658149635,10
3676863,9.834010296781036,8
3676866,9.950905074084199,3
3676869,9.964407010215803,3
3676875,9.88641067177711,6
3676912,9.32245948279774,37
3676925,9.721046711492004,13
3676928,9.958363338161803,3
3676934,9.909503352157088,6
3676941,9.87596007923656,7
3676977,9.252527584335109,36
3676986,9.826883060855959,9
3676997,9.74489640089362,11
3676998,9.996744063709508,1
3677005,9.870228134255964,7
3677010,9.914336910672256,5
3677019,9.82487485374307,9
3677028,9.83334061009985,9
3677037,9.822565928525293,9
3677038,10.0,1
3677047,9.82862845790977,9
3677049,9.97083370501219,2
3677050,10.0,1
3677062,9.740655193029353,12
3677065,9.954200432746713,3
3677075,9.781914105022716,10
3677076,10.0,1
3677088,9.763683164187688,12
3677094,9.883337146757972,6
3677101,9.876115316584599,7
3677104,9.963319956791707,3
3677113,9.794583996737632,9
3677132,9.545564635643581,19
3677133,10.0,1
3677144,9.762399092570508,11
3677149,9.910758765970664,5
3677163,9.673032217796539,14
3677175,9.714111249552648,12
3677185,9.776374355095454,10
3677190,9.92325654459235,5
3677200,9.788417401915797,10
3677211,9.749502942634965,11
3677220,9.813180852928726,9
3677231,9.806348080030752,11
3677241,9.777739165164691,10
3677249,9.839687682847442,8
3677250,10.0,1
3677262,9.7323408685497,12
3677274,9.74644734557594,12
3677283,9.824242171550065,9
3677290,9.898196692934388,7
3677297,9.860155755113237,7
3677303,9.897272127943406,6
3677309,9.905478442190335,6
3677317,9.857255890364806,8
3677323,9.902288804933754,6
3677324,10.0,1
3677334,9.799697957900149,10
3677337,9.962437293046877,3
3677351,9.656132791362207,14
3677352,9.992969575710102,1
3677359,9.876512366853309,7
3677366,9.863357241279198,7
3677375,9.823755235023139,9
3677376,9.996407230620699,1
3677391,9.699573926377417,15
3677405,9.452541166468192,14
3677429,9.51265428578376,24
3677437,9.864679270614685,8
3677438,10.0,1
3677451,9.700949897273789,13
3677459,9.848596738299308,8
3677464,9.916262121523953,5
3677472,9.833896131953972,8
3677476,9.944214993026312,4
3677481,9.916210725301532,5
3677488,9.888720630978067,7
3677492,9.939512954338534,4
3677502,9.57808799576694,10
3677513,9.768934117020654,11
3677523,9.816888406033716,10
3677529,9.89649453312879,6
3677540,9.757677830950621,11
3677545,9.916191174541547,5
3677549,9.94497606215911,4
3677556,9.87790327402612,7
3677561,9.921945907122833,5
3677567,9.880431614061504,6
3677577,9.804047210172874,10
3677580,9.962194929706422,3
3677593,9.688957866496834,13
3677599,9.892051872363803,6
3677604,9.916449823201486,5
3677612,9.827045471950507,8
3677623,9.746501742577456,11
3677632,9.802698984740532,9
3677652,9.543321900127856,20
3677661,9.814935604090909,9
3677666,9.917821924216884,5
3677676,9.778080785092007,10
3677683,9.87896917151074,7
3677688,9.915810850834177,5
3677698,9.788107121707306,10
3677705,9.862268164183018,7
3677706,9.985878332821288,1
3677710,9.946085669868197,4
3677720,9.814377430322658,10
3677728,9.837109754421984,8
3677734,9.88393056278158,6
3677744,9.792980142742588,10
3677760,9.623560241519948,16
3677772,9.756514335320887,12
3677789,9.66156168786509,17
3677801,9.767402190199187,12
3677817,9.648273604396854,16
3677825,9.838498215413926,8
3677834,9.811516466479745,9
3677847,9.746914926658066,13
3677861,9.696267927751718,14
3677870,9.822056836955051,9
3677871,10.0,1
3677876,9.907555283747877,5
3677892,9.622496546517601,16
3677895,9.959241120426517,3
3677902,9.864675706983613,7
3677914,9.746875560870496,12
3677919,9.930233095055629,5
3677920,10.0,1
3677930,9.800652211119257,10
3677931,10.0,1
3677932,10.0,1
3677937,9.930225336396978,5
3677944,9.860161627016952,7
3677953,9.85490914216522,9
3677964,9.771213871547896,11
3677973,9.828105697258202,9
3677977,9.946221904563211,4
3677979,9.978031611040798,2
3677988,9.797604092409955,9
3677998,9.787721439517128,10
3678009,9.752700989867646,11
3678017,9.833242139530904,8
3678032,9.667375778438181,15
3678047,9.66541488248079,15
3678058,9.544795751700507,11
3678062,9.954419108402284,4
3678063,10.0,1
3678067,9.949553777372039,4
3678089,9.486369901026485,22
3678093,9.938849331611141,4
3678099,9.888540181043453,6
3678105,9.895696891715158,6
3678118,9.721247469621773,13
3678128,9.8177178270708,10
3678143,9.665438904418513,15
3678155,9.731952089631518,12
3678164,9.823616300473994,9
3678173,9.837352959719647,9
3678179,9.682149478765856,6
3678181,9.983342339210475,2
3678186,9.917991824574484,5
3678187,10.0,1
3678192,9.903974863420299,5
3678195,9.967092066466087,3
3678205,9.781916960860126,10
3678214,9.804599131199138,9
3678230,9.674431275157108,16
3678236,9.91575657594516,6
3678248,9.73748335814524,12
3678254,9.9016922936949,6
3678261,9.863900995296339,7
3678262,10.0,1
3678276,9.672248884280053,14
3678287,9.762787950275087,11
3678293,9.906718232039738,6
3678300,9.888096386033226,7
3678304,9.930765610181094,4
3678305,9.988996756627714,1
3678306,10.0,1
3678313,9.899766701700822,7
3678325,9.722600294758042,12
3678335,9.818121836522119,10
3678344,9.79198660636202,9
3678345,10.0,1
3678348,9.97092948462923,3
3678349,10.0,1
3678366,9.556297941376307,17
3678373,9.868164808165034,7
3678379,9.91143335076275,6
3678389,9.783140752387663,10
3678392,9.955042799256601,3
3678407,9.692432715167657,15
3678418,9.758369669375629,11
3678424,9.886455039974527,6
3678435,9.766678540239289,11
3678445,9.790183557854265,10
3678451,9.885151939019336,6
3678463,9.670298487902649,12
3678466,9.962753728706367,3
3678475,9.797222725043174,9
3678480,9.914064342737365,5
3678486,9.885787573230322,6
3678499,9.709680722732333,13
3678508,9.820496785155221,9
3678514,9.893672536666212,6
3678518,9.944580624326507,4
3678519,10.0,1
3678544,6.093076906454596,25
3678552,9.850797024239888,8
3678559,9.860916763778688,7
3678567,9.830808951708615,8
3678575,9.743070358336245,8
3678585,9.786565625724593,10
3678599,9.70997627890663,14
3678608,9.818216487650266,9
3678615,9.863880376151156,7
3678622,9.87429835391385,7
3678624,9.972966109736312,2
3678631,9.86768869900038,7
3678645,9.671902661723001,14
3678646,10.0,1
3678648,9.974452572518793,2
3678658,9.785707169439265,10
3678670,9.740861636457666,12
3678679,9.846147263886218,9
3678686,9.873531855943945,7
3678692,9.874989495134681,6
3678698,9.881995260052038,6
3678711,9.688266046408877,13
3678728,9.615591591419758,17
3678733,9.925451968908654,5
3678741,9.838832857629555,8
3678753,9.72904024231492,12
3678761,9.843581049884722,8
3678768,9.880451851632703,7
3678774,9.864190335436547,6
3678784,9.837755878257324,10
3678792,9.852582484657905,8
3678793,10.0,1
3678803,9.770331919191609,10
3678817,9.686507188990719,14
3678827,9.79274593245167,10
3678835,9.848570032339776,8
3678843,9.882097219176936,8
3678851,9.648427835227928,8
3678864,9.70586660425969,13
3678874,9.796511455807652,10
3678879,9.926045808566546,5
3678886,9.884927370174045,7
3678889,9.965775773642562,3
3678900,9.823230923255453,11
3678906,9.873110159435173,6
3678918,9.783086085510943,12
3678926,9.858691721578731,8
3678938,9.750937635089286,12
3678949,9.764106630363411,11
3678959,9.79143257013034,10
3678962,9.948963893439188,3
3678968,9.873842746444353,6
3678971,9.960619904231326,3
3678981,9.776267398533156,10
3678995,9.677451540476358,14
3679007,9.725861287804776,12
3679013,9.902131942665696,6
3679033,9.642243685544477,20
3679042,9.825822850822114,9
3679046,9.934116500148052,4
3679060,9.71462696817402,14
3679069,9.80803561494785,9
3679087,9.571497339432474,18
3679092,9.918292289087717,5
3679104,9.714789313413402,12
3679108,9.927254586344652,4
3679112,9.931697298044067,4
3679121,9.823555387318471,9
3679124,9.956527972100009,3
3679129,9.919604893415666,5
3679141,9.725293249482974,12
3679153,9.651328972155563,12
3679163,9.797430353981397,10
3679170,9.876687620113186,7
3679190,9.477729131217902,20
3679203,9.72417715228702,13
3679204,9.99637934196151,1
3679208,9.729714664192805,4
3679215,9.877801216283803,7
3679228,9.631850799416767,13
3679236,9.843577654304292,8
3679247,9.77867156800256,11
3679251,9.940171905724515,4
3679259,9.860863527702689,8
3679272,9.682280846351034,13
3679285,9.68477512587887,13
3679290,9.926524798623898,5
3679302,9.747593499608087,12
3679308,9.897418880202622,6
3679322,9.646299867499092,14
3679324,9.9842093039541,2
3679332,9.860850559643024,8
3679333,10.0,1
3679341,9.847232987429228,8
3679345,9.939391598477387,4
3679355,9.797320959969683,10
3679366,9.776685777066696,11
3679370,9.927621515338052,4
3679374,9.944210147660472,4
3679380,9.918937169595942,6
3679385,9.912227215704899,5
3679393,9.858568413111895,8
3679404,9.776160356907905,11
3679419,9.655368959522624,15
3679429,9.801986515799243,10
3679434,9.91062940885125,5
3679441,9.871095102658161,7
3679444,9.958477972947053,3
3679456,9.721464567042721,12
3679463,9.858329898008298,7
3679467,9.948766410731366,4
3679468,9.992866342520868,1
3679481,9.705021024317789,13
3679482,10.0,1
3679488,9.88930656171769,6
3679496,9.85730037719256,8
3679506,9.79157883060375,10
3679515,9.79387120538053,9
3679531,9.674397022930636,16
3679540,9.822752333648731,9
3679550,9.82945628278662,10
3679560,9.778723614299304,10
3679569,9.717264708365345,9
3679582,9.699022066715148,13
3679587,9.924533172197261,5
3679599,9.73801224285621,12
3679606,9.850118593955896,7
3679620,9.568775892545055,14
3679630,9.822239962357829,10
3679643,9.697613066423072,13
3679644,10.0,1
3679661,9.669607382638448,17
3679675,9.69781109212894,14
3679686,9.756612182756134,11
3679694,9.82985160353071,8
3679698,9.940526974973727,4
3679710,9.695784293250883,12
3679720,9.770959539914621,10
3679727,9.890087331942484,7
3679745,9.607847582424034,18
3679752,9.888649098616469,7
3679769,9.607270316349075,17
3679775,9.89666450778665,6
3679780,9.91303501739816,5
3679793,9.700145837602346,13
3679802,9.813362599175514,9
3679805,9.956269501684515,3
3679810,9.930541131882036,5
3679815,9.909364083612276,5
3679826,9.763819607665134,11
3679832,9.887250654325642,6
3679841,9.813347623381752,9
3679850,9.808062691832086,9
3679857,9.767805884224074,7
3679865,9.86091011570225,8
3679873,9.853481924455028,8
3679877,9.940140142322516,4
3679884,9.884135976984046,7
3679894,9.77111679860906,10
3679900,9.907387090057872,6
3679904,9.930710877311293,4
3679908,9.947346160875519,4
3679918,9.608456264480873,10
3679922,9.929326486424722,4
3679937,9.686839355978785,15
3679950,9.68274778789413,13
3679955,9.925060140283778,5
3679966,9.784564580249627,11
3679981,9.646205615694074,15
3679989,9.856217631959298,8
3680005,9.645777494410165,16
3680016,9.760912884844965,11
3680031,9.706732906111347,15
3680043,9.744391787015806,12
3680052,9.830185613952235,9
3680061,9.828380179105226,9
3680066,9.91080292454896,5
3680078,9.769692342726474,12
3680087,9.791616412558225,9
3680091,9.927112834682749,4
3680098,9.884662861596698,7
3680099,10.0,1
3680105,9.88357375968463,6
3680106,9.993050665698831,1
3680116,9.607146602462663,10
3680121,9.92010077126863,5
3680122,10.0,1
3680138,9.613673782910961,16
3680142,9.943072295350417,4
3680150,9.826856867497078,8
3680151,10.0,1
3680173,9.490674408361881,22
3680181,9.841975905509665,8
3680190,9.83117049234457,9
3680193,9.96820714460714,3
3680204,9.771002815520665,11
3680215,9.744458173262352,11
3680222,9.869917783466166,7
3680226,9.93568025195114,4
3680231,9.91188720410811,5
3680241,9.774254574760917,10
3680258,9.606602196210932,17
3680265,9.894741229075796,7
3680273,9.84067095424513,8
3680287,9.767090327821709,14
3680294,9.871927757048226,7
3680306,9.719710783372209,12
3680307,10.0,1
3680315,9.822823377414538,8
3680318,9.946059663972882,3
3680331,9.735692288900388,13
3680338,9.889256281463256,7
3680345,9.871556396406467,7
3680349,9.94805599585823,4
3680360,9.73568303928074,11
3680375,9.667306959139847,15
3680381,9.893957359541442,6
3680385,9.930704803389592,4
3680390,9.911410361512091,5
3680406,9.653328664265187,16
3680412,9.899097765873794,6
3680417,9.916412022333734,5
3680429,9.75595153610651,12
3680435,9.877077276902613,6
3680442,9.87287829345029,7
3680455,9.72232874951727,13
3680473,9.38804843067929,18
3680487,9.633454531614117,14
3680503,9.64039872766806,16
3680509,9.906751704977276,6
3680513,9.935387279906948,4
3680516,9.9553363304712,3
3680518,9.98593166577418,2
3680526,9.862436314936165,8
3680527,10.0,1
3680531,9.923106826552242,4
3680544,9.707361547491445,13
3680551,9.88658096542852,7
3680560,9.81566705811799,9
3680575,9.666642060469549,15
3680593,9.591221380261901,18
3680603,9.799167583925643,10
3680609,9.887988223229891,6
3680623,8.620379917925574,14
3680636,9.698813976475513,13
3680645,9.816791865159546,9
3680653,9.84392128869991,8
3680662,9.807808206253734,9
3680668,9.87072160968884,6
3680679,9.767571598085366,11
3680680,9.995905315134902,1
3680690,9.81569886075014,10
3680712,8.253442470668679,22
3680722,9.783750130512036,10
3680727,9.924356314383704,5
3680730,9.952842484954086,3
3680739,9.799115023916043,9
3680746,9.851629021141454,7
3680751,9.921803382131749,5
3680757,9.871924157366445,6
3680763,9.88160821794227,6
3680776,9.704807997613239,13
3680777,10.0,1
3680788,9.753279916013943,11
3680799,9.756515041602553,11
3680817,9.568364993293882,18
3680818,10.0,1
3680830,9.752552819251362,12
3680836,9.897463325556295,6
3680841,9.92261529622918,5
3680849,9.82686002044084,8
3680861,9.73100950245035,12
3680868,9.876083311851245,7
3680879,9.754219781786801,11
3680882,9.961398708903353,3
3680892,9.79865792844218,10
3680893,10.0,1
3680901,9.8356758216902,8
3680914,9.712482996039705,13
3680915,9.988272222011464,1
3680927,9.497093316183998,12
3680941,8.379248353017422,14
3680952,9.78503247050348,11
3680963,9.781985584489345,11
3680982,9.534297964739245,19
3680993,9.756102402326114,11
3681001,9.149259859649195,8
3681012,9.756518769059399,11
3681018,9.899015807146274,6
3681022,9.928202275419904,4
3681035,9.719486257778895,13
3681039,9.948296023697475,4
3681052,9.729500381578733,13
3681064,9.744404885752711,12
3681081,9.614649779830835,17
3681087,9.879007292791341,6
3681088,10.0,1
3681096,9.834853578771622,8
3681102,9.89301008238131,6
3681110,9.869128014495773,8
3681115,9.9152557243541,5
3681125,9.768872871561907,10
3681131,9.909155987554433,6
3681132,10.0,1
3681144,9.734207835835655,12
3681145,10.0,1
3681154,9.811280466638703,9
3681162,9.833031096247467,8
3681172,9.773262071188778,10
3681183,9.761321920111213,11
3681186,9.967023686917276,3
3681187,10.0,1
3681193,9.883296127973475,6
3681201,9.830285052934212,8
3681213,9.729522474670198,12
3681219,9.897522595059138,6
3681231,9.560079833783325,12
3681236,9.914453641122842,5
3681246,9.806139815674854,10
3681257,9.755448533204786,11
3681295,2.8113118752301567,38
3681300,9.898437423885369,5
3681316,9.637803662965593,16
3681326,9.793569175321776,10
3681331,9.895738249445813,5
3681339,9.848644089257114,8
3681354,9.632884760941339,15
3681359,9.932837027302957,5
3681370,9.759634993069204,11
3681376,9.89157990782179,6
3681381,9.909269747419236,5
3681385,9.942573186845856,4
3681399,9.61506945364811,14
3681400,10.0,1
3681404,9.945391220028947,4
3681410,9.892123644225606,6
3681430,9.59445847116749,20
3681438,9.824572616037957,8
3681452,9.678700267174715,14
3681455,9.95387803970572,3
3681466,9.753103004249699,11
3681473,9.871160543378469,7
3681493,9.536459282181857,20
3681504,9.751936505143792,11
3681515,9.767904587136623,11
3681523,9.87785176496668,8
3681527,9.943292609843148,4
3681540,9.694050672448501,13
3681551,9.772857784286684,11
3681558,9.888855423821342,7
3681564,9.904523502972989,6
3681580,9.629189090635577,16
3681593,9.706096093182694,13
3681602,9.813871283122344,9
3681605,9.968644489852434,3
3681618,9.68101442239771,13
3681628,9.811291092046938,10
3681629,10.0,1
3681640,9.803984497690848,11
3681641,10.0,1
3681649,9.835979785083659,8
3681655,9.900039289508008,6
3681668,9.534925894515839,13
3681679,9.754267934773665,11
3681681,9.979111797929653,2
3681686,9.917791697920167,5
3681691,9.92323231454718,5
3681692,10.0,1
3681706,9.695470597828649,14
3681718,9.762855370294975,12
3681736,9.570330666757217,18
3681744,9.841965622380698,8
3681755,9.7591609811691,11
3681763,9.838587479733198,8
3681770,9.864679055183737,7
3681781,9.767164212916665,11
3681795,9.686927433794708,14
3681806,9.762155656531348,11
3681821,9.619695149798662,15
3681826,9.91254444224309,5
3681833,9.853520928868557,7
3681840,9.870970676804454,7
3681849,9.874925917404513,9
3681850,10.0,1
3681857,9.863009731584823,7
3681868,9.73784850481067,11
3681872,9.942584165065819,4
3681886,9.668829564798338,14
3681887,10.0,1
3681897,9.766953597973869,10
3681910,9.724127570146948,13
3681915,9.906727836740773,5
3681928,9.611306882529922,13
3681934,9.887626272311381,6
3681941,9.87404276049601,7
3681945,9.940438822008636,4
3681953,9.863877221964955,8
3682007,8.98404785782831,54
3682010,9.953952099955018,3
3682017,9.869233568338323,7
3682021,9.948164996400653,4
3682031,9.765596643395082,10
3682041,9.791240142016,10
3682043,9.977606140641848,2
3682046,9.960802209063267,3
3682049,9.963545925178451,3
3682059,9.802433461360375,10
3682060,10.0,1
3682065,9.92163644401124,5
3682075,9.813071870219066,10
3682090,9.614654305306534,15
3682098,9.86216122132652,8
3682100,9.98084192971112,2
3682112,9.768621813077173,12
3682113,10.0,1
3682125,9.74527601274455,12
3682140,9.646170927843977,15
3682144,9.945713860537278,4
3682152,9.745743101478988,8
3682153,10.0,1
3682160,9.896253042191406,7
3682168,9.841970999116688,8
3682187,9.465272589922877,19
3682196,9.587305525860101,9
3682207,9.75921559937274,11
3682214,9.846706213498983,7
3682218,9.933410104509893,4
3682230,9.76042570200616,12
3682239,9.815914121524685,9
3682245,9.892278384550389,6
3682251,9.899789975253361,6
3682266,9.690213023554122,15
3682267,10.0,1
3682272,9.915117352999976,5
3682273,9.9959065310662,1
3682281,9.829176646077906,8
3682282,10.0,1
3682288,9.881859669545525,6
3682290,9.975477846170762,2
3682296,9.9014790151735,6
3682309,9.70737365197028,13
3682327,9.584572332913707,18
3682338,9.749909631848737,11
3682348,9.806951804952488,10
3682359,9.793545132558602,11
3682362,9.954186937900712,3
3682373,9.759886007873272,11
3682387,9.687878082391782,14
3682393,9.893867602056996,6
3682403,9.789176689652841,10
3682410,9.8604653784657,7
3682425,9.704938601633403,15
3682432,9.881789502149251,7
3682435,9.863361506956243,3
3682447,9.768652734151354,12
3682452,9.924248546818832,5
3682453,9.99667186713323,1
3682466,9.698831594242721,13
3682474,9.857458279215212,8
3682483,9.821418973056746,9
3682492,9.836812723046924,9
3682499,9.881491813052575,7
3682515,9.673591045893652,16
3682518,9.9670561841623,3
3682521,9.95802734787958,3
3682529,9.858089203060729,8
3682540,9.801245126778085,11
3682542,9.977488860875736,2
3682543,10.0,1
3682552,9.814622509487164,9
3682559,9.884324482425384,7
3682560,10.0,1
3682561,10.0,1
3682586,3.872539870454018,25
3682600,9.467394948223978,14
3682619,9.576361840397116,19
3682626,9.879948082364685,7
3682633,9.85373606045859,7
3682642,9.822753661817206,9
3682650,9.854052591585077,8
3682658,9.84935699280741,8
3682659,9.991992883376982,1
3682665,9.897358542375247,6
3682682,9.655514191179083,17
3682690,9.821576189290868,8
3682695,9.906639407276762,5
3682704,9.815114409587911,9
3682711,9.854634019261969,7
3682718,9.872358347343686,7
3682728,9.683497415316,10
3682729,10.0,1
3682733,9.947674324639683,4
3682748,9.658124903894336,15
3682751,9.964481216463419,3
3682760,9.815897999215629,9
3682776,9.694002016639269,16
3682780,9.930671924898206,4
3682783,9.965169951489646,3
3682787,9.934489480516309,4
3682791,9.92011388387276,4
3682802,9.75057708838744,11
3682812,9.769131535974893,10
3682823,9.75781593844233,11
3682830,9.869856759757111,7
3682837,9.879848363159583,7
3682845,9.851243630016809,8
3682849,9.946610576544176,4
3682855,9.889763927124365,6
3682856,10.0,1
3682867,9.485572038709915,11
3682872,9.907140956793798,5
3682887,9.656852416901664,15
3682900,9.722797633430158,13
3682907,9.869713893216824,7
3682918,9.759725943551471,11
3682923,9.926699832840951,5
3682932,9.797803138886692,9
3682942,9.79649543722024,10
3682980,9.328873799281373,38
3682987,9.694760840800743,7
3683002,9.678661507734798,15
3683008,9.894471212236118,6
3683032,9.434550535119646,24
3683037,9.934488548181669,5
3683038,10.0,1
3683047,9.819943434333993,9
3683048,10.0,1
3683061,9.727490903767652,13
3683062,10.0,1
3683073,9.766385324681341,11
3683087,9.68939713415482,14
3683093,9.911492344398589,6
3683107,9.702801184358716,14
3683115,9.85476057240553,8
3683123,9.82019224027715,8
3683130,9.883621371197757,7
3683140,9.800366864200292,10
3683155,9.666985281998404,15
3683165,9.787960637915049,10
3683177,9.723268213565573,12
3683184,9.889001688865708,7
3683197,9.723665784200863,13
3683207,9.777194405633637,10
3683212,9.918257534250904,5
3683221,9.829820236662748,9
3683229,9.860504093232286,8
3683230,10.0,1
3683240,9.787130689389624,10
3683241,10.0,1
3683252,9.73915123960271,11
3683265,9.702670571072481,13
3683273,9.838220767088751,8
3683274,10.0,1
3683275,10.0,1
3683286,9.752563630826756,11
3683296,9.805895026993625,10
3683297,10.0,1
3683298,10.0,1
3683309,9.78231637217991,11
3683321,9.757674580104714,12
3683821,-17.10251610495637,500
3683832,9.774970001582338,11
3683845,9.74552161313627,13
3683851,9.897317031544915,6
3683865,9.486765790146748,14
3683875,9.828877388714131,10
3683885,9.78937748416897,10
3683896,9.791737215531437,11
3683909,9.538730404795809,13
3683919,9.781181747117154,10
3683925,9.914137141589189,6
3683934,9.808664647243496,9
3683945,9.774618185545286,11
3683959,9.664198764564318,14
3683970,9.768544223765694,11
3683971,10.0,1
3683978,9.85314430480423,7
3683979,10.0,1
3683995,9.647201212637468,16
3684003,9.838558117033822,8
3684015,9.73641187351416,12
3684029,9.407718935758744,14
3684039,9.814064782163635,10
3684054,9.675804627386121,15
3684059,9.93520521988731,5
3684064,9.915226935992745,5
3684071,9.85188577885649,7
3684074,9.958021615222046,3
3684088,9.746588885836246,14
3684096,9.827068463011917,8
3684103,9.882518734951693,7
3684107,9.937629135018218,4
3684117,9.78498971187144,10
3684121,9.933213481341223,4
3684132,9.781972406733251,11
3684141,9.84568727568278,9
3684157,9.622632672340654,16
3684161,9.943338946885525,4
3684168,9.766772806173735,7
3684178,9.807507137896595,10
3684189,9.677292592652641,11
3684210,9.46394947010686,21
3684220,9.783204659707334,10
3684225,9.938234573411938,5
3684232,9.864485894901009,7
3684233,10.0,1
3684239,9.687635645819089,6
3684253,9.666954668605896,14
3684258,9.905903220378386,5
3684266,9.869892753557034,8
3684272,9.893293852816482,6
3684285,9.697658314539476,13
3684293,9.861635791158038,8
3684300,9.871319130108049,7
3684302,9.974233416997832,2
3684313,9.752020545838208,11
3684321,9.88974739889331,8
3684330,9.828640715460573,9
3684343,9.718086513067338,13
3684356,9.716854785789986,13
3684362,9.894637750102877,6
3684363,9.996262168065163,1
3684369,9.884185851735472,6
3684377,9.821643801003308,8
3684378,10.0,1
3684381,9.955835114616473,3
3684391,9.78702353634856,10
3684402,9.762167069617387,11
3684414,9.752726468432563,12
3684415,10.0,1
3684421,9.925625466677701,6
3684423,9.979486935615896,2
3684431,9.859531662182011,8
3684433,9.970234684254082,2
3684438,9.908262897917977,5
3684447,9.79720528896654,9
3684458,9.75300461948298,11
3684465,9.877198929505754,7
3684468,9.95956206311288,3
3684476,9.826396499986107,8
3684485,9.824290639911869,9
3684486,10.0,1
3684490,9.923023519248156,4
3684491,9.99662299648342,1
3684498,9.87180835552778,7
3684507,9.821195605314458,9
3684508,10.0,1
3684519,9.754641887115609,11
3684523,9.947494330542805,4
3684524,10.0,1
3684528,9.941166272146504,4
3684533,9.91754714021408,5
3684543,9.77335049419434,10
3684553,9.784219210278227,10
3684562,9.822354336396002,9
3684568,9.912531661450577,6
3684569,9.99641658955358,1
3684579,9.79788755318079,10
3684586,9.896053265704868,7
3684590,9.94565660362632,4
3684597,9.774442692722825,7
3684602,9.911450564256114,5
3684603,10.0,1
3684605,9.973476960007895,2
3684614,9.805426010066368,9
3684622,9.846169657399612,8
3684634,9.738801371620365,12
3684645,9.773741971361774,11
3684654,9.80819369715653,9
3684655,10.0,1
3684663,9.827790210940076,8
3684676,9.68927097535941,13
3684684,9.850967124888491,8
3684692,9.835893420822082,8
3684699,9.869367590122682,7
3684709,9.821193406538987,10
3684717,9.856673425760466,8
3684720,9.961426239831304,3
3684729,9.822411033280462,9
3684743,9.725481022922216,14
3684753,9.809867900482244,10
3684763,9.82536498705103,10
3684774,9.768671849220851,11
3684790,9.645221399687042,16
3684792,9.985719157457106,2
3684808,9.576390653189096,16
3684820,9.718876310392734,12
3684827,9.870168158107475,7
3684839,9.71021811773261,12
3684847,9.841805814699129,8
3684859,9.76573924386109,12
3684867,9.869698687309995,8
3684878,9.776540683500489,11
3684881,9.964270230243418,3
3684891,9.790572421132344,10
3684892,10.0,1
3684898,9.87333583461959,6
3684910,9.7526775118607,12
3684911,10.0,1
3684924,9.75251944859744,13
3684934,9.782354742239415,10
3684940,9.896159119309855,6
3684945,9.900040361022562,5
3684951,9.899251798116914,6
3684957,9.914542532573854,6
3684961,9.94412854784538,4
3684965,9.93006505209972,4
3684981,9.469723602827262,16
3684993,9.754472186510483,12
3685007,9.67861316350134,14
3685011,9.956176741414335,4
3685018,9.866045287974154,7
3685028,9.804348366605206,10
3685031,9.968880654002088,3
3685037,9.888293089068172,6
3685054,9.672119703406477,17
3685060,9.896455087524803,6
3685066,9.90686278101522,6
3685067,9.989021897621106,1
3685072,9.907410354550226,5
3685083,9.806073995899151,11
3685092,9.82192039229725,9
3685110,9.601780949207953,18
3685119,9.817790372660678,9
3685125,9.904949526849327,6
3685135,9.786891064620463,10
3685143,9.883440774632374,8
3685154,9.76523402219279,11
3685165,9.75059028329384,11
3685168,9.964944381341738,3
3685177,9.821238422183397,9
3685187,9.779182398292777,10
3685193,9.878221117702509,6
3685203,9.772550591114138,10
3685215,9.796957216431176,12
3685216,10.0,1
3685228,9.755845713009494,12
3685243,9.687630026018258,15
3685256,9.736815075515624,13
3685260,9.922811592982017,4
3685275,9.681692903655414,15
3685276,10.0,1
3685285,9.845783615103366,9
3685292,9.895644492269957,7
3685298,9.883446428686232,6
3685308,9.775924465546415,10
3685319,9.595134125654173,11
3685331,9.734836072082429,12
3685335,9.943115882241475,4
3685339,9.93419625857138,4
3685351,9.730174035364668,12
3685358,9.881554650809912,7
3685366,9.832528978271249,8
3685379,9.734853503546422,13
3685382,9.958585453036957,3
3685397,9.637495975862965,15
3685406,9.827799418358225,9
3685416,9.80651178364757,10
3685423,9.890866372521792,7
3685431,9.845697670811582,8
3685437,9.894284242460497,6
3685450,9.707709302088682,13
3685472,9.539345302046726,22
3685481,9.821447446693458,9
3685486,9.914393798111936,5
3685494,9.857642042828306,8
3685496,9.98235267751569,2
3685508,9.734771591300165,12
3685522,9.705677474461373,14
3685526,9.91853661387591,4
3685538,9.72205004764525,12
3685544,9.905174308423044,6
3685551,9.85658370022777,7
3685564,9.739430231862837,13
3685565,10.0,1
3685571,9.912983132829329,6
3685577,9.884512148843674,6
3685582,9.925146540407118,5
3685587,9.919541333691463,5
3685598,9.770623112041546,11
3685607,9.815699099903451,9
3685622,9.664386834614865,15
3685640,9.569466212469264,18
3685653,9.721885417925803,13
3685659,9.916965205523356,6
3685662,9.96256727553968,3
3685664,9.98023905615935,2
3685665,10.0,1
3685669,9.937802718392545,4
3685677,9.833559100894753,8
3685692,9.67856915325441,15
3685700,9.849248643935681,8
3685722,9.561246671414878,22
3685729,9.676190909407822,7
3685743,9.72858946889072,14
3685754,9.807839799608493,11
3685760,9.881520342787088,6
3685776,9.649955249546533,16
3685781,9.924822891033738,5
3685790,9.826315530836782,9
3685797,9.875259538581608,7
3685802,9.921991128345441,5
3685809,9.872545399806468,7
3685811,9.97985818553484,2
3685816,9.905984421634253,5
3685817,10.0,1
3685824,9.860789366471128,7
3685829,9.915177575589107,5
3685836,9.871978450344418,7
3685840,9.932307244394572,4
3685846,9.881098242986933,6
3685853,9.859860493572205,7
3685870,9.696346405638506,17
3685880,9.814801617850495,10
3685893,9.707132324208036,13
3685901,9.825529339008025,8
3685911,9.787845302663948,10
3685917,9.894675258096658,6
3685933,9.662779445140497,16
3685948,9.662843706141972,15
3685960,9.75547111567308,12
3685970,9.793640555185334,10
3685971,10.0,1
3685974,9.95854983704416,3
3685983,9.819306775965423,9
3685989,9.911671337102048,6
3685999,9.82169681150545,10
3686012,9.730507442669946,13
3686013,10.0,1
3686018,9.91623389012296,5
3686021,9.96298305969629,3
3686029,9.853203259839955,8
3686037,9.864900936442725,8
3686038,10.0,1
3686045,9.87433199949289,7
3686051,9.89195155585359,6
3686054,9.952668570778863,3
3686063,9.836392976972855,9
3686076,9.754588204723104,13
3686085,9.81662438921956,9
3686097,9.748772901241452,12
3686101,9.93848408283255,4
3686111,9.811140702853312,10
3686123,9.737276717517654,12
3686124,10.0,1
3686133,9.807053983336502,9
3686142,9.83212701135057,9
3686150,9.824348332985679,8
3686158,9.857998966121592,8
3686162,9.952666592731646,4
3686169,9.85048951006785,7
3686178,9.83453153897356,9
3686188,9.815676921099593,10
3686199,9.77018245359181,11
3686205,9.881157219258219,6
3686212,9.886570414016719,7
3686227,9.670818370798298,15
3686238,9.777718923233348,11
3686244,9.889592427709035,6
3686250,9.881729490780014,6
3686256,9.898457948761642,6
3686257,10.0,1
3686268,9.661307561437285,11
3686278,9.799288754543555,10
3686287,9.825505963825062,9
3686317,9.184468675116783,30
3686332,9.659705765960434,15
3686342,9.792553869836158,10
3686360,9.648169949497516,18
3686376,9.540516310607039,16
3686382,9.903604674948468,6
3686396,9.669475385739158,14
3686397,10.0,1
3686405,9.734813970514127,8
3686414,9.818012415125176,9
3686425,9.77851979419874,11
3686436,9.742941477492653,11
3686442,9.896230986688801,6
3686444,9.974925706363072,2
3686460,9.641382401384865,16
3686465,9.921932228033732,5
3686475,9.817085018272468,10
3686484,9.799486889395435,9
3686485,10.0,1
3686489,9.942416808847138,4
3686496,9.887092904705838,7
3686497,10.0,1
3686502,9.914369249107253,5
3686516,9.754457674740669,14
3686527,9.76559723195778,11
3686542,9.641939736690425,15
3686543,10.0,1
3686555,9.743267488131846,12
3686562,9.880490234810104,7
3686576,9.70713663871293,14
3686590,9.57630705091707,14
3686597,9.868945571036004,7
3686600,9.963102051832427,3
3686603,9.965949296143782,3
3686606,9.967723141559011,3
3686607,10.0,1
3686623,9.656723306099146,16
3686633,9.814525723711023,10
3686644,9.784249964433627,11
3686646,9.97023548658757,2
3686650,9.939334264206405,4
3686658,9.817780248821455,8
3686663,9.904039388843744,5
3686680,9.613402560214228,17
3686682,9.97323443309208,2
3686693,9.748374128318046,11
3686705,9.733671916440358,12
3686709,9.944843973538271,4
3686718,9.608862982762341,9
3686731,9.707154449041056,13
3686743,9.758564916622126,12
3686757,9.675953544849763,14
3686770,9.71942762265174,13
3686781,9.791994181071264,11
3686794,9.702260867025547,13
3686804,9.80857234792086,10
3686813,9.845115705111757,9
3686820,9.877573543899539,7
3686830,9.80418295265951,10
3686835,9.923992298995266,5
3686837,9.974984800098456,2
3686843,9.894114607983303,6
3686856,9.748804378938932,13
3686864,9.84301634875838,8
3686865,10.0,1
3686877,9.756017646056797,12
3686878,10.0,1
3686890,9.743272210960924,12
3686893,9.965588393735162,3
3686903,9.807327360081379,10
3686910,9.880854845309205,7
3686919,9.813773907910495,9
3686928,9.823445298827142,9
3686943,9.688240462039202,15
3686952,9.805908893847098,9
3686956,9.925812048476176,4
3686968,9.729806278048855,12
3686977,9.79602541641595,9
3686991,9.695482485891015,14
3686996,9.914366601455148,5
3687008,9.764066517288073,12
3687012,9.944134430293262,4
3687021,9.821392955248381,9
3687036,9.654747970766191,15
3687054,9.591098814290373,18
3687062,9.86670876727613,8
3687065,9.968753452147126,3
3687066,10.0,1
3687075,9.831924727523768,9
3687076,9.992992375636625,1
3687085,9.81337680005498,9
3687097,9.752452376335215,12
3687109,9.758420364129883,12
3687120,9.772080191240365,11
3687129,9.815095358294542,9
3687134,9.920918239372392,5
3687141,9.848780040628192,7
3687148,9.867310878950498,7
3687167,9.558611228115865,19
3687168,10.0,1
3687178,9.813379299440975,10
3687187,9.84262805022505,9
3687188,10.0,1
3687193,9.915989256811375,5
3687203,9.818087049133755,10
3687208,9.933207301298554,5
3687218,9.775035614486548,10
3687227,9.842778378872971,9
3687237,9.79113943778097,10
3687247,9.794745897447147,10
3687257,9.792608106966293,10
3687264,9.861054723907959,7
3687269,9.906290998792377,5
3687287,9.596824545147179,18
3687295,9.861533799899753,8
3687303,9.843423388389372,8
3687308,9.927646990852704,5
3687313,9.920327358868402,5
3687328,9.67820340487666,15
3687347,9.500055697127403,19
3687354,9.861133465741993,7
3687359,9.819047714953125,5
3687371,9.728785918963524,12
3687374,9.959142829908245,3
3687380,9.905242846076185,6
3687389,9.836769825472487,9
3687394,9.916766295506614,5
3687396,9.972405659847794,2
3687402,9.894537160224031,6
3687415,9.699017717254515,13
3687429,9.713348932420134,14
3687441,9.73369424118214,12
3687442,10.0,1
3687449,9.852989452129755,7
3687452,9.964706579994607,3
3687462,9.792237739633972,10
3687465,9.954393702760296,3
3687470,9.902598617244152,5
3687484,9.71514136690883,14
3687491,9.86473724300342,7
3687498,9.881508943669326,7
3687507,9.787137058224989,9
3687513,9.887560832738098,6
3687524,9.802213776835304,11
3687542,9.615833987371609,18
3687543,10.0,1
3687549,9.920000799987996,6
3687556,9.859710946322569,7
3687566,9.766702190434547,10
3687573,9.847877571805391,7
3687574,9.992363901525902,1
3687585,9.777326057456266,11
3687588,9.942820116596366,3
3687598,9.813038803802545,10
3687603,9.91241550455994,5
3687614,9.813569810299164,11
3687625,9.75907313786835,11
3687633,9.85070357743181,8
3687638,9.911892836866706,5
3687652,9.674997307241405,14
3687664,9.741640560841669,12
3687674,9.799600919671107,10
3687675,10.0,1
3687680,9.91110545928307,5
3687688,9.856248201342034,8
3687695,9.872118917100114,7
3687701,9.875867033012454,6
3687703,9.972670605847883,2
3687708,9.920462831031301,5
3687719,9.775179008177206,11
3687729,9.784082926390715,10
3687743,9.68006218498956,14
3687751,9.867829025187342,8
3687757,9.895565674522786,6
3687766,9.823467903922756,9
3687776,9.796411405518999,10
3687780,9.946572307926388,4
3687797,9.60446409300129,17
3687801,9.935118068194274,4
3687807,9.884614799132864,6
3687825,9.549418684360822,18
3687832,9.857301230557843,7
3687837,9.91678460057112,5
3687848,9.795305328260174,11
3687860,9.755571982356154,12
3687874,9.6883352979361,14
3687875,10.0,1
3687876,10.0,1
3687893,9.621058166031563,17
3687895,9.97084165867174,2
3687904,9.836471114429319,9
3687914,9.7796527582469,10
3687919,9.923085796888026,5
3687924,9.921841374717784,5
3687925,10.0,1
3687937,9.72973283862142,12
3687946,9.818856087039357,9
3687962,9.48404162201962,16
3687969,9.881479388610062,7
3687982,9.714502363049283,13
3687989,9.867810898095724,7
3687994,9.909786647431908,5
3687997,9.961713446457082,3
3688012,9.68031565657452,15
3688027,9.724045272868853,15
3688041,9.675466900445091,14
3688054,9.697824334744217,13
3688062,9.854167496421047,8
3688067,9.901099872732107,5
3688072,9.82720016803621,5
3688085,9.615363575212035,13
3688090,9.904210155269626,5
3688093,9.96592811858825,3
3688100,9.86066583077634,7
3688117,9.598498272868497,17
3688125,9.841116236383856,8
3688132,9.866235180172183,7
3688141,9.801767617614937,9
3688144,9.958448460196593,3
3688149,9.920996580882116,5
3688154,9.904874831566053,5
3688160,9.87770880333957,6
3688166,9.91172478554106,6
3688172,9.91162828732216,6
3688175,9.966618031404305,3
3688179,9.9297053266737,4
3688188,9.820173600998912,9
3688193,9.915603703838974,5
3688199,9.875517212599629,6
3688213,9.687948302105752,14
3688219,9.902788980741578,6
3688223,9.943826071919124,4
3688233,9.784982434513475,10
3688248,9.684909606646226,15
3688266,9.402004856809203,18
3688276,9.79314459287358,10
3688279,9.956193487420173,3
3688286,9.884747148921628,7
3688293,9.858612251507049,7
3688305,9.727935867607375,12
3688312,9.853450593345555,7
3688327,9.662452716807548,15
3688338,9.76252162233065,11
3688341,9.964537317777204,3
3688352,9.787403110286707,11
3688361,9.842283336821293,9
3688365,9.938915011337588,4
3688376,9.746290388592987,11
3688378,9.972748513359123,2
3688390,9.773260919925876,12
3688399,9.807698093441843,9
3688404,9.908572106769133,5
3688405,10.0,1
3688413,9.85053069288937,8
3688418,9.904545961534117,5
3688430,9.725131373389376,12
3688438,9.841038987329016,8
3688442,9.939101278874094,4
3688445,9.969313397025104,3
3688446,9.992200618173882,1
3688461,9.695646849559886,15
3688470,9.819631749599932,9
3688482,9.784008656585375,12
3688489,9.8873476645167,7
3688492,9.952881321570759,3
3688497,9.912633492633383,5
3688508,9.736786208334626,11
3688520,9.753874652081302,12
3688531,9.777273796416262,11
3688545,9.720585826325,14
3688563,9.616452121240085,18
3688574,9.759895979572153,11
3688576,9.98570695078756,2
3688583,9.863708712925467,7
3688592,9.732383628118022,9
3688608,9.655059471216875,16
3688619,9.766273189365341,11
3688632,9.714438960288884,13
3688637,9.897342165201449,5
3688647,9.782810035013213,10
3688658,9.769089598050439,11
3688663,9.92690593341902,5
3688679,9.619405513028873,16
3688692,9.70563320842092,13
3688700,9.850715752399866,8
3688703,9.94831262934986,3
3688715,9.732413821735197,12
3688727,9.746971032251118,12
3688737,9.800559495202585,10
3688747,9.776622434618298,10
3688751,9.951403237066305,4
3688752,10.0,1
3688760,9.840354395306397,8
3688767,9.86391467157964,7
3688774,9.87825997401471,7
3688790,9.644318097269213,16
3688797,9.881481453570634,7
3688810,9.721229222646052,13
3688818,9.855184596634956,8
3688819,10.0,1
3688824,9.911897361885865,5
3688837,9.715976724608847,13
3688852,9.343399902168203,15
3688862,9.766378349588583,10
3688871,9.819323373665032,9
3688880,9.718853626018829,9
3688891,9.790470396171056,11
3688900,9.841215366736895,9
3688913,9.734769917735905,13
3688932,9.50607126254776,19
3688935,9.966328545971692,3
3688939,9.930031853767796,4
3688942,9.963338361498797,3
3688957,9.66148051551834,15
3688961,9.948818362260097,4
3688968,9.875764839721919,7
3688973,9.929948809759468,5
3688985,9.739347024897,12
3688991,9.905032139415457,6
3688992,10.0,1
3689004,9.75988409511789,12
3689013,9.829014897981331,9
3689014,10.0,1
3689028,9.691286948049267,14
3689038,9.791856460514593,10
3689039,9.992795597998965,1
3689045,9.884228051081513,6
3689056,9.757131813899928,11
3689070,9.761865620881801,14
3689071,10.0,1
3689079,9.84752560830909,8
3689092,9.696815757925467,13
3689104,9.726413990468805,12
3689111,9.870247675773001,7
3689122,9.760679815529922,11
3689134,9.734801534767701,12
3689144,9.78933047207407,10
3689154,9.817861974592136,10
3689161,9.884900675345987,7
3689170,9.825509912774478,9
3689178,9.83985573741311,8
3689189,9.744120964506175,11
3689196,9.881953309617586,7
3689211,9.668074105868467,15
3689223,9.737143289038276,12
3689237,9.695128879513955,14
3689247,9.81364891992417,10
3689254,9.86259587871983,7
3689255,9.992623890590306,1
3689261,9.909221925527106,6
3689280,9.588918884830665,19
3689289,9.818738597737081,9
3689293,9.94079757393224,4
3689307,9.662814317968667,14
3689315,9.832737419145692,8
3689322,9.880309580891735,7
3689324,9.985913686424079,2
3689328,9.945134719392511,4
3689340,9.741626040377332,12
3689345,9.924080389416263,5
3689349,9.939316163563882,4
3689350,10.0,1
3689361,9.749515705424871,11
3689371,9.789228785629497,10
3689386,9.645033065918723,15
3689393,9.862646378646069,7
3689405,9.78149140778924,12
3689411,9.89835411518249,6
3689418,9.85476418328167,7
3689430,9.733074166840217,12
3689437,9.856972737536077,7
3689449,9.783239171502837,12
3689451,9.973618394803301,2
3689463,9.746170969251095,12
3689479,9.638293443037764,16
3689482,9.966327150348809,3
3689485,9.964518943654555,3
3689488,9.961206544242664,3
3689988,-210.22759543719144,500
3690488,-213.3887621648683,500
3690988,-213.5274445170826,500
3691000,9.788762666028058,12
3691015,9.654108159562295,15
3691018,9.96495376252607,3
3691023,9.916206064668954,5
3691027,9.93985637602449,4
3691028,10.0,1
3691033,9.92046271963555,5
3691040,9.882203773909456,7
3691044,9.939558274150283,4
3691056,9.767826308648297,12
3691066,9.793169431824307,10
3691082,9.677322073648407,16
3691094,9.738010111291002,12
3691103,9.802589580443495,9
3691116,9.68458122028021,13
3691126,9.791589910828217,10
3691129,9.963945917411515,3
3691130,9.988545209673449,1
3691138,9.84443578074852,8
3691144,9.899738648086402,6
3691157,9.727577013890134,13
3691171,9.656647743312488,14
3691175,9.939958715462378,4
3691178,9.959257728874274,3
3691185,9.875594605227818,7
3691193,9.859227214544966,8
3691202,9.8206450913018,9
3691207,9.908414914209347,5
3691208,9.992935886695912,1
3691212,9.94193154650084,4
3691222,9.784510187075929,10
3691230,9.828165759748408,8
3691232,9.976535018098238,2
3691249,9.586301372874898,17
3691255,9.905757620116251,6
3691256,10.0,1
3691257,10.0,1
3691278,9.40828691825199,21
3691282,9.92410044400688,4
3691289,9.881930241063783,7
3691290,10.0,1
3691293,9.964956487998023,3
3691301,9.827968205335635,8
3691307,9.897291539062705,6
3691321,9.671871118383605,14
3691326,9.91144239978604,5
3691335,9.804738273623157,9
3691344,9.837666122538204,9
3691350,9.917963964127896,6
3691356,9.908564454001523,6
3691359,9.959203495850504,3
3691363,9.935691729942082,4
3691379,9.623350026615036,16
3691380,10.0,1
3691385,9.91675216059684,5
3691391,9.906248610312764,6
3691400,9.822675443981025,9
3691414,9.681824387852354,14
3691415,10.0,1
3691417,9.969586931383391,2
3691422,9.937315991931838,5
3691434,9.739950110289227,12
3691447,9.701172159680114,13
3691451,9.939152602518837,4
3691460,9.806028306686494,9
3691467,9.875935027660903,7
3691477,9.800302547080811,10
3691490,9.706475024884133,13
3691501,9.773337503669895,11
3691514,9.713611670924001,13
3691523,9.808746436593346,9
3691540,9.51414774372778,17
3691556,9.647522460572317,16
3691557,10.0,1
3691566,9.78948075429219,9
3691574,9.830167986166227,8
3691582,9.850565363945192,8
3691597,9.683705396937738,15
3691604,9.873746618178389,7
3691615,9.751984535922801,11
3691630,9.682292777981118,15
3691642,9.748066442986229,12
3691650,9.876961694835215,8
3691663,9.731553464859992,13
3691669,9.893802044537916,6
3691684,9.60099488314538,15
3691708,9.61770571741314,24
3692208,-75.75197912176854,500
3692391,4.955910473501826,183
3692397,9.897542247582042,6
3692402,9.928628937085103,5
3692417,9.670601596450481,15
3692418,9.996845903573524,1
3692431,9.764002818610054,13
3692448,9.648050030152636,17
3692458,9.796573003286966,10
3692459,10.0,1
3692473,9.693285779716593,14
3692481,9.644365841829504,8
3692498,9.618750269173077,17
3692505,9.867561500980859,7
3692511,9.903946769238514,6
3692518,9.867354472917443,7
3692522,9.942350682729415,4
3692532,9.770362653735031,10
3692543,9.739910013615903,11
3692548,9.917184012736309,5
3692550,9.974605203163314,2
3692567,9.635418774796122,17
3692577,9.799882584318127,10
3692587,9.81461113624956,10
3692591,9.94257792375368,4
3692605,9.735446314916901,14
3692616,9.792953375878797,11
3692626,9.811710456121148,10
3692627,10.0,1
3692638,9.752768727997633,11
3692646,9.846179349748766,8
3692656,9.802081030299213,10
3692662,9.907877639485982,6
3692669,9.874613228186272,7
3692677,9.85366431413501,8
3692683,9.915542659278577,6
3692700,9.601517616229732,17
3692721,9.592119388748438,21
3692729,9.825812810035913,8
3692740,9.763736839365015,11
3692756,9.599972210868886,16
3692758,9.972878148340888,2
3692759,10.0,1
3692772,9.72364555171395,13
3692785,9.726829394996074,13
3692797,9.748283512913652,12
3692805,9.821553546885589,8
3692812,9.87946371254604,7
3692824,9.771241632847493,12
3692829,9.901954482253924,5
3692830,10.0,1
3692837,9.89521622594166,7
3692849,9.736166099460185,12
3692863,9.569836727453097,14
3692871,9.85224972286018,8
3692872,9.996247728498817,1
3692880,9.834520778476243,8
3692886,9.900865590550733,6
3692891,9.92344529525636,5
3692906,9.674361313896737,15
3692909,9.955925106012275,3
3692917,9.829301308206253,8
3692928,9.755611301468074,11
3692939,9.757668009482607,11
3692940,10.0,1
3692941,9.99649758959872,1
3692949,9.851417612430456,8
3692964,9.641506467144653,15
3692972,9.863850559689416,8
3692983,9.761976832306274,11
3692992,9.848156509793048,9
3692999,9.876505809337218,7
3693009,9.793464444312066,10
3693017,9.864807025000808,8
3693018,10.0,1
3693027,9.830220942953552,9
3693037,9.779573306461133,10
3693038,9.98997334601837,1
3693043,9.925694643002792,5
3693051,9.843153902598825,8
3693065,9.696120202522627,14
3693070,9.921142676040557,5
3693083,9.68480589375061,13
3693094,9.795429147980697,11
3693106,9.766980860380265,12
3693122,9.669816170714899,16
3693135,9.737509316290557,13
3693143,9.826407831382685,8
3693149,9.909266390018024,6
3693160,9.565815863258472,11
3693161,10.0,1
3693169,9.87021115032917,8
3693178,9.804323456463754,9
3693192,9.724301450745749,14
3693200,9.647012537351998,8
3693215,9.637644290927808,15
3693228,9.717326739727799,13
3693245,9.583496571668732,17
3693250,9.934736254497274,5
3693258,9.835801647167148,8
3693259,9.99655812406451,1
3693266,9.862041763066149,7
3693267,10.0,1
3693277,9.769799018043672,10
3693288,9.794492412507037,11
3693301,9.624228631360932,13
3693306,9.90486457588866,5
3693315,9.83403353608681,9
3693317,9.973929073218759,2
3693333,9.619337373031673,16
3693349,9.620272959750185,16
3693355,9.90509995640722,6
3693360,9.910970150737858,5
3693368,9.832914621938722,8
3693385,9.556102056070316,17
3693396,9.73742638426541,11
3693406,9.8025270349011,10
3693415,9.796317961619593,9
3693426,9.748999142427197,11
3693432,9.89162303473791,6
3693433,10.0,1
3693441,9.832949579946728,8
3693447,9.869687696222805,6
3693452,9.905654083261128,5
3693466,9.657610445477427,14
3693474,9.839822876061083,8
3693484,9.782118377760082,10
3693489,9.913647845394104,5
3693502,9.727774523179903,13
3693514,9.742559272894564,12
3693525,9.778281732210491,11
3693532,9.892707099702736,7
3693546,9.700906877907611,14
3693555,9.81496595260439,9
3693563,9.842590785624509,8
3693564,9.995934862670513,1
3693578,9.6813903073221,14
3693586,9.865144861971427,8
3693594,9.849684298359046,8
3693597,9.969838395435222,3
3693600,9.968642983060501,3
3693607,9.8843907666536,7
3693612,9.920428518772468,5
3693622,9.77425367039393,10
3693626,9.948935911355376,4
3693635,9.821387276059365,9
3693648,9.70700779474163,13
3693657,9.86072104266156,9
3693666,9.832328694086689,9
3693679,9.710409592795322,13
3693690,9.776228224499643,11
3693700,9.800531879630944,10
3693711,9.787586845251267,11
3693715,9.934355318033347,4
3693723,9.850842797006619,8
3693724,9.992394147454002,1
3693734,9.76743684797045,10
3693747,9.733059503431607,13
3693761,9.675561389576423,14
3693768,9.886359895865457,7
3693776,9.860241529834465,8
3693787,9.774793149258873,11
3693793,9.882004082867002,6
3693802,9.813869519874602,9
3693819,9.60390205093273,17
3693821,9.983601795793415,2
3693838,9.583877558923188,17
3693845,9.875686333755416,7
3693848,9.958323776019135,3
3693849,10.0,1
3693855,9.88576827087958,6
3693859,9.940690649756272,4
3693872,9.730994277289108,13
3693876,9.943966824287283,4
3693884,9.846302280710857,8
3693888,9.936294792135495,4
3693894,9.901442710375775,6
3693902,9.838641092936966,8
3693908,9.600736280587416,6
3693916,9.835800676603238,8
3693917,10.0,1
3693925,9.847623100451269,8
3693929,9.94802772081831,4
3693931,9.975848592403944,2
3693938,9.86251100623247,7
3693946,9.852650650551901,8
3693954,9.824959475929704,8
3693963,9.8582789371312,9
3693964,9.988708473271881,1
3693973,9.800999652880284,9
3693982,9.81811793882203,9
3693986,9.935447737803575,4
3693991,9.898963854232372,5
3694003,9.740916887607913,12
3694009,9.90679423060766,6
3694019,9.775672399731558,10
3694026,9.872414901842424,7
3694036,9.774887822087754,10
3694048,9.73471132544626,12
3694049,10.0,1
3694060,9.807760360775852,11
3694061,10.0,1
3694069,9.849412740801407,8
3694078,9.833575995685084,9
3694093,9.662799270052375,15
3694099,9.864249343328003,6
3694106,9.87168041436489,7
3694110,9.927808339337204,4
3694119,9.84093645181362,9
3694127,9.656989646433772,8
3694134,9.884604164739144,7
3694139,9.927133659073947,5
3694153,9.682890546134866,14
3694164,9.752241723158606,11
3694169,9.908526614895173,5
3694177,9.867891736186477,8
3694188,9.797056942692752,11
3694206,9.672605288247688,18
3694221,9.656358068465064,15
3694222,9.992697343930846,1
3694234,9.750112032008243,12
3694238,9.938025457813328,4
3694246,9.85928414919553,8
3694251,9.913876404952488,5
3694266,9.652678446932349,15
3694270,9.932289214135261,4
3694276,9.88933214891538,6
3694277,10.0,1
3694286,9.803884024480016,9
3694296,9.779198889176588,10
3694300,9.93341167965632,4
3694307,9.879930744276406,7
3694323,9.710026385929062,16
3694324,9.98795630857774,1
3694336,9.74865724785149,12
3694346,9.818655179630797,10
3694350,9.95105883419604,4
3694363,9.729753100274674,13
3694372,9.824689546975366,9
3694384,9.763230789172937,12
3694396,9.755747165065587,12
3694397,10.0,1
3694399,9.977879773722005,2
3694414,9.683911472888878,15
3694420,9.892259910960265,6
3694432,9.743828023892139,12
3694440,9.868752326463747,8
3694444,9.937781093061936,4
3694451,9.861015678001426,7
3694466,9.634145958448043,15
3694472,9.882961962905096,6
3694478,9.905502516843951,6
3694490,9.760878497697636,12
3694494,9.931028645940371,4
3694500,9.885108930984318,6
3694511,9.764362046480894,11
3694522,9.777984978268778,11
3694528,9.903051682794043,6
3694539,9.813507011971037,11
3694542,9.97132752680752,3
3694558,9.570509649157216,16
3694574,9.612800454249527,16
3694587,9.701516397940665,13
3694592,9.919935780343078,5
3694597,9.931376227714331,5
3694605,9.853998016063825,8
3694612,9.8846993708494,7
3694624,9.733091226972821,12
3694630,9.873502756251801,6
3694635,9.920409078398862,5
3694648,9.715617578472443,13
3694661,9.72149870925712,13
3694676,9.716380238554905,15
3694686,9.760194624847633,10
3694701,9.670077179810884,15
3694707,9.901480396723908,6
3694721,9.687934418100534,14
3694736,9.701629103761952,15
3694746,9.824662627397517,10
3694754,9.864261369425762,8
3694764,9.785369702842026,10
3694780,9.648418090298826,16
3694792,9.730439918067805,12
3694793,10.0,1
3694798,9.901971847307145,5
3694813,9.656409039942966,15
3694821,9.831692647779738,8
3694836,9.656224422593098,15
3694845,9.81416078194528,9
3694853,9.853334592379637,8
3694855,9.970507379206593,2
3694856,10.0,1
3694861,9.942580300726897,5
3694866,9.93902919376078,5
3694874,9.86742148771435,8
3694880,9.910447094951651,6
3694888,9.840258947644696,8
3694897,9.8119253837192,9
3694904,9.871805964815223,7
3694912,9.853152680530558,8
3694924,9.773227611827862,12
3694933,9.829545350240181,9
3694941,9.860276641775494,8
3694946,9.911914108909375,5
3694952,9.894112451701494,6
3694958,9.909763956242383,6
3694959,10.0,1
3694969,9.696435916600617,10
3694974,9.931393103175031,5
3694976,9.96742644718953,2
3694985,9.81192868077315,9
3694998,9.72459543031738,13
3695014,9.605391730216287,16
3695023,9.816799812294983,9
3695032,9.85499363053288,9
3695036,9.937014993857948,4
3695042,9.908324334178385,6
3695043,10.0,1
3695049,9.882612513898746,6
3695060,9.730724300670273,11
3695068,9.820409782119945,8
3695070,9.984360390808469,2
3695076,9.892409361097961,6
3695087,9.760370799693465,11
3695100,9.722750462785623,13
3695115,9.63257757607248,15
3695118,9.947792053368492,3
3695121,9.966377531923623,3
3695131,9.830410639564276,10
3695142,9.770300039133685,11
3695145,9.969083100083994,3
3695160,9.677359773879642,15
3695165,9.908902837448474,5
3695176,9.813886778448849,11
3695189,9.719621830793916,13
3695193,9.936415567621154,4
3695195,9.980493374759563,2
3695212,9.607482969481339,17
3695213,10.0,1
3695222,9.812403767496281,9
3695237,9.70369423412685,15
3695245,9.851607635833247,8
3695252,9.865283199786255,7
3695256,9.943679716851845,4
3695263,9.855767795467877,7
3695269,9.894574112581672,6
3695275,9.911764101378871,6
3695281,9.918170244242626,6
3695299,9.659807466713367,18
3695305,9.909380003396548,6
3695313,9.876890558631972,8
3695319,9.892757599473585,6
3695332,9.714580210495562,13
3695346,9.703626625034468,14
3695347,10.0,1
3695367,9.542232843180047,20
3695380,9.73901299210431,13
3695387,9.849605373468718,7
3695393,9.881711114161758,6
3695403,9.771692454608429,10
3695404,10.0,1
3695411,9.884650192330325,7
3695416,9.920770267445223,5
3695424,9.812967341873737,8
3695435,9.775202489037442,11
3695445,9.78673482881508,10
3695457,9.75648840211128,12
3695464,9.886688476580007,7
3695473,9.826632924126717,9
3695480,9.882922361229035,7
3695481,10.0,1
3695486,9.905365208638825,5
3695490,9.936483989958411,4
3695497,9.880590361149634,7
3695503,9.873845659881225,6
3695510,9.857180319698049,7
3695520,9.780646733124716,10
3695521,10.0,1
3695522,10.0,1
3695532,9.79590572451808,10
3695540,9.845878690015157,8
3695559,9.602560110521221,19
3695571,9.714789699503395,12
3695576,9.92491419525088,5
3695577,9.989299885785858,1
3695591,9.714015335124316,14
3695601,9.786531995249227,10
3695603,9.978423980018517,2
3695606,9.864799915154949,3
3695610,9.931296255592072,4
3695620,9.797474608018685,10
3695634,9.594673926945697,14
3695643,9.837138787435228,9
3695651,9.856554637794227,8
3695660,9.815716688508104,9
3695676,9.626747653297748,16
3695690,9.67611904123209,14
3695700,9.782993622460886,10
3695705,9.933316399983658,5
3695706,9.996566866374268,1
3695710,9.944214656392791,4
3695721,9.780411321033307,11
3695735,9.737194735675617,14
3695743,9.828682178188021,8
3695757,9.692303014952316,14
3695768,9.822101584586749,11
3695773,9.918939096156675,5
3695789,9.638582625567437,16
3695794,9.92302394919516,5
3695809,9.740047181630736,15
3695816,9.862274661918198,7
3695826,9.797566833559836,10
3695843,9.668751062071525,17
3695856,9.727590678126107,13
3695861,9.918155189618375,5
3695871,9.78477733318026,10
3695880,9.829559008078402,9
3695890,9.797943862782324,10
3695892,9.979430584080038,2
3695906,9.691278706832406,14
3695909,9.952073969305772,3
3695920,9.76767873213456,11
3695923,9.953040493712546,3
3695929,9.896823596281608,6
3695941,9.772931754458405,12
3695948,9.861668357176782,7
3695952,9.923272421477396,4
3695961,9.705794317540926,9
3695973,9.623702362210999,12
3695979,9.896209196883227,6
3695988,9.797717219299905,9
3695989,10.0,1
3696000,9.744793215525332,11
3696005,9.916199570062432,5
3696011,9.893914342612135,6
3696020,9.726764332172865,9
3696029,9.596911925307545,9
3696041,9.733828867128983,12
3696054,9.708880639250687,13
3696063,9.806605360502273,9
3696064,10.0,1
3696075,9.77681248782876,11
3696077,9.970218284964725,2
3696086,9.827335844240661,9
3696090,9.933784410076175,4
3696096,9.875913168669683,6
3696106,9.78492765214574,10
3696123,9.6211665802155,17
3696126,9.96360726457438,3
3696140,9.665036468504551,14
3696146,9.894578989441056,6
3696154,9.869267628356505,8
3696155,9.996438291886797,1
3696168,9.724340003321911,13
3696177,9.812283909995989,9
3696185,9.82164638041726,8
3696195,9.78020853207545,10
3696196,10.0,1
3696203,9.877896104578088,7
3696217,9.689274922940811,14
3696227,9.829859595524482,10
3696240,9.721723122633268,13
3696248,9.833494862110737,8
3696261,9.696883804055954,13
3696272,9.750892354314221,11
3696279,9.8466222363403,7
3696288,9.816478145054587,9
3696307,9.580900728325478,19
3696315,9.848072463497795,8
3696320,9.922760126084972,5
3696324,9.931088138738533,4
3696336,9.779049734291561,12
3696339,9.949671188667137,3
3696349,9.72418509054642,10
3696363,9.701293243492785,14
3696377,9.673385678485209,14
3696384,9.852424980719752,7
3696388,9.949415269998937,4
3696396,9.844340211297977,8
3696397,9.988626240723082,1
3696406,9.805404321244051,9
3696413,9.89608643729564,7
3696423,9.7643184375262,10
3696424,10.0,1
3696439,9.65212091936967,15
3696443,9.941719399910953,4
3696449,9.920837808414888,6
3696457,9.84813484188742,8
3696461,9.944124329423424,4
3696463,9.985132915487197,2
3696470,9.877516272163724,7
3696476,9.88982327131864,6
3696484,9.840607869055983,8
3696495,9.782224037790298,11
3696503,9.825432661460692,8
3696510,9.864951377802264,7
3696514,9.953222655677212,4
3696519,9.905566404053632,5
3696524,9.923013888031209,5
3696531,9.8673444744226,7
3696536,9.900753260527198,5
3696552,9.664823791034978,16
3696566,9.731316978012604,14
3696567,10.0,1
3696586,9.532692750910657,19
3696591,9.935070136825793,5
3696599,9.829615690524978,8
3696607,9.835345039394635,8
3696617,9.78019383229979,10
3696628,9.773936766030959,11
3696635,9.871216908253878,7
3696650,9.681511055225092,15
3696657,9.891255784720594,7
3696667,9.590764561247633,10
3696678,9.790151490704565,11
3696688,9.811828297909258,10
3696691,9.95219947736681,3
3696692,10.0,1
3696706,9.688006347856266,14
3696714,9.84214493733041,8
3696719,9.923545246623389,5
3696731,9.742951436224141,12
3696749,9.588913175436256,18
3696760,9.757253814189962,11
3696763,9.952638981822712,3
3696768,9.911192708457683,5
3696779,9.780078151929992,11
3696788,9.814775345453,9
3696799,9.763390943289696,11
3696808,9.8111231199009,9
3696822,9.755993867067676,14
3696828,9.890797122602756,6
3696832,9.932337104868411,4
3696859,8.92288504627942,27
3696867,9.836517047361145,8
3696880,9.71211782062936,13
3696888,9.860647960586585,8
3696903,9.657029024692232,15
3696911,9.850541519673254,8
3696920,9.803766845953406,9
3696931,9.756430186827066,11
3696945,9.704342217212204,14
3696959,9.711937341308168,14
3696965,9.901192741691245,6
3696976,9.7417351486289,11
3696985,9.833935020173048,9
3696995,9.789040420888846,10
3697008,9.712753507779308,13
3697025,9.637919440408544,17
3697030,9.91197563284753,5
3697032,9.97553423373243,2
3697038,9.896244614097329,6
3697045,9.883342259172556,7
3697046,10.0,1
3697054,9.853124901194468,8
3697064,9.791810453175618,10
3697068,9.937148200268574,4
3697078,9.808272429298698,10
3697083,9.920394821839702,5
3697096,9.71659662689365,13
3697107,9.768564525565347,11
3697114,9.890331494026691,7
3697122,9.86627160066889,8
3697136,9.679409358983643,14
3697143,9.877819726548827,7
3697149,9.900119747518582,6
3697155,9.892450779930988,6
3697169,9.705641984740472,14
3697172,9.967240750345535,3
3697181,9.79812772193515,9
3697191,9.76917568751271,10
3697205,9.67810398175211,14
3697211,9.903795276498743,6
3697223,9.725436169854795,12
3697234,9.74405278091218,11
3697246,9.756675304040249,12
3697250,9.943900865264423,4
3697264,9.493183872114702,14
3697274,9.718259872880092,10
3697278,9.93246926277664,4
3697288,9.821335825032675,10
3697295,9.880678087426842,7
3697301,9.893805222417075,6
3697310,9.797360487924719,9
3697322,9.746855965211928,12
3697328,9.881557203938158,6
3697337,9.819674447673199,9
3697348,9.782175451745777,11
3697358,9.795186022673107,10
3697363,9.931532841056699,5
3697366,9.96735794498373,3
3697370,9.9365135351512,4
3697372,9.967733889493493,2
3697375,9.965346712666737,3
3697382,9.867181307072299,7
3697389,9.889983115665256,7
3697390,10.0,1
3697391,9.988973039992327,1
3697397,9.903545137490092,6
3697414,9.598652662075722,17
3697422,9.84695798553799,8
3697429,9.851495882714996,7
3697439,9.814644970819142,10
3697441,9.978185857767475,2
3697442,10.0,1
3697449,9.879922004001216,7
3697453,9.937569353451178,4
3697456,9.954328202488075,3
3697457,10.0,1
3697459,9.977392244974643,2
3697473,9.679047656485615,14
3697483,9.823292040308784,10
3697493,9.814927997114125,10
3697494,10.0,1
3697500,9.876511822998904,6
3697501,10.0,1
3697512,9.764969105839443,11
3697513,9.996459927566992,1
3697525,9.713779524735491,12
3697531,9.87946159630165,6
3697532,10.0,1
3697544,9.733590389863332,12
3697548,9.93433023411995,4
3697560,9.725341566122935,12
3697572,9.744806882105683,12
3697573,10.0,1
3697582,9.81114714683329,9
3697590,9.853803099817688,8
3697603,9.690766263168241,13
3697614,9.73294385836572,11
3697628,9.688178183181348,14
3697645,9.66451713967485,17
3697649,9.94707219054686,4
3697662,9.720496478661975,13
3697669,9.859409447383863,7
3697680,9.773620488851833,11
3697686,9.897910912528703,6
3697694,9.836789673042254,8
3697695,10.0,1
3697702,9.87841765940449,7
3697712,9.793797139619151,10
3697722,9.803779818716153,10
3697729,9.859378642796086,7
3697735,9.780690165270078,6
3697744,9.792393575425,9
3697751,9.88725216377892,7
3697763,9.732771640376763,12
3697770,9.872024851958402,7
3697775,9.919448792249488,5
3697780,9.907929261106093,5
3697782,9.978496796834476,2
3697793,9.748495722336258,11
3697794,10.0,1
3697795,9.996393419259443,1
3697804,9.816144023828056,9
3697818,9.677570702562988,14
3697830,9.72575651365291,12
3697843,9.706058440392797,13
3697850,9.881656715019531,7
3697856,9.912204921417542,6
3697867,9.7519760957463,11
3697877,9.80357485565317,10
3697892,9.561585704208706,15
3697908,9.662721525361519,16
3697910,9.977178187840053,2
3697916,9.905383311852898,6
3697926,9.81652442948924,10
3697934,9.849367521489105,8
3697940,9.897615252236301,6
3697945,9.910578664264648,5
3697950,9.915761068992529,5
3697959,9.83007692625203,9
3697964,9.920919297397408,5
3697976,9.729218017159802,12
3698002,9.513398678124283,26
3698014,9.772047467701814,12
3698035,9.48141954926533,21
3698042,9.873490639262116,7
3698043,10.0,1
3698050,9.854017109867634,7
3698053,9.948513838782631,3
3698058,9.938203956079512,5
3698063,9.913390807693863,5
3698074,9.76962778737299,11
3698084,9.774989513897275,10
3698091,9.875768154400905,7
3698099,9.828863862505823,8
3698110,9.768972884349346,11
3698119,9.613269077758645,9
3698129,9.799745178428166,10
3698137,9.834877379763865,8
3698148,9.725838820318595,11
3698153,9.91930425246748,5
3698159,9.89528779308704,6
3698160,10.0,1
3698161,9.98803172329214,1
3698170,9.861081940677263,9
3698175,9.923956856130971,5
3698188,9.677904305048072,13
3698198,9.812898490437508,10
3698203,9.92389029212239,5
3698206,9.967430605085024,3
3698218,9.692725065675422,12
3698223,9.922512046738916,5
3698231,9.847633030395421,8
3698256,9.504851634056717,25
3698257,10.0,1
3698264,9.857765152015737,7
3698270,9.893938225355752,6
3698282,9.778336351987775,12
3698290,9.83813277741116,8
3698295,9.92880171145756,5
3698300,9.925491008632154,5
3698304,9.939313712154767,4
3698309,9.92886568810011,5
3698321,9.719510958628241,12
3698331,9.782772690294266,10
3698337,9.900216727249509,6
3698345,9.852108726315942,8
3698349,9.941656564891273,4
3698355,9.884816045060907,6
3698356,10.0,1
3698359,9.95246459685975,3
3698374,9.676997515214458,15
3698383,9.813118146893048,9
3698398,9.673494478987319,15
3698410,9.73360378201376,12
3698422,9.758057284469526,12
3698423,10.0,1
3698432,9.845584722615335,9
3698437,9.704010782815871,5
3698450,9.714362351083524,13
3698455,9.91346234198134,5
3698461,9.920212129626465,6
3698466,9.925262285204665,5
3698475,9.811981408458365,9
3698486,9.784653720300591,11
3698506,9.520638568674224,20
3698511,9.930551388540259,5
3698518,9.776680642267252,7
3698524,9.887984187989849,6
3698536,9.751181778690999,12
3698541,9.907837270644103,5
3698544,9.969301033671462,3
3698555,9.74837569192512,11
3698562,9.870697508297065,7
3698573,9.767709702390372,11
3698580,9.854490901315849,7
3698599,9.569592644413534,19
3698606,9.89584780531134,7
3698616,9.798866995302667,10
3698623,9.866140371334609,7
3698635,9.72286918550169,12
3698643,9.859616471586996,8
3698652,9.830383788814114,9
3698665,9.723941114656991,13
3698677,9.746741193721718,12
3698686,9.826925710456239,9
3698690,9.953861441855299,4
3698691,10.0,1
3698700,9.815445276722308,9
3698708,9.836498578623774,8
3698715,9.875561467561383,7
3698720,9.896072048692606,5
3698732,9.554360220048626,12
3698742,9.79449736810817,10
3698753,9.753482107349585,11
3698762,9.789074195819607,9
3698772,9.823394308672349,10
3698780,9.820872693649697,8
3698786,9.874913335009497,6
3698794,9.867943553049432,8
3698803,9.816640409266308,9
3698812,9.850559736811876,9
3698820,9.826594205810682,8
3698823,9.967194431373619,3
3698829,9.8945759807042,6
3698835,9.901521151326799,6
3698836,10.0,1
3698846,9.784740041708371,10
3698859,9.716345947676796,13
3698868,9.822325533280157,9
3698876,9.862908935483402,8
3698880,9.928064308630288,4
3698890,9.808637040642662,10
3698895,9.917341164209411,5
3698905,9.808910936111205,10
3698919,9.692661072396385,14
3698920,10.0,1
3698923,9.961524874737648,3
3698930,9.84384067109197,7
3698946,9.618927619787495,16
3698947,9.98911522595149,1
3698950,9.953253483359763,3
3698954,9.933535595226383,4
3698958,9.940933376048482,4
3698964,9.906071176695255,6
3698969,9.913565796752328,5
3698973,9.848659803599078,4
3698988,9.647798487603886,15
3698998,9.75872124366978,10
3699010,9.702514769741313,12
3699013,9.966958410856146,3
3699019,9.891359080113023,6
3699026,9.873623116415722,7
3699032,9.898822162624043,6
3699049,9.593959716188758,17
3699061,9.756084700073915,12
3699073,9.732806182546602,12
3699090,9.621569375482137,17
3699095,9.913130875076947,5
3699098,9.957733618002068,3
3699101,9.968000762629359,3
3699109,9.840084689028755,8
3699117,9.827700534679206,8
3699128,9.79800584282609,11
3699132,9.931519369597732,4
3699146,9.684686659375902,14
3699157,9.744650963659035,11
3699164,9.865895234582307,7
3699175,9.780892888984553,11
3699189,9.7193779035401,14
3699198,9.832559940074889,9
3699206,9.84309678911024,8
3699207,10.0,1
3699216,9.8054969215764,9
3699222,9.900144807252254,6
3699233,9.780484695248655,11
3699242,9.827523352935899,9
3699248,9.884649007553202,6
3699256,9.844909331125189,8
3699267,9.777901886187012,11
3699273,9.89190972145266,6
3699274,9.987989157451883,1
3699281,9.881347861067002,7
3699284,9.961926614678347,3
3699288,9.928999296155467,4
3699296,9.85276439900502,8
3699302,9.884208329877234,6
3699303,10.0,1
3699316,9.703407447041506,13
3699327,9.770011076448121,11
3699338,9.74531440825345,11
3699346,9.814995591896658,8
3699350,9.932797807741132,4
3699361,9.783268126571825,11
3699368,9.86592506365419,7
3699372,9.941397355789658,4
3699384,9.740112589311767,12
3699391,9.868976112898073,7
3699395,9.939297200528838,4
3699399,9.928914242008757,4
3699408,9.821725290487416,9
3699419,9.754906427600387,11
3699433,9.693503302293328,14
3699448,9.652943254731712,15
3699462,9.612414012411584,14
3699470,9.82150298564385,8
3699471,10.0,1
3699482,9.737291681385651,11
3699487,9.925849477607185,5
3699490,9.965035980280264,3
3699503,9.70839781128063,13
3699512,9.812005797674201,9
3699516,9.951883680197927,4
3699521,9.910198571047248,5
3699528,9.862783589940793,7
3699538,9.814153108175677,10
3699552,9.67314824887809,14
3699561,9.826680017663747,9
3699562,10.0,1
3699570,9.83740444024838,8
3699579,9.839920204485294,9
3699587,9.855681661332277,8
3699595,9.86566052188477,8
3699603,9.83719402578577,8
3699614,9.65092673669589,11
3699622,9.868797819080283,8
3699629,9.872969259621135,7
3699632,9.947982491912981,3
3699643,9.752737135555826,11
3699658,9.681415601029908,15
3699667,9.835977974406163,9
3699673,9.89888829767457,6
3699679,9.88512413733336,6
3699687,9.845961676568166,8
3699694,9.88822003728794,7
3699699,9.926867736403462,5
3699704,9.91580954362183,5
3699711,9.880379960737763,7
3699722,9.808121922867162,11
3699729,9.849392558729527,7
3699730,10.0,1
3699741,9.739784818050378,11
3699744,9.958103378005392,3
3699750,9.875495566787482,6
3699760,9.782900118618022,10
3699773,9.753040595316387,13
3699778,9.92884727377252,5
3699792,9.735856224591718,14
3699806,9.71224434421066,14
3699814,9.83237119212267,8
3699828,9.655204819653845,14
3699830,9.976077939452999,2
3699841,9.639753388814537,11
3699850,9.797926289355106,9
3699864,9.70439677239634,14
3699873,9.817761610110248,9
3699874,10.0,1
3699878,9.944165249646723,4
3699885,9.874682834066794,7
3699892,9.8651081640431,7
3699900,9.832767302155812,8
3699908,9.860978580613914,8
3699914,9.90255046282186,6
3699919,9.910632214098259,5
3699921,9.973010616634358,2
3699932,9.813903022399645,11
3699937,9.930077591080538,5
3699945,9.863351178883967,8
3699946,10.0,1
3699956,9.788944535497071,10
3699962,9.877806368814687,6
3699968,9.89079121812779,6
3699976,9.835711460747111,8
3699984,9.868533581626949,8
3699987,9.969852753902165,3
3699994,9.77427555089587,7
3699995,10.0,1
3700008,9.704551963386553,13
3700020,9.727267913890397,12
3700025,9.694312002959558,5
3700030,9.91044792243635,5
3700039,9.813034356520681,9
3700044,9.715412792709312,5
3700051,9.863548483121624,7
3700056,9.909201222952104,5
3700058,9.979733779248011,2
3700073,9.665182562571001,15
3700080,9.866831965880008,7
3700090,9.779507192941779,10
3700098,9.836514424636093,8
3700110,9.756045473944788,12
3700121,9.752512961456798,11
3700129,9.84507444100039,8
3700130,9.991879831541771,1
3700142,9.75331096175762,12
3700146,9.946063380015675,4
3700154,9.836336438092923,8
3700157,9.965264533631812,3
3700167,9.785558180280344,10
3700175,9.830896667847782,8
3700192,9.584285983782648,17
3700201,9.82036988128878,9
3700208,9.861220003069345,7
3700219,9.791320272982045,11
3700225,9.888525759968362,6
3700235,9.805899312293931,10
3700247,9.287120227309137,12
3700260,9.704459184472313,13
3700273,9.709214322915194,13
3700290,9.667319202235968,17
3700296,9.902714877139156,6
3700306,9.827756078347022,10
3700323,9.62117051635337,17
3700333,9.777109005759895,10
3700336,9.961552704818086,3
3700347,9.740144144639425,11
3700356,9.839305402782221,9
3700365,9.809369849051238,9
3700371,9.877924098975187,6
3700376,9.919197810163066,5
3700383,9.887622911272361,7
3700391,9.844259752741433,8
3700397,9.894312777047938,6
3700402,9.908823871196654,5
3700412,9.826928537792107,10
3700423,9.770739646668202,11
3700436,9.718629970104951,13
3700449,9.571134175060664,13
3700450,9.996499403264222,1
3700460,9.81417865232963,10
3700465,9.912303582541494,5
3700469,9.93053863027907,4
3700481,9.757728794915433,12
3700489,9.859632897668478,8
3700495,9.886892776733749,6
3700509,9.66139354707841,14
3700521,9.746988100608085,12
3700526,9.931334933529687,5
3700531,9.920687149115768,5
3700543,9.827985981942694,12
3700554,9.755607024616017,11
3700567,9.724553747573525,13
3700574,9.879140213328927,7
3700575,10.0,1
3700584,9.823870924959099,9
3700585,10.0,1
3700595,9.794497251747924,10
3700602,9.872335434450553,7
3700615,9.729865705602815,13
3700620,9.925491893916819,5
3700626,9.886834380930642,6
3700643,9.599053077687133,17
3700655,9.734287424986091,12
3700662,9.871350783967287,7
3700678,9.632112150733752,16
3700682,9.9400142690059,4
3700687,9.933046847343208,5
3700688,10.0,1
3700697,9.818674985146396,9
3700702,9.910907666889084,5
3700709,9.865277557320464,7
3700714,9.914061042177307,5
3700720,9.905747538389688,6
3700726,9.909636484587665,6
3700733,9.871440893207238,7
3700734,10.0,1
3700739,9.928856507899374,5
3700744,9.923810362161728,5
3700750,9.898469640590081,6
3700757,9.865788460474208,7
3700764,9.85580879344777,7
3700771,9.87519168630076,7
3700775,9.934794726999316,4
3700785,9.805905393121229,10
3700791,9.915528786038072,6
3700802,9.79304903911199,11
3700812,9.80449325998906,10
3700820,9.853362203293788,8
3700833,9.700951716314965,13
3700843,9.796788953842583,10
3700854,9.652963656679612,11
3700867,9.715080530045997,13
3700879,9.738906502354297,12
3700885,9.902478740219843,6
3700886,10.0,1
3700895,9.820807643808468,9
3700896,10.0,1
3700906,9.793086281450076,10
3700907,10.0,1
3700918,9.761768079585169,11
3700927,9.815151150133069,9
3700937,9.782605175393197,10
3700941,9.94937253893221,4
3700948,9.84624273815071,7
3700961,9.704417927821861,13
3700971,9.800192540021108,10
3700989,9.556489719690854,18
3700990,10.0,1
3700998,9.833231557366453,8
3701008,9.790367305262471,10
3701009,9.993447057684936,1
3701010,10.0,1
3701022,9.751263973486981,12
3701030,9.838585429916249,8
3701031,9.996825525960535,1
3701040,9.794305369616756,9
3701055,9.668807078243802,15
3701061,9.888649587202092,6
3701073,9.73201397774668,12
3701082,9.825939083990237,9
3701087,9.909584385144553,5
3701095,9.849274724682036,8
3701106,9.675050990928755,11
3701119,9.470140365457024,13
3701125,9.895044700944243,6
3701136,9.800487196907465,11
3701147,9.780238745761872,11
3701159,9.719973462672598,12
3701167,9.829563561040446,8
3701174,9.862886118907792,7
3701187,9.585029125498876,13
3701190,9.960803625417364,3
3701196,9.903771076130035,6
3701201,9.916341727432696,5
3701207,9.896051807520974,6
3701208,10.0,1
3701216,9.840503841290953,8
3701231,9.690724333677792,15
3701233,9.971437774862753,2
3701244,9.775285999016916,11
3701259,9.582448476152528,15
3701269,9.794614970703078,10
3701284,9.650650853309312,15
3701285,10.0,1
3701294,9.801135478204184,9
3701306,9.739461001707927,12
3701312,9.890054746362042,6
3701320,9.86855783830705,8
3701325,9.934879474093112,5
3701339,9.759649044598133,14
3701348,9.812537790290532,9
3701359,9.756006205388124,11
3701369,9.812897456511825,10
3701379,9.779208953984487,10
3701386,9.871087184709687,7
3701393,9.86225761004383,7
3701398,9.921095534524913,5
3701405,9.856407904887071,7
3701412,9.871107710598514,7
3701424,9.742917212275993,12
3701435,9.761637838563779,11
3701436,9.98911261176666,1
3701446,9.810504031438677,10
3701454,9.863407463256172,8
3701462,9.855808050878316,8
3701467,9.934951402261769,5
3701468,10.0,1
3701475,9.87623739974766,7
3701479,9.935483505663681,4
3701480,10.0,1
3701492,9.70749391037263,12
3701503,9.755203895056027,11
3701504,10.0,1
3701516,9.76644275024968,12
3701523,9.87747544645787,7
3701534,9.790011234046348,11
3701540,9.88898037659828,6
3701541,10.0,1
3701548,9.897969844531413,7
3701554,9.88494969729723,6
3701561,9.867544775632414,7
3701564,9.950212944536984,3
3701575,9.77525586812671,11
3701588,9.722926541100838,13
3701593,9.90710159452944,5
3701597,9.94831018250253,4
3701614,9.647209125389805,17
3701619,9.91839394123904,5
3701624,9.915195256485433,5
3701625,10.0,1
3701631,9.897091551857159,6
3701636,9.910290442510428,5
3701648,9.724165461255199,12
3701663,9.570069829074598,15
3701671,9.842838431951902,8
3701677,9.902512789591547,6
3701680,9.955115975383727,3
3701690,9.773101188770749,10
3701703,9.717702693836035,13
3701709,9.892668585187137,6
3701718,9.81218049283203,9
3701721,9.95351112742033,3
3701731,9.779494706370912,10
3701738,9.871764991754661,7
3701746,9.82837000943103,8
3701753,9.885718869944784,7
3701768,9.649117756501752,15
3701786,9.353498046501539,18
3701792,9.911270162495663,6
3701793,10.0,1
3701794,9.996294829847773,1
3701799,9.910891985501456,5
3701806,9.86971223971326,7
3701824,9.407183304650777,18
3701828,9.953876098474058,4
3701829,10.0,1
3701835,9.879401278216086,6
3701836,10.0,1
3701849,9.69666131127306,13
3701850,10.0,1
3701858,9.834189245677516,8
3701872,9.6998222935651,14
3701880,9.87075461608043,8
3701881,10.0,1
3701886,9.803350592168238,5
3701891,9.915080030524496,5
3701900,9.789971655465505,9
3701916,9.685310859487362,16
3701922,9.902497752272664,6
3701923,10.0,1
3701925,9.976808056322065,2
3701932,9.867499503909947,7
3701933,10.0,1
3701944,9.765580440359544,11
3701952,9.85451978777417,8
3701963,9.760386498560164,11
3701978,9.646576930413133,15
3701983,9.897422013330594,5
3701994,9.758188332221657,11
3702006,9.754147605374364,12
3702014,9.864387411024904,8
3702027,9.65191414519533,13
3702034,9.87459424940893,7
3702046,9.74103077098827,12
3702060,9.675304469735211,14
3702066,9.897101509011517,6
3702071,9.909033905046371,5
3702073,9.974164610158294,2
3702088,9.672677006916231,15
3702095,9.863845748041719,7
3702096,10.0,1
3702104,9.854726220985455,8
3702112,9.859496376943413,8
3702125,9.684825185642593,13
3702130,9.922995768432752,5
3702138,9.831873577433566,8
3702139,10.0,1
3702150,9.660120551979741,11
3702156,9.91866871874776,6
3702161,9.924635615954065,5
3702170,9.817407732111484,9
3702182,9.733990183111873,12
3702196,9.678415077728259,14
3702204,9.864035294519837,8
3702214,9.780722500442657,10
3702233,9.622488583541712,19
3702240,9.852328764010768,7
3702248,9.8515499456256,8
3702261,9.748651418601575,13
3702266,9.906441645237086,5
3702270,9.94034960995891,4
3702284,9.69028951055553,14
3702293,9.822227521158219,9
3702311,9.675852840143632,18
3702323,9.72854951881709,12
3702331,9.849229646133018,8
3702332,9.988109795007299,1
3702350,9.574611193729117,18
3702360,9.790569983891809,10
3702372,9.731932383773218,12
3702377,9.903145230977103,5
3702380,9.958353406287564,3
3702389,9.828490019665256,9
3702402,9.659283689349131,13
3702408,9.890298917858734,6
3702419,9.680882710382814,11
3702437,9.519936511488455,18
3702441,9.937146444946988,4
3702450,9.794389820301891,9
3702471,9.296802149172708,21
3702480,9.813625235801272,9
3702490,9.80539943851278,10
3702494,9.928608178409604,4
3702499,9.91078812520988,5
3702505,9.889819403166946,6
3702506,10.0,1
3702520,9.703398607608603,14
3702521,9.988670594962654,1
3702532,9.763622178813888,11
3702543,9.745009336086989,11
3702548,9.904383042361935,5
3702549,10.0,1
3702555,9.891661712742179,6
3702559,9.927341182538507,4
3702565,9.893979500558565,6
3702577,9.723631320967607,12
3702586,9.81830695848133,9
3702598,9.740965291678856,12
3702606,9.845936590445174,8
3702623,9.62196779150553,17
3702625,9.971193761852044,2
3702630,9.91226988276541,5
3702631,9.992948583556027,1
3702641,9.802584215418914,10
3702650,9.828602754076224,9
3702661,9.775261163708189,11
3702674,9.68955100229029,13
3702682,9.854107510003047,8
3702683,10.0,1
3702695,9.730871491023915,12
3702709,9.663639596496692,14
3702724,9.665740449716804,15
3702737,9.707557743576803,13
3702746,9.839665998099306,9
3702747,10.0,1
3702756,9.81913056361087,9
3702759,9.955178780106296,3
3702767,9.83867390923224,8
3702778,9.757399466880853,11
3702792,9.662971327849464,14
3702793,9.99647906444192,1
3702803,9.614291451385565,10
3702809,9.898594147820186,6
3702821,9.748679785579593,12
3702837,9.649202047856127,16
3702846,9.82522242575758,9
3702858,9.740156925430037,12
3702864,9.89904110052701,6
3702870,9.903946601367133,6
3702879,9.81185340398226,9
3702891,9.737379424662077,12
3702892,9.98855248287555,1
3702894,9.979322809045964,2
3702901,9.8708805120726,7
3702913,9.741378370905114,12
3702925,9.666483949487727,12
3702937,9.754643386331898,12
3702950,9.67973397543864,13
3702967,9.618650070618658,17
3702984,9.601756379463383,17
3702991,9.879178649480897,7
3702999,9.739920282053063,8
3703016,9.62307342736328,17
3703025,9.810986076068888,9
3703030,9.92165969453826,5
3703037,9.877826957386779,7
3703039,9.978519845385419,2
3703047,9.866610925245498,8
3703059,9.775575947840267,12
3703065,9.891744747221,6
3703075,9.790090821355118,10
3703076,10.0,1
3703082,9.780785917431874,6
3703095,9.70259449900821,13
3703100,9.921496038551716,5
3703110,9.780489540945537,10
3703113,9.971140077665588,3
3703120,9.860588951940207,7
3703121,9.99644581647478,1
3703122,10.0,1
3703131,9.822209700240085,9
3703148,9.55681613927303,17
3703163,9.679334259172196,15
3703168,9.921717696948074,5
3703178,9.803399049025414,10
3703179,10.0,1
3703190,9.778240714206877,11
3703194,9.933464238414247,4
3703198,9.951667257928195,4
3703209,9.78355219333906,11
3703219,9.777037225478983,10
3703232,9.724894313127567,13
3703243,9.774919975996848,11
3703248,9.915470381444145,5
3703254,9.88596093070674,6
3703255,9.996216003328147,1
3703258,9.950040534018738,3
3703259,9.996343236005716,1
3703266,9.849657795743648,7
3703477,4.01523302429999,211
3703488,9.764424269388575,11
3703492,9.927188050876842,4
3703497,9.907268978122687,5
3703500,9.9532273742481,3
3703501,9.996194039471208,1
3703507,9.901462107640263,6
3703508,10.0,1
3703512,9.948099009693049,4
3703522,9.783306848033885,10
3703531,9.834804290976898,9
3703542,9.743365979193372,11
3703543,10.0,1
3703552,9.821859409830596,9
3703564,9.727657757526513,12
3703574,9.786559122956596,10
3703584,9.796042649924372,10
3703595,9.768031596849227,11
3703605,9.789008229834886,10
3703618,9.714639414481617,13
3703625,9.893096028687692,7
3703635,9.826934895094128,10
3703647,9.718917790021832,12
3703648,10.0,1
3703654,9.898224873670797,6
3703661,9.90533103188863,7
3703666,9.934017953351969,5
3703670,9.94577050176905,4
3703685,9.53038848098385,15
3703696,9.771596507083153,11
3703706,9.808161697020402,10
3703715,9.727107611469151,9
3703720,9.904314729592024,5
3703730,9.81797875459738,10
3703740,9.839817406601266,10
3703757,9.586372091570823,17
3703758,10.0,1
3703760,9.973690039494015,2
3703761,10.0,1
3703774,9.515249880169927,13
3703786,9.75724842952841,12
3703792,9.918508941555949,6
3703799,9.768284797521021,7
3703812,9.716327097698798,13
3703823,9.762782823375817,11
3703836,9.716714460177032,13
3703845,9.812793672330088,9
3703848,9.957998265084711,3
3703856,9.868198063533699,8
3703870,9.692504495920545,14
3703887,9.594450394422244,17
3703897,9.81128558313557,10
3703906,9.793851383553143,9
3703913,9.85291871639611,7
3703918,9.927351908877315,5
3703923,9.900969611993226,5
3703929,9.57666663471122,6
3703936,9.854967534183025,7
3703942,9.913238314674144,6
3703949,9.850324948752844,7
3703961,9.714014636786908,12
3703970,9.819055292679996,9
3703977,9.875244921283793,7
3703985,9.847625284493661,8
3703986,9.992522091064608,1
3703988,9.976927890622656,2
3703993,9.925847073702332,5
3704005,9.787524778914756,12
3704009,9.930938931961927,4
3704015,9.891584712503468,6
3704026,9.750850926418046,11
3704027,10.0,1
3704041,9.716023812876394,14
3704057,9.626053086932808,16
3704068,9.785124370334703,11
3704087,9.600651572377984,19
3704090,9.960469814779346,3
3704109,9.55926021609678,19
3704117,9.853626162219944,8
3704118,10.0,1
3704122,9.92539916960442,4
3704127,9.90987140689011,5
3704139,9.76675014424027,12
3704147,9.84763478704205,8
3704159,9.7398716676914,12
3704160,10.0,1
3704167,9.881917907163038,7
3704182,9.718528175159864,15
3704192,9.794024554544372,10
3704205,9.728706629272484,13
3704219,9.678168024553848,14
3704230,9.779995752633676,11
3704231,10.0,1
3704242,9.762039859014578,11
3704253,9.74820279577855,11
3704263,9.778191875520621,10
3704264,10.0,1
3704279,9.68045161904624,15
3704280,9.996000344288479,1
3704293,9.765211050905657,13
3704297,9.952903216068943,4
3704312,9.6902977313647,15
3704313,9.995984043613614,1
3704324,9.750131927618572,11
3704325,9.992475297026846,1
3704326,9.988795069863029,1
3704337,9.755073881970173,11
3704345,9.868473026564246,8
3704353,9.837572313228815,8
3704360,9.878757543053952,7
3704363,9.968068211355336,3
3704372,9.818912245096461,9
3704388,9.639221584888153,16
3704393,9.917934869500675,5
3704400,9.886455562887088,7
3704408,9.836307423013128,8
3704418,9.782971741812643,10
3704428,9.793071636227504,10
3704431,9.96273988610755,3
3704437,9.903589762396988,6
3704449,9.756735835912098,12
3704459,9.7943028622431,10
3704465,9.906273377460101,6
3704474,9.8106819732275,9
3704482,9.862950803895533,8
3704495,9.711757716289272,13
3704506,9.78493208723116,11
3704517,9.774086571843089,11
3704527,9.782691795659117,10
3704531,9.939082348948078,4
3704535,9.936137232050552,4
3704541,9.877318808476183,6
3704556,9.54132930963382,15
3704569,9.693810298406024,13
3704580,9.75597652741489,11
3704581,10.0,1
3704587,9.88108022526253,6
3704597,9.793183058120839,10
3704611,9.666035346181946,14
3704616,9.911120643898611,5
3704618,9.984573532254482,2
3704619,10.0,1
3704628,9.822980454539184,9
3704635,9.865449973048607,7
3704647,9.739639825162747,12
3704666,9.539189625712526,19
3704675,9.794975957730578,9
3704678,9.955806810920139,3
3704687,9.717558381276847,9
3704688,10.0,1
3704695,9.876641425814396,7
3704705,9.779256407660558,10
3704707,9.9783647547799,2
3704710,9.95389505979943,3
3704726,9.670434766265128,16
3704743,9.582599062402608,17
3704756,9.711306102556005,13
3704758,9.979115129125086,2
3704771,9.71589158016018,13
3704781,9.779112799789239,10
3704785,9.956023470004965,4
3704796,9.807430635368561,11
3704797,10.0,1
3704798,10.0,1
3704811,9.724371888244374,13
3704827,9.63507375184947,16
3704836,9.83023517788567,9
3704842,9.88612090337405,6
3704851,9.815558052228619,9
3704863,9.734227624138512,12
3704867,9.932998435940217,4
3704874,9.864297328303104,7
3704884,9.804373183737924,10
3704893,9.799316680373128,9
3704901,9.720260760824143,8
3704912,9.741079619100313,11
3704916,9.94247848431614,4
3704922,9.890569760971422,6
3704923,9.988370550912467,1
3704931,9.845552719328163,8
3704939,9.858233336193702,8
3704946,9.866129776316985,7
3704956,9.793022042339674,10
3704962,9.89941992903606,6
3704976,9.67920144772922,14
3704986,9.794829220649097,10
3704995,9.86633711741828,9
3705006,9.76121349212068,11
3705018,9.75026859752251,12
3705020,9.979102821979378,2
3705026,9.913901592088203,6
3705032,9.901936509724122,6
3705038,9.900371096495467,6
3705046,9.865869189881813,8
3705047,10.0,1
3705050,9.960943480193105,3
3705054,9.938627761110842,4
3705060,9.900956749021747,6
3705069,9.844849477902045,9
3705073,9.93507256020403,4
3705087,9.709113865700916,14
3705092,9.928007209919583,5
3705099,9.86483199662316,7
3705110,9.753695283829702,11
3705119,9.820155684623659,9
3705125,9.88951879296486,6
3705126,10.0,1
3705136,9.794303696524278,10
3705138,9.97114605176061,2
3705139,10.0,1
3705146,9.86963169423259,7
3705164,9.613476521547078,18
3705177,9.713163392242851,13
3705181,9.834632946621467,4
3705187,9.90084820090001,6
3705191,9.934444524634381,4
3705195,9.93230072849504,4
3705205,9.798143863038133,10
3705216,9.748195548630171,11
3705217,10.0,1
3705226,9.845509374250302,9
3705248,9.455254817782656,22
3705259,9.29338136996961,11
3705260,9.992186964535243,1
3705269,9.804014037337238,9
3705270,10.0,1
3705279,9.82399533088434,9
3705295,9.638013191212098,16
3705308,9.70046458711827,13
3705309,10.0,1
3705314,9.924627515280642,5
3705317,9.966386629283166,3
3705324,9.883599317383828,7
3705327,9.957992193994539,3
3705337,9.770563492240738,10
3705348,9.76403144168938,11
3705353,9.920937181757889,5
3705354,10.0,1
3705369,9.66610989820079,15
3705387,9.555815782247981,18
3705398,9.776498982757063,11
3705407,9.836381403694862,9
3705416,9.813186819238364,9
3705432,9.643086742308125,16
3705439,9.861554504397617,7
3705453,9.694226144566944,14
3705459,9.898460757809037,6
3705467,9.843408768752864,8
3705477,9.80538695955467,10
3705483,9.884548026838335,6
3705496,9.744961779399732,13
3705503,9.85330848804167,7
3705507,9.937465090421759,4
3705517,9.78854783271327,10
3705524,9.861337863611496,7
3705533,9.815337362979477,9
3705534,10.0,1
3705547,9.717157969925893,13
3705560,9.72020561323128,13
3705566,9.890480650787369,6
3705575,9.821091896931964,9
3705588,9.525217403744268,13
3705592,9.94139292615611,4
3705593,10.0,1
3705598,9.901580790909378,5
3705609,9.761575203404684,11
3705613,9.942251612469482,4
3705619,9.875099766002789,6
3705627,9.846658593590238,8
3705638,9.7087649046141,11
3705642,9.94853002369581,4
3705652,9.769561076832636,10
3705663,9.774434155874935,11
3705668,9.919905967633076,5
3705673,9.918796251039286,5
3705681,9.8603509791934,8
3705689,9.635865526390035,8
3705698,9.812465137802754,9
3705699,9.996270982308012,1
3705707,9.837928772266494,8
3705717,9.7788088753109,10
3705725,9.816882308115852,8
3705726,10.0,1
3705730,9.9426362081077,4
3705733,9.963636257747229,3
3705742,9.822541677137382,9
3705752,9.785052575039515,10
3705760,9.822600832123948,8
3705770,9.802289246045802,10
3705771,10.0,1
3705777,9.911426986508648,6
3705783,9.90144757286689,6
3705792,9.810238337412324,9
3705797,9.9174972159548,5
3705808,9.80371127360496,11
3705810,9.973606806913006,2
3705814,9.930814512752605,4
3705815,10.0,1
3705822,9.865908591274344,7
3705831,9.810380647408065,9
3705843,9.722714804803045,12
3705850,9.86539885645477,7
3705863,9.720632578651884,13
3705880,9.604149589804898,17
3705888,9.850310640144215,8
3705892,9.940068982708244,4
3705905,9.68948547161209,13
3705907,9.984360493451751,2
3705911,9.938863868264875,4
3705915,9.943051965219913,4
3705930,9.647927795415637,15
3705931,9.996326725913606,1
3705938,9.86164652552092,7
3705949,9.72708487317077,11
3705957,9.827691813796571,8
3705966,9.798136246206655,9
3705967,10.0,1
3705984,9.622946082061043,17
3705998,9.683031414248541,14
3705999,10.0,1
3706004,9.90324064817213,5
3706012,9.854089889640377,8
3706022,9.777536381425495,10
3706030,9.822975197257009,8
3706032,9.970184826225356,2
3706041,9.81040203633302,9
3706046,9.922848430585336,5
3706051,9.915291230790583,5
3706065,9.745628515002219,14
3706066,10.0,1
3706071,9.92589366097638,5
3706075,9.942688320978984,4
3706083,9.83061375263289,8
3706089,9.896217616238173,6
3706104,9.670195878162815,15
3706116,9.724452123589284,12
3706125,9.809776562689613,9
3706130,9.920797286920717,5
3706139,9.783918418778198,9
3706142,9.960049596258203,3
3706152,9.793409785166054,10
3706159,9.894272923488112,7
3706163,9.943691513886451,4
3706175,9.726826009405453,12
3706182,9.892138802602801,7
3706194,9.752673677316997,12
3706199,9.920872290336415,5
3706200,9.992915379180792,1
3706212,9.75622825454049,12
3706214,9.973481087879994,2
3706220,9.891888710876422,6
3706225,9.908262159860653,5
3706235,9.781875675485221,10
3706241,9.90305033624658,6
3706242,10.0,1
3706257,9.654376599207346,15
3706276,9.635166829148517,19
3706284,9.853607706016888,8
3706291,9.864336325980837,7
3706292,10.0,1
3706305,9.737868777996132,13
3706306,10.0,1
3706322,6.397561666888496,16
3706332,9.808650717989073,10
3706342,9.796652238048896,10
3706352,9.808998520756308,10
3706353,10.0,1
3706354,10.0,1
3706361,9.884149403319444,7
3706369,9.828627815929117,8
3706381,9.738739433826796,12
3706384,9.967840707353142,3
3706391,9.85354218917481,7
3706401,9.575257872703906,10
3706405,9.941132848951439,4
3706411,9.796767772707296,6
3706420,9.82609516457196,9
3706433,9.729521938724629,13
3706448,9.646239488563028,15
3706465,9.638829852387012,17
3706473,9.827712976173617,8
3706474,10.0,1
3706483,9.835309187693827,9
3706485,9.984120047556917,2
3706498,9.752054236761818,13
3706511,9.735406880279955,13
3706521,9.769689352067024,10
3706529,9.838772985855721,8
3706533,9.93420980316268,4
3706543,9.82131525361435,10
3706566,9.243647825826708,23
3706571,9.917692139894184,5
3706582,9.77346243596406,11
3706589,9.857203055102843,7
3706600,9.752612287725665,11
3706601,10.0,1
3706607,9.872458562669765,6
3706617,9.792063149446223,10
3706635,9.546171689687345,18
3706644,9.829822799376931,9
3706654,9.780736812726044,10
3706663,9.823532898355014,9
3706676,9.709769495857806,13
3706677,10.0,1
3706687,9.77132509578971,10
3706688,10.0,1
3706695,9.760397041211816,7
3706703,9.838207026198438,8
3706708,9.910389385697764,5
3706713,9.930644374690022,5
3706714,10.0,1
3706721,9.884883651315965,7
3706729,9.844079121003773,8
3706730,10.0,1
3706731,10.0,1
3706746,9.660176944376984,15
3706756,9.795126306359467,10
3706765,9.822351113898485,9
3706766,10.0,1
3706773,9.850462931213444,7
3706786,9.719142753965613,13
3706801,9.577760077711364,15
3706810,9.803888309411395,9
3706817,9.851974656084213,7
3706828,9.840065073373127,11
3706829,10.0,1
3706835,9.895953665614133,6
3706840,9.93192345570639,5
3706841,10.0,1
3706848,9.780467037661113,7
3706857,9.793500777202908,9
3706858,10.0,1
3706865,9.90105026509123,7
3706873,9.88265156209798,8
3706876,9.952351662708844,3
3706877,10.0,1
3706882,9.90585725563752,5
3706890,9.859469795031584,8
3706899,9.833904240714014,9
3706900,10.0,1
3706906,9.879353572990349,6
3706911,9.913350140992428,5
3706920,9.845445265524148,9
3706926,9.888180349029156,6
3706931,9.922844987191908,5
3706936,9.928924515489223,5
3706947,9.74454537075313,11
3706949,9.97577236077151,2
3706953,9.93883741187065,4
3706966,9.727018200312488,13
3706967,9.992066438895536,1
3706973,9.902360444073842,6
3706974,10.0,1
3706983,9.803766688681367,9
3706988,9.803607609063357,5
3707007,9.551876378001548,19
3707010,9.951485606128614,3
3707012,9.979281615637024,2
3707024,9.758283178895656,12
3707026,9.97993178809141,2
3707036,9.77872395225572,10
3707046,9.81622902192467,10
3707057,9.818438965655814,11
3707075,9.569133283714336,18
3707086,9.80172727182098,11
3707092,9.922856014746404,6
3707095,9.965424731981168,3
3707096,10.0,1
3707106,9.805081799180856,10
3707118,9.742365281196493,12
3707123,9.921879870730693,5
3707136,9.73117528386841,13
3707150,9.688712030901502,14
3707153,9.95518486089007,3
3707167,9.668322582960599,14
3707180,9.682340604790584,13
3707191,9.759592010687728,11
3707202,9.819937284419094,11
3707218,9.677325111151845,16
3707227,9.80427247438112,9
3707233,9.700616456016279,6
3707239,9.897646452410624,6
3707247,9.842747140775076,8
3707259,9.746760674473393,12
3707271,9.720573598817115,12
3707281,9.770074029700558,10
3707294,9.737491448944796,13
3707302,9.84006532685591,8
3707303,10.0,1
3707311,9.863238640381145,8
3707315,9.938612364216155,4
3707318,9.966777667691705,3
3707329,9.771575109572671,11
3707341,9.770181991182861,12
3707342,10.0,1
3707346,9.934584925426586,4
3707352,9.889946544489304,6
3707357,9.933257214652969,5
3707372,9.667418476317007,15
3707373,10.0,1
3707381,9.860177046253586,8
3707394,9.707163511524575,13
3707404,9.809201476706153,10
3707407,9.963420386437503,3
3707419,9.765750333708782,12
3707431,9.735628140175569,12
3707435,9.936561912562324,4
3707439,9.943397031692726,4
3707450,9.75070274739733,11
3707463,9.742786215140548,13
3707470,9.851647099868368,7
3707489,9.578159604130828,19
3707500,9.755678417777814,11
3707507,9.877501213340427,7
3707512,9.907947213488042,5
3707522,9.805458049299316,10
3707536,9.687336557267498,14
3707544,9.850656518764668,8
3707554,9.7878119624391,10
3707564,9.786283823493097,10
3707569,9.925780899333946,5
3707575,9.901710631547951,6
3707583,9.862353890644817,8
3707595,9.708989560072379,12
3707604,9.806204405854185,9
3707607,9.951790597161114,3
3707608,10.0,1
3707614,9.892763525687053,6
3707622,9.868664125803742,8
3707627,9.919968872747702,5
3707628,9.993356472381551,1
3707629,9.98784421639856,1
3707630,10.0,1
3707634,9.939633460558694,4
3707658,9.465012174224562,24
3707659,10.0,1
3707669,9.791241370225979,10
3707680,9.75857552658777,11
3707684,9.92352729175526,4
3707686,9.970782708941828,2
3707697,9.668649122415147,11
3707709,9.735293205992571,12
3707716,9.881483118586587,7
3707725,9.810373798990943,9
3707740,9.66500421831408,15
3707741,10.0,1
3707747,9.892740336198818,6
3707749,9.980846885303022,2
3707762,9.701609498560078,13
3707769,9.917202613443305,7
3707785,9.645683342157827,16
3707798,9.72328408614356,13
3707808,9.781251282552173,10
3707816,9.845450247129707,8
3707821,9.914480625466318,5
3707835,9.6865931664821,14
3707836,9.996855584578018,1
3707846,9.783279693132396,10
3707858,9.746825512489307,12
3707865,9.878930539736176,7
3707872,9.867677488736913,7
3707882,9.788131882075241,10
3707887,9.923733651347074,5
3707888,10.0,1
3707894,9.910012217137503,6
3707905,9.786483857285347,11
3707916,9.782001004322884,11
3707928,9.752385611408172,12
3707929,10.0,1
3707935,9.898947780229765,6
3707940,9.914709615467977,5
3707943,9.960226508281634,3
3707952,9.836931933902614,9
3707964,9.73026047152161,12
3707979,9.637671977064812,15
3707986,9.868266114576064,7
3707995,9.813325845423648,9
3708008,9.693979642718936,13
3708021,9.707791987111431,13
3708034,9.759364302005146,13
3708045,9.758876669202909,11
3708055,9.848149207890671,10
3708059,9.947877855619048,4
3708070,9.78187288437906,11
3708076,9.887081682693308,6
3708083,9.871803009246094,7
3708092,9.853284125796861,9
3708100,9.821463393480363,8
3708105,9.920714869095525,5
3708106,10.0,1
3708107,10.0,1
3708108,10.0,1
3708118,9.767980720627369,10
3708123,9.911358802479498,5
3708135,9.757355220559617,12
3708148,9.736887596739114,13
3708154,9.894718230239507,6
3708159,9.90780872349355,5
3708165,9.896004103218251,6
3708176,9.79448113593436,11
3708178,9.973897424064209,2
3708195,9.61863628333439,17
3708209,9.691006311126118,14
3708218,9.830213093600856,9
3708222,9.92282624937663,4
3708231,9.80699806470961,9
3708235,9.935155121895784,4
3708239,9.935686630395589,4
3708256,9.569466135923651,17
3708265,9.827215519967627,9
3708268,9.959089394229464,3
3708274,9.870429237799407,6
3708286,9.788982084862457,12
3708296,9.82663085754872,10
3708300,9.93882941459305,4
3708314,9.686053850523749,14
3708321,9.876677049720307,7
3708322,10.0,1
3708334,9.719493508104156,12
3708348,9.744250712976484,14
3708353,9.920232575769761,5
3708358,9.915481422475581,5
3708362,9.945613928709607,4
3708370,9.836395336204612,8
3708385,9.646125445573784,15
3708399,9.675232996289852,14
3708410,9.781827820287814,11
3708422,9.74736051272073,12
3708429,9.838390990275895,7
3708435,9.907720772916752,6
3708446,9.751052801871822,11
3708451,9.913874629063287,5
3708459,9.890110110418094,8
3708470,9.800185948041467,11
3708476,9.893991632965545,6
3708481,9.817654544985901,5
3708482,10.0,1
3708491,9.799813331882698,9
3708509,9.565907079786303,18
3708517,9.85274706337312,8
3708523,9.901713251190044,6
3708539,9.647074009639608,16
3708549,9.704751106968224,10
3708550,10.0,1
3708563,9.739581720214979,13
3708569,9.896020767003865,6
3708577,9.848879049747293,8
3708585,9.85167752559692,8
3708595,9.806423877223395,10
3708606,9.752908512393073,11
3708614,9.848199590079602,8
3708624,9.781350679226021,10
3708636,9.73603626989718,12
3708646,9.787119124248857,10
3708647,10.0,1
3708655,9.84814797637472,8
3708663,9.829686696255143,8
3708674,9.638413864790047,11
3708685,9.764545996544976,11
3708696,9.75972371257808,11
3708697,10.0,1
3708708,9.773301707085043,11
3708711,9.962459718984856,3
3708724,9.739090003683561,13
3708740,7.332920435893373,16
3708751,9.796701387967024,11
3708759,9.829408258317054,8
3708760,10.0,1
3708764,9.943753396136675,4
3708768,9.943131767795549,4
3708774,9.886433681634028,6
3708784,9.787696378321275,10
3708787,9.958954467988823,3
3708798,9.779116465807615,11
3708809,9.778522487960812,11
3708823,9.709529693161832,14
3708835,9.757637352322083,12
3708847,9.74961193957073,12
3708857,9.815366258424438,10
3708869,9.738076265476455,12
3708873,9.946297010169044,4
3708884,9.760851473622246,11
3708887,9.963286845658011,3
3708889,9.985892784639386,2
3708897,9.846721009769851,8
3708906,9.8142958740185,9
3708924,9.574755088798952,18
3708925,9.989440543718338,1
3708931,9.918984990162153,6
3708940,9.836492874294763,9
3708946,9.876745074440255,6
3708958,9.762477543624197,12
3708963,9.910930395830343,5
3708969,9.893931528993638,6
3708985,9.664076625514713,16
3708997,9.76067977033641,12
3709007,9.796529741902988,10
3709014,9.852423470551132,7
3709028,9.578299862155761,14
3709036,9.81971677654139,8
3709037,10.0,1
3709048,9.686877828452632,11
3709060,9.722733284052934,12
3709065,9.915179076122056,5
3709074,9.810148373773135,9
3709075,10.0,1
3709078,9.95160506701512,3
3709091,9.705473429663162,13
3709097,9.881095158543113,6
3709099,9.985206803879594,2
3709105,9.885979523001106,6
3709124,9.652493922574918,19
3709138,9.669661605076243,14
3709145,9.852240908570002,7
3709155,9.783897258810482,10
3709161,9.795447169933473,6
3709172,9.759180711925158,11
3709177,9.914212507580487,5
3709184,9.868304143889896,7
3709195,9.776654593910632,11
3709207,9.711786752261846,12
3709214,9.879705402123642,7
3709222,9.843343793296423,8
3709229,9.871428995143106,7
3709239,9.777941660961323,10
3709241,9.977950453966464,2
3709252,9.774898845835276,11
3709259,9.889067150747502,7
3709269,9.804840573916435,10
3709271,9.983699808492146,2
3709283,9.747491153441025,12
3709287,9.933813658214977,4
3709296,9.80902410376397,9
3709297,9.992090049561934,1
3709308,9.682032689931871,11
3709324,9.634245921474804,16
3709337,9.694845881748746,13
3709347,9.765496362819265,10
3709352,9.916175439045656,5
3709361,9.80326214358819,9
3709362,10.0,1
3709372,9.786824106209634,10
3709378,9.871113720235321,6
3709388,9.795013954271553,10
3709402,9.683177982016616,14
3709413,9.80494151483176,11
3709420,9.883793819115125,7
3709432,9.73361500335427,12
3709433,10.0,1
3709442,9.827006354572957,9
3709455,9.740548369916398,13
3709472,9.595915426191706,17
3709481,9.813029960545126,9
3709490,9.800008063417543,9
3709496,9.878340586935796,6
3709503,9.896800632465736,7
3709515,9.755984823904898,12
3709525,9.790676451023236,10
3709530,9.911878289195911,5
3709540,9.815680558590417,10
3709543,9.950611526605796,3
3709549,9.895937157969405,6
3709557,9.861102560073238,8
3709563,9.896096318926011,6
3709564,10.0,1
3709572,9.828308926510738,8
3709575,9.962868227371247,3
3709587,9.767719231823818,12
3709601,9.676520522151291,14
3709608,9.881558747249647,7
3709622,9.698142159162693,14
3709632,9.793455016695571,10
3709638,9.901279924331392,6
3709643,9.924124696832363,5
3709648,9.920490799918456,5
3709651,9.965587557866035,3
3709661,9.783426916524155,10
3709665,9.955797502010544,4
3709673,9.852147379018692,8
3709674,10.0,1
3709679,9.906302510753468,5
3709684,9.91721115608885,5
3709685,10.0,1
3709698,9.693705335382083,13
3709699,10.0,1
3709707,9.846983518943821,8
3709720,9.71815330648139,13
3709729,9.810312599505043,9
3709735,9.918852927968384,6
3709741,9.922285761192228,6
3709750,9.823886951737318,9
3709763,9.718037210178379,13
3709767,9.933528330552505,4
3709769,9.968226264858671,2
3709776,9.85218927763737,7
3709785,9.84559809483705,9
3709793,9.837490174401358,8
3709802,9.8499616137624,9
3709805,9.965822181182215,3
3709813,9.860475527489644,8
3709829,9.616189596365555,16
3709839,9.77731456446761,10
3709842,9.948277845393097,3
3709849,9.861464972080991,7
3709859,9.77177232311915,10
3709865,9.9089541918221,6
3709874,9.814516590082224,9
3709881,9.872295099189227,7
3709887,9.899070111335492,6
3709904,9.612298953847496,17
3709911,9.867332832508817,7
3709928,9.606897563675021,17
3709936,9.835187627345904,8
3709946,9.779857177587512,10
3709947,10.0,1
3709961,9.684269909862262,14
3709965,9.93985738078648,4
3709969,9.945791740608712,4
3709983,9.7046709301249,14
3709992,9.82079373295329,9
3709995,9.95871156883084,3
3710006,9.760063441032539,11
3710013,9.868455346631464,7
3710032,9.535592953826855,19
3710036,9.926347750884142,4
3710039,9.962535488754003,3
3710048,9.857268224869166,9
3710061,9.726257389668934,13
3710073,9.820507848286265,12
3710075,9.973784259509234,2
3710080,9.91465810423398,5
3710086,9.903684646731861,6
3710092,9.880991403041005,6
3710101,9.825871605751184,9
3710105,9.93901678855818,4
3710113,9.825537802103495,8
3710123,9.792123418599777,10
3710136,9.510116117073995,13
3710141,9.825753526570288,5
3710147,9.913132692220563,6
3710157,9.80888554392018,10
3710158,10.0,1
3710164,9.904687980371662,6
3710169,9.9145385297331,5
3710170,9.996287777734304,1
3710175,9.911227108701537,5
3710178,9.967764236651382,3
3710188,9.82260383151327,10
3710195,9.875018568142881,7
3710202,9.876818605515671,7
3710211,9.806717162503801,9
3710221,9.787925948729207,10
3710228,9.848866144271115,7
3710229,9.993190708327568,1
3710246,9.45277128706181,17
3710256,9.807418661204341,10
3710257,10.0,1
3710262,9.922323210380252,5
3710270,9.851381995413663,8
3710281,9.788894863294532,11
3710291,9.693388438828777,10
3710295,9.95087687357529,4
3710308,9.702416924252923,13
3710315,9.889358025895659,7
3710324,9.824531327393363,9
3710333,9.824611659379801,9
3710342,9.830335586847669,9
3710352,9.797760417560728,10
3710364,9.749359843773812,12
3710365,10.0,1
3710372,9.886956112017755,7
3710373,10.0,1
3710384,9.78169245343534,11
3710387,9.967186622320868,3
3710400,9.710265721956748,13
3710408,9.846571840031883,8
3710416,9.856799352130707,8
3710424,9.838463600585328,8
3710436,9.744957806618226,12
3710437,10.0,1
3710442,9.920240535375358,5
3710452,9.807880887321838,10
3710458,9.906312302269423,6
3710466,9.848668748928112,8
3710471,9.508004275400316,5
3710479,9.854008770605263,8
3710492,9.702457125035911,13
3710496,9.932926004388658,4
3710500,9.946492245821654,4
3710501,10.0,1
3710510,9.814092078452518,9
3710523,9.73185774800769,13
3710533,9.78885364471367,10
3710540,9.87993979227702,7
3710541,10.0,1
3710547,9.902783234736546,6
3710556,9.800117782510718,9
3710557,10.0,1
3710566,9.799103414233043,9
3710575,9.808587441452872,9
3710579,9.940270808806511,4
3710594,9.64881295011603,15
3710600,9.887257350875007,6
3710601,10.0,1
3710602,10.0,1
3710619,9.63622609236227,17
3710628,9.790863931524521,9
3710631,9.956961530575771,3
3710636,9.920465091382683,5
3710652,9.605740324792984,16
3710664,9.72873450477825,12
3710665,10.0,1
3710674,9.800836046798889,9
3710682,9.848267449054758,8
3710683,10.0,1
3710696,9.721684720070002,13
3710706,9.76130263618142,10
3710712,9.913387418248059,6
3710718,9.87887068349766,6
3710731,9.516115905967183,13
3710736,9.926389691852705,5
3710745,9.85396369844972,9
3710753,9.842591697336,8
3710769,9.623469690209859,16
3710776,9.869320533464753,7
3710777,10.0,1
3710790,9.724355715725995,13
3710795,9.910140666327363,5
3710802,9.88877937758297,7
3710805,9.965836581208972,3
3710816,9.775188201304879,11
3710833,9.626468065214574,17
3710834,10.0,1
3710847,9.694849033286403,13
3710855,9.811890731463889,8
3710858,9.957928375433072,3
3710868,9.808070873166113,10
3710870,9.983107800734466,2
3710879,9.815338303040088,9
3710891,9.743050760467568,12
3710899,9.835879577930816,8
3710912,9.704072233327375,13
3710925,9.707893865312961,13
3710932,9.556813440158638,7
3710940,9.86600070973748,8
3710949,9.84962024941844,9
3710960,9.79641056362747,11
3710972,9.747699511193328,12
3710982,9.809298316174846,10
3710995,9.69450214414946,13
3711005,9.796109888576598,10
3711010,9.915329610596972,5
3711017,9.889682606313757,7
3711029,9.752453040535212,12
3711036,9.892321099644917,7
3711046,9.76501661951549,10
3711054,9.84001940689139,8
3711069,9.632014767961994,15
3711073,9.828621139664705,4
3711080,9.665080836643181,7
3711081,9.992883906850631,1
3711089,9.864034784589542,8
3711092,9.947735915476137,3
3711095,9.957510404853652,3
3711108,9.708898377037452,13
3711116,9.883847100304479,8
3711130,9.57967771004135,14
3711136,9.891983570735853,6
3711139,9.963124353160133,3
3711147,9.835445088298032,8
3711148,10.0,1
3711160,9.726984051401278,12
3711170,9.790681596248287,10
3711193,9.41105446490372,23
3711200,9.893073688353734,7
3711210,9.839471370898744,10
3711223,9.688265291956027,13
3711232,9.83768394421454,9
3711240,9.734469424695014,8
3711249,9.814299380887459,9
3711255,9.895370334103449,6
3711256,10.0,1
3711268,9.747282398762824,12
3711275,9.864930738353523,7
3711282,9.871045721089251,7
3711293,9.768625329648945,11
3711303,9.794895373063158,10
3711310,9.774608487143897,7
3711323,9.701971173215,13
3711324,10.0,1
3711339,9.650917635779118,15
3711349,9.779915454468858,10
3711350,10.0,1
3711352,9.973005745093289,2
3711353,10.0,1
3711364,9.752554206894798,11
3711365,10.0,1
3711375,9.797218790380654,10
3711390,9.666041833947578,15
3711401,9.762643828820075,11
3711409,9.864343243973265,8
3711413,9.947670974885938,4
3711422,9.823027712165691,9
3711431,9.872627292536151,9
3711440,9.816868570519194,9
3711448,9.851220046672058,8
3711459,9.748126220378422,11
3711470,9.825709084060456,11
3711488,9.570262019655484,18
3711500,9.762817286628888,12
3711521,9.580447972234266,21
3711522,10.0,1
3711529,9.880062426482228,7
3711533,9.942382498670232,4
3711538,9.903040186139076,5
3711548,9.717510007513138,10
3711555,9.86884729902211,7
3711566,9.775858193971045,11
3711567,9.99643788838434,1
3711582,9.647068194605595,15
3711593,9.790685991903146,11
3711598,9.923732881743998,5
3711606,9.856511843350242,8
3711615,9.81406389832085,9
3711616,9.992529636017986,1
3711624,9.831644588568103,8
3711629,9.911907599588341,5
3711639,9.704467958345177,10
3711654,9.675998042464322,15
3711672,9.659881431248575,18
3711680,9.846257786548646,8
3711681,9.996790519720415,1
3711691,9.80740683230287,10
3711693,9.97773092478163,2
3711699,9.891382448263476,6
3711705,9.896610915964215,6
3711712,9.855057955503183,7
3711723,9.771468649405401,11
3711768,9.030576818053918,45
3711776,9.857496729896562,8
3711791,9.664417785496472,15
3711804,9.718990053154473,13
3711825,9.593074078416095,21
3711834,9.820033333655692,9
3711842,9.746399531866619,8
3711846,9.950763991608245,4
3711855,9.820901853547127,9
3711870,9.677873578308994,15
3711886,9.66300259648006,16
3711887,10.0,1
3711895,9.829914847452605,8
3711907,9.73582358954563,12
3711918,9.763010482816727,11
3711930,9.722023829730018,12
3711940,9.789294183330385,10
3711947,9.878814953886017,7
3711952,9.898070146355966,5
3711958,9.891586031524703,6
3711960,9.970232924329578,2
3711965,9.923419121791072,5
3711981,9.659532807140367,16
3711984,9.965146498578916,3
3712000,9.610348339510352,16
3712010,9.764004831835184,10
3712027,9.615363547548352,17
3712034,9.845980676725405,7
3712048,9.691568607649227,14
3712061,9.729860817566381,13
3712067,9.899805535012993,6
3712077,9.775301314538332,10
3712085,9.840211900606166,8
3712086,10.0,1
3712095,9.806529031349486,9
3712101,9.88510988090341,6
3712121,9.469810518104596,20
3712137,9.641767527747666,16
3712141,9.940844540128698,4
3712147,9.896443997693188,6
3712153,9.892727684928849,6
3712155,9.976426521492083,2
3712166,9.757711130748811,11
3712173,9.852305375821851,7
3712188,9.665985003893425,15
3712195,9.875452389246094,7
3712218,9.483534245285174,23
3712219,9.996617508527086,1
3712222,9.947758943180716,3
3712239,9.612144612973374,17
3712249,9.802258775149493,10
3712261,9.718330477721203,12
3712263,9.978524095853267,2
3712274,9.752844169112873,11
3712275,10.0,1
3712283,9.85859452296,8
3712294,9.769705985419735,11
3712305,9.758968902887748,11
3712314,9.80133282802364,9
3712326,9.729153950033824,12
3712335,9.80000202453622,9
3712348,9.684503225452023,13
3712360,9.77218438080931,12
3712369,9.823394258079565,9
3712378,9.791671915542016,9
3712379,10.0,1
3712391,9.745201900135589,12
3712393,9.976157757054414,2
3712400,9.873610978683205,7
3712413,9.359848755027045,13
3712430,9.614095120456346,17
3712453,9.529187543307636,23
3712457,9.957027854108826,4
3712466,9.840030223783364,9
3712471,9.908455605393826,5
3712479,9.851342038748296,8
3712492,9.723173696382977,13
3712495,9.953540500670691,3
3712497,9.977535843595824,2
3712498,10.0,1
3712505,9.88401248750622,7
3712508,9.967031188691374,3
3712515,9.875033131522505,7
3712524,9.829733347911295,9
3712531,9.850586704984519,7
3712539,9.844429637408522,8
3712551,9.737782352902396,12
3712553,9.97400768168627,2
3712554,10.0,1
3712562,9.842733296386259,8
3712568,9.893242083634512,6
3712574,9.912968128515862,6
3712588,9.704115699679402,14
3712595,9.878122860512066,7
3712609,9.746429880193364,14
3712614,9.893552052863974,5
3712616,9.972562695641376,2
3712622,9.879438930045797,6
3712623,10.0,1
3712630,9.84604223231629,7
3712635,9.912753476592037,5
3712641,9.898296274637614,6
3712655,9.687968786789847,14
3712663,9.835816014450565,8
3712670,9.886303078232196,7
3712680,9.78204963931033,10
3712691,9.756628340508113,11
3712706,9.677549319477844,15
3712714,9.852621560431206,8
3712725,9.780562949235701,11
3712733,9.835910963333205,8
3712739,9.909740327456593,6
3712745,9.896318270041041,6
3712759,9.687063684027184,14
3712771,9.731722130863334,12
3712788,9.618800666418213,17
3712796,9.864956239128398,8
3712806,9.775795390264754,10
3712811,9.917053334194499,5
3712815,9.953869431470668,4
3712822,9.865465091612121,7
3712826,9.941821374698675,4
3712837,9.761321115141923,11
3712843,9.905392842000754,6
3712851,9.847082221791851,8
3712855,9.939219886770433,4
3712869,9.699371074712314,14
3712870,10.0,1
3712871,9.992583530004776,1
3712872,10.0,1
3712886,9.693454106543186,14
3712901,9.651949922959224,15
3712915,9.676241658246472,14
3712932,9.637879089608326,17
3712946,9.680779356116458,14
3712954,9.842659254418402,8
3712962,9.871718094290129,8
3712969,9.855100659606286,7
3712976,9.878285413957254,7
3712982,9.90500647581391,6
3712991,9.84296547420296,9
3712999,9.857465689483798,8
3713000,10.0,1
3713007,9.873624953371499,7
3713019,9.783275437581382,12
3713023,9.942685648688846,4
3713047,9.392365704733765,24
3713059,9.74421246520559,12
3713061,9.985656851228946,2
3713062,9.993136941673615,1
3713072,9.797481557564822,10
3713076,9.93916054134844,4
3713085,9.828243662529497,9
3713095,9.796563848750928,10
3713098,9.958214759352735,3
3713104,9.905282308827486,6
3713106,9.968524129951097,2
3713120,9.709492244057088,14
3713128,9.842292584434956,8
3713138,9.799914116525082,10
3713144,9.87769148665838,6
3713145,10.0,1
3713153,9.836705851482792,8
3713163,9.790167925836975,10
3713170,9.848123322559244,7
3713180,9.79717317266294,10
3713181,10.0,1
3713190,9.861672471007708,9
3713191,10.0,1
3713196,9.932443209052757,5
3713207,9.807675844098608,11
3713212,9.901012131085691,5
3713220,9.845954221311725,8
3713229,9.816076400064075,9
3713243,9.660225039009587,14
3713244,10.0,1
3713256,9.737842604369796,12
3713267,9.76503969995158,11
3713277,9.808697789108454,10
3713278,10.0,1
3713286,9.850647051096889,8
3713295,9.850234432459509,9
3713305,9.80484020662372,10
3713311,9.890865519938304,6
3713316,9.9140898698556,5
3713320,9.935274229687504,4
3713327,9.867208346281453,7
3713338,9.804064625038725,11
3713349,9.770881634377554,11
3713360,9.776861796581864,11
3713373,9.697779736184561,13
3713388,9.694711684083055,15
3713395,9.870549059985043,7
3713398,9.95460645011599,3
3713412,9.686476929474406,14
3713416,9.931980453855735,4
3713426,9.800871646456008,10
3713432,9.908483302196545,6
3713445,9.711689152443691,13
3713450,9.932873753279278,5
3713451,10.0,1
3713452,9.996407618073729,1
3713468,9.64265444227732,16
3713473,9.928966221749757,5
3713476,9.966610374982402,3
3713485,9.826203187905925,9
3713494,9.836321421471059,9
3713499,9.924503871161864,5
3713502,9.960113915620045,3
3713507,9.90936111635571,5
3713516,9.833387967483176,9
3713524,9.851276414967197,8
3713533,9.810682957700628,9
3713536,9.960114048481303,3
3713551,9.283783474447375,15
3713559,9.868710206327233,8
3713570,9.776894352055095,11
3713571,10.0,1
3713577,9.888265100212363,6
3713583,9.891015903330787,6
3713597,9.696482204297503,14
3713604,9.875585002286018,7
3713611,9.869694875907902,7
3713619,9.85468274018429,8
3713632,9.728094677163472,13
3713644,9.717171883676594,12
3713655,9.768208981744857,11
3713664,9.82014104726245,9
3713669,9.935114828415234,5
3713675,9.874366003018826,6
3713681,9.908229832601585,6
3713683,9.968568422082107,2
3713692,9.831361542951745,9
3713700,9.85586516308312,8
3713704,9.939373338995479,4
3713708,9.948222286026464,4
3713712,9.939928027398457,4
3713727,9.663621296139667,15
3713737,9.811125180708965,10
3713749,9.735668737527037,12
3713755,9.888063181769722,6
3713762,9.886048957361465,7
3713776,9.680298986424924,14
3713790,9.494348718199934,14
3713795,9.922408250188566,5
3713796,10.0,1
3713803,9.867679706941576,7
3713813,9.807158454469267,10
3713815,9.984860288265066,2
3713816,10.0,1
3713818,9.968261890633707,2
3713822,9.946307298718612,4
3713834,9.747892166506686,12
3713843,9.818321693109226,9
3713853,9.78978763606316,10
3713861,9.855636319895279,8
3713871,9.789600673936487,10
3713883,9.721745336277277,12
3713902,9.173468844308665,19
3713914,9.733696076193649,12
3713928,9.699228887816924,14
3713934,9.886870431171623,6
3713946,9.739671056425111,12
3713959,9.720096322365194,13
3713971,9.744415674734862,12
3713978,9.859697429879912,7
3713979,10.0,1
3713989,9.826579350314574,10
3713998,9.820737355661162,9
3714012,9.664114324618284,14
3714018,9.883654836968757,6
3714024,9.884295597073859,6
3714029,9.921844436347914,5
3714045,9.619760432976818,16
3714049,9.938387749274996,4
3714057,9.863092854985931,8
3714071,9.69518225857276,14
3714079,9.856556629550546,8
3714086,9.860653905617607,7
3714096,9.852173326230321,10
3714111,9.697535484404638,15
3714124,9.732138452576788,13
3714128,9.937045564008448,4
3714136,9.84408677993771,8
3714145,9.837895076531026,9
3714159,9.577915384149554,14
3714165,9.899131391620426,6
3714171,9.692082451725588,6
3714180,9.814672270295029,9
3714189,9.821021577556595,9
3714195,9.880766488054807,6
3714196,10.0,1
3714208,9.775023309246574,12
3714209,10.0,1
3714221,9.718987257758727,12
3714227,9.916443115868864,6
3714236,9.812754934456304,9
3714244,9.84669415104058,8
3714253,9.801812184210192,9
3714269,9.665835682135171,16
3714281,9.744568333457577,12
3714289,9.835251988399175,8
3714294,9.906810987105915,5
3714308,9.763477281410466,14
3714309,9.996647218643382,1
3714314,9.909009822110486,5
3714327,9.711288924547675,13
3714338,9.785480314388076,11
3714339,10.0,1
3714347,9.832686217120626,8
3714362,9.700721326398341,15
3714369,9.87045155174588,7
3714376,9.87744638868076,7
3714385,9.857413765063418,9
3714397,9.69829185347794,12
3714418,9.509383345540334,21
3714421,9.968495372072772,3
3714432,9.73865330074638,11
3714448,9.628438803484931,16
3714456,9.8419112550884,8
3714461,9.906333197258208,5
3714467,9.908792363075385,6
3714468,10.0,1
3714480,9.719717849679727,12
3714485,9.915499357977591,5
3714489,9.944784578811506,4
3714495,9.90489238876721,6
3714506,9.790316276540626,11
3714516,9.794273537206491,10
3714524,9.83620959319659,8
3714539,9.436025194074855,15
3714553,9.70262935671413,14
3714562,9.815365170298676,9
3714575,9.76818628247183,13
3714587,9.740447441125404,12
3714598,9.760010078273995,11
3714603,9.928696647382456,5
3714610,9.884794040192308,7
3714615,9.933779180389152,5
3714623,9.854321264254294,8
3714634,9.779486130145397,11
3714641,9.84490493749264,7
3714654,9.70793956768849,13
3714665,9.762813055361278,11
3714670,9.918135857061325,5
3714671,10.0,1
3714685,9.697618714386374,14
3714695,9.79304594408861,10
3714701,9.881948702073558,6
3714713,9.733149004039072,12
3714719,9.906382248996918,6
3714730,9.749198778981178,11
3714736,9.902405555227732,6
3714742,9.904910513151997,6
3714755,9.731209532206357,13
3714762,9.86891564748756,7
3714772,9.80259977195288,10
3714781,9.81623938974236,9
3714786,9.933767369304402,5
3714787,10.0,1
3714799,9.736731766707818,12
3714808,9.83085801886634,9
3714818,9.818368379687456,10
3714823,9.935728077182535,5
3714835,9.544258409961362,12
3714847,9.753413689386493,12
3714856,9.81270434868267,9
3714865,9.821567268939255,9
3714881,9.621702603711565,16
3714887,9.885224205783096,6
3714896,9.831831360161386,9
3714903,9.875014142171063,7
3714914,9.738903009165792,11
3714917,9.966183666275693,3
3714932,9.385414153839776,15
3714933,10.0,1
3714942,9.836059315833321,9
3714943,10.0,1
3714947,9.933938838452267,4
3714948,10.0,1
3714949,10.0,1
3714958,9.827486370041353,9
3714966,9.850074128341307,8
3714967,10.0,1
3714976,9.815968797637334,9
3714987,9.759585444607119,11
3715002,9.64001834980298,15
3715007,9.928274495769895,5
3715017,9.762251223911509,10
3715027,9.799928801700283,10
3715037,9.778922077114462,10
3715047,9.775537248928208,10
3715058,9.759154736699918,11
3715069,9.786671824537281,11
3715081,9.720549631377938,12
3715091,9.587184192786994,10
3715092,10.0,1
3715096,9.945673652913278,4
3715100,9.943324665516455,4
3715116,9.700051670653803,16
3715127,9.757444751966522,11
3715138,9.800118036594872,11
3715149,9.805867644080314,11
3715155,9.870468315671173,6
3715166,9.757676655732494,11
3715177,9.774890327035939,11
3715182,9.904278156914812,5
3715183,9.99238832632566,1
3715189,9.888259588206889,6
3715196,9.879136115212136,7
3715200,9.943167090283987,4
3715206,9.88309626009305,6
3715219,9.727066684751932,13
3715227,9.841117170637009,8
3715237,9.780998438668021,10
3715245,9.834854613920012,8
3715251,9.886482114424984,6
3715263,9.746228360047287,12
3715264,10.0,1
3715272,9.857861926117767,8
3715284,9.731981579618196,12
3715287,9.949145944881431,3
3715297,9.812477877838013,10
3715301,9.944139675967637,4
3715305,9.929840340576158,4
3715306,10.0,1
3715319,9.730759035565944,13
3715329,9.812200504629574,10
3715346,9.628248223557378,17
3715357,9.767515987550734,11
3715367,9.798665721176878,10
3715377,9.813178624043616,10
3715391,9.694883661623672,14
3715398,9.858901872808357,7
3715407,9.826086188693012,9
3715424,9.591828022057928,17
3715436,9.756843372052906,12
3715451,9.641408071772878,15
3715462,9.766943132628867,11
3715469,9.874647387751018,7
3715470,10.0,1
3715474,9.944380919222805,4
3715483,9.817202083581455,9
3715493,9.781093938265897,10
3715498,9.928372844709836,5
3715502,9.9439636840716,4
3715503,9.990331066935397,1
3715506,9.954868557665927,3
3715509,9.956005370590889,3
3715516,9.675475183564371,7
3715522,9.905415002475577,6
3715523,10.0,1
3715535,9.744453757454815,12
3715552,9.622946349328164,17
3715553,10.0,1
3715564,9.757867973618616,11
3715571,9.877586454073422,7
3715585,9.701152762721614,14
3715600,9.652000227307303,15
3715609,9.827047746357687,9
3715618,9.855561019103233,9
3715629,9.765620516870808,11
3715642,9.725997587869372,13
3715643,10.0,1
3715644,10.0,1
3715651,9.867140895899862,7
3715662,9.768023142857103,11
3715671,9.843065155999428,9
3715681,9.775342435479143,10
3715690,9.83720950560753,9
3715696,9.878651146862115,6
3715705,9.823600858596647,9
3715706,10.0,1
3715709,9.96566934852398,3
3715713,9.948986223514877,4
3715723,9.777840029186423,10
3715726,9.949515927361292,3
3715734,9.83766155638865,8
3715747,9.726065404366205,13
3715748,10.0,1
3715758,9.778006856747512,10
3715761,9.964520538025665,3
3715762,10.0,1
3715765,9.962048112185634,3
3715767,9.97033477448123,2
3715780,9.772496869458346,13
3715786,9.900154356039945,6
3715787,10.0,1
3715792,9.914686729216058,5
3715802,9.807629641611628,10
3715805,9.968046955232047,3
3715817,9.72192929662865,12
3715834,9.639862421740768,17
3715839,9.92093189635506,5
3715852,9.719898404139197,13
3715858,9.889565909984247,6
3715871,9.729136490734172,13
3715877,9.790582643910643,6
3715886,9.834525262154765,9
3715891,9.928479035497968,5
3715895,9.936511938259112,4
3715903,9.867111188977919,8
3715912,9.8088035304124,9
3715924,9.711833176901983,12
3715931,9.877065252401017,7
3715939,9.836813984663973,8
3715950,9.790772231382638,11
3715967,9.591457982013987,17
3715976,9.828344352568035,9
3715988,9.783280558445812,12
3715992,9.945644532505419,4
3716004,9.728085395810249,12
3716015,9.750318168393802,11
3716019,9.936883674050227,4
3716033,9.725535208634295,14
3716045,9.740468034943264,12
3716051,9.902212504470958,6
3716052,10.0,1
3716064,9.75554197552879,12
3716070,9.882081334604402,6
3716071,10.0,1
3716084,9.708259266381205,13
3716089,9.929168558362923,5
3716102,9.724175074727954,13
3716107,9.92381411794277,5
3716108,10.0,1
3716112,9.936054811170667,4
3716119,9.57382505221283,7
3716124,9.914811056652148,5
3716131,9.871152648695908,7
3716136,9.91698055191982,5
3716146,9.778436011618288,10
3716154,9.867483460058398,8
3716155,9.99630392830554,1
3716165,9.783494402297903,10
3716173,9.842721202779703,8
3716194,9.584859171733056,21
3716211,9.590506629916236,17
3716223,9.635169624571777,12
3716224,10.0,1
3716228,9.949678126336618,4
3716239,9.742215069202283,11
3716246,9.865040290551587,7
3716253,9.777313859116745,7
3716254,10.0,1
3716268,9.664968838524228,14
3716277,9.814188005431115,9
3716278,10.0,1
3716284,9.897771337994264,6
3716291,9.856958258134984,7
3716303,9.719108391933533,12
3716313,9.808342107434665,10
3716324,9.778090991119267,11
3716334,9.78201788081231,10
3716344,9.802806632025261,10
3716356,9.738471346420965,12
3716357,10.0,1
3716358,10.0,1
3716371,9.692354488188887,13
3716374,9.96376973738501,3
3716384,9.78860529694093,10
3716385,10.0,1
3716386,10.0,1
3716393,9.8717699395002,7
3716403,9.80051746359033,10
3716409,9.886440597738428,6
3716412,9.962545181399905,3
3716427,9.66391226282158,15
3716432,9.900345119116379,5
3716461,9.412166406760164,29
3716469,9.849942410208092,8
3716471,9.974380910431574,2
3716478,9.853967150064499,7
3716479,10.0,1
3716493,9.692402485359047,14
3716506,9.719376278588562,13
3716515,9.791440331917197,9
3716525,9.791441179616942,10
3716526,10.0,1
3716535,9.840526336024173,9
3716540,9.909753513790113,5
3716551,9.770537818707549,11
3716559,9.843835026940887,8
3716561,9.969606450503042,2
3716565,9.941502087293483,4
3716578,9.75990278539649,13
3716582,9.931211601317786,4
3716594,9.71327480727737,12
3716602,9.846480947078096,8
3716610,9.83509463244434,8
3716614,9.936904625577068,4
3716631,9.63242870311723,17
3716639,9.84441207621063,8
3716642,9.95624131283207,3
3716654,9.727476372115829,12
3716660,9.871165593853553,6
3716671,9.743690797880955,11
3716680,9.82299444450664,9
3716681,10.0,1
3716692,9.782600079511012,11
3716699,9.662240573396364,7
3716707,9.871422304280893,8
3716725,9.579270001937223,18
3716726,10.0,1
3716734,9.861149216102032,8
3716738,9.946729678496188,4
3716744,9.683475635885564,6
3716747,9.95252972314444,3
3716749,9.975577180563272,2
3716758,9.821553347516886,9
3716763,9.899710081639025,5
3716774,9.759108704793132,11
3716787,9.702296660890982,13
3716799,9.745247232647227,12
3716819,9.51537006071604,20
3716830,9.774051124257426,11
3716844,9.687362209390331,14
3716857,9.713282185131387,13
3716858,10.0,1
3716861,9.969243393305947,3
3716871,9.795180100663423,10
3716882,9.780111246188184,11
3716892,9.771222167345718,10
3716907,9.65916164240448,15
3716918,9.768541087299969,11
3716928,9.793832988481878,10
3716931,9.96752573857289,3
3716942,9.572508353979291,11
3716949,9.878414280778319,7
3716953,9.944478266066714,4
3716963,9.79679226826661,10
3716964,10.0,1
3716971,9.862807401333141,7
3716979,9.861961903662962,8
3716996,9.599760846542175,17
3717006,9.778382291048445,10
3717017,9.753539372953053,11
3717024,9.882971302578893,7
3717034,9.792951263718297,10
3717035,9.98834208122754,1
3717049,9.73629393378691,14
3717055,9.897264503489795,6
3717061,9.892876899415244,6
3717074,9.729246802534695,13
3717080,9.904232115822017,6
3717086,9.885004084683866,6
3717098,9.745116577546346,12
3717101,9.969092352083893,3
3717109,9.835196838573843,8
3717110,10.0,1
3717123,9.697833773444678,13
3717132,9.815457582846317,9
3717133,10.0,1
3717144,9.780516145550418,11
3717145,10.0,1
3717156,9.760715207782509,11
3717162,9.901899098366886,6
3717163,10.0,1
3717176,9.751037785054237,13
3717190,9.711979070459545,14
3717191,10.0,1
3717201,9.806945368684136,10
3717208,9.887408171840356,7
3717210,9.978334208879186,2
3717217,9.888030826193729,7
3717226,9.830854864407128,9
3717227,10.0,1
3717257,9.486586745071412,30
3717277,9.563584291353589,20
3717285,9.849039894134533,8
3717295,9.78016997771564,10
3717302,9.862073807102158,7
3717308,9.89588353442082,6
3717316,9.856448888954748,8
3717319,9.948776798367568,3
3717331,9.742134327354771,12
3717337,9.923302968139115,6
3717351,9.760188529278832,14
3717356,9.922207500650039,5
3717364,9.859521724649861,8
3717371,9.84388180576795,7
3717380,9.80605280264751,9
3717392,9.713776469827236,12
3717400,9.850661424192038,8
3717408,9.845452205050792,8
3717418,9.764069734201168,10
3717428,9.803966666201232,10
3717436,9.857359338380123,8
3717445,9.80191071972833,9
3717453,9.859654243964098,8
3717457,9.945099508558046,4
3717469,9.738795653080397,12
3717479,9.799857962609064,10
3717496,9.585052269324134,17
3717513,9.600499596641708,17
3717517,9.942521350373854,4
3717529,9.616657339338895,12
3717531,9.975906218748637,2
3717536,9.904757269775168,5
3717548,9.745709080662765,12
3717557,9.832019544307471,9
3717563,9.902821743594581,6
3717574,9.769341005480989,11
3717575,10.0,1
3717585,9.807120398003581,10
3717594,9.830768971738031,9
3717604,9.802453118054329,10
3717615,9.760631319484371,11
3717624,9.795561965427709,9
3717630,9.903292345412027,6
3717640,9.80154236648632,10
3717650,9.789060809737084,10
3717665,9.642231572932221,15
3717676,9.763159964765242,11
3717682,9.896224144114381,6
3717693,9.763304984873916,11
3717705,9.756868895937776,12
3717715,9.837853083266676,10
3717725,9.78512425400673,10
3717735,9.792260063760406,10
3717739,9.937127622704864,4
3717748,9.81387912155994,9
3717752,9.944090901765835,4
3717761,9.803954284404702,9
3717776,9.686989904028545,15
3717788,9.747217352115964,12
3717805,9.615592552405609,17
3717816,9.750451729877712,11
3717817,10.0,1
3717832,9.638867172821639,15
3717845,9.684602746144678,13
3717846,10.0,1
3717858,9.74775334871864,12
3717863,9.913230863857194,5
3717872,9.82337612139327,9
3717883,9.745351187427676,11
3717895,9.751659709179865,12
3717903,9.852690476376273,8
3717907,9.942532819027132,4
3717918,9.748914826917085,11
3717931,9.733139843107008,13
3717933,9.972242721210538,2
3717945,9.754520303884059,12
3717958,9.688041747897497,13
3717981,9.495871695271386,23
3717994,9.720041496691525,13
3717999,9.915629277869348,5
3718006,9.902727412717821,7
3718012,9.908994713065729,6
3718017,9.928247892973925,5
3718026,9.831850184693405,9
3718028,9.976774167806184,2
3718034,9.894428338274404,6
3718043,9.822776935349028,9
3718057,9.691056215440671,14
3718065,9.859376330934133,8
3718084,9.620051492581704,19
3718093,9.810912097361998,9
3718102,9.824399631592168,9
3718109,9.882762714871,7
3718121,9.782961102609436,12
3718133,9.806311672102614,12
3718149,9.609713996202432,16
3718161,9.762742261451987,12
3718169,9.839500169832384,8
3718176,9.878711594954117,7
3718183,9.867997624615647,7
3718190,9.853659574514692,7
3718202,9.72414384597221,12
3718209,9.87314338979681,7
3718218,9.81332746091599,9
3718229,9.79200942796968,11
3718237,9.830223030654713,8
3718245,9.820300124964552,8
3718251,9.893467628542634,6
3718259,9.853142123457966,8
3718275,9.632078763775455,16
3718278,9.958991556963198,3
3718292,9.692895134023392,14
3718300,9.868567799052226,8
3718305,9.929043054860973,5
3718314,9.803316263711727,9
3718321,9.88073063856337,7
3718330,9.80829778094959,9
3718338,9.835633357277263,8
3718347,9.831328484245741,9
3718357,9.791924666922021,10
3718373,9.665650848519089,16
3718378,9.915955672722085,5
3718391,9.704940292005979,13
3718398,9.858635642955777,7
3718405,9.857880128494122,7
3718409,9.930041491297928,4
3718424,9.688688311803658,15
3718434,9.790052033914002,10
3718443,9.839551839254169,9
3718451,9.843058002820253,8
3718463,9.743631182332319,12
3718473,9.799133377993343,10
3718488,9.641733390109414,15
3718495,9.879535152015567,7
3718507,9.737098206390694,12
3718518,9.797000191413542,11
3718538,9.52328500020042,20
3718546,9.82213450401754,8
3718552,9.887150993076023,6
3718554,9.969831383823795,2
3718560,9.880328232587214,6
3718561,9.996748671636386,1
3718569,9.838869599398011,8
3718580,9.796205112356242,11
3718599,9.596937821003522,19
3718613,9.674846517078294,14
3718617,9.933816893372493,4
3718620,9.9576537873805,3
3718623,9.959914437338837,3
3718624,9.996384221121682,1
3718631,9.846863577901338,7
3718640,9.799209962716663,9
3718646,9.897918145703798,6
3718654,9.846475318449349,8
3718658,9.934872801962587,4
3718664,9.893944682357995,6
3718670,9.888997835396927,6
3718682,9.747772860862415,12
3718691,9.82461513092857,9
3718708,9.60264076717256,17
3718718,9.830430466519305,10
3718725,9.855699247309598,7
3718736,9.755703733974613,11
3718747,9.789113020478165,11
3718748,10.0,1
3718749,10.0,1
3718763,9.698159754263028,14
3718766,9.969651035360593,3
3718777,9.789056696811025,11
3718786,9.832840178386794,9
3718787,10.0,1
3718788,10.0,1
3718798,9.79639559969798,10
3718807,9.629614162007488,9
3718817,9.780209783804722,10
3718835,9.571889938983064,18
3718837,9.974520684719167,2
3718850,9.70235793347499,13
3718855,9.917000085015697,5
3718862,9.877711525561459,7
3718863,10.0,1
3718873,9.772816081871778,10
3718880,9.85989495735325,7
3718882,9.982197750740708,2
3718887,9.930584620925032,5
3718899,9.740137724761786,12
3718907,9.824853071275296,8
3718910,9.9705932959658,3
3718911,10.0,1
3718916,9.923527926650666,5
3718923,9.874353334552044,7
3718927,9.951177439569296,4
3718934,9.866741486264257,7
3718943,9.817271064864572,9
3718949,9.888782762013046,6
3718955,9.911654411333496,6
3718964,9.821908386880601,9
3718969,9.905725798189666,5
3718970,10.0,1
3718974,9.74559008149876,4
3718985,9.746443548006926,11
3718993,9.823111299654812,8
3718994,10.0,1
3719002,9.846503174610577,8
3719008,9.89644722041526,6
3719009,9.995835308244343,1
3719017,9.838785143835317,8
3719023,9.871281098926998,6
3719027,9.943313424985,4
3719036,9.805686051117515,9
3719041,9.926747072871187,5
3719046,9.90554445765051,5
3719047,9.992926374836872,1
3719048,10.0,1
3719065,9.657700973585706,17
3719070,9.916371915471178,5
3719085,9.715372536780679,15
3719093,9.853802091166642,8
3719097,9.938029443536008,4
3719104,9.88878187015974,7
3719110,9.87776644744173,6
3719119,9.818009092554782,9
3719124,9.915197042561594,5
3719132,9.856278887621995,8
3719150,9.642847446212278,18
3719159,9.831983826164182,9
3719168,9.827228865854405,9
3719183,9.669206027821025,15
3719187,9.939928934454171,4
3719194,9.858687720418294,7
3719205,9.75999725075004,11
3719225,9.204819629975635,20
3719240,9.703213409212992,15
3719241,10.0,1
3719256,9.637062723341185,15
3719258,9.984358296083654,2
3719269,9.78106345649576,11
3719270,10.0,1
3719280,9.778285620068678,10
3719284,9.933030866062524,4
3719285,10.0,1
3719288,9.966770203989858,3
3719305,9.715667604846317,17
3719311,9.901939117107737,6
3719316,9.908365278233493,5
3719322,9.88787168212434,6
3719327,9.913140900639457,5
3719338,9.780679844120101,11
3719351,9.734470593800467,13
3719361,9.688627938520964,10
3719373,9.772212906954717,12
3719382,9.808752311139855,9
3719392,9.805241959988086,10
3719404,9.737389879524246,12
3719410,9.882905700675531,6
3719417,9.858615004957354,7
3719424,9.844882145719215,7
3719435,9.694261373896149,11
3719447,9.549907127979788,12
3719449,9.9824967262397,2
3719465,9.549686729011022,16
3719474,9.827431373156024,9
3719479,9.911380455211342,5
3719489,9.788341648915802,10
3719495,9.8960052446273,6
3719512,9.600153846288856,17
3719520,9.818946980562758,8
3719525,9.907914961998516,5
3719533,9.823446497041004,8
3719539,9.904408975464596,6
3719549,9.810209655847835,10
3719589,9.172116762042686,40
3719602,9.748610803678119,13
3719616,9.692691837342425,14
3719627,9.774789076230675,11
3719635,9.828711337068643,8
3719644,9.823570823213325,9
3719656,9.737187429171465,12
3719657,9.996631424228838,1
3719661,9.944465278915525,4
3719667,9.89938464577678,6
3719671,9.94027143624841,4
3719676,9.899059696317694,5
3719684,9.84250734142583,8
3719696,9.717612666374674,12
3719701,9.910539215144079,5
3719712,9.814625250232812,11
3719714,9.972593799602334,2
3719722,9.842922024345466,8
3719728,9.888746397395918,6
3719735,9.87504159238172,7
3719745,9.770857730133624,10
3719750,9.922392151863596,5
3719760,9.774040778917565,10
3719768,9.848283286868087,8
3719772,9.942580920049798,4
3719776,9.949678540113917,4
3719788,9.72815900801745,12
3719798,9.79544389126291,10
3719801,9.956289200469316,3
3719812,9.785327365294211,11
3719819,9.874097398029384,7
3719833,9.672520011145794,14
3719877,9.256169870773467,44
3719968,-22.229193589781204,91
3719972,9.938441167314103,4
3719980,9.841549905260976,8
3719984,9.926999963282764,4
3719992,9.837952693884404,8
3720002,9.812599357220783,10
3720008,9.896154029206325,6
3720017,9.806285180790919,9
3720031,9.72786331454467,14
3720040,9.799827528585098,9
3720044,9.924823034530169,4
3720049,9.929039119107346,5
3720055,9.912240338864635,6
3720059,9.940341880648793,4
3720062,9.963638079205948,3
3720076,9.65044135329482,14
3720086,9.80262905901612,10
3720091,9.913434491914035,5
3720100,9.713128504567425,9
3720113,9.70999718781254,13
3720121,9.897303822233019,8
3720135,9.732922178578757,14
3720136,10.0,1
3720152,9.704800896848166,16
3720159,9.874313901678208,7
3720165,9.879838428424444,6
3720174,9.846611005703915,9
3720179,9.909448980604607,5
3720189,9.80589133897426,10
3720202,9.488880760262875,13
3720206,9.92579813183486,4
3720217,9.780550666041254,11
3720230,9.746944357819316,13
3720234,9.949344124694106,4
3720249,9.663839069092692,15
3720254,9.91612377079121,5
3720260,9.891658243238707,6
3720270,9.793213980318582,10
3720277,9.896960050428703,7
3720287,9.800638274334423,10
3720293,9.887925665821774,6
3720299,9.678949065381419,6
3720307,9.849883700402275,8
3720314,9.876752564912653,7
3720324,9.761416108242777,10
3720335,9.772323041232593,11
3720339,9.643430783421293,4
3720348,9.820183275391651,9
3720357,9.813252345814963,9
3720362,9.919835953208652,5
3720369,9.86325604877578,7
3720372,9.950107280921069,3
3720374,9.982812637174357,2
3720377,9.962652579719848,3
3720378,10.0,1
3720393,9.676490668023954,15
3720406,9.695521856733368,13
3720409,9.971214300637884,3
3720429,9.477945443095564,20
3720436,9.873090673191353,7
3720444,9.829263432751798,8
3720451,9.871784602653376,7
3720455,9.944491587512735,4
3720471,9.637760502505442,16
3720481,9.770098941107548,10
3720491,9.782988831630426,10
3720501,9.809836086703406,10
3720513,9.725844071389371,12
3720528,9.471292310339786,15
3720539,9.79857594887544,11
3720553,9.721688016111681,14
3720555,9.969999165696995,2
3720565,9.789931204205496,10
3720578,9.699863570195571,13
3720589,9.760451880519618,11
3720596,9.894243517671434,7
3720610,9.701724854552767,14
3720623,9.705883888201484,13
3720640,9.632768412073565,17
3720651,9.78626330940832,11
3720660,9.795759879166049,9
3720666,9.899699289211075,6
3720675,9.803798621082564,9
3720676,10.0,1
3720677,10.0,1
3720680,9.966612940385001,3
3720684,9.93974514877827,4
3720691,9.86637709239127,7
3720696,9.914134434737282,5
3720703,9.869628756417711,7
3720718,9.658096585211174,15
3720724,9.875050405081874,6
3720725,10.0,1
3720735,9.806605958005825,10
3720750,9.696994893177004,15
3720753,9.965897029688172,3
3720766,9.705549310302743,13
3720784,9.604669755784897,18
3720790,9.888382073767078,6
3720795,9.930276395401068,5
3720806,9.766778006954924,11
3720815,9.83316502773212,9
3720822,9.867957729799816,7
3720830,9.836829027270483,8
3720845,9.674518356023869,15
3720855,9.844834708113623,10
3720863,9.81812173593139,8
3720869,9.894567293660051,6
3720878,9.81869261124086,9
3720881,9.969363112820767,3
3720885,9.92699720933462,4
3720892,9.875497752822524,7
3720904,9.740258490075108,12
3720917,9.723080752160739,13
3720926,9.81761120305143,9
3720927,10.0,1
3720939,9.739746727051221,12
3720950,9.836398290830108,11
3720959,9.848981454962823,9
3720967,9.866555440186914,8
3720975,9.85320229678393,8
3720985,9.598642274771711,10
3720996,9.738450797569385,11
3721010,9.702544549108602,14
3721017,9.862936719456208,7
3721029,9.752027800057938,12
3721037,9.833434135624865,8
3721044,9.77204007163851,7
3721057,9.704955556460463,13
3721069,9.753764370467113,12
3721081,9.75010607180949,12
3721094,9.713210220982576,13
3721100,9.909697751105787,6
3721113,9.69344185312724,13
3721116,9.954448414477756,3
3721127,9.759819295499774,11
3721128,10.0,1
3721136,9.834512498485777,8
3721146,9.78724721176515,10
3721162,9.62567390533674,16
3721163,10.0,1
3721174,9.760615210533704,11
3721186,9.729167112016585,12
3721196,9.806813682833491,10
3721199,9.951184475768382,3
3721204,9.928839702421454,5
3721225,9.549207197430563,21
3721226,10.0,1
3721233,9.869460578848843,7
3721242,9.798341248457852,9
3721260,9.611618278151667,18
3721263,9.954890436184387,3
3721273,9.791051395191557,10
3721279,9.904890145233416,6
3721289,9.786428684293508,10
3721302,9.703365595041188,13
3721312,9.791163300081026,10
3721316,9.934110267979463,4
3721320,9.924115721404432,4
3721327,9.885802972701724,7
3721336,9.818799648534462,9
3721342,9.903386514718589,6
3721350,9.863060544194422,8
3721363,9.728246133243497,13
3721372,9.816016352796153,9
3721374,9.985316424857912,2
3721386,9.761046411210923,12
3721401,9.672073630953882,15
3721407,9.909190418487926,6
3721417,9.798527427423952,10
3721427,9.797876248512068,10
3721432,9.925541363453757,5
3721442,9.799011819455696,10
3721451,9.79784536441084,9
3721462,9.771996329508296,11
3721469,9.886329467791384,7
3721476,9.872401862878798,7
3721486,9.800951305209228,10
3721495,9.832265419981779,9
3721502,9.887590398042798,7
3721509,9.868937136276818,7
3721527,9.631138694843179,18
3721536,9.840504408064911,9
3721544,9.860542286541127,8
3721546,9.977741853738157,2
3721560,9.682967045674765,14
3721571,9.554980778151009,11
3721580,9.811621684227367,9
3721586,9.892137316657381,6
3721592,9.892608465607912,6
3721596,9.939613699871495,4
3721603,9.860454465842711,7
3721609,9.920426930657895,6
3721610,10.0,1
3721623,9.72440683604462,13
3721634,9.746127306975021,11
3721635,9.993136620303286,1
3721644,9.835456269942645,9
3721656,9.749235745338735,12
3721671,9.695069692909678,15
3721675,9.933764401653697,4
3721686,9.736122774706264,11
3721696,9.790991741553933,10
3721711,9.654384903077485,15
3721728,9.489483197287859,17
3721737,9.824467708478519,9
3721740,9.946769071773948,3
3721744,9.93892573207124,4
3721753,9.819303565087834,9
3721764,9.763309062638477,11
3721767,9.945715735438737,3
3721778,9.749866358628948,11
3721784,9.894928293412207,6
3721799,9.635291441139339,15
3721805,9.895029785657947,6
3721811,9.898725692293493,6
3721818,9.865785975860218,7
3721827,9.812595981502193,9
3721833,9.88374335521166,6
3721842,9.816835743160365,9
3721856,9.701414266763855,14
3721859,9.95520671939998,3
3721875,9.648162414183732,16
3721888,9.699591265983988,13
3721892,9.924996863132739,4
3721897,9.929774291571068,5
3721902,9.918243660552783,5
3721912,9.766831415998336,10
3721920,9.867344178472731,8
3721921,10.0,1
3721928,9.864945646945984,7
3721937,9.822977408590969,9
3721938,9.988155494794968,1
3721949,9.765265568470591,11
3721957,9.832876469261322,8
3721961,9.93749434777426,4
3721971,9.82673151426436,10
3721979,9.650768828540349,8
3721984,9.91729180694186,5
3721995,9.733447087052618,11
3722002,9.870292187134089,7
3722003,10.0,1
3722021,9.558356768491512,18
3722025,9.931609718527005,4
3722037,9.746915487611977,12
3722049,9.729295587982678,12
3722069,9.598924180922442,20
3722074,9.916397028453316,5
3722082,9.84759062736246,8
3722083,9.988873948056488,1
3722084,9.98858218762605,1
3722095,9.755038195561825,11
3722098,9.956506329332868,3
3722121,9.462083742967742,23
3722122,10.0,1
3722132,9.804806105821573,10
3722139,9.877393018323554,7
3722151,9.52876596587346,12
3722158,9.867288741755956,7
3722168,9.211262383499028,10
3722176,9.834801333846059,8
3722183,9.85714394019319,7
3722196,9.70802249361617,13
3722202,9.889681969020357,6
3722210,9.818464464643688,8
3722216,9.902032082620341,6
3722225,9.822803636372395,9
3722236,9.751862129367671,11
3722237,10.0,1
3722252,9.67600064523847,15
3722264,9.72656791374811,12
3722275,9.813283407057183,11
3722289,9.668936048752663,14
3722293,9.946612882985544,4
3722295,9.97944491428142,2
3722304,9.788248904175408,9
3722312,9.827732405007975,8
3722320,9.848480710242614,8
3722330,9.822283713099369,10
3722335,9.912841493049273,5
3722341,9.92150580663999,6
3722349,9.851585701589354,8
3722367,9.609777012249676,18
3722377,9.788318174308813,10
3722383,9.875996702139666,6
3722395,9.740753578824828,12
3722396,9.996474003162499,1
3722401,9.91689846438775,5
3722415,9.677403068167337,14
3722423,9.850850224379856,8
3722428,9.920242141302687,5
3722433,9.919919699319559,5
3722438,9.922481940293624,5
3722444,9.877817855681041,6
3722449,9.921396751727052,5
3722458,9.838817631813793,9
3722462,9.93562685891564,4
3722463,9.993158550795838,1
3722465,9.97189067421664,2
3722479,9.71826300304923,14
3722481,9.967364202952279,2
3722489,9.847081830132277,8
3722501,9.752496502172507,12
3722513,9.772128942116089,12
3722523,9.77617481096187,10
3722526,9.96668239888805,3
3722537,9.749963200762476,11
3722551,9.684875360395548,14
3722559,9.848221974762676,8
3722570,9.740967506441658,11
3722571,10.0,1
3722583,9.74860991432144,12
3722594,9.796351556479447,11
3722603,9.806350531331855,9
3722604,10.0,1
3722614,9.825165523811105,10
3722631,9.62817551126127,17
3722643,9.728959401504685,12
3722649,9.904219375792923,6
3722655,9.791828136809203,6
3722676,9.580576209318215,21
3722691,9.645456657101736,15
3722697,9.912663682597016,6
3722704,9.855831564521042,7
3722711,9.87140259882688,7
3722720,9.816900827291228,9
3722725,9.920202808322834,5
3722732,9.857921556590856,7
3722737,9.918472364931915,5
3722746,9.839558784338122,9
3722751,9.926002368593016,5
3722757,9.881585373111541,6
3722765,9.854782352224296,8
3722773,9.82613289455914,8
3722782,9.80736849947021,9
3722786,9.93688451177965,4
3722788,9.97255941286771,2
3722794,9.903613994588483,6
3722804,9.77804737860028,10
3722817,9.742009172949961,13
3722828,9.772475355021294,11
3722831,9.96912181413878,3
3722839,9.570522960935316,8
3722852,9.698958493928725,13
3722864,9.73706507318638,12
3722874,9.804536047390329,10
3722885,9.764549542320514,11
3722893,9.83219552031167,8
3722904,9.784041041517797,11
3722914,9.785541575359998,10
3722921,9.870285308940446,7
3722929,9.862668367641579,8
3722940,9.773450737748597,11
3722951,9.759610951625742,11
3722952,10.0,1
3722961,9.823766333766168,9
3722969,9.879539675587703,8
3722978,9.807655631940499,9
3722984,9.911212827903817,6
3722986,9.984122662885358,2
3722987,10.0,1
3723000,9.720872180237844,13
3723011,9.772968793180763,11
3723017,9.90499130940261,6
3723030,9.729574136238435,13
3723039,9.834437112346993,9
3723044,9.912988702980941,5
3723054,9.775553051451032,10
3723064,9.789508545376227,10
3723078,9.683558577653532,14
3723090,9.739149315990637,12
3723098,9.889133797212152,8
3723099,10.0,1
3723109,9.808445498838603,10
3723119,9.800551207192987,10
3723131,9.739719451491357,12
3723137,9.798633890949604,6
3723138,10.0,1
3723147,9.829130366007213,9
3723155,9.84640077401735,8
3723159,9.941654646944825,4
3723167,9.872739192229155,8
3723168,10.0,1
3723175,9.858450828147745,7
3723183,9.841741459470022,8
3723190,9.847790380343582,7
3723204,9.68449128474682,14
3723218,9.693497834374009,14
3723229,9.76062113203415,11
3723235,9.880541103067614,6
3723240,9.925503276648048,5
3723248,9.833255026596413,8
3723253,9.937607360124948,5
3723264,9.763372762505655,11
3723273,9.81702554477031,9
3723282,9.821718598680889,9
3723295,9.702862707593932,13
3723298,9.957666026566109,3
3723309,9.76353950231685,11
3723322,9.684145606345337,13
3723349,9.353876234677553,27
3723359,9.811768240120477,10
3723366,9.88376361405049,7
3723367,10.0,1
3723377,9.803128399544349,10
3723378,10.0,1
3723385,9.862883861778021,7
3723396,9.58108239951238,11
3723404,9.844873012993506,8
3723407,9.949439189408007,3
3723415,9.858987767079235,8
3723427,9.708747013030337,12
3723433,9.889380438756078,6
3723443,9.578974799905579,10
3723451,9.827763335163612,8
3723453,9.968134682275618,2
3723463,9.799258643539371,10
3723473,9.852056444843479,10
3723484,9.764915673484719,11
3723489,9.9134454627583,5
3723490,10.0,1
3723491,9.992235731389119,1
3723503,9.776189567863998,12
3723508,9.912418984527655,5
3723520,9.751458179761086,12
3723537,9.604318937286529,17
3723547,9.811055810107467,10
3723553,9.874483440543381,6
3723569,9.613151636867952,16
3723582,9.702867553673283,13
3723595,9.73905434048824,13
3723596,10.0,1
3723602,9.889968169556454,6
3723610,9.838056175847866,8
3723617,9.889442292861709,7
3723628,9.745174312324185,11
3723639,9.567752527900995,11
3723649,9.77579053944021,10
3723651,9.96996772072253,2
3723668,9.624754023611214,17
3723669,9.987968284097814,1
3723680,9.77038524460856,11
3723685,9.924925819319574,5
3723686,9.992481391951477,1
3723696,9.79579106990274,10
3723706,9.788220839027172,10
3723713,9.861223253904766,7
3723724,9.765264890677871,11
3723734,9.812458702675547,10
3723747,9.696846171020459,13
3723748,10.0,1
3723754,9.877143438684694,6
3723762,9.827065251436387,8
3723773,9.791049220496037,11
3723787,9.710217388124857,14
3723796,9.821923019068354,9
3723810,9.68221883765878,14
3723812,9.985643526591337,2
3723820,9.858579360586573,8
3723835,9.617228585090858,15
3723838,9.948587028890021,3
3723855,9.67788978059342,17
3723864,9.823531720418035,9
3723873,9.827276369140172,9
3723878,9.934493065214205,5
3723886,9.820226426933012,8
3723888,9.976161803138003,2
3723899,9.751413118873424,11
3723910,9.74084729342312,11
3723924,9.664207754899522,14
3723935,9.756415475255618,11
3723940,9.921031720969951,5
3723944,9.943665115955806,4
3723957,9.690076707826194,13
3723963,9.884723135161774,6
3723978,9.677810668128211,15
3723986,9.851503044887208,8
3723988,9.966853384374557,2
3723997,9.80605591985059,9
3723998,9.99647629142883,1
3724010,9.725417618621933,12
3724011,10.0,1
3724018,9.874945634651493,7
3724028,9.785918190497691,10
3724034,9.914729819625613,6
3724045,9.771625316027958,11
3724055,9.790773142967208,10
3724056,10.0,1
3724065,9.821609578944571,9
3724068,9.964364227124804,3
3724083,9.090164506857134,15
3724090,9.862821426688448,7
3724102,9.740294451080889,12
3724109,9.878852140507522,7
3724126,9.622190092342777,17
3724130,9.931872816755448,4
3724138,9.836346630409071,8
3724149,9.782741622756888,11
3724158,9.8277128939821,9
3724167,9.828097093666972,9
3724185,9.603446899154557,18
3724190,9.910594359614345,5
3724199,9.799837004680647,9
3724200,10.0,1
3724204,9.932885093283131,4
3724205,10.0,1
3724206,10.0,1
3724213,9.86630844652712,7
3724222,9.824375340201364,9
3724227,9.910327809317993,5
3724235,9.845982422530897,8
3724241,9.885458940723767,6
3724248,9.887042269985013,7
3724252,9.93430348848756,4
3724261,9.804575518580588,9
3724270,9.82610580694005,9
3724282,9.743506476462363,12
3724288,9.910169483979525,6
3724295,9.855158529635206,7
3724300,9.911771092041826,5
3724307,9.88414375072134,7
3724308,9.996379772857471,1
3724324,9.621620037779495,16
3724330,9.902270796867757,6
3724338,9.844595062983247,8
3724339,10.0,1
3724342,9.962660785715041,3
3724351,9.813398982100747,9
3724358,9.876483618945027,7
3724375,9.641769161893901,17
3724381,9.879761616179165,6
3724392,9.767033558992672,11
3724400,9.871425471412358,8
3724401,9.992935503543002,1
3724415,9.510431962996494,14
3724420,9.923673719138069,5
3724428,9.872921523538533,8
3724438,9.72492694774413,10
3724446,9.842755359816415,8
3724452,9.88626343625252,6
3724466,9.686013355501569,14
3724473,9.871855263688026,7
3724479,9.899803719261044,6
3724489,9.794480766831454,10
3724495,9.882228616173341,6
3724509,9.67344795901776,14
3724511,9.973612702778064,2
3724512,10.0,1
3724520,9.852855968514625,8
3724527,9.865633296944862,7
3724540,9.714489355044478,13
3724542,9.977050764382476,2
3724555,9.718438153875967,13
3724565,9.78312969764275,10
3724583,9.69109247889315,18
3724584,10.0,1
3724593,9.815137398593597,9
3724600,9.892657503447264,7
3724608,9.83240098071133,8
3724621,9.699749877777093,13
3724631,9.789939918158579,10
3724632,9.996165449457838,1
3724634,9.979639339059952,2
3724635,10.0,1
3724644,9.814064330877153,9
3724649,9.922569482984391,5
3724668,9.52084537777533,19
3724680,9.7590150457232,12
3724687,9.881190688566265,7
3724700,9.679096447485087,13
3724712,9.736702470140164,12
3724721,9.824021551543664,9
3724733,9.742900945137421,12
3724743,9.792372134060974,10
3724749,9.895133984350338,6
3724757,9.846123189622432,8
3724762,9.913280128267015,5
3724763,9.988164668027828,1
3724769,9.896464220095245,6
3724778,9.831180765936155,9
3724790,9.726390213235216,12
3724798,9.84212721265738,8
3724799,10.0,1
3724808,9.805895586784683,9
3724816,9.833065137031632,8
3724822,9.896262533492711,6
3724827,9.923783142050805,5
3724828,10.0,1
3724832,9.95138379130408,4
3724845,9.724346115837598,13
3724856,9.753004611191333,11
3724862,9.902832499485905,6
3724871,9.800990802450352,9
3724883,9.70678370304475,12
3724893,9.78806495757016,10
3724905,9.786456971110082,12
3724913,9.84980178231857,8
3724914,10.0,1
3724915,9.992850841007648,1
3724926,9.782229840707434,11
3724933,9.857878835120127,7
3724936,9.9601127449952,3
3724937,10.0,1
3724940,9.95730155165684,3
3724960,9.562320658170432,20
3724971,9.809324831079518,11
3724973,9.977154272917812,2
3724983,9.795577101710196,10
3724986,9.966146459621493,3
3724987,10.0,1
3724991,9.928160854678739,4
3725002,9.788014812220124,11
3725010,9.85000111733835,8
3725019,9.7902304756224,9
3725026,9.85661639074867,7
3725032,9.895674149506338,6
3725043,9.76778197069301,11
3725055,9.741796668782543,12
3725060,9.918442944509573,5
3725068,9.823651645785954,8
3725082,9.697406471560457,14
3725100,9.557151273482747,18
3725108,9.867414928163848,8
3725109,10.0,1
3725110,9.98907695480861,1
3725115,9.926371118244262,5
3725122,9.869537238566908,7
3725127,9.931524370326798,5
3725137,9.78791897898227,10
3725147,9.81669488005563,10
3725162,9.668343475739848,15
3725176,9.696027563226377,14
3725187,9.794051510822879,11
3725193,9.898037124917751,6
3725205,9.739984526430412,12
3725212,9.870494778317568,7
3725214,9.979670458024726,2
3725215,10.0,1
3725221,9.911785416594059,6
3725237,9.61970941471944,16
3725251,9.705088962790258,14
3725252,9.996206644430707,1
3725257,9.924447403577318,5
3725267,9.807073843718584,10
3725268,10.0,1
3725269,10.0,1
3725273,9.949677400337048,4
3725279,9.909226131936467,6
3725287,9.851122497176553,8
3725296,9.832132538667933,9
3725305,9.846662723443039,9
3725317,9.745831286102694,12
3725330,9.72656784991196,13
3725340,9.77650103130714,10
3725348,9.831389805038222,8
3725359,9.791266862510748,11
3725368,9.839867771458685,9
3725373,9.895181444909166,5
3725378,9.928304000586934,5
3725403,9.512275932020179,25
3725406,9.963661054443847,3
3725421,9.647155601886459,15
3725431,9.819007751444525,10
3725446,9.653951130489883,15
3725450,9.93484830369662,4
3725458,9.869497358768944,8
3725462,9.937215390526793,4
3725470,9.842369991635,8
3725475,9.922961361568053,5
3725481,9.905746248019499,6
3725498,9.621413736178335,17
3725504,9.895955198635177,6
3725510,9.888931585064885,6
3725520,9.442848398229888,10
3725524,9.947647900722409,4
3725525,9.98758533320086,1
3725529,9.93321981924197,4
3725534,9.924203900413833,5
3725540,9.914947047436762,6
3725548,9.85216025283792,8
3725551,9.95608349551447,3
3725555,9.955331188819317,4
3725563,9.846728487149992,8
3725570,9.788888228442227,7
3725585,9.680131583070391,15
3725591,9.908980948187926,6
3725598,9.860773572271915,7
3725607,9.80796620082581,9
3725616,9.834207068708533,9
3725624,9.848752687293203,8
3725638,9.718839427115697,14
3725648,9.79966583134379,10
3725654,9.886061735405029,6
3725667,9.679916878736028,13
3725677,9.808280456431026,10
3725689,9.745819316170472,12
3725690,10.0,1
3725697,9.8873672241321,7
3725702,9.929500925898312,5
3725711,9.83050483047236,9
3725715,9.937106957592498,4
3725720,9.914722342608172,5
3725724,9.949004653069709,4
3725730,9.896569010001572,6
3725735,9.924327103480541,5
3725741,9.88590925303655,6
3725748,9.89279475437733,7
3725759,9.761014325543947,11
3725765,9.900122639807767,6
3725777,9.743959594467672,12
3725787,9.79629131428865,10
3725802,9.692948360797772,15
3725811,9.809666955405573,9
3725812,10.0,1
3725813,10.0,1
3725821,9.840895296257958,8
3725830,9.814502858412581,9
3725838,9.857212948502813,8
3725845,9.877390543455133,7
3725851,9.892112500723034,6
3725852,10.0,1
3725864,9.736723871423543,12
3725868,9.94015433618172,4
3725882,9.65962355573552,14
3725883,9.989486723984198,1
3725898,9.677526940360384,15
3725910,9.74731130422648,12
3725912,9.983209823350785,2
3725913,10.0,1
3725918,9.906126660725803,5
3725925,9.882169201035165,7
3725927,9.977046944137388,2
3725937,9.806047774430086,10
3725946,9.842039269151124,9
3725955,9.809320656661342,9
3725963,9.86115001720045,8
3725967,9.926577664148894,4
3725976,9.829119754313178,9
3725978,9.983181032325627,2
3725985,9.870172512222888,7
3725994,9.798032256843596,9
3726001,9.863864460856803,7
3726005,9.936279992798658,4
3726008,9.952624073842854,3
3726016,9.84534758267738,8
3726025,9.838862433370872,9
3726029,9.951176817339366,4
3726034,9.915969968617965,5
3726044,9.776621695463644,10
3726051,9.867639381520856,7
3726055,9.939841441607026,4
3726061,9.905701391291744,6
3726069,9.852893283906331,8
3726075,9.89108148086136,6
3726090,9.642886188747193,15
3726096,9.915067389504177,6
3726106,9.810685052798945,10
3726117,9.765737787701811,11
3726130,9.66851862341206,13
3726139,9.799674198703162,9
3726152,9.70238508121827,13
3726164,9.654319789725298,12
3726171,9.869759772475986,7
3726180,9.840165889975218,9
3726186,9.914497078745184,6
3726193,9.88311617153589,7
3726198,9.917330831093333,5
3726207,9.838081565804398,9
3726213,9.914366043095791,6
3726224,9.759468534553681,11
3726236,9.788212098394107,12
3726241,9.919835153829391,5
3726254,9.736608634780419,13
3726265,9.764783630572877,11
3726270,9.912977441785525,5
3726273,9.971191054589491,3
3726286,9.711527094653771,13
3726293,9.872477495828555,7
3726298,9.70956481454948,5
3726316,9.579653503911972,18
3726321,9.633204439721508,5
3726337,9.652939088138767,16
3726344,9.868617572332832,7
3726354,9.815363133361899,10
3726361,9.86153030345503,7
3726366,9.917745098849343,5
3726378,9.753958423948028,12
3726386,9.848886427670378,8
3726391,9.913214187825204,5
3726397,9.892689565344485,6
3726407,9.776815199933763,10
3726417,9.769785789891804,10
3726427,9.778155269109922,10
3726430,9.956639066435928,3
3726441,9.756884773433207,11
3726447,9.915967310834164,6
3726451,9.927420013151503,4
3726454,9.965336014687248,3
3726468,9.661898551934456,14
3726479,9.758734255820244,11
3726492,9.715538882851884,13
3726505,9.73550458335652,13
3726517,9.769968736424117,12
3726531,9.700559630765913,14
3726543,9.730795422644587,12
3726551,9.824537385980632,8
3726555,9.934270132115987,4
3726563,9.86776342520802,8
3726575,9.738002477892586,12
3726585,9.826657473485113,10
3726594,9.81083258424716,9
3726604,9.852968581848202,10
3726607,9.964821924600423,3
3726608,10.0,1
3726609,10.0,1
3726618,9.816564102799068,9
3726622,9.940328729776436,4
3726626,9.937947447834636,4
3726627,10.0,1
3726637,9.767910079350594,10
3726639,9.969612314847687,2
3726653,9.691780818601481,14
3726659,9.905101753998121,6
3726667,9.846221642418746,8
3726679,9.770091188599952,12
3726685,9.87566664653702,6
3726706,9.534876382185361,21
3726721,9.561956417434317,15
3726738,9.61431246244069,17
3726755,9.58751900779675,17
3726765,9.792263235474843,10
3726770,9.909279749322485,5
3726775,9.920106863161276,5
3726782,9.864326171034973,7
3726791,9.843474978226935,9
3726795,9.940322355895752,4
3726803,9.840399767006595,8
3726812,9.819363008083016,9
3726817,9.901342053205575,5
3726821,9.94696492470178,4
3726832,9.766853727838031,11
3726843,9.786120540965841,11
3726844,10.0,1
3726858,9.648162345047272,14
3726859,10.0,1
3726873,9.711489789803794,14
3726879,9.906320540008885,6
3726894,9.631135277186456,15
3726898,9.941105436666993,4
3726913,9.662234139783996,15
3726922,9.841840818364501,9
3726932,9.770212652072743,10
3726936,9.92722926506501,4
3726937,10.0,1
3726941,9.933532318803117,4
3726953,9.759098475386315,12
3726958,9.925313783973536,5
3726959,10.0,1
3726967,9.846480221454941,8
3726972,9.918572958774133,5
3726976,9.932295577303314,4
3726992,9.638082909466652,16
3727004,9.729749953261658,12
3727013,9.806388350958867,9
3727018,9.939808834523694,5
3727036,9.649718753192076,18
3727046,9.79579518032317,10
3727057,9.76534075221818,11
3727063,9.890478097286115,6
3727077,9.739267379973933,14
3727082,9.913165727600017,5
3727086,9.92974704124799,4
3727087,9.988924306961382,1
3727093,9.893586145872275,6
3727105,9.742442998802353,12
3727121,9.665547822957164,16
3727133,9.765648179303124,12
3727134,10.0,1
3727148,9.705016294370726,14
3727159,9.773425211538644,11
3727163,9.935565868037468,4
3727173,9.792846702566324,10
3727178,9.925298335991082,5
3727187,9.81850382041599,9
3727188,10.0,1
3727195,9.879593346725649,7
3727201,9.895505689316067,6
3727210,9.822998348286202,9
3727215,9.91341637738907,5
3727225,9.798382772877796,10
3727237,9.75159658927019,12
3727248,9.755264534278107,11
3727260,9.725833425249826,12
3727266,9.889150140410948,6
3727278,9.725425914252884,12
3727279,9.98891959620898,1
3727289,9.780902569067138,10
3727295,9.889325384463401,6
3727306,9.754324700263972,11
3727317,9.757035551292873,11
3727322,9.91798006291379,5
3727331,9.81393594562737,9
3727343,9.756145144428283,12
3727349,9.894685078049557,6
3727357,9.849557386582612,8
3727368,9.767766077417752,11
3727371,9.953959234023978,3
3727374,9.955425334239596,3
3727385,9.752885102129868,11
3727386,10.0,1
3727393,9.898563885874664,7
3727397,9.947465991822648,4
3727414,9.6239246952155,17
3727422,9.866078752321673,8
3727427,9.93582791376801,5
3727438,9.76296742518424,11
3727449,9.76391591087598,11
3727450,10.0,1
3727459,9.831312823190983,9
3727463,9.930435763095808,4
3727475,9.728412801356363,12
3727481,9.871652611551033,6
3727489,9.881032162117775,8
3727496,9.878701642855063,7
3727503,9.857955419131473,7
3727517,9.683171810705955,14
3727531,9.719158692580724,14
3727546,9.649574119487264,15
3727551,9.915981874679115,5
3727561,9.826688814688696,10
3727573,9.768732015509176,12
3727587,9.661211752210914,14
3727597,9.79207986002857,10
3727598,10.0,1
3727967,-140.10757705400093,369
3727976,9.796761286677263,9
3727981,9.927634232409785,5
3727988,9.862028291523277,7
3727996,9.811620043960763,8
3728004,9.84958826960372,8
3728005,10.0,1
3728013,9.837455174475387,8
3728019,9.883025107724569,6
3728022,9.961068994029525,3
3728028,9.891654944495166,6
3728040,9.80007785353174,12
3728055,9.658559820681925,15
3728065,9.789932478865373,10
3728078,9.70759442009151,13
3728081,9.962935941905632,3
3728091,9.78073799610021,10
3728095,9.919301116808155,4
3728099,9.946858470945973,4
3728111,9.739334788234196,12
3728116,9.90294784752567,5
3728122,9.881752605580342,6
3728123,10.0,1
3728132,9.811053145986913,9
3728141,9.798070324825314,9
3728150,9.83285854593107,9
3728160,9.813394847485474,10
3728167,9.87355413354717,7
3728184,9.484030981562677,17
3728192,9.848211227479236,8
3728204,9.772934865938327,12
3728220,9.609665495172312,16
3728240,9.406939265196572,20
3728252,9.803297704440912,12
3728258,9.895809305663334,6
3728270,9.707904164608264,12
3728275,9.922748200612395,5
3728279,9.938128426367156,4
3728298,9.62479342310578,19
3728307,9.818130933373121,9
3728311,9.927034717260801,4
3728325,9.71439004829921,14
3728326,10.0,1
3728334,9.831929413997921,8
3728343,9.814485211526401,9
3728355,9.753370050314254,12
3728366,9.754476436111982,11
3728373,9.872787809439982,7
3728392,9.604202490472828,19
3728403,9.749439713089302,11
3728407,9.94003876767138,4
3728408,9.98821389748616,1
3728416,9.847221248362061,8
3728429,9.707800501368165,13
3728435,9.873880093501512,6
3728447,9.716557306747012,12
3728453,9.881892400149773,6
3728460,9.858949680898014,7
3728470,9.780180642901442,10
3728473,9.959669074104387,3
3728482,9.820886713047436,9
3728483,10.0,1
3728488,9.91880066013833,5
3728490,9.985271067694994,2
3728500,9.788591287411135,10
3728513,9.723834334410915,13
3728533,9.648686452946926,20
3728542,9.803038825487384,9
3728552,9.792963776159645,10
3728563,9.73954417483303,11
3728564,9.996192853182649,1
3728572,9.841664280071994,8
3728578,9.807850078945004,6
3728587,9.812806276369642,9
3728600,9.69526593335711,13
3728609,9.807181046081274,9
3728611,9.971462723212683,2
3728620,9.822929091912108,9
3728629,9.867293262470643,9
3728639,9.793103801428417,10
3728642,9.959954604836021,3
3728643,9.993393529217933,1
3728657,9.703642387768348,14
3728663,9.893380384323194,6
3728674,9.75866991553678,11
3728687,9.70983326789653,13
3728695,9.860798803904052,8
3728707,9.752809282012228,12
3728710,9.964591328060116,3
3728715,9.9270261071895,5
3728722,9.86286380724342,7
3728724,9.969933531395803,2
3728735,9.765050856264587,11
3728743,9.839860041457868,8
3728749,9.913136701352169,6
3728758,9.816279704508233,9
3728759,10.0,1
3728767,9.84528014707874,8
3728780,9.691738281376331,13
3728787,9.88699211497062,7
3728792,9.902341917809073,5
3728797,9.622295963574421,5
3728806,9.817061714542852,9
3728815,9.818116845647538,9
3728827,9.743969480286127,12
3728846,9.519029894838605,19
3728858,9.749712494926632,12
3728864,9.90577836597846,6
3728865,10.0,1
3728882,9.598702820888441,17
3728889,9.864369403255656,7
3728897,9.828791654883824,8
3728902,9.912565388600026,5
3728905,9.959456441594877,3
3728915,9.803104069648665,10
3728927,9.736662954868347,12
3728934,9.846463438591252,7
3728945,9.778305997944155,11
3728955,9.785947314511576,10
3728967,9.7088592402894,12
3728979,9.75112018615346,12
3728991,9.742894914598986,12
3729001,9.818330839223353,10
3729013,9.733183436605932,12
3729016,9.951794316535393,3
3729021,9.926710510709555,5
3729022,10.0,1
3729032,9.795320116536871,10
3729049,9.60367199644935,17
3729061,9.731285014426659,12
3729067,9.877106710887311,6
3729076,9.800791408740853,9
3729083,9.44787873968716,7
3729084,10.0,1
3729087,9.947325795880218,3
3729095,9.855893909175627,8
3729102,9.875152506250933,7
3729116,9.68814984098605,14
3729129,9.50426630430411,13
3729135,9.918619358516002,6
3729141,9.896604846330458,6
3729148,9.862048387944347,7
3729164,9.640068816974281,16
3729173,9.8063676232793,9
3729176,9.961378891791897,3
3729186,9.784907980392946,10
3729196,9.771760565003834,10
3729201,9.921427315999733,5
3729214,9.725443342600245,13
3729226,9.750845858683714,12
3729238,9.72833296873142,12
3729246,9.850042520589668,8
3729250,9.939354155850662,4
3729254,9.943397852896181,4
3729263,9.81540377015266,9
3729266,9.965501950392952,3
3729282,9.63630162829491,16
3729292,9.805790163399491,10
3729293,10.0,1
3729296,9.962694433569293,3
3729302,9.904667596723455,6
3729316,9.694057970195276,14
3729323,9.869653482461434,7
3729338,9.653329799974797,15
3729339,10.0,1
3729341,9.972035491165803,2
3729356,9.695468010843001,15
3729360,9.932352223951236,4
3729365,9.90855154888423,5
3729376,9.567706095733193,11
3729383,9.86624361595514,7
3729390,9.88008462368335,7
3729400,9.782322884722166,10
3729410,9.783642002105267,10
3729423,9.705507481176431,13
3729434,9.768880047807112,11
3729440,9.877237853952364,6
3729443,9.962112763829607,3
3729452,9.810853226997063,9
3729460,9.847049402858731,8
3729476,9.644381809577096,16
3729492,9.65510776417407,16
3729493,9.996147956934559,1
3729499,9.897932079165823,6
3729508,9.812839866882454,9
3729512,9.946019441545591,4
3729524,9.721446513825814,12
3729532,9.837193162788692,8
3729537,9.909341461248104,5
3729548,9.747476633416092,11
3729553,9.907746999622852,5
3729569,9.634218948750465,16
3729579,9.787421941487336,10
3729590,9.7905681716766,11
3729592,9.97001530668009,2
3729595,9.962628511938929,3
3729600,9.901493574831598,5
3729605,9.915412988613209,5
3729616,9.79427501925439,11
3729627,9.780293174771131,11
3729640,9.69758010855666,13
3729650,9.782393349662792,10
3729653,9.95641488894777,3
3729665,9.77275854307316,12
3729675,9.785740467782595,10
3729680,9.933955359246763,5
3729681,10.0,1
3729686,9.918035739948419,5
3729690,9.946945129754402,4
3729698,9.833164117277647,8
3729699,9.98829121050498,1
3729711,9.758383534654604,12
3729723,9.74569633270691,12
3729728,9.903995788888066,5
3729729,9.996252482872265,1
3729738,9.822208145321875,9
3729744,9.894455256511527,6
3729760,9.592787513705863,16
3729766,9.904317823256623,6
3729769,9.956742842153776,3
3729771,9.977422657721343,2
3729782,9.753300175104416,11
3729787,9.905308777345146,5
3729790,9.946213973371822,3
3729801,9.78944250833585,11
3729806,9.923309867882166,5
3729810,9.951927803619347,4
3729820,9.785443438271091,10
3729823,9.956899607763598,3
3729852,9.544250412652605,29
3729862,9.808141962525871,10
3729865,9.956598421648282,3
3729866,10.0,1
3729877,9.766001493679704,11
3729885,9.84858894468244,8
3729890,9.922290073307483,5
3729903,9.75890568304106,13
3729904,10.0,1
3729916,9.736817739338996,12
3729927,9.753690422395502,11
3729932,9.928548132612505,5
3729949,9.610127591632143,17
3729959,9.791545953262188,10
3729979,9.657123524835159,20
3729996,9.688772585520388,17
3730000,9.936785026335622,4
3730003,9.959492374375792,3
3730015,9.739598143413312,12
3730025,9.813955047454257,10
3730037,9.784624221929544,12
3730043,9.895009465284794,6
3730052,9.871617764525121,9
3730058,9.902772569928459,6
3730066,9.835897220768484,8
3730072,9.896336891719095,6
3730079,9.869002794849075,7
3730088,9.86328435639978,9
3730089,9.996721740595916,1
3730109,9.5955869550737,20
3730110,10.0,1
3730119,9.803606362824041,9
3730122,9.958107463569238,3
3730124,9.97786929656244,2
3730128,9.943041809497306,4
3730141,9.700526185482214,13
3730153,9.74551121637837,12
3730160,9.86473842364744,7
3730165,9.92434110468174,5
3730178,9.705924907338742,13
3730179,10.0,1
3730184,9.913834593325708,5
3730193,9.836234237029972,9
3730201,9.828669548944054,8
3730215,9.674850455711892,14
3730216,9.996478965697465,1
3730222,9.9003763044831,6
3730232,9.797515321977658,10
3730233,10.0,1
3730239,9.8758237380671,6
3730247,9.874429699875982,8
3730256,9.826784643352319,9
3730272,9.61853498255735,16
3730282,9.79846112328291,10
3730284,9.975606175293407,2
3730291,9.86963095301395,7
3730294,9.949318624576327,3
3730311,9.586150825586008,17
3730320,9.842518110866918,9
3730333,9.717593997502778,13
3730345,9.721677372229554,12
3730355,9.828747010855247,10
3730363,9.829283955659177,8
3730369,9.910377844453793,6
3730374,9.940639378950022,5
3730379,9.91583131224862,5
3730381,9.986033149920518,2
3730396,8.572422584393104,15
3730399,9.95093860311407,3
3730406,9.874146485471922,7
3730416,9.804328581223686,10
3730428,9.541610668539287,12
3730433,9.920212788965134,5
3730444,9.771639778078635,11
3730462,9.579616889775426,18
3730473,9.772914750164533,11
3730477,9.84214190749941,4
3730488,9.757997807738604,11
3730498,9.806695600799253,10
3730509,9.744066577093202,11
3730510,9.992728990749322,1
3730520,9.822706734477842,10
3730524,9.934040531840855,4
3730538,9.714173940329538,14
3730541,9.959308920430516,3
3730551,9.598201465658263,10
3730552,10.0,1
3730558,9.906228427317517,6
3730573,9.657204263361162,15
3730579,9.908234327711078,6
3730583,9.940828338153395,4
3730592,9.836390948856716,9
3730601,9.81830823048541,9
3730604,9.956677263070796,3
3730612,9.828639791382994,8
3730613,10.0,1
3730614,10.0,1
3730620,9.899812065654304,6
3730631,9.77463698919666,11
3730643,9.7413649194104,12
3730644,10.0,1
3730654,9.773099981538941,10
3730655,9.98921029538144,1
3730656,10.0,1
3730665,9.817163541747053,9
3730679,9.672476956521335,14
3730687,9.833087609782279,8
3730692,9.919617579328627,5
3730693,10.0,1
3730699,9.910089784000327,6
3730712,9.713069132615656,13
3730719,9.851645891746927,7
3730731,9.743200376556237,12
3730732,10.0,1
3730738,9.899932720210542,6
3730747,9.837560630287625,9
3730752,9.917472878000309,5
3730763,9.835542586672132,11
3730783,9.591704819309822,20
3730794,9.786749151669897,11
3730801,9.890203294210725,7
3730812,9.792461431635747,11
3730821,9.809349390367208,9
3730827,9.885238720493698,6
3730838,9.77626642453214,11
3730847,9.80976237934312,9
3730858,9.763246235455464,11
3730867,9.807932699663233,9
3730883,9.634705783985039,16
3730899,9.689905317653329,16
3730914,9.652269002461248,15
3730925,9.747666727813508,11
3730944,9.52520953036769,19
3730959,9.648029962923665,15
3730960,10.0,1
3730965,9.930166366878694,5
3730974,9.79662027932012,9
3730982,9.83046431360968,8
3730986,9.940546676307019,4
3730987,10.0,1
3730997,9.794749327167604,10
3731003,9.8961077594868,6
3731012,9.801816807212456,9
3731021,9.818756522900962,9
3731029,9.835355489282788,8
3731035,9.883726709992203,6
3731046,9.779511845721593,11
3731051,9.91386594356679,5
3731055,9.9476523968123,4
3731062,9.86176586812565,7
3731069,9.876239469255781,7
3731075,9.890280564767261,6
3731078,9.949953265379108,3
3731091,9.70757204566109,13
3731095,9.946588912082422,4
3731107,9.720160915441484,12
3731110,9.952140089479071,3
3731119,9.804759427987054,9
3731131,9.756857438121283,12
3731149,9.476150468215131,18
3731155,9.898177817838539,6
3731168,9.716164872114819,13
3731169,10.0,1
3731175,9.900065961410908,6
3731181,9.894994440585865,6
3731188,9.885015340033648,7
3731195,9.885696060501937,7
3731201,9.909774981593502,6
3731204,9.752569044792212,3
3731207,9.95669608736617,3
3731208,10.0,1
3731215,9.877468852444565,7
3731223,9.871233249516196,8
3731229,9.879100891476366,6
3731235,9.776821428471798,6
3731243,9.83910810917489,8
3731257,9.690795322439929,14
3731265,9.833705005656048,8
3731273,9.863906714746868,8
3731281,9.831615368036466,8
3731283,9.976562308891705,2
3731296,9.7340982871069,13
3731299,9.963178020399962,3
3731307,9.834904561369266,8
3731315,9.851722197703864,8
3731316,9.992119743037236,1
3731322,9.893766844090562,6
3731323,10.0,1
3731331,9.84229401285952,8
3731332,9.996606305335318,1
3731345,9.725094889459104,13
3731350,9.92697678916743,5
3731351,10.0,1
3731352,9.996758012151906,1
3731371,9.541969807242904,19
3731380,9.843243049808105,9
3731386,9.88500399142731,6
3731389,9.853206479841251,3
3731394,9.921172940537076,5
3731400,9.887464240688956,6
3731413,9.604749364818096,13
3731417,9.941544431320564,4
3731426,9.80720813219394,9
3731438,9.706655546910527,12
3731441,9.956321993890421,3
3731448,9.875882675394225,7
3731454,9.901978157357993,6
3731458,9.946209376530014,4
3731468,9.8142987611286,10
3731480,9.761305914962763,12
3731484,9.947243391867747,4
3731496,9.727501492542867,12
3731509,9.72883171992558,13
3731514,9.84133010184514,5
3731524,9.782807986838861,10
3731533,9.81482681043124,9
3731539,9.810158026279924,6
3731543,9.927662738312046,4
3731553,9.790582325498562,10
3731569,9.639045757257287,16
3731582,9.735211226205289,13
3731585,9.964973229066553,3
3731586,10.0,1
3731587,10.0,1
3731590,9.96516746626515,3
3731594,9.939933941720255,4
3731601,9.872931590328454,7
3731607,9.896304493929739,6
3731615,9.83376602252293,8
3731627,9.762675048883837,12
3731638,9.771177971147893,11
3731643,9.923846019694983,5
3731651,9.87051647384731,8
3731654,9.960685695783047,3
3731665,9.752863704808819,11
3731672,9.864167473761157,7
3731683,9.764129611768599,11
3731684,10.0,1
3731689,9.905649991549476,5
3731698,9.736749420407206,9
3731704,9.89673104750596,6
3731711,9.875204599798836,7
3731717,9.90296444363836,6
3731718,10.0,1
3731730,9.75302512978969,12
3731733,9.950662915616077,3
3731751,9.580854607463797,18
3731758,9.687204211671736,7
3731759,10.0,1
3731774,9.640576696820967,15
3731780,9.905258388648182,6
3731786,9.895837949223369,6
3731797,9.786782876469934,11
3731808,9.748942701238445,11
3731809,10.0,1
3731818,9.82937331421777,9
3731826,9.862881446462952,8
3731827,10.0,1
3731846,9.634777047944356,19
3731854,9.85299520641256,8
3731862,9.814985956150828,8
3731870,9.840589889568633,8
3731875,9.90430478171878,5
3731885,9.79622918009972,10
3731900,9.646460748733075,15
3731907,9.85571717154435,7
3731922,9.696416401694334,15
3731934,9.739372177406413,12
3731952,9.657964231912375,18
3731960,9.869274655341469,8
3731971,9.760771650049573,11
3731980,9.846989429428339,9
3731982,9.978262806611733,2
3731989,9.878773999255797,7
3731998,9.820851770703245,9
3732011,9.691979731476112,13
3732023,9.744002321605006,12
3732028,9.931970774146862,5
3732031,9.950993602927607,3
3732040,9.79248329049078,9
3732044,9.933092099813155,4
3732057,9.651694202759339,13
3732065,9.836963468798116,8
3732066,9.992888420926265,1
3732067,10.0,1
3732077,9.80966697596882,10
3732083,9.891159425943178,6
3732094,9.75287410683771,11
3732099,9.916538502625528,5
3732111,9.762181670476656,12
3732117,9.896788282167119,6
3732126,9.593083382587457,9
3732127,10.0,1
3732133,9.907957536945045,6
3732148,9.672140619308232,15
3732158,9.764559928849392,10
3732170,9.730786530301645,12
3732182,9.733599551844758,12
3732191,9.847738453638103,9
3732192,10.0,1
3732206,9.49371454576746,14
3732217,9.774935256909142,11
3732229,9.758384912203777,12
3732230,10.0,1
3732241,9.784028460160567,11
3732254,9.704563703384101,13
3732265,9.759687183269735,11
3732279,9.635358014419193,14
3732294,9.623745716560864,15
3732298,9.94564279454563,4
3732314,9.618446438832281,16
3732322,9.83645776778503,8
3732332,9.784128926234247,10
3732343,9.537551243439989,11
3732355,9.74858099258211,12
3732356,10.0,1
3732365,9.80863015227794,9
3732368,9.967731905922717,3
3732379,9.795377332222666,11
3732385,9.89702117395555,6
3732399,9.6866655855108,14
3732409,9.803143685467347,10
3732424,9.65915531693509,15
3732429,9.919887638938214,5
3732446,9.630677328698479,17
3732455,9.846075163604375,9
3732456,10.0,1
3732458,9.984964447461325,2
3732469,9.742338156227518,11
3732480,9.759143644697804,11
3732487,9.881342592437829,7
3732495,9.830650330310554,8
3732505,9.80232431801331,10
3732513,9.83006019198851,8
3732522,9.82708135646401,9
3732528,9.8926033090572,6
3732539,9.7865509464429,11
3732542,9.969309280774464,3
3732543,10.0,1
3732548,9.9278096053417,5
3732549,9.98816406778919,1
3732561,9.76540015685601,12
3732571,9.774311597512712,10
3732574,9.960540948106372,3
3732580,9.910242693502045,6
3732588,9.843474854454836,8
3732605,9.602600972306504,17
3732617,9.760589763958293,12
3732619,9.971531577962931,2
3732622,9.951985990894139,3
3732623,10.0,1
3732661,9.268614964514477,38
3732670,9.842444292590292,9
3732675,9.914930530075274,5
3732676,10.0,1
3732678,9.983872216639101,2
3732679,10.0,1
3732687,9.833714677351647,8
3732699,9.783929341031405,12
3732711,9.745164091968618,12
3732714,9.967779545201164,3
3732726,9.757708224369994,12
3732727,9.99150674125096,1
3732742,9.723074887702499,15
3732750,9.84146481687909,8
3732755,9.91323475218909,5
3732765,9.7968962385169,10
3732778,9.74655279879835,13
3732784,9.900169519582805,6
3732785,10.0,1
3732794,9.823534322548014,9
3732808,9.687120998894773,14
3732809,10.0,1
3732823,9.70988215370657,14
3732835,9.735165803799639,12
3732845,9.76961863263638,10
3732861,9.655353698047211,16
3732867,9.88773226305932,6
3732877,9.829970621003197,10
3732886,9.824998392622286,9
3732893,9.856961403439318,7
3732900,9.8522740033266,7
3732901,10.0,1
3732906,9.920305051444286,5
3732914,9.842859584744916,8
3732926,9.712031641454425,12
3732934,9.86239010488816,8
3732950,9.633955797619441,16
3732954,9.947942028495994,4
3732959,9.925308404544827,5
3732965,9.90010402391779,6
3732966,10.0,1
3732972,9.883914830863509,6
3732978,9.893105054785659,6
3732991,9.726839294749785,13
3733006,9.477464734981334,15
3733015,9.832559437428728,9
3733018,9.966657655948667,3
3733034,9.646374235767317,16
3733044,9.479831481944505,10
3733052,9.837465425045822,8
3733059,9.878159848866563,7
3733063,9.939914890316212,4
3733073,9.810100594742812,10
3733081,9.833878009366462,8
3733091,9.813969627825541,10
3733098,9.855389221129862,7
3733105,9.87198008937193,7
3733106,10.0,1
3733124,9.60019405046238,18
3733125,10.0,1
3733135,9.691488580146656,10
3733136,10.0,1
3733146,9.782369862979168,10
3733153,9.88625297051502,7
3733162,9.812315810158157,9
3733163,9.988681452861286,1
3733173,9.784126838494064,10
3733182,9.826812804136498,9
3733191,9.815528668385282,9
3733200,9.818819792150284,9
3733208,9.821446260394454,8
3733222,9.706592652800268,14
3733232,9.752586574464743,10
3733233,9.99265052986197,1
3733242,9.821167631328098,9
3733251,9.795128911127447,9
3733252,10.0,1
3733265,9.738484622210812,13
3733272,9.883675237380823,7
3733273,10.0,1
3733288,9.706569015871265,15
3733306,9.593120488618707,18
3733313,9.861790846971575,7
3733321,9.855264683894392,8
3733337,9.587060411398939,16
3733342,9.712427566148016,5
3733349,9.871222669375788,7
3733359,9.795386303056075,10
3733360,10.0,1
3733365,9.909723139169204,5
3733373,9.841695290426935,8
3733385,9.710324242270843,12
3733390,9.926077107703254,5
3733396,9.873737478768488,6
3733407,9.785983496772708,11
3733415,9.844650648844683,8
3733428,9.689089013557094,13
3733433,9.916498873845423,5
3733438,9.918203752480702,5
3733451,9.688895247706341,13
3733454,9.941929006226125,3
3733463,9.832082587519361,9
3733473,9.798913922636842,10
3733482,9.815077052835118,9
3733488,9.897248072979444,6
3733496,9.82661791913704,8
3733500,9.94118698909912,4
3733511,9.77431344692213,11
3733523,9.799295852812302,12
3733531,9.836135108676887,8
3733540,9.816810359642691,9
3733548,9.857977093973005,8
3733553,9.906596507888738,5
3733557,9.927666161959873,4
3733567,9.802802602532331,10
3733591,9.458324396950218,24
3733605,9.659877335905964,14
3733612,9.861432983219542,7
3733618,9.909203976998842,6
3733623,9.922753552549315,5
3733629,9.894709315355646,6
3733736,6.876890471928869,107
3733752,9.640727892660342,16
3733760,9.844753737236411,8
3733766,9.907504198446992,6
3733780,9.669242423202467,14
3733792,9.760849705107315,12
3733805,9.808641400548526,13
3733808,9.966500133275224,3
3733819,9.772433273730329,11
3733833,9.724963880421836,14
3733846,9.736557271764188,13
3733854,9.822487473762466,8
3733862,9.844030530811622,8
3733875,9.631754744201984,13
3733876,10.0,1
3733888,9.716400596562039,12
3733897,9.848903263255577,9
3733905,9.85703971241485,8
3733914,9.8320192332516,9
3733917,9.949568749705763,3
3733931,9.711253637358592,14
3733934,9.970680455241826,3
3733940,9.901944305669744,6
3733945,9.918813834018025,5
3733962,9.631861706681917,17
3733970,9.86483891378971,8
3733975,9.929229710801904,5
3733986,9.788451632403056,11
3733989,9.960649634998378,3
3734001,9.749805952338843,12
3734010,9.84135596295577,9
3734019,9.813050588292882,9
3734031,9.750053382560681,12
3734036,9.931531650967194,5
3734037,9.9966189159755,1
3734038,10.0,1
3734049,9.751292211497084,11
3734056,9.870076995487695,7
3734057,10.0,1
3734070,9.717448819524092,13
3734086,9.620699312408636,16
3734095,9.831119802379197,9
3734096,10.0,1
3734097,10.0,1
3734107,9.817780669475203,10
3734115,9.821867336634526,8
3734122,9.883043988803612,7
3734123,10.0,1
3734130,9.874231716895647,7
3734141,9.741504268657769,11
3734154,9.731128101145888,13
3734166,9.721804731169877,12
3734169,9.96743817383758,3
3734180,9.764904348210047,11
3734191,9.761118640394471,11
3734200,9.820594548133652,9
3734205,9.927879995779927,5
3734212,9.877086365443288,7
3734219,9.853712929650182,7
3734227,9.858636173999962,8
3734244,9.648415691659055,17
3734252,9.851378924464136,8
3734258,9.89160135333037,6
3734265,9.85077393540292,7
3734271,9.891838135628383,6
3734279,9.833354568723793,8
3734289,9.810088280735455,10
3734298,9.8103119187944,9
3734305,9.8768326528614,7
3734321,9.609653405317445,16
3734331,9.788400676887399,10
3734342,9.77565072414856,11
3734345,9.964723592084443,3
3734347,9.979150323880303,2
3734358,9.781576754108926,11
3734376,9.567837035441888,18
3734383,9.854121893118691,7
3734388,9.92229030372206,5
3734390,9.97534968843131,2
3734396,9.880759218558078,6
3734406,9.795040747934678,10
3734414,9.864417489262616,8
3734419,9.928327877270004,5
3734432,9.711310399286871,13
3734439,9.866188782484416,7
3734446,9.87561381298452,7
3734451,9.900866312463204,5
3734460,9.836205004787862,9
3734465,9.909111128068083,5
3734472,9.872675357603512,7
3734473,10.0,1
3734478,9.901288632183034,5
3734483,9.939383418055433,5
3734494,9.78300128588301,11
3734496,9.967777250217335,2
3734507,9.728081670414097,11
3734514,9.89098634637251,7
3734527,9.768805079616133,13
3734534,9.865579554350653,7
3734535,10.0,1
3734542,9.884526821106832,7
3734552,9.804618176556318,10
3734557,9.915212885267039,5
3734558,10.0,1
3734567,9.836633573281532,9
3734586,9.525987879624871,19
3734613,9.469814325873513,27
3734620,9.865618910913236,7
3734621,10.0,1
3734629,9.855483742015464,8
3734640,9.547629111747506,11
3734644,9.829566709015417,4
3734657,9.470736118810022,13
3734674,9.63231951419824,17
3734676,9.97260091782398,2
3734682,9.902749210121254,6
3734691,9.848226445138256,9
3734699,9.842553529227855,8
3734700,10.0,1
3734710,9.8036587765795,10
3734717,9.750391215559095,7
3734724,9.863276014554096,7
3734734,9.7910534618259,10
3734745,9.766211424299156,11
3734755,9.79568229453297,10
3734765,9.813906133468937,10
3734777,9.739605094675888,12
3734786,9.848129388632785,9
3734793,9.886194446224739,7
3734800,9.890180908584364,7
3734814,9.600082482513624,14
3734823,9.834067488060628,9
3734832,9.820656992443725,9
3734846,9.708311780565255,14
3734857,9.809004753918796,11
3734869,9.730944422454865,12
3734882,9.705235181607362,13
3734890,9.8609009508363,8
3734895,9.930781932129694,5
3734904,9.82758608678377,9
3734918,9.694258340170986,14
3734928,9.808459659949596,10
3734935,9.889502704684409,7
3734941,9.902332440980075,6
3734959,9.143508315743025,18
3734969,9.834149385899973,10
3734973,9.944062714012228,4
3734984,9.782876561652687,11
3734997,9.753816417663652,13
3735000,9.966261728762065,3
3735015,9.664869321971358,15
3735028,9.681847774271434,13
3735039,9.765315335767877,11
3735050,9.76041266838368,11
3735065,9.654265051678712,15
3735073,9.842120962216054,8
3735080,9.865950286791696,7
3735089,9.81731892099666,9
3735098,9.804092857174965,9
3735109,9.739047029754001,11
3735121,9.725798135792893,12
3735138,9.649402985289003,17
3735144,9.886274167651546,6
3735153,9.857392007891034,9
3735154,10.0,1
3735161,9.859910369423762,7
3735172,9.760015483833952,11
3735182,9.783147429184279,10
3735186,9.93396508733985,4
3735197,9.764526526472421,11
3735210,9.70714799080428,13
3735217,9.854041544709595,7
3735235,9.587170098502094,18
3735236,9.987782916931067,1
3735250,9.691559428035438,14
3735257,9.853801601086186,7
3735265,9.845088967364019,8
3735269,9.939288738807852,4
3735275,9.89802480508308,6
3735285,9.787074866482838,10
3735305,9.569407780239302,20
3735315,9.785974522098059,10
3735324,9.812046722403688,9
3735325,10.0,1
3735329,9.939063974714635,4
3735339,9.811934190974316,10
3735354,9.681110725032116,15
3735364,9.805401306972584,10
3735370,9.887700535374783,6
3735383,9.722464927229492,13
3735397,9.689601062656132,14
3735404,9.858026068913418,7
3735411,9.868633475461746,7
3735414,9.969896227044968,3
3735422,9.831451933522356,8
3735436,9.674747888420482,14
3735451,9.661944959959508,15
3735458,9.858357607226303,7
3735465,9.851446429157114,7
3735476,9.8090454842518,11
3735477,9.987950243773712,1
3735488,9.798393833587678,11
3735497,9.826898426999415,9
3735507,9.79209008222769,10
3735510,9.962391777599137,3
3735521,9.76238288616803,11
3735522,10.0,1
3735525,9.954698163299973,3
3735541,9.630361519630945,16
3735547,9.885549138936039,6
3735556,9.844919277874475,9
3735568,9.73860814345244,12
3735582,9.745192331794446,14
3735583,9.996303193508643,1
3735596,9.71473804594215,13
3735606,9.781756119450018,10
3735616,9.788485788733208,10
3735626,9.80105281787259,10
3735634,9.87008250179518,8
3735637,9.950184228184611,3
3735638,10.0,1
3735639,10.0,1
3735644,9.931243117905234,5
3735655,9.77187871485779,11
3735668,9.73308800882014,13
3735681,9.72553888049855,13
3735684,9.962314179423045,3
3735696,9.785384463106281,12
3735700,9.93212576831958,4
3735708,9.839086033412416,8
3735710,9.985447797839129,2
3735716,9.894076812869802,6
3735717,10.0,1
3735725,9.834853900786907,8
3735731,9.890686716765392,6
3735750,9.681962022184253,19
3735753,9.954766906568102,3
3735761,9.874482506618207,8
3735768,9.854991826927757,7
3735777,9.86346215295824,9
3735790,9.739693003416075,13
3735805,9.642574449337049,15
3736305,-13.656665932293945,500
3736311,9.699456002115355,6
3736323,9.765436773583401,12
3736327,9.927711102524661,4
3736330,9.955770829470652,3
3736342,9.742119278591375,12
3736351,9.831151665255026,9
3736355,9.950617748698052,4
3736368,9.707407757050781,13
3736378,9.814572134378432,10
3736389,9.765410454461682,11
3736400,9.752443578730324,11
3736401,10.0,1
3736406,9.911098599736645,5
3736414,9.820838941249683,8
3736424,9.760747751458089,10
3736440,9.639573405613321,16
3736452,9.735078768259259,12
3736461,9.490826326036112,9
3736471,9.785628101715417,10
3736479,9.842962541925798,8
3736490,9.747639109667244,11
3736499,9.843102972252947,9
3736508,9.806127635868023,9
3736518,9.790962829814928,10
3736526,9.86996235340513,8
3736534,9.849433684705616,8
3736539,9.927278932325729,5
3736553,9.72518460385332,14
3736562,9.818007713549978,9
3736569,9.86619654821096,7
3736585,9.630177741062894,16
3736600,9.680582909227333,15
3736631,9.321339824210302,31
3736643,9.769584826356551,12
3736650,9.880804681932403,7
3736667,9.659622305847437,17
3736668,9.990371663141463,1
3736677,9.838525454626987,9
3737177,-75.12913422517198,500
3737677,-24.616127365763194,500
3737678,10.0,1
3737680,9.97709549374904,2
3737682,9.984703970033218,2
3737688,9.892464304146683,6
3737691,9.954937257226968,3
3737694,9.955077611966722,3
3737704,9.784694004683269,10
3737709,9.909230035275279,5
3737720,9.6668512642915,11
3737730,9.782929726793753,10
3737737,9.864132108843105,7
3737751,9.673022160484942,14
3737757,9.891255553335181,6
3737760,9.965320202089565,3
3737761,10.0,1
3737781,9.54757316354506,20
3737786,9.903897200456399,5
3737797,9.77918127722661,11
3737809,9.717586820130318,12
3737816,9.868961800393103,7
3737825,9.80556492041959,9
3737826,10.0,1
3737842,9.613439798548836,16
3737848,9.902356432748869,6
3737849,10.0,1
3737863,9.713513551162448,14
3737870,9.877194968096692,7
3737890,9.592277235356296,20
3737895,9.913815014954226,5
3737896,10.0,1
3737911,9.561927442079858,15
3737916,9.911918379471345,5
3737927,9.741809654039317,11
3737931,9.93641104707832,4
3737937,9.905571428034527,6
3737945,9.842626232174956,8
3737950,9.916140445411427,5
3737967,9.614672814000816,17
3737978,9.772759737658323,11
3737981,9.951522616632449,3
3737990,9.83066551498535,9
3738004,9.708532751959098,14
3738013,9.856761132931712,9
3738016,9.961310041124916,3
3738017,10.0,1
3738018,10.0,1
3738025,9.878938151698849,7
3738036,9.755374928297769,11
3738037,10.0,1
3738052,9.623080451626588,15
3738070,9.64521780888161,18
3738074,9.930467695031671,4
3738077,9.957678755321563,3
3738085,9.844892736621448,8
3738097,9.764120245835944,12
3738103,9.88437938080626,6
3738115,9.767219542002978,12
3738128,9.703571697923083,13
3738141,9.70795973519809,13
3738150,9.830268182217026,9
3738160,9.807848776168477,10
3738167,9.853872920640702,7
3738185,9.538296273865244,18
3738196,9.749535659469759,11
3738206,9.787627551732147,10
3738209,9.963895521609027,3
3738217,9.845596588412418,8
3738229,9.749678704045111,12
3738242,9.7271463429735,13
3738249,9.881510811811507,7
3738256,9.872231406755574,7
3738262,9.871238210452066,6
3738275,9.705871894112885,13
3738280,9.926914089021327,5
3738292,9.721297166685135,12
3738294,9.978520902567483,2
3738302,9.838555250682008,8
3738309,9.873033151484945,7
3738322,9.749057782738591,13
3738334,9.735933233041303,12
3738346,9.783001561394004,12
3738354,9.83380980059366,8
3738360,9.898177532917783,6
3738369,9.86352678460091,9
3738377,9.878884396057733,8
3738394,9.40798077258104,17
3738402,9.827422131531865,8
3738408,9.903453498281246,6
3738417,9.826497172849907,9
3738424,9.772626662505989,7
3738431,9.878666492726136,7
3738435,9.943090329205232,4
3738438,9.959131132195509,3
3738445,9.869542963600606,7
3738456,9.78291165506228,11
3738457,9.996489274922919,1
3738466,9.827120869667517,9
3738476,9.806354539606447,10
3738489,9.710625569895969,13
3738502,9.712594701581741,13
3738511,9.813801090364263,9
3738518,9.863191329514573,7
3738522,9.94967866265412,4
3738535,9.714127168159612,13
3738545,9.819196783206051,10
3738558,9.769382442416507,13
3738567,9.870280756752972,9
3738571,9.937581048268452,4
3738583,9.723224648830682,12
3738584,10.0,1
3738591,9.877666808759148,7
3738592,10.0,1
3738594,9.983890882804557,2
3738601,9.885240328630646,7
3738611,9.779503161479113,10
3738619,9.851199972693898,8
3738627,9.836626404722098,8
3738629,9.977390857373852,2
3738641,9.738787959222064,12
3738645,9.94007842508384,4
3738649,9.956766252703348,4
3738655,9.897707505544409,6
3738663,9.865143871349408,8
3738669,9.888745784739509,6
3738676,9.871746815016227,7
3738686,9.803156947535575,10
3738694,9.82100861259628,8
3738698,9.946525700956679,4
3738714,9.626647356201,16
3738725,9.755148117231437,11
3738739,9.678344043302687,14
3738745,9.883615811073177,6
3738751,9.903103611436066,6
3738752,10.0,1
3738760,9.861480204899337,8
3738765,9.913799898285996,5
3738767,9.98326116138144,2
3738778,9.750777784215785,11
3738791,9.737246537036366,13
3738802,9.766465853727754,11
3738803,10.0,1
3738806,9.96561606843491,3
3738818,9.74455206693364,12
3738827,9.857721045976604,9
3738837,9.790700073840556,10
3738843,9.899394097568942,6
3738850,9.86180943062577,7
3738854,9.955353836382953,4
3738860,9.905718128353156,6
3738861,10.0,1
3738871,9.795088834728169,10
3738878,9.87453012942147,7
3738888,9.803052758329265,10
3738892,9.936107167879722,4
3738899,9.872836214958008,7
3738913,9.713009482725312,14
3738921,9.848268727250947,8
3738929,9.855941676151742,8
3738936,9.898965237054218,7
3738947,9.762523941868913,11
3738956,9.85442212213151,9
3738957,10.0,1
3738960,9.950715856510785,3
3738971,9.807061672385121,11
3738982,9.756883022088896,11
3738996,9.677170549020238,14
3739010,9.697951005344875,14
3739014,9.948153379531409,4
3739018,9.95493661132586,4
3739023,9.920340787094505,5
3739024,9.989661059101449,1
3739032,9.84168346435602,8
3739042,9.786863521570773,10
3739043,10.0,1
3739053,9.778849574929088,10
3739054,10.0,1
3739061,9.884273155403582,7
3739067,9.907019379219966,6
3739080,9.631227808312198,13
3739097,9.593660411153722,17
3739106,9.809232792050029,9
3739114,9.814082090163275,8
3739121,9.770621449484207,7
3739122,10.0,1
3739131,9.811991654405473,9
3739138,9.876191378278824,7
3739146,9.855369764259034,8
3739161,9.735990891363981,15
3739162,10.0,1
3739186,9.42777435483875,24
3739197,9.780767166573854,11
3739208,9.767894089022995,11
3739221,9.731748045024618,13
3739228,9.88395762796814,7
3739234,9.896811214618042,6
3739239,9.910730490926,5
3739245,9.892334804154835,6
3739257,9.735906139119773,12
3739265,9.836270421776941,8
3739275,9.77689191344579,10
3739287,9.723876669251286,12
3739298,9.759458560510094,11
3739311,9.69698440446204,13
3739316,9.929133143930635,5
3739322,9.891863458893871,6
3739326,9.945761795084723,4
3739337,9.750525204080565,11
3739342,9.927091815522578,5
3739348,9.89000718953276,6
3739351,9.95717989357665,3
3739353,9.977108739718398,2
3739367,9.67999725409888,14
3739378,9.765708848614599,11
3739390,9.708935459669307,12
3739401,9.775014652257795,11
3739408,9.861375068746499,7
3739415,9.870910944022828,7
3739421,9.887598730259281,6
3739432,9.770209977619633,11
3739437,9.913901468654794,5
3739438,10.0,1
3739443,9.930597604368222,5
3739454,9.775505208289442,11
3739466,9.746801638664131,12
3739477,9.739010527728414,11
3739487,9.775622920862448,10
3739488,10.0,1
3739493,9.921003340232437,5
3739498,9.906710313769283,5
3739499,10.0,1
3739504,9.635480186888563,5
3739513,9.834408425169467,9
3739531,9.566179146226702,18
3739544,9.587217948980166,13
3739555,9.73885707127842,11
3739561,9.877601069268016,6
3739574,9.759128395313242,13
3739583,9.809156051588882,9
3739590,9.561614631527712,7
3739591,10.0,1
3739592,9.992850765083016,1
3739604,9.728583730051307,12
3739613,9.805267863141992,9
3739629,9.65626321538276,16
3739639,9.826242544862664,10
3739647,9.860081977716794,8
3739659,9.732682838801432,12
3739668,9.825727561376135,9
3739682,9.675606039083329,14
3739688,9.901786503268795,6
3739696,9.853240711747404,8
3739708,9.749825250227378,12
3739716,9.848004002741977,8
3739720,9.93921027526836,4
3739723,9.962832654796433,3
3739732,9.803832912134299,9
3739743,9.786707592499015,11
3739756,9.53687278313026,13
3739771,9.699826218746182,15
3739784,9.730080233529236,13
3739785,10.0,1
3739792,9.685265520832115,7
3739800,9.843470931349094,8
3739809,9.823201180163055,9
3739819,9.76432018601241,10
3739828,9.823702351622847,9
3739838,9.696309477598433,10
3739848,9.781565891444645,10
3739853,9.914026003618241,5
3739861,9.829761168008305,8
3739879,9.58382590003571,18
3739888,9.821107964920456,9
3739893,9.920092369709739,5
3739898,9.911508165709549,5
3739909,9.780575253067193,11
3739919,9.77503662713453,10
3739926,9.872318425274916,7
3739938,9.7387599623205,12
3739948,9.702891055154657,10
3739957,9.783643941731068,9
3739962,9.91309136073514,5
3739974,9.729312761553295,12
3739983,9.810442004195812,9
3739995,9.731575799863121,12
3740001,9.890426277382888,6
3740002,10.0,1
3740003,10.0,1
3740015,9.742070093573563,12
3740028,9.714283636480946,13
3740037,9.800600897900681,9
3740046,9.810608616006014,9
3740054,9.857487712043625,8
3740060,9.875296221202987,6
3740067,9.854589823102613,7
3740076,9.818928451241097,9
3740080,9.928006618487528,4
3740087,9.887549585971776,7
3740097,9.772330628696071,10
3740104,9.877465980260785,7
3740113,9.825488959827844,9
3740120,9.661531328187053,7
3740125,9.914129616798082,5
3740130,9.90642575254259,5
3740134,9.939376141171573,4
3740152,9.575920718511167,18
3740159,9.8755414401592,7
3740171,9.74497483032639,12
3740181,9.801542667492958,10
3740187,9.901682072926489,6
3740199,9.73923286067407,12
3740213,9.687741341738443,14
3740218,9.907887704835957,5
3740219,10.0,1
3740229,9.78793736166722,10
3740233,9.950296350988651,4
3740249,9.674390922451769,16
3740252,9.963000704135696,3
3740260,9.822949377836249,8
3740277,9.655622390015989,17
3740283,9.87732182690817,6
3740295,9.747063601553988,12
3740296,10.0,1
3740302,9.89218745171102,6
3740303,10.0,1
3740313,9.764029970310064,10
3740316,9.953877614104133,3
3740325,9.822130864070623,9
3740329,9.925174707652525,4
3740340,9.763302175577179,11
3740348,9.823595229076245,8
3740354,9.88174871656896,6
3740375,9.58809369952219,21
3740387,9.756442591364573,12
3740394,9.876859811105053,7
3740398,9.933260938427997,4
3740400,9.968426172063769,2
3740402,9.98492730680807,2
3740414,9.738639413825865,12
3740415,9.996610944426887,1
3740429,9.693174870602856,14
3740430,9.992734785926022,1
3740438,9.832908795102638,8
3740451,9.737479995872247,13
3740458,9.881402688551121,7
3740465,9.889198350075764,7
3740480,9.702583398145538,15
3740487,9.859692940172621,7
3740504,9.630887200376579,17
3740515,9.773929163851705,11
3740530,9.653875233500317,15
3740542,9.717971896814015,12
3740550,9.884243908262299,8
3740551,9.996677962093411,1
3740552,10.0,1
3740553,10.0,1
3740557,9.930684282002797,4
3740562,9.937073626691442,5
3740570,9.854927268012561,8
3740574,9.93896830106534,4
3740582,9.850773349040658,8
3740590,9.864853218063557,8
3740600,9.790337604009887,10
3740608,9.853501837368382,8
3740612,9.950813077479054,4
3740622,9.802404434537188,10
3740639,9.596157586682134,17
3740644,9.904615605410582,5
3740652,9.852385523884157,8
3740653,10.0,1
3740667,9.681091745333621,14
3740668,10.0,1
3740678,9.792002852327116,10
3740685,9.87638825405792,7
3740692,9.889667182539712,7
3740693,9.989617106155935,1
3740699,9.898462394113796,6
3740710,9.772487416870712,11
3740721,9.783401608526232,11
3740728,9.862541617982055,7
3740738,9.788483197487418,10
3740754,9.616456807330215,16
3740756,9.985948703909024,2
3740770,9.685826331669922,14
3740785,9.68947528907421,15
3740797,9.744343903372384,12
3740807,9.804405913083714,10
3740818,9.7670272271583,11
3740826,9.83306227546863,8
3740832,9.90024097370297,6
3740837,9.92090227910457,5
3740849,9.813097979443683,12
3740860,9.774271259785587,11
3740869,9.798463858798018,9
3740876,9.890016394820522,7
3740877,10.0,1
3740885,9.872719484975278,8
3740886,10.0,1
3740899,9.75566029945038,13
3740903,9.940029781427473,4
3740912,9.854498059147904,9
3740922,9.802125312574177,10
3740928,9.894848592727634,6
3740929,10.0,1
3740934,9.910134074259144,5
3740941,9.879508412158032,7
3740955,9.488798463243317,14
3740956,10.0,1
3740962,9.8809260495391,6
3740963,9.996467726891579,1
3740972,9.819256200500966,9
3740977,9.90819557182536,5
3740989,9.732864715533154,12
3741008,9.626044707414643,19
3741011,9.959102506754768,3
3741015,9.940173816752365,4
3741022,9.854707664113159,7
3741029,9.87638778079963,7
3741039,9.78944402788556,10
3741049,9.776004954090116,10
3741062,9.703240523257012,13
3741073,9.787865861227523,11
3741099,8.578483640667283,26
3741108,9.797182339035803,9
3741111,9.970116848676069,3
3741121,9.809813221342283,10
3741127,9.901611801603758,6
3741134,9.874475401436317,7
3741145,9.781482408917913,11
3741150,9.92904565201029,5
3741152,9.977274979156562,2
3741157,9.91082895088311,5
3741168,9.77693034782522,11
3741169,10.0,1
3741183,9.67082991924198,14
3741189,9.90687277293564,6
3741196,9.869469577602004,7
3741215,9.536712308612362,19
3741225,9.553012539642994,10
3741234,9.835414060955184,9
3741236,9.974413386823112,2
3741239,9.963631307699346,3
3741252,9.69966441235752,13
3741266,9.679585855359456,14
3741274,9.84537562311781,8
3741283,9.866416483592605,9
3741295,9.719464988740844,12
3741302,9.870129676521422,7
3741313,9.745462028375622,11
3741314,10.0,1
3741319,9.92430860023674,5
3741330,9.740086368390198,11
3741340,9.782865579984447,10
3741347,9.861925703785227,7
3741354,9.851577202928347,7
3741363,9.808249128010118,9
3741375,9.760869482097977,12
3741387,9.735444151711055,12
3741405,9.59412532408207,18
3741415,9.825853614708203,10
3741424,9.799290930373717,9
3741432,9.847916995039778,8
3741439,9.860702756897183,7
3741445,9.887780352230093,6
3741451,9.88614423806383,6
3741455,9.940112748800331,4
3741456,10.0,1
3741473,9.579669366404673,17
3741484,9.773873138654244,11
3741491,9.86752979680654,7
3741497,9.884707409994098,6
3741499,9.985088905441103,2
3741506,9.873880495215671,7
3741517,9.757414674042025,11
3741523,9.88031383653474,6
3741532,9.788753951197815,9
3741536,9.947011500105909,4
3741547,9.741025945352472,11
3741556,9.838368231740702,9
3741561,9.920909423463893,5
3741567,9.899006476507575,6
3741575,9.833318707668557,8
3741583,9.844315079697077,8
3741613,9.509618841573449,30
3741622,9.83245578044268,9
3741632,9.790834094479559,10
3741636,9.952137951060267,4
3741637,10.0,1
3741649,9.73551034740881,12
3741655,9.900701255829786,6
3741656,10.0,1
3741658,9.977531379398325,2
3741668,9.787502574146552,10
3741680,9.715203906645876,12
3741698,9.689933696419617,18
3741699,10.0,1
3741714,9.688390505646018,15
3741719,9.922963253166289,5
3741730,9.745734533502311,11
3741736,9.896415011249966,6
3741745,9.825993682615213,9
3741751,9.889491600275468,6
3741757,9.889401980246184,6
3741761,9.923895028731867,4
3741768,9.880164367549488,7
3741772,9.945387772316009,4
3741785,9.722938463684159,13
3741790,9.905489018490178,5
3741791,10.0,1
3741800,9.818155127755851,9
3741806,9.895862238844833,6
3741816,9.797400164493089,10
3741825,9.82637225891806,9
3741833,9.83547341596245,8
3741842,9.822400754248205,9
3741856,9.708197536132031,14
3741857,9.988900673657042,1
3741868,9.76140301574972,11
3741881,9.715391429518379,13
3741887,9.901661534502399,6
3741907,8.755161005633623,20
3741911,9.924803289359467,4
3741924,9.695027433127088,13
3741935,9.75379837829708,11
3741936,10.0,1
3741941,9.928115789699202,5
3741951,9.7874330492711,10
3741964,9.702486672274295,13
3741968,9.943905847976152,4
3741980,9.755062105978237,12
3741987,9.837674638786039,7
3741993,9.895168891541713,6
3742004,9.769958340519372,11
3742011,9.855016488548554,7
3742020,9.82746033795519,9
3742028,9.831881237987577,8
3742042,9.68350235789013,14
3742043,9.992543130034878,1
3742045,9.970376481297187,2
3742047,9.969536712700089,2
3742060,9.696388065523907,13
3742064,9.938357536449157,4
3742079,9.683938173346238,15
3742096,9.616247770927245,17
3742097,10.0,1
3742109,9.762106737176628,12
3742117,9.831671137789467,8
3742130,9.727431015067285,13
3742145,9.679750097950993,15
3742157,9.759567794325442,12
3742162,9.918864676140059,5
3742167,9.902205874917943,5
3742168,10.0,1
3742178,9.775576509805342,10
3742183,9.908541461378112,5
3742196,9.687294078952716,13
3742203,9.880915819113365,7
3742205,9.972694597663901,2
3742208,9.95779813717934,3
3742225,9.60986349927118,17
3742233,9.854198766218666,8
3742243,9.77663054673846,10
3742249,9.903442083144448,6
3742253,9.93887804672129,4
3742258,9.915041176512403,5
3742264,9.909091021476943,6
3742275,9.764662415492321,11
3742285,9.836762094639491,10
3742294,9.840833874293985,9
3742310,9.628961521134618,16
3742316,9.890908747346272,6
3742327,9.763072907311944,11
3742331,9.939309435184994,4
3742337,9.885779585568004,6
3742352,9.667755369548038,15
3742363,9.785295579161247,11
3742369,9.908024685868845,6
3742379,9.78641221121368,10
3742387,9.830652973585064,8
3742393,9.893313378567349,6
3742403,9.813528998732588,10
3742412,9.831834526491917,9
3742420,9.839557364404492,8
3742429,9.837349641619227,9
3742431,9.973701000840592,2
3742442,9.755891104266436,11
3742452,9.79817602464433,10
3742465,9.7085166567874,13
3742474,9.819775567845241,9
3742486,9.749726420721704,12
3742497,9.78329967818925,11
3742503,9.905938930149718,6
3742517,9.657666186069147,14
3742523,9.905973508619304,6
3742527,9.928152747921414,4
3742537,9.482901793969242,10
3742538,10.0,1
3742539,10.0,1
3742547,9.853518782268537,8
3742548,10.0,1
3742552,9.945350970550612,4
3742559,9.769184984072105,7
3742565,9.888473719477933,6
3742572,9.877895879831627,7
3742581,9.836079107452953,9
3742598,9.633009193599007,17
3742606,9.851411671988071,8
3742607,10.0,1
3742615,9.840202629031555,8
3742627,9.753863049988725,12
3742631,9.938274255746238,4
3742638,9.870363657897556,7
3742647,9.810704559407993,9
3742650,9.969907459893577,3
3742657,9.8595222642215,7
3742667,9.336698016778683,10
3742682,9.654349874523348,15
3742691,9.816211543940083,9
3742701,9.783966565162784,10
3742707,9.892162824863622,6
3742721,9.679235547383694,14
3742730,9.815715435895473,9
3742737,9.762553468203782,7
3742749,9.774959622832547,12
3742754,9.919195925428555,5
3742757,9.951441462460078,3
3742767,9.778033834744488,10
3742772,9.924257742027056,5
3742778,9.890105681853266,6
3742789,9.729814989667407,11
3742798,9.806161222581505,9
3742815,9.581512618045988,17
3742816,9.996467147308802,1
3742822,9.888948519913443,6
3742823,9.988797484444001,1
3742831,9.873809412410317,8
3742841,9.813977234839578,10
3742849,9.86976533690563,8
3742855,9.906946687607308,6
3742856,10.0,1
3742867,9.767663040633662,11
3742881,9.732235265415769,14
3742891,9.780309692973548,10
3742901,9.782730546488587,10
3742911,9.85731383590236,10
3742912,10.0,1
3742918,9.89017698703146,6
3742931,9.710128470820662,13
3742943,9.757045637075764,12
3742946,9.94357558248474,3
3742951,9.915055277092927,5
3742958,9.890442023318105,7
3742967,9.789230945046642,9
3742972,9.917181006830253,5
3742983,9.754274957900714,11
3742995,9.739401923081287,12
3743006,9.765734175092794,11
3743022,9.62818786723486,16
3743030,9.831738719480237,8
3743037,9.854064623672551,7
3743043,9.891625412205821,6
3743044,10.0,1
3743056,9.738977753041388,12
3743063,9.859187743183115,7
3743071,9.847228046487883,8
3743077,9.885399048422418,6
3743094,9.609389583285113,17
3743104,9.82936025651599,10
3743116,9.734296920517911,12
3743127,9.749812025334503,11
3743128,10.0,1
3743133,9.89751143598016,5
3743147,9.670246783404234,14
3743158,9.736895771418887,11
3743161,9.953948644086543,3
3743166,9.904823719730269,5
3743178,9.78715319928794,12
3743189,9.760551109352889,11
3743202,9.696868639136044,13
3743205,9.958757706090227,3
3743219,9.675594046326529,14
3743227,9.809341352197,8
3743240,9.739312528338846,13
3743246,9.89266559406354,6
3743255,9.808078630734276,9
3743261,9.890537308814327,6
3743278,9.61255538190385,17
3743285,9.86416682469285,7
3743287,9.982642979064462,2
3743301,9.689950237175163,14
3743317,9.627064430592227,16
3743321,9.927622115438453,4
3743332,9.75267378445929,11
3743341,9.825224307805497,9
3743354,9.704851586336542,13
3743369,9.638613347171043,15
3743379,9.781723407087435,10
3743393,9.701858564224363,14
3743396,9.95787651583329,3
3743401,9.909252165184695,5
3743403,9.973551747468333,2
3743415,9.729551337571689,12
3743421,9.895578538435156,6
3743427,9.899042009424901,6
3743439,9.74052458988615,12
3743448,9.829645663111826,9
3743454,9.917642692776848,6
3743459,9.924689443011367,5
3743462,9.965300684506765,3
3743467,9.893351885208476,5
3743480,9.719489330354678,13
3743498,9.427638968735879,18
3743507,9.811238466679878,9
3743516,9.621630369772946,9
3743525,9.8225720092211,9
3743532,9.857827016245837,7
3743543,9.751335135155802,11
3743552,9.82830955033583,9
3743565,9.72946603460499,13
3743576,9.25954116014182,11
3743588,9.72952528905084,12
3743598,9.803969520483774,10
3743605,9.879110039429419,7
3743606,10.0,1
3743613,9.870330178415257,7
3743627,9.678942708125339,14
3743632,9.928617371014955,5
3743639,9.8762176323163,7
3743651,9.761598789296514,12
3743662,9.77934285242199,11
3743671,9.816357604134552,9
3743678,9.860568144712929,7
3743692,9.7310962981982,14
3743702,9.786275617238674,10
3743708,9.89830148828217,6
3743711,9.95950691166187,3
3743712,9.99600447160662,1
3743723,9.776687794348081,11
3743729,9.882217475326074,6
3743745,9.625996841100452,16
3743751,9.89426765300061,6
3743765,9.683307620013338,14
3743770,9.92314283112152,5
3743783,9.716597351306394,13
3743788,9.911375014766197,5
3743801,9.712864426403929,13
3743816,9.69243191788637,15
3743834,9.566846701248869,18
3743840,9.893749540596746,6
3743850,9.789744874554525,10
3743857,9.882291399385656,7
3743870,9.737592994063904,13
3743884,9.658707949245121,14
3743885,9.996498597582901,1
3743892,9.878221873042204,7
3743893,10.0,1
3743897,9.941753312755552,4
3743909,9.739864864864177,12
3743910,10.0,1
3743924,9.684558316300768,14
3743937,9.710844579944192,13
3743944,9.876547800737065,7
3743958,9.68698376571697,14
3743968,9.809053993363687,10
3743976,9.826378586398675,8
3743984,9.766627712217767,8
3743994,9.777693286863483,10
3744003,9.816478088236597,9
3744010,9.909659099792512,7
3744014,9.944682361700965,4
3744018,9.935204571350416,4
3744025,9.845605667790979,7
3744034,9.843325643511841,9
3744037,9.966817011322346,3
3744043,9.890725249542216,6
3744047,9.936132955761328,4
3744059,9.746310899597628,12
3744066,9.869342555304618,7
3744073,9.876535714429021,7
3744080,9.883984563970655,7
3744091,9.779876204925069,11
3744101,9.802349641376876,10
3744111,9.795215187273383,10
3744126,9.668314626639187,15
3744135,9.840860658550824,9
3744140,9.9203529223641,5
3744145,9.901962906157832,5
3744153,9.853721896656655,8
3744161,9.837978590043946,8
3744172,9.751116196851617,11
3744185,9.747875142234399,13
3744200,9.675572268081797,15
3744207,9.873713155808503,7
3744215,9.854325584394266,8
3744232,9.622990664775694,17
3744244,9.745686166354236,12
3744245,10.0,1
3744255,9.770738974378183,10
3744269,9.668758402762467,14
3744279,9.78375910370854,10
3744281,9.97687954246979,2
3744289,9.736587229983792,8
3744295,9.886410385640437,6
3744306,9.760876912799935,11
3744318,9.70864013374731,12
3744324,9.793764882720225,6
3744333,9.830944150380025,9
3744343,9.80151168717638,10
3744350,9.8543953305398,7
3744361,9.740346110100178,11
3744365,9.9298844609258,4
3744371,9.900236191547291,6
3744384,9.70981902886017,13
3744396,9.815485664354458,12
3744404,9.844347000488627,8
3744413,9.834076822652973,9
3744421,9.82383258463752,8
3744422,10.0,1
3744431,9.833309920002621,9
3744436,9.900490269364065,5
3744453,9.622182884498356,17
3744464,9.787663661383256,11
3744471,9.869461743045797,7
3744472,10.0,1
3744477,9.90669922944599,5
3744490,9.710992199125776,13
3744491,10.0,1
3744500,9.79315960193989,9
3744501,10.0,1
3744502,10.0,1
3744507,9.928128029894983,5
3744516,9.815192588032303,9
3744526,9.785923101694422,10
3744539,9.694695207051659,13
3744554,9.640614456761483,15
3744555,9.988167830958412,1
3744556,10.0,1
3744562,9.882831223392516,6
3744579,9.601460172533882,17
3744584,9.93374901038574,5
3744590,9.883429054715148,6
3744599,9.83336610280173,9
3744609,9.808692259498292,10
3744610,9.996354984298264,1
3744620,9.773846519134734,10
3744632,9.72388028461506,12
3744639,9.874187666311181,7
3744650,9.77049796514977,11
3744654,9.94506086880309,4
3744664,9.792134835730373,10
3744670,9.895527562391296,6
3744678,9.845475369913052,8
3744681,9.953452957503666,3
3744694,9.714266025264937,13
3744700,9.907195098748584,6
3744706,9.906369673847792,6
3744709,9.956025385330765,3
3744724,9.703259343720344,15
3744736,9.784293356864241,12
3744745,9.813854997926894,9
3744755,9.791043484319664,10
3744767,9.731707492167287,12
3744771,9.946507854458627,4
3744774,9.963056895154164,3
3744785,9.781272757584672,11
3744795,9.786772565722886,10
3744805,9.851635725235374,10
3744814,9.829421630926166,9
3744820,9.880458488081509,6
3744836,9.614087579841504,16
3744850,9.708197526032524,14
3744858,9.832195768795005,8
3744869,9.810199538745119,11
3744874,9.922094424384786,5
3744876,9.972344733922583,2
3744882,9.89236216466217,6
3744893,9.785772093938702,11
3744897,9.941475653428718,4
3744898,10.0,1
3744902,9.952974697447859,4
3744920,9.413981612795059,18
3744927,9.866833879592038,7
3744932,9.909627492490205,5
3744944,9.747686579246151,12
3744949,9.91644621034597,5
3744963,9.704017131967921,14
3744967,9.941589556122747,4
3744968,10.0,1
3744974,9.885054998545804,6
3744980,9.923892377856673,6
3744983,9.961188423237553,3
3744995,9.714558698220817,12
3745002,9.876215220789028,7
3745009,9.883686535639713,7
3745010,10.0,1
3745017,9.868023345426206,7
3745018,10.0,1
3745019,10.0,1
3745027,9.850106904155407,8
3745031,9.93622257596795,4
3745038,9.872477296379769,7
3745050,9.74171726052139,12
3745058,9.627869687977423,8
3745059,10.0,1
3745072,9.59872360337452,13
3745089,9.328044283782251,17
3745099,9.797743474327023,10
3745107,9.832128790386076,8
3745119,9.734758770273144,12
3745128,9.795933499120952,9
3745133,9.9258961819303,5
3745144,9.798672743859141,11
3745152,9.844408257202232,8
3745160,9.561527714245578,8
3745168,9.84209819101533,8
3745172,9.943966308232447,4
3745181,9.821138940401179,9
3745185,9.951367659973915,4
3745196,9.761643509615924,11
3745207,9.754575594059306,11
3745209,9.973048268267437,2
3745222,9.70134233519236,13
3745230,9.80688476207667,8
3745233,9.959673135629663,3
3745240,9.8457165042269,7
3745248,9.84113965991722,8
3745254,9.8790934936965,6
3745265,9.735627302536415,11
3745270,9.909918362860026,5
3745271,9.988861131615495,1
3745277,9.883974192911595,6
3745289,9.748497216819644,12
3745291,9.970786259908133,2
3745297,9.880567332414767,6
3745308,9.766977173633114,11
3745319,9.789747443093797,11
3745326,9.863811592701328,7
3745336,9.800579862967481,10
3745354,9.648269005650835,18
3745362,9.845314994093485,8
3745375,9.741440613896872,13
3745386,9.785578910751479,11
3745399,9.763794464657396,13
3745410,9.771633439638196,11
3745411,10.0,1
3745412,9.992758998407286,1
3745428,9.596178388308203,16
3745435,9.880241401099646,7
3745440,9.92264443748291,5
3745448,9.839356048878585,8
3745455,9.864609786524637,7
3745459,9.934042378891258,4
3745474,9.717295381360586,15
3745477,9.962406658213078,3
3745494,9.625754486590917,17
3745508,9.49688688965032,14
3745515,9.868628937756728,7
3745531,9.596954298365725,16
3745532,9.996024084842123,1
3745537,9.92869167330299,5
3745540,9.962487689593164,3
3745544,9.929726063669143,4
3745557,9.73178208397451,13
3745566,9.830106300192778,9
3745579,9.702271977306006,13
3745587,9.865958463584697,8
3745591,9.93443868633493,4
3745601,9.829582733778379,10
3745606,9.909845381396442,5
3745609,9.949060160874968,3
3745616,9.870900030284107,7
3745620,9.935807493165667,4
3745626,9.887460661196341,6
3745636,9.801072896929764,10
3745644,9.834140734252523,8
3745653,9.806817935821332,9
3745662,9.856557341150486,9
3745663,10.0,1
3745672,9.814772652568195,9
3745687,9.471331684922767,15
3745696,9.845534743673223,9
3745714,8.722925242392408,18
3745732,9.580758792518733,18
3745736,9.944339928272978,4
3745740,9.93143415181342,4
3745747,9.875231702314142,7
3745756,9.823524899773371,9
3745769,9.732985008401167,13
3745772,9.955841134945928,3
3745781,9.815600591855318,9
3745788,9.851964192428117,7
3745795,9.882843998679702,7
3745805,9.802056426885242,10
3745806,10.0,1
3745810,9.935379343953585,4
3745820,9.60622530326197,10
3745828,9.881800905397226,8
3745842,9.663002335417913,14
3745849,9.881060353617626,7
3745855,9.90129598544406,6
3745864,9.810535463349169,9
3745865,10.0,1
3745867,9.981410218156912,2
3745882,9.674486010854888,15
3745894,9.740028157012352,12
3745904,9.838787167840373,10
3745905,10.0,1
3745911,9.905285372993097,6
3745923,9.720725352327868,12
3745935,9.638909046077705,12
3745948,9.727271713433396,13
3745951,9.96724459218597,3
3745961,9.781918175726137,10
3745970,9.804934649021863,9
3745983,9.707834282375082,13
3745987,9.945414177035651,4
3745992,9.905633416319365,5
3745993,9.996280833533751,1
3746011,9.578275397972577,18
3746019,9.851931361765972,8
3746020,10.0,1
3746032,9.758059193684126,12
3746036,9.938388956842202,4
3746042,9.887759764777508,6
3746046,9.936609398371331,4
3746059,9.714439198480667,13
3746069,9.715101237598951,10
3746074,9.909805947548403,5
3746080,9.89446602731197,6
3746090,9.77001223422767,10
3746095,9.92629964956119,5
3746100,9.918615661219068,5
3746106,9.891334251300155,6
3746116,9.813336332833565,10
3746127,9.762468852876824,11
3746136,9.527269191224702,9
3746141,9.925256451204078,5
3746148,9.89590595826521,7
3746157,9.818217571405201,9
3746163,9.883549863715547,6
3746176,9.734955243519758,13
3746178,9.970528305978073,2
3746189,9.760059001488603,11
3746202,9.718374229960961,13
3746208,9.891780085650176,6
3746211,9.970367086871432,3
3746224,9.724441014578959,13
3746234,9.825030964171496,10
3746249,9.66854793526135,15
3746253,9.944647346036131,4
3746257,9.9406105118057,4
3746276,9.65586888449949,19
3746286,9.787837112507026,10
3746299,9.708799626222115,13
3746310,9.762946700687982,11
3746311,10.0,1
3746315,9.94227688089108,4
3746320,9.917118741915113,5
3746326,9.906307710328065,6
3746339,9.707033248696668,13
3746351,9.766454910342977,12
3746363,9.754079092035546,12
3746370,9.863769972675897,7
3746375,9.916590652746233,5
3746387,9.720254323299976,12
3746399,9.69543410596639,12
3746414,9.65035152315433,15
3746429,9.710937774135843,15
3746445,7.228613771219059,16
3746451,9.900625117515057,6
3746459,9.829766363784687,8
3746462,9.951197994676116,3
3746467,9.909105224124536,5
3746468,10.0,1
3746473,9.915931640130998,5
3746482,9.83033840360753,9
3746493,9.756289161393433,11
3746504,9.759596479959164,11
3746508,9.940866794318048,4
3746521,9.657596676763337,13
3746527,9.88568839348778,6
3746536,9.844789021539459,9
3746537,10.0,1
3746546,9.595799239827228,9
3746553,9.87473156679402,7
3746554,10.0,1
3746555,10.0,1
3746560,9.917098896174851,5
3746568,9.858051420549094,8
3746581,9.680516169474817,13
3746593,9.737762883990557,12
3746595,9.972471406542994,2
3746603,9.838400487467696,8
3746624,9.511300980548521,21
3746634,9.783766820011284,10
3746646,9.729942410482654,12
3746653,9.876328962168078,7
3746660,9.88201556020005,7
3746679,9.526201309956418,19
3746688,9.836346999242606,9
3746702,9.69639809935944,14
3746711,9.828759328932428,9
3746712,10.0,1
3746716,9.941737696479086,4
3746725,9.816467149161028,9
3746739,9.68506793966679,14
3746747,9.836960279175601,8
3746764,9.607589486479263,17
3746773,9.419705006709735,9
3746784,9.65534558528656,11
3746785,10.0,1
3746786,9.98893878184248,1
3746799,9.704080355938924,13
3746815,9.518788623594064,16
3746826,9.790179571460486,11
3746837,9.807024466168937,11
3746841,9.937753618572449,4
3746852,9.79302056796409,11
3746861,9.820646690863528,9
3746876,9.6800095418463,15
3746884,9.84544903420405,8
3746893,9.845368946530273,9
3746901,9.847659222968352,8
3746912,9.772456202156079,11
3746924,9.738532945803097,12
3746940,9.63781534860521,16
3746948,9.848269071069216,8
3746960,9.70445939265391,12
3746977,9.595102314755112,17
3746985,9.830475401660356,8
3746995,9.8098146024977,10
3747002,9.876840140196268,7
3747015,9.76812208731112,13
3747031,9.618593685508193,16
3747039,9.83003953427546,8
3747049,9.76284778674456,10
3747061,9.751599003752068,12
3747065,9.931614754544327,4
3747074,9.836766507959132,9
3747086,9.717133870990395,12
3747088,9.968940457056686,2
3747098,9.783988611470296,10
3747108,9.798911106286104,10
3747113,9.924304292407994,5
3747122,9.812683416104152,9
3747126,9.945765238331983,4
3747137,9.765921537240631,11
3747145,9.878244197278814,8
3747154,9.80780106401374,9
3747158,9.937441649157426,4
3747162,9.947431343781618,4
3747169,9.884494296241321,7
3747175,9.8919583658593,6
3747185,9.790292519312324,10
3747194,9.802741325184131,9
3747197,9.971749660382184,3
3747210,9.71219990773124,13
3747218,9.836295970529951,8
3747225,9.861160746378948,7
3747233,9.851693689292292,8
3747243,9.786009340886899,10
3747245,9.972773001010752,2
3747246,10.0,1
3747257,9.789437467790268,11
3747265,9.85626801693645,8
3747266,9.988483799571792,1
3747268,9.967651471670077,2
3747269,10.0,1
3747275,9.900182068304598,6
3747289,9.719234018136762,14
3747297,9.853728284913554,8
3747302,9.918632606686316,5
3747303,10.0,1
3747309,9.883671230316757,6
3747310,9.99662308774408,1
3747313,9.962956119216402,3
3747323,9.808195985705295,10
3747330,9.863918944588148,7
3747336,9.603055331130877,6
3747343,9.864809624055669,7
3747362,9.549540453086147,19
3747366,9.941441478830734,4
3747380,9.686255124299498,14
3747384,9.927050740355977,4
3747387,9.954630504810488,3
3747388,10.0,1
3747399,9.772631499267774,11
3747415,9.631441998149139,16
3747422,9.864773491838308,7
3747426,9.924979196259034,4
3747432,9.881079686061103,6
3747438,9.871751286005875,6
3747451,9.690740112721196,13
3747454,9.94983465355551,3
3747455,10.0,1
3747464,9.82365301591548,9
3747477,9.749817327608001,13
3747478,10.0,1
3747487,9.835485582275947,9
3747493,9.880360398359162,6
3747496,9.960006250491784,3
3747508,9.707150376806272,12
3747509,10.0,1
3747517,9.824301908423228,8
3747530,9.711182615147681,13
3747545,9.659502034451787,15
3747549,9.931712541653448,4
3747554,9.818860487345315,5
3747569,9.662694898228912,15
3747574,9.906598118499158,5
3747582,9.8517947973311,8
3747594,9.737839853823901,12
3747608,9.424830033695642,14
3747611,9.960459004875228,3
3747612,9.989248114868879,1
3747623,9.762650650506316,11
3747631,9.880069982832028,8
3747637,9.892084182413246,6
3747643,9.880479765549527,6
3747659,9.596470379916875,16
3747667,9.866381933167869,8
3747673,9.803255183537788,6
3747681,9.85851756308662,8
3747693,9.73224141828179,12
3747697,9.9368429815402,4
3747707,9.779314535242566,10
3747723,9.66612208433233,16
3747734,9.749550249922097,11
3747735,10.0,1
3747745,9.774415947646727,10
3747750,9.892517419203976,5
3747755,9.814459749333157,5
3747769,9.678199014704695,14
3747770,10.0,1
3747780,9.796062991948686,10
3747789,9.859755474529583,9
3747794,9.910865836338285,5
3747802,9.85119013596265,8
3747807,9.923867081179438,5
3747818,9.752912238438048,11
3747825,9.87312568355117,7
3747838,9.708887822696427,13
3747851,9.714837034090948,13
3747859,9.847726870902529,8
3747870,9.746398617007555,11
3747883,9.716638300391521,13
3747893,9.777968919086604,10
3747913,9.62402221833574,20
3747924,9.803227907384581,11
3747932,9.844919625660955,8
3747938,9.88735081395179,6
3747947,9.805469482699946,9
3747955,9.841604541167444,8
3747974,9.540480885850506,19
3747987,9.722494487727246,13
3748003,9.614548132353187,16
3748011,9.8319790695528,8
3748027,9.615743827268405,16
3748032,9.91934212529186,5
3748037,9.908704223303403,5
3748049,9.734716580851748,12
3748050,10.0,1
3748051,10.0,1
3748060,9.819181724143114,9
3748079,8.325121762151715,19
3748084,9.919803210415166,5
3748093,9.792378570485011,9
3748097,9.932075068279907,4
3748100,9.955342946887617,3
3748103,9.960162293278735,3
3748117,9.737623988730977,14
3748128,9.79212725606255,11
3748134,9.886531969868434,6
3748140,9.902846932621534,6
3748152,9.781256321200066,12
3748153,10.0,1
3748154,10.0,1
3748164,9.799066810263104,10
3748173,9.820709683013577,9
3748187,9.693626720945248,14
3748195,9.84657462655292,8
3748207,9.75396588133589,12
3748216,9.833107407357684,9
3748224,9.856912455470189,8
3748238,9.707910542190701,14
3748241,9.959932176350947,3
3748251,9.774159276896217,10
3748252,10.0,1
3748267,9.757667088955365,15
3748276,9.805627242055287,9
3748284,9.852752252094069,8
3748298,9.69932738739658,14
3748312,9.691198140161061,14
3748326,9.69623396263678,14
3748329,9.959877107000649,3
3748334,9.91891991513317,5
3748337,9.95255697746871,3
3748346,9.827882007575761,9
3748355,9.822000834968028,9
3748363,9.880242344157994,8
3748368,9.93317242381788,5
3748369,9.9965102142362,1
3748372,9.949540517174317,3
3748384,9.752465728836334,12
3748393,9.816068382479527,9
3748397,9.939895701924454,4
3748401,9.940172720240877,4
3748406,9.903752275308403,5
3748413,9.874113764148948,7
3748428,9.686051945165433,15
3748442,9.67944265763822,14
3748444,9.969437303920554,2
3748456,9.734520589570668,12
3748462,9.8671535126281,6
3748474,9.747591717839576,12
3748482,9.85262288383584,8
3748496,9.669830714577616,14
3748507,9.770466042123152,11
3748512,9.92363791707543,5
3748513,10.0,1
3748522,9.811934087257093,9
3748525,9.947405799803324,3
3748526,10.0,1
3748532,9.886967114948133,6
3748538,9.892651325849426,6
3748546,9.849553182281026,8
3748555,9.820381200370118,9
3748565,9.767269237538653,10
3748573,9.534716240675666,8
3748584,9.760272489270484,11
3748592,9.882527678628962,8
3748594,9.981228450082167,2
3748601,9.86956931265507,7
3748613,9.717090521208497,12
3748620,9.868993827277388,7
3748628,9.840613976400093,8
3748638,9.789679934809204,10
3748641,9.96748946923729,3
3748646,9.900412360093608,5
3748647,10.0,1
3748659,9.719599060097211,12
3748667,9.82681851945431,8
3748675,9.87019658238205,8
3748681,9.902862539339818,6
3748688,9.855608953852967,7
3748700,9.742905988543285,12
3748712,9.730913143578293,12
3748724,9.735944702491706,12
3748738,9.685356263077335,14
3748750,9.7552247039845,12
3748759,9.826362299514887,9
3748767,9.842368837758192,8
3748770,9.962931288595673,3
3748783,9.715187456048916,13
3748793,9.789891836901683,10
3748805,9.751348891230258,12
3748818,9.72471975725884,13
3748819,10.0,1
3748824,9.910416736226258,5
3748837,9.717991056238514,13
3748847,9.778874368364214,10
3748856,9.80897980282745,9
3748864,9.826026475786064,8
3748869,9.920628207310914,5
3748873,9.93473083271018,4
3748879,9.86878933087457,6
3748881,9.971274132169842,2
3748886,9.910213288967372,5
3748887,10.0,1
3748897,9.785085238121466,10
3748898,10.0,1
3748908,9.836099446320553,10
3748912,9.950716124339163,4
3748925,9.637593156559193,13
3748933,9.856412731610138,8
3748936,9.951443773309022,3
3748947,9.763344850656651,11
3748953,9.891891246418767,6
3748964,9.766011849117591,11
3748978,9.683728280512886,14
3748988,9.774804025171338,10
3748997,9.792774150716008,9
3749005,9.838735251692738,8
3749013,9.832138497224868,8
3749018,9.926119697484207,5
3749019,10.0,1
3749025,9.905387546930395,6
3749033,9.854117552925159,8
3749037,9.945528514077878,4
3749045,9.833662290952006,8
3749056,9.782847819118773,11
3749061,9.919610313228832,5
3749077,9.640504623980537,16
3749080,9.957125279892724,3
3749084,9.94276989567463,4
3749097,9.69185620381748,13
3749102,9.915915318688985,5
3749115,9.70020976999615,13
3749124,9.8186802801109,9
3749125,10.0,1
3749134,9.81465062485342,9
3749145,9.739082890619809,11
3749146,10.0,1
3749147,10.0,1
3749161,9.662237305678067,14
3749165,9.94352590248611,4
3749168,9.948775082466957,3
3749187,9.577343650228073,19
3749191,9.929626640590653,4
3749203,9.740329753912432,12
3749212,9.821378550094826,9
3749226,9.659988667828529,14
3749231,9.903953890886468,5
3749243,9.722860272733692,12
3749244,10.0,1
3749248,9.938001680757854,4
3749252,9.94524675032992,4
3749260,9.842102115913757,8
3749267,9.859527443343513,7
3749278,9.763265368477171,11
3749284,9.911843241596564,6
3749287,9.959501493749702,3
3749294,9.874971899371628,7
3749298,9.938720382867148,4
3749304,9.897202935588385,6
3749319,9.676038780641267,15
3749334,9.694322629116831,15
3749338,9.93179366124324,4
3749349,9.755114563550693,11
3749356,9.86733077074285,7
3749370,9.690798664443623,14
3749375,9.912893520454537,5
3749381,9.912437701722219,6
3749390,9.818708974087853,9
3749396,9.887584854156424,6
3749401,9.914785002761745,5
3749403,9.984807568256059,2
3749411,9.732426266089723,8
3749424,9.730140330962147,13
3749431,9.857437823800403,7
3749434,9.953198415288053,3
3749445,9.796594895932914,11
3749457,9.748661208517195,12
3749464,9.865259515549948,7
3749474,9.777164546277717,10
3749481,9.893701825038798,7
3749490,9.848977405541616,9
3749502,9.761424450266224,12
3749513,9.761119696963743,11
3749520,9.784805269194393,7
3749534,9.692567858803276,14
3749546,9.725397662409366,12
3749551,9.927593489055175,5
3749558,9.8649420314222,7
3749574,9.417097274373447,16
3749583,9.792638779566909,9
3749588,9.920782385292357,5
3749596,9.887667125643357,8
3749606,9.821872163883112,10
3749614,9.856193770930826,8
3749627,9.721252489696756,13
3749628,10.0,1
3749635,9.88336294506022,7
3749642,9.855154240688742,7
3749645,9.859419497096304,3
3749659,9.688610215343907,14
3749668,9.814199441821158,9
3749677,9.835070637126849,9
3749683,9.896842920904744,6
3749687,9.945794749804664,4
3749700,9.702927877096926,13
3749710,9.804929838008272,10
3749722,9.79633185188413,12
3749737,9.668487579862125,15
3749749,9.751442056981874,12
3749752,9.9652844186765,3
3749756,9.933229362001562,4
3749766,9.835060951388973,10
3749790,9.604857626897923,24
3749791,10.0,1
3749800,9.814510353436017,9
3749801,10.0,1
3749808,9.859097700510686,7
3749816,9.839968036110866,8
3749825,9.80563277450782,9
3749839,9.675716387602563,14
3749849,9.788029967153738,10
3749858,9.811967210325845,9
3749868,9.799504106050694,10
3749878,9.783199674740757,10
3749887,9.819931178486224,9
3749893,9.909936395776386,6
3749903,9.785657813854352,10
3749914,9.74866040503768,11
3749923,9.803848950632636,9
3749927,9.932184563313545,4
3749939,9.767445728098402,12
3749943,9.84826382635197,4
3749952,9.8655256798978,9
3749964,9.78497851386044,12
3749968,9.92960585857706,4
3749976,9.849434405146033,8
3749981,9.897910286562158,5
3749988,9.850876840844256,7
3749993,9.923255968561687,5
3750001,9.833708524457263,8
3750014,9.729591235020182,13
3750025,9.743996008714584,11
3750029,9.929928723882187,4
3750035,9.891887405769173,6
3750044,9.790629764001617,9
3750053,9.83303493199464,9
3750062,9.835517654145148,9
3750071,9.817093053172403,9
3750080,9.841373026036631,9
3750081,10.0,1
3750084,9.952406357633057,3
3750093,9.82034419296607,9
3750111,9.644913417679575,18
3750113,9.978999948529191,2
3750127,9.707598885697646,14
3750138,9.751215589355779,11
3750155,9.605426339069036,17
3750172,9.666414442205644,17
3750174,9.971089593447926,2
3750185,9.800057797243651,11
3750190,9.91249941719338,5
3750195,9.913562298308683,5
3750203,9.851602624305004,8
3750217,9.696177874519115,14
3750228,9.77054054725957,11
3750229,10.0,1
3750239,9.764493186479598,10
3750251,9.719154881007988,12
3750264,9.740601238231005,13
3750274,9.818124981643418,10
3750277,9.959637111673056,3
3750280,9.955031136235842,3
3750302,9.32401583726054,22
3750311,9.814691059845083,9
3750323,9.732865753908328,12
3750338,9.676143050325443,15
3750346,9.876337788023216,8
3750351,9.933002706246198,5
3750357,9.915739731756808,6
3750362,9.91177253590256,5
3750363,9.996554306599432,1
3750365,9.977476751305428,2
3750368,9.954790780927008,3
3750376,9.84820529747068,8
3750381,9.921484930398549,5
3750395,9.668026901685591,14
3750406,9.760989625187536,11
3750415,9.840894689538949,9
3750416,10.0,1
3750423,9.867193805943174,7
3750425,9.976381457491861,2
3750431,9.892442154135491,6
3750439,9.84904889202883,8
3750445,9.905053073609608,6
3750451,9.897282858993071,6
3750460,9.82708457177762,9
3750463,9.952504254173924,3
3750474,9.748105739084934,11
3750489,9.686651947079683,15
3750500,9.763360476130032,11
3750506,9.865907390374838,6
3750512,9.910183279194886,6
3750516,9.9521507614404,4
3750525,9.826709301803536,9
3750534,9.816674464833158,9
3750544,9.799150395168038,10
3750557,9.712291539847495,13
3750570,9.717161455357004,13
3750581,9.77516638313895,11
3750587,9.900825819678154,6
3750596,9.865929584999288,9
3750606,9.793125722175951,10
3750613,9.851129764816216,7
3750623,9.834997117682082,10
3750633,9.758433756752545,10
3750637,9.935577493438174,4
3750648,9.742141017992699,11
3750655,9.857555357145948,7
3750666,9.795628228938208,11
3750675,9.824856964706706,9
3750686,9.777091790623409,11
3750690,9.834771341550846,4
3750695,9.93770855956142,5
3750701,9.894162435813,6
3750712,9.75999707863672,11
3750713,10.0,1
3750724,9.798388906381607,11
3750729,9.92943714165575,5
3750730,9.992438046108559,1
3750740,9.794718721371899,10
3750747,9.885715012632147,7
3750755,9.861124243168758,8
3750768,9.70967997881874,13
3750769,10.0,1
3750782,9.702787650268107,13
3750786,9.952473126309737,4
3750812,9.233657004134402,26
3750813,10.0,1
3750827,9.675411626078539,14
3750836,9.814103498222444,9
3750837,10.0,1
3750845,9.865864531102437,8
3750850,9.919848737362852,5
3750866,9.684618331700024,16
3750879,9.75418934377435,13
3750887,9.841183751976827,8
3750898,9.804327949331757,11
3750908,9.79287222336517,10
3750920,9.783714973322002,12
3750931,9.750707018695655,11
3750948,9.618706250439462,17
3750952,9.93126655462949,4
3750953,10.0,1
3750958,9.926006321712833,5
3750967,9.831491268709224,9
3750972,9.917982688149491,5
3750986,9.672766985655668,14
3751002,9.646088838499159,16
3751015,9.700306497360124,13
3751026,9.76324212392442,11
3751034,9.733898270981308,8
3751043,9.784849241698868,9
3751052,9.81130957709152,9
3751056,9.930501324304354,4
3751062,9.906204689872517,6
3751069,9.853196330918127,7
3751081,9.720173208593021,12
3751091,9.791828910948547,10
3751103,9.716922834855279,12
3751106,9.961853730273749,3
3751107,9.992359530006928,1
3751121,9.696154119738006,14
3751122,10.0,1
3751123,10.0,1
3751130,9.847143317192172,7
3751135,9.919210227753965,5
3751136,10.0,1
3751137,10.0,1
3751145,9.858575761123829,8
3751155,9.786319771142793,10
3751157,9.98449825517958,2
3751162,9.917515753684045,5
3751170,9.841672243313834,8
3751177,9.888758718304578,7
3751184,9.8780264075599,7
3751197,9.739930486911184,13
3751200,9.965270048213794,3
3751206,9.871339665295459,6
3751219,9.748136777762342,13
3751223,9.940760508500334,4
3751232,9.849922841597419,9
3751234,9.976944912209301,2
3751240,9.894990179020997,6
3751250,9.787616255866123,10
3751262,9.755952926993684,12
3751278,9.633555490087671,16
3751282,9.939074619755779,4
3751284,9.97500616058049,2
3751294,9.807948115537302,10
3751308,9.69616130902328,14
3751322,9.693230291732345,14
3751334,9.745319854251782,12
3751340,9.89111040261163,6
3751343,9.956845982619244,3
3751351,9.834687229781037,8
3751358,9.892459693299948,7
3751361,9.97244703175948,3
3751366,9.926164640594614,5
3751374,9.838891256030584,8
3751399,9.486409975485163,25
3751407,9.864124293167148,8
3751413,9.880641511273733,6
3751427,9.663614860593007,14
3751435,9.832154411324481,8
3751439,9.923038053438868,4
3751450,9.820124849731725,11
3751455,9.920256482883733,5
3751459,9.94216021404986,4
3751472,9.525069411969195,13
3751480,9.824629527857745,8
3751484,9.931445351817395,4
3751494,9.776602594512855,10
3751506,9.730742035486728,12
3751514,9.862829343792873,8
3751530,9.646609956773979,16
3751541,9.769673977329859,11
3751542,10.0,1
3751547,9.926982540030878,5
3751548,10.0,1
3751559,9.758986183518159,11
3751564,9.905630175639494,5
3751575,9.559341001963407,11
3751584,9.839265155160344,9
3751596,9.70405555149661,12
3751607,9.768685842628004,11
3751617,9.812446218679085,10
3751623,9.899625729950989,6
3751629,9.910290872805698,6
3751642,9.706674992841236,13
3751651,9.823514330992104,9
3751666,9.658324360808633,15
3751670,9.939359689439751,4
3751674,9.922858196633053,4
3751675,10.0,1
3751683,9.84190448859738,8
3751690,9.869331743143512,7
3751703,9.738109355340896,13
3751706,9.957364070810822,3
3751722,9.641196610213447,16
3751731,9.816459981124284,9
3751735,9.95132526912208,4
3751755,9.534659581536856,20
3751763,9.844278827082475,8
3751773,9.783222494881016,10
3751785,9.70747121061289,12
3751799,9.565094227640968,14
3751803,9.953796386554213,4
3751815,9.724905840887857,12
3751826,9.767732567678069,11
3751836,9.795675132475916,10
3751848,9.804923088976278,12
3751861,9.722091916330063,13
3751875,9.704297685497757,14
3751882,9.866830461123635,7
3751890,9.853921716549559,8
3751895,9.925545562931053,5
3751901,9.896360384094645,6
3751905,9.937704455086072,4
3751906,9.993077331288113,1
3751907,9.989232870543939,1
3751922,9.460160728683945,15
3751938,9.635135929949495,16
3751951,9.747719608092737,13
3751952,10.0,1
3751956,9.926802252382037,4
3751966,9.796997364559656,10
3751971,9.9170791250085,5
3751983,9.739466158016373,12
3751988,9.917412366242072,5
3752000,9.744786915519876,12
3752007,9.87125570787329,7
3752015,9.843088434983391,8
3752027,9.734263993838494,12
3752032,9.92263533646948,5
3752034,9.976041788985656,2
3752047,9.744123736478757,13
3752056,9.804261935198964,9
3752057,9.99663034182924,1
3752059,9.98052312790928,2
3752072,9.708957343520092,13
3752079,9.85120432107695,7
3752085,9.890591711594524,6
3752099,9.705549475669077,14
3752113,9.711364679666866,14
3752123,9.778439869355472,10
3752134,9.749502965066366,11
3752148,9.677527256419818,14
3752165,9.656822657187305,17
3752181,9.626545685467832,16
3752194,9.73726288396274,13
3752209,9.677498546239107,15
3752214,9.919890607717173,5
3752216,9.97175894430577,2
3752217,10.0,1
3752225,9.84628015100801,8
3752235,9.783801935586936,10
3752236,10.0,1
3752249,9.697497869755216,13
3752252,9.960697538690782,3
3752258,9.905751091352656,6
3752264,9.9187591509461,6
3752276,9.757129723375282,12
3752280,9.245527414876033,4
3752287,9.865606848530797,7
3752289,9.976907900108033,2
3752290,10.0,1
3752300,9.769789773204762,10
3752311,9.782858237274263,11
3752321,9.813475570729016,10
3752329,9.844345634499803,8
3752338,9.81180152989507,9
3752352,9.69647106523066,14
3752369,9.636623863202951,17
3752391,9.570264032648053,22
3752398,9.881800518804754,7
3752399,10.0,1
3752402,9.953751587732267,3
3752407,9.921825761988053,5
3752425,9.544371345257549,18
3752442,9.614929247238553,17
3752454,9.725319946558283,12
3752456,9.985690529258672,2
3752459,9.96212200938625,3
3752469,9.796334017539545,10
3752480,9.761001736204628,11
3752493,9.705686896804439,13
3752496,9.958188212944409,3
3752509,9.730079362536626,13
3752520,9.749207990195087,11
3752524,9.94386418053546,4
3752530,9.908793493213524,6
3752536,9.881077741168841,6
3752548,9.7469453790012,12
3752563,9.65145122221534,15
3752575,9.749822999294931,12
3752583,9.851695463645122,8
3752594,9.78279483695271,11
3752602,9.740588442052832,8
3752606,9.935121359954842,4
3752616,9.814633294192973,10
3752618,9.971051543357452,2
3752628,9.791384942168056,10
3752640,9.735840260574182,12
3752654,9.593079180559632,14
3752655,9.99317441557883,1
3752660,9.925370988647389,5
3752671,9.739755505340813,11
3752687,9.62931419101457,16
3752694,9.894161591020778,7
3752703,9.794774902214876,9
3752704,10.0,1
3752717,9.723133837531757,13
3752720,9.95781000341546,3
3752731,9.770897400626762,11
3752743,9.788935100719575,12
3752750,9.873936831053642,7
3752758,9.862099796158352,8
3752776,9.533704134896267,18
3752790,9.688444268398603,14
3752796,9.91402905377937,6
3752801,9.927115651707737,5
3752812,9.788676965825118,11
3752823,9.75880607150048,11
3752837,9.698551673726328,14
3752845,9.84760639780769,8
3752851,9.884271471953829,6
3752856,9.923478481140819,5
3752868,9.731192134859525,12
3752869,9.996209014882417,1
3752876,9.864714104939441,7
3752877,10.0,1
3752886,9.817957888178853,9
3752898,9.770289253305931,12
3752914,9.599962753959144,16
3752915,10.0,1
3752923,9.846756605835637,8
3752930,9.859710200372287,7
3752935,9.914468177381774,5
3752946,9.727724814342743,11
3752952,9.90551267789006,6
3752966,9.704074630430906,14
3752969,9.95377026365646,3
3752973,9.928533857133312,4
3752981,9.836087063241596,8
3752995,9.680975586213794,14
3753002,9.883102047488629,7
3753014,9.736999750760374,12
3753025,9.773301666423858,11
3753040,9.6683006892565,15
3753045,9.923656170490844,5
3753055,9.793895913546722,10
3753059,9.938328468391436,4
3753070,9.742897071759295,11
3753079,9.795443122494007,9
3753097,9.582365336798226,18
3753103,9.906479934253268,6
3753116,9.71977095626302,13
3753123,9.86444827800059,7
3753132,9.816451522277266,9
3753141,9.798188981329664,9
3753149,9.837601265224862,8
3753159,9.805833604668704,10
3753164,9.912301405099758,5
3753176,9.754112119612591,12
3753183,9.87308262475393,7
3753189,9.899302660023418,6
3753196,9.870923243713815,7
3753202,9.895682947664914,6
3753208,9.905261229237444,6
3753220,9.732843216963468,12
3753226,9.891687997821027,6
3753230,9.943854767518166,4
3753231,10.0,1
3753243,9.727632775042016,12
3753247,9.94331456466329,4
3753260,9.719434117599112,13
3753267,9.883372433436865,7
3753270,9.96231989647032,3
3753271,10.0,1
3753283,9.732153246292537,12
3753297,9.704233868107075,14
3753300,9.955018127678223,3
3753307,9.88649141350699,7
3753312,9.915586500096836,5
3753323,9.81448783822335,11
3753336,9.728256663724709,13
3753346,9.769380485119752,10
3753347,10.0,1
3753354,9.875586779210293,7
3753357,9.956998982539428,3
3753367,9.772457666114198,10
3753377,9.809283332558644,10
3753381,9.938536167612957,4
3753391,9.777806123405593,10
3753398,9.856367401035978,7
3753402,9.941412833965504,4
3753415,9.721597712855315,13
3753421,9.914520619063895,6
3753428,9.871271970527847,7
3753435,9.863466731977162,7
3753447,9.720971935409564,12
3753456,9.823970111124348,9
3753461,9.93067660631231,5
3753472,9.768377286419845,11
3753478,9.89454711371907,6
3753483,9.93806630518569,5
3753490,9.848954323894649,7
3753496,9.885999700241571,6
3753504,9.830370723251065,8
3753513,9.826313907958276,9
3753528,9.670075351319598,15
3753544,9.647025662752363,16
3753550,9.903795196530266,6
3753560,9.835639779233006,10
3753561,10.0,1
3753570,9.826160436126683,9
3753576,9.886578801576874,6
3753585,9.824822642028675,9
3753595,9.78761986816433,10
3753604,9.632595701352585,9
3753605,10.0,1
3753612,9.884927007180202,7
3753618,9.916074809041813,6
3753619,10.0,1
3753626,9.874901007815778,7
3753635,9.825812460393028,9
3753645,9.769982866748236,10
3753653,9.849863723105386,8
3753665,9.737155545727592,12
3753676,9.767415263503235,11
3753684,9.841575017387107,8
3753698,9.724549431391655,14
3753705,9.843691592604404,7
3753717,9.742015420148116,12
3753725,9.849063592500356,8
3753731,9.890447885049614,6
3753742,9.771841901045459,11
3753749,9.873805573967376,7
3753766,9.598546578941463,17
3753778,9.7723455426738,12
3753785,9.87587410639926,7
3753794,9.852405499172342,9
3753804,9.777380729313903,10
3753812,9.83485298735145,8
3753819,9.853378586032756,7
3753829,9.774646035670196,10
3753838,9.803450147537847,9
3753845,9.850229115883144,7
3753851,9.904963767625544,6
3753870,9.529396721742547,19
3753881,9.759583134054504,11
3753884,9.952488915165707,3
3753896,9.731743875232707,12
3753904,9.833935823417937,8
3753914,9.777987398266877,10
3753915,9.996172767941415,1
3753921,9.895190817926387,6
3753926,9.925697663486062,5
3753927,10.0,1
3753932,9.91762862357408,5
3753935,9.953987609911534,3
3753950,9.639826145568621,15
3753957,9.886117911892017,7
3753964,9.857696732805103,7
3753968,9.941530220140395,4
3753979,9.749852429672401,11
3753990,9.754081473086353,11
3754000,9.817951410876464,10
3754001,9.989067127199126,1
3754007,9.891992142638713,6
3754011,9.942835996254658,4
3754017,9.902362902853767,6
3754026,9.826204575857236,9
3754027,10.0,1
3754028,10.0,1
3754042,9.696812333057876,14
3754043,10.0,1
3754053,9.786448489999769,10
3754058,9.924118957224023,5
3754074,9.627357674149147,16
3754075,10.0,1
3754077,9.976773925731083,2
3754082,9.93130074866676,5
3754091,9.797697790671679,9
3754099,9.834949934175826,8
3754112,9.723300582052572,13
3754123,9.786072932301547,11
3754126,9.967816985363626,3
3754156,9.070159254810262,30
3754165,9.80738131866759,9
3754169,9.948210216075799,4
3754172,9.955738937109722,3
3754178,9.89924352028067,6
3754191,9.702977361275554,13
3754205,9.697900593671683,14
3754206,9.991612667390097,1
3754207,10.0,1
3754217,9.784160503590261,10
3754227,9.766626175169932,10
3754235,9.859783260291541,8
3754242,9.886656140554035,7
3754258,9.657513506137981,16
3754272,9.702846190336217,14
3754281,9.845061212215603,9
3754294,9.710939632815975,13
3754295,10.0,1
3754308,9.734882429312433,13
3754318,9.782122744601061,10
3754329,9.762492467024424,11
3754344,9.668914698526047,15
3754352,9.831025188177083,8
3754359,9.883741659687793,7
3754366,9.875911973092585,7
3754382,9.634547696043292,16
3754393,9.762261176427245,11
3754402,9.835401200975614,9
3754413,9.751392048227036,11
3754422,9.793709729058845,9
3754436,9.734621442578083,14
3754443,9.865358363604368,7
3754450,9.89972145564923,7
3754463,9.711785989102456,13
3754475,9.763781507752617,12
3754489,9.562800590870962,14
3754501,9.742734112985762,12
3754509,9.864393761165761,8
3754515,9.895065804678953,6
3754521,9.888938614272732,6
3754532,9.797739738512405,11
3754549,9.61397737668939,17
3754558,9.833672081647839,9
3754568,9.813610068670277,10
3754573,9.928642180546284,5
3754595,9.539517518487454,22
3754597,9.97646421249891,2
3754612,9.677706314914644,15
3754626,9.759617111991794,14
3754627,10.0,1
3754642,9.677767646529231,15
3754643,10.0,1
3754654,9.795085358805348,11
3754661,9.875776868782413,7
3754662,10.0,1
3754664,9.969014367409699,2
3754671,9.877347252758279,7
3754676,9.919296145675885,5
3754686,9.798126857157527,10
3754690,9.93209521822499,4
3754691,10.0,1
3754692,10.0,1
3754698,9.894868935489155,6
3754722,9.39738005213045,24
3754733,9.77041194237186,11
3754751,9.555009547127751,18
3754752,10.0,1
3754755,9.967363755743959,3
3754764,9.83116962328949,9
3754771,9.872249963908567,7
3754781,9.425922377028256,10
3754782,10.0,1
3754797,9.617416410423816,15
3754812,9.646248801365282,15
3754816,9.939259806354208,4
3754825,9.791190990744186,9
3754839,9.650923509938027,14
3754850,9.784153200753478,11
3754857,9.865961192354234,7
3754870,9.811398876783356,13
3754876,9.870689850560444,6
3754880,9.925383300619014,4
3754881,10.0,1
3754896,9.560251519883236,15
3754901,9.905555017916079,5
3754911,9.794376101212391,10
3754920,9.834719534365501,9
3754926,9.897315286061277,6
3754932,9.896978350177386,6
3754946,9.686348286329697,14
3754954,9.851869059691543,8
3754968,9.7065601104344,14
3754985,9.586820300475935,17
3754990,9.906609729960563,5
3755001,9.78835789762026,11
3755002,9.996395644053782,1
3755003,10.0,1
3755012,9.814848250536002,9
3755016,9.934154858857928,4
3755034,9.609747302515654,18
3755044,9.68616899711138,10
3755056,9.732152197870912,12
3755062,9.886043717342838,6
3755073,9.769933279873541,11
3755083,9.814890697540152,10
3755095,9.740892513317581,12
3755107,9.755647403710967,12
3755114,9.898361900347888,7
3755127,9.70183639938618,13
3755132,9.916736814576645,5
3755133,10.0,1
3755144,9.761539450658438,11
3755148,9.94258184398031,4
3755158,9.790582093132116,10
3755162,9.94079654274379,4
3755171,9.837333961119521,9
3755176,9.930873038822032,5
3755177,10.0,1
3755188,9.805900280909508,11
3755196,9.8713860553527,8
3755198,9.976607272062857,2
3755206,9.836721442665137,8
3755221,9.634481124497668,15
3755233,9.765330512399903,12
3755234,9.99677930939033,1
3755235,10.0,1
3755247,9.789551364660394,12
3755259,9.754394127023625,12
3755262,9.953202963364495,3
3755273,9.76415767633138,11
3755277,9.930351986549375,4
3755285,9.836682747219053,8
3755294,9.800136107360782,9
3755295,10.0,1
3755307,9.757423448541596,12
3755316,9.718862729851375,9
3755323,9.85841936537139,7
3755335,9.760683680329299,12
3755345,9.795228227008884,10
3755349,9.937521729560798,4
3755360,9.744549717763833,11
3755361,10.0,1
3755366,9.911128826800217,5
3755372,9.904933652266608,6
3755373,10.0,1
3755381,9.833241352455282,8
3755391,9.808848328408766,10
3755401,9.66314451304651,10
3755420,9.600356799434573,19
3755427,9.871428350894433,7
3755428,10.0,1
3755431,9.963273358760176,3
3755439,9.853372059290063,8
3755446,9.867873034230804,7
3755453,9.874859408600319,7
3755458,9.939576865259221,5
3755468,9.812823434014437,10
3755478,9.796064070400588,10
3755483,9.900923885938496,5
3755484,10.0,1
3755502,9.57490189756027,18
3755513,9.794418315130157,11
3755528,9.657435082486085,15
3755539,9.751795401371187,11
3755543,9.950667911214476,4
3755551,9.826780510949254,8
3755562,9.76430611596572,11
3755568,9.88783879924349,6
3755578,9.78955210471679,10
3755590,9.75986783419469,12
3755594,9.953646628968672,4
3755599,9.915300150492767,5
3755607,9.871011719024592,8
3755609,9.980121620812714,2
3755625,9.694032615599923,16
3755632,9.871536787436247,7
3755646,9.71283476386387,14
3755656,9.784634579971684,10
3755658,9.971768580805724,2
3755670,9.762297292277088,12
3755681,9.74969387812686,11
3755691,9.76728790866837,10
3755696,9.915605604320529,5
3755697,9.992609573110775,1
3755710,9.716025528979428,13
3755720,9.786555763089984,10
3755732,9.73298434465253,12
3755738,9.898768535885656,6
3755742,9.945488981096366,4
3755750,9.86117184800647,8
3755757,9.85326808645266,7
3755764,9.892948849840332,7
3755775,9.769672084710965,11
3755781,9.903001830521207,6
3755794,9.72740634455328,13
3755798,9.935470390940567,4
3755808,9.799243211608381,10
3755815,9.862360985789298,7
3755829,9.697075614291428,14
3755841,9.746383795745567,12
3755851,9.81574018500911,10
3755857,9.89960663360141,6
3755867,9.785919668548376,10
3755875,9.82806362854275,8
3755885,9.800773170237672,10
3755887,9.97976773385613,2
3755894,9.872090666225626,7
3755904,9.8066553160542,10
3755915,9.776574427140595,11
3755923,9.859426181691177,8
3755930,9.855758785776882,7
3755936,9.922599272387544,6
3755938,9.980800220415757,2
3755944,9.876568019721585,6
3755948,9.940170234450086,4
3755955,9.873740601158024,7
3755961,9.87558475931765,6
3755970,9.821379587071533,9
3755982,9.70800074016217,12
3755997,9.65402858288901,15
3755998,10.0,1
3756007,9.816209993885595,9
3756009,9.975759141666522,2
3756019,9.781921332077133,10
3756022,9.956592289097536,3
3756030,9.86867678872378,8
3756044,9.69990818991461,14
3756045,10.0,1
3756051,9.886967891489691,6
3756058,9.89599064970285,7
3756064,9.896756629965562,6
3756073,9.82266376760303,9
3756074,10.0,1
3756078,9.946899804169457,4
3756091,9.701282319170648,13
3756102,9.794818761170506,11
3756107,9.907313109587191,5
3756108,10.0,1
3756117,9.826732580116271,9
3756124,9.8532949037865,7
3756130,9.907425177669685,6
3756138,9.852157415772927,8
3756142,9.928809465400162,4
3756155,9.72550538492309,13
3756199,9.204112855594252,44
3756218,9.68554654242326,19
3756220,9.97153765101618,2
3756235,9.678769833331346,15
3756239,9.935076718972335,4
3756251,9.728087981475921,12
3756258,9.87540769132015,7
3756267,9.79977259226912,9
3756271,9.930320732778837,4
3756279,9.842413232824944,8
3756291,9.728251590633423,12
3756294,9.959355129999432,3
3756304,9.822490325640363,10
3756308,9.94536875704252,4
3756312,9.93093277008539,4
3756324,9.76016957352611,12
3756325,10.0,1
3756333,9.850065031708885,8
3756344,9.754626933205978,11
3756350,9.91255550836902,6
3756367,9.571949432450282,17
3756370,9.959576040946843,3
3756379,9.857244873854658,9
3756391,9.761656900657782,12
3756396,9.913956308941415,5
3756404,9.856410444783327,8
3756410,9.899110277576119,6
3756421,9.750863319333941,11
3756433,9.757881810777896,12
3756443,9.803315833429622,10
3756461,9.590464423020906,18
3756471,9.79017555307051,10
3756480,9.803478140706213,9
3756484,9.94613562694251,4
3756497,9.736191774249752,13
3756505,9.840208701378497,8
3756510,9.925204071500573,5
3756515,9.924550840117298,5
3756520,9.914694737200517,5
3756528,9.854228444446877,8
3756529,10.0,1
3756539,9.773265535240288,10
3756548,9.824002578132738,9
3756554,9.912129912347385,6
3756561,9.876466851789774,7
3756564,9.768508249789882,3
3756575,9.780350501706499,11
3756578,9.966900929856862,3
3756588,9.766524162877232,10
3756594,9.908368720504344,6
3756605,9.76970951721416,11
3756617,9.750947733893252,12
3756626,9.81147229163639,9
3756632,9.89338836023348,6
3756639,9.878097668784003,7
3756646,9.856224774180696,7
3756649,9.95620533355595,3
3756662,9.712493572606,13
3756672,9.805271318543381,10
3756673,10.0,1
3756678,9.92601241058069,5
3756686,9.851756649045868,8
3756696,9.806877227778752,10
3756706,9.784408134353082,10
3756709,9.962939592865288,3
3756719,9.810036044179597,10
3756724,9.914248531109935,5
3756731,9.863288954433866,7
3756740,9.828579921520745,9
3756751,9.756440402705346,11
3756759,9.858674704412588,8
3756768,9.827530155793731,9
3756772,9.945444753498366,4
3756773,10.0,1
3756780,9.879064801920014,7
3756786,9.900039334738858,6
3756802,9.667688947915524,16
3756811,9.817143023519467,9
3756822,9.76926559298368,11
3756828,9.892933915338107,6
3756837,9.812906915778147,9
3756846,9.828386934809679,9
3756857,9.750956090077457,11
3756866,9.80952329005019,9
3756872,9.885250625163287,6
3756881,9.842303560109984,9
3756888,9.873978033132433,7
3756903,9.631874725201707,15
3756904,10.0,1
3756907,9.956255037026299,3
3756911,9.924065474534153,4
3756918,9.884380096694168,7
3756919,10.0,1
3756925,9.90016365211277,6
3756926,9.996566806160029,1
3756942,9.62363474904009,16
3756954,9.702014527340133,12
3756961,9.88692725871501,7
3756963,9.974173933515239,2
3756971,9.843518780101729,8
3756974,9.96077844521142,3
3756986,9.723523924673986,12
3756992,9.884937374899605,6
3757012,9.597864104979621,20
3757021,9.83427100374306,9
3757034,9.742851255228842,13
3757041,9.880798163112006,7
3757059,9.572717585996278,18
3757063,9.931188171445188,4
3757070,9.864132569449342,7
3757075,9.907509236171585,5
3757084,9.84831470695132,9
3757095,9.780358689160455,11
3757097,9.972915545965108,2
3757100,9.95084025727614,3
3757106,9.899394879598848,6
3757113,9.912184985436395,7
3757121,9.874136155812032,8
3757125,9.934155296621064,4
3757139,9.673679227764165,14
3757140,10.0,1
3757149,9.78176606409388,9
3757162,9.692891181019156,13
3757165,9.960202255740857,3
3757176,9.745358218478406,11
3757190,9.653462391883432,14
3757200,9.776165023189089,10
3757204,9.940585433845957,4
3757210,9.8753626996888,6
3757221,9.804166607373938,11
3757232,9.799807477978801,11
3757244,9.747832971439735,12
3757255,9.765977702127257,11
3757256,10.0,1
3757266,9.768393024955358,10
3757274,9.842653937866642,8
3757284,9.790034428854684,10
3757289,9.932172438737325,5
3757298,9.807010019843236,9
3757299,10.0,1
3757302,9.958299787307467,3
3757309,9.900483568376588,7
3757319,9.810562731421625,10
3757322,9.958119386748841,3
3757335,9.693745636191952,13
3757345,9.802091864064428,10
3757357,9.729359883439459,12
3757369,9.749659195210526,12
3757381,9.541080302128266,12
3757391,9.79921203834136,10
3757394,9.961170814227042,3
3757401,9.868372923582436,7
3757416,9.732690540134437,15
3757417,10.0,1
3757429,9.7261660643325,12
3757431,9.98359844714455,2
3757442,9.766364709381177,11
3757445,9.952018051651304,3
3757456,9.762749063292995,11
3757457,9.987607194291037,1
3757465,9.851330095063949,8
3757466,10.0,1
3757470,9.951392535345406,4
3757479,9.845204769691534,9
3757487,9.837700162805616,8
3757497,9.785349898002057,10
3757498,10.0,1
3757512,9.668786334328946,14
3757520,9.846150171074388,8
3757532,9.758094473416932,12
3757541,9.810670733468895,9
3757553,9.759370059307503,12
3757560,9.864269795791362,7
3757568,9.827244078773264,8
3757582,9.721715274211604,14
3757588,9.896591669221417,6
3757600,9.751227369853062,12
3757614,9.677077823199026,14
3757629,9.682900086581622,15
3757638,9.805064826678569,9
3757646,9.857949220285127,8
3757658,9.742454446568384,12
3757665,9.874747967913304,7
3757672,9.859595453560942,7
3757683,9.774168316120022,11
3757693,9.79611334788544,10
3757694,10.0,1
3757698,9.94568410527287,4
3757708,9.81325331698524,10
3757719,9.764214203822089,11
3757720,9.988190409134598,1
3757729,9.835245658877463,9
3757741,9.78980351967373,12
3757749,9.849536583591627,8
3757754,9.92664402076329,5
3757772,9.472451349092047,18
3757783,9.755867582173007,11
3757789,9.902556821339644,6
3757803,9.697424470587723,14
3757804,10.0,1
3757818,9.696972613874976,14
3757825,9.863611246229036,7
3757827,9.971435643070958,2
3757828,9.992398397421974,1
3757837,9.840855289712763,9
3757855,9.549902533656178,18
3757866,9.788441055642064,11
3757873,9.872482224203196,7
3757875,9.981127801595106,2
3757876,9.995946317222462,1
3757886,9.778391588263862,10
3757887,9.988108418548782,1
3757905,9.586065420246472,18
3757911,9.88594140101299,6
3757928,9.595553469461718,17
3757937,9.819219085452385,9
3757940,9.95256920692579,3
3757947,9.872501921367205,7
3757948,9.98739015564766,1
3757956,9.85507399663449,8
3757963,9.880916290704697,7
3757977,9.693941963997084,14
3757983,9.894324426529895,6
3757988,9.89877055852802,5
3757995,9.87131912224369,7
3757997,9.977436536500923,2
3758005,9.851358209079317,8
3758012,9.850491343844459,7
3758018,9.896306180273934,6
3758027,9.814739807171113,9
3758043,9.721300674049143,16
3758064,9.554210130277745,21
3758071,9.87160176278739,7
3758091,9.575109917975057,20
3758103,9.747422047399178,12
3758106,9.962357244946014,3
3758113,9.860037099754344,7
3758118,9.909826546496285,5
3758126,9.824676530020756,8
3758137,9.762856022768817,11
3758149,9.753102371715954,12
3758162,9.706581527223994,13
3758168,9.882814220885505,6
3758175,9.886638675198984,7
3758181,9.891608726799713,6
3758197,9.658048667812439,16
3758225,9.112884362623182,28
3758240,9.660409276251768,15
3758244,9.94166531432574,4
3758247,9.957744058482058,3
3758257,9.800416014691477,10
3758258,9.992932897844868,1
3758264,9.905711198056263,6
3758280,9.666793731517757,16
3758291,9.765621441576043,11
3758307,9.660495698112475,16
3758312,9.936076778901379,5
3758314,9.975064086690894,2
3758320,9.89378348509122,6
3758334,9.71042332967808,14
3758335,10.0,1
3758340,9.942070457752925,5
3758343,9.953340179961103,3
3758349,9.899462482871614,6
3758352,9.959910805568603,3
3758359,9.89676764403456,7
3758371,9.727319493972654,12
3758391,9.525956370764112,20
3758404,9.781517717025615,13
3758413,9.82114131885977,9
3758420,9.6746332545884,7
3758421,10.0,1
3758428,9.870436557507164,7
3758435,9.862584471311502,7
3758446,9.77980602327342,11
3758451,9.92709785417443,5
3758461,9.781437649148021,10
3758466,9.921402461189576,5
3758468,9.971233230160923,2
3758477,9.811932815662528,9
3758493,9.665616710043128,16
3758494,10.0,1
3758500,9.880601018436556,6
3758513,9.708349496928607,13
3758514,10.0,1
3758522,9.848728696391303,8
3758531,9.82018149746873,9
3758546,9.664156123438772,15
3758550,9.932891518952085,4
3758555,9.930130544975018,5
3758565,9.784798201536304,10
3758574,9.721836082234944,9
3758579,9.92083187954866,5
3758585,9.890362419992972,6
3758594,9.827858947775685,9
3758605,9.768271355647835,11
3758614,9.842713908151525,9
3758624,9.79255417950443,10
3758630,9.908890724200154,6
3758640,9.81345122572472,10
3758651,9.652550620595084,11
3758663,9.747558842301729,12
3758671,9.837126596771357,8
3758675,9.930591217719417,4
3758689,9.66195775009148,14
3758693,9.948997278071912,4
3758704,9.542627176112457,11
3758716,9.748419793933339,12
3758727,9.788795446645114,11
3758728,10.0,1
3758749,9.526117203057076,21
3758755,9.880758972833656,6
3758756,10.0,1
3758763,9.896989529509987,7
3758768,9.912699029763225,5
3758770,9.980116849843638,2
3758776,9.899041257618443,6
3758785,9.85740653144872,9
3758790,9.921807774715496,5
3758792,9.97070034161242,2
3758793,10.0,1
3758805,9.744050085432328,12
3758808,9.951853149010145,3
3758822,9.69836342904378,14
3758832,9.789208710445447,10
3758844,9.725741793414988,12
3758852,9.8748279128378,8
3758853,10.0,1
3758861,9.84734120663526,8
3758871,9.788504392440329,10
3758885,9.484903940537482,14
3758889,9.928850351615408,4
3758905,9.6017936914467,16
3758906,9.992636590591177,1
3758912,9.9154027626018,6
3758921,9.803705489678299,9
3758932,9.76799461495528,11
3758942,9.7610829955295,10
3758959,9.663890462724098,17
3758969,9.471198181685962,10
3758978,9.793780380997449,9
3758988,9.799528070594151,10
3758997,9.828041659866,9
3759008,9.752102108117803,11
3759012,9.949060349656763,4
3759020,9.846053258631882,8
3759028,9.858932505670284,8
3759035,9.876146318981377,7
3759044,9.82487578030257,9
3759047,9.96579205817604,3
3759049,9.982749167231502,2
3759055,9.894345807968525,6
3759060,9.897332660097433,5
3759073,9.741297056968737,13
3759077,9.936965502382321,4
3759081,9.938393058649838,4
3759097,9.64675673447532,16
3759101,9.951759676479401,4
3759107,9.89308749250459,6
3759113,9.898466973456639,6
3759121,9.892029638425566,8
3759134,9.69632092380053,13
3759146,9.75086967409405,12
3759159,9.70631915098001,13
3759160,9.989639519896228,1
3759162,9.968580897137878,2
3759175,9.700325590639945,13
3759186,9.761259554189786,11
3759193,9.89954712605712,7
3759198,9.913848214014804,5
3759206,9.846595268547075,8
3759217,9.754499860344014,11
3759229,9.747222723163118,12
3759239,9.783745261640044,10
3759246,9.870565861842302,7
3759250,9.92603812283555,4
3759262,9.733558541567673,12
3759263,10.0,1
3759268,9.920607608752437,5
3759272,9.939575329822825,4
3759280,9.863197749834402,8
3759292,9.786000859272903,12
3759305,9.71437673091924,13
3759315,9.783274150759906,10
3759325,9.780894615893265,10
3759326,10.0,1
3759343,9.620974172356755,17
3759344,10.0,1
3759346,9.984096825227267,2
3759358,9.768728434250798,12
3759364,9.905675875213854,6
3759376,9.740445520061291,12
3759386,9.808735187930244,10
3759399,9.71028203837112,13
3759407,9.837645183059522,8
3759413,9.88997489088878,6
3759421,9.839575496246427,8
3759425,9.936298414608968,4
3759435,9.794403558313688,10
3759452,9.633890705280633,17
3759461,9.819506695110169,9
3759469,9.844639876503802,8
3759477,9.844513886950251,8
3759478,10.0,1
3759481,9.95966599008075,3
3759483,9.982595570448757,2
3759489,9.701917791194962,6
3759499,9.769576223716156,10
3759501,9.985042568549911,2
3759510,9.849863268784777,9
3759521,9.777559632103364,11
3759525,9.9394819359732,4
3759530,9.913462186375858,5
3759533,9.95174620532286,3
3759543,9.805829674708132,10
3759554,9.755881963683171,11
3759566,9.719432328217648,12
3759572,9.90526607413184,6
3759577,9.928200238991346,5
3759585,9.8363073531033,8
3759595,9.833704436311281,10
3759600,9.925798871557685,5
3759603,9.961249017756804,3
3759615,9.705237277387617,12
3759619,9.92303585343787,4
3759625,9.903802204490495,6
3759633,9.843085647217537,8
3759637,9.929712914875086,4
3759641,9.94002604805921,4
3759648,9.842369184668772,7
3759651,9.963696680314106,3
3759656,9.917548808810555,5
3759662,9.883101334198416,6
3759669,9.875202304436126,7
3759675,9.882901616110642,6
3759678,9.965988925940978,3
3759699,9.506137618779194,21
3759716,9.571924972004282,17
3759724,9.846506914258667,8
3759725,10.0,1
3759733,9.841886016723508,8
3759748,9.676253721437279,15
3759749,9.99600247670291,1
3759763,9.690406848190111,14
3759764,9.996770170893527,1
3759781,9.606152148179111,17
3759788,9.870501923904547,7
3759790,9.977417989747746,2
3759801,9.757698115418412,11
3759808,9.862377975640822,7
3759815,9.861462878147979,7
3759825,9.786662702850704,10
3759831,9.891482499371731,6
3759832,9.991876458449275,1
3759842,9.765175241836946,10
3759850,9.84816837704424,8
3759859,9.808234166614229,9
3759863,9.933641376431552,4
3759871,9.868693931784058,8
3759881,9.815051237825276,10
3759893,9.726284590334046,12
3759897,9.950688113544992,4
3759906,9.849578850193092,9
3759917,9.769313481968302,11
3759927,9.787183095068832,10
3759929,9.976675638106856,2
3759937,9.831096590332113,8
3759950,9.725111046480842,13
3759960,9.789878895953217,10
3759972,9.743071415310741,12
3759978,9.897675655033247,6
3759982,9.956229565987972,4
3759993,9.76063768796202,11
3760004,9.761725682249132,11
3760024,9.516792958931983,20
3760030,9.917860466431854,6
3760052,9.409327865309168,22
3760057,9.92142117090892,5
3760064,9.885485856810888,7
3760069,9.91663831402249,5
3760083,9.730316966003215,14
3760091,9.84864200670988,8
3760100,9.842463611616385,9
3760107,9.863274565593471,7
3760109,9.968795801260072,2
3760111,9.984728760217344,2
3760116,9.91540705784944,5
3760128,9.79442205242973,12
3760140,9.739093170865226,12
3760144,9.931070379580495,4
3760160,9.63495096359524,16
3760167,9.87417814362026,7
3760173,9.892445147980679,6
3760177,9.932394057885409,4
3760181,9.945468146973477,4
3760193,9.768555045630135,12
3760198,9.916956709864131,5
3760205,9.870219833546152,7
3760207,9.968421272610948,2
3760211,9.95226581483605,4
3760219,9.867672210249369,8
3760225,9.906251304784734,6
3760227,9.984367916550811,2
3760236,9.83350840715229,9
3760245,9.853068288958532,9
3760255,9.809376615859318,10
3760270,9.677243158220323,15
3760277,9.867852888268047,7
3760290,9.748396856815305,13
3760306,9.650849040129787,16
3760318,9.778002056942956,12
3760330,9.750147923495984,12
3760347,9.620228777925774,17
3760348,10.0,1
3760358,9.814960194382838,10
3760374,9.628320739831835,16
3760383,9.83787170529424,9
3760390,9.878456939508862,7
3760398,9.82465286293591,8
3760415,9.612463958545689,17
3760421,9.894644196409864,6
3760432,9.674627603320713,11
3760440,9.850987954855258,8
3760447,9.86609766312856,7
3760460,9.722568091232372,13
3760471,9.777365935242873,11
3760482,9.761605758783073,11
3760484,9.972231218904689,2
3760494,9.789102058333912,10
3760506,9.750995892389534,12
3760518,9.737439055924531,12
3760523,9.926411177441455,5
3760528,9.929312315468707,5
3760539,9.776273995619833,11
3760542,9.959577370858664,3
3760549,9.879704616846185,7
3760568,9.51079859598323,19
3760570,9.973565180049148,2
3760578,9.848491659101605,8
3760588,9.800201316168671,10
3760596,9.845978329876958,8
3760599,9.964808974937528,3
3760609,9.797370868767572,10
3760615,9.92321776516988,6
3760628,9.695136843072584,13
3760636,9.856653712453472,8
3760648,9.77321441310409,12
3760657,9.810052013159602,9
3760660,9.9484615836251,3
3760665,9.922646429237604,5
3760673,9.837535297175448,8
3760679,9.907047834708331,6
3760682,9.952081126608132,3
3760683,9.992003072911261,1
3760685,9.972320704910034,2
3760692,9.870184653560768,7
3760711,9.543662113502732,19
3760719,9.845340440024133,8
3760732,9.712198471466426,13
3760733,10.0,1
3760748,9.651693621192065,15
3760754,9.894192466890784,6
3760767,9.735561379366999,13
3760776,9.808780205354585,9
3760785,9.79633531765976,9
3760795,9.787553666206962,10
3760797,9.975583783563359,2
3760811,9.694866317534457,14
3760822,9.75037017966134,11
3760830,9.859962477459218,8
3760836,9.8978557786178,6
3760839,9.957932586879053,3
3760844,9.912879381449942,5
3760845,10.0,1
3760871,9.272182837577262,26
3760879,9.854377771655429,8
3760887,9.836965154061442,8
3760899,9.731899321110365,12
3760910,9.710085231037615,11
3760925,9.704841058975004,15
3760929,9.929678623611636,4
3760935,9.90799988077041,6
3760936,10.0,1
3760945,9.826967894033983,9
3760952,9.865753992937023,7
3760961,9.806668125679476,9
3760973,9.641287520178704,12
3760979,9.90247744738887,6
3760996,9.55245735418681,17
3761006,9.79354350435201,10
3761018,9.750779998555927,12
3761026,9.845063741709843,8
3761036,9.78521861719142,10
3761038,9.973035513610197,2
3761049,9.771703898874737,11
3761060,9.777537237969407,11
3761077,9.612926294683744,17
3761090,9.680003624602044,13
3761102,9.63462634296336,12
3761104,9.969331384463633,2
3761119,9.62947115954445,15
3761124,9.903110208314581,5
3761130,9.903071945914737,6
3761131,9.996430811853786,1
3761143,9.749096563889585,12
3761149,9.883600755078477,6
3761156,9.872945299806217,7
3761166,9.777022567411674,10
3761181,9.689157020713163,15
3761190,9.842792723404878,9
3761196,9.913704087496969,6
3761201,9.93676141377833,5
3761203,9.984480527269664,2
3761216,9.720415323492547,13
3761225,9.824045606801677,9
3761229,9.939370333116901,4
3761238,9.831260497288893,9
3761245,9.873754438406802,7
3761256,9.787073110642657,11
3761262,9.896015004058082,6
3761276,9.730799652145295,14
3761292,9.679400922628597,16
3761293,9.992537987968433,1
3761303,9.596195861031655,10
3761311,9.82622368792373,8
3761330,9.545270373895573,19
3761337,9.865284171279065,7
3761346,9.802550474131355,9
3761350,9.933189449704477,4
3761361,9.76795014902484,11
3761375,9.71350049537974,14
3761384,9.835520445755256,9
3761392,9.828149371873813,8
3761405,9.742572546974134,13
3761415,9.758329089472785,10
3761427,9.751919871147967,12
3761443,9.613953385836867,16
3761444,10.0,1
3761450,9.903694229349998,6
3761457,9.875513771613189,7
3761469,9.746973711433032,12
3761479,9.791457632311273,10
3761489,9.58154515378163,10
3761499,9.825224815921874,10
3761505,9.888556412302021,6
3761519,9.723537039097108,14
3761524,9.930182741219742,5
3761534,9.785182110645323,10
3761545,9.791361434714155,11
3761632,-22.447885971934657,87
3761649,9.503392073847676,17
3761663,9.683937346015034,14
3761669,9.893038678787601,6
3761680,9.798871558663643,11
3761681,9.987857687066759,1
3761692,9.763346831146741,11
3761693,10.0,1
3761701,9.831288432147385,8
3761706,9.919676027960062,5
3761707,10.0,1
3761716,9.82702506225654,9
3761717,10.0,1
3761718,10.0,1
3761726,9.862766819705511,8
3761727,10.0,1
3761735,9.85835027445,8
3761736,10.0,1
3761740,9.934627406333167,4
3761750,9.814878193934002,10
3761759,9.826430730255748,9
3761770,9.75320881073054,11
3761783,9.522142667394538,13
3761784,10.0,1
3761791,9.876989040331287,7
3761806,8.878286259753438,15
3761815,9.688631434519403,9
3761820,9.920495283541655,5
3761828,9.81455865781946,8
3761834,9.881272094629631,6
3761841,9.865839364101994,7
3761847,9.896876836472671,6
3761857,9.784590727355257,10
3761872,9.673064506811949,15
3761874,9.96828288014369,2
3761875,9.996611310841109,1
3761876,10.0,1
3761884,9.847678176283537,8
3761889,9.919125851193128,5
3761898,9.799234728209619,9
3761910,9.730561629093184,12
3761916,9.69066271226033,6
3761926,9.786603699579569,10
3761936,9.776124879740005,10
3761946,9.775268934442684,10
3761950,9.950139885965866,4
3761959,9.821296769795643,9
3761966,9.865276399258091,7
3761980,9.67978077165039,14
3761992,9.747429420253697,12
3761998,9.879893495227076,6
3762003,9.923788045517695,5
3762008,9.91914468311547,5
3762013,9.906721242021149,5
3762014,10.0,1
3762023,9.838443889977047,9
3762030,9.869356249348353,7
3762040,9.775973552684297,10
3762060,9.561031064888994,20
3762073,9.738572950147027,13
3762088,9.659034624348118,15
3762099,9.76195334635823,11
3762105,9.90052342574911,6
3762118,9.714118770253968,13
3762123,9.923914154451102,5
3762124,9.996498816345426,1
3762130,9.890411318555254,6
3762135,9.930417101373036,5
3762141,9.880581142071328,6
3762152,9.78478560670144,11
3762163,9.772093492047352,11
3762174,9.767516973640959,11
3762175,10.0,1
3762176,9.996789895832398,1
3762185,9.826884165301419,9
3762198,9.70722661773825,13
3762210,9.728073357238998,12
3762217,9.8596052175154,7
3762220,9.951933416981788,3
3762222,9.980630489510984,2
3762227,9.908290421230895,5
3762237,9.78613040270977,10
3762248,9.769374448251963,11
3762253,9.921949362580978,5
3762257,9.9379676287255,4
3762268,9.763135467674436,11
3762276,9.835920433228804,8
3762283,9.852820232888853,7
3762288,9.927980086591209,5
3762295,9.74450195290476,7
3762299,9.9462553973661,4
3762311,9.731320092326865,12
3762312,9.988594023520697,1
3762313,10.0,1
3762322,9.817195858474307,9
3762335,9.732622514533315,13
3762347,9.747448941095834,12
3762357,9.806424413549259,10
3762366,9.82020278620531,9
3762383,9.589918586770606,17
3762399,9.638020892710959,16
3762416,9.606040307164667,17
3762426,9.78305829974684,10
3762435,9.801210845541588,9
3762443,9.852233107826203,8
3762451,9.839793785083298,8
3762460,9.817425805656995,9
3762461,10.0,1
3762471,9.799354369116239,10
3762478,9.889918582557597,7
3762489,9.756971762327,11
3762498,9.778299034386594,9
3762509,9.760910057806111,11
3762522,9.736144436946082,13
3762529,9.891515040168567,7
3762533,9.933673206758826,4
3762534,10.0,1
3762541,9.881658056653556,7
3762553,9.716692914148428,12
3762560,9.86491152997752,7
3762566,9.905322664593413,6
3762582,9.668381825655345,16
3762588,9.889156803213933,6
3762593,9.928384679726861,5
3762594,10.0,1
3762598,9.93986781324338,4
3762602,9.951210127037827,4
3762603,9.996607989237937,1
3762614,9.785354736625258,11
3762620,9.90927647139321,6
3762625,9.914419278769842,5
3762632,9.855354744500975,7
3762644,9.738634090239561,12
3762655,9.750879040922758,11
3762667,9.784775385502872,12
3762674,9.879226913845985,7
3762684,9.798349791198515,10
3762697,9.740791485513592,13
3762704,9.864303185683328,7
3762715,9.766976951516293,11
3762725,9.769374310572598,10
3762733,9.854128157424277,8
3762735,9.977953439027008,2
3762748,9.704442814560782,13
3762757,9.828871016148081,9
3762761,9.934134234621943,4
3762762,10.0,1
3762768,9.903310550669447,6
3762781,9.722755968403197,13
3762789,9.860541244444118,8
3762803,9.571455851024094,14
3762811,9.838039736302475,8
3762819,9.867689529141225,8
3762825,9.900195391739762,6
3762838,9.683389402698133,13
3762848,9.79801340492431,10
3762862,9.72791693893171,14
3762876,9.6940433201486,14
3762889,9.752128588099785,13
3762894,9.910015582977039,5
3762900,9.889268551099596,6
3762911,9.773247934357023,11
3762912,10.0,1
3762926,9.697199736456424,14
3762938,9.71907778987857,12
3762950,9.74801944324365,12
3762962,9.764665899787499,12
3762969,9.870660908465991,7
3762972,9.967308161375248,3
3762985,9.731400937136186,13
3762994,9.823532353669695,9
3763003,9.82384604380384,9
3763010,9.866769964580596,7
3763033,9.559918621531953,23
3763036,9.947723557411221,3
3763046,9.828572651759655,10
3763057,9.656481040137642,11
3763058,10.0,1
3763064,9.899255733321997,6
3763079,9.628956096784005,15
3763084,9.913170189196801,5
3763088,9.947531671688658,4
3763091,9.96137604258035,3
3763096,9.906437616403785,5
3763113,9.624404147064348,17
3763120,9.883412499594646,7
3763124,9.925177394775432,4
3763138,9.724460974925593,14
3763154,9.655648515019049,16
3763162,9.877253217031413,8
3763167,9.908601498998483,5
3763175,9.838511853493737,8
3763179,9.932027392263524,4
3763180,10.0,1
3763192,9.718995164839152,12
3763195,9.953580424365622,3
3763201,9.898871331704534,6
3763205,9.936638124132745,4
3763206,10.0,1
3763207,10.0,1
3763208,10.0,1
3763212,9.93718831927222,4
3763213,9.996647575456654,1
3763218,9.935519135554674,5
3763220,9.981068787563737,2
3763231,9.784231472946969,11
3763233,9.97054062987851,2
3763235,9.972577316667302,2
3763236,9.996494546843401,1
3763246,9.80029488587775,10
3763257,9.77539298950088,11
3763263,9.898698611703397,6
3763266,9.95173435565378,3
3763275,9.808512873162233,9
3763277,9.978150608008526,2
3763289,9.79281902080169,12
3763292,9.964340735237018,3
3763301,9.826088947619455,9
3763316,9.699890850738141,15
3763327,9.756373514956197,11
3763335,9.823035463211113,8
3763350,9.654633730570962,15
3763357,9.856194975809178,7
3763362,9.917465103342575,5
3763363,10.0,1
3763374,9.763194036288684,11
3763385,9.774650110884668,11
3763397,9.756846367090196,12
3763412,9.637584921172271,15
3763422,9.788357643688268,10
3763431,9.844453312323125,9
3763437,9.906655449582852,6
3763446,9.832591276272707,9
3763459,9.724551669761627,13
3763468,9.831172438672104,9
3763469,10.0,1
3763486,9.617619547251564,17
3763491,9.915047653525273,5
3763501,9.726456543511603,10
3763519,9.736827603206754,18
3763520,10.0,1
3763536,9.661140214669869,16
3763544,9.835740972990221,8
3763547,9.966486398077093,3
3763555,9.848111898889284,8
3763560,9.92326915523304,5
3763561,10.0,1
3763570,9.839414304247185,9
3763581,9.75280073746244,11
3763590,9.84258836236487,9
3763602,9.750598669595119,12
3763613,9.780327631758936,11
3763624,9.74622778257068,11
3763632,9.828457364995991,8
3763635,9.961851158260252,3
3763644,9.838047663731672,9
3763655,9.770382399468708,11
3763667,9.73680160681291,12
3763675,9.847514249807244,8
3763676,10.0,1
3763687,9.7653932946944,11
3763693,9.907076368978277,6
3763702,9.816393441462944,9
3763711,9.841051012538824,9
3763718,9.87400788111983,7
3763729,9.746608212602906,11
3763730,10.0,1
3763731,9.996371522564093,1
3763736,9.913110607354175,5
3763749,9.693439686465815,13
3763757,9.862239767113529,8
3763765,9.848308219216376,8
3763766,10.0,1
3763772,9.875130615424075,6
3763790,9.552630772228573,18
3763798,9.851072477104802,8
3763811,9.758348514567732,13
3763814,9.965053812889034,3
3763816,9.982232008414297,2
3763824,9.852987878857528,8
3763829,9.90904169822628,5
3763837,9.852596454651023,8
3763849,9.801625484817704,12
3763850,9.989402094636777,1
3763868,9.624681162232763,18
3763870,9.982702450968358,2
3763874,9.945347756903281,4
3763882,9.832510326369754,8
3763898,9.646336218068496,16
3763906,9.852435134321638,8
3763914,9.840347226444228,8
3763926,9.738052688624178,12
3763942,9.613691574510446,16
3763961,9.556632690614252,19
3763975,9.71723761107853,14
3763982,9.860871852500892,7
3763992,9.815961898862072,10
3763993,10.0,1
3763997,9.93643110433861,4
3764009,9.720343000509374,12
3764016,9.876961314346543,7
3764017,10.0,1
3764037,9.54831013527554,20
3764041,9.93827057148064,4
3764047,9.89681103998759,6
3764070,9.471937375224982,23
3764074,9.938394582594485,4
3764083,9.815383462429468,9
3764091,9.857300247307911,8
3764100,9.84747298344475,9
3764108,9.822283008585796,8
3764115,9.88366347065217,7
3764116,10.0,1
3764122,9.913438771311919,6
3764127,9.924827077510527,5
3764132,9.92287113730263,5
3764137,9.914424417414368,5
3764142,9.926161432379473,5
3764147,9.915241730259106,5
3764160,9.709460795896748,13
3764165,9.922037233528131,5
3764174,9.825806025012449,9
3764184,9.78923482267438,10
3764199,9.69513102214349,15
3764208,9.801210442633671,9
3764231,9.484084441555002,23
3764238,9.892778313329622,7
3764249,9.764654214778375,11
3764250,10.0,1
3764259,9.829579393970228,9
3764264,9.919714917811058,5
3764269,9.910201138710061,5
3764273,9.928371520283939,4
3764283,9.793346755881622,10
3764293,9.819287691543012,10
3764305,9.757055174669496,12
3764317,9.742661903841002,12
3764326,9.802689402637084,9
3764343,9.632353894025968,17
3764344,9.996255529790806,1
3764355,9.784686636552339,11
3764368,9.729121803712781,13
3764378,9.788152421406195,10
3764392,9.708306436654814,14
3764403,9.739443884742952,11
3764412,9.82954919402251,9
3764424,9.77534214793969,12
3764425,10.0,1
3764426,10.0,1
3764434,9.834138544513822,8
3764440,9.897163063228382,6
3764454,9.689297424183993,14
3764464,9.788494856285666,10
3764476,9.75022048389747,12
3764488,9.760731323393147,12
3764501,9.714309294284377,13
3764508,9.86606128167469,7
3764523,9.682617397555191,15
3764530,9.864115447412559,7
3764546,9.656306940519501,16
3764553,9.876302249774279,7
3764556,9.957754079197287,3
3764565,9.804738394774786,9
3764583,9.662453838475741,18
3764584,10.0,1
3764587,9.949222204447299,3
3764593,9.889303342009788,6
3764603,9.805832117321716,10
3764611,9.830058634958622,8
3764619,9.847934927625264,8
3764629,9.809594408994947,10
3764643,9.746289990016372,14
3764645,9.974012553029295,2
3764650,9.928120030910442,5
3764656,9.909151283199808,6
3764667,9.78923799154027,11
3764673,9.873833520260096,6
3764681,9.817150458542102,8
3764697,9.627756910598434,16
3764710,9.711640115839648,13
3764721,9.834042281305228,11
3764728,9.85662596063944,7
3764732,9.94265876801802,4
3764735,9.970203751615104,3
3764741,9.891512243776527,6
3764744,9.955515560027095,3
3764760,9.598166123425809,16
3764761,10.0,1
3764762,10.0,1
3764764,9.98005726823628,2
3764765,10.0,1
3764772,9.869613073483617,7
3764781,9.741429528657891,9
3764792,9.780937854308693,11
3764799,9.874773367223696,7
3764811,9.714910898580973,12
3764824,9.771426051809765,13
3764836,9.744145323106851,12
3764844,9.861642196705322,8
3764851,9.67329756875682,7
3764856,9.929302196421585,5
3764862,9.877672360253696,6
3764872,9.77904768183191,10
3764881,9.850957242666777,9
3764885,9.932627297567864,4
3764899,9.67530634218458,14
3764908,9.83744497023175,9
3764920,9.743025037682457,12
3764930,9.790764452591779,10
3764942,9.731782827127727,12
3764948,9.88405189880563,6
3764957,9.807911957945239,9
3764958,9.996494763135662,1
3764961,9.971796375357469,3
3764972,9.796733298874374,11
3764977,9.924452929065444,5
3764986,9.838836972504035,9
3764987,10.0,1
3764998,9.751395623546873,11
3765011,9.725146696352796,13
3765024,9.714414145775079,13
3765040,9.607304445859198,16
3765045,9.903333300586645,5
3765062,9.619314089902273,17
3765081,9.538146699009918,19
3765091,9.797638873097865,10
3765092,10.0,1
3765102,9.7824343736275,10
3765106,9.956938974071246,4
3765113,9.88377196286327,7
3765118,9.910753999180042,5
3765125,9.87445163740885,7
3765129,9.938918138314756,4
3765131,9.975408235738483,2
3765142,9.747388923759804,11
3765152,9.80117141183684,10
3765153,10.0,1
3765164,9.76576892494543,11
3765181,9.64437477051537,17
3765188,9.850468894323463,7
3765196,9.635932703889031,8
3765202,9.901091786269381,6
3765227,3.7324518575324523,25
3765241,9.708004231451575,14
3765251,9.794257175730351,10
3765256,9.912522660094286,5
3765276,9.523941405626582,20
3765285,9.821106924868019,9
3765295,9.782634807109806,10
3765308,9.6924017504079,13
3765315,9.874571710590486,7
3765322,9.90266287078593,7
3765331,9.81923379295477,9
3765341,9.803343520147669,10
3765350,9.8435093578178,9
3765355,9.913347997520335,5
3765361,9.911393567010148,6
3765373,9.738774237418085,12
3765390,9.641158335946038,17
3765406,9.625421477634749,16
3765420,9.385093416309621,14
3765428,9.832173151775496,8
3765436,9.843824070853213,8
3765441,9.940170133486042,5
3765449,9.828979938665203,8
3765462,9.713082476271559,13
3765465,9.95226211608863,3
3765466,10.0,1
3765475,9.806335859980539,9
3765481,9.909988967355064,6
3765493,9.743950853538527,12
3765494,9.988309889230969,1
3765498,9.935977262606146,4
3765506,9.862007218541315,8
3765507,10.0,1
3765511,9.932034568735862,4
3765524,9.706494161154748,13
3765530,9.900384549617888,6
3765536,9.867809314543132,6
3765553,9.600647423936465,17
3765559,9.907967446622768,6
3765564,9.91939535215905,5
3765570,9.789182999967258,6
3765574,9.93723572957207,4
3765582,9.868447855143959,8
3765594,9.744080831959652,12
3765605,9.761750057575522,11
3765616,9.76069121266164,11
3765630,9.699180369496867,14
3765640,9.783960564985087,10
3765652,9.747542473315091,12
3765670,9.61868658468125,18
3765681,9.83350143997712,11
3765685,9.942897446233248,4
3765691,9.905969339166909,6
3765697,9.879197310418483,6
3765702,9.92863234110147,5
3765712,9.797023776621575,10
3765721,9.742611735109511,9
3765727,9.885235343778266,6
3765738,9.766794482250534,11
3765743,9.912503998002341,5
3765754,9.77621936113773,11
3765761,9.866500720065783,7
3765762,10.0,1
3765774,9.759564968849794,12
3765777,9.955619581760615,3
3765782,9.919926381139348,5
3765791,9.829937909274186,9
3765796,9.906612296970613,5
3765803,9.883318159984277,7
3765811,9.868353445328546,8
3765822,9.790673801594068,11
3765826,9.942306994980372,4
3765827,10.0,1
3765839,9.218304358757052,12
3765842,9.966868032848067,3
3765850,9.854762567705874,8
3765855,9.920661917749493,5
3765858,9.96029771401838,3
3765861,9.96292713944369,3
3765870,9.809319052267151,9
3765883,9.699897245569034,13
3765895,9.771464962393832,12
3765899,9.940233966235093,4
3765908,9.836637678828488,9
3765909,10.0,1
3765915,9.898449888732594,6
3765925,9.772698612764083,10
3765934,9.823138466181561,9
3765935,9.996125058626932,1
3765942,9.872254439201303,7
3765955,9.724295251106138,13
3765962,9.880334915761146,7
3765967,9.919439917216348,5
3765976,9.82207023741991,9
3765982,9.898652008405373,6
3765984,9.967742524460958,2
3765993,9.801313096941882,9
3766001,9.85496860441534,8
3766016,9.694354051482195,15
3766017,10.0,1
3766018,10.0,1
3766026,9.833755356396177,8
3766035,9.79948939917708,9
3766050,9.690128432007402,15
3766051,10.0,1
3766061,9.780606216322383,10
3766075,9.672236510291231,14
3766083,9.865495340389568,8
3766089,9.89785028922842,6
3766092,9.955079977321057,3
3766095,9.969940425089783,3
3766110,9.649808793119108,15
3766117,9.881470304757975,7
3766131,9.668245603612538,14
3766143,9.727209208872155,12
3766152,9.824704052755788,9
3766156,9.852985338941364,4
3766167,9.755186316135557,11
3766176,9.817269746446419,9
3766184,9.832796022462583,8
3766195,9.762388405344339,11
3766200,9.898727184253007,5
3766213,9.724882778829757,13
3766221,9.83170298184073,8
3766224,9.949736065629276,3
3766230,9.896372882356385,6
3766249,9.559419405728155,19
3766259,9.802599116682002,10
3766263,9.94167303556894,4
3766271,9.820872801301487,8
3766282,9.804499746118445,11
3766294,9.723899883027006,12
3766304,9.81531115515635,10
3766315,9.681491527491856,11
3766326,9.742844068340652,11
3766334,9.843386041877354,8
3766345,9.760669939861453,11
3766358,9.690814165043442,13
3766363,9.925860544883086,5
3766364,10.0,1
3766375,9.760245782715378,11
3766378,9.948880559190368,3
3766379,9.988700709947695,1
3766383,9.92989236652025,4
3766384,10.0,1
3766395,9.766676142343057,11
3766403,9.868761520490693,8
3766411,9.853128268793784,8
3766419,9.842460640776643,8
3766426,9.860795181980357,7
3766537,8.344648206779672,111
3766543,9.89912607932986,6
3766548,9.92806446404433,5
3766556,9.817406436865111,8
3766561,9.911105870001206,5
3766567,9.8942074216523,6
3766575,9.840045397447163,8
3766576,10.0,1
3766597,9.477789512905026,21
3766598,10.0,1
3766610,9.729207037481228,12
3766611,10.0,1
3766628,9.60290186726213,17
3766630,9.98335328576481,2
3766645,9.651283908146763,15
3766660,9.714251797784456,15
3766669,9.840847963908526,9
3766672,9.94591082149362,3
3766687,9.684190839525282,15
3766696,9.829974115813677,9
3766697,10.0,1
3766698,10.0,1
3766708,9.788902334545565,10
3766709,10.0,1
3766717,9.86435487552617,8
3766723,9.87488739104168,6
3766729,9.903849499180248,6
3766737,9.854710038376247,8
3766746,9.825942389223764,9
3766754,9.862183646585889,8
3766760,9.909233448029706,6
3766761,10.0,1
3766762,10.0,1
3766771,9.832172477674941,9
3766779,9.833174271756324,8
3766783,9.935802352382954,4
3766791,9.834419462041888,8
3766801,9.795175897971378,10
3766808,9.884239501626114,7
3766813,9.918908939592276,5
3766822,9.794582661365457,9
3766827,9.932819992523502,5
3766837,9.779626474415092,10
3766848,9.747689390580266,11
3766849,10.0,1
3766850,10.0,1
3766856,9.903932804507457,6
3766867,9.772556050159372,11
3766871,9.935720269637963,4
3766880,9.834161278062927,9
3766887,9.868697768766632,7
3766895,9.836140123027691,8
3766901,9.904072387319514,6
3766910,9.805329829645778,9
3766917,9.866161468483291,7
3766921,9.945979518521517,4
3766924,9.969127842631101,3
3766935,9.762281190719637,11
3766936,10.0,1
3766937,10.0,1
3766944,9.882543043143972,7
3766956,9.710887596457914,12
3766968,9.749557484093744,12
3766971,9.964601402766473,3
3766982,9.782732216327423,11
3766996,9.49834320914598,14
3767014,9.648911503493775,18
3767018,9.94886400621924,4
3767019,9.996428162516164,1
3767037,9.586891546990358,18
3767046,9.823495754067364,9
3767053,9.860578375668585,7
3767059,9.883177085385418,6
3767060,10.0,1
3767073,9.71618227345471,13
3767074,10.0,1
3767075,10.0,1
3767079,9.929408565469787,4
3767085,9.892909987421467,6
3767086,10.0,1
3767098,9.734005977064214,12
3767106,9.842648282401447,8
3767114,9.830442424284488,8
3767122,9.853257673349853,8
3767123,10.0,1
3767124,10.0,1
3767134,9.780031841787311,10
3767143,9.833233316906133,9
3767150,9.885621004076514,7
3767156,9.901794138004332,6
3767167,9.772217806987427,11
3767174,9.879910164684892,7
3767191,9.673254471088802,17
3767201,9.75885030585088,10
3767202,10.0,1
3767207,9.91032001586845,5
3767215,9.831919858563802,8
3767221,9.907459472867819,6
3767234,9.723351574034181,13
3767245,9.749577568006622,11
3767260,9.645372797535286,15
3767273,9.72106339171943,13
3767282,9.816192291711127,9
3767291,9.806699790278081,9
3767295,9.948813238270187,4
3767302,9.891431043531306,7
3767313,9.783997564984244,11
3767325,9.718268675187336,12
3767337,9.778945892211526,12
3767348,9.783360489037966,11
3767358,9.825572658069005,10
3767366,9.838966419638137,8
3767379,9.683375629445866,13
3767380,10.0,1
3767381,9.996101261192303,1
3767390,9.82057102027112,9
3767391,10.0,1
3767401,9.806874798066001,10
3767411,9.785707868665574,10
3767421,9.792343715762597,10
3767422,10.0,1
3767433,9.77280122559429,11
3767441,9.826616846112662,8
3767450,9.822004738250415,9
3767453,9.949489604735525,3
3767457,9.950360779111417,4
3767460,9.963514540173707,3
3767461,10.0,1
3767468,9.868519215469657,7
3767476,9.859694295404779,8
3767480,9.937573559911844,4
3767494,9.741318719239844,14
3767499,9.925529046603943,5
3767507,9.83808208274818,8
3767517,9.775513748071168,10
3767528,9.755438869802617,11
3767532,9.946304367094086,4
3767552,9.573110431601352,20
3767557,9.924184349903577,5
3767566,9.817672441966,9
3767571,9.910868047341715,5
3767578,9.861562938212366,7
3767588,9.764051329019171,10
3767589,9.993184317378446,1
3767592,9.967096662796306,3
3767593,10.0,1
3767598,9.927226792195697,5
3767599,10.0,1
3767606,9.862945363811603,7
3767612,9.89527860390835,6
3767617,9.929908219202973,5
3767624,9.89411544836019,7
3767628,9.925008785223628,4
3767638,9.793600308471778,10
3767649,9.730150837039378,11
3767650,9.996662085333991,1
3767664,9.69709833326265,14
3767671,9.881826422119664,7
3767684,9.723511099849226,13
3767685,10.0,1
3767691,9.901808047498964,6
3767700,9.807806736290555,9
3767701,9.992663548690075,1
3767709,9.871404063399186,8
3767711,9.970935753995164,2
3767722,9.753906396353669,11
3767733,9.755764034858831,11
3767737,9.946973993607623,4
3767747,9.78410789567749,10
3767754,9.87894475787526,7
3767761,9.865419922525955,7
3767768,9.850379646565205,7
3767770,9.986711072607047,2
3767774,9.944651622004544,4
3767783,9.809172131459125,9
3767792,9.846571828436701,9
3767804,9.757494660932394,12
3767815,9.78507059792734,11
3767817,9.971139504181203,2
3767827,9.80184616691529,10
3767841,9.701588877753693,14
3767846,9.929967199568528,5
3767847,9.98857872928707,1
3767851,9.952001438575486,4
3767866,9.621940875838336,15
3767872,9.902670887586684,6
3767886,9.696652628448392,14
3767895,9.83042584935411,9
3767911,9.713680638588606,16
3767912,9.989638749970716,1
3767920,9.851893314541693,8
3767929,9.814223042160066,9
3767939,9.813100459764874,10
3767949,9.813306295026445,10
3767958,9.807366171622498,9
3767969,9.75116099458977,11
3767979,9.809799097495839,10
3767996,9.5819364006873,17
3767997,10.0,1
3767999,9.979871792640184,2
3768013,9.692863883780873,14
3768018,9.936454568793648,5
3768028,9.8018210179327,10
3768029,10.0,1
3768039,9.687278908606967,10
3768040,9.99270418664325,1
3768049,9.786675140077243,9
3768055,9.894821283434824,6
3768063,9.62845588473621,8
3768078,9.724326647388182,15
3768093,9.665446475669986,15
3768102,9.830943848248802,9
3768115,9.744189555913639,13
3768120,9.90365686966967,5
3768128,9.834648333725616,8
3768134,9.888573906246542,6
3768150,9.592918219698717,16
3768161,9.779541917396404,11
3768168,9.892945885122232,7
3768172,9.936427297225917,4
3768179,9.875837584996527,7
3768189,9.823020924817135,10
3768199,9.770816490119993,10
3768208,9.829865952668118,9
3768217,9.722411369832564,9
3768225,9.838660850888271,8
3768233,9.8444992515933,8
3768247,9.662971315662816,14
3768253,9.88071180786664,6
3768264,9.748131019403337,11
3768272,9.838875777629994,8
3768285,9.70585686908936,13
3768300,9.685992389908389,15
3768305,9.897590997823924,5
3768308,9.95603147278875,3
3768318,9.802943816131208,10
3768321,9.959324971468297,3
3768328,9.8510323511654,7
3768338,9.836280477753636,10
3768352,9.674539291864663,14
3768367,9.684096554393191,15
3768375,9.835798469046209,8
3768378,9.9497718729399,3
3768388,9.804839056286879,10
3768402,9.695044421297174,14
3768407,9.905814519339234,5
3768408,10.0,1
3768415,9.875049220841337,7
3768428,9.710612862591871,13
3768433,9.811956073036196,5
3768436,9.965684859706085,3
3768446,9.789105418232174,10
3768447,10.0,1
3768453,9.908131311911294,6
3768457,9.93782539482762,4
3768467,9.769235382461012,10
3768468,9.996329367666101,1
3768473,9.922934689146475,5
3768484,9.794054973832823,11
3768497,9.737811976001426,13
3768501,9.943661653402653,4
3768506,9.901866836291859,5
3768712,-71.5087582091262,206
3768718,9.08047223778528,6
3768727,9.819111434738343,9
3768737,9.79616837360009,10
3768748,9.563998874172881,11
3768749,10.0,1
3768754,9.905127088926088,5
3768755,10.0,1
3768758,9.967062291637783,3
3768773,9.63574800167921,15
3768778,9.923387662720438,5
3768779,9.996226758378851,1
3768788,9.829924083209827,9
3768794,9.907550071411876,6
3768802,9.839902050055365,8
3768806,9.937492336181409,4
3768817,9.791774599746137,11
3768822,9.911721781276096,5
3768826,9.944786256834963,4
3768833,9.870440164810482,7
3768841,9.830406683937497,8
3768848,9.862697945774647,7
3768858,9.789132426795872,10
3768873,9.672197994858955,15
3768878,9.914590517038178,5
3768889,9.745461369782948,11
3768904,9.591473664841983,15
3768905,10.0,1
3768908,9.96713526191331,3
3768915,9.856219386039834,7
3768924,9.84573254814023,9
3768934,9.800769232056538,10
3768942,9.839857933984137,8
3768945,9.957379070637707,3
3768951,9.924531838579632,6
3768973,9.497745798985395,22
3768987,9.683456244777616,14
3768997,9.794229186879793,10
3769007,9.800934913210071,10
3769010,9.964211065045907,3
3769022,9.739959527883036,12
3769025,9.964514044158275,3
3769034,9.849805511754871,9
3769038,9.934241804699747,4
3769046,9.85221187108991,8
3769064,9.6308861419541,18
3769070,9.886378684789412,6
3769082,9.707053913737917,12
3769090,9.838365580459705,8
3769091,10.0,1
3769096,9.937155323610902,5
3769118,8.143924397358981,22
3769124,9.897991480772363,6
3769125,10.0,1
3769135,9.610258722547915,10
3769141,9.907558504682182,6
3769154,9.693075808963927,13
3769158,9.937016737292868,4
3769159,10.0,1
3769170,9.781203340538399,11
3769176,9.87961064309109,6
3769185,9.83018580945085,9
3769186,10.0,1
3769200,9.694001548644975,14
3769213,9.741995363428488,13
3769214,9.991624572086655,1
3769221,9.759671111745533,7
3769222,10.0,1
3769231,9.797218279799152,9
3769243,9.717592713333687,12
3769254,9.796589073831518,11
3769262,9.85696609105865,8
3769271,9.8151894662911,9
3769273,9.970383366082864,2
3769275,9.981762055396516,2
3769276,9.98863738118675,1
3769281,9.905983177383655,5
3769292,9.803775554838161,11
3769299,9.87474764178323,7
3769303,9.940037784916656,4
3769310,9.883264606204442,7
3769317,9.876396538230873,7
3769318,9.992413590891136,1
3769323,9.894298667731046,5
3769330,9.888058110728679,7
3769331,10.0,1
3769339,9.837002999102358,8
3769347,9.827911872451216,8
3769360,9.72131206784519,13
3769371,9.747413876454281,11
3769380,9.822734357507002,9
3769381,10.0,1
3769387,9.898056820590856,6
3769395,9.855853889320175,8
3769401,9.917808285410805,6
3769406,9.897256060617863,5
3769416,9.775156249175145,10
3769426,9.826505691913775,10
3769434,9.863682498162396,8
3769446,9.75214848849805,12
3769452,9.796296316373594,6
3769459,9.88279047297336,7
3769472,9.737380082569285,13
3769483,9.809740489541205,11
3769485,9.975041754816488,2
3769498,9.747939015223988,13
3769508,9.812281316300886,10
3769516,9.855208531479972,8
3769525,9.80534580666529,9
3769536,9.735758571405203,11
3769541,9.91728358357615,5
3769553,9.772718877162063,12
3769556,9.96240848967043,3
3769567,9.768636199187213,11
3769575,9.85059582212764,8
3769582,9.86394059176474,7
3769592,9.774519916933427,10
3769607,9.652136910807636,15
3769611,9.937039358615225,4
3769612,10.0,1
3769615,9.961310447973514,3
3769628,9.704494963189122,13
3769631,9.955087545216132,3
3769637,9.889339821988422,6
3769647,9.76133869674569,10
3769648,9.996409110657394,1
3769656,9.82946248241559,8
3769674,9.227249566291258,18
3769683,9.785787436423753,9
3769690,9.893934575443794,7
3769701,9.78924650542628,11
3769709,9.862015663916582,8
3769715,9.9140920897955,6
3769717,9.972678936669691,2
3769722,9.908047177200425,5
3769733,9.766880301597046,11
3769746,9.715913991505866,13
3769753,9.872227926077823,7
3769754,10.0,1
3769758,9.949874544826674,4
3769759,10.0,1
3769763,9.94924415898168,4
3769768,9.90832419260697,5
3769769,9.996245403198376,1
3769775,9.912665390701767,6
3769785,9.76905938375663,10
3769792,9.867850859486307,7
3769799,9.8846203626997,7
3769800,10.0,1
3769813,9.705575879660184,13
3769822,9.79833932780248,9
3769833,9.766056777376455,11
3769841,9.84477705252745,8
3769852,9.768400497426098,11
3769863,9.777419254858343,11
3769878,9.656734941878975,15
3769880,9.977738205697374,2
3769888,9.86770780492166,8
3769896,9.860590507126727,8
3769913,9.603596757122691,17
3769916,9.964559497094086,3
3769930,9.735080573952166,14
3769934,9.94407712120785,4
3769950,9.64313065133391,16
3769951,10.0,1
3769964,9.707054924689805,13
3769969,9.926783928846522,5
3769978,9.82552051526204,9
3769980,9.976651668795473,2
3769988,9.8581880654711,8
3769991,9.95587831190912,3
3770003,9.77714333024311,12
3770006,9.954518036903663,3
3770008,9.97154326881016,2
3770009,9.9959485630403,1
3770017,9.85871012943788,8
3770029,9.733090980105409,12
3770031,9.973483465833679,2
3770032,10.0,1
3770038,9.902341040969246,6
3770044,9.879283967311427,6
3770045,9.988613832725806,1
3770056,9.750183103051642,11
3770061,9.917950087510764,5
3770068,9.851436448210602,7
3770077,9.845125199196097,9
3770089,9.740837221308796,12
3770092,9.956861514668748,3
3770093,9.992413530027273,1
3770099,9.886130160514236,6
3770116,9.595105272043519,17
3770117,10.0,1
3770125,9.854086598889205,8
3770131,9.881341848445674,6
3770133,9.984768236937906,2
3770143,9.775694963290965,10
3770147,9.945216257113032,4
3770159,9.749441293747747,12
3770170,9.75796973736868,11
3770171,10.0,1
3770177,9.885388093748826,6
3770190,9.718634158487752,13
3770209,9.583254232522812,19
3770225,9.635841666092656,16
3770236,9.757143866506048,11
3770245,9.823403332389974,9
3770248,9.96357353949984,3
3770258,9.79283923890917,10
3770266,9.820820973877161,8
3770279,9.703825273097067,13
3770284,9.918343264224657,5
3770295,9.772639682375509,11
3770303,9.868526409853674,8
3770305,9.969714949078428,2
3770310,9.925044507086097,5
3770327,9.60402681884534,17
3770328,10.0,1
3770332,9.942728420402561,4
3770337,9.930754483338331,5
3770351,9.691715133848973,14
3770362,9.747798012370671,11
3770371,9.821094801395937,9
3770389,9.66011449024969,18
3770401,9.743318722598517,12
3770406,9.900959148098522,5
3770411,9.919126919863755,5
3770429,9.593308760380967,18
3770440,9.763730149213288,11
3770449,9.79139912144777,9
3770459,9.798880535683322,10
3770473,9.722469704916334,14
3770479,9.881782328614118,6
3770480,10.0,1
3770488,9.831042906451854,8
3770494,9.895985212095459,6
3770497,9.969448341090402,3
3770505,9.81462004876655,8
3770509,9.94451333383,4
3770519,9.7735023761189,10
3770535,9.620876271297284,16
3770546,9.755124587452947,11
3770557,9.805462095206998,11
3770558,10.0,1
3770568,9.818218518391781,10
3770573,9.909406407967555,5
3770578,9.908982910814073,5
3770592,9.689080475822296,14
3770597,9.92354137271778,5
3770608,9.776587538132514,11
3770613,9.913689282323274,5
3770621,9.855347450239677,8
3770626,9.921108832952315,5
3770637,9.758934700186375,11
3770645,9.852054683704186,8
3770655,9.823541777526792,10
3770661,9.913142721799414,6
3770678,9.592842578910833,17
3770686,9.841389593643962,8
3770693,9.87792615218117,7
3770703,9.791616909604492,10
3770704,9.989048179041559,1
3770715,9.752066390267617,11
3770796,7.666479626728377,81
3770813,9.6014561978418,17
3770824,9.749913127741403,11
3770831,9.86875462314263,7
3770835,9.928925132258593,4
3770849,9.68472068969667,14
3770860,9.790204535919537,11
3770864,9.944306370471192,4
3770865,10.0,1
3770866,10.0,1
3770884,9.521718398955434,18
3770890,9.89933412889075,6
3770900,9.77905986940527,10
3770902,9.98231560426291,2
3770910,9.875171678778038,8
3770919,9.850550316418342,9
3770923,9.933935388462917,4
3770927,9.937547225187803,4
3770936,9.808051344037953,9
3770937,10.0,1
3770940,9.956375850914021,3
3770959,9.706819025100984,19
3770967,9.867712802511512,8
3770985,9.441026320074103,18
3770987,9.97580282643996,2
3770993,9.87768990810791,6
3771002,9.800496531943674,9
3771014,9.745086402798272,12
3771023,9.815874427611478,9
3771033,9.791859952263279,10
3771044,9.753756430618003,11
3771052,9.836707652348526,8
3771062,9.776322362767692,10
3771070,9.861990935762421,8
3771074,9.92884980063147,4
3771080,9.894857020130308,6
3771083,9.961849191529708,3
3771103,9.518971581105346,20
3771115,9.73270200056485,12
3771130,9.630752623547405,15
3771138,9.830125881485408,8
3771149,9.780970883937124,11
3771161,9.746834935721127,12
3771167,9.906979209785199,6
3771168,10.0,1
3771176,9.82809389866681,8
3771177,10.0,1
3771184,9.87681539101455,7
3771190,9.901752640400398,6
3771191,10.0,1
3771192,9.991944177947815,1
3771197,9.924632923911526,5
3771199,9.978538159358234,2
3771212,9.712780119270127,13
3771222,9.844017104462244,10
3771226,9.943507322175552,4
3771237,9.774157877614678,11
3771250,9.70466714316546,13
3771265,9.651557025180974,15
3771274,9.791161695042472,9
3771279,9.925648666924296,5
3771280,9.989218432878214,1
3771285,9.91691362414225,5
3771290,9.91387020976929,5
3771303,9.701598665306598,13
3771311,9.82070757367143,8
3771315,9.944280139507471,4
3771320,9.93339639328087,5
3771328,9.852421681198049,8
3771335,9.886476568115574,7
3771338,9.949204870553455,3
3771344,9.881695418228318,6
3771350,9.893705463864984,6
3771363,9.72750732568068,13
3771373,9.79941158864745,10
3771385,9.717694511971315,12
3771396,9.789630656029287,11
3771414,9.608141008115588,18
3771424,9.793165093849913,10
3771429,9.922660728123029,5
3771431,9.974282743229475,2
3771436,9.93325375224557,5
3771439,9.966058786849402,3
3771445,9.898853842383605,6
3771455,9.78646344578279,10
3771458,9.968460906311707,3
3771469,9.761927977186337,11
3771475,9.907710097718459,6
3771485,9.802232922786015,10
3771500,9.663066518831634,15
3771513,9.722985952899034,13
3771520,9.87663563532972,7
3771531,9.80094770361251,11
3771534,9.957009947359152,3
3771543,9.804952766019952,9
3771553,9.79048008540169,10
3771569,9.611912573928125,16
3771585,9.64212696934943,16
3771596,9.780411882735534,11
3771608,9.750213848430304,12
3771609,10.0,1
3771621,9.768171988020104,12
3771622,10.0,1
3771636,9.663056457328725,14
3771643,9.854810710484164,7
3771663,9.500704491383447,20
3771671,9.866357356896538,8
3771676,9.919277707326133,5
3771681,9.913500666992384,5
3771688,9.87474292128403,7
3771697,9.820138434095295,9
3771704,9.859637150145009,7
3771708,9.949626310257981,4
3771713,9.902920562580272,5
3771735,9.49622765469167,22
3771751,9.608784881315158,16
3771762,9.73510144348072,11
3771776,9.683523344123373,14
3771784,9.8520111352301,8
3771785,9.98799865716314,1
3771796,9.771097442977137,11
3771802,9.895856394028534,6
3771808,9.911584531688357,6
3771817,9.711949922391868,9
3771823,9.902155676621476,6
3771826,9.967959045879129,3
3771833,9.863440205451624,7
3771843,9.791666966004138,10
3771852,9.812364244496418,9
3771856,9.937261598376644,4
3771867,9.760118847991132,11
3771876,9.828391602560515,9
3771886,9.82493120479273,10
3771893,9.854632730616087,7
3771904,9.728731665973607,11
3771913,9.83401029261844,9
3771917,9.95248820478309,4
3771932,9.666312240229603,15
3771940,9.827836662123916,8
3771946,9.904532844295252,6
3771956,9.800388373612545,10
3771969,9.706093934995637,13
3771970,10.0,1
3771978,9.834586541548527,8
3771979,9.989004101748849,1
3771990,9.76326396971537,11
3772002,9.751908993255016,12
3772008,9.903291512879239,6
3772016,9.840284251724864,8
3772023,9.901138726039262,7
3772026,9.964318606325294,3
3772033,9.88230329031189,7
3772038,9.923818417192072,5
3772046,9.833150717397814,8
3772053,9.860334070354767,7
3772054,10.0,1
3772062,9.860521646388092,8
3772077,9.661989453703235,15
3772096,9.640733428012188,19
3772105,9.824792244374883,9
3772110,9.922612358772989,5
3772112,9.976048450705855,2
3772113,9.996493721355609,1
3772125,9.726257393830604,12
3772131,9.888883038970388,6
3772134,9.955793217881823,3
3772141,9.873774767210142,7
3772142,10.0,1
3772143,10.0,1
3772149,9.892492235970721,6
3772155,9.804714212522725,6
3772160,9.901988121408198,5
3772163,9.965053283902543,3
3772174,9.78663570472888,11
3772180,9.802166354434789,6
3772185,9.914663618026273,5
3772189,9.92721464674324,4
3772190,10.0,1
3772199,9.801242018144936,9
3772209,9.764543834732997,10
3772215,9.906617666654897,6
3772225,9.775206698200078,10
3772233,9.818502102250566,8
3772234,10.0,1
3772238,9.927936422774994,4
3772250,9.754259728325255,12
3772251,10.0,1
3772260,9.82470296317632,9
3772261,10.0,1
3772275,9.714243304230262,14
3772282,9.878279852621812,7
3772283,10.0,1
3772293,9.804293262493719,10
3772308,9.674222118473569,15
3772312,9.93254099436601,4
3772323,9.753658410607422,11
3772341,9.584748185761587,18
3772350,9.814679138615176,9
3772357,9.869365607252197,7
3772372,9.663800392341589,15
3772394,9.508171207405185,22
3772407,9.721164710218114,13
3772420,9.702920165043897,13
3772421,10.0,1
3772434,9.73312776960061,13
3772444,9.791180896481274,10
3772460,9.664110142120604,16
3772473,9.743577154644564,13
3772479,9.904118087821029,6
3772494,9.661173647706065,15
3772497,9.94773852395968,3
3772505,9.84773099199506,8
3772513,9.882229029329606,8
3772519,9.881917446124387,6
3772526,9.781790102238634,7
3772534,9.85014084787662,8
3772545,9.767690350622143,11
3772559,9.66374154575906,14
3772572,9.702647504989075,13
3772583,9.748560566533664,11
3772584,10.0,1
3772596,9.770155231950191,12
3772608,9.748408856065701,12
3772617,9.817761422575991,9
3772624,9.857071968892654,7
3772627,9.96706931644438,3
3772633,9.903716534576926,6
3772634,10.0,1
3772647,9.681713650496519,13
3772657,9.811667474538686,10
3772669,9.76128418848588,12
3772680,9.756763216132434,11
3772683,9.967604359882031,3
3772694,9.762141525137999,11
3772704,9.796384473676305,10
3772718,9.671812364203307,14
3772730,9.736619372283204,12
3772747,9.679655115511252,17
3772748,10.0,1
3772762,9.647089380102845,14
3772773,9.773542310447876,11
3772774,10.0,1
3772775,10.0,1
3772788,9.71974714356414,13
3772798,9.783833185286312,10
3772814,9.66570797992602,16
3772816,9.975498816756462,2
3772839,9.599517052102442,23
3772841,9.976549192351847,2
3772852,9.741442473285389,11
3772861,9.843060588131365,9
3772866,9.932865163909426,5
3772871,9.917390838740939,5
3772880,9.813897447677887,9
3772886,9.910937280988215,6
3772894,9.850240053289372,8
3772904,9.801833519841344,10
3772920,9.660476990782202,16
3772924,9.937675230823473,4
3772925,9.996395086258053,1
3772935,9.808071230379815,10
3772949,9.709747861170081,14
3772954,9.931575476655764,5
3772970,9.65394877705895,16
3772975,9.918884089436007,5
3772977,9.977496143406396,2
3772991,9.69324809299232,14
3773001,9.780546318216532,10
3773002,9.996361368241068,1
3773003,9.992916683377501,1
3773015,9.732899652644326,12
3773025,9.601068249525174,10
3773037,9.741027394544792,12
3773068,9.572250633774017,31
3773082,9.693261244386704,14
3773094,9.732405754139426,12
3773104,9.780447894151969,10
3773105,9.988882872713676,1
3773112,9.860610100865431,7
3773127,9.554328290205369,15
3773128,10.0,1
3773134,9.890109607494622,6
3773142,9.882081968630736,8
3773149,9.889589340952583,7
3773150,10.0,1
3773154,9.937958589998155,4
3773166,9.743747467012938,12
3773170,9.925857632770642,4
3773176,9.87345735021434,6
3773179,9.951904639562661,3
3773182,9.964112560730358,3
3773195,9.712873350305783,13
3773209,9.683507172273385,14
3773219,9.777003963357018,10
3773227,9.843196520036763,8
3773237,9.782400933037819,10
3773253,9.6963999520002,16
3773264,9.75747698623765,11
3773274,9.795166403172326,10
3773284,9.80136021277761,10
3773295,9.77019307225609,11
3773297,9.875667877715916,2
3773314,9.586317348691521,17
3773325,9.779367019165017,11
3773329,9.939287154386037,4
3773339,9.783478756392991,10
3773340,10.0,1
3773353,9.719380349221755,13
3773359,9.905379683379213,6
3773360,10.0,1
3773368,9.85229947507694,8
3773377,9.832961428665193,9
3773378,10.0,1
3773379,9.993498121848612,1
3773386,9.89411759328868,7
3773393,9.861914325927097,7
3773402,9.820986635001168,9
3773405,9.955772241393532,3
3773406,9.993228981977753,1
3773415,9.8270375668946,9
3773422,9.884807671896104,7
3773430,9.821702381375841,8
3773439,9.817395227443999,9
3773445,9.885784006188238,6
3773452,9.860379401010022,7
3773453,9.996580253364774,1
3773461,9.854802333069216,8
3773468,9.868370145432854,7
3773469,10.0,1
3773472,9.960098194129639,3
3773482,9.793207994729437,10
3773494,9.708931166476873,12
3773495,10.0,1
3773496,10.0,1
3773507,9.743806979022652,11
3773517,9.809628654604694,10
3773530,9.718217587951813,13
3773540,9.8002485904401,10
3773549,9.817371797887027,9
3773552,9.968600740725394,3
3773564,9.767944291750736,12
3773572,9.854888216762925,8
3773587,9.698675854967325,15
3773600,9.77396824131368,13
3773608,9.848865243083436,8
3773614,9.896399921388072,6
3773626,9.73184172498508,12
3773634,9.820994760661362,8
3773635,10.0,1
3773638,9.954996567562723,3
3773654,9.670486653591196,16
3773665,9.649425792706774,11
3773666,9.989315856307183,1
3773673,9.848898607564955,7
3773679,9.879333449324882,6
3773688,9.822512596134043,9
3773695,9.871590499191722,7
3773705,9.786493327513043,10
3773706,10.0,1
3773719,9.718267649230599,13
3773724,9.930509500651562,5
3773732,9.880063801593222,8
3773738,9.879794951885646,6
3773748,9.688083938055987,10
3773766,9.604069948508158,18
3773773,9.876469953682642,7
3773778,9.925227547950131,5
3773790,9.793928562916122,12
3773799,9.819305113589774,9
3773808,9.805719299842064,9
3773817,9.734634085041009,9
3773832,9.669213103956038,15
3773836,9.939152631642495,4
3773839,9.963086065752195,3
3773848,9.797168853712224,9
3773855,9.856587044941634,7
3773866,9.780545610538342,11
3773870,9.943733873301962,4
3773871,10.0,1
3773876,9.920835998574255,5
3773881,9.917515237691557,5
3773889,9.835447876735863,8
3773896,9.868517103104121,7
3773906,9.798432958698234,10
3773914,9.864057468892069,8
3773925,9.759485817008098,11
3773931,9.906062936417923,6
3773932,10.0,1
3773942,9.812638606693794,10
3773950,9.838571733206692,8
3773967,9.635007935171197,17
3773978,9.793421447029596,11
3773986,9.842480604103507,8
3773993,9.871187349270624,7
3774000,9.862221881331273,7
3774008,9.854516241492982,8
3774011,9.950834624254135,3
3774012,9.996366862000176,1
3774020,9.839081857343253,8
3774029,9.795559749526717,9
3774039,9.767044083129367,10
3774056,9.603126875540694,17
3774062,9.902233217342305,6
3774070,9.836815523909372,8
3774086,9.659347885746927,16
3774090,9.931472785652296,4
3774101,9.749439583741994,11
3774112,9.741731161646685,11
3774119,9.87189740325402,7
3774128,9.805498249862403,9
3774132,9.934666300395415,4
3774138,9.891362558253363,6
3774144,9.902395785207721,6
3774154,9.792823713391456,10
3774161,9.859425963648215,7
3774171,9.822358313575894,10
3774182,9.762805117219047,11
3774193,9.77885876966674,11
3774194,10.0,1
3774198,9.93954655985619,4
3774212,9.6987024903254,14
3774225,9.730341293902239,13
3774238,9.724304451221888,13
3774249,9.78381734760164,11
3774258,9.841753030003375,9
3774259,10.0,1
3774265,9.885798048649187,6
3774266,9.989891773045883,1
3774273,9.868384842650086,7
3774279,9.893697567003981,6
3774291,9.7154781865548,12
3774305,9.695327125451415,14
3774311,9.901576668390845,6
3774315,9.942254757387586,4
3774317,9.970603927890975,2
3774318,10.0,1
3774322,9.95229841158262,4
3774326,9.942759857140015,4
3774332,9.893703724229399,6
3774341,9.814322107868449,9
3774351,9.779939958757119,10
3774360,9.810018435331612,9
3774365,9.915282053697004,5
3774367,9.973439906973173,2
3774370,9.949752521622354,3
3774381,9.74894765866099,11
3774387,9.897513976362351,6
3774392,9.930026265123626,5
3774398,9.888380361576926,6
3774399,10.0,1
3774411,9.726347597254446,12
3774412,9.987806777758212,1
3774420,9.82578940241823,8
3774430,9.78856219411389,10
3774439,9.840620774960302,9
3774440,9.99240804574884,1
3774453,9.724086516717314,13
3774458,9.911661231950092,5
3774469,9.742488935767962,11
3774473,9.925029456352867,4
3774474,9.989571552585572,1
3774482,9.854225928801585,8
3774494,9.746895972387088,12
3774498,9.940981655273635,4
3774499,10.0,1
3774503,9.942902872677546,4
3774513,9.787197551156645,10
3774523,9.780157053254069,10
3774534,9.776229302532856,11
3774542,9.858028534388053,8
3774555,9.707844269998693,13
3774564,9.829292350371727,9
3774576,9.733973427352339,12
3774580,9.943535896777997,4
3774591,9.764289858776083,11
3774605,9.694420042729465,14
3774612,9.853549434812427,7
3774620,9.846618886221462,8
3774623,9.95992064347028,3
3774632,9.836132342822143,9
3774638,9.87952734121096,6
3774649,9.742505706764812,11
3774656,9.859897355940474,7
3774666,9.817135295898256,10
3774671,9.912612565268851,5
3774680,9.829899423874009,9
3774691,9.75362957334285,11
3774700,9.839971371701713,9
3774708,9.839939551498635,8
3774717,9.825842781029408,9
3774723,9.901774252439026,6
3774734,9.799112265555127,11
3774741,9.876862361324989,7
3774749,9.850014001488978,8
3774757,9.861083561083406,8
3774769,9.727502758321714,12
3774776,9.87501543974787,7
3774787,9.74954241999887,11
3774794,9.860412404156722,7
3774804,9.784701910369948,10
3774805,10.0,1
3774813,9.848661278990146,8
3774828,9.686377422188713,15
3774835,9.847315753867772,7
3774853,9.5726850913198,18
3774854,10.0,1
3774856,9.97849775153511,2
3774868,9.735138905741533,12
3774871,9.95532348969365,3
3774877,9.90851530781851,6
3774886,9.817330733938629,9
3774892,9.888778884329103,6
3774900,9.838900725352747,8
3774906,9.91910304832139,6
3774918,9.732113793460991,12
3774924,9.88467552095275,6
3774927,9.963728027736433,3
3774930,9.954763437384425,3
3774946,9.531620472332804,16
3774955,9.796917469765628,9
3774956,10.0,1
3774965,9.826771692580657,9
3774982,9.569841489085688,17
3774991,9.822340047622227,9
3774997,9.894905589725633,6
3775003,9.882747890102355,6
3775009,9.894256859035158,6
3775016,9.871289582668316,7
3775027,9.773208164377564,11
3775035,9.857523234890362,8
3775047,9.706506397246168,12
3775056,9.829109186067441,9
3775069,9.758258817308615,13
3775074,9.927469896851644,5
3775082,9.851481273391421,8
3775090,9.846322833160997,8
3775103,9.753613522813412,13
3775107,9.943779518288872,4
3775112,9.916162374425191,5
3775115,9.963733286024375,3
3775123,9.842159681968312,8
3775137,9.738125397091519,14
3775149,9.718807144353867,12
3775157,9.845355493796262,8
3775167,9.803063991372184,10
3775175,9.850452262256908,8
3775191,9.622648794182215,16
3775209,9.54478222609042,18
3775218,9.839801617084493,9
3775225,9.849498915752188,7
3775232,9.859479590618205,7
3775254,9.44980530481927,22
3775266,9.763549531130325,12
3775279,9.791212011506271,13
3775287,9.847731834099854,8
3775297,9.787443563133998,10
3775305,9.846939420655566,8
3775315,9.791886623596861,10
3775326,9.76355356633719,11
3775327,10.0,1
3775335,9.831665159768049,8
3775345,9.79689502746172,10
3775348,9.956135221402386,3
3775354,9.88648808955218,6
3775365,9.771154810787362,11
3775377,9.753659306340522,12
3775387,9.799613192848106,10
3775399,9.727286160026674,12
3775410,9.77639673057493,11
3775414,9.940536793609194,4
3775418,9.933320400405098,4
3775428,9.81041937651763,10
3775436,9.84769620828824,8
3775440,9.946233694636055,4
3775449,9.851324669417805,9
3775464,9.63237513408619,15
3775474,9.771122318253603,10
3775485,9.776721523674807,11
3775487,9.978090242929623,2
3775494,9.857221504105391,7
3775500,9.891145307211142,6
3775506,9.900340236823302,6
3775518,9.725325783123859,12
3775528,9.580337136807215,10
3775534,9.909252612609814,6
3775543,9.819893018139574,9
3775552,9.815623265499779,9
3775565,9.654208881859253,13
3775574,9.817851812672759,9
3775585,9.791193737996322,11
3775586,9.995991705878598,1
3775587,10.0,1
3775590,9.963653985723852,3
3775612,9.541929365656184,22
3775615,9.96483679871471,3
3775625,9.766463369820434,10
3775634,9.799865494329703,9
3775646,9.724232565086444,12
3775651,9.928223957592728,5
3775658,9.875535299658265,7
3775663,9.908944004955842,5
3775664,10.0,1
3775673,9.83317613078458,9
3775676,9.96464440962466,3
3775690,9.663638744516886,14
3775699,9.843978390054858,9
3775706,9.853024638385346,7
3775715,9.831305467461547,9
3775723,9.827697580891567,8
3775725,9.97167498836099,2
3775727,9.985428186201121,2
3775735,9.840815377293987,8
3775741,9.907636142295695,6
3775743,9.981770333024443,2
3775750,9.866256685861336,7
3775756,9.894561360192485,6
3775767,9.600186988178237,11
3775779,9.745366703887584,12
3775782,9.966683404984964,3
3775784,9.974668044550743,2
3775797,9.724041192360808,13
3775805,9.84783147820747,8
3775821,9.641380062516662,16
3775825,9.93650614840863,4
3775834,9.828485572878158,9
3775841,9.867251681198928,7
3775852,9.756624891943822,11
3775864,9.72472548251229,12
3775868,9.93579597490445,4
3775869,10.0,1
3775874,9.920033000675257,5
3775878,9.842814297930675,4
3775891,9.717757569769597,13
3775896,9.915108498713925,5
3775909,9.7051380666824,13
3775923,9.677454389215665,14
3775935,9.77476136738481,12
3775942,9.883095191735102,7
3775953,9.785979899806273,11
3775964,9.769000100200797,11
3775980,9.672866009606565,16
3775992,9.780255237272916,12
3776000,9.847307914360286,8
3776011,9.778132351481425,11
3776027,9.702640079841855,16
3776042,9.652788085580573,15
3776044,9.969977106451145,2
3776049,9.902067374445123,5
3776050,10.0,1
3776061,9.784901069637053,11
3776071,9.81526454014098,10
3776082,9.770267201907064,11
3776088,9.899092893192531,6
3776095,9.859907947542833,7
3776100,9.906129477964097,5
3776116,9.64131437752914,16
3776123,9.893139378626666,7
3776132,9.805318026653215,9
3776137,9.92404755098927,5
3776146,9.814845184656162,9
3776157,9.773176043418504,11
3776164,9.897210406078013,7
3776167,9.955620495303396,3
3776180,9.699291870860797,13
3776191,9.792868774989731,11
3776200,9.803687679437198,9
3776206,9.900824239176627,6
3776210,9.950178654087836,4
3776223,9.700460287640043,13
3776236,9.715874154249656,13
3776249,9.716780686121782,13
3776261,9.746397994398988,12
3776269,9.821366793504103,8
3776272,9.957640781090712,3
3776281,9.844194225618487,9
3776290,9.826533982584424,9
3776299,9.823085117690715,9
3776306,9.865182373394179,7
3776313,9.88885900602118,7
3776325,9.732269969303367,12
3776333,9.556253120492709,8
3776352,9.29481691754545,19
3776364,9.751855724310893,12
3776370,9.891206921137227,6
3776373,9.96923915093008,3
3776386,9.71818225666571,13
3776391,9.905010536956922,5
3776398,9.869456856440934,7
3776403,9.91510153783491,5
3776413,9.795257882655635,10
3776422,9.83702335603598,9
3776431,9.712290282148833,9
3776442,9.756589259778618,11
3776454,9.72092881359776,12
3776459,9.903500774866371,5
3776469,9.78858779290746,10
3776480,9.766191998520586,11
3776489,9.812620892449342,9
3776500,9.746195532109084,11
3776505,9.921616639098879,5
3776515,9.797399467720409,10
3776527,9.717748564022505,12
3776535,9.865916360084334,8
3776545,9.793194237716694,10
3776555,9.826321202074542,10
3776559,9.927275961989187,4
3776567,9.820878881155588,8
3776570,9.955046652625207,3
3776583,9.704024764934466,13
3776587,9.93668144355993,4
3776595,9.851599580534462,8
3776603,9.864650448800319,8
3776608,9.911266076891318,5
3776622,9.69125915428456,14
3776628,9.898132726721457,6
3776639,9.760687562708565,11
3776652,9.709844769775712,13
3776658,9.875176902505961,6
3776662,9.949485380639343,4
3776664,9.972615466918471,2
3776674,9.78627441840727,10
3776680,9.592466080744224,6
3776688,9.849505478830636,8
3776694,9.900459575320218,6
3776703,9.812005749060832,9
3776721,9.596118130697231,18
3776730,9.839420601450266,9
3776745,9.639785001156309,15
3776757,9.739945284462982,12
3776763,9.894121114958999,6
3776769,9.669558385754302,6
3776775,9.891313743298806,6
3776778,9.954640847401473,3
3776795,9.61561672432917,17
3776806,9.754486180339626,11
3776819,9.724830060716462,13
3776827,9.838927898748885,8
3776833,9.890116297088591,6
3776843,9.777678851160001,10
3776854,9.76776120740239,11
3776865,9.747380331460686,11
3776874,9.806342173168396,9
3776885,9.76390767017139,11
3776892,9.887856822707871,7
3776897,9.908095317072473,5
3776906,9.834266561697001,9
3776917,9.789378945539358,11
3776932,9.641510127205994,15
3776938,9.891587037244182,6
3776939,10.0,1
3776948,9.819555379861002,9
3776957,9.829588897367174,9
3776964,9.884710731507365,7
3776976,9.72066468589189,12
3776987,9.743010373848092,11
3776997,9.81652013685538,10
3776999,9.978668110203435,2
3777010,9.769472648903726,11
3777028,9.587530446861724,18
3777030,9.974078570944265,2
3777036,9.87232654090556,6
3777044,9.861692743504227,8
3777054,9.785583605251553,10
3777066,9.756381838979205,12
3777072,9.896140535070538,6
3777084,9.721389994561612,12
3777091,9.861933952025247,7
3777092,10.0,1
3777099,9.880712308053369,7
3777105,9.880714215202085,6
3777115,9.825769258128348,10
3777118,9.959283803497359,3
3777124,9.893086494180759,6
3777133,9.79223142667741,9
3777144,9.764905513068868,11
3777155,9.783741771085026,11
3777164,9.807245003387118,9
3777176,9.581783424626252,12
3777187,9.744839995605474,11
3777194,9.874321464762296,7
3777202,9.829904266196527,8
3777209,9.876059941713015,7
3777222,9.707701930346136,13
3777226,9.949636661360971,4
3777229,9.952830267027114,3
3777236,9.88410852612215,7
3777246,9.809393901005736,10
3777247,9.992369538788664,1
3777264,9.591502427012376,17
3777273,9.793445946133005,9
3777283,9.800547792675985,10
3777297,9.660220821031935,14
3777302,9.905153567844774,5
3777313,9.78589909042039,11
3777325,9.7717328579513,12
3777331,9.91725024291304,6
3777333,9.975745976370744,2
3777342,9.810975279379146,9
3777346,9.941308686648037,4
3777357,9.771257225927528,11
3777364,9.881048472902462,7
3777372,9.870304482873465,8
3777381,9.811109773322704,9
3777391,9.76262496030455,10
3777392,9.996353775951368,1
3777400,9.860124362608484,8
3777405,9.911930358697806,5
3777413,9.84423563173459,8
3777416,9.967194897746074,3
3777421,9.924541077045427,5
3777428,9.88089682820838,7
3777434,9.917565896731967,6
3777435,10.0,1
3777442,9.840784664788655,7
3777450,9.834669226928904,8
3777454,9.928371240271815,4
3777457,9.955667348062216,3
3777472,9.640741644523725,15
3777475,9.9609824691915,3
3777481,9.899985017717043,6
3777497,9.679926639524789,16
3777505,9.74777881285307,8
3777506,10.0,1
3777510,9.940338411615041,4
3777521,9.841417910861626,11
3777530,9.820041909342699,9
3777534,9.928159907928503,4
3777536,9.979623053163714,2
3777546,9.790317208362197,10
3777557,9.762587088683667,11
3777569,9.746842732968334,12
3777586,9.595160405462368,17
3777595,9.810928950227005,9
3777602,9.894864289594901,7
3777612,9.803754397205255,10
3777617,9.912983155897738,5
3777629,9.757241267013834,12
3777634,9.924558381069714,5
3777635,10.0,1
3777644,9.814301143405823,9
3777656,9.739755160250713,12
3777668,9.744731858932358,12
3777679,9.752034287968758,11
3777683,9.950571224659745,4
3777687,9.938660050581946,4
3777695,9.847341554678275,8
3777696,9.993263669753256,1
3777697,10.0,1
3777704,9.876235766338134,7
3777714,9.77991832048323,10
3777715,9.989520879279073,1
3777716,10.0,1
3777726,9.782430397900795,10
3777727,10.0,1
3777735,9.84025654037863,8
3777746,9.773166878741518,11
3777757,9.761057093215937,11
3777760,9.949850999019452,3
3777770,9.789162528060855,10
3777778,9.835153849342207,8
3777793,9.677873396367033,15
3777801,9.838096023019107,8
3777807,9.89568259348918,6
3777808,10.0,1
3777817,9.840475841517534,9
3777825,9.879143973856518,8
3777832,9.89346759269579,7
3777839,9.888895536354827,7
3777844,9.902085931104951,5
3777848,9.93468619154991,4
3777858,9.800483885976245,10
3777865,9.860245349282243,7
3777875,9.788493669341166,10
3777883,9.842035548275637,8
3777890,9.859779533265524,7
3777905,9.693579339111697,15
3777911,9.88337066092799,6
3777921,9.793711085707207,10
3777936,9.667561438275863,15
3777943,9.874004625526254,7
3777946,9.964347091479762,3
3777957,9.738453615043683,11
3777966,9.817967128819783,9
3777967,10.0,1
3777980,9.715623081123677,13
3777981,10.0,1
3777988,9.855932372761766,7
3778000,9.71206305827885,12
3778007,9.865932798399703,7
3778016,9.599050385301073,9
3778025,9.822207861469927,9
3778026,9.996184987994601,1
3778034,9.850438531377044,8
3778043,9.83408291364577,9
3778044,9.996333872389652,1
3778054,9.776135460142788,10
3778062,9.846404950047202,8
3778073,9.776818993461044,11
3778088,9.65725517105543,15
3778089,10.0,1
3778095,9.896946201465454,6
3778103,9.839200060780259,8
3778104,10.0,1
3778110,9.885470700200594,6
3778117,9.87491465233805,7
3778124,9.88760996347068,7
3778125,10.0,1
3778131,9.899409028021404,6
3778145,9.67552938260373,14
3778153,9.861655659207566,8
3778154,9.992722598407232,1
3778159,9.91428040669586,5
3778160,10.0,1
3778161,10.0,1
3778164,9.956358404413358,3
3778165,10.0,1
3778167,9.977362553811108,2
3778179,9.755731835026701,12
3778183,9.947900143085713,4
3778187,9.95139159841478,4
3778195,9.828132420703556,8
3778207,9.739850948700616,12
3778217,9.811192640627919,10
3778220,9.96335554350329,3
3778221,10.0,1
3778230,9.816498638058652,9
3778237,9.864470446489042,7
3778255,9.594045882894255,18
3778256,9.996683312328523,1
3778263,9.865206295609513,7
3778275,9.75859404130212,12
3778277,9.974043535078666,2
3778281,9.936830395111041,4
3778289,9.845388890484031,8
3778297,9.851851198582416,8
3778306,9.805610174270067,9
3778322,9.678910960610713,16
3778327,9.91717825117457,5
3778333,9.887230405320501,6
3778335,9.970444279471154,2
3778346,9.77669484493442,11
3778360,9.688490876330388,14
3778367,9.87611771281826,7
3778369,9.972636187107254,2
3778381,9.754467010546234,12
3778382,10.0,1
3778396,9.70083385274202,14
3778404,9.833399153197302,8
3778411,9.861031574987393,7
3778428,9.592080976689024,17
3778433,9.89843530161527,5
3778448,9.689409716667306,15
3778461,9.607076738791978,13
3778462,10.0,1
3778470,9.855909098225837,8
3778474,9.946352448774272,4
3778484,9.80137902316501,10
3778497,9.688860100947652,13
3778505,9.860087771332925,8
3778518,9.689461468269545,13
3778530,9.765523933574485,12
3778534,9.94855453838231,4
3778538,9.947649928414807,4
3778546,9.839375071909442,8
3778556,9.774984117253894,10
3778563,9.868012701168634,7
3778565,9.973299023269526,2
3778573,9.843241156216285,8
3778577,9.93645876072596,4
3778587,9.782170483994134,10
3778595,9.827174280783623,8
3778603,9.837512689691414,8
3778611,9.876624349364299,8
3778619,9.851284217350564,8
3778626,9.869565656363482,7
3778645,9.545312974928661,19
3778656,9.729732757576194,11
3778665,9.813403084649098,9
3778676,9.751749983277186,11
3778688,9.726175704753064,12
3778692,9.94057490386911,4
3778701,9.836388367731367,9
3778709,9.835812091066453,8
3778724,9.711859110363916,15
3778734,9.797953993536032,10
3778742,9.859626398275969,8
3778753,9.79055065726175,11
3778761,9.825515632012804,8
3778773,9.769648868939914,12
3778784,9.643600551466358,11
3778785,10.0,1
3778797,9.77012182288389,12
3778808,9.766613240623453,11
3778815,9.862503128601407,7
3778824,9.802312901461288,9
3778826,9.974440392273094,2
3778838,9.533734435421943,12
3778851,9.748423211641038,13
3778864,9.701328036590663,13
3778870,9.884011089908993,6
3778880,9.813666209444216,10
3778892,9.741362510331786,12
3778897,9.902929008930602,5
3778903,9.890334123813219,6
3778907,9.934497118711642,4
3778920,9.720334404633284,13
3778925,9.926121352562719,5
3778940,9.658320417886207,15
3778946,9.880978573056618,6
3778957,9.755685532071096,11
3778972,9.669011892521167,15
3778989,9.628985053181909,17
3778996,9.8691166121334,7
3779004,9.869345806829223,8
3779019,9.652106314875502,15
3779031,9.744336140583854,12
3779048,9.62217584798917,17
3779060,9.74826397817367,12
3779061,9.992763782780829,1
3779069,9.85199452095924,8
3779086,9.63012452561123,17
3779099,9.706000757278161,13
3779123,9.280296667303347,24
3779131,9.879089472714103,8
3779136,9.898705741890753,5
3779140,9.943208083063936,4
3779147,9.86360455293765,7
3779152,9.920915388156724,5
3779163,9.789206091315789,11
3779177,9.574674035430496,14
3779187,9.792085649909605,10
3779193,9.888072657896428,6
3779197,9.954306836671634,4
3779203,9.896420769537599,6
3779211,9.767938023644286,8
3779225,9.680935673134579,14
3779232,9.874879781536107,7
3779246,8.836793831020273,14
3779250,9.937612378054393,4
3779256,9.889928645224131,6
3779262,9.905918315866396,6
3779267,9.925563177437953,5
3779278,9.754075127685356,11
3779287,9.82839572048594,9
3779296,9.829038048592784,9
3779302,9.8985984594215,6
3779304,9.977502180818599,2
3779325,9.498013945820292,21
3779332,9.861482603456633,7
3779338,9.905401907587482,6
3779352,9.687035268708222,14
3779353,10.0,1
3779358,9.926307475091885,5
3779359,9.992731847253536,1
3779372,9.728564112984579,13
3779386,9.686638164457378,14
3779397,9.739938584004777,11
3779402,9.92105104813952,5
3779420,9.60506891536582,18
3779432,9.748487261480415,12
3779444,9.73934417954219,12
3779445,10.0,1
3779456,9.780775847914843,11
3779459,9.965594387747087,3
3779468,9.855380012293452,9
3779480,9.730543503704197,12
3779485,9.91332073268832,5
3779489,9.935118566275786,4
3779490,10.0,1
3779491,10.0,1
3779496,9.910167622612875,5
3779505,9.81671604743904,9
3779506,10.0,1
3779516,9.784311341310831,10
3779528,9.746646073851513,12
3779532,9.9437637297126,4
3779536,9.946758169200642,4
3779542,9.897912991331655,6
3779557,9.662763171881688,15
3779565,9.849907634778429,8
3779580,9.662073099791504,15
3779592,9.723856384922103,12
3779611,9.629568524550512,19
3779642,9.154291334118271,31
3779648,9.8832064527425,6
3779658,9.821702283042027,10
3779664,9.900620296121279,6
3779672,9.855361207759657,8
3779674,9.971341789115828,2
3779689,9.69610083360542,15
3779697,9.845420905806966,8
3779711,9.698378297827608,14
3779718,9.891748336532597,7
3779722,9.938807841995565,4
3779723,10.0,1
3779732,9.845446391422296,9
3779744,9.762854833059535,12
3779757,9.68719824770474,13
3779759,9.974350290508548,2
3779767,9.84933901055702,8
3779771,9.949190467154502,4
3779776,9.921021217550178,5
3779777,10.0,1
3779786,9.843296047750627,9
3779791,9.922562771620342,5
3779794,9.950919143527338,3
3779802,9.83070790120596,8
3779805,9.95334002580346,3
3779811,9.892937135287072,6
3779815,9.944734470149282,4
3779826,9.795747950929098,11
3779832,9.882614188913555,6
3779847,9.66493622751068,15
3779862,9.446916575471803,15
3779867,9.924971464024544,5
3779877,9.783044503527073,10
3779880,9.963467753310738,3
3779881,10.0,1
3779883,9.968936312985154,2
3779898,9.682362390207341,15
3779903,9.909075901978898,5
3779910,9.872470478752394,7
3779919,9.819115562218418,9
3779930,9.77205889066393,11
3779944,9.761103554382377,14
3779950,9.909378468501814,6
3779959,9.804555518099894,9
3779967,9.845839756364114,8
3779976,9.810627745316555,9
3779979,9.960264292190047,3
3779982,9.968258145411706,3
3779995,9.709442877501173,13
3780006,9.807787063860898,11
3780016,9.780425610001192,10
3780022,9.89129232655696,6
3780026,9.93407897398782,4
3780041,9.735659727700696,15
3780054,9.730064218538603,13
3780065,9.773411825541165,11
3780070,9.90933580373916,5
3780081,9.761323968960992,11
3780091,9.787057206306764,10
3780103,9.724045439825618,12
3780107,9.929943288838427,4
3780119,9.774889400613658,12
3780130,9.7955845635897,11
3780137,9.867873314138834,7
3780147,9.81678253824197,10
3780150,9.95523972547553,3
3780155,9.908521357626528,5
3780165,9.78727754602681,10
3780173,9.831742281335725,8
3780186,9.686910421652332,13
3780199,9.695472141401655,13
3780209,9.77452037905431,10
3780217,9.854116547555165,8
3780228,9.75713907841496,11
3780230,9.97157411212163,2
3780242,9.753022626521407,12
3780252,9.774338921703004,10
3780266,9.681418938867546,14
3780277,9.755571578837596,11
3780278,10.0,1
3780282,9.934725381812488,4
3780292,9.792248379311859,10
3780306,9.685340080071212,14
3780307,10.0,1
3780312,9.917815676771477,5
3780320,9.852773919530044,8
3780323,9.954278805792164,3
3780339,9.659329000433239,16
3780344,9.917962795695024,5
3780349,9.912669861581435,5
3780356,9.896836159321092,7
3780365,9.838366100726356,9
3780376,9.787147721160116,11
3780382,9.902058432892902,6
3780383,10.0,1
3780390,9.88099883424405,7
3780398,9.83375701585755,8
3780411,9.734980860321052,13
3780420,9.857057078686688,9
3780427,9.864935063366374,7
3780437,9.816389197687464,10
3780438,10.0,1
3780443,9.930709206820238,5
3780444,10.0,1
3780456,9.725722011394376,12
3780469,9.711601802489866,13
3780477,9.828543016001442,8
3780489,9.768589129848863,12
3780493,9.928276940102462,4
3780500,9.855816204384016,7
3780509,9.815735270900335,9
3780519,9.802899946260805,10
3780530,9.756766089534315,11
3780538,9.835123308546796,8
3780552,9.681961693245057,14
3780560,9.826870034083779,8
3780573,9.719817716204023,13
3780577,9.93514081354186,4
3780580,9.955725677031086,3
3780581,10.0,1
3780584,9.954511426029352,3
3780599,9.683080281781614,15
3780602,9.961031635668158,3
3780603,9.996457138799387,1
3780611,9.825308218737113,8
3780612,10.0,1
3780627,9.659296495855559,15
3780631,9.950750500623208,4
3780644,9.678412567770028,13
3780653,9.82825306338144,9
3780663,9.767172837322097,10
3780676,9.778962859275167,13
3780681,9.930877773272515,5
3780688,9.870473552064638,7
3780689,10.0,1
3780698,9.81302402278823,9
3780699,10.0,1
3780706,9.87566883702628,7
3780715,9.830228521794602,9
3780730,9.647418875198708,15
3780743,9.719282995054437,13
3780750,9.85860845633488,7
3780756,9.88648844291763,6
3780763,9.86659073701183,7
3780774,9.755156987523469,11
3780778,9.940026200110607,4
3780787,9.82237602102455,9
3780807,9.556286398810407,20
3780816,9.819709514792361,9
3780822,9.872659888547604,6
3780825,9.96668343062169,3
3780830,9.919070411566995,5
3780833,9.962008598722402,3
3780837,9.929463861938466,4
3780845,9.8262172791628,8
3780855,9.793287406546803,10
3780866,9.75653434462435,11
3780875,9.812521474506662,9
3780883,9.850946716449624,8
3780890,9.872169010786957,7
3780902,9.733380234861418,12
3780905,9.952843376055553,3
3780917,9.744101826442813,12
3780923,9.786300783350041,6
3780936,9.753423162903038,13
3780937,10.0,1
3780946,9.819023892529028,9
3780951,9.903759342420635,5
3780962,9.74776362215309,11
3780969,9.870685016031723,7
3780982,9.708903246737107,13
3780996,9.705899639595856,14
3781002,9.887815413179657,6
3781006,9.942237425190644,4
3781020,9.689991260075992,14
3781021,9.9923965883591,1
3781032,9.680365025558682,11
3781036,9.9269588586264,4
3781048,9.750017368858057,12
3781065,9.715984607751906,17
3781076,9.550558409802683,11
3781087,9.783190650988677,11
3781091,9.929736809116827,4
3781097,9.886408842775415,6
3781102,9.913490256669014,5
3781116,9.695968650723735,14
3781117,10.0,1
3781133,9.623821828224422,16
3781136,9.970047866212582,3
3781137,10.0,1
3781153,9.68121558394919,16
3781157,9.952425164588522,4
3781167,9.790753034449283,10
3781169,9.97978579625274,2
3781173,9.939394192037245,4
3781176,9.951380031627654,3
3781189,9.765933883927548,13
3781190,9.989436823489434,1
3781199,9.840778463707993,9
3781208,9.82101063228542,9
3781215,9.87259965548906,7
3781220,9.915780106484076,5
3781227,9.867323261026597,7
3781230,9.955245434713156,3
3781244,9.69783832757836,14
3781251,9.695114540918432,7
3781259,9.865847577072334,8
3781260,10.0,1
3781266,9.896931614244375,6
3781272,9.888846269481917,6
3781283,9.666905132511245,11
3781297,9.65813715119043,14
3781311,9.694382377101201,14
3781321,9.773626847927542,10
3781327,9.881121330997646,6
3781333,9.921748176279175,6
3781344,9.772809322226156,11
3781355,9.793160195904157,11
3781364,9.805366855679067,9
3781375,9.791375075685115,11
3781379,9.947554785217003,4
3781386,9.87094276986484,7
3781389,9.95321721033735,3
3781401,9.737757664050433,12
3781407,9.902626122602573,6
3781417,9.804768900122088,10
3781418,10.0,1
3781425,9.87524450927254,7
3781440,9.655306632594872,15
3781446,9.902838124201036,6
3781454,9.829527274667376,8
3781467,9.738082566630942,13
3781471,9.94722501285425,4
3781486,9.672762630390654,15
3781499,9.712787236984305,13
3781508,9.804937348699427,9
3781522,9.681619718677617,14
3781539,9.634576746328973,17
3781540,10.0,1
3781554,9.689252223671533,14
3781559,9.928642560496089,5
3781574,9.672470608818175,15
3781577,9.962510974434982,3
3781589,9.75500808181351,12
3781601,9.745129748641883,12
3781611,9.786865597710042,10
3781621,9.775645553868676,10
3781630,9.801179638856954,9
3781636,9.885567806306558,6
3781645,9.79315975953246,9
3781656,9.792554888844826,11
3781657,10.0,1
3781659,9.977666194673597,2
3781663,9.939337785789588,4
3781680,9.62113682459575,17
3781689,9.809442223271907,9
3781700,9.785690161386345,11
3781707,9.837362670084286,7
3781713,9.91158487373049,6
3781716,9.946537218861103,3
3781723,9.875957523723384,7
3781733,9.790655855811318,10
3781738,9.93778908678924,5
3781741,9.946538705338401,3
3781748,9.876344582067093,7
3781756,9.835207474924525,8
3781770,9.714614192168465,14
3781773,9.961321509246938,3
3781786,9.697057535331266,13
3781799,9.716683711209877,13
3781815,9.616766833687398,16
3781826,9.763882826470304,11
3781833,9.88417616418805,7
3781842,9.813087356732412,9
3781849,9.85192529920456,7
3781857,9.839674406975652,8
3781868,9.737562649526016,11
3781880,9.727828648223445,12
3781893,9.708749861367098,13
3781894,10.0,1
3781904,9.794291101358382,10
3781908,9.953185897698535,4
3781918,9.839043702291649,10
3781939,9.515620064236153,21
3781942,9.955638349699752,3
3781950,9.835339197011553,8
3781959,9.809231711350186,9
3781960,10.0,1
3781968,9.837134936973733,8
3781975,9.878609118897458,7
3781988,9.713389009663691,13
3781991,9.969631499404082,3
3782006,9.676817933205564,15
3782012,9.89876126006353,6
3782019,9.885244430295963,7
3782020,10.0,1
3782031,9.657146390374377,11
3782037,9.908062797907753,6
3782048,9.755719708915588,11
3782060,9.777978804218424,12
3782069,9.81032514820292,9
3782085,9.675154190540429,16
3782086,9.989504697629418,1
3782088,9.97872833199673,2
3782098,9.813789302740838,10
3782108,9.798310993442602,10
3782115,9.76902034524095,7
3782120,9.913292709533245,5
3782128,9.872591113890472,8
3782139,9.763965345537455,11
3782141,9.975789190157272,2
3782150,9.814915101235316,9
3782156,9.913454790608126,6
3782168,9.7734244926015,12
3782175,9.845250413832874,7
3782185,9.796838132091844,10
3782188,9.962198457615196,3
3782196,9.853770245030717,8
3782197,9.996712831237963,1
3782209,9.73451505060255,12
3782219,9.816060633566213,10
3782227,9.849823466693401,8
3782238,9.755519354143152,11
3782245,9.878323175201645,7
3782252,9.868096288587017,7
3782266,9.675005915358412,14
3782271,9.917375376021182,5
3782282,9.737641010328602,11
3782289,9.878915753813395,7
3782301,9.756213808067416,12
3782312,9.79665856414227,11
3782322,9.779000031254284,10
3782334,9.716752545325662,12
3782343,9.787840753966258,9
3782344,10.0,1
3782345,10.0,1
3782350,9.910392454075497,5
3782360,9.776957116149992,10
3782369,9.815180972923077,9
3782384,9.671165598296263,15
3782401,9.589070504807049,17
3782414,9.689902078298955,13
3782422,9.844850217398434,8
3782428,9.891696489421722,6
3782435,9.887981973667245,7
3782443,9.850961503503733,8
3782448,9.924821280610434,5
3782458,9.789399164543891,10
3782467,9.799243136936186,9
3782473,9.887523457215778,6
3782483,9.795694943066819,10
3782499,9.645848681741745,16
3782507,9.832599751517861,8
3782515,9.87243301179474,8
3782520,9.929229797433377,5
3782534,9.692890537853168,14
3782552,9.568758503015077,18
3782564,9.721747136819252,12
3782581,9.643749843485702,17
3782597,9.644106207073337,16
3782605,9.823525342763263,8
3782610,9.92874365234214,5
3782611,10.0,1
3782620,9.794610239316789,9
3782631,9.778480592820296,11
3782644,9.693285574503284,13
3782658,9.694615726569296,14
3782668,9.799458180828802,10
3782675,9.85319337305102,7
3782685,9.799608383450705,10
3782690,9.921956889745637,5
3782691,10.0,1
3782700,9.818316922949965,9
3782701,10.0,1
3782709,9.84152877184591,8
3782715,9.891759055777065,6
3782728,9.683727291590662,13
3782730,9.97260686401418,2
3782739,9.809547553759648,9
3782750,9.78154553768183,11
3782756,9.901945320220761,6
3782759,9.963993042373222,3
3782761,9.97316373362081,2
3782768,9.858981878266126,7
3782780,9.721450732525518,12
3782792,9.786935338725097,12
3782801,9.816820009077755,9
3782807,9.891627377699644,6
3782808,9.99284907765197,1
3782815,9.883024522908263,7
3782821,9.900422333341647,6
3782830,9.822911493698976,9
3782831,10.0,1
3782840,9.85520837803214,9
3782848,9.827019471415666,8
3782856,9.842990492700036,8
3782868,9.74731441517093,12
3782869,10.0,1
3782878,9.812814593803187,9
3782889,9.780169725969825,11
3782893,9.943382448092015,4
3782904,9.68984782640963,11
3782918,9.678214487042462,14
3782925,9.809432801892951,7
3782926,10.0,1
3782937,9.731754556928937,11
3782950,9.495015916988432,13
3782963,9.704809909219817,13
3782972,9.827404003864665,9
3782979,9.854193924511122,7
3782983,9.95303484674098,4
3782986,9.956106133267316,3
3782998,9.73730781327541,12
3783004,9.889614263587003,6
3783011,9.873272266572508,7
3783019,9.834492523962306,8
3783027,9.638820912775527,8
3783030,9.754999132945349,3
3783034,9.93199240419502,4
3783040,9.905666350652119,6
3783049,9.817271614730208,9
3783056,9.869298550381421,7
3783067,9.768725035465291,11
3783080,9.693534059293823,13
3783083,9.953456711528414,3
3783089,9.890223358019801,6
3783100,9.780900041806978,11
3783106,9.889031731494624,6
3783123,9.60653422891866,17
3783137,9.69524096437534,14
3783146,9.816321884414156,9
3783152,9.884486121853756,6
3783157,9.916529784418286,5
3783163,9.911335156748999,6
3783167,9.924852468563023,4
3783183,9.64790738215615,16
3783193,9.823182481566093,10
3783202,9.844547089726735,9
3783208,9.886815511650486,6
3783221,9.729409848159035,13
3783230,9.826321617966773,9
3783239,9.827516498378515,9
3783253,9.69485606960323,14
3783261,9.849058318018468,8
3783274,9.70010780689325,13
3783284,9.778215175378383,10
3783294,9.787818240100485,10
3783299,9.914344667980112,5
3783308,9.788561164449959,9
3783313,9.904813820418031,5
3783320,9.871754614408834,7
3783321,9.993053369668324,1
3783337,9.658867046347542,16
3783353,9.657564676072509,16
3783357,9.937724866734701,4
3783362,9.914354091249542,5
3783370,9.851697299203517,8
3783386,9.636031194532016,16
3783392,9.874992291596623,6
3783399,9.874606613595777,7
3783416,9.596592668609855,17
3783432,9.658086454415962,16
3783448,9.653015486909009,16
3783466,9.496048212930365,18
3783479,9.761886726748598,13
3783483,9.931397023511254,4
3783495,9.645107276162411,12
3783510,9.643741101368848,15
3783511,10.0,1
3783521,9.817555495221576,10
3783534,9.719199096495428,13
3783544,9.813067603705255,10
3783551,9.86445331217389,7
3783564,9.721809229877609,13
3783569,9.91493916180092,5
3783576,9.837798365406984,7
3783577,10.0,1
3783590,9.745703420915481,13
3783597,9.875054648365344,7
3783602,9.919715640371951,5
3783615,9.725914313095526,13
3783626,9.789076315423495,11
3783635,9.804788206397554,9
3783639,9.922602609998139,4
3783649,9.803413683230275,10
3783656,9.883858151942686,7
3783667,9.759489477070295,11
3783677,9.798582280713962,10
3783684,9.851762441313793,7
3783690,9.89078259896246,6
3783694,9.942242630938717,4
3783712,9.686455454007959,18
3783724,9.743080262723208,12
3783728,9.930670830679027,4
3783737,9.815638507866858,9
3783744,9.868215984802877,7
3783751,9.878122042588876,7
3783763,9.756530256043002,12
3783768,9.914094607585886,5
3783770,9.977531053205443,2
3783775,9.926963652916557,5
3783780,9.920459565071848,5
3783795,9.672036657277253,15
3783808,9.715841783734085,13
3783817,9.832982510655516,9
3783830,9.747004913309985,13
3783834,9.948031702576337,4
3783852,9.60996248174682,18
3783854,9.972189119921051,2
3783864,9.7974203293533,10
3783874,9.79540754378893,10
3783880,9.898406810166051,6
3783885,9.923213693538408,5
3783896,9.7851023406558,11
3783907,9.792606382200745,11
3783913,9.883552358455288,6
3783930,9.683995075644782,17
3783942,9.737282089302404,12
3783947,9.917614947633021,5
3783961,9.692334715338962,14
3783973,9.522454409694054,12
3783985,9.746591551311532,12
3783990,9.923327145011688,5
3783995,9.90624445568086,5
3784004,9.823458873445139,9
3784014,9.842971416881028,10
3784018,9.941579563803549,4
3784019,9.996578943329892,1
3784027,9.838914514184431,8
3784037,9.784153862153772,10
3784042,9.919039104700236,5
3784049,9.87938103136498,7
3784055,9.882797806777914,6
3784061,9.873489194297067,6
3784073,9.730391033632781,12
3784084,9.787712491459482,11
3784093,9.81433052469556,9
3784104,9.635255103211918,11
3784114,9.78280526328532,10
3784119,9.933491927554066,5
3784120,10.0,1
3784124,9.94148645570043,4
3784125,10.0,1
3784132,9.871722090334108,7
3784141,9.805927640644835,9
3784146,9.902049619493793,5
3784152,9.89944972084614,6
3784161,9.818573113395917,9
3784162,10.0,1
3784177,9.564492964700678,15
3784178,10.0,1
3784189,9.76029848811819,11
3784192,9.951240461195788,3
3784199,9.877593013426027,7
3784201,9.974646738166953,2
3784213,9.748112080689381,12
3784224,9.754866241657181,11
3784235,9.767028816447612,11
3784253,9.57986499735144,18
3784263,9.801812620297436,10
3784274,9.766475522895508,11
3784286,9.761230610654557,12
3784287,10.0,1
3784288,10.0,1
3784291,9.962567946576614,3
3784304,9.726664022852747,13
3784308,9.932863285207665,4
3784309,10.0,1
3784317,9.83570121751115,8
3784325,9.863563427037889,8
3784333,9.837188013867495,8
3784345,9.790601439323089,12
3784350,9.921392561909025,5
3784358,9.85064254321923,8
3784367,9.70714051288299,9
3784381,9.693133810155347,14
3784388,9.845930372909049,7
3784399,9.771356809357874,11
3784415,9.651832196268277,16
3784427,9.776788987973367,12
3784433,9.889034916796922,6
3784445,9.708990529052256,12
3784467,9.551347928339375,22
3784477,9.80073346892032,10
3784488,9.757394046920158,11
3784497,9.825905671811908,9
3784502,9.897748204138798,5
3784505,9.970257055451185,3
3784506,10.0,1
3784507,9.988705640261951,1
3784508,10.0,1
3784517,9.818901047546401,9
3784524,9.875013476456097,7
3784533,9.813571743369605,9
3784542,9.816538233070322,9
3784552,9.807186480918599,10
3784561,9.84301440363436,9
3784562,9.992822765781089,1
3784579,9.589050361097245,17
3784580,10.0,1
3784588,9.845066243337579,8
3784604,9.391148365542389,16
3784618,9.474080238512352,14
3784625,9.58325470521886,7
3784632,9.854393169359934,7
3784645,9.720815713179748,13
3784651,9.882302407186367,6
3784659,9.836213068644625,8
3784661,9.983383702500497,2
3784662,9.996143478470362,1
3784663,10.0,1
3784665,9.975172774678633,2
3784666,10.0,1
3784667,10.0,1
3784678,9.758389276800147,11
3784682,9.95460507970856,4
3784686,9.94396023469944,4
3784699,9.713905788792882,13
3784702,9.96323742772825,3
3784707,9.914341500523413,5
3784714,9.870315256327421,7
3784719,9.907851493369522,5
3784729,9.769175950995553,10
3784733,9.937730944670406,4
3784734,10.0,1
3784738,9.941857100117085,4
3784750,9.744914588841441,12
3784764,9.679937738162394,14
3784773,9.842007761289798,9
3784784,9.758982267865695,11
3784793,9.812553208186925,9
3784803,9.772180718950837,10
3784811,9.813130764545251,8
3784814,9.9501951717993,3
3784821,9.857487650130901,7
3784831,9.775591020714282,10
3784836,9.917575258645005,5
3784850,9.699425938315002,14
3784860,9.796525575013973,10
3784872,9.757910748444953,12
3784877,9.91308736972103,5
3784885,9.846324886106252,8
3784888,9.962158803559138,3
3784891,9.953363446953379,3
3784907,9.719313064134633,16
3784910,9.949658548106973,3
3784921,9.777502101410715,11
3784934,9.711928514998144,13
3784935,10.0,1
3784944,9.80200289091565,9
3784952,9.850879731960175,8
3784966,9.681210695405717,14
3784979,9.729353473182163,13
3784996,9.58227739134187,17
3784998,9.97361267705585,2
3785007,9.824402289308763,9
3785018,9.573086052193396,11
3785019,10.0,1
3785033,9.69868325325386,14
3785038,9.925499676659003,5
3785045,9.871538492906064,7
3785052,9.885029760845375,7
3785060,9.823989147366412,8
3785068,9.855544597267857,8
3785072,9.954389910810272,4
3785077,9.926481476447634,5
3785081,9.94202040018242,4
3785087,9.881229028340979,6
3785093,9.892765056023999,6
3785103,9.803265490031249,10
3785109,9.894203975232198,6
3785119,9.82466816365687,10
3785127,9.823073687990407,8
3785134,9.859800646698218,7
3785139,9.93422931387538,5
3785143,9.944209723173461,4
3785157,9.72519452708284,14
3785160,9.962454850848793,3
3785166,9.885406074736395,6
3785171,9.93394065772112,5
3785178,9.885493572000902,7
3785185,9.866761543926874,7
3785187,9.974477389452847,2
3785201,9.67598703978293,14
3785202,10.0,1
3785221,9.468031543454964,19
3785222,10.0,1
3785223,10.0,1
3785231,9.89282207645684,8
3785237,9.698203114485851,6
3785246,9.814883546106541,9
3785250,9.931653565129023,4
3785260,9.827245831502724,10
3785264,9.939279737945318,4
3785272,9.846189556081432,8
3785275,9.951789352005648,3
3785280,9.914721277209809,5
3785296,9.62166161971513,16
3785302,9.875290674734996,6
3785303,10.0,1
3785312,9.827221466653187,9
3785313,10.0,1
3785320,9.884302963885686,7
3785332,9.752593155010487,12
3785335,9.95919303513188,3
3785345,9.787189755703698,10
3785355,9.80799534269432,10
3785367,9.739310007557407,12
3785381,9.709509047895656,14
3785390,9.871144990810903,9
3785394,9.933058679098245,4
3785403,9.827658784925196,9
3785404,10.0,1
3785415,9.76041458320409,11
3785420,9.920280762901763,5
3785429,9.813472468667563,9
3785441,9.751551412029578,12
3785452,9.677618988874052,11
3785466,9.708929391219105,14
3785473,9.863526618737446,7
3785488,9.648431780210291,15
3785500,9.718935699088398,12
3785501,10.0,1
3785502,10.0,1
3785516,9.670771009208599,14
3785525,9.813662820343716,9
3785533,9.825128755019355,8
3785543,9.769002815122358,10
3785547,9.942124935156825,4
3785551,9.937010374323794,4
3785555,9.93381394641315,4
3785564,9.815853572134321,9
3785573,9.822184711012987,9
3785583,9.80187999624361,10
3785598,9.665773789284248,15
3785607,9.811179561143373,9
3785619,9.788348460889225,12
3785628,9.822842313817706,9
3785631,9.954539122006663,3
3785645,9.692318574437332,14
3785651,9.906477912275683,6
3785661,9.795544092065542,10
3785664,9.766546539887429,3
3785675,9.775991837316804,11
3785683,9.859490238748466,8
3785690,9.869491508137473,7
3785704,9.695667873241444,14
3785709,9.915523481542655,5
3785714,9.905994852740896,5
3785720,9.900325029841534,6
3785733,9.730951583297534,13
3785739,9.891293480297158,6
3785743,9.933391570303204,4
3785756,9.69325430526751,13
3785763,9.879295636061116,7
3785770,9.863623619555856,7
3785786,9.61589210126957,16
3785804,9.581269043782148,18
3785812,9.853918680754212,8
3785826,9.685837012050289,14
3785827,10.0,1
3785837,9.785758030249283,10
3785848,9.77013511929178,11
3785857,9.815976626033697,9
3785871,9.713609216597412,14
3785892,9.246137595986225,21
3785900,9.846999051400513,8
3785905,9.929009863459191,5
3785916,9.577724218481759,11
3785928,9.7861830192942,12
3785935,9.893837701669781,7
3785942,9.884316857628184,7
3785943,10.0,1
3785952,9.832212612870944,9
3785959,9.872819141683403,7
3785968,9.806124252507995,9
3785976,9.847290968738186,8
3785989,9.710644323070722,13
3786000,9.773791974147963,11
3786001,10.0,1
3786009,9.86607876558994,8
3786010,10.0,1
3786021,9.769889491192746,11
3786034,9.729644183408103,13
3786037,9.95978115022367,3
3786044,9.848862390724797,7
3786056,9.76698221213754,12
3786063,9.890011665196923,7
3786073,9.775455667957722,10
3786077,9.940111797400593,4
3786086,9.847507631020155,9
3786098,9.757376124219906,12
3786111,9.769323505345719,13
3786124,9.723070957003591,13
3786129,9.916886165699898,5
3786138,9.842730680896752,9
3786142,9.944598216391267,4
3786155,9.713929764083568,13
3786159,9.922549178336743,4
3786170,9.778560811696929,11
3786182,9.736757576112769,12
3786194,9.755393231814175,12
3786200,9.884450316300187,6
3786202,9.978497202179554,2
3786214,9.738201604393648,12
3786215,10.0,1
3786222,9.893156022386902,7
3786224,9.980346051770104,2
3786238,9.664090923857273,14
3786240,9.985652939900417,2
3786257,9.641742354904242,17
3786263,9.896687919096758,6
3786271,9.843528892325905,8
3786289,9.588147759530315,18
3786301,9.731927690706062,12
3786302,10.0,1
3786314,9.724697660662413,12
3786315,10.0,1
3786325,9.817077301525954,10
3786337,9.779312683058698,12
3786343,9.871512959437915,6
3786344,10.0,1
3786350,9.901307960838478,6
3786359,9.806833885834607,9
3786365,9.907299140863323,6
3786371,9.893297497718049,6
3786386,9.664619141378525,15
3786391,9.908266948832635,5
3786400,9.821705815236271,9
3786405,9.917683845652151,5
3786417,9.74818095022531,12
3786422,9.708204132701415,5
3786432,9.77584893763272,10
3786448,9.665898572224371,16
3786452,9.935701511892217,4
3786459,9.860836039340931,7
3786465,9.876796719282957,6
3786471,9.894028646635288,6
3786472,10.0,1
3786483,9.770486941806388,11
3786487,9.93417448260466,4
3786496,9.805298276655408,9
3786508,9.702286866115696,12
3786511,9.967521712097225,3
3786516,9.920072523616376,5
3786520,9.941953315253379,4
3786531,9.581894751062126,11
3786537,9.894082587471043,6
3786543,9.89890101342853,6
3786550,9.876398841755147,7
3786556,9.884553837379059,6
3786564,9.8280874352556,8
3786565,9.99287088139129,1
3786580,9.74504396433983,15
3786590,9.788019993248561,10
3786591,9.996837074314097,1
3786602,9.761802341145437,11
3786616,9.670611973541028,14
3786623,9.869540605491798,7
3786630,9.876869736390693,7
3786643,9.748109673887281,13
3786651,9.882233415163954,8
3786662,9.813791135023985,11
3786663,10.0,1
3786669,9.884839695270605,6
3786673,9.950337014624042,4
3786686,9.704010179280637,13
3786695,9.799783871773823,9
3786709,9.611741009825627,14
3786719,9.79343759495494,10
3786734,9.667021176552664,15
3786746,9.748774037057709,12
3786758,9.742561850301577,12
3786760,9.976332439028756,2
3786776,9.68645540572593,16
3786786,9.828968136974224,10
3786795,9.827157435414621,9
3786796,10.0,1
3786812,9.628637408502982,16
3786824,9.74467702911224,12
3786840,9.634237020010053,16
3786845,9.910810797987754,5
3786849,9.924568900748508,4
3786859,9.807646894471262,10
3786869,9.778227449597722,10
3786870,10.0,1
3786874,9.940029043963646,4
3786883,9.712835300772708,9
3786886,9.952336763854147,3
3786894,9.830540345175777,8
3786898,9.930985847334794,4
3786909,9.77613423560405,11
3786914,9.904639331742546,5
3786921,9.87183747081476,7
3786933,9.745538527217631,12
3786943,9.80885468921742,10
3786944,10.0,1
3786947,9.962639191612643,3
3786950,9.962213047536036,3
3786955,9.912190789211852,5
3786966,9.768681415086984,11
3786972,9.891703867310136,6
3786987,9.46691738651393,15
3786992,9.923282218874439,5
3786999,9.874948664732031,7
3787008,9.816157181560252,9
3787021,9.756565498995053,13
3787023,9.974538769426491,2
3787036,9.745503511507552,13
3787043,9.872285379269488,7
3787053,9.795058847560426,10
3787072,9.57432087312775,19
3787080,9.834347985080488,8
3787089,9.8131896710483,9
3787098,9.794069280900244,9
3787110,9.708204526627929,12
3787111,9.98868062159005,1
3787120,9.803454752864749,9
3787132,9.783342051177524,12
3787143,9.646276089652083,11
3787148,9.899037094294778,5
3787162,9.704368182692356,14
3787163,10.0,1
3787175,9.738567014722241,12
3787181,9.87971695183964,6
3787192,9.756607807302561,11
3787194,9.978447227789006,2
3787203,9.800763155916522,9
3787214,9.76719972671469,11
3787220,9.900937206145299,6
3787230,9.791530744858491,10
3787237,9.873375290232095,7
3787246,9.819092777142169,9
3787252,9.901483474899619,6
3787258,9.892376556571529,6
3787271,9.709379635793894,13
3787274,9.963291687009663,3
3787275,10.0,1
3787286,9.783954220772,11
3787290,9.937116481480079,4
3787300,9.814579067701017,10
3787313,9.788391410013515,13
3787321,9.842855365537526,8
3787327,9.889282095079215,6
3787333,9.894529381239971,6
3787343,9.783361444842875,10
3787350,9.867984782371131,7
3787360,9.834361539927828,10
3787366,9.572136730380965,6
3787377,9.767247117907647,11
3787382,9.916550411783483,5
3787384,9.975402965807389,2
3787396,9.754260123830111,12
3787397,10.0,1
3787407,9.778355716257066,10
3787416,9.813678619763108,9
3787429,9.721140428459515,13
3787442,9.706952805472397,13
3787449,9.865212985032969,7
3787458,9.809752508288634,9
3787460,9.970932173256564,2
3787461,10.0,1
3787473,9.784882257847354,12
3787483,9.78601204290358,10
3787489,9.901345999751017,6
3787490,9.996131004680556,1
3787505,9.646353686455495,15
3787510,9.91930357269213,5
3787514,9.949186580278269,4
3787523,9.818510618802106,9
3787524,10.0,1
3787525,10.0,1
3787533,9.856468921657068,8
3787538,9.931746013005961,5
3787544,9.874938696846954,6
3787546,9.970631181781163,2
3787550,9.9402367012655,4
3787555,9.917280478009538,5
3787557,9.979955981291033,2
3787568,9.771758501256478,11
3787575,9.856839414308185,7
3787588,9.713599117290798,13
3787594,9.875330477100169,6
3787610,9.693699460290375,16
3787614,9.94165808881711,4
3787623,9.825680519036672,9
3787642,9.607242047978465,19
3787652,9.808354352896902,10
3787669,9.595211074858144,17
3787683,9.662648688055773,14
3787689,9.89778887791948,6
3787690,10.0,1
3787694,9.930828633695967,4
3787698,9.931236219799624,4
3787707,9.832220223017798,9
3787716,9.793014825858684,9
3787718,9.983526432481808,2
3787730,9.548780726197274,12
3787743,9.717704019399324,13
3787744,10.0,1
3787752,9.838010491495536,8
3787761,9.838488100470263,9
3787766,9.903607213033128,5
3787772,9.899454479324413,6
3787781,9.793186755206204,9
3787789,9.86631813616222,8
3787799,9.787381648367523,10
3787804,9.923474772337496,5
3787813,9.865585010853923,9
3787821,9.859326484506786,8
3787832,9.754552995116192,11
3787841,9.805007873823005,9
3787854,9.719160536408285,13
3787861,9.863551950983698,7
3787867,9.886569998508078,6
3787872,9.907769687907582,5
3787889,9.661430866374833,17
3787899,9.811031472769793,10
3787908,9.839384478602073,9
3787913,9.911171058633164,5
3787924,9.758753984840009,11
3787926,9.97435355722895,2
3787942,9.614581148554773,16
3787943,9.996157349537969,1
3787950,9.869438210944493,7
3787966,9.661882281608909,16
3787967,10.0,1
3787968,9.989907995378804,1
3787973,9.919440573932429,5
3787983,9.7803415350231,10
3787989,9.914636742593201,6
3787994,9.929579310078811,5
3788002,9.860019281222137,8
3788014,9.733092521521954,12
3788019,9.925371623083784,5
3788029,9.796801278940874,10
3788034,9.921120693573402,5
3788043,9.840203359299318,9
3788055,9.750020762777392,12
3788064,9.806608158241296,9
3788071,9.861506332599864,7
3788072,10.0,1
3788080,9.854011429900329,8
3788084,9.935560429025923,4
3788092,9.837378014986049,8
3788101,9.799077217601306,9
3788114,9.747388893294598,13
3788124,9.787239452959325,10
3788140,9.632882060476335,16
3788155,9.66472894056632,15
3788167,9.737364185127959,12
3788177,9.695085815957768,10
3788192,9.676175809102537,15
3788201,9.614984752789937,9
3788210,9.855300932167257,9
3788224,9.728744577079892,14
3788238,9.688417497549363,14
3788239,10.0,1
3788245,9.907819820046873,6
3788256,9.762124899124895,11
3788271,9.533527898489671,15
3788273,9.978046441360313,2
3788278,9.912508490439999,5
3788289,9.750479207726698,11
3788291,9.979648285393093,2
3788297,9.893460044576557,6
3788307,9.779811642788738,10
3788317,9.797705686747406,10
3788325,9.846009355206242,8
3788332,9.857683442903422,7
3788344,9.732474510906973,12
3788354,9.776203971677699,10
3788364,9.772865973593351,10
3788371,9.857752637495384,7
3788380,9.832285980634637,9
3788381,10.0,1
3788392,9.766712560156467,11
3788397,9.931349313290733,5
3788411,9.68430968437649,14
3788432,9.60316120658223,21
3788441,9.818894436245312,9
3788452,9.767130500545711,11
3788467,9.658226346586599,15
3788482,9.647694460697089,15
3788487,9.927105655261395,5
3788492,9.912043144980375,5
3788507,9.667929389034587,15
3788515,9.818210191341098,8
3788520,9.925390240933785,5
3788534,9.689945884582368,14
3788547,9.707838987279018,13
3788553,9.90969960545297,6
3788559,9.894693007955775,6
3788564,9.909195740910148,5
3788568,9.936006023617184,4
3788575,9.881297631854435,7
3788586,9.806510772858127,11
3788597,9.772504810024362,11
3788601,9.952226397734778,4
3788609,9.816928736000465,8
3788613,9.927601967643069,4
3788618,9.916104198982254,5
3788631,9.701554532563389,13
3788643,9.711584694318415,12
3788656,9.70660525006342,13
3788662,9.898139618916169,6
3788666,9.923561019068003,4
3788677,9.791480377555608,11
3788682,9.912174280668063,5
3788692,9.833841104986197,10
3788704,9.742962086150426,12
3788716,9.77503583320846,12
3788725,9.848843156974066,9
3788737,9.728068631517793,12
3788750,9.7181996414314,13
3788761,9.75041711745102,11
3788767,9.878067704487359,6
3788773,9.907916016348334,6
3788787,9.715008936656673,14
3788793,9.895433025782765,6
3788794,10.0,1
3788799,9.913477949507696,5
3788813,9.687594046529995,14
3788820,9.874742705362932,7
3788821,10.0,1
3788823,9.976219368722425,2
3788824,10.0,1
3788833,9.824034225301782,9
3788841,9.830330822330987,8
3788863,6.470313181967937,22
3788876,9.601432621093513,13
3788887,9.769185717130837,11
3788891,9.934627801634303,4
3788906,9.695378114721253,15
3788915,9.822369955313212,9
3788923,9.846670996930753,8
3788929,9.908605413873783,6
3788935,9.886433985582165,6
3788947,9.715820041457734,12
3788954,9.888551116640645,7
3788958,9.931539799901142,4
3788965,9.858196901863938,7
3788972,9.85813702407366,7
3788974,9.976137947082274,2
3788982,9.839129335178969,8
3788991,9.825195525208818,9
3789004,9.709087060865757,13
3789005,10.0,1
3789019,9.719865298972303,14
3789025,9.899132444238074,6
3789037,9.737460795057354,12
3789041,9.936606769390801,4
3789046,9.9299740186339,5
3789053,9.847339930019405,7
3789055,9.97589464213604,2
3789063,9.834313177393089,8
3789068,9.910516508184331,5
3789070,9.970383693079109,2
3789078,9.830210155577568,8
3789083,9.904358343447367,5
3789091,9.871713513524323,8
3789092,10.0,1
3789093,10.0,1
3789108,9.299286852501252,15
3789113,9.903738398557858,5
3789119,9.898869807677054,6
3789130,9.785985965079824,11
3789140,9.787976006885396,10
3789149,9.599797673261607,9
3789158,9.835430962910909,9
3789164,9.90743652001992,6
3789167,9.950662957865342,3
3789169,9.972382784678071,2
3789175,9.896628865464445,6
3789185,9.792606154610286,10
3789197,9.73064784002627,12
3789204,9.869659960588969,7
3789213,9.800725954340141,9
3789224,9.760683345386997,11
3789236,9.773050183176348,12
3789256,9.549643457524093,20
3789262,9.884865503299757,6
3789283,9.481940713945168,21
3789295,9.736521649262462,12
3789301,9.897000910744547,6
3789307,9.884710469399842,6
3789325,9.62838513324972,18
3789326,10.0,1
3789342,9.679480733980636,16
3789343,10.0,1
3789355,9.751804629800496,12
3789363,9.843531588971342,8
3789377,9.673029774680408,14
3789378,9.996862661669267,1
3789385,9.889301710545734,7
3789394,9.822570961208593,9
3789395,10.0,1
3789410,9.67380490642747,15
3789423,9.71644468545254,13
3789426,9.96106630764342,3
3789437,9.767395569348416,11
3789442,9.912621090249537,5
3789454,9.740949449808705,12
3789461,9.866239553274134,7
3789462,10.0,1
3789470,9.823804286424732,8
3789471,10.0,1
3789472,10.0,1
3789477,9.913564050393338,5
3789483,9.908317098762229,6
3789492,9.803935936370372,9
3789505,9.700244618430236,13
3789524,9.526004902517665,19
3789533,9.834080953020557,9
3789546,9.733849343921708,13
3789553,9.87067725820692,7
3789567,9.490012675289892,14
3789570,9.961755408993936,3
3789571,9.992576848978763,1
3789582,9.800142283213072,11
3789586,9.954142416864098,4
3789587,10.0,1
3789602,9.550763556910296,15
3789613,9.769781862472191,11
3789615,9.972370186885705,2
3789616,10.0,1
3789622,9.904999022050578,6
3789628,9.891885298366407,6
3789635,9.8588173058821,7
3789639,9.939595800295237,4
3789657,9.589089408479403,18
3789671,9.700217841056931,14
3789679,9.842787759022098,8
3789685,9.904564540914457,6
3789698,9.676790204384456,13
3789707,9.82569097333282,9
3789709,9.97543768995092,2
3789710,10.0,1
3789714,9.936061743290178,4
3789726,9.741599926135116,12
3789736,9.78089679656936,10
3789751,9.647247570572983,15
3789752,10.0,1
3789757,9.8975711820052,5
3789764,9.89976284309538,7
3789771,9.877898731086676,7
3789774,9.959317063285518,3
3789786,9.748265389023722,12
3789796,9.790963511076274,10
3789799,9.954675350012979,3
3789803,9.950504812783828,4
3789812,9.826288171440641,9
3789814,9.979203933962815,2
3789822,9.849653746617747,8
3789823,10.0,1
3789824,10.0,1
3789837,9.705040941905574,13
3789847,9.82458607150145,10
3789852,9.933387177743976,5
3789857,9.91510048033173,5
3789867,9.796623914973594,10
3789872,9.911839682545043,5
3789879,9.873057919823001,7
3789892,9.726303158684557,13
3789900,9.843846108079877,8
3789914,9.670979764375602,14
3789917,9.950334327562638,3
3789928,9.76995415903645,11
3789942,9.702117099531845,14
3789956,9.69677833003367,14
3789967,9.833286332165514,11
3789972,9.939508375027309,5
3789981,9.849190422805279,9
3789998,9.663767453142885,17
3790006,9.877438057693839,8
3790014,9.87785223396919,8
3790018,9.938438950676959,4
3790019,10.0,1
3790020,9.993141777709612,1
3790029,9.8140328457323,9
3790037,9.833200957174705,8
3790038,9.996427758126053,1
3790039,9.990362774282858,1
3790043,9.949310207526768,4
3790046,9.966375865122753,3
3790057,9.75887882011062,11
3790066,9.797247825753008,9
3790072,9.88648510932801,6
3790074,9.982268332676373,2
3790081,9.890895585374519,7
3790091,9.81327184150892,10
3790092,10.0,1
3790093,10.0,1
3790105,9.707335916722142,12
3790117,9.772534129218258,12
3790122,9.91422653540037,5
3790132,9.76478433182218,10
3790136,9.93062951175602,4
3790139,9.967625798649056,3
3790151,9.726364452317743,12
3790158,9.85548698230753,7
3790166,9.734883332858079,8
3790173,9.8863842217927,7
3790182,9.839762697088387,9
3790183,10.0,1
3790186,9.953709864515107,3
3790197,9.778418922973115,11
3790210,9.711568519507301,13
3790219,9.844482105128717,9
3790225,9.894724070326452,6
3790237,9.716213918169286,12
3790248,9.744565791021119,11
3790252,9.931741611718056,4
3790263,9.690113386573296,11
3790273,9.788203400765445,10
3790278,9.931380159174372,5
3790285,9.878812047503043,7
3790295,9.812005475419534,10
3790305,9.789378744184022,10
3790308,9.962197870938878,3
3790315,9.884994073902151,7
3790319,9.938826853557826,4
3790324,9.918818979319202,5
3790338,9.683999521419672,14
3790343,9.926516790414958,5
3790345,9.9704996803677,2
3790346,10.0,1
3790359,9.714482013299959,13
3790366,9.866499858380209,7
3790369,9.962947683282074,3
3790374,9.912615233136691,5
3790377,9.958974715751502,3
3790389,9.75438542877041,12
3790411,9.56217210925418,22
3790423,9.714525661141906,12
3790424,10.0,1
3790430,9.908936228574785,6
3790443,9.63395437049456,13
3790448,9.9041759426785,5
3790454,9.913185266576795,6
3790463,9.827083403312555,9
3790476,9.739472469652183,13
3790479,9.961364219567916,3
3790492,9.7803594097724,13
3790506,9.596563197696767,14
3790512,9.908965172914648,6
3790525,9.69592132930935,13
3790539,9.690987439107369,14
3790544,9.91803060525077,5
3790557,9.712060352394529,13
3790563,9.877679479531995,6
3790576,9.709169990536779,13
3790582,9.889925768797566,6
3790596,9.72284228467726,14
3790601,9.926575628773632,5
3790611,9.792520634394055,10
3790620,9.825705240598197,9
3790627,9.864743458346195,7
3790631,9.941372690677229,4
3790642,9.774062642743784,11
3790652,9.813080217900854,10
3790653,10.0,1
3790664,9.77862132219644,11
3790671,9.847852897914219,7
3790682,9.772845608848279,11
3790691,9.812495890370469,9
3790701,9.824759632929108,10
3790712,9.76412585623854,11
3790716,9.957670663006732,4
3790717,10.0,1
3790728,9.780536568995416,11
3790731,9.953931219167695,3
3790735,9.933055462526484,4
3790740,9.90742286243688,5
3790741,10.0,1
3790742,10.0,1
3790750,9.848990490030415,8
3790764,9.66108873443844,14
3790776,9.715057286827395,12
3790787,9.768959333630885,11
3790792,9.910460964530584,5
3790793,10.0,1
3790805,9.73639567827828,12
3790809,9.945559700791666,4
3790813,9.936121587044655,4
3790823,9.793414611554924,10
3790834,9.764682436351919,11
3790836,9.980653934556345,2
3790844,9.838306237785954,8
3790860,9.646739029259967,16
3790869,9.808648722145536,9
3790879,9.802852845084026,10
3790886,9.86334912117604,7
3790887,10.0,1
3790900,9.732308090305526,13
3790915,9.673053147501156,15
3790920,9.91570455057333,5
3790938,9.633259589262503,18
3790942,9.922976475418317,4
3790954,9.712736644368142,12
3790973,9.577585637583063,19
3790982,9.814877108545199,9
3790996,9.390391937293503,14
3790997,10.0,1
3791014,9.605022984342694,17
3791019,9.919209849748956,5
3791026,9.876747813166464,7
3791030,9.94353098742797,4
3791039,9.835042107437982,9
3791045,9.902235695963489,6
3791053,9.868934298711302,8
3791064,9.794969328587895,11
3791074,9.816533180885777,10
3791080,9.901614717658543,6
3791091,9.777101839977766,11
3791097,9.889406755742083,6
3791107,9.719444018439114,10
3791121,9.68377394351251,14
3791128,9.79724925716488,7
3791143,9.632759913408655,15
3791150,9.873453230401784,7
3791155,9.910874634017583,5
3791165,9.805760520260092,10
3791166,10.0,1
3791167,10.0,1
3791171,9.934133306452422,4
3791172,9.99661344622206,1
3791173,10.0,1
3791187,9.674471468297359,14
3791194,9.855271607154926,7
3791208,9.729405902576774,14
3791216,9.838071237595475,8
3791223,9.868514602198466,7
3791230,9.859337592126865,7
3791237,9.863513578059031,7
3791244,9.867324304658544,7
3791247,9.96031438735261,3
3791257,9.797958896723808,10
3791267,9.795623911381131,10
3791268,10.0,1
3791269,10.0,1
3791277,9.862310051414378,8
3791287,9.788734506440283,10
3791293,9.90928535956863,6
3791306,9.51805194400771,13
3791315,9.854033127712059,9
3791320,9.721021971882209,5
3791326,9.886753916165999,6
3791333,9.875089936333204,7
3791344,9.779533441661282,11
3791360,9.626475318929225,16
3791370,9.775551757004044,10
3791374,9.94801034701646,4
3791382,9.855771862110227,8
3791383,9.996465220079717,1
3791395,9.739215313054965,12
3791403,9.84510655969483,8
3791410,9.859632268169523,7
3791418,9.824819430479062,8
3791421,9.961011431547014,3
3791426,9.918503896051618,5
3791432,9.891185890352515,6
3791438,9.895795601976943,6
3791442,9.940809120389908,4
3791445,9.962598298825695,3
3791452,9.877800216091524,7
3791454,9.970783895321896,2
3791463,9.835316356024727,9
3791472,9.823583289695769,9
3791474,9.971654824244117,2
3791484,9.777765931111377,10
3791498,9.747422556375417,14
3791510,9.720241129356314,12
3791519,9.816253735960201,9
3791531,9.747245910206088,12
3791532,10.0,1
3791535,9.951714491214473,3
3791543,9.844525021965119,8
3791544,9.992937360957834,1
3791556,9.731633844872896,12
3791571,9.591328937079165,15
3791583,9.73130946078976,12
3791588,9.932421385703528,5
3791590,9.984450220180877,2
3791591,10.0,1
3791599,9.85530061042473,8
3791606,9.86737347029552,7
3791618,9.741911778771401,12
3791627,9.79608968935982,9
3791633,9.894932119563693,6
3791646,9.723688475643316,13
3791651,9.910694866163631,5
3791662,9.752907566190661,11
3791675,9.69972739332569,13
3791686,9.782892353382419,11
3791687,10.0,1
3791693,9.900810359026055,6
3791698,9.923445849118682,5
3791716,9.636615268626027,18
3791721,9.898689481083407,5
3791730,9.816255209208618,9
3791743,9.50512421607913,13
3791744,10.0,1
3791763,9.01509142209373,19
3791780,9.648835611506124,17
3791781,10.0,1
3791786,9.909731975999872,5
3791787,9.989699771273322,1
3791807,7.836781440589011,20
3791817,9.782027402795457,10
3791830,9.748437179778698,13
3791835,9.917443596838048,5
3791841,9.904211732889275,6
3791842,10.0,1
3791849,9.795388017315465,7
3791855,9.911650253180376,6
3791867,9.736982813302955,12
3791878,9.780822892907167,11
3791889,9.770258785111285,11
3791899,9.783115880121821,10
3791901,9.96915145282217,2
3791913,9.732359306128737,12
3791917,9.946956496031001,4
3791932,9.646674169661665,15
3791937,9.923549455573344,5
3791954,9.52065287464537,17
3791958,9.94264155847999,4
3791962,9.939425831912889,4
3791972,9.795657742316251,10
3791973,10.0,1
3791975,9.967771261372192,2
3791982,9.893011649119607,7
3791993,9.756166075421326,11
3792001,9.859755974465006,8
3792007,9.878540195632109,6
3792012,9.91883456529976,5
3792023,9.7446850700646,11
3792066,8.562221826453042,43
3792077,9.746537898639088,11
3792084,9.859907261888043,7
3792093,9.83469534741457,9
3792100,9.854932426993596,7
3792111,9.803362689718753,11
3792115,9.935285391746568,4
3792122,9.879756534748092,7
3792130,9.82311469106743,8
3792141,9.73966800221025,11
3792144,9.967786849313814,3
3792161,9.603062578764991,17
3792167,9.879943236314897,6
3792181,9.568319674269633,14
3792187,9.926482545130767,6
3792197,9.785266573202584,10
3792207,9.801991229147443,10
3792216,9.816987156564904,9
3792225,9.804597499216372,9
3792237,9.73536056922355,12
3792239,9.984675121980521,2
3792249,9.780736229260441,10
3792258,9.837081213852619,9
3792264,9.899118675105058,6
3792269,9.904547707066216,5
3792275,9.88887381700473,6
3792287,9.415248897106224,12
3792302,9.667980758108357,15
3792315,9.700709922620206,13
3792319,9.933400830698233,4
3792325,9.88179621977518,6
3792330,9.904151954341728,5
3792340,9.807317500369692,10
3792343,9.966561122143045,3
3792369,9.149799046370305,26
3792380,9.765791446316497,11
3792384,9.951622226970231,4
3792385,10.0,1
3792396,9.739760476801951,11
3792399,9.96400035249505,3
3792414,9.659372998483626,15
3792425,9.597608209940823,11
3792427,9.976078899644007,2
3792437,9.77747987441291,10
3792445,9.87572065081623,8
3792452,9.867488921222098,7
3792463,9.758222271416395,11
3792467,9.944824281692968,4
3792478,9.752128803771491,11
3792487,9.821947742717093,9
3792492,9.913634305681512,5
3792509,9.66289347849018,17
3792518,9.848023339671881,9
3792526,9.84587997079608,8
3792537,9.749932978536444,11
3792548,9.79801074240194,11
3792549,10.0,1
3792559,9.563075193050555,10
3792573,9.708255548801736,14
3792584,9.76897984032087,11
3792585,9.992683316856287,1
3792592,9.897084460906926,7
3792599,9.893862120552258,7
3792606,9.876006481768846,7
3792615,9.818866220187244,9
3792617,9.983414768932425,2
3792622,9.918289805521797,5
3792633,9.796138275206392,11
3792642,9.819132524078908,9
3792650,9.838869231534403,8
3792661,9.762510933235669,11
3792670,9.809176753347945,9
3792675,9.919842942563417,5
3792682,9.897767578127738,7
3792696,9.686146893645384,14
3792717,9.638828309669424,21
3792722,9.926176799357355,5
3792725,9.96265638813382,3
3792744,9.663187664252892,19
3792759,9.691761787884655,15
3792760,10.0,1
3792765,9.926838877919595,5
3792779,9.713653785763311,14
3792780,9.992935524402697,1
3792803,9.58042294321382,23
3792816,9.688412826112602,13
3792829,9.59940621831459,13
3792830,10.0,1
3792842,9.758286640836914,12
3792845,9.959002782055988,3
3792853,9.856164796018005,8
3792861,9.836173691322792,8
3792873,9.769849964221114,12
3792874,10.0,1
3792881,9.881264197024233,7
3792889,9.87447856608027,8
3792897,9.857233679410793,8
3792900,9.960022943128427,3
3792906,9.876340306966023,6
3792907,9.989675080638685,1
3792911,9.942462399863578,4
3792920,9.808748538168746,9
3792931,9.756235713078546,11
3792937,9.891298815731428,6
3792940,9.95180564127757,3
3792941,9.996270796941577,1
3792946,9.93685403133762,5
3792955,9.797952222437338,9
3792968,9.701209377736195,13
3792977,9.81177811940684,9
3792979,9.97676537001862,2
3792988,9.820501038826064,9
3792989,10.0,1
3792993,9.943676393339198,4
3792997,9.938312204377585,4
3793004,9.879251268816345,7
3793011,9.862684591112707,7
3793023,9.743486573304606,12
3793034,9.753997216040403,11
3793047,9.758501721934604,13
3793052,9.927247930820187,5
3793068,9.639693478710607,16
3793069,9.99665629368541,1
3793078,9.81984411555704,9
3793083,9.89750827095795,5
3793095,9.733866631048011,12
3793102,9.87756775722676,7
3793106,9.94242377962689,4
3793117,9.753832030547219,11
3793128,9.743529319444415,11
3793137,9.818602105707866,9
3793143,9.898842369008287,6
3793155,9.756085884348538,12
3793170,9.729781561660158,15
3793183,9.713191732368118,13
3793197,9.673613864580755,14
3793201,9.935751363153045,4
3793209,9.652019031335689,8
3793221,9.546536889832556,12
3793222,10.0,1
3793224,9.974481572944846,2
3793237,9.697741577973867,13
3793241,9.930531075387066,4
3793255,9.685679068941116,14
3793258,9.967658835331447,3
3793269,9.757326350177177,11
3793273,9.933242552090544,4
3793288,9.480387362410308,15
3793302,9.607503672972378,14
3793313,9.809758430481335,11
3793323,9.805078670129957,10
3793337,9.674831839688721,14
3793349,9.739290623198373,12
3793364,9.606686345082434,15
3793376,9.785253744908756,12
3793381,9.903036696213393,5
3793401,9.509007254313012,20
3793413,9.727177137450436,12
3793421,9.842956270929232,8
3793433,9.748263928663832,12
3793440,9.886003866612596,7
3793446,9.908412938099273,6
3793456,9.77813612272811,10
3793468,9.734587757698819,12
3793476,9.83868702265577,8
3793480,9.9270238121844,4
3793486,9.899288130493089,6
3793492,9.902814282065533,6
3793497,9.927402320542075,5
3793501,9.947835858024806,4
3793509,9.845643474623154,8
3793516,9.862067372345471,7
3793529,9.74628066562486,13
3793531,9.97445148784209,2
3793542,9.77195001167664,11
3793549,9.87582801377045,7
3793559,9.782387373522202,10
3793560,9.99658725788345,1
3793563,9.955267975621336,3
3793575,9.757588236442384,12
3793585,9.781484100501451,10
3793598,9.681093035729983,13
3793608,9.826738956588711,10
3793611,9.961989790453158,3
3793628,9.643412254706607,17
3793643,9.694242468232995,15
3793651,9.844081945498504,8
3793658,9.865546805035532,7
3793675,9.616257098065404,17
3793685,9.839748793981625,10
3793694,9.819898052180552,9
3793705,9.789489000160609,11
3793707,9.974733495867296,2
3793712,9.912701171815067,5
3793724,9.705690371512148,12
3793733,9.799484769341998,9
3793739,9.902879711434991,6
3793747,9.816888983522514,8
3793757,9.78667305261667,10
3793767,9.809328803540021,10
3793783,9.565996906282123,16
3793789,9.798841514412826,6
3793795,9.89220813780457,6
3793799,9.941335529103503,4
3793808,9.817826637764691,9
3793809,10.0,1
3793815,9.897954927137038,6
3793825,9.789747787658456,10
3793840,9.706078534568025,15
3793852,9.741288405883962,12
3793855,9.950457785119523,3
3793863,9.829665457724325,8
3793879,9.42517327584597,16
3793883,9.926514951743016,4
3793885,9.979663302448886,2
3793888,9.959658420006837,3
3793889,10.0,1
3793898,9.824508335497063,9
3793901,9.963994228218287,3
3793911,9.790811001479435,10
3793919,9.84499000891327,8
3793930,9.76171226185147,11
3793931,9.996584697401225,1
3793938,9.856459502777517,7
3793941,9.960590972903981,3
3793959,9.610702256578548,18
3793970,9.766646191604991,11
3793979,9.828039118716434,9
3793989,9.814047918216476,10
3793990,10.0,1
3793991,10.0,1
3794002,9.760091699411333,11
3794015,9.729515070844638,13
3794016,10.0,1
3794024,9.851684115570562,8
3794034,9.80046984900171,10
3794041,9.868546643911877,7
3794053,9.754416063047383,12
3794061,9.846560807248176,8
3794062,10.0,1
3794068,9.889239440249813,6
3794076,9.842490047527601,8
3794085,9.81967366174901,9
3794094,9.836626262195788,9
3794102,9.838423853737872,8
3794109,9.868746214827771,7
3794114,9.915423049335313,5
3794127,9.721662984479954,13
3794132,9.91605958875269,5
3794151,9.556384275102829,19
3794155,9.9448641603372,4
3794161,9.90003054835997,6
3794173,9.738418870172376,12
3794188,9.75406285457711,15
3794189,10.0,1
3794190,10.0,1
3794199,9.84770718354996,9
3794200,10.0,1
3794209,9.819576585947358,9
3794213,9.936810398335194,4
3794221,9.832657782377487,8
3794230,9.78650930624824,9
3794231,10.0,1
3794241,9.781093476724038,10
3794250,9.82374970395183,9
3794260,9.791601991239528,10
3794273,9.724519235766483,13
3794286,9.709345577180384,13
3794289,9.955694901806304,3
3794290,9.9959065310662,1
3794305,9.685920044860056,15
3794311,9.898873690622137,6
3794318,9.86511781808129,7
3794327,9.838381062924618,9
3794336,9.80078008935794,9
3794345,9.815354600637797,9
3794362,9.592040919131671,17
3794366,9.936627562286514,4
3794367,10.0,1
3794376,9.831979541023887,9
3794384,9.862741313895656,8
3794396,9.76188898307435,12
3794399,9.965141290881542,3
3794409,9.788625091719606,10
3794418,9.83282893197496,9
3794430,9.753690057753788,12
3794435,9.909412084554074,5
3794447,9.738076579429888,12
3794454,9.886240787360292,7
3794456,9.97283147877704,2
3794466,9.777656693070293,10
3794478,9.77282516976049,12
3794494,9.674371782984949,16
3794497,9.956508288183773,3
3794509,9.73660739009642,12
3794514,9.920743689273657,5
3794537,9.576534021658452,23
3794547,9.827999473764363,10
3794548,9.989183751099022,1
3794556,9.821641453236396,8
3794561,9.913201117149773,5
3794562,10.0,1
3794570,9.828721045802723,8
3794579,9.82640387014555,9
3794584,9.924101937183098,5
3794587,9.969228652818567,3
3794598,9.758008932743824,11
3794599,10.0,1
3794608,9.814322434560964,9
3794611,9.952154344153124,3
3794624,9.734152600494571,13
3794629,9.924947397350156,5
3794638,9.624741859444294,9
3794646,9.818632331619932,8
3794649,9.949211591672663,3
3794658,9.799609823547605,9
3794665,9.854894202494215,7
3794669,9.945605795027287,4
3794670,9.993302524870058,1
3794677,9.881250777534888,7
3794713,9.25852510644552,36
3794726,9.725810442025283,13
3794734,9.852630107324911,8
3794740,9.914460131456964,6
3794750,9.814954981360962,10
3794751,10.0,1
3794760,9.827469038012591,9
3794773,9.527173097011524,13
3794786,9.715539037840811,13
3794788,9.98410441133459,2
3794796,9.87469807356236,8
3794804,9.829666304877318,8
3794813,9.826354391889918,9
3794825,9.728937340377628,12
3794837,9.761771540706736,12
3794844,9.88507358526344,7
3794845,9.991957272718023,1
3794855,9.771491883133303,10
3794867,9.714046418233922,12
3794868,10.0,1
3794881,9.710563222687005,13
3794892,9.779183257344474,11
3794900,9.82900171184337,8
3794910,9.799383085224937,10
3794918,9.817532134844715,8
3794929,9.744200495831882,11
3794936,9.857870036386311,7
3794949,9.722594588493097,13
3794954,9.716539983488495,5
3794968,9.702207164649629,14
3794974,9.89486365052876,6
3794979,9.913641748664148,5
3794993,9.695218366670483,14
3794999,9.901146923469453,6
3795000,10.0,1
3795017,9.611877536448526,17
3795024,9.878997298590818,7
3795033,9.822955585255068,9
3795045,9.72204831040224,12
3795048,9.950939216001549,3
3795059,9.774647154265818,11
3795066,9.88338458356257,7
3795081,9.658046482458106,15
3795085,9.934446522260394,4
3795087,9.968935477215373,2
3795090,9.970681663248307,3
3795098,9.847203007611162,8
3795113,9.66408237893624,15
3795119,9.880244628957545,6
3795120,9.993126104081286,1
3795132,9.756890406893165,12
3795142,9.778403893994014,10
3795143,10.0,1
3795151,9.854872380243124,8
3795161,9.81218276371866,10
3795170,9.840727562481389,9
3795171,10.0,1
3795178,9.865739591970254,7
3795193,9.655761038674742,15
3795194,10.0,1
3795204,9.796852299771063,10
3795216,9.763890876497221,12
3795224,9.858420627568869,8
3795231,9.865179079850778,7
3795235,9.95602514588957,4
3795246,9.781958727107119,11
3795247,10.0,1
3795258,9.775189429535613,11
3795265,9.874787549951597,7
3795269,9.941247037022586,4
3795275,9.897205161182763,6
3795284,9.829216406336084,9
3795292,9.83055886088098,8
3795304,9.726478730520801,12
3795314,9.791836664289567,10
3795328,9.707918746198663,14
3795335,9.883605246289786,7
3795341,9.892021548911705,6
3795349,9.865377305475954,8
3795367,9.654043547671318,18
3795377,9.7811323096209,10
3795391,9.710156470210068,14
3795392,9.991485411649643,1
3795403,9.776043815073066,11
3795404,10.0,1
3795412,9.8413336853286,8
3795423,9.763977474134256,11
3795428,9.91258549411862,5
3795438,9.821477336084222,10
3795448,9.785493863539557,10
3795458,9.805567453012788,10
3795463,9.92714659164939,5
3795472,9.837271937923134,9
3795473,10.0,1
3795486,9.725390912869727,13
3795491,9.905357276313959,5
3795499,9.83700047536581,8
3795510,9.773047759992178,11
3795518,9.8621559116415,8
3795530,9.739629212745216,12
3795535,9.915249712146892,5
3795545,9.811756595898066,10
3795553,9.859836067228187,8
3795564,9.775038500553636,11
3795565,10.0,1
3795573,9.824609890847219,8
3795574,10.0,1
3795591,9.39100706285983,17
3795605,9.673291105991467,14
3795615,9.777411620092089,10
3795628,9.709579571073037,13
3795638,9.79064651149771,10
3795650,9.741061556004002,12
3795661,9.77458863715991,11
3795676,9.654649293791755,15
3795684,9.843944668013616,8
3795690,9.882242365048654,6
3795701,9.649357123168969,11
3795713,9.746133778159415,12
3795721,9.844771263737577,8
3795733,9.767347159052239,12
3795738,9.929984619113906,5
3795749,9.791711047339605,11
3795755,9.888856572351695,6
3795767,9.74218581687186,12
3795773,9.875008181134255,6
3795790,9.588322592762708,17
3795802,9.737894545666208,12
3795805,9.960689068499796,3
3795820,9.675636997991374,15
3795829,9.84058658644741,9
3795831,9.975650523763518,2
3795837,9.908297023174452,6
3795840,9.966713034169317,3
3795853,9.741197032965601,13
3795862,9.79533856815292,9
3795873,9.748754283180412,11
3795877,9.933148643238678,4
3795889,9.760859929197483,12
3795894,9.911177450056114,5
3795913,9.584246340046713,19
3795915,9.98302781010867,2
3795922,9.863514158511116,7
3795932,9.78898380417307,10
3795943,9.804115105534263,11
3795954,9.776467867662012,11
3795971,9.607433303134181,17
3795972,10.0,1
3795981,9.8098025219376,9
3795985,9.933946641492907,4
3795993,9.84642163445444,8
3796007,9.673837536492881,14
3796017,9.789282309056299,10
3796025,9.841411121335673,8
3796036,9.766758631808646,11
3796044,9.85382925717103,8
3796050,9.883970592666634,6
3796079,4.407884125384462,29
3796083,9.947818194503059,4
3796089,9.887833692053826,6
3796090,10.0,1
3796098,9.847263629981095,8
3796106,9.83503720536548,8
3796118,9.732589545798312,12
3796131,9.706795693281475,13
3796140,9.820740613947333,9
3796147,9.867376706960613,7
3796156,9.789914357359656,9
3796168,9.771039027564509,12
3796173,9.928377436391376,5
3796180,9.86515133945459,7
3796188,9.836770882715431,8
3796201,9.72433871631022,13
3796215,9.703247363284724,14
3796233,9.525444876629622,18
3796234,10.0,1
3796239,9.918142729940408,5
3796252,9.723162652345128,13
3796256,9.926494243625838,4
3796259,9.965454574930511,3
3796262,9.958181807638258,3
3796274,9.781793569427855,12
3796291,9.647636481647597,17
3796300,9.807865861927898,9
3796306,9.896974046709932,6
3796315,9.811296145296044,9
3796327,9.760023393552167,12
3796330,9.962148093637984,3
3796350,9.509911057258584,20
3796361,9.774017624152588,11
3796367,9.891688522666085,6
3796376,9.829828517469943,9
3796380,9.94535344048953,4
3796387,9.879609690537306,7
3796403,9.679859466834069,16
3796411,9.842467544628239,8
3796426,9.670089804340606,15
3796439,9.706172671931531,13
3796442,9.969788189073414,3
3796444,9.971498354711796,2
3796450,9.912027016296332,6
3796463,9.713639466144489,13
3796475,9.78323670833971,12
3796476,10.0,1
3796487,9.760049150814659,11
3796494,9.883766751063463,7
3796506,9.749354116039763,12
3796510,9.928709323244787,4
3796517,9.869969188167634,7
3796527,9.819738500050263,10
3796537,9.803685646538764,10
3796538,10.0,1
3796553,9.710984220092087,15
3796559,9.898714308094673,6
3796574,9.660412903610547,15
3796587,9.729307404005267,13
3796609,9.454950508064764,22
3796620,9.755463502453448,11
3796632,9.777118211204348,12
3796639,9.869097680606156,7
3796643,9.933120150463775,4
3796655,9.74773927041362,12
3796663,9.854787684867375,8
3796676,9.71901422845412,13
3796677,10.0,1
3796690,9.696751808221494,13
3796703,9.700783188381232,13
3796715,9.781354567983076,12
3796719,9.945323831352002,4
3796721,9.973097279779752,2
3796728,9.880849506193039,7
3796736,9.83667633316569,8
3796751,9.640634108915533,15
3796762,9.790209048208789,11
3796765,9.965769023370559,3
3796777,9.713955577689742,12
3796778,10.0,1
3796792,9.738061820262288,14
3796799,9.871348546441709,7
3796810,9.805283898544793,11
3796819,9.862807698246684,9
3796822,9.96279576463058,3
3796823,9.99276193796696,1
3796824,10.0,1
3796836,9.736959833683267,12
3796846,9.758945777613986,10
3796848,9.977993361934756,2
3796849,10.0,1
3796853,9.92950567448375,4
3796863,9.57169663079025,10
3796872,9.81251005109922,9
3796877,9.906160880931337,5
3796888,9.778919132209614,11
3796893,9.908057403451807,5
3796903,9.802400973631467,10
3796911,9.863797577694095,8
3796923,9.743205940594533,12
3796932,9.809109289868905,9
3796953,9.507214476403824,21
3796959,9.88390721447135,6
3796968,9.805390049234061,9
3796979,9.786985389823933,11
3796983,9.925328513209019,4
3796986,9.965061054068968,3
3796995,9.806201151110285,9
3796996,10.0,1
3797006,9.776352686108355,10
3797014,9.826756729290524,8
3797025,9.787615355882409,11
3797030,9.918798036573811,5
3797039,9.81267503818656,9
3797040,10.0,1
3797049,9.817335581222384,9
3797059,9.784463212565088,10
3797068,9.821962671233216,9
3797075,9.878625798477708,7
3797081,9.869777893618847,6
3797093,9.731999945419583,12
3797096,9.951258360746085,3
3797103,9.890578545740153,7
3797109,9.902458378717904,6
3797112,9.945842718041577,3
3797116,9.947312008184634,4
3797124,9.821541185165069,8
3797140,9.493386801916012,16
3797154,9.700949456210424,14
3797163,9.818481163865728,9
3797170,9.86881713218713,7
3797171,10.0,1
3797173,9.985366121625235,2
3797183,9.775894593549493,10
3797195,9.739304041867985,12
3797202,9.872561357014744,7
3797210,9.840004167602167,8
3797211,10.0,1
3797217,9.890398986418585,6
3797219,9.970743223538605,2
3797227,9.830810100420337,8
3797236,9.817508818966614,9
3797245,9.815788886260766,9
3797256,9.763895746302756,11
3797260,9.93493454528463,4
3797273,9.697952249201803,13
3797290,9.622900623051322,17
3797300,9.785753540390294,10
3797313,9.70237552604885,13
3797320,9.866433301722383,7
3797326,9.873359833394757,6
3797333,9.856548384639465,7
3797340,9.860989721897505,7
3797348,9.833341153055791,8
3797358,9.809764947168155,10
3797366,9.852340043593884,8
3797372,9.900046244000055,6
3797379,9.851736066527184,7
3797384,9.619103103505083,5
3797391,9.865981940134233,7
3797394,9.962551300248863,3
3797395,10.0,1
3797407,9.738306734202798,12
3797413,9.898645605816343,6
3797424,9.773707143236305,11
3797431,9.878006327231713,7
3797444,9.74110786401747,13
3797456,9.740006056281741,12
3797461,9.916992646225411,5
3797481,9.595200827917559,20
3797485,9.9450643518233,4
3797488,9.9633720528713,3
3797495,9.887115954030403,7
3797502,9.907481843971297,7
3797509,9.864421681842238,7
3797520,9.812090302632482,11
3797528,9.841057475876674,8
3797534,9.900169002853268,6
3797550,9.640309963654131,16
3797553,9.945961125242698,3
3797569,9.630606906679644,16
3797570,10.0,1
3797576,9.887076460364234,6
3797583,9.871903326210703,7
3797592,9.816977025578431,9
3797605,9.708189260636566,13
3797614,9.820340918032965,9
3797632,9.603717816745943,18
3797633,10.0,1
3797642,9.62813980367997,9
3797651,9.8385973669619,9
3797665,9.728102421570016,14
3797670,9.910788354603667,5
3797686,9.668230161162656,16
3797691,9.801444870421287,5
3797698,9.86165503207822,7
3797709,9.751128117670243,11
3797745,9.240059734614865,36
3797759,9.678898214279547,14
3797770,9.801374383960141,11
3797788,9.567997881759798,18
3797794,9.916377028215566,6
3797803,9.817915421301434,9
3797812,9.805539166770995,9
3797824,9.757705648160707,12
3797831,9.898708912856216,7
3797840,9.821925793137893,9
3797845,9.90659991819068,5
3797846,10.0,1
3797857,9.769506762502948,11
3797867,9.769553437858006,10
3797872,9.92142486267126,5
3797895,9.500697008117081,23
3797903,9.863526650904305,8
3797912,9.82812840650572,9
3797924,9.743749253306733,12
3797928,9.936788625413412,4
3797930,9.981268926767159,2
3797935,9.93178237013373,5
3797943,9.843859853952582,8
3797944,10.0,1
3797958,9.713084741539667,14
3797969,9.652346469810576,11
3797970,10.0,1
3797971,10.0,1
3797974,9.950003113565021,3
3797983,9.806084677321811,9
3797994,9.769403902362264,11
3798003,9.832170177241137,9
3798005,9.972421837971302,2
3798006,10.0,1
3798007,10.0,1
3798017,9.796417493294573,10
3798026,9.808341407385546,9
3798029,9.953726057629405,3
3798038,9.821403459036675,9
3798039,9.992629082099558,1
3798043,9.936947739329382,4
3798055,9.731938303115285,12
3798065,9.801015393512255,10
3798073,9.837074257791729,8
3798079,9.898962337692803,6
3798083,9.949518281475664,4
3798084,10.0,1
3798090,9.903726969480255,6
3798100,9.786488198746857,10
3798111,9.759478677250328,11
3798123,9.746165255935825,12
3798134,9.777150279290503,11
3798139,9.91421573583602,5
3798140,10.0,1
3798147,9.85857858285709,7
3798154,9.87067672394776,7
3798159,9.911294495305464,5
3798172,9.729682253493259,13
3798188,9.699740865675366,16
3798189,9.993465826957559,1
3798199,9.822739227001732,10
3798215,9.641674217886814,16
3798223,9.885065850586773,8
3798229,9.875074197943471,6
3798243,9.684056663796461,14
3798251,9.858583525582391,8
3798259,9.73840704827485,8
3798267,9.832664655290689,8
3798277,9.774085799842988,10
3798278,10.0,1
3798293,9.68201892558572,15
3798306,9.698817469658252,13
3798319,9.700944372569639,13
3798335,9.733566366698065,16
3798350,9.671654707708381,15
3798362,9.73210494659579,12
3798375,9.610511582799228,13
3798385,9.766055531283607,10
3798395,9.784573468756147,10
3798406,9.791475663186455,11
3798411,9.92762211448281,5
3798415,9.930209046862773,4
3798416,10.0,1
3798426,9.785433838525211,10
3798436,9.792149394362292,10
3798446,9.788735998037858,10
3798450,9.936002722159625,4
3798453,9.951844326355149,3
3798459,9.903618655213178,6
3798471,9.735742934599344,12
3798474,9.948375993498898,3
3798486,9.727023454827986,12
3798497,9.73695592322565,11
3798503,9.901246543878523,6
3798506,9.945327131370195,3
3798511,9.927405248561598,5
3798516,9.906081113119736,5
3798518,9.96950772488006,2
3798531,9.74933007456611,13
3798534,9.961707051806954,3
3798541,9.862181931891461,7
3798548,9.879003308510057,7
3798557,9.823149240936896,9
3798568,9.770972818366321,11
3798574,9.896473649813474,6
3798589,9.666139160996902,15
3798606,9.60446740077227,17
3798615,9.855243523735753,9
3798626,9.7524935551782,11
3798627,9.989543320621083,1
3798640,9.741874135824231,13
3798646,9.90642858462233,6
3798657,9.7696445347537,11
3798664,9.862483520401039,7
3798674,9.806047842840384,10
3798686,9.723969367197634,12
3798694,9.849964348795378,8
3798697,9.960295169753087,3
3798713,9.662635801153144,16
3798720,9.892882729446786,7
3798733,9.762168167032407,13
3798745,9.728400153176299,12
3798753,9.823662479001568,8
3798759,9.908510708998918,6
3798774,9.653831622761198,15
3798789,9.671369983886732,15
3798807,9.594020069601608,18
3798825,9.626640090904761,18
3798841,9.656092087412304,16
3798853,9.760106703941759,12
3798864,9.666578867033147,11
3798872,9.731236872169022,8
3798882,9.777168306506235,10
3798886,9.846254230618824,4
3798894,9.865355554699418,8
3798906,9.754186183116017,12
3798915,9.801445939562091,9
3798925,9.839935155534373,10
3798930,9.933839317907756,5
3798947,9.583940859525748,17
3798964,9.494206581887399,17
3798968,9.940588575988556,4
3798969,10.0,1
3798970,9.996640434288913,1
3798982,9.75466859037189,12
3798995,9.737768732229215,13
3799005,9.791221686912191,10
3799014,9.813990513826633,9
3799027,9.718073634971493,13
3799031,9.927632333015234,4
3799044,9.704436715136717,13
3799053,9.815221139257053,9
3799063,9.793143916148647,10
3799076,9.701252903608394,13
3799081,9.922689570912269,5
3799091,9.795183996000787,10
3799104,9.732283640996126,13
3799105,10.0,1
3799112,9.897338991375864,7
3799123,9.771312538692316,11
3799126,9.96679934656584,3
3799133,9.867388575213091,7
3799139,9.874658259462759,6
3799150,9.757333133944096,11
3799157,9.871756702401537,7
3799163,9.884552180610287,6
3799174,9.792529485362559,11
3799184,9.79973552298618,10
3799185,10.0,1
3799190,9.92003696657717,5
3799194,9.939293525756474,4
3799205,9.77592173495975,11
3799216,9.758575703397113,11
3799222,9.88248936733331,6
3799232,9.77017540182166,10
3799237,9.918268923994113,5
3799239,9.984861961463551,2
3799246,9.866070126892293,7
3799255,9.819983344433213,9
3799258,9.959188781842764,3
3799267,9.804868794028122,9
3799270,9.948327191353533,3
3799280,9.761771503005258,10
3799287,9.850100781696364,7
3799288,10.0,1
3799291,9.94636830864984,3
3799292,10.0,1
3799300,9.860691177669782,8
3799310,9.795875937806438,10
3799320,9.813264673260857,10
3799337,9.612377803909292,17
3799338,10.0,1
3799353,9.662905911115594,15
3799365,9.762646540772836,12
3799366,10.0,1
3799374,9.846000068088658,8
3799383,9.841842126467517,9
3799388,9.925305183826376,5
3799393,9.91565225020161,5
3799406,9.735073105081378,13
3799416,9.779216519882269,10
3799420,9.936933816432685,4
3799425,9.910434393756224,5
3799437,9.72920110089619,12
3799451,9.671728383095298,14
3799462,9.752372859416601,11
3799476,9.703699842880766,14
3799485,9.820497241968587,9
3799500,9.670417825427329,15
3799505,9.919282958938807,5
3799509,9.74550900642659,4
3799521,9.726317043210177,12
3799529,9.842776050557777,8
3799532,9.96931552415514,3
3799537,9.94050911876841,5
3799539,9.972913350194155,2
3799544,9.913493025972908,5
3799555,9.756960075386536,11
3799561,9.893476699908431,6
3799574,9.718064958018662,13
3799581,9.882968278267759,7
3799589,9.87034688030121,8
3799597,9.8594813472261,8
3799603,9.907777941234443,6
3799634,9.03934588784523,31
3799637,9.965284051999747,3
3799648,9.776598744753095,11
3799655,9.87814204792447,7
3799662,9.876518844078827,7
3799675,9.704771620042122,13
3799681,9.90702857401998,6
3799690,9.804946934560286,9
3799696,9.913387928764083,6
3799701,9.915804435802466,5
3799710,9.839042306762154,9
3799722,9.794000775167792,12
3799734,9.635646503304732,12
3799744,9.780886742494417,10
3799760,9.641316381598099,16
3799761,9.99010485249553,1
3799787,9.552253312132,26
3799788,10.0,1
3799798,9.837992120288781,10
3799813,9.627342278733106,15
3799828,9.700876102670442,15
3799849,9.558184501087926,21
3799855,9.881800025445608,6
3799864,9.822864929305279,9
3799872,9.860354425201715,8
3799880,9.835150857961347,8
3799888,9.839411146283439,8
3799897,9.60893518885507,9
3799907,9.788157169595529,10
3799912,9.908011111310572,5
3799924,9.801817718933465,12
3799925,9.98800937116134,1
3799931,9.8849153140676,6
3799941,9.769116356902728,10
3799950,9.795701427754745,9
3799961,9.76306473292856,11
3799971,9.784832603864778,10
3799981,9.771075598767705,10
3799991,9.79261280753073,10
3800002,9.813736442900977,11
3800008,9.902572087795038,6
3800023,9.658003051018675,15
3800033,9.775406592775346,10
3800040,9.867503795951153,7
3800050,9.773460884347672,10
3800067,9.605547841659751,17
3800076,9.805455354576388,9
3800079,9.963940321519836,3
3800091,9.733176046033751,12
3800095,9.92867363390488,4
3800104,9.800263940816967,9
3800112,9.829890591230324,8
3800127,9.646941470806603,15
3800136,9.855605856090714,9
3800145,9.829408678031594,9
3800160,9.66694871950914,15
3800164,9.924819655588777,4
3800171,9.879119301822017,7
3800182,9.778029945073564,11
3800191,9.859585021794508,9
3800195,9.935458305818704,4
3800201,9.895458884546558,6
3800206,9.909432391214274,5
3800224,9.564622433448823,18
3800236,9.751536598131162,12
3800249,9.723552133957146,13
3800255,9.882715889600565,6
3800264,9.829364065836492,9
3800273,9.827690502337303,9
3800275,9.972597157363001,2
3800287,9.734852847718171,12
3800289,9.978347060853181,2
3800297,9.835576114998068,8
3800309,9.732752832216994,12
3800316,9.88181045434549,7
3800321,9.913226104039893,5
3800328,9.869268119456313,7
3800333,9.918472800943675,5
3800337,9.93363520293278,4
3800345,9.866510015373187,8
3800350,9.915724138232799,5
3800352,9.977778507325189,2
3800359,9.867304459904442,7
3800372,9.692008212499262,13
3800386,9.711975959982645,14
3800394,9.850340024084097,8
3800396,9.979921260335423,2
3800406,9.808267099812886,10
3800414,9.866900982904474,8
3800426,9.750954309971826,12
3800436,9.794950716633751,10
3800446,9.79679912900562,10
3800454,9.83472476472537,8
3800455,10.0,1
3800465,9.780934999644128,10
3800475,9.774048483273791,10
3800488,9.71055598301029,13
3800491,9.959562437657379,3
3800500,9.833269291965252,9
3800501,10.0,1
3800510,9.823373005815906,9
3800519,9.818637041254771,9
3800529,9.798744699233334,10
3800534,9.923117646210873,5
3800540,9.901250756955388,6
3800549,9.81244697342063,9
3800556,9.853628220458663,7
3800559,9.963824519789386,3
3800572,9.709807680215532,13
3800583,9.741197755624773,11
3800586,9.864759866369033,3
3800597,9.761283088181392,11
3800604,9.862363072183024,7
3800609,9.937142973818437,5
3800621,9.730755280149559,12
3800637,9.66225200662898,16
3800638,10.0,1
3800649,9.472583465151615,11
3800652,9.95646300992387,3
3800653,10.0,1
3800659,9.894820361553736,6
3800673,9.671375507290868,14
3800677,9.94888910248665,4
3800691,9.615167261255834,14
3800699,9.815591388275493,8
3800706,9.867296480293401,7
3800718,9.721966672836581,12
3800722,9.948837048620215,4
3800734,9.756025681635304,12
3800735,10.0,1
3800744,9.809293066268221,9
3800752,9.849519274902878,8
3800757,9.92241231927729,5
3800762,9.9174612003632,5
3800770,9.850217133459928,8
3800780,9.806397011335381,10
3800789,9.795585631028334,9
3800801,9.724651919066261,12
3800810,9.841334592988838,9
3800814,9.951763578954,4
3800827,9.745747052936933,13
3800834,9.88511924274913,7
3800846,9.725829602486412,12
3800851,9.923470651080102,5
3800860,9.814233000773338,9
3800872,9.736121243653796,12
3800880,9.834300477243765,8
3800898,9.5899077668152,18
3800902,9.853844979188002,4
3800914,9.732789052077937,12
3800926,9.736660549410443,12
3800938,9.785634900436364,12
3800945,9.878281087062375,7
3800953,9.833563762943017,8
3800954,10.0,1
3800955,10.0,1
3800968,9.727200860523471,13
3800973,9.912516708581517,5
3800979,9.898635111705444,6
3800992,9.693770578990755,13
3800995,9.950143380399771,3
3801009,9.682375840325118,14
3801016,9.891126339921815,7
3801027,9.768070731304382,11
3801028,10.0,1
3801034,9.900853212518953,6
3801039,9.91797104906463,5
3801050,9.734549758992788,11
3801060,9.786124701676183,10
3801068,9.859473591716961,8
3801075,9.85388174104427,7
3801085,9.797333115438507,10
3801086,10.0,1
3801092,9.895193933245183,6
3801097,9.896793482911347,5
3801104,9.862858097535359,7
3801110,9.897725748375379,6
3801119,9.804667303722695,9
3801138,9.550003878119524,19
3801151,9.713530560292515,13
3801160,9.797608034023686,9
3801170,9.805355017419188,10
3801172,9.971797614252822,2
3801178,9.914132862778185,6
3801194,9.642704725711333,16
3801200,9.897435694403951,6
3801209,9.841851748896481,9
3801214,9.907244519355901,5
3801224,9.81079196227047,10
3801235,9.784738377097048,11
3801246,9.807053319114877,11
3801247,9.996377467431374,1
3801248,9.996502343601453,1
3801257,9.810159215991733,9
3801258,10.0,1
3801259,10.0,1
3801260,10.0,1
3801269,9.799115444458467,9
3801278,9.831118534775648,9
3801284,9.885662553402312,6
3801290,9.894514740992513,6
3801299,9.81952631985511,9
3801305,9.882811382525292,6
3801315,9.776986499653018,10
3801344,9.297717547064353,29
3801347,9.965636687266752,3
3801355,9.821818474717011,8
3801362,9.880961983058516,7
3801377,9.659981316146876,15
3801385,9.82816641069596,8
3801390,9.915917889120506,5
3801397,9.861459045542588,7
3801409,9.759222937532057,12
3801415,9.910916118934722,6
3801419,9.945007373200992,4
3801423,9.942173982398446,4
3801426,9.950152288270612,3
3801433,9.86020636681532,7
3801438,9.925174859757963,5
3801445,9.86465221651066,7
3801454,9.838014431336683,9
3801455,10.0,1
3801466,9.74897614087885,11
3801472,9.892187212535811,6
3801477,9.904819171007178,5
3801489,9.744841917848108,12
3801491,9.974367359116147,2
3801500,9.814634763378027,9
3801512,9.709439887614929,12
3801517,9.917427959226869,5
3801518,10.0,1
3801523,9.904914744108662,5
3801526,9.965970076251256,3
3801529,9.954650367598003,3
3801534,9.918635957455095,5
3801535,10.0,1
3801549,9.681504393609842,14
3801555,9.905940753920337,6
3801559,9.943003829308067,4
3801573,9.672363562325105,14
3801576,9.96622000467952,3
3801577,10.0,1
3801578,10.0,1
3801584,9.885155931304679,6
3801592,9.869319766606036,8
3801599,9.864159825085531,7
3801614,9.678981389015735,15
3801623,9.796671874164423,9
3801625,9.983193042625299,2
3801638,9.753826885320038,13
3801645,9.840541890552155,7
3801657,9.731469460308322,12
3801669,9.764069791143466,12
3801678,9.817654733047956,9
3801687,9.836125487562576,9
3801699,9.725782731788714,12
3801706,9.845510813375281,7
3801715,9.812293629486136,9
3801723,9.873205207023629,8
3801727,9.943922240339202,4
3801735,9.850310073833258,8
3801741,9.909076116983115,6
3801749,9.840377127939284,8
3801760,9.79445347124498,11
3801764,9.926817981687144,4
3801769,9.91979410338489,5
3801773,9.94750344618155,4
3801782,9.815614087332516,9
3801790,9.84461106172292,8
3801802,9.77434206313491,12
3801815,9.773925772204231,13
3801821,9.893939484144706,6
3801827,9.895840333762331,6
3801835,9.839907619308768,8
3801842,9.866130610766438,7
3801855,9.71788602270006,13
3801873,9.62192150838094,18
3801879,9.899861121662147,6
3801888,9.801199338906953,9
3801895,9.876178787813439,7
3801898,9.959547373139626,3
3801903,9.915271221711043,5
3801922,9.504085297711578,19
3801930,9.8462619227249,8
3801940,9.816391321342664,10
3801945,9.913375049853016,5
3801948,9.949717172336417,3
3801956,9.846340322862767,8
3801965,9.816357509550844,9
3801971,9.8941699278183,6
3801979,9.843246352541575,8
3801987,9.858158482717277,8
3801999,9.656688812643422,12
3802003,9.94238136877295,4
3802013,9.81240829912741,10
3802022,9.813433780123109,9
3802030,9.823165660431059,8
3802031,10.0,1
3802037,9.901182268723337,6
3802045,9.843015057395492,8
3802055,9.773034192742598,10
3802066,9.778775917095016,11
3802077,9.798550569239424,11
3802080,9.954160132042423,3
3802081,10.0,1
3802090,9.3323840544616,9
3802098,9.828064105023412,8
3802107,9.822157316034888,9
3802108,10.0,1
3802114,9.871541115864478,6
3802121,9.847979243585328,7
3802128,9.858777507365106,7
3802129,10.0,1
3802130,10.0,1
3802133,9.953276823380802,3
3802137,9.941068791676896,4
3802153,9.631826240660915,16
3802163,9.783030420889329,10
3802179,9.597627185395531,16
3802186,9.875086541367981,7
3802195,9.804045032901067,9
3802205,9.809093352411704,10
3802207,9.975203307615889,2
3802216,9.833032002073846,9
3802226,9.823870109879495,10
3802237,9.776520480636417,11
3802248,9.799807031380453,11
3802256,9.83357347044752,8
3802268,9.72583692697811,12
3802277,9.834104160168435,9
3802281,9.934703907387089,4
3802286,9.906265994764972,5
3802300,9.704473093185138,14
3802306,9.888361397969451,6
3802316,9.793976251648044,10
3802320,9.943013286423264,4
3802322,9.976078276619086,2
3802331,9.79431476732906,9
3802339,9.841449280919898,8
3802345,9.91368484054452,6
3802354,9.804657497755642,9
3802367,9.689017112115495,13
3802376,9.835708313153171,9
3802388,9.763312902445001,12
3802389,10.0,1
3802392,9.956132704254552,3
3802398,9.903367212996647,6
3802411,9.704561943074987,13
3802419,9.830462727930813,8
3802429,9.829834229110505,10
3802430,10.0,1
3802435,9.923809652595232,5
3802447,9.76919595306648,12
3802458,9.742632887046096,11
3802464,9.791005083928999,6
3802473,9.794756058520445,9
3802479,9.90459212798221,6
3802482,9.959634142936169,3
3802493,9.775264022273815,11
3802503,9.793013334972338,10
3802517,9.663714625978105,14
3802524,9.886324723622375,7
3802526,9.981474462531258,2
3802536,9.490674916469189,10
3802547,9.753749425752803,11
3802560,9.73461791317476,13
3802569,9.812160915513195,9
3802580,9.785205619909869,11
3802593,9.730370197591927,13
3802606,9.724255837043671,13
3802617,9.778141686934767,11
3802627,9.779079788870302,10
3802628,10.0,1
3802637,9.830651771215816,9
3802638,9.993222487107024,1
3802651,9.716678932461035,13
3802661,9.78962514424878,10
3802679,9.570723984488136,18
3802692,9.729253755793767,13
3802701,9.828614388226198,9
3802716,9.672027229566675,15
3802729,9.762874638869915,13
3802736,9.881310070608171,7
3802742,9.912318425874089,6
3802752,9.795432621742108,10
3802754,9.974796163087344,2
3802758,9.95668953093019,4
3802761,9.960903361896737,3
3802763,9.982519913622093,2
3802775,9.765709776339952,12
3802781,9.900172663042316,6
3802785,9.953483640477755,4
3802795,9.803572924586579,10
3802807,9.794592887516002,12
3802816,9.827106327121959,9
3802819,9.963724063617462,3
3802820,10.0,1
3802825,9.915429004656554,5
3802831,9.895108096428158,6
3802833,9.974120900205612,2
3802844,9.789131987159688,11
3802850,9.894360910162618,6
3802865,9.640138774526239,15
3802874,9.80784282191667,9
3802884,9.797473645143423,10
3802899,9.662814291043626,15
3802906,9.87669527484541,7
3802907,9.996225636941421,1
3802908,10.0,1
3802915,9.887172386088901,7
3802919,9.929239771770808,4
3802930,9.768311399633335,11
3802934,9.93832774807863,4
3802935,10.0,1
3802936,10.0,1
3802938,9.97791048164462,2
3802944,9.907648564742797,6
3802956,9.751018783455889,12
3802969,9.609197571636944,13
3802980,9.68736553754818,11
3802989,9.832093170065908,9
3802999,9.772637161502601,10
3803014,9.67208711810953,15
3803022,9.836245005001544,8
3803030,9.83699016441802,8
3803038,9.82882493521637,8
3803047,9.802511746360613,9
3803051,9.92964727370684,4
3803060,9.830779710257998,9
3803067,9.86337450143601,7
3803073,9.892114086066085,6
3803081,9.817952538820645,8
3803100,9.582832055955523,19
3803106,9.876482921350348,6
3803116,9.799025774788316,10
3803119,9.960322546833414,3
3803133,9.682095429664724,14
3803145,9.768559608139357,12
3803146,9.989915171154133,1
3803157,9.762536204141021,11
3803165,9.833510847088526,8
3803173,9.868143340367633,8
3803177,9.95509075743665,4
3803181,9.937689915131196,4
3803199,9.622731834561908,18
3803209,9.771082140538391,10
3803219,9.847462619206864,10
3803229,9.766572303596423,10
3803232,9.957459567202891,3
3803237,9.911840125122673,5
3803244,9.857365200997592,7
3803252,9.848192034466656,8
3803260,9.842914446763883,8
3803268,9.845959224130404,8
3803282,9.713728577020161,14
3803292,9.817861620821999,10
3803297,9.9239233149905,5
3803298,10.0,1
3803307,9.811273650516329,9
3803315,9.84515901255464,8
3803316,9.992644929656864,1
3803317,10.0,1
3803319,9.972502084545459,2
3803333,9.677020704655371,14
3803337,9.931084445926642,4
3803342,9.811865192472279,5
3803348,9.881624846338072,6
3803359,9.756649954978128,11
3803366,9.787488502770122,7
3803374,9.82328132901099,8
3803387,9.739411874124919,13
3803392,9.933836616407177,5
3803393,10.0,1
3803397,9.851331176596936,4
3803409,9.740247153931467,12
3803420,9.75533732340519,11
3803432,9.773046981723216,12
3803436,9.932746121118834,4
3803440,9.932908737376133,4
3803441,9.996113066350553,1
3803445,9.93540417316381,4
3803456,9.787596436281182,11
3803465,9.837363721206058,9
3803474,9.832269663140046,9
3803489,9.55814624560206,15
3803497,9.831874035672083,8
3803503,9.8931246777164,6
3803505,9.983456328643712,2
3803520,9.65530716481247,15
3803529,9.842807561123953,9
3803530,10.0,1
3803538,9.900375223844856,8
3803543,9.911238599782017,5
3803556,9.730843257553493,13
3803569,9.690449128144689,13
3803577,9.849526383219986,8
3803593,9.662378131739798,16
3803604,9.768241178202958,11
3803615,9.775695131415015,11
3803623,9.839933917999371,8
3803629,9.903492813065906,6
3803634,9.930303127089449,5
3803641,9.89976504082635,7
3803650,9.853344750636557,9
3803655,9.91465324483117,5
3803656,10.0,1
3803665,9.83085115196228,9
3803666,10.0,1
3803678,9.753040594488272,12
3803679,10.0,1
3803692,9.712786832047415,13
3803703,9.770130956239303,11
3803708,9.93420100291738,5
3803712,9.934157700731857,4
3803722,9.583840645992954,10
3803736,9.694058619127878,14
3803740,9.938282683471504,4
3803746,9.903086496829054,6
3803760,9.668566915219186,14
3803772,9.73047456027313,12
3803782,9.81031791936977,10
3803787,9.915020229309624,5
3803794,9.773840556937165,7
3803808,9.663726105151147,14
3803817,9.81301093351729,9
3803828,9.782554410924071,11
3803830,9.970745457517033,2
3803838,9.827101818977217,8
3803852,9.667092761042717,14
3803859,9.854363889839364,7
3803864,9.925291906114401,5
3803877,9.515490635101706,13
3803891,9.69956434127919,14
3803898,9.868882724829803,7
3803906,9.83888028197219,8
3803916,9.7888687088303,10
3803919,9.862128398449801,3
3803933,9.667050520751742,14
3803940,9.876678240337103,7
3803956,9.62985281868433,16
3803962,9.893512162041333,6
3803975,9.707152840103305,13
3803985,9.802430530384173,10
3803989,9.926769187187952,4
3803990,10.0,1
3803991,9.992818989735333,1
3804010,9.572941102774122,19
3804022,9.749766310924347,12
3804030,9.842766594361656,8
3804036,9.90975018573347,6
3804037,10.0,1
3804041,9.94368726224593,4
3804047,9.882977992829467,6
3804048,9.98892618080932,1
3804056,9.810178654173264,8
3804057,9.992509303349467,1
3804060,9.965041772884026,3
3804061,10.0,1
3804063,9.976883053917387,2
3804064,10.0,1
3804073,9.826870241473179,9
3804076,9.962014944066544,3
3804078,9.975891659126624,2
3804082,9.927405171559943,4
3804088,9.881265596440068,6
3804096,9.858774870098753,8
3804103,9.881880733536835,7
3804110,9.894468986920081,7
3804113,9.954695471906856,3
3804120,9.87045154971446,7
3804123,9.966416587522597,3
3804124,10.0,1
3804141,9.622044852128424,17
3804146,9.916457937663955,5
3804159,9.716113156865088,13
3804162,9.964851174977037,3
3804171,9.815250002142658,9
3804179,9.83937293414869,8
3804184,9.90317270471692,5
3804188,9.936903639805747,4
3804200,9.735373835608245,12
3804213,9.689017081027835,13
3804216,9.965901570465025,3
3804226,9.766132714651592,10
3804240,9.673623596927314,14
3804250,9.76761640006602,10
3804257,9.878824287122185,7
3804262,9.913361237639178,5
3804278,9.62742899208537,16
3804279,10.0,1
3804282,9.95875856308276,3
3804287,9.91940575651128,5
3804302,9.651712055375768,15
3804303,9.996505430035048,1
3804311,9.85823598145711,8
3804321,9.809815321799213,10
3804331,9.787296508560539,10
3804334,9.962240886242183,3
3804349,9.663320682432282,15
3804363,9.682850398872947,14
3804372,9.803948804084392,9
3804379,9.883731439159428,7
3804384,9.921345624136135,5
3804394,9.806569906205413,10
3804404,9.808248628577118,10
3804410,9.875084856615704,6
3804421,9.756552434703071,11
3804431,9.779270234425583,10
3804436,9.921105206174659,5
3804460,9.434103778620228,24
3804470,9.796301059746003,10
3804479,9.814898828666575,9
3804484,9.920955689057505,5
3804489,9.91763475496978,5
3804496,9.842897007059658,7
3804510,9.697905914602886,14
3804517,9.893204044290835,7
3804521,9.927461341549987,4
3804525,9.952051129883742,4
3804543,9.571825755200168,18
3804556,9.716117504101414,13
3804566,9.810549987768898,10
3804575,9.839602122710122,9
3804586,9.80348563582372,11
3804591,9.915315717293542,5
3804592,10.0,1
3804597,9.914340137142455,5
3804601,9.939351840705868,4
3804613,9.73371934046811,12
3804617,9.941147757455001,4
3804630,9.67231587535592,13
3804633,9.95364002179696,3
3804642,9.810919282912877,9
3804661,9.590831791513889,19
3804672,9.774409639987542,11
3804677,9.9074373534201,5
3804691,9.72489592891875,14
3804702,9.791764658225881,11
3804710,9.883712409723552,8
3804720,9.775744271449756,10
3804724,9.948758352774568,4
3804740,9.606348817950296,16
3804742,9.971425780490765,2
3804746,9.954164467734127,4
3804750,9.933987228808675,4
3804758,9.849181228208515,8
3804760,9.968844537436913,2
3804769,9.82155495904581,9
3804772,9.850397481764846,3
3804782,9.771838171754686,10
3804793,9.78547180531024,11
3804794,10.0,1
3804804,9.795759155794514,10
3804812,9.836328958578852,8
3804823,9.765675808419799,11
3804824,10.0,1
3804828,9.835896928686042,4
3804843,9.472421176317063,15
3804844,10.0,1
3804849,9.789955115093464,5
3804858,9.799627089188586,9
3804861,9.953897598703023,3
3804868,9.87114136066641,7
3804887,9.458490023326453,19
3804893,9.892279228244197,6
3804900,9.89598371443284,7
3804913,9.732332431169796,13
3804917,9.942623859204934,4
3804935,9.36153046068275,18
3804949,9.687503839496078,14
3804958,9.81644567091626,9
3804973,9.63668549993562,15
3804977,9.94379313043203,4
3804978,10.0,1
3804985,9.883998647726497,7
3804994,9.82625995185127,9
3805005,9.775932534322829,11
3805015,9.789755517795603,10
3805018,9.95094038964183,3
3805019,9.988335205312646,1
3805020,10.0,1
3805021,10.0,1
3805031,9.815240676834772,10
3805042,9.753903924440271,11
3805054,9.7309353286261,12
3805063,9.825939059120394,9
3805072,9.838499563527703,9
3805080,9.85577342409146,8
3805094,9.688710147218695,14
3805108,9.698442601636394,14
3805114,9.903454388671799,6
3805115,9.992461687203553,1
3805122,9.877303310177885,7
3805130,9.86205396839737,8
3805136,9.913594288091218,6
3805155,9.625946293132046,19
3805162,9.879365246168037,7
3805172,9.802907980397183,10
3805179,9.862907195205741,7
3805185,9.892152021638184,6
3805194,9.836937930083193,9
3805203,9.808429083479105,9
3805210,9.887309603117687,7
3805212,9.981224469100797,2
3805215,9.955154539482093,3
3805217,9.972383516185284,2
3805231,9.687126796738287,14
3805232,10.0,1
3805240,9.851262739731522,8
3805245,9.92734959493751,5
3805256,9.773640707876837,11
3805260,9.942903296479399,4
3805270,9.829172452023304,10
3805273,9.949075651911622,3
3805276,9.959145499716863,3
3805287,9.75537472739291,11
3805288,10.0,1
3805292,9.94468387867984,4
3805309,9.631491529483805,17
3805317,9.838140865784034,8
3805320,9.967128103571849,3
3805330,9.811218731383237,10
3805331,10.0,1
3805332,9.988159566032227,1
3805333,10.0,1
3805334,10.0,1
3805350,9.653799503505368,16
3805352,9.978651236391073,2
3805357,9.916665996588199,5
3805365,9.829342473713513,8
3805375,9.813054303891924,10
3805381,9.898722791622882,6
3805393,9.752488007370868,12
3805401,9.84122772086696,8
3805414,9.747077668085769,13
3805422,9.84193344356548,8
3805437,9.652084249738316,15
3805442,9.926369060610556,5
3805447,9.921934167629766,5
3805455,9.834514168492001,8
3805461,9.881161977850835,6
3805471,9.779048453624199,10
3805479,9.885926544896709,8
3805483,9.94340856349055,4
3805489,9.90203303970973,6
3805491,9.975663934704945,2
3805506,9.660755587377086,15
3805511,9.924987154475554,5
3805519,9.834292192261104,8
3805523,9.946109889850758,4
3805535,9.738870112595839,12
3805536,10.0,1
3805547,9.801127912184208,11
3805552,9.915458938887395,5
3805564,9.752001037191967,12
3805571,9.862299823260273,7
3805573,9.973174889368202,2
3805576,9.95977776558929,3
3805594,9.585753657974065,18
3805605,9.752093552982114,11
3805606,10.0,1
3805616,9.783323747800061,10
3805617,10.0,1
3805627,9.693091208099561,10
3805636,9.810593810073089,9
3805643,9.867228957781403,7
3805654,9.776150467446115,11
3805660,9.893077849528611,6
3805667,9.860789992109646,7
3805668,10.0,1
3805684,9.603609212901342,16
3805697,9.727937326621406,13
3805703,9.901399584114104,6
3805707,9.948144351481767,4
3805721,9.690432672266407,14
3805723,9.977121191752545,2
3805728,9.915973591444585,5
3805739,9.745420413683561,11
3805749,9.79348811929562,10
3805766,9.591372949692474,17
3805773,9.87265215144762,7
3805783,9.79556136059458,10
3805784,10.0,1
3805792,9.856205372474772,8
3805810,9.560855799331229,18
3805818,9.837998033399128,8
3805824,9.89569705984204,6
3805830,9.898500097215171,6
3805844,9.672690891210603,14
3805853,9.804601590600374,9
3805863,9.774639091270268,10
3805872,9.8014752091258,9
3805876,9.939029544203317,4
3805882,9.88832371599351,6
3805891,9.856406287057531,9
3805898,9.849766416478767,7
3805912,9.732880248695164,14
3805919,9.867677809377424,7
3805929,9.497054133788206,10
3805938,9.814751337173943,9
3805943,9.925596546849798,5
3805955,9.741419986872033,12
3805966,9.818726780208653,11
3805980,9.68250740463161,14
3805981,10.0,1
3805988,9.86964211259242,7
3805996,9.836425091780393,8
3806001,9.926084056933476,5
3806013,9.739759494752347,12
3806024,9.797201989586664,11
3806028,9.648714022260958,4
3806041,9.708063371146824,13
3806049,9.814120328997229,8
3806050,10.0,1
3806063,9.692910155597383,13
3806064,10.0,1
3806071,9.851279950121477,7
3806086,9.699904197549273,15
3806094,9.86072913656483,8
3806095,10.0,1
3806096,10.0,1
3806110,9.678122236096764,14
3806119,9.807618337520987,9
3806129,9.808853821855509,10
3806133,9.94042153735949,4
3806140,9.855558828667867,7
3806155,9.655851654437557,15
3806167,9.751774485998022,12
3806180,9.719896597277412,13
3806192,9.704537452123729,12
3806205,9.67662004788741,13
3806210,9.927198867504375,5
3806218,9.85767025454401,8
3806227,9.823825271249566,9
3806234,9.873330350868168,7
3806241,9.86523099813653,7
3806250,9.827857715957272,9
3806254,9.923018918677263,4
3806263,9.824243566785395,9
3806269,9.911566590644542,6
3806270,10.0,1
3806275,9.915267937805957,5
3806276,10.0,1
3806291,9.655157080824356,15
3806296,9.92054748791623,5
3806304,9.844865262029966,8
3806308,9.935692883896825,4
3806309,9.99213663132575,1
3806321,9.741356081980033,12
3806329,9.87053632541842,8
3806336,9.862642748884333,7
3806343,9.867273368026863,7
3806355,9.669806770146682,12
3806356,10.0,1
3806367,9.790550245495025,11
3806379,9.732396932358066,12
3806388,9.838285707190428,9
3806395,9.877732801087522,7
3806404,9.81320713648686,9
3806421,9.665881270264817,17
3806568,5.817180123283035,147
3806580,9.72874031642528,12
3806607,9.534979136028078,27
3806614,9.8479531300615,7
3806616,9.980389329839019,2
3806627,9.791841574050862,11
3806637,9.783518422598739,10
3806640,9.9555649151996,3
3806649,9.834217439518898,9
3806658,9.860846133538049,9
3806674,9.627502538568274,16
3806688,9.716350530074212,14
3806697,9.827137346745095,9
3806711,9.692189750569225,14
3806717,9.89886522682855,6
3806726,9.799652225323843,9
3806734,9.860259605188995,8
3806747,9.703814570859453,13
3806748,10.0,1
3806754,9.879981249576714,6
3806768,9.698885727080873,14
3806776,9.83581903801982,8
3806796,9.583675236006822,20
3806809,9.764200550069852,13
3806810,10.0,1
3806814,9.948635645266748,4
3806824,9.802234863889813,10
3806835,9.761123600478466,11
3806847,9.761514560104604,12
3806856,9.794646950948612,9
3806866,9.809251169237996,10
3806869,9.948687296604028,3
3806877,9.85453464212441,8
3806892,9.627040125019413,15
3806900,9.853762078025197,8
3806905,9.942967444927916,5
3806914,9.834838610079803,9
3806919,9.918584563174548,5
3806920,10.0,1
3806934,9.73381947350167,14
3806946,9.7418585127938,12
3806952,9.896197835218048,6
3806957,9.929271468050105,5
3806960,9.968621415682746,3
3806968,9.842062614776623,8
3806969,10.0,1
3806977,9.630851087213005,8
3806981,9.939784341448298,4
3806989,9.857193076975541,8
3806994,9.922811222221721,5
3806999,9.912596748666143,5
3807011,9.749131640544428,12
3807018,9.869476322935997,7
3807029,9.757801166479613,11
3807040,9.767551207904077,11
3807048,9.847795900861513,8
3807058,9.76751653290144,10
3807059,9.99667213525387,1
3807068,9.710614127816703,9
3807082,9.58620330235771,14
3807086,9.935570148928766,4
3807094,9.849118629428634,8
3807101,9.8587280697339,7
3807113,9.703706091994976,12
3807123,9.806184972259206,10
3807133,9.774347205715335,10
3807145,9.715848928557932,12
3807155,9.776254516385489,10
3807166,9.757309889706105,11
3807176,9.806430230401,10
3807179,9.95208034153697,3
3807189,9.796172937006462,10
3807194,9.919717874323991,5
3807197,9.969260017951907,3
3807210,9.735118781732275,13
3807216,9.916857162499326,6
3807229,9.688381124629506,13
3807232,9.963604409904486,3
3807242,9.803051492180838,10
3807246,9.925495713476034,4
3807253,9.866786225845766,7
3807262,9.802096071598394,9
3807275,9.693323276173384,13
3807280,9.92282437031021,5
3807294,9.688180552536506,14
3807300,9.904529080321657,6
3807306,9.921622962180567,6
3807316,9.823505049119646,10
3807328,9.738292733250798,12
3807346,9.627134615394906,18
3807355,9.810876120829853,9
3807372,9.487770881177479,17
3807379,9.896291780481246,7
3807388,9.808380204632188,9
3807397,9.81931484275215,9
3807408,9.774152684183811,11
3807416,9.862835570858113,8
3807430,9.664986269020913,14
3807435,9.92378774962405,5
3807441,9.897640359281587,6
3807449,9.863134755232709,8
3807461,9.740462822516465,12
3807462,9.991849163042186,1
3807473,9.743230790441439,11
3807486,9.727278157630424,13
3807497,9.783489799930843,11
3807508,9.776018512823589,11
3807519,9.741425410682895,11
3807528,9.794267872535059,9
3807533,9.912480106991602,5
3807537,9.925558623117126,4
3807550,9.71044065203337,13
3807561,9.749993822979805,11
3807568,9.869500511484675,7
3807572,9.827564149606337,4
3807583,9.747479926321223,11
3807590,9.882355581534341,7
3807591,10.0,1
3807598,9.896435483536115,7
3807604,9.917256912790027,6
3807608,9.925660792280329,4
3807621,9.720927118462555,13
3807630,9.818223190883323,9
3807637,9.87250407529784,7
3807641,9.933285591737597,4
3807645,9.928774080913731,4
3807659,9.682912511667311,14
3807665,9.90189965812042,6
3807681,9.611983590612471,16
3807683,9.970114040372378,2
3807691,9.82314333929409,8
3807700,9.812647656761325,9
3807707,9.874910778979439,7
3807716,9.793256857219202,9
3807728,9.729264769869035,12
3807738,9.800615356064286,10
3807739,9.988158075608759,1
3807746,9.841072970359823,7
3807755,9.797372267995772,9
3807774,9.615095841189056,19
3807777,9.949336906999584,3
3807779,9.974100242466214,2
3807784,9.908101840209515,5
3807795,9.761093323179395,11
3807806,9.773642052336392,11
3807813,9.879562491255829,7
3807822,9.812625638925065,9
3807835,9.714913598062543,13
3807851,9.696757046112918,16
3807859,9.854714908327681,8
3807862,9.956763381085935,3
3807870,9.837512303195458,8
3807889,9.609266001122606,19
3807893,9.94061787578588,4
3807898,9.91031278202391,5
3807916,9.676758439937368,18
3807925,9.849670903145741,9
3807933,9.68216130574077,8
3807938,9.935996991866636,5
3807940,9.98481711127652,2
3807955,9.659783266093982,15
3807968,9.707199436732871,13
3807980,9.728456997167346,12
3807989,9.813200396781884,9
3807996,9.867624624714267,7
3808004,9.831391721803527,8
3808020,9.736181662492356,16
3808029,9.835200218474181,9
3808047,9.595778601080234,18
3808053,9.878695838733343,6
3808062,9.810109637745567,9
3808063,10.0,1
3808067,9.947103730522073,4
3808071,9.948520021970277,4
3808084,9.748137350882464,13
3808091,9.869640599072486,7
3808099,9.841768518283281,8
3808117,9.614178721956572,18
3808137,9.497679160142093,20
3808146,9.828309843013995,9
3808155,9.82697537165359,9
3808173,9.589551300075268,18
3808175,9.973742639220003,2
3808176,9.988169136421952,1
3808184,9.843684209846428,8
3808192,9.86252039568103,8
3808200,9.822181111538637,8
3808204,9.9334376139313,4
3808205,9.99196573597292,1
3808206,10.0,1
3808211,9.9171295702479,5
3808222,9.791291849453856,11
3808235,9.702652512476737,13
3808236,9.992991996041676,1
3808244,9.85019160109489,8
3808257,9.438266665802162,13
3808262,9.90758934310015,5
3808263,10.0,1
3808266,9.972648909529017,3
3808274,9.843924400212853,8
3808278,9.944843081168674,4
3808289,9.774804040220854,11
3808298,9.838195533205017,9
3808308,9.80840416924293,10
3808314,9.900789924553882,6
3808322,9.832573914360834,8
3808332,9.797709418260467,10
3808335,9.95743523534136,3
3808346,9.784921170663225,11
3808353,9.859493992051906,7
3808363,9.786899595168562,10
3808365,9.973122281784734,2
3808374,9.812792573736123,9
3808380,9.89184062271691,6
3808384,9.945793464200214,4
3808387,9.969491107840106,3
3808399,9.73936707039961,12
3808400,10.0,1
3808412,9.753152163637685,12
3808422,9.792746057541889,10
3808429,9.874338949300078,7
3808435,9.881136816612916,6
3808438,9.95682515290759,3
3808439,10.0,1
3808454,9.679349357637438,15
3808464,9.79143136360734,10
3808465,10.0,1
3808470,9.901714582360663,5
3808476,9.90783168880437,6
3808480,9.947574758260632,4
3808484,9.954567556287188,4
3808490,9.895957126892348,6
3808497,9.892131491983928,7
3808501,9.952221943201733,4
3808509,9.832696034549492,8
3808514,9.909906604712564,5
3808515,10.0,1
3808519,9.933139456399006,4
3808530,9.650837364232697,11
3808531,10.0,1
3808538,9.894523024303071,7
3808553,9.705859705774344,15
3808554,10.0,1
3808561,9.871721025144575,7
3808566,9.921039154627108,5
3808567,10.0,1
3808580,9.726523197978892,13
3808585,9.900423816074332,5
3808596,9.78383155347104,11
3808601,9.913206813470822,5
3808610,9.827396535970692,9
3808623,9.70401173203959,13
3808634,9.776318437148603,11
3808635,10.0,1
3808643,9.838061313881369,8
3808648,9.905998819028666,5
3808657,9.828724234022442,9
3808660,9.956938280935605,3
3808663,9.95404847715178,3
3808671,9.845700631532864,8
3808676,9.905532790463168,5
3808681,9.914051108913267,5
3808693,9.747520956783626,12
3808698,9.92852424964825,5
3808708,9.79205334782184,10
3808714,9.894244038032435,6
3808725,9.771975215763907,11
3808732,9.873169568911282,7
3808735,9.96675985260032,3
3808740,9.90698601515265,5
3808753,9.725771696698178,13
3808761,9.816806386051903,8
3808766,9.911195806650715,5
3808773,9.877075637877219,7
3808779,9.894852757460045,6
3808784,9.901337162217162,5
3808793,9.802887300395145,9
3808798,9.898416650989688,5
3808812,9.66000961450704,14
3808818,9.889800283393365,6
3808823,9.916799670400744,5
3808843,9.636996768326,20
3808852,9.794758501752998,9
3808865,9.73120431637033,13
3808870,9.905867076517442,5
3808871,10.0,1
3808878,9.868217951908266,7
3808886,9.837485661333771,8
3808887,10.0,1
3808894,9.765979715988275,7
3808900,9.869957752138564,6
3808905,9.918971744383185,5
3808919,9.710402326857652,14
3808920,9.996202192807207,1
3808921,10.0,1
3808934,9.59857074568316,13
3808947,9.716258259956497,13
3808959,9.74692295244519,12
3808970,9.795996934984954,11
3808971,9.996523965103949,1
3808976,9.926201717577024,5
3808981,9.904268937699705,5
3808992,9.77928618490001,11
3809002,9.78822247273255,10
3809013,9.783747102042572,11
3809031,9.31795410143543,18
3809042,9.448578157926631,11
3809056,9.668073136343383,14
3809063,9.571198183174898,7
3809071,9.83986575495755,8
3809087,9.711027470866613,16
3809093,9.889046318470324,6
3809105,9.776023152163361,12
3809117,9.73522188891625,12
3809127,9.81696791184724,10
3809135,9.845738884049455,8
3809148,9.727696936499392,13
3809160,9.790430604732778,12
3809168,9.857180807175135,8
3809181,9.611197055082831,13
3809198,9.607027470039167,17
3809208,9.698959080724906,10
3809215,9.874894784189069,7
3809231,9.604953607629922,16
3809239,9.645304007041661,8
3809251,9.722252725083612,12
3809256,9.719388807188537,5
3809260,9.92305252553733,4
3809273,9.690538912955642,13
3809274,10.0,1
3809295,9.502359156690332,21
3809304,9.814817149757975,9
3809320,9.466726324549429,16
3809321,10.0,1
3809327,9.909103579744025,6
3809332,9.932802105878533,5
3809344,9.720801430018748,12
3809350,9.896160201658255,6
3809358,9.873141952766048,8
3809375,9.566436410494259,17
3809385,9.798412229674623,10
3809386,10.0,1
3809413,9.289404337363276,27
3809423,9.788336160136241,10
3809426,9.961707090649574,3
3809438,9.728589668558847,12
3809445,9.856415346093895,7
3809454,9.82212358498864,9
3809466,9.732351463008518,12
3809471,9.904585767654588,5
3809476,9.912171801638854,5
3809477,10.0,1
3809485,9.835560888175655,8
3809496,9.756758480598101,11
3809498,9.984681625608822,2
3809506,9.854636305029807,8
3809507,10.0,1
3809513,9.892936672842428,6
3809520,9.862114550250501,7
3809527,9.848487937093998,7
3809537,9.800520781311437,10
3809551,9.677090548066662,14
3809557,9.881280556162253,6
3809572,9.65343022947795,15
3809578,9.890437797135844,6
3809585,9.880963049320298,7
3809593,9.851901520512317,8
3809599,9.886203115796388,6
3809605,9.893022809293141,6
3809611,9.891525320142017,6
3809618,9.861164528728933,7
3809620,9.977457863746814,2
3809632,9.736509326233296,12
3809650,9.679528179651497,18
3809660,9.789755055203637,10
3809672,9.543486718604717,12
3809680,9.858300627788836,8
3809689,9.833940468596875,9
3809693,9.944838291137163,4
3809726,9.507896378158348,33
3809737,9.782845245381248,11
3809749,9.780195736165679,12
3809759,9.787956975106145,10
3809767,9.857245749484782,8
3809779,9.733461023585624,12
3809780,10.0,1
3809788,9.841614200112776,8
3809796,9.831652481777605,8
3809800,9.954732455372389,4
3809801,10.0,1
3809814,9.707071853111652,13
3809825,9.756238161622587,11
3809836,9.814130669937745,11
3809847,9.755878724564976,11
3809853,9.894205630048434,6
3809870,9.621196291705767,17
3809873,9.956106604017869,3
3809875,9.972990005507732,2
3809887,9.776702302215119,12
3809897,9.7794684706308,10
3809903,9.8972215310788,6
3809929,7.386865575430772,26
3809933,9.936786627125754,4
3809939,9.892456784475486,6
3809948,9.824781043905384,9
3809961,9.708479125800435,13
3809968,9.86612350850002,7
3809986,9.573210853029504,18
3809998,9.72431530639381,12
3810008,9.790879984921933,10
3810025,9.619897511548668,17
3810040,9.688718221224322,15
3810041,10.0,1
3810048,9.848575104419371,7
3810055,9.847724875029352,7
3810073,9.487365321059226,18
3810082,9.804194497618111,9
3810096,9.69499453627545,14
3810098,9.972441807380376,2
3810110,9.732833030811179,12
3810118,9.816637963798165,8
3810126,9.862354083299648,8
3810135,9.824074023596213,9
3810151,9.649627695113834,16
3810152,10.0,1
3810157,9.906630777020991,5
3810166,9.835807153504685,9
3810176,9.76784609716712,10
3810177,10.0,1
3810178,10.0,1
3810185,9.861607807312874,7
3810197,9.741884866473846,12
3810198,10.0,1
3810206,9.821466620692078,8
3810217,9.749172706890109,11
3810224,9.858933700806862,7
3810234,9.80135668687984,10
3810248,9.67501243747707,14
3810260,9.743430353596352,12
3810277,9.609820065546783,17
3810288,9.785737417875914,11
3810289,10.0,1
3810295,9.880200734788067,6
3810306,9.760267558064765,11
3810316,9.773197341642097,10
3810317,10.0,1
3810325,9.840229591612138,8
3810330,9.910475877740824,5
3810345,9.6832042964204,15
3810357,9.725945035266909,12
3810370,9.72404865626394,13
3810377,9.875726419180621,7
3810383,9.892089901971286,6
3810390,9.881018710715905,7
3810391,10.0,1
3810402,9.819692651628822,11
3810414,9.737046746859534,12
3810426,9.730797087120997,12
3810434,9.83168707598357,8
3810934,-86.23808547698401,500
3810949,9.665623369985335,15
3810962,9.724845446341467,13
3810973,9.77653330357951,11
3810982,9.790289928141116,9
3811001,9.60322806072245,19
3811009,9.856849792864185,8
3811017,9.850140136329369,8
3811019,9.977133791787807,2
3811023,9.956664021509885,4
3811024,10.0,1
3811034,9.81321546774833,10
3811037,9.949693186743863,3
3811044,9.87270251289295,7
3811053,9.844182422088636,9
3811062,9.816656884596817,9
3811070,9.838569619417957,8
3811083,9.733423887523715,13
3811091,9.842062460818523,8
3811096,9.910990867820592,5
3811097,10.0,1
3811110,9.700484521223022,13
3811112,9.973852817220466,2
3811121,9.804708249434466,9
3811133,9.743855162142253,12
3811139,9.89816661150237,6
3811156,9.608422360411637,17
3811167,9.763831721129772,11
3811170,9.955840266366382,3
3811178,9.848383277391473,8
3811190,9.747699650717518,12
3811200,9.789826983065124,10
3811206,9.886305640214857,6
3811217,9.762714078205041,11
3811218,10.0,1
3811236,9.590669230306167,18
3811246,9.79110324291604,10
3811257,9.809237716138691,11
3811266,9.856532962961515,9
3811271,9.928192235442044,5
3811285,9.733792604732582,14
3811295,9.79594567940371,10
3811303,9.86004363075963,8
3811306,9.963713894221208,3
3811316,9.820886617561468,10
3811325,9.829017302646538,9
3811335,9.79753369088947,10
3811339,9.9393642158353,4
3811349,9.826765437359208,10
3811360,9.761902104722816,11
3811367,9.880830495646764,7
3811377,9.795648890836626,10
3811383,9.890044949833085,6
3811388,9.901750468304877,5
3811390,9.976439075193067,2
3811396,9.903644912553014,6
3811402,9.895768400475042,6
3811412,9.765732305782024,10
3811420,9.816112013444455,8
3811430,9.79839925805313,10
3811436,9.879725388909947,6
3811443,9.866815106173807,7
3811454,9.788561418582894,11
3811473,9.593229175590391,19
3811475,9.985451672165105,2
3811484,9.812125699688371,9
3811487,9.951539487628244,3
3811496,9.82824536989727,9
3811508,9.798687322639191,12
3811515,9.846165307547977,7
3811519,9.930262084959148,4
3811535,9.642509980691994,16
3811541,9.699814565447193,6
3811550,9.794169064003846,9
3811559,9.836913145685163,9
3811569,9.77901597283615,10
3811584,9.702212585064853,15
3811590,9.876235608502581,6
3811599,9.815424677608132,9
3811614,9.676940783272293,15
3811623,9.81355307361647,9
3811628,9.822803931792196,5
3811644,9.64719681078613,16
3811653,9.837810710375974,9
3811663,9.794391613409653,10
3811664,10.0,1
3811671,9.871563826425389,7
3811681,9.775561667147459,10
3811690,9.844783351130904,9
3811694,9.938980985858963,4
3811705,9.808636205901864,11
3811712,9.876400281896164,7
3811730,9.562852046540378,18
3811743,9.706579073552232,13
3811755,9.729703203235156,12
3811759,9.94379253207675,4
3811760,10.0,1
3811775,9.658327105855857,15
3811783,9.848978798659598,8
3811788,9.925531969563695,5
3811794,9.895460769114784,6
3811801,9.779420968472508,7
3811811,9.787602081332686,10
3811817,9.873263326297925,6
3811827,9.768712266891162,10
3811833,9.883053278252522,6
3811843,9.787340434911808,10
3811859,9.726379406861476,16
3811875,9.59725711742041,16
3811882,9.846344860752538,7
3811893,9.76957624268956,11
3811905,9.771494253863617,12
3811906,10.0,1
3811923,9.592420378713339,17
3811938,9.657571628213471,15
3811939,10.0,1
3811943,9.93841917420362,4
3811949,9.892736469968973,6
3811959,9.767942094068777,10
3811973,9.713334536895797,14
3811977,9.938687736084974,4
3811982,9.901702023844239,5
3811993,9.758866618584804,11
3811999,9.903655459312503,6
3812028,7.0519416282057525,29
3812035,9.876701138282225,7
3812046,9.738661080791392,11
3812060,9.69415005154061,14
3812070,9.793371479243943,10
3812079,9.831155871310731,9
3812092,9.718932890428325,13
3812105,9.712568938394698,13
3812122,9.575522447442392,17
3812127,9.914729645209901,5
3812132,9.9326668394496,5
3812142,9.820795572810882,10
3812148,9.905031899427193,6
3812157,9.811663062095183,9
3812166,9.815714812078651,9
3812171,9.912832926172484,5
3812181,9.817765945823936,10
3812182,10.0,1
3812191,9.811106025023587,9
3812209,9.586682060626007,18
3812225,9.53890735964396,16
3812237,9.713464978648709,12
3812246,9.806028236343014,9
3812262,9.621191366932477,16
3812269,9.85692526254407,7
3812284,9.70491854198884,15
3812296,9.740004702292337,12
3812297,10.0,1
3812307,9.487958174705996,10
3812311,9.945726949648268,4
3812322,9.76490959489802,11
3812333,9.751802117455277,11
3812334,10.0,1
3812348,9.666297889113611,14
3812355,9.889507603167251,7
3812361,9.89479517299948,6
3812374,9.723390346701695,13
3812392,9.56682802511153,18
3812399,9.874052095262767,7
3812402,9.962699463301625,3
3812410,9.843936455126192,8
3812430,9.551697543792688,20
3812434,9.946671103651163,4
3812442,9.868882498995669,8
3812450,9.844097891181502,8
3812456,9.892959943381054,6
3812457,10.0,1
3812470,9.737787915192413,13
3812477,9.878397881874799,7
3812487,9.813144095320903,10
3812494,9.858119604782162,7
3812500,9.912054188186952,6
3812501,10.0,1
3812515,9.665942401371252,14
3812521,9.89661966823457,6
3812526,9.921810121415026,5
3812535,9.813064332347667,9
3812550,9.692290648378345,15
3812558,9.859333701412943,8
3812559,10.0,1
3812560,9.996545927530178,1
3812574,9.767330317043362,14
3812589,9.691659922673331,15
3812590,10.0,1
3812605,9.678713463579896,15
3812619,9.695583105642287,14
3812624,9.92083067346779,5
3812632,9.836957114328396,8
3812647,9.681483182219786,15
3812658,9.757811507254349,11
3812671,9.67882742482501,13
3812684,9.71669131472316,13
3812696,9.666151608949539,12
3812708,9.730615161155981,12
3812718,9.698898732829965,10
3812725,9.860432821175086,7
3812737,9.754719325687468,12
3812741,9.945834956840951,4
3812742,10.0,1
3812743,10.0,1
3812750,9.851245912930446,7
3812755,9.91336494414665,5
3812769,9.710764457610207,14
3812776,9.858791679802367,7
3812787,9.778512393407302,11
3812792,9.925718614303984,5
3812804,9.727780481348724,12
3812809,9.810298192739086,5
3812812,9.969322397573606,3
3812822,9.785983427150407,10
3812835,9.729919358294508,13
3812841,9.886398359341143,6
3812848,9.86518964878814,7
3812860,9.74497568496253,12
3812871,9.747475992735076,11
3812886,9.667209920384707,15
3812889,9.963668487890837,3
3812899,9.79318226627592,10
3812911,9.759986843247233,12
3812927,9.345543790183799,16
3812933,9.883617991566771,6
3812946,9.712568830458643,13
3812960,9.378430889230295,14
3812974,9.681878873188754,14
3812985,9.765499165536164,11
3812997,9.75368851657925,12
3813005,9.87103962486998,8
3813021,9.630196755801439,16
3813030,9.821665219775003,9
3813036,9.902258056052146,6
3813053,9.599840198463554,17
3813058,9.92936609674572,5
3813062,9.925771221650193,4
3813063,10.0,1
3813071,9.8309241897659,8
3813072,9.992639703212562,1
3813077,9.925437318025175,5
3813086,9.819854766914531,9
3813088,9.971620928876666,2
3813101,9.70862706365683,13
3813105,9.944558364288895,4
3813118,9.717256539472693,13
3813126,9.839997636365789,8
3813140,9.65796962976334,14
3813152,9.748446866721038,12
3813165,9.720958194330274,13
3813180,9.654093983374075,15
3813186,9.902275178321817,6
3813187,10.0,1
3813199,9.733147287739088,12
3813205,9.908774192472512,6
3813214,9.831453882980373,9
3813229,9.664258739695782,15
3813242,9.69680894249056,13
3813253,9.771357559594376,11
3813266,9.694399152605666,13
3813275,9.840676195049555,9
3813276,10.0,1
3813283,9.883279558299229,7
3813289,9.899503283111578,6
3813300,9.765700682724525,11
3813312,9.729872639523094,12
3813323,9.800609053446504,11
3813332,9.877338467904966,9
3813349,9.599122818597584,17
3813361,9.764393637928075,12
3813370,9.809914254797746,9
3813379,9.862760625978838,9
3813385,9.88374638296389,6
3813390,9.925724818279692,5
3813403,9.71475484049094,13
3813419,9.62544912316541,16
3813424,9.915249121417123,5
3813434,9.78768642261249,10
3813439,9.909331031555297,5
3813452,9.710428973958535,13
3813453,10.0,1
3813460,9.869203533747715,7
3813461,10.0,1
3813466,9.922772902053971,5
3813473,9.876549599325482,7
3813484,9.797938216266594,11
3813496,9.742335653469654,12
3813501,9.908176684782054,5
3813512,9.776917526394971,11
3813525,9.742657518943679,13
3813540,9.695824691155728,15
3813543,9.968181103159452,3
3813553,9.794700732245284,10
3813564,9.765378783778576,11
3813568,9.934350720007851,4
3813577,9.821026103062724,9
3813586,9.845479164378368,9
3813595,9.82289476726494,9
3813596,10.0,1
3813605,9.803591894308664,9
3813614,9.818149787171532,9
3813624,9.789127803660428,10
3813632,9.861123738299616,8
3813635,9.970258827627756,3
3813636,10.0,1
3813651,9.644185455577583,15
3813664,9.698768437428315,13
3813674,9.814829028094026,10
3813680,9.906021340727522,6
3813692,9.749274095942788,12
3813705,9.695818079620157,13
3813706,10.0,1
3813710,9.931486196379664,4
3813720,9.767250640700846,10
3813729,9.841515845045473,9
3813737,9.841738794477264,8
3813746,9.813002258319719,9
3813754,9.859287606084443,8
3813758,9.93632519424127,4
3813765,9.865746633113448,7
3813770,9.916248006488077,5
3813781,9.788315067150386,11
3813799,9.690822462669763,18
3813803,9.938843388850353,4
3813805,9.982084119078015,2
3813808,9.863615150655116,3
3813814,9.892971141593206,6
3813820,9.880292064220463,6
3813832,9.779218098173786,12
3813837,9.93932561134172,5
3813852,9.6915522560375,15
3813857,9.931154493633349,5
3813860,9.959143385400191,3
3813875,9.572422664264286,15
3813885,9.777465873488191,10
3813899,9.587915534155224,14
3813901,9.972814720174938,2
3813905,9.935229775193894,4
3813911,9.890405145556212,6
3813920,9.813881717108577,9
3813931,9.782250302917978,11
3813936,9.914916904981135,5
3813944,9.843430885000476,8
3813949,9.90798159687603,5
3813962,9.79107011747003,13
3813965,9.952233809399646,3
3813971,9.884292606569744,6
3813978,9.878844072575294,7
3813984,9.875421377663583,6
3813991,9.866133956084367,7
3813999,9.834277788529798,8
3814002,9.960230014062937,3
3814013,9.74646721930297,11
3814027,9.672875121803779,14
3814038,9.77202025950802,11
3814044,9.920251673892578,6
3814051,9.86751683001384,7
3814055,9.933897756057313,4
3814064,9.83298075747433,9
3814068,9.942256232332788,4
3814076,9.841329898037689,8
3814079,9.972827982825235,3
3814088,9.814415382543842,9
3814090,9.973845199939378,2
3814102,9.755107075213724,12
3814111,9.859984286442232,9
3814114,9.962539145557123,3
3814115,9.988429444067755,1
3814124,9.84314131327339,9
3814134,9.775844048438016,10
3814140,9.887009995402206,6
3814154,9.696617909622688,14
3814166,9.740672037627599,12
3814176,9.793090739471628,10
3814178,9.970840049856832,2
3814191,9.747820483409464,13
3814192,9.9928711230333,1
3814203,9.38071378316913,11
3814216,9.687951496452222,13
3814225,9.81385009650443,9
3814239,9.739288286199479,14
3814247,9.843240388076781,8
3814251,9.934575181920017,4
3814252,10.0,1
3814261,9.823412242756586,9
3814265,9.953921676358176,4
3814273,9.87794022281329,8
3814282,9.807312674316739,9
3814305,8.035578256200289,23
3814327,9.573950855929885,22
3814335,9.856985961100735,8
3814336,9.996684491023542,1
3814352,9.638426272235336,16
3814362,9.787712825215738,10
3814373,9.784286038385012,11
3814375,9.976457126353147,2
3814384,9.870747373326717,9
3814387,9.961485231263369,3
3814394,9.86860814954753,7
3814397,9.961933625136092,3
3814401,9.953164141698798,4
3814414,9.723733198245968,13
3814428,9.66672037895569,14
3814438,9.767775059460964,10
3814446,9.855007604770037,8
3814453,9.842744306047363,7
3814457,9.846578602113349,4
3814472,9.668714956402923,15
3814479,9.859381320693206,7
3814487,9.856585974251828,8
3814495,9.840349072725672,8
3814496,10.0,1
3814507,9.762031747517314,11
3814520,9.719554440966247,13
3814532,9.741462783049645,12
3814546,9.707219655420165,14
3814558,9.736969705564798,12
3814564,9.892132233681433,6
3814579,9.66516201062237,15
3814587,9.855593267070255,8
3814589,9.98352997363848,2
3814596,9.872511054166003,7
3814606,9.804197871113402,10
3814613,9.895023660712022,7
3814627,9.712726509454205,14
3814642,9.641682788894892,15
3814643,10.0,1
3814654,9.750289979862568,11
3814662,9.786068848991132,8
3814668,9.889158162061252,6
3814679,9.757278617312737,11
3814685,9.892834959999387,6
3814686,10.0,1
3814687,10.0,1
3814688,10.0,1
3814694,9.892846257700041,6
3814703,9.829302578520563,9
3814713,9.858714744701633,10
3814722,9.711082225355007,9
3814731,9.798570100774462,9
3814740,9.80106762399221,9
3814755,9.65855528106681,15
3814757,9.976934722900973,2
3814769,9.731332839046898,12
3814780,9.784725759797768,11
3814784,9.944747605419613,4
3814795,9.772162407277744,11
3814808,9.759849296751552,13
3814815,9.860299870929328,7
3814822,9.886473875462478,7
3814830,9.83940425641183,8
3814842,9.721393524256413,12
3814846,9.950043235169485,4
3814859,9.744023304157706,13
3814870,9.79010534133939,11
3814873,9.964060446433653,3
3814879,9.883467695532492,6
3814887,9.85424048702751,8
3814893,9.883835290538903,6
3814904,9.772808727124495,11
3814918,9.733100373097827,14
3814919,10.0,1
3814928,9.82063124546649,9
3814934,9.885602035185853,6
3814942,9.639648502056199,8
3814952,9.769758202352776,10
3814958,9.912849457419762,6
3814968,9.781609523202595,10
3814977,9.831674218498131,9
3814988,9.767909626147876,11
3814990,9.9752389553178,2
3815001,9.7522476700648,11
3815013,9.738866336717757,12
3815026,9.703096509811827,13
3815039,9.728892543833702,13
3815058,9.632264367663803,19
3815060,9.977238731144658,2
3815071,9.7487352479416,11
3815087,9.690471120238241,16
3815098,9.739838360812396,11
3815108,9.790847641454224,10
3815118,9.793264210695966,10
3815124,9.905425338063736,6
3815142,9.573243689389075,18
3815153,9.774924865314556,11
3815173,9.573608128748017,20
3815179,9.897682602388462,6
3815180,10.0,1
3815190,9.773222308453072,10
3815195,9.918569768268185,5
3815212,9.588759530212426,17
3815213,10.0,1
3815224,9.767369426273412,11
3815234,9.789423760641723,10
3815251,9.629086659888754,17
3815265,9.685531306051399,14
3815272,9.877829543726506,7
3815285,9.732532682869552,13
3815297,9.734995791454724,12
3815299,9.971148302123776,2
3815300,10.0,1
3815308,9.872565752613452,8
3815322,9.718096987623344,14
3815335,9.520263611667863,13
3815339,9.942510401575817,4
3815350,9.783078808593695,11
3815369,9.573975508174161,19
3815374,9.902403538563373,5
3815379,9.913685134323346,5
3815382,9.958120711872775,3
3815385,9.962948432267398,3
3815399,9.69333052448997,14
3815406,9.882223198445164,7
3815414,9.834912447553336,8
3815423,9.829753464558985,9
3815431,9.837185146407304,8
3815452,9.510236473226056,21
3815462,9.815134637899968,10
3815467,9.911560336590984,5
3815483,9.650600298493686,16
3815488,9.91795335061068,5
3815501,9.70465921865465,13
3815509,9.826535702951354,8
3815522,9.70067992293544,13
3815525,9.951255140010417,3
3815532,9.838700266336192,7
3815539,9.886799077176537,7
3815540,10.0,1
3815556,9.641474221215024,16
3815560,9.945171066062056,4
3815567,9.872090532727695,7
3815577,9.795820538098871,10
3815578,10.0,1
3815591,9.722868522917658,13
3815601,9.789664002714442,10
3815609,9.850090862572152,8
3815620,9.775234146011067,11
3815631,9.776922484182316,11
3815651,9.62491095181793,20
3815662,9.673876610095512,11
3815669,9.881491405581444,7
3815670,10.0,1
3815680,9.799280210034599,10
3815687,9.877694719229563,7
3815693,9.880852871085748,6
3815704,9.790657687189602,11
3815711,9.877439439447716,7
3815722,9.785214808304643,11
3815735,9.69469697546937,13
3815742,9.871006591902747,7
3815746,9.930388725226097,4
3815753,9.871032760316771,7
3815760,9.86446754470417,7
3815767,9.878898519248882,7
3815775,9.849193066625197,8
3815786,9.80433321975307,11
3815793,9.872156817749243,7
3815804,9.764657855402062,11
3815805,10.0,1
3815817,9.540615590431397,12
3815821,9.855017940731878,4
3815835,9.569648602316528,14
3815855,9.545784029683142,20
3815870,9.361496568105002,15
3815877,9.867662603854557,7
3815894,9.629175714102683,17
3815898,9.939951520203126,4
3815907,9.81254933958479,9
3815912,9.924985927450514,5
3815924,9.724482558171312,12
3815933,9.810408978121833,9
3815941,9.835149052416739,8
3815950,9.826380448357503,9
3815953,9.961007742900033,3
3815961,9.859037170589584,8
3815972,9.780015953074168,11
3815984,9.756365883054851,12
3815989,9.9266474790457,5
3815997,9.644410902382898,8
3816007,9.767875287383529,10
3816021,9.689217168497578,14
3816033,9.733810633432062,12
3816045,9.763165967273766,12
3816054,9.816386852247295,9
3816058,9.945125579516569,4
3816066,9.74394333822081,8
3816068,9.982191773014941,2
3816081,9.683890854095319,13
3816095,9.69306727182851,14
3816105,9.79083147592737,10
3816120,9.657230749885626,15
3816124,9.927279184205814,4
3816128,9.940318724904486,4
3816129,10.0,1
3816140,9.762058204933656,11
3816153,9.760165166058071,13
3816166,9.680637281820324,13
3816169,9.964861766640466,3
3816178,9.845636723759025,9
3816188,9.781671091575312,10
3816191,9.951257945280728,3
3816203,9.762863902695008,12
3816216,9.711360927803069,13
3816225,9.821027993856896,9
3816228,9.964414507116196,3
3816233,9.927950230185575,5
3816238,9.927304917916787,5
3816247,9.7100602987708,9
3816261,9.68844594059787,14
3816266,9.908665241722968,5
3816267,9.987679576573905,1
3816278,9.770111398133004,11
3816291,9.476367912950348,13
3816292,10.0,1
3816295,9.965786257209286,3
3816308,9.70058021099054,13
3816321,9.74259846535423,13
3816323,9.972797772212767,2
3816333,9.794068397115195,10
3816341,9.834668979537161,8
3816346,9.91350647456672,5
3816356,9.800865625383034,10
3816366,9.773549274778102,10
3816386,9.5300642407006,20
3816387,10.0,1
3816399,9.763461324482822,12
3816406,9.853816637150054,7
3816416,9.818620937862454,10
3816434,9.609465824328126,18
3816443,9.816711084791995,9
3816449,9.890306846556943,6
3816453,9.93448776014527,4
3816454,10.0,1
3816462,9.827181019983774,8
3816478,9.628188916764872,16
3816492,9.691400165586098,14
3816493,9.996704337312334,1
3816500,9.845443112758568,7
3816512,9.792801568038069,12
3816519,9.866699257632643,7
3816520,10.0,1
3816532,9.722337372960563,12
3816538,9.897593272737694,6
3816548,9.789665191506865,10
3816553,9.915947139979995,5
3816564,9.785531581516516,11
3816569,9.921142853149176,5
3816582,9.703650466183094,13
3816593,9.777830722888204,11
3816610,9.40436864381632,17
3816621,9.775640839924568,11
3816630,9.829317657018033,9
3816631,10.0,1
3816632,10.0,1
3816636,9.938202646526257,4
3816647,9.814310015129845,11
3816648,10.0,1
3816656,9.84302925482039,8
3816665,9.784228202586435,9
3816684,9.559542818451927,19
3816691,9.863718986640409,7
3816705,9.679700246443486,14
3816709,9.947333226469047,4
3816710,10.0,1
3816719,9.820377211848673,9
3816730,9.781857451835142,11
3816744,9.664390608732678,14
3816752,9.844267705854445,8
3816771,9.529773554203484,19
3816779,9.833087500246776,8
3816787,9.864959412568782,8
3816788,10.0,1
3816800,9.714183934933569,12
3816808,9.832144659080349,8
3816815,9.887104707890208,7
3816817,9.984934649435326,2
3816821,9.925504629117492,4
3816831,9.783429380468798,10
3816839,9.861173770873494,8
3816847,9.848694519577776,8
3816848,10.0,1
3816853,9.916212880631656,5
3816857,9.930533415557335,4
3816863,9.889312292093766,6
3816866,9.959125337082712,3
3816876,9.783227879958462,10
3816884,9.855961883538283,8
3816892,9.86353692476971,8
3816897,9.921043461562904,5
3816901,9.949699343077103,4
3816902,10.0,1
3816912,9.791584387134098,10
3816913,10.0,1
3816922,9.836229152397422,9
3816929,9.899306199842028,7
3816939,9.811252484656114,10
3816945,9.897596679538257,6
3816956,9.764771022771763,11
3816961,9.925153545319786,5
3816971,9.789086643569068,10
3816987,9.672276161102895,16
3816999,9.749388987611109,12
3817010,9.81290036495579,11
3817027,9.589577327207152,17
3817033,9.892468775401786,6
3817039,9.884708262112696,6
3817045,9.907096429968933,6
3817053,9.84622557220816,8
3817059,9.880819655529116,6
3817060,10.0,1
3817068,9.820548328622609,8
3817081,9.713676385916866,13
3817090,9.81469129147166,9
3817098,9.863524315035017,8
3817104,9.900834044512639,6
3817109,9.91685991524334,5
3817119,9.78511851645125,10
3817131,9.722389804510838,12
3817135,9.932399358727393,4
3817142,9.875059735544397,7
3817149,9.871243943478317,7
3817158,9.82985588928657,9
3817162,9.935852541491368,4
3817163,10.0,1
3817164,10.0,1
3817178,9.709236995158438,14
3817193,9.651634836318742,15
3817194,9.98955830246818,1
3817201,9.856826769918307,7
3817211,9.78657876174271,10
3817224,9.70281515976271,13
3817239,9.496671308845462,15
3817244,9.930348754253528,5
3817248,9.935615031748625,4
3817249,10.0,1
3817258,9.80309775919664,9
3817262,9.948045405870074,4
3817273,9.776590236394787,11
3817288,9.694315254227346,15
3817294,9.886646328387688,6
3817301,9.875046569384992,7
3817309,9.87057788971208,8
3817316,9.85577591046862,7
3817331,9.678699092339281,15
3817336,9.912761067126223,5
3817339,9.968889972144105,3
3817353,9.708553589614988,14
3817361,9.824517201802232,8
3817364,9.864221102909067,3
3817378,9.654234832324201,14
3817399,9.51681154415491,21
3817400,10.0,1
3817408,9.847512170634587,8
3817414,9.890510500779548,6
3817424,9.82209735904289,10
3817435,9.757163522331028,11
3817445,9.765582587420255,10
3817453,9.861007092781259,8
3817462,9.831683841412014,9
3817474,9.728688058246913,12
3817485,9.757185101093231,11
3817492,9.885867592019055,7
3817497,9.923050207787137,5
3817509,9.71841105085688,12
3817515,9.890148275504243,6
3817520,9.91535439337723,5
3817528,9.848652630194366,8
3817532,9.947179366514716,4
3817533,10.0,1
3817542,9.83331696963791,9
3817552,9.800412583773943,10
3817555,9.950454227713385,3
3817567,9.744412778040688,12
3817570,9.961502956104432,3
3817583,9.714165087652802,13
3817589,9.812116858437308,6
3817597,9.831760573246902,8
3817600,9.963252938849207,3
3817604,9.946183115978469,4
3817616,9.72246771073595,12
3817635,9.588439744063859,19
3817652,9.613418313282526,17
3817660,9.851290420117934,8
3817664,9.936231943263218,4
3817669,9.907283870554465,5
3817675,9.898901333302435,6
3817682,9.884456655049084,7
3817690,9.853866703587208,8
3817700,9.799518785373131,10
3817706,9.906823742849687,6
3817715,9.815077057316358,9
3817726,9.760603660823724,11
3817731,9.921736324420824,5
3817738,9.859873104588162,7
3817742,9.936767499950406,4
3817751,9.823360497306291,9
3817761,9.810783900499674,10
3817767,9.912371917239991,6
3817774,9.868958130137038,7
3817781,9.865893838171068,7
3817790,9.813733279608211,9
3817799,9.803038326458916,9
3817800,9.988648470490668,1
3817809,9.613197544539023,9
3817811,9.983813957622369,2
3817820,9.82477295987899,9
3817824,9.937165561119466,4
3817825,10.0,1
3817836,9.755887382902763,11
3817840,9.95173908720524,4
3817862,9.499218783141743,22
3817863,10.0,1
3817869,9.90051732636269,6
3817876,9.85118896657955,7
3817890,9.69493170996947,14
3817901,9.761452084147853,11
3817904,9.962634716184388,3
3817912,9.816794256522,8
3817915,9.965758787602818,3
3817925,9.779579378919786,10
3817928,9.963995831079405,3
3817931,9.967348730674502,3
3817945,9.687259195506686,14
3817952,9.874961538061871,7
3817960,9.858098096167929,8
3817961,10.0,1
3817978,9.62756103288891,17
3817990,9.732155426495389,12
3817994,9.939375382463744,4
3817995,10.0,1
3818001,9.893943969033725,6
3818004,9.961561925976437,3
3818005,9.989625519079445,1
3818016,9.825232539549068,11
3818029,9.700630657276395,13
3818034,9.921781645615638,5
3818037,9.961846514041632,3
3818041,9.93428957714618,4
3818058,9.5209665316552,17
3818063,9.907335464474441,5
3818071,9.850376949720811,8
3818088,9.611094275765831,17
3818096,9.82518072058131,8
3818099,9.96648576972495,3
3818101,9.968877409812722,2
3818110,9.839693270294937,9
3818127,9.63277758349204,17
3818139,9.478688759443772,12
3818140,10.0,1
3818152,9.78493375765272,12
3818168,9.65788182689353,16
3818179,9.783741691651906,11
3818186,9.873818228681738,7
3818191,9.90712978482944,5
3818205,9.66588223051954,14
3818215,9.809999969598456,10
3818223,9.839138996722232,8
3818233,9.799789773559498,10
3818252,9.537292437482073,19
3818260,9.867080002701766,8
3818272,9.717048290986504,12
3818282,9.782250307112374,10
3818300,9.606234122584103,18
3818310,9.811057985423478,10
3818315,9.90659013354853,5
3818329,9.697665646657537,14
3818330,10.0,1
3818339,9.821374635320801,9
3818346,9.872343462628569,7
3818347,10.0,1
3818358,9.758683513997097,11
3818359,10.0,1
3818370,9.79044970465733,11
3818378,9.83383956316632,8
3818392,9.605145243038692,14
3818399,9.853502225977826,7
3818400,9.996194406000503,1
3818405,9.923248051899426,5
3818410,9.915816782734751,5
3818418,9.823641180155738,8
3818427,9.823866950925424,9
3818438,9.758903134825232,11
3818451,9.723152441079996,13
3818452,10.0,1
3818462,9.788968047180653,10
3818469,9.880156882259337,7
3818481,9.732912827090349,12
3818489,9.837742390323633,8
3818508,9.534558672123245,19
3818517,9.819357434964834,9
3818527,9.793776403431993,10
3818535,9.858059442842745,8
3818541,9.883860479033121,6
3818549,9.839435763974448,8
3818566,9.610881284814539,17
3818575,9.840624842249552,9
3818586,9.745147164014579,11
3818601,9.590367147577727,15
3818608,9.880737918457465,7
3818625,9.599509661260877,17
3818636,9.77821993094798,11
3818640,9.93483257242968,4
3818655,9.65461304279186,15
3818661,9.90382881384078,6
3818669,9.86156036123481,8
3818672,9.96829122088127,3
3818673,10.0,1
3818686,9.707929589722863,13
3818687,10.0,1
3818695,9.852623831933935,8
3818710,9.662067652706197,15
3818721,9.756228942053646,11
3818729,9.854138856128575,8
3818730,10.0,1
3818743,9.718481017328214,13
3818755,9.726563120710342,12
3818760,9.917586252085245,5
3818777,9.55448270393546,17
3818794,9.514860703240194,17
3818795,10.0,1
3818804,9.608879902704473,9
3818816,9.716668453265584,12
3818830,9.665304114231745,14
3818847,9.629785363208248,17
3818854,9.866717146668407,7
3818858,9.944905528541073,4
3818860,9.971341943097235,2
3818863,9.958504714051415,3
3818888,9.574435215127236,25
3818898,9.795114404761469,10
3818904,9.922106291352799,6
3818908,9.946992924459632,4
3818917,9.800212264047504,9
3818920,9.966905472962884,3
3818922,9.969753290414475,2
3818923,9.989358382191833,1
3818928,9.925197893061883,5
3818933,9.913915300617255,5
3818944,9.76565516936273,11
3818958,9.729612394939474,14
3818959,10.0,1
3818967,9.861447516741285,8
3818974,9.863943211831995,7
3818977,9.962423291908808,3
3818987,9.802094261898011,10
3819008,9.556256539725542,21
3819021,9.723575977877907,13
3819028,9.896206984567755,7
3819034,9.89619069957846,6
3819043,9.84395333148991,9
3819052,9.819505193169919,9
3819053,10.0,1
3819062,9.795512680087205,9
3819081,9.502815725551834,19
3819089,9.858027042523872,8
3819100,9.676921544153734,11
3819109,9.809802225040706,9
3819112,9.955043934913487,3
3819121,9.818152219718888,9
3819131,9.804210781247615,10
3819140,9.810877579478,9
3819147,9.879502769117032,7
3819157,9.80100864357286,10
3819170,9.714909708955442,13
3819175,9.931074580533515,5
3819179,9.94344737934482,4
3819183,9.925725387838266,4
3819187,9.93465831644629,4
3819200,9.491808302916311,13
3819207,9.861792821564794,7
3819234,9.240086349049815,27
3819238,9.944667133831334,4
3819242,9.939225393699038,4
3819254,9.718113135026588,12
3819258,9.947105031658117,4
3819261,9.958303896851167,3
3819263,9.97475989589494,2
3819264,10.0,1
3819265,10.0,1
3819277,9.735781483275911,12
3819279,9.972722815939964,2
3819290,9.75379589966102,11
3819291,9.988433094131462,1
3819302,8.923909609422498,11
3819305,9.952186482083453,3
3819306,10.0,1
3819308,9.981503186640074,2
3819318,9.788512242257898,10
3819331,9.641617351388767,13
3819340,9.81687686714702,9
3819351,9.77001197164748,11
3819360,9.795970079387548,9
3819361,10.0,1
3819380,9.617825238519663,19
3819381,10.0,1
3819382,10.0,1
3819386,9.933018869460211,4
3819393,9.880821368579108,7
3819398,9.916558018888571,5
3819408,9.794596745313742,10
3819417,9.831165648064422,9
3819418,10.0,1
3819427,9.838221898725607,9
3819436,9.830985881135451,9
3819439,9.960445605270007,3
3819449,9.805277940911344,10
3819457,9.817545863552109,8
3819463,9.88908586645434,6
3819470,9.90329444002614,7
3819487,9.605501059625224,17
3819493,9.703620965559873,6
3819511,9.671274342714831,18
3819519,9.850118807621158,8
3819529,9.783151334296187,10
3819538,9.85650802292862,9
3819550,9.728843981203555,12
3819560,9.779318439783802,10
3819570,9.817555565249512,10
3819583,9.735446518190463,13
3819587,9.955486992296542,4
3819604,9.63743076046944,17
3819605,9.996283851589041,1
3819615,9.755373697611939,10
3819630,9.666416744261072,15
3819640,9.802502808167342,10
3819641,10.0,1
3819647,9.89545499796086,6
3819660,9.743649798003105,13
3819664,9.948947291115902,4
3819675,9.759442245451947,11
3819684,9.81620271921961,9
3819696,9.744681133035604,12
3819705,9.825061174850786,9
3819712,9.874368774378075,7
3819722,9.777227929203333,10
3819730,9.849464466956574,8
3819740,9.7637119779027,10
3819746,9.880096611281182,6
3819758,9.637735849567653,12
3819772,9.706788070753936,14
3819784,9.629297323591803,12
3819785,10.0,1
3819798,9.691801250651329,13
3819805,9.844181807564567,7
3819808,9.948009276703363,3
3819815,9.874067920087228,7
3819816,10.0,1
3819823,9.86610379412986,7
3819831,9.842971378870686,8
3819838,9.856561976325844,7
3819856,9.570952618567494,18
3819864,9.828094199466111,8
3819867,9.955513283646658,3
3819880,9.729393153428777,13
3819893,9.724506074799073,13
3819906,9.700998828763423,13
3819916,9.790914840029666,10
3819921,9.910563805684866,5
3819927,9.871904706047372,6
3819940,9.716661969701912,13
3819950,9.814755443748291,10
3819957,9.860565693654165,7
3819966,9.830518936793286,9
3819977,9.81107939867171,11
3819981,9.958601078290675,4
3819992,9.7978193827752,11
3820000,9.84364268835633,8
3820012,9.755206252277887,12
3820022,9.800594936569986,10
3820035,9.727386116426535,13
3820041,9.90942068982197,6
3820045,9.935434384164001,4
3820055,9.77756884622051,10
3820056,10.0,1
3820061,9.920554883465883,5
3820064,9.965557292087773,3
3820070,9.888890894880484,6
3820076,9.89127974437703,6
3820083,9.865200823588841,7
3820092,9.817814466270944,9
3820103,9.771937445952965,11
3820114,9.755032088365352,11
3820122,9.837723271503414,8
3820134,9.720590273716995,12
3820139,9.91294958998374,5
3820155,9.622927367679788,16
3820173,9.75326792130418,18
3820181,9.876224393459013,8
3820197,9.623814616127268,16
3820217,9.626240772465689,20
3820222,9.929078615699842,5
3820236,9.68759018857107,14
3820245,9.83843632558276,9
3820257,9.767659822729584,12
3820260,9.95442467752137,3
3820263,9.966565701728026,3
3820274,9.738278527989587,11
3820279,9.913926146271464,5
3820290,9.763898220613646,11
3820299,9.628493589664735,9
3820308,9.818641603273628,9
3820315,9.8627642885422,7
3820316,10.0,1
3820324,9.814575386921453,8
3820328,9.935713920408373,4
3820342,9.686469239762943,14
3820356,9.651500209488942,14
3820358,9.974328356621402,2
3820366,9.852223748744674,8
3820370,9.951127707255809,4
3820371,10.0,1
3820381,9.794074100908892,10
3820394,9.692169116837832,13
3820400,9.902859771745591,6
3820401,10.0,1
3820408,9.859649060937995,7
3820424,9.668694474685504,16
3820444,9.308076599259998,20
3820457,9.687686808674385,13
3820465,9.859331534995189,8
3820476,9.751864986035486,11
3820481,9.916312215925258,5
3820495,9.68119557543985,14
3820503,9.854920063034255,8
3820514,9.774086586850785,11
3820522,9.837525062412432,8
3820531,9.816057988297484,9
3820533,9.97749778017742,2
3820542,9.840732817078624,9
3820544,9.975136689663572,2
3820550,9.879246387069013,6
3820559,9.809008570753758,9
3820565,9.905807343243612,6
3820571,9.891465421219127,6
3820582,9.621616340837477,11
3820585,9.96102786204329,3
3820591,9.894138467684805,6
3820599,9.836693536456055,8
3820615,9.598466799273165,16
3820621,9.915527224017387,6
3820635,9.717717157667648,14
3820648,9.704072807474535,13
3820657,9.77719721292051,9
3820658,10.0,1
3820664,9.78734657409,6
3820665,10.0,1
3820673,9.86614026662587,8
3820684,9.751081943535702,11
3820699,9.691829818324544,15
3820717,9.564296934748311,18
3820729,9.750694997119266,12
3820730,9.996428074375112,1
3820739,9.82762829021613,9
3820746,9.89013364562852,7
3820752,9.910308576830387,6
3820767,9.679618963716512,15
3820777,9.781754139438528,10
3820780,9.967767914330224,3
3820786,9.884499511432303,6
3820787,9.996659781637858,1
3820797,9.778100763312882,10
3820800,9.951932528118551,3
3820806,9.874410353187558,6
3820817,9.748098739177228,11
3820828,9.778651927666973,11
3820842,9.228563904034834,14
3820853,9.787450715232161,11
3820868,9.652729570893992,15
3820869,10.0,1
3820873,9.931642213524816,4
3820882,9.822795955714373,9
3820892,9.787324020003059,10
3820895,9.966807429699992,3
3820896,9.99654280126293,1
3820906,9.7937431434514,10
3820916,9.78134401178541,10
3820920,9.941343699638184,4
3820932,9.745904767851012,12
3820947,9.658606474332622,15
3820956,9.832056718655373,9
3820972,9.723006232230004,16
3820981,9.796641158257367,9
3820992,9.765511337561021,11
3820993,10.0,1
3821007,9.717491354678385,14
3821016,9.842265793646185,9
3821022,9.87810258239987,6
3821038,9.610340146596082,16
3821050,9.730896054057453,12
3821066,9.666498535668175,16
3821073,9.89299746927591,7
3821084,9.77375156656525,11
3821089,9.911218912011856,5
3821090,10.0,1
3821098,9.845952576134108,8
3821101,9.959550808840763,3
3821110,9.817031784735374,9
3821115,9.921436993170232,5
3821120,9.707836711833533,5
3821121,9.995981077893697,1
3821131,9.776248254304306,10
3821143,9.764467266051735,12
3821148,9.92551731639657,5
3821155,9.79965062601655,7
3821161,9.900573499535621,6
3821173,9.711047367478026,12
3821181,9.840955681336718,8
3821193,9.749784211528643,12
3821200,9.881922041069242,7
3821203,9.964677324892351,3
3821216,9.738492995020545,13
3821221,9.913334311880963,5
3821231,9.794080622528975,10
3821232,10.0,1
3821242,9.786433510955764,10
3821256,9.6661006702823,14
3821257,10.0,1
3821266,9.820061405631296,9
3821274,9.859052890396887,8
3821290,9.456027483058964,16
3821304,9.715372326500066,14
3821311,9.884102134986472,7
3821321,9.803883149114386,10
3821330,9.82280575809438,9
3821340,9.808530849402416,10
3821355,9.58528388526036,15
3821361,9.898747211926684,6
3821367,9.890759657003168,6
3821372,9.90191614981443,5
3821381,9.789592957931996,9
3821396,9.66543196080766,15
3821405,9.837684908361085,9
3821416,9.791450401048154,11
3821429,9.701107225854898,13
3821431,9.976715726020998,2
3821436,9.910307957408794,5
3821442,9.89230306716376,6
3821449,9.854237207664596,7
3821457,9.755530226020394,8
3821462,9.930105002608755,5
3821465,9.965375725628633,3
3821474,9.815436799872206,9
3821484,9.801137123547228,10
3821496,9.725314067238058,12
3821504,9.840950433271132,8
3821515,9.769218843923381,11
3821524,9.82124203313399,9
3821531,9.862199328033117,7
3821539,9.849905644698483,8
3821546,9.869000465174807,7
3821550,9.93426748447337,4
3821551,10.0,1
3821557,9.892518467494657,6
3821564,9.871343614117908,7
3821574,9.790110101404066,10
3821596,9.463367564824553,22
3821600,9.954151776644268,4
3821604,9.947571206786535,4
3821624,9.527255037670429,20
3821625,9.996543934570266,1
3821636,9.782559140410825,11
3821637,10.0,1
3821641,9.938814020147822,4
3821646,9.923107038617895,5
3821657,9.792719557409885,11
3821660,9.954781896894998,3
3821669,9.792507328977198,9
3821675,9.899816018517928,6
3821680,9.920998301976601,5
3821689,9.802337719567364,9
3821696,9.899268747239375,7
3821700,9.928975652165402,4
3821715,9.63960920332182,15
3821721,9.906125021653134,6
3821732,9.771523457596484,11
3821745,9.739264893465648,13
3821754,9.807030942554242,9
3821755,10.0,1
3821770,9.643360582697063,15
3821782,9.607449155107975,12
3821794,9.727885392241179,12
3821806,9.747164691639673,12
3821815,9.825468803515337,9
3821827,9.73840097091812,12
3821828,10.0,1
3821839,9.79942647116042,11
3821850,9.774000466819308,11
3821859,9.830273040190606,9
3821874,9.66857369728678,15
3821876,9.978724277448793,2
3821885,9.826249209065487,9
3821894,9.806100654707784,9
3821904,9.775571760433893,10
3821907,9.96802807354359,3
3821917,9.773832421444052,10
3821918,10.0,1
3821934,9.550119986720686,16
3821943,9.828335301190542,9
3821958,9.64935351482977,15
3821963,9.91565178074096,5
3821969,9.809651500055589,6
3821975,9.872889328019145,6
3821981,9.903717560299802,6
3821991,9.812861322576785,10
3821997,9.714722735104353,6
3822006,9.807519940531995,9
3822506,-206.6828459061837,500
3822520,9.659606078961769,14
3822528,9.860514468709399,8
3822530,9.978143120266093,2
3822534,9.948676881832485,4
3822539,9.912698075011543,5
3822544,9.916890496219246,5
3822546,9.985478337710706,2
3822553,9.880350644960174,7
3822563,9.786021576004115,10
3822570,9.882537787180654,7
3822575,9.931767483343675,5
3822587,9.54209030122668,12
3822593,9.898461591129543,6
3822594,10.0,1
3822601,9.874831385183032,7
3822614,9.728797965484128,13
3822621,9.867478983549585,7
3822624,9.964343395453753,3
3822633,9.828519130680546,9
3822638,9.926582911622384,5
3822644,9.888250674792287,6
3822656,9.770021913863564,12
3822657,10.0,1
3822666,9.797312926446422,9
3822675,9.81884958172741,9
3822685,9.80658272630509,10
3822690,9.91697621075473,5
3822701,9.787059864977016,11
3822714,9.520283232801372,13
3822727,9.425062502999154,13
3822738,9.817719095504877,11
3822747,9.81332969804361,9
3822753,9.880789085264503,6
3822757,9.95038985601158,4
3822771,9.706050665436768,14
3822784,9.707568417699978,13
3822795,9.75283121858702,11
3822807,9.730304700473697,12
3822822,9.663559938668909,15
3822823,10.0,1
3822830,9.859215833832106,7
3822835,9.909919169265734,5
3822837,9.974381613697382,2
3822840,9.957110597976172,3
3822841,10.0,1
3822850,9.827306005366433,9
3822854,9.929013891649928,4
3822861,9.865294854241847,7
3822863,9.976249280533702,2
3822871,9.833253316000608,8
3822877,9.892846995800468,6
3822887,9.796493009351066,10
3822895,9.849084934894824,8
3822901,9.901766029607677,6
3822915,9.660140480785826,14
3822923,9.853029204754462,8
3822929,9.907294763585297,6
3822943,9.668540418913501,14
3822957,9.677610508044053,14
3822966,9.83909500202904,9
3822974,9.845708209378286,8
3822981,9.866214389498197,7
3822993,9.720868670524265,12
3823008,9.729447661381592,15
3823016,9.852209703485071,8
3823022,9.883013750491957,6
3823029,9.854033324308384,7
3823035,9.890311074186402,6
3823045,9.777620128193012,10
3823053,9.829958064926501,8
3823061,9.822936893139758,8
3823062,10.0,1
3823074,9.655469370944637,12
3823085,9.78328913798191,11
3823118,9.391097784590766,33
3823132,9.718127731022568,14
3823133,10.0,1
3823139,9.905196123882053,6
3823143,9.94546464582191,4
3823144,9.996788052662673,1
3823145,10.0,1
3823158,9.703160364534833,13
3823170,9.741446350914194,12
3823186,9.670703158916643,16
3823192,9.880752797942055,6
3823203,9.751012019301925,11
3823204,10.0,1
3823219,9.641404199904159,15
3823227,9.81927583728287,8
3823240,9.721177298563505,13
3823244,9.935027014612292,4
3823251,9.875759148373989,7
3823254,9.95463752514805,3
3823260,9.873798861713595,6
3823269,9.818299419165204,9
3823274,9.92734434295466,5
3823285,9.776131822028765,11
3823299,9.679578763616874,14
3823300,10.0,1
3823317,9.626703131393601,17
3823328,9.769552756704355,11
3823340,9.750268363508013,12
3823348,9.84020879263719,8
3823354,9.897214266293686,6
3823371,9.654849654387306,17
3823379,9.816700328786068,8
3823387,9.854053190402816,8
3823394,9.885540053377742,7
3823397,9.9571112245847,3
3823405,9.874058375945934,8
3823412,9.863465525656803,7
3823427,9.574704853306221,15
3823431,9.948498982848417,4
3823436,9.928805208382812,5
3823448,9.709656803261957,12
3823453,9.918652228187034,5
3823462,9.788414615230241,9
3823467,9.90132443767352,5
3823476,9.831013186207402,9
3823480,9.923972011024457,4
3823485,9.900503483660131,5
3823497,9.7339731683185,12
3823513,9.65201897344312,16
3823518,9.931420103768854,5
3823526,9.83930378027411,8
3823534,9.863877995860916,8
3823546,9.734847697969602,12
3823553,9.875179520371502,7
3823562,9.81826964941295,9
3823565,9.95705967508297,3
3823573,9.841616633822612,8
3823579,9.914419971474688,6
3823590,9.762721097999906,11
3823598,9.425832409896381,8
3823610,9.726898139255802,12
3823615,9.911098341127367,5
3823616,10.0,1
3823622,9.892755903053637,6
3823628,9.881341964261237,6
3823648,9.392184155990778,20
3823658,9.77236702350912,10
3823670,9.748644882730149,12
3823679,9.817889400131648,9
3823681,9.971033237695156,2
3823699,9.571416352932792,18
3823711,9.715275316411521,12
3823721,9.772472310059445,10
3823728,9.861000456146144,7
3823736,9.851436092595108,8
3823750,9.698948647911267,14
3823752,9.975639277196947,2
3823762,9.801548014946732,10
3823774,9.716449823375715,12
3823793,9.580344407133873,19
3823797,9.948167169434681,4
3823810,9.69131166154987,13
3823819,9.79394861168737,9
3823824,9.913103048777586,5
3823834,9.787095535971652,10
3823838,9.930033903601073,4
3823845,9.85765760224033,7
3823855,9.778788395267764,10
3823868,9.739183357356508,13
3823873,9.911752790271185,5
3823881,9.823839713984675,8
3823884,9.964550524605544,3
3823899,9.458737731971365,15
3823907,9.847326040203551,8
3823916,9.804226253344861,9
3823933,9.503024937476697,17
3823942,9.805038376549854,9
3823947,9.919466498174298,5
3823959,9.735801540430314,12
3823973,9.462139880855664,14
3823979,9.893501418177665,6
3823983,9.943623750641201,4
3823984,10.0,1
3823990,9.878695858797196,6
3824009,9.534071673744911,19
3824020,9.74789625323356,11
3824027,9.859664345309682,7
3824044,9.639866681967685,17
3824052,9.86949124614593,8
3824058,9.883996257017648,6
3824067,9.821848562711235,9
3824075,9.855498892228189,8
3824090,9.660124372844503,15
3824096,9.876952022986258,6
3824097,10.0,1
3824105,9.823606393173225,8
3824114,9.84364319561597,9
3824123,9.822820119683085,9
3824129,9.910371371823148,6
3824140,9.735912334140883,11
3824148,9.836903577583977,8
3824151,9.953732787187949,3
3824161,9.757898364855018,10
3824171,9.794973817253167,10
3824177,9.901415454820865,6
3824184,9.890901999006402,7
3824188,9.930705986971576,4
3824199,9.774360521668903,11
3824202,9.95533046466626,3
3824213,9.795451396032755,11
3824222,9.811581436309586,9
3824224,9.978533526976316,2
3824235,9.783552406590578,11
3824254,9.685649021055184,19
3824261,9.86222736649079,7
3824279,9.634766596945028,18
3824285,9.914002287664772,6
3824292,9.873482668846606,7
3824298,9.891301877926823,6
3824299,10.0,1
3824306,9.76168571788384,7
3824311,9.924663925263213,5
3824315,9.941189841952598,4
3824325,9.79060321404407,10
3824329,9.935703118318376,4
3824343,9.715202444270505,14
3824363,9.53821074888807,20
3824368,9.906674487067617,5
3824377,9.81675900259539,9
3824378,10.0,1
3824390,9.740579207894696,12
3824398,9.85804985000444,8
3824410,9.7262358565708,12
3824415,9.908425670010537,5
3824420,9.91427388995,5
3824425,9.935684368116977,5
3824442,9.64615851595266,17
3824449,9.852774870082012,7
3824452,9.95697670585353,3
3824462,9.816515654377083,10
3824467,9.90552624984238,5
3824468,9.992574604787192,1
3824475,9.874388396932773,7
3824481,9.892588877207993,6
3824491,9.790848595729834,10
3824496,9.928996063002806,5
3824506,9.836842783195538,10
3824512,9.901012355859102,6
3824523,9.753219586940395,11
3824526,9.853820557824196,3
3824527,10.0,1
3824540,9.763679430847862,13
3824545,9.913234806532015,5
3824548,9.952553220174057,3
3824558,9.76859152421718,10
3824567,9.792196445530733,9
3824575,9.858613468188471,8
3824584,9.824465083855777,9
3824590,9.893612910118602,6
3824600,9.777740726175526,10
3824601,10.0,1
3824602,10.0,1
3824604,9.979561616480714,2
3824623,7.326940776228611,19
3824627,9.940032558810472,4
3824636,9.797793931205394,9
3824640,9.925198438876363,4
3824648,9.855472846775262,8
3824655,9.865724682091678,7
3824661,9.88569759435724,6
3824671,9.793327374778618,10
3824672,10.0,1
3824685,9.711388880197855,13
3824697,9.711397443818946,12
3824709,9.722931319479665,12
3824716,9.85099013240417,7
3824724,9.846728597582002,8
3824734,9.803323974956301,10
3824747,9.75774564990392,13
3824760,9.705369830145594,13
3824766,9.894331106047632,6
3824777,9.750267999416074,11
3824778,10.0,1
3824784,9.90149142188108,6
3824787,9.962364203372374,3
3824804,9.681485518134547,17
3824825,9.512775959761147,21
3824835,9.843772297093619,10
3824849,9.691632913103726,14
3824855,9.888508135348587,6
3824856,10.0,1
3824861,9.895471195844678,5
3824871,9.813214154515196,10
3824878,9.898806512174326,7
3824894,9.634722065492381,16
3824908,9.686298511879794,14
3824914,9.897454054245229,6
3824926,9.737539498790229,12
3824949,9.474469625943877,23
3824955,9.880549045951916,6
3824959,9.935865495924832,4
3824971,9.742379510211554,12
3824983,9.785601013126938,12
3824984,10.0,1
3824994,9.792370717317608,10
3824997,9.955432313315969,3
3824999,9.973343058364796,2
3825014,9.731763828382478,15
3825016,9.985523226530121,2
3825028,9.744132526419941,12
3825042,8.247078344041107,14
3825047,9.935553340180817,5
3825048,10.0,1
3825049,10.0,1
3825062,9.724509662663252,13
3825075,9.707862573809452,13
3825086,9.74103001484011,11
3825097,9.764673104809013,11
3825099,9.97217063813293,2
3825100,10.0,1
3825107,9.86153510370789,7
3825114,9.839184154599844,7
3825123,9.828225466096136,9
3825133,9.811162212869075,10
3825140,9.856420156593101,7
3825147,9.86375938184465,7
3825162,9.743981153852841,15
3825173,9.770102916504182,11
3825180,9.862223770923409,7
3825190,9.799480346326611,10
3825193,9.955847104393051,3
3825204,9.74433724058633,11
3825205,10.0,1
3825208,9.963153062130713,3
3825213,9.924877320135979,5
3825218,9.902136210850212,5
3825219,10.0,1
3825231,9.463306156782677,12
3825233,9.983532043668864,2
3825247,9.70032567507915,14
3825254,9.881730094404421,7
3825260,9.917668543620254,6
3825270,9.795472864393131,10
3825277,9.867566242670051,7
3825296,9.531759001609213,19
3825301,9.919695351958989,5
3825313,9.716548781516687,12
3825317,9.946938592994035,4
3825330,9.72454613500274,13
3825333,9.959411667638248,3
3825334,10.0,1
3825345,9.751572296946026,11
3825346,10.0,1
3825351,9.899484479132349,5
3825355,9.921499393562529,4
3825359,9.937025011765762,4
3825365,9.91895508389694,6
3825373,9.859206600857782,8
3825380,9.872730565096461,7
3825386,9.907751929357946,6
3825397,9.783352855668483,11
3825402,9.912481362518092,5
3825409,9.871877316894476,7
3825423,9.686761367425671,14
3825430,9.862236986544255,7
3825438,9.83963668781186,8
3825441,9.956669782692812,3
3825446,9.926787321533817,5
3825455,9.800499568514368,9
3825465,9.820496478704758,10
3825472,9.864030321763998,7
3825483,9.759140353413502,11
3825495,9.747475937487533,12
3825506,9.750283478373698,11
3825511,9.912151943060504,5
3825520,9.812993715826135,9
3825533,9.600568876999668,13
3825546,9.794075353883713,13
3825563,9.56664540416063,17
3825579,9.086261478865401,16
3825631,0.32342171597426983,52
3825632,10.0,1
3825641,9.8161820766013,9
3825648,9.85706533823109,7
3825656,9.839996555128318,8
3825669,9.728065565696108,13
3825670,9.98835520361172,1
3825675,9.917789226106343,5
3825682,9.866057125431105,7
3825693,9.562200678759266,11
3825694,10.0,1
3825702,9.853776133913037,8
3825708,9.876936263462177,6
3825715,9.877757994229698,7
3825726,9.783149035252233,11
3825737,9.753216625033653,11
3825738,10.0,1
3825739,9.993113493821449,1
3825744,9.927456587024974,5
3825745,10.0,1
3825756,9.469122432054572,11
3825764,9.849777831376796,8
3825774,9.792216771260223,10
3825778,9.937166301610977,4
3825783,9.923230904777357,5
3825788,9.90692835449945,5
3825792,9.930864339866384,4
3825803,9.76535886285015,11
3825810,9.878668879225843,7
3825818,9.827728290918119,8
3825823,9.926419605663696,5
3825824,10.0,1
3825832,9.833737763472147,8
3825837,9.917661199698989,5
3825852,9.64440627789989,15
3825865,9.701433998401773,13
3825870,9.91794130673474,5
3825874,9.939340414969678,4
3825889,9.666469910048646,15
3825901,9.759957369661414,12
3825905,9.932709746520265,4
3825913,9.863704661962924,8
3825920,9.878102234687836,7
3825925,9.914502204724686,5
3825930,9.896272594569055,5
3825940,9.822832058392235,10
3825950,9.780378692377202,10
3825951,9.996708785597091,1
3825958,9.685877950491397,7
3825972,9.573454548735002,14
3825983,9.79245173594784,11
3825999,9.609827303542648,16
3826012,9.71911380227276,13
3826014,9.973527278672474,2
3826020,9.899055191116826,6
3826029,9.838392694745586,9
3826040,9.758254063820267,11
3826048,9.838808770664986,8
3826057,9.829302519206669,9
3826059,9.973497423620818,2
3826067,9.849842035897566,8
3826071,9.944142575614674,4
3826078,9.880917718404568,7
3826087,9.815789602368742,9
3826097,9.763692524059921,10
3826109,9.75286127593165,12
3826120,9.746683754405435,11
3826134,9.69774871361208,14
3826140,9.889144488928503,6
3826147,9.88559793562848,7
3826159,9.757659791648152,12
3826166,9.882756348889053,7
3826174,9.403377825803727,8
3826184,9.819405612116011,10
3826195,9.746730043854047,11
3826203,9.878808344639857,8
3826213,9.774318949099628,10
3826214,10.0,1
3826224,9.767822882511453,10
3826235,9.783007000318081,11
3826241,9.893448669794022,6
3826245,9.924105245986823,4
3826251,9.901482802404436,6
3826258,9.862854329334704,7
3826267,9.824812164594531,9
3826285,9.572813484704515,18
3826288,9.95925452264975,3
3826300,9.768908305236502,12
3826313,9.75626132298582,13
3826324,9.792177996358635,11
3826332,9.831236126063278,8
3826346,9.689179949396571,14
3826354,9.826681100613268,8
3826364,9.777506697517152,10
3826376,9.730252921627283,12
3826379,9.967049879452468,3
3826386,9.893266954786913,7
3826396,9.811456048814936,10
3826402,9.900725765649247,6
3826414,9.750993667253052,12
3826423,9.8300410743299,9
3826439,9.68312419885594,16
3826449,9.783181562124513,10
3826450,10.0,1
3826459,9.811841372885386,9
3826476,9.611144788147177,17
3826480,9.93886200153838,4
3826490,9.798919623196156,10
3826500,9.809370920112572,10
3826510,9.787367364041442,10
3826514,9.951227861804696,4
3826528,9.697397536925754,14
3826529,10.0,1
3826539,9.809188757124755,10
3826550,9.72461436023418,11
3826564,9.67425283081964,14
3826571,9.79091033256592,7
3826577,9.889199151824538,6
3826591,9.73067760948259,14
3826592,10.0,1
3826597,9.820699839240351,5
3826611,9.46641226849847,14
3826621,9.818485059111852,10
3826629,9.822495580575861,8
3826630,10.0,1
3826635,9.916033180259529,5
3826639,9.938828077131255,4
3826645,9.89319187074228,6
3826654,9.816450004648651,9
3826661,9.846129631656863,7
3826672,9.759326307295805,11
3826679,9.856170811349271,7
3826681,9.978651901440315,2
3826682,10.0,1
3826687,9.932987129304713,5
3826694,9.868921576027066,7
3826704,9.76776366572167,10
3826707,9.955293978132035,3
3826713,9.884454759119278,6
3826722,9.81972260552738,9
3826723,10.0,1
3826735,9.712112197946103,12
3826745,9.781439399870186,10
3826753,9.83438336415285,8
3826765,9.817934215493256,12
3826787,9.500755426395825,22
3826794,9.861040291973897,7
3826808,9.680147187110423,14
3826816,9.860803463741773,8
3826831,9.691954170957832,15
3826840,9.81637748289082,9
3826851,9.757599504135657,11
3826867,9.64689905618095,16
3826868,10.0,1
3826873,9.9132708186239,5
3826876,9.971315950031071,3
3826890,9.732249275864294,14
3826900,9.794315116148889,10
3826910,9.798325812039636,10
3826918,9.845714796644746,8
3826926,9.840822531007763,8
3826939,9.708353135759111,13
3826950,9.74103130310187,11
3826960,9.585612966462971,10
3826961,10.0,1
3826973,9.734826450307859,12
3826980,9.882622751791907,7
3826993,9.756050300876145,13
3827003,9.82807300616356,10
3827004,10.0,1
3827010,9.885303105842784,6
3827021,9.754878092621647,11
3827022,9.988601082038063,1
3827030,9.861909076719172,8
3827036,9.89772938245631,6
3827037,9.989676268401725,1
3827050,9.699712551059202,13
3827063,9.7103316490638,13
3827068,9.911954138707916,5
3827077,9.823008947964615,9
3827086,9.833813344829952,9
3827100,9.70875787372772,14
3827114,9.681859677178146,14
3827117,9.961378490904229,3
3827129,9.733661934971048,12
3827139,9.482737044476316,10
3827140,9.99270787179547,1
3827148,9.846154204376907,8
3827157,9.826860267696244,9
3827173,9.668206467095441,16
3827353,6.439562772591734,180
3827357,9.942222392765709,4
3827366,9.811248869418431,9
3827372,9.886994332735446,6
3827386,9.69264112140966,14
3827387,10.0,1
3827394,9.873078632035666,7
3827396,9.973541692497319,2
3827410,9.723276799716059,14
3827416,9.880870304143398,6
3827424,9.868251935340497,8
3827431,9.880672231576236,7
3827432,9.99636511795172,1
3827433,9.98864212371182,1
3827439,9.899562999723862,6
3827442,9.953832895328043,3
3827457,9.660948250407731,15
3827458,9.992751601073557,1
3827469,9.789430785379928,11
3827493,9.280160585668757,24
3827502,9.808146094242817,9
3827508,9.904542276008938,6
3827526,9.493995540136348,18
3827532,9.877886590753112,6
3827544,9.740199679809741,12
3827558,9.688311830475575,14
3827571,9.715844148980642,13
3827577,9.909407485476438,6
3827578,10.0,1
3827591,9.75249568543743,13
3827601,9.809787389670445,10
3827607,9.900884567201352,6
3827619,9.73379538065005,12
3827622,9.960548195035477,3
3827630,9.876606596652966,8
3827639,9.834157181710264,9
3827648,9.829054928787077,9
3827653,9.928046590228139,5
3827661,9.833890488743922,8
3827664,9.959325043456158,3
3827673,9.622115439710448,9
3827678,9.931748675542297,5
3827679,10.0,1
3827684,9.913339492410902,5
3827687,9.961779046697233,3
3827690,9.95053123959352,3
3827701,9.645590125608363,11
3827708,9.865532989892166,7
3827719,9.776634910070378,11
3827730,9.770883090266027,11
3827736,9.911856965120077,6
3827740,9.937244749679548,4
3827744,9.93670897370231,4
3827757,9.681940482919575,13
3827773,9.625726365955666,16
3827774,10.0,1
3827784,9.796388159362245,10
3827795,9.798326828469158,11
3827803,9.87801520544272,8
3827810,9.874263769377364,7
3827811,10.0,1
3827812,10.0,1
3827823,9.759518986703902,11
3827832,9.803191286545484,9
3827846,9.6761034969751,14
3827852,9.897370723202686,6
3827853,10.0,1
3827854,10.0,1
3827866,9.754192892776391,12
3827876,9.770588813651383,10
3827895,9.525828880408264,19
3827896,10.0,1
3827900,9.92672569391739,4
3827901,9.995906777829257,1
3827911,9.772931744822406,10
3827918,9.864294874122274,7
3827919,10.0,1
3827925,9.87574700838985,6
3827933,9.841403433914277,8
3827947,9.711030733800483,14
3827962,9.639868688653335,15
3827969,9.863434331197558,7
3827977,9.874900828815727,8
3827984,9.851574356486339,7
3827993,9.81465121129863,9
3828007,9.695211481154193,14
3828019,9.740942895395285,12
3828027,9.854214299853188,8
3828037,9.785818020160958,10
3828041,9.943430482974936,4
3828042,10.0,1
3828059,9.688240254694673,17
3828064,9.922046597670697,5
3828073,9.820582291809545,9
3828084,9.76456964823379,11
3828101,9.693549833406253,17
3828108,9.901892581204443,7
3828132,9.570946558763739,24
3828140,9.870183023629288,8
3828144,9.944058472657723,4
3828156,9.744814367882029,12
3828164,9.848209342922086,8
3828178,9.685804679299459,14
3828190,9.75005412030891,12
3828196,9.881449546506941,6
3828216,9.503663265384082,20
3828225,9.813638800588953,9
3828236,9.798260297464655,11
3828247,9.77871310993261,11
3828253,9.901691407973349,6
3828266,9.774578763597148,13
3828269,9.966621397298262,3
3828284,9.700410581927757,15
3828292,9.845377659099926,8
3828306,9.699237035689851,14
3828318,9.77799325101256,12
3828323,9.917228803823344,5
3828334,9.774136131394807,11
3828346,9.779043646899778,12
3828354,9.84607484681025,8
3828355,10.0,1
3828363,9.827034858712315,8
3828373,9.76129782818299,10
3828384,9.747902973273744,11
3828396,9.760154787729547,12
3828405,9.807958630421124,9
3828414,9.820467577220615,9
3828426,9.748809664816317,12
3828434,9.850721835571466,8
3828443,9.842547111182085,9
3828452,9.805926220560941,9
3828453,10.0,1
3828468,9.687404039422763,15
3828475,9.871456308455986,7
3828480,9.929791841205915,5
3828487,9.869142157011092,7
3828505,9.606921159461491,18
3828506,10.0,1
3828511,9.923961441267075,5
3828516,9.932286477513134,5
3828525,9.814092142577117,9
3828531,9.885547787009708,6
3828546,9.708627755255224,15
3828551,9.927159947325165,5
3828559,9.728189595398606,8
3828569,9.586035207066926,10
3828573,9.947546366490197,4
3828578,9.902620005519324,5
3828583,9.921149820175028,5
3828591,9.82811901991012,8
3828602,9.741557418029329,11
3828603,10.0,1
3828615,9.533125619179868,12
3828616,10.0,1
3828620,9.932194252131263,4
3828631,9.745838890527605,11
3828636,9.910036425371592,5
3828642,9.897328405981478,6
3828651,9.821290611293104,9
3828657,9.871277058762931,6
3828661,9.917911445662378,4
3828673,9.72546712292143,12
3828682,9.826224645106947,9
3828683,9.992270370902734,1
3828692,9.819378693015619,9
3828693,10.0,1
3828700,9.886658002624937,7
3828711,9.790300124933596,11
3828725,9.68569459892215,14
3828734,9.819369476271321,9
3828742,9.847641212321184,8
3828750,9.844106349939114,8
3828754,9.942187140633271,4
3828762,9.868504523164347,8
3828763,10.0,1
3828773,9.783975932948056,10
3828789,9.640509829710949,16
3828795,9.884147185895515,6
3828801,9.888771449532126,6
3828816,9.666846557209997,15
3828833,9.596083233158408,17
3828851,9.591514411163713,18
3828852,10.0,1
3828853,10.0,1
3828861,9.85222019696945,8
3828872,9.754122057612028,11
3828885,9.742438075122454,13
3828898,9.737290409729447,13
3828904,9.917974211313222,6
3828913,9.850961114172359,9
3828918,9.908561323878057,5
3828923,9.92488072316251,5
3828924,9.988920015330857,1
3828931,9.869411353282937,7
3828937,9.89900665153842,6
3828947,9.765771123837082,10
3828956,9.812483083376405,9
3828959,9.957882357615615,3
3828966,9.850666554125969,7
3828974,9.842936490301751,8
3828978,9.934124733263504,4
3828989,9.755702839826025,11
3828991,9.968714283984822,2
3828996,9.93170249128471,5
3829004,9.847760483456465,8
3829014,9.791243181471287,10
3829018,9.933114646057737,4
3829026,9.838614747367332,8
3829039,9.740453045279914,13
3829052,9.705609491806431,13
3829057,9.91797495490912,5
3829071,9.696258837868424,14
3829081,9.788382922566292,10
3829087,9.895883139184315,6
3829098,9.789829626689027,11
3829108,9.796443790440687,10
3829115,9.872632219225832,7
3829125,9.789331798905994,10
3829136,9.769346306153311,11
3829146,9.781998419256425,10
3829156,9.780983650345188,10
3829166,9.786449450491826,10
3829174,9.839329723837452,8
3829180,9.898015028101645,6
3829185,9.920317289749674,5
3829200,9.440306613172991,15
3829212,9.762152953025865,12
3829213,9.992664695654828,1
3829216,9.963504686100366,3
3829224,9.822069495641387,8
3829228,9.940542532759848,4
3829235,9.851560512193943,7
3829244,9.791684431853339,9
3829248,9.941530033469332,4
3829252,9.946772003959701,4
3829256,9.951984648664308,4
3829260,9.927360169318504,4
3829261,10.0,1
3829270,9.821150870349719,9
3829274,9.932700225657909,4
3829289,9.637872889860915,15
3829290,10.0,1
3829294,9.932541918629452,4
3829313,9.448422595447934,19
3829318,9.912719353065928,5
3829322,9.94732181759744,4
3829335,9.718477860136275,13
3829343,9.84088502995188,8
3829357,9.705775104278176,14
3829363,9.785868591299645,6
3829374,9.78966889468972,11
3829385,9.743076336903895,11
3829388,9.95977636502142,3
3829394,9.888201674931125,6
3829401,9.872738716423049,7
3829412,9.766590869207176,11
3829413,10.0,1
3829414,10.0,1
3829421,9.85451786871669,7
3829427,9.886608766801421,6
3829435,9.863865802935406,8
3829450,9.660112067871312,15
3829465,9.665702502640265,15
3829473,9.843348000953537,8
3829486,9.700737474236673,13
3829494,9.837915410588526,8
3829504,9.812056726743617,10
3829516,9.731516017534114,12
3829517,10.0,1
3829525,9.559382386640838,8
3829534,9.835542699949801,9
3829535,10.0,1
3829546,9.765775563853534,11
3829557,9.831335390356353,11
3829558,10.0,1
3829572,9.708134311306955,14
3829593,9.506069670258054,21
3829594,10.0,1
3829598,9.939941393370107,4
3829618,9.555206541327964,20
3829625,9.857670249907578,7
3829626,10.0,1
3829637,9.774796854762664,11
3829645,9.828013288292933,8
3829652,9.858133449910797,7
3829662,9.76012486908686,10
3829673,9.751677813085696,11
3829678,9.906920299684874,5
3829688,9.77233036644445,10
3829696,9.82992411320431,8
3829705,9.792705290680312,9
3829709,9.939682836568407,4
3829711,9.985360798800668,2
3829717,9.902775394925413,6
3829726,9.812144332549657,9
3829730,9.92200783001293,4
3829735,9.904791761195334,5
3829745,9.779174068181197,10
3829755,9.776629380137889,10
3829756,10.0,1
3829768,9.741638268453455,12
3829773,9.919028431491176,5
3829785,9.740111261877926,12
3829786,10.0,1
3829798,9.74589405024009,12
3829803,9.924810841765794,5
3829811,9.878435766309021,8
3829824,9.696301497418016,13
3829833,9.840689829619317,9
3829834,10.0,1
3829840,9.897602053613518,6
3829847,9.886769709907725,7
3829869,9.594435364061464,22
3829875,9.903220240174408,6
3829883,9.820464900892409,8
3829898,9.661117341277228,15
3829900,9.9782258969183,2
3829907,9.863454144419752,7
3829919,9.743319993268459,12
3829932,9.721929960922315,13
3829939,9.8866963577861,7
3829944,9.917181758389868,5
3829955,9.759713283801155,11
3829971,9.634286776221808,16
3829977,9.904542408925613,6
3829980,9.962623710322056,3
3829981,10.0,1
3829982,10.0,1
3829988,9.786245741334065,6
3830005,8.726050549379504,17
3830016,9.803556121878602,11
3830017,10.0,1
3830035,9.607862150447858,18
3830040,9.899866735981071,5
3830059,9.53787766507929,19
3830064,9.917935172371564,5
3830074,9.80646658120082,10
3830078,9.945855590926177,4
3830083,9.912692587959969,5
3830087,9.936027017489282,4
3830101,9.727895130838846,14
3830159,-5.478930797572007,58
3830172,9.71007806215763,13
3830186,9.685757779815788,14
3830195,9.837933347131788,9
3830228,9.41675182847782,33
3830235,9.87122168536455,7
3830236,10.0,1
3830239,9.968686766127961,3
3830244,9.907941692658202,5
3830252,9.856466924147375,8
3830263,9.764218425610286,11
3830272,9.825498595558601,9
3830285,9.705903835613414,13
3830294,9.813094260047265,9
3830310,9.56152766526429,16
3830317,9.853922406116963,7
3830330,9.710933585890007,13
3830339,9.830069004629014,9
3830343,9.927868527566979,4
3830360,9.662521942959936,17
3830365,9.916012381649033,5
3830376,9.754259406496232,11
3830379,9.969477674220567,3
3830384,9.720591927744861,5
3830400,9.671550812087155,16
3830410,9.815261267720082,10
3830418,9.845799049378106,8
3830424,9.883570934571145,6
3830435,9.755705288181177,11
3830448,9.43192368507772,13
3830455,9.853841179710221,7
3830456,10.0,1
3830462,9.886774318812385,6
3830465,9.964055849552564,3
3830466,10.0,1
3830476,9.8031931056529,10
3830486,9.777428229908287,10
3830495,9.814428353132826,9
3830500,9.915449877857265,5
3830508,9.860300000613975,8
3830509,9.996618118790307,1
3830510,10.0,1
3830517,9.900994081321565,7
3830526,9.817001454175458,9
3830539,9.71318425141001,13
3830552,9.74329770904291,13
3830559,9.766013326566465,7
3830572,9.695303678496803,13
3830581,9.823718678252016,9
3830594,9.732702395915739,13
3830598,9.956274655475918,4
3830604,9.909203310922699,6
3830610,9.903744574412377,6
3830611,10.0,1
3830627,9.629855675014749,16
3830642,9.641207796675223,15
3830654,9.763673961530296,12
3830662,9.848643913599808,8
3830665,9.961161426522816,3
3830672,9.88000435761109,7
3830674,9.974506342521202,2
3830675,10.0,1
3830680,9.925838077866041,5
3830695,9.639160528622435,15
3830712,9.608381685328265,17
3830719,9.88284247963058,7
3830729,9.804139806710491,10
3830739,9.81539468095251,10
3830748,9.811765781138584,9
3830756,9.857777697537754,8
3830762,9.91068681283973,6
3830766,9.9338182056255,4
3830776,9.815789957597767,10
3830787,9.773209073350747,11
3830797,9.782268431191454,10
3830808,9.768015205677198,11
3830818,9.788192248899616,10
3830823,9.931006623229585,5
3830827,9.930661686032577,4
3830841,9.674769765264118,14
3830847,9.906736475494313,6
3830859,9.725501578179877,12
3830868,9.813794949332829,9
3830878,9.795230524768986,10
3830883,9.921634520962634,5
3830888,9.934779350793512,5
3830897,9.807212384339103,9
3830908,9.77816086700821,11
3830909,9.993288704828746,1
3830923,9.665345042746427,14
3830935,9.75883852637269,12
3830957,9.615817475901414,22
3830964,9.88986631866032,7
3830971,9.883929131904157,7
3830978,9.87895763892837,7
3830979,10.0,1
3830985,9.904087945606374,6
3830993,9.866084776451991,8
3831032,9.373179707997274,39
3831045,9.699192302980865,13
3831056,9.559380184755616,11
3831060,9.943606862265149,4
3831068,9.83708677540543,8
3831076,9.83311347020975,8
3831085,9.831834246652484,9
3831089,9.939543079868534,4
3831092,9.958672353191846,3
3831100,9.83973455765504,8
3831109,9.82555625177693,9
3831121,9.734231440667282,12
3831122,10.0,1
3831135,9.711337174999759,13
3831139,9.929472951914727,4
3831149,9.780700980316464,10
3831163,9.687835546446406,14
3831164,10.0,1
3831175,9.761468495391004,11
3831185,9.771900345203683,10
3831188,9.953649427064502,3
3831201,9.705026224840292,13
3831210,9.81681955941502,9
3831218,9.863975107060668,8
3831219,10.0,1
3831226,9.886551674790812,7
3831227,10.0,1
3831235,9.86122014997204,8
3831244,9.805193084384532,9
3831245,10.0,1
3831257,9.747192411924901,12
3831259,9.984629457581496,2
3831274,9.656221896814557,15
3831275,10.0,1
3831286,9.75485421971436,11
3831293,9.880248364967029,7
3831307,9.667918840816895,14
3831319,9.78110628433343,12
3831330,9.743967598094423,11
3831336,9.886802312097965,6
3831347,9.759483165225692,11
3831354,9.842918082132547,7
3831363,9.810241573147433,9
3831370,9.883640048260204,7
3831377,9.876552909973837,7
3831379,9.984962432127109,2
3831386,9.871973841787533,7
3831398,9.767925322777826,12
3831402,9.930396757885745,4
3831407,9.918729220946227,5
3831419,9.742862913518646,12
3831430,9.745273627980238,11
3831445,9.640874889976121,15
3831447,9.974362877734809,2
3831453,9.88027400022254,6
3831461,9.857518681042999,8
3831466,9.905406110816113,5
3831470,9.949138869919338,4
3831479,9.846864357177221,9
3831480,9.988835590485262,1
3831482,9.971957532599196,2
3831486,9.932114582815467,4
3831491,9.904823910834713,5
3831501,9.85863417047518,10
3831514,9.755771672523696,13
3831520,9.894723474626831,6
3831535,9.686882747976084,15
3831545,9.782233427446315,10
3831552,9.87440249249055,7
3831561,9.844082088463322,9
3831570,9.827646385609778,9
3831572,9.977598085104576,2
3831582,9.598585140288801,10
3831591,9.820261608096098,9
3831601,9.780961085242174,10
3831615,9.678023575304449,14
3831621,9.907169470514638,6
3831636,9.731610741568762,15
3831643,9.869725812636926,7
3831644,10.0,1
3831646,9.970841830433324,2
3831658,9.754841766754314,12
3831669,9.761993913202057,11
3831677,9.8585098879903,8
3831685,9.835148879947894,8
3831689,9.935139054539482,4
3831704,9.665652225777485,15
3831713,9.81158000153416,9
3831722,9.811194418660104,9
3831731,9.833525860888619,9
3831732,10.0,1
3831739,9.88732217894739,7
3831748,9.816309149626811,9
3831752,9.929300882611136,4
3831758,9.895087062701847,6
3831766,9.850018596626349,8
3831769,9.96136405035029,3
3831778,9.80524128157196,9
3831785,9.89645568600614,7
3831797,9.715083835435772,12
3831798,10.0,1
3831806,9.855071464575454,8
3831818,9.759642707706119,12
3831836,9.544933876620084,18
3831839,9.968708588174632,3
3831851,9.739496568158737,12
3831863,9.757376246577142,12
3831873,9.800250914562152,10
3831880,9.874860129493062,7
3831888,9.860622853778487,8
3831891,9.96138832006095,3
3831896,9.910970812103074,5
3831908,9.738469199948788,12
3831913,9.928924362910012,5
3831919,9.904118415391496,6
3831923,9.947591644849197,4
3831932,9.806092863353127,9
3831933,10.0,1
3831942,9.825269439360552,9
3831950,9.839517777375947,8
3831959,9.809239527006605,9
3831960,10.0,1
3831965,9.925900755915375,5
3831972,9.872536736671254,7
3831976,9.953875889960779,4
3831985,9.81383676370374,9
3831999,9.679934126455482,14
3832002,9.949707559944413,3
3832011,9.795529134211149,9
3832015,9.929597093684599,4
3832023,9.632936421348468,8
3832030,9.853879544468821,7
3832035,9.90963565271598,5
3832044,9.802081462562786,9
3832045,10.0,1
3832051,9.883316874065661,6
3832062,9.785468729598243,11
3832069,9.856931923749713,7
3832083,9.671880884538313,14
3832091,9.863853389141598,8
3832100,9.83065439486794,9
3832109,9.79768977143445,9
3832116,9.86233251958835,7
3832122,9.9011369317852,6
3832126,9.942676186539787,4
3832134,9.83948302753289,8
3832135,10.0,1
3832147,9.723962584443369,12
3832159,9.752930814068831,12
3832164,9.914482448788458,5
3832171,9.858488731324691,7
3832177,9.8992487015706,6
3832188,9.76113982093829,11
3832198,9.789532767390039,10
3832204,9.910094529139311,6
3832207,9.952134353834966,3
3832221,9.663278489862684,14
3832222,9.996677962093411,1
3832231,9.80689912150086,9
3832239,9.839578127916399,8
3832244,9.927634065998232,5
3832254,9.784250685030544,10
3832266,9.756250690093955,12
3832276,9.78360726956545,10
3832280,9.944681165538075,4
3832285,9.901528721277094,5
3832287,9.970747711759753,2
3832294,9.866773544117274,7
3832302,9.871923168376922,8
3832307,9.908955955283869,5
3832308,10.0,1
3832313,9.924242401739567,5
3832317,9.944384910484986,4
3832329,9.776970363914058,12
3832337,9.834750582491306,8
3832350,9.707757306800367,13
3832359,9.828755243211344,9
3832362,9.959994106924041,3
3832369,9.863434668932568,7
3832378,9.834425820937442,9
3832379,9.989026010750145,1
3832386,9.862554649845926,7
3832395,9.82170856969195,9
3832396,9.988868998163946,1
3832397,10.0,1
3832401,9.630093756973205,4
3832404,9.969851376389585,3
3832411,9.871571176902036,7
3832423,9.74140620111026,12
3832430,9.862465790197938,7
3832438,9.833742623358582,8
3832439,9.996372296600281,1
3832450,9.78657627065493,11
3832467,9.49397885429843,17
3832468,9.996564506772302,1
3832471,9.96358070960591,3
3832477,9.896602164784115,6
3832487,9.764106107635849,10
3832500,9.694919520958381,13
3832501,10.0,1
3832514,9.723969509631992,13
3832524,9.78655906219413,10
3832537,9.708274302267082,13
3832545,9.842327314620901,8
3832547,9.97133222022022,2
3832553,9.88965433581502,6
3832564,9.748057955426633,11
3832577,9.74167819472937,13
3832583,9.895142208660502,6
3832590,9.866995652290358,7
3832605,9.68514829220754,15
3832608,9.94674087347237,3
3832609,9.992711748838568,1
3832621,9.743898039527908,12
3832631,9.798930598543857,10
3832635,9.937307297622878,4
3832645,9.800001223560145,10
3832658,9.72854983681697,13
3832668,9.792970749644539,10
3832683,9.663091748782508,15
3832691,9.83820070837377,8
3832708,9.618076252881597,17
3832712,9.933798280307974,4
3832718,9.887541041075961,6
3832729,9.76304106317109,11
3832734,9.911059890711845,5
3832746,9.777034906038978,12
3832748,9.97596844419379,2
3832753,9.909374538739074,5
3832764,9.774321998500309,11
3832773,9.834943141367289,9
3832782,9.829437956712306,9
3832783,10.0,1
3832784,10.0,1
3832790,9.907664107081843,6
3832796,9.914019001650182,6
3832797,9.989180370299506,1
3832808,9.766987635802762,11
3832821,9.686164063523812,13
3832842,9.576971336512065,21
3832852,9.817226440936002,10
3832864,9.725211278682972,12
3832871,9.876956346037526,7
3832881,9.773127360117973,10
3832892,9.742432679024542,11
3832902,9.768074501164511,10
3832918,9.634546465462806,16
3832919,10.0,1
3832923,9.92554273789355,4
3832934,9.767001618885521,11
3832942,9.844852463557611,8
3832943,10.0,1
3832945,9.971982336127382,2
3832951,9.897056051404181,6
3832954,9.970046792610438,3
3832960,9.901983032947632,6
3832965,9.91113444489179,5
3832974,9.814244748858982,9
3832988,9.655615304636646,14
3833000,9.743391158939431,12
3833004,9.945276472160227,4
3833008,9.935735926702554,4
3833013,9.912553955346642,5
3833022,9.833642334524786,9
3833030,9.759852996891034,8
3833036,9.885595975620852,6
3833042,9.910566068828276,6
3833055,9.758937218812406,13
3833061,9.894646251765177,6
3833069,9.830402773478125,8
3833079,9.820462063591135,10
3833088,9.830740456631043,9
3833102,9.609822915386676,14
3833111,9.817255781397721,9
3833122,9.769277192081757,11
3833125,9.970947443209873,3
3833137,9.716910452701761,12
3833147,9.807309324358085,10
3833155,9.834867452217212,8
3833168,9.709424242132819,13
3833177,9.808468289331357,9
3833182,9.921436438975636,5
3833186,9.947915868028362,4
3833197,9.77332387789339,11
3833205,9.845522719130123,8
3833217,9.661149108845136,12
3833222,9.909107400597613,5
3833230,9.83556670219776,8
3833236,9.923551827861438,6
3833246,9.799898458790967,10
3833256,9.794322278188698,10
3833264,9.826865130944464,8
3833269,9.894052256604255,5
3833279,9.800144304221694,10
3833291,9.74538679952902,12
3833294,9.952788635349872,3
3833295,10.0,1
3833297,9.973467560525716,2
3833298,9.988050371694412,1
3833305,9.864905070335874,7
3833315,9.766454793504927,10
3833329,9.74129387125329,14
3833330,10.0,1
3833337,9.855666235543406,7
3833350,9.719084119860264,13
3833361,9.79848034984311,11
3833371,9.783354642699413,10
3833383,9.742926024847767,12
3833384,10.0,1
3833388,9.946295281410052,4
3833398,9.822354411055091,10
3833405,9.85824347288103,7
3833410,9.929757607556343,5
3833418,9.861224221308241,8
3833428,9.79385336082468,10
3833439,9.775002874460531,11
3833442,9.961569450721688,3
3833450,9.866392423664957,8
3833460,9.783698285929699,10
3833467,9.878538618511755,7
3833475,9.85533483497388,8
3833486,9.785418074145289,11
3833492,9.877229502335545,6
3833511,9.523236086596652,19
3833519,9.871329572110236,8
3833527,9.82531708575191,8
3833540,9.736227986943009,13
3833552,9.722665064973485,12
3833561,9.80826043813737,9
3833568,9.85810821408044,7
3833577,9.807848895162712,9
3833599,9.35608360804923,22
3833603,9.953073176053755,4
3833604,9.996297635365629,1
3833613,9.793683617593286,9
3833621,9.858262130311628,8
3833631,9.76152805120627,10
3833643,9.732674689673383,12
3833644,10.0,1
3833645,10.0,1
3833656,9.760611232647658,11
3833672,9.624426230445785,16
3833679,9.862754157217678,7
3833687,9.831705008281098,8
3833697,9.779025577766628,10
3833713,9.644139756069679,16
3833722,9.800388922095511,9
3833728,9.900456854359392,6
3833734,9.910636027075517,6
3833737,9.950648669067224,3
3833741,9.935519362841049,4
3833749,9.852656286960999,8
3833762,9.66653038495558,13
3833773,9.765195519465278,11
3833782,9.827169504802868,9
3833783,10.0,1
3833791,9.86621181933135,8
3833792,9.996512672600923,1
3833799,9.863004419879443,7
3833805,9.889754669076156,6
3833813,9.854451076013403,8
3833818,9.916057754428898,5
3833828,9.834168053776521,10
3833834,9.885514396707853,6
3833843,9.820991457571612,9
3833852,9.808919144227206,9
3833858,9.902100203111388,6
3833866,9.840546177444407,8
3833875,9.810730516573782,9
3833891,9.611653782661103,16
3833901,9.80339778840573,10
3833916,9.650654739837108,15
3833917,10.0,1
3833930,9.70809166320683,13
3833948,9.612139643172155,18
3833951,9.966399347258072,3
3833958,9.853467049487156,7
3833974,9.599599962932144,16
3833980,9.88940290728874,6
3833985,9.932091447911525,5
3833986,10.0,1
3833997,9.766016440028077,11
3834002,9.912951211338061,5
3834009,9.881282110785413,7
3834012,9.95996107355872,3
3834017,9.91865962691628,5
3834025,9.842532724671257,8
3834038,9.726926320873712,13
3834042,9.931893299903352,4
3834052,9.802121603430034,10
3834061,9.838767822593486,9
3834077,9.6227892000314,16
3834078,10.0,1
3834088,9.786357999046022,10
3834094,9.897609063141198,6
3834103,9.834902626285427,9
3834104,10.0,1
3834105,10.0,1
3834112,9.889935562028464,7
3834120,9.870134935838053,8
3834129,9.807516031662558,9
3834141,9.780957456019657,12
3834152,9.758311197440444,11
3834157,9.922971254815351,5
3834163,9.893726986410133,6
3834170,9.877228732055647,7
3834173,9.959280230857127,3
3834176,9.965955771536677,3
3834180,9.933504143914105,4
3834184,9.931415627993777,4
3834195,9.773609497663049,11
3834204,9.821788129807693,9
3834214,9.784193944334751,10
3834227,9.528428820615309,13
3834236,9.836131810865064,9
3834243,9.844977482788812,7
3834252,9.812630510973918,9
3834258,9.890533308913968,6
3834259,10.0,1
3834273,9.675941156119487,14
3834286,9.707124227952573,13
3834302,9.616678679105108,16
3834315,9.763014232401332,13
3834321,9.8807794960224,6
3834327,9.89872666851939,6
3834328,10.0,1
3834339,9.768991570737269,11
3834341,9.973208355488179,2
3834342,10.0,1
3834345,9.965695338212173,3
3834352,9.855371450880313,7
3834367,9.64019691411529,15
3834368,9.996499620124847,1
3834372,9.942740497465488,4
3834378,9.878649367168016,6
3834388,9.80052021002717,10
3834389,10.0,1
3834393,9.926120905524428,4
3834394,10.0,1
3834402,9.818958892093544,8
3834409,9.876617949045286,7
3834410,10.0,1
3834422,9.732343828465234,12
3834429,9.885358406627008,7
3834451,9.416452295101346,22
3834458,9.882736665451686,7
3834459,10.0,1
3834469,9.798310396335822,10
3834474,9.912789979151084,5
3834480,9.919572529056044,6
3834492,9.789747351841978,12
3834499,9.875276647506025,7
3834501,9.981227258281027,2
3834511,9.798198310256074,10
3834519,9.73397527666722,8
3834525,9.875855180497256,6
3834536,9.781555675928706,11
3834539,9.95481331724461,3
3834543,9.947217530624966,4
3834552,9.80336478478789,9
3834556,9.95037093069666,4
3834557,10.0,1
3834564,9.859757894960183,7
3834565,10.0,1
3834573,9.854567793914892,8
3834586,9.736168590067525,13
3834589,9.954958367590104,3
3834597,9.827286279955823,8
3834607,9.829568362610882,10
3834617,9.78515037768794,10
3834626,9.830203426237071,9
3834637,9.768649237419845,11
3834645,9.83711145754212,8
3834654,9.806974981891154,9
3834661,9.875816147294497,7
3834665,9.933940211807613,4
3834666,10.0,1
3834673,9.749767102076285,7
3834674,9.99241779463577,1
3834686,9.751855634339782,12
3834691,9.909980263499788,5
3834706,9.684938506158923,15
3834722,9.612623982031765,16
3834725,9.943717045881897,3
3834730,9.922365382717242,5
3834739,9.843938711582256,9
3834745,9.888765347020493,6
3834758,9.701838771945008,13
3834768,9.817204291387894,10
3834769,10.0,1
3834778,9.813042278475562,9
3834788,9.783651444913176,10
3834794,9.868844397889044,6
3834798,9.942602348975775,4
3834816,9.563844551808975,18
3834827,9.744219479878227,11
3834834,9.89526033096299,7
3834835,10.0,1
3834844,9.843803760994096,9
3834854,9.807620821149793,10
3834860,9.899464086765382,6
3834863,9.971384818837238,3
3834871,9.878170908462138,8
3834877,9.895467737664433,6
3834885,9.820631298968738,8
3834889,9.94806944524885,4
3834903,9.719938457139751,14
3834916,9.731733140941902,13
3834921,9.924462279404878,5
3834925,9.935195142097651,4
3834931,9.876745336297585,6
3834945,9.681316920194833,14
3834959,9.687362611543445,14
3834970,9.792247873907709,11
3834984,9.707350370610966,14
3834988,9.932060590609252,4
3835004,9.66506761533794,16
3835009,9.930278322534225,5
3835018,9.825190190442969,9
3835027,9.817403548692218,9
3835028,10.0,1
3835042,9.699381002514802,14
3835043,10.0,1
3835047,9.945018635328626,4
3835053,9.911239571556663,6
3835059,9.903212408996376,6
3835068,9.820159205668958,9
3835078,9.825292324546849,10
3835096,9.621535237073624,18
3835110,9.70560725433771,14
3835122,9.634058896028522,12
3835130,9.870196936937456,8
3835138,9.856775748356988,8
3835146,9.86095961591901,8
3835155,9.824498405632085,9
3835163,9.827555269324822,8
3835176,9.717732943136284,13
3835184,9.818340285223394,8
3835192,9.836500957497023,8
3835200,9.849502436717467,8
3835213,9.697970407172873,13
3835221,9.82981284706161,8
3835233,9.71331948262456,12
3835243,9.801269403270656,10
3835252,9.732777310251167,9
3835284,9.448231507630668,32
3835289,9.920313476082768,5
3835302,9.711499256175472,13
3835312,9.78123499392602,10
3835329,9.658319647561388,17
3835344,9.670768489347271,15
3835356,9.757366537457688,12
3835363,9.861614854625472,7
3835373,9.7742770617096,10
3835374,10.0,1
3835384,9.783633954723408,10
3835396,9.762260809097198,12
3835405,9.811046382806154,9
3835414,9.795922253318704,9
3835415,9.99274722878544,1
3835420,9.927302812694267,5
3835432,9.747788729915218,12
3835438,9.904056310780003,6
3835444,9.892698444027353,6
3835448,9.944661846171972,4
3835461,9.726421979894525,13
3835465,9.942376170745082,4
3835472,9.866097882004887,7
3835479,9.87252328466857,7
3835483,9.935586988918693,4
3835492,9.80649722938349,9
3835499,9.87373501160503,7
3835500,10.0,1
3835501,9.989534510480789,1
3835506,9.90609734573525,5
3835526,9.583752686166143,20
3835529,9.971687277741331,3
3835530,10.0,1
3835545,9.66023109472594,15
3835558,9.68991727181687,13
3835562,9.939143954469895,4
3835574,9.784185102624484,12
3835583,9.820474839002042,9
3835587,9.931189795980536,4
3835599,9.735087612249817,12
3835603,9.940344553557203,4
3835610,9.904702745671578,7
3835615,9.898481621856762,5
3835616,10.0,1
3835627,9.826218881077839,11
3835638,9.779681707939517,11
3835641,9.95252708966412,3
3835655,9.707445812497774,14
3835661,9.88227081676065,6
3835667,9.885260440174916,6
3835668,10.0,1
3835677,9.797718465892489,9
3835693,9.668226242703808,16
3835701,9.852971025529447,8
3835713,9.744011998103401,12
3835733,9.574874289018663,20
3835747,9.698156874813973,14
3835758,9.758283511090005,11
3835764,9.893333681635141,6
3835776,9.770378033111472,12
3835782,9.905945240542422,6
3835794,9.763695659957348,12
3835810,9.624009482238861,16
3835813,9.95517718177392,3
3835819,9.886772704212023,6
3835824,9.916926438909533,5
3835841,9.611158691088646,17
3835850,9.816022453966124,9
3835860,9.815957881010052,10
3835864,9.953339974280855,4
3835871,9.875106997693491,7
3835882,9.760473827213472,11
3835896,9.67270524462739,14
3835897,9.990287318792394,1
3835903,9.879899251671388,6
3835913,9.790544821917095,10
3835924,9.748234615034033,11
3835928,9.944370508949115,4
3835936,9.8519430625467,8
3835942,9.90410675407496,6
3835958,9.696999106372104,16
3835964,9.902470202687349,6
3835965,10.0,1
3835983,9.646809248617458,18
3835995,9.745892626852877,12
3836009,9.663544081285458,14
3836014,9.910109428390053,5
3836017,9.963321734806518,3
3836020,9.963187671823295,3
3836033,9.71641738714335,13
3836038,9.923549814466687,5
3836048,9.81309323279249,10
3836060,9.742782035522122,12
3836073,9.736453058879274,13
3836081,9.831473595306516,8
3836085,9.954570349341214,4
3836104,9.618883251071761,19
3836114,9.808477479230323,10
3836123,9.792389083602847,9
3836131,9.84230811387686,8
3836132,10.0,1
3836140,9.854318199458874,8
3836151,9.76047529385778,11
3836160,9.831362165024297,9
3836161,9.98941410092751,1
3836178,9.712977775907655,17
3836186,9.854217783712537,8
3836199,9.704433950531453,13
3836208,9.812306483330513,9
3836224,9.637685411662366,16
3836225,10.0,1
3836226,10.0,1
3836233,9.861714728063468,7
3836239,9.896341387296243,6
3836249,9.757206062398744,10
3836261,9.745017672749363,12
3836270,9.828158453044658,9
3836279,9.811777144182996,9
3836285,9.893861181668182,6
3836286,10.0,1
3836297,9.779588337895367,11
3836310,9.634476444274497,13
3836324,9.676504601116811,14
3836329,9.921768090293764,5
3836336,9.836879808582648,7
3836353,9.597185846661318,17
3836359,9.903016851776272,6
3836366,9.877013115022343,7
3836374,9.839162605508378,8
3836375,10.0,1
3836408,9.350616233862024,33
3836409,10.0,1
3836413,9.936490124932133,4
3836429,9.638242663932308,16
3836440,9.761160226979692,11
3836448,9.850947318438875,8
3836458,9.784016263230862,10
3836469,9.756060148982005,11
3836474,9.930575633794637,5
3836475,10.0,1
3836481,9.911860798769403,6
3836485,9.938131037423316,4
3836499,9.62038383461813,14
3836517,9.614439776834422,18
3836531,9.69052269743907,14
3836539,9.854192182885786,8
3836549,9.82561798711509,10
3836562,9.712543948240743,13
3836577,9.692690265011125,15
3836581,9.925868477390521,4
3836583,9.971406218650825,2
3836595,9.759592185774117,12
3836599,9.92839809533046,4
3836614,9.700861620536221,15
3836622,9.844235712974042,8
3836633,9.774172264987111,11
3836640,9.867355399913565,7
3836647,9.903595032175057,7
3836653,9.673641075199308,6
3836654,10.0,1
3836662,9.830698996413604,8
3836671,9.79575229093372,9
3836676,9.91783614202309,5
3836685,9.82870651443743,9
3836694,9.834311141801527,9
3836705,9.74367876283166,11
3836711,9.876902152365242,6
3836717,9.876606189652737,6
3836721,9.93109991225473,4
3836729,9.849010135944278,8
3836737,9.634604895124522,8
3836738,10.0,1
3836747,9.833688005498487,9
3836755,9.859721774550987,8
3836764,9.790611154011373,9
3836779,9.66303312264532,15
3836787,9.84244905662572,8
3836791,9.948866582098482,4
3836798,9.840237335308975,7
3836807,9.813932540259728,9
3836820,9.702441282256425,13
3836821,10.0,1
3836825,9.939464213477798,4
3836834,9.606885028542349,9
3836845,9.760225624249458,11
3836846,10.0,1
3836853,9.881866964459821,7
3836861,9.836043300036323,8
3836871,9.80861508698188,10
3836872,10.0,1
3836881,9.834466476449677,9
3836896,9.72283891994083,15
3836907,9.749702749398981,11
3836915,9.866197650501087,8
3836925,9.800563968281308,10
3836930,9.698485619735358,5
3836942,9.749667088081795,12
3836950,9.844243538006364,8
3836960,9.780689734949132,10
3836968,9.820101417013122,8
3836982,9.676434382440231,14
3836986,9.933848879266892,4
3836995,9.831802296607513,9
3836996,10.0,1
3837004,9.847314315552106,8
3837016,9.72291916939507,12
3837030,9.67881601720776,14
3837042,9.720503164765427,12
3837048,9.883568007160187,6
3837059,9.780270027272818,11
3837079,9.124385705224906,20
3837084,9.90949521165899,5
3837096,9.723977033061301,12
3837100,9.946964149527775,4
3837107,9.862982716542918,7
3837113,9.903309422031542,6
3837117,9.92928551251971,4
3837125,9.838568389596881,8
3837136,9.769012003716691,11
3837145,9.814417913880934,9
3837146,9.993231816812823,1
3837153,9.870866464467149,7
3837162,9.820705451244416,9
3837176,9.677267101810644,14
3837187,9.785517086519844,11
3837203,9.644226586184592,16
3837215,9.73011237585881,12
3837223,9.847449399052648,8
3837240,9.612143865813977,17
3837247,9.874102724417625,7
3837254,9.865260757880582,7
3837269,9.65415175237764,15
3837283,9.674031806304138,14
3837288,9.908402784895728,5
3837298,9.817366026577004,10
3837306,9.874324142667406,8
3837315,9.836382378850207,9
3837316,10.0,1
3837324,9.852859606448256,8
3837330,9.91256662350744,6
3837342,9.748424904262299,12
3837350,9.857362079171603,8
3837354,9.941694698281486,4
3837357,9.963523956772892,3
3837365,9.841354014600277,8
3837372,9.868395438968118,7
3837377,9.911666471600022,5
3837384,9.661785226516034,7
3837389,9.929533417535847,5
3837395,9.798834386407611,6
3837396,9.992901781511348,1
3837405,9.83326767556853,9
3837418,9.714836536978916,13
3837429,9.783820774771737,11
3837449,9.57664732589374,20
3837459,9.773029748863024,10
3837472,9.610820598512081,13
3837482,9.776147562021226,10
3837483,10.0,1
3837496,9.697535809226645,13
3837503,9.865180047314132,7
3837504,10.0,1
3837513,9.80623217048116,9
3837519,9.90006080363391,6
3837527,9.85642082794572,8
3837543,9.63720097599595,16
3837559,9.621995578716817,16
3837565,9.901021921469544,6
3837577,9.759683388802573,12
3837582,9.923886021797854,5
3837585,9.96416236526643,3
3837594,9.834374856528958,9
3837602,9.831128215305307,8
3837608,9.912832302429972,6
3837612,9.941538610142977,4
3837616,9.934884944567392,4
3837621,9.907926458487173,5
3837632,9.760766234657003,11
3837639,9.849067385012582,7
3837643,9.939023101614858,4
3837654,9.737434107573861,11
3837663,9.800099539038463,9
3837664,10.0,1
3837676,9.660433210678582,12
3837685,9.803666551560173,9
3837699,9.684460825468307,14
3837704,9.905248753194234,5
3837705,9.98825292429195,1
3837713,9.837940174424888,8
3837736,9.449350222238103,23
3837740,9.949768300812176,4
3837750,9.761288255415318,10
3837754,9.95834732453603,4
3837757,9.967407631699555,3
3837770,9.717045367481623,13
3837784,9.722497133174752,14
3837791,9.886781919274144,7
3837796,9.908050161890314,5
3837797,10.0,1
3837806,9.827189019192407,9
3837821,9.679876875597609,15
3837829,9.825547567929936,8
3837837,9.87947361780613,8
3837849,9.7497267164575,12
3837856,9.866248064855778,7
3837862,9.911798777502266,6
3837866,9.942437168769597,4
3837872,9.88729959441581,6
3837877,9.926630000624142,5
3837897,9.537915328762073,20
3837917,9.261425652210422,20
3837922,9.906483423915958,5
3837930,9.826111892989088,8
3837945,9.567403789476987,15
3837955,9.772195366836499,10
3837966,9.774981061428514,11
3837976,9.841669595124165,10
3837983,9.8815771384773,7
3837988,9.916374918319857,5
3838000,9.757996986703587,12
3838009,9.82967952000018,9
3838021,9.748927656610256,12
3838029,9.841435404018313,8
3838032,9.961482802668426,3
3838041,9.83754931380097,9
3838058,9.635947900300714,17
3838071,9.711739780948976,13
3838079,9.840949500258747,8
3838082,9.962873468875376,3
3838089,9.874011035262354,7
3838095,9.894229793261326,6
3838096,10.0,1
3838110,9.686869675697451,14
3838119,9.812572948411274,9
3838122,9.962552089729039,3
3838128,9.900931473581332,6
3838135,9.672557445237295,7
3838148,9.700097746455214,13
3838167,9.441121950954177,19
3838172,9.932030028139035,5
3838180,9.834314168192318,8
3838187,9.847476787440025,7
3838203,9.647673914471984,16
3838209,9.897237428639091,6
3838220,9.753310420740842,11
3838237,9.61353892063305,17
3838243,9.89389494084669,6
3838247,9.94035843407516,4
3838257,9.772667431213446,10
3838258,10.0,1
3838263,9.89946348523206,5
3838277,9.671597802123049,14
3838289,9.76777116798048,12
3838290,10.0,1
3838300,9.792480416070347,10
3838301,10.0,1
3838306,9.925129198669824,5
3838315,9.811934139578483,9
3838325,9.811970800749924,10
3838338,9.772464113300142,13
3838343,9.909541113169485,5
3838355,9.739358125426765,12
3838374,6.959569107211064,19
3838388,9.663073164950713,14
3838394,9.885666605303461,6
3838406,9.705339495597608,12
3838407,10.0,1
3838419,9.737616775575303,12
3838436,9.61899388821082,17
3838441,9.92274646913183,5
3838449,9.861679483622616,8
3838457,9.82840206127512,8
3838459,9.975308068007497,2
3838463,9.947141641637312,4
3838467,9.955248427366804,4
3838476,9.805220883031268,9
3838488,9.745154544821963,12
3838494,9.886352710959383,6
3838498,9.927620601927277,4
3838507,9.83978394816549,9
3838511,9.939795818108335,4
3838518,9.875077303119982,7
3838529,9.785524530413333,11
3838532,9.957195461226823,3
3838533,10.0,1
3838536,9.953489117173508,3
3838542,9.877476333786007,6
3838555,9.717681427003887,13
3838556,9.99649011592545,1
3838557,10.0,1
3838563,9.889179489481469,6
3838575,9.766185203043664,12
3838582,9.860973066993843,7
3838584,9.97459769346542,2
3838591,9.847792885436023,7
3838597,9.897763606071617,6
3838606,9.803821362021909,9
3838612,9.89621729889571,6
3838615,9.963826176793653,3
3838624,9.809878729731292,9
3838631,9.891441799735048,7
3838640,9.812242953234557,9
3838651,9.757803792305381,11
3838656,9.925069077576081,5
3838670,9.505994282320183,14
3838674,9.95246571601983,4
3838685,9.739713514951262,11
3838696,9.788336763222501,11
3838706,9.78934263846209,10
3838725,9.580640717848757,19
3838732,9.890674653990892,7
3838745,9.713066263017696,13
3838759,9.697078011972208,14
3838771,9.754119232081777,12
3838779,9.842840163617929,8
3838788,9.849760594688025,9
3838790,9.973906953822448,2
3838791,10.0,1
3838802,9.750378935822464,11
3838806,9.93868883863924,4
3838809,9.957089287771264,3
3838822,9.693692974554864,13
3838829,9.861069069016473,7
3838841,9.743784287937695,12
3838848,9.882035815036563,7
3838856,9.861006553188448,8
3838866,9.807763506372273,10
3838877,9.754721670958329,11
3838887,9.792545196280171,10
3838889,9.979749818448324,2
3838903,9.654864169648917,14
3838908,9.905119542962849,5
3838910,9.979477562634804,2
3838915,9.90757708246752,5
3838916,10.0,1
3838927,9.563124389041167,11
3838933,9.89137527623569,6
3838944,9.752556462202325,11
3838947,9.956306209062117,3
3838952,9.917934050730773,5
3838970,9.5688901184851,18
3838973,9.967003543468305,3
3838977,9.937363048962707,4
3838983,9.894276028028251,6
3838995,9.766787758257191,12
3839009,9.689370783284522,14
3839013,9.939329678567272,4
3839021,9.85114960287397,8
3839022,10.0,1
3839030,9.827135613532931,8
3839040,9.770999998371925,10
3839046,9.915480232532559,6
3839059,9.724018113596216,13
3839072,9.724042723053255,13
3839074,9.984280661668798,2
3839081,9.888931834312563,7
3839090,9.820608154246623,9
3839098,9.8506940383291,8
3839104,9.893039656839022,6
3839111,9.874208424735725,7
3839120,9.821772602436859,9
3839121,9.996829978163023,1
3839138,9.60804469262307,17
3839144,9.875509581578047,6
3839164,9.577491158978601,20
3839174,9.78933586373683,10
3839187,9.636131136132361,13
3839194,9.85746198826174,7
3839205,9.740792410842444,11
3839211,9.886483101361936,6
3839222,9.770214770849735,11
3839227,9.927677915625608,5
3839249,9.544661298417193,22
3839256,9.88064391499063,7
3839261,9.925656185382282,5
3839271,9.787157641049673,10
3839277,9.904022585863956,6
3839278,10.0,1
3839290,9.748509368641631,12
3839301,9.792681841830039,11
3839310,9.800730328189173,9
3839314,9.946413649303567,4
3839324,9.787020864477165,10
3839328,9.8456716221929,4
3839334,9.89203588346582,6
3839347,9.718940882188972,13
3839352,9.912268090113214,5
3839355,9.963493684300392,3
3839365,9.794732998142747,10
3839376,9.780824488847026,11
3839377,10.0,1
3839385,9.865928644824402,8
3839394,9.817462112499095,9
3839457,8.711118487496464,63
3839461,9.942868775336345,4
3839466,9.932818360664422,5
3839472,9.906066315620789,6
3839473,9.993341465144171,1
3839480,9.8788545968462,7
3839494,9.734696987029576,14
3839514,9.502396898176436,20
3839531,9.682287228630592,17
3839536,9.944260034437693,5
3839547,9.770169846861355,11
3839556,9.810899113892615,9
3839559,9.953214620318118,3
3839563,9.944591810262361,4
3839575,9.754014503092481,12
3839576,10.0,1
3839584,9.83643545535599,8
3839593,9.81857873731104,9
3839608,9.679500119853712,15
3839614,9.904936256032794,6
3839615,10.0,1
3839626,9.790505915720903,11
3839627,10.0,1
3839637,9.775873288226146,10
3839639,9.973319297377621,2
3839645,9.881583747318839,6
3839646,10.0,1
3839658,9.776171698264227,12
3839661,9.954791681047162,3
3839670,9.827391587836923,9
3839679,9.852742911449278,9
3839692,9.699583770279675,13
3839702,9.788668598559921,10
3839715,9.702160847989386,13
3839728,9.613940634277368,13
3839740,9.778197864780806,12
3839747,9.870378260819518,7
3839761,9.669895370389872,14
3839768,9.888343832083299,7
3839774,9.911307665756363,6
3839775,10.0,1
3839776,10.0,1
3839787,9.541012891985456,11
3839791,9.947955124715829,4
3839793,9.972575393666258,2
3839807,9.715282114532235,14
3839814,9.869166618373718,7
3839823,9.811365413798347,9
3839828,9.910935215225999,5
3839837,9.847042408642173,9
3839850,9.692321286814623,13
3839863,9.728955517642355,13
3839873,9.77086698099402,10
3839882,9.825057123483093,9
3839889,9.891768795821312,7
3839901,9.727243895204191,12
3839902,10.0,1
3839913,9.779748254675715,11
3839915,9.97236036320834,2
3839923,9.840046969874791,8
3839934,9.809497336738886,11
3839947,9.71344996927303,13
3839955,9.858343049315964,8
3839972,9.659913748055546,17
3839983,9.7660941615759,11
3839996,9.50687409101406,13
3840007,9.759138151894787,11
3840012,9.92170438945758,5
3840021,9.8274544992194,9
3840028,9.850885748086734,7
3840036,9.851813890418969,8
3840042,9.88451223518557,6
3840044,9.975674056432156,2
3840045,10.0,1
3840056,9.757147975301711,11
3840063,9.857707326301504,7
3840076,9.656608222630956,13
3840082,9.91091703842491,6
3840099,9.575461115576388,17
3840109,9.796146922717405,10
3840110,10.0,1
3840119,9.826755862549893,9
3840126,9.843172121985864,7
3840143,9.600460270987217,17
3840144,9.989434726518011,1
3840157,9.685048304076718,13
3840167,9.816406745233717,10
3840174,9.877367433987397,7
3840178,9.93327401929443,4
3840188,9.77146255829654,10
3840196,9.855713720780816,8
3840202,9.883239060865742,6
3840210,9.854521371193153,8
3840222,9.732391921301696,12
3840227,9.932673724118033,5
3840230,9.959052449499264,3
3840237,9.907179909360622,7
3840241,9.941282290951175,4
3840242,10.0,1
3840246,9.938807923252444,4
3840253,9.88396804887877,7
3840260,9.888161880892428,7
3840268,9.846415882085326,8
3840277,9.81851403794857,9
3840281,9.943427584126097,4
3840292,9.770213107284388,11
3840299,9.88211342576464,7
3840306,9.857289752636037,7
3840313,9.885917272335751,7
3840316,9.963261015627912,3
3840326,9.706489131464533,10
3840336,9.771776878443745,10
3840341,9.90778332034039,5
3840348,9.885256524183125,7
3840355,9.864277957437622,7
3840367,9.73455693888952,12
3840374,9.876832837218702,7
3840390,9.640776933618902,16
3840405,9.641463600109564,15
3840413,9.870883865968906,8
3840416,9.967621532980699,3
3840417,10.0,1
3840421,9.925564423090536,4
3840427,9.906458126067658,6
3840434,9.871120467102799,7
3840438,9.92699141376152,4
3840441,9.954150352830172,3
3840452,9.738224430026992,11
3840458,9.88983738575651,6
3840459,10.0,1
3840472,9.689822119539418,13
3840484,9.768814065138958,12
3840487,9.959786483504727,3
3840502,9.656340451554623,15
3840503,10.0,1
3840508,9.91891711548102,5
3840511,9.970173933250056,3
3840527,9.69183963808962,16
3840532,9.72750972813597,5
3840545,9.762428045097751,13
3840557,9.737771493271227,12
3840558,10.0,1
3840578,7.404812819900458,20
3840582,9.945221773902656,4
3840591,9.838550737849497,9
3840605,9.70394109474396,14
3840607,9.979899288135279,2
3840623,9.234004382338455,16
3840624,10.0,1
3840637,9.72825745726346,13
3840639,9.972066704943227,2
3840648,9.81031968368998,9
3840649,9.988029669403227,1
3840650,9.988737212683224,1
3840663,9.722288793730677,13
3840668,9.919185403208381,5
3840684,9.653181231987574,16
3840693,9.808646924514804,9
3840697,9.949195976058666,4
3840705,9.845359979375912,8
3840716,9.776585510352794,11
3840719,9.95012871087031,3
3840723,9.941538175484325,4
3840734,9.807125260006197,11
3840743,9.82064024485356,9
3840748,9.923560030802971,5
3840755,9.89851916123787,7
3840767,9.72918645692039,12
3840774,9.866293868352694,7
3840785,9.796088041942827,11
3840786,10.0,1
3840797,9.78420855109055,11
3840810,9.605670662897678,13
3840817,9.67360650663783,7
3840825,9.855994250170161,8
3840833,9.840644424256208,8
3840840,9.865191189407838,7
3840854,9.657188192292994,14
3840858,9.925849686092477,4
3840867,9.795213168087674,9
3840881,9.688471435667731,14
3840887,9.890729622579116,6
3840894,9.876475602731805,7
3840906,9.712652255966459,12
3840914,9.854746492509765,8
3840926,9.738480176597966,12
3840931,9.910241282457559,5
3840932,9.9958972842794,1
3840937,9.918403868962129,5
3840938,10.0,1
3840950,9.721470456698494,12
3840958,9.833882727572096,8
3840962,9.933746729312897,4
3840964,9.978925651002374,2
3840972,9.832513617084924,8
3840982,9.802476995228385,10
3840990,9.835454443420183,8
3841002,9.767577933947118,12
3841016,9.65182047367244,14
3841020,9.951648914900785,4
3841031,9.798362484634056,11
3841036,9.92358070317728,5
3841041,9.901270696898788,5
3841048,9.875425109868392,7
3841051,9.950523514105145,3
3841058,9.86438841565179,7
3841059,10.0,1
3841069,9.795127203880714,10
3841083,9.654721714230504,14
3841096,9.741093549590822,13
3841102,9.892033345790985,6
3841114,9.729444672344183,12
3841124,9.809518779241802,10
3841127,9.955934382970916,3
3841138,9.770563260557088,11
3841147,9.81713992855091,9
3841150,9.969176877890922,3
3841151,10.0,1
3841157,9.896897289335552,6
3841165,9.846056738493969,8
3841183,9.670246970300644,18
3841184,9.996381076220056,1
3841189,9.937126360475327,5
3841201,9.731493187984697,12
3841202,10.0,1
3841216,9.650766610951042,14
3841223,9.890123497402218,7
3841231,9.838229552903872,8
3841241,9.743952589818532,10
3841243,9.980431279617056,2
3841244,10.0,1
3841250,9.890888870010622,6
3841262,9.748089723822618,12
3841271,9.824264080535826,9
3841284,9.738842318997335,13
3841285,10.0,1
3841294,9.8145453717329,9
3841305,9.793803526551372,11
3841313,9.84081762823419,8
3841318,9.910606254272901,5
3841326,9.839856768488362,8
3841330,9.950912479042913,4
3841331,10.0,1
3841339,9.838841123424286,8
3841342,9.958882926250185,3
3841350,9.847431925606754,8
3841351,10.0,1
3841352,10.0,1
3841356,9.941672720315657,4
3841361,9.903621945085852,5
3841366,9.917108104038633,5
3841371,9.913064650757963,5
3841375,9.937059000418813,4
3841386,9.777699489272923,11
3841390,9.949996289419316,4
3841399,9.815077957872704,9
3841406,9.854635055331743,7
3841410,9.94012017914713,4
3841420,9.818900219267773,10
3841426,9.890978125197723,6
3841437,9.752138372320394,11
3841440,9.964317021143327,3
3841445,9.929635345925668,5
3841462,9.602048827345586,17
3841470,9.858746752087265,8
3841471,10.0,1
3841479,9.833666238160623,8
3841491,9.624662564661786,12
3841499,9.841293412858048,8
3841502,9.95612439363295,3
3841506,9.923714161321874,4
3841512,9.788359766851062,6
3841523,9.83174634062117,11
3841532,9.834119642717093,9
3841533,10.0,1
3841546,9.699622859387121,13
3841551,9.832257368087928,5
3841560,9.819384283832663,9
3841565,9.923670055414446,5
3841572,9.88304675051101,7
3841574,9.976424916486467,2
3841580,9.895370801662725,6
3841587,9.878174583573973,7
3841597,9.811744297499194,10
3841604,9.858644645697963,7
3841613,9.824006535328515,9
3841617,9.938558205814058,4
3841630,9.682569006353246,13
3841633,9.951859195634736,3
3841639,9.888411879566748,6
3841651,9.761450346632033,12
3841664,9.716665663196473,13
3841665,10.0,1
3841673,9.856522837034564,8
3841683,9.800250954005017,10
3841692,9.832511030703362,9
3841702,9.809348305793401,10
3841709,9.849253797651171,7
3841725,9.645368706548107,16
3841729,9.943585884322871,4
3841738,9.8090810323511,9
3841750,9.73645259224372,12
3841757,9.877495067928372,7
3841764,9.864956345024165,7
3841770,9.898004198039459,6
3841776,9.89782546043546,6
3841783,9.86807493865236,7
3841794,9.777584617365124,11
3841800,9.88658083110283,6
3841807,9.86137741222617,7
3841810,9.948441067979473,3
3841818,9.855818593693265,8
3841825,9.878836695507728,7
3841834,9.808989477265287,9
3841845,9.754308173800483,11
3841848,9.964269766375109,3
3841858,9.785718264134148,10
3841859,9.992821886287834,1
3841870,9.76897193880015,11
3841880,9.800499759466557,10
3841889,9.811908814917954,9
3841898,9.803803452833018,9
3841905,9.875029420543745,7
3841916,9.778741852377252,11
3841924,9.843114169973239,8
3841934,9.798286212290494,10
3841947,9.711474509323585,13
3841956,9.821425905645034,9
3841968,9.745595510141172,12
3841979,9.791265883444654,11
3841980,10.0,1
3841991,9.76993487702274,11
3841994,9.96599739949612,3
3842003,9.798149239541608,9
3842007,9.928408765365424,4
3842019,9.726551701745333,12
3842029,9.801891777832774,10
3842045,9.661024498587686,16
3842055,9.810071165197098,10
3842064,9.801679787257639,9
3842080,9.633184094122514,16
3842091,9.74318029433647,11
3842092,9.987693708940906,1
3842105,9.77558497454574,13
3842117,9.724046738210541,12
3842128,9.753916090451417,11
3842129,10.0,1
3842136,9.847642713776759,7
3842146,9.808380185934046,10
3842159,9.72160439499965,13
3842160,10.0,1
3842169,9.845430773208241,9
3842179,9.779041862308874,10
3842185,9.894684355151625,6
3842188,9.955598558500057,3
3842199,9.790394375122577,11
3842211,9.729164297447376,12
3842217,9.888919990362915,6
3842223,9.902788061604511,6
3842233,9.794035748965406,10
3842235,9.970969255415225,2
3842242,9.868808021620573,7
3842251,9.799320086635243,9
3842259,9.851436863121254,8
3842260,10.0,1
3842273,9.70314833338488,13
3842281,9.844897848574165,8
3842292,9.755978611602268,11
3842303,9.777809434626613,11
3842310,9.860969554290278,7
3842322,9.721316474932944,12
3842339,9.596924310343809,17
3842342,9.962379846664419,3
3842350,9.819738566056976,8
3842363,9.621943528530116,13
3842377,9.68225068854356,14
3842386,9.835713809681438,9
3842398,9.724438790965957,12
3842406,9.848286306552266,8
3842412,9.906523267824637,6
3842426,9.717436709568267,14
3842437,9.772595801994438,11
3842447,9.773886382144985,10
3842456,9.846116161375894,9
3842472,9.622239770115874,16
3842486,9.706174775175917,14
3842498,9.761781126345465,12
3842510,9.747878934208366,12
3842522,9.74910719698381,12
3842531,9.83120229517913,9
3842536,9.91268521955684,5
3842554,9.676712158372139,18
3842571,9.647236515719111,17
3842581,9.777520445912348,10
3842589,9.854867335266851,8
3842593,9.937051219657086,4
3842607,9.683051755772656,14
3842615,9.848700156134838,8
3842621,9.898877919381215,6
3842625,9.928539351545817,4
3842631,9.894614625003683,6
3842641,9.779527917284092,10
3842651,9.792306498501222,10
3842655,9.948208563889564,4
3842669,9.682839471218623,14
3842677,9.86318244984856,8
3842685,9.835569863608454,8
3842701,9.627532156336494,16
3842705,9.940345811161528,4
3842717,9.73562969047849,12
3842725,9.838615673023922,8
3842733,9.84909609606724,8
3842740,9.880784727696602,7
3842741,10.0,1
3842757,9.641232110769918,16
3842764,9.875420136806556,7
3842765,10.0,1
3842772,9.873897234118338,7
3842779,9.883609695866035,7
3842790,9.658158066941574,11
3842796,9.886534144541239,6
3842804,9.845947558138395,8
3842821,9.568828127909631,17
3842832,9.794539789712816,11
3842843,9.808585557557395,11
3842853,9.796420239653575,10
3842855,9.98053984851248,2
3842862,9.878268127623096,7
3842875,9.68809914268249,13
3842884,9.8281944489995,9
3842893,9.813879847094272,9
3842895,9.977856925450615,2
3842906,9.791821460831848,11
3842919,9.685255802426203,13
3842924,9.920391996089556,5
3842925,9.996216003328147,1
3842928,9.959992833866814,3
3842935,9.868840351762724,7
3842945,9.782679902382174,10
3842954,9.809424929133979,9
3842976,9.569541661319127,22
3842982,9.897270165722524,6
3842994,9.759830293220274,12
3842997,9.954310500225425,3
3842998,10.0,1
3843005,9.868193077686813,7
3843013,9.860381689903111,8
3843024,9.659248434991895,11
3843033,9.692452914463056,9
3843043,9.804330035135548,10
3843061,9.561919865920892,18
3843071,9.8418145544495,10
3843077,9.902868276487725,6
3843085,9.832397108115737,8
3843092,9.866460599482927,7
3843107,9.701727246297567,15
3843112,9.910591515944935,5
3843121,9.819746089689485,9
3843128,9.882994478203557,7
3843131,9.968017032253949,3
3843142,9.762227957570751,11
3843153,9.784294253412172,11
3843157,9.947742648032216,4
3843173,9.3645183771254,16
3843179,9.898031469191213,6
3843191,9.740147659310571,12
3843197,9.907357412750118,6
3843202,9.91324895123712,5
3843213,9.765497907904555,11
3843223,9.784653639938945,10
3843242,9.517443546635148,19
3843250,9.835387606158926,8
3843251,9.992340515669818,1
3843261,9.774242587855412,10
3843270,9.815499470969261,9
3843272,9.973853592704172,2
3843295,9.53346196637819,23
3843299,9.949115625132464,4
3843312,9.716684615981917,13
3843319,9.863236326351457,7
3843326,9.909112728971156,7
3843327,10.0,1
3843332,9.935166284837921,5
3843348,9.642420057096027,16
3843355,9.894912819349932,7
3843356,10.0,1
3843359,9.953098053054873,3
3843374,9.527684377967615,15
3843379,9.925858733309903,5
3843384,9.926207994497325,5
3843394,9.816409310759067,10
3843409,9.674973506062862,15
3843410,10.0,1
3843419,9.831069253968412,9
3843431,9.756488176649107,12
3843444,9.69167057538364,13
3843448,9.920695002194817,4
3843460,9.713396187187195,12
3843466,9.896168228312444,6
3843488,9.576563229395932,22
3843495,9.854024891826986,7
3843503,9.837378430200063,8
3843506,9.953758335727201,3
3843512,9.90082229155758,6
3843522,9.846858686308936,10
3843532,9.788359716126923,10
3843544,9.743035579969234,12
3843555,9.768287835854647,11
3843574,9.485018343692103,19
3843585,9.729339688047707,11
3843590,9.90391488896385,5
3843595,9.921526453007768,5
3843606,9.727086095276125,11
3843618,9.72611987959762,12
3843625,9.88029189764466,7
3843637,9.730092553753536,12
3843646,9.827504673980464,9
3843651,9.903792059120642,5
3843664,9.730855881689715,13
3843672,9.834495868193102,8
3843675,9.95476849292108,3
3843685,9.792702146486269,10
3843694,9.811908538922737,9
3843703,9.823224234184844,9
3843705,9.981818226315577,2
3843711,9.882625844799332,6
3843722,9.757114528697569,11
3843729,9.864029268251384,7
3843735,9.917061212558249,6
3843739,9.933808483178767,4
3843746,9.85845699861682,7
3843756,9.789508632794098,10
3843759,9.958524665648786,3
3843765,9.874597256321982,6
3843772,9.852405365003852,7
3843776,9.95238968160975,4
3843786,9.784713631731206,10
3843797,9.77126665176151,11
3843803,9.89286092247164,6
3843808,9.89771012032997,5
3843816,9.831480832175284,8
3843824,9.8168492191113,8
3843832,9.844070362968163,8
3843838,9.891506450356289,6
3843853,9.627935538325808,15
3843854,10.0,1
3843863,9.801493071359314,9
3843864,10.0,1
3843873,9.79216119648808,9
3843880,9.837035111312105,7
3843886,9.898369188219458,6
3843887,10.0,1
3843896,9.814091792527352,9
3843897,9.991373815166375,1
3843898,10.0,1
3843899,10.0,1
3843915,9.641629647105562,16
3843917,9.984521861366298,2
3843925,9.864718437983763,8
3843926,10.0,1
3843930,9.931125517109386,4
3843931,9.989237233606998,1
3843942,9.764103958894227,11
3843950,9.836934617547922,8
3843965,9.648368847156911,15
3843966,9.986660820004001,1
3843973,9.85703272357947,7
3843980,9.866371801549075,7
3843985,9.909456946249133,5
3843995,9.778314716553206,10
3844007,9.768006888625687,12
3844011,9.950410296183065,4
3844016,9.91510900046949,5
3844027,9.749241197323414,11
3844033,9.880956860356298,6
3844045,9.725476462226073,12
3844048,9.964524526985205,3
3844054,9.884144450053563,6
3844057,9.967713778829584,3
3844058,9.98748906432316,1
3844070,9.74826817157641,12
3844080,9.699691160884802,10
3844094,9.680505751328132,14
3844098,9.924969078381478,4
3844099,9.989342331981769,1
3844109,9.816593504995856,10
3844121,9.765780885189676,12
3844128,9.843290201457128,7
3844131,9.953129374917456,3
3844140,9.806851842378627,9
3844153,9.750385973715403,13
3844163,9.807210274226339,10
3844166,9.950714270180276,3
3844173,9.851696944971586,7
3844178,9.92284221562336,5
3844185,9.873987193060094,7
3844194,9.788740435324494,9
3844199,9.917218958264357,5
3844215,9.669263421869775,16
3844218,9.962611067241728,3
3844228,9.789939255174499,10
3844238,9.765144394101767,10
3844247,9.794335870436248,9
3844263,9.644735629393487,16
3844274,9.765043120850482,11
3844285,9.756696149574136,11
3844294,9.794619836813132,9
3844307,9.729672608347766,13
3844322,9.675519017242102,15
3844323,10.0,1
3844335,9.709113317572186,12
3844345,9.781533668704109,10
3844354,9.851958444095972,9
3844362,9.844754615649702,8
3844385,4.415157535023984,23
3844390,9.916903659215258,5
3844395,9.907862708024961,5
3844400,9.901133323664586,5
3844406,9.897889867860492,6
3844413,9.88860209111877,7
3844417,9.936409716708448,4
3844426,9.822832082323087,9
3844430,9.942907188167405,4
3844434,9.947901227542516,4
3844450,9.666078470171483,16
3844467,9.643242355649829,17
3844475,9.84742632820868,8
3844479,9.934396405181799,4
3844491,9.722613948696871,12
3844501,9.80065230965056,10
3844502,10.0,1
3844506,9.947179815356522,4
3844515,9.810593011598003,9
3844534,9.54653262786588,19
3844542,9.83978400734399,8
3844547,9.90170026873027,5
3844548,10.0,1
3844550,9.974850513948532,2
3844557,9.867438098932434,7
3844562,9.918159501057136,5
3844577,9.624310809742864,15
3844580,9.968662293302893,3
3844584,9.923940298247201,4
3844591,9.863209430588194,7
3844596,9.91091505230388,5
3844605,9.801407543031434,9
3844622,9.633602282959565,17
3844629,9.855768525686056,7
3844633,9.93080220305358,4
3844645,9.759526188640308,12
3844656,9.787713417904573,11
3844671,9.670222449238768,15
3844678,9.863529038444597,7
3844688,9.803270584823972,10
3844689,10.0,1
3844691,9.971413542116442,2
3844697,9.90764261428632,6
3844703,9.916929734524084,6
3844712,9.812755962747023,9
3844720,9.853593939769054,8
3844726,9.911005731496276,6
3844735,9.808838609627205,9
3844746,9.755580449390145,11
3844756,9.773855283903181,10
3844765,9.846551332444724,9
3844769,9.951408987994705,4
3844773,9.936424715470935,4
3844787,9.680576008240429,14
3844800,9.724449791845466,13
3844810,9.796079603123374,10
3844826,9.669722151939109,16
3844842,9.712889256620041,16
3844855,9.706123667613301,13
3844870,9.323724117614642,15
3844871,10.0,1
3844872,9.987671503251308,1
3844882,9.77575526582582,10
3844887,9.922672556394618,5
3844894,9.867506875998698,7
3844896,9.975951508122467,2
3844900,9.942398373720335,4
3844908,9.851364311361015,8
3844914,9.895597368137045,6
3844923,9.863335570390253,9
3844929,9.89310590135107,6
3844938,9.82211402048214,9
3844952,9.720031041057961,14
3844958,9.884993925829438,6
3844966,9.856894556004901,8
3844973,9.87159196078617,7
3844980,9.867808087061931,7
3844990,9.782506232952548,10
3844995,9.925769428209906,5
3845007,9.730297313225561,12
3845015,9.845477254674252,8
3845025,9.777988103050225,10
3845032,9.884116711659171,7
3845042,9.783747038001719,10
3845056,9.69351615535147,14
3845068,9.709908812044757,12
3845074,9.913784015621964,6
3845087,9.738883955915817,13
3845098,9.75001243518787,11
3845107,9.851992598599157,9
3845115,9.84970761410468,8
3845123,9.748256445244513,8
3845128,9.905268437157877,5
3845138,9.806100536991904,10
3845143,9.817997881530612,5
3845144,10.0,1
3845155,9.767190685372979,11
3845167,9.721605131960978,12
3845175,9.852968297306434,8
3845187,9.721993710559964,12
3845195,9.817312147658608,8
3845205,9.774753051482625,10
3845206,10.0,1
3845216,9.794837721659883,10
3845226,9.780900613027566,10
3845233,9.847295950784543,7
3845247,9.678129897646249,14
3845259,9.732396291570877,12
3845260,10.0,1
3845261,10.0,1
3845268,9.869697890546782,7
3845276,9.819697536810708,8
3845288,9.735088028653786,12
3845296,9.823232945506895,8
3845306,9.775735723454904,10
3845315,9.838760921478146,9
3845320,9.908368981203143,5
3845332,9.738880332975247,12
3845339,9.87559204439233,7
3845341,9.970104645226128,2
3845356,9.658248416578038,15
3845359,9.958300418407037,3
3845361,9.983239955606566,2
3845376,9.652498882975063,15
3845390,9.668417871340656,14
3845401,9.534323062044846,11
3845404,9.96536782072486,3
3845410,9.910331039064253,6
3845426,9.636064927705348,16
3845427,10.0,1
3845432,9.932147358703718,5
3845437,9.912393748145764,5
3845455,9.571956270965302,18
3845460,9.91390671685208,5
3845463,9.959539827741635,3
3845464,10.0,1
3845465,10.0,1
3845475,9.807361605553757,10
3845483,9.826424141130246,8
3845491,9.85271142717404,8
3845500,9.801745889778866,9
3845501,9.995786599529868,1
3845513,9.726904685845133,12
3845522,9.818521369789973,9
3845526,9.935564549836261,4
3845533,9.878289169648456,7
3845550,9.621424285805984,17
3845552,9.979834776157892,2
3845557,9.910944228098167,5
3845564,9.9048283497201,7
3845576,9.548622541835018,12
3845579,9.969134652225415,3
3845580,10.0,1
3845588,9.830551815169517,8
3845604,9.634831512953202,16
3845613,9.788163680678052,9
3845624,9.777785915896933,11
3845632,9.833055023010319,8
3845633,10.0,1
3845640,9.861371528233516,7
3845653,9.70276924053446,13
3845654,10.0,1
3845663,9.80120518786088,9
3845674,9.76841999839443,11
3845679,9.902945942497228,5
3845681,9.97001164365434,2
3845689,9.863923300149201,8
3845697,9.867840068914319,8
3845712,9.631918406678862,15
3845714,9.97765424858227,2
3845724,9.785145378053942,10
3845731,9.86360595095156,7
3845734,9.952789366278871,3
3845738,9.928574933223688,4
3845740,9.974810797466263,2
3845748,9.853183950073376,8
3845755,9.856572264258459,7
3845762,9.874742083787075,7
3845776,9.650340566683527,14
3845788,9.570159004973757,12
3845800,9.752590390770434,12
3845801,9.992556545349705,1
3845816,9.705935065621956,15
3845829,9.73927036243366,13
3845834,9.905154119763873,5
3845847,9.731070754883005,13
3845853,9.90966662138604,6
3845866,9.725036700413606,13
3845875,9.80799229526083,9
3845879,9.93305979846039,4
3845886,9.865679690135417,7
3845892,9.884486733870771,6
3845905,9.730060519042166,13
3845908,9.9706883731887,3
3845919,9.784734031580276,11
3845930,9.77470762013437,11
3845943,9.698020841207146,13
3845956,9.733072333436457,13
3845957,10.0,1
3845958,10.0,1
3845964,9.893747502606535,6
3845977,9.688578307217277,13
3845989,9.802860393625217,12
3846003,9.72468262135225,14
3846004,10.0,1
3846012,9.835478937627515,8
3846022,9.793336034586886,10
3846026,9.928096946125589,4
3846037,9.756294517695709,11
3846054,9.64263249275719,17
3846055,9.989353586311125,1
3846065,9.793536963617887,10
3846073,9.832946480526363,8
3846082,9.83800589848897,9
3846087,9.897617266509817,5
3846100,9.732134678399953,13
3846101,10.0,1
3846111,9.817980351736008,10
3846123,9.727328291953082,12
3846135,9.64787494392199,12
3846141,9.883993785146961,6
3846153,9.69414677013875,12
3846161,9.819628482768266,8
3846172,9.741212288594042,11
3846183,9.760882484811248,11
3846189,9.894323501962244,6
3846190,10.0,1
3846200,9.782137207473339,10
3846214,9.668624540739422,14
3846222,9.825525232503006,8
3846234,9.70023112661359,12
3846242,9.871979426170794,8
3846243,10.0,1
3846251,9.831404209001835,8
3846264,9.755494015498611,13
3846265,10.0,1
3846270,9.911317313887258,5
3846271,10.0,1
3846284,9.733899690376811,13
3846291,9.86915786970178,7
3846296,9.914060509493352,5
3846303,9.880384776651276,7
3846309,9.907943988670398,6
3846315,9.88717766194441,6
3846328,9.67268049634463,13
3846378,9.099109019416737,50
3846379,10.0,1
3846386,9.892199395913332,7
3846394,9.864508059624857,8
3846407,9.724693522176628,13
3846418,9.815920796825637,11
3846428,9.804242079026187,10
3846436,9.833830155319813,8
3846445,9.801714866357049,9
3846457,9.745386379689116,12
3846463,9.892281691152348,6
3846468,9.93035161649009,5
3846484,9.624702757378712,16
3846493,9.816802453179612,9
3846500,9.861140148474998,7
3846506,9.900569340159285,6
3846519,9.710662638319949,13
3846534,9.71088794243942,15
3846544,9.681207650611755,10
3846551,9.873767789323873,7
3846560,9.817133990269681,9
3846566,9.909675934157015,6
3846577,9.802279422609645,11
3846596,9.594556364070751,19
3846605,9.801523739547196,9
3846616,9.557113768162575,11
3846621,9.904511801876557,5
3846628,9.87485525574189,7
3846637,9.803737216298268,9
3846643,9.903035580653828,6
3846649,9.899115747738605,6
3846656,9.876792037022012,7
3846660,9.939637363465762,4
3846675,9.52226475363969,15
3846678,9.950057171380575,3
3846686,9.831101750453414,8
3846700,9.68352052869229,14
3846709,9.833892190655591,9
3846717,9.855150299863634,8
3846728,9.740253891328502,11
3846730,9.966438963029251,2
3846738,9.857140781155454,8
3846751,9.721128762287238,13
3846758,9.87992582000582,7
3846764,9.893559165630418,6
3846771,9.868809241087106,7
3846772,10.0,1
3846783,9.749828716515278,11
3846791,9.555322325650605,8
3846799,9.827870247061822,8
3846802,9.965019957582452,3
3846810,9.832428044509248,8
3846812,9.97535537919882,2
3846813,10.0,1
3846819,9.895226750015857,6
3846825,9.88930455000089,6
3846836,9.779017206696276,11
3846838,9.985921385605558,2
3846846,9.857819728177557,8
3846847,10.0,1
3846850,9.961645661574732,3
3846854,9.937029598930822,4
3846865,9.757565171096811,11
3846873,9.835889964106293,8
3846889,9.62568514760167,16
3846894,9.913665900945608,5
3846898,9.943507266321342,4
3846902,9.939232639947013,4
3846910,9.840291243613247,8
3846911,10.0,1
3846921,9.786830088009607,10
3846930,9.826171050932444,9
3846941,9.758874868854104,11
3846948,9.855693638706644,7
3846957,9.813017745291624,9
3846967,9.783413554620934,10
3846985,9.58784002809826,18
3846997,9.729063785894446,12
3847003,9.887623304630532,6
3847010,9.848077188908375,7
3847020,9.794460598457565,10
3847021,10.0,1
3847023,9.967205240907694,2
3847031,9.853138711801531,8
3847036,9.911101360816165,5
3847041,9.93059069826952,5
3847062,9.542858395143963,21
3847068,9.87980651964021,6
3847074,9.912489203980712,6
3847079,9.90380651555053,5
3847088,9.825889824943626,9
3847099,9.75463790407548,11
3847111,9.75488565660282,12
3847118,9.877867734101368,7
3847128,9.795137687058732,10
3847137,9.814642686528789,9
3847146,9.795427084698389,9
3847151,9.911503881475307,5
3847156,9.928865693381413,5
3847167,9.755598499631951,11
3847171,9.950136331160536,4
3847173,9.973333805435677,2
3847179,9.901331182472363,6
3847184,9.81930925418557,5
3847195,9.754846709777802,11
3847210,9.639781741081,15
3847217,9.853650597165938,7
3847225,9.851396368228404,8
3847228,9.957568474934552,3
3847239,9.560141857544588,11
3847247,9.846853149938402,8
3847251,9.952415875028647,4
3847252,10.0,1
3847259,9.847639251024235,7
3847267,9.854560248528763,8
3847279,9.772503374101863,12
3847291,9.76392864079763,12
3847307,9.615321018750315,16
3847308,10.0,1
3847312,9.936827568248022,4
3847320,9.825359648617638,8
3847325,9.920139304234688,5
3847331,9.913128781794455,6
3847335,9.922171490270502,4
3847343,9.839264775274287,8
3847350,9.882521841965092,7
3847363,9.727503592018671,13
3847375,9.743712975688894,12
3847384,9.832638337267115,9
3847387,9.760367455104138,3
3847400,9.618992023877942,13
3847406,9.912663836600574,6
3847419,9.713901559751575,13
3847421,9.970600535619502,2
3847429,9.853043587303873,8
3847436,9.862815489075548,7
3847455,9.609068467938926,19
3847470,9.65250832576947,15
3847475,9.903195204896857,5
3847485,9.808313394471517,10
3847494,9.816923079410895,9
3847502,9.833000586284637,8
3847511,9.807276558893854,9
3847515,9.935409491203348,4
3847532,9.616184897310351,17
3847538,9.915104864491074,6
3847545,9.901754456964023,7
3847554,9.804929176388091,9
3847566,9.74210492708975,12
3847572,9.889695279109258,6
3847575,9.957650006023703,3
3847581,9.869765648346801,6
3847597,9.635040117580528,16
3847614,9.615003838860947,17
3847626,9.731460464103982,12
3847639,9.763526953655422,13
3847647,9.857680440356813,8
3847648,9.996404353821331,1
3847649,10.0,1
3847658,9.815194613651213,9
3847667,9.815051237884456,9
3847677,9.778346488723177,10
3847681,9.952768845274033,4
3847686,9.927336288230528,5
3847688,9.982687253760531,2
3847697,9.813007771033556,9
3847707,9.792249462404044,10
3847718,9.754187503060047,11
3847719,10.0,1
3847731,9.746755073480273,12
3847740,9.830998957965376,9
3847748,9.84512870658927,8
3847750,9.979160117966991,2
3847754,9.941912859420217,4
3847758,9.934450861459993,4
3847760,9.968865043281452,2
3847771,9.781846401462447,11
3847774,9.957246125371906,3
3847784,9.820622425288375,10
3847789,9.927456639789678,5
3847799,9.824306001727361,10
3847812,9.726181685533643,13
3847813,10.0,1
3847822,9.808769816235108,9
3847828,9.903457540605997,6
3847834,9.905973672131205,6
3847844,9.795546008840038,10
3847855,9.755045897228984,11
3847864,9.828755197222057,9
3847873,9.80460286804891,9
3847882,9.802763871806935,9
3847891,9.80954026895835,9
3847899,9.82614906844207,8
3847916,9.609923547393036,17
3847930,9.652936192410223,14
3847940,9.793153807680241,10
3847954,9.691852509066704,14
3847970,9.65756751403142,16
3847979,9.838537256608461,9
3847996,9.57689357866181,17
3848002,9.908667232229295,6
3848009,9.863657322334026,7
3848013,9.949277216293499,4
3848018,9.92596945482428,5
3848027,9.83673172874207,9
3848037,9.784267640469439,10
3848043,9.895315608085715,6
3848050,9.774407184344652,7
3848061,9.801556684342385,11
3848062,10.0,1
3848063,9.988689334200622,1
3848069,9.890949975749928,6
3848080,9.775385585754023,11
3848081,10.0,1
3848087,9.884854438537202,6
3848095,9.816006094031122,8
3848096,9.992589034045277,1
3848107,9.79863036671003,11
3848108,10.0,1
3848117,9.820593662434122,9
3848127,9.810815666987962,10
3848128,10.0,1
3848129,9.991927228086581,1
3848130,10.0,1
3848137,9.847324139137507,7
3848147,9.81115043011083,10
3848148,10.0,1
3848157,9.818944382500648,9
3848170,9.695590670467062,13
3848185,9.64951902170259,15
3848193,9.817354796451879,8
3848205,9.763217429764339,12
3848212,9.865113534835245,7
3848218,9.90157844612791,6
3848223,9.910885090911723,5
3848231,9.823262476862098,8
3848238,9.854244090722108,7
3848242,9.939629842115146,4
3848248,9.91691882126565,6
3848251,9.957716045917783,3
3848258,9.872685999204682,7
3848281,9.521458383615446,23
3848288,9.767927043294597,7
3848294,9.909430521326653,6
3848303,9.836226328059643,9
3848316,9.703085955188198,13
3848329,9.68775999462642,13
3848337,9.861947013499234,8
3848338,9.996457695687303,1
3848341,9.966060563064518,3
3848346,9.914667354226792,5
3848352,9.8926722435907,6
3848366,9.687800275410883,14
3848382,9.622877609080348,16
3848393,9.77391489174685,11
3848405,9.7619423344724,12
3848409,9.924628350066474,4
3848414,9.923661221486698,5
3848422,9.845446467972526,8
3848426,9.933583901728722,4
3848434,9.833881821143558,8
3848436,9.984937728179622,2
3848437,10.0,1
3848448,9.757949235264368,11
3848459,9.772848456165761,11
3848460,9.99640540978287,1
3848466,9.895391881044409,6
3848474,9.831373550753312,8
3848476,9.971296209542807,2
3848486,9.777335025898163,10
3848494,9.86786513200609,8
3848506,9.777564493092028,12
3848515,9.812893179707528,9
3848525,9.785624036537076,10
3848536,9.778212312588916,11
3848537,9.996816632984883,1
3848538,10.0,1
3848539,9.996496679080453,1
3848548,9.83241564872559,9
3848549,10.0,1
3848551,9.97063505140158,2
3848564,9.726289476284022,13
3848575,9.788771804315372,11
3848585,9.785167164567579,10
3848597,9.745276490651666,12
3848608,9.762530271637326,11
3848613,9.903506517582027,5
3848621,9.867134981414488,8
3848628,9.894164808470887,7
3848630,9.980654384588387,2
3848641,9.772202505532677,11
3848652,9.787800061593785,11
3848672,9.581401962944353,20
3848682,9.791860710071772,10
3848702,9.500862129547688,20
3848712,9.772518051900436,10
3848722,9.799494062359031,10
3848723,10.0,1
3848732,9.84305619655475,9
3848748,9.638207530811984,16
3848764,9.633765986804017,16
3848773,9.819580243860226,9
3848778,9.919103622297094,5
3848785,9.903077757105809,7
3848794,9.819193544795336,9
3848804,9.783187497169516,10
3848814,9.803293148887175,10
3848817,9.958270057813097,3
3848833,9.613157005072617,16
3848855,9.494725492165164,22
3848863,9.837891420919503,8
3848876,9.703874555413869,13
3848892,9.636635655473963,16
3848903,9.793419511506714,11
3848910,9.888314324081065,7
3848915,9.9205920256627,5
3848928,9.731619932235258,13
3848929,10.0,1
3848932,9.966194578824684,3
3848939,9.873978700327678,7
3848950,9.737562104647063,11
3848956,9.885893258216795,6
3848964,9.848601118720588,8
3848975,9.776749245393347,11
3848981,9.88901394009625,6
3848990,9.83719608044914,9
3848997,9.862505159184778,7
3849000,9.948819403014145,3
3849010,9.807826566291572,10
3849016,9.887429051391116,6
3849025,9.813211728088048,9
3849032,9.875599009033513,7
3849038,9.905328662768325,6
3849046,9.836718785453247,8
3849047,10.0,1
3849052,9.926918233576817,5
3849062,9.758140074720519,10
3849071,9.8065323329388,9
3849078,9.845143629157144,7
3849085,9.869833301634923,7
3849096,9.797190756986067,11
3849098,9.98407387826916,2
3849104,9.896875175035671,6
3849112,9.839284561832306,8
3849119,9.875109724507785,7
3849130,9.767582149234872,11
3849142,9.717349467953907,12
3849144,9.978334548762529,2
3849154,9.797542792226514,10
3849162,9.844531192986347,8
3849171,9.817590240918507,9
3849183,9.731168752311929,12
3849189,9.890856187734059,6
3849201,9.7222116118078,12
3849206,9.91423349624201,5
3849213,9.844260712754584,7
3849223,9.781153558206283,10
3849228,9.91873183272913,5
3849242,9.678161573218159,14
3849251,9.818380340667492,9
3849252,10.0,1
3849256,9.945043507447847,4
3849261,9.910750305736396,5
3849267,9.908964810456125,6
3849273,9.905139596662025,6
3849279,9.875900093437645,6
3849280,10.0,1
3849289,9.840171781421212,9
3849299,9.77873793377496,10
3849312,9.717032429120064,13
3849321,9.814020111996337,9
3849328,9.86923542411578,7
3849336,9.858354026712329,8
3849343,9.886485486072782,7
3849346,9.970353536300783,3
3849353,9.86301107541183,7
3849354,10.0,1
3849359,9.90852265413809,5
3849363,9.936760573450337,4
3849382,9.635903146536736,19
3849388,9.896255082124949,6
3849398,9.794442091673588,10
3849406,9.846611237744147,8
3849419,9.69552911860961,13
3849431,9.726441622722056,12
3849442,9.74097263758576,11
3849448,9.900304879299583,6
3849457,9.803735523360423,9
3849471,9.710389824816895,14
3849482,9.760654348316667,11
3849483,10.0,1
3849495,9.334327954609565,12
3849497,9.973372112563428,2
3849506,9.814045105601107,9
3849515,9.82899560078189,9
3849522,9.85783119685284,7
3849533,9.761290687367962,11
3849545,9.718118552627113,12
3849556,9.738097854620134,11
3849562,9.893560244290587,6
3849572,9.774910888231044,10
3849582,9.791641534140293,10
3849593,9.78417501992772,11
3849599,9.895972190573637,6
3849610,9.770958224718663,11
3849617,9.869498162582804,7
3849626,9.817674682938302,9
3849630,9.936973796153008,4
3849638,9.864095337086106,8
3849651,9.72088248879148,13
3849663,9.726217949297844,12
3849670,9.879936366991197,7
3849674,9.940788260637424,4
3849684,9.787225447987074,10
3849689,9.935963581946233,5
3849699,9.782248574918123,10
3849706,9.862293934495108,7
3849724,9.663795841819379,18
3849735,9.775201132696854,11
3849751,9.63687362365859,16
3849766,9.702842914009626,15
3849775,9.798014940348267,9
3849779,9.946342841386105,4
3849789,9.824328027103764,10
3849803,9.698504000977497,14
3849810,9.883389261632987,7
3849820,9.810482649894755,10
3849827,9.880623111280329,7
3849836,9.813459726697237,9
3849843,9.881926051011618,7
3849848,9.922249688366353,5
3849858,9.793720351450734,10
3849861,9.959810987699138,3
3849873,9.739779574917511,12
3849885,9.52803259464309,12
3849895,9.784938882059794,10
3849911,9.653645751341163,16
3849920,9.82413957477227,9
3849921,9.996882171163413,1
3849936,9.703905206011115,15
3849947,9.769750669594426,11
3849948,10.0,1
3849954,9.901828849088584,6
3849955,10.0,1
3849966,9.80746579342231,11
3849973,9.897658695987746,7
3849980,9.861685319930691,7
3849990,9.815130574857363,10
3850006,9.626911212239161,16
3850014,9.852943217665684,8
3850031,9.708080549269557,17
3850035,9.926756243104071,4
3850047,9.760491799645283,12
3850052,9.906181207905778,5
3850053,9.988336651732556,1
3850059,9.887065906541126,6
3850065,9.901861138434903,6
3850072,9.869955276020486,7
3850079,9.874470302305788,7
3850086,9.763474876858082,7
3850094,9.839730444842395,8
3850101,9.860915647696942,7
3850110,9.81890009018259,9
3850111,9.98864972100159,1
3850122,9.764502747439028,11
3850127,9.913081962224826,5
3850128,10.0,1
3850135,9.865114597492129,7
3850136,10.0,1
3850144,9.838399429454142,8
3850155,9.645696627707624,11
3850160,9.921546896805408,5
3850167,9.869095363377095,7
3850171,9.944291064598351,4
3850175,9.950357842272966,4
3850182,9.893759123959082,7
3850192,9.808607201676754,10
3850207,9.642135169600751,15
3850213,9.892319022609836,6
3850222,9.801849473968728,9
3850238,9.673674574659612,16
3850239,10.0,1
3850241,9.977584024931955,2
3850249,9.844912126345822,8
3850252,9.953364920219181,3
3850255,9.95376623688459,3
3850269,9.67959728967558,14
3850281,9.754919636129188,12
3850294,9.687352252588283,13
3850304,9.793637426414794,10
3850315,9.772218485948837,11
3850333,9.522551031746564,18
3850344,9.746713211870686,11
3850350,9.897845724477525,6
3850362,9.743619672081984,12
3850363,10.0,1
3850368,9.928363541809576,5
3850380,9.73186703986927,12
3850390,9.799481409840249,10
3850402,9.717596498135356,12
3850403,10.0,1
3850404,9.993108984327067,1
3850411,9.863977584971709,7
3850421,9.770042670701935,10
3850432,9.742862122437774,11
3850433,10.0,1
3850439,9.891941196774416,6
3850448,9.80738627388895,9
3850459,9.753179958144,11
3850472,9.710065080186308,13
3850480,9.870955147486047,8
3850495,9.670255035307033,15
3850502,9.84665700454872,7
3850512,9.766028821948076,10
3850526,9.682665581691209,14
3850530,9.936962519447642,4
3850533,9.963262279353003,3
3850544,9.763650293269466,11
3850553,9.804297415663074,9
3850557,9.93035385202805,4
3850564,9.883553345244932,7
3850569,9.939078396635669,5
3850576,9.860379486210936,7
3850586,9.815654705598428,10
3850596,9.806204734022208,10
3850606,9.792457043544523,10
3850610,9.95117995566149,4
3850611,10.0,1
3850621,9.7911877687076,10
3850622,10.0,1
3850634,9.740652675024204,12
3850650,9.646086351895663,16
3850664,9.697045431650368,14
3850665,10.0,1
3850679,9.67969612973382,14
3850681,9.973823292181166,2
3850688,9.882512215073383,7
3850700,9.767493710665875,12
3850707,9.859262837783511,7
3850716,9.833013183241473,9
3850718,9.975958588914242,2
3850719,9.989041224531816,1
3850721,9.976824614352866,2
3850728,9.887589508988622,7
3850736,9.827010350787724,8
3850737,9.996533016267449,1
3850748,9.79760027001607,11
3850749,10.0,1
3850765,9.638191185986276,16
3850776,9.747783371838961,11
3850783,9.875536522166962,7
3850792,9.81702227645071,9
3850793,10.0,1
3850794,10.0,1
3850803,9.821855855032982,9
3850809,9.869351532696935,6
3850829,9.565066992232595,20
3850838,9.8124236221238,9
3850844,9.886049537825016,6
3850855,9.774470149999226,11
3850858,9.964452317850828,3
3850861,9.96891040182465,3
3850870,9.822225315422552,9
3850873,9.967256028865275,3
3850882,9.81874912526118,9
3850894,9.71999090507323,12
3850900,9.895356817521117,6
3850902,9.966728872897956,2
3850903,10.0,1
3850911,9.844801118349002,8
3850922,9.766825970689657,11
3850935,9.699301331594086,13
3850947,9.712442890814797,12
3850948,10.0,1
3850955,9.87022655025523,7
3850969,9.697894730919206,14
3850979,9.805292916181829,10
3850984,9.930515406121662,5
3850999,9.644375997967561,15
3851008,9.819151654325811,9
3851009,9.988686759300084,1
3851015,9.896759190837436,6
3851023,9.841476781879614,8
3851036,9.72589619711161,13
3851038,9.979637589110068,2
3851048,9.79823081302036,10
3851056,9.841784193616292,8
3851065,9.83203826598755,9
3851072,9.86489461619813,7
3851086,9.69028990660738,14
3851101,9.67471329436463,15
3851102,10.0,1
3851111,9.834477107139593,9
3851118,9.869686537140108,7
3851127,9.819265651320345,9
3851135,9.848981426030116,8
3851147,9.744159394020155,12
3851172,9.531443962027373,25
3851185,9.734862179376146,13
3851195,9.778642501158105,10
3851205,9.797292293903178,10
3851218,9.706165184315637,13
3851228,9.811221426589478,10
3851239,9.774093936301025,11
3851248,9.803126496115688,9
3851254,9.887023915778073,6
3851256,9.971727036463951,2
3851265,9.798989544925979,9
3851279,9.710365153285313,14
3851284,9.91331995304263,5
3851290,9.905094789433278,6
3851303,9.718163591627771,13
3851314,9.75216196302539,11
3851318,9.949326096920823,4
3851319,10.0,1
3851324,9.909253185707156,5
3851332,9.8409525304549,8
3851333,10.0,1
3851344,9.768003814793612,11
3851350,9.916264681306519,6
3851351,10.0,1
3851357,9.900561318411205,6
3851367,9.810361434119065,10
3851380,9.73046502563678,13
3851381,10.0,1
3851391,9.79687634486202,10
3851400,9.805483646252833,9
3851415,9.640093858766226,15
3851424,9.81862217687722,9
3851435,9.803830916045916,11
3851450,9.66587307263972,15
3851464,9.723851937353894,14
3851474,9.725063208322972,10
3851479,9.911260450680686,5
3851489,9.828104949043855,10
3851501,9.741994113786646,12
3851502,10.0,1
3851505,9.968053694382961,3
3851514,9.820375317562398,9
3851531,9.595689585853119,17
3851534,9.958963673923387,3
3851543,9.796830030960356,9
3851558,9.552205902770163,15
3851562,9.923344572540064,4
3851563,9.991860471232087,1
3851564,10.0,1
3851569,9.925204378261755,5
3851581,9.73770008380859,12
3851595,9.690414145069381,14
3851606,9.773957443914705,11
3851614,9.846696422636482,8
3851615,10.0,1
3851620,9.929747733453146,5
3851629,9.855890168365855,9
3851635,9.885315336412361,6
3851648,9.73305035043358,13
3851651,9.965471063175043,3
3851655,9.938015809730299,4
3851664,9.837453459873009,9
3851671,9.85574506874518,7
3851680,9.812853094404089,9
3851681,10.0,1
3851690,9.813328177452052,9
3851702,9.71566388670889,12
3851703,10.0,1
3851715,9.727073635727479,12
3851726,9.76043877696344,11
3851740,9.691903321077964,14
3851755,9.662496083489073,15
3851759,9.94255730801478,4
3851765,9.904142169910111,6
3851778,9.730726444486569,13
3851788,9.779887400046121,10
3851798,9.821862228909772,10
3851807,9.795200723898851,9
3851810,9.97076660949536,3
3851821,9.761002442338325,11
3851831,9.775679193329331,10
3851841,9.784989793666002,10
3851855,9.671755085244454,14
3851863,9.835005255072062,8
3851867,9.93479356311485,4
3851878,9.810512911858384,11
3851884,9.911756868047194,6
3851892,9.865900211571073,8
3851907,9.655856585872796,15
3851908,10.0,1
3851916,9.849566764108825,8
3851926,9.789945289656847,10
3851937,9.770785055062753,11
3851940,9.950111270617024,3
3851948,9.855563205790084,8
3851953,9.927975901759964,5
3851964,9.75655037439147,11
3851965,10.0,1
3851971,9.883561853864816,6
3851984,9.730542039633075,13
3851993,9.792609007297274,9
3852010,9.594733045929281,17
3852017,9.873335113661764,7
3852036,9.591990637485361,19
3852048,9.729397160572915,12
3852049,10.0,1
3852052,9.96174824097147,3
3852064,9.733813582108318,12
3852076,9.568316969496038,12
3852079,9.962390547068555,3
3852089,9.806373443368013,10
3852090,10.0,1
3852095,9.925259589856921,5
3852096,10.0,1
3852108,9.75857683520632,12
3852116,9.744930680696026,8
3852117,10.0,1
3852121,9.943120709611925,4
3852126,9.921734342603498,5
3852137,9.753019797263844,11
3852139,9.985681121589558,2
3852140,10.0,1
3852156,9.714144756629626,16
3852162,9.890517397936874,6
3852170,9.848743737757184,8
3852173,9.96412389275481,3
3852184,9.78456319813765,11
3852197,9.702003243829804,13
3852206,9.8298032067721,9
3852210,9.94446576173939,4
3852220,9.811813545427967,10
3852229,9.803974425125238,9
3852243,9.69114871400759,14
3852255,9.742303036891629,12
3852265,9.813565859247909,10
3852274,9.817407630861123,9
3852275,10.0,1
3852291,9.639891871247068,16
3852297,9.912535005589913,6
3852306,9.850828723197486,9
3852310,9.934979104500837,4
3852321,9.76801177622147,11
3852333,9.756362645331505,12
3852343,9.826826564207517,10
3852350,9.788046450404032,7
3852355,9.934263991356795,5
3852365,9.836624650296274,10
3852376,9.755521688903062,11
3852385,9.841306391042481,9
3852397,9.721422238331881,12
3852398,10.0,1
3852406,9.840384000131305,8
3852411,9.912922574357896,5
3852425,9.673457787160489,14
3852440,9.665679577473604,15
3852444,9.942721301402772,4
3852450,9.700152080922713,6
3852459,9.615985240454203,9
3852471,9.723771843061172,12
3852481,9.79642356738192,10
3852495,9.595654987092376,14
3852496,10.0,1
3852507,9.758597080795973,11
3852515,9.83808668516125,8
3852534,9.614608218866973,19
3852540,9.909673635163415,6
3852553,9.717892094721664,13
3852562,9.833671049025737,9
3852569,9.867612997560956,7
3852579,9.783679307925887,10
3852593,9.682158588372701,14
3852604,9.768593695412624,11
3852605,10.0,1
3852619,9.707332100225624,14
3852623,9.93793333381722,4
3852631,9.852547653734792,8
3852644,9.508506272343269,13
3852652,9.878538259453789,8
3852657,9.906752341309488,5
3852668,9.765462770238925,11
3852681,9.706100668186954,13
3852686,9.928433263239254,5
3852692,9.908462684082494,6
3852706,9.661978495410565,14
3852711,9.910960597941067,5
3852718,9.860518354859028,7
3852732,9.688909194423559,14
3852736,9.932841899674946,4
3852740,9.940670941304907,4
3852742,9.984164357153592,2
3852754,9.742454366357407,12
3852762,9.852379617864587,8
3852764,9.968237019795422,2
3852775,9.768473809893933,11
3852776,10.0,1
3852783,9.858564367699712,7
3852791,9.843754110848575,8
3852794,9.967727145739516,3
3852809,9.667948518496479,15
3852817,9.83078280174084,8
3852828,9.808673087873213,11
3852838,9.768431195548171,10
3852842,9.927561576781756,4
3852850,9.818594315845832,8
3852860,9.783718077250516,10
3852864,9.948011380872368,4
3852870,9.903024431371813,6
3852881,9.758675646586504,11
3852889,9.844122566659339,8
3852897,9.844144720216189,8
3852903,9.88533723692218,6
3852916,9.722197424761498,13
3852925,9.821993153025714,9
3852935,9.804874416097487,10
3852944,9.808640303259796,9
3852945,9.988126573028847,1
3852952,9.868554134267669,7
3852964,9.741072700210204,12
3852975,9.785577562767104,11
3852980,9.91722907532368,5
3852995,9.684997907884641,15
3853005,9.808379040090015,10
3853008,9.951396328128231,3
3853019,9.736056078972577,11
3853028,9.792441725433296,9
3853034,9.909768290736517,6
3853046,9.756195642287109,12
3853052,9.887820315728803,6
3853060,9.839317288524972,8
3853071,9.790342011099364,11
3853075,9.932389667610598,4
3853079,9.926565226121607,4
3853097,9.615197908047332,18
3853106,9.83554592927879,9
3853108,9.973357381194711,2
3853120,9.739342549312495,12
3853128,9.837441166149244,8
3853129,10.0,1
3853130,10.0,1
3853138,9.818050833876343,8
3853152,9.672331461331012,14
3853156,9.936272305914494,4
3853169,9.743796136992161,13
3853180,9.752764304721502,11
3853184,9.94103949811272,4
3853190,9.901770872002412,6
3853196,9.904205117246246,6
3853207,9.753551854692155,11
3853219,9.735641632417403,12
3853221,9.984068973743879,2
3853222,10.0,1
3853229,9.86092405772936,7
3853239,9.804059029481902,10
3853240,10.0,1
3853251,9.771573262649973,11
3853254,9.954016257100402,3
3853261,9.86967658741377,7
3853269,9.842233519023166,8
3853277,9.841872452411893,8
3853288,9.74712655287433,11
3853294,9.892549448650067,6
3853296,9.97697583177721,2
3853307,9.790628171009878,11
3853321,9.691824121439305,14
3853332,9.835601437428725,11
3853337,9.904110603096134,5
3853338,10.0,1
3853347,9.803952204321323,9
3853357,9.795290027718783,10
3853372,9.656699618089636,15
3853382,9.779695948867515,10
3853393,9.753511229242712,11
3853401,9.82841136170959,8
3853416,9.664930450241128,15
3853427,9.771868479167797,11
3853440,9.703130183634034,13
3853455,9.348818491171532,15
3853467,9.784280518534612,12
3853473,9.90943859210436,6
3853478,9.94110515916869,5
3853485,9.874369298074642,7
3853493,9.831553833386419,8
3853503,9.802028001219128,10
3853520,9.607541260978445,17
3853528,9.832232797555259,8
3853535,9.875886388551942,7
3853545,9.772436324333423,10
3853555,9.78477023592907,10
3853561,9.913763054054824,6
3853567,9.887947741924025,6
3853568,9.993036054228943,1
3853581,9.71673690022963,13
3853583,9.978559019647678,2
3853594,9.746992884053265,11
3853595,10.0,1
3853601,9.885206014478678,6
3853615,9.65645763648091,14
3853619,9.929410352976097,4
3853627,9.522572143732134,8
3853637,9.772973203148679,10
3853648,9.809641360379253,11
3853652,9.934349783264409,4
3853662,9.76531139605543,10
3853666,9.936303234429843,4
3853671,9.902529837140893,5
3853686,9.532882199214491,15
3853696,9.79895086558381,10
3853704,9.838907921967488,8
3853708,9.949565251579275,4
3853717,9.839426645242796,9
3853724,9.847816306497682,7
3853732,9.860898798494361,8
3853736,9.93923243309932,4
3853737,9.996255315085993,1
3853751,9.716267687628486,14
3853760,9.820860012080274,9
3853764,9.920224954970879,4
3853775,9.768868035993469,11
3853788,9.726053211183622,13
3853800,9.736941344542176,12
3853805,9.921171003068565,5
3853811,9.89440236029045,6
3853823,9.744149115067847,12
3853829,9.881424517397331,6
3853837,9.827206075971901,8
3853846,9.818591150616939,9
3853855,9.81254959311187,9
3853869,9.660715110795662,14
3853878,9.81780237719567,9
3853879,10.0,1
3853894,9.686689944415223,15
3853907,9.734385425403373,13
3853908,10.0,1
3853914,9.877612346039154,6
3853922,9.852649642806588,8
3853923,10.0,1
3853934,9.773651844335447,11
3853946,9.75046771437698,12
3853956,9.802424517466534,10
3853957,10.0,1
3853965,9.629837700494,8
3853969,9.942527314767116,4
3853982,9.720919702431777,13
3853983,10.0,1
3853986,9.947312104969196,3
3853995,9.810443174306368,9
3853996,10.0,1
3854004,9.858204044711574,8
3854019,9.694815394470359,15
3854025,9.888781688676826,6
3854037,9.736840392548194,12
3854047,9.781914351284158,10
3854051,9.942656989059591,4
3854064,9.703063562889081,13
3854065,10.0,1
3854078,9.699655289207687,13
3854084,9.892308728774255,6
3854089,9.929028985340022,5
3854090,10.0,1
3854098,9.850544890379982,8
3854102,9.930346137509364,4
3854103,10.0,1
3854107,9.938101056349247,4
3854116,9.816138822026534,9
3854128,9.749217975288063,12
3854136,9.84328853850166,8
3854147,9.78214105997318,11
3854159,9.652974077701828,12
3854161,9.98460133994733,2
3854173,9.718061278340585,12
3854182,9.809164579643838,9
3854185,9.968940910462466,3
3854195,9.82105330460005,10
3854202,9.862279169137494,7
3854206,9.949766761145394,4
3854218,9.534406976689745,12
3854227,9.798668261503098,9
3854234,9.854604116370318,7
3854242,9.857245402125804,8
3854253,9.774206783743981,11
3854263,9.777174954788952,10
3854270,9.886264569706197,7
3854278,9.838897453471542,8
3854290,9.743912372608893,12
3854296,9.909012690514224,6
3854297,10.0,1
3854309,9.719673296704439,12
3854319,9.769644559970578,10
3854320,10.0,1
3854325,9.919083995044817,5
3854336,9.623275029919114,11
3854339,9.960279125114234,3
3854347,9.634094437725215,8
3854355,9.845593452351556,8
3854360,9.923549441126601,5
3854365,9.90676278493769,5
3854367,9.977100214851513,2
3854375,9.84051278630366,8
3854376,9.98787771620522,1
3854389,9.712340349275534,13
3854394,9.906302907838583,5
3854406,9.764848320379391,12
3854413,9.893414460805188,7
3854416,9.95526124327065,3
3854421,9.926123511719577,5
3854436,9.639357811662812,15
3854442,9.915517413410337,6
3854451,9.800429066679085,9
3854458,9.87657585348495,7
3854460,9.972120348490538,2
3854472,9.743503784909706,12
3854489,9.408253681574395,17
3854503,9.684415109196026,14
3854513,9.802929795228915,10
3854521,9.86147736753505,8
3854536,9.675855080116726,15
3854548,9.659096894930869,12
3854554,9.89655497431701,6
3854564,9.798839812749778,10
3854565,10.0,1
3854566,10.0,1
3854567,10.0,1
3854582,9.66241791031433,15
3854586,9.942728323315063,4
3854596,9.782893083318923,10
3854610,9.71122209679497,14
3854625,9.677617534913182,15
3854635,9.805353378381819,10
3854638,9.95765521349802,3
3854644,9.894704254017116,6
3854648,9.936289022908747,4
3854658,9.794571178413339,10
3854669,9.810588178210429,11
3854675,9.894995762812199,6
3854689,9.705023632409853,14
3854696,9.864326106234156,7
3854703,9.876530048800538,7
3854719,9.65202678391758,16
3854732,9.715202246864902,13
3854741,9.850262121298652,9
3854751,9.768948572075363,10
3854755,9.948466500079148,4
3854758,9.952575879068595,3
3854769,9.797521374415346,11
3854776,9.872452554779704,7
3854789,9.703245768304887,13
3854797,9.84291522139921,8
3854798,9.996597110767178,1
3854811,9.704536135995893,13
3854820,9.828001600034955,9
3854826,9.892886948477871,6
3854834,9.847243375843549,8
3854849,9.712396567283674,15
3854858,9.814869748946865,9
3854871,9.729175459485111,13
3854881,9.85001380898196,10
3854890,9.834348730547122,9
3854899,9.837906519757036,9
3854903,9.94696156916993,4
3854913,9.781627327392268,10
3854929,9.597616670229778,16
3854932,9.968011110054714,3
3854933,10.0,1
3854937,9.916877000662478,4
3854945,9.660246296458059,8
3854950,9.932683923486593,5
3854963,9.70722655083424,13
3854973,9.789626795215163,10
3854974,9.987946934953786,1
3854978,9.939975795448596,4
3854989,9.666990769041657,11
3854998,9.821111226345954,9
3855013,9.68914264688834,15
3855016,9.955384244596878,3
3855022,9.886614682019443,6
3855023,10.0,1
3855031,9.843323994063217,8
3855032,10.0,1
3855042,9.782162149321438,10
3855047,9.919424652652475,5
3855060,9.717276831144988,13
3855061,10.0,1
3855070,9.82067974978055,9
3855074,9.93771908162683,4
3855077,9.961597321886634,3
3855085,9.850069525125173,8
3855097,9.73943507047963,12
3855100,9.952570243571287,3
3855113,9.725897040272477,13
3855120,9.860991626793586,7
3855125,9.92313985356751,5
3855126,9.995877507464206,1
3855134,9.851295118652649,8
3855148,9.683454782778414,14
3855156,9.835523615990256,8
3855164,9.849461219781976,8
3855174,9.779415119895909,10
3855175,10.0,1
3855181,9.89733937461927,6
3855191,9.788366471933449,10
3855199,9.823630317598388,8
3855209,9.80566433374372,10
3855217,9.827816383971038,8
3855226,9.804434785952974,9
3855234,9.817362576612693,8
3855237,9.960480728338347,3
3855250,9.716517660109018,13
3855263,9.695408785388945,13
3855271,9.855051038751386,8
3855281,9.789782166186034,10
3855286,9.916769729008957,5
3855295,9.829490604274074,9
3855305,9.771286612118539,10
3855314,9.807303971569471,9
3855329,9.66202844984745,15
3855341,9.78396043829856,12
3855350,9.854910610406423,9
3855356,9.892497471443216,6
3855371,9.637928040620725,15
3855377,9.907074547193615,6
3855385,9.84410472538711,8
3855394,9.832585260841139,9
3855410,9.620299897495338,16
3855423,9.718507945181758,13
3855424,10.0,1
3855436,9.71171401265712,12
3855445,9.827841239543375,9
3855456,9.770946596766217,11
3855459,9.956722982169836,3
3855466,9.87930563603482,7
3855477,9.75078815659528,11
3855490,9.70832381215888,13
3855496,9.900719665589623,6
3855499,9.950514310017159,3
3855510,9.756513644687487,11
3855517,9.863103477389371,7
3855526,9.790851834236342,9
3855540,9.677118164300325,14
3855544,9.951115628526129,4
3855552,9.860374444651823,8
3855563,9.775324359192787,11
3855576,9.69946072877701,13
3855584,9.84888934631877,8
3855597,9.671381294994744,13
3855605,9.853507777891,8
3855610,9.919305972940679,5
3855624,9.715541498714597,14
3855633,9.824394210541522,9
3855642,9.863946986521567,9
3855654,9.727174927821435,12
3855668,9.704729792869617,14
3855669,10.0,1
3855677,9.841338511013369,8
3855683,9.885189990070629,6
3855691,9.838101581633724,8
3855702,9.796585566678184,11
3855708,9.881713470750068,6
3855712,9.939381932865007,4
3855720,9.830669678221726,8
3855732,9.754606756219534,12
3855747,9.698334480019794,15
3855748,10.0,1
3855757,9.819956416631767,9
3855766,9.792121911011874,9
3855775,9.845220276839248,9
3855780,9.911887322826313,5
3855781,9.990105896677958,1
3855793,9.733821855882258,12
3855804,9.772516030547186,11
3855813,9.825451240729874,9
3855821,9.845932808644632,8
3855835,9.649654324499734,14
3855846,9.755240979327978,11
3855851,9.909656083088263,5
3855861,9.805079345579129,10
3855867,9.90325484945808,6
3855878,9.75686769611446,11
3855882,9.934825339052045,4
3855889,9.883320086619673,7
3855897,9.834330345376761,8
3855906,9.804397837497506,9
3855912,9.8811507162338,6
3855920,9.84868206180683,8
3855932,9.251618042940246,12
3855939,9.882366013336863,7
3855955,9.609104755121985,16
3855959,9.93633343319866,4
3855971,9.721783276224519,12
3855975,9.942960220733639,4
3855983,9.82579990015774,8
3855993,9.786871311198567,10
3856011,9.659176137766481,18
3856023,9.71698877646625,12
3856028,9.913252804426975,5
3856035,9.868356861762132,7
3856043,9.838224144883354,8
3856049,9.89432555165224,6
3856053,9.944192288145649,4
3856058,9.92933850399203,5
3856071,9.71676175398225,13
3856081,9.805441891244078,10
3856091,9.772665437943623,10
3856097,9.878553850329347,6
3856104,9.876268488348137,7
3856107,9.967851290396995,3
3856118,9.769690718282162,11
3856134,9.617577459543682,16
3856135,9.98766653681818,1
3856136,9.996397798501016,1
3856147,9.785534509328798,11
3856155,9.86514228001691,8
3856163,9.837079081596325,8
3856173,9.790659767149887,10
3856181,9.840496403189807,8
3856185,9.940663458982176,4
3856186,10.0,1
3856202,9.642237467972954,16
3856226,9.107117099360535,24
3856239,9.71619079411504,13
3856252,9.732751445917838,13
3856257,9.908085052122198,5
3856272,9.630451645863142,15
3856281,9.818066207367941,9
3856282,10.0,1
3856284,9.971859139252805,2
3856295,9.751492665974213,11
3856308,9.751007389956882,13
3856315,9.865359267388296,7
3856322,9.873475246847763,7
3856329,9.876562258128898,7
3856340,9.770227080497474,11
3856346,9.898216414711227,6
3856355,9.817975693661332,9
3856366,9.764857603614907,11
3856384,9.585124675363229,18
3856390,9.886596892407038,6
3856395,9.921370045631893,5
3856404,9.810770011714729,9
3856414,9.784318642832073,10
3856422,9.842635962640562,8
3856429,9.886550874486383,7
3856435,9.873922880772696,6
3856437,9.983741735012796,2
3856454,9.554497042508803,17
3856457,9.957606133150493,3
3856459,9.975747049379942,2
3856469,9.771815911565781,10
3856476,9.866856519681237,7
3856479,9.966107063018779,3
3856496,9.575357747360705,17
3856499,9.955958640162505,3
3856515,9.664479018320488,16
3856518,9.950583374168339,3
3856522,9.925457336705753,4
3856529,9.763629385999172,7
3856539,9.764447612850285,10
3856542,9.957177883483483,3
3856550,9.852866961224642,8
3856568,9.599761075948495,18
3856580,9.74592329506619,12
3856588,9.84827425640601,8
3856592,9.949417471977643,4
3856600,9.87808787657408,8
3856612,9.76550787719096,12
3856615,9.96878666782486,3
3856626,9.656220127700301,11
3856635,9.831337290672112,9
3856639,9.92982887746052,4
3856643,9.947386059224462,4
3856647,9.938882443360145,4
3856655,9.84638195481965,8
3856667,9.758311472596663,12
3856672,9.931175990345038,5
3856673,10.0,1
3856679,9.885816269145101,6
3856687,9.835029814219501,8
3856697,9.764701470665388,10
3856700,9.968762274764307,3
3856701,10.0,1
3856709,9.840019982156184,8
3856719,9.806084297674026,10
3856720,10.0,1
3856736,9.656911855556114,16
3856742,9.883706647245655,6
3856753,9.748311918052272,11
3856755,9.971021406626562,2
3856766,9.753453459220244,11
3856777,9.76574965462371,11
3856785,9.834510377854933,8
3856786,10.0,1
3856793,9.868325582044642,7
3856803,9.810056699544223,10
3856807,9.944617109168645,4
3856811,9.942668267028823,4
3856825,9.679427128388458,14
3856837,9.762618091453273,12
3856845,9.856470926096769,8
3856858,9.742866540243305,13
3856863,9.92663435155713,5
3856868,9.917412017130557,5
3856876,9.853305063595725,8
3856884,9.841110681867912,8
3856888,9.948855459591307,4
3856897,9.856894960006333,9
3856908,9.742012442308422,11
3856921,9.699978777920458,13
3856928,9.847230635672712,7
3856938,9.788689360168412,10
3856943,9.919776342517205,5
3856947,9.937654021300382,4
3856960,9.5991305428483,13
3856964,9.923081124702783,4
3856973,9.81596111877004,9
3856980,9.874444030311846,7
3856989,9.828303060545288,9
3857002,9.744867429528579,13
3857016,9.711554134471506,14
3857020,9.93047489056258,4
3857023,9.956317343740555,3
3857027,9.94924387861836,4
3857037,9.76820865616165,10
3857038,9.988561434797303,1
3857040,9.97132988221125,2
3857043,9.948059994597404,3
3857044,10.0,1
3857051,9.881523985636607,7
3857057,9.603948920363571,6
3857069,9.72561590019531,12
3857080,9.78026056454385,11
3857084,9.93640050201878,4
3857085,10.0,1
3857098,9.707794805436125,13
3857110,9.714792929198689,12
3857126,9.609762962766515,16
3857140,9.701069750306107,14
3857145,9.91611154082664,5
3857147,9.97369348765099,2
3857154,9.884932217770585,7
3857164,9.79948351315883,10
3857173,9.827422800844278,9
3857184,9.775588993530397,11
3857191,9.863691371393436,7
3857195,9.945373719573015,4
3857202,9.884038470709456,7
3857208,9.891819141494722,6
3857215,9.887642531497878,7
3857216,10.0,1
3857225,9.870087523195043,9
3857236,9.75968297445574,11
3857246,9.775311074621477,10
3857251,9.919828592537215,5
3857255,9.927988646598514,4
3857266,9.770586496446732,11
3857271,9.92953578424317,5
3857284,9.69423122870453,13
3857290,9.919836593459683,6
3857298,9.844048163171946,8
3857300,9.973313128225568,2
3857307,9.88783091983091,7
3857334,9.426106342786559,27
3857337,9.953173436952369,3
3857349,9.747863263164826,12
3857362,9.727522920422317,13
3857376,9.683105593513691,14
3857384,9.641204487939865,8
3857395,9.655345914114365,11
3857405,9.771804151473107,10
3857414,9.856408915141273,9
3857420,9.893836909690132,6
3857427,9.875160658346179,7
3857442,9.665093518841275,15
3857464,9.549975148356866,22
3857465,10.0,1
3857466,10.0,1
3857475,9.787146932861525,9
3857479,9.951804340815988,4
3857489,9.791129765505834,10
3857492,9.956282782470609,3
3857494,9.96912585699389,2
3857506,9.757826679143893,12
3857522,9.663046227974764,16
3857534,9.733869671465797,12
3857544,9.805369218456198,10
3857551,9.876997090025922,7
3857559,9.858402906820944,8
3857566,9.869163049052247,7
3857578,9.527414892405437,12
3857585,9.86984699482755,7
3857600,9.635875782282508,15
3857602,9.977726188411427,2
3857609,9.85067587683043,7
3857613,9.931502129798991,4
3857618,9.916026397628945,5
3857621,9.950017355097916,3
3857637,9.435643355455914,16
3857646,9.816436660396603,9
3857663,9.591578230466988,17
3857667,9.937389095682065,4
3857668,10.0,1
3857674,9.897136252211844,6
3857683,9.82243549749154,9
3857684,10.0,1
3857699,9.653472890817422,15
3857716,9.645695863870587,17
3857723,9.849648421974106,7
3857742,9.618520229352423,19
3857751,9.816777231345192,9
3857773,9.58498723715211,22
3857779,9.893309686692946,6
3857782,9.96534954713652,3
3857787,9.910255290151008,5
3857799,9.737712772125567,12
3857800,10.0,1
3857809,9.818184920308505,9
3857823,9.564668845568223,14
3857828,9.716845244482814,5
3857842,9.681878492220516,14
3857857,9.671089238592598,15
3857858,10.0,1
3857865,9.8696096198023,7
3857868,9.961343999658482,3
3857874,9.90288926198652,6
3857887,9.715957439145651,13
3857902,9.663837816498292,15
3857907,9.920727289694584,5
3857911,9.930347146464332,4
3857923,9.77217979567116,12
3857936,9.737002310516166,13
3857937,9.996659781637858,1
3857949,9.72700038716178,12
3857966,9.565577097135098,17
3857982,9.68929423216031,16
3857996,9.703048167050564,14
3857999,9.958922765449792,3
3858011,9.754091189892076,12
3858012,10.0,1
3858017,9.9208528114819,5
3858025,9.833767427792266,8
3858037,9.79087087140746,12
3858042,9.914756843509887,5
3858049,9.880850257669746,7
3858061,9.725286986573817,12
3858065,9.939500483697728,4
3858066,10.0,1
3858074,9.841394320539939,8
3858081,9.867079658223835,7
3858089,9.846083993388767,8
3858103,9.464992566225618,14
3858104,10.0,1
3858112,9.843740156443372,8
3858123,9.764773043489173,11
3858131,9.860039212505535,8
3858147,9.623185977352819,16
3858157,9.788086238565668,10
3858166,9.794192804070502,9
3858178,9.742311348871276,12
3858191,9.699760721558429,13
3858204,9.716138034320226,13
3858214,9.787898059161277,10
3858219,9.922520339615504,5
3858228,9.826841903434241,9
3858233,9.90657213165422,5
3858243,9.797302452418183,10
3858246,9.952193334175695,3
3858247,9.991711080874992,1
3858254,9.880727878317087,7
3858257,9.955899737674374,3
3858261,9.950634082400247,4
3858273,9.759576309981007,12
3858277,9.947846743749551,4
3858282,9.905810240595889,5
3858287,9.90017773114135,5
3858295,9.84642509554568,8
3858307,9.653478811139468,12
3858319,9.728074524677359,12
3858335,9.626530260796365,16
3858347,9.738481185145972,12
3858352,9.917371426088424,5
3858356,9.73539130466779,4
3858365,9.779395443866706,9
3858369,9.939621724236213,4
3858377,9.851908847881967,8
3858384,9.869417425959494,7
3858394,9.786628622739643,10
3858395,10.0,1
3858409,9.698077547163413,14
3858417,9.852244829545109,8
3858424,9.872996337678014,7
3858430,9.89504170121298,6
3858441,9.760074990549438,11
3858446,9.912995076755568,5
3858450,9.945634885792362,4
3858463,9.728989959905752,13
3858470,9.865728268247153,7
3858483,9.72359739944795,13
3858493,9.767782263136136,10
3858499,9.896992322254405,6
3858508,9.8200245523347,9
3858524,9.62006789007424,16
3858537,9.714286763473938,13
3858542,9.930445041500718,5
3858552,9.795289817080535,10
3858567,9.66112331272216,15
3858578,9.753962137302516,11
3858580,9.972650472544883,2
3858590,9.785068620323342,10
3858596,9.884332595351552,6
3858607,9.660497070957847,11
3858611,9.94293016012011,4
3858612,10.0,1
3858617,9.906237089037141,5
3858623,9.88338673525991,6
3858632,9.805807367274939,9
3858640,9.868288866785155,8
3858650,9.780201450044173,10
3858657,9.857524859967691,7
3858668,9.766526655932594,11
3858673,9.910182960211248,5
3858688,9.663099665751545,15
3858697,9.819010787921185,9
3858705,9.831157579887265,8
3858717,9.73907775439963,12
3858720,9.963595434255634,3
3858736,9.624403035402342,16
3858745,9.832792480982445,9
3858749,9.93809070452947,4
3858758,9.823072807069636,9
3858765,9.874204916376799,7
3858771,9.912826863877005,6
3858787,9.618068760488827,16
3858792,9.919024343309506,5
3858812,9.47696647351127,20
3858832,9.5308092733073,20
3858845,9.754984516807783,13
3858856,9.79105366444914,11
3858863,9.844860813329955,7
3858874,9.742623933577525,11
3858879,9.901885087571971,5
3858880,9.99272024837564,1
3858881,10.0,1
3858904,9.464429262484243,23
3858905,9.992447481098447,1
3858915,9.783153724150377,10
3858919,9.929355356338997,4
3858926,9.864760448221702,7
3858931,9.909328511041371,5
3858937,9.887346543469576,6
3858945,9.835061775805052,8
3858955,9.779433381405825,10
3858970,9.707091886797183,15
3858982,9.74793675120809,12
3858983,10.0,1
3858990,9.87934126699821,7
3858999,9.812724021432768,9
3859000,10.0,1
3859004,9.93988122579704,4
3859017,9.733275415982718,13
3859034,9.589888678723819,17
3859037,9.957361691022673,3
3859041,9.948959902230532,4
3859050,9.832831909632905,9
3859064,9.74772370044605,14
3859078,9.711812545358,14
3859092,9.687868255285197,14
3859100,9.842771089934736,8
3859116,9.690530421605098,16
3859124,9.847945368534369,8
3859134,9.782817725075715,10
3859148,9.683646742226218,14
3859153,9.922166595448402,5
3859158,9.905684204587256,5
3859163,9.900413967980652,5
3859171,9.8396307345481,8
3859177,9.90257682998103,6
3859185,9.847478349354247,8
3859194,9.74292407685198,9
3859203,9.809195849616307,9
3859214,9.771610657200954,11
3859224,9.77353292198433,10
3859236,9.747687798246316,12
3859244,9.849069636375354,8
3859260,9.586731516877881,16
3859262,9.975169931558936,2
3859278,9.645448366849607,16
3859288,9.817381206030236,10
3859299,9.761402369070172,11
3859319,9.46800544858278,20
3859329,9.803024212249499,10
3859337,9.849897822981465,8
3859338,10.0,1
3859339,9.99345905168738,1
3859346,9.872219918866046,7
3859351,9.917350402311708,5
3859365,9.700588626377167,14
3859378,7.3765709968962785,13
3859383,9.709057393347555,5
3859389,9.914843076084463,6
3859399,9.778010085011246,10
3859410,9.728190266913796,11
3859422,9.728459061895343,12
3859423,9.987705770616259,1
3859439,9.624416118256399,16
3859451,9.737023263392567,12
3859461,9.77159675196009,10
3859477,9.644066714109822,16
3859484,9.847200951447386,7
3859492,9.825387992214694,8
3859496,9.941634726076321,4
3859504,9.82180009009864,8
3859506,9.973296430772486,2
3859509,9.957213473909054,3
3859512,9.956370691330525,3
3859518,9.899525667816405,6
3859519,10.0,1
3859524,9.905869252223862,5
3859525,9.992546367892968,1
3859527,9.982778591159757,2
3859528,10.0,1
3859532,9.945283489471715,4
3859537,9.91889232117161,5
3859547,9.787159966260939,10
3859550,9.960192735577014,3
3859566,9.61709218911236,16
3859578,9.740559308018396,12
3859591,9.707447318483538,13
3859602,9.762434382952229,11
3859603,10.0,1
3859607,9.923769838038059,4
3859617,9.791672404825768,10
3859618,10.0,1
3859629,9.75497637443469,11
3859630,10.0,1
3859634,9.942534337669326,4
3859644,9.829521925331484,10
3859654,9.784313601959619,10
3859670,9.642253774468234,16
3859684,9.738762370502098,14
3859686,9.980601503491119,2
3859697,9.775525606730678,11
3859702,9.918657386791422,5
3859712,9.785471492962486,10
3859720,9.845159145379597,8
3859721,10.0,1
3859732,9.790297011895591,11
3859742,9.820955479569655,10
3859744,9.978383979953515,2
3859753,9.810810160107362,9
3859754,9.992813463733377,1
3859755,10.0,1
3859765,9.775836559482848,10
3859782,9.591569977404474,17
3859794,9.73917210282266,12
3859798,9.934206996819766,4
3859806,9.83667844951236,8
3859818,9.75153845962468,12
3859823,9.908298813082645,5
3859835,9.72868444019988,12
3859844,9.841357017260277,9
3859856,9.722934267204344,12
3859870,9.692294075797466,14
3859873,9.962528617354028,3
3859884,9.782482642062593,11
3859895,9.759634863970136,11
3859898,9.964348160891419,3
3859900,9.976384530389357,2
3859907,9.877429117119572,7
3859915,9.852374853575256,8
3859925,9.819382482131488,10
3859927,9.97793560604662,2
3859943,9.655229689414929,16
3859954,9.781118456218497,11
3859963,9.798153833849003,9
3859972,9.821772180545093,9
3859981,9.839723346224376,9
3859986,9.932924123067558,5
3859997,9.756226494697712,11
3860004,9.866960989332295,7
3860011,9.886941480598743,7
3860023,9.765304368254801,12
3860031,9.874411865153439,8
3860034,9.950151382563051,3
3860035,10.0,1
3860036,10.0,1
3860038,9.982772241094208,2
3860054,9.634804934012937,16
3860059,9.923192654040681,5
3860066,9.872137533718229,7
3860074,9.82428885911539,8
3860088,9.708377894038936,14
3860098,9.777532829000398,10
3860112,9.736565075793377,14
3860121,9.777269123501549,9
3860130,9.813576324676665,9
3860141,9.76638894174575,11
3860142,10.0,1
3860157,9.684809831725918,15
3860169,9.747813633310049,12
3860170,9.996318982616486,1
3860179,9.80666954591733,9
3860180,9.992981526749793,1
3860189,9.810481478955179,9
3860196,9.873889966185502,7
3860202,9.903858384073024,6
3860203,9.996585836367293,1
3860210,9.87964591921618,7
3860216,9.898732142512905,6
3860225,9.808607862321788,9
3860230,9.923813293273549,5
3860235,9.912139689189912,5
3860242,9.867054533640424,7
3860248,9.88925575229072,6
3860258,9.778261985538819,10
3860259,10.0,1
3860269,9.799808654198346,10
3860276,9.873173263944611,7
3860280,9.929467340149026,4
3860281,9.992441401677423,1
3860294,9.715338209809856,13
3860301,9.863398621177726,7
3860310,9.806184281777371,9
3860327,9.62234313087837,17
3860342,9.37920500417345,15
3860358,9.658672769804923,16
3860359,10.0,1
3860371,9.735920437779512,12
3860379,9.83716785232693,8
3860386,9.87064014408837,7
3860399,9.694494778860374,13
3860406,9.866630748046468,7
3860407,10.0,1
3860412,9.921361169710952,5
3860417,9.907898850283773,5
3860418,10.0,1
3860425,9.87102853180548,7
3860433,9.85084988767337,8
3860449,9.627708278124972,16
3860468,9.536358630899464,19
3860475,9.86216942913334,7
3860484,9.815481931956116,9
3860499,9.651188902416315,15
3860501,9.984406665063624,2
3860512,9.776649450876791,11
3860518,9.897850321550461,6
3860523,9.909698058094222,5
3860532,9.806921381203765,9
3860538,9.915822577383066,6
3860551,9.725414457755148,13
3860558,9.862541237751167,7
3860567,9.820518055383488,9
3860576,9.80644691183948,9
3860586,9.787531260608803,10
3860592,9.895272500780152,6
3860597,9.913486841015864,5
3860605,9.818845982176926,8
3860618,9.613164578624753,13
3860627,9.809155327335715,9
3860632,9.9190851340514,5
3860645,9.727336233968241,13
3860649,9.946556019852588,4
3860659,9.768256433784824,10
3860667,9.864108048720402,8
3860671,9.948163638899599,4
3860681,9.797418109307156,10
3860687,9.88148599393792,6
3860700,9.70494366946383,13
3860704,9.936409954482494,4
3860712,9.842807328184092,8
3860713,10.0,1
3860723,9.817018647668,10
3860733,9.801178113486516,10
3860738,9.924499545001995,5
3860742,9.945542200363931,4
3860747,9.934377138210696,5
3860749,9.983442144561378,2
3860755,9.90387836990985,6
3860764,9.818774271482312,9
3860773,9.797051663352793,9
3860774,9.993209948410271,1
3860781,9.854984882106868,7
3860785,9.939300538430391,4
3860801,9.59772592689731,16
3860814,9.72111875712014,13
3860822,9.862121809514194,8
3860828,9.906290163930963,6
3860833,9.925180688428066,5
3860834,10.0,1
3860844,9.79862168063177,10
3860849,9.926421101225603,5
3860856,9.869980962739813,7
3860861,9.919922937738113,5
3860869,9.85365515627488,8
3860874,9.920700438535706,5
3860880,9.885636982478179,6
3860884,9.936087090114459,4
3860893,9.82181828241693,9
3860896,9.958646127624755,3
3860908,9.736923681630685,12
3860912,9.92485034687727,4
3860922,9.773005653685614,10
3860931,9.808600716712565,9
3860941,9.797734505544595,10
3860943,9.977583283397825,2
3860949,9.887913596841898,6
3860953,9.939393939853735,4
3860969,9.712789649741177,16
3860976,9.875972530380974,7
3860983,9.873144170236618,7
3860989,9.910702412237185,6
3860994,9.91639626425713,5
3860998,9.936071477650358,4
3861010,9.771501558154785,12
3861025,9.669087067054145,15
3861033,9.833483981542395,8
3861037,9.939697568328821,4
3861044,9.884398305922234,7
3861050,9.890353131594498,6
3861062,9.736579790497663,12
3861064,9.979626452343528,2
3861065,10.0,1
3861077,9.767697978982046,12
3861085,9.845066928290933,8
3861092,9.877854929759618,7
3861099,9.880542012279015,7
3861115,9.57294154656427,16
3861118,9.955693051046678,3
3861128,9.80944368984917,10
3861134,9.894624596503427,6
3861142,9.860633791768588,8
3861155,9.691393348657309,13
3861167,9.749348484194286,12
3861178,9.761297311588692,11
3861189,9.772440907717654,11
3861195,9.879866129719256,6
3861200,9.922326306015819,5
3861209,9.818068104351307,9
3861215,9.785285136355622,6
3861224,9.849563813162428,9
3861233,9.828370427789181,9
3861242,9.803125134172529,9
3861250,9.860231221878356,8
3861256,9.902898451049394,6
3861269,9.703775255206475,13
3861278,9.818115970621951,9
3861291,9.707063130079387,13
3861298,9.843067149524146,7
3861309,9.820790798275633,11
3861322,9.716852497443547,13
3861325,9.971343182442316,3
3861338,9.763023152267333,13
3861345,9.868402159071419,7
3861349,9.926119894340786,4
3861364,9.697155003846003,15
3861375,9.747512524498234,11
3861389,9.70512124173284,14
3861401,9.753225357263677,12
3861413,9.738862394176754,12
3861428,9.674038366948682,15
3861434,9.876773777838174,6
3861445,9.789602458779465,11
3861451,9.889755440091182,6
3861456,9.911251855912504,5
3861470,9.656047894505665,14
3861471,10.0,1
3861478,9.766327218136702,7
3861479,10.0,1
3861482,9.95704938622191,3
3861489,9.883786744625475,7
3861499,9.800147748280574,10
3861505,9.896842650255437,6
3861506,9.992972763710616,1
3861518,9.738063176055075,12
3861525,9.871365787050753,7
3861526,10.0,1
3861527,10.0,1
3861531,9.93351662376683,4
3861538,9.85757818649491,7
3861545,9.880881421457222,7
3861547,9.970929737033371,2
3861556,9.804433125136368,9
3861557,10.0,1
3861566,9.816364203253697,9
3861575,9.814687287195149,9
3861581,9.894537231754088,6
3861589,9.838998553834704,8
3861608,9.676342325377258,19
3861616,9.823368583953497,8
3861617,10.0,1
3861622,9.9210870788724,5
3861626,9.946592290891353,4
3861627,10.0,1
3861638,9.754179421719089,11
3861652,9.739841953412483,14
3861663,9.774735542194547,11
3861670,9.894031420968465,7
3861679,9.839786953077384,9
3861690,9.76828102803606,11
3861699,9.83247623579611,9
3861709,9.7937917676262,10
3861716,9.842192101062174,7
3861726,9.795037706363571,10
3861741,9.6692809022511,15
3861742,10.0,1
3861750,9.833477157052213,8
3861755,9.932027661921424,5
3861762,9.912031868372724,7
3861775,9.704299219850013,13
3861786,9.748532239501033,11
3861787,9.988293377553157,1
3861796,9.826023222927592,9
3861812,9.629711567531794,16
3861818,9.897649722372838,6
3861834,9.663926848644548,16
3861847,9.723149357488918,13
3861858,9.753398261661799,11
3861865,9.886775248835638,7
3861870,9.915477781463947,5
3861884,9.657562822176647,14
3861897,9.694844368265576,13
3861913,9.659842920930053,16
3861914,9.992223066728375,1
3861923,9.806219135202975,9
3861932,9.855482577719798,9
3861943,9.749157158071968,11
3861951,9.831494551917487,8
3861963,9.731470519561261,12
3861968,9.900848964100476,5
3861977,9.80659486253507,9
3861978,10.0,1
3861979,10.0,1
3861980,10.0,1
3861991,9.78180472233546,11
3861992,10.0,1
3862005,9.72583020248754,13
3862007,9.9753791200213,2
3862013,9.886390516533329,6
3862021,9.821196980174552,8
3862026,9.915747565729982,5
3862028,9.968268266366891,2
3862029,10.0,1
3862037,9.839034228430359,8
3862038,10.0,1
3862044,9.890862860368014,6
3862045,9.991816928017293,1
3862056,9.760158214932757,11
3862068,9.728594653763448,12
3862079,9.7593719913029,11
3862089,9.776183917371622,10
3862099,9.815289629683841,10
3862107,9.838449772547776,8
3862113,9.898039604550707,6
3862124,9.763305557914089,11
3862139,9.584320152163475,15
3862146,9.867760941618817,7
3862155,9.842689925027193,9
3862170,9.465902181438887,15
3862175,9.917018546843936,5
3862183,9.850441228016056,8
3862187,9.934993330926064,4
3862197,9.781269362457728,10
3862198,10.0,1
3862210,9.748623546396505,12
3862220,9.787158762515823,10
3862227,9.873692914908217,7
3862242,9.650493346969025,15
3862246,9.9393200314755,4
3862260,9.685661080381495,14
3862263,9.952126567716496,3
3862266,9.962807524787788,3
3862278,9.802327886697256,12
3862290,9.738634121945248,12
3862293,9.961371320468158,3
3862306,9.605166727574174,13
3862310,9.948398973328993,4
3862324,9.666373406193596,14
3862326,9.97460142491509,2
3862337,9.763310064600901,11
3862344,9.867089325526296,7
3862346,9.979458204860949,2
3862350,9.931320828560633,4
3862357,9.86920698846942,7
3862362,9.9194279947106,5
3862366,9.95521627466734,4
3862371,9.919288288355348,5
3862374,9.970794959675937,3
3862381,9.868923494202111,7
3862384,9.960157297087237,3
3862390,9.88397820595447,6
3862399,9.80996719202867,9
3862414,9.687054844952018,15
3862421,9.870638697329479,7
3862429,9.88604287269312,8
3862448,9.548549165559708,19
3862449,10.0,1
3862453,9.942634140735333,4
3862457,9.947189817806425,4
3862458,10.0,1
3862469,9.774646165851868,11
3862473,9.931382789652856,4
3862484,9.795043412254099,11
3862494,9.779966126185885,10
3862502,9.858379005033319,8
3862506,9.946715568209271,4
3862516,9.696156667721619,10
3862525,9.807731197911679,9
3862526,9.991768881697205,1
3862527,9.988818868989984,1
3862535,9.814587095802139,8
3862544,9.821522671274185,9
3862549,9.922621468278358,5
3862550,10.0,1
3862560,9.797810451717794,10
3862574,9.673747309010576,14
3862588,9.668416827312281,14
3862598,9.78965048315462,10
3862609,9.776392623420001,11
3862620,9.781733050923096,11
3862628,9.852848072871106,8
3862636,9.85750090688109,8
3862637,10.0,1
3862651,9.72275963938248,14
3862656,9.913783446313085,5
3862667,9.763071123893123,11
3862675,9.823309057576239,8
3862688,9.73154678025454,13
3862694,9.9009863566608,6
3862701,9.885857346859579,7
3862709,9.864279984511848,8
3862718,9.835205206288444,9
3862738,9.608669306279499,20
3862754,9.628444079239717,16
3862759,9.907972378337119,5
3862771,9.718013018111632,12
3862790,9.518045131301824,19
3862791,10.0,1
3862797,9.885316677826513,6
3862808,9.771748002942104,11
3862812,9.941059552306161,4
3862821,9.814179089566755,9
3862831,9.854778017796031,10
3862842,9.462940778057852,11
3862846,9.948005409327322,4
3862852,9.883047418878961,6
3862865,9.716843353152928,13
3862880,9.640314743294777,15
3862889,9.81876305155074,9
3862890,10.0,1
3862900,9.798279150671709,10
3862910,9.783789860844676,10
3862911,9.99198222382537,1
3862913,9.97096868237296,2
3862917,9.94456074615247,4
3862922,9.909965725152531,5
3862937,9.666757641749612,15
3862953,9.46072208731511,16
3862964,9.80676306806988,11
3862970,9.889117618801732,6
3862978,9.833680487183706,8
3862982,9.938007791635638,4
3862985,9.965365657110672,3
3862991,9.88899886196729,6
3863001,9.781159025371096,10
3863002,10.0,1
3863011,9.82336962642444,9
3863023,9.746244594572488,12
3863033,9.797880328948999,10
3863041,9.883831379412458,8
3863049,9.854331899013323,8
3863054,9.917549557381504,5
3863064,9.827768793069676,10
3863065,10.0,1
3863076,9.759070887548056,11
3863082,9.895279311573598,6
3863088,9.891999132507049,6
3863092,9.942260909473989,4
3863107,9.669929224638615,15
3863108,9.992577039056242,1
3863116,9.8489563795696,8
3863124,9.847181179884346,8
3863129,9.902037580849392,5
3863136,9.856015234280086,7
3863146,9.774969201722179,10
3863153,9.863735352242205,7
3863154,10.0,1
3863160,9.886508224944366,6
3863161,9.988994900707095,1
3863169,9.8104386314415,8
3863174,9.90754698128055,5
3863187,9.675407027071902,13
3863191,9.92977311315325,4
3863201,9.807639576200962,10
3863206,9.909639528293313,5
3863214,9.874865850294624,8
3863228,9.692007924498354,14
3863237,9.828920470594362,9
3863249,9.714787502791523,12
3863250,9.991154965755927,1
3863255,9.903735590930975,5
3863258,9.95882828428592,3
3863272,9.687637397445187,14
3863282,9.763604457951693,10
3863289,9.898105983553156,7
3863295,9.872849042804999,6
3863300,9.92214302329469,5
3863333,9.379633844006593,33
3863339,9.894063460510388,6
3863352,9.720114122905416,13
3863355,9.964084091722397,3
3863360,9.921921298350764,5
3863370,9.791913328495452,10
3863381,9.763920043913425,11
3863389,9.825841851760053,8
3863400,9.766902941760605,11
3863415,9.637339721077204,15
3863425,9.79187643354795,10
3863436,9.778696840892874,11
3863447,9.775305596245225,11
3863458,9.753884378781377,11
3863471,9.720591070283177,13
3863476,9.927885811560127,5
3863485,9.704144829209177,9
3863492,9.865157743191276,7
3863503,9.767304731487314,11
3863516,9.75285007640006,13
3863517,9.987949764981575,1
3863529,9.72157722674249,12
3863540,9.78663651167231,11
3863548,9.844464720625664,8
3863561,9.734358703645759,13
3863574,9.708923190667374,13
3863585,9.736984218321398,11
3863590,9.811107876307622,5
3863601,9.80024643589158,11
3863602,10.0,1
3863612,9.813252423651267,10
3863617,9.90280966790734,5
3863633,9.628109272569183,16
3863643,9.804599889769012,10
3863653,9.774928461969273,10
3863658,9.920313564832263,5
3863668,9.800561723281511,10
3863672,9.947616617183444,4
3863682,9.814587063581074,10
3863689,9.867860535879297,7
3863696,9.882033058767918,7
3863708,9.769220206477138,12
3863719,9.7667664906552,11
3863720,10.0,1
3863726,9.904144393823701,6
3863732,9.893292502215841,6
3863738,9.91215352544512,6
3863749,9.773328575931176,11
3863755,9.88169531618832,6
3863762,9.874003799820594,7
3863771,9.844838408456233,9
3863775,9.949703763880917,4
3863776,10.0,1
3863791,9.279976304701576,15
3863803,9.816486706636608,12
3863817,9.678896428864043,14
3863829,9.777261931382087,12
3863840,9.792063175868938,11
3863845,9.919745589528649,5
3863855,9.792559172271702,10
3863861,9.891566782410024,6
3863871,9.787338105739687,10
3863884,9.69804219852784,13
3863885,9.992899591381853,1
3863888,9.952836421609002,3
3863892,9.95019641411815,4
3863910,9.467397206781476,18
3863924,9.667368663456346,14
3863934,9.702778526693054,10
3863938,9.93918743593941,4
3863949,9.766334412136779,11
3863957,9.865034996172762,8
3863963,9.910214323977657,6
3863976,9.72667430033691,13
3863983,9.893599344753536,7
3863995,9.739867129499496,12
3864010,9.611121529904413,15
3864025,9.66132750504047,15
3864029,9.940360879056033,4
3864037,9.866212275336856,8
3864041,9.943233681463024,4
3864042,10.0,1
3864048,9.885106245482323,6
3864061,9.75510701720828,13
3864062,10.0,1
3864067,9.90974023270864,5
3864078,9.748078060130254,11
3864088,9.796033819677845,10
3864093,9.929094488210106,5
3864096,9.970993032205303,3
3864102,9.70169144385058,6
3864110,9.832528977252672,8
3864114,9.94408728252229,4
3864120,9.894157909364326,6
3864130,9.80245892793804,10
3864137,9.860834345504891,7
3864148,9.6464231715274,11
3864167,9.60551953001477,19
3864168,9.996702672457799,1
3864176,9.837521318297126,8
3864187,9.767672170399338,11
3864201,9.712588434489632,14
3864206,9.911062398358855,5
3864221,9.654136727089329,15
3864233,9.722052589150309,12
3864241,9.837398461144632,8
3864252,9.744588879498753,11
3864259,9.867329180962335,7
3864265,9.909542368038268,6
3864271,9.895163164886542,6
3864274,9.96249058133005,3
3864281,9.878507788652739,7
3864291,9.853194246789721,10
3864300,9.823475303012408,9
3864307,9.870085094449971,7
3864315,9.845696048982322,8
3864326,9.763552084646381,11
3864332,9.89449116838782,6
3864333,10.0,1
3864334,10.0,1
3864338,9.9396183358818,4
3864345,9.867121572638817,7
3864351,9.881547531617883,6
3864359,9.643321414821349,8
3864364,9.906608303458142,5
3864370,9.885203707941043,6
3864376,9.897192611464591,6
3864384,9.855282510531902,8
3864399,9.642251182207968,15
3864404,9.91487269320463,5
3864406,9.971892344919349,2
3864417,9.801626545016175,11
3864427,9.608189839868334,10
3864433,9.883381903161785,6
3864434,10.0,1
3864438,9.942227226964551,4
3864443,9.916993379683214,5
3864445,9.983974109325269,2
3864446,10.0,1
3864459,9.702192081820792,13
3864462,9.961930830789429,3
3864477,9.652324344285622,15
3864492,9.663609135287828,15
3864493,10.0,1
3864504,9.762912065486718,11
3864511,9.845525413168598,7
3864514,9.858024258595966,3
3864533,9.615424161902437,19
3864540,9.87372807860796,7
3864541,10.0,1
3864542,9.996489787528906,1
3864548,9.902367179728724,6
3864558,9.78074457624724,10
3864562,9.940108903663788,4
3864572,9.778853626282594,10
3864587,9.648108387248623,15
3864600,9.757102450950459,13
3864611,9.768014104423983,11
3864621,9.806793382970241,10
3864633,9.753937628010776,12
3864634,10.0,1
3864643,9.6273444808232,9
3864654,9.795885727392381,11
3864659,9.915458524168685,5
3864668,9.845261987590355,9
3864670,9.965925117648297,2
3864673,9.958341113410647,3
3864685,9.744957115587095,12
3864687,9.983323656601469,2
3864688,10.0,1
3864697,9.832242462297575,9
3864706,9.838877175171218,9
3864716,9.789162238663145,10
3864727,9.790973607651665,11
3864735,9.828050252157997,8
3864736,10.0,1
3864744,9.862235418636333,8
3864758,9.666240649990293,14
3864778,9.498214336159817,20
3864786,9.85099287574529,8
3864796,9.78260875255762,10
3864808,9.747186597660901,12
3864816,9.830427692627502,8
3864828,9.712450107938075,12
3864837,9.809463891601496,9
3864839,9.97460270738184,2
3864847,9.722105836041745,8
3864850,9.952535264538062,3
3864851,10.0,1
3864858,9.8720661507055,7
3864870,9.728074949101096,12
3864877,9.891108305472546,7
3864885,9.847802819206304,8
3864897,9.724730761534111,12
3864910,9.694828722859016,13
3864918,9.85500305721359,8
3864929,9.754960464636305,11
3864935,9.879622777939838,6
3864939,9.95118358818631,4
3864942,9.959842577418557,3
3864956,9.705149679361188,14
3864970,9.708999389419699,14
3864983,9.713876996535454,13
3864998,9.53896988782363,15
3865014,9.699876102389108,16
3865020,9.88637862102926,6
3865030,9.794233360101293,10
3865034,9.941671473377534,4
3865035,9.98837019817338,1
3865049,9.67602930662262,14
3865062,9.7485407507499,13
3865072,9.761061920857689,10
3865081,9.810303500123934,9
3865092,9.754913152445749,11
3865100,9.837067500930322,8
3865103,9.967010234170472,3
3865109,9.872573469393615,6
3865115,9.876724119248909,6
3865116,10.0,1
3865122,9.895179445342983,6
3865134,9.708316890049296,12
3865147,9.723394441200249,13
3865153,9.901229176692222,6
3865168,9.650459682590107,15
3865179,9.76596205244162,11
3865189,9.78238057178657,10
3865196,9.871377471951948,7
3865201,9.911357565737772,5
3865209,9.839824046993645,8
3865213,9.94385727049663,4
3865218,9.922272571702926,5
3865224,9.908779973959447,6
3865234,9.797914708961589,10
3865243,9.830916102985412,9
3865277,9.382306789867595,34
3865278,9.995875595613368,1
3865287,9.806162194264628,9
3865294,9.876773413554353,7
3865295,9.988156138059384,1
3865296,9.988919557675615,1
3865304,9.820143956069373,8
3865319,9.709306612887675,15
3865325,9.892087232500284,6
3865331,9.893384445516551,6
3865337,9.896545505907266,6
3865348,9.795234159351395,11
3865358,9.769611637420212,10
3865364,9.704913812740347,6
3865376,9.730357179979121,12
3865386,9.791557008661526,10
3865395,9.815302158695422,9
3865404,9.815459097683325,9
3865412,9.82139386594819,8
3865423,9.102060499697345,11
3865434,9.814094661625694,11
3865444,9.791948285495126,10
3865445,9.988851099325768,1
3865446,10.0,1
3865447,10.0,1
3865448,10.0,1
3865452,9.946605551728517,4
3865455,9.95975171510961,3
3865456,10.0,1
3865469,9.7024042274338,13
3865470,10.0,1
3865481,9.7712482510795,11
3865484,9.955398414589581,3
3865494,9.812444518111285,10
3865500,9.898821680724105,6
3865512,9.754904553561964,12
3865524,9.729437032418588,12
3865529,9.92567995586121,5
3865537,9.845135084232771,8
3865547,9.776625349188222,10
3865559,9.753370336416125,12
3865569,9.802253710775139,10
3865572,9.963207559628104,3
3865580,9.830168639107214,8
3865591,9.78012556761213,11
3865600,9.810050042876489,9
3865601,9.992671121921838,1
3865614,9.728861968058176,13
3865622,9.827053848438654,8
3865631,9.81212925516661,9
3865632,9.996059035966242,1
3865649,9.590488554266175,17
3865654,9.91959359656977,5
3865659,9.914539043294074,5
3865660,10.0,1
3865665,9.917150922001866,5
3865671,9.875740373220196,6
3865683,9.718030626683369,12
3865688,9.9312183122032,5
3865696,9.867134435293893,8
3865699,9.96911182177204,3
3865706,9.88675450172429,7
3865714,9.868139201917662,8
3865721,9.862292509937042,7
3865731,9.812777638538384,10
3865743,9.73537923881434,12
3865750,9.862861313380423,7
3865759,9.815583768050727,9
3865766,9.888362584992723,7
3865773,9.863661947231607,7
3865774,10.0,1
3865780,9.910636631645989,6
3865790,9.794995488588373,10
3865796,9.891317470470552,6
3865804,9.842951640058693,8
3865812,9.843058169153931,8
3865822,9.830664046167602,10
3865827,9.82711921368829,5
3865835,9.8360473462709,8
3865842,9.862956042607937,7
3865851,9.797646804993427,9
3865860,9.813706805838109,9
3865872,9.760571289392626,12
3865882,9.589134072361501,10
3865884,9.973868624464803,2
3865890,9.886075712673614,6
3865891,10.0,1
3865901,9.77417468572188,10
3865905,9.941721401180613,4
3865915,9.797464608800478,10
3865919,9.941698725592955,4
3865923,9.940908668483518,4
3865933,9.80132305817356,10
3865944,9.770645982581552,11
3865949,9.918738767997375,5
3865959,9.826656569615237,10
3865971,9.73085409379433,12
3865985,9.695203933888912,14
3865987,9.972792000262974,2
3865992,9.912061581955959,5
3865993,10.0,1
3865994,9.992859796927478,1
3866005,9.74113923755355,11
3866017,9.753066527008155,12
3866027,9.79941986973162,10
3866030,9.947664831293588,3
3866037,9.869949618034886,7
3866050,9.549939508203936,13
3866066,9.538665815883604,16
3866074,9.846762578520615,8
3866080,9.875466562648947,6
3866091,9.77709683109335,11
3866094,9.948902192846093,3
3866098,9.952711200063181,4
3866109,9.77146533050902,11
3866124,9.667901321018409,15
3866127,9.959250443336082,3
3866128,10.0,1
3866133,9.926042422173902,5
3866138,9.932552723672437,5
3866148,9.783255716069327,10
3866150,9.983952897220407,2
3866158,9.818943523239188,8
3866170,9.744604095781295,12
3866175,9.901155533361251,5
3866189,9.668450466616894,14
3866204,9.669995272489777,15
3866212,9.889353460821615,8
3866227,9.667987934286105,15
3866235,9.871072240682377,8
3866247,9.746232211740494,12
3866255,9.83830365171896,8
3866261,9.883931353077887,6
3866272,9.768379515369858,11
3866281,9.803098603595274,9
3866292,9.753174779867903,11
3866298,9.89526997845879,6
3866302,9.922593815120212,4
3866308,9.895137383313648,6
3866315,9.88826707966602,7
3866325,9.567608422632752,10
3866334,9.814182630190363,9
3866345,9.754022888515552,11
3866355,9.799384956857004,10
3866371,9.642750790643609,16
3866377,9.892187873594658,6
3866388,9.77014459361113,11
3866400,9.738651201436742,12
3866411,9.76749666849356,11
3866414,9.961560300552138,3
3866426,9.736557607461895,12
3866431,9.926519841912407,5
3866432,10.0,1
3866447,9.481896927665627,15
3866454,9.86708458557629,7
3866463,9.827922666857303,9
3866474,9.745920542856696,11
3866478,9.948654503535478,4
3866479,10.0,1
3866490,9.756840150856908,11
3866498,9.847290391937404,8
3866500,9.97275000377608,2
3866514,9.656395209916788,14
3866527,9.699501220140254,13
3866530,9.954678003804467,3
3866531,10.0,1
3866533,9.976994531141514,2
3866537,9.7245319760239,4
3866538,10.0,1
3866548,9.791493839564026,10
3866558,9.780311159798613,10
3866561,9.957153476035778,3
3866567,9.902550997457038,6
3866573,9.868703650350554,6
3866578,9.916723624025408,5
3866593,9.63814683646206,15
3866601,9.855423357584282,8
3866607,9.898713427136746,6
3866616,9.799301130527038,9
3866628,9.791504872939933,12
3866632,9.931562904330193,4
3866640,9.866134054466666,8
3866641,10.0,1
3866647,9.907861997275097,6
3866648,9.993088133111334,1
3866650,9.971996166336655,2
3866664,9.694048405435145,14
3866675,9.777508347173173,11
3866683,9.837612289046199,8
3866691,9.856833632646762,8
3866696,9.905812568185432,5
3866704,9.85663725075302,8
3866717,9.738319202317761,13
3866723,9.902783314771078,6
3866731,9.742343952996505,8
3866735,9.946314927597452,4
3866744,9.828294096815602,9
3866753,9.819109969333526,9
3866765,9.738690899636373,12
3866770,9.902502510766023,5
3866779,9.834862315523374,9
3866783,9.94484150953382,4
3866798,9.657899465303696,15
3866807,9.721623613839597,9
3866819,9.753131382465858,12
3866834,9.666388086724519,15
3866835,10.0,1
3866847,9.767457661255953,12
3866857,9.781575389108262,10
3866867,9.799053866755544,10
3866879,9.725739562538045,12
3866880,10.0,1
3866881,10.0,1
3866896,9.658625005375914,15
3866913,9.623398305835547,17
3866927,9.680389821532005,14
3866940,9.703508272936004,13
3866954,9.701505636872405,14
3866965,9.76504730058297,11
3866976,9.772452553481635,11
3866985,9.822920242418107,9
3867001,9.671647702596431,16
3867010,9.846650150974789,9
3867023,9.715068774345871,13
3867026,9.953111596015992,3
3867033,9.865484346757821,7
3867037,9.924985174687823,4
3867059,9.62568711248428,22
3867065,9.880900357354232,6
3867081,9.64645236941665,16
3867091,9.79897577926933,10
3867099,9.855515803629183,8
3867111,9.644654838902358,12
3867118,9.866202868252897,7
3867123,9.913499002737838,5
3867132,9.823191313974606,9
3867141,9.862571945068677,9
3867156,9.722911021104157,15
3867161,9.9207360767535,5
3867177,9.607234977493192,16
3867185,9.85229526344209,8
3867194,9.838298734124962,9
3867202,9.82971432523618,8
3867215,9.706621030938715,13
3867223,9.83984407714811,8
3867232,9.804938478218821,9
3867240,9.845654615029554,8
3867251,9.746460063006872,11
3867253,9.971042588476559,2
3867261,9.844010668073897,8
3867263,9.977785164379807,2
3867271,9.827987793486242,8
3867273,9.984661573220963,2
3867278,9.927385827756078,5
3867284,9.899329734703139,6
3867293,9.838666767705186,9
3867302,9.752120092230134,9
3867303,10.0,1
3867309,9.919601627212003,6
3867321,9.747286809083274,12
3867329,9.84852008865578,8
3867337,9.862555922908287,8
3867346,9.815770300873746,9
3867353,9.89999571518359,7
3867358,9.92208584398315,5
3867375,9.400249652725448,17
3867383,9.863083779400654,8
3867394,9.77800688550891,11
3867407,9.694705189081965,13
3867416,9.801981410502185,9
3867426,9.784879324922624,10
3867444,9.490150258096898,18
3867450,9.901616779048044,6
3867461,9.780169824801298,11
3867466,9.9088510273122,5
3867479,9.701595497209727,13
3867489,9.790231205232015,10
3867498,9.800571089194683,9
3867509,9.758052423607392,11
3867514,9.922264607686726,5
3867518,9.942507255246504,4
3867525,9.866511960052046,7
3867526,10.0,1
3867530,9.945524417306407,4
3867539,9.82841106402836,9
3867546,9.866461409904876,7
3867547,10.0,1
3867558,9.787922413767603,11
3867572,9.495176252609076,14
3867582,9.825391018945385,10
3867589,9.860245336663484,7
3867590,9.988630987800155,1
3867600,9.803849274512501,10
3867612,9.72087086699289,12
3867620,9.848640230087454,8
3867631,9.75476765770921,11
3867633,9.975038679173041,2
3867641,9.859169461656217,8
3867651,9.811635841566549,10
3867660,9.838900360574923,9
3867669,9.792023499429694,9
3867680,9.764497770026955,11
3867692,9.749510101206752,12
3867694,9.981396803031414,2
3867697,9.970261007730311,3
3867708,9.759913878611792,11
3867712,9.935607121753552,4
3867718,9.899699721225922,6
3867725,9.866670331699725,7
3867745,9.519541139414986,20
3867746,10.0,1
3867760,9.717199030258062,14
3867766,9.900697339960294,6
3867773,9.893887220758517,7
3867789,9.616823790235895,16
3867790,10.0,1
3867801,9.783931867705222,11
3867805,9.955948840220099,4
3867816,9.73932085047608,11
3867829,9.710906335480125,13
3867840,9.801577590536208,11
3867848,9.892123214837012,8
3867853,9.930289531278467,5
3867870,9.591552809392672,17
3867880,9.79305323555924,10
3867888,9.84796824023537,8
3867894,9.903148683878385,6
3867901,9.86674301854774,7
3867906,9.91528672527609,5
3867918,9.7365845931431,12
3867919,10.0,1
3867920,9.98881838215161,1
3867926,9.89220970629763,6
3867935,9.829657596285891,9
3867938,9.966528555004382,3
3867945,9.878411519670431,7
3867954,9.83896863069877,9
3867966,9.743621829469616,12
3867976,9.78425164146951,10
3867987,9.737787511980843,11
3867998,9.7611445564461,11
3868000,9.969566037934978,2
3868003,9.954839097789533,3
3868017,9.670320325486259,14
3868030,9.712254703503671,13
3868039,9.799617715588932,9
3868045,9.909115694135126,6
3868056,9.750904204392803,11
3868069,9.68227231535812,13
3868085,9.661325854259063,16
3868094,9.541388223699844,9
3868098,9.939460247826203,4
3868106,9.831318260984519,8
3868110,9.932180459844847,4
3868114,9.9493941813275,4
3868121,9.852316230852045,7
3868134,9.701668038061893,13
3868141,9.868809793550769,7
3868151,9.803126909217317,10
3868168,9.58547379632708,17
3868173,9.92089845311056,5
3868186,9.751958048617471,13
3868194,9.839967251280187,8
3868218,9.46074616301545,24
3868233,9.667531080205782,15
3868242,9.820760624794632,9
3868254,9.77419695763488,12
3868270,9.532517171746314,16
3868276,9.910002074350317,6
3868280,9.945902581119174,4
3868289,9.833544793651262,9
3868294,9.920358023018537,5
3868295,10.0,1
3868305,9.719132737096803,10
3868317,9.74352689938285,12
3868318,9.996646257613818,1
3868330,9.748806181538432,12
3868338,9.883257978744552,8
3868348,9.79765086677595,10
3868355,9.792194517059341,7
3868361,9.88686166150059,6
3868368,9.875091694092061,7
3868375,9.849545112378808,7
3868381,9.892779129631265,6
3868389,9.857755240273349,8
3868391,9.976910435473178,2
3868400,9.81010584831328,9
3868401,10.0,1
3868402,9.996146842378739,1
3868404,9.97771668558719,2
3868406,9.97059208987295,2
3868409,9.961906274821223,3
3868410,9.993222688648748,1
3868414,9.94359880250297,4
3868424,9.798251141872806,10
3868442,9.6321480363144,18
3868457,9.650289973780287,15
3868461,9.930306603799997,4
3868471,9.824520232014388,10
3868479,9.857966367270791,8
3868487,9.838040263736286,8
3868495,9.843234072392352,8
3868502,9.873296950932362,7
3868513,9.745967232632621,11
3868522,9.806876564363035,9
3868525,9.956395088961834,3
3868534,9.808779306305068,9
3868539,9.907752760360282,5
3868546,9.861779242788785,7
3868554,9.815078268938532,8
3868569,9.431114664551576,15
3868578,9.814379101141222,9
3868585,9.875747188300629,7
3868586,10.0,1
3868591,9.907138749967116,5
3868595,9.93043055345091,4
3868613,9.554027148739703,18
3868625,9.723331603543492,12
3868638,9.689478886587896,13
3868651,9.715999803055936,13
3868652,10.0,1
3868663,9.80596939095148,11
3868669,9.9035661811069,6
3868678,9.796922443899748,9
3868683,9.918761023408141,5
3868691,9.862675299672686,8
3868708,9.605257173519519,17
3868721,9.6870539630494,13
3868727,9.897667276108672,6
3868735,9.8396494856533,8
3868746,9.619950200831237,11
3868755,9.820000756264264,9
3868764,9.80710747160555,9
3868772,9.84202696926238,8
3868776,9.936070681148635,4
3868781,9.919044808755478,5
3868798,9.665374893693713,17
3868810,9.731476251933131,12
3868818,9.866105072508157,8
3868828,9.775691138909076,10
3868847,9.535050975195038,19
3868849,9.986111093914602,2
3868855,9.890407642608231,6
3868863,9.882395833971099,8
3868864,10.0,1
3868876,9.716202452310782,12
3868883,9.859251259149996,7
3868900,9.586560193351005,17
3868901,10.0,1
3868916,9.688921881280464,15
3868923,9.862089481596414,7
3868931,9.85666143178879,8
3868932,9.996578989650537,1
3868944,9.742835280048448,12
3868950,9.901548192121156,6
3868961,9.771929475610502,11
3868963,9.973318819103733,2
3868964,10.0,1
3868972,9.845029234230559,8
3868979,9.876745254510027,7
3868980,10.0,1
3868992,9.67219998592979,12
3869001,9.83245235790005,9
3869013,9.745348543143246,12
3869022,9.844573127857089,9
3869032,9.792266282909084,10
3869040,9.843846489298107,8
3869041,10.0,1
3869049,9.8840243507741,8
3869054,9.916184443957114,5
3869061,9.866437528253376,7
3869062,10.0,1
3869074,9.75692349652507,12
3869075,10.0,1
3869087,9.744124186155187,12
3869099,9.73663150657661,12
3869104,9.920441415516509,5
3869105,10.0,1
3869108,9.962551287178767,3
3869118,9.606487154558538,10
3869125,9.854108495154879,7
3869134,9.818013351146172,9
3869148,9.694522599192817,14
3869167,9.652380510583574,19
3869168,10.0,1
3869178,9.810878055579959,10
3869182,9.930647162441225,4
3869190,9.822907379976993,8
3869196,9.890711193871354,6
3869208,9.758637292574916,12
3869211,9.95727205566463,3
3869223,9.742191421225813,12
3869239,9.64807764908227,16
3869243,9.940064625601774,4
3869250,9.847564182164179,7
3869266,9.612032225173362,16
3869273,9.765533776623665,7
3869292,9.539870525979508,19
3869302,9.802995100517025,10
3869307,9.911341845986973,5
3869316,9.810366274513195,9
3869328,9.741668327169878,12
3869342,9.700150827312061,14
3869350,9.835585767923606,8
3869351,9.989368020353385,1
3869359,9.842217746213395,8
3869376,9.620539794303477,17
3869393,9.584549579608804,17
3869394,10.0,1
3869398,9.927368502559867,4
3869403,9.917621125463146,5
3869410,9.88758106574955,7
3869417,9.88943442554953,7
3869425,9.842442646240098,8
3869432,9.866615261174596,7
3869435,9.95842910841088,3
3869454,9.585690386948745,19
3869462,9.844009693783061,8
3869463,10.0,1
3869477,9.701880829138643,14
3869481,9.945461372177727,4
3869492,9.77032269986684,11
3869500,9.549063987819267,8
3869505,9.902802717987823,5
3869514,9.832353954471982,9
3869523,9.837273530064108,9
3869544,9.559980790070064,21
3869555,9.795352049109244,11
3869563,9.843605283928955,8
3869577,9.630208974383324,14
3869591,9.591425111138642,14
3869604,9.699006345341449,13
3869609,9.92062368333714,5
3869616,9.881605468539027,7
3869621,9.903381419728403,5
3869630,9.824892384164192,9
3869634,9.947010338019785,4
3869641,9.862497762010458,7
3869651,9.787342538044191,10
3869658,9.870829336995751,7
3869664,9.892894771719945,6
3869674,9.78138960812308,10
3869683,9.813719892299469,9
3869692,9.814848184398537,9
3869704,9.735652915935054,12
3869707,9.951082032043391,3
3869716,9.832804090091308,9
3869724,9.829656215868862,8
3869725,10.0,1
3869734,9.808846348227064,9
3869749,9.673745053088517,15
3869763,9.694784615952804,14
3869773,9.805955816549668,10
3869784,9.766955940428206,11
3869793,9.808924589680652,9
3869796,9.957194914310872,3
3869802,9.881378059495548,6
3869813,9.762021944219027,11
3869818,9.923640667411266,5
3869822,9.943522184435,4
3869829,9.85353435595235,7
3869841,9.804970237930341,12
3869848,9.875968384999927,7
3869861,9.695745135055367,13
3869868,9.881948288827676,7
3869877,9.829377163278805,9
3869884,9.862928202381909,7
3869895,9.766848543184814,11
3869907,9.73663175334589,12
3869908,10.0,1
3869913,9.904082805905965,5
3869920,9.87275168726318,7
3869921,10.0,1
3869929,9.822895293602018,8
3869932,9.955311385209725,3
3869938,9.91646440024108,6
3869946,9.85261251634178,8
3869956,9.790217120186064,10
3869957,9.987824073318059,1
3869968,9.752486936383228,11
3869975,9.875982454270517,7
3869987,9.746487388838272,12
3869991,9.94113457989719,4
3869994,9.955239615325732,3
3870007,9.719401140349438,13
3870012,9.91649953417147,5
3870021,9.82736326171467,9
3870032,9.7558177908675,11
3870033,9.996385426815174,1
3870040,9.86926465655717,7
3870045,9.933648129995285,5
3870053,9.863827209338876,8
3870059,9.892685506823863,6
3870066,9.868850530781227,7
3870093,9.438873042244085,27
3870100,9.86421174462668,7
3870111,9.765361060950932,11
3870120,9.825427908635692,9
3870127,9.864277538758792,7
3870130,9.96741964632581,3
3870131,10.0,1
3870141,9.800107484882163,10
3870157,9.603603297847743,16
3870168,9.786051179394972,11
3870182,9.719861217073896,14
3870183,10.0,1
3870195,9.739240874003077,12
3870212,9.634484491965868,17
3870222,9.800545711089015,10
3870227,9.917400174176946,5
3870237,9.76746019659349,10
3870249,9.733053406022831,12
3870253,9.935107021377188,4
3870259,9.90065797789188,6
3870263,9.93399448087281,4
3870275,9.726718004430086,12
3870277,9.984854259923212,2
3870286,9.81660420625592,9
3870303,9.625108315173518,17
3870309,9.898079269076467,6
3870324,9.622305964284607,15
3870335,9.733808940811489,11
3870380,8.741342321553391,45
3870389,9.827367444574627,9
3870392,9.964171871007194,3
3870399,9.872429864958729,7
3870407,9.843072974807537,8
3870408,10.0,1
3870413,9.914227828319486,5
3870425,9.76688907870333,12
3870426,10.0,1
3870431,9.896087968312877,5
3870443,9.751335063946717,12
3870447,9.939526564068528,4
3870448,10.0,1
3870455,9.855878380201725,7
3870461,9.884689402928194,6
3870474,9.585037590297967,13
3870487,9.723831430598153,13
3870488,9.988082334130091,1
3870493,9.919598799332253,5
3870501,9.864258030796188,8
3870517,9.635787850852491,16
3870526,9.813378811100499,9
3870533,9.88323445341862,7
3870538,9.906900138724303,5
3870542,9.94909685867514,4
3870551,9.83402678000634,9
3870555,9.941036597077844,4
3870564,9.833072011615918,9
3870575,9.757607815008802,11
3870583,9.833803643220056,8
3870591,9.841233636210031,8
3870598,9.859858818455308,7
3870606,9.861001221655208,8
3870610,9.933910068771755,4
3870618,9.843967567122686,8
3870626,9.855358172405081,8
3870638,9.76884407794288,12
3870648,9.784416046472133,10
3870649,10.0,1
3870663,9.692690579803767,14
3870673,9.777092253370691,10
3870678,9.906048104184125,5
3870687,9.830249058522678,9
3870696,9.793656166091608,9
3870703,9.856455817631925,7
3870719,9.666893859102984,16
3870732,9.700978317923495,13
3870733,10.0,1
3870741,9.850477394579237,8
3870754,9.735398488089086,13
3870761,9.868011541627132,7
3870770,9.833560539068674,9
3870779,9.823025261903478,9
3870791,9.735474068596977,12
3870799,9.830887059675058,8
3870807,9.832230953789232,8
3870816,9.853369337466544,9
3870827,9.79039712578165,11
3870838,9.768705651578928,11
3870839,9.995707377485553,1
3870849,9.789745127036067,10
3870854,9.911549769933302,5
3870865,9.777543054892435,11
3870869,9.940207320805825,4
3870878,9.825500887260489,9
3870879,10.0,1
3870887,9.852834320206378,8
3870892,9.926342351914839,5
3870897,9.902214521223886,5
3870906,9.843805864312806,9
3870915,9.789397770209026,9
3870927,9.739912734542369,12
3870936,9.713924457489103,9
3870946,9.782732380208378,10
3870952,9.902730196490701,6
3870957,9.917697315462778,5
3870961,9.934195193392359,4
3870973,9.722811309985783,12
3870974,10.0,1
3870985,9.739638055917116,11
3870995,9.778481324467402,10
3870996,10.0,1
3870997,10.0,1
3871005,9.812516764545688,8
3871010,9.820141625294093,5
3871021,9.76803083019941,11
3871023,9.984823848891107,2
3871028,9.91941268585695,5
3871035,9.838897519793168,7
3871049,9.679940761674105,14
3871050,10.0,1
3871059,9.808115163332266,9
3871067,9.831824284828505,8
3871083,9.600000723441216,16
3871092,9.814830024796247,9
3871099,9.892425757543906,7
3871109,9.787797077237627,10
3871125,9.621626647272267,16
3871131,9.897256447045063,6
3871143,9.721305915336675,12
3871161,9.612120697249642,18
3871166,9.901996840704038,5
3871179,9.690976988348364,13
3871186,9.87283232977481,7
3871193,9.865294027733325,7
3871202,9.845826550086011,9
3871211,9.825680848443389,9
3871218,9.87969293372836,7
3871227,9.821382683154294,9
3871232,9.925956919602104,5
3871241,9.796860227015685,9
3871243,9.971146787467415,2
3871252,9.798277107058249,9
3871263,9.75155061025046,11
3871267,9.936503937525652,4
3871277,9.772102466210985,10
3871288,9.762226031777594,11
3871302,9.591351587966715,14
3871305,9.965244469778522,3
3871307,9.98529235095432,2
3871317,9.798694656100968,10
3871319,9.966998516412348,2
3871327,9.833465141633512,8
3871335,9.831523660210273,8
3871341,9.901919424447325,6
3871353,9.72914792435297,12
3871366,9.708244278093234,13
3871375,9.852646106008052,9
3871391,9.671167114916882,16
3871392,10.0,1
3871407,9.687120318003384,15
3871419,9.71407233741908,12
3871434,9.655941280070019,15
3871440,9.89634232306368,6
3871441,10.0,1
3871442,10.0,1
3871443,10.0,1
3871447,9.954151578633832,4
3871458,9.74111893515043,11
3871472,9.497631444615582,14
3871483,9.739877732367612,11
3871495,9.71853955848336,12
3871501,9.895807250512622,6
3871512,9.763992143193917,11
3871516,9.940025672712178,4
3871523,9.88184696936294,7
3871527,9.94053739345014,4
3871551,9.446053635504045,24
3871567,9.668428065115071,16
3871572,9.926342857592134,5
3871582,9.77168193818789,10
3871595,9.737196145825163,13
3871600,9.919878566803245,5
3871611,9.758801716269762,11
3871625,9.69664852566393,14
3871637,9.71527143623361,12
3871646,9.817444890536063,9
3871652,9.892833372251578,6
3871654,9.972872041302876,2
3871655,10.0,1
3871656,9.996196519752539,1
3871660,9.93202072929065,4
3871679,9.602099201722417,19
3871680,9.988323450869366,1
3871691,9.778951062870075,11
3871705,9.686821787264474,14
3871713,9.840361647318211,8
3871714,9.996500437450463,1
3871727,9.722226053087724,13
3871736,9.842240561702255,9
3871752,9.591493055319043,16
3871753,10.0,1
3871760,9.865924417606301,7
3871771,9.759008873793782,11
3871772,10.0,1
3871773,10.0,1
3871778,9.909286524980924,5
3871783,9.895976066448055,5
3871792,9.821486039778403,9
3871800,9.812048675056644,8
3871801,10.0,1
3871814,9.726581934216442,13
3871817,9.960649290215501,3
3871824,9.865539593480605,7
3871832,9.834476382792113,8
3871841,9.824693453191996,9
3871856,9.709265581802484,15
3871866,9.821486495818068,10
3871867,10.0,1
3871879,9.76459071503757,12
3871880,10.0,1
3871887,9.849046446258196,7
3871902,9.643201137580181,15
3871911,9.8156619465248,9
3871917,9.881269680172563,6
3871927,9.800365266360602,10
3871928,10.0,1
3871932,9.948433505180265,4
3871941,9.824169256870425,9
3871949,9.85474246158006,8
3871962,9.698517611788473,13
3871963,9.989462017185978,1
3871969,9.904290860722302,6
3871981,9.74241579534271,12
3871992,9.745103564638175,11
3872000,9.875936008665416,8
3872009,9.795853998812548,9
3872018,9.814761121023507,9
3872027,9.827625163834956,9
3872035,9.850282948259213,8
3872045,9.78327640481168,10
3872051,9.895208761092572,6
3872062,9.794353469192155,11
3872072,9.800904044791888,10
3872077,9.914684934136055,5
3872087,9.787256757596372,10
3872095,9.859692978825676,8
3872102,9.875692094581025,7
3872110,9.866398916304945,8
3872121,9.739301766837539,11
3872139,9.544253168976173,18
3872140,9.996657241246112,1
3872153,9.506055346373136,13
3872159,9.901564390046731,6
3872172,9.715228296316319,13
3872181,9.806050742247818,9
3872196,9.627381667670235,15
3872207,9.760092357228006,11
3872215,9.865337991594096,8
3872218,9.961958516964392,3
3872222,9.928340337707645,4
3872239,9.5740026202649,17
3872241,9.97471806363696,2
3872244,9.963559004969584,3
3872247,9.959720454576146,3
3872256,9.8241956954462,9
3872267,9.775596647466168,11
3872273,9.885580280117514,6
3872281,9.852575586262253,8
3872289,9.856601563530784,8
3872304,9.667023831849276,15
3872305,10.0,1
3872311,9.895493218807928,6
3872319,9.844219648977475,8
3872327,9.836423581257508,8
3872330,9.953000758078039,3
3872337,9.881299005314837,7
3872341,9.939356204853178,4
3872342,10.0,1
3872347,9.904485910293667,5
3872353,9.906241426611144,6
3872358,9.909297632762904,5
3872366,9.829308033833142,8
3872379,9.727957389486672,13
3872395,9.633134206386861,16
3872406,9.81855693593405,11
3872412,9.895681928812335,6
3872417,9.922697823812406,5
3872429,9.761264950764694,12
3872436,9.755476709877128,7
3872445,9.816579785291914,9
3872455,9.790644082537819,10
3872471,9.438607182322688,16
3872479,9.830768156886242,8
3872485,9.885737525580002,6
3872491,9.88934275028941,6
3872498,9.882050528529042,7
3872504,9.893839816242812,6
3872509,9.913771830251212,5
3872523,9.682888719991158,14
3872533,9.79227262409502,10
3872536,9.952517643009461,3
3872539,9.94914523096034,3
3872551,9.748076467377668,12
3872560,9.799813285029579,9
3872561,10.0,1
3872568,9.87951176080592,7
3872574,9.888411635873931,6
3872587,9.715683689408543,13
3872599,9.782519500097422,12
3872606,9.871889819807086,7
3872613,9.85867881583734,7
3872617,9.947079968015677,4
3872623,9.878785621006758,6
3872631,9.851211114583807,8
3872639,9.872990418022143,8
3872645,9.900354924420176,6
3872655,9.788582692593586,10
3872665,9.599665308374254,10
3872673,9.834646290546855,8
3872678,9.918139958290336,5
3872684,9.910739484460553,6
3872685,10.0,1
3872688,9.953797471081947,3
3872699,9.749578350736833,11
3872710,9.755048495984322,11
3872721,9.769160264477941,11
3872731,9.814719627067236,10
3872744,9.683217483270104,13
3872766,9.532984256987882,22
3872767,9.986539638306212,1
3872777,9.835349251442421,10
3872783,9.895679965027615,6
3872784,10.0,1
3872785,10.0,1
3872795,9.784638407442992,10
3872796,10.0,1
3872797,10.0,1
3872803,9.894568107989222,6
3872810,9.864825911181176,7
3872817,9.874747425930703,7
3872826,9.827124941288341,9
3872835,9.84195964296857,9
3872848,9.760181455452654,13
3872857,9.826492530485796,9
3872867,9.78159297850937,10
3872881,9.660716380421682,14
3872889,9.756162878052319,8
3872901,9.74383374118627,12
3872907,9.879275796194339,6
3872908,10.0,1
3872914,9.872996613498367,6
3872927,9.755307390280073,13
3872936,9.803389790935967,9
3872945,9.81151478416315,9
3872954,9.78967138070495,9
3872963,9.803565513280072,9
3872976,9.724557668475144,13
3872988,9.76815937438335,12
3872989,10.0,1
3873002,9.728833955933032,13
3873006,9.938139491003774,4
3873021,9.636713089967479,15
3873025,9.946364487082755,4
3873037,9.737649138858862,12
3873053,9.732636910133728,16
3873064,9.77200205544886,11
3873073,9.811923416809094,9
3873079,9.893969044705942,6
3873088,9.821449805712282,9
3873095,9.896816651304233,7
3873101,9.897544039360314,6
3873108,9.884357789457393,7
3873109,9.993257739668572,1
3873121,9.74237498678078,12
3873127,9.898985255837935,6
3873128,10.0,1
3873134,9.875046566585404,6
3873144,9.788880049724998,10
3873156,9.750501148021394,12
3873168,9.721749574940619,12
3873181,9.690941434980036,13
3873182,9.988118768338442,1
3873189,9.875760886286674,7
3873194,9.819470088850219,5
3873203,9.698405589086754,9
3873210,9.88239317092983,7
3873216,9.892971970296394,6
3873227,9.770131948179472,11
3873235,9.841583551501582,8
3873239,9.93961036527161,4
3873243,9.94273874888796,4
3873256,9.71953464876801,13
3873260,9.94301520152147,4
3873263,9.947946155020098,3
3873267,9.922339181901682,4
3873276,9.824444264512687,9
3873277,10.0,1
3873280,9.964904410162244,3
3873291,9.757119784393346,11
3873294,9.950230942061554,3
3873299,9.925003531179518,5
3873314,9.642609918430136,15
3873320,9.898308067801299,6
3873327,9.875189652076394,7
3873339,9.750527197716144,12
3873353,9.666046299438351,14
3873361,9.878306289886563,8
3873375,9.670373396640779,14
3873389,9.676891816227297,14
3873399,9.76873994118778,10
3873405,9.909930450964955,6
3873413,9.865102116042086,8
3873423,9.80217609693756,10
3873441,9.570547453639481,18
3873451,9.78006608494002,10
3873458,9.865658000527105,7
3873465,9.8627279133975,7
3873471,9.89933979273602,6
3873476,9.925309489346008,5
3873485,9.80968464852931,9
3873494,9.86251047013525,9
3873500,9.897828646260821,6
3873513,9.774464691054279,13
3873520,9.887054063401262,7
3873535,9.468223243608644,15
3873547,9.73834331960554,12
3873554,9.873587256290362,7
3873561,9.876100728705996,7
3873566,9.815170828255631,5
3873567,10.0,1
3873577,9.807867081464702,10
3873587,9.782880574950024,10
3873602,9.661954426508713,15
3873607,9.905189961417994,5
3873608,10.0,1
3873613,9.920611520216031,5
3873619,9.887947310707672,6
3873624,9.912732795815538,5
3873631,9.862071012052466,7
3873644,9.730543199898237,13
3873660,9.427417277519714,16
3873662,9.971104147223102,2
3873667,9.916194735883511,5
3873674,9.881443750556699,7
3873684,9.781820058387716,10
3873692,9.834768154486571,8
3873697,9.907052012052239,5
3873706,9.807429670534077,9
3873707,10.0,1
3873716,9.81754907947248,9
3873726,9.770121603323009,10
3873727,10.0,1
3873729,9.980704726506465,2
3873730,10.0,1
3873736,9.885152457183406,6
3873745,9.824562501462596,9
3873756,9.768095023118967,11
3873757,10.0,1
3873765,9.867761562525352,8
3873773,9.849261816235515,8
3873793,9.59230640236818,20
3873797,9.936419208137002,4
3873801,9.926355928181408,4
3873810,9.85264030323176,9
3873822,9.73452958362806,12
3873830,9.849851317151359,8
3873840,9.797474795289904,10
3873859,9.556416939374303,19
3873869,9.803341126619902,10
3873874,9.915544567862387,5
3873883,9.835529920957214,9
3873892,9.819352596576074,9
3873893,10.0,1
3873907,9.729944858889315,14
3873910,9.948017925210086,3
3873911,9.987979519414587,1
3873923,9.74432105064843,12
3873935,9.758664929183247,12
3873936,9.995796157460541,1
3873942,9.904222734117667,6
3873951,9.8232424568966,9
3873962,9.667492831460052,11
3873966,9.950349756841995,4
3873978,9.734830116022858,12
3873987,9.811166629127312,9
3873994,9.875168341775534,7
3874005,9.77775874436903,11
3874015,9.797882579175909,10
3874030,9.660315605122197,15
3874038,9.827583153652434,8
3874046,9.868870245848232,8
3874058,9.730289573473014,12
3874060,9.96928759563536,2
3874072,9.743693962392278,12
3874081,9.813205386664388,9
3874091,9.808978075403783,10
3874099,9.84520204495835,8
3874113,9.687898754099296,14
3874129,9.627199140075309,16
3874132,9.951187373898223,3
3874137,9.911069139701468,5
3874147,9.790893764826944,10
3874162,9.66216166893091,15
3874175,9.721325467294333,13
3874187,9.740142546189286,12
3874200,9.740313312177744,13
3874206,9.904246177630162,6
3874215,9.793674184679965,9
3874222,9.87923284828797,7
3874230,9.848135345056418,8
3874238,9.752809609348565,8
3874255,9.600274153565223,17
3874256,9.993141023686267,1
3874264,9.833635314310335,8
3874278,9.691852921516258,14
3874286,9.845494124219206,8
3874287,10.0,1
3874292,9.906894721742633,5
3874304,9.734044319244685,12
3874307,9.954556968340434,3
3874315,9.837256091166994,8
3874319,9.93120305979827,4
3874329,9.768524816101685,10
3874341,9.726836711895878,12
3874354,9.505633807046225,13
3874357,9.951093595391376,3
3874367,9.772241713659831,10
3874375,9.839822638715436,8
3874385,9.78609367087539,10
3874399,9.664339401832269,14
3874408,9.839597169003598,9
3874413,9.930807387352104,5
3874420,9.867853110850245,7
3874437,9.698269467684653,17
3874452,9.651767552091023,15
3874463,9.780739730274938,11
3874466,9.960406837011655,3
3874474,9.843851057341187,8
3874488,9.693718789282302,14
3874496,9.872020207768589,8
3874504,9.832229622168061,8
3874512,9.829568789145904,8
3874521,9.593916096403035,9
3874526,9.927387324170413,5
3874544,9.552976559391107,18
3874551,9.856444861718401,7
3874563,9.747659493220358,12
3874568,9.903577710941624,5
3874576,9.859505779553603,8
3874581,9.906076099053172,5
3874587,9.893447438984866,6
3874588,10.0,1
3874595,9.853254409896445,7
3874616,9.539019869757475,21
3874626,9.768918404441434,10
3874643,9.658745154185766,17
3874653,9.773953119616785,10
3874659,9.89149674895795,6
3874673,9.675589627431009,14
3874684,9.771734734036428,11
3874691,9.878751166587223,7
3874707,9.651551071863455,16
3874714,9.892247289979888,7
3874728,9.741161258196128,14
3874734,9.914639747139733,6
3874748,9.715864930305155,14
3874760,9.768817283600384,12
3874770,9.852339828457113,10
3874779,9.81412226994385,9
3874787,9.840866824192451,8
3874788,10.0,1
3874796,9.867515190443026,8
3874802,9.894443943534306,6
3874815,9.734058069574534,13
3874833,9.58554175701253,18
3874842,9.801684791205075,9
3874852,9.779200368047466,10
3874861,9.825977806087918,9
3874872,9.745394472619735,11
3874877,9.929603321743029,5
3874884,9.868110467748744,7
3874892,9.85872143595006,8
3874897,9.912603409274814,5
3874902,9.936314022076418,5
3874909,9.88297749673528,7
3874913,9.942973884275657,4
3874922,9.820704988831663,9
3874940,9.605650904415903,18
3874952,9.5566944641674,12
3874965,9.716541951845768,13
3874967,9.980144094843817,2
3874978,9.787062697365974,11
3874981,9.970426683245389,3
3874982,10.0,1
3874988,9.908759317051244,6
3875001,9.717419827043495,13
3875007,9.887903262255394,6
3875020,9.711733162950962,13
3875029,9.80291635979175,9
3875045,9.615289171854416,16
3875052,9.884585207572409,7
3875066,9.670515470161748,14
3875076,9.787651837044024,10
3875085,9.821089490833751,9
3875090,9.912502028540183,5
3875102,9.741254410432408,12
3875107,9.918928265996168,5
3875119,9.728596936966323,12
3875120,10.0,1
3875127,9.87311950647123,7
3875131,9.938768793386428,4
3875155,9.345794472876106,24
3875169,9.68284425871346,14
3875178,9.784669331261151,9
3875192,9.187098011595134,14
3875201,9.805543318739621,9
3875206,9.926473694728262,5
3875217,9.737141486229651,11
3875227,9.789562669628719,10
3875241,9.682132175764188,14
3875250,9.808090944000336,9
3875264,9.665252687523957,14
3875272,9.833058582443883,8
3875284,9.741717370239112,12
3875291,9.886970861017685,7
3875298,9.861128543217825,7
3875306,9.85470283388143,8
3875315,9.80817800264916,9
3875322,9.886847448272581,7
3875328,9.884800524520651,6
3875355,9.48026150816205,27
3875356,10.0,1
3875357,10.0,1
3875367,9.786099422698054,10
3875378,9.73378264290087,11
3875382,9.943542697066597,4
3875391,9.812630446368855,9
3875397,9.885604051579989,6
3875407,9.767862229782807,10
3875416,9.80217681699547,9
3875429,9.699217945909526,13
3875451,9.465825111128416,22
3875457,9.89215344258902,6
3875470,9.752921682835927,13
3875476,9.893049165881221,6
3875486,9.793346941358708,10
3875499,9.68961855110978,13
3875510,9.741874300672267,11
3875524,9.710999972626562,14
3875533,9.853640780188424,9
3875534,10.0,1
3875550,9.626943719992797,16
3875558,9.834049893225728,8
3875564,9.902280503221247,6
3875572,9.865285715719986,8
3875580,9.846345279797237,8
3875585,9.912833179912063,5
3875586,10.0,1
3875594,9.852891443270083,8
3875601,9.895407416365423,7
3875616,9.686478283347775,15
3875624,9.82396585573102,8
3875637,9.774425076114692,13
3875648,9.774714988627679,11
3875656,9.881215663055002,8
3875675,9.426294373479752,19
3875676,10.0,1
3875683,9.649024158604027,7
3875690,9.888731873645733,7
3875691,10.0,1
3875698,9.886335316545525,7
3875704,9.887267436881405,6
3875714,9.8011834779263,10
3875725,9.788692365784271,11
3875737,9.743834902437674,12
3875750,9.683665614476132,13
3875757,9.884800572398882,7
3875762,9.81433996869206,5
3875771,9.817215381447452,9
3875785,9.742822450673215,14
3875795,9.803054866028255,10
3875799,9.92782607812805,4
3875807,9.847729837801193,8
3875811,9.94025947716188,4
3875822,9.745419505417306,11
3875830,9.834708495929275,8
3875837,9.877637929520946,7
3875843,9.878216104690992,6
3875851,9.865401491185034,8
3875869,9.39004880185185,18
3875871,9.969501545908162,2
3875878,9.869361775706176,7
3875879,10.0,1
3875895,9.659568976669878,16
3875904,9.702096207253843,9
3875913,9.827027053770385,9
3875919,9.906649532960204,6
3875924,9.911120425890589,5
3875933,9.818561174612196,9
3875937,9.925191211270063,4
3875945,9.845026525732763,8
3875955,9.790138616347388,10
3875961,9.888750092694286,6
3875966,9.918192364798658,5
3875988,9.27124420369423,22
3875993,9.91443442310193,5
3876011,8.845980685603248,18
3876020,9.855016021436526,9
3876034,9.696578072860124,14
3876037,9.961097436804291,3
3876045,9.851525451888605,8
3876049,9.933389856479993,4
3876063,9.554004885133237,14
3876071,9.883020741016255,8
3876080,9.803173225101371,9
3876089,9.81721428485477,9
3876096,9.857597659264101,7
3876103,9.846086627112186,7
3876113,9.81819974099553,10
3876114,10.0,1
3876119,9.912550196557087,5
3876128,9.82905566200391,9
3876136,9.852096693985036,8
3876137,10.0,1
3876146,9.52286450106501,9
3876147,10.0,1
3876158,9.753546122884124,11
3876164,9.892500384338994,6
3876165,10.0,1
3876178,9.720610799427538,13
3876189,9.794918616297203,11
3876200,9.759702047603891,11
3876213,9.726141051575826,13
3876225,9.71840275519593,12
3876239,9.674657228440191,14
3876251,9.611718892213498,12
3876255,9.939527239084722,4
3876260,9.920798224725145,5
3876273,9.69469864068312,13
3876285,9.735359369843732,12
3876298,9.616778872399419,13
3876306,9.850880884540993,8
3876315,9.824316703593732,9
3876337,9.562058997935127,22
3876345,9.848218174202817,8
3876352,9.881951110247236,7
3876354,9.972227639202705,2
3876362,9.841003685412302,8
3876363,10.0,1
3876377,9.69929473998988,14
3876382,9.922355367392363,5
3876392,9.781782770973942,10
3876408,9.65075481048369,16
3876421,9.747325885624438,13
3876422,10.0,1
3876429,9.87690249777741,7
3876441,9.747191607508237,12
3876450,9.803426226782609,9
3876454,9.925050015308681,4
3876465,9.739627106545937,11
3876482,9.640915962809517,17
3876511,9.441423567407055,29
3876519,9.851436874368126,8
3876526,9.87725308048357,7
3876527,10.0,1
3876532,9.92344360552033,5
3876543,9.758837624552426,11
3876554,9.798908789221041,11
3876563,9.823363863881301,9
3876582,9.532896949140303,19
3876588,9.886712555067467,6
3876602,9.683520895741546,14
3876609,9.851260947521645,7
3876613,9.943448259782217,4
3876621,9.859301221534672,8
3876627,9.89312610379793,6
3876637,9.791046097611643,10
3876646,9.80351454472701,9
3876647,10.0,1
3876651,9.940279244044024,4
3876662,9.800957508216365,11
3876670,9.836062774336792,8
3876671,10.0,1
3876690,9.631371455504867,19
3876699,9.811385180157679,9
3876705,9.90385273215574,6
3876712,9.86439365489661,7
3876727,9.702793132457533,15
3876731,9.945514646508796,4
3876737,9.899681067012995,6
3876738,10.0,1
3876745,9.895553202748511,7
3876749,9.948137384376297,4
3876764,9.721707365352602,15
3876766,9.979532743948582,2
3876773,9.87998782453847,7
3876782,9.850341868842015,9
3876794,9.736353650911813,12
3876798,9.950170228126252,4
3876800,9.983701283863466,2
3876812,9.728309852861756,12
3876821,9.795832343136155,9
3876832,9.789260791439753,11
3876843,9.797656050793476,11
3876853,9.795076294202996,10
3876858,9.912846564568513,5
3876867,9.826575178262782,9
3876876,9.800532688788008,9
3876884,9.845927679828646,8
3876892,9.83895808692125,8
3876906,9.665682198633009,14
3876923,9.321243879968712,17
3876930,9.889588406254177,7
3876940,9.812252332195818,10
3876941,10.0,1
3876953,9.74353606486084,12
3876966,9.707454840941388,13
3876977,9.774099907246526,11
3876993,9.664818298843496,16
3877002,9.807677450573227,9
3877010,9.853488510860071,8
3877019,9.838222632550568,9
3877026,9.872431801221627,7
3877034,9.83214616550214,8
3877042,9.836448920367303,8
3877051,9.803866447391625,9
3877060,9.845254780998237,9
3877070,9.779421156289018,10
3877079,9.802199052964268,9
3877086,9.879605728868668,7
3877091,9.89693377203378,5
3877093,9.973691169153795,2
3877096,9.953955874451053,3
3877103,9.867029443378579,7
3877114,9.784388475014143,11
3877120,9.885148002960381,6
3877121,10.0,1
3877129,9.845752641736201,8
3877135,9.89144901156838,6
3877141,9.895937369936187,6
3877148,9.851266759982803,7
3877157,9.831026579038124,9
3877165,9.844528976789286,8
3877170,9.9085066958216,5
3877171,10.0,1
3877175,9.939242337530796,4
3877183,9.851448778987862,8
3877193,9.809474440883095,10
3877198,9.920512434110567,5
3877199,10.0,1
3877205,9.892356668518575,6
3877210,9.925370074552955,5
3877223,9.608969840955114,13
3877228,9.923100853925206,5
3877237,9.796168259983508,9
3877252,9.663650116909421,15
3877259,9.86920951922499,7
3877274,9.691407109047356,15
3877286,9.723084160636597,12
3877294,9.848260374058665,8
3877298,9.939062309473513,4
3877302,9.848386671181437,4
3877306,9.920086727928263,4
3877312,9.880913122398102,6
3877322,9.788543542538338,10
3877332,9.698544972139596,10
3877342,9.786546725517423,10
3877346,9.937327050362097,4
3877357,9.747385546384516,11
3877362,9.916776061344533,5
3877368,9.895737346947893,6
3877371,9.957276351160168,3
3877374,9.966104220563174,3
3877389,9.640180568672717,15
3877399,9.817191891700682,10
3877407,9.84127163466806,8
3877418,9.78973498583663,11
3877428,9.748890602071627,10
3877437,9.799328947219646,9
3877444,9.87438741183384,7
3877453,9.823878769498393,9
3877458,9.924285278898083,5
3877467,9.826783363909003,9
3877478,9.577277786096955,11
3877487,9.816430741805856,9
3877498,9.765564006573257,11
3877503,9.921915932989414,5
3877511,9.853997131823226,8
3877515,9.939355471482383,4
3877525,9.783034483324775,10
3877533,9.853760555480187,8
3877544,9.766469495942008,11
3877559,9.530175966291397,15
3877566,9.838038751125278,7
3877567,10.0,1
3877576,9.815615079144766,9
3877588,9.744143546827837,12
3877598,9.795118615264078,10
3877611,9.721359398337304,13
3877615,9.946986516951174,4
3877622,9.878289209738606,7
3877637,9.46384740709399,15
3877639,9.968575713248438,2
3877642,9.960575081084954,3
3877651,9.825095351295529,9
3877652,10.0,1
3877655,9.954962980520275,3
3877668,9.702694054505978,13
3877674,9.8821784268841,6
3877675,10.0,1
3877679,9.941617388899449,4
3877694,9.655275518315557,15
3877704,9.802727045976303,10
3877710,9.891340411181641,6
3877716,9.878883883972007,6
3877722,9.926127474755466,6
3877728,9.905526172897032,6
3877741,9.753991634127846,13
3877755,9.700411950498067,14
3877768,9.701920153300604,13
3877784,9.642275161477516,16
3877790,9.896268894684384,6
3877794,9.925689617372681,4
3877804,9.813858513294788,10
3877809,9.908251137174508,5
3877814,9.898506435459282,5
3877818,9.93511360008658,4
3877831,9.577761321152376,13
3877839,9.852166137584106,8
3877849,9.79500078035613,10
3877871,9.536710098877625,22
3877882,9.758038800251233,11
3877883,10.0,1
3877887,9.939878456430574,4
3877888,10.0,1
3877898,9.779044159972225,10
3877910,9.760169492436237,12
3877924,9.682975760813676,14
3877925,9.987655973227112,1
3877932,9.867911456830189,7
3877937,9.91733510506285,5
3877939,9.983886677473736,2
3877953,9.669403257432666,14
3877960,9.848829858956702,7
3877966,9.88617959856269,6
3877967,10.0,1
3877976,9.823099402717668,9
3877996,9.546433329457008,20
3878006,9.778713167462776,10
3878016,9.808733593262707,10
3878025,9.808098459313237,9
3878031,9.882251434703912,6
3878038,9.86429074110295,7
3878047,9.809261310588806,9
3878048,10.0,1
3878062,9.684904759343512,14
3878072,9.784710426330212,10
3878083,9.758476594037022,11
3878116,9.350072731301632,33
3878121,9.904587627510692,5
3878129,9.849519140647153,8
3878134,9.924345361957077,5
3878136,9.779158148651037,2
3878146,9.80280321712428,10
3878158,9.728044496652512,12
3878175,9.619275125970884,17
3878186,9.777533811397177,11
3878191,9.920724372266612,5
3878198,9.861913444534629,7
3878200,9.98460034039949,2
3878209,9.810103105412301,9
3878214,9.92800623793381,5
3878221,9.886100395245363,7
3878233,9.711696900400046,12
3878242,9.799182300312918,9
3878247,9.931656893674068,5
3878256,9.806766811722742,9
3878257,10.0,1
3878266,9.81771244760132,9
3878267,10.0,1
3878271,9.943423454502375,4
3878282,9.803926319242699,11
3878295,9.699102527724468,13
3878305,9.787626393353476,10
3878314,9.81379184833778,9
3878320,9.889580160176989,6
3878334,9.680214274622386,14
3878338,9.929440720666772,4
3878344,9.883165750036358,6
3878350,9.891981598527675,6
3878371,9.464010554746887,21
3878378,9.874131980356873,7
3878387,9.818717339860635,9
3878394,9.845622509975298,7
3878399,9.899021377613138,5
3878410,9.753431078735883,11
3878419,9.832431783795858,9
3878425,9.882744372420717,6
3878431,9.414643098317171,6
3878438,9.89696601238341,7
3878447,9.81041720698023,9
3878453,9.874812594034443,6
3878456,9.95494730757538,3
3878474,9.591188570921087,18
3878488,9.651276362707016,14
3878492,9.94236828994993,4
3878494,9.974005797656384,2
3878506,9.733456367717526,12
3878513,9.881274296089545,7
3878515,9.976620390108568,2
3878524,9.810492733475403,9
3878532,9.765102683544482,8
3878534,9.974287448435161,2
3878555,9.507129841715427,21
3878564,9.82252959293376,9
3878575,9.7900044005573,11
3878582,9.879314767865978,7
3878587,9.9356535318419,5
3878594,9.660009899236416,7
3878605,9.779287957623383,11
3878608,9.952964921369064,3
3878612,9.94213066153834,4
3878620,9.85028719419131,8
3878628,9.853187905620425,8
3878632,9.938114032048338,4
3878638,9.878888879174589,6
3878643,9.936225111859098,5
3878654,9.798695856035215,11
3878655,10.0,1
3878659,9.93849955174219,4
3878677,9.572766115675192,18
3878679,9.975556503985478,2
3878687,9.828586791708252,8
3878693,9.888177278231025,6
3878705,9.716295048182925,12
3878718,9.694101563518394,13
3878722,9.927018635978394,4
3878726,9.925540131111688,4
3878740,9.649135885888843,14
3878747,9.875020076533742,7
3878760,9.696045579561616,13
3878761,10.0,1
3878770,9.816260540906146,9
3878783,9.695704732186906,13
3878788,9.910706965589938,5
3878797,9.813147974651303,9
3878807,9.791933052492256,10
3878815,9.867429946334335,8
3878819,9.937392133978964,4
3878828,9.817211692694746,9
3878832,9.941924794673762,4
3878847,9.642848723752188,15
3878853,9.901824987029809,6
3878858,9.909777636165295,5
3878866,9.828297409783774,8
3878876,9.688233273620648,10
3878880,9.934297822843554,4
3878885,9.916716382572428,5
3878891,9.883025486000697,6
3878902,9.796574222435337,11
3878903,10.0,1
3878918,9.643293880288919,15
3878928,9.807608921415358,10
3878938,9.774285555327017,10
3878943,9.919877870684832,5
3878946,9.966735789600644,3
3878959,9.718604273747543,13
3878962,9.844557300401712,3
3878965,9.964526011231872,3
3878969,9.930937254415078,4
3878976,9.86861190488952,7
3878982,9.898826545215856,6
3878984,9.979932167303016,2
3878985,10.0,1
3878993,9.86797773270551,8
3879003,9.809776999772856,10
3879011,9.830939226724931,8
3879023,9.736972904531013,12
3879032,9.827067015922653,9
3879037,9.900812531029777,5
3879044,9.897358917502414,7
3879050,9.898405675552777,6
3879055,9.917178784932391,5
3879059,9.93295079853013,4
3879071,9.742225377263358,12
3879081,9.797070009927552,10
3879091,9.777211209160347,10
3879097,9.89357790150483,6
3879105,9.852619910045439,8
3879118,9.7123024801457,13
3879120,9.983343846425239,2
3879125,9.91827294950834,5
3879134,9.817517894492221,9
3879139,9.905214648914642,5
3879147,9.864546342036952,8
3879148,10.0,1
3879153,9.91619499700541,5
3879164,9.76733743806456,11
3879179,9.662837709562075,15
3879197,9.600748573054034,18
3879208,9.630064980413488,11
3879214,9.906389380936414,6
3879222,9.633362254605126,8
3879223,10.0,1
3879228,9.924811900600895,5
3879235,9.870967008802616,7
3879242,9.877685072291886,7
3879248,9.888208831955103,6
3879257,9.821681725643092,9
3879263,9.887383486741612,6
3879264,9.991402826558634,1
3879273,9.806837658049716,9
3879284,9.795258468359087,11
3879292,9.849695384471167,8
3879306,9.652211273038798,14
3879321,9.742758091315338,15
3879331,9.834520245817934,10
3879339,9.836945127013571,8
3879348,9.81653842587332,9
3879365,9.599671865607082,17
3879366,10.0,1
3879374,9.840767925608215,8
3879378,9.93905171538299,4
3879379,9.99186465159293,1
3879384,9.921835212640584,5
3879393,9.8126722195246,9
3879396,9.951639305095135,3
3879403,9.865908887689137,7
3879414,9.756313653292294,11
3879415,10.0,1
3879427,9.73745831413973,12
3879432,9.92533078673032,5
3879444,9.724026202945888,12
3879457,9.722779182872742,13
3879466,9.82969597667566,9
3879488,9.39014826675403,22
3879494,9.88566966540288,6
3879501,9.903910215711617,7
3879502,10.0,1
3879511,9.806639815330808,9
3879521,9.780674817195555,10
3879527,9.911002073453803,6
3879542,9.702283476490331,15
3879548,9.890124065005928,6
3879556,9.837569915901364,8
3879566,9.784437438569928,10
3879576,9.783294680823046,10
3879577,10.0,1
3879583,9.88523929709653,6
3879584,9.996668104095914,1
3879600,9.617619187111806,16
3879609,9.844756324925624,9
3879621,9.738914165996981,12
3879632,9.74149220003408,11
3879635,9.952302632284603,3
3879641,9.89860293908477,6
3879650,9.821385006561899,9
3879657,9.88208370815115,7
3879671,9.685157867936494,14
3879685,9.679173578545868,14
3879694,9.821366440150403,9
3879702,9.845318206766501,8
3879712,9.784546585121525,10
3879721,9.814864908602077,9
3879730,9.817473559448462,9
3879735,9.913527384911546,5
3879750,9.698148160969186,15
3879759,9.840338964735075,9
3879772,9.735514122248686,13
3879778,9.899805739256227,6
3879785,9.881675714479126,7
3879793,9.847848520290126,8
3879802,9.830673600718326,9
3879811,9.624985640068463,9
3879821,9.77541589488197,10
3879822,10.0,1
3879833,9.760856868885847,11
3879843,9.796766013720047,10
3879853,9.814686729442117,10
3879860,9.867812157642392,7
3879869,9.826577681145997,9
3879877,9.846974570765777,8
3879881,9.945765495700439,4
3879886,9.915952570164068,5
3879894,9.840373410668235,8
3879898,9.944279177178982,4
3879903,9.92036959164999,5
3879907,9.946568242940439,4
3879910,9.968193902742803,3
3879919,9.818489398650964,9
3879927,9.875960992568212,8
3879943,9.672626357614568,16
3879954,9.763900785186543,11
3879957,9.95152694138515,3
3879958,9.988256261984946,1
3879968,9.788661155910166,10
3879974,9.901261268223035,6
3879982,9.854476810942042,8
3879991,9.824589583979467,9
3879999,9.839630990241599,8
3880000,10.0,1
3880007,9.87409725947904,7
3880014,9.882335832082537,7
3880024,9.800351960104928,10
3880034,9.801282163239586,10
3880041,9.887024327534423,7
3880056,9.796082075941612,15
3880064,9.868299468370662,8
3880065,10.0,1
3880073,9.833567681814088,8
3880088,9.700234778731293,15
3880094,9.893754431701025,6
3880099,9.909951995965601,5
3880110,9.751061961132688,11
3880111,10.0,1
3880113,9.972775916047599,2
3880117,9.946641843745903,4
3880132,9.682212819827141,15
3880139,9.880224417528927,7
3880144,9.912148047517716,5
3880158,9.696233177759156,14
3880163,9.928893588572201,5
3880172,9.830891263922174,9
3880181,9.804310241701245,9
3880187,9.911332759357748,6
3880194,9.857136229108216,7
3880207,9.741242324453317,13
3880208,9.991970001855316,1
3880226,9.623758437570041,18
3880236,9.802995179489997,10
3880241,9.926176721791686,5
3880247,9.878788849639225,6
3880257,9.767528699082591,10
3880261,9.93338708100702,4
3880265,9.93422471543884,4
3880277,9.790462146994571,12
3880278,9.992564753399456,1
3880287,9.808575267608653,9
3880290,9.95289240362001,3
3880297,9.86214192634597,7
3880309,9.752587293291223,12
3880319,9.804130177609778,10
3880332,9.709532284403277,13
3880337,9.933232927232096,5
3880344,9.87173498550163,7
3880349,9.91015620639199,5
3880353,9.94009526936911,4
3880361,9.844123364232743,8
3880371,9.78174963568072,10
3880382,9.741925638441051,11
3880389,9.889828370188845,7
3880397,9.841466915109342,8
3880398,10.0,1
3880407,9.821376112412768,9
3880417,9.776300241141886,10
3880422,9.929269646072383,5
3880426,9.935418758010702,4
3880442,9.719186188881208,16
3880453,9.767330546334838,11
3880461,9.844546566766216,8
3880468,9.85920759440738,7
3880473,9.91791455546053,5
3880475,9.973217775635565,2
3880485,9.75942155253239,10
3880488,9.94909314057635,3
3880490,9.976142148768133,2
3880495,9.914875963388155,5
3880511,9.658909599694068,16
3880515,9.94898366692636,4
3880527,9.759391973843075,12
3880528,10.0,1
3880544,9.617191891102681,16
3880555,9.793801552610931,11
3880556,10.0,1
3880557,10.0,1
3880565,9.835279294701373,8
3880574,9.816399051842534,9
3880582,9.843265837387992,8
3880591,9.801508130934316,9
3880605,9.694267474713088,14
3880617,9.743740587816921,12
3880630,9.74957585089572,13
3880647,9.593192053389059,17
3880657,9.757509491717927,10
3880664,9.865129596618967,7
3880678,9.6825268339515,14
3880690,9.734097697370775,12
3880691,10.0,1
3880696,9.911115947182877,5
3880719,9.406046401617354,23
3880720,10.0,1
3880721,10.0,1
3880725,9.934771477959142,4
3880733,9.843252271543605,8
3880735,9.972729311153774,2
3880736,10.0,1
3880747,9.763657604339498,11
3880752,9.929586014870367,5
3880753,10.0,1
3880763,9.773552722953285,10
3880775,9.734320134514096,12
3880782,9.855836309705849,7
3880798,9.650188648550305,16
3880816,9.453925191657307,18
3880828,9.72802982948939,12
3880829,10.0,1
3880834,9.910920686864637,5
3880837,9.959811577611609,3
3880851,9.695548010318573,14
3880852,10.0,1
3880861,9.702673268349052,9
3880870,9.794550979701185,9
3880875,9.913748048171739,5
3880878,9.953516119879298,3
3880887,9.831405776436519,9
3880889,9.977968770301748,2
3880897,9.861448498891797,8
3880912,9.691162583708163,15
3880918,9.89240676172549,6
3880923,9.915018817256499,5
3880932,9.82756467126719,9
3880942,9.782347844042754,10
3880944,9.985863837688797,2
3880959,9.656248112941588,15
3880964,9.92159465683502,5
3880976,9.771329198825079,12
3880982,9.891776388318785,6
3880990,9.84512804257612,8
3880998,9.853462063979267,8
3881006,9.837398469583517,8
3881016,9.789603296734038,10
3881027,9.781085077121906,11
3881038,9.753434317745134,11
3881046,9.846027734041286,8
3881058,9.727109452788598,12
3881066,9.840717686906753,8
3881083,9.612560699626515,17
3881089,9.884939064095487,6
3881103,9.707230520016475,14
3881111,9.838956039652835,8
3881120,9.78514056931694,9
3881131,9.553672020987554,11
3881137,9.88959196834839,6
3881138,9.992722339188827,1
3881147,9.818299681456507,9
3881158,9.75129470690639,11
3881166,9.826721527809244,8
3881179,9.734376016482216,13
3881197,9.610887749157593,18
3881205,9.845321278350657,8
3881210,9.905598268413444,5
3881220,9.812359334839945,10
3881227,9.878752855985216,7
3881241,9.701510574082752,14
3881252,9.753600015952037,11
3881260,9.851724974291796,8
3881269,9.793553044840579,9
3881270,10.0,1
3881279,9.818804632413457,9
3881286,9.863847437571307,7
3881292,9.896084522111178,6
3881303,9.754243879063752,11
3881308,9.942789726558582,5
3881317,9.80010714178522,9
3881324,9.88682790729723,7
3881329,9.91113947199567,5
3881347,9.568310126937368,18
3881354,9.873545883971609,7
3881359,9.914170410998281,5
3881369,9.790086736634892,10
3881377,9.857847824041645,8
3881389,9.749732314183628,12
3881393,9.923875461846402,4
3881410,9.62301503505393,17
3881411,10.0,1
3881425,9.671079916888536,14
3881429,9.949123604032012,4
3881438,9.810979256074384,9
3881454,9.674509045824447,16
3881460,9.905202211482884,6
3881476,9.678116820533665,16
3881491,9.64797263155616,15
3881502,9.7640829096474,11
3881503,9.993324676611985,1
3881514,9.757808676492104,11
3881522,9.830832812481642,8
3881523,10.0,1
3881531,9.828587494887472,8
3881541,9.777553494957063,10
3881549,9.853723397584357,8
3881558,9.79198965782735,9
3881561,9.96052579032668,3
3881567,9.893609511066233,6
3881568,10.0,1
3881576,9.829990489316158,8
3881586,9.793612527293828,10
3881591,9.918507304669246,5
3881603,9.754492318066443,12
3881607,9.838688744105017,4
3881621,9.695327886921536,14
3881623,9.975998446133708,2
3881630,9.863603650682025,7
3881631,10.0,1
3881638,9.873111957481008,7
3881646,9.836382448638945,8
3881647,10.0,1
3881662,9.695114101673282,15
3881663,10.0,1
3881670,9.858113988908972,7
3881682,9.770328703545559,12
3881686,9.947435892969194,4
3881704,8.943886327076127,18
3881714,9.827967340146744,10
3881720,9.907904989685768,6
3881730,9.806493607722144,10
3881733,9.968173301132014,3
3881742,9.828758789924581,9
3881750,9.84428093294174,8
3881754,9.947754179851227,4
3881763,9.827070165473557,9
3881765,9.980716155137843,2
3881772,9.872232459339358,7
3881774,9.971562246632816,2
3881778,9.945470206411706,4
3881782,9.94040569031436,4
3881787,9.922958346440494,5
3881799,9.760000593761415,12
3881805,9.88082638017304,6
3881813,9.875214980917981,8
3881819,9.698762044295187,6
3881834,9.636539165684582,15
3881843,9.835128409922657,9
3881844,10.0,1
3881856,9.741857207312767,12
3881858,9.983709668468531,2
3881866,9.823332320133757,8
3881872,9.90190693378072,6
3881889,9.427849283585577,17
3881894,9.922864420748821,5
3881899,9.912336156861116,5
3881900,10.0,1
3881904,9.949382545379867,4
3881909,9.91243947871967,5
3881915,9.892919765633998,6
3881920,9.909688386771432,5
3881925,9.897851618508799,5
3881930,9.9232656974525,5
3881936,9.88927947027588,6
3881939,9.965900780135389,3
3881946,9.881106651141126,7
3881955,9.83614041048671,9
3881961,9.911395295510678,6
3881970,9.832987193104444,9
3881982,9.742302078156621,12
3881988,9.892400967703324,6
3881996,9.831219202730727,8
3881997,10.0,1
3882004,9.88007027454883,7
3882009,9.915825289078535,5
3882016,9.86551502414447,7
3882032,9.638733045198421,16
3882042,9.794372350452354,10
3882043,10.0,1
3882051,9.824244634752649,8
3882055,9.93502428223775,4
3882072,9.595686017606395,17
3882074,9.975284698907073,2
3882082,9.839309277843213,8
3882086,9.937373788037066,4
3882087,10.0,1
3882088,10.0,1
3882105,9.598943596023364,17
3882106,10.0,1
3882112,9.881110144666529,6
3882126,9.709968422964693,14
3882142,9.657014713411519,16
3882151,9.829421673116357,9
3882162,9.796894409881933,11
3882176,9.665158454802171,14
3882181,9.905032517387358,5
3882188,9.863570780210217,7
3882196,9.842374776820966,8
3882202,9.897883024867744,6
3882214,9.555685314028791,12
3882217,9.966395063093733,3
3882224,9.878829494764549,7
3882234,9.784484461764922,10
3882241,9.86328784772731,7
3882252,9.754807895553757,11
3882267,9.587710005775062,15
3882274,9.858443410854917,7
3882283,9.827119817029452,9
3882287,9.936978803048179,4
3882304,9.591736877847838,17
3882314,9.815458475611415,10
3882322,9.84700769715843,8
3882326,9.942096016739502,4
3882327,10.0,1
3882338,9.766932919517062,11
3882350,9.71673943508774,12
3882356,9.885991491793584,6
3882373,9.60386079799393,17
3882385,9.727705374639646,12
3882401,9.70367816496039,16
3882408,9.872680611025253,7
3882423,9.691465349983089,15
3882434,9.795857194433106,11
3882438,9.930993162926018,4
3882439,10.0,1
3882448,9.837962941749506,9
3882455,9.888293203004048,7
3882461,9.898719685347864,6
3882469,9.855292944435684,8
3882470,9.988584821064734,1
3882472,9.983491579419727,2
3882486,9.70178746151704,14
3882500,9.671270296810581,14
3882506,9.877613579212932,6
3882515,9.817813489758302,9
3882523,9.822628902052056,8
3882532,9.804504397834027,9
3882538,9.897864564159221,6
3882546,9.831979000585124,8
3882551,9.923854952910686,5
3882560,9.824716164472148,9
3882561,10.0,1
3882568,9.860499063685205,7
3882575,9.877866330855843,7
3882576,9.992176925803845,1
3882580,9.924725998815786,4
3882583,9.955974511737008,3
3882584,10.0,1
3882590,9.875321519143798,6
3882599,9.828672547079073,9
3882600,10.0,1
3882606,9.900179243962997,6
3882618,9.712253254952063,12
3882626,9.82076602597592,8
3882632,9.88265677136177,6
3882642,9.82411616706143,10
3882652,9.779191899679105,10
3882665,9.74891879515373,13
3882678,9.684208868649819,13
3882680,9.983349629558447,2
3882681,10.0,1
3882694,9.733341104700614,13
3882703,9.807485160778246,9
3882711,9.839502161604951,8
3882721,9.797510617459947,10
3882723,9.983478205770735,2
3882729,9.892717046311574,6
3882735,9.90273083127516,6
3882746,9.787172012452448,11
3882750,9.941151262047665,4
3882757,9.868819757179681,7
3882771,9.704025345609486,14
3882783,9.737898551092368,12
3882790,9.863268574211126,7
3882801,9.782619106224434,11
3882807,9.908935552484277,6
3882817,9.797048522948504,10
3882819,9.977106439660572,2
3882825,9.895704462586524,6
3882837,9.72736478427553,12
3882848,9.76436398933582,11
3882851,9.966487734647368,3
3882863,9.746515595176781,12
3882878,9.667181512624225,15
3882887,9.83790722696574,9
3882905,9.617233215762687,18
3882906,10.0,1
3882916,9.79076012008282,10
3882924,9.832116348583078,8
3882925,10.0,1
3882926,10.0,1
3882934,9.838292000855862,8
3882938,9.949407157978566,4
3882947,9.817563056325577,9
3882954,9.864137596555867,7
3882963,9.803210669833788,9
3882973,9.590412515037913,10
3882984,9.792786986527751,11
3882990,9.899386597194928,6
3883006,9.673842041085202,16
3883014,9.860202821511582,8
3883020,9.920440431610166,6
3883021,10.0,1
3883026,9.924483635925485,5
3883027,9.996832092589557,1
3883039,9.764558745180915,12
3883043,9.952251516590072,4
3883057,9.663933134162978,14
3883069,9.72619171626501,12
3883074,9.917267109565053,5
3883082,9.866691649022208,8
3883095,9.71751264236773,13
3883101,9.69828539332848,6
3883112,9.779526737134013,11
3883121,9.83201271652948,9
3883132,9.779340508400768,11
3883138,9.9059726592757,6
3883139,10.0,1
3883150,9.75665074580317,11
3883160,9.805428303744383,10
3883175,9.746553298682477,15
3883189,9.668418181140737,14
3883201,9.750138511584018,12
3883208,9.892219252215828,7
3883215,9.876719999203571,7
3883219,9.929160253325849,4
3883228,9.817052348577104,9
3883243,9.660483188209929,15
3883244,9.987234874669333,1
3883251,9.8806950612117,7
3883268,9.637006373162707,17
3883280,9.732172396522323,12
3883284,9.941992525519014,4
3883296,9.737202768205758,12
3883303,9.881437167920486,7
3883312,9.804826353895443,9
3883329,9.629060641021848,17
3883342,9.703109754534763,13
3883351,9.823248216371875,9
3883361,9.793464560833446,10
3883376,9.670664486062737,15
3883382,9.903325170997164,6
3883395,9.592686884446875,13
3883396,10.0,1
3883410,9.678986953260145,14
3883421,9.785907324215035,11
3883426,9.918251930145248,5
3883435,9.80142633788873,9
3883447,9.734796792323039,12
3883463,9.655792315160458,16
3883470,9.866315413876324,7
3883482,9.718056106925534,12
3883493,9.774381213174463,11
3883494,10.0,1
3883499,9.92177646165441,5
3883513,9.705181261078206,14
3883519,9.90036953791958,6
3883520,10.0,1
3883528,9.84965648080887,8
3883538,9.787739922336991,10
3883548,9.80861853632628,10
3883559,9.761577434341099,11
3883564,9.915099651041949,5
3883579,9.656625568513856,15
3883584,9.907107122129995,5
3883588,9.932925975918426,4
3883594,9.898563698130708,6
3883607,9.715513032341503,13
3883614,9.864007045545465,7
3883619,9.906051992595879,5
3883620,10.0,1
3883626,9.889931622893652,6
3883627,9.989092677778816,1
3883642,9.709086737986055,15
3883660,9.620207661462905,18
3883661,10.0,1
3883666,9.927227335895374,5
3883678,9.742410769762925,12
3883687,9.811602787046333,9
3883694,9.885630912455818,7
3883698,9.933298556853325,4
3883705,9.873632665480853,7
3883718,9.751545423775159,13
3883725,9.87136108045483,7
3883734,9.819367202465587,9
3883736,9.970915798685336,2
3883740,9.945486113197335,4
3883743,9.960640230584943,3
3883757,9.691805202250048,14
3883778,9.418332876493444,21
3883783,9.92133885506533,5
3883792,9.801594774652335,9
3883801,9.81184298237432,9
3883806,9.91985673272905,5
3883817,9.753745952667634,11
3883822,9.93129381229097,5
3883835,9.73386076445926,13
3883848,9.716578578381517,13
3883849,10.0,1
3883857,9.858924396236633,8
3883863,9.890419187432562,6
3883869,9.8954596138711,6
3883873,9.923232604394139,4
3883877,9.936580319619056,4
3883892,9.65066329745779,15
3883899,9.859082195378367,7
3883915,9.657108172355914,16
3883925,9.77885843600603,10
3883934,9.818886297360562,9
3883941,9.876322698906947,7
3883952,9.752603459494939,11
3883965,9.72365971424644,13
3883974,9.807190122905123,9
3883978,9.936860832032753,4
3883986,9.850625649040392,8
3883995,9.80397335717199,9
3884001,9.915651714430123,6
3884009,9.85691853869399,8
3884014,9.912222417173448,5
3884020,9.886275336343667,6
3884030,9.819697262064945,10
3884036,9.905543976844946,6
3884047,9.777526610394345,11
3884053,9.901723801638203,6
3884060,9.885245061067234,7
3884072,9.770801746712278,12
3884073,9.992306069250077,1
3884090,9.540094905574248,17
3884100,9.775944312586882,10
3884101,10.0,1
3884113,9.733695645704419,12
3884118,9.91797043581018,5
3884120,9.97811834224502,2
3884124,9.943482251458532,4
3884132,9.839954240156997,8
3884141,9.813299325885032,9
3884150,9.84019313194479,9
3884160,9.770893773308067,10
3884166,9.89632993011748,6
3884172,9.892256123697326,6
3884177,9.929391615087724,5
3884185,9.822791489886887,8
3884192,9.874482609106538,7
3884203,9.755321233033667,11
3884213,9.81611797731845,10
3884221,9.856851234139434,8
3884227,9.6997522693836,6
3884233,9.8778101797615,6
3884238,9.900007168680004,5
3884251,9.706334487008222,13
3884261,9.77393276354259,10
3884267,9.879349377238524,6
3884279,9.760272026270277,12
3884286,9.864614605605215,7
3884297,9.726383275204938,11
3884305,9.83550269714162,8
3884320,9.6473280309876,15
3884321,10.0,1
3884333,9.500292457100247,12
3884338,9.917005652597075,5
3884339,9.989762554501736,1
3884357,9.63175548844059,18
3884360,9.962152141312343,3
3884365,9.927385297473476,5
3884370,9.908461075022194,5
3884388,9.606919272755631,18
3884396,9.832715102474214,8
3884407,9.772882845012639,11
3884435,9.458776897363286,28
3884454,9.611952189172767,19
3884467,9.710784563987326,13
3884476,9.828947786795647,9
3884485,9.83571539701993,9
3884497,9.725000727694702,12
3884502,9.936191663936528,5
3884505,9.954170515372876,3
3884510,9.92021990877344,5
3884516,9.876523782588182,6
3884520,9.642481479189582,4
3884526,9.894260770507973,6
3884535,9.812359084155188,9
3884539,9.9401515710447,4
3884547,9.855450899483714,8
3884563,9.649118623900973,16
3884564,10.0,1
3884572,9.830775435626713,8
3884581,9.835795768662424,9
3884591,9.797916955735625,10
3884592,9.990009164002569,1
3884603,9.75612932490669,11
3884606,9.952739959495684,3
3884611,9.903066242914491,5
3884621,9.788529603173474,10
3884625,9.954918008178549,4
3884631,9.887761675613868,6
3884632,10.0,1
3884637,9.917873792206098,5
3884638,10.0,1
3884648,9.78138207128032,10
3884661,9.69629821658242,13
3884668,9.88689186563384,7
3884669,10.0,1
3884685,9.58637420608962,16
3884686,10.0,1
3884704,9.576247497590371,18
3884711,9.869422486341541,7
3884722,9.789798469334213,11
3884729,9.87297197640648,7
3884740,9.755359736521786,11
3884747,9.894195176667168,7
3884754,9.90597628649933,7
3884757,9.952756303590267,3
3884768,9.765283994606193,11
3884777,9.804263509675469,9
3884790,9.57220890005075,13
3884802,9.76259989346134,12
3884810,9.86945129563683,8
3884828,9.587404887200137,18
3884833,9.929664422839213,5
3884848,9.663956657242199,15
3884853,9.919454298038465,5
3884863,9.785502162544459,10
3884873,9.7953170065894,10
3884877,9.946562553209878,4
3884883,9.885486851474093,6
3884889,9.885333476793663,6
3884895,9.895757976308806,6
3884900,9.931941480233071,5
3884910,9.772745121817792,10
3884918,9.844830756717954,8
3884920,9.979325041028721,2
3884926,9.881041105990008,6
3884937,9.761702902110095,11
3884947,9.815801570013203,10
3884959,9.716704152584253,12
3884968,9.827086671033044,9
3884971,9.964901023540925,3
3884981,9.77502621904499,10
3884987,9.90009085703933,6
3884998,9.767877018451317,11
3885000,9.984592798007679,2
3885003,9.963257371988254,3
3885004,10.0,1
3885010,9.878303561495214,6
3885011,10.0,1
3885024,9.748756482266622,13
3885038,9.704205407277176,14
3885048,9.77769650872588,10
3885053,9.911395125543097,5
3885065,9.768451077016996,12
3885066,10.0,1
3885071,9.933244226688982,5
3885083,9.746222778433713,12
3885090,9.877716545437067,7
3885095,9.925372431964258,5
3885112,9.613701457754416,17
3885123,9.755359552001906,11
3885136,9.721084714058907,13
3885137,10.0,1
3885145,9.83537309669589,8
3885152,9.869404418177076,7
3885157,9.906429835021987,5
3885166,9.818446898935301,9
3885173,9.881829815096836,7
3885182,9.811130008351654,9
3885183,9.995918242694051,1
3885193,9.81551132435511,10
3885204,9.791700216266639,11
3885227,9.537176236661182,23
3885239,9.600354888564928,12
3885250,9.768604906132525,11
3885259,9.820505801851604,9
3885268,9.785468261749076,9
3885279,9.779276108227364,11
3885286,9.868496168220677,7
3885297,9.76953437064085,11
3885308,9.775976390126017,11
3885329,9.337656432002248,21
3885335,9.894586425584459,6
3885344,9.830796515107554,9
3885345,10.0,1
3885350,9.924970753679615,5
3885352,9.972786767278617,2
3885367,9.645214783741597,15
3885368,10.0,1
3885376,9.866355805167318,8
3885377,9.992301947449768,1
3885380,9.96451825111095,3
3885384,9.941801342121108,4
3885385,10.0,1
3885388,9.945665355637226,3
3885396,9.858795617345713,8
3885399,9.950567301908272,3
3885401,9.977223987361898,2
3885409,9.856136080730794,8
3885410,10.0,1
3885418,9.83386280677171,8
3885433,9.649775721405511,15
3885437,9.93358065115897,4
3885450,9.707603188825713,13
3885456,9.872652867998232,6
3885468,9.745644143824256,12
3885472,9.937666384267594,4
3885479,9.86094707282554,7
3885490,9.746162913877601,11
3885491,9.992559624878941,1
3885492,10.0,1
3885504,9.7560885318898,12
3885515,9.75607117740955,11
3885530,9.653408527800762,15
3885537,9.871926376477193,7
3885538,10.0,1
3885542,9.94545753487631,4
3885549,9.874278661098536,7
3885570,9.277303767371665,21
3885574,9.919280978841932,4
3885581,9.851386107188208,7
3885588,9.876742630763875,7
3885598,9.819592919974356,10
3885599,10.0,1
3885602,9.96526465959484,3
3885608,9.913118973023225,6
3885611,9.958084228701836,3
3885630,9.54232541747316,19
3885642,9.662329693834574,12
3885652,9.801396445745342,10
3885653,10.0,1
3885660,9.893614852686111,7
3885668,9.83757943946575,8
3885674,9.887404183816924,6
3885683,9.854959752474569,9
3885694,9.679455726189241,11
3885703,9.833134655028836,9
3885708,9.91388909534888,5
3885713,9.917583972874503,5
3885724,9.759778874978593,11
3885725,10.0,1
3885730,9.92908242779327,5
3885737,9.850005126498399,7
3885742,9.920866364175279,5
3885751,9.872893476331775,9
3885760,9.83332117449871,9
3885765,9.90916596511259,5
3885773,9.86904031034958,8
3885776,9.963148793423889,3
3885785,9.820504243174742,9
3885795,9.780492924235649,10
3885803,9.860945100183532,8
3885820,9.67684751397901,17
3885829,9.817124496133406,9
3885838,9.857475081485125,9
3885848,9.809213696607223,10
3885849,10.0,1
3885856,9.875515105271596,7
3885868,9.751109364967045,12
3885877,9.802463723814952,9
3885891,9.693683335615232,14
3885892,10.0,1
3885899,9.88091276580589,7
3885902,9.946475841212576,3
3885917,9.66177642750989,15
3885927,9.769446206737541,10
3885939,9.730044533920477,12
3885942,9.957233987303695,3
3885950,9.863100280656253,8
3885965,9.673938624991123,15
3885972,9.880165860768235,7
3885978,9.887895925753268,6
3885984,9.905916586452978,6
3885985,9.996606906321412,1
3885991,9.917705152598197,6
3886003,9.73455382497128,12
3886008,9.923509825865768,5
3886009,10.0,1
3886022,9.679902205023978,13
3886026,9.925055828972711,4
3886032,9.886389331691873,6
3886039,9.894141603913853,7
3886047,9.842585430195465,8
3886048,10.0,1
3886066,9.589905763530696,18
3886072,9.90943665186284,6
3886086,9.739948936487474,14
3886089,9.968200486406833,3
3886093,9.929686442605021,4
3886103,9.790915304960448,10
3886115,9.607238187967559,12
3886121,9.889919158500176,6
3886134,9.524054815967013,13
3886143,9.815114751926412,9
3886156,9.719127305862967,13
3886164,9.843969656553973,8
3886170,9.898826185708975,6
3886183,9.74545874547766,13
3886194,9.579945428640281,11
3886195,10.0,1
3886204,9.818255842169274,9
3886213,9.814521999400746,9
3886227,9.686820894748214,14
3886239,9.722844434280256,12
3886246,9.866081065404469,7
3886257,9.777588489737532,11
3886258,9.996067844835714,1
3886264,9.895450584471222,6
3886271,9.896637882664855,7
3886277,9.900775856498342,6
3886286,9.829706733481945,9
3886300,9.50824160423274,14
3886307,9.8799490527494,7
3886318,9.776335356543573,11
3886319,10.0,1
3886322,9.959266831539008,3
3886336,9.687560290078594,14
3886349,9.71791198123695,13
3886365,9.624979769646936,16
3886373,9.82705742860868,8
3886385,9.725721651570305,12
3886398,9.554059727962006,13
3886403,9.917915680785462,5
3886409,9.900460993710295,6
3886412,9.958978806157154,3
3886424,9.736910595777928,12
3886431,9.859746012356693,7
3886439,9.843802150129703,8
3886442,9.968259644992893,3
3886447,9.915959582227341,5
3886457,9.802253050599399,10
3886463,9.883839295215271,6
3886471,9.857763976894223,8
3886484,9.732342036024168,13
3886485,9.992612804407614,1
3886490,9.910428957960827,5
3886494,9.939389206638202,4
3886508,9.688213792804476,14
3886509,10.0,1
3886521,9.734674949021178,12
3886536,9.667622571611048,15
3886546,9.812459456088535,10
3886559,9.704148252411452,13
3886576,9.663395780599043,17
3886586,9.778891715135687,10
3886603,9.600940291200468,17
3886612,9.82029513721058,9
3886613,9.99593456296887,1
3886615,9.974561577914272,2
3886631,9.639095024721009,16
3886639,9.828704584673622,8
3886656,9.647736413948481,17
3886667,9.758751525533297,11
3886677,9.818049343806134,10
3886692,9.689660620035543,15
3886701,9.795311430322759,9
3886707,9.890482578828065,6
3886717,9.79818419597671,10
3886718,10.0,1
3886728,9.810606444383051,10
3886731,9.953397345215922,3
3886739,9.868492964788729,8
3886751,9.774523310569013,12
3886752,10.0,1
3886772,9.427286069374114,20
3886782,9.796944875749753,10
3886792,9.793155871860225,10
3886798,9.898150511875652,6
3886813,9.452224971863895,15
3886821,9.8346669610037,8
3886834,9.736877066318876,13
3886843,9.811001897013034,9
3886859,9.707328209115138,16
3886860,9.99250949110712,1
3886864,9.949242582402062,4
3886871,9.57270927841796,7
3886883,9.718824657886572,12
3886891,9.820200122388002,8
3886902,9.755009298135755,11
3886913,9.777690054208396,11
3886917,9.925572247979277,4
3886923,9.910485007696757,6
3886927,9.94856557747938,4
3886939,9.710485469254426,12
3886948,9.813797980190373,9
3886958,9.786853829741734,10
3886962,9.948770636087328,4
3886974,9.738436813075058,12
3886978,9.933626962122771,4
3886983,9.92494696837521,5
3886984,10.0,1
3886987,9.948443739531484,3
3886989,9.970871501719094,2
3886997,9.846310385246243,8
3887005,9.831016565555126,8
3887007,9.971960507939924,2
3887014,9.85823022266739,7
3887020,9.921015825554017,6
3887024,9.947524475372106,4
3887034,9.798583238334736,10
3887045,9.754417881125036,11
3887056,9.748727577446187,11
3887064,9.846430964388672,8
3887074,9.793400304123752,10
3887086,9.760312313491108,12
3887096,9.77865517032439,10
3887105,9.832119390923351,9
3887123,9.58908582871362,18
3887127,9.942533979349482,4
3887135,9.831104701370101,8
3887139,9.944069309066144,4
3887140,10.0,1
3887147,9.870160700674267,7
3887154,9.881528454416054,7
3887159,9.92200088484853,5
3887174,9.669459471016452,15
3887175,10.0,1
3887182,9.889055229869065,7
3887196,9.695038873601696,14
3887218,9.48169992763813,22
3887241,9.564157382418122,23
3887250,9.842935168425074,9
3887251,10.0,1
3887256,9.90440451707224,5
3887262,9.900283943197499,6
3887267,9.917577130610308,5
3887277,9.78436377153181,10
3887292,9.676834760123459,15
3887297,9.92310996948935,5
3887303,9.883997334529198,6
3887310,9.85068609813113,7
3887313,9.968813442591161,3
3887322,9.832864934147882,9
3887328,9.880988403446077,6
3887337,9.807568737687022,9
3887356,9.585276717335287,19
3887357,10.0,1
3887367,9.790586366317072,10
3887371,9.937457325919855,4
3887388,9.657986965152398,17
3887400,9.729021532037667,12
3887406,9.887188592242987,6
3887407,10.0,1
3887418,9.76873610945997,11
3887426,9.862686517235371,8
3887429,9.953348955841426,3
3887439,9.801994742873775,10
3887440,10.0,1
3887448,9.842101886772708,8
3887454,9.866976707023797,6
3887461,9.85877918232901,7
3887470,9.7946296597742,9
3887483,9.71016869383307,13
3887495,9.695771305976612,12
3887499,9.929405030630353,4
3887504,9.708955258612011,5
3887515,9.762196721314126,11
3887527,9.739330672734194,12
3887528,10.0,1
3887539,9.796360484683488,11
3887542,9.966434302180858,3
3887554,9.738032279115059,12
3887569,9.700347571006143,15
3887573,9.946027832531128,4
3887580,9.779152223663054,7
3887588,9.82783649462761,8
3887590,9.976085206607214,2
3887600,9.757936962995073,10
3887606,9.8752751641215,6
3887608,9.970719974778888,2
3887614,9.895415371787383,6
3887625,9.554596003938247,11
3887631,9.877235091241758,6
3887646,9.682538272881066,15
3887647,10.0,1
3887651,9.937315590228458,4
3887652,10.0,1
3887654,9.984360281117093,2
3887662,9.736611801101306,8
3887676,9.672839759023377,14
3887685,9.803287035904981,9
3887697,9.726136317887713,12
3887709,9.749566254884863,12
3887718,9.799188151117052,9
3887729,9.758185440365178,11
3887741,9.714294476274134,12
3887744,9.950390598531985,3
3887756,9.542777521627254,12
3887762,9.90045590435187,6
3887770,9.880825331286099,8
3887776,9.909608044630135,6
3887788,9.736393646671283,12
3887798,9.78505302310331,10
3887804,9.9056087301929,6
3887809,9.933271926880597,5
3887820,9.757123389424926,11
3887826,9.69285424521085,6
3887834,9.864237398558654,8
3887835,10.0,1
3887848,9.722657054915208,13
3887854,9.888624980675575,6
3887866,9.739447343251136,12
3887867,10.0,1
3887884,9.622921581339789,17
3887891,9.861121521172429,7
3887894,9.953848825256268,3
3887909,9.672526584941174,15
3887919,9.791775381050094,10
3887933,9.670371670135463,14
3887937,9.940436042573875,4
3887951,9.67405424824731,14
3887960,9.814118582090469,9
3887966,9.89274385934493,6
3887972,9.897025002319996,6
3887977,9.912958611586918,5
3888014,9.322425479850745,37
3888025,9.74919856984371,11
3888038,9.715460179932505,13
3888048,9.78935634832901,10
3888058,9.78541302651609,10
3888071,9.714003668413044,13
3888075,9.943328599632961,4
3888082,9.884995705892175,7
3888090,9.84456684747575,8
3888100,9.788656123383973,10
3888111,9.759353222656067,11
3888114,9.963515777303591,3
3888127,9.704708398719967,13
3888140,9.715143863245697,13
3888144,9.934001186486702,4
3888154,9.772830162567212,10
3888160,9.895445387568229,6
3888166,9.89210990212518,6
3888176,9.776603330356357,10
3888182,9.892644781744583,6
3888193,9.767096757758047,11
3888201,9.821072271509681,8
3888202,10.0,1
3888211,9.813109894478156,9
3888220,9.843243046856774,9
3888233,9.710823243872362,13
3888247,9.702594165383767,14
3888252,9.914999280499455,5
3888264,9.751483568232365,12
3888280,9.618702105949765,16
3888287,9.868549818087743,7
3888298,9.776453894409686,11
3888307,9.843088062294077,9
3888317,9.778487843789032,10
3888328,9.753156175222964,11
3888333,9.93059667559901,5
3888346,9.7353920557166,13
3888350,9.957468859475608,4
3888356,9.886597793747963,6
3888367,9.767589562586103,11
3888380,9.710197728648453,13
3888388,9.840737362617872,8
3888405,9.581453933950186,17
3888414,9.816372090216976,9
3888422,9.833401318983706,8
3888426,9.948604210289758,4
3888429,9.9559892991658,3
3888436,9.884609782735335,7
3888451,9.642831854564845,15
3888455,9.937845966587298,4
3888465,9.81706653384138,10
3888477,9.719949561274488,12
3888487,9.797240996413969,10
3888497,9.789752594456303,10
3888509,9.756117913839322,12
3888514,9.936807132847491,5
3888517,9.954839322804146,3
3888520,9.95401817763928,3
3888523,9.959730014783856,3
3888531,9.831131758138328,8
3888540,9.864888220296903,9
3888544,9.93852538414346,4
3888553,9.815193445653604,9
3888555,9.972841644106339,2
3888556,10.0,1
3888564,9.842076961215168,8
3888569,9.928219514806786,5
3888575,9.878915133308917,6
3888593,9.591250244968068,18
3888598,9.91329685299952,5
3888615,9.670064166331624,17
3888616,10.0,1
3888620,9.929629987168353,4
3888621,10.0,1
3888635,9.752742917222974,14
3888648,9.763560249434773,13
3888654,9.906860689385963,6
3888665,9.749432838342978,11
3888671,9.884944465385754,6
3888677,9.906439248966397,6
3888681,9.942604870756186,4
3888692,9.753166467380405,11
3888699,9.853411855432443,7
3888700,10.0,1
3888709,9.810981545530701,9
3888710,10.0,1
3888723,9.747543473332875,13
3888734,9.806154882590322,11
3888741,9.880457477595984,7
3888752,9.805610947284835,11
3888764,9.741874034387331,12
3888765,10.0,1
3888774,9.831088326259296,9
3888788,9.716637739935123,14
3888796,9.830719225350386,8
3888799,9.961844143214833,3
3888809,9.767844893813807,10
3888814,9.70814822787473,5
3888827,9.743001541160321,13
3888835,9.880235101936506,8
3888847,9.735730521591265,12
3888854,9.891901746643098,7
3888858,9.938651653268904,4
3888866,9.837641831419642,8
3888870,9.937171021177504,4
3888879,9.798008560318138,9
3888885,9.914481587785913,6
3888886,9.993320214060464,1
3888900,9.695417407998011,14
3888911,9.790924648469645,11
3888912,10.0,1
3888917,9.931341924554927,5
3888921,9.923900463950762,4
3888932,9.790007090709333,11
3888935,9.96494087642621,3
3888942,9.880468066808742,7
3888956,9.750471408015068,14
3888961,9.917059502182099,5
3888969,9.841000558498262,8
3888983,9.666556156799443,14
3888993,9.788261783120342,10
3889004,9.755852650115543,11
3889017,9.722874464692907,13
3889027,9.70054485143072,10
3889032,9.915440042112872,5
3889040,9.854022018471827,8
3889053,9.714024945960913,13
3889057,9.934981127506312,4
3889063,9.885737880762546,6
3889071,9.821900156081911,8
3889075,9.931063629471392,4
3889083,9.843630257730752,8
3889086,9.958349984042007,3
3889100,9.700642196535108,14
3889113,9.691273135659532,13
3889122,9.818092411538318,9
3889134,9.7507463220486,12
3889138,9.942901946377567,4
3889150,9.780947245245615,12
3889159,9.825999531489806,9
3889167,9.833875462905752,8
3889177,9.800378763199053,10
3889182,9.923611010504194,5
3889185,9.969987103176221,3
3889189,9.926502044718289,4
3889191,9.968756712208387,2
3889195,9.934835842926407,4
3889198,9.95783667333058,3
3889212,9.791627027270211,14
3889218,9.891442639679745,6
3889240,9.575465014312718,22
3889243,9.96112357715367,3
3889253,9.76932688700057,10
3889263,9.787210139993293,10
3889271,9.819950388405806,8
3889278,9.844600566789724,7
3889296,9.603411660612789,18
3889421,7.67310408978031,125
3889424,9.953156341212877,3
3889435,9.81263261277268,11
3889439,9.947991664939453,4
3889446,9.872694030448063,7
3889447,10.0,1
3889454,9.85470523885112,7
3889476,9.472291799604033,22
3889487,9.788756918255773,11
3889501,9.661760655091788,14
3889511,9.804172631075131,10
3889519,9.868146931209312,8
3889525,9.896945602208449,6
3889533,9.872591777031957,8
3889538,9.924987712787171,5
3889541,9.96645911350315,3
3889553,9.785879780500677,12
3889564,9.79388576451924,11
3889568,9.943089695151745,4
3889577,9.848297930886478,9
3889593,9.638608385708824,16
3889599,9.887646936231702,6
3889601,9.980517912590477,2
3889613,9.76623704265708,12
3889626,9.735448486625511,13
3889633,9.888213739920733,7
3889643,9.831251722724025,10
3889649,9.895807157668447,6
3889660,9.79865550536203,11
3889668,9.824158568343318,8
3889669,9.99301493765445,1
3889673,9.942771755511258,4
3889686,9.71633634056776,13
3889689,9.949159521607456,3
3889691,9.973292674169326,2
3889694,9.94598385141717,3
3889698,9.946625700716458,4
3889707,9.823733330643806,9
3889720,9.742917762285227,13
3889730,9.799705353995154,10
3889741,9.758758947527085,11
3889747,9.582405522285576,6
3889758,9.782918044055188,11
3889770,9.713374967996556,12
3889781,9.760548657727938,11
3889787,9.87586054480097,6
3889801,9.66121180024174,14
3889812,9.771982850295384,11
3889822,9.702860471650835,10
3889833,9.765819006432496,11
3889834,10.0,1
3889846,9.754256817485553,12
3889855,9.847171490014478,9
3889867,9.72964595427636,12
3889879,9.735013916296987,12
3889883,9.936845984494054,4
3889896,9.712885326666724,13
3889904,9.857729758590978,8
3889912,9.856344657917374,8
3889918,9.89510603617721,6
3889923,9.92339219620111,5
3889935,9.744909306456252,12
3889949,9.709434546865522,14
3889956,9.863025417669322,7
3889962,9.919650104549467,6
3889966,9.948839947540478,4
3889975,9.841741211411573,9
3889981,9.90848392535834,6
3889983,9.972532079063457,2
3890000,9.645552617753447,17
3890008,9.854061944625016,8
3890018,9.828376132378075,10
3890025,9.860124805143402,7
3890027,9.984025879213553,2
3890031,9.924670622417457,4
3890045,9.684946209286549,14
3890056,9.76013913203083,11
3890063,9.8759954674285,7
3890078,9.734703722407357,15
3890084,9.8976993206096,6
3890098,9.685939114026116,14
3890109,9.745194593250329,11
3890117,9.82845137675785,8
3890124,9.85837454759347,7
3890135,9.757098344607083,11
3890142,9.866634920768092,7
3890148,9.880447452076362,6
3890152,9.927878473760751,4
3890162,9.79491128530976,10
3890173,9.760388966284317,11
3890174,10.0,1
3890185,9.749915809244765,11
3890194,9.828795054524603,9
3890208,9.678381436332085,14
3890214,9.89575528187663,6
3890226,9.794684352936228,12
3890240,9.685105164918806,14
3890243,9.954922831196447,3
3890249,9.899404116712073,6
3890250,10.0,1
3890255,9.91660420047219,5
3890261,9.889352794186053,6
3890278,9.609826362826004,17
3890283,9.897958137768997,5
3890293,9.816720134899244,10
3890297,9.929745606052597,4
3890314,9.623573917612918,17
3890323,9.806555131438767,9
3890336,9.695065355270817,13
3890343,9.894943118938684,7
3890347,9.93280955219978,4
3890353,9.878317772651776,6
3890357,9.937859331785571,4
3890360,9.960913020244167,3
3890367,9.845223230612145,7
3890378,9.767847851368526,11
3890393,9.664016937169471,15
3890416,7.1253918859032845,23
3890422,9.912881318253913,6
3890430,9.851358529495029,8
3890436,9.898854308847582,6
3890440,9.937993743436273,4
3890447,9.871610595071761,7
3890451,9.931653520449455,4
3890458,9.870552071045207,7
3890461,9.94904651293932,3
3890469,9.835451137710804,8
3890480,9.745059564523402,11
3890489,9.814439434656192,9
3890502,9.694985482963265,13
3890509,9.882034755099255,7
3890520,9.76501817694826,11
3890530,9.801978937896525,10
3890541,9.747003608817732,11
3890550,9.805590041203374,9
3890559,9.818297095802297,9
3890569,9.802486231997552,10
3890581,9.526405472404184,12
3890599,9.607870828863868,18
3890612,9.714996199865224,13
3890629,9.648439222663832,17
3890635,9.878543597409301,6
3890646,9.74655016864889,11
3890654,9.862739724633055,8
3890660,9.896493336969254,6
3890670,9.81289024048418,10
3890671,10.0,1
3890689,9.061420360029754,18
3890694,9.897061545170333,5
3890702,9.843009355515477,8
3890709,9.858433450483062,7
3890716,9.863098590133626,7
3890737,9.569596704659043,21
3890742,9.905476845305843,5
3890748,9.895158800603745,6
3890753,9.912408105571998,5
3890758,9.927315323250403,5
3890774,9.648037701074438,16
3890786,9.720551054262096,12
3890793,9.88733286828979,7
3890794,10.0,1
3890797,9.962348932282977,3
3890807,9.79743669217261,10
3890814,9.884831696664138,7
3890827,9.705201613122558,13
3890833,9.885726939498468,6
3890834,10.0,1
3890839,9.922922103240007,5
3890847,9.73581535358067,8
3890865,9.551105643187386,18
3890871,9.881588216536088,6
3890872,10.0,1
3890879,9.844425927156033,7
3890886,9.8478848045233,7
3890892,9.891871464929357,6
3890899,9.866431270966338,7
3890903,9.928079211449315,4
3890917,9.69186068853517,14
3890921,9.95578208032227,4
3890935,9.699640207822045,14
3890937,9.981720052976652,2
3890947,9.786028299499158,10
3890956,9.82321914781193,9
3890968,9.792437056550643,12
3890979,9.766816819040123,11
3890991,9.77188233525129,12
3891011,9.373792548539047,20
3891017,9.891577349930973,6
3891022,9.908157205312076,5
3891027,9.911456121808282,5
3891033,9.890860631763445,6
3891036,9.959285961464138,3
3891046,9.798745704124778,10
3891059,9.708119147072281,13
3891070,9.752095600451495,11
3891074,9.923835424842162,4
3891075,10.0,1
3891082,9.868160369438371,7
3891096,9.683951608100065,14
3891105,9.825135529178244,9
3891116,9.795921377369455,11
3891124,9.62417329751754,8
3891131,9.843537564287843,7
3891138,9.886817657400634,7
3891154,9.631428187957178,16
3891162,9.836469247521363,8
3891167,9.902276143344013,5
3891176,9.812521809558698,9
3891194,9.581776064133471,18
3891204,9.765272522700796,10
3891218,9.694574937989714,14
3891225,9.871479308867764,7
3891234,9.814153207841137,9
3891243,9.810150463351128,9
3891251,9.838431311805646,8
3891269,9.580247499744923,18
3891274,9.923575134671962,5
3891286,9.761858892396303,12
3891299,9.718865568692808,13
3891305,9.890218478520033,6
3891311,9.899296317003902,6
3891323,9.542855534000115,12
3891339,9.597250682166912,16
3891340,10.0,1
3891356,9.643471031256183,16
3891367,9.758149984351068,11
3891371,9.955581813667544,4
3891381,9.818710004858213,10
3891382,10.0,1
3891387,9.903741268931938,5
3891406,9.622992868502964,19
3891417,9.784047096106445,11
3891432,9.696887133721495,15
3891443,9.762060263498995,11
3891447,9.928153709976916,4
3891451,9.943591183950414,4
3891458,9.85204364881633,7
3891463,9.90485681399704,5
3891468,9.893954124028873,5
3891473,9.909304767356401,5
3891479,9.903316551972981,6
3891485,9.882614959642291,6
3891496,9.766872184794018,11
3891506,9.76683744401269,10
3891516,9.804680255545884,10
3891527,9.753742792907575,11
3891528,9.996658677714207,1
3891533,9.931416543160864,5
3891545,9.759217759374685,12
3891549,9.938460618504283,4
3891565,9.653105715016562,16
3891572,9.755792919732267,7
3891577,9.927568360453563,5
3891602,7.20793589128913,25
3891618,9.732038523499613,16
3891630,9.445374853115444,12
3891635,9.914272218492544,5
3891646,9.756741307793673,11
3891656,9.803837488675292,10
3891659,9.95170261680694,3
3891672,9.758737829823716,13
3891679,9.846266562497018,7
3891680,9.996282579565275,1
3891694,9.737307764752337,14
3891695,10.0,1
3891703,9.859911373347988,8
3891710,9.868576503669617,7
3891721,9.775954295738993,11
3891732,9.745332793032441,11
3891741,9.818981596337302,9
3891752,9.77030204824751,11
3891756,9.936965703395447,4
3891767,9.7695023732586,11
3891781,9.658296237924453,14
3891788,9.855985719102387,7
3891795,9.889421271752527,7
3891806,9.795417985865855,11
3891818,9.761986719522762,12
3891823,9.913346753272117,5
3891829,9.905860810509955,6
3891846,9.632023114120841,17
3891847,10.0,1
3891851,9.942381305280964,4
3891857,9.896215088810433,6
3891865,9.839108963592215,8
3891874,9.8052588137346,9
3891875,10.0,1
3891885,9.819690019958534,10
3891888,9.954724551641815,3
3891894,9.906326821452469,6
3891903,9.82284408227666,9
3891905,9.979904890477751,2
3891913,9.829739573894695,8
3891925,9.73385951099432,12
3891929,9.942755736473808,4
3891930,10.0,1
3891938,9.858032151985773,8
3891948,9.791687724107048,10
3891957,9.812073708132559,9
3891965,9.854444880786808,8
3891975,9.806312411764415,10
3891983,9.868413991182795,8
3891993,9.802352485127017,10
3892001,9.84787606493554,8
3892008,9.875259532441241,7
3892012,9.956184571806432,4
3892023,9.75452944840654,11
3892035,9.747697281693927,12
3892042,9.88810110284003,7
3892053,9.779915704217458,11
3892058,9.917111550349018,5
3892064,9.89296993971957,6
3892068,9.941506987458675,4
3892074,9.708812824582063,6
3892082,9.834888221011107,8
3892083,9.988688444785199,1
3892089,9.894227597255131,6
3892095,9.486550914006916,6
3892103,9.833980124193678,8
3892110,9.878896014430877,7
3892116,9.902219746068413,6
3892122,9.908246502438457,6
3892132,9.773693380888018,10
3892142,9.781901130156992,10
3892157,9.668750568672035,15
3892167,9.780693252985524,10
3892181,9.664803326619486,14
3892191,9.806487351806826,10
3892201,9.785355412900847,10
3892211,9.792867067554461,10
3892214,9.968687632986258,3
3892220,9.909163294646893,6
3892233,9.724836919015825,13
3892238,9.906974340754335,5
3892241,9.956562441460513,3
3892246,9.9339167437478,5
3892257,9.791536716172184,11
3892266,9.872757818601688,9
3892270,9.944722784876195,4
3892282,9.729095477950816,12
3892294,9.780666659009244,12
3892304,9.788023010818069,10
3892317,9.741655831193567,13
3892323,9.901750770550416,6
3892332,9.814770396637865,9
3892338,9.876119775875905,6
3892343,9.924549171085957,5
3892349,9.908300141180051,6
3892357,9.877363421067464,8
3892369,9.643099362581234,12
3892373,9.946022620101118,4
3892382,9.801181777995508,9
3892394,9.761223429044513,12
3892402,9.862285190377158,8
3892407,9.90818563746511,5
3892423,9.658785541086809,16
3892427,9.933839466957323,4
3892438,9.788943436397554,11
3892455,9.629820339094447,17
3892466,9.751196923001793,11
3892470,9.946447168715105,4
3892478,9.831555237844636,8
3892484,9.899408339933593,6
3892494,9.803171741627976,10
3892505,9.752078175734027,11
3892508,9.967375228684947,3
3892513,9.920996307721191,5
3892526,9.73349703970784,13
3892531,9.83595529871339,5
3892541,9.771900586269199,10
3892551,9.793997136242188,10
3892559,9.834832785922751,8
3892566,9.745862404775178,7
3892569,9.948943767082573,3
3892585,9.647186866593644,16
3892590,9.906932161685573,5
3892599,9.821026625316698,9
3892613,9.662578534156019,14
3892614,10.0,1
3892624,9.802496262436936,10
3892630,9.902341556082758,6
3892640,9.612993530174169,10
3892653,9.722376480892242,13
3892655,9.983828363759697,2
3892658,9.969595225726586,3
3892667,9.83302599808998,9
3892671,9.937921344306972,4
3892677,9.894372723575055,6
3892686,9.81930814138146,9
3892695,9.845825736396197,9
3892704,9.795948297322113,9
3892709,9.901815723487536,5
3892710,10.0,1
3892716,9.887115403948595,6
3892725,9.828832696096104,9
3892735,9.775088954914864,10
3892736,10.0,1
3892745,9.8063956136201,9
3892757,9.739992973477646,12
3892762,9.932107510457897,5
3892769,9.882800587431388,7
3892775,9.88849578023151,6
3892780,9.924463523634953,5
3892786,9.89591497210913,6
3892787,10.0,1
3892793,9.896419273270626,6
3892800,9.882737259471753,7
3892807,9.87207125739064,7
3892810,9.957310077055249,3
3892820,9.76962250062564,10
3892827,9.847775422975223,7
3892838,9.750978990460206,11
3892847,9.809646677883464,9
3892864,9.598396833153442,17
3892871,9.878582658355064,7
3892880,9.82158605620294,9
3892884,9.93952640635977,4
3892887,9.96146586303623,3
3892888,9.993174922483707,1
3892894,9.902548730296258,6
3892905,9.762694361565298,11
3892916,9.575734669549046,11
3892926,9.766872686174805,10
3892934,9.836921129561137,8
3892944,9.773248424671056,10
3892950,9.883071591995554,6
3892962,9.778791129499787,12
3892970,9.863662856956863,8
3892974,9.941772324717812,4
3892985,9.730139917748058,11
3892997,9.729180564511656,12
3893006,9.812724705117265,9
3893018,9.711225001713858,12
3893019,10.0,1
3893027,9.854126843085181,8
3893029,9.971534026720583,2
3893040,9.802448025203645,11
3893049,9.825015132830536,9
3893062,9.739673134925235,13
3893069,9.855403121929312,7
3893074,9.916496579625464,5
3893081,9.861771215233691,7
3893091,9.795714964962338,10
3893094,9.950459986210433,3
3893095,10.0,1
3893140,9.197238171938919,45
3893151,9.747083364424531,11
3893152,10.0,1
3893159,9.862844791537173,7
3893170,9.778280169034984,11
3893179,9.818885702876027,9
3893192,9.69204566194162,13
3893204,9.721084821497636,12
3893205,10.0,1
3893212,9.85651552166907,7
3893217,9.92145517829441,5
3893226,9.818829641048655,9
3893228,9.968775003826925,2
3893242,9.684176518639553,14
3893256,9.684955084318817,14
3893265,9.626725488959597,9
3893278,9.105432795780079,13
3893284,9.908828548468563,6
3893291,9.875070225721748,7
3893301,9.802869003268624,10
3893312,9.768535992441702,11
3893313,10.0,1
3893327,9.695971482544293,14
3893333,9.89111903862753,6
3893334,10.0,1
3893346,9.736935980190067,12
3893358,9.716467701365108,12
3893364,9.896358680942779,6
3893372,9.865110427594766,8
3893383,9.775552273127175,11
3893390,9.882944422187,7
3893399,9.81821424630821,9
3893410,9.747512449401217,11
3893415,9.917691952480736,5
3893434,9.540461995134546,19
3893443,9.822857604621934,9
3893449,9.90702154735982,6
3893459,9.805069713026672,10
3893467,9.828128649485352,8
3893469,9.97429999091552,2
3893478,9.812397415254132,9
3893487,9.827481787666187,9
3893502,9.715864447810254,15
3893509,9.881691671717697,7
3893520,9.757837444828724,11
3893536,9.724670542115925,16
3893549,9.704262049825902,13
3893559,9.787618010107664,10
3893566,9.880935960116984,7
3893571,9.911735337727235,5
3893573,9.970536643537974,2
3893576,9.956924876169182,3
3893589,9.745700075264413,13
3893596,9.897965484606233,7
3893607,9.803529842786055,11
3893616,9.815145848954288,9
3893622,9.905150988911394,6
3893626,9.924345386255894,4
3893635,9.832399769046617,9
3893643,9.870806912641697,8
3893651,9.851759266862228,8
3893654,9.95275406090394,3
3893655,9.99194191864996,1
3893665,9.79583489303294,10
3893667,9.975121457024406,2
3893671,9.947501044180886,4
3893676,9.90467023326269,5
3893680,9.93416822406335,4
3893691,9.740824476121944,11
3893694,9.955258373752816,3
3893702,9.834543453351582,8
3893712,9.785406112630211,10
3893731,9.587357367279209,19
3893744,9.789670691122199,13
3893758,9.633663166021332,14
3893769,9.795698318906007,11
3893770,9.996606231104188,1
3893775,9.928774900445772,5
3893792,8.730180038500666,17
3893801,9.825290472833814,9
3893808,9.863441383197646,7
3893813,9.907993363896772,5
3893820,9.8668187828959,7
3893835,9.637414629651214,15
3893850,9.66931892625468,15
3893858,9.852003057515073,8
3893875,9.070971467046952,17
3893882,9.864883479296877,7
3893888,9.882540908108872,6
3893893,9.919380446200623,5
3893901,9.826130357359999,8
3893913,9.740736693015918,12
3893923,9.801522765393138,10
3893935,9.744389858392122,12
3893943,9.86417035327861,8
3893961,9.536364261210586,18
3893974,9.72858439327234,13
3893980,9.87589791596489,6
3893983,9.945597084292471,3
3893993,9.810745661133835,10
3894001,9.841565346862103,8
3894009,9.838718305037691,8
3894021,9.736799785444884,12
3894023,9.981641772765242,2
3894040,9.645335149761598,17
3894048,9.868743229989935,8
3894053,9.91675955580266,5
3894059,9.90952438482872,6
3894071,9.756085381388063,12
3894084,9.71499790855289,13
3894099,9.68124220115335,15
3894108,9.795534534963744,9
3894120,9.751586885734758,12
3894124,9.948539180279766,4
3894135,9.734499277151455,11
3894139,9.930704331929835,4
3894150,9.77704043324023,11
3894156,9.906685413114268,6
3894163,9.85635341283703,7
3894169,9.901954562064592,6
3894174,9.893211188099507,5
3894273,7.916338363952429,99
3894285,9.549557464957216,12
3894296,9.76330299862426,11
3894299,9.948688263126376,3
3894304,9.914503708418968,5
3894316,9.72206107532443,12
3894317,10.0,1
3894325,9.839017147175852,8
3894332,9.863915821990776,7
3894336,9.930642035784995,4
3894338,9.975351488090137,2
3894347,9.806193082573564,9
3894357,9.779435222083693,10
3894369,9.715745464746115,12
3894379,9.790164376588951,10
3894384,9.92529833790649,5
3894385,10.0,1
3894386,10.0,1
3894395,9.8359552377881,9
3894403,9.843087366633338,8
3894404,10.0,1
3894409,9.909620495037894,5
3894420,9.751776631821233,11
3894426,9.890531610324276,6
3894433,9.869848808943377,7
3894439,9.897544903376549,6
3894443,9.93813312230641,4
3894451,9.841473051748174,8
3894458,9.865601847499443,7
3894468,9.783808878766221,10
3894482,9.739183272974953,14
3894489,9.876769219734483,7
3894494,9.920987349435508,5
3894504,9.810817475000851,10
3894505,10.0,1
3894511,9.878868002666456,6
3894515,9.95187471012037,4
3894516,9.996470675416653,1
3894536,9.510075723202075,20
3894545,9.830972242705094,9
3894559,9.700033070292685,14
3894565,9.901750981589794,6
3894567,9.969534600669773,2
3894568,9.99241875506234,1
3894576,9.825356819374488,8
3894585,9.812826374618433,9
3894591,9.892502731206813,6
3894596,9.93718897872785,5
3894604,9.839512172242857,8
3894617,9.73983394165593,13
3894629,9.726638894488387,12
3894639,9.79872411301918,10
3894644,9.919823614784566,5
3894655,9.7496687365936,11
3894671,9.600405014416847,16
3894683,9.743216386134133,12
3894692,9.843030451926497,9
3894702,9.80625040436865,10
3894708,9.882165172939306,6
3894715,9.759151128497795,7
3894723,9.851414595638824,8
3894732,9.620992874777858,9
3894738,9.883764733058914,6
3894743,9.919483907620197,5
3894753,9.81408655712279,10
3894759,9.892800301688009,6
3894768,9.836449884635567,9
3894770,9.980130746217437,2
3894781,9.759879273010785,11
3894788,9.876686904638326,7
3894796,9.856791735908379,8
3894806,9.802226006293955,10
3894831,9.422706809521525,25
3894838,9.88853637253791,7
3894839,10.0,1
3894840,10.0,1
3894849,9.83112382569105,9
3894860,9.766737808496915,11
3894867,9.869363124945288,7
3894877,9.800722850277802,10
3894888,9.787002154860257,11
3894889,10.0,1
3894894,9.900556308820027,5
3894903,9.822350127691559,9
3894904,10.0,1
3894910,9.893208853945161,6
3894918,9.841203068598904,8
3894926,9.642657814011017,8
3894934,9.846422744897012,8
3894937,9.954467994316703,3
3894951,9.662462187161234,14
3894958,9.87163458765204,7
3894971,9.702085380022467,13
3894980,9.82444119397771,9
3894986,9.900205306034122,6
3895000,9.725156507351576,14
3895007,9.849441261551819,7
3895024,9.425629870235685,17
3895030,9.875805519215293,6
3895045,9.648278832214446,15
3895051,9.88335007716508,6
3895054,9.962804563003269,3
3895062,9.863120949250819,8
3895077,9.666592183715249,15
3895108,2.317159538199209,31
3895119,9.758883046370334,11
3895122,9.945793708216222,3
3895129,9.873689895244931,7
3895138,9.82684827953418,9
3895154,9.085625112286461,16
3895155,10.0,1
3895165,9.792446860375659,10
3895174,9.809519036844264,9
3895181,9.86185442995234,7
3895184,9.966983968499248,3
3895192,9.858772610862125,8
3895203,9.763039975715676,11
3895208,9.91440031197744,5
3895212,9.939241362886094,4
3895218,9.687693548395565,6
3895220,9.97127876304989,2
3895230,9.791991974249559,10
3895242,9.738373562059808,12
3895255,9.724036323851365,13
3895267,9.744289004525434,12
3895268,10.0,1
3895271,9.96678916197303,3
3895279,9.848889527622854,8
3895287,9.85018857132644,8
3895301,9.547283620348189,14
3895302,9.9964412503595,1
3895303,9.99577073847118,1
3895307,9.93816563115677,4
3895317,9.794812994313835,10
3895318,10.0,1
3895328,9.816362017377433,10
3895336,9.832750369791375,8
3895341,9.912845549913209,5
3895352,9.760002653284404,11
3895360,9.852778212661171,8
3895371,9.55374453654932,11
3895380,9.805439483538619,9
3895385,9.92635857354454,5
3895392,9.852285621692502,7
3895397,9.919013779407159,5
3895410,9.740718327187766,13
3895423,9.736778662306214,13
3895425,9.981439558972905,2
3895434,9.814026268070618,9
3895442,9.826483036440857,8
3895449,9.856220353111928,7
3895459,9.827243054879222,10
3895468,9.804481659270218,9
3895477,9.809585601995103,9
3895482,9.927266774073775,5
3895491,9.802118869430792,9
3895495,9.94439247393671,4
3895505,9.794489180623776,10
3895511,9.886205474993485,6
3895519,9.85007474933092,8
3895522,9.957649336337449,3
3895530,9.855997494068232,8
3895538,9.824719499741414,8
3895539,10.0,1
3895550,9.758291199060208,11
3895554,9.936227163154797,4
3895557,9.961966688144264,3
3895567,9.770194558618561,10
3895578,9.667013987761532,11
3895590,9.712338397892944,12
3895592,9.970835711608586,2
3895600,9.845521607835611,8
3895603,9.953285399368205,3
3895611,9.83256772671204,8
3895616,9.92380742927108,5
3895623,9.870772319763324,7
3895638,9.653616595748767,15
3895646,9.673308683720519,8
3895659,9.690593751833333,13
3895667,9.820864017321806,8
3895673,9.920407837051952,6
3895685,9.745374897875646,12
3895698,9.716870542607031,13
3895715,9.689723202005935,17
3895724,9.816477264242447,9
3895731,9.856973486595264,7
3895736,9.938441972508672,5
3895743,9.889582055627667,7
3895761,9.565798009205748,18
3895777,9.612941988304929,16
3895783,9.882061856375675,6
3895793,9.77459954924476,10
3895799,9.905237392056,6
3895802,9.961096106497017,3
3895803,10.0,1
3895814,9.790499625227813,11
3895821,9.882198787582698,7
3895833,9.753555546073681,12
3895837,9.954555464154843,4
3895846,9.795997482480084,9
3895861,9.555221549072128,15
3895865,9.930240984624053,4
3895877,9.518290864696473,12
3895878,10.0,1
3895886,9.843024832512574,8
3895896,9.785357766402269,10
3895905,9.83621589863671,9
3895906,10.0,1
3895907,10.0,1
3895912,9.908958367464107,5
3895920,9.84884314964456,8
3895925,9.929787423525356,5
3895926,10.0,1
3895938,9.654691100330497,12
3895939,10.0,1
3895951,9.736269294548825,12
3895961,9.807984191593064,10
3895972,9.763036832054807,11
3895975,9.955602704039059,3
3895984,9.791790544238363,9
3895991,9.85794496618883,7
3895996,9.610917589119241,5
3896001,9.917632741864393,5
3896015,9.680905621278468,14
3896026,9.565201608620493,11
3896032,9.893375531433309,6
3896041,9.815901198574426,9
3896054,9.756646533565574,13
3896060,9.89156833780987,6
3896073,9.25836110584065,13
3896074,10.0,1
3896085,9.811518793125817,11
3896089,9.94332369245187,4
3896093,9.935558594958348,4
3896103,9.77456577072497,10
3896111,9.850847855359648,8
3896119,9.85706087888517,8
3896120,10.0,1
3896121,10.0,1
3896145,9.43865057306862,24
3896150,9.92541328049652,5
3896161,9.753200056787858,11
3896172,9.759146892849513,11
3896181,9.824977968896263,9
3896194,9.73466775610874,13
3896207,9.754398546657972,13
3896218,9.65261210991131,11
3896228,9.79670580960297,10
3896234,9.881195140738694,6
3896238,9.944241001452157,4
3896249,9.805765253104697,11
3896258,9.814793541280581,9
3896264,9.885346851211631,6
3896273,9.81525595476323,9
3896286,9.727584599238533,13
3896290,9.932374303289702,4
3896296,9.788951351655358,6
3896297,10.0,1
3896308,9.772307081018349,11
3896315,9.864886128614515,7
3896317,9.97369664103594,2
3896325,9.831919991282785,8
3896334,9.84739797285437,9
3896340,9.905572167359264,6
3896351,9.75256929220469,11
3896361,9.815455463035981,10
3896371,9.811380098859885,10
3896375,9.93877771723462,4
3896393,9.596563236172571,18
3896401,9.835575575104016,8
3896410,9.81288483097712,9
3896416,9.884506869090094,6
3896436,9.587119602921018,20
3896443,9.878452990098282,7
3896450,9.870015933368533,7
3896464,9.702327243045723,14
3896474,9.83774859472125,10
3896475,10.0,1
3896482,9.855899923667383,7
3896483,10.0,1
3896497,9.65177869492838,14
3896509,9.732721689724013,12
3896513,9.943500035664194,4
3896526,9.729281779996214,13
3896534,9.872734912505846,8
3896540,9.911573967300649,6
3896551,9.753213499910116,11
3896562,9.746055450887797,11
3896570,9.852190447040522,8
3896573,9.957835827248275,3
3896578,9.79538808184039,5
3896586,9.858106644297322,8
3896587,10.0,1
3896593,9.882545697310919,6
3896602,9.82212211325139,9
3896609,9.874109415461056,7
3896612,9.956204519311566,3
3896616,9.925125865621991,4
3896619,9.967099987909096,3
3896623,9.935274345544494,4
3896633,9.808738834821941,10
3896639,9.890091445068336,6
3896645,9.890121026585687,6
3896646,10.0,1
3896656,9.672742506707868,10
3896662,9.888754552943409,6
3896663,10.0,1
3896677,9.804659473193254,14
3896689,9.764162673131056,12
3896701,9.72362769698287,12
3896709,9.849203147659503,8
3896716,9.860530741712859,7
3896724,9.850498189058005,8
3896725,10.0,1
3896738,9.704021680312238,13
3896749,9.764310458101418,11
3896753,9.948419713953408,4
3896765,9.733362459141524,12
3896778,9.597487486656377,13
3896790,9.730651572011634,12
3896799,9.811731669621478,9
3896805,9.90267814269484,6
3896816,9.752830959543752,11
3896817,10.0,1
3896820,9.948055566900985,3
3896835,9.460938341287383,15
3896838,9.960209028382943,3
3896839,10.0,1
3896841,9.972285176417607,2
3896863,9.436402517073867,22
3896871,9.857652147477564,8
3896877,9.899968884051836,6
3896880,9.946030210449333,3
3896892,9.729269063695007,12
3896900,9.828372968293301,8
3896901,9.99154807095674,1
3896916,9.713246119969499,15
3896924,9.45967958447527,8
3896938,9.663658061088764,14
3896949,9.773015358575611,11
3896956,9.868442216294692,7
3896966,9.798960493368313,10
3896973,9.864144369209596,7
3896975,9.97479467333211,2
3896985,9.795060853088724,10
3896992,9.876271024623328,7
3896996,9.931637496412668,4
3897007,9.795686709286034,11
3897021,9.681737684576438,14
3897032,9.77545799573571,11
3897044,9.769167943459847,12
3897052,9.845711590981782,8
3897053,10.0,1
3897064,9.758980750174798,11
3897068,9.942755504171442,4
3897075,9.881447205029142,7
3897076,9.989895054637104,1
3897091,9.649280620560843,15
3897104,9.720648369037791,13
3897112,9.839649677498791,8
3897126,9.695389470800766,14
3897134,9.841848815978913,8
3897144,9.821650402541666,10
3897160,9.691327198499778,16
3897168,9.874126505608567,8
3897179,9.569864026433828,11
3897180,10.0,1
3897189,9.804196023578701,9
3897190,9.988751358562737,1
3897208,9.571546563016328,18
3897218,9.789436130924006,10
3897225,9.862999590663792,7
3897226,10.0,1
3897237,9.75681167810437,11
3897241,9.93828978243318,4
3897257,9.67058568334263,16
3897264,9.878052766628748,7
3897267,9.955739428717903,3
3897268,10.0,1
3897282,9.713395046150083,14
3897288,9.877180003062449,6
3897289,10.0,1
3897292,9.94890352284256,3
3897301,9.817215266196133,9
3897302,10.0,1
3897315,9.730990754474712,13
3897322,9.860011266526678,7
3897330,9.893805965598203,8
3897340,9.78419321969983,10
3897351,9.675838623361743,11
3897352,10.0,1
3897360,9.837416770955029,8
3897363,9.95965652935902,3
3897370,9.87197821506457,7
3897384,9.71198576885767,14
3897385,9.996571828700795,1
3897387,9.970775203546777,2
3897396,9.830796737397256,9
3897403,9.87248352281194,7
3897412,9.839945202357692,9
3897414,9.977972284880664,2
3897423,9.811131888544823,9
3897426,9.96496843471905,3
3897437,9.748850549042047,11
3897443,9.894985171670202,6
3897458,9.663703609869584,15
3897463,9.902212614811107,5
3897478,9.661563749566305,15
3897483,9.902784256684894,5
3897496,9.702161568350087,13
3897507,9.774713021031271,11
3897518,9.770016345907251,11
3897529,9.806201381400973,11
3897533,9.937039846151368,4
3897539,9.88965703095143,6
3897544,9.928211860829633,5
3897548,9.92765730786851,4
3897549,10.0,1
3897556,9.889199077035766,7
3897567,9.804267355006868,11
3897575,9.852396313674495,8
3897581,9.890090562053588,6
3897589,9.835868038131581,8
3897594,9.922561833465087,5
3897602,9.830138317036006,8
3897609,9.880025081854773,7
3897618,9.821073023137963,9
3897628,9.783709467258337,10
3897636,9.86065713107026,8
3897642,9.878345638000582,6
3897654,9.766354649377652,12
3897668,9.674765674195918,14
3897669,10.0,1
3897682,9.716174712891766,13
3897692,9.787721084830372,10
3897698,9.887360401388511,6
3897704,9.913213391479712,6
3897714,9.80196918863623,10
3897726,9.755273073564071,12
3897740,9.668175997179278,14
3897751,9.768923117464821,11
3897761,9.788383636982745,10
3897763,9.968844452814588,2
3897778,9.65224204614168,15
3897788,9.806303905347804,10
3897801,9.725998978055664,13
3897805,9.933008722737851,4
3897810,9.928440628218581,5
3897816,9.886583942112406,6
3897827,9.733086914378152,11
3897829,9.984399756050465,2
3897841,9.729290409526124,12
3897848,9.883039964446535,7
3897852,9.948029168078946,4
3897866,9.730661764403218,14
3897878,9.73649415522073,12
3897885,9.844750767592746,7
3897886,10.0,1
3897896,9.79201576913754,10
3897905,9.820126445990898,9
3897917,9.742978456246417,12
3897921,9.949135090983443,4
3897926,9.909239873930739,5
3897934,9.834027458544007,8
3897941,9.875851719100487,7
3897942,9.995959489376444,1
3897949,9.857332547609458,7
3897959,9.784272052558567,10
3897968,9.820018886892633,9
3897972,9.947944134071756,4
3897986,9.673670487449312,14
3898001,9.69080250579444,15
3898006,9.916228477556704,5
3898015,9.826877243687814,9
3898030,9.637947106883407,15
3898038,9.837365446962556,8
3898044,9.888279192217489,6
3898048,9.931613843273748,4
3898057,9.818948017989932,9
3898058,9.996615347788136,1
3898064,9.898745896993336,6
3898071,9.854336747522506,7
3898076,9.93034601933047,5
3898077,10.0,1
3898081,9.93709545678559,4
3898086,9.910058300107943,5
3898099,9.699432261274113,13
3898110,9.770546930755978,11
3898116,9.889078104456749,6
3898123,9.844501089407416,7
3898128,9.926313173623486,5
3898129,10.0,1
3898135,9.88694133629128,6
3898136,10.0,1
3898137,9.987757013785936,1
3898149,9.75632742698422,12
3898158,9.791054563293066,9
3898166,9.853498305458325,8
3898175,9.82842329005593,9
3898180,9.925323001424067,5
3898186,9.877329263212882,6
3898195,9.82475835657651,9
3898202,9.883612137355632,7
3898208,9.891025662117766,6
3898209,10.0,1
3898214,9.936763588198327,5
3898218,9.823284944014882,4
3898225,9.847676289565369,7
3898233,9.841967775974826,8
3898236,9.94969328565614,3
3898246,9.785525722552288,10
3898260,9.688227213962035,14
3898267,9.855253745951387,7
3898271,9.93255044567959,4
3898283,9.733318725663015,12
3898298,9.658397865577973,15
3898308,9.765123227189829,10
3898315,9.85474014878517,7
3898316,10.0,1
3898321,9.913994656196378,5
3898327,9.892574565674392,6
3898328,10.0,1
3898335,9.888635139878465,7
3898351,9.64248271234577,16
3898366,9.660235685036197,15
3898378,9.719072163154987,12
3898382,9.933113478557644,4
3898395,9.711186077562134,13
3898404,9.809459193457984,9
3898415,9.7667857394379,11
3898426,9.746070351492094,11
3898430,9.93919033727848,4
3898436,9.88676436761906,6
3898440,9.959231470128014,4
3898452,9.761465298129208,12
3898453,10.0,1
3898464,9.759729396806955,11
3898477,9.715909573961873,13
3898483,9.877564339006241,6
3898493,9.81422490082753,10
3898499,9.90386328185699,6
3898505,9.890957455317752,6
3898517,9.760585558497992,12
3898525,9.845017512034682,8
3898542,9.57352859581784,17
3898554,9.77641087792721,12
3898559,9.916640188735343,5
3898564,9.909444859604832,5
3898570,9.888801615316781,6
3898579,9.83502158411161,9
3898588,9.805626260561045,9
3898597,9.806334047627312,9
3898598,10.0,1
3898609,9.751194144861907,11
3898619,9.782702748853398,10
3898629,9.782646053348621,10
3898636,9.878655236380071,7
3898649,9.705645704301217,13
3898654,9.916434497794851,5
3898664,9.805385059901191,10
3898678,9.671596384017136,14
3898688,9.77807744962963,10
3898689,10.0,1
3898695,9.868093779838503,6
3898696,9.99221260732291,1
3898707,9.768705678129898,11
3898719,9.74328146989709,12
3898729,9.812632873994337,10
3898731,9.98357909682881,2
3898736,9.90574942447794,5
3898741,9.911332900872553,5
3898758,9.582323983045043,17
3898770,9.735632115270542,12
3898779,9.843885690950003,9
3898785,9.891059996087709,6
3898789,9.932455604425117,4
3898793,9.93796821451323,4
3898799,9.90018763593496,6
3898809,9.780981538699887,10
3898815,9.873795488510106,6
3898827,9.612940246506913,12
3898842,9.67790414866753,15
3898850,9.821750261944635,8
3898851,10.0,1
3898856,9.895734256878246,5
3898863,9.850626539932357,7
3898878,9.684994901136516,15
3898892,9.658788538276175,14
3898902,9.773789587731315,10
3898913,9.762359144387807,11
3898916,9.969391005765633,3
3898917,10.0,1
3898923,9.891707095450528,6
3898936,9.710856155034461,13
3898947,9.74464498748702,11
3898959,9.734593304473314,12
3898969,9.801067343742915,10
3898971,9.969589025026941,2
3898980,9.8201326377862,9
3898985,9.919696879731676,5
3898998,9.69737024558038,13
3899011,9.548385685378875,13
3899021,9.771655700223514,10
3899029,9.844384868400388,8
3899035,9.910100061798099,6
3899042,9.854784720625656,7
3899048,9.892656904758013,6
3899050,9.966875863422679,2
3899051,10.0,1
3899060,9.822215598922865,9
3899068,9.843167120279759,8
3899074,9.883021329682862,6
3899082,9.872919325360819,8
3899088,9.914943346899214,6
3899094,9.89603222026214,6
3899095,10.0,1
3899108,9.700222804429332,13
3899112,9.736864793269959,4
3899123,9.757827931892786,11
3899124,10.0,1
3899132,9.847643990881956,8
3899141,9.829246737606942,9
3899155,9.689243788429268,14
3899163,9.840981739967997,8
3899177,9.664726067916456,14
3899184,9.88406717358203,7
3899189,9.915722558653796,5
3899198,9.8034575612157,9
3899208,9.818587412727993,10
3899220,9.743581998927235,12
3899222,9.970848001576387,2
3899231,9.823694554328398,9
3899241,9.814793804320244,10
3899250,9.836487689582432,9
3899259,9.818515263212623,9
3899260,10.0,1
3899270,9.847048265329422,10
3899280,9.802759427204887,10
3899281,10.0,1
3899282,10.0,1
3899289,9.880739847047876,7
3899295,9.88851229910601,6
3899296,9.996235351356228,1
3899303,9.86649123695452,7
3899310,9.892560722530712,7
3899311,10.0,1
3899317,9.898181977045244,6
3899321,9.928015886610398,4
3899329,9.855116733215855,8
3899335,9.890274923203812,6
3899344,9.789603827132273,9
3899356,9.744169977078199,12
3899363,9.870012030050201,7
3899367,9.939652747397655,4
3899368,9.99672392699941,1
3899372,9.93401822824703,4
3899373,10.0,1
3899388,9.7031081241424,15
3899399,9.75649623224797,11
3899416,9.625871719969156,17
3899423,9.65933488350388,7
3899427,9.95420091049813,4
3899440,9.719640854305647,13
3899455,9.693864927427567,15
3899456,10.0,1
3899462,9.903507268860618,6
3899463,10.0,1
3899475,9.715816181810164,12
3899478,9.957906808014842,3
3899485,9.858031755039466,7
3899494,9.828237905745079,9
3899504,9.805850801486436,10
3899512,9.845994458106116,8
3899527,9.687715680119368,15
3899539,9.740371142328094,12
3899546,9.859851999611113,7
3899547,10.0,1
3899555,9.826581957483196,8
3899556,10.0,1
3899567,9.571212080268833,11
3899570,9.955243228083347,3
3899573,9.954417380614897,3
3899579,9.904451838719444,6
3899580,10.0,1
3899589,9.831568274746814,9
3899596,9.880051812003426,7
3899606,9.781437613068602,10
3899617,9.77484696532588,11
3899618,10.0,1
3899631,9.745303254057653,13
3899634,9.95035530856236,3
3899639,9.904730682625946,5
3899647,9.844859137303747,8
3899662,9.667434335128304,15
3899663,9.987463441096073,1
3899677,9.68744498109611,14
3899688,9.769866402525475,11
3899691,9.966520452961047,3
3899703,9.761042847093753,12
3899704,10.0,1
3899712,9.742244079994407,8
3899717,9.917419463716115,5
3899718,9.987591485229219,1
3899735,9.647061199076324,17
3899748,9.751280860016383,13
3899756,9.878229577073432,8
3899763,9.763995510847238,7
3899769,9.887043747779416,6
3899777,9.853717114784063,8
3899794,9.616389948199888,17
3899801,9.867492447243373,7
3899808,9.86018368265702,7
3899817,9.820646962048027,9
3899830,9.703332314907051,13
3899831,9.996208401571373,1
3899836,9.917530828061052,5
3899846,9.831206187375999,10
3899856,9.840802024764724,10
3899869,9.71532148686175,13
3899894,9.517719555420943,25
3899902,9.832864130623394,8
3899905,9.761152537920472,3
3899906,10.0,1
3899916,9.780096201876852,10
3899922,9.878771222139719,6
3899923,10.0,1
3899932,9.834030163748434,9
3899941,9.796973141124356,9
3899948,9.881997133672863,7
3899960,9.43389799309298,12
3899967,9.860715503703473,7
3899984,9.644919134915774,17
3899990,9.893290159590993,6
3899999,9.824545513435906,9
3900008,9.814307018124,9
3900019,9.733043336254756,11
3900032,9.700952424761327,13
3900035,9.959297223522611,3
3900036,10.0,1
3900046,9.766803667255322,10
3900050,9.938566381543781,4
3900054,9.933329598151825,4
3900065,9.75254667307591,11
3900070,9.921312645915947,5
3900075,9.722656320103846,5
3900086,9.766010719383708,11
3900089,9.966897164914386,3
3900107,9.558477991170268,18
3900113,9.897169602867326,6
3900114,10.0,1
3900115,10.0,1
3900127,9.737452588167955,12
3900131,9.95189499826994,4
3900138,9.8758879310749,7
3900149,9.76094862868912,11
3900158,9.82559293371478,9
3900175,9.668667243991864,17
3900181,9.894920903251178,6
3900188,9.882618195332363,7
3900205,9.58748046582309,17
3900214,9.813029381135399,9
3900230,9.616735008319859,16
3900247,9.63207439457798,17
3900260,9.71515606514261,13
3900270,9.797259238073073,10
3900271,9.989438684846151,1
3900281,9.804227906495436,10
3900290,9.809860834847239,9
3900296,9.905553569906052,6
3900304,9.848671008007516,8
3900308,9.936743057654885,4
3900314,9.88596138411708,6
3900315,10.0,1
3900322,9.865921651905827,7
3900329,9.778475095288732,7
3900343,9.66174756979005,14
3900355,9.757897961500602,12
3900356,10.0,1
3900359,9.95338203885945,3
3900360,10.0,1
3900365,9.926349660460634,5
3900377,9.729969266829057,12
3900386,9.845959313722544,9
3900388,9.871790666648774,2
3900389,10.0,1
3900392,9.961673094206676,3
3900406,9.67805110276097,14
3900415,9.825232560270225,9
3900420,9.910411465932844,5
3900422,9.978889515501123,2
3900429,9.88579168325031,7
3900439,9.78156179019684,10
3900450,9.7657289649688,11
3900462,9.741378570601334,12
3900477,9.66026560572766,15
3900493,9.636882067119956,16
3900496,9.954941685437824,3
3900506,9.794431666020174,10
3900521,9.640769855019334,15
3900524,9.953253614846808,3
3900536,9.746103871008886,12
3900541,9.933205303431425,5
3900547,9.892577636866848,6
3900562,9.680396297920124,15
3900565,9.952237079667725,3
3900566,10.0,1
3900574,9.81707860480732,8
3900583,9.719202248285622,9
3900599,9.635245791102122,16
3900600,9.98760777723095,1
3900610,9.693408253559625,10
3900621,9.775976228219282,11
3900628,9.876930537152223,7
3900639,9.794640394573213,11
3900647,9.83229066479089,8
3900657,9.781108769714637,10
3900664,9.872567739390405,7
3900665,10.0,1
3900671,9.91607075367523,6
3900682,9.77433312992777,11
3900689,9.861054194346806,7
3900701,9.723326981025478,12
3900709,9.82606828900767,8
3900710,10.0,1
3900723,9.697879658855776,13
3900735,9.726687605703669,12
3900740,9.924406379640557,5
3900754,9.690583736774931,14
3900758,9.93489123720208,4
3900767,9.84830607598998,9
3900772,9.899162928078338,5
3900782,9.789222314954014,10
3900795,9.73411182462443,13
3900800,9.909123858664604,5
3900806,9.90173968358263,6
3900815,9.809028584333554,9
3900822,9.858441235177482,7
3900832,9.806789095808117,10
3900843,9.743453069239486,11
3900861,9.55285742357747,18
3900862,10.0,1
3900881,9.54971974457677,19
3900892,9.747710719503301,11
3900896,9.945872365627347,4
3900906,9.787897335455273,10
3900914,9.832560468520073,8
3900919,9.905109935068483,5
3900922,9.961821832610305,3
3900929,9.886672424973415,7
3900938,9.80907314650886,9
3900948,9.788239547995456,10
3900961,9.706268224169145,13
3900963,9.778122708710313,2
3900971,9.831488166844514,8
3900981,9.68609979137041,10
3900982,10.0,1
3900993,9.562279289038432,11
3900994,10.0,1
3901002,9.848632948081637,8
3901011,9.794479629298978,9
3901016,9.904574729871053,5
3901025,9.830440885803162,9
3901034,9.813112531795369,9
3901041,9.854887954424463,7
3901053,9.724254042833262,12
3901068,9.675585577197886,15
3901073,9.913468956722488,5
3901083,9.80071351311606,10
3901086,9.957242457284238,3
3901104,9.527102464879517,18
3901113,9.818088368517177,9
3901126,9.718048385746075,13
3901144,9.58619814863213,18
3901150,9.888051715569453,6
3901159,9.826112331818246,9
3901160,10.0,1
3901161,10.0,1
3901169,9.839047048813315,8
3901181,9.738984156108392,12
3901189,9.81810199071512,8
3901200,9.791361337691031,11
3901204,9.945431292921107,4
3901209,9.917236411660106,5
3901222,9.713134765583234,13
3901232,9.789136475014848,10
3901235,9.961746704105218,3
3901244,9.83443497107996,9
3901255,9.76392028450747,11
3901256,10.0,1
3901266,9.78397911241142,10
3901267,10.0,1
3901271,9.938597499775343,4
3901276,9.929377013968901,5
3901288,9.750200733891363,12
3901299,9.762631503038413,11
3901303,9.94443913490706,4
3901318,9.617772008280571,15
3901323,9.901936113788334,5
3901332,9.814446860161945,9
3901337,9.913490303269722,5
3901338,9.992903667299176,1
3901346,9.858521178705963,8
3901360,9.655751590923991,14
3901375,9.629158905189124,15
3901393,9.6419531221066,18
3901400,9.843467618767955,7
3901405,9.922783301413403,5
3901411,9.892318645957522,6
3901419,9.840196094434406,8
3901427,9.837761599800967,8
3901437,9.780574224733835,10
3901438,10.0,1
3901442,9.935240068442013,4
3901453,9.745999119236147,11
3901459,9.889130657604959,6
3901466,9.852554664219026,7
3901478,9.717167167107878,12
3901484,9.886918740652986,6
3901491,9.851899753911352,7
3901493,9.973754549064084,2
3901503,9.8480029753357,10
3901512,9.833476524350866,9
3901516,9.93769306851616,4
3901518,9.983498538016253,2
3901519,10.0,1
3901538,9.62213644275753,19
3901554,9.657481751873776,16
3901563,9.820493762334484,9
3901569,9.895722536184687,6
3901575,9.884675228450552,6
3901580,9.93526054172792,5
3901586,9.89546817285702,6
3901594,9.860855776198061,8
3901601,9.871709658546193,7
3901613,9.7434182815502,12
3901614,10.0,1
3901627,9.755835501300899,13
3901632,9.911594894709197,5
3901637,9.928374987014324,5
3901647,9.828098356102608,10
3901648,10.0,1
3901655,9.846673652099788,7
3901656,10.0,1
3901667,9.741885788544746,11
3901679,9.72924017665007,12
3901699,9.512559662908496,20
3901709,9.792678146652618,10
3901727,9.608426602089626,18
3901740,9.78096300402359,13
3901749,9.8239052488244,9
3901756,9.885718392325948,7
3901764,9.846609866801403,8
3901773,9.83188197531235,9
3901787,9.68706919802738,14
3901803,9.717716643325234,16
3901812,9.834751601125129,9
3901828,9.71311263293455,16
3901835,9.859625051832689,7
3901840,9.914131664713276,5
3901845,9.927495346194199,5
3901851,9.891129858927947,6
3901853,9.97261284086152,2
3901863,9.781974917672477,10
3901875,9.738782172878642,12
3901891,9.629749693391316,16
3901903,9.776854641136794,12
3901914,9.759989670023707,11
3901925,9.77725802018955,11
3901926,10.0,1
3901940,9.672746284148301,14
3901941,10.0,1
3901950,9.80985635165481,9
3901960,9.76717478430534,10
3901978,9.584479073576492,18
3901979,10.0,1
3901986,9.864235198644009,7
3901990,9.925400149810894,4
3902003,9.700726439216792,13
3902005,9.973889680535901,2
3902009,9.930708245500899,4
3902016,9.872761102098352,7
3902017,10.0,1
3902026,9.818881489324571,9
3902040,9.684386383269679,14
3902046,9.8998950853276,6
3902060,9.68016162403782,14
3902066,9.88902361407076,6
3902076,9.78858633567696,10
3902081,9.91131383356565,5
3902086,9.923319932210996,5
3902091,9.907851411343657,5
3902092,10.0,1
3902104,9.766361851116846,12
3902112,9.834559445018709,8
3902122,9.780058643702638,10
3902126,9.940602401498824,4
3902138,9.744528003230387,12
3902142,9.942316167988823,4
3902148,9.914283439023801,6
3902149,10.0,1
3902155,9.891906075888265,6
3902167,9.726039830326751,12
3902175,9.832653615536152,8
3902188,9.712122652761558,13
3902199,9.772534480209078,11
3902200,10.0,1
3902204,9.942620409214216,4
3902205,10.0,1
3902220,9.660985784181523,15
3902227,9.878487496854722,7
3902234,9.874528918363469,7
3902241,9.880471239298542,7
3902242,10.0,1
3902255,9.717826999560616,13
3902264,9.807286385829082,9
3902282,9.588816016849263,18
3902286,9.934625507223068,4
3902297,9.767556871527486,11
3902305,9.848947307336914,8
3902308,9.950467903498524,3
3902310,9.970871810240958,2
3902313,9.960414523384577,3
3902337,7.511757230668723,24
3902358,9.538623107546337,21
3902371,9.714741995897821,13
3902383,9.760230879151322,12
3902393,9.779799665112447,10
3902407,9.749942554827976,14
3902417,9.827261481629272,10
3902426,9.822014578032398,9
3902437,9.770476306474695,11
3902445,9.846200051534387,8
3902454,9.820935431776558,9
3902458,9.930664725719366,4
3902468,9.802247023062623,10
3902472,9.937681854776613,4
3902487,9.680838690279613,15
3902498,9.728757430354307,11
3902507,9.821777582677155,9
3902517,9.807899376982034,10
3902529,9.71705799747692,12
3902539,9.799924895701972,10
3902543,9.936327563947565,4
3902551,9.747154694930808,8
3902561,9.806907225274523,10
3902568,9.884328776712255,7
3902571,9.959096161413122,3
3902581,9.805198277211833,10
3902582,9.996434007953862,1
3902590,9.861566198720848,8
3902608,8.902819457836559,18
3902609,10.0,1
3902617,9.84590369115573,8
3902618,10.0,1
3902624,9.883180378353966,6
3902630,9.820962319300005,6
3902641,9.792030972926208,11
3902654,9.73513573105579,13
3902661,9.880693499776346,7
3902669,9.853801744431127,8
3902670,10.0,1
3902687,9.605935900683352,17
3902696,9.815654657428183,9
3902699,9.96654160161246,3
3902707,9.832359166370868,8
3902717,9.80223379704475,10
3902720,9.952500578601285,3
3902723,9.958513181637475,3
3902729,9.905793746042072,6
3902740,9.743156073072216,11
3902743,9.959984153509685,3
3902746,9.956349481714026,3
3902758,9.72501546247485,12
3902759,9.991877422868356,1
3902773,9.71903538366881,14
3902780,9.851319547703632,7
3902787,9.860066284757586,7
3902793,9.884897415230293,6
3902806,9.702786591839063,13
3902816,9.778532360926526,10
3902823,9.86224257889223,7
3902831,9.859910940420177,8
3902843,9.738237002329376,12
3902844,10.0,1
3902845,10.0,1
3902854,9.805272155776843,9
3902865,9.773915389095691,11
3902873,9.841889196109546,8
3902876,9.954348980492828,3
3902883,9.871366201732016,7
3902888,9.920990036298095,5
3902889,10.0,1
3902896,9.865875775069727,7
3902908,9.757498634531256,12
3902912,9.936000326018979,4
3902926,9.66924328518615,14
3902934,9.828634612185247,8
3902939,9.90829804119299,5
3902940,10.0,1
3902941,9.996626253806081,1
3902945,9.932523099448352,4
3902954,9.785594282349312,9
3902956,9.972539193975313,2
3902967,9.740427826684146,11
3902972,9.898100080786152,5
3902976,9.936821042727011,4
3902986,9.704180402199466,10
3902992,9.885385260529484,6
3903002,9.831905394403995,10
3903007,9.925133469162516,5
3903015,9.844291378400902,8
3903019,9.925912927562353,4
3903021,9.972704567585811,2
3903024,9.963128417557297,3
3903028,9.942183038070297,4
3903030,9.975891403179958,2
3903049,9.049497994592283,19
3903058,9.822907702931596,9
3903059,10.0,1
3903071,9.733492278823794,12
3903076,9.915872049043907,5
3903086,9.767177969057478,10
3903096,9.77963842887661,10
3903103,9.870072842121333,7
3903117,9.689325775088488,14
3903121,9.943116662145252,4
3903122,9.996616731662733,1
3903128,9.878069901893525,6
3903135,9.870825157341798,7
3903143,9.825455770841838,8
3903150,9.785042864246481,7
3903156,9.890062155404,6
3903163,9.776188878075272,7
3903172,9.813521125243982,9
3903182,9.792386362151326,10
3903188,9.876532584755953,6
3903200,9.769400452209775,12
3903201,10.0,1
3903211,9.773749724993452,10
3903212,9.988406886858792,1
3903230,9.660208773334231,18
3903239,9.835000865158333,9
3903251,9.730694743832053,12
3903257,9.904147442304891,6
3903260,9.966612679148618,3
3903268,9.828910640412978,8
3903275,9.85341404084454,7
3903284,9.8449146382651,9
3903296,9.74805115541224,12
3903300,9.940327393540144,4
3903302,9.98014437955621,2
3903303,9.996690884329915,1
3903304,10.0,1
3903312,9.848131457545612,8
3903323,9.742535282446532,11
3903337,9.712493353427888,14
3903347,9.767430772473427,10
3903358,9.74445326150447,11
3903365,9.853342745836263,7
3903373,9.850701430767002,8
3903383,9.833390613163699,10
3903384,9.99645394018702,1
3903388,9.92827772635533,4
3903391,9.94762111506707,3
3903401,9.824669749969301,10
3903408,9.887875089936971,7
3903422,9.6981262549287,14
3903424,9.981970145913667,2
3903425,10.0,1
3903434,9.80532171856113,9
3903444,9.807324032209095,10
3903450,9.89279449984619,6
3903467,9.575134492655838,17
3903468,10.0,1
3903469,10.0,1
3903479,9.78870368824453,10
3903485,9.90573311460173,6
3903501,9.63111659370826,16
3903507,9.907832917409504,6
3903514,9.880458269978265,7
3903517,9.958649170672032,3
3903527,9.786588627041258,10
3903531,9.937529352148314,4
3903535,9.939371053309236,4
3903546,9.691880320529384,11
3903556,9.79365013069535,10
3903566,9.807773504358067,10
3903578,9.747700247603257,12
3903579,10.0,1
3903587,9.849294309001039,8
3903594,9.886480896648653,7
3903602,9.872960711733326,8
3903611,9.821243979697256,9
3903620,9.814931222631515,9
3903634,9.683808762367066,14
3903637,9.9547888407313,3
3903652,9.71142166834833,15
3903664,9.725519648570748,12
3903673,9.832241710392495,9
3903677,9.940487598225307,4
3903689,9.739064081244408,12
3903697,9.857982244179528,8
3903699,9.972483469263501,2
3903718,9.570110713875831,19
3903731,9.712438678244498,13
3903739,9.849740694351315,8
3903743,9.9468647256288,4
3903755,9.770771796047184,12
3903766,9.762006679533673,11
3903776,9.79626813590304,10
3903791,9.637338903734134,15
3903802,9.748317484137933,11
3903808,9.904195724703552,6
3903815,9.86989416735196,7
3903833,9.572264636325535,18
3903843,9.78910691315687,10
3903844,10.0,1
3903857,9.717388099793395,13
3903870,9.771878386385495,13
3903882,9.729032684734108,12
3903892,9.790141173020563,10
3903903,9.774526309604223,11
3903904,10.0,1
3903910,9.896291045269262,6
3903911,10.0,1
3903916,9.920892865807295,5
3903917,10.0,1
3903921,9.94034839280676,4
3903931,9.785364180332671,10
3903944,7.447689253861327,13
3903956,9.735670565785965,12
3903959,9.964711911661139,3
3903970,9.771617718004197,11
3903981,9.774787194879293,11
3903991,9.794645590266772,10
3903995,9.95844656672023,4
3904012,9.628482600463318,17
3904021,9.86284633187587,9
3904031,9.79906914410722,10
3904044,9.71486818298761,13
3904064,9.402888510515005,20
3904074,9.81139807824295,10
3904075,10.0,1
3904076,10.0,1
3904085,9.827307112054402,9
3904086,10.0,1
3904099,9.728118796996538,13
3904102,9.96066501548631,3
3904108,9.881584234999659,6
3904115,9.67891002957521,7
3904127,9.739813446006808,12
3904134,9.878027635781656,7
3904145,9.760862148610773,11
3904153,9.845735311575172,8
3904157,9.9398781121663,4
3904170,9.796249128071127,13
3904181,9.776698865491007,11
3904193,9.750377210168049,12
3904201,9.637236687002238,8
3904210,9.837963119350407,9
3904216,9.88699130012772,6
3904221,9.933468927882986,5
3904229,9.831600456038345,8
3904234,9.929355400350184,5
3904241,9.872638567102584,7
3904254,9.684728859278652,13
3904264,9.775505031846038,10
3904277,9.706888275649575,13
3904291,9.676721631931425,14
3904300,9.811420996748597,9
3904312,9.720540673400526,12
3904322,9.796653402966403,10
3904335,9.688195777151902,13
3904345,9.809615963835341,10
3904346,10.0,1
3904357,9.755916088126137,11
3904373,9.637444052533164,16
3904382,9.809195718261746,9
3904389,9.870002448082623,7
3904396,9.881631616603904,7
3904402,9.901073898777758,6
3904415,9.712297282419636,13
3904427,9.747941264982316,12
3904430,9.962667796884553,3
3904441,9.789227369543335,11
3904446,9.903191449101994,5
3904457,9.764019798594562,11
3904466,9.594863912726636,9
3904469,9.952604829194433,3
3904477,9.83332379627442,8
3904486,9.822919549783657,9
3904491,9.918715460831802,5
3904500,9.827844508590053,9
3904510,9.802180329224186,10
3904515,9.916507283774951,5
3904516,10.0,1
3904517,10.0,1
3904521,9.93638853881713,4
3904525,9.931752194603115,4
3904542,9.595507329390148,17
3904553,9.790809645367233,11
3904567,9.703727044303724,14
3904574,9.874928424892296,7
3904575,10.0,1
3904579,9.934410863013404,4
3904584,9.81156958878936,5
3904585,9.992954207015554,1
3904598,9.76905746874363,13
3904606,9.812455001898313,8
3904614,9.860822450350817,8
3904615,10.0,1
3904623,9.862253666067367,8
3904626,9.956124843863853,3
3904638,9.747405720872537,12
3904643,9.92926420951042,5
3904652,9.70226387216451,9
3904660,9.843165613035668,8
3904677,9.629552629341177,17
3904689,9.597855683631053,12
3904705,9.651434208952832,16
3904709,9.926906009307368,4
3904713,9.943834909499646,4
3904722,9.815672819643824,9
3904729,9.856123405421654,7
3904743,9.669058643242405,14
3904750,9.848962842727895,7
3904762,9.72991926537814,12
3904768,9.898335001456926,6
3904782,9.658573490088276,14
3904794,9.720277407916031,12
3904809,9.696465233106341,15
3904816,9.873501246815879,7
3904822,9.891806496580399,6
3904827,9.917745505866138,5
3904830,9.962668309019895,3
3904831,10.0,1
3904832,10.0,1
3904838,9.895289718507913,6
3904848,9.783330353305857,10
3904854,9.883419975798898,6
3904871,9.60485041499456,17
3904885,9.682074615933969,14
3904891,9.889262647318839,6
3904900,9.797247301151703,9
3904908,9.864176321865344,8
3904913,9.717155206862605,5
3904923,9.77630709468891,10
3904926,9.958093502138064,3
3904933,9.87234816366711,7
3904946,9.692449611789561,13
3904957,9.774323835424067,11
3904969,9.747525200113081,12
3904980,9.769691582041183,11
3904988,9.840661128580201,8
3904995,9.87451107622566,7
3905002,9.854447650512789,7
3905011,9.851387465461327,9
3905017,9.893120900603943,6
3905026,9.808401865500468,9
3905033,9.885879899468087,7
3905037,9.939783086288742,4
3905040,9.966639131536578,3
3905044,9.932316478331936,4
3905055,9.771998157382189,11
3905060,9.908722607917568,5
3905072,9.734130611854521,12
3905078,9.90141342407553,6
3905082,9.942478684031427,4
3905091,9.82025617357256,9
3905102,9.768089337060887,11
3905110,9.845718486491469,8
3905115,9.920653941826144,5
3905116,10.0,1
3905127,9.760275137911687,11
3905138,9.773965532222604,11
3905142,9.939501801640546,4
3905148,9.882334032070265,6
3905151,9.963436865952787,3
3905157,9.891923665811275,6
3905158,10.0,1
3905169,9.767284896808432,11
3905178,9.820180457662158,9
3905185,9.86326135877657,7
3905192,9.886621602156062,7
3905195,9.966254551642855,3
3905196,9.992412568795581,1
3905201,9.912337095793747,5
3905209,9.832633539127603,8
3905224,9.70847867441536,15
3905238,9.705877822813166,14
3905248,9.79389215570234,10
3905260,9.75813928763071,12
3905272,9.744372468387091,12
3905284,9.772210408746755,12
3905285,10.0,1
3905291,9.888180286103392,6
3905295,9.943239494362064,4
3905307,9.724633724466266,12
3905318,9.75937439000074,11
3905324,9.911071251010613,6
3905330,9.911343912903474,6
3905343,9.761405006293888,13
3905350,9.865888541618219,7
3905366,9.66248477872102,16
3905375,9.79739734245889,9
3905385,9.793304986947408,10
3905392,9.865334327666533,7
3905398,9.893745678545907,6
3905402,9.940259921124738,4
3905408,9.876008351264003,6
3905415,9.856359136720169,7
3905426,9.74682201510302,11
3905437,9.759273234056982,11
3905444,9.872226410509839,7
3905452,9.83138406929009,8
3905468,9.624085757080891,16
3905471,9.953556959661364,3
3905477,9.91384420669064,6
3905482,9.9092250131942,5
3905483,9.992778758010372,1
3905495,9.802016059758904,12
3905496,10.0,1
3905497,10.0,1
3905503,9.695383961354132,6
3905508,9.910046441534424,5
3905509,9.996100188813354,1
3905520,9.76799240249169,11
3905531,9.745825031026374,11
3905539,9.834541919053905,8
3905540,10.0,1
3905549,9.828112913166231,9
3905560,9.772781680738316,11
3905572,9.7749128823273,12
3905579,9.85588195439847,7
3905595,9.674403999435262,16
3905606,9.786574671231996,11
3905620,9.520532126081132,14
3905621,9.989524023999047,1
3905632,9.783253960519472,11
3905639,9.7738247869061,7
3905648,9.825922391168897,9
3905659,9.767713999350883,11
3905661,9.969359905990695,2
3905662,10.0,1
3905669,9.871662846231578,7
3905677,9.838206776794092,8
3905682,9.933180408275058,5
3905686,9.935511219750454,4
3905697,9.78464998411565,11
3905706,9.824461918789194,9
3905707,10.0,1
3905713,9.916395827642296,6
3905718,9.91540160979045,5
3905719,10.0,1
3905720,10.0,1
3905729,9.817137963275608,9
3905730,9.986780997307138,1
3905731,10.0,1
3905738,9.860921889026418,7
3905752,9.657395748614757,14
3905764,9.728965552826466,12
3905769,9.917253192556117,5
3905770,9.996114073158948,1
3905779,9.795642686104504,9
3905782,9.953319251601798,3
3905790,9.856167752533855,8
3905791,10.0,1
3905794,9.953064498233534,3
3905808,9.66548777197709,14
3905815,9.867284413983022,7
3905818,9.953120985538275,3
3905822,9.939880834926178,4
3905840,9.592635718485052,18
3905848,9.858120828637816,8
3905852,9.946441536305603,4
3905864,9.73630820747241,12
3905878,9.66483140802236,14
3905891,9.721843423092476,13
3905897,9.902680874347542,6
3905908,9.80650431516258,11
3905909,10.0,1
3905921,9.7207199731721,12
3905936,9.68405202773812,15
3905945,9.823942286010407,9
3905946,10.0,1
3905951,9.917948677313799,5
3905959,9.843051937419123,8
3905960,10.0,1
3905971,9.759657875268614,11
3905986,9.673490504391715,15
3905998,9.766748782960363,12
3906004,9.901138172078522,6
3906017,9.689748250522122,13
3906028,9.758229413018798,11
3906032,9.945291051302862,4
3906048,9.710070021576714,16
3906055,9.864739554556389,7
3906063,9.822402356559103,8
3906072,9.805616433796004,9
3906085,9.721134940149078,13
3906094,9.828523478979935,9
3906098,9.938200644406072,4
3906113,9.668900470723802,15
3906122,9.819505055423178,9
3906127,9.91952407046751,5
3906132,9.905198225391986,5
3906138,9.907303985789438,6
3906142,9.943820140707668,4
3906155,9.723894589144203,13
3906168,9.683891481150681,13
3906179,9.775365242173228,11
3906183,9.93940101649452,4
3906190,9.883442385754309,7
3906201,9.796189228152333,11
3906209,9.844145010186526,8
3906221,9.714614440563716,12
3906224,9.950527956554161,3
3906234,9.786550719727638,10
3906242,9.851561012923288,8
3906252,9.793910375247778,10
3906265,9.739889580442805,13
3906271,9.875611758392163,6
3906276,9.925377174885174,5
3906277,10.0,1
3906281,9.937756400809343,4
3906287,9.90916974217252,6
3906295,9.835143409448747,8
3906296,10.0,1
3906303,9.853297952565288,7
3906312,9.814866319347011,9
3906318,9.906739534487464,6
3906324,9.886474941168501,6
3906332,9.856646124372894,8
3906333,10.0,1
3906352,9.550490634138795,19
3906359,9.866982232925148,7
3906364,9.938308489396464,5
3906367,9.960406753784019,3
3906377,9.792191979064528,10
3906389,9.760618158038564,12
3906391,9.976969848374539,2
3906397,9.886160695569348,6
3906409,9.744313108844633,12
3906417,9.862600158426925,8
3906428,9.770207301888533,11
3906436,9.885828387124509,8
3906446,9.807648620827623,10
3906458,9.744463400183971,12
3906468,9.802247131125368,10
3906484,9.648242941350613,16
3906490,9.692293121711556,6
3906501,9.766535464391465,11
3906504,9.96388606606868,3
3906518,9.69867301424111,14
3906524,9.913014463435585,6
3906533,9.826074253787445,9
3906542,9.810017466984519,9
3906547,9.905479993365311,5
3906556,9.817020750353919,9
3906560,9.945644881221174,4
3906569,9.818248508465112,9
3906578,9.82906349308973,9
3906581,9.960323952905634,3
3906595,9.683128532022723,14
3906596,10.0,1
3906604,9.823054608859005,8
3906612,9.831925819236787,8
3906613,10.0,1
3906619,9.910094679865539,6
3906620,9.996073206359863,1
3906628,9.82166673727513,8
3906629,10.0,1
3906642,9.538130964337853,13
3906655,9.617544480039314,13
3906661,9.909403235402252,6
3906675,9.686321859929457,14
3906681,9.890391063780957,6
3906686,9.904959910584326,5
3906690,9.937905446397297,4
3906705,9.661171318844339,15
3906715,9.804377376022972,10
3906723,9.854744230353889,8
3906734,9.764609019762256,11
3906742,9.852338283822569,8
3906743,10.0,1
3906750,9.89864470392436,7
3906764,9.701333943282089,14
3906775,9.781708150473442,11
3906789,9.67681353249752,14
3906799,9.783395835610118,10
3906810,9.780501749307097,11
3906817,9.872794284303563,7
3906827,9.77409246193934,10
3906842,9.642207904549192,15
3906851,9.814890816892229,9
3906860,9.818287813602014,9
3906864,9.944045008125658,4
3906877,9.694166215976866,13
3906880,9.952114078450895,3
3906890,9.77295618556554,10
3906893,9.965763178722236,3
3906906,9.725169185734238,13
3906917,9.778789086980876,11
3906922,9.901800077878605,5
3906936,9.679804456948759,14
3906952,9.592794613782171,16
3906957,9.906248144351135,5
3906966,9.78865289857174,9
3906975,9.819447748654783,9
3906976,10.0,1
3906984,9.834677245617858,8
3906990,9.87201068346418,6
3907002,9.731624904719732,12
3907007,9.924282854862229,5
3907016,9.808897113414684,9
3907022,9.911205087807646,6
3907023,10.0,1
3907030,9.857418975660776,7
3907040,9.806193659266293,10
3907048,9.849091142543855,8
3907052,9.947940632228196,4
3907064,9.740726647099542,12
3907075,9.76346220507002,11
3907085,9.783040121276123,10
3907089,9.939172954803963,4
3907099,9.806828007106953,10
3907113,9.727247211965768,14
3907121,9.857994229794645,8
3907138,9.586751856898369,17
3907149,9.779446353901406,11
3907163,9.77981690535011,14
3907182,9.608983475735432,19
3907190,9.860938272352676,8
3907198,9.821162144276247,8
3907203,9.912848303592293,5
3907209,9.909715852211617,6
3907217,9.840770027073857,8
3907228,9.763432903858762,11
3907230,9.985431134757121,2
3907234,9.946495511789426,4
3907247,9.706783724499466,13
3907253,9.907457395007949,6
3907264,9.765543866466464,11
3907265,9.996738864013905,1
3907278,9.733535720494555,13
3907289,9.762997642604146,11
3907295,9.894673510529845,6
3907307,9.731924612463422,12
3907312,9.934002745657692,5
3907321,9.820145807591942,9
3907328,9.883391688898714,7
3907338,9.796105645571794,10
3907354,9.649651565218527,16
3907361,9.877196640463811,7
3907369,9.866444086670084,8
3907371,9.973699174265953,2
3907381,9.776401912246778,10
3907392,9.755207776588222,11
3907416,9.379190431465053,24
3907421,9.917749047878075,5
3907434,9.697792357880902,13
3907453,9.578985317442523,19
3907460,9.883318799058852,7
3907467,9.874432613452711,7
3907476,9.783113339874408,9
3907481,9.911276999768203,5
3907491,9.789256654071394,10
3907496,9.908900463628676,5
3907498,9.979621766005797,2
3907511,9.703940064823124,13
3907518,9.754308680165982,7
3907520,9.978618343637436,2
3907523,9.968491245475153,3
3907534,9.764880803085681,11
3907545,9.77310683194242,11
3907551,9.882343218584626,6
3907558,9.854761805977382,7
3907574,9.641035648915635,16
3907588,9.741549192753972,14
3907593,9.91614478188882,5
3907600,9.846934539433903,7
3907614,9.696608549841761,14
3907627,9.726802461606013,13
3907637,9.808336360385688,10
3907652,9.632362587655876,15
3907660,9.857990480855772,8
3907673,9.699034290606859,13
3907682,9.805407606248265,9
3907696,9.574000104247858,14
3907704,9.85754628245754,8
3907719,9.661981632915586,15
3907724,9.921136942533334,5
3907729,9.907121879624997,5
3907733,9.931277613771881,4
3907740,9.87030396879823,7
3907751,9.75797520518012,11
3907756,9.913601281650802,5
3907766,9.779139145382212,10
3907778,9.643356547524855,12
3907779,10.0,1
3907788,9.807085359425233,9
3907789,10.0,1
3907792,9.949293124256906,3
3907796,9.94757992338363,4
3907806,9.774194344649885,10
3907808,9.976568969784998,2
3907811,9.961167326938563,3
3907817,9.905309521883675,6
3907827,9.773935148326128,10
3907828,10.0,1
3907831,9.953451539768682,3
3907846,9.673542493480891,15
3907850,9.950902541153791,4
3907871,9.512241699439667,21
3907872,10.0,1
3907873,10.0,1
3907881,9.84474696737795,8
3907892,9.776408186218957,11
3907901,9.828907217654994,9
3907902,10.0,1
3907905,9.961275764890177,3
3907913,9.836237579160525,8
3907927,9.67617717116487,14
3907938,9.74112362092644,11
3907949,9.751292122694448,11
3907957,9.852836727212031,8
3907966,9.810300402856715,9
3907975,9.821296675398044,9
3907977,9.970163685405174,2
3907993,9.599823310946649,16
3908001,9.859750053593674,8
3908009,9.853612254569345,8
3908014,9.916366918759891,5
3908015,10.0,1
3908016,10.0,1
3908022,9.882599814515089,6
3908033,9.778525048200319,11
3908044,9.807653500474917,11
3908059,9.660591054095402,15
3908065,9.895414100249859,6
3908076,9.753722605673072,11
3908079,9.951736349940125,3
3908089,9.795654070115171,10
3908090,10.0,1
3908100,9.772940329705365,10
3908112,9.748458643528727,12
3908121,9.819216219209038,9
3908132,9.77103163674015,11
3908135,9.959818235780753,3
3908153,9.617465853368333,18
3908160,9.851368436869945,7
3908172,9.709998121847661,12
3908185,9.750415112547545,13
3908190,9.910389723647603,5
3908192,9.973412411813591,2
3908193,10.0,1
3908211,9.599532851838203,18
3908216,9.91510512915536,5
3908218,9.983525836424862,2
3908222,9.94490249337981,4
3908228,9.897729952627733,6
3908230,9.976961808430943,2
3908240,9.792356785952842,10
3908245,9.919846856184847,5
3908250,9.807910439779187,5
3908261,9.757896353417522,11
3908262,10.0,1
3908272,9.781726383095169,10
3908284,9.756407479070067,12
3908290,9.89304401220619,6
3908296,9.886959491189304,6
3908306,9.810033158874381,10
3908315,9.702602096844734,9
3908326,9.754176489492854,11
3908336,9.785597466118684,10
3908345,9.79477202217747,9
3908357,9.72855991105088,12
3908366,9.820431445872014,9
3908373,9.863115476490684,7
3908377,9.933298699356445,4
3908378,10.0,1
3908381,9.963177713989104,3
3908385,9.945290218255938,4
3908390,9.915130436499272,5
3908397,9.858332023838154,7
3908413,9.630026510919174,16
3908414,10.0,1
3908428,9.683353903974899,14
3908439,9.789312449087749,11
3908446,9.856220255877467,7
3908452,9.887178825312906,6
3908453,9.995842234332267,1
3908468,9.613213290245076,15
3908475,9.88175676407306,7
3908481,9.899467676754053,6
3908486,9.912225927096845,5
3908487,10.0,1
3908503,9.691210358975958,16
3908518,9.664016554065668,15
3908531,9.713841788793435,13
3908537,9.886233115988238,6
3908545,9.860221108676125,8
3908546,10.0,1
3908560,9.690482420320597,14
3908561,10.0,1
3908566,9.916569672495251,5
3908576,9.785381590402956,10
3908583,9.882633239248458,7
3908601,9.56562218770562,18
3908605,9.947535839085855,4
3908613,9.847854320813761,8
3908624,9.762359588647262,11
3908632,9.827740263156702,8
3908636,9.952170679088876,4
3908645,9.810156592293795,9
3908660,9.651267470450266,15
3908661,10.0,1
3908664,9.965736674704521,3
3908674,9.782412725344592,10
3908676,9.978391797095629,2
3908684,9.837880192701352,8
3908685,10.0,1
3908686,10.0,1
3908697,9.753669770977812,11
3908706,9.633577610758667,9
3908707,10.0,1
3908714,9.862845344652806,7
3908723,9.814174238940872,9
3908732,9.833020385850878,9
3908739,9.854735859550757,7
3908744,9.922088185598467,5
3908747,9.970159685794847,3
3908756,9.797755726327807,9
3908757,10.0,1
3908769,9.748116296080026,12
3908779,9.808560120886643,10
3908788,9.828626910700576,9
3908790,9.980179149424078,2
3908802,9.730041418943564,12
3908812,9.779794537642598,10
3908823,9.825050189104726,11
3908828,9.89985086840901,5
3908837,9.797196230472185,9
3908846,9.833973685032467,9
3908860,9.717686317579192,14
3908867,9.870909384794222,7
3908871,9.94613626566903,4
3908879,9.855797637606173,8
3908881,9.979100409721658,2
3908887,9.9021814519198,6
3908898,9.809626814883355,11
3908904,9.88750790627893,6
3908913,9.717326745931015,9
3908918,9.912331174939235,5
3908920,9.977194301056802,2
3908932,9.763078530915223,12
3908941,9.83454578894793,9
3908946,9.917743143465632,5
3908953,9.866146498590991,7
3908966,9.716086337258446,13
3908980,9.713212860487356,14
3908989,9.812495276136094,9
3909001,9.742689504226203,12
3909012,9.748000361985834,11
3909013,9.992042041914534,1
3909022,9.792914684931864,9
3909029,9.853776210893038,7
3909036,9.863459036038622,7
3909054,9.566054835562117,18
3909057,9.960050467621866,3
3909066,9.859166728983338,9
3909075,9.824566522997511,9
3909079,9.931931414390284,4
3909092,9.733557222201402,13
3909095,9.956998349468423,3
3909100,9.905244567618416,5
3909110,9.785533444959471,10
3909113,9.969465107524606,3
3909119,9.897129272090222,6
3909123,9.940313875293493,4
3909136,9.739096178117457,13
3909146,9.809127095932581,10
3909151,9.909069338989864,5
3909164,9.741720870069804,13
3909184,7.315452222368219,20
3909194,9.769047381749594,10
3909207,9.72779978951681,13
3909220,9.692557914057822,13
3909229,9.829145384832001,9
3909242,9.689629249573425,13
3909255,9.749810412770536,13
3909265,9.775019569224513,10
3909273,9.862591255353404,8
3909283,9.776875368694476,10
3909289,9.90458013710655,6
3909296,9.851886374176338,7
3909300,9.954712763916975,4
3909305,9.904282754449536,5
3909319,9.691992540784733,14
3909326,9.884370760433237,7
3909336,9.82230355821271,10
3909347,9.799465775471191,11
3909357,9.820230693127135,10
3909370,9.70410951206326,13
3909372,9.985667307159552,2
3909373,10.0,1
3909379,9.90181162697368,6
3909390,9.787265953690028,11
3909397,9.876341037145817,7
3909403,9.902589839012045,6
3909408,9.929388732765243,5
3909414,9.900547366245666,6
3909417,9.96141886681951,3
3909427,9.780518121716554,10
3909441,9.590117440805827,14
3909450,9.828812401660027,9
3909456,9.892042436760923,6
3909469,9.716432242249471,13
3909470,10.0,1
3909481,9.785797086220645,11
3909490,9.81947295382996,9
3909496,9.88588799356722,6
3909500,9.941460472956543,4
3909509,9.800652427118813,9
3909513,9.9340566168324,4
3909526,9.705342679303419,13
3909532,9.714961234830794,6
3909537,9.907049477496097,5
3909541,9.937606056629193,4
3909548,9.786057940444438,7
3909557,9.79482214592477,9
3909561,9.928709866026765,4
3909571,9.799396494773358,10
3909584,9.758648135500234,13
3909594,9.776736513146194,10
3909601,9.85986277029826,7
3909606,9.910899743092338,5
3909616,9.781656603784514,10
3909627,9.75663016769595,11
3909628,10.0,1
3909634,9.894772666486707,6
3909643,9.80842666938161,9
3909648,9.91369060086675,5
3909658,9.681936857184635,10
3909666,9.854006900227558,8
3909678,9.738875066444193,12
3909689,9.760910363169755,11
3909698,9.842441834252705,9
3909702,9.937539519244666,4
3909712,9.78815381127833,10
3909718,9.881269728868395,6
3909721,9.95543206892047,3
3909722,10.0,1
3909728,9.87819628816942,6
3909734,9.912284185877757,6
3909735,10.0,1
3909740,9.913186120633283,5
3909745,9.908341564200368,5
3909749,9.940530052460938,4
3909752,9.965247693706438,3
3909757,9.912434443971188,5
3909768,9.788488742083912,11
3909776,9.650361675593578,8
3909786,9.823181121935466,10
3909798,9.656220020136454,12
3909801,9.968418544024727,3
3909817,9.623643201081101,16
3909822,9.922104412916143,5
3909831,9.833010420076985,9
3909837,9.915633664331116,6
3909844,9.862417369109966,7
3909845,10.0,1
3909852,9.87098476154842,7
3909859,9.862548377604698,7
3909861,9.984746075042052,2
3909866,9.934397415006403,5
3909872,9.878067352749273,6
3909878,9.905882668529937,6
3909893,9.665363675109756,15
3909910,9.586332535446903,17
3909911,10.0,1
3909912,9.996315512123129,1
3909916,9.94502863876607,4
3909920,9.94667722796582,4
3909923,9.949066042293987,3
3909938,9.6606075693424,15
3909946,9.843908512477439,8
3909950,9.937452371669925,4
3909960,9.705687846257854,10
3909972,9.747812522487411,12
3909979,9.865420792854348,7
3909989,9.799685988542203,10
3909995,9.899058231736529,6
3909996,10.0,1
3910004,9.832122749338255,8
3910015,9.754230082892535,11
3910026,9.758627442556474,11
3910040,9.792484430748267,14
3910041,10.0,1
3910055,9.529842058126926,14
3910059,9.932551936011468,4
3910064,9.92784400667184,5
3910076,9.733699664806803,12
3910088,9.731237033575956,12
3910094,9.909322527647753,6
3910104,9.809350198812158,10
3910113,9.825216564179874,9
3910122,9.818578821177644,9
3910126,9.93208082306426,4
3910134,9.86227745396145,8
3910140,9.89382266453303,6
3910150,9.76292913882893,10
3910164,9.693357383568298,14
3910174,9.79754993411222,10
3910183,9.852193262913744,9
3910193,9.79357021050268,10
3910198,9.912823797315882,5
3910199,10.0,1
3910213,9.644224795799422,14
3910223,9.794451679244919,10
3910231,9.836064222803055,8
3910237,9.879296853530107,6
3910243,9.875165213949863,6
3910255,9.753529179398392,12
3910256,10.0,1
3910266,9.806213691161096,10
3910274,9.825309820007558,8
3910286,9.723518372403904,12
3910291,9.896144209598722,5
3910312,9.439659985991726,21
3910317,9.601087667947125,5
3910323,9.912941686354957,6
3910326,9.957846785511528,3
3910330,9.935417471239099,4
3910342,9.73205085212574,12
3910350,9.821143288866251,8
3910356,9.905941458337988,6
3910360,9.927188785661816,4
3910372,9.745779548596483,12
3910388,9.584855327066412,16
3910394,9.882505088376139,6
3910405,9.742760793840093,11
3910407,9.983706813537028,2
3910408,10.0,1
3910409,10.0,1
3910425,9.639010858645209,16
3910436,9.769697094586972,11
3910449,9.739970288163635,13
3910457,9.840516165349197,8
3910463,9.89273574988919,6
3910469,9.89682686115032,6
3910482,9.720667902044154,13
3910494,9.755606587720653,12
3910500,9.9060589496568,6
3910511,9.7633833517279,11
3910517,9.88096378895315,6
3910526,9.835313190021479,9
3910535,9.81958097246634,9
3910545,9.794410450096692,10
3910552,9.897835588354853,7
3910561,9.805108964167333,9
3910568,9.883095259825762,7
3910574,9.890300774915096,6
3910578,9.927693202005889,4
3910584,9.87916801513084,6
3910591,9.874982535494455,7
3910602,9.765344428533988,11
3910608,9.879616431888282,6
3910609,10.0,1
3910612,9.957027544580919,3
3910616,9.925251005757348,4
3910626,9.805587307821632,10
3910632,9.910242039290933,6
3910638,9.879199203623754,6
3910639,9.99672101988433,1
3910642,9.954022680504607,3
3910652,9.824646909549895,10
3910661,9.823752407737967,9
3910669,9.846760785900145,8
3910670,9.996378363510953,1
3910679,9.81407442907106,9
3910692,9.635040721403595,13
3910696,9.938841859678035,4
3910699,9.954503058244143,3
3910700,10.0,1
3910706,9.887612399193742,6
3910712,9.884036216710982,6
3910725,9.714394570457737,13
3910737,9.737687098834236,12
3910743,9.884969993602656,6
3910752,9.805073414088616,9
3910761,9.824507569112338,9
3910768,9.862923411624674,7
3910770,9.969632404892252,2
3910776,9.913936515610517,6
3910787,9.738229013610374,11
3910790,9.966081533609449,3
3910794,9.940642050450696,4
3910806,9.772513748907983,12
3910817,9.75441776312776,11
3910825,9.841152380430463,8
3910833,9.831619372455798,8
3910837,9.94531922793299,4
3910838,10.0,1
3910839,10.0,1
3910843,9.934367784766218,4
3910845,9.984842766519437,2
3910851,9.884149771695006,6
3910861,9.604788465699544,10
3910869,9.86776504469114,8
3910877,9.84678159713696,8
3910880,9.965503291271556,3
3910891,9.777063624140526,11
3910897,9.900763481960318,6
3910901,9.932171141022316,4
3910910,9.837329097636617,9
3910911,10.0,1
3910917,9.900903706354285,6
3910926,9.820543444558387,9
3910939,9.722180932620004,13
3910949,9.80354434232018,10
3910957,9.83119790760986,8
3910972,9.653118182282041,15
3910973,9.99204475817158,1
3910979,9.897057974998642,6
3910989,9.836667819274558,10
3910997,9.845257161107455,8
3911005,9.858025531022431,8
3911019,9.733146998180365,14
3911031,9.721854082212332,12
3911041,9.77092660820104,10
3911047,9.888858009924755,6
3911057,9.770795247504358,10
3911058,10.0,1
3911064,9.890580056727021,6
3911069,9.931626474107524,5
3911074,9.926839562885664,5
3911085,9.79345500372136,11
3911086,9.991999649047745,1
3911101,9.696275459917388,15
3911109,9.845893234949262,8
3911122,9.707617587949173,13
3911129,9.869479631975183,7
3911130,10.0,1
3911131,10.0,1
3911136,9.931928277894157,5
3911142,9.886649959888356,6
3911148,9.875475480301226,6
3911158,9.82337273367986,10
3911164,9.89948348914455,6
3911179,9.658679251869787,15
3911182,9.970064320627577,3
3911194,9.73879629215459,12
3911203,9.792412261788378,9
3911213,9.800218270526853,10
3911218,9.920298287039364,5
3911223,9.93104606869657,5
3911234,9.759247973042825,11
3911240,9.915925930390591,6
3911255,9.693551790916846,15
3911266,9.771857537526364,11
3911277,9.65194610558451,11
3911287,9.8032878785032,10
3911289,9.973130468636608,2
3911302,9.715109009607344,13
3911309,9.880860986667445,7
3911321,9.740150317343113,12
3911327,9.909145228887704,6
3911333,9.882946236326152,6
3911344,9.793349909074387,11
3911348,9.938418176984186,4
3911353,9.91569572959012,5
3911370,9.609064604294028,17
3911375,9.917644264921808,5
3911381,9.88300065654518,6
3911387,9.887883644157299,6
3911394,9.889964962502662,7
3911413,9.536995081845488,19
3911428,9.726240089276802,15
3911441,9.739263434130184,13
3911448,9.862603763636864,7
3911461,9.715284941926512,13
3911478,9.359951658658174,17
3911487,9.79016213191907,9
3911492,9.911583138014858,5
3911498,9.884841196977243,6
3911508,9.80705441374964,10
3911516,9.842297402423803,8
3911524,9.832291665322385,8
3911529,9.918361630491628,5
3911539,9.818238424316547,10
3911546,9.867938160487379,7
3911556,9.784527045586794,10
3911564,9.843777352151902,8
3911574,9.798608694618622,10
3911575,10.0,1
3911577,9.98296625951977,2
3911587,9.808440038554261,10
3911589,9.979332754093615,2
3911598,9.833277146348784,9
3911606,9.859536905728026,8
3911609,9.963087909648761,3
3911624,9.647259322369603,15
3911625,10.0,1
3911638,9.719679326653202,13
3911654,9.662980650739103,16
3911660,9.89742672712404,6
3911666,9.888676091405761,6
3911674,9.861924257074044,8
3911675,10.0,1
3911686,9.788935564966,11
3911696,9.813263015413986,10
3911701,9.902077398858731,5
3911714,9.692864255768864,13
3911722,9.84870277903044,8
3911736,9.715632660569042,14
3911749,9.707756033075052,13
3911761,9.752422697014465,12
3911770,9.843275805615892,9
3911772,9.974244001491087,2
3911776,9.935794064903298,4
3911782,9.877334740303615,6
3911790,9.85902593615506,8
3912290,-17.70083352422169,500
3912295,9.924248496636103,5
3912307,9.720899852977661,12
3912315,9.838579427018301,8
3912327,9.765757843668224,12
3912342,9.673368775276616,15
3912349,9.877789285196688,7
3912362,9.731452831703704,13
3912373,9.77768283462801,11
3912380,9.870701902355798,7
3912390,9.781565213155146,10
3912410,9.566964946548197,20
3912426,9.618018210196526,16
3912437,9.782869819556828,11
3912440,9.957847995420492,3
3912444,9.948911968708492,4
3912450,9.905163836334083,6
3912463,9.743912733791127,13
3912472,9.820543327066225,9
3912480,9.861706799216178,8
3912495,9.673827316565772,15
3912508,9.707981842640033,13
3912522,9.71610266696359,14
3912523,9.993392891293333,1
3912525,9.969700311202864,2
3912530,9.917122141602718,5
3912544,9.688860334863163,14
3912552,9.847252852193197,8
3912564,9.726366877080492,12
3912565,10.0,1
3912581,9.618848301543283,16
3912592,9.778822958462754,11
3912606,9.676382218703239,14
3912607,10.0,1
3912614,9.8766809986293,7
3912617,9.948023044202108,3
3912628,9.762423586741622,11
3912631,9.949827618251259,3
3912639,9.835034175162939,8
3912645,9.89185787277835,6
3912658,9.714354212041856,13
3912659,10.0,1
3912671,9.741955031923121,12
3912676,9.90547536292526,5
3912693,9.610515260211766,17
3912697,9.925472055044416,4
3912701,9.93658925858089,4
3912708,9.880904660033787,7
3912709,10.0,1
3912711,9.968417954929714,2
3912726,9.653524887002936,15
3912733,9.870154591535345,7
3912742,9.806183300969881,9
3912749,9.882789819482173,7
3912761,9.708277858221077,12
3912765,9.935252126925146,4
3912777,9.73539986183093,12
3912785,9.831143131044785,8
3912802,9.607185854016015,17
3912811,9.799580320374151,9
3912825,9.710231170056316,14
3912832,9.883557882939568,7
3912840,9.843085767239355,8
3912852,9.722415635274952,12
3912861,9.82905672623429,9
3912872,9.74889740525766,11
3912881,9.861007687919717,9
3912892,9.759131440152359,11
3912901,9.826091523151444,9
3912909,9.848975966267787,8
3912913,9.934562266986827,4
3912930,9.61641618873853,17
3912958,9.42864971953303,28
3912970,9.786187462501747,12
3912980,9.829305583619082,10
3913001,9.659337940006505,21
3913011,9.82652013496376,10
3913014,9.960619158111019,3
3913027,9.760045630648074,13
3913527,-88.4185392938234,500
3914027,-47.69485466128207,500
3914527,-35.830218593370624,500
3915027,-53.32309949692,500
3915527,-60.83535718400163,500
3915581,7.690574405110164,54
3915589,9.864338235147528,8
3915590,10.0,1
3915601,9.677076925917136,11
3915602,9.993355028908127,1
3915620,9.56543590775843,18
3915628,9.827668054538307,8
3915635,9.866266002025844,7
3915647,9.735212257299255,12
3915648,10.0,1
3915654,9.873377953852504,6
3915659,9.929417749551476,5
3915670,9.770194989784464,11
3915679,9.813879606049907,9
3915692,9.715834028969661,13
3915696,9.947136472195533,4
3915697,10.0,1
3915708,9.79296680943507,11
3915714,9.890300438358041,6
3915723,9.791853352894384,9
3915734,9.761058027260386,11
3915747,9.799932399429576,13
3915756,9.821507812815923,9
3915757,10.0,1
3915767,9.78706634346159,10
3915779,9.725427945596069,12
3915789,9.829408317190529,10
3915793,9.937441054842596,4
3915798,9.92315063806073,5
3915811,9.705976792651715,13
3915818,9.855117711643429,7
3915827,9.8349667114232,9
3915836,9.800234026225725,9
3915842,9.877166553282386,6
3915850,9.730657367549004,8
3915851,10.0,1
3915854,9.959996661100854,3
3915865,9.767398653222777,11
3915884,9.528860127992207,19
3915895,9.781953520993826,11
3915902,9.886941970372838,7
3915926,9.329374833112864,24
3915927,10.0,1
3915940,9.618814716619864,13
3915941,10.0,1
3915955,9.654059863800425,14
3915961,9.887439878469834,6
3915968,9.867837128332008,7
3915970,9.975111716962708,2
3915982,9.762218938513794,12
3915983,9.993085723373879,1
3915988,9.92448492922924,5
3915994,9.912559124527293,6
3915999,9.911620872006592,5
3916008,9.804524336629632,9
3916009,10.0,1
3916016,9.889260939445428,7
3916032,9.731335964702204,16
3916039,9.853979913798016,7
3916053,9.65824661706385,14
3916068,9.681047447433341,15
3916072,9.925034551888015,4
3916093,9.672374407123199,21
3916100,9.851723253879605,7
3916104,9.933896901241695,4
3916105,10.0,1
3916119,9.692508326722336,14
3916126,9.882540463048755,7
3916134,9.833736022259064,8
3916146,9.743408769645923,12
3916151,9.917720273791543,5
3916171,9.51360820918872,20
3916182,9.777787988076703,11
3916190,9.861209586703886,8
3916204,9.717463831500288,14
3916217,9.739270194812896,13
3916227,9.78413477190015,10
3916235,9.853831753286313,8
3916251,9.628407739069296,16
3916263,9.648505400022794,12
3916270,9.871338644199325,7
3916276,9.887351092979046,6
3916277,10.0,1
3916287,9.494085659783243,10
3916297,9.785369072704748,10
3916316,9.552339767870315,19
3916323,9.863989656372745,7
3916337,9.693163893978097,14
3916343,9.895347773375198,6
3916356,9.727180092572176,13
3916359,9.960150075995639,3
3916360,9.992746558678816,1
3916371,9.774378691633588,11
3916377,9.901318904825782,6
3916392,9.709300517365705,15
3916393,10.0,1
3916398,9.898765911138748,5
3916400,9.968036909477755,2
3916410,9.80561149971513,10
3916414,9.936668481369683,4
3916422,9.843868429623287,8
3916427,9.918837537592871,5
3916430,9.958675955112142,3
3916444,9.702964866356046,14
3916450,9.889143862187087,6
3916465,9.620484484030545,15
3916466,10.0,1
3916470,9.946136028572008,4
3916479,9.838256815705728,9
3916483,9.929792711553281,4
3916496,9.70540151922539,13
3916505,9.820681442574436,9
3916519,9.69139028346975,14
3916533,9.654914912138832,14
3916539,9.910467835394206,6
3916542,9.950698825607075,3
3916551,9.800691925706767,9
3916559,9.840432689013554,8
3916560,10.0,1
3916575,9.694547410303212,15
3916586,9.781772002784754,11
3916587,10.0,1
3916595,9.846500401470756,8
3916596,10.0,1
3916603,9.893440851403692,7
3916618,9.388072339999036,15
3916630,9.725114296073777,12
3916635,9.928349449854466,5
3916641,9.924197804705676,6
3916642,9.987713037257269,1
3916649,9.869288499767553,7
3916658,9.827438718844718,9
3916666,9.834885249560879,8
3916684,9.553999692811455,18
3916693,9.84753958334684,9
3916702,9.631569422696824,9
3916712,9.777056319670324,10
3916713,9.98974716023677,1
3916727,9.68568692052648,14
3916741,9.67903953467045,14
3916745,9.942738352297342,4
3916750,9.926825444714744,5
3916762,9.738758832709177,12
3916769,9.858431331401082,7
3916775,9.898677217720833,6
3916784,9.793760347528135,9
3916797,9.72197543402647,13
3916803,9.905616908378654,6
3916811,9.849060086918234,8
3916819,9.741085280161778,8
3916829,9.79245189416334,10
3916838,9.84048551881543,9
3916844,9.88714293677504,6
3916845,10.0,1
3916851,9.909981320804249,6
3916866,9.680491378602227,15
3916876,9.796311673072797,10
3916889,9.707016597261438,13
3916895,9.88339195229332,6
3916897,9.984792550494857,2
3916909,9.756093098564861,12
3916910,10.0,1
3916913,9.967196374524116,3
3916925,9.749020819449104,12
3916928,9.96838091047942,3
3916931,9.964229195475436,3
3916935,9.943468796355214,4
3916944,9.802012544701226,9
3916953,9.817968755360157,9
3916959,9.897211176201449,6
3916960,10.0,1
3916965,9.910699297654473,5
3916975,9.787459343666404,10
3916986,9.756414991828201,11
3917004,9.645211231144676,18
3917008,9.930972219189098,4
3917021,9.716137439040548,13
3917031,9.780782805364039,10
3917046,9.590531607029371,15
3917047,10.0,1
3917054,9.862950680264454,7
3917071,9.631662882054513,17
3917076,9.923451752667509,5
3917088,9.726598210485921,12
3917089,9.996346789410378,1
3917100,9.802599110753533,11
3917105,9.904492600058479,5
3917112,9.877920118431481,7
3917124,9.734234434148494,12
3917132,9.8457768200647,8
3917144,9.735197511363912,12
3917145,10.0,1
3917148,9.95738832582472,3
3917154,9.896866356211046,6
3917171,9.648958605367259,17
3917176,9.939358392161049,5
3917186,9.793252587073491,10
3917193,9.867967309352874,7
3917205,9.803505911342834,12
3917215,9.805279369237901,10
3917225,9.784027016318735,10
3917236,9.764992295642568,11
3917251,9.717797023514478,15
3917252,10.0,1
3917262,9.799757749547592,10
3917269,9.868395678405363,7
3917270,10.0,1
3917286,9.647511095502677,16
3917294,9.844134640553921,8
3917305,9.775453373008187,11
3917317,9.741791722545614,12
3917331,9.670730919110985,14
3917349,9.568508166726984,18
3917359,9.770681076429112,10
3917367,9.852215127643657,8
3917381,9.691000622873398,14
3917389,9.846255444328568,8
3917403,9.680482991036163,14
3917409,9.89386095521966,6
3917414,9.914120345190847,5
3917420,9.880536933045567,6
3917431,9.788533404764248,11
3917440,9.867598494220523,9
3917456,9.6261530026129,16
3917474,9.605551076662108,18
3917487,9.77601740812428,13
3917491,9.930487041043508,4
3917498,9.868220576335842,7
3917506,9.828008582842473,8
3917509,9.958564650717104,3
3917515,9.909852790555373,6
3917526,9.780625795736992,11
3917531,9.906912640558046,5
3917549,9.540166046382414,18
3917552,9.952747461871898,3
3917557,9.920518138124267,5
3917565,9.865269700493885,8
3917576,9.650627449528963,11
3917580,9.952645752840262,4
3917589,9.822234264193778,9
3917593,9.931442133012064,4
3917598,9.903252992131112,5
3917602,9.953805845462899,4
3917617,9.658305503999243,15
3917622,9.927803757152907,5
3917635,9.710218278132984,13
3917645,9.808074421314705,10
3917657,9.724793488068649,12
3917659,9.974797218107993,2
3917674,9.675424253732382,15
3917683,9.823702641796386,9
3917694,9.753639615864742,11
3917698,9.741075029776935,4
3917704,9.886192278121358,6
3917718,9.693502611776747,14
3917727,9.831468514130192,9
3917738,9.773524167709072,11
3917752,9.677473803304487,14
3917759,9.88782791501849,7
3917769,9.766587408335946,10
3917775,9.882584897871487,6
3917788,9.756127603580916,13
3917798,9.79787384721993,10
3917807,9.832269169008029,9
3917819,9.786826936441555,12
3917833,9.662210174379052,14
3917834,9.99165617902626,1
3917848,9.715028329142228,14
3917852,9.931867255976728,4
3917861,9.807809038193762,9
3917866,9.911844039840487,5
3917870,9.946320189648054,4
3917885,9.456797256867112,15
3917892,9.878222662667458,7
3917903,9.766420667941881,11
3917911,9.845974183334103,8
3917914,9.956129192658157,3
3917924,9.805911515615247,10
3917931,9.858450337718766,7
3917948,9.61437094854354,17
3917954,9.897056000949423,6
3917964,9.795932984531472,10
3917972,9.831072076999394,8
3917973,10.0,1
3917987,9.6852122343082,14
3918003,9.63332152247297,16
3918011,9.827017193825892,8
3918019,9.75745046773964,8
3918024,9.921261523210807,5
3918037,9.744817912516652,13
3918045,9.854292046252253,8
3918063,9.558301656228476,18
3918070,9.869481442373457,7
3918079,9.80240440954449,9
3918091,9.763043522632197,12
3918094,9.962584133037902,3
3918096,9.97054664394212,2
3918106,9.796934556405676,10
3918120,9.699965954154651,14
3918124,9.941924348687271,4
3918134,9.796998765519701,10
3918138,9.94078372735425,4
3918143,9.924186678034484,5
3918156,9.689801859383047,13
3918157,10.0,1
3918158,10.0,1
3918162,9.952573835227932,4
3918169,9.880113137742784,7
3918181,9.708635457422167,12
3918188,9.877697427560685,7
3918191,9.95646427705826,3
3918202,9.748984332332867,11
3918212,9.80213067649112,10
3918219,9.856865907916434,7
3918220,10.0,1
3918232,9.738736131148618,12
3918245,9.730161880759365,13
3918255,9.579705788325933,10
3918261,9.873056483615112,6
3918263,9.975125463887371,2
3918270,9.89062738147119,7
3918281,9.7636197064224,11
3918282,10.0,1
3918299,9.646297227919655,17
3918310,9.789396067601857,11
3918318,9.824172751313592,8
3918323,9.903681918084178,5
3918335,9.752004153371779,12
3918344,9.812172256837608,9
3918349,9.932161988543841,5
3918352,9.95931147400966,3
3918364,9.771254270906056,12
3918380,9.644545938354238,16
3918392,9.75989680629763,12
3918405,9.716296405640435,13
3918406,10.0,1
3918408,9.970246519723524,2
3918411,9.961108761804686,3
3918412,9.989462117457599,1
3918419,9.879716120500328,7
3918431,9.76699899688258,12
3918439,9.832862808008189,8
3918446,9.885994651162951,7
3918452,9.905782986967301,6
3918455,9.955580508285841,3
3918470,9.683176872742171,15
3918474,9.953371617402622,4
3918489,9.665373937420915,15
3918492,9.970231543321516,3
3918502,9.772352404821833,10
3918513,9.768351734636829,11
3918526,9.718834353864766,13
3918530,9.941562391765537,4
3918542,9.73087108579394,12
3918546,9.952972186515344,4
3918557,9.805222697163591,11
3918560,9.952740332728432,3
3918575,9.66620157988934,15
3918580,9.93816297815074,5
3918586,9.900933123285235,6
3918595,9.845843165991354,9
3918599,9.932036762768703,4
3918608,9.807968742158618,9
3918623,9.6499374783268,15
3918625,9.981636076687721,2
3918632,9.876097034865456,7
3918640,9.84604239455003,8
3918652,9.754394735296579,12
3918660,9.820421480363223,8
3918662,9.983683880561525,2
3918670,9.861960351352137,8
3918680,9.822426499270328,10
3918686,9.899079146395081,6
3918701,9.652660926825952,15
3918710,9.828825771728424,9
3918719,9.815585634641458,9
3918730,9.782455714488103,11
3918732,9.984612295337936,2
3918736,9.927407628403353,4
3918743,9.852013701248,7
3918754,9.758105746633813,11
3918764,9.809891221017427,10
3918777,9.740119825308215,13
3918778,10.0,1
3918783,9.917485852775654,5
3918791,9.827063700399332,8
3918792,10.0,1
3918802,9.788447507981864,10
3918808,9.896041633720118,6
3918821,9.706868606413881,13
3918824,9.949629730106858,3
3918826,9.970990658601943,2
3918836,9.793098676147038,10
3918842,9.900956823715907,6
3918850,9.835643967718312,8
3918862,9.724736192449411,12
3918870,9.82596049216181,8
3918877,9.865081489605616,7
3918889,9.733476848351906,12
3918900,9.75865169399156,11
3918909,9.809619825979553,9
3918910,10.0,1
3918920,9.822653864551922,10
3918926,9.896699683661042,6
3918941,9.677733734622894,15
3918953,9.779037737393415,12
3918966,9.731285931617428,13
3918970,9.93850069905441,4
3918980,9.708778106019146,10
3918988,9.820914709048774,8
3919003,9.68298947521424,15
3919010,9.890511527278663,7
3919029,9.52932649827923,19
3919037,9.857466214768538,8
3919047,9.820646454265685,10
3919053,9.885372627289955,6
3919063,9.797660497792602,10
3919075,9.727804612032793,12
3919078,9.964059654547018,3
3919083,9.932443091495564,5
3919088,9.907136452753397,5
3919091,9.954110896537905,3
3919105,9.704278855694717,14
3919112,9.882697806734194,7
3919122,9.785672176581185,10
3919125,9.969205366357853,3
3919131,9.885076600146858,6
3919140,9.84706056254618,9
3919145,9.91606460631302,5
3919166,9.514958462134048,21
3919175,9.833062787535559,9
3919189,9.686636305772685,14
3919193,9.936686617338205,4
3919207,9.672534526114205,14
3919208,10.0,1
3919215,9.86696408857191,7
3919221,9.871033131661601,6
3919226,9.92847676036788,5
3919229,9.954078910608763,3
3919238,9.84726488087036,9
3919246,9.850207720144702,8
3919256,9.812774564190283,10
3919273,9.570545455453926,17
3919282,9.839608007856686,9
3919291,9.807611448280824,9
3919304,9.68811366910729,13
3919311,9.854996300793212,7
3919312,9.996312149792322,1
3919318,9.910688115310556,6
3919330,9.743575073114203,12
3919340,9.783721184050043,10
3919349,9.831385429102003,9
3919356,9.886721528233192,7
3919368,9.744284736024653,12
3919383,9.65903380092636,15
3919390,9.756607006319411,7
3919399,9.807465021279258,9
3919407,9.834125751263366,8
3919417,9.788503371082957,10
3919418,10.0,1
3919426,9.624027008430906,8
3919435,9.83341865966479,9
3919448,9.738658403890156,13
3919455,9.854304559769824,7
3919467,9.740106854487745,12
3919499,3.935907448391978,32
3919509,9.811613686831842,10
3919516,9.863358142782412,7
3919523,9.870685323961226,7
3919535,9.718076001251095,12
3919536,10.0,1
3919541,9.913235467014434,5
3919547,9.898054977547067,6
3919557,9.811320691026923,10
3919571,9.710138583506547,14
3919581,9.812523713004728,10
3919589,9.84824569621888,8
3919590,10.0,1
3919595,9.905356050380853,5
3919605,9.783245803903117,10
3919617,9.717096815124961,12
3919626,9.811539083998031,9
3919627,10.0,1
3919630,9.952421504725873,3
3919651,9.579757162182734,21
3919652,10.0,1
3919666,9.683704070817777,14
3919678,9.752332286431237,12
3919689,9.756400815248332,11
3919697,9.834252907458445,8
3919708,9.799467649225681,11
3919719,9.77839388716347,11
3919722,9.953452751916553,3
3919736,9.691127168234154,14
3919745,9.815285497383968,9
3919755,9.793681873527582,10
3919761,9.886077296885471,6
3919768,9.874551666167166,7
3919779,9.757006950375576,11
3919794,9.677056117736544,15
3919801,9.879771354099532,7
3919816,9.724233217983336,15
3919818,9.974195396865017,2
3919830,9.760346792147203,12
3919835,9.933238115917218,5
3919848,9.72493908381336,13
3919860,9.76430898975582,12
3919870,9.792881614489442,10
3919881,9.809219494806385,11
3919883,9.97875418981321,2
3919888,9.923515549114079,5
3919892,9.939518015655246,4
3919898,9.893978439123531,6
3919905,9.884738985723535,7
3919906,10.0,1
3919907,10.0,1
3919916,9.823496406380587,9
3919921,9.900021424417298,5
3919930,9.832234229402125,9
3919944,9.712234710043656,14
3919945,9.992642639861478,1
3919946,10.0,1
3919947,10.0,1
3919951,9.933295861618243,4
3919970,9.574092217329657,19
3919979,9.83718364498936,9
3919990,9.791896703181218,11
3920009,9.542421522467025,19
3920021,9.741320062429942,12
3920030,9.835978504454562,9
3920038,9.850199402685035,8
3920039,10.0,1
3920040,10.0,1
3920041,9.996065352677938,1
3920053,9.718969409923043,12
3920058,9.91055335245485,5
3920064,9.892998637519634,6
3920072,9.859005700155878,8
3920077,9.930833516591905,5
3920088,9.759275155776256,11
3920106,9.587287012426637,18
3920110,9.951645686493112,4
3920122,9.75961487045601,12
3920129,9.890725594799658,7
3920139,9.810402443131707,10
3920140,10.0,1
3920141,9.992605711067146,1
3920146,9.925505417710832,5
3920158,9.732393527302303,12
3920160,9.985349837268519,2
3920165,9.909688444472856,5
3920170,9.912884660568157,5
3920182,9.728176204403194,12
3920194,9.618846754442172,12
3920201,9.865036099285373,7
3920209,9.846791829107614,8
3920215,9.894208337412849,6
3920216,10.0,1
3920223,9.8680516990256,7
3920224,9.993225403377183,1
3920232,9.857905667780416,8
3920233,10.0,1
3920239,9.893524938402289,6
3920247,9.835202685127514,8
3920259,9.762771416014123,12
3920270,9.785877871818633,11
3920282,9.75455892149301,12
3920289,9.86046876386321,7
3920296,9.881593826295441,7
3920307,9.776274663965006,11
3920324,9.638655008241383,17
3920329,9.901440348945577,5
3920342,9.69341933896699,13
3920353,9.768676840123925,11
3920364,9.799173792069185,11
3920374,9.790938314885919,10
3920385,9.756338157753772,11
3920394,9.829939051217757,9
3920407,9.716309660269237,13
3920419,9.740122444275002,12
3920430,9.671593396042342,11
3920431,10.0,1
3920444,9.707415759949823,13
3920460,9.637372265356742,16
3920470,9.59064670636223,10
3920486,9.711367494549574,16
3920487,10.0,1
3920497,9.790347201669425,10
3920505,9.8305923863919,8
3920506,9.988291397930805,1
3920514,9.851839898050887,8
3920518,9.928633028350383,4
3920520,9.973381770804979,2
3920533,9.728394186897336,13
3920537,9.939630350175833,4
3920544,9.887040123202102,7
3920553,9.813957147548368,9
3920560,9.767064389280165,7
3920571,9.781757070617152,11
3920590,9.598557780904692,19
3920591,9.996756636299818,1
3920592,9.993419352560522,1
3920597,9.915991042518412,5
3920600,9.948473254353733,3
3920604,9.930476544235916,4
3920608,9.946549472566161,4
3920620,9.747157390163867,12
3920629,9.807893738059198,9
3920636,9.869146569244364,7
3920637,10.0,1
3920640,9.954173657578645,3
3920648,9.86511016937503,8
3920660,9.760994646845424,12
3920662,9.979378481999355,2
3920671,9.838228925734983,9
3920679,9.851388497484145,8
3920692,9.708911838636444,13
3920693,10.0,1
3920697,9.936060155154026,4
3920701,9.944512731254468,4
3920707,9.897425642774708,6
3920709,9.980305191929869,2
3920710,10.0,1
3920718,9.832053494058792,8
3920726,9.841414085318087,8
3920735,9.817217050431125,9
3920745,9.778980251190712,10
3920754,9.823942888359207,9
3920764,9.809507896859657,10
3920769,9.91661806390408,5
3920777,9.855517413767465,8
3920786,9.82128805597127,9
3920799,9.728663774054324,13
3920800,10.0,1
3920803,9.951660044630772,3
3920808,9.909770803074698,5
3920820,9.760433169932883,12
3920824,9.94617654940627,4
3920830,9.874600545747812,6
3920844,9.694015840698015,14
3920850,9.873950637614854,6
3920862,9.735840687676404,12
3920873,9.7632589036291,11
3920890,9.586872798205212,17
3920899,9.826213592183493,9
3920900,9.991884170647218,1
3920913,9.733234304339065,13
3920919,9.89587846835466,6
3920925,9.895696002369343,6
3920936,9.758493658383323,11
3920942,9.90052740948109,6
3920948,9.908094788201032,6
3920949,10.0,1
3920966,9.67624554265102,17
3920972,9.889930922775092,6
3920979,9.878388848346008,7
3920992,9.674419259262407,13
3921004,9.779240226426426,12
3921013,9.814399109105894,9
3921023,9.795946544764014,10
3921033,9.778185746540345,10
3921048,9.692120554171268,15
3921056,9.846486545672704,8
3921059,9.959101409346799,3
3921065,9.899896581959053,6
3921069,9.929901132106577,4
3921083,9.724805535102078,14
3921087,9.92675133719112,4
3921091,9.93334682199421,4
3921094,9.960195239835263,3
3921103,9.839258570965653,9
3921112,9.830840365367447,9
3921117,9.929068294507266,5
3921123,9.908660449954855,6
3921135,9.722539569768875,12
3921136,10.0,1
3921148,9.523543032026984,12
3921153,9.913973368792776,5
3921158,9.915693293074723,5
3921170,9.755621076437075,12
3921182,9.751866831327387,12
3921190,9.862098389879813,8
3921203,9.714676050390208,13
3921216,9.70985251912617,13
3921229,9.703218749688872,13
3921237,9.831973193345247,8
3921242,9.913403430638398,5
3921252,9.862120837788346,10
3921263,9.743492041590391,11
3921273,9.80369305455882,10
3921282,9.812179697096829,9
3921283,10.0,1
3921293,9.787472111672917,10
3921306,9.721202485821262,13
3921320,9.667629289394338,14
3921327,9.69811813048949,7
3921339,9.803380652291393,12
3921349,9.827477123761225,10
3921367,9.594784933112473,18
3921377,9.80497197250744,10
3921386,9.80602547030622,9
3921393,9.879190240853896,7
3921394,10.0,1
3921415,9.553906127222271,21
3921419,9.841214666660644,4
3921430,9.572705025502648,11
3921441,9.775499142084728,11
3921452,9.766303772964747,11
3921464,9.740693627982566,12
3921469,9.91598309114673,5
3921474,9.914578753749675,5
3921480,9.895370913337798,6
3921487,9.856861543471226,7
3921501,9.684636092738078,14
3921505,9.944490515997165,4
3921517,9.775403995652635,12
3921527,9.789280491928679,10
3921540,9.73532689029578,13
3921550,9.783315464143675,10
3921551,10.0,1
3921564,9.68246768725214,13
3921567,9.964096023709073,3
3921604,9.084866616509924,37
3921616,9.739729404643793,12
3921620,9.935138034543263,4
3921630,9.809387254327671,10
3921640,9.803180233361179,10
3921644,9.950397518761568,4
3921653,9.723636048617253,9
3921658,9.924913917577202,5
3921665,9.8578541839851,7
3921672,9.848201632814805,7
3921685,9.691073628033623,13
3921688,9.9535374421927,3
3921693,9.923840055679031,5
3921708,9.436995188468996,15
3921713,9.9104970388617,5
3921731,9.591118991314923,18
3921737,9.878990503125598,6
3921744,9.874944361284339,7
3921745,9.99216319161258,1
3921751,9.897052687212332,6
3921757,9.912427074569782,6
3921772,9.68235653744578,15
3921785,9.718558677453792,13
3921797,9.740675323957333,12
3921800,9.944726325147082,3
3921807,9.881427410128046,7
3921814,9.86819665168978,7
3921822,9.83385225641322,8
3921834,9.817626160399232,12
3921839,9.91809878480068,5
3921846,9.860650634320448,7
3921852,9.906195212269958,6
3921853,10.0,1
3921854,10.0,1
3921855,10.0,1
3921862,9.860718245412016,7
3921863,10.0,1
3921877,9.666760308618661,14
3921883,9.898230188897074,6
3921893,9.788968845793521,10
3921903,9.82325753276911,10
3921909,9.883058830994678,6
3921916,9.86091122961355,7
3921924,9.855317598051641,8
3921925,10.0,1
3921940,9.689528405414288,15
3921952,9.732795078716258,12
3921963,9.764479037300065,11
3921970,9.875958099568884,7
3921979,9.826829307568824,9
3921980,10.0,1
3921983,9.958706230188318,3
3921990,9.864762388737487,7
3921999,9.812541614916091,9
3922012,9.706520501217145,13
3922026,9.700086767385585,14
3922037,9.669183228406832,11
3922049,9.738889443262458,12
3922058,9.821596736567752,9
3922064,9.881254964860325,6
3922074,9.805240188431844,10
3922083,9.813526942363215,9
3922092,9.804502085379227,9
3922097,9.93603212971763,5
3922104,9.864076695636532,7
3922114,9.773700487698125,10
3922119,9.92062193371468,5
3922125,9.892877253939226,6
3922132,9.844776050327786,7
3922139,9.872398338644492,7
3922147,9.853390571280293,8
3922161,9.691130857398798,14
3922171,9.784322496064002,10
3922180,9.811577111878123,9
3922184,9.93061769494399,4
3922193,9.817821359929695,9
3922205,9.728190090168843,12
3922206,9.987925829642357,1
3922212,9.903006249256137,6
3922223,9.600019476274136,11
3922232,9.820154927641905,9
3922239,9.88781893171597,7
3922240,10.0,1
3922243,9.968572504129275,3
3922255,9.74247621996968,12
3922266,9.791259796430557,11
3922272,9.924346208350356,6
3922288,9.66646724480714,16
3922296,9.841252943124555,8
3922308,9.796103950908153,12
3922314,9.908666296933774,6
3922319,9.905320249180159,5
3922327,9.863363370606711,8
3922332,9.925368071455528,5
3922338,9.892220520155814,6
3922341,9.961521673862716,3
3922344,9.957754757498096,3
3922349,9.925665895701211,5
3922356,9.87800656181368,7
3922361,9.90506590271489,5
3922369,9.755682595892246,8
3922382,9.742492277599803,13
3922393,9.785726799823916,11
3922396,9.958813667307796,3
3922411,9.666978323068168,15
3922423,9.709503577262591,12
3922438,9.647727893112501,15
3922442,9.955052741028997,4
3922443,9.993357255788075,1
3922448,9.918285217023417,5
3922459,9.745919826492853,11
3922472,9.721599037458974,13
3922479,9.86940195657847,7
3922487,9.846409739645654,8
3922498,9.817987580618965,11
3922507,9.798413451774652,9
3922513,9.893150681139247,6
3922519,9.878032641024538,6
3922526,9.85399666649864,7
3922529,9.969295209048951,3
3922534,9.92415986219245,5
3922545,9.768577428044244,11
3922549,9.94965416928701,4
3922566,9.6166566958427,17
3922572,9.87507116309259,6
3922588,9.666502365931036,16
3922592,9.952721284735727,4
3922594,9.973603404380922,2
3922608,9.656693898363324,14
3922609,10.0,1
3922615,9.897724906978056,6
3922619,9.945374892261865,4
3922629,9.771712059221269,10
3922630,10.0,1
3922642,9.752821859862753,12
3922647,9.91497972123187,5
3922660,9.71339526484434,13
3922676,9.680826460326484,16
3922683,9.880332060090632,7
3922689,9.893202528154113,6
3922696,9.852880205898003,7
3922697,10.0,1
3922708,9.768326793582666,11
3922719,9.768979800855618,11
3922730,9.811808382577638,11
3922750,9.543050803836435,20
3922757,9.87606093997514,7
3922769,9.716085965980946,12
3922770,10.0,1
3922772,9.976252915187004,2
3922785,9.723437976452487,13
3922795,9.784847286288961,10
3922808,9.708770101131174,13
3922811,9.966188495617063,3
3922816,9.905400415514023,5
3922821,9.91335357804411,5
3922830,9.84087514528278,9
3922836,9.899934884548875,6
3922846,9.783718825125204,10
3922858,9.75277624942379,12
3922870,9.79803104527221,12
3922880,9.760784938324317,10
3922893,9.698837723582638,13
3922903,9.787142815180818,10
3922910,9.89373132192487,7
3922918,9.863119088990265,8
3922930,9.756961352629114,12
3922938,9.867704383360943,8
3922942,9.947142741592367,4
3922949,9.847797050125864,7
3922950,10.0,1
3922955,9.923086878842993,5
3922962,9.878535648020195,7
3922969,9.848410169443607,7
3922971,9.975328845608626,2
3922976,9.920471409903547,5
3922981,9.919532517294815,5
3922991,9.792716438165435,10
3922999,9.742947859069897,8
3923010,9.76680852395125,11
3923028,9.654420452696462,18
3923030,9.979506602697173,2
3923045,9.657578483320778,15
3923051,9.897741194998408,6
3923060,9.86729369885759,9
3923066,9.886904223669012,6
3923074,9.850620863861252,8
3923081,9.86771938747353,7
3923088,9.861982096207907,7
3923089,10.0,1
3923103,9.705612716963241,14
3923108,9.909916615806162,5
3923109,10.0,1
3923113,9.943031527849026,4
3923123,9.776890135926799,10
3923141,9.580390355397608,18
3923153,9.752386524133994,12
3923165,9.739788050381494,12
3923171,9.87806927349861,6
3923177,9.88683616288695,6
3923181,9.934978601757653,4
3923188,9.884520583893147,7
3923202,9.70056096411154,14
3923216,9.694001497348538,14
3923226,9.818630123323285,10
3923233,9.774762821142144,7
3923234,10.0,1
3923237,9.951144878988467,3
3923244,9.888896075619886,7
3923266,9.515235542921085,22
3923272,9.879465884607972,6
3923273,10.0,1
3923281,9.841678492323464,8
3923287,9.882391957261733,6
3923294,9.86367544079655,7
3923298,9.841824303160717,4
3923310,9.775715602880783,12
3923316,9.905854727826402,6
3923320,9.932584782979491,4
3923324,9.930133489988918,4
3923339,9.661518747897986,15
3923351,9.759604550264534,12
3923356,9.925126282568064,5
3923364,9.868305130999163,8
3923374,9.785341869197003,10
3923382,9.825613978288892,8
3923388,9.884285588020965,6
3923399,9.772132944782685,11
3923404,9.924174664423633,5
3923405,10.0,1
3923419,9.675599031533313,14
3923430,9.780809312895274,11
3923435,9.90695531717732,5
3923452,9.6063011184969,17
3923458,9.882356390579137,6
3923461,9.85339891659894,3
3923468,9.868746944585396,7
3923471,9.958568442926687,3
3923475,9.931662112693601,4
3923478,9.96282006895391,3
3923491,9.703754682301447,13
3923500,9.808699532524711,9
3923507,9.870695887634017,7
3923519,9.720717788458874,12
3923528,9.80273856673146,9
3923536,9.831529216338241,8
3923543,9.8691530734891,7
3923564,9.434855227792962,21
3923573,9.793400093188719,9
3923588,9.669674095751681,15
3923602,9.695681742558161,14
3923611,9.799706971547385,9
3923618,9.877285489111408,7
3923624,9.914204026173138,6
3923630,9.88765920473215,6
3923641,9.76117554564523,11
3923644,9.963103170868216,3
3923650,9.891388836857683,6
3923657,9.892421845456274,7
3923658,10.0,1
3923671,9.73430953557491,13
3923672,10.0,1
3923675,9.95028949929542,3
3923686,9.765431561143846,11
3923695,9.817187748122626,9
3923703,9.866264747649604,8
3923709,9.901946208349473,6
3923716,9.884496122625562,7
3923718,9.983589983726873,2
3923723,9.920232662492685,5
3923724,9.992134900862327,1
3923738,9.689619033869615,14
3923743,9.926563099957646,5
3923744,10.0,1
3923755,9.756252698024563,11
3923756,10.0,1
3923767,9.786574835139419,11
3923773,9.890650244064783,6
3923783,9.80796614141474,10
3923796,9.709177421433346,13
3923800,9.936603416208735,4
3923811,9.779228665342558,11
3923812,9.996781503855969,1
3923822,9.781948350908294,10
3923834,9.736271370883673,12
3923840,9.885838938960804,6
3923853,9.692511241485715,13
3923862,9.812398192039925,9
3923867,9.92062960418098,5
3923879,9.753498134425975,12
3923892,9.731364473091748,13
3923898,9.90118147688676,6
3923910,9.73335384883164,12
3923914,9.952740768913412,4
3923915,9.996906141191184,1
3923928,9.733712579147314,13
3923935,9.888403713155178,7
3923947,9.74797579365903,12
3923953,9.901770048269643,6
3923962,9.8317911459743,9
3923971,9.825118778012516,9
3923985,9.09107741444098,14
3923997,9.759517665280816,12
3924012,9.671262451594266,15
3924018,9.89753354677811,6
3924024,9.909012654054989,6
3924027,9.960728335211293,3
3924031,9.951474934538481,4
3924041,9.805800276109586,10
3924042,10.0,1
3924054,9.717805976456164,12
3924055,9.988755570960658,1
3924065,9.799788074656528,10
3924075,9.804778626838008,10
3924090,9.684528917356957,15
3924098,9.831120937924489,8
3924107,9.831888531429227,9
3924118,9.755588663572771,11
3924129,9.788695629242218,11
3924137,9.8558174741302,8
3924151,9.67790574404589,14
3924159,9.822627014334293,8
3924166,9.865365722799773,7
3924177,9.76762740020573,11
3924185,9.869078190218861,8
3924191,9.894208843076951,6
3924200,9.83532233337617,9
3924205,9.90250312666937,5
3924211,9.918005500350597,6
3924216,9.911923393175304,5
3924232,9.567948508991531,16
3924237,9.922333342706215,5
3924245,9.878718803820178,8
3924250,9.910281041327183,5
3924263,9.727565919512474,13
3924269,9.906414053633487,6
3924270,10.0,1
3924277,9.865782943055487,7
3924281,9.94589363138221,4
3924291,9.780002162371526,10
3924304,9.767176938155304,13
3924313,9.820212023915591,9
3924314,10.0,1
3924324,9.770663124396872,10
3924331,9.87184565241508,7
3924338,9.870507661113283,7
3924339,9.98802024558586,1
3924344,9.900709719842267,5
3924355,9.655129946500933,11
3924364,9.821703619187447,9
3924374,9.796953748791047,10
3924390,9.672733575659608,16
3924396,9.872052496921185,6
3924401,9.917109482303841,5
3924409,9.834159673440643,8
3924413,9.939504184641558,4
3924422,9.817354118573181,9
3924424,9.97373699327927,2
3924432,9.85746147962691,8
3924435,9.950691655649429,3
3924436,9.993112241228378,1
3924448,9.722118688389148,12
3924453,9.92522154999899,5
3924457,9.934228315457217,4
3924469,9.725172213503212,12
3924471,9.973939594437834,2
3924484,9.707537921820775,13
3924493,9.83897662846113,9
3924513,9.476833741944672,20
3924523,9.816606920065203,10
3924537,9.714799586560584,14
3924544,9.882352139274706,7
3924555,9.76379175745336,11
3924558,9.955040258208642,3
3924567,9.801146118776105,9
3924570,9.967973473503822,3
3924578,9.846528754939705,8
3924592,9.704064841817134,14
3924597,9.914751486858478,5
3924609,9.726418599515068,12
3924616,9.854665550039696,7
3924620,9.94485271394295,4
3924633,9.698179087309423,13
3924639,9.87721614610583,6
3924640,10.0,1
3924647,9.853273462415899,7
3924654,9.884101935180551,7
3924657,9.965742526613015,3
3924658,10.0,1
3924667,9.821885756268717,9
3924677,9.790248424314198,10
3924693,9.629431285691577,16
3924703,9.788191734333829,10
3924705,9.976718155248939,2
3924712,9.858546501786964,7
3924719,9.856157393613538,7
3924720,10.0,1
3924730,9.777053765260101,10
3924745,9.685058532323435,15
3924755,9.803612681140903,10
3924763,9.831222851519417,8
3924773,9.777173071866843,10
3924776,9.966041026395787,3
3924780,9.937003126630975,4
3924784,9.949215972954583,4
3924795,9.777311374393854,11
3924806,9.78714879131923,11
3924813,9.880501388154078,7
3924817,9.943393340096405,4
3924818,10.0,1
3924825,9.874806824874218,7
3924836,9.67858177729933,11
3924841,9.919787927765697,5
3924851,9.795743287977537,10
3924863,9.758837008293298,12
3924869,9.914175070213949,6
3924877,9.84738641001775,8
3924885,9.859022670306631,8
3924893,9.85981615122654,8
3924907,9.704479788505067,14
3924924,9.586083180304708,17
3924934,9.763970387792728,10
3924950,9.51856443918937,16
3924964,9.715450531551614,14
3924977,9.696423134822588,13
3924988,9.77503215806442,11
3925001,9.750756796168213,13
3925009,9.857352928444833,8
3925011,9.977178005166264,2
3925018,9.90364345800652,7
3925022,9.957752909032335,4
3925028,9.899712266001664,6
3925038,9.789763174409547,10
3925039,9.98966517867374,1
3925052,9.707048090558716,13
3925058,9.88879008722141,6
3925073,9.653909552035849,15
3925074,10.0,1
3925082,9.865177452320895,8
3925092,9.856099472275595,10
3925101,9.806941879171974,9
3925117,9.677851572337877,16
3925120,9.95494662531103,3
3925138,9.622299650249742,18
3925141,9.958650897074223,3
3925150,9.836687789739829,9
3925163,9.766838210967821,13
3925164,10.0,1
3925180,9.573206557652904,16
3925185,9.91544677295064,5
3925200,9.656108866519478,15
3925205,9.933517901110218,5
3925206,10.0,1
3925213,9.896393349984132,7
3925220,9.861545184282962,7
3925221,10.0,1
3925222,10.0,1
3925233,9.792328412330077,11
3925245,9.744633535246988,12
3925256,9.778611544863114,11
3925263,9.872720683071504,7
3925266,9.952390917437814,3
3925268,9.97993134212027,2
3925280,9.724071622792671,12
3925290,9.774819589338865,10
3925296,9.886070683976808,6
3925302,9.901561554211307,6
3925312,9.786326677432633,10
3925321,9.818231219847462,9
3925328,9.85802103108683,7
3925335,9.887238522538576,7
3925343,9.829547407810429,8
3925344,10.0,1
3925345,10.0,1
3925352,9.879914409600582,7
3925360,9.82842701712096,8
3925372,9.76864783529771,12
3925381,9.800454533838245,9
3925394,9.679857621989278,13
3925404,9.581693255342616,10
3925418,9.66760301709743,14
3925425,9.862069285918318,7
3925427,9.971686213692776,2
3925447,9.549455967402512,20
3925451,9.957128121343299,4
3925466,9.690327655321717,15
3925471,9.90987327484871,5
3925483,9.742792757098034,12
3925493,9.820300333278078,10
3925494,10.0,1
3925497,9.957497732761956,3
3925498,10.0,1
3925511,9.705551842281764,13
3925516,9.918896385054595,5
3925522,9.895517343417698,6
3925530,9.858676847096268,8
3925535,9.915400048951874,5
3925544,9.812040680118672,9
3925550,9.908541330796426,6
3925562,9.746106091271034,12
3925569,9.854616813160714,7
3925574,9.924259228115472,5
3925587,9.742265138361812,13
3925592,9.917050149311226,5
3925603,9.785392278601455,11
3925616,9.710326488357463,13
3925617,9.986418640663235,1
3925629,9.730019256341487,12
3925634,9.906410433479616,5
3925639,9.925240230433994,5
3925644,9.932961599994393,5
3925658,9.749497530691194,14
3925671,9.71049004662187,13
3925682,9.811919607183269,11
3925697,9.626674106568595,15
3925710,9.74192798891504,13
3925720,9.772324871105337,10
3925724,9.93702896618173,4
3925731,9.877676938374334,7
3925748,9.70741826476083,17
3925754,9.898985642073026,6
3925757,9.968572362455403,3
3925762,9.935836282181787,5
3925769,9.891091660587046,7
3925770,9.988316800680986,1
3925781,9.778258006049425,11
3925787,9.880695396228628,6
3925794,9.861144515148995,7
3925802,9.846872116163782,8
3925810,9.842383524501427,8
3925818,9.856233213311087,8
3925825,9.898630794935793,7
3925837,9.720296672457827,12
3925848,9.743723918402411,11
3925856,9.843193341189103,8
3925861,9.902438712912037,5
3925868,9.862802349070181,7
3925880,9.742598913570598,12
3925889,9.818017144534547,9
3925896,9.757459123429424,7
3925898,9.980927786537956,2
3925902,9.93752695804234,4
3925909,9.874046827152728,7
3925921,9.765200527039605,12
3925939,9.594210338418053,18
3925943,9.94325876755182,4
3925944,10.0,1
3925956,9.737482488106782,12
3925966,9.810351523217133,10
3925971,9.899327582972637,5
3925981,9.752187831928373,10
3925989,9.858810260323704,8
3925994,9.925616494425661,5
3926007,9.685090597874066,13
3926018,9.749623017187657,11
3926021,9.966480821568616,3
3926299,-101.51042488218991,278
3926304,9.903710149230145,5
3926314,9.769553712272089,10
3926315,10.0,1
3926329,9.71714565579479,14
3926335,9.884182192000935,6
3926342,9.890541051063325,7
3926354,9.75049256910953,12
3926356,9.97286769172519,2
3926367,9.754050962819642,11
3926372,9.904488739495099,5
3926385,9.729769006760856,13
3926388,9.966707584902563,3
3926401,9.706792649530291,13
3926415,9.671274952198672,14
3926430,9.645455645008314,15
3926435,9.92061277481439,5
3926452,9.665376783929979,17
3926465,9.731003643813205,13
3926472,9.879366187680647,7
3926482,9.79748962854604,10
3926489,9.850523235639843,7
3926498,9.800079594852829,9
3926509,9.776338513491284,11
3926515,9.901771092238713,6
3926524,9.82130199925799,9
3926535,9.757817250752188,11
3926546,9.752879146496129,11
3926554,9.84399717618052,8
3926561,9.862826406537716,7
3926562,9.996310809084939,1
3926563,10.0,1
3926564,10.0,1
3926571,9.85981002593766,7
3926580,9.822834566589755,9
3926589,9.80471977164425,9
3926596,9.874401543276782,7
3926605,9.811345983720685,9
3926615,9.804091504935924,10
3926616,10.0,1
3926623,9.875311906486372,7
3926646,8.058227093388599,23
3926652,9.887940075840524,6
3926659,9.856504961385692,7
3926664,9.919332147430335,5
3926674,9.81583796960085,10
3926683,9.827495865236562,9
3926684,10.0,1
3926701,9.587259619312523,17
3926710,9.820968654160993,9
3926711,9.991855652471626,1
3926718,9.889663149323614,7
3926724,9.901347104129485,6
3926734,9.774285728573652,10
3926748,9.591546349326453,14
3926759,9.79325755719539,11
3926760,10.0,1
3926769,9.85247428322685,9
3926782,9.734015402879747,13
3926787,9.920144939499684,5
3926793,9.90809465284307,6
3926805,9.748767586220499,12
3926806,10.0,1
3926812,9.910162466072522,6
3926826,9.70141031945172,14
3926841,9.708991799682662,15
3926847,9.894174241638558,6
3926851,9.943569952602664,4
3926858,9.868997867824335,7
3926869,9.791959422466142,11
3926879,9.78234487656984,10
3926884,9.92982100274111,5
3926887,9.952216048830543,3
3926897,9.789529799490152,10
3926904,9.88128529077364,7
3926914,9.835562554852121,10
3926915,10.0,1
3926925,9.792223554322138,10
3926934,9.812900397421776,9
3926942,9.829912384469473,8
3926950,9.820321591102658,8
3926959,9.850210857176597,9
3926966,9.873641707674878,7
3926973,9.662985042994933,7
3926988,9.631165704434185,15
3927027,9.260244191207867,39
3927041,9.703350685055224,14
3927051,9.756513574744725,10
3927061,9.78806669055892,10
3927062,10.0,1
3927066,9.931468220130581,4
3927079,9.710028301993562,13
3927084,9.938189694096156,5
3927096,9.745961760838904,12
3927104,9.854091446866175,8
3927107,9.956056895450622,3
3927112,9.910769534724349,5
3927117,9.90272619453739,5
3927137,9.535556562565015,20
3927140,9.963370677503619,3
3927149,9.873092688258788,9
3927158,9.835454813170047,9
3927169,9.775385529569226,11
3927187,9.583265782600979,18
3927188,10.0,1
3927200,9.734752344135828,12
3927210,9.779131091696616,10
3927221,9.800774573987058,11
3927227,9.888820727418999,6
3927244,9.63437927338602,17
3927248,9.950072544527059,4
3927257,9.830410515052225,9
3927269,9.743776389775162,12
3927275,9.887872740299622,6
3927280,9.92377015006098,5
3927285,9.901237384823336,5
3927291,9.901371590694422,6
3927297,9.69856523816648,6
3927308,9.789194919108095,11
3927317,9.822615496389401,9
3927318,10.0,1
3927322,9.948396586654518,4
3927334,9.735444109195948,12
3927337,9.955284035305024,3
3927342,9.917489474316053,5
3927353,9.78541584218641,11
3927358,9.928138668468026,5
3927360,9.984317226576637,2
3927367,9.859531016277833,7
3927378,9.75518464408853,11
3927382,9.932714050559008,4
3927391,9.782717165729885,9
3927401,9.789865472436086,10
3927407,9.886326190091307,6
3927414,9.854574073243796,7
3927421,9.896282842292152,7
3927428,9.88583490213847,7
3927437,9.819633526109,9
3927443,9.903422078142437,6
3927448,9.929237675794237,5
3927472,9.603924064808675,24
3927482,9.795692605149643,10
3927491,9.81196666720938,9
3927493,9.97862937496836,2
3927504,9.784548729584667,11
3927510,9.89096965766084,6
3927524,9.66551512711332,14
3927545,9.577597560483827,21
3927557,9.653344694264915,12
3927569,9.74206387819174,12
3927572,9.95585776610347,3
3927586,9.729980099354743,14
3927591,9.921476295620373,5
3927604,9.741876651387107,13
3927613,9.610978734632035,9
3927614,9.988746280261338,1
3927625,9.77852132677913,11
3927628,9.967334208234755,3
3927633,9.920911101396142,5
3927640,9.865644409657332,7
3927650,9.781966567186712,10
3927657,9.875268186901339,7
3927658,9.99660690277382,1
3927663,9.92793474002288,5
3927668,9.907707538791291,5
3927675,9.878107698386145,7
3927688,9.709300787485049,13
3927705,9.580537165580072,17
3927716,9.75488282771937,11
3927729,9.709526053372443,13
3927733,9.950647872293661,4
3927745,9.775652857066518,12
3927746,10.0,1
3927749,9.958974313909442,3
3927756,9.866584720229126,7
3927769,9.718233202471401,13
3927775,9.89926947958222,6
3927786,9.760455343284189,11
3927791,9.921389557203822,5
3927799,9.83292787355446,8
3927806,9.879672502396495,7
3927807,10.0,1
3927820,9.733261231292825,13
3927827,9.891058828485061,7
3927835,9.84611400289681,8
3927836,10.0,1
3927849,9.721320421740298,13
3927855,9.894208870224352,6
3927864,9.827536649327014,9
3927871,9.87376396135071,7
3927886,9.660914197140277,15
3927900,9.717363240295441,14
3927911,9.766095715768651,11
3927924,9.70510003351017,13
3927927,9.960424305656465,3
3927932,9.93444614259273,5
3927938,9.896158053123598,6
3927951,9.732100155688245,13
3927960,9.795678594167468,9
3927973,9.711672716140576,13
3927974,9.995959489376444,1
3927989,9.67161449540465,15
3927996,9.864389718376975,7
3928000,9.93567978592048,4
3928004,9.938506087369555,4
3928010,9.897611362561841,6
3928015,9.930325466821076,5
3928028,9.64342423950002,13
3928032,9.945529269844757,4
3928045,9.76681898859714,13
3928055,9.811056884544655,10
3928063,9.879359704770218,8
3928064,10.0,1
3928074,9.790966271507411,10
3928079,9.936532154580178,5
3928085,9.90251941472125,6
3928090,9.92802736649832,5
3928095,9.926100430147685,5
3928107,9.752228797986284,12
3928116,9.81873765961763,9
3928124,9.844066222878784,8
3928130,9.918519970779759,6
3928143,9.702131437830726,13
3928156,9.735146478499892,13
3928165,9.83430295757999,9
3928176,9.783869885331134,11
3928187,9.76937144311745,11
3928197,9.795709656218044,10
3928207,9.780638299320994,10
3928212,9.915418845999346,5
3928213,10.0,1
3928226,9.718040039996607,13
3928235,9.839814326490629,9
3928247,9.767580197507842,12
3928258,9.782054474135101,11
3928266,9.837144106520398,8
3928278,9.626777900216599,12
3928283,9.897422543061642,5
3928286,9.968675249980715,3
3928291,9.908804277258833,5
3928295,9.941978842266458,4
3928305,9.799927815171259,10
3928308,9.94680776898827,3
3928316,9.836040838830183,8
3928317,10.0,1
3928320,9.948789273552624,3
3928321,10.0,1
3928329,9.841750125687227,8
3928340,9.750918357686647,11
3928353,9.727121425787862,13
3928354,10.0,1
3928356,9.983883369388208,2
3928363,9.864737531773919,7
3928376,9.695671468135307,13
3928382,9.873656507020938,6
3928391,9.851986475194817,9
3928398,9.873979020229001,7
3928412,9.687787581452785,14
3928423,9.798588375235248,11
3928439,9.626680503430688,16
3928449,9.79825011383076,10
3928458,9.826389125288166,9
3928459,9.992976622822354,1
3928474,9.65096418864547,15
3928489,9.676668042353286,15
3928501,9.743517885445549,12
3928512,9.760419954143968,11
3928518,9.897711592486196,6
3928519,10.0,1
3928532,9.602422731093336,13
3928546,9.685307836521785,14
3928551,9.914218277981185,5
3928561,9.826598209893335,10
3928575,9.66385105428976,14
3928584,9.843793546641061,9
3928588,9.94992001874905,4
3928595,9.859716230022256,7
3928597,9.969846778336647,2
3928606,9.818574640558525,9
3928616,9.793419464457225,10
3928627,9.775703226332404,11
3928632,9.925960727818424,5
3928646,9.675187870679935,14
3928655,9.822929718916487,9
3928656,10.0,1
3928673,9.667889421237328,17
3928681,9.86076600167708,8
3928693,9.742866570773536,12
3928703,9.779284367746937,10
3928714,9.755872544672327,11
3928717,9.962411581996829,3
3928720,9.966108600033946,3
3928721,9.989890772753036,1
3928730,9.8141353540334,9
3928735,9.918420775542193,5
3928744,9.812678559263443,9
3928749,9.922127274918845,5
3928758,9.820762775837506,9
3928768,9.795209869375,10
3928769,10.0,1
3928781,9.763567470234324,12
3928790,9.845717612484071,9
3928799,9.823189766557089,9
3928800,10.0,1
3928808,9.877002064475018,8
3928809,10.0,1
3928820,9.751890262619618,11
3928826,9.912589496682093,6
3928830,9.936082509758803,4
3928844,9.744147349276846,14
3928845,10.0,1
3928854,9.803914691229874,9
3928862,9.89790286145655,8
3928866,9.953657076509934,4
3928879,9.71396950401641,13
3928885,9.900401276263253,6
3928887,9.976176968883701,2
3928893,9.903739277279017,6
3928898,9.928430081051207,5
3928899,9.99345659562546,1
3928903,9.946884886721195,4
3928915,9.742235929552582,12
3928927,9.742310458137355,12
3928930,9.95055694846744,3
3928935,9.921042366650072,5
3928939,9.955697055433337,4
3928947,9.87408755543172,8
3928952,9.92265384612162,5
3928956,9.923919514076717,4
3928963,9.872424786644164,7
3928974,9.771217123269052,11
3928981,9.870717370049686,7
3928987,9.887660021037169,6
3928988,10.0,1
3928999,9.757853806793372,11
3929011,9.746769860680175,12
3929022,9.79855012620746,11
3929034,9.74904263343706,12
3929045,9.814834692825851,11
3929055,9.780436059630437,10
3929068,9.727621829607601,13
3929074,9.902818813148176,6
3929083,9.825517456063078,9
3929091,9.867344154227046,8
3929092,10.0,1
3929098,9.895554408088897,6
3929099,10.0,1
3929102,9.964774942267805,3
3929106,9.93315925400027,4
3929117,9.752317485547644,11
3929123,9.890452466156708,6
3929126,9.967544896233216,3
3929130,9.94031876815722,4
3929138,9.83445051828032,8
3929144,9.885544406714523,6
3929158,9.677474698728327,14
3929165,9.879582585096509,7
3929176,9.749728215854987,11
3929177,10.0,1
3929191,9.719363979650986,14
3929193,9.985412682307517,2
3929206,9.69680852675945,13
3929217,9.75936520516807,11
3929229,9.735278970041943,12
3929239,9.789175988876012,10
3929244,9.91956158976964,5
3929254,9.783646485707058,10
3929264,9.804338402473666,10
3929271,9.867424556233113,7
3929279,9.843753545173287,8
3929289,9.79258294721256,10
3929299,9.772892108182836,10
3929307,9.88741988708043,8
3929316,9.825256124008098,9
3929322,9.89052594470253,6
3929325,9.950097897507055,3
3929339,9.407463937843477,14
3929349,9.796530647752432,10
3929359,9.78958195608924,10
3929364,9.92457636936621,5
3929375,9.770095524679434,11
3929376,10.0,1
3929381,9.918732522837114,5
3929393,9.722200235364603,12
3929405,9.724481296684603,12
3929407,9.975859522018887,2
3929408,10.0,1
3929416,9.82267478002097,8
3929425,9.825434401940639,9
3929429,9.941774872832726,4
3929440,9.761998637824522,11
3929450,9.790380379027411,10
3929457,9.853048217905608,7
3929458,10.0,1
3929469,9.783008039835074,11
3929483,9.654783151197142,14
3929495,9.747566075445887,12
3929502,9.861406273201824,7
3929514,9.736922550650295,12
3929521,9.860893090983406,7
3929527,9.892776995297282,6
3929534,9.886652727181232,7
3929543,9.807574734542168,9
3929545,9.984747666304713,2
3929553,9.860483788073944,8
3929559,9.906495188627764,6
3929568,9.799564124470619,9
3929574,9.90549402674366,6
3929589,9.6822578920902,15
3929595,9.904174200466837,6
3929602,9.87052436301724,7
3929615,9.697036069579807,13
3929616,10.0,1
3929622,9.896316356337145,6
3929636,9.670729973745887,14
3929649,9.722364875222851,13
3929661,9.719290953543526,12
3929664,9.960349451657063,3
3929678,9.63914762119726,14
3929682,9.938958162917684,4
3929692,9.789068873943712,10
3929703,9.701883015495449,11
3929706,9.866255687337759,3
3929711,9.823925974192887,5
3929728,9.595346845108198,17
3929733,9.910314649660982,5
3929746,9.69907101592647,13
3929759,9.68193260735265,13
3929764,9.917436148769603,5
3929771,9.873770464014205,7
3929784,9.60581298188878,13
3929792,9.84485368580345,8
3929793,10.0,1
3929794,10.0,1
3929801,9.853951243177303,7
3929802,10.0,1
3929803,10.0,1
3929817,9.699038964555832,14
3929828,9.756729806649282,11
3929842,9.590437388204062,14
3929847,9.919833088234569,5
3929851,9.635972835268909,4
3929858,9.889772129622301,7
3929861,9.95712692470991,3
3929865,9.941289539820394,4
3929876,9.783198272605922,11
3929888,9.738205153250803,12
3929902,9.544547918607869,14
3929906,9.93393650006222,4
3929921,9.654373237345357,15
3929926,9.921291134105793,5
3929931,9.909638723981054,5
3929933,9.984130756911787,2
3929934,10.0,1
3929945,9.780819639349003,11
3929951,9.88284470111146,6
3929958,9.86583144112947,7
3929970,9.730770402768748,12
3929971,9.996280906761527,1
3929976,9.914008107640809,5
3929981,9.814530861792582,5
3929984,9.962923126394529,3
3929988,9.945083232255891,4
3929993,9.917709285447167,5
3930005,9.739575287511968,12
3930009,9.92751611648891,4
3930022,9.696706329014566,13
3930025,9.958285932507366,3
3930031,9.894088453662853,6
3930044,9.714687834332626,13
3930053,9.83511345459408,9
3930054,10.0,1
3930063,9.810947419256328,9
3930075,9.727830429996642,12
3930083,9.757568054549703,8
3930093,9.78290993716605,10
3930117,9.489025380029403,24
3930125,9.835124253880945,8
3930136,9.761871130415507,11
3930145,9.828222633661884,9
3930146,9.992226555783404,1
3930156,9.789738394434613,10
3930171,9.630826794400724,15
3930179,9.842706392556988,8
3930184,9.926344208947386,5
3930199,9.544652533184962,15
3930207,9.827635756154017,8
3930212,9.918870019568434,5
3930219,9.838100148286427,7
3930238,9.550190955294493,19
3930239,10.0,1
3930249,9.804305681269048,10
3930263,9.683449388364505,14
3930269,9.92256284926192,6
3930280,9.771395611305657,11
3930286,9.895765713294361,6
3930287,10.0,1
3930291,9.939871236530362,4
3930300,9.799078808507975,9
3930305,9.908287954432204,5
3930310,9.909989086304469,5
3930323,9.77745447923594,13
3930331,9.859647660888994,8
3930334,9.968431689737253,3
3930350,9.68687112213846,16
3930359,9.816343683122764,9
3930360,10.0,1
3930386,9.479318117813882,26
3930394,9.840597991079514,8
3930405,9.759009209225157,11
3930416,9.764181536809646,11
3930423,9.863800925328473,7
3930424,10.0,1
3930432,9.846914658331283,8
3930433,10.0,1
3930437,9.939611643329108,4
3930442,9.93308669720982,5
3930456,9.678141346987887,14
3930465,9.816358942486675,9
3930473,9.84601556876163,8
3930475,9.973405757301324,2
3930486,9.761394336299523,11
3930494,9.851233335348683,8
3930500,9.918601430027977,6
3930511,9.761227066534,11
3930515,9.933668559589428,4
3930530,9.67465076526424,15
3930544,9.70139916110634,14
3930561,9.579141828710897,17
3930566,9.914905456619547,5
3930575,9.799500608982937,9
3930582,9.859396015420897,7
3930592,9.794834462587712,10
3930600,9.8558619678652,8
3930605,9.91645398795131,5
3930609,9.949814824443107,4
3930610,10.0,1
3930625,9.70732837507125,15
3930633,9.819931713072393,8
3930634,10.0,1
3930643,9.821402196291103,9
3930656,9.72396702895412,13
3930657,9.992544275530987,1
3930664,9.875079488569506,7
3930668,9.943475720475343,4
3930679,9.755786343293577,11
3930685,9.903568824466198,6
3930698,9.72601496186126,13
3930707,9.84662496453383,9
3930720,9.706314088270785,13
3930732,9.705124173930466,12
3930743,9.78762034957976,11
3930755,9.748054256146213,12
3930764,9.794521962543886,9
3930779,9.657674221274178,15
3930792,9.675805437808048,13
3930805,9.696565922366366,13
3930816,9.764356979986315,11
3930830,9.655793533213053,14
3930837,9.857831615339089,7
3930848,9.775789879159605,11
3930849,10.0,1
3930862,9.723948543724779,13
3930869,9.861303396475288,7
3930878,9.809579123475427,9
3930885,9.874641114987593,7
3930892,9.879805043868895,7
3930901,9.799795842327619,9
3930913,9.743810602335886,12
3930918,9.919431016187849,5
3930933,9.639657328986148,15
3930943,9.78467270986666,10
3930949,9.903498185952229,6
3930953,9.93893547902668,4
3930958,9.902980311026347,5
3930973,9.653990454844925,15
3930987,9.700401447354873,14
3931000,9.689530263083313,13
3931006,9.908157115111434,6
3931010,9.936227684220759,4
3931015,9.91651632047517,5
3931028,9.730486876425864,13
3931038,9.77580181261131,10
3931043,9.911987415504948,5
3931048,9.905515941725543,5
3931054,9.895956538089353,6
3931076,9.395827179161522,22
3931080,9.942088016627325,4
3931089,9.819894069301881,9
3931094,9.91385341478144,5
3931111,9.60384620863192,17
3931115,9.9324670001117,4
3931131,9.466850562830436,16
3931139,9.860015770643235,8
3931152,9.71373366597439,13
3931153,10.0,1
3931155,9.977940040404086,2
3931162,9.8804831033784,7
3931173,9.791213826499149,11
3931184,9.74687720246976,11
3931193,9.823226765494827,9
3931203,9.764980617034267,10
3931214,9.766878679127794,11
3931220,9.903246187454807,6
3931230,9.775046937339717,10
3931241,9.778020734602872,11
3931251,9.817296613780494,10
3931254,9.964440105167272,3
3931265,9.74828353903051,11
3931275,9.81429031911598,10
3931282,9.858922145667178,7
3931286,9.939817242655925,4
3931287,10.0,1
3931292,9.939530124353261,5
3931317,6.988487166850227,25
3931321,9.939141605419174,4
3931332,9.765613368202004,11
3931338,9.881785428830646,6
3931351,9.710430209590134,13
3931360,9.848647629242377,9
3931361,9.992871985375038,1
3931363,9.985611739836402,2
3931364,10.0,1
3931379,9.701040370337596,15
3931391,9.758156109421343,12
3931401,9.794036400413383,10
3931410,9.811255105575839,9
3931425,9.62526689540067,15
3931437,9.790065308017565,12
3931444,9.895042364478162,7
3931457,9.71246486829424,13
3931465,9.844882963110518,8
3931477,9.76594995154457,12
3931480,9.95543095976864,3
3931494,9.671538127510109,14
3931495,10.0,1
3931501,9.908667558381417,6
3931505,9.952554748863133,4
3931519,9.675758563849817,14
3931526,9.878395442344196,7
3931536,9.794595588677788,10
3931544,9.828893469177734,8
3931552,9.819693462701023,8
3931555,9.953974685489307,3
3931559,9.931731007775747,4
3931565,9.889548552038622,6
3931573,9.842504824546586,8
3931583,9.778438786340484,10
3931584,10.0,1
3931585,9.996254177888163,1
3931589,9.957305414902141,4
3931597,9.849757833201686,8
3931606,9.807683587958987,9
3931609,9.949681610494396,3
3931617,9.8548661680917,8
3931623,9.898175428322764,6
3931624,10.0,1
3931628,9.946018928466945,4
3931636,9.860080232442542,8
3931652,9.600476688898551,16
3931661,9.813995204130443,9
3931666,9.901676486227128,5
3931667,10.0,1
3931674,9.849888131984336,7
3931677,9.966802010806916,3
3931691,9.685146838270358,14
3931704,9.720574121556226,13
3931709,9.910875546633834,5
3931721,9.696219983083752,12
3931731,9.790744168937213,10
3931741,9.812009490487851,10
3931744,9.964512888500296,3
3931750,9.88912563073853,6
3931759,9.813238898461147,9
3931764,9.919388821761618,5
3931774,9.786653999727678,10
3931781,9.858861591958037,7
3931791,9.789251498277872,10
3931802,9.767719471865334,11
3931803,10.0,1
3931808,9.816571447432556,5
3931809,10.0,1
3931819,9.821202415513016,10
3931830,9.65723885274318,11
3931839,9.837204614919013,9
3931849,9.793076698862174,10
3931855,9.899222997043811,6
3931865,9.781683055986885,10
3931873,9.85569567750355,8
3931875,9.973337012545922,2
3931883,9.86555116595103,8
3931884,10.0,1
3931892,9.760128920830766,8
3931910,9.609283599243984,18
3931917,9.880142630383796,7
3931928,9.7536612143645,11
3931935,9.884911165229738,7
3931948,9.68279445084327,13
3931954,9.899837400412176,6
3931968,9.665347707216402,14
3931973,9.918852566108725,5
3931989,9.62897167911943,16
3931994,9.903546129172685,5
3932002,9.842758204336999,8
3932014,9.753700519598754,12
3932017,9.957663674902363,3
3932022,9.93411722711039,5
3932038,9.629336346769628,16
3932050,9.722403002396916,12
3932054,9.923660627268868,4
3932069,9.668383365123105,15
3932079,9.821359742683615,10
3932088,9.809266877092991,9
3932089,9.988105589735149,1
3932095,9.892543690539034,6
3932096,9.987950931528912,1
3932110,9.642105052011862,14
3932118,9.836355545411598,8
3932129,9.747273695103809,11
3932132,9.952821840332343,3
3932139,9.8811122727436,7
3932158,9.506150148643092,19
3932167,9.824406473871402,9
3932172,9.91592494359273,5
3932177,9.936670625314123,5
3932178,10.0,1
3932179,10.0,1
3932188,9.806215946422059,9
3932194,9.77879982498478,6
3932198,9.942588053438865,4
3932211,9.711544593492437,13
3932222,9.763800767494454,11
3932223,10.0,1
3932228,9.906056248102361,5
3932232,9.927949196120718,4
3932234,9.982821439219094,2
3932243,9.808020368670173,9
3932251,9.82943905694778,8
3932252,10.0,1
3932264,9.73688689805059,12
3932266,9.97732255125316,2
3932278,9.726298576474232,12
3932292,9.70666897291677,14
3932293,10.0,1
3932299,9.89767119934202,6
3932310,9.764450830627773,11
3932326,9.651205498015914,16
3932329,9.961863681787365,3
3932338,9.817913055976424,9
3932351,9.760180667316005,13
3932359,9.870302873118074,8
3932360,10.0,1
3932365,9.921039823713842,5
3932366,10.0,1
3932377,9.783591386196822,11
3932388,9.736031503009087,11
3932402,9.681120981903117,14
3932419,9.581711068711149,17
3932425,9.885937527499037,6
3932444,9.54401116264001,19
3932449,9.92972710422236,5
3932450,9.996049180821736,1
3932455,9.914017129902607,5
3932456,10.0,1
3932462,9.868443885373567,6
3932477,9.64934739037903,15
3932486,9.815160033344762,9
3932492,9.877341809429453,6
3932495,9.953039283107735,3
3932508,9.72768175887106,13
3932512,9.9257132634129,4
3932516,9.937292497811129,4
3932531,9.658353763444728,15
3932533,9.974354994530595,2
3932546,9.686297605896861,13
3932559,9.730591798708037,13
3932562,9.954951477669962,3
3932576,9.677530878063692,14
3932589,9.702525125768979,13
3932596,9.879280216392738,7
3932605,9.824504388332288,9
3932610,9.926884843216893,5
3932621,9.742482846116834,11
3932626,9.942007624030468,5
3932627,10.0,1
3932635,9.86646068373665,8
3932646,9.74426604010166,11
3932653,9.873964317063384,7
3932660,9.856028441628979,7
3932661,10.0,1
3932674,9.71784076176628,13
3932689,9.671820928939272,15
3932698,9.82470699761343,9
3932705,9.848831330966611,7
3932716,9.822894012332931,11
3932728,9.741064427922693,12
3932737,9.81328603629713,9
3932743,9.881857192292994,6
3932752,9.827996655238946,9
3932761,9.835247603904772,9
3932771,9.785724789758165,10
3932778,9.872861306536953,7
3932791,9.70195173086756,13
3932803,9.746261127085944,12
3932813,9.793951870959274,10
3932820,9.865855179452755,7
3932828,9.860014355918892,8
3932837,9.8314918240972,9
3932847,9.78219967145265,10
3932851,9.940102022886881,4
3932859,9.824347897675597,8
3932862,9.95488144169929,3
3932867,9.918039219782331,5
3932877,9.814421366078207,10
3932878,9.996217622904098,1
3932886,9.853095037071526,8
3932891,9.924193496117907,5
3932896,9.90128751402885,5
3932910,9.679227663938553,14
3932919,9.817749578646172,9
3932924,9.91227916383133,5
3932930,9.892249878046355,6
3932938,9.889897897936928,8
3932939,10.0,1
3932961,9.416530920521588,22
3932964,9.950520070125403,3
3932978,9.677360415359749,14
3932982,9.933691594221667,4
3932993,9.774946337621186,11
3933002,9.812454203722774,9
3933003,10.0,1
3933011,9.839166976294814,8
3933018,9.865566340725751,7
3933036,8.87652065930428,18
3933053,9.58386578258659,17
3933063,9.792380423295452,10
3933074,9.758535484007917,11
3933084,9.81318237428776,10
3933088,9.941857716600886,4
3933101,9.713941911869702,13
3933102,10.0,1
3933121,9.533552870084074,19
3933130,9.82176120486176,9
3933131,10.0,1
3933132,10.0,1
3933143,9.78108216740168,11
3933147,9.943178622751375,4
3933153,9.886768767793404,6
3933161,9.843450471615292,8
3933167,9.89935870976275,6
3933182,9.359366642694097,15
3933187,9.923009389592568,5
3933201,9.698446622688941,14
3933212,9.783873615791467,11
3933221,9.810415686930513,9
3933234,9.699066410354348,13
3933244,9.791683252077004,10
3933252,9.845839685586215,8
3933256,9.94613333197732,4
3933257,9.988807016354249,1
3933267,9.774525047011313,10
3933275,9.842735208495695,8
3933279,9.935850927832792,4
3933280,10.0,1
3933287,9.885092672785058,7
3933295,9.847668423683844,8
3933303,9.833302227347305,8
3933314,9.776510160758683,11
3933320,9.908321080929525,6
3933330,9.788989658467944,10
3933348,9.626025935915406,18
3933357,9.825756474799173,9
3933372,9.667098749393398,15
3933384,9.74531109246059,12
3933395,9.771930627032852,11
3933403,9.825849971645813,8
3933413,9.786786913576044,10
3933424,9.75174465009033,11
3933434,9.803656167475104,10
3933446,9.715652471935718,12
3933454,9.83618378198513,8
3933463,9.82129645884558,9
3933480,9.620486312248998,17
3933487,9.881314566392145,7
3933493,9.906285864566735,6
3933494,9.992349469138293,1
3933495,10.0,1
3933503,9.85167285436478,8
3933509,9.902433807926013,6
3933516,9.878340990385373,7
3933523,9.864877691140656,7
3933531,9.832496816365829,8
3933536,9.919267912531609,5
3933546,9.815107524008077,10
3933559,9.552287555428563,13
3933569,9.78229685433036,10
3933579,9.59730767891582,10
3933586,9.877336052537125,7
3933591,9.920079438477954,5
3933596,9.916281879082685,5
3933599,9.96234512974143,3
3933607,9.857530147515988,8
3933618,9.771146843607694,11
3933628,9.773041456000145,10
3933629,9.988141784785446,1
3933638,9.834874757032532,9
3933644,9.882762373575858,6
3933661,9.577354605298808,17
3933665,9.933837688065651,4
3933682,9.615597196330857,17
3933686,9.94594351510122,4
3933687,9.996807945979672,1
3933698,9.781643846833562,11
3933701,9.972516957196229,3
3933706,9.92809596112241,5
3933720,9.707092591570712,14
3933735,9.690693546948582,15
3933738,9.959242218329969,3
3933750,9.736580575318195,12
3933759,9.849806187532954,9
3933767,9.818877447950273,8
3933768,10.0,1
3933771,9.965389578679556,3
3933772,10.0,1
3933777,9.908003897572383,5
3933788,9.746541206710159,11
3933798,9.78249685990396,10
3933804,9.873419056562097,6
3933816,9.730465743460847,12
3933822,9.894112849334425,6
3933830,9.843703805679523,8
3933837,9.881821077855736,7
3933841,9.945989158492214,4
3933849,9.8244187424998,8
3933855,9.892075665711266,6
3933858,9.9648520305201,3
3933870,9.734137124666708,12
3933875,9.922004093142915,5
3933884,9.819532754421179,9
3933901,9.63748754991208,17
3933915,9.692927103063774,14
3933926,9.75490393031021,11
3933932,9.893165769099564,6
3933942,9.777353979654816,10
3933950,9.833492190429673,8
3933961,9.757225411526832,11
3933970,9.818630259598041,9
3933983,9.719622759541183,13
3933990,9.87997762280275,7
3934002,9.739729183612093,12
3934010,9.847229424793861,8
3934014,9.942297394950417,4
3934020,9.880464339116322,6
3934051,9.304878075352159,31
3934064,9.703836403978599,13
3934072,9.834219804629031,8
3934073,10.0,1
3934078,9.922774578803773,5
3934085,9.850850074691182,7
3934096,9.787889485622577,11
3934098,9.975023639949622,2
3934103,9.915329113068786,5
3934105,9.879940795197712,2
3934114,9.628098181643386,9
3934117,9.961372163982766,3
3934125,9.86064649071213,8
3934129,9.938220772432025,4
3934134,9.919008784765198,5
3934138,9.947432293507788,4
3934147,9.843284094224614,9
3934163,9.701603578024063,16
3934166,9.95484243322731,3
3934173,9.870790443617967,7
3934179,9.89194645419365,6
3934189,9.794229278594445,10
3934193,9.944457066544231,4
3934199,9.897751291446035,6
3934210,9.745285071308578,11
3934215,9.906222620236633,5
3934216,10.0,1
3934217,9.993148030659992,1
3934224,9.853537319850432,7
3934231,9.848483856251338,7
3934243,9.537798388753265,12
3934246,9.958615769038415,3
3934252,9.893319276002316,6
3934253,10.0,1
3934260,9.882049554396506,7
3934261,10.0,1
3934270,9.820285316021137,9
3934271,10.0,1
3934278,9.87390115038112,7
3934284,9.886155110744552,6
3934285,10.0,1
3934288,9.963202723187644,3
3934297,9.716083101680448,9
3934298,10.0,1
3934310,9.730090722394339,12
3934317,9.875554949854418,7
3934321,9.949018186476708,4
3934331,9.798766806826519,10
3934343,9.756324615290058,12
3934355,9.732758148213305,12
3934360,9.912701382435323,5
3934368,9.879345913222512,8
3934379,9.789347239296989,11
3934381,9.977201884411995,2
3934384,9.96838147161613,3
3934399,9.627860122091418,15
3934405,9.898634730765355,6
3934414,9.811769056243708,9
3934422,9.881028569859502,8
3934425,9.764003878582326,3
3934439,9.676168123114195,14
3934440,10.0,1
3934452,9.808042229375227,12
3934463,9.794617667906408,11
3934470,9.884868148138464,7
3934478,9.827864610655498,8
3934481,9.960968866967457,3
3934487,9.881016355254866,6
3934490,9.961376151723234,3
3934491,10.0,1
3934504,9.706800569117652,13
3934518,9.605159360847514,14
3934524,9.880650252361667,6
3934538,9.66580696385038,14
3934550,9.76042229367871,12
3934554,9.946050347587782,4
3934562,9.850747326562816,8
3934577,9.653533979022628,15
3934590,9.784514640527846,13
3934599,9.83852412989646,9
3934613,9.69520229011568,14
3934619,9.87833767604352,6
3934625,9.900785409736683,6
3934644,9.55041631030392,19
3934645,10.0,1
3934646,10.0,1
3934655,9.807970980733542,9
3934661,9.902288267356896,6
3934674,9.701559774582915,13
3934686,9.798365908978276,12
3934699,9.737818293038817,13
3934715,9.611936405038367,16
3934725,9.793311184906091,10
3934741,9.673695928940049,16
3934747,9.886812600389485,6
3934763,9.64443142888037,16
3934771,9.859094354797241,8
3934781,9.802193559445497,10
3934784,9.958871872176037,3
3934796,9.7387756230999,12
3934811,9.553065446578636,15
3934821,9.77200425242193,10
3934832,9.776465497450584,11
3934837,9.913864978368796,5
3934845,9.847049491593737,8
3934849,9.951285788525029,4
3934850,10.0,1
3934862,9.7331875914676,12
3934869,9.888856961271562,7
3934881,9.741440924665064,12
3934886,9.910704510999594,5
3934887,10.0,1
3934888,9.996262623796747,1
3934904,9.668747250068858,16
3934913,9.828964296821898,9
3934932,9.537930282363998,19
3934938,9.899241339428173,6
3934946,9.840093857256148,8
3934950,9.945997239502143,4
3934959,9.827137898482558,9
3934970,9.784838806785714,11
3934981,9.766765189590316,11
3934987,9.885630392604117,6
3934996,9.802829522454148,9
3935009,9.70664777646027,13
3935021,9.718140520864525,12
3935031,9.788877533111094,10
3935039,9.840622191831336,8
3935052,9.690480602147028,13
3935064,9.517659751411673,12
3935072,9.838280581143172,8
3935077,9.914177597153104,5
3935086,9.801928945176137,9
3935093,9.871604915179004,7
3935098,9.909067248453903,5
3935102,9.932457663987819,4
3935110,9.839826245147046,8
3935120,9.774191791730614,10
3935121,10.0,1
3935130,9.86198126024533,9
3935138,9.831832628020084,8
3935144,9.878114281582679,6
3935149,9.904016428276138,5
3935162,9.721699078684336,13
3935173,9.74696494775907,11
3935188,9.657996712013974,15
3935194,9.905643763755057,6
3935205,9.762754733010262,11
3935211,9.883756215834781,6
3935220,9.803956659840551,9
3935229,9.8362657739037,9
3935255,9.457572054985517,26
3935262,9.869622981707206,7
3935268,9.896791116921074,6
3935275,9.853591881378556,7
3935276,10.0,1
3935292,9.631310855496292,16
3935293,10.0,1
3935303,9.784841269610101,10
3935310,9.870829324687454,7
3935325,9.679599455853623,15
3935335,9.797727212309963,10
3935343,9.845160967417707,8
3935353,9.796631002186155,10
3935363,9.80110363092212,10
3935364,10.0,1
3935378,9.693713667714542,14
3935390,9.76434884035972,12
3935407,9.571218074901577,17
3935408,9.996565789174436,1
3935414,9.884437966545079,6
3935419,9.915808167299424,5
3935427,9.856852847712384,8
3935439,9.73078972284936,12
3935460,9.542710161594291,21
3935474,9.7049396551007,14
3935476,9.971003980595993,2
3935486,9.782397456460783,10
3935502,9.656997349012007,16
3935510,9.837022349503922,8
3935512,9.972950176630212,2
3935528,9.649902169884346,16
3935536,9.849392400404366,8
3935537,10.0,1
3935548,9.78091040818317,11
3935549,10.0,1
3935566,9.608307476066555,17
3935578,9.7511973436415,12
3935590,9.80478666304772,12
3935594,9.944498355236822,4
3935605,9.813230829977163,11
3935617,9.717237747033561,12
3935623,9.883124863132462,6
3935638,9.67641372898839,15
3935651,9.704990724795838,13
3935666,9.584138878460104,15
3935677,9.80620542655977,11
3935687,9.830517702736758,10
3935700,9.731941113244883,13
3935706,9.904649562641168,6
3935717,9.764130555825655,11
3935725,9.835488580644459,8
3935727,9.973801262543741,2
3935732,9.911664754910129,5
3935735,9.969331186182764,3
3935746,9.780759040306515,11
3935752,9.914597074256319,6
3935768,9.650385182974734,16
3935783,9.66182324111326,15
3935797,9.654550717297546,14
3935803,9.898555711190587,6
3935810,9.884847373418125,7
3935820,9.804181025949555,10
3935830,9.801745908324593,10
3935831,10.0,1
3935834,9.951389809650395,3
3935839,9.916025927331132,5
3935846,9.890818993059897,7
3935848,9.980988958310006,2
3935856,9.837195743439333,8
3935863,9.896734630145904,7
3935864,10.0,1
3935867,9.964452404879951,3
3935869,9.972210540767263,2
3935878,9.817382972062907,9
3935883,9.9199560898974,5
3935890,9.861309221781447,7
3935902,9.746613320750866,12
3935917,9.678417765579429,15
3935918,10.0,1
3935919,10.0,1
3935925,9.888323105652,6
3935930,9.92224635135898,5
3935944,9.68891174427592,14
3935948,9.941826287322705,4
3935960,9.75790507885036,12
3935961,10.0,1
3935974,9.757802165471391,13
3935982,9.637297284645697,8
3935990,9.842983064082901,8
3935991,10.0,1
3936002,9.76315246778526,11
3936009,9.886965403324016,7
3936019,9.783159635829591,10
3936028,9.842257233312782,9
3936029,10.0,1
3936036,9.882370106317861,7
3936046,9.78811177420888,10
3936055,9.847541377061635,9
3936066,9.752158113310974,11
3936071,9.913787744728976,5
3936076,9.932291228750117,5
3936077,10.0,1
3936083,9.90492972399042,6
3936093,9.784215667913031,10
3936099,9.883808542065633,6
3936100,9.987127998241686,1
3936112,9.718062934546516,12
3936124,9.732569386779407,12
3936145,9.540589094044032,21
3936160,9.737185192079554,15
3936169,9.824499402165694,9
3936181,9.769193891716576,12
3936188,9.886719266773921,7
3936203,9.663106785159664,15
3936211,9.83498327493855,8
3936212,10.0,1
3936215,9.954953307031921,3
3936218,9.948031001086068,3
3936228,9.77652306630321,10
3936235,9.871798614750716,7
3936252,9.592946666317943,17
3936260,9.840513279507018,8
3936263,9.953176975325341,3
3936271,9.868853761612057,8
3936276,9.911633603056504,5
3936284,9.838138952341065,8
3936286,9.774492276599753,2
3936299,9.708543747316156,13
3936309,9.789810862270024,10
3936314,9.934073271543863,5
3936326,9.738441751303515,12
3936332,9.8900574529974,6
3936347,9.695020207740981,15
3936353,9.870515004978417,6
3936355,9.971776972191615,2
3936356,10.0,1
3936357,10.0,1
3936362,9.900785251419745,5
3936378,9.657404404374736,16
3936384,9.906523019014813,6
3936390,9.890790049271892,6
3936398,9.840777862494383,8
3936402,9.943557287465389,4
3936415,9.75620328606586,13
3936428,9.615518992458142,13
3936436,9.861861294845367,8
3936445,9.831043859610286,9
3936454,9.813786177868261,9
3936459,9.922865321535708,5
3936474,9.678187577895114,15
3936479,9.916528313287062,5
3936489,9.779605554925785,10
3936497,9.819583986268157,8
3936507,9.790437935954856,10
3936511,9.940150896653583,4
3936523,9.768521295093416,12
3936539,9.658750110818794,16
3936549,9.794600383953243,10
3936554,9.920833351391627,5
3936560,9.899929672921335,6
3936561,10.0,1
3936562,10.0,1
3936573,9.755748542784925,11
3936574,10.0,1
3936587,9.772777775494802,13
3936595,9.861040707761541,8
3936603,9.8557834543185,8
3936608,9.936609041955064,5
3936609,9.996106349479248,1
3936617,9.857288800998445,8
3936624,9.882405057967736,7
3936628,9.932027926668495,4
3936632,9.935977874049488,4
3936644,9.777706423973507,12
3936645,10.0,1
3936654,9.832058912685325,9
3936656,9.97268753887472,2
3936667,9.780407685563604,11
3936678,9.758427121426104,11
3936688,9.803647446680204,10
3936701,9.700264281920974,13
3936708,9.862920720003464,7
3936715,9.896134887965989,7
3936719,9.93804448870122,4
3936726,9.86143074450233,7
3936737,9.749422929505279,11
3936747,9.776412078280657,10
3936748,10.0,1
3936758,9.802729707393668,10
3936762,9.93980234232327,4
3936763,10.0,1
3936766,9.954006157168422,3
3936774,9.83878693841637,8
3936782,9.842406593259756,8
3936793,9.756586540018729,11
3936794,10.0,1
3936802,9.83433651093064,8
3936805,9.953724365719202,3
3936813,9.875095424912184,8
3936816,9.970045991632288,3
3936827,9.761632850269446,11
3936835,9.855837869996078,8
3936845,9.803363492584246,10
3936850,9.91897341202626,5
3936860,9.781440397045015,10
3936863,9.956197721652831,3
3936879,9.64491033254828,16
3936891,9.54844315357694,12
3936899,9.846620022130017,8
3936909,9.817827963522673,10
3936910,10.0,1
3936920,9.778529021825237,10
3936947,4.994284067602654,27
3936950,9.950509382490573,3
3936959,9.80749151921352,9
3936969,9.777096324068527,10
3936978,9.81735340111523,9
3936987,9.816390722230286,9
3936997,9.795763500797415,10
3937002,9.909045831754518,5
3937009,9.869274518530544,7
3937010,10.0,1
3937023,9.709912886535895,13
3937041,9.623327622042126,18
3937054,9.751638791681195,13
3937062,9.844909201207052,8
3937068,9.893670915356688,6
3937080,9.75119428302596,12
3937081,10.0,1
3937086,9.915917003555958,5
3937103,9.582175975734723,17
3937115,9.73156901184666,12
3937124,9.80593842577852,9
3937125,10.0,1
3937134,9.811109931610279,9
3937135,10.0,1
3937139,9.94460227803755,4
3937154,9.67860533735548,15
3937166,9.758638682886174,12
3937175,9.852566851279542,9
3937187,9.731539129059165,12
3937192,9.910789427769906,5
3937201,9.82083697972298,9
3937202,10.0,1
3937215,9.725276464957943,13
3937216,10.0,1
3937231,9.647842992967965,15
3937235,9.933607881526958,4
3937241,9.897623668817428,6
3937250,9.829963470894521,9
3937261,9.772519063298768,11
3937266,9.912768558009121,5
3937272,9.881845765314845,6
3937284,9.726928789861203,12
3937293,9.817344670932426,9
3937301,9.848693413100051,8
3937306,9.913159495603791,5
3937312,9.913643059234582,6
3937315,9.961872002444881,3
3937326,9.79236306186297,11
3937334,9.837802237765692,8
3937335,10.0,1
3937349,9.67838329082806,14
3937357,9.869157474691413,8
3937361,9.940536899746931,4
3937374,9.718578530287289,13
3937382,9.83293602850853,8
3937383,10.0,1
3937390,9.885468059679702,7
3937404,9.665472385473597,14
3937405,9.988433817721067,1
3937416,9.764661199718201,11
3937427,9.768863858234656,11
3937431,9.921752427020015,4
3937436,9.920701975100464,5
3937448,9.735800222721842,12
3937456,9.837050266144493,8
3937466,9.783461258731755,10
3937471,9.724342856741341,5
3937478,9.853821284408763,7
3937486,9.85675094268502,8
3937496,9.787701491892626,10
3937501,9.920975701201645,5
3937509,9.838563787684802,8
3937510,10.0,1
3937515,9.930192681263076,5
3937522,9.866397904262778,7
3937531,9.799211209509718,9
3937539,9.828052527545754,8
3937548,9.822909156069192,9
3937554,9.91181845620207,6
3937572,9.583990410759935,18
3937573,10.0,1
3937584,9.75902452331904,11
3937586,9.971642440004436,2
3937587,10.0,1
3937601,9.684983504944578,14
3937610,9.810011071020043,9
3937615,9.91590892202504,5
3937628,9.719700465161056,13
3937640,9.746050347873485,12
3937646,9.893826270506013,6
3937660,9.667646770489608,14
3937672,9.748526187475763,12
3937689,9.59852386796604,17
3937712,9.3990032257616,23
3937721,9.804255619595967,9
3937730,9.81600998034057,9
3937738,9.842225470391671,8
3937746,9.850157883897976,8
3937756,9.779735623111007,10
3937761,9.915518437325195,5
3937766,9.909137929089036,5
3937773,9.881710474477565,7
3937779,9.89440884463132,6
3937782,9.96939255566463,3
3937787,9.929287622034991,5
3937797,9.78252215313315,10
3937803,9.885103883569538,6
3937804,10.0,1
3937813,9.79870513429187,9
3937825,9.74165702733868,12
3937829,9.94738237695885,4
3937840,9.76454050974723,11
3937848,9.850676616120287,8
3937859,9.746801300156926,11
3937860,10.0,1
3937873,9.705908667749249,13
3937881,9.828544063095286,8
3937885,9.941822681541224,4
3937892,9.88085638182246,7
3937896,9.954858723109451,4
3937908,9.734656225822155,12
3937916,9.843971853446806,8
3937928,9.743239719847722,12
3937930,9.97105914313335,2
3937934,9.942706820160094,4
3937937,9.955444735621558,3
3937939,9.97064818373624,2
3937949,9.784950714071218,10
3937950,10.0,1
3937962,9.719953902304509,12
3937975,9.72601210228907,13
3937991,9.63216915783389,16
3937995,9.942339246299758,4
3937996,10.0,1
3938003,9.88338906463087,7
3938013,9.79830440630879,10
3938028,9.643322042329068,15
3938037,9.82985409227421,9
3938050,9.706870082814458,13
3938059,9.84527058537192,9
3938068,9.82533774717925,9
3938075,9.880979748922432,7
3938078,9.96161884555942,3
3938088,9.798780825992358,10
3938094,9.906916847864325,6
3938105,9.756389082296051,11
3938106,10.0,1
3938116,9.801638126359359,10
3938129,9.720530882758794,13
3938137,9.865255144499654,8
3938144,9.85783595706371,7
3938156,9.739479608344597,12
3938157,10.0,1
3938163,9.921447716187137,6
3938170,9.863850969696186,7
3938181,9.637660670043731,11
3938195,9.687082372178894,14
3938205,9.76976799057175,10
3938215,9.796027390861713,10
3938224,9.801359075130955,9
3938228,9.938411702180321,4
3938233,9.905094091598096,5
3938244,9.814305759443172,11
3938247,9.966674607998582,3
3938253,9.888966489465616,6
3938262,9.804424506319972,9
3938282,9.525391126654574,20
3938289,9.869789653138273,7
3938293,9.929593891908086,4
3938304,9.736691682829587,11
3938308,9.93286613755719,4
3938319,9.808176071790664,11
3938320,10.0,1
3938321,10.0,1
3938322,10.0,1
3938323,10.0,1
3938333,9.773880388709703,10
3938346,9.728600433026958,13
3938354,9.837989853191587,8
3938363,9.822891084830255,9
3938383,9.566580087540316,20
3938397,9.765072105249166,14
3938406,9.804855895892064,9
3938418,9.742763391580182,12
3938422,9.925878170128385,4
3938431,9.813294411375997,9
3938438,9.846955510306275,7
3938450,9.773944784180951,12
3938457,9.879138492893395,7
3938470,9.775422953253859,13
3938482,9.790149773595232,12
3938492,9.811837302293947,10
3938498,9.898463230765413,6
3938512,9.66824038921308,14
3938524,9.722152286721256,12
3938531,9.87316930515306,7
3938539,9.869530129507428,8
3938544,9.920740238587873,5
3938553,9.794797737032521,9
3938564,9.76227151856832,11
3938579,9.688317296862454,15
3938582,9.9629432427493,3
3938589,9.852452816640355,7
3938602,9.687642035805412,13
3938616,9.715360189934612,14
3938629,9.71475932545996,13
3938643,9.691825623782124,14
3938654,9.767736830237375,11
3938660,9.892636506748955,6
3938672,9.75416116043779,12
3938686,9.707171916092534,14
3938700,9.74384906583051,14
3938716,9.63998238265791,16
3938718,9.982313188268787,2
3938726,9.855223572823594,8
3938728,9.975512183538138,2
3938729,10.0,1
3938736,9.884937247781442,7
3938741,9.91953492314565,5
3938744,9.952798779670632,3
3938749,9.9037436307161,5
3938754,9.904904148205416,5
3938767,9.53695249310656,13
3938774,9.886725773588173,7
3938780,9.906231773817609,6
3938790,9.814818468262542,10
3938798,9.837008126771577,8
3938804,9.907113039082738,6
3938806,9.97329578074249,2
3938811,9.911348113132496,5
3938818,9.858596606713622,7
3938823,9.924125895094924,5
3938824,10.0,1
3938830,9.86997608048768,6
3938838,9.835849887745718,8
3938852,9.721578725335137,14
3938858,9.891853682852055,6
3938867,9.824620500470093,9
3938868,10.0,1
3938873,9.919424968299861,5
3938881,9.840972201905984,8
3938895,9.718061829134474,14
3938897,9.974789616787675,2
3938903,9.92080443244148,6
3938915,9.723002502001945,12
3938927,9.774162362876051,12
3938936,9.80702413296223,9
3938953,9.593718813554204,17
3938973,9.643622108143877,20
3938979,9.902017316289346,6
3938982,9.954504259906548,3
3938991,9.825345672136779,9
3938999,9.867296859430255,8
3939008,9.812226794863994,9
3939019,9.760338544975625,11
3939037,9.60001330896666,18
3939048,9.800180901531462,11
3939057,9.818650754354499,9
3939060,9.964712722822448,3
3939075,9.698213094588159,15
3939086,9.777289788532553,11
3939104,9.602880856471234,18
3939108,9.936192040651843,4
3939109,10.0,1
3939121,9.732877213637694,12
3939132,9.769353626597582,11
3939136,9.94377783265946,4
3939140,9.93830472180009,4
3939141,9.996385568469648,1
3939145,9.952248847346391,4
3939149,9.933201998987274,4
3939163,9.721801379045734,14
3939172,9.82845594915342,9
3939173,10.0,1
3939174,10.0,1
3939175,10.0,1
3939181,9.888240147336099,6
3939187,9.881394242322024,6
3939193,9.8838177637802,6
3939199,9.892591715306596,6
3939204,9.900769134275318,5
3939217,9.702000313896006,13
3939223,9.884278695250433,6
3939232,9.801437801765937,9
3939246,9.684614406271809,14
3939251,9.913493958059645,5
3939262,9.75683356385097,11
3939265,9.964612633352447,3
3939272,9.874636765127123,7
3939281,9.811825338114733,9
3939300,9.538117554142076,19
3939306,9.904940553255342,6
3939313,9.880389902814178,7
3939321,9.853268710529155,8
3939334,9.721889881149409,13
3939336,9.97945253275472,2
3939348,9.713395910622694,12
3939358,9.80375219894863,10
3939367,9.826309151102704,9
3939372,9.902369425282407,5
3939384,9.738594813034723,12
3939385,10.0,1
3939386,9.988374167392763,1
3939390,9.935541977801465,4
3939395,9.926517958833823,5
3939404,9.615111358847397,9
3939410,9.907723060570445,6
3939424,9.676656557243001,14
3939429,9.901095164711407,5
3939435,9.893959449843077,6
3939452,9.591955754136764,17
3939466,9.67286071951055,14
3939477,9.768932436386264,11
3939490,9.712143779304368,13
3939497,9.875773634711706,7
3939506,9.843409367565414,9
3939514,9.8724718975144,8
3939519,9.93120735173619,5
3939530,9.765305659046993,11
3939545,9.692305783784478,15
3939558,9.721003092322933,13
3939567,9.806690170976658,9
3939572,9.926724795871944,5
3939581,9.712273613603312,9
3939590,9.85460701957031,9
3939593,9.952637356351174,3
3939605,9.7072289796793,12
3939613,9.837737023029437,8
3939621,9.859305947709569,8
3939631,9.799981188981151,10
3939641,9.805343646829238,10
3939645,9.932554761026811,4
3939648,9.951877268371437,3
3939653,9.93150932698705,5
3939657,9.93488053301094,4
3939658,10.0,1
3939669,9.773722282945128,11
3939681,9.72733933650667,12
3939687,9.894555441225533,6
3939697,9.806281672255519,10
3939706,9.845556563357045,9
3939713,9.883446309950498,7
3939725,9.725230380444648,12
3939729,9.93829012812059,4
3939736,9.890136951671153,7
3939737,10.0,1
3939746,9.828509715575626,9
3939756,9.79042296623027,10
3939765,9.814769549927334,9
3939773,9.858586158676086,8
3939780,9.868945784334151,7
3939789,9.812175896032718,9
3939790,10.0,1
3939795,9.915125771746855,5
3939799,9.944585612129364,4
3939808,9.836305510135302,9
3939815,9.8909847056609,7
3939823,9.829845004849698,8
3939831,9.846346591811052,8
3939832,10.0,1
3939844,9.756279645060554,12
3939856,9.732860275047688,12
3939867,9.770910599557377,11
3939874,9.859742177008917,7
3939884,9.789683786145048,10
3939893,9.830771866069306,9
3939905,9.754954067888317,12
3939910,9.91929889558838,5
3939912,9.974499417150566,2
3939924,9.745986806935882,12
3939925,10.0,1
3939930,9.925609758398556,5
3939936,9.874739829978237,6
3939946,9.777808644801938,10
3939961,9.665926560809545,15
3939967,9.872284954303606,6
3939969,9.978051870535163,2
3939977,9.832927974071207,8
3939983,9.906554898867595,6
3939987,9.950894515682224,4
3939994,9.862272735997232,7
3940000,9.896463705403283,6
3940012,9.750306969033192,12
3940018,9.883806193326983,6
3940038,9.550357952705106,20
3940047,9.82733956437392,9
3940064,9.640161999430573,17
3940075,9.783639394581032,11
3940083,9.867793159444345,8
3940089,9.881137966723463,6
3940104,9.645103288354195,15
3940105,10.0,1
3940116,9.7535017324582,11
3940123,9.860879379848775,7
3940136,9.697429444961845,13
3940147,9.72318135030886,11
3940148,10.0,1
3940161,9.70502474560767,13
3940164,9.959721354629682,3
3940174,9.775959694580145,10
3940183,9.827406690272992,9
3940192,9.850238692531391,9
3940193,10.0,1
3940197,9.939898039090366,4
3940198,9.996129174861803,1
3940228,9.378488599994839,30
3940246,9.60647929654651,18
3940251,9.913001719391687,5
3940264,9.696861403657483,13
3940271,9.866397653819687,7
3940275,9.740427808087858,4
3940283,9.84397072708214,8
3940290,9.866805729280161,7
3940291,9.996406322969756,1
3940301,9.804564652504103,10
3940302,9.99235396305009,1
3940309,9.853712619286876,7
3940310,10.0,1
3940320,9.802822459120614,10
3940334,9.356454645993564,14
3940344,9.792370289859406,10
3940348,9.931110211081377,4
3940356,9.831120809388242,8
3940369,9.691193858983752,13
3940373,9.936913122028182,4
3940387,9.718847947278942,14
3940401,9.7063663876114,14
3940404,9.9510207416516,3
3940405,10.0,1
3940417,9.724953846390811,12
3940429,9.726040616752096,12
3940432,9.964001307608653,3
3940438,9.877413552666976,6
3940460,9.522425217548907,22
3940473,9.73030052486382,13
3940480,9.871441900089504,7
3940488,9.863039926338107,8
3940497,9.81350948349316,9
3940503,9.908986078058373,6
3940504,10.0,1
3940514,9.767826456738701,10
3940520,9.921320225811263,6
3940526,9.893420048449196,6
3940541,9.448815046781027,15
3940606,8.629037939020849,65
3940612,9.879667309021654,6
3940626,9.712758470714023,14
3940637,9.770418681449883,11
3940643,9.896979244469563,6
3940656,9.722530585750713,13
3940669,9.716313833719553,13
3940680,9.778168427077333,11
3940686,9.878636365092643,6
3940689,9.969299771796146,3
3940693,9.943202000021568,4
3940701,9.85817967851352,8
3940713,9.721803952735902,12
3940725,9.7618673393419,12
3940732,9.675768647628024,7
3940744,9.744718053201566,12
3940756,9.738510052246948,12
3940766,9.781515167328623,10
3940767,10.0,1
3940774,9.879013671562536,7
3940779,9.931270163059896,5
3940787,9.855640681458818,8
3940796,9.839403980836389,9
3940811,9.688573144173645,15
3940821,9.793008471070552,10
3940832,9.7720974632508,11
3940833,10.0,1
3940845,9.753586660609056,12
3940848,9.94696102816914,3
3940849,10.0,1
3940861,9.743381593095075,12
3940871,9.786637173613027,10
3940874,9.955658278988032,3
3940882,9.85195911238363,8
3940885,9.955005389801228,3
3940886,9.993001794681714,1
3940887,10.0,1
3940892,9.923717689426885,5
3940895,9.947191965535087,3
3940900,9.916919531308093,5
3940904,9.936124767040823,4
3940914,9.79953467691211,10
3940925,9.79408273215574,11
3940926,10.0,1
3940928,9.972779652613932,2
3940939,9.76600542210515,11
3940946,9.890079196168914,7
3940955,9.833581695572635,9
3940964,9.809366229620592,9
3940965,10.0,1
3940975,9.788473297107739,10
3940989,9.680609485233575,14
3940993,9.944959234503557,4
3940994,10.0,1
3941005,9.754036746448723,11
3941011,9.917864017871876,6
3941019,9.84055619632515,8
3941036,9.565873719046712,17
3941042,9.884165053816625,6
3941047,9.910978375123813,5
3941053,9.902305297664697,6
3941070,9.504189482520136,17
3941077,9.876981857819677,7
3941089,9.79334891562086,12
3941099,9.803129160530181,10
3941102,9.968571683212513,3
3941110,9.841793037140285,8
3941119,9.829677328973327,9
3941129,9.780017278622854,10
3941143,9.70211302542784,14
3941158,9.692588680994684,15
3941168,9.824567446135163,10
3941177,9.808340844827896,9
3941178,10.0,1
3941190,9.718987484218912,12
3941191,10.0,1
3941195,9.829820468460783,4
3941196,10.0,1
3941209,9.694670646312245,13
3941220,9.744034045902632,11
3941232,9.765724442591194,12
3941246,9.679780833081802,14
3941251,9.901577007536797,5
3941262,9.774633544007349,11
3941279,9.569892475360751,17
3941280,10.0,1
3941290,9.772473383025678,10
3941291,10.0,1
3941303,9.735726585044597,12
3941315,9.736601697782088,12
3941325,9.795443954415099,10
3941330,9.906346804536922,5
3941337,9.881051420146958,7
3941354,9.610630858820725,17
3941363,9.812077849931502,9
3941368,9.920533241859188,5
3941382,9.697796009186245,14
3941393,9.801276680833213,11
3941398,9.915011384816637,5
3941403,9.913242468508505,5
3941404,9.993173728178967,1
3941411,9.868827932972382,7
3941421,9.774634445944253,10
3941429,9.840909200554078,8
3941439,9.767987237748285,10
3941448,9.80576156162028,9
3941452,9.933432966531644,4
3941462,9.81048435065432,10
3941473,9.78554684872258,11
3941474,10.0,1
3941481,9.892644384400636,7
3941488,9.874741624241551,7
3941495,9.88490672419944,7
3941513,9.579342036194928,18
3941516,9.95781835738737,3
3941521,9.92801940360387,5
3941536,9.758500560356595,15
3941545,9.804985678901822,9
3941550,9.89443900430281,5
3941563,9.693187181373,13
3941572,9.818207516342417,9
3941573,9.99213703737516,1
3941578,9.90199189319446,5
3941579,10.0,1
3941580,10.0,1
3941605,9.410688579744923,25
3941614,9.850555632020397,9
3941618,9.931974048365568,4
3941631,9.741435083648849,13
3941633,9.968763817621927,2
3941645,9.7751605550629,12
3941649,9.924853463968837,4
3941663,9.676441449973996,14
3941680,9.587192700005554,17
3941694,9.7093918207988,14
3941704,9.49334356447961,10
3941710,9.88028706581516,6
3941722,9.723934765487499,12
3941723,10.0,1
3941733,9.796949410298089,10
3941746,9.717739035930713,13
3941759,9.686464357405608,13
3941763,9.943424705308102,4
3941765,9.984697157118251,2
3941773,9.716652392372339,8
3941782,9.73842725943488,9
3941788,9.87177078690954,6
3941794,9.905666074979198,6
3941797,9.956311700535249,3
3941807,9.793237125886952,10
3941818,9.768588374531552,11
3941829,9.78764848008573,11
3941839,9.788758032846701,10
3941844,9.921493439366982,5
3941845,10.0,1
3941857,9.718605138965689,12
3941858,10.0,1
3941867,9.814778568217312,9
3941872,9.92398882456847,5
3941880,9.837118396773157,8
3941894,9.710613714625214,14
3941901,9.871186064882792,7
3941907,9.90020456243177,6
3941924,9.674366870297183,17
3941929,9.923745544634457,5
3941930,10.0,1
3941938,9.851960108140895,8
3941939,10.0,1
3941951,9.757487185301365,12
3941958,9.894156493664115,7
3941967,9.791792960494853,9
3941978,9.76987422837597,11
3941992,9.586203493465863,14
3942000,9.832739062483048,8
3942007,9.865333654901127,7
3942016,9.804533378610277,9
3942022,9.90980323254289,6
3942026,9.936818393764938,4
3942027,10.0,1
3942036,9.843254996870094,9
3942043,9.847664830309931,7
3942057,9.683278073077624,14
3942067,9.776647668419521,10
3942076,9.83285860480662,9
3942078,9.9771525651721,2
3942083,9.92040113842066,5
3942097,9.680438095374832,14
3942111,9.567309661333294,14
3942117,9.90681371097313,6
3942126,9.809654310393242,9
3942132,9.92118490509017,6
3942142,9.796443831078543,10
3942149,9.883632247600453,7
3942162,9.697153562185157,13
3942172,9.824999378791212,10
3942182,9.794794207919837,10
3942197,9.693772005846222,15
3942211,9.67788573924666,14
3942216,9.92503670035044,5
3942228,9.728265358922163,12
3942229,10.0,1
3942248,9.546794670000168,19
3942260,9.736658869423895,12
3942266,9.9048590173988,6
3942271,9.935552219388232,5
3942282,9.824825539555496,11
3942294,9.753786128181984,12
3942307,9.746653415810739,13
3942313,9.891549929330921,6
3942320,9.858901424704719,7
3942321,10.0,1
3942325,9.941129237740679,4
3942329,9.935412853463658,4
3942338,9.820294799377931,9
3942347,9.807590443786575,9
3942355,9.843061773489001,8
3942362,9.901351628407138,7
3942373,9.754349658654148,11
3942385,9.72587537501648,12
3942390,9.92597994058728,5
3942395,9.920509208292877,5
3942400,9.921150203360341,5
3942411,9.774346202797414,11
3942424,9.723344372771278,13
3942438,9.683735985036352,14
3942445,9.874274701698193,7
3942458,9.757165147356053,13
3942471,9.731434750023485,13
3942474,9.761073274437706,3
3942482,9.849575129013035,8
3942495,9.732352267217225,13
3942505,9.799386167148489,10
3942514,9.820577478905188,9
3942521,9.875885537125507,7
3942533,9.764019741184422,12
3942541,9.825326965139316,8
3942549,9.839355290259938,8
3942560,9.765167438759363,11
3942567,9.8470682845055,7
3942573,9.879853321665896,6
3942578,9.922761908260927,5
3942591,9.736564670356781,13
3942600,9.808174177491466,9
3942607,9.868265736844874,7
3942617,9.785480430416813,10
3942624,9.895021287021954,7
3942630,9.885400834504418,6
3942634,9.932454524769332,4
3942638,9.935619601280251,4
3942646,9.85041841863932,8
3942657,9.771679241430816,11
3942669,9.762453976891285,12
3942675,9.88710256737374,6
3942680,9.914627372169226,5
3942685,9.92692536351514,5
3942698,9.728119740271914,13
3942699,10.0,1
3942706,9.882824695418131,7
3942714,9.879290336548578,8
3942719,9.904601502611609,5
3942725,9.876004817265597,6
3942735,9.794336268278895,10
3942747,9.738631353187333,12
3942755,9.836889530548827,8
3942761,9.889261643532112,6
3942768,9.862696966507237,7
3942777,9.818057279347965,9
3942788,9.798263744961504,11
3942791,9.957198617751665,3
3942805,9.60419929585747,14
3942806,10.0,1
3942813,9.866486630321553,7
3942819,9.892627500272688,6
3942830,9.740059917313378,11
3942833,9.954496872331221,3
3942842,9.812745098553538,9
3942853,9.764452463119994,11
3942860,9.869615084414244,7
3942868,9.832237243421794,8
3942883,9.667781915697532,15
3942896,9.726694640194506,13
3942913,9.572515865807418,17
3942918,9.804858933390518,5
3942925,9.881200743117839,7
3942936,9.742843701916748,11
3942942,9.911871879950684,6
3942946,9.928969605825833,4
3942947,10.0,1
3942954,9.852923190263313,7
3942966,9.728343187684839,12
3942974,9.878260055295785,8
3942982,9.849357662984305,8
3942991,9.624403085328614,9
3943000,9.822106176245725,9
3943002,9.978695092598688,2
3943003,9.992430086468477,1
3943004,10.0,1
3943005,10.0,1
3943011,9.915512967465189,6
3943018,9.8628977286444,7
3943025,9.877439634416922,7
3943032,9.865939926290547,7
3943044,9.775326994526933,12
3943050,9.883176896966095,6
3943064,9.71286066616178,14
3943073,9.831484423022896,9
3943083,9.77179622863955,10
3943088,9.916621106643927,5
3943099,9.749012934196637,11
3943105,9.895773248581293,6
3943107,9.970004332810781,2
3943115,9.85906728009898,8
3943130,9.641369432177035,15
3943135,9.927619336361923,5
3943140,9.938585282726356,5
3943144,9.933282025173071,4
3943162,9.608740600083811,18
3943180,9.575537336412982,18
3943191,9.766691982988364,11
3943199,9.85714053479845,8
3943204,9.918374096272874,5
3943217,9.693779862400328,13
3943228,9.795462136499333,11
3943236,9.844721558523442,8
3943237,10.0,1
3943249,9.75084031855253,12
3943257,9.811739520409493,8
3943267,9.773544356034193,10
3943270,9.959619432592788,3
3943281,9.754419320196671,11
3943287,9.907034742552625,6
3943295,9.87213153645613,8
3943305,9.775179771356916,10
3943313,9.87448208133636,8
3943325,9.734073633819966,12
3943342,9.615044249759324,17
3943359,9.641803281845998,17
3943365,9.891640050310615,6
3943373,9.84873626980104,8
3943382,9.805507243556718,9
3943387,9.916055703852972,5
3943395,9.874000978771958,8
3943406,9.778356706814039,11
3943423,9.611378820461606,17
3943432,9.792561267082418,9
3943446,9.656800397106554,14
3943456,9.784591599918768,10
3943464,9.81307249261219,8
3943477,9.711036527048055,13
3943491,9.688045322832917,14
3943504,9.712718030291757,13
3943509,9.715051607176198,5
3943521,9.750829651168004,12
3943522,10.0,1
3943523,10.0,1
3943532,9.83705790088076,9
3943541,9.831308795362567,9
3943548,9.858725373973359,7
3943553,9.914677303302971,5
3943562,9.809743808187827,9
3943566,9.936176740906198,4
3943578,9.754794702845953,12
3943584,9.88693012922551,6
3943593,9.826293726211233,9
3943612,9.551601111182505,19
3943625,9.710596640625665,13
3943637,9.734140468452726,12
3943645,9.848351095104485,8
3943652,9.84568307670527,7
3943656,9.934864342518484,4
3943673,9.527674381173107,17
3943688,9.668419396623362,15
3943701,9.71676223962226,13
3943715,9.709722664996631,14
3943728,9.710373526807512,13
3943739,9.754244776122606,11
3943747,9.83889163692202,8
3943751,9.935432998276957,4
3943758,9.857935094829369,7
3943759,10.0,1
3943767,9.833376130574358,8
3943782,9.666726899198752,15
3943789,9.874874306557246,7
3943794,9.926777460035893,5
3943803,9.806631244747605,9
3943811,9.840204963447771,8
3943813,9.97283936301265,2
3943821,9.845311691430444,8
3943824,9.954397920334399,3
3943830,9.90581862522207,6
3943845,9.685842929352134,15
3943853,9.833867441685502,8
3943862,9.840800733605526,9
3943871,9.839957714683715,9
3943886,9.634142555373986,15
3943900,9.68213655436544,14
3943909,9.796143512691584,9
3943953,8.748053177395226,44
3943961,9.848086190361949,8
3943968,9.870590459122084,7
3943976,9.852453378585409,8
3943977,10.0,1
3943982,9.911580299140148,5
3943996,9.684672218282438,14
3944002,9.893232964077189,6
3944008,9.900864413120882,6
3944017,9.237928103563844,9
3944032,9.486305045676096,15
3944045,9.704501512981139,13
3944069,8.879893308551424,24
3944073,9.955523532140308,4
3944092,9.544174409619005,19
3944109,9.58854652395125,17
3944118,9.837095122725362,9
3944122,9.938500526610037,4
3944129,9.870791428935258,7
3944135,9.900015324683748,6
3944158,9.331231933435447,23
3944164,9.88920579490542,6
3944168,9.942987292218225,4
3944170,9.975314523455616,2
3944176,9.87916979816909,6
3944185,9.72663013630007,9
3944192,9.870136406001544,7
3944204,9.750617642989027,12
3944215,9.792528694159152,11
3944223,9.837588302148411,8
3944224,10.0,1
3944230,9.888422797035963,6
3944234,9.95082160434556,4
3944239,9.920144287090787,5
3944245,9.885253327247376,6
3944255,9.777703693855472,10
3944263,9.863996450815732,8
3944270,9.88333305262208,7
3944274,9.931553715132415,4
3944279,9.903505916852483,5
3944288,9.802724795059124,9
3944302,9.685911357062906,14
3944312,9.78920687968788,10
3944318,9.896448855769112,6
3944329,9.782703530296322,11
3944330,10.0,1
3944345,9.621703408765072,15
3944348,9.960831086367753,3
3944356,9.828309727941994,8
3944376,9.512047492731257,20
3944386,9.785535213892238,10
3944390,9.938827248240424,4
3944408,9.65611030928968,18
3944419,9.781565845229006,11
3944425,9.904721301385747,6
3944426,10.0,1
3944435,9.83491887005072,9
3944451,9.627024317274428,16
3944457,9.889677236217194,6
3944464,9.8937197721671,7
3944471,9.854294763393746,7
3944480,9.811213002394032,9
3944497,9.639871462424951,17
3944516,9.581889117279697,19
3944529,9.725840701799434,13
3944547,9.549331821213512,18
3944552,9.910059685029566,5
3944557,9.922129664227466,5
3944566,9.821074983192887,9
3944579,9.738485484391243,13
3944584,9.938476038442047,5
3944588,9.938195080015257,4
3944600,9.743306986394535,12
3944608,9.837835084406972,8
3944613,9.923649951220577,5
3944623,9.793611082516811,10
3944628,9.926237286986607,5
3944632,9.947007543786627,4
3944633,10.0,1
3944641,9.740294651329702,8
3944647,9.869892651437187,6
3944656,9.81734325270363,9
3944667,9.775120331188516,11
3944678,9.765371609207016,11
3944679,10.0,1
3944684,9.898265620103999,5
3944718,5.399729699547763,34
3944725,9.862192053770661,7
3944732,9.874982704734345,7
3944745,9.684595560307425,13
3944752,9.877443987612871,7
3944758,9.891092911310183,6
3944769,9.756281919833748,11
3944773,9.932770639805923,4
3944782,9.313705138684696,9
3944791,9.828635277411536,9
3944804,9.756753660397813,13
3944816,9.76118725101482,12
3944830,9.561383420138485,14
3944835,9.921624929690235,5
3944852,9.637391401166818,17
3944867,9.692263422449779,15
3944884,9.655852633718327,17
3944889,9.925864289347357,5
3944902,9.721786644926164,13
3944909,9.870219693800676,7
3944920,9.763347614650474,11
3944921,10.0,1
3944928,9.87216432664571,7
3944938,9.792082275461695,10
3944944,9.908306745508527,6
3944955,9.770845127963826,11
3944977,9.59484121277953,22
3944983,9.909166473675661,6
3944984,10.0,1
3944998,9.671534371138803,14
3945013,9.764454671954393,15
3945023,9.821909793209558,10
3945029,9.90124992453054,6
3945035,9.88417006956744,6
3945047,9.72211939503644,12
3945053,9.896984177852799,6
3945061,9.849338407150116,8
3945065,9.951606713707719,4
3945077,9.757043893444411,12
3945093,9.618509077629193,16
3945094,10.0,1
3945101,9.874513115901074,7
3945112,9.747499174155548,11
3945123,9.788316302282647,11
3945127,9.946375867681565,4
3945131,9.938800758142206,4
3945143,9.744441810016209,12
3945151,9.878875868197776,8
3945158,9.879252416727642,7
3945159,10.0,1
3945167,9.84583611732684,8
3945168,10.0,1
3945176,9.841441380513595,8
3945183,9.872381293638776,7
3945192,9.866373385459015,9
3945198,9.88505287692074,6
3945206,9.867544372050169,8
3945208,9.983834432735165,2
3945218,9.788263768825894,10
3945228,9.70229095793922,10
3945238,9.800945235358391,10
3945239,9.98828498797259,1
3945252,9.751870211710672,13
3945256,9.945406044448934,4
3945261,9.91695663340101,5
3945265,9.92725753077493,4
3945277,9.734460791680304,12
3945290,9.705026680112601,13
3945306,9.657003388641883,16
3945307,10.0,1
3945318,9.745061415961873,11
3945327,9.829001955917999,9
3945338,9.759472541179223,11
3945347,9.80852491852217,9
3945353,9.915346552817681,6
3945372,9.584523433650606,19
3945382,9.78346869930695,10
3945383,9.989734773161574,1
3945395,9.754711926403292,12
3945401,9.898120974878662,6
3945409,9.860729858166124,8
3945419,9.823179624486585,10
3945430,9.765362711139337,11
3945431,9.99614687359051,1
3945438,9.847488082531278,7
3945445,9.876874484123043,7
3945451,9.903390416650469,6
3945463,9.749988727431901,12
3945476,9.725179053975731,13
3945487,9.776596802712215,11
3945488,10.0,1
3945492,9.932070287768797,4
3945502,9.670417352268698,10
3945506,9.941387993294288,4
3945517,9.778858508560958,11
3945521,9.950833219058966,4
3945531,9.786674677909577,10
3945538,9.87329678547925,7
3945547,9.827001435486226,9
3945553,9.905553189943186,6
3945563,9.828129923824598,10
3945574,9.799826163567264,11
3945581,9.876603254314633,7
3945598,9.605002807466985,17
3945604,9.89600742016731,6
3945617,9.710830879598044,13
3945627,9.851675694981402,10
3945637,9.803225872573842,10
3945638,10.0,1
3945641,9.948525063005524,3
3945651,9.79444477296353,10
3945667,9.652435848309235,16
3945679,9.738135133390497,12
3945687,9.831244470680097,8
3945694,9.877563869329684,7
3945695,10.0,1
3945700,9.907702444288436,5
3945710,9.800439418085615,10
3945717,9.862096029827999,7
3945728,9.688240092791606,11
3945739,9.739968586589702,11
3945748,9.791739414642237,9
3945751,9.954468113921907,3
3945762,9.778065457125669,11
3945769,9.868216825875455,7
3945780,9.745777098864954,11
3945788,9.845234303496051,8
3945793,9.930163493777675,5
3945806,9.539335965428203,13
3945817,9.767406846774309,11
3945820,9.963168008868811,3
3945821,10.0,1
3945825,9.935659118451873,4
3945838,9.708466726408354,13
3945848,9.793486287763933,10
3945866,9.598004553374974,18
3945872,9.896673111322022,6
3945888,9.647078639466844,16
3945899,9.781595353484937,11
3945906,9.851820632765945,7
3945912,9.887297815088884,6
3946018,6.644401437942011,106
3946030,9.731619957091963,12
3946035,9.71000920278947,5
3946041,9.892582358688328,6
3946053,9.764500546752881,12
3946058,9.910721367093892,5
3946066,9.824549126222475,8
3946078,9.739792561117618,12
3946083,9.914143867882412,5
3946087,9.944384237125087,4
3946088,10.0,1
3946102,9.694597871985794,14
3946111,9.797160005190443,9
3946112,10.0,1
3946124,9.752963850394496,12
3946125,10.0,1
3946141,9.520838257976974,16
3946155,9.4489785679662,14
3946164,9.792787123863054,9
3946167,9.95149262502211,3
3946178,9.740288422736752,11
3946183,9.899623500083496,5
3946189,9.90268370297484,6
3946190,10.0,1
3946197,9.883028939377086,7
3946206,9.828236963337744,9
3946220,9.69928371068607,14
3946225,9.92089744724485,5
3946236,9.757286604506184,11
3946237,10.0,1
3946243,9.877389869873094,6
3946250,9.880308990985732,7
3946257,9.868261321229337,7
3946263,9.90920136763014,6
3946270,9.882064608278126,7
3946280,9.715894036866018,10
3946288,9.849662478386286,8
3946291,9.960156534857589,3
3946292,9.99265043374574,1
3946302,9.701207773654321,10
3946312,9.770877152075148,10
3946318,9.867524281031741,6
3946325,9.846550012043066,7
3946337,9.555067744766387,12
3946344,9.856370045957547,7
3946349,9.90933928772713,5
3946351,9.974142448319848,2
3946352,10.0,1
3946353,10.0,1
3946354,10.0,1
3946362,9.878745545926844,8
3946367,9.91619302552793,5
3946385,9.635112744800784,18
3946390,9.914141364530824,5
3946396,9.909358637360512,6
3946409,9.717233913626279,13
3946410,10.0,1
3946418,9.85944687522488,8
3946430,9.762976405964498,12
3946437,9.869533318110683,7
3946449,9.754126314610849,12
3946458,9.810445052228518,9
3946459,9.988452464919785,1
3946468,9.82766955559967,9
3946479,9.630882146598566,11
3946489,9.796773297034093,10
3946500,9.739810628064626,11
3946501,10.0,1
3946508,9.8707284700811,7
3946521,9.72597691531897,13
3946528,9.848478134764164,7
3946537,9.851602108466146,9
3946542,9.921961171804623,5
3946543,10.0,1
3946554,9.774944255583158,11
3946564,9.783938727073426,10
3946567,9.95684437190136,3
3946577,9.795675123981257,10
3946580,9.952142576380657,3
3946591,9.745315887876863,11
3946597,9.889846250862295,6
3946611,9.732656118597722,14
3946622,9.756784857137287,11
3946633,9.767840034171828,11
3946637,9.957621947895587,4
3946648,9.736709426548245,11
3946655,9.885761411608586,7
3946664,9.805323118559551,9
3946668,9.944431526872188,4
3946674,9.894659144443605,6
3946679,9.92676995018594,5
3946691,9.732260635828705,12
3946701,9.779986635228573,10
3946712,9.841485269162314,11
3946726,9.662956761237988,14
3946740,9.69503683151528,14
3946746,9.9138270637112,6
3946750,9.927041880145598,4
3946764,9.638172486869763,14
3946777,9.754984424362114,13
3946790,9.695300172850944,13
3946796,9.890866828473776,6
3946802,9.89958638389669,6
3946815,9.691573058529954,13
3946824,9.823695150935315,9
3946832,9.860056917707965,8
3946842,9.580345402798597,10
3946851,9.803047218692043,9
3946858,9.910771114547723,7
3946859,10.0,1
3946864,9.923459720136972,5
3946873,9.816155905145772,9
3946886,9.723703096956175,13
3946906,9.200583208550787,20
3946911,9.914618269523636,5
3946925,9.716440933856545,14
3946941,9.60490599496761,16
3946957,9.65917529878992,16
3946971,9.704793703529447,14
3946976,9.932737885167363,5
3946981,9.933504051087699,5
3946985,9.938716107924234,4
3946987,9.982005583038823,2
3946998,9.750393887478886,11
3947002,9.951140940375296,4
3947007,9.904145958188922,5
3947013,9.902186488588404,6
3947014,10.0,1
3947023,9.803431947488773,9
3947032,9.833164923783995,9
3947048,9.346563410127022,16
3947060,9.717335100259923,12
3947069,9.819681977367965,9
3947079,9.789548207232265,10
3947084,9.916125997854557,5
3947091,9.875714987619444,7
3947099,9.84028082074363,8
3947103,9.944079299916105,4
3947110,9.868472715158696,7
3947115,9.900005438912448,5
3947127,9.731701655974794,12
3947140,9.731019432257455,13
3947145,9.91566887794487,5
3947149,9.925605748204283,4
3947162,9.725077505384967,13
3947172,9.783022685259047,10
3947181,9.811846678302897,9
3947196,9.68196228340134,15
3947216,9.497501347231422,20
3947230,9.663605173924442,14
3947235,9.907418372048754,5
3947238,9.955108505694687,3
3947243,9.922286730633,5
3947255,9.750286992149192,12
3947266,9.756258648863179,11
3947273,9.87332001034105,7
3947275,9.975147763758136,2
3947283,9.837450126138245,8
3947284,9.988537675940512,1
3947292,9.837014548532139,8
3947296,9.934748892437549,4
3947305,9.801657453765264,9
3947308,9.953655687371644,3
3947312,9.946490001710465,4
3947328,9.633956811212252,16
3947331,9.965079919818777,3
3947342,9.767309766357357,11
3947343,10.0,1
3947346,9.964153509092496,3
3947357,9.738222916007816,11
3947362,9.911153209571452,5
3947367,9.918813761265458,5
3947372,9.912799547589978,5
3947384,9.73957886373716,12
3947392,9.84537199792208,8
3947397,9.905250799069005,5
3947398,10.0,1
3947405,9.851563882655988,7
3947411,9.90002850633456,6
3947418,9.88481300926556,7
3947427,9.82935561014951,9
3947435,9.852158009762118,8
3947441,9.886375359262479,6
3947445,9.948959063016279,4
3947446,10.0,1
3947451,9.91744793838862,5
3947461,9.807398838248654,10
3947467,9.899346720569872,6
3947481,9.712945202875627,14
3947482,10.0,1
3947488,9.901130851837447,6
3947489,10.0,1
3947492,9.951935774394181,3
3947501,9.810313748935977,9
3947514,9.730204956890617,13
3947521,9.870721211791837,7
3947528,9.857681796551596,7
3947537,9.815965886022381,9
3947547,9.84079671579125,10
3947559,9.770952611231637,12
3947560,10.0,1
3947572,9.74733654432362,12
3947577,9.906063973957693,5
3947591,9.715690497972666,14
3947595,9.953974510569418,4
3947598,9.958119227502204,3
3947603,9.913398164159439,5
3947611,9.852767572134702,8
3947615,9.952250714957502,4
3947622,9.865519399425496,7
3947628,9.894471653975245,6
3947637,9.827859509622636,9
3947643,9.89754664642266,6
3947651,9.852621553931126,8
3947657,9.892771155371406,6
3947670,9.702619854032761,13
3947676,9.90516141385795,6
3947688,9.73509580032278,12
3947692,9.926012745883963,4
3947702,9.792280993570525,10
3947703,9.989592018347098,1
3947713,9.800622427300587,10
3947715,9.975102320896665,2
3947725,9.814019711820166,10
3947735,9.835039488931558,10
3947736,10.0,1
3947737,9.99617344825764,1
3947746,9.840479111341521,9
3947772,2.243808593183224,26
3947775,9.954544253384704,3
3947784,9.844243719496143,9
3947797,9.6891712822106,13
3947806,9.836364106357832,9
3947809,9.965668476993354,3
3947815,9.895618393459461,6
3947820,9.923437571714842,5
3947830,9.797917936203717,10
3947835,9.914427912702614,5
3947847,9.773360419372539,12
3947859,9.745041966482658,12
3947871,9.764500565343306,12
3947873,9.979079956270512,2
3947881,9.847263634435564,8
3947886,9.91002181704937,5
3947894,9.851060967245047,8
3948003,8.037585600999943,109
3948013,9.796813023951275,10
3948019,9.89823382690343,6
3948028,9.805464676000602,9
3948038,9.809015495900619,10
3948044,9.90740327366204,6
3948047,9.95456067705831,3
3948053,9.896427766192055,6
3948054,9.988114583421144,1
3948063,9.841234230444327,9
3948069,9.9040336838486,6
3948070,10.0,1
3948078,9.83970254078469,8
3948088,9.800951864934541,10
3948105,9.634934709882915,17
3948108,9.954306782829475,3
3948109,10.0,1
3948116,9.86841359717664,7
3948132,9.617985265384723,16
3948135,9.95095259107619,3
3948141,9.883997932889661,6
3948147,9.878746999793265,6
3948157,9.811489743840498,10
3948169,9.723483898521078,12
3948170,10.0,1
3948184,9.65731180726412,14
3948193,9.831544728876445,9
3948201,9.842041457271852,8
3948210,9.836274002455584,9
3948217,9.853146926166295,7
3948225,9.849063994569883,8
3948234,9.796517117656279,9
3948241,9.86595598192993,7
3948253,9.73433756157538,12
3948262,9.831474100110457,9
3948265,9.957810378586641,3
3948275,9.7769710849463,10
3948281,9.874027358061284,6
3948290,9.825180781596446,9
3948299,9.832056614073135,9
3948305,9.894274629122723,6
3948311,9.900785039203042,6
3948312,10.0,1
3948313,10.0,1
3948315,9.975388754326158,2
3948326,9.74985926858292,11
3948336,9.792774587868116,10
3948353,9.577753594372489,17
3948365,9.787503801670974,12
3948371,9.885005426850512,6
3948381,9.78159954632641,10
3948388,9.876922733712403,7
3948400,9.74880683849375,12
3948405,9.931214871767308,5
3948415,9.812528549734271,10
3948421,9.8899112985723,6
3948435,9.700256219950548,14
3948440,9.937982472392141,5
3948448,9.816556217114732,8
3948457,9.817388915907332,9
3948466,9.817265433196296,9
3948467,10.0,1
3948484,9.553009734063576,17
3948489,9.933042941497769,5
3948495,9.890261811044214,6
3948496,10.0,1
3948502,9.888326784387246,6
3948503,9.992815992934764,1
3948504,10.0,1
3948509,9.91167695955844,5
3948515,9.882985608956504,6
3948526,9.783857878435812,11
3948527,10.0,1
3948532,9.90361761774577,5
3948533,10.0,1
3948536,9.965214246272705,3
3948539,9.959037579118581,3
3948550,9.766186341335299,11
3948555,9.904175013912925,5
3948564,9.812988606535262,9
3948577,9.71487248175128,13
3948588,9.779970990401058,11
3948604,9.62076149549652,16
3948613,9.829520084943468,9
3948616,9.957341722389762,3
3948626,9.78469674644544,10
3948632,9.702281883295887,6
3948641,9.831289315654931,9
3948646,9.922185102031285,5
3948650,9.942200285905923,4
3948662,9.723157800574715,12
3948663,10.0,1
3948667,9.939767998469407,4
3948682,9.638659281941388,15
3948695,9.724354391265997,13
3948709,9.69944083461122,14
3948716,9.862602174661744,7
3948720,9.945917878510404,4
3948732,9.745357306082933,12
3948746,9.709594495018663,14
3948767,9.395479192254507,21
3948781,9.57395387973571,14
3948792,9.762651457664346,11
3948807,9.67517031082987,15
3948818,9.776843578934521,11
3948827,9.82332880119194,9
3948830,9.955286014858407,3
3948839,9.835876901151597,9
3948863,9.466347243068197,24
3948875,9.72454687949183,12
3948884,9.833121178293753,9
3948896,9.752796137473561,12
3948898,9.972879891549972,2
3948901,9.966380990625815,3
3948902,10.0,1
3948906,9.954149818381754,4
3948909,9.95698916948951,3
3948913,9.941194545939709,4
3948928,9.660360163231916,15
3948937,9.82139704929936,9
3948947,9.782415154798619,10
3948950,9.951471911550012,3
3948961,9.75211561826439,11
3948972,9.816910146864034,11
3948980,9.845528755554136,8
3948988,9.834211614118555,8
3948992,9.929237676375493,4
3949000,9.866875060866855,8
3949014,9.740071035117705,14
3949021,9.85130235366541,7
3949030,9.822047393190488,9
3949031,10.0,1
3949036,9.921713183915763,5
3949042,9.898830748749637,6
3949043,10.0,1
3949047,9.92777683901563,4
3949050,9.970414925577872,3
3949062,9.724304323449022,12
3949071,9.804933162944948,9
3949082,9.7784816738974,11
3949092,9.804078515992888,10
3949109,9.635795732374113,17
3949120,9.749317228616807,11
3949131,9.741335393587981,11
3949146,9.661898823088418,15
3949155,9.793147286337792,9
3949157,9.975619110752136,2
3949171,9.692000216985337,14
3949180,9.709924252179047,9
3949193,9.703914999548463,13
3949209,9.682216523301404,16
3949224,9.654618649209118,15
3949236,9.758262459134508,12
3949240,9.94755142023121,4
3949244,9.937911827665637,4
3949245,10.0,1
3949258,9.73173309655967,13
3949274,9.233644527549636,16
3949282,9.84254138282958,8
3949296,9.69394165141492,14
3949299,9.957906064742517,3
3949314,9.625423506874554,15
3949326,9.756692378076886,12
3949332,9.868720099425397,6
3949339,9.861946458725768,7
3949349,9.789313644162625,10
3949355,9.892411849342245,6
3949373,9.62769599351472,18
3949380,9.764520796005023,7
3949395,9.680922121546136,15
3949396,10.0,1
3949402,9.88466703170518,6
3949414,9.72134480636662,12
3949419,9.9164907068914,5
3949430,9.75084625129814,11
3949434,9.935765391987097,4
3949446,9.758898861124717,12
3949451,9.913766057607152,5
3949452,10.0,1
3949460,9.85937880704652,8
3949470,9.809509762366417,10
3949474,9.945476525528662,4
3949480,9.902585456906074,6
3949487,9.881009093096123,7
3949495,9.855777197499748,8
3949504,9.81571376456534,9
3949506,9.965836050402165,2
3949510,9.929450241534058,4
3949519,9.826842451446932,9
3949523,9.942126349237945,4
3949530,9.872524548919346,7
3949539,9.80292017681018,9
3949552,9.719134692930368,13
3949567,9.68082620419727,15
3949571,9.938121334301927,4
3949573,9.974242589958164,2
3949574,9.992279430696927,1
3949584,9.76930610188764,10
3949596,9.775848233703535,12
3949597,10.0,1
3949604,9.885130748944754,7
3949609,9.9178930445008,5
3949622,9.723033175762952,13
3949629,9.853056879181706,7
3949637,9.732450473521569,8
3949641,9.933450856014273,4
3949655,9.673814241112229,14
3949665,9.799785135042827,10
3949666,9.993329872568244,1
3949675,9.815928562371807,9
3949680,9.930124926921133,5
3949688,9.849055829071997,8
3949704,9.61903251003289,16
3949707,9.966489590972468,3
3949713,9.909085392361494,6
3949717,9.924957019364037,4
3949723,9.890354534494712,6
3949724,9.992951462245898,1
3949731,9.881434918061954,7
3949742,9.742961072643345,11
3949751,9.85106220990859,9
3949759,9.83058631399263,8
3949773,9.513836968492223,14
3949782,9.804401777655254,9
3949803,9.567646832547618,21
3949804,10.0,1
3949807,9.95954888252502,3
3949817,9.78285334158006,10
3949818,9.996102382737943,1
3949831,9.677123590494737,13
3949840,9.837194830939971,9
3949850,9.771748013924322,10
3949870,9.647264265780803,20
3949877,9.869737759346116,7
3949886,9.79790636220202,9
3949900,9.740507436049104,14
3949904,9.940744039802514,4
3949910,9.90842236021348,6
3949917,9.865603959770425,7
3949920,9.956473266728246,3
3949931,9.780673718043943,11
3949940,9.824999358324407,9
3949947,9.862460111749051,7
3949955,9.8527780279774,8
3949970,9.648290356184903,15
3949974,9.9321387137138,4
3949978,9.940095301818564,4
3949979,10.0,1
3949987,9.847565558417893,8
3949995,9.852402397545752,8
3950007,9.746056154546835,12
3950008,10.0,1
3950014,9.889099723104893,6
3950023,9.819986053377793,9
3950030,9.856284456847732,7
3950041,9.640788781965194,11
3950053,9.731156343061413,12
3950054,10.0,1
3950064,9.816375712968572,10
3950069,9.913603959131356,5
3950075,9.896064007175744,6
3950085,9.781215985870027,10
3950097,9.726428091852759,12
3950104,9.902084039631209,7
3950114,9.783956346746809,10
3950127,9.750321495394298,13
3950141,9.677849746072171,14
3950168,9.334410296198138,27
3950171,9.950343585012925,3
3950182,9.775039001066986,11
3950205,9.404160392433823,23
3950210,9.919990361975204,5
3950221,9.770272714443216,11
3950229,9.832700150809394,8
3950234,9.908804921824503,5
3950243,9.810547891759876,9
3950247,9.924983890651452,4
3950252,9.91999785916437,5
3950265,9.732134617878964,13
3950272,9.85876761167095,7
3950283,9.801536470405512,11
3950288,9.917261522471257,5
3950289,10.0,1
3950296,9.872583802541834,7
3950309,9.715436284345737,13
3950316,9.881629489743451,7
3950327,9.770598035079821,11
3950330,9.951717823507185,3
3950343,9.72474904741125,13
3950346,9.956714878109603,3
3950349,9.94821471433103,3
3950357,9.871574310838092,8
3950358,10.0,1
3950368,9.79624514264515,10
3950371,9.96286248537111,3
3950376,9.93082216536819,5
3950382,9.899565795225518,6
3950389,9.88270019725508,7
3950390,10.0,1
3950398,9.858578159897178,8
3950406,9.836603967280775,8
3950416,9.797225701250353,10
3950425,9.797398971895369,9
3950430,9.926310872271094,5
3950437,9.869023666840814,7
3950446,9.802608885085336,9
3950459,9.716403135663587,13
3950466,9.86469643759608,7
3950479,9.778151946107878,13
3950493,9.1827470008921,14
3950507,9.65082085621262,14
3950508,10.0,1
3950512,9.937822707259077,4
3950518,9.893780032015146,6
3950527,9.832228467674518,9
3950529,9.983826919417725,2
3950530,10.0,1
3950541,9.767219443409738,11
3950544,9.959868061306533,3
3950545,9.989039350529021,1
3950556,9.74477203126621,11
3950566,9.7953139630944,10
3950576,9.775834690531715,10
3950586,9.815848038222606,10
3950599,9.71875795103966,13
3950605,9.896521415012462,6
3950618,9.744549420092058,13
3950619,10.0,1
3950636,9.582896206063667,17
3950653,9.571871645866924,17
3950665,9.73664587503354,12
3950669,9.93499822766929,4
3950679,9.797193912201358,10
3950686,9.87552860692258,7
3950691,9.92369143417572,5
3950697,9.910726027036096,6
3950703,9.905677720953106,6
3950705,9.970280813884393,2
3950711,9.895037866000283,6
3950722,9.752824119514678,11
3950733,9.748689655713306,11
3950740,9.882531543007143,7
3950746,9.890400777506635,6
3950757,9.763777102418954,11
3950763,9.878989059622972,6
3950772,9.83922862299648,9
3950773,10.0,1
3950782,9.846867988215008,9
3950783,10.0,1
3950792,9.78809860944027,9
3950799,9.859017565301933,7
3950813,9.70290861236825,14
3950824,9.765180393319556,11
3950833,9.826790331973793,9
3950847,9.745753705072033,14
3950853,9.89618795754296,6
3950865,9.756447813439266,12
3950873,9.83522587042613,8
3950881,9.836634709606834,8
3950889,9.872826986761506,8
3950897,9.864735251406769,8
3950905,9.82558437775786,8
3950913,9.819085481037128,8
3950920,9.858993397008954,7
3950926,9.881250975669314,6
3950936,9.838355502220832,10
3950942,9.890673294851727,6
3950952,9.777115967888001,10
3950957,9.900365311630221,5
3950969,9.748622227084972,12
3950976,9.859088207052796,7
3950977,9.989127139072815,1
3950982,9.825585379672418,5
3950992,9.830489179181313,10
3950995,9.95691630442637,3
3951005,9.789377238210047,10
3951013,9.83769413174784,8
3951017,9.929364750228645,4
3951022,9.921065607914105,5
3951036,9.666916626450195,14
3951048,9.74127734621323,12
3951051,9.956035218468331,3
3951060,9.788350529713451,9
3951065,9.908534925291873,5
3951072,9.87212188124073,7
3951075,9.97071283056986,3
3951081,9.906992082811477,6
3951086,9.905048169088449,5
3951095,9.796356698467202,9
3951097,9.969276255988127,2
3951101,9.937001951581081,4
3951111,9.803253426436642,10
3951112,9.992002282778882,1
3951128,9.628312110753527,16
3951134,9.901880615498147,6
3951139,9.928602693391564,5
3951143,9.950080015481808,4
3951151,9.837567173651152,8
3951164,9.737587956952922,13
3951172,9.836572157619102,8
3951187,9.683673533295742,15
3951198,9.778715211104567,11
3951208,9.791915675933478,10
3951222,9.664638882205132,14
3951227,9.920523762009564,5
3951233,9.912038199311771,6
3951241,9.825374215211825,8
3951250,9.802949361210352,9
3951256,9.886317861957354,6
3951264,9.85303790207417,8
3951265,10.0,1
3951276,9.793945126720272,11
3951280,9.93388749744634,4
3951286,9.910874481455979,6
3951293,9.858130538584987,7
3951295,9.975855359119214,2
3951305,9.79066102278646,10
3951321,9.625621717961915,16
3951326,9.918793852628522,5
3951336,9.789324215125479,10
3951340,9.732897756904334,4
3951345,9.92121762780843,5
3951358,9.705093547125657,13
3951367,9.824420541228717,9
3951378,9.762286510723078,11
3951392,9.660651457114358,14
3951400,9.859084516307517,8
3951403,9.959456919156677,3
3951424,9.564708543187693,21
3951429,9.927232095106156,5
3951430,9.993056567941784,1
3951439,9.81786041608678,9
3951450,9.77441959400401,11
3951464,9.693063870955474,14
3951471,9.871474448613029,7
3951486,9.684075260562338,15
3951495,9.845297889342248,9
3951501,9.9016475533437,6
3951507,9.897426950543077,6
3951516,9.818151371439482,9
3951523,9.854799477249427,7
3951536,9.70625295537293,13
3951539,9.967655887364538,3
3951540,10.0,1
3951552,9.760400789269818,12
3951560,9.844489546538023,8
3951571,9.753271432076026,11
3951582,9.77365376689841,11
3951593,9.7515739282326,11
3951614,9.492003620646736,21
3951615,10.0,1
3951623,9.826531174496859,8
3951634,9.779472159005444,11
3951645,9.769899166547871,11
3951655,9.778661612954984,10
3951663,9.838612344852226,8
3951671,9.831393200042935,8
3951681,9.764930654706498,10
3951683,9.985188429735215,2
3951690,9.878900093989785,7
3951703,9.706107438868843,13
3951711,9.870115596045373,8
3951718,9.85479571018501,7
3951719,10.0,1
3951720,10.0,1
3951731,9.66881148887066,11
3951746,9.637844121615128,15
3951747,10.0,1
3951751,9.940627832527575,4
3951764,9.67875880401945,13
3951775,9.77389734601253,11
3951782,9.876788059316853,7
3951791,9.839672901621013,9
3951799,9.842183287297056,8
3951813,9.722932714810105,14
3951818,9.93147551943197,5
3951822,9.952263022545587,4
3951835,9.691489602254633,13
3951855,9.537096832241343,20
3951856,9.988104090445228,1
3951871,9.559357672662482,15
3951876,9.902174976235601,5
3951877,10.0,1
3951878,10.0,1
3951888,9.782816526285393,10
3951894,9.87311376394942,6
3951903,9.85868774283044,9
3951904,10.0,1
3951905,10.0,1
3951917,9.722269201489201,12
3951921,9.95151940819706,4
3951926,9.899131447187509,5
3951933,9.863404209091271,7
3951937,9.930749589562861,4
3951943,9.880589608535297,6
3951953,9.787355018241016,10
3951967,9.659370077112131,14
3951975,9.84298399396175,8
3951983,9.847199144639022,8
3951992,9.841001324379896,9
3952007,9.652968341296916,15
3952020,9.697302553686027,13
3952021,10.0,1
3952022,10.0,1
3952033,9.77989379105372,11
3952045,9.72087983645825,12
3952056,9.789016432799091,11
3952061,9.909996434240753,5
3952072,9.75370376469745,11
3952085,9.721983844568536,13
3952090,9.903744231085609,5
3952101,9.76543885914859,11
3952107,9.888341550200114,6
3952118,9.779466331433305,11
3952127,9.831481528624657,9
3952138,9.7456217489679,11
3952148,9.682439721520549,10
3952159,9.761544823841614,11
3952171,9.723513345005717,12
3952184,9.717050087032087,13
3952189,9.915710995836395,5
3952195,9.897809164392807,6
3952201,9.884354529387604,6
3952219,9.56266137126262,18
3952228,9.84558745459882,9
3952235,9.889298513582151,7
3952244,9.816508393477307,9
3952254,9.791562415622394,10
3952258,9.949100883933868,4
3952269,9.771897569544244,11
3952276,9.863911974691343,7
3952281,9.914552425735074,5
3952289,9.822933349496564,8
3952295,9.907340650357604,6
3952301,9.91682528538374,6
3952313,9.759955314247893,12
3952319,9.895008949816223,6
3952330,9.75109057060633,11
3952335,9.928429324579996,5
3952344,9.811467286540113,9
3952353,9.805311076340457,9
3952362,9.810722780210526,9
3952373,9.802845606600016,11
3952383,9.793392605458099,10
3952384,10.0,1
3952395,9.780788178303533,11
3952400,9.91844518579114,5
3952408,9.824599435344279,8
3952412,9.944470427121239,4
3952425,9.713153247714086,13
3952437,9.77436395990222,12
3952443,9.891584321996406,6
3952450,9.883657038609785,7
3952462,9.742552846332883,12
3952466,9.951522993939744,4
3952472,9.897683039605397,6
3952479,9.874294234487786,7
3952486,9.89161047178236,7
3952497,9.758006799421732,11
3952502,9.913631674818003,5
3952507,9.899448459734518,5
3952518,9.759270651223597,11
3952519,10.0,1
3952529,9.763055073650397,10
3952534,9.911752584321453,5
3952547,9.711120038995084,13
3952557,9.804740673093821,10
3952565,9.854357979388123,8
3952575,9.799736948848974,10
3952586,9.78943728008895,11
3952599,9.704239278588998,13
3952600,10.0,1
3952615,9.673862951806173,15
3952621,9.894156074751255,6
3952627,9.900483848528093,6
3952638,9.76782130006496,11
3952646,9.855627685008889,8
3952649,9.963442906462033,3
3952656,9.854118519201371,7
3952662,9.875832836538143,6
3952668,9.889547039541059,6
3952675,9.885222977126348,7
3952683,9.846599256901955,8
3952686,9.95187878545351,3
3952692,9.885865287098673,6
3952702,9.83212221143563,10
3952707,9.920286779492487,5
3952720,9.709038035115634,13
3952731,9.746880924273288,11
3952737,9.885303369098992,6
3952747,9.781076333336795,10
3952761,9.703776705473006,14
3952769,9.826966247788734,8
3952775,9.889656505991429,6
3952783,9.86390028407969,8
3952788,9.932072890213357,5
3952793,9.914055161642437,5
3952799,9.88081323099742,6
3952806,9.867109815645371,7
3952815,9.82541359333954,9
3952820,9.919545114470623,5
3952826,9.889541511025207,6
3952844,9.541696885527811,18
3952855,9.704778769606149,11
3952860,9.909606125148324,5
3952866,9.911398307016187,6
3952875,9.795019116279008,9
3952888,9.707595989197646,13
3952903,9.667245976247422,15
3952906,9.966822721408276,3
3952917,9.794615391924179,11
3952931,9.68217835172063,14
3952932,9.992690035587378,1
3952947,9.399451346472455,15
3952950,9.955931782506996,3
3952963,9.713079042756489,13
3952971,9.862136759476323,8
3952974,9.96214783751541,3
3952975,9.993054110442356,1
3952988,9.725259282127118,13
3952998,9.774192788344585,10
3953002,9.95445015448564,4
3953004,9.982543367807812,2
3953019,9.681808789904174,15
3953029,9.787862413934604,10
3953034,9.91502855888548,5
3953042,9.86329082439006,8
3953062,9.501568376357183,20
3953069,9.873571470943107,7
3953082,9.710639147463196,13
3953088,9.904025368376166,6
3953093,9.912037724959989,5
3953101,9.864249209023598,8
3953111,9.784391680227486,10
3953112,10.0,1
3953121,9.82385018410351,9
3953130,9.799446190382886,9
3953136,9.89192128538137,6
3953142,9.893285503273821,6
3953143,10.0,1
3953146,9.956664504802902,3
3953150,9.938864531041636,4
3953159,9.620639633454175,9
3953168,9.806151962021191,9
3953178,9.80084942455984,10
3953187,9.832100116200971,9
3953189,9.976292044299507,2
3953199,9.826809859638486,10
3953212,9.703732705296977,13
3953216,9.940595260661018,4
3953225,9.808425477077595,9
3953237,9.759248014719686,12
3953251,9.71943058468052,14
3953257,9.907059205504936,6
3953263,9.903540997089408,6
3953273,9.784402178079768,10
3953281,9.84788270145497,8
3953291,9.787552397812686,10
3953294,9.957881607945225,3
3953307,9.711607857214785,13
3953317,9.79199642044186,10
3953326,9.815831230897023,9
3953333,9.871037181382583,7
3953344,9.749386988157568,11
3953354,9.80043844689522,10
3953355,10.0,1
3953363,9.84574163327577,8
3953378,9.675413674379998,15
3953392,9.694737821299766,14
3953402,9.79437941285871,10
3953403,10.0,1
3953409,9.889643078739285,6
3953418,9.812168960352464,9
3953424,9.907429265661872,6
3953434,9.773494632133406,10
3953445,9.77324672910212,11
3953446,9.992290252669708,1
3953447,10.0,1
3953448,9.996110923071054,1
3953454,9.891277823054454,6
3953464,9.791842534440436,10
3953472,9.860670542841195,8
3953485,9.680320168511274,13
3953496,9.752020508553558,11
3953503,9.870957655543293,7
3953513,9.825492891877431,10
3953522,9.825275098728609,9
3953530,9.23262593546561,8
3953534,9.941054052423832,4
3953538,9.93486938115096,4
3953552,9.695575049513304,14
3953561,9.831218832412238,9
3953569,9.845890374585206,8
3953575,9.906591330647027,6
3953586,9.790932560254545,11
3953590,9.950406408505499,4
3953591,10.0,1
3953597,9.912299276585655,6
3953599,9.97999728838905,2
3953608,9.838499054435424,9
3953613,9.934809628901748,5
3953625,9.735862548724807,12
3953629,9.957026530974757,4
3953635,9.889432776874413,6
3953636,10.0,1
3953640,9.945397764660768,4
3953653,9.721878544345845,13
3953659,9.901216756293199,6
3953666,9.888294991261356,7
3953691,8.934257147506568,25
3953693,9.974588787627141,2
3953702,9.824456210484993,9
3953703,10.0,1
3953708,9.907986882689803,5
3953710,9.981654227672106,2
3953723,9.691704846835886,13
3953735,9.751159852517693,12
3953746,9.776368358601873,11
3953755,9.838928286403116,9
3953763,9.831217138517781,8
3953779,9.65910360173524,16
3953791,9.743082396617812,12
3953796,9.902318551846902,5
3953802,9.906139555582882,6
3953808,9.922408602669055,6
3953812,9.945281784151687,4
3953821,9.83314634377132,9
3953829,9.840968363282505,8
3953837,9.838074621954457,8
3953841,9.944971804689272,4
3953845,9.941606233484194,4
3953855,9.796798529110914,10
3953867,9.753557239237281,12
3953868,10.0,1
3953870,9.979642502264664,2
3953891,9.599350278045867,21
3953902,9.765418668984577,11
3953909,9.87325712036013,7
3953916,9.882650100294917,7
3953917,10.0,1
3953933,9.638938855141374,16
3953949,9.630459266116793,16
3953956,9.872520264966719,7
3953961,9.90596067309265,5
3953966,9.927191556419938,5
3953974,9.850867823983947,8
3953975,10.0,1
3953983,9.833385374353854,8
3953990,9.873921255026271,7
3953995,9.903142472515466,5
3954000,9.921158773286482,5
3954012,9.731104471731083,12
3954018,9.888533713271357,6
3954030,9.728866806077827,12
3954041,9.759013754211544,11
3954051,9.76442944016254,10
3954062,9.764368616212666,11
3954069,9.871128931446197,7
3954074,9.91784767815841,5
3954086,9.776291516866207,12
3954100,9.674168432197785,14
3954103,9.957251799913731,3
3954111,9.834287294902683,8
3954124,9.715188089266261,13
3954125,10.0,1
3954132,9.865726755671886,7
3954135,9.967994006656314,3
3954145,9.775551107959995,10
3954156,9.75204071916335,11
3954162,9.88100476861039,6
3954179,9.614890597638631,17
3954185,9.89126497692727,6
3954194,9.818428836296938,9
3954202,9.855988059284517,8
3954227,9.442235179175668,25
3954234,9.884263844574011,7
3954241,9.885707844317691,7
3954248,9.878341511028694,7
3954260,9.721626997576008,12
3954271,9.76710749774916,11
3954276,9.922227079477334,5
3954288,9.76336104026661,12
3954295,9.864687633005872,7
3954296,9.993192773560747,1
3954302,9.8993073218907,6
3954314,9.730303799729928,12
3954328,9.747199797167033,14
3954340,9.74932490791636,12
3954341,10.0,1
3954349,9.847660701987527,8
3954353,9.925530864045246,4
3954354,9.992401404792702,1
3954358,9.746684483330291,4
3954365,9.864579581770935,7
3954370,9.92132335052911,5
3954381,9.764476388628161,11
3954382,10.0,1
3954385,9.965857860524256,3
3954394,9.836415503923506,9
3954401,9.878682698140999,7
3954407,9.882570460282734,6
3954415,9.850781382998958,8
3954422,9.886735466536912,7
3954434,9.740455208854314,12
3954436,9.976929959584336,2
3954445,9.806849960928755,9
3954457,9.729282606165278,12
3954464,9.855194219686027,7
3954474,9.783284732764566,10
3954486,9.718519585822238,12
3954492,9.902209916882992,6
3954493,10.0,1
3954511,9.31868087769581,18
3954518,9.88054727968176,7
3954525,9.889899702460152,7
3954537,9.74452332331776,12
3954549,9.74834664280364,12
3954550,10.0,1
3954562,9.752251632268932,12
3954566,9.92716637001391,4
3954583,9.621823899513831,17
3954594,9.649950486340625,11
3954609,9.707973495307618,15
3954620,9.799928913342686,11
3954638,9.604403828799176,18
3954649,9.787634168444171,11
3954653,9.938815521256926,4
3954664,9.768555167770511,11
3954675,9.762788458564883,11
3954686,9.76701280052679,11
3954692,9.888341975674942,6
3954703,9.800010851685919,11
3954714,9.753530378591693,11
3954726,9.754264576544202,12
3954740,9.485169370610233,14
3954741,10.0,1
3954747,9.91394577787042,6
3954753,9.876411583313189,6
3954759,9.88612057658565,6
3954769,9.770533246554251,10
3954770,10.0,1
3954778,9.83341486676105,8
3954785,9.875395858330519,7
3954786,10.0,1
3954792,9.896675304472444,6
3954796,9.943090860128166,4
3954803,9.860647212111532,7
3954812,9.827368830089013,9
3954820,9.823088601657304,8
3954846,9.38663712987816,26
3954851,9.9142177106402,5
3954862,9.744442867365478,11
3954873,9.776085506690793,11
3954882,9.790841673475754,9
3954889,9.863455450142201,7
3954890,9.988210526383737,1
3954899,9.417728064358343,9
3954907,9.824568304241867,8
3954913,9.908864532097056,6
3954920,9.884310701210305,7
3954929,9.83191399263679,9
3954932,9.959702654952876,3
3954948,9.627904576926248,16
3954949,10.0,1
3954950,10.0,1
3954958,9.857326364977567,8
3954966,9.86604570259322,8
3954988,9.543448068730907,22
3954996,9.836277028803801,8
3954999,9.963368621121438,3
3955003,9.933032306805138,4
3955019,9.645859800981457,16
3955024,9.912038236810272,5
3955032,9.838687958440456,8
3955043,9.83893608957171,11
3955044,9.992374513783108,1
3955052,9.87927987004578,8
3955053,10.0,1
3955062,9.82243030612667,9
3955073,9.785993725862133,11
3955085,9.74394861539164,12
3955100,9.671558224387228,15
3955107,9.86210933206145,7
3955116,9.629669721918422,9
3955117,10.0,1
3955128,9.784510084763335,11
3955138,9.810927250073892,10
3955151,9.698888214486491,13
3955156,9.916991712947027,5
3955165,9.817968013315465,9
3955177,9.72728143588005,12
3955184,9.849388164622829,7
3955190,9.87726516219041,6
3955203,9.740942489026446,13
3955214,9.758502715243223,11
3955220,9.883606071955708,6
3955242,7.571566711828105,22
3955248,9.89187018985069,6
3955254,9.891353229910228,6
3955262,9.820416347945274,8
3955273,9.749291002770454,11
3955283,9.780255413668069,10
3955296,9.718914704865881,13
3955312,9.649511847759968,16
3955325,9.716163842301308,13
3955331,9.901363961485094,6
3955344,9.709438878327216,13
3955347,9.942965334578794,3
3955350,9.960281935924328,3
3955366,9.42454449132292,16
3955371,9.919341306381156,5
3955378,9.863966069533086,7
3955394,9.65414719835143,16
3955405,9.781007658604869,11
3955416,9.792150769785126,11
3955422,9.89898907230611,6
3955436,9.679031414794393,14
3955439,9.955670157725027,3
3955452,9.718816203145794,13
3955461,9.736563401608135,9
3955479,9.540074790872815,18
3955484,9.898081376448566,5
3955491,9.865458839317329,7
3955499,9.825651328939903,8
3955507,9.842670535620014,8
3955511,9.931749014923511,4
3955521,9.810661265570415,10
3955525,9.937888263323394,4
3955533,9.849962710166269,8
3955542,9.609944431243154,9
3955550,9.86075587889507,8
3955559,9.804113893782967,9
3955560,9.99646940972976,1
3955564,9.929922082367503,4
3955573,9.821638725100112,9
3955580,9.867884164207075,7
3955581,10.0,1
3955589,9.836286508956,8
3955596,9.87022923084529,7
3955600,9.948335622153014,4
3955604,9.929174388145555,4
3955612,9.821449580408878,8
3955618,9.88076440315001,6
3955623,9.919399496048607,5
3955635,9.75614149433567,12
3955650,9.445184883542689,15
3955658,9.554720717712119,8
3955664,9.898911192460428,6
3955674,9.784173548293177,10
3955677,9.968429823057077,3
3955689,9.751781320573848,12
3955696,9.866525725646046,7
3955704,9.841279809356061,8
3955707,9.968078132682562,3
3955713,9.88789048933026,6
3955725,9.745946012480847,12
3955737,9.760484042241915,12
3955742,9.921492197914159,5
3955753,9.758862593390793,11
3955762,9.702765192986442,9
3955767,9.911072562565325,5
3955771,9.936851107297622,4
3955772,10.0,1
3955776,9.933764145104108,4
3955785,9.812973055133714,9
3955796,9.760645394137121,11
3955816,9.592576361365177,20
3955828,9.736285066335855,12
3955836,9.833667072794439,8
3955964,7.388579956790487,128
3955975,9.763852886533638,11
3955981,9.878412577937846,6
3955994,9.721274451663163,13
3956005,9.762485448113686,11
3956012,9.875498839829325,7
3956024,9.732149538522986,12
3956034,9.787628909407545,10
3956045,9.773850995478519,11
3956056,9.751934610935454,11
3956068,9.740869805268987,12
3956082,9.685714438933745,14
3956086,9.94948288012619,4
3956087,10.0,1
3956091,9.925899188014743,4
3956103,9.76170558330788,12
3956114,9.770470315942855,11
3956117,9.963514962876477,3
3956118,10.0,1
3956131,9.712603611361217,13
3956141,9.822964439252072,10
3956150,9.52597386245686,9
3956162,9.751362496726944,12
3956172,9.78801374292843,10
3956179,9.875138662861563,7
3956180,10.0,1
3956192,9.739960291491474,12
3956203,9.772763564600726,11
3956214,9.753130103916845,11
3956222,9.847106343520053,8
3956226,9.944890448393657,4
3956233,9.87242696601387,7
3956243,9.794892440134857,10
3956249,9.888951566282786,6
3956255,9.908236636787061,6
3956261,9.903973360035529,6
3956270,9.805763999591118,9
3956283,9.68968133897069,13
3956287,9.942435609282576,4
3956298,9.770062214351377,11
3956313,9.69565719334854,15
3956320,9.869181544490335,7
3956330,9.818921449223758,10
3956331,10.0,1
3956342,9.772234448815544,11
3956348,9.903547408884743,6
3956353,9.918881680495133,5
3956366,9.696996175869243,13
3956369,9.964488559880484,3
3956376,9.883197138777069,7
3956387,9.753745130991254,11
3956400,9.720881809822822,13
3956418,9.552064765496812,18
3956428,9.804667028480404,10
3956437,9.818502331281174,9
3956446,9.821542976783666,9
3956453,9.882264800636134,7
3956457,9.942212171259543,4
3956464,9.874277539423927,7
3956465,10.0,1
3956476,9.765670246050917,11
3956483,9.855610585108574,7
3956484,10.0,1
3956488,9.938697521513456,4
3956501,9.733335700355314,13
3956504,9.956824553467575,3
3956516,9.732392396194612,12
3956528,9.724438088683678,12
3956541,9.702516593715792,13
3956546,9.914709105604985,5
3956552,9.909107192500437,6
3956557,9.931265236228965,5
3956566,9.803896233089896,9
3956577,9.781380398822273,11
3956581,9.926778735641166,4
3956591,9.796303711816968,10
3956592,9.992206832655583,1
3956602,9.782328986333086,10
3956612,9.78267908126305,10
3956613,10.0,1
3956622,9.827768005773843,9
3956638,9.657217207556403,16
3956649,9.587504999713332,11
3956653,9.951837514789268,4
3956668,9.688813341221575,15
3956669,10.0,1
3956670,10.0,1
3956684,9.696857771788256,14
3956695,9.767674828374316,11
3956697,9.977904295662308,2
3956706,9.821994517266038,9
3956714,9.645678616126506,8
3956727,9.729025064063954,13
3956742,9.71780647103361,15
3956750,9.850457736846746,8
3956763,9.697198679907356,13
3956771,9.830243585104531,8
3956775,9.932135027292203,4
3956789,9.686926641799658,14
3956810,9.494352512981013,21
3956811,10.0,1
3956818,9.867964549170637,7
3956822,9.94301632139069,4
3956834,9.762470213703285,12
3956844,9.79833504164344,10
3956845,10.0,1
3956852,9.863005739265924,7
3956860,9.856621022847031,8
3956866,9.890821908037271,6
3956873,9.844955514406491,7
3956875,9.972339246476485,2
3956876,10.0,1
3956885,9.803253111606566,9
3956888,9.953319650883891,3
3956900,9.73936734696569,12
3956910,9.78797940642295,10
3956911,10.0,1
3956920,9.840647366653018,9
3956926,9.905185954650412,6
3956930,9.951197498886488,4
3956940,9.78143095862146,10
3956951,9.755346273700614,11
3956954,9.95419993152656,3
3956963,9.822418606742774,9
3956971,9.851967421810686,8
3956982,9.762666935792787,11
3956991,9.802944032087936,9
3957011,9.56884901407919,20
3957023,9.738587645232966,12
3957028,9.915853259281162,5
3957031,9.957636067375942,3
3957032,10.0,1
3957033,10.0,1
3957044,9.811799241658662,11
3957045,10.0,1
3957056,9.750133708958874,11
3957066,9.819649861092241,10
3957068,9.975702215833492,2
3957069,10.0,1
3957072,9.951520225971818,3
3957078,9.905128668861165,6
3957079,10.0,1
3957080,10.0,1
3957086,9.897922183389557,6
3957094,9.838097278659468,8
3957100,9.88038509988761,6
3957101,9.987891620922118,1
3957111,9.792662079140248,10
3957124,9.73077254905373,13
3957140,9.629088623371938,16
3957154,9.553927418792204,14
3957168,9.677192478256117,14
3957183,9.664436925073911,15
3957192,9.802402769402297,9
3957201,9.819933683779034,9
3957212,9.788207280979016,11
3957227,9.678849573765937,15
3957232,9.92665351320781,5
3957246,9.678815457759772,14
3957252,9.915889469344089,6
3957752,-10.263967608381776,500
3957765,9.708529412298645,13
3957773,9.840620639193387,8
3957783,9.792416718798782,10
3957792,9.822827326947339,9
3957807,9.680380241241673,15
3957813,9.913041561985846,6
3957818,9.922301212059459,5
3957825,9.878905943279412,7
3957838,9.681274606858754,13
3957839,10.0,1
3957851,9.755412794843743,12
3957865,9.690428058093389,14
3957873,9.847642865969862,8
3957880,9.877101971603805,7
3957885,9.92582628010566,5
3957890,9.915658420557953,5
3957896,9.897177414363384,6
3957908,9.729755119567331,12
3957921,9.731603963642609,13
3957922,10.0,1
3957925,9.959588708515595,3
3957926,10.0,1
3957937,9.755848185424895,11
3957938,9.989041135615292,1
3957944,9.894660661289867,6
3957948,9.927619378383842,4
3957953,9.920231693288109,5
3957957,9.927653120674806,4
3957962,9.902304879514354,5
3957972,9.801746345337616,10
3957986,9.76236559654533,14
3957995,9.808669939347784,9
3958007,9.783415077563308,12
3958016,9.810170007457634,9
3958021,9.918489282374505,5
3958028,9.910377540676931,7
3958037,9.806036547569697,9
3958052,9.654027540570043,15
3958053,10.0,1
3958064,9.774039784271212,11
3958073,9.812735716100686,9
3958076,9.964658430767765,3
3958077,9.99618023377899,1
3958085,9.8482867540784,8
3958093,9.834477936763095,8
3958103,9.763641374267786,10
3958110,9.87889578031124,7
3958123,9.727996246499158,13
3958132,9.84482225702533,9
3958133,10.0,1
3958144,9.750783204706266,11
3958160,9.600296022455892,16
3958165,9.918618138308025,5
3958168,9.95045783764238,3
3958173,9.928130027723608,5
3958178,9.927544990063353,5
3958186,9.555566360405779,8
3958187,10.0,1
3958192,9.910585511702424,5
3958206,9.710665240960184,14
3958211,9.920405331834386,5
3958220,9.846314644332837,9
3958228,9.827835878932044,8
3958240,9.737566808175316,12
3958244,9.744941079459036,4
3958252,9.858741967536043,8
3958254,9.971821032916438,2
3958262,9.650512548720101,8
3958268,9.88064001685428,6
3958273,9.913289853490166,5
3958284,9.74290793584879,11
3958294,9.788905752749145,10
3958303,9.850482216740794,9
3958316,9.708613276990643,13
3958317,10.0,1
3958318,10.0,1
3958330,9.744747726104427,12
3958343,9.713979657936207,13
3958349,9.90577381019439,6
3958361,9.740801181898723,12
3958371,9.768210962600328,10
3958374,9.960751165952605,3
3958389,9.586206923718787,15
3958393,9.947364169803745,4
3958405,9.712809032058775,12
3958406,10.0,1
3958415,9.8109595942902,9
3958419,9.937634926741627,4
3958423,9.942092438558106,4
3958428,9.920545859010549,5
3958429,9.995736361953382,1
3958444,9.575720346243225,15
3958445,10.0,1
3958446,10.0,1
3958451,9.923671246095376,5
3958459,9.830299058731615,8
3958464,9.93914613420776,5
3958471,9.873212202566402,7
3958483,9.759454964947585,12
3958488,9.911861436796723,5
3958496,9.867326324248555,8
3958504,9.853769197475303,8
3958516,9.754930674265905,12
3958522,9.901417970083596,6
3958539,9.595892622660083,17
3958552,9.744760599329938,13
3958567,9.696891664950714,15
3958576,9.81116998118085,9
3958584,9.83065668129624,8
3958592,9.86074816850037,8
3958604,9.73915403880888,12
3958618,9.6965493477191,14
3958626,9.856087438307883,8
3958638,9.7250533126595,12
3958641,9.962174175197234,3
3958650,9.842641117943481,9
3958660,9.789076821120663,10
3958661,10.0,1
3958671,9.811939806835515,10
3958681,9.76824268888968,10
3958682,10.0,1
3958691,9.817094435228023,9
3958695,9.84004995934229,4
3958708,9.744807547730659,13
3958709,10.0,1
3958716,9.86587001152904,7
3958731,9.670611271708433,15
3958739,9.835353121354776,8
3958752,9.729307923940183,13
3958759,9.875428990290258,7
3958760,10.0,1
3958766,9.881777486431954,6
3958769,9.959169385112649,3
3958774,9.908285133594163,5
3958783,9.814119074746602,9
3958793,9.796598432825792,10
3958802,9.826757678593692,9
3958812,9.798689067849455,10
3958813,9.996571472695198,1
3958820,9.880706580467226,7
3958821,10.0,1
3958830,9.815898314728482,9
3958838,9.849638598384105,8
3958839,9.989296385247725,1
3958846,9.883173198060721,7
3958850,9.949202079656489,4
3958859,9.816202143096469,9
3958868,9.824738609192105,9
3958875,9.880021626448759,7
3958876,9.989922320340577,1
3958890,9.706748637864294,14
3958897,9.889534080457569,7
3958898,9.993061256987158,1
3958905,9.874571735517021,7
3958916,9.77438826202632,11
3958925,9.815226217493414,9
3958938,9.71880345059343,13
3958946,9.841049689458393,8
3958948,9.978221645042273,2
3958955,9.876675691219814,7
3958968,9.529623641851275,13
3958977,9.810307899118158,9
3958981,9.943925263398896,4
3959000,9.580336479152056,19
3959006,9.899973513039694,6
3959022,9.554842570800721,16
3959027,9.903547523155554,5
3959032,9.912068052076481,5
3959042,9.800830981743546,10
3959045,9.95161847208243,3
3959049,9.951749914430266,4
3959063,9.485551503710475,14
3959072,9.826510321062058,9
3959076,9.945316270504353,4
3959081,9.923523737375262,5
3959091,9.763224268528111,10
3959113,9.58294543374885,22
3959125,9.757124511841157,12
3959130,9.908800797855557,5
3959143,9.706554538137619,13
3959146,9.964776523949428,3
3959161,9.682316154778979,15
3959174,9.7139759471986,13
3959177,9.956952637904447,3
3959181,9.951067647249966,4
3959198,9.590064329214302,17
3959209,9.75826048742159,11
3959216,9.883384173831292,7
3959237,9.645559035907766,21
3959240,9.952368714145946,3
3959247,9.859805700254723,7
3959262,9.743211064043383,15
3959272,9.790530315647716,10
3959286,9.693040407630749,14
3959298,9.745992015144164,12
3959312,9.688898873205774,14
3959313,9.996394638087862,1
3959319,9.918110935795974,6
3959324,9.921435770749872,5
3959328,9.925570484088196,4
3959331,9.956059668703974,3
3959332,10.0,1
3959350,9.42202633283114,18
3959361,9.755761112633838,11
3959370,9.818520957351137,9
3959371,10.0,1
3959375,9.950055514666568,4
3959380,9.922192420262153,5
3959388,9.873154817359447,8
3959393,9.919384153022996,5
3959405,9.793065449612117,12
3959409,9.943989479711538,4
3959418,9.8378211091639,9
3959423,9.918875396561162,5
3959429,9.89420497356408,6
3959430,10.0,1
3959439,9.811145878317358,9
3959448,9.809169879569966,9
3959453,9.902384179200725,5
3959459,9.90476074125364,6
3959472,9.742865463029084,13
3959481,9.80806294610146,9
3959494,9.738054515029031,13
3959508,9.725569243762253,14
3959509,9.987504255270252,1
3959528,9.455123776430641,19
3959537,9.834500183795035,9
3959541,9.933338639198132,4
3959552,9.746085269622357,11
3959569,9.667526717071363,17
3959581,9.753415837209223,12
3959586,9.90919911010555,5
3959595,9.817381027847787,9
3959605,9.807828882324028,10
3959606,10.0,1
3959610,9.935653439287565,4
3959617,9.869532922534189,7
3959630,9.724837481444268,13
3959636,9.907448967392021,6
3959648,9.741987183320898,12
3959654,9.903903247656249,6
3959655,10.0,1
3959662,9.760023020933602,7
3959679,9.649720287871345,17
3959685,9.892019155280947,6
3959686,10.0,1
3959692,9.88990646679077,6
3959701,9.81955184810289,9
3959714,9.73128087511006,13
3959721,9.852198942810372,7
3959727,9.904716749224658,6
3959739,9.747185823646607,12
3959749,9.765374554975772,10
3959755,9.904844177898848,6
3959769,9.704879661039993,14
3959777,9.829851528150261,8
3959784,9.8653710010511,7
3959792,9.844811857605949,8
3959802,9.783359064936757,10
3959811,9.821969258642628,9
3959816,9.927823553888818,5
3959828,9.750980878127805,12
3959840,9.752981177784394,12
3959848,9.848836633987359,8
3959851,9.95733489422348,3
3959858,9.869698098705056,7
3959862,9.931070994463463,4
3959863,10.0,1
3959872,9.824380836252862,9
3959889,9.633861425997345,17
3959904,9.727045016975321,15
3959919,9.656478042523792,15
3959932,9.754857532632728,13
3959939,9.87543299387903,7
3959950,9.76670804477972,11
3959951,10.0,1
3959962,9.770837805397782,11
3959970,9.858092202823686,8
3959980,9.780647894324408,10
3959988,9.659743493417778,8
3959999,9.761766235709416,11
3960008,9.814746424216924,9
3960012,9.946820716587952,4
3960015,9.952299519895092,3
3960024,9.83154405284596,9
3960028,9.733924673897729,4
3960043,9.564368571891322,15
3960053,9.795895858502066,10
3960064,9.778949863369753,11
3960080,9.605057978559127,16
3960096,9.680939231728878,16
3960104,9.839888301498174,8
3960113,9.809091273632042,9
3960128,9.66211484289783,15
3960129,10.0,1
3960139,9.790032296537772,10
3960149,9.795955827235652,10
3960150,10.0,1
3960163,9.706608091309015,13
3960174,9.77456766475219,11
3960186,9.72861382555861,12
3960193,9.866140550193302,7
3960208,9.550102437173736,15
3960214,9.694308212599921,6
3960226,9.752172328251696,12
3960227,10.0,1
3960235,9.854861607794192,8
3960246,9.745012102519487,11
3960251,9.907025051862066,5
3960256,9.914678020164004,5
3960260,9.947532450625738,4
3960261,9.989577055020993,1
3960264,9.949258964116972,3
3960272,9.835948337788244,8
3960282,9.80283924945526,10
3960292,9.801585692968505,10
3960293,9.996425820326294,1
3960299,9.883264728426415,6
3960307,9.850107760130477,8
3960318,9.744995038296445,11
3960326,9.831627241723991,8
3960340,9.734699729012567,14
3960350,9.778229921648425,10
3960351,10.0,1
3960366,9.654065159675845,15
3960389,9.52666945793211,23
3960390,10.0,1
3960396,9.88939125552429,6
3960409,9.726209540068025,13
3960421,9.747749435017468,12
3960432,9.767107363982541,11
3960438,9.89331931778729,6
3960444,9.915412675596553,6
3960456,9.738899749836952,12
3960460,9.935043249403892,4
3960467,9.868060359646837,7
3960477,9.694605187038169,10
3960485,9.841134152412268,8
3960497,9.764526663542705,12
3960508,9.77419482397883,11
3960524,9.623383943346536,16
3960536,9.744845450244254,12
3960541,9.9100549278234,5
3960555,9.711062034138008,14
3960559,9.932045778925128,4
3960563,9.949675051878275,4
3960569,9.908561613945341,6
3960579,9.781471560431724,10
3960585,9.893210836062618,6
3960591,9.879715774080683,6
3960592,10.0,1
3960608,9.612290074401207,16
3960613,9.911219553100931,5
3960614,10.0,1
3960623,9.807182438115037,9
3960632,9.827706220890256,9
3960633,10.0,1
3960644,9.77833354779499,11
3960652,9.642630260086383,8
3960655,9.958560961895587,3
3960661,9.88173710381821,6
3960665,9.741079830183686,4
3960671,9.917297260902874,6
3960683,9.730424552286197,12
3960696,9.510870970269446,13
3960704,9.848281227040493,8
3960719,9.643133471458981,15
3960736,9.610704057149997,17
3960749,9.725263146667578,13
3960753,9.932975232513131,4
3960766,9.704179334172883,13
3960776,9.79544406569571,10
3960786,9.785669721844664,10
3960793,9.865811662477569,7
3960795,9.978182009918152,2
3960804,9.820338396314023,9
3960814,9.786615587767638,10
3960823,9.835455634457158,9
3960834,9.757112503679759,11
3960845,9.79102211690978,11
3960853,9.857159330932706,8
3960863,9.815775147742855,10
3960870,9.856860579904588,7
3960876,9.90715414452101,6
3960880,9.933317413388739,4
3960891,9.776074535492164,11
3960897,9.89644988772387,6
3960902,9.919937253907808,5
3960915,9.723581357245612,13
3960924,9.810220247420595,9
3960937,9.701096651054064,13
3960942,9.929366645936506,5
3960950,9.861914372441948,8
3960961,9.771641360992444,11
3960972,9.766457330049796,11
3960983,9.748059953811772,11
3960984,10.0,1
3960985,9.996014943221175,1
3960995,9.799824986574151,10
3961003,9.844278883305794,8
3961007,9.944327763181548,4
3961016,9.792465927371683,9
3961027,9.7624213058863,11
3961035,9.82893970182867,8
3961050,9.659487358224673,15
3961068,9.532008741936016,18
3961073,9.901184137843227,5
3961083,9.797345316152043,10
3961094,9.657097986695247,11
3961097,9.95747712228729,3
3961103,9.903734462751563,6
3961115,9.747903369079344,12
3961127,9.773376359344114,12
3961130,9.953151972043123,3
3961136,9.891861627996024,6
3961144,9.848738747917269,8
3961152,9.851112412656493,8
3961167,9.646109579624461,15
3961175,9.550320376613755,8
3961189,9.659214890443698,14
3961197,9.843107568819473,8
3961201,9.937107350080005,4
3961212,9.794300123544124,11
3961223,9.785268999781676,11
3961231,9.868171899347752,8
3961242,9.740629491980497,11
3961255,9.738605852203063,13
3961267,9.759103027690095,12
3961282,9.674992901617989,15
3961294,9.729143215258482,12
3961306,9.740569414355491,12
3961310,9.93487977777234,4
3961319,9.813787500954072,9
3961326,9.88213817758952,7
3961331,9.915653163133511,5
3961344,9.738679664313352,13
3961357,9.738036988826215,13
3961367,9.808925348742488,10
3961371,9.934191008382886,4
3961380,9.80833937961995,9
3961386,9.883687221846207,6
3961392,9.888966732137039,6
3961400,9.843717908130596,8
3961408,9.845906290898188,8
3961421,9.680902959830775,13
3961429,9.841802357269303,8
3961439,9.780500585630215,10
3961447,9.858366763987146,8
3961458,9.767581602868322,11
3961468,9.805538234555984,10
3961487,9.5832978211565,19
3961500,9.716545313748334,13
3961512,9.751403693042192,12
3961528,9.635933606276843,16
3961529,10.0,1
3961540,9.767253050038219,11
3961545,9.899238693122562,5
3961559,9.733580363851608,14
3961571,9.737813187207973,12
3961580,9.842858322013011,9
3961589,9.821523307328468,9
3961597,9.846184180515294,8
3961607,9.812909217254093,10
3961611,9.93965500276951,4
3961621,9.798712962993545,10
3961622,10.0,1
3961633,9.774420349892754,11
3961642,9.851363195588366,9
3961644,9.981504950743394,2
3961652,9.857734974591846,8
3961653,10.0,1
3961666,9.740282732606042,13
3961674,9.850060632329303,8
3961681,9.878898187810137,7
3961689,9.840555091130064,8
3961701,9.718913823999879,12
3961715,9.714848490447308,14
3961728,9.71608443503019,13
3961738,9.813323040246825,10
3961750,9.766771808314997,12
3961759,9.833309106618822,9
3961774,9.49897594370624,15
3961778,9.937579666369077,4
3961782,9.943309103260125,4
3961792,9.815412640491324,10
3961799,9.864590654173266,7
3961809,9.797849111580833,10
3961810,9.98874848817649,1
3961815,9.910705110511948,5
3961816,10.0,1
3961827,9.814633765207656,11
3961833,9.871237718320629,6
3961841,9.83094984613868,8
3961849,9.83903485892878,8
3961866,9.624405047419446,17
3961874,9.832055896626152,8
3961875,9.993118590727178,1
3961881,9.888517556461862,6
3961887,9.912780306095858,6
3961897,9.79461258436629,10
3961913,9.659709297938438,16
3961922,9.815698110698106,9
3961923,10.0,1
3961927,9.939510720992407,4
3961936,9.839076729910536,9
3961951,9.660228429422165,15
3961965,9.692833442561742,14
3961973,9.836707994394674,8
3961984,9.810541961196368,11
3961991,9.860783662243385,7
3962001,9.792361551263358,10
3962006,9.927533932294779,5
3962014,9.857760475524335,8
3962029,9.761565752658814,15
3962034,9.910951896022699,5
3962036,9.985286974721664,2
3962048,9.751406321804408,12
3962056,9.850451239740135,8
3962064,9.837096841854928,8
3962068,9.930948204762416,4
3962082,9.70358872141304,14
3962099,9.604237698127443,17
3962105,9.900730040451615,6
3962109,9.932272993613974,4
3962116,9.896076761220082,7
3962128,9.745743088384051,12
3962159,8.513089091401843,31
3962171,9.72220456529608,12
3962172,10.0,1
3962178,9.68822626168017,6
3962187,9.81586893643209,9
3962193,9.888965760742124,6
3962202,9.84229545230741,9
3962203,10.0,1
3962213,9.798712209776456,10
3962218,9.92326369175408,5
3962231,9.744835301236954,13
3962242,9.770602905648593,11
3962253,9.768734476428042,11
3962265,9.734784584285075,12
3962266,10.0,1
3962275,9.832615720037131,9
3962292,9.621616414907441,17
3962303,9.761580392844031,11
3962308,9.932702239679395,5
3962321,9.732555359125248,13
3962343,9.546409654458893,22
3962348,9.908853620209147,5
3962351,9.959689117873788,3
3962355,9.938637075018724,4
3962366,9.783237245394387,11
3962369,9.970108450956626,3
3962382,9.715403345550584,13
3962389,9.866418972028045,7
3962398,9.815377583982885,9
3962406,9.83647929847361,8
3962412,9.874343227847467,6
3962422,9.055907039535454,10
3962434,9.74980992273649,12
3962439,9.7180768738619,5
3962451,9.731731642335708,12
3962466,9.664271762910978,15
3962470,9.937441019420023,4
3962479,9.820818134296461,9
3962481,9.984621820608153,2
3962487,9.904285911140374,6
3962496,9.815661306602045,9
3962502,9.898717312900057,6
3962517,9.681890048098134,15
3962524,9.851280392752496,7
3962533,9.806146949601569,9
3962543,9.836633073804478,10
3962547,9.947888933937566,4
3962555,9.833591392061315,8
3962561,9.880896635124921,6
3962570,9.876517873223095,9
3962575,9.912332278276248,5
3962583,9.856867772294333,8
3962591,9.82896098194173,8
3962596,9.916032051137437,5
3962602,9.900284600823825,6
3962606,9.934069343174386,4
3962617,9.761660872772406,11
3962624,9.881003327435122,7
3962627,9.956273904299612,3
3962631,9.940288341039778,4
3962638,9.885419219050194,7
3962640,9.972347196171913,2
3962651,9.766183371625411,11
3962661,9.840344142892024,10
3962675,9.553387271072307,14
3962679,9.927398416580056,4
3962688,9.83151674108281,9
3962700,9.745784109747834,12
3962706,9.885351098882342,6
3962717,9.771460744482678,11
3962720,9.9643442647757,3
3962731,9.783454740339682,11
3962734,9.967273940571001,3
3962748,9.721340625387878,14
3962766,8.980047883519536,18
3962767,10.0,1
3962773,9.883241002879846,6
3962782,9.819627611285199,9
3962788,9.914929070236818,6
3962801,9.692261008567925,13
3962803,9.873223710084877,2
3962810,9.879286544891329,7
3962816,9.894848043126155,6
3962827,9.767654907635904,11
3962834,9.87168902917071,7
3962845,9.74584865804687,11
3962857,9.724675577678296,12
3962878,9.489385770022125,21
3962884,9.902394283396823,6
3962891,9.848516234864674,7
3962899,9.843711885042486,8
3962907,9.839240262087388,8
3962912,9.912705449932885,5
3962913,10.0,1
3962924,9.766279203785947,11
3962937,9.727895140229226,13
3962947,9.773356310845388,10
3962956,9.81262651582537,9
3962958,9.979669033808074,2
3962975,9.688939129634086,17
3962976,10.0,1
3962982,9.880825295208533,6
3962996,9.658627311073888,14
3963007,9.767312947143784,11
3963017,9.801259113416576,10
3963018,10.0,1
3963027,9.8242827554981,9
3963030,9.962253020931701,3
3963039,9.822530359680204,9
3963047,9.846158561208194,8
3963051,9.93631023022021,4
3963060,9.83739867270724,9
3963073,9.722363000358401,13
3963085,9.704220121257478,12
3963095,9.77527343314315,10
3963102,9.872110199808173,7
3963112,9.785810875750213,10
3963126,9.678902677614014,14
3963133,9.867707932861796,7
3963140,9.878004823277113,7
3963145,9.922798789057609,5
3963157,9.768539246402232,12
3963163,9.893453139731852,6
3963172,9.822466891634624,9
3963181,9.812853223672159,9
3963193,9.729220232061875,12
3963201,9.838390666906255,8
3963210,9.833245493029734,9
3963222,9.742539128508788,12
3963226,9.935641509803268,4
3963234,9.831196070589838,8
3963242,9.873745788444053,8
3963247,9.91886906454308,5
3963255,9.856568774690036,8
3963268,9.730201555286216,13
3963269,10.0,1
3963281,9.736709794525831,12
3963289,9.823674293600112,8
3963290,10.0,1
3963299,9.806888588505338,9
3963312,9.594830570263706,13
3963324,9.728955173397813,12
3963335,9.768127570186579,11
3963336,10.0,1
3963337,10.0,1
3963341,9.857199975316604,4
3963351,9.796801980669967,10
3963358,9.870595982412208,7
3963365,9.860265155001713,7
3963372,9.86743151886369,7
3963379,9.864185867584974,7
3963382,9.950454431862386,3
3963393,9.754925057574448,11
3963399,9.884291363027854,6
3963408,9.817465683807118,9
3963410,9.87978879979454,2
3963430,9.270202016242067,20
3963441,9.770583516369921,11
3963459,9.588471168647835,18
3963472,9.718158840889382,13
3963479,9.85666105109988,7
3963480,10.0,1
3963481,10.0,1
3963484,9.959529780628,3
3963496,9.729794984093703,12
3963497,10.0,1
3963500,9.962596294905728,3
3963507,9.86797287039017,7
3963523,9.526805805919265,16
3963529,9.906214730047049,6
3963543,9.690736693944125,14
3963554,9.777858624192984,11
3963562,9.843260319724518,8
3963573,9.751190589931863,11
3963586,9.74386416669749,13
3963592,9.878516036662598,6
3963598,9.889570376624425,6
3963603,9.925866938227392,5
3963617,9.731271679998544,14
3963630,9.730428594901273,13
3963631,10.0,1
3963637,9.889067040534181,6
3963640,9.957573457248097,3
3963647,9.861659889079844,7
3963661,9.755759120152963,14
3963662,10.0,1
3963677,9.68701352038395,15
3963687,9.789234788959645,10
3963696,9.818572937501356,9
3963709,9.728676006121844,13
3963715,9.887633260506368,6
3963727,9.81009803933489,12
3963738,9.820655966145488,11
3963750,9.730543393764204,12
3963759,9.80558621231157,9
3963766,9.847715963258153,7
3963777,9.767848304547313,11
3963781,9.948412044132807,4
3963795,9.663750725601128,14
3963802,9.866713981845816,7
3963810,9.879766282069346,8
3963824,9.684501684247087,14
3963933,-0.0600206853128924,109
3963947,9.68168006718939,14
3963950,9.953832722485798,3
3963951,10.0,1
3963958,9.856699614067505,7
3963970,9.729490317388231,12
3963973,9.960566170125247,3
3963982,9.819331741300843,9
3963988,9.896100088383239,6
3963996,9.816037672399597,8
3964004,9.825014336817805,8
3964015,9.754089868980362,11
3964023,9.835605752616502,8
3964035,9.73597275358641,12
3964036,10.0,1
3964045,9.800646130780358,9
3964056,9.777173012644585,11
3964059,9.9551396031504,3
3964060,10.0,1
3964061,10.0,1
3964066,9.92387038955144,5
3964079,9.719166278327036,13
3964092,9.73588904222666,13
3964102,9.811276295774302,10
3964110,9.845378492141535,8
3964124,9.671983130989215,14
3964125,10.0,1
3964131,9.892156845154272,6
3964132,10.0,1
3964140,9.86655937921756,8
3964147,9.890046643285183,7
3964154,9.888875377116735,7
3964164,9.791064411713023,10
3964177,9.705674357237392,13
3964185,9.847109128582142,8
3964201,9.659421743682408,16
3964207,9.897317516461682,6
3964219,9.774614254859019,12
3964222,9.952545295251646,3
3964227,9.918127563262365,5
3964236,9.796219089420525,9
3964244,9.85125954423609,8
3964254,9.79926702085164,10
3964258,9.947977654813245,4
3964264,9.890885232773833,6
3964272,9.858926741663694,8
3964288,9.647837402362732,16
3964295,9.86378204439402,7
3964303,9.845583514253953,8
3964313,9.774858035827137,10
3964318,9.923559394685311,5
3964322,9.935185094976033,4
3964332,9.795978317564787,10
3964339,9.857507756177416,7
3964351,9.7347816229642,12
3964353,9.97873265371141,2
3964364,9.752837544380185,11
3964371,9.866234850246123,7
3964378,9.872054940713884,7
3964386,9.852287271616216,8
3964387,10.0,1
3964391,9.940206540711609,4
3964395,9.939060451388928,4
3964408,9.729453612385612,13
3964413,9.91550981378371,5
3964418,9.907498284899786,5
3964433,9.66532778964929,15
3964438,9.92228791590261,5
3964453,9.677175904004217,15
3964467,9.667077064014688,14
3964471,9.927092442009315,4
3964481,9.841971226535215,10
3964483,9.972303055920982,2
3964489,9.890654510535704,6
3964495,9.912933021772112,6
3964503,9.837395407282209,8
3964509,9.909155466450752,6
3964510,10.0,1
3964528,9.598789816961958,18
3964536,9.841139366370076,8
3964539,9.951221852472912,3
3964547,9.852988411580707,8
3964559,9.718293538861667,12
3964569,9.81338908001333,10
3964581,9.660353982798558,12
3964592,9.767490107577672,11
3964602,9.82684852066988,10
3964614,9.721406679225135,12
3964620,9.905077177896507,6
3964634,9.683243379456485,14
3964639,9.913371896397155,5
3964653,9.698894862357076,14
3964663,9.774277883875728,10
3964675,9.708464024303433,12
3964676,10.0,1
3964687,9.746447854326554,11
3964694,9.8568681770258,7
3964700,9.902992405265728,6
3964717,9.594598104334095,17
3964725,9.844557684327139,8
3964737,9.73340170336524,12
3964745,9.853518854807719,8
3964746,10.0,1
3964751,9.908298435800292,5
3964759,9.84586260278419,8
3964763,9.737670387955509,4
3964770,9.855096731842897,7
3964786,9.631418860547921,16
3964792,9.885656901746671,6
3964795,9.950538071677206,3
3964796,10.0,1
3964803,9.867112141914836,7
3964811,9.842400243355293,8
3964825,9.684006599502545,14
3964849,9.496580358795248,24
3964850,10.0,1
3964859,9.81223537533445,9
3964863,9.952276547721194,4
3964869,9.894893339396788,6
3964875,9.903450813118699,6
3964894,9.559537640597913,19
3964903,9.803477182854111,9
3964914,9.766872679496293,11
3964919,9.932144492477972,5
3964927,9.849862328610088,8
3964928,10.0,1
3964935,9.86074895269353,7
3964944,9.80672225333833,9
3964947,9.958952288085426,3
3964954,9.875858494824977,7
3964966,9.756277185481823,12
3964973,9.867501135493358,7
3964980,9.855610600496718,7
3964992,9.73264561621585,12
3964996,9.937770474865237,4
3965016,9.624818731793468,20
3965017,10.0,1
3965022,9.907882132691329,5
3965029,9.865602713519792,7
3965037,9.743689875162456,8
3965051,9.70211687405167,14
3965052,9.989474092332845,1
3965060,9.840676852530049,8
3965068,9.829660766952841,8
3965077,9.833983574272157,9
3965088,9.775547598917747,11
3965089,10.0,1
3965092,9.95994418075182,3
3965101,9.827167391955216,9
3965109,9.847859002055346,8
3965119,9.686157589014561,10
3965120,10.0,1
3965121,10.0,1
3965125,9.928185742447099,4
3965137,9.801413679512304,12
3965143,9.90485717314095,6
3965152,9.795661116211344,9
3965162,9.797461796375401,10
3965172,9.795486936107007,10
3965179,9.863176257816761,7
3965188,9.82691899899859,9
3965193,9.92777805540754,5
3965202,9.828943675151594,9
3965203,9.992382212691187,1
3965211,9.844530885074507,8
3965214,9.9542066577158,3
3965225,9.776332849369659,11
3965234,9.796165036080188,9
3965247,9.701878252105057,13
3965257,9.812950545561614,10
3965270,9.702430929871063,13
3965280,9.782092883597658,10
3965288,9.851381012754516,8
3965297,9.805522599796127,9
3965298,9.992219863704218,1
3965299,10.0,1
3965306,9.875364353145274,7
3965311,9.920642830948552,5
3965317,9.890607672592724,6
3965321,9.926657154562292,4
3965326,9.925831837071488,5
3965330,9.95367819218591,4
3965338,9.843918612213237,8
3965349,9.769736865191309,11
3965361,9.726142121123015,12
3965369,9.84962629277268,8
3965374,9.92341076539401,5
3965388,9.697515990079266,14
3965403,9.650761245109098,15
3965412,9.809115201743742,9
3965426,9.669593962786536,14
3965431,9.916643298858563,5
3965447,9.632466328480087,16
3965459,9.740633956021869,12
3965469,9.771090932910077,10
3965481,9.734238202614016,12
3965489,9.819048193832964,8
3965498,9.824427497387378,9
3965506,9.846017873108437,8
3965514,9.851571098401818,8
3965517,9.969961949163265,3
3965520,9.966891411170453,3
3965527,9.86398058515851,7
3965537,9.797161851347946,10
3965547,9.804893159735634,10
3965551,9.946813844030627,4
3965563,9.708589389627457,12
3965573,9.814645448128603,10
3965592,9.613803229873152,19
3965594,9.97621998002574,2
3965606,9.715582016220457,12
3965621,9.666757239011863,15
3965630,9.822687100764382,9
3965635,9.929890535009251,5
3965642,9.871449935717324,7
3965656,9.685515350507869,14
3965661,9.908180622840968,5
3965667,9.87797668993476,6
3965677,9.782616864413715,10
3965679,9.970379257861936,2
3965688,9.817675150732615,9
3965698,9.80345169096562,10
3965704,9.901224158958199,6
3965705,10.0,1
3965716,9.806275344040685,11
3965725,9.804428137191234,9
3965735,9.82570077904249,10
3965744,9.811306737529158,9
3965746,9.98616368578654,2
3965757,9.76349857742257,11
3965764,9.87600503993643,7
3965773,9.829602190174562,9
3965782,9.832370459607013,9
3965788,9.896384445265513,6
3965798,9.78616303211503,10
3965799,10.0,1
3965813,9.67350825735111,14
3965820,9.893132370515536,7
3965826,9.876348607177222,6
3965836,9.780167536462974,10
3965843,9.88810276069629,7
3965852,9.821666179373931,9
3965867,9.55446926148,15
3965880,9.694866922540278,13
3965890,9.774510652318382,10
3965891,9.991546919426092,1
3965900,9.823613250174581,9
3965908,9.84151071061593,8
3965916,9.809832657067236,8
3965917,10.0,1
3965926,9.805931185701583,9
3965931,9.916430592152619,5
3965944,9.746694466624765,13
3965954,9.589054895699572,10
3965961,9.868606299977834,7
3965969,9.845963604254596,8
3965980,9.744237842546532,11
3965985,9.90655794863168,5
3966000,9.620123451192983,15
3966016,9.611183587329258,16
3966023,9.85476510217471,7
3966026,9.96584069411781,3
3966038,9.777589255203582,12
3966044,9.8849640728352,6
3966054,9.752253131843743,10
3966063,9.829416240653385,9
3966070,9.857712130241802,7
3966071,10.0,1
3966073,9.980601571418164,2
3966088,9.683624015116106,15
3966100,9.77744659956074,12
3966108,9.842999310360764,8
3966118,9.81398309303965,10
3966124,9.883862942438016,6
3966128,9.946454749513762,4
3966132,9.943953491320716,4
3966137,9.909578673306807,5
3966153,9.675473394893169,16
3966159,9.907752783576537,6
3966172,9.719991618560318,13
3966181,9.607551500492658,9
3966187,9.900479192403195,6
3966195,9.83625290453602,8
3966207,9.723548931957826,12
3966221,9.710154033512062,14
3966236,9.65657680721037,15
3966241,9.915824767749656,5
3966256,9.658671314930327,15
3966276,8.75757365966908,20
3966277,10.0,1
3966289,9.756273588682648,12
3966296,9.88337441210218,7
3966313,9.650981025976481,17
3966321,9.84204637883933,8
3966333,9.76949948162355,12
3966341,9.857738195551551,8
3966356,9.656748882553376,15
3966367,9.734699892135755,11
3966373,9.88723652085903,6
3966381,9.817429406061613,8
3966392,9.765382774680281,11
3966409,9.29537494902714,17
3966411,9.97372854652383,2
3966420,9.821072533808632,9
3966421,10.0,1
3966430,9.797120782765319,9
3966436,9.89085804352997,6
3966441,9.924172694507327,5
3966454,9.67832362174656,13
3966463,9.815034192601148,9
3966466,9.958875604217976,3
3966474,9.873200591232274,8
3966481,9.880343934700893,7
3966487,9.879263311041107,6
3966500,9.493803601043336,13
3966512,9.748644017783862,12
3966513,10.0,1
3966520,9.883267154286495,7
3966521,9.996419196842627,1
3966526,9.913990913595667,5
3966536,9.811835064433035,10
3966561,9.411039257616006,25
3966568,9.871960013805634,7
3966580,9.733098913129421,12
3966588,9.822959139500597,8
3966593,9.914482685548633,5
3966594,10.0,1
3966599,9.910832167181262,5
3966606,9.67315818160266,7
3966612,9.901322483251246,6
3966617,9.908243169112318,5
3966631,9.740754615332422,14
3966645,9.710363241631738,14
3966659,9.681537591042634,14
3966670,9.760772558529773,11
3966679,9.81335626169982,9
3966691,9.732986262316862,12
3966701,9.808437818612509,10
3966709,9.84627812139851,8
3966715,9.88794286464433,6
3966720,9.926485817786263,5
3966729,9.809423891882409,9
3966740,9.782804004817622,11
3966748,9.828738445958107,8
3966763,9.683173818683224,15
3966775,9.732045328071981,12
3966798,9.40990856244053,23
3966807,9.793096381374593,9
3966810,9.958106787684327,3
3966818,9.834381974187314,8
3966828,9.81046444508814,10
3966841,9.73786164140416,13
3966854,9.717089685822163,13
3966862,9.816953370814208,8
3966863,10.0,1
3966873,9.783487920247662,10
3966883,9.805138184540871,10
3966887,9.931393762139331,4
3966903,9.629558497734024,16
3966909,9.882346701121467,6
3966922,9.741668175200669,13
3966926,9.927874560750285,4
3966931,9.912292109636404,5
3966946,9.513693779909836,15
3966956,9.813254867555704,10
3966960,9.949738521490453,4
3966963,9.961189860901165,3
3966967,9.930060451502278,4
3966976,9.802044255762599,9
3966986,9.779238241429951,10
3966997,9.78374444881528,11
3967002,9.910321129468095,5
3967005,9.966042292785854,3
3967022,9.618121723082098,17
3967033,9.758624249215403,11
3967040,9.864261436675134,7
3967041,10.0,1
3967046,9.730031467967668,5
3967047,9.992575365038302,1
3967050,9.952939542983845,3
3967057,9.866498208990068,7
3967062,9.912339387246186,5
3967070,9.845250191298422,8
3967071,10.0,1
3967082,9.783037434204534,11
3967094,9.759578719926026,12
3967105,9.759237020858617,11
3967114,9.822896770825707,9
3967120,9.89106606147965,6
3967129,9.783459235634512,9
3967140,9.77127286199003,11
3967152,9.712919681942013,12
3967162,9.793436323454175,10
3967171,9.819528313623247,9
3967175,9.9279250170109,4
3967183,9.77552282917372,8
3967190,9.87735203271288,7
3967200,9.780425115275102,10
3967201,10.0,1
3967211,9.808544814359026,10
3967224,9.719476314510873,13
3967230,9.897359705323042,6
3967234,9.927716174081112,4
3967241,9.880930738308704,7
3967246,9.929161481956292,5
3967252,9.887691334606355,6
3967253,10.0,1
3967264,9.764441873779166,11
3967269,9.90664709154691,5
3967270,10.0,1
3967280,9.789630368078457,10
3967281,10.0,1
3967292,9.784790520731798,11
3967297,9.908498846690934,5
3967308,9.786448157574943,11
3967310,9.968894233139556,2
3967320,9.783172985174076,10
3967328,9.83981314773175,8
3967334,9.89731874476628,6
3967342,9.867152801543943,8
3967346,9.9516430534514,4
3967347,10.0,1
3967357,9.787377772857473,10
3967366,9.804336452248192,9
3967381,9.635785259286306,15
3967390,9.807296355329198,9
3967400,9.801745702189649,10
3967406,9.908308337326398,6
3967414,9.844747310122322,8
3967426,9.73898043503626,12
3967433,9.854912367115112,7
3967446,9.702754189855781,13
3967454,9.880795871085677,8
3967455,9.988225844547985,1
3967469,9.269746659280113,14
3967479,9.820293084080436,10
3967489,9.825165396940399,10
3967497,9.848157536585468,8
3967498,10.0,1
3967505,9.877503691684712,7
3967508,9.96282169081802,3
3967523,9.647193531447272,15
3967530,9.874939970870678,7
3967531,10.0,1
3967545,9.693856443217408,14
3967557,9.751291945386852,12
3967567,9.823191210561399,10
3967578,9.812058198871062,11
3967587,9.78230448020876,9
3967595,9.840491016498707,8
3967605,9.827130673532622,10
3967615,9.815925128565723,10
3967625,9.610701828231484,10
3967638,9.751333875587648,13
3967648,9.81915374673994,10
3967660,9.725826172692418,12
3967674,9.66179209838532,14
3967683,9.81655490676428,9
3967684,9.989096122157788,1
3967693,9.718210824396953,9
3967697,9.949665944808334,4
3967708,9.73525875485405,11
3967719,9.735650420029218,11
3967724,9.923394764687746,5
3967725,10.0,1
3967733,9.82697934739847,8
3967743,9.765930455288846,10
3967754,9.755102891811223,11
3967765,9.76235215257705,11
3967778,9.723176303255553,13
3967789,9.785589791195353,11
3967797,9.83519434342966,8
3967810,9.690885257102956,13
3967816,9.91010487283174,6
3967817,9.996495085548206,1
3967820,9.962284162419833,3
3967830,9.8068725171133,10
3967838,9.833697692986364,8
3967848,9.783620912059765,10
3967857,9.797178373526597,9
3967858,10.0,1
3967866,9.840658530036979,8
3967872,9.87793730587167,6
3967882,9.789952408441005,10
3967883,9.99151521086908,1
3967888,9.925576262648091,5
3967894,9.873000571918347,6
3967895,10.0,1
3967912,9.599354590085268,17
3967923,9.764128564307867,11
3967928,9.925873256032515,5
3967938,9.805695642207912,10
3967943,9.907626083333483,5
3967952,9.832782591083468,9
3967958,9.907068728426834,6
3967970,9.724719988401398,12
3967979,9.834757320489123,9
3967981,9.97819257896316,2
3967991,9.814076742892599,10
3968000,9.819233992325014,9
3968009,9.808052569504312,9
3968010,10.0,1
3968019,9.808545208172376,9
3968032,9.714146864314065,13
3968042,9.799875254624608,10
3968054,9.631757699054607,12
3968067,9.711039917303541,13
3968076,9.804825660394773,9
3968089,9.72223598744791,13
3968098,9.820997636102781,9
3968105,9.760739347250745,7
3968109,9.839138838315664,4
3968114,9.922092834187625,5
3968119,9.918731326967793,5
3968131,9.767265463856909,12
3968138,9.851876622839516,7
3968139,10.0,1
3968149,9.84257962048615,10
3968160,9.770489642501804,11
3968163,9.954459456562573,3
3968169,9.79683321863853,6
3968171,9.974166536894323,2
3968179,9.825577734585488,8
3968189,9.807598884736116,10
3968201,9.732843775153928,12
3968202,10.0,1
3968209,9.761033197057639,7
3968217,9.862179051504837,8
3968227,9.782419698675769,10
3968242,9.538400016277814,15
3968251,9.817364406606883,9
3968252,10.0,1
3968268,9.641810828983132,16
3968271,9.954432224832807,3
3968278,9.87032485696376,7
3968279,9.98751763154043,1
3968284,9.923339223164756,5
3968293,9.824907750287514,9
3968296,9.966346678965651,3
3968301,9.94401669078595,5
3968310,9.83018001516762,9
3968314,9.834500426408635,4
3968320,9.896327299638306,6
3968327,9.88847209386707,7
3968328,10.0,1
3968334,9.909258076363713,6
3968339,9.917680771256208,5
3968349,9.796266265203085,10
3968360,9.754803610665348,11
3968361,10.0,1
3968371,9.794236960435716,10
3968382,9.756171160560905,11
3968397,9.656818628906043,15
3968404,9.87036528552388,7
3968416,9.748944095874872,12
3968428,9.728881928258737,12
3968441,9.718682119613753,13
3968450,9.838196018873923,9
3968460,9.787313166844227,10
3968468,9.8417797694134,8
3968481,6.81988708496665,13
3968495,9.67917877516721,14
3968504,9.80268311261463,9
3968512,9.875463347508202,8
3968521,9.840460008000447,9
3968527,9.880410274363946,6
3968533,9.895337325530543,6
3968537,9.946528936814321,4
3968540,9.958188873795915,3
3968546,9.890327721057965,6
3968560,9.675904988109929,14
3968565,9.935853230686972,5
3968574,9.817097687879686,9
3968583,9.833770091014578,9
3968593,9.79567411963416,10
3968603,9.839477556095323,10
3968604,10.0,1
3968621,9.658374873469905,17
3968624,9.968119124165494,3
3968627,9.967326927964972,3
3968639,9.801547336379715,12
3968644,9.912407854082952,5
3968656,9.739909396227208,12
3968667,9.827517667796242,11
3968674,9.891625510379006,7
3968686,9.713212665191492,12
3968703,9.66553143333905,17
3968711,9.84928390052172,8
3968719,9.857508615907456,8
3968720,10.0,1
3968721,10.0,1
3968740,9.52660559139911,19
3968755,9.700799257382664,15
3968760,9.905236780215208,5
3968778,9.740815356824816,18
3968813,9.271080258252132,35
3968822,9.867027858700803,9
3968835,9.694709060339976,13
3968836,10.0,1
3968852,9.619880668384434,16
3968858,9.872117121164177,6
3968867,9.827817538966205,9
3968868,10.0,1
3968869,10.0,1
3968878,9.814531579952275,9
3968888,9.782136129311652,10
3968894,9.872775292627079,6
3968898,9.941529047629498,4
3968910,9.708962994844285,12
3968911,10.0,1
3968920,9.820981963915775,9
3968926,9.886524479151637,6
3968933,9.877050958816604,7
3968938,9.918001598065976,5
3968947,9.839559938972258,9
3968957,9.798263655013008,10
3968966,9.789174808020212,9
3968975,9.825511590953957,9
3968985,9.806056208796054,10
3968994,9.794929709498453,9
3969004,9.797426022656932,10
3969013,9.782457330389592,9
3969014,10.0,1
3969020,9.885710577721232,6
3969021,10.0,1
3969022,9.991717710502973,1
3969036,9.693633282101153,14
3969044,9.840229660973726,8
3969053,9.800749506416741,9
3969054,10.0,1
3969071,9.589571832894515,17
3969075,9.943760810215826,4
3969092,9.642557147685578,17
3969097,9.906561131145015,5
3969099,9.972008000331174,2
3969104,9.928443012626179,5
3969114,9.79480196897473,10
3969120,9.910292849388744,6
3969127,9.890578168312024,7
3969133,9.88101360775871,6
3969144,9.753613194468967,11
3969145,10.0,1
3969152,9.869832519842339,7
3969154,9.974774877974992,2
3969166,9.74362533284491,12
3969178,9.758406969054622,12
3969191,9.691342070674224,13
3969207,9.67607131334462,16
3969209,9.981899599581972,2
3969217,9.859088746562103,8
3969226,9.786926740211285,9
3969233,9.878380019075113,7
3969248,9.704222611804388,15
3969258,9.797501381507814,10
3969271,9.696494927734332,13
3969283,9.7459921678747,12
3969284,10.0,1
3969285,9.996479842880245,1
3969300,9.66726060266487,15
3969314,9.648368055792634,14
3969326,9.776134464767559,12
3969329,9.95566832580018,3
3969338,9.79065925983329,9
3969347,9.828472922151137,9
3969357,9.797372511041956,10
3969360,9.961575023200448,3
3969369,9.793929639771164,9
3969374,9.916885919230321,5
3969381,9.881553444223794,7
3969384,9.965483683606992,3
3969392,9.846033532709635,8
3969398,9.89654696382434,6
3969400,9.975085796120934,2
3969405,9.92404091871131,5
3969413,9.846684934268827,8
3969418,9.912213908448491,5
3969419,10.0,1
3969434,9.688823335196684,15
3969439,9.911008266460062,5
3969445,9.893796885961134,6
3969452,9.854506128542123,7
3969459,9.879772466387225,7
3969462,9.949576906172242,3
3969473,9.755572732824934,11
3969483,9.776852801020533,10
3969493,9.812230621095926,10
3969494,10.0,1
3969501,9.866074640485156,7
3969505,9.92524958258066,4
3969516,9.764282161016606,11
3969521,9.910828901739718,5
3969526,9.92710954605847,5
3969536,9.798968005187296,10
3969547,9.764676068322634,11
3969562,9.674369922164571,15
3969569,9.880958281591836,7
3969579,9.772805356832139,10
3969588,9.817822035180432,9
3969601,9.736489662578663,13
3969613,9.751556562064138,12
3969623,9.815154281531196,10
3969626,9.967150708068669,3
3969634,9.838821906383899,8
3969643,9.845438851580843,9
3969657,9.673961939147896,14
3969673,9.664219444942967,16
3969682,9.802609758407788,9
3969698,9.664043737163407,16
3969702,9.958858952636644,4
3969714,9.723310793192592,12
3969725,9.81285960799001,11
3969742,9.633360171641018,17
3969751,9.808378902859895,9
3969764,9.719981739861796,13
3969767,9.961687839986546,3
3969775,9.828705510255766,8
3969776,9.987682860932434,1
3969791,9.693811510725046,15
3969803,9.733859437180255,12
3969811,9.854292472086955,8
3969827,9.687236553799037,16
3969837,9.818598912708762,10
3969851,9.641153555188815,14
3969856,9.90885086441971,5
3969862,9.901657796004377,6
3969867,9.919495839974159,5
3969879,9.74330038969841,12
3969881,9.983222767673993,2
3969886,9.921312752437801,5
3969887,10.0,1
3969888,10.0,1
3969900,9.742533965445647,12
3969906,9.877966390422966,6
3969921,9.665575539460967,15
3969936,9.660150304826233,15
3969948,9.770119056724177,12
3969958,9.478971621777838,10
3969965,9.853430194670688,7
3969972,9.864848693183774,7
3969982,9.786985139916816,10
3969990,9.864441598445246,8
3970003,9.711448304384444,13
3970010,9.865021624658366,7
3970015,9.930910644865337,5
3970016,10.0,1
3970018,9.974605286796269,2
3970033,9.69870122905502,15
3970042,9.831948454731831,9
3970050,9.833442980068657,8
3970057,9.864859195544128,7
3970062,9.92195962574484,5
3970068,9.901010362361008,6
3970077,9.81307035990949,9
3970085,9.82327780622996,8
3970095,9.824181682336086,10
3970101,9.879301069094389,6
3970110,9.824397826598803,9
3970120,9.77968059409143,10
3970128,9.83636390004057,8
3970129,10.0,1
3970143,9.731239461504513,14
3970145,9.977521947680243,2
3970161,9.620317754145844,16
3970173,9.7372701573787,12
3970197,9.45188055819775,24
3970203,9.888972250944171,6
3970204,9.992413612324986,1
3970217,9.75329438220461,13
3970225,9.86040535941588,8
3970229,9.933249215776703,4
3970236,9.875021845600108,7
3970242,9.908025092354764,6
3970243,10.0,1
3970254,9.748108843363882,11
3970260,9.912204213257644,6
3970269,9.8336294454742,9
3970280,9.76139952201166,11
3970281,10.0,1
3970294,9.716858770869813,13
3970300,9.887807125249516,6
3970302,9.981008560255802,2
3970310,9.838027541651229,8
3970318,9.861962841670717,8
3970330,9.742189402950816,12
3970333,9.965550489546878,3
3970338,9.918180302733262,5
3970343,9.92294926857777,5
3970356,9.711777867250941,13
3970357,10.0,1
3970361,9.93109791220128,4
3970368,9.875492984773464,7
3970374,9.911167039488523,6
3970379,9.910456545949813,5
3970384,9.931993477142848,5
3970392,9.851326654117724,8
3970393,10.0,1
3970406,9.727164693864326,13
3970412,9.910635245205448,6
3970418,9.89393616958492,6
3970419,10.0,1
3970430,9.796080875165233,11
3970443,9.744321778946208,13
3970447,9.942217961870735,4
3970462,9.702043059312187,15
3970463,10.0,1
3970474,9.76110659318154,11
3970485,9.766455657650729,11
3970497,9.742637415671672,12
3970509,9.733572429249442,12
3970523,9.692000793525851,14
3970534,9.761871721219636,11
3970552,9.590581201611604,18
3970565,9.72781119180653,13
3970566,9.987698152997332,1
3970567,10.0,1
3970582,9.679518104318102,15
3970592,9.794272086861051,10
3970597,9.917781740402058,5
3970598,10.0,1
3970605,9.878418740858095,7
3970610,9.924361993917863,5
3970618,9.868557742889994,8
3970624,9.902467869882665,6
3970690,9.00893772434482,66
3970705,9.708254232164757,15
3970718,9.713293383050436,13
3970726,9.855819077716548,8
3970731,9.924825813191177,5
3970740,9.840328956446397,9
3970747,9.875651625513923,7
3970755,9.812635264345516,8
3970761,9.894727642960845,6
3970783,9.239971114561628,22
3970790,9.875480069632815,7
3970802,9.794270547004647,12
3970820,9.562448548126063,18
3970834,9.687256197427201,14
3970847,9.70188153854147,13
3970857,9.78713819968151,10
3970873,9.680488427069527,16
3970883,9.779007566439955,10
3970891,9.840365863245427,8
3970897,9.708285974268266,6
3970902,9.93676027508996,5
3970914,9.737976018431723,12
3970915,10.0,1
3970916,9.996556840287347,1
3970928,9.708020487282795,12
3970933,9.824026265869714,5
3970944,9.778916818888856,11
3970959,9.66878116321772,15
3970976,9.574526030018715,17
3970985,9.831257479455843,9
3970986,10.0,1
3970987,9.993232128499152,1
3970993,9.878946510127607,6
3971003,9.787407253526707,10
3971014,9.784749919854443,11
3971023,9.815895336039597,9
3971031,9.871148203449593,8
3971034,9.959589123245767,3
3971038,9.949585042832771,4
3971045,9.902129312626506,7
3971047,9.780944860593676,2
3971055,9.652784550500021,8
3971056,10.0,1
3971066,9.815511073994019,10
3971075,9.828807323407613,9
3971076,10.0,1
3971083,9.870198359642744,7
3971087,9.9320920809968,4
3971096,9.813604973033346,9
3971105,9.798498572287317,9
3971115,9.807074958343303,10
3971128,9.72661746622975,13
3971137,9.844255027794242,9
3971144,9.857823250457013,7
3971154,9.789266638832967,10
3971161,9.888670971770978,7
3971162,10.0,1
3971168,9.894798887943962,6
3971178,9.761385559641043,10
3971187,9.829499647731119,9
3971197,9.778482836812957,10
3971201,9.940554939099481,4
3971203,9.979457592986789,2
3971213,9.679861599272156,10
3971222,9.816713561352442,9
3971223,9.987157997148566,1
3971228,9.910520725448428,5
3971229,10.0,1
3971244,9.633308243546098,15
3971245,10.0,1
3971248,9.9670064464185,3
3971259,9.749680793450013,11
3971263,9.934288411830162,4
3971270,9.880889025467347,7
3971271,10.0,1
3971272,10.0,1
3971286,9.67466714205519,14
3971298,9.736714561402005,12
3971299,10.0,1
3971308,9.824946158743362,9
3971315,9.866985139586715,7
3971326,9.773599552364082,11
3971336,9.79218842845872,10
3971337,10.0,1
3971354,9.564301988491287,17
3971361,9.872396782078315,7
3971367,9.881678387900973,6
3971385,9.58477276956257,18
3971397,9.78906384359616,12
3971408,9.763016935412727,11
3971417,9.803827293895983,9
3971428,9.79171494092738,11
3971435,9.895065743328226,7
3971442,9.858477086984164,7
3971446,9.95354889847649,4
3971457,9.771090151030508,11
3971458,9.996480546741243,1
3971464,9.885044388774752,6
3971468,9.940466870609177,4
3971474,9.898774952336133,6
3971478,9.948101419937176,4
3971488,9.808629310717036,10
3971489,10.0,1
3971502,9.721545014982189,13
3971516,9.686109951656041,14
3971531,9.667324853038242,15
3971546,9.656431827172778,15
3971552,9.899023831673414,6
3971560,9.8219548105533,8
3971574,9.673479719568203,14
3971585,9.787682117510936,11
3971590,9.914539269142123,5
3971601,9.75069823380866,11
3971611,9.792731905388536,10
3971621,9.808023372782708,10
3971628,9.871356959389827,7
3971640,9.780163962696582,12
3971654,9.700020382630202,14
3971663,9.826564299568004,9
3971665,9.968606946604826,2
3971670,9.924437325957115,5
3971683,9.70523793642558,13
3971688,9.922008308041685,5
3971697,9.832155952273636,9
3971711,9.702239754176738,14
3971720,9.819634746121693,9
3971735,9.724667220559452,15
3971742,9.864383993146811,7
3971753,9.809448935822724,11
3971761,9.869883364224322,8
3971774,9.705303138320762,13
3971778,9.945210181136531,4
3971787,9.817357455690766,9
3971801,9.666979083331666,14
3971816,9.661744835976249,15
3971832,9.603848849357005,16
3971836,9.946138821367734,4
3971845,9.83618383721418,9
3971846,10.0,1
3971860,9.713497034192825,14
3971871,9.77026659569946,11
3971883,9.75742735704819,12
3971889,9.897922124880097,6
3971890,10.0,1
3971902,9.759540233426852,12
3971912,9.813828329422478,10
3971926,9.697782471388228,14
3971938,9.777469766903126,12
3971950,9.390407014394262,12
3971966,9.6636801125648,16
3971980,9.492949071152832,14
3971996,9.645150722369785,16
3971999,9.961850223927721,3
3972000,10.0,1
3972017,9.684255303655206,17
3972020,9.969137682190716,3
3972028,9.844875262577773,8
3972031,9.97323769647602,3
3972038,9.895358580133482,7
3972048,9.816370129670563,10
3972057,9.64918120979789,9
3972069,9.749017524564172,12
3972076,9.851528159791053,7
3972088,9.759237626163483,12
3972098,9.814587597175622,10
3972105,9.87086779956483,7
3972123,9.59991650864784,18
3972133,9.784792193731317,10
3972140,9.87382398210488,7
3972152,9.715253469656053,12
3972160,9.843060307610788,8
3972171,9.742228838015786,11
3972180,9.813006751274793,9
3972181,9.989056612353853,1
3972194,9.731507060565741,13
3972203,9.816948725248658,9
3972204,10.0,1
3972212,9.876449194488702,8
3972225,9.710520708002623,13
3972237,9.728171003876025,12
3972250,9.70058281039355,13
3972251,9.99163195622334,1
3972252,10.0,1
3972268,9.65256330830461,16
3972279,9.770281710738363,11
3972291,9.774218282964682,12
3972298,9.881672245445085,7
3972300,9.976955612100415,2
3972316,9.66269404171961,16
3972327,9.768955788742135,11
3972343,9.596752520290362,16
3972347,9.944165476771133,4
3972362,9.678887453136149,15
3972363,10.0,1
3972368,9.922041280200098,5
3972381,9.74449309751356,13
3972393,9.757881408687377,12
3972404,9.77771300243775,11
3972422,9.608068038013572,18
3972427,9.734053725127813,5
3972437,9.784128344787266,10
3972443,9.922724974656363,6
3972449,9.909544861278603,6
3972457,9.871326077896123,8
3972465,9.825987197626423,8
3972467,9.975501505167978,2
3972481,9.701448418709719,14
3972484,9.956049709853126,3
3972490,9.906839480107102,6
3972499,9.799412426232054,9
3972508,9.827127928740065,9
3972515,9.885222614709344,7
3972530,9.46009511063561,15
3972538,9.822768209913802,8
3972550,9.742272343110706,12
3972561,9.791505768613213,11
3972570,9.82631342190292,9
3972580,9.787149401619825,10
3972588,9.843759334058753,8
3972602,9.736646380399456,14
3972623,9.579959588330075,21
3972628,9.912763456122645,5
3972637,9.817102057905931,9
3972652,9.637070380552954,15
3972658,9.906535748970011,6
3972668,9.761652310435183,10
3972677,9.820041504268644,9
3972687,9.808817061947611,10
3972693,9.919010770348224,6
3972703,9.759334688517411,10
3972715,9.544793131722468,12
3972722,9.860074373234296,7
3972731,9.843002394727392,9
3972741,9.779680163130354,10
3972744,9.961766472576425,3
3972750,9.909144307028134,6
3972760,9.784657890352095,10
3972779,9.474891493339284,19
3972793,9.68150200346189,14
3972805,9.74684497968646,12
3972810,9.92607835118664,5
3972819,9.809267872762781,9
3972825,9.877985485775392,6
3972826,10.0,1
3972837,9.802461606314235,11
3972838,10.0,1
3972847,9.815641048217348,9
3972862,9.648424261040253,15
3972874,9.753656424225051,12
3972878,9.940891385882344,4
3972881,9.956019549648406,3
3972897,9.660597816048043,16
3972911,9.69896194160562,14
3972928,9.676012198071929,17
3972941,9.723369276458547,13
3972946,9.926854105763791,5
3972959,9.721798199374136,13
3972969,9.629099929369813,10
3972981,9.758285872745903,12
3972993,9.736798171395142,12
3972994,9.996133461072672,1
3973004,9.76450346930704,10
3973015,9.764031773334052,11
3973016,10.0,1
3973031,9.66278014017318,15
3973056,9.552739647256832,25
3973061,9.913840442426947,5
3973076,9.643398197890797,15
3973083,9.873159078502242,7
3973089,9.882932010634574,6
3973103,9.66943840232034,14
3973111,9.84303472011948,8
3973112,10.0,1
3973123,9.757178077646419,11
3973136,9.725063533174318,13
3973142,9.910614316530776,6
3973151,9.811241111231121,9
3973159,9.84954512848707,8
3973174,9.656757789524303,15
3973175,10.0,1
3973183,9.841477470645561,8
3973191,9.852407801958813,8
3973195,9.942639801167344,4
3973208,9.714147253202725,13
3973221,9.717251143527724,13
3973268,7.6884655626569,47
3973271,9.964814821216729,3
3973278,9.866816319840902,7
3973284,9.876960208064785,6
3973293,9.823203145188643,9
3973304,9.733453871402425,11
3973313,9.824135702377074,9
3973314,10.0,1
3973320,9.892267247295223,6
3973332,9.747196092196692,12
3973346,9.719263192407006,14
3973357,9.758849144654995,11
3973371,9.661255920997297,14
3973382,9.785889739472552,11
3973390,9.835954019148778,8
3973401,9.775380877570708,11
3973406,9.934123368406244,5
3973409,9.960690991706981,3
3973420,9.768372873080052,11
3973437,9.633993610781193,17
3973444,9.867788085082996,7
3973453,9.824953457108075,9
3973463,9.802888054788443,10
3973475,9.771004338805241,12
3973478,9.962276664885241,3
3973489,9.78533608111563,11
3973497,9.854798549879956,8
3973509,9.621969823112764,12
3973520,9.793977015095104,11
3973524,9.936802543761878,4
3973525,10.0,1
3973529,9.951339510019794,4
3973539,9.80270425390351,10
3973542,9.97015976821779,3
3973561,9.541097479459571,19
3973575,9.705746947297426,14
3973579,9.940905807698341,4
3973587,9.830514697624864,8
3973596,9.805947422778813,9
3973605,9.819220672695534,9
3973610,9.931050684284076,5
3973615,9.906292329246428,5
3973625,9.779821230456019,10
3973635,9.781075018659482,10
3973647,9.650305397479004,12
3973648,9.996366122254384,1
3973664,9.693891985462582,16
3973676,9.760640169721128,12
3973677,10.0,1
3973682,9.920193456058135,5
3973689,9.855445855964108,7
3973696,9.869298053425124,7
3973697,10.0,1
3973702,9.911093728548266,5
3973709,9.854575630098813,7
3973722,9.711375170352461,13
3973728,9.895485050452299,6
3973735,9.866821169595083,7
3973746,9.768189154594294,11
3973750,9.938278964322452,4
3973756,9.898948420974431,6
3973757,9.99299051814068,1
3973768,9.737291823550525,11
3973774,9.89918766671124,6
3973796,8.544558535610749,22
3973814,9.556336496241688,18
3973823,9.826376821769298,9
3973832,9.82780440286163,9
3973849,9.592301631999842,17
3973855,9.893813936675096,6
3973859,9.940120439490107,4
3973873,9.700958233266519,14
3973883,9.79136489702257,10
3973887,9.935757133457992,4
3973900,9.7180413393955,13
3973908,9.842465158752923,8
3973915,9.868963919312797,7
3973922,9.897701644727546,7
3973935,9.760144067444122,13
3973936,10.0,1
3973951,9.665151989896602,15
3973960,9.813625145542328,9
3974000,9.112047075681911,40
3974004,9.937409078950221,4
3974005,9.991903479221875,1
3974014,9.828604998808295,9
3974019,9.931560585683526,5
3974024,9.9182444943503,5
3974038,9.680371897884807,14
3974039,10.0,1
3974045,9.877236062581892,6
3974049,9.931330409266762,4
3974050,9.992051239239279,1
3974057,9.856053072505297,7
3974063,9.893314528165533,6
3974072,9.82155506863552,9
3974087,9.660690322805364,15
3974101,9.691239953311035,14
3974111,9.796700961015416,10
3974112,10.0,1
3974123,9.780616585636468,11
3974132,9.804121171547537,9
3974134,9.970922250786968,2
3974145,9.779758953666015,11
3974154,9.824425475295785,9
3974159,9.932309933274402,5
3974161,9.97830700272491,2
3974175,9.699849632057767,14
3974184,9.833718060052,9
3974195,9.75807680073029,11
3974205,9.771323918246118,10
3974218,9.697423477683822,13
3974224,9.89576586354846,6
3974235,9.765665795886667,11
3974241,9.89819982069519,6
3974256,9.683767805073309,15
3974259,9.972815195381667,3
3974271,9.758808545301425,12
3974277,9.92085768482734,6
3974285,9.848002403388637,8
3974295,9.779654947020285,10
3974312,9.590016356700238,17
3974322,9.795956769247562,10
3974333,9.777009045620874,11
3974339,9.903780161679377,6
3974346,9.857448488491416,7
3974353,9.860888284198161,7
3974360,9.853429971714856,7
3974369,9.843166921087134,9
3974382,9.707609605693635,13
3974392,9.78980160719799,10
3974395,9.960140550151637,3
3974398,9.952570673996881,3
3974410,9.638853693365016,12
3974420,9.813935806301428,10
3974422,9.975177183039882,2
3974430,9.869161707243174,8
3974431,10.0,1
3974440,9.847661297063864,9
3974452,9.736309782349778,12
3974469,9.598302290473919,17
3974480,9.79635901096842,11
3974483,9.948946407510423,3
3974484,10.0,1
3974499,9.712022801498794,15
3974513,9.665666405922495,14
3974520,9.876874036667589,7
3974533,9.728005355131849,13
3974548,9.666743574185055,15
3974554,9.899060298055169,6
3974555,9.992749018120177,1
3974558,9.962445405907674,3
3974559,10.0,1
3974564,9.925658408611412,5
3974576,9.786783160153195,12
3974580,9.944433402800257,4
3974587,9.850066672927428,7
3974593,9.889876320111862,6
3974594,10.0,1
3974600,9.874501040245415,6
3974606,9.88515489023483,6
3974616,9.798775265766546,10
3974622,9.882726537405652,6
3974634,9.718347162378494,12
3974641,9.881255464380681,7
3974652,9.734218793222702,11
3974658,9.906004423413465,6
3974667,9.82135227559822,9
3974681,9.655580485059728,14
3974689,9.826131338443023,8
3974693,9.923656321849172,4
3974702,9.828475668662342,9
3974710,9.82853968519617,8
3974717,9.858225701154058,7
3974726,9.7878456227034,9
3974734,9.846169602905196,8
3974735,9.991311635103626,1
3974746,9.766276160077123,11
3974747,10.0,1
3974748,10.0,1
3974756,9.847489587877684,8
3974757,9.993253955333183,1
3974771,9.676913317568667,14
3974772,10.0,1
3974781,9.83103316248527,9
3974782,9.992657722615752,1
3974791,9.81349243236114,9
3974792,10.0,1
3974802,9.79062752402531,10
3974803,10.0,1
3974811,9.875551227925087,8
3974820,9.817009247774829,9
3974825,9.90726006051671,5
3974835,9.79093129963541,10
3974846,9.761566181459578,11
3974847,10.0,1
3974852,9.910561143283541,5
3974855,9.961829935816107,3
3974865,9.793394333059357,10
3974872,9.891024977851597,7
3974887,9.587253462810049,15
3974895,9.827245118220977,8
3974896,10.0,1
3974908,9.759436201363464,12
3974915,9.868802067540868,7
3974926,9.80484464337557,11
3974939,9.702051109322031,13
3974947,9.851482297018897,8
3974954,9.879830100895962,7
3974960,9.887181719158741,6
3974964,9.938464490303852,4
3974970,9.903818928511374,6
3974984,9.671482121241613,14
3974993,9.844201837445965,9
3974999,9.87899797436075,6
3975004,9.911867216181976,5
3975005,9.996419087547482,1
3975028,9.469026623862108,23
3975043,9.641161725528267,15
3975057,9.684851463048897,14
3975062,9.922724004981362,5
3975075,9.703527249161862,13
3975087,9.727397821221265,12
3975088,10.0,1
3975098,9.796877046454426,10
3975109,9.767387184205603,11
3975115,9.902604992216476,6
3975125,9.783910265511718,10
3975126,10.0,1
3975127,10.0,1
3975128,9.996387199740603,1
3975143,9.65461850598007,15
3975146,9.966088626672022,3
3975147,10.0,1
3975163,9.635177117554461,16
3975164,10.0,1
3975169,9.923402762019135,5
3975175,9.901508977946675,6
3975185,9.80229231138494,10
3975193,9.840149251113099,8
3975235,8.835744283581963,42
3975238,9.95293081733495,3
3975248,9.758782297621108,10
3975262,9.695879084009363,14
3975272,9.791388866518187,10
3975283,9.750651263455834,11
3975291,9.838290629762726,8
3975297,9.896708815372046,6
3975303,9.908590804513297,6
3975315,9.807360299452997,12
3975316,10.0,1
3975321,9.92301954123894,5
3975335,9.688744973759956,14
3975341,9.879148681774627,6
3975344,9.948864744231564,3
3975354,9.797216437565737,10
3975355,10.0,1
3975367,9.743009937143478,12
3975372,9.929896822920018,5
3975387,9.69817534410427,15
3975398,9.795568871886614,11
3975402,9.933607353640781,4
3975414,9.734097391456295,12
3975415,10.0,1
3975423,9.830549462866035,8
3975436,9.726849562608434,13
3975444,9.831921398423933,8
3975457,9.699245995623771,13
3975464,9.878407353282173,7
3975467,9.966984453366582,3
3975474,9.870575008097978,7
3975476,9.984926372032113,2
3975484,9.867042048475671,8
3975490,9.89756200693137,6
3975502,9.735119566166928,12
3975508,9.906996980508833,6
3975514,9.906392099989077,6
3975529,9.668382811064616,15
3975537,9.829007485355751,8
3975546,9.825544301764904,9
3975554,9.825209560636978,8
3975563,9.819799133365194,9
3975588,9.43460380483329,25
3975591,9.967204347000592,3
3975600,9.831998268472741,9
3975615,9.696814239228784,15
3975626,9.788601635896612,11
3975645,9.555329214467408,19
3975661,9.658490923181303,16
3975678,9.611514166753727,17
3975690,9.732917986520825,12
3975691,10.0,1
3975705,9.66989292284212,14
3975706,10.0,1
3975720,9.72606619035302,14
3975729,9.826002662899299,9
3975731,9.978329389106914,2
3975735,9.93492471516393,4
3975740,9.91641931685298,5
3975744,9.940542240965492,4
3975747,9.963681978953927,3
3975758,9.708781289298475,11
3975761,9.955193995007981,3
3975766,9.928828015003779,5
3975774,9.744508105683796,8
3975801,9.322490291478346,27
3975816,9.641471839003893,15
3975829,9.711975354217065,13
3975830,10.0,1
3975841,9.761463060093869,11
3975859,9.537931930959061,18
3975870,9.740652589797252,11
3975881,9.778889451683126,11
3975896,9.687174292633934,15
3975907,9.785133480353352,11
3975916,9.836577820331911,9
3975922,9.889343266060587,6
3975931,9.821578916217833,9
3975939,9.849575778813936,8
3975944,9.916507739457053,5
3975948,9.938226184338117,4
3975958,9.784444163924594,10
3975966,9.86097239570481,8
3975977,9.74609013588427,11
3975982,9.942363852060039,5
3975993,9.776599914393536,11
3976003,9.82213605292927,10
3976017,9.70893312096215,14
3976024,9.86797611156822,7
3976033,9.8419746320735,9
3976040,9.870474291628062,7
3976052,9.523191394664124,12
3976062,9.61754205554,10
3976067,9.920495820487258,5
3976080,9.716050158214342,13
3976095,9.613782591657321,15
3976096,9.996522230453747,1
3976107,9.759400339328554,11
3976115,9.836366589531565,8
3976118,9.947106697132115,3
3976124,9.898633308914581,6
3976135,9.78167238230238,11
3976143,9.828325482137712,8
3976149,9.893880382553537,6
3976151,9.975573098261163,2
3976159,9.849208285573031,8
3976163,9.941907895121648,4
3976170,9.882646084891602,7
3976183,9.711905593628837,13
3976192,9.845230876417421,9
3976193,10.0,1
3976196,9.956047354028456,3
3976204,9.855940909179663,8
3976211,9.887279567667512,7
3976219,9.752312539616142,8
3976223,9.950586037405719,4
3976227,9.936141244713635,4
3976237,9.803213037755794,10
3976246,9.830036656816102,9
3976256,9.790370161451591,10
3976261,9.90922157795176,5
3976269,9.850614787063874,8
3976278,9.846775336309658,9
3976288,9.788900667678705,10
3976291,9.957527288249066,3
3976298,9.859764017042297,7
3976299,10.0,1
3976307,9.849279109524812,8
3976316,9.828600134150935,9
3976317,10.0,1
3976332,9.640318770152007,15
3976338,9.880364875759984,6
3976345,9.870595125850356,7
3976355,9.80796591345758,10
3976361,9.899498551608348,6
3976373,9.724774806494832,12
3976410,9.264997616957169,37
3976419,9.81963916860015,9
3976424,9.926199220140063,5
3976428,9.926634085237948,4
3976438,9.809885975139126,10
3976443,9.916164469420377,5
3976455,9.745506324660553,12
3976460,9.919172734977867,5
3976461,10.0,1
3976462,10.0,1
3976471,9.836258112441778,9
3976478,9.872165344109897,7
3976489,9.773044590124536,11
3976492,9.951124360561453,3
3976496,9.939689231579534,4
3976506,9.788912396039951,10
3976507,10.0,1
3976520,9.71515659847498,13
3976526,9.87884348271944,6
3976527,10.0,1
3976528,9.993014439945698,1
3976537,9.862877749110368,9
3976545,9.822031384067175,8
3976554,9.797567517105199,9
3976562,9.833424872564466,8
3976563,9.988978106540987,1
3976565,9.974365308991118,2
3976578,9.721441562300548,13
3976579,9.99649547923025,1
3976587,9.843308657790622,8
3976598,9.75115687793936,11
3976609,9.78479918623668,11
3976617,9.846642268036009,8
3976624,9.893042074366157,7
3976625,10.0,1
3976639,9.646385014770821,14
3976641,9.977212824611401,2
3976656,9.685841063979336,15
3976663,9.872648461080251,7
3976673,9.783826758109718,10
3976681,9.834463862326702,8
3976697,9.62947945865237,16
3976702,9.932621212761195,5
3976708,9.901605464790766,6
3976712,9.942458257198176,4
3976718,9.90179330081958,6
3976726,9.84314961357259,8
3976734,9.849340603204302,8
3976738,9.940006054014487,4
3976747,9.808048894398699,9
3976759,9.74088991218304,12
3976771,9.742306590679489,12
3976789,9.610050506489143,18
3976796,9.858971070668188,7
3976807,9.730065082952457,11
3976811,9.949452786842382,4
3976824,9.493032531967774,13
3976836,9.647979718422908,12
3976837,10.0,1
3976852,9.678644412887783,15
3976857,9.907990778443164,5
3976858,10.0,1
3976866,9.838554495822997,8
3976870,9.926487184612965,4
3976885,9.638729004678748,15
3976892,9.840972665760608,7
3976901,9.819222267151831,9
3976918,9.590457901007612,17
3976924,9.88152480499183,6
3976929,9.917470846060139,5
3976937,9.842711851752407,8
3976940,9.95670144019265,3
3976951,9.749336621518795,11
3976952,10.0,1
3976959,9.862037146914696,7
3976985,9.467852642950136,26
3976989,9.930795326962853,4
3976995,9.87970866765185,6
3977001,9.897324413411724,6
3977012,9.776510904075858,11
3977031,9.532137777175002,19
3977042,9.771022843622323,11
3977046,9.92404446125098,4
3977056,9.770906436662107,10
3977062,9.892994038785487,6
3977068,9.899028502697128,6
3977074,9.889543324683006,6
3977084,9.764059521731603,10
3977089,9.919957214183615,5
3977091,9.984261115040201,2
3977096,9.915539013512424,5
3977097,10.0,1
3977103,9.873495097390027,6
3977111,9.883526251812903,8
3977112,10.0,1
3977125,9.742044454192895,13
3977131,9.895959837861758,6
3977137,9.889941380877202,6
3977148,9.777648598119429,11
3977149,9.99196581737499,1
3977158,9.832959045639225,9
3977159,10.0,1
3977166,9.863961411739108,7
3977178,9.326311350685769,12
3977190,9.70728463603452,12
3977195,9.899225037437626,5
3977204,9.802414791062889,9
3977205,10.0,1
3977209,9.648674093251012,4
3977220,9.752105332700962,11
3977232,9.741321071462536,12
3977246,9.690795655208573,14
3977252,9.90615593290942,6
3977257,9.921133645149373,5
3977264,9.877360399185989,7
3977272,9.85703598448758,8
3977283,9.815719943982259,11
3977290,9.864872183850979,7
3977293,9.967484066098628,3
3977294,10.0,1
3977300,9.872665164023363,6
3977310,9.770499431046755,10
3977316,9.889842676571241,6
3977326,9.792306764094649,10
3977337,9.782767854687501,11
3977338,10.0,1
3977344,9.888340272188621,6
3977345,9.992461325426461,1
3977346,10.0,1
3977353,9.864317061339799,7
3977357,9.933791417888665,4
3977361,9.9438142418127,4
3977371,9.818150041489943,10
3977375,9.949854658755443,4
3977384,9.814241127912116,9
3977399,9.66019964768568,15
3977408,9.844867112226236,9
3977420,9.714985142784549,12
3977427,9.860517004971138,7
3977440,9.725047859830273,13
3977453,9.73322123573945,13
3977467,9.691204352621572,14
3977468,10.0,1
3977471,9.954350406503716,3
3977476,9.909678071173516,5
3977477,10.0,1
3977481,9.94711017856137,4
3977492,9.782510930002472,11
3977498,9.884846238615028,6
3977507,9.823825243492909,9
3977519,9.765507803487454,12
3977528,9.816020772076147,9
3977534,9.903218472222475,6
3977548,9.692794861077134,14
3977559,9.727694555444247,11
3977572,9.755009177396362,13
3977583,9.765376246921454,11
3977590,9.887663832716722,7
3977597,9.850970499833068,7
3977605,9.874869749676348,8
3977611,9.88501742064818,6
3977620,9.722796527242606,9
3977626,9.911219413028096,6
3977636,9.791291533775311,10
3977644,9.836457842495678,8
3977651,9.84969227432669,7
3977662,9.758886021434522,11
3977669,9.859203635950816,7
3977675,9.91349401230392,6
3977688,9.709808468237895,13
3977698,9.777171186239025,10
3977711,9.692976400334068,13
3977725,9.681458449110604,14
3977729,9.944610381098288,4
3977737,9.852819663534254,8
3977744,9.853677717280476,7
3977756,9.723936845009234,12
3977762,9.890004596177452,6
3977774,9.756217477474312,12
3977787,9.705431565532374,13
3977791,9.944349954345501,4
3977799,9.833032750934933,8
3977803,9.934186654216562,4
3977814,9.785817859572493,11
3977821,9.89217062037669,7
3977837,9.635858565156097,16
3977849,9.738472935123728,12
3977857,9.83762845846452,8
3977869,9.739163878065963,12
3977878,9.83025088571729,9
3977887,9.802837641462444,9
3977898,9.765277152802327,11
3977908,9.769484698125659,10
3977915,9.872003265827251,7
3977926,9.772057130941691,11
3977927,9.996520422922796,1
3977941,9.687299725898976,14
3977955,9.673071293003094,14
3977965,9.78927391739875,10
3977973,9.866906379670217,8
3977982,9.80965088600507,9
3977989,9.884707108257949,7
3978003,9.672664975072781,14
3978011,9.837437734474134,8
3978020,9.833000635724696,9
3978027,9.863455406326457,7
3978028,10.0,1
3978031,9.96090539692074,3
3978039,9.814190706528786,8
3978047,9.852943624547965,8
3978061,9.721747147888983,14
3978076,9.666058357058219,15
3978086,9.808328930321746,10
3978087,10.0,1
3978094,9.87402401866147,7
3978101,9.88315873062272,7
3978109,9.8452912045121,8
3978122,9.71140297860671,13
3978132,9.817693781765843,10
3978133,10.0,1
3978141,9.84043507202234,8
3978152,9.770115342674789,11
3978158,9.8861263608429,6
3978171,9.707588488963806,13
3978174,9.963122041369177,3
3978181,9.862265275185038,7
3978188,9.86895130223719,7
3978199,9.774601652192194,11
3978205,9.927105872918192,6
3978218,9.7055341715957,13
3978224,9.875338357271522,6
3978230,9.89177036766469,6
3978242,9.751277968772008,12
3978260,9.609373751065094,18
3978263,9.953203839727319,3
3978274,9.767107266163691,11
3978289,9.664959026692058,15
3978296,9.882129059809253,7
3978305,9.825943055516488,9
3978310,9.938402441234818,5
3978314,9.94662290779797,4
3978325,9.82542659237293,11
3978340,9.69497012460309,15
3978346,9.895630501628517,6
3978353,9.875958871019392,7
3978366,9.73480609031355,13
3978373,9.873139491089647,7
3978381,9.863650567232199,8
3978390,9.826117772055985,9
3978405,9.628000393530202,15
3978420,9.57565360203312,15
3978429,9.845283941814252,9
3978439,9.777033345790201,10
3978454,9.64989408139181,15
3978464,9.811706001653972,10
3978471,9.854847195545261,7
3978488,9.604745931871035,17
3978489,10.0,1
3978495,9.912637669195073,6
3978504,9.823092917290081,9
3978516,9.755172447863659,12
3978521,9.921339092133621,5
3978526,9.921983985320315,5
3978533,9.881599986176816,7
3978542,9.8483989945528,9
3978547,9.943071719723894,5
3978548,9.993297492499194,1
3978549,9.996423352910751,1
3978558,9.81550162363568,9
3978564,9.92663734927981,6
3978574,9.823857791465802,10
3978581,9.873122117614631,7
3978588,9.86814723431601,7
3978601,9.691422533363244,13
3978611,9.793675858533437,10
3978614,9.948098996339137,3
3978622,9.859181382001113,8
3978642,9.644466440969246,20
3978651,9.814611401829769,9
3978657,9.901559264768498,6
3978666,9.805785295714703,9
3978675,9.833896607201815,9
3978682,9.880101738543303,7
3978683,10.0,1
3978689,9.90634583231175,6
3978696,9.849177895509008,7
3978698,9.969993864889377,2
3978707,9.822183505994191,9
3978717,9.795610906846958,10
3978718,10.0,1
3978722,9.94165459633119,4
3978733,9.776377524501976,11
3978734,10.0,1
3978735,10.0,1
3978750,9.705080700693136,15
3978759,9.802596949243739,9
3978767,9.834023826174498,8
3978771,9.94259275000459,4
3978783,9.739327964652539,12
3978789,9.887866102278958,6
3978792,9.950093532647088,3
3978793,10.0,1
3978803,9.787966496723959,10
3978816,9.695192224507098,13
3978824,9.825252961928479,8
3978832,9.840265039435229,8
3978839,9.843873000117405,7
3978847,9.832634087501663,8
3978851,9.938989373725214,4
3978861,9.78716963981125,10
3978867,9.881406429825294,6
3978871,9.94748681661897,4
3978873,9.973963404214206,2
3978882,9.823589914144325,9
3978883,9.996615874338687,1
3978891,9.810370098139536,8
3978901,9.815037157269218,10
3978912,9.76424359230675,11
3978920,9.871090075538905,8
3978931,9.772042188571124,11
3978942,9.791536679289056,11
3978950,9.838568498933311,8
3978965,9.457700535397418,15
3978966,10.0,1
3978975,9.83252441787103,9
3978985,9.80186639371827,10
3978994,9.819812991112656,9
3978995,10.0,1
3979002,9.895963967845605,7
3979016,9.708729803862123,14
3979024,9.820205954602503,8
3979027,9.7655615509258,3
3979036,9.809330756769779,9
3979041,9.911581650656723,5
3979047,9.692105354323994,6
3979054,9.88462559925223,7
3979068,9.68068235086655,14
3979073,9.91374326330632,5
3979081,9.851191710463736,8
3979090,9.795581848185476,9
3979100,9.792432050713773,10
3979104,9.84942698303845,4
3979120,9.64943385876467,16
3979126,9.900561880929756,6
3979137,9.764862130744733,11
3979140,9.961437789014454,3
3979149,9.867756944970607,9
3979158,9.81856159002009,9
3979171,9.738326924982175,13
3979175,9.935634884111407,4
3979184,9.81097681404711,9
3979192,9.880441284170486,8
3979208,9.638605652898624,16
3979214,9.896350999542147,6
3979220,9.870644756143042,6
3979230,9.7823583109721,10
3979231,10.0,1
3979238,9.865346786069424,7
3979244,9.898122222496077,6
3979247,9.964831293176827,3
3979253,9.899606435008453,6
3979260,9.875700604858906,7
3979265,9.93343014753751,5
3979278,9.71347547743071,13
3979283,9.93006997128692,5
3979289,9.91667914604517,6
3979292,9.95881609229567,3
3979293,10.0,1
3979299,9.898954911146902,6
3979306,9.873289553080866,7
3979307,10.0,1
3979313,9.892878594748577,6
3979314,10.0,1
3979327,9.718809144059797,13
3979328,10.0,1
3979340,9.748764115389664,12
3979347,9.861795024738807,7
3979359,9.751524597953711,12
3979369,9.798018812846605,10
3979383,9.667468154215154,14
3979396,9.695595683942747,13
3979414,9.398509482910264,18
3979421,9.866840694077355,7
3979432,9.76623172650352,11
3979444,9.770310398951796,12
3979448,9.946740689598121,4
3979458,9.780411079523157,10
3979464,9.90586513182913,6
3979472,9.829588877692785,8
3979484,9.606790727503283,12
3979496,9.746580881306965,12
3979504,9.826846504642134,8
3979522,9.571300858629554,18
3979529,9.873484106541785,7
3979532,9.954830605389587,3
3979538,9.883964350200472,6
3979551,9.730038827529745,13
3979559,9.829750538797835,8
3979576,9.59601130964469,17
3979593,9.652831083433162,17
3979607,9.651674233465974,14
3979615,9.857151557108025,8
3979625,9.799226052136204,10
3979633,9.825896292600781,8
3979636,9.956609608895631,3
3979661,9.505563438571544,25
3979668,9.866855844390184,7
3979677,9.836096263990736,9
3979687,9.841665617944427,10
3979698,9.783334861443912,11
3979709,9.7664728833598,11
3979724,9.644059618969425,15
3979729,9.922977639798667,5
3979739,9.77789159887231,10
3979740,9.99158025652687,1
3979749,9.827600844710746,9
3979757,9.832122942184018,8
3979758,10.0,1
3979769,9.783814499418732,11
3979780,9.782620234660236,11
3979792,9.734107992432934,12
3979799,9.877341595226996,7
3979802,9.962277592568626,3
3979814,9.757091044466403,12
3979820,9.912550078604424,6
3979831,9.766905725443664,11
3979838,9.875127727338429,7
3979852,9.659710881131176,14
3979866,9.477920398390937,14
3979873,9.865545521607878,7
3979883,9.802684177229903,10
3979894,9.797684411586163,11
3979906,9.725017757255474,12
3979913,9.882628133722202,7
3979918,9.896558666212828,5
3979933,9.621184969777087,15
3979941,9.821238094496014,8
3979956,9.656055664234696,15
3979965,9.82895652763347,9
3979973,9.845460529659148,8
3979978,9.90869444645976,5
3979985,9.853194809834157,7
3979996,9.771617001667158,11
3980003,9.886999873066538,7
3980008,9.916806087106695,5
3980015,9.873261116298956,7
3980025,9.795693353101571,10
3980033,9.63622779433057,8
3980045,9.726798194035092,12
3980052,9.851398648996835,7
3980057,9.916981159579688,5
3980064,9.881684384767183,7
3980071,9.850189579494579,7
3980077,9.900534287508128,6
3980078,9.987449246159509,1
3980087,9.817630953684116,9
3980094,9.880126821588615,7
3980103,9.800843348235878,9
3980108,9.913171952770263,5
3980109,10.0,1
3980120,9.795832433153482,11
3980133,9.699456788706183,13
3980139,9.903525525177546,6
3980142,9.968645632492592,3
3980147,9.908966348309377,5
3980148,9.99655787103408,1
3980154,9.893534454766453,6
3980159,9.915443595772727,5
3980160,10.0,1
3980164,9.941842514963664,4
3980165,9.996821210538462,1
3980172,9.889098203632813,7
3980188,9.63966822067312,16
3980189,10.0,1
3980199,9.78440527460952,10
3980213,9.674058688774645,14
3980223,9.806166595805479,10
3980224,10.0,1
3980227,9.853973473083318,3
3980236,9.83167561813424,9
3980250,9.743989434730194,14
3980253,9.971930940946187,3
3980263,9.818756817906358,10
3980266,9.958219900208594,3
3980270,9.950412307561617,4
3980281,9.79498953655914,11
3980295,9.690595096059942,14
3980303,9.85600162321195,8
3980314,9.755535519101452,11
3980324,9.773987650946124,10
3980328,9.939171273770262,4
3980333,9.913713352097627,5
3980337,9.849988286611254,4
3980340,9.96048888454998,3
3980354,9.699970280826154,14
3980364,9.81557212852661,10
3980372,9.845513182693153,8
3980381,9.796658350022481,9
3980389,9.862285019016822,8
3980395,9.90146428359652,6
3980396,9.996543565898603,1
3980397,10.0,1
3980414,9.616623414604934,17
3980426,9.74441539806976,12
3980442,9.70653813167345,16
3980452,9.798259284813438,10
3980458,9.898544430964687,6
3980459,10.0,1
3980466,9.87276266922646,7
3980478,9.746922137545116,12
3980485,9.646722625469863,7
3980491,9.876330509193178,6
3980500,9.79149919005396,9
3980504,9.95523813510199,4
3980512,9.848213726820886,8
3980516,9.924363194999929,4
3980524,9.853685924916745,8
3980533,9.807863626690594,9
3980540,9.863121284713785,7
3980547,9.884204648777704,7
3980559,9.741906368739997,12
3980570,9.747652417864037,11
3980571,10.0,1
3980581,9.802861214917334,10
3980588,9.858735058368222,7
3980597,9.796165164677042,9
3980610,9.750190915732114,13
3980614,9.944153113429989,4
3980629,9.679986944019534,15
3980641,9.736677724953072,12
3980652,9.755516496587143,11
3980661,9.817697069969402,9
3980665,9.93300188860429,4
3980671,9.891583952790763,6
3980679,9.839369949744349,8
3980687,9.817917129218637,8
3980697,9.79273556249089,10
3980702,9.918176296162025,5
3980710,9.856559598807388,8
3980711,10.0,1
3980717,9.879990132619694,6
3980723,9.890083732900502,6
3980730,9.869396738829876,7
3980733,9.945429356156358,3
3980744,9.762151609292049,11
3980759,9.651850638175485,15
3980760,10.0,1
3980776,9.63752206239628,16
3980786,9.79258035141994,10
3980790,9.940047705997241,4
3980791,10.0,1
3980798,9.869644736083885,7
3980799,10.0,1
3980817,9.576560619609953,18
3980826,9.81937140947593,9
3980835,9.82246298318519,9
3980845,9.781050236818974,10
3980846,10.0,1
3980859,9.71635030437314,13
3980867,9.843797235688397,8
3980883,9.640868540076774,16
3980889,9.922213564344446,6
3980890,10.0,1
3980904,9.588739712294773,14
3980905,10.0,1
3980906,10.0,1
3980914,9.862667253365462,8
3980927,9.730323076488903,13
3980940,9.728938964954635,13
3980950,9.61110839455774,10
3980957,9.884853926940874,7
3980966,9.801260275614315,9
3980970,9.929945411923683,4
3980973,9.957160022140283,3
3980982,9.834374571777401,9
3980990,9.878930137687101,8
3981003,9.699210491183408,13
3981010,9.574850002991063,7
3981013,9.962355867460442,3
3981014,9.996624160474946,1
3981019,9.908203013160596,5
3981031,9.741027076211568,12
3981044,9.72086764821561,13
3981051,9.864225316741758,7
3981056,9.920105544901775,5
3981061,9.916123130893235,5
3981075,9.743043702489123,14
3981083,9.864749243248278,8
3981091,9.833828233945614,8
3981095,9.929606853151943,4
3981113,9.576866754657223,18
3981124,9.75873468970265,11
3981126,9.97848502822237,2
3981127,10.0,1
3981140,9.710346908342373,13
3981145,9.920693906785761,5
3981152,9.863641759111783,7
3981160,9.852294010639927,8
3981173,9.729866263116566,13
3981186,9.714705942164866,13
3981195,9.824096045704257,9
3981207,9.72135657372381,12
3981212,9.91804226737344,5
3981220,9.846080725066825,8
3981230,9.795396600223814,10
3981231,10.0,1
3981233,9.971263442077609,2
3981240,9.873067791358151,7
3981252,9.72347026706244,12
3981267,9.69259343628555,15
3981272,9.928045200559229,5
3981280,9.826793324557348,8
3981282,9.970794024893065,2
3981283,9.99663823105153,1
3981284,10.0,1
3981292,9.870196145393338,8
3981293,10.0,1
3981306,9.72970518109307,13
3981310,9.941680230608728,4
3981311,10.0,1
3981319,9.83631215666493,8
3981322,9.96548699307065,3
3981336,9.687618572953166,14
3981338,9.975107154475243,2
3981351,9.695074939304394,13
3981367,9.664962611541258,16
3981368,10.0,1
3981379,9.765077619770745,11
3981380,10.0,1
3981389,9.839089675967509,9
3981401,9.695041730585457,12
3981412,9.774801872640124,11
3981417,9.907560640001162,5
3981430,9.708851059346621,13
3981436,9.905871021026602,6
3981443,9.857704528869398,7
3981452,9.838462360279955,9
3981461,9.808239715053146,9
3981474,9.746087829034694,13
3981483,9.81829393294304,9
3981487,9.922038860472469,4
3981494,9.887018779512912,7
3981500,9.885564531627502,6
3981509,9.70748236527536,9
3981512,9.961623832077528,3
3981519,9.87253761217579,7
3981523,9.934606769573486,4
3981531,9.828578234773316,8
3981541,9.781060815881903,10
3981550,9.81520305539226,9
3981557,9.883954861662952,7
3981566,9.824457770171392,9
3981570,9.944997957294667,4
3981579,9.807139243342126,9
3981585,9.90161551436974,6
3981598,9.69597367379998,13
3981601,9.953856983283911,3
3981613,9.750752597852069,12
3981621,9.82133640696409,8
3981631,9.819699080478792,10
3981636,9.930384247259244,5
3981642,9.904412048105385,6
3981648,9.879350530459499,6
3981656,9.876830664721524,8
3981664,9.85641977085318,8
3981670,9.888117705474897,6
3981682,9.75741739161248,12
3981691,9.534977947974905,9
3981702,9.75895271604685,11
3981706,9.955661052593678,4
3981719,9.71982189124175,13
3981727,9.85020464981883,8
3981728,10.0,1
3981739,9.768499602188198,11
3981745,9.906753052245453,6
3981747,9.979852788356881,2
3981752,9.90740694932494,5
3981761,9.817613245530412,9
3981772,9.77413667289022,11
3981782,9.806872803336638,10
3981788,9.899726106851157,6
3981801,9.71648663991752,13
3981816,9.373903987249356,15
3981832,9.623915581834435,16
3981837,9.913419515965836,5
3981852,9.667890152413522,15
3981862,9.801841302795077,10
3981875,9.725039254993114,13
3981887,9.746049642174128,12
3981888,10.0,1
3981901,9.691429543666317,13
3981910,9.821608787370613,9
3981918,9.858458701217641,8
3981932,9.681665334386897,14
3981952,9.537825178659899,20
3981957,9.926122109126775,5
3981968,9.767409292644269,11
3981978,9.802916560945162,10
3981980,9.975550652755782,2
3981981,10.0,1
3981990,9.818335241896547,9
3981995,9.91291376109517,5
3982006,9.771366485065677,11
3982019,9.730119021371381,13
3982026,9.880149151972557,7
3982035,9.781032892191234,9
3982038,9.964634335226593,3
3982042,9.939982496871748,4
3982059,9.593925423877987,17
3982062,9.956477341617934,3
3982063,10.0,1
3982067,9.946389321595586,4
3982076,9.810196838932368,9
3982093,9.60056782940562,17
3982101,9.885875852696467,8
3982105,9.93713324738826,4
3982115,9.775552510284143,10
3982121,9.907465578683889,6
3982132,9.765117678146671,11
3982136,9.938055900987177,4
3982137,10.0,1
3982151,9.492934189229244,14
3982166,9.649614663498147,15
3982170,9.942242181395827,4
3982179,9.81920853832062,9
3982193,9.698617510511236,14
3982198,9.941606815233943,5
3982210,9.720954347478887,12
3982220,9.781156294398803,10
3982229,9.811468345234715,9
3982235,9.889181879025202,6
3982251,9.65726707464234,16
3982256,9.918568059236168,5
3982261,9.916693252160824,5
3982273,9.72712787664607,12
3982285,9.728164757852499,12
3982286,9.996157010112556,1
3982296,9.7965237823286,10
3982303,9.87307839690321,7
3982306,9.954153711511504,3
3982310,9.932323849007481,4
3982321,9.773743363773464,11
3982326,9.921324972041866,5
3982328,9.976550336982967,2
3982334,9.896373600149284,6
3982344,9.801336340595682,10
3982352,9.855857294903265,8
3982364,9.746504340692077,12
3982375,9.753895794221258,11
3982383,9.85422227994633,8
3982388,9.909704224516743,5
3982395,9.859727928572486,7
3982402,9.85400489687631,7
3982416,9.681421987711332,14
3982417,9.988899289296459,1
3982424,9.877262583897545,7
3982435,9.752455114527338,11
3982443,9.83859604856745,8
3982458,9.63650436295777,15
3982463,9.926300446906483,5
3982471,9.853136095252626,8
3982481,9.816041844573395,10
3982486,9.923351709393684,5
3982501,9.743830814712387,15
3982612,7.21150572130704,111
3982613,10.0,1
3982621,9.859771697225577,8
3982632,9.794515880320866,11
3982644,9.622676723951914,12
3982654,9.786743501437481,10
3982667,9.718531591541277,13
3982684,9.607392790575098,17
3982688,9.935618762077992,4
3982689,10.0,1
3982697,9.85135889754606,8
3982701,9.936448475815993,4
3982707,9.882960572807926,6
3982711,9.921333458057251,4
3982725,9.698848786025358,14
3982735,9.787391197597003,10
3982741,9.897219271103834,6
3982746,9.909818781543876,5
3982747,9.996005214538528,1
3982759,9.715539086610045,12
3982772,9.730323480367005,13
3982781,9.850641421892325,9
3982784,9.962426916165773,3
3982793,9.816730853307321,9
3982794,10.0,1
3982795,10.0,1
3982805,9.775224009149662,10
3982809,9.94032273945182,4
3982818,9.827697843988783,9
3982820,9.971389840811884,2
3982821,10.0,1
3982835,9.69330230944766,14
3982863,8.691863536220705,28
3982870,9.842363949834008,7
3982877,9.867195946552409,7
3982883,9.894485406150718,6
3982886,9.958991966918692,3
3982896,9.796564462679466,10
3982900,9.940060515489762,4
3982901,9.996707395248766,1
3982912,9.780771939940696,11
3982919,9.876218865868047,7
3982922,9.963491642843726,3
3982932,9.784586623914828,10
3982935,9.956777795283726,3
3982942,9.867661189148544,7
3982952,9.791878172300045,10
3982963,9.596950243991673,11
3982974,9.778846313205218,11
3982979,9.908601926281476,5
3982994,9.624544755816547,15
3983003,9.834212660198414,9
3983007,9.951094526163043,4
3983017,9.783059572191576,10
3983029,9.746571452404494,12
3983038,9.827206727768525,9
3983047,9.868956979422464,9
3983050,9.957902589602654,3
3983059,9.800015516691357,9
3983065,9.89529655747553,6
3983082,9.61521475513614,17
3983088,9.883404623758883,6
3983103,9.577709525028919,15
3983119,9.632444560071606,16
3983128,9.840189967443468,9
3983143,9.647378216146826,15
3983153,9.803909730475716,10
3983154,10.0,1
3983167,9.70611958944278,13
3983168,9.992337633442693,1
3983172,9.936843160198366,4
3983183,9.786054579166098,11
3983194,9.79949420027524,11
3983212,9.592051999868048,18
3983218,9.899255301870152,6
3983236,8.752174951380592,18
3983244,9.832587386409225,8
3983250,9.88479708187847,6
3983253,9.963953067660386,3
3983254,10.0,1
3983263,9.81790850547675,9
3983265,9.972837424502446,2
3983270,9.918826631585977,5
3983279,9.803640448305996,9
3983286,9.864744513338094,7
3983296,9.779601851684198,10
3983302,9.885756961325882,6
3983303,9.996612922743893,1
3983306,9.953376429876657,3
3983312,9.878132383378185,6
3983317,9.912756751768,5
3983319,9.974704661091815,2
3983328,9.812451653822965,9
3983336,9.856916554499714,8
3983349,9.684360011440061,13
3983350,10.0,1
3983355,9.929746519589393,5
3983370,9.665696133254443,15
3983375,9.928730205297368,5
3983381,9.88136107055254,6
3983382,9.99669956710517,1
3983385,9.951145669019263,3
3983397,9.738383675464451,12
3983403,9.88752252920297,6
3983419,9.65176213054717,16
3983433,9.681351354384784,14
3983447,9.705382241673426,14
3983461,9.682047688697539,14
3983471,9.821177360775767,10
3983475,9.93161514840621,4
3983484,9.834146129370728,9
3983500,9.629292548286612,16
3983508,9.841791483709699,8
3983515,9.867771027842744,7
3983527,9.737401483212091,12
3983540,9.689691637783758,13
3983556,9.727295767043307,16
3983565,9.808998055390035,9
3983577,9.72705915396629,12
3983583,9.902203940512875,6
3983596,9.732767512837531,13
3983604,9.849697441641187,8
3983611,9.878313314748555,7
3983622,9.766954580417213,11
3983624,9.980688839292187,2
3983625,10.0,1
3983633,9.860583346267697,8
3983642,9.799992911785221,9
3983650,9.82505543605042,8
3983654,9.94605826315988,4
3983657,9.958167305686427,3
3983668,9.75788566335864,11
3983669,10.0,1
3983670,10.0,1
3983676,9.88578320460911,6
3983682,9.889062862355827,6
3983695,9.695141208576208,13
3983701,9.882297226539215,6
3983704,9.965261447430048,3
3983710,9.919275022932077,6
3983715,9.922458988035112,5
3983721,9.902312440558639,6
3983729,9.835809159757838,8
3983745,9.644596659397697,16
3983754,9.815912607113917,9
3983762,9.840603363197326,8
3983773,9.758855367906175,11
3983782,9.792175710748653,9
3983791,9.828346584204757,9
3983801,9.800860512433003,10
3983802,9.992095994920884,1
3983803,10.0,1
3983815,9.739769394476323,12
3983828,9.698161195961779,13
3983835,9.89547538355286,7
3983842,9.867746084855114,7
3983852,9.765727098401637,10
3983858,9.906218175484554,6
3983875,9.621147575035234,17
3983879,9.94692948736844,4
3983885,9.884652351320153,6
3983893,9.850317968359398,8
3983894,10.0,1
3983904,9.813862245525835,10
3983915,9.758013971658821,11
3983927,9.727139114075356,12
3983940,9.715025006509089,13
3983944,9.949127868014621,4
3983945,9.996566806160029,1
3983950,9.91854514626099,5
3983954,9.938623729672278,4
3983961,9.877635115466623,7
3983968,9.861172180292298,7
3983979,9.781159227476648,11
3983987,9.86502073035115,8
3983991,9.931458615823827,4
3984001,9.780810279633068,10
3984005,9.939170664990622,4
3984014,9.835302025598907,9
3984025,9.740619168408935,11
3984032,9.87566153595784,7
3984049,9.634859940651083,17
3984056,9.881863406314444,7
3984065,9.819034207842883,9
3984072,9.859009905253684,7
3984073,10.0,1
3984086,9.729897929506329,13
3984092,9.901424466972596,6
3984095,9.954872239505612,3
3984104,9.815147691020814,9
3984108,9.93298667277608,4
3984116,9.853187142018365,8
3984131,9.659592191006892,15
3984141,9.790720153589048,10
3984148,9.867016822899146,7
3984156,9.823257196300073,8
3984162,9.895325891130561,6
3984164,9.978670317636043,2
3984174,9.799271868257485,10
3984176,9.97750870167148,2
3984187,9.772029208665113,11
3984197,9.657167029766182,10
3984200,9.96923085896337,3
3984204,9.935760539588006,4
3984216,9.729820824515123,12
3984225,9.817557279919813,9
3984227,9.98031221602505,2
3984239,9.729068252567636,12
3984245,9.89728345452384,6
3984253,9.836128549109432,8
3984254,9.993030460846082,1
3984258,9.937739714279934,4
3984265,9.880893017762387,7
3984272,9.863135312617919,7
3984273,10.0,1
3984281,9.838289309088212,8
3984287,9.889983323423682,6
3984299,9.7430453202234,12
3984306,9.884309881953321,7
3984307,10.0,1
3984316,9.815683502845388,9
3984320,9.940926899113675,4
3984321,10.0,1
3984332,9.791399436775757,11
3984343,9.7648520330331,11
3984347,9.92929801061469,4
3984353,9.880899413152532,6
3984358,9.90179633658391,5
3984375,9.635639336706815,17
3984385,9.826471162747549,10
3984395,9.78163199305179,10
3984400,9.92003382278218,5
3984405,9.912136240364374,5
3984409,9.931957838246522,4
3984418,9.828479013999289,9
3984430,9.720307843016839,12
3984431,10.0,1
3984440,9.801919947242162,9
3984448,9.829283600991035,8
3984456,9.832501411074004,8
3984461,9.918122268412445,5
3984465,9.931387432909704,4
3984479,9.685339115911788,14
3984486,9.852197353846192,7
3984497,9.76800171560843,11
3984498,9.996609111833935,1
3984504,9.892079209411575,6
3984514,9.800960772392592,10
3984526,9.735186086976817,12
3984527,9.992464778234087,1
3984535,9.83948634737403,8
3984536,10.0,1
3984546,9.79956101792547,10
3984548,9.971089308766269,2
3984556,9.82426278043569,8
3984562,9.892830509244556,6
3984566,9.934550618533244,4
3984580,9.6831789706153,14
3984585,9.920876753868386,5
3984586,10.0,1
3984590,9.9343346411999,4
3984592,9.97638096078601,2
3984601,9.827815465456375,9
3984602,10.0,1
3984611,9.829691966891085,9
3984612,10.0,1
3984621,9.837008387397182,9
3984627,9.88219891271098,6
3984637,9.774609895263055,10
3984645,9.836085028477857,8
3984652,9.864821558260505,7
3984656,9.943861873310151,4
3984670,9.690362202582202,14
3984678,9.8413157243554,8
3984693,9.720890925682605,15
3984702,9.79896113222211,9
3984705,9.971625349667235,3
3984712,9.880829995040525,7
3984724,9.750962088959763,12
3984730,9.908312617620105,6
3984731,10.0,1
3984739,9.83346661117077,8
3984748,9.799905692672306,9
3984753,9.9254190860612,5
3984763,9.832106108834887,10
3984769,9.896392737532326,6
3984776,9.903648684480801,7
3984782,9.900940906751218,6
3984793,9.738747682577221,11
3984800,9.857466467614318,7
3984802,9.972603854643541,2
3984816,9.700137491755935,14
3984828,9.80381591738201,12
3984840,9.732907598214293,12
3984849,9.82499610699741,9
3984857,9.835069706541418,8
3984868,9.763315482774285,11
3984871,9.965979483168681,3
3984877,9.906631030550463,6
3984888,9.783066114109875,11
3984894,9.872653994254344,6
3984901,9.891002654056717,7
3984906,9.909123314309147,5
3984912,9.900505707272861,6
3984921,9.808739571609328,9
3984932,9.752446116835872,11
3984941,9.843576799223396,9
3984942,10.0,1
3984952,9.783090552492062,10
3984958,9.915284291445406,6
3984964,9.889586006020274,6
3984965,10.0,1
3984975,9.787464849181566,10
3984978,9.960383188767024,3
3985478,-14.709935425025803,500
3985486,9.85193799449712,8
3985490,9.933469035858803,4
3985501,9.774362039791049,11
3985502,9.992494816778011,1
3985518,9.68421270119489,16
3985528,9.792566603158205,10
3985541,9.690932953271492,13
3985556,9.675016722059882,15
3985569,9.743463808366386,13
3985575,9.902695089375678,6
3985585,9.814358626903164,10
3985601,9.611525925522479,16
3985610,9.817375147659925,9
3985629,9.535443838899912,19
3985632,9.974118796486872,3
3985638,9.884973080427066,6
3985652,9.697017979372664,14
3985665,9.736817311503522,13
3985674,9.821912686543262,9
3985682,9.859966131518313,8
3985688,9.885598094329104,6
3985689,10.0,1
3985698,9.805152886369694,9
3985717,9.576636979562398,19
3985720,9.961037052626162,3
3985734,9.709553582260966,14
3985747,9.723948534942034,13
3985754,9.877495072013524,7
3985759,9.90758331848315,5
3985760,10.0,1
3985764,9.929363338355886,4
3985775,9.785856754916594,11
3985780,9.91003661624656,5
3985786,9.916559279011723,6
3985804,9.585654984335935,18
3985813,9.821368539734264,9
3985814,10.0,1
3985824,9.804977629323023,10
3985830,9.870610598715214,6
3985835,9.912920960239054,5
3985840,9.934657504005784,5
3985853,9.696989359771308,13
3985864,9.757982227828878,11
3985868,9.936300515793535,4
3985875,9.896796195166818,7
3985890,9.6356915434765,15
3985902,9.715501652427712,12
3985903,10.0,1
3985917,9.719125437805422,14
3985923,9.885287364546906,6
3985924,9.996307237477268,1
3985933,9.830489560764649,9
3985941,9.828541062256978,8
3985950,9.815956882688388,9
3985958,9.758292280077123,8
3985963,9.914624533681259,5
3985969,9.881349254044375,6
3985976,9.871688157904478,7
3985991,9.682354273224217,15
3986010,9.523307542941955,19
3986014,9.929704359463557,4
3986022,9.846130747620737,8
3986027,9.923603234621527,5
3986030,9.95193564441131,3
3986039,9.851565728173124,9
3986053,9.697002017157642,14
3986062,9.827798491653644,9
3986072,9.5732254442673,10
3986079,9.860354339731096,7
3986085,9.889752325754186,6
3986088,9.956227526701644,3
3986090,9.98132573127323,2
3986095,9.922833955423837,5
3986111,9.617721614422633,16
3986122,9.769774345695755,11
3986126,9.943697538305624,4
3986127,10.0,1
3986141,9.679799540512994,14
3986151,9.780085436031785,10
3986152,10.0,1
3986158,9.886069526126127,6
3986166,9.85478428985107,8
3986176,9.773466699800991,10
3986179,9.957591673835376,3
3986188,9.827387188826753,9
3986195,9.857486625203837,7
3986204,9.846931708475532,9
3986215,9.779664646919144,11
3986220,9.919810363768425,5
3986227,9.876034695224789,7
3986228,10.0,1
3986233,9.907504952862839,5
3986239,9.891729159421871,6
3986240,10.0,1
3986252,9.719928079945719,12
3986266,9.504141071714733,14
3986267,10.0,1
3986284,9.604740473298692,17
3986295,9.439195680098864,11
3986297,9.981705114088042,2
3986306,9.81187948121281,9
3986318,9.741431845881733,12
3986319,10.0,1
3986325,9.90843821311718,6
3986326,10.0,1
3986335,9.826876412938129,9
3986342,9.882301206032581,7
3986354,9.744409872562454,12
3986358,9.941360140723638,4
3986365,9.86565721130234,7
3986373,9.852104097597454,8
3986384,9.770121070389521,11
3986399,9.654456024275069,15
3986412,9.699240343111443,13
3986422,9.79301401548409,10
3986428,9.906014788548749,6
3986435,9.864610693677873,7
3986451,9.608244921512703,16
3986455,9.929384611396836,4
3986468,9.715988760706585,13
3986477,9.817511903205611,9
3986487,9.785138529364069,10
3986501,9.684203526643714,14
3986507,9.899134728908173,6
3986510,9.944214975660199,3
3986517,9.864448237276754,7
3986534,9.686352152757358,17
3986549,9.674498749905604,15
3986558,9.82384979109139,9
3986564,9.88631404198443,6
3986582,9.657319845477096,18
3986597,9.65844396593304,15
3986604,9.887620348467022,7
3986612,9.848894627892687,8
3986613,10.0,1
3986631,9.571631399116372,18
3986639,9.851813154101404,8
3986643,9.941703756226794,4
3986660,9.60750513902657,17
3986668,9.833242099418733,8
3986677,9.816937242689411,9
3986689,9.73903043070636,12
3986694,9.918617315629998,5
3986699,9.927854823138693,5
3986712,9.772339404223066,13
3986721,9.80589080375491,9
3986732,9.78958064792687,11
3986745,9.738856221005525,13
3986757,9.722712615469991,12
3986767,9.780226279557677,10
3986768,10.0,1
3986776,9.84808499795558,8
3986777,10.0,1
3986781,9.946448555125214,4
3986795,9.67739115472638,14
3986799,9.944363478200405,4
3986813,9.683059539874371,14
3986822,9.814363537601402,9
3986823,10.0,1
3986833,9.769788388428873,10
3986841,9.84340153219245,8
3986849,9.858505551245393,8
3986857,9.855074185684542,8
3986870,9.71164579009291,13
3986877,9.861588775660714,7
3986882,9.919859872086668,5
3986889,9.867884139679962,7
3986899,9.800160235390383,10
3986906,9.88848320386539,7
3986918,9.734749653605357,12
3986932,9.711601851503234,14
3986943,9.756577215099979,11
3986947,9.947037727644897,4
3986955,9.850165667893279,8
3986966,9.789074898654691,11
3986976,9.806338288350732,10
3986983,9.885380426767293,7
3986998,9.67314234204902,15
3987003,9.919165252741573,5
3987009,9.88391482369572,6
3987014,9.899425219804353,5
3987021,9.892428346234293,7
3987031,9.633162924622994,10
3987038,9.869771241649106,7
3987045,9.880622409406856,7
3987049,9.942174075419292,4
3987057,9.86019539970907,8
3987058,10.0,1
3987072,9.69721809691318,14
3987086,9.692677430059643,14
3987094,9.848280364009788,8
3987108,9.721256565595297,14
3987112,9.931518946561159,4
3987117,9.923664510438806,5
3987129,9.735335330340227,12
3987140,9.770120874613566,11
3987147,9.866386261452716,7
3987156,9.828101538496067,9
3987157,10.0,1
3987167,9.783810981501423,10
3987174,9.876607686186308,7
3987182,9.820325401507613,8
3987191,9.791238433706342,9
3987197,9.903065104213669,6
3987203,9.901816156036501,6
3987204,9.992478997030588,1
3987206,9.971885636016285,2
3987219,9.695724824691123,13
3987224,9.826587449129576,5
3987235,9.805582301719404,11
3987236,9.988922077207873,1
3987245,9.826932578313388,9
3987246,10.0,1
3987258,9.750422370526461,12
3987264,9.903514236414837,6
3987276,9.761390607201301,12
3987289,9.70687350869089,13
3987298,9.806877314766556,9
3987309,9.770663035603388,11
3987323,9.654844953942105,14
3987335,9.747779468534512,12
3987345,9.82718946141364,10
3987351,9.891884217807517,6
3987361,9.799997235555853,10
3987367,9.88947757792646,6
3987373,9.87607154731859,6
3987390,9.566333907458276,17
3987408,9.549472252136148,18
3987418,9.794825543777305,10
3987419,10.0,1
3987427,9.860736475991908,8
3987435,9.855017639261927,8
3987450,9.71427006460764,15
3987451,10.0,1
3987452,10.0,1
3987463,9.76544415430112,11
3987474,9.779144601059585,11
3987485,9.77579396892192,11
3987487,9.977002223190224,2
3987500,9.720364574570908,13
3987514,9.703001435153544,14
3987525,9.775260358730014,11
3987532,9.8598277404967,7
3987537,9.92014188827611,5
3987549,9.753687371223531,12
3987555,9.912947345937772,6
3987564,9.732157741852205,9
3987573,9.832888741284476,9
3987579,9.90764673912623,6
3987590,9.774510325194383,11
3987605,9.670894134424017,15
3987613,9.843160602431311,8
3987622,9.80501049377005,9
3987629,9.875212372875158,7
3987630,10.0,1
3987637,9.868521014576345,7
3987640,9.953376664515496,3
3987653,9.700350210748272,13
3987662,9.808082466978387,9
3987672,9.7854161062062,10
3987677,9.93232699503904,5
3987684,9.871829948586686,7
3987688,9.941114661117567,4
3987697,9.813154161139531,9
3987709,9.740325073860454,12
3987721,9.731710075360821,12
3987725,9.934634464365253,4
3987726,10.0,1
3987735,9.838361598906777,9
3987740,9.9268992955878,5
3987749,9.834695819990955,9
3987769,9.516062007046617,20
3987792,9.089471327052518,23
3987794,9.979713574796959,2
3987802,9.840033034012095,8
3987814,9.739377402426292,12
3987820,9.894486425993644,6
3987837,9.632509807013138,17
3987845,9.853005456783563,8
3987852,9.866747978939356,7
3987854,9.972202998967546,2
3987866,9.737907722376626,12
3987871,9.916123833055938,5
3987881,9.790999784880277,10
3987885,9.948655506222359,4
3987895,9.790372470502097,10
3987901,9.890854749722939,6
3987910,9.809810668913347,9
3987919,9.852154592976229,9
3987924,9.91537905714389,5
3987925,10.0,1
3987939,9.705858374992804,14
3987943,9.942966578868823,4
3987960,9.612220407936187,17
3987972,9.731376534081225,12
3987981,9.839104640498261,9
3987993,9.708431000839965,12
3988000,9.887848351648406,7
3988001,10.0,1
3988012,9.767331381629857,11
3988022,9.831203224400278,10
3988031,9.847961535959662,9
3988036,9.908798055894145,5
3988039,9.959183189842365,3
3988054,9.651106364326916,15
3988064,9.822104657604878,10
3988081,9.584044211224759,17
3988093,9.739855880355611,12
3988102,9.804459886863421,9
3988115,9.714392256460991,13
3988118,9.960889311714864,3
3988132,9.710618441745366,14
3988141,9.820115573805513,9
3988147,9.901185539998743,6
3988150,9.94671320568877,3
3988155,9.92458907344763,5
3988162,9.84860445448,7
3988170,9.830521865279149,8
3988179,9.836854924691114,9
3988190,9.771641934073198,11
3988201,9.771852190933357,11
3988210,9.830740640480967,9
3988221,9.789964638778113,11
3988233,9.745343393959242,12
3988247,9.724538618982422,14
3988252,9.926962169221673,5
3988254,9.980281853296455,2
3988255,10.0,1
3988256,9.99163447776604,1
3988268,9.741678478012489,12
3988276,9.816485692170152,8
3988289,9.69651242656297,13
3988298,9.808602884340303,9
3988306,9.828666151312593,8
3988317,9.776966988313283,11
3988331,9.714216023202813,14
3988337,9.889617786843187,6
3988347,9.794441641468877,10
3988358,9.761000640452467,11
3988374,9.657629199624658,16
3988384,9.798380362785515,10
3988390,9.902150801749281,6
3988398,9.85920211150131,8
3988402,9.936458363497625,4
3988409,9.857429650090106,7
3988413,9.935741676450178,4
3988415,9.97291284165949,2
3988429,9.720944525542698,14
3988437,9.845524544510019,8
3988450,9.761843263742854,13
3988461,9.77026206464667,11
3988471,9.785527770799506,10
3988478,9.867812987228502,7
3988480,9.975557810655586,2
3988491,9.694118616879049,11
3988500,9.61597147894208,9
3988508,9.89186458118193,8
3988520,9.431919865914132,12
3988526,9.878761884854685,6
3988535,9.831632165702558,9
3988548,9.719647206917337,13
3988555,9.869331156027775,7
3988564,9.814792995752656,9
3988573,9.799726110441545,9
3988588,9.655523151569847,15
3988599,9.77474930970201,11
3988610,9.770910248955552,11
3988617,9.857254881011112,7
3988626,9.808195052390996,9
3988634,9.863685480655352,8
3988645,9.75223581924276,11
3988656,9.764554592905801,11
3988667,9.778646863140096,11
3988676,9.836648320253564,9
3988684,9.823806691634179,8
3988695,9.743228575630143,11
3988708,9.756549050592454,13
3988718,9.795412655478044,10
3988719,10.0,1
3988729,9.804028440415411,10
3988743,9.696490502017422,14
3988751,9.845820452062355,8
3988757,9.888855762793082,6
3988762,9.920731145936346,5
3988769,9.861788912325142,7
3988775,9.89809215696262,6
3988779,9.947355012225795,4
3988786,9.896841791326306,7
3988798,9.780296065750367,12
3988802,9.941971702702137,4
3988817,9.71041499658081,15
3988833,9.758032578867343,16
3988836,9.953834774212064,3
3988841,9.933530478579506,5
3988856,9.536567744720873,15
3988866,9.79322408693624,10
3988878,9.757924058181212,12
3988889,9.77369095103764,11
3988894,9.915569165597562,5
3988898,9.943203731596107,4
3988909,9.786646829405417,11
3988939,9.434695277882746,30
3988940,10.0,1
3988950,9.80259804238803,10
3988956,9.875757886551773,6
3988962,9.894193099386198,6
3988963,9.987791307814017,1
3988976,9.730399893669324,13
3988984,9.845549257002103,8
3988985,10.0,1
3988996,9.76862988924159,11
3988998,9.971205752138157,2
3989015,9.674532746090648,17
3989028,9.698073329326162,13
3989040,9.766869221598734,12
3989048,9.83967579283998,8
3989055,9.870247166544402,7
3989060,9.910490380639219,5
3989069,9.879670457036756,9
3989070,10.0,1
3989073,9.96762589204962,3
3989083,9.760535369145327,10
3989086,9.963053794156286,3
3989093,9.886153866292076,7
3989102,9.804969831700147,9
3989113,9.725163843063934,11
3989125,9.744047262602816,12
3989133,9.831156701135297,8
3989140,9.858720585232716,7
3989149,9.820943487717498,9
3989163,9.65428040423412,14
3989174,9.779644142206564,11
3989175,10.0,1
3989184,9.810898829810439,9
3989190,9.888621258157942,6
3989191,10.0,1
3989196,9.913206830393156,5
3989202,9.89384571871501,6
3989208,9.90590248539988,6
3989218,9.78088461623843,10
3989228,9.80134389933067,10
3989238,9.799712015774498,10
3989245,9.887954322325067,7
3989246,10.0,1
3989247,9.987291457265476,1
3989254,9.885158248098273,7
3989259,9.909982199944105,5
3989271,9.742521142321639,12
3989281,9.783381951358503,10
3989287,9.895435524575642,6
3989292,9.908137547225612,5
3989298,9.906000360117234,6
3989308,9.767778127462568,10
3989309,10.0,1
3989317,9.824419679848958,8
3989329,9.737376765938132,12
3989340,9.747300161043587,11
3989361,9.368257831819186,21
3989362,10.0,1
3989367,9.910916427757288,5
3989372,9.918631548685022,5
3989373,10.0,1
3989380,9.870996164642085,7
3989387,9.869999378053627,7
3989400,9.730131091385823,13
3989412,9.72160232446415,12
3989422,9.79350808373448,10
3989425,9.964744258822604,3
3989431,9.909225003237083,6
3989439,9.8506438657598,8
3989446,9.861798631092796,7
3989459,9.705365595190072,13
3989464,9.92020864103616,5
3989478,9.666682431285622,14
3989481,9.953804956962323,3
3989530,9.250635762512164,49
3989539,9.714986190189999,9
3989545,9.903641954409572,6
3989556,9.784990817813283,11
3989568,9.747405230837035,12
3989581,9.733865702580783,13
3989588,9.879093780531559,7
3989592,9.936446789884352,4
3989604,9.74790359576632,12
3989615,9.760608130813562,11
3989623,9.82304456225855,8
3989628,9.920978639038575,5
3989639,9.764898023729481,11
3989650,9.741321088800358,11
3989660,9.826608243364596,10
3989673,9.782656382484012,13
3989677,9.93560107279397,4
3989689,9.741291399893791,12
3989700,9.765482245409359,11
3989724,9.428201902420957,24
3989736,9.750731088230815,12
3989742,9.879600971800413,6
3989744,9.968027119577293,2
3989745,10.0,1
3989755,9.782891409635832,10
3989758,9.957332264347134,3
3989769,9.745834629418423,11
3989778,9.806033133346055,9
3989783,9.929030629068153,5
3989793,9.791454399105302,10
3989803,9.786577174674067,10
3989816,9.701037172655987,13
3989821,9.93966608218926,5
3989822,10.0,1
3989833,9.841184764609162,11
3989844,9.767663861664753,11
3989853,9.801399160556368,9
3989858,9.908968097360288,5
3989869,9.798395580659063,11
3989883,9.685036030252437,14
3989895,9.748138473988645,12
3989905,9.785383451452487,10
3989917,9.743753743631103,12
3989925,9.85626995331565,8
3989926,10.0,1
3989935,9.835812846598952,9
3989941,9.877953033568323,6
3989957,9.635264699342079,16
3989958,10.0,1
3989968,9.819905503177672,10
3989979,9.774541924375526,11
3989989,9.796773679494004,10
3989991,9.968586607657809,2
3989996,9.908793870550836,5
3990003,9.885849004083399,7
3990012,9.806541808932568,9
3990021,9.79916471536407,9
3990022,10.0,1
3990026,9.932100694906497,4
3990035,9.809644937113678,9
3990043,9.872415012784904,8
3990051,9.856892946254948,8
3990054,9.957926977031011,3
3990065,9.590387150570624,11
3990069,9.93608682497843,4
3990070,9.992327779253928,1
3990078,9.862219234562577,8
3990082,9.94897755484735,4
3990085,9.960897841799303,3
3990098,9.706108983438881,13
3990103,9.908565653251406,5
3990112,9.813710942158146,9
3990113,10.0,1
3990124,9.809420942502333,11
3990128,9.935168940921086,4
3990132,9.939360613493271,4
3990141,9.795869618627366,9
3990145,9.944141177991987,4
3990147,9.984615375719201,2
3990148,10.0,1
3990153,9.90131929233755,5
3990166,9.710215106325421,13
3990176,9.786359132851162,10
3990186,9.789815342415135,10
3990190,9.933931614273842,4
3990207,9.634020903407048,17
3990217,9.808158889223325,10
3990313,8.249671800923688,96
3990314,10.0,1
3990327,9.684341778575426,13
3990336,9.811680682261136,9
3990337,10.0,1
3990342,9.92427400780882,5
3990360,9.574148752333317,18
3990366,9.896679968028824,6
3990378,9.752067616098904,12
3990379,10.0,1
3990388,9.82135055950679,9
3990400,9.736817683232411,12
3990410,9.792219802874767,10
3990416,9.887831053893024,6
3990425,9.819985514305332,9
3990442,9.630120958582351,17
3990457,9.654325885517228,15
3990469,9.750727272373874,12
3990475,9.916885063946872,6
3990483,9.833947840055021,8
3990488,9.910744102957883,5
3990489,10.0,1
3990497,9.857341366407622,8
3990509,9.758602931498658,12
3990514,9.921146970477528,5
3990522,9.82766312874989,8
3990528,9.887371441686174,6
3990549,9.513874622922593,21
3990561,9.75641019464878,12
3990574,9.740872258475992,13
3990583,9.847154570624054,9
3990587,9.940199945312612,4
3990592,9.912600214080165,5
3990598,9.87970503979602,6
3990611,9.701644280534056,13
3990618,9.876441158968776,7
3990624,9.90313944745184,6
3990636,9.717075995296973,12
3990637,9.989313597226236,1
3990649,9.772962934292877,12
3990659,9.785896681278137,10
3990671,9.729431651689193,12
3990672,10.0,1
3990677,9.90796528537502,5
3990690,9.712071707423043,13
3990703,9.715342615132183,13
3990716,9.71077301566724,13
3990726,9.797807531468008,10
3990731,9.911568144569314,5
3990739,9.839825127753462,8
3990755,9.596167477167283,16
3990764,9.811517467113774,9
3990774,9.7908221043873,10
3990789,9.64603337724946,15
3990793,9.934568774291808,4
3990794,10.0,1
3990800,9.898505675922967,6
3990807,9.89579851544306,7
3990810,9.958897571488455,3
3990814,9.95001453147281,4
3990829,9.66146764780817,15
3990838,9.813153136992787,9
3990849,9.76340932084403,11
3990862,9.715692784244677,13
3990863,10.0,1
3990872,9.802406256677621,9
3990887,9.643524727931055,15
3990894,9.855305036836155,7
3990905,9.765261129730286,11
3990916,9.774962636098738,11
3990923,9.862830295596197,7
3990924,10.0,1
3990926,9.980490963723312,2
3990936,9.779560763754981,10
3990940,9.933688233401977,4
3990951,9.783772307589679,11
3990959,9.871561345770978,8
3990966,9.871714547831354,7
3990967,10.0,1
3990976,9.822216697261911,9
3990985,9.809846615604439,9
3990998,9.7804136106509,13
3990999,10.0,1
3991003,9.92796153714989,4
3991014,9.764325650367677,11
3991021,9.88819480311679,7
3991031,9.812145457182716,10
3991046,9.62506525100285,15
3991054,9.847793941209954,8
3991059,9.90002191841666,5
3991069,9.799824109916955,10
3991079,9.787569369724906,10
3991087,9.843170029181206,8
3991095,9.839175217493818,8
3991096,10.0,1
3991108,9.75160918094361,12
3991121,9.717810554094878,13
3991126,9.935029098684282,5
3991136,9.784175349466782,10
3991146,9.796272005985747,10
3991156,9.803449018953877,10
3991162,9.922187230601118,6
3991167,9.920453403180199,5
3991179,9.759421406274047,12
3991191,9.745596842969748,12
3991200,9.810456392049508,9
3991210,9.781744308141848,10
3991222,9.737774473140437,12
3991232,9.823125004956442,10
3991242,9.602390787237951,10
3991249,9.865203368245162,7
3991252,9.963278951464401,3
3991257,9.913003973506893,5
3991264,9.86459259077527,7
3991276,9.7515388823896,12
3991294,9.61200958685388,18
3991295,10.0,1
3991299,9.934084516418853,4
3991304,9.925356712267726,5
3991318,9.690912391663694,14
3991319,9.993053533428341,1
3991330,9.822081906449261,11
3991341,9.766364219015214,11
3991353,9.735573458646455,12
3991354,10.0,1
3991361,9.873153933869908,7
3991374,9.730593662449662,13
3991379,9.92793867423816,5
3991388,9.811604936240624,9
3991398,9.82808203351883,10
3991407,9.829984391498089,9
3991421,9.691149462461748,14
3991431,9.866649498097702,10
3991436,9.906615630898758,5
3991443,9.786431747247336,7
3991458,9.645618774514157,15
3991469,9.779517740439761,11
3991474,9.926031291704502,5
3991492,9.60924381669229,18
3991502,9.802769386197033,10
3991508,9.889727031959165,6
3991517,9.820077147082268,9
3991518,10.0,1
3991535,9.602256186971903,17
3991536,10.0,1
3991550,9.6885752648002,14
3991558,9.84670645401219,8
3991560,9.975585584105557,2
3991566,9.898051021698242,6
3991572,9.880562056647406,6
3991574,9.984350101738034,2
3991575,10.0,1
3991576,10.0,1
3991577,10.0,1
3991585,9.738570770796109,8
3991598,9.72682715332032,13
3991611,9.720160760479649,13
3991620,9.815434487884442,9
3991631,9.670422668438416,11
3991643,9.74586754774482,12
3991649,9.896919801405204,6
3991655,9.888725694821007,6
3991669,9.747199520434382,14
3991671,9.975514980023545,2
3991675,9.940523450271975,4
3991688,9.696751695596516,13
3991699,9.754841575986545,11
3991707,9.852010565018276,8
3991723,9.656441737446336,16
3991725,9.969858593012656,2
3991737,9.748907384165067,12
3991738,10.0,1
3991739,10.0,1
3991751,9.454298953607399,12
3991757,9.899342539820598,6
3991760,9.960480790629147,3
3991769,9.852643135704117,9
3991779,9.772428862465093,10
3991789,9.772095354721909,10
3991805,9.633793002200067,16
3991807,9.976037019736573,2
3991814,9.893697287778474,7
3991818,9.940903084932053,4
3991825,9.88182602745902,7
3991843,9.548113294462812,18
3991845,9.971634486856724,2
3991852,9.85208120932232,7
3991853,9.988652947629387,1
3991861,9.839201485455408,8
3991876,9.67520637974336,15
3991886,9.815059605159052,10
3991895,9.814097663022368,9
3991908,9.744865439161025,13
3991914,9.896681835951862,6
3991922,9.841642491235858,8
3991926,9.937544588835049,4
3991937,9.786070802214027,11
3991952,9.646196267724106,15
3991953,9.989240140870754,1
3991954,10.0,1
3991965,9.74814227645201,11
3991969,9.931867823599026,4
3991976,9.872205058744484,7
3991987,9.647519491437327,11
3991996,9.813013123364927,9
3992003,9.877753532176918,7
3992012,9.71855252915568,9
3992019,9.661508749578848,7
3992021,9.97792337469111,2
3992028,9.864436861705773,7
3992029,10.0,1
3992030,10.0,1
3992031,10.0,1
3992033,9.976556678656948,2
3992040,9.882973320141419,7
3992041,10.0,1
3992047,9.90656493991266,6
3992060,9.696130674714666,13
3992067,9.872459852647616,7
3992077,9.794472061451273,10
3992084,9.888940183331153,7
3992087,9.970428419997933,3
3992088,10.0,1
3992094,9.889231716820174,6
3992099,9.916409830434485,5
3992112,9.72363983115856,13
3992120,9.855746581417327,8
3992128,9.866780676245577,8
3992136,9.83508878863897,8
3992151,9.661905294011493,15
3992166,9.662472650181646,15
3992171,9.912738226710815,5
3992178,9.8614479708354,7
3992186,9.848369863904482,8
3992354,7.039403082751608,168
3992368,9.693175752745795,14
3992370,9.979638396504695,2
3992377,9.866353007581292,7
3992389,9.749091497294938,12
3992400,9.77374288451958,11
3992404,9.952415857739904,4
3992498,8.24222889328819,94
3992510,9.767342020547845,12
3992524,9.679271820110428,14
3992526,9.972655486072819,2
3992534,9.84950056543028,8
3992541,9.857466567958314,7
3992546,9.927926890596256,5
3992554,9.845254282518438,8
3992564,9.789616469902272,10
3992574,9.665721652910463,10
3992584,9.805106046824726,10
3992596,9.735403430680826,12
3992606,9.822323337885102,10
3992616,9.847730784727302,10
3992617,10.0,1
3992624,9.879717632757243,7
3993005,-1.3312810519970029,381
3993505,-79.70049335898143,500
3993531,9.52206855020674,26
3993590,8.68697898362586,59
3994090,-14.860858836219286,500
3994590,-138.12808213438058,500
3994600,9.785279316163939,10
3994608,9.84738047614681,8
3994617,9.730655348485223,9
3994624,9.894483901753354,7
3994632,9.845437531398288,8
3994648,9.232376968027408,16
3994663,9.553162396950865,15
3994674,9.75755910832237,11
3994684,9.788462523563872,10
3994685,9.996719177781019,1
3994692,9.872195036858129,7
3994695,9.959911950255256,3
3994700,9.906870982664781,5
3994717,9.597125301495836,17
3994730,9.715687599620544,13
3994739,9.809161499530806,9
3994743,9.941734417336132,4
3994752,9.832965874712283,9
3994758,9.886506193968975,6
3994767,9.818224729993895,9
3994775,9.859191490231444,8
3994779,9.94418275864161,4
3994796,9.630043465940362,17
3994801,9.935231855554992,5
3994810,9.815059239942984,9
3994817,9.896635778470419,7
3994821,9.92939717260286,4
3994830,9.833122345563893,9
3994840,9.797462258036893,10
3994855,9.644983505989144,15
3994868,9.714936978891167,13
3994874,9.888519820912709,6
3994883,9.803609051001667,9
3994892,9.817330471611934,9
3994902,9.811800915145119,10
3994912,9.814693373262243,10
3994919,9.862115649794417,7
3994929,9.775388976462612,10
3994937,9.86895918897792,8
3994940,9.951437226722296,3
3994950,9.79586860214761,10
3994951,10.0,1
3994955,9.944051597974653,4
3994965,9.804840306606991,10
3994969,9.9412412172178,4
3994983,9.761951038600289,14
3994996,9.74290814636427,13
3995010,9.708538548455689,14
3995021,9.76044110711665,11
3995027,9.911615505526221,6
3995039,9.759809330084423,12
3995040,10.0,1
3995052,9.765265770858338,12
3995069,9.6060883824509,17
3995081,9.781188824290314,12
3995096,9.753290833288291,15
3995136,9.254322401966782,40
3995147,9.67831300704326,11
3995158,9.78315921519661,11
3995169,9.74900675677492,11
3995172,9.946925908347675,3
3995182,9.822828387856504,10
3995191,9.809348486307734,9
3995192,9.991147264726973,1
3995194,9.978284049090252,2
3995198,9.933302307963816,4
3995199,10.0,1
3995206,9.876913854445235,7
3995216,9.796216126456825,10
3995222,9.888057711995293,6
3995233,9.786382055996546,11
3995249,9.654419547555957,16
3995263,9.66271282280749,14
3995265,9.982208785225918,2
3995272,9.885500963115822,7
3995273,9.996574731683559,1
3995276,9.96200051636762,3
3995283,9.865560901219167,7
3995284,10.0,1
3995298,9.660316569998116,14
3995308,9.829075003525142,10
3995319,9.747084114093557,11
3995320,10.0,1
3995324,9.94102413256107,4
3995339,9.677959851953553,15
3995344,9.919907112094425,5
3995357,9.722250614128212,13
3995368,9.75902529476752,11
3995369,10.0,1
3995375,9.89150780477146,6
3995388,9.710330269413404,13
3995398,9.787888322567524,10
3995404,9.67339135528766,6
3995412,9.844959276936855,8
3995419,9.877088724970854,7
3995430,9.766080236728124,11
3995435,9.929356354092276,5
3995445,9.800971439499701,10
3995455,9.789521365281376,10
3995465,9.800999837106609,10
3995475,9.799183014828486,10
3995502,9.5175191393403,27
3995510,9.809025699603788,8
3995517,9.871402642855026,7
3995528,9.778670063799558,11
3995534,9.899488014424941,6
3995545,9.732690819194874,11
3995549,9.940397660485782,4
3995556,9.876104932943305,7
3995565,9.824294936179285,9
3995566,10.0,1
3995575,9.835776717946395,9
3995586,9.730737296546558,11
3995595,9.827299362272724,9
3995607,9.741311605767216,12
3995618,9.768211788648378,11
3995626,9.870175930345416,8
3995636,9.758364703328152,10
3995645,9.79265169593323,9
3995653,9.876008154861532,8
3995655,9.970721198160573,2
3995660,9.918235512500376,5
3995666,9.895309537946055,6
3995673,9.855107574259362,7
3995676,9.951403264233223,3
3995681,9.92511323542229,5
3995688,9.888842566800946,7
3995691,9.948822201235734,3
3995699,9.840920220699866,8
3995728,9.39884835796442,29
3995738,9.799220308245028,10
3995752,9.695911693696338,14
3995760,9.837728938169827,8
3995773,9.710341216608603,13
3995785,9.737464767313453,12
3995793,9.871028535964566,8
3995797,9.952269888101462,4
3995807,9.78388788446712,10
3995808,10.0,1
3995814,9.901061739519498,6
3995820,9.899643866637431,6
3995831,9.755440884943868,11
3995846,9.618184275539393,15
3995856,9.77995297821972,10
3995865,9.82512431412393,9
3995879,9.687268848734696,14
3995896,9.594656733127815,17
3995910,9.656185966414421,14
3995921,9.772511427713711,11
3995928,9.856801525171122,7
3995938,9.807363356658033,10
3995945,9.868066386334473,7
3995948,9.961095108434138,3
3995959,9.777805774833935,11
3995972,9.758408087047718,13
3995980,9.854694304990439,8
3995987,9.890628671188194,7
3995995,9.865145199997308,8
3996004,9.817433743207642,9
3996014,9.766796049584102,10
3996028,9.686216993677554,14
3996038,9.795607820399301,10
3996045,9.866827508813174,7
3996050,9.908449360891042,5
3996058,9.860486931921121,8
3996062,9.935459716674126,4
3996068,9.885421306537195,6
3996071,9.964841386704249,3
3996072,10.0,1
3996078,9.891581557810218,6
3996090,9.714405367588974,12
3996098,9.855932635072506,8
3996107,9.793039791308075,9
3996111,9.938473969936327,4
3996124,9.723643575083475,13
3996132,9.841207634116346,8
3996140,9.864598900757883,8
3996146,9.91135238604001,6
3996155,9.81733488750757,9
3996160,9.910892473837983,5
3996171,9.771600132374763,11
3996185,9.705140181389426,14
3996190,9.916301464242387,5
3996201,9.768345333572707,11
3996208,9.86336930507596,7
3996223,9.65234919271348,15
3996228,9.910903111683867,5
3996236,9.83891729742653,8
3996248,9.740576589710681,12
3996259,9.768619529144068,11
3996263,9.942034996971822,4
3996273,9.774209030007736,10
3996280,9.877871911483329,7
3996291,9.776442021009398,11
3996300,9.848071598444074,9
3996307,9.872528246505029,7
3996322,9.652888888521785,15
3996326,9.947644605472217,4
3996335,9.793071134672624,9
3996344,9.813158475772436,9
3996350,9.915885024151578,6
3996354,9.941421250542437,4
3996367,9.717375469176742,13
3996368,10.0,1
3996369,10.0,1
3996380,9.751573461719433,11
3996386,9.912058032283415,6
3996399,9.738934840822047,13
3996400,9.98892688465499,1
3996401,10.0,1
3996408,9.862136238468368,7
3996419,9.756973757127875,11
3996434,9.65318644353044,15
3996443,9.842032081340363,9
3996451,9.834113095468046,8
3996457,9.90293301714187,6
3996469,9.747966069388879,12
3996475,9.899876708097196,6
3996476,10.0,1
3996489,9.703307528662904,13
3996495,9.897280019159306,6
3996503,9.840110063801818,8
3996510,9.86488012738229,7
3996516,9.908492145729479,6
3996528,9.74024510175264,12
3996531,9.959403979851542,3
3996541,9.818151321151463,10
3996543,9.981382553421957,2
3996552,9.804522592333544,9
3996561,9.81921451182223,9
3996567,9.917793259670962,6
3996573,9.878934558384312,6
3996574,10.0,1
3996585,9.766466908904988,11
3996594,9.81244874959829,9
3996600,9.87965261705336,6
3996609,9.825058881593558,9
3996613,9.939596822599547,4
3996614,10.0,1
3996621,9.863916806526555,7
3996632,9.769846432764647,11
3996639,9.871032575230311,7
3996654,9.693674087194886,15
3996658,9.92922117071737,4
3996668,9.804764147363237,10
3996680,9.722249108239911,12
3996686,9.895446250774272,6
3996694,9.835968552459022,8
3996709,9.663848645978371,15
3996712,9.968425137961672,3
3996716,9.938580659795132,4
3996723,9.886319803281776,7
3996732,9.81994621784017,9
3996742,9.782408104518643,10
3996757,9.685402744073006,15
3996768,9.793865627432163,11
3996779,9.758698559551325,11
3996789,9.797275567896083,10
3996804,9.659699475510664,15
3996807,9.958887387107323,3
3996811,9.9384406138389,4
3996813,9.979088677010266,2
3996819,9.8855244972166,6
3996822,9.9542307723331,3
3996837,9.66029247392312,15
3996847,9.808302820827446,10
3996856,9.799841175942818,9
3996866,9.788539482636029,10
3996874,9.849284672451779,8
3996882,9.843622758501601,8
3996887,9.812222322768903,5
3996898,9.780825074296938,11
3996912,9.690792425916806,14
3996916,9.939195269236983,4
3996924,9.873790748853022,8
3996936,9.755220713878574,12
3996940,9.933248523731184,4
3996950,9.764999266774787,10
3996955,9.933038651972707,5
3996970,9.620969379870047,15
3996976,9.910830478158825,6
3996984,9.846276080385636,8
3997001,9.614542456031831,17
3997007,9.904194191173968,6
3997015,9.866033580926288,8
3997026,9.766148415770262,11
3997037,9.766802546714505,11
3997051,9.628128261440196,14
3997068,9.62090339271026,17
3997076,9.84287650446837,8
3997090,9.651727878400989,14
3997098,9.838224315344911,8
3997103,9.915397313398904,5
3997109,9.90223038916207,6
3997125,9.659715564341738,16
3997135,9.77333567999437,10
3997146,9.773032969595965,11
3997150,9.940505315093652,4
3997153,9.950493636164982,3
3997170,9.627269166401891,17
3997175,9.906969760623646,5
3997179,9.933616560155674,4
3997192,9.728141552457965,13
3997198,9.89879778154442,6
3997204,9.894538387688778,6
3997216,9.715888935866005,12
3997223,9.861785367632764,7
3997239,9.610714522689337,16
3997247,9.834566786174692,8
3997262,9.544479168061633,15
3997263,10.0,1
3997275,9.741021132674216,12
3997284,9.829482942508784,9
3997291,9.874179264208642,7
3997298,9.887364574226602,7
3997299,10.0,1
3997313,9.680086344692025,14
3997323,9.792865734291132,10
3997336,9.707477869118438,13
3997345,9.80222764706649,9
3997346,10.0,1
3997352,9.895159198440656,6
3997360,9.846576035324693,8
3997367,9.873881959053453,7
3997371,9.931873274996924,4
3997379,9.857087606487934,8
3997388,9.801557192851686,9
3997413,9.387576826076458,25
3997427,9.701390631900031,14
3997440,9.713116222665752,13
3997445,9.918486214050393,5
3997452,9.851650479035959,7
3997458,9.906608775043923,6
3997472,9.69705007887761,14
3997478,9.886686574877547,6
3997492,9.695553641324972,14
3997493,10.0,1
3997501,9.853911166913642,8
3997503,9.975596249788062,2
3997512,9.809731229358118,9
3997526,9.69164970177271,14
3997532,9.886855750508044,6
3997542,9.768964083078096,10
3997556,9.672007169791433,14
3997569,9.750150705317795,13
3997573,9.947126015398238,4
3997577,9.946847935966183,4
3997588,9.762063335616823,11
3997603,9.664203775712062,15
3997604,10.0,1
3997613,9.829881928275594,9
3997623,9.7991748461523,10
3997628,9.920424274223032,5
3997637,9.833760807404511,9
3997648,9.759415013640668,11
3997653,9.930497774925856,5
3997658,9.914452931347654,5
3997661,9.968823292949844,3
3997662,9.996506620451505,1
3997671,9.74510107731695,9
3997683,9.749114667798253,12
3997687,9.9472088558016,4
3997700,9.71295577526415,13
3997708,9.828859528131494,8
3997710,9.969578076740055,2
3997722,9.716153342749678,12
3997731,9.823792439998712,9
3997739,9.747440057955611,8
3997742,9.961125208762574,3
3997754,9.771704735768674,12
3997759,9.893581863224352,5
3997764,9.897142015118874,5
3997774,9.806175700179802,10
3997777,9.949302276381898,3
3997789,9.74271122614154,12
3997796,9.86809704137792,7
3997800,9.949822595368179,4
3997801,9.9893337911448,1
3997808,9.873547334793102,7
3997809,10.0,1
3997810,10.0,1
3997820,9.794059923927023,10
3997826,9.803081147554742,6
3997827,10.0,1
3997835,9.87030710130949,8
3997840,9.915482903758157,5
3997849,9.84281917606581,9
3997851,9.975793970833223,2
3997852,10.0,1
3997853,9.99185943718714,1
3997860,9.878708886080377,7
3997861,9.992670870502005,1
3997873,9.790884375066106,12
3997874,10.0,1
3997876,9.97052101785358,2
3997887,9.754517853959433,11
3997898,9.761803764184524,11
3997909,9.765213141694263,11
3997923,9.700492960204024,14
3997932,9.819498743361734,9
3997942,9.785234559181708,10
3997951,9.852411265997768,9
3997958,9.865116058613832,7
3997972,9.66277572042325,14
3997988,9.645057695515884,16
3997998,9.78775435286563,10
3998006,9.851606863647376,8
3998011,9.914408287241113,5
3998021,9.788903704692345,10
3998032,9.760606343163792,11
3998045,9.734117118612305,13
3998063,9.636726511622738,18
3998078,9.674051738568282,15
3998090,9.715617258339934,12
3998100,9.817652384022843,10
3998101,10.0,1
3998116,9.679130020161931,15
3998128,9.723154574632828,12
3998139,9.75644152692168,11
3998147,9.833456520719295,8
3998156,9.798013619607023,9
3998176,9.492047558294626,20
3998190,9.724538279776967,14
3998198,9.83055964238964,8
3998213,9.683743179188937,15
3998217,9.942893459744038,4
3998226,9.823826584485701,9
3998232,9.879133225436325,6
3998239,9.867633198930921,7
3998253,9.674392748959757,14
3998261,9.853496595675372,8
3998273,9.741265344534991,12
3998280,9.851107578909216,7
3998283,9.961867988014761,3
3998294,9.744904997193492,11
3998303,9.795614287516024,9
3998310,9.86757637427342,7
3998313,9.966469054177049,3
3998316,9.964348859500978,3
3998321,9.916651792890983,5
3998330,9.807472555950259,9
3998348,9.573281835340408,18
3998355,9.864588744248842,7
3998356,9.989201057297565,1
3998369,9.71768664093138,13
3998377,9.838339470038393,8
3998383,9.892451056709334,6
3998401,9.549327368096197,18
3998410,9.819007223495312,9
3998421,9.753565349532606,11
3998425,9.934769180157362,4
3998432,9.847571618078211,7
3998436,9.949977905936414,4
3998442,9.891522113040415,6
3998455,9.71616371989364,13
3998464,9.815561269826741,9
3998465,9.991985325088013,1
3998470,9.926081434300189,5
3998473,9.960203415065891,3
3998478,9.915582037933925,5
3998485,9.87261679113467,7
3998488,9.86244485224423,3
3998495,9.860359658675316,7
3998501,9.898228228589197,6
3998504,9.952357315379944,3
3998510,9.878220256601827,6
3998515,9.9107286790159,5
3998521,9.898668223600763,6
3998522,9.99192882105783,1
3998528,9.7189283550211,6
3998538,9.795046034160757,10
3998545,9.853105380934196,7
3998552,9.844749520833172,7
3998568,7.673996617310342,16
3998572,9.73735557451521,4
3998577,9.915551090920141,5
3998589,9.74963851790712,12
3998593,9.951556222826406,4
3998601,9.879469663995359,8
3998604,9.956811763490647,3
3998612,9.85782898478703,8
3998619,9.869245397442851,7
3998641,9.410847662774799,22
3998647,9.902664841297597,6
3998651,9.95191260846406,4
3998655,9.940112870356897,4
3998662,9.888464519905437,7
3998675,9.737112360221872,13
3998688,9.714101815555951,13
3998692,9.943865026611919,4
3998703,9.761487761549414,11
3998708,9.932411343681432,5
3998720,9.748617338502228,12
3998725,9.918256447971881,5
3998734,9.807275340927013,9
3998736,9.97203745995464,2
3998738,9.975014158938032,2
3998743,9.923894998716381,5
3998755,9.74951159422384,12
3998762,9.869330066904746,7
3998780,9.573989043359298,18
3998781,10.0,1
3998790,9.784141628383091,9
3998795,9.916370224948036,5
3998808,9.689107396121052,13
3998809,10.0,1
3998814,9.91304959876878,5
3998824,9.79410345265155,10
3998833,9.817360724038021,9
3998834,10.0,1
3998844,9.79302946613809,10
3998853,9.836847718347888,9
3998865,9.764145428539402,12
3998866,10.0,1
3998876,9.81464881181387,10
3998877,9.996622010716964,1
3998883,9.892620096847613,6
3998899,9.62979088658865,16
3998910,9.765256204259186,11
3998917,9.873702839941638,7
3998931,9.691508072130734,14
3998939,9.850428055785441,8
3998945,9.887463438369805,6
3998952,9.871340216585867,7
3998963,9.780090670049056,11
3998976,9.615233815264151,13
3998985,9.815422617593047,9
3999003,9.600360342153433,18
3999019,9.643589271584416,16
3999022,9.957328333516157,3
3999032,9.781439725190475,10
3999044,9.741358824642356,12
3999056,9.739928971161516,12
3999062,9.891280475282048,6
3999063,10.0,1
3999077,9.684690515397726,14
3999089,9.722781564799815,12
3999094,9.910052805841765,5
3999107,9.727022366514825,13
3999110,9.963340485159076,3
3999123,9.718488046297448,13
3999132,9.813426864662235,9
3999137,9.918267301846097,5
3999138,10.0,1
3999145,9.88028733515849,7
3999158,9.746631327112322,13
3999162,9.950745039374564,4
3999167,9.921568501914818,5
3999176,9.874837479862599,9
3999180,9.929802414655315,4
3999190,9.807290974053691,10
3999195,9.931339301177028,5
3999203,9.836998020660838,8
3999217,9.694981221128577,14
3999225,9.838982238665903,8
3999229,9.926964769681659,4
3999251,9.485028446320992,22
3999257,9.903878349596996,6
3999260,9.9566843701624,3
3999269,9.856887969340537,9
3999270,9.996101261192303,1
3999283,9.710429431603057,13
3999298,9.667348027285335,15
3999307,9.8025492540628,9
3999319,9.732909492575239,12
3999335,9.646272102117761,16
3999349,9.670941373257739,14
3999360,9.771067341344494,11
3999372,9.733048141530707,12
3999375,9.95820731826166,3
3999384,9.812226357100931,9
3999397,9.74458733353393,13
3999407,9.796881823924846,10
3999416,9.828882541467197,9
3999426,9.775890038765212,10
3999432,9.913077491695775,6
3999443,9.767859930073651,11
3999445,9.977713384936832,2
3999455,9.776335454478579,10
3999462,9.879161916606355,7
3999465,9.968981324400708,3
3999483,9.571125627287403,18
3999486,9.955275832713385,3
3999502,9.617671403486115,16
3999503,9.989298765601216,1
3999504,10.0,1
3999505,10.0,1
3999516,9.753298035559416,11
3999531,9.662593800054262,15
3999538,9.861451825772376,7
3999541,9.970294081713105,3
3999551,9.806982227470765,10
3999569,9.655829358811808,18
3999570,10.0,1
3999576,9.914294670564042,6
3999577,10.0,1
3999583,9.895469523425083,6
3999590,9.883796584628415,7
3999594,9.941427722127946,4
3999603,9.82143324250634,9
3999614,9.785578858364628,11
3999622,9.852254749398252,8
3999634,9.77503122687945,12
3999638,9.930479414931595,4
3999645,9.878185446877408,7
3999660,9.628719934009046,15
3999663,9.955807631993414,3
3999675,9.758278093331283,12
3999691,9.6508850300877,16
3999692,10.0,1
3999700,9.839080343956459,8
3999710,9.772442849799258,10
3999715,9.915048211487768,5
3999725,9.776042225974134,10
3999729,9.935689740655981,4
3999730,9.99303921139099,1
3999731,10.0,1
3999742,9.779515181782836,11
3999749,9.863721009550947,7
3999754,9.920055946293239,5
3999755,10.0,1
3999766,9.731726084344515,11
3999774,9.848668812784975,8
3999791,9.663069276132624,17
3999797,9.899705536428383,6
3999808,9.770827097078584,11
3999815,9.849645407656327,7
3999823,9.876646009438481,8
3999824,10.0,1
3999825,10.0,1
3999835,9.78787571794358,10
3999841,9.903450851020992,6
3999852,9.746239484515963,11
3999858,9.892414337478217,6
3999864,9.902541772373757,6
3999874,9.774397796882488,10
3999880,9.782683378817485,6
3999883,9.956207447963827,3
3999888,9.915660475509847,5
3999898,9.80063793635258,10
3999909,9.786286688016604,11
3999910,10.0,1
3999914,9.928421148411761,4
3999922,9.835128917072549,8
3999926,9.929347738691852,4
3999938,9.724430825289822,12
3999944,9.909691472060794,6
3999956,9.789507752841162,12
3999966,9.819371802035123,10
3999977,9.777195308363714,11
3999985,9.884909116149327,8
3999995,9.791075632198977,10
3999996,10.0,1
4000006,9.800813968545192,10
4000026,9.531487312272859,20
4000033,9.867576590447458,7
4000043,9.788176526930538,10
4000044,10.0,1
4000045,9.988874506968353,1
4000052,9.882817920371043,7
4000059,9.889017144762757,7
4000060,9.989267365245418,1
4000074,9.635343702940544,14
4000092,9.379726165354894,18
4000096,9.944242152089894,4
4000110,9.67996708830225,14
4000120,9.788549304097412,10
4000125,9.913230951150297,5
4000132,9.87591200547681,7
4000140,9.839304189125166,8
4000145,9.927039379268043,5
4000160,9.672603378662096,15
4000166,9.888833336058818,6
4000171,9.904346524641847,5
4000172,10.0,1
4000175,9.953593948950155,3
4000185,9.785481953551251,10
4000188,9.965959225783386,3
4000200,9.768196907300306,12
4000201,10.0,1
4000208,9.878338109569345,7
4000217,9.838215130199984,9
4000229,9.520458914288573,12
4000234,9.914448951726971,5
4000243,9.817691537046928,9
4000247,9.92925993373536,4
4000248,10.0,1
4000258,9.689672641172228,10
4000261,9.9580957681614,3
4000266,9.908025307056901,5
4000277,9.751127519649467,11
4000292,9.68448525742712,15
4000294,9.984552732214244,2
4000304,9.79336283523368,10
4000310,9.873235934383487,6
4000316,9.904022356682434,6
4000317,10.0,1
4000329,9.750145903830758,12
4000347,9.572393834544913,18
4000363,9.624932512861914,16
4000373,9.706132295696932,10
4000382,9.720902145955314,9
4000386,9.93493273283549,4
4000387,10.0,1
4000400,9.578022905170476,13
4000405,9.916108327276246,5
4000409,9.950633127327192,4
4000414,9.928822381859248,5
4000425,9.77773288625988,11
4000443,9.585483924649699,18
4000450,9.872887094088917,7
4000455,9.924547791936343,5
4000456,10.0,1
4000467,9.760483747412756,11
4000468,10.0,1
4000482,9.600271256433794,14
4000491,9.724907022578419,9
4000502,9.774603561188377,11
4000510,9.863268112139734,8
4000518,9.842762062424518,8
4000532,9.663969757431168,14
4000548,9.647484024703179,16
4000559,9.737624325843102,11
4000568,9.825902465871977,9
4000569,10.0,1
4000575,9.919716643715706,6
4000587,9.741468105581976,12
4000632,-2.691865627989408,45
4000647,9.72322684528984,15
4000655,9.842855348627209,8
4000656,10.0,1
4000664,9.838066320304648,8
4000679,9.671630592884494,15
4000686,9.885310528476976,7
4000693,9.854433042550943,7
4000700,9.892002125853578,7
4000711,9.752678709671025,11
4000715,9.936516421180523,4
4000721,9.892593276972468,6
4000736,9.659972156518023,15
4000738,9.974149579281399,2
4000743,9.921155894298785,5
4000750,9.854468069156386,7
4000752,9.978588090391673,2
4000757,9.91479382727542,5
4000764,9.851759196127006,7
4000769,9.912555507160675,5
4000776,9.860870829479907,7
4000777,10.0,1
4000787,9.810906135226462,10
4000791,9.94094456189621,4
4000803,9.728754188392525,12
4000816,9.730723560740609,13
4000829,9.729657670415751,13
4000836,9.846995419216825,7
4000837,10.0,1
4000842,9.723043979253552,5
4000847,9.914185762144983,5
4000856,9.83887678499232,9
4000868,9.744619423277026,12
4000871,9.96845325836481,3
4000881,9.793887657446186,10
4000892,9.79521353107274,11
4000903,9.76892138149145,11
4000904,10.0,1
4000912,9.866349352481068,8
4000921,9.805836547046608,9
4000927,9.89622838369974,6
4000940,9.708643031645575,13
4000943,9.957977701572231,3
4000944,9.988237450903853,1
4000954,9.789549208677315,10
4000962,9.834390090273779,8
4000973,9.781195137202463,11
4000982,9.807625726009483,9
4000990,9.852998615888872,8
4001001,9.770287198197966,11
4001009,9.874025420671758,8
4001019,9.684388744779337,10
4001031,9.761077564111519,12
4001041,9.76867362021159,10
4001329,4.8735861073179665,288
4001338,9.854187897300186,9
4001350,9.741505607956201,12
4001360,9.593389654357471,10
4001368,9.86620358615073,8
4001374,9.888163249261748,6
4001380,9.875249715225658,6
4001391,9.755012557050902,11
4001397,9.899524232988627,6
4001408,9.755211500560941,11
4001419,9.741701118107988,11
4001429,9.796788011759267,10
4001430,10.0,1
4001441,9.795681607457759,11
4001447,9.795475574923818,6
4001453,9.882627590914588,6
4001466,9.694568987902398,13
4001479,9.740435168029677,13
4001480,9.989401886653217,1
4001487,9.869126886014234,7
4001511,9.528731871299952,24
4001523,9.733169084390543,12
4001524,10.0,1
4001534,9.780962651773676,10
4001542,9.855383383051068,8
4001552,9.835753044705895,10
4001560,9.853861806182106,8
4001571,9.78314188857725,11
4001579,9.826221234805802,8
4001580,10.0,1
4001591,9.751958429543023,11
4001597,9.88433363263598,6
4001608,9.790908686846683,11
4001609,10.0,1
4001613,9.93867267326289,4
4001623,9.829908444392448,10
4001624,10.0,1
4001628,9.944071070557868,4
4001639,9.759431897488025,11
4001645,9.90949219834763,6
4001657,9.537985821432244,12
4001666,9.817491513941727,9
4001678,9.777469432292744,12
4001687,9.80038670788874,9
4001699,9.760951720092699,12
4001711,9.73666790266695,12
4001714,9.952644779801215,3
4001720,9.892611872878534,6
4001728,9.848508421805972,8
4001742,9.700489555012297,14
4001743,9.99644099333015,1
4001746,9.958207672944114,3
4001747,10.0,1
4001762,9.576554278231551,15
4001773,9.788966983014678,11
4001784,9.766932725687031,11
4001792,9.832668964086855,8
4001804,9.668531996468797,12
4001816,9.798311790907075,12
4001824,9.852851114669269,8
4001837,9.723078575504365,13
4001847,9.797439275023397,10
4001859,9.71060458149218,12
4001866,9.90071639131867,7
4001870,9.942132343159678,4
4001879,9.843790874488429,9
4001893,9.691654607051975,14
4001894,10.0,1
4001897,9.963959741947992,3
4001898,10.0,1
4001903,9.90946172688244,5
4001912,9.808825373209258,9
4001919,9.863789687068536,7
4001931,9.732116252245797,12
4001941,9.782465672426012,10
4001950,9.809625021412256,9
4001955,9.920404795783273,5
4001961,9.893442081395586,6
4001972,9.80711182959134,11
4001976,9.94438113333799,4
4001979,9.965677384075645,3
4001995,9.45501469447024,16
4002008,9.616075653349165,13
4002013,9.926103283177483,5
4002017,9.919558388424619,4
4002024,9.850148807702062,7
4002027,9.960463251601137,3
4002037,9.774402526084788,10
4002050,9.589570180974098,13
4002056,9.893688988835533,6
4002069,9.209400337623821,13
4002082,9.50246332031222,13
4002092,9.806560989237166,10
4002103,9.752966995421557,11
4002104,10.0,1
4002114,9.804263207658636,10
4002120,9.883865869217923,6
4002125,9.930860955912165,5
4002132,9.867934483575588,7
4002144,9.747143081455896,12
4002145,10.0,1
4002158,9.758379320215873,13
4002166,9.827118407937949,8
4002173,9.866120943353886,7
4002179,9.88826290904815,6
4002180,10.0,1
4002181,10.0,1
4002190,9.811140684875843,9
4002203,9.725192048481086,13
4002204,9.989397867107316,1
4002209,9.918884527527734,5
4002215,9.783404509586221,6
4002222,9.876935641174446,7
4002240,8.950866520646082,18
4002241,10.0,1
4002249,9.841615524305302,8
4002250,10.0,1
4002255,9.938997786430384,5
4002270,9.659196526553963,15
4002279,9.801650280883171,9
4002282,9.950939299378199,3
4002292,9.793678630530025,10
4002297,9.897392012597699,5
4002298,10.0,1
4002299,10.0,1
4002306,9.89359893711751,7
4002316,9.80719304727489,10
4002320,9.944138589875129,4
4002332,9.740694737189568,12
4002343,9.780624205861184,11
4002350,9.859728501467586,7
4002362,9.725464072058916,12
4002368,9.890372252036856,6
4002379,9.788254087732328,11
4002384,9.911254738654502,5
4002390,9.893471751620588,6
4002395,9.900408430062061,5
4002396,10.0,1
4002407,9.754399768329195,11
4002416,9.626177572892,9
4002426,9.802200638515071,10
4002438,9.72381268941059,12
4002449,9.777213317498724,11
4002453,9.922947724492394,4
4002463,9.782318915017603,10
4002464,10.0,1
4002474,9.800836301039265,10
4002485,9.777899212355699,11
4002496,9.769635842935728,11
4002501,9.935666131161575,5
4002512,9.772495940876816,11
4002523,9.741475597107323,11
4002527,9.95271073510493,4
4002530,9.950548410905762,3
4002541,9.760013583912773,11
4002546,9.911882015572594,5
4002564,9.552972614235776,18
4002572,9.841735032902285,8
4002573,10.0,1
4002581,9.852633633867153,8
4002591,9.795070879801576,10
4002599,9.82693360890295,8
4002605,9.890870311297258,6
4002614,9.823263300487595,9
4002623,9.814388380622521,9
4002638,9.674946661015184,15
4002651,9.73110971672541,13
4002663,9.727912610082036,12
4002675,9.716617621641216,12
4002676,10.0,1
4002682,9.894446090952044,6
4002689,9.874213737269134,7
4002694,9.923440871107847,5
4002700,9.884792526715191,6
4002711,9.765289459848068,11
4002723,9.740178131883866,12
4002737,9.680996081855003,14
4002747,9.783997668148341,10
4002751,9.948839208291982,4
4002762,9.790333458347535,11
4002771,9.836867471612184,9
4002780,9.828772486170225,9
4002787,9.882416160464354,7
4002798,9.783033825788186,11
4002799,9.9878920690244,1
4002814,9.686305402694122,15
4002825,9.76733007379006,11
4002828,9.960323066364156,3
4002841,9.695445281257546,13
4002855,9.683534099557308,14
4002859,9.930841200025021,4
4002866,9.883299817184101,7
4002874,9.873528313011535,8
4002883,9.85593519229296,9
4002884,10.0,1
4002900,9.619691068749347,16
4002909,9.799604073162358,9
4002912,9.955871724150304,3
4002926,9.674530065123445,14
4002935,9.80612185107851,9
4002948,9.718856949790348,13
4002960,9.762876035090182,12
4002966,9.87241741343365,6
4002978,9.763987038217728,12
4002990,9.719074351649436,12
4002992,9.974480790296939,2
4003004,9.80720080115319,12
4003006,9.975415684316678,2
4003015,9.80721396241785,9
4003016,10.0,1
4003027,9.744752615086373,11
4003040,9.710559610316935,13
4003041,10.0,1
4003049,9.846585751001799,8
4003054,9.906643132964994,5
4003055,9.987725187323692,1
4003058,9.969989466048663,3
4003068,9.806880069570065,10
4003074,9.884134129319113,6
4003082,9.850547195118864,8
4003093,9.78184375178618,11
4003102,9.80968328171085,9
4003110,9.829814059856792,8
4003120,9.805846563676365,10
4003127,9.8734979637357,7
4003136,9.811379900998832,9
4003138,9.973900156699298,2
4003142,9.935200506194837,4
4003154,9.764280925173068,12
4003170,9.64497320928286,16
4003171,10.0,1
4003172,10.0,1
4003184,9.738955331194413,12
4003192,9.833127329116193,8
4003200,9.852064850408158,8
4003209,9.796429436093796,9
4003220,9.810866437367041,11
4003230,9.784301748343365,10
4003237,9.869767031965218,7
4003242,9.90792995594362,5
4003252,9.765891542232168,10
4003266,9.686285398955896,14
4003279,9.716465440565601,13
4003285,9.897835485386747,6
4003297,9.764349852221299,12
4003308,9.76110153212353,11
4003316,9.857983072691546,8
4003329,9.740161661804773,13
4003349,9.580140412745523,20
4003362,9.706525633494804,13
4003374,9.733736677884082,12
4003375,10.0,1
4003381,9.904246672948178,6
4003391,9.81509768270857,10
4003399,9.858709225715444,8
4003408,9.811096500934335,9
4003411,9.947761974050069,3
4003415,9.926140507839998,4
4003420,9.921242158218844,5
4003429,9.804797933318417,9
4003443,9.71302930612102,14
4003446,9.96262507897195,3
4003457,9.732159740587683,11
4003465,9.862001208532,8
4003482,9.610558937745472,17
4003488,9.878407442156103,6
4003492,9.945452731538783,4
4003508,9.618608332943346,16
4004008,-197.3996600817085,500
4004010,9.98079189781467,2
4004012,9.98133521515786,2
4004026,9.588962056075943,14
4004027,10.0,1
4004032,9.914725514189874,5
4004036,9.927173826245857,4
4004041,9.912230358966024,5
4004049,9.826101541589647,8
4004052,9.951395463369309,3
4004058,9.91626792461263,6
4004064,9.8849280689347,6
4004072,9.842521630966331,8
4004079,9.865785453524424,7
4004095,9.642265716277189,16
4004105,9.786440552334085,10
4004108,9.960699061664101,3
4004121,9.696996504220255,13
4004125,9.953874838939463,4
4004136,9.788576954269992,11
4004150,9.701860988919815,14
4004155,9.932715389101842,5
4004164,9.833094787309465,9
4004174,9.774455341892494,10
4004176,9.977760731173479,2
4004178,9.978781420243687,2
4004184,9.890996231188085,6
4004200,9.643933991853531,16
4004203,9.962318002385059,3
4004211,9.825711233333017,8
4004217,9.88846166640638,6
4004229,9.737711908290285,12
4004238,9.837468403325541,9
4004246,9.835768728634514,8
4004253,9.871900642004224,7
4004264,9.803778918091671,11
4004270,9.900952866780955,6
4004271,10.0,1
4004272,10.0,1
4004281,9.830477130481773,9
4004286,9.912356053625171,5
4004300,9.681777683223642,14
4004310,9.790557045707978,10
4004321,9.783358070264109,11
4004331,9.804010948963525,10
4004343,9.754426386858604,12
4004350,9.871341112003766,7
4004358,9.860556194533757,8
4004368,9.782108212360521,10
4004377,9.700374429397266,9
4004385,9.635253610790418,8
4004401,9.60588794318867,16
4004404,9.954655198033219,3
4004411,9.884184647045052,7
4004434,9.410781202619802,23
4004440,9.89394976265612,6
4004454,9.697012076212411,14
4004463,9.82121796077504,9
4004476,9.733896498584203,13
4004480,9.95057940174144,4
4004495,9.692687320012775,15
4004506,9.772057647167404,11
4004509,9.957423624647674,3
4004521,9.747724962643547,12
4004524,9.950763924688378,3
4004539,9.669377612114491,15
4004550,9.54538761045338,11
4004556,9.881447015317299,6
4004559,9.95020477091721,3
4004565,9.894745702961504,6
4004569,9.946343857459594,4
4004580,9.768724330932747,11
4004598,9.594603619842669,18
4004608,9.768526483546221,10
4004624,9.591033441987069,16
4004627,9.946723812218083,3
4004647,8.633193768927136,20
4004650,9.952760848530149,3
4004664,9.713483086005773,14
4004665,10.0,1
4004670,9.900614560846325,5
4004681,9.782747923971403,11
4004688,9.885955190673586,7
4004700,9.747691171804618,12
4004711,9.76418755305774,11
4004722,9.75741903751226,11
4004734,9.716694264370751,12
4004739,9.90761362799189,5
4004740,10.0,1
4004751,9.78049388478474,11
4004757,9.87934086312685,6
4004773,9.653523157371662,16
4004783,9.800979879910573,10
4004790,9.868820870791758,7
4004791,10.0,1
4004797,9.883614437961308,6
4004806,9.737836040612862,9
4004822,9.652923384904236,16
4004829,9.883652884249633,7
4004839,9.820142191504178,10
4004844,9.920147402215289,5
4004853,9.815018075047602,9
4004860,9.870710936913516,7
4004864,9.953154002236461,4
4004869,9.91838473198736,5
4004874,9.91954627352614,5
4004881,9.894087803230967,7
4004884,9.967385294342389,3
4004897,9.729483738812439,13
4004911,9.67602046531094,14
4004926,9.635376470848234,15
4004927,10.0,1
4004933,9.914193718547722,6
4004938,9.931002357974998,5
4004940,9.97857109669404,2
4004947,9.874043928565632,7
4004961,9.726596371919921,14
4004970,9.829692960987243,9
4004985,9.622108986555164,15
4004998,9.706348532783393,13
4005015,9.604399938666937,17
4005016,10.0,1
4005021,9.909354540277207,5
4005030,9.804676648583422,9
4005043,9.716250362445331,13
4005059,9.642455028761505,16
4005073,9.696355897929758,14
4005074,10.0,1
4005078,9.943575945951695,4
4005083,9.932889559923451,5
4005096,9.719944480282017,13
4005099,9.966676567906473,3
4005114,9.661991573796133,15
4005129,9.647181440129179,15
4005137,9.844534984582278,8
4005148,9.750428192355407,11
4005149,10.0,1
4005159,9.790432382758524,10
4005172,9.704956989925886,13
4005181,9.814232156610815,9
4005197,9.630614988005739,16
4005202,9.90897826771482,5
4005210,9.849476502517975,8
4005219,9.849982901313057,9
4005231,9.75928865218744,12
4005238,9.883087840722983,7
4005246,9.861906700622995,8
4005256,9.775336746877624,10
4005257,10.0,1
4005267,9.805966795518012,10
4005276,9.834695953806651,9
4005281,9.927028286110454,5
4005289,9.86518725746047,8
4005304,9.639376193105484,15
4005310,9.912040879568936,6
4005320,9.77542140794569,10
4005330,9.772516081339292,10
4005341,9.769412428146303,11
4005351,9.80024429225688,10
4005361,9.806770987269372,10
4005362,10.0,1
4005372,9.79213479174816,10
4005388,9.661801253183693,16
4005399,9.78184110362686,11
4005406,9.87438408842327,7
4005407,10.0,1
4005418,9.78969321087206,11
4005419,10.0,1
4005423,9.93747062038931,4
4005432,9.830080950903367,9
4005440,9.865269029734124,8
4005455,9.660194300023068,15
4005460,9.900410119743778,5
4005465,9.923954959072608,5
4005471,9.883626870636977,6
4005482,9.783815786797764,11
4005503,9.41596480094602,21
4005510,9.88592359929571,7
4005518,9.846052678456447,8
4005522,9.936596629923288,4
4005532,9.804679415207525,10
4005547,9.768831453962395,15
4005560,9.730738794481775,13
4005581,9.531963342876043,21
4005590,9.82149909049577,9
4005594,9.93937437758999,4
4005605,9.760473941883873,11
4005606,10.0,1
4005613,9.879654153632899,7
4005621,9.830206175819107,8
4005622,10.0,1
4005633,9.76201232647553,11
4005640,9.863707021658408,7
4005641,10.0,1
4005642,10.0,1
4005648,9.902345909587718,6
4005656,9.830294125782071,8
4005663,9.869351534139115,7
4005666,9.9574435639717,3
4005669,9.946665198973925,3
4005678,9.828222046572645,9
4005682,9.932108232293256,4
4005694,9.766071072442248,12
4005700,9.891686644988857,6
4005717,9.58776019392342,17
4005720,9.948579908340408,3
4005721,10.0,1
4005726,9.907238947197584,5
4005732,9.894942426937341,6
4005739,9.851947713506648,7
4005747,9.826552649251278,8
4005757,9.783682203188613,10
4005758,9.992758934328906,1
4005764,9.876507113177965,6
4005770,9.883584091019227,6
4005775,9.917981884645599,5
4005788,9.717767133313112,13
4005789,9.996009160071152,1
4005795,9.875418945104524,6
4005801,9.890310763565443,6
4005815,9.685299308632468,14
4005823,9.812457319659599,8
4005833,9.794810014421817,10
4005837,9.937215295199177,4
4005844,9.881014658602359,7
4005849,9.907123543717287,5
4005859,9.806935148142273,10
4005870,9.788459452225652,11
4005880,9.800418607585177,10
4005890,9.598795081052359,10
4005901,9.753798961214457,11
4005905,9.934225338950641,4
4005920,9.653770287133199,15
4005925,9.913022459745315,5
4005936,9.764462818946997,11
4005937,9.992574884159,1
4005942,9.923734902042671,5
4005946,9.940061363844698,4
4005955,9.846255081006165,9
4005960,9.918795426660564,5
4005966,9.899186635482915,6
4005972,9.895130837040918,6
4005978,9.88217737367493,6
4005986,9.857142920815477,8
4005995,9.80515105447823,9
4006016,9.271982580450967,21
4006030,9.692193298730173,14
4006043,9.703549444995968,13
4006051,9.86530211160274,8
4006057,9.88923570717864,6
4006060,9.962899509459383,3
4006064,9.938388155445002,4
4006070,9.90498945631396,6
4006080,9.793223170495104,10
4006084,9.947987576876223,4
4006093,9.826465686134071,9
4006098,9.90389022094582,5
4006107,9.820736347555172,9
4006117,9.786908925808214,10
4006123,9.922822382533543,6
4006124,10.0,1
4006137,9.769995722084698,13
4006143,9.891195972052254,6
4006144,10.0,1
4006156,9.721600503928979,12
4006162,9.891397047642773,6
4006171,9.82054163909853,9
4006174,9.947424026137528,3
4006183,9.813339716814186,9
4006192,9.719192498298163,9
4006196,9.94432070937371,4
4006208,9.737446836271811,12
4006219,9.761194590656277,11
4006224,9.920916587562662,5
4006228,9.930120564816303,4
4006243,9.657952184416038,15
4006253,9.782963313135937,10
4006260,9.863632951080676,7
4006261,10.0,1
4006262,10.0,1
4006267,9.907652947717251,5
4006268,10.0,1
4006278,9.77282876193094,10
4006293,9.639943718504867,15
4006307,9.681920254912296,14
4006309,9.974523231680802,2
4006315,9.897053598782579,6
4006327,9.770035384910878,12
4006333,9.903840386989879,6
4006345,9.759106384118077,12
4006349,9.941048745304427,4
4006363,9.65722430481599,14
4006367,9.939214848252194,4
4006371,9.934762310109639,4
4006378,9.883392816449371,7
4006382,9.947365182859206,4
4006393,9.766233715937457,11
4006398,9.926525483604616,5
4006399,9.993102658531663,1
4006403,9.94557034879914,4
4006404,10.0,1
4006405,10.0,1
4006406,10.0,1
4006409,9.953377768552452,3
4006416,9.861252155321148,7
4006421,9.923174013590236,5
4006433,9.789449066824405,12
4006434,10.0,1
4006435,10.0,1
4006441,9.898165596519846,6
4006447,9.892307623017263,6
4006454,9.868800074165314,7
4006468,9.689778954321572,14
4006480,9.781872320322867,12
4006488,9.841074717618358,8
4006503,9.621715982614763,15
4006517,9.763666259542335,14
4006527,9.760393858724868,10
4006535,9.816561249108375,8
4006550,9.666317266387088,15
4006558,9.862016015523551,8
4006563,9.914208714577386,5
4006570,9.861378801855999,7
4006574,9.949499757819328,4
4006581,9.883025004154879,7
4006590,9.793117932006899,9
4006595,9.917769103817129,5
4006596,10.0,1
4006606,9.80233259359137,10
4006617,9.747789272465825,11
4006623,9.690181956900693,6
4006633,9.79748089381641,10
4006650,9.672149377110129,17
4006661,9.768287010918492,11
4006664,9.955294159219232,3
4006674,9.818836327823158,10
4006680,9.895351957150002,6
4006696,9.629427689765256,16
4006708,9.713074313217495,12
4006716,9.643753338642432,8
4006719,9.95343596363174,3
4006724,9.913264211064797,5
4006725,10.0,1
4006731,9.901360930175644,6
4006734,9.950119094922032,3
4006737,9.96115868672844,3
4006749,9.737521813759717,12
4006754,9.909104459057914,5
4006755,10.0,1
4006763,9.854224329592855,8
4006773,9.816120593278841,10
4006780,9.875528177160492,7
4006781,10.0,1
4006787,9.897469147833212,6
4006802,9.630232326534681,15
4006805,9.949470222076604,3
4006813,9.847425294079507,8
4006819,9.884300665016992,6
4006820,10.0,1
4006821,10.0,1
4006837,9.672133794431168,16
4006848,9.652225014827494,11
4006863,9.617545439735173,15
4006871,9.841997957972536,8
4006880,9.834266759961892,9
4006890,9.802854983687878,10
4006891,10.0,1
4006901,9.766268342652198,10
4006905,9.943819802832317,4
4006917,9.745166776521119,12
4006927,9.824250392413791,10
4006931,9.93514472377458,4
4006935,9.945204156494606,4
4006944,9.827706525304137,9
4006955,9.744305740856316,11
4006967,9.768208713053312,12
4006968,10.0,1
4006983,9.66764533205054,15
4006993,9.47208514146347,10
4006998,9.909999988173924,5
4007007,9.09684582415397,9
4007018,9.757766944071761,11
4007031,9.513710339318079,13
4007036,9.919462612974815,5
4007050,9.691783283879516,14
4007054,9.943775351875995,4
4007063,9.811410090680974,9
4007072,9.815091685027484,9
4007085,9.687694293985684,13
4007094,9.810313062136133,9
4007100,9.899239908157373,6
4007105,9.913158767366975,5
4007112,9.878071816513382,7
4007117,9.922674039061938,5
4007124,9.867339008367882,7
4007132,9.868009828028702,8
4007136,9.949935255827628,4
4007144,9.636809988743426,8
4007150,9.89217158399764,6
4007153,9.96839198607353,3
4007154,9.989468708984107,1
4007162,9.83753910680764,8
4007170,9.845667592351093,8
4007171,10.0,1
4007182,9.75550881517146,11
4007202,9.640739328851012,20
4007203,10.0,1
4007212,9.789056384912758,9
4007217,9.91487190964321,5
4007218,10.0,1
4007222,9.93569886493999,4
4007234,9.747907440676011,12
4007244,9.780313301855006,10
4007248,9.92919788162951,4
4007257,9.832475028738425,9
4007272,9.681865844753235,15
4007277,9.902369585096496,5
4007278,10.0,1
4007279,10.0,1
4007280,9.992869935811395,1
4007284,9.9330751000631,4
4007295,9.737913536092387,11
4007305,9.820714280058823,10
4007311,9.880936427273943,6
4007325,9.570573667212138,14
4007334,9.805041824276893,9
4007338,9.838311464377641,4
4007348,9.794454520061715,10
4007358,9.809502632529071,10
4007366,9.824992896307682,8
4007377,9.768777104883345,11
4007379,9.982319827303513,2
4007391,9.72601902568185,12
4007398,9.852988701353446,7
4007409,9.783612232452619,11
4007416,9.87948003466418,7
4007427,9.771154459422371,11
4007434,9.891874875355283,7
4007444,9.789935613180653,10
4007463,9.227134834636187,19
4007467,9.947694116634485,4
4007479,9.795824969165336,12
4007490,9.751088156311727,11
4007496,9.899731508105488,6
4007506,9.780006542705111,10
4007510,9.946210186230456,4
4007519,9.814816866447519,9
4007534,9.441110555820853,15
4007535,10.0,1
4007542,9.8616845791998,7
4007545,9.950778556527458,3
4007556,9.76780708509768,11
4007567,9.771429410534994,11
4007584,9.667600205323852,17
4007590,9.892506188655176,6
4007598,9.858749479708132,8
4007608,9.789618749340633,10
4007620,9.734199579696043,12
4007636,9.620939688750493,16
4007645,9.867501638958329,9
4007653,9.843851340646774,8
4007661,9.740296624495908,8
4007672,9.794977298612176,11
4007673,10.0,1
4007681,9.838281254450134,8
4007691,9.789349351245301,10
4007692,9.996167825782223,1
4007706,9.661578102361261,14
4007719,9.73029781780315,13
4007729,9.790954316903282,10
4007742,9.740839640459635,13
4007745,9.953964148443864,3
4007751,9.89310420349024,6
4007766,9.675215802170005,15
4007771,9.921198907457361,5
4007779,9.824612695148051,8
4007783,9.934850860158981,4
4007789,9.920411556464458,6
4007801,9.793842120177478,12
4007813,9.7450961948842,12
4007822,9.446721636881009,9
4007832,9.787578512725814,10
4007839,9.862530889066935,7
4007854,9.659411077026657,15
4007863,9.829821505065162,9
4007864,10.0,1
4007875,9.7811925076715,11
4007880,9.917464347538857,5
4007888,9.848913279029716,8
4007894,9.901730494829046,6
4007899,9.908356146593372,5
4007911,9.749631562369133,12
4007916,9.917579915934992,5
4007922,9.90397014325881,6
4007928,9.786148481174422,6
4007944,9.663711954950275,16
4007957,9.722835932854114,13
4007967,9.793815338158245,10
4007973,9.900745976632946,6
4007981,9.83278821124087,8
4007991,9.795520716580771,10
4007999,9.828513940598295,8
4008000,10.0,1
4008004,9.945602443998233,4
4008013,9.783230092617618,9
4008017,9.932374306823103,4
4008025,9.842191605864018,8
4008033,9.85621823050526,8
4008043,9.810939029040325,10
4008055,9.743646721697925,12
4008065,9.773578740164098,10
4008075,9.812780258504858,10
4008076,10.0,1
4008084,9.843588060282988,8
4008095,9.755886057200875,11
4008107,9.753458773703294,12
4008112,9.933251932359864,5
4008119,9.850734122584708,7
4008126,9.893971946392918,7
4008130,9.946748304538113,4
4008140,9.783200782399797,10
4008151,9.791281360084371,11
4008163,9.731061595416747,12
4008174,9.76037265257393,11
4008186,9.733593388735494,12
4008195,9.808514505470171,9
4008196,9.996533530739528,1
4008211,9.646035160596616,15
4008225,9.694830755313339,14
4008229,9.951359270191913,4
4008238,9.783111769286979,9
4008243,9.926852092446321,5
4008247,9.92967224862203,4
4008251,9.9463964146456,4
4008261,9.78562587884368,10
4008266,9.924741797497092,5
4008278,9.749471894362301,12
4008286,9.865263360409863,8
4008291,9.913238411168852,5
4008296,9.923688914696527,5
4008308,9.737157936771174,12
4008320,9.763425437522882,12
4008324,9.94037188275499,4
4008340,9.52187333953718,16
4008348,9.858654341993255,8
4008358,9.827026102738877,10
4008368,9.797021556507445,10
4008372,9.942955509566103,4
4008378,9.891314648124828,6
4008381,9.966563677831523,3
4008382,10.0,1
4008395,9.716889566136615,13
4008407,9.750715575017294,12
4008416,9.83439431245846,9
4008424,9.850929760855891,8
4008436,9.740299280756837,12
4008438,9.969142519673658,2
4008448,9.501257596224937,10
4008459,9.773596150793487,11
4008460,10.0,1
4008461,10.0,1
4008476,9.658434098814977,15
4008488,9.724045755540716,12
4008497,9.809310157399489,9
4008510,9.726288198058398,13
4008527,9.620087964586403,17
4008532,9.92300336161397,5
4008541,9.824447523987626,9
4008553,9.747565220842505,12
4008562,9.827192081358696,9
4008571,9.789829947214232,9
4008573,9.969462513705555,2
4008574,10.0,1
4008583,9.818601929594436,9
4008597,9.70275269267728,14
4008624,6.316857937447198,27
4008638,9.663646536569331,14
4008644,9.913262131552603,6
4008656,9.741395061472222,12
4008661,9.916220308320774,5
4008671,9.794409510779223,10
4008686,9.659530687175625,15
4008688,9.980471502922313,2
4008705,9.638489328669483,17
4008708,9.964213308070448,3
4008720,9.767468915513733,12
4008726,9.883160862413815,6
4008731,9.921222514092237,5
4008747,9.67790856179764,16
4008750,9.966561821174452,3
4008760,9.819907165978154,10
4008766,9.882863746815422,6
4008775,9.815646574401677,9
4008776,9.992892447728996,1
4008789,9.723777997028884,13
4008794,9.917767606975934,5
4008799,9.912844150640295,5
4008869,8.590205369818118,70
4008880,9.78660186279763,11
4008882,9.97011406865652,2
4008891,9.811314612637478,9
4008901,9.786400165750157,10
4008908,9.881821642318855,7
4008909,10.0,1
4008919,9.811001653229408,10
4008923,9.946543305314549,4
4008933,9.780555786252068,10
4008945,9.726366413339143,12
4008949,9.94687555835626,4
4008958,9.810154502906778,9
4008965,9.859387741265115,7
4008968,9.963517920826902,3
4009025,8.752632849065966,57
4009029,9.932564312894595,4
4009038,9.811393187930571,9
4009052,9.69518489521683,14
4009072,9.56847067501732,20
4009077,9.938239757486315,5
4009091,9.65937453776546,14
4009093,9.982505027186495,2
4009094,10.0,1
4009101,9.883870499477965,7
4009107,9.901218526993743,6
4009117,9.78524664997289,10
4009118,10.0,1
4009129,9.759139257452238,11
4009141,9.732400511068539,12
4009142,9.991986058818265,1
4009150,9.838826621584685,8
4009164,9.690103646924761,14
4009173,9.817012588749272,9
4009184,9.772671322049021,11
4009185,10.0,1
4009194,9.825664545620091,9
4009198,9.936973099836385,4
4009200,9.9746650461103,2
4009215,9.65735680184187,15
4009238,9.27443571912797,23
4009247,9.804461980906257,9
4009261,9.673633486978682,14
4009279,9.608814333946354,18
4009286,9.847070575856678,7
4009299,9.705756958040348,13
4009305,9.881062401651857,6
4009318,9.703605251922736,13
4009339,9.567132639713405,21
4009343,9.927238912216454,4
4009351,9.840639233661966,8
4009359,9.831752696747696,8
4009369,9.8001420303438,10
4009393,7.8402491170430455,24
4009407,9.7069532790062,14
4009412,9.921160592703886,5
4009417,9.899505218648171,5
4009421,9.947366727246791,4
4009429,9.848347694465971,8
4009433,9.941989001799449,4
4009442,9.810326096484339,9
4009457,9.609108394358811,15
4009467,9.76524114555276,10
4009478,9.761123031064944,11
4009487,9.812470987740495,9
4009490,9.968191895559876,3
4009503,9.714045111137871,13
4009511,9.852180621671152,8
4009523,9.712788358503873,12
4009540,9.666408827599774,17
4009552,9.71022038626143,12
4009570,9.554351426439025,18
4009578,9.839930885313162,8
4009588,9.782233114887541,10
4009593,9.90857212921896,5
4009600,9.867677862109854,7
4009619,9.566535260916424,19
4009628,9.822459373180733,9
4009639,9.77946260564043,11
4009646,9.85034358589211,7
4009660,9.690410474489466,14
4009674,9.697963002135607,14
4009693,9.644624649698882,19
4009709,9.659139778532179,16
4009720,9.783728694525989,11
4009729,9.84497405732189,9
4009739,9.770455941019774,10
4009744,9.93451970882508,5
4009755,9.797251603162989,11
4009756,10.0,1
4009761,9.922061922846181,5
4009772,9.779191173471496,11
4009773,10.0,1
4009781,9.838759006172253,8
4009789,9.869002756149941,8
4009798,9.819540027783944,9
4009809,9.763160342053792,11
4009820,9.78373826335125,11
4009832,9.733981362504382,12
4009840,9.880644666677776,8
4009859,9.632984143636921,19
4009873,9.663640014190271,14
4009879,9.88788432851709,6
4009890,9.807721509514396,11
4009896,9.909610642464779,6
4009908,9.709365316935175,12
4009909,10.0,1
4009927,9.68588995740267,18
4009931,9.942017529531066,4
4009940,9.831007885613321,9
4009956,9.632915726185436,16
4009968,9.73628105231636,12
4009977,9.832593480996863,9
4009982,9.908126383216366,5
4009983,10.0,1
4009991,9.836461308194494,8
4009997,9.883091708341775,6
4010008,9.76245806196545,11
4010014,9.890841177218238,6
4010024,9.798396526393644,10
4010029,9.918556852579373,5
4010034,9.909717084058846,5
4010047,9.694875632328984,13
4010057,9.790158716575464,10
4010060,9.972996697153498,3
4010071,9.780444156697842,11
4010083,9.750412087536855,12
4010089,9.885997971764152,6
4010103,9.681276501612585,14
4010112,9.830663390482751,9
4010129,9.627360745761479,17
4010144,9.649230224499796,15
4010157,9.6927612147364,13
4010164,9.883674965709519,7
4010171,9.874976244269716,7
4010182,9.7617842453699,11
4010185,9.959148708140313,3
4010199,9.7203996649325,14
4010205,9.91044733125308,6
4010213,9.851048970693872,8
4010228,9.696305440457891,15
4010236,9.841589492826799,8
4010248,9.708736070076377,12
4010255,9.85650727255852,7
4010256,10.0,1
4010261,9.907869849427847,5
4010271,9.831207097462686,10
4010272,10.0,1
4010279,9.852999550215909,7
4010292,9.69812610890228,13
4010300,9.836428814627954,8
4010304,9.922479086675388,4
4010313,9.81990929898494,9
4010321,9.841413644654265,8
4010332,9.802927879970474,11
4010347,9.670750978915535,15
4010356,9.826276064842865,9
4010365,9.798352567232591,9
4010380,9.573456768915644,15
4010385,9.911874059899052,5
4010386,10.0,1
4010387,10.0,1
4010391,9.94138610048745,4
4010392,9.992358831657572,1
4010397,9.923978594499399,5
4010406,9.80818642006279,9
4010410,9.933401437038222,4
4010411,10.0,1
4010412,10.0,1
4010421,9.804893642234655,9
4010428,9.878806348022708,7
4010431,9.959405498985797,3
4010443,9.754346443537383,12
4010445,9.981694068180936,2
4010450,9.926156646729865,5
4010454,9.929071652042353,4
4010469,9.656158260843116,15
4010470,10.0,1
4010471,10.0,1
4010484,9.698231005686774,13
4010485,10.0,1
4010498,9.691540701875372,13
4010512,9.679028157948535,14
4010525,9.766122388839236,13
4010526,10.0,1
4010529,9.945795624496622,3
4010534,9.932662056310955,5
4010540,9.898715797912665,6
4010561,9.698716632932896,21
4010562,10.0,1
4010578,9.633585981309311,16
4010580,9.981464716838609,2
4010588,9.832690207545534,8
4010589,10.0,1
4010590,10.0,1
4010601,9.762341088349768,11
4010609,9.814282306748064,8
4010614,9.913357771509329,5
4010617,9.96337271805402,3
4010634,9.63647106058725,17
4010635,10.0,1
4010636,10.0,1
4010637,10.0,1
4010645,9.853029903203351,8
4010659,9.6666690442056,14
4010666,9.863231104207731,7
4010671,9.908950400995993,5
4010688,9.661861774719902,17
4010691,9.963809177869384,3
4010692,9.98836578258707,1
4010705,9.654439110393447,13
4010708,9.952275597289354,3
4010710,9.976475447688763,2
4010717,9.874142342921578,7
4010727,9.803472262247626,10
4010739,9.74897981895078,12
4010743,9.937835062245078,4
4010749,9.894783040749793,6
4010756,9.878620929186717,7
4010768,9.762818284802394,12
4010781,9.70687696619576,13
4010792,9.76417742336714,11
4010793,10.0,1
4010802,9.823024544735711,9
4010805,9.959533874661927,3
4010811,9.876192986833768,6
4010813,9.975184300761015,2
4010823,9.78630706064065,10
4010828,9.915671514141533,5
4010829,10.0,1
4010836,9.85624170869696,7
4010842,9.90155668285159,6
4010851,9.805628107564628,9
4010855,9.928956654701203,4
4010862,9.86429292384574,7
4010874,9.746206882881799,12
4010876,9.975778653301024,2
4010884,9.850713882418038,8
4010887,9.952594254578576,3
4010891,9.941643891587152,4
4010892,10.0,1
4010899,9.880473913235647,7
4010910,9.774944760719519,11
4010912,9.979742977075597,2
4010923,9.784544082113861,11
4010937,9.68837803100445,14
4010944,9.870985779347935,7
4010946,9.984838555859952,2
4010949,9.947731684252215,3
4010962,9.760331107070773,13
4010972,9.801820980699757,10
4010973,10.0,1
4010982,9.812907783538934,9
4010990,9.838053858344924,8
4010998,9.855690339609525,8
4010999,10.0,1
4011007,9.832687603751639,8
4011015,9.84809251056086,8
4011021,9.882725743048471,6
4011027,9.889668288804943,6
4011037,9.776902489236791,10
4011050,9.74445310946694,13
4011063,9.696830137424312,13
4011066,9.961818053708727,3
4011072,9.889864379928051,6
4011085,9.717813650984667,13
4011089,9.948964747135543,4
4011090,10.0,1
4011093,9.964932240803417,3
4011105,9.761451765973602,12
4011111,9.891996773259905,6
4011120,9.795808129673128,9
4011129,9.820866722684594,9
4011140,9.747692836181386,11
4011147,9.797072178079915,7
4011156,9.830571886113514,9
4011160,9.947578455461153,4
4011169,9.799076966992448,9
4011175,9.909741816230774,6
4011186,9.744774611681356,11
4011200,9.677740117013279,14
4011208,9.841614097519193,8
4011220,9.7340901179222,12
4011235,9.666649970269008,15
4011240,9.926042931618825,5
4011252,9.729341822021752,12
4011255,9.958618583756309,3
4011266,9.792063174364392,11
4011280,9.694541677381402,14
4011286,9.89717723262582,6
4011298,9.745506786390644,12
4011308,9.597344971690456,10
4011320,9.732845944709913,12
4011330,9.793830002577474,10
4011338,9.837994442051883,8
4011349,9.760782360066818,11
4011353,9.935701738900521,4
4011354,10.0,1
4011361,9.871251956432781,7
4011366,9.910034543559867,5
4011368,9.982404589173324,2
4011373,9.93709835660882,5
4011392,9.576878234565784,19
4011397,9.930009760723497,5
4011402,9.935993154385447,5
4011415,9.707237816652613,13
4011424,9.805375014765456,9
4011435,9.748466425504999,11
4011446,9.752539183106345,11
4011447,10.0,1
4011452,9.92009781008402,5
4011459,9.869174489565713,7
4011471,9.72549530126829,12
4011478,9.859205462430987,7
4011483,9.917248549568797,5
4011498,9.66524630185363,15
4011499,10.0,1
4011505,9.894365570832212,6
4011508,9.954715588908083,3
4011518,9.789452614195788,10
4011519,10.0,1
4011528,9.80450614597107,9
4011534,9.892007305546224,6
4011548,9.689442147905213,14
4011554,9.892609586983866,6
4011563,9.789312335840807,9
4011580,9.657787095730297,17
4011583,9.952448456980164,3
4011588,9.92162953653948,5
4011603,9.753257057596802,15
4011617,9.62318402391016,14
4011629,9.751974114576777,12
4011630,10.0,1
4011632,9.976697885162332,2
4011636,9.925509452956016,4
4011650,9.679764393368737,14
4011656,9.898039745091948,6
4011658,9.98459954548528,2
4011659,10.0,1
4011661,9.973692361730354,2
4011673,9.746269435966623,12
4011685,9.760391298773435,12
4011693,9.848223781909846,8
4011694,9.99205112712823,1
4011701,9.862320928596212,7
4011705,9.945642114104174,4
4011715,9.686317446517085,10
4011724,9.813753357022154,9
4011730,9.889953478621397,6
4011734,9.937353825172417,4
4011753,7.462982606911895,19
4011754,10.0,1
4011755,10.0,1
4011769,9.678670418445112,14
4011773,9.951349951019532,4
4011779,9.882722217929443,6
4011790,9.77016633209882,11
4011795,9.913769597064993,5
4011811,9.659163894875318,16
4011825,9.686101579859573,14
4011827,9.983167936467758,2
4011829,9.969314362592526,2
4011840,9.778298738371229,11
4011847,9.860520319730236,7
4011850,9.959986441366642,3
4011858,9.841928140510115,8
4011866,9.82028795609605,8
4011888,9.482621492270752,22
4011901,9.732442432953231,13
4011902,10.0,1
4011911,9.811710499205489,9
4011919,9.859179491566776,8
4011928,9.818911313608803,9
4011940,9.770419909128131,12
4011950,9.795186787637535,10
4011958,9.83583935545651,8
4011962,9.948466040483543,4
4011973,9.772292979159275,11
4011982,9.819214880045049,9
4011986,9.933396296950008,4
4012001,9.681681131230107,15
4012006,9.92585722806428,5
4012010,9.937933362792549,4
4012015,9.92237522411187,5
4012020,9.917761103152662,5
4012035,9.671286360213042,15
4012042,9.875751131867279,7
4012050,9.837304357829005,8
4012061,9.76586419264061,11
4012072,9.806707542186464,11
4012079,9.84182965589092,7
4012082,9.95233682759177,3
4012096,9.67313931651472,14
4012106,9.771377007247201,10
4012108,9.978331133146838,2
4012113,9.914647242607678,5
4012119,9.895364170808186,6
4012138,9.404160269463715,19
4012143,9.917280259961458,5
4012158,9.646243818169738,15
4012162,9.933620477475493,4
4012168,9.886504466406786,6
4012173,9.906557785245436,5
4012181,9.839087154029917,8
4012187,9.883847524882288,6
4012204,9.57330457642282,17
4012212,9.829036502661685,8
4012213,10.0,1
4012220,9.874011998447644,7
4012227,9.890124310672082,7
4012235,9.853273676469462,8
4012243,9.831438488876966,8
4012250,9.786863755210188,7
4012256,9.89617574596181,6
4012268,9.72592457426399,12
4012275,9.880256501511177,7
4012295,9.00462809806773,20
4012299,9.937165057677783,4
4012315,9.630152393927318,16
4012325,9.795067050646777,10
4012328,9.967358861089247,3
4012329,10.0,1
4012342,9.699763796754802,13
4012345,9.859739749280736,3
4012359,9.719949402182676,14
4012370,9.786402638092191,11
4012381,9.779563185351817,11
4012391,9.814223666243256,10
4012396,9.905997397412767,5
4012404,9.85957234267342,8
4012409,9.89630752089611,5
4012414,9.914245009935133,5
4012415,10.0,1
4012429,9.680475450119385,14
4012441,9.770342178249251,12
4012444,9.971733107904118,3
4012445,10.0,1
4012458,9.724080411395903,13
4012459,10.0,1
4012474,9.67294633699294,15
4012485,9.753736835529875,11
4012491,9.883475789962798,6
4012500,9.809784922206466,9
4012506,9.906786203691535,6
4012518,9.757629006832376,12
4012519,10.0,1
4012522,9.967527414310595,3
4012531,9.724917981951528,9
4012534,9.951791910871979,3
4012537,9.963158331649687,3
4012542,9.927192093941237,5
4012554,9.741119626975488,12
4012563,9.830624372515965,9
4012573,9.793324841790968,10
4012584,9.744510858962595,11
4012592,9.818823208432049,8
4012605,9.689656472877514,13
4012613,9.843717061820152,8
4012621,9.827012228564277,8
4012629,9.833072895951927,8
4012632,9.964403540091707,3
4012633,10.0,1
4012637,9.945252355622657,4
4012651,9.682766049952097,14
4012652,10.0,1
4012658,9.88193376911222,6
4012668,9.786328502416604,10
4012676,9.858549153446159,8
4012688,9.725428540504403,12
4012695,9.866755211335665,7
4012712,9.631424438305082,17
4012713,10.0,1
4012726,9.762839152724544,13
4012742,9.632279884423356,16
4012752,9.788650255553264,10
4012765,9.702801957803356,13
4012775,9.785816569133042,10
4012780,9.931064157895849,5
4012792,9.745913941478706,12
4012809,9.602957721550498,17
4012822,9.709465537745809,13
4012823,10.0,1
4012833,9.813227584427581,10
4012845,9.735714700398582,12
4012852,9.874627740451224,7
4012872,9.59540867119086,20
4012883,9.750442046103005,11
4012894,9.774142931781485,11
4012907,9.763284926899145,13
4012911,9.949345733439657,4
4012925,9.707271518698413,14
4012926,9.99232104467768,1
4012930,9.934331536151701,4
4012945,9.696723584206698,15
4012955,9.805385346148077,10
4012969,9.713988630308059,14
4012972,9.971273803605238,3
4012980,9.834094384992143,8
4012993,9.777994024527596,13
4012996,9.966229024748516,3
4013009,9.74279565413405,13
4013013,9.942392067517282,4
4013018,9.817276621736527,5
4013023,9.90595143588275,5
4013025,9.972776857083854,2
4013039,9.678358278037756,14
4013049,9.778591404479743,10
4013057,9.84483756559837,8
4013060,9.959809820790454,3
4013065,9.93042658228075,5
4013071,9.899897144020795,6
4013076,9.933268629594362,5
4013086,9.785933621942968,10
4013095,9.842921711472531,9
4013102,9.888868296764464,7
4013115,9.714045930646337,13
4013118,9.965739397738256,3
4013119,10.0,1
4013125,9.888279508971856,6
4013137,9.70253793049917,12
4013149,9.726722771234801,12
4013153,9.932282414600191,4
4013166,9.730003302408479,13
4013177,9.773375458198593,11
4013185,9.83716309120541,8
4013192,9.875787734450078,7
4013201,9.839597546761041,9
4013210,9.820229984963092,9
4013220,9.83705485640624,10
4013230,9.802908621813517,10
4013236,9.898947612475101,6
4013241,9.897516203617943,5
4013242,10.0,1
4013243,10.0,1
4013255,9.725835531941195,12
4013264,9.826298365511695,9
4013273,9.794943106175415,9
4013284,9.760946664127529,11
4013298,9.690780804335187,14
4013315,9.630899617028826,17
4013330,9.66520804529837,15
4013344,9.705483072466244,14
4013351,9.871282960115659,7
4013357,9.88735305078751,6
4013368,9.772983099863513,11
4013377,9.812825497741777,9
4013384,9.897919100062515,7
4013389,9.927828959474079,5
4013390,10.0,1
4013393,9.963091209921382,3
4013422,9.266477106883515,29
4013434,9.740499803001693,12
4013449,9.662626586642086,15
4013456,9.892444242091853,7
4013466,9.803968312603416,10
4013475,9.825579492027739,9
4013476,10.0,1
4013477,10.0,1
4013491,9.74346364444726,14
4013495,9.951552671448315,4
4013503,9.826686905456798,8
4013513,9.792369542261493,10
4013522,9.819707019532194,9
4013529,9.880571096968527,7
4013538,9.802701428141235,9
4013555,9.655232912526243,17
4013564,9.824213167027185,9
4013574,9.794686446319702,10
4013575,10.0,1
4013585,9.803571783578988,10
4013586,10.0,1
4013600,9.678324752079853,14
4013611,9.743327744706388,11
4013620,9.842835738433292,9
4013629,9.838679139887692,9
4013630,10.0,1
4013639,9.80992968603228,9
4013649,9.791907847790252,10
4013653,9.935289230236435,4
4013661,9.842786317011191,8
4013662,10.0,1
4013676,9.670899484131976,14
4013687,9.74478134467846,11
4013696,9.826255271574981,9
4013709,9.689390445398818,13
4013721,9.735697636645185,12
4013730,9.807193109164341,9
4013736,9.88566040210055,6
4013746,9.774803497112131,10
4013749,9.953393425104126,3
4013755,9.90456494481755,6
4013760,9.896506299496675,5
4013768,9.837618330675301,8
4013769,10.0,1
4013775,9.885422070744752,6
4013780,9.917714609307929,5
4013797,9.594444555321175,17
4013811,9.72565612677111,14
4013818,9.866356191903794,7
4013824,9.910989445712223,6
4013827,9.961621278840752,3
4013841,9.591526926533867,14
4013842,9.99663932975283,1
4013851,9.819576337031277,9
4013858,9.885283105256,7
4013874,9.639551732872121,16
4013882,9.846024882657172,8
4013889,9.867520195269464,7
4013890,9.988784673382245,1
4013898,9.841949678497356,8
4013901,9.955248241952312,3
4013910,9.822358638841093,9
4013922,9.757743602883032,12
4013935,9.746624161717431,13
4013940,9.923238160175417,5
4013947,9.873170100362454,7
4013954,9.885585627953096,7
4013964,9.794508920207734,10
4013974,9.797104532163148,10
4013980,9.89468419130818,6
4013985,9.918303769244822,5
4013990,9.91279636859936,5
4014003,9.711086876464194,13
4014004,10.0,1
4014015,9.755507240002519,11
4014027,9.731909220416616,12
4014032,9.90896652235829,5
4014038,9.886127378719644,6
4014043,9.902454855800922,5
4014044,10.0,1
4014050,9.88978937789977,6
4014055,9.92491624592482,5
4014067,9.745797326831477,12
4014074,9.850436187048157,7
4014078,9.94435520288287,4
4014088,9.778114538486427,10
4014100,9.75503802818848,12
4014108,9.851470458656,8
4014117,9.809832725267157,9
4014119,9.972093042896581,2
4014128,9.816408458219719,9
4014136,9.862678032232495,8
4014148,9.732822670346419,12
4014159,9.78164216266884,11
4014166,9.857893802375626,7
4014182,9.416066401025015,16
4014194,9.707810994048053,12
4014209,9.65819026546171,15
4014212,9.962874494102909,3
4014218,9.872768532836226,6
4014234,9.62020405170676,16
4014243,9.809654499343278,9
4014260,9.669417299129364,17
4014263,9.953790208035239,3
4014275,9.716789903848152,12
4014278,9.960465374846851,3
4014294,9.621634540323356,16
4014300,9.887521958566698,6
4014304,9.938362469437738,4
4014312,9.855118381262686,8
4014313,9.99684555791152,1
4014329,9.65277936997725,16
4014332,9.964956526829887,3
4014337,9.718832973384266,5
4014355,9.579132152015658,18
4014369,9.696777332602402,14
4014376,9.878280591056857,7
4014387,9.767044784824941,11
4014394,9.868024724080195,7
4014399,9.92506801572215,5
4014410,9.760638604527747,11
4014411,9.989306005693434,1
4014418,9.870338681401499,7
4014428,9.75542397960238,10
4014446,9.637311796421683,18
4014451,9.921928567887202,5
4014457,9.891334672775196,6
4014464,9.868579455387025,7
4014467,9.951169058332011,3
4014468,10.0,1
4014471,9.958966171969537,3
4014480,9.783919739088564,9
4014484,9.947712315651186,4
4014494,9.790409763644941,10
4014500,9.911664926778597,6
4014504,9.938341996505864,4
4014506,9.972870112594482,2
4014516,9.799259816878047,10
4014520,9.950901327051985,4
4014524,9.935737876190482,4
4014532,9.853322052974608,8
4014547,9.632616039438131,15
4014556,9.806073944013812,9
4014567,9.746632938676397,11
4014582,9.6571499004095,15
4014595,9.551112203497837,13
4014600,9.92909501944059,5
4014603,9.958830303461337,3
4014609,9.914009782951045,6
4014613,9.94409895883038,4
4014623,9.792992687492296,10
4014639,9.602852559024827,16
4014640,10.0,1
4014654,9.734361673052048,14
4014663,9.822343752524652,9
4014670,9.863692545859976,7
4014676,9.897927248880439,6
4014679,9.968214091354074,3
4014684,9.926894350603508,5
4014692,9.831131189748932,8
4014693,10.0,1
4014699,9.903968881253796,6
4014703,9.93788034290468,4
4014715,9.739539531488411,12
4014716,9.988784586861016,1
4014717,10.0,1
4014730,9.722294516226555,13
4014731,10.0,1
4014749,9.596023960166507,18
4014761,9.765033865157228,12
4014768,9.874808236574196,7
4014769,10.0,1
4014774,9.92801299406994,5
4014780,9.905118390850918,6
4014793,9.708808992464835,13
4014802,9.803164538315853,9
4014803,9.987504274819823,1
4014811,9.839581266544828,8
4014812,10.0,1
4014816,9.939811686500986,4
4014829,9.69893207766928,13
4014840,9.813298410521282,11
4014854,9.696949577621277,14
4014866,9.763543755269136,12
4014875,9.817646322551582,9
4014876,10.0,1
4014885,9.805574143679424,9
4014890,9.917134588394683,5
4014903,9.707821858998583,13
4014909,9.891683694763023,6
4014915,9.89123936490104,6
4014916,9.992244238259486,1
4014925,9.818939900579789,9
4014935,9.785129554246533,10
4014949,9.661236197030412,14
4014957,9.83375975155652,8
4014964,9.86218685801624,7
4014966,9.976168477267317,2
4014980,9.701962157311245,14
4014987,9.855660953275795,7
4014994,9.871566304492811,7
4015000,9.900551874824147,6
4015005,9.9108678603515,5
4015014,9.773139179958081,9
4015015,10.0,1
4015019,9.942671896686855,4
4015025,9.886140603341273,6
4015030,9.921137206751375,5
4015039,9.820291498988224,9
4015054,9.699500784790745,15
4015061,9.89469398851898,7
4015065,9.929276783852961,4
4015077,9.755004665616866,12
4015085,9.868354904632676,8
4015087,9.97402178299314,2
4015096,9.733134636541722,9
4015102,9.879599027443497,6
4015111,9.816014084800196,9
4015112,10.0,1
4015114,9.977437137953018,2
4015124,9.796206500631689,10
4015132,9.851330654264833,8
4015133,9.98885673646762,1
4015140,9.853472081343542,7
4015147,9.875425835966647,7
4015152,9.923120403612838,5
4015155,9.962607188604608,3
4015156,10.0,1
4015160,9.9413989645758,4
4015164,9.93368022398883,4
4015170,9.896096147631745,6
4015183,9.728904512714067,13
4015188,9.92688285900154,5
4015195,9.857617652135259,7
4015201,9.893091144670027,6
4015218,9.616754416921118,17
4015229,9.774368686882173,11
4015239,9.7961648656204,10
4015243,9.944350274600495,4
4015254,9.769804915231555,11
4015267,9.68904740480426,13
4015268,10.0,1
4015272,9.939851340341626,4
4015273,10.0,1
4015277,9.928804901658479,4
4015286,9.825737086737204,9
4015292,9.890820184052524,6
4015298,9.895283898468668,6
4015309,9.761905843982078,11
4015310,9.987546158322806,1
4015323,9.705285135106324,13
4015327,9.954752278083824,4
4015334,9.869051983839078,7
4015338,9.950967882530254,4
4015351,9.694869753041699,13
4015360,9.831393152839365,9
4015369,9.821551209108167,9
4015380,9.77462419483066,11
4015385,9.91568005340503,5
4015393,9.851101756253623,8
4015403,9.809727606461008,10
4015412,9.798246078071491,9
4015415,9.95346145744094,3
4015418,9.966651460489501,3
4015420,9.985657942237536,2
4015424,9.943196707588243,4
4015434,9.783248621660634,10
4015447,9.683732959915114,13
4015455,9.834442211878558,8
4015465,9.789266475911583,10
4015473,9.84859688383001,8
4015481,9.831953966110014,8
4015490,9.813470286113468,9
4015498,9.869395311448091,8
4015504,9.89621392409928,6
4015510,9.887099356050943,6
4015527,9.609529437722651,17
4015530,9.963897365369757,3
4015533,9.952328414030701,3
4015534,9.996052566663097,1
4015544,9.813499039738877,10
4015545,9.991832600968005,1
4015567,9.178734891261232,22
4015574,9.863468811212407,7
4015585,9.798565288662811,11
4015586,9.99292757181578,1
4015587,10.0,1
4015593,9.87689442521639,6
4015605,9.722111078569199,12
4015606,10.0,1
4015610,9.926746369208024,4
4015622,9.737344568615967,12
4015635,9.696554621534078,13
4015642,9.846010212438038,7
4015647,9.905308072259203,5
4015665,9.652813343884917,18
4015666,10.0,1
4015675,9.81261030195547,9
4015686,9.797314962012003,11
4015699,9.738762768935647,13
4015702,9.963231720526817,3
4015710,9.84562793046166,8
4015713,9.96958524147029,3
4015724,9.787542022762432,11
4015732,9.74806370723968,8
4015738,9.906610183241954,6
4015752,9.594544769210417,14
4015760,9.808732901365696,8
4015774,9.678868798473887,14
4015781,9.861803155354917,7
4015784,9.950264856884479,3
4015786,9.973839497761293,2
4015796,9.807698246535656,10
4015797,10.0,1
4015798,10.0,1
4015807,9.848838838161779,9
4015813,9.907346132158962,6
4015814,10.0,1
4015822,9.81914411559783,8
4015836,9.670206632732691,14
4015842,9.884724054347982,6
4015846,9.938027233793639,4
4015849,9.960534902267653,3
4015855,9.891172142975378,6
4015866,9.773841106283141,11
4015875,9.83315773902462,9
4015892,9.658005874838617,17
4015897,9.926326822969244,5
4015903,9.895113662987335,6
4015917,9.699403238412266,14
4015931,9.693683186444098,14
4015932,9.988413916193164,1
4015936,9.947165556386986,4
4015939,9.956885373085209,3
4015957,9.587309383025447,18
4015965,9.830245404199248,8
4015977,9.759501663200204,12
4015985,9.829890195773352,8
4015992,9.869822634077117,7
4015993,10.0,1
4016005,9.523048153247972,12
4016018,9.718729845863425,13
4016026,9.846922364357988,8
4016036,9.819042396185054,10
4016046,9.840200531870169,10
4016051,9.930405099328286,5
4016065,9.6889294717029,14
4016073,9.556316734198813,8
4016083,9.798540372027547,10
4016099,9.605271394078116,16
4016113,9.718166869031812,14
4016122,9.845454101988985,9
4016125,9.961499277186366,3
4016126,10.0,1
4016132,9.902363506193332,6
4016145,9.724581567851228,13
4016149,9.942694087036214,4
4016157,9.814863159719227,8
4016160,9.945071397702206,3
4016167,9.876045532872862,7
4016181,9.679431385539068,14
4016186,9.925127237591582,5
4016194,9.855273179305968,8
4016204,9.791177146641065,10
4016215,9.778532368840981,11
4016224,9.693597754101937,9
4016235,9.80804578802618,11
4016237,9.976432201064853,2
4016248,9.771749776855081,11
4016249,10.0,1
4016256,9.870082558402581,7
4016259,9.957974191799984,3
4016268,9.835394758650295,9
4016277,9.798676545566492,9
4016287,9.78782034449193,10
4016297,9.834294837701112,10
4016300,9.951694723107046,3
4016304,9.93898215496063,4
4016306,9.969090044139548,2
4016318,9.76449802844039,12
4016325,9.8515559899894,7
4016326,10.0,1
4016336,9.78096579197615,10
4016338,9.97594869659511,2
4016347,9.797559879782895,9
4016360,9.699239515389223,13
4016364,9.936353615321257,4
4016371,9.88176533759872,7
4016384,9.762966512629035,13
4016396,9.717536677433152,12
4016408,9.74896527149803,12
4016417,9.7960937239569,9
4016425,9.840060099853421,8
4016434,9.734135561375048,9
4016435,10.0,1
4016445,9.780692172975018,10
4016450,9.904646390767287,5
4016458,9.826848917119655,8
4016469,9.780276096363995,11
4016472,9.950839270528817,3
4016477,9.931091118957339,5
4016485,9.835579781154262,8
4016497,9.753181437114806,12
4016498,10.0,1
4016499,10.0,1
4016507,9.854190586305286,8
4016514,9.860874207388646,7
4016523,9.845627384175943,9
4016532,9.79616803376857,9
4016537,9.718875610283506,5
4016546,9.827267751728279,9
4016556,9.784121215630798,10
4016567,9.790093111246966,11
4016576,9.833283862365798,9
4016579,9.963352511868163,3
4016585,9.87500156939581,6
4016595,9.81508195835729,10
4016605,9.792895402257688,10
4016619,9.740287251307695,14
4016626,9.892454084688024,7
4016634,9.831871224274746,8
4016646,9.75519634504948,12
4016654,9.834582330316294,8
4016666,9.74363422222611,12
4016672,9.880654369441153,6
4016679,9.889977606769325,7
4016696,9.597666395201758,17
4016697,9.993210111288718,1
4016707,9.794498811060697,10
4016708,10.0,1
4016713,9.920857409509516,5
4016723,9.794755896258776,10
4016729,9.910065990909741,6
4016738,9.809447698853775,9
4016750,9.76566828759011,12
4016757,9.87080908681247,7
4016764,9.851930874629058,7
4016771,9.878824278771994,7
4016787,9.635070312597323,16
4016788,10.0,1
4016792,9.930423436702672,4
4016806,9.70410312967364,14
4016811,9.904730684586964,5
4016814,9.966441164109778,3
4016823,9.810559723602221,9
4016844,9.49489208532355,21
4016851,9.869012264188225,7
4016863,9.717338500892087,12
4016874,9.769607349354223,11
4016893,9.590008673061716,19
4016894,10.0,1
4016905,9.563581880084662,11
4016913,9.830198666613574,8
4016919,9.891589004706304,6
4016931,9.633897638872192,12
4016936,9.920208025889892,5
4016940,9.93364257076134,4
4016955,9.682943093984312,15
4016969,9.68723212284234,14
4016979,9.574477613693835,10
4016980,9.992495924432632,1
4016987,9.870706449167372,7
4016988,10.0,1
4016996,9.81531519068345,8
4017004,9.88264945091971,8
4017005,10.0,1
4017006,10.0,1
4017015,9.826514846746164,9
4017026,9.759239346083824,11
4017031,9.915401324345051,5
4017037,9.881524338282375,6
4017045,9.844285313025855,8
4017051,9.874912252223906,6
4017062,9.76201005310621,11
4017068,9.885471422865288,6
4017069,10.0,1
4017078,9.822044810647569,9
4017091,9.704558849807317,13
4017100,9.834804850541953,9
4017109,9.817382643269656,9
4017121,9.728534605794806,12
4017126,9.913465074514038,5
4017129,9.958804043099121,3
4017132,9.950125065124753,3
4017144,9.783457020954092,12
4017149,9.907151917500032,5
4017150,10.0,1
4017153,9.958729279132777,3
4017163,9.79926677618112,10
4017164,10.0,1
4017170,9.894023503889017,6
4017182,9.743814668485161,12
4017195,9.74664580760143,13
4017201,9.902645454397422,6
4017211,9.81886947585731,10
4017223,9.742523185333555,12
4017224,9.991867582198667,1
4017237,9.698264285919366,13
4017246,9.846808442011575,9
4017261,9.646244202488363,15
4017271,9.797680221630264,10
4017277,9.893477603995798,6
4017281,9.837152413364985,4
4017294,9.738104848268923,13
4017304,9.823517543990352,10
4017320,9.611750760735202,16
4017327,9.874625856090878,7
4017330,9.95218365611707,3
4017332,9.972266105945678,2
4017338,9.87392825369558,6
4017346,9.861575206148359,8
4017347,9.99665133459833,1
4017355,9.840942146591301,8
4017358,9.959120688048142,3
4017359,10.0,1
4017368,9.845301892679036,9
4017381,9.718160109428604,13
4017391,9.773980826876604,10
4017396,9.911060082775483,5
4017400,9.926151606870945,4
4017401,10.0,1
4017412,9.778730957360754,11
4017422,9.775794871161468,10
4017432,9.796104535300026,10
4017446,9.68029036992133,14
4017461,9.659708224067431,15
4017472,9.765758163135468,11
4017488,9.635702132419606,16
4017495,9.895532006188203,7
4017501,9.894928417622259,6
4017509,9.835513114987139,8
4017512,9.952383267919322,3
4017517,9.907537389430455,5
4017532,9.624672092965,15
4017541,9.81476149643673,9
4017546,9.92002002420399,5
4017554,9.841453723610451,8
4017566,9.744697870610185,12
4017578,9.767395905757978,12
4017588,9.788191274428009,10
4017602,9.713980892210472,14
4017615,9.720927503267937,13
4017619,9.938053342979991,4
4017627,9.863113279478009,8
4017641,9.677070159538708,14
4017643,9.979286364437197,2
4017660,9.536551326333782,17
4017677,9.300677143770343,17
4017681,9.838597252786217,4
4017682,9.996131004680556,1
4017688,9.884735143300428,6
4017692,9.947470885242101,4
4017702,9.81438190074214,10
4017703,10.0,1
4017713,9.779135513311582,10
4017714,10.0,1
4017735,9.5701052394945,21
4017746,9.75200197440338,11
4017750,9.930513136275653,4
4017759,9.823171350975848,9
4017771,9.750785570618989,12
4017783,9.76201855498262,12
4017790,9.865092221168645,7
4017797,9.879229811153381,7
4017802,9.926215155415909,5
4017814,9.729157166316366,12
4017820,9.910099763943022,6
4017831,9.781840060052394,11
4017834,9.95356332825925,3
4017843,9.815376696170313,9
4017850,9.880220134681212,7
4017856,9.89620713699973,6
4017861,9.925771957363132,5
4017876,9.668260366714243,15
4017879,9.95553931824496,3
4017890,9.662040073398337,11
4017899,9.817133250149295,9
4017904,9.892942529197262,5
4017911,9.852935495431677,7
4017919,9.843268799460231,8
4017922,9.96020669148728,3
4017924,9.984966873631182,2
4017942,9.591194920591052,18
4017949,9.889145938389891,7
4017952,9.958840857906747,3
4017956,9.93730754822091,4
4017957,10.0,1
4017970,9.562288450533721,13
4017971,10.0,1
4017974,9.957676696808331,3
4017991,9.65605538519551,17
4017994,9.949915630555724,3
4017995,10.0,1
4018006,9.773860610245226,11
4018011,9.91251596387154,5
4018026,9.651153872416664,15
4018030,9.949320224675924,4
4018033,9.955719826968059,3
4018034,10.0,1
4018036,9.977199164719208,2
4018037,10.0,1
4018047,9.789095559770967,10
4018056,9.807814051147243,9
4018057,10.0,1
4018063,9.892089311873196,6
4018070,9.882495951626218,7
4018081,9.761176582363564,11
4018099,9.59098815252705,18
4018107,9.82344932237813,8
4018114,9.887780185938173,7
4018120,9.896958886976165,6
4018128,9.832302348995782,8
4018140,9.772037415922604,12
4018147,9.884334860471371,7
4018148,10.0,1
4018154,9.901746071597408,6
4018167,9.632561067423962,13
4018168,10.0,1
4018180,9.332553606415125,12
4018183,9.966941709628697,3
4018187,9.949266211835424,4
4018198,9.74786755941422,11
4018207,9.801920490721907,9
4018216,9.802840750020474,9
4018225,9.84205579869838,9
4018231,9.87575867117473,6
4018240,9.805183284171044,9
4018248,9.839395287877743,8
4018265,9.661072771379912,17
4018273,9.8444879957995,8
4018286,9.733837756920204,13
4018298,9.75684228660925,12
4018302,9.934146961594113,4
4018308,9.88615281275827,6
4018313,9.896952296383658,5
4018324,9.749740313684686,11
4018331,9.861679335759392,7
4018336,9.917181603584387,5
4018344,9.831631907874922,8
4018356,9.755669042310377,12
4018357,10.0,1
4018361,9.948331489337733,4
4018371,9.794873311357733,10
4018380,9.810395361340358,9
4018399,9.568720304110872,19
4018404,9.915260251859973,5
4018411,9.865683711834693,7
4018421,9.785394810883142,10
4018433,9.717033995417575,12
4018437,9.939704679730255,4
4018455,9.634447784027563,18
4018456,10.0,1
4018468,9.775965304533656,12
4018479,9.76889468126925,11
4018491,9.75324618077404,12
4018498,9.879663220146028,7
4018506,9.82979170847611,8
4018517,9.761034986191246,11
4018523,9.900488340442182,6
4018530,9.874857105789278,7
4018531,10.0,1
4018542,9.755457106958955,11
4018556,9.694255306636297,14
4018568,9.750373685493726,12
4018573,9.919296432593645,5
4018585,9.76962071405729,12
4018595,9.78441604837673,10
4018604,9.809866483003628,9
4018611,9.855389496655357,7
4018623,9.774774724428546,12
4018629,9.889868876871201,6
4018636,9.875571744121517,7
4018649,9.716252558700553,13
4018664,9.670543490363787,15
4018671,9.868370198050807,7
4018679,9.818291795218972,8
4018688,9.825769583357946,9
4018690,9.972917897755105,2
4018691,10.0,1
4018700,9.80665444052353,9
4018704,9.953267516406784,4
4018711,9.870496854665861,7
4018720,9.84679356319844,9
4018727,9.864683352299899,7
4018743,9.663951725313037,16
4018757,9.686447054871234,14
4018767,9.801661169957105,10
4018779,9.761711383174687,12
4018787,9.857358962481369,8
4018794,9.88721896476384,7
4018800,9.91236917733318,6
4018811,9.78340962653335,11
4018826,9.638848916330089,15
4018831,9.91077518937588,5
4018837,9.898483219161676,6
4018849,9.725638963862089,12
4018854,9.913564206988404,5
4018864,9.807113953892548,10
4018867,9.962311140582154,3
4018874,9.881068957040998,7
4018881,9.884868046921103,7
4018887,9.894550552606816,6
4018896,9.834640971069792,9
4018907,9.782762350295895,11
4018911,9.926967674003054,4
4018919,9.85509801710271,8
4018920,10.0,1
4018933,9.704457096561972,13
4018940,9.868851583549793,7
4018950,9.823608282631975,10
4018957,9.847075859498759,7
4018969,9.74985125682598,12
4018972,9.951400364590985,3
4018983,9.775417468208923,11
4018985,9.985587799714397,2
4018989,9.938153996970719,4
4018998,9.826701917375672,9
4019011,9.737223529958833,13
4019027,9.62453003318229,16
4019036,9.793359064219842,9
4019042,9.907138522677963,6
4019049,9.89000411183797,7
4019059,9.79144475550861,10
4019064,9.89999299349039,5
4019066,9.984844683588438,2
4019080,9.699144235528642,14
4019088,9.870591501211692,8
4019096,9.851472003661593,8
4019106,9.799135376763747,10
4019115,9.835303883115747,9
4019121,9.898107218010182,6
4019132,9.772698615116191,11
4019147,9.68294563624063,15
4019148,10.0,1
4019158,9.778162865170435,10
4019159,10.0,1
4019168,9.825898553223553,9
4019176,9.885153017901134,8
4019185,9.858563283021166,9
4019198,9.71052086237355,13
4019210,9.69921801340468,12
4019213,9.957487948082305,3
4019214,10.0,1
4019223,9.819913357326016,9
4019232,9.829491736294374,9
4019239,9.871000193915513,7
4019247,9.852778392663446,8
4019249,9.969066737594353,2
4019262,9.68568905467947,13
4019273,9.652497201457361,11
4019280,9.79593879706385,7
4019290,9.821120023273728,10
4019296,9.87707961978572,6
4019299,9.960997487944809,3
4019304,9.906922736823288,5
4019305,10.0,1
4019327,9.466447826844282,22
4019335,9.8432405948432,8
4019344,9.611188347723036,9
4019354,9.767806827083575,10
4019361,9.880010854300005,7
4019375,9.698802851985102,14
4019385,9.820324910240716,10
4019394,9.832294647482918,9
4019398,9.935560241079488,4
4019410,9.746892998636293,12
4019419,9.8091240768345,9
4019436,9.647035299137563,17
4019443,9.850116595622312,7
4019454,9.773756280688952,11
4019460,9.905685141285081,6
4019474,9.73334990792633,14
4019477,9.958483201728582,3
4019488,9.749314822424205,11
4019494,9.911732257545367,6
4019497,9.959506143993726,3
4019500,9.962042388739562,3
4019504,9.939866972356933,4
4019509,9.929455107056233,5
4019520,9.774304950701495,11
4019527,9.852457568923327,7
4019537,9.781444308481511,10
4019552,9.72740145158672,15
4019563,9.766325808982526,11
4019573,9.7985839881036,10
4019574,9.989038932846636,1
4019577,9.944826540030585,3
4019584,9.866439210816765,7
4019591,9.848626263088853,7
4019605,9.652694360073786,14
4019611,9.88666294601331,6
4019625,9.70421077050745,14
4019631,9.892888420012328,6
4019634,9.945467446048426,3
4019636,9.984529188396587,2
4019637,10.0,1
4019643,9.889018155752314,6
4019656,9.736319641556072,13
4019666,9.809479945710631,10
4019675,9.840132397219135,9
4019682,9.865208036827617,7
4019696,9.698049854982127,14
4019697,10.0,1
4019698,9.9932666346601,1
4019702,9.92417893780777,4
4019705,9.96177336242572,3
4019707,9.980084347187338,2
4019715,9.858720390868754,8
4019725,9.764130043834339,10
4019728,9.952010605361801,3
4019729,9.9935615317534,1
4019739,9.789278224253628,10
4019748,9.841548074371683,9
4019760,9.750773427826092,12
4019764,9.948372282904485,4
4019773,9.817423749506293,9
4019781,9.854557131577522,8
4019795,9.692705839936565,14
4019805,9.814192080936923,10
4019816,9.779490498772612,11
4019819,9.962386532657128,3
4019832,9.731931317099138,13
4019837,9.917817795316155,5
4019846,9.843610104079039,9
4019853,9.877729492208852,7
4019865,9.779873250228379,12
4019873,9.847643721349826,8
4019880,9.87055433355017,7
4020380,-53.11746516023085,500
4020880,-80.90884712288864,500
4021380,-43.61193911038422,500
4021880,-19.511563584914473,500
4022380,-35.38178989073418,500
4022413,9.421249842244743,33
4022426,9.699315851170642,13
4022436,9.767512717444728,10
4022446,9.790075759203871,10
4022452,9.884622622257552,6
4022454,9.974776477012048,2
4022463,9.609957097739786,9
4022464,10.0,1
4022469,9.917246674793708,5
4022473,9.942754607429999,4
4022483,9.796160297289664,10
4022491,9.851042045105899,8
4022502,9.751125970720766,11
4022506,9.930703276274587,4
4022520,9.706509599124983,14
4022523,9.961717519924132,3
4022534,9.797860137427607,11
4022539,9.923567044687728,5
4022550,9.74980561256874,11
4022551,10.0,1
4022557,9.883894930946797,6
4022564,9.874382250765953,7
4022575,9.771884595724881,11
4022594,9.53575961189642,19
4022604,9.781276424883005,10
4022609,9.923997300772916,5
4022614,9.910181288215414,5
4022619,9.91696232223094,5
4022622,9.950025579199988,3
4022632,9.781632725539852,10
4022633,10.0,1
4022654,9.190158655027336,21
4022661,9.880972879780673,7
4022663,9.87154552899761,2
4022673,9.775179653766454,10
4022676,9.95894441659097,3
4022685,9.829546014063032,9
4022689,9.936148609053486,4
4022696,9.890485145697909,7
4022706,9.791013925557131,10
4022707,10.0,1
4022708,10.0,1
4022709,10.0,1
4022718,9.82839920170952,9
4022722,9.944806916973498,4
4022727,9.907272709458464,5
4022732,9.906558199149869,5
4022735,9.955364641158852,3
4022746,9.760077465477437,11
4022760,9.721603478405173,14
4022770,9.800434013229497,10
4022779,9.833229672310203,9
4022794,9.681489964057738,15
4022806,9.735084893718048,12
4022819,9.717284956597139,13
4022820,10.0,1
4022825,9.918617873447472,5
4022836,9.74412845075469,11
4022837,10.0,1
4022848,9.676789124992773,11
4022852,9.95129159264785,4
4022859,9.785474548635355,7
4022861,9.985657160601003,2
4022872,9.770367291957307,11
4022880,9.855666516819504,8
4022886,9.887108245925571,6
4022889,9.9575505605209,3
4022890,10.0,1
4022892,9.97720566306451,2
4022904,9.744120593484537,12
4022915,9.763342770629512,11
4022923,9.850857245784091,8
4022929,9.907255602503616,6
4022938,9.822317073546978,9
4022943,9.709462901681444,5
4022955,9.752370059423825,12
4022966,9.775820428657607,11
4022977,9.551919709402503,11
4022986,9.846875276802567,9
4023000,9.680013366548378,14
4023002,9.984421450662891,2
4023014,9.73844474716603,12
4023023,9.82012430090697,9
4023034,9.762134563547445,11
4023038,9.942915304774807,4
4023042,9.945988756489957,4
4023052,9.798682367177777,10
4023055,9.96101034743343,3
4023066,9.759780810592837,11
4023076,9.782571208377957,10
4023081,9.92325673327769,5
4023090,9.807737192289757,9
4023096,9.877935686026527,6
4023111,9.683410427819995,15
4023121,9.787603903718505,10
4023125,9.931526454343459,4
4023133,9.842775383050807,8
4023148,9.645499332367605,15
4023160,9.731579911155153,12
4023168,9.85051017221867,8
4023181,9.703856681468416,13
4023191,9.81184324507547,10
4023202,9.780624746807524,11
4023206,9.94830084635547,4
4023210,9.941053008981253,4
4023222,9.732513002419688,12
4023235,9.732907377178943,13
4023242,9.878504507165426,7
4023243,10.0,1
4023262,9.589262060782227,19
4023274,9.742864134573336,12
4023293,9.675211764331445,19
4023294,10.0,1
4023301,9.90102360527381,7
4023308,9.844526192329393,7
4023320,9.74786107362374,12
4023328,9.858808993620315,8
4023329,9.99646288969105,1
4023333,9.94334009057041,4
4023342,9.881656213612402,9
4023345,9.972362708170738,3
4023354,9.812959282843439,9
4023364,9.805601098958084,10
4023371,9.882100878023046,7
4023372,10.0,1
4023378,9.889108678772581,6
4023379,10.0,1
4023380,10.0,1
4023382,9.9756222698246,2
4023390,9.8545236333853,8
4023393,9.961789132208308,3
4023394,10.0,1
4023396,9.984000884396536,2
4023404,9.83636379438223,8
4023405,10.0,1
4023408,9.949738281350273,3
4023417,9.813269380391787,9
4023425,9.867647206115024,8
4023433,9.824009323587319,8
4023434,10.0,1
4023436,9.984474692633835,2
4023445,9.801149616218543,9
4023453,9.866315577745246,8
4023471,9.56937298195935,18
4023479,9.843726341536993,8
4023488,9.786235776036124,9
4023489,10.0,1
4023503,9.674914342581193,14
4023512,9.85202571807,9
4023518,9.872152213944188,6
4023531,9.731596371012044,13
4023534,9.95812637702232,3
4023542,9.859311605022022,8
4023547,9.914443066213284,5
4023554,9.866946868914441,7
4023564,9.78439260444833,10
4023572,9.842221164736081,8
4023577,9.923044539956662,5
4023581,9.93195025279475,4
4023584,9.953160219793718,3
4023597,9.719424972412341,13
4023602,9.923967505914911,5
4023609,9.889433960490646,7
4023618,9.79845841074148,9
4023628,9.799032745919192,10
4023633,9.922851855055832,5
4023640,9.889559088367172,7
4023648,9.855361864745316,8
4023652,9.938922995520732,4
4023663,9.745203260849006,11
4023678,9.657473510147826,15
4023687,9.82605658249114,9
4023692,9.928335620067296,5
4023694,9.97575425805339,2
4023705,9.742271066974075,11
4023713,9.865726053975447,8
4023714,9.992671368181506,1
4023721,9.884404614042426,7
4023729,9.834972798284007,8
4023736,9.872014417572432,7
4023751,9.68221241343338,15
4023757,9.888483625208211,6
4023763,9.908842802198908,6
4023767,9.946900660223884,4
4023775,9.840479771513735,8
4023778,9.967191183006689,3
4023779,10.0,1
4023782,9.953833320468036,3
4023791,9.820741918767379,9
4023792,10.0,1
4023797,9.933308160074262,5
4023808,9.761618357885776,11
4023809,9.996185157342214,1
4023830,9.314374630377365,21
4023836,9.892906566085266,6
4023843,9.86756035240032,7
4023856,9.07771980139088,13
4023863,9.872322272615378,7
4023875,9.735666253748983,12
4023878,9.95798629241007,3
4023879,9.98853400937007,1
4023885,9.886157040024855,6
4023897,9.684578757237976,12
4023907,9.795690301933918,10
4023915,9.735139246055539,8
4023921,9.885836548938459,6
4023932,9.750112849073082,11
4023956,9.416142989667424,24
4023968,9.743462280710746,12
4023976,9.852984173042792,8
4023979,9.967791613111217,3
4023990,9.755409525230624,11
4024000,9.787703497924712,10
4024011,9.747037987725067,11
4024012,10.0,1
4024019,9.854094203812826,7
4024020,9.989725286436288,1
4024031,9.788870365245673,11
4024041,9.782690011035902,10
4024056,9.669362715846741,15
4024066,9.781942109038727,10
4024078,9.735974193861727,12
4024079,9.996162545632107,1
4024087,9.77397111855417,8
4024089,9.981875571726109,2
4024091,9.97064076887874,2
4024097,9.904688740664247,6
4024105,9.839184668652706,8
4024106,10.0,1
4024111,9.93497566366202,5
4024112,10.0,1
4024118,9.909142256182479,6
4024124,9.89728134567223,6
4024133,9.793831020093142,9
4024136,9.959854752863617,3
4024143,9.890428798241553,7
4024150,9.891010728176273,7
4024153,9.952107831970878,3
4024165,9.71891991901564,12
4024176,9.76356836602359,11
4024194,9.603290025461249,18
4024207,9.702543964884327,13
4024211,9.939802915535752,4
4024219,9.838869009766537,8
4024225,9.883676175555676,6
4024232,9.886004149611416,7
4024239,9.866311574152025,7
4024255,9.63703344698447,16
4024265,9.785369712354079,10
4024278,9.700597168317227,13
4024286,9.858898179062365,8
4024296,9.706380921966014,10
4024299,9.960272147362828,3
4024303,9.941711702107105,4
4024314,9.750560264725909,11
4024328,9.720698187118673,14
4024336,9.848545899520373,8
4024340,9.93566071013668,4
4024351,9.75365599918235,11
4024360,9.820036181521381,9
4024368,9.844542874257838,8
4024376,9.853738559156493,8
4024379,9.969434006073076,3
4024390,9.777500405754813,11
4024392,9.985635573236829,2
4024401,9.8685226944742,9
4024407,9.900541525785366,6
4024418,9.779916159644968,11
4024424,9.906194532814489,6
4024437,9.740280926614023,13
4024452,9.566670793336606,15
4024468,9.647468868872089,16
4024474,9.70443878197827,6
4024484,9.807729402736847,10
4024488,9.932428476462155,4
4024494,9.88917500929248,6
4024507,9.707847270163183,13
4024515,9.851910904628857,8
4024525,9.813169054827103,10
4024537,9.778276887788678,12
4024546,9.852708900776316,9
4024554,9.842287449827092,8
4024556,9.984333381044312,2
4024565,9.816575784231397,9
4024576,9.762605684297426,11
4024577,10.0,1
4024581,9.93703149450514,4
4024582,10.0,1
4024596,9.692931525965278,14
4024604,9.829689670796817,8
4024613,9.807677424600731,9
4024626,9.743576622586723,13
4024632,9.882990041805664,6
4025132,-210.09394549209082,500
4025142,9.405105552962315,10
4025151,9.809934861187678,9
4025160,9.819878300646343,9
4025165,9.913006755777435,5
4025176,9.758818297640715,11
4025181,9.917159854334148,5
4025189,9.82344299304586,8
4025192,9.966794643184402,3
4025197,9.928384691066015,5
4025213,9.65135374382802,16
4025219,9.893321156631977,6
4025222,9.968920113396178,3
4025225,9.74775986689603,3
4025242,9.609680505875136,17
4025251,9.807193413022434,9
4025257,9.91435758800788,6
4025271,9.736289655903942,14
4025272,10.0,1
4025273,10.0,1
4025277,9.95171724388726,4
4025291,9.685896730565432,14
4025296,9.898191377343874,5
4025305,9.722601699155549,9
4025308,9.95989825060776,3
4025315,9.871962463984795,7
4025319,9.942945880682334,4
4025324,9.91027105794686,5
4025329,9.915846366278462,5
4025344,9.644862466374606,15
4025354,9.780674492314791,10
4025363,9.80824631567105,9
4025368,9.896176246002035,5
4025374,9.917793097085097,6
4025382,9.84652336019509,8
4025387,9.926511356380477,5
4025398,9.777168691753413,11
4025411,9.698827019306986,13
4025416,9.923532148467917,5
4025419,9.952249624828521,3
4025427,9.855725142367243,8
4025433,9.887547778615641,6
4025447,9.71323017948301,14
4025458,9.75214532498889,11
4025461,9.97166723589843,3
4025477,9.517891073996124,16
4025495,9.555441565480097,18
4025502,9.870874241341806,7
4025503,9.989536647323025,1
4025509,9.900290821668378,6
4025517,9.847039428072495,8
4025524,9.897935454715793,7
4025525,10.0,1
4025539,9.679530795165467,14
4025544,9.921300647829089,5
4025549,9.91855914031697,5
4025556,9.883719564197207,7
4025572,9.654898436356477,16
4025583,9.743624181187027,11
4025586,9.956071438264544,3
4025587,10.0,1
4025588,10.0,1
4025603,9.681442759053324,15
4025604,10.0,1
4025611,9.849127505678686,7
4025620,9.828058379358295,9
4025622,9.972595071848845,2
4025632,9.803425605122847,10
4025633,9.991925484311952,1
4025643,9.797139767146485,10
4025650,9.85655871008195,7
4025660,9.794982227257256,10
4025663,9.963348660061422,3
4025664,9.99654704562647,1
4025665,10.0,1
4025675,9.785335870738402,10
4025683,9.839842588133788,8
4025694,9.75312266865706,11
4025706,9.614360127830778,12
4025715,9.686383195124801,9
4025724,9.791532347222901,9
4025730,9.67383168174028,6
4025735,9.904724164784618,5
4025739,9.945066756652196,4
4025757,9.556114197489677,18
4025769,9.476104885392397,12
4025777,9.855778328006755,8
4025782,9.924875419052993,5
4025789,9.787226479592045,7
4025796,9.861414841903247,7
4025811,9.654868031975086,15
4025817,9.91102753246489,6
4025826,9.806399998304634,9
4025841,9.650559708375948,15
4025847,9.919444603847909,6
4025859,9.749761995757282,12
4025867,9.85370466919306,8
4025878,9.797343759564487,11
4025888,9.815348703213823,10
4025899,9.755300535728697,11
4025907,9.814909665843787,8
4025920,9.71846959139403,13
4025930,9.796839804648394,10
4025938,9.864568880074563,8
4025950,9.751946717987908,12
4025951,10.0,1
4025952,9.988906454600059,1
4025965,9.711713535037207,13
4025978,9.74179947749026,13
4025980,9.978177252343654,2
4025992,9.765210149260175,12
4026002,9.792364819248839,10
4026008,9.898061788307983,6
4026022,9.749702963984566,14
4026029,9.86993494468714,7
4026036,9.887201264842899,7
4026046,9.781512084189707,10
4026057,9.742398421259983,11
4026065,9.830755642233134,8
4026083,9.577939195479441,18
4026091,9.862059324809524,8
4026107,9.638010434797748,16
4026113,9.89481970217471,6
4026119,9.899613893005991,6
4026129,9.776400254388077,10
4026131,9.973492834894643,2
4026142,9.753105147032873,11
4026149,9.859706089704144,7
4026152,9.958589672191511,3
4026158,9.910931965079063,6
4026166,9.855243410186548,8
4026171,9.925796913693903,5
4026181,9.77947651516945,10
4026183,9.972494435595575,2
4026184,10.0,1
4026195,9.741233340831084,11
4026204,9.828656435467117,9
4026219,9.637676776495782,15
4026228,9.793676411795275,9
4026232,9.937824093111763,4
4026234,9.968554593496721,2
4026238,9.939320522709243,4
4026246,9.631346173086703,8
4026260,9.702172087966286,14
4026270,9.807052733809542,10
4026284,9.67027844646323,14
4026287,9.956599331066284,3
4026299,9.779447954447907,12
4026310,9.750629361656983,11
4026316,9.912032067369319,6
4026329,9.72035018264971,13
4026337,9.837715361055047,8
4026349,9.787502204525481,12
4026355,9.89043200764096,6
4026356,10.0,1
4026363,9.856564087158661,7
4026364,10.0,1
4026375,9.789218439874107,11
4026383,9.84184446922254,8
4026400,9.301150264876355,17
4026406,9.891017255974763,6
4026418,9.726050440838618,12
4026422,9.939435778080181,4
4026429,9.84850754055227,7
4026439,9.785341990161767,10
4026444,9.919534636441105,5
4026448,9.928652669140297,4
4026454,9.87679136255956,6
4026459,9.919514596244957,5
4026467,9.831557978785742,8
4026469,9.975076205397535,2
4026480,9.76861294238544,11
4026483,9.955155698618727,3
4026541,-9.17287669302824,58
4026552,9.777886772826342,11
4026556,9.952222429932938,4
4026560,9.95682746913264,4
4026570,9.826349922877588,10
4026585,9.68864559256302,15
4026597,9.733854018933839,12
4026605,9.871941034423417,8
4026620,9.663469005506107,15
4026628,9.849929996549747,8
4026637,9.855539547488497,9
4026643,9.911514649716155,6
4026646,9.962437738147333,3
4026653,9.872437289086635,7
4026666,9.741667202765925,13
4026678,9.77936051999795,12
4026682,9.93979241771323,4
4026690,9.834989569263232,8
4026694,9.839743365128163,4
4026695,10.0,1
4026704,9.805090246088328,9
4026709,9.928685359404867,5
4026720,9.757997629258487,11
4026731,9.754784890582334,11
4026749,9.379677348423234,18
4026754,9.912083437480135,5
4026764,9.784999506337579,10
4026769,9.920211276481297,5
4026775,9.875552027728002,6
4026780,9.914939709911453,5
4026787,9.88023468678293,7
4026802,9.466995522208196,15
4026808,9.90103758371101,6
4026814,9.894858651223895,6
4026827,9.73895439694487,13
4026835,9.845237882781241,8
4026843,9.839672004681239,8
4026846,9.9676135509665,3
4026849,9.9504515856808,3
4026858,9.79717905108462,9
4026868,9.788214708629978,10
4026877,9.811755693333952,9
4026885,9.848838324091389,8
4026896,9.79682418513507,11
4026900,9.951042139141702,4
4026910,9.795085377951644,10
4026917,9.86368108458336,7
4026930,9.723208563853412,13
4026940,9.800531280327863,10
4026952,9.731893106873123,12
4026958,9.895449753011919,6
4026971,9.676872662986893,13
4026985,9.678644895160405,14
4026989,9.939776205080049,4
4026999,9.792996325180638,10
4027009,9.822820652038596,10
4027021,9.77606731268925,12
4027026,9.915880291810794,5
4027033,9.882208988544411,7
4027043,9.788299213485303,10
4027052,9.84401556724327,9
4027056,9.931652982061788,4
4027060,9.947502811493623,4
4027063,9.957867647402887,3
4027078,9.642287907105693,15
4027085,9.874168737858964,7
4027093,9.843513916929389,8
4027105,9.715431249751017,12
4027109,9.956608763042603,4
4027118,9.82835165953182,9
4027119,10.0,1
4027126,9.88784086722797,7
4027141,9.699626245346838,15
4027149,9.841602294740579,8
4027153,9.939318069028712,4
4027161,9.850741636411671,8
4027164,9.956871600258586,3
4027171,9.875179377522544,7
4027181,9.819231298594257,10
4027194,9.728031506359814,13
4027195,10.0,1
4027199,9.940838132322318,4
4027208,9.83334146034629,9
4027215,9.86319537178099,7
4027226,9.470552903536163,11
4027238,9.713829745340409,12
4027251,9.72157406001381,13
4027256,9.90052356789779,5
4027266,9.800445563245908,10
4027277,9.738553088929946,11
4027284,9.856106634424828,7
4027296,9.56330379063146,12
4027303,9.865980238488069,7
4027317,9.70375721105518,14
4027318,10.0,1
4027325,9.869301461754121,7
4027330,9.927067236520964,5
4027338,9.864750213207929,8
4027345,9.76498381577957,7
4027357,9.717215990482806,12
4027363,9.885915542951013,6
4027370,9.84593353003917,7
4027375,9.902876031148462,5
4027382,9.857302198744666,7
4027395,9.702020511785898,13
4027409,9.683931536622477,14
4027411,9.971513361540499,2
4027421,9.785966881553245,10
4027427,9.887505599222788,6
4027432,9.909159510199121,5
4027439,9.86566239412988,7
4027444,9.923277462826793,5
4027447,9.952873864029273,3
4027455,9.851543388521135,8
4027464,9.870297434961213,9
4027465,10.0,1
4027468,9.964937730563303,3
4027474,9.891082799226956,6
4027479,9.912185251245816,5
4027487,9.849139341883763,8
4027488,10.0,1
4027491,9.962008511909836,3
4027499,9.852948196509898,8
4027505,9.792571533542679,6
4027512,9.881496571166382,7
4027521,9.84999778715154,9
4027534,9.742609372986701,13
4027545,9.767036036755718,11
4027551,9.900938167279403,6
4027559,9.84098752803681,8
4027567,9.86787297362526,8
4027568,10.0,1
4027574,9.89667916436824,6
4027585,9.769005807260218,11
4027591,9.894098215015616,6
4027603,9.712326200764002,12
4027618,9.660020889754824,15
4027625,9.869486136705824,7
4027629,9.944489913710685,4
4027637,9.85652467038345,8
4027643,9.892221712925116,6
4027662,9.498979254751953,19
4027666,9.627744207707565,4
4027667,10.0,1
4027675,9.83833518693632,8
4027691,9.64572081319393,16
4027693,9.969213582533579,2
4027699,9.890059129737425,6
4027709,9.579179581325151,10
4027719,9.80551745021468,10
4027731,9.7261010091322,12
4027738,9.748162741691678,7
4027743,9.910785868680584,5
4027752,9.827156851715555,9
4027762,9.799479285366658,10
4027775,9.71547096948979,13
4027784,9.817658109465254,9
4027800,9.657621209341361,16
4027806,9.876448279875168,6
4027814,9.867504363519833,8
4027820,9.89321700992237,6
4027829,9.820232355449352,9
4027837,9.849245115014126,8
4027841,9.932046236838891,4
4027851,9.799066644736406,10
4027858,9.844523085603182,7
4027868,9.781620844643802,10
4027877,9.831322549635415,9
4027888,9.793540957048242,11
4027899,9.788662442576014,11
4027908,9.82035761418306,9
4027909,10.0,1
4027917,9.866167032619288,8
4027918,10.0,1
4027932,9.711304798786845,14
4027938,9.90198411460791,6
4027950,9.745259145854416,12
4027957,9.858441102232359,7
4027964,9.87816937597158,7
4027971,9.85545477209946,7
4027974,9.955317204155046,3
4027981,9.857684098975048,7
4027996,9.6934556838466,15
4027997,10.0,1
4027998,10.0,1
4028007,9.840060952219224,9
4028012,9.917962579620367,5
4028022,9.786698303265348,10
4028037,9.690442480030908,15
4028043,9.923004993873088,6
4028053,9.775163201624428,10
4028058,9.90890796259199,5
4028064,9.912779331459866,6
4028069,9.906558441910816,5
4028075,9.882231497787487,6
4028078,9.950550129563513,3
4028084,9.909639287527746,6
4028085,9.99662577714406,1
4028095,9.798245546260384,10
4028103,9.842389701660464,8
4028112,9.826342002905768,9
4028114,9.977854919384649,2
4028123,9.848705877952286,9
4028124,9.989733919607845,1
4028132,9.840346283139557,8
4028137,9.92264899162582,5
4028144,9.864857714819523,7
4028158,9.681744625816833,14
4028166,9.755132078752723,8
4028174,9.860419091734522,8
4028175,10.0,1
4028185,9.70348967148944,10
4028194,9.826716585844268,9
4028199,9.929361458672828,5
4028206,9.88090120812444,7
4028221,9.664574623861546,15
4028223,9.978225446935829,2
4028231,9.859310422009472,8
4028237,9.904131179829983,6
4028250,9.763395009364064,13
4028256,9.896423383321377,6
4028261,9.92141053965532,5
4028274,9.7375729249353,13
4028291,9.64033394656147,17
4028300,9.823745853430122,9
4028306,9.897144609307395,6
4028316,9.772807232779979,10
4028318,9.984689820258355,2
4028326,9.855431157469646,8
4028338,9.717601499090229,12
4028345,9.873936410166179,7
4028349,9.938145804195077,4
4028350,10.0,1
4028370,9.176085728722718,20
4028385,9.657367421190969,15
4028400,9.69238858436525,15
4028410,9.801170361828206,10
4028411,10.0,1
4028416,9.907643998448926,5
4028425,9.833020410267963,9
4028433,9.837731634706943,8
4028445,9.782482490223936,12
4028454,9.804438382154034,9
4028462,9.862700621050937,8
4028472,9.768478218862406,10
4028488,9.666372675344052,16
4028490,9.980448066391988,2
4028500,9.810512803469306,10
4028512,9.729858477488216,12
4028519,9.88330225584501,7
4028529,9.800883593235222,10
4028535,9.895377295906176,6
4028546,9.752359367926168,11
4028547,10.0,1
4028556,9.83299221562238,9
4028559,9.967004104527247,3
4028560,10.0,1
4028574,9.696048416498174,14
4028584,9.762876385958796,10
4028599,9.685943204832185,15
4028600,9.996158013221521,1
4028609,9.84898156614534,9
4028620,9.764485984723388,11
4028621,10.0,1
4028623,9.984972561149693,2
4028629,9.905080980062042,6
4028635,9.894595002361465,6
4028644,9.814656770722744,9
4028654,9.7663677524122,10
4028657,9.96136197871099,3
4028661,9.824102989830651,4
4028669,9.836927381687222,8
4028676,9.88522852696512,7
4028682,9.877198311164445,6
4028685,9.9719349660856,3
4028700,9.688357606032994,15
4028726,9.419185066292199,26
4028736,9.797145079634195,10
4028737,10.0,1
4028746,9.832150183990235,9
4028756,9.81132274226524,10
4028763,9.854203209029,7
4028772,9.830889649746124,9
4028775,9.963028169571471,3
4028782,9.85297333119717,7
4028797,9.702158727944767,15
4028806,9.830184031646326,9
4028808,9.976324042842306,2
4028810,9.975495672025783,2
4028815,9.902346018468002,5
4028826,9.772312726417615,11
4028841,9.67008315645886,15
4028857,9.6649811999139,16
4028865,9.842661531292713,8
4028877,9.71089648855904,12
4028883,9.886119132404707,6
4028889,9.90541623841761,6
4028904,9.657673243909715,15
4028909,9.925368806347418,5
4028919,9.781447064342121,10
4028924,9.929576473797308,5
4028931,9.890508679797827,7
4028935,9.946568319032334,4
4028937,9.981322002111355,2
4028946,9.802366704649492,9
4028957,9.758137563728004,11
4028958,10.0,1
4028970,9.731007090849252,12
4028980,9.811503179474366,10
4028989,9.810474068171462,9
4028998,9.83350192398855,9
4029006,9.84679765662252,8
4029022,9.67192601754739,16
4029029,9.85944712647864,7
4029036,9.853669669228646,7
4029042,9.89805565789542,6
4029048,9.900946092258687,6
4029052,9.947500882598584,4
4029068,9.647820380143232,16
4029082,9.737082211702859,14
4029087,9.908610950892141,5
4029098,9.761708493540638,11
4029102,9.93431337784411,4
4029110,9.847745075357631,8
4029121,9.784143660646132,11
4029134,9.696232500077494,13
4029139,9.925000117260193,5
4029150,9.766376893701318,11
4029161,9.777056587087683,11
4029168,9.8751834598909,7
4029177,9.788414348049193,9
4029184,9.888613314236524,7
4029190,9.883444632777069,6
4029211,9.455108090149539,21
4029219,9.840179706647055,8
4029221,9.970296352763327,2
4029224,9.95591096086445,3
4029235,9.765578940936043,11
4029245,9.770247189508686,10
4029258,9.69892468673505,13
4029267,9.838713660908466,9
4029276,9.810743017704919,9
4029280,9.9384075113078,4
4029289,9.817454347715676,9
4029297,9.824269051404762,8
4029302,9.91274061864153,5
4029317,9.658480594139375,15
4029321,9.944434137368575,4
4029334,9.70493327220059,13
4029337,9.957264373402046,3
4029348,9.790311857910996,11
4029357,9.810057265349622,9
4029362,9.93009161580256,5
4029373,9.76710648181338,11
4029379,9.907324650576532,6
4029384,9.92557714815869,5
4029392,9.866049554275547,8
4029402,9.793833010484407,10
4029406,9.93058098812754,4
4029415,9.793205708008,9
4029416,10.0,1
4029432,9.643018397511689,16
4029433,10.0,1
4029443,9.781812171567001,10
4029448,9.913261453535778,5
4029459,9.790611788888143,11
4029460,10.0,1
4029469,9.814561157779785,9
4029476,9.890051683354507,7
4029478,9.97110001204851,2
4029483,9.932134301529137,5
4029498,9.68826779796881,15
4029506,9.838231669510524,8
4029523,9.574220664576085,17
4029528,9.923570326050736,5
4029534,9.9008800693844,6
4029537,9.944498351863354,3
4029543,9.880113853356397,6
4029547,9.93589521093342,4
4029551,9.935713604580627,4
4029557,9.893772283511138,6
4029570,9.642006629453306,13
4029634,8.972584968627288,64
4029641,9.879765530093213,7
4029653,9.72354002767287,12
4029660,9.873412107387226,7
4029661,10.0,1
4029668,9.86559401693383,7
4029677,9.807834202548086,9
4029681,9.948564925824726,4
4029682,10.0,1
4029687,9.921179529018666,5
4029698,9.782166280869307,11
4029701,9.962898170744614,3
4029716,9.679937279834823,15
4029733,9.648383014975993,17
4029736,9.964501953977766,3
4029748,9.763674475261164,12
4029759,9.663917929925717,11
4029773,9.684199014578518,14
4029778,9.91552314272923,5
4029787,9.799636399357947,9
4029802,9.627876003705765,15
4029822,9.616484293656292,20
4029828,9.882121239622018,6
4029829,10.0,1
4029838,9.846992727375016,9
4029839,10.0,1
4029842,9.962452358024601,3
4029853,9.786997395797183,11
4029860,9.864048581002818,7
4029871,9.799918449620954,11
4029872,10.0,1
4029878,9.901872087181859,6
4029891,9.711922363200696,13
4029898,9.863522045225494,7
4029905,9.855047852056586,7
4029914,9.825687236427768,9
4029915,10.0,1
4029928,9.708956721472468,13
4029936,9.845894871986884,8
4029944,9.858567725786502,8
4029945,10.0,1
4029963,9.613470073348475,18
4029983,9.546579588744443,20
4029984,9.995864735981005,1
4029993,9.81314545323921,9
4030000,9.859922517780735,7
4030002,9.970982645382302,2
4030008,9.898177207703467,6
4030015,9.870314934522218,7
4030025,9.77662032021944,10
4030031,9.879836590794525,6
4030039,9.838240983908312,8
4030042,9.951088429347806,3
4030043,10.0,1
4030051,9.843299829436603,8
4030060,9.793136328864096,9
4030069,9.82343713671906,9
4030080,9.747744833290124,11
4030089,9.816693167801285,9
4030106,9.594328865096498,17
4030114,9.85460262405544,8
4030121,9.88721271778593,7
4030127,9.873095269473442,6
4030146,9.345979347736105,19
4030158,9.739605033730832,12
4030163,9.917311727735491,5
4030170,9.874278827906858,7
4030171,10.0,1
4030179,9.81896126496187,8
4030180,10.0,1
4030195,9.68425713545056,15
4030205,9.773683271247277,10
4030215,9.837954951904798,10
4030225,9.798483410589599,10
4030234,9.829944139884475,9
4030241,9.863951621171497,7
4030246,9.907290412719982,5
4030249,9.961319377608023,3
4030255,9.896603413176383,6
4030260,9.911828971984663,5
4030265,9.914614002807722,5
4030277,9.745358850915943,12
4030279,9.985122459470539,2
4030290,9.73264556509553,11
4030295,9.924704405691205,5
4030300,9.917980472680922,5
4030305,9.923224959609854,5
4030314,9.826697611683356,9
4030325,9.778902394771318,11
4030337,9.79618405477102,12
4030349,9.7221893403165,12
4030358,9.808938360425437,9
4030365,9.783164223557865,7
4030374,9.83064649835492,9
4030384,9.789872393121767,10
4030392,9.837160575168642,8
4030393,10.0,1
4030395,9.975393635280334,2
4030396,9.98929985472009,1
4030406,9.788922660208767,10
4030418,9.738258144715271,12
4030426,9.856977893686855,8
4030430,9.942885233477336,4
4030442,9.765221752051158,12
4030449,9.8705535989825,7
4030462,9.726235655488916,13
4030463,10.0,1
4030465,9.976522732796106,2
4030475,9.81190801284729,10
4030484,9.826270798207007,9
4030501,9.601594073207549,17
4030506,9.91284699372438,5
4030507,9.989026024442248,1
4030515,9.826613740063117,8
4030523,9.837501574984014,8
4030537,9.66188819397746,14
4030547,9.76213912682227,10
4030559,9.756412514873583,12
4030575,9.64625978119935,16
4030583,9.86045621176394,8
4030584,10.0,1
4030594,9.80873485931316,10
4030600,9.903873719772765,6
4030611,9.760759082886269,11
4030618,9.877575379812644,7
4030628,9.78828715852321,10
4030643,9.663022921484485,15
4030653,9.81624783845596,10
4030660,9.879314148682159,7
4030668,9.822869618554511,8
4030683,9.667846972643263,15
4030692,9.818473297945754,9
4030700,9.832862650315505,8
4030714,9.635995692248926,14
4030724,9.768607084910242,10
4030730,9.897109096524918,6
4030742,9.743447512199614,12
4030743,10.0,1
4030748,9.925933680648022,5
4030760,9.734862913961404,12
4030776,9.589325080073701,16
4030779,9.956211867635407,3
4030789,9.789048156985565,10
4030798,9.824809719320665,9
4030809,9.766749607647768,11
4030821,9.734665294453007,12
4030832,9.771402515480322,11
4030838,9.893898788560664,6
4030846,9.859863427864088,8
4030847,9.99303284749021,1
4030860,9.666049663248476,13
4030871,9.769939993331135,11
4030884,9.692185553003062,13
4030894,9.735979280168538,10
4030895,10.0,1
4030907,9.769779353579837,12
4030916,9.830666473451359,9
4030929,9.742637153809605,13
4030936,9.848910436432702,7
4030941,9.921264347971135,5
4030945,9.930394588302942,4
4030951,9.903668740407742,6
4030963,9.727989441150603,12
4030970,9.879835476162203,7
4030974,9.948492841931408,4
4030979,9.895778780906928,5
4030980,10.0,1
4030988,9.853225990809147,8
4030997,9.70590073201556,9
4030999,9.973149338415327,2
4031010,9.750668893110928,11
4031011,10.0,1
4031024,9.715887008583922,13
4031030,9.918749726650011,6
4031032,9.971112467953269,2
4031038,9.884952130776629,6
4031045,9.881564580585644,7
4031046,10.0,1
4031056,9.79422928657173,10
4031062,9.877537467815687,6
4031074,9.74409911083452,12
4031082,9.827925298538798,8
4031088,9.905510627051086,6
4031096,9.846089699143242,8
4031099,9.954097260211901,3
4031103,9.95048317172437,4
4031111,9.869177049219061,8
4031118,9.870509880510303,7
4031122,9.949456358777052,4
4031127,9.92670835503733,5
4031134,9.885015804687354,7
4031138,9.956774229019647,4
4031143,9.900654926745588,5
4031150,9.870419590679715,7
4031157,9.870396021468727,7
4031166,9.796268537117012,9
4031174,9.849422964783855,8
4031181,9.869139026209542,7
4031192,9.792549307492058,11
4031195,9.962616304381777,3
4031209,9.67543915627198,14
4031221,9.746637652643043,12
4031232,9.77677920536445,11
4031237,9.909855450827203,5
4031239,9.969908804407355,2
4031248,9.835060483590167,9
4031257,9.809414034061295,9
4031273,9.622564039955513,16
4031274,10.0,1
4031280,9.894249741855651,6
4031295,9.676099579792654,15
4031303,9.849096488396361,8
4031308,9.922493999654248,5
4031316,9.84448979359286,8
4031327,9.751003151049161,11
4031330,9.855421593007765,3
4031337,9.866908361771864,7
4031347,9.786655207920347,10
4031360,9.703973587281547,13
4031367,9.878697586067666,7
4031371,9.924471034338195,4
4031379,9.855039266185932,8
4031392,9.71978033343552,13
4031400,9.826466430759513,8
4031409,9.797753374835755,9
4031417,9.847980901992315,8
4031418,10.0,1
4031423,9.917028799022129,5
4031428,9.919793012300298,5
4031429,9.992692814385778,1
4031433,9.925496289563714,4
4031442,9.812855586553349,9
4031443,10.0,1
4031445,9.977310987119475,2
4031450,9.936273611285712,5
4031460,9.782208447776126,10
4031469,9.844365144481241,9
4031471,9.982136459947023,2
4031476,9.937995090247695,5
4031486,9.792065539655962,10
4031495,9.833140809054528,9
4031499,9.950929036019431,4
4031514,9.67961376526919,15
4031515,10.0,1
4031527,9.727367339099173,12
4031534,9.877303662403286,7
4031549,9.6921717332432,15
4031555,9.88090493254615,6
4031563,9.854613198646957,8
4031571,9.849184540819742,8
4031585,9.68174064678148,14
4031593,9.869120729898718,8
4031602,9.81699073124128,9
4031603,10.0,1
4031609,9.894807399576598,6
4031615,9.87478595462497,6
4031629,9.672632698509785,14
4031635,9.892127937757497,6
4031641,9.90601150332104,6
4031649,9.881329585330253,8
4031652,9.951202812056511,3
4031654,9.97779651496021,2
4031667,9.725397023547654,13
4031674,9.877376017335868,7
4031684,9.793845532968055,10
4031694,9.800226883938558,10
4031699,9.922534501282835,5
4031704,9.92861648282159,5
4031705,10.0,1
4031706,10.0,1
4031714,9.839979110318387,8
4031718,9.9392830388685,4
4031721,9.851974860420382,3
4031736,9.667313805146723,15
4031740,9.931280021752029,4
4031746,9.893730520850454,6
4031750,9.936302918973974,4
4031755,9.921998784232896,5
4031773,9.63537449762305,18
4031780,9.85900552653872,7
4031791,9.783129870499303,11
4031795,9.955888400453563,4
4031807,9.724734777718748,12
4031815,9.838433176721137,8
4031827,9.74007695092712,12
4031845,9.619882315264695,18
4031858,9.753569469197073,13
4031873,9.730278624036076,15
4031885,9.769764395430496,12
4031895,9.781287040471089,10
4031902,9.67938451202554,7
4031909,9.86718946331236,7
4031916,9.864833770300136,7
4031920,9.944619091787777,4
4031938,9.573452020393026,18
4031946,9.863810982219253,8
4031956,9.659220242194047,10
4031964,9.837558495760783,8
4031967,9.96962909539123,3
4031973,9.913459425306792,6
4031978,9.914202440481395,5
4031980,9.978576471582805,2
4031987,9.850459181141506,7
4031997,9.847149650864035,10
4031998,10.0,1
4032009,9.775883411961356,11
4032015,9.88066115020149,6
4032023,9.821660904870512,8
4032035,9.735223091524414,12
4032040,9.92432432458132,5
4032047,9.859864078854722,7
4032054,9.844257997907526,7
4032063,9.822596483860549,9
4032074,9.78031806181005,11
4032075,10.0,1
4032084,9.793311086715848,9
4032085,9.995746757487208,1
4032096,9.751013425980968,11
4032110,9.691292546519472,14
4032116,9.906962354849961,6
4032124,9.833922464240512,8
4032127,9.956857705992288,3
4032136,9.82013365141637,9
4032143,9.881143465861912,7
4032153,9.805288215993084,10
4032169,9.647776683602352,16
4032178,9.865438548845026,9
4032190,9.781656683551347,12
4032201,9.746249824072173,11
4032208,9.86633507602525,7
4032211,9.953509616131212,3
4032221,9.792156757025058,10
4032231,9.792789288964231,10
4032242,9.750465272914706,11
4032250,9.814910504962175,8
4032256,9.900501924234955,6
4032266,9.796205560012181,10
4032273,9.858610259370915,7
4032278,9.9278165511834,5
4032291,9.699809245329707,13
4032298,9.875455621901686,7
4032304,9.871762730363736,6
4032320,9.608388362385101,16
4032324,9.947801153922928,4
4032333,9.826524346573382,9
4032341,9.852932665108694,8
4032343,9.974844234863284,2
4032351,9.846661550583995,8
4032352,10.0,1
4032364,9.746035688562547,12
4032376,9.726006464496647,12
4032382,9.88259961217675,6
4032393,9.802122145839617,11
4032394,10.0,1
4032398,9.930773048051089,4
4032402,9.943806593190251,4
4032403,9.992050560724689,1
4032421,9.553961825468262,18
4032424,9.971978693683585,3
4032429,9.920047457278912,5
4032507,8.589452551192348,78
4032524,9.633552263653486,17
4032537,9.707728137796526,13
4032544,9.906156686194192,7
4032556,9.746784789305806,12
4032568,9.737019785786213,12
4032578,9.83756078432285,10
4032581,9.967985880386736,3
4032586,9.92073646941623,5
4032602,9.623839064651278,16
4032614,9.722288869961767,12
4032621,9.859394106944809,7
4032628,9.860226702067159,7
4032637,9.863598637516207,9
4032643,9.805578139579172,6
4032649,9.889213683046998,6
4032660,9.769708637386964,11
4032672,9.758650349554465,12
4032686,9.680385576016457,14
4032698,9.734135993670721,12
4032709,9.738522919578209,11
4032713,9.94195628989584,4
4032727,9.696020138634346,14
4032737,9.784556505353008,10
4032744,9.78516437534318,7
4032753,9.845674897519034,9
4032761,9.87671645445622,8
4032772,9.735645830603234,11
4032773,10.0,1
4032774,10.0,1
4032789,9.66257390963313,15
4032792,9.967926152662924,3
4032799,9.850096338174705,7
4032804,9.92357037388039,5
4032808,9.940483819954075,4
4032809,9.988947964075916,1
4032810,10.0,1
4032820,9.816422162696348,10
4032824,9.934216942447195,4
4032836,9.727662375525677,12
4032845,9.844569591581656,9
4032851,9.880416292411937,6
4032862,9.776286838571977,11
4032867,9.914674474430063,5
4032876,9.849628207816354,9
4032883,9.875492558151635,7
4032894,9.755199730037734,11
4032903,9.831430141478005,9
4032919,9.630899046083897,16
4032922,9.965409309536819,3
4032933,9.77055522713642,11
4032940,9.843359278637545,7
4032947,9.891493178196884,7
4032948,9.995990609252368,1
4032954,9.870791774184088,6
4032967,9.726236149734204,13
4032970,9.971112157200652,3
4032983,9.7525927764584,13
4032996,9.531936402559047,13
4032999,9.95562495423604,3
4033005,9.904915470229987,6
4033012,9.863299323759934,7
4033022,9.793600523366587,10
4033038,9.64347115893025,16
4033056,9.58125028456405,18
4033073,9.638154740996907,17
4033086,9.702793702446211,13
4033097,9.75756563294858,11
4033098,10.0,1
4033099,10.0,1
4033105,9.91548985306526,6
4033113,9.86054602679954,8
4033117,9.944022019561183,4
4033132,9.67784220879702,15
4033136,9.937148169226472,4
4033144,9.850338203608002,8
4033149,9.93498808463742,5
4033162,9.720999376036534,13
4033173,9.800806712862979,11
4033183,9.78375055951441,10
4033189,9.892778192815861,6
4033213,9.56718610646998,24
4033225,9.75784822279788,12
4033239,9.670532850168705,14
4033252,9.740164583891948,13
4033265,9.726061432831997,13
4033274,9.728982412629591,9
4033282,9.814539741486188,8
4033291,9.805347305101835,9
4033295,9.930282088347326,4
4033296,9.988879720223109,1
4033308,9.762950064601132,12
4033316,9.82425679784969,8
4033330,9.384830764119993,14
4033336,9.890720912330842,6
4033347,9.77720808858562,11
4033354,9.8786640256797,7
4033359,9.905702563536522,5
4033371,9.761384320373825,12
4033372,9.988952449058385,1
4033376,9.933848432836411,4
4033385,9.823637829592412,9
4033393,9.849574157771947,8
4033401,9.866157396658123,8
4033416,9.649645899261595,15
4033417,10.0,1
4033418,10.0,1
4033424,9.917519569420701,6
4033427,9.957590896012103,3
4033434,9.870599852923805,7
4033440,9.916976712743798,6
4033453,9.705267063522308,13
4033469,9.610656114671066,16
4033478,9.79969602826045,9
4033488,9.783183058432268,10
4033496,9.867857489487461,8
4033507,9.793073051934226,11
4033508,10.0,1
4033524,9.686467140806485,16
4033532,9.826177242419096,8
4033544,9.729505999337817,12
4033549,9.914885413714838,5
4033550,10.0,1
4033563,9.776548698818102,13
4033570,9.870657049718552,7
4033572,9.974780531867518,2
4033573,10.0,1
4033578,9.919511896453281,5
4033587,9.827158055100462,9
4033596,9.632991091695095,9
4033610,9.70640615766645,14
4033620,9.782374674518378,10
4033624,9.945922616079061,4
4033635,9.77490189042657,11
4033643,9.85200387324074,8
4033655,9.716575293598112,12
4033662,9.868023085317871,7
4033671,9.844846936097605,9
4033679,9.852128538560065,8
4033687,9.85416390797816,8
4033697,9.801799831663336,10
4033700,9.947712944281612,3
4033712,9.74714538987722,12
4033725,9.727843714331236,13
4033731,9.899558574376623,6
4033741,9.786549397597675,10
4033754,9.696331916627946,13
4033763,9.835230121167895,9
4033777,9.68756931696343,14
4033788,9.770266796875648,11
4033794,9.907602994349524,6
4033804,9.811354741998645,10
4033817,9.696569946357835,13
4033823,9.89140525155783,6
4033832,9.812199638656475,9
4033840,9.859290661956289,8
4033845,9.911613463750609,5
4033851,9.894891908577527,6
4033866,9.675160291970263,15
4033874,9.845778332262384,8
4033889,9.70984583791608,15
4033896,9.889157593872259,7
4033911,9.649085325438168,15
4033916,9.91674217198453,5
4033925,9.817049113489805,9
4033946,9.521100363657524,21
4033947,10.0,1
4033957,9.821516695181106,10
4033967,9.791303322330275,10
4033977,9.815460193679021,10
4033994,9.747469250057677,17
4034000,9.902586051888182,6
4034015,9.668163048366425,15
4034029,9.671744092743575,14
4034037,9.853478896864289,8
4034045,9.847945245805876,8
4034046,10.0,1
4034055,9.82386723848607,9
4034063,9.852366943964197,8
4034067,9.941271214471138,4
4034081,9.690041590670265,14
4034087,9.87837210553302,6
4034091,9.938594799831904,4
4034107,9.61389606620226,16
4034115,9.853786027774763,8
4034116,10.0,1
4034122,9.904807460827337,6
4034129,9.852361252178529,7
4034144,9.66258688873192,15
4034158,9.696302753939834,14
4034162,9.925436649575332,4
4034168,9.920014933312553,6
4034176,9.824565499488944,8
4034185,9.789469454535691,9
4034193,9.854357913517278,8
4034211,9.58463563664019,18
4034218,9.849732447085279,7
4034224,9.887634393116437,6
4034225,10.0,1
4034230,9.924203009815658,5
4034240,9.782191476413876,10
4034252,9.760898255564392,12
4034253,10.0,1
4034261,9.820916448625146,8
4034272,9.752498440013863,11
4034282,9.816533985418479,10
4034287,9.908188503798225,5
4034307,9.609151347428424,20
4034317,9.804341272100478,10
4034322,9.927363431151706,5
4034329,9.87712262139174,7
4034330,10.0,1
4034338,9.862272311482652,8
4034358,9.521825510108533,20
4034371,9.75623696445212,13
4034380,9.812534001304964,9
4034389,9.802108717876488,9
4034399,9.830545815136073,10
4034401,9.971108404977935,2
4034411,9.777424365212937,10
4034422,9.566718823511312,11
4034435,9.725692915120929,13
4034436,10.0,1
4034445,9.84515375128927,9
4034450,9.932500246886768,5
4034457,9.882545129997519,7
4034462,9.924089436483115,5
4034465,9.970497967906802,3
4034472,9.856792773293408,7
4034484,9.722679848480933,12
4034488,9.946468463465354,4
4034491,9.95557511040945,3
4034502,9.795478608604185,11
4034512,9.789469248152104,10
4034520,9.855034749756225,8
4034527,9.858408917129905,7
4034534,9.860497372963485,7
4034546,9.656503154460404,12
4034557,9.744034691300316,11
4034563,9.888608145274032,6
4034571,9.843117600603646,8
4034578,9.864578027676822,7
4034579,10.0,1
4034584,9.914712815162506,5
4034593,9.806776045159141,9
4034597,9.931854629542691,4
4034613,9.636604940904585,16
4034621,9.855008347218934,8
4034631,9.78060488832844,10
4034635,9.930982081974365,4
4034650,9.649096074593194,15
4034660,9.798103907939415,10
4034670,9.786438369343621,10
4034676,9.880578632211014,6
4034684,9.851142566106631,8
4034693,9.816263202390362,9
4034698,9.914464809812653,5
4034709,9.764917211760771,11
4034715,9.872162260957527,6
4034722,9.867694484683307,7
4034731,9.805357469042878,9
4034734,9.965447249631941,3
4034740,9.886236597236865,6
4034753,9.698601187909642,13
4034759,9.88767417127978,6
4034769,9.798023309621607,10
4034776,9.868487179427104,7
4034785,9.81681495977812,9
4034796,9.777226981264503,11
4034804,9.853412662500892,8
4034806,9.983631567920568,2
4034817,9.771703076661325,11
4034822,9.928034251922812,5
4034828,9.88801978202623,6
4034829,10.0,1
4034838,9.81171126870563,9
4034851,9.714197671529801,13
4034862,9.820990466009368,11
4034867,9.931996582711927,5
4034874,9.862468106298758,7
4034879,9.930701146187113,5
4034885,9.89385802695864,6
4034888,9.949904918737627,3
4034896,9.824191913617033,8
4034903,9.866070617749385,7
4034910,9.896668192205286,7
4034924,9.676576240843493,14
4034927,9.95630361787789,3
4034936,9.816695560104645,9
4034951,9.65952411000257,15
4034958,9.887910885983834,7
4034965,9.867820699319086,7
4034973,9.834320866753886,8
4034984,9.763491273137832,11
4034988,9.954613746668931,4
4035000,9.763633834715204,12
4035008,9.848719248212623,8
4035009,9.987834271489776,1
4035017,9.85068485083411,8
4035031,9.71030293903403,14
4035037,9.886815054090464,6
4035048,9.777005228273948,11
4035049,10.0,1
4035058,9.83343851191827,9
4035077,9.52102116424579,19
4035094,9.629653554718303,17
4035104,9.594700402803376,10
4035115,9.790465507116526,11
4035125,9.802546931116314,10
4035126,10.0,1
4035133,9.865495558196816,7
4035134,10.0,1
4035139,9.900275479188888,5
4035147,9.834222066890165,8
4035155,9.825706702839003,8
4035156,10.0,1
4035163,9.873112160353777,7
4035178,9.633178695923682,15
4035190,9.743725111854808,12
4035199,9.826169109697059,9
4035208,9.831760324239074,9
4035211,9.949153115195706,3
4035219,9.838036043203383,8
4035223,9.932242095978125,4
4035235,9.742243357227869,12
4035253,9.621244486066084,18
4035260,9.860064783113312,7
4035267,9.851961187243697,7
4035272,9.926383871587142,5
4035278,9.894598583074764,6
4035283,9.929682570756091,5
4035289,9.882672689966059,6
4035303,9.684120917645343,14
4035309,9.897305017777223,6
4035318,9.828780099412272,9
4035326,9.849147269340696,8
4035337,9.79092712659848,11
4035343,9.88826859019234,6
4035352,9.821083931647621,9
4035363,9.772624075872368,11
4035369,9.89443082544467,6
4035378,9.799133372519957,9
4035379,10.0,1
4035388,9.812167867045579,9
4035401,9.709794819808364,13
4035407,9.915334165360472,6
4035412,9.933628597976943,5
4035422,9.78183571445032,10
4035429,9.853839949255578,7
4035448,9.586565747367535,19
4035455,9.866763221418498,7
4035467,9.708078639975392,12
4035473,9.894723317217235,6
4035479,9.797271965883308,6
4035484,9.93685115992627,5
4035487,9.958812570563337,3
4035499,9.74463602452666,12
4035513,9.70137149914901,14
4035523,9.774678879516145,10
4035531,9.828214510006003,8
4035536,9.918369804184216,5
4035550,9.693574709537884,14
4035557,9.85306025426061,7
4035565,9.846877900574132,8
4035575,9.775672581833682,10
4035590,9.663889040510622,15
4035606,9.653086165039488,16
4035616,9.819252311569372,10
4035619,9.960969922148532,3
4035627,9.845290986980363,8
4035634,9.863783045746176,7
4035638,9.936899282970092,4
4035643,9.904258191293017,5
4035648,9.91203706383068,5
4035661,9.714928845113244,13
4035667,9.882562339628613,6
4035677,9.805698090615909,10
4035681,9.940398336281186,4
4035691,9.77625014720239,10
4035698,9.851464419382994,7
4035710,9.753505669586215,12
4035715,9.921796466898966,5
4035733,9.630831472390032,18
4035735,9.97403802960437,2
4035742,9.874398664202397,7
4035750,9.844956432853323,8
4035759,9.853730168240382,9
4035764,9.91710941927812,5
4035770,9.888937855771204,6
4035774,9.93817755007612,4
4035775,9.987587740043045,1
4035786,9.794452160846857,11
4035794,9.852979590307024,8
4035800,9.891320119725094,6
4035805,9.80505782247953,5
4035806,10.0,1
4035815,9.816962661938698,9
4035816,10.0,1
4035827,9.766398943331529,11
4035828,10.0,1
4035838,9.7904056504228,10
4035847,9.832137289379622,9
4035857,9.686275151884043,10
4035864,9.856000782646149,7
4035869,9.916643856070293,5
4035873,9.940485898621713,4
4035885,9.736894454952479,12
4035894,9.86841593244587,9
4035899,9.91061389416354,5
4035909,9.69674121291633,10
4035913,9.944642123649857,4
4035916,9.951123317350335,3
4035928,9.719104354921718,12
4035935,9.879302803674925,7
4035949,9.664763190277071,14
4035962,9.772371211187298,13
4035972,9.795502727717166,10
4035979,9.858496147122192,7
4035984,9.91332843550153,5
4035995,9.748953316339518,11
4036006,9.651589241921856,11
4036011,9.913252312315045,5
4036012,9.996657500404455,1
4036017,9.911377023749827,5
4036023,9.909176547016582,6
4036028,9.917941468524164,5
4036037,9.839964576079858,9
4036045,9.830468745319417,8
4036054,9.816547925565912,9
4036064,9.792907618977543,10
4036079,9.653801608183572,15
4036080,10.0,1
4036089,9.804679985944377,9
4036096,9.898799659368239,7
4036108,9.75321492011456,12
4036118,9.847933275005897,10
4036128,9.807024699542362,10
4036136,9.895610932074122,8
4036137,10.0,1
4036149,9.769515179845483,12
4036163,9.518724770464543,14
4036171,9.856001463380993,8
4036177,9.903898744655722,6
4036182,9.907223470122052,5
4036183,10.0,1
4036199,9.678254998680185,16
4036209,9.786187089557172,10
4036217,9.838175008227816,8
4036225,9.843404497151521,8
4036231,9.883396822895987,6
4036731,-210.67438173530638,500
4036736,9.93263117954312,5
4036737,10.0,1
4036752,9.655809370632044,15
4036766,9.668909040907495,14
4036767,9.995777011108288,1
4036769,9.980435277680003,2
4036776,9.881621771802516,7
4036785,9.81323356998421,9
4036792,9.904904543027557,7
4036807,9.649986079875958,15
4036821,9.709136102488495,14
4036833,9.754806863740175,12
4036841,9.842241579674656,8
4036846,9.919496439690889,5
4036857,9.777728294632501,11
4036864,9.878397932373616,7
4036871,9.861656512718096,7
4036882,9.7453517438007,11
4036895,9.49040601019231,13
4036904,9.820517097042455,9
4036908,9.921625271601357,4
4036913,9.924598059047375,5
4036921,9.84364131872351,8
4036933,9.72159240006502,12
4036944,9.760457711376723,11
4036953,9.83879113842906,9
4036961,9.895153450277716,8
4036971,9.780093856850355,10
4036980,9.805721560312888,9
4036987,9.881688403722572,7
4036990,9.961628040287822,3
4036992,9.974137428172819,2
4036996,9.941488276819522,4
4037003,9.876542972088691,7
4037010,9.889613020386577,7
4037022,9.72619867941588,12
4037025,9.954465470491188,3
4037036,9.76020129897701,11
4037045,9.815508637069714,9
4037057,9.727002075397342,12
4037067,9.771091927158302,10
4037078,9.76363113706869,11
4037101,9.59081369817304,23
4037107,9.908626345185397,6
4037119,9.728494336070185,12
4037127,9.828353746990162,8
4037140,9.71935397934236,13
4037150,9.79843990066181,10
4037154,9.95135596016577,4
4037164,9.807010056878728,10
4037179,9.674480314149266,15
4037186,9.887341062692036,7
4037193,9.867281405475573,7
4037199,9.887674943120617,6
4037200,10.0,1
4037207,9.907076647591362,7
4037214,9.866774229753046,7
4037218,9.941654259947702,4
4037226,9.818506337873258,8
4037234,9.848846502195654,8
4037241,9.861954130598939,7
4037242,10.0,1
4037251,9.78859377580918,9
4037258,9.872523241378003,7
4037263,9.913899517613169,5
4037264,10.0,1
4037265,10.0,1
4037273,9.844690160516079,8
4037286,9.72613642794629,13
4037295,9.845689393477558,9
4037309,9.715373635875757,14
4037318,9.809609525326602,9
4037329,9.779621372106783,11
4037335,9.904850896062328,6
4037343,9.834550115944412,8
4037348,9.925884800851783,5
4037362,9.681101728568432,14
4037375,9.745942702261516,13
4037385,9.602145459305161,10
4037400,9.69950120259456,15
4037412,9.757233605872637,12
4037417,9.916302576452548,5
4037432,9.697551490052497,15
4037441,9.816573384604986,9
4037449,9.838651714141347,8
4037457,9.821310719976493,8
4037470,9.69494739494255,13
4037480,9.783705707969698,10
4037492,9.745807579161957,12
4037499,9.886143198196237,7
4037512,9.711816423500368,13
4037526,9.689135177325946,14
4037533,9.898931747728021,7
4037536,9.968532986104083,3
4037555,9.588753865962907,19
4037556,10.0,1
4037563,9.878253766117057,7
4037571,9.835021143285491,8
4037575,9.931404853791538,4
4037592,9.666844138710148,17
4037602,9.814071603686681,10
4037613,9.79073928025039,11
4037618,9.933695659419222,5
4037625,9.856066181041426,7
4037628,9.961050984113601,3
4037638,9.817664497895526,10
4037646,9.844672360345863,8
4037655,9.81242281497278,9
4037664,9.835411753883086,9
4037671,9.896569080787112,7
4037680,9.729562261146704,9
4037689,9.80505947795247,9
4037691,9.97526322215652,2
4037700,9.8223874804088,9
4037704,9.940532829287186,4
4037709,9.920111453932709,5
4037718,9.801499377158216,9
4037731,9.760127960022961,13
4037732,10.0,1
4037739,9.767571465397488,7
4037748,9.84208029800135,9
4037749,9.992714494310686,1
4037762,9.692105563248443,13
4037769,9.871634527875308,7
4037776,9.866366619884847,7
4037779,9.960271663500484,3
4037780,10.0,1
4037789,9.7962423131109,9
4037792,9.957979113927976,3
4037805,9.727835181622467,13
4037814,9.819999715418941,9
4037819,9.922219604971993,5
4037835,9.59060896485661,16
4037846,9.777656734316457,11
4037847,10.0,1
4037853,9.889724890611538,6
4037862,9.824896339199224,9
4037875,9.68523965532471,13
4037887,9.751079240180353,12
4037897,9.810692626302059,10
4037907,9.774859136631738,10
4037929,9.462204085592532,22
4037934,9.910279386380177,5
4037940,9.891170448966893,6
4037948,9.834101730789989,8
4037953,9.918361588621456,5
4037956,9.96709666448109,3
4037965,9.821106964531104,9
4037966,10.0,1
4037973,9.881001447217432,7
4037979,9.89778841618489,6
4037988,9.814481437615102,9
4037993,9.915752039435336,5
4038006,9.743470383328445,13
4038012,9.883274381318197,6
4038018,9.905770925039741,6
4038024,9.874908931246988,6
4038032,9.889148266776541,8
4038049,9.597658576493432,17
4038062,9.700668223711096,13
4038072,9.796549638663882,10
4038086,9.687633876245842,14
4038096,9.821810004806498,10
4038104,9.827071499799093,8
4038124,9.40165617599079,20
4038130,9.889052205749245,6
4038141,9.767772988807165,11
4038153,9.73480741346753,12
4038161,9.85362862146929,8
4038164,9.965107199092005,3
4038173,9.801730995673894,9
4038183,9.785884417064327,10
4038184,10.0,1
4038192,9.835402348851316,8
4038197,9.922875429853246,5
4038205,9.855686755275496,8
4038215,9.786486604576023,10
4038230,9.656632274136072,15
4038238,9.85749577173544,8
4038245,9.892158129770143,7
4038264,9.55501520006318,19
4038265,10.0,1
4038272,9.866617281453191,7
4038277,9.920337840919215,5
4038283,9.802378205623528,6
4038293,9.798282586796345,10
4038294,10.0,1
4038297,9.95523768599737,3
4038307,9.59052387910363,10
4038318,9.78324492586026,11
4038339,9.524292119431392,21
4038345,9.89250970194139,6
4038352,9.886025062350589,7
4038363,9.783135933338938,11
4038374,9.728910940275647,11
4038377,9.955603110613438,3
4038386,9.800138401739215,9
4038387,10.0,1
4038399,9.76460388380703,12
4038400,10.0,1
4038403,9.953461915507372,3
4038412,9.790103023649369,9
4038421,9.803124237885184,9
4038436,9.545248449330499,15
4038446,9.778917936267847,10
4038457,9.767293815902143,11
4038468,9.77793694463717,11
4038481,9.722148290037577,13
4038493,9.709116220333334,12
4038501,9.857208649834003,8
4038504,9.9615708396083,3
4038516,9.774452285708257,12
4038528,9.757242129055092,12
4038538,9.707108631525648,10
4038542,9.844553842257342,4
4038555,9.738840250967318,13
4038566,9.761036571662494,11
4038581,9.643104219071887,15
4038594,9.716239002873467,13
4038600,9.893273248898266,6
4038615,9.646254993382742,15
4038624,9.835319696835997,9
4038634,9.810936964028116,10
4038639,9.92378805660155,5
4038651,9.7203596793059,12
4038657,9.87911129575555,6
4038668,9.737009811606715,11
4038674,9.868770101753444,6
4038685,9.555845071144448,11
4038697,9.737439470607342,12
4038702,9.913992478086197,5
4038719,9.618205271993544,17
4038728,9.827431412351494,9
4038744,9.613261703080523,16
4038764,9.600968486109513,20
4038775,9.742119965754984,11
4038781,9.884742705474165,6
4038789,9.844460616299685,8
4038815,9.389211686135777,26
4038825,9.777368323986511,10
4038838,9.702796382230817,13
4038852,9.71332266590909,14
4038853,9.988439089143174,1
4038861,9.851467786061145,8
4038871,9.763698802025667,10
4038881,9.836450822252582,10
4038892,9.744025694865531,11
4038904,9.766459554141408,12
4038917,9.714272477656934,13
4038925,9.84146786836718,8
4038932,9.913619782835498,7
4038943,9.78479378034046,11
4038955,9.758446396185672,12
4038956,10.0,1
4038959,9.966167994521312,3
4038964,9.927090306468756,5
4038973,9.832522317399404,9
4038980,9.873344676555536,7
4038989,9.817646607991826,9
4039000,9.766110432834816,11
4039006,9.908181140455907,6
4039013,9.893765060331356,7
4039025,9.732613679749747,12
4039026,9.988126198106006,1
4039032,9.896996042780241,6
4039041,9.834480109587645,9
4039050,9.834001053803197,9
4039062,9.76236010374341,12
4039063,10.0,1
4039074,9.568671132003653,11
4039093,9.585754473037765,19
4039098,9.916150541510826,5
4039112,9.679652715334115,14
4039116,9.948817647113799,4
4039117,10.0,1
4039125,9.843414044969636,8
4039135,9.784656751836364,10
4039153,9.604182052448692,18
4039158,9.931170773604387,5
4039165,9.896418714193048,7
4039175,9.775252349367586,10
4039185,9.816064694705053,10
4039199,9.703578601969879,14
4039205,9.897529069533919,6
4039210,9.898402657250282,5
4039213,9.964360562173127,3
4039220,9.870815876433818,7
4039225,9.925214941436662,5
4039226,10.0,1
4039231,9.920635181150786,5
4039242,9.76320909874031,11
4039251,9.827569216656698,9
4039252,9.99660882248464,1
4039260,9.835631954781947,8
4039267,9.875876461487263,7
4039280,9.711918063388255,13
4039289,9.801438045341733,9
4039302,9.724923292483636,13
4039310,9.850238209674135,8
4039316,9.894888583474346,6
4039320,9.935991762021208,4
4039326,9.88962079542357,6
4039327,9.991814744495066,1
4039336,9.84091047694288,9
4039338,9.971626554288697,2
4039347,9.830196843784028,9
4039357,9.787915602016652,10
4039370,9.70123883013657,13
4039379,9.814583726590644,9
4039393,9.700241131951149,14
4039397,9.923757949264209,4
4039401,9.942626904196096,4
4039412,9.752306489753364,11
4039423,9.758880581864771,11
4039434,9.756149673638896,11
4039442,9.841249287068715,8
4039506,-11.283004574001858,64
4039520,9.681774902709613,14
4039528,9.824309825484528,8
4039538,9.778528584219915,10
4039557,9.53978077811812,19
4039562,9.919652844649093,5
4039566,9.923875464865835,4
4039567,9.987708133059822,1
4039575,9.836705347237158,8
4039584,9.827121962879076,9
4039590,9.905055285483307,6
4039594,9.940517526121386,4
4039604,9.767411555884362,10
4039611,9.797880960468026,7
4039625,9.670409802955913,14
4039646,9.595673162336631,21
4039649,9.956348924251513,3
4039659,9.775816035251445,10
4039664,9.919640126664971,5
4039672,9.844969630394928,8
4039673,10.0,1
4039679,9.893345484159827,6
4039692,9.682604626342192,13
4039701,9.801128690265003,9
4039714,9.73149489068229,13
4039723,9.809698983879837,9
4039731,9.85529627477553,8
4039737,9.88584406931734,6
4039749,9.714929091966374,12
4039753,9.943802723785126,4
4039761,9.842802504162636,8
4039763,9.96990894173493,2
4039768,9.901541880692582,5
4039773,9.925602821566232,5
4039779,9.890960201261706,6
4039786,9.902675709352307,7
4039790,9.94507203770243,4
4039791,10.0,1
4039798,9.8677413968304,7
4039812,9.703573707428344,14
4039823,9.759902502828487,11
4039827,9.953632272619567,4
4039842,9.648743265192936,15
4039849,9.858852098262995,7
4039859,9.770951723347236,10
4039863,9.933681691208276,4
4039870,9.881481745982457,7
4039883,9.694770125154914,13
4039892,9.815242322266705,9
4039893,10.0,1
4039894,10.0,1
4039902,9.83937110616174,8
4039918,9.660131348339856,16
4039923,9.909053169041412,5
4039924,9.992112447997618,1
4039936,9.748977981801563,12
4039947,9.78419137463676,11
4039954,9.865562098196946,7
4039976,9.230093385159988,22
4039985,9.797821776515,9
4039990,9.900987095895555,5
4039993,9.961888919672072,3
4040004,9.775355177943602,11
4040013,9.813591646925882,9
4040014,10.0,1
4040023,9.8219205594544,9
4040032,9.82055381428003,9
4040045,9.734768128073316,13
4040049,9.939753878169574,4
4040063,9.706241966366973,14
4040073,9.79838152069642,10
4040089,9.631180974049023,16
4040093,9.935535767873969,4
4040100,9.84722165330267,7
4040110,9.780315852340815,10
4040121,9.78569186681575,11
4040126,9.937431885063816,5
4040131,9.917883964147867,5
4040141,9.784407651659796,10
4040148,9.86607983013191,7
4040157,9.835356364330536,9
4040168,9.815740618931413,11
4040172,9.928734685809264,4
4040180,9.840498624381661,8
4040189,9.83119824513929,9
4040190,10.0,1
4040198,9.837816401061602,8
4040212,9.677647841914142,14
4040213,10.0,1
4040226,9.704426770836086,13
4040230,9.93764110503489,4
4040235,9.918447673317402,5
4040248,9.732648199765492,13
4040257,9.828942109269203,9
4040265,9.814589101089995,8
4040266,9.996294671180788,1
4040274,9.82446364975554,8
4040279,9.920860730180031,5
4040289,9.797733814118224,10
4040296,9.86465620595286,7
4040300,9.936931068204927,4
4040301,10.0,1
4040311,9.028144298960502,10
4040322,9.796329679458314,11
4040323,10.0,1
4040327,9.93822415925538,4
4040339,9.719228250722086,12
4040346,9.875352564251555,7
4040349,9.952401583669934,3
4040368,9.537101315057443,19
4040373,9.921451509160203,5
4040378,9.90978106644005,5
4040389,9.767103033803284,11
4040401,9.751214410372205,12
4040410,9.84198513347885,9
4040416,9.883866541439657,6
4040417,10.0,1
4040420,9.963443268379683,3
4040426,9.88892330656731,6
4040431,9.921101440200122,5
4040435,9.942749822604783,4
4040444,9.84341776123363,9
4040445,9.993192611093761,1
4040453,9.854065670227625,8
4040462,9.826971210852212,9
4040468,9.894428482353682,6
4040475,9.903582922791648,7
4040489,9.724907552299582,14
4040494,9.913081371175172,5
4040496,9.97935550686761,2
4040504,9.853875224793725,8
4040509,9.917351139193128,5
4040515,9.907668761888406,6
4040529,9.685019650804149,14
4040530,10.0,1
4040539,9.815703866450466,9
4040540,10.0,1
4040549,9.810501560664452,9
4040550,10.0,1
4040561,9.74908744448215,11
4040572,9.675731782793486,11
4040583,9.790151917681078,11
4040596,9.701146916643639,13
4040604,9.83820373453611,8
4040612,9.85496380538565,8
4040622,9.7899612692885,10
4040626,9.938319810288412,4
4040633,9.855934707255015,7
4040645,9.753716041216444,12
4040654,9.827420267036317,9
4040655,10.0,1
4040662,9.866765211786841,7
4040674,9.757013869971383,12
4040677,9.949276826178016,3
4040691,9.70727299113865,14
4040699,9.847752516241409,8
4040707,9.834669113166045,8
4040717,9.794958692339236,10
4040722,9.916471497032633,5
4040723,10.0,1
4040724,10.0,1
4040734,9.814739139345011,10
4040746,9.729491008169523,12
4040759,9.776228923218337,13
4040773,9.667316875675134,14
4040783,9.787654329772987,10
4040794,9.765661431366146,11
4040808,9.676089430067845,14
4040821,9.7307987721965,13
4040835,9.67441780367787,14
4040839,9.942478626310272,4
4040840,10.0,1
4040851,9.58653812616641,11
4040864,9.69612839314759,13
4040877,9.757906129276147,13
4040891,9.6821848659867,14
4040898,9.879957958726674,7
4040906,9.8450223205396,8
4040920,9.66580701900415,14
4040928,9.847263960981635,8
4040940,9.715631969915906,12
4040944,9.949180172868825,4
4040948,9.950663824170535,4
4040960,9.750814287022994,12
4040969,9.825480563626087,9
4040970,10.0,1
4040977,9.861345734709062,7
4040986,9.84378104488061,9
4040996,9.833157559252266,10
4041005,9.802925543983871,9
4041006,10.0,1
4041012,9.909406031030393,6
4041026,9.667968497900066,14
4041032,9.906437402633252,6
4041042,9.825837939059587,10
4041049,9.877707389257932,7
4041057,9.831331362791941,8
4041060,9.957584001392497,3
4041073,9.703551995284608,13
4041078,9.914304313844285,5
4041082,9.938679756201026,4
4041090,9.849092999100174,8
4041102,9.745546428726414,12
4041113,9.751853770793264,11
4041126,9.691776802588294,13
4041131,9.906520617177533,5
4041140,9.7985685035119,9
4041150,9.802186565043058,10
4041159,9.810978894454397,9
4041172,9.735383887039614,13
4041184,9.721242585990767,12
4041188,9.938270968574411,4
4041192,9.741892621991793,4
4041207,9.65430714154544,15
4041219,9.724422372032716,12
4041230,9.763661277146287,11
4041234,9.94241559861879,4
4041247,9.723034374579878,13
4041258,9.55678928258995,11
4041270,9.758426988728177,12
4041278,9.842401716326425,8
4041288,9.778768487724989,10
4041295,9.86356550048878,7
4041309,9.68705888000536,14
4041312,9.953888991420047,3
4041326,9.690132794803855,14
4041335,9.832678552299505,9
4041348,9.736956049587258,13
4041357,9.820027695299355,9
4041368,9.74419745895167,11
4041376,9.869231387452533,8
4041378,9.979257965093387,2
4041388,9.79176994799122,10
4041394,9.892247307001051,6
4041404,9.800680925581045,10
4041412,9.844565078902285,8
4041423,9.764875696915922,11
4041427,9.942994606089998,4
4041438,9.757999459232552,11
4041451,9.759502625899698,13
4041462,9.793453328986462,11
4041467,9.927066854593969,5
4041477,9.789914747903342,10
4041484,9.88026256482644,7
4041494,9.826685456843334,10
4041506,9.63310158588858,12
4041510,9.926821818652263,4
4041513,9.962784866105842,3
4041521,9.740093520995682,8
4041534,9.745213936532773,13
4041542,9.847869280442602,8
4041548,9.883557674661382,6
4041556,9.855001664986347,8
4041559,9.958600617133028,3
4041565,9.905659618137632,6
4041573,9.836590195655019,8
4041584,9.771876425155904,11
4041589,9.92620741957597,5
4041593,9.944184332759562,4
4041603,9.811627081088673,10
4041605,9.975574032617716,2
4041614,9.828740016297639,9
4041631,9.652659029550588,17
4041636,9.934540559161112,5
4041637,10.0,1
4041638,9.988752300772967,1
4041646,9.84413085202061,8
4041647,10.0,1
4041652,9.925942246068042,5
4041654,9.973606570805593,2
4041660,9.903022889648202,6
4041667,9.860990915147934,7
4041671,9.943953473687621,4
4041672,10.0,1
4041679,9.877390435358697,7
4041690,9.740468284931111,11
4041694,9.934230990067697,4
4041702,9.86031510762392,8
4041710,9.854872341704274,8
4041712,9.971802107775865,2
4041719,9.877794418024784,7
4041722,9.958023161234449,3
4041735,9.519630638833412,13
4041736,9.995943589706162,1
4041743,9.871284164881748,7
4041754,9.757822547850228,11
4041760,9.888947217914083,6
4041772,9.727529615873825,12
4041778,9.89833109499291,6
4041791,9.74124703605669,13
4041797,9.898492852640643,6
4041803,9.895489478096717,6
4041804,10.0,1
4041816,9.750365131120043,12
4041824,9.857845508006621,8
4041833,9.81210154421193,9
4041842,9.798530889172007,9
4041849,9.877933720501874,7
4041855,9.906158608853126,6
4041864,9.824585450074677,9
4041876,9.723337721649425,12
4041879,9.964493436808512,3
4041885,9.888648487059339,6
4041904,9.58709784690618,19
4041912,9.844274166017156,8
4041923,9.765990377364407,11
4041932,9.80081140368034,9
4041933,10.0,1
4041943,9.768126936636826,10
4041954,9.773662695788305,11
4041959,9.909822854761252,5
4041962,9.972672126453709,3
4041967,9.922734555311761,5
4041981,9.675636279300754,14
4041999,9.659042278267819,18
4042006,9.86764260226158,7
4042015,9.726375187567276,9
4042030,9.663305735928745,15
4042035,9.931389258970766,5
4042047,9.75249382918181,12
4042056,9.795284751275295,9
4042064,9.838853510032406,8
4042080,9.609725077330866,16
4042085,9.918492673604703,5
4042092,9.890118090826439,7
4042098,9.907446386693465,6
4042099,10.0,1
4042103,9.949923251708332,4
4042120,9.625516822302133,17
4042132,9.746377436930462,12
4042135,9.95933155582095,3
4042140,9.917461538396466,5
4042143,9.96188472293478,3
4042153,9.801322916819,10
4042172,9.531132970325665,19
4042179,9.860756306136297,7
4042186,9.866655258672278,7
4042190,9.933137837699377,4
4042209,9.550690573193437,19
4042210,10.0,1
4042218,9.85461120903204,8
4042224,9.897146217745373,6
4042233,9.806511163944418,9
4042243,9.825375975511658,10
4042254,9.778544066439219,11
4042265,9.761915722151093,11
4042275,9.800958530550298,10
4042287,9.735679411716115,12
4042288,9.99324988770644,1
4042295,9.854079072481785,7
4042301,9.88341813451386,6
4042307,9.890689769222476,6
4042316,9.703880136205688,9
4042322,9.893104598572407,6
4042330,9.847113552658067,8
4042341,9.770676719507588,11
4042344,9.968359048138549,3
4042355,9.767448232716104,11
4042361,9.895830558222594,6
4042372,9.765609147464605,11
4042382,9.798218620691909,10
4042393,9.75951461172281,11
4042394,10.0,1
4042395,10.0,1
4042402,9.872067598857637,7
4042410,9.862312739185176,8
4042417,9.866035537644175,7
4042421,9.929331114817781,4
4042422,10.0,1
4042423,10.0,1
4042429,9.887230425657119,6
4042437,9.845258280686151,8
4042443,9.87733179282923,6
4042451,9.74396367880782,8
4042460,9.813640248897107,9
4042461,10.0,1
4042468,9.899417339049627,7
4042474,9.874679724124622,6
4042484,9.781004541375669,10
4042492,9.846231753828464,8
4042500,9.861761377903118,8
4042505,9.908585680203121,5
4042518,9.698760606594831,13
4042523,9.707317872846692,5
4042535,9.740492140238649,12
4042545,9.806186927279704,10
4042557,9.741853040110776,12
4042564,9.884292334633617,7
4042572,9.854702401028696,8
4042582,9.781669511296688,10
4042586,9.942660908966479,4
4042602,9.645544211128675,16
4042606,9.94525927395791,4
4042613,9.881866083383589,7
4042616,9.959438560840663,3
4042617,10.0,1
4042628,9.752977492871212,11
4042640,9.760426498355427,12
4042644,9.941497697795787,4
4042655,9.776945862971175,11
4042656,10.0,1
4042667,9.771848618729027,11
4042672,9.911721130960144,5
4042684,9.734533615614636,12
4042695,9.678112637501625,11
4042705,9.684674465127413,10
4042713,9.860103234485146,8
4042724,9.776935941401453,11
4042736,9.751274519686126,12
4042741,9.937892316048961,5
4042757,9.664189464073715,16
4042762,9.9349540374187,5
4042763,9.987600474262992,1
4042766,9.953991045676581,3
4042769,9.963884289685142,3
4042783,9.68920851201509,14
4042790,9.883399908097177,7
4042791,10.0,1
4042807,9.652418682208861,16
4042812,9.900424312225676,5
4042821,9.72747217434751,9
4042828,9.868207150111976,7
4042847,9.514109048649606,19
4042852,9.906137241212187,5
4042856,9.94114261467602,4
4042864,9.84772946528928,8
4042869,9.91722056709039,5
4042870,10.0,1
4042875,9.910584840280688,5
4042883,9.845881100232837,8
4042884,9.988342638728952,1
4042885,10.0,1
4042891,9.907230517923608,6
4042892,10.0,1
4042893,10.0,1
4042906,9.718593801482836,13
4042907,10.0,1
4042918,9.74809593455962,11
4042928,9.84757925537533,10
4042936,9.868695891119827,8
4042946,9.793395881742981,10
4042958,9.738136272569582,12
4042965,9.877086362241299,7
4042972,9.874899871330516,7
4042977,9.921583696223117,5
4042986,9.786810635898078,9
4042990,9.930375999883346,4
4042995,9.929610408330323,5
4043001,9.866298916415603,6
4043012,9.763762786449629,11
4043023,9.774327604741279,11
4043032,9.80589161741342,9
4043037,9.9113650235114,5
4043045,9.859850793002932,8
4043049,9.95405945325735,4
4043058,9.790746389846404,9
4043065,9.889026563711209,7
4043075,9.776325030423955,10
4043089,9.696316451336642,14
4043095,9.896892918758548,6
4043107,9.76209284747369,12
4043122,9.719898455300534,15
4043128,9.877895926800116,6
4043143,9.675334052298915,15
4043153,9.793973842040693,10
4043163,9.799768875451235,10
4043164,10.0,1
4043169,9.915033475239913,5
4043172,9.953267574778272,3
4043184,9.736324264336014,12
4043196,9.735471929669215,12
4043206,9.799403433455051,10
4043217,9.763243146277238,11
4043230,9.756536149322542,13
4043242,9.748271335571413,12
4043256,9.67681028120003,14
4043263,9.870103308485074,7
4043279,9.633820926900205,16
4043289,9.819682286406819,10
4043307,9.376182202983667,18
4043316,9.81749255911119,9
4043317,10.0,1
4043324,9.881823351783492,7
4043328,9.937203934542893,4
4043364,9.17619428438053,36
4043377,9.750885797935759,13
4043388,9.76604121558152,11
4043401,9.44499861938171,13
4043414,9.73748439347769,13
4043415,10.0,1
4043429,9.668344277709279,14
4043433,9.742580814023816,4
4043444,9.779452861701278,11
4043461,9.635240372163139,17
4043473,9.740838215106793,12
4043478,9.916661706587345,5
4043486,9.639202022930425,8
4043494,9.846961338444665,8
4043495,10.0,1
4043509,9.595925884136834,14
4043516,9.903425549358738,7
4043518,9.972156408534332,2
4043528,9.777461111956187,10
4043533,9.899417104046897,5
4043543,9.799126911352214,10
4043550,9.868151626789349,7
4043556,9.890989338177711,6
4043568,9.73491089311237,12
4043578,9.83867785580941,10
4043590,9.785906583538738,12
4043605,9.634089523867821,15
4043616,9.7704391810456,11
4043624,9.854897334863384,8
4043630,9.88285770380788,6
4043644,9.698652713151056,14
4043650,9.901705225633224,6
4043663,9.706336965136478,13
4043671,9.83377645876614,8
4043677,9.890150894118612,6
4043686,9.815105173523277,9
4043710,9.42550882379773,24
4043711,10.0,1
4043723,9.770508157090104,12
4043730,9.858739451119918,7
4043744,9.471415859855258,14
4043756,9.723375817115853,12
4043761,9.897868160019783,5
4043767,9.881333611500137,6
4043770,9.94927643606478,3
4043777,9.902176305373532,7
4043784,9.88132793013875,7
4043789,9.94237562552256,5
4043808,9.533822304895756,19
4043809,10.0,1
4043814,9.934389417015128,5
4043822,9.861226326684317,8
4043832,9.8081569600709,10
4043843,9.755300886890689,11
4043846,9.965669582734531,3
4043854,9.882071220903798,8
4043865,9.780710657301746,11
4043890,9.567783179087277,25
4043909,9.73837207161828,19
4043919,9.771735596504643,10
4043930,9.766191592010834,11
4043940,9.779183514231917,10
4043947,8.487830998053102,7
4043957,9.797054558257784,10
4043962,9.914374055168123,5
4043971,9.82292649482946,9
4043975,9.931754797309635,4
4043981,9.90130555884829,6
4043982,10.0,1
4043996,9.698496400353005,14
4044004,9.838081271187427,8
4044013,9.812034916728004,9
4044015,9.971918145869548,2
4044026,9.767470801402418,11
4044047,9.476680752295668,21
4044056,9.636349937084567,9
4044078,9.521033015266333,22
4044088,9.836327854199192,10
4044089,10.0,1
4044090,9.99236861573574,1
4044105,9.649138128685497,15
4044124,9.622128167450645,19
4044133,9.829604770090794,9
4044146,9.72603983196529,13
4044147,10.0,1
4044160,9.713639451373918,13
4044161,10.0,1
4044166,9.93351745370505,5
4044176,9.780978283375878,10
4044186,9.781828159417914,10
4044196,9.806111520617183,10
4044205,9.840449918626947,9
4044216,9.760247788018857,11
4044227,9.777469328430326,11
4044239,9.731491195964278,12
4044246,9.881123009564227,7
4044254,9.828868267508708,8
4044255,10.0,1
4044258,9.950550858205684,3
4044271,9.733047547008688,13
4044280,9.80274857666491,9
4044291,9.241825222760747,11
4044296,9.90549342381809,5
4044306,9.793288689624,10
4044311,9.923834152086652,5
4044322,9.755523545832911,11
4044323,10.0,1
4044332,9.805521755057557,9
4044342,9.784031998211177,10
4044354,9.73994762434341,12
4044399,6.700097755143958,45
4044406,9.88521538896596,7
4044413,9.87495445843511,7
4044418,9.91584005652804,5
4044430,9.784028252224477,12
4044441,9.768519066636129,11
4044450,9.799360202189686,9
4044455,9.917392557797807,5
4044467,9.745234362448452,12
4044475,9.852935003878928,8
4044490,9.660423102979513,15
4044500,9.766734745257075,10
4044507,9.86983865902695,7
4044511,9.942563230814173,4
4044519,9.843379956333353,8
4044522,9.950805230260185,3
4044523,10.0,1
4044529,9.889529815644327,6
4044538,9.784825380648359,9
4044539,10.0,1
4044548,9.806868588239551,9
4044549,10.0,1
4044550,10.0,1
4044558,9.842848895814091,8
4044572,9.659055288389487,14
4044588,9.631959803049055,16
4044590,9.982049432984363,2
4044597,9.860703252480743,7
4044602,9.910706538006293,5
4044618,9.712882257578059,16
4044637,9.503977529937401,19
4044648,9.752477083003544,11
4044652,9.927762928821735,4
4044653,9.996321871176049,1
4044664,9.776216303618888,11
4044670,9.885475257067789,6
4044673,9.965713334245562,3
4044684,9.764926842330834,11
4044692,9.821753898307401,8
4044699,9.884493155490434,7
4044700,9.996411603590197,1
4044709,9.625414962440837,9
4044714,9.817754695091413,5
4044728,9.678850106815888,14
4044736,9.834464538545118,8
4044746,9.8236453539997,10
4044756,9.777134177153595,10
4044767,9.789210563466142,11
4044776,9.830152515198538,9
4044785,9.834894727721048,9
4044797,9.719004766052242,12
4044806,9.825840252428144,9
4044817,9.740028020353385,11
4044824,9.876470834509314,7
4044826,9.981811798305293,2
4044840,9.687080809808347,14
4044851,9.769180539044783,11
4044858,9.859699032637987,7
4044863,9.906289564332397,5
4044867,9.943564893221243,4
4044877,9.799138473175178,10
4044883,9.867603076224114,6
4044893,9.77613984519719,10
4044908,9.684580193420011,15
4044915,9.87286079579863,7
4044916,9.996428646144508,1
4044924,9.84731617774012,8
4044930,9.892026837333852,6
4044941,9.778730548628452,11
4044950,9.816476032554988,9
4044958,9.840454860762133,8
4044966,9.83401234454616,8
4044972,9.875717633072005,6
4044981,9.830654715359836,9
4044993,9.798684593887028,12
4045002,9.815610194796559,9
4045003,10.0,1
4045010,9.87329154476391,7
4045011,10.0,1
4045026,9.670202038254077,15
4045031,9.920878581462377,5
4045045,9.699577188064008,14
4045050,9.921920432768633,5
4045065,9.656938967485093,15
4045080,9.652145122814854,15
4045083,9.958853084795312,3
4045087,9.95362628133354,4
4045092,9.919754082358441,5
4045095,9.96429007144775,3
4045102,9.884010675404374,7
4045109,9.883625735212087,7
4045114,9.932168010084785,5
4045118,9.949039903604866,4
4045125,9.870183025972496,7
4045135,9.816076691932231,10
4045142,9.866461841799225,7
4045148,9.899049391454069,6
4045150,9.971768115875555,2
4045160,9.862365957509335,10
4045167,9.887893504419901,7
4045176,9.816002539289228,9
4045189,9.713212915738692,13
4045201,9.717920672176776,12
4045216,9.65760063318175,15
4045219,9.963636384383722,3
4045227,9.83767727412325,8
4045233,9.879358249469641,6
4045237,9.936505236163812,4
4045242,9.91881008452771,5
4045248,9.881238802231643,6
4045249,9.996512546833026,1
4045258,9.817333898140848,9
4045276,9.508619199630841,18
4045285,9.791938236389212,9
4045293,9.863687578444711,8
4045301,9.81914015746673,8
4045312,9.543247501464117,11
4045315,9.95316895760982,3
4045317,9.972699105928088,2
4045327,9.78321043907432,10
4045329,9.972807686841504,2
4045340,9.760779079438695,11
4045352,9.739054029838526,12
4045362,9.787106582409828,10
4045363,10.0,1
4045364,10.0,1
4045370,9.89572622847015,6
4045371,10.0,1
4045384,9.686404176964723,13
4045394,9.776217063618507,10
4045395,9.992731192304158,1
4045409,9.678027614848476,14
4045415,9.901643727491654,6
4045420,9.922974987406791,5
4045433,9.696097928661677,13
4045439,9.88511890741861,6
4045448,9.80290528971552,9
4045452,9.945669239629849,4
4045453,10.0,1
4045461,9.834404344341573,8
4045468,9.868800758765504,7
4045476,9.834779075886374,8
4045487,9.768415684671217,11
4045494,9.87719666678039,7
4045500,9.908366837222433,6
4045507,9.867653893672745,7
4045516,9.835944181052868,9
4045517,9.988924767373653,1
4045527,9.79042711210004,10
4045541,9.488974259336016,14
4045546,9.929624430337203,5
4045562,9.611009777769834,16
4045565,9.960837019424552,3
4045579,9.734604333375636,14
4045586,9.865818399235058,7
4045589,9.951387755035723,3
4045598,9.816439551956565,9
4045604,9.88536346694874,6
4045612,9.84893246968346,8
4045615,9.960560027605286,3
4046115,-82.22453792043954,500
4046615,-213.19770603968945,500
4047115,-212.58805829642935,500
4047615,-214.67146110426077,500
4048115,-214.17119123150135,500
4048615,-213.227266595556,500
4049115,-212.86676634432277,500
4049126,9.780124932887176,11
4049142,9.645493133332208,16
4049146,9.945045938786308,4
4049160,9.67869482243806,14
4049181,9.587088879468505,21
4049193,9.79001301384086,12
4049206,9.725453361182153,13
4049210,9.940985447852121,4
4049215,9.924272389697249,5
4049225,9.822590257700192,10
4049234,9.85865739872736,9
4049246,9.734788798308498,12
4049259,9.709433849871083,13
4049262,9.945186567840317,3
4049271,9.818380686080566,9
4049293,9.327545926086435,22
4049300,9.850910078975195,7
4049311,9.768242790243821,11
4049322,9.753264769814482,11
4049327,9.923452709703104,5
4049330,9.964486894363931,3
4049338,9.829013440610758,8
4049348,9.789588860579768,10
4049354,9.894462871296716,6
4049362,9.84994056869633,8
4049374,9.812345634141558,12
4049383,9.806274625895727,9
4049388,9.90770546617453,5
4049396,9.865315836931673,8
4049405,9.81235508577546,9
4049412,9.868083402490129,7
4049414,9.98537595963406,2
4049419,9.920928677295791,5
4049420,10.0,1
4049421,10.0,1
4049422,10.0,1
4049425,9.960812910809825,3
4049435,9.676616879171139,10
4049439,9.93629393949126,4
4049448,9.840717908330005,9
4049459,9.767278574091524,11
4049466,9.883687254228605,7
4049473,9.877122065337065,7
4049477,9.937084120466416,4
4049489,9.811086522243492,12
4049495,9.893695944924003,6
4049500,9.91039140584028,5
4049509,9.838186700317653,9
4049519,9.776463969975284,10
4049526,9.856153987686358,7
4049529,9.96411190290454,3
4049536,9.869824510441003,7
4049550,9.710070790312873,14
4049555,9.91774790780519,5
4049556,10.0,1
4049563,9.895875123989988,7
4049572,9.833601697237505,9
4049581,9.813230289130217,9
4049586,9.919310375625132,5
4049608,9.581784280683074,22
4049616,9.837292319085094,8
4049627,9.773195170598438,11
4049634,9.873552974134194,7
4049637,9.965379382598902,3
4049647,9.781964620278357,10
4049652,9.909312209369968,5
4049665,9.705627176775321,13
4049680,9.689818964372398,15
4049688,9.853127080827468,8
4049698,9.816420356503032,10
4049705,9.861800939056462,7
4049711,9.865136919872164,6
4049717,9.876920876173621,6
4049735,9.586228334857275,18
4049738,9.966968780318316,3
4049749,9.768436812104856,11
4049760,9.7587402853981,11
4049761,10.0,1
4049768,9.853928414772001,7
4049782,9.691388348961528,14
4049794,9.736226959198493,12
4049797,9.962714450331358,3
4049813,9.693235120934478,16
4049821,9.850570680424573,8
4049832,9.781792481449031,11
4049843,9.752163360595684,11
4049852,9.817982381622326,9
4049856,9.942730170452792,4
4049860,9.943929512225862,4
4049861,10.0,1
4049868,9.877441126069582,7
4049877,9.814660696307527,9
4049878,10.0,1
4049887,9.806266400650717,9
4049897,9.771407020919142,10
4049901,9.934986508341858,4
4049910,9.83091625666525,9
4049924,9.65747566155749,14
4049937,9.727340440082928,13
4049950,9.692751526812708,13
4049951,10.0,1
4049961,9.505614377746905,10
4049964,9.960550709452288,3
4049966,9.97907497252926,2
4049977,9.747652489084004,11
4049983,9.894815448050052,6
4049988,9.925378463570436,5
4049996,9.872251269190436,8
4049999,9.958033053129205,3
4050000,10.0,1
4050012,9.777738376224875,12
4050016,9.92779160145606,4
4050022,9.91190349349786,6
4050035,9.717216052660726,13
4050038,9.954566898108038,3
4050042,9.93787505744898,4
4050050,9.8387397337925,8
4050056,9.89584400657434,6
4050060,9.938012790118377,4
4050073,9.711066573323249,13
4050087,9.736958389941433,14
4050091,9.9411415409241,4
4050104,9.723215885230388,13
4050115,9.76458484659501,11
4050116,10.0,1
4050128,9.732257055468953,12
4050135,9.888154065603894,7
4050144,9.82254827706835,9
4050156,9.754246208451544,12
4050166,9.817300798273681,10
4050176,9.788256623478071,10
4050187,9.77243116490051,11
4050190,9.969534161154463,3
4050193,9.959064385561874,3
4050202,9.829898327662907,9
4050211,9.838802740162503,9
4050217,9.900567068521521,6
4050230,9.729008328807925,13
4050241,9.773941259508648,11
4050247,9.915147068489318,6
4050252,9.913021234226832,5
4050261,9.822530104840764,9
4050273,9.764463171853171,12
4050277,9.947761702322532,4
4050280,9.96002776873026,3
4050288,9.849047463217202,8
4050293,9.921975066814996,5
4050297,9.937479174095817,4
4050309,9.753621446532774,12
4050310,10.0,1
4050317,9.884063718540718,7
4050325,9.859035716421095,8
4050332,9.85461112679808,7
4050336,9.949644276215588,4
4050352,9.392398041182682,16
4050364,9.741687093304016,12
4050368,9.94111868357054,4
4050369,10.0,1
4050376,9.86971396777162,7
4050382,9.905281337109589,6
4050385,9.96540350769792,3
4050399,9.705428838880744,14
4050412,9.684495203402431,13
4050421,9.793809488645138,9
4050432,9.779874708012214,11
4050443,9.764797904594394,11
4050451,9.855442560775765,8
4050456,9.914234598560059,5
4050457,10.0,1
4050458,10.0,1
4050463,9.914449201484267,5
4050466,9.95909510529481,3
4050476,9.77264915942015,10
4050485,9.813434284064574,9
4050496,9.752805467823695,11
4050506,9.768120086509635,10
4050518,9.755387178108318,12
4050527,9.820857217948625,9
4050541,9.721440887026368,14
4050551,9.80830149755894,10
4050563,9.720401679767232,12
4050574,9.555892949849087,11
4050584,9.770298108379535,10
4050593,9.809041322346935,9
4050596,9.859915685623077,3
4050608,9.750612067710339,12
4050622,9.687528090875276,14
4050636,9.655678639022538,14
4050639,9.94429194227527,3
4050648,9.831694358427029,9
4050659,9.748795541819245,11
4050663,9.94466438224612,4
4050668,9.899268017954856,5
4050682,9.682165642733548,14
4050685,9.950922932036551,3
4050697,9.739150154079038,12
4050716,9.631178140831587,19
4050725,9.818011619609008,9
4050734,9.797654266416773,9
4050750,9.63229765508285,16
4050763,9.697748686545447,13
4050777,9.664780913765641,14
4050790,9.7013772663118,13
4050798,9.829969722813354,8
4050799,10.0,1
4050809,9.793510210790098,10
4050810,10.0,1
4050819,9.800158001507574,9
4050830,9.750915021106726,11
4050839,9.81333301698504,9
4050846,9.882568306243106,7
4050855,9.802492470553824,9
4050874,9.49936882260505,19
4050885,9.796594598925767,11
4050900,9.669823192406202,15
4050914,9.70771981642329,14
4050920,9.893185400602627,6
4050926,9.893844345730244,6
4050938,9.729052831047301,12
4050939,10.0,1
4050955,9.644344864699475,16
4050966,9.775954021253227,11
4050974,9.862086820216678,8
4050979,9.906748722506103,5
4050984,9.941851742670314,5
4050994,9.691476220230062,10
4051002,9.850800722204351,8
4051011,9.803573485030016,9
4051014,9.964645525520442,3
4051024,9.779746366245968,10
4051034,9.80854095493333,10
4051040,9.881389114517194,6
4051045,9.911159743851778,5
4051048,9.962389402213812,3
4051054,9.903692297198337,6
4051057,9.957720199475153,3
4051064,9.863047703462922,7
4051074,9.80797548627806,10
4051081,9.853524803661049,7
4051090,9.75135501017127,9
4051098,9.840996479956777,8
4051101,9.964387650231114,3
4051111,9.78310978524641,10
4051117,9.901009465751729,6
4051129,9.712157955873785,12
4051140,9.686129777282758,11
4051152,9.805843136718313,12
4051160,9.846170272138849,8
4051164,9.94118616824473,4
4051174,9.807789380217836,10
4051179,9.80323124799871,5
4051186,9.87439552921946,7
4051191,9.92831377914274,5
4051205,9.688132312982596,14
4051219,9.672149266071433,14
4051224,9.910652731375922,5
4051229,9.925039199104988,5
4051230,10.0,1
4051237,9.882964292305562,7
4051243,9.881495762094563,6
4051244,10.0,1
4051254,9.78948690394663,10
4051259,9.912041767061874,5
4051271,9.750690588198937,12
4051283,9.727644038441744,12
4051293,9.780268206066513,10
4051303,9.790384775122469,10
4051304,9.992432468429167,1
4051309,9.910948107566352,5
4051327,9.59285052794469,18
4051331,9.944103301847612,4
4051341,9.774218187077306,10
4051351,9.790103603106555,10
4051360,9.824311487041957,9
4051368,9.781516669913833,8
4051382,9.693448768777085,14
4051391,9.837718187399602,9
4051398,9.897224121828149,7
4051407,9.83076544348236,9
4051413,9.886448305539698,6
4051414,10.0,1
4051426,9.747297539380304,12
4051429,9.96876155149808,3
4051438,9.804471057712373,9
4051443,9.930974000411613,5
4051451,9.835517123393442,8
4051459,9.841812065214656,8
4051463,9.950128208639155,4
4051470,9.877291204911154,7
4051481,9.759225685859706,11
4051488,9.88180964543484,7
4051489,10.0,1
4051495,9.90492231982712,6
4051499,9.944882649941256,4
4051506,9.881881650394899,7
4051507,10.0,1
4051508,9.98955986094148,1
4051516,9.850205078942645,8
4051527,9.763488883118685,11
4051536,9.812191241036702,9
4051538,9.973251687071322,2
4051549,9.770559357799181,11
4051556,9.859253691753812,7
4051564,9.824734646759625,8
4051569,9.90894735053693,5
4051579,9.816547780928527,10
4051586,9.865490837740914,7
4051595,9.83747614535899,9
4051606,9.76757823354632,11
4051616,9.795315392635246,10
4051625,9.80694041431672,9
4051633,9.832123206237313,8
4051634,10.0,1
4051644,9.804653603427163,10
4051647,9.961205224223841,3
4051654,9.875140978436868,7
4051655,10.0,1
4051662,9.852574144604134,7
4051669,9.855894753175551,7
4051679,9.793676053566616,10
4051687,9.833514503288422,8
4051696,9.817073552605923,9
4051705,9.830216952002115,9
4051720,9.690679785172813,15
4051730,9.80652538394508,10
4051740,9.779378920455878,10
4051755,9.655531694536922,15
4051756,10.0,1
4051772,9.607269331609007,16
4051785,9.68248992808008,13
4051787,9.967440419781093,2
4051797,9.773255659196709,10
4051805,9.837922628560575,8
4051808,9.963937402108959,3
4051815,9.867508992815715,7
4051819,9.942975721432985,4
4051833,9.737509224589575,14
4051846,9.738252698024526,13
4051847,9.98783554628172,1
4051854,9.872572261790307,7
4051891,9.14839086000402,37
4051896,9.916807303005832,5
4051897,10.0,1
4051898,10.0,1
4051905,9.871973380981368,7
4051913,9.868979170806094,8
4051930,9.410730837574425,17
4051941,9.775185505223046,11
4051949,9.843655779141281,8
4051958,9.82569739353835,9
4051962,9.93545186222968,4
4051968,9.877725686149812,6
4051978,9.794441858497198,10
4051982,9.935549981039957,4
4051990,9.828476345697661,8
4052002,9.748987954654012,12
4052003,10.0,1
4052013,9.807638415760971,10
4052026,9.704287247855794,13
4052027,10.0,1
4052034,9.886335778509883,7
4052035,10.0,1
4052052,9.633790391589589,17
4052060,9.839185188107907,8
4052073,9.701271942756057,13
4052082,9.833794195026611,9
4052091,9.813722989867818,9
4052096,9.923883531130421,5
4052097,10.0,1
4052098,10.0,1
4052099,10.0,1
4052100,10.0,1
4052108,9.866993320100534,8
4052110,9.978246766476015,2
4052111,10.0,1
4052122,9.774900963730666,11
4052123,9.99236710915321,1
4052130,9.859400146943543,7
4052138,9.836902706447813,8
4052141,9.957337164942777,3
4052146,9.911473701868202,5
4052157,9.772840757914173,11
4052163,9.908620583183934,6
4052170,9.855791125445633,7
4052177,9.872826227362072,7
4052195,9.501200427759347,18
4052206,9.768069454645945,11
4052207,10.0,1
4052217,9.805293556001418,10
4052226,9.788582257907208,9
4052235,9.80576511210074,9
4052250,9.663809723557568,15
4052255,9.814756299062127,5
4052271,9.627197510876996,16
4052272,10.0,1
4052285,9.707909936272415,13
4052297,9.733196254937607,12
4052305,9.840608371239835,8
4052306,10.0,1
4052317,9.7634904956692,11
4052329,9.716415800427969,12
4052330,10.0,1
4052348,9.543638540699698,18
4052354,9.89566061805257,6
4052367,9.738550176600798,13
4052375,9.847991626963028,8
4052384,9.821109137705514,9
4052389,9.90955847066381,5
4052390,10.0,1
4052394,9.948786136166484,4
4052395,10.0,1
4052404,9.847481217753838,9
4052408,9.951761124341836,4
4052416,9.836845810747072,8
4052420,9.931658678722917,4
4052431,9.74463439706201,11
4052432,9.993094816870473,1
4052443,9.80719095248948,11
4052444,10.0,1
4052449,9.935517547112283,5
4052459,9.783762537012684,10
4052468,9.698489923382063,9
4052484,9.650973443469965,16
4052497,9.70194225366148,13
4052520,9.408632107114935,23
4052533,9.719062273097578,13
4052545,9.759601503388096,12
4052546,9.98763709209299,1
4052560,9.727461058376758,14
4052564,9.946362590066306,4
4052568,9.923067128777234,4
4052575,9.874681082629392,7
4052577,9.975263152835518,2
4052588,9.744824412111312,11
4052596,9.849017404960346,8
4052602,9.777599678992143,6
4052606,9.929298526027685,4
4052618,9.730983094018153,12
4052632,9.668927081267613,14
4052641,9.794279232363266,9
4052647,9.887135118953594,6
4052659,9.738847388690433,12
4052670,9.747643139518518,11
4052675,9.924524777226479,5
4052694,9.543271610462392,19
4052703,9.816190229003796,9
4052707,9.95381771956591,4
4052719,9.741923901991,12
4052720,10.0,1
4052730,9.795291811923812,10
4052740,9.776197212459248,10
4052746,9.907696479525374,6
4052758,9.742839820465148,12
4052767,9.811608545094913,9
4052768,10.0,1
4052783,9.696289314573924,15
4052791,9.833878966179553,8
4052800,9.852419385355946,9
4052801,10.0,1
4052810,9.799629759060828,9
4052814,9.931833382541752,4
4052830,9.678264720338596,16
4052837,9.892480111536766,7
4052851,9.73383158467808,14
4052863,9.78626859689921,12
4052871,9.83810769934615,8
4052885,9.669018540201781,14
4052893,9.844748008378447,8
4052903,9.789513609221391,10
4052905,9.974788775558586,2
4052910,9.9079056100058,5
4052920,9.811225284871332,10
4052928,9.849718773919346,8
4052935,9.842226300823123,7
4052944,9.805373928747642,9
4052954,9.825207115763407,10
4052955,10.0,1
4052962,9.776015044025103,7
4052967,9.92167603328612,5
4052970,9.954075116301173,3
4052986,9.522968111057535,16
4052992,9.88606267464191,6
4053006,9.682229461411481,14
4053020,9.73649453127315,14
4053033,9.71004372585263,13
4053041,9.8547883694271,8
4053045,9.93822671087307,4
4053054,9.813542613588561,9
4053068,9.71050969998781,14
4053076,9.825283003163047,8
4053092,9.687081016092456,16
4053100,9.859207664900813,8
4053113,9.723196773193195,13
4053122,9.820228544719559,9
4053134,9.727802465638172,12
4053151,9.651546291316047,17
4053168,9.609273776439005,17
4053169,10.0,1
4053171,9.976913908230665,2
4053173,9.97577170318523,2
4053187,9.669662396924116,14
4053192,9.938615924899793,5
4053204,9.733866555910595,12
4053212,9.839606369249585,8
4053226,9.679898295684552,14
4053239,9.719051197613021,13
4053250,9.743259587137283,11
4053251,10.0,1
4053261,9.801195694604116,10
4053266,9.92437899710112,5
4053277,9.761346017451501,11
4053284,9.790832437592977,7
4053285,10.0,1
4053294,9.626034099192108,9
4053296,9.972838174867196,2
4053314,9.480787593706971,18
4053325,9.73156873106054,11
4053332,9.661603530461731,7
4053348,9.638333971542545,16
4053362,9.690625203086563,14
4053373,9.77150514311071,11
4053381,9.847300588775049,8
4053393,9.735339623681087,12
4053404,9.73465532176383,11
4053412,9.83967073740487,8
4053426,9.722571228745329,14
4053434,9.843155585901803,8
4053444,9.788893842991428,10
4053450,9.89982063240989,6
4053457,9.867709589241864,7
4053464,9.885981630189152,7
4053465,10.0,1
4053484,9.51228317338764,19
4053499,9.701847962040974,15
4053505,9.891919857638895,6
4053519,9.691055753305733,14
4053526,9.661263629043354,7
4053534,9.811228629379642,8
4053539,9.939087313932275,5
4053546,9.890644024500146,7
4053551,9.91455930311643,5
4053556,9.935785826660203,5
4053566,9.782304663334743,10
4053567,9.989611962012773,1
4053585,8.727334475203222,18
4053597,9.450786746828674,12
4053611,9.762018844478547,14
4053621,9.817665392914623,10
4053633,9.74520150779233,12
4053645,9.75022035517858,12
4053652,9.867501527461075,7
4053658,9.903827780374218,6
4053668,9.78545427352509,10
4053680,9.759072681021541,12
4053687,9.858469606591267,7
4053696,9.823299052295962,9
4053702,9.894637917730062,6
4053713,9.774439312057053,11
4053714,10.0,1
4053722,9.865262747301964,8
4053726,9.929574263534283,4
4053730,9.931634587585684,4
4053736,9.900023078120297,6
4053744,9.829567165919775,8
4053756,9.711282432608254,12
4053762,9.883584294325534,6
4053771,9.791774461569284,9
4053778,9.867503227607173,7
4053786,9.85338324425725,8
4053789,9.96038750165351,3
4053790,10.0,1
4053794,9.936630778525275,4
4053805,9.790095250498473,11
4053806,10.0,1
4053817,9.771421444560259,11
4053831,9.728597090062141,14
4053842,9.790193893483865,11
4053851,9.877105824162339,9
4053856,9.938010093670872,5
4053863,9.888682919360924,7
4053874,9.76173258340338,11
4053881,9.881011351302533,7
4053889,9.837698193160382,8
4053901,9.730709849052559,12
4053908,9.865784820936216,7
4053911,9.954955716930954,3
4053918,9.871209817799361,7
4053931,9.70717993995112,13
4053938,9.871171529941593,7
4053942,9.946637721570184,4
4053953,9.769531361285368,11
4053958,9.927533741997697,5
4053969,9.755568671701939,11
4053985,9.745740648124434,16
4053990,9.908883030439043,5
4054002,9.749667148004807,12
4054010,9.642816468433882,8
4054015,9.917938057522349,5
4054019,9.74571060164753,4
4054020,9.992548748908476,1
4054033,9.733772862159134,13
4054038,9.922280065859056,5
4054046,9.850443541987861,8
4054059,9.711314148641195,13
4054069,9.79237191227286,10
4054076,9.891649599317766,7
4054086,9.808469582883122,10
4054096,9.77763600745314,10
4054105,9.798967990691235,9
4054117,9.754231846992734,12
4054130,9.699503060799,13
4054134,9.937361108396999,4
4054150,9.643943482493452,16
4054156,9.896947645755873,6
4054168,9.74126716103889,12
4054178,9.7983415825031,10
4054186,9.850979066628172,8
4054195,9.84185084786731,9
4054212,9.618906167678869,17
4054219,9.866919350634,7
4054225,9.913762448306866,6
4054229,9.944894042515658,4
4054235,9.898543990253005,6
4054246,9.75960229768645,11
4054248,9.975688772844517,2
4054262,9.685736577268877,14
4054276,9.692741680232096,14
4054280,9.933002384816676,4
4054289,9.814789047588677,9
4054303,9.667375057654443,14
4054314,9.751018510869272,11
4054321,9.765066595886214,7
4054329,9.8332337136409,8
4054349,9.488629108061216,20
4054350,10.0,1
4054362,9.727940445034259,12
4054378,9.672990255616895,16
4054389,9.778445264713651,11
4054394,9.927204295995638,5
4054396,9.980468570616948,2
4054403,9.657636176526944,7
4054412,9.83081547826898,9
4054423,9.783426471088703,11
4054425,9.978879370500334,2
4054430,9.92814439045589,5
4054434,9.94420869982304,4
4054447,9.71375922293945,13
4054456,9.849215791302937,9
4054465,9.82087106542442,9
4054469,9.947698871405523,4
4054497,9.5374537962084,28
4054498,10.0,1
4054500,9.97918579110683,2
4054513,9.701205112260853,13
4054523,9.776088202237267,10
4054530,9.866598192983266,7
4054547,9.618132052416998,17
4054553,9.873631781405601,6
4054555,9.976687838602261,2
4054562,9.880224881719467,7
4054573,9.774307180292622,11
4054590,9.633305086358897,17
4054600,9.809373411406954,10
4054609,9.825924377050693,9
4054618,9.796207289054049,9
4054628,9.795237289406789,10
4054639,9.769369426433798,11
4054655,9.649869217215207,16
4054662,9.897016327922909,7
4054664,9.970701223742834,2
4054668,9.951996965805364,4
4054679,9.7622509394825,11
4054685,9.891533583863916,6
4054688,9.952714726403675,3
4054696,9.851082705257369,8
4054703,9.880350795169155,7
4054711,9.84969871665445,8
4054721,9.800069805976102,10
4054727,9.789475178348807,6
4054735,9.853495032707723,8
4054742,9.877211528803524,7
4054758,9.734446576563819,16
4054764,9.912441798009521,6
4054777,9.734817170003168,13
4054790,9.748065379225341,13
4054794,9.934124617527607,4
4054804,9.77926822460861,10
4054815,9.777116149535084,11
4054828,9.715293074551345,13
4054835,9.871893924417563,7
4054843,9.825963138983983,8
4054844,9.989245047303582,1
4054851,9.869248705674009,7
4054863,9.74479928513454,12
4054871,9.847478031518964,8
4054877,9.894047840951433,6
4054889,9.745248489101687,12
4054894,9.924851397603959,5
4054906,9.728259799256145,12
4054907,10.0,1
4054915,9.846906476790771,8
4054919,9.941701507619065,4
4054920,9.993571251978617,1
4054933,9.71783231193673,13
4054947,9.691875623748883,14
4054959,9.784214065328214,12
4054965,9.906011312770481,6
4054975,9.817489530731299,10
4054986,9.790508117565864,11
4054997,9.790943768347416,11
4055004,9.870126129345064,7
4055005,9.993213399290488,1
4055014,9.814590210870604,9
4055025,9.773719426736662,11
4055031,9.893590808924907,6
4055040,9.813757934832903,9
4055053,9.736159998647551,13
4055054,10.0,1
4055069,9.66414997182043,15
4055076,9.856915884176466,7
4055092,9.654789306951987,16
4055097,9.92981269979667,5
4055100,9.958397008739402,3
4055106,9.900249069413386,6
4055111,9.920489628169822,5
4055122,9.775833668506674,11
4055145,9.348991982143573,23
4055148,9.95242979859979,3
4055155,9.845583482989467,7
4055164,9.80280519832932,9
4055170,9.89613110993761,6
4055175,9.931115802034842,5
4055176,10.0,1
4055185,9.818508241065668,9
4055190,9.90578749848155,5
4055205,9.667729973602096,15
4055213,9.8271929466337,8
4055214,9.996203061757665,1
4055223,9.823141157924919,9
4055229,9.887917187101415,6
4055239,9.787317082654289,10
4055243,9.93204707239191,4
4055245,9.97824332926118,2
4055254,9.802932360016234,9
4055260,9.893520605283637,6
4055263,9.96871394506021,3
4055269,9.901924473752645,6
4055279,9.82240435094585,10
4055283,9.938531629893935,4
4055299,9.651708954803567,16
4055304,9.936239249418094,5
4055312,9.87114031712837,8
4055325,9.700331845602038,13
4055331,9.907319500345436,6
4055342,9.771294047721435,11
4055353,9.793931692987423,11
4055363,9.76279023017082,10
4055376,9.709463725345598,13
4055388,9.729090312238643,12
4055399,9.79428317332047,11
4055403,9.928145500176413,4
4055412,9.834297536526671,9
4055424,9.721225469732346,12
4055426,9.9758194802538,2
4055427,10.0,1
4055442,9.435480070538883,15
4055459,9.307448744869024,17
4055473,9.700021011430698,14
4055500,9.419157571888022,27
4055510,9.797633402886504,10
4055520,9.816219300197046,10
4055535,9.676829278322916,15
4055539,9.939233019474875,4
4055540,10.0,1
4055546,9.887435257009487,6
4055557,9.750082441056094,11
4055566,9.73411776083862,9
4055580,9.668633866335217,14
4055587,9.877554014372365,7
4055598,9.764114821823386,11
4055606,9.824245212229673,8
4055615,9.79164464491738,9
4055627,9.768022137383333,12
4055633,9.907287174786507,6
4055634,10.0,1
4055648,9.672999579602147,14
4055660,9.734030650855521,12
4055670,9.803654836029711,10
4055676,9.915256121331174,6
4055687,9.755217284446678,11
4055690,9.960739023146006,3
4055695,9.918611799850908,5
4055705,9.823519294074812,10
4055719,9.663029682287663,14
4055729,9.784500269708108,10
4055730,10.0,1
4055731,10.0,1
4055736,9.93937747684783,5
4055747,9.758383395154748,11
4055756,9.837447604773619,9
4055757,10.0,1
4055768,9.782132957238254,11
4055781,9.75307218488337,13
4055782,10.0,1
4055786,9.942267101948358,4
4055796,9.796280754936609,10
4055806,9.816938331694592,10
4055814,9.860042148791676,8
4055825,9.75875589094164,11
4055836,9.775891296449492,11
4055846,9.793001623055318,10
4055856,9.7938232252829,10
4055859,9.970178071477969,3
4055860,10.0,1
4055871,9.776810946460108,11
4055876,9.911073904418686,5
4055879,9.960914750036405,3
4055882,9.95485367868312,3
4055886,9.945560110959264,4
4055887,10.0,1
4055893,9.908017658191394,6
4055900,9.846408400849596,7
4055911,9.764491160451147,11
4055918,9.874223055283755,7
4055919,10.0,1
4055929,9.761985132624726,10
4055937,9.848760787825297,8
4055943,9.895460282815161,6
4055950,9.871061147034535,7
4055954,9.938112797135522,4
4055965,9.745774229840555,11
4055969,9.937406748747255,4
4055970,10.0,1
4055992,9.49311588033484,22
4056060,8.058416761550726,68
4056070,9.783755385316258,10
4056071,10.0,1
4056072,10.0,1
4056083,9.738203128707196,11
4056090,9.892670733896683,7
4056098,9.865071380457508,8
4056109,9.772145336877148,11
4056117,9.870482180239904,8
4056134,9.629266818035017,17
4056143,9.826226839800055,9
4056152,9.80749837090239,9
4056155,9.971374366307316,3
4056165,9.804100905026766,10
4056177,9.733792857188968,12
4056187,9.824995532192183,10
4056192,9.918498700097416,5
4056199,9.884367680202178,7
4056200,10.0,1
4056204,9.944065163319342,4
4056210,9.910448209438195,6
4056213,9.953545629557233,3
4056217,9.941806154151587,4
4056230,9.765608671612236,13
4056730,-209.09129357873408,500
4056736,9.89799261510275,6
4056737,10.0,1
4056744,9.858444251066922,7
4056752,9.826655416961977,8
4056762,9.787555287634236,10
4056773,9.791511817940767,11
4056787,9.701299728726232,14
4056806,9.330715268849596,19
4056816,9.790038737818158,10
4056829,9.716603972544972,13
4056835,9.883946356991885,6
4056840,9.933363672772652,5
4056842,9.98231137135332,2
4056851,9.803476328627584,9
4056857,9.891141164608655,6
4056870,9.732384225325546,13
4056884,9.684954126259523,14
4056897,9.740838306733005,13
4056905,9.876706432289247,8
4056914,9.814542910295001,9
4056921,9.873991878897073,7
4056925,9.93103705861146,4
4056939,9.691534964944283,14
4056949,9.799058563667476,10
4056963,9.651824884019625,14
4056973,9.784478201192167,10
4056980,9.87832004664526,7
4056994,9.703394379904287,14
4057005,9.769174457755573,11
4057012,9.863353526853746,7
4057030,9.55938617884734,18
4057035,9.903463079881826,5
4057045,9.794573048961846,10
4057060,9.646399223542245,15
4057065,9.916355379980535,5
4057081,9.636483299672962,16
4057092,9.784645098478318,11
4057095,9.951908968364908,3
4057098,9.958249181113844,3
4057100,9.984791931844955,2
4057106,9.9000666362068,6
4057121,9.665614926686935,15
4057125,9.947883278307446,4
4057136,9.742948620960593,11
4057137,10.0,1
4057141,9.945604713172887,4
4057147,9.881429708567806,6
4057150,9.948949247990946,3
4057163,9.723623100256416,13
4057172,9.801274636970492,9
4057182,9.794349203755985,10
4057193,9.759172989562742,11
4057207,9.666094592489584,14
4057224,9.615583353671342,17
4057233,9.823369895611787,9
4057247,9.594868098577946,14
4057262,9.647036024794827,15
4057273,9.759475295821362,11
4057283,9.808965872387718,10
4057292,9.82020100799531,9
4057300,9.846088827168922,8
4057308,9.872906549611281,8
4057312,9.936207785434318,4
4057322,9.783833395979796,10
4057329,9.852083750262496,7
4057334,9.915872736679978,5
4057340,9.893077579974383,6
4057341,10.0,1
4057349,9.865247178352611,8
4057355,9.903318799489625,6
4057356,10.0,1
4057369,9.708975000825863,13
4057377,9.832999455511462,8
4057388,9.758636481647509,11
4057403,9.647024014583693,15
4057404,10.0,1
4057413,9.816488673108145,9
4057420,9.87427665125628,7
4057426,9.896154937261477,6
4057432,9.890466848659596,6
4057440,9.839495242505324,8
4057448,9.829679830043393,8
4057455,9.663125461932145,7
4057466,9.762910650892275,11
4057479,9.749804620768005,13
4057490,9.749528304563905,11
4057497,9.837617326475689,7
4057506,9.818469234432959,9
4057516,9.795708363791922,10
4057521,9.90436560854141,5
4057522,9.996638643032975,1
4057536,9.677060257564484,14
4057549,9.693016885201661,13
4057550,10.0,1
4057555,9.922596507757278,5
4057556,10.0,1
4057569,9.696001267108032,13
4057586,9.636039698643451,17
4057591,9.910992494459276,5
4057592,10.0,1
4057607,9.655554064144464,15
4057610,9.958208708221136,3
4057611,10.0,1
4057617,9.90907705558277,6
4057631,9.703504822530014,14
4057635,9.937880700164147,4
4057636,10.0,1
4057651,9.483940146807184,15
4057662,9.758029150654435,11
4057670,9.869416993985682,8
4057675,9.910640132589991,5
4057680,9.90735759766604,5
4057681,10.0,1
4057690,9.798868238624452,9
4057699,9.847269540832611,9
4057705,9.899592733233488,6
4057714,9.85319539605834,9
4057723,9.803465762263164,9
4057732,9.82547226753247,9
4057742,9.780274970665285,10
4057758,9.627338739160237,16
4057767,9.839850997927686,9
4057779,9.753424753258095,12
4057788,9.811336544922558,9
4057799,9.762043699309713,11
4057808,9.82026944915982,9
4057811,9.965937522222118,3
4057819,9.83955364151948,8
4057820,10.0,1
4057822,9.973230523998838,2
4057825,9.965475760166996,3
4057844,9.565887414219773,19
4057850,9.88156564456757,6
4057851,10.0,1
4057852,9.992277134406955,1
4057860,9.84713422400377,8
4057870,9.804436856604656,10
4057877,9.865290524813805,7
4057885,9.826153436722361,8
4057888,9.968914036870535,3
4057890,9.98069810230902,2
4057905,9.669769993559896,15
4057918,9.739575366166855,13
4057927,9.82088628982321,9
4057940,9.733573708597344,13
4057950,9.782114254508636,10
4057960,9.793264612849923,10
4057964,9.930905125814865,4
4057977,9.710021264366612,13
4057983,9.893752484152364,6
4057986,9.950285918639064,3
4057993,9.860648841204108,7
4058005,9.691062760469988,12
4058016,9.797910802788131,11
4058021,9.902676423344099,5
4058027,9.896258224607704,6
4058028,9.988914402582122,1
4058029,10.0,1
4058031,9.970095582803216,2
4058032,10.0,1
4058039,9.872122298425703,7
4058048,9.817640427714036,9
4058056,9.852777377131996,8
4058075,9.554665260295918,19
4058087,9.7414305751482,12
4058093,9.883030431364212,6
4058097,9.940463254285818,4
4058108,9.773932331864426,11
4058116,9.83772194417954,8
4058117,10.0,1
4058120,9.950865656678403,3
4058122,9.975550114955821,2
4058128,9.87248148061772,6
4058133,9.917200297610014,5
4058145,9.775947724026457,12
4058153,9.83812216484547,8
4058156,9.959493698393198,3
4058170,9.690935922511633,14
4058183,9.704157183619486,13
4058201,9.629436405408894,18
4058213,9.77290817680735,12
4058218,9.941337236534313,5
4058229,9.754986351706714,11
4058236,9.854975158113225,7
4058242,9.89033563591658,6
4058243,10.0,1
4058253,9.791883456643005,10
4058261,9.876503583082052,8
4058271,9.80347855005348,10
4058273,9.9712485473872,2
4058275,9.980071914835573,2
4058283,9.840697139694813,8
4058284,9.996399963940153,1
4058291,9.871372141582235,7
4058307,9.653742626106139,16
4058313,9.90614781027908,6
4058321,9.760858990145216,8
4058330,9.850192832154848,9
4058340,9.774488344228056,10
4058348,9.854753881100027,8
4058349,10.0,1
4058350,10.0,1
4058361,9.775022137500386,11
4058368,9.893013598115818,7
4058377,9.822375248845157,9
4058381,9.92786345543222,4
4058386,9.90750487200173,5
4058387,10.0,1
4058393,9.895333734279761,6
4058396,9.946932856904782,3
4058403,9.862509892697384,7
4058414,9.789303686027361,11
4058425,9.75629445335737,11
4058430,9.926631600854092,5
4058441,9.74333555995346,11
4058451,9.784902812586427,10
4058452,10.0,1
4058454,9.978530283953873,2
4058461,9.842478543638448,7
4058471,9.79980626925287,10
4058476,9.918715842216624,5
4058485,9.83685496759369,9
4058497,9.462773612030706,12
4058509,9.738009745084067,12
4058514,9.91428115356112,5
4058524,9.784856489393654,10
4058531,9.872758035075817,7
4058538,9.84441237503129,7
4058539,10.0,1
4058542,9.960656804021406,3
4058547,9.915943302770128,5
4058559,9.760545395544398,12
4058560,10.0,1
4058569,9.798786641671377,9
4058579,9.765414990127491,10
4058588,9.792172047987455,9
4058594,9.889181178649904,6
4058604,9.79172648672297,10
4058613,9.829456159874125,9
4058617,9.935835644968732,4
4058627,9.79808087509804,10
4058634,9.873719803986116,7
4058635,10.0,1
4058648,9.72442672023127,13
4058658,9.772931039266394,10
4058659,10.0,1
4058665,9.688198775750863,6
4058678,9.715587328875904,13
4058690,9.722820672955272,12
4058691,10.0,1
4058702,9.748231922026966,11
4058708,9.895075222037928,6
4058720,9.74545314207327,12
4058728,9.842248327151,8
4058737,9.797956231444198,9
4058742,9.900647593143928,5
4058746,9.936345174370976,4
4058750,9.935900493449571,4
4058751,10.0,1
4058761,9.78503910004339,10
4058773,9.730260017672732,12
4058779,9.907096594649946,6
4058796,9.608460664460846,17
4058797,10.0,1
4058801,9.931304289490235,4
4058805,9.93119193413395,4
4058810,9.911729224645919,5
4058811,10.0,1
4058822,9.78834726735175,11
4058830,9.834489701518658,8
4058833,9.955583731823054,3
4058841,9.842876881558134,8
4058850,9.812918969154543,9
4058863,9.741801673031505,13
4058867,9.92670379121496,4
4058871,9.926675093921363,4
4058883,9.751653197291933,12
4058885,9.976586153313459,2
4058898,9.694837740042049,13
4058904,9.90285948625652,6
4058914,9.814980398517303,10
4058921,9.877401659250474,7
4058924,9.961569408166705,3
4058938,9.690154454510953,14
4058957,9.535509687068231,19
4058969,9.755703805777568,12
4058979,9.792768664538418,10
4058982,9.961152111006246,3
4058983,10.0,1
4058990,9.878960019686787,7
4059001,9.75474660220845,11
4059009,9.866802630759253,8
4059018,9.80341872931567,9
4059028,9.775046349690445,10
4059036,9.826964592073393,8
4059039,9.968949502190897,3
4059044,9.900007108689822,5
4059050,9.903737973078972,6
4059060,9.785785949034086,10
4059064,9.94315960426097,4
4059073,9.814543639257117,9
4059081,9.845117167694761,8
4059096,8.976430902664632,15
4059109,9.696753911233072,13
4059115,9.892674026600075,6
4059119,9.932508960333676,4
4059128,9.819427742713653,9
4059137,9.794116629838141,9
4059147,9.80462508156177,10
4059155,9.83806940640918,8
4059168,9.682423985659021,13
4059177,9.812585079942645,9
4059186,9.80356118908563,9
4059197,9.764840155198815,11
4059205,9.865954471051108,8
4059211,9.891703611698665,6
4059217,9.911238231434542,6
4059227,9.785223113747854,10
4059238,9.741330824263995,11
4059248,9.801657034488358,10
4059254,9.87981838074194,6
4059255,10.0,1
4059264,9.82352900197408,9
4059269,9.90655207711494,5
4059281,9.71234298067924,12
4059287,9.875783781160443,6
4059289,9.971292330842584,2
4059290,10.0,1
4059302,9.767478304273535,12
4059313,9.746687842837478,11
4059322,9.811486412242225,9
4059326,9.93654547106136,4
4059327,10.0,1
4059339,9.742485499012947,12
4059346,9.851417763753918,7
4059357,9.76860097668488,11
4059361,9.927043219116207,4
4059364,9.96454498170144,3
4059375,9.739623690096375,11
4059380,9.91088050204789,5
4059384,9.942711493099932,4
4059395,9.753457956478151,11
4059396,10.0,1
4059402,9.902899289048497,6
4059409,9.88684470730967,7
4059418,9.83585060672073,9
4059419,9.988957199503686,1
4059425,9.900542489650185,6
4059438,9.709438575652852,13
4059441,9.961905801321699,3
4059445,9.950145393150304,4
4059451,9.89686688142153,6
4059456,9.923411668132681,5
4059463,9.881400062610755,7
4059475,9.744811433138036,12
4059486,9.76302741498434,11
4059496,9.784671323256516,10
4059508,9.658060425016442,12
4059516,9.857596635066598,8
4059533,9.706409803738035,17
4059541,9.846542133812914,8
4059547,9.906462395058844,6
4059553,9.908826399736432,6
4059556,9.95376940683641,3
4059561,9.924775136738777,5
4059565,9.934003917157366,4
4059573,9.860629911765937,8
4059580,9.8727920165982,7
4059586,9.898023183079548,6
4059592,9.90735517778303,6
4059594,9.973094114173847,2
4059599,9.929549180167296,5
4059601,9.977542676569165,2
4059614,9.684868292568165,13
4059621,9.874019985833115,7
4059634,9.765740265702812,13
4059640,9.902904646865837,6
4059651,9.762723132137829,11
4059660,9.799836051374603,9
4059661,9.995872860992925,1
4059667,9.901227196576713,6
4059670,9.95536301296191,3
4059680,9.80132368311493,10
4059681,10.0,1
4059692,9.77579773160101,11
4059694,9.982809410431658,2
4059704,9.798506906361238,10
4059714,9.792202365216857,10
4059731,9.652616169486375,17
4059742,9.749261799388313,11
4059755,9.690646247159602,13
4059759,9.931629029311136,4
4059769,9.770289917797449,10
4059778,9.83244534875865,9
4059787,9.812126999295025,9
4059798,9.774689134807057,11
4059808,9.757932128463787,10
4059815,9.859555060793431,7
4059819,9.939397694866265,4
4059830,9.737012014377393,11
4059840,9.806034849784936,10
4059848,9.627537132455846,8
4059857,9.803064578223548,9
4059862,9.914106483290842,5
4059869,9.8843570634946,7
4059876,9.874765735115075,7
4059879,9.95776980416956,3
4059883,9.942831700723465,4
4059887,9.952109375881463,4
4059897,9.85673322839757,10
4059900,9.959326645409572,3
4059901,10.0,1
4059912,9.782269333786251,11
4059913,10.0,1
4059921,9.852074045677178,8
4059922,9.99321096995783,1
4059934,9.762051517131713,12
4059946,9.752534377694626,12
4059951,9.914026171518447,5
4059965,9.668998005426497,14
4059968,9.94780036644261,3
4059977,9.834118406227361,9
4059986,9.8481834498314,9
4059989,9.956939354956424,3
4059992,9.970959886851581,3
4060005,9.743138666183564,13
4060012,9.868517679540501,7
4060013,10.0,1
4060021,9.85521101133018,8
4060026,9.927583237260311,5
4060035,9.81139608177882,9
4060049,9.700445147856437,14
4060055,9.911507204274814,6
4060065,9.776051282770961,10
4060066,10.0,1
4060069,9.947452012669228,3
4060082,9.681849766507039,13
4060086,9.940729008482997,4
4060093,9.852404522139702,7
4060096,9.951717387142725,3
4060097,10.0,1
4060112,9.641046483962555,15
4060121,9.804172447881658,9
4060124,9.960102656411156,3
4060135,9.778100942231463,11
4060145,9.774932827628009,10
4060154,9.822901995770428,9
4060155,10.0,1
4060164,9.815412264193814,9
4060165,10.0,1
4060169,9.941672054807796,4
4060176,9.590666549797842,7
4060184,9.859502911073525,8
4060192,9.868004260687986,8
4060195,9.96444528930235,3
4060205,9.790176993019822,10
4060209,9.943999965579815,4
4060215,9.892119529422406,6
4060218,9.961798214912452,3
4060227,9.634935256300787,9
4060228,10.0,1
4060253,9.414728200263228,25
4060261,9.847749824898134,8
4060275,9.728272099785162,14
4060281,9.89450402222829,6
4060293,9.714089594911213,12
4060299,9.888382317716001,6
4060311,9.753336505434156,12
4060323,9.750111361891634,12
4060341,9.582991272089421,18
4060356,9.707975912450706,15
4060365,9.817036944484299,9
4060375,9.786484092002501,10
4060384,9.846940314206641,9
4060391,9.86207113888924,7
4060396,9.920194531374289,5
4060398,9.974679674712549,2
4060406,9.840682440919823,8
4060419,9.592723858888897,13
4060423,9.951552082753105,4
4060436,9.699191243200763,13
4060440,9.934262970985618,4
4060449,9.807179855391047,9
4060460,9.795666980569873,11
4060475,9.67377986046613,15
4060485,9.79858463472036,10
4060498,9.742792354924696,13
4060504,9.915143012615102,6
4060513,9.805953557369737,9
4060520,9.860727731705827,7
4060529,9.71044253622899,9
4060533,9.94223819520911,4
4060539,9.896465323043792,6
4060545,9.92044305084715,6
4060550,9.923718752531732,5
4060559,9.816414330923617,9
4060565,9.904887258436222,6
4060574,9.835773419778395,9
4060578,9.941837058805032,4
4060583,9.9294623841811,5
4060589,9.903220616853172,6
4060599,9.78222823768482,10
4060608,9.811439189433312,9
4060611,9.962210312073347,3
4060616,9.912605792216185,5
4060624,9.830854635752186,8
4060638,9.679406556327384,14
4060639,10.0,1
4060640,10.0,1
4060643,9.967735083690446,3
4060646,9.958810707211896,3
4060657,9.749951302350734,11
4060667,9.78805255150352,10
4060683,9.633881356486876,16
4060684,10.0,1
4060704,9.509723595680017,20
4060705,10.0,1
4060717,9.762329891101862,12
4060718,10.0,1
4060733,9.685533308084532,15
4060741,9.834328421546616,8
4060752,9.753031417226913,11
4060758,9.880374891262099,6
4060762,9.941040489904157,4
4060766,9.949903452592732,4
4060776,9.841175171954168,10
4060792,9.649495212869006,16
4060807,9.647455450067469,15
4060814,9.872181954529916,7
4060823,9.804861015111525,9
4060832,9.82791127102419,9
4060838,9.893025538268418,6
4060843,9.925858817766349,5
4060853,9.790628211494854,10
4060863,9.801801414930086,10
4060881,9.630779506059003,18
4060888,9.867498752489878,7
4060902,9.745350850661495,14
4060910,9.839611921951668,8
4060918,9.84711812872852,8
4060923,9.9214934019215,5
4060928,9.920441199733597,5
4060938,9.803437178298958,10
4060948,9.81305804333358,10
4060955,9.853153312622847,7
4060963,9.85402011363652,8
4060973,9.792559763158792,10
4060975,9.974498907774544,2
4060996,9.504424161555887,21
4061002,9.905688008907072,6
4061016,9.682095898979053,14
4061028,9.724108430286552,12
4061039,9.752208563696323,11
4061040,10.0,1
4061052,9.734280825590774,12
4061070,9.575617046681522,18
4061077,9.905005296891474,7
4061084,9.865116922799121,7
4061092,9.834128441886877,8
4061098,9.893945117261099,6
4061109,9.773006142413706,11
4061119,9.7954659069959,10
4061120,10.0,1
4061126,9.775308260291787,6
4061127,9.996279711481971,1
4061141,9.700012496437616,14
4061151,9.772105804679182,10
4061154,9.954206611731088,3
4061161,9.858495554818772,7
4061168,9.866328495737704,7
4061178,9.768600632118742,10
4061189,9.75879842679301,11
4061205,9.53788036937322,16
4061212,9.862712926542091,7
4061222,9.753089390238113,10
4061223,9.996462664434631,1
4061232,9.830019440129036,9
4061244,9.757621751521212,12
4061253,9.815382688592932,9
4061254,10.0,1
4061261,9.876708479251079,7
4061265,9.934935708950148,4
4061269,9.921943554887108,4
4061281,9.732473482523401,12
4061283,9.978270191076044,2
4061288,9.9224565213214,5
4061294,9.902453127086073,6
4061300,9.897224399710524,6
4061301,10.0,1
4061304,9.952516849300281,3
4061311,9.877632259585866,7
4061320,9.862148606993028,9
4061332,9.752100101132486,12
4061333,10.0,1
4061343,9.469684392563703,10
4061347,9.749993578054097,4
4061353,9.88009859473456,6
4061357,9.948682598169,4
4061372,9.659159786834893,15
4061380,9.862000465702964,8
4061393,9.749179599405034,13
4061404,9.778933689259937,11
4061417,9.787778351429207,13
4061444,9.207525730119558,27
4061458,9.739964376905725,14
4061462,9.935609978314137,4
4061468,9.89624415323278,6
4061478,9.787673483932048,10
4061486,9.830977844622193,8
4061499,9.714972974213914,13
4061500,10.0,1
4061503,9.951909641593154,3
4061514,9.758210364190914,11
4061530,9.706432178688855,16
4061531,9.987988335801216,1
4061543,9.761075531232034,12
4061544,10.0,1
4061551,9.860268660837214,7
4061564,9.684203986548484,13
4061565,9.987411658524056,1
4061571,9.895026229757555,6
4061576,9.925775933026667,5
4061587,9.744900591723862,11
4061592,9.907462693416981,5
4061594,9.981737595028978,2
4061605,9.671657467928146,11
4061616,9.766093324401286,11
4061626,9.801582880643556,10
4061632,9.905587708800132,6
4061644,9.75226730098168,12
4061652,9.854039773346948,8
4061663,9.764563483339774,11
4061668,9.927204844882324,5
4061678,9.778971631104113,10
4061686,9.849381689075916,8
4061707,9.505891935990652,21
4061717,9.813262156988525,10
4061720,9.96710268204258,3
4061721,10.0,1
4061723,9.973213797854404,2
4061731,9.838966320089924,8
4061745,9.688978708053925,14
4061752,9.893638745982349,7
4061756,9.936095046201169,4
4061765,9.81910138827311,9
4061769,9.93363811114668,4
4061770,10.0,1
4061776,9.786385031401498,6
4061782,9.883094442470439,6
4061791,9.797008391106674,9
4061801,9.79536915530177,10
4061805,9.938946960043314,4
4061806,10.0,1
4061814,9.83088925087817,8
4061824,9.81546231914887,10
4061836,9.719782359052711,12
4061849,9.68595497147085,13
4061863,9.679675616199185,14
4061866,9.948039160360416,3
4061874,9.858074407007106,8
4061880,9.90120162697789,6
4061887,9.837259273165289,7
4061888,10.0,1
4061906,9.646072407361823,18
4061914,9.851599855030752,8
4061926,9.756890278198032,12
4061931,9.908625927774711,5
4061936,9.914786552482052,5
4061941,9.92830021664333,5
4061973,9.084785186364048,32
4061982,9.820294367481278,9
4061985,9.953263932626378,3
4061993,9.842418663281915,8
4062003,9.84900143720748,10
4062008,9.912647648590372,5
4062017,9.806894984940016,9
4062026,9.80794544542095,9
4062036,9.761255392199045,10
4062050,9.656506183248501,14
4062051,10.0,1
4062053,9.97750962612877,2
4062055,9.973522175552127,2
4062056,10.0,1
4062057,10.0,1
4062059,9.978962676581869,2
4062062,9.948277871883002,3
4062068,9.87914426616743,6
4062081,9.77655493816557,13
4062087,9.896470450583758,6
4062099,9.734718925556233,12
4062102,9.96017732373432,3
4062109,9.864492674722467,7
4062115,9.873789681388494,6
4062123,9.855197819939402,8
4062138,9.719783623732315,15
4062148,9.77780289101913,10
4062149,9.996396443414717,1
4062154,9.903071534298503,5
4062159,9.917740668505676,5
4062172,9.732520301057658,13
4062182,9.785767588947756,10
4062190,9.8488224575512,8
4062200,9.807521940844211,10
4062212,9.763108641359828,12
4062224,9.542939471694126,12
4062235,9.768646607985533,11
4062236,10.0,1
4062242,9.8910058144371,6
4062249,9.837887807156648,7
4062254,9.913864357903513,5
4062262,9.846602518435361,8
4062264,9.976130514327384,2
4062276,9.717723406268265,12
4062285,9.80025175230497,9
4062303,9.636264895844183,18
4062311,9.837631510728633,8
4062312,10.0,1
4062316,9.93985845525551,4
4062325,9.843199411501145,9
4062326,10.0,1
4062327,10.0,1
4062328,10.0,1
4062334,9.874045445680128,6
4062345,9.759960543949775,11
4062356,9.755804151378818,11
4062373,9.643810766131725,17
4062380,9.8602451092289,7
4062392,9.734724415621855,12
4062396,9.934156312952508,4
4062404,9.827057401377024,8
4062415,9.753779601195568,11
4062418,9.954325086310286,3
4062428,9.789167538791075,10
4062443,9.690172423527379,15
4062454,9.748224868518438,11
4062465,9.77117277598634,11
4062473,9.843269272620804,8
4062480,9.874879803352096,7
4062486,9.785230188749912,6
4062487,10.0,1
4062491,9.930576784610924,4
4062492,9.992884964793005,1
4062493,10.0,1
4062502,9.80388193363529,9
4062508,9.896527664176292,6
4062511,9.9460587157353,3
4062512,10.0,1
4062517,9.90891072205027,5
4062520,9.96297332191658,3
4062525,9.91915110071253,5
4062528,9.96734087310239,3
4062536,9.857625482425467,8
4062537,10.0,1
4062538,9.98749110623105,1
4062548,9.772831139613585,10
4062555,9.869732879554991,7
4062568,9.705959902656874,13
4062571,9.963509949778917,3
4062580,9.865871240992844,9
4062595,9.686820710177047,15
4062599,9.922047737660336,4
4062607,9.827021147640547,8
4062621,9.65460871139749,14
4062632,9.762115811506717,11
4062642,9.794244888439438,10
4062643,10.0,1
4062694,9.03454841115174,51
4062700,9.911799447002894,6
4062708,9.82696037512186,8
4062722,9.699505305939233,14
4062735,9.737936650683446,13
4062745,9.823730500805304,10
4062753,9.877867621385448,8
4062763,9.780170333927417,10
4062766,9.962051288077273,3
4062774,9.850480396164256,8
4062786,9.662540286350637,12
4062794,9.84167923831157,8
4062806,9.738812470228405,12
4062809,9.958617223582715,3
4062816,9.865600981562077,7
4062825,9.833620592578319,9
4062831,9.898177160062653,6
4062846,9.664051030453614,15
4062858,9.73528167395294,12
4062867,9.63574886244541,9
4062877,9.7724379690851,10
4062887,9.76526871179558,10
4062890,9.962501420869454,3
4062895,9.92045971562682,5
4062902,9.856771510513841,7
4062909,9.867716192350098,7
4062920,9.753557067330627,11
4062934,9.765250738251321,14
4062948,9.464834044345576,14
4062962,9.72541118532304,14
4062970,9.875238078651932,8
4062981,9.755405349465557,11
4062989,9.84872531073894,8
4063000,9.785937895923238,11
4063005,9.922716834473944,5
4063009,9.950484972167894,4
4063017,9.84273236013944,8
4063026,9.800476607240313,9
4063027,9.988087142535331,1
4063034,9.869302521572813,7
4063038,9.93789063219799,4
4063043,9.932117589827447,5
4063050,9.853064600747873,7
4063057,9.85509791398024,7
4063062,9.906662660439602,5
4063067,9.928546620328131,5
4063074,9.877508501090514,7
4063076,9.98193435398405,2
4063086,9.775737680426683,10
4063095,9.838579848783304,9
4063100,9.93263162353974,5
4063104,9.83414219657502,4
4063109,9.929962487972814,5
4063117,9.882167255578441,8
4063120,9.965325093104227,3
4063123,9.961770522865228,3
4063134,9.779644121202814,11
4063147,9.697310741033158,13
4063162,9.681122251101208,15
4063177,9.652436846311549,15
4063183,9.888284466728654,6
4063186,9.950230272267598,3
4063197,9.775299837800116,11
4063206,9.840228398835924,9
4063215,9.82557880153039,9
4063222,9.840340549026735,7
4063224,9.972557824705047,2
4063230,9.897899215300322,6
4063234,9.932725322400815,4
4063238,9.943170942776973,4
4063239,10.0,1
4063246,9.845983801465781,7
4063258,9.73195358762133,12
4063270,9.732646285470386,12
4063281,9.769803927687553,11
4063283,9.975800842533577,2
4063289,9.895506081904744,6
4063301,9.729714071349916,12
4063313,9.739368019579178,12
4063326,9.719638800328692,13
4063337,9.754035923426612,11
4063338,10.0,1
4063344,9.89946459686566,6
4063345,10.0,1
4063359,9.696724054640713,14
4063370,9.776301169760078,11
4063376,9.894532710005294,6
4063381,9.911623646635181,5
4063391,9.801327144666077,10
4063400,9.794326032277839,9
4063405,9.907760494230104,5
4063411,9.89413966250347,6
4063425,9.67601311434693,14
4063445,9.579123587946743,20
4063452,9.870010774756432,7
4063461,9.83567000735349,9
4063471,9.78140014743797,10
4063480,9.843136700391616,9
4063487,9.881202332360251,7
4063494,9.865635345230853,7
4063495,10.0,1
4063501,9.917066512133058,6
4063512,9.764859932553712,11
4063524,9.741762505791625,12
4063534,9.84335382103509,10
4063542,9.83511305456645,8
4063543,10.0,1
4063550,9.871572394234189,7
4063555,9.911496929533566,5
4063568,9.723019678077126,13
4063580,9.765165474050596,12
4063588,9.840150037602688,8
4063598,9.796328740217335,10
4063605,9.89066065391973,7
4063606,10.0,1
4063607,10.0,1
4063614,9.8474568550856,7
4063616,9.974646272870409,2
4063626,9.780617128531587,10
4063632,9.903006225955435,6
4063644,9.71429888483344,12
4063656,9.760222383655636,12
4063662,9.87865629900376,6
4063665,9.9503770887875,3
4063677,9.733013746522747,12
4063683,9.896621984578974,6
4063693,9.812899030060734,10
4063712,9.588588515681407,19
4063713,9.993361488148372,1
4063715,9.985893949975626,2
4063724,9.795701495064053,9
4063741,9.591534018249769,17
4063747,9.879564264068273,6
4063750,9.952469786904954,3
4063756,9.916277002999445,6
4063765,9.825999389345496,9
4063774,9.829036485132644,9
4063779,9.938771239171743,5
4063789,9.828183002448696,10
4063797,9.844750304942002,8
4063801,9.937041384633703,4
4063812,9.79097637740479,11
4063823,9.77367677655448,11
4063824,10.0,1
4063830,9.912751793485464,6
4063832,9.978095002038534,2
4063839,9.88165835576828,7
4063844,9.90608510929096,5
4063853,9.816572107543811,9
4063854,9.996163049420716,1
4063860,9.887448776867132,6
4063869,9.821209072323748,9
4063880,9.78592809051627,11
4063894,9.679288636545207,14
4063898,9.74624079430167,4
4063906,9.853764801084472,8
4063917,9.748645787609034,11
4063927,9.782211087980256,10
4063938,9.785374275983028,11
4063943,9.906824155656453,5
4063945,9.983297722328487,2
4063958,9.708927556302811,13
4063974,9.63945441544471,16
4063983,9.819166824231406,9
4063996,9.720792932770765,13
4064003,9.869248759446002,7
4064014,9.788323893308629,11
4064025,9.746617977545998,11
4064039,9.674542731404864,14
4064050,9.753839770670574,11
4064052,9.969686946874853,2
4064062,9.794729577665937,10
4064076,9.780027402452708,14
4064084,9.837407043425154,8
4064094,9.798369023541733,10
4064102,9.850734664710522,8
4064120,9.715660476241366,18
4064131,9.782725993479302,11
4064144,9.724595808109928,13
4064145,10.0,1
4064152,9.869041221347153,7
4064162,9.796224836466804,10
4064164,9.973885966184783,2
4064167,9.96191855890002,3
4064180,9.716194827335832,13
4064181,10.0,1
4064189,9.82482367716495,8
4064205,9.643023716327182,16
4064209,9.943040730344839,4
4064216,9.880332025421188,7
4064227,9.758149504091396,11
4064229,9.969603686326936,2
4064231,9.969945286700957,2
4064232,10.0,1
4064241,9.821106021653614,9
4064250,9.81884940119077,9
4064259,9.823036126292505,9
4064260,10.0,1
4064269,9.813595274333263,9
4064271,9.970073015738242,2
4064272,10.0,1
4064278,9.88436676578005,6
4064292,9.600397607369164,14
4064297,9.93577164568856,5
4064309,9.752543957166493,12
4064313,9.943025537778352,4
4064325,9.752326337348983,12
4064330,9.917738360359643,5
4064345,9.647068677055548,15
4064346,9.996121637683515,1
4064359,9.689184460634074,13
4064362,9.95484556457035,3
4064364,9.980833708747877,2
4064369,9.913823855845388,5
4064379,9.785340685056044,10
4064390,9.750388934715737,11
4064398,9.861528782167634,8
4064408,9.802804833619005,10
4064412,9.925868183811323,4
4064425,9.761993691648431,13
4064433,9.832341914457222,8
4064442,9.805626558283363,9
4064443,10.0,1
4064452,9.802774699018359,9
4064464,9.743878285202351,12
4064472,9.846845170378817,8
4064484,9.759769348596853,12
4064497,9.69297739001036,13
4064507,9.841298652269954,10
4064514,9.86483558756507,7
4064520,9.88264816535014,6
4064524,9.926518808835295,4
4064534,9.7975985380069,10
4064546,9.728188794826615,12
4064548,9.976809006336778,2
4064554,9.885619435724736,6
4064560,9.902745422687392,6
4064567,9.855842158238243,7
4064574,9.870576695724166,7
4064590,9.671498727380289,16
4064595,9.922987214157187,5
4064607,9.741987560939444,12
4064609,9.969635505921314,2
4064613,9.941516265212694,4
4064619,9.897970114016818,6
4064620,10.0,1
4064625,9.9247339091276,5
4064630,9.916551978763145,5
4064643,9.691548248559172,13
4064655,9.751946615345728,12
4064663,9.845685623341405,8
4064674,9.784397132769428,11
4064685,9.751144031094361,11
4064693,9.885678271767675,8
4064697,9.941695292297846,4
4064706,9.830940527788055,9
4064716,9.790003222610386,10
4064720,9.940003651126805,4
4064724,9.922187394715175,4
4064732,9.847980649804962,8
4064743,9.759763865447752,11
4064747,9.951973416371379,4
4064758,9.652992544535708,11
4064759,10.0,1
4064771,9.754476554745308,12
4064776,9.92183321110145,5
4064780,9.95331561013102,4
4064788,9.845583353377474,8
4064792,9.950583945335305,4
4064805,9.705367204353704,13
4064807,9.972329042201975,2
4064822,9.659073473793736,15
4064837,9.622547730303982,15
4064843,9.907787371366894,6
4064848,9.901644659176918,5
4064853,9.93105916783633,5
4064864,9.768423091506214,11
4064865,10.0,1
4064875,9.77186263823215,10
4064890,9.627070717114563,15
4064894,9.941683894196274,4
4064896,9.973573239184631,2
4064897,10.0,1
4064908,9.810524949456873,11
4064909,10.0,1
4064920,9.775989556193247,11
4064924,9.95245024155933,4
4064932,9.827719939000845,8
4064939,9.858153252331151,7
4064947,9.851578561435337,8
4064954,9.655278004220234,7
4064959,9.91666178038587,5
4064964,9.915738156177303,5
4064973,9.810623256162158,9
4064982,9.826490898455807,9
4064986,9.933948342927595,4
4064987,10.0,1
4065003,9.614223188380418,16
4065011,9.831201492455005,8
4065021,9.770548106178088,10
4065034,9.705082981562343,13
4065040,9.904985373787754,6
4065047,9.885081070752525,7
4065061,9.673748018728125,14
4065066,9.89893697630217,5
4065077,9.765852157653004,11
4065085,9.821239734979589,8
4065094,9.827974266743702,9
4065105,9.763271884282776,11
4065112,9.868744301225746,7
4065121,9.80994103840088,9
4065122,10.0,1
4065127,9.924562969762336,5
4065136,9.811285834974361,9
4065150,9.697581529088117,14
4065158,9.858781861260386,8
4065163,9.935441684199244,5
4065165,9.973969401983469,2
4065169,9.942946778987025,4
4065176,9.8898443259737,7
4065180,9.929950275542074,4
4065189,9.799986236470865,9
4065190,9.988996747943293,1
4065192,9.97619835439713,2
4065193,10.0,1
4065200,9.878198880343202,7
4065213,9.607916052394703,13
4065219,9.907217267072507,6
4065220,9.991895318769215,1
4065230,9.779678230792141,10
4065241,9.769381818798843,11
4065250,9.802482388064357,9
4065260,9.81451497433438,10
4065265,9.91426481330598,5
4065266,10.0,1
4065269,9.957388101059667,3
4065278,9.829986770586512,9
4065286,9.823082978791494,8
4065295,9.810929510961845,9
4065302,9.86102164021727,7
4065312,9.796578666566862,10
4065318,9.899620679412811,6
4065328,9.79625567750654,10
4065345,9.592155824482303,17
4065353,9.854543400373435,8
4065365,9.736411868904252,12
4065376,9.755671944802996,11
4065377,10.0,1
4065384,9.857804274570874,7
4065385,10.0,1
4065389,9.938568647607495,4
4065391,9.976540519162375,2
4065406,9.665519720468572,15
4065410,9.938548272191294,4
4065415,9.932769242308305,5
4065416,10.0,1
4065425,9.827474703522483,9
4065433,9.84946459317128,8
4065440,9.859412927122072,7
4065460,9.160686912528684,20
4065469,9.795242422838248,9
4065477,9.842307684028675,8
4065485,9.831442176425696,8
4065486,10.0,1
4065492,9.677314844714388,6
4065502,9.783325330112012,10
4065509,9.87567458556979,7
4065522,9.710048498445872,13
4065523,10.0,1
4065533,9.78585284180925,10
4065541,9.84058716997384,8
4065551,9.804841523899055,10
4065561,9.78988779374749,10
4065573,9.74042515894623,12
4065601,9.23942745305354,28
4065608,9.856102483532332,7
4065609,10.0,1
4065613,9.944782588956345,4
4065621,9.85499797471592,8
4065625,9.93782775124193,4
4065635,9.767607703637362,10
4065643,9.859169252709236,8
4065647,9.925772309446582,4
4065648,10.0,1
4065651,9.96802536864244,3
4065657,9.889124423823455,6
4065664,9.8826782856667,7
4065671,9.865573353625063,7
4065679,9.845742743915478,8
4065687,9.844058003676606,8
4065693,9.900012911567812,6
4065700,9.871651440753102,7
4065717,9.646601703401718,17
4065722,9.918202620541846,5
4065736,9.667112989290933,14
4065740,9.940363336330307,4
4065747,9.888632583803924,7
4065760,9.722975929953414,13
4065769,9.84944745424825,9
4065775,9.883151851998024,6
4065776,10.0,1
4065785,9.792427475759334,9
4065795,9.804238923536337,10
4065796,10.0,1
4065808,9.751618679740806,12
4065809,9.992056448682831,1
4065814,9.911806236638686,5
4065820,9.896180793495324,6
4065830,9.786645479741164,10
4065844,9.67929423199211,14
4065845,10.0,1
4065859,9.681403614971018,14
4065869,9.80101507178594,10
4065875,9.888275648694144,6
4065880,9.922329409447062,5
4065887,9.849312781783256,7
4065891,9.934229345302011,4
4065905,9.692994626099509,14
4065910,9.914572887806251,5
4065919,9.820677848926985,9
4065927,9.86153994649836,8
4065937,9.801221522555222,10
4065938,10.0,1
4065943,9.916759654944057,5
4065952,9.81706596615086,9
4065966,9.69456611316664,14
4065975,9.820890226103895,9
4065976,10.0,1
4065987,9.754038690719836,11
4065990,9.959609397371342,3
4065998,9.82063311626912,8
4066007,9.819802929506574,9
4066018,9.719603524141482,11
4066019,10.0,1
4066034,9.658273981611508,15
4066038,9.927839491047273,4
4066046,9.836709517909403,8
4066062,9.66827508743929,16
4066070,9.84419075293668,8
4066077,9.90045086763147,7
4066078,9.992198538713446,1
4066079,10.0,1
4066086,9.86903391189611,7
4066098,9.794250813227345,12
4066108,9.789043069971727,10
4066117,9.801083215833648,9
4066125,9.863219777658715,8
4066139,9.710047950382963,14
4066151,9.74796929556039,12
4066154,9.961877775093145,3
4066166,9.741350298785333,12
4066174,9.819999522544986,8
4066185,9.78065876809663,11
4066198,9.726327462145472,13
4066201,9.947255777702313,3
4066202,10.0,1
4066206,9.942736779934425,4
4066215,9.80123097078203,9
4066229,9.674256979086021,14
4066243,9.71135528985437,14
4066252,9.745571743083168,9
4066254,9.983878886236983,2
4066260,9.888922632050834,6
4066265,9.90972258078257,5
4066274,9.810452061709109,9
4066280,9.879806289217639,6
4066285,9.911816964336078,5
4066294,9.820422635205793,9
4066297,9.948191255994127,3
4066305,9.850403204796912,8
4066316,9.821936165257796,11
4066321,9.917425196279737,5
4066334,9.705580945864021,13
4066344,9.787401284885744,10
4066345,10.0,1
4066355,9.798230426588267,10
4066364,9.530515827475135,9
4066370,9.87850074126012,6
4066376,9.901383825062197,6
4066377,10.0,1
4066386,9.805410437271064,9
4066387,10.0,1
4066388,9.992404313303602,1
4066397,9.81395517648633,9
4066404,9.894280964415334,7
4066413,9.814555320637727,9
4066426,9.720920115983372,13
4066439,9.681420756619254,13
4066448,9.802446814538385,9
4066449,9.992591106698658,1
4066457,9.823984015354434,8
4066469,9.73646457191252,12
4066476,9.568076369902064,7
4066477,9.992437624641758,1
4066487,9.831946483835205,10
4066493,9.892350228423018,6
4066509,9.672077422019306,16
4066524,9.725956519181157,15
4066532,9.8291147713823,8
4066547,9.679781968243656,15
4066552,9.931236154737103,5
4066564,9.729152427712354,12
4066580,9.690825340779309,16
4066584,9.946723374867924,4
4066591,9.873752344138586,7
4066594,9.959260354312473,3
4066601,9.868066151355235,7
4066612,9.744562163009624,11
4066619,9.871522962146145,7
4066623,9.945112456567164,4
4066635,9.740302343911788,12
4066648,9.7177692082594,13
4066656,9.84311711705229,8
4066670,9.682151348399785,14
4066680,9.807814991846879,10
4066694,9.665799008137116,14
4066704,9.789144991524946,10
4066705,9.99637178919111,1
4066714,9.83854251064351,9
4066728,9.697956877208926,14
4066744,9.622764356129203,16
4066747,9.96025110745106,3
4066755,9.842821211289998,8
4066763,9.826590044444254,8
4066767,9.942975098664178,4
4066784,9.62291333640067,17
4066785,10.0,1
4066789,9.928690706144451,4
4066798,9.81692776277908,9
4066806,9.864606587144687,8
4066825,9.516598457817894,19
4066833,9.833762641297682,8
4066849,9.669809349832224,16
4066863,9.69736935289029,14
4066875,9.73728431158317,12
4066886,9.737521242802384,11
4066887,10.0,1
4066891,9.932335056354363,4
4066895,9.93991270163649,4
4066903,9.837049003312705,8
4066911,9.82393679754426,8
4066912,9.996320966664133,1
4066913,10.0,1
4066920,9.863795820531175,7
4066932,9.727035356043412,12
4066945,9.68187191105796,13
4066951,9.904711639331977,6
4066961,9.796637434555626,10
4066973,9.740776134009709,12
4066982,9.82602601449572,9
4066992,9.783315931622287,10
4067005,9.721265682671122,13
4067009,9.956979674073699,4
4067020,9.760719129136504,11
4067023,9.959810031214301,3
4067034,9.766305141921878,11
4067043,9.837852028343969,9
4067046,9.951718291729316,3
4067057,9.779747922521054,11
4067068,9.77370996922222,11
4067072,9.941776878747818,4
4067076,9.942013247624798,4
4067078,9.97743536180641,2
4067088,9.789742568280309,10
4067102,9.690245860387032,14
4067110,9.842083718419863,8
4067115,9.900569991976777,5
4067116,10.0,1
4067122,9.90437088572628,6
4067128,9.9002202093005,6
4067139,9.772221019053475,11
4067149,9.801075280217376,10
4067155,9.877427649337246,6
4067164,9.638132828361158,9
4067176,9.754917275617604,12
4067182,9.796557217741407,6
4067191,9.832765923035321,9
4067195,9.945083712630941,4
4067202,9.880449278445388,7
4067213,9.778140054109501,11
4067236,9.410915617941297,23
4067245,9.799227749973287,9
4067249,9.923392981173844,4
4067260,9.788817155687,11
4067270,9.809687075973711,10
4067276,9.887616305496895,6
4067287,9.763539791256942,11
4067291,9.937474204209353,4
4067298,9.858302250303007,7
4067307,9.84182660180622,9
4067316,9.837115863327938,9
4067323,9.877763539517165,7
4067334,9.781859530141938,11
4067350,9.63200890184469,16
4067360,9.773783063176268,10
4067367,9.877620134771695,7
4067375,9.833833083510076,8
4067383,9.838614340595713,8
4067393,9.775222232916443,10
4067395,9.978888587213316,2
4067401,9.88307421780688,6
4067411,9.817830975560707,10
4067418,9.876434872367613,7
4067431,9.69557194202042,13
4067432,10.0,1
4067440,9.83138853333875,8
4067441,10.0,1
4067455,9.485390215340415,14
4067458,9.955838132299789,3
4067464,9.889899376174256,6
4067472,9.832649926237607,8
4067482,9.770090790678612,10
4067498,9.633328862577502,16
4067509,9.750515190361368,11
4067521,9.723364407298517,12
4067533,9.710436448981358,12
4067534,10.0,1
4067540,9.873649810982373,6
4067545,9.918341054522573,5
4067551,9.904108053643817,6
4067560,9.8115939926678,9
4067569,9.83721860157403,9
4067577,9.826632632711888,8
4067588,9.741034368072526,11
4067595,9.879959315275764,7
4067599,9.946381655786837,4
4067607,9.830820063248476,8
4067617,9.805613551810106,10
4067631,9.691489581653821,14
4067638,9.859354589509092,7
4067639,10.0,1
4067653,9.685207113464998,14
4067657,9.952485212742667,4
4067665,9.835113035613192,8
4067666,10.0,1
4067675,9.814976223572414,9
4067689,9.69080235195189,14
4067696,9.854584695530683,7
4067706,9.792205451962602,10
4067716,9.790064103107227,10
4067726,9.781411210886723,10
4067739,9.728721176219132,13
4067749,9.787301582215385,10
4067753,9.938061941801266,4
4067760,9.863068115440997,7
4067767,9.859221928236634,7
4067768,10.0,1
4067769,10.0,1
4067775,9.909491451572713,6
4067777,9.977096331213824,2
4067786,9.812654446770358,9
4067799,9.710734501632245,13
4067808,9.828359695369485,9
4067817,9.827336143703747,9
4067821,9.933499853679551,4
4067822,10.0,1
4067823,9.996232520149523,1
4067835,9.73871087818953,12
4067850,9.681986757698565,15
4067854,9.935118072901192,4
4067855,9.98816884868874,1
4067863,9.842329654937162,8
4067868,9.926744661596079,5
4067878,9.802771694536094,10
4067888,9.823559455270269,10
4067894,9.891855795649066,6
4067902,9.848445634023207,8
4067916,9.761774372133127,14
4067927,9.79534271999442,11
4067938,9.770271046666572,11
4067941,9.86389410651392,3
4067943,9.980598045222163,2
4067948,9.920326841843078,5
4067954,9.676649297660878,6
4067964,9.791280176221159,10
4067968,9.94064114307569,4
4067969,10.0,1
4067976,9.876396290953629,7
4067983,9.880627110032348,7
4067990,9.86430156511924,7
4067994,9.935028579973032,4
4068007,9.721731321773525,13
4068019,9.728471200635582,12
4068029,9.785127426435457,10
4068039,9.784712826611822,10
4068044,9.902048369572787,5
4068045,10.0,1
4068055,9.784062844192478,10
4068056,10.0,1
4068069,9.702681801183864,13
4068084,9.64890058769816,15
4068107,9.520460045705294,23
4068119,9.745578562924662,12
4068120,9.993475944902576,1
4068128,9.827775188054057,8
4068136,9.850241568804448,8
4068141,9.909880987552475,5
4068152,9.750323019437321,11
4068163,9.773589353598908,11
4068178,9.687817007449791,15
4068187,9.85387864277588,9
4068188,10.0,1
4068195,9.869586867287897,7
4068207,9.752691560986898,12
4068215,9.831933282582911,8
4068223,9.828351072837402,8
4068235,9.758259992599474,12
4068245,9.798089976055323,10
4068254,9.813581865287096,9
4068258,9.926090552796808,4
4068271,9.713448925630617,13
4068281,9.793184186093631,10
4068282,10.0,1
4068291,9.84783912071744,9
4068301,9.783743782054787,10
4068303,9.978914844797243,2
4068310,9.862591142292684,7
4068316,9.885138269765116,6
4068320,9.93462616779175,4
4068331,9.775263921246754,11
4068342,9.832802847329663,11
4068347,9.93007388501919,5
4068357,9.79331475530987,10
4068370,9.751184941737725,13
4068380,9.785714869996239,10
4068381,10.0,1
4068386,9.939996670150677,5
4068388,9.980045836330813,2
4068399,9.771393736881773,11
4068400,9.99669509803605,1
4068415,9.635897844400976,15
4068423,9.871905319204965,8
4068433,9.779540743241027,10
4068442,9.78616350485156,9
4068457,9.473940255002423,15
4068461,9.946591264006436,4
4068465,9.94937482966526,4
4068470,9.91792497642852,5
4068477,9.862548921097982,7
4068488,9.771239082337525,11
4068492,9.945178790982377,4
4068493,10.0,1
4068503,9.833015185265252,10
4068510,9.849843470789542,7
4068519,9.827282609834203,9
4068529,9.78979846892182,10
4068537,9.852079350247779,8
4068544,9.880289288799801,7
4068557,9.71166426777867,13
4068565,9.859489639610654,8
4068571,9.887702559944682,6
4068574,9.951813198924118,3
4068585,9.55672617907052,11
4068599,9.69157631928034,14
4068600,10.0,1
4068605,9.91246500653735,5
4068608,9.952082500123947,3
4068616,9.839229230117995,8
4068623,9.862335614591162,7
4068630,9.877914102424668,7
4068634,9.934586387965046,4
4068651,9.487284542132059,17
4068652,10.0,1
4068653,10.0,1
4068666,9.621507428097154,13
4068677,9.73119853898682,11
4068698,9.603121802680176,21
4068705,9.874583398838649,7
4068719,9.716009574886405,14
4068728,9.826550960143743,9
4068731,9.953800310765015,3
4068740,9.793271304361841,9
4068743,9.953694041160484,3
4068758,9.655234350797711,15
4068763,9.920056869112848,5
4068768,9.90398767413465,5
4068781,9.702104732835215,13
4068792,9.762434879294133,11
4068802,9.773463091814815,10
4068811,9.806371750123503,9
4068818,9.872888902609432,7
4068830,9.730590274622834,12
4068839,9.824486697235164,9
4068843,9.939345170886417,4
4068861,9.61817868320805,18
4068874,9.704840794472318,13
4068882,9.833879981770199,8
4068894,9.756169553779163,12
4068895,9.988705131954218,1
4068904,9.816678423675395,9
4068920,9.619843968538916,16
4068929,9.824369757258557,9
4068937,9.839083240340026,8
4068960,9.454227590662938,23
4068967,9.861956413937094,7
4068981,9.682703292287847,14
4068985,9.93458225955148,4
4068996,9.761583030333595,11
4069004,9.873317226018782,8
4069017,9.440944028455256,13
4069023,9.893519693594632,6
4069026,9.964494301054385,3
4069039,9.736093907044054,13
4069043,9.947672862990423,4
4069059,9.64221215544663,16
4069069,9.804915298380584,10
4069073,9.938305493548626,4
4069076,9.958905862412838,3
4069083,9.8684150348095,7
4069084,10.0,1
4069094,9.815533088444191,10
4069107,9.734667510149146,13
4069114,9.873266437875404,7
4069126,9.745618516926111,12
4069127,10.0,1
4069139,9.740528848061082,12
4069154,9.678883832699235,15
4069155,10.0,1
4069166,9.84264327888424,11
4069170,9.944495383270459,4
4069175,9.919810497011039,5
4069190,9.677030662774785,15
4069204,9.731432653865575,14
4069218,9.770623571512314,14
4069225,9.877839991691056,7
4069229,9.932997508220463,4
4069239,9.800871405755103,10
4069246,9.874315052248955,7
4069250,9.93785300419942,4
4069260,9.801106994058115,10
4069268,9.83622287602041,8
4069284,9.644637328144315,16
4069292,9.842533021688093,8
4069305,9.708780817393187,13
4069311,9.88210805789815,6
4069319,9.860851059006606,8
4069333,9.708435238907423,14
4069337,9.950256678047007,4
4069344,9.87604161192123,7
4069358,9.664906544657756,14
4069367,9.822362289566827,9
4069378,9.76266714337858,11
4069382,9.949425318599806,4
4069388,9.91000822462968,6
4069396,9.881146214112608,8
4069403,9.866147883098437,7
4069404,10.0,1
4069411,9.857476335827489,7
4069422,9.801150082693335,11
4069430,9.84561817179898,8
4069442,9.73024790398656,12
4069450,9.847438886934595,8
4069461,9.788507854605175,11
4069466,9.92080431037342,5
4069474,9.871933697025971,8
4069480,9.890965205959416,6
4069491,9.770361134833545,11
4069498,9.881636250583966,7
4069508,9.771779620255566,10
4069518,9.781072511753509,10
4069534,9.675400371342416,16
4069542,9.862759851294518,8
4069543,10.0,1
4069549,9.906150973350279,6
4069553,9.938367582583293,4
4069560,9.87818248139382,7
4069571,9.751545925222677,11
4069582,9.80821025936767,11
4069594,9.734820860178996,12
4069608,9.727796644701586,14
4069620,9.72512678159021,12
4069630,9.769703142902632,10
4069631,10.0,1
4069636,9.932536434111691,5
4069640,9.930247013388387,4
4069643,9.962405275680235,3
4069645,9.974290917507217,2
4069651,9.889803075234884,6
4069658,9.859107032407364,7
4069665,9.863101615178683,7
4069677,9.715244810377042,12
4069694,9.571947229165492,17
4069703,9.82837015049734,9
4069712,9.84610807622681,9
4069723,9.790921722729088,11
4069732,9.81233244458369,9
4069738,9.883367703517754,6
4069742,9.927006931165465,4
4069749,9.837501852041216,7
4069755,9.901962501370004,6
4069763,9.840333781161624,8
4069773,9.804730423665708,10
4069778,9.914519494726589,5
4069781,9.961494057520289,3
4069791,9.788696642423485,10
4069798,9.86254803244751,7
4069803,9.908989079350494,5
4069814,9.799264471883019,11
4069818,9.939411416772277,4
4069828,9.78485844483931,10
4069833,9.916663900877955,5
4069847,9.707044321306324,14
4069853,9.876820972331103,6
4069864,9.771583132158105,11
4069874,9.774961341257185,10
4069885,9.770587904382309,11
4069894,9.832166514464266,9
4069899,9.921765189654897,5
4069910,9.782132045186874,11
4069917,9.87322745046329,7
4069926,9.80472126896538,9
4069927,9.991158181025261,1
4069932,9.913571029404228,5
4069946,9.678389179064244,14
4069952,9.883842136510747,6
4069954,9.975783949839931,2
4069956,9.983170056946037,2
4069963,9.846330520201521,7
4069968,9.904376957879506,5
4069976,9.835861344634061,8
4069979,9.96227726185165,3
4069985,9.881060292440589,6
4069990,9.907843006065628,5
4069991,9.993207486969347,1
4069996,9.915705792204996,5
4069997,9.996480447209276,1
4070000,9.96179148405263,3
4070021,9.48310693561842,21
4070027,9.911851792341276,6
4070038,9.757083142910176,11
4070048,9.778093938194377,10
4070060,9.747392814781337,12
4070063,9.956743768268046,3
4070071,9.837410480433249,8
4070076,9.909384748957711,5
4070086,9.807691713969666,10
4070090,9.944199829587161,4
4070094,9.93209349771802,4
4070101,9.889437525115767,7
4070109,9.83553670448761,8
4070113,9.939196868252946,4
4070114,10.0,1
4070119,9.925442087613014,5
4070128,9.817370970858857,9
4070132,9.936640609844785,4
4070138,9.90402198754449,6
4070143,9.920435877027522,5
4070152,9.803858339101376,9
4070159,9.866293073969906,7
4070169,9.793709143270815,10
4070187,9.631727147408647,18
4070201,9.678916299240065,14
4070213,9.753011183744755,12
4070217,9.945730246007384,4
4070229,9.739098348584092,12
4070235,9.886023275195084,6
4070243,9.851207096160753,8
4070248,9.926805421871652,5
4070255,9.873096230194491,7
4070264,9.828621873380989,9
4070273,9.817882794741216,9
4070279,9.885442256692151,6
4070287,9.830211849213274,8
4070303,9.711446143404352,16
4070311,9.851071064934684,8
4070316,9.909934018086298,5
4070322,9.880821993504629,6
4070323,10.0,1
4070328,9.910504307883496,5
4070332,9.938528719554151,4
4070338,9.891428589448596,6
4070339,10.0,1
4070340,10.0,1
4070353,9.738900894822118,13
4070361,9.851525836423567,8
4070370,9.833862244197743,9
4070380,9.789166304351177,10
4070384,9.94016612370828,4
4070385,10.0,1
4070392,9.873584942284475,7
4070399,9.86823582753691,7
4070410,9.763238046729088,11
4070417,9.877180782322375,7
4070422,9.900599570453991,5
4070434,9.746931299579083,12
4070445,9.570984325560351,11
4070452,9.85633909044521,7
4070453,10.0,1
4070463,9.59268604109571,10
4070481,9.569010210437494,18
4070494,9.688469821651879,13
4070503,9.696982737434135,9
4070514,9.779994666244615,11
4070515,10.0,1
4070524,9.828792983978426,9
4070532,9.85639402010971,8
4070539,9.86968530566134,7
4070550,9.75861755360548,11
4070559,9.825525936061586,9
4070563,9.92884971276791,4
4070579,9.631763331296082,16
4070580,10.0,1
4070586,9.90056548976632,6
4070594,9.825945454017461,8
4070595,10.0,1
4070604,9.799496831923506,9
4070616,9.746521817476154,12
4070617,9.996100188813354,1
4070628,9.75818508138409,11
4070639,9.673827338460214,11
4070642,9.952511442685191,3
4070648,9.889336922623505,6
4070665,9.613463077806736,17
4070670,9.92985012930585,5
4070682,9.735327241209818,12
4070683,10.0,1
4070692,9.819407000685835,9
4070695,9.970383751582656,3
4070711,9.638688053098116,16
4070721,9.804379047631885,10
4070733,9.73046066120772,12
4070740,9.863658989240855,7
4070741,9.996795765459206,1
4070742,10.0,1
4070752,9.80061343154024,10
4070764,9.72506647700829,12
4070780,9.724146737286825,16
4070781,10.0,1
4070785,9.935487818465374,4
4070786,9.993050626385578,1
4070793,9.883389376549639,7
4070799,9.895263959134724,6
4070810,9.76142545852407,11
4070823,9.70005897782136,13
4070826,9.95528052977707,3
4070830,9.94308738653544,4
4070838,9.83176986840513,8
4070846,9.824483276247838,8
4070858,9.742930529125815,12
4070859,10.0,1
4070869,9.805306342352473,10
4070876,9.899515678103871,7
4070883,9.86501463468319,7
4070894,9.745491644458241,11
4070903,9.835165993749525,9
4070907,9.940318713210303,4
4070921,9.666914635875319,14
4070938,9.630535405756573,17
4070941,9.966014779929205,3
4070949,9.842929483070929,8
4070955,9.909088056523371,6
4070968,9.703751900256183,13
4070969,9.988180569252027,1
4070987,9.592413234305202,18
4070997,9.780217290652944,10
4071000,9.965608013440978,3
4071006,9.887521583846803,6
4071016,9.775807424269265,10
4071044,9.305227286919816,28
4071055,9.775624833077499,11
4071066,9.647944928570656,11
4071072,9.893404666816902,6
4071079,9.866552499361358,7
4071080,9.992591131709652,1
4071088,9.850053438658104,8
4071100,9.73328336637126,12
4071105,9.916605225981753,5
4071122,9.657245971275046,17
4071123,10.0,1
4071132,9.815442691433029,9
4071140,9.866432809105104,8
4071157,9.582898841818377,17
4071163,9.878827524552177,6
4071173,9.785074526038036,10
4071178,9.916239213004387,5
4071189,9.751907095188193,11
4071195,9.890955562965896,6
4071208,9.727253755915653,13
4071209,9.996845082060934,1
4071220,9.755123012136949,11
4071225,9.919150957865156,5
4071236,9.739908936453997,11
4071240,9.935975912504153,4
4071261,9.53464275096592,21
4071272,9.664519560127657,11
4071280,9.85699668174806,8
4071290,9.812990852588788,10
4071302,9.761789203758076,12
4071312,9.792910469504829,10
4071325,9.781549317760211,13
4071337,9.781569742150461,12
4071342,9.933378926497776,5
4071352,9.818249532668878,10
4071356,9.953950655336747,4
4071365,9.808322621277316,9
4071373,9.753462519827517,8
4071385,9.77853752421521,12
4071400,9.350774616298287,15
4071401,10.0,1
4071412,9.765445496895616,11
4071423,9.787163930086733,11
4071425,9.977069628073027,2
4071435,9.770347181368697,10
4071445,9.68674295924534,10
4071446,10.0,1
4071453,9.869836400514366,7
4071460,9.863606321585381,7
4071471,9.790609866058153,11
4071482,9.766612911941403,11
4071491,9.725219530869337,9
4071494,9.960029398038598,3
4071495,10.0,1
4071514,9.615538061300805,19
4071518,9.936812766988957,4
4071523,9.930828826226428,5
4071530,9.850410120408615,7
4071542,9.733852962791689,12
4071551,9.828797192722506,9
4071554,9.967497793026853,3
4071555,10.0,1
4071570,9.684426111772627,15
4071572,9.980159751144681,2
4071577,9.910367303061648,5
4071578,10.0,1
4071587,9.843172831311074,9
4071600,9.719392599975384,13
4071606,9.88944309107918,6
4071629,9.42958556083993,23
4071639,9.79766682942175,10
4071650,9.78836682796753,11
4071651,10.0,1
4071665,9.293625474418409,14
4071673,9.82703954184129,8
4071684,9.766886460267308,11
4071685,9.99274699000401,1
4071698,9.707086775991002,13
4071707,9.83200716557063,9
4071712,9.904590736218456,5
4071714,9.972516430132137,2
4071721,9.867595921337601,7
4071730,9.81575788283606,9
4071736,9.903768725707335,6
4071745,9.820608447119312,9
4071753,9.846628771176144,8
4071764,9.77139919179401,11
4071765,10.0,1
4071782,9.598218622811792,17
4071792,9.70208838545785,10
4071803,9.776135140321985,11
4071807,9.928810598059693,4
4071816,9.796394829282333,9
4071824,9.848348917847664,8
4071827,9.962567884821034,3
4071828,10.0,1
4071831,9.960820904600114,3
4071843,9.756412370019133,12
4071858,9.6457527716213,15
4071878,9.471201357912602,20
4071880,9.985277159449303,2
4071883,9.959326149427461,3
4071892,9.804724738232213,9
4071901,9.803694728598154,9
4071905,9.943135829754162,4
4071908,9.95010047538745,3
4071918,9.771736816096002,10
4071924,9.895321679511373,6
4071930,9.895779178278737,6
4071939,9.847908342047688,9
4071952,9.729884663388223,13
4071955,9.96136001905288,3
4071970,9.669571181142532,15
4071971,10.0,1
4071979,9.739280247668036,8
4071988,9.820560765932912,9
4071997,9.806758942184082,9
4072005,9.86196870488795,8
4072017,9.754996349768208,12
4072018,10.0,1
4072027,9.830306977407169,9
4072037,9.776518010801947,10
4072045,9.863106964065244,8
4072051,9.874642012224927,6
4072061,9.811511229625099,10
4072062,10.0,1
4072070,9.860960010931615,8
4072086,9.634394120786034,16
4072095,9.820007160687128,9
4072102,9.847673394896958,7
4072114,9.731094316154335,12
4072130,9.668628657398191,16
4072132,9.975990375848221,2
4072141,9.826750039695156,9
4072154,9.718021994505962,13
4072163,9.806067533839533,9
4072166,9.952937624621567,3
4072169,9.949907830387298,3
4072178,9.788996927144732,9
4072179,10.0,1
4072192,9.716552659589842,13
4072206,9.69105904906013,14
4072207,10.0,1
4072215,9.835867759939402,8
4072216,10.0,1
4072222,9.90117897284632,6
4072227,9.903543229049065,5
4072240,9.687362666074765,13
4072248,9.879339580313959,8
4072265,9.654372151032799,17
4072267,9.970795361827172,2
4072280,9.752541911617026,13
4072285,9.935719613432,5
4072291,9.892709567607897,6
4072302,9.754600989659124,11
4072307,9.917002048532202,5
4072320,9.722189431666294,13
4072328,9.835067643129518,8
4072329,10.0,1
4072332,9.966506415793805,3
4072335,9.9498532337684,3
4072352,9.60617448796495,17
4072353,9.989253595001543,1
4072360,9.892033831121552,7
4072367,9.845265166539303,7
4072373,9.894115477955548,6
4072379,9.906758870874768,6
4072393,9.698913563172338,14
4072404,9.772053033137382,11
4072418,9.6743952631624,14
4072430,9.757402621789803,12
4072437,9.869769551974665,7
4072446,9.809899609117286,9
4072455,9.829776718512731,9
4072470,9.624829779229644,15
4072482,9.726054374654643,12
4072487,9.929590643637702,5
4072494,9.868721016182688,7
4072500,9.92527944426389,6
4072512,9.74312205383846,12
4072513,9.989134396207092,1
4072525,9.723352455845932,12
4072531,9.919543529960194,6
4072543,9.745484527979077,12
4072549,9.88769534860985,6
4072551,9.976734299321926,2
4072565,9.683159075585671,14
4072572,9.863656851139517,7
4072576,9.938360136305665,4
4072580,9.943866297633834,4
4072590,9.797213515008146,10
4072607,9.644851650252932,17
4072619,9.756111701799421,12
4072634,9.662655230580738,15
4072642,9.83801894424656,8
4072647,9.918950581285072,5
4072661,9.70437671512314,14
4072669,9.86742771829655,8
4072676,9.871142781287153,7
4072684,9.83664117382776,8
4072691,9.87825491329354,7
4072693,9.982919229297577,2
4072705,9.737019655718095,12
4072706,10.0,1
4072712,9.887312512778557,6
4072723,9.787565495699065,11
4072731,9.850429428021341,8
4072746,9.67139238172654,15
4072756,9.824331476663176,10
4072763,9.880388056123927,7
4072769,9.886529576488574,6
4072783,9.71848043916081,14
4072784,10.0,1
4072795,9.791577940511962,11
4072805,9.683332461038505,10
4072816,9.576650101096881,11
4072823,9.885979434970897,7
4072828,9.900840752385747,5
4072838,9.781623930798563,10
4072849,9.766019688656245,11
4072861,9.776865496420115,12
4072866,9.920612230060772,5
4072867,10.0,1
4072875,9.830345803962121,8
4072891,9.62052394888599,16
4072899,9.839325129158022,8
4072900,9.991846915280453,1
4072908,9.836667109628706,8
4072922,9.690990447437393,14
4072935,9.717156599715421,13
4072945,9.766176509656027,10
4072953,9.835673463550688,8
4072966,9.74525043655366,13
4072980,9.69743612871889,14
4073005,9.490802595477511,25
4073017,9.736279500203034,12
4073030,9.73577561978583,13
4073033,9.966754541835313,3
4073045,9.739244980530811,12
4073047,9.980234374987102,2
4073052,9.93694196601358,5
4073055,9.967472448942939,3
4073063,9.86453602785962,8
4073076,9.731758484873179,13
4073083,9.874189196314768,7
4073088,9.908017698955982,5
4073098,9.704649495730436,10
4073109,9.778757377684002,11
4073121,9.747710004260929,12
4073130,9.798553975946081,9
4073144,9.76005662123331,14
4073150,9.891106306012814,6
4073163,9.695454661740968,13
4073180,9.246076064146846,17
4073181,10.0,1
4073195,9.676293002676315,14
4073206,9.777781265151688,11
4073211,9.928596622324816,5
4073212,10.0,1
4073223,9.750667084101437,11
4073233,9.814739609975902,10
4073238,9.922792189748941,5
4073245,9.866850187795064,7
4073250,9.931817232625344,5
4073263,9.542514536288145,13
4073268,9.926235223931537,5
4073276,9.855547060777553,8
4073285,9.810000369707826,9
4073296,9.802303792386983,11
4073315,9.565970596839446,19
4073323,9.86068483647523,8
4073338,9.674807259947428,15
4073347,9.819280730269037,9
4073362,9.654974944381427,15
4073371,9.808103654466215,9
4073382,9.757618705506435,11
4073399,9.611301031346223,17
4073409,9.777875468675441,10
4073418,9.832980678990586,9
4073430,9.738780038316266,12
4073431,10.0,1
4073441,9.813702133773992,10
4073442,10.0,1
4073454,9.732850823764673,12
4073460,9.900516661867078,6
4073465,9.906946180356275,5
4073469,9.933419657407581,4
4073479,9.765925777638357,10
4073489,9.812884922443796,10
4073495,9.908401043757342,6
4073496,10.0,1
4073507,9.798552335805997,11
4073514,9.90624022447369,7
4073519,9.903331519156675,5
4073522,9.966520911473488,3
4073534,9.739902943571968,12
4073539,9.930166296401332,5
4073551,9.735740321728679,12
4073564,9.75885776702156,13
4073583,9.5226535197219,19
4073591,9.847885704893597,8
4073592,9.992106255632487,1
4073601,9.856392931992422,9
4073613,9.732907056344768,12
4073614,10.0,1
4073624,9.795515015355432,10
4073635,9.776374897648388,11
4073645,9.811453979391292,10
4073653,9.842001002286898,8
4073661,9.83119878933364,8
4073671,9.79309350526299,10
4073688,9.498677353881275,17
4073692,9.93600685999942,4
4073698,9.90044203677352,6
4073702,9.837510219853872,4
4073710,9.726586902957635,8
4073715,9.906302241531312,5
4073724,9.804315138715818,9
4073735,9.766479240653426,11
4073744,9.823606257862405,9
4073756,9.726142241352354,12
4073769,9.710838174757253,13
4073770,10.0,1
4073776,9.88132054383474,6
4073789,9.717226775608461,13
4073801,9.771995894587212,12
4073807,9.889357442411322,6
4073824,9.407911083674444,17
4073831,9.854171786249596,7
4073836,9.925981751111323,5
4073845,9.820819997725637,9
4073849,9.945782301448897,4
4073857,9.835243718916065,8
4073862,9.906325594898336,5
4073872,9.803648137625661,10
4073881,9.828241890942271,9
4073887,9.885683101565071,6
4073895,9.647280960890527,8
4073904,9.816548740824924,9
4073920,9.608596289059875,16
4073929,9.826401872133717,9
4073945,9.635268889100587,16
4073951,9.884330265376091,6
4073955,9.933468011906262,4
4073970,9.664166281608049,15
4073974,9.93169953794652,4
4073987,9.701348400021212,13
4073988,10.0,1
4074002,9.657603181597189,14
4074011,9.798893182385415,9
4074018,9.899344196054326,7
4074019,10.0,1
4074026,9.871160751999954,7
4074044,9.607932761147504,18
4074056,9.750812700850727,12
4074067,9.782411778000235,11
4074073,9.906739317197792,6
4074079,9.904107274533214,6
4074089,9.784395925603436,10
4074103,9.691292392474471,14
4074111,9.815966732060577,8
4074112,10.0,1
4074116,9.926311997148414,4
4074129,9.7084711127648,13
4074134,9.914509361288642,5
4074142,9.870199900474244,8
4074143,10.0,1
4074151,9.847905849621792,8
4074159,9.852567731928012,8
4074166,9.889492527984073,7
4074171,9.718841843005784,5
4074179,9.843034016639841,8
4074187,9.86302159956147,8
4074190,9.969511992176432,3
4074191,10.0,1
4074192,10.0,1
4074193,10.0,1
4074203,9.791877805223747,10
4074204,10.0,1
4074216,9.76012366251142,12
4074227,9.777204463562972,11
4074241,9.702923709201082,14
4074259,9.440453585868534,18
4074276,9.599988374988095,17
4074284,9.847482866460565,8
4074292,9.838573533294328,8
4074296,9.942007634785524,4
4074303,9.870516532948578,7
4074309,9.894172675276867,6
4074319,9.784115581065125,10
4074327,9.836595869837838,8
4074335,9.829745933030718,8
4074339,9.946232785897578,4
4074340,10.0,1
4074346,9.907038465948219,6
4074347,10.0,1
4074352,9.917143110390937,5
4074358,9.89590595864544,6
4074369,9.692778976229143,11
4074381,9.70011338623457,12
4074388,9.872763697630662,7
4074393,9.921367079574152,5
4074410,7.892835063159435,17
4074411,9.992897509751012,1
4074412,10.0,1
4074413,10.0,1
4074422,9.833157510823586,9
4074427,9.924405303585175,5
4074437,9.792183025131449,10
4074447,9.79961945557269,10
4074462,9.655957393357179,15
4074472,9.7835931611756,10
4074481,9.8280219985283,9
4074485,9.934691018069524,4
4074494,9.832608462795081,9
4074501,9.890188446735817,7
4074504,9.953654336218468,3
4074512,9.850242452327818,8
4074521,9.8135283834353,9
4074533,9.754743183754934,12
4074544,9.762521165235828,11
4074549,9.923702995290057,5
4074557,9.836546925048284,8
4074559,9.984301924309879,2
4074563,9.950198073265945,4
4074573,9.796333133083504,10
4074582,9.83135713949592,9
4074595,9.704084594222904,13
4074599,9.936222136369594,4
4074607,9.852993102706801,8
4074614,9.870649645487044,7
4074618,9.937245497049743,4
4074622,9.926047581181981,4
4074628,9.890685354011524,6
4074639,9.7645224257312,11
4074653,9.699497139690685,14
4074667,9.697561608942502,14
4074682,9.68225598396669,15
4074693,9.768576928190104,11
4074695,9.97704482879457,2
4074704,9.802323779614502,9
4074711,9.872048420617,7
4074726,9.656721259700518,15
4074731,9.93149948164518,5
4074734,9.951376175005215,3
4074735,10.0,1
4074738,9.950430054090802,3
4074749,9.761155331998904,11
4074750,10.0,1
4074765,9.655170972672677,15
4074779,9.72079128963973,14
4074782,9.961171934000479,3
4074789,9.85835238816035,7
4074796,9.864857295552834,7
4074801,9.927146673528494,5
4074815,9.653076344623411,14
4074824,9.828149086322307,9
4074837,9.740265520229006,13
4074842,9.926853319148448,5
4074858,9.624878353995985,16
4074872,9.673617973950611,14
4074877,9.917133102594553,5
4074883,9.899656325973185,6
4074895,9.718184009250466,12
4074902,9.852786201245811,7
4074904,9.975289781548309,2
4074905,10.0,1
4074916,9.538576034196542,11
4074917,9.992172684489617,1
4074926,9.821569528633347,9
4074932,9.890497802694044,6
4074939,9.880978189870593,7
4074948,9.831825394875313,9
4074957,9.834688461992048,9
4074965,9.839024380444267,8
4074966,10.0,1
4074971,9.910814217931533,5
4074983,9.743401050798868,12
4074985,9.983720008170843,2
4074988,9.961750906441221,3
4074993,9.909883503255163,5
4075007,9.703329927612279,14
4075022,9.668911912622239,15
4075025,9.954411010115727,3
4075038,9.712240545118158,13
4075045,9.845162640170178,7
4075051,9.904934477983474,6
4075061,9.807940140716068,10
4075071,9.783535237940812,10
4075081,9.330154658101316,10
4075089,9.853395500948746,8
4075101,9.750634963706936,12
4075106,9.900682789715322,5
4075112,9.894042061016524,6
4075128,9.66835753860118,16
4075133,9.934752586059506,5
4075146,9.720849339955539,13
4075157,9.730787560887293,11
4075161,9.950094821544766,4
4075168,9.873659294963344,7
4075175,9.896957866213535,7
4075185,9.837035971935425,10
4075187,9.979464021674787,2
4075197,9.835635854609574,10
4075210,9.746521344082655,13
4075216,9.88774956320347,6
4075225,9.859506340878589,9
4075236,9.770203782793839,11
4075244,9.843133584427939,8
4075257,9.70079866150297,13
4075265,9.85521249203882,8
4075276,9.750976315426323,11
4075290,9.69160317466482,14
4075296,9.912085452508556,6
4075305,9.815794669749849,9
4075327,9.541094419087885,22
4075330,9.960147896243,3
4075416,8.171001007746474,86
4075916,-17.045782240080438,500
4075922,9.80799708400588,6
4075934,9.747142980391995,12
4075937,9.964343216295255,3
4075948,9.77926204144398,11
4075955,9.877838486092267,7
4075966,9.782867891740722,11
4075976,9.814482058715326,10
4075984,9.823612580782534,8
4075986,9.981959541305981,2
4075993,9.879522619773985,7
4076004,9.785252094615378,11
4076014,9.781561026344574,10
4076020,9.886942512198413,6
4076033,9.707108164779902,13
4076050,9.611699157098483,17
4076054,9.938066679844415,4
4076069,9.42493273891409,15
4076080,9.793548508375805,11
4076093,9.73509633494509,13
4076097,9.82835835162823,4
4076107,9.782641926758657,10
4076119,9.739129977379129,12
4076131,9.75568240379355,12
4076137,9.899863710364134,6
4076147,9.795628316422942,10
4076157,9.783601160026125,10
4076158,10.0,1
4076166,9.845882315910485,8
4076179,9.585354271610383,13
4076182,9.964436613338878,3
4076185,9.969243865094363,3
4076188,9.761143783701629,3
4076201,9.701522874379833,13
4076206,9.91017310807031,5
4076217,9.765117637409201,11
4076220,9.958779300054246,3
4076223,9.964610554413797,3
4076230,9.859729554787789,7
4076243,9.727127731564753,13
4076254,9.824140772509665,11
4076264,9.761542571249493,10
4076272,9.835644792115177,8
4076273,10.0,1
4076282,9.824971478135495,9
4076287,9.91118269658057,5
4076293,9.894361635817459,6
4076300,9.892573151059814,7
4076305,9.910999479726762,5
4076310,9.905770551124528,5
4076318,9.863357095549508,8
4076325,9.848626750782515,7
4076345,9.515338627935787,20
4076357,9.746891246368547,12
4076364,9.691097168763173,7
4076377,9.720862347564564,13
4076384,9.840662302451715,7
4076398,9.650419151448503,14
4076401,9.956832919577339,3
4076415,9.65888896929993,14
4076416,10.0,1
4076425,9.815180985655326,9
4076438,9.710306895346815,13
4076439,9.992980208668204,1
4076450,9.77235960653117,11
4076465,9.652788593407012,15
4076473,9.830846817878601,8
4076479,9.8919788082962,6
4076480,10.0,1
4076492,9.527485612449077,12
4076515,9.354259317037322,23
4076524,9.837892764500696,9
4076535,9.802250253603757,11
4076541,9.912687569742422,6
4076548,9.872931546684658,7
4076560,9.714996079837512,12
4076562,9.985035892246223,2
4076564,9.983682763558246,2
4076565,10.0,1
4076566,10.0,1
4076567,9.99674813729664,1
4076574,9.8888366713221,7
4076580,9.884363188890031,6
4076591,9.771147503158584,11
4076595,9.93981601562594,4
4076603,9.85806916879488,8
4076614,9.759074879950713,11
4076628,9.607381577881892,14
4076640,9.753215749239459,12
4076650,9.790039856808477,10
4076656,9.890580309284854,6
4076662,9.885298943464775,6
4076668,9.88440248538288,6
4076686,9.58802593040161,18
4076700,9.699200748172613,14
4076704,9.943431858953852,4
4076714,9.665348674477274,10
4076724,9.772773446872128,10
4076728,9.933839038619817,4
4076737,9.808223347168823,9
4076740,9.956075940099437,3
4076745,9.815856541330364,5
4076751,9.90022367494468,6
4076758,9.871476008154087,7
4076769,9.744721812138046,11
4076776,9.870981670305891,7
4076780,9.934170287535887,4
4076793,9.770435861823536,13
4076798,9.904416976206893,5
4076801,9.962953148315012,3
4076806,9.921285253310447,5
4076813,9.866462528147144,7
4076818,9.926677818647667,5
4076828,9.585544587280394,10
4076839,9.805002080864192,11
4076849,9.77472593967284,10
4076850,10.0,1
4076858,9.85493371551331,8
4076872,9.674574508406135,14
4076878,9.91673341024515,6
4076888,9.804862976626433,10
4076892,9.926595159501943,4
4076898,9.893316911364135,6
4076912,9.72417099819569,14
4076920,9.83522097097759,8
4076934,9.699386782888505,14
4076939,9.91714731463083,5
4076945,9.902782798467083,6
4076960,9.668693739676929,15
4076971,9.781398375639872,11
4076980,9.827527437237297,9
4076989,9.813784897990017,9
4077000,9.769928113786975,11
4077010,9.768789920926784,10
4077017,9.880533993861485,7
4077027,9.81253340049546,10
4077038,9.764103003957095,11
4077045,9.88342620594298,7
4077062,9.581149511228412,17
4077067,9.926596038772047,5
4077073,9.910898922293338,6
4077084,9.786363159800247,11
4077092,9.838906573021006,8
4077093,10.0,1
4077096,9.966409395306009,3
4077113,9.602912572003323,17
4077119,9.900926485135804,6
4077123,9.938556994912851,4
4077125,9.975676865059413,2
4077129,9.93934158335743,4
4077137,9.860248152724134,8
4077147,9.767975230869704,10
4077157,9.796365434983667,10
4077158,9.992506368239994,1
4077177,9.579130672852115,19
4077186,9.806777245836352,9
4077190,9.938539419735797,4
4077200,9.783164196388814,10
4077204,9.936685288676864,4
4077211,9.872711603858935,7
4077215,9.737829321092569,4
4077227,9.749036667323724,12
4077236,9.723248753275627,9
4077239,9.964454502713982,3
4077250,9.766638260512163,11
4077257,9.884941615650197,7
4077272,9.62472022072816,15
4077273,10.0,1
4077281,9.865263135617358,8
4077288,9.880259546118605,7
4077294,9.884775982637672,6
4077309,9.64487642840344,15
4077313,9.931474376422129,4
4077322,9.837484689646669,9
4077328,9.89069584539157,6
4077329,10.0,1
4077330,9.988573916694719,1
4077336,9.889693651620316,6
4077353,9.581682929619376,17
4077369,9.639481187019141,16
4077370,10.0,1
4077376,9.883686986332991,6
4077383,9.87213475191521,7
4077395,9.733253405375775,12
4077415,9.519472487553244,20
4077429,9.708732452720644,14
4077441,9.728510142262644,12
4077450,9.815327024325557,9
4077461,9.738079291516046,11
4077463,9.974894359670909,2
4077464,10.0,1
4077474,9.802924034246605,10
4077477,9.961454704519804,3
4077487,9.790258344923426,10
4077493,9.883960439023188,6
4077507,9.527037920960353,14
4077517,9.798191707545195,10
4077526,9.812814886632914,9
4077540,9.60339155965768,14
4077547,9.870635669634666,7
4077558,9.76106706605124,11
4077562,9.923189233687639,4
4077567,9.913629779102852,5
4077571,9.937795754235298,4
4077581,9.786261685814512,10
4077582,10.0,1
4077592,9.798780973331477,10
4077601,9.825902365303719,9
4077611,9.797362994283874,10
4077614,9.958701831457258,3
4077615,10.0,1
4077624,9.80401092027059,9
4077631,9.87239921352041,7
4077637,9.902019983800253,6
4077642,9.904381544332873,5
4077652,9.778774333017923,10
4077660,9.815719713025597,8
4077663,9.960677166898163,3
4077670,9.876992565158876,7
4077677,9.866735975247117,7
4077683,9.896256993713068,6
4077691,9.83680365929198,8
4077692,10.0,1
4077703,9.748367620501234,11
4077715,9.741354415184036,12
4077735,9.544461366021116,20
4077737,9.976810381653573,2
4077749,9.737185400948892,12
4077806,8.864282167733434,57
4077824,9.581718816999636,18
4077835,9.769818227864613,11
4077840,9.90834083661452,5
4077850,9.810693086573524,10
4077860,9.808101497153247,10
4077870,9.808688104256843,10
4077876,9.904620207158594,6
4077890,9.673025233399981,14
4077896,9.907456213279831,6
4077900,9.942506899775157,4
4077907,9.861687121768707,7
4077918,9.746138235872305,11
4077922,9.942347981208751,4
4077939,8.789523258946739,17
4077954,9.650648661560451,15
4077960,9.889819477338435,6
4077973,9.713084738285795,13
4077985,9.742351032030937,12
4077986,10.0,1
4077992,9.90478748622633,6
4077995,9.964642553734961,3
4077999,9.943400430132025,4
4078002,9.94791812261578,3
4078009,9.85374317877189,7
4078014,9.90567588425215,5
4078019,9.9258056034491,5
4078028,9.824594421282379,9
4078038,9.795113985909714,10
4078043,9.914104952437201,5
4078048,9.921866713327809,5
4078061,9.692147514000863,13
4078064,9.956750105400392,3
4078074,9.789816683600497,10
4078082,9.822714226284203,8
4078093,9.757773424826919,11
4078100,9.86214825128848,7
4078101,9.989747067169487,1
4078114,9.704234742908604,13
4078117,9.966065682626601,3
4078123,9.883786437535344,6
4078136,9.728735752145672,13
4078138,9.976239276140591,2
4078145,9.882478011048551,7
4078152,9.878446071637075,7
4078160,9.843291218987213,8
4078170,9.812231099141734,10
4078172,9.971069662414013,2
4078177,9.918109161863798,5
4078184,9.850129967062283,7
4078205,9.625545558550815,21
4078211,9.89009370060973,6
4078216,9.919818876548215,5
4078226,9.806776859685186,10
4078233,9.892492219032238,7
4078238,9.91548161870587,5
4078249,9.746324139649175,11
4078264,9.667960784419881,15
4078276,9.773190139968463,12
4078285,9.818770245229675,9
4078299,9.685284049853191,14
4078318,9.63130239544568,19
4078319,10.0,1
4078329,9.802112203314383,10
4078343,9.38360205768872,14
4078355,9.744515120607845,12
4078360,9.933363029673233,5
4078370,9.767909531877038,10
4078378,9.862272261020841,8
4078386,9.850224909789032,8
4078397,9.76139921465337,11
4078406,9.82712844444939,9
4078422,9.62475761096075,16
4078434,9.730363615351296,12
4078447,9.712713709561292,13
4078460,9.72609423453051,13
4078478,9.61433456294042,18
4078491,9.73981907877647,13
4078498,9.86923250921154,7
4078512,9.728807431454817,14
4078523,9.797014328088625,11
4078528,9.90784235623906,5
4078534,9.888716934545071,6
4078544,9.790596234152716,10
4078556,9.774033498318124,12
4078566,9.80614731320616,10
4078577,9.769492179678778,11
4078590,9.696918644715788,13
4078600,9.832591277314005,10
4078615,9.649596902012568,15
4078618,9.967043463558985,3
4078629,9.756439187848684,11
4078642,9.699176943082701,13
4078654,9.767521673282735,12
4078669,9.662359814566932,15
4078676,9.865209030827959,7
4078693,9.61788311503708,17
4078696,9.96584356864723,3
4078707,9.810274940626227,11
4078723,9.6209948885852,16
4078732,9.8067559421961,9
4078742,9.787896182290767,10
4078749,9.86940908539501,7
4078757,9.7460323860912,8
4078759,9.971947337365446,2
4078760,10.0,1
4078763,9.968717681871803,3
4078768,9.90043127768072,5
4078783,9.643490222389492,15
4078795,9.724223878450703,12
4078805,9.795502442841315,10
4078819,9.677826046748331,14
4078834,9.683553267943813,15
4078840,9.89636893793576,6
4078846,9.900853973278782,6
4078859,9.616413596228536,13
4078860,10.0,1
4078868,9.829896385469388,8
4078869,9.993201524521307,1
4078876,9.863621128703924,7
4078884,9.866159544116615,8
4078885,9.98790774568278,1
4078897,9.744167204513271,12
4078911,9.657579672842738,14
4078920,9.838796625391469,9
4078924,9.9281745313218,4
4078931,9.674824450593649,7
4078942,9.751018020690992,11
4078952,9.779939450029802,10
4078962,9.770553986707874,10
4078972,9.79849673841751,10
4078984,9.761311959368884,12
4078992,9.872999396190375,8
4079002,9.817260767926074,10
4079008,9.912969310816896,6
4079019,9.754755136253406,11
4079024,9.910765130411024,5
4079028,9.940618438970127,4
4079042,9.554018166208234,14
4079049,9.881742679661334,7
4079055,9.905454959562169,6
4079056,10.0,1
4079065,9.80308078947734,9
4079066,10.0,1
4079075,9.826936623633797,9
4079085,9.768831517929659,10
4079095,9.788756338456032,10
4079104,9.847862243347729,9
4079110,9.905237246103331,6
4079118,9.835816794950103,8
4079129,9.738738022835877,11
4079135,9.892774025171578,6
4079137,9.972926501871267,2
4079150,9.696766192415044,13
4079157,9.866345725261386,7
4079163,9.886099799402698,6
4079166,9.964834530431743,3
4079170,9.943156938311155,4
4079171,9.987945853567934,1
4079184,9.784668033976285,13
4079213,9.516656018078633,29
4079220,9.771420224038403,7
4079230,9.80790570603585,10
4079233,9.754601148491705,3
4079244,9.824234119148887,11
4079253,9.817575028301748,9
4079274,9.493990661997772,21
4079280,9.876722223514621,6
4079295,9.677146159176608,15
4079303,9.860593412861574,8
4079306,9.951132641240488,3
4079307,10.0,1
4079320,9.699329740260813,13
4079324,9.935263640260859,4
4079334,9.820025656083919,10
4079335,10.0,1
4079348,9.692166337496849,13
4079353,9.92319539985485,5
4079359,9.900903991044013,6
4079371,9.733495765712496,12
4079378,9.855145131850744,7
4079384,9.898479041638357,6
4079392,9.841883248008338,8
4079395,9.953134596341194,3
4079404,9.811912287626539,9
4079411,9.8797738363857,7
4079421,9.78888632065664,10
4079428,9.849497501991863,7
4079435,9.87185601437854,7
4079456,9.474579323984123,21
4079467,9.755444813854036,11
4079476,9.79915231455849,9
4079480,9.92909729751871,4
4079490,9.79850874276886,10
4079501,9.75551451962226,11
4079511,9.774822760008526,10
4079520,9.802461822276134,9
4079528,9.83121376706243,8
4079546,9.586104595466164,18
4079548,9.9748742117661,2
4079549,10.0,1
4079553,9.934792726266242,4
4079559,9.883618455416297,6
4079570,9.74421642975144,11
4079579,9.817895213035804,9
4079592,9.704526636935533,13
4079596,9.946259846975305,4
4079605,9.803721614175545,9
4079612,9.864402496372382,7
4079623,9.818400565447526,11
4079633,9.787791337444371,10
4079644,9.76402625094318,11
4079652,9.838985363387579,8
4079657,9.91934452619305,5
4079661,9.937217614721881,4
4079673,9.730368611920412,12
4079675,9.971872820709732,2
4079686,9.584075120202415,11
4079695,9.817326673973417,9
4079709,9.70553198948766,14
4079718,9.838058827900348,9
4079730,9.748720457849087,12
4079742,9.74055113722907,12
4079764,8.856335762447967,22
4079774,9.755647408879012,10
4079782,9.834056333273654,8
4079794,9.754236881721257,12
4079805,9.785526585533452,11
4079809,9.926482120783481,4
4079814,9.92205340115584,5
4079818,9.939119711576172,4
4079828,9.784135965984351,10
4079829,9.988871089205759,1
4079840,9.72844791917139,11
4079851,9.762884149923394,11
4079862,9.763208552964933,11
4079874,9.758722732198377,12
4079875,10.0,1
4079883,9.831915058403897,8
4079898,9.688994717350369,15
4079912,9.672018934395108,14
4079917,9.920129877372268,5
4079925,9.842813882245496,8
4079935,9.818366665666968,10
4079941,9.908274768574172,6
4079946,9.924757529731279,5
4079955,9.82851196622995,9
4079960,9.922468687617535,5
4079967,9.901411325793182,7
4079968,10.0,1
4079973,9.91465566115467,5
4079984,9.745001499651195,11
4079991,9.859876385160238,7
4080002,9.780874428243875,11
4080012,9.787785238351825,10
4080026,9.68149500599398,14
4080031,9.932557000318502,5
4080039,9.837911193692888,8
4080054,9.722579998118732,15
4080055,9.996043335364218,1
4080058,9.955861951942266,3
4080069,9.774493347907157,11
4080079,9.81999528958118,10
4080086,9.868696225628936,7
4080090,9.952368051505093,4
4080105,9.664753879114636,15
4080112,9.866452242789482,7
4080118,9.895234336941694,6
4080119,10.0,1
4080124,9.927948644037942,5
4080132,9.866804575651596,8
4080149,9.628097814507946,17
4080156,9.867686275574302,7
4080161,9.908925804700058,5
4080165,9.931927667749925,4
4080180,9.667667093139464,15
4080183,9.963670697501033,3
4080184,10.0,1
4080194,9.809121681563688,10
4080199,9.905371631592473,5
4080206,9.874105090241635,7
4080217,9.757603429279689,11
4080225,9.838300495711962,8
4080230,9.923827653529715,5
4080237,9.882380019134223,7
4080240,9.9714476313837,3
4080253,9.768042651921645,13
4080262,9.808962676611385,9
4080277,9.722229326044475,15
4080286,9.782118159351947,9
4080292,9.903039642027828,6
4080294,9.985871094502848,2
4080301,9.86502815113534,7
4080310,9.833309938113684,9
4080317,9.867758781910261,7
4080324,9.871435384915433,7
4080325,10.0,1
4080337,9.771605674694877,12
4080348,9.782257310347614,11
4080363,9.654416616701463,15
4080367,9.940029474702683,4
4080376,9.824207473393935,9
4080391,9.703096224343453,15
4080403,9.740379288633317,12
4080410,9.887939521713758,7
4080421,9.756687651259945,11
4080435,9.688442527206107,14
4080438,9.952134181722993,3
4080441,9.95379549209443,3
4080461,9.526973444675242,20
4080462,10.0,1
4080471,9.813963299617665,9
4080478,9.868281651676838,7
4080485,9.868532864657624,7
4080491,9.8898311455139,6
4080498,9.887797244253628,7
4080513,9.684626841943981,15
4080520,9.882960728711952,7
4080531,9.760090740363319,11
4080537,9.891882201985377,6
4080550,9.525888262173721,13
4080561,9.750580651811697,11
4080571,9.809352951351869,10
4080579,9.834521722523421,8
4080589,9.795689697328223,10
4080595,9.881299106752454,6
4080603,9.861239861602437,8
4080610,9.86971644742841,7
4080615,9.917345435465412,5
4080621,9.916820644257344,6
4080622,10.0,1
4080629,9.85057653813149,7
4080643,9.681665742047748,14
4080651,9.846752191555789,8
4080661,9.788289256853673,10
4080671,9.80101136469266,10
4080686,9.661469297704176,15
4080693,9.85841171966423,7
4080696,9.960053056051944,3
4080700,9.931118620175521,4
4080709,9.801672722573167,9
4080727,9.54472904249773,18
4080739,9.735381847415072,12
4080757,9.622659141115157,18
4080768,9.774831820572775,11
4080772,9.951552799896584,4
4080773,10.0,1
4080774,10.0,1
4080782,9.858490428658689,8
4080794,9.724352870712435,12
4080807,9.640295036726698,13
4080818,9.779964395144214,11
4080830,9.764848770934083,12
4080839,9.726333221419402,9
4080844,9.908156989370083,5
4080848,9.943877255621208,4
4080862,9.674079618092785,14
4080865,9.969869279455384,3
4080875,9.808771366666937,10
4080886,9.765691334228281,11
4080894,9.84955740258668,8
4080905,9.770700545337911,11
4080915,9.766230728413259,10
4080919,9.843264122518436,4
4080923,9.938679113588893,4
4080936,9.703404569338929,13
4080940,9.942384735857013,4
4080954,9.674097784908437,14
4080962,9.824110436711884,8
4080976,9.675722283808765,14
4080982,9.905242497588793,6
4080992,9.760851398882775,10
4080999,9.873259342591034,7
4081009,9.77918768373934,10
4081015,9.879139637784629,6
4081022,9.866698080702312,7
4081029,9.8920058154261,7
4081033,9.940166988823156,4
4081045,9.780775044113788,12
4081055,9.800104896875903,10
4081064,9.79654144618852,9
4081075,9.793942448499653,11
4081082,9.840013481227725,7
4081088,9.583088011640934,6
4081102,9.698358562280516,14
4081103,10.0,1
4081114,9.766321317873624,11
4081128,9.737083321225976,14
4081135,9.875766843099376,7
4081138,9.946786624934493,3
4081148,9.788687088134747,10
4081160,9.513813670989766,12
4081169,9.828026385885925,9
4081180,9.772764025746453,11
4081188,9.837101217246495,8
4081195,9.88006678782756,7
4081207,9.73246189638673,12
4081214,9.889252114574452,7
4081222,9.874086435956198,8
4081233,9.655177621257932,11
4081243,9.776259675998531,10
4081253,9.817458211361238,10
4081264,9.759355144131238,11
4081269,9.90492680743993,5
4081275,9.910830765345676,6
4081276,10.0,1
4081285,9.834722426118223,9
4081292,9.863400087037435,7
4081296,9.93724751600506,4
4081310,9.688986275644494,14
4081326,9.663072241867429,16
4081328,9.872062436032353,2
4081331,9.948537804227824,3
4081335,9.943311940264733,4
4081344,9.814138679243335,9
4081345,10.0,1
4081355,9.80296520520249,10
4081365,9.830668395300716,10
4081368,9.969002347490733,3
4081382,9.670695964289598,14
4081388,9.909894415742036,6
4081397,9.816351503199872,9
4081401,9.932080882847972,4
4081409,9.861508228607427,8
4081418,9.555170216799654,9
4081419,9.989229198586179,1
4081424,9.918117110066566,5
4081433,9.81277007288831,9
4081434,10.0,1
4081449,9.6596025321428,15
4081456,9.880347257563754,7
4081467,9.756371759990873,11
4081481,9.690210488628608,14
4081484,9.955829791900692,3
4081488,9.952149069612549,4
4081494,9.897000735479232,6
4081503,9.8202710471843,9
4081510,9.864652100946282,7
4081517,9.87166465272005,7
4081523,9.911710443904223,6
4081536,9.701484989867078,13
4081544,9.878082576183635,8
4081546,9.976823779724649,2
4081550,9.945065194560984,4
4081562,9.727426612242688,12
4081581,9.554960890194232,19
4081596,9.65972562124608,15
4081610,9.696692378587649,14
4081622,9.611286302492807,12
4081630,9.824686727840922,8
4081639,9.820551833001808,9
4081647,9.842621984783095,8
4081654,9.852277649609102,7
4081655,10.0,1
4081656,10.0,1
4081669,9.714424058563806,13
4081671,9.980927852080157,2
4081675,9.945900172716632,4
4081680,9.91205369469845,5
4081690,9.827375722715777,10
4081691,10.0,1
4081701,9.808157184932854,10
4081715,9.721669146828576,14
4081718,9.960461936634847,3
4081724,9.883253968637089,6
4081737,9.745358909354069,13
4081743,9.89237057671379,6
4081761,9.561261710024061,18
4081766,9.921902816547037,5
4081778,9.753874647685025,12
4081781,9.964521739156568,3
4081788,9.881171729583881,7
4081796,9.830022438729086,8
4081813,9.666030535653228,17
4081829,9.657826913348787,16
4081832,9.949726764205401,3
4081837,9.918249337781413,5
4081844,9.886589274251982,7
4081851,9.873021366100307,7
4081859,9.772727996705738,8
4081869,9.79780347999271,10
4081880,9.758098592958186,11
4081892,9.73138259278838,12
4081898,9.884791969485295,6
4081911,9.705591154253005,13
4081916,9.914823387197906,5
4081918,9.978337697164548,2
4081920,9.973911336430334,2
4081930,9.776101406277075,10
4081939,9.817071646956212,9
4081948,9.74693391467071,9
4081958,9.805683276171495,10
4081965,9.856098770625433,7
4081966,10.0,1
4081969,9.965883399121118,3
4081984,9.675449878014984,15
4081994,9.80632681683486,10
4082000,9.887572276842807,6
4082017,9.6375002710878,17
4082027,9.813447219029525,10
4082038,9.782567329671169,11
4082049,9.745016046445631,11
4082056,9.894009350775153,7
4082057,10.0,1
4082069,9.743481663690055,12
4082073,9.925912843425996,4
4082095,9.572397110879125,22
4082106,9.667392942452885,11
4082110,9.932257759171355,4
4082119,9.833356195752222,9
4082127,9.820762865677494,8
4082134,9.869453614503342,7
4082145,9.669271675638369,11
4082153,9.869140560546699,8
4082162,9.805213099802675,9
4082176,9.66696983145797,14
4082191,9.668443775757408,15
4082195,9.943505240223404,4
4082207,9.754205103240453,12
4082214,9.896470602863454,7
4082232,9.606714425127576,18
4082235,9.968166175495728,3
4082236,10.0,1
4082244,9.832572777440573,8
4082258,9.674098949569373,14
4082266,9.852032911092833,8
4082275,9.802596013644866,9
4082284,9.819445436023068,9
4082285,10.0,1
4082294,9.822278059729113,9
4082305,9.779871101943902,11
4082318,9.742049564246948,13
4082322,9.931980582321097,4
4082354,9.288028652041561,32
4082368,9.688437623794064,14
4082380,9.717168034359904,12
4082386,9.89681982205118,6
4082390,9.932203296523573,4
4082391,10.0,1
4082406,9.689338212579276,15
4082422,9.670614318005086,16
4082435,9.715306415605172,13
4082436,10.0,1
4082445,9.811171030528797,9
4082446,9.996455345122435,1
4082450,9.937490438035475,4
4082454,9.93946649100894,4
4082466,9.750460650999885,12
4082467,10.0,1
4082478,9.764824582482866,11
4082487,9.823603538557434,9
4082494,9.857504483042884,7
4082495,10.0,1
4082505,9.800616724290212,10
4082509,9.929396859778297,4
4082527,9.56259988539567,18
4082528,9.98790117574343,1
4082543,9.676133026567799,15
4082548,9.919320357533437,5
4082553,9.914933141776693,5
4082564,9.758603535442425,11
4082573,9.815271475085092,9
4082574,10.0,1
4082585,9.779787350521143,11
4082594,9.806350629016327,9
4082601,9.884090822113578,7
4082607,9.880724058212948,6
4082616,9.829831004674764,9
4082625,9.809885954065395,9
4082636,9.765595670311166,11
4082647,9.784689517512065,11
4082651,9.949613079442036,4
4082654,9.954148036232827,3
4082662,9.853331000299821,8
4082663,10.0,1
4082671,9.564524327712482,8
4082678,9.886710453512023,7
4082687,9.80461465832915,9
4082699,9.718494969175143,12
4082707,9.85335850158415,8
4082717,9.793653705648572,10
4082727,9.767124902535057,10
4082734,9.861004511339448,7
4082753,9.600171529207962,19
4082757,9.931708447335993,4
4082769,9.731727614983486,12
4082781,9.727683787336657,12
4082785,9.946053668733013,4
4082789,9.74360060191544,4
4082791,9.97408761818661,2
4082797,9.899524956444576,6
4082808,9.74245785951945,11
4082815,9.884324777666288,7
4082825,9.774220213122579,10
4082837,9.73284904524689,12
4082844,9.886978378869836,7
4082849,9.90474695506129,5
4082850,10.0,1
4082861,9.752484008413742,11
4082864,9.968258953577084,3
4082885,9.50634870102095,21
4082896,9.767934818033467,11
4082910,9.656277672700588,14
4082911,10.0,1
4082912,9.993049016378384,1
4082915,9.963213661313976,3
4082919,9.94950446880875,4
4082931,9.76282404746328,12
4082941,9.80152950626982,10
4082949,9.848098386564267,8
4082956,9.875512523830379,7
4082972,9.53258751243766,16
4082973,10.0,1
4082984,9.763318602602682,11
4082988,9.93390638987822,4
4083001,9.765679755018763,13
4083016,9.627732619928807,15
4083019,9.960532169028228,3
4083030,9.791403545814301,11
4083035,9.926670994966582,5
4083043,9.839658243632952,8
4083055,9.737961225386629,12
4083068,9.751884618120949,13
4083077,9.836017040297381,9
4083085,9.81514741752765,8
4083093,9.832072234781466,8
4083103,9.77477752995646,10
4083112,9.822581824242626,9
4083121,9.824412931263556,9
4083124,9.959163731088552,3
4083128,9.931177214917104,4
4083135,9.859970997670702,7
4083143,9.843729287742013,8
4083149,9.902186638666716,6
4083150,10.0,1
4083155,9.907483826461824,5
4083159,9.927580970808975,4
4083164,9.92725327054105,5
4083179,9.706621675592359,15
4083188,9.824085604643846,9
4083197,9.809842308441112,9
4083207,9.673371716317348,10
4083211,9.941027452182563,4
4083212,10.0,1
4083223,9.78336776816148,11
4083228,9.904074025990585,5
4083238,9.784217888511073,10
4083248,9.76949818835489,10
4083256,9.841961329572975,8
4083261,9.937804837919437,5
4083263,9.970460977290982,2
4083274,9.77462162446766,11
4083279,9.927200259820392,5
4083287,9.846544575104243,8
4083304,9.620947423589943,17
4083312,9.826589239189028,8
4083313,10.0,1
4083319,9.904970547572157,6
4083330,9.779740146039307,11
4083333,9.95393307415586,3
4083339,9.893570347165106,6
4083340,10.0,1
4083357,9.618796615104245,17
4083370,9.720922949615199,13
4083384,9.678361661556975,14
4083395,9.76231590535314,11
4083405,9.79660764448009,10
4083409,9.850812184780473,4
4083422,9.72446511552826,13
4083429,9.858869233184206,7
4083443,9.68296115807469,14
4083453,9.767010221604568,10
4083460,9.857087793147851,7
4083470,9.764541009125857,10
4083479,9.812336404801288,9
4083489,9.845068305934921,10
4083490,10.0,1
4083502,9.738223060660912,12
4083504,9.97948963240299,2
4083511,9.885124555240715,7
4083523,9.726027222121543,12
4083524,9.99278694036574,1
4083528,9.946970614595218,4
4083535,9.868563690580102,7
4083541,9.900687370872351,6
4083552,9.741051837822917,11
4083570,9.598103057582223,18
4083576,9.90594943790553,6
4083580,9.930171262958282,4
4083585,9.915377344902057,5
4083591,9.895495075835354,6
4083603,9.753408067114753,12
4083604,9.9899302233444,1
4083605,10.0,1
4083610,9.9220419743617,5
4083611,9.988615936436569,1
4083621,9.791765735367129,10
4083622,10.0,1
4083625,9.962892894392372,3
4083629,9.934627293030001,4
4083638,9.835857417629919,9
4083643,9.902687065015524,5
4083654,9.772848401027913,11
4083665,9.802013070730684,11
4083684,9.620291893373977,19
4083696,9.733314180128342,12
4083698,9.973079063076572,2
4083704,9.921917530518517,6
4083714,9.795511909318305,10
4083719,9.906419062310004,5
4083725,9.88698878813299,6
4083732,9.885211526839859,7
4083744,9.74126081998803,12
4083745,10.0,1
4083751,9.877867745266526,6
4083759,9.833344171455757,8
4083768,9.813946564295454,9
4083778,9.776001492421669,10
4083780,9.977410936779888,2
4083781,9.988925876035493,1
4083794,9.717776941783283,13
4083805,9.779593247362127,11
4083813,9.867337925057656,8
4083814,10.0,1
4083819,9.921309936215495,5
4083828,9.790765269783865,9
4083835,9.87634190040098,7
4083856,9.582371205361504,21
4083864,9.843992337433923,8
4083869,9.9306787704043,5
4083879,9.709303840918547,10
4083896,9.603695822146049,17
4083905,9.83626555368699,9
4083915,9.812102138178675,10
4083924,9.830794401975579,9
4083931,9.89091446415412,7
4083942,9.748257397647599,11
4083949,9.873997035087728,7
4083955,9.897712494077311,6
4083959,9.952216630505056,4
4083970,9.753537042345712,11
4083973,9.958269466629798,3
4083978,9.918941050446412,5
4083982,9.950692886655535,4
4083993,9.742270650180755,11
4083996,9.949740824259127,3
4083997,10.0,1
4084008,9.753818928410244,11
4084019,9.752072831851901,11
4084033,9.599153675493536,14
4084037,9.946545556131879,4
4084038,10.0,1
4084049,9.791053844276751,11
4084050,10.0,1
4084057,9.867470213788025,7
4084082,7.854177505577798,25
4084083,10.0,1
4084085,9.968975351864973,2
4084098,9.740026253918973,13
4084102,9.949446895525352,4
4084111,9.814534868347888,9
4084116,9.920763627408297,5
4084117,10.0,1
4084132,9.666774638979895,15
4084133,10.0,1
4084138,9.916365451802584,5
4084142,9.943913998837314,4
4084146,9.93997326655097,4
4084151,9.937670674432574,5
4084164,9.699078886875608,13
4084170,9.897505911177511,6
4084182,9.734236600670098,12
4084186,9.94049341809326,4
4084187,10.0,1
4084200,9.691566478679425,13
4084209,9.825572736779444,9
4084219,9.810204926829886,10
4084226,9.871828177498175,7
4084237,9.750001003953754,11
4084238,10.0,1
4084252,9.671275701581559,14
4084255,9.954176730251294,3
4084261,9.898779843133791,6
4084272,9.78451701825682,11
4084278,9.902939470504968,6
4084280,9.982034161539591,2
4084290,9.788510392443857,10
4084295,9.91481416456244,5
4084299,9.930404669643663,4
4084311,9.765309236001805,12
4084319,9.873706542976144,8
4084330,9.786050059881005,11
4084335,9.905648320049227,5
4084347,9.560758343882714,12
4084353,9.894753697929527,6
4084354,9.996622023604992,1
4084355,9.99306972261153,1
4084366,9.738176007372322,11
4084372,9.888150356377645,6
4084385,9.71843122241288,13
4084401,9.680427697336357,16
4084413,9.74749243045939,12
4084414,10.0,1
4084422,9.83992113290492,8
4084433,9.744443866465385,11
4084441,9.850210000644648,8
4084443,9.974510891016932,2
4084449,9.890033373626292,6
4084458,9.821069964697548,9
4084463,9.91855546891247,5
4084470,9.881069296302963,7
4084476,9.88460758912503,6
4084483,9.868536055590871,7
4084486,9.953032974131682,3
4084492,9.888535851891293,6
4084499,9.877386545472044,7
4084512,9.784300727928155,13
4084517,9.919660931491988,5
4084530,9.745639405945994,13
4084537,9.89966730553158,7
4084550,9.73170586724943,13
4084558,9.86345762603424,8
4084568,9.784437696511318,10
4084584,9.62318831652508,16
4084595,9.80255923805982,11
4084606,9.76693477418473,11
4084608,9.974419507111714,2
4084616,9.869829724951106,8
4084622,9.882279296484096,6
4084634,9.559268607427088,12
4084645,9.74860014349244,11
4084653,9.842782477431218,8
4084665,9.755499078920122,12
4084680,9.665835053514861,15
4084686,9.902233897174957,6
4084691,9.914219324650775,5
4084700,9.81464395423081,9
4084704,9.938743615986482,4
4084710,9.882740605321633,6
4084717,9.8704375310684,7
4084720,9.956722124583699,3
4084729,9.82014502225283,9
4084742,9.713110067138329,13
4084744,9.985379792760178,2
4084750,9.89217442437515,6
4084753,9.969219647464081,3
4084764,9.80540774215864,11
4084765,10.0,1
4084768,9.961670476550713,3
4084776,9.843100209186394,8
4084778,9.975446869651854,2
4084783,9.908873382549247,5
4084810,9.264077137734077,27
4084819,9.801254188217703,9
4084830,9.762238225532531,11
4084840,9.79079783236956,10
4084846,9.899790914183713,6
4084854,9.863038827121226,8
4084859,9.916351668165804,5
4084869,9.822007125359772,10
4084875,9.882570467528364,6
4084883,9.834091714200676,8
4084899,9.635725909970827,16
4084902,9.948094964996885,3
4084907,9.90054435860449,5
4084909,9.970468794419899,2
4084914,9.915943077632745,5
4084918,9.939884895147893,4
4084920,9.9779588745756,2
4084923,9.948755311386947,3
4084937,9.744493465392473,14
4084940,9.959970664079165,3
4084952,9.732022930462385,12
4084965,9.575953370629511,13
4084969,9.954133633517305,4
4084970,10.0,1
4084979,9.814536106848402,9
4084982,9.95497559222243,3
4084984,9.974721632068409,2
4084990,9.882493347500615,6
4084998,9.835051089242567,8
4085006,9.771451240527965,8
4085016,9.796428717800197,10
4085025,9.834408637904655,9
4085031,9.877660394531057,6
4085039,9.843132920117707,8
4085045,9.891588872873104,6
4085060,9.647670366698982,15
4085066,9.888066482962792,6
4085067,9.987958131374159,1
4085074,9.882034727270188,7
4085089,9.659251556421717,15
4085104,9.65709688775294,15
4085110,9.891742189906296,6
4085118,9.833491990386184,8
4085119,10.0,1
4085127,9.825932558645126,8
4085139,9.756443134969478,12
4085147,9.850960978662528,8
4085151,9.930528680643976,4
4085162,9.76650344470026,11
4085163,10.0,1
4085168,9.935265975195954,5
4085181,9.713641714317609,13
4085194,9.6992644468083,13
4085195,10.0,1
4085206,9.762655304116661,11
4085207,10.0,1
4085209,9.971030765495653,2
4085214,9.911904874621754,5
4085218,9.945775989288606,4
4085229,9.75749513835451,11
4085230,10.0,1
4085234,9.945327200254972,4
4085240,9.691439176150336,6
4085247,9.772936866567802,7
4085260,9.721589644715818,13
4085274,9.685252319259504,14
4085287,9.703624006002254,13
4085288,10.0,1
4085297,9.78050705805818,9
4085305,9.841271868766814,8
4085317,9.76274527977489,12
4085326,9.808567213748036,9
4085329,9.950513475216727,3
4085341,9.754579241470191,12
4085352,9.773267370353834,11
4085360,9.832953565447664,8
4085372,9.759522552470989,12
4085388,9.716495496877029,16
4085389,10.0,1
4085404,9.67360583448818,15
4085411,9.87289296386057,7
4085425,9.677736598346147,14
4085426,10.0,1
4085433,9.863875063508017,7
4085438,9.921429426064455,5
4085445,9.870245241336455,7
4085450,9.916289465447463,5
4085461,9.750887034926858,11
4085467,9.904710570210124,6
4085475,9.843895195032223,8
4085484,9.798283130224743,9
4085488,9.942691702517422,4
4085496,9.86370709330559,8
4085498,9.970466966616467,2
4085510,9.75057334816954,12
4085517,9.892987053915691,7
4085529,9.741188417136353,12
4085538,9.812373775723888,9
4085543,9.922535596094141,5
4085550,9.85692539539776,7
4085552,9.985169339104306,2
4085556,9.951830428334409,4
4085563,9.861321570616292,7
4085576,9.696693137036405,13
4085580,9.934301517508938,4
4085592,9.73103741800519,12
4085600,9.755476694180254,8
4085607,9.856573343160841,7
4085612,9.91680677338431,5
4085618,9.894025735283865,6
4085628,9.782941455129837,10
4085647,9.5869486181595,19
4085651,9.925214401314767,4
4085657,9.886226500465389,6
4085667,9.671170790229331,10
4085679,9.739657618719288,12
4085690,9.759736327067511,11
4085698,9.828979938664485,8
4085704,9.897840588310977,6
4085714,9.79972962416486,10
4085721,9.779094420579472,7
4085734,9.715651986070856,13
4085744,9.600895125003403,10
4085755,9.791656430023247,11
4085766,9.790052971078607,11
4085779,9.705538184105874,13
4085785,9.886990940824855,6
4085797,9.732921244275913,12
4085804,9.86073313464677,7
4085816,9.622437911584072,12
4085823,9.893739443078054,7
4085832,9.817645820708771,9
4085842,9.790525123366137,10
4085843,9.989830524246486,1
4085854,9.777613876878682,11
4085855,10.0,1
4085860,9.91590386808676,5
4085872,9.749739924015095,12
4085874,9.96993871862452,2
4085880,9.894646688266668,6
4085889,9.809313436437318,9
4085897,9.817538842453311,8
4085905,9.826312783965902,8
4085916,9.768729044785582,11
4085921,9.904877780835669,5
4085925,9.94053076598466,4
4085929,9.94765918649718,4
4085935,9.91567897389775,6
4085937,9.973725032440896,2
4085951,9.653912104481575,14
4085955,9.939810137848447,4
4085967,9.76083144746304,12
4085974,9.87176853418021,7
4086017,8.663142581228652,43
4086027,9.79157443559735,10
4086036,9.791310570791893,9
4086048,9.759828619002294,12
4086058,9.788232963241843,10
4086067,9.81653251729385,9
4086075,9.852107390032668,8
4086087,9.731046115568576,12
4086099,9.779344623587663,12
4086103,9.935723425935882,4
4086104,9.993293096910211,1
4086111,9.884763901582623,7
4086129,9.59009169933103,18
4086133,9.946367411143214,4
4086141,9.851816610879585,8
4086145,9.941370865932427,4
4086163,9.624228452556396,18
4086176,9.69580708043292,13
4086187,9.799799718803092,11
4086188,10.0,1
4086204,9.661860708046166,16
4086205,10.0,1
4086213,9.861498085604646,8
4086221,9.865771480388517,8
4086232,9.754907744692806,11
4086245,9.714536216697198,13
4086249,9.95622334734674,4
4086263,9.764613338443066,14
4086272,9.822954413393825,9
4086273,10.0,1
4086279,9.901211122689784,6
4086295,9.59073750722536,16
4086309,9.711650235711899,14
4086317,9.845604362294846,8
4086328,9.78698172480242,11
4086331,9.967052393156537,3
4086346,9.646294098148108,15
4086362,9.628165597621766,16
4086364,9.979877136394693,2
4086375,9.751617934504111,11
4086384,9.79988397651282,9
4086395,9.745967359089844,11
4086396,10.0,1
4086397,10.0,1
4086405,9.851725848251391,8
4086425,9.521189411147718,20
4086432,9.884501632816168,7
4086437,9.929458974848995,5
4086438,10.0,1
4086445,9.858768355387694,7
4086446,9.992528700248972,1
4086455,9.823829836272331,9
4086466,9.788698792990129,11
4086470,9.93783349030366,4
4086474,9.930875091109149,4
4086484,9.786238520796314,10
4086491,9.867989089453362,7
4086509,9.547180803137055,18
4086523,9.686590198963986,14
4086529,9.891443877023416,6
4086533,9.945402863148226,4
4086545,9.752158778957558,12
4086558,9.713301062421401,13
4086573,9.636566403946398,15
4086581,9.866501771636276,8
4086589,9.837064622152335,8
4086594,9.902619923475058,5
4086595,10.0,1
4086596,9.996482055640243,1
4086599,9.963788960774592,3
4086605,9.899318808923288,6
4086618,9.684199303004315,13
4086629,9.764493779853218,11
4086635,9.91230761339923,6
4086643,9.842337332589997,8
4086652,9.835227724762419,9
4086663,9.807986574229888,11
4086667,9.940708539222895,4
4086670,9.960298682941291,3
4086672,9.971887243408446,2
4086673,10.0,1
4086674,10.0,1
4086678,9.921543560550688,4
4086684,9.893646338716934,6
4086698,9.675399544276814,14
4086704,9.87788130758354,6
4086713,9.795080198152098,9
4086723,9.776585223708414,10
4086726,9.947145940749662,3
4086732,9.886499034956396,6
4086752,9.522422958183064,20
4086757,9.904189582004367,5
4086771,9.677675246407894,14
4086789,9.609586088323669,18
4086795,9.898084918317544,6
4086801,9.891476339818066,6
4086810,9.829049444068849,9
4086814,9.924535141673726,4
4086826,9.754902540055976,12
4086836,9.762495001688434,10
4086855,9.558163203420436,19
4086861,9.916430344419853,6
4086870,9.811224657802692,9
4086876,9.891133693408339,6
4086887,9.760797852585439,11
4086893,9.911872344932105,6
4086896,9.948447548145712,3
4086897,9.996274637703015,1
4086906,9.838296325306432,9
4086917,9.760344971481466,11
4086931,9.661068149890221,14
4086934,9.966511056835897,3
4086950,9.61234432347986,16
4086953,9.959485600670964,3
4086964,9.788314495635232,11
4086979,9.705619883819757,15
4086990,9.805494961416246,11
4086995,9.924041482361794,5
4086998,9.94877764678802,3
4087003,9.910874278521025,5
4087017,9.565089620789491,14
4087029,9.786977609654407,12
4087047,9.63016870642632,18
4087055,9.848065405048834,8
4087063,9.840148658385075,8
4087068,9.924770984099554,5
4087074,9.889019134122249,6
4087082,9.84574901243175,8
4087083,10.0,1
4087087,9.942308068265614,4
4087093,9.896129540472343,6
4087097,9.937861359402598,4
4087107,9.782972148327671,10
4087115,9.828794492226491,8
4087130,9.63030955330511,15
4087136,9.88460437146824,6
4087139,9.9533354949894,3
4087148,9.75383134182381,9
4087161,9.576057637708184,13
4087172,9.736470675548993,11
4087184,9.73629139816954,12
4087199,9.642597045789609,15
4087214,9.676482624342686,15
4087224,9.806827977105636,10
4087237,9.718637816701897,13
4087247,9.756493712460411,10
4087254,9.874031848925505,7
4087264,9.8128682069772,10
4087265,10.0,1
4087269,9.94309416394643,4
4087276,9.874277143502074,7
4087283,9.87770854093384,7
4087293,9.779771771018442,10
4087302,9.835662958759984,9
4087318,9.540851569100061,16
4087320,9.972302497178509,2
4087323,9.962876150887089,3
4087337,9.693732896175634,14
4087345,9.830604401179931,8
4087352,9.868128016213893,7
4087360,9.821141477440975,8
4087369,9.798753545421466,9
4087384,9.640861072438804,15
4087388,9.947189663407652,4
4087401,9.737231189679608,13
4087407,9.905547360205247,6
4087416,9.789800811587794,9
4087427,9.748286912759747,11
4087437,9.781227746330316,10
4087443,9.906594605727225,6
4087453,9.7814454319999,10
4087462,9.810836088812552,9
4087467,9.926730609326208,5
4087480,9.723835905681364,13
4087483,9.967411490684539,3
4087508,6.486482047705003,25
4087517,9.80302486668705,9
4087519,9.968026521968396,2
4087530,9.76972825172823,11
4087539,9.837915978106723,9
4087546,9.857065885563689,7
4087558,9.718657784341044,12
4087568,9.828551050550416,10
4087574,9.907623862234853,6
4087581,9.878949644348522,7
4087595,9.558892240174945,14
4087601,9.880808996492748,6
4087610,9.83544977723703,9
4087619,9.838006613859001,9
4087623,9.934228129238624,4
4087624,10.0,1
4087648,9.532040158770132,24
4087659,9.66023467195214,11
4087664,9.919173465006576,5
4087665,10.0,1
4087676,9.779030398763128,11
4087677,10.0,1
4087690,9.730936060658717,13
4087697,9.84573471024199,7
4087707,9.778210078178974,10
4087716,9.820553274268878,9
4087727,9.72143409941904,11
4087730,9.953651650767373,3
4087742,9.758036060327665,12
4087745,9.961712492581162,3
4087746,10.0,1
4087762,9.65197169561052,16
4087775,9.721716865977253,13
4087785,9.800005775070161,10
4087792,9.874794239779188,7
4087802,9.78375592564163,10
4087809,9.86510728813469,7
4087813,9.940875079479467,4
4087827,9.687841606287133,14
4087839,9.729771904767622,12
4087853,9.721772518901318,14
4087856,9.94635891093441,3
4087857,10.0,1
4087864,9.871890885890126,7
4087869,9.916467611284913,5
4087873,9.951361603344454,4
4087880,9.870045213677523,7
4087888,9.866137879738838,8
4087898,9.801072428955917,10
4087907,9.808259995997453,9
4087917,9.767097755885382,10
4087919,9.973408681513297,2
4087926,9.854625804565835,7
4087940,9.685455638346538,14
4087947,9.867486546431351,7
4087956,9.847853017966075,9
4087961,9.93666603281905,5
4087974,9.732096103288848,13
4087986,9.7361249572874,12
4087995,9.811839636233248,9
4088006,9.767716032374597,11
4088012,9.897873452828323,6
4088018,9.89501359921654,6
4088028,9.80930091369619,10
4088037,9.812635404625912,9
4088048,9.789938222117696,11
4088057,9.825384572074762,9
4088059,9.97832484238772,2
4088068,9.824930671092982,9
4088073,9.924272335285735,5
4088080,9.872453247376448,7
4088093,9.676299863079478,13
4088103,9.799085109128107,10
4088109,9.90561823864189,6
4088110,10.0,1
4088118,9.828298572398158,8
4088132,9.498881195557237,14
4088134,9.974934285188844,2
4088141,9.870644184627034,7
4088151,9.797620873948077,10
4088154,9.968252457713952,3
4088159,9.929282121290488,5
4088175,9.655874188544288,16
4088184,9.847027779457992,9
4088197,9.70667872376548,13
4088203,9.891181744187909,6
4088204,10.0,1
4088211,9.890732886236455,7
4088212,10.0,1
4088225,9.699397860516244,13
4088237,9.753735536880798,12
4088247,9.776339483139115,10
4088251,9.938507795519174,4
4088257,9.894489845499614,6
4088270,9.72038674967197,13
4088277,9.889253913748046,7
4088278,10.0,1
4088279,10.0,1
4088287,9.824352171411642,8
4088299,9.78890700172104,12
4088300,10.0,1
4088310,9.854218367952242,10
4088322,9.745905928646852,12
4088333,9.753301293016243,11
4088341,9.83783039675022,8
4088348,9.860498254467736,7
4088350,9.977196837739855,2
4088363,9.770784139652516,13
4088379,9.643222882685809,16
4088387,9.7394708456903,8
4088390,9.944901216525082,3
4088397,9.876517428444895,7
4088406,9.821945843078035,9
4088415,9.846130420547519,9
4088427,9.750016320897359,12
4088433,9.894307528220208,6
4088434,10.0,1
4088438,9.926521945484856,4
4088441,9.97071008355658,3
4088458,9.455917246480837,17
4088474,9.556289866854568,16
4088485,9.76350540813332,11
4088494,9.801588089056896,9
4088499,9.911367796614261,5
4088506,9.86089592167321,7
4088512,9.91084800292479,6
4088523,9.74241518245372,11
4088525,9.982183299007193,2
4088538,9.433725799615953,13
4088544,9.901247224486378,6
4088549,9.933913901687486,5
4088564,9.643603898091818,15
4088570,9.893542347695439,6
4088581,9.78517033358966,11
4088589,9.843856251879735,8
4088598,9.799613355473396,9
4088606,9.864031374364936,8
4088616,9.795141017668444,10
4088638,8.702526294705246,22
4088651,9.723714001714702,13
4088654,9.964808397851652,3
4088664,9.785209982907036,10
4088678,9.698792282505808,14
4088681,9.960830739854794,3
4088686,9.921640480514075,5
4088707,9.57254112652154,21
4088715,9.822639731275581,8
4088724,9.83522109668647,9
4088734,9.79048172845602,10
4088747,9.756049913985805,13
4088761,9.708075579624651,14
4088769,9.847102112930807,8
4088770,10.0,1
4088777,9.870334950395398,7
4088778,10.0,1
4088785,9.897265319789618,7
4088798,9.696250716327087,13
4088804,9.901272457156828,6
4088813,9.81451928116918,9
4088821,9.846252946931342,8
4088831,9.778960360751343,10
4088845,9.689790620724592,14
4088860,9.655828137002402,15
4088873,9.742941544843838,13
4088885,9.768230508631962,12
4088895,9.805362218481248,10
4088899,9.947965073067191,4
4088903,9.947757566040565,4
4088914,9.763258515225338,11
4088918,9.926333987669155,4
4088925,9.895606807012392,7
4088932,9.876581508276347,7
4088946,9.683493921844462,14
4088949,9.966724058470062,3
4088961,9.780577570252095,12
4088968,9.864852786048035,7
4088980,9.73486979091739,12
4088987,9.884792751759248,7
4088992,9.909780907787056,5
4089000,9.832575438054516,8
4089020,9.55372170783801,20
4089032,9.737100479131136,12
4089040,9.843089079940109,8
4089056,9.6228679854513,16
4089061,9.925600437020075,5
4089074,9.718030394730881,13
4089080,9.888125746483562,6
4089094,9.669570552590166,14
4089100,9.879843373850575,6
4089113,9.706814284144057,13
4089117,9.94140985011671,4
4089131,9.685782524310609,14
4089137,9.882819883528901,6
4089146,9.834175289396201,9
4089156,9.779649891783091,10
4089168,9.66601013358018,12
4089184,9.624068804234927,16
4089191,9.864737541550786,7
4089199,9.86676820940628,8
4089210,9.74578015411609,11
4089223,9.677460923599812,13
4089228,9.914264492975628,5
4089241,9.714963147793972,13
4089249,9.829715910315649,8
4089259,9.770800879498964,10
4089262,9.967269809418289,3
4089269,9.863896221029158,7
4089274,9.918493039929414,5
4089282,9.831423347390244,8
4089287,9.915773743661092,5
4089306,9.56143738382327,19
4089329,9.562603237530176,23
4089336,9.854789749484427,7
4089341,9.919432997153441,5
4089349,9.831019278526625,8
4089356,9.869653180711348,7
4089358,9.979675398898838,2
4089369,9.79619379937895,11
4089380,9.78629947309714,11
4089387,9.87305014161489,7
4089388,9.996438014575913,1
4089402,9.597103991136816,14
4089403,10.0,1
4089408,9.910160892811053,5
4089417,9.830048230683976,9
4089426,9.804456538256213,9
4089437,9.755758770244205,11
4089447,9.584343826857516,10
4089448,10.0,1
4089457,9.810074175515728,9
4089466,9.800773826286012,9
4089477,9.781314417875793,11
4089481,9.936125748832461,4
4089490,9.816473404408097,9
4089503,9.693181339961349,13
4089510,9.880461730746124,7
4089522,9.725113764012123,12
4089530,9.853114874700644,8
4089537,9.886529472648697,7
4089555,9.60964716035558,18
4089556,9.988028834605727,1
4089560,9.946472114699738,4
4089561,10.0,1
4089571,9.785994973323726,10
4089577,9.887372536877852,6
4089586,9.822413483812618,9
4089592,9.87974449042327,6
4089602,9.793275192767169,10
4089603,10.0,1
4089612,9.842092154068364,9
4089614,9.982368168382276,2
4089624,9.816291716394316,10
4089625,10.0,1
4089626,10.0,1
4089632,9.909843862346925,6
4089647,9.683903170241567,15
4089658,9.782057436903917,11
4089668,9.79624798541086,10
4089674,9.891269409176756,6
4089680,9.795906185153672,6
4089691,9.777236797210406,11
4089698,9.867610626739838,7
4089708,9.797019668306211,10
4089709,10.0,1
4089719,9.803143195005946,10
4089721,9.979507994082377,2
4089731,9.7855874654068,10
4089739,9.876170603527425,8
4089746,9.863463758717934,7
4089773,7.763160436424673,27
4089782,9.826750158194512,9
4089798,9.64456776766407,16
4089799,9.992625981834943,1
4089810,9.768410812829204,11
4089818,9.850925326885982,8
4089824,9.876339127782202,6
4089825,10.0,1
4089832,9.874206022930952,7
4089839,9.867666806419551,7
4089840,9.992263978290612,1
4089853,9.516525746033988,13
4089856,9.964447755748315,3
4089860,9.942796883366661,4
4089870,9.78827930480466,10
4089878,9.841346209407941,8
4089882,9.94114324285241,4
4089883,10.0,1
4089886,9.958449636415956,3
4089893,9.854072081228221,7
4089900,9.8942502242816,7
4089906,9.915666834192285,6
4089910,9.942173439896626,4
4089915,9.915882294139935,5
4089920,9.932632414604644,5
4089931,9.75584328551635,11
4089941,9.79526442809805,10
4089942,9.887431172594273,1
4089974,3.2658453387805935,32
4089988,9.69299209108884,14
4090002,9.680187358651832,14
4090013,9.777919195626225,11
4090024,9.755609333089744,11
4090037,9.694417113213136,13
4090042,9.915390084535094,5
4090049,9.87586337207805,7
4090053,9.941141214427482,4
4090054,10.0,1
4090060,9.887368070455747,6
4090077,9.626695690420208,17
4090090,9.703738772917156,13
4090100,9.823050810743897,10
4090109,9.823386609950429,9
4090119,9.822347279639542,10
4090120,10.0,1
4090126,9.896628745387272,6
4090138,9.746301322545802,12
4090150,9.736925744777228,12
4090158,9.86517297525518,8
4090169,9.751719853438201,11
4090172,9.957229564305281,3
4090173,9.996708039331137,1
4090174,10.0,1
4090178,9.7483847712465,4
4090185,9.886303094489639,7
4090197,9.709226835640274,12
4090208,9.749206438607416,11
4090212,9.941155761900152,4
4090215,9.960198279667237,3
4090224,9.83819082377634,9
4090239,9.662799321556793,15
4090247,9.846818152577713,8
4090261,9.666083991875986,14
4090273,9.727318885236846,12
4090281,9.826072843881501,8
4090282,10.0,1
4090289,9.867047865530775,7
4090294,9.9131143501693,5
4090300,9.906376828016489,6
4090311,9.740908807449099,11
4090317,9.90641810976579,6
4090330,9.722210588474297,13
4090334,9.937357793718888,4
4090337,9.955783739634295,3
4090342,9.921550879561336,5
4090343,10.0,1
4090349,9.899946061538067,6
4090358,9.806301963853569,9
4090369,9.805716892482032,11
4090370,10.0,1
4090372,9.981942637985371,2
4090386,9.683597462735285,14
4090398,9.747821875272674,12
4090404,9.914981524355868,6
4090413,9.820326185018395,9
4090414,10.0,1
4090417,9.960629642053968,3
4090418,10.0,1
4090421,9.964393672095964,3
4090434,9.739034486384794,13
4090443,9.834094107124137,9
4090448,9.91628311741374,5
4090456,9.858447476121201,8
4090464,9.86256311969017,8
4090472,9.84281338192116,8
4090483,9.766657204809194,11
4090484,9.996065352677938,1
4090499,9.704021903525172,15
4090504,9.92179053043605,5
4090513,9.736420176399898,9
4090523,9.770468779553104,10
4090528,9.922143366266159,5
4090537,9.822894110558988,9
4090547,9.619391575192617,10
4090558,9.791423010560202,11
4090560,9.976419972028719,2
4090577,9.608186929190913,17
4090587,9.834169483045313,10
4090591,9.941532771200336,4
4090606,9.458009965389016,15
4090614,9.85338220965436,8
4090621,9.856855005066379,7
4090627,9.913268384907372,6
4090630,9.964028466037169,3
4090639,9.817738526214432,9
4090646,9.865210092567192,7
4090656,9.797351254419457,10
4090657,10.0,1
4090663,9.893312275283979,6
4090670,9.883708047963006,7
4090671,10.0,1
4090677,9.900373410330017,6
4090684,9.875641915206552,7
4090691,9.870234849721376,7
4090697,9.879963029532105,6
4090701,9.928900885388414,4
4090702,10.0,1
4090716,9.692330118731746,14
4090723,9.866314930481597,7
4090735,9.730450943077612,12
4090743,9.831020884762761,8
4090748,9.813004650536026,5
4090757,9.812067062070266,9
4090758,10.0,1
4090770,9.750867924334608,12
4090780,9.748717336053764,10
4090787,9.685796195247352,7
4090800,9.699539044749637,13
4090810,9.78965789697013,10
4090820,9.799737111509035,10
4090831,9.777436261932953,11
4090839,9.826918535983417,8
4090848,9.816906867455316,9
4090858,9.763797334297527,10
4090873,9.655313842049496,15
4090878,9.917110042153087,5
4090881,9.966066498056447,3
4090884,9.964232436819055,3
4090889,9.913472668915007,5
4090897,9.831531972176366,8
4090912,9.668943219382104,15
4090917,9.92086068198192,5
4090925,9.841313932938442,8
4090929,9.939958621210831,4
4090933,9.926782340641225,4
4090944,9.764304197743899,11
4090949,9.907575709183138,5
4090957,9.8508861424545,8
4090973,8.67886434960202,16
4090976,9.948282138282519,3
4090987,9.75997879076475,11
4091001,9.727164837099581,14
4091002,10.0,1
4091007,9.908746432506806,5
4091008,10.0,1
4091020,9.719163383271583,12
4091030,9.797350977233416,10
4091032,9.972481643215037,2
4091043,9.752977003677442,11
4091050,9.858828686594194,7
4091060,9.796596382957313,10
4091070,9.783338173206849,10
4091078,9.844578997877807,8
4091079,10.0,1
4091080,10.0,1
4091092,9.751349535138752,12
4091099,9.872723727693721,7
4091106,9.875071965753332,7
4091110,9.944677025324227,4
4091120,9.823035076418897,10
4091130,9.80240665606477,10
4091135,9.91699178794917,5
4091142,9.882476468895797,7
4091154,9.735070235646297,12
4091167,9.706927282001304,13
4091178,9.786711789224329,11
4091196,9.5235600895061,18
4091209,9.712627308042212,13
4091222,9.526125884394695,13
4091223,9.996610108666344,1
4091224,9.993120283805743,1
4091229,9.923549065114702,5
4091236,9.855258550104978,7
4091245,9.842231315588613,9
4091260,9.675761298819754,15
4091268,9.852968375372845,8
4091271,9.95701836088949,3
4091289,9.56419893191925,18
4091295,9.913754805090361,6
4091309,9.699999708141283,14
4091322,9.710478764535061,13
4091323,10.0,1
4091331,9.84382881772422,8
4091339,9.840310503460536,8
4091351,9.745754409986997,12
4091363,9.754900996169054,12
4091368,9.927201083632143,5
4091369,9.988548436144802,1
4091380,9.740710567409607,11
4091394,9.680046379548648,14
4091401,9.876942450244657,7
4091402,10.0,1
4091412,9.805005127280852,10
4091425,9.741618637726832,13
4091435,9.802473835325353,10
4091436,9.996784563414321,1
4091445,9.842619150115015,9
4091460,9.651596685181287,15
4091467,9.880164051782232,7
4091486,9.535975481769785,19
4091493,9.855039944372365,7
4091498,9.909756849528534,5
4091503,9.93320341883749,5
4091511,9.83414340605002,8
4091519,9.833232087340718,8
4091530,9.760991713671853,11
4091545,9.669244863527402,15
4091546,10.0,1
4091554,9.879073319286272,8
4091555,10.0,1
4091562,9.868405558305533,7
4091571,9.846199411118628,9
4091575,9.944153354431768,4
4091576,10.0,1
4091577,10.0,1
4091588,9.751556750981116,11
4091591,9.946129761828033,3
4091592,10.0,1
4091600,9.858467588082318,8
4091605,9.912151701922255,5
4091622,9.616957924064067,17
4091632,9.805615926706702,10
4091640,9.836179248106198,8
4091648,9.849820801056794,8
4091652,9.931337513454064,4
4091664,9.528047734404648,12
4091675,9.749243920046677,11
4091679,9.94058339794045,4
4091690,9.765070278238607,11
4091699,9.818104710550179,9
4091706,9.85863427945322,7
4091712,9.888299020781199,6
4091721,9.800197437574006,9
4091727,9.67874560267325,6
4091740,9.737623467034215,13
4091752,9.753235042416927,12
4091766,9.679990821321738,14
4091772,9.90148380521058,6
4091784,9.738087101975248,12
4091788,9.934683624699007,4
4091789,9.996671996149326,1
4091796,9.874220376280435,7
4091800,9.93072184772181,4
4091811,9.755023405627167,11
4091816,9.910277614307104,5
4091829,9.710257077961508,13
4091841,9.746798294187268,12
4091847,9.901488480761506,6
4091859,9.733763869358473,12
4091864,9.910792800568315,5
4091870,9.902007251854,6
4091871,10.0,1
4091885,9.659104737312472,14
4091895,9.775423816893053,10
4091905,9.783611608143666,10
4091911,9.898041027135013,6
4091916,9.929312925735982,5
4091921,9.920661244820677,5
4091926,9.938466713057128,5
4091935,9.849025586276603,9
4091946,9.757903424831026,11
4091947,10.0,1
4091956,9.789511469065356,9
4091962,9.89307041896965,6
4091974,9.754185960508812,12
4091984,9.801871674471208,10
4091996,9.756610008407511,12
4092001,9.89831422925535,5
4092010,9.801828635414134,9
4092013,9.962507869038875,3
4092022,9.84206495542603,9
4092029,9.860607723352297,7
4092037,9.827752068556672,8
4092043,9.898789911749322,6
4092048,9.908674253777027,5
4092062,9.736260033130266,14
4092066,9.940796312460428,4
4092080,9.616409454999513,14
4092094,9.659444086376912,14
4092104,9.793462213474132,10
4092116,9.760491895664924,12
4092117,10.0,1
4092126,9.819752249534323,9
4092127,10.0,1
4092143,9.64655968881526,16
4092150,9.865809205515431,7
4092160,9.792489056950759,10
4092167,9.87866738651701,7
4092171,9.943231298025708,4
4092184,9.735527891409212,13
4092188,9.946787187199453,4
4092199,9.760219879852098,11
4092203,9.940408994195154,4
4092208,9.923621374726789,5
4092219,9.753589416370524,11
4092227,9.834340043345021,8
4092232,9.921373435575806,5
4092248,8.676280880217151,16
4092260,9.747484354965597,12
4092264,9.952191330251686,4
4092265,9.987216586945808,1
4092271,9.87802909399861,6
4092280,9.810302287773771,9
4092293,9.708233750724936,13
4092294,10.0,1
4092309,9.616664541529143,15
4092323,9.658116517711434,14
4092334,9.77678454634311,11
4092344,9.796209673502487,10
4092357,9.7318973306049,13
4092360,9.95808477901783,3
4092368,9.830595349348837,8
4092375,9.887781065416968,7
4092377,9.971383397039062,2
4092382,9.921157918236034,5
4092387,9.900481300062781,5
4092392,9.90878474935707,5
4092403,9.757736474631946,11
4092417,9.655644859832705,14
4092424,9.867642755516794,7
4092440,9.625814844585,16
4092448,9.82605784924662,8
4092454,9.915501490177327,6
4092464,9.803710202432512,10
4092478,9.695921915727817,14
4092488,9.763975572664886,10
4092504,9.420477720359218,16
4092510,9.688441756346588,6
4092515,9.914783144213688,5
4092525,9.800558249581279,10
4092526,9.993026520719164,1
4092532,9.89364085760555,6
4092542,9.776966489300968,10
4092552,9.226048821985426,10
4092566,9.67334489528316,14
4092575,9.84063756930204,9
4092582,9.85697074609795,7
4092591,9.811798077200185,9
4092605,9.651962455912228,14
4092614,9.805406768363884,9
4092624,9.797907280728365,10
4092627,9.863041602206398,3
4092628,10.0,1
4092643,9.631194783377891,15
4092653,9.78640995613167,10
4092666,9.517918172183332,13
4092674,9.87274187259257,8
4092686,9.734532363145103,12
4092698,9.722076766162518,12
4092708,9.80850673648819,10
4092710,9.98476696260123,2
4092714,9.9405109775809,4
4092727,9.7224157293651,13
4092732,9.916722163704403,5
4092733,10.0,1
4092741,9.853513935524635,8
4092753,9.730954945409843,12
4092765,9.760737410516478,12
4092775,9.786795670071319,10
4092784,9.797273992329876,9
4092792,9.85697480121922,8
4092800,9.895747109944116,8
4092811,9.784816313561082,11
4092815,9.946860139073728,4
4092822,9.882936171589437,7
4092826,9.94490703958322,4
4092853,9.287532565637653,27
4092858,9.91882674647165,5
4092864,9.879304279610357,6
4092876,9.735815842356635,12
4092890,9.67098114425574,14
4092891,10.0,1
4092892,10.0,1
4092906,9.709879565394104,14
4092908,9.979521076794088,2
4092913,9.923083645707914,5
4092919,9.905208927463562,6
4092929,9.79456355179027,10
4092931,9.97244480889076,2
4092938,9.869093924263204,7
4092944,9.888722874075404,6
4092955,9.762948307220105,11
4092970,9.681059569150765,15
4092982,9.739027491464933,12
4092987,9.906367326430535,5
4092996,9.828884062351527,9
4093000,9.950132399958289,4
4093005,9.92421745696749,5
4093016,9.75684219728335,11
4093023,9.870714870819633,7
4093040,9.68018602306175,17
4093054,9.678148326713721,14
4093059,9.901877449128296,5
4093066,9.88768910211311,7
4093075,9.825677416784108,9
4093083,9.870488568071849,8
4093088,9.90112592133581,5
4093096,9.857408865497876,8
4093098,9.973187195627776,2
4093109,9.760514584707574,11
4093123,9.664163019138547,14
4093134,9.78562943291661,11
4093142,9.741725592529773,8
4093152,9.783772850242274,10
4093162,9.786388351979648,10
4093169,9.87798871144196,7
4093170,10.0,1
4093176,9.67043094887959,6
4093179,9.97007124607704,3
4093191,9.720970847246356,12
4093202,9.765056526334092,11
4093218,9.647280848122303,16
4093231,8.165289660932675,13
4093252,9.286216369035088,21
4093253,10.0,1
4093256,9.96609647898579,3
4093257,10.0,1
4093271,9.679056296395485,14
4093278,9.878490927652367,7
4093283,9.921864728235553,5
4093293,9.78946629773977,10
4093316,9.176542150469796,23
4093329,9.73997947805942,13
4093337,9.830513330443896,8
4093344,9.858955185320859,7
4093352,9.864953746280229,8
4093367,9.680690153785138,15
4093382,9.67947805943177,15
4093394,9.760423511067618,12
4093401,9.871087120257085,7
4093418,9.27388377809048,17
4093424,9.91234021435088,6
4093437,9.718945976124584,13
4093447,9.799773230629821,10
4093448,10.0,1
4093463,9.6752216444784,15
4093469,9.877327267556291,6
4093481,9.75932323373868,12
4093482,10.0,1
4093493,9.76993556020656,11
4093502,9.805057127408949,9
4093510,9.845712182528848,8
4093515,9.804000267750732,5
4093527,9.558582408942039,12
4093534,9.882930767372029,7
4093543,9.834936960685917,9
4093553,9.787079199941264,10
4093566,9.709811873694138,13
4093573,9.867243686792436,7
4093582,9.815722235542376,9
4093588,9.882730917914486,6
4093595,9.856778720802053,7
4093616,9.53716024364795,21
4093627,9.710573616135004,11
4093639,9.74218506253562,12
4093647,9.847740916501719,8
4093657,9.806553785395419,10
4093668,9.79795217781581,11
4093679,9.73182866628608,11
4093681,9.979940515222937,2
4093682,10.0,1
4093685,9.966632013738666,3
4093689,9.92735620604772,4
4093697,9.763475998960466,8
4093707,9.774174100717179,10
4093719,9.770651361669678,12
4093727,9.835508812982482,8
4093728,9.99645175219222,1
4093739,9.795263830509949,11
4093742,9.964348504971365,3
4093746,9.948955242007237,4
4093758,9.757981034752541,12
4093764,9.8913326192995,6
4093778,9.706846771718507,14
4093780,9.975905969246535,2
4093782,9.97506957150614,2
4093786,9.926927326646908,4
4093794,9.853450483577344,8
4093803,9.819214185331623,9
4093806,9.957443683837974,3
4093814,9.827878446871471,8
4093826,9.727496160449144,12
4093839,9.718027843955392,13
4093845,9.892546182716808,6
4093847,9.971268032231304,2
4093859,9.765897864390258,12
4093866,9.864260280381178,7
4093867,10.0,1
4093874,9.87395260664277,7
4093878,9.951692765576645,4
4093887,9.820462073879598,9
4093895,9.849252658716036,8
4093905,9.782091571722162,10
4093913,9.859260051819698,8
4093916,9.95739469147085,3
4093922,9.88590612141016,6
4093925,9.960590637336217,3
4093932,9.894222033536686,7
4093946,9.67751975211625,14
4093959,9.713214967555002,13
4093962,9.954176551215541,3
4093972,9.794289135886936,10
4093986,9.706759062749208,14
4093991,9.933402775755845,5
4093998,9.874537484115134,7
4094012,9.679112933749874,14
4094027,9.686325578598915,15
4094037,9.794752485140316,10
4094046,9.84045552991018,9
4094058,9.735165047781067,12
4094072,9.686164323396241,14
4094080,9.846243467023706,8
4094093,9.74617213877173,13
4094100,9.864141964763686,7
4094110,9.846623197576104,10
4094124,9.65387173467049,14
4094128,9.939866233158051,4
4094141,9.761794703117381,13
4094150,9.798800764707456,9
4094159,9.791817993611993,9
4094168,9.824598109653769,9
4094175,9.855498686750606,7
4094185,9.794169238941777,10
4094186,9.990522491042773,1
4094193,9.872578608851796,7
4094203,9.788655593009201,10
4094204,10.0,1
4094213,9.807778027390404,9
4094219,9.899056383579746,6
4094225,9.880172143251322,6
4094238,9.698103723259742,13
4094244,9.888717015664138,6
4094255,9.564901922835451,11
4094259,9.947274629757624,4
4094267,9.821700651537375,8
4094272,9.923418645153276,5
4094280,9.833938895611878,8
4094288,9.834918965060988,8
4094295,9.852864399291759,7
4094300,9.895454600147566,5
4094301,9.987542330899295,1
4094305,9.941870636857363,4
4094313,9.881085885330549,8
4094321,9.836911223899596,8
4094326,9.909177682568886,5
4094346,9.54537528815965,20
4094358,9.765355556200996,12
4094362,9.936686704183288,4
4094364,9.980082571107667,2
4094374,9.776570963330554,10
4094377,9.950964391706902,3
4094391,9.553862062615925,14
4094401,9.809174878027994,10
4094405,9.947649079801275,4
4094418,9.72205450885409,13
4094426,9.845390987791664,8
4094428,9.970240123155094,2
4094429,10.0,1
4094442,9.730031419558856,13
4094454,9.721874566322334,12
4094456,9.967108292213881,2
4094458,9.979144051829191,2
4094465,9.859090143046602,7
4094470,9.934400587772435,5
4094481,9.759436069445222,11
4094497,9.014400348974183,16
4094502,9.905426666661066,5
4094510,9.856000555827418,8
4094516,9.901704070927549,6
4094528,9.720047408919823,12
4094534,9.893918456499879,6
4094546,9.732566226694003,12
4094554,9.87105388304199,8
4094559,9.918359402538131,5
4094574,9.69485710147822,15
4094575,10.0,1
4094582,9.843433833604417,7
4094585,9.956569757205584,3
4094604,9.540790531338462,19
4094607,9.959325426234253,3
4094610,9.961002276649852,3
4094611,10.0,1
4094612,9.988329372844571,1
4094625,9.69927606399167,13
4094635,9.683082512309776,10
4094647,9.745320550700423,12
4094648,9.99655795849743,1
4094649,10.0,1
4094663,9.67501141489649,14
4094676,9.694894973070422,13
4094682,9.889274643503608,6
4094687,9.918596388912526,5
4094698,9.767777865031851,11
4094707,9.827575628621707,9
4094718,9.564228256353042,11
4094724,9.893183108131312,6
4094726,9.983099871723798,2
4094735,9.800597492270217,9
4094736,9.996667501133123,1
4094737,10.0,1
4094742,9.915508780271386,5
4094755,9.738854376472872,13
4094761,9.803764662466275,6
4094769,9.814025938427898,8
4094791,8.857363315917603,22
4094799,9.850963518759594,8
4094810,9.781210928410577,11
4094823,9.714326295805193,13
4094840,9.599205216654395,17
4094849,9.821208926884868,9
4094853,9.938057008040161,4
4094864,9.764040676216139,11
4094866,9.972755481715858,2
4094870,9.93527006501643,4
4094878,9.858560566086831,8
4094879,9.993642555907709,1
4094897,9.630612726667975,18
4094907,9.769272339545456,10
4094916,9.822009201805624,9
4094928,9.729277872610314,12
4094929,10.0,1
4094935,9.874746458221024,6
4094940,9.924774105338667,5
4094953,9.724388237870315,13
4094961,9.827746507911241,8
4094962,10.0,1
4094970,9.858202296633097,8
4094976,9.906111400264578,6
4094986,9.787195557186488,10
4094991,9.915234067546074,5
4095001,9.783088323250523,10
4095009,9.837475289034577,8
4095017,9.862250784966696,8
4095025,9.841430845393878,8
4095037,9.73981508381764,12
4095045,9.839743067534618,8
4095051,9.890411629369098,6
4095063,9.72722356027038,12
4095077,9.675150848389908,14
4095088,9.776314448762069,11
4095095,9.86811819531789,7
4095098,9.966720797840397,3
4095106,9.846480831015535,8
4095115,9.847650577489421,9
4095131,8.87860372707667,16
4095140,9.817213665474585,9
4095144,9.928517900383804,4
4095159,9.640473102831278,15
4095169,9.790781818405444,10
4095177,9.861391526100975,8
4095191,9.700581421651911,14
4095200,9.799511383894151,9
4095204,9.927702894029432,4
4095217,9.72778485509674,13
4095229,9.729840403851018,12
4095236,9.871506845333629,7
4095238,9.98384934390761,2
4095245,9.848280965957928,7
4095250,9.711661262393086,5
4095257,9.872261299852816,7
4095265,9.845890808774318,8
4095275,9.785205808364285,10
4095276,9.992511054878262,1
4095281,9.912837602512262,5
4095285,9.947079326761964,4
4095295,9.801364468202435,10
4095296,10.0,1
4095297,10.0,1
4095303,9.905568565997362,6
4095305,9.983309964561254,2
4095309,9.93142630261258,4
4095312,9.96747815388231,3
4095321,9.822274866062083,9
4095335,9.695156825109448,14
4095341,9.876570696042181,6
4095346,9.92356421274626,5
4095357,9.766337041801583,11
4095359,9.97133106808264,2
4095361,9.770363080859742,2
4095369,9.85187399498399,8
4095379,9.782714070670055,10
4095380,9.988258025074861,1
4095391,9.767413521603103,11
4095405,9.675455350204828,14
4095410,9.921027892092464,5
4095417,9.855612466698688,7
4095418,9.996465616588607,1
4095430,9.744600665672767,12
4095432,9.981963791264228,2
4095436,9.933833193906661,4
4095439,9.966936402745715,3
4095450,9.773123873346481,11
4095459,9.834299079163902,9
4095467,9.83178894908795,8
4095475,9.837241521051473,8
4095476,10.0,1
4095481,9.911736196659836,5
4095506,9.200407779100892,25
4095515,9.842347771147844,9
4095526,9.77464815482374,11
4095527,10.0,1
4095528,10.0,1
4095535,9.872990805351966,7
4095537,9.96857095486577,2
4095545,9.848176453850881,8
4095556,9.73872507402945,11
4095564,9.858280091931242,8
4095571,9.877975264800147,7
4095572,10.0,1
4095579,9.864881261910764,7
4095593,9.648579083555019,14
4095597,9.938147927436466,4
4095605,9.851746673380893,8
4095624,8.667166682921467,19
4095628,9.948423513251887,4
4095645,9.635096793916544,17
4095649,9.929109345746005,4
4095656,9.871071991655644,7
4095669,9.745418794237345,13
4095674,9.93388765431701,5
4095683,9.790006160075459,9
4095688,9.907233906267477,5
4095698,9.796467488445309,10
4095710,9.74833170153298,12
4095712,9.97678293948846,2
4095720,9.812228152664483,8
4095728,9.847470535573992,8
4095730,9.981793033912357,2
4095748,9.58130311729133,18
4095753,9.910919306130989,5
4095769,9.626639101004839,16
4095770,10.0,1
4095780,9.804496778545198,10
4095787,9.850831036095025,7
4095792,9.910758672196597,5
4095805,9.700758272295158,13
4095810,9.918139350100954,5
4095819,9.835034445846922,9
4095821,9.972515190835596,2
4095826,9.92592638410778,5
4095827,9.992986993108728,1
4095835,9.839016786959753,8
4095845,9.781722187754282,10
4095850,9.900390779668172,5
4095855,9.925573413443049,5
4095859,9.952692248050848,4
4095866,9.867719962189462,7
4095869,9.961461712342569,3
4095876,9.875281488591975,7
4095883,9.859101793712428,7
4095896,9.693334077103327,13
4095902,9.90190042688502,6
4095911,9.79676542211374,9
4095927,9.644346105318055,16
4095941,9.689477530710363,14
4095942,10.0,1
4095946,9.93676121185518,4
4095951,9.921842942778857,5
4095961,9.84470198533128,10
4095962,9.996619545843535,1
4095978,9.361225304101731,16
4095996,9.546809635485479,18
4095997,10.0,1
4095999,9.986131818035336,2
4096003,9.934654808418156,4
4096010,9.855722713036062,7
4096011,10.0,1
4096012,10.0,1
4096017,9.933258629311682,5
4096022,9.934192160432145,5
4096032,9.796260981654793,10
4096038,9.914257504714131,6
4096047,9.816756844574195,9
4096050,9.960133590035326,3
4096051,10.0,1
4096052,9.992749792123487,1
4096064,9.757366866987413,12
4096073,9.819951717108944,9
4096076,9.952910930057786,3
4096084,9.848997768390586,8
4096092,9.850297087092137,8
4096101,9.629546778078149,9
4096114,9.608866442526693,13
4096126,9.742203098595413,12
4096137,9.765613536792161,11
4096146,9.816593274750407,9
4096153,9.764754942446904,7
4096167,9.670269443782642,14
4096179,9.71264403186957,12
4096190,9.747567113335537,11
4096197,9.871405979230229,7
4096212,9.682217393324416,15
4096213,9.992263510408407,1
4096224,9.782784107988606,11
4096226,9.97493881903169,2
4096242,9.690587907846544,16
4096249,9.886241394592519,7
4096262,9.708919363981817,13
4096268,9.69062388793817,6
4096275,9.878207691202633,7
4096279,9.924050769492256,4
4096284,9.92792751753906,5
4096292,9.864665225138948,8
4096301,9.804525098973443,9
4096308,9.870415251137272,7
4096309,10.0,1
4096317,9.849738617130463,8
4096326,9.794940609486149,9
4096332,9.883697803165926,6
4096340,9.851008199934029,8
4096344,9.946916320955129,4
4096353,9.852300981964634,9
4096371,9.681521089353975,18
4096374,9.970159261485573,3
4096390,9.63996756704305,16
4096394,9.946439847926579,4
4096395,9.996406767707278,1
4096402,9.857143841640523,7
4096408,9.874034723380612,6
4096409,10.0,1
4096425,9.617534634266258,16
4096438,9.710055112620434,13
4096442,9.939027364909617,4
4096445,9.954836710027797,3
4096458,9.731352420901896,13
4096471,9.713556298795972,13
4096482,9.781373238514691,11
4096497,9.677406392655044,15
4096504,9.87599954131459,7
4096510,9.913341307380781,6
4096519,9.836689351651568,9
4096525,9.911281594191989,6
4096536,9.783369241968629,11
4096540,9.932594235956351,4
4096552,9.765557257936957,12
4096570,9.592869746126784,18
4096571,10.0,1
4096585,9.718006823844956,14
4096597,9.759852962287301,12
4096611,9.691295411140887,14
4096620,9.813988085111564,9
4096634,9.683669541845424,14
4096643,9.811281834944332,9
4096658,9.647931373428367,15
4096667,9.797984225942391,9
4096673,9.891251890943797,6
4096680,9.887064990967652,7
4096687,9.861405177566828,7
4096688,10.0,1
4096690,9.972635960435102,2
4096691,9.996081525691785,1
4096704,9.692793396529634,13
4096707,9.960414493015868,3
4096721,9.43629859448433,14
4096724,9.95214957698574,3
4096725,10.0,1
4096733,9.847642873319183,8
4096746,9.722197360154063,13
4096749,9.955013040963168,3
4096778,9.030829506390171,29
4096782,9.945885713049936,4
4096789,9.858541976785725,7
4096801,9.745645239715488,12
4096811,9.786528161363348,10
4096817,9.883696742868256,6
4096824,9.878351069853942,7
4096834,9.781450475167787,10
4096837,9.953830173783134,3
4096854,9.5990250923239,17
4096866,9.731946335109459,12
4096872,9.8853262929278,6
4096876,9.93753568890883,4
4096877,9.989516571158171,1
4096882,9.919461590803289,5
4096896,9.716158021275852,14
4096898,9.971557764397076,2
4096911,9.706874761266452,13
4096924,9.711270447872408,13
4096929,9.939330948058359,5
4096938,9.819015429805303,9
4096950,9.746749303684368,12
4096963,9.697015292849903,13
4096973,9.787482071882248,10
4096982,9.812165098255628,9
4096991,9.844963970535318,9
4096997,9.897703982524458,6
4097003,9.887359809195594,6
4097018,9.636155377172942,15
4097028,9.791248266152785,10
4097033,9.923021235456527,5
4097037,9.94678388354726,4
4097049,9.721274725854782,12
4097054,9.900531179165675,5
4097065,9.796329838525345,11
4097070,9.929146349385437,5
4097077,9.880347624237897,7
4097084,9.846501038179666,7
4097106,9.482053475507456,22
4097115,9.803924413381605,9
4097127,9.729644301519473,12
4097136,9.846016186701345,9
4097153,9.592611593065266,17
4097160,9.88666655658555,7
4097161,10.0,1
4097175,9.694692027166454,14
4097188,9.672860956639575,13
4097196,9.859300957366054,8
4097204,9.849454804698144,8
4097205,10.0,1
4097224,9.683597989121,19
4097233,9.819418302402351,9
4097247,9.49292798611802,14
4097248,10.0,1
4097249,9.993303302495805,1
4097250,10.0,1
4097257,9.759343870841025,7
4097258,10.0,1
4097280,9.400054166065953,22
4097289,9.843360146209077,9
4097297,9.839033823923591,8
4097306,9.838649004885863,9
4097312,9.89275296676165,6
4097319,9.853762993061654,7
4097331,9.72747045078548,12
4097341,9.816914508069562,10
4097346,9.921410488008666,5
4097355,9.84803171381255,9
4097363,9.822981817735377,8
4097367,9.925565747044423,4
4097376,9.828876193355129,9
4097387,9.753488006652708,11
4097399,9.728878923665544,12
4097407,9.846160838589997,8
4097412,9.92880165311019,5
4097419,9.876379343367791,7
4097427,9.843459999628436,8
4097435,9.832884280099703,8
4097438,9.955225284296084,3
4097442,9.931976364339425,4
4097459,9.669809525318467,17
4097475,9.628207714072685,16
4097476,9.988956870516095,1
4097484,9.834145575679639,8
4097488,9.942099863640237,4
4097490,9.970985346911144,2
4097503,9.515627126278833,13
4097504,10.0,1
4097514,9.415851841351781,10
4097521,9.871993149141439,7
4097541,9.542970089737008,20
4097550,9.804165067556774,9
4097556,9.896419626965493,6
4097565,9.818831311856762,9
4097579,9.683257715798403,14
4097588,9.830717142919614,9
4097591,9.95600715320892,3
4097604,9.739936246735663,13
4097608,9.931349842430896,4
4097609,9.98935218339804,1
4097623,9.68039411503014,14
4097625,9.967828149919558,2
4097630,9.920128675192247,5
4097634,9.93704370450301,4
4097640,9.913361650915089,6
4097644,9.95581221430848,4
4097654,9.798021792495916,10
4097664,9.792884090976113,10
4097667,9.959019148095248,3
4097676,9.818956347853193,9
4097684,9.851619127462197,8
4097687,9.966623998542238,3
4097694,9.866483551455067,7
4097702,9.853506488254586,8
4097708,9.90199931936563,6
4097718,9.773715540328526,10
4097731,9.725335641412036,13
4097735,9.941029266978031,4
4097744,9.824880709928223,9
4097757,9.746230526777234,13
4097762,9.9290093170447,5
4097768,9.88926364806717,6
4097780,9.746894304760728,12
4097784,9.932681986365946,4
4097793,9.82329831410354,9
4097794,10.0,1
4097798,9.942743785287973,4
4097804,9.884358170579405,6
4097811,9.85321000815041,7
4097816,9.921807039615217,5
4097828,9.61671260542733,12
4097833,9.912428394472931,5
4097851,6.387041401888166,18
4097862,9.759022592675993,11
4097872,9.776311313842793,10
4097879,9.869602438803431,7
4097896,9.664609899181132,17
4097901,9.918401262433456,5
4097914,9.677476844976296,13
4097925,9.762870380331874,11
4097931,9.89670953961478,6
4097938,9.864083473638766,7
4097946,9.853774181366518,8
4097954,9.859330222776602,8
4097971,9.489068540731948,17
4097983,9.739852349694367,12
4097984,9.986490223588419,1
4097997,9.711162860854937,13
4097998,10.0,1
4098002,9.939883964529665,4
4098006,9.933817694725377,4
4098017,9.74586158055002,11
4098018,10.0,1
4098026,9.857426479777367,8
4098033,9.902935299681461,7
4098047,9.688855845757454,14
4098056,9.846947468511441,9
4098064,9.839794626244393,8
4098071,9.87928508535363,7
4098072,10.0,1
4098085,9.75508330806366,13
4098102,9.57175390948206,17
4098117,9.714094476896143,15
4098127,9.837564965247992,10
4098138,9.752656165312189,11
4098144,9.909078780120666,6
4098155,9.774056517502455,11
4098166,9.759267629510818,11
4098184,9.705498731376267,18
4098193,9.715114130198025,9
4098204,9.56718608099907,11
4098215,9.756232988830291,11
4098226,9.782972066932263,11
4098232,9.889036385828518,6
4098233,10.0,1
4098240,9.865416713365429,7
4098249,9.837838661081872,9
4098255,9.899497121011688,6
4098268,9.721677912094384,13
4098276,9.844878309861002,8
4098286,9.779512384929241,10
4098292,9.895227048531503,6
4098302,9.77671610685867,10
4098308,9.888551703275517,6
4098310,9.784168290868138,2
4098326,9.337705701759301,16
4098339,9.610363113445883,13
4098356,9.628249844186783,17
4098368,9.7911715166284,12
4098376,9.8201752270041,8
4098382,9.886096564590872,6
4098394,9.763649304048329,12
4098404,9.775933183920321,10
4098412,9.831661436568478,8
4098425,9.737193460515012,13
4098430,9.945670004137131,5
4098438,9.85221688280446,8
4098450,9.740849724210833,12
4098453,9.955426115974195,3
4098466,9.688013012959804,13
4098476,9.791157609659395,10
4098477,10.0,1
4098486,9.826301926796619,9
4098497,9.771264162702385,11
4098503,9.880490799756732,6
4098518,9.657075637432884,15
4098528,9.82206355312004,10
4098537,9.798804151100638,9
4098550,9.667975430293772,13
4098559,9.807504027718618,9
4098572,9.711555212379382,13
4098576,9.940354679129111,4
4098587,9.816836113956608,11
4098588,10.0,1
4098597,9.805972460507363,9
4098607,9.780076323858957,10
4098610,9.95235637488334,3
4098616,9.887762137232741,6
4098619,9.862706908152935,3
4098626,9.872202891724035,7
4098630,9.939462452139553,4
4098647,9.653475517914082,17
4098658,9.786858270650717,11
4098663,9.912716703453196,5
4098676,9.414138001188011,13
4098687,9.740786220184528,11
4098698,9.80787008741338,11
4098702,9.946716768786255,4
4098715,9.71590634076666,13
4098721,9.899134425170693,6
4098725,9.937993407735153,4
4098727,9.97469698919733,2
4098735,9.829557265221231,8
4098745,9.806615581046861,10
4098758,9.734574095882266,13
4098760,9.978183213415159,2
4098762,9.98541672269985,2
4098765,9.956718721461808,3
4098774,9.808601895391254,9
4098784,9.813137751610311,10
4098800,9.518763355040033,16
4098809,9.825071617420335,9
4098820,9.775256767927777,11
4098824,9.932852079337277,4
4098830,9.794550500615637,6
4098835,9.923103650945091,5
4098838,9.97094364529842,3
4098839,10.0,1
4098844,9.922368580266431,5
4098853,9.799966503695764,9
4098866,9.717154340184353,13
4098873,9.883605021887652,7
4098886,9.707032021854667,13
4098895,9.778917771677717,9
4098896,9.98851854251929,1
4098903,9.862176077071881,7
4098911,9.848381644253124,8
4098917,9.89117207736463,6
4098922,9.912621661452642,5
4098924,9.978127706040716,2
4098935,9.756230665547662,11
4098936,10.0,1
4098941,9.911666384302332,5
4098942,10.0,1
4098946,9.938847820965579,4
4098953,9.879358333003113,7
4098961,9.838004437061167,8
4098975,9.704484810259197,14
4098984,9.81875384797399,9
4098998,9.755074239529621,14
4099006,9.85532812475874,8
4099011,9.917903256994164,5
4099020,9.821157875437503,9
4099028,9.850998890844133,8
4099040,9.724976699894487,12
4099070,9.369943334901018,30
4099071,10.0,1
4099075,9.938170784102287,4
4099079,9.93854546398324,4
4099085,9.907007629732707,6
4099096,9.79864395899642,11
4099097,10.0,1
4099101,9.929247786544813,4
4099112,9.770567084767093,11
4099122,9.825188086860159,10
4099134,9.74007335646965,12
4099138,9.929356706015461,4
4099139,10.0,1
4099140,10.0,1
4099146,9.893742430399808,6
4099152,9.89472176461196,6
4099153,9.992793390987234,1
4099162,9.810492897812733,9
4099163,10.0,1
4099175,9.740279181177362,12
4099181,9.907140228263044,6
4099194,9.719073052243582,13
4099205,9.760552105029825,11
4099218,9.7722899389566,13
4099219,10.0,1
4099220,9.98861312297969,1
4099231,9.759386092535687,11
4099242,9.757684448356283,11
4099254,9.7492092927155,12
4099258,9.934595105344885,4
4099259,10.0,1
4099268,9.821929632547326,9
4099278,9.77421779960411,10
4099286,9.866791825513902,8
4099295,9.516826793992141,9
4099298,9.865950048625379,3
4099311,9.782725000190458,13
4099317,9.892391000719025,6
4099329,9.73106691860248,12
4099341,9.754166119303367,12
4099348,9.861169895993447,7
4099349,10.0,1
4099358,9.806485144923535,9
4099360,9.974232297643661,2
4099372,9.749670492364896,12
4099381,9.836015690104515,9
4099382,10.0,1
4099393,9.683120074607256,11
4099394,10.0,1
4099402,9.86300828284045,8
4099415,9.713265282253655,13
4099419,9.93298057914256,4
4099424,9.91326266742513,5
4099429,9.919396513363978,5
4099442,9.704156522288164,13
4099453,9.749248079581658,11
4099457,9.952256153998324,4
4099467,9.79771094242502,10
4099478,9.773173966171454,11
4099484,9.883841313285822,6
4099492,9.861916296891176,8
4099499,9.853567949439775,7
4099515,9.620137120339416,16
4099526,9.761572155934221,11
4099527,10.0,1
4099537,9.778188686432474,10
4099542,9.923603320044451,5
4099552,9.668389384441683,10
4099557,9.916503347064529,5
4099571,9.682398665305788,14
4099574,9.950423215241656,3
4099577,9.961331614741992,3
4099588,9.77108561503366,11
4099593,9.911554136166306,5
4099602,9.819904735571777,9
4099610,9.831562796784429,8
4099620,9.814669368532607,10
4099630,9.786181877059365,10
4099634,9.943124463968262,4
4099647,9.692631046721486,13
4099653,9.903792244004487,6
4099666,9.69029161431846,13
4099674,9.84201251832943,8
4099684,9.784365265153433,10
4099692,9.829699600770313,8
4099693,9.995792358864612,1
4099710,9.616103794918207,17
4099714,9.936695545841388,4
4099716,9.974737277419745,2
4099732,9.632057772799765,16
4099745,9.730802034590715,13
4099746,10.0,1
4099752,9.883192119611287,6
4099761,9.835324926720032,9
4099771,9.79977899118159,10
4099777,9.893809041623891,6
4099779,9.96899032320622,2
4099789,9.79961893008292,10
4099790,10.0,1
4099802,9.780592279376094,12
4099826,9.379233544520448,24
4099827,10.0,1
4099837,9.788748787040731,10
4099847,9.68276983843761,10
4099861,9.672925322961156,14
4099862,10.0,1
4099866,9.93172710747105,4
4099867,10.0,1
4099876,9.819459192789214,9
4099891,9.727523470404583,15
4099895,9.934250025590067,4
4099896,10.0,1
4099910,9.702023634216031,14
4099920,9.786291448730063,10
4099932,9.721707784536894,12
4099943,9.79400526404613,11
4099948,9.919132767945024,5
4099952,9.93046009915274,4
4099953,10.0,1
4099964,9.763328953404434,11
4099965,9.996380102650564,1
4099978,9.722017720541562,13
4099986,9.822260166503716,8
4100000,9.631645911316866,14
4100013,9.59982660632165,13
4100022,9.825658756157134,9
4100023,9.989134328123882,1
4100034,9.765048910288497,11
4100045,9.7554502773618,11
4100059,9.70636807410916,14
4100064,9.902347716391768,5
4100070,9.872578451583962,6
4100073,9.946671762438514,3
4100074,10.0,1
4100079,9.921017367185268,5
4100090,9.742006740157429,11
4100096,9.70975008954677,6
4100099,9.959930784718816,3
4100107,9.854582985150929,8
4100113,9.899817702451749,6
4100123,9.758898428530426,10
4100142,9.538814709905093,19
4100154,9.718395300127407,12
4100158,9.948369281308285,4
4100171,9.698297138840314,13
4100184,9.692125786947441,13
4100191,9.865267784155863,7
4100196,9.934625349000992,5
4100203,9.872959375571991,7
4100214,9.771413519835496,11
4100221,9.893145491541102,7
4100226,9.915714347095859,5
4100232,9.890692557257173,6
4100240,9.839905916926789,8
4100241,10.0,1
4100242,9.992773108048302,1
4100246,9.939987872755417,4
4100247,10.0,1
4100258,9.672312841556174,11
4100262,9.947245759755482,4
4100263,10.0,1
4100268,9.826203182243312,5
4100278,9.795599902059628,10
4100279,10.0,1
4100292,9.695565135508097,13
4100298,9.905660080838542,6
4100303,9.915232739065873,5
4100306,9.967731946583344,3
4100311,9.92840741577798,5
4100321,9.806363864331068,10
4100322,10.0,1
4100336,9.685904781560758,14
4100344,9.840835232494895,8
4100351,9.872434072969881,7
4100362,9.803311982362063,11
4100369,9.689028217480844,7
4100383,9.705817042863494,14
4100397,9.693749476355043,14
4100400,9.960144610487157,3
4100414,9.69857755654669,14
4100417,9.965319891878755,3
4100426,9.817790597985242,9
4100430,9.927910723053767,4
4100434,9.943756957097477,4
4100440,9.895739804045817,6
4100445,9.916508036762156,5
4100461,9.64990220920902,16
4100473,9.740867290819912,12
4100480,9.869640252120735,7
4100487,9.852958440804096,7
4100488,9.98828738214333,1
4100503,9.684578135996786,15
4100506,9.968674808586536,3
4100510,9.93632475974575,4
4100511,10.0,1
4100524,9.717115867436728,13
4100537,9.711973908338805,13
4100539,9.978740161431373,2
4100550,9.785647325815944,11
4100558,9.860809867259,8
4100568,9.781315466290332,10
4100572,9.944964176249004,4
4100579,9.869135723609936,7
4100589,9.807202920661538,10
4100597,9.83075084957534,8
4100606,9.802411610294364,9
4100618,9.759760769628054,12
4100630,9.770586513144881,12
4100635,9.930744581892636,5
4100646,9.299937221893114,11
4100663,9.696694895299512,17
4100675,9.779991600674443,12
4100687,9.772791600479252,12
4100696,9.838891615636214,9
4100712,9.656732946674747,16
4100714,9.980288341402208,2
4100731,9.421411763029452,17
4100732,10.0,1
4100740,9.86226527781632,8
4100742,9.972663630118635,2
4100747,9.913338468511983,5
4100757,9.823955379438923,10
4100765,9.833952476937384,8
4100766,10.0,1
4100767,10.0,1
4100770,9.963295232363025,3
4100780,9.768752122413039,10
4100790,9.8050385871996,10
4100801,9.766316214552742,11
4100815,9.696333574928696,14
4100823,9.839722109841551,8
4100824,10.0,1
4100838,9.679843691181851,14
4100848,9.77676134525658,10
4100849,10.0,1
4100851,9.973904171063827,2
4100857,9.881908728712844,6
4100866,9.825912820449753,9
4100876,9.726684671925199,10
4100884,9.837070476058628,8
4100888,9.942194736950066,4
4100894,9.89664226240799,6
4100895,10.0,1
4100897,9.976353613922548,2
4100904,9.86766857951094,7
4100912,9.845781499027806,8
4100919,9.885727392406821,7
4100920,10.0,1
4100923,9.954989229646984,3
4100930,9.795192650978597,7
4100953,9.090969974314312,23
4100954,10.0,1
4100963,9.848664283153429,9
4100964,10.0,1
4100977,9.7236888954077,13
4100986,9.81041439985617,9
4100994,9.826439243162563,8
4100995,10.0,1
4101001,9.875273169834616,6
4101013,9.727518780803008,12
4101019,9.892619241595776,6
4101029,9.798007622446796,10
4101035,9.88442648559462,6
4101040,9.921840537648446,5
4101051,9.746770913703992,11
4101061,9.779624027625445,10
4101066,9.915448882856008,5
4101077,9.788456563677434,11
4101090,9.751587266233775,13
4101099,9.799244852910112,9
4101104,9.904081247454293,5
4101113,9.82146381360831,9
4101132,9.60237714392643,19
4101136,9.931635151376597,4
4101150,9.69606366069818,14
4101158,9.81742840751604,8
4101164,9.911193121848129,6
4101172,9.836197117455063,8
4101173,9.996316624656822,1
4101181,9.855500816652851,8
4101185,9.939881682657889,4
4101186,10.0,1
4101191,9.931519274393475,5
4101204,9.695380229305997,13
4101220,9.619826947014642,16
4101234,9.708599755206851,14
4101245,9.760869403216086,11
4101251,9.895849284211586,6
4101265,9.693406576300047,14
4101270,9.9088008388125,5
4101277,9.85610280943637,7
4101288,9.776375748425457,11
4101293,9.922688416588784,5
4101300,9.868806748961312,7
4101307,9.876647491848287,7
4101315,9.861472851757355,8
4101325,9.778512117885489,10
4101333,9.884802298989946,8
4101338,9.931833858477738,5
4101349,9.755937059669801,11
4101353,9.941961338632506,4
4101368,9.65071678149041,15
4101375,9.86994550609859,7
4101380,9.922189000322224,5
4101386,9.890474973762844,6
4101387,10.0,1
4101391,9.929118113484357,4
4101404,9.705078878433941,13
4101414,9.787089267027854,10
4101420,9.588442922610371,6
4101430,9.796967524197996,10
4101433,9.96792690901172,3
4101443,9.77291516938058,10
4101453,9.769217592880528,10
4101458,9.901874013359565,5
4101470,9.538810796112823,12
4101484,9.721869034405598,14
4101494,9.787659956769511,10
4101506,9.72958597322493,12
4101517,9.752241159981812,11
4101522,9.9180699054788,5
4101536,9.665577125432378,14
4101546,9.7810482274095,10
4101550,9.935648698755381,4
4101562,9.754577793350114,12
4101575,9.693830336258438,13
4101582,9.878044312926798,7
4101585,9.96205120580378,3
4101596,9.764410173725231,11
4101609,9.694410566589717,13
4101618,9.800560633918286,9
4101621,9.95291530831897,3
4101627,9.887454270034052,6
4101635,9.864328792696464,8
4101642,9.867023695825791,7
4101649,9.852772473735598,7
4101655,9.881945212496017,6
4101661,9.884177600178713,6
4101662,10.0,1
4101673,9.669702428117326,11
4101684,9.78401827799756,11
4101692,9.856282073879896,8
4101709,9.625701612537224,17
4101719,9.77671773591162,10
4101724,9.909687714353288,5
4101729,9.912862789503349,5
4101734,9.919406647819997,5
4101742,9.83395085676357,8
4101743,10.0,1
4101744,10.0,1
4101755,9.73255072703233,11
4101764,9.806637978207519,9
4101772,9.82897590269616,8
4101779,9.850426048187256,7
4101791,9.770420279440541,12
4101799,9.658592111319956,8
4101808,9.799214046045673,9
4101816,9.837767231755388,8
4101826,9.801710058737449,10
4101832,9.887378258973953,6
4101841,9.82070443914767,9
4101848,9.862042259266522,7
4101860,9.747193867993369,12
4101869,9.842927454356753,9
4101872,9.954692996770223,3
4101881,9.808978634745957,9
4101886,9.900056624945167,5
4101887,10.0,1
4101898,9.784444739137545,11
4101903,9.930521760435193,5
4101909,9.89793938047247,6
4101929,9.49734580852265,20
4101944,9.668526314484586,15
4101954,9.798706023669457,10
4101958,9.934466300348491,4
4101963,9.91270891982039,5
4101974,9.79037551740636,11
4101978,9.938212898654388,4
4101988,9.790451590686361,10
4101997,9.840189053316049,9
4102006,9.835329337155535,9
4102013,9.863651611622746,7
4102018,9.92030074438074,5
4102019,10.0,1
4102028,9.799998879389165,9
4102032,9.948918314868122,4
4102037,9.9191509801821,5
4102043,9.904093212051814,6
4102056,9.785714727326617,13
4102061,9.910769627989492,5
4102077,9.651225744549594,16
4102091,9.661384167188428,14
4102105,9.705616163696652,14
4102117,9.739255774040844,12
4102121,9.926548965974382,4
4102136,9.484188997687575,15
4102141,9.93067778071149,5
4102152,9.768325935488049,11
4102162,9.790700061039535,10
4102180,9.595677100352072,18
4102181,10.0,1
4102187,9.909386124112487,6
4102195,9.85297222462236,8
4102209,9.68304811313555,14
4102219,9.77755083416965,10
4102243,9.519462167656082,24
4102251,9.855032948250228,8
4102261,9.800564229070481,10
4102269,9.853795386301991,8
4102276,9.877530113270025,7
4102277,10.0,1
4102279,9.97653016604208,2
4102283,9.943844658518387,4
4102292,9.812731106606003,9
4102298,9.899493949239043,6
4102309,9.768817622495122,11
4102314,9.901115715214425,5
4102315,10.0,1
4102323,9.828992838746492,8
4102333,9.775276714948788,10
4102341,9.853946794773288,8
4102354,9.713235720362132,13
4102364,9.807995909769488,10
4102376,9.721951650495308,12
4102385,9.814233875263799,9
4102391,9.892568186719373,6
4102392,10.0,1
4102407,9.732628532138747,15
4102413,9.888917549830692,6
4102420,9.875651062426076,7
4102424,9.738344935986966,4
4102427,9.946543935354171,3
4102435,9.559780190765842,8
4102442,9.866031353094117,7
4102452,9.778443967280245,10
4102464,9.759982788774575,12
4102476,9.779768831097144,12
4102489,9.7382911541777,13
4102500,9.800084768902067,11
4102507,9.87605849882474,7
4102518,9.778831457961873,11
4102525,9.882179787595852,7
4102543,9.602159625604115,18
4102544,10.0,1
4102551,9.879145256440385,7
4102569,9.575973868528598,18
4102581,9.745898757537239,12
4102588,9.838882674682196,7
4102605,9.651307165277977,17
4102613,9.82456608060609,8
4102616,9.96732087239354,3
4102631,9.670820749905108,15
4102641,9.785573373271104,10
4102647,9.883492864617445,6
4102662,9.652246013259246,15
4102675,9.697387770530772,13
4102679,9.936706170389776,4
4102687,9.844526837741036,8
4102701,9.697322243624125,14
4102706,9.903065995121167,5
4102708,9.985018061498616,2
4102711,9.952337005638507,3
4102714,9.956209443005253,3
4102723,9.802949068477428,9
4102732,9.829229927372474,9
4102746,9.671372325741734,14
4102758,9.768091583535721,12
4102770,9.74315704448712,12
4102779,9.802826364817607,9
4102784,9.92618944423324,5
4102791,9.877799750170933,7
4102802,9.779043352362287,11
4102812,9.836429921534156,10
4102821,9.821427284027086,9
4102823,9.981076977975993,2
4102828,9.912181582372433,5
4102829,10.0,1
4102839,9.783855383706884,10
4102850,9.800990326537573,11
4102861,9.766527129035536,11
4102870,9.824734526265877,9
4102876,9.907940588162795,6
4102895,9.606468677557437,19
4102900,9.920481024281019,5
4102911,9.794945369837803,11
4102924,9.687082662800332,13
4102928,9.936402518841842,4
4102940,9.725048232469945,12
4102946,9.901262184844738,6
4102952,9.874748477838532,6
4102960,9.86160677465253,8
4102965,9.90045748528183,5
4102967,9.9803326888083,2
4102978,9.753186451958229,11
4102987,9.834690970152522,9
4102994,9.901385118716625,7
4103004,9.799291653715839,10
4103006,9.970391039107344,2
4103007,10.0,1
4103020,9.746954436910908,13
4103021,10.0,1
4103030,9.689090175165974,9
4103042,9.537746849495532,12
4103052,9.797568015511327,10
4103059,9.860289032706675,7
4103062,9.960889205297493,3
4103073,9.752330395206908,11
4103077,9.935200226935644,4
4103078,9.99273148120996,1
4103088,9.782162060327808,10
4103096,9.831240476050397,8
4103104,9.822980856745026,8
4103116,9.741258179077413,12
4103124,9.831968689996929,8
4103131,9.874918051582991,7
4103134,9.95597160281625,3
4103144,9.790220177594257,10
4103151,9.881744328303196,7
4103163,9.762861956260675,12
4103172,9.801516369241034,9
4103178,9.880261517451926,6
4103184,9.693998525207476,6
4103192,9.828620436436282,8
4103196,9.93168351510658,4
4103197,10.0,1
4103207,9.760855373622283,10
4103212,9.926167027091413,5
4103225,9.719003301395578,13
4103228,9.964373840528623,3
4103244,9.657995257431443,16
4103253,9.835067454718237,9
4103261,9.72800726807522,8
4103270,9.78911380562036,9
4103281,9.759501122516923,11
4103289,9.851505351026873,8
4103295,9.883664833041868,6
4103306,9.791887196594475,11
4103309,9.967514547326378,3
4103313,9.932105656302166,4
4103317,9.933226313217435,4
4103321,9.953317314124874,4
4103328,9.87875170415293,7
4103342,9.712682282291118,14
4103355,9.764929240506284,13
4103365,9.79733069386917,10
4103370,9.897146879590963,5
4103381,9.671973293155514,11
4103390,9.815402855065267,9
4103391,10.0,1
4103407,9.652544071860921,16
4103413,9.895983906592484,6
4103425,9.763789056586516,12
4103428,9.964653930087843,3
4103438,9.822802471620681,10
4103446,9.859873584260383,8
4103461,9.640515011122842,15
4103462,10.0,1
4103464,9.976643031862409,2
4103475,9.764827277710314,11
4103484,9.830766925123603,9
4103488,9.940942584972237,4
4103498,9.782333434338272,10
4103499,10.0,1
4103507,9.840492143118713,8
4103514,9.864866852256851,7
4103521,9.876112786789545,7
4103528,9.676953852510312,7
4103536,9.645531348136206,8
4103539,9.948862773958982,3
4103544,9.921181409895702,5
4103554,9.807492088372806,10
4103561,9.839683143368354,7
4103568,9.882583419126771,7
4103581,9.706456859278305,13
4103586,9.901320596959177,5
4103596,9.798247523919768,10
4103601,9.929532121808869,5
4103613,9.737688638594937,12
4103614,10.0,1
4103626,9.725583312525949,12
4103639,9.706836279255526,13
4103651,9.73961903278741,12
4103660,9.80163614727495,9
4103670,9.786915438669235,10
4103683,9.707071019059804,13
4103695,9.780451093810418,12
4103700,9.919026468825416,5
4103709,9.821779038388883,9
4103720,9.761993195238562,11
4103728,9.882908834573566,8
4103742,9.690178593463392,14
4103759,9.658781661712604,17
4103771,9.727936518008699,12
4103778,9.87531183477445,7
4103785,9.881895200738423,7
4103787,9.971298789699372,2
4103796,9.803346001667833,9
4103803,9.86508013907061,7
4103811,9.852646181294428,8
4103820,9.828514060529614,9
4103826,9.88744104057371,6
4103838,9.736893565142895,12
4103851,9.6981213539921,13
4103861,9.806715086175595,10
4103878,9.589620725669283,17
4103885,9.846595416864622,7
4103896,9.793422119221574,11
4103897,10.0,1
4103908,9.76729833018533,11
4103923,9.661134166768734,15
4103929,9.901639571704456,6
4103933,9.94372810109621,4
4103949,9.653043082174442,16
4103959,9.784041930414967,10
4103969,9.792558696211117,10
4103986,9.659470265958591,17
4103993,9.864438875080856,7
4103996,9.95602618936111,3
4104005,9.822516981595717,9
4104011,9.896804507305927,6
4104020,9.855304794002617,9
4104030,9.809218334800823,10
4104037,9.877300514883903,7
4104054,9.582803638471338,17
4104062,9.847733975508547,8
4104064,9.97579214896911,2
4104069,9.915343587101964,5
4104079,9.82037182319741,10
4104091,9.728940300265954,12
4104110,9.561795804813706,19
4104121,9.755428547992787,11
4104128,9.877509223465378,7
4104134,9.888540072322739,6
4104144,9.773687000315043,10
4104148,9.931503494792462,4
4104168,9.527402719131175,20
4104170,9.979446178360748,2
4104186,9.65336297477356,16
4104194,9.838470682924125,8
4104201,9.898064608402787,7
4104206,9.92987339486585,5
4104212,9.895617365701117,6
4104230,9.568256091350943,18
4104236,9.885201276563878,6
4104237,10.0,1
4104248,9.756467915795142,11
4104266,9.639847427844622,18
4104275,9.84895649552366,9
4104278,9.96505646567853,3
4104279,10.0,1
4104291,9.752859729530519,12
4104292,10.0,1
4104299,9.882156180608947,7
4104310,9.766292993586461,11
4104332,9.539759076008535,22
4104343,9.766367583522499,11
4104350,9.761883587644792,7
4104356,9.890794043984252,6
4104358,9.96975312258152,2
4104373,9.66808691776978,15
4104382,9.807797407309502,9
4104395,9.711143890313595,13
4104398,9.94919789443979,3
4104402,9.952276526175554,4
4104409,9.866986983452472,7
4104417,9.832789377104714,8
4104427,9.780780209064412,10
4104428,9.989544318084944,1
4104441,9.71604251075122,13
4104446,9.911974825475776,5
4104447,10.0,1
4104452,9.9176214647252,5
4104467,9.676915870805168,15
4104476,9.81991664182644,9
4104490,9.68426487574094,14
4104499,9.81990662037676,9
4104502,9.970500078902399,3
4104519,9.699540888733779,17
4104534,9.664882684726606,15
4104543,9.838390975644888,9
4104550,9.868743287098754,7
4104560,9.777332760716163,10
4104577,9.599229845764308,17
4104594,8.986899112148468,17
4104603,9.807999595654502,9
4104619,9.636559164480007,16
4104627,9.824135030278057,8
4104634,9.890019314637009,7
4104646,9.740559921265222,12
4104658,9.771869398629306,12
4104659,10.0,1
4104663,9.941745999995934,4
4104674,9.780182086222103,11
4104683,9.80953391683685,9
4104693,9.799077158951164,10
4104703,9.773575911303892,10
4104719,9.61457253861085,16
4104727,9.829753246178603,8
4104732,9.92098687912452,5
4104733,10.0,1
4104740,9.881062219986703,7
4104749,9.826023073571017,9
4104762,9.603848003540586,13
4104775,9.697829263010505,13
4104782,9.862299709647363,7
4104784,9.973025609002162,2
4104790,9.89127315669021,6
4104802,9.716305821623656,12
4104935,7.876819022809471,133
4104944,9.816568379549667,9
4104950,9.877654553868876,6
4104961,9.593917364345177,11
4104967,9.880946015612253,6
4104975,9.845230446345951,8
4104982,9.863136977344203,7
4104995,9.71052663363167,13
4104999,9.84803356949243,4
4105004,9.919186548052586,5
4105010,9.900352792919312,6
4105019,9.799843888291166,9
4105031,9.738505883929601,12
4105037,9.89171890643787,6
4105050,9.702659187491156,13
4105061,9.762000830527361,11
4105075,9.693612435418482,14
4105084,9.830708126207242,9
4105093,9.802671275456458,9
4105102,9.82254918339124,9
4105114,9.74672661896987,12
4105125,9.780848175806568,11
4105131,9.879709700895711,6
4105132,10.0,1
4105136,9.93634291458175,4
4105145,9.817992943266198,9
4105150,9.921490189048212,5
4105168,9.587121108169946,18
4105174,9.893046205583872,6
4105184,9.786144751864294,10
4105186,9.982831374317104,2
4105187,10.0,1
4105188,9.9960767433769,1
4105199,9.746400990041128,11
4105205,9.89521364001659,6
4105209,9.941138267299188,4
4105223,9.471350631724567,14
4105236,9.700614668436753,13
4105243,9.85138926182113,7
4105247,9.93132570682361,4
4105255,9.847683006284838,8
4105263,9.866363013187382,8
4105268,9.919526640153226,5
4105280,9.762594492369713,12
4105286,9.906515621643571,6
4105294,9.818944836522379,8
4105302,9.84564613772803,8
4105309,9.873765561764039,7
4105321,9.752086984599567,12
4105329,9.84868535159173,8
4105334,9.920141172630558,5
4105342,9.848444321622626,8
4105352,9.786278310102508,10
4105368,9.636016341034109,16
4105371,9.962029859144458,3
4105383,9.735298080746727,12
4105390,9.871080939959912,7
4105393,9.949451062172326,3
4105394,10.0,1
4105403,9.81759360485134,9
4105407,9.944935110122584,4
4105421,9.617607919081715,14
4105422,10.0,1
4105423,9.993062327005498,1
4105428,9.911308698332855,5
4105434,9.905107907425506,6
4105445,9.78806731141757,11
4105447,9.976365335441846,2
4105465,9.407320283277725,18
4105479,9.662489287534967,14
4105491,9.790318487337338,12
4105500,9.802855013816256,9
4105509,9.806594446212383,9
4105523,9.496667615476715,14
4105533,9.793140578202804,10
4105545,9.72879113143192,12
4105552,9.86301950166069,7
4105566,9.694777002135428,14
4105567,10.0,1
4105568,10.0,1
4105577,9.804198561421275,9
4105584,9.873569414421157,7
4105588,9.930543778635679,4
4105598,9.76351556802723,10
4105603,9.911589440008427,5
4105620,9.567804904110856,17
4105631,9.745269819534752,11
4105638,9.867839142782012,7
4105641,9.960300752450404,3
4105648,9.866849123454152,7
4105659,9.771227949636202,11
4105660,10.0,1
4105667,9.906099928332736,7
4105709,7.130138502802453,42
4105716,9.858532189209468,7
4105725,9.803419030596737,9
4105735,9.784642533287533,10
4105736,10.0,1
4105751,9.643323737493034,15
4105769,9.575565355593527,18
4105786,9.626083620511999,17
4105791,9.926787068166929,5
4105801,9.773404666963796,10
4105815,9.731198960594668,14
4105819,9.933639003720371,4
4105825,9.883611339565618,6
4105843,9.309547958800076,18
4105852,9.821504837024314,9
4105858,9.880523872430144,6
4105869,9.7551611047551,11
4105881,9.766087884740502,12
4105886,9.91424309109457,5
4105900,9.678951010441311,14
4105902,9.977610660884864,2
4105913,9.773151798922159,11
4105922,9.7972679974669,9
4105928,9.91498688712483,6
4105937,9.799259451571952,9
4105945,9.878419363621157,8
4105954,9.83996843227653,9
4105969,9.702165875707978,15
4105979,9.79866771053561,10
4105990,9.769282013842927,11
4105999,9.805160779130036,9
4106005,9.915241980696756,6
4106006,10.0,1
4106011,9.906722890949771,5
4106025,9.688117104706457,14
4106030,9.901562513640448,5
4106044,9.551898575407936,14
4106064,9.564795642728303,20
4106075,9.75569734361633,11
4106079,9.934999958084738,4
4106088,9.83298995727731,9
4106095,9.869628390497121,7
4106104,9.79834137537207,9
4106108,9.946458406652727,4
4106113,9.917240473986368,5
4106122,9.816963982541065,9
4106132,9.7757278110477,10
4106142,9.786544108552118,10
4106150,9.828629332091126,8
4106153,9.964283988201364,3
4106161,9.726926427078258,8
4106165,9.941468654129492,4
4106168,9.956905922258933,3
4106182,9.71556260358036,14
4106187,9.90463043963861,5
4106189,9.976311689000719,2
4106206,9.659932426588465,17
4106221,9.523843207595712,15
4106237,9.630570985402361,16
4106248,9.773109103432708,11
4106261,9.720674604488465,13
4106266,9.92063369793705,5
4106273,9.855151315484632,7
4106283,9.793131932676012,10
4106291,9.862431838505685,8
4106304,9.689988825935055,13
4106305,10.0,1
4106309,9.935740670836651,4
4106324,9.690102095546273,15
4106328,9.924644244845796,4
4106337,9.813778496306892,9
4106344,9.679855165599157,7
4106358,9.705837587174992,14
4106368,9.810890370402786,10
4106378,9.772060043174136,10
4106390,9.790104908249443,12
4106401,9.775367307167379,11
4106403,9.984070412582074,2
4106410,9.863029103112321,7
4106417,9.899970225431556,7
4106430,9.711207137551636,13
4106432,9.980937521830636,2
4106437,9.921509059930417,5
4106445,9.848540104595912,8
4106453,9.821750440976885,8
4106474,9.634062070279219,21
4106475,10.0,1
4106486,9.785880734018583,11
4106497,9.764823527238997,11
4106503,9.892401573230599,6
4106505,9.976145554699405,2
4106508,9.963355501703134,3
4106516,9.856168802570163,8
4106521,9.911030562334252,5
4106530,9.806900571320009,9
4106532,9.971342725945442,2
4106536,9.936017546775627,4
4106550,9.675938006888902,14
4106558,9.868173969953487,8
4106564,9.881912155275673,6
4106579,9.633686688824184,15
4106592,9.545959215708294,13
4106600,9.824494225081803,8
4106601,10.0,1
4106614,9.718888603212987,13
4106617,9.950689240694794,3
4106628,9.766433232258217,11
4106637,9.815117918319155,9
4106645,9.83152375060066,8
4106657,9.71392902075348,12
4106667,9.785962639189988,10
4106673,9.878440270878482,6
4106686,9.70126441656781,13
4106691,9.909152601176588,5
4106692,10.0,1
4106702,9.786084438303932,10
4106708,9.895067783364532,6
4106709,10.0,1
4106715,9.905712230656121,6
4106716,10.0,1
4106722,9.884348744779269,6
4106723,10.0,1
4106731,9.849721510814074,8
4106748,9.596727228809305,17
4106760,9.744675089988265,12
4106764,9.92530113312678,4
4106770,9.89492851550258,6
4106780,9.813738076049777,10
4106781,10.0,1
4106788,9.874020512455257,7
4106797,9.817295857664146,9
4106819,9.498137735087917,22
4106823,9.921026772322492,4
4106835,9.72460598850832,12
4106847,9.749842412922705,12
4106856,9.830258951757552,9
4106870,9.710432222420284,14
4106875,9.917930474640245,5
4106879,9.94831276391096,4
4106887,9.839824677805762,8
4106894,9.864183940575124,7
4106904,9.764486433601224,10
4106914,9.778864411380267,10
4106933,9.503968948992503,19
4106942,9.833647789432856,9
4106946,9.95025345608926,4
4106947,10.0,1
4106949,9.974351257339833,2
4106957,9.740913262875496,8
4106969,9.745568848306686,12
4106984,9.631624291819435,15
4106997,9.500932324490202,13
4106998,10.0,1
4107004,9.874357642921858,6
4107008,9.937373516977797,4
4107010,9.982041821821586,2
4107015,9.92012094258636,5
4107028,9.603031748586869,13
4107040,9.74116613369626,12
4107041,9.992325036997638,1
4107042,10.0,1
4107052,9.781095916161604,10
4107060,9.882256893190215,8
4107067,9.862339322500187,7
4107076,9.795743466976596,9
4107088,9.749593131089874,12
4107093,9.921406450327806,5
4107094,10.0,1
4107102,9.654202170659149,8
4107111,9.811460279562628,9
4107112,9.99624388419125,1
4107115,9.951246395812587,3
4107119,9.943709698231427,4
4107126,9.860511304269215,7
4107131,9.895376712706247,5
4107141,9.802428269233754,10
4107150,9.797450731147963,9
4107151,10.0,1
4107155,9.92937466152842,4
4107162,9.887134433208393,7
4107163,10.0,1
4107172,9.829891312842461,9
4107179,9.850707026871197,7
4107190,9.782173552226759,11
4107199,9.803678942104462,9
4107209,9.808370182039846,10
4107222,9.704347967330893,13
4107233,9.760109692327772,11
4107235,9.975234225982552,2
4107238,9.950979294192841,3
4107244,9.893311481637475,6
4107256,9.737541038787704,12
4107257,10.0,1
4107263,9.883016268342265,6
4107268,9.919929350747463,5
4107269,10.0,1
4107279,9.794861659177315,10
4107295,9.674265459856885,16
4107302,9.871595390944455,7
4107319,8.913930829190992,17
4107336,9.653598726407287,17
4107344,9.84062794088173,8
4107351,9.860235373347573,7
4107355,9.940988607506789,4
4107362,9.883945362797823,7
4107373,9.799684738920067,11
4107378,9.898420078749938,5
4107380,9.970653602376238,2
4107381,10.0,1
4107392,9.778197952423392,11
4107406,9.681808215102963,14
4107415,9.809948421508485,9
4107428,9.704504275490528,13
4107442,9.731532137186901,14
4107450,9.836264537881046,8
4107462,9.738244951268932,12
4107470,9.845530361215047,8
4107476,9.791525668130634,6
4107491,9.733032591470186,15
4107492,10.0,1
4107497,9.925110163916816,5
4107508,9.769781751272083,11
4107522,9.723293202866484,14
4107538,9.623172895606565,16
4107545,9.857449241459062,7
4107559,9.68312875630644,14
4107569,9.780855533879318,10
4107576,9.874428441590862,7
4107583,9.852176198065898,7
4107584,9.98928862970713,1
4107595,9.746416825736102,11
4107600,9.933304437996918,5
4107607,9.878407493002467,7
4107618,9.764472738181217,11
4107623,9.908111647912552,5
4107638,9.659440991644223,15
4107648,9.77339592782771,10
4107657,9.827650027821315,9
4107670,9.702690971149716,13
4107671,10.0,1
4107678,9.867101994633375,7
4107689,9.756131880206594,11
4107702,9.75409654946961,13
4107712,9.771565503443643,10
4107713,10.0,1
4107714,10.0,1
4107725,9.767908919539718,11
4107735,9.808623900534158,10
4107747,9.724453309600856,12
4107758,9.760562731999771,11
4107771,9.712317760990803,13
4107779,9.85904944430167,8
4107785,9.902422883449809,6
4107794,9.823686653534708,9
4107802,9.85314607971291,8
4107807,9.910289581257043,5
4107811,9.94709050527679,4
4107824,9.700311729828133,13
4107830,9.88844110866208,6
4107835,9.928784187908775,5
4107839,9.944131636974165,4
4107845,9.919946456073209,6
4107856,9.6175553065779,11
4107867,9.761122505622236,11
4107872,9.921225098732439,5
4107873,10.0,1
4107875,9.974240339986007,2
4107889,9.721536460331127,14
4107898,9.817463988959986,9
4107902,9.937915044834458,4
4107913,9.773885712932628,11
4107924,9.760322133312728,11
4107930,9.876085758841691,6
4107943,9.72739913466096,13
4107945,9.971182526437202,2
4107952,9.858049858813624,7
4107962,9.803407184672164,10
4107966,9.941632130861711,4
4107973,9.873759421289117,7
4107979,9.897996900547259,6
4107990,9.779494926673634,11
4107998,9.824157641634208,8
4108003,9.897592911039668,5
4108004,10.0,1
4108006,9.984355418596975,2
4108015,9.81360334160005,9
4108024,9.808251423210582,9
4108039,9.665768530606716,15
4108052,9.702295403412638,13
4108061,9.811269515654306,9
4108063,9.98252449357567,2
4108078,9.643959951693986,15
4108081,9.950960782099346,3
4108084,9.953008109745653,3
4108093,9.819863602798698,9
4108095,9.979027084303285,2
4108097,9.968863908258509,2
4108103,9.90377755150534,6
4108115,9.733419488392766,12
4108131,9.615584343920334,16
4108136,9.91260767158918,5
4108139,9.958149155291437,3
4108150,9.666254086041373,11
4108154,9.935144824741503,4
4108168,9.727138786900507,14
4108177,9.815273336682612,9
4108185,9.827154562444452,8
4108190,9.91058499884887,5
4108195,9.921456364935354,5
4108202,9.861243275039369,7
4108213,9.761641676396518,11
4108222,9.842240279758997,9
4108227,9.902090557524437,5
4108230,9.953038511027415,3
4108240,9.79067774675642,10
4108252,9.780241252724405,12
4108253,10.0,1
4108255,9.976640487762806,2
4108261,9.897201134288027,6
4108266,9.896404469067216,5
4108275,9.809554143361357,9
4108282,9.869108255515444,7
4108296,9.588464267139768,14
4108300,9.941420395498861,4
4108302,9.973428816401105,2
4108303,9.987920591542638,1
4108309,9.898605257960416,6
4108318,9.817116565616024,9
4108321,9.9589775091302,3
4108328,9.875339175232691,7
4108329,10.0,1
4108344,9.677226383869893,15
4108350,9.873237973222354,6
4108363,9.70878243112303,13
4108376,9.767298879858089,13
4108380,9.739001926077801,4
4108386,9.892040653898947,6
4108392,9.909154432412988,6
4108396,9.946875141104275,4
4108403,9.860520444697402,7
4108412,9.842967321173878,9
4108422,9.789442878255965,10
4108433,9.758174263345511,11
4108440,9.90092628342866,7
4108448,9.857016474780025,8
4108459,9.769572204724177,11
4108467,9.848836216207125,8
4108477,9.78467655736891,10
4108485,9.84196929161416,8
4108496,9.767761585794288,11
4108502,9.917159940671535,6
4108518,9.701593196436162,16
4108528,9.777180522409193,10
4108540,9.73350875942616,12
4108556,9.627460602500726,16
4108559,9.960314192009836,3
4108560,9.989608637052157,1
4108562,9.983388968685414,2
4108570,9.759956268657652,8
4108577,9.844532605513711,7
4108583,9.906165112487871,6
4108589,9.883696879360409,6
4108598,9.79499156101191,9
4108604,9.880478793287017,6
4108612,9.864202121231921,8
4108622,9.59766016754956,10
4108637,9.64213792700805,15
4108645,9.834476146522395,8
4108660,9.650873319670115,15
4108673,9.65853230502363,13
4108674,10.0,1
4108680,9.888634400113162,6
4108688,9.856136511457338,8
4108689,9.9890038621968,1
4108710,9.5256152189304,21
4108719,9.798842587880582,9
4108727,9.850333019867367,8
4108739,9.783241848730073,12
4108750,9.794557930273777,11
4108751,9.996453992641738,1
4108761,9.788363701205505,10
4108772,9.767266731271743,11
4108776,9.922903574736536,4
4108783,9.87560468534287,7
4108794,9.787417304254227,11
4108799,9.914129284537152,5
4108812,9.692936039934107,13
4108817,9.91051886938053,5
4108830,9.330393248259911,13
4108834,9.936357162994268,4
4108837,9.96103121552634,3
4108846,9.839855723972036,9
4108859,9.719011340219977,13
4108873,9.683279195508966,14
4108883,9.793175904219321,10
4108894,9.779062790000117,11
4108908,9.710307012095225,14
4108918,9.816844004516819,10
4108936,9.557113762029616,18
4108945,9.79274424424246,9
4108950,9.913601337319536,5
4108962,9.729710431601054,12
4108967,9.915069748161427,5
4108973,9.896351921352439,6
4108974,10.0,1
4108984,9.799172261758311,10
4108985,10.0,1
4108992,9.85640197793496,7
4109005,9.748792292836361,13
4109019,9.696695196265349,14
4109022,9.965113359440823,3
4109030,9.842259425022695,8
4109035,9.924145621926147,5
4109048,9.691067805284675,13
4109057,9.844648155264082,9
4109066,9.815034393631537,9
4109079,9.703956339071924,13
4109085,9.902227486927286,6
4109092,9.861966205202798,7
4109093,10.0,1
4109094,9.992522785237513,1
4109106,9.645847545948337,12
4109109,9.954226764175182,3
4109118,9.819229644654333,9
4109126,9.841358796325206,8
4109132,9.681305167966814,6
4109153,9.298137046994714,21
4109161,9.833891848058483,8
4109169,9.847097317401929,8
4109183,9.711900898722144,14
4109197,9.708743697674214,14
4109209,9.693955344989808,12
4109210,10.0,1
4109216,9.901950083893011,6
4109218,9.975936439724803,2
4109232,9.710453433388736,14
4109240,9.828777076711162,8
4109254,9.6717424988773,14
4109255,9.992862515514172,1
4109265,9.793565298608483,10
4109275,9.831657745338779,10
4109281,9.918264188476522,6
4109289,9.856692009723176,8
4109290,10.0,1
4109297,9.903832122083127,7
4109300,9.967544472889507,3
4109311,9.768132090333033,11
4109321,9.811831681142369,10
4109326,9.92396792786134,5
4109339,9.739873355576528,13
4109350,9.771341062020863,11
4109355,9.909665840566145,5
4109362,9.871203286842741,7
4109365,9.959884846582517,3
4109369,9.94296559728014,4
4109372,9.955378789692462,3
4109382,9.77677901664023,10
4109390,9.855303276767458,8
4109405,9.679591129111227,15
4109419,9.698776869804249,14
4109430,9.760505384940618,11
4109434,9.948709336546576,4
4109436,9.974404497238199,2
4109445,9.816115065744249,9
4109451,9.890723519627386,6
4109463,9.737960200623608,12
4109470,9.86140993759323,7
4109480,9.797130125233753,10
4109484,9.926915078465397,4
4109491,9.863316820475305,7
4109502,9.74877899445204,11
4109509,9.864231204328517,7
4109519,9.78538598004456,10
4109527,9.862849128903955,8
4109537,9.779649061330927,10
4109542,9.915184632189971,5
4109554,9.735044933013494,12
4109558,9.948250368449255,4
4109570,9.739789891833954,12
4109581,9.763327295521236,11
4109595,9.694674006439197,14
4109606,9.785265032224325,11
4109616,9.801080681786866,10
4109627,9.781101812005554,11
4109634,9.855484580651076,7
4109649,9.692364088718977,15
4109656,9.850839782693706,7
4109666,9.779052268548693,10
4109676,9.79093356818807,10
4109691,8.992020993634084,15
4109696,9.92278934234966,5
4109706,9.788597219261606,10
4109713,9.870034568810532,7
4109726,9.740569003600182,13
4109734,9.838456714364733,8
4109747,9.739995739884504,13
4109748,10.0,1
4109762,9.699052396059999,14
4109771,9.80245332441473,9
4109781,9.801080003135185,10
4109788,9.872333292965223,7
4109791,9.960215669534215,3
4109801,9.788825377457293,10
4109802,10.0,1
4109817,9.676719467983563,15
4109828,9.768103887536604,11
4109839,9.82274020650959,11
4109850,9.774672841451645,11
4109862,9.759413143470988,12
4109875,9.721999286227424,13
4109880,9.922476091689743,5
4109899,9.613323943501236,19
4109909,9.808440251812462,10
4109916,9.846630778343249,7
4109929,9.702638129741919,13
4109933,9.933910650161677,4
4109938,9.91120301292722,5
4109945,9.88611879747489,7
4109949,9.936308412902935,4
4109969,9.589750863513745,20
4109981,9.75401654847372,12
4109988,9.877779445078998,7
4110000,9.734766526890443,12
4110001,10.0,1
4110011,9.792572802535375,10
4110020,9.817575790519154,9
4110031,9.749630214012633,11
4110039,9.847354110453693,8
4110044,9.931472069320035,5
4110047,9.953239877397836,3
4110051,9.928435035020737,4
4110056,9.92172221928107,5
4110059,9.95778936770641,3
4110070,9.77140081169551,11
4110084,9.652887223357741,14
4110099,9.65904421455638,15
4110107,9.834903155930547,8
4110118,9.826997140901524,11
4110123,9.926017364113486,5
4110133,9.787411976098426,10
4110139,9.880408843932546,6
4110151,9.730072758880148,12
4110152,10.0,1
4110162,9.823242463199033,10
4110170,9.857292349020643,8
4110183,9.680224194925566,13
4110192,9.84722883093142,9
4110193,10.0,1
4110200,9.878323413706058,7
4110213,9.729760479647013,13
4110214,10.0,1
4110219,9.912841039245391,5
4110233,9.690351948094435,14
4110245,9.791907046941118,12
4110254,9.816157033363382,9
4110261,9.88379887780403,7
4110761,-47.38467987189228,500
4111261,-109.06980897616711,500
4111269,9.842052377836037,8
4111275,9.89856935729569,6
4111289,9.745462163353327,14
4111789,-39.52271878072089,500
4112289,-26.06663977865172,500
4112789,-184.7721180973165,500
4113289,-31.199772006682835,500
4113789,-54.303315416919105,500
4114289,-68.79649365383517,500
4114789,-17.464508886808026,500
4115289,-75.21116413634437,500
4115789,-92.80149065297111,500
4116289,-18.03588887325328,500
4116789,-32.413525019689125,500
4117289,-211.1013025253925,500
4117789,-211.9443886187227,500
4117800,9.766334887664827,11
4117807,9.85135149089174,7
4117808,10.0,1
4117826,9.683008915804145,18
4117829,9.955420517059478,3
4117833,9.948278834896438,4
4117836,9.965526603296523,3
4117837,10.0,1
4117849,9.73802451189186,12
4117856,9.868624642501597,7
4117859,9.860929653568887,3
4117866,9.852698131055579,7
4117874,9.831617292851982,8
4117883,9.827236407845374,9
4117892,9.823511485616274,9
4117901,9.823419204461906,9
4117902,10.0,1
4117904,9.977363559619725,2
4117909,9.925670219945264,5
4117921,9.52139554144357,12
4117931,9.791143453632051,10
4117936,9.908699297617746,5
4117945,9.833745595298792,9
4117953,9.865972587982997,8
4117969,9.624332131015194,16
4117980,9.758014370271828,11
4117985,9.900926499848953,5
4117986,10.0,1
4117989,9.950195808385267,3
4118000,9.729029681466558,11
4118007,9.874931239432282,7
4118016,9.82850815768148,9
4118024,9.845191980514006,8
4118037,9.68952156653023,13
4118044,9.873486288958148,7
4118050,9.801385726386165,6
4118060,9.812699284770284,10
4118070,9.69617376984355,10
4118078,9.833758249754126,8
4118087,9.845507924552313,9
4118088,10.0,1
4118099,9.755839398725419,11
4118105,9.8849846449702,6
4118113,9.64329644609702,8
4118124,9.780616009864607,11
4118132,9.847649412859534,8
4118136,9.930470339371517,4
4118137,10.0,1
4118148,9.764830110400544,11
4118155,9.86059785618814,7
4118165,9.790653442713827,10
4118169,9.939395333204299,4
4118182,9.714555556641143,13
4118192,9.780241406582013,10
4118193,10.0,1
4118205,9.736222187936022,12
4118209,9.938288614734294,4
4118219,9.785046408602023,10
4118227,9.834142890472927,8
4118234,9.865112920106412,7
4118247,9.735217604174636,13
4118257,9.75107048440039,10
4118262,9.91963466019241,5
4118274,9.77102620928187,12
4118278,9.943727288000701,4
4118292,9.715371315338768,14
4118304,9.732514930129108,12
4118308,9.936303866016244,4
4118320,9.762345972989849,12
4118336,9.636024946100404,16
4118351,9.650384349575049,15
4118352,9.996418655101149,1
4118356,9.941608480151753,4
4118368,9.735253071585126,12
4118376,9.828278758998158,8
4118383,9.879730272522636,7
4118387,9.930679254162053,4
4118404,9.636773682787938,17
4118409,9.916313880744157,5
4118421,9.7434897366529,12
4118435,9.716211034127133,14
4118448,9.746945249989317,13
4118460,9.797495370889784,12
4118467,9.867703556012492,7
4118476,9.810829499042185,9
4118485,9.620948344347777,9
4118498,9.74253013034174,13
4118511,9.73699242368975,13
4118517,9.911294896949126,6
4118525,9.843597063377691,8
4118535,9.80938615669135,10
4118547,9.738220164348187,12
4118548,10.0,1
4118561,9.729366203596358,13
4118563,9.967297493483786,2
4118574,9.768214590298404,11
4118584,9.79498587253117,10
4118587,9.965719138571888,3
4118596,9.828440481360339,9
4118606,9.775167059393713,10
4118622,9.639142954971868,16
4118629,9.854083555124019,7
4118639,9.807085080958277,10
4118648,9.807918997458499,9
4118654,9.886443058238893,6
4118666,9.782926941045293,12
4118678,9.74273898140008,12
4118685,9.889549306206016,7
4118696,9.756736131284047,11
4118699,9.959482742882843,3
4118712,9.719541535492455,13
4118713,10.0,1
4118718,9.81241588306691,5
4118724,9.893839431639687,6
4118733,9.827864573500207,9
4118743,9.789336546782522,10
4118751,9.837406693515467,8
4118768,9.599600581470701,17
4118777,9.823764084156677,9
4118778,10.0,1
4118791,9.692444135925928,13
4118798,9.85015063283223,7
4118801,9.963336084447793,3
4118815,9.693110220231302,14
4118829,9.693953822129327,14
4118845,9.692746377530424,16
4118850,9.92090570467648,5
4118851,10.0,1
4118863,9.76155353570337,12
4118872,9.817261511959222,9
4118882,9.799149493129791,10
4118890,9.845129941370994,8
4118897,9.856473236574987,7
4118903,9.894602623518633,6
4118912,9.806386078747565,9
4118916,9.932329817991494,4
4118922,9.894837238775427,6
4118928,9.890344956255275,6
4118939,9.790560373586493,11
4118940,10.0,1
4118951,9.78234126587668,11
4118959,9.85197962040771,8
4118964,9.918623369047644,5
4118972,9.860156498101517,8
4118973,10.0,1
4118986,9.736610282532602,13
4118995,9.813994131857594,9
4119000,9.9256640688089,5
4119014,9.70919841019496,14
4119018,9.947370734671756,4
4119019,10.0,1
4119026,9.859978471999138,7
4119044,9.603227934848652,18
4119051,9.896086625401233,7
4119052,10.0,1
4119067,9.67111937397533,15
4119071,9.932916156627996,4
4119086,9.70976598678629,15
4119087,10.0,1
4119093,9.894211183876187,6
4119108,9.450785136580688,15
4119119,9.759101960489202,11
4119129,9.60198726142764,10
4119132,9.959780272410656,3
4119133,10.0,1
4119136,9.957550901465293,3
4119139,9.962389760083846,3
4119144,9.910591323529388,5
4119151,9.854654887861589,7
4119161,9.772708328737393,10
4119162,10.0,1
4119163,10.0,1
4119173,9.793470253714407,10
4119187,9.693700233388476,14
4119195,9.84963738867476,8
4119196,10.0,1
4119197,10.0,1
4119212,9.630077336366538,15
4119213,10.0,1
4119230,9.608387012001872,17
4119234,9.93885656473676,4
4119239,9.915302660765581,5
4119244,9.906210412883338,5
4119253,9.80725403227203,9
4119262,9.826232317650652,9
4119269,9.872301289703293,7
4119270,10.0,1
4119281,9.7690575173092,11
4119290,9.834720350110754,9
4119305,9.658816008506653,15
4119313,9.82837621396227,8
4119333,9.5073572365167,20
4119341,9.863001077816866,8
4119358,9.618819903979167,17
4119367,9.830898186284855,9
4119379,9.742824779907812,12
4119383,9.941655053906556,4
4119391,9.859145885989651,8
4119405,9.683676174932035,14
4119407,9.982432207784544,2
4119410,9.967292062935883,3
4119426,9.685553791240407,16
4119435,9.812267076442403,9
4119446,9.768850685929777,11
4119472,9.453984180223456,26
4119484,9.756628649738131,12
4119496,9.76937365668244,12
4119501,9.928369623086798,5
4119517,9.66854605010275,16
4119524,9.876341980201959,7
4119531,9.893411410922528,7
4119532,9.989364761535136,1
4119540,9.815669423756878,8
4119549,9.815127235833982,9
4119561,9.772935321208765,12
4119569,9.840022876807408,8
4119579,9.825519473986802,10
4119591,9.760770397748336,12
4119606,9.65816906897391,15
4119613,9.879291962335657,7
4119623,9.816354011849759,10
4119633,9.783051657710619,10
4119639,9.884713065111367,6
4119645,9.904155179649102,6
4119651,9.92129870210749,6
4119656,9.920956807280398,5
4119659,9.961666257964685,3
4119664,9.917922566390672,5
4119665,10.0,1
4119671,9.882967722978274,6
4119673,9.979533531129759,2
4119680,9.87587365750345,7
4119685,9.92953023649506,5
4119695,9.611206571495241,10
4119707,9.735047668521256,12
4119713,9.894897327146097,6
4119719,9.882429165211416,6
4119729,9.773630780479085,10
4119737,9.837981855907492,8
4119744,9.868361036189325,7
4119752,9.852757207531912,8
4119756,9.930889768229767,4
4119765,9.79860436625342,9
4119774,9.82349043778083,9
4119788,9.704134789692855,14
4119789,10.0,1
4119793,9.946855366208347,4
4119794,10.0,1
4119811,9.64904069115053,17
4119814,9.964766019534823,3
4119823,9.62572870404102,9
4119834,9.782814457923694,11
4119846,9.739779208590905,12
4119852,9.900214140146817,6
4119859,9.875159123318968,7
4119867,9.83800367871718,8
4119877,9.794042448047175,10
4119881,9.94774898263828,4
4119883,9.971233231286568,2
4119889,9.916681900534257,6
4119906,9.57917378558903,17
4119917,9.766487943089968,11
4119930,9.70999201705683,13
4119938,9.876838908877488,8
4119945,9.875184017047946,7
4119962,9.593851753222719,17
4119981,9.564873774974322,19
4119982,10.0,1
4119986,9.942667398129219,4
4119990,9.928578192114594,4
4119992,9.979362775537432,2
4119993,10.0,1
4120008,9.64100054700414,15
4120015,9.854679589987617,7
4120029,9.717619976907566,14
4120035,9.91728619173494,6
4120037,9.985329959985707,2
4120045,9.839860507057377,8
4120051,9.90236247285496,6
4120054,9.944801434417414,3
4120055,10.0,1
4120065,9.779745871600586,10
4120079,9.714494241495682,14
4120090,9.762673338954412,11
4120103,9.720475990355038,13
4120104,10.0,1
4120109,9.919305540904672,5
4120114,9.924713304834906,5
4120123,9.79956936399839,9
4120125,9.977106516131393,2
4120132,9.871883918925088,7
4120139,9.845787604985327,7
4120150,9.801957327541599,11
4120158,9.838113961537767,8
4120169,9.783240859745087,11
4120184,9.749576100588115,15
4120189,9.914962546575424,5
4120192,9.960592062146707,3
4120205,9.743919788847398,13
4120210,9.918859261164497,5
4120220,9.773514123444418,10
4120232,9.739139532499824,12
4120237,9.912257017357096,5
4120238,10.0,1
4120249,9.790243153996457,11
4120257,9.837797192470562,8
4120268,9.789363297079268,11
4120283,9.713749153235588,15
4120294,9.568340794005776,11
4120302,9.842535571645682,8
4120309,9.882202278498546,7
4120320,9.737806778179614,11
4120325,9.920037826677284,5
4120335,9.81806193049218,10
4120347,9.719422097837999,12
4120351,9.94666296330006,4
4120358,9.872749592993056,7
4120366,9.863991082938762,8
4120372,9.809680760832341,6
4120382,9.788103844828674,10
4120387,9.920705815574339,5
4120394,9.87400869791908,7
4120395,10.0,1
4120396,10.0,1
4120403,9.851872686590907,7
4120414,9.789807520432355,11
4120426,9.747898281595695,12
4120436,9.782823721184899,10
4120445,9.829889575962095,9
4120456,9.75577268042457,11
4120472,9.612760562232332,16
4120479,9.915003068647747,7
4120491,9.753948042817917,12
4120492,10.0,1
4120498,9.888790636025776,6
4120503,9.916334273765226,5
4120511,9.839921248059024,8
4120520,9.808041265050015,9
4120524,9.934373110502992,4
4120532,9.848205922182682,8
4120540,9.845611228170217,8
4120548,9.850106349047774,8
4120565,9.599906213912224,17
4120570,9.9275166153956,5
4120578,9.881554362363133,8
4120579,9.990012938276857,1
4120586,9.86288190585803,7
4120600,9.681866287227114,14
4120613,9.713733239943497,13
4120625,9.742616311677562,12
4120635,9.834070791874455,10
4120646,9.749548607016463,11
4120659,9.740505387714895,13
4120689,9.442461332834185,30
4120696,9.892483590741971,7
4120708,9.734951450280159,12
4121208,-47.86158194511952,500
4121708,-35.26317935129879,500
4121709,10.0,1
4121712,9.95992388950833,3
4121716,9.942907093687303,4
4121721,9.91508790395622,5
4121732,9.807580141205596,11
4121734,9.977040743992164,2
4121740,9.873897657467998,6
4121756,9.652288198105747,16
4121767,9.812290182032847,11
4121778,9.718230747603826,11
4121785,9.872918634606352,7
4121794,9.802590108879105,9
4121804,9.776999518887672,10
4121817,9.740679108599481,13
4121823,9.886737083165094,6
4121826,9.951202940079117,3
4121833,9.86829861235692,7
4121844,9.754932725466428,11
4121846,9.97273458520704,2
4121855,9.828104113937457,9
4121861,9.89764262031574,6
4121869,9.840399025621188,8
4121885,9.642103515503,16
4121897,9.757487738419334,12
4121903,9.898547645582813,6
4121909,9.87013301927996,6
4121918,9.85171592791801,9
4121923,9.9089322705976,5
4121929,9.869945715881846,6
4121949,9.441865521038356,20
4121956,9.871917789418482,7
4121970,9.714079298668786,14
4121971,10.0,1
4121982,9.779458934343854,11
4121990,9.86227140856196,8
4121992,9.981341247525036,2
4121997,9.914398137301257,5
4122006,9.814899358102595,9
4122008,9.98294487425549,2
4122015,9.86526428025309,7
4122019,9.952076763304209,4
4122025,9.887009274169058,6
4122028,9.962326235181202,3
4122029,10.0,1
4122035,9.904698647428402,6
4122044,9.79117744531733,9
4122045,9.992810812579847,1
4122055,9.811982939064826,10
4122058,9.947298525714144,3
4122068,9.794042574860391,10
4122076,9.850080147842945,8
4122078,9.972241473398444,2
4122091,9.749872445804185,13
4122099,9.868236324799796,8
4122100,9.987900819646228,1
4122109,9.810963743123015,9
4122119,9.767467599795923,10
4122127,9.824829912101926,8
4122138,9.76192058257589,11
4122148,9.77736844932176,10
4122156,9.849266124745204,8
4122165,9.795747069688439,9
4122174,9.827959329010042,9
4122188,9.69085232078527,14
4122189,10.0,1
4122201,9.715799628240752,12
4122214,9.69914675038597,13
4122232,9.620719222330374,18
4122236,9.747245756038904,4
4122237,10.0,1
4122243,9.874093419820523,6
4122253,9.789868083127905,10
4122262,9.81734522490483,9
4122269,9.855165248470087,7
4122283,9.659703798390854,14
4122289,9.893526990621313,6
4122298,9.815684393670622,9
4122305,9.88068414859661,7
4122312,9.89297523942591,7
4122321,9.812998946283724,9
4122337,9.674022473701422,16
4122338,9.992511054878262,1
4122348,9.805996041182938,10
4122354,9.884455410705742,6
4122355,10.0,1
4122362,9.870005449443124,7
4122368,9.891955493179035,6
4122376,9.859781715954362,8
4122382,9.917034266301124,6
4122400,9.565927182460847,18
4122410,9.791126577032282,10
4122419,9.818154795941984,9
4122432,9.7211216875755,13
4122433,10.0,1
4122438,9.908529125130972,5
4122450,9.758898648765735,12
4122459,9.81281090292666,9
4122464,9.922345893071565,5
4122474,9.78081192235414,10
4122489,9.71387848357611,15
4122496,9.885608100411128,7
4122506,9.765053807741337,10
4122516,9.80006050610256,10
4122520,9.938022619006531,4
4122521,10.0,1
4122537,9.669030966350455,16
4122552,9.660883951848433,15
4122564,9.349199493141452,12
4122572,9.843346346448529,8
4122577,9.911221889562107,5
4122595,9.525753772830774,18
4122601,9.90038189320747,6
4122616,9.653424452021264,15
4122621,9.927948509555113,5
4122628,9.87187993587604,7
4122632,9.95339361499519,4
4122638,9.89152273877294,6
4122642,9.947279627773648,4
4122651,9.824700079899085,9
4122659,9.839882567069756,8
4122660,10.0,1
4122668,9.826518673070765,8
4122681,9.746247175139755,13
4122687,9.690684259692368,6
4122698,9.74698023760904,11
4122713,9.659854951878739,15
4122721,9.860634331744553,8
4122722,10.0,1
4122734,9.776243172239882,12
4122735,10.0,1
4122747,9.723448730417127,12
4122752,9.896772157957605,5
4122753,10.0,1
4122754,9.996671610873129,1
4122767,9.749482393461218,13
4122773,9.906355321859934,6
4122779,9.885997468802554,6
4122789,9.790371095703035,10
4122800,9.794854551396694,11
4122813,9.736075163939319,13
4122817,9.93633559419808,4
4122829,9.743224896087247,12
4122837,9.839732609139915,8
4122844,9.868848057712308,7
4122849,9.919746757338014,5
4122854,9.9272542749106,5
4122864,9.784258628636701,10
4122865,10.0,1
4122868,9.95106102766215,3
4122875,9.867652513873654,7
4122876,10.0,1
4122889,9.739040688247467,13
4122890,10.0,1
4122894,9.925652867707559,4
4122906,9.754283767328259,12
4122907,10.0,1
4122908,10.0,1
4122917,9.84681065265326,9
4122930,9.697776544919744,13
4122941,9.771173085452379,11
4122943,9.984699850436908,2
4122946,9.968468273259186,3
4122952,9.913011944963145,6
4122962,9.780180977644386,10
4122972,9.803819394568874,10
4122980,9.812883559638294,8
4122998,9.58693847983527,18
4123004,9.887778471996363,6
4123012,9.821766371620736,8
4123017,9.92371481998507,5
4123021,9.921819859464703,4
4123029,9.855514981510867,8
4123041,9.74536247623007,12
4123050,9.827525727510423,9
4123057,9.873142312548818,7
4123062,9.92305804864001,5
4123071,9.816911927388103,9
4123086,9.651688672199569,15
4123093,9.860884473355613,7
4123100,9.868433403737486,7
4123110,9.796784709677574,10
4123115,9.908658790005921,5
4123121,9.89748870995417,6
4123125,9.931860849582625,4
4123132,9.8564841206939,7
4123139,9.885873012948288,7
4123152,9.514918888563928,13
4123156,9.938135496618635,4
4123167,9.766198024808261,11
4123176,9.809859856343643,9
4123178,9.973067286153281,2
4123187,9.818748909042212,9
4123201,9.736550518448968,14
4123208,9.902910332280578,7
4123209,10.0,1
4123212,9.961641097393912,3
4123224,9.75056588945315,12
4123239,9.679322935745317,15
4123242,9.970048839067095,3
4123252,9.800770021757103,10
4123261,9.818379387163459,9
4123267,9.89010289836458,6
4123276,9.816682148137158,9
4123285,9.809328844478738,9
4123290,9.918377641596903,5
4123299,9.82932125348504,9
4123306,9.880223962164916,7
4123307,10.0,1
4123319,9.724117688012988,12
4123332,9.74005891808144,13
4123343,9.785260661000683,11
4123350,9.86600770936499,7
4123365,9.658250354641984,15
4123370,9.907577407034792,5
4123372,9.973740514949059,2
4123380,9.834454363042363,8
4123391,9.747240014682319,11
4123396,9.928145514940855,5
4123409,9.697612241529452,13
4123415,9.909250829069641,6
4123419,9.941389459889793,4
4123425,9.696824470151075,6
4123433,9.84533754687432,8
4123434,10.0,1
4123441,9.876409743683844,7
4123443,9.977489230174458,2
4123444,10.0,1
4123459,9.700163437322393,15
4123460,10.0,1
4123469,9.8300833853614,9
4123473,9.949450954945032,4
4123474,10.0,1
4123484,9.826452787778331,10
4123487,9.966086222256303,3
4123497,9.809353536800156,10
4123510,9.758574146801662,13
4123522,9.763290354125834,12
4123530,9.85551548886943,8
4123537,9.871349555279854,7
4123546,9.854893617566864,9
4123556,9.764344361987442,10
4123562,9.884645182597358,6
4123572,9.776078564651229,10
4123577,9.916320068123897,5
4123585,9.825624647712056,8
4123591,9.909873388296646,6
4123595,9.929633309001332,4
4123603,9.840871653124054,8
4123609,9.912325217865966,6
4123619,9.797268626609942,10
4123640,8.92148554225476,21
4123649,9.82240666126929,9
4123662,9.708450530008243,13
4123668,9.88540284055633,6
4123669,9.99646242288882,1
4123683,9.684104133862164,14
4123698,9.70485616971758,15
4123707,9.843689258655298,9
4124207,-201.6502198960324,500
4124218,9.766862881959495,11
4124227,9.637944093553541,9
4124228,10.0,1
4124239,9.768194717532143,11
4124250,9.679140183128755,11
4124262,9.750904822774425,12
4124270,9.840112048319623,8
4124275,9.900661597237292,5
4124280,9.91725068730685,5
4124287,9.8635916442364,7
4124296,9.824375855216264,9
4124297,10.0,1
4124313,9.683973419247206,16
4124315,9.979229399741492,2
4124318,9.953299524137543,3
4124329,9.776279959668212,11
4124341,9.731967384108806,12
4124349,9.847453031894991,8
4124357,9.833940121412054,8
4124365,9.85358113744605,8
4124375,9.790054148570771,10
4124386,9.752834369262843,11
4124388,9.974562546326705,2
4124403,9.579392073686023,15
4124404,9.988024767979734,1
4124405,10.0,1
4124414,9.813884849136532,9
4124421,9.859367692077315,7
4124422,10.0,1
4124431,9.79514569903406,9
4124435,9.92637259119999,4
4124441,9.898082950940932,6
4124450,9.829310010817487,9
4124461,9.757489053409966,11
4124473,9.7421933735389,12
4124484,9.80433056000935,11
4124485,10.0,1
4124486,9.996674221419545,1
4124493,9.872737487366694,7
4124500,9.87912894751071,7
4124508,9.856859650043454,8
4124518,9.788357618439427,10
4124529,9.783587253683022,11
4124530,9.989589399254928,1
4124536,9.91275397357871,6
4124537,10.0,1
4124546,9.811191278694585,9
4124549,9.956136651300525,3
4124552,9.959409789637924,3
4124558,9.885499687530332,6
4124567,9.833257178343505,9
4124569,9.976025209833551,2
4124577,9.836434405584704,8
4124578,10.0,1
4124586,9.852653844950037,8
4124589,9.965878530430947,3
4124590,10.0,1
4124595,9.912102530988042,5
4124599,9.933010477049418,4
4124614,9.648606453509363,15
4124625,9.747589561004316,11
4124632,9.8771880149066,7
4124642,9.795633754105587,10
4124646,9.927829856636892,4
4124656,9.791509254142495,10
4124668,9.747068123410266,12
4124678,9.776773331928963,10
4124688,9.80649820723304,10
4124701,9.734014852031253,13
4124702,10.0,1
4124715,9.73677543294546,13
4124728,9.720072425957152,13
4124741,9.749143067295755,13
4124755,9.705792229979105,14
4124766,9.782551267157544,11
4124777,9.760070178837202,11
4124784,9.873876622625692,7
4124790,9.897707335047897,6
4124796,9.877261765560613,6
4124805,9.810463724006034,9
4124812,9.870388895153141,7
4124816,9.92421341950657,4
4124823,9.865984444032833,7
4124833,9.788370386291202,10
4124849,9.534516359631198,16
4124857,9.846983822548125,8
4124867,9.78472835333531,10
4124875,9.862995478304548,8
4124888,9.684901307149008,13
4124891,9.962729629434678,3
4124900,9.810060373611236,9
4124907,9.873828159585548,7
4124908,9.987652554990397,1
4124923,9.634410395870153,15
4124928,9.918755635026285,5
4124931,9.967728694199007,3
4124947,9.652087869744445,16
4124965,9.664739303756589,18
4124971,9.898417573674273,6
4124989,9.550732902586276,18
4124997,9.840130097823153,8
4125001,9.945415503070397,4
4125007,9.892838827618464,6
4125024,9.595394399628754,17
4125035,9.734322141144622,11
4125041,9.91716650388945,6
4125051,9.784485723125485,10
4125061,9.769379751259216,10
4125069,9.871026794398867,8
4125076,9.876355459239635,7
4125085,9.797165551420537,9
4125094,9.860360825965978,9
4125101,9.870485073979193,7
4125109,9.818075945623297,8
4125120,9.803710511768163,11
4125129,9.833832655152207,9
4125138,9.82529396366553,9
4125148,9.70550640345698,10
4125151,9.951270871904544,3
4125152,10.0,1
4125162,9.782274423058059,10
4125173,9.7367824818272,11
4125183,9.796072837324646,10
4125196,9.755299944945403,13
4125200,9.931765724701512,4
4125204,9.936682091426002,4
4125215,9.762265146048945,11
4125231,9.620263640744245,16
4125234,9.970523392963234,3
4125243,9.822653814429781,9
4125256,9.734604899559372,13
4125264,9.856008071554111,8
4125277,9.515796689882913,13
4125283,9.877515830877757,6
4125284,10.0,1
4125293,9.815919608212493,9
4125303,9.79239511116749,10
4125313,9.784840256399793,10
4125326,9.73539421578311,13
4125329,9.96044584986584,3
4125335,9.882808280020715,6
4125351,9.666626673603067,16
4125357,9.908621062006294,6
4125365,9.848587626814613,8
4125377,9.761804704045096,12
4125379,9.973857227132862,2
4125384,9.927281138020293,5
4125393,9.810874305917093,9
4125404,9.75060582741919,11
4125405,10.0,1
4125408,9.954455379837487,3
4125417,9.832919496377487,9
4125421,9.942003873440418,4
4125427,9.879939315596998,6
4125440,9.783046026941193,13
4125442,9.97083994684437,2
4125446,9.936175003417034,4
4125454,9.837496717877716,8
4125468,9.678283762566116,14
4125475,9.861748880328204,7
4125481,9.885148989001435,6
4125482,10.0,1
4125495,9.692367610769555,13
4125502,9.880200187129862,7
4125506,9.954438954632169,4
4125521,9.681547634412375,15
4125525,9.938457931836584,4
4125531,9.888570287311826,6
4125532,10.0,1
4125542,9.819605615876698,10
4125555,9.713209045385621,13
4125560,9.913248912559252,5
4125576,9.614749235895838,16
4125581,9.906928604774643,5
4125589,9.826802742176678,8
4125603,9.722389303253715,14
4125617,9.7089581553853,14
4125621,9.936199852264227,4
4125637,9.669281331836348,16
4125650,9.717456265757423,13
4125651,9.99688864799263,1
4125659,9.858877510228217,8
4125661,9.97220281433262,2
4125678,9.652071986694175,17
4125685,9.879067166310634,7
4125688,9.957510695077877,3
4125693,9.930224180442167,5
4125696,9.960984096101585,3
4125713,9.587516969578854,17
4125723,9.77659562294339,10
4125742,9.53575634841388,19
4125753,9.792817636354869,11
4125758,9.9195812105671,5
4125764,9.896652619789695,6
4125778,9.6884417796514,14
4125784,9.878258674198415,6
4125790,9.9055584133942,6
4125795,9.918398428179968,5
4125804,9.81816429140892,9
4125810,9.906242019807104,6
4125821,9.747759569425956,11
4125822,10.0,1
4125828,9.603568552693837,6
4125832,9.948878684581153,4
4125835,9.958789586684848,3
4125849,9.674614765823776,14
4125857,9.840555349340606,8
4125866,9.801166639167405,9
4125868,9.97168089284672,2
4125873,9.925580598110418,5
4125886,9.728763874965981,13
4125897,9.786908284539546,11
4125905,9.851625832277888,8
4125911,9.909253818718959,6
4125913,9.986135316443681,2
4125926,9.73666920514063,13
4125936,9.796346085274804,10
4125948,9.739352157546952,12
4125949,9.996599573368654,1
4125955,9.924918245355823,6
4125967,9.754336304413153,12
4125976,9.818491822226436,9
4125977,10.0,1
4125986,9.697820432414785,9
4126000,9.692661261807181,14
4126001,10.0,1
4126020,9.505546118022398,19
4126023,9.952185272826158,3
4126037,9.675728609058947,14
4126043,9.88640357032765,6
4126049,9.693690156602967,6
4126063,9.65952906143219,14
4126064,9.992771932413797,1
4126071,9.877149827679963,7
4126081,9.79724809331832,10
4126086,9.913941520008994,5
4126092,9.881134022982847,6
4126104,9.742886950945728,12
4126111,9.888186623057758,7
4126118,9.872939223654125,7
4126125,9.864898245689904,7
4126129,9.93838212845152,4
4126138,9.823771044383788,9
4126145,9.88441353341752,7
4126155,9.826123754848522,10
4126168,9.702809926227918,13
4126171,9.955180085102217,3
4126181,9.806485494179237,10
4126185,9.941730866221501,4
4126192,9.840842299008964,7
4126208,9.652745719243546,16
4126216,9.824507171664075,8
4126229,9.729752287195192,13
4126243,9.66434873590596,14
4126248,9.91168537478577,5
4126249,9.996532050925843,1
4126256,9.877545532701932,7
4126264,9.860150940427307,8
4126265,10.0,1
4126277,9.736311726170161,12
4126284,9.867043247667956,7
4126290,9.906610110497443,6
4126302,9.721742476163607,12
4126303,10.0,1
4126304,10.0,1
4126305,10.0,1
4126309,9.936346506858747,4
4126312,9.961795315184474,3
4126320,9.860345982469727,8
4126330,9.79686119225329,10
4126331,10.0,1
4126334,9.965204448512084,3
4126335,10.0,1
4126343,9.82842313820483,8
4126349,9.892439279276605,6
4126353,9.932862935869814,4
4126361,9.820268343336503,8
4126366,9.906956606425803,5
4126372,9.902055253097679,6
4126381,9.816493322722902,9
4126382,10.0,1
4126387,9.906747747899493,5
4126397,9.771510409346847,10
4126404,9.864180641321674,7
4126409,9.907296925142985,5
4126413,9.938875316179663,4
4126418,9.908830440903495,5
4126419,10.0,1
4126429,9.672694705431628,10
4126433,9.93392329833238,4
4126440,9.875405101406912,7
4126449,9.83268222766284,9
4126454,9.917800067114374,5
4126463,9.78470177261114,9
4126475,9.731554723749465,12
4126480,9.92603833541736,5
4126488,9.64186941196123,8
4126498,9.798828369755615,10
4126508,9.78830042490224,10
4126519,9.772083545381067,11
4126527,9.865744602680593,8
4126540,9.719290434651851,13
4126544,9.925563721291384,4
4126554,9.793491348157007,10
4126565,9.775956873009902,11
4126574,9.819412892604037,9
4126586,9.762388357400125,12
4126593,9.878713709934258,7
4126603,9.776073916217483,10
4126610,9.867029676654823,7
4126613,9.965617491388754,3
4126623,9.83098849684811,10
4126637,9.689453846694567,14
4126645,9.835316290332832,8
4126654,9.799004932838983,9
4126664,9.813410871304562,10
4126670,9.892531243881681,6
4126680,9.791937358282672,10
4126695,7.715683134677503,15
4126707,9.755668586347019,12
4126716,9.812981999247913,9
4126717,10.0,1
4126728,9.749273069117644,11
4126736,9.827440596183337,8
4126750,9.681456732224206,14
4126757,9.866435323849283,7
4126789,9.122086095365267,32
4126800,9.754880561539897,11
4126803,9.953181931186348,3
4126808,9.924741506753685,5
4126825,9.58095016703896,17
4126836,9.803642511834184,11
4126849,9.696359811072814,13
4126854,9.925484768979306,5
4126873,9.560791534717467,19
4126882,9.828103124770937,9
4126883,10.0,1
4126884,9.99238783489631,1
4126897,9.697314901302015,13
4126905,9.852878066020223,8
4126914,9.799966454919975,9
4126925,9.673575273289144,11
4126938,9.68706132848748,13
4126948,9.688107631248728,10
4126950,9.97304016341683,2
4126961,9.764446424946243,11
4126972,9.645472226015738,11
4126977,9.93972057013068,5
4126985,9.848726086907089,8
4126991,9.887085945540925,6
4126998,9.866984962520057,7
4127007,9.843412374551185,9
4127013,9.897435062639596,6
4127026,9.704778963246984,13
4127041,9.691246047016831,15
4127042,10.0,1
4127045,9.963274657071413,3
4127053,9.837643118510025,8
4127061,9.859830850130667,8
4127072,9.762958171839788,11
4127084,9.739227489121129,12
4127089,9.92539745547515,5
4127098,9.861634134992249,9
4127099,10.0,1
4127108,9.804556125170253,9
4127118,9.813206037569552,10
4127128,9.798330408844395,10
4127135,9.861605532581251,7
4127144,9.831561365494899,9
4127156,9.734516004977168,12
4127158,9.977685031357456,2
4127167,9.791166108326083,9
4127176,9.809617953273944,9
4127183,9.79331795448343,7
4127189,9.87392310073878,6
4127198,9.831451941800267,9
4127208,9.792089384815107,10
4127211,9.969430337754307,3
4127222,9.78871328136796,11
4127233,9.737047637084482,11
4127243,9.789919992900689,10
4127258,9.392450475815432,15
4127269,9.822956857714768,11
4127277,9.836955829066167,8
4127286,9.820988011462177,9
4127298,9.733612144431598,12
4127310,9.700064683854073,12
4127317,9.891403667809408,7
4127329,9.750480977030676,12
4127340,9.8165825947989,11
4127354,9.68991872457371,14
4127364,9.775183071484596,10
4127379,9.557520942528036,15
4127380,10.0,1
4127393,9.772980317075323,13
4127400,9.874096553421657,7
4127412,9.743073775796105,12
4127418,9.893092025861302,6
4127427,9.803018767755178,9
4127440,9.716915221329659,13
4127444,9.94562125246536,4
4127455,9.778008982903625,11
4127464,9.807949964952424,9
4127465,10.0,1
4127467,9.970750703677858,2
4127469,9.984894021040379,2
4127484,9.683844107290808,15
4127492,9.845287189753863,8
4127532,6.679898457612435,40
4127534,9.968878195656359,2
4127546,9.610459795827582,12
4127560,9.708107412706457,14
4127567,9.874787010784448,7
4127570,9.946629200367616,3
4127575,9.900410261397809,5
4127583,9.855288039654436,8
4127592,9.801780179606904,9
4127603,9.75699077735729,11
4127604,10.0,1
4127607,9.950183929578301,3
4127617,9.779503703190523,10
4127624,9.862722414278862,7
4127637,9.70214645766635,13
4127643,9.901418708535644,6
4127649,9.887109429062303,6
4127651,9.9785282210403,2
4127662,9.752474440387374,11
4127675,9.744102450604382,13
4127685,9.7738926814938,10
4127696,9.751701943541258,11
4127699,9.95442623735979,3
4127703,9.944816659283154,4
4127718,9.654133752928356,15
4127720,9.981344581553945,2
4127730,9.771090606766956,10
4127735,9.907437175716483,5
4127745,9.803474368982732,10
4127750,9.923497732783856,5
4127751,10.0,1
4127764,9.602985726423556,13
4127771,9.878530587642482,7
4127790,9.565301933765717,19
4127801,9.764110850261444,11
4127802,9.992969412059503,1
4127803,10.0,1
4127818,9.693397297228305,15
4127833,9.662426314637603,15
4127843,9.763673281532816,10
4127853,9.771241780327571,10
4127866,9.713461523240378,13
4127874,9.830523030986209,8
4127883,9.51258950506228,9
4127892,9.825623799148246,9
4127903,9.765590041845284,11
4127904,10.0,1
4127909,9.92191519240782,5
4127914,9.92506152849121,5
4127922,9.849938543855599,8
4127938,9.635839102350854,16
4127944,9.897443707664133,6
4127953,9.691561672670806,9
4127954,10.0,1
4127959,9.92252283454834,5
4127972,9.62535901683677,13
4127979,9.867869827039092,7
4127991,9.75704123528026,12
4127998,9.868851323624536,7
4128005,9.86642682244406,7
4128022,9.609470672004383,17
4128039,9.657184945063742,17
4128047,9.835896943038556,8
4128050,9.952339607960667,3
4128051,10.0,1
4128056,9.922096719756953,5
4128063,9.87372860755395,7
4128075,9.714453836805191,12
4128084,9.81340261397965,9
4128094,9.808222657927066,10
4128106,9.730278553573802,12
4128112,9.881364420464362,6
4128118,9.911793953403501,6
4128163,-4.251822639443027,45
4128175,9.7406274291246,12
4128176,10.0,1
4128180,9.94733970084861,4
4128187,9.893320281482234,7
4128193,9.893512518611647,6
4128199,9.919624084154435,6
4128200,9.993049017671623,1
4128213,9.715580125323594,13
4128228,9.655834069848495,15
4128238,9.787870181564777,10
4128248,9.788580038366248,10
4128249,10.0,1
4128252,9.947986515215675,3
4128256,9.935933431111886,4
4128262,9.901923375011076,6
4128269,9.861438259476357,7
4128276,9.868268146504624,7
4128293,9.729770878341814,17
4128299,9.883163513306593,6
4128309,9.774449083810358,10
4128320,9.739431511417534,11
4128325,9.92471266097176,5
4128336,9.750184128508266,11
4128337,10.0,1
4128351,9.717092383205797,14
4128352,10.0,1
4128359,9.877265979700017,7
4128372,9.720200514787143,13
4128373,10.0,1
4128377,9.942714724511138,4
4128381,9.942184235839132,4
4128387,9.892639989618324,6
4128396,9.796975498129779,9
4128397,10.0,1
4128406,9.8124382828093,9
4128417,9.768331327721729,11
4128431,9.675740796253704,14
4128442,9.77278000094099,11
4128445,9.96642874369129,3
4128446,10.0,1
4128453,9.887423375162587,7
4128463,9.779280614813862,10
4128464,10.0,1
4128472,9.830620600534743,8
4128480,9.838302935365727,8
4128501,9.406066147700939,21
4128511,9.800857364282297,10
4128516,9.925283382981965,5
4128529,9.683030430452792,13
4128533,9.939623079411911,4
4128540,9.856723868054594,7
4128548,9.820972952140929,8
4128559,9.748433614230168,11
4128569,9.58587169841341,10
4128575,9.896806776181613,6
4128587,9.495710596077199,12
4128601,9.698385410897503,14
4128606,9.92838994495131,5
4128614,9.8484532274521,8
4128626,9.660531300129955,12
4128639,9.69734065379369,13
4128649,9.776729827033005,10
4128657,9.832544783633622,8
4128662,9.913795453370314,5
4128671,9.808877685571018,9
4128678,9.881146641683793,7
4128692,9.722429777025717,14
4128700,9.84705197448587,8
4128715,9.665062876688557,15
4128716,9.989359193241688,1
4128730,9.699909578657039,14
4128740,9.80774567473337,10
4128755,9.637749013151675,15
4128767,9.729026969492274,12
4128768,10.0,1
4128779,9.796056811086167,11
4128790,9.760909636749851,11
4128807,9.619413950545821,17
4128813,9.912347425434357,6
4128821,9.857596255454723,8
4128825,9.94802420036954,4
4128835,9.775579633333535,10
4128841,9.872221894932677,6
4128852,9.764980706700712,11
4128864,9.712340036406612,12
4128876,9.726153050572622,12
4128879,9.968492958236837,3
4128893,9.693519257048683,14
4128901,9.838860756233979,8
4128903,9.978033702313148,2
4128916,9.710468502329366,13
4128925,9.833609441296604,9
4128936,9.754419383951271,11
4128944,9.826131399152644,8
4128955,9.746190089243214,11
4128956,10.0,1
4128957,10.0,1
4128968,9.749699736125647,11
4128975,9.850026009334481,7
4128988,9.70477793751158,13
4128992,9.942683764526413,4
4128997,9.91735182771124,5
4129004,9.865696510769359,7
4129007,9.968502124965418,3
4129015,9.852673945450375,8
4129018,9.961516027688889,3
4129032,9.680471031609908,14
4129033,10.0,1
4129042,9.803559836125642,9
4129050,9.831139990732172,8
4129059,9.835385011996427,9
4129063,9.941913216047036,4
4129068,9.925572128696242,5
4129072,9.950712314273733,4
4129088,9.661460771617316,16
4129099,9.81464012482022,11
4129113,9.678056030703779,14
4129123,9.80152470618517,10
4129135,9.777010295153623,12
4129142,9.871183390362594,7
4129150,9.826360377180524,8
4129161,9.76402990468379,11
4129170,9.831828954336975,9
4129179,9.805232071870998,9
4129182,9.96611577936962,3
4129192,9.789397648596713,10
4129198,9.884228370817226,6
4129204,9.89362347401004,6
4129225,9.575441278685396,21
4129226,10.0,1
4129231,9.911472366572058,5
4129242,9.771808975522024,11
4129248,9.896918657041523,6
4129263,9.669035125884959,15
4129274,9.796285204042649,11
4129286,9.786751535674629,12
4129287,9.99672101988433,1
4129296,9.820375713867376,9
4129306,9.791469486494721,10
4129312,9.902817207387544,6
4129321,9.829250950788266,9
4129324,9.960070988879046,3
4129341,9.480987377830722,17
4129352,9.58280177213979,11
4129366,9.683994129979734,14
4129367,9.989183241399411,1
4129378,9.777881826132203,11
4129384,9.906988855558682,6
4129391,9.888176789858434,7
4129403,9.748738402119248,12
4129417,9.699944278523782,14
4129423,9.87966598437223,6
4129436,9.733594302863336,13
4129442,9.90200843534647,6
4129455,9.682286718893916,13
4129471,9.643389450211851,16
4129484,9.502702350968027,13
4129494,9.806611526615093,10
4129502,9.861924380857122,8
4129508,9.921976575863978,6
4129511,9.95334778637323,3
4129517,9.87700701982429,6
4129519,9.87391255198976,2
4129528,9.835538350606278,9
4129535,9.882724395547761,7
4129541,9.894920533846873,6
4129548,9.85873871030419,7
4129556,9.862994055326975,8
4129559,9.946086730249112,3
4129570,9.777940874695746,11
4129583,9.70344505494851,13
4129586,9.947823459260167,3
4129593,9.8569865776648,7
4129598,9.931362561653401,5
4129606,9.638093866403699,8
4129611,9.902875928672835,5
4129614,9.959400775637187,3
4129630,9.64852287204999,16
4129635,9.9055255514759,5
4129641,9.888500162101886,6
4129645,9.94348842546246,4
4129656,9.72246498221605,11
4129667,9.763815601882833,11
4129668,10.0,1
4129684,8.892192514748992,16
4129687,9.94664343630549,3
4129690,9.950484134419986,3
4129695,9.911063105093257,5
4129703,9.845520500108542,8
4129714,9.755122655001339,11
4129724,9.604318205907301,10
4129725,10.0,1
4129738,9.73013924746031,13
4129747,9.830452857195745,9
4129748,10.0,1
4129753,9.921941241919598,5
4129759,9.921406437066429,6
4129773,9.697881041205179,14
4129782,9.796134830860789,9
4129784,9.982843532953227,2
4129799,9.685926786845533,15
4129809,9.797254410776958,10
4129819,9.786314601695139,10
4129830,9.784453596786884,11
4129838,9.83060064417498,8
4129839,10.0,1
4129848,9.823691135152158,9
4129860,9.744673333076307,12
4129870,9.783666110849742,10
4129880,9.697719657575151,10
4129894,9.77046917062468,14
4129902,9.840726342499337,8
4129908,9.879781572146888,6
4129923,9.65815037922535,15
4129930,9.868068997427294,7
4129942,9.78020341458513,12
4129943,10.0,1
4129947,9.95006509137539,4
4129960,9.715995840819861,13
4129973,9.738064294342442,13
4129983,9.779618042411355,10
4129989,9.879454898078965,6
4130000,9.739543331444645,11
4130009,9.809732419346691,9
4130017,9.834803211095437,8
4130020,9.963351120334128,3
4130024,9.941107450392666,4
4130037,9.708002715481253,13
4130046,9.815690436145392,9
4130052,9.892810264961975,6
4130063,9.771004938840743,11
4130073,9.800475427036076,10
4130078,9.920462074150224,5
4130085,9.786282984230095,7
4130093,9.830339494311245,8
4130099,9.881765074732893,6
4130103,9.933628198378274,4
4130115,9.746897677952587,12
4130123,9.850260615729745,8
4130131,9.822223740482377,8
4130141,9.815381851400804,10
4130148,9.861787439262885,7
4130157,9.830810892590378,9
4130161,9.943422429020137,4
4130169,9.82996866799684,8
4130178,9.825350475488825,9
4130181,9.956457069303202,3
4130187,9.88322197086275,6
4130195,9.845181528278584,8
4130204,9.83467826066191,9
4130215,9.771135972234049,11
4130219,9.93385328071777,4
4130224,9.89725961818683,5
4130229,9.936141971930985,5
4130240,9.76640299395749,11
4130244,9.943914826563642,4
4130256,9.748921362392545,12
4130259,9.959035435773314,3
4130269,9.790378985679872,10
4130279,9.692148111135868,10
4130290,9.773984909440648,11
4130307,9.589258844156781,17
4130316,9.852955792325039,9
4130322,9.876020778946096,6
4130324,9.979946263691653,2
4130333,9.81893108412569,9
4130347,9.70041388093997,14
4130355,9.850466632990408,8
4130362,9.871737468936667,7
4130379,9.385188094347106,17
4130380,10.0,1
4130402,9.547565291917442,22
4130415,9.71294842308036,13
4130419,9.944370304018909,4
4130426,9.872131765490433,7
4130437,9.75989949861226,11
4130442,9.919756913412744,5
4130449,9.860580950677958,7
4130457,9.87214867784371,8
4130468,9.802882786179259,11
4130481,9.741228863634888,13
4130485,9.947732951889728,4
4130488,9.954207286140077,3
4130501,9.709670998153618,13
4130513,9.721120799712756,12
4130525,9.699098755777088,12
4130536,9.779028719674562,11
4130537,10.0,1
4130543,9.883513402913113,6
4130550,9.86022931102617,7
4130551,10.0,1
4130552,10.0,1
4130563,9.740682455115612,11
4130567,9.94316819485346,4
4130568,10.0,1
4130578,9.799120861965102,10
4130586,9.847908008891295,8
4130595,9.835791324210195,9
4130608,9.754454023573372,13
4130623,9.671336632184298,15
4130636,9.728256708879972,13
4130641,9.92427669827082,5
4130651,9.7853220048657,10
4130656,9.909858768293018,5
4130661,9.90463817320379,5
4130668,9.859259692956556,7
4130676,9.840947184040282,8
4130687,9.774914911031763,11
4130698,9.756318003647547,11
4130713,9.692039022520037,15
4130719,9.896042533437756,6
4130736,9.648012807121363,17
4130741,9.93183187930653,5
4130752,9.772418344471854,11
4130753,10.0,1
4130754,9.989633047300602,1
4130760,9.886996015518175,6
4130767,9.857340993883557,7
4130775,9.816736388910403,8
4130786,9.772359734066065,11
4130797,9.74613646727548,11
4130805,9.867315150015926,8
4130806,9.996654346240424,1
4130807,10.0,1
4130810,9.947831726964859,3
4130821,9.798597589792482,11
4130831,9.789385083304808,10
4130837,9.913458440308329,6
4130844,9.864899283531818,7
4130856,9.735113662926233,12
4130862,9.891354463634393,6
4130872,9.851240667187428,10
4130886,9.73990270331118,14
4130904,9.568156217108502,18
4130913,9.802963896134965,9
4130927,9.693454974458911,14
4130931,9.944440172064615,4
4130932,10.0,1
4130940,9.863957547941613,8
4130943,9.966291499138274,3
4130948,9.905848265246554,5
4130960,9.733033703690971,12
4130968,9.432938737025681,8
4130975,9.842364336681163,7
4130984,9.821147530572825,9
4130985,10.0,1
4130998,9.74430691015998,13
4131009,9.742864606691919,11
4131014,9.935565438859514,5
4131015,10.0,1
4131025,9.812297287066423,10
4131033,9.85463588738073,8
4131035,9.976760879096615,2
4131041,9.89447884445773,6
4131043,9.97552622657011,2
4131052,9.813682700170398,9
4131064,9.74614246464272,12
4131070,9.887041544395387,6
4131077,9.846933992536634,7
4131078,9.98796103015411,1
4131104,8.670719251851931,26
4131106,9.969751767330555,2
4131112,9.889822552440231,6
4131118,9.889766615293095,6
4131121,9.966199632098922,3
4131123,9.973174141038944,2
4131129,9.887194486879961,6
4131130,10.0,1
4131150,9.515183488431436,20
4131156,9.88569363317694,6
4131165,9.788576097160286,9
4131171,9.910757940794237,6
4131180,9.810501288411524,9
4131186,9.887554010803758,6
4131195,9.803810458232348,9
4131204,9.808569071557168,9
4131219,9.702015335150007,15
4131221,9.971690828419762,2
4131230,9.823138982801831,9
4131240,9.769408651660473,10
4131241,10.0,1
4131246,9.908523831192447,5
4131259,9.721766481147327,13
4131271,9.76716896870205,12
4131279,9.874021062189218,8
4131285,9.90588625920665,6
4131292,9.865057086990253,7
4131299,9.885082830798378,7
4131310,9.750983611351032,11
4131316,9.88247930779743,6
4131333,9.60299717463061,17
4131342,9.834662941238717,9
4131354,9.761336488928437,12
4131376,9.5009801742696,22
4131389,9.76568572130426,13
4131394,9.924454979044251,5
4131413,9.567954198164141,19
4131419,9.883023899963506,6
4131430,9.764421001963724,11
4131445,9.686072931662775,15
4131446,10.0,1
4131452,9.909766798466364,6
4131462,9.795423930500421,10
4131473,9.795231067950597,11
4131485,9.74240720728565,12
4131489,9.939276862611614,4
4131495,9.898855797614042,6
4131496,10.0,1
4131504,9.86603624802628,8
4131525,8.059370775053665,21
4131533,9.832836580911245,8
4131538,9.931819957493401,5
4131547,9.826314951957906,9
4131554,9.88417467574066,7
4131568,9.667511766282017,14
4131579,9.771887290142175,11
4131587,9.840141894418931,8
4131596,9.807163966428943,9
4131604,9.832706264666003,8
4131615,9.744761225741492,11
4131616,10.0,1
4131619,9.969882397909748,3
4131633,9.698294056696124,14
4131640,9.87424369980363,7
4131648,9.857912891076165,8
4131653,9.910389017824238,5
4131659,9.903966289198577,6
4131673,9.688756188709043,14
4131680,9.892760604148076,7
4131693,9.710910129560215,13
4131702,9.810249251026848,9
4131707,9.924433867986385,5
4131708,10.0,1
4131711,9.969477544368065,3
4131719,9.843734372825303,8
4131731,9.764990357622205,12
4131736,9.933346717974135,5
4131746,9.847508569136314,10
4131756,9.777131210103938,10
4131766,9.77119114300219,10
4131776,9.679406831273763,10
4131783,9.870115933602168,7
4131786,9.957581250525042,3
4131790,9.948987582581696,4
4131800,9.773467303404235,10
4131801,10.0,1
4131805,9.938753870986908,4
4131812,9.871934282432871,7
4131816,9.944810845917882,4
4131817,10.0,1
4131830,9.729876488816558,13
4131844,9.685946264147939,14
4131849,9.919988294664334,5
4131850,9.993564405434833,1
4131862,9.778973443450933,12
4131867,9.610990809984715,5
4131876,9.814576115375287,9
4131885,9.799496583111871,9
4131892,9.675379973075,7
4131896,9.937609611824952,4
4131908,9.747112970893491,12
4131917,9.83151510534809,9
4131926,9.795384254427303,9
4131931,9.909068263638483,5
4131938,9.855315981000528,7
4131939,10.0,1
4131943,9.929551789683574,4
4131952,9.819574986136896,9
4131962,9.810308940802246,10
4131968,9.902678049641231,6
4131979,9.763913829947457,11
4131991,9.748933604100438,12
4132005,9.71723717187355,14
4132015,9.80440650852247,10
4132024,9.819037021495546,9
4132038,9.666654991879502,14
4132050,9.766970772212133,12
4132051,10.0,1
4132063,9.721363877870786,12
4132069,9.880511809092413,6
4132075,9.90687059019395,6
4132080,9.923816464653608,5
4132091,9.764950113086673,11
4132103,9.756365793732083,12
4132107,9.938797459939385,4
4132115,9.8354844895231,8
4132116,10.0,1
4132125,9.846613981872553,9
4132132,9.882534291263937,7
4132142,9.780170762307053,10
4132144,9.976433392694926,2
4132155,9.75903159142661,11
4132160,9.91028762090151,5
4132173,9.689430035007412,13
4132190,9.673663195454663,17
4132207,9.612604702832812,17
4132214,9.860565754773607,7
4132230,8.687024085211238,16
4132241,9.379655409758861,11
4132248,9.853726249352093,7
4132253,9.925488453080765,5
4132264,9.765652134521812,11
4132280,9.60957672244529,16
4132282,9.976725977327712,2
4132292,9.773716673271453,10
4132303,9.771640713989019,11
4132313,9.77330584686677,10
4132318,9.909447173627667,5
4132322,9.937514868772183,4
4132339,9.66242817282478,17
4132345,9.88339638089229,6
4132363,9.487824973630769,18
4132373,9.681165428812943,10
4132380,9.862071158858315,7
4132385,9.912611177020342,5
4132393,9.835545576898948,8
4132401,9.826925937673417,8
4132405,9.946054531103961,4
4132409,9.931923920022589,4
4132421,9.72963086748381,12
4132437,9.618441000770332,16
4132444,9.854439575179804,7
4132461,9.59985652586522,17
4132463,9.975183686603053,2
4132474,9.771619430993201,11
4132480,9.905807215404831,6
4132488,9.64468103343056,8
4132500,9.736069145230644,12
4132510,9.795512553333111,10
4132517,9.846634087808933,7
4132534,9.709731406614397,17
4132544,9.786015265155104,10
4132558,9.679551504758171,14
4132570,9.759388997798123,12
4132582,9.726339555373308,12
4132593,9.765106124702207,11
4132599,9.889240861970213,6
4132606,9.872585313110221,7
4132616,9.792673286268489,10
4132626,9.802081366400767,10
4132636,9.794399045151254,10
4132642,9.885952264736533,6
4132643,10.0,1
4132652,9.821505034500543,9
4132653,10.0,1
4132664,9.755674404701054,11
4132672,9.857408075805512,8
4132679,9.877227513659356,7
4132684,9.917954675971833,5
4132700,9.671697679089634,16
4132722,9.503610689889452,22
4132733,9.75853972423185,11
4132738,9.905339153787034,5
4132745,9.875501271569586,7
4132757,9.741188714413882,12
4132775,9.61279916089537,18
4132778,9.9523197733236,3
4132790,9.748467192689441,12
4132792,9.98513722808761,2
4132798,9.897232160365313,6
4132806,9.862245969043958,8
4132814,9.857033989049274,8
4132823,9.810090490514574,9
4132840,9.616563235352983,17
4132853,9.70503826670084,13
4132862,9.81588724092527,9
4132865,9.95766761102584,3
4132879,9.680042285274599,14
4132888,9.800034328537388,9
4132898,9.802482064878678,10
4132902,9.940282693650262,4
4132919,9.611691311470826,17
4132928,9.817741630812185,9
4132941,9.72370819156248,13
4132946,9.907632956043324,5
4132955,9.805854856848184,9
4132961,9.880532724676504,6
4132976,9.64528705729348,15
4132989,9.693029286032951,13
4133011,9.379996071686707,22
4133022,9.774242471032066,11
4133029,9.87770652049468,7
4133045,9.25554444604732,16
4133046,10.0,1
4133060,9.664342806895569,14
4133069,9.803188746957886,9
4133077,9.848817139236225,8
4133088,9.756793360372644,11
4133092,9.62977135928589,4
4133100,9.84802278469649,8
4133105,9.902650396127315,5
4133115,9.794414500240372,10
4133131,9.652101450526173,16
4133140,9.82171343730728,9
4133153,9.728115555813753,13
4133165,9.733566646702583,12
4133172,9.878019314701081,7
4133184,9.760051005057779,12
4133186,9.972889305006104,2
4133194,9.840111801881452,8
4133213,9.527650493669904,19
4133228,9.648607016501641,15
4133238,9.817651018272777,10
4133246,9.821278696487468,8
4133255,9.814197981401724,9
4133260,9.92419893255618,5
4133276,9.634767543535139,16
4133279,9.761906834448503,3
4133288,9.814114801790755,9
4133305,9.610406487425028,17
4133314,9.801765152965523,9
4133319,9.916566556086165,5
4133333,9.689545549682997,14
4133345,9.73434658971455,12
4133358,9.628667163330967,13
4133366,9.846592878877631,8
4133367,9.988159091548654,1
4133375,9.849320907390155,8
4133376,10.0,1
4133387,9.742765762610237,11
4133388,10.0,1
4133399,9.788118441487187,11
4133400,10.0,1
4133405,9.924888539727492,5
4133408,9.96269351546056,3
4133410,9.971200533336939,2
4133422,9.746025378754794,12
4133426,9.942163866793772,4
4133429,9.950470430120173,3
4133436,9.84747016776974,7
4133442,9.89847305058176,6
4133452,9.792470933999395,10
4133457,9.922444087152305,5
4133463,9.90778467488128,6
4133464,9.989735613924953,1
4133478,9.740451139711732,14
4133486,9.835408493141458,8
4133501,9.275036679086556,15
4133508,9.859633225977646,7
4133512,9.932810230209494,4
4133525,9.717049897340855,13
4133526,10.0,1
4133535,9.824236315815366,9
4133548,9.723945254322121,13
4133560,9.712428709772285,12
4133575,9.62402674985132,15
4133577,9.96627107299754,2
4133587,9.7954362202638,10
4133589,9.978207353248099,2
4133594,9.907755167314532,5
4133603,9.802745192147192,9
4133609,9.88998118459832,6
4133622,9.705589291360056,13
4133632,9.607666057127052,10
4133638,9.88876863869548,6
4133641,9.9566124177131,3
4133646,9.9172277977726,5
4133650,9.940119936781578,4
4133653,9.95338418023771,3
4133654,10.0,1
4133657,9.968661172432402,3
4133658,10.0,1
4133675,9.606153210982852,17
4133677,9.98512446596856,2
4133679,9.969986258219055,2
4133684,9.907172713270018,5
4133687,9.954535084335955,3
4133697,9.794954999777435,10
4133704,9.877829654277374,7
4133714,9.796543039432898,10
4133723,9.846207416829373,9
4133731,9.755072827342458,8
4133745,9.595703647972186,14
4133758,9.701380101686418,13
4133767,9.343781509999245,9
4133770,9.961318359454488,3
4133772,9.978455823663731,2
4133773,10.0,1
4133788,9.689158530360862,15
4133802,9.699693264011632,14
4133817,9.710781914385574,15
4133822,9.925901094465274,5
4133828,9.89336524564058,6
4133840,9.747657387922787,12
4133846,9.90208989950107,6
4133859,9.787310460003965,13
4133864,9.925349687841067,5
4133872,9.844056939794557,8
4133892,9.560770816568178,20
4133897,9.92331634819924,5
4133907,9.769175136218065,10
4133916,9.831037209358643,9
4133922,9.898551205130635,6
4133931,9.791741048471984,9
4133940,9.815252538485401,9
4133947,9.84996399976276,7
4133951,9.93714701239733,4
4133962,9.786041081549403,11
4133968,9.892731129681835,6
4133983,9.67533259796877,15
4133986,9.966766083571013,3
4134005,9.549242650114763,19
4134006,10.0,1
4134010,9.933030351741692,4
4134017,9.85678807797722,7
4134029,9.729350971257588,12
4134039,9.804303744947745,10
4134045,9.902038174049622,6
4134051,9.89203117867841,6
4134058,9.85568481647479,7
4134065,9.895215336098975,7
4134069,9.929949083036826,4
4134070,10.0,1
4134092,9.495980767057432,22
4134103,9.742111188275025,11
4134115,9.754639926232844,12
4134122,9.878124894462221,7
4134129,9.8637302507627,7
4134143,9.700217014429558,14
4134150,9.883607993155708,7
4134164,9.694984156465178,14
4134171,9.87454318178424,7
4134177,9.900399668730055,6
4134181,9.938887673781467,4
4134185,9.954737755340235,4
4134192,9.876485444756522,7
4134195,9.951941295351443,3
4134207,9.73777376727075,12
4134213,9.872603140493409,6
4134217,9.939830148610628,4
4134218,10.0,1
4134227,9.819004522664637,9
4134239,9.74310602826876,12
4134258,9.569361410398189,19
4134272,9.682775941846929,14
4134280,9.839338283824812,8
4134287,9.8712332396333,7
4134291,9.926160013743266,4
4134306,9.663570656578619,15
4134315,9.806173315914721,9
4134323,9.850377604069415,8
4134326,9.964519600305678,3
4134332,9.893799311076263,6
4134343,9.796524767372604,11
4134351,9.843373908468545,8
4134372,9.489272934195702,21
4134381,9.834970145935799,9
4134391,9.772100330459072,10
4134400,9.798882390767853,9
4134411,9.80177175548665,11
4134421,9.792117841897463,10
4134431,9.784826687819201,10
4134442,9.660096416734588,11
4134446,9.934638294822472,4
4134463,9.685626544824483,17
4134470,9.868082483354666,7
4134478,9.83785414306513,8
4134490,9.771673402239236,12
4134491,10.0,1
4134492,10.0,1
4134493,10.0,1
4134502,9.809787037936138,9
4134518,9.620536967803321,16
4134530,9.735144305162132,12
4134535,9.921951619708368,5
4134542,9.854948212487983,7
4134554,9.727983601676758,12
4134565,9.744820010889388,11
4134574,9.812650761162145,9
4134585,9.774782657188752,11
4134594,9.835606427183244,9
4134597,9.96254951132665,3
4134600,9.95077587493286,3
4134610,9.78650778270684,10
4134615,9.917167979276757,5
4134628,9.721229764262317,13
4134637,9.819474132422084,9
4134654,9.104422390612399,17
4134659,9.928458308827784,5
4134666,9.865791906531342,7
4134670,9.939905999649968,4
4134671,10.0,1
4134673,9.97403142915809,2
4134679,9.890049500953856,6
4134680,10.0,1
4134687,9.862378561687072,7
4134688,9.988816190254456,1
4134696,9.836479468784402,8
4134709,9.710902266352516,13
4134712,9.962937869280987,3
4134723,9.772608746325922,11
4134739,9.689737565891468,16
4134746,9.852957939528544,7
4134750,9.948744244360284,4
4134756,9.924442312324766,6
4134762,9.903800574211248,6
4134773,9.745778485697745,11
4134778,9.933754318265692,5
4134783,9.915893285216898,5
4134789,9.892193417092116,6
4134796,9.878986376192021,7
4134806,9.779589328510204,10
4134810,9.94180496717815,4
4134820,9.791536934354596,10
4134828,9.85248719527236,8
4134836,9.843244947096922,8
4134839,9.956902162192765,3
4134851,9.748448106464341,12
4134858,9.875101568088752,7
4134864,9.890479014257211,6
4134867,9.963728472939831,3
4134878,9.763484493165494,11
4134879,10.0,1
4134887,9.834826443958848,8
4134890,9.962202520422771,3
4134895,9.917060759648477,5
4134909,9.763756016286901,14
4134917,9.859310409254183,8
4134920,9.967774294431363,3
4134933,9.71073477402759,13
4134943,9.784717875485796,10
4134949,9.878387569427014,6
4134957,9.832680282111504,8
4134960,9.969699946750803,3
4134971,9.737365888567483,11
4134985,9.688464812112082,14
4134988,9.950097628003117,3
4135001,9.72134518337395,13
4135013,9.751041013097486,12
4135025,9.661017405612322,12
4135041,9.6207813928381,16
4135057,9.620789422517754,16
4135064,9.877233936479419,7
4135074,9.795415533919908,10
4135083,9.805789737099447,9
4135098,9.700191586974919,15
4135112,9.69420544637658,14
4135113,10.0,1
4135126,9.702879030456652,13
4135132,9.893721701251073,6
4135140,9.837702451307555,8
4135141,10.0,1
4135146,9.927561632814596,5
4135156,9.81201068055937,10
4135165,9.813500200879677,9
4135174,9.844468855823658,9
4135184,9.790056071799869,10
4135186,9.971714843465195,2
4135192,9.880099953720736,6
4135202,9.787611324639645,10
4135207,9.899138194716823,5
4135209,9.973782490118998,2
4135215,9.912096778881565,6
4135224,9.82929814144159,9
4135232,9.850644319097297,8
4135244,9.703493113841832,12
4135249,9.904352449909812,5
4135254,9.916788929889613,5
4135260,9.916413960876595,6
4135261,9.989273975195347,1
4135269,9.823002002305946,8
4135283,9.728898171053538,14
4135298,9.665358717295204,15
4135307,9.817701718764324,9
4135322,9.689425446507096,15
4135330,9.859034729027364,8
4135332,9.97728529222884,2
4135342,9.810063149206412,10
4135351,9.809949348543167,9
4135354,9.965541868156174,3
4135355,10.0,1
4135363,9.85910004449253,8
4135366,9.949462043405449,3
4135371,9.929625273415125,5
4135381,9.77296110395326,10
4135387,9.898884459119518,6
4135390,9.967211521189329,3
4135401,9.790136158429716,11
4135409,9.85864912461991,8
4135418,9.818424532779433,9
4135425,9.864949632168468,7
4135435,9.780373126295366,10
4135445,9.768522598646674,10
4135451,9.888564107995107,6
4135455,9.939399749648695,4
4135469,9.713982166735915,14
4135470,10.0,1
4135475,9.913700318280986,5
4135485,9.783108924965696,10
4135490,9.923996141090841,5
4135494,9.928150347109227,4
4135506,9.732928441266347,12
4135511,9.925174105747388,5
4135518,9.867823291584955,7
4135524,9.893119515065251,6
4135539,9.66330996897363,15
4135545,9.88739573357089,6
4135553,9.856485365106654,8
4135557,9.942572767269386,4
4135568,9.787534935794435,11
4135575,9.872785973254173,7
4135582,9.868447025877089,7
4135583,10.0,1
4135593,9.812925388490337,10
4135594,10.0,1
4135597,9.961795384442425,3
4135606,9.798994709676146,9
4135618,9.711654023249185,12
4135630,9.73521590481153,12
4135633,9.95761350966648,3
4135642,9.831184144697293,9
4135652,9.761219991109225,10
4135653,10.0,1
4135659,9.8994223791547,6
4135668,9.791765493141165,9
4135681,9.719610870015417,13
4135690,9.81653888175216,9
4135691,9.992529266507407,1
4135698,9.883310032158471,7
4135699,10.0,1
4135700,10.0,1
4135709,9.838583799018389,9
4135721,9.787336265905354,12
4135725,9.938936522128394,4
4135730,9.914161462238026,5
4135731,10.0,1
4135742,9.772857917113077,11
4135753,9.777220457858844,11
4135767,9.714268134817853,14
4135776,9.794745456581841,9
4135783,9.869576666864205,7
4135794,9.76605354455047,11
4135795,10.0,1
4135796,9.996743868085542,1
4135809,9.62528695914122,13
4135821,9.749121710239491,12
4135832,9.758733603380474,11
4135837,9.916027707219042,5
4135844,9.863187829000804,7
4135854,9.76370433116097,10
4135862,9.855654198659083,8
4135867,9.91461452121604,5
4135872,9.904241077331719,5
4135883,9.76084551664219,11
4135888,9.911085897524307,5
4135890,9.97945701518793,2
4135898,9.834877075870374,8
4135900,9.984109390461526,2
4135912,9.728775660216888,12
4135922,9.76724214630472,10
4135929,9.859894258624763,7
4135944,9.636595364433848,15
4135957,9.710363511444267,13
4135961,9.934437609214209,4
4135971,9.759669233208957,10
4135989,9.638575054769818,18
4135996,9.87248655252565,7
4136014,9.650025748555619,18
4136015,10.0,1
4136029,9.673858769507568,14
4136045,9.64791136065853,16
4136058,9.693214251176927,13
4136059,9.992376873420474,1
4136073,9.692100942622353,14
4136087,9.699733444279056,14
4136088,10.0,1
4136093,9.941042247785822,5
4136097,9.940105869798028,4
4136109,9.789331935863101,12
4136122,9.784994522816092,13
4136123,10.0,1
4136137,9.717398781498932,14
4136154,9.640386873405578,17
4136172,9.350041711791917,18
4136183,9.752330136753248,11
4136184,10.0,1
4136190,9.90337795076572,6
4136193,9.959803963329113,3
4136203,9.800833747468635,10
4136213,9.787794633046824,10
4136222,9.827958586443758,9
4136232,9.79391495307315,10
4136238,9.876632875631694,6
4136248,9.811650105205008,10
4136254,9.897492880183698,6
4136256,9.973327575424625,2
4136262,9.910747020179986,6
4136275,9.736984318398497,13
4136282,9.879061854024483,7
4136288,9.898255309458877,6
4136301,9.732474933266442,13
4136313,9.762623026691339,12
4136327,9.683334761578884,14
4136337,9.784450508167998,10
4136342,9.91506928194872,5
4136352,9.674742905145415,10
4136363,9.769322898924722,11
4136368,9.923865140950218,5
4136381,9.737382894404016,13
4136387,9.877917339215267,6
4136388,10.0,1
4136396,9.86525461505944,8
4136405,9.798373938962309,9
4136406,10.0,1
4136423,9.62024985788911,17
4136437,9.706942596879744,14
4136461,9.49477791109064,24
4136474,9.706941669385225,13
4136479,9.908025401211235,5
4136486,9.884480227433285,7
4136489,9.95291476067933,3
4136492,9.955519417737092,3
4136497,9.922618714085079,5
4136501,9.948362263553857,4
4136508,9.873817834008063,7
4136513,9.908692249835413,5
4136523,9.796961196872518,10
4136530,9.874442321340066,7
4136537,9.884719175580006,7
4136553,9.647833760661404,16
4136561,9.839149753851906,8
4136566,9.908683501323727,5
4136576,9.793521078850377,10
4136587,9.754074337641855,11
4136596,9.836091263021547,9
4136606,9.796013135046858,10
4136622,9.661754724211256,16
4136628,9.896557413706057,6
4136645,9.596121595960042,17
4136648,9.966168229413691,3
4136653,9.913208515783584,5
4136668,9.677924239802076,15
4136679,9.777039629868074,11
4136685,9.886822312292535,6
4136687,9.978633599511046,2
4136696,9.818830121973255,9
4136705,9.810553832659226,9
4136706,10.0,1
4136717,9.760030253563105,11
4136727,9.793903924315163,10
4136737,9.796940706869837,10
4136743,9.879697429038218,6
4136750,9.870690878808004,7
4136753,9.950870856004608,3
4136762,9.80933936092289,9
4136771,9.80149702282691,9
4136778,9.865450981773717,7
4136784,9.882641777638257,6
4136790,9.90443963274403,6
4136805,9.712682204420418,15
4136816,9.799315127225976,11
4136821,9.919486281673581,5
4136825,9.94255221137699,4
4136833,9.861271663246265,8
4136839,9.869487713626993,6
4136846,9.849326582780408,7
4136849,9.948287995514248,3
4136858,9.809406594126228,9
4136867,9.820752057507208,9
4136880,9.71403237191961,13
4136893,9.49312183070352,13
4136895,9.981242011466538,2
4136908,9.721227989896466,13
4136917,9.835085646890844,9
4136925,9.842676891854449,8
4136933,9.83757711995549,8
4136935,9.98351047156958,2
4136936,10.0,1
4136947,9.772690873632637,11
4136956,9.797248230472075,9
4136957,9.98918591089373,1
4136973,9.64112353360409,16
4136983,9.791727135109861,10
4136989,9.882052867897222,6
4136992,9.958361594194887,3
4137002,9.791556236564098,10
4137008,9.88835462743288,6
4137009,9.986691568585638,1
4137017,9.853866209142573,8
4137033,9.699017276662842,16
4137042,9.822247223257564,9
4137043,10.0,1
4137047,9.954540992572282,4
4137057,9.782831929190433,10
4137061,9.949815766455345,4
4137070,9.829389117805595,9
4137086,9.672928499083477,16
4137099,9.713663459987174,13
4137115,9.625642592086974,16
4137123,9.87930992295364,8
4137127,9.94243043893208,4
4137132,9.91612086332919,5
4137139,9.895356221733369,7
4137145,9.882796226086679,6
4137161,9.627827424801026,16
4137165,9.932067557144306,4
4137172,9.85688899951641,7
4137173,10.0,1
4137181,9.828359844613642,8
4137194,9.698033671782792,13
4137206,9.74814932617452,12
4137216,9.838181310368864,10
4137220,9.93563012953395,4
4137230,9.781371951866653,10
4137231,9.996561111111419,1
4137239,9.838760263592675,8
4137243,9.939579885076514,4
4137249,9.91096391159593,6
4137254,9.918513239856015,5
4137255,10.0,1
4137266,9.764833097474495,11
4137267,10.0,1
4137271,9.934725503203989,4
4137276,9.912216344813196,5
4137280,9.929379742616321,4
4137287,9.877091465702575,7
4137302,9.687955052876783,15
4137314,9.72211944364129,12
4137321,9.86598407032311,7
4137326,9.91416837848586,5
4137330,9.957565853540093,4
4137331,10.0,1
4137340,9.823286563466661,9
4137345,9.932285116939518,5
4137346,10.0,1
4137356,9.78505341580401,10
4137361,9.935246756621078,5
4137376,9.670202153734959,15
4137378,9.979749435892687,2
4137384,9.90297301927047,6
4137400,9.63749119598178,16
4137419,9.158796498335441,19
4137427,9.861989603846807,8
4137440,9.704381468969935,13
4137454,9.684371379936133,14
4137462,9.854531508606769,8
4137478,9.615737580002508,16
4137486,9.862921093274094,8
4137495,9.804484525142474,9
4137496,10.0,1
4137503,9.871438739475117,7
4137511,9.853432709017259,8
4137518,9.886247672187256,7
4137519,9.992629930666045,1
4137520,10.0,1
4137525,9.910235999269002,5
4137549,9.423056739406272,24
4137557,9.848099486520749,8
4137567,9.796965055491984,10
4137579,9.722412227447212,12
4137582,9.970366971129346,3
4137587,9.9178545284942,5
4137592,9.93433454950706,5
4137600,9.84072862490007,8
4137606,9.894243462456865,6
4137614,9.83072882305364,8
4137630,9.625099298082144,16
4137640,9.779916507689164,10
4137643,9.970148197502708,3
4137650,9.862928443173626,7
4137651,10.0,1
4137665,9.67787691631031,14
4137675,9.803246804186873,10
4137677,9.973393013214833,2
4137680,9.665264361753161,3
4137686,9.804427984946306,6
4137687,10.0,1
4137695,9.83124536314458,8
4137704,9.812353977945762,9
4137722,9.661390575341875,18
4137733,9.754819935729815,11
4137746,9.702247445607576,13
4137762,9.63677557328684,16
4137770,9.817795155096501,8
4137771,10.0,1
4137774,9.95043372925793,3
4137786,9.721829966935603,12
4137788,9.977592553156374,2
4137797,9.802011003535235,9
4137808,9.789300741911589,11
4137813,9.917464935825674,5
4137823,9.783085779957002,10
4137834,9.76257830203014,11
4137851,9.595100243254542,17
4137852,10.0,1
4137861,9.82125908075951,9
4137868,9.858093907956127,7
4137872,9.827097169847814,4
4137890,9.577500909644565,18
4137895,9.905334047674819,5
4137901,9.886289932276988,6
4137902,10.0,1
4137921,9.627357694328902,19
4137922,10.0,1
4137927,9.914774777227054,5
4137928,10.0,1
4137942,9.67217270871606,14
4137948,9.902143610823332,6
4137949,10.0,1
4137959,9.821931619554569,10
4137972,9.710059000726089,13
4137979,9.884400678268278,7
4137984,9.899493377881305,5
4137985,9.99646441722556,1
4137986,10.0,1
4137994,9.818616605464914,8
4138005,9.755113577098621,11
4138008,9.955721182506908,3
4138013,9.931422152837019,5
4138029,9.637121240294798,16
4138032,9.955016206065052,3
4138040,9.833788359995557,8
4138042,9.972408176921931,2
4138051,9.807553347081551,9
4138056,9.916960366118772,5
4138068,9.746698274033987,12
4138082,9.720729863993826,14
4138098,9.62657716160817,16
4138105,9.884493515738608,7
4138112,9.83490580571313,7
4138120,9.82328846893877,8
4138128,9.865918417855326,8
4138131,9.952900030373964,3
4138138,9.869492605730834,7
4138139,10.0,1
4138149,9.80275393781816,10
4138154,9.709482354510214,5
4138163,9.809189395519576,9
4138166,9.96887538696933,3
4138182,9.667918076444703,16
4138183,10.0,1
4138189,9.885046203052125,6
4138197,9.8564811998818,8
4138201,9.931111256035214,4
4138205,9.946534601922346,4
4138217,9.72261939626101,12
4138223,9.901570705210158,6
4138233,9.801549700791195,10
4138239,9.91086872495308,6
4138252,9.728400773790728,13
4138253,10.0,1
4138264,9.755144705007622,11
4138277,9.719660088846114,13
4138280,9.965270484669379,3
4138281,10.0,1
4138291,9.825382513571139,10
4138292,10.0,1
4138303,9.749607432724083,11
4138311,9.824726123530539,8
4138313,9.979801565548197,2
4138318,9.921969149857455,5
4138329,9.754682225169406,11
4138337,9.814652458247457,8
4138345,9.85168690719819,8
4138355,9.788345631862024,10
4138360,9.93814725878615,5
4138369,9.602071413998805,9
4138374,9.906695507969113,5
4138385,9.741147908001876,11
4138390,9.913111775934045,5
4138397,9.84566717180994,7
4138407,9.822001324977304,10
4138418,9.797916673081305,11
4138419,10.0,1
4138426,9.868567906684882,7
4138438,9.715874826748419,12
4138440,9.973826077264034,2
4138446,9.903095363932394,6
4138455,9.821821774180892,9
4138463,9.854881135676818,8
4138469,9.88484863108096,6
4138478,9.79872262467807,9
4138493,9.68228139029507,15
4138502,9.80764769860105,9
4138512,9.824023993876818,10
4138513,10.0,1
4138514,10.0,1
4138525,9.75435531292993,11
4138543,9.182669749945566,18
4138555,9.727226656638518,12
4138566,9.757407226530374,11
4138579,9.71153318499282,13
4138588,9.821983523568226,9
4138596,9.860095886555671,8
4138604,9.83371369939733,8
4138607,9.963859129840603,3
4138614,9.881522349287795,7
4138631,9.613295952894402,17
4138641,9.791780478205613,10
4138656,9.676881714026795,15
4138666,9.790377451173795,10
4138677,9.768865928118203,11
4138688,9.748094211559707,11
4138696,9.832732558776518,8
4138704,9.854207581070062,8
4138710,9.882153269064373,6
4138720,9.788771448005633,10
4138730,9.825933473149174,10
4138738,9.85098053653352,8
4138747,9.783852989408837,9
4138748,10.0,1
4138761,9.718416513698427,13
4138771,9.784539250709274,10
4138778,9.878029997846578,7
4138793,9.666306417380095,15
4138807,9.443188708540216,14
4138811,9.926354637983074,4
4138815,9.946332101890636,4
4138826,9.757591463694439,11
4138827,10.0,1
4138841,9.680571988677183,14
4138842,10.0,1
4138854,9.736791273430374,12
4138856,9.984497004896097,2
4138857,9.992147730330784,1
4138858,10.0,1
4138865,9.877105521997272,7
4138875,9.77285870277378,10
4138891,9.617356149470481,16
4138901,9.785233908601231,10
4138909,9.844312537473641,8
4138910,10.0,1
4138914,9.921436883221393,4
4138919,9.900058637038988,5
4138920,10.0,1
4138928,9.849455247589653,8
4138938,9.779341933136397,10
4138949,9.758208732712058,11
4138964,9.657954236687102,15
4138975,9.754831340558777,11
4138988,9.697276719695715,13
4138998,9.780290665948723,10
4139007,9.810535300612907,9
4139016,9.825501224614646,9
4139018,9.973436363223346,2
4139031,9.689170695039536,13
4139032,10.0,1
4139041,9.823587594467542,9
4139043,9.973954670586672,2
4139049,9.891422920225425,6
4139054,9.920923365308944,5
4139058,9.935532640081423,4
4139069,9.769016803416472,11
4139081,9.753966687648562,12
4139086,9.911359263221552,5
4139095,9.820800064321968,9
4139102,9.853624580950099,7
4139110,9.857084963713467,8
4139112,9.985230374022768,2
4139123,9.767606324839727,11
4139132,9.822275368952344,9
4139133,10.0,1
4139143,9.792651262345306,10
4139146,9.956107249369246,3
4139161,9.68941378175981,15
4139168,9.875405133690712,7
4139177,9.824318995720777,9
4139193,9.647715148295509,16
4139201,9.845372216835768,8
4139208,9.858984737176463,7
4139218,9.81427972201521,10
4139222,9.942014155195736,4
4139223,10.0,1
4139224,9.99264563096148,1
4139231,9.879993605282763,7
4139256,9.434520240186991,25
4139262,9.905800410862264,6
4139269,9.856211364904702,7
4139279,9.823971771405459,10
4139282,9.957334384548368,3
4139288,9.893034570230343,6
4139297,9.824708510698768,9
4139301,9.937226551853874,4
4139302,10.0,1
4139303,10.0,1
4139306,9.95922664175611,3
4139316,9.847523058037886,10
4139326,9.804847622157864,10
4139340,9.66816802433031,14
4139345,9.916445427471626,5
4139355,9.8154025071909,10
4139365,9.791360637640087,10
4139366,10.0,1
4139371,9.9283965838325,5
4139383,9.749982711849748,12
4139398,9.696458149437934,15
4139400,9.98281750081925,2
4139405,9.920293414571944,5
4139406,10.0,1
4139419,9.734005029106118,13
4139421,9.984842252052795,2
4139428,9.873443148185782,7
4139438,9.799595896038477,10
4139441,9.954802012685523,3
4139450,9.794464514495461,9
4139452,9.98250203358532,2
4139457,9.917139267946533,5
4139469,9.757030565203072,12
4139476,9.893960634685847,7
4139488,9.74578836363987,12
4139495,9.86907417156008,7
4139505,9.777028483423821,10
4139506,10.0,1
4139516,9.703686230873757,10
4139532,9.632984381419405,16
4139539,9.861273217518903,7
4139551,9.654961425535443,12
4139556,9.909066682698773,5
4139557,10.0,1
4139570,9.718494118182544,13
4139571,10.0,1
4139583,9.772971881148505,12
4139590,9.874249626609055,7
4139595,9.90455203319391,5
4139618,9.512114297592198,23
4139630,9.781029891542115,12
4139641,9.76134730453471,11
4139645,9.930252089356484,4
4139656,9.811710384556813,11
4139664,9.843122368174614,8
4139667,9.961765728611589,3
4139674,9.886199483562807,7
4139687,9.731903847357279,13
4139694,9.859714218027337,7
4139703,9.830197599103164,9
4139715,9.763236840032292,12
4139723,9.832089086317968,8
4139728,9.911734388744906,5
4139730,9.98535503260558,2
4139740,9.767384305201192,10
4139756,9.626223482912893,16
4139769,9.724756753366927,13
4139771,9.971661137452982,2
4139775,9.956182223600894,4
4139787,9.750448953648306,12
4139792,9.924899150915918,5
4139817,9.490509144114796,25
4139823,9.923505552117465,6
4139828,9.922417043522266,5
4139839,9.732193205793973,11
4139847,9.83844788482607,8
4139860,9.730485119895581,13
4139865,9.931630121802401,5
4139873,9.84676419318874,8
4139886,9.733938983186881,13
4139888,9.974196988781737,2
4139901,9.732574112049807,13
4139911,9.690325838182956,10
4139926,9.649411220564007,15
4139927,10.0,1
4139940,9.75175329959617,13
4139946,9.883968435693575,6
4139952,9.886459169741755,6
4139955,9.953580706915849,3
4139960,9.925224143175072,5
4139962,9.98431251527021,2
4139968,9.902330946041591,6
4139976,9.831153295817632,8
4139988,9.741917640227452,12
4139995,9.859687832538281,7
4140009,9.699157096410495,14
4140018,9.828437741850651,9
4140023,9.924135803714645,5
4140030,9.864719964559402,7
4140035,9.905740679091387,5
4140046,9.765751057326167,11
4140059,9.739280340250811,13
4140067,9.827821165875864,8
4140070,9.956353574537882,3
4140080,9.812914283986073,10
4140082,9.984686968788093,2
4140090,9.827316123895148,8
4140098,9.845947132824952,8
4140104,9.886897393440496,6
4140107,9.959498815707946,3
4140108,10.0,1
4140109,9.996750117374814,1
4140111,9.97188981656549,2
4140122,9.769929599321163,11
4140126,9.934486630395842,4
4140137,9.74874538932953,11
4140150,9.586853724479433,13
4140157,9.889675588254232,7
4140162,9.909326779066115,5
4140166,9.948910805054913,4
4140170,9.953919022250442,4
4140171,10.0,1
4140179,9.85483767636405,8
4140183,9.946459702621576,4
4140188,9.917901830571273,5
4140198,9.79270154232612,10
4140205,9.86689239159525,7
4140208,9.96777659226029,3
4140214,9.899656860573696,6
4140218,9.930350510420011,4
4140229,9.784116060467921,11
4140233,9.942106571601874,4
4140236,9.967693577797988,3
4140243,9.897337610355432,7
4140249,9.899379068807,6
4140253,9.949051206644832,4
4140265,9.780373951065911,12
4140271,9.895919926652818,6
4140281,9.792052505592192,10
4140282,9.993664452297233,1
4140287,9.904832191843498,5
4140299,9.71872326214542,12
4140309,9.797091295232132,10
4140315,9.913900319981112,6
4140322,9.853416966510542,7
4140326,9.94344096353668,4
4140343,9.627172832593109,17
4140349,9.896450526566134,6
4140351,9.969645932528127,2
4140357,9.901417044226564,6
4140364,9.871169965662693,7
4140374,9.820502991262645,10
4140385,9.753687214727446,11
4140399,9.695504083729839,14
4140402,9.955382579907534,3
4140414,9.737338470918033,12
4140418,9.94547796956557,4
4140429,9.766956795201983,11
4140435,9.902456377885118,6
4140439,9.929803369455481,4
4140444,9.92611096623706,5
4140450,9.900039258542567,6
4140453,9.953949367324912,3
4140468,9.656043928887435,15
4140469,10.0,1
4140474,9.921194101519458,5
4140487,9.697489188339532,13
4140491,9.92390713082178,4
4140499,9.847551864095696,8
4140506,9.856418935404859,7
4140515,9.813310907117415,9
4140526,9.764301971592316,11
4140532,9.888902459682516,6
4140533,10.0,1
4140545,9.754231298061084,12
4140554,9.802963660921796,9
4140560,9.901795691958437,6
4140568,9.846367832907161,8
4140576,9.827487819555158,8
4140577,10.0,1
4140578,10.0,1
4140587,9.802482433541904,9
4140593,9.904935855689581,6
4140601,9.861347158809227,8
4140608,9.881740124416954,7
4140609,10.0,1
4140616,9.881395206952455,7
4140627,9.797028886143464,11
4140633,9.903396435912272,6
4140638,9.928118241167386,5
4140648,9.791616137882686,10
4140653,9.905067126769206,5
4140660,9.871934961000802,7
4140674,9.713561798393439,14
4140687,9.72263267780387,13
4140689,9.983423528762879,2
4140699,9.803562294371606,10
4140713,9.696099441454717,14
4140716,9.968024531559868,3
4140722,9.897582309807474,6
4140732,9.784076467054588,10
4140740,9.857906980528105,8
4140749,9.846692736195969,9
4140761,9.757415172592584,12
4140774,9.74441313647723,13
4140782,9.826814119421602,8
4140789,9.868163046349327,7
4140796,9.875030153149547,7
4140802,9.906706225852808,6
4140807,9.929033388675077,5
4140817,9.768764954205444,10
4140827,9.797077030027022,10
4140833,9.891260321168986,6
4140844,9.725073849488451,11
4140853,9.799852356293238,9
4140854,10.0,1
4140866,9.756915991970564,12
4140874,9.851814432970112,8
4140885,9.782739578803842,11
4140898,9.713531074030922,13
4140899,10.0,1
4140906,9.867406784690187,7
4140917,9.76704842985803,11
4140926,9.803707898345687,9
4140939,9.720084294767027,13
4140940,10.0,1
4140950,9.83161144676226,10
4140951,9.989036109303317,1
4140953,9.975089246335068,2
4140954,9.987268469704892,1
4140961,9.866077855905475,7
4140966,9.903179277417358,5
4140970,9.949088490849,4
4140978,9.853339490073221,8
4140992,9.57335849006316,14
4141000,9.856033465145709,8
4141007,9.866450509545874,7
4141010,9.968024028625457,3
4141016,9.895445427120801,6
4141031,9.723211045070117,15
4141032,10.0,1
4141054,9.239728375078608,22
4141060,9.90730568031361,6
4141064,9.922764120667894,4
4141068,9.928152584764064,4
4141080,9.780427250493926,12
4141085,9.914281085353402,5
4141088,9.955207310638057,3
4141101,9.701870421900116,13
4141102,10.0,1
4141115,9.632925900629083,13
4141125,9.79124270787334,10
4141141,9.629140336694633,16
4141154,9.705934103902582,13
4141162,9.857978937301745,8
4141163,9.990091029792412,1
4141177,9.728799260030355,14
4141181,9.941376619290311,4
4141187,9.877597637452945,6
4141201,9.683271733952049,14
4141208,9.879264744070385,7
4141217,9.853037251122975,9
4141230,9.763028098596532,13
4141248,9.66634401081255,18
4141257,9.800054560394791,9
4141267,9.786385700525285,10
4141280,9.735102308751856,13
4141297,9.472190424636038,17
4141309,9.74775168230045,12
4141319,9.773541590032977,10
4141320,10.0,1
4141322,9.983734683187972,2
4141325,9.965687082620871,3
4141330,9.912622502201781,5
4141335,9.921793326601263,5
4141349,9.69593231917853,14
4141356,9.85603592853623,7
4141368,9.747390793699038,12
4141378,9.800513691644442,10
4141390,9.739360813850197,12
4141394,9.926600885237304,4
4141408,9.68690291123347,14
4141414,9.892401222751793,6
4141420,9.88000379124801,6
4141436,9.629346195948601,16
4141454,9.599725240020712,18
4141455,10.0,1
4141461,9.883824624908467,6
4141470,9.79874691929658,9
4141478,9.837891241652468,8
4141482,9.94953166036796,4
4141488,9.92399547289963,6
4141490,9.96967815821009,2
4141493,9.966451756089455,3
4141503,9.801451951891478,10
4141509,9.894771181599431,6
4141523,9.762258952412056,14
4141531,9.846889380027838,8
4141538,9.858813663945238,7
4141545,9.854011150384036,7
4141551,9.891013946105721,6
4141559,9.837952622455264,8
4141575,9.61339134621973,16
4141586,9.80006214998444,11
4141597,9.739383248499987,11
4141599,9.977042422485775,2
4141607,9.84669018550541,8
4141619,9.724337660197818,12
4141628,9.826815388837202,9
4141636,9.85682063563254,8
4141649,9.686655845066145,13
4141653,9.936065096489447,4
4141664,9.775261362746898,11
4141672,9.853913236059654,8
4141686,9.656382552809875,14
4141692,9.898082724945265,6
4141693,10.0,1
4141697,9.935504639660833,4
4141703,9.9022994460471,6
4141708,9.937599550403997,5
4141718,9.794972746111734,10
4141730,9.769111711444323,12
4141742,9.711379743048848,12
4141747,9.924974761942124,5
4141753,9.88387474025972,6
4141763,9.775883016205817,10
4141773,9.590299733858682,10
4141779,9.693771805188492,6
4141793,9.702423208145252,14
4141804,9.808939204619575,11
4141809,9.909404335900474,5
4141816,9.864710668537025,7
4141819,9.961915463932899,3
4141831,9.741222677222915,12
4141839,9.850368645204533,8
4141848,9.833387158266222,9
4141854,9.917998253519329,6
4141863,9.823194466849598,9
4141874,9.670579516967349,11
4141886,9.708463422646146,12
4141891,9.90725598738233,5
4141894,9.953954620230828,3
4141900,9.896938970873501,6
4141914,9.658873604764636,14
4141924,9.783715978143839,10
4141930,9.893364470130605,6
4141938,9.853156797179262,8
4141947,9.840747317247816,9
4141958,9.758512587110069,11
4141969,9.806359530892236,11
4141970,10.0,1
4141974,9.93578898877548,4
4141983,9.822818186382793,9
4141990,9.870830720388332,7
4141998,9.638943940256903,8
4142009,9.779247418794496,11
4142023,9.662612856016356,14
4142032,9.8277460520063,9
4142044,9.53809050227441,12
4142063,9.544610944323734,19
4142075,9.740314875233455,12
4142085,9.842578770515216,10
4142100,9.707178654528926,15
4142108,9.842146963287224,8
4142113,9.907123298482743,5
4142122,9.80798943280098,9
4142131,9.836198360563928,9
4142138,9.889905431479745,7
4142154,9.600194250613344,16
4142158,9.95070141556526,4
4142167,9.837921013652469,9
4142176,9.82339443149227,9
4142197,9.568682410078411,21
4142198,10.0,1
4142204,9.899769471289762,6
4142217,9.707532165972374,13
4142717,-15.465019624132312,500
4143217,-25.548475455832744,500
4143717,-38.65193611635529,500
4143738,9.683824914348827,21
4144238,-41.64430697032657,500
4144738,-36.45579025737361,500
4145238,-15.548346217132416,500
4145247,9.816530774217203,9
4145255,9.831505411867916,8
4145263,9.826440541380231,8
4145264,10.0,1
4145274,9.792730611795095,10
4145287,9.69787568515459,13
4145295,9.819375717352184,8
4145296,10.0,1
4145303,9.88753517146676,7
4145305,9.984393533273098,2
4145309,9.950723116965968,4
4145310,9.992974398907995,1
4145322,9.750590356842833,12
4145329,9.874921663328681,7
4145336,9.892375061493173,7
4145344,9.84106330532911,8
4145351,9.841068736707347,7
4145355,9.9300874208144,4
4145356,10.0,1
4145369,9.731192218350074,13
4145377,9.74039814878769,8
4145389,9.64710679351942,12
4145405,9.63831969352782,16
4145414,9.802265575115477,9
4145426,9.717437882294972,12
4145436,9.79494193472805,10
4145447,9.764131185123745,11
4145451,9.93628876700007,4
4145461,9.694610074311866,10
4145473,9.735412767386894,12
4145480,9.867381123587663,7
4145481,10.0,1
4145494,9.723503120287399,13
4145507,9.703187520959583,13
4145511,9.945521857587991,4
4145515,9.949243313807846,4
4145526,9.749659122167838,11
4145534,9.828192197039243,8
4145535,10.0,1
4145537,9.974153280075155,2
4145539,9.977897555895703,2
4145544,9.901806701687686,5
4145553,9.803868625007938,9
4145565,9.741667582219248,12
4145570,9.915675449357629,5
4145580,9.775476904715855,10
4145590,9.792009063187429,10
4145597,9.872578675637424,7
4145603,9.89584136391263,6
4145615,9.748840929776716,12
4145627,9.745802045145378,12
4145644,9.5769117117768,17
4145650,9.886422315750695,6
4145660,9.822290661262047,10
4145661,10.0,1
4145675,9.680485939196693,14
4145686,9.765597617620081,11
4145695,9.829570819805342,9
4145706,9.765327297913723,11
4145708,9.976213311945132,2
4145718,9.779359728540625,10
4145729,9.760356837433305,11
4145738,9.835995574093728,9
4145748,9.798504136183913,10
4145760,9.744264363062088,12
4145761,10.0,1
4145771,9.798996541525577,10
4145772,10.0,1
4145773,10.0,1
4145787,9.699753154207405,14
4145798,9.77117013182918,11
4145804,9.910360302010394,6
4145817,9.543928384494713,13
4145822,9.913620601536534,5
4145823,10.0,1
4145836,9.690802160479741,13
4145844,9.843137970025934,8
4145853,9.822397200362863,9
4145862,9.84404042599705,9
4145874,9.774474514371102,12
4145887,9.715114974292721,13
4145897,9.804103649681796,10
4145904,9.857167876493447,7
4145909,9.917892765765497,5
4145919,9.8160299985159,10
4145931,9.720170661413283,12
4145938,9.850860222122778,7
4145955,9.639661837157972,17
4145960,9.907960408517328,5
4145965,9.915926764163748,5
4145975,9.796556246376333,10
4145984,9.814919092970419,9
4145994,9.775679732909461,10
4146006,9.724677268284307,12
4146009,9.958163337202892,3
4146017,9.837911593558303,8
4146029,9.734299336817308,12
4146036,9.863118941701082,7
4146050,9.598372413577282,14
4146056,9.897149149834293,6
4146061,9.928748346032991,5
4146069,9.828967813776258,8
4146081,9.735734661046545,12
4146089,9.824713326229423,8
4146092,9.955554986435386,3
4146097,9.92270548999212,5
4146098,10.0,1
4146108,9.83463532600611,10
4146116,9.8155479500901,8
4146128,9.734495091219364,12
4146139,9.785297980906464,11
4146147,9.848506417204444,8
4146164,9.660699433109047,17
4146175,9.767595515499915,11
4146187,9.739346210744047,12
4146192,9.910891150420305,5
4146199,9.890560288078452,7
4146212,9.730498868800549,13
4146227,9.716797429768558,15
4146231,9.828952366164822,4
4146238,9.845936776720988,7
4146240,9.983307632352961,2
4146252,9.757116685777335,12
4146267,9.686697432457693,15
4146281,9.486612594289758,14
4146294,9.72256499815944,13
4146295,10.0,1
4146300,9.928866500562373,5
4146314,9.700953100211818,14
4146323,9.830991634332271,9
4146329,9.903896110910663,6
4146339,9.587494243307283,10
4146347,9.849961013453067,8
4146361,9.743560218577075,14
4146369,9.838823409404355,8
4146371,9.98172035010148,2
4146381,9.76954747013638,10
4146386,9.929254531511809,5
4146396,9.779279674530468,10
4146404,9.840771242915151,8
4146417,9.728462525249773,13
4146425,9.838064660272543,8
4146434,9.843643281210603,9
4146435,10.0,1
4146441,9.903686917693193,6
4146450,9.79269797542282,9
4146462,9.739883197820314,12
4146472,9.798941428401513,10
4146476,9.943232636215715,4
4146478,9.985608665592062,2
4146489,9.762976246736267,11
4146494,9.92919843617435,5
4146508,9.679089232505806,14
4146512,9.92424100485435,4
4146525,9.730145479339868,13
4146529,9.937882795122801,4
4146534,9.920151376717893,5
4146544,9.796647722316932,10
4146545,10.0,1
4146557,9.720345156247959,12
4146573,9.634657095907665,16
4146576,9.972614754442164,3
4146592,9.650971068618386,16
4146609,9.59287080986374,17
4146616,9.891696666217022,7
4146628,9.746554291125394,12
4146641,9.751555906821087,13
4146649,9.858071832617195,8
4146660,9.764164869974593,11
4146676,9.66611992819664,16
4146690,9.668341963104417,14
4146697,9.853865218120546,7
4146705,9.829414271966927,8
4146706,10.0,1
4146711,9.925574247885264,5
4146727,9.700553146818205,16
4146738,9.746167134165187,11
4146750,9.73950286537738,12
4146761,9.822399654256104,11
4146772,9.67849333038658,11
4146779,9.476609035631977,7
4146786,9.88019753089212,7
4146789,9.959584403912666,3
4146795,9.902358245503326,6
4146810,9.662536264147823,15
4146819,9.838620214771375,9
4146828,9.815114971655012,9
4146836,9.838826943869867,8
4146847,9.743425065184462,11
4146854,9.88378756822215,7
4146856,9.970264166454609,2
4146869,9.709763519104229,13
4146877,9.83648574480821,8
4146886,9.813366734961102,9
4146895,9.81697626165897,9
4146905,9.786827891971027,10
4146908,9.97060963179182,3
4146910,9.975586991684004,2
4146914,9.949922440612577,4
4146928,9.677486611050428,14
4146929,10.0,1
4146944,9.662691364694087,15
4146955,9.771751394650423,11
4146968,9.704565793579677,13
4146969,10.0,1
4146975,9.90981619642451,6
4146985,9.816763849459797,10
4146990,9.907718918570929,5
4146993,9.953667327584261,3
4146999,9.907214089876522,6
4147009,9.78346490992628,10
4147024,9.654573444402264,15
4147035,9.756378381266774,11
4147045,9.81019634314853,10
4147057,9.734655481595633,12
4147072,9.694110699824023,15
4147080,9.838135944969535,8
4147100,9.54717352940937,20
4147113,9.728895723658178,13
4147114,10.0,1
4147123,9.835715506150706,9
4147130,9.875549129007052,7
4147135,9.899527712077974,5
4147144,9.848019882066929,9
4147148,9.937241221183015,4
4147170,9.45074776632266,22
4147178,9.857054805448648,8
4147183,9.906192502092802,5
4147197,9.699942702581884,14
4147202,9.915468457702367,5
4147215,9.735849762808519,13
4147222,9.858165070557236,7
4147225,9.952296746340497,3
4147229,9.933091921813023,4
4147239,9.806677177551757,10
4147244,9.897944070525606,5
4147252,9.831540505719238,8
4147260,9.842376848507236,8
4147266,9.890511967858037,6
4147272,9.864013008884609,6
4147277,9.922754894547083,5
4147286,9.822952426012385,9
4147291,9.910198730214983,5
4147302,9.763933108921265,11
4147312,9.790701110539151,10
4147322,9.787489606802962,10
4147329,9.847566724759847,7
4147331,9.983796172310306,2
4147339,9.867845345188755,8
4147352,9.748260843930694,13
4147366,9.700389319488961,14
4147372,9.896529950406702,6
4147381,9.868583833003722,9
4147382,10.0,1
4147392,9.775175169842525,10
4147401,9.816644151422961,9
4147402,10.0,1
4147406,9.935372460680785,4
4147414,9.824011027369579,8
4147415,10.0,1
4147427,9.726247048929439,12
4147437,9.593058252010216,10
4147445,9.848211584931825,8
4147461,9.561668864284977,16
4147472,9.760075453588597,11
4147473,9.996533092736634,1
4147492,9.606847729594527,19
4147500,9.835301932446503,8
4147511,9.769809289079047,11
4147522,9.737323310390023,11
4147533,9.82501447550768,11
4147537,9.935523868332776,4
4147545,9.850057668952575,8
4147553,9.861878057379343,8
4147560,9.866432127359603,7
4147566,9.889382601019165,6
4147576,9.815398049361425,10
4147577,9.9960375968604,1
4147591,9.707514471703599,14
4147604,9.708991720922299,13
4147614,9.785868983556782,10
4147620,9.90753645066958,6
4147628,9.87445304838983,8
4147630,9.968500808757783,2
4147633,9.95891608295978,3
4147645,9.730024738047984,12
4147656,9.794436902622431,11
4147657,10.0,1
4147662,9.919447107475879,5
4147675,9.739540303602832,13
4147688,9.733776635295754,13
4147709,9.476709591178084,21
4147715,9.885722688291095,6
4147725,9.789399778052168,10
4147733,9.850461419730216,8
4147747,9.666503163800598,14
4147748,10.0,1
4147753,9.911675126762754,5
4147759,9.886552633500632,6
4147766,9.84641002577949,7
4147777,9.778043503909695,11
4147797,9.508748993791766,20
4147802,9.927156061708834,5
4147811,9.817656299483833,9
4147813,9.985020228711821,2
4147826,9.7313820502439,13
4147828,9.984635676078256,2
4147835,9.871149649783474,7
4147846,9.751205577601986,11
4147856,9.776469959599103,10
4147866,9.692141658362553,10
4147875,9.815385155933182,9
4147881,9.89319855358645,6
4147892,9.775244431015686,11
4147904,9.718511969571054,12
4147912,9.836653835344846,8
4147926,9.65873823261743,14
4147940,9.726109065104463,14
4147949,9.824791568406678,9
4147956,9.872096441591806,7
4147961,9.918486117224683,5
4147965,9.94942028474455,4
4147968,9.966196517636519,3
4147977,9.792461916922305,9
4147979,9.969931996360284,2
4147983,9.918978602645925,4
4147984,10.0,1
4147991,9.871428356179361,7
4148003,9.730048583829534,12
4148010,9.875804715878282,7
4148016,9.897541209276314,6
4148029,9.738832789522828,13
4148035,9.90881602933114,6
4148043,9.826776074705421,8
4148052,9.812894841420245,9
4148053,10.0,1
4148072,9.531209650931832,19
4148077,9.927796201884792,5
4148085,9.844807635631655,8
4148096,9.782510638718998,11
4148192,-23.81433205702207,96
4148209,9.616573669379434,17
4148216,9.871638598193151,7
4148219,9.958179519993035,3
4148225,9.89825483489214,6
4148237,9.772585579853416,12
4148249,9.730490997116993,12
4148254,9.930932639047873,5
4148258,9.952618986989847,4
4148272,9.717862598246558,14
4148282,9.78694420323301,10
4148289,9.875979005478388,7
4148304,9.671765410077267,15
4148314,9.782336078507416,10
4148332,9.635740936591887,18
4148349,9.58942930693518,17
4148358,9.831108284295734,9
4148366,9.850085351643314,8
4148384,9.573249101918261,18
4148393,9.827549066501671,9
4148400,9.863744450502663,7
4148408,9.837316416886024,8
4148422,9.66847826030347,14
4148428,9.89539365757306,6
4148443,9.653798608395146,15
4148445,9.975505775087056,2
4148451,9.877189726617592,6
4148467,9.317164200441685,16
4148480,9.720825670046528,13
4148487,9.862874805986173,7
4148497,9.83277774250555,10
4148509,9.731283588261773,12
4148529,9.218835818940397,20
4148536,9.89345954565751,7
4148541,9.920839507001922,5
4148554,9.725300062078912,13
4148563,9.841722478685254,9
4148572,9.815686265654183,9
4148580,9.824714633437885,8
4148594,9.718882500041802,14
4148603,9.858707516453892,9
4148613,9.766201367614178,10
4148623,9.800004592410055,10
4148634,9.778299932138696,11
4148651,9.647914450810408,17
4148660,9.822925772374248,9
4148672,9.732819603851057,12
4148678,9.9151790406196,6
4148694,9.62629671177665,16
4148706,9.749915936988078,12
4148712,9.903660645676883,6
4148723,9.762447617029778,11
4148735,9.729808381524787,12
4148741,9.896147164697528,6
4148749,9.84636447786948,8
4148757,9.852128239623271,8
4148759,9.972823066913046,2
4148767,9.8414725036528,8
4148771,9.94146480065905,4
4148778,9.869412410212307,7
4148783,9.931646905679202,5
4148784,9.987719907119997,1
4148796,9.736205673644953,12
4148802,9.869783959650832,6
4148803,10.0,1
4148804,10.0,1
4148805,10.0,1
4148818,9.716832203302875,13
4148825,9.858685373874577,7
4148827,9.978322233166525,2
4148837,9.785326095691383,10
4148848,9.760754642128264,11
4148860,9.709987206442534,12
4148866,9.898589912871751,6
4148867,10.0,1
4148873,9.887979811197454,6
4148881,9.853926934302011,8
4148895,9.647688663041489,14
4148907,9.732288247562568,12
4148908,10.0,1
4148909,10.0,1
4148919,9.800965292243168,10
4148930,9.771896529897877,11
4148931,9.99674676086145,1
4148940,9.804199505987901,9
4148952,9.76610712614279,12
4148964,9.729794786595285,12
4148967,9.959137403159993,3
4148972,9.934177549312393,5
4148974,9.984849424733051,2
4148985,9.764312300384201,11
4148988,9.952393215712645,3
4148999,9.804929885839016,11
4149001,9.985419397354482,2
4149021,9.576359159577319,20
4149026,9.9199111411848,5
4149028,9.985460491333031,2
4149029,10.0,1
4149034,9.916557881134265,5
4149039,9.935445433523206,5
4149043,9.942036528010528,4
4149052,9.820685415157165,9
4149056,9.936648074934507,4
4149067,9.786252065991777,11
4149076,9.820182087257324,9
4149084,9.869123832058605,8
4149095,9.779671478546577,11
4149111,9.643367522478623,16
4149112,10.0,1
4149116,9.943177824026755,4
4149126,9.786805920890485,10
4149130,9.927764690960137,4
4149137,9.876124992442973,7
4149140,9.954937650178357,3
4149147,9.873119128772576,7
4149153,9.911429009476041,6
4149169,9.683590393016063,16
4149182,9.72094617320743,13
4149194,9.741379820901937,12
4149209,9.66111877039307,15
4149220,9.796325619901674,11
4149230,9.83747798430409,10
4149231,10.0,1
4149241,9.783823301160249,10
4149250,9.81115948726519,9
4149262,9.766184411225458,12
4149278,9.662271142197094,16
4149292,9.676706886179684,14
4149299,9.883915716468621,7
4149305,9.921307039122716,6
4149320,9.554062755377714,15
4149325,9.892959694516,5
4149332,9.859608349761672,7
4149333,9.98896802416827,1
4149337,9.928004102579209,4
4149338,9.993007918916161,1
4149347,9.81723905089671,9
4149352,9.904147059170358,5
4149360,9.86062580283026,8
4149368,9.853206381847011,8
4149371,9.95819261761764,3
4149386,9.52492601525313,15
4149392,9.898256253330539,6
4149399,9.855895632860403,7
4149407,9.85467964216484,8
4149420,9.613057224724237,13
4149433,9.683301651212465,13
4149448,9.63790872738328,15
4149456,9.848531988248215,8
4149470,9.69147351697099,14
4149477,9.859895845741763,7
4149485,9.819725755715337,8
4149491,9.90071454964589,6
4149498,9.770236983491204,7
4149500,9.970285232476366,2
4149513,9.626987770853383,13
4149521,9.829183637576966,8
4149532,9.754328214735201,11
4149541,9.79396842179584,9
4149542,9.992103171160885,1
4149548,9.894885894808521,6
4149549,10.0,1
4149559,9.795675183251802,10
4149570,9.777286128060812,11
4149571,10.0,1
4149578,9.864474882295509,7
4149584,9.902782682990006,6
4149589,9.92140577365955,5
4149601,9.743199913769686,12
4149606,9.908193397284753,5
4149612,9.902957088119157,6
4149615,9.953431154997219,3
4149624,9.82460242875808,9
4149629,9.914869865959396,5
4149639,9.795185792150539,10
4149645,9.896488217062544,6
4149648,9.961151193169107,3
4149653,9.899310093931916,5
4149663,9.791065708498534,10
4149681,9.620029477280275,18
4149692,9.764472837947363,11
4149703,9.749299336395229,11
4149712,9.841203292625814,9
4149718,9.905975313191227,6
4149730,9.753145340465373,12
4149735,9.90965987816468,5
4149736,10.0,1
4149737,10.0,1
4149745,9.842149556749693,8
4149752,9.865720488123264,7
4149764,9.7387402912661,12
4149769,9.927774630182935,5
4149771,9.973770557883938,2
4149778,9.879216358988382,7
4149787,9.818232518189252,9
4149801,9.62098216787782,14
4149813,9.763829201816717,12
4149823,9.801097024440221,10
4149834,9.769763947516797,11
4149844,9.83033767203307,10
4149851,9.858091457299121,7
4149871,9.475127153435363,20
4149879,9.85782289241061,8
4149886,9.868798205039493,7
4149894,9.875899602880674,8
4149908,9.683936736560625,14
4149917,9.821152761335332,9
4149927,9.778274226108383,10
4149944,9.60641268192066,17
4149956,9.631517345804992,12
4149960,9.937945855562663,4
4149969,9.831918238854547,9
4149974,9.909978834915933,5
4149982,9.849775605571569,8
4149991,9.699141605535853,9
4149999,9.834518509232657,8
4150007,9.828633156882288,8
4150013,9.91866634256715,6
4150017,9.940468853473634,4
4150018,10.0,1
4150025,9.875537923509173,7
4150037,9.543467400006989,12
4150051,9.68794616740129,14
4150056,9.918560342787316,5
4150066,9.79239392861371,10
4150075,9.81536613894731,9
4150082,9.868588093743005,7
4150092,9.795031287436874,10
4150107,9.698011717316565,15
4150111,9.94593084064546,4
4150114,9.961516065742831,3
4150128,9.680086076473792,14
4150136,9.847743930621661,8
4150137,9.988492840985279,1
4150145,9.852093692509929,8
4150146,9.988904534256612,1
4150161,9.668343626919528,15
4150169,9.852939376126177,8
4150179,9.801283271063264,10
4150192,9.42119179402604,13
4150208,9.627218721590348,16
4150213,9.921385546405373,5
4150214,10.0,1
4150223,9.822725752434602,9
4150228,9.92601590793851,5
4150242,9.684453636813558,14
4150251,9.80456209046777,9
4150253,9.985274393956761,2
4150261,9.632076354742141,8
4150272,9.770837181811077,11
4150285,9.735108294543275,13
4150291,9.895341024510813,6
4150301,9.770445159172528,10
4150310,9.800993749119435,9
4150317,9.891972974168509,7
4150329,9.740912691809461,12
4150334,9.920031766712658,5
4150339,9.917792815096416,5
4150340,10.0,1
4150347,9.864641924295075,7
4150361,9.700945292593488,14
4150362,10.0,1
4150372,9.784905335108622,10
4150381,9.805794833545397,9
4150387,9.89677388845094,6
4150388,10.0,1
4150404,9.121889990323089,16
4150410,9.883198888243088,6
4150418,9.84977799360944,8
4150436,9.587581482749721,18
4150437,10.0,1
4150438,9.996806631003967,1
4150448,9.756584709963198,10
4150449,10.0,1
4150456,9.882912993048592,7
4150457,9.987930795440736,1
4150458,10.0,1
4150459,10.0,1
4150470,9.75886503989793,11
4150479,9.822486086031564,9
4150492,9.710133371870185,13
4150501,9.814841906781249,9
4150509,9.883235445952414,8
4150523,9.7093738209563,14
4150539,9.461582976737766,16
4150548,9.62300015707268,9
4150556,9.838299236617214,8
4150573,9.591098567701097,17
4150574,10.0,1
4150583,9.81661625638194,9
4150587,9.949666506396744,4
4150595,9.848631734328283,8
4150607,9.73309096265739,12
4150616,9.837721334715377,9
4150626,9.779951330368352,10
4150641,9.651460064466201,15
4150652,9.794124864923461,11
4150655,9.948206251761968,3
4150665,9.79437678243462,10
4150679,9.682774266878855,14
4150689,9.767829147870952,10
4150696,9.896739034069276,7
4150697,10.0,1
4150703,9.895067365064689,6
4150711,9.833985498147225,8
4150721,9.794560566289222,10
4150730,9.817132024277338,9
4150738,9.856263039173891,8
4150746,9.855820501219254,8
4150756,9.808575180187031,10
4150767,9.81279497770455,11
4150772,9.928616282158856,5
4150786,9.656684747883663,14
4150795,9.820984311977844,9
4150817,9.454302732659723,22
4150822,9.927191616018334,5
4150834,9.766871899773552,12
4150849,9.66006771989337,15
4150853,9.935587126755,4
4150857,9.948295103883092,4
4150871,9.709444596511556,14
4150879,9.84865450558971,8
4150880,10.0,1
4150889,9.835833783529667,9
4150899,9.788918721579023,10
4150913,9.723462573382033,14
4150925,9.763904486179563,12
4150930,9.924139176956402,5
4150935,9.910660330121578,5
4150942,9.865611443259008,7
4150952,9.403169166195674,10
4150967,9.665422647322735,15
4150977,9.76968762068007,10
4150987,9.802786247214566,10
4150998,9.759083357675697,11
4151005,9.874931919318193,7
4151017,9.735433276103176,12
4151024,9.87904306142764,7
4151047,9.408254675890062,23
4151057,9.819115812173507,10
4151066,9.831607474033719,9
4151074,9.834881460519698,8
4151083,9.811307187408836,9
4151087,9.94489491275289,4
4151101,9.677364335708127,14
4151105,9.946306402816415,4
4151110,9.915354140013184,5
4151113,9.969027605692752,3
4151129,9.613665546184897,16
4151137,9.842441703356634,8
4151145,9.85134698133207,8
4151150,9.928883943982587,5
4151151,9.992863921376866,1
4151162,9.77961475758271,11
4151176,9.683524776702983,14
4151185,9.801579426985832,9
4151198,9.741136424302692,13
4151206,9.852263452769533,8
4151213,9.85020648019565,7
4151224,9.75972724616272,11
4151234,9.76837574151113,10
4151246,9.707890202799025,12
4151247,10.0,1
4151252,9.930868277715044,5
4151262,9.789999796299046,10
4151263,10.0,1
4151273,9.77215034784163,10
4151279,9.899358231164825,6
4151287,9.843535061581306,8
4151300,9.707828479305714,13
4151313,9.715176876260808,13
4151322,9.818161475804596,9
4151330,9.86439156580973,8
4151331,10.0,1
4151339,9.868146339224646,8
4151354,9.638667638451004,15
4151366,9.731618489826635,12
4151374,9.853418825447005,8
4151380,9.885172548436003,6
4151391,9.759321003273225,11
4151396,9.90231658269621,5
4151406,9.808485513256791,10
4151413,9.855845766172868,7
4151418,9.927286301780008,5
4151422,9.948164295550459,4
4151426,9.94266705001811,4
4151427,10.0,1
4151436,9.82258568424847,9
4151440,9.944611010614402,4
4151443,9.955721435601363,3
4151444,10.0,1
4151453,9.832042264791571,9
4151461,9.836518370714165,8
4151469,9.864060167122657,8
4151481,9.736144004849761,12
4151490,9.810775512411691,9
4151498,9.837117977106862,8
4151508,9.799955261533613,10
4151509,10.0,1
4151525,9.609644348229818,16
4151526,10.0,1
4151529,9.964226906049841,3
4151535,9.911842807186536,6
4151546,9.782731378996836,11
4151560,9.676074656597494,14
4151573,9.719194571019985,13
4151588,9.644506140337686,15
4151602,9.477597654885136,14
4151606,9.930743079236215,4
4151619,9.702601135532857,13
4151625,9.882656273195337,6
4151633,9.846184372524169,8
4151643,9.803791895675456,10
4151656,9.718984036107468,13
4151665,9.866753529768191,9
4151672,9.863475472846474,7
4151679,9.87776448118193,7
4151690,9.776235968232832,11
4151693,9.96986064687503,3
4151704,9.781708930235123,11
4151718,9.680854122512866,14
4151726,9.852911752503568,8
4151733,9.86312955521132,7
4151740,9.891310115191917,7
4151743,9.948039578975356,3
4151746,9.964958221229745,3
4151759,9.71064879783021,13
4151764,9.91097809341622,5
4151767,9.960942268374374,3
4151779,9.739559540007118,12
4151786,9.849495706164731,7
4151792,9.792063021032531,6
4151799,9.864034338809326,7
4151808,9.837192581798545,9
4151809,10.0,1
4151812,9.957410654394302,3
4151829,9.616192804719196,17
4151834,9.917544074993573,5
4151839,9.917345612489116,5
4151840,10.0,1
4151844,9.939643816503663,4
4151851,9.856188497949988,7
4151852,10.0,1
4151854,9.983261815533702,2
4151859,9.912425795144333,5
4151872,9.515137087013931,13
4151887,9.668783199554987,15
4151897,9.780434128431455,10
4151898,9.987866501664124,1
4151899,9.988235145354729,1
4151903,9.944926691074363,4
4151904,10.0,1
4151921,8.998950501467696,17
4151931,9.804290976426703,10
4151932,9.988633873613033,1
4151937,9.895412455490328,5
4151938,10.0,1
4151953,9.616874624272738,15
4151964,9.753327656620483,11
4151975,9.76184450072084,11
4151976,10.0,1
4151987,9.789069151300586,11
4152000,9.71796901081689,13
4152006,9.889749931652297,6
4152007,10.0,1
4152020,9.712389998961326,13
4152027,9.853945329716156,7
4152028,10.0,1
4152045,9.707230724656137,17
4152057,9.710639482991606,12
4152066,9.823428391810573,9
4152078,9.765785192529613,12
4152088,9.810065130701378,10
4152096,9.817927668233976,8
4152098,9.985280662807995,2
4152115,9.690241805524671,17
4152129,9.682497753369349,14
4152143,9.707290263992231,14
4152154,9.780999517413168,11
4152155,10.0,1
4152165,9.812854977011446,10
4152171,9.89971454003261,6
4152177,9.89326693047806,6
4152187,9.814497294890405,10
4152193,9.869768810455698,6
4152200,9.895333704400437,7
4152211,9.774959824768802,11
4152215,9.942450717562558,4
4152216,10.0,1
4152231,9.648532002186593,15
4152239,9.83444595102262,8
4152246,9.859741406445288,7
4152249,9.959764586775409,3
4152255,9.89529254081586,6
4152256,10.0,1
4152269,9.710481113713515,13
4152279,9.794197715208004,10
4152288,9.82181335288994,9
4152299,9.76429990629328,11
4152305,9.896716922496498,6
4152317,9.754231878465115,12
4152320,9.949840683816564,3
4152329,9.83940420293565,9
4152340,9.74995344865575,11
4152352,9.729657646953607,12
4152357,9.925421700680161,5
4152364,9.864712663662015,7
4152375,9.772562527234431,11
4152382,9.864090229875444,7
4152390,9.820462988763886,8
4152404,9.665529888748651,14
4152405,10.0,1
4152408,9.949777039919924,3
4152426,9.546510330485317,18
4152437,9.771912203138157,11
4152443,9.901025052069919,6
4152454,9.740739795915855,11
4152460,9.903488347223965,6
4152462,9.97441589847944,2
4152476,9.408829744689038,14
4152483,9.88352319613464,7
4152495,9.726037177223258,12
4152499,9.935964231205,4
4152500,10.0,1
4152501,10.0,1
4152511,9.802959450834223,10
4152519,9.835879505929581,8
4152535,9.661245429775832,16
4152537,9.980901314840365,2
4152538,10.0,1
4152541,9.955964638524847,3
4152550,9.724980343186434,9
4152551,9.992400756317393,1
4152561,9.784110013220637,10
4152582,9.513011504273992,21
4152593,9.755935553922445,11
4152594,10.0,1
4152607,9.708675858647432,13
4152618,9.761882558282135,11
4152619,10.0,1
4152631,9.7431267467425,12
4152640,9.840574495837583,9
4152647,9.850598704989705,7
4152652,9.91208945935268,5
4152659,9.872661529525272,7
4152660,10.0,1
4152667,9.899223190557434,7
4153167,-208.80519690401002,500
4153178,9.768900941216563,11
4153195,9.564806839623307,17
4153667,-180.10684858494415,472
4153675,9.842280833360013,8
4153684,9.809349992188379,9
4153686,9.981361173995191,2
4153693,9.847200743672245,7
4153705,9.74484737717263,12
4153710,9.918996135227852,5
4153711,10.0,1
4153719,9.848626752486672,8
4153720,10.0,1
4153724,9.946333583580158,4
4153736,9.74357763818548,12
4153742,9.921142795764466,6
4153748,9.80886067055159,6
4153757,9.817413367879782,9
4153769,9.758644672651373,12
4153770,10.0,1
4153782,9.765730121535407,12
4153791,9.82120482034412,9
4153794,9.955987026602342,3
4153801,9.866793076876448,7
4153814,9.707185850639764,13
4153831,9.473721389669866,17
4153839,9.847754988761428,8
4153841,9.973414749945789,2
4153850,9.832135545039575,9
4153863,9.704383533735252,13
4153872,9.8305960727242,9
4153879,9.87362719294682,7
4153880,10.0,1
4153890,9.797515215236759,10
4153902,9.771470818792212,12
4153906,9.936540199422799,4
4153919,9.531621565724732,13
4153928,9.795846985916613,9
4153932,9.950605966170777,4
4153951,9.567210524879078,19
4153962,9.749916479793475,11
4153963,9.995953605953595,1
4153971,9.839026950232169,8
4153983,9.538792364825373,12
4153984,10.0,1
4153988,9.947778646886018,4
4153998,9.804271700677466,10
4154009,9.756785592065581,11
4154023,9.742204537850602,14
4154035,9.720699846130731,12
4154036,10.0,1
4154045,9.70560972499309,9
4154056,9.787855451697375,11
4154068,9.741608448558228,12
4154077,9.809166202698453,9
4154083,9.899986377675893,6
4154090,9.873363713374715,7
4154095,9.911830005602374,5
4154105,9.804320923091613,10
4154115,9.788543996975442,10
4154119,9.942599946086935,4
4154129,9.815827976229773,10
4154134,9.909985835660828,5
4154146,9.765227633778604,12
4154157,9.784788020387188,11
4154168,9.759581789520531,11
4154178,9.79635779271735,10
4154179,10.0,1
4154185,9.901851872143585,6
4154194,9.817565824019482,9
4154202,9.819275875674034,8
4154206,9.929235144107148,4
4154216,9.828254982904507,10
4154224,9.863567071409495,8
4154231,9.772977241012253,7
4154237,9.899156414305569,6
4154246,9.812425297238807,9
4154254,9.866804510720952,8
4154263,9.812505861725798,9
4154275,9.74539840391111,12
4154278,9.949625481394596,3
4154292,9.583117780312207,14
4154293,10.0,1
4154304,9.778821323624989,11
4154305,10.0,1
4154306,10.0,1
4154316,9.780841378578446,10
4154327,9.763160550732787,11
4154334,9.859660874787949,7
4154337,9.960572106346357,3
4154338,10.0,1
4154353,9.662715036794818,15
4154362,9.707650094223805,9
4154371,9.836742565592406,9
4154377,9.888687884326352,6
4154389,9.744291703513337,12
4154396,9.864270157272085,7
4154406,9.58263454747964,10
4154424,9.598357234706855,18
4154426,9.970198446666295,2
4154434,9.846774409027153,8
4154441,9.853966316203811,7
4154447,9.907303104502155,6
4154450,9.956153495089607,3
4154451,10.0,1
4154454,9.962491260255906,3
4154463,9.81746839535506,9
4154472,9.80078835157177,9
4154476,9.927827562942126,4
4154482,9.889942689347311,6
4154488,9.909373619530362,6
4154494,9.901892064535769,6
4154495,10.0,1
4154506,9.76877042794814,11
4154516,9.801176710588917,10
4154530,9.479633137063836,14
4154539,9.828170325255146,9
4154543,9.93904741030183,4
4154548,9.93392309004087,5
4154550,9.972706016914566,2
4154562,9.765555651740595,12
4154563,10.0,1
4154564,10.0,1
4154580,9.446901267278799,16
4154588,9.821601579216651,8
4154589,10.0,1
4154596,9.877764502246869,7
4154613,9.590884148014162,17
4154620,9.85462279181646,7
4154629,9.80516310910821,9
4154639,9.787195078078424,10
4154650,9.748277025269028,11
4154663,9.70304484567879,13
4154675,9.740803925543672,12
4154689,9.714847559160063,14
4154693,9.933591809148046,4
4154700,9.867609412646768,7
4154706,9.888350414714303,6
4154717,9.761628132258231,11
4154729,9.744434613202648,12
4154730,9.992882883551923,1
4154731,10.0,1
4154734,9.943673434808257,3
4154739,9.915039135102587,5
4154742,9.9548690180764,3
4154747,9.9091734134684,5
4154748,9.995910438753945,1
4154754,9.89138754104459,6
4154762,9.842721113727501,8
4154777,9.656612784673815,15
4154788,9.73615773971738,11
4154801,9.709080430799068,13
4154812,9.757870358559124,11
4154813,10.0,1
4154824,9.748260015233722,11
4154825,10.0,1
4154826,10.0,1
4154834,9.867500255146258,8
4154845,9.805258502627682,11
4154857,9.733590528578581,12
4154870,9.725351669507157,13
4154878,9.852260765132622,8
4154883,9.712104876519776,5
4154890,9.873473919557085,7
4154895,9.913370479073722,5
4154907,9.75739094551915,12
4154922,9.657371206213195,15
4154926,9.932134639374338,4
4154932,9.880123478478524,6
4154936,9.95384779571675,4
4154939,9.958819876119064,3
4154949,9.80908968192154,10
4154954,9.917611889034252,5
4154966,9.745933099979032,12
4154967,10.0,1
4154968,10.0,1
4154976,9.848472987250936,8
4154986,9.780703749991524,10
4154992,9.879912746260679,6
4154999,9.867637834757328,7
4155000,9.993549901603755,1
4155002,9.985339417281034,2
4155016,9.675885994143016,14
4155035,9.525096282907485,19
4155048,9.729052481692392,13
4155053,9.913560099379222,5
4155057,9.940983776858245,4
4155068,9.768501816834036,11
4155074,9.887919870435576,6
4155081,9.849918920704042,7
4155085,9.938860118449952,4
4155086,10.0,1
4155090,9.927525856091917,4
4155097,9.864989727102303,7
4155103,9.905484117347163,6
4155104,10.0,1
4155105,9.99208789468752,1
4155106,10.0,1
4155112,9.886130419832433,6
4155115,9.960655760979552,3
4155124,9.80268185603504,9
4155125,10.0,1
4155134,9.832801698298308,9
4155140,9.896506786549322,6
4155152,9.745245687800544,12
4155161,9.836405535724033,9
4155174,9.67733235997722,13
4155182,9.849417492328872,8
4155183,9.987972674285576,1
4155193,9.77765994273662,10
4155205,9.734308759197958,12
4155209,9.948384413486567,4
4155221,9.761782714407364,12
4155225,9.935212708413571,4
4155231,9.889310953325797,6
4155232,9.989161389354136,1
4155233,10.0,1
4155237,9.9333233470617,4
4155248,9.787739827677227,11
4155257,9.818947859238357,9
4155260,9.967257993079256,3
4155268,9.873361442732897,8
4155281,9.74130043959255,13
4155294,9.722938575577075,13
4155300,9.882812767461784,6
4155301,10.0,1
4155305,9.955702254030658,4
4155306,10.0,1
4155315,9.81056753466562,9
4155317,9.975196937267324,2
4155327,9.83407391439478,10
4155338,9.75218742808705,11
4155342,9.940452763971873,4
4155348,9.87491604629202,6
4155351,9.967221151068342,3
4155364,9.703883465630287,13
4155365,10.0,1
4155367,9.976143659970273,2
4155380,9.7143305024272,13
4155395,9.665709653295078,15
4155404,9.813449086150866,9
4155415,9.740456540640226,11
4155426,9.761268078824305,11
4155439,9.753416662028426,13
4155440,10.0,1
4155443,9.965432895148494,3
4155452,9.811241826507478,9
4155463,9.7572940701053,11
4155471,9.822634110624957,8
4155477,9.894237061276758,6
4155485,9.833273852257653,8
4155492,9.881621679746216,7
4155498,9.896155200227236,6
4155503,9.916055635581417,5
4155506,9.856453564442877,3
4155516,9.794164226268336,10
4155518,9.981184293342732,2
4155527,9.818390055221895,9
4155538,9.746313590971983,11
4155547,9.806700642779338,9
4155554,9.867835056023514,7
4155571,9.590412601392105,17
4155581,9.773880788697348,10
4155588,9.5886576346013,7
4155595,9.86081188935027,7
4155597,9.972507533973754,2
4155604,9.85960443984298,7
4155611,9.88801925165099,7
4155617,9.883676688536687,6
4155624,9.877512922957193,7
4155629,9.899067543627854,5
4155630,10.0,1
4155640,9.810844833787652,10
4155648,9.843003638841727,8
4155657,9.808666811082452,9
4155665,9.847101469840524,8
4155674,9.817140617894342,9
4155680,9.882262728376286,6
4155689,9.793864418893602,9
4155695,9.893384096628264,6
4155702,9.86072118730377,7
4155715,9.719180964382156,13
4155718,9.953766968279668,3
4155723,9.927950414495665,5
4155724,10.0,1
4155735,9.762197876565148,11
4155740,9.916747281644604,5
4155748,9.85544057023767,8
4155762,9.65085404906783,14
4155771,9.822316015978213,9
4155781,9.81609786703651,10
4155785,9.929868721529225,4
4155792,9.873618967712192,7
4155804,9.729379838625801,12
4155810,9.904944557717622,6
4155817,9.862699414922675,7
4155826,9.82769915189069,9
4155834,9.826018616041525,8
4155835,9.993012153643075,1
4155850,9.526604808991715,15
4155857,9.888155929084123,7
4155866,9.80285237443567,9
4155877,9.761642300286749,11
4155878,10.0,1
4155882,9.954897961943164,4
4155883,10.0,1
4155891,9.86094947780861,8
4155898,9.910676594564386,7
4155911,9.708269985971224,13
4155920,9.859493851066366,9
4155929,9.845486522122343,9
4155939,9.811284630310285,10
4155944,9.932722229710947,5
4155962,9.569192361387488,18
4155969,9.876697860298304,7
4155985,9.44122768208985,16
4155996,9.802119127080578,11
4156006,9.772315472201331,10
4156007,10.0,1
4156020,9.684659251218886,13
4156035,9.647328898050764,15
4156046,9.787491776510876,11
4156055,9.8200738154321,9
4156068,9.733002381586273,13
4156078,9.781147714800813,10
4156085,9.84157001664679,7
4156096,9.739636988262736,11
4156097,10.0,1
4156112,9.67065849174728,15
4156124,9.742312094183516,12
4156133,9.8006464098405,9
4156138,9.922034841280741,5
4156142,9.935476577226595,4
4156145,9.949763261830165,3
4156154,9.812144308342875,9
4156155,10.0,1
4156168,9.73052845874211,13
4156177,9.807409505643944,9
4156184,9.873607497683617,7
4156188,9.948055472128653,4
4156199,9.76967148444476,11
4156204,9.913794356312847,5
4156213,9.84786912498558,9
4156218,9.92108465489148,5
4156230,9.737514514314741,12
4156243,9.7016469011524,13
4156257,9.704867956686208,14
4156275,9.646229119468803,18
4156283,9.856169859361005,8
4156288,9.933029330099014,5
4156296,9.845263446938324,8
4156306,9.780547142982904,10
4156317,9.758363941225152,11
4156324,9.867186086417027,7
4156330,9.884343058998112,6
4156340,9.767674171890391,10
4156344,9.941294496548494,4
4156345,10.0,1
4156352,9.846232145889301,7
4156357,9.920000038517642,5
4156369,9.743803880498104,12
4156377,9.84557875012333,8
4156382,9.91136114606386,5
4156385,9.95602127632967,3
4156399,9.699234066122532,14
4156412,9.74410356995756,13
4156417,9.924752832468421,5
4156425,9.826865596738926,8
4156428,9.958526756868347,3
4156431,9.95796353979275,3
4156439,9.864215703934264,8
4156448,9.801516983295897,9
4156449,10.0,1
4156450,9.996476768298827,1
4156456,9.878442057662857,6
4156467,9.760183401007957,11
4156468,9.98883571073295,1
4156478,9.770902454144148,10
4156487,9.800682850699566,9
4156491,9.94048935573945,4
4156499,9.856673449840239,8
4156526,6.118573008901981,27
4156533,9.86015002511057,7
4156548,9.685618172395577,15
4156549,10.0,1
4156556,9.868880839559688,7
4156557,10.0,1
4156560,9.956805626227785,3
4156574,9.670438881412926,14
4156578,9.936314762095263,4
4156590,9.763044885755031,12
4156598,9.855957446906684,8
4156609,9.772053753234788,11
4156610,10.0,1
4156629,9.635963638720849,19
4156641,9.757648217865444,12
4156657,9.653311836369374,16
4156662,9.918766396195984,5
4156676,9.698351158141907,14
4156683,9.86206339621972,7
4156694,9.764972322148406,11
4156700,9.887669066870192,6
4156716,9.705667697365763,16
4156723,9.883835281265029,7
4156732,9.814962180031198,9
4156737,9.89573510039691,5
4156747,9.818719302417565,10
4156764,9.607533823900672,17
4156774,9.617100154698322,10
4156781,9.875536656639577,7
4156785,9.93890261058649,4
4156794,9.8084533193721,9
4156795,9.993341077255607,1
4156807,9.748969162959206,12
4156814,9.860932832566517,7
4156822,9.858297498390211,8
4156836,9.689080463560861,14
4156838,9.977680812853116,2
4156841,9.964957514198515,3
4156849,9.84772216911047,8
4156850,9.993261960144997,1
4156869,9.621139972930127,19
4156876,9.870150532459911,7
4156888,9.738641034029623,12
4156894,9.916259308070684,6
4156901,9.872559563759422,7
4156913,9.722572379413567,12
4156924,9.802145006815023,11
4156928,9.928865440852693,4
4156942,9.481679088779021,14
4156953,9.758149319346616,11
4156956,9.952971261937453,3
4156963,9.870997124332712,7
4156973,9.787385574095081,10
4156981,9.82536211629199,8
4156993,9.710155074899522,12
4157000,9.885216432034921,7
4157007,9.865875434599568,7
4157021,9.711555195921743,14
4157027,9.895038719142672,6
4157033,9.881382178511432,6
4157041,9.832254881970295,8
4157042,10.0,1
4157052,9.780193096198818,10
4157063,9.768388622449296,11
4157071,9.86020750297617,8
4157081,9.790937597612155,10
4157086,9.901020018764237,5
4157101,9.625908014996966,15
4157114,9.770838617077477,13
4157125,9.790886908935848,11
4157136,9.792899620677304,11
4157139,9.952026298601378,3
4157147,9.878602739082714,8
4157159,9.749698361020325,12
4157166,9.842913053257798,7
4157175,9.819645824892246,9
4157185,9.775837620890522,10
4157186,9.9914053992124,1
4157191,9.915428342869259,5
4157205,9.70971184422946,14
4157209,9.927025910664772,4
4157216,9.846541187005082,7
4157221,9.907751905379165,5
4157227,9.893607710308771,6
4157237,9.786756862113876,10
4157243,9.67870736776256,6
4157247,9.942406976680317,4
4157254,9.87763679682287,7
4157264,9.781713317926226,10
4157275,9.778283608634503,11
4157281,9.909099416702482,6
4157282,10.0,1
4157283,9.996245269516955,1
4157285,9.972163216139613,2
4157291,9.906497304773108,6
4157294,9.94593063546493,3
4157306,9.74167735222649,12
4157312,9.899072419674267,6
4157318,9.909432636672697,6
4157328,9.798118258442855,10
4157332,9.957830513732516,4
4157342,9.773481088079729,10
4157359,9.573442105347162,17
4157371,9.74479360428786,12
4157387,9.679685981880723,16
4157388,9.996632714743184,1
4157391,9.86207181999638,3
4157402,9.791099148222266,11
4157403,10.0,1
4157409,9.868789822335076,6
4157412,9.95633175391863,3
4157417,9.919418111052124,5
4157430,9.751913241725758,13
4157447,9.637438715380721,17
4157457,9.788067120219646,10
4157468,9.773654148694012,11
4157475,9.88437553762564,7
4157482,9.903593207091804,7
4157492,9.781241751480028,10
4157497,9.905240345121827,5
4157503,9.899047708849702,6
4157507,9.940851235376961,4
4157514,9.866731757840688,7
4157515,9.989183390768206,1
4157531,9.552856022617187,16
4157539,9.854894422799472,8
4157549,9.819928215162049,10
4157565,9.634532966398991,16
4157570,9.905351113072275,5
4157581,9.782819131842045,11
4157595,9.686046020357754,14
4157596,10.0,1
4157597,10.0,1
4157611,9.652444318958688,14
4157618,9.871909497971608,7
4157627,9.818769455613632,9
4157629,9.973751861997059,2
4157637,9.826471121499429,8
4157641,9.938615313229539,4
4157644,9.959057039395763,3
4157651,9.870248550472374,7
4157659,9.84106544205993,8
4157667,9.825505316798667,8
4157673,9.877282294181965,6
4157686,9.730104645204836,13
4157692,9.904616587363671,6
4157707,9.62274158599155,15
4157715,9.82942652218805,8
4157731,9.672795160136692,16
4157737,9.88430154237137,6
4157745,9.853366565258742,8
4157752,9.856800876984597,7
4157764,9.74511019713843,12
4158036,1.7562180217769416,272
4158043,9.873802709094841,7
4158045,9.984164280010818,2
4158050,9.913705326811128,5
4158056,9.887625965310871,6
4158065,9.802561390406,9
4158073,9.854310021657444,8
4158076,9.962368798329175,3
4158085,9.798621918595979,9
4158092,9.873411078793652,7
4158097,9.923976823370166,5
4158098,10.0,1
4158106,9.846532691513726,8
4158122,9.710564132543313,16
4158137,9.687342681696869,15
4158146,9.82049000635573,9
4158152,9.899259777977674,6
4158169,9.618877171266165,17
4158173,9.937988735754251,4
4158181,9.831422422367362,8
4158193,9.72830450159201,12
4158194,9.99283854479263,1
4158197,9.96404261712172,3
4158206,9.825857606298337,9
4158211,9.725469176881125,5
4158217,9.883736921743262,6
4158218,10.0,1
4158230,9.720486743095641,12
4158237,9.867496688437276,7
4158244,9.855551494381881,7
4158254,9.806282912092282,10
4158263,9.78747947864558,9
4158264,10.0,1
4158280,9.626096409311401,16
4158290,9.815562359284097,10
4158301,9.770025436330346,11
4158313,9.740808966991963,12
4158324,8.822884080983155,11
4158330,9.870106813207814,6
4158337,9.679420049905966,7
4158569,-3.076165011166019,232
4158572,9.954601510027208,3
4158578,9.88422054048118,6
4158590,9.764353828142958,12
4158591,10.0,1
4158592,10.0,1
4158602,9.781329826678741,10
4158625,9.449611208855131,23
4158640,9.689104572647018,15
4158650,9.784746778419596,10
4158659,9.813863495852543,9
4158710,9.015998304175811,51
4158715,9.925417315570398,5
4158730,9.639744644743317,15
4158736,9.877750923223719,6
4158744,9.8387466818603,8
4158750,9.878384735013272,6
4158754,9.934442134833422,4
4158763,9.810586467603422,9
4158772,9.81381841238061,9
4158781,9.811322952228673,9
4158790,9.828730511263442,9
4158801,9.758831703835492,11
4158810,9.815597698174793,9
4158823,9.692307452339403,13
4158831,9.841904881999863,8
4158840,9.798205195778214,9
4158852,9.738030686560748,12
4158866,9.703130268485197,14
4158879,9.727785781463998,13
4158885,9.902191143659815,6
4158902,9.687116789853683,17
4158912,9.828102234286549,10
4158917,9.922412450750745,5
4158930,9.707584441177712,13
4158940,9.777834212753406,10
4158950,9.796062142557375,10
4158957,9.860349658186035,7
4158964,9.896353540170495,7
4158975,9.745176083419356,11
4158982,9.884411121957864,7
4158994,9.7402343746983,12
4158998,9.95071327961243,4
4159004,9.897138447717225,6
4159006,9.977977843522128,2
4159009,9.950687260294348,3
4159021,9.74993471576965,12
4159033,9.732984311927746,12
4159034,10.0,1
4159041,9.895755839590333,7
4159052,9.75931824627611,11
4159062,9.677447559441253,10
4159065,9.96132493673354,3
4159069,9.949424395656727,4
4159080,9.79480846256476,11
4159092,9.741813069991537,12
4159099,9.865697304268451,7
4159109,9.81657419281839,10
4159110,9.992870926468402,1
4159119,9.637387579414524,9
4159125,9.905222432018707,6
4159129,9.728826297691967,4
4159136,9.666585627004492,7
4159142,9.9018496543701,6
4159158,9.631424244756388,16
4159168,9.812402574172932,10
4159183,9.668893613081613,15
4159186,9.957339049478817,3
4159196,9.821022441427978,10
4159197,10.0,1
4159206,9.83505240341322,9
4159220,9.666976830997827,14
4159229,9.837587000076168,9
4159230,10.0,1
4159234,9.930032827892045,4
4159245,9.74215301574391,11
4159246,10.0,1
4159254,9.84103965363734,8
4159260,9.904127983993531,6
4159261,10.0,1
4159276,9.7524000494472,15
4159288,9.71118712496695,12
4159300,9.728638844700615,12
4159302,9.977031252182616,2
4159309,9.767201429676076,7
4159316,9.846669699715354,7
4159322,9.887009632157769,6
4159323,10.0,1
4159329,9.896476372241777,6
4159337,9.836311723913008,8
4159342,9.91097666849861,5
4159357,9.667535497049347,15
4159365,9.851659466157864,8
4159372,9.891155934413902,7
4159379,9.87576109856082,7
4159385,9.899657097372243,6
4159399,9.68774897433298,14
4159405,9.888197547785994,6
4159406,10.0,1
4159407,9.996762413969082,1
4159412,9.904829540401908,5
4159415,9.864965297199966,3
4159424,9.817125887422103,9
4159434,9.790978084166275,10
4159438,9.934063862906703,4
4159450,9.718180419141424,12
4159460,9.784017181332011,10
4159461,10.0,1
4159469,9.837126707611253,8
4159479,9.765705865872118,10
4159502,9.451388183274016,23
4159514,9.764232894803728,12
4159515,9.988600328616045,1
4159518,9.953330694988708,3
4159529,9.574636523358754,11
4159530,10.0,1
4159545,9.679543245166473,15
4159549,9.9266639213512,4
4159556,9.86544366804997,7
4159565,9.847619758959715,9
4159569,9.949881476246231,4
4159570,10.0,1
4159571,10.0,1
4159572,9.996269068771285,1
4159588,9.441755274206564,16
4159589,9.996087505522397,1
4159602,9.717170960744962,13
4159603,10.0,1
4159607,9.940804141967293,4
4159610,9.961676162481593,3
4159624,9.689306323165146,14
4159633,9.822378512454472,9
4159634,10.0,1
4159641,9.854298378632604,7
4159642,10.0,1
4159644,9.975056251213644,2
4159653,9.794550931901853,9
4159660,9.870714194536637,7
4159661,10.0,1
4159668,9.87643122486052,7
4159680,9.742749962394438,12
4159688,9.862258020933085,8
4159694,9.87763778632473,6
4159700,9.90506022679871,6
4159707,9.839915993492886,7
4159709,9.984006482783522,2
4159711,9.973682199620981,2
4159730,9.580861766873078,19
4159740,9.798402401446115,10
4159747,9.876402770973796,7
4159751,9.922673576976644,4
4159758,9.895727349358944,7
4159762,9.939085036931758,4
4159769,9.851172266492844,7
4159772,9.963283396390786,3
4159778,9.890988383329901,6
4159783,9.908208604033428,5
4159793,9.791127257238534,10
4159794,10.0,1
4159802,9.83252766452738,8
4159818,8.73677654173655,16
4159826,9.841876977997687,8
4159837,9.773792403061888,11
4159844,9.894116771811664,7
4159852,9.827831742005486,8
4159863,9.592482671841559,11
4159870,9.862599844205429,7
4159871,10.0,1
4159884,9.731367125090818,13
4159893,9.835456876197837,9
4159896,9.953718581075528,3
4159897,10.0,1
4159909,9.732951920560064,12
4159916,9.880895887941463,7
4159919,9.949764010971874,3
4159924,9.915764202567226,5
4159937,9.709221734328136,13
4159947,9.779149024325305,10
4159950,9.954851137628022,3
4159962,9.719722260597413,12
4159965,9.964769212412515,3
4159969,9.929735243492306,4
4159986,9.651730360854131,17
4160000,9.680124989893843,14
4160004,9.930541112949001,4
4160008,9.943314305708485,4
4160026,9.609748938952068,18
4160031,9.90994645101829,5
4160032,9.993021039227363,1
4160045,9.711795128189504,13
4160051,9.912330746868346,6
4160058,9.847161725252395,7
4160066,9.852026205987844,8
4160072,9.87412182504162,6
4160079,9.872596066190344,7
4160088,9.821889215777682,9
4160103,9.428524172332338,15
4160104,10.0,1
4160111,9.863106267753947,7
4160117,9.90030707960478,6
4160130,9.72527494886536,13
4160132,9.983856339786943,2
4160140,9.839936288613861,8
4160160,9.571353677019404,20
4160170,9.804516469554954,10
4160184,9.703673028292002,14
4160192,9.885189108455528,8
4160198,9.890772521621159,6
4160204,9.91880007015368,6
4160215,9.753689444798232,11
4160218,9.973826687271641,3
4160227,9.831531426240806,9
4160236,9.816854371030729,9
4160244,9.850995304347485,8
4160245,10.0,1
4160249,9.93732134539061,4
4160257,9.852034073710811,8
4160262,9.902232420705753,5
4160271,9.816579840299406,9
4160274,9.956500140444136,3
4160275,10.0,1
4160288,9.716623986122293,13
4160301,9.705859808227784,13
4160302,10.0,1
4160311,9.830863393134482,9
4160317,9.901058518245534,6
4160327,9.791554109805483,10
4160328,10.0,1
4160337,9.847961724523323,9
4160347,9.786803367225904,10
4160366,9.608276468222297,19
4160381,9.629807122503786,15
4160390,9.825135457027663,9
4160392,9.969447452314983,2
4160399,9.856808243011585,7
4160405,9.916490870773556,6
4160406,9.995793691464975,1
4160420,9.723066023217452,14
4160421,10.0,1
4160432,9.743551798704582,11
4160441,9.716305695272796,9
4160450,9.823883037189793,9
4160457,9.853597913311912,7
4160469,9.79224540778633,12
4160478,9.828786351224561,9
4160479,10.0,1
4160488,9.831015858670646,9
4160496,9.839033514333627,8
4160497,9.991708885172036,1
4160501,9.927737080885745,4
4160510,9.825774269750903,9
4160511,10.0,1
4160516,9.909908319072073,5
4160522,9.894971792800934,6
4160529,9.872392107807805,7
4160551,9.494019961397042,22
4160559,9.831891401365297,8
4160567,9.843785322650325,8
4160580,9.718799223448624,13
4160590,9.820981017739404,10
4160593,9.96074322173801,3
4160598,9.918821009545793,5
4160608,9.778516465917193,10
4160613,9.924978001907995,5
4160620,9.868589299187718,7
4160621,10.0,1
4160627,9.904556179928692,6
4160639,9.73453334789749,12
4160642,9.966890362092641,3
4160648,9.894670372403096,6
4160665,9.588482419746494,17
4160671,9.890864805664728,6
4160678,9.87343061859368,7
4160686,9.84084011268784,8
4160687,9.988857318242152,1
4160695,9.833377385084411,8
4160709,9.68731047279426,14
4160717,9.83576854780162,8
4160728,9.746708665017495,11
4160733,9.937430360329792,5
4160739,9.908004558074651,6
4160740,10.0,1
4160744,9.932146176525645,4
4160753,9.799997840819994,9
4160754,10.0,1
4160764,9.773835199660347,10
4160774,9.801653423712661,10
4160784,9.805713039705177,10
4160796,9.757002112988005,12
4160809,9.696150386923254,13
4160820,9.765907071496773,11
4160826,9.893694380264487,6
4160836,9.779378403437196,10
4160837,10.0,1
4160842,9.911668284659852,5
4160845,9.959127958401082,3
4160850,9.93061829638449,5
4160858,9.845849774475564,8
4160862,9.954515299929202,4
4160866,9.936443260219354,4
4160878,9.753470649155053,12
4160889,9.571978650375474,11
4160891,9.969797743837356,2
4160893,9.984307943312421,2
4160902,9.824990205573133,9
4160914,9.755344303392615,12
4160923,9.825434802380382,9
4160927,9.930232023903159,4
4160941,9.687124400749983,14
4160957,9.623591930087537,16
4160970,9.702923332361383,13
4160980,9.80908093075697,10
4161012,9.22223150183605,32
4161020,9.834946929485014,8
4161031,9.776130536550786,11
4161041,9.789369287039895,10
4161050,9.818457762003998,9
4161060,9.57233523677507,10
4161071,9.782335380466378,11
4161078,9.88918079604983,7
4161079,10.0,1
4161088,9.833108393945905,9
4161104,9.614330360275714,16
4161105,10.0,1
4161119,9.673328364602668,14
4161123,9.945164427882792,4
4161130,9.861181740579633,7
4161140,9.792912713491768,10
4161147,9.868189560314656,7
4161162,9.680527595430075,15
4161166,9.944659317168432,4
4161173,9.86238473310304,7
4161181,9.827539999175324,8
4161192,9.77658773366589,11
4161214,9.326509793680943,22
4161229,9.679329161788473,15
4161241,9.753275723400458,12
4161246,9.925995365083136,5
4161249,9.951711229903493,3
4161256,9.85685825238266,7
4161261,9.927257776539754,5
4161267,9.889561174715652,6
4161274,9.895432021076395,7
4161283,9.806419509385531,9
4161290,9.865269563231049,7
4161301,9.763872112410017,11
4161311,9.787075507400893,10
4161317,9.905206360978411,6
4161326,9.825887235102508,9
4161336,9.813573879298284,10
4161347,9.755200474135481,11
4161352,9.917882825278461,5
4161358,9.891069814627386,6
4161364,9.877339318819075,6
4161370,9.877026324309735,6
4161378,9.866802529209762,8
4161391,9.70791448895601,13
4161403,9.739642158409882,12
4161407,9.946902441089792,4
4161412,9.921049048848584,5
4161422,9.787499470716151,10
4161426,9.939312674862357,4
4161433,9.88636242596702,7
4161447,9.677012523856689,14
4161460,9.739691123786267,13
4161472,9.728151724365027,12
4161481,9.813309453867213,9
4161487,9.899592042505642,6
4161502,9.356406519535135,15
4161513,9.757105796261158,11
4161550,9.282767915934526,37
4161558,9.851618026230195,8
4161563,9.93801153052377,5
4161572,9.815824749868561,9
4161576,9.940706994396837,4
4161581,9.919965450689583,5
4161591,9.807063188320402,10
4161601,9.800158674743464,10
4161607,9.888799139441577,6
4161616,9.821422076097747,9
4161624,9.844226439612477,8
4161635,9.72272692581024,11
4161637,9.977099377024997,2
4161646,9.81444501907189,9
4161649,9.952270349985854,3
4161656,9.85826169945984,7
4161658,9.974027749422167,2
4161668,9.786638474111,10
4161675,9.891973070559168,7
4161684,9.595223218158534,9
4161691,9.871722521869643,7
4161703,9.71672130418951,12
4161709,9.892759874103119,6
4161717,9.837890870794576,8
4161723,9.8877864420988,6
4161734,9.775130990927675,11
4161744,9.802431090746456,10
4161753,9.806464967487276,9
4161766,9.706361470486659,13
4162266,-14.378587088502407,500
4162276,9.794853769755719,10
4162277,10.0,1
4162288,9.811657036717333,11
4162296,9.847807824158245,8
4162305,9.81431028253037,9
4162315,9.8075313779665,10
4162318,9.96213357042682,3
4162331,9.699488606519264,13
4162340,9.824892847393908,9
4162347,9.866537582337635,7
4162348,10.0,1
4162356,9.873305531033123,8
4162365,9.825803693050556,9
4162372,9.847847471290372,7
4162378,9.89940222072012,6
4162387,9.742417107963837,9
4162392,9.913119211166789,5
4162396,9.930097930074789,4
4162404,9.846985011233482,8
4162413,9.802496473505988,9
4162421,9.843107213110185,8
4162434,9.684813323996137,13
4162444,9.796769981574547,10
4162452,9.853730398454363,8
4162459,9.884010753786418,7
4162466,9.87597096057322,7
4162473,9.886795292723175,7
4162482,9.829915984598513,9
4162494,9.769423537727922,12
4162503,9.796012856629444,9
4162509,9.880924699218028,6
4162518,9.839043660983569,9
4162533,9.699200146522587,15
4162544,9.76937329274693,11
4162554,9.79583421400577,10
4162562,9.860608757834314,8
4162572,9.799302343747344,10
4162579,9.885530115920016,7
4162586,9.8511661755964,7
4162593,9.872911548952017,7
4162611,9.615890103198824,18
4162624,9.720037968351676,13
4162625,10.0,1
4162637,9.715746731560557,12
4162647,9.591686076524294,10
4162650,9.955740546931676,3
4162659,9.79757415887963,9
4162662,9.959442523256117,3
4162674,9.73045020534594,12
4162685,9.690501071032386,11
4162697,9.705623613777567,12
4162698,10.0,1
4162709,9.746771069763168,11
4162719,9.770557637718424,10
4162725,9.899873740456494,6
4162734,9.809805270649267,9
4162739,9.916071688619647,5
4162740,10.0,1
4162746,9.896998573421481,6
4162754,9.834722406352608,8
4162755,9.992630738016599,1
4162758,9.961888294364341,3
4162764,9.918252398720485,6
4162773,9.797955569727076,9
4162780,9.891332794886626,7
4162792,9.731133398736823,12
4162799,9.891303695313562,7
4162810,9.772090937298,11
4162819,9.800921499454615,9
4162820,10.0,1
4162829,9.831905193357121,9
4162845,9.656767428234616,16
4162856,9.79058027324841,11
4162861,9.93288488335714,5
4162866,9.933222635004384,5
4162873,9.872592410215475,7
4162881,9.829993626248752,8
4162887,9.907996584420768,6
4162897,9.7890081773019,10
4162905,9.849826007462207,8
4162908,9.960207123249837,3
4162912,9.9508711302474,4
4162917,9.90902391489512,5
4162919,9.976192361445023,2
4162924,9.923282526958657,5
4162926,9.98400366520904,2
4162930,9.92925270333934,4
4162939,9.829685102432286,9
4162949,9.838786964378492,10
4162951,9.978777532221061,2
4162956,9.910251262756896,5
4162958,9.971160659137793,2
4162963,9.908765548275104,5
4162970,9.889581213873369,7
4162981,9.769941279705431,11
4162991,9.823984910906947,10
4162999,9.837978953466921,8
4163005,9.881172086998749,6
4163014,9.824193272204283,9
4163022,9.822482568531147,8
4163032,9.789924048507697,10
4163033,10.0,1
4163039,9.90353493852125,6
4163043,9.941801132713625,4
4163050,9.886686314139807,7
4163053,9.95865594233672,3
4163064,9.74975769990193,11
4163076,9.736992691587231,12
4163091,9.688532646907499,15
4163095,9.932111794967241,4
4163102,9.895420393151275,7
4163117,9.682197453255911,15
4163118,9.99574032623528,1
4163124,9.897139725318667,6
4163138,9.693819969462531,14
4163139,10.0,1
4163154,9.587797376374553,15
4163159,9.91744476949765,5
4163176,9.642748156924172,17
4163177,10.0,1
4163185,9.830037258978738,8
4163196,9.796126699898972,11
4163197,10.0,1
4163208,9.778266617207398,11
4163212,9.93844516024152,4
4163219,9.88230077901305,7
4163231,9.737918000750424,12
4163244,9.746705722662623,13
4163251,9.89421343919967,7
4163252,10.0,1
4163260,9.831539114833953,8
4163272,9.648340346238514,12
4163274,9.981583764280662,2
4163283,9.80379443643925,9
4163288,9.915193220020127,5
4163295,9.865116367977896,7
4163300,9.922408991509,5
4163311,9.743910094919213,11
4163325,9.478716416555084,14
4163337,9.784438828408652,12
4163343,9.88169944947798,6
4163344,10.0,1
4163348,9.923160518839579,4
4163356,9.751045707277523,8
4163362,9.90917091829489,6
4163375,9.750230788656157,13
4163382,9.870129314933033,7
4163383,9.988197421904896,1
4163395,9.765640264938808,12
4163408,9.691580287496869,13
4163423,9.656880838573267,15
4163427,9.945829160306642,4
4163444,9.17800320097272,17
4163457,9.402363206226587,13
4163459,9.97460400660347,2
4163470,9.768644954473329,11
4163481,9.772522035582567,11
4163486,9.913052016405304,5
4163500,9.715998295125091,14
4163509,9.856619902024631,9
4163524,9.566507235930933,15
4163527,9.955762205315157,3
4163537,9.813868230128113,10
4163545,9.850929335361243,8
4163550,9.919932020616054,5
4163560,9.783258498838805,10
4163572,9.779821829172759,12
4163579,9.86549218808024,7
4163595,9.641561768341766,16
4163601,9.90333330345254,6
4163605,9.948704125677017,4
4163611,9.897053937420663,6
4163622,9.763069545903809,11
4163632,9.7915439958137,10
4163640,9.63214398426236,8
4163654,9.686269453804972,14
4163655,10.0,1
4163667,9.756019053791036,12
4163681,9.671437717180996,14
4163684,9.952689398607587,3
4163700,9.632896042415846,16
4163708,9.841198993661074,8
4163715,9.876756135918534,7
4163716,10.0,1
4163729,9.697080645472578,13
4163742,9.710695817792114,13
4163754,9.726218738266853,12
4163761,9.884263653695207,7
4163765,9.941919599972142,4
4163775,9.784286961453295,10
4163782,9.867346829377254,7
4163789,9.886083570835694,7
4163790,10.0,1
4163804,9.658820957987507,14
4163806,9.984716153429702,2
4163817,9.760253072956386,11
4163819,9.973603422769454,2
4163830,9.767457007994391,11
4163835,9.913852807978186,5
4163846,9.791598676215559,11
4163855,9.81331945793852,9
4163863,9.660024716419757,8
4163870,9.856415015605002,7
4163877,9.857472915676235,7
4163885,9.84843471049028,8
4163893,9.842614818384142,8
4163908,9.647921251397726,15
4163913,9.934277501809872,5
4163919,9.885097831788457,6
4163921,9.97224663665372,2
4163927,9.89681435903656,6
4163934,9.867714275585705,7
4163935,10.0,1
4163939,9.933793464112437,4
4163945,9.903930543980143,6
4163954,9.828469968651943,9
4163962,9.737605720160145,8
4163964,9.980376827615768,2
4163977,9.694236827511778,13
4163992,9.651993773767297,15
4164005,9.705956475550314,13
4164013,9.828749885461216,8
4164020,9.883056867269664,7
4164032,9.705029981451126,12
4164048,9.640490517664315,16
4164060,9.722450131412185,12
4164070,9.776206527835463,10
4164082,9.755730691537753,12
4164083,10.0,1
4164084,9.99654912445723,1
4164097,9.697035689691853,13
4164104,9.867522740671319,7
4164117,9.741903659569413,13
4164120,9.955089584075766,3
4164126,9.893371285465268,6
4164131,9.908388879983297,5
4164135,9.939542951362638,4
4164148,9.695774641469406,13
4164164,9.613160704703859,16
4164172,9.847914818927373,8
4164183,9.760957787704827,11
4164190,9.858837703824973,7
4164205,9.698091621369985,15
4164209,9.948084849378725,4
4164221,9.714313847239174,12
4164222,9.99265665565494,1
4164235,9.685542074269172,13
4164386,-31.50348459134909,151
4164401,9.676610276507027,15
4164412,9.746816688120788,11
4164423,9.763258731825431,11
4164432,9.709406978361,9
4164441,9.760448439727277,9
4164451,9.825695036412501,10
4164462,9.760253623080272,11
4164470,9.852976841222288,8
4164475,9.930706349770075,5
4164481,9.890989637352217,6
4164490,9.807856923308353,9
4164499,9.839536535856558,9
4164515,9.647023835909824,16
4164519,9.9387455463677,4
4164520,10.0,1
4164521,10.0,1
4164531,9.778396692517724,10
4164543,9.735712875762369,12
4164555,9.73952737910404,12
4164562,9.87618526413788,7
4164575,9.724458075743888,13
4164576,10.0,1
4164588,9.775130433023497,12
4164589,10.0,1
4164594,9.91863721663655,5
4164603,9.821122289213772,9
4164608,9.934018771199222,5
4164617,9.835559472847581,9
4164623,9.875690294924368,6
4164632,9.811471354040615,9
4164644,9.736376302592747,12
4164653,9.836596548284746,9
4164654,10.0,1
4164655,10.0,1
4164674,9.610746068330508,19
4164688,9.769260007715674,14
4164695,9.851006350412144,7
4164702,9.86780455706933,7
4164711,9.808727250302441,9
4164712,9.993172092601528,1
4164733,9.553096573003932,21
4164747,9.704118331135543,14
4164765,9.588812915570063,18
4164778,9.72612590973446,13
4164785,9.87466267078802,7
4164792,9.868292450525093,7
4164805,9.714134601492102,13
4164817,9.724993253268853,12
4164818,10.0,1
4164823,9.899439520123478,5
4164834,9.778857282616807,11
4164835,10.0,1
4164846,9.771333994672737,11
4164851,9.903691371418788,5
4164864,9.70216098461956,13
4164871,9.870340428343232,7
4164879,9.82795429198264,8
4164889,9.818447164099815,10
4164901,9.762641596164716,12
4164902,10.0,1
4164918,9.63871866377914,16
4164925,9.863699613385526,7
4164932,9.868006046568725,7
4164935,9.96670188203079,3
4164936,10.0,1
4164941,9.900927865223252,5
4164952,9.774161334417325,11
4164958,9.906133413087003,6
4164962,9.946425779087159,4
4164973,9.783945301694569,11
4164976,9.957456956022513,3
4164978,9.970735052037604,2
4164986,9.874966521602083,8
4164991,9.91357719526494,5
4165000,9.811180704971418,9
4165006,9.890581996213987,6
4165008,9.97891860792955,2
4165012,9.939729647554795,4
4165020,9.819088427600013,8
4165036,9.606740759431723,16
4165046,9.780587069080036,10
4165057,9.776477894881035,11
4165058,9.989383494995128,1
4165069,9.753222692834594,11
4165071,9.984104143520655,2
4165083,9.76911549076888,12
4165086,9.955578050895568,3
4165089,9.762200632798761,3
4165098,9.792222110790403,9
4165103,9.90975729758124,5
4165114,9.78998137494681,11
4165118,9.947249811328188,4
4165122,9.950717522660838,4
4165129,9.867929789151685,7
4165131,9.980269339297433,2
4165139,9.846254227890807,8
4165153,9.668988633132532,14
4165155,9.969752529249668,2
4165168,9.611516811232097,13
4165173,9.902828938226312,5
4165176,9.967120183653707,3
4165187,9.774746697427215,11
4165193,9.878660636879035,6
4165197,9.93342906475594,4
4165204,9.85321343035156,7
4165205,9.989616638388089,1
4165216,9.802828870614052,11
4165233,9.038172756497096,17
4165245,9.795484373123767,12
4165254,9.830604603987243,9
4165273,9.575906111070767,19
4165284,9.767389172773903,11
4165295,9.778435793052267,11
4165303,9.835100387132792,8
4165314,9.75381790884611,11
4165334,9.497745434467909,20
4165342,9.840673634911658,8
4165351,9.835151078651762,9
4165370,9.111114771351424,19
4165375,9.918249830617325,5
4165384,9.83785068959941,9
4165393,9.837963282190387,9
4165394,10.0,1
4165399,9.923251885486952,5
4165403,9.939869343595475,4
4165413,9.81515951297882,10
4165423,9.796521542713847,10
4165438,9.662965610609252,15
4165445,9.866104612653883,7
4165455,9.79842840937285,10
4165462,9.861608309563724,7
4165474,9.721866366940052,12
4165490,9.64963649438571,16
4165500,9.803916868619522,10
4165507,9.874785841785233,7
4165513,9.90336016744004,6
4165519,9.902202505189706,6
4165520,9.99250515894685,1
4165524,9.936926579373036,4
4165532,9.85026782917288,8
4165535,9.959469989915023,3
4165540,9.911662281986185,5
4165550,9.786124154855045,10
4165552,9.974605471741143,2
4165566,9.714098340100852,14
4165576,9.766205377418288,10
4165581,9.901193575412893,5
4165589,9.853085392813623,8
4165596,9.889224892585558,7
4165597,9.996672074699896,1
4165609,9.742455994900364,12
4165610,10.0,1
4165627,9.677412276000068,17
4165633,9.900974263424057,6
4165634,10.0,1
4165646,9.7494827792411,12
4165658,9.71563934116978,12
4165667,9.80291173389749,9
4165668,10.0,1
4165675,9.8715122672135,7
4165684,9.8132007330702,9
4165694,9.787127632562363,10
4165701,9.850252893164289,7
4165714,9.694628776063032,13
4165726,9.71984058717989,12
4165728,9.969843476397813,2
4165739,9.753291208999574,11
4165746,9.861383831805163,7
4165761,9.668943604253457,15
4165762,10.0,1
4165774,9.719880544232861,12
4165788,9.676905325257634,14
4165797,9.842288341108386,9
4165813,9.64816052207881,16
4165814,9.98786554830964,1
4165828,9.682650782778664,14
4165832,9.941984158046713,4
4165833,10.0,1
4165848,9.658828560598778,15
4165852,9.939008575751076,4
4165853,10.0,1
4165859,9.900426776063016,6
4165860,10.0,1
4165861,10.0,1
4165862,9.988819805031063,1
4165873,9.764425798659744,11
4165884,9.762515330496344,11
4165886,9.96961611185322,2
4165890,9.933385346827736,4
4165894,9.927322605346582,4
4165902,9.852202757195453,8
4165908,9.886523937961867,6
4165914,9.875321522726827,6
4165928,9.69571715152262,14
4165937,9.852652205643581,9
4165943,9.904288029313147,6
4165953,9.817048590505669,10
4165957,9.933886775885757,4
4165963,9.893977755442707,6
4165964,9.988780274170006,1
4165970,9.907958612630097,6
4165971,10.0,1
4165974,9.960763188607928,3
4165983,9.8234418029843,9
4165984,10.0,1
4165993,9.798650658532926,9
4166003,9.764292790121697,10
4166008,9.900986105472274,5
4166035,9.446658026368144,27
4166044,9.790031580548009,9
4166051,9.90761604201077,7
4166052,10.0,1
4166062,9.775059793253462,10
4166069,9.866600222508838,7
4166070,10.0,1
4166071,10.0,1
4166080,9.797911578947248,9
4166087,9.84632226520624,7
4166098,9.7601890142131,11
4166106,9.841556093668837,8
4166111,9.931893603998512,5
4166117,9.876274887807803,6
4166124,9.773045077104761,7
4166134,9.788595092243256,10
4166141,9.859805207356752,7
4166149,9.83875668584099,8
4166156,9.857411339743875,7
4166165,9.808477586968475,9
4166175,9.770879894108054,10
4166197,7.8586835415438285,22
4166204,9.859356608304855,7
4166207,9.964082532303486,3
4166220,9.690653320656837,13
4166234,9.696227024745003,14
4166237,9.946111451635902,3
4166246,9.840067075249307,9
4166253,9.867754111219444,7
4166260,9.848462495129747,7
4166268,9.832400403525034,8
4166284,9.604185329905341,16
4166296,9.753087646694407,12
4166297,10.0,1
4166306,9.843367931373505,9
4166310,9.938662447417757,4
4166314,9.942866236910811,4
4166326,9.730159050517113,12
4166331,9.920273179883717,5
4166341,9.805447940162242,10
4166351,9.777391116771238,10
4166360,9.816142074685695,9
4166374,9.683772570604644,14
4166379,9.927110868061819,5
4166380,10.0,1
4166386,9.90670222610049,6
4166397,9.765845824082497,11
4166404,9.856376285074148,7
4166422,9.619623542138243,18
4166436,9.705190298828368,14
4166439,9.949371441911293,3
4166442,9.964478574324547,3
4166453,9.747009961022789,11
4166456,9.947637104495145,3
4166466,9.808404540100529,10
4166474,9.738726782786548,8
4166482,9.832632832051372,8
4166488,9.913861261357782,6
4166490,9.978892480588977,2
4166498,9.86044301398686,8
4166509,9.769405393226549,11
4166523,9.660152776195439,14
4166524,10.0,1
4166537,9.707278527979353,13
4166547,9.775448171987623,10
4166557,9.80606736389755,10
4166558,10.0,1
4166559,10.0,1
4166567,9.838274392353052,8
4166578,9.771551837069119,11
4166590,9.752333545959567,12
4166592,9.967026007698678,2
4166602,9.797609495426528,10
4166612,9.785430284825354,10
4166621,9.802914650505262,9
4166626,9.931341768717228,5
4166637,9.798055950291246,11
4166639,9.97556536738049,2
4166642,9.950412023461402,3
4166651,9.85304313526569,9
4166656,9.9379647777886,5
4166667,9.791711274288167,11
4166677,9.786634509675924,10
4166686,9.81156063684736,9
4166698,9.761523969687737,12
4166704,9.89115987567974,6
4166710,9.886846865012508,6
4166712,9.979540987894495,2
4166720,9.841908584342919,8
4166725,9.91853076317839,5
4166736,9.768443433291457,11
4166745,9.817337805879669,9
4166755,9.776419040367209,10
4166760,9.906842817409114,5
4166769,9.843512906578026,9
4166770,9.987843162917626,1
4166777,9.847923048547813,7
4166786,9.807979401097512,9
4166789,9.952793993034986,3
4166804,9.659639947593718,15
4166813,9.821861692530318,9
4166819,9.878088471323787,6
4166828,9.830246684372867,9
4166834,9.89707573090481,6
4166843,9.811860669311043,9
4166856,9.710911970790992,13
4166864,9.824547685829188,8
4166872,9.839352208099267,8
4166878,9.897082125510403,6
4166887,9.822197164626942,9
4166897,9.791044133941327,10
4166909,9.754785774738965,12
4166910,10.0,1
4166913,9.953063232849635,3
4166924,9.770878060111189,11
4166935,9.76852228086575,11
4166948,9.6897580354361,13
4166957,9.805742955704858,9
4166958,10.0,1
4166965,9.851144724101701,7
4166974,9.836953012990328,9
4166981,9.863963983995449,7
4166990,9.606204881846347,9
4167000,9.770878858725462,10
4167004,9.948879815881085,4
4167008,9.941123929931063,4
4167010,9.977686015428928,2
4167016,9.893387607347169,6
4167034,9.603792377564062,18
4167041,9.869066591564593,7
4167052,9.773228480487518,11
4167064,9.719116592551654,12
4167078,9.666047923411073,14
4167086,9.835990594225947,8
4167097,9.762142155839934,11
4167108,9.764229020879108,11
4167118,9.784081043307832,10
4167121,9.952828804830544,3
4167131,9.781988506745826,10
4167138,9.873551666371542,7
4167145,9.869290079267538,7
4167152,9.884152529798584,7
4167162,9.830961948738919,10
4167174,9.737714171362038,12
4167182,9.833460274378902,8
4167193,9.776424344856988,11
4167204,9.766069435985482,11
4167215,9.750448297990957,11
4167715,-203.17353798107953,500
4167722,9.88464132995217,7
4167725,9.958988222957712,3
4167733,9.84548703576657,8
4167740,9.85757919863508,7
4167741,9.992916823817557,1
4167747,9.889896008864337,6
4167757,9.791082206009932,10
4167764,9.897105678250067,7
4167776,9.729706322290946,12
4167785,9.822554348030497,9
4167794,9.822696585396727,9
4167811,9.632648695419984,17
4167821,9.813839754453715,10
4167833,9.749389022625625,12
4167842,9.847266653753215,9
4167853,9.79957333535242,11
4167861,9.839101627125206,8
4167877,9.669221291051493,16
4167907,9.322462959383369,30
4167911,9.937303401733345,4
4167919,9.842938606951652,8
4167943,9.378086593811064,24
4167953,9.811626197684687,10
4167968,9.659589183331043,15
4167969,10.0,1
4167975,9.89132566132192,6
4167976,10.0,1
4167984,9.744229504511171,8
4167992,9.85927651903904,8
4168000,9.863331534073446,8
4168005,9.918941831594138,5
4168019,9.719443733970834,14
4168029,9.771654796265654,10
4168045,9.696061394306014,16
4168047,9.971523992953625,2
4168048,10.0,1
4168058,9.783330740560867,10
4168066,9.848342420130075,8
4168085,9.528837078575252,19
4168088,9.964002230908019,3
4168096,9.7704391862773,8
4168106,9.824389465928512,10
4168112,9.90110959462631,6
4168126,9.677618873993126,14
4168127,10.0,1
4168135,9.852222145702326,8
4168145,9.807626118973747,10
4168155,9.792019610650254,10
4168165,9.831692736009922,10
4168174,9.84043122674379,9
4168176,9.972549845243499,2
4168178,9.970495633211268,2
4168187,9.826937058633344,9
4168193,9.880501911687826,6
4168204,9.783721248498873,11
4168212,9.868913702093906,8
4168220,9.822773837327977,8
4168226,9.886794552286004,6
4168236,9.792099006723376,10
4168248,9.728747778958207,12
4168255,9.874115528660555,7
4168269,9.68143267068951,14
4168277,9.843167504338089,8
4168287,9.784349885636209,10
4168294,9.867174696536692,7
4168307,9.746483854749519,13
4168332,9.497537661619681,25
4168342,9.81031442577201,10
4168354,9.738677008205944,12
4168366,9.834848844963554,12
4168371,9.911742685812726,5
4168375,9.945921662220421,4
4168382,9.861711179547417,7
4168396,9.688859490619521,14
4168398,9.98180595329781,2
4168410,9.743294072109428,12
4168414,9.93563054705143,4
4168423,9.828219443772122,9
4168434,9.793094521164356,11
4168440,9.902200644257316,6
4168466,9.40252469263408,26
4168474,9.856069878842595,8
4168483,9.797289023033816,9
4168484,10.0,1
4168492,9.871156501679478,8
4168498,9.878462880205559,6
4168501,9.948363605469975,3
4168513,9.759883448261212,12
4168517,9.938805170064919,4
4168525,9.839916509930623,8
4168532,9.885368271059448,7
4168537,9.903586573990781,5
4168545,9.836416317208574,8
4168546,10.0,1
4168556,9.798243737839329,10
4168557,10.0,1
4168564,9.877526385929448,7
4168573,9.798660777647287,9
4168579,9.900338627919117,6
4168598,9.534875867486141,19
4168612,9.698553651303513,14
4168616,9.948367493599248,4
4168627,9.66798861250986,11
4168628,10.0,1
4168631,9.961657440418099,3
4168633,9.978992636497843,2
4168634,10.0,1
4168645,9.76733074039841,11
4168661,9.687369101510415,16
4168666,9.930882020512827,5
4168675,9.82958617067822,9
4168685,9.711035669642913,10
4168686,10.0,1
4168694,9.854992219346366,8
4168705,9.58589665365094,11
4168711,9.895088650822059,6
4168722,9.742805552489049,11
4168726,9.948357070229202,4
4168731,9.916531657756705,5
4168735,9.94653616931666,4
4168737,9.968029832598567,2
4168744,9.871898420169163,7
4168757,9.675297998917426,13
4168760,9.949722508348817,3
4168764,9.931405108306539,4
4168784,9.113972256236263,20
4168799,9.677431751108818,15
4168811,9.741401562543848,12
4168812,10.0,1
4168821,9.830082242011231,9
4168829,9.848989891774009,8
4168830,10.0,1
4168839,9.81391419206768,9
4168843,9.935694279758028,4
4168850,9.872465934708558,7
4168856,9.89081305501189,6
4168862,9.897334045874262,6
4168863,10.0,1
4168880,9.605283651551028,17
4168881,10.0,1
4168883,9.985473938960162,2
4168886,9.953719279587508,3
4168893,9.858475255036621,7
4168897,9.946431869883538,4
4168903,9.887247224827666,6
4168912,9.853010780292001,9
4168916,9.926349407126732,4
4168930,9.703641544840453,14
4168936,9.899355847071979,6
4168940,9.927451056936194,4
4168947,9.890702591738577,7
4168960,9.718418185970343,13
4168972,9.775675959583186,12
4168980,9.84756530834601,8
4168981,9.996648148152621,1
4168992,9.785788755261295,11
4169006,9.67360381313208,14
4169011,9.923259216602826,5
4169015,9.929078601464314,4
4169028,9.70704323056029,13
4169033,9.904535224335403,5
4169043,9.816509798325995,10
4169056,9.409379950993463,13
4169065,9.731328186219768,9
4169074,9.809987437283349,9
4169075,10.0,1
4169088,9.651210025444064,13
4169100,9.723353087281824,12
4169110,9.802914827808479,10
4169119,9.851153452540894,9
4169126,9.870353644495227,7
4169133,9.86374705821599,7
4169139,9.89428190013342,6
4169144,9.92705367003663,5
4169154,9.798880146895224,10
4169160,9.905771311892705,6
4169167,9.880318862943971,7
4169177,9.762355077875181,10
4169191,9.667460980347252,14
4169197,9.87950446668959,6
4169209,9.759755401417907,12
4169215,9.889711494722462,6
4169224,9.806832280463555,9
4169234,9.782722424063017,10
4169244,9.800257079659588,10
4169248,9.945781397143326,4
4169249,10.0,1
4169251,9.971643959295529,2
4169263,9.7363380665751,12
4169274,9.772732736030685,11
4169288,9.683935296038632,14
4169292,9.94834841158873,4
4169304,9.732315209856838,12
4169315,9.775854964954428,11
4169323,9.852814103556474,8
4169340,9.570126805189803,17
4169341,10.0,1
4169346,9.909419203634613,5
4169357,9.75544868770982,11
4169371,9.716520600479168,14
4169376,9.923652174546714,5
4169389,9.706443604053014,13
4169400,9.754191605187243,11
4169415,9.655947322383401,15
4169416,10.0,1
4169423,9.760267057350298,7
4169436,9.726395333462975,13
4169446,9.841594970347277,10
4169453,9.862003262762402,7
4169455,9.97323547942995,2
4169456,10.0,1
4169472,9.623026431485465,16
4169478,9.891736163684687,6
4169494,9.664696609397522,16
4169508,9.700867459554932,14
4169523,9.670124652610804,15
4169526,9.968652712155553,3
4169536,9.78429357628106,10
4169546,9.790088559015613,10
4169560,9.722235133676115,14
4169573,9.732501167125607,13
4169578,9.916304991253694,5
4169585,9.862654124978837,7
4169604,9.618427481023817,19
4169611,9.839985425162554,7
4169618,9.874073810509392,7
4169626,9.624525401977982,8
4169630,9.925588781840524,4
4169635,9.898453562860865,5
4169643,9.863234759059887,8
4169652,9.815696180809308,9
4169656,9.933895788574969,4
4169670,9.70893090624938,14
4169677,9.870735179869797,7
4169683,9.887459786064301,6
4169690,9.874919355241015,7
4169702,9.731781612254279,12
4169713,9.777970329541795,11
4169718,9.897910166670371,5
4169726,9.841448625733015,8
4169731,9.91960208114417,5
4169736,9.91933372252217,5
4169747,9.79555333091855,11
4169750,9.953373246925176,3
4169758,9.833533775011352,8
4169764,9.877527425849989,6
4169768,9.92683819085921,4
4169772,9.935980159517866,4
4169782,9.773580555001217,10
4169797,9.660688787362862,15
4169801,9.946819450522817,4
4169805,9.935027095705085,4
4169807,9.974686035120406,2
4169825,9.626790121326813,18
4169828,9.959049790951076,3
4169836,9.851232411556778,8
4169847,9.766726825851503,11
4169855,9.844980982278727,8
4169865,9.785619371286508,10
4169878,9.702267540880365,13
4169891,9.74775736471666,13
4169898,9.878318186982279,7
4169905,9.882098761683801,7
4169916,9.786137412852963,11
4169924,9.855509982449284,8
4169928,9.935647750524272,4
4169938,9.808902141833437,10
4169952,9.680254934588156,14
4169955,9.952373868876485,3
4169956,9.988982037514237,1
4169963,9.87071676792234,7
4169967,9.935439164475397,4
4169974,9.873222216233275,7
4169981,9.850933077863237,7
4169995,9.66582085486361,14
4170001,9.893952588552917,6
4170002,10.0,1
4170016,9.692566161225532,14
4170027,9.771822775156002,11
4170028,10.0,1
4170033,9.902677396737145,5
4170047,9.371414928373799,14
4170056,9.825425281511526,9
4170061,9.921264688855326,5
4170066,9.926173300692078,5
4170073,9.870029062004505,7
4170080,9.657826208300797,7
4170090,9.784040397393083,10
4170097,9.858211415525991,7
4170110,9.7268327148668,13
4170120,9.781902481469459,10
4170125,9.919934999293359,5
4170128,9.968455155985158,3
4170138,9.808725549296934,10
4170145,9.879633506644725,7
4170151,9.883961405848478,6
4170152,10.0,1
4170158,9.906025801755938,6
4170165,9.768172200307136,7
4170166,10.0,1
4170173,9.861899418664887,7
4170179,9.911336935614548,6
4170186,9.869126298117616,7
4170190,9.930281409338352,4
4170204,9.672908243245923,14
4170216,9.777690951729092,12
4170220,9.946571298256565,4
4170229,9.828957174299978,9
4170234,9.896659903253376,5
4170245,9.752313721902672,11
4170249,9.938872465072368,4
4170263,9.691680534087618,14
4170271,9.833409255084069,8
4170278,9.876327829571123,7
4170287,9.821038399048625,9
4170289,9.98534562317529,2
4170294,9.921346892617375,5
4170307,9.727638690437361,13
4170314,9.88325707828793,7
4170357,9.018280564875484,43
4170372,9.674508623973288,15
4170386,9.71408195728584,14
4170392,9.89221546774516,6
4170397,9.916907786935505,5
4170408,9.772068529684915,11
4170409,10.0,1
4170420,9.778982041277025,11
4170431,9.767872538256178,11
4170432,9.992264542084216,1
4170439,9.66658970463346,7
4170444,9.919318086527689,5
4170449,9.901382608857237,5
4170456,9.873245077325773,7
4170457,10.0,1
4170471,9.693211798088296,14
4170478,9.866867619622214,7
4170490,9.708670136952346,12
4170499,9.809907355598426,9
4170511,9.725706864684053,12
4170519,9.832130722455952,8
4170523,9.63892977963563,4
4170531,9.843928709709113,8
4170539,9.850231346915574,8
4170549,9.829652744243708,10
4170560,9.749949814779795,11
4170566,9.883797253497862,6
4170577,9.753890421973953,11
4170586,9.807189655951577,9
4170597,9.758062028707615,11
4170599,9.973520696666771,2
4170610,9.76757740385621,11
4170613,9.965783307760583,3
4170614,10.0,1
4170618,9.940067898847891,4
4170628,9.815609967193977,10
4170633,9.919269150588883,5
4170634,10.0,1
4170640,9.895099178891456,6
4170648,9.840837943457371,8
4170657,9.799508862886103,9
4170672,9.687401176117119,15
4170677,9.92304512905773,5
4170684,9.883560303372011,7
4170689,9.91860233031687,5
4170695,9.922257997902696,6
4170701,9.886284990319762,6
4170710,9.841991489305515,9
4170713,9.954391017251101,3
4170725,9.73012957239768,12
4170738,9.722384991703176,13
4170748,9.678586406107046,10
4170761,9.746797780690535,13
4170769,9.874744618573402,8
4170776,9.874364952568573,7
4170786,9.812923468455633,10
4170799,9.709331967008488,13
4170807,9.862261731032154,8
4170813,9.898621756195736,6
4170818,9.914920833264784,5
4170822,9.925681034765294,4
4170829,9.88185016857495,7
4170833,9.92974158849099,4
4170838,9.913696833727622,5
4170849,9.772313049559568,11
4170865,9.60950733075543,16
4170869,9.93026464352946,4
4170878,9.808897867643633,9
4170879,10.0,1
4170880,10.0,1
4170887,9.86402714974157,7
4170894,9.861456898797108,7
4170898,9.93335647966912,4
4170911,9.734668420096012,13
4170916,9.909180686598324,5
4170917,10.0,1
4170918,10.0,1
4170926,9.82689315636971,8
4170930,9.646162639787093,4
4170935,9.923279585886219,5
4170936,10.0,1
4170946,9.821487732266508,10
4170950,9.929239878811588,4
4170966,9.630745351571893,16
4170968,9.975312571311711,2
4170975,9.851130335156801,7
4170987,9.722531383409756,12
4170988,10.0,1
4170989,10.0,1
4170998,9.801596560709182,9
4171003,9.92517244080019,5
4171012,9.84274982856968,9
4171026,9.702215821221234,14
4171028,9.985396121574356,2
4171040,9.761198121597396,12
4171053,9.706354254911414,13
4171064,9.580932679578318,11
4171075,9.762433990220849,11
4171085,9.8300027937804,10
4171107,9.518167964462458,22
4171113,9.890959480579069,6
4171130,9.661685204979348,17
4171139,9.829073059331337,9
4171151,9.731395438080721,12
4171163,9.738383837649225,12
4171168,9.914939005155814,5
4171173,9.935489653185813,5
4171174,10.0,1
4171182,9.829233857138124,8
4171189,9.888982933905593,7
4171190,10.0,1
4171207,9.619059848755946,17
4171215,9.820335549115674,8
4171226,9.760686217753456,11
4171237,9.745221496730533,11
4171246,9.82705066503962,9
4171256,9.817777976361272,10
4171262,9.882819538165165,6
4171281,9.599261069999391,19
4171291,9.799926896110515,10
4171301,9.814207248876233,10
4171342,9.322256802390859,41
4171350,9.83382735986924,8
4171359,9.824539395354627,9
4171371,9.714154868476335,12
4171375,9.944582341792973,4
4171388,9.76088004877486,13
4171400,9.757850955199364,12
4171403,9.969758375999568,3
4171412,9.83011365003911,9
4171419,9.861499008181028,7
4171429,9.768390566566833,10
4171437,9.831788063214223,8
4171442,9.925744328779029,5
4171457,9.662730498069745,15
4171469,9.736235528210013,12
4171481,9.74683532306116,12
4171495,9.574900184162367,14
4171503,9.831170425602659,8
4171508,9.921376299869046,5
4171512,9.94141149372899,4
4171521,9.816323584058027,9
4171530,9.821650144948432,9
4171531,10.0,1
4171536,9.923621541220282,5
4171543,9.880325354800432,7
4171550,9.86524574331591,7
4171555,9.922976349417722,5
4171563,9.849963303066156,8
4171569,9.89115381194794,6
4171571,9.973641834724091,2
4171585,9.016340595445724,14
4171591,9.89598198818592,6
4171599,9.848812654237394,8
4171613,9.659953335910254,14
4171627,9.702031265131083,14
4171645,9.561589621154871,18
4171656,9.739648309474982,11
4171660,9.951411986715529,4
4171665,9.92214397705788,5
4171666,10.0,1
4171679,9.7199315502148,13
4171680,10.0,1
4171689,9.800914973660628,9
4171706,9.670993274132833,17
4171717,9.780862868591981,11
4171718,10.0,1
4171719,10.0,1
4171728,9.823994461700325,9
4171739,9.758554604352758,11
4171741,9.968455808446588,2
4171742,9.993065501194868,1
4171754,9.731779062293155,12
4171758,9.9340964749108,4
4171759,10.0,1
4171767,9.856804282863704,8
4171773,9.908334465967384,6
4171776,9.967085758229686,3
4171782,9.89798912509556,6
4171790,9.82539268732449,8
4171808,9.5794463369336,18
4171809,10.0,1
4171814,9.919146846257267,5
4171820,9.700565933846455,6
4171821,10.0,1
4171830,9.816065450305778,9
4171841,9.810060889673073,11
4171843,9.977966989951637,2
4171853,9.796732929200841,10
4171865,9.775810324859325,12
4171874,9.82420284807179,9
4171879,9.930665097704217,5
4171884,9.91031295419208,5
4171899,9.65222012073483,15
4171912,9.729935204131099,13
4171917,9.91163824332756,5
4171933,9.704412684232404,16
4171939,9.904466023137294,6
4171940,10.0,1
4171955,9.696325087127507,15
4171962,9.677184512230937,7
4171974,9.736755947693396,12
4171982,9.837394642696301,8
4171986,9.94123710187434,4
4171990,9.94076688820156,4
4171999,9.726838380171333,9
4172000,10.0,1
4172003,9.96770328056471,3
4172007,9.934839181637953,4
4172016,9.805539429843568,9
4172025,9.803137572268135,9
4172039,9.705113619263587,14
4172043,9.948712569420865,4
4172054,9.779901032082746,11
4172058,9.952381481428478,4
4172069,9.756838825112204,11
4172076,9.871472472241251,7
4172081,9.92098730463206,5
4172088,9.562834757214222,7
4172097,9.716815145428084,9
4172100,9.956277407672689,3
4172112,9.737301840101319,12
4172117,9.921173976391989,5
4172123,9.887296037800041,6
4172135,9.737329660940382,12
4172136,10.0,1
4172146,9.794964855566642,10
4172158,9.728350203758339,12
4172166,9.838465106864453,8
4172175,9.828552378918895,9
4172188,9.719502007063666,13
4172199,9.68325532746821,11
4172204,9.91798600773838,5
4172207,9.968628258913236,3
4172216,9.822274446441083,9
4172223,9.875323020398529,7
4172226,9.964104461717294,3
4172232,9.899724687078905,6
4172244,9.730935862289305,12
4172254,9.78571578819181,10
4172259,9.922784824987742,5
4172264,9.898019176778607,5
4172270,9.88095906187112,6
4172280,9.794285068771776,10
4172295,9.694203003620212,15
4172309,9.72481923623126,14
4172314,9.920206665441333,5
4172315,10.0,1
4172324,9.81610778171735,9
4172334,9.788743005209128,10
4172340,9.90046887796308,6
4172350,9.79959215189792,10
4172351,10.0,1
4172355,9.942160650495607,4
4172362,9.87392019735792,7
4172371,9.843910270017039,9
4172377,9.902322547803038,6
4172386,9.811555225468858,9
4172387,10.0,1
4172398,9.76565247617736,11
4172404,9.894389623662413,6
4172405,10.0,1
4172410,9.917979208249694,5
4172435,8.706015300222976,25
4172439,9.927002678038523,4
4172453,9.697126249571925,14
4172458,9.920458915190164,5
4172466,9.813656572484632,8
4172467,10.0,1
4172474,9.865576791535046,7
4172483,9.798617191823167,9
4172490,9.865813007626326,7
4172497,9.877035615604107,7
4172505,9.832441449154302,8
4172513,9.849856588554761,8
4172514,10.0,1
4172527,9.713208169708587,13
4172533,9.888896942724086,6
4172543,9.804441683263596,10
4172545,9.970649771902268,2
4172556,9.759866846364949,11
4172571,9.330312405506005,15
4172572,10.0,1
4172585,9.765426191708757,13
4172593,9.842542312620372,8
4172598,9.912508094419612,5
4172606,9.842358904899957,8
4172619,9.421901508177783,13
4172631,9.749183337955436,12
4172632,9.992408019844055,1
4172646,9.691870898702039,14
4172651,9.929844300208511,5
4172652,10.0,1
4172663,9.754835013922989,11
4172671,9.821056439205263,8
4172683,9.758622123393055,12
4172695,9.76025718112495,12
4172696,10.0,1
4172701,9.931204311255687,5
4172713,9.750137129876398,12
4172723,9.779479034633255,10
4172732,9.806346928449226,9
4172740,9.829931785207322,8
4172754,9.778724671759663,14
4172766,9.76118417181718,12
4172771,9.921519829337116,5
4172781,9.776604201443295,10
4172788,9.867869999503338,7
4172800,9.726496275039471,12
4172809,9.706803385900525,9
4172810,10.0,1
4172819,9.846924516527196,9
4172830,9.733083640536153,11
4172832,9.979840007488951,2
4172833,10.0,1
4172850,9.65091083250452,17
4172857,9.883346475204451,7
4172867,9.785540978520006,10
4172872,9.901754892389187,5
4172873,10.0,1
4172881,9.847066602781641,8
4172890,9.830153558040102,9
4172892,9.98028470448316,2
4172899,9.870274919984745,7
4172909,9.784293185353544,10
4172916,9.87414850051411,7
4172921,9.916734995165658,5
4172932,9.790807299869602,11
4172934,9.97543346148377,2
4172940,9.897309097927357,6
4172950,9.812626724664627,10
4172957,9.87098848643774,7
4172963,9.902460140839073,6
4172973,9.793145792566468,10
4172984,9.779247911771426,11
4172989,9.92391323671983,5
4173000,9.765152894622345,11
4173011,9.769454135769061,11
4173016,9.910149715218841,5
4173030,9.6841384479813,14
4173041,9.806202709792732,11
4173052,9.759521012976535,11
4173059,9.86165818214519,7
4173071,9.742501043506728,12
4173088,9.272003410052363,17
4173096,9.844096632243184,8
4173106,9.79254255467462,10
4173118,9.721666461136904,12
4173127,9.807924465587094,9
4173138,9.7525419904759,11
4173156,9.591493269281859,18
4173160,9.942961844922255,4
4173163,9.967292426408182,3
4173170,9.870400249898385,7
4173171,9.988570114365292,1
4173178,9.878744896742083,7
4173187,9.832722704712472,9
4173191,9.931903025079519,4
4173198,9.87441449516892,7
4173209,9.75874356295788,11
4173212,9.965515390080377,3
4173219,9.88137687167746,7
4173229,9.81059456016041,10
4173241,9.752265851914512,12
4173249,9.849803699063386,8
4173253,9.940640856230056,4
4173261,9.626907998861382,8
4173265,9.9440806703345,4
4173274,9.829518181430648,9
4173281,9.858966807906048,7
4173290,9.80910187633517,9
4173298,9.821135105480574,8
4173308,9.833064799801852,10
4173319,9.758636217866803,11
4173324,9.914305580350577,5
4173333,9.818913077248405,9
4173351,9.50618185262423,18
4173362,9.787025339008187,11
4173371,9.831677313474271,9
4173378,9.871046243475488,7
4173379,9.996183953113254,1
4173390,9.570418336510018,11
4173402,9.75925623873821,12
4173417,9.703905246252662,15
4173428,9.76467506285535,11
4173429,10.0,1
4173441,9.747472067700098,12
4173445,9.945835662829694,4
4173448,9.749800165836216,3
4173464,9.351400043849642,16
4173468,9.942851884163133,4
4173476,9.849635132615669,8
4173478,9.97225768697197,2
4173488,9.817992031479625,10
4173499,9.791600173358995,11
4173510,9.78455281520423,11
4173523,9.692903070790004,13
4173535,9.754678733047843,12
4173556,9.525033502587787,21
4173568,9.754941007055534,12
4173570,9.978682771253387,2
4173582,9.736663117424017,12
4173595,9.712561155756557,13
4173596,10.0,1
4173602,9.896022166503151,6
4173608,9.891437780114558,6
4173616,9.819120730039335,8
4173626,9.791438323602964,10
4173635,9.811532810464591,9
4173643,9.836943742700827,8
4173648,9.905356622604236,5
4173657,9.824222639826342,9
4173676,9.60550628861657,19
4173680,9.948383669422906,4
4173690,9.790896620793857,10
4173698,9.84046393524324,8
4173714,9.69498761166025,16
4173719,9.91860233499197,5
4173726,9.874637910342422,7
4173727,10.0,1
4173732,9.92503072067096,5
4173741,9.83769203285029,9
4173754,9.713538088228281,13
4173763,9.823739000526055,9
4173768,9.927820553843265,5
4173781,9.710987549510207,13
4173792,9.66128692117786,11
4173800,9.828569186910459,8
4173801,10.0,1
4173802,10.0,1
4173806,9.942258384549092,4
4173813,9.864168370282187,7
4173820,9.858504318454811,7
4173833,9.719438757414174,13
4173834,10.0,1
4173837,9.951077694995812,3
4173838,9.99617093038919,1
4173846,9.829702926467146,8
4173857,9.783020839296581,11
4173858,10.0,1
4173867,9.827814719287318,9
4173877,9.802559230832053,10
4173884,9.855922307552772,7
4173888,9.946682859659262,4
4173896,9.85044819142342,8
4173897,10.0,1
4173915,9.707048515693106,18
4173926,9.7782836435657,11
4173931,9.90828896946804,5
4173937,9.902449604327568,6
4173946,9.837098030688853,9
4173954,9.85422677388921,8
4173968,9.556987484720441,14
4173975,9.870890002328638,7
4173987,9.723290240112567,12
4173994,9.663127557168997,7
4174006,9.705654780779561,12
4174014,9.852329445007118,8
4174019,9.91936656652111,5
4174028,9.804203203452614,9
4174038,9.780290014057218,10
4174049,9.767165748780537,11
4174059,9.758143439408126,10
4174070,9.762368692704602,11
4174071,10.0,1
4174078,9.873271888636943,7
4174087,9.821735347913767,9
4174093,9.889569103620587,6
4174095,9.984736374074933,2
4174105,9.81906242390627,10
4174109,9.935569914341931,4
4174115,9.882827172996105,6
4174129,9.709407374762549,14
4174134,9.914952405167554,5
4174142,9.851572412959879,8
4174156,9.655299920005621,14
4174164,9.876156708109077,8
4174170,9.900325085132925,6
4174176,9.884484001189337,6
4174179,9.96278731564794,3
4174187,9.872826253290047,8
4174197,9.77136904423496,10
4174204,9.875771891673018,7
4174209,9.909689364025002,5
4174213,9.939580885529095,4
4174223,9.804392534533688,10
4174229,9.913418031542403,6
4174238,9.805182998935283,9
4174241,9.95805814479297,3
4174251,9.78838871579122,10
4174258,9.862102569837486,7
4174266,9.831982310953064,8
4174269,9.963127173358636,3
4174272,9.950889619048015,3
4174282,9.81024872339593,10
4174289,9.879768537487918,7
4174295,9.90925667456799,6
4174307,9.723246191280692,12
4174308,10.0,1
4174316,9.827944569870805,8
4174323,9.889921994249066,7
4174331,9.842953369655504,8
4174340,9.818255975310098,9
4174355,9.661257385865266,15
4174359,9.936726727997995,4
4174367,9.845102599830115,8
4174381,9.677776056416352,14
4174392,9.795751712598587,11
4174393,9.988641835560157,1
4174407,9.384253741303723,14
4174418,9.769472172384884,11
4174427,9.825010264500385,9
4174435,9.840020436015669,8
4174438,9.963096042027933,3
4174446,9.830769777793424,8
4174458,9.741264275447552,12
4174464,9.916441650712462,6
4174472,9.840679558951201,8
4174482,9.803879422410175,10
4174487,9.914148832051179,5
4174641,3.1706719103146677,154
4174648,9.877662479968068,7
4174653,9.915609050129907,5
4174662,9.85795911843927,9
4174666,9.93030880496081,4
4174676,9.791826939205315,10
4174683,9.873810785029507,7
4174694,9.777246574804874,11
4174697,9.948952832921456,3
4174707,9.785851249212284,10
4174719,9.738455989257625,12
4174729,9.776274928348125,10
4174741,9.763747468536156,12
4174748,9.856125992363626,7
4174758,9.83203448631584,10
4174766,9.840543346714549,8
4174775,9.740428110110955,9
4174787,9.720088973903698,12
4174795,9.857224157199399,8
4174804,9.83450508917448,9
4174813,9.829217904740577,9
4174820,9.887919653824074,7
4174822,9.979205413659214,2
4174832,9.771139433289964,10
4174844,9.740180151342793,12
4174847,9.961582333049854,3
4174854,9.871247510951541,7
4174874,9.25166786922981,20
4174889,9.695755942208727,15
4174900,9.773167725542502,11
4174913,9.708351711404463,13
4174922,9.82568781230948,9
4174931,9.819832868865127,9
4174940,9.833397888448907,9
4174948,9.862223908181903,8
4174953,9.907144951043826,5
4174964,9.789021683536546,11
4174971,9.85795862929807,7
4174977,9.897173670540887,6
4174981,9.935674894081785,4
4174995,9.743354402516593,14
4175009,9.672975420243262,14
4175017,9.854476080749778,8
4175029,9.71785816951595,12
4175035,9.8931909495125,6
4175043,9.855753825578311,8
4175044,10.0,1
4175063,9.620004472741927,19
4175070,9.87416325905532,7
4175080,9.777432684929915,10
4175081,10.0,1
4175096,9.672864210905392,15
4175109,9.708309960782305,13
4175118,9.846823121131754,9
4175120,9.981955971619648,2
4175130,9.811311863059641,10
4175142,9.740677399971583,12
4175156,9.697834321018972,14
4175166,9.783867725673804,10
4175177,9.765208847277345,11
4175178,10.0,1
4175191,9.722794269283705,13
4175200,9.822122097732693,9
4175202,9.975401000145702,2
4175205,9.966728665266919,3
4175218,9.700664716800876,13
4175233,9.654677948560407,15
4175238,9.903094239428173,5
4175249,9.763081128640037,11
4175257,9.844118513187562,8
4175264,9.874283801903703,7
4175271,9.857953560588605,7
4175277,9.90300256134462,6
4175283,9.905933603325892,6
4175293,9.792650329209112,10
4175294,10.0,1
4175305,9.540989807650925,11
4175313,9.861989918899452,8
4175323,9.816396636056144,10
4175328,9.914224535677798,5
4175338,9.783469201518415,10
4175344,9.877101787602037,6
4175357,9.515999673989983,13
4175365,9.858085685152819,8
4175370,9.816776519703996,5
4175378,9.841757816997907,8
4175379,10.0,1
4175380,10.0,1
4175386,9.881555580592359,6
4175387,10.0,1
4175395,9.856232502974015,8
4175406,9.769162958768803,11
4175419,9.691169923967962,13
4175421,9.97390404104087,2
4175423,9.97142484574849,2
4175436,9.756945127906798,13
4175446,9.795584034420608,10
4175452,9.901462848533894,6
4175455,9.9660480080367,3
4175469,9.667538759918239,14
4175480,9.776344024910049,11
4175482,9.976354335883599,2
4175489,9.865655958798554,7
4175500,9.755771206137394,11
4175507,9.893293937058884,7
4175519,9.767472137468566,12
4175524,9.91889227055011,5
4175533,9.829680414523573,9
4175536,9.961595054033923,3
4175565,9.18217706851197,29
4175573,9.84433525319178,8
4175582,9.61835292007851,9
4175590,9.841792162529401,8
4175591,10.0,1
4175598,9.881712360249972,7
4175605,9.894099104018308,7
4175612,9.869037749593986,7
4175625,9.678096097798145,13
4175637,9.74200500935908,12
4175646,9.820754384776084,9
4175658,9.739011289335405,12
4175667,9.805474078994097,9
4175676,9.796993211782137,9
4175680,9.931668950696997,4
4175686,9.902042851804328,6
4175702,9.641797061773332,16
4175709,9.872894285951974,7
4175716,9.858125032434648,7
4175720,9.945058298372778,4
4175735,9.678036406322873,15
4175740,9.915352085853975,5
4175750,9.787530473881834,10
4175754,9.92780226565815,4
4175755,10.0,1
4175758,9.960308816733646,3
4175771,9.712801317382645,13
4175780,9.796765154096592,9
4175786,9.901961054578614,6
4175788,9.974494375119317,2
4175803,9.686569100766029,15
4175816,9.699866571661522,13
4175825,9.832902017915579,9
4175837,9.725220837058899,12
4175842,9.916335558131097,5
4175851,9.798942674902223,9
4175860,9.836873568477426,9
4175871,9.770189677180044,11
4175881,9.824847495835881,10
4175885,9.947823726455853,4
4175893,9.831516694385448,8
4175909,9.62996003421933,16
4175921,9.75640828637558,12
4175927,9.900699629678641,6
4175929,9.979358503800158,2
4175940,9.743830283499436,11
4175949,9.837566494400498,9
4175966,9.621750705943779,17
4175976,9.803904141094238,10
4175984,9.852879921789597,8
4175989,9.919884708656074,5
4175998,9.807535650172753,9
4175999,10.0,1
4176014,9.658622621441232,15
4176017,9.957696617046683,3
4176031,9.722692492600883,14
4176042,9.782270662614447,11
4176054,9.719821156847285,12
4176065,9.768355346292717,11
4176069,9.926779560410681,4
4176070,10.0,1
4176079,9.81539551835316,9
4176091,9.745514290459266,12
4176101,9.775677395615771,10
4176111,9.781511696531318,10
4176119,9.841106400051082,8
4176125,9.789829376076172,6
4176130,9.920759258476659,5
4176136,9.897723136985721,6
4176142,9.894488333051541,6
4176152,9.808256305079764,10
4176160,9.828517091886331,8
4176167,9.860349548659324,7
4176168,10.0,1
4176179,9.750938462170353,11
4176188,9.845032481352048,9
4176196,9.848900506327182,8
4176209,9.783690329303392,13
4176211,9.98545664304428,2
4176214,9.962296068474954,3
4176215,10.0,1
4176218,9.957042465086497,3
4176225,9.877423493373547,7
4176231,9.903110590027245,6
4176237,9.903989750980834,6
4176246,9.821774302018454,9
4176250,9.926245774464158,4
4176260,9.792022127090414,10
4176264,9.82469257055133,4
4176274,9.79667873716144,10
4176287,9.709094887156684,13
4176293,9.876583150083531,6
4176303,9.810666127235772,10
4176313,9.798821316701328,10
4176320,9.860510367194111,7
4176325,9.930960846992663,5
4176337,9.716634914226853,12
4176346,9.806522493534148,9
4176354,9.842634585561436,8
4176356,9.974505497922843,2
4176368,9.77342766572843,12
4176372,9.943124506627429,4
4176373,10.0,1
4176375,9.985723852589647,2
4176391,9.643730814611683,16
4176396,9.914322065719762,5
4176405,9.81741585109514,9
4176412,9.876035029230879,7
4176416,9.931401825985343,4
4176424,9.852840751371625,8
4176435,9.769355979708628,11
4176445,9.798075890889349,10
4176451,9.88478804111356,6
4176455,9.94763032714045,4
4176461,9.894911694607574,6
4176476,9.656807302114826,15
4176477,9.996278228988452,1
4176478,10.0,1
4176486,9.844897548624042,8
4176500,9.579672411226646,14
4176517,9.579227027786999,17
4176520,9.964160109471829,3
4176525,9.927566227169192,5
4176528,9.949997663131018,3
4176534,9.886277100804975,6
4176538,9.939890667980647,4
4176546,9.838886738362428,8
4176555,9.811048763284765,9
4176568,9.702192835711056,13
4176581,9.762274143534478,13
4176582,10.0,1
4176583,10.0,1
4176593,9.689199718029563,10
4176602,9.850441074362564,9
4176608,9.893885879616223,6
4176609,9.996345453931875,1
4176619,9.80797489412026,10
4176620,10.0,1
4176625,9.918600624583155,5
4176637,9.728049186518232,12
4176654,9.626343057808755,17
4176662,9.827311126881236,8
4176680,9.55817340438216,18
4176687,9.862896308537788,7
4176690,9.960501468388351,3
4176701,9.774054715578597,11
4176716,9.69805397102637,15
4176724,9.856933783188989,8
4176731,9.862930234437524,7
4176743,9.737647002186456,12
4176746,9.95350568665457,3
4176759,9.792809889592144,13
4176771,9.751118670504011,12
4176782,9.774448565187344,11
4176787,9.929749740807605,5
4176799,9.737312275130035,12
4176801,9.985272202230686,2
4176811,9.772182424313494,10
4176822,9.7642862599153,11
4176823,9.988691342298047,1
4176828,9.923717265637357,5
4176834,9.887421101064918,6
4176847,9.710503743028388,13
4176859,9.742597552223664,12
4176861,9.972538143748412,2
4176874,9.719814549054528,13
4176881,9.890067419614502,7
4176882,10.0,1
4176897,9.683664758544015,15
4176898,9.992602669373984,1
4176899,10.0,1
4176908,9.831682935361757,9
4176919,9.767049592163756,11
4176922,9.968581619170303,3
4176924,9.977694505415524,2
4176934,9.826825386157864,10
4176938,9.95304146749168,4
4176954,9.641276855835622,16
4176963,9.847432162261772,9
4176964,9.996471212903923,1
4176972,9.851750781043938,8
4176975,9.953984879790841,3
4176977,9.97724021121005,2
4176987,9.786036244560549,10
4176993,9.896270303515596,6
4177005,9.739197057321014,12
4177006,9.988344329638261,1
4177015,9.824214182577375,9
4177017,9.976220833529858,2
4177031,9.663274358957477,14
4177039,9.847647619251324,8
4177045,9.883755952534953,6
4177048,9.962017754274957,3
4177062,9.682949160314228,14
4177071,9.824875686601782,9
4177078,9.856013922428529,7
4177081,9.760451561243778,3
4177086,9.919151611607482,5
4177097,9.752339388782431,11
4177104,9.86405350810094,7
4177110,9.904397633682905,6
4177117,9.874237865380326,7
4177132,9.722420641367941,15
4177144,9.713019696538437,12
4177159,9.656690977143473,15
4177163,9.941172723792434,4
4177167,9.930632848971042,4
4177179,9.725642168332756,12
4177187,9.842897389793926,8
4177190,9.953284020496326,3
4177202,9.722730325537027,12
4177207,9.92084466616231,5
4177216,9.79025961069008,9
4177222,9.68724443293966,6
4177226,9.952116168540075,4
4177244,9.580668724697793,18
4177249,9.924916896766568,5
4177257,9.830822152666917,8
4177271,9.670152778741095,14
4177278,9.86550724918795,7
4177283,9.912836052994242,5
4177289,9.913667925146363,6
4177290,10.0,1
4177294,9.948716809606573,4
4177298,9.945506060577738,4
4177306,9.832754753371168,8
4177311,9.924535120060167,5
4177321,9.801278741341095,10
4177327,9.885043126472652,6
4177334,9.883405024945334,7
4177341,9.872987408827008,7
4177356,9.677823823181503,15
4177361,9.923088056993613,5
4177372,9.742398701318658,11
4177373,10.0,1
4177389,9.613576693077189,16
4177390,10.0,1
4177404,9.728153064799347,14
4177407,9.960172538912635,3
4177427,9.557817638710512,20
4177436,9.81924362773274,9
4177444,9.866143549558146,8
4177451,9.875933037558873,7
4177453,9.981189289273436,2
4177457,9.930668647275828,4
4177465,9.831240191866232,8
4177469,9.940011968294662,4
4177475,9.902303360189592,6
4177484,9.816280173008003,9
4177494,9.792378163199787,10
4177504,9.780399355940006,10
4177511,9.848533484364243,7
4177517,9.902918182746893,6
4177523,9.904098993030011,6
4177535,9.785992961688853,12
4177545,9.797627508411933,10
4177554,9.59004767292733,9
4177559,9.91152484795506,5
4177566,9.855531512609465,7
4177576,9.801772425026254,10
4177585,9.816713506037019,9
4177587,9.972315297482838,2
4177620,3.7598281207319086,33
4177629,9.819948599369113,9
4177642,9.729152651004952,13
4177657,9.682780307183652,15
4177661,9.952882371809508,4
4177678,9.636827391404367,17
4177691,9.70057721848476,13
4177706,9.652350880420702,15
4177709,9.967284993130406,3
4177720,9.802974377712678,11
4177729,9.82962923398257,9
4177736,9.880684457999706,7
4177744,9.83043327163547,8
4177754,9.814560327361631,10
4177760,9.875115464850007,6
4177763,9.959566390937969,3
4177773,9.797615019070154,10
4177774,10.0,1
4177775,10.0,1
4177782,9.881863337116965,7
4177783,10.0,1
4177797,9.67342558086628,14
4177798,10.0,1
4177806,9.864779004396429,8
4177815,9.814401955116393,9
4177817,9.979696979570988,2
4177834,9.277673363696831,17
4177844,9.787061407015212,10
4177861,9.617368082082182,17
4177868,9.8765555356431,7
4177880,9.765181903372032,12
4177890,9.793414736049563,10
4177903,9.719692364492218,13
4177912,9.793891960012468,9
4177925,9.705143181930596,13
4177930,9.90211897201511,5
4177931,10.0,1
4177939,9.828413374659977,8
4177948,9.795947201017535,9
4177954,9.900656271439987,6
4177955,10.0,1
4177959,9.925207721034267,4
4177972,9.722747527359285,13
4177975,9.963380083671604,3
4177986,9.757427672812682,11
4177996,9.771430388785785,10
4178007,9.756417728678944,11
4178020,9.689286477450178,13
4178041,9.609924297257013,21
4178060,9.593043770289352,19
4178061,10.0,1
4178073,9.732880103028192,12
4178083,9.775651694816428,10
4178089,9.779374048139033,6
4178097,9.821139550161298,8
4178102,9.928299235474096,5
4178104,9.968675874736523,2
4178118,9.708664264621753,14
4178119,10.0,1
4178128,9.800769030211583,9
4178137,9.824285326931935,9
4178149,9.743444045275337,12
4178161,9.772851314347866,12
4178170,9.825595973146987,9
4178174,9.935563446054658,4
4178181,9.769040424263824,7
4178189,9.831775059144643,8
4178194,9.900615531490494,5
4178211,9.622011978714983,17
4178212,9.988826339245321,1
4178224,9.767136029440028,12
4178234,9.802026470544975,10
4178245,9.73998637368886,11
4178251,9.889727464979217,6
4178263,9.725717711025798,12
4178267,9.950570668319825,4
4178280,9.719286755140066,13
4178287,9.890245372303532,7
4178288,10.0,1
4178292,9.934474763271728,4
4178293,10.0,1
4178299,9.879305221786657,6
4178306,9.85061114791023,7
4178316,9.794566093682606,10
4178325,9.814838013766495,9
4178347,9.25099351735547,22
4178353,9.909545316226625,6
4178362,9.826647424144392,9
4178373,9.783559158243131,11
4178381,9.830685906820266,8
4178386,9.909634009244245,5
4178393,9.876979081177643,7
4178400,9.864730341184087,7
4178413,9.705775259991233,13
4178419,9.897839075950161,6
4178431,9.754729335133423,12
4178434,9.956938330436776,3
4178443,9.810591360437742,9
4178459,9.661506414441108,16
4178465,9.896700766453678,6
4178466,9.996705413945426,1
4178474,9.86382109586998,8
4178483,9.816498382795944,9
4178490,9.85018977393387,7
4178491,10.0,1
4178500,9.792252648831798,9
4178513,9.706814322728134,13
4178522,9.814412694116543,9
4178527,9.693859101951295,5
4178531,9.935255677338876,4
4178547,9.683807201415574,16
4178554,9.87390252867549,7
4178558,9.942875464285024,4
4178560,9.97246125779932,2
4178567,9.888990161694736,7
4178574,9.860160806459437,7
4178581,9.85824950866945,7
4178592,9.759565482294452,11
4178599,9.89313297960991,7
4178609,9.793568836906733,10
4178624,9.709859067907955,15
4178628,9.953595852936367,4
4178640,9.75071531297922,12
4178650,9.809980859087354,10
4178654,9.951127706903653,4
4178664,9.802645103774575,10
4178677,9.737152452113055,13
4178679,9.973321506806583,2
4178693,9.701450540633896,14
4178704,9.772956195940338,11
4178709,9.902322371084573,5
4178710,10.0,1
4178721,9.81277086107591,11
4178727,9.901080321440494,6
4178739,9.75945879640768,12
4178753,9.293207029404357,14
4178759,9.868381719626203,6
4178764,9.933905558807469,5
4178779,9.69101922138835,15
4178783,9.942711554800432,4
4178792,9.84710963617766,9
4178804,9.633381933138304,12
4178805,10.0,1
4178818,9.741060990788363,13
4178831,9.717718977426543,13
4178834,9.953266263298158,3
4178842,9.830506521281794,8
4178848,9.874690066842424,6
4178853,9.915099975622779,5
4178861,9.839848722917212,8
4178865,9.947328743844542,4
4178876,9.789606232766571,11
4178891,9.65263484172656,15
4178902,9.772469634912003,11
4178905,9.952126456456122,3
4178907,9.97309406370269,2
4178915,9.829529535429149,8
4178922,9.860118982554491,7
4178923,9.996757752548902,1
4178935,9.73655403563609,12
4178946,9.743392613849455,11
4178951,9.920530600745138,5
4178970,9.526934402636796,19
4178971,10.0,1
4178982,9.747411213812605,11
4178989,9.88544321987829,7
4178998,9.80586684979805,9
4179010,9.743613486452608,12
4179020,9.794176099723702,10
4179027,9.864519059043706,7
4179034,9.853431072389384,7
4179046,9.748499475340616,12
4179054,9.830687402451929,8
4179059,9.899104251545285,5
4179067,9.873819503840764,8
4179074,9.877087284445224,7
4179088,9.686899060890747,14
4179093,9.91038432029273,5
4179094,10.0,1
4179100,9.909123355522945,6
4179116,9.681684390393269,16
4179130,9.695749727039335,14
4179136,9.691780266376156,6
4179148,9.762142653971344,12
4179155,9.885764923389107,7
4179164,9.824563850217382,9
4179174,9.780650135388656,10
4179179,9.923357533758432,5
4179198,9.533058393430203,19
4179199,9.992554237883262,1
4179211,9.734564571785107,12
4179223,9.619325540730658,12
4179238,9.661810455842827,15
4179247,9.792788502569655,9
4179248,10.0,1
4179260,9.733305204436395,12
4179268,9.83605142926301,8
4179279,9.783959171467682,11
4179286,9.874458684042327,7
4179289,9.9594384500133,3
4179298,9.825380675476257,9
4179308,9.820567733292757,10
4179309,10.0,1
4179310,10.0,1
4179311,10.0,1
4179316,9.900967608671086,5
4179317,9.996589026421955,1
4179322,9.917728742339106,5
4179327,9.902087209553434,5
4179333,9.890170803428427,6
4179341,9.83631640039235,8
4179343,9.967365338618926,2
4179348,9.920295286515838,5
4179360,9.760310774264019,12
4179371,9.496716052303247,11
4179382,9.785032560849368,11
4179390,9.83952793970962,8
4179397,9.86261557595297,7
4179398,9.986853057756107,1
4179405,9.891528211861825,7
4179412,9.86515431423841,7
4179421,9.806666903823306,9
4179429,9.857889875461641,8
4179442,9.724751315681198,13
4179449,9.775708318170803,7
4179457,9.844825740231578,8
4179467,9.807690975979725,10
4179474,9.86514311833147,7
4179475,10.0,1
4179481,9.877433015066966,6
4179482,10.0,1
4179486,9.939647546533493,4
4179495,9.848472120698876,9
4179498,9.963233193726387,3
4179515,9.599587896683753,17
4179523,9.861344236119255,8
4179543,6.085544856696174,20
4179555,9.724516633729532,12
4179561,9.897885178905558,6
4179571,9.771772542793585,10
4179582,9.786006222316134,11
4179586,9.951187445911483,4
4179590,9.942609045533416,4
4179591,10.0,1
4179606,9.553556786925691,15
4179621,9.704491069308638,15
4179632,9.753461940001316,11
4179639,9.911327991518945,7
4179640,10.0,1
4179650,9.794215988111885,10
4179656,9.900802733735372,6
4179666,9.776709350129094,10
4179678,9.754778017971166,12
4179689,9.7518370189864,11
4179695,9.88675281355161,6
4179711,9.434291834775472,16
4179719,9.832263301467936,8
4179740,9.425917430551147,21
4179754,9.174463950297797,14
4179759,9.91404443184429,5
4179771,9.73151694162154,12
4179781,9.80672470864206,10
4179789,9.841466248717136,8
4179798,9.831802642423671,9
4179807,9.837154500840127,9
4179812,9.916275044166916,5
4179825,9.758460507584285,13
4179833,9.840468186481594,8
4179843,9.782865469565749,10
4179848,9.92611973482954,5
4179854,9.885187736724856,6
4179865,9.782706902955391,11
4179872,9.856755661138815,7
4179874,9.970433510968059,2
4179882,9.858042996999405,8
4179885,9.962014885804349,3
4179892,9.764945935891305,7
4179910,9.63711287324748,18
4179916,9.884970628532571,6
4179924,9.826631138284457,8
4179933,9.831943048256605,9
4179939,9.88986399203344,6
4179956,9.660933312680829,17
4179963,9.878467145388878,7
4179974,9.784418276905674,11
4179986,9.731010813022895,12
4179994,9.840939314608665,8
4180001,9.868638401712953,7
4180010,9.80316597220791,9
4180016,9.878080487005866,6
4180023,9.877650688247044,7
4180024,10.0,1
4180027,9.953683964433534,3
4180036,9.861084218764562,9
4180042,9.888121878301046,6
4180047,9.913170154236589,5
4180048,10.0,1
4180056,9.84844886351862,8
4180067,9.766385866234227,11
4180080,9.712371664534727,13
4180089,9.826919038496706,9
4180095,9.905722243876909,6
4180104,9.808397753182524,9
4180114,9.78496179067933,10
4180125,9.592675953247197,11
4180126,10.0,1
4180136,9.798435995808935,10
4180145,9.819906758394508,9
4180148,9.95982834590312,3
4180149,10.0,1
4180156,9.842919893578312,7
4180167,9.770893027374722,11
4180177,9.766579588916949,10
4180191,9.681392076980318,14
4180198,9.858405971420819,7
4180208,9.798743526833109,10
4180210,9.985344641101612,2
4180215,9.918399126346461,5
4180216,10.0,1
4180220,9.935621898182282,4
4180221,10.0,1
4180222,10.0,1
4180233,9.777808253197437,11
4180245,9.744037887304085,12
4180249,9.936136737707166,4
4180255,9.899317083532775,6
4180266,9.76804098671466,11
4180269,9.948437091634926,3
4180270,10.0,1
4180279,9.835873317141969,9
4180281,9.967810435825335,2
4180286,9.905131012440927,5
4180287,10.0,1
4180307,9.51913539143774,20
4180313,9.872357561924291,6
4180325,9.656600565280131,12
4180330,9.899266898480159,5
4180342,9.735659278025407,12
4180348,9.912111479825212,6
4180359,9.75663369020301,11
4180367,9.847415404579163,8
4180382,9.671607703777548,15
4180388,9.899123458679425,6
4180399,9.788076843151924,11
4180404,9.910971773818323,5
4180414,9.774535828232437,10
4180422,9.838063564304555,8
4180431,9.80930772388476,9
4180444,9.716241438731554,13
4180457,9.683704258302779,13
4180475,9.572218844423634,18
4180485,9.7854274160384,10
4180491,9.885823301541473,6
4180499,9.823852113135167,8
4180501,9.97231505057161,2
4180508,9.882348133819638,7
4180516,9.83642693810893,8
4180520,9.948799275558821,4
4180528,9.824202348337973,8
4180531,9.953818283844278,3
4180538,9.882702133310282,7
4180543,9.917729462306092,5
4180550,9.87735397324044,7
4180558,9.865740627372938,8
4180565,9.857749362440295,7
4180577,9.753315900558361,12
4180579,9.98125155281138,2
4180598,9.624909552452936,19
4180608,9.833222932103181,10
4180622,9.710676038958889,14
4180623,10.0,1
4180627,9.940370237542867,4
4180635,9.852340069465205,8
4180644,9.81713061837119,9
4180653,9.81955845571526,9
4180667,9.68622784614806,14
4180668,10.0,1
4180679,9.77481632742291,11
4180689,9.811915413301422,10
4180697,9.866490893022672,8
4180701,9.924426832370171,4
4180711,9.798830562681403,10
4180720,9.808511655507868,9
4180735,9.708092320566518,15
4180741,9.902235599969273,6
4180746,9.920741848742692,5
4180756,9.80446162319375,10
4180768,9.729563610997054,12
4180781,9.724816800915454,13
4180786,9.921994303060002,5
4180793,9.880887241764986,7
4180799,9.895016106897996,6
4180803,9.931536555192716,4
4180805,9.982292983389776,2
4180809,9.930809708821714,4
4180818,9.826803720385362,9
4180829,9.736688680896135,11
4180838,9.826424785273247,9
4180853,9.707979852764414,15
4180862,9.813644824868176,9
4180874,9.72445821117684,12
4180885,9.776195360918452,11
4180900,9.427846052118896,15
4180908,9.86140021437738,8
4180915,9.875202579738868,7
4180926,9.76375702053841,11
4180931,9.934326931949649,5
4180942,9.78088631031126,11
4180948,9.91134403267807,6
4180962,9.6757877155057,14
4180966,9.947402872151338,4
4180967,10.0,1
4180975,9.73875980986828,8
4180979,9.947439364075633,4
4180985,9.900962187283175,6
4180986,9.99649547923025,1
4180987,10.0,1
4180997,9.79738049948893,10
4181011,9.729905390258578,14
4181025,9.675990846026178,14
4181036,9.779514104047115,11
4181042,9.885841854404074,6
4181047,9.918202952578456,5
4181059,9.746610108046168,12
4181073,9.65732301375332,14
4181083,9.778035666048899,10
4181092,9.794554506740498,9
4181103,9.76063098451254,11
4181108,9.917237580331301,5
4181111,9.951908418876124,3
4181117,9.902181316929344,6
4181128,9.774242117283467,11
4181134,9.8873213119609,6
4181145,9.777960558729745,11
4181157,9.760625696369553,12
4181161,9.948213998448567,4
4181174,9.709322804617111,13
4181182,9.842070510102719,8
4181194,9.74421203339136,12
4181198,9.930240982068513,4
4181206,9.826632141506996,8
4181211,9.921849464953954,5
4181221,9.791631330036877,10
4181230,9.804377463109493,9
4181251,9.54019690989497,21
4181257,9.800047195912558,6
4181270,9.677172833002611,13
4181288,9.575619722309016,18
4181296,9.827896974981698,8
4181306,9.810639761630885,10
4181314,9.840732458347231,8
4181326,9.723748806106267,12
4181327,10.0,1
4181332,9.913320625078013,5
4181342,9.800943432263562,10
4181350,9.819095383067646,8
4181363,9.708655328947192,13
4181372,9.793848403838226,9
4181380,9.858954543270457,8
4181384,9.935455109727492,4
4181398,9.688948309805088,14
4181399,10.0,1
4181407,9.736438603788162,8
4181418,9.638331032265512,11
4181433,9.673190105198662,15
4181441,9.841628819156899,8
4181452,9.769886300290903,11
4181462,9.778157568098106,10
4181469,9.882115438361811,7
4181477,9.835520028393008,8
4181486,9.737137168728852,9
4181491,9.923541640599336,5
4181497,9.90156288228819,6
4181506,9.794233603723871,9
4181514,9.820651661984312,8
4181519,9.916708098495162,5
4181529,9.758020187681748,10
4181530,9.988862842759533,1
4181546,9.594592620345436,16
4181559,9.722217517341534,13
4181565,9.88148928953137,6
4181570,9.906017631156141,5
4181578,9.722647073001474,8
4181588,9.783392656830516,10
4181593,9.905653449193007,5
4181604,9.479866936755538,11
4181605,9.996349893314154,1
4181610,9.916768475067126,5
4181612,9.984451393421205,2
4181626,9.674045786676153,14
4181639,9.712188058129385,13
4181640,9.99169697127386,1
4181643,9.963018427136335,3
4181656,9.692910552686946,13
4181662,9.890748748139776,6
4181673,9.753573347316532,11
4181686,9.70872535020366,13
4181689,9.952164830828602,3
4181698,9.836122327611458,9
4181703,9.922043407477135,5
4181710,9.869702098818339,7
4181719,9.832013291657223,9
4181727,9.830018777591098,8
4181736,9.816991319946244,9
4181738,9.977494517561844,2
4181739,10.0,1
4181754,8.751645065085622,15
4181759,9.926697604376264,5
4181769,9.801551245112996,10
4181771,9.968587848363885,2
4181784,9.731232816017918,13
4181791,9.886558400454783,7
4181801,9.800893703700384,10
4181819,9.550086071197775,18
4181829,9.787793316759762,10
4181831,9.967834129343524,2
4181837,9.909112873115882,6
4181848,9.770605525012723,11
4181849,10.0,1
4181865,9.682919579960647,16
4181871,9.783867664794483,6
4181881,9.774155673637972,10
4181889,9.830717336638777,8
4181893,9.931917762299275,4
4181902,9.790720194561276,9
4181908,9.897407951389527,6
4181916,9.862351028154468,8
4181924,9.823690037566621,8
4181928,9.943715469611316,4
4181936,9.836294093437996,8
4181945,9.811418851910512,9
4181946,9.992699365478337,1
4181950,9.924494263696138,4
4181956,9.873890109906585,6
4181959,9.956972297220942,3
4181963,9.94705928939159,4
4181970,9.867843394172176,7
4181977,9.898622655612868,7
4181981,9.949955793009238,4
4181998,9.610612808301576,17
4182003,9.915316967161539,5
4182009,9.896781418594133,6
4182013,9.932852486218502,4
4182014,10.0,1
4182024,9.77343461880597,10
4182034,9.766085790361252,10
4182040,9.884938115594213,6
4182048,9.850433481407373,8
4182062,9.703771596932452,14
4182065,9.962927037418188,3
4182072,9.844385824598767,7
4182081,9.819684198360711,9
4182092,9.772729223192615,11
4182096,9.931331847555775,4
4182103,9.894869938862218,7
4182113,9.780987511724446,10
4182127,9.710432203999565,14
4182132,9.919371226045566,5
4182137,9.912868015600386,5
4182143,9.900603951397503,6
4182157,9.69535114695377,14
4182161,9.927103651606698,4
4182172,9.780353112206338,11
4182177,9.805546864067152,5
4182181,9.840659347701983,4
4182187,9.888614062508017,6
4182203,9.61529211950896,16
4182211,9.837693185996452,8
4182228,9.511214258731084,17
4182240,9.725898629180618,12
4182250,9.786437935416533,10
4182265,9.681712745819667,15
4182266,10.0,1
4182272,9.895778193626246,6
4182283,9.737102662210807,11
4182293,9.781719830925429,10
4182300,9.867818479388463,7
4182318,9.598456057517234,18
4182319,9.991884170647218,1
4182324,9.915118793271942,5
4182336,9.740101864457646,12
4182340,9.928726167359873,4
4182354,9.679468326641762,14
4182363,9.817789705608565,9
4182374,9.761196964129178,11
4182385,9.772546842218425,11
4182390,9.923801527970241,5
4182391,10.0,1
4182392,10.0,1
4182399,9.854559336699287,7
4182411,9.636622325562472,12
4182412,10.0,1
4182422,9.780147030362727,10
4182435,9.69668558729131,13
4182450,9.64674009340026,15
4182451,10.0,1
4182454,9.962647668073638,3
4182473,8.82288201202993,19
4182478,9.913416339397813,5
4182479,10.0,1
4182490,9.69348405905973,11
4182500,9.767956426999419,10
4182507,9.648744757187902,7
4182508,10.0,1
4182519,9.768254949626408,11
4182527,9.858189053437362,8
4182533,9.891232944749497,6
4182540,9.848997783841988,7
4182544,9.930270923538153,4
4182563,9.268692984310572,19
4182565,9.98505614005511,2
4182571,9.88698783884814,6
4182575,9.928461840208273,4
4182585,9.788237705236028,10
4182590,9.929365949656031,5
4182599,9.818714781438949,9
4182607,9.840316897173128,8
4182622,9.649910014505432,15
4182635,9.699925799129813,13
4182638,9.947355653956802,3
4182655,9.615703943300153,17
4182671,9.609008044262438,16
4182690,9.537824803145584,19
4182696,9.884974340432446,6
4182703,9.864312484484671,7
4182707,9.938686837789215,4
4182711,9.936641062340767,4
4182714,9.966323087658369,3
4182727,9.703092579586547,13
4182732,9.909556453286502,5
4182736,9.93005807524195,4
4182751,9.640554538960274,15
4182755,9.9371892634751,4
4182763,9.862926452219082,8
4182771,9.856929237698099,8
4182773,9.969822572327033,2
4182777,9.953406046479792,4
4182782,9.91465208845013,5
4182790,9.84197710459141,8
4182798,9.825981617875225,8
4182808,9.807894356697876,10
4182817,9.839324940019782,9
4182834,9.641753771443225,17
4182847,9.714101393444594,13
4182862,9.575658998238255,15
4182872,9.785600634096664,10
4182877,9.920505857982342,5
4182882,9.619865476468162,5
4182894,9.768425255861242,12
4182895,10.0,1
4182904,9.80826048536894,9
4182925,9.47428006453818,21
4182929,9.936997325181483,4
4182934,9.934979510990336,5
4182943,9.823444707989323,9
4182944,10.0,1
4182949,9.924682667529403,5
4182957,9.836537127406718,8
4182962,9.929015355961,5
4182972,9.784186876846654,10
4182981,9.818245670325048,9
4183029,8.852316186951994,48
4183032,9.958830348724712,3
4183040,9.817868868155001,8
4183041,9.996743415970569,1
4183050,9.851343883017407,9
4183060,9.79819119290262,10
4183064,9.936121964333813,4
4183074,9.79306531078648,10
4183079,9.913127950403684,5
4183086,9.884498495844934,7
4183091,9.910118183282291,5
4183097,9.88982235635368,6
4183100,9.952578546749152,3
4183114,9.683210998242016,14
4183124,9.822673615222465,10
4183125,10.0,1
4183625,-204.51404427276506,500
4183629,9.937144340330374,4
4183638,9.81431714554247,9
4183643,9.909997355720519,5
4183660,9.594018415573563,17
4183668,9.864777357875793,8
4183677,9.842840761098913,9
4183686,9.806999850867733,9
4183697,9.657447149083259,11
4183703,9.899999000884195,6
4183716,9.698733640670145,13
4183728,9.738109837448874,12
4183729,10.0,1
4183740,9.75653032426293,11
4183743,9.950724280248616,3
4183749,9.901342877274276,6
4183760,9.777312212165521,11
4183771,9.751247312502665,11
4183785,9.698777342893568,14
4183795,9.788445347799438,10
4183800,9.924566654027007,5
4183811,9.766022500564798,11
4183822,9.733072095475036,11
4183828,9.897339720372607,6
4183836,9.82329324749621,8
4183839,9.956917959515811,3
4183848,9.820766214579752,9
4183858,9.787137523951454,10
4183870,9.740656567928358,12
4183878,9.855244861851174,8
4183887,9.818103898857405,9
4183892,9.92121198422503,5
4183897,9.902871434924643,5
4183904,9.887759750659741,7
4183916,9.769184036369992,12
4183929,9.716964131293736,13
4183937,9.873606414910904,8
4183941,9.938014972221213,4
4183949,9.867307989885603,8
4183969,9.52686831833443,20
4183970,9.996517422423608,1
4183987,9.61195886058102,17
4183992,9.918661613317886,5
4184001,9.810667712004625,9
4184009,9.833941272390472,8
4184012,9.965082846649963,3
4184017,9.906828658195831,5
4184022,9.900755089607035,5
4184023,10.0,1
4184026,9.952664261191481,3
4184036,9.777386236237248,10
4184044,9.831152835316825,8
4184050,9.89359342146789,6
4184062,9.743243139565767,12
4184074,9.778990206203568,12
4184085,9.763452576158015,11
4184090,9.910233560917348,5
4184104,9.717567759091475,14
4184110,9.890863148918989,6
4184123,9.695752620066509,13
4184134,9.812719031364969,11
4184135,10.0,1
4184139,9.933335115513481,4
4184150,9.794878057234687,11
4184163,9.723748013581154,13
4184172,9.809346209175501,9
4184183,9.793241660863636,11
4184184,10.0,1
4184188,9.945976336185943,4
4184195,9.895494451678461,7
4184202,9.882238512709941,7
4184215,9.745794678414285,13
4184222,9.881032133528494,7
4184240,9.585883030794687,18
4184250,9.811213331035596,10
4184264,9.694568530953793,14
4184269,9.929757020934193,5
4184278,9.823210982896425,9
4184292,9.726286281360027,14
4184300,9.854452096794132,8
4184301,9.993180182374081,1
4184312,9.749305740805873,11
4184322,9.784851699550718,10
4184328,9.900754394750534,6
4184335,9.8511866183012,7
4184343,9.877308506983727,8
4184349,9.693666257587301,6
4184356,9.864951097322882,7
4184368,9.741824262030159,12
4184372,9.947214083478537,4
4184377,9.92225480992078,5
4184388,9.576555897003672,11
4184403,9.67582583997871,15
4184411,9.842954142006105,8
4184422,9.746154887521849,11
4184427,9.936225233778725,5
4184438,9.7450696757358,11
4184444,9.901656688321783,6
4184481,9.220054785584566,37
4184489,9.84892349201487,8
4184491,9.975383441329368,2
4184500,9.829380288468363,9
4184505,9.914645260423631,5
4184514,9.827102445464142,9
4184519,9.908719945956156,5
4184520,9.996515612136935,1
4184538,9.570959289861566,18
4184540,9.966384858963876,2
4184544,9.924033791188284,4
4184549,9.92534821341469,5
4184557,9.845535947843944,8
4184571,9.670038081636758,14
4184577,9.909109169159988,6
4184584,9.882690136973515,7
4184585,10.0,1
4184586,10.0,1
4184599,9.75457356972857,13
4184600,10.0,1
4184608,9.829161557078105,8
4184613,9.92315419851394,5
4184620,9.880108397347284,7
4184629,9.832167566172803,9
4184632,9.955396273786016,3
4184641,9.814374559787648,9
4184657,9.557100345921228,16
4184660,9.961263716417621,3
4184661,9.991608471619296,1
4184672,9.787870902805967,11
4184674,9.98461668175188,2
4184683,9.849619879287454,9
4184695,9.75899855490816,12
4184708,9.700152368942511,13
4184711,9.962936360933778,3
4184720,9.829071097594667,9
4184733,9.712514231220444,13
4184734,10.0,1
4184740,9.89418594363501,6
4184746,9.88448127803187,6
4184756,9.784524539707048,10
4184763,9.860296965777394,7
4184768,9.922515395088316,5
4184777,9.823560258509936,9
4184784,9.855510155948576,7
4184790,9.875566510425818,6
4184791,10.0,1
4184792,10.0,1
4184809,9.56769819691661,17
4184816,9.867861859024867,7
4184829,9.688691993635281,13
4184830,10.0,1
4184831,10.0,1
4184842,9.755992096465205,11
4184847,9.923186853306252,5
4184853,9.915398136798007,6
4184862,9.787501149638333,9
4184876,9.669040194987577,14
4184887,9.731883432915676,11
4184895,9.845290877917938,8
4184901,9.90941291714431,6
4184902,10.0,1
4184905,9.955161380797866,3
4184913,9.84260067599523,8
4184921,9.84280607011496,8
4184931,9.800723045550846,10
4184947,9.688418020756012,16
4184948,10.0,1
4184961,9.72058466602236,13
4184971,9.809033702253842,10
4184984,9.71459210655221,13
4184990,9.885308999153192,6
4184991,10.0,1
4185005,9.68131622843344,14
4185006,10.0,1
4185011,9.935917525503589,5
4185027,9.641180237454007,16
4185034,9.893946458937581,7
4185036,9.981316842011287,2
4185040,9.942256126661725,4
4185052,9.735637942574733,12
4185062,9.782094058630651,10
4185073,9.744184530573202,11
4185086,9.727167989058835,13
4185096,9.78278360696707,10
4185100,9.929685753169855,4
4185106,9.879892016770125,6
4185116,9.836882144384754,10
4185123,9.854254262655308,7
4185134,9.750853534185532,11
4185148,9.706707509758317,14
4185162,9.69106104558931,14
4185172,9.780400378760254,10
4185178,9.907381173079797,6
4185183,9.928257439440266,5
4185184,10.0,1
4185185,9.996306652674217,1
4185199,9.6859894236158,14
4185202,9.963252932671791,3
4185214,9.765349809251948,12
4185221,9.856117629769592,7
4185225,9.934314102625837,4
4185231,9.795579877594747,6
4185245,9.73895352610174,14
4185251,9.889607675011309,6
4185256,9.929429650229755,5
4185267,9.800391470582426,11
4185275,9.838810797812151,8
4185286,9.746580945394635,11
4185287,10.0,1
4185297,9.783297124522925,10
4185302,9.91176193745114,5
4185318,9.636620290188713,16
4185326,9.849721448890607,8
4185327,10.0,1
4185336,9.804778028514068,9
4185354,9.564361996314677,18
4185362,9.852770905908049,8
4185372,9.817556982377399,10
4185384,9.754805263028494,12
4185386,9.97018879998878,2
4185400,9.682297430539867,14
4185402,9.967087414548953,2
4185417,9.704325430088433,15
4185428,9.742702082403762,11
4185438,9.797476180007115,10
4185439,10.0,1
4185443,9.92291230135953,4
4185456,9.742424734588447,13
4185459,9.960338441952995,3
4185464,9.919699277658362,5
4185469,9.91395686756616,5
4185472,9.862378884856142,3
4185484,9.746243538853284,12
4185485,10.0,1
4185495,9.768306379196028,10
4185496,10.0,1
4185507,9.754593657295114,11
4185513,9.875929552119235,6
4185517,9.942559835782001,4
4185528,9.780484906044903,11
4185535,9.867026331031967,7
4185540,9.924349921202834,5
4185543,9.963567315832055,3
4185549,9.893158011116737,6
4185560,9.75704107665982,11
4185563,9.958593773273847,3
4185573,9.787638761680103,10
4185574,9.988733698711052,1
4185584,9.824410734551424,10
4185591,9.877405894990503,7
4185594,9.968675565417627,3
4185595,10.0,1
4185596,10.0,1
4185601,9.914199774341425,5
4185608,9.855117382716317,7
4185616,9.849220848829553,8
4185629,9.70145001737144,13
4185639,9.769662003709254,10
4185650,9.757845999137267,11
4185660,9.797981163163799,10
4185665,9.919907948856729,5
4185666,10.0,1
4185678,9.772052942824752,12
4185689,9.765568911393709,11
4185696,9.880071605381765,7
4185709,9.758145040259317,13
4185723,9.700440972058535,14
4185734,9.791752800658951,11
4185743,9.802873941125785,9
4185753,9.789109109450305,10
4185768,9.656410199221487,15
4185771,9.959237615153882,3
4185772,10.0,1
4185773,10.0,1
4185781,9.830055494204181,8
4185788,9.860870374461484,7
4185799,9.75541072751983,11
4185807,9.849727911971604,8
4185808,10.0,1
4185821,9.718996820335347,13
4185830,9.834663925805447,9
4185840,9.79580211766393,10
4185848,9.871165907834694,8
4185861,9.71622030015018,13
4185866,9.904214455008546,5
4185869,9.962278266771822,3
4185883,9.719689583313581,14
4185884,10.0,1
4185895,9.730726096012596,11
4185905,9.789243952587679,10
4185920,9.705481864128219,15
4185928,9.829055689740548,8
4185940,9.749604761293845,12
4185946,9.89461860362205,6
4185953,9.89457276403481,7
4185958,9.90303930814557,5
4185962,9.923475006848957,4
4185965,9.965749031305377,3
4185967,9.97766310212066,2
4185971,9.925431897179184,4
4185978,9.890234908430166,7
4185979,10.0,1
4185994,9.72927556153245,15
4185999,9.928050081762306,5
4186005,9.899471811828116,6
4186021,9.606204550693654,16
4186029,9.849844895476474,8
4186037,9.829145446894353,8
4186038,10.0,1
4186045,9.872762298205625,7
4186046,10.0,1
4186047,10.0,1
4186060,9.602023203897453,13
4186070,9.806221443656389,10
4186077,9.878902605749843,7
4186081,9.848091335424474,4
4186088,9.866571121222385,7
4186093,9.932252121543637,5
4186099,9.871716807883715,6
4186102,9.955860179673147,3
4186103,10.0,1
4186111,9.842484581050167,8
4186127,9.611370971168032,16
4186145,9.55065269250712,18
4186152,9.850810009881025,7
4186153,10.0,1
4186167,9.655897340348632,14
4186168,10.0,1
4186178,9.79688529403002,10
4186183,9.913225129153922,5
4186192,9.856595111018981,9
4186200,9.8387093641053,8
4186211,9.756157281544459,11
4186220,9.801931507254656,9
4186221,10.0,1
4186225,9.940517533029821,4
4186233,9.855905023453062,8
4186239,9.89276347872201,6
4186242,9.965452487265535,3
4186248,9.89604906346519,6
4186262,9.707837839042629,14
4186272,9.817691019172527,10
4186284,9.724641071635007,12
4186290,9.889133240175347,6
4186298,9.830703206830464,8
4186314,9.732157474719477,16
4186324,9.772032021849437,10
4186326,9.984661790514409,2
4186331,9.937121076646557,5
4186341,9.794568754317865,10
4186351,9.781287047585678,10
4186358,9.867792703728183,7
4186368,9.817094157452683,10
4186381,9.738115410063445,13
4186382,10.0,1
4186392,9.795109004842358,10
4186403,9.746886341734394,11
4186404,10.0,1
4186409,9.903786732503693,5
4186414,9.926088419666243,5
4186418,9.95193140686028,4
4186425,9.881137106039784,7
4186438,9.685772074257883,13
4186443,9.923157787081443,5
4186444,9.992325036997638,1
4186445,10.0,1
4186455,9.77821976697023,10
4186463,9.847260654140278,8
4186467,9.945091188487464,4
4186471,9.933516559464362,4
4186474,9.944318605399957,3
4186481,9.693664479540928,7
4186497,9.620528261785228,16
4186502,9.914248099131854,5
4186511,9.822889886393096,9
4186524,9.720620965263445,13
4186527,9.956839055311555,3
4186528,10.0,1
4186535,9.857975553088263,7
4186545,9.799143388270075,10
4186552,9.871981018626572,7
4186568,9.656458741048567,16
4186580,9.722963696361882,12
4186591,9.807322797896989,11
4186592,10.0,1
4186604,9.74603867961465,12
4186613,9.791371205791602,9
4186621,9.821670707472396,8
4186628,9.879390261909183,7
4186634,9.893210982081632,6
4186646,9.749517170238436,12
4186650,9.946265924438052,4
4186657,9.868517180125401,7
4186667,9.809638347416918,10
4186674,9.853719401924387,7
4186682,9.833782729371796,8
4186690,9.830180873624865,8
4186704,9.7049111169233,14
4186718,9.59718327379661,14
4186727,9.814007735567802,9
4186734,9.86165435653531,7
4186745,9.751034077349129,11
4186755,9.827686614220655,10
4186767,9.727735529697494,12
4186772,9.928830230724158,5
4186773,10.0,1
4186775,9.974840090377596,2
4186776,9.9965786800922,1
4186787,9.827985360846178,11
4186797,9.800013669064239,10
4186808,9.77595424497207,11
4186813,9.91991990484128,5
4186828,9.675173172697326,15
4186832,9.951916044933924,4
4186843,9.785243630138469,11
4186852,9.819665389601587,9
4186853,10.0,1
4186867,9.655511757217113,14
4186882,9.378470634768366,15
4186894,9.727226338612645,12
4186899,9.92303997615512,5
4186902,9.952906740897996,3
4186912,9.79844269418543,10
4186925,9.745620664648875,13
4186935,9.802410420409313,10
4186951,9.635136838998946,16
4186955,9.929748296236705,4
4186956,9.996348257371269,1
4186959,9.954605970386087,3
4186963,9.925381113836638,4
4186969,9.877090652197902,6
4186976,9.852319367436703,7
4186993,9.605426782185928,17
4186995,9.9744258622925,2
4187002,9.878551578352068,7
4187011,9.795383455856582,9
4187015,9.932620280353063,4
4187024,9.816258417897147,9
4187033,9.83140959384251,9
4187039,9.884053746013835,6
4187051,9.731522728839673,12
4187057,9.893038984035055,6
4187063,9.891312521369553,6
4187066,9.961080660916057,3
4187079,9.725665939480642,13
4187090,9.755103542441539,11
4187097,9.845916967605431,7
4187108,9.739056042532134,11
4187109,10.0,1
4187119,9.783240096039359,10
4187125,9.892318867857547,6
4187138,9.754402350981696,13
4187146,9.637983880209964,8
4187165,9.685502446680335,19
4187174,9.82088431048673,9
4187183,9.835901388739034,9
4187193,9.804022395792012,10
4187205,9.759607113699923,12
4187218,9.700894114752552,13
4187233,9.680318367388566,15
4187246,9.719355464280984,13
4187247,10.0,1
4187254,9.883123807417952,7
4187261,9.8710942774995,7
4187276,9.690062476006421,15
4187277,10.0,1
4187287,9.81418610362051,10
4187293,9.890022414619617,6
4187298,9.919581179032377,5
4187312,9.69052883534127,14
4187315,9.951878099837074,3
4187322,9.872551945909189,7
4187332,9.802744923180732,10
4187341,9.814230677195763,9
4187342,10.0,1
4187352,9.80915630279293,10
4187356,9.94307223353635,4
4187366,9.799757218145343,10
4187376,9.808484626078446,10
4187391,9.668492001615654,15
4187403,9.741883643654585,12
4187411,9.854990946352183,8
4187423,9.740018120266964,12
4187433,9.776739113127519,10
4187436,9.959586433477842,3
4187441,9.916483372865173,5
4187446,9.91493506989916,5
4187453,9.556891808327185,7
4187464,9.784728959192897,11
4187469,9.899561745601613,5
4187477,9.83923518395922,8
4187485,9.844588014817235,8
4187493,9.859359296488929,8
4187503,9.786001347949774,10
4187511,9.852894164119004,8
4187517,9.903020585165375,6
4187531,9.69633940687409,14
4187554,9.525538831018787,23
4187559,9.92828541217315,5
4187572,9.724506695173687,13
4187582,9.796078770890993,10
4187596,9.676610152695865,14
4187599,9.955160119787063,3
4187600,10.0,1
4187606,9.896292292296682,6
4187613,9.885481350982316,7
4187618,9.91707447654575,5
4187625,9.875164969331609,7
4187636,9.770331979934017,11
4187652,9.627937603153969,16
4187662,9.787930894678526,10
4187668,9.891344967656977,6
4187675,9.86021855190612,7
4187685,9.779263636220083,10
4187691,9.886773399463596,6
4187703,9.740425765512017,12
4187706,9.96286553708926,3
4187716,9.596575182602045,10
4187726,9.810541116550697,10
4187735,9.840503131296305,9
4187744,9.815298596256595,9
4187759,9.665315468718592,15
4187762,9.971334481518953,3
4187776,9.694121995237216,14
4187780,9.943695865456357,4
4187784,9.941444921631694,4
4187793,9.813202223773668,9
4187802,9.839762781007229,9
4187813,9.793893572242704,11
4187826,9.717271257710303,13
4187835,9.827549093141474,9
4187847,9.77023891227262,12
4187857,9.803055774226404,10
4187865,9.845671506295577,8
4187874,9.818355496329161,9
4187880,9.877097739150583,6
4187887,9.879210419383226,7
4187888,10.0,1
4187894,9.890453065089712,6
4187900,9.912757100447568,6
4187914,9.715724341761147,14
4187923,9.81474457528711,9
4187933,9.780919234190455,10
4187947,9.501967952789158,14
4187953,9.906896192477173,6
4187964,9.792428238371459,11
4187972,9.855750925493755,8
4187978,9.886401323922902,6
4187986,9.86483244515954,8
4187993,9.867424808176834,7
4188001,9.839598085767538,8
4188009,9.851996659650412,8
4188019,9.677416843357564,10
4188027,9.836866592860224,8
4188028,10.0,1
4188029,10.0,1
4188030,10.0,1
4188037,9.856061055945174,7
4188045,9.830265348213166,8
4188046,9.991265592130441,1
4188058,9.744273433995183,12
4188059,10.0,1
4188067,9.859193901930615,8
4188072,9.907550768144112,5
4188077,9.904664034573264,5
4188084,9.851459066407442,7
4188098,9.365505918712712,14
4188105,9.870937994882699,7
4188114,9.812427187232865,9
4188119,9.908363453829045,5
4188120,10.0,1
4188125,9.915432004008888,5
4188134,9.811110904032716,9
4188142,9.849490810788025,8
4188143,10.0,1
4188150,9.863440050742188,7
4188160,9.807359835837993,10
4188165,9.905015943223017,5
4188175,9.793502217904095,10
4188179,9.925864229197852,4
4188187,9.861894601072985,8
4188192,9.918785656834041,5
4188195,9.962290776249937,3
4188202,9.86208337305327,7
4188207,9.81606315287281,5
4188212,9.812582481245762,5
4188221,9.80753530072453,9
4188228,9.860585429532193,7
4188238,9.777433458220495,10
4188246,9.857849047458155,8
4188251,9.903570376997823,5
4188265,9.70699790688696,14
4188273,9.836783724587374,8
4188281,9.844909235819209,8
4188283,9.971256686034058,2
4188291,9.840934665467179,8
4188301,9.795186867607782,10
4188308,9.869546915885499,7
4188320,9.752549753769443,12
4188328,9.855320839087232,8
4188336,9.833684532703554,8
4188343,9.87691371350603,7
4188360,9.589789068506798,17
4188385,9.459451167816493,25
4188404,9.522627984432141,19
4188415,9.779277781475805,11
4188428,9.701436938804031,13
4188432,9.949067297075265,4
4188444,9.717854999925327,12
4188454,9.790577840283321,10
4188463,9.796229545404458,9
4188469,9.888118458920964,6
4188470,10.0,1
4188477,9.869013368798388,7
4188486,9.80947643125817,9
4188488,9.975238175405494,2
4188494,9.681438949263645,6
4188496,9.978862243218572,2
4188502,9.877347413605182,6
4188503,10.0,1
4188511,9.815465893997656,8
4188512,10.0,1
4188521,9.86529815192731,9
4188531,9.817538770868008,10
4188542,9.7801320256196,11
4188550,9.862457837452792,8
4188560,9.784910344816957,10
4188568,9.84875252431791,8
4188569,10.0,1
4188577,9.841941385781048,8
4188579,9.974384096695765,2
4188592,9.590595174632783,13
4188596,9.946847355073128,4
4188605,9.811883699338694,9
4188606,10.0,1
4188612,9.91026253601092,6
4188625,9.707067918878288,13
4188636,9.759517253364509,11
4188644,9.84735694157094,8
4188651,9.891602365563694,7
4188655,9.930018928398407,4
4188656,10.0,1
4188664,9.848040606617317,8
4188673,9.83183494676731,9
4188674,10.0,1
4188676,9.98070173845622,2
4188680,9.93533741019357,4
4188690,9.82348564083957,10
4188693,9.950520869627129,3
4188696,9.958491271652724,3
4188706,9.773646705220761,10
4188712,9.883298268266248,6
4188724,9.724612474761196,12
4188732,9.835802444265298,8
4188737,9.928349576498045,5
4188744,9.877722483974672,7
4188755,9.749160954343557,11
4188760,9.920419197302127,5
4188766,9.918472338499788,6
4188781,9.672329607597316,15
4188789,9.835170923563274,8
4188790,9.989353827075005,1
4188796,9.88832288328832,6
4188801,9.92046916865557,5
4188810,9.841934018808807,9
4188823,9.720770778877656,13
4188830,9.855029169784494,7
4188846,9.64036008604714,16
4188857,9.764542111307144,11
4188862,9.910838377013908,5
4188875,9.706215873356284,13
4188885,9.799126832353002,10
4188894,9.798181613508342,9
4188903,9.833040580967925,9
4188905,9.972646165511001,2
4188918,9.705689002460796,13
4188928,9.801684001375287,10
4188937,9.795135068610723,9
4188947,9.78872729301562,10
4188960,9.709801202333905,13
4188961,10.0,1
4188969,9.827969665413992,8
4188983,9.490452660810881,14
4188998,9.678671748631325,15
4189002,9.939733148696487,4
4189010,9.849760321864542,8
4189015,9.903796894156791,5
4189019,9.925432210385745,4
4189023,9.942225745391061,4
4189025,9.984219109694537,2
4189027,9.977245123248094,2
4189038,9.757726833174617,11
4189039,10.0,1
4189046,9.864534895021018,7
4189053,9.896605171570087,7
4189058,9.918471961076843,5
4189064,9.89077140588394,6
4189069,9.909805188892175,5
4189076,9.857522899719653,7
4189081,9.918168076510296,5
4189092,9.76352608707436,11
4189095,9.959768660097264,3
4189595,-201.89574467485394,500
4189608,9.691998636913457,13
4189609,10.0,1
4189621,9.646878760422746,12
4189631,9.780897199359993,10
4189636,9.920193186243797,5
4189644,9.841627187472813,8
4189654,9.787387695419278,10
4189658,9.94120248359433,4
4189668,9.813417374727676,10
4189675,9.862117913263546,7
4189685,9.790261765092517,10
4189694,9.805315074599863,9
4189696,9.972370345344613,2
4189704,9.85613940189374,8
4189718,9.715874045389471,14
4189727,9.819705289455266,9
4189728,10.0,1
4189738,9.829124126930365,10
4189748,9.785365985873545,10
4189753,9.926462215766145,5
4189758,9.899884427852738,5
4189763,9.92353404396301,5
4189776,9.702637749361099,13
4189783,9.856423339678015,7
4189798,9.660357123022582,15
4190298,-204.22137177871772,500
4190302,9.93203102399659,4
4190314,9.732593850307822,12
4190318,9.935551807350006,4
4190325,9.863964991578925,7
4190332,9.868547450042227,7
4190344,9.726774996087867,12
4190355,9.811308317261977,11
4190365,9.78071245607005,10
4190371,9.89487216578302,6
4190380,9.817915887839021,9
4190389,9.730801780947283,9
4190397,9.849936451964773,8
4190406,9.836297766149368,9
4190419,9.727229238374814,13
4190427,9.854403331858936,8
4190433,9.890196279545279,6
4190445,9.73143931951624,12
4190452,9.885496163169236,7
4190461,9.80952067711631,9
4190465,9.945367378077608,4
4190481,9.657124168327876,16
4190488,9.874386259904233,7
4190496,9.86650933696333,8
4190502,9.871642615159791,6
4190519,9.642865818964015,17
4190527,9.820772540313163,8
4190529,9.976658261668353,2
4190538,9.79917993262203,9
4190539,10.0,1
4190543,9.951879074990947,4
4190544,9.992606260018775,1
4190548,9.9488265042671,4
4190553,9.907928221698029,5
4190557,9.945675668897522,4
4190562,9.915061301002986,5
4190569,9.856280930190561,7
4190579,9.695928435407284,10
4190597,9.573610335500913,18
4190598,9.987758472910269,1
4190602,9.931382006386048,4
4190608,9.900583647739149,6
4190619,9.74541082769767,11
4190624,9.924574281542505,5
4190633,9.81715630643646,9
4190641,9.839314541607129,8
4190653,9.77627857045147,12
4190654,9.996015737927904,1
4190659,9.917149784369421,5
4190660,10.0,1
4190674,9.69502816391044,14
4190686,9.736466272110219,12
4190698,9.756299213376707,12
4190707,9.805852621986093,9
4190708,10.0,1
4190722,9.604229593416935,14
4190743,9.62440527309387,21
4190759,9.667287090878668,16
4190760,10.0,1
4190767,9.857898680195955,7
4190775,9.829365642079699,8
4190776,10.0,1
4190778,9.983690102855132,2
4190790,9.763994346669111,12
4190804,9.720142795500056,14
4190810,9.882838935846904,6
4190815,9.899621306068989,5
4190827,9.716565611351484,12
4190835,9.833578803914214,8
4190845,9.790622201364735,10
4190850,9.926587838664071,5
4190852,9.97491767232406,2
4190858,9.894383409580037,6
4190866,9.851886777938534,8
4190873,9.870405243942821,7
4190876,9.951482831084022,3
4190886,9.799972226674347,10
4190890,9.93498688309353,4
4190899,9.843147881440954,9
4190907,9.834528329719383,8
4190908,9.992137703427298,1
4190917,9.828084525389302,9
4190928,9.77713864940187,11
4190940,9.747041480795515,12
4190941,10.0,1
4190954,9.710806877520358,13
4190961,9.881636660753124,7
4190966,9.911668810194241,5
4190978,9.768690741383141,12
4190982,9.93512817192642,4
4190987,9.92017887634855,5
4190988,10.0,1
4190991,9.945922087500566,3
4191003,9.745134455904356,12
4191010,9.860263391529138,7
4191013,9.953393395519763,3
4191026,9.763457997880026,13
4191029,9.959696623303504,3
4191036,9.862475544219704,7
4191037,9.993050007595086,1
4191045,9.86236672247418,8
4191048,9.965683713312224,3
4191055,9.882200501136028,7
4191065,9.798247824722111,10
4191077,9.71541829401407,12
4191083,9.878909705524501,6
4191091,9.856700558391614,8
4191106,9.670812897918692,15
4191115,9.819312264613345,9
4191116,10.0,1
4191127,9.75345221456208,11
4191135,9.84069850399252,8
4191141,9.892605533039234,6
4191146,9.90471209652127,5
4191153,9.871412904460941,7
4191163,9.790742237633188,10
4191171,9.832074891621765,8
4191178,9.86630545089072,7
4191185,9.880616315700248,7
4191195,9.680760203109674,10
4191200,9.919852536015329,5
4191208,9.821679480551298,8
4191213,9.92026974433543,5
4191218,9.91630056296059,5
4191225,9.856047661453706,7
4191234,9.803282376671682,9
4191241,9.856841046295441,7
4191249,9.85827500787937,8
4191259,9.785953827817188,10
4191265,9.899167133871194,6
4191266,10.0,1
4191283,9.605070189057432,17
4191287,9.946155983869534,4
4191292,9.925635594865168,5
4191299,9.876867216761738,7
4191305,9.889026817451244,6
4191317,9.737332967401741,12
4191322,9.929264855986581,5
4191332,9.779485915784818,10
4191341,9.821845893128728,9
4191342,9.988714383151773,1
4191349,9.88190563015058,7
4191359,9.798622281248944,10
4191387,9.490200904437797,28
4191397,9.798467932438786,10
4191402,9.916878734186794,5
4191412,9.815655244726315,10
4191415,9.961217705783922,3
4191428,9.714765413231518,13
4191435,9.67856731236355,7
4191447,9.741874306969592,12
4191461,9.695384326517045,14
4191469,9.848483388040439,8
4191473,9.938557927573282,4
4191484,9.74809380156578,11
4191495,9.739840330928352,11
4191497,9.98006925042359,2
4191507,9.80069174387623,10
4191512,9.905170093867126,5
4191515,9.959900424808708,3
4191520,9.912621496652662,5
4191527,9.89994478804496,7
4191532,9.923294604400482,5
4191533,10.0,1
4191536,9.856720415061279,3
4191541,9.913814011539483,5
4191549,9.682364715634359,8
4191553,9.948300268863798,4
4191566,9.700323916489308,13
4191576,9.785642829646205,10
4191583,9.87146056599274,7
4191595,9.725987529160065,12
4191607,9.730379649835317,12
4191615,9.84026528853912,8
4191626,9.792084316787083,11
4191633,9.855646031407957,7
4191640,9.877587334050137,7
4191662,9.588976207375001,22
4191663,10.0,1
4191673,9.78997413186053,10
4191687,9.477504856307528,14
4191688,10.0,1
4191690,9.98601920221547,2
4191698,9.857811354046435,8
4191703,9.923174397868904,5
4191716,9.758424747034697,13
4191733,9.601487966134622,17
4191740,9.865153208843033,7
4191743,9.964679650122283,3
4191746,9.953481966913252,3
4191755,9.812948904438727,9
4191760,9.914183926364709,5
4191763,9.96403169075965,3
4191772,9.814832399389035,9
4191777,9.91432507606211,5
4191784,9.860753727405045,7
4191797,9.695317734833843,13
4191801,9.935235376242217,4
4191807,9.916677143776601,6
4191819,9.738503911242878,12
4191820,10.0,1
4191824,9.920723175471867,4
4191829,9.924218580367151,5
4191840,9.759956966408309,11
4191848,9.642534599627563,8
4191849,10.0,1
4191854,9.912659110639426,5
4191864,9.804281708414386,10
4191867,9.958304167195442,3
4191879,9.751121769494004,12
4191883,9.945299313314443,4
4191888,9.909005036687084,5
4191899,9.75811857696442,11
4191902,9.965128414454567,3
4191916,9.683732964137334,14
4191930,9.688016830536013,14
4191945,9.715286296350024,15
4191946,10.0,1
4191950,9.937969344988735,4
4191960,9.761438808379793,10
4191972,9.741187579780267,12
4192018,9.181764443551899,46
4192024,9.884187073024954,6
4192031,9.853414112198239,7
4192044,9.703644274371193,13
4192056,9.748202760044153,12
4192071,9.701901713803384,15
4192084,9.723590981682442,13
4192091,9.88516746102408,7
4192110,9.546803434275194,19
4192118,9.866498192811418,8
4192130,9.71727559892929,12
4192135,9.906605261429375,5
4192141,9.880590163004795,6
4192146,9.932391133228899,5
4192157,9.770116156826035,11
4192168,9.782254435832012,11
4192183,9.69494150135414,15
4192188,9.93131073614996,5
4192193,9.907540598210641,5
4192204,9.77495472460344,11
4192213,9.813493077056341,9
4192223,9.773930028071588,10
4192240,9.645247276570245,17
4192244,9.92816821417947,4
4192253,9.817298441855105,9
4192254,10.0,1
4192259,9.91336217861858,5
4192271,9.311240395232595,12
4192275,9.953140636020159,4
4192283,9.841157660410147,8
4192284,10.0,1
4192285,10.0,1
4192294,9.805283293028202,9
4192300,9.887702570213738,6
4192312,9.718770386928615,12
4192321,9.802563624092308,9
4192330,9.842909686516768,9
4192335,9.922017923038304,5
4192342,9.876490218046088,7
4192349,9.875311179181974,7
4192351,9.980435264404543,2
4192359,9.85353134770101,8
4192360,10.0,1
4192366,9.899862849080693,6
4192380,9.722952327122934,14
4192385,9.901655305767997,5
4192393,9.848194415546418,8
4192398,9.917414615889799,5
4192404,9.884262428044414,6
4192413,9.81304507163775,9
4192423,9.783460980003259,10
4192427,9.931568038446159,4
4192428,10.0,1
4192436,9.832414286142983,8
4192443,9.878067079663731,7
4192451,9.8418395792312,8
4192457,9.89924180441237,6
4192463,9.912821418963738,6
4192475,9.727513431027106,12
4192484,9.812610800275328,9
4192501,9.607573240269524,17
4192514,9.72560331809095,13
4192525,9.770669803490268,11
4192532,9.862244703965866,7
4192537,9.925060737074283,5
4192548,9.783435847845775,11
4192549,10.0,1
4192554,9.924570110937493,5
4192565,9.770831561794777,11
4192577,9.660471308052939,12
4192578,9.991747637396829,1
4192605,9.05729209887828,27
4192614,9.819314645912735,9
4192623,9.817861541069153,9
4192634,9.771819831630737,11
4192644,9.818783638936104,10
4192651,9.873949692094854,7
4192655,9.931294906350251,4
4192663,9.823859196163106,8
4192669,9.903046283578282,6
4192673,9.944877799141937,4
4192685,9.721832658154309,12
4192688,9.95551786268198,3
4192699,9.74516309884534,11
4192713,9.69265111334404,14
4192727,9.695603424199252,14
4192740,9.71190546105299,13
4192755,9.65062586607072,15
4192756,9.996273651836766,1
4192773,9.008472556126527,17
4192779,9.892498613201912,6
4192796,9.586959381334248,17
4192811,9.674111261129454,15
4192819,9.844835538685082,8
4192823,9.947403346922844,4
4192827,9.944416405684418,4
4192834,9.876200086161527,7
4192848,9.381956311064219,14
4192856,9.84430096860212,8
4192865,9.811899986543356,9
4192876,9.738620778655118,11
4192877,10.0,1
4192889,9.721501828394274,12
4192899,9.786954358705442,10
4192908,9.830264140977317,9
4192914,9.892187060104412,6
4192918,9.946436657784544,4
4192919,10.0,1
4192923,9.93347741516111,4
4192933,9.781032110498105,10
4192934,10.0,1
4192935,9.996466948984652,1
4192944,9.817485078709565,9
4192954,9.810125820047817,10
4192962,9.840927735662431,8
4192971,9.818628890183907,9
4192977,9.894738799134013,6
4192991,9.664523436644068,14
4192994,9.962178183625257,3
4193017,9.503000796039405,23
4193024,9.879700913851378,7
4193031,9.862173863769529,7
4193043,9.753725761486992,12
4193052,9.832598680604674,9
4193053,10.0,1
4193063,9.80110246516516,10
4193079,9.646911704575022,16
4193086,9.868493164519947,7
4193101,9.67518893082915,15
4193111,9.775921050548664,10
4193126,9.610845172714772,15
4193133,9.868545149295262,7
4193142,9.818660803338057,9
4193153,9.782575486301171,11
4193160,9.8683146150146,7
4193168,9.860728729992154,8
4193174,9.900112495361725,6
4193186,9.790725393730357,12
4193196,9.589966921557327,10
4193206,9.764064132614589,10
4193207,10.0,1
4193217,9.76796829147302,10
4193225,9.838354429361877,8
4193236,9.75216027129946,11
4193241,9.913557821841628,5
4193244,9.972494105095809,3
4193253,9.830601996729895,9
4193261,9.857054043660904,8
4193271,9.831083643216681,10
4193287,9.708346500404042,16
4193294,9.846294548843586,7
4193297,9.957848662377435,3
4193302,9.921728343935342,5
4193311,9.821408439183147,9
4193321,9.806688703990769,10
4193334,9.714968283434908,13
4193350,9.616755820307336,16
4193354,9.937412685138053,4
4193364,9.804971575706517,10
4193375,9.74638947716185,11
4193380,9.904408956176768,5
4193388,9.828188396827018,8
4193389,10.0,1
4193395,9.89278318011708,6
4193396,10.0,1
4193408,9.718593942743505,12
4193420,9.745459123182838,12
4193432,9.726649975076437,12
4193441,9.825838981711703,9
4193442,10.0,1
4193443,10.0,1
4193444,9.988437562905276,1
4193446,9.975512101239982,2
4193447,10.0,1
4193451,9.940248574144977,4
4193461,9.807019242112341,10
4193470,9.697407300067649,9
4193471,9.989352972367213,1
4193472,10.0,1
4193476,9.92461113403943,4
4193477,9.995824739764396,1
4193479,9.968457204739133,2
4193487,9.838491065548167,8
4193493,9.878322999454122,6
4193508,9.633082162681752,15
4193522,9.689992805517015,14
4193539,9.600365001887257,17
4193545,9.912417711107407,6
4193550,9.91215032381712,5
4193553,9.967826235027179,3
4193562,9.85153977061878,9
4193573,9.75104177764548,11
4193574,9.993272794100648,1
4193588,9.687882480892824,14
4193593,9.928217978114855,5
4193597,9.937241163043229,4
4193598,10.0,1
4193613,9.454983635601847,15
4193617,9.936753399732433,4
4193626,9.60087398570232,9
4193630,9.949280755279815,4
4193633,9.961081411878874,3
4193636,9.963218043036447,3
4193645,9.83077144843727,9
4193652,9.880630116868808,7
4193657,9.928986892593553,5
4193664,9.872249388486459,7
4193677,9.755673538904071,13
4193684,9.885461916183022,7
4193690,9.902704026610365,6
4193700,9.813875398602725,10
4193710,9.796304549953778,10
4193717,9.853213653890634,7
4193725,9.865659267708436,8
4193744,9.57825692560343,19
4193753,9.820673288101345,9
4193760,9.867623563267614,7
4193771,9.741327248044412,11
4193779,9.860757374087864,8
4193789,9.783004561971337,10
4193793,9.930073698600866,4
4193803,9.795114377548435,10
4193816,9.687838505494692,13
4193826,9.788102002972957,10
4193843,9.558509353949056,17
4193847,9.93596624874676,4
4193852,9.928106049260776,5
4193857,9.933544976747076,5
4193864,9.86861216643019,7
4193873,9.806460387642899,9
4193884,9.762280612379177,11
4193887,9.954667123454792,3
4193895,9.84939838212352,8
4193903,9.829617484552509,8
4193915,9.744076268931684,12
4193920,9.896848570705894,5
4193930,9.789773503966654,10
4193931,9.992383725144755,1
4193941,9.810316225239136,10
4193953,9.730539444605144,12
4193958,9.924011195773412,5
4193959,10.0,1
4193964,9.914819257813116,5
4193969,9.906649150727578,5
4193977,9.85473197835446,8
4193991,9.669398116164421,14
4193994,9.963389476388608,3
4194012,9.56103118265397,18
4194028,9.641634238945233,16
4194038,9.800328173174357,10
4194042,9.946164738111046,4
4194055,9.731269811270279,13
4194062,9.87341018331934,7
4194073,9.78335064316183,11
4194074,10.0,1
4194078,9.935646061046596,4
4194090,9.51622317620533,12
4194102,9.734464447181942,12
4194103,10.0,1
4194105,9.984188719872211,2
4194115,9.825193979996492,10
4194121,9.889413915617853,6
4194125,9.938579127278654,4
4194133,9.71830972019999,8
4194140,9.897114135253755,7
4194145,9.927775954880333,5
4194151,9.901263541075712,6
4194159,9.843025821306968,8
4194163,9.928575280421116,4
4194171,9.828702633847183,8
4194183,9.715282292191892,12
4194184,10.0,1
4194198,9.71402302542638,14
4194209,9.763480355362695,11
4194226,9.631772887634664,17
4194231,9.933418709622543,5
4194233,9.98495384131525,2
4194234,9.989334697266125,1
4194243,9.81356672620581,9
4194252,9.82515280092557,9
4194254,9.971448308101168,2
4194262,9.84870797734929,8
4194270,9.871490038994706,8
4194282,9.784473557654358,12
4194285,9.959121273365511,3
4194293,9.863797278516964,8
4194300,9.857122914336728,7
4194313,9.712648376718027,13
4194324,9.757891495207378,11
4194335,9.743383629689527,11
4194338,9.95600351680006,3
4194348,9.771907053271345,10
4194356,9.84236607261709,8
4194360,9.740455145890339,4
4194367,9.864880044474987,7
4194373,9.903738922554934,6
4194387,9.66627127814796,14
4194394,9.885840941153107,7
4194398,9.932947721277278,4
4194414,9.69412991779511,16
4194415,10.0,1
4194418,9.95331836198757,3
4194430,9.749758520383471,12
4194433,9.964784669915794,3
4194439,9.889606837790282,6
4194440,9.99639612371171,1
4194448,9.8554858007981,8
4194463,9.658712637994068,15
4194472,9.809809365644634,9
4194485,9.711182501898948,13
4194492,9.869087215379421,7
4194493,9.99628488447853,1
4194505,9.748369860482324,12
4194508,9.958523851849105,3
4194515,9.875147737364802,7
4194516,10.0,1
4194519,9.960797246462096,3
4194532,9.732838638868243,13
4194538,9.898269205002014,6
4194545,9.86519768065113,7
4194547,9.979665612541517,2
4194556,9.822520338563463,9
4194568,9.778342669036231,12
4194572,9.940718491258554,4
4194580,9.848569973178064,8
4194591,9.752827559965102,11
4194596,9.927392698090154,5
4194598,9.979110284088504,2
4194609,9.776873650763319,11
4194621,9.74497941255603,12
4194640,9.423632582186302,19
4194644,9.9448845780847,4
4194653,9.811654251417496,9
4194658,9.899274887338464,5
4194668,9.784661395837736,10
4194675,9.8797251048307,7
4194676,10.0,1
4194686,9.799199646571271,10
4194694,9.861382846028281,8
4194702,9.837225223147522,8
4194709,9.868923981855588,7
4194720,9.544947204975347,11
4194725,9.925033473983087,5
4194726,9.995812295704717,1
4194729,9.96071993908251,3
4194735,9.878676661431388,6
4194739,9.93078785409764,4
4194754,9.661673387730168,15
4194756,9.977319090233827,2
4194769,9.714571117933543,13
4194778,9.821678344373963,9
4194781,9.966163820202286,3
4194785,9.941836567731961,4
4194792,9.88375706485792,7
4194809,9.629049329361825,17
4194817,9.863172888389819,8
4194824,9.874230963406688,7
4194834,9.798505441656413,10
4194839,9.913708432915755,5
4194856,9.632199458420317,17
4194861,9.90273024085065,5
4194870,9.823674877054062,9
4194878,9.838258792456465,8
4194885,9.678567429788014,7
4194897,9.738357888624902,12
4194908,9.815517204188678,11
4194913,9.921296049473648,5
4194924,9.757661244392438,11
4194932,9.841103864872645,8
4194940,9.846664086552936,8
4194950,9.843496180604633,10
4194955,9.916314856121502,5
4194962,9.858760894716836,7
4194963,10.0,1
4194964,10.0,1
4194971,9.861175011222631,7
4194978,9.883749659440843,7
4194983,9.92442809286175,5
4194994,9.748972893153343,11
4195007,9.689011304772281,13
4195012,9.925758303815215,5
4195020,9.73040626706636,8
4195022,9.972387449813946,2
4195030,9.855739688268494,8
4195041,9.756158825805688,11
4195053,9.72184904003973,12
4195057,9.833560255954668,4
4195063,9.892835943063144,6
4195076,9.68181585485963,13
4195084,9.830713083726483,8
4195091,9.871891426222058,7
4195092,10.0,1
4195101,9.797333543509975,9
4195110,9.82099973747564,9
4195122,9.720147213688929,12
4195134,9.731256063593131,12
4195150,9.635179521837241,16
4195163,9.723372778063803,13
4195171,9.82271942290763,8
4195183,9.763708308968363,12
4195194,9.76277699995825,11
4195204,9.774980399203672,10
4195213,9.82809225101643,9
4195224,9.792251967285122,11
4195236,9.736773366362348,12
4195238,9.966808667392705,2
4195248,9.77628782626706,10
4195261,9.70596442510609,13
4195265,9.939535757905958,4
4195281,9.630641710813876,16
4195282,10.0,1
4195290,9.832878617886955,8
4195307,9.607022903391883,17
4195312,9.922208440131328,5
4195321,9.811087514264472,9
4195326,9.917928106716811,5
4195333,9.850987176905065,7
4195334,9.98927640495237,1
4195335,9.9916684636235,1
4195348,9.707303338008233,13
4195354,9.87493378307856,6
4195355,10.0,1
4195362,9.875267595886585,7
4195369,9.851464720861951,7
4195378,9.81354541220308,9
4195393,9.561899660570718,15
4195398,9.930659303717881,5
4195408,9.667146803494251,10
4195419,9.777238141175559,11
4195427,9.858488300759296,8
4195430,9.968140480493238,3
4195431,10.0,1
4195440,9.818260989867218,9
4195441,10.0,1
4195452,9.769204087298217,11
4195458,9.673632450087204,6
4195487,9.387572609373784,29
4195503,9.641582697083255,16
4195511,9.844681158185635,8
4195520,9.81274246081585,9
4195521,10.0,1
4195538,9.656774612603234,17
4195542,9.93951841848298,4
4195549,9.86736546905844,7
4195562,9.680340388648377,13
4195570,9.839879243772609,8
4195571,10.0,1
4195583,9.761308013558608,12
4195594,9.795530905879973,11
4195603,9.814303352577108,9
4195616,9.75504389902004,13
4195624,9.821805765742209,8
4195631,9.889027509573063,7
4195637,9.892828149062609,6
4195644,9.877224559446416,7
4195654,9.788282363262088,10
4195665,9.77888485682542,11
4195672,9.785799807002721,7
4195689,9.56003313551329,17
4195705,9.635444160014368,16
4195724,9.55353540049517,19
4195741,9.612143528440065,17
4195751,9.776293686024996,10
4195759,9.876254980894545,8
4195765,9.91688620921193,6
4195768,9.967963762339869,3
4195774,9.890367642368455,6
4195787,9.69054620568893,13
4195801,9.679533944391371,14
4195812,9.788409114729909,11
4195821,9.80808354401899,9
4195824,9.959798359049131,3
4195831,9.854091623316698,7
4195837,9.896501746086406,6
4195848,9.797033366642525,11
4195857,9.82216074032615,9
4195873,9.660525907054089,16
4195882,9.8217850847125,9
4195885,9.965108450815615,3
4195901,9.622851845377184,16
4195907,9.888901302251641,6
4195917,9.811022097489406,10
4195927,9.798425612570787,10
4195933,9.916130721075746,6
4195938,9.927270796005372,5
4195948,9.789889821545914,10
4195953,9.926158886733221,5
4195961,9.869384158150961,8
4195974,9.713599775081951,13
4195985,9.795378549574037,11
4195997,9.755439993152,12
4196015,9.653145507995394,18
4196030,9.6717810080516,15
4196033,9.952133845852064,3
4196044,9.752876294982439,11
4196045,9.996161676794333,1
4196053,9.843738411132792,8
4196054,10.0,1
4196060,9.892723089499048,6
4196064,9.935776753950696,4
4196068,9.952988354919249,4
4196072,9.946883199930578,4
4196073,10.0,1
4196081,9.84473917636401,8
4196094,9.587641319175475,13
4196095,10.0,1
4196096,10.0,1
4196110,9.679206868447952,14
4196115,9.916789069407383,5
4196119,9.936854485947514,4
4196212,8.245689058630715,93
4196218,9.902309059459837,6
4196229,9.739053705871237,11
4196230,10.0,1
4196244,9.758481277894663,14
4196254,9.780156252475614,10
4196267,9.701898924024887,13
4196273,9.892342871967811,6
4196281,9.840546191167846,8
4196284,9.96169513977777,3
4196289,9.923390891112719,5
4196290,10.0,1
4196300,9.79379350952661,10
4196305,9.913750039909772,5
4196317,9.744000315669371,12
4196454,7.401385001656887,137
4196464,9.851282864814534,10
4196477,9.705187604981528,13
4196486,9.81749289827963,9
4196496,9.80217388484436,10
4196505,9.80978400262699,9
4196516,9.743991964466774,11
4196528,9.754084755084424,12
4196544,9.654593765805412,16
4196550,9.880568109569795,6
4196551,10.0,1
4196563,9.723901126581394,12
4196564,10.0,1
4196567,9.969816250588138,3
4196568,10.0,1
4196571,9.945049260697088,3
4196576,9.910854531927342,5
4196587,9.740426582985453,11
4196596,9.84075529643175,9
4196597,10.0,1
4196612,9.651763743052083,15
4196622,9.802790933242594,10
4196633,9.74766610348367,11
4196642,9.825753555446447,9
4196643,10.0,1
4196652,9.83065875812608,9
4196655,9.962119125201212,3
4196660,9.924830438379914,5
4196665,9.93314511987989,5
4196675,9.778577011087165,10
4196682,9.880468560392279,7
4196687,9.900731245246005,5
4196700,9.732169536346287,13
4196711,9.76793196572924,11
4196716,9.911547362325138,5
4196720,9.926687565642512,4
4196734,9.705320013581064,14
4196744,9.787819020463616,10
4196755,9.784041591104685,11
4196765,9.825188202980945,10
4196768,9.967078208124674,3
4196776,9.83041909948464,8
4196791,9.644092509715675,15
4196793,9.9739418549239,2
4196800,9.863084239109266,7
4196801,10.0,1
4196809,9.83383816871826,8
4196822,9.703054385123147,13
4196824,9.985152917553513,2
4196834,9.805207023076992,10
4196835,10.0,1
4196836,10.0,1
4196846,9.809042100221783,10
4196853,9.844114330123471,7
4196854,10.0,1
4196863,9.82648657367565,9
4196874,9.81020117419531,11
4196875,10.0,1
4196882,9.872058483143768,7
4196896,9.679956964349595,14
4196903,9.85467370734282,7
4196918,9.66372375812727,15
4196922,9.847308185597084,4
4196928,9.880058929847083,6
4196934,9.78774659998396,6
4196943,9.597827116083744,9
4196950,9.87401115558968,7
4196961,9.77207037539113,11
4196969,9.814718189115071,8
4196970,10.0,1
4196973,9.965725351474415,3
4196985,9.754993271927338,12
4196991,9.877866100807921,6
4196999,9.820676173080694,8
4197015,9.675710603121345,16
4197021,9.905409830806068,6
4197027,9.88563214924047,6
4197038,9.761170417087198,11
4197039,10.0,1
4197046,9.900346143487178,7
4197054,9.828264359257107,8
4197062,9.839684534699087,8
4197071,9.800697451501993,9
4197076,9.918454157410153,5
4197079,9.964732733749091,3
4197085,9.903909155511428,6
4197093,9.86076347913996,8
4197099,9.88491906032337,6
4197108,9.817043056236034,9
4197112,9.941657462734451,4
4197113,10.0,1
4197120,9.878613862585985,7
4197122,9.981773456119793,2
4197125,9.959135146631343,3
4197136,9.775757736382802,11
4197149,9.721741625233475,13
4197156,9.85656696278501,7
4197168,9.815781402322637,12
4197177,9.816484068454981,9
4197187,9.793044355950352,10
4197198,9.764679626086876,11
4197203,9.92784991160201,5
4197211,9.840256439505133,8
4197215,9.949788375359807,4
4197225,9.771986379802557,10
4197240,9.45643866031177,15
4197251,9.792521627083396,11
4197259,9.84213154731539,8
4197269,9.791449659504536,10
4197284,9.645164958764289,15
4197288,9.938912730487132,4
4197289,9.995955596887342,1
4197306,9.38619305924398,17
4197312,9.915536218680673,6
4197316,9.945204976174303,4
4197323,9.869820577224642,7
4197325,9.984841262008237,2
4197328,9.966002986089281,3
4197336,9.864707456434731,8
4197345,9.839832869051369,9
4197346,10.0,1
4197360,9.687292459323647,14
4197364,9.942395933487962,4
4197373,9.747197891931812,9
4197386,9.710359096243751,13
4197393,9.867183115944758,7
4197397,9.941797081056174,4
4197401,9.950567186403601,4
4197415,9.67738924873069,14
4197434,9.727445114779574,19
4197442,9.866698963136468,8
4197451,9.826694451560389,9
4197463,9.731336101215152,12
4197471,9.862840235654419,8
4197488,9.57846326498366,17
4197495,9.881155099239098,7
4197503,9.869166590592608,8
4197505,9.980290005862992,2
4197513,9.849005562245127,8
4197522,9.854266424026035,9
4197527,9.835421149709186,5
4197536,9.557039167062115,9
4197545,9.806495388082652,9
4197551,9.891223963622048,6
4197562,9.75552910763717,11
4197575,9.742734350411974,13
4197587,9.74550845955317,12
4197588,10.0,1
4197594,9.901182720704247,6
4197605,9.776253538171773,11
4197611,9.898592104742525,6
4197622,9.782486660243293,11
4197634,9.769180044825905,12
4197648,9.684221329293056,14
4197657,9.842298533130181,9
4197661,9.942336018572352,4
4197673,9.734268494149882,12
4197685,9.754964949823444,12
4197700,9.667149269162934,15
4197707,9.869253289711347,7
4197711,9.942698144776584,4
4197722,9.74954102105894,11
4197728,9.892757403319557,6
4197743,9.33238606730221,15
4197752,9.823802397575692,9
4197756,9.935236849595654,4
4197763,9.767616256421443,7
4197770,9.856834770278699,7
4197775,9.923384216351716,5
4197781,9.905205386515126,6
4197786,9.926864385914143,5
4197792,9.899283733162102,6
4197798,9.89340573777797,6
4197820,9.589840093272239,22
4197831,9.76646612873484,11
4197838,9.868067914994207,7
4197845,9.88982387620058,7
4197859,9.728326723749609,14
4197865,9.890684045071716,6
4197869,9.94439692822953,4
4197882,9.730162786174654,13
4197891,9.823859158160131,9
4197899,9.83084853177538,8
4197908,9.822191794783619,9
4197918,9.776339797886237,10
4197926,9.845775738471307,8
4197936,9.78976455316673,10
4197939,9.961795134376423,3
4197947,9.845700345030862,8
4197954,9.875856363195568,7
4197955,10.0,1
4197967,9.73287109999124,12
4197975,9.835585034980994,8
4197981,9.896224294665917,6
4197991,9.792956392580102,10
4197993,9.984764080657385,2
4198002,9.604678528552077,9
4198016,9.721202601663492,14
4198017,10.0,1
4198026,9.819060615148574,9
4198045,8.78491023200177,19
4198046,10.0,1
4198051,9.923242483044493,5
4198063,9.732682805778394,12
4198069,9.899315456997307,6
4198080,9.757808551061707,11
4198092,9.747956691343404,12
4198094,9.978865812882775,2
4198101,9.861238141571548,7
4198111,9.78073799047568,10
4198120,9.829431939501095,9
4198129,9.808608050724969,9
4198134,9.929834559980014,5
4198142,9.871177322587293,8
4198149,9.861277406229759,7
4198157,9.85349954680062,8
4198158,10.0,1
4198173,9.642027493281283,15
4198184,9.697062536522049,11
4198190,9.892047613999289,6
4198201,9.784141036307956,11
4198210,9.841877935357132,9
4198221,9.760027578929499,11
4198230,9.821909678191062,9
4198231,9.99605930232473,1
4198247,9.645061567396228,16
4198258,9.813452286235826,11
4198263,9.928481608146067,5
4198276,9.719754096181116,13
4198289,9.728737362995663,13
4198300,9.754246013570699,11
4198309,9.803555217801028,9
4198311,9.985120335130794,2
4198325,9.666332359469893,14
4198326,9.993509464091163,1
4198341,9.636630717609735,15
4198345,9.93269933517555,4
4198352,9.880188059457593,7
4198359,9.866926549198384,7
4198372,9.68550253411703,13
4198388,9.63228425219443,16
4198395,9.863317622122219,7
4198400,9.914223261182363,5
4198406,9.904341632065748,6
4198407,10.0,1
4198413,9.89797299260006,6
4198425,9.746354765560424,12
4198428,9.96072005461785,3
4198433,9.917275162167243,5
4198440,9.867113921580039,7
4198443,9.966125924128875,3
4198449,9.89277898309587,6
4198469,9.315159200822638,20
4198474,9.92439123968926,5
4198487,9.72145870803419,13
4198495,9.864926329594601,8
4198496,10.0,1
4198504,9.872992372660375,8
4198507,9.96365042302639,3
4198509,9.97422315698795,2
4198522,9.712878639481346,13
4198533,9.782203249096165,11
4198549,9.283900041409465,16
4198554,9.921753209412662,5
4198565,9.768903037760108,11
4198575,9.775931475913886,10
4198582,9.888656082243562,7
4198593,9.755367346073228,11
4198605,9.749484450445024,12
4198614,9.819832785696455,9
4198615,10.0,1
4198616,10.0,1
4198618,9.984404372553875,2
4198626,9.847821702515745,8
4198641,9.689169558178378,15
4198646,9.911942564993543,5
4198654,9.823258822454234,8
4198662,9.872680018263315,8
4198671,9.803817913800856,9
4198681,9.819287494016558,10
4198689,9.858410343613082,8
4198706,9.65228863669628,17
4198716,9.79016240926849,10
4198717,9.992210556478886,1
4198724,9.876487123554094,7
4198731,9.867231495846024,7
4198743,9.53871644749564,12
4198754,9.76003299000455,11
4198755,9.9888275441239,1
4198768,9.69803548174854,13
4198771,9.952856157894306,3
4198782,9.76736492957694,11
4198792,9.764640740221509,10
4198795,9.964009758915534,3
4198802,9.874032269497427,7
4198820,9.585612750566723,18
4198826,9.886058328216905,6
4198827,10.0,1
4198838,9.766623472099633,11
4198839,9.996825415367395,1
4198850,9.737567996487837,11
4198857,9.883151321738794,7
4198872,9.701338111440885,15
4198878,9.78793202723649,6
4198891,9.425701757148754,13
4198895,9.941692361007878,4
4198903,9.851889936041541,8
4198911,9.873592400021165,8
4198923,9.73999649903285,12
4198938,9.477937816102239,15
4198947,9.799686770047938,9
4198951,9.954111561856488,4
4198966,9.659791429608918,15
4198975,9.808160901663882,9
4198981,9.899913345679009,6
4198986,9.906708487378676,5
4198992,9.921066809667991,6
4199001,9.83753153682648,9
4199011,9.791647993699176,10
4199020,9.80680064735003,9
4199029,9.84831208477963,9
4199041,9.726833049105286,12
4199060,9.595016736677097,19
4199068,9.849882783181302,8
4199085,9.594460511593256,17
4199091,9.897504433294326,6
4199096,9.902666628198887,5
4199103,9.850354985220982,7
4199104,9.995812295704717,1
4199107,9.970353049561108,3
4199111,9.928109182577325,4
4199115,9.934743737929102,4
4199123,9.851101256818747,8
4199133,9.82094949192024,10
4199145,9.730052672988146,12
4199157,9.734206048380338,12
4199159,9.984921473109978,2
4199173,9.70512013338177,14
4199186,9.50405253349415,13
4199189,9.962048066156639,3
4199198,9.809654709818036,9
4199203,9.910183020866608,5
4199205,9.97116227943672,2
4199215,9.788530291265088,10
4199224,9.798069705376497,9
4199235,9.748274915473262,11
4199241,9.89439838905244,6
4199250,9.806617661320022,9
4199264,9.675540891470067,14
4199270,9.909081420184677,6
4199285,9.498750834791206,15
4199298,9.707619590975588,13
4199305,9.878353161126775,7
4199315,9.799737615142785,10
4199324,9.835489793493085,9
4199330,9.889353480374798,6
4199332,9.975110148211968,2
4199346,9.490027291909643,14
4199349,9.953258358913981,3
4199352,9.958999117041643,3
4199365,9.715871433399126,13
4199375,9.82323365863042,10
4199387,9.773343629168746,12
4199394,9.907303077527859,7
4199406,9.719791315413726,12
4199424,9.621708377456503,18
4199427,9.966801218701686,3
4199429,9.979218458818078,2
4199443,9.44723618667614,14
4199462,9.446570529355098,19
4199476,9.686519707313915,14
4199489,9.742387652021192,13
4199496,9.891293428871656,7
4199503,9.870670733881644,7
4199505,9.979488911196075,2
4199512,9.877857621426656,7
4199516,9.942542258104803,4
4199517,10.0,1
4199527,9.776225870165572,10
4199538,9.75381698984739,11
4199548,9.784715962749031,10
4199559,9.731077121554259,11
4199572,9.717307550681214,13
4199578,9.894865488909321,6
4199588,9.793621616406504,10
4199596,9.8453134864599,8
4199598,9.978656525641771,2
4199599,9.993057579269566,1
4199614,9.664714134399835,15
4199619,9.922224854725611,5
4199626,9.881109454423633,7
4199634,9.824188717887957,8
4199638,9.953418137046114,4
4199641,9.957246343541804,3
4199655,9.705897959715905,14
4199665,9.778417750856299,10
4199672,9.874771902052522,7
4199679,9.881152608888064,7
4199683,9.931168263992069,4
4199697,9.694017607075343,14
4199698,10.0,1
4199699,10.0,1
4199705,9.893621485415176,6
4199713,9.868298697552982,8
4199722,9.813664200587922,9
4199723,10.0,1
4199740,9.607348885182901,17
4199749,9.831483687269088,9
4199760,9.770866725163197,11
4199772,9.722364612913793,12
4199781,9.823959841193144,9
4199798,9.600328411137387,17
4199806,9.878553560492074,8
4199816,9.795529299366214,10
4199823,9.861715654379479,7
4199831,9.83213168115939,8
4199843,9.739429312575892,12
4199859,9.644021416506158,16
4199860,10.0,1
4199865,9.930513778942908,5
4199872,9.859670536834177,7
4199876,9.92380914282067,4
4199884,9.8581135813165,8
4199889,9.928458529286155,5
4199901,9.749918395411681,12
4199905,9.950120802486161,4
4199923,9.61076443503574,18
4199933,9.818397697964185,10
4199954,9.614175765011522,21
4199965,9.694073017963685,11
4199981,9.637293775739744,16
4199992,9.771986322627352,11
4200002,9.78268036537745,10
4200012,9.79630105670429,10
4200015,9.947775346054723,3
4200025,9.710788697769997,10
4200029,9.944666361194978,4
4200033,9.937501211881676,4
4200038,9.923206492244733,5
4200039,10.0,1
4200046,9.877704917274325,7
4200051,9.929728045913132,5
4200052,10.0,1
4200064,9.714117192153841,12
4200075,9.772714117248134,11
4200083,9.855379341876722,8
4200087,9.944190261897493,4
4200093,9.889990761848768,6
4200104,9.76366993699105,11
4200113,9.829466791563899,9
4200120,9.86426042037307,7
4200123,9.961447160241535,3
4200136,9.63904724564426,13
4200143,9.86576695964972,7
4200155,9.742320815138505,12
4200164,9.796396965766256,9
4200173,9.795774823082366,9
4200181,9.8341495242538,8
4200190,9.813215585475422,9
4200198,9.848170105736976,8
4200208,9.842319373833213,10
4200209,9.992022778457752,1
4200211,9.971474653482924,2
4200218,9.901060527014357,7
4200223,9.802037696566503,5
4200227,9.948861674976957,4
4200235,9.83552316125459,8
4200239,9.929757652217043,4
4200249,9.770700364361423,10
4200255,9.868888912614317,6
4200256,10.0,1
4200268,9.731365868217017,12
4200273,9.927084775306657,5
4200281,9.85100658168581,8
4200286,9.931030566815538,5
4200287,9.996711857457369,1
4200294,9.885204668322322,7
4200298,9.956741405211968,4
4200313,9.65471042968255,15
4200324,9.750930284336167,11
4200333,9.82417723139662,9
4200348,9.65969269450344,15
4200355,9.86389499448818,7
4200365,9.788576880579301,10
4200381,9.617891193751264,16
4200393,9.760470827785623,12
4200399,9.899638359395109,6
4200405,9.907126203053007,6
4200408,9.956451810399852,3
4200417,9.813157359283522,9
4200426,9.832396759072608,9
4200440,9.700793492778438,14
4200445,9.918116301068626,5
4200457,9.719971901836079,12
4200460,9.958649283500309,3
4200468,9.839800648931584,8
4200473,9.916013931920839,5
4200481,9.852414638188836,8
4200482,10.0,1
4200490,9.855651435506067,8
4200491,9.996572486636742,1
4200498,9.881412611940386,7
4200503,9.904993086825646,5
4200504,10.0,1
4200512,9.85848587295087,8
4200519,9.866251399553667,7
4200529,9.794187109039129,10
4200536,9.871181721969943,7
4200546,9.608346420881348,10
4200549,9.964285598431905,3
4200550,10.0,1
4200563,9.708392624548027,13
4200569,9.882555458914398,6
4200577,9.726450409225261,8
4200581,9.944378581855366,4
4200586,9.919416876556815,5
4200589,9.96769652156234,3
4200600,9.745521413223566,11
4200605,9.914324107553224,5
4200606,10.0,1
4200619,9.74042863271406,13
4200631,9.753394698502362,12
4200638,9.86517557095345,7
4200641,9.969799916651555,3
4200654,9.702326295740221,13
4200657,9.952275558256025,3
4200670,9.735594390994688,13
4200678,9.836632863326036,8
4200685,9.88448198559672,7
4200686,10.0,1
4200697,9.778150165770205,11
4200699,9.967746016400268,2
4200707,9.841994630145354,8
4200717,9.775408565973047,10
4200727,9.758885941427158,10
4200736,9.833380567259974,9
4200737,9.98949902959244,1
4200750,9.69791720599164,13
4200751,10.0,1
4200762,9.767679512468087,11
4200770,9.837472604572428,8
4200778,9.825894880916637,8
4200785,9.877754355550117,7
4200796,9.734673730114496,11
4200801,9.911680176858988,5
4200811,9.78635468512492,10
4200822,9.780926825892145,11
4200830,9.837864038638564,8
4200844,9.694705844365219,14
4200852,9.823260970830242,8
4200853,10.0,1
4200857,9.943577427291116,4
4200868,9.755601069882333,11
4200874,9.893628710613658,6
4200879,9.930559486504247,5
4200888,9.827772520565285,9
4200897,9.841317672990026,9
4200898,10.0,1
4200913,9.552103405894034,15
4200925,9.771013264350787,12
4200935,9.795319970966759,10
4200944,9.83794606175453,9
4200956,9.744335724247701,12
4200962,9.880236442060342,6
4200966,9.927487286242952,4
4200969,9.959810518856317,3
4200986,9.369586309332092,17
4200996,9.77598424672771,10
4201004,9.861851004894895,8
4201005,10.0,1
4201018,9.515767329259326,13
4201029,9.770273520718186,11
4201038,9.808969711943968,9
4201045,9.858259201380674,7
4201055,9.766782450885632,10
4201058,9.9649220327403,3
4201062,9.951283519933144,4
4201063,10.0,1
4201079,9.63706164718364,16
4201080,9.99667076932402,1
4201085,9.893783580336775,5
4201094,9.810875006525098,9
4201108,9.685043548509826,14
4201115,9.849184067253859,7
4201127,9.730666582171104,12
4201139,9.57132340773877,12
4201153,9.675371136306882,14
4201165,9.73688203352124,12
4201178,9.71837738473838,13
4201182,9.936262287930989,4
4201189,9.86809757186933,7
4201198,9.817617638232859,9
4201209,9.776773410798938,11
4201212,9.96268909641826,3
4201214,9.981994636748354,2
4201218,9.933189885410423,4
4201226,9.821287866380777,8
4201231,9.909549300549159,5
4201241,9.786533760495063,10
4201244,9.969651380011435,3
4201254,9.794709959704466,10
4201264,9.771066101002594,10
4201272,9.85020857743243,8
4201275,9.955574905209996,3
4201287,9.733191321544222,12
4201288,10.0,1
4201289,10.0,1
4201291,9.977062275621988,2
4201302,9.670040474444509,11
4201313,9.77998495722827,11
4201316,9.967967718435629,3
4201321,9.910463430089955,5
4201326,9.91071164179435,5
4201331,9.903575923501977,5
4201338,9.868265502051003,7
4201345,9.878079423616592,7
4201352,9.845248018489809,7
4201360,9.848293316133459,8
4201376,9.632075879912191,16
4201386,9.771867196834508,10
4201398,9.77054249572716,12
4201407,9.841966749061147,9
4201410,9.959290315812552,3
4201412,9.968111660892658,2
4201427,9.638621032613399,15
4201435,9.836166104205523,8
4201438,9.75988467193334,3
4201445,9.888072432744128,7
4201454,9.825079097907311,9
4201460,9.908805389293105,6
4201466,9.892129772915812,6
4201467,10.0,1
4201477,9.782347581148288,10
4201487,9.779864430048143,10
4201494,9.873575839099844,7
4201502,9.876926138204434,8
4201504,9.978477799419434,2
4201518,9.709038970302249,14
4201531,9.714679363045562,13
4201540,9.798352810604436,9
4201550,9.800870452100524,10
4201559,9.813495623707439,9
4201567,9.83749479579458,8
4201581,9.684122996478601,14
4201590,9.817467930877086,9
4201600,9.80161071962273,10
4201614,9.70135790364985,14
4201617,9.958374718378954,3
4201631,9.720986782817027,14
4201645,9.690145382150764,14
4201648,9.957756202219656,3
4201655,9.895845332248806,7
4201658,9.964081281510095,3
4201672,9.721795566253581,14
4201680,9.852119948629573,8
4201686,9.887964420945998,6
4201697,9.785239930860737,11
4201701,9.929198170224124,4
4201708,9.857920056443897,7
4201715,9.874278618345539,7
4201719,9.928348030080246,4
4201726,9.882549821259484,7
4201741,9.640306243811548,15
4201743,9.975798026691264,2
4201750,9.878367333243146,7
4201752,9.974557600928158,2
4201763,9.745893224283314,11
4201771,9.83177494508285,8
4201786,9.672053529919065,15
4201797,9.789077499198314,11
4201804,9.747383662553615,7
4201812,9.83240116436524,8
4201825,9.716864679574083,13
4201832,9.857237724434206,7
4201845,9.7159882528595,13
4201853,9.845594789458243,8
4201863,9.806914037737696,10
4201872,9.794075530882502,9
4201882,9.78710749206334,10
4201890,9.877932211411542,8
4201900,9.795530034889016,10
4201910,9.792262004876388,10
4201920,9.792148542494768,10
4201929,9.843042716058152,9
4201938,9.817367026249578,9
4201949,9.792111864141503,11
4201958,9.824672507656292,9
4201968,9.777455806188406,10
4201978,9.796461042151186,10
4201979,10.0,1
4201981,9.985311731715614,2
4201993,9.704839924672942,12
4202001,9.833682159951122,8
4202013,9.728569058489033,12
4202020,9.882055783579865,7
4202024,9.937155696238898,4
4202030,9.89273979751418,6
4202040,9.778530366344771,10
4202048,9.873970642167132,8
4202050,9.977955762638008,2
4202054,9.953890563798275,4
4202068,9.69476342020975,14
4202076,9.853828832461685,8
4202083,9.870938270655268,7
4202091,9.866669206875727,8
4202099,9.850177019023986,8
4202107,9.81892641470259,8
4202108,10.0,1
4202116,9.863756002114394,8
4202128,9.757681547200171,12
4202137,9.821188201058709,9
4202146,9.820817665065016,9
4202153,9.846279850784487,7
4202160,9.88878614432719,7
4202163,9.948085001323966,3
4202167,9.931826416564814,4
4202169,9.98044683400793,2
4202170,10.0,1
4202184,9.679094511394126,14
4202193,9.80310998739161,9
4202202,9.81376958370278,9
4202207,9.920285194861751,5
4202215,9.837802100595766,8
4202217,9.980864219616839,2
4202226,9.83027834215387,9
4202234,9.890577553163533,8
4202242,9.848531872515792,8
4202250,9.834754483276045,8
4202261,9.760350758656763,11
4202262,10.0,1
4202275,9.681542245643818,13
4202290,9.660872140384525,15
4202293,9.96331977340571,3
4202299,9.89301667006724,6
4202304,9.92275438308297,5
4202313,9.810777486323326,9
4202324,9.752374935532004,11
4202340,9.654190774957838,16
4202352,9.743449878689647,12
4202364,9.740215054215248,12
4202369,9.912613738725563,5
4202375,9.877413117827048,6
4202386,9.55176575315424,11
4202387,10.0,1
4202402,9.4781446379908,15
4202414,9.729238545744021,12
4202423,9.814862142648531,9
4202432,9.825740928436316,9
4202447,9.463821727384309,15
4202455,9.817861433680001,8
4202467,9.634970583259637,12
4202473,9.913613244914215,6
4202476,9.954924561155616,3
4202482,9.889177752782912,6
4202483,10.0,1
4202485,9.979427978000421,2
4202490,9.916536540604085,5
4202498,9.831250678126851,8
4202502,9.95105975902827,4
4202510,9.841151283682382,8
4202519,9.818252819205462,9
4202529,9.795087523916536,10
4202540,9.746108483058777,11
4202548,9.867925435028782,8
4202564,9.676956663190577,16
4202575,9.777188016302436,11
4202586,9.754612635407344,11
4202594,9.866835800640995,8
4202597,9.9570769698142,3
4202598,10.0,1
4202608,9.80590974382664,10
4202623,9.667726631149224,15
4202627,9.938806062262959,4
4202635,9.831300055221355,8
4202646,9.765897798938989,11
4202649,9.966706890015855,3
4202655,9.882236121493602,6
4202667,9.73303357929409,12
4202668,10.0,1
4202676,9.86725417433959,8
4202685,9.839552169706131,9
4202700,9.675595030209825,15
4202704,9.941045686990595,4
4202717,9.70840592742531,13
4202724,9.877288044000895,7
4202727,9.964433305515323,3
4202736,9.826276875585343,9
4202745,9.816015178758915,9
4202756,9.78256397149544,11
4202767,9.760101335545146,11
4202785,9.504947463043855,18
4202790,9.91471957051521,5
4202798,9.858733217929764,8
4202813,9.677260322580373,15
4202823,9.790000119991923,10
4202830,9.865316903731864,7
4202847,9.58962689180834,17
4202854,9.886401068490573,7
4202861,9.888120713262504,7
4202873,9.750291270921295,12
4202883,9.807675006890276,10
4202888,9.705295817829056,5
4202902,9.676964324146862,14
4202911,9.81125312678265,9
4202918,9.894426146995116,7
4202926,9.824130510183256,8
4202936,9.803364081612656,10
4202943,9.855595880438933,7
4202954,9.77792463563166,11
4202963,9.830191314727083,9
4202971,9.867135856532334,8
4202972,10.0,1
4202983,9.746991312952087,11
4202993,9.834184651815617,10
4203009,9.628957887718439,16
4203022,9.759358148991858,13
4203027,9.912951080951466,5
4203031,9.943751397454564,4
4203038,9.86751466640904,7
4203039,10.0,1
4203046,9.878660000866445,7
4203057,9.794023086537804,11
4203061,9.931150596337442,4
4203065,9.952989279303312,4
4203067,9.972103079297872,2
4203071,9.936204238773382,4
4203075,9.933441379312947,4
4203081,9.785456865507957,6
4203086,9.926483309308013,5
4203098,9.739769680954398,12
4203110,9.73629378042034,12
4203118,9.820967606147526,8
4203124,9.902766405407785,6
4203128,9.924400821732396,4
4203133,9.916413876915957,5
4203138,9.921506296328413,5
4203142,9.948604537719918,4
4203155,9.738268820951134,13
4203163,9.827504367222144,8
4203167,9.9511965502502,4
4203168,10.0,1
4203179,9.783577221653935,11
4203189,9.76834534814739,10
4203196,9.890950373289108,7
4203202,9.90803924241497,6
4203214,9.743377340708285,12
4203215,10.0,1
4203219,9.931070513536925,4
4203225,9.883925301873099,6
4203229,9.942123354874564,4
4203250,9.38614339754813,21
4203265,9.667061609723026,15
4203266,10.0,1
4203275,9.815015819504946,9
4203285,9.828905015662166,10
4203291,9.890131629283733,6
4203298,9.866880329278121,7
4203312,9.503960341616787,14
4203320,9.843247443386584,8
4203331,9.78968680217722,11
4203332,10.0,1
4203344,9.76214684157143,12
4203366,9.46853375344169,22
4203373,9.766409116751763,7
4203387,9.658553183176318,14
4203393,9.798909281212243,6
4203401,9.844572555693194,8
4203409,9.8243433442068,8
4203414,9.91597227407834,5
4203419,9.938476400647318,5
4203429,9.813714643111561,10
4203436,9.873583732103803,7
4203448,9.712629833681794,12
4203459,9.773918242159015,11
4203466,9.860931764793376,7
4203471,9.922735503046363,5
4203484,9.708283443434617,13
4203488,9.948628378161922,4
4203498,9.783694200981348,10
4203504,9.91200331694751,6
4203509,9.926531112001806,5
4203521,9.739010393013233,12
4203529,9.850037425294676,8
4203538,9.817266924553811,9
4203552,9.683249244220166,14
4203553,10.0,1
4203566,9.723506538404802,13
4203570,9.952620709349596,4
4203578,9.86161009396142,8
4203583,9.911729488080942,5
4203590,9.864543091899623,7
4203598,9.867728741293586,8
4203611,9.70289104621468,13
4203622,9.796136501625154,11
4203629,9.865035924479946,7
4203633,9.930808136063707,4
4203640,9.853729428409622,7
4203648,9.829100811460338,8
4203657,9.824809956887512,9
4203658,10.0,1
4203665,9.872468818520568,7
4203676,9.761664590018626,11
4203677,10.0,1
4203686,9.810040303142014,9
4203689,9.962884261386739,3
4203690,10.0,1
4203694,9.924920917006812,4
4203704,9.801433174042758,10
4203708,9.941557207491083,4
4203714,9.895799313260177,6
4203717,9.957856659602983,3
4203723,9.89873856565742,6
4203728,9.925299405563088,5
4203729,9.989870233328507,1
4203735,9.894083240090314,6
4203738,9.962482741431193,3
4203746,9.84852919530611,8
4203758,9.733834741011197,12
4203768,9.803917871639952,10
4203769,10.0,1
4203783,9.75776925064608,14
4203787,9.931713564334386,4
4203796,9.825598678567205,9
4203799,9.959801839903237,3
4203810,9.758044967431267,11
4203818,9.877919652367659,8
4203827,9.804068356001167,9
4203828,10.0,1
4203831,9.962508328825736,3
4203837,9.899281970563116,6
4203844,9.851765905457594,7
4203845,10.0,1
4203850,9.913308225910841,5
4203851,10.0,1
4203863,9.735450437358324,12
4203872,9.818815422028596,9
4203881,9.722107344519795,9
4203891,9.77639707296512,10
4203892,10.0,1
4203893,10.0,1
4203901,9.849409081552745,8
4203902,9.988162705951318,1
4203912,9.800534822945707,10
4203913,9.987793278763226,1
4203920,9.887448816548021,7
4203928,9.87045926079973,8
4203929,10.0,1
4203936,9.862451908499205,7
4203937,10.0,1
4203942,9.913197280224924,5
4203948,9.903926227948553,6
4203949,10.0,1
4203959,9.571546654606943,10
4203965,9.873648564575713,6
4203977,9.737660631767936,12
4203989,9.748605293753066,12
4204001,9.732314633128132,12
4204007,9.894874023458758,6
4204012,9.910381846601988,5
4204016,9.937480793577638,4
4204026,9.786612154194197,10
4204028,9.969007023914518,2
4204047,9.567048587375734,19
4204053,9.873586417596682,6
4204061,9.840621053288727,8
4204073,9.781222705893343,12
4204074,10.0,1
4204084,9.798117099264095,10
4204087,9.954043312533928,3
4204098,9.759778215602259,11
4204108,9.78039623316698,10
4204109,10.0,1
4204112,9.953508193276589,3
4204113,10.0,1
4204114,10.0,1
4204128,9.667528346730053,14
4204132,9.93303765887057,4
4204142,9.781372145177961,10
4204147,9.915180925651446,5
4204153,9.892098531230529,6
4204159,9.893975032941245,6
4204169,9.791610128884596,10
4204177,9.858278862967547,8
4204195,9.54212582886466,18
4204199,9.9376575326811,4
4204206,9.863447192887307,7
4204220,9.764502188409706,14
4204230,9.78854663179603,10
4204231,10.0,1
4204241,9.782925867484972,10
4204244,9.961411153336439,3
4204253,9.819632800305055,9
4204262,9.801856543334326,9
4204267,9.904469075777502,5
4204276,9.837874523042789,9
4204289,9.720196979776494,13
4204298,9.82639721237994,9
4204305,9.886034288534969,7
4204313,9.858873732183692,8
4204324,9.76725293404841,11
4204325,10.0,1
4204340,9.711495060506058,15
4204344,9.640067547761259,4
4204351,9.87604842179511,7
4204366,9.6843617222226,15
4204378,9.755249974549859,12
4204387,9.841972670721988,9
4204393,9.898326593219346,6
4204397,9.948270121223961,4
4204409,9.713314716094184,12
4204909,-16.82877706619378,500
4204918,9.818786154225274,9
4205418,-50.8919224158141,500
4205429,9.805767986017742,11
4205929,-16.67717209540306,500
4205936,9.848218749109842,7
4205938,9.97425797609593,2
4205950,9.743264553836168,12
4205955,9.89946691891724,5
4205965,9.807241703444612,10
4205983,9.64326200775301,18
4205992,9.82079868019434,9
4205996,9.945844373373578,4
4206001,9.911216462021926,5
4206006,9.90750176522821,5
4206017,9.797642444500926,11
4206027,9.780476074372672,10
4206037,9.781648900639397,10
4206051,9.667269346468641,14
4206052,10.0,1
4206065,9.713290602817127,13
4206073,9.875650527719944,8
4206085,9.771512841989335,12
4206089,9.935606276670649,4
4206092,9.960644186186187,3
4206102,9.798602186774477,10
4206104,9.970295384321508,2
4206115,9.801124623573926,11
4206128,9.755752441492774,13
4206129,10.0,1
4206139,9.764605666677832,10
4206153,9.706071360685332,14
4206164,9.774646657686745,11
4206177,9.727451556491117,13
4206195,9.57465819264181,18
4206204,9.843298047517163,9
4206212,9.88217354169909,8
4206220,9.81588097919739,8
4206227,9.873811870806072,7
4206228,10.0,1
4206232,9.935669160244775,4
4206233,10.0,1
4206244,9.772325444712264,11
4206245,10.0,1
4206256,9.758882422732286,11
4206263,9.86095030943481,7
4206271,9.826135128184605,8
4206272,9.996524297191266,1
4206280,9.823650153673508,8
4206283,9.970639337637317,3
4206290,9.893074696105698,7
4206303,9.71981589255613,13
4206315,9.744871009166756,12
4206328,9.703807337078429,13
4206336,9.86250961693787,8
4206348,9.729034429720276,12
4206354,9.907901896532874,6
4206362,9.853246425136872,8
4206367,9.918467417304143,5
4206374,9.892016753504812,7
4206387,9.693468720151577,13
4206397,9.791612692495862,10
4206409,9.726849296547407,12
4206417,9.83175599242532,8
4206422,9.536014096809884,5
4206433,9.769617489552285,11
4206437,9.944228822003552,4
4206448,9.765172474238465,11
4206457,9.799663035651216,9
4206468,9.78105793975148,11
4206471,9.770961583907104,3
4206476,9.900958445029705,5
4206477,10.0,1
4206486,9.814912795429008,9
4206494,9.839219101342254,8
4206507,9.506480829868169,13
4206525,9.600653848078032,18
4206540,9.644218749741809,15
4206542,9.980748665808669,2
4206549,9.858908144975336,7
4206560,9.759373597299627,11
4206570,9.818919526198854,10
4206584,9.698115013662298,14
4206588,9.950415773201668,4
4206596,9.866456516376427,8
4206608,9.745235722237895,12
4206619,9.748663363455009,11
4206624,9.928997071554983,5
4206636,9.722097583202244,12
4206649,9.702511617505259,13
4206664,9.623315801630914,15
4206669,9.910069441407984,5
4206683,9.708534789454779,14
4206684,10.0,1
4206688,9.941633148311494,4
4206690,9.976113184347453,2
4206701,9.669181330420871,11
4206706,9.929070698283523,5
4206714,9.8342419321905,8
4206716,9.983234130075498,2
4206722,9.890212851027417,6
4206728,9.899785760725445,6
4206735,9.89342880331094,7
4206752,9.604808834687162,17
4206761,9.843582765606689,9
4206770,9.814347135154266,9
4206777,9.874613438508058,7
4206784,9.87151477230078,7
4206786,9.970102733093352,2
4206795,9.808320149474708,9
4206803,9.850769529793219,8
4206804,10.0,1
4206813,9.810950421305531,9
4206822,9.81641564542001,9
4206831,9.821275599498783,9
4206836,9.912201835683813,5
4206842,9.89712890289252,6
4206852,9.788090795283354,10
4206857,9.906069892826633,5
4206860,9.950998412558368,3
4206863,9.959246358059563,3
4206873,9.80873840729555,10
4206883,9.800676538528805,10
4206888,9.91874510979333,5
4206897,9.807746259349672,9
4206905,9.851769695172644,8
4206911,9.889178802550576,6
4206922,9.765682953571543,11
4206923,10.0,1
4206932,9.828511872773952,9
4206938,9.889491101878683,6
4206948,9.80993065549683,10
4206959,9.778752499315184,11
4206970,9.775179722099429,11
4206983,9.721312925659664,13
4206989,9.884980908196878,6
4206995,9.911957429097496,6
4207001,9.895013949195349,6
4207011,9.783631779629474,10
4207020,9.826395251089163,9
4207023,9.94953993476456,3
4207036,9.750837545846638,13
4207046,9.77869816061333,10
4207047,10.0,1
4207054,9.868228796722612,7
4207065,9.762190479863522,11
4207066,9.996090095369041,1
4207071,9.90267663479629,5
4207082,9.74332075263758,11
4207083,10.0,1
4207084,10.0,1
4207085,10.0,1
4207096,9.788378040880678,11
4207103,9.861937316036903,7
4207113,9.77888352895394,10
4207123,9.811063127016917,10
4207134,9.770681172534294,11
4207146,9.525554515886672,12
4207147,10.0,1
4207152,9.906570487183037,5
4207153,9.996598947068804,1
4207155,9.967311124964448,2
4207165,9.795905083331201,10
4207175,9.80698253172571,10
4207184,9.842550844642114,9
4207191,9.88291238293678,7
4207199,9.838025980225783,8
4207203,9.943649119893506,4
4207212,9.825352664549172,9
4207223,9.56176823599808,11
4207236,9.682028208594716,13
4207248,9.690130075061628,12
4207252,9.938674821121525,4
4207261,9.803345025709007,9
4207270,9.807289835232881,9
4207277,9.865785607513196,7
4207292,9.664681194870166,15
4207296,9.95144316566465,4
4207297,10.0,1
4207301,9.936261766631368,4
4207302,10.0,1
4207308,9.886912209773083,6
4207310,9.980572644373755,2
4207311,10.0,1
4207312,10.0,1
4207324,9.73476018366305,12
4207338,9.695880942682505,14
4207342,9.934830263896984,4
4207347,9.90123351940639,5
4207361,9.697495100131441,14
4207370,9.819732756800356,9
4207383,9.698154984145496,13
4207386,9.662384121489422,3
4207391,9.916649261448889,5
4207397,9.885819281843176,6
4207406,9.803855116621794,9
4207419,9.772159184180884,13
4207426,9.883566241155416,7
4207434,9.830514389034878,8
4207439,9.923957303908683,5
4207454,9.65417868750486,15
4207456,9.984726221112581,2
4207461,9.915482712149798,5
4207473,9.762926189597843,12
4207476,9.967849876849103,3
4207486,9.815236639501332,10
4207497,9.760130947239755,11
4207508,9.815043442060102,11
4207513,9.92757661093467,5
4207524,9.771193686247178,11
4207536,9.744081915270218,12
4207546,9.820579326741063,10
4207552,9.906768925858051,6
4207563,9.78627495801174,11
4207567,9.935920951467494,4
4207572,9.909497576506363,5
4207578,9.883550131053804,6
4207587,9.810447619401106,9
4207600,9.728132963174147,13
4207601,10.0,1
4207613,9.759501150707283,12
4207626,9.72330501725415,13
4207635,9.810618967645143,9
4207643,9.855578948727064,8
4207648,9.913939233565374,5
4207657,9.815392685758844,9
4207664,9.882078143214876,7
4207670,9.90526842699621,6
4207681,9.779513937404042,11
4207689,9.648068774218926,8
4207695,9.90184156898959,6
4207699,9.937234127962686,4
4207708,9.813938324114279,9
4207712,9.934468726641875,4
4207717,9.903858889630508,5
4207728,9.737594114628795,11
4207733,9.926876692139587,5
4207743,9.795487238007153,10
4207755,9.729802675756329,12
4207756,10.0,1
4207766,9.788116201453626,10
4207767,10.0,1
4207768,10.0,1
4207770,9.966297953467972,2
4207778,9.869743347904949,8
4207784,9.901408965454976,6
4207791,9.881079087990516,7
4207800,9.823456269673077,9
4207812,9.738785988607631,12
4207819,9.879595858533914,7
4207831,9.787491159687809,12
4207839,9.851712296765232,8
4207843,9.950402394408586,4
4207849,9.889938979414127,6
4207862,9.745312238585445,13
4207882,9.542677934297245,20
4207892,9.8016573796958,10
4207922,9.43969088730912,30
4207931,9.851024936166114,9
4207941,9.793310292133905,10
4207951,9.786674318439777,10
4207960,9.82126838916299,9
4207963,9.958843312206078,3
4207973,9.805835531862694,10
4207974,10.0,1
4207982,9.851184016958076,8
4207995,9.712310222649872,13
4208004,9.8492680149714,9
4208015,9.736136480793474,11
4208026,9.750673323898477,11
4208027,10.0,1
4208032,9.923074237263243,5
4208039,9.870692820845518,7
4208046,9.887895878078917,7
4208050,9.93790686502966,4
4208059,9.81851926984774,9
4208062,9.953056263878162,3
4208066,9.942938137967214,4
4208078,9.732065630490194,12
4208089,9.754798356463892,11
4208099,9.804656496880732,10
4208111,9.713663008515239,12
4208126,9.672181126835754,15
4208138,9.728165408672478,12
4208139,10.0,1
4208148,9.809360784657049,9
4208156,9.849244174986604,8
4208157,10.0,1
4208158,10.0,1
4208159,9.990005685562314,1
4208170,9.77464711158931,11
4208176,9.909463858561589,6
4208178,9.970940119702494,2
4208179,10.0,1
4208188,9.785400084067701,9
4208189,9.992044239391129,1
4208193,9.941146338352201,4
4208204,9.789533471290877,11
4208214,9.810117921148734,10
4208222,9.856516336157215,8
4208227,9.925997673244487,5
4208230,9.960357213748297,3
4208237,9.89342658395805,7
4208251,9.663600906704005,14
4208261,9.782108471315485,10
4208265,9.93954337996732,4
4208272,9.870581674692243,7
4208282,9.822189390509662,10
4208289,9.87782980765822,7
4208300,9.791145355875909,11
4208306,9.90852530222681,6
4208309,9.950831015073245,3
4208320,9.78797143063607,11
4208331,9.760392063785783,11
4208341,9.777285785379235,10
4208358,9.598725338245877,17
4208370,9.713349256863172,12
4208381,9.744665640473144,11
4208393,9.730353580158656,12
4208405,9.71723354975397,12
4208415,9.800449609967563,10
4208417,9.978956560880299,2
4208421,9.929084292461312,4
4208422,10.0,1
4208433,9.744706333381748,11
4208437,9.939348680880757,4
4208445,9.85437333703814,8
4208450,9.926495089439975,5
4208458,9.844099239328157,8
4208462,9.939933877252601,4
4208463,10.0,1
4208472,9.817442231979303,9
4208481,9.803369995094547,9
4208482,10.0,1
4208491,9.831793466355185,9
4208498,9.868126465850327,7
4208504,9.876268300436067,6
4208520,9.643630841391987,16
4208529,9.83103896741342,9
4208541,9.748018900821618,12
4208549,9.837978902832946,8
4208565,7.759291190801733,16
4208573,9.840908298834385,8
4208587,9.698924678917567,14
4208597,9.787618131804098,10
4208598,10.0,1
4208603,9.919440572668293,5
4208610,9.880977609059249,7
4208616,9.871929305459881,6
4208645,9.48596011969812,29
4208656,9.758236165223257,11
4208665,9.84497585819834,9
4208679,9.683568697447736,14
4208684,9.933324296739135,5
4208698,9.700569017100483,14
4208708,9.78179884945608,10
4208715,9.871921265706808,7
4208730,8.097161036762992,15
4208737,9.867230865088583,7
4208749,9.74114209750546,12
4208752,9.969520073829385,3
4208763,9.776820897054895,11
4208767,9.938919590716274,4
4208779,9.751394580727823,12
4208783,9.930360076952244,4
4208790,9.872761832717538,7
4208791,10.0,1
4208802,9.77403186600198,11
4208810,9.868551410787074,8
4208819,9.808472034839516,9
4208828,9.833385481649366,9
4208853,9.458139771201164,25
4208859,9.886159463806706,6
4208871,9.716075541822862,12
4208884,9.696089067842948,13
4208899,9.673021819140446,15
4208900,10.0,1
4208905,9.927053088179001,5
4208908,9.94708514406269,3
4208911,9.961389890730466,3
4208915,9.937257346021912,4
4208924,9.800767951631443,9
4208925,10.0,1
4208933,9.833738894910564,8
4208940,9.85253748749351,7
4208951,9.671478527625647,11
4208960,9.820723888092605,9
4208970,9.796102668076454,10
4208974,9.933952055774533,4
4208984,9.798252263475721,10
4208999,9.679979648126652,15
4209010,9.761917833429465,11
4209020,9.780613424901594,10
4209028,9.881945479489989,8
4209037,9.836587211864796,9
4209050,9.728672612370218,13
4209060,9.796052843845205,10
4209072,9.633040413043506,12
4209087,9.160697921326495,15
4209099,9.782158875529388,12
4209109,9.797512101231542,10
4209115,9.898210931700923,6
4209123,9.855624777451872,8
4209124,10.0,1
4209133,9.849476751052187,9
4209136,9.96693470917544,3
4209149,9.72290915336357,13
4209163,9.712315216831222,14
4209174,9.762259099432987,11
4209177,9.950812582560701,3
4209189,9.728465319218941,12
4209198,9.864827680630594,9
4209205,9.85930365758676,7
4209210,9.932926529730997,5
4209216,9.896900588825174,6
4209222,9.916044140190582,6
4209229,9.886408474409436,7
4209322,8.311970210343222,93
4209337,9.655948885446758,15
4209338,10.0,1
4209348,9.802056572006219,10
4209353,9.925317070294952,5
4209362,9.845162018424642,9
4209366,9.949219897367206,4
4209379,9.706163627100475,13
4209388,9.79458627012493,9
4209401,9.597604188990555,13
4209402,9.996562727660715,1
4209407,9.920024763510702,5
4209418,9.759556800561105,11
4209420,9.980159984290893,2
4209430,9.791637587858006,10
4209435,9.92381545968619,5
4209451,9.634473070974094,16
4209458,9.871467319132954,7
4209462,9.932110200843352,4
4209469,9.852950043612427,7
4209479,9.809705359520585,10
4209489,9.773157081585781,10
4209493,9.94826932905424,4
4209502,9.811735219009359,9
4209508,9.881367318543617,6
4209511,9.867410273763282,3
4209522,9.75317324995061,11
4209532,9.789459366816168,10
4209539,9.883605896144521,7
4209554,9.673454392662237,15
4209562,9.830800943480599,8
4209576,9.729742720144227,14
4209584,9.87369907153526,8
4209600,9.663403805517303,16
4209608,9.867658108758334,8
4209612,9.946759159653212,4
4209625,9.692808523877856,13
4209627,9.984099049721301,2
4209635,9.83846204666323,8
4209643,9.851879596082139,8
4209657,9.665118610215785,14
4209662,9.924327955254803,5
4209666,9.947423545254901,4
4209671,9.919922132599382,5
4209674,9.967472646762738,3
4209690,9.671275011344251,16
4209698,9.83517539644719,8
4209712,9.662909719173253,14
4209721,9.806184819132199,9
4209727,9.90125426697077,6
4209732,9.921919022694638,5
4209738,9.812140169275601,6
4209746,9.819978212774595,8
4209751,9.923159026296888,5
4209755,9.926386233929458,4
4209763,9.853742662866921,8
4209770,9.870674016288294,7
4209786,9.620415499977971,16
4209799,9.721361914914672,13
4209800,10.0,1
4209811,9.76437900428347,11
4209819,9.821493779904682,8
4209832,9.709935033129511,13
4209842,9.761040933734552,10
4209845,9.959793091265952,3
4209856,9.769691120596073,11
4209857,10.0,1
4209865,9.820718620675102,8
4209880,9.649035286765553,15
4209891,9.769049068654496,11
4209894,9.963089279217073,3
4209905,9.764597500730707,11
4209906,10.0,1
4209912,9.791195188093765,6
4209927,9.450499088049728,15
4209938,9.78662553994152,11
4209950,9.72170211230842,12
4209962,9.741123894383323,12
4209972,9.793939365131418,10
4209981,9.820720589930373,9
4209982,10.0,1
4209984,9.973794993524688,2
4210004,9.50495502493582,20
4210010,9.898661138673942,6
4210025,9.641669496898276,15
4210030,9.92183682328336,5
4210037,9.865288807501328,7
4210047,9.766315083447676,10
4210054,9.877364536502105,7
4210055,10.0,1
4210060,9.913649835713656,5
4210076,9.634696739602985,16
4210080,9.940426908893285,4
4210088,9.856370983404224,8
4210096,9.845311025361857,8
4210108,9.727209258765084,12
4210112,9.92864601706258,4
4210119,9.862282413005296,7
4210128,9.801811748968131,9
4210137,9.797769151075563,9
4210142,9.900276832994946,5
4210153,9.800032413288983,11
4210161,9.850731154904068,8
4210168,9.874578061003778,7
4210177,9.810155200815837,9
4210189,9.769256009879452,12
4210200,9.736962237157178,11
4210209,9.817290714111993,9
4210222,9.729781650963636,13
4210236,9.754772391676887,14
4210240,9.928044093397236,4
4210248,9.826263330949548,8
4210258,9.764299026285457,10
4210261,9.965863074553052,3
4210270,9.813595813955708,9
4210280,9.805965221940946,10
4210290,9.837677440141038,10
4210293,9.959103164220645,3
4210303,9.801146819102906,10
4210315,9.73774179245875,12
4210318,9.96033658309468,3
4210323,9.905324556039746,5
4210330,9.869413212025258,7
4210337,9.867638630078183,7
4210338,10.0,1
4210354,9.60226021104863,16
4210359,9.92531185440963,5
4210368,9.806162168036668,9
4210373,9.907680348102026,5
4210381,9.843898094564365,8
4210391,9.782337350095188,10
4210397,9.887035475133933,6
4210403,9.89022151421955,6
4210426,9.316125864015131,23
4210432,9.900526837081424,6
4210439,9.872206615145313,7
4210448,9.203093403209403,9
4210459,9.758115841089058,11
4210489,9.256530273062623,30
4210500,9.762638631300979,11
4210511,9.793454563412611,11
4210523,9.749070941289125,12
4210537,9.695682265162358,14
4210547,9.817604168921989,10
4210550,9.960838222412638,3
4210556,9.915716548023116,6
4210563,9.884836869434304,7
4210568,9.917731867748081,5
4210577,9.827776573629384,9
4210585,9.773741254966254,8
4210598,9.734270454355846,13
4210609,9.76622300456595,11
4210625,9.653111351697614,16
4210631,9.879136392091791,6
4210632,10.0,1
4210640,9.8458648551826,8
4210663,9.56754982514424,23
4210671,9.82419501648981,8
4210680,9.810232574982635,9
4210688,9.832906519265608,8
4210694,9.887384183402265,6
4210709,9.638828044944828,15
4210714,9.914759048962603,5
4210715,9.996704716603876,1
4210718,9.966051695695219,3
4210727,9.836734749367077,9
4210740,9.763349664080664,13
4210748,9.859184542605387,8
4210749,9.988586640794379,1
4210757,9.892642587431322,8
4210766,9.82524000072026,9
4210775,9.79827399810613,9
4210779,9.933926531725549,4
4210786,9.862743801360077,7
4210796,9.791922587080029,10
4210802,9.893316357213935,6
4210808,9.887250296486947,6
4210815,9.874881596802636,7
4210822,9.873041697401868,7
4210826,9.946617450044062,4
4210836,9.802748444808675,10
4210841,9.904988275512922,5
4210852,9.755157012613315,11
4210856,9.946895245021956,4
4210857,9.992642623918933,1
4210863,9.876496802800727,6
4210870,9.867822526724504,7
4210879,9.8072124545823,9
4210884,9.907397830658242,5
4210891,9.866590127346173,7
4210900,9.806900004112716,9
4210908,9.85543879439765,8
4210915,9.779340920072341,7
4210923,9.831685818468753,8
4210930,9.873897601885083,7
4210942,9.746172951894863,12
4210951,9.833998458236293,9
4210952,9.99341394512513,1
4210958,9.910634254381142,6
4210965,9.876934457448899,7
4210976,9.748399551732515,11
4210986,9.800514586724557,10
4210993,9.889559838615364,7
4211003,9.800086933923833,10
4211017,9.66539541212045,14
4211025,9.85891141749861,8
4211033,9.854938978668963,8
4211038,9.903665528872747,5
4211039,10.0,1
4211051,9.723855495677796,12
4211063,9.744517387158405,12
4211090,9.312089919884396,27
4211098,9.841155870995888,8
4211102,9.947051347856476,4
4211113,9.78107078295294,11
4211125,9.718690417641465,12
4211128,9.956524314664827,3
4211140,9.756414088696317,12
4211151,9.780551169563074,11
4211163,9.7448442760801,12
4211177,9.656923247834696,14
4211190,9.502881701140788,13
4211195,9.930535664076919,5
4211197,9.968721325760537,2
4211201,9.93342295727543,4
4211205,9.939460642084933,4
4211209,9.937709701007286,4
4211211,9.977205108108159,2
4211214,9.954917102904997,3
4211227,9.701180763755717,13
4211234,9.86906224668522,7
4211245,9.75416173025324,11
4211246,10.0,1
4211252,9.893184799115103,6
4211259,9.874866342021251,7
4211268,9.803973962939164,9
4211275,9.890339478210576,7
4211290,9.643757540885002,15
4211291,10.0,1
4211300,9.792985134830015,9
4211303,9.956929356789052,3
4211314,9.7831678448902,11
4211325,9.763485652987084,11
4211327,9.978272733652,2
4211335,9.8221507174119,8
4211338,9.955521713348038,3
4211345,9.865761092776799,7
4211348,9.963035870025417,3
4211358,9.593225039469562,10
4211369,9.767183202859002,11
4211377,9.821108682955105,8
4211387,9.80404599427609,10
4211400,9.707984709579208,13
4211402,9.978451142217176,2
4211414,9.752800165951404,12
4211421,9.849937361346733,7
4211422,10.0,1
4211434,9.72854685468894,12
4211453,9.295392375481542,19
4211465,9.727880154513972,12
4211469,9.943823402015031,4
4211475,9.905429334312752,6
4211482,9.849920631577412,7
4211490,9.855751466942461,8
4211500,9.79268734037219,10
4211513,9.715643186384755,13
4211521,9.846882256407177,8
4211530,9.826095536767557,9
4211540,9.760654608491432,10
4211541,10.0,1
4211551,9.772288060048,10
4211560,9.846992925782045,9
4211572,9.75647410902296,12
4211586,9.696969921328078,14
4211596,9.77931631703009,10
4211603,9.863342894692785,7
4211638,3.423550036175321,35
4211650,9.746525060047915,12
4211659,9.797830031599066,9
4211664,9.892232380728371,5
4211672,9.834825079257785,8
4211680,9.847121339924431,8
4211686,9.688981550841014,6
4211698,9.765426083707311,12
4211705,9.85309101899402,7
4211708,9.952106846394354,3
4211713,9.915468648269695,5
4211717,9.936927971562238,4
4211720,9.949614237417828,3
4211728,9.853096990991144,8
4211738,9.769339695052475,10
4211747,9.839097068785238,9
4211756,9.818259535456827,9
4211760,9.948683144333005,4
4211764,9.934737997628902,4
4211774,9.804097109821853,10
4211775,10.0,1
4211781,9.895237138600173,6
4211789,9.833934399212128,8
4211792,9.957278679984405,3
4211797,9.90840314963086,5
4211808,9.767110986999375,11
4211827,9.497492751296107,19
4211836,9.808556129387448,9
4211837,10.0,1
4211842,9.90982294235959,5
4211853,9.780845867638538,11
4211854,10.0,1
4211858,9.940889829708455,4
4211864,9.891079751105929,6
4211872,9.836389336180865,8
4211881,9.79799924276441,9
4211891,9.77105225710108,10
4211895,9.922616172266387,4
4211902,9.877957591757701,7
4211909,9.875309763501912,7
4211918,9.833880384736364,9
4211934,9.660627615834295,16
4211942,9.850787841492233,8
4211949,9.84678786815938,7
4211959,9.79222444582934,10
4211977,9.415182462789598,18
4211983,9.924171222640755,6
4211993,9.801567517867776,10
4212004,9.754140651575483,11
4212015,9.77865156526798,11
4212027,9.750993598142763,12
4212036,9.798561091665729,9
4212046,9.78510831259631,10
4212059,9.692695640801949,13
4212072,9.703599617331216,13
4212078,9.895376263695454,6
4212083,9.926018068592576,5
4212087,9.942318447285857,4
4212088,10.0,1
4212100,9.73795285257667,12
4212104,9.942652759189208,4
4212114,9.816755541979186,10
4212118,9.937644438160854,4
4212123,9.921684006066153,5
4212131,9.833900554121007,8
4212137,9.897856490220606,6
4212143,9.88157269940646,6
4212152,9.812252193664353,9
4212156,9.92934745076829,4
4212170,9.665364635476895,14
4212179,9.813048866859564,9
4212189,9.810219037780103,10
4212194,9.905375752439513,5
4212201,9.782447821958668,7
4212202,10.0,1
4212212,9.801643498530044,10
4212219,9.862011677232212,7
4212224,9.818274182730596,5
4212230,9.89933925369036,6
4212235,9.920480550225783,5
4212240,9.913565480595722,5
4212243,9.954246815789732,3
4212250,9.873820997247844,7
4212251,10.0,1
4212261,9.821340496359984,10
4212279,9.612366386668361,18
4212280,10.0,1
4212283,9.967215802144516,3
4212289,9.90487829606397,6
4212296,9.86505548913995,7
4212301,9.905629745093426,5
4212306,9.926960076158831,5
4212315,9.824213592601396,9
4212321,9.903956275921551,6
4212322,10.0,1
4212334,9.767512561857538,12
4212338,9.93483058420896,4
4212343,9.906518191181911,5
4212344,10.0,1
4212351,9.875718705222734,7
4212356,9.923406577704664,5
4212365,9.833371504947662,9
4212371,9.9045332314105,6
4212388,9.606656143081105,17
4212401,9.726251643146222,13
4212405,9.941641502661055,4
4212409,9.938259020426841,4
4212427,9.605682492465005,18
4212429,9.98112687696029,2
4212441,9.743873996719538,12
4212448,9.862993105850704,7
4212449,10.0,1
4212450,10.0,1
4212456,9.914854630464761,6
4212463,9.872117417699762,7
4212467,9.941326734320722,4
4212470,9.96631682921497,3
4212484,9.719216866495302,14
4212497,9.71030723309382,13
4212510,9.79361798993705,13
4212517,9.852835742262368,7
4212524,9.887195610909037,7
4212531,9.882806291251498,7
4212544,9.725689236714725,13
4212548,9.948659215982559,4
4212562,9.693873663170939,14
4212572,9.778903307789482,10
4212579,9.884981540059771,7
4212588,9.82048955873017,9
4212589,10.0,1
4212593,9.937525996192202,4
4212598,9.904307619342559,5
4212602,9.951799621115441,4
4212603,10.0,1
4212616,9.754509464990534,13
4212622,9.894807988073916,6
4212629,9.861268906191679,7
4212638,9.841682147804441,9
4212665,3.7172640125409817,27
4212673,9.846428504991653,8
4212683,9.796783755779913,10
4212684,10.0,1
4212698,9.648909295926225,14
4212700,9.98432292416164,2
4212706,9.893482909066007,6
4212712,9.903119418577532,6
4212722,9.531901676814915,10
4212723,10.0,1
4212730,9.867888707015384,7
4212733,9.861963644837203,3
4212747,9.501483293092289,14
4212754,9.847633875005783,7
4212756,9.983578762075817,2
4212761,9.924605402003733,5
4212762,10.0,1
4212777,9.6716838654388,15
4212791,9.748620032150784,14
4212794,9.953097914180848,3
4212808,9.692484980256785,14
4212810,9.972255016796632,2
4212811,10.0,1
4212825,9.698121450056327,14
4212837,9.734677608760261,12
4212841,9.94000456003372,4
4212848,9.86992094254861,7
4212855,9.8627844856513,7
4212863,9.826849822596998,8
4212869,9.889165859652115,6
4212876,9.866974887873006,7
4212889,9.753519438597763,13
4212895,9.8952716713869,6
4212901,9.91111424418074,6
4212902,10.0,1
4212912,9.805162430401392,10
4212925,9.70389723713389,13
4212926,9.995965497674645,1
4212932,9.802873315811333,6
4212937,9.919305481554908,5
4212943,9.89771672820356,6
4212958,9.646193212762215,15
4212968,9.806412641249066,10
4212976,9.836139012126614,8
4212982,9.88718827367128,6
4212992,9.786634420785125,10
4213001,9.794635612157458,9
4213002,10.0,1
4213007,9.931246661291897,5
4213021,9.481132337343704,14
4213028,9.881703776675717,7
4213037,9.809242406692963,9
4213046,9.840952264835382,9
4213050,9.937791490805978,4
4213053,9.955708882847711,3
4213057,9.943325057188844,4
4213072,9.711094168813492,15
4213075,9.962210364298782,3
4213090,9.673033926800047,15
4213101,9.766555999466197,11
4213114,9.719388871861472,13
4213131,9.524661614936853,17
4213135,9.9413943792797,4
4213145,9.797057116076687,10
4213152,9.761978881510755,7
4213160,9.856253383344304,8
4213161,10.0,1
4213168,9.88087957626747,7
4213172,9.919017670612197,4
4213185,9.752402519702489,13
4213196,9.752423307439301,11
4213210,9.6566194938056,14
4213211,10.0,1
4213224,9.711859267761712,13
4213236,9.746286263031703,12
4213238,9.982215700945236,2
4213246,9.827802743343133,8
4213256,9.795253567323353,10
4213272,9.653265846564823,16
4213284,9.758610963809756,12
4213291,9.884166445034257,7
4213297,9.913036269692235,6
4213304,9.86588016992543,7
4213316,9.723196612099178,12
4213332,9.653834572844993,16
4213339,9.885098283914525,7
4213348,9.824696978564774,9
4213349,10.0,1
4213355,9.921169671300941,6
4213356,10.0,1
4213361,9.927314179572178,5
4213365,9.951182014848465,4
4213372,9.86326530977578,7
4213375,9.956327743904527,3
4213380,9.910266369411268,5
4213385,9.935252740319395,5
4213388,9.965058323181076,3
4213394,9.913500342503717,6
4213395,9.996131004680556,1
4213396,9.99656776042998,1
4213401,9.939727958418707,5
4213417,9.395854430494696,16
4213418,10.0,1
4213425,9.88449818095911,7
4213435,9.811719163995958,10
4213436,9.992473645549987,1
4213440,9.935873953298266,4
4213450,9.803355753092818,10
4213455,9.91296004068421,5
4213461,9.89352341146328,6
4213474,9.71483246639865,13
4213479,9.902988267538488,5
4213487,9.840512075816031,8
4213490,9.96885176941243,3
4213499,9.835276646979734,9
4213504,9.915949215759317,5
4213509,9.931381856722217,5
4213518,9.82084717259764,9
4213527,9.826632875528173,9
4213530,9.968676569192661,3
4213539,9.81996932674309,9
4213552,9.699335601315962,13
4213556,9.946867431079346,4
4213561,9.924221521843139,5
4213564,9.952374846988928,3
4213578,9.687088958976547,14
4213583,9.90076547103301,5
4213594,9.757920392960365,11
4213607,9.727074769676255,13
4213616,9.813244972675301,9
4213629,9.764883148807131,13
4213642,9.734978738578796,13
4213645,9.948323049875112,3
4213647,9.98469776884741,2
4213658,9.772066697032578,11
4213660,9.970824582150572,2
4213666,9.888346053305417,6
4213675,9.809391123372986,9
4213678,9.965244545240488,3
4213688,9.797674183553417,10
4213698,9.806964712847543,10
4213708,9.79265902705121,10
4213712,9.931396401988783,4
4213723,9.72965073605776,11
4213732,9.715125931286368,9
4213738,9.886748450429911,6
4213745,9.864492253254959,7
4213754,9.836398187010735,9
4213762,9.868071440637944,8
4213766,9.940641497962243,4
4213777,9.764169167868705,11
4213781,9.943880135507962,4
4213782,10.0,1
4213795,9.707634485821323,13
4213801,9.893242122033262,6
4213802,9.991726656462502,1
4213813,9.782873407870964,11
4213816,9.960478109837132,3
4213833,9.603966285073897,17
4213837,9.937099891040013,4
4213846,9.826697577296683,9
4213855,9.802973699708877,9
4213863,9.850359636385376,8
4213876,9.71353199012481,13
4213889,9.734921295644547,13
4213892,9.96053622495786,3
4213903,9.778481387818253,11
4213911,9.859909442485252,8
4213922,9.749231533284679,11
4213929,9.86148050380708,7
4213940,9.793547545836821,11
4213954,9.660448198736185,14
4213966,9.728431123710285,12
4213971,9.909304718664439,5
4213984,9.712723255477087,13
4213985,10.0,1
4213990,9.91837570329356,5
4214007,9.535570234542913,17
4214014,9.876786323899779,7
4214024,9.571347588320759,10
4214027,9.959605054243587,3
4214038,9.666787094274179,11
4214047,9.660489499193403,9
4214062,9.679250310047392,15
4214078,9.619161926482523,16
4214088,9.788617718650196,10
4214096,9.833030874332058,8
4214105,9.824965397570555,9
4214116,9.785196782238135,11
4214125,9.830492010159054,9
4214132,9.871118640436132,7
4214136,9.94984179648992,4
4214144,9.815433011083712,8
4214150,9.88252388866118,6
4214157,9.879337840812719,7
4214158,10.0,1
4214164,9.889200289289368,6
4214174,9.81379702385075,10
4214175,10.0,1
4214184,9.838701259674474,9
4214187,9.963589512354199,3
4214193,9.90902561072012,6
4214203,9.80236915274359,10
4214210,9.873293827451807,7
4214212,9.973987651690269,2
4214224,9.762378197293051,12
4214235,9.759164251814157,11
4214246,9.759321459748458,11
4214257,9.754955293496938,11
4214268,9.774532254060833,11
4214282,9.680472461214874,14
4214289,9.86744123529262,7
4214314,9.15795987010267,25
4214326,9.76754323035461,12
4214333,9.868447268481983,7
4214339,9.878213257827275,6
4214349,9.798217714961002,10
4214361,9.712718265999436,12
4214372,9.769254803304914,11
4214387,9.63540057608383,15
4214394,9.846185152757027,7
4214405,9.758085432353502,11
4214421,9.675832864356662,16
4214437,9.660287737604294,16
4214448,9.769442141351323,11
4214456,9.863652802310733,8
4214458,9.969233973733092,2
4214469,9.746388613486664,11
4214475,9.895008407320043,6
4214486,9.777484077345942,11
4214491,9.925358162143073,5
4214495,9.938194431372965,4
4214500,9.932202169284274,5
4214510,9.79570624214069,10
4214515,9.90100651147063,5
4214519,9.951718683168604,4
4214520,10.0,1
4214530,9.798437875729412,10
4214534,9.940451796988452,4
4214538,9.943727225966038,4
4214548,9.801048060720756,10
4214570,9.516319485795117,22
4214579,9.817607719361714,9
4214583,9.930597474434162,4
4214591,9.850798130130237,8
4214600,9.80710854623537,9
4214611,9.800588480251447,11
4214615,9.947066984772102,4
4214624,9.812790045674912,9
4214626,9.984927850752966,2
4214631,9.91582644628044,5
4214639,9.834780958348565,8
4214640,10.0,1
4214651,9.554859639401302,11
4214662,9.753673718665308,11
4214675,9.709447857387378,13
4214681,9.88267432417479,6
4214688,9.867592694417091,7
4214698,9.801467405874131,10
4214704,9.883398731494516,6
4214709,9.913420591158275,5
4214720,9.751879695761284,11
4214728,9.850866739239596,8
4214737,9.83819716888474,9
4214749,9.739732590086241,12
4214752,9.960873893341654,3
4214753,9.992353845440482,1
4214759,9.90536544728049,6
4214772,9.71495604493185,13
4214781,9.806856281253488,9
4214789,9.83877927419518,8
4214806,9.583254687967974,17
4214809,9.95280720312263,3
4214820,9.679314850820948,11
4214832,9.745070577363547,12
4214838,9.909989430278573,6
4214841,9.968284723454648,3
4214849,9.85448625675796,8
4214850,9.992642566312513,1
4214851,10.0,1
4214854,9.963849355059654,3
4214864,9.784729828119758,10
4214871,9.884925001485119,7
4214877,9.880502757197283,6
4214882,9.916409992694156,5
4214891,9.818241860603344,9
4214896,9.907709593067096,5
4214904,9.83803235142288,8
4214917,9.613890501949696,13
4214925,9.850230166450286,8
4214926,10.0,1
4214936,9.795160700272467,10
4214946,9.789389853052576,10
4214959,9.713580489736893,13
4214964,9.918127921156797,5
4214973,9.813920321553494,9
4214990,9.67487329103846,17
4214991,10.0,1
4214994,9.949381742121224,3
4215002,9.822897101092794,8
4215003,10.0,1
4215008,9.915130212005101,5
4215016,9.860020746618668,8
4215025,9.837222336616088,9
4215035,9.775174438110364,10
4215041,9.882975649284335,6
4215051,9.813465808092733,10
4215060,9.814230763518283,9
4215066,9.895921306761334,6
4215068,9.968585058663065,2
4215079,9.769012695530359,11
4215088,9.825684950240172,9
4215097,9.704939371455593,9
4215098,10.0,1
4215099,10.0,1
4215107,9.833904001115359,8
4215112,9.934657543727768,5
4215113,10.0,1
4215115,9.973199735151862,2
4215126,9.765055787625936,11
4215127,10.0,1
4215131,9.937322402090343,4
4215134,9.96456409562797,3
4215139,9.937598406087327,5
4215146,9.849673004022495,7
4215148,9.985377095354195,2
4215155,9.867101014537056,7
4215159,9.939295365904718,4
4215163,9.953028022520442,4
4215176,9.714149068438854,13
4215181,9.928014339405399,5
4215193,9.755917336699852,12
4215207,9.667881148805387,14
4215214,9.868093722184488,7
4215226,9.743782611331316,12
4215240,9.632728615435502,14
4215243,9.960552999289535,3
4215246,9.9634914081332,3
4215254,9.855325410007065,8
4215262,9.840625824120478,8
4215274,9.732864583673532,12
4215282,9.853603604260671,8
4215292,9.78741038365406,10
4215299,9.888301886371805,7
4215304,9.922834085171859,5
4215313,9.811616425440958,9
4215319,9.892732009510377,6
4215329,9.794516231303135,10
4215341,9.745049314031736,12
4215342,9.987944846220163,1
4215346,9.95065003640072,4
4215349,9.959800881057475,3
4215356,9.872459068978968,7
4215365,9.8286689104731,9
4215376,9.755425086093004,11
4215377,9.989035794907569,1
4215392,9.682653662683778,15
4215397,9.90728981892917,5
4215403,9.914429252954616,6
4215414,9.778226950870252,11
4215417,9.969393314617438,3
4215425,9.83952215882901,8
4215435,9.823202915845197,10
4215446,9.772773827280119,11
4215461,9.670734995128255,15
4215473,9.723133889621902,12
4215482,9.805263827967206,9
4215483,10.0,1
4215487,9.944989476619279,4
4215499,9.740590063873887,12
4215505,9.892564427481595,6
4215506,10.0,1
4215515,9.827186962138509,9
4215519,9.942026839191072,4
4215530,9.747709940347786,11
4215540,9.783124417186153,10
4215549,9.808891270581167,9
4215565,9.638621378516536,16
4215575,9.605601283679684,10
4215579,9.949804553307498,4
4215588,9.81469800373863,9
4215603,9.731667253251706,15
4215608,9.913070989840397,5
4215618,9.771328082414291,10
4215632,9.760933749003055,14
4215647,9.662192501559316,15
4215657,9.800450064493514,10
4215664,9.879753627961044,7
4215674,9.794737447621264,10
4215686,9.735602469210287,12
4215688,9.974630412252687,2
4215696,9.85009881762764,8
4215706,9.795973339739623,10
4215707,10.0,1
4215711,9.935913620825046,4
4215722,9.775274538434607,11
4215733,9.766462063205251,11
4215734,10.0,1
4215742,9.829602785307884,8
4215753,9.776443224958006,11
4215765,9.736580958983641,12
4215776,9.770276691039378,11
4215777,10.0,1
4215786,9.783540175020137,9
4215792,9.899049179565766,6
4215795,9.961598047055139,3
4215796,10.0,1
4215808,9.466732422462114,12
4215822,9.694336645517733,14
4215831,9.811545409302651,9
4215838,9.859741608825834,7
4215855,9.571673002185836,17
4215858,9.955175812686921,3
4215871,9.716234546096306,13
4215872,10.0,1
4215881,9.830598254625869,9
4215893,9.743254222739095,12
4215896,9.947057241580731,3
4215902,9.891327922710461,6
4215918,9.627628288417657,16
4215932,9.70069046853698,14
4215946,9.695776870939774,14
4215959,9.707012149978349,13
4215968,9.804324777251317,9
4215971,9.955407388313269,3
4215977,9.898526206855403,6
4215978,10.0,1
4215984,9.909146941108524,6
4215991,9.869633714781807,7
4215994,9.956418445543715,3
4216000,9.886774189037899,6
4216007,9.893231041361284,7
4216015,9.86903118156215,8
4216016,10.0,1
4216026,9.840911112781557,10
4216033,9.877709040088078,7
4216037,9.925025232925012,4
4216046,9.813529001654691,9
4216052,9.910462844811788,6
4216058,9.892017599235956,6
4216064,9.888591703290267,6
4216072,9.850793898229897,8
4216085,9.702229269432136,13
4216091,9.909922669758737,6
4216098,9.878399172495673,7
4216110,9.741710830184655,12
4216120,9.616801779367375,10
4216133,9.69045345336056,13
4216139,9.907232418357454,6
4216148,9.800758858896657,9
4216153,9.929102893683355,5
4216159,9.905730338845261,6
4216171,9.738304478244908,12
4216182,9.789798229112808,11
4216189,9.853349535445354,7
4216199,9.810114391693231,10
4216203,9.933707334161651,4
4216208,9.91964721532533,5
4216223,9.667457080038892,15
4216229,9.91519589189343,6
4216241,9.749372457983517,12
4216247,9.889075494977167,6
4216258,9.787770379025318,11
4216268,9.788903568102514,10
4216281,9.739583549847845,13
4216285,9.946553816311061,4
4216295,9.604916379160514,10
4216302,9.868958142854456,7
4216305,9.958768290126917,3
4216311,9.899893605907598,6
4216317,9.906513236731305,6
4216330,9.740769891000392,13
4216337,9.849432154242358,7
4216342,9.93013158891061,5
4216345,9.959659811778904,3
4216360,9.672084095764989,15
4216370,9.81557025024361,10
4216385,9.659039457662143,15
4216396,9.762792802124492,11
4216397,10.0,1
4216408,9.783403825566735,11
4216418,9.84330978834824,10
4216420,9.977311773876448,2
4216425,9.938682398354425,5
4216436,9.778242378445139,11
4216448,9.739980900514578,12
4216450,9.975823005503807,2
4216459,9.826818641197507,9
4216460,10.0,1
4216469,9.824183415602123,9
4216479,9.788127697080524,10
4216487,9.85385688500179,8
4216494,9.87461470580188,7
4216502,9.86630366988464,8
4216518,9.647659830280487,16
4216523,9.90987346254841,5
4216526,9.970357031249957,3
4216533,9.865727974970758,7
4216541,9.862977406380645,8
4216552,9.745633964676134,11
4216561,9.825846777645037,9
4216562,10.0,1
4216573,9.742050100135424,11
4216576,9.952608637152213,3
4216587,9.758324849284367,11
4216594,9.86060553915055,7
4216614,9.492500756067924,20
4216618,9.940401486115688,4
4216619,10.0,1
4216623,9.927614897265007,4
4216628,9.921750130936935,5
4216637,9.800851430752536,9
4216641,9.932299865459873,4
4216645,9.94427479716664,4
4216657,9.719916212586863,12
4216658,10.0,1
4216667,9.718401368906276,9
4216676,9.805129686250897,9
4216678,9.985287501892131,2
4216685,9.890163192896543,7
4216691,9.890406088045014,6
4216702,9.748782208917028,11
4216707,9.907594717808278,5
4216719,9.787606155760676,12
4216729,9.7711251749384,10
4216734,9.915949785164871,5
4216739,9.916740676480034,5
4216746,9.872041744342901,7
4216752,9.900346791316167,6
4216759,9.855498147930891,7
4216762,9.957585220417254,3
4216768,9.888097757117945,6
4216778,9.778254996716782,10
4216784,9.910591460999049,6
4216792,9.854890567991417,8
4216801,9.823974377429282,9
4216802,10.0,1
4216808,9.899782456737922,6
4216811,9.956520097999345,3
4216816,9.925704690166949,5
4216823,9.85231332639671,7
4216833,9.804995876700806,10
4216845,9.762868524461148,12
4216849,9.943934375367304,4
4216857,9.858623207374118,8
4216865,9.844117828922792,8
4216874,9.818549227876794,9
4216895,9.51842404796433,21
4216903,9.84337428466688,8
4216911,9.850937653152728,8
4216919,9.834804253399966,8
4216922,9.968195274950006,3
4216927,9.904361359811729,5
4216934,9.875938577068318,7
4216953,9.533463844397211,19
4216959,9.89913024482563,6
4216972,9.705245048543567,13
4216984,9.715194338592447,12
4216991,9.88034988239702,7
4217000,9.812719243529127,9
4217011,9.776182585154121,11
4217019,9.8407976250403,8
4217027,9.827367390536507,8
4217039,9.73990969723534,12
4217046,9.647115027119707,7
4217051,9.92159761184467,5
4217064,9.719039700654209,13
4217073,9.839511690702569,9
4217080,9.86046021360056,7
4217086,9.897362765060658,6
4217097,9.772240974830297,11
4217111,9.6747069204087,14
4217123,9.736096385470528,12
4217130,9.874826758010013,7
4217141,9.748473028313338,11
4217167,9.34715408475768,26
4217170,9.956932893898742,3
4217172,9.966712181021112,2
4217180,9.833015867140036,8
4217195,9.658632744502643,15
4217205,9.806209804554431,10
4217213,9.856406996444084,8
4217222,9.805486510251182,9
4217233,9.745645703289096,11
4217236,9.951445029432957,3
4217249,9.729361584987917,13
4217261,9.760794365661082,12
4217264,9.96440912373973,3
4217273,9.815413751567988,9
4217287,9.694782312589245,14
4217299,9.77525942054061,12
4217304,9.915988548178392,5
4217315,9.785632988175065,11
4217324,9.818725430870197,9
4217335,9.758527578485706,11
4217343,9.846132131218026,8
4217349,9.89276243194983,6
4217359,9.793439286158996,10
4217372,9.677365384595745,13
4217380,9.844704107904125,8
4217390,9.794102705095657,10
4217393,9.950536193001996,3
4217408,9.706740261838474,15
4217409,10.0,1
4217416,9.854992597249948,7
4217430,9.690934629162033,14
4217442,9.683230729939735,12
4217443,9.996755262284532,1
4217461,9.587943620013434,18
4217465,9.844277262285365,4
4217479,9.743623055234076,14
4217501,8.801347079214203,22
4217509,9.842766655145745,8
4217511,9.984364750930045,2
4217522,9.773061853582655,11
4217529,9.88792117883521,7
4217542,9.699773073027671,13
4217548,9.905659272681559,6
4217560,9.783047896792961,12
4217570,9.790806166426687,10
4217573,9.94963735557679,3
4217587,9.66610661387608,14
4217595,9.846753693422986,8
4217596,10.0,1
4217607,9.78176037536235,11
4217613,9.871592002825889,6
4217615,9.967676000648408,2
4217626,9.755014116486022,11
4217633,9.887139779882055,7
4217642,9.791212802648403,9
4217656,9.686690584039939,14
4217667,9.809311714018424,11
4217673,9.882884000084873,6
4217674,10.0,1
4217685,9.660590780729276,11
4217686,10.0,1
4217690,9.95082293381672,4
4217698,9.833494800428463,8
4217706,9.829600442398457,8
4217713,9.84727488898211,7
4217723,9.762294449559631,10
4217732,9.799803845868873,9
4217739,9.87649129312708,7
4217745,9.874215657555398,6
4217755,9.80853149120677,10
4217760,9.928582472650481,5
4217766,9.898899645966472,6
4217774,9.851691233449097,8
4217785,9.751449918955984,11
4217789,9.931559196009816,4
4217797,9.851501114407254,8
4217809,9.723233793118741,12
4217822,9.520706055613697,13
4217823,10.0,1
4217835,9.727563135616167,12
4217849,9.68365037499231,14
4217859,9.78246831615565,10
4217860,9.988565153169917,1
4217865,9.921513862993478,5
4217872,9.883600723895087,7
4217880,9.850352504832495,8
4217892,9.752906743077618,12
4217901,9.815010194900882,9
4217908,9.884545581349077,7
4217919,9.773167663746579,11
4217930,9.755468449838384,11
4217938,9.857165584981404,8
4217946,9.821245197501666,8
4217954,9.836137871507761,8
4217966,9.739912215745845,12
4217975,9.822814478220979,9
4217986,9.741807926135042,11
4217994,9.829776396115962,8
4218006,9.768129784859294,12
4218008,9.9737754737891,2
4218016,9.867956403758338,8
4218018,9.970616524804994,2
4218031,9.785732131132168,13
4218041,9.783906189201671,10
4218056,9.695556854216703,15
4218063,9.891847979835934,7
4218066,9.963772041190882,3
4218071,9.904262166863083,5
4218084,9.700315634782362,13
4218088,9.942967973019835,4
4218090,9.981985657207817,2
4218104,9.69377849001119,14
4218107,9.966937311673671,3
4218117,9.785748132393682,10
4218133,9.609889320544221,16
4218140,9.886277772313425,7
4218145,9.904901282851455,5
4218150,9.91720694780334,5
4218156,9.923126494254653,6
4218167,9.767670328828146,11
4218181,9.68791838330009,14
4218185,9.949367206831376,4
4218196,9.752040523743979,11
4218208,9.768172027899288,12
4218209,10.0,1
4218221,9.743862914808146,12
4218231,9.773506811264333,10
4218239,9.856910231492265,8
4218246,9.870120776083542,7
4218256,9.79498778902725,10
4218267,9.753609846935145,11
4218278,9.74519082505423,11
4218280,9.978449477245148,2
4218282,9.972405287355581,2
4218283,10.0,1
4218296,9.73269818440279,13
4218297,10.0,1
4218309,9.734760164451266,12
4218319,9.8034564098473,10
4218328,9.83806295028884,9
4218331,9.954937583132732,3
4218334,9.967547298048524,3
4218356,5.460908815858138,22
4218366,9.781526713774879,10
4218367,10.0,1
4218376,9.815444894217324,9
4218383,9.879850729945986,7
4218398,9.65443711444504,15
4218402,9.943725623893636,4
4218407,9.919972587074874,5
4218420,9.71905735532108,13
4218433,9.698958189592412,13
4218437,9.940949790775463,4
4218451,9.67979779094702,14
4218458,9.894279250960315,7
4218470,9.777305331860383,12
4218479,9.819464911307044,9
4218488,9.835644008780301,9
4218494,9.91629253370009,6
4218503,9.830797652327878,9
4218514,9.794689218254238,11
4218520,9.877662990221296,6
4218529,9.814562727740578,9
4218544,9.679038538986362,15
4218553,9.803778612949962,9
4218558,9.902300035257914,5
4218570,9.766130304837748,12
4218575,9.913357611187623,5
4218578,9.960571433151038,3
4218589,9.79155732942071,11
4218595,9.867649845379345,6
4218603,9.841522551718272,8
4218606,9.94996100027662,3
4218619,9.730843996185985,13
4218629,9.784743403311582,10
4218632,9.95186013977887,3
4218640,9.535779604026517,8
4218653,9.666680359836143,13
4218656,9.955470076730188,3
4218659,9.963390211076504,3
4218665,9.887453238192174,6
4218675,9.824783087806699,10
4218678,9.956934393766094,3
4218682,9.947381453459684,4
4218685,9.949456198630571,3
4218692,9.842218077290486,7
4218693,10.0,1
4218700,9.855623172911038,7
4218707,9.867387862670814,7
4218717,9.803324700452585,10
4218718,10.0,1
4218731,9.704416652673071,13
4218732,10.0,1
4218740,9.851490381946455,8
4218749,9.82296765887671,9
4218754,9.91280494834971,5
4218768,9.683109784794476,14
4218787,9.542848446584777,19
4218791,9.948097742137858,4
4218799,9.837079914308676,8
4218820,9.501730476764378,21
4218825,9.923401797098753,5
4218833,9.842435395086651,8
4218844,9.78697855166107,11
4218859,9.650523015757814,15
4218871,9.742586884956049,12
4218884,9.698812727931328,13
4218897,9.679380090126807,13
4218902,9.925408819715363,5
4218910,9.865800450253024,8
4218917,9.774239293160699,7
4218931,9.698088055830361,14
4218944,9.71474515567292,13
4218955,9.760047832066526,11
4218963,9.833357143699338,8
4218976,9.701577309168915,13
4218984,9.837000341373335,8
4218990,9.921194616938724,6
4218994,9.938686569521641,4
4218999,9.915602530655619,5
4219009,9.779842552317994,10
4219019,9.776476560116183,10
4219026,9.861723792778484,7
4219035,9.796512421930476,9
4219037,9.980470494880615,2
4219045,9.845406181208778,8
4219054,9.80977761943221,9
4219067,9.748026493642254,13
4219069,9.976214465104936,2
4219070,10.0,1
4219082,9.726689825874672,12
4219091,9.705346085410989,9
4219101,9.775792583269363,10
4219102,9.99299609309684,1
4219105,9.95942895511985,3
4219112,9.870465759398794,7
4219119,9.84791505687377,7
4219134,9.43533976782109,15
4219139,9.904965874540189,5
4219154,9.619435932849566,15
4219165,9.782840878801762,11
4219176,9.665073039719063,11
4219187,9.78910751779228,11
4219228,9.218454910447349,41
4219237,9.832515104037604,9
4219238,10.0,1
4219244,9.89141661726153,6
4219255,9.74786824290219,11
4219269,9.494364338455343,14
4219272,9.960578334052327,3
4219280,9.83366564326405,8
4219290,9.801803815778866,10
4219300,9.775934309779593,10
4219313,9.711465243907643,13
4219321,9.851941706072546,8
4219329,9.8610413664799,8
4219341,9.650007089595425,12
4219342,10.0,1
4219356,9.703331447626894,14
4219368,9.408602225831197,12
4219380,9.748485512986685,12
4219384,9.949427120362044,4
4219390,9.889575454274523,6
4219398,9.8421373031436,8
4219410,9.761329346847967,12
4219416,9.891600945743345,6
4219420,9.949796697815485,4
4219427,9.868988585624464,7
4219429,9.976470122901407,2
4219438,9.823042108353693,9
4219447,9.803555178984821,9
4219464,9.669124260451422,17
4219465,9.988292638636652,1
4219469,9.943351880645485,4
4219481,9.759554921337857,12
4219488,9.864816100772979,7
4219496,9.81781440343348,8
4219498,9.971088198493522,2
4219499,9.992630387401332,1
4219505,9.89162791845392,6
4219513,9.85420038177801,8
4219522,9.794774588272874,9
4219534,9.767590483702534,12
4219542,9.839430738365934,8
4219552,9.804911773709067,10
4219559,9.882424722952003,7
4219566,9.869402761371108,7
4219569,9.954823163688571,3
4219574,9.908720991766911,5
4219579,9.733298441857839,5
4219586,9.864499757416066,7
4219596,9.827654456202117,10
4219606,9.769333730620744,10
4219610,9.929390568268458,4
4219620,9.774338345500642,10
4219626,9.707340107794353,6
4219635,9.825756815751511,9
4219643,9.841920587010094,8
4219656,9.736344475391556,13
4219658,9.972136333616643,2
4219671,9.715063623802001,13
4219683,9.753088558732323,12
4219692,9.79431038845975,9
4219698,9.9064053722165,6
4219712,9.70288416742597,14
4219719,9.884142070344911,7
4219722,9.967522844235539,3
4219723,10.0,1
4219738,8.464449561658066,15
4219749,9.637855353275288,11
4219761,9.776428337299908,12
4219775,9.690017804111354,14
4219788,9.692952262016531,13
4219796,9.87536196778778,8
4219805,9.823651279137012,9
4219812,9.858510446512764,7
4219827,9.658282901714344,15
4219840,9.604551925380308,13
4219850,9.793458671926844,10
4219862,9.73741160738109,12
4219875,9.69637776929669,13
4219880,9.933423380824413,5
4219885,9.91219694358712,5
4219891,9.892328674672003,6
4219904,9.735410283708074,13
4219910,9.897939516999106,6
4219920,9.76266592058351,10
4219926,9.894926769343266,6
4219935,9.80365363347044,9
4219947,9.715234506619252,12
4219951,9.940557438557414,4
4219964,9.602132057595568,13
4219972,9.832976005285055,8
4219976,9.929679960423119,4
4219982,9.868019652193237,6
4219989,9.878904782232519,7
4219998,9.81345624425055,9
4220007,9.796496298327835,9
4220018,9.74722406634354,11
4220031,9.713882040474425,13
4220037,9.899144367161476,6
4220044,9.86526891342171,7
4220053,9.80903123042471,9
4220061,9.840526120566906,8
4220068,9.873540049507552,7
4220072,9.934648302553478,4
4220083,9.751354219910288,11
4220092,9.817598960888157,9
4220101,9.850718582423934,9
4220115,9.716761887840509,14
4220126,9.749683543038483,11
4220131,9.91534014409657,5
4220142,9.766560857242544,11
4220152,9.679933285849273,10
4220156,9.943218204166914,4
4220167,9.747021747867429,11
4220179,9.73893515048508,12
4220187,9.665876605118331,8
4220200,9.71286097582398,13
4220205,9.916016188456872,5
4220206,10.0,1
4220207,10.0,1
4220212,9.9153874686093,5
4220222,9.769051876851703,10
4220228,9.907201928218415,6
4220243,9.70615718490103,15
4220258,9.472946783881394,15
4220261,9.969307161927834,3
4220270,9.870187114451708,9
4220271,9.987846770323733,1
4220282,9.766952885434677,11
4220287,9.90455877935269,5
4220301,9.60473151454635,14
4220314,9.734472513545033,13
4220320,9.899115239885775,6
4220321,10.0,1
4220337,9.54148624781968,16
4220346,9.846487466667407,9
4220351,9.903679908378361,5
4220370,9.520003198602401,19
4220376,9.688603319117679,6
4220388,9.718330404241904,12
4220389,10.0,1
4220397,9.830365038686839,8
4220403,9.884600129118713,6
4220404,10.0,1
4220409,9.908778041633695,5
4220421,9.76488395321774,12
4220436,9.688641645633677,15
4220443,9.870021950788928,7
4220457,9.707540090398842,14
4220466,9.833367513402852,9
4220470,9.942826723556005,4
4220483,9.569663101962076,13
4220487,9.93865467652753,4
4220488,10.0,1
4220493,9.90849200161936,5
4220505,9.731744179622149,12
4220513,9.852616034535176,8
4220520,9.858456010292528,7
4220531,9.734852699991611,11
4220535,9.95418790774606,4
4220543,9.854527835620642,8
4220544,10.0,1
4220549,9.923624081292976,5
4220558,9.822299118883414,9
4220568,9.79188429867956,10
4220578,9.808284799348895,10
4220589,9.759349631466895,11
4220597,9.827883456901896,8
4220603,9.894584588993213,6
4220604,10.0,1
4220616,9.712885693700981,12
4220627,9.797628980459114,11
4220636,9.807897800315224,9
4220640,9.934920755085821,4
4220648,9.84052656417156,8
4220661,9.704338472342696,13
4220670,9.816266458448162,9
4220671,9.989134768183119,1
4220679,9.842561566294167,8
4220688,9.717702578156814,9
4220691,9.945719053751473,3
4220696,9.909524738023046,5
4220708,9.729618722230674,12
4220712,9.941537288289044,4
4220721,9.809071169363206,9
4220731,9.776419743125,10
4220738,9.845637525871235,7
4220745,9.773868288686145,7
4220751,9.893458149503848,6
4220756,9.923458724324664,5
4220768,9.736063418002074,12
4220775,9.855602797085824,7
4220782,9.879368400552874,7
4220792,9.801934252899084,10
4220796,9.932089770015788,4
4220806,9.79774681600095,10
4220816,9.805729680676905,10
4220826,9.805444662594827,10
4220836,9.831218695169133,10
4220842,9.914469251932308,6
4220850,9.841391414376,8
4220862,9.569086555703416,12
4220875,9.735353087798996,13
4220883,9.85517858630848,8
4220889,9.8828962530342,6
4220904,9.677746403038393,15
4220913,9.851124085588204,9
4220922,9.846065769846764,9
4220939,9.67610552679666,17
4220947,9.845901307659922,8
4220948,10.0,1
4220951,9.971349672895325,3
4220959,9.841651217359914,8
4220970,9.808092284801967,11
4220979,9.809113657534471,9
4220995,9.666065430188103,16
4220999,9.948438453947198,4
4221010,9.76848871630651,11
4221014,9.9341019063258,4
4221017,9.969136169155705,3
4221027,9.81605341294811,10
4221036,9.848707724841095,9
4221041,9.91606279968164,5
4221046,9.924540566051249,5
4221057,9.785838383783203,11
4221060,9.965565463727952,3
4221062,9.97412144178072,2
4221070,9.86055758652895,8
4221078,9.846722721105825,8
4221084,9.897836103119541,6
4221100,9.68385875885349,16
4221113,9.750691328007573,13
4221116,9.965374678136508,3
4221125,9.618924535038143,9
4221134,9.838377010032891,9
4221146,9.745294920968567,12
4221148,9.969164984588325,2
4221157,9.836333701781042,9
4221171,9.670342424672725,14
4221178,9.8626578883509,7
4221179,10.0,1
4221191,9.749916890209377,12
4221192,10.0,1
4221205,9.74874432495267,13
4221208,9.961817997542694,3
4221216,9.649091686314677,8
4221217,9.989726946160692,1
4221219,9.974186888563317,2
4221231,9.558238756876477,12
4221239,9.641667683393292,8
4221242,9.9514146735581,3
4221248,9.891054169191428,6
4221252,9.945374749759857,4
4221264,9.75964663906344,12
4221265,10.0,1
4221285,9.53776059154109,20
4221297,9.73697557201345,12
4221310,9.480365478477584,13
4221321,9.763726889101319,11
4221326,9.911384898082662,5
4221330,9.937280306989345,4
4221338,9.852642222117652,8
4221346,9.823689749709235,8
4221361,9.664011389680718,15
4221370,9.794813844553458,9
4221378,9.824069540652843,8
4221393,9.680056549092548,15
4221396,9.553021078783097,3
4221397,10.0,1
4221407,9.770317891883035,10
4221418,9.746153460855425,11
4221429,9.784504934524145,11
4221442,9.74274116736224,13
4221447,9.917352726345067,5
4221453,9.898767418798409,6
4221456,9.9466844021452,3
4221463,9.889664908835131,7
4221464,10.0,1
4221465,10.0,1
4221477,9.715303211936238,12
4221484,9.861250479192899,7
4221495,9.757663714372656,11
4221515,9.166384208557062,20
4221526,9.803074041304287,11
4221530,9.93475854870385,4
4221544,9.71238670507756,14
4221557,9.698929275054667,13
4221570,9.719637101438591,13
4221580,9.760621510479965,10
4221592,9.764643273111814,12
4221601,9.80695141138645,9
4221611,9.800728793933304,10
4221621,9.787206310764496,10
4221623,9.975730092452256,2
4221631,9.842509719161493,8
4221635,9.949891466945294,4
4221641,9.884381053470612,6
4221651,9.78701388834136,10
4221661,9.80063690340539,10
4221671,9.768257013189153,10
4221677,9.891824951939007,6
4221682,9.90513436666541,5
4221683,10.0,1
4221684,9.996384221121682,1
4221689,9.916831804149602,5
4221690,10.0,1
4221703,9.69723509910475,13
4221713,9.793225435546661,10
4221726,9.724806078990085,13
4221734,9.826899159007487,8
4221741,9.897769981413866,7
4221745,9.942982258967712,4
4221757,9.771528590551707,12
4221768,9.73436793508183,11
4221775,9.8602186265917,7
4221777,9.985079358874263,2
4221785,9.841809361836129,8
4221790,9.923717706152663,5
4221795,9.921112226750708,5
4221807,9.735232517732074,12
4221813,9.891834534953706,6
4221817,9.940651468324797,4
4221823,9.896415456126519,6
4221834,9.791291218037522,11
4221849,9.703049106335081,15
4221852,9.957280518875155,3
4221857,9.934518090543301,5
4221866,9.810632315746357,9
4221870,9.944597163702067,4
4221876,9.88567920642677,6
4221879,9.955253893343238,3
4221881,9.981140050262551,2
4221892,9.772176193916764,11
4221895,9.965699159903469,3
4221910,9.680535768574362,15
4221916,9.897814140622748,6
4221917,10.0,1
4221918,9.989429960350611,1
4221924,9.897039674894943,6
4221939,9.640433391827974,15
4221953,9.434678537286256,14
4221967,9.719670468208033,14
4221968,10.0,1
4221980,9.753774474207844,12
4221984,9.852471420607827,4
4221993,9.597970858259202,9
4221994,10.0,1
4221999,9.915576328654458,5
4222000,10.0,1
4222007,9.86130731843882,7
4222019,9.719300903860828,12
4222039,9.543494912403805,20
4222048,9.795687856044097,9
4222049,10.0,1
4222059,9.82901608922345,10
4222065,9.798994354002492,6
4222077,9.752661346308736,12
4222091,9.701219906282827,14
4222102,9.75810880189262,11
4222110,9.840068762881712,8
4222115,9.911286460317116,5
4222126,9.776982952296319,11
4222135,9.819134010745493,9
4222141,9.902443312765179,6
4222148,9.861956227704388,7
4222155,9.873806397354342,7
4222158,9.968277213408172,3
4222165,9.875592447581552,7
4222171,9.886366690487067,6
4222186,9.64619823889914,15
4222197,9.753457138206523,11
4222204,9.87060769269997,7
4222209,9.931577931798389,5
4222214,9.908829833337904,5
4222220,9.899187892362695,6
4222232,9.748021830101766,12
4222244,9.766889960186694,12
4222257,9.705213189892431,13
4222261,9.943406371108255,4
4222276,9.706929965507054,15
4222284,9.862026389089582,8
4222301,9.72020669750214,17
4222310,9.815168617891821,9
4222315,9.91462291030486,5
4222324,9.799734221698284,9
4222332,9.846903446683257,8
4222337,9.93443883517404,5
4222359,9.452401577962199,22
4222367,9.868153954336535,8
4222371,9.936166261949289,4
4222377,9.898902245524663,6
4222379,9.985088412709386,2
4222401,9.440003499467753,22
4222408,9.87128391774523,7
4222415,9.862552813132936,7
4222420,9.913539556161789,5
4222920,-16.12666082516392,500
4223420,-218.91364941276865,500
4223423,9.968056754698935,3
4223427,9.940069451078969,4
4223435,9.826543374860247,8
4223439,9.939126889358002,4
4223447,9.85955979424965,8
4223448,10.0,1
4223457,9.841511481437873,9
4223465,9.848936785886643,8
4223475,9.81907543743301,10
4223481,9.908359740716454,6
4223485,9.934369474145422,4
4223495,9.799799376261861,10
4223498,9.960558960256268,3
4223507,9.8465505522984,9
4223523,9.626120032851528,16
4223525,9.981100419708131,2
4223526,10.0,1
4223531,9.9095851577288,5
4223536,9.924816133542688,5
4223543,9.796071344438538,7
4223553,9.801432848847806,10
4223556,9.955821648099857,3
4223559,9.964057689306559,3
4223566,9.890514697287191,7
4223580,9.682661016393139,14
4223583,9.961067649736782,3
4223594,9.770188047555118,11
4223611,9.168283373860955,17
4223616,9.924248655138964,5
4223629,9.735388177764566,13
4223632,9.95148511332308,3
4223636,9.735227226505994,4
4223637,9.99289713630577,1
4223647,9.786059775759236,10
4223650,9.965267370708691,3
4223665,9.66552088189109,15
4223680,9.631213015936932,15
4223692,9.719740231682378,12
4223701,9.80021111505766,9
4223707,9.912339889509786,6
4223722,9.641110201509616,15
4223733,9.756238897592699,11
4223743,9.775319919034436,10
4223746,9.954765037237573,3
4223751,9.918792970641562,5
4223755,9.939221701682824,4
4223758,9.966980906787915,3
4223766,9.825158552114665,8
4223776,9.806533277176099,10
4223790,9.716563070602493,14
4223799,9.841902995612697,9
4223810,9.751750749042683,11
4223819,9.80380502626375,9
4223820,9.98901775606114,1
4223832,9.545473657040013,12
4223842,9.808747473657519,10
4223859,9.598028538000882,17
4223863,9.932367190571947,4
4223864,9.996825822853632,1
4223871,9.85786681286565,7
4223879,9.85343741105967,8
4223880,10.0,1
4223881,10.0,1
4223882,9.988421156806224,1
4223886,9.927684351618913,4
4223899,9.730309928681146,13
4223902,9.952220958670269,3
4223906,9.94194294485055,4
4223913,9.868582529731789,7
4223917,9.938251497554877,4
4223930,9.710377822917339,13
4223939,9.79107304021093,9
4223948,9.80904234777651,9
4223954,9.884577152532438,6
4223963,9.833701508868515,9
4223970,9.862716205502275,7
4223971,10.0,1
4223980,9.834419144855111,9
4223992,9.755408248706988,12
4223998,9.878664264936262,6
4224003,9.921981351180523,5
4224014,9.546493678384603,11
4224022,9.857390713188757,8
4224023,9.989393648922077,1
4224031,9.848637896659202,8
4224032,10.0,1
4224037,9.91712760506745,5
4224043,9.891130872773637,6
4224044,9.992552864833353,1
4224045,10.0,1
4224060,9.653468270757527,15
4224068,9.83339406557502,8
4224075,9.88249133494878,7
4224082,9.896913957260868,7
4224093,9.757930376000404,11
4224097,9.936509556188884,4
4224113,9.729040652751383,16
4224124,9.748473828945857,11
4224142,9.598926439325453,18
4224149,9.878016937255389,7
4224154,9.91554612210236,5
4224160,9.895547850608109,6
4224165,9.907267610303617,5
4224172,9.860003533493558,7
4224176,9.923897308853567,4
4224180,9.952503039932731,4
4224191,9.755444189340897,11
4224201,9.720993818310326,10
4224209,9.841455385281664,8
4224215,9.894832014154062,6
4224226,9.767657228064802,11
4224234,9.853574266765007,8
4224247,9.696738008944811,13
4224248,10.0,1
4224256,9.840459529481715,8
4224265,9.815409932501035,9
4224278,9.702315813323612,13
4224279,10.0,1
4224283,9.944677121622107,4
4224284,10.0,1
4224285,10.0,1
4224286,10.0,1
4224287,10.0,1
4224295,9.846815872603647,8
4224303,9.73536208956147,8
4224313,9.804767944623116,10
4224322,9.803955700976033,9
4224328,9.888594907610369,6
4224336,9.845042403268371,8
4224337,10.0,1
4224338,10.0,1
4224339,10.0,1
4224340,10.0,1
4224349,9.83360493954417,9
4224363,9.707295796271739,14
4224372,9.811221664018177,9
4224378,9.910748812921094,6
4224384,9.797144456711896,6
4224390,9.910162728409738,6
4224396,9.899612667931404,6
4224404,9.846442972557059,8
4224410,9.90661299006753,6
4224424,9.666909759370144,14
4224433,9.818605476909195,9
4224444,9.75782581179353,11
4224463,9.585803889790371,19
4224473,9.778515262304623,10
4224482,9.82973096114693,9
4224498,9.616935410137133,16
4224503,9.905593336613927,5
4224507,9.941753976757418,4
4224522,9.64730362924239,15
4224527,9.902483118544556,5
4224539,9.734296220142038,12
4224552,9.701426971598545,13
4224557,9.914651574709996,5
4224564,9.880800045501672,7
4224565,10.0,1
4224574,9.822905595957286,9
4224591,9.630406062080946,17
4224598,9.871889958267785,7
4224610,9.694544767547722,12
4224615,9.91287428181605,5
4224616,10.0,1
4224629,9.719289754449198,13
4224630,10.0,1
4224637,9.881329267942734,7
4224641,9.930733139958056,4
4224649,9.838359993123065,8
4224662,9.72398835028733,13
4224672,9.797010745449608,10
4224686,9.696697295303588,14
4224692,9.88513434968087,6
4224701,9.83312935919761,9
4224708,9.88104198548507,7
4224719,9.740114955299736,11
4224720,9.995852028737632,1
4224721,10.0,1
4224725,9.746330278376561,4
4224729,9.941438237430988,4
4224737,9.851250860922617,8
4224751,9.73257644848312,14
4224766,9.70134177574894,15
4224779,9.690059851935354,13
4224786,9.782023698373578,7
4224791,9.918113650386587,5
4224798,9.88805042218237,7
4224801,9.956654782595043,3
4224802,10.0,1
4224807,9.918260711112094,5
4224815,9.815735301861817,8
4224827,9.748484387129317,12
4224835,9.83456599193657,8
4224845,9.796891447035993,10
4224846,10.0,1
4224854,9.840715222296847,8
4224856,9.977045729212726,2
4224861,9.912048028542275,5
4224866,9.924483542745332,5
4224877,9.800239276485962,11
4224888,9.805870735316592,11
4224903,9.66110621360928,15
4224906,9.966541211858349,3
4224907,10.0,1
4224914,9.853045054744054,7
4224925,9.782250740159904,11
4224937,9.748934514580244,12
4224938,9.992509259191664,1
4224952,9.692961291456438,14
4224961,9.82797395831885,9
4224968,9.898844640161737,7
4224976,9.865649544818016,8
4224987,9.761430090360419,11
4224999,9.728073646938652,12
4225007,9.845943517029179,8
4225018,9.743492536066281,11
4225019,10.0,1
4225027,9.845902115730004,8
4225073,-6.616709951010144,46
4225076,9.65330297692866,3
4225088,9.734506294365891,12
4225091,9.958832341454128,3
4225100,9.829698940359775,9
4225109,9.812851593055658,9
4225121,9.762992629070885,12
4225127,9.897308374076921,6
4225143,9.656071903729776,16
4225148,9.91358913048209,5
4225156,9.822197057556929,8
4225162,9.883195016231376,6
4225167,9.9155641811648,5
4225175,9.880574038101857,8
4225191,9.52940396316736,16
4225192,10.0,1
4225201,9.807376655495391,9
4225208,9.873288523613684,7
4225215,9.880401663573757,7
4225220,9.903523794009264,5
4225228,9.851998238893799,8
4225235,9.863338750420041,7
4225244,9.81393876691222,9
4225250,9.867271099208166,6
4225261,9.773069950739835,11
4225269,9.831699919459941,8
4225284,9.68099598893057,15
4225298,9.696765762478115,14
4225306,9.847453004131859,8
4225323,9.596550116727153,17
4225328,9.914916930646497,5
4225332,9.940469138727968,4
4225341,9.80041663240423,9
4225352,9.769834567837064,11
4225365,9.696145666429627,13
4225369,9.944530607440484,4
4225374,9.91397030920554,5
4225381,9.872746988313374,7
4225392,9.773907577789215,11
4225401,9.736700002613937,9
4225404,9.960561425399774,3
4225413,9.82395605610416,9
4225418,9.913436064957834,5
4225422,9.939950036580022,4
4225423,10.0,1
4225425,9.980111390082433,2
4225431,9.897100492796683,6
4225439,9.867206071000798,8
4225446,9.868179057883141,7
4225447,10.0,1
4225455,9.846257747225515,8
4225458,9.971308516352224,3
4225469,9.769326854354688,11
4225479,9.770375176834792,10
4225480,10.0,1
4225489,9.83416794697503,9
4225500,9.747926821196767,11
4225507,9.858937632060467,7
4225514,9.868999071757242,7
4225522,9.845678261538719,8
4225534,9.737394273013711,12
4225538,9.929587721820157,4
4225541,9.958004133004339,3
4225556,9.698834182616435,15
4225561,9.918820067058224,5
4225566,9.911316335429868,5
4225567,10.0,1
4225572,9.927870768529093,5
4225577,9.91818397736124,5
4225578,10.0,1
4225584,9.894511499232946,6
4225595,9.755088957494285,11
4225604,9.80263439153475,9
4225610,9.900776743438882,6
4225615,9.921091183265595,5
4225631,9.413062368385265,16
4225648,9.594344230094123,17
4225650,9.982913684906679,2
4225654,9.93682311222162,4
4225661,9.854879454848506,7
4225671,9.785083160819799,10
4225676,9.932175435288578,5
4225688,9.760487393600732,12
4225697,9.827785291489226,9
4225706,9.810603700322389,9
4225710,9.940289291367986,4
4225720,9.77308179141643,10
4225727,9.878491068743275,7
4225738,9.755971080527154,11
4225742,9.934636704934192,4
4225746,9.944660098413888,4
4225755,9.800363050143963,9
4225756,10.0,1
4225771,9.697962760041033,15
4225772,10.0,1
4225785,9.722884151287026,13
4225799,9.682361443451041,14
4225803,9.952190388441593,4
4225814,9.777342341771865,11
4225819,9.9096434915104,5
4225821,9.979180479432118,2
4225826,9.926066325797137,5
4225827,9.992983786216639,1
4225835,9.83444293965842,8
4225841,9.894345938037963,6
4225860,9.507251174976465,19
4225862,9.972280699934988,2
4225868,9.880150563181493,6
4225872,9.938739550561358,4
4225881,9.805323308138938,9
4225887,9.805365970305386,6
4225894,9.878831840482562,7
4225904,9.807556625546887,10
4225908,9.931154368406663,4
4225917,9.81404004812151,9
4225922,9.913611203567712,5
4225957,9.252794270883856,35
4225965,9.856382379108508,8
4225975,9.79056431843811,10
4225986,9.770270107098408,11
4225987,10.0,1
4225993,9.892469425191049,6
4225999,9.879071572759525,6
4226005,9.884101189777935,6
4226013,9.862345691644428,8
4226018,9.914712426942138,5
4226019,10.0,1
4226026,9.848464620759124,7
4226034,9.820469710497544,8
4226039,9.909526872734297,5
4226051,9.720492564590234,12
4226057,9.898842632302872,6
4226058,10.0,1
4226062,9.93827377125631,4
4226070,9.82986251826544,8
4226078,9.859597146606411,8
4226079,10.0,1
4226089,9.787228269200758,10
4226094,9.904425042575294,5
4226112,9.63351754655552,18
4226120,9.85932522842045,8
4226136,9.653587759048495,16
4226148,9.757337394459098,12
4226149,10.0,1
4226158,9.821188101555155,9
4226159,9.992825612279338,1
4226166,9.87793504629195,7
4226174,9.843622440328499,8
4226179,9.91023694649836,5
4226189,9.827986988117836,10
4226190,10.0,1
4226202,9.721663547477952,12
4226211,9.820812460662284,9
4226224,9.689908169405545,13
4226236,9.76373384945536,12
4226247,9.795536059334,11
4226251,9.933163125999835,4
4226264,9.728140682191075,13
4226276,9.73801336267202,12
4226277,10.0,1
4226283,9.884126594108771,6
4226297,9.592279798784503,14
4226309,9.713704100377209,12
4226310,10.0,1
4226321,9.731867997772826,11
4226325,9.943090007279018,4
4226333,9.852446206148892,8
4226340,9.847295919417245,7
4226353,9.764900504201787,13
4226360,9.858320250147589,7
4226361,10.0,1
4226365,9.946617537548505,4
4226370,9.918669133961227,5
4226374,9.938395003199057,4
4226387,9.71545592039911,13
4226399,9.729026787557727,12
4226404,9.909686431763111,5
4226414,9.796520186048687,10
4226415,10.0,1
4226422,9.87605064916877,7
4226427,9.908093378473207,5
4226430,9.948150249386298,3
4226442,9.73743530780867,12
4226455,9.723580346067008,13
4226456,10.0,1
4226468,9.777053825645142,12
4226470,9.97792336352609,2
4226477,9.882617221581535,7
4226482,9.923939357101647,5
4226493,9.743125536603117,11
4226501,9.857926180473774,8
4226502,10.0,1
4226513,9.778352131781897,11
4226514,10.0,1
4226529,9.661847451522792,15
4226541,9.64638799659268,12
4226552,9.74663217674567,11
4226558,9.870271844902163,6
4226570,9.741961383890045,12
4226571,10.0,1
4226581,9.804274425154802,10
4226585,9.941434160088265,4
4226599,9.710853272565293,14
4226606,9.863304667996882,7
4226616,9.814396248998465,10
4226622,9.90795462710608,6
4226628,9.884239490881109,6
4226634,9.870056906963075,6
4226636,9.979402080014339,2
4226649,9.698342450969857,13
4226677,9.294465023530167,28
4226688,9.788854377678206,11
4226689,10.0,1
4226704,9.699446250301877,15
4226706,9.978488051025646,2
4226710,9.942114921015127,4
4226719,9.797652982202008,9
4226727,9.857989913437791,8
4226743,9.650081185049176,16
4226754,9.78255222349039,11
4226763,9.80839062876066,9
4226764,10.0,1
4226780,9.64331264579181,16
4226791,9.821183964031276,11
4226793,9.979956179544141,2
4226805,9.7308788683222,12
4226806,10.0,1
4226818,9.765611315493343,12
4226820,9.97387871014853,2
4226830,9.785793405443455,10
4226835,9.901304760444754,5
4226836,10.0,1
4226848,9.75694515288857,12
4226850,9.983878310129636,2
4226854,9.93003876252231,4
4226860,9.790481596164497,6
4226865,9.911871631786996,5
4226866,9.99611941214785,1
4226874,9.841975474616135,8
4226875,10.0,1
4226885,9.766625537616317,10
4226886,10.0,1
4226893,9.888780852731792,7
4226894,10.0,1
4226905,9.801138509185774,11
4226916,9.773239322324264,11
4226924,9.866529631713348,8
4226925,10.0,1
4226934,9.814225717196688,9
4226935,10.0,1
4226936,10.0,1
4226945,9.827290170503229,9
4226958,9.655732567123746,13
4226963,9.913769156645726,5
4226966,9.958598309376613,3
4226972,9.90041374729317,6
4226986,9.402877336952049,14
4226994,9.835424406697703,8
4226997,9.954682326135195,3
4227007,9.796725190169164,10
4227017,9.80087034311628,10
4227018,10.0,1
4227019,10.0,1
4227029,9.78064164435783,10
4227043,9.680998466464818,14
4227048,9.91735005853648,5
4227062,9.671613284702786,14
4227064,9.973621864799977,2
4227070,9.89429632057026,6
4227080,9.790855692600521,10
4227086,9.805110639306388,6
4227087,10.0,1
4227098,9.764391568926895,11
4227101,9.970057186189528,3
4227102,10.0,1
4227103,10.0,1
4227110,9.873779641316029,7
4227123,9.752353893965864,13
4227131,9.851523689608202,8
4227144,9.705003307655797,13
4227154,9.814045482603193,10
4227171,9.592765206469092,17
4227179,9.854756348463843,8
4227189,9.795384647341761,10
4227197,9.860485051494146,8
4227207,9.79509787656528,10
4227211,9.933041323231878,4
4227223,9.75069984386294,12
4227241,9.617586446520162,18
4227252,9.755135693814898,11
4227262,9.78780489765461,10
4227273,9.77012773591118,11
4227283,9.800026475077845,10
4227288,9.929241540629821,5
4227297,9.827864104208436,9
4227300,9.959806294664403,3
4227306,9.893099766121605,6
4227318,9.719858779698331,12
4227325,9.866165984948596,7
4227335,9.779321026235403,10
4227342,9.90531247636277,7
4227351,9.72462717541499,9
4227360,9.849184129575722,9
4227366,9.899988526531425,6
4227368,9.971918750060594,2
4227371,9.954189889169067,3
4227377,9.898682371835127,6
4227386,9.808359154093099,9
4227394,9.835001734839892,8
4227404,9.83016314848518,10
4227409,9.923765838661591,5
4227414,9.921744277044501,5
4227416,9.978046535359628,2
4227419,9.957532577780665,3
4227424,9.904085989073721,5
4227432,9.871277207674641,8
4227441,9.816944198157328,9
4227451,9.784509042715896,10
4227460,9.800133966161809,9
4227465,9.714745495629087,5
4227471,9.885926133034825,6
4227477,9.902090896288474,6
4227481,9.94363424169058,4
4227498,9.628718621795281,17
4227504,9.90822396639408,6
4227514,9.812156217047901,10
4227516,9.985684605669721,2
4227522,9.887136125815019,6
4227528,9.894168319432552,6
4227529,10.0,1
4227540,9.569019201694408,11
4227556,9.638994225398585,16
4227565,9.808949790581293,9
4227575,9.801452172999227,10
4227580,9.92464866583802,5
4227584,9.840745834954417,4
4227589,9.913707129203148,5
4227608,9.561758709061506,19
4227617,9.818324462760419,9
4227622,9.905305938993752,5
4227635,9.743849130073032,13
4227645,9.783125365580418,10
4227659,9.673301179931535,14
4227666,9.87201177453909,7
4227668,9.98388675621864,2
4227677,9.790494288176774,9
4227683,9.899825231093354,6
4227694,9.772941309565825,11
4227702,9.858574563078456,8
4227710,9.849007322329172,8
4227711,9.996279711798763,1
4227724,9.705788390177858,13
4227730,9.884183522925571,6
4227739,9.821261010912808,9
4227740,10.0,1
4227743,9.96183113153161,3
4227754,9.756994241641333,11
4227767,9.714062692432625,13
4227771,9.937616675051379,4
4227779,9.855315090281353,8
4227780,10.0,1
4227789,9.843379598771808,9
4227796,9.879819862167977,7
4227803,9.874809892311417,7
4227811,9.869439483734986,8
4227826,9.695311435045861,15
4227837,9.77472429160463,11
4227851,9.686278611818999,14
4227861,9.796856668949985,10
4227868,9.868029928650254,7
4227874,9.894371906840812,6
4227884,9.78829936925356,10
4227893,9.819862270353822,9
4227903,9.784212251014301,10
4227914,9.780537584187032,11
4227924,9.798294979232464,10
4227931,9.889836117856065,7
4227937,9.887854776160198,6
4227945,9.852238063172964,8
4227952,9.884183814576978,7
4227958,9.90340767598581,6
4227959,10.0,1
4227968,9.807373382972962,9
4227970,9.9708583003636,2
4227980,9.796898403295552,10
4227988,9.84169276264147,8
4227998,9.775735711685117,10
4228003,9.91331553595228,5
4228013,9.790421009749465,10
4228023,9.813470926918571,10
4228035,9.71645069487964,12
4228041,9.89908810583311,6
4228053,9.724769118332317,12
4228058,9.898945133844792,5
4228069,9.767987135675613,11
4228070,10.0,1
4228073,9.967881131288195,3
4228074,9.988595017039751,1
4228079,9.905328118279815,5
4228087,9.848130442239052,8
4228088,10.0,1
4228093,9.913462794149462,5
4228094,10.0,1
4228102,9.836245766723094,8
4228106,9.94309763245628,4
4228115,9.829339597882138,9
4228120,9.933666371297706,5
4228132,9.74030241631031,12
4228138,9.88326900540718,6
4228147,9.791663447889578,9
4228166,9.571613678263297,19
4228175,9.802511174646256,9
4228185,9.821000559374225,10
4228186,10.0,1
4228197,9.786912894391328,11
4228206,9.851078505686948,9
4228210,9.939949951800575,4
4228217,9.863835449843748,7
4228227,9.807177588650589,10
4228244,9.585309725877126,17
4228246,9.984990651277483,2
4228257,9.764928262975118,11
4228261,9.830219362729126,4
4228266,9.91183008779115,5
4228267,10.0,1
4228268,10.0,1
4228275,9.86746743966024,7
4228284,9.84923526533528,9
4228286,9.97221749359054,2
4228293,9.867621764340683,7
4228301,9.829360691192631,8
4228309,9.848851486433944,8
4228316,9.86663885590637,7
4228319,9.971965326925984,3
4228332,9.72159230030551,13
4228339,9.890544368113916,7
4228365,9.413762246395939,26
4228366,9.990233282396796,1
4228372,9.890235526967283,6
4228382,9.71979609189558,10
4228384,9.97802367420628,2
4228388,9.93204228883227,4
4228401,9.722617898925298,13
4228408,9.886022692247755,7
4228420,9.727167596981383,12
4228434,9.702556302979815,14
4228451,9.705895013891082,17
4228459,9.837485277285332,8
4228471,9.772922812448485,12
4228486,9.698303669492818,15
4228491,9.919274126323995,5
4228496,9.914042520496087,5
4228503,9.862771057397259,7
4228510,9.872984974180039,7
4228511,10.0,1
4228514,9.955545769676377,3
4228515,10.0,1
4228520,9.915150236471728,5
4228526,9.888009004600649,6
4228533,9.85919720501408,7
4228537,9.74727328236428,4
4228550,9.717470402172752,13
4228555,9.920524042384109,5
4228556,10.0,1
4228565,9.835428764572322,9
4228572,9.884201657705534,7
4228579,9.877772259452147,7
4228587,9.848407565101704,8
4228594,9.879137802033075,7
4228595,10.0,1
4228602,9.879713145020219,7
4228608,9.901288714383446,6
4228614,9.691281818298005,6
4228615,10.0,1
4228627,9.751943139075639,12
4228642,9.683168667372993,15
4228647,9.911444713712978,5
4228653,9.493037447897256,6
4228661,9.85561712235241,8
4228664,9.956555904803919,3
4228678,9.702953418497028,14
4228690,9.727124306377684,12
4228704,9.70671142189567,14
4228717,9.737877023847904,13
4228730,9.700326877400446,13
4228737,9.857115686452298,7
4228748,9.768339641413784,11
4228749,9.993094010161277,1
4228757,9.857984572452093,8
4228766,9.837076218593326,9
4228776,9.807593781779882,10
4228786,9.789621414152222,10
4228795,9.838711937399864,9
4228805,9.800173214717612,10
4228821,9.666439405149152,16
4228827,9.907047366641777,6
4228836,9.805512936108286,9
4228845,9.82348391320814,9
4228857,9.74951993080665,12
4228870,9.699883646392777,13
4228881,9.757555719706236,11
4228887,9.87615886953993,6
4228895,9.844290144055352,8
4228903,9.82873877222646,8
4228909,9.893055627697386,6
4228910,10.0,1
4228918,9.845314532318563,8
4228929,9.746948375480649,11
4228940,9.769998355181325,11
4228950,9.787028691928805,10
4228958,9.841204335155439,8
4228960,9.978412636284682,2
4228968,9.838280828856933,8
4228976,9.824101130953187,8
4228988,9.745631366803892,12
4228998,9.788031043572458,10
4229009,9.77812843325501,11
4229015,9.89891114443202,6
4229032,9.595899289552817,17
4229046,9.700270304140519,14
4229056,9.790764164467316,10
4229072,9.656525104653415,16
4229078,9.908997734391413,6
4229082,9.945762898828853,4
4229090,9.638182725004604,8
4229100,9.78482353326545,10
4229101,10.0,1
4229109,9.85826315594189,8
4229117,9.85887465998603,8
4229123,9.907771351018908,6
4229136,9.766791748474446,13
4229138,9.98376670795841,2
4229142,9.934068998166246,4
4229156,9.649359960913026,14
4229166,9.67914927852466,10
4229174,9.833769945072541,8
4229182,9.833818865454953,8
4229183,10.0,1
4229184,10.0,1
4229196,9.723554180486826,12
4229205,9.805927435525556,9
4229206,10.0,1
4229230,9.500983162979445,24
4229237,9.881312642839875,7
4229244,9.873372365198215,7
4229249,9.908567352622942,5
4229262,9.714399119035674,13
4229270,9.837159894061047,8
4229272,9.983994993490795,2
4229285,9.690276463807745,13
4229295,9.803388668986415,10
4229312,9.526760144540887,17
4229318,9.01760070204343,6
4229324,9.874680031761796,6
4229328,9.950325544376124,4
4229343,9.685811606759524,15
4229355,9.763218306457517,12
4229364,9.824942644849193,9
4229374,9.78011186511872,10
4229383,9.822170926554648,9
4229393,9.790178557386614,10
4229402,9.793308774617863,9
4229406,9.93952413103689,4
4229414,9.845873251654295,8
4229424,9.813799726973265,10
4229434,9.828925784127984,10
4229445,9.7784416040292,11
4229454,9.792881711324384,9
4229470,9.61917981766336,16
4229483,9.717031554028786,13
4229488,9.925964293696493,5
4229489,9.995675023606664,1
4229500,9.77927402535974,11
4229508,9.853828242846863,8
4229516,9.838142155164398,8
4229527,9.763668749119354,11
4229531,9.945784990984597,4
4229546,9.645918409363988,15
4229554,9.851471278762782,8
4229560,9.909463693340406,6
4229571,9.771552448193155,11
4229583,9.715567166373608,12
4229597,9.698725960569954,14
4229598,10.0,1
4229612,9.675702009194513,14
4229618,9.891008903469565,6
4229624,9.901953849076502,6
4229635,9.813562263229798,11
4229648,9.717917843151197,13
4229652,9.931967025988634,4
4229664,9.737255502411506,12
4229672,9.853130431144068,8
4229676,9.946122769009001,4
4229683,9.85226959787487,7
4229693,9.792981384243355,10
4229702,9.802698572684777,9
4229710,9.837289045379913,8
4229720,9.790491373188896,10
4229724,9.946952238170777,4
4229729,9.911065587227958,5
4229733,9.943188019306424,4
4229739,9.899482202816557,6
4229754,9.663514693197918,15
4229760,9.892952715523574,6
4229765,9.92470503087998,5
4229778,9.693344537708743,13
4229779,10.0,1
4229793,9.675060567415391,14
4229802,9.823312784245156,9
4229815,9.703603416196135,13
4229827,9.719843296692394,12
4229830,9.95650195239325,3
4229841,9.752380248257388,11
4229850,9.836710160636015,9
4229865,9.658816476241505,15
4229878,9.689684995603482,13
4229893,9.64764601626026,15
4229906,9.727313612695665,13
4229920,9.729207158043335,14
4229933,9.719318050285704,13
4229939,9.908358734189662,6
4229942,9.960476555192622,3
4229947,9.920888819553838,5
4229953,9.878198440708267,6
4229963,9.79673630477608,10
4229976,9.71095200005942,13
4229977,10.0,1
4229985,9.848483958545282,8
4229998,9.590220755088014,13
4230010,9.732821317935153,12
4230015,9.914793697360544,5
4230030,9.671673327989954,15
4230040,9.783962337948665,10
4230051,9.760714130754968,11
4230062,9.770734933079295,11
4230068,9.887729728082373,6
4230074,9.901245314077437,6
4230086,9.731401451774598,12
4230092,9.90566892707064,6
4230102,9.786668197539255,10
4230112,9.796399721609001,10
4230127,9.681662039366564,15
4230133,9.8865195562941,6
4230143,9.80629272368576,10
4230152,9.815225236107796,9
4230159,9.872568626695523,7
4230172,9.61421220835233,13
4230184,9.731817308373355,12
4230192,9.828429081195837,8
4230200,9.858047391729215,8
4230211,9.797935323246376,11
4230222,9.77130548567603,11
4230232,9.800905292035381,10
4230243,9.76628743405689,11
4230255,9.729631806743924,12
4230262,9.876362392795464,7
4230269,9.849439543207808,7
4230286,9.605563131558034,17
4230298,9.750151868094713,12
4230303,9.934959348711338,5
4230315,9.724971775496487,12
4230325,9.804442993418322,10
4230336,9.775867394590355,11
4230339,9.954017167747716,3
4230354,9.700386964919748,15
4230363,9.725597629997358,9
4230373,9.804132379753394,10
4230380,9.86105208182616,7
4230389,9.840538905238814,9
4230394,9.812344366913264,5
4230406,9.723469662285272,12
4230418,9.751914389294706,12
4230434,9.650636765051708,16
4230442,9.860691463404835,8
4230453,9.755415491583884,11
4230464,9.7674193579709,11
4230472,9.82878445880075,8
4230478,9.90077927617868,6
4230484,9.902141143630336,6
4230485,9.9967096255291,1
4230495,9.827083838616815,10
4230500,9.942775137079115,5
4230510,9.768136498202491,10
4230530,9.645386107760778,20
4230535,9.91364663766002,5
4230546,9.764612034128227,11
4230556,9.782126335081506,10
4230563,9.858827442450975,7
4230572,9.815472785142763,9
4230587,9.65419515577496,15
4230595,9.85704785704667,8
4230600,9.933725852886354,5
4230611,9.652146227731828,11
4230625,9.669803981704327,14
4230632,9.864805101605802,7
4230639,9.86279329910581,7
4230648,9.806983942136787,9
4230650,9.972979138862119,2
4230662,9.76683640495245,12
4230663,9.992712043144781,1
4230664,10.0,1
4230667,9.956069898605051,3
4230674,9.889538482731073,7
4230687,9.715526275627177,13
4230692,9.918410011909607,5
4230700,9.853128360620977,8
4230710,9.76288196484514,10
4230720,9.802143561824622,10
4230733,9.751944594367178,13
4230741,9.824270365938778,8
4230751,9.594062083754887,10
4230752,10.0,1
4230763,9.69879971455472,11
4230768,9.911604253017854,5
4230771,9.958154815233563,3
4230772,10.0,1
4230785,9.696096388774382,13
4230798,9.511883623761214,13
4230805,9.863002650459034,7
4230811,9.895926220083027,6
4230820,9.799906195913286,9
4230824,9.935109034100222,4
4230831,9.877718090877888,7
4230840,9.826726034030477,9
4230845,9.901191663709099,5
4230854,9.847467769572322,9
4230856,9.973365832010025,2
4230867,9.740223725009054,11
4230877,9.76426208723252,10
4230888,9.779170022366056,11
4230898,9.783128979512357,10
4230899,10.0,1
4230905,9.90258483761915,6
4230916,9.759536336482416,11
4230922,9.889778713666814,6
4230926,9.922814735603987,4
4230936,9.784674520010219,10
4230945,9.61705946283255,9
4230958,9.703967945361795,13
4230970,9.721104614702822,12
4230973,9.958958633684114,3
4230977,9.927364966759715,4
4230989,9.723885665115121,12
4230996,9.884292305177947,7
4231004,9.821018332102005,8
4231015,9.772198801655936,11
4231026,9.756016249464832,11
4231029,9.962543617079003,3
4231039,9.79273716105646,10
4231052,9.31571422220286,13
4231059,9.860024174725359,7
4231070,9.77298306500967,11
4231076,9.910906192360992,6
4231086,9.79269601863034,10
4231096,9.774889889863687,10
4231108,9.736475371229265,12
4231112,9.945180899780665,4
4231126,9.691287232812716,14
4231127,10.0,1
4231131,9.936891179682778,4
4231140,9.804436529410118,9
4231144,9.943586625281966,4
4231155,9.776396807610826,11
4231158,9.962087425589734,3
4231162,9.938348366096639,4
4231169,9.839896983487506,7
4231170,10.0,1
4231176,9.885693466865247,6
4231184,9.85975594416113,8
4231186,9.985428405760361,2
4231192,9.90093989669448,6
4231204,9.736659330448399,12
4231215,9.758108001566114,11
4231223,9.837994048462813,8
4231233,9.794151479120714,10
4231244,9.654090724992543,11
4231260,9.630803381537786,16
4231266,9.903768015443218,6
4231267,10.0,1
4231275,9.850089568551141,8
4231281,9.893064900022768,6
4231284,9.967730420899748,3
4231300,9.643875236619987,16
4231306,9.893193551013008,6
4231315,9.79575626100099,9
4231319,9.92344270446997,4
4231327,9.852326143763051,8
4231336,9.844299800964043,9
4231337,10.0,1
4231348,9.732639917821805,11
4231357,9.821404271104177,9
4231363,9.89130831556531,6
4231375,9.750042519616748,12
4231382,9.866387546685083,7
4231385,9.971355279380582,3
4231391,9.905327387017039,6
4231403,9.736687886327704,12
4231410,9.867815304382466,7
4231422,9.703075897410566,12
4231427,9.92391929448158,5
4231436,9.821999625003805,9
4231444,9.83459865828726,8
4231458,9.725452302006458,14
4231470,9.726193374160415,12
4231483,9.697939019223698,13
4231491,9.85972617434267,8
4231499,9.85193585979092,8
4231505,9.877846064065583,6
4231509,9.943896544016269,4
4231522,9.709218437869605,13
4231526,9.93225822009794,4
4231538,9.744124374278938,12
4231539,10.0,1
4231544,9.91502820893817,5
4231549,9.914489990885322,5
4231559,9.799045166394988,10
4231560,9.99227636204107,1
4231571,9.79006374459963,11
4231580,9.827770687872306,9
4231585,9.900334792453569,5
4231586,10.0,1
4231593,9.857258265185715,7
4231597,9.92870119754767,4
4231602,9.899616034406131,5
4231607,9.920114988537543,5
4231608,10.0,1
4231620,9.747472250325263,12
4231632,9.716818232206519,12
4231637,9.923446128378092,5
4231648,9.777544795287893,11
4231649,10.0,1
4231660,9.773507968849069,11
4231671,9.77107857920956,11
4231681,9.78186623317155,10
4231691,9.807769785847166,10
4231698,9.885555901812044,7
4231709,9.644314413485567,11
4231716,9.88540097211218,7
4231727,9.770997538095774,11
4231738,9.760448360026784,11
4231742,9.943006219081527,4
4231751,9.804698173233618,9
4231757,9.89702221731778,6
4231765,9.836213074339502,8
4231771,9.899837624534522,6
4231777,9.89763176408282,6
4231784,9.876155618893595,7
4231785,10.0,1
4231790,9.90372429323825,5
4231791,10.0,1
4231806,9.661273242859266,15
4231809,9.951205741459052,3
4231812,9.966276525732273,3
4231814,9.975365453874815,2
4231822,9.855046458950785,8
4231829,9.865221812883071,7
4231832,9.757965545794551,3
4231833,10.0,1
4231840,9.878753823924393,7
4231842,9.983688788851799,2
4231844,9.978772751250023,2
4231854,9.797841983023085,10
4231865,9.787974256477362,11
4231876,9.828765566384345,11
4231877,10.0,1
4231883,9.90953930444643,6
4231888,9.91104397593114,5
4231899,9.794850231074955,11
4231907,9.840800413365224,8
4231915,9.857764041885405,8
4231921,9.890519482721995,6
4231931,9.807933922653035,10
4231945,9.706690048103942,14
4231951,9.897920203697089,6
4231962,9.747056259193359,11
4231969,9.877763087727267,7
4231972,9.958592148544609,3
4231977,9.934427775221472,5
4231992,9.657957156308097,15
4232002,9.783729916210316,10
4232015,9.717985552606606,13
4232028,9.735098647752336,13
4232037,9.842144769318205,9
4232050,9.695604559593129,13
4232061,9.764910892110098,11
4232072,9.746893491415696,11
4232081,9.842336189650364,9
4232087,9.905930910769634,6
4232093,9.910048145585842,6
4232105,9.763375162168417,12
4232106,10.0,1
4232107,10.0,1
4232117,9.82288666381104,10
4232123,9.886987897225884,6
4232127,9.939018206170037,4
4232128,10.0,1
4232137,9.81820789452185,9
4232138,10.0,1
4232147,9.815194735484257,9
4232148,10.0,1
4232149,10.0,1
4232153,9.929476652631836,4
4232166,9.713615672744226,13
4232178,9.776992424608718,12
4232192,9.69749745518207,14
4232200,9.846372456211048,8
4232207,9.879925006157906,7
4232215,9.844937411137069,8
4232222,9.870964503105952,7
4232237,9.559593360623214,15
4232244,9.862652248127198,7
4232250,9.887181044041094,6
4232254,9.94779329223586,4
4232260,9.880460042074441,6
4232268,9.858885506474632,8
4232276,9.831584515517592,8
4232285,9.863969201956174,9
4232296,9.768224135217404,11
4232301,9.918352940350712,5
4232311,9.790588226432277,10
4232321,9.803355827186552,10
4232338,9.620050466557105,17
4232340,9.976025147177074,2
4232349,9.800669098026408,9
4232356,9.860244785491926,7
4232362,9.878509275034146,6
4232365,9.948020730457532,3
4232374,9.815520847510887,9
4232389,9.662981134220809,15
4232391,9.974109626598512,2
4232401,9.801753538793927,10
4232406,9.897408071426842,5
4232419,9.719832359732548,13
4232425,9.884031560070074,6
4232426,10.0,1
4232435,9.805061937382824,9
4232440,9.925814718897916,5
4232454,9.683034025589034,14
4232455,9.991884109607348,1
4232456,9.9965827563779,1
4232464,9.82309467891392,8
4232475,9.763876934622417,11
4232482,9.845417040959406,7
4232495,9.712382089949083,13
4232505,9.813360264886937,10
4232507,9.977653741206622,2
4232513,9.90557137305178,6
4232523,9.795756715463522,10
4232542,9.556812158388697,19
4232551,9.824331258438113,9
4232560,9.828953414409256,9
4232570,9.809851415983669,10
4232581,9.744981465398304,11
4232593,9.731947711180023,12
4232598,9.906251093878664,5
4232607,9.827700257867878,9
4232618,9.778801457021013,11
4232619,10.0,1
4232620,10.0,1
4232630,9.807400652264713,10
4232634,9.930115371085545,4
4232637,9.955945752012385,3
4232652,9.683277922625642,15
4232654,9.970768356272911,2
4232661,9.869371556593503,7
4232667,9.888490198256308,6
4232679,9.741822570922903,12
4232680,10.0,1
4232695,9.730564266183006,15
4232709,9.690535711822061,14
4232715,9.890691501726105,6
4232722,9.873743257281662,7
4232728,9.890170693101947,6
4232737,9.790439400193367,9
4232745,9.876175006798427,8
4232752,9.89564402704856,7
4232761,9.81087321096691,9
4232768,9.861536443370326,7
4232776,9.850297879516702,8
4232786,9.828236316052179,10
4232790,9.94451676512411,4
4232798,9.84483237225017,8
4232803,9.922480081223942,5
4232814,9.77729535698271,11
4232827,9.710643303254612,13
4232833,9.89172947810781,6
4232837,9.937718665486367,4
4232838,10.0,1
4232850,9.732324905627129,12
4232859,9.8251340254178,9
4232875,9.658162334485088,16
4232890,9.651586661046554,15
4232906,9.642100602542353,16
4232921,9.6655150256855,15
4232929,9.850401928954389,8
4232944,9.672830449812654,15
4232952,9.83953524636234,8
4232963,9.802438451274478,11
4232967,9.935975771728147,4
4232980,9.78376228024217,13
4232987,9.887521289114662,7
4232997,9.788775272348058,10
4233004,9.885959380736844,7
4233007,9.964186798151093,3
4233008,9.988367949330325,1
4233016,9.83553491810777,8
4233019,9.971224515886423,3
4233027,9.843285754906708,8
4233035,9.833007750793751,8
4233044,9.801922817155033,9
4233045,10.0,1
4233048,9.947471304960228,3
4233053,9.904935560085494,5
4233055,9.971333842749827,2
4233068,9.691088693283344,13
4233073,9.914395368896383,5
4233087,9.679546057587748,14
4233100,9.744285102392391,13
4233111,9.766852008635647,11
4233119,9.858313776389753,8
4233125,9.87340209415132,6
4233135,9.783852546889229,10
4233138,9.955327174176366,3
4233143,9.921711927151458,5
4233144,9.992329129640524,1
4233152,9.846284572730733,8
4233167,9.65238672828684,15
4233174,9.849839820131267,7
4233180,9.885988659131504,6
4233187,9.849918400090345,7
4233196,9.816629510568623,9
4233207,9.751555531149018,11
4233214,9.852525697128483,7
4233226,9.761632986558656,12
4233231,9.91451325212792,5
4233244,9.714370878603564,13
4233251,9.871692969504032,7
4233258,9.660766870550182,7
4233265,9.859313380053685,7
4233278,9.697377181599194,13
4233279,10.0,1
4233290,9.701785161565674,11
4233302,9.71858668787283,12
4233311,9.836057374284538,9
4233321,9.796701224178952,10
4233328,9.86033009214209,7
4233336,9.835788297584173,8
4233342,9.887475463091128,6
4233355,9.706784727220215,13
4233366,9.788970850271067,11
4233369,9.965849045978521,3
4233370,10.0,1
4233371,10.0,1
4233375,9.741476554492504,4
4233387,9.631804941623368,12
4233395,9.845286567061867,8
4233396,10.0,1
4233405,9.848262258264944,9
4233445,9.152288129078265,40
4233447,9.979323577902347,2
4233460,9.699463692479014,13
4233469,9.837855023922243,9
4233479,9.783038070478597,10
4233484,9.908226210619532,5
4233490,9.918477898728135,6
4233497,9.870526770101892,7
4233498,9.993192296107964,1
4233511,9.709917004601252,13
4233521,9.62013656992506,10
4233529,9.837481838749516,8
4233538,9.80892616271795,9
4233547,9.825706199826508,9
4233555,9.832843378066972,8
4233562,9.890754226855003,7
4233574,9.725003232095508,12
4233580,9.909606936554619,6
4233588,9.842046860879734,8
4233597,9.798535831863758,9
4233602,9.913400153157358,5
4233605,9.967402140348803,3
4233609,9.948998616355196,4
4233610,10.0,1
4233615,9.926219846870612,5
4233623,9.847012895187245,8
4233633,9.77722034028341,10
4233643,9.808629150765045,10
4233656,9.735118926284299,13
4233670,9.727556649734607,14
4233671,10.0,1
4233673,9.976243443451613,2
4233687,9.70730996722693,14
4233692,9.910594564290511,5
4233698,9.87636332577663,6
4233708,9.799431361583634,10
4233723,9.6406752138316,15
4233734,9.742590546810067,11
4233735,10.0,1
4233745,9.780932175704486,10
4233752,9.882446589873663,7
4233757,9.925911164046909,5
4233765,9.817515746053369,8
4233774,9.809386634147135,9
4233784,9.780823337615091,10
4233789,9.922921195150842,5
4233797,9.854228783591664,8
4233809,9.751566780731316,12
4233819,9.623118669172271,10
4233832,9.698243753798028,13
4233841,9.817375874932894,9
4233842,9.992068371638567,1
4233851,9.803763507995722,9
4233863,9.750047507237445,12
4233870,9.855832198033745,7
4233879,9.838546852613474,9
4233890,9.78992332937458,11
4233899,9.828143265911336,9
4233912,9.703778492742682,13
4233913,10.0,1
4233923,9.791837419172653,10
4233926,9.9624638238439,3
4233931,9.920371505044152,5
4233939,9.851375394633042,8
4233940,10.0,1
4233943,9.969251879703792,3
4233950,9.857472217426901,7
4233959,9.82202254054559,9
4233965,9.898104465031711,6
4233970,9.925819469761322,5
4233982,9.762360854843042,12
4233983,10.0,1
4233994,9.474590513498446,11
4233999,9.902496870123512,5
4234000,10.0,1
4234005,9.904209147911734,5
4234007,9.975851521795944,2
4234008,9.996101549989058,1
4234009,10.0,1
4234018,9.83024825115926,9
4234030,9.718566926550247,12
4234033,9.964004010697762,3
4234037,9.944498264385734,4
4234043,9.887942780461522,6
4234050,9.880999341657589,7
4234051,10.0,1
4234059,9.84748659991636,8
4234062,9.958165198401145,3
4234082,9.51482808721969,20
4234099,9.598717792692536,17
4234105,9.905821707681902,6
4234121,9.632145954896501,16
4234131,9.778698812056104,10
4234140,9.850778829500799,9
4234150,9.691090702604603,10
4234159,9.80737883639488,9
4234160,10.0,1
4234170,9.801009640744663,10
4234181,9.783143474424618,11
4234189,9.838317347242398,8
4234201,9.741971221414763,12
4234214,9.716624051951179,13
4234221,9.866936325556878,7
4234226,9.935854684904882,5
4234232,9.895568499376123,6
4234241,9.836109090549982,9
4234248,9.87385766231272,7
4234262,9.739279739869136,14
4234269,9.872579109726239,7
4234277,9.810461389837414,8
4234288,9.79200643093456,11
4234293,9.92665900989718,5
4234301,9.825974298108308,8
4234316,9.675908168394189,15
4234323,9.848491264845274,7
4234327,9.940326436958452,4
4234332,9.908737407878403,5
4234341,9.832535870013137,9
4234355,9.698200605298052,14
4234364,9.824623027718175,9
4234376,9.723454061858158,12
4234385,9.826328369970238,9
4234388,9.952504312503619,3
4234401,9.73663550416206,13
4234408,9.877844996628072,7
4234414,9.879801996679188,6
4234415,9.996250127987471,1
4234423,9.836562690247515,8
4234436,9.706842804221646,13
4234440,9.943814258561378,4
4234450,9.783893977257424,10
4234451,10.0,1
4234453,9.985398507598564,2
4234467,9.600755633752549,14
4234480,9.717175204516135,13
4234488,9.847423887579273,8
4234503,9.662007447277647,15
4234518,9.669684639540744,15
4234526,9.835163004700332,8
4234532,9.919704358142793,6
4234537,9.907012154444649,5
4234540,9.96748929743243,3
4234550,9.803555918171428,10
4234562,9.75909558360247,12
4234564,9.977165671184803,2
4234570,9.913900907065203,6
4234573,9.969716150438462,3
4234577,9.94181049756802,4
4234583,9.899222035813658,6
4234587,9.946776760416203,4
4234595,9.875337041837756,8
4234612,9.579171383221855,17
4234624,9.729503135210159,12
4234636,9.72675289687778,12
4234651,9.642681567792796,15
4234659,9.830343730448158,8
4234667,9.826533141866399,8
4234675,9.841330674919558,8
4234676,9.988821661496807,1
4234688,9.724934463065384,12
4234690,9.986660716153906,2
4234703,9.716142115997346,13
4234705,9.975089965778663,2
4234715,9.789252226374073,10
4234721,9.876711353145616,6
4234728,9.860279585676114,7
4234740,9.743402097494815,12
4234754,9.691364175229157,14
4234771,9.60217664016575,17
4234776,9.919991103686558,5
4234789,9.691804683372315,13
4234795,9.888095577113784,6
4234802,9.867493753301236,7
4234814,9.79065155223685,12
4234825,9.78118076616564,11
4234826,10.0,1
4234832,9.89039981972108,6
4234848,9.625341593277131,16
4234859,9.785484302565953,11
4234863,9.94014109643065,4
4234864,10.0,1
4234871,9.853903622976103,7
4234879,9.83508862211,8
4234889,9.793169105622907,10
4234902,9.69726446534583,13
4234911,9.821265442177804,9
4234912,10.0,1
4234921,9.852826268123485,9
4234933,9.751907866682176,12
4234939,9.886349077218258,6
4234944,9.914196744288205,5
4234958,9.692743450670086,14
4234966,9.831967697860621,8
4234967,9.996143349101335,1
4234981,9.740312546002162,14
4234997,9.67554348141564,16
4234998,10.0,1
4235009,9.764381530628865,11
4235014,9.917533651085757,5
4235021,9.852391938345692,7
4235025,9.940115070748755,4
4235030,9.91114235196303,5
4235045,9.736299457504105,15
4235047,9.969775614534013,2
4235059,9.731755464247604,12
4235067,9.819846257382798,8
4235074,9.887140658434703,7
4235085,9.775335024613053,11
4235097,9.730852279049538,12
4235105,9.83622038886445,8
4235106,9.991907089234305,1
4235114,9.840717146142763,8
4235129,9.661047001465606,15
4235142,9.729802375661361,13
4235151,9.840873473616298,9
4235158,9.866124174252473,7
4235166,9.850117390973624,8
4235170,9.944225094686974,4
4235174,9.945796378446609,4
4235185,9.73327357589597,11
4235187,9.982602435739091,2
4235193,9.90739816249364,6
4235196,9.955985909825419,3
4235201,9.919864557587458,5
4235209,9.849379455172695,8
4235219,9.79652350560858,10
4235225,9.899855613814175,6
4235237,9.739054950694364,12
4235240,9.956077032385586,3
4235247,9.86965957503683,7
4235249,9.974186144379273,2
4235252,9.964372569251307,3
4235258,9.888492951723508,6
4235259,10.0,1
4235267,9.865653811348833,8
4235276,9.806217701541545,9
4235282,9.889451869770943,6
4235294,9.726614210647934,12
4235302,9.850847960775265,8
4235314,9.757818710014272,12
4235324,9.794210378199766,10
4235344,9.513384995001338,20
4235355,9.75417525020047,11
4235359,9.94439945162142,4
4235360,10.0,1
4235363,9.955206291851798,3
4235364,10.0,1
4235365,10.0,1
4235373,9.846282623198459,8
4235375,9.981123697403728,2
4235384,9.785117156235392,9
4235396,9.743491089787081,12
4235403,9.873109178649202,7
4235414,9.78707845756046,11
4235421,9.67212504753909,7
4235422,10.0,1
4235428,9.891492176508505,6
4235433,9.924294986619746,5
4235439,9.877787926291834,6
4235449,9.797509588992337,10
4235450,9.996259810405558,1
4235460,9.782237039828487,10
4235465,9.920817496335282,5
4235474,9.807114425596868,9
4235482,9.843678839889078,8
4235491,9.831357243407547,9
4235513,9.44387679793372,22
4235514,10.0,1
4235522,9.767833211707465,8
4235536,9.676988885173706,14
4235537,10.0,1
4235545,9.848447887715782,8
4235549,9.940758858238459,4
4235560,9.73920804324623,11
4235563,9.960623911351384,3
4235564,10.0,1
4235570,9.8857088314415,6
4235574,9.922777906870433,4
4235581,9.885374234833682,7
4235592,9.780345559113437,11
4235607,9.671317634080507,15
4235616,9.809504854358527,9
4235623,9.864781236021733,7
4235629,9.895207499636301,6
4235639,9.788437177506205,10
4235650,9.775048349724264,11
4235657,9.863156676155034,7
4235664,9.848016499806587,7
4235670,9.89556993947339,6
4235680,9.794872372754357,10
4235688,9.85975454118937,8
4235697,9.82279495762817,9
4235701,9.936699984268373,4
4235709,9.830798222146266,8
4235716,9.88484766340972,7
4235723,9.872851888775891,7
4235724,10.0,1
4235733,9.829113335325255,9
4235753,9.574522555201531,20
4235760,9.836328869325003,7
4235774,9.67925566873572,14
4235792,9.586842391047895,18
4235803,9.76164802195209,11
4235814,9.755641606291915,11
4235815,10.0,1
4235824,9.816460584647034,9
4235832,9.653641013727801,8
4235836,9.947253811019365,4
4235842,9.897348400711982,6
4235848,9.878039280443282,6
4235855,9.869273364293054,7
4235863,9.830670741447861,8
4235872,9.846230455817,9
4235882,9.806386615442324,10
4235889,9.857198947034266,7
4235899,9.78277747614903,10
4235908,9.799467317216596,9
4235912,9.93804333048913,4
4235913,10.0,1
4235922,9.820603108503006,9
4235926,9.941980268711223,4
4235941,9.693134079294692,15
4235948,9.89317957337574,7
4235955,9.891396749669408,7
4235960,9.92291488871363,5
4235973,9.715904357246824,13
4235979,9.875568567982839,6
4235990,9.773346057720662,11
4236000,9.787872164543286,10
4236009,9.813377149490085,9
4236010,9.989432820602014,1
4236019,9.836251492687396,9
4236029,9.781293722997484,10
4236032,9.95459126805388,3
4236034,9.981682658673195,2
4236042,9.828984454139158,8
4236051,9.815352021485245,9
4236066,9.681663860940622,15
4236074,9.850540907337656,8
4236079,9.909599929950598,5
4236092,9.696583882195686,13
4236099,9.88256459649604,7
4236106,9.852864811396115,7
4236112,9.90254537984953,6
4236116,9.945918036780789,4
4236119,9.95677844713307,3
4236122,9.960626132188773,3
4236129,9.859827369667462,7
4236133,9.951576671871011,4
4236148,9.73667953985091,15
4236155,9.867298102133905,7
4236157,9.98246449306067,2
4236158,9.99635392467939,1
4236165,9.858477020322118,7
4236176,9.755889947453118,11
4236182,9.896286468844568,6
4236193,9.751949759008658,11
4236204,9.815552458881912,11
4236215,9.772286676741198,11
4236221,9.901049169164425,6
4236228,9.888843693141364,7
4236235,9.86476825652597,7
4236242,9.880110923165756,7
4236243,10.0,1
4236244,10.0,1
4236255,9.783889766653001,11
4236270,9.692776172675217,15
4236271,10.0,1
4236277,9.895515342760783,6
4236289,9.726129132156741,12
4236290,10.0,1
4236291,10.0,1
4236297,9.922563269280804,6
4236309,9.727299191279348,12
4236310,9.993276414800274,1
4236312,9.970473875200591,2
4236317,9.9141587560019,5
4236321,9.94026810940013,4
4236322,10.0,1
4236331,9.818676371761415,9
4236340,9.830360264897793,9
4236347,9.880012365702756,7
4236361,9.670347762697096,14
4236370,9.536379610908778,9
4236380,9.790167267425497,10
4236387,9.875124827725577,7
4236397,9.818294176504354,10
4236408,9.762365668858498,11
4236414,9.894411019747125,6
4236423,9.824071474773213,9
4236431,9.828445106303796,8
4236437,9.888210220190038,6
4236443,9.906775216232242,6
4236464,9.551228387572905,21
4236470,9.703827294152065,6
4236482,9.558032282976676,12
4236486,9.944813269852398,4
4236496,9.771205681227304,10
4236498,9.967833205584327,2
4236504,9.905699472869774,6
4236517,9.767462508744671,13
4236518,9.988085455891586,1
4236530,9.703914818865801,12
4236531,9.992427690579323,1
4236532,9.992474035325186,1
4236546,9.658473012880137,14
4236555,9.841295788979801,9
4236562,9.857781055284402,7
4236572,9.770665184287715,10
4236575,9.968203272160515,3
4236580,9.922879130236582,5
4236591,9.799015823385261,11
4236600,9.829576015189975,9
4236605,9.919350022682963,5
4236609,9.73788576247867,4
4236621,9.764280870569431,12
4236624,9.962269917759636,3
4236635,9.744857676110268,11
4236648,9.70345674228193,13
4236651,9.958169667730898,3
4236667,9.57925268975064,16
4236668,10.0,1
4236675,9.869045572228837,7
4236683,9.82532073282842,8
4236692,9.823148300589885,9
4236697,9.914261093920134,5
4236710,9.720563891080289,13
4236715,9.914581980680705,5
4236725,9.780426089825264,10
4236731,9.884034311522313,6
4236740,9.795072835189764,9
4236743,9.95697583627208,3
4236751,9.835813992230857,8
4236757,9.891411324637126,6
4236759,9.984703822251266,2
4236778,9.581259947196914,19
4236784,9.909465123178466,6
4236787,9.96609059323974,3
4236790,9.956883376236593,3
4236803,9.725347872084683,13
4236814,9.774885017703548,11
4236819,9.914203253077716,5
4236832,9.716501020958454,13
4236838,9.899825087109836,6
4236842,9.935509126824885,4
4236843,10.0,1
4236851,9.848797508215602,8
4236865,9.697901808874038,14
4236866,10.0,1
4236867,10.0,1
4236877,9.78767424604306,10
4236881,9.936529172834746,4
4236886,9.920128846043442,5
4236893,9.849700092782177,7
4236896,9.950290122023633,3
4236908,9.723243565170314,12
4236914,9.900594420899502,6
4236925,9.764802468874153,11
4236933,9.85716450866359,8
4236943,9.835790285132473,10
4236954,9.813923163905116,11
4236956,9.985820943938323,2
4236967,9.74000145606007,11
4236972,9.9211758799005,5
4236977,9.928048418338909,5
4236987,9.784687305225544,10
4236994,9.86446611016873,7
4237005,9.673644203980672,11
4237016,9.792219232085012,11
4237022,9.89865470710121,6
4237031,9.811581505530691,9
4237047,9.66313478111075,16
4237052,9.927194497173115,5
4237066,9.69563606867721,14
4237067,9.992677645503827,1
4237071,9.930660963411434,4
4237081,9.782784484827813,10
4237089,9.83825914897997,8
4237096,9.864642918198552,7
4237103,9.878035123411719,7
4237112,9.811024935232473,9
4237116,9.929569279497134,4
4237117,10.0,1
4237118,10.0,1
4237130,9.740362771188599,12
4237135,9.932532616369242,5
4237145,9.81711997149381,10
4237158,9.681139986955626,13
4237168,9.58711272583996,10
4237174,9.895771921596294,6
4237178,9.930384545650286,4
4237187,9.80913742291598,9
4237193,9.90930870886589,6
4237207,9.775895284496578,14
4237211,9.939282155828534,4
4237215,9.924739391741323,4
4237225,9.811832859956553,10
4237231,9.885878079357768,6
4237243,9.737852256753163,12
4237247,9.93063220030715,4
4237256,9.814881564564384,9
4237271,9.637975144753629,15
4237278,9.851899442531046,7
4237287,9.820794557271915,9
4237294,9.8572399149579,7
4237306,9.744316023058527,12
4237310,9.945197217801937,4
4237315,9.92439621710948,5
4237323,9.846524797121225,8
4237341,9.605408398443924,18
4237354,9.709714254826178,13
4237367,9.660994222143648,13
4237375,9.834647205200907,8
4237389,9.680273159154755,14
4237403,9.220349985380178,14
4237416,9.7480656209279,13
4237428,9.773320669057126,12
4237435,9.890182582303058,7
4237445,9.809029985932275,10
4237456,9.78037017382339,11
4237463,9.866302967865531,7
4237471,9.842916098375435,8
4237479,9.825247173227394,8
4237486,9.866522715908143,7
4237496,9.81007592587147,10
4237501,9.917372360664185,5
4237509,9.858611067848457,8
4237521,9.74046586937148,12
4237527,9.871108750605517,6
4237535,9.840950076984113,8
4237543,9.859315492558508,8
4237544,10.0,1
4237545,10.0,1
4237554,9.813960448735493,9
4237562,9.833115431279536,8
4237571,9.786021463176697,9
4237581,9.78831941682826,10
4237585,9.935261744942082,4
4237592,9.876535738125863,7
4237601,9.835483529420475,9
4237603,9.873072479792128,2
4237613,9.724236471059147,10
4237617,9.933403547451633,4
4237628,9.756579545108842,11
4237632,9.920781074587234,4
4237645,9.706112402814435,13
4237651,9.88527037392749,6
4237664,9.72453455699741,13
4237675,9.759903899631778,11
4237685,9.754453713312456,10
4237695,9.779514636990074,10
4237703,9.88566498929227,8
4237708,9.924146009772508,5
4237718,9.78061524077302,10
4237719,10.0,1
4237726,9.857495866358363,7
4237729,9.961672635260665,3
4237735,9.872310869588485,6
4237743,9.845376322624158,8
4237746,9.963212383416996,3
4237753,9.87465944070922,7
4237758,9.903437593590217,5
4237770,9.728210077700638,12
4237781,9.767206220375694,11
4237789,9.85962570127877,8
4237792,9.955946075621304,3
4237800,9.832996558636067,8
4237806,9.889720889089128,6
4237807,10.0,1
4237819,9.725230243380896,12
4237828,9.82158086827518,9
4237835,9.8530852656048,7
4237844,9.813377097928278,9
4237848,9.943079020933416,4
4237854,9.894942678081204,6
4237856,9.975051430926095,2
4237857,10.0,1
4237861,9.947965083609144,4
4237862,9.996329370364988,1
4237874,9.711322782721474,12
4237885,9.762393966926712,11
4237886,10.0,1
4237894,9.837890024223606,8
4237896,9.98043370449493,2
4237901,9.916133892703114,5
4237908,9.859216435681462,7
4237917,9.81495834409027,9
4237929,9.758422018324648,12
4237930,9.996181798931215,1
4237935,9.89974029217303,5
4237949,9.695788999835907,14
4237954,9.925280117366947,5
4237962,9.879152550069252,8
4237971,9.810659123465586,9
4237979,9.844772575721887,8
4237994,9.631677027237794,15
4237997,9.955966967059469,3
4238008,9.776808484266247,11
4238009,10.0,1
4238011,9.980129959075816,2
4238024,9.726565500592901,13
4238032,9.847537096241133,8
4238039,9.86587406663461,7
4238047,9.838725271729365,8
4238061,9.692279600852212,14
4238071,9.773859904987004,10
4238081,9.803084192374135,10
4238082,10.0,1
4238095,9.740686783720749,13
4238099,9.935526937931362,4
4238106,9.889611099122442,7
4238121,9.667146694793495,15
4238130,9.804523607352351,9
4238133,9.95935390260043,3
4238136,9.950452057720119,3
4238139,9.953184898435362,3
4238148,9.812818590357926,9
4238157,9.793772547863313,9
4238162,9.919295641017483,5
4238176,9.663594319261218,14
4238182,9.891470813381753,6
4238185,9.953526051337919,3
4238193,9.843812272350423,8
4238202,9.80171932637405,9
4238203,9.996783336561542,1
4238211,9.850297977963997,8
4238220,9.825737371857898,9
4238228,9.837635814001425,8
4238234,9.881269760558846,6
4238240,9.895748777282922,6
4238246,9.902026490111396,6
4238255,9.803830580614152,9
4238261,9.576465120918884,6
4238268,9.860189800033266,7
4238279,9.7888718602598,11
4238288,9.83091523779604,9
4238303,9.673588927646424,15
4238311,9.856199145027443,8
4238320,9.808133233167908,9
4238332,9.716752874903746,12
4238338,9.902732633965083,6
4238346,9.835284865182611,8
4238360,9.662388903010076,14
4238363,9.962038364477058,3
4238369,9.888109717119004,6
4238380,9.769951743139096,11
4238387,9.870656007573364,7
4238393,9.897661252966671,6
4238394,10.0,1
4238401,9.863835984092066,7
4238408,9.889025921089308,7
4238418,9.79801361219324,10
4238426,9.834017570164546,8
4238433,9.864838337557934,7
4238444,9.763563396021203,11
4238454,9.77001748266755,10
4238464,9.773693966147157,10
4238470,9.9113658919077,6
4238481,9.76803247866372,11
4238488,9.872319189880052,7
4238497,9.811322694819127,9
4238508,9.767023731410571,11
4238525,9.57618630017724,17
4238526,10.0,1
4238536,9.775179969716953,10
4238537,10.0,1
4238538,9.996083921307827,1
4238544,9.885529666580782,6
4238556,9.743138667588028,12
4238565,9.793557217024247,9
4238570,9.918389157013122,5
4238579,9.824600743282112,9
4238580,10.0,1
4238588,9.84115171855625,8
4238601,9.753341680202677,13
4238606,9.926431112771247,5
4238611,9.926492751039103,5
4238621,9.80351818222992,10
4238633,9.753870161888198,12
4238640,9.872539755409857,7
4238649,9.861275511792142,9
4238657,9.872881293166255,8
4238663,9.875817393639899,6
4238672,9.797310690214346,9
4238684,9.754681528865195,12
4238688,9.931595171634447,4
4238693,9.921255844827954,5
4238695,9.973359098726792,2
4238701,9.904073392930862,6
4238705,9.950354929524833,4
4238713,9.820963616765903,8
4238722,9.815011463525888,9
4238729,9.89727853320285,7
4238743,9.725656958138995,14
4238754,9.765132630091262,11
4238763,9.830778105768935,9
4238767,9.950230964835201,4
4238783,9.671135822884452,16
4238787,9.944506990932563,4
4238796,9.821383463900434,9
4238802,9.914526233602624,6
4238813,9.769110733139481,11
4238819,9.922630428970148,6
4238826,9.851335295839933,7
4238843,9.617610398463757,17
4238852,9.82375795523598,9
4238863,9.780032917146896,11
4238871,9.855907627794613,8
4238880,9.820463816275035,9
4238889,9.824633233104446,9
4238892,9.95271117027131,3
4238902,9.81074231605517,10
4238911,9.811527304291968,9
4238926,9.680591174433191,15
4238928,9.9848897366944,2
4238929,10.0,1
4238936,9.87793418291143,7
4238945,9.804282283972217,9
4238946,10.0,1
4238952,9.921425417518808,6
4238961,9.81440877933466,9
4238980,9.540094997154434,19
4238995,9.676722782528516,15
4238996,10.0,1
4239001,9.934179032618571,5
4239013,9.760254025165496,12
4239020,9.841453247406433,7
4239022,9.979073710208834,2
4239032,9.802136199840565,10
4239042,9.799898776377708,10
4239052,9.768189681434757,10
4239060,9.844884712098846,8
4239072,9.798542063417036,12
4239080,9.83639812899532,8
4239090,9.786424314669302,10
4239097,9.855976265831552,7
4239104,9.881859626760155,7
4239110,9.898836907122538,6
4239112,9.971325630255725,2
4239119,9.889135202738162,7
4239131,9.743783554294664,12
4239144,9.7576894951547,13
4239148,9.935407644471956,4
4239155,9.852698648726795,7
4239160,9.91504587817177,5
4239174,9.689011938717464,14
4239175,10.0,1
4239184,9.82877843450171,9
4239200,9.666906977484095,16
4239207,9.889870656307028,7
4239219,9.735457044541917,12
4239228,9.79695475121007,9
4239248,9.592241351796991,20
4239256,9.83814693072396,8
4239257,10.0,1
4239264,9.88324397485942,7
4239280,9.643811901422222,16
4239293,9.715692422205535,13
4239297,9.926498944382882,4
4239300,9.956618593495953,3
4239313,9.696495313623528,13
4239320,9.887221456327895,7
4239324,9.950294592289774,4
4239325,10.0,1
4239337,9.741610137128866,12
4239340,9.950042642884366,3
4239349,9.828182336576738,9
4239356,9.876499303969782,7
4239365,9.8037205273513,9
4239369,9.939074085917335,4
4239379,9.765927585421124,10
4239390,9.770291793823572,11
4239407,9.608430322264404,17
4239416,9.873259901368712,9
4239423,9.865539162723804,7
4239435,9.738933963331801,12
4239443,9.8486051798261,8
4239452,9.844799873853798,9
4239454,9.979107650182206,2
4239455,10.0,1
4239468,9.71122804178903,13
4239472,9.93174402051025,4
4239482,9.804165195562762,10
4239483,10.0,1
4239484,10.0,1
4239489,9.92066171105727,5
4239490,10.0,1
4239502,9.769103594435483,12
4239516,9.60818043379399,14
4239519,9.965395071109947,3
4239528,9.828012717915549,9
4239531,9.964319190912112,3
4239543,9.740000880362114,12
4239555,9.753518818803496,12
4239564,9.721338626178088,9
4239574,9.799554503794562,10
4239585,9.77249261068672,11
4239594,9.828745796437376,9
4239605,9.756962886528408,11
4239616,9.766184034840641,11
4239623,9.88440852173753,7
4239633,9.782413836003904,10
4239639,9.895349831839532,6
4239654,9.6690170908931,15
4239660,9.877769083729683,6
4239668,9.841378613292157,8
4239681,9.68895418400933,13
4239683,9.972881089447423,2
4239684,10.0,1
4239687,9.85089572687233,3
4239700,9.734705998614327,13
4239712,9.744535366026838,12
4239717,9.916250506147529,5
4239722,9.911552139094649,5
4239730,9.83568343858391,8
4239740,9.778606314368881,10
4239748,9.871493397508353,8
4239758,9.786577003926599,10
4239767,9.707503173423053,9
4239783,9.641769719892086,16
4239788,9.92442902231905,5
4239794,9.895252596000926,6
4239805,9.752117284581212,11
4239814,9.847115412081088,9
4239817,9.953246520547156,3
4239822,9.914230793607857,5
4239836,9.690146118399433,14
4239853,9.681877088833941,17
4239861,9.824252886246027,8
4239870,9.812467246565566,9
4239881,9.775703810668565,11
4239887,9.902460906654728,6
4239893,9.883907135120086,6
4239908,9.657367901081392,15
4239913,9.922364862476426,5
4239916,9.966083785633273,3
4239923,9.860058286451448,7
4239938,9.695710050307438,15
4239941,9.952448162379651,3
4239943,9.970117662779952,2
4239957,9.655303611297448,14
4239968,9.763331506791312,11
4239969,10.0,1
4239973,9.938486660373215,4
4239979,9.899668213522169,6
4239992,9.7130954003671,13
4240002,9.78490137326519,10
4240014,9.77399150710114,12
4240025,9.742063659804451,11
4240026,9.992932694296124,1
4240031,9.92110848831074,5
4240034,9.949324071124655,3
4240040,9.898919022333066,6
4240053,9.607834341969689,13
4240060,9.898819297566913,7
4240067,9.880781441156065,7
4240075,9.864494325177782,8
4240082,9.843445263219884,7
4240089,9.861739887256348,7
4240095,9.887447632165625,6
4240099,9.944554932822184,4
4240110,9.747484325025514,11
4240117,9.755409755645804,7
4240118,10.0,1
4240127,9.814832666462666,9
4240137,9.799822989715278,10
4240147,9.802751116636243,10
4240156,9.798834390995795,9
4240165,9.799320305893097,9
4240166,10.0,1
4240173,9.881139699776147,7
4240182,9.842097583748135,9
4240187,9.907874747104605,5
4240198,9.734091392840734,11
4240201,9.956117889308777,3
4240212,9.787935601059935,11
4240224,9.71810662008931,12
4240231,9.866775302463259,7
4240236,9.934457529785199,5
4240244,9.838158761512867,8
4240250,9.886577507340306,6
4240260,9.781534828757994,10
4240261,10.0,1
4240271,9.809485014358621,10
4240285,9.357938116497204,14
4240295,9.78813251201308,10
4240301,9.88017237883697,6
4240306,9.917531327240516,5
4240313,9.863812484462319,7
4240328,9.684892720031947,15
4240336,9.859420844094092,8
4240347,9.747407623854759,11
4240357,9.712751892958979,10
4240363,9.889779686676786,6
4240375,9.744247165771148,12
4240380,9.919814435586012,5
4240381,10.0,1
4240387,9.901694312975627,6
4240393,9.90654545935418,6
4240396,9.96772714814838,3
4240401,9.927368156978295,5
4240419,9.476022104235726,18
4240426,9.884425671775437,7
4240432,9.891248437171136,6
4240445,9.712721146545945,13
4240446,9.996677962093411,1
4240449,9.962146651675654,3
4240458,9.83453372516701,9
4240468,9.815762041034791,10
4240480,9.770292960628119,12
4240497,9.604035344996394,17
4240505,9.815465297123097,8
4240514,9.838308301048311,9
4240523,9.824947317315463,9
4240529,9.894387290675473,6
4240541,9.754616746573603,12
4240552,9.768780847511431,11
4240558,9.896194669449109,6
4240565,9.867614409500465,7
4240569,9.943860790665877,4
4240582,9.709659072316017,13
4240583,9.991708139067368,1
4240588,9.931420672361025,5
4240598,9.769513738644251,10
4240608,9.810718115128603,10
4240617,9.829618458150048,9
4240622,9.919176499510446,5
4240631,9.830389448583974,9
4240644,9.687857094230171,13
4240654,9.795302296614723,10
4240660,9.899704453314303,6
4240667,9.863165870155258,7
4240668,9.989270827591831,1
4240676,9.837684109697635,8
4240687,9.676644212090753,11
4240693,9.91227487288244,6
4240701,9.850078661246783,8
4240702,10.0,1
4240707,9.918263283488486,5
4240715,9.83426021364663,8
4240716,9.992303863956563,1
4240729,9.551337002777764,13
4240734,9.91509910482904,5
4240743,9.811897780116638,9
4240756,9.698000888119664,13
4240766,9.789987119673674,10
4240767,10.0,1
4240771,9.939110222433786,4
4240775,9.930568119665978,4
4240778,9.95554811575303,3
4240789,9.758571602476682,11
4240794,9.92904417221732,5
4240802,9.86079543131915,8
4240813,9.77168198607969,11
4240825,9.731182909595995,12
4240837,9.776757560816698,12
4240844,9.881180923508978,7
4240851,9.883866365767403,7
4240859,9.871049897588804,8
4240864,9.91620965553338,5
4240865,10.0,1
4240878,9.52669118677709,13
4240888,9.787215771071521,10
4240894,9.881982879280624,6
4240905,9.7624546977632,11
4240921,9.660478297724147,16
4240928,9.8550555825264,7
4240943,9.687359931053313,15
4240950,9.856211593313368,7
4240954,9.93707530850309,4
4240964,9.801278744060841,10
4240979,9.66346477973858,15
4240985,9.899259083455219,6
4240989,9.92751710560165,4
4240996,9.868264003604182,7
4241006,9.774286557823421,10
4241012,9.908934217418214,6
4241018,9.895977882782494,6
4241032,9.681297971006156,14
4241033,10.0,1
4241044,9.77444231209131,11
4241050,9.787831639883095,6
4241063,9.737290679210341,13
4241070,9.850697526931267,7
4241071,10.0,1
4241076,9.92894349866018,5
4241079,9.957463580851595,3
4241094,9.669291115028205,15
4241098,9.940727297831122,4
4241109,9.763322603324813,11
4241121,9.772551962591663,12
4241130,9.807737059924225,9
4241142,9.734313638363023,12
4241148,9.884950615646803,6
4241166,9.400755205621333,18
4241174,9.826480814746096,8
4241184,9.79136179981477,10
4241185,10.0,1
4241195,9.788136384302428,10
4241202,9.874513888822113,7
4241206,9.93253865929913,4
4241211,9.912304807765642,5
4241222,9.779563350347415,11
4241232,9.787861269582029,10
4241245,9.708327040212495,13
4241258,9.757884516699175,13
4241263,9.911817288949802,5
4241269,9.908231352507478,6
4241285,9.60987951957237,16
4241286,10.0,1
4241298,9.744116678159676,12
4241306,9.883923062171638,8
4241312,9.904875667847216,6
4241320,9.820490265639538,8
4241336,9.643506795422589,16
4241348,9.74944859611089,12
4241358,9.79002916852511,10
4241363,9.916520430189966,5
4241365,9.97990029278659,2
4241366,10.0,1
4241370,9.944045475300696,4
4241375,9.921891129796578,5
4241387,9.717569859344728,12
4241395,9.834280114632469,8
4241396,10.0,1
4241411,9.653690499290645,15
4241427,9.264761292447739,16
4241428,10.0,1
4241438,9.80787184688488,10
4241441,9.956584331183244,3
4241451,9.773010349973141,10
4241458,9.880903171402972,7
4241478,9.582783513928332,20
4241481,9.951795805911049,3
4241487,9.898668854040082,6
4241495,9.832587812699103,8
4241502,9.865112460657574,7
4241509,9.857892036422413,7
4241514,9.907347858180282,5
4241521,9.775174165282067,7
4241536,9.64778128054087,15
4241537,9.996290527798047,1
4241548,9.758516019409333,11
4241557,9.800165572009044,9
4241558,9.992857262404806,1
4241568,9.798901945080742,10
4241573,9.915217777614696,5
4241577,9.948337094708553,4
4242077,-38.618147600090595,500
4242095,9.564641102745702,18
4242105,9.762640336504134,10
4242122,9.650145357810807,17
4242132,9.790153571179147,10
4242138,9.918906151974173,6
4242144,9.889270160234053,6
4242156,9.764347403608195,12
4242166,9.773094095408647,10
4242174,9.874580200004798,8
4242179,9.90257585999751,5
4242184,9.918700717560023,5
4242200,9.658871606567928,16
4242207,9.85436658268058,7
4242212,9.922158641897465,5
4242217,9.922580742382467,5
4242228,9.755484876338874,11
4242229,10.0,1
4242237,9.861857871658975,8
4242239,9.96995402721033,2
4242250,9.746824784461033,11
4242253,9.952500427377919,3
4242262,9.795346942506404,9
4242271,9.829524533323712,9
4242280,9.827735169607958,9
4242291,9.769245344287084,11
4242304,9.704038712630503,13
4242312,9.815191235892485,8
4242317,9.921076612216542,5
4242318,10.0,1
4242323,9.920700772151735,5
4242327,9.927909325360321,4
4242338,9.545678405844912,11
4242350,9.740620375849119,12
4242360,9.806804935066918,10
4242366,9.880546721023071,6
4242373,9.855768059299134,7
4242384,9.77338226622423,11
4242394,9.783989821572645,10
4242412,9.489052741035566,18
4242429,9.624178111518543,17
4242435,9.892142296596825,6
4242443,9.8331004965141,8
4242450,9.85474026541234,7
4242459,9.837588217377867,9
4242462,9.954964236304185,3
4242465,9.95582491165559,3
4242472,9.872582950101792,7
4242473,10.0,1
4242486,9.732593359811052,13
4242487,9.996262425421033,1
4242496,9.805169978142441,9
4242499,9.951318308625467,3
4242509,9.791332651245938,10
4242521,9.758965570920621,12
4242530,9.846820874705674,9
4242538,9.836612301208794,8
4242549,9.727110681054999,11
4242559,9.787008315041724,10
4242560,10.0,1
4242572,9.750745634015098,12
4242582,9.793035106912512,10
4242592,9.80406696670189,10
4242603,9.754043299899013,11
4242606,9.949109916139179,3
4242618,9.727149438348308,12
4242634,9.758157387636642,16
4242635,10.0,1
4242649,9.721607365515183,14
4242660,9.758116461435765,11
4242677,9.356607930416121,17
4242687,9.811019377311947,10
4242694,9.875232163784446,7
4242700,9.910810078478553,6
4242708,9.850561121479537,8
4242721,9.73396091062932,13
4242727,9.9025550598595,6
4242736,9.793751497237906,9
4242740,9.940064416333769,4
4242750,9.809729737837717,10
4242754,9.949537753469258,4
4242767,9.62328114563245,13
4242773,9.898921291426943,6
4242780,9.872116840779702,7
4242793,9.703621346858306,13
4242794,9.991826819184187,1
4242800,9.887318484972225,6
4242803,9.966480491522343,3
4242811,9.862348738690761,8
4242820,9.799172420212427,9
4242821,10.0,1
4242823,9.972382930836183,2
4242832,9.826262384877538,9
4242844,9.734906222273112,12
4242855,9.687327538702794,11
4242864,9.825873406815866,9
4242865,10.0,1
4242872,9.868535852730785,7
4242886,9.68429049611146,14
4242900,9.704269430164072,14
4242906,9.907168452533782,6
4242914,9.850710325748127,8
4242923,9.812116631103363,9
4242939,9.633916863715365,16
4242946,9.879477390522577,7
4242953,9.8732878081529,7
4242960,9.854822657448228,7
4242969,9.812811667455904,9
4242970,10.0,1
4242986,9.705351504371801,16
4242987,9.989053662325432,1
4243001,9.692869926858865,14
4243006,9.71198674604092,5
4243020,9.691394979398991,14
4243029,9.795752525022564,9
4243040,9.748852438894634,11
4243041,10.0,1
4243050,9.822327569739265,9
4243063,9.724084438310872,13
4243077,9.699893556761817,14
4243085,9.828090524501006,8
4243097,9.74356940795246,12
4243113,9.619056675193299,16
4243125,9.789119639571242,12
4243133,9.859933988178977,8
4243135,9.971468565274696,2
4243146,9.770773875228517,11
4243158,9.706781709708437,12
4243169,9.767345083628422,11
4243178,9.804262731211804,9
4243188,9.806827044045738,10
4243193,9.926545442992408,5
4243204,9.765413289636397,11
4243213,9.820340474783864,9
4243223,9.775951550420844,10
4243234,9.79974324957192,11
4243235,10.0,1
4243241,9.892310654442532,6
4243252,9.747573883144012,11
4243267,9.690345401022464,15
4243274,9.896271134680806,7
4243281,9.860162998855003,7
4243285,9.937848399368411,4
4243292,9.862791824506088,7
4243302,9.771459128459616,10
4243309,9.879004278718172,7
4243321,9.747799086262749,12
4243332,9.757082387567626,11
4243341,9.81396723828376,9
4243348,9.888430027113824,7
4243357,9.842314982409889,9
4243362,9.905637951890698,5
4243368,9.885227538675815,6
4243372,9.940850278208888,4
4243387,9.683501258545864,15
4243398,9.7612283463748,11
4243410,9.744204939522756,12
4243421,9.756461422326975,11
4243432,9.794877945429464,11
4243435,9.957538366457653,3
4243447,9.759453331174313,12
4243453,9.88521629183323,6
4243463,9.60218779568423,10
4243464,10.0,1
4243474,9.77956606836288,10
4243479,9.89657798848862,5
4243486,9.873469946154554,7
4243490,9.94428459300178,4
4243497,9.862908080315338,7
4243498,10.0,1
4243499,10.0,1
4243507,9.841030616864668,8
4243520,9.703118017503613,13
4243535,9.67668363887746,15
4243544,9.824178844317286,9
4243546,9.978665267803171,2
4243547,10.0,1
4243549,9.982144476218306,2
4243557,9.845004108769485,8
4243558,10.0,1
4243562,9.925659379913222,4
4243566,9.9425654473819,4
4243581,9.652057483608202,15
4243594,9.710265238109823,13
4243595,10.0,1
4243603,9.847129525536582,8
4243619,9.60728455693029,16
4243620,9.992485490920705,1
4243632,9.731455921165013,12
4243639,9.856246121858998,7
4243645,9.89553610294914,6
4243655,9.804473601541302,10
4243666,9.77783170368975,11
4243678,9.637440788511633,12
4243691,9.725801095365927,13
4243692,9.996484963347003,1
4243696,9.935431228553291,4
4243706,9.8258606747057,10
4243710,9.929389045047527,4
4243714,9.955016252963919,4
4243718,9.941729468365839,4
4243729,9.779751740996664,11
4243741,9.760658878902369,12
4243748,9.87317624417553,7
4243759,9.767030871756427,11
4243776,9.582212252977676,17
4243784,9.863584823428152,8
4243794,9.818293439584016,10
4243799,9.926294948644301,5
4243813,9.701678207450277,14
4243821,9.828158806272663,8
4243830,9.852540812170654,9
4243838,9.857558341876036,8
4243839,10.0,1
4243850,9.778255144443225,11
4243857,9.861591731717748,7
4243866,9.816502382815418,9
4243869,9.95291406700928,3
4243887,9.59313151754277,18
4243899,9.743716510742923,12
4243913,9.722735132436927,14
4243920,9.859691722808535,7
4243927,9.876009626765173,7
4243933,9.89383889850109,6
4243940,9.86364865729785,7
4243948,9.84644377507477,8
4243955,9.866014441095958,7
4243961,9.899882014681852,6
4243967,9.921783623293019,6
4243979,9.735772321060185,12
4243989,9.757541787291863,10
4243997,9.850817180228855,8
4244000,9.958205211520818,3
4244010,9.801486254371408,10
4244019,9.82626998472259,9
4244021,9.974825181928088,2
4244029,9.849234352150681,8
4244035,9.87812341845948,6
4244036,10.0,1
4244037,10.0,1
4244045,9.846677773685673,8
4244046,10.0,1
4244059,9.70365569936493,13
4244065,9.896291168314734,6
4244073,9.848939802040283,8
4244085,9.72692370989468,12
4244096,9.783948140486295,11
4244100,9.927610236973013,4
4244107,9.862002335335871,7
4244121,9.664211872857274,14
4244125,9.941633517404295,4
4244137,9.738492287983522,12
4244143,9.895888763242228,6
4244149,9.89886279573906,6
4244156,9.87312740407586,7
4244167,9.7653862037805,11
4244169,9.969560821626471,2
4244171,9.969473480288006,2
4244182,9.786985626066064,11
4244186,9.943997072005441,4
4244199,9.733803885605122,13
4244200,10.0,1
4244201,10.0,1
4244208,9.861708631836667,7
4244219,9.778668726156877,11
4244226,9.888417768688432,7
4244233,9.882777020700432,7
4244238,9.926527714078945,5
4244247,9.825036980206212,9
4244251,9.933976346768649,4
4244264,9.737309503164271,13
4244277,9.72336386072571,13
4244285,9.857256768955274,8
4244297,9.72834012230245,12
4244304,9.856339249135269,7
4244306,9.974641533099534,2
4244329,9.585175673244247,23
4244338,9.716760228943352,9
4244360,9.329903975703575,22
4244362,9.983527234483635,2
4244363,10.0,1
4244380,9.670371010373652,17
4244395,9.732861635839468,15
4244402,9.885332590737955,7
4244415,9.70528584518397,13
4244423,9.866460197491962,8
4244426,9.958324603829633,3
4244436,9.794235444905416,10
4244442,9.912548071720975,6
4244443,10.0,1
4244450,9.895029702540976,7
4244455,9.921130772354262,5
4244456,10.0,1
4244457,10.0,1
4244469,9.758195367789519,12
4244470,10.0,1
4244481,9.745484783929287,11
4244491,9.79279580861012,10
4244497,9.875199235820208,6
4244509,9.733460420475662,12
4244515,9.908987728445313,6
4244516,9.993448321857818,1
4244528,9.764125371890248,12
4244532,9.94041918525244,4
4244542,9.798543938372074,10
4244545,9.95489836275604,3
4244548,9.961459981857741,3
4244555,9.867732562003804,7
4244567,9.708853457246253,12
4244572,9.917689184374375,5
4244584,9.7468341800326,12
4244588,9.947030514530073,4
4244600,9.744931404495945,12
4244611,9.735857807330742,11
4244612,10.0,1
4244619,9.8595129768002,7
4244628,9.62812765965754,9
4244644,9.613510368648187,16
4244651,9.87453769168683,7
4244659,9.839058789691574,8
4244676,9.611918754501723,17
4244687,9.791643800276939,11
4244691,9.933659338091077,4
4244698,9.870328094080104,7
4244708,9.77510610834312,10
4244717,9.821240086065934,9
4244720,9.967985138529519,3
4244729,9.804991455743693,9
4244733,9.94699734150419,4
4244747,9.686347042835742,14
4244749,9.971122962991304,2
4244760,9.75090003251686,11
4244771,9.770038300204245,11
4244772,10.0,1
4244784,9.751138061356109,12
4244795,9.746543395253525,11
4244809,9.692910395729704,14
4244817,9.84578372436792,8
4244829,9.743555248394927,12
4244833,9.944674860071698,4
4244840,9.864074651426552,7
4244858,9.62382366484426,18
4244872,9.674853795097214,14
4244878,9.888848916148746,6
4244891,9.69255024445787,13
4244902,9.745859956051358,11
4244907,9.901641349303816,5
4244914,9.852959543135587,7
4244919,9.91881410522197,5
4244928,9.81360626518885,9
4244940,9.756351119816655,12
4244944,9.930821124978722,4
4244948,9.936981959936885,4
4244964,9.671044961714298,16
4244973,9.819939877020047,9
4244976,9.948554450825029,3
4244983,9.878928514640814,7
4244999,9.427296591337473,16
4245009,9.805518990899547,10
4245014,9.92101870614396,5
4245021,9.84778507654956,7
4245033,9.756214771430061,12
4245036,9.964799349368132,3
4245040,9.945865936398375,4
4245049,9.828501011519055,9
4245060,9.754357430429948,11
4245065,9.900865461974693,5
4245066,10.0,1
4245077,9.76656205735771,11
4245089,9.662904020126135,12
4245100,9.772000491930553,11
4245105,9.900404616814146,5
4245112,9.875365313993296,7
4245120,9.850872056557229,8
4245126,9.895083811431213,6
4245140,9.672829774173143,14
4245147,9.87627589902266,7
4245154,9.858509457916242,7
4245165,9.769452332300407,11
4245172,9.862475578231667,7
4245175,9.948944934422794,3
4245189,9.701829424587578,14
4245197,9.834544915094172,8
4245206,9.818422782646676,9
4245212,9.90015976778076,6
4245213,10.0,1
4245219,9.906570107009962,6
4245232,9.699284431932455,13
4245236,9.924964700716092,4
4245243,9.863848146930524,7
4245256,9.73084246575241,13
4245259,9.947358376594952,3
4245276,9.636379559738222,17
4245285,9.836750034563714,9
4245291,9.92922691156544,6
4245300,9.797180927248464,9
4245311,9.759319291051234,11
4245330,8.685572437438763,19
4245339,9.803832301227233,9
4245354,9.113568127742926,15
4245365,9.559609326841544,11
4245377,9.674514192879666,12
4245384,9.890726237233258,7
4245392,9.837864317141173,8
4245397,9.921686988509476,5
4245406,9.82952886838488,9
4245415,9.84138781790758,9
4245428,9.703294620729052,13
4245434,9.884398239852485,6
4245445,9.754673455139466,11
4245451,9.88363271693748,6
4245460,9.815941464602906,9
4245465,9.901116209443037,5
4245470,9.931136673215528,5
4245476,9.889383133584197,6
4245488,9.74255093807843,12
4245494,9.89776579736658,6
4245509,9.648918246027092,15
4245515,9.898670155674978,6
4245522,9.892548931046292,7
4245525,9.957970762454329,3
4245530,9.912133074365606,5
4245536,9.880028803979076,6
4245548,9.748523523764247,12
4245553,9.913737308455488,5
4245560,9.869765775310933,7
4245576,9.556226864016796,16
4245587,9.752241722334496,11
4245593,9.887420129976235,6
4245605,9.767628108257647,12
4245611,9.91102961137918,6
4245617,9.885598861917341,6
4245622,9.911092268516855,5
4245634,9.746364012506193,12
4245635,10.0,1
4245643,9.84241948573642,8
4245650,9.866723551717207,7
4245655,9.923914100944586,5
4245669,9.66629851675164,14
4245676,9.866449328729416,7
4245679,9.95160223904658,3
4245691,9.71714249299818,12
4245698,9.872340516961577,7
4245711,9.738184226415184,13
4245719,9.844016335912379,8
4245733,9.68975534561967,14
4245743,9.813013169576024,10
4245749,9.900472107729206,6
4245760,9.76716555261783,11
4245773,9.724007591012441,13
4245784,9.768811489826255,11
4245796,9.7522953860011,12
4245802,9.877492916919646,6
4245804,9.975862687478502,2
4245805,9.996268821660637,1
4245812,9.877970217918827,7
4245813,10.0,1
4245814,10.0,1
4245825,9.745658364345562,11
4245831,9.89942673044527,6
4245832,10.0,1
4245842,9.772553888726879,10
4245850,9.846888965308159,8
4245860,9.780588846820262,10
4245869,9.808324059750614,9
4245879,9.782529603077787,10
4245881,9.985527872050977,2
4245890,9.825856562608783,9
4245895,9.919244694534372,5
4245896,10.0,1
4245906,9.828706587478838,10
4245912,9.887304155329215,6
4245913,10.0,1
4245921,9.860600818608686,8
4245933,9.737930645510653,12
4245942,9.825188338207647,9
4245957,9.658971447311593,15
4245958,10.0,1
4245961,9.951787043180584,3
4245972,9.756042340585632,11
4245985,9.710545315573148,13
4245987,9.971351573099602,2
4246001,9.685779184367739,14
4246002,10.0,1
4246005,9.965601601326052,3
4246014,9.81455493216183,9
4246026,9.722350458924486,12
4246045,6.800162768037625,19
4246051,9.886238776707012,6
4246063,9.725322274815706,12
4246072,9.8066006494578,9
4246076,9.930639761849228,4
4246078,9.979468783319112,2
4246083,9.907043498592865,5
4246095,9.730152113049234,12
4246102,9.872479822585948,7
4246103,10.0,1
4246114,9.763153250483873,11
4246127,9.753661038749915,13
4246133,9.88492969146365,6
4246150,9.59312536828988,17
4246154,9.945691949904333,4
4246155,9.996692773687121,1
4246167,9.73911228725052,12
4246172,9.921181923806534,5
4246183,9.76229111253752,11
4246195,9.726461444014028,12
4246206,9.757497903414857,11
4246216,9.809967149180592,10
4246217,9.989033417395117,1
4246225,9.840801636861796,8
4246228,9.952905776870812,3
4246231,9.960583599083565,3
4246243,9.788015728909283,12
4246247,9.947894811811373,4
4246257,9.807116095840481,10
4246268,9.756701207907618,11
4246278,9.791047182855584,10
4246288,9.766303795177667,10
4246294,9.90529112747767,6
4246295,10.0,1
4246308,9.725786864964329,13
4246316,9.850561516428872,8
4246322,9.883757936668847,6
4246336,9.687137685658943,14
4246337,10.0,1
4246350,9.72401226433621,13
4246366,9.629057870154085,16
4246374,9.833387283419373,8
4246383,9.835610332136634,9
4246390,9.859632326052518,7
4246395,9.906076053851478,5
4246404,9.824937736410229,9
4246407,9.954221406404239,3
4246413,9.910092951220149,6
4246423,9.792346209068638,10
4246438,9.675814571480478,15
4246443,9.920985573244035,5
4246450,9.86437004291721,7
4246461,9.791188636666133,11
4246467,9.87656144714802,6
4246471,9.941318739454312,4
4246472,10.0,1
4246481,9.81093954788617,9
4246489,9.86262114298096,8
4246504,9.665338936933452,15
4246510,9.89161028668471,6
4246520,9.798169258524952,10
4246527,9.874246532800447,7
4246535,9.821891475267302,8
4246547,9.745363149265655,12
4246548,10.0,1
4246553,9.925615320877672,5
4246557,9.950713184204183,4
4246564,9.870960857132715,7
4246575,9.783480564652171,11
4246582,9.849258433655862,7
4246594,9.17111607496045,12
4246597,9.670049828703522,3
4246606,9.821665547214362,9
4246609,9.962311140891032,3
4246615,9.888944384977128,6
4246620,9.912985469469794,5
4246627,9.872241198284662,7
4246634,9.87027074206201,7
4246647,9.719916480112149,13
4246655,9.844021316578822,8
4246663,7.4702529581240515,8
4246676,9.69671390658366,13
4246685,9.827937264257779,9
4246699,9.671627951423558,14
4246712,9.721601204451442,13
4246719,9.87132814952321,7
4246732,9.71020635678237,13
4246733,10.0,1
4246741,9.816922667202356,8
4246746,9.933847151733096,5
4246755,9.808158365911238,9
4246763,9.838314500189087,8
4246776,9.71199742859539,13
4246777,10.0,1
4246786,9.811835312309633,9
4246795,9.813436334452815,9
4246804,9.844200030997628,9
4246808,9.946389064208358,4
4246816,9.816982065480897,8
4246817,9.996363973691292,1
4246831,9.610661983822045,14
4246839,9.84111288860128,8
4246840,10.0,1
4246851,9.747213823370851,11
4246862,9.768303527368841,11
4246869,9.857606790286143,7
4246879,9.809921911334397,10
4246880,10.0,1
4246887,9.872530644516031,7
4246898,9.748312056229087,11
4246912,9.670560155265335,14
4246917,9.918197035937727,5
4246923,9.89535470819106,6
4246931,9.83482613947663,8
4246932,9.992747117804798,1
4246944,9.632444275313762,12
4246954,9.776945491929217,10
4246970,9.668316669464986,16
4246971,10.0,1
4246985,9.679029574758255,14
4246990,9.92433043326947,5
4246997,9.863164060298779,7
4247011,9.72284948887119,14
4247018,9.863074123257014,7
4247022,9.944178013104565,4
4247026,9.924630348974082,4
4247029,9.95455720677292,3
4247034,9.925720245734052,5
4247039,9.915199843363366,5
4247040,10.0,1
4247049,9.841720208219629,9
4247059,9.78441600327619,10
4247067,9.837235858385537,8
4247078,9.749646657583451,11
4247087,9.843418369221178,9
4247093,9.91003405855281,6
4247104,9.76183546098453,11
4247116,9.763125419801158,12
4247122,9.918823470329901,6
4247130,9.844160763952344,8
4247142,9.744829544199128,12
4247145,9.961791926003007,3
4247150,9.903465645490343,5
4247158,9.859244543311123,8
4247159,10.0,1
4247170,9.76090706109236,11
4247174,9.942615140037045,4
4247176,9.97316710697937,2
4247177,10.0,1
4247179,9.967818953416526,2
4247187,9.845678094841503,8
4247194,9.883280573712112,7
4247205,9.7537035813604,11
4247213,9.856494721455778,8
4247214,10.0,1
4247218,9.924541548412996,4
4247228,9.77584880856556,10
4247238,9.800243099757637,10
4247249,9.734009955474193,11
4247255,9.897561194136141,6
4247268,9.686953934090617,13
4247269,9.988884207893014,1
4247277,9.836242842704204,8
4247278,9.986824359435913,1
4247284,9.881043567021077,6
4247285,10.0,1
4247297,9.747187777265246,12
4247307,9.814779751185421,10
4247316,9.808253698117642,9
4247319,9.956817114952793,3
4247333,9.718053747313586,14
4247338,9.917823790976154,5
4247345,9.873931881716242,7
4247346,10.0,1
4247354,9.886045195571327,8
4247363,9.814698412503267,9
4247369,9.89058432299129,6
4247386,9.63251257330049,17
4247398,9.726619287250077,12
4247408,9.7858880197907,10
4247415,9.841521850466163,7
4247421,9.86902233048776,6
4247427,9.897562148070557,6
4247431,9.94106498047968,4
4247437,9.879257402376124,6
4247453,9.664616972389428,16
4247461,9.839352447155324,8
4247472,9.752206588371989,11
4247481,9.839426345513434,9
4247493,9.74149733147142,12
4247505,9.734228398475228,12
4247530,9.254913619976273,25
4247541,9.77986201554478,11
4247555,9.706643876526794,14
4247565,9.7596125566406,10
4247568,9.96222806615342,3
4247571,9.963666378766533,3
4247575,9.93378476668065,4
4247576,10.0,1
4247588,9.779153888903652,12
4247597,9.620532576224608,9
4247602,9.914801454023879,5
4247608,9.888620573284554,6
4247614,9.883362397072347,6
4247648,9.144710900011024,34
4247656,9.868502878897388,8
4247657,9.992085859266451,1
4247667,9.777129261864316,10
4247669,9.976493153141893,2
4247672,9.944299937910044,3
4247673,10.0,1
4247681,9.832184573297562,8
4247691,9.78881852465156,10
4247702,9.74962110260076,11
4247714,9.714290874762582,12
4247721,9.872929896404868,7
4247729,9.842942756688362,8
4247738,9.444934562261398,9
4247752,9.60931027050574,14
4247768,9.63816939646154,16
4247776,9.843478012220487,8
4247782,9.881762530350969,6
4247788,9.911289684027231,6
4247800,9.765633438261043,12
4247816,9.657978258978,16
4247822,9.894276145844588,6
4247842,9.632787311720076,20
4247847,9.927693067651566,5
4247848,10.0,1
4247849,9.996752555291106,1
4247851,9.974355502212878,2
4247864,9.719676053470216,13
4247865,10.0,1
4247867,9.9749342422624,2
4247875,9.842803474544487,8
4247884,9.815756929588414,9
4247893,9.803233035073792,9
4247898,9.918684220472398,5
4247909,9.762680411780478,11
4247927,9.603979932371637,18
4247938,9.745703751917109,11
4247943,9.905644200053343,5
4247952,9.834779749058164,9
4247964,9.795532138156872,12
4247969,9.936368741416086,5
4247976,9.861535120181033,7
4247979,9.954617012850889,3
4247992,9.696075019098112,13
4248001,9.818149691119919,9
4248030,7.034694287540808,29
4248034,9.946718853670191,4
4248049,9.61728223057812,15
4248059,9.789279204902881,10
4248066,9.871994385096375,7
4248078,9.734515751142837,12
4248088,9.794414396822663,10
4248092,9.738892774382157,4
4248097,9.928216357494565,5
4248109,9.738251987407743,12
4248116,9.863001551869456,7
4248120,9.951958508565369,4
4248131,9.78896811388818,11
4248134,9.960814173347387,3
4248139,9.920984681651277,5
4248148,9.850934800776304,9
4248149,10.0,1
4248156,9.861979838311894,7
4248163,9.863958087035707,7
4248169,9.884062150099695,6
4248171,9.985215398741184,2
4248175,9.943067882931237,4
4248184,9.810384280363657,9
4248198,9.699382417168644,14
4248203,9.918583388317401,5
4248211,9.849020390180238,8
4248220,9.819298511616264,9
4248229,9.831202183537046,9
4248243,9.667295132163375,14
4248253,9.84028132271554,10
4248262,9.820392431296447,9
4248275,9.48820864189128,13
4248281,9.893997105300635,6
4248293,9.743681167328846,12
4248295,9.971593577924764,2
4248297,9.978627060700356,2
4248298,10.0,1
4248305,9.88759057537602,7
4248320,9.674830937588347,15
4248321,9.988890217614262,1
4248328,9.879295575460544,7
4248343,9.673830264991116,15
4248351,9.82526634246365,8
4248357,9.888707166316935,6
4248362,9.90393030319213,5
4248373,9.793359595736362,11
4248377,9.94012964194059,4
4248385,9.83804055982555,8
4248391,9.895217209148685,6
4248393,9.979874766556318,2
4248401,9.840660355736917,8
4248416,9.699676655226881,15
4248420,9.928398217621263,4
4248431,9.780102357557842,11
4248444,9.684761438247042,13
4248447,9.96522977852791,3
4248453,9.908563386813551,6
4248465,9.729226557786435,12
4248482,9.601448268616698,17
4248486,9.930909446856047,4
4248487,10.0,1
4248497,9.815771181650083,10
4248507,9.789635969287266,10
4248518,9.82593640777368,11
4248532,9.676330842900063,14
4248543,9.77469163560109,11
4248551,9.836332659506025,8
4248557,9.899063065868871,6
4248567,9.819249345224014,10
4248584,9.671377511445243,17
4248597,9.709259224277204,13
4248601,9.950611190355637,4
4248611,9.778355610055907,10
4248617,9.889161921736239,6
4248624,9.88507359816069,7
4248630,9.705545404342047,6
4248638,9.825270069142713,8
4248640,9.976598599831927,2
4248645,9.894929085789611,5
4248650,9.905655411206157,5
4248658,9.841349167049712,8
4248662,9.948426775345098,4
4248673,9.764531900813564,11
4248683,9.799358833949128,10
4248684,10.0,1
4248693,9.837595198413782,9
4248694,10.0,1
4248700,9.899230133980428,6
4248708,9.862499706608704,8
4248716,9.837131001725137,8
4248723,9.869885919238207,7
4248734,9.757823920910653,11
4248739,9.91747044453955,5
4248752,9.722175368877897,13
4248763,9.776989248892983,11
4248767,9.932745845095964,4
4248768,10.0,1
4248778,9.821411168680447,10
4248789,9.761369097506316,11
4248793,9.931176122478929,4
4248804,9.769095382864034,11
4248815,9.773996126016929,11
4248816,9.996467950879776,1
4248822,9.899761745940701,6
4248833,9.778793000929541,11
4248842,9.795624283361953,9
4248847,9.914447317089707,5
4248851,9.949578235927598,4
4248862,9.753960936922395,11
4248885,5.969729102809636,23
4248896,9.770847467785654,11
4248900,9.941476763777937,4
4248907,9.803215429296356,7
4248916,9.830767458558649,9
4248925,9.85163309067299,9
4248935,9.797622846522946,10
4248946,9.766630355158666,11
4248957,9.753106734133135,11
4248973,9.605581197925401,16
4248975,9.975448278978881,2
4248996,7.99582647611888,21
4249003,9.86795825916184,7
4249014,9.753658080552617,11
4249016,9.975842407589155,2
4249028,9.73817571510162,12
4249035,9.883571984217406,7
4249042,9.862548640849365,7
4249043,10.0,1
4249057,9.663859951896441,14
4249070,9.72186958414827,13
4249078,9.856005226071115,8
4249082,9.9360126001008,4
4249090,9.84313502895357,8
4249101,9.765180641531979,11
4249109,9.846125970189227,8
4249114,9.923460786642341,5
4249121,9.85559459704146,7
4249132,9.82198799476199,11
4249143,9.811217000932967,11
4249161,8.248632794819551,18
4249178,9.397046240420853,17
4249184,9.886340905216237,6
4249193,9.831387679730758,9
4249197,9.946795880007247,4
4249211,9.719191219197599,14
4249221,9.79036126051617,10
4249226,9.916893834346697,5
4249230,9.93671321812247,4
4249238,9.849196083530362,8
4249242,9.945725106082378,4
4249246,9.948021660472781,4
4249249,9.951839089838215,3
4249263,9.309827774393641,14
4249274,9.78960353352555,11
4249281,9.884089099770957,7
4249289,9.84464550941982,8
4249290,10.0,1
4249298,9.852226698043172,8
4249305,9.87231687435217,7
4249318,9.705389615384751,13
4249330,9.738189217686484,12
4249338,9.853816300564974,8
4249343,9.926471346096813,5
4249347,9.9402786935357,4
4249360,9.713180451187746,13
4249361,10.0,1
4249373,9.745309394958245,12
4249381,9.831879616918679,8
4249394,9.72417139965568,13
4249401,9.865857679659076,7
4249411,9.788713445138736,10
4249423,9.729209893925741,12
4249437,9.680858806886864,14
4249449,9.72676545625245,12
4249454,9.914509528514005,5
4249460,9.906992436250679,6
4249470,9.790785864985702,10
4249478,9.859278645820856,8
4249492,9.687468513648337,14
4249501,9.819651005235434,9
4249511,9.763565711152406,10
4249523,9.737263371776006,12
4249524,10.0,1
4249532,9.85398187778664,8
4249533,9.996577732372296,1
4249545,9.71703096347686,12
4249551,9.899422215425739,6
4249561,9.798409366567965,10
4249572,9.770059146273972,11
4249581,9.603296930982419,9
4249595,9.68590215021542,14
4249605,9.77880740154318,10
4249614,9.796380443733053,9
4249625,9.757401520790765,11
4249640,9.714080293953254,15
4249648,9.862375032509803,8
4249667,9.596944663438824,19
4249673,9.905241746713005,6
4249685,9.765078611385128,12
4249692,9.873757765409529,7
4249700,9.824855727578614,8
4249710,9.790589957057177,10
4249713,9.962175821420459,3
4249718,9.90796103302641,5
4249725,9.876582506844859,7
4249738,9.686115848738119,13
4249744,9.911055087351247,6
4249754,9.78066352296826,10
4249768,9.695629728177861,14
4249773,9.915170409297316,5
4249777,9.936165731184747,4
4249789,9.734546160773036,12
4249793,9.933224424022958,4
4249806,9.732505977422527,13
4249807,10.0,1
4249808,10.0,1
4249821,9.70122958118269,13
4249824,9.953630866824456,3
4249838,9.68632574569347,14
4249852,9.69742286407877,14
4249859,9.86913634529596,7
4249866,9.585260284505011,7
4249872,9.90132696937316,6
4249883,9.747845705033178,11
4249889,9.906497418584788,6
4249904,9.700522738008067,15
4249916,9.745949687945584,12
4249931,9.698609482409326,15
4249937,9.904575291840365,6
4249943,9.899389864625801,6
4249950,9.860605764304863,7
4249957,9.864867779028506,7
4249958,10.0,1
4249963,9.92827507072744,5
4249971,9.840786048662594,8
4249980,9.818902499202576,9
4249981,9.99658105002179,1
4249986,9.916391632913355,5
4249990,9.935754748244388,4
4250008,9.644970090487405,18
4250012,9.94689925543012,4
4250023,9.754143316555414,11
4250033,9.81167799733572,10
4250048,9.684769991028725,15
4250053,9.91419016911676,5
4250061,9.849316607262939,8
4250072,9.762060601018886,11
4250083,9.772682410441952,11
4250089,9.88870278406183,6
4250100,9.790511807005975,11
4250111,9.744502616061155,11
4250122,9.780047674696073,11
4250133,9.805076914983372,11
4250138,9.898513304533967,5
4250139,10.0,1
4250144,9.910173496553492,5
4250145,10.0,1
4250159,9.679606445062005,14
4250167,9.827495209316186,8
4250172,9.914981549010344,5
4250178,9.890041868844682,6
4250182,9.949007755916982,4
4250186,9.934679509107578,4
4250194,9.830196554189467,8
4250200,9.872173835457163,6
4250211,9.74876375485694,11
4250220,9.807485214122558,9
4250221,10.0,1
4250222,10.0,1
4250232,9.776490475294446,10
4250240,9.850708206417426,8
4250250,9.81310239117167,10
4250256,9.892266163945859,6
4250257,10.0,1
4250265,9.848486339441223,8
4250271,9.88247292641518,6
4250272,10.0,1
4250279,9.864356827037016,7
4250286,9.861808481012792,7
4250297,9.760629918585193,11
4250310,9.710420517937347,13
4250319,9.803200915687933,9
4250325,9.882381357819,6
4250336,9.766965904669284,11
4250345,9.827342351097887,9
4250348,9.970893188361105,3
4250358,9.772512615972891,10
4250366,9.843932477557866,8
4250378,9.759427997133347,12
4250384,9.787199200950248,6
4250399,9.69597961053572,15
4250404,9.909533509805737,5
4250415,9.809478769933772,11
4250423,9.848870005402834,8
4250434,9.539565120781724,11
4250441,9.862908723945717,7
4250450,9.810154349699111,9
4250456,9.89935323929401,6
4250465,9.819653970625554,9
4250473,9.848243792195294,8
4250481,9.855923743459476,8
4250488,9.87057305426541,7
4250499,9.804633549691353,11
4250508,9.819446140887994,9
4250519,9.76552417567585,11
4250524,9.930882526069572,5
4250532,9.84270719828112,8
4250542,9.812414230182595,10
4250543,10.0,1
4250548,9.725022137896003,5
4250562,9.689421438481736,14
4250577,9.672853585813279,15
4250590,9.715761299329072,13
4250600,9.796843323692919,10
4250607,9.865432452384738,7
4250617,9.782155999743214,10
4250628,9.760031547885788,11
4250639,9.784111278348163,11
4250647,9.848606892313661,8
4250654,9.88077258212338,7
4250670,9.612915042686296,16
4250686,9.62363768135957,16
4250698,9.76486989403025,12
4250708,9.669158007177709,10
4250719,9.772531237101544,11
4250727,9.83873755821614,8
4250743,9.656521082722763,16
4250754,9.757683356602977,11
4250759,9.92689050942112,5
4250766,9.874391335667804,7
4250778,9.74484152848161,12
4250790,9.763657345134666,12
4250797,9.867375174980653,7
4250803,9.889177181049702,6
4250812,9.814375345597776,9
4250823,9.740146265873824,11
4250832,9.797644229237951,9
4250840,9.849236692087311,8
4250852,9.748913999926105,12
4250858,9.891307306707743,6
4250864,9.904574054961536,6
4250875,9.760730451920914,11
4250885,9.79689367938976,10
4250891,9.882755212030457,6
4250898,9.881841999626676,7
4250908,9.820858142508259,10
4250912,9.934136615817318,4
4250917,9.906533476409779,5
4250925,9.844841777974285,8
4250931,9.893100286172368,6
4250942,9.669824868140738,11
4250946,9.94910491822467,4
4250950,9.948669097257197,4
4250954,9.937204653848873,4
4250955,10.0,1
4250964,9.822876677130479,9
4250977,9.728053625302639,13
4250978,9.993387303772295,1
4250984,9.872838683166155,6
4250993,9.805163654213471,9
4250998,9.917840321556193,5
4251003,9.919604581297293,5
4251014,9.762561901559911,11
4251024,9.803621320681646,10
4251027,9.961376155792918,3
4251035,9.85277910399429,8
4251040,9.911352854423265,5
4251048,9.836456305864866,8
4251049,9.996828056872214,1
4251062,9.753618197537834,13
4251065,9.964127703524136,3
4251079,9.58934111797882,14
4251086,9.877228919866228,7
4251105,9.540422006407667,19
4251117,9.809698742776595,12
4251129,9.72465388530272,12
4251134,9.91813352908518,5
4251149,9.649651778536512,15
4251157,9.835256001411047,8
4251166,9.813642051660826,9
4251174,9.85507738802784,8
4251186,9.733208099060342,12
4251188,9.972176942660285,2
4251200,9.738048092281614,12
4251210,9.757468322701744,10
4251222,9.712235607840801,12
4251234,9.764087827638136,12
4251244,9.77092198063582,10
4251254,9.790585615567828,10
4251266,9.745161472957102,12
4251267,10.0,1
4251268,10.0,1
4251279,9.78953700841502,11
4251286,9.883503792935029,7
4251291,9.925146373164369,5
4251295,9.95262674687912,4
4251307,9.741499010290282,12
4251317,9.614714305215152,10
4251319,9.976408490990313,2
4251331,9.710890500317284,12
4251338,9.892919404994993,7
4251342,9.942231012152577,4
4251352,9.769999580144793,10
4251365,9.723406081301718,13
4251377,9.738181982401603,12
4251378,10.0,1
4251380,9.98331300031226,2
4251392,9.725892097940015,12
4251403,9.76736957884119,11
4251410,9.863368479624345,7
4251411,9.993061202172148,1
4251415,9.93773507650202,4
4251416,10.0,1
4251427,9.767427955791042,11
4251437,9.802695206949437,10
4251446,9.823793061867546,9
4251447,9.996060376679853,1
4251452,9.914894885492213,5
4251455,9.962995574081127,3
4251463,9.87000978784556,8
4251475,9.729981671209593,12
4251486,9.785185386840812,11
4251506,9.483235979512026,20
4251516,9.78963210407113,10
4251517,10.0,1
4251529,9.730505168900226,12
4251540,9.794642378919152,11
4251542,9.970728799711797,2
4251551,9.809760246383158,9
4251560,9.820105419310295,9
4251567,9.561322269145963,7
4251568,10.0,1
4251569,10.0,1
4251580,9.59897751279944,11
4251581,10.0,1
4251587,9.872834918300068,6
4251594,9.853822170537455,7
4251603,9.844996970587486,9
4251622,9.554178118021111,19
4251637,9.659211662313357,15
4251647,9.808473531317,10
4251653,9.90198324324303,6
4251666,9.724780200620598,13
4251681,9.698748597181822,15
4251690,9.840413969396064,9
4251700,9.77037630042373,10
4251712,9.776510468185739,12
4251720,9.84461073376148,8
4251729,9.828190191046419,9
4251743,9.67271159424454,14
4251750,9.87803858483828,7
4251763,9.735792616108974,13
4251767,9.949790987301247,4
4251772,9.935943030402115,5
4251781,9.852039272485985,9
4251790,9.793567561693454,9
4251797,9.855015953034574,7
4251803,9.899511920400753,6
4251813,9.814138066196955,10
4251828,9.657531012399398,15
4251841,9.70282464557408,13
4251849,9.759139135374795,8
4251857,9.852869299540012,8
4251868,9.68910429056674,11
4251874,9.88208251137718,6
4251880,9.878555239612314,6
4251882,9.977948960700862,2
4251891,9.803579627981355,9
4251900,9.806508951223961,9
4251905,9.921028324398094,5
4251918,9.693641033148479,13
4251928,9.789049181699337,10
4251939,9.768032541152088,11
4251941,9.970671939102077,2
4251955,9.680109706986292,14
4251965,9.806450127088226,10
4251966,10.0,1
4251983,9.669396196048195,17
4251993,9.815398063134406,10
4252002,9.807891336790911,9
4252009,9.863875690325695,7
4252021,9.738683315408469,12
4252026,9.922256674460035,5
4252030,9.93693297748005,4
4252031,10.0,1
4252037,9.88691790790445,6
4252042,9.92668199356707,5
4252054,9.77405336521992,12
4252068,9.696655629941144,14
4252077,9.806251077867396,9
4252099,9.440070732052105,22
4252103,9.942327005500841,4
4252113,9.81279600598139,10
4252126,9.716238160891152,13
4252129,9.954120705642861,3
4252134,9.90145218803461,5
4252151,9.582608659414399,17
4252159,9.861072666086606,8
4252160,10.0,1
4252172,9.726637528021913,12
4252173,10.0,1
4252180,9.86265640653929,7
4252190,9.751296591675427,10
4252201,9.766814042595191,11
4252209,9.832138495159231,8
4252213,9.927644471923399,4
4252224,9.757066921008278,11
4252231,9.847021457656655,7
4252244,9.733429817141644,13
4252256,9.75894326150068,12
4252269,9.702241431426032,13
4252279,9.68319228818014,10
4252291,9.775155485750794,12
4252300,9.814091705107195,9
4252305,9.90377254402646,5
4252315,9.79562534679311,10
4252324,9.803331820761425,9
4252328,9.929368524021616,4
4252329,9.992630444920447,1
4252330,10.0,1
4252340,9.789429953192352,10
4252347,9.793291269791732,7
4252356,9.817804592165649,9
4252365,9.799322819522951,9
4252373,9.849961948620667,8
4252381,9.859684343649576,8
4252389,9.838206251082886,8
4252397,9.877839914098894,8
4252412,9.673229492822855,15
4252421,9.83433615094728,9
4252425,9.937431456817576,4
4252429,9.95188624705315,4
4252441,9.73795957142417,12
4252448,9.863880563010296,7
4252456,9.822702874907874,8
4252464,9.858325627901488,8
4252467,9.966947308399362,3
4252477,9.780231146397279,10
4252485,9.864796573372304,8
4252490,9.935313657065846,5
4252502,9.740932885762222,12
4252511,9.837161879080874,9
4252527,9.445234549079725,16
4252541,9.724386667935912,14
4252543,9.985201553947249,2
4252550,9.854913057512977,7
4252555,9.906645455405016,5
4252561,9.782481623112366,6
4252573,9.726086097714198,12
4252574,9.996678083614063,1
4252580,9.887462460971756,6
4252584,9.932765150291557,4
4252594,9.812588250486854,10
4252595,10.0,1
4252599,9.930410719514649,4
4252612,9.721241870299643,13
4252624,9.72975727715161,12
4252634,9.835486669619678,10
4252635,10.0,1
4252641,9.89451752483178,6
4252644,9.956546394754207,3
4252650,9.896683673248882,6
4252652,9.976154676084802,2
4252657,9.929014317409838,5
4252665,9.854461287274345,8
4252677,9.74266271979027,12
4252687,9.787732906461645,10
4252691,9.940978052551106,4
4252695,9.931884226957944,4
4252702,9.848850560330133,7
4252703,9.99631408513337,1
4252704,10.0,1
4252718,9.718502533499406,14
4252725,9.848134341982682,7
4252735,9.789536875503257,10
4252743,9.842574394320973,8
4252744,10.0,1
4252755,9.742139215020714,11
4252757,9.973391099271192,2
4252764,9.865555516510284,7
4252773,9.84456765337741,9
4252781,9.867083593132582,8
4252791,9.795442901066853,10
4252801,9.80214646034923,10
4252810,9.803812651887174,9
4252821,9.74658082217717,11
4252838,9.5860168932403,17
4252849,9.76516165489685,11
4252858,9.813969192295927,9
4252866,9.863753941215018,8
4252877,9.757748837246364,11
4252885,9.850644429905456,8
4252893,9.846619941604176,8
4252897,9.933197133644335,4
4252904,9.88953180088638,7
4252921,9.65432479420544,17
4252927,9.88531272520532,6
4252941,9.694379164068048,14
4252947,9.891067609909515,6
4252960,9.712539339867988,13
4252967,9.876533641301517,7
4252976,9.85013495901162,9
4252984,9.879733228938385,8
4252990,9.896859443026862,6
4253000,9.784514910695547,10
4253038,7.673059338141542,38
4253043,9.914628962519854,5
4253053,9.794395071501219,10
4253138,7.572404081092994,85
4253155,9.586307679318226,17
4253169,9.716589972391315,14
4253176,9.865892991040855,7
4253188,9.751122188408353,12
4253201,9.745247632876897,13
4253216,9.712515813566156,15
4253238,9.452903853495918,22
4253254,9.644218689956215,16
4253266,9.712402615496591,12
4253274,9.826964657964577,8
4253278,9.936446055712041,4
4253283,9.917335540755705,5
4253284,10.0,1
4253290,9.88872870829417,6
4253297,9.866547640256844,7
4253308,9.758912497202786,11
4253309,10.0,1
4253314,9.918247188088827,5
4253315,10.0,1
4253325,9.793295046354602,10
4253332,9.861903006160324,7
4253336,9.944476385666867,4
4253343,9.869607538502812,7
4253354,9.766580022068075,11
4253363,9.823962951877121,9
4253374,9.765792175094731,11
4253375,10.0,1
4253380,9.926516453788953,5
4253385,9.93122090542222,5
4253396,9.442687056715952,11
4253413,9.636262052040045,17
4253420,9.851091344921493,7
4253430,9.795227438241936,10
4253437,9.842624673892434,7
4253445,9.847800234938154,8
4253447,9.970874600133689,2
4253456,9.80040143930043,9
4253459,9.96339111936305,3
4253460,10.0,1
4253467,9.865856232488891,7
4253474,9.875621552859148,7
4253476,9.972051228211694,2
4253485,9.80379025074787,9
4253496,9.771796532837165,11
4253500,9.92180719766556,4
4253509,9.8221497785464,9
4253517,9.830269453621534,8
4253523,9.89621020775893,6
4253525,9.984078506458417,2
4253528,9.959343930443454,3
4253542,9.707201689859975,14
4253551,9.823179119593197,9
4253563,9.723375858547595,12
4253575,9.7107033827009,12
4253583,9.836571572125838,8
4253591,9.838306938993632,8
4253600,9.79493186923352,9
4253611,9.683301516865411,11
4253620,9.83416056854282,9
4253623,9.962287702427442,3
4253631,9.82517188218426,8
4253640,9.809580573143835,9
4253651,9.74977635354853,11
4253663,9.753607071280456,12
4253673,9.807140018205784,10
4253674,10.0,1
4253680,9.884846166812897,6
4253693,9.718452516953805,13
4253703,9.834197086446084,10
4253709,9.88797504907279,6
4253722,9.685064761311107,13
4253735,9.712565014154205,13
4253742,9.860980134962215,7
4253751,9.807974750535934,9
4253762,9.756812106175193,11
4253766,9.945731652051508,4
4253775,9.801490554544358,9
4253780,9.920542803485997,5
4253785,9.92432749049718,5
4253786,10.0,1
4253795,9.817678542438365,9
4253808,9.518016151779667,13
4253821,9.727020447787668,13
4253829,9.838546404381125,8
4253830,10.0,1
4253838,9.835926095350963,8
4253843,9.908026693289411,5
4253848,9.922395448945727,5
4253861,9.730597359684554,13
4253872,9.767396472870649,11
4253887,9.680085439524316,15
4253899,9.733617430959722,12
4253900,10.0,1
4253906,9.881034646262005,6
4253916,9.78690598330864,10
4253926,9.56831786559443,10
4253927,10.0,1
4253936,9.817138944168049,9
4253948,9.526418120393508,12
4253955,9.864801675603097,7
4253962,9.887406999878989,7
4253967,9.921349620282587,5
4253976,9.846119127515227,9
4253990,9.693218471628173,14
4253998,9.825738710703776,8
4253999,10.0,1
4254013,9.694997486867903,14
4254020,9.860084395100367,7
4254034,9.69880393937082,14
4254043,9.836223284641228,9
4254049,9.905616786581884,6
4254052,9.964426423984342,3
4254063,9.754209957752195,11
4254082,9.514962628853672,19
4254087,9.921421286915091,5
4254090,9.95648029990309,3
4254095,9.925688188549868,5
4254106,9.757819484731883,11
4254112,9.901628540778768,6
4254124,9.737680183235831,12
4254126,9.97033203300022,2
4254135,9.824254459023175,9
4254148,9.701169668792405,13
4254155,9.8582555832949,7
4254166,9.758295658811928,11
4254178,9.746267823927733,12
4254189,9.769109137540411,11
4254190,10.0,1
4254200,9.801736255455939,10
4254214,9.672755217396976,14
4254222,9.83328748647425,8
4254236,9.652672639498734,14
4254240,9.93669046947603,4
4254245,9.901218534453822,5
4254256,9.77094805083351,11
4254257,10.0,1
4254260,9.967778235763491,3
4254271,9.756362233096615,11
4254272,10.0,1
4254286,9.672720478110891,14
4254289,9.96131200990546,3
4254290,10.0,1
4254293,9.958288707907863,3
4254306,9.716087217200121,13
4254307,10.0,1
4254312,9.927783389626097,5
4254319,9.877737901503542,7
4254323,9.936645202788617,4
4254331,9.857291385213724,8
4254340,9.810271807525309,9
4254347,9.882422627806324,7
4254352,9.924576732652293,5
4254361,9.84599050003045,9
4254366,9.920813871670443,5
4254373,9.850893797783783,7
4254379,9.894985852508935,6
4254387,9.845238636568874,8
4254388,10.0,1
4254396,9.862712299469893,8
4254408,9.735456872628102,12
4254418,9.78699509469192,10
4254425,9.875123457795395,7
4254430,9.93016475418106,5
4254431,9.993476183183015,1
4254437,9.897939057448706,6
4254438,9.993865975585047,1
4254443,9.921460101291569,5
4254455,9.789171407812432,12
4254463,9.886106689718266,8
4254470,9.870528341616744,7
4254471,10.0,1
4254473,9.97569784548756,2
4254488,9.678506216731552,15
4254503,9.661147923786341,15
4254516,9.713675784971876,13
4254525,9.816626897150297,9
4254542,9.642726340293796,17
4254547,9.917625547909555,5
4254557,9.782204682673168,10
4254569,9.737398431220875,12
4254580,9.772091117590517,11
4254590,9.780883710055567,10
4254598,9.844784998301888,8
4254608,9.795241254734444,10
4254619,9.791626049260241,11
4254626,9.862429803738399,7
4254633,9.871613903919553,7
4254645,9.73859411861074,12
4254652,9.85308108822276,7
4254662,9.79759128471339,10
4254672,9.781432396993434,10
4254678,9.902097421605518,6
4254686,9.864068484826767,8
4254687,10.0,1
4254688,9.993606866112076,1
4254694,9.891393337146003,6
4254700,9.88549738902993,6
4254716,9.628856211094673,16
4254718,9.984772121618745,2
4254726,9.862777392599689,8
4254735,9.819918501590907,9
4254741,9.901745391232739,6
4254754,9.764253644169782,13
4254764,9.790127951791845,10
4254775,9.745926124571053,11
4254778,9.862486220354464,3
4254782,9.933506723530938,4
4254786,9.947998124360247,4
4254790,9.927868228364483,4
4254800,9.799946840242548,10
4254806,9.890708686953998,6
4254818,9.716683161979423,12
4254827,9.796961544909289,9
4254835,9.825881364085173,8
4254841,9.885876125945819,6
4254842,10.0,1
4254846,9.936761028295225,4
4254855,9.841519116065895,9
4254856,9.99253400455237,1
4254869,9.68961707599827,13
4254880,9.741431699148979,11
4254882,9.982542313415138,2
4254892,9.779241093283403,10
4254903,9.76015856231989,11
4254907,9.946038187460347,4
4254920,9.71584623017765,13
4254929,9.831774613901327,9
4254952,9.132069840138158,23
4254969,9.664273197415444,17
4254977,9.85461383223644,8
4254989,9.806453324928594,12
4255000,9.764767794804953,11
4255012,9.728195397783475,12
4255024,9.787925695899215,12
4255031,9.84608651449153,7
4255037,9.900906009556408,6
4255048,9.776047795208092,11
4255049,10.0,1
4255054,9.900642398235634,5
4255061,9.85266068082953,7
4255062,10.0,1
4255068,9.905147858996347,6
4255079,9.78807557897191,11
4255096,9.643547436250737,17
4255105,9.823624648624303,9
4255114,9.848641499054574,9
4255123,9.809310288086953,9
4255137,9.69201106390799,14
4255139,9.978924673266459,2
4255150,9.777508076677552,11
4255151,9.993557993784899,1
4255165,9.731705222903875,14
4255174,9.84476581739888,9
4255179,9.921825027663031,5
4255185,9.896128950177452,6
4255187,9.980711059448742,2
4255201,9.680365048893433,14
4255211,9.822482712832027,10
4255212,10.0,1
4255219,9.888632132854,7
4255220,9.992438017745885,1
4255227,9.862747974729702,7
4255241,9.69147725278551,14
4255255,9.71429774385953,14
4255262,9.89457163818634,7
4255270,9.855211820326074,8
4255277,9.861600552580187,7
4255284,9.876924145831232,7
4255296,8.895513607228436,12
4255308,9.7624259772994,12
4255320,9.734299111483883,12
4255330,9.819176365343127,10
4255336,9.8875864607458,6
4255351,9.687251414989948,15
4255365,9.681768176107683,14
4255366,10.0,1
4255368,9.973118566556295,2
4255381,9.701221912951375,13
4255388,9.867969190455831,7
4255395,9.894831665611793,7
4255410,9.634923663488372,15
4255411,10.0,1
4255414,9.966503242180375,3
4255428,9.712928400784689,14
4255441,9.728225892635017,13
4255454,9.715069051483566,13
4255463,9.83551737806395,9
4255472,9.821886374387162,9
4255480,9.85681803149816,8
4255486,9.879259663603671,6
4255491,9.93241145684617,5
4255505,9.685796833219454,14
4255513,9.845391420582846,8
4255523,9.782024127356854,10
4255528,9.898307267944237,5
4255540,9.742832856020287,12
4255556,9.652736666601502,16
4255567,9.748510760989,11
4255570,9.959462241985717,3
4255580,9.800065909839434,10
4255592,9.760150197708624,12
4255613,9.540243668939024,21
4255626,9.710700351821231,13
4255640,9.706273178431948,14
4255653,9.715046528317837,13
4255661,9.844368029703034,8
4255674,9.713921093885633,13
4255681,9.870457564364207,7
4255692,9.75639233844267,11
4255702,9.810857626549993,10
4255709,9.865758674492392,7
4255714,9.915360539672097,5
4255719,9.928378697298218,5
4255727,9.83283507119818,8
4255736,9.84062297145474,9
4255745,9.826057390876906,9
4255750,9.924702152344764,5
4255758,9.832836121653797,8
4255766,9.856540163870402,8
4255771,9.917239719580282,5
4255773,9.973729328409641,2
4255777,9.9351712050285,4
4255782,9.911077813075828,5
4255794,9.722613417159074,12
4255802,9.827093463011101,8
4255811,9.628511836050986,9
4255821,9.796357100683668,10
4255822,10.0,1
4255840,9.567052485346373,18
4255853,9.70105458124048,13
4255854,10.0,1
4255863,9.809121979296739,9
4255874,9.663957234775866,11
4255879,9.909790010384809,5
4255891,9.644065373980204,12
4255902,9.741835684004482,11
4255913,9.789520688714127,11
4255918,9.901592266223116,5
4255932,9.560078643976613,14
4255939,9.870392453936844,7
4255945,9.905280130778426,6
4255956,9.689786184414038,11
4255971,9.607783523787008,15
4255985,9.674995076808793,14
4256000,9.66564002815528,15
4256001,10.0,1
4256004,9.954210961819468,3
4256009,9.912001159468128,5
4256010,10.0,1
4256017,9.880367750302502,7
4256025,9.872405606643053,8
4256035,9.811742585991729,10
4256044,9.829721439960537,9
4256048,9.92890909150219,4
4256056,9.84341378555182,8
4256063,9.860744359431504,7
4256071,9.869927187085608,8
4256072,10.0,1
4256078,9.891383731197948,6
4256086,9.84826779329167,8
4256096,9.785154751784667,10
4256100,9.950412996621004,4
4256105,9.918432395438753,5
4256109,9.928602604044585,4
4256123,9.704454479371268,14
4256130,9.8769496628126,7
4256139,9.835167019489427,9
4256142,9.948604813287547,3
4256159,9.607508933710074,17
4256171,9.815390230745503,12
4256172,10.0,1
4256174,9.977626504196364,2
4256189,9.652919498815542,15
4256193,9.93250866979632,4
4256206,9.72149373694226,13
4256216,9.774610293645255,10
4256220,9.95594081250578,4
4256229,9.821815813336318,9
4256239,9.817469364337489,10
4256240,10.0,1
4256250,9.805955809861594,10
4256262,9.743757080531449,12
4256273,9.747288835242136,11
4256292,9.370467081575788,19
4256293,10.0,1
4256304,9.778979072610017,11
4256312,9.826004528561976,8
4256324,9.73042254505544,12
4256337,9.536528617622206,13
4256348,9.755552476532115,11
4256363,9.596737127182774,15
4256367,9.92658611690112,4
4256379,9.726965990031179,12
4256392,9.517575582645916,13
4256397,9.93043716118837,5
4256407,9.749481016646085,10
4256419,9.748353394811739,12
4256432,9.741407963165383,13
4256433,10.0,1
4256434,10.0,1
4256448,9.618401778601482,14
4256455,9.86223883205431,7
4256463,9.83978782863116,8
4256479,9.625906793714298,16
4256480,10.0,1
4256484,9.928679706976174,4
4256490,9.89624297390226,6
4256498,9.844464795248893,8
4256501,9.949334010136415,3
4256511,9.806011274915337,10
4256519,9.820581695430137,8
4256527,9.870297410199287,8
4256536,9.838587648156532,9
4256542,9.911096207463105,6
4256557,9.562722870708777,15
4256575,9.589114289095596,18
4256583,9.845924099653221,8
4256589,9.905253143380186,6
4256604,9.631073916157286,15
4256605,10.0,1
4256623,9.57095107722489,18
4256640,9.630861756800986,17
4256645,9.916659285846878,5
4256658,9.725490540573116,13
4256662,9.939122187999192,4
4256674,9.530934631305275,12
4256680,9.907695944772602,6
4256695,9.670565664340621,15
4256706,9.77580949171138,11
4256718,9.786160766959703,12
4256725,9.89082448836275,7
4256726,10.0,1
4256733,9.883663261913446,7
4256734,10.0,1
4256740,9.882752982927167,6
4256741,10.0,1
4256752,9.749056047499222,11
4256762,9.810592737519457,10
4256770,9.831042922526771,8
4256771,10.0,1
4256778,9.877757875109399,7
4256785,9.685597479590955,7
4256787,9.96885226575243,2
4256790,9.9529769323693,3
4256794,9.933999567211842,4
4256801,9.864084205522664,7
4256808,9.867741345929785,7
4256818,9.809083793359324,10
4256827,9.847078971012714,9
4256832,9.925645109136626,5
4256836,9.941702063680363,4
4256846,9.799292787713503,10
4256851,9.91784761435844,5
4256860,9.831534829717915,9
4256861,9.992303214903597,1
4256869,9.84768725738644,8
4256870,9.99176720785962,1
4256871,10.0,1
4256876,9.911326319961084,5
4256877,10.0,1
4256887,9.789141440523773,10
4256901,9.69989362956884,14
4256917,9.54615774095594,16
4256921,9.934410675146939,4
4256929,9.825044529608137,8
4256936,9.870009933205417,7
4256941,9.90511124629374,5
4256947,9.908882804051832,6
4256950,9.952664420458154,3
4256963,9.737535425027582,13
4256969,9.882604750255998,6
4256979,9.781056142965397,10
4256994,9.695127630270923,15
4256996,9.980883412838978,2
4257005,9.830350058570984,9
4257013,9.827170022976643,8
4257027,9.368059839367454,14
4257032,9.908673256985791,5
4257042,9.803315781290893,10
4257057,9.640510470155254,15
4257071,9.675319941299524,14
4257080,9.809639002565396,9
4257086,9.892519458710417,6
4257090,9.94746878791756,4
4257098,9.837041482894488,8
4257110,9.73110111274848,12
4257124,9.677881410193026,14
4257138,9.695140291595713,14
4257152,9.69385376400014,14
4257158,9.878671404717771,6
4257164,9.908109435954156,6
4257177,9.689670335415927,13
4257182,9.902107929412027,5
4257185,9.968387475626887,3
4257197,9.769101096939,12
4257212,9.681509420900484,15
4257216,9.94492387638078,4
4257230,9.67603594986043,14
4257237,9.855378554193111,7
4257250,9.752625184939754,13
4257265,9.688762087102887,15
4257274,9.82179466531643,9
4257284,9.789274962546148,10
4257285,10.0,1
4257299,9.69367791697024,14
4257305,9.919041124136335,6
4257309,9.956055663870126,4
4257321,9.73545470220099,12
4257326,9.902970151164267,5
4257335,9.809739771745543,9
4257345,9.785143394845617,10
4257353,9.837803969935614,8
4257358,9.91214107599978,5
4257363,9.9163346163249,5
4257369,9.894526867956085,6
4257379,9.817800902131431,10
4257392,9.709124576371103,13
4257393,10.0,1
4257399,9.89269022451275,6
4257402,9.967822150236042,3
4257410,9.831918415050344,8
4257425,9.663940812608304,15
4257440,9.631721925924182,15
4257451,9.76136372450731,11
4257454,9.963022109014002,3
4257464,9.804390557904679,10
4257474,9.784782635485854,10
4257487,9.734714651754164,13
4257493,9.905392667912716,6
4257498,9.908350990396093,5
4257513,9.671309955378293,15
4257527,9.71935876014182,14
4257543,9.626179691815882,16
4257553,9.769169744460402,10
4257560,9.866123550968654,7
4257572,9.755966747251184,12
4257580,9.840157652946301,8
4257584,9.928114212595263,4
4257594,9.77768244992786,10
4257607,9.690469079825055,13
4257617,9.808742621694693,10
4257623,9.886779357073797,6
4257624,10.0,1
4257628,9.933722595305529,4
4257638,9.81079607572038,10
4257645,9.87109960438997,7
4257654,9.841385844263732,9
4257666,9.712101245075248,12
4257671,9.905727223398458,5
4257676,9.915445875851427,5
4257677,10.0,1
4257682,9.925732672668952,5
4257688,9.898002518188283,6
4257689,10.0,1
4257697,9.815062468740107,8
4257706,9.80654006297204,9
4257717,9.78807511444096,11
4257722,9.830021908490277,5
4257725,9.960631778309358,3
4257741,9.625950475344572,16
4257756,9.713266888018735,15
4257769,9.736672549178893,13
4257773,9.937712482353918,4
4257789,9.664048783777258,16
4257808,9.582723366720765,19
4257814,9.889682246583096,6
4257815,10.0,1
4257822,9.878852228600138,7
4257829,9.857085990788313,7
4257833,9.738974842579294,4
4257845,9.774207696993505,12
4257861,9.634188865667067,16
4257871,9.792376785121489,10
4257872,10.0,1
4257874,9.978370754795288,2
4257875,10.0,1
4257876,10.0,1
4257877,9.996539405550404,1
4257880,9.959248855773087,3
4257898,9.491479587868083,18
4257916,9.544593544408949,18
4257928,9.560639120144176,12
4257933,9.927046827246201,5
4257945,9.718713322348474,12
4257949,9.948341774315603,4
4257966,9.623002519710377,17
4257974,9.83971378898468,8
4257978,9.938816857057905,4
4257983,9.918099948854428,5
4257986,9.969290476235109,3
4258005,9.399448507386396,19
4258016,9.785194819946193,11
4258023,9.863581839811731,7
4258035,9.786143679781352,12
4258048,9.700933163833009,13
4258058,9.78131974986689,10
4258061,9.952450319400542,3
4258069,9.842626117452365,8
4258074,9.916737925220934,5
4258079,9.921692491525203,5
4258092,9.710739856622428,13
4258093,10.0,1
4258104,9.78332274066785,11
4258114,9.819132883227502,10
4258120,9.915923002508126,6
4258133,9.724639444876333,13
4258141,9.846188502632389,8
4258146,9.918331478081042,5
4258153,9.895713445618616,7
4258171,9.331569809226526,18
4258182,9.762101593255503,11
4258191,9.839164831439888,9
4258197,9.895622081140294,6
4258208,9.75033236974651,11
4258212,9.945842863632498,4
4258223,9.745307335865164,11
4258235,9.642381744700577,12
4258236,9.99680471448774,1
4258244,9.856930883238565,8
4258255,9.765197818786088,11
4258264,9.798874561978133,9
4258269,9.927230779241107,5
4258274,9.927659206011677,5
4258279,9.916847425028756,5
4258286,9.892304793710606,7
4258292,9.87392962705426,6
4258298,9.88225530380591,6
4258307,9.846845375417574,9
4258318,9.80286070388483,11
4258331,9.721009246075228,13
4258339,9.850795070160494,8
4258340,9.992999973128427,1
4258352,9.727682080528636,12
4258365,9.720706119064056,13
4258381,9.6437598075859,16
4258385,9.944366106617386,4
4258393,9.842533692200368,8
4258401,9.831412621071193,8
4258411,9.808505877302743,10
4258421,9.78948314729527,10
4258434,9.764950407922639,13
4258435,10.0,1
4258436,9.992706572299891,1
4258446,9.790003255445855,10
4258453,9.877819597380164,7
4258459,9.87521192055071,6
4258466,9.865672977343168,7
4258473,9.871163966369581,7
4258479,9.914863380488459,6
4258489,9.789899848102685,10
4258499,9.771341498977339,10
4258510,9.751053680108168,11
4258519,9.823800551005386,9
4258526,9.874796108470584,7
4258537,9.753988439385168,11
4258538,9.996463278450028,1
4258553,9.667579907942098,15
4258560,9.870841666521832,7
4258570,9.780842101938392,10
4258581,9.750505495517578,11
4258585,9.954548676398945,4
4258593,9.87626743567502,8
4258600,9.875665924752866,7
4258608,9.836271352799757,8
4258620,9.762376246798562,12
4258633,9.725890663067332,13
4258634,10.0,1
4258637,9.953901133983386,3
4258659,9.445320560875459,22
4258663,9.953383078732987,4
4258670,9.881500825268056,7
4258677,9.871132685214622,7
4258684,9.874685466422237,7
4258696,9.731848151408585,12
4258704,9.831818144910661,8
4258713,9.804374171470027,9
4258724,9.782760694288415,11
4258741,9.610192611919633,17
4258746,9.913284152658145,5
4258754,9.659095279395954,8
4258763,9.8177396743783,9
4258780,9.604725877838314,17
4258786,9.89229538489476,6
4258798,9.716480784513031,12
4258810,9.757921511985732,12
4258819,9.80497093082449,9
4258823,9.932758228040262,4
4258833,9.807570336654024,10
4258845,9.722643058078347,12
4258846,10.0,1
4258854,9.861283291962627,8
4258861,9.870139889591583,7
4258866,9.907320249507984,5
4258876,9.78311103137827,10
4258888,9.69884439911726,12
4258894,9.88798473588128,6
4258902,9.82614692207201,8
4258915,9.72972614102395,13
4258922,9.852839739371538,7
4258932,9.794939871076508,10
4258938,9.875995532374576,6
4258942,9.940704616047977,4
4258944,9.978566723639167,2
4258948,9.936322646059091,4
4258954,9.914681107197165,6
4258957,9.953189865180342,3
4258958,9.991253110474975,1
4258964,9.887693125209472,6
4258975,9.748225281694559,11
4258982,9.870689080678996,7
4258983,10.0,1
4258989,9.904838682124426,6
4259010,9.333928719809798,21
4259019,9.818451398573984,9
4259034,9.692099922963184,15
4259043,9.83497883545267,9
4259055,9.706494851434105,12
4259057,9.973974697677649,2
4259064,9.893489749238977,7
4259074,9.791661114143324,10
4259086,9.746372241801405,12
4259090,9.949967154330606,4
4259096,9.899004625275436,6
4259098,9.984868415511206,2
4259103,9.907761721185558,5
4259115,9.75853990061874,12
4259131,9.645803308304929,16
4259138,9.878846291451449,7
4259146,9.84154778447027,8
4259163,9.588688054763374,17
4259169,9.901423347910276,6
4259181,9.762449757700487,12
4259193,9.760529624914444,12
4259199,9.886490180194608,6
4259201,9.972162834116444,2
4259202,10.0,1
4259216,9.716328791798436,14
4259217,9.996555364575451,1
4259227,9.7795388839748,10
4259237,9.673609982349493,10
4259241,9.94500074180089,4
4259253,9.742247602543275,12
4259261,9.843995138305116,8
4259273,9.748080099490812,12
4259276,9.656606559085617,3
4259286,9.803054949429468,10
4259298,9.75367137715964,12
4259309,9.738682657772024,11
4259320,9.744082323869767,11
4259327,9.881747285077962,7
4259331,9.936186134513129,4
4259332,10.0,1
4259341,9.60929530833079,9
4259344,9.965514483241103,3
4259350,9.911069312233622,6
4259364,9.685310423958361,14
4259368,9.932263363848998,4
4259372,9.940350148725726,4
4259385,9.712891484131363,13
4259390,9.931286968637613,5
4259396,9.872000121913828,6
4259404,9.836083465464263,8
4259416,9.749761122899603,12
4259424,9.848586266592513,8
4259436,9.763301833261114,12
4259450,9.658712781909875,14
4259453,9.956018904747129,3
4259456,9.955096080789696,3
4259464,9.829774213683852,8
4259466,9.983383858060314,2
4259476,9.784856745636745,10
4259481,9.920589374727998,5
4259489,9.836510200164367,8
4259501,9.72466592102817,12
4259506,9.913605405333351,5
4259507,10.0,1
4259516,9.849314136008859,9
4259536,9.556403385830844,20
4259547,9.782946844801755,11
4259548,10.0,1
4259560,9.75557301485731,12
4259565,9.902290053473772,5
4259570,9.918736898966499,5
4259585,9.642092384995559,15
4259589,9.93637605219838,4
4259602,9.72174175376278,13
4259606,9.93264074330446,4
4259617,9.777006479363235,11
4259627,9.788328532254658,10
4259632,9.910330172675652,5
4259636,9.934157916842317,4
4259638,9.978725645858914,2
4259655,9.616401096747307,17
4259661,9.899925530374535,6
4259675,9.660607884742918,14
4259687,9.762210217146528,12
4259696,9.810935300774023,9
4259699,9.862053792961765,3
4259704,9.922371624204935,5
4259710,9.9016290105314,6
4259724,9.50217620018714,14
4259733,9.832806779252065,9
4259740,9.86728257689823,7
4259745,9.944564248218446,5
4259755,9.825458138006836,10
4259758,9.972000966829919,3
4259760,9.97492351729008,2
4259762,9.984189346906412,2
4259773,9.763811761290638,11
4259781,9.87011283382492,8
4259793,9.735138176524917,12
4259810,9.605275067540404,17
4259811,10.0,1
4259825,9.565174928184108,14
4259835,9.804883511492418,10
4259836,10.0,1
4259837,10.0,1
4259848,9.778683485670653,11
4259853,9.92558497484164,5
4259869,9.648375653157384,16
4259881,9.732780916318848,12
4259894,9.713002031176979,13
4259905,9.751160030819294,11
4259912,9.886920824284665,7
4259922,9.776557277627425,10
4259931,9.846694717415588,9
4259940,9.795382920466661,9
4259950,9.606539579825043,10
4259958,9.84487444392533,8
4259967,9.852115018404335,9
4259970,9.951583630311438,3
4259977,9.884196161754142,7
4259983,9.893091690642988,6
4259987,9.933816765494603,4
4259998,9.760803866472052,11
4260006,9.854078432914212,8
4260012,9.906263096356703,6
4260018,9.886121783650916,6
4260023,9.907875267391518,5
4260034,9.753635855939766,11
4260039,9.922726810143718,5
4260045,9.901639101218201,6
4260056,9.799695720939592,11
4260062,9.90662234070704,6
4260063,10.0,1
4260070,9.879986533680487,7
4260078,9.856690505070661,8
4260097,9.578574652129813,19
4260104,9.867163301757,7
4260110,9.901132376762108,6
4260116,9.892030503639818,6
4260130,9.719482410856909,14
4260135,9.919774864697677,5
4260136,9.996519783277707,1
4260149,9.7168997531398,13
4260150,10.0,1
4260154,9.933900209764065,4
4260167,9.753387966986137,13
4260177,9.802812424240917,10
4260218,9.210367572113462,41
4260231,9.719564917631667,13
4260244,9.700712322962497,13
4260255,9.74014048772508,11
4260267,9.751923129341474,12
4260273,9.900336770094707,6
4260282,9.840410037328494,9
4260283,10.0,1
4260284,10.0,1
4260290,9.893620386474721,6
4260302,9.729904759976643,12
4260309,9.870922622270802,7
4260319,9.82057450365728,10
4260325,9.908808854403283,6
4260332,9.880534385143825,7
4260338,9.905569934998018,6
4260346,9.88257303766419,8
4260359,9.706490802029347,13
4260361,9.974653494951848,2
4260366,9.902235749549538,5
4260373,9.86943184600017,7
4260381,9.74175347203094,8
4260387,9.876163939259012,6
4260402,9.687860157957257,15
4260409,9.87129340149809,7
4260410,10.0,1
4260418,9.847619791533903,8
4260424,9.901757462940262,6
4260433,9.797929902578288,9
4260442,9.8338654535056,9
4260450,9.836013654445585,8
4260460,9.800029358197282,10
4260464,9.935742178389848,4
4260474,9.805707189710006,10
4260481,9.859239321685754,7
4260491,9.784125112356618,10
4260503,9.738098020322262,12
4260507,9.933854429841112,4
4260514,9.879328716967684,7
4260534,9.520791747513755,20
4260541,9.885597078864194,7
4260553,9.74665414589752,12
4260559,9.906047734345604,6
4260568,9.807709229460828,9
4260577,9.818555644734799,9
4260585,9.836598155688666,8
4260588,9.972250623259395,3
4260591,9.962088232908776,3
4260601,9.784519061736688,10
4260612,9.756491405168468,11
4260621,9.834801813821976,9
4260622,9.996319792987855,1
4260632,9.79019180965193,10
4260643,9.775565649610787,11
4260652,9.810282588014,9
4260653,10.0,1
4260661,9.849854206143783,8
4260679,9.560490598722437,18
4260697,9.55149303421858,18
4260707,9.787909220027874,10
4260719,9.735621013053747,12
4260731,9.744269633588633,12
4260746,9.646746710660034,15
4260762,9.645769118899384,16
4260774,9.783371944678168,12
4260785,9.744600686513042,11
4260799,9.68867497966732,14
4260803,9.938934386880003,4
4260812,9.796831350343965,9
4260813,9.988120328231108,1
4260820,9.664724495107485,7
4260823,9.963923260454832,3
4260826,9.949791402367488,3
4260840,9.669636604170096,14
4260850,9.781180936596236,10
4260857,9.857393049793886,7
4260858,10.0,1
4260863,9.922111478616824,5
4260867,9.944926502830164,4
4260868,10.0,1
4260869,9.9912469648877,1
4260880,9.756188304213273,11
4260887,9.871601595608187,7
4260901,9.683684926695497,14
4260916,9.66406868389658,15
4260921,9.927359105151346,5
4260932,9.775526762173635,11
4260944,9.720396007623867,12
4260948,9.939056755596612,4
4260958,9.803864414972399,10
4260968,9.770164830118716,10
4260977,9.849304736292956,9
4260994,9.629968160159928,17
4261007,9.73140159422666,13
4261016,9.820773317137528,9
4261018,9.972060078417188,2
4261028,9.569194268929207,10
4261034,9.89813196643952,6
4261040,9.908804476566102,6
4261051,9.803560260775729,11
4261062,9.78511334526128,11
4261073,9.560828458832267,11
4261082,9.806407869737617,9
4261099,9.580207912874346,17
4261100,10.0,1
4261107,9.850461111105902,7
4261115,9.836029278271079,8
4261124,9.614618716335835,9
4261133,9.815551090035182,9
4261140,9.875137747455033,7
4261141,10.0,1
4261159,9.584579690083123,18
4261173,9.692132274455934,14
4261176,9.952242942681936,3
4261183,9.868009326070299,7
4261184,9.992186010795022,1
4261199,9.680049700459909,15
4261209,9.784181244948714,10
4261216,9.86731716597267,7
4261231,9.6611842110321,15
4261238,9.894278151371395,7
4261248,9.597269013706828,10
4261251,9.954734068127463,3
4261258,9.848975623722552,7
4261271,9.696024738571788,13
4261276,9.905824285528118,5
4261277,9.99656667697154,1
4261283,9.896666290585344,6
4261289,9.895144593518017,6
4261290,10.0,1
4261305,9.64818290104519,15
4261315,9.782267661936363,10
4261330,9.652558922189016,15
4261342,9.754347473549457,12
4261346,9.938173664262203,4
4261359,9.75829688141273,13
4261362,9.966546825500577,3
4261365,9.955774523208765,3
4261366,10.0,1
4261372,9.907713144065921,6
4261383,9.786824259108116,11
4261385,9.98457171358185,2
4261392,9.86858312892535,7
4261398,9.909967582119554,6
4261406,9.829951428544465,8
4261413,9.855675587095654,7
4261420,9.88164484381829,7
4261435,9.636959332161181,15
4261438,9.968469513383253,3
4261450,9.711706417648472,12
4261451,9.996572966150476,1
4261461,9.809756079266723,10
4261466,9.913500479719604,5
4261472,9.869484992078277,6
4261485,9.718325676952741,13
4261486,9.992628258206114,1
4261492,9.882757127692546,6
4261498,9.90953774549009,6
4261499,9.99298765126905,1
4261511,9.762925558113341,12
4261520,9.809892634953801,9
4261528,9.8797042419206,8
4261529,10.0,1
4261534,9.906079634840527,5
4261549,9.628991120945134,15
4261554,9.927278154595758,5
4261565,9.7754472099499,11
4261569,9.926334531514016,4
4261585,9.61913980433651,16
4261603,9.597422788313676,18
4261604,10.0,1
4261614,9.786723431029493,10
4261615,9.996600736044913,1
4261619,9.941423540617969,4
4261630,9.76556906404366,11
4261631,9.996033290800101,1
4261640,9.604348830616177,9
4261651,9.80262305668356,11
4261661,9.801093240803436,10
4261668,9.856980428695707,7
4261681,9.712132724829585,13
4261692,9.761366222520232,11
4261699,9.876619085750773,7
4261710,9.778693801111798,11
4261721,9.786803099419718,11
4261735,9.672590222056654,14
4261745,9.814270444731871,10
4261752,9.89068641224447,7
4261765,9.688532676520358,13
4261818,8.893722653931293,53
4261824,9.913587111714017,6
4261832,9.874413716227433,8
4261838,9.883495336422838,6
4261847,9.802823605817263,9
4261851,9.946635057333904,4
4261862,9.752309180010363,11
4261873,9.79340979170646,11
4261879,9.894124724961259,6
4261880,10.0,1
4261888,9.852922422294277,8
4261894,9.914961318294008,6
4261901,9.866082615260359,7
4261904,9.959071791051516,3
4261908,9.9385890972242,4
4261910,9.974746722396722,2
4261914,9.934958283595641,4
4261915,10.0,1
4261922,9.867631280971091,7
4261929,9.847462788600327,7
4261933,9.942208058494376,4
4261965,6.020664769483617,32
4261977,9.73898384604564,12
4261990,9.705472843665097,13
4262004,9.674732458605444,14
4262011,9.867948119657507,7
4262015,9.934416598056732,4
4262027,9.734593530780499,12
4262037,9.800023938140114,10
4262041,9.95203325802999,4
4262051,9.801371021532239,10
4262054,9.953624433752466,3
4262055,9.99641216642268,1
4262063,9.846540267100517,8
4262066,9.957153881108953,3
4262072,9.886270667902279,6
4262077,9.919354520387694,5
4262088,9.770823613704353,11
4262106,9.600972563207929,18
4262117,9.734577887638292,11
4262121,9.930549768447184,4
4262130,9.82732268033688,9
4262131,10.0,1
4262135,9.94104671405648,4
4262141,9.873451296685436,6
4262142,9.996713229276876,1
4262159,9.6328576977974,17
4262164,9.930358204667158,5
4262165,10.0,1
4262175,9.800564739170964,10
4262208,9.46209742557495,33
4262209,9.989611717081928,1
4262212,9.95884326595224,3
4262219,9.886489627057246,7
4262228,9.809937749229643,9
4262236,9.84576879872251,8
4262264,8.257633773914053,28
4262270,9.892791582340564,6
4262278,9.879720488185605,8
4262289,9.765998618021461,11
4262302,9.72105853218431,13
4262316,9.673071896372567,14
4262327,9.743853996698691,11
4262341,9.728440643658002,14
4262345,9.94473300106699,4
4262352,9.856075252579988,7
4262362,9.785276278387922,10
4262374,9.741108810484032,12
4262379,9.915339871082937,5
4262385,9.908584505162523,6
4262395,9.80823554369609,10
4262410,9.666564501494134,15
4262415,9.907365391546426,5
4262420,9.907714665367275,5
4262428,9.833456562971788,8
4262441,9.70579693206176,13
4262465,9.522214837176836,24
4262468,9.958268750578993,3
4262477,9.839509219196113,9
4262486,9.812111170179676,9
4262495,9.813250973550359,9
4262500,9.925998207139392,5
4262506,9.892514679103105,6
4262519,9.740335238042146,13
4262523,9.947533264402264,4
4262524,10.0,1
4262525,10.0,1
4262540,9.714595884573397,15
4262546,9.901823086479675,6
4262553,9.875215882294155,7
4262566,9.704601976412953,13
4262579,9.7154788439271,13
4262591,9.753874425022007,12
4262592,10.0,1
4262602,9.780327707458305,10
4262610,9.84029219136714,8
4262620,9.782272958208942,10
4262631,9.677806194431463,11
4262650,9.533041203741293,19
4262658,9.827264774683066,8
4262671,9.714263814245829,13
4262675,9.958165700667056,4
4262677,9.981802830461241,2
4262678,10.0,1
4262687,9.83871632771302,9
4262691,9.944014776211803,4
4262700,9.839493358579197,9
4262725,9.437115552615268,25
4262736,9.773844432310819,11
4262737,10.0,1
4262740,9.961659984927248,3
4262756,9.629877446327123,16
4262759,9.956994095819997,3
4262765,9.896970396173646,6
4262773,9.868997223315162,8
4262776,9.967984014154581,3
4262787,9.801328885718142,11
4262794,9.892570430997436,7
4262802,9.851882400555542,8
4262809,9.866369018684418,7
4262813,9.945029755360245,4
4262821,9.876554988911437,8
4262827,9.906856957087655,6
4262837,9.794314947333104,10
4262851,9.492976360325203,14
4262862,9.769209825798741,11
4262871,9.844518284718953,9
4262881,9.7988699492883,10
4262888,9.874946553556146,7
4262904,9.65418223674669,16
4262914,9.7955727983499,10
4262920,9.898944587838288,6
4262928,9.85019729931353,8
4262935,9.87842346040556,7
4262941,9.883668287811073,6
4262947,9.911694789935973,6
4262953,9.898252186693274,6
4262962,9.846501804699534,9
4262963,10.0,1
4262966,9.956050492515484,3
4262968,9.98079538636841,2
4262983,9.669501206167917,15
4262993,9.798682860481254,10
4262999,9.895274726783724,6
4263003,9.932539719779442,4
4263008,9.922000363447108,5
4263009,10.0,1
4263012,9.946296039895984,3
4263020,9.84510010852922,8
4263024,9.936019394816649,4
4263032,9.825049088518066,8
4263033,10.0,1
4263050,9.601992587060627,17
4263063,9.686956544003042,13
4263074,9.744350964288966,11
4263080,9.86899790765811,6
4263091,9.759303711249265,11
4263097,9.892203972512887,6
4263098,10.0,1
4263110,9.617653672458468,12
4263117,9.876935684067774,7
4263130,9.714533806257624,13
4263138,9.842064477152537,8
4263146,9.838184776379906,8
4263155,9.814170976224672,9
4263156,10.0,1
4263160,9.922784842652081,4
4263167,9.864934593055056,7
4263170,9.946985623797785,3
4263178,9.845332523582844,8
4263189,9.757965507323679,11
4263222,3.3178942754357292,33
4263229,9.863958682648317,7
4263239,9.611083799322552,10
4263247,9.828891864052293,8
4263252,9.909029091186357,5
4263261,9.807649917018924,9
4263267,9.879377202985518,6
4263281,9.666081152455511,14
4263287,9.904139844584309,6
4263294,9.86173288143971,7
4263300,9.886462965824933,6
4263302,9.983877751411876,2
4263305,9.956651299323592,3
4263314,9.80820573553583,9
4263327,9.697213098556547,13
4263328,10.0,1
4263338,9.803395335172848,10
4263347,9.80334898281262,9
4263352,9.911942202474107,5
4263369,9.601030911619201,17
4263370,10.0,1
4263380,9.78423520809336,10
4263389,9.827110856729313,9
4263393,9.951307455082851,4
4263405,9.743667696299974,12
4263421,8.851865594182783,16
4263426,9.919361196450426,5
4263427,10.0,1
4263438,9.785227420198801,11
4263451,9.708266465995534,13
4263455,9.930849216038435,4
4263468,9.709542886377356,13
4263469,10.0,1
4263474,9.926058318121774,5
4263478,9.932672204465527,4
4263491,9.746696402242621,13
4263494,9.849912670736256,3
4263497,9.956649519756601,3
4263509,9.73089261388023,12
4263516,9.873550617049723,7
4263526,9.76542248726648,10
4263536,9.77547795223487,10
4263547,9.779461657445768,11
4263548,10.0,1
4263557,9.81831062480663,9
4263568,9.792065622614508,11
4263574,9.897970988941536,6
4263586,9.742303737114396,12
4263589,9.948827887539553,3
4263601,9.735889735875599,12
4263606,9.91282745473194,5
4263613,9.862030400364384,7
4263622,9.828636901548036,9
4263629,9.856379516727454,7
4263631,9.974435220639684,2
4263642,9.728689111357824,11
4263644,9.970786091069819,2
4263652,9.828273402558375,8
4263665,9.699225101773665,13
4263677,9.746128617240753,12
4263689,9.75189320841424,12
4263691,9.969737566786808,2
4263712,9.50623775939068,21
4263722,9.770983618326973,10
4263726,9.941734334388526,4
4263733,9.862641018802417,7
4263749,9.617290759504519,16
4263759,9.814489520459608,10
4263768,9.834793565286823,9
4263774,9.884205795183092,6
4263780,9.890527005114107,6
4263783,9.966485107311081,3
4263790,9.86197203674824,7
4263800,9.774385991564342,10
4263803,9.953260878010122,3
4263818,9.660640032482057,15
4263826,9.837315782366119,8
4263828,9.984616312947702,2
4263836,9.73950449849089,8
4263851,9.649268913785582,15
4263864,9.71629954870314,13
4263878,9.69133703859334,14
4263881,9.965835235998668,3
4263893,9.74301712257099,12
4263894,10.0,1
4263896,9.979440983467477,2
4263899,9.956317934464568,3
4263910,9.77000945896544,11
4263912,9.984595603216983,2
4263923,9.758042369861187,11
4263924,10.0,1
4263933,9.82341892835282,9
4263937,9.92244065837503,4
4263947,9.79713205480493,10
4263953,9.880404444293523,6
4263964,9.774215330355075,11
4263967,9.954258659844104,3
4263981,9.681011977340326,14
4263991,9.81011126366272,10
4264000,9.815771224476789,9
4264009,9.818197339312988,9
4264014,9.923448367384617,5
4264019,9.930886475236965,5
4264027,9.819805610988624,8
4264039,9.753240096551597,12
4264048,9.84132332888049,9
4264052,9.951105818746397,4
4264063,9.767457284529804,11
4264069,9.90542837949361,6
4264078,9.839971087313353,9
4264088,9.814443604010584,10
4264096,9.846201243499696,8
4264111,9.661763134186966,15
4264116,9.90474881473501,5
4264127,9.756008229823802,11
4264133,9.893405571450584,6
4264134,10.0,1
4264137,9.968047923779134,3
4264149,9.721045221028,12
4264155,9.896972204006104,6
4264167,9.72962268441878,12
4264178,9.78907355412808,11
4264180,9.979459786183744,2
4264184,9.953839609444023,4
4264191,9.849454197819686,7
4264192,10.0,1
4264194,9.975874014891506,2
4264203,9.815949559344809,9
4264211,9.827808233154062,8
4264227,9.646302535368152,16
4264238,9.760119839821908,11
4264245,9.848310434215659,7
4264247,9.973914056814241,2
4264255,9.837097836355007,8
4264268,9.684409696407812,13
4264279,9.76651728757011,11
4264287,9.8478706831447,8
4264292,9.919148878474154,5
4264296,9.932840501188902,4
4264302,9.888429527207268,6
4264315,9.747321586940767,13
4264316,10.0,1
4264323,9.882830440920852,7
4264346,9.515751311793196,23
4264354,9.830171116111966,8
4264366,9.73283246679766,12
4264377,9.773083041940506,11
4264380,9.949485663260612,3
4264390,9.791623273419537,10
4264407,9.451824560070536,17
4264412,9.901040785947032,5
4264420,9.840148373543972,8
4264421,10.0,1
4264430,9.523665673784622,9
4264447,9.624930076105331,17
4264460,9.732237067733676,13
4264466,9.881115643575805,6
4264480,9.677049120238646,14
4264497,9.488645096555851,17
4264502,9.914563970446983,5
4264515,9.727682703549515,13
4264524,9.79654199156707,9
4264538,9.702529206514166,14
4264544,9.88654312010461,6
4264553,9.803264029597825,9
4264569,9.653798508166082,16
4264581,9.749423795871259,12
4264594,9.709132093261788,13
4264605,9.755394169794192,11
4264606,10.0,1
4264612,9.903476153509153,6
4264617,9.907978010397576,5
4264627,9.666935410937556,10
4264629,9.970314664073234,2
4264634,9.920750665665166,5
4264645,9.78325787847934,11
4264655,9.81520259281868,10
4264662,9.852733390458313,7
4264668,9.899186972391776,6
4264678,9.79503780414056,10
4264679,9.989513118550887,1
4264688,9.822168145933373,9
4264695,9.854042106151025,7
4264712,9.610643213379468,17
4264716,9.94401299232022,4
4264720,9.947844088541084,4
4264721,10.0,1
4264724,9.953218645380991,3
4264725,10.0,1
4264729,9.9352645129009,4
4264737,9.843430466525287,8
4264753,9.647493223314424,16
4264762,9.796359659880203,9
4264773,9.794171358581886,11
4264788,9.697271706238604,15
4264792,9.940242397352522,4
4264802,9.766543092749197,10
4264803,9.996515822098143,1
4264824,9.487541755940452,21
4264834,9.789798600627748,10
4264855,9.51408868519251,21
4264864,9.822034060714982,9
4264870,9.869735555176048,6
4264880,9.785014653764582,10
4264892,9.702662695417535,12
4264897,9.912377302818951,5
4264909,9.747749532309271,12
4264913,9.931342642605955,4
4264926,9.717969319067945,13
4264940,9.681408156289505,14
4264952,9.772224136583654,12
4264969,9.581879172659592,17
4264981,9.75198306551131,12
4264989,9.868222426221301,8
4264997,9.846658558064851,8
4265008,9.775238838349404,11
4265009,10.0,1
4265022,9.734852549117651,13
4265033,9.7774782086823,11
4265039,9.908034054585817,6
4265040,10.0,1
4265050,9.795278904768537,10
4265064,9.714357048202158,14
4265070,9.904567892153711,6
4265071,10.0,1
4265074,9.962797330989549,3
4265085,9.764235030335456,11
4265093,9.857490964299144,8
4265103,9.797291263746779,10
4265114,9.789130241402463,11
4265123,9.829495741273826,9
4265132,9.828755029489242,9
4265143,9.766900837882497,11
4265147,9.94066226056167,4
4265159,9.745682520181452,12
4265173,9.72118422423108,14
4265185,9.75490324311386,12
4265191,9.89536616505909,6
4265199,9.827822533274455,8
4265207,9.851762573901476,8
4265216,9.82168331413852,9
4265227,9.587091000899864,11
4265236,9.824488344788277,9
4265243,9.657935705113676,7
4265250,9.869377987938705,7
4265259,9.812689640908683,9
4265267,9.812099957602587,8
4265276,9.835594825039335,9
4265289,9.698882124133146,13
4265304,9.654827399703171,15
4265312,9.875398999963993,8
4265327,9.655557312589156,15
4265332,9.940160664557416,5
4265342,9.792106966408163,10
4265351,9.83807672316281,9
4265360,9.818666654997115,9
4265368,9.869042384047377,8
4265377,9.817255596816182,9
4265379,9.984968645021414,2
4265383,9.950738713594907,4
4265390,9.863853536123594,7
4265403,9.693083701573997,13
4265409,9.891791305187407,6
4265413,9.936476805411608,4
4265457,9.080462978544215,44
4265470,9.724555352824723,13
4265471,10.0,1
4265483,9.744369463428486,12
4265983,-60.70531283645626,500
4266005,9.456914481635549,22
4266505,-161.6554432031361,500
4267005,-214.12467827243063,500
4267013,9.867259030388139,8
4267015,9.981961690102747,2
4267021,9.881301023566413,6
4267028,9.857359641266617,7
4267031,9.971375373598818,3
4267035,9.93286196005892,4
4267043,9.840760471309846,8
4267049,9.881203498766626,6
4267050,10.0,1
4267056,9.887488202921581,6
4267074,9.70471152966142,18
4267087,9.716664640236287,13
4267091,9.947866638412927,4
4267102,9.765637935599544,11
4267103,10.0,1
4267112,9.828503918550608,9
4267120,9.864981964469367,8
4267127,9.870339290557174,7
4267140,9.717932101382742,13
4267151,9.78735024992468,11
4267166,9.737101713472775,15
4267168,9.981736483385035,2
4267178,9.820853000118817,10
4267185,9.884255932041713,7
4267192,9.894370935884783,7
4267204,9.758555660334288,12
4267209,9.940885771437934,5
4267223,9.692078942107303,14
4267229,9.910029403177065,6
4267248,9.586830446115965,19
4267255,9.8879552788257,7
4267261,9.89464078096176,6
4267268,9.855185048531412,7
4267273,9.918389233264993,5
4267287,9.701382016151953,14
4267297,9.824294998548906,10
4267305,9.873568438646496,8
4267318,9.696025592725563,13
4267332,9.722634299399024,14
4267335,9.955810488331112,3
4267342,9.872232294676698,7
4267348,9.889195234004028,6
4267363,9.647001916335615,15
4267373,9.784488851578296,10
4267374,10.0,1
4267382,9.873917600984024,8
4267390,9.85071856501844,8
4267401,9.75920849870593,11
4267402,10.0,1
4267412,9.786363806815078,10
4267424,9.73850062541798,12
4267439,9.470227531900976,15
4267446,9.861067368469133,7
4267459,9.757296927786877,13
4267469,9.81095985638231,10
4267480,9.772331328287823,11
4267494,9.692213879348495,14
4267507,9.759066896090498,13
4267517,9.789323313012531,10
4267518,10.0,1
4267520,9.985188466486745,2
4267523,9.959990870511305,3
4267528,9.906838252018924,5
4267539,9.77225051875684,11
4267548,9.819538528285731,9
4267553,9.929725800886398,5
4267560,9.861434959719666,7
4267572,9.789313112449403,12
4267578,9.890942218990206,6
4267585,9.85161314998849,7
4267601,9.651913392129126,16
4267604,9.957768590973247,3
4267607,9.96710323463963,3
4267618,9.780416291279582,11
4267627,9.819906637079,9
4267636,9.793826126168106,9
4267638,9.983711559223522,2
4267640,9.971295991932568,2
4267648,9.838740200320313,8
4267654,9.906304435798312,6
4267663,9.807470368012511,9
4267677,9.688632605023203,14
4267686,9.803757942518754,9
4267694,9.85573534355604,8
4267700,9.896933884250462,6
4267709,9.833360729745968,9
4267715,9.900646091967914,6
4267722,9.862163693343511,7
4267733,9.75356399529373,11
4267744,9.765451819243085,11
4267749,9.915576885321023,5
4267755,9.877881901653174,6
4267763,9.847393691269403,8
4267771,9.830139764252166,8
4267786,9.66141179181891,15
4267792,9.891750912390249,6
4267804,9.734320075662078,12
4267815,9.76161350660831,11
4267820,9.914191343189842,5
4267825,9.91325621336463,5
4267832,9.850578478184955,7
4267839,9.873845426274587,7
4267845,9.895234215114117,6
4267846,10.0,1
4267847,9.989379681841779,1
4267849,9.971150528171572,2
4267852,9.949142586746143,3
4267857,9.92129598967246,5
4267864,9.887186207033222,7
4267872,9.835249758158362,8
4267873,10.0,1
4267879,9.901959661539697,6
4267886,9.76629014947078,7
4267895,9.829145017138321,9
4267904,9.825537690727085,9
4267911,9.872149926748547,7
4267921,9.789738916863204,10
4267929,9.864861803675575,8
4267941,9.744692813310945,12
4267949,9.828779826956842,8
4267958,9.800278473473838,9
4267970,9.721685374154488,12
4267985,9.65064349196709,15
4267992,9.869624397106392,7
4268010,9.598436127835411,18
4268014,9.949228490602048,4
4268021,9.868775058954077,7
4268026,9.929836260181718,5
4268032,9.695657741943247,6
4268046,9.701045033470013,14
4268061,9.73618755517028,15
4268065,9.932833030560133,4
4268075,9.806248249250023,10
4268080,9.935493426521749,5
4268088,9.851404278036796,8
4268094,9.897328370861144,6
4268098,9.740375003789577,4
4268107,9.83182988275557,9
4268108,9.996133660238788,1
4268112,9.943819359838592,4
4268120,9.83866172375813,8
4268124,9.93529065448294,4
4268135,9.762261973142744,11
4268140,9.89906911758838,5
4268147,9.858133411907145,7
4268154,9.866051447511735,7
4268161,9.883274492885349,7
4268171,9.810745886861323,10
4268181,9.838579979092458,10
4268192,9.76617278062171,11
4268203,9.784137866188898,11
4268208,9.928853158233972,5
4268218,9.789869350319135,10
4268219,10.0,1
4268230,9.772929871099201,11
4268241,9.756509138532858,11
4268252,9.762777134803835,11
4268256,9.936306587132544,4
4268264,9.842108305010202,8
4268279,9.674985907338526,15
4268294,9.659798453482571,15
4268304,9.812083766632233,10
4268323,8.189446865392274,19
4268333,9.790591205146615,10
4268350,9.594302576211224,17
4268352,9.973707261709947,2
4268367,9.668378532523716,15
4268371,9.945766581779877,4
4268380,9.835766547472284,9
4268388,9.857003624343596,8
4268389,10.0,1
4268401,9.761470988106872,12
4268407,9.898147294681095,6
4268412,9.926009281536476,5
4268420,9.845777661770924,8
4268437,9.618489804334402,17
4268455,9.567295935233409,18
4268469,9.68660627058439,14
4268479,9.817066061953934,10
4268488,9.797840688868119,9
4268490,9.985627849393115,2
4268496,9.87524028027998,6
4268504,9.822987761660862,8
4268514,9.806922981252963,10
4268523,9.83686276247959,9
4268526,9.947248728767146,3
4268554,9.26812439040477,28
4268568,9.681160192660961,14
4268574,9.891531631912533,6
4268584,9.8108582815237,10
4268585,10.0,1
4268590,9.914224998739911,5
4268610,9.520067924638816,20
4268619,9.807004763775346,9
4268641,9.464797144060068,22
4268658,9.627518983469516,17
4268663,9.916723715720455,5
4268671,9.8535258019859,8
4268681,9.849298924210743,10
4268691,9.803244615503019,10
4268692,10.0,1
4268708,9.634061539950974,16
4268739,9.435560593916621,31
4268747,9.85628672791783,8
4268760,9.743453916308907,13
4268768,9.880858617657154,8
4268777,9.838821965740614,9
4268787,9.770937045163942,10
4268792,9.920540820816024,5
4268802,9.769042945694551,10
4268816,9.692787423917576,14
4268817,10.0,1
4268821,9.92949388123777,4
4268833,9.772405014445791,12
4268845,9.727406561877004,12
4268862,9.640407595922998,17
4268874,9.762514141076572,12
4268882,9.846194662567004,8
4268889,9.843836359486911,7
4268903,9.637207484956116,14
4268909,9.884689346107727,6
4268922,9.748428175190305,13
4268927,9.924821106192423,5
4268935,9.874730199652618,8
4268952,9.644047433467964,17
4268967,9.623464805113702,15
4268973,9.899914100957758,6
4268983,9.805769670647548,10
4268991,9.847386186107407,8
4268996,9.922014822944437,5
4269012,9.63323352132563,16
4269013,10.0,1
4269020,9.870315690820926,7
4269027,9.871487861619816,7
4269041,9.675589793951442,14
4269057,9.613441768260557,16
4269074,9.650061534848188,17
4269086,9.726387249697295,12
4269093,9.863903555382628,7
4269094,9.988221245316781,1
4269101,9.87207349823664,7
4269115,9.707461797900603,14
4269117,9.97674158787882,2
4269126,9.807285057600431,9
4269139,9.701668889318595,13
4269151,9.7359013361296,12
4269160,9.808928945324244,9
4269164,9.956650993709625,4
4269165,10.0,1
4269178,9.697030426758255,13
4269184,9.884504988135754,6
4269194,9.79969009122864,10
4269196,9.984398649034231,2
4269202,9.882713437167114,6
4269203,9.99288674854597,1
4269208,9.9375657225323,5
4269209,9.992507253598022,1
4269214,9.908003663571414,5
4269223,9.83313297374269,9
4269224,9.99622312620289,1
4269247,9.60598892345512,23
4269252,9.920148369653432,5
4269260,9.854631246264303,8
4269261,10.0,1
4269263,9.985569842263361,2
4269270,9.859803524867019,7
4269277,9.861715347785767,7
4269292,9.658346172083967,15
4269303,9.757795729597271,11
4269314,9.746754774525638,11
4269322,9.838317047944077,8
4269331,9.822259531661734,9
4269342,9.764278529862477,11
4269346,9.939164348219322,4
4269366,9.537102310860574,20
4269375,9.815937975945538,9
4269383,9.825643448448144,8
4269393,9.778879787337601,10
4269406,9.707882460381017,13
4269415,9.81056395835846,9
4269426,9.756583673206267,11
4269433,9.858000535650156,7
4269451,9.578992454117547,18
4269457,9.91453526096353,6
4269464,9.870469370917132,7
4269467,9.958134932636082,3
4269468,10.0,1
4269476,9.811836929819792,8
4269479,9.966068802443008,3
4269486,9.878409721706054,7
4269500,9.648320253856559,14
4269513,9.701279324207071,13
4269519,9.900914756023912,6
4269541,9.530878206864859,22
4269548,9.873399683540784,7
4269555,9.839659846661664,7
4269562,9.86646772611842,7
4269571,9.801830280048465,9
4269576,9.922264489976154,5
4269584,9.844732965233103,8
4269593,9.822370294219684,9
4269614,9.309648417161872,21
4269620,9.897822062937417,6
4269637,9.594547666400155,17
4269651,9.704304018594678,14
4269652,10.0,1
4269665,9.70090121161138,13
4269666,10.0,1
4269676,9.798484783624795,10
4269685,9.816582770168228,9
4269686,10.0,1
4269694,9.821675644628874,8
4269699,9.929407280043867,5
4269711,9.732593774171127,12
4269719,9.850610090608157,8
4269731,9.744143845389457,12
4269740,9.810932319051215,9
4269752,9.748389884738598,12
4269759,9.872033840213318,7
4269766,9.884424930609926,7
4269777,9.505788292359243,11
4269807,2.8767298084276147,30
4269815,9.859287222426198,8
4269819,9.937172133302173,4
4269830,9.758248042512877,11
4269835,9.912129338102552,5
4269845,9.777844620655227,10
4269856,9.76453929549809,11
4269870,9.670548409843898,14
4269875,9.923507716751924,5
4269882,9.886431387054742,7
4269888,9.886772985102565,6
4269899,9.741392619772023,11
4269902,9.949649866947082,3
4269907,9.931008031383355,5
4269911,9.924976775461397,4
4269920,9.78640850620406,9
4269930,9.762164307413471,10
4269937,9.883435478020948,7
4269948,9.741938991243623,11
4269956,9.840520264123032,8
4269963,9.879804114604125,7
4269971,9.85123371259979,8
4269984,9.706461850233065,13
4269990,9.908629860210647,6
4270007,9.61332620544945,17
4270010,9.96590341332046,3
4270014,9.934133942839658,4
4270027,9.719851919286654,13
4270049,9.579534020867985,22
4270060,9.746045151724234,11
4270071,9.790075920487533,11
4270081,9.79016869038811,10
4270087,9.88569229992117,6
4270095,9.831474017650944,8
4270096,10.0,1
4270104,9.844368887262,8
4270110,9.911558459496332,6
4270115,9.92067680113432,5
4270120,9.935277158164538,5
4270121,10.0,1
4270127,9.905121641263358,6
4270142,9.677310491954012,15
4270146,9.944841509122012,4
4270155,9.705424515986314,9
4270165,9.794603756355507,10
4270170,9.915801242277762,5
4270184,9.648241021484319,14
4270200,9.629677679329863,16
4270211,9.543672115358188,11
4270212,10.0,1
4270223,9.756646950920523,11
4270231,9.841950563750752,8
4270239,9.84725545026937,8
4270248,9.824788185840742,9
4270258,9.809438630785841,10
4270271,9.407917084966437,13
4270276,9.936425580487162,5
4270292,9.63222135287247,16
4270306,9.689996757063915,14
4270313,9.860218802801224,7
4270325,9.733226429055712,12
4270334,9.840102509732176,9
4270340,9.907546439905571,6
4270352,9.740109723357417,12
4270363,9.789121172912877,11
4270373,9.767030637900369,10
4270378,9.8962949987729,5
4270381,9.964942166245494,3
4270387,9.87771433665801,6
4270390,9.961287826711505,3
4270396,9.883337396320151,6
4270401,9.94139262221985,5
4270405,9.934319302448518,4
4270413,9.828359847872363,8
4270424,9.770217788836536,11
4270426,9.972620006723853,2
4270440,9.691928315083205,14
4270455,9.65725185382166,15
4270469,9.695125277480257,14
4270475,9.89261685230539,6
4270483,9.825420802594072,8
4270485,9.977644274903728,2
4270490,9.909258654601958,5
4270497,9.877793684783404,7
4270508,9.763589715064178,11
4270513,9.918598089519552,5
4270526,9.714395179228388,13
4270532,9.890822448038469,6
4270533,10.0,1
4270540,9.873286089498006,7
4271040,-20.91941736352571,500
4271045,9.92954437302147,5
4271056,9.783562633736825,11
4271065,9.811973930139672,9
4271071,9.874068821234527,6
4271074,9.95912146960861,3
4271086,9.732016160347984,12
4271087,10.0,1
4271088,9.992261367264817,1
4271094,9.904082235455702,6
4271102,9.844310366638277,8
4271112,9.783414682677954,10
4271127,8.501467045336382,15
4271140,9.703061195417993,13
4271148,9.825185358538834,8
4271154,9.874601538777636,6
4271155,9.996260133346432,1
4271159,9.93290125625679,4
4271171,9.740216900595811,12
4271179,9.85516595112646,8
4271192,9.716656011902161,13
4271201,9.820615911690856,9
4271207,9.895935400631153,6
4271220,9.717733473355324,13
4271236,9.622543573076506,16
4271237,10.0,1
4271242,9.909644095402868,5
4271250,9.863788035862546,8
4271254,9.949494939973532,4
4271255,10.0,1
4271262,9.869584683338301,7
4271264,9.974469164822832,2
4271278,9.666323040874989,14
4271281,9.949614359647107,3
4271283,9.969820197881772,2
4271291,9.843666510570822,8
4271292,10.0,1
4271296,9.928619475343051,4
4271306,9.784194956281432,10
4271320,9.713663807993607,14
4271329,9.813742525719437,9
4271339,9.787770935734788,10
4271356,9.256515158886435,17
4271364,9.85894213026025,8
4271369,9.91273475527381,5
4271375,9.902664510831235,6
4271379,9.936087073503723,4
4271387,9.846425347957512,8
4271402,9.641198183462691,15
4271405,9.962127775468236,3
4271409,9.923596594501843,4
4271416,9.864711953275556,7
4271423,9.878112344606508,7
4271424,10.0,1
4271434,9.780328781146434,10
4271435,9.992325004284982,1
4271460,9.43511540826182,25
4271468,9.828748487527914,8
4271473,9.901562069262768,5
4271477,9.924952780663368,4
4271485,9.842060430213367,8
4271497,9.739236120432183,12
4271507,9.787832545314524,10
4271508,10.0,1
4271516,9.844994270413478,8
4271524,9.837833152358103,8
4271529,9.902215473896677,5
4271532,9.858968017571277,3
4271536,9.944338653643351,4
4271547,9.74421725076646,11
4271560,9.707137569324187,13
4271567,9.871976233571832,7
4271580,9.706460152786011,13
4271590,9.82948685021579,10
4271593,9.946396128905178,3
4271608,9.682028368713855,15
4271617,9.849997937268206,9
4271618,9.996415120804482,1
4271624,9.872142953903994,6
4271635,9.748725664245752,11
4271652,9.56255319194953,17
4271666,9.474434699850798,14
4271678,9.749939716673012,12
4271679,10.0,1
4271685,9.900241471856877,6
4271698,9.694817433290009,13
4271712,9.669845447114518,14
4271726,9.615383041851889,14
4271735,9.80377367137779,9
4271739,9.9385908863073,4
4271756,9.60595697584032,17
4271767,9.764333609993718,11
4271768,10.0,1
4271776,9.841341462528963,8
4271781,9.91035323339552,5
4271787,9.894520433077401,6
4271797,9.791921332574825,10
4271809,9.714969776216368,12
4271821,9.758523952899917,12
4271830,9.830176543402981,9
4271839,9.801070397524535,9
4271851,9.486159750397972,12
4271852,10.0,1
4271867,9.649769269481554,15
4271879,9.751175623708452,12
4271880,10.0,1
4271887,9.899920532126163,7
4271891,9.942432266910249,4
4271899,9.855889871015645,8
4271904,9.912704960771446,5
4271919,9.720230062945868,15
4271920,10.0,1
4271927,9.8718096566624,7
4271933,9.895123893029304,6
4271941,9.833498033548153,8
4271945,9.930592755869833,4
4271951,9.882387482605099,6
4271955,9.952400600327179,4
4271962,9.874240457137223,7
4271963,10.0,1
4271967,9.930844081912115,4
4271978,9.748707193458387,11
4271982,9.951989975695469,4
4271988,9.89915794207709,6
4271996,9.834800725281804,8
4272003,9.876270491051258,7
4272008,9.927316886256376,5
4272018,9.773370041043163,10
4272027,9.824478477017093,9
4272034,9.879372670063463,7
4272042,9.857833503743823,8
4272043,10.0,1
4272054,9.76454945109337,11
4272059,9.813138388093599,5
4272063,9.937714820847312,4
4272074,9.766444425915243,11
4272077,9.956184044461505,3
4272083,9.899693435990718,6
4272098,9.627122111115968,15
4272106,9.842050432351133,8
4272118,9.75329285677833,12
4272132,9.67938877960654,14
4272139,9.866520350492177,7
4272147,9.867029498823996,8
4272159,9.765191833487782,12
4272164,9.924459007098104,5
4272174,9.807456524471155,10
4272189,9.714333626049637,15
4272194,9.914671645729044,5
4272203,9.624632907656398,9
4272211,9.874659267115769,8
4272221,9.799414190350632,10
4272224,9.955226980684985,3
4272233,9.79160490314338,9
4272240,9.871409797137844,7
4272250,9.797050649315963,10
4272257,9.8714037536702,7
4272275,9.548915756820849,18
4272278,9.96621270052516,3
4272293,9.728901110735064,15
4272303,9.790528082652278,10
4272315,9.733818901015185,12
4272325,9.831762605719293,10
4272329,9.952319539431707,4
4272339,9.774311414916662,10
4272344,9.921408159977274,5
4272357,9.719280270188879,13
4272370,9.697529038202585,13
4272377,9.89904905973676,7
4272389,9.74960490154711,12
4272399,9.80269847564752,10
4272400,10.0,1
4272408,9.857935269517258,8
4272414,9.900401074570505,6
4272416,9.985538388584393,2
4272436,9.553082939870784,20
4272440,9.929602571425987,4
4272451,9.800581494928757,11
4272471,9.61841213468037,20
4272478,9.57763551546382,7
4272481,9.955917391417,3
4272494,9.757665544376245,13
4272506,9.748640338430226,12
4272515,9.808996939989276,9
4272527,9.728628471225893,12
4272531,9.92648823189304,4
4272538,9.85443301990072,7
4272555,9.601255832916054,17
4272556,10.0,1
4272564,9.833802101695085,8
4272577,9.715891200009713,13
4272593,9.614174583783592,16
4272617,9.46594878786852,24
4272624,9.845120473103941,7
4272638,9.716383175138546,14
4272639,10.0,1
4272650,9.758181161934864,11
4272661,9.799902813512498,11
4272683,9.383095839885744,22
4272698,9.685614384099273,15
4272699,10.0,1
4272708,9.822240426243985,9
4272725,9.605511582417101,17
4272735,9.810880595095584,10
4272748,9.706210237951193,13
4272754,9.916920737256964,6
4272762,9.822753599582947,8
4272763,10.0,1
4272775,9.776128915916082,12
4272786,9.770994748588006,11
4272790,9.944571543057398,4
4272795,9.916649500856936,5
4272799,9.940437174775814,4
4272807,9.834849186403176,8
4272815,9.831466280168677,8
4272822,9.875295385110899,7
4272835,9.739011205166493,13
4272840,9.927690083718506,5
4272849,9.793184980532532,9
4272854,9.915656510128152,5
4272862,9.842372659604438,8
4272873,9.745949592860107,11
4272880,9.876595177258425,7
4272884,9.947854430082721,4
4272890,9.8893470514459,6
4272894,9.637986086813152,4
4272902,9.863218558493635,8
4272913,9.783040561199446,11
4272922,9.80269067279059,9
4272932,9.801526995108478,10
4272940,9.838690519622862,8
4272941,10.0,1
4272951,9.821277669803198,10
4272954,9.958968228540659,3
4272955,9.996026401099712,1
4272963,9.826329646652214,8
4272971,9.845101988292445,8
4272979,9.818261215162213,8
4272989,9.772952727274735,10
4272993,9.930150408208805,4
4272994,10.0,1
4272995,10.0,1
4272996,10.0,1
4273014,9.548180101731479,18
4273026,9.770733788452054,12
4273042,9.641528487665926,16
4273047,9.917599141061686,5
4273048,10.0,1
4273049,10.0,1
4273060,9.788788351708039,11
4273065,9.922981464752711,5
4273069,9.934344551204422,4
4273082,9.741484745723737,13
4273094,9.77194484480613,12
4273096,9.983736028070917,2
4273102,9.913971732935043,6
4273113,9.774741804617717,11
4273120,9.876135987781549,7
4273132,9.723861841863062,12
4273139,9.873721259669729,7
4273153,9.676130128708552,14
4273158,9.909713588035034,5
4273163,9.910536287987238,5
4273171,9.853025962675769,8
4273184,9.726127903264786,13
4273196,9.724339762219815,12
4273200,9.446345039333307,4
4273209,9.720036967253469,9
4273220,9.762247651551412,11
4273221,10.0,1
4273234,9.718419242486432,13
4273241,9.858531468140747,7
4273246,9.920353823578356,5
4273254,9.86479483426369,8
4273266,9.729908327751975,12
4273281,9.663186183266335,15
4273293,9.725702485567846,12
4273302,9.817464966773066,9
4273313,9.7592857477135,11
4273324,9.757817594168321,11
4273327,9.967884589501804,3
4273334,9.862471066089464,7
4273347,9.737980410900127,13
4273360,9.722146868406973,13
4273375,9.681041429656787,15
4273382,9.870957525814307,7
4273386,9.946000611354172,4
4273389,9.952627021959037,3
4273393,9.930289788255159,4
4273403,9.773441045789756,10
4273404,10.0,1
4273411,9.866149283619377,7
4273412,10.0,1
4273423,9.793193783896877,11
4273426,9.959903784713456,3
4273427,9.991956648656094,1
4273435,9.855844484570452,8
4273441,9.879178215339428,6
4273446,9.921453645876555,5
4273461,9.658407022312325,15
4273473,9.736508000516917,12
4273478,9.906084349260789,5
4273482,9.924895850704646,4
4273483,10.0,1
4273493,9.801762358627,10
4273494,10.0,1
4273501,9.866444271987646,7
4273507,9.89728868945313,6
4273508,10.0,1
4273518,9.81276149931054,10
4273519,10.0,1
4273527,9.829418000771335,8
4273535,9.861315292818478,8
4273541,9.895104255569738,6
4273544,9.959806373714558,3
4273555,9.742961047865752,11
4273570,9.681989554059582,15
4273574,9.940382990510262,4
4273588,9.694900056080625,14
4273598,9.801676905793277,10
4273609,9.761481669605661,11
4273616,9.874689836590877,7
4273629,9.74329573635297,13
4273630,10.0,1
4273640,9.797192401501484,10
4273659,9.5924729239411,19
4273660,10.0,1
4273662,9.977055668908234,2
4273667,9.90592504733192,5
4273680,9.710721140234593,13
4273686,9.895820018293188,6
4273694,9.863994185351375,8
4273699,9.935010805802237,5
4273704,9.919762737157875,5
4273711,9.857837729088104,7
4273727,9.405511722035476,16
4273728,9.98801512010431,1
4273737,9.830169984251906,9
4273745,9.837099305184925,8
4273751,9.899902171829101,6
4273766,9.70091010014596,15
4273767,9.99195935087243,1
4273768,10.0,1
4273771,9.952297888757851,3
4273773,9.967400859762112,2
4273784,9.797009042157068,11
4273786,9.971815812257368,2
4273799,9.69428503174406,13
4273800,10.0,1
4273804,9.939495599564102,4
4273810,9.880463950071778,6
4273818,9.849572264774444,8
4273834,9.705481192180713,16
4273843,9.833404519491333,9
4273858,9.651934952475417,15
4273872,9.695224389105638,14
4273882,9.79926477536211,10
4273885,9.95474724072272,3
4273895,9.809456699373678,10
4273907,9.749413484964627,12
4273911,9.94521626442999,4
4273921,9.790419108656957,10
4273931,9.775648253598963,10
4273934,9.956273694652944,3
4273948,9.66954229411452,14
4273961,9.688172802020324,13
4273971,9.774591350231097,10
4273974,9.964931976071803,3
4273984,9.788643625252611,10
4273989,9.933933342769881,5
4273999,9.835870969338737,10
4274009,9.785445917376512,10
4274014,9.910403881541127,5
4274025,9.796953451295563,11
4274034,9.789759134241832,9
4274047,9.726403288635472,13
4274059,9.75651213798487,12
4274069,9.79214495877095,10
4274081,9.733337663698931,12
4274091,9.799315462401303,10
4274103,9.75474116950613,12
4274106,9.95435891010296,3
4274115,9.83537442430111,9
4274126,9.769372336308214,11
4274130,9.955809555173374,4
4274138,9.875366296261218,8
4274151,9.720712198645414,13
4274153,9.975897615023053,2
4274167,9.715496976716386,14
4274177,9.794470727484027,10
4274181,9.930609271363496,4
4274187,9.90173151996715,6
4274202,9.555515543154035,15
4274208,9.917422300227576,6
4274218,9.817070203586475,10
4274226,9.836978429223716,8
4274237,9.7482271336259,11
4274238,10.0,1
4274244,9.910069395585682,6
4274248,9.9307243588014,4
4274258,9.796230051005734,10
4274264,9.906178320046603,6
4274273,9.803806275671068,9
4274287,9.703917171657439,14
4274296,9.842582112050266,9
4274301,9.902397638509058,5
4274317,9.695350596144406,16
4274326,9.806216052370404,9
4274339,9.724093924926382,13
4274348,9.824723567284451,9
4274363,9.569107355858247,15
4274380,9.635420127440836,17
4274385,9.919530072672543,5
4274394,9.832884584292865,9
4274412,9.592335518231955,18
4274423,9.80156639509181,11
4274438,9.666711936272886,15
4274449,9.780515302503835,11
4274489,8.661318794674164,40
4274494,9.922210552353565,5
4274500,9.893426038985792,6
4274501,10.0,1
4274513,9.765408555595462,12
4274524,9.751318606645112,11
4274539,9.650054498314438,15
4274559,9.584838625537982,20
4274564,9.901659914568544,5
4274570,9.894826366292822,6
4274575,9.917827716590756,5
4274578,9.958398765177789,3
4274591,9.77000420517562,13
4274602,9.770107791864993,11
4274612,9.765552837921474,10
4274623,9.771571962717363,11
4274629,9.898182662462546,6
4274641,9.746442215734422,12
4274648,9.882644843854466,7
4274649,10.0,1
4274655,9.885006001984966,6
4274662,9.871341647900579,7
4274665,9.949667927398695,3
4274684,9.508916120597261,19
4274692,9.833527603565972,8
4274705,9.763906242881104,13
4274711,9.90679929955153,6
4274712,10.0,1
4274725,9.74793366499302,13
4274740,9.657892908722902,15
4274758,9.563778010626997,18
4274764,9.898432534089613,6
4274777,9.721046637259818,13
4274788,9.823301670914836,11
4274800,9.756251713449968,12
4274807,9.877072098939417,7
4274818,9.792025749671541,11
4274823,9.923049199568231,5
4274842,9.625731921957893,19
4274856,9.693695469992647,14
4274866,9.800593602139324,10
4274867,9.996486401523864,1
4274871,9.948083075012176,4
4274879,9.84078238867454,8
4274888,9.813849134131585,9
4274893,9.905306136975682,5
4274895,9.971382667046212,2
4274903,9.853324843111096,8
4274904,10.0,1
4274907,9.959539610009482,3
4274908,10.0,1
4274927,9.241963083792893,19
4274943,9.61522258860625,16
4274950,9.867240809341796,7
4274957,9.88190945652431,7
4274958,9.99656411589209,1
4274963,9.931840443389158,5
4274973,9.81625760391267,10
4274980,9.878274757706532,7
4274990,9.85167095579229,10
4274998,9.835668924494447,8
4275007,9.798635493522719,9
4275013,9.902336398130915,6
4275020,9.866737381060505,7
4275029,9.814999678872184,9
4275035,9.89395891697125,6
4275041,9.890261452346913,6
4275053,9.746264913033638,12
4275061,9.850767492962287,8
4275066,9.927524892484191,5
4275075,9.806411230755488,9
4275082,9.860386266955116,7
4275084,9.985558065348071,2
4275089,9.907641671158462,5
4275101,9.751384761327232,12
4275105,9.933272462873846,4
4275108,9.950191712181656,3
4275121,9.705828614347338,13
4275131,9.787366622997116,10
4275132,10.0,1
4275139,9.900132124491849,7
4275140,10.0,1
4275144,9.931689955842131,4
4275157,9.698648785192796,13
4275164,9.892560571345498,7
4275172,9.822551444905942,8
4275177,9.916352941954163,5
4275184,9.86626423722952,7
4275190,9.892237914520381,6
4275204,9.696528208901517,14
4275210,9.880903590178105,6
4275211,10.0,1
4275222,9.777609733549832,11
4275230,9.841609644764887,8
4275235,9.822221641518423,5
4275244,9.820560388933359,9
4275251,9.877227477918025,7
4275257,9.885731515064368,6
4275260,9.95550332768121,3
4275270,9.789903891283167,10
4275279,9.841654450015154,9
4275291,9.729652403497282,12
4275299,9.83978901004581,8
4275312,9.623287519392047,13
4275323,9.798672472398206,11
4275328,9.91167070935955,5
4275343,9.70201466301848,15
4275357,9.705508259473524,14
4275370,9.714625257253303,13
4275386,9.616937766506119,16
4275396,9.780086639983471,10
4275410,9.697328292496572,14
4275413,9.951128765145489,3
4275417,9.94242936329457,4
4275429,9.651164991541052,12
4275437,9.831174663843678,8
4275449,9.738202709044401,12
4275458,9.840090433182018,9
4275465,9.875391360918874,7
4275472,9.862527007317354,7
4275475,9.9682760743758,3
4275487,9.731037966582514,12
4275504,9.688190492456542,17
4275509,9.928733180639856,5
4275513,9.947644997675507,4
4275523,9.790156809639454,10
4275530,9.876465615943363,7
4275538,9.833836150412303,8
4275546,9.890204321722793,8
4275556,9.813786657700026,10
4275559,9.954896319436715,3
4275563,9.927739738172171,4
4275573,9.798036581016731,10
4275578,9.924196695137653,5
4275583,9.91503170938016,5
4275588,9.934180318489725,5
4275596,9.865472548976228,8
4275600,9.939982170772767,4
4275613,9.738930834790676,13
4275619,9.908991349223223,6
4275622,9.95424391555134,3
4275634,9.612087434080845,12
4275643,9.821426517346502,9
4275653,9.810675690412875,10
4275660,9.578707470871924,7
4275677,9.621789645859177,17
4275691,9.660678328153049,14
4275692,10.0,1
4275708,9.210362260790346,16
4275709,10.0,1
4275711,9.98609016787035,2
4275719,9.838645107856951,8
4275720,9.99619673802382,1
4275724,9.946880572197598,4
4275729,9.921099516729464,5
4275730,10.0,1
4275736,9.896157211893291,6
4275745,9.821272383679563,9
4275746,10.0,1
4275751,9.932575632093087,5
4275759,9.838643968501607,8
4275771,9.713719768568653,12
4275775,9.933540166902825,4
4275784,9.824679068952408,9
4275797,9.75385500928004,13
4275810,9.734585591147427,13
4275813,9.951764831497357,3
4275814,10.0,1
4275825,9.783773888677608,11
4275832,9.873376097277278,7
4275839,9.85343230560525,7
4275855,9.665445035041646,16
4275856,9.987307218540723,1
4275868,9.719305359409326,12
4275879,9.736962308957555,11
4275890,9.762221227679179,11
4275894,9.934757152715353,4
4275895,10.0,1
4275907,9.746326447543366,12
4275914,9.875668644236221,7
4275917,9.966958369349255,3
4275918,10.0,1
4275921,9.956140838985323,3
4275922,10.0,1
4275932,9.777209997122752,10
4275948,9.589675829933821,16
4275955,9.89208713400512,7
4275964,9.82465188715479,9
4275968,9.940231396842204,4
4275969,10.0,1
4275993,9.438069617930386,24
4276004,9.757992718861246,11
4276013,9.800243737582958,9
4276018,9.907436621631879,5
4276036,9.476510368617056,18
4276043,9.876463325579751,7
4276055,9.728690644401047,12
4276070,9.550851072272803,15
4276077,9.882315158591531,7
4276079,9.983653125118437,2
4276091,9.747118709285218,12
4276094,9.9664469575239,3
4276105,9.779229065564085,11
4276108,9.95950113929008,3
4276115,9.874777922255676,7
4276128,9.69879949783771,13
4276138,9.813411885613954,10
4276146,9.854077776849818,8
4276156,9.822409299376869,10
4276166,9.813630189634042,10
4276176,9.777969470207882,10
4276178,9.976726324656065,2
4276187,9.8635389319356,9
4276200,9.706743168424172,13
4276206,9.920781888026212,6
4276220,9.710128990762946,14
4276241,9.5933240811538,21
4276250,9.833175115639415,9
4276255,9.913288896564074,5
4276262,9.86936562251619,7
4276263,10.0,1
4276271,9.883651035924071,8
4276282,9.760533739201284,11
4276284,9.970515155931007,2
4276290,9.915478078591857,6
4276292,9.976122685558954,2
4276303,9.77838281125607,11
4276316,9.721722723751247,13
4276320,9.937363275512304,4
4276332,9.767474576829086,12
4276333,10.0,1
4276338,9.906880995247635,5
4276344,9.90750376199145,6
4276347,9.955096843988244,3
4276348,10.0,1
4276352,9.937607882759723,4
4276359,9.891965721773806,7
4276368,9.794265117176842,9
4276378,9.827839051707105,10
4276391,9.721285783185202,13
4276402,9.767340207847232,11
4276410,9.854148035951745,8
4276413,9.960245579279652,3
4276429,9.627964038405493,16
4276435,9.902882538706793,6
4276442,9.850199606365344,7
4276456,9.71318580377767,14
4276462,9.883832219259611,6
4276463,10.0,1
4276471,9.870551172236956,8
4276472,10.0,1
4276488,9.614299671054104,16
4276500,9.749338551969323,12
4276506,9.905418815908357,6
4276513,9.885370535651482,7
4276521,9.863056946086088,8
4276531,9.825338497166863,10
4276535,9.95267169670451,4
4276540,9.917371411541186,5
4276547,9.881166723993694,7
4276555,9.852043695973336,8
4276567,9.746086424414136,12
4276574,9.859341993286368,7
4276581,9.859416315654766,7
4276582,10.0,1
4276590,9.823838155476766,8
4276594,9.940654294165485,4
4276602,9.839438649466768,8
4276609,9.861970742728033,7
4276623,9.693061850731045,14
4276630,9.868195235026285,7
4276631,10.0,1
4276632,10.0,1
4276636,9.946000052202576,4
4276640,9.944400159582857,4
4276661,9.51632966436662,21
4276670,9.832064826868923,9
4276689,9.562205759633024,19
4276700,9.782282791054898,11
4276704,9.95101357205248,4
4276707,9.959981881254402,3
4276720,9.67874457614683,13
4276724,9.943130983692443,4
4276736,9.73351533001255,12
4276740,9.9330849828687,4
4276742,9.982938008892221,2
4276749,9.861419171789704,7
4276760,9.761404787654113,11
4276767,9.883795888322096,7
4276772,9.92059983189081,5
4276784,9.75181870651366,12
4276797,9.693661185396486,13
4276809,9.745808316327821,12
4276814,9.911009516271363,5
4276822,9.85708166697909,8
4276836,9.680806746911419,14
4276844,9.85676459799934,8
4276850,9.69744948963103,6
4276857,9.87045468250972,7
4276862,9.916710135774998,5
4276870,9.832387548662366,8
4276875,9.910282719513267,5
4276878,9.95403646346382,3
4276882,9.9302987256978,4
4276893,9.797357911455029,11
4276896,9.958163727821896,3
4276903,9.887726873814296,7
4276914,9.788114102228333,11
4276928,9.699020872139144,14
4276935,9.871202043428758,7
4276942,9.86157819671102,7
4276948,9.891948270959684,6
4276951,9.951138016877938,3
4276967,9.661470714617922,16
4276973,9.91578957487414,6
4276982,9.838480962822967,9
4276987,9.918909287588328,5
4276998,9.755371910574201,11
4277008,9.817556300817959,10
4277010,9.977484257016542,2
4277012,9.985085398153888,2
4277019,9.882424351948387,7
4277032,9.693303112903811,13
4277037,9.917193476102508,5
4277043,9.909175143636833,6
4277052,9.835358517533221,9
4277062,9.812311616160176,10
4277077,9.710771621614057,15
4277091,9.669166655652468,14
4277102,9.78026722818383,11
4277109,9.864888931151288,7
4277111,9.97238940493358,2
4277119,9.831081751708236,8
4277123,9.934417689436106,4
4277132,9.797198578757246,9
4277133,10.0,1
4277134,10.0,1
4277140,9.91158719091706,6
4277147,9.862123442910097,7
4277148,10.0,1
4277158,9.698403212043031,10
4277162,9.944642450686885,4
4277174,9.734489622219455,12
4277183,9.83481526718939,9
4277195,9.725674331959645,12
4277201,9.888010020999417,6
4277214,9.684871353925795,13
4277219,9.923133787890878,5
4277226,9.867907732672636,7
4277239,9.772678015540778,13
4277244,9.911130320364073,5
4277247,9.956498558166192,3
4277254,9.871193224047824,7
4277261,9.878041605002915,7
4277264,9.968049922238459,3
4277268,9.939654806371689,4
4277275,9.762718165570302,7
4277279,9.930430610790946,4
4277284,9.93104658912507,5
4277295,9.747949965208377,11
4277309,9.695117324033404,14
4277317,9.829291918786742,8
4277328,9.791947730258988,11
4277334,9.89280307316362,6
4277342,9.834296476056352,8
4277353,9.798131050006786,11
4277358,9.92503175688586,5
4277363,9.926811925249762,5
4277377,9.673962400260539,14
4277392,9.65453110963806,15
4277394,9.983284746910973,2
4277402,9.865364367529892,8
4277403,10.0,1
4277415,9.751390563034219,12
4277421,9.899520296900846,6
4277425,9.928991894603893,4
4277433,9.834424838946052,8
4277441,9.838299102683743,8
4277453,9.727866404269443,12
4277458,9.928328617962215,5
4277462,9.927142525237343,4
4277471,9.82237094584543,9
4277480,9.802000089357655,9
4277493,9.712702926102954,13
4277501,9.857726640800124,8
4277518,9.595614194385622,17
4277525,9.878411378706053,7
4277537,9.685536847603895,12
4277551,9.718538026127103,14
4277559,9.835421040750365,8
4277571,9.52096799584703,12
4277575,9.930254693579187,4
4277587,9.733981308899446,12
4277590,9.966303147160458,3
4277591,9.989365750093175,1
4277600,9.816279581776161,9
4277606,9.900930570706302,6
4277622,9.674844205238486,16
4277636,9.69894068691319,14
4277645,9.841829507290074,9
4277655,9.772299244548977,10
4277667,9.75361215836087,12
4277674,9.872791930040597,7
4277688,9.694791928629105,14
4277695,9.860065378845837,7
4277706,9.744172973222009,11
4277710,9.936009614923405,4
4277716,9.897570722996502,6
4277718,9.972301108200442,2
4277724,9.893937538697772,6
4277730,9.893769209298245,6
4277735,9.915367933415814,5
4277755,9.494901876731568,20
4277756,10.0,1
4277762,9.896136500852274,6
4277772,9.802294674953096,10
4277779,9.86778413104939,7
4277784,9.935130353694484,5
4277788,9.934576719358585,4
4277792,9.953713167149692,4
4277797,9.935511134902816,5
4277811,9.705097448939283,14
4277827,9.66806148591866,16
4277843,9.677931337329591,16
4277852,9.82797091128898,9
4277861,9.8278251838193,9
4277866,9.908945938120276,5
4277872,9.902916519706025,6
4277886,9.690680686143093,14
4277887,10.0,1
4277897,9.791949722760895,10
4277908,9.764907427509849,11
4277914,9.869340686475176,6
4277915,10.0,1
4277919,9.929977454729602,4
4277924,9.909023249732828,5
4277930,9.90015535552062,6
4277931,10.0,1
4277942,9.803835672133888,11
4277950,9.839839070393749,8
4277955,9.912524126347288,5
4277966,9.774220355067422,11
4277968,9.970102417008272,2
4277978,9.778533204532625,10
4277993,9.673205395936161,15
4278001,9.855000474457515,8
4278002,10.0,1
4278003,10.0,1
4278010,9.878556546632312,7
4278011,10.0,1
4278012,10.0,1
4278019,9.893292519914304,7
4278024,9.896638642505147,5
4278030,9.903823855554535,6
4278038,9.851856727409308,8
4278055,9.56596048592825,17
4278063,9.841309155597711,8
4278071,9.828373075043613,8
4278083,9.748194903374793,12
4278093,9.466165631442001,10
4278099,9.900879368244683,6
4278108,9.832913470395255,9
4278118,9.82409301623336,10
4278128,9.800629215872847,10
4278138,9.806808565074439,10
4278148,9.771486636700386,10
4278154,9.911198969581084,6
4278161,9.879555444945515,7
4278166,9.931660337527807,5
4278172,9.891801940715075,6
4278182,9.75554533684775,10
4278192,9.787936674483735,10
4278193,10.0,1
4278208,9.551988480745697,15
4278221,9.600550150295414,13
4278230,9.838143916522867,9
4278238,9.845593538462097,8
4278244,9.888704337778535,6
4278246,9.976845879057795,2
4278255,9.841171980682804,9
4278260,9.914069077548568,5
4278273,9.715718001265074,13
4278287,9.705100589570804,14
4278300,9.525102292681352,13
4278314,9.69454290698761,14
4278320,9.88746192488831,6
4278321,10.0,1
4278327,9.886361113687897,6
4278336,9.81705716721481,9
4278338,9.97220445472106,2
4278342,9.835013126074834,4
4278346,9.936801273750628,4
4278352,9.880658143077584,6
4278362,9.820651716041608,10
4278374,9.771543612875139,12
4278385,9.766861131518306,11
4278395,9.430706145076513,10
4278404,9.816911847518261,9
4278407,9.95947398902446,3
4278412,9.914519821001146,5
4278417,9.936321182263836,5
4278427,9.805304563160675,10
4278437,9.76759325157086,10
4278442,9.91339045457321,5
4278460,9.570422253890452,18
4278470,9.819066243071966,10
4278483,9.611323870445196,13
4278496,9.697797071039817,13
4278503,9.856216770138277,7
4278509,9.903123183211651,6
4278510,10.0,1
4278511,10.0,1
4278519,9.836085725780755,8
4278525,9.89311505966923,6
4278532,9.886729537245122,7
4278544,9.715409487198881,12
4278559,9.644957197891486,15
4278567,9.832232465101276,8
4278568,10.0,1
4278575,9.876886635286093,7
4278585,9.806669783736183,10
4278589,9.94338819966301,4
4278602,9.730648346073364,13
4278615,9.703722789342631,13
4278622,9.869199034930231,7
4278630,9.846553805953555,8
4278642,9.73903794557086,12
4278657,9.67936948219036,15
4278667,9.763152397068305,10
4278672,9.911782249484679,5
4278685,9.730710408659823,13
4278686,10.0,1
4278691,9.929880280367327,5
4278696,9.9318349188233,5
4278703,9.774760732460695,7
4278709,9.90093664944888,6
4278717,9.842637359139749,8
4278733,9.629886347289741,16
4278739,9.89046843559137,6
4278748,9.794302039435802,9
4278763,9.675762644698874,15
4278769,9.89470811234278,6
4278774,9.91918738732207,5
4278780,9.88565421525234,6
4278797,9.655598760199284,17
4278801,9.939786386174303,4
4278806,9.923570364750763,5
4278815,9.813736685324134,9
4278822,9.676672964736312,7
4278826,9.928033188466973,4
4278835,9.828168873007503,9
4278843,9.852551356614496,8
4278848,9.913057643169536,5
4278857,9.818495618735241,9
4278866,9.840171660647625,9
4278878,9.740233969745072,12
4278885,9.863118375284078,7
4278891,9.87784370744635,6
4278895,9.932491105875725,4
4278898,9.963567890181983,3
4278899,10.0,1
4278902,9.965091378061011,3
4278903,10.0,1
4278910,9.858780326763098,7
4278919,9.831439398456837,9
4278931,9.744755219737923,12
4278933,9.96866025688756,2
4278944,9.74460722843888,11
4278950,9.803616162207668,6
4278962,9.745931167243139,12
4278977,9.699846609908262,15
4278981,9.949890924664148,4
4278992,9.777743062377347,11
4278996,9.945659563439982,4
4279004,9.829530255173738,8
4279022,9.459620086881275,18
4279030,9.839660657447109,8
4279033,9.958966575607498,3
4279054,9.471020098118341,21
4279058,9.950043438682336,4
4279080,9.41397664497808,22
4279093,9.717177052543764,13
4279099,9.888437000007283,6
4279100,9.988882310138532,1
4279110,9.790792804839036,10
4279119,9.830174405799003,9
4279127,9.835978738191063,8
4279135,9.844433263420392,8
4279136,10.0,1
4279148,9.754147407105553,12
4279156,9.820494712004125,8
4279162,9.88900338127048,6
4279163,9.996610721305041,1
4279175,9.755455335993743,12
4279181,9.886141802273961,6
4279186,9.908626588109552,5
4279197,9.792480939262873,11
4279207,9.833512986776665,10
4279215,9.843867379823454,8
4279227,9.727519295599853,12
4279239,9.743926243675302,12
4279250,9.7632605229246,11
4279261,9.761440961256962,11
4279271,9.82114112143043,10
4279287,9.651012502612213,16
4279291,9.950418900396974,4
4279300,9.851188847611514,9
4279311,9.754177324847848,11
4279321,9.815184151972236,10
4279322,10.0,1
4279332,9.779945535891683,10
4279343,9.745698076238442,11
4279355,9.747216872184197,12
4279366,9.78090609278303,11
4279380,9.717644664928805,14
4279391,9.74784395706318,11
4279405,9.761213063884925,14
4279412,9.887484885564966,7
4279420,9.846018977988326,8
4279426,9.89426764162,6
4279434,9.844747697903282,8
4279435,9.996234916398082,1
4279445,9.79731524443373,10
4279457,9.75115097521157,12
4279462,9.93637106386875,5
4279475,9.724324635412895,13
4279489,9.675426239393992,14
4279501,9.749864110239448,12
4279519,9.573883347914409,18
4279523,9.94484472213698,4
4279532,9.818428634983336,9
4279541,9.832099860883696,9
4279555,9.673405571417003,14
4279565,9.801824884263496,10
4279568,9.95945241915812,3
4279572,9.938431640355239,4
4279573,10.0,1
4279578,9.934032324035321,5
4279588,9.797473389170934,10
4279591,9.96554648962929,3
4279601,9.798641684316303,10
4279608,9.873392915271374,7
4279612,9.83230941528119,4
4279623,9.746258064156757,11
4279631,9.83521142784567,8
4279638,9.879099776747177,7
4279648,9.79226857121833,10
4279656,9.842741326044921,8
4279657,10.0,1
4279670,9.734230369136645,13
4279677,9.88804097401891,7
4279690,9.731374969972835,13
4279700,9.765979000123325,10
4279706,9.887665598230488,6
4279718,9.74655949105863,12
4279735,9.598061716475176,17
4279740,9.927897317566565,5
4279744,9.93398784407418,4
4279757,9.71727442281974,13
4279765,9.823380476335098,8
4279773,9.882793388029514,8
4279774,9.996511061049516,1
4279788,9.655176317228918,14
4279793,9.915922576774259,5
4279803,9.780834216842756,10
4279816,9.72106180940121,13
4279824,9.849498367894972,8
4279830,9.903418152707474,6
4279850,9.516785835046498,20
4279853,9.969448887077188,3
4279868,9.660348417242629,15
4279878,9.759842402208829,10
4279888,9.832639755242932,10
4279889,10.0,1
4279897,9.84359010694226,8
4279905,9.854804012769954,8
4279909,9.940863137129034,4
4279915,9.893697424242406,6
4279916,10.0,1
4279925,9.814244888732393,9
4279929,9.940836194056896,4
4279936,9.886341902200472,7
4279944,9.881532222360725,8
4279953,9.806781964632666,9
4279962,9.800581691197115,9
4279963,9.989365661378917,1
4279970,9.867640389714488,7
4279975,9.9134916540273,5
4279987,9.734131589968205,12
4280003,9.64692387274745,16
4280010,9.884431532460917,7
4280020,9.582508879651561,10
4280023,9.965924086598651,3
4280037,9.649822232146848,14
4280038,10.0,1
4280043,9.915239725935868,5
4280050,9.875749880116834,7
4280058,9.819535967798602,8
4280061,9.959286468562551,3
4280067,9.891189333827125,6
4280082,9.632104723972663,15
4280089,9.867740070375252,7
4280098,9.79947762995286,9
4280108,9.823794567771241,10
4280119,9.760802025470866,11
4280130,9.769273027383125,11
4280142,9.723475636207123,12
4280147,9.925154073432514,5
4280154,9.844438727238638,7
4280166,9.73876932404127,12
4280167,9.988396003375858,1
4280177,9.79101364263113,10
4280183,9.892851367108692,6
4280188,9.910943722784408,5
4280192,9.942918458102264,4
4280208,9.57387828392932,16
4280219,9.776455831075262,11
4280231,9.719517197795403,12
4280241,9.797468335149686,10
4280247,9.907421903578564,6
4280252,9.920664418911903,5
4280254,9.973396942766076,2
4280267,9.712362151711233,13
4280277,9.7964334867315,10
4280279,9.982366877094082,2
4280292,9.706876006489114,13
4280298,9.901767838004115,6
4280309,9.749569094412228,11
4280316,9.859724615651228,7
4280321,9.919443055701098,5
4280328,9.866785248951883,7
4280334,9.894874482657439,6
4280344,9.776426368552555,10
4280352,9.830829480169694,8
4280353,10.0,1
4280359,9.87941021532788,6
4280369,9.812429601305734,10
4280380,9.794881899978032,11
4280389,9.828479749085815,9
4280393,9.942391711962197,4
4280394,10.0,1
4280407,9.703463665876134,13
4280411,9.942842336923093,4
4280426,9.688223535763843,15
4280429,9.864189489850997,3
4280438,9.818039152585586,9
4280449,9.743671987492666,11
4280457,9.861408793713991,8
4280466,9.821411094332673,9
4280479,9.719141154817425,13
4280485,9.891682705223715,6
4280494,9.820716916789095,9
4280505,9.780044803293206,11
4280506,10.0,1
4280510,9.93700448294686,4
4280515,9.933842099354704,5
4280524,9.608694893053933,9
4280530,9.901625572809508,6
4280539,9.812388626938576,9
4280544,9.925228809557225,5
4280551,9.868038544207264,7
4280558,9.869092556606773,7
4280559,10.0,1
4280572,9.693126569324175,13
4280580,9.856409587130676,8
4280592,9.755695411618413,12
4280603,9.765090486751056,11
4280617,9.728164718230964,14
4280626,9.815697358350976,9
4280636,9.77506750524418,10
4280638,9.977430714443509,2
4280639,10.0,1
4280652,9.71450535524325,13
4280661,9.811714706070124,9
4280674,9.698861121564187,13
4280684,9.797228886562747,10
4280695,9.57438645758942,11
4280703,9.8662941913631,8
4280712,9.837500184667592,9
4280804,7.960694209826686,92
4280816,9.737983678969677,12
4280817,10.0,1
4280831,9.683327003085394,14
4280840,9.812768640901737,9
4280859,9.597810647973422,19
4280860,10.0,1
4280862,9.985702630132735,2
4280867,9.906861396677217,5
4280879,9.736901501427843,12
4280890,9.746910621991386,11
4280895,9.910953677559082,5
4280917,9.492575519141466,22
4280927,9.790300339771864,10
4280930,9.968889725846564,3
4280942,9.745414030114777,12
4280948,9.90736367033687,6
4280953,9.9141222787091,5
4280967,9.668598737453369,14
4280972,9.72155086713401,5
4280976,9.932521112907681,4
4280987,9.774221818221697,11
4280996,9.84833644420791,9
4281003,9.879539991499081,7
4281006,9.967240993123134,3
4281016,9.81402862651885,10
4281017,10.0,1
4281020,9.970414048766061,3
4281025,9.919051353999526,5
4281026,10.0,1
4281038,9.73869856299348,12
4281049,9.769806582092938,11
4281054,9.926515525090792,5
4281068,9.707563522042955,14
4281078,9.80057147521983,10
4281096,9.614107912008194,18
4281108,9.744578834761795,12
4281117,9.818860905490288,9
4281133,9.67698666212859,16
4281143,9.783927380594802,10
4281160,9.66064403053183,17
4281170,9.812336232654973,10
4281178,9.846656806997554,8
4281195,9.578684908451926,17
4281205,9.788910560543936,10
4281215,9.80427199835986,10
4281221,9.907320842061008,6
4281222,10.0,1
4281226,9.937154380580239,4
4281229,9.961753031593947,3
4281238,9.83189492141985,9
4281246,9.834970138245591,8
4281250,9.925332226853477,4
4281267,9.607644252360707,17
4281276,9.810047912322856,9
4281281,9.911584154619417,5
4281291,9.824978932119514,10
4281305,9.780819222523435,14
4281313,9.856908213412657,8
4281319,9.902988619478526,6
4281320,10.0,1
4281328,9.840020867736849,8
4281340,9.717066797961637,12
4281349,9.804559653074767,9
4281354,9.901634100218804,5
4281357,9.955327790795813,3
4281366,9.819976836521297,9
4281376,9.81809083815815,10
4281380,9.937856705852141,4
4281385,9.92221190689557,5
4281386,9.989083315859514,1
4281391,9.921044075621415,5
4281402,9.775615712093693,11
4281413,9.76339451900408,11
4281417,9.94491504891702,4
4281425,9.85694550462787,8
4281441,9.424675131800301,16
4281442,9.996642276860367,1
4281443,10.0,1
4281448,9.915685725981417,5
4281449,9.987836035963984,1
4281459,9.682852591527151,10
4281471,9.737197893344385,12
4281479,9.856745473861315,8
4281482,9.959396110453149,3
4281483,10.0,1
4281486,9.965743603431479,3
4281488,9.97775688943932,2
4281497,9.819335594449438,9
4281498,10.0,1
4281509,9.787058579850614,11
4281514,9.708022322419417,5
4281519,9.92100187457325,5
4281531,9.720461123980353,12
4281537,9.911025236100064,6
4281546,9.80391125651114,9
4281563,9.65775341182426,17
4281568,9.90585955083577,5
4281571,9.962714382280843,3
4281574,9.955860755106983,3
4281584,9.82467464331071,10
4281592,9.830627746012931,8
4281597,9.923364136890942,5
4281600,9.955241914723798,3
4281611,9.751541582472464,11
4281623,9.724221816373998,12
4281631,9.84694379496839,8
4281644,9.715437610985932,13
4281654,9.776897955368174,10
4281660,9.888140194085596,6
4281661,10.0,1
4281665,9.93935051027894,4
4281672,9.862349820258462,7
4281680,9.853650256154745,8
4281688,9.825964767767408,8
4281700,9.731480513790263,12
4281713,9.666719404947514,13
4281718,9.926338051045647,5
4281727,9.835392709575208,9
4281734,9.873171924913143,7
4281742,9.835338789276642,8
4281751,9.802967297624543,9
4281752,9.992839529825051,1
4281764,9.743783232405093,12
4281775,9.76497775110602,11
4281778,9.960702241845283,3
4281779,10.0,1
4281780,10.0,1
4281786,9.887815902047974,6
4281787,10.0,1
4281788,10.0,1
4281796,9.821307002875189,8
4281798,9.970183339199668,2
4281813,9.701813927991864,15
4281825,9.742843169207935,12
4281836,9.805729533937836,11
4281845,9.85465834203965,9
4281854,9.818578934097609,9
4281861,9.845594267962136,7
4281865,9.93280782290744,4
4281871,9.91641722543911,6
4281876,9.91269729756126,5
4281885,9.811557274958204,9
4281894,9.824097560255092,9
4281901,9.861241043562726,7
4281913,9.739857179816095,12
4281915,9.978050004692548,2
4281922,9.866592486435541,7
4281927,9.899730899656996,5
4281942,9.458091927323204,15
4281952,9.791023251749998,10
4281965,9.707755227488665,13
4281973,9.74056278631411,8
4281978,9.926800002282992,5
4281984,9.900077474801437,6
4281992,9.84355447480597,8
4282004,9.73980652885503,12
4282011,9.859941335045633,7
4282012,10.0,1
4282014,9.979165436174227,2
4282026,9.748707626913731,12
4282032,9.897223613096223,6
4282038,9.891935990917826,6
4282039,10.0,1
4282044,9.911172143555035,5
4282049,9.925909093263554,5
4282051,9.977213067982857,2
4282055,9.924061410889466,4
4282059,9.928755629314066,4
4282064,9.923221497992598,5
4282085,9.481501983194141,21
4282095,9.786329776513973,10
4282105,9.791713214446133,10
4282110,9.899587960063435,5
4282119,9.805000157891572,9
4282120,10.0,1
4282127,9.873189901271427,7
4282133,9.904341131856377,6
4282144,9.75474699075734,11
4282147,9.967891795759025,3
4282158,9.751943996918877,11
4282167,9.807245852303666,9
4282174,9.856130807998468,7
4282176,9.972485343515675,2
4282188,9.771983498658736,12
4282189,9.993233644295714,1
4282199,9.79383100630048,10
4282209,9.777003619974773,10
4282216,9.874918537843442,7
4282229,9.725876391489798,13
4282241,9.739631684208522,12
4282250,9.807888087168454,9
4282261,9.750907430757396,11
4282272,9.794199745996238,11
4282274,9.976860883950652,2
4282284,9.774382990580106,10
4282300,9.619558066968763,16
4282311,9.788015066040728,11
4282315,9.94536700849167,4
4282323,9.836238053478436,8
4282324,10.0,1
4282336,9.737749253447445,12
4282347,9.774730333107545,11
4282350,9.966456045858108,3
4282357,9.857921041665051,7
4282362,9.897240112165084,5
4282363,10.0,1
4282374,9.732504557486129,11
4282379,9.909436698921,5
4282384,9.920754422548017,5
4282396,9.757993948666861,12
4282403,9.853810558060578,7
4282416,9.628215566977296,13
4282428,9.73940868057504,12
4282434,9.905574646285746,6
4282437,9.964261852784592,3
4282448,9.759954230725853,11
4282453,9.910371649745462,5
4282467,9.712931408497795,14
4282476,9.82702094897948,9
4282478,9.972589752919614,2
4282482,9.939068538719177,4
4282498,9.637416274079412,16
4282513,9.677609780308757,15
4282523,9.790872434415821,10
4282526,9.967683172503948,3
4282536,9.800480179801172,10
4282542,9.898236701998943,6
4282549,9.872256401613258,7
4282559,9.799507161474596,10
4282572,9.73065512125259,13
4282579,9.859762404999056,7
4282598,9.544127005547045,19
4282601,9.95135491069831,3
4282609,9.868681333139335,8
4282615,9.917975739635583,6
4282623,9.876884535585043,8
4282631,9.831279687732225,8
4282640,9.807691976797107,9
4282648,9.868816528745688,8
4282656,9.819442419917783,8
4282662,9.898501508363697,6
4282667,9.922946373437382,5
4282670,9.959148310475186,3
4282675,9.91151283739629,5
4282686,9.756438386839966,11
4282702,9.647201008000424,16
4282713,9.800215685290459,11
4282721,9.886903162800364,8
4282735,9.673217564348676,14
4282745,9.801551050568643,10
4282759,9.687392355010454,14
4282774,9.672817693099285,15
4282785,9.775812427198279,11
4282791,9.892784052306796,6
4282800,9.80686162187743,9
4282810,9.76617034220859,10
4282820,9.793593600950858,10
4282828,9.850263075436455,8
4282841,9.703537690798086,13
4282853,9.786881168620802,12
4282854,10.0,1
4282863,9.838396389890448,9
4282877,9.69452853108965,14
4282890,9.70544133750392,13
4282895,9.90116194016479,5
4282904,9.807536581590673,9
4282910,9.90965553015035,6
4282920,9.7925235503822,10
4282924,9.954224643866104,4
4282939,9.642307634345721,15
4282949,9.789197074783276,10
4282958,9.80715879247301,9
4282959,10.0,1
4282972,9.740952683008194,13
4282973,10.0,1
4282978,9.929931904192243,5
4282988,9.779843099340757,10
4282997,9.811775506538956,9
4283006,9.799897952922802,9
4283018,9.736483068427926,12
4283019,10.0,1
4283024,9.898629101232487,5
4283037,9.712239416895827,13
4283041,9.939047108684358,4
4283047,9.896767102149992,6
4283057,9.796976994348498,10
4283069,9.74076431999973,12
4283084,9.659968944410036,15
4283093,9.844581384583929,9
4283104,9.762541862000944,11
4283106,9.978434951895737,2
4283114,9.840250043009814,8
4283122,9.865649098504193,8
4283126,9.927060858074666,4
4283131,9.920051632153877,5
4283143,9.752402521107332,12
4283149,9.903428924697932,6
4283156,9.857480562920765,7
4283172,9.62628881264982,16
4283180,9.832125484087408,8
4283187,9.86991371984689,7
4283193,9.89476989685831,6
4283202,9.858172607861318,9
4283208,9.902691611214967,6
4283217,9.855177504861883,9
4283227,9.777749496526031,10
4283238,9.791753426403998,11
4283253,9.656747302433113,15
4283254,9.996595851070051,1
4283260,9.898932280422544,6
4283263,9.952895452089136,3
4283283,9.489104490550504,20
4283290,9.854797606357296,7
4283298,9.825676707322689,8
4283307,9.863922528176115,9
4283315,9.83342876352723,8
4283325,9.76499965654078,10
4283346,9.097987346928996,21
4283347,10.0,1
4283358,9.780646841650801,11
4283359,10.0,1
4283378,9.614544407665292,19
4283389,9.768948091738244,11
4283395,9.910392214794003,6
4283400,9.919399744517031,5
4283406,9.921275651404839,6
4283415,9.809435256677588,9
4283419,9.951279632108992,4
4283427,9.852918989379548,8
4283433,9.89470931726383,6
4283438,9.906140442789045,5
4283447,9.864341104266146,9
4283448,10.0,1
4283456,9.844037212980354,8
4283464,9.850653902925163,8
4283465,10.0,1
4283474,9.798051580416127,9
4283483,9.814167500582572,9
4283496,9.741931582335136,13
4283506,9.729963631324168,10
4283512,9.896076544195447,6
4283526,9.694343629111518,14
4283537,9.774166813170163,11
4283549,9.755244710638118,12
4283560,9.760674589559454,11
4283568,9.84992962360961,8
4283579,9.818437746067593,11
4283586,9.874030407619742,7
4283597,9.784800985689024,11
4283613,9.640223422803532,16
4283617,9.943072083871861,4
4283623,9.72574053641703,6
4283626,9.97120019882972,3
4283627,10.0,1
4283634,9.88806392970833,7
4283648,9.738753220898596,14
4283652,9.949121228878123,4
4283661,9.797755769493307,9
4283671,9.81458256958223,10
4283677,9.900196117897002,6
4283688,9.768936459622399,11
4283699,9.753506817488725,11
4283706,9.862074943723231,7
4283708,9.972296688613286,2
4283716,9.840418559175026,8
4283731,9.655778428880346,15
4283741,9.829601764164325,10
4283747,9.910784702524365,6
4283764,9.632044339465503,17
4283766,9.980389601314917,2
4283768,9.978440576140557,2
4283781,9.753621691950602,13
4283791,9.822693066823176,10
4283814,9.416647103297734,23
4283821,9.89127447816937,7
4283827,9.918912965121459,6
4283838,9.77490110806582,11
4283850,9.765452054018306,12
4283866,9.656695581129892,16
4283876,9.789955548301634,10
4283889,9.70792059990938,13
4283897,9.856386046201877,8
4283914,9.628215630774019,17
4283920,9.899105147765981,6
4283935,9.651173524427767,15
4283939,9.950475459463288,4
4283950,9.665090806164113,11
4283957,9.882426337915504,7
4283969,9.766413869452721,12
4283976,9.887131565257024,7
4283980,9.9459329566641,4
4283995,9.69500007926602,15
4284010,9.695161791913845,15
4284019,9.808480699459198,9
4284020,10.0,1
4284030,9.777621366941588,10
4284031,9.993259320867198,1
4284039,9.841013720030713,8
4284043,9.935939461958164,4
4284054,9.789979164462126,11
4284059,9.918139403431278,5
4284060,10.0,1
4284073,9.727889468558843,13
4284079,9.891582204541326,6
4284080,10.0,1
4284085,9.917466351459305,5
4284092,9.866791891855131,7
4284100,9.86130473979126,8
4284106,9.90011329250049,6
4284111,9.929770569901894,5
4284122,9.763918468256534,11
4284136,9.711321176977641,14
4284147,9.777467516539494,11
4284153,9.903526970283561,6
4284163,9.78453643134318,10
4284170,9.868479221007327,7
4284174,9.94791984241321,4
4284188,9.711481149778527,14
4284189,10.0,1
4284200,9.7625097792784,11
4284210,9.789038126300529,10
4284211,10.0,1
4284225,9.706023262914288,14
4284237,9.723371527350585,12
4284242,9.919439783203364,5
4284254,9.737247520267056,12
4284255,10.0,1
4284265,9.783280226654,10
4284274,9.794246853405895,9
4284283,9.809982144729696,9
4284291,9.845504015831228,8
4284297,9.921873763187808,6
4284311,9.732871225435938,14
4284325,9.702743467326314,14
4284329,9.92982508408972,4
4284346,9.626159619266355,17
4284350,9.952544733821874,4
4284358,9.846610041143238,8
4284375,9.64148289068403,17
4284386,9.77971208028647,11
4284390,9.95632853020652,4
4284409,9.608094166512185,19
4284419,9.79817508086348,10
4284424,9.915700053449195,5
4284426,9.978031510781816,2
4284433,9.876664948777794,7
4284442,9.866953760572143,9
4284451,9.805438102743127,9
4284463,9.759098623965455,12
4284476,9.693545927621614,13
4284482,9.905891989975931,6
4284483,9.99307839906226,1
4284489,9.813011511930508,6
4284495,9.914566268221654,6
4284503,9.86111963382834,8
4284504,9.99692692713747,1
4284516,9.717899395196365,12
4284518,9.978228176024272,2
4284531,9.704358457878383,13
4284549,9.614569666027784,18
4284562,9.704517156488022,13
4284576,9.701212301298911,14
4284586,9.786585365307557,10
4284595,9.817119769684473,9
4284602,9.867286881940688,7
4284609,9.860243413528586,7
4284613,9.941082087957614,4
4284624,9.77913813839756,11
4284635,9.777448797396461,11
4284646,9.775607560100783,11
4284654,9.850296043641688,8
4284658,9.943949776605294,4
4284676,9.559654436451279,18
4284686,9.790030164525994,10
4284689,9.961321564108184,3
4284699,9.817612018420606,10
4284700,9.992804082765085,1
4284707,9.8769609326888,7
4284718,9.750087728575286,11
4284719,10.0,1
4284754,9.361849422833803,35
4284762,9.845653554635131,8
4284768,9.896844470606565,6
4284769,10.0,1
4284771,9.981048029005043,2
4284776,9.911611258797533,5
4284786,9.79475335598756,10
4284793,9.86571233502788,7
4284807,9.786038704887996,14
4284813,9.888693503943212,6
4284814,9.989156234596672,1
4284819,9.90851273452133,5
4284823,9.945126196791522,4
4284833,9.789268565828896,10
4284840,9.869520048145636,7
4284841,9.989184488242902,1
4284857,9.618754657355632,16
4284860,9.957084037747522,3
4284861,10.0,1
4284867,9.89772501059205,6
4284868,10.0,1
4284877,9.807161752701521,9
4284883,9.898024051517659,6
4284899,9.627798778243047,16
4284904,9.917141506847576,5
4284913,9.819100439164936,9
4284919,9.889831294468404,6
4284940,9.45186816771463,21
4284954,9.658758581057768,14
4284955,10.0,1
4284967,9.649973888815053,12
4284975,9.849306805840317,8
4284985,9.804679244673368,10
4284997,9.736164752172325,12
4285006,9.821241940521855,9
4285012,9.908334073815288,6
4285017,9.895373773018543,5
4285025,9.834632036890438,8
4285047,9.461219471489022,22
4285052,9.898397421831413,5
4285059,9.874383651654753,7
4285061,9.978593274053404,2
4285074,9.717248091500784,13
4285078,9.945970579960928,4
4285079,10.0,1
4285082,9.955933797962954,3
4285094,9.71233763830542,12
4285104,9.797397463860943,10
4285105,10.0,1
4285115,9.790283293061044,10
4285116,9.988968201220818,1
4285127,9.757431193475313,11
4285139,9.730417221362455,12
4285149,9.815865521399958,10
4285150,10.0,1
4285160,9.803131961602174,10
4285165,9.909835463572332,5
4285166,10.0,1
4285170,9.926843889020061,4
4285174,9.935273725952692,4
4285186,9.737268956980195,12
4285199,9.730335294631281,13
4285204,9.91953812641689,5
4285215,9.781596057360922,11
4285223,9.842133470497943,8
4285229,9.892753939174181,6
4285243,9.676704792407673,14
4285247,9.93303367104225,4
4285254,9.863642255731527,7
4285270,9.62048862040951,16
4285284,9.7073286419118,14
4285285,10.0,1
4285295,9.783974395906904,10
4285311,9.637407606036753,16
4285315,9.948137215724433,4
4285317,9.973049521818794,2
4285325,9.85686786982718,8
4285336,9.76913700920578,11
4285353,9.623542100769264,17
4285364,9.76161411513789,11
4285380,9.668766218576545,16
4285385,9.9319312842344,5
4285389,9.940729551466301,4
4285401,9.701361855285167,12
4285402,10.0,1
4285415,9.748396266131278,13
4285424,9.82996747014126,9
4285425,10.0,1
4285435,9.803588435779062,10
4285436,10.0,1
4285437,9.98875090694651,1
4285441,9.94162381584303,4
4285456,9.680549106648202,15
4285460,9.846006243079598,4
4285467,9.873743602661248,7
4285468,10.0,1
4285476,9.876278009960897,8
4285477,10.0,1
4285481,9.8489578793983,4
4285484,9.952134171517018,3
4285492,9.841379537884926,8
4285499,9.89128244216951,7
4285508,9.83785231810508,9
4285515,9.876368045597568,7
4285524,9.801571532171,9
4285535,9.768731455887128,11
4285548,9.709604484884686,13
4285558,9.795504549092737,10
4285567,9.873385665196677,9
4285576,9.828117285305394,9
4286076,-28.594481810180888,500
4286088,9.755380969425511,12
4286096,9.83805622612523,8
4286101,9.914708845675504,5
4286110,9.787569154382885,9
4286118,9.852781744641012,8
4286130,9.768250781001171,12
4286138,9.849190232523192,8
4286139,10.0,1
4286145,9.888035931094818,6
4286158,9.702643271910558,13
4286164,9.886159550282647,6
4286171,9.859014855999506,7
4286185,9.684287955475265,14
4286193,9.842278634522753,8
4286198,9.89626243974919,5
4286203,9.920491266961466,5
4286206,9.957930798297012,3
4286220,9.682390810156269,14
4286226,9.88313297151051,6
4286233,9.864076461155777,7
4286246,9.666417841535447,13
4286248,9.978325903829417,2
4286259,9.750064050811922,11
4286267,9.840594049108363,8
4286276,9.80208714932367,9
4286283,9.876083544541787,7
4286297,9.709335873293352,14
4286311,9.593356733776458,14
4286323,9.731195620931944,12
4286333,9.797637519339524,10
4286334,10.0,1
4286339,9.897717069456537,5
4286352,9.7505167681628,13
4286356,9.944244159506232,4
4286357,9.988720172508476,1
4286372,9.628510956348212,15
4286383,9.812822459607274,11
4286387,9.95329053535761,4
4286393,9.89207820416604,6
4286394,9.996566806160029,1
4286412,9.646381395855215,18
4286418,9.888428805217364,6
4286428,9.823947667263003,10
4286440,9.74476361678659,12
4286452,9.741966284717254,12
4286458,9.913187704391591,6
4286470,9.726604703565823,12
4286485,9.724640425785509,15
4286985,-45.89080427197263,500
4286988,9.968005813929176,3
4286996,9.839315116445047,8
4286997,10.0,1
4287002,9.928987565593266,5
4287014,9.764383210041698,12
4287023,9.867899676316135,9
4287032,9.805966507760003,9
4287035,9.95232402648538,3
4287043,9.875371588134872,8
4287052,9.819352794779144,9
4287054,9.985938881939429,2
4287057,9.956591005737573,3
4287066,9.835745285623656,9
4287073,9.892287374918965,7
4287085,9.731152185852,12
4287086,10.0,1
4287095,9.827416826914032,9
4287096,10.0,1
4287097,10.0,1
4287098,10.0,1
4287110,9.731930608613643,12
4287128,9.557987065215743,18
4287143,9.658956443109197,15
4287153,9.775816354190821,10
4287161,9.835378970370238,8
4287170,9.805276598159415,9
4287183,9.725137611254858,13
4287194,9.775148198713362,11
4287206,9.738848958186438,12
4287210,9.93682709501721,4
4287216,9.89891831514939,6
4287230,9.696735517570614,14
4287231,10.0,1
4287244,9.69995833792882,13
4287253,9.828725450785006,9
4287263,9.680407060495023,10
4287275,9.812009776622299,12
4287286,9.775587964242435,11
4287293,9.862070290724477,7
4287294,9.992473380433514,1
4287304,9.792621107581416,10
4287309,9.923632895889998,5
4287311,9.97052909716884,2
4287319,9.82784038942615,8
4287325,9.89191554415575,6
4287335,9.790357236660212,10
4287344,9.81473502492901,9
4287353,9.815904516522963,9
4287357,9.932703177358942,4
4287361,9.939626907611233,4
4287367,9.86838084926173,6
4287375,9.82626281892606,8
4287377,9.979577913660737,2
4287391,9.697820887701583,14
4287402,9.772529882889385,11
4287409,9.866695983055624,7
4287421,9.720576902245437,12
4287432,9.766062778184498,11
4287444,9.775866413105451,12
4287454,9.762013637501123,10
4287460,9.898210267446036,6
4287466,9.876240111349409,6
4287473,9.883727064954742,7
4287486,9.720853142003351,13
4287500,9.50517734069235,14
4287510,9.812354214788396,10
4287525,9.68846503101171,15
4287526,10.0,1
4287536,9.808535492874753,10
4287542,9.887938244470265,6
4287547,9.928054187655405,5
4287553,9.88866250576053,6
4287563,9.776002000841595,10
4287573,9.790551572328269,10
4287574,10.0,1
4287580,9.893599685829104,6
4287584,9.922990779944287,4
4287590,9.878109991906657,6
4287599,9.786675034945304,9
4287600,10.0,1
4287601,10.0,1
4287612,9.770097664919453,11
4287626,9.679317546507823,14
4287639,9.7166758033599,13
4287649,9.78078495200161,10
4287658,9.843804874412253,9
4287659,9.996517920164292,1
4287660,9.992081085875961,1
4287668,9.84660692052561,8
4287669,9.993246862175452,1
4287674,9.897820862664418,5
4287682,9.814927250472493,8
4287694,9.724933547722097,12
4287697,9.955696936243415,3
4287713,9.64137427253429,16
4287714,10.0,1
4287726,9.758764554667312,12
4287739,9.710423947742353,13
4287748,9.806605788944331,9
4287753,9.913325234958123,5
4287759,9.89586623492424,6
4287770,9.752836147407837,11
4287771,10.0,1
4287778,9.761057972277786,7
4287784,9.882748192891366,6
4287800,9.642446204058816,16
4287808,9.846748364563847,8
4287820,9.782592372575818,12
4287828,9.846534604890836,8
4287839,9.783201122356271,11
4287842,9.957801899688459,3
4287853,9.747133600626942,11
4287861,9.843383541078746,8
4287864,9.945038740625622,3
4287871,9.886912668551036,7
4287872,9.988137376402644,1
4287888,9.63434678140607,16
4287899,9.758032758654092,11
4287908,9.856633088250753,9
4287934,9.449206392260992,26
4287942,9.852045526987792,8
4287949,9.874125846675925,7
4287955,9.905855649737026,6
4287962,9.885106865958983,7
4287964,9.979286606384171,2
4287965,10.0,1
4287973,9.851578397480676,8
4287982,9.841611446748791,9
4287995,9.69907776651913,13
4288004,9.827627814040861,9
4288005,10.0,1
4288010,9.938276896758957,5
4288021,9.643037536661243,11
4288025,9.930386576107356,4
4288033,9.831284061566903,8
4288043,9.840275924248543,10
4288053,9.686676597565938,10
4288059,9.903332237295192,6
4288060,10.0,1
4288069,9.815321483870303,9
4288084,9.670212516855857,15
4288091,9.870428423694934,7
4288105,9.68986161938415,14
4288111,9.899522722598025,6
4288132,9.58858625979216,21
4288141,9.801611170264799,9
4288151,9.817841805830136,10
4288158,9.744775352131288,7
4288658,-16.401572315981984,500
4288663,9.906738289313347,5
4288669,9.905199318013047,6
4288671,9.970637141825332,2
4288680,9.822471402422007,9
4288687,9.861361288533885,7
4288688,9.996374235105955,1
4288695,9.879293154681518,7
4288702,9.854491257161916,7
4288705,9.963001157988247,3
4288710,9.923623822796696,5
4288715,9.91200114281774,5
4288720,9.905040676258949,5
4288725,9.906858862639162,5
4288729,9.919849106631203,4
4288734,9.911855646245865,5
4288741,9.88595244731938,7
4288752,9.78204106169417,11
4288758,9.889222448778446,6
4288769,9.772194276844258,11
4288779,9.797244092406384,10
4288789,9.787091539158268,10
4288795,9.897349620297913,6
4288801,9.898262702607846,6
4288820,9.567940523000821,19
4288825,9.916464394624679,5
4288828,9.956168414930552,3
4288833,9.715509720053552,5
4288847,9.691043721398858,14
4288854,9.864551670443456,7
4288866,9.74001996052428,12
4288879,9.703745620269821,13
4288880,10.0,1
4288890,9.782880133509089,10
4288901,9.744101021407179,11
4288905,9.926509678230019,4
4288918,9.716426364718773,13
4288931,9.747418993090305,13
4288952,9.547015182605433,21
4288957,9.902374480519315,5
4288968,9.783410549811506,11
4288974,9.912727869498282,6
4288980,9.89134169761687,6
4288989,9.8319777803456,9
4289008,9.543882088751067,19
4289012,9.927664405233925,4
4289020,9.830095974226095,8
4289030,9.487938413624844,10
4289038,9.845358978532563,8
4289045,9.865094743393175,7
4289068,9.569513260872354,23
4289074,9.919276011878607,6
4289075,10.0,1
4289076,10.0,1
4289084,9.86855315411646,8
4289098,9.708922284381867,14
4289120,9.455185400285544,22
4289130,9.799487543181225,10
4289143,9.698422634893584,13
4289157,9.70586035821251,14
4289170,9.710122697661587,13
4289179,9.53789352176858,9
4289195,9.644019713021676,16
4289204,9.810784108647777,9
4289217,9.722351898877989,13
4289227,9.766415064369456,10
4289242,9.696785051720854,15
4289250,9.832264153482537,8
4289258,9.843993739255799,8
4289262,9.943574876774514,4
4289274,9.755412377877736,12
4289285,9.768103496855543,11
4289292,9.890150779325436,7
4289293,10.0,1
4289306,9.770071898893349,13
4289314,9.832326270887123,8
4289332,9.572175622821243,18
4289336,9.942552271376094,4
4289337,10.0,1
4289351,9.688078647430277,14
4289364,9.715256526332785,13
4289374,9.78486984228267,10
4289379,9.914900656206171,5
4289385,9.900565192347525,6
4289392,9.866276876946825,7
4289410,9.506980001743985,18
4289417,9.876440066459942,7
4289419,9.978789379575101,2
4289420,10.0,1
4289421,9.992551120144338,1
4289422,10.0,1
4289431,9.812763330734386,9
4289441,9.790217330817566,10
4289446,9.917380732984821,5
4289453,9.884825073015666,7
4289457,9.924658103743107,4
4289466,9.815871768482209,9
4289475,9.79728263059391,9
4289480,9.934267599715685,5
4289489,9.816012507205263,9
4289492,9.948470128897323,3
4289507,9.696259694582565,15
4289516,9.821629547147698,9
4289521,9.917309327675909,5
4289530,9.824651739469028,9
4289542,9.738706055700337,12
4289555,9.715631520448206,13
4289568,9.718568107501993,13
4289575,9.858053889975636,7
4289576,10.0,1
4289581,9.9144315830449,5
4289587,9.895545191102372,6
4289590,9.962435961283173,3
4289591,10.0,1
4289595,9.943090154303189,4
4289596,10.0,1
4289599,9.953846650910169,3
4289608,9.856293019783678,9
4289615,9.869290113824839,7
4289624,9.826775198400503,9
4289625,10.0,1
4289628,9.96734419937665,3
4289636,9.839974702705867,8
4289644,9.847934181546668,8
4289650,9.90724883943996,6
4289657,9.870630370719793,7
4289665,9.852545366239045,8
4289666,9.995992127784868,1
4289675,9.800029151534213,9
4289676,10.0,1
4289683,9.88952963319194,7
4289688,9.913583453356372,5
4289697,9.844676283959027,9
4289705,9.85408481934921,8
4289708,9.953599516469799,3
4289718,9.808141519301044,10
4289737,9.514308294384717,19
4289747,9.772761877434059,10
4289755,9.84477231848205,8
4289763,9.842406036325439,8
4289774,9.766169944360115,11
4289785,9.787731145649577,11
4289790,9.920874154554568,5
4289803,9.712500937866247,13
4289818,9.647923091186815,15
4289827,9.805033084993179,9
4289830,9.964942614036747,3
4289831,10.0,1
4289834,9.969318482613321,3
4289843,9.8071464372284,9
4289849,9.891169302741265,6
4289854,9.931423527843625,5
4289860,9.886001554980007,6
4289870,9.79723517534381,10
4289881,9.78774243749356,11
4289889,9.855269231691537,8
4289894,9.932895602271342,5
4289905,9.765907969951098,11
4289922,9.634751248063834,17
4289943,9.507281920744305,21
4290443,-212.32986874185042,500
4290444,10.0,1
4290451,9.867524001457076,7
4290467,9.628871183888565,16
4290468,10.0,1
4290469,10.0,1
4290478,9.81219713328338,9
4290488,9.772831967109454,10
4290496,9.847552198397752,8
4290510,9.601352833220764,14
4290520,9.774228970621818,10
4290524,9.93036191287636,4
4290540,9.594945054628552,16
4290548,9.859595387465635,8
4290557,9.819571494613173,9
4290558,10.0,1
4290568,9.800709721897343,10
4290583,9.65802361601793,15
4290593,9.792619109883642,10
4290599,9.898804103186611,6
4290605,9.894338632262125,6
4290613,9.842936092219402,8
4290621,9.842169097497756,8
4290626,9.919158579959285,5
4290627,10.0,1
4290636,9.795118982482979,9
4290643,9.866795692913637,7
4290656,9.707547209200856,13
4290660,9.94412585719424,4
4290662,9.973109339948259,2
4290672,9.773035381157358,10
4290677,9.936206076985306,5
4290686,9.84235197411816,9
4290694,9.848825053467461,8
4290705,9.76454013479492,11
4290716,9.803616989561121,11
4290719,9.967832524146715,3
4290721,9.973616286426463,2
4290728,9.857885787714105,7
4290735,9.875722387588421,7
4290747,9.735517170957051,12
4290756,9.817028092731727,9
4290757,10.0,1
4290766,9.817718645672254,9
4290778,9.72735698338237,12
4290794,9.681206224222588,16
4290804,9.800032566714176,10
4290812,9.836902217736906,8
4290813,10.0,1
4290818,9.929397131485905,5
4290832,9.678518759786055,14
4290839,9.853504452287702,7
4290841,9.977270736612489,2
4290845,9.940186340462862,4
4290854,9.842470497719379,9
4290860,9.9030955212481,6
4290871,9.742169441550736,11
4290882,9.783642003016476,11
4290888,9.903622853664347,6
4290901,9.686682891358934,13
4290904,9.959843112411619,3
4290915,9.75494521275296,11
4290919,9.923921383599202,4
4290922,9.953779302717859,3
4290923,10.0,1
4290934,9.75716496440587,11
4290938,9.924275155830149,4
4290940,9.972575989408156,2
4290955,9.656222548821416,15
4290967,9.725642201634454,12
4290972,9.936576227312699,5
4290973,10.0,1
4290976,9.966314197440129,3
4290987,9.790620371966686,11
4291000,9.737222071053507,13
4291002,9.9689374501956,2
4291004,9.982838910619401,2
4291009,9.90295827520212,5
4291021,9.748609838518863,12
4291036,9.670915290946501,15
4291051,9.668080281873685,15
4291059,9.840277533646224,8
4291067,9.849312216108435,8
4291079,9.737852869414365,12
4291091,9.733735922744557,12
4291108,9.47267978658621,17
4291117,9.818980334620075,9
4291129,9.76969930833114,12
4291135,9.917876033283013,6
4291136,10.0,1
4291145,9.80567921349196,9
4291152,9.867239381531258,7
4291157,9.913400854609229,5
4291161,9.939832402986202,4
4291167,9.88572411593544,6
4291181,9.700558411055926,14
4291187,9.871463816144106,6
4291199,9.542731467322826,12
4291200,10.0,1
4291212,9.733690667811041,12
4291215,9.958165441514897,3
4291225,9.777323355142903,10
4291231,9.895595165578328,6
4291240,9.810468916496434,9
4291241,10.0,1
4291246,9.936555116022332,5
4291254,9.8456885221167,8
4291262,9.849222808360512,8
4291271,9.838820608013563,9
4291280,9.818203818342846,9
4291290,9.779453107208472,10
4291298,9.834409157659836,8
4291309,9.75986259885884,11
4291315,9.876889229303075,6
4291327,9.736977198657527,12
4291335,9.833720990968573,8
4291344,9.857360490964918,9
4291353,9.795231822269676,9
4291359,9.888789350252342,6
4291364,9.928851346541318,5
4291372,9.823217047679472,8
4291380,9.633608947333357,8
4291384,9.936834472330474,4
4291391,9.854827463189599,7
4291397,9.904317623038235,6
4291405,9.848806492912292,8
4291414,9.844560331449868,9
4291415,10.0,1
4291428,9.723149819054413,13
4291430,9.979141689454078,2
4291444,9.717227490321983,14
4291451,9.866127834751085,7
4291457,9.887126845886794,6
4291464,9.86835795217856,7
4291469,9.898359001073686,5
4291470,9.98843090392261,1
4291481,9.75709485731315,11
4291486,9.919252410279585,5
4291502,9.688924398479992,16
4291510,9.858397157185243,8
4291526,9.614836442556067,16
4291530,9.93927586565871,4
4291542,9.737834470142188,12
4291553,9.761199382319969,11
4291568,9.650277904642868,15
4291578,9.80552115781115,10
4291591,9.508592032221602,13
4291602,9.767829860866618,11
4291613,9.817513597213726,11
4291625,9.734706889260192,12
4291632,9.851616969102968,7
4291643,9.767883468401546,11
4291652,9.824311777969598,9
4291657,9.923512940977071,5
4291668,9.75380693452575,11
4291682,9.645812845105137,14
4291693,9.766950815994434,11
4291694,10.0,1
4291701,9.867276411369561,7
4291702,10.0,1
4291712,9.791166406299109,10
4291718,9.896378244295601,6
4291726,9.835749365577009,8
4291735,9.83023923619196,9
4291738,9.969370491721724,3
4291739,10.0,1
4291755,9.625854456658098,16
4291767,9.740785639782535,12
4291772,9.933850236410441,5
4291783,9.773366553455746,11
4291799,9.631855517551493,16
4291817,9.605963319857855,18
4291831,9.719511692687322,14
4291842,9.752429142789955,11
4291851,9.81015103031825,9
4291859,9.852125660144136,8
4291867,9.851729259354503,8
4291868,10.0,1
4291869,9.992807140092937,1
4291882,9.710378416202902,13
4291886,9.95964956729874,4
4291895,9.804858101350685,9
4291900,9.938011488085806,5
4291906,9.88683915997459,6
4291907,10.0,1
4291916,9.797346339813846,9
4291924,9.853612728869246,8
4291931,9.89782914547882,7
4291942,9.772598682045988,11
4291948,9.903251772574007,6
4291962,9.71167944272833,14
4291971,9.815933617958537,9
4291974,9.960543723740491,3
4291990,9.679103603834164,16
4291997,9.8645687798541,7
4292016,9.43202628389648,19
4292028,9.763049252466695,12
4292032,9.928872097930459,4
4292040,9.843056424260757,8
4292050,9.733807342627603,10
4292061,9.748418935533058,11
4292064,9.94678131083013,3
4292071,9.862046645767098,7
4292081,9.838556862305666,10
4292086,9.918581745467499,5
4292091,9.897599383988922,5
4292101,9.808580297916848,10
4292104,9.962745071231701,3
4292116,9.748254461698615,12
4292129,9.710664856188917,13
4292141,9.733660315461549,12
4292145,9.940877950358018,4
4292153,9.842246592850042,8
4292164,9.737404854145629,11
4292173,9.806156568679352,9
4292179,9.907693505561916,6
4292195,9.628943774315706,16
4292203,9.860107223677007,8
4292210,9.879361028769448,7
4292221,9.777434730612606,11
4292227,9.893322001380566,6
4292248,9.557238526216022,21
4292254,9.886284558112974,6
4292266,9.746769688075398,12
4292273,9.878521817788528,7
4292289,9.647839359468653,16
4292305,9.641004192166033,16
4292311,9.883343298085913,6
4292316,9.928644608178134,5
4292325,9.852016747803724,9
4292326,9.98903452426493,1
4292332,9.910853924378811,6
4292345,9.731785919185333,13
4292354,9.823489186993926,9
4292355,10.0,1
4292364,9.8232410356827,9
4292373,9.806849075479995,9
4292388,9.34357964328012,15
4292389,10.0,1
4292403,9.672003784677306,14
4292407,9.940670573594302,4
4292408,10.0,1
4292420,9.752789190585192,12
4292426,9.882057464382227,6
4292444,9.576703184455292,18
4292452,9.866066121568812,8
4292462,9.7768596320859,10
4292468,9.892814549781097,6
4292477,9.799980982937264,9
4292486,9.818987285256023,9
4292491,9.917876624659309,5
4292496,9.921107845998954,5
4292503,9.86556763511368,7
4292513,9.797208083274922,10
4292526,9.739992148405658,13
4292537,9.780198809729509,11
4292555,9.572294904232605,18
4292568,9.694356625690128,13
4292574,9.888467242165696,6
4292575,10.0,1
4292581,9.899581025163986,6
4292582,10.0,1
4292596,9.698697166934462,14
4292601,9.907633634361568,5
4292613,9.721161527680348,12
4292619,9.880978764744063,6
4292628,9.809829104336213,9
4292631,9.965580711570333,3
4292636,9.914870139483527,5
4292649,9.745054935379667,13
4292661,9.727042946375338,12
4292670,9.825992808850266,9
4292691,9.61009535376509,21
4292700,9.811540881286719,9
4292701,10.0,1
4292711,9.800361028716457,10
4292721,9.77781110543666,10
4292727,9.893856602117014,6
4292733,9.891288700450511,6
4292745,9.763856687348481,12
4292754,9.808877219325261,9
4292764,9.829578948706189,10
4292770,9.88893566953973,6
4292781,9.786741090922453,11
4292784,9.962987236318506,3
4292791,9.8713248810383,7
4292800,9.804709079489715,9
4292805,9.92150252831234,5
4292815,9.77723598312215,10
4292821,9.896144954591767,6
4292832,9.777805359702635,11
4292842,9.799728997522111,10
4292847,9.912897741735746,5
4292858,9.775936800961892,11
4292864,9.897341219991471,6
4292875,9.7647405494151,11
4292881,9.903049764042526,6
4292883,9.97933589866483,2
4292888,9.911655593634368,5
4292891,9.951506135422242,3
4292892,9.987799387480925,1
4292896,9.94422989859469,4
4292909,9.715189707695323,13
4292923,9.691409764682342,14
4292927,9.934800199548889,4
4292936,9.802858586069481,9
4292945,9.829499078769949,9
4292949,9.939093519898927,4
4292958,9.813386956931758,9
4292967,9.830335449758351,9
4292981,9.693769654556348,14
4292988,9.865961732154418,7
4292998,9.78341266583924,10
4293002,9.932434153341404,4
4293012,9.790018978185035,10
4293019,9.857398405292107,7
4293025,9.876253577105528,6
4293032,9.868134636912387,7
4293042,9.821159895020674,10
4293047,9.915408444109639,5
4293056,9.821317070907039,9
4293059,9.964215015703974,3
4293072,9.742586183733788,13
4293081,9.803956041091652,9
4293091,9.783966537143128,10
4293092,10.0,1
4293106,9.725346616955452,14
4293113,9.86763247797329,7
4293123,9.770596917939018,10
4293136,9.7017564321104,13
4293143,9.873137152800584,7
4293153,9.808234922959013,10
4293154,10.0,1
4293163,9.805102498246335,9
4293173,9.80116374708105,10
4293181,9.849742125929557,8
4293193,9.721613404481129,12
4293202,9.81564412299202,9
4293212,9.798580393583373,10
4293218,9.871459445296464,6
4293230,9.730717856281446,12
4293240,9.784301768412186,10
4293244,9.943351130743306,4
4293249,9.923248348277037,5
4293250,10.0,1
4293257,9.876532020233718,7
4293272,9.671160255175845,15
4293280,9.848731104873387,8
4293281,10.0,1
4293282,10.0,1
4293294,9.751975468191242,12
4293307,9.635128555624737,13
4293316,9.817056782645546,9
4293331,9.704766461008907,15
4293352,9.52217923068279,21
4293364,9.749531252605601,12
4293368,9.937134053732931,4
4293377,9.81803441253609,9
4293391,9.723341077826934,14
4293399,9.877692964159769,8
4293401,9.972791440666514,2
4293405,9.922917427997982,4
4293412,9.865585616737985,7
4293416,9.943036058941345,4
4293419,9.95974510968606,3
4293424,9.930048026871743,5
4293443,9.625327902440915,19
4293451,9.841221459297904,8
4293465,9.668546151693741,14
4293468,9.96764791076787,3
4293477,9.82243479658783,9
4293486,9.828007385818935,9
4293509,9.510938890570891,23
4293518,9.82428962679467,9
4293527,9.815022914659684,9
4293540,9.71375197840175,13
4293545,9.92233042626917,5
4293550,9.923388758666947,5
4293562,9.738629664719745,12
4293574,9.749577146450108,12
4293587,9.700676745514171,13
4293589,9.970607476135838,2
4293601,9.753263335027276,12
4293613,9.754058765313307,12
4293617,9.942204100766014,4
4293629,9.731237393991474,12
4293637,9.845081712251911,8
4293645,9.854108586761717,8
4293653,9.812166161505218,8
4293658,9.912623451897726,5
4293662,9.926708285686473,4
4293665,9.955618547338652,3
4293676,9.78121566834867,11
4293677,10.0,1
4293681,9.935791119345886,4
4293688,9.882628018958808,7
4293689,10.0,1
4293699,9.800822627234732,10
4293706,9.856769643482945,7
4293718,9.64746534429873,12
4293724,9.882838745127914,6
4293738,9.755206844268612,14
4293751,9.715977797636556,13
4293752,10.0,1
4293759,9.854855334364034,7
4293764,9.91320568211329,5
4293773,9.804575213898755,9
4293778,9.899047695814746,5
4293779,10.0,1
4293787,9.853408160604403,8
4293796,9.835137816801362,9
4293805,9.832477834197475,9
4293814,9.814963991453128,9
4293817,9.959170409556116,3
4293819,9.970291052659295,2
4293831,9.719733110164718,12
4293834,9.967200786677058,3
4293845,9.732726203434066,11
4293850,9.91544359614845,5
4293862,9.736309388155824,12
4293874,9.724007899311346,12
4293876,9.974241685777388,2
4293887,9.766454907308741,11
4293888,9.988747096452961,1
4293889,10.0,1
4293890,9.991339302942578,1
4293898,9.834054308529577,8
4293912,9.676745017966383,14
4293919,9.862814763763883,7
4293930,9.763250758114259,11
4293934,9.937483328038978,4
4293940,9.881233581662844,6
4293951,9.76596904641765,11
4293959,9.828437455763812,8
4293970,9.82364141067548,11
4293973,9.967959148931959,3
4293978,9.904634644944133,5
4293986,9.848299133099994,8
4293991,9.917681013528698,5
4294005,9.730682297659595,14
4294015,9.76519666143359,10
4294025,9.787655015125239,10
4294038,9.71877560352882,13
4294052,9.660911947231053,14
4294060,9.810814611791075,8
4294066,9.87875013796728,6
4294076,9.798502431582765,10
4294085,9.831542455901788,9
4294091,9.893592617722712,6
4294107,9.613861116407923,16
4294114,9.883402563718137,7
4294124,9.79504301303854,10
4294130,9.888480824954883,6
4294138,9.849376459206889,8
4294145,9.896734762059932,7
4294154,9.716314375798893,9
4294163,9.828021209084387,9
4294171,9.856075388334894,8
4294176,9.9191791660658,5
4294181,9.903682583569951,5
4294188,9.88811120392212,7
4294203,9.677219223355829,15
4294208,9.909088664773712,5
4294221,9.717048138412661,13
4294227,9.895340562601229,6
4294238,9.786605795967303,11
4294251,9.724607238200877,13
4294257,9.884049134420817,6
4294263,9.89906360672083,6
4294271,9.855939010334328,8
4294272,10.0,1
4294289,9.560324815154546,17
4294308,9.53500728246961,19
4294319,9.753089169811814,11
4294322,9.965461989565938,3
4294328,9.912658192890193,6
4294332,9.932969192635953,4
4294339,9.85013592056232,7
4294352,9.734690270407615,13
4294366,9.369828342748763,14
4294368,9.977869493799549,2
4294376,9.839162470373743,8
4294380,9.928585045974279,4
4294386,9.910233134420187,6
4294392,9.91094297514588,6
4294397,9.924205997572491,5
4294402,9.920101887906005,5
4294414,9.727670970559153,12
4294430,9.623291081901186,16
4294446,9.633055526158994,16
4294450,9.939331974187535,4
4294466,9.614022502675027,16
4294473,9.855317975214936,7
4294477,9.932036894015514,4
4294484,9.881222494163104,7
4294487,9.94921642158284,3
4294488,10.0,1
4294500,9.735677942485674,12
4294505,9.905189120985556,5
4294510,9.932510335344345,5
4294522,9.713486305054941,12
4294526,9.936383221340481,4
4294537,9.670962140378945,11
4294550,9.738483988246157,13
4294563,9.736329835810487,13
4294568,9.921391346549308,5
4294580,9.729522635216203,12
4294585,9.917470188681458,5
4294586,9.987804774637837,1
4294595,9.825256840727025,9
4294605,9.780204208858166,10
4294611,9.88814536995103,6
4294615,9.934428734142386,4
4294623,9.84155249695487,8
4294634,9.760362700123697,11
4294640,9.89450975536639,6
4294646,9.903797209190062,6
4294647,10.0,1
4294648,10.0,1
4294649,10.0,1
4294660,9.765529688268646,11
4294668,9.818441266300859,8
4294673,9.908933954142634,5
4294693,9.45423330929124,20
4294699,9.893967091096892,6
4294710,9.762425568201841,11
4294716,9.881789542301648,6
4294724,9.864206751304561,8
4294730,9.897360841753637,6
4294737,9.862506633767124,7
4294746,9.818887019449834,9
4294756,9.792995310172296,10
4294759,9.949463484668916,3
4294768,9.800759660760574,9
4294771,9.957715689361786,3
4294778,9.885379443198953,7
4294785,9.850929882369401,7
4294793,9.825180737101226,8
4294799,9.87214496469791,6
4294800,10.0,1
4294808,9.842336357363392,8
4294816,9.822423517204342,8
4294826,9.75926495190259,10
4294836,9.81539524544893,10
4294839,9.964633382210906,3
4294843,9.933779540047693,4
4294855,9.762965117908315,12
4294856,10.0,1
4294865,9.82336940533757,9
4294884,9.47758861826616,19
4294892,9.866940346377367,8
4294894,9.983502162705765,2
4294902,9.853963219448794,8
4294911,9.821702634525373,9
4294915,9.940052638784426,4
4294920,9.923828068959457,5
4294929,9.83135098639922,9
4294931,9.971170338572257,2
4294947,9.603194814033012,16
4294952,9.922113296552096,5
4294970,9.589136834747265,18
4294973,9.954538583921172,3
4294985,9.718336935835476,12
4294989,9.931586841252125,4
4294990,9.993017982039019,1
4294997,9.87337571145826,7
4295008,9.788785065394004,11
4295016,9.850685830841226,8
4295017,10.0,1
4295024,9.860270257275806,7
4295027,9.96250519265352,3
4295039,9.634063276859143,12
4295051,9.755136097565725,12
4295063,9.740290608073584,12
4295064,10.0,1
4295065,10.0,1
4295068,9.963025328730376,3
4295070,9.984805704016036,2
4295075,9.911455607396336,5
4295079,9.930781498845777,4
4295083,9.937054178783908,4
4295094,9.753791538006283,11
4295101,9.88104788401078,7
4295106,9.916187915037602,5
4295114,9.839957183661422,8
4295123,9.829094752043407,9
4295127,9.949382860611351,4
4295130,9.94658535564841,3
4295131,10.0,1
4295141,9.80295847596916,10
4295150,9.828580271988876,9
4295152,9.97883902643042,2
4295163,9.750195713154715,11
4295165,9.973713141589132,2
4295178,9.735989311842788,13
4295179,10.0,1
4295188,9.821700085354045,9
4295200,9.742714224279345,12
4295211,9.763179985989412,11
4295217,9.887160848315778,6
4295223,9.875768294541805,6
4295238,9.659463743629061,15
4295242,9.934954123688897,4
4295253,9.75529723964778,11
4295260,9.866666951930997,7
4295270,9.79158237709612,10
4295277,9.857411113831454,7
4295278,10.0,1
4295290,9.739980418090266,12
4295295,9.911415431175683,5
4295307,9.731914086246853,12
4295319,9.75282193394407,12
4295321,9.968448680182862,2
4295327,9.901884982144672,6
4295338,9.767578415466302,11
4295343,9.904383821643114,5
4295357,9.67531011313471,14
4295377,9.559498476082336,20
4295385,9.837489378266826,8
4295398,9.711027384107998,13
4295411,9.723306589150578,13
4295424,9.686110728752409,13
4295428,9.93481411520371,4
4295442,9.671076000234562,14
4295446,9.929904722977255,4
4295447,10.0,1
4295462,9.63901683058662,15
4295471,9.817128114467083,9
4295488,9.645176775740964,17
4295491,9.950610440793934,3
4295497,9.89543575832189,6
4295502,9.905158330446348,5
4295511,9.808238490449492,9
4295512,10.0,1
4295528,9.360196766045386,16
4295529,10.0,1
4295533,9.93174454460347,4
4295542,9.80825803673772,9
4295553,9.66370702659921,11
4295561,9.656529110468776,8
4295577,9.61821612831047,16
4295578,10.0,1
4295579,10.0,1
4295588,9.826251799084432,9
4295595,9.85828733428862,7
4295611,9.650812198656133,16
4295618,9.877979104126602,7
4295627,9.812576954955624,9
4295635,9.841229978522522,8
4295645,9.796403423452592,10
4295652,9.8952151220099,7
4295661,9.822268585635653,9
4295671,9.849750826389895,10
4295680,9.823548607963685,9
4295685,9.918449286347466,5
4295692,9.867193427167837,7
4295698,9.900937169710065,6
4295704,9.910444151350044,6
4295705,10.0,1
4295715,9.809073395299631,10
4295723,9.84912481589455,8
4295731,9.835510687198434,8
4295742,9.773119687885018,11
4295757,9.651181989321373,15
4295770,9.707898820105065,13
4295780,9.791235564775013,10
4295786,9.873682583276969,6
4295792,9.896681753949826,6
4295801,9.832445723123636,9
4295804,9.96293929556895,3
4295814,9.848987173994876,10
4295827,9.748032462825911,13
4295837,9.800194750022586,10
4295857,9.493468148283792,20
4295869,9.741932870678289,12
4295876,9.859004931367078,7
4295887,9.761353078237017,11
4295893,9.91262696846292,6
4295897,9.941313668750196,4
4295902,9.813913815711432,5
4295903,10.0,1
4295910,9.879009540625525,7
4295919,9.85726754373937,9
4295923,9.93672618421246,4
4295931,9.826354165301076,8
4295932,9.989167495749122,1
4295936,9.941114888767256,4
4295940,9.933377394885381,4
4295951,9.758833781034113,11
4295961,9.773461796100978,10
4295974,9.702140153807028,13
4295979,9.929405761963709,5
4295987,9.845507289127347,8
4295999,9.74379447596403,12
4296000,10.0,1
4296008,9.829643728501384,8
4296015,9.888344159720345,7
4296016,10.0,1
4296027,9.76538619265375,11
4296527,-40.96311272527214,500
4296528,9.996459190306965,1
4296539,9.766337740739875,11
4296540,10.0,1
4296548,9.84540981107633,8
4296553,9.910502088664211,5
4296562,9.811322295186105,9
4296568,9.900414976646143,6
4296578,9.801878750963834,10
4296582,9.9356227895364,4
4296583,10.0,1
4296590,9.878657580444857,7
4296599,9.826487627445736,9
4296616,9.632728049734977,17
4296618,9.981553649837853,2
4296620,9.979156569697002,2
4296627,9.877577038190495,7
4296633,9.881523063649169,6
4296641,9.841693599326714,8
4296650,9.801722876913777,9
4296654,9.934682046194656,4
4296670,9.642801311357804,16
4296673,9.966333033936765,3
4296679,9.889739206611964,6
4296690,9.781072595807107,11
4296699,9.80725351631375,9
4296709,9.805518202694504,10
4296719,9.792660960402381,10
4296735,9.752455812020095,16
4296742,9.885985831294606,7
4296758,9.642763096631361,16
4296763,9.90649819409068,5
4296776,9.706545524546087,13
4296789,9.727810476648093,13
4296797,9.84828876337999,8
4296800,9.959513241290844,3
4296811,9.770056410236936,11
4296821,9.682380950007069,10
4296828,9.848443564341315,7
4296839,9.749423458950885,11
4296853,9.683131351840697,14
4296867,9.68153183902023,14
4296877,9.80741658921443,10
4296885,9.856008835795251,8
4296887,9.977743970469081,2
4296894,9.866535519377193,7
4296903,9.810517283269423,9
4296914,9.749263602022301,11
4296924,9.779409943428782,10
4296929,9.924682707013819,5
4296940,9.578760137988066,11
4296948,9.849643509332749,8
4296955,9.867467395633637,7
4296962,9.875388193893421,7
4296968,9.90075045787753,6
4296979,9.794511323290656,11
4296990,9.654702679742458,11
4296994,9.949020101619482,4
4297008,9.67502460924369,14
4297013,9.898463907262016,5
4297017,9.922613478057297,4
4297029,9.726111207392835,12
4297035,9.888230579300506,6
4297036,10.0,1
4297045,9.807549480198974,9
4297052,9.873581257730295,7
4297056,9.952649013564342,4
4297063,9.865491331925435,7
4297074,9.777220917358166,11
4297075,10.0,1
4297084,9.806708653351244,9
4297087,9.955157260379456,3
4297093,9.877637290947916,6
4297102,9.838861996787253,9
4297107,9.929964808406291,5
4297117,9.78429588650744,10
4297124,9.886916165042773,7
4297135,9.76864854825339,11
4297144,9.819723121731503,9
4297148,9.929629819038452,4
4297163,9.649379713239808,15
4297170,9.891539987938271,7
4297171,9.993111486611769,1
4297174,9.961114559834792,3
4297180,9.88656629947687,6
4297189,9.817357579023213,9
4297198,9.810476657353002,9
4297201,9.961973717724547,3
4297205,9.92327010564203,4
4297215,9.782267615455677,10
4297228,9.70482299136076,13
4297242,9.700400204723735,14
4297255,9.718288166397285,13
4297270,9.6527966414428,15
4297282,9.735845117937659,12
4297285,9.959099022057234,3
4297296,9.804291524710036,11
4297305,9.811429409752458,9
4297330,8.631412773414509,25
4297331,10.0,1
4297334,9.954304837167381,3
4297343,9.815127073794429,9
4297352,9.81898497379274,9
4297356,9.946532033250842,4
4297362,9.89588971794123,6
4297374,9.744629363646819,12
4297381,9.885956955282227,7
4297399,9.610224489887708,18
4297415,9.610254068390631,16
4297422,9.859654026586346,7
4297430,9.855524462932092,8
4297437,9.872929936567719,7
4297446,9.835317780553765,9
4297461,9.647083958898556,15
4297467,9.895449672313982,6
4297476,9.815524396581328,9
4297483,9.858984078785193,7
4297489,9.796730834952509,6
4297500,9.80641452377118,11
4297517,9.603654210558286,17
4297533,9.520031532774178,16
4297538,9.909178996157603,5
4297557,9.6034419959905,19
4297571,9.661032386288541,14
4297573,9.976196594196276,2
4297585,9.735257572225446,12
4297595,9.818250602702596,10
4297597,9.976022114391904,2
4297604,9.756848854531317,7
4297609,9.928761508392249,5
4297612,9.963980785746244,3
4297616,9.937733513705815,4
4297632,9.65231996589176,16
4298132,-50.57773542941635,500
4298143,9.746653873882957,11
4298156,9.748997169521495,13
4298166,9.794140729142462,10
4298177,9.748657850271641,11
4298191,9.690843033453833,14
4298200,9.832934140373473,9
4298201,10.0,1
4298213,9.717638089939317,12
4298220,9.864269086839386,7
4298234,9.706228998365106,14
4298235,9.993374687340467,1
4298236,9.987515799703688,1
4298242,9.89635535465905,6
4298249,9.87344326763637,7
4298260,9.770672738342903,11
4298272,9.782032945494427,12
4298284,9.739142664205975,12
4298290,9.88831890033534,6
4298298,9.849072878936816,8
4298309,9.659561324824281,11
4298316,9.870743569315215,7
4298326,9.769559427970501,10
4298333,9.864923697679899,7
4298346,9.757179786291038,13
4298352,9.911223602809951,6
4298368,9.685442583615231,16
4298369,9.987905417398876,1
4298376,9.883093627820145,7
4298385,9.818160389621276,9
4298400,9.66061363094622,15
4298401,10.0,1
4298403,9.97036543767222,2
4298413,9.782013125642544,10
4298913,-206.78629777256558,500
4299083,-59.13478899712547,170
4299095,9.731663871235172,12
4299104,9.789833988371862,9
4299109,9.918715042845804,5
4299114,9.920339010833272,5
4299123,9.81084267148128,9
4299133,9.794866017488191,10
4299136,9.955127211430005,3
4299144,9.84066167553293,8
4299156,9.742253233884119,12
4299172,9.650068581333075,16
4299180,9.82488873187265,8
4299190,9.781276905805694,10
4299207,9.599936163370066,17
4299208,9.992143286476772,1
4299212,9.942296818331968,4
4299221,9.819692092309575,9
4299236,9.653771970868787,15
4299240,9.91974466347512,4
4299251,9.805727320964202,11
4299261,9.782213148237563,10
4299264,9.952923808708968,3
4299276,9.727795734354224,12
4299279,9.959001262424277,3
4299281,9.965659696336287,2
4299292,9.790678726288196,11
4299300,9.848908810175374,8
4299310,9.796664192355335,10
4299318,9.816480458332697,8
4299327,9.851251924582582,9
4299336,9.822400976303083,9
4299350,9.697808668668811,14
4299364,9.689243848512369,14
4299369,9.936793065222835,5
4299372,9.859050367117508,3
4299385,9.722438652620879,13
4299392,9.87931785228098,7
4299406,9.706665446552794,14
4299415,9.826643612207413,9
4299423,9.832997787962295,8
4299429,9.898395416779588,6
4299441,9.733177367326482,12
4299448,9.882394562495543,7
4299459,9.757904283561322,11
4299471,9.746865863241158,12
4299473,9.980313957818403,2
4299480,9.76833459306455,7
4299487,9.88363997551768,7
4299503,9.642336939072962,16
4299516,9.72998336087609,13
4299517,10.0,1
4299528,9.821517860086441,11
4299537,9.808329645169344,9
4299541,9.949403568126689,4
4299559,9.57558593118552,18
4299561,9.98200164977151,2
4299566,9.921186001683706,5
4299571,9.912047108730741,5
4299576,9.906554339991514,5
4299577,10.0,1
4299589,9.728777653594285,12
4299599,9.797282292000139,10
4299606,9.869796485396021,7
4299611,9.930893025638225,5
4299614,9.96190504623016,3
4299625,9.770521077336111,11
4299632,9.891177952659207,7
4299639,9.859394619962611,7
4299645,9.882830560141437,6
4299656,9.810123116109665,11
4299660,9.925187696386502,4
4299673,9.724479957290423,13
4299682,9.816683794217274,9
4299691,9.803311351462668,9
4299702,9.793737637590558,11
4299710,9.863059417517155,8
4299719,9.809727024848529,9
4299732,9.743959588313045,13
4299740,9.864824536249051,8
4299743,9.954754435802483,3
4299747,9.930491281441858,4
4299756,9.81590957942867,9
4299761,9.929990711446326,5
4299771,9.80550498519746,10
4299781,9.754287565245278,10
4299786,9.929062661528981,5
4299812,9.399236227216303,26
4299827,9.681542862087404,15
4299833,9.789065226658936,6
4299843,9.769266578862746,10
4299844,10.0,1
4299856,9.719435395407507,12
4299865,9.821187156175963,9
4299886,9.612355788540075,21
4299894,9.83153076689877,8
4299897,9.957151934354929,3
4299901,9.946564921483278,4
4299909,9.656669069225988,8
4299914,9.904918549421572,5
4299930,9.62901708643946,16
4299937,9.89058451234923,7
4299948,9.748510014753485,11
4299958,9.770796622805364,10
4299960,9.976385017419005,2
4299965,9.922333810619246,5
4299971,9.911472414612442,6
4299978,9.879810322603372,7
4299988,9.777245719720167,10
4300488,-21.084531830243716,500
4300492,9.930893167954837,4
4300501,9.824991167314405,9
4300507,9.892393335056655,6
4300521,9.65955441107263,14
4300534,9.585909944379447,13
4300540,9.898253806582952,6
4300553,9.623204735976751,13
4300568,9.62962294631826,15
4300580,9.654621921075353,12
4300590,9.801169939900767,10
4300594,9.942432496560176,4
4300598,9.935320033812047,4
4300599,10.0,1
4300611,9.731787099407626,12
4300626,9.712522322673511,15
4300640,9.698846571739253,14
4300641,9.99280735331728,1
4300651,9.777116965812906,10
4300655,9.925945313458344,4
4300662,9.888237993921464,7
4300664,9.971936415457625,2
4300675,9.757763929298692,11
4300685,9.770471329869348,10
4300696,9.731975492127823,11
4300704,9.850938588284412,8
4300716,9.71118847397541,12
4300719,9.958895593173333,3
4300726,9.880775923002476,7
4300735,9.83730157362533,9
4300743,9.857287146664628,8
4300757,9.668030689862444,14
4300758,10.0,1
4300768,9.80493477228793,10
4300770,9.97205573481371,2
4300780,9.701726427254501,10
4300794,9.682318589721099,14
4300795,10.0,1
4300800,9.930134060937013,5
4300807,9.850344424222344,7
4300816,9.814148479966056,9
4300817,10.0,1
4300822,9.910972315208781,5
4300835,9.710090820477484,13
4300840,9.902423696113718,5
4300845,9.93398442589848,5
4300848,9.963063802815533,3
4300856,9.83777027239599,8
4300858,9.970722769393237,2
4300860,9.981774690031783,2
4300865,9.922746962841169,5
4300879,9.682100183581964,14
4300885,9.88415517272387,6
4300891,9.894197144292717,6
4300892,10.0,1
4300905,9.709559099535202,13
4300906,10.0,1
4300912,9.873932098450057,6
4300913,10.0,1
4300914,10.0,1
4300930,9.632053333921311,16
4300933,9.947323214274512,3
4300942,9.634309670796807,9
4300949,9.87878623924025,7
4300957,9.838126267413909,8
4300965,9.854457397016018,8
4300977,9.747055056597478,12
4300980,9.954260296455049,3
4300998,9.654196783010333,18
4301006,9.863570834306556,8
4301007,10.0,1
4301017,9.772987150723152,10
4301027,9.790794401951588,10
4301033,9.88241824174608,6
4301040,9.867690978074075,7
4301045,9.919296703081152,5
4301057,9.754344177399265,12
4301061,9.935255430644002,4
4301075,9.709731978361209,14
4301082,9.864328925331508,7
4301096,9.70301613764938,14
4301105,9.81326403297615,9
4301110,9.913887046391046,5
4301113,9.967996868257426,3
4301120,9.860912215814396,7
4301126,9.885822757466448,6
4301135,9.790382359668937,9
4301143,9.855556537557831,8
4301144,10.0,1
4301154,9.784315801807548,10
4301162,9.831998912750802,8
4301163,10.0,1
4301176,9.723370438101085,13
4301183,9.869388635390656,7
4301187,9.947788861730123,4
4301195,9.825939846113709,8
4301202,9.858958610538314,7
4301212,9.803666435754833,10
4301224,9.753294518676395,12
4301228,9.946825633153253,4
4301233,9.923087090067366,5
4301247,9.682623365467947,14
4301261,9.746288344313884,14
4301271,9.779748541100329,10
4301278,9.86409910668188,7
4301285,9.884523824644877,7
4301290,9.925492952210138,5
4301300,9.797063560785695,10
4301315,9.661649997822668,15
4301326,9.753778700788722,11
4301336,9.79207933181099,10
4301337,10.0,1
4301351,9.699159787974542,14
4301363,9.747121784420695,12
4301373,9.82239222879802,10
4301382,9.804408979183574,9
4301396,9.729144251939543,14
4301397,10.0,1
4301410,9.709384974041116,13
4301425,9.679947156227938,15
4301430,9.925436683820191,5
4301440,9.822334773391031,10
4301447,9.886251932736227,7
4301448,10.0,1
4301453,9.90893485576544,5
4301953,-13.98552032958346,500
4301960,9.901920660492411,7
4301961,10.0,1
4301970,9.814043592462333,9
4301976,9.899514793366908,6
4301984,9.842540639269815,8
4301997,9.710175759037744,13
4302007,9.78253406150373,10
4302019,9.75180293769004,12
4302024,9.901224134531676,5
4302035,9.769249680261575,11
4302043,9.86443310909562,8
4302049,9.900627831056505,6
4302060,9.754539515558832,11
4302066,9.903335987023834,6
4302077,9.793660125826516,11
4302078,10.0,1
4302084,9.885882721683744,6
4302087,9.952393956540885,3
4302095,9.849539930051717,8
4302109,9.690408897807941,14
4302122,9.73563334340183,13
4302123,10.0,1
4302136,9.701751911609946,13
4302141,9.908219879933812,5
4302152,9.768859191135144,11
4302155,9.946504294594467,3
4302156,10.0,1
4302165,9.809214022369268,9
4302167,9.967293004469468,2
4302182,9.665186664771335,15
4302194,9.714847569033559,12
4302207,9.714814144429292,13
4302211,9.93762304300667,4
4302223,9.740412916449927,12
4302225,9.98242621177876,2
4302239,9.689028234614316,14
4302255,9.67034358176059,16
4302265,9.809011305069458,10
4302269,9.922197731274288,4
4302279,9.785984193511318,10
4302288,9.629522285051552,9
4302296,9.836081056855196,8
4302306,9.782748618258097,10
4302320,9.669582261487397,14
4302325,9.926838115019088,5
4302339,9.728795686599145,14
4302343,9.942856303294441,4
4302356,9.767680532616568,13
4302366,9.800435666132405,10
4302380,9.690252556681978,14
4302399,9.651358073000713,19
4302405,9.898235552825271,6
4302417,9.793841514421622,12
4302422,9.918343876329468,5
4302432,9.802008975375948,10
4302445,9.702948128875013,13
4302446,9.996596350894539,1
4302451,9.908458819984313,5
4302458,9.848177552783888,7
4302471,9.731418351868843,13
4302477,9.893677832289324,6
4302486,9.797740889579087,9
4302491,9.904734683704765,5
4302498,9.87081692107486,7
4302499,9.986344665410881,1
4302505,9.899211238201591,6
4302518,9.502613542041995,13
4302523,9.895958272794909,5
4302531,9.837467125328192,8
4302549,9.676422036948088,18
4302559,9.779951648444024,10
4302566,9.85699632275292,7
4302577,9.759466869373068,11
4302584,9.860349004981789,7
4302589,9.92843508191485,5
4302596,9.861696159401403,7
4302605,9.840287416187996,9
4302613,9.85688928052117,8
4302617,9.934719744633007,4
4302636,9.564587068167103,19
4302649,9.747654385670367,13
4302655,9.888405294635023,6
4302670,9.637303431013184,15
4302671,9.988406388999172,1
4302678,9.867108578000973,7
4302685,9.86613742953707,7
4302692,9.880735355153915,7
4302704,9.727191526238826,12
4302713,9.83208751709282,9
4302718,9.927095688121568,5
4302724,9.893397175866891,6
4302733,9.818407260263541,9
4302743,9.781579587337642,10
4302752,9.822999876350325,9
4302768,9.635219805730717,16
4302779,9.75334820248279,11
4302789,9.797009347565181,10
4302801,9.802798878726154,12
4302805,9.932766620234439,4
4302817,9.746067556233607,12
4302825,9.840194849257832,8
4302833,9.854525141266304,8
4302839,9.90832075911448,6
4302846,9.88805369568614,7
4302848,9.981945486723156,2
4302859,9.762398260526817,11
4302868,9.800190920564939,9
4302870,9.97186218480594,2
4302871,10.0,1
4302881,9.810108288266866,10
4302890,9.815184502461234,9
4302901,9.736027706586926,11
4302903,9.980214133072433,2
4302912,9.838657894481273,9
4302917,9.9241166972638,5
4302926,9.833312668313626,9
4302931,9.91573520652929,5
4302940,9.80386299849278,9
4302947,9.88691648347424,7
4302951,9.946525681039418,4
4302963,9.75422300964936,12
4302972,9.805144833876014,9
4302983,9.767266418759565,11
4302991,9.832706276512372,8
4303003,9.759027804122827,12
4303004,10.0,1
4303014,9.761836129240207,10
4303021,9.855042523334427,7
4303023,9.972626246594993,2
4303031,9.865314711252209,8
4303044,9.704436765487664,13
4303047,9.969581995739869,3
4303057,9.77027866064467,10
4303060,9.968654827077017,3
4303063,9.96405586533413,3
4303069,9.895457513343484,6
4303082,9.734056139078508,13
4303086,9.746715872573217,4
4303097,9.77595676258784,11
4303107,9.769220538505852,10
4303112,9.927827740073763,5
4303119,9.895109213510121,7
4303124,9.92129491757978,5
4303131,9.868518768222529,7
4303139,9.851722849826821,8
4303159,9.49596999570617,20
4303170,9.783274662357991,11
4303174,9.949276672151932,4
4303189,9.417586655598193,15
4303192,9.95491381453655,3
4303201,9.82491669603444,9
4303213,9.722693168050522,12
4303223,9.787871011649674,10
4303227,9.93508461833327,4
4303236,9.82456142574479,9
4303251,9.656594105199073,15
4303262,9.723039576788112,11
4303274,9.753445708962898,12
4303285,9.784288450999297,11
4303291,9.903802302131288,6
4303301,9.786410405142155,10
4303318,9.625958009503192,17
4303328,9.816991478522523,10
4303335,9.8719148238525,7
4303348,9.653435085416504,13
4303358,9.78686361613277,10
4303369,9.761947838548068,11
4303386,9.617756918896117,17
4303402,9.528741625362475,16
4303415,9.714074063813758,13
4303421,9.897721057034412,6
4303434,9.750772013907884,13
4303447,9.711764224170214,13
4303453,9.888023681627196,6
4303462,9.812745838482854,9
4303463,10.0,1
4303469,9.894814017995426,6
4303474,9.906272025378438,5
4303483,9.807880408519454,9
4303490,9.872534355280639,7
4303493,9.957860427214749,3
4303502,9.800560320490225,9
4303510,9.858892604864169,8
4303527,9.510743457317052,17
4303537,9.79145957888716,10
4303541,9.936720861947256,4
4303543,9.975854201077707,2
4303556,9.703464564362845,13
4303565,9.824627496953694,9
4303575,9.83635640114979,10
4303583,9.872914011535007,8
4303598,9.6790842730677,15
4303614,9.63340647745918,16
4303622,9.86076731901614,8
4303631,9.834058068466186,9
4303639,9.833158544110862,8
4303643,9.940828035264117,4
4303649,9.900748084358476,6
4303655,9.897659927663568,6
4303660,9.91958057972051,5
4303671,9.76144359454013,11
4303676,9.90339383035081,5
4303680,9.936515144564744,4
4303687,9.678504360905185,7
4303697,9.81342283262558,10
4303709,9.71085773090533,12
4303715,9.884324014300173,6
4303726,9.762707382896062,11
4303741,9.670600277878549,15
4303747,9.896865884412481,6
4303754,9.854872730738121,7
4303761,9.859705897224117,7
4303768,9.87967817235758,7
4303775,9.878562157648158,7
4303783,9.833524970609515,8
4303792,9.811500316681576,9
4303800,9.843110095457963,8
4303801,9.98948306260689,1
4303812,9.785274624529245,11
4303820,9.823631239306941,8
4303835,9.67131119445952,15
4303849,9.660894894403606,14
4303859,9.818014449282023,10
4303865,9.890808231430455,6
4303877,9.809162387523635,12
4303889,9.749522843568489,12
4303894,9.911231572944953,5
4303899,9.922710619903716,5
4303912,9.542131135322663,13
4303916,9.929580736478586,4
4303921,9.91552156518247,5
4303930,9.82764628089765,9
4303942,9.764817704258046,12
4303958,9.639081322382212,16
4303970,9.728984542766252,12
4303978,9.85417570250917,8
4303986,9.842120712125404,8
4303990,9.942410901138155,4
4303991,10.0,1
4304003,9.74211464621486,12
4304016,9.733091307635677,13
4304021,9.929375808016903,5
4304033,9.735316723998116,12
4304044,9.777325437070314,11
4304053,9.828190949518527,9
4304062,9.831005439364349,9
4304069,9.866516202072212,7
4304080,9.787895607073478,11
4304088,9.850296464180433,8
4304095,9.863622120312014,7
4304106,9.78036728060265,11
4304120,9.716560916668694,14
4304135,9.644354052400612,15
4304143,9.669526136462395,8
4304151,9.830905983051114,8
4304159,9.860371284140792,8
4304160,10.0,1
4304174,9.784407354753657,14
4304189,9.672071797425984,15
4304192,9.953549342087241,3
4304198,9.909975359224784,6
4304200,9.980957113293288,2
4304211,9.750578903003637,11
4304219,9.829473681975678,8
4304231,9.731775877658798,12
4304249,9.663932662890318,18
4304250,10.0,1
4304258,9.852263372517987,8
4304262,9.940742559999322,4
4304270,9.874429162128374,8
4304271,10.0,1
4304280,9.828220552314152,9
4304290,9.791877371917483,10
4304295,9.912399432409986,5
4304321,9.212130855443217,26
4304333,9.742209391959351,12
4304345,9.734048060351304,12
4304361,9.623122647089025,16
4304362,10.0,1
4304371,9.80975597477838,9
4304383,9.753145840242817,12
4304384,10.0,1
4304385,10.0,1
4304395,9.79623366913807,10
4304406,9.777232869942171,11
4304412,9.897011803534792,6
4304420,9.759032256258331,8
4304429,9.803943734439926,9
4304439,9.795480706860552,10
4304447,9.859118788995344,8
4304452,9.914027882551755,5
4304456,9.950973413482233,4
4304462,9.910424423116009,6
4304472,9.798927172174805,10
4304483,9.801000998856296,11
4304493,9.828241037934625,10
4304501,9.85235838863455,8
4304506,9.923655122541083,5
4304518,9.725829519050695,12
4304527,9.805503853189135,9
4304530,9.95199785240529,3
4304538,9.833255044632955,8
4304547,9.812078401141433,9
4304550,9.954799835817214,3
4304555,9.917018850982412,5
4304559,9.941712753111137,4
4304568,9.815554767355701,9
4304570,9.984563957083719,2
4304571,10.0,1
4304581,9.784315859299614,10
4304592,9.751348506735065,11
4304600,9.856902752281558,8
4304610,9.802485345789233,10
4304616,9.904663681399107,6
4304622,9.892823066163318,6
4304639,9.62427380643119,17
4304645,9.900509214646465,6
4304655,9.799837758532917,10
4304661,9.792639812213924,6
4304674,9.705471661827145,13
4304685,9.76325540491003,11
4304696,9.758541053096982,11
4304711,9.64549117534856,15
4304725,9.753330504727057,14
4304738,9.725686827015258,13
4304748,9.77954756411939,10
4304757,9.82561929528318,9
4304765,9.829515290409995,8
4304773,9.832624814744209,8
4304787,9.594148129729126,14
4304799,9.740350166119859,12
4304801,9.974640132076372,2
4304810,9.812438507907205,9
4304817,9.878055863422222,7
4304821,9.94965075743169,4
4304827,9.892790402200792,6
4304838,9.755482294627061,11
4304852,9.537461311657374,14
4304862,9.699010282500844,10
4304863,10.0,1
4304880,9.573651780892313,17
4304895,9.645813740657278,15
4304905,9.786528970793183,10
4304925,9.552563495522389,20
4304926,10.0,1
4304937,9.767361135026972,11
4304948,9.75753500749632,11
4304954,9.911638539544189,6
4304962,9.838251446526789,8
4304963,10.0,1
4304964,10.0,1
4304979,9.55589538596899,15
4304991,9.71345714312133,12
4305005,9.68362650594074,14
4305020,9.683682950879936,15
4305031,9.799790671218018,11
4305045,9.684505490418767,14
4305046,10.0,1
4305051,9.935383310449229,5
4305058,9.868689646660927,7
4305070,9.723671757137945,12
4305082,9.74583593918525,12
4305093,9.759149136558374,11
4305096,9.953984835601537,3
4305100,9.952112645050683,4
4305101,10.0,1
4305108,9.859201555187049,7
4305112,9.930199351860315,4
4305124,9.718351435928394,12
4305125,10.0,1
4305128,9.972684754685085,3
4305132,9.943486804848101,4
4305141,9.789183287747655,9
4305156,9.571313121232496,15
4305165,9.859878668925797,9
4305174,9.820721219765696,9
4305175,10.0,1
4305187,9.725906459205522,12
4305190,9.953268317476754,3
4305198,9.849488030117975,8
4305202,9.936128668051868,4
4305210,9.852671607204254,8
4305222,9.795955626796681,12
4305237,9.680455300280194,15
4305245,9.83986582683145,8
4305246,10.0,1
4305259,9.748970255305405,13
4305263,9.948664702463835,4
4305271,9.844417632284085,8
4305281,9.79748946979157,10
4305289,9.83444814773841,8
4305292,9.965433273094202,3
4305294,9.974240350540777,2
4305305,9.757920745481131,11
4305311,9.898100777256063,6
4305329,9.542641144931421,18
4305342,9.408627552239603,13
4305350,9.853557046569088,8
4305359,9.839879465601609,9
4305361,9.97195280108614,2
4305371,9.789339774083071,10
4305380,9.835393674348913,9
4305391,9.800940390747957,11
4305393,9.97079375311206,2
4305398,9.935265705087753,5
4305408,9.799127354240738,10
4305412,9.942092949252837,4
4305420,9.872358729406383,8
4305424,9.920423187367147,4
4305436,9.785485379014439,12
4305437,10.0,1
4305449,9.524480920920283,12
4305460,9.769370774347085,11
4305472,9.7357463770936,12
4305478,9.890709854878631,6
4305486,9.835349182435609,8
4305492,9.891976252919562,6
4305497,9.915732786366517,5
4305508,9.814727502814364,11
4305514,9.893669432353764,6
4305518,9.924835199856227,4
4305526,9.818171156286942,8
4305537,9.746490281121455,11
4305544,9.87146320827861,7
4305551,9.860110948501772,7
4305561,9.802614254099476,10
4305571,9.808365466660772,10
4305572,10.0,1
4305583,9.782501488254695,11
4305590,9.89780230366886,7
4305596,9.908458787897949,6
4305612,9.684802510582674,16
4305624,9.452597334339945,12
4305625,10.0,1
4305637,9.774771458470427,12
4305638,10.0,1
4305641,9.954508977468075,3
4305647,9.917474433196595,6
4305673,9.38920702803249,26
4305678,9.921800731730068,5
4305688,9.793776921263175,10
4305689,10.0,1
4305697,9.831721929571136,8
4305704,9.854656560505052,7
4305709,9.915595274227869,5
4305723,9.7031688240607,14
4305730,9.877063448046393,7
4305742,9.757668426442624,12
4305755,9.688625729240162,13
4305760,9.930162928070986,5
4305763,9.958901937221654,3
4305768,9.930089677089503,5
4305777,9.78612736557028,9
4305783,9.898168398910492,6
4305787,9.945419421677993,4
4305789,9.971498213065296,2
4305790,10.0,1
4305804,9.690340620156789,14
4305810,9.89591492176354,6
4305815,9.937746495275213,5
4305819,9.955045223771045,4
4305823,9.939009106592009,4
4305829,9.896132093009328,6
4305841,9.766591656677214,12
4305844,9.958634008111982,3
4305853,9.809426060976639,9
4305862,9.823413778276251,9
4305863,10.0,1
4305867,9.928130803401162,4
4305880,9.683371407468924,13
4305892,9.739522518401978,12
4305900,9.848686157166092,8
4305910,9.775686505054049,10
4305923,9.697665636613161,13
4305927,9.935391894562239,4
4305933,9.890299738283263,6
4305943,9.787339291217503,10
4305944,10.0,1
4305952,9.816448669543426,8
4305965,9.718759152114645,13
4305977,9.76058017101141,12
4305982,9.92127450132752,5
4305987,9.89579704708116,5
4305988,10.0,1
4306007,9.561690913797449,19
4306014,9.863837525737772,7
4306021,9.873660722098329,7
4306037,9.611352321615785,16
4306044,9.859534776626647,7
4306051,9.869485511378764,7
4306064,9.712879582058235,13
4306080,9.615925404980993,16
4306088,9.8516945644226,8
4306096,9.862177332709505,8
4306108,9.732829426385518,12
4306119,9.765525504403733,11
4306135,9.63564869996589,16
4306147,9.733445016864945,12
4306152,9.925551932155482,5
4306163,9.777036735975212,11
4306178,9.66788663954417,15
4306190,9.719402904545385,12
4306197,9.870914437658822,7
4306198,10.0,1
4306202,9.952956020432612,4
4306210,9.841868431953868,8
4306222,9.759169159021491,12
4306236,9.720929062632178,14
4306240,9.93374611900868,4
4306241,10.0,1
4306246,9.90262743877928,5
4306261,9.680735633884046,15
4306271,9.793751973208591,10
4306272,10.0,1
4306279,9.845177085286403,7
4306285,9.916394865822587,6
4306301,9.674464801185449,16
4306306,9.906028069333928,5
4306319,9.72433850862022,13
4306322,9.944897378197137,3
4306333,9.74164512079275,11
4306342,9.82227545883838,9
4306351,9.807977140350406,9
4306362,9.755993957372906,11
4306371,9.815013822493512,9
4306380,9.804952855009818,9
4306386,9.903211893436342,6
4306398,9.724142583057763,12
4306403,9.907948106467016,5
4306409,9.88840828211426,6
4306424,9.680928840484544,15
4306425,10.0,1
4306436,9.770895451896028,11
4306437,10.0,1
4306449,9.746125726917315,12
4306452,9.954775259650555,3
4306462,9.792749294797428,10
4306463,10.0,1
4306466,9.96403399491685,3
4306467,10.0,1
4306479,9.741084296935114,12
4306493,9.703526188476543,14
4306506,9.714472691141928,13
4306514,9.831015595563052,8
4306532,9.571964617453817,18
4306535,9.963743627961378,3
4306541,9.90497274255718,6
4306542,10.0,1
4306544,9.98098956712238,2
4306545,10.0,1
4306564,9.51965104516986,19
4306571,9.878963637688283,7
4306584,9.782660130391633,13
4306591,9.872843921571283,7
4306601,9.790568161469224,10
4306616,9.694165305731572,15
4306628,9.747012795125787,12
4306631,9.954318884958294,3
4306637,9.87648820400137,6
4306638,10.0,1
4306645,9.848821300210922,7
4306646,10.0,1
4306647,10.0,1
4306650,9.964224210937301,3
4306655,9.922609311165747,5
4306675,9.660490801950996,20
4306680,9.934746223234987,5
4306681,10.0,1
4306685,9.936529396919946,4
4306698,9.685017288957154,13
4306710,9.74116301472831,12
4306720,9.793980561565801,10
4306729,9.850574530169508,9
4306751,9.559529881481856,22
4306758,9.871786051920044,7
4306769,9.744295154899344,11
4306773,9.94087768878678,4
4306784,9.765819228884753,11
4306796,9.79379889493476,12
4306808,9.807908248226349,12
4306809,9.992945883060077,1
4306817,9.86570816143542,8
4306824,9.868021507867224,7
4306825,10.0,1
4306826,10.0,1
4306829,9.962809137581923,3
4306852,8.020198108407353,23
4306857,9.914701973590986,5
4306876,9.570731099731631,19
4306881,9.924917492260708,5
4306891,9.7987469691759,10
4306902,9.756009432733283,11
4306912,9.79626187916406,10
4306916,9.94498237349461,4
4306927,9.772560949982719,11
4306935,9.843823700644208,8
4306939,9.927072880273927,4
4306945,9.879042084160472,6
4306953,9.843267367573283,8
4306954,10.0,1
4306965,9.765741356580008,11
4306974,9.80987515901502,9
4306986,9.7368274362391,12
4306999,9.713260858809397,13
4307016,9.585472414087265,17
4307022,9.908189180659727,6
4307026,9.947454999771765,4
4307030,9.937582826199682,4
4307039,9.814016670768778,9
4307052,9.691856818739485,13
4307064,9.728734866636703,12
4307065,9.993418271633095,1
4307066,10.0,1
4307070,9.837499525916874,4
4307073,9.958860490875958,3
4307077,9.942182447716183,4
4307087,9.78498324015118,10
4307091,9.943709402095696,4
4307099,9.84973742907822,8
4307107,9.848824217765955,8
4307108,9.996787012428882,1
4307111,9.96150161692495,3
4307121,9.83434227068875,10
4307136,9.684248252393388,15
4307143,9.878642734871853,7
4307152,9.8162589414061,9
4307159,9.85855440006693,7
4307161,9.981138771156465,2
4307168,9.855631886844776,7
4307173,9.924340773076434,5
4307181,9.890489342984937,8
4307188,9.876165434841518,7
4307202,9.696857085191123,14
4307209,9.883981148750003,7
4307221,9.784227814656047,12
4307233,9.742387659254618,12
4307239,9.912655582912878,6
4307246,9.870734113118026,7
4307253,9.878277073678694,7
4307264,9.76602586395033,11
4307269,9.922365220716012,5
4307280,9.794465892072678,11
4307291,9.756939658662597,11
4307296,9.909535299068212,5
4307305,9.81448698946152,9
4307310,9.925461052417404,5
4307319,9.822872111754586,9
4307326,9.874865922333454,7
4307330,9.93489139215457,4
4307334,9.955220306714255,4
4307342,9.863510435507232,8
4307346,9.944800467071829,4
4307360,9.551696173363903,14
4307364,9.942245337535816,4
4307374,9.768657771968748,10
4307383,9.815247620516264,9
4307394,9.760633915267672,11
4307408,9.710794693025251,14
4307418,9.80932196295507,10
4307428,9.78883361858033,10
4307434,9.893516508535575,6
4307441,9.86517955778028,7
4307449,9.860546902833297,8
4307454,9.920502306061495,5
4307464,9.773911946063226,10
4307468,9.934126827284292,4
4307480,9.74093769772763,12
4307491,9.783194233474998,11
4307503,9.743340872582325,12
4307509,9.903791526043188,6
4307514,9.906454726640048,5
4307518,9.93787970712112,4
4307522,9.945594457249157,4
4307533,9.75390333589159,11
4307542,9.826035821577642,9
4307547,9.906776187397625,5
4307557,9.794896793284874,10
4307567,9.775133783112505,10
4307574,9.855331726717077,7
4307581,9.86640066893339,7
4307594,9.728271954171193,13
4307601,9.858032722572709,7
4307608,9.868746782538969,7
4307612,9.937119551270403,4
4307625,9.711222028920226,13
4307632,9.876848929452022,7
4307638,9.899960300874458,6
4307642,9.95005236933893,4
4307655,9.715080406934906,13
4307667,9.711404087268331,12
4307677,9.785842854279,10
4307681,9.950851133112357,4
4307691,9.796070078437142,10
4307696,9.900725766502081,5
4307703,9.884159974460509,7
4307708,9.905500436125287,5
4307717,9.596587261257206,9
4307726,9.818410066005695,9
4307733,9.877885873399045,7
4307745,9.739163154252,12
4307754,9.79822512631943,9
4307766,9.795312966154492,12
4307776,9.794162453872543,10
4307785,9.830037495149089,9
4307793,9.847399113659776,8
4307808,9.471703359237289,15
4307819,9.772550431185216,11
4307823,9.945864233106041,4
4307829,9.89854660521781,6
4307831,9.970127537511216,2
4307838,9.678546673611796,7
4307846,9.888467260836629,8
4307854,9.846065060115864,8
4307858,9.92843611664435,4
4307859,9.986723643018644,1
4307862,9.967501945810444,3
4307871,9.808387597227231,9
4307881,9.788430786348933,10
4307895,9.703953802801989,14
4307910,9.668880387668846,15
4307916,9.887097460693804,6
4307925,9.815258818149395,9
4307942,9.64759845586388,17
4307952,9.778487607913991,10
4307956,9.94344404626536,4
4307961,9.920231335577672,5
4307970,9.831690180289828,9
4307977,9.878752080922164,7
4307991,9.657673640413126,14
4307994,9.944788723175293,3
4307999,9.900031739894473,5
4308013,9.69960711517616,14
4308019,9.878976442034029,6
4308025,9.90455204382415,6
4308030,9.9197936093988,5
4308036,9.894288988981632,6
4308042,9.89190073248576,6
4308054,9.732659934287442,12
4308064,9.786718488525567,10
4308070,9.900304222628186,6
4308074,9.939580048909283,4
4308078,9.92952441685602,4
4308084,9.905556771512162,6
4308092,9.850004358166023,8
4308095,9.95364941487479,3
4308097,9.977553766200792,2
4308098,10.0,1
4308112,9.653703957993613,14
4308121,9.840953542445728,9
4308129,9.848643393827802,8
4308140,9.782378416603656,11
4308145,9.923642515773857,5
4308146,10.0,1
4308156,9.796087981118871,10
4308162,9.90838487316408,6
4308178,9.599637597953844,16
4308180,9.970366642874817,2
4308195,9.664776481125099,15
4308205,9.78718098907388,10
4308212,9.881837626371334,7
4308223,9.753328639673203,11
4308237,9.687338954967927,14
4308244,9.8567917806333,7
4308252,9.87320267396818,8
4308254,9.974771583977972,2
4308270,9.601277479735424,16
4308271,9.989853011638106,1
4308281,9.79831359786821,10
4308286,9.930746734077575,5
4308287,10.0,1
4308298,9.798786254354265,11
4308306,9.854528772192007,8
4308320,9.684928122844832,14
4308328,9.858245349969254,8
4308337,9.804407178462798,9
4308342,9.933911573149,5
4308353,9.759296569480897,11
4308358,9.913898622325966,5
4308364,9.922214370008037,6
4308365,10.0,1
4308377,9.733375665841988,12
4308388,9.790607791023893,11
4308389,10.0,1
4308403,9.707961630290727,14
4308406,9.953504228149376,3
4308417,9.753720267365702,11
4308425,9.837928385466089,8
4308427,9.974610369929454,2
4308428,9.992995467676932,1
4308434,9.88589898090745,6
4308443,9.799532519180726,9
4308452,9.818077333626588,9
4308468,9.642843583166448,16
4308478,9.770344471479108,10
4308489,9.774769090640108,11
4308493,9.937241439438246,4
4308498,9.91484155554156,5
4308506,9.841633596405599,8
4308507,9.993381424638924,1
4308518,9.781815132372671,11
4308526,9.839135450416975,8
4308534,9.832945516553785,8
4308548,9.685398925835386,14
4308557,9.818206778860672,9
4308566,9.822078892342848,9
4308570,9.938812904121612,4
4308579,9.83718496366288,9
4308589,9.793568404564198,10
4308596,9.85597232508044,7
4308609,9.718494995056385,13
4308614,9.92555974705837,5
4308621,9.868173195469092,7
4308630,9.838347307906446,9
4308638,9.831383668992782,8
4308656,9.618711195308773,18
4308657,9.989667699446327,1
4308661,9.936999538493918,4
4308672,9.765812819819756,11
4308685,9.719708780628538,13
4308687,9.97685286847181,2
4308691,9.939879844696101,4
4308692,10.0,1
4308701,9.81518051117902,9
4308705,9.932592855009387,4
4308716,9.755249416210571,11
4308717,9.992710560125431,1
4308722,9.90511006996065,5
4308735,9.728392441322738,13
4308739,9.937494560303238,4
4308753,9.685171872637712,14
4308766,9.704511009295636,13
4308770,9.938134261782787,4
4308785,9.630939653180704,15
4308793,9.829891289692863,8
4308804,9.783098650483046,11
4308821,9.610288367063152,17
4308829,9.854505843343881,8
4308835,9.87531613337267,6
4308846,9.744317287686872,11
4308857,9.77526456099706,11
4308861,9.956037788567775,4
4308869,9.83470199709796,8
4308878,9.818125052450446,9
4308886,9.843741829060145,8
4308898,9.732838230353705,12
4308907,9.841802603799671,9
4308914,9.88903528953315,7
4308922,9.764750608524889,8
4308927,9.918362854534099,5
4308937,9.809693971457092,10
4308940,9.958924770481458,3
4308947,9.872031611003658,7
4308953,9.889814167886637,6
4308965,9.737219493793488,12
4308977,9.7331242077322,12
4308989,9.727112196214883,12
4308998,9.832540827515183,9
4309000,9.97118642586944,2
4309017,9.669500097280524,17
4309027,9.786317200716763,10
4309035,9.819964431951547,8
4309036,10.0,1
4309039,9.964663820361205,3
4309049,9.78352048239786,10
4309058,9.81577487762804,9
4309067,9.806636477280367,9
4309073,9.896847830939034,6
4309081,9.84561262179845,8
4309094,9.690689522594973,13
4309112,9.570254709598686,18
4309118,9.908963876114504,6
4309125,9.87549726574855,7
4309137,9.750591267387385,12
4309144,9.848376507754944,7
4309154,9.800495950943445,10
4309164,9.769726095100024,10
4309168,9.94087108679269,4
4309175,9.886783965048615,7
4309180,9.919146426026899,5
4309186,9.887428537999398,6
4309193,9.86934339013146,7
4309199,9.8885858894987,6
4309205,9.884035956746407,6
4309223,9.593354216949546,18
4309239,9.637572301044091,16
4309240,10.0,1
4309250,9.786190474230917,10
4309261,9.767364552458382,11
4309267,9.90516161233131,6
4309272,9.9070499025272,5
4309285,9.720711297428704,13
4309292,9.88106602863395,7
4309301,9.787336796407791,9
4309308,9.86308762635091,7
4309310,9.975105983967481,2
4309313,9.964703462162745,3
4309314,10.0,1
4309328,9.685011997880665,14
4309332,9.936296159207298,4
4309344,9.77609671948126,12
4309352,9.859715049798405,8
4309362,9.81043427632146,10
4309371,9.822516122450805,9
4309374,9.963581622849741,3
4309379,9.92603122337735,5
4309381,9.979149815100103,2
4309382,10.0,1
4309383,10.0,1
4309395,9.747688492388452,12
4309408,9.770476299475124,13
4309416,9.764026343808196,8
4309425,9.845499327834432,9
4309428,9.963830784201024,3
4309429,10.0,1
4309436,9.753198421791765,7
4309437,10.0,1
4309445,9.849077563543315,8
4309452,9.848724079779176,7
4309458,9.896826556019901,6
4309470,9.738151265717725,12
4309475,9.915410430789679,5
4309484,9.796262247378133,9
4309494,9.816406489281773,10
4309511,9.568867135611608,17
4309519,9.830671524956381,8
4309532,9.697289885253243,13
4309533,10.0,1
4309542,9.817855568925294,9
4309553,9.746904118095715,11
4309561,9.844862599201969,8
4309563,9.984143135340773,2
4309564,9.989145697361081,1
4309568,9.93346761998233,4
4309578,9.779373959559939,10
4309584,9.873975771209038,6
4309592,9.865049332174184,8
4309606,9.68584592215819,14
4309615,9.81920084584287,9
4309632,9.627201160108982,17
4309641,9.8104941740128,9
4309657,9.667217615493772,16
4309661,9.94218262937962,4
4309664,9.970397506910734,3
4309679,9.650117790140866,15
4309685,9.896493720405728,6
4309689,9.930162668759108,4
4309705,9.655417717550877,16
4309712,9.883150097133667,7
4309729,9.621336686949052,17
4309745,9.682552004988468,16
4309755,9.827422192696886,10
4309763,9.834798904715921,8
4309764,10.0,1
4309776,9.742079463647176,12
4309787,9.740968985680617,11
4309788,10.0,1
4309789,10.0,1
4309799,9.800945803747288,10
4309804,9.904175470825505,5
4309821,9.64667038572712,17
4309831,9.78430978595885,10
4309838,9.873779379309523,7
4309846,9.853757502587301,8
4309858,9.771555977732318,12
4309871,9.749003879569468,13
4309876,9.912791672761882,5
4309884,9.849720767856407,8
4309896,9.747778955169975,12
4309903,9.875191728304696,7
4309910,9.85314870011206,7
4309916,9.912909073765348,6
4309929,9.7149037834635,13
4309939,9.77600658634003,10
4309946,9.860831641274153,7
4309947,10.0,1
4309954,9.876705372584022,7
4309965,9.81107611358979,11
4309981,9.662839457923743,16
4309989,9.864800635210106,8
4309996,9.865649332756124,7
4310005,9.806689179642248,9
4310020,9.662028209564243,15
4310021,9.992269123965093,1
4310030,9.81028564309082,9
4310032,9.979781644659855,2
4310041,9.842462156582346,9
4310056,9.62034190169002,15
4310064,9.830056676957614,8
4310069,9.914214256534091,5
4310078,9.804194607878207,9
4310088,9.787912764967912,10
4310102,9.495701681201696,14
4310116,9.686026519196583,14
4310127,9.76185024471624,11
4310131,9.95308104523406,4
4310147,9.651054178090124,16
4310153,9.906664053068392,6
4310154,10.0,1
4310159,9.926612986804507,5
4310167,9.862297591530599,8
4310180,9.726927147914273,13
4310184,9.944857558834634,4
4310190,9.891772370338513,6
4310191,10.0,1
4310207,9.62548102508168,16
4310212,9.91744270394594,5
4310218,9.892290223727503,6
4310221,9.958745165572857,3
4310231,9.786400524285947,10
4310239,9.853039421634266,8
4310240,10.0,1
4310248,9.831993118979344,8
4310254,9.884759693476312,6
4310255,10.0,1
4310256,9.99659876685793,1
4310260,9.948054044946158,4
4310268,9.843912541523714,8
4310280,9.77829475502945,12
4310289,9.815860706983873,9
4310303,9.655661719613573,14
4310319,9.615361174025571,16
4310336,9.612421183139755,17
4310351,9.65617560955974,15
4310362,9.77043089115407,11
4310374,9.746741251675033,12
4310375,10.0,1
4310377,9.970199350044838,2
4310380,9.961526789592604,3
4310385,9.918135077947868,5
4310398,9.72378213656525,13
4310402,9.925155858796755,4
4310408,9.898539313650874,6
4310413,9.89792119532169,5
4310427,9.706891958070706,14
4310436,9.822516255138835,9
4310441,9.909362761496462,5
4310447,9.871651796252493,6
4310454,9.860230939716807,7
4310463,9.825967181068483,9
4310469,9.879135324296014,6
4310482,9.74294980625378,13
4310488,9.876790525774616,6
4310496,9.839462314396904,8
4310504,9.852732359925572,8
4310512,9.829401685251227,8
4310519,9.876491089810623,7
4310528,9.809077762892848,9
4310540,9.74320048633818,12
4310553,9.719409350886309,13
4310561,9.840353166976033,8
4310565,9.938784980539953,4
4310573,9.839375651182955,8
4310585,9.816727247766927,12
4310590,9.919524343440937,5
4310604,9.687543098567652,14
4310615,9.815796614191166,11
4310616,10.0,1
4310624,9.854115455698823,8
4310628,9.932168425637366,4
4310641,9.751094005495826,13
4310651,9.782006042363596,10
4310669,9.608865906091792,18
4310672,9.965603475117042,3
4310677,9.910932113722076,5
4310684,9.851093937871719,7
4310696,9.760687362372096,12
4310700,9.941169137247572,4
4310707,9.861844068248535,7
4310717,9.80260937219168,10
4310727,9.790916105202378,10
4310737,9.76506901017213,10
4310748,9.763688891427995,11
4310759,9.804303633365663,11
4310770,9.7897335321522,11
4310771,10.0,1
4310777,9.877778097911527,6
4310788,9.762640412325498,11
4310803,9.666784943210095,15
4310811,9.830971466957324,8
4310816,9.910676817240322,5
4310822,9.903761197681535,6
4310832,9.817948477565638,10
4310844,9.730209176751721,12
4310852,9.842116927550943,8
4310867,9.68724150824226,15
4310869,9.970355555126563,2
4310878,9.818077274132305,9
4310894,9.641067215657685,16
4310906,9.72941061218497,12
4310909,9.952339598396172,3
4310912,9.95554282325344,3
4310914,9.96897148786073,2
4310924,9.800488131334898,10
4310928,9.949484817763372,4
4310937,9.811268618874625,9
4310947,9.773837556628173,10
4310962,9.64041500075052,15
4310968,9.877666475679517,6
4310972,9.94343079549621,4
4310977,9.90380119744906,5
4310987,9.79761102719815,10
4310992,9.926633164886368,5
4310993,9.991821944571676,1
4311006,9.711657980191605,13
4311007,10.0,1
4311011,9.949472704318628,4
4311023,9.76715647611245,12
4311031,9.822658013704153,8
4311038,9.865544878616209,7
4311051,9.756430175721631,13
4311063,9.732658509350014,12
4311065,9.980733163947772,2
4311078,9.746064372715896,13
4311087,9.810473118547874,9
4311099,9.73230165384372,12
4311100,10.0,1
4311108,9.868916846233946,8
4311119,9.738892311809638,11
4311120,10.0,1
4311127,9.76210304117663,7
4311133,9.90972201994445,6
4311146,9.747807258335651,13
4311147,10.0,1
4311148,10.0,1
4311165,9.626796691214702,17
4311178,9.732572690242018,13
4311179,10.0,1
4311180,10.0,1
4311185,9.921415701443994,5
4311191,9.89962292982846,6
4311198,9.862176603942299,7
4311206,9.839181098141884,8
4311217,9.787630394331071,11
4311223,9.899623352125912,6
4311226,9.95065632244778,3
4311234,9.823639170926945,8
4311248,9.493455407536823,14
4311261,9.74842691002849,13
4311266,9.917874833918518,5
4311267,9.989277427173091,1
4311273,9.901574620800632,6
4311282,9.84133863601961,9
4311287,9.931359423096172,5
4311293,9.89328434550308,6
4311301,9.85443970947103,8
4311312,9.747037796058548,11
4311317,9.90332612066143,5
4311327,9.819982249508383,10
4311331,9.941922126628155,4
4311340,9.871791382779744,9
4311357,9.67522057554368,17
4311368,9.770339699370995,11
4311377,9.827198695908606,9
4311384,9.873447390188895,7
4311391,9.90317734510223,7
4311403,9.736155541184184,12
4311415,9.745826900713812,12
4311418,9.958145224158574,3
4311432,9.702269185224456,14
4311435,9.969474516277486,3
4311446,9.763732700872756,11
4311454,9.844933946102215,8
4311462,9.862586372900639,8
4311473,9.800972719514027,11
4311476,9.956717354121956,3
4311480,9.953297922163728,4
4311483,9.964249552533694,3
4311495,9.71068727850129,12
4311499,9.931437545017856,4
4311512,9.694566795996003,13
4311522,9.793451896471618,10
4311531,9.81628034189115,9
4311545,9.68550164208837,14
4311551,9.876282969558526,6
4311555,9.953205219474496,4
4311568,9.690755892473062,13
4311580,9.762211518445616,12
4311581,10.0,1
4311587,9.902306261961272,6
4311597,9.809021018048803,10
4311603,9.880330568609834,6
4311617,9.664814378959784,14
4311622,9.706578133130517,5
4311627,9.920572161233904,5
4312034,-33.75941725852557,407
4312049,9.70435652985251,15
4312053,9.935476097082814,4
4312064,9.796004090426896,11
4312066,9.969546847850992,2
4312077,9.75625510751515,11
4312089,9.765186644737163,12
4312091,9.98331026681962,2
4312094,9.958026676078989,3
4312103,9.79163689873037,9
4312115,9.774435859467108,12
4312118,9.949661161797295,3
4312123,9.924170600828152,5
4312132,9.834817322751107,9
4312139,9.862516176461925,7
4312146,9.872518544632797,7
4312154,9.860708124951689,8
4312157,9.947303422281848,3
4312172,9.695248786790117,15
4312182,9.772420472531476,10
4312189,9.905951709305727,7
4312192,9.957964370343845,3
4312202,9.806223224563166,10
4312214,9.748043500190029,12
4312219,9.911642741649889,5
4312220,10.0,1
4312232,9.744874326504114,12
4312245,9.74862046448992,13
4312257,9.735877257933625,12
4312267,9.789848561945854,10
4312276,9.798441554876678,9
4312282,9.885263519733664,6
4312289,9.85448403869097,7
4312299,9.793630539299073,10
4312303,9.624285394313322,4
4312309,9.899738811789046,6
4312315,9.798900531519731,6
4312318,9.96187971892719,3
4312329,9.747586840343379,11
4312338,9.806547721292151,9
4312344,9.899349633230713,6
4312345,10.0,1
4312346,10.0,1
4312355,9.83735347366321,9
4312360,9.907535771130082,5
4312369,9.806253257334717,9
4312377,9.834458886612301,8
4312387,9.783897292250828,10
4312398,9.76855737255498,11
4312410,9.746202328929586,12
4312411,10.0,1
4312420,9.838786125842175,9
4312421,10.0,1
4312426,9.910225426258318,5
4312430,9.951483383588927,4
4312432,9.973956356684086,2
4312440,9.742615974251216,8
4312451,9.826823810286466,11
4312454,9.958828429212428,3
4312463,9.80858180463229,9
4312472,9.799316237187675,9
4312479,9.879949480204633,7
4312492,9.710063091428712,13
4312497,9.904318747881801,5
4312506,9.80893495386519,9
4312514,9.85349011211361,8
4312524,9.79984090712856,10
4312525,10.0,1
4312532,9.86773321237613,7
4312539,9.862056416573775,7
4312549,9.786987124531805,10
4312554,9.92696858412709,5
4312560,9.88682944504611,6
4312573,9.698850251498435,13
4312588,9.63797115797891,15
4312597,9.795440714948615,9
4312600,9.956570321323234,3
4312602,9.983596201037162,2
4312609,9.873293624215698,7
4312613,9.940870966449406,4
4312621,9.86022941019329,8
4312628,9.864783214357756,7
4312629,10.0,1
4312635,9.876338508795886,6
4312649,9.728196320879677,14
4312663,9.677831985831778,14
4312670,9.867240280258823,7
4312682,9.736468313413638,12
4312689,9.889441716372833,7
4312700,9.792252674009505,11
4312710,9.798578141634446,10
4312711,10.0,1
4312714,9.958529965362354,3
4312725,9.768780451184474,11
4312726,10.0,1
4312730,9.938899281196665,4
4312734,9.937684815590941,4
4312754,9.619932633798808,20
4312768,9.762461474608077,14
4312781,9.708928638017856,13
4312786,9.918819651137692,5
4312791,9.924069372804132,5
4312798,9.858830323710597,7
4312811,9.715218396792165,13
4312814,9.967590346297271,3
4312822,9.857665798310768,8
4312827,9.916016007820039,5
4312835,9.872331777179555,8
4312846,9.774539054875579,11
4312853,9.877860915663753,7
4312857,9.944680709686322,4
4312860,9.964062709400949,3
4312876,9.678891219727376,16
4312879,9.959157668472617,3
4312893,9.666447025295865,14
4312905,9.734133099422698,12
4312913,9.817401495788141,8
4312928,9.64307851301495,15
4312938,9.818267584990156,10
4312941,9.959766001091511,3
4312951,9.780467907189236,10
4312952,10.0,1
4312964,9.725352841467043,12
4312973,9.814759014055555,9
4312989,9.642113952632338,16
4312997,9.845503876107193,8
4313010,9.711444709636854,13
4313023,9.679565383411266,13
4313037,9.700021784452634,14
4313047,9.777640762901532,10
4313059,9.745210515555783,12
4313067,9.839069107170673,8
4313071,9.932553717803872,4
4313081,9.683654510167633,10
4313082,10.0,1
4313092,9.796176859456367,10
4313099,9.878039107959998,7
4313103,9.944456633283101,4
4313107,9.945546694339098,4
4313117,9.819960558111374,10
4313123,9.915136151908252,6
4313128,9.920386087735897,5
4313129,10.0,1
4313130,10.0,1
4313139,9.835688073784707,9
4313147,9.822845740429248,8
4313158,9.77388074374631,11
4313159,10.0,1
4313160,9.996757946999047,1
4313165,9.901544558068105,5
4313174,9.827696787194904,9
4313185,9.77888192230637,11
4313189,9.949242733439846,4
4313198,9.837322796433046,9
4313207,9.80452176215303,9
4313211,9.94375361843577,4
4313216,9.914180751004473,5
4313223,9.879255095465732,7
4313232,9.838609366990235,9
4313234,9.973777950418329,2
4313239,9.911090446444652,5
4313253,9.650046727916997,14
4313269,9.635541228224623,16
4313270,9.996607922460218,1
4313281,9.784386471443643,11
4313286,9.915386637777019,5
4313296,9.803156496684979,10
4313311,9.667715564700313,15
4313317,9.902951273984291,6
4313319,9.978182239717134,2
4313328,9.819271168876362,9
4313340,9.72448775801591,12
4313352,9.747873066752135,12
4313365,9.723871799575791,13
4313377,9.753979087225236,12
4313388,9.75368123278817,11
4313395,9.864433782273332,7
4313401,9.915981243391348,6
4313402,10.0,1
4313408,9.908495049408693,6
4313418,9.794215532025206,10
4313430,9.65633556003034,12
4313442,9.72540760136007,12
4313444,9.975915031013583,2
4313459,9.665801111990117,15
4313475,9.624158919089849,16
4313483,9.85198727766162,8
4313484,10.0,1
4313489,9.916088043725702,5
4313503,9.697016078728254,14
4313513,9.781921736652535,10
4313523,9.800489176832388,10
4313529,9.904422211376808,6
4313534,9.920387294497655,5
4313539,9.929914229974546,5
4313540,9.991947831150817,1
4313545,9.91398176732591,5
4313554,9.813526258253164,9
4313565,9.777033591082889,11
4313570,9.904743063004009,5
4313575,9.933975957404018,5
4313576,9.991954944767347,1
4313584,9.840709851391804,8
4313592,9.851660734885547,8
4313601,9.820518383333619,9
4313611,9.830395150488613,10
4313616,9.925394434692489,5
4313623,9.860260298575188,7
4313636,9.696659791498796,13
4313638,9.979758456564662,2
4313657,9.534657709001335,19
4313664,9.867757350361568,7
4313666,9.978857375188607,2
4313678,9.74598727004567,12
4313684,9.889877342571923,6
4313694,9.841810528681652,10
4313710,9.048046380843882,16
4313711,10.0,1
4313719,9.848160709323349,8
4313721,9.97583562540716,2
4313722,9.99603737057023,1
4313728,9.888286835729545,6
4313736,9.850918495570335,8
4313737,10.0,1
4313743,9.919168690949297,6
4313758,9.3079576492859,15
4313770,9.711156597624786,12
4313778,9.87025912910804,8
4313791,9.739186983130182,13
4313793,9.969357257374785,2
4313799,9.875148511575073,6
4313813,9.721807229065215,14
4313821,9.852215909542958,8
4313834,9.743504703674466,13
4313844,9.805694835215299,10
4313845,10.0,1
4313857,9.728181469496795,12
4313867,9.793833365670906,10
4313868,9.99654912445723,1
4313884,9.62946740303663,16
4313889,9.914705417175309,5
4313890,9.996129337767663,1
4313896,9.887415171482077,6
4313906,9.787860618075449,10
4313912,9.878561699202614,6
4313913,10.0,1
4313914,10.0,1
4313928,9.657122227067507,14
4313932,9.934423511035428,4
4313933,10.0,1
4313934,10.0,1
4313942,9.819165567405399,8
4313959,9.61379704549446,17
4313974,9.683218060951619,15
4313979,9.929608264277237,5
4313989,9.755512754780765,10
4314001,9.747054582782319,12
4314008,9.859164051835217,7
4314010,9.973582217330458,2
4314022,9.727559306000233,12
4314029,9.86384054851459,7
4314038,9.813473525721784,9
4314047,9.783770003545845,9
4314057,9.78346291283618,10
4314058,10.0,1
4314065,9.876793037639931,7
4314069,9.950691046556914,4
4314085,9.645396111793398,16
4314095,9.796419265985708,10
4314099,9.949187602379551,4
4314101,9.981526216684841,2
4314105,9.937650532543328,4
4314108,9.948953566753586,3
4314111,9.970067913471308,3
4314117,9.89539910324345,6
4314131,9.435613751885697,14
4314142,9.781021538370632,11
4314144,9.972320134382217,2
4314153,9.806330530272527,9
4314155,9.985760745613945,2
4314161,9.910637911947946,6
4314162,10.0,1
4314166,9.950092994413069,4
4314171,9.828038177699417,5
4314181,9.784791097173589,10
4314194,9.591388077858555,13
4314195,10.0,1
4314198,9.951823663940857,3
4314213,9.650400492764529,15
4314223,9.78219791202295,10
4314235,9.712574934143149,12
4314243,9.860639424695204,8
4314247,9.936818171020002,4
4314257,9.620037091122782,10
4314258,10.0,1
4314269,9.769572683299524,11
4314277,9.849587791215283,8
4314287,9.800488728088629,10
4314297,9.762267106717982,10
4314308,9.764439643141872,11
4314311,9.970002466382248,3
4314315,9.943841449204886,4
4314316,10.0,1
4314332,8.965957188464834,16
4314345,9.720054492638514,13
4314355,9.784745242351685,10
4314364,9.81723685730995,9
4314370,9.897343691669022,6
4314374,9.932950809709949,4
4314381,9.867835668650242,7
4314391,9.789281132302484,10
4314399,9.84291017315163,8
4314406,9.876063771606079,7
4314427,9.289761718836825,21
4314444,9.60267385412385,17
4314450,9.887215244481098,6
4314464,9.718114413559269,14
4314480,9.51038955947865,16
4314491,9.767888394267565,11
4314499,9.846646484912931,8
4314509,9.804226917125584,10
4314513,9.935520306654949,4
4314524,9.800952829316836,11
4314533,9.813711149994898,9
4314540,9.877557993655786,7
4314549,9.829553202129983,9
4314560,9.751213518697496,11
4314566,9.891456317344677,6
4314577,9.772829984408055,11
4314590,9.718024746385211,13
4314598,9.838399608514534,8
4314605,9.890599859090688,7
4314619,9.65997548673756,14
4314626,9.865862895871508,7
4314637,9.763035984670779,11
4314646,9.8277010350867,9
4314653,9.85885717923564,7
4314658,9.902452205278157,5
4314660,9.976977678056185,2
4314661,9.991935942610125,1
4314670,9.798041590086097,9
4314679,9.795588095935384,9
4314697,9.61583428356803,18
4314708,9.783798948950395,11
4314722,9.685861439297359,14
4314726,9.936055396177318,4
4314729,9.961642299520589,3
4314734,9.836980424973282,5
4314748,9.700577350046057,14
4314759,9.766891207854258,11
4314767,9.853602515050513,8
4314774,9.876939546914665,7
4314785,9.763909107249404,11
4314793,9.823433362351842,8
4314798,9.908721640906021,5
4314812,9.694198943017879,14
4314834,9.49658130650129,22
4314843,9.831404827607868,9
4314844,10.0,1
4314861,9.607423721095827,17
4314864,9.95608806073375,3
4314879,9.649044745495706,15
4314880,10.0,1
4314893,9.72342560203704,13
4314970,8.592856191171624,77
4314973,9.960162509445428,3
4314982,9.823737071969502,9
4314995,9.684244727633942,13
4315004,9.812430394011932,9
4315005,10.0,1
4315006,9.996790327370633,1
4315014,9.870538219928862,8
4315023,9.812174472377993,9
4315032,9.837754160156981,9
4315034,9.97445635288427,2
4315041,9.871283061286563,7
4315042,10.0,1
4315052,9.780342191091044,10
4315066,9.675082732623066,14
4315079,9.73030956961473,13
4315083,9.955665433579577,4
4315091,9.845399488890557,8
4315112,9.528485445874056,21
4315125,9.71011158175708,13
4315133,9.826877334366566,8
4315148,9.663672501591918,15
4315160,9.729116588006404,12
4315161,10.0,1
4315175,9.668840086403833,14
4315194,9.578657808135713,19
4315199,9.923269488266202,5
4315211,9.719378039759164,12
4315219,9.848925431642282,8
4315228,9.826822537368942,9
4315247,8.235494951579653,19
4315248,10.0,1
4315258,9.801985022446479,10
4315259,10.0,1
4315266,9.876204859813035,7
4315276,9.808663544662675,10
4315291,9.676195974740317,15
4315304,9.737711348533784,13
4315311,9.870059997263821,7
4315317,9.906322888411967,6
4315333,9.724670700498514,16
4315349,9.65597847712748,16
4315352,9.959724894132357,3
4315353,10.0,1
4315361,9.840480309761485,8
4315362,10.0,1
4315371,9.799491820297137,9
4315386,9.66923041169971,15
4315397,9.79760107389802,11
4315403,9.913610121514411,6
4315416,9.702481624680471,13
4315424,9.846359706197754,8
4315439,9.65654979548156,15
4315464,9.509887598766342,25
4315472,9.818676389905104,8
4315484,9.754534727729292,12
4315496,9.736933315019591,12
4315497,10.0,1
4315506,9.808512237868431,9
4315513,9.876554627567252,7
4315518,9.920503201312473,5
4315525,9.878054346430716,7
4315530,9.916740762869107,5
4315536,9.891971519120148,6
4315537,10.0,1
4315544,9.85061806840778,7
4315559,9.664797105104688,15
4315564,9.905082487470999,5
4315574,9.768533602544341,10
4315582,9.837267395259358,8
4315591,9.807109951669721,9
4315592,10.0,1
4315603,9.777454553594533,11
4315607,9.941915977929426,4
4315613,9.882151699219968,6
4315618,9.921123610517096,5
4315630,9.732881955275394,12
4315636,9.887832279115113,6
4315646,9.798513011059729,10
4315649,9.964402641685055,3
4315657,9.847019972628727,8
4315664,9.857334005510406,7
4315675,9.76030577671942,11
4315685,9.790116949263474,10
4315694,9.799395541105943,9
4315696,9.977294403244231,2
4315701,9.935532828217626,5
4315709,9.885342038378141,8
4315719,9.782041909965052,10
4315725,9.900418469630266,6
4315732,9.880288904854329,7
4315745,9.745861050196662,13
4315763,9.587032973311498,18
4315775,9.718061934250679,12
4315781,9.877444479970306,6
4315782,10.0,1
4315788,9.889334489044433,6
4315789,10.0,1
4315797,9.851432450187072,8
4315810,9.688276323956453,13
4315820,9.820785064156519,10
4315833,9.734470958487632,13
4315838,9.939864888726698,5
4315851,9.733004750747417,13
4315857,9.885434981010018,6
4315864,9.87931923139099,7
4315865,10.0,1
4315877,9.531757727224724,12
4315887,9.82290714324297,10
4315894,9.884757195778924,7
4315905,9.773697237872037,11
4315916,9.757579660192144,11
4315917,9.996488404677356,1
4315924,9.866294181391382,7
4315933,9.821649783303808,9
4315934,10.0,1
4315941,9.882352192975334,7
4315950,9.85058024187053,9
4315966,9.684119497505026,16
4315970,9.957680586943065,4
4315978,9.827436632373152,8
4315986,9.843241330610958,8
4315998,9.775652774880399,12
4316006,9.844961795209118,8
4316012,9.906427060940883,6
4316027,9.31330375177471,15
4316039,9.73125159699405,12
4316042,9.965940643517584,3
4316045,9.95689995515188,3
4316054,9.819897318174402,9
4316055,9.993204533194689,1
4316063,9.857669335493688,8
4316067,9.93736880880971,4
4316075,9.870737700347945,8
4316086,9.739390386406924,11
4316101,9.675356210804138,15
4316105,9.947523088282711,4
4316112,9.894901419576776,7
4316115,9.960650769413942,3
4316127,9.71088207191105,12
4316136,9.820446519246133,9
4316148,9.746798379506126,12
4316159,9.760086586262334,11
4316161,9.984603993581688,2
4316169,9.844427307475865,8
4316178,9.813713506575972,9
4316181,9.9649483833106,3
4316186,9.933092900257053,5
4316196,9.811381558108517,10
4316210,9.750633031894447,14
4316218,9.820037870639682,8
4316228,9.785365349456342,10
4316242,9.675371322109102,14
4316251,9.829452176296723,9
4316253,9.976123805949003,2
4316264,9.753729645730978,11
4316268,9.947252276448676,4
4316275,9.87975089761501,7
4316276,10.0,1
4316277,10.0,1
4316286,9.81666942779903,9
4316287,10.0,1
4316299,9.727433699965697,12
4316300,10.0,1
4316313,9.697029409887179,13
4316319,9.894861090184587,6
4316331,9.783103339178425,12
4316350,9.55960451094343,19
4316355,9.926664019901823,5
4316365,9.793200723004748,10
4316372,9.867849650842217,7
4316377,9.932850355153269,5
4316384,9.885833057532533,7
4316397,9.684313655348989,13
4316400,9.951042774283732,3
4316413,9.71562822790057,13
4316427,9.667749042308778,14
4316437,9.799256409537483,10
4316445,9.85259130842037,8
4316450,9.905381079112162,5
4316455,9.920842284029723,5
4316462,9.877870737720997,7
4316468,9.89109433681232,6
4316473,9.904604488223569,5
4316482,9.84119291151653,9
4316485,9.965666884022703,3
4316492,9.867845115101368,7
4316497,9.91938826832955,5
4316503,9.894993935008847,6
4316504,10.0,1
4316510,9.692044617695505,6
4316518,9.878011133461392,8
4316529,9.755336897395637,11
4316534,9.901804334787277,5
4316540,9.875398216836997,6
4316545,9.913215028004544,5
4316546,10.0,1
4316557,9.801154250352758,11
4316558,9.98800351605587,1
4316567,9.85729341895206,9
4316575,9.86653163431719,8
4316576,10.0,1
4316590,9.677651890557717,14
4316598,9.858889642042671,8
4316606,9.830502025670272,8
4316614,9.869724667863,8
4316617,9.958786758041473,3
4316620,9.96192769943724,3
4316629,9.85834223347399,9
4316632,9.962004360608887,3
4316636,9.923671210767033,4
4316641,9.917603725744913,5
4316654,9.713514312182255,13
4316665,9.781093515928847,11
4316671,9.883461303435375,6
4316677,9.88907962677581,6
4316683,9.894223329579878,6
4316696,9.706368233223069,13
4316716,9.546252245757831,20
4316723,9.88247674625765,7
4316730,9.857340386446193,7
4316744,9.729176259610204,14
4316750,9.881181052926946,6
4316757,9.858582981521296,7
4316765,9.876435138328114,8
4316773,9.82249651706623,8
4316783,9.79056857828382,10
4316788,9.918051770335433,5
4316795,9.889675158165407,7
4316806,9.756028672668382,11
4316807,9.992552661243142,1
4316820,9.702146298949437,13
4316828,9.858967586082205,8
4316835,9.874039417417425,7
4316841,9.878542255942937,6
4316847,9.883501721389752,6
4316851,9.939601939846149,4
4316854,9.954650059208811,3
4316869,8.086604248906063,15
4316880,9.66899488194923,11
4316881,10.0,1
4316889,9.861224565280924,8
4316895,9.889073384232203,6
4316903,9.826880230358007,8
4316912,9.825012459950372,9
4316916,9.944186070575721,4
4316917,10.0,1
4316929,9.759116366210534,12
4316944,9.719154522688978,15
4316952,9.823808979229048,8
4316959,9.84342669574549,7
4316963,9.950392414267103,4
4316964,10.0,1
4316972,9.868920687389792,8
4316974,9.9700502292302,2
4316979,9.898968031621914,5
4316983,9.933198566418833,4
4316994,9.784864486600338,11
4316997,9.95562465616323,3
4317000,9.968561098351751,3
4317003,9.952989128538086,3
4317007,9.946202094941157,4
4317020,9.724282381026603,13
4317021,10.0,1
4317022,10.0,1
4317028,9.901486029623701,6
4317029,9.989182946412908,1
4317041,9.357762362075364,12
4317050,9.625815218292685,9
4317057,9.900579331279646,7
4317070,9.73784422761549,13
4317080,9.6889582716845,10
4317090,9.807549269722609,10
4317110,9.518512891774082,20
4317118,9.842142667121692,8
4317121,9.965526757656077,3
4317127,9.896631751229338,6
4317131,9.927805965744833,4
4317133,9.981041203898045,2
4317141,9.852833313012024,8
4317145,9.935639622293419,4
4317154,9.79900718950308,9
4317161,9.86348802531754,7
4317162,10.0,1
4317163,10.0,1
4317171,9.838796416997138,8
4317172,10.0,1
4317173,10.0,1
4317189,9.65166842858745,16
4317190,9.988037259264985,1
4317197,9.897286679329037,7
4317198,10.0,1
4317216,9.54277970245991,18
4317221,9.921202609139225,5
4317237,9.6156585422866,16
4317238,10.0,1
4317251,9.707965769262708,13
4317262,9.7373104121564,11
4317275,9.723082829054905,13
4317278,9.966131243457582,3
4317283,9.93599531733997,5
4317299,9.67878932792807,16
4317320,9.467254716478394,21
4317332,9.738607954617947,12
4317336,9.928516091497677,4
4317341,9.924897136873414,5
4317354,9.726297450623228,13
4317355,10.0,1
4317356,10.0,1
4317361,9.922574408764305,5
4317362,10.0,1
4317370,9.850869017548273,8
4317379,9.841495342303693,9
4317380,10.0,1
4317385,9.913582189220458,5
4317387,9.974615069713604,2
4317393,9.891730721159018,6
4317398,9.914850740818718,5
4317410,9.812835417952705,12
4317416,9.874758490233017,6
4317427,9.741390267585585,11
4317439,9.736475007862177,12
4317448,9.803621730928434,9
4317459,9.55843650542333,11
4317468,9.801702817876023,9
4317477,9.822569855725634,9
4317484,9.880496092918339,7
4317493,9.848161235831082,9
4317498,9.913528187899928,5
4317505,9.865365042188465,7
4317511,9.905375780622187,6
4317517,9.898993526561247,6
4317523,9.892059780187772,6
4317532,9.82435878146226,9
4317537,9.928217999163554,5
4317541,9.952032323839802,4
4317544,9.958184293168854,3
4317554,9.792589887361656,10
4317565,9.76126124061269,11
4317573,9.859204742689405,8
4317577,9.941986760372107,4
4317592,9.6487552453508,15
4317602,9.775868748338386,10
4317608,9.896294442136083,6
4317612,9.952298180723961,4
4317621,9.831901975645417,9
4317627,9.90935582037765,6
4317633,9.910471172188831,6
4317634,10.0,1
4317642,9.866039889295,8
4317648,9.899310005524844,6
4317661,9.71331478643748,13
4317669,9.848434225123615,8
4317677,9.852332752310684,8
4317691,9.686196070378898,14
4317694,9.966010667645733,3
4317703,9.801268125099176,9
4317710,9.87276798640072,7
4317717,9.851041537876915,7
4317718,10.0,1
4317728,9.784264115309366,10
4317733,9.898786084020005,5
4317739,9.903679034376452,6
4317750,9.738482720574355,11
4317754,9.942476339864074,4
4317769,9.672136376338273,15
4317773,9.939090921504901,4
4317778,9.913379157884755,5
4317779,10.0,1
4317792,9.73331685968898,13
4317796,9.957370853794732,4
4317805,9.821540008379321,9
4317818,9.705359000101426,13
4317819,9.996573349953385,1
4317824,9.922026589925906,5
4317831,9.889011044839144,7
4317843,9.728343511578172,12
4317844,10.0,1
4317855,9.767772528108653,11
4317857,9.970359760485612,2
4317870,9.707590494463588,13
4317880,9.78752242212862,10
4317892,9.737608533674752,12
4317893,10.0,1
4317895,9.981143735159357,2
4317903,9.840359951715607,8
4317907,9.931558723364956,4
4317909,9.975788797007784,2
4317910,10.0,1
4317918,9.834663966492803,8
4317928,9.770197790378223,10
4317929,10.0,1
4317937,9.826060310751359,8
4317938,10.0,1
4317968,9.192440211088472,30
4317974,9.907148538621232,6
4317986,9.720818033297366,12
4317997,9.752546073069288,11
4318001,9.951160349572584,4
4318002,9.996234834280143,1
4318004,9.976936832047786,2
4318017,9.695878528519346,13
4318028,9.772006479437517,11
4318037,9.824107714900615,9
4318041,9.936876283153492,4
4318046,9.921450802247955,5
4318051,9.920078232833935,5
4318059,9.849145089868184,8
4318070,9.744719237012303,11
4318075,9.917845956265074,5
4318087,9.764304554297711,12
4318101,9.67934989965819,14
4318107,9.895039548731441,6
4318108,10.0,1
4318113,9.928754650692763,5
4318125,9.762116719962362,12
4318135,9.803760656648214,10
4318142,9.84231038830816,7
4318148,9.886236918282307,6
4318157,9.821847183584337,9
4318160,9.956449040503609,3
4318161,10.0,1
4318175,9.68229058542926,14
4318183,9.847620215554365,8
4318192,9.818609272711793,9
4318200,9.833161250995275,8
4318216,9.609251006249796,16
4318231,9.677933356893426,15
4318233,9.984974173054095,2
4318240,9.866283742535675,7
4318247,9.856759959727835,7
4318251,9.937166287895398,4
4318261,9.79906284111355,10
4318270,9.801696931664976,9
4318272,9.974010936509586,2
4318280,9.829422472215235,8
4318293,9.732752233095221,13
4318302,9.6393552942505,9
4318310,9.832865184050165,8
4318315,9.927706923976086,5
4318327,9.754276564260064,12
4318334,9.890920226389609,7
4318341,9.888858431349492,7
4318349,9.823007148275941,8
4318359,9.814938446922348,10
4318372,9.721449199089868,13
4318381,9.817178067033012,9
4318388,9.854020301297473,7
4318400,9.73845097509246,12
4318406,9.90105461687495,6
4318407,10.0,1
4318408,10.0,1
4318415,9.864929523962125,7
4318422,9.874485814251612,7
4318434,9.77779710410871,12
4318439,9.920805804329333,5
4318440,9.996173935671242,1
4318449,9.819761512709636,9
4318460,9.802421775401797,11
4318472,9.777274830378166,12
4318480,9.868559461008099,8
4318492,9.732551521180639,12
4318504,9.745504026116041,12
4318514,9.828780510213116,10
4318520,9.890105719715663,6
4318524,9.93968164914539,4
4318534,9.771612768997342,10
4318535,10.0,1
4318546,9.746537940971937,11
4318562,9.612792194785733,16
4318570,9.816133930055104,8
4318587,9.638699978811237,17
4318594,9.859751338451343,7
4318598,9.938537263170916,4
4318610,9.740178183306243,12
4318626,9.351752947974234,16
4318634,9.835757768961376,8
4318639,9.918720124815241,5
4318646,9.86488598078381,7
4318658,9.706582129424083,12
4318667,9.795277165424729,9
4318673,9.882309885426402,6
4318681,9.762908964992167,8
4318685,9.943745561786873,4
4318693,9.833062600921744,8
4318703,9.786624035579523,10
4318709,9.89393892826971,6
4318719,9.751856148239497,10
4318728,9.867003787728898,9
4318734,9.876140454448784,6
4318746,9.750253984489909,12
4318752,9.884466968173541,6
4318761,9.80174975691949,9
4318768,9.865515519897144,7
4318778,9.81899003652446,10
4318801,9.539891332573218,23
4318825,8.535698816625969,24
4318840,9.664686416664065,15
4318849,9.840199941514225,9
4318856,9.868066973310722,7
4318857,10.0,1
4318859,9.873364358059701,2
4318872,9.724988015035128,13
4318885,9.744812192790155,13
4318894,9.837918983321336,9
4318895,10.0,1
4318905,9.785727917018155,10
4318906,10.0,1
4318916,9.785462469237704,10
4318917,10.0,1
4318926,9.808219881794633,9
4318936,9.783132036042002,10
4318942,9.89464834755302,6
4318944,9.984200176496026,2
4318952,9.848518709335597,8
4318953,10.0,1
4318960,9.860657074330774,7
4318961,10.0,1
4318968,9.860770653717497,7
4318977,9.864019539905833,9
4318984,9.849624975010405,7
4318996,9.759386275820473,12
4318997,10.0,1
4319006,9.826357320206414,9
4319012,9.89414304258196,6
4319017,9.926248722145983,5
4319033,9.625214516329521,16
4319043,9.825327240507043,10
4319051,9.837738366216104,8
4319069,9.598494379031651,18
4319078,9.831626653376938,9
4319082,9.940761271614996,4
4319091,9.867333549257271,9
4319097,9.877379904143586,6
4319100,9.961921326978121,3
4319111,9.7650210946025,11
4319119,9.843924837347062,8
4319134,9.63423525021773,15
4319135,10.0,1
4319137,9.974070495567952,2
4319151,9.694438214975422,14
4319163,9.742514398477374,12
4319179,9.658359276121613,16
4319191,9.748709271528915,12
4319196,9.900858229915352,5
4319200,9.938321849778777,4
4319215,9.656144541247208,15
4319225,9.694271084007545,10
4319227,9.976211784807575,2
4319234,9.855807751451158,7
4319244,9.779892484557468,10
4319248,9.932450377619446,4
4319259,9.756480696616858,11
4319269,9.786231219805595,10
4319286,9.611031446922844,17
4319287,10.0,1
4319291,9.931234348029221,4
4319303,9.759679541022765,12
4319313,9.846283934673687,10
4319324,9.790294000917141,11
4319328,9.951979992217606,4
4319334,9.908667871755204,6
4319335,10.0,1
4319342,9.870583155951305,7
4319353,9.753462381407266,11
4319358,9.92618087264641,5
4319369,9.783999247782576,11
4319380,9.76655067619536,11
4319387,9.857297281484467,7
4319392,9.924688888067347,5
4319396,9.937834419052708,4
4319408,9.77329459425074,12
4319412,9.940243213485996,4
4319420,9.867749997890801,8
4319430,9.769127365215999,10
4319436,9.891442995790797,6
4319446,9.780750883316406,10
4319465,9.561191768928015,19
4319477,9.736796179684026,12
4319485,9.870832449377444,8
4319486,10.0,1
4319488,9.977204727374827,2
4319490,9.983526197333784,2
4319501,9.753291747701903,11
4319507,9.885173596059172,6
4319518,9.755378414700834,11
4319529,9.755130339377496,11
4319541,9.728486060982462,12
4319545,9.945143942318074,4
4319551,9.885074241652237,6
4319560,9.828562479845585,9
4319571,9.75699436263917,11
4319580,9.831648499639133,9
4319588,9.866749377098568,8
4319596,9.835953461685826,8
4319602,9.88269612118946,6
4319603,9.996668104095914,1
4319617,9.736676989274363,14
4319633,9.477371517785366,16
4319638,9.899251628746887,5
4319651,9.694041399402138,13
4319659,9.84340648529405,8
4319668,9.839595421888486,9
4319682,9.702166995876281,14
4319685,9.951343787829417,3
4319686,9.989768822780695,1
4319691,9.915537456546447,5
4319700,9.824283622651258,9
4319707,9.870485784911942,7
4319717,9.81486757109012,10
4319722,9.928430660300185,5
4319727,9.937222464147066,5
4319734,9.878812465420756,7
4319735,10.0,1
4319741,9.905477572136252,6
4319747,9.889312903361327,6
4319757,9.774817212310923,10
4319763,9.900629674847506,6
4319775,9.758322816573331,12
4319782,9.906350806161047,7
4319795,9.719934388790241,13
4319796,9.992407443825918,1
4319800,9.95237990023406,4
4319809,9.860291129722507,9
4319820,9.767468753484199,11
4319825,9.917312322092336,5
4319835,9.781794211899605,10
4319848,9.695741513596756,13
4319849,10.0,1
4319861,9.746077277308837,12
4319871,9.786327129090722,10
4319872,10.0,1
4319874,9.976515631844261,2
4319875,10.0,1
4319882,9.882446775386137,7
4319889,9.886105342820175,7
4319892,9.95286554749321,3
4319904,9.753949652149679,12
4319922,9.605394164440135,18
4319937,9.671841258123033,15
4319946,9.822623930886751,9
4319947,10.0,1
4319953,9.886961670691077,6
4319971,9.575836697536555,18
4319978,9.880477709836551,7
4319982,9.923167168352242,4
4319985,9.75186610826446,3
4319998,9.721638171440935,13
4320005,9.879151993569506,7
4320012,9.864989797869727,7
4320017,9.912840421287047,5
4320027,9.793737433240555,10
4320035,9.827110628121778,8
4320047,9.733721686057882,12
4320054,9.871915839773827,7
4320061,9.85014852438748,7
4320072,9.763124147652517,11
4320078,9.893157436045414,6
4320084,9.876437907668048,6
4320090,9.87124945936215,6
4320104,9.677822913403665,14
4320118,9.579326215578142,14
4320132,9.71684182587525,14
4320139,9.863881906779339,7
4320146,9.891617268994214,7
4320159,9.72531257555762,13
4320160,10.0,1
4320169,9.801833018671003,9
4320173,9.927881228104468,4
4320181,9.852191715518998,8
4320196,9.656526191431329,15
4320205,9.818049524013626,9
4320209,9.946403396059763,4
4320214,9.92695095188652,5
4320215,9.996458128536153,1
4320217,9.984343730426323,2
4320226,9.80718806450134,9
4320227,10.0,1
4320237,9.783709959435615,10
4320240,9.950222899402847,3
4320251,9.777015629399926,11
4320261,9.781101854850201,10
4320269,9.847961027616035,8
4320278,9.805970906894423,9
4320285,9.882243692982284,7
4320293,9.851589916255907,8
4320301,9.855848235271589,8
4320312,9.772993174499621,11
4320328,9.646366016714168,16
4320339,9.742051791359149,11
4320349,9.790428983975097,10
4320358,9.811975351131933,9
4320375,9.49694898431332,17
4320384,9.815754115152847,9
4320385,10.0,1
4320394,9.827601767884639,9
4320404,9.803617015345496,10
4320405,10.0,1
4320416,9.776505044727205,11
4320426,9.80672684358713,10
4320433,9.87653533778651,7
4320438,9.920224346608334,5
4320443,9.917491790575564,5
4320455,9.7511148195263,12
4320469,9.687701185035245,14
4320470,10.0,1
4320479,9.819615343235236,9
4320485,9.890595292655462,6
4320489,9.93464251639891,4
4320495,9.890134255927494,6
4320509,9.472655918815468,14
4320525,9.629438239802123,16
4320529,9.938377720364308,4
4320534,9.934646214249572,5
4320545,9.761646880839237,11
4320546,10.0,1
4320561,9.655623825572517,15
4320566,9.914858230485418,5
4320579,9.71343664907873,13
4320586,9.881366332982065,7
4320592,9.896243064645171,6
4320593,10.0,1
4320603,9.799290410195372,10
4320613,9.792962516700198,10
4320626,9.705960784329907,13
4320631,9.927762670187676,5
4320642,9.749522173303252,11
4320643,9.996811499992898,1
4320648,9.926427630635734,5
4320652,9.939461059765765,4
4320653,9.996749721361766,1
4320663,9.810700868006874,10
4320669,9.891619215388051,6
4320672,9.96594569501477,3
4320682,9.799444772175601,10
4320688,9.889128097375501,6
4320693,9.921658931754518,5
4320696,9.95058706042082,3
4320699,9.969954662735963,3
4320706,9.856363014328851,7
4320717,9.780940947621778,11
4320728,9.742367181711735,11
4320733,9.920805987339293,5
4320737,9.941901938486748,4
4320747,9.81382027158015,10
4320752,9.929179842443467,5
4320770,9.589107215078705,18
4320785,9.676052267923758,15
4320788,9.952582364166224,3
4320791,9.969699929872991,3
4320797,9.896084255919549,6
4320804,9.865448628990062,7
4320807,9.969430865103643,3
4320815,9.856077661785294,8
4320823,9.868110136602319,8
4320832,9.819019326814152,9
4320837,9.913678354614758,5
4320838,10.0,1
4320849,9.744919847054918,11
4320858,9.811312707819184,9
4320868,9.799078729853523,10
4320877,9.834772913994794,9
4320880,9.952633988734226,3
4320889,9.815061867441237,9
4320897,9.865692596894245,8
4320907,9.807811407154285,10
4320921,9.704076467622867,14
4320933,9.753474860375155,12
4320936,9.964472377051752,3
4320949,9.744311150046094,13
4320958,9.83719246546114,9
4320972,9.698588571918014,14
4320976,9.94133007093961,4
4320977,10.0,1
4320980,9.969012465583825,3
4320992,9.748610043012137,12
4321009,9.606975968814492,17
4321017,9.85781853035521,8
4321021,9.93939869275095,4
4321032,9.763744841235305,11
4321043,9.813690342563737,11
4321052,9.820551362706354,9
4321058,9.904786441783996,6
4321066,9.852870373173852,8
4321075,9.813747548573375,9
4321088,9.724474607611167,13
4321095,9.85204496186166,7
4321102,9.860114008193417,7
4321103,10.0,1
4321108,9.911493449668127,5
4321114,9.894499450995555,6
4321126,9.753253419829624,12
4321129,9.949197668440824,3
4321140,9.796887298045613,11
4321151,9.76616374264049,11
4321164,9.730402512596347,13
4321165,9.992754406049032,1
4321172,9.872177712786781,7
4321176,9.957290042422096,4
4321188,9.768940555265264,12
4321194,9.906706883082752,6
4321204,9.792439123498744,10
4321217,9.710136652222324,13
4321221,9.950863963417566,4
4321226,9.90831420079168,5
4321230,9.937870442953525,4
4321242,9.541698958107402,12
4321251,9.812000140046903,9
4321259,9.844805263399365,8
4321260,10.0,1
4321263,9.954264083185953,3
4321277,9.652517926161378,14
4321285,9.836683598450932,8
4321294,9.824922536574645,9
4321299,9.908728536981899,5
4321318,9.635657541793703,19
4321325,9.869626210312164,7
4321329,9.937001605031886,4
4321340,9.773486054312475,11
4321342,9.970879495610369,2
4321345,9.965450059715666,3
4321349,9.932289671215003,4
4321353,9.929073154563097,4
4321359,9.90929772253642,6
4321364,9.914072269832513,5
4321375,9.776370858642377,11
4321387,9.72786149254684,12
4321401,9.696268774468855,14
4321409,9.865962205248067,8
4321421,9.7654651161593,12
4321433,9.729514553520257,12
4321434,10.0,1
4321444,9.785422109845014,10
4321452,9.845135799834406,8
4321465,9.6942815624894,13
4321469,9.944370562545423,4
4321475,9.898124970286242,6
4321484,9.79915422850814,9
4321488,9.952804615847919,4
4321502,9.70804448597943,14
4321512,9.791379855386312,10
4321533,9.281450482070625,21
4321540,9.860001451240331,7
4321550,9.786816669144711,10
4321557,9.882485702192628,7
4321566,9.81408385375589,9
4321575,9.80909792981381,9
4321582,9.857659801209934,7
4321583,10.0,1
4321589,9.892566547416175,6
4321602,9.70379820931559,13
4321618,9.482232660029966,16
4321622,9.922520721486448,4
4321631,9.835669201538987,9
4321632,10.0,1
4321636,9.936573072569791,4
4321637,10.0,1
4321650,9.74802340850873,13
4321662,9.743720019077516,12
4321670,9.835716610469989,8
4321678,9.838651372520623,8
4321685,9.854184275220623,7
4321704,9.591366524543927,19
4321723,9.0995879426892,19
4321729,9.798018160195726,6
4321733,9.928165697826833,4
4321744,9.770455334845684,11
4321751,9.894341896272019,7
4321763,9.726301351164258,12
4321772,9.830662279491934,9
4321775,9.956100595666381,3
4321776,10.0,1
4321779,9.953871516414452,3
4321786,9.88056057621413,7
4321795,9.79850545014873,9
4321809,9.659474588874849,14
4321814,9.926245069672222,5
4321828,9.691962731278911,14
4321829,9.996217755789823,1
4321838,9.86987704142387,9
4321850,9.733904004162419,12
4321860,9.783965804165367,10
4321871,9.76749500305872,11
4321872,10.0,1
4321880,9.842503479598562,8
4321885,9.90953416790642,5
4321899,9.703546898402323,14
4321900,10.0,1
4321903,9.948749408349034,3
4321910,9.87614668086936,7
4321922,9.760919506669977,12
4321930,9.834884584501735,8
4321935,9.925316471421743,5
4321942,9.869022164006886,7
4321950,9.83355835869951,8
4321957,9.873032704165611,7
4321964,9.881774402496246,7
4321973,9.809948317081615,9
4321979,9.898386702612436,6
4321990,9.756481755193164,11
4322002,9.723337038996368,12
4322014,9.754220363471298,12
4322021,9.853070411186255,7
4322036,9.638010110160819,15
4322041,9.906496695225304,5
4322052,9.791402118016496,11
4322067,9.652052111158435,15
4322070,9.948938826883309,3
4322073,9.954200648998961,3
4322079,9.875589205466376,6
4322092,9.69352339205765,13
4322093,10.0,1
4322096,9.965658501968278,3
4322102,9.887137449028497,6
4322109,9.7723195343705,7
4322119,9.784162418414432,10
4322127,9.83781860408663,8
4322128,9.989753758794528,1
4322133,9.919935224256871,5
4322144,9.770871263638673,11
4322157,9.709419673063302,13
4322168,9.739560602234091,11
4322177,9.823110568089728,9
4322186,9.822603171813812,9
4322191,9.92598466585041,5
4322196,9.91215363928225,5
4322206,9.782084339297997,10
4322365,5.12543336724187,159
4322378,9.702510760765295,13
4322379,10.0,1
4322396,9.638675201235538,17
4322406,9.778606954496276,10
4322423,9.61468593241315,17
4322436,9.720449449810156,13
4322440,9.925424341339108,4
4322447,9.855708751304652,7
4322456,9.87083049480573,9
4322460,9.946264861178237,4
4322463,9.971084397156456,3
4322474,9.817107417119795,11
4322475,9.993557944684069,1
4322488,9.709202754354745,13
4322497,9.82238595737294,9
4322506,9.867787162063562,9
4322523,9.676750449066073,17
4322535,9.717259826144168,12
4322538,9.96325231003891,3
4322541,9.953976711813766,3
4322547,9.904919092963897,6
4322551,9.936539596389828,4
4322556,9.921851635801959,5
4322567,9.759587665255697,11
4322580,9.732981620766905,13
4322595,9.644723640856599,15
4322604,9.800271197647591,9
4322615,9.68891777462821,11
4322620,9.926374082115903,5
4322621,10.0,1
4322633,9.767102522146825,12
4322639,9.905006012988315,6
4322656,9.594220793590624,17
4322664,9.830203009406882,8
4322665,10.0,1
4322666,10.0,1
4322675,9.833745795236961,9
4322681,9.88750386309116,6
4322689,9.860367733676895,8
4322700,9.743650285831862,11
4322703,9.96807199524474,3
4322708,9.918548074364882,5
4322713,9.732086255059617,5
4322725,9.726070237537959,12
4322737,9.763406108250487,12
4322744,9.867514595002612,7
4322751,9.848500727695365,7
4322755,9.943624138572785,4
4322759,9.949100853360303,4
4322762,9.956219678839176,3
4322771,9.82713084904182,9
4322779,9.813185544400607,8
4322782,9.95999303850933,3
4322792,9.812966304478397,10
4322805,9.740996460035252,13
4322806,9.989196776597584,1
4322817,9.74606981236956,11
4322821,9.94339332289021,4
4322827,9.897817494035277,6
4322839,9.735816888412678,12
4322840,10.0,1
4322844,9.92692382447792,4
4322854,9.780163305029085,10
4322865,9.76922437136767,11
4322872,9.88326636897906,7
4322884,9.71641652268249,12
4322897,9.476213981842289,13
4322913,9.640832330812053,16
4322917,9.941711848183916,4
4322924,9.872273103120635,7
4322937,9.683471422568912,13
4322946,9.8193665849207,9
4322950,9.931459765492576,4
4322969,9.261382913881727,19
4322970,10.0,1
4322981,9.538979901724595,11
4322996,9.65661154341163,15
4323009,9.717358551756172,13
4323021,9.751148830523897,12
4323036,9.691242295512751,15
4323037,10.0,1
4323054,9.672170483222715,17
4323064,9.806471225510867,10
4323079,9.65892501793075,15
4323087,9.83574222445845,8
4323100,9.706465510029876,13
4323108,9.847432087707805,8
4323116,9.857967114201548,8
4323120,9.932459340784206,4
4323123,9.952769865598603,3
4323133,9.812880795616108,10
4323143,9.768635364847128,10
4323147,9.943867636308136,4
4323152,9.915446142004571,5
4323155,9.961839650642254,3
4323172,9.65516789921431,17
4323188,9.615210099232105,16
4323192,9.943668232191376,4
4323205,9.725009796474536,13
4323218,9.717674461463057,13
4323227,9.820041220512014,9
4323235,9.869024398741175,8
4323242,9.858136101431489,7
4323247,9.935243277915877,5
4323259,9.754162905390583,12
4323266,9.872205876431378,7
4323279,9.696108682201727,13
4323290,9.776473858638447,11
4323294,9.941646911238777,4
4323310,9.66055422451903,16
4323319,9.850499542309356,9
4323320,10.0,1
4323326,9.898875202222005,6
4323335,9.83248649660816,9
4323346,9.766224908249132,11
4323365,9.537400260263109,19
4323372,9.871116885986195,7
4323382,9.789708890525498,10
4323393,9.75230569800047,11
4323396,9.958480709136545,3
4323425,9.148224078478847,29
4323434,9.793969203189096,9
4323445,9.78610463393714,11
4323451,9.905058741557104,6
4323458,9.861036993734372,7
4323465,9.85711514935925,7
4323469,9.943765722518988,4
4323481,9.725141589332832,12
4323489,9.83244630023734,8
4323493,9.94529825489886,4
4323498,9.918618563635382,5
4323510,9.746665679143275,12
4323530,9.52050480061805,20
4323540,9.776345075453571,10
4323553,9.682377338730937,13
4323563,9.803284437471856,10
4323571,9.852758448609405,8
4323584,9.757164460339226,13
4323590,9.89260120462417,6
4323597,9.862605722239904,7
4323609,9.71604324968473,12
4323622,9.708917196702092,13
4323637,9.657703328678359,15
4323643,9.927592215079388,6
4323644,10.0,1
4323647,9.962758709986584,3
4323652,9.909335952409258,5
4323664,9.722375782105274,12
4323676,9.720724234792561,12
4323689,9.619265134797134,13
4323702,9.710579956796686,13
4323711,9.823264383799627,9
4323716,9.91324947706155,5
4323730,9.687314046154588,14
4323744,9.683529638699365,14
4323754,9.786195644639813,10
4323762,9.83332197998829,8
4323772,9.777335812411048,10
4323776,9.933756130250028,4
4323784,9.85176950222565,8
4323790,9.896731470835595,6
4323806,9.62978835042638,16
4323824,9.362002029725836,18
4323831,9.851686028557154,7
4323832,10.0,1
4323843,9.756901482114484,11
4323850,9.868114914591764,7
4323858,9.839047652703089,8
4323870,8.298920445960006,12
4323884,9.714550454951983,14
4323888,9.945935926278691,4
4323889,10.0,1
4323890,10.0,1
4323900,9.794925792791249,10
4323907,9.866001367219448,7
4323913,9.890809918418455,6
4323920,9.876381902225306,7
4323931,9.772026760659514,11
4323943,9.728088681008954,12
4323948,9.926276348485203,5
4323959,9.745083436362261,11
4323968,9.803134866082345,9
4323976,9.824274667625016,8
4323982,9.903238629278896,6
4323992,9.781624058931387,10
4324002,9.77461198006713,10
4324004,9.981948723048403,2
4324008,9.9355548020988,4
4324022,9.670679416138775,14
4324025,9.963281355552668,3
4324033,9.839592243448607,8
4324041,9.873675950255883,8
4324053,9.76585356153611,12
4324058,9.914042406359508,5
4324068,9.801597961457805,10
4324084,9.63131532712713,16
4324091,9.871768205243196,7
4324105,9.67634141192444,14
4324106,10.0,1
4324112,9.904319824450512,6
4324121,9.851221919693343,9
4324126,9.900318766068487,5
4324138,9.720699265987273,12
4324141,9.959229895148653,3
4324147,9.883681167442969,6
4324157,9.779252145859028,10
4324167,9.803034107245608,10
4324177,9.786242150519337,10
4324178,10.0,1
4324179,10.0,1
4324187,9.830020576869126,8
4324197,9.786694524102872,10
4324198,10.0,1
4324216,9.539427778173785,18
4324218,9.96843299496212,2
4324221,9.957010934321236,3
4324230,9.828492411540564,9
4324239,9.804765815888983,9
4324251,9.728572026233504,12
4324260,9.827610607261848,9
4324269,9.802072491245971,9
4324282,9.729378116210723,13
4324294,9.645516300680573,12
4324301,9.867166297354865,7
4324308,9.87562404888008,7
4324317,9.79084438214065,9
4324325,9.871943620464391,8
4324330,9.9113790145685,5
4324338,9.854283117373786,8
4324346,9.842442013255054,8
4324357,9.772966244929632,11
4324367,9.765744276962698,10
4324374,9.871213818023936,7
4324380,9.906157823402186,6
4324389,9.799700915595905,9
4324391,9.975535310201105,2
4324399,9.838093951332125,8
4324407,9.836405188961411,8
4324413,9.90116489103751,6
4324424,9.752871061893492,11
4324432,9.859501836098325,8
4324436,9.731119609779178,4
4324439,9.849154871091425,3
4324448,9.843950958971973,9
4324459,9.77529737236455,11
4324470,9.752350042535635,11
4324477,9.840539106553745,7
4324490,9.708711894173577,13
4324501,9.78717837560463,11
4324509,9.826584280249499,8
4324510,10.0,1
4324519,9.812828848798576,9
4324530,9.773012222841517,11
4324534,9.940695363740465,4
4324535,10.0,1
4324540,9.914771256613538,5
4324553,9.72695861687139,13
4324566,9.749393148827917,13
4324569,9.966247954916458,3
4324583,9.660405193404808,14
4324601,9.588341406657339,18
4324610,9.808873194795922,9
4324619,9.812789223373862,9
4324638,9.559947437763546,19
4324649,9.74121731199206,11
4324660,9.79291438403432,11
4324675,9.678869967239095,15
4324682,9.86400417334328,7
4324688,9.873293290742177,6
4324689,10.0,1
4324693,9.932877826737379,4
4324702,9.800083423778753,9
4324709,9.88575870019418,7
4324721,9.73138278610831,12
4324724,9.957590601071843,3
4324730,9.895548907500343,6
4324735,9.917674652846168,5
4324736,10.0,1
4324744,9.846552667148114,8
4324755,9.778503094868547,11
4324768,9.721819384673763,13
4324779,9.774623421418559,11
4324782,9.954897310595392,3
4324787,9.910084007121469,5
4324796,9.806766904838495,9
4324804,9.864082571547728,8
4324812,9.83178981054771,8
4324831,9.556531926569722,19
4324847,9.674336089979109,16
4324849,9.983163907277957,2
4324850,10.0,1
4324861,9.75352311164772,11
4324872,9.746032942895601,11
4324886,9.695617992025394,14
4324889,9.94670783167224,3
4324892,9.951573361519396,3
4324903,9.782113531991671,11
4324910,9.570024336212056,7
4324926,9.174227573881739,16
4324927,10.0,1
4324931,9.928254064280317,4
4324940,9.824428353480927,9
4324941,10.0,1
4324952,9.763077549302086,11
4324970,9.570755492915092,18
4324974,9.928656392433464,4
4324979,9.901504520745464,5
4324983,9.933785648411105,4
4324996,9.737290051504287,13
4325003,9.872763126080336,7
4325006,9.959401579292573,3
4325019,9.71755602227637,13
4325021,9.984551092985908,2
4325030,9.799321642172181,9
4325042,9.769284266096053,12
4325055,9.508529031018725,13
4325056,10.0,1
4325057,10.0,1
4325063,9.883254419108704,6
4325073,9.79454047919847,10
4325082,9.825302464334388,9
4325086,9.943266100411932,4
4325089,9.960741385820592,3
4325090,10.0,1
4325103,9.710550035086422,13
4325113,9.803060959295417,10
4325126,9.691762338935968,13
4325135,9.821608514318553,9
4325136,10.0,1
4325145,9.813088739050702,9
4325154,9.828652799331243,9
4325159,9.925561769988294,5
4325162,9.95028769991833,3
4325163,9.996719217815452,1
4325169,9.90616933506196,6
4325174,9.909929360922101,5
4325180,9.90049374268449,6
4325185,9.927230602403492,5
4325192,9.884474215790176,7
4325196,9.94611748271503,4
4325207,9.772533131561799,11
4325215,9.84905771753267,8
4325226,9.800840941085909,11
4325228,9.970691572681787,2
4325234,9.889070428544354,6
4325247,9.708149476093187,13
4325258,9.751771370138462,11
4325270,9.744140726684169,12
4325271,10.0,1
4325284,9.70917883923851,13
4325296,9.764587517977477,12
4325305,9.839936811760088,9
4325309,9.83322088532187,4
4325322,9.723069822463135,13
4325325,9.966718641652482,3
4325331,9.879618089796217,6
4325339,9.84410461318569,8
4325345,9.90250301378241,6
4325351,9.90899550575171,6
4325356,9.908068420513409,5
4325366,9.773155760710512,10
4325378,9.745589854706608,12
4325386,9.836483518465641,8
4325390,9.92343395035158,4
4325407,9.613322856570612,17
4325419,9.745477761632099,12
4325421,9.97325738104676,2
4325428,9.767262856762017,7
4325441,9.402354551964567,13
4325463,9.546009832104149,22
4325467,9.95129451493952,4
4325481,9.674054858210145,14
4325981,-15.801615854713113,500
4325995,9.744643981749556,14
4326006,9.752875695713824,11
4326018,9.697039989530902,12
4326024,9.906796255919149,6
4326033,9.80172741994147,9
4326043,9.788880465181142,10
4326057,9.689626821636082,14
4326067,9.801146902235066,10
4326068,9.99670765207053,1
4326076,9.739055360286763,8
4326089,9.712447630065038,13
4326094,9.914867130034743,5
4326095,9.988232267244586,1
4326100,9.926914130131564,5
4326114,9.670790778334291,14
4326115,10.0,1
4326122,9.861962708904613,7
4326133,9.760736590250662,11
4326143,9.820493551465697,10
4326148,9.90706955561035,5
4326160,9.735395182410437,12
4326174,9.667410856180085,14
4326181,9.859223786997935,7
4326191,9.79209943151454,10
4326192,10.0,1
4326201,9.830374831021212,9
4326211,9.803476211458898,10
4326221,9.796695106956147,10
4326225,9.937411489201615,4
4326237,9.737271667747425,12
4326244,9.863446334441276,7
4326249,9.926602709211117,5
4326258,9.832475991468783,9
4326264,9.8940801630879,6
4326269,9.926146373845137,5
4326271,9.974212224699274,2
4326280,9.822275954951293,9
4326296,9.53728516643341,16
4326307,9.764216595015768,11
4326312,9.899535922390637,5
4326313,9.992377911408637,1
4326317,9.928472319016928,4
4326335,9.59446566862289,18
4326339,9.93901437146736,4
4326354,9.654769981824435,15
4326362,9.846255169777054,8
4326366,9.944083376457534,4
4326370,9.949128027756162,4
4326381,9.762573161724951,11
4326397,9.70312518379083,16
4326408,9.768526960053801,11
4326414,9.911188501942734,6
4326426,9.718431632060508,12
4326435,9.809007442622578,9
4326443,9.877760608510075,8
4326449,9.882221053998412,6
4326464,9.665654450935497,15
4326477,9.690206103235013,13
4326486,9.802200804754195,9
4326496,9.789663159374633,10
4326501,9.909484055768404,5
4326510,9.831134046219718,9
4326516,9.887854469151717,6
4326529,9.745774424589355,13
4326539,9.810412167931517,10
4326547,9.859207720053872,8
4326560,9.71474883130129,13
4326572,9.73853266337767,12
4326588,9.650102433962132,16
4326597,9.81708760315253,9
4326603,9.908464787910972,6
4326612,9.846936313042676,9
4326618,9.895546325607636,6
4326624,9.909939634724477,6
4326628,9.933809111208584,4
4326637,9.794845622125795,9
4326647,9.814391558122374,10
4326650,9.946356806303967,3
4326660,9.807236449243039,10
4326679,9.580677262587637,19
4326687,9.851636810902248,8
4326700,9.738055728640195,13
4326704,9.952515711578183,4
4326710,9.876910227506457,6
4326716,9.91175233722471,6
4326722,9.890641660993369,6
4326731,9.80952949662322,9
4326736,9.917194334072661,5
4326747,9.761157583354162,11
4326753,9.874064795056679,6
4326761,9.846619468187132,8
4326769,9.860063887869233,8
4326770,10.0,1
4326777,9.86242914478488,7
4326786,9.823432862525749,9
4326795,9.82330892988262,9
4326809,9.712257135487834,14
4326813,9.732535518487266,4
4326817,9.931651717842755,4
4326824,9.86451212290641,7
4326832,9.84524543369925,8
4326837,9.919250693314277,5
4326845,9.850646445767385,8
4326849,9.938364017956363,4
4326854,9.932367501800979,5
4326855,10.0,1
4326858,9.955017617596996,3
4326869,9.763762376811117,11
4326881,9.717922099633787,12
4326882,10.0,1
4326888,9.901445032366354,6
4326895,9.878358705843134,7
4326903,9.837905545078483,8
4326907,9.93284164029314,4
4326920,9.743200732614303,13
4326924,9.932770384944282,4
4326932,9.85181525806469,8
4326944,9.760148596012687,12
4326948,9.948085259566676,4
4326954,9.921204729159669,6
4326955,10.0,1
4326961,9.908473356736094,6
4326962,10.0,1
4326969,9.85421948469994,7
4326979,9.77154555669923,10
4326980,9.988531247098065,1
4326981,10.0,1
4326999,9.5628745313816,18
4327003,9.944069038260983,4
4327015,9.722159600767059,12
4327022,9.87700533495579,7
4327031,9.828065900195003,9
4327039,9.83111792151571,8
4327050,9.796489795706421,11
4327063,9.686983995894622,13
4327072,9.839033497408499,9
4327080,9.84054412231411,8
4327087,9.875943138031458,7
4327089,9.975531643343448,2
4327090,9.989577268588905,1
4327098,9.880321343397279,8
4327109,9.679448074816772,11
4327120,9.764006225480356,11
4327123,9.959572558350844,3
4327128,9.918651026462367,5
4327132,9.931832695415892,4
4327135,9.963006868881163,3
4327149,9.66815314290584,14
4327160,9.756587625828898,11
4327163,9.965998915738654,3
4327168,9.906356808051981,5
4327179,9.815087251307558,11
4327182,9.965815772096894,3
4327193,9.75631892347881,11
4327207,9.651314936462569,14
4327211,9.934456775741085,4
4327222,9.007158173394899,11
4327227,9.903979485525888,5
4327230,9.958269177319092,3
4327239,9.806239315554913,9
4327255,9.656088532293317,16
4327261,9.882865093848482,6
4327269,9.836018764369868,8
4327279,9.82897939031069,10
4327291,9.704729264212752,12
4327304,9.716655908862888,13
4327309,9.922121683498492,5
4327318,9.792567223127204,9
4327328,9.808432837036857,10
4327340,9.736094378715539,12
4327347,9.869288534009279,7
4327359,9.740102292809036,12
4327370,9.740283033651021,11
4327372,9.970759371679351,2
4327381,9.80591255032513,9
4327391,9.780793696549905,10
4327403,9.722988481455184,12
4327412,9.812835254943638,9
4327419,9.867613736073096,7
4327425,9.876129743135902,6
4327442,9.601816008927713,17
4327451,9.824335408115457,9
4327452,10.0,1
4327464,9.760618169905111,12
4327467,9.95329491455816,3
4327473,9.909578750066219,6
4327477,9.72717246273245,4
4327485,9.833764861326252,8
4327494,9.799671234395861,9
4327506,9.711398914783276,12
4327515,9.796662942259825,9
4327527,9.73783050072925,12
4327539,9.748460178569726,12
4327542,9.96582574242832,3
4327543,10.0,1
4327544,10.0,1
4327553,9.829391813465167,9
4327554,10.0,1
4327561,9.859318394690623,7
4327565,9.933768724714643,4
4327578,9.705714158050467,13
4327588,9.777597218330534,10
4327600,9.742814834772158,12
4327616,9.593122826113056,16
4327620,9.945968564485696,4
4327621,10.0,1
4327631,9.79041850130202,10
4327637,9.90001408089227,6
4327645,9.875767474766148,8
4327652,9.872013365264786,7
4327655,9.967028415643066,3
4327662,9.881519704686056,7
4327670,9.829777441665788,8
4327681,9.784004882965398,11
4327692,9.758708207155221,11
4327698,9.881013598681813,6
4327707,9.819468157006,9
4327716,9.810790681736515,9
4327727,9.7721815083821,11
4327739,9.752862337950434,12
4327746,9.883010004792416,7
4327753,9.863298182303007,7
4327760,9.860381506978083,7
4327766,9.886639802449462,6
4327767,10.0,1
4327779,9.779317895371284,12
4327783,9.941861002176518,4
4327795,9.748741110104785,12
4327806,9.750633501461186,11
4327823,9.608535882830786,17
4327830,9.880946979083294,7
4327834,9.931460058111044,4
4327838,9.940882970034956,4
4327849,9.752226535151747,11
4327858,9.847571396195995,9
4327868,9.782118186056314,10
4327876,9.841818410202892,8
4327886,9.768330920551819,10
4327893,9.884570887085196,7
4327904,9.758835791186408,11
4327916,9.72799105627154,12
4327923,9.858695925237978,7
4327934,9.773479264858452,11
4327935,10.0,1
4327959,9.227970499980163,24
4327969,9.822996492235493,10
4327980,9.773754576255115,11
4327991,9.758752557877042,11
4328009,9.34586218271643,18
4328023,9.670945983302165,14
4328035,9.665222703299872,12
4328044,9.857965966012566,9
4328048,9.943582094163677,4
4328049,9.992377481296213,1
4328054,9.913874993375817,5
4328063,9.824655578696852,9
4328075,9.732047475652069,12
4328078,9.97016806364093,3
4328089,9.77242062515242,11
4328092,9.95525509934346,3
4328097,9.923423962161301,5
4328106,9.80339480618586,9
4328114,9.553078608175685,8
4328122,9.847359710840905,8
4328123,10.0,1
4328131,9.86662752224967,8
4328139,9.839492821702063,8
4328152,9.706091307677116,13
4328153,10.0,1
4328164,9.760599880242122,11
4328172,9.87759951771927,8
4328186,9.735050435536529,14
4328190,9.937705062039448,4
4328191,10.0,1
4328194,9.95933908789548,3
4328203,9.823298817686252,9
4328212,9.81768104400392,9
4328217,9.909093036350667,5
4328218,10.0,1
4328222,9.933079786812796,4
4328234,9.7810088591515,12
4328236,9.97857917457628,2
4328243,9.88273771457424,7
4328255,9.730012632230775,12
4328256,10.0,1
4328266,9.828699684666537,10
4328276,9.80603554219713,10
4328282,9.903562061294929,6
4328294,9.744356254994324,12
4328298,9.94815539670446,4
4328299,9.996388093055184,1
4328308,9.831401608356334,9
4328316,9.849826767703698,8
4328325,9.848600123521269,9
4328338,9.707215468951619,13
4328347,9.842121712072668,9
4328353,9.901250999170532,6
4328355,9.972263457698546,2
4328361,9.913186397661173,6
4328367,9.884315485971236,6
4328373,9.892019369869843,6
4328385,9.74206501903241,12
4328393,9.865836398136752,8
4328404,9.773135981748322,11
4328411,9.881640421216085,7
4328421,9.765331839727699,10
4328429,9.84407430105639,8
4328443,9.672209643564464,14
4328444,10.0,1
4328456,9.763896804546423,12
4328466,9.799939621755055,10
4328473,9.868586522392924,7
4328490,9.566439675906064,17
4328498,9.820850318612065,8
4328502,9.926994111452553,4
4328507,9.918648388139509,5
4328508,9.98869334366076,1
4328511,9.94332713603486,3
4328517,9.897725043992587,6
4328520,9.955014739099282,3
4328523,9.861659931212479,3
4328532,9.83387140208864,9
4328538,9.899078835133336,6
4328547,9.783153522326954,9
4328558,9.7480102992395,11
4328561,9.947459930798518,3
4328566,9.905806768685018,5
4328568,9.97504028106347,2
4328573,9.89580501555509,5
4328579,9.911845556797884,6
4328591,9.74971384358153,12
4328607,9.620799829457148,16
4328623,9.622642344751593,16
4328629,9.904407795570814,6
4328635,9.877874936477527,6
4328645,9.784662649939342,10
4328655,9.833490062593258,10
4328666,9.78071824793541,11
4328667,10.0,1
4328673,9.897159933596832,6
4328680,9.881937663280524,7
4328683,9.963611684967717,3
4328687,9.952757349166111,4
4328694,9.866955964309932,7
4328700,9.902733498467304,6
4328712,9.725024142322344,12
4328722,9.79684169371027,10
4328732,9.81892427370733,10
4328736,9.937634018076382,4
4328740,9.95599978635272,4
4328741,9.996476322038918,1
4328743,9.973927549529284,2
4328744,10.0,1
4328751,9.89150736452396,7
4328760,9.805105335679313,9
4328773,9.738529561294156,13
4328781,9.825801314267943,8
4328789,9.835032032496642,8
4328791,9.974804242054855,2
4328794,9.951202508436852,3
4328802,9.836589943812115,8
4328814,9.742939932425307,12
4328815,10.0,1
4328820,9.91854189962457,5
4328824,9.935374307616465,4
4328829,9.910488940169705,5
4328835,9.882376943350648,6
4328838,9.957643087832782,3
4328839,10.0,1
4328840,10.0,1
4328847,9.891205328280076,7
4328851,9.931216823834195,4
4328863,9.616510751368361,12
4328876,9.704189494583265,13
4328886,9.789833696827092,10
4328904,9.562128499643899,18
4328915,9.75486237960806,11
4328926,9.76587687092763,11
4328927,10.0,1
4328939,9.721185333648295,12
4328954,9.650084706434225,15
4328966,9.727865375978606,12
4328971,9.912366065264651,5
4328986,9.670679370252024,15
4328992,9.897869532820737,6
4329002,9.79327855174051,10
4329021,9.592674695158362,19
4329023,9.965925878832767,2
4329032,9.83730066067321,9
4329042,9.824227111772972,10
4329045,9.964565871496735,3
4329053,9.751486571040758,8
4329056,9.956560279934227,3
4329071,9.627184739894114,15
4329081,9.785829659716372,10
4329093,9.706047040555314,12
4329107,9.695946139377266,14
4329118,9.772596428132841,11
4329133,9.685227232509595,15
4329134,9.996513699032654,1
4329145,9.78627135819781,11
4329158,9.739985050770837,13
4329182,9.515913585416161,24
4329190,9.859860777200876,8
4329194,9.921140338657203,4
4329206,9.732913587494947,12
4329212,9.887756018354079,6
4329213,9.992347965136275,1
4329224,9.7392278688034,11
4329236,9.782667335040099,12
4329248,9.721654202088398,12
4329256,9.847515492878564,8
4329257,10.0,1
4329268,9.78350219251976,11
4329283,9.5353961847524,15
4329292,9.847617495572342,9
4329309,9.60696395536042,17
4329321,9.72129710869674,12
4329322,10.0,1
4329330,9.84297395493357,8
4329331,10.0,1
4329342,9.780700966657815,11
4329346,9.940394797156154,4
4329347,10.0,1
4329368,9.618811262005288,21
4329375,9.872052690575357,7
4329377,9.970887705127053,2
4329384,9.868369320045137,7
4329389,9.908130837722519,5
4329397,9.863162984690797,8
4329404,9.875228228983502,7
4329405,10.0,1
4329415,9.788890162369855,10
4329424,9.806622335010502,9
4329430,9.895778492027912,6
4329441,9.73471212067781,11
4329450,9.789115703527216,9
4329466,9.661957194792482,16
4329471,9.919917167782026,5
4329484,9.714238805499432,13
4329492,9.855683729239203,8
4329496,9.942175725144752,4
4329503,9.874267212999678,7
4329504,10.0,1
4329513,9.794815368544858,9
4329530,9.607303594756193,17
4329537,9.773873979788814,7
4329546,9.829942645195757,9
4329557,9.773356257456498,11
4329561,9.94515701132857,4
4329567,9.891578097290436,6
4329579,9.728178505559606,12
4329587,9.867162844625208,8
4329588,10.0,1
4329593,9.919015194338487,5
4329594,9.996722126988846,1
4329599,9.894793434412392,5
4329607,9.852605242548059,8
4329615,9.826141175708681,8
4329619,9.94279840946264,4
4329627,9.880466415648618,8
4329639,9.729762363279075,12
4329650,9.784850642324013,11
4329655,9.913078023056718,5
4329664,9.800850710880225,9
4329672,9.853581808342973,8
4329677,9.920831436820317,5
4329687,9.788172981785667,10
4329696,9.82099704777605,9
4329697,10.0,1
4329698,10.0,1
4329705,9.861374166579582,7
4329716,9.776057696012703,11
4329722,9.881931641303357,6
4329731,9.203346248528002,9
4329732,10.0,1
4329740,9.858190928982161,8
4329745,9.907604667849304,5
4329759,9.705823956212722,14
4329770,9.759442682142794,11
4329784,9.672902854841729,14
4329787,9.961023808945487,3
4329788,10.0,1
4329799,9.759100216738917,11
4329812,9.723095869855259,13
4329816,9.955569914914616,4
4329829,9.746133323171696,13
4329833,9.744593624989594,4
4329843,9.810995582330415,10
4329849,9.893680374415665,6
4329857,9.866244109413197,8
4329868,9.76275969845297,11
4329880,9.77892314942985,12
4329891,9.778963814637436,11
4329898,9.867989965011667,7
4329907,9.827139508183325,9
4329919,9.776812854775008,12
4329927,9.863907379302299,8
4329936,9.81140351793722,9
4329945,9.811029011586184,9
4329958,9.706095781610681,13
4329965,9.87784633004704,7
4329976,9.750900568724955,11
4329991,9.29545595377307,15
4330004,9.7191425759168,13
4330014,9.80857095123948,10
4330021,9.855579854894213,7
4330035,9.682901287931262,14
4330037,9.977673634723935,2
4330040,9.960723575359324,3
4330049,9.819851365422823,9
4330063,9.68018587610911,14
4330069,9.883667753458523,6
4330079,9.772583874539967,10
4330092,9.731620874714313,13
4330105,9.607873799685514,13
4330115,9.785859582929453,10
4330123,9.85160043786656,8
4330124,10.0,1
4330136,9.758018240291461,12
4330142,9.912298543221368,6
4330150,9.83526682556061,8
4330160,9.825961675770586,10
4330179,9.552108951846257,19
4330186,9.869023351930238,7
4330190,9.931531053882729,4
4330196,9.898285770243655,6
4330202,9.888997879762925,6
4330215,9.741568633104727,13
4330219,9.931929852798978,4
4330226,9.877679744764837,7
4330232,9.898231285288643,6
4330246,9.688622816357352,14
4330256,9.791014463659286,10
4330263,9.86743745296642,7
4330267,9.947812507271564,4
4330279,9.733920700753197,12
4330302,9.506084750914875,23
4330316,9.666875231580155,14
4330329,9.728538897160686,13
4330330,9.99015084705943,1
4330346,9.625621861876837,16
4330355,9.797046715706976,9
4330362,9.870206560850336,7
4330371,9.810023014493023,9
4330382,9.801703996167904,11
4330393,9.754834302440127,11
4330403,9.797445590693176,10
4330405,9.970251126210087,2
4330412,9.864597560841219,7
4330418,9.890162590638646,6
4330427,9.811146794497034,9
4330438,9.76007126559699,11
4330454,9.645384950307475,16
4330462,9.852111461826581,8
4330471,9.812144528541905,9
4330484,9.720186901595689,13
4330492,9.855794636615691,8
4330502,9.787632472499855,10
4330504,9.976277829544115,2
4330518,9.654354327692015,14
4330525,9.874322127559436,7
4330536,9.781766304676228,11
4330547,9.763074698603742,11
4330548,10.0,1
4330554,9.902111992798973,6
4330574,9.282965461609622,20
4330582,9.859839008316719,8
4330591,9.807206740054683,9
4330607,9.62331874827503,16
4330613,9.898781945884219,6
4330621,9.851901626986512,8
4330629,9.85077443691927,8
4330634,9.920150623165563,5
4330643,9.830431603314832,9
4330652,9.789782151927243,9
4330663,9.75414908320292,11
4330668,9.9227313763913,5
4330672,9.933378581313328,4
4330684,9.765356146488985,12
4330688,9.94335727328869,4
4330695,9.869382915904875,7
4330697,9.976996651673119,2
4330705,9.830462431251918,8
4330710,9.918387916467593,5
4330716,9.890008217804597,6
4330729,9.705644532066726,13
4330744,9.682770000577044,15
4330758,9.6858432063916,14
4330759,10.0,1
4330772,9.70833540779887,13
4330780,9.829793147667193,8
4330795,9.688795808873357,15
4330801,9.888898300512892,6
4330810,9.851347414680296,9
4330817,9.883371684646276,7
4330831,9.683998849639133,14
4330832,10.0,1
4330843,9.779904406451594,11
4330849,9.904065735700206,6
4330853,9.950455017957061,4
4330864,9.770287593242955,11
4330873,9.801479965450032,9
4330881,9.85037175141536,8
4330892,9.801186196727507,11
4330893,10.0,1
4330896,9.964639821322711,3
4330905,9.809456586639069,9
4330917,9.72956541458868,12
4330929,9.730292004772572,12
4330940,9.764687868374626,11
4330956,9.609624268704069,16
4330957,10.0,1
4330971,9.684551795411723,14
4330981,9.7727996092459,10
4330987,9.893891383111598,6
4330988,10.0,1
4330993,9.90566458652638,5
4331006,9.727641161533153,13
4331007,10.0,1
4331023,9.641874595824003,16
4331031,9.861258262169105,8
4331032,10.0,1
4331038,9.895441503964882,6
4331061,9.44778701901197,23
4331074,9.68945905383867,13
4331084,9.803564194514719,10
4331085,10.0,1
4331086,10.0,1
4331095,9.81583637004572,9
4331112,9.617673503581756,17
4331120,9.840428605567158,8
4331123,9.957692404653441,3
4331130,9.888974379732977,7
4331131,10.0,1
4331146,9.661107987915388,15
4331147,10.0,1
4331152,9.916903055398876,5
4331155,9.951427515337665,3
4331156,9.996360524853834,1
4331166,9.792450782906542,10
4331167,10.0,1
4331179,9.748855743525054,12
4331187,9.842876394487337,8
4331189,9.97502436893043,2
4331192,9.963260425142497,3
4331204,9.728972470464987,12
4331211,9.878531181808304,7
4331219,9.861053610920829,8
4331230,9.751559811510845,11
4331242,9.738190768158255,12
4331254,9.72012618664372,12
4331268,9.70619632235631,14
4331278,9.840929007386872,10
4331283,9.828820726026898,5
4331292,9.82588872124048,9
4331301,9.795856051271743,9
4331302,10.0,1
4331313,9.824640584633064,11
4331319,9.885582984236667,6
4331326,9.871233253937634,7
4331339,9.71739763206811,13
4331340,10.0,1
4331341,10.0,1
4331352,9.560814188188305,11
4331366,9.692461747644906,14
4331374,9.833195213983116,8
4331379,9.917975962812903,5
4331384,9.930157334341214,5
4331387,9.950542478966616,3
4331401,9.702385157614165,14
4331406,9.920579289615203,5
4331414,9.825916114685631,8
4331418,9.944695083949513,4
4331422,9.920043555789643,4
4331431,9.808778902767466,9
4331433,9.971199854292152,2
4331434,9.99644773791974,1
4331440,9.895292064769215,6
4331449,9.805682903425557,9
4331458,9.80192715510929,9
4331459,10.0,1
4331460,10.0,1
4331479,9.617475069988524,19
4331486,9.881118372578648,7
4331496,9.799486136157258,10
4331512,9.61366567080874,16
4331517,9.916550348832542,5
4331527,9.686500164507098,10
4331541,9.699812137781564,14
4331554,9.728094068247005,13
4331565,9.765350296387279,11
4331575,9.806293812352372,10
4331582,9.883792059528258,7
4331583,10.0,1
4331595,9.753074059131361,12
4331612,9.589758750914665,17
4331627,9.710708607952862,15
4331636,9.8504497860639,9
4331647,9.777910480656821,11
4331658,9.749896708660385,11
4331667,9.813667802489917,9
4331675,9.834439627238826,8
4331681,9.895662453266178,6
4331686,9.911639622100605,5
4331690,9.92818822237621,4
4331702,9.72064285126595,12
4331713,9.7964658596287,11
4331721,9.849976833578069,8
4331729,9.857099059099454,8
4331731,9.971388289175067,2
4331737,9.904804617150768,6
4331747,9.793600478461165,10
4331757,9.810104213677578,10
4331763,9.889014002841432,6
4331775,9.760656659028216,12
4331786,9.774253447461152,11
4331792,9.888454926673178,6
4331806,9.593345630343231,14
4331822,9.624793182366629,16
4331828,9.896874662008377,6
4331834,9.876953782916562,6
4331835,10.0,1
4331845,9.795303141477659,10
4331846,9.992461865845069,1
4331853,9.871919896615797,7
4331861,9.845365784583347,8
4331864,9.960934970422372,3
4331872,9.826645304075363,8
4331882,9.76563681723451,10
4331891,9.796646686656967,9
4331903,9.73846156069057,12
4331904,10.0,1
4331909,9.637262192565505,5
4331915,9.88427468147955,6
4331919,9.934765339325773,4
4331926,9.871114606711693,7
4331939,9.741377824913865,13
4331950,9.785018015232552,11
4331957,9.89492351464827,7
4331964,9.888338578808103,7
4331970,9.889897756802435,6
4331971,10.0,1
4331979,9.84225707073015,8
4331984,9.915058131451582,5
4331992,9.838146088946413,8
4331997,9.914878854206343,5
4332011,9.698703559364693,14
4332022,9.765650613096373,11
4332035,9.675087886818105,13
4332045,9.807233017663869,10
4332049,9.936064322262402,4
4332051,9.97299430430261,2
4332054,9.965768219251636,3
4332063,9.80409796155574,9
4332069,9.90054466979011,6
4332076,9.873117772389486,7
4332083,9.856293190824255,7
4332097,9.700200129790948,14
4332102,9.9197828947316,5
4332103,10.0,1
4332112,9.821015707368081,9
4332116,9.942631695260046,4
4332124,9.8523965603718,8
4332132,9.81304858885062,8
4332145,9.62710941071833,13
4332155,9.790012863508913,10
4332161,9.903412785791224,6
4332166,9.925197093232603,5
4332178,9.73626151205857,12
4332192,9.702955883161701,14
4332197,9.914678326689979,5
4332204,9.894458037745435,7
4332206,9.971675525664606,2
4332208,9.97001726509139,2
4332216,9.850852629306967,8
4332226,9.803209257094956,10
4332236,9.798049986172213,10
4332254,9.66105658750606,18
4332259,9.81397404156146,5
4332273,9.687531958699635,14
4332288,9.65158594621831,15
4332299,9.758327526817492,11
4332306,9.86684460027339,7
4332318,9.736726819288206,12
4332319,10.0,1
4332320,9.996564080777597,1
4332321,10.0,1
4332328,9.88336322080382,7
4332335,9.876998007958102,7
4332336,10.0,1
4332337,10.0,1
4332347,9.784945309191839,10
4332352,9.927874664054263,5
4332361,9.841537262340008,9
4332367,9.904774722031688,6
4332375,9.837528861804229,8
4332383,9.820876971442654,8
4332390,9.87391866515345,7
4332397,9.866484085449509,7
4332401,9.936961831164199,4
4332412,9.7526925293138,11
4332434,9.474496271766407,22
4332435,9.993062972903317,1
4332446,9.807002375526654,11
4332451,9.909838895867543,5
4332459,9.844367823867426,8
4332460,10.0,1
4332472,9.72856081677014,12
4332480,9.84710455475169,8
4332491,9.742980020973443,11
4332503,9.758082987654399,12
4332506,9.95999008831508,3
4332513,9.884738670598948,7
4332522,9.79688314336887,9
4332529,9.871227362393777,7
4332539,9.799943242569514,10
4332549,9.788358093635315,10
4332556,9.877535468654159,7
4332557,10.0,1
4332567,9.812940464660274,10
4332570,9.949828138093272,3
4332579,9.81641533357834,9
4332590,9.758464732535325,11
4332604,9.72893620396429,14
4332608,9.939756648885222,4
4332622,9.663299675869164,14
4332630,9.83298432012913,8
4332639,9.826038282080589,9
4332650,9.777713423957255,11
4332654,9.954185918684493,4
4332666,9.727913364646838,12
4332675,9.819345791104876,9
4332682,9.879826955517693,7
4332692,9.806419767766968,10
4332702,9.75986675395955,10
4332707,9.921875064555612,5
4332714,9.88819116289133,7
4332721,9.877466589052382,7
4332726,9.926342933304538,5
4332738,9.718331691537657,12
4332747,9.824708711719904,9
4332751,9.927662700334457,4
4332760,9.814726080666267,9
4332770,9.76749630013075,10
4332780,9.795515909373478,10
4332791,9.752015878768974,11
4332799,9.854896844669968,8
4332809,9.798408333572727,10
4332816,9.863400078099879,7
4332819,9.957224328543703,3
4332823,9.946150597585245,4
4332829,9.893622397227144,6
4332832,9.962968416280281,3
4332833,10.0,1
4332848,9.70578578006984,15
4332859,9.811875285933226,11
4332870,9.750521086135958,11
4332871,10.0,1
4332875,9.952684924452779,4
4332884,9.821645041091482,9
4332892,9.833543345072446,8
4332895,9.96988442449365,3
4332906,9.752610606989752,11
4332911,9.917436287874729,5
4332914,9.949986828370276,3
4332927,9.71305345177809,13
4332934,9.850813541442092,7
4332949,9.713333602720223,15
4332957,9.849144480332571,8
4332974,9.59019085612923,17
4332986,9.734761431547565,12
4332995,9.801364268892716,9
4333004,9.840348379445706,9
4333005,10.0,1
4333017,9.72163867583433,12
4333025,9.824526770683148,8
4333046,9.552371918545612,21
4333060,9.583306311692814,14
4333072,9.732162192350453,12
4333079,9.9014311115816,7
4333087,9.833205414624167,8
4333088,10.0,1
4333098,9.795967732022214,10
4333112,9.726550052843335,14
4333123,9.784346943617573,11
4333124,10.0,1
4333133,9.81916088361587,9
4333144,9.744636457104122,11
4333154,9.77391569145915,10
4333161,9.851926451029577,7
4333176,9.658515303647382,15
4333182,9.894809818215798,6
4333188,9.87664802978158,6
4333199,9.737719350224834,11
4333200,10.0,1
4333201,10.0,1
4333213,9.762666138544237,12
4333217,9.93790321497841,4
4333225,9.851575504243927,8
4333230,9.916995204810851,5
4333235,9.9159366397749,5
4333246,9.55952640044163,11
4333252,9.908020918938208,6
4333257,9.920828036640037,5
4333265,9.852010355273391,8
4333278,9.730856734825045,13
4333291,9.709481160409172,13
4333301,9.783703234189485,10
4333304,9.964138682499973,3
4333305,10.0,1
4333319,9.686519385255808,14
4333333,9.691593090848139,14
4333340,9.870602142269634,7
4333350,9.692869375676146,10
4333363,9.516829352396016,13
4333372,9.801433328213136,9
4333379,9.859530973197748,7
4333387,9.840600626826436,8
4333396,9.842032272771664,9
4333404,9.850332935686271,8
4333406,9.98141611540479,2
4333417,9.771091622889207,11
4333426,9.7989727546115,9
4333429,9.9662004438153,3
4333441,9.747400934229601,12
4333446,9.91417561389984,5
4333454,9.855334746941558,8
4333468,9.715763694535974,14
4333474,9.797596065947488,6
4333477,9.959009888808586,3
4333483,9.892835519730536,6
4333484,9.987133119625936,1
4333497,9.534815345685104,13
4333502,9.911589911002157,5
4333519,9.632328836094914,17
4333532,9.618037734949143,13
4333538,9.880750546876103,6
4333539,9.987397840590656,1
4333547,9.830780388620212,8
4333556,9.820072479810333,9
4333557,9.996197680445635,1
4333565,9.82761693916283,8
4333567,9.970273175911212,2
4333570,9.95962442965685,3
4333580,9.793244567596943,10
4333583,9.972064026136366,3
4333591,9.843783132330303,8
4333595,9.842303321669174,4
4333604,9.825540405058556,9
4333613,9.836610967328765,9
4333614,9.992191006786278,1
4333625,9.760282607945559,11
4333633,9.82968281532378,8
4333642,9.802244799055664,9
4333654,9.751774732413217,12
4333665,9.79325415834145,11
4333678,9.706478526328915,13
4333693,9.650025502867393,15
4333702,9.802514418320742,9
4333712,9.787345402647981,10
4333724,9.75339999583609,12
4333734,9.787661503849574,10
4333743,9.837504499277646,9
4333751,9.825479809849117,8
4333757,9.893963672075113,6
4333760,9.956236190318016,3
4333781,9.506377847045076,21
4333784,9.967120843549196,3
4333785,10.0,1
4333792,9.894735747907207,7
4333798,9.887352732435106,6
4333802,9.937967382899158,4
4333804,9.96806505328479,2
4333809,9.822220952391515,5
4333824,9.646805520807805,15
4333837,9.712958093334706,13
4333843,9.885585751341267,6
4333851,9.83822615917031,8
4333864,9.702114054831958,13
4333873,9.82907622799318,9
4333881,9.819187305958826,8
4333887,9.896226595175504,6
4333894,9.860838627804561,7
4333898,9.940574498400725,4
4333912,9.696786659427,14
4333924,9.757641263523112,12
4333925,9.987290378111178,1
4333933,9.850001743613543,8
4333934,10.0,1
4333935,10.0,1
4333941,9.895133143283696,6
4333947,9.891557640417965,6
4333952,9.900394985929982,5
4333969,9.598882493911258,17
4333977,9.83536180650181,8
4333989,9.727401680374825,12
4333998,9.698180780737559,9
4334005,9.885426120548239,7
4334018,9.782375210696472,13
4334025,9.87221598611452,7
4334031,9.885565507342266,6
4334039,9.835574288542652,8
4334040,10.0,1
4334062,9.44431017878653,22
4334068,9.880963489462387,6
4334080,9.518699499393389,12
4334085,9.909225835871055,5
4334091,9.88676959846663,6
4334095,9.933893012012879,4
4334109,9.711053056078901,14
4334116,9.858477875725042,7
4334117,10.0,1
4334118,9.989813841611408,1
4334138,9.409583649850095,20
4334146,9.827369948906977,8
4334158,9.732985379369211,12
4334167,9.828787210353402,9
4334171,9.93725677321721,4
4334184,9.720026860741601,13
4334196,9.715890384529294,12
4334203,9.857031625554926,7
4334213,9.785472304626099,10
4334214,10.0,1
4334215,10.0,1
4334227,9.728655535984082,12
4334232,9.92219167728197,5
4334237,9.911477302221599,5
4334252,9.660723882082818,15
4334259,9.881526444617657,7
4334260,10.0,1
4334271,9.763152126477122,11
4334282,9.772052874512548,11
4334283,9.996056838717127,1
4334289,9.888883602709,6
4334292,9.958530742305568,3
4334304,9.750375096186,12
4334319,9.674368742792582,15
4334320,9.98828888224804,1
4334324,9.949633061122253,4
4334334,9.788433530463394,10
4334343,9.81904291626797,9
4334347,9.933304371992362,4
4334357,9.78242224173704,10
4334366,9.804279742573637,9
4334374,9.83214586978446,8
4334377,9.954465061260022,3
4334382,9.915540274100294,5
4334388,9.908322058345039,6
4334396,9.829440153631701,8
4334404,9.830915527606885,8
4334411,9.867159777235633,7
4334420,9.818969236381692,9
4334429,9.72905805411592,9
4334434,9.92341844758732,5
4334444,9.798620066172054,10
4334451,9.879577272155649,7
4334462,9.762839004172658,11
4334470,9.837756675794134,8
4334471,9.989520083827982,1
4334481,9.80827796552711,10
4334490,9.847824917141436,9
4334496,9.894020560673793,6
4334504,9.85459789322315,8
4334514,9.7838885398034,10
4334521,9.882598407457257,7
4334524,9.953069723146701,3
4334535,9.787653729088676,11
4334547,9.737741755671514,12
4334559,9.792208979931097,12
4334568,9.837495627567028,9
4334579,9.772379367443675,11
4334590,9.776084737680865,11
4334600,9.798371336005484,10
4334602,9.973260158485724,2
4334603,10.0,1
4334610,9.869377171113277,7
4334614,9.949384920587924,4
4334623,9.850957789548318,9
4334631,9.857922485613187,8
4334643,9.761302768157918,12
4334644,10.0,1
4334657,9.70594765020355,13
4334665,9.863108956605384,8
4334672,9.88567065872456,7
4334673,10.0,1
4334677,9.927828552096704,4
4334681,9.947638055577935,4
4334688,9.851556389009868,7
4334695,9.854929628694912,7
4334708,9.740012074514489,13
4334717,9.806555831016846,9
4334723,9.914211697101868,6
4334735,9.716820330042356,12
4334746,9.763704583397498,11
4334759,9.72172834642881,13
4334767,9.849741226682891,8
4334775,9.872411016842282,8
4334786,9.7939770162411,11
4334794,9.839175224625613,8
4334806,9.763105207664854,12
4334810,9.933249889592975,4
4334818,9.859566299082092,8
4334825,9.836591597541291,7
4334826,10.0,1
4334838,9.726274476113835,12
4334839,10.0,1
4334856,9.61789438522065,17
4334857,10.0,1
4334859,9.978980478107692,2
4334865,9.911731800267859,6
4334877,9.740491532737366,12
4334893,9.658461198118628,16
4334898,9.923000664672307,5
4334906,9.84407550057654,8
4334913,9.862009928512725,7
4334923,9.80337794753356,10
4334926,9.961684264088419,3
4334943,9.601164249474607,17
4334954,9.73285539218048,11
4334967,9.728370972822963,13
4334976,9.82900745037428,9
4334989,9.731977258488191,13
4334999,9.801683998144801,10
4335007,9.852778173282204,8
4335010,9.95925521018675,3
4335019,9.832905689212359,9
4335027,9.842414238050635,8
4335040,9.71312661122447,13
4335051,9.748708409645062,11
4335059,9.854179601847454,8
4335065,9.871386771029078,6
4335075,9.799015047279104,10
4335082,9.849524750648476,7
4335093,9.770926030514984,11
4335098,9.925611177719281,5
4335107,9.800259285167877,9
4335121,9.676187362851522,14
4335122,9.996992426209705,1
4335133,9.775145403811525,11
4335147,9.725121226713487,14
4335159,9.761691368857386,12
4335168,9.814988055934053,9
4335179,9.782693808707158,11
4335185,9.90675163545088,6
4335204,9.412725670552645,19
4335212,9.844408311986532,8
4335214,9.9751488326091,2
4335222,9.840667419900504,8
4335226,9.929261179557173,4
4335232,9.909990530151322,6
4335239,9.876430972188642,7
4335244,9.917274658261855,5
4335245,10.0,1
4335252,9.884542379087113,7
4335265,9.73619691516251,13
4335270,9.934003117437875,5
4335283,9.706993753619274,13
4335298,9.664331695647503,15
4335302,9.941109185336877,4
4335311,9.825994595750672,9
4335314,9.957314391610387,3
4335315,9.992932220323913,1
4335321,9.884799054778163,6
4335335,9.688848927371865,14
4335345,9.805952379147898,10
4335351,9.897903621979065,6
4335358,9.848392574185773,7
4335366,9.832497353223758,8
4335372,9.901085197489742,6
4335379,9.87452064751965,7
4335396,9.620656061682832,17
4335401,9.902920697671046,5
4335405,9.935155407900268,4
4335418,9.71828549018819,13
4335432,9.702654282406359,14
4335443,9.809014723879049,11
4335447,9.940551925562618,4
4335449,9.97347193606049,2
4335459,9.760646766035734,10
4335460,10.0,1
4335471,9.783131548541215,11
4335472,10.0,1
4335487,9.674320552648588,15
4335489,9.981334713016988,2
4335495,9.901049334598214,6
4335503,9.56552186626277,8
4335504,10.0,1
4335521,9.491400340249035,17
4335529,9.846678914117806,8
4335541,9.737709854491033,12
4335542,9.993002214356546,1
4335545,9.954864957470898,3
4335550,9.916299959104139,5
4335554,9.95659421558363,4
4335569,9.685454588468202,15
4335586,9.527486299699442,17
4335598,9.716379784726302,12
4335615,9.596581986735643,17
4335627,9.775876277072156,12
4335631,9.936116703375827,4
4335639,9.846827483014867,8
4335653,9.698214866153837,14
4335667,9.680456947602593,14
4335674,9.879335781146207,7
4335682,9.83273229035678,8
4335693,9.753099785470123,11
4335707,9.695957912220804,14
4335713,9.894691322192887,6
4335720,9.86153540111039,7
4335724,9.926445203796787,4
4335732,9.834374185384359,8
4335739,9.874348281571612,7
4335740,10.0,1
4335753,9.757153552711259,13
4335765,9.740673134693893,12
4335771,9.879474244542092,6
4335781,9.787681129695263,10
4335791,9.792338606088462,10
4335805,9.69502629710747,14
4335816,9.799032454952433,11
4335825,9.801831969512868,9
4335830,9.935325620880615,5
4335839,9.806119205350758,9
4335848,9.81896582560661,9
4335856,9.855221064677727,8
4335865,9.816195604926872,9
4335876,9.85221930905593,11
4335886,9.809795677807967,10
4335895,9.806753224906432,9
4335908,9.700955608789258,13
4335913,9.935427206493728,5
4335925,9.731089092960763,12
4335932,9.871932191473679,7
4335940,9.861065927138734,8
4335951,9.77338137448397,11
4335956,9.92915011626301,5
4335965,9.832403385088856,9
4335971,9.909721874434426,6
4335978,9.866359952487738,7
4335990,9.745828971379517,12
4335997,9.85990249885513,7
4336004,9.884995181382793,7
4336008,9.935800646122788,4
4336015,9.863682040308563,7
4336021,9.87897267601752,6
4336027,9.892592854950758,6
4336036,9.820164409058545,9
4336042,9.89379770457022,6
4336045,9.963803481247503,3
4336046,10.0,1
4336056,9.797809009141343,10
4336063,9.85778279084777,7
4336071,9.853955667132665,8
4336080,9.836332771270879,9
4336086,9.8911296882861,6
4336103,9.61429309221758,17
4336109,9.891620129539838,6
4336121,9.727822750169313,12
4336131,9.793200533928223,10
4336141,9.79842645806314,10
4336150,9.81099861116294,9
4336162,9.731304569448685,12
4336169,9.855580699128915,7
4336183,9.711043928861685,14
4336190,9.880819067827238,7
4336191,10.0,1
4336199,9.848416771426741,8
4336210,9.735871470145907,11
4336219,9.814243211976319,9
4336226,9.849644404784272,7
4336239,9.722273986378669,13
4336247,9.854854653585877,8
4336254,9.891627143863484,7
4336262,9.841504009720843,8
4336273,9.740091980605406,11
4336280,9.866578731886529,7
4336291,9.764939693986825,11
4336308,9.596600519598393,17
4336323,9.669410886562089,15
4336324,9.993003090969367,1
4336340,9.643084891283902,16
4336342,9.980380098401454,2
4336355,9.732630083098334,13
4336363,9.834735949944326,8
4336371,9.81229349124249,8
4336391,9.52445814928,20
4336400,9.821071079390668,9
4336401,10.0,1
4336413,9.732678003709449,12
4336426,9.739823221218412,13
4336427,10.0,1
4336428,10.0,1
4336438,9.768692861958156,10
4336441,9.956377166392222,3
4336448,9.865942853774236,7
4336451,9.966581986601629,3
4336457,9.875920830574625,6
4336469,9.72450539204219,12
4336481,9.73593494866463,12
4336493,9.757763871318964,12
4336502,9.828517557034123,9
4336509,9.897913919791211,7
4336519,9.781894078046497,10
4336522,9.961623199114086,3
4336532,9.771280730391114,10
4336545,9.757988905162685,13
4336563,9.574998097479973,18
4336579,9.644786882000119,16
4336586,9.858552404033032,7
4336596,9.801364772152073,10
4336602,9.88820534296535,6
4336612,9.790284048787356,10
4336616,9.93600394134622,4
4336625,9.822229807349915,9
4336630,9.915460890417375,5
4336635,9.908876197073768,5
4336644,9.830686054487213,9
4336653,9.855477828628786,9
4336661,9.856018386910463,8
4336662,9.996769814854439,1
4336678,9.638179998159588,16
4336688,9.781515819951064,10
4336697,9.829563007445365,9
4336706,9.798508041105329,9
4336710,9.944192521121856,4
4336719,9.808943883624272,9
4336720,10.0,1
4336721,10.0,1
4336732,9.578876293114183,11
4336736,9.843024770396855,4
4336737,10.0,1
4336746,9.832038099235445,9
4336752,9.903268068526788,6
4336762,9.805765969667425,10
4336773,9.753391070781399,11
4336781,9.839849669677873,8
4336784,9.957017923350609,3
4336794,9.754732462604123,10
4336800,9.886052619456715,6
4336814,9.714763139819262,14
4336815,10.0,1
4336821,9.8986457727416,6
4336828,9.856416542870031,7
4336838,9.795693381926366,10
4336839,10.0,1
4336844,9.912534079291074,5
4336849,9.916573657921296,5
4336859,9.761501780711582,10
4336871,9.73442441189939,12
4336882,9.808495438046972,11
4336892,9.816716645493909,10
4336903,9.798266799362988,11
4336924,9.505853567009591,21
4336934,9.776375026003826,10
4336937,9.958914514647923,3
4336958,9.50245453731666,21
4336961,9.950016953614826,3
4336971,9.792313094975086,10
4336979,9.852533761614543,8
4336990,9.76800150773818,11
4336994,9.83827015782234,4
4337000,9.918364676374788,6
4337011,9.775138121503682,11
4337021,9.807353322089279,10
4337026,9.911439580377426,5
4337030,9.947995406526603,4
4337047,9.643087645819092,17
4337059,9.729832115902157,12
4337066,9.865487532806418,7
4337079,9.7291826222039,13
4337092,9.715450930452443,13
4337093,10.0,1
4337100,9.882146514113414,7
4337114,9.695928951341008,14
4337125,9.774800934492259,11
4337126,10.0,1
4337135,9.629828225007284,9
4337140,9.905277381923357,5
4337155,9.640529491090023,15
4337163,9.823345849438859,8
4337172,9.815593760613377,9
4337180,9.86700179524264,8
4337191,9.743370899079405,11
4337197,9.896475454685419,6
4337212,9.681799285714808,15
4337219,9.85000350914557,7
4337224,9.90628278054619,5
4337225,10.0,1
4337233,9.838955728025196,8
4337239,9.900143306198366,6
4337249,9.78341481705794,10
4337261,9.741939782787544,12
4337266,9.91999673930719,5
4337278,9.714395784259668,12
4337281,9.963344856833716,3
4337282,10.0,1
4337288,9.898626383285643,6
4337295,9.88638756582434,7
4337300,9.924468561888967,5
4337311,9.742651626817137,11
4337318,9.879019551596542,7
4337322,9.931691263977747,4
4337331,9.82595860130899,9
4337338,9.895557241238771,7
4337347,9.849493356668901,9
4337356,9.840394468767116,9
4337364,9.854689897750815,8
4337371,9.871873145868996,7
4337382,9.761078025450654,11
4337397,9.676996071688281,15
4337401,9.947598024483058,4
4337409,9.848782671459887,8
4337417,9.86607460148163,8
4337420,9.956637061076897,3
4337423,9.963345598615101,3
4337434,9.740217185475716,11
4337438,9.928785516339321,4
4337449,9.75606240352826,11
4337460,9.781069364003475,11
4337468,9.854605720363152,8
4337477,9.82956829224893,9
4337478,10.0,1
4337489,9.78634373940693,11
4337502,9.751361848362716,13
4337507,9.911896530029596,5
4337509,9.980046510103207,2
4337516,9.892652849976589,7
4337526,9.811895883859535,10
4337537,9.766720862790415,11
4337551,9.709155652290535,14
4337565,9.684033342047435,14
4337575,9.797905692112392,10
4337590,9.657668333653824,15
4337592,9.972074024361918,2
4337604,9.741712150132281,12
4337612,9.872423640593542,8
4337625,9.778267188865977,13
4337632,9.882302475226403,7
4337639,9.85575303338507,7
4337643,9.93561656551623,4
4337653,9.787321297963521,10
4337664,9.810448155629164,11
4337676,9.749965098490323,12
4337694,9.547998280387892,18
4337707,9.71836414545504,13
4337710,9.966183566566505,3
4337723,9.732391660610718,13
4337731,9.844923263001037,8
4337734,9.950963230482213,3
4337742,9.8341034987519,8
4337745,9.951424440431502,3
4337753,9.84768915244949,8
4337760,9.883277520615243,7
4337767,9.859047181491613,7
4337779,9.762226660688874,12
4337788,9.818578057755307,9
4337798,9.791425496624704,10
4337799,10.0,1
4337800,9.992823306930095,1
4337810,9.789553813095589,10
4337819,9.809461757284462,9
4337820,10.0,1
4337825,9.714562084996436,5
4337832,9.85712086425588,7
4337840,9.833052759886549,8
4337855,9.57214498655576,15
4337859,9.92050714368448,4
4337864,9.713131419384126,5
4337871,9.864336645715165,7
4337877,9.882316471992967,6
4337891,9.690950992289547,14
4337898,9.888300795048478,7
4337909,9.559525137579325,11
4337914,9.923434340412236,5
4337929,9.67205183807986,15
4337937,9.846704094210889,8
4337938,10.0,1
4337944,9.902214428598988,6
4337946,9.978522679543968,2
4337958,9.730043903212428,12
4337969,9.798709852937979,11
4337972,9.966363947404076,3
4337977,9.939316309978901,5
4337983,9.895817831304155,6
4337984,10.0,1
4337994,9.809651980406443,10
4338006,9.774842134885064,12
4338018,9.770528649605904,12
4338026,9.812536495337788,8
4338030,9.940962041494583,4
4338039,9.805779817164149,9
4338045,9.895316432520282,6
4338056,9.780128254462124,11
4338064,9.8209482654441,8
4338065,9.99602854371753,1
4338073,9.822548456989992,8
4338074,10.0,1
4338075,10.0,1
4338084,9.805356956028296,9
4338093,9.811411101824634,9
4338104,9.79372386076102,11
4338114,9.79775468904746,10
4338119,9.922744081280383,5
4338121,9.97792048633105,2
4338129,9.868778741506308,8
4338137,9.855483998471385,8
4338150,9.721513136609266,13
4338156,9.910045090060125,6
4338166,9.777228659206726,10
4338182,9.636305408050065,16
4338185,9.952311391794085,3
4338195,9.784506275843018,10
4338200,9.907763873000915,5
4338207,9.879407953901872,7
4338221,9.689780128392098,14
4338235,9.68587946346926,14
4338244,9.812976399309433,9
4338258,9.68579197059613,14
4338266,9.84120059806501,8
4338267,9.992850786758897,1
4338280,9.703855862726634,13
4338288,9.846992592047721,8
4338301,9.69194005931521,13
4338311,9.782417464149399,10
4338322,9.770073760706964,11
4338323,10.0,1
4338334,9.769263365556416,11
4338343,9.831505568523761,9
4338356,9.711984368111269,13
4338357,10.0,1
4338368,9.773581259160899,11
4338375,9.884615972007389,7
4338385,9.80921344396595,10
4338396,9.703132950159679,11
4338404,9.838331664360657,8
4338410,9.90063941606695,6
4338421,9.771315828422573,11
4338431,9.781086101126794,10
4338442,9.775662922028499,11
4338456,9.703724232905572,14
4338463,9.87326162138395,7
4338469,9.898228003316973,6
4338478,9.859265707148976,9
4338484,9.901212618294803,6
4338495,9.775501200762738,11
4338506,9.811586235061341,11
4338512,9.889415658974146,6
4338524,9.728933399602077,12
4338531,9.863610345295546,7
4338541,9.825030180719642,10
4338549,9.849441666402884,8
4338559,9.787844194963156,10
4338574,9.658143507907543,15
4338585,9.772523197608045,11
4338604,9.599156828974715,19
4338609,9.91836750409944,5
4338623,9.66233012208237,14
4338636,9.692615443382332,13
4338649,9.718584003070974,13
4338661,9.725320299761067,12
4338681,9.631567768755042,20
4338687,9.91179935774076,6
4338691,9.94874211805045,4
4338706,9.652219873284707,15
4338709,9.968695515641505,3
4338727,9.66499665407554,18
4338734,9.88066613951103,7
4338749,9.674277182023934,15
4338759,9.768293464971762,10
4338760,9.992589982853033,1
4338768,9.841448598247599,8
4338772,9.941790023412507,4
4338777,9.904507027724849,5
4338778,10.0,1
4338780,9.968665796269454,2
4338789,9.838639023541086,9
4338799,9.800018770263428,10
4338810,9.771662164237966,11
4338814,9.932773072815506,4
4338825,9.746258380176382,11
4338835,9.58605036178311,10
4338840,9.911412129404454,5
4338851,9.784308988199912,11
4338865,9.703235804556659,14
4338870,9.919347649757944,5
4338881,9.750399672678988,11
4338887,9.897339461235585,6
4338891,9.950291961395259,4
4338896,9.91808347272303,5
4338919,9.39902217807546,23
4338924,9.921083002712063,5
4338933,9.85895812374953,9
4338937,9.856706370255946,4
4338945,9.858487488748334,8
4338954,9.802246057309787,9
4338964,9.799939703315959,10
4338974,9.785380281525798,10
4338981,9.854464820554117,7
4338989,9.852285521991801,8
4338997,9.62556967247089,8
4339002,9.920204541095067,5
4339269,-96.601327124309,267
4339280,9.802274137278113,11
4339292,9.772776090122415,12
4339303,9.77349525656195,11
4339312,9.805043983891462,9
4339318,9.902134224501337,6
4339333,9.667965151787579,15
4339340,9.866917920635103,7
4339344,9.94158781466952,4
4339354,9.810900100568942,10
4339371,9.608886543849234,17
4339381,9.789881385772478,10
4339393,9.751216414163899,12
4339400,9.872808369182478,7
4339407,9.904172342247488,7
4339415,9.840194193582764,8
4339422,9.846051930953493,7
4339430,9.857857498562723,8
4339438,9.850999966767354,8
4339439,10.0,1
4339447,9.840875789854623,8
4339454,9.884033193457583,7
4339462,9.85775366949818,8
4339480,9.584705395342207,18
4339489,9.81329738070833,9
4339491,9.983742510469595,2
4339501,9.774484905990471,10
4339512,9.768697004182231,11
4339523,9.775909963864503,11
4339530,9.865365520383413,7
4339536,9.892240338895899,6
4339544,9.833904418822256,8
4339551,9.86808082689819,7
4339558,9.89396205130578,7
4339562,9.943149628966825,4
4339583,9.27174981418771,21
4339595,9.741615790810501,12
4339596,10.0,1
4339604,9.844271051107862,8
4339610,9.906572023472915,6
4339611,10.0,1
4339614,9.953562917887236,3
4339631,9.567809177992062,17
4339635,9.94295273191844,4
4339652,9.61856182777933,17
4339661,9.808220240498319,9
4339667,9.912422978001343,6
4339668,10.0,1
4339675,9.853731362131128,7
4339683,9.828585604617814,8
4339692,9.815347741080918,9
4339708,9.65533855251437,16
4339716,9.82487520961627,8
4339733,9.640882846288706,17
4339737,9.933908317115604,4
4339740,9.963224982861341,3
4339749,9.811697100319243,9
4339760,9.572053266689629,11
4339767,9.866296878429976,7
4339774,9.862267785671577,7
4339786,9.741054963212811,12
4339796,9.777557621090049,10
4339797,10.0,1
4339807,9.779523047675665,10
4339808,10.0,1
4339813,9.932545852147792,5
4339816,9.958274453161268,3
4339819,9.952616234568213,3
4339822,9.95936420083961,3
4339830,9.851366766342563,8
4339839,9.845703585058638,9
4339845,9.881495700301855,6
4339855,9.810292054377213,10
4339869,9.674076491622376,14
4339876,9.872041694835676,7
4339878,9.972633771492054,2
4339881,9.951906450736779,3
4339888,9.890486190891243,7
4339889,10.0,1
4339902,9.73562021507409,13
4339910,9.480885203970699,8
4339918,9.867856129000302,8
4339928,9.794131605534158,10
4339945,9.58333545374309,17
4339948,9.96024415816029,3
4339955,9.876561297915451,7
4339967,9.718571036960636,12
4339972,9.91790363815632,5
4339973,10.0,1
4339980,9.868231759166452,7
4339987,9.886334533981088,7
4339999,9.73975507420048,12
4340002,9.950696125376501,3
4340013,9.758419358755102,11
4340015,9.980639350972286,2
4340026,9.74186110238984,11
4340029,9.960150128372286,3
4340038,9.82264718746717,9
4340039,10.0,1
4340045,9.897028768969772,6
4340048,9.947648248579616,3
4340054,9.88588400179728,6
4340060,9.890432705653556,6
4340068,9.855820606354644,8
4340075,9.865661357381088,7
4340079,9.951137392295113,4
4340092,9.728997134604626,13
4340095,9.955451401106266,3
4340101,9.908376739389281,6
4340104,9.949573732902422,3
4340108,9.942403148688062,4
4340116,9.825547865247508,8
4340120,9.943069958813808,4
4340133,9.726105772498336,13
4340139,9.905354540065929,6
4340146,9.88520596839481,7
4340157,9.778786221272538,11
4340168,9.76651407960142,11
4340179,9.770936934638035,11
4340186,9.880222245354592,7
4340192,9.89494629663948,6
4340197,9.91535479140839,5
4340213,9.529228513722096,16
4340217,9.937728597969546,4
4340234,9.597027424406422,17
4340250,9.362697271653923,16
4340255,9.930665803156995,5
4340260,9.919549720109119,5
4340271,9.792846641718064,11
4340284,9.710927896274322,13
4340285,10.0,1
4340302,9.66394065229113,17
4340314,9.772070718060535,12
4340327,9.706036754901032,13
4340328,10.0,1
4340341,9.706036657245047,13
4340345,9.937989997150433,4
4340358,9.742476087615598,13
4340373,9.651074839465679,15
4340378,9.927645317513498,5
4340379,10.0,1
4340387,9.836536323092464,8
4340392,9.925923523227704,5
4340396,9.942624710911934,4
4340404,9.846734431230901,8
4340418,9.686443506600513,14
4340423,9.926983676056292,5
4340434,9.783200641845246,11
4340450,9.59840488040193,16
4340457,9.856068343070245,7
4340468,9.794016981646994,11
4340472,9.938700701648392,4
4340485,9.702872584862286,13
4340494,9.822589509622725,9
4340509,9.661793419706031,15
4340516,9.858295338393773,7
4340526,9.796665905117019,10
4340535,9.801041258505556,9
4340543,9.84059851531027,8
4340547,9.941046690905003,4
4340557,9.802337021744863,10
4340558,9.988074549134499,1
4340559,10.0,1
4340571,9.748005417825103,12
4340573,9.981810666434292,2
4340579,9.907113664381736,6
4340598,9.57142459090535,19
4340607,9.825153610039038,9
4340618,9.777691756769824,11
4340629,9.757956881003397,11
4340638,9.807871478518882,9
4340646,9.83510718842494,8
4340656,9.773931508675638,10
4340663,9.867396841777758,7
4340669,9.90410502403335,6
4340674,9.920622190191724,5
4340684,9.780072973544945,10
4340696,9.760428730918433,12
4340705,9.798457638572252,9
4340713,9.84739398346861,8
4340721,9.86836237750509,8
4340734,9.73828483804997,13
4340738,9.931226704111964,4
4340739,10.0,1
4340747,9.862891146509723,8
4340763,9.673834101269893,16
4340770,9.87366005806925,7
4340778,9.854820798651168,8
4340782,9.925853242375302,4
4340793,9.758946007460718,11
4340802,9.830776391979455,9
4340803,10.0,1
4340810,9.8628864876822,7
4340817,9.889607225633577,7
4340823,9.903479520603762,6
4340830,9.87568222818913,7
4340836,9.893953702878818,6
4340846,9.805737139103751,10
4340849,9.951491847802531,3
4340859,9.790900181442487,10
4340872,9.739913971790768,13
4340879,9.863759292122007,7
4340887,9.863580838662054,8
4340895,9.825816248632558,8
4340908,9.71512689338537,13
4340918,9.751225741298322,10
4340919,10.0,1
4340920,10.0,1
4340931,9.768998831539221,11
4340943,9.642192962929917,12
4340944,10.0,1
4340956,9.772100678675733,12
4340967,9.790900140257094,11
4340970,9.957992343406723,3
4340975,9.906083494352057,5
4340985,9.80660224079863,10
4340996,9.754648784474494,11
4341000,9.938506916383096,4
4341011,9.752112593669178,11
4341017,9.915658139478003,6
4341018,10.0,1
4341019,10.0,1
4341027,9.844656253141455,8
4341035,9.846551351298118,8
4341041,9.905634124934561,6
4341050,9.81789076680878,9
4341059,9.802197968098188,9
4341068,9.799563087172539,9
4341071,9.957669256203152,3
4341080,9.802398003699157,9
4341082,9.96934599891639,2
4341091,9.858334654260293,9
4341105,9.718445614265233,14
4341112,9.85606043842424,7
4341116,9.954586385888792,4
4341126,9.782665222782608,10
4341136,9.777396415934163,10
4341143,9.877846187526774,7
4341148,9.901909479944264,5
4341158,9.811503015849532,10
4341165,9.87255856830294,7
4341175,9.797928082933847,10
4341181,9.900750176350464,6
4341197,9.662993568809304,16
4341208,9.746930865083314,11
4341217,9.804374406869638,9
4341218,10.0,1
4341224,9.90501127857178,6
4341228,9.934554591644885,4
4341229,9.993430506997477,1
4341236,9.87512280488748,7
4341237,10.0,1
4341250,9.720912552682488,13
4341257,9.884712546256084,7
4341266,9.83031884175213,9
4341271,9.901459972763938,5
4341276,9.917705994341462,5
4341285,9.840635149161118,9
4341295,9.782513660970466,10
4341304,9.80458228428483,9
4341316,9.74325996942836,12
4341321,9.929373059978643,5
4341322,10.0,1
4341331,9.822791648943554,9
4341345,9.71343088271911,14
4341363,9.623404106123976,18
4341368,9.909047945767057,5
4341373,9.919069012011814,5
4341379,9.896118199089207,6
4341387,9.84649130841826,8
4341391,9.93059428734136,4
4341397,9.910521991299602,6
4341405,9.82616254522172,8
4341409,9.932715295276296,4
4341420,9.755632665118158,11
4341421,10.0,1
4341427,9.883571794606453,6
4341428,10.0,1
4341429,10.0,1
4341436,9.856428223238263,7
4341444,9.864469325285333,8
4341457,9.731348098913863,13
4341466,9.803457779367994,9
4341474,9.868584685406026,8
4341486,9.715649156514976,12
4341487,10.0,1
4341495,9.864169130858224,8
4341504,9.863350618649442,9
4341516,9.747390086584879,12
4341528,9.737581698785618,12
4341534,9.877062896663077,6
4341542,9.859629799011786,8
4341548,9.914316735379899,6
4341556,9.84859276808318,8
4341574,9.561409850433668,18
4341580,9.891727242650726,6
4341586,9.886647747476086,6
4341594,9.840135031894942,8
4341600,9.884178505775985,6
4341613,9.693575066635882,13
4341623,9.791642772556317,10
4341635,9.739713371271133,12
4341636,10.0,1
4341646,9.794586928253837,10
4341657,9.765202648610677,11
4341660,9.968624184709912,3
4341668,9.845547952821338,8
4341683,9.675154918149392,15
4341688,9.920596699141578,5
4341694,9.91137863911339,6
4341703,9.816117824489837,9
4341714,9.78786055683609,11
4341725,9.486236379471334,11
4341731,9.876117783944078,6
4341747,9.653742093413054,16
4341762,9.65903181832836,15
4341763,9.996361906728538,1
4341769,9.893732646040148,6
4341778,9.818377096308419,9
4341779,10.0,1
4341780,10.0,1
4341793,9.689170359900467,13
4341803,9.781449929483875,10
4341810,9.874672462383927,7
4341820,9.804714535506669,10
4341827,9.873440899510518,7
4341841,9.667250367761506,14
4341843,9.970662950839003,2
4341844,9.993057059477776,1
4341845,10.0,1
4341847,9.977762757334151,2
4341862,9.64774376492758,15
4341871,9.810697712415905,9
4341880,9.820817423645757,9
4341887,9.874745044447765,7
4341894,9.86792970162295,7
4341896,9.985540399761147,2
4341906,9.808218044734918,10
4341920,9.708635375724398,14
4341930,9.821770398403585,10
4341939,9.80620722900917,9
4341947,9.856584754597437,8
4341952,9.902863314689267,5
4341958,9.8901247510335,6
4341972,9.713081225442478,14
4341987,9.658753225832964,15
4341993,9.900956526594204,6
4341994,10.0,1
4342006,9.74071474964042,12
4342014,9.83881456312022,8
4342025,9.75268478767626,11
4342030,9.911920876045516,5
4342035,9.907634297235484,5
4342041,9.89798704231159,6
4342052,9.768102973340758,11
4342053,10.0,1
4342062,9.814856594615804,9
4342068,9.87313232932744,6
4342078,9.812262582562644,10
4342089,9.749138105590395,11
4342104,9.658275698900312,15
4342109,9.930661578998526,5
4342116,9.862861398426276,7
4342125,9.828865184211564,9
4342131,9.905183867521384,6
4342150,9.638359596789211,19
4342160,9.797463113193604,10
4342177,9.600305223411668,17
4342187,9.776973271883438,10
4342198,9.77425284572469,11
4342214,9.678453200489733,16
4342225,9.76715858005753,11
4342231,9.900885066826925,6
4342246,9.670039683401416,15
4342247,10.0,1
4342261,9.675893859326363,14
4342268,9.867092033974785,7
4342279,9.781936058089757,11
4342285,9.90551017071095,6
4342297,9.75849060051628,12
4342308,9.771599800696182,11
4342309,10.0,1
4342316,9.865936142262973,7
4342324,9.862015944266785,8
4342329,9.909012603762129,5
4342337,9.86212936097627,8
4342342,9.895430711797097,5
4342349,9.876698188526737,7
4342356,9.852936317099791,7
4342361,9.918510393916405,5
4342362,10.0,1
4342369,9.86449830322963,7
4342376,9.860929913274871,7
4342386,9.810726456424643,10
4342396,9.756947828528961,10
4342401,9.906112870544119,5
4342408,9.872205411780099,7
4342409,10.0,1
4342414,9.89618906886598,5
4342420,9.889175701668503,6
4342421,9.995975840027707,1
4342428,9.875843017827178,7
4342436,9.825408100795864,8
4342444,9.843443371881376,8
4342445,10.0,1
4342455,9.800797378258528,10
4342471,9.581541519795644,16
4342484,9.687324840296803,13
4342490,9.908749104425478,6
4342502,9.717321672278521,12
4342509,9.8826626115105,7
4342515,9.90761646473461,6
4342527,9.731067440645027,12
4342538,9.777038175219541,11
4342540,9.968943685647627,2
4342541,10.0,1
4342557,9.60734457419547,16
4342562,9.91298520443563,5
4342566,9.934430627088473,4
4342573,9.862549920863184,7
4342578,9.928477110377466,5
4342579,10.0,1
4342593,9.666888492832006,14
4342599,9.8818465192377,6
4342609,9.788868763452218,10
4342615,9.884978769659584,6
4342625,9.756128969639791,10
4342636,9.783730311177393,11
4342650,9.712255440077707,14
4342663,9.709250198763355,13
4342673,9.782689417660388,10
4342679,9.882303875841599,6
4342689,9.77515429870041,10
4342690,10.0,1
4342702,9.727944027299001,12
4342711,9.83359357195226,9
4342717,9.893913969789747,6
4342723,9.928437317696787,6
4342731,9.831992287477682,8
4342734,9.955578728586177,3
4342737,9.953637859014904,3
4342740,9.954901983024675,3
4342741,10.0,1
4342748,9.892545254426473,7
4342760,9.635881776923505,12
4342766,9.911311358536407,6
4342775,9.807769693531244,9
4342784,9.830624620889632,9
4342790,9.88809568123027,6
4342792,9.97864250652625,2
4342807,9.655850710331952,15
4342810,9.962255327601508,3
4342815,9.8981973916132,5
4342825,9.77830210012086,10
4342831,9.879960855436332,6
4342841,9.793586758680753,10
4342847,9.883595481043269,6
4342860,9.722251608136178,13
4342864,9.95542276606883,4
4342875,9.762750505608679,11
4342893,9.64559014875707,18
4342900,9.876966348463538,7
4342913,9.684480688510966,13
4342914,10.0,1
4342921,9.880338229579905,7
4342925,9.934281160984229,4
4342933,9.810141671396185,8
4342942,9.83367143309908,9
4342948,9.88573806439892,6
4342961,9.720786799834935,13
4342967,9.894084096059421,6
4342970,9.96735524093863,3
4342978,9.852031484635802,8
4342985,9.857866117222171,7
4342997,9.726979939481883,12
4343005,9.820720222528735,8
4343011,9.91095938054261,6
4343021,9.773571398554937,10
4343032,9.767112712425053,11
4343037,9.929386028943712,5
4343052,9.59064142260286,15
4343056,9.737468431930543,4
4343064,9.852096045294774,8
4343071,9.88309012661942,7
4343082,9.77669709010495,11
4343090,9.841098684686127,8
4343093,9.963675235810268,3
4343104,9.76166516404767,11
4343109,9.929246001583202,5
4343110,10.0,1
4343122,9.723548102014838,12
4343133,9.788903683454667,11
4343155,9.557071753461925,22
4343165,9.778538582990551,10
4343172,9.897093523388497,7
4343180,9.829151218611111,8
4343193,9.713307567539761,13
4343201,9.824529461484037,8
4343206,9.92638286025745,5
4343215,9.801758911869063,9
4343216,10.0,1
4343225,9.806084774199618,9
4343234,9.816167557850466,9
4343236,9.977572001206457,2
4343249,9.712603810819399,13
4343250,10.0,1
4343252,9.973539895294271,2
4343257,9.922797802700659,5
4343267,9.80335403179727,10
4343276,9.80550300582592,9
4343288,9.738361273266145,12
4343301,9.70664767920546,13
4343302,9.988461711984476,1
4343306,9.955671148174748,4
4343315,9.821181295888616,9
4343320,9.92994317265574,5
4343330,9.796129136092645,10
4343358,5.296389716000269,28
4343368,9.789604872968138,10
4343376,9.831941556528372,8
4343382,9.886228414218374,6
4343391,9.83325471150624,9
4343404,9.718265401933794,13
4343411,9.879642247975232,7
4343418,9.8635181097115,7
4343423,9.910342196439352,5
4343429,9.897047885789942,6
4343434,9.925051785871391,5
4343446,9.772489933750274,12
4343452,9.872348281366072,6
4343461,9.822537027310204,9
4343473,9.753702851306167,12
4343484,9.74263579200806,11
4343487,9.954817644486313,3
4343492,9.918631246337924,5
4343495,9.962725126218807,3
4343512,9.591907632806846,17
4343515,9.952174363559218,3
4343518,9.956841325487133,3
4343529,9.756720815618289,11
4343537,9.837631005582674,8
4343539,9.971075288148066,2
4343545,9.893052842311219,6
4343548,9.966638678020445,3
4343559,9.74600101468476,11
4343572,9.697155886191016,13
4343581,9.830000314140621,9
4343596,9.651568535241172,15
4343597,10.0,1
4343598,10.0,1
4343608,9.774545786368632,10
4343609,10.0,1
4343616,9.878023479213171,7
4343620,9.931945007158166,4
4343625,9.913029552357315,5
4343638,9.755602835494845,13
4343639,10.0,1
4343651,9.708867855093175,12
4343661,9.771743651684975,10
4343669,9.831130098256427,8
4343670,10.0,1
4343683,9.727519826943935,13
4343688,9.93825733700276,5
4343695,9.861409605750234,7
4343699,9.934691106921752,4
4343706,9.882176123885847,7
4343714,9.835790045013802,8
4343721,9.684823645353639,7
4343726,9.913528788485372,5
4343727,9.996149342672515,1
4343736,9.851450074822782,9
4343740,9.931516829613738,4
4343750,9.795666491789312,10
4343760,9.782794257450348,10
4343764,9.942806851001889,4
4343768,9.947398340000081,4
4343781,9.701967324496437,13
4343789,9.871004179557712,8
4343798,9.80333747397045,9
4343804,9.92502983838645,6
4343811,9.87746450471568,7
4343815,9.943746660895112,4
4343828,9.710895710060916,13
4343835,9.865735308112823,7
4343844,9.827564017147926,9
4343855,9.768659303752239,11
4343860,9.930127682890044,5
4343869,9.803370999259869,9
4343881,9.796341915701019,12
4343891,9.775656729119184,10
4343900,9.824605671392552,9
4343912,9.71319638516275,12
4343922,9.77892829492612,10
4343930,9.847092247932858,8
4343938,9.552308279967079,8
4343948,9.665493533844002,10
4343957,9.796848019655483,9
4343967,9.80130704071224,10
4343973,9.896482712352768,6
4343985,9.745165684932383,12
4343991,9.884530094194773,6
4343998,9.85901936392641,7
4344007,9.799622207450527,9
4344011,9.945271655836843,4
4344026,9.63935909712344,15
4344044,9.5741823990694,18
4344055,9.766534084507569,11
4344061,9.90584327793997,6
4344073,9.65051136459555,12
4344081,9.82545420680448,8
4344086,9.915363665050272,5
4344096,9.777806987732033,10
4344108,9.741156968595147,12
4344122,9.680461099810362,14
4344129,9.892263635456304,7
4344139,9.789172221668151,10
4344152,9.724484461894146,13
4344170,9.667242255248713,18
4344175,9.921190837540859,5
4344187,9.733881386807115,12
4344200,9.712684142039457,13
4344212,9.739466251897452,12
4344218,9.891669455462228,6
4344233,9.647173816769207,15
4344234,10.0,1
4344247,9.724534216058052,13
4344253,9.894934548313453,6
4344266,9.73881175824582,13
4344278,9.720567657820737,12
4344281,9.954591283374166,3
4344295,9.683254629033915,14
4344306,9.78035079688754,11
4344310,9.942643924791504,4
4344321,9.748226183298131,11
4344325,9.935561070942533,4
4344331,9.897013542667697,6
4344342,9.793009216616085,11
4344349,9.85867171024219,7
4344353,9.938637201019388,4
4344355,9.980023428954418,2
4344365,9.791594374710144,10
4344378,9.693618398358756,13
4344383,9.912041345130136,5
4344390,9.858161877707136,7
4344394,9.93153964014124,4
4344400,9.883048647489158,6
4344408,9.86254707147657,8
4344409,10.0,1
4344422,9.769476534243791,13
4344431,9.812890687981518,9
4344441,9.793517412251909,10
4344442,10.0,1
4344453,9.665693784626125,11
4344457,9.945611176874607,4
4344462,9.918899705038102,5
4344473,9.806946185059406,11
4344480,9.876550213967231,7
4344483,9.95976038791243,3
4344491,9.855715397549407,8
4344496,9.912803649523267,5
4344500,9.939596372160038,4
4344510,9.796555951527315,10
4344527,8.749933631456235,17
4344539,9.757945916996903,12
4344540,9.992421090701223,1
4344541,10.0,1
4344548,9.87250247957873,7
4344549,10.0,1
4344562,9.7384022193127,13
4344572,9.79252049566335,10
4344588,9.589938500523276,16
4344596,9.843304470642094,8
4344608,9.752518928786833,12
4344612,9.94774083613576,4
4344618,9.894979228749964,6
4344623,9.943482643436058,5
4344624,10.0,1
4344629,9.906437619502446,5
4344632,9.76798615304331,3
4344637,9.909295138672514,5
4344644,9.901666812305457,7
4344662,9.601232001672342,18
4344664,9.980366777045885,2
4344669,9.910883171256993,5
4344675,9.896920086008667,6
4344681,9.887882309419245,6
4344687,9.889239262869458,6
4344701,9.697603158266219,14
4344713,9.734939962808307,12
4344716,9.967441662179414,3
4344726,9.817623585002494,10
4344742,9.688954342372039,16
4344749,9.873550725736193,7
4344763,9.6940344284485,14
4344775,9.74732291028149,12
4344783,9.846936332173641,8
4344796,9.731265089889165,13
4344810,9.69079664868777,14
4344819,9.808361042279824,9
4344827,9.8488025613687,8
4344838,9.785991441453227,11
4344842,9.94496626568271,4
4344855,9.722260840063019,13
4344861,9.907354657054144,6
4344867,9.906860459375823,6
4344883,9.684837148443433,16
4344907,9.384516473874388,24
4344914,9.88114863997247,7
4344920,9.90174408565739,6
4344933,9.730072133610488,13
4344939,9.894223775308696,6
4344940,10.0,1
4344941,10.0,1
4344948,9.89389771847635,7
4344949,10.0,1
4344956,9.872725722601054,7
4344966,9.793136767847953,10
4344970,9.940337788773617,4
4344979,9.79350200599596,9
4344989,9.790359223230535,10
4344997,9.832207357723592,8
4345014,9.626251448417708,17
4345021,9.87242490852089,7
4345026,9.916791975257734,5
4345030,9.94019646497433,4
4345045,9.672891452001148,15
4345054,9.811154338003535,9
4345057,9.960376840370603,3
4345062,9.919928567893653,5
4345072,9.798964158349026,10
4345077,9.919427831395565,5
4345087,9.797847194897194,10
4345100,9.694781812703427,13
4345112,9.751182435591472,12
4345122,9.783827046860472,10
4345130,9.831712268534705,8
4345135,9.912070509759442,5
4345146,9.75885530671158,11
4345150,9.949063406526195,4
4345156,9.879524992877524,6
4345162,9.88331475890256,6
4345173,9.73986794487989,11
4345183,9.76972896946861,10
4345200,9.62196646947646,17
4345205,9.918721571716803,5
4345207,9.97973513422426,2
4345215,9.86320258796542,8
4345221,9.887254476810874,6
4345226,9.903959910749194,5
4345244,9.57221281534341,18
4345256,9.730523568494503,12
4345263,9.868589708923821,7
4345264,10.0,1
4345272,9.845939277258932,8
4345281,9.798167762086948,9
4345288,9.869333065245339,7
4345295,9.865200181172282,7
4345307,9.74047286240769,12
4345314,9.891258039548706,7
4345320,9.895195811117272,6
4345327,9.884577804877779,7
4345341,9.690642685932884,14
4345342,10.0,1
4345348,9.899460326343402,6
4345353,9.906117778292549,5
4345370,9.488077194182432,17
4345375,9.92327905666238,5
4345382,9.549484860024174,7
4345388,9.907028759458738,6
4345400,9.757068539088337,12
4345404,9.930754695219761,4
4345411,9.859883132399757,7
4345423,9.643458022948206,12
4345426,9.964654451777344,3
4345427,10.0,1
4345441,9.69041418703727,14
4345451,9.791768931145928,10
4345464,9.695517513631131,13
4345468,9.940180671089058,4
4345482,9.696460328354803,14
4345492,9.768947088279939,10
4345503,9.760302830263928,11
4345509,9.91123586729023,6
4345513,9.94351980756238,4
4345534,9.35299269904191,21
4345544,9.784020250877994,10
4345545,9.989223365368002,1
4345568,9.542789846715234,23
4345580,9.7326518883799,12
4345587,9.882532728888222,7
4345598,9.647824062812111,11
4345612,9.685847225889285,14
4345620,9.848130051533035,8
4345628,9.841051014845357,8
4345641,9.713870799338075,13
4345654,9.69992507905622,13
4345661,9.857990048927327,7
4345675,9.687597366704503,14
4345684,9.805284564677839,9
4345695,9.778363473332034,11
4345706,9.769741381141431,11
4345713,9.854831850628983,7
4345717,9.937198158831766,4
4345729,9.731436482810667,12
4345735,9.897890851244439,6
4345741,9.488426504388308,6
4345749,9.83301585047022,8
4345765,9.631646291747538,16
4345776,9.789561430531377,11
4345784,9.842325942526472,8
4345791,9.864910178230973,7
4345801,9.801047583994624,10
4345814,9.763879289671253,13
4345820,9.888284968348945,6
4345832,9.741668331659685,12
4345841,9.825089054414184,9
4345850,9.827532987545508,9
4345859,9.836186598574338,9
4345862,9.95503176789077,3
4345864,9.973127523398063,2
4345871,9.893346286932125,7
4345880,9.82035472102176,9
4345894,9.673038745847608,14
4345901,9.88731455335312,7
4345916,9.657530788200807,15
4345928,9.717314861959297,12
4345932,9.948109394018285,4
4345943,9.803449222248094,11
4345952,9.827569262412396,9
4345968,9.609722341907272,16
4345975,9.856321230246063,7
4345976,10.0,1
4345977,10.0,1
4345986,9.834106534605095,9
4345992,9.882863458124653,6
4345997,9.925286995764365,5
4346006,9.813977875062115,9
4346015,9.81145984974231,9
4346021,9.886757380166445,6
4346022,10.0,1
4346033,9.753134922200744,11
4346040,9.86269827639916,7
4346044,9.932938662384693,4
4346057,9.671722700171223,13
4346069,9.721458384787752,12
4346070,10.0,1
4346071,10.0,1
4346080,9.805481928032762,9
4346089,9.819821488774922,9
4346095,9.899849545445038,6
4346096,9.992919693706426,1
4346097,9.996444077708873,1
4346114,9.601106552430897,17
4346125,9.766716144278119,11
4346131,9.781725585251408,6
4346143,9.736514685570796,12
4346149,9.901879271052245,6
4346164,9.646915582961977,15
4346173,9.820617040078494,9
4346179,9.904276271708378,6
4346186,9.86556317202524,7
4346192,9.898627947952791,6
4346193,10.0,1
4346201,9.866774090680178,8
4346204,9.955392064229104,3
4346214,9.771957323051101,10
4346225,9.800306663594151,11
4346237,9.719525833551375,12
4346246,9.811024660414844,9
4346253,9.884463282059972,7
4346259,9.900693406857952,6
4346261,9.97424094706187,2
4346262,10.0,1
4346267,9.919863647402696,5
4346277,9.793183195676558,10
4346282,9.91644069176095,5
4346288,9.892002680538422,6
4346289,9.988674269946793,1
4346296,9.88179763329105,7
4346306,9.777018431932898,10
4346322,9.640484282536132,16
4346329,9.861033344044928,7
4346342,9.708282486992953,13
4346349,9.876506356606711,7
4346358,9.804663102790885,9
4346365,9.881392613519067,7
4346373,9.829448666795246,8
4346382,9.821112418899174,9
4346388,9.881840996538566,6
4346389,10.0,1
4346396,9.878392948599622,7
4346399,9.971400001234494,3
4346403,9.934191411623775,4
4346409,9.889676061152597,6
4346417,9.81409811176044,8
4346423,9.87829656508002,6
4346431,9.840328134241494,8
4346439,9.847980762900015,8
4346446,9.902278631444526,7
4346453,9.86024458111924,7
4346454,10.0,1
4346466,9.730762276967894,12
4346482,9.632600002684121,16
4346491,9.832089778685845,9
4346495,9.943863263053608,4
4346496,10.0,1
4346512,9.424180049186447,16
4346515,9.953500669351383,3
4346516,10.0,1
4346523,9.877741803033954,7
4346530,9.846332282325172,7
4346540,9.77028932947542,10
4346547,9.863690832326789,7
4346557,9.782434311730235,10
4346560,9.950788826727587,3
4346563,9.951264868682141,3
4346568,9.904092931224069,5
4346579,9.759240051686007,11
4346584,9.924371716929366,5
4346589,9.91302924959182,5
4346597,9.83728881018869,8
4346601,9.943980825384175,4
4346614,9.7320914254802,13
4346621,9.879694033380972,7
4346626,9.914275964411955,5
4346637,9.751102915863493,11
4346646,9.81068912246505,9
4346656,9.792195954702152,10
4346663,9.879013750889614,7
4346669,9.898010387681072,6
4346680,9.759725451662048,11
4346683,9.955441043806008,3
4346690,9.875631319555017,7
4346693,9.956254620271086,3
4346700,9.884302002585319,7
4346704,9.92948744631913,4
4346709,9.92023777252115,5
4346716,9.873901357857351,7
4346724,9.822278364973455,8
4346736,9.753908273588204,12
4346743,9.887915796901156,7
4346752,9.842004951601286,9
4346764,9.778003495780183,12
4346772,9.8379778417334,8
4346783,9.738267494831094,11
4346797,9.688619786503256,14
4346800,9.954815417359644,3
4346809,9.819444256358235,9
4346815,9.892714934488811,6
4346823,9.840823471031072,8
4346827,9.94214289361139,4
4346833,9.889741595909745,6
4346844,9.762292399873274,11
4346845,10.0,1
4346850,9.91303160192879,5
4346855,9.916143612204385,5
4346863,9.856285751017873,8
4346869,9.89655820894234,6
4346874,9.941586375221164,5
4346884,9.776430738979778,10
4346890,9.89307096143081,6
4346900,9.77719379020285,10
4346911,9.735935956333865,11
4346917,9.901276756580685,6
4346920,9.947872525816418,3
4346927,9.846715870537732,7
4346931,9.934468590859476,4
4346944,9.700453059428089,13
4346950,9.89115588059832,6
4346959,9.827537354791113,9
4346969,9.785235217709543,10
4346984,9.681232526007673,15
4346990,9.899723433094497,6
4346998,9.853727523594815,8
4347007,9.820052174943406,9
4347013,9.896902397244707,6
4347019,9.904021318531653,6
4347030,9.764560783267841,11
4347033,9.961617990976247,3
4347044,9.73935727773798,11
4347055,9.740446962568225,11
4347062,9.876977043300917,7
4347063,10.0,1
4347073,9.784162666669257,10
4347087,9.702542072665379,14
4347098,9.679945964118119,11
4347103,9.917642215772922,5
4347108,9.928165075645252,5
4347112,9.940825180967272,4
4347119,9.876263253990015,7
4347123,9.938617136022334,4
4347137,9.573844355353007,14
4347141,9.931421267305304,4
4347150,9.835871987842024,9
4347163,9.598949855044356,13
4347169,9.886588664157719,6
4347176,9.881567845229497,7
4347183,9.867122664588809,7
4347187,9.924174608253166,4
4347193,9.881543757039095,6
4347205,9.72213477701626,12
4347212,9.872215141893388,7
4347218,9.877710381313834,6
4347228,9.789670148476048,10
4347239,9.67993072738621,11
4347240,10.0,1
4347246,9.894076283667985,6
4347247,10.0,1
4347256,9.802899005230346,9
4347262,9.900476404841065,6
4347277,9.67295215738871,15
4347278,9.996659346806316,1
4347282,9.957668539956073,4
4347290,9.846404965218502,8
4347301,9.754256623485945,11
4347309,9.819595510225284,8
4347321,9.749612515602513,12
4347331,9.787584972481989,10
4347336,9.919261624642616,5
4347351,9.683297453727288,15
4347364,9.702863940241503,13
4347370,9.892789869856806,6
4347377,9.873108736286685,7
4347380,9.960068717050873,3
4347383,9.965654724400766,3
4347392,9.819046904906973,9
4347407,9.620038296596725,15
4347415,9.84838476752158,8
4347426,9.744214089040252,11
4347438,9.7443419648467,12
4347439,9.996298169749199,1
4347447,9.855190219056027,8
4347455,9.86331385324369,8
4347457,9.973822127312088,2
4347461,9.933461260741712,4
4347474,9.735660507611183,13
4347481,9.888864651450227,7
4347487,9.902038645777155,6
4347494,9.8639843731175,7
4347500,9.904925667418384,6
4347510,9.675047817082827,10
4347523,9.688017613463355,13
4347530,9.873725856256874,7
4347534,9.946119719365575,4
4347545,9.744891188916347,11
4347554,9.800780695220261,9
4347565,9.778665868531379,11
4347570,9.926477691216622,5
4347574,9.92515413348339,4
4347576,9.969895832556588,2
4347587,9.754555049162661,11
4347595,9.838231302953972,8
4347609,9.67344410241589,14
4347617,9.874757483009592,8
4347622,9.909681120569466,5
4347623,10.0,1
4347633,9.809349800727867,10
4347641,9.822601284342932,8
4347649,9.84297297651019,8
4347659,9.7987139901888,10
4347667,9.841918744258786,8
4347677,9.796042758300342,10
4347694,9.602932233223994,17
4347696,9.97387394564086,2
4347705,9.832136729746098,9
4347713,9.852132439055415,8
4347715,9.9702463534774,2
4347722,9.857554720633713,7
4347730,9.850129359533824,8
4347731,10.0,1
4347738,9.895253633407531,7
4347746,9.842850697825726,8
4347747,10.0,1
4347756,9.82306515656155,9
4347762,9.870565626776164,6
4347771,9.838521235042679,9
4347780,9.814343239607721,9
4347792,9.73799309088035,12
4347806,9.69457920919968,14
4347811,9.932769579523127,5
4347822,9.781784352391876,11
4347833,9.795042254136753,11
4347846,9.557806894516517,13
4347856,9.809585881069466,10
4347862,9.89895097567636,6
4347864,9.97876742666797,2
4347880,9.609257134690836,16
4347881,10.0,1
4347890,9.816602518968617,9
4347899,9.82845426481748,9
4347900,10.0,1
4347925,9.559996423867718,25
4347939,9.595321253168885,14
4347945,9.916292755004312,6
4347954,9.836015970841416,9
4347968,9.733752956025484,14
4347977,9.818677923599616,9
4347992,9.658954529112798,15
4348000,9.854161189789023,8
4348001,10.0,1
4348008,9.887786154299778,7
4348022,9.674359108404028,14
4348027,9.918583276810036,5
4348028,10.0,1
4348038,9.81014701187284,10
4348044,9.881018531451636,6
4348045,10.0,1
4348058,9.73835708056149,13
4348068,9.782488077483134,10
4348073,9.91296142964236,5
4348082,9.74208236604551,9
4348089,9.846667526063246,7
4348096,9.872436777481052,7
4348111,9.63661624673875,15
4348112,10.0,1
4348122,9.798643675739413,10
4348125,9.947834158771775,3
4348131,9.903714552593264,6
4348146,9.636163400182395,15
4348159,9.717074752702132,13
4348165,9.868718969858733,6
4348175,9.807846361992034,10
4348186,9.656697361733544,11
4348199,9.727862753186873,13
4348210,9.740396848756463,11
4348218,9.833532047778867,8
4348228,9.774305188376795,10
4348233,9.90687558748588,5
4348239,9.794035304551887,6
4348247,9.856361022380465,8
4348248,10.0,1
4348258,9.80444725607117,10
4348259,10.0,1
4348269,9.833553239124624,10
4348273,9.747158971688338,4
4348289,9.650848974403567,16
4348295,9.865864985798796,6
4348309,9.679789022406071,14
4348321,9.707787356914743,12
4348333,9.773081917995599,12
4348340,9.868725876124158,7
4348352,9.756576165086805,12
4348353,10.0,1
4348362,9.829501238845689,9
4348364,9.984730734532716,2
4348365,10.0,1
4348376,9.739142500253193,11
4348396,9.508914745648495,20
4348401,9.913435158490499,5
4348412,9.732570687302566,11
4348417,9.906552672559911,5
4348423,9.888956757317567,6
4348424,10.0,1
4348433,9.848524812083552,9
4348443,9.768754162607236,10
4348451,9.835535973256789,8
4348464,9.726319890682559,13
4348474,9.787771054099153,10
4348485,9.7430286893734,11
4348490,9.931190148374483,5
4348497,9.86630246444938,7
4348505,9.827267205322642,8
4348508,9.950696786401737,3
4348526,9.582016156540806,18
4348533,9.86851782509461,7
4348534,10.0,1
4348542,9.840609927147947,8
4348548,9.889944512219893,6
4348562,9.669923454978306,14
4348576,9.67902677670872,14
4348579,9.97264568819007,3
4348580,10.0,1
4348586,9.913580141723877,6
4348592,9.881888464576994,6
4348600,9.822374566415846,8
4348607,9.887856816504886,7
4348621,9.681981531058861,14
4348630,9.649131116402508,9
4348643,9.720176511546844,13
4348651,9.831155525741286,8
4348657,9.899703963148367,6
4348677,9.520008220037232,20
4348692,9.666326441186074,15
4348695,9.967047429460822,3
4348705,9.79202104774806,10
4348721,9.640335784579857,16
4348731,9.778643240991276,10
4348740,9.827782261979154,9
4348741,10.0,1
4348750,9.826931365797563,9
4348758,9.849802091029206,8
4348765,9.85916564460856,7
4348780,9.649991919546764,15
4348793,9.68552015028253,13
4348808,9.656919500112192,15
4348823,9.66796308359781,15
4348832,9.812718186173376,9
4348844,9.748857046124357,12
4348850,9.92500467933442,6
4348862,9.730413269362053,12
4348872,9.788736876442892,10
4348875,9.952442042633267,3
4348888,9.673350428888476,13
4348901,9.684896778015542,13
4348904,9.971957508949494,3
4348919,9.69194603127638,15
4348924,9.91409753292125,5
4348930,9.893920304874708,6
4348942,9.724419111824787,12
4348945,9.96297182631161,3
4348946,10.0,1
4348953,9.872244029807167,7
4348964,9.76094911821794,11
4348982,9.605031879145177,18
4348983,10.0,1
4348988,9.919840584076255,5
4348995,9.868919780339441,7
4349005,9.788460566132539,10
4349006,10.0,1
4349017,9.776560795988573,11
4349026,9.817378512763064,9
4349035,9.792991904615192,9
4349040,9.914393467046276,5
4349048,9.828956837086153,8
4349059,9.564445209985653,11
4349073,9.495620309931256,14
4349076,9.951580004957599,3
4349090,9.677573744761897,14
4349098,9.83711453421964,8
4349106,9.844113361608656,8
4349117,9.751572746625406,11
4349130,9.621503035716037,13
4349143,9.699702742483217,13
4349162,9.53023262021281,19
4349167,9.91857863365568,5
4349169,9.985455712274893,2
4349175,9.898667762403404,6
4349179,9.934262822757862,4
4349195,9.611510491297405,16
4349200,9.90911834608028,5
4349211,9.762932298850922,11
4349212,10.0,1
4349213,10.0,1
4349223,9.48870225139614,10
4349234,9.756111305574677,11
4349243,9.812238840190203,9
4349253,9.798445337409841,10
4349261,9.86705597354848,8
4349265,9.923710540221636,4
4349274,9.839886613507177,9
4349286,9.748439795866831,12
4349293,9.874396406757363,7
4349304,9.749268991388044,11
4349310,9.886571926271523,6
4349322,9.767366109037827,12
4349334,9.780274768270981,12
4349342,9.851502810309187,8
4349343,10.0,1
4349355,9.74583753209775,12
4349368,9.710607338092098,13
4349373,9.922769595323416,5
4349380,9.859841233067272,7
4349384,9.944478217981079,4
4349393,9.809578094315832,9
4349409,9.713170225400356,16
4349419,9.76878842496489,10
4349430,9.771597160129895,11
4349433,9.965228958120665,3
4349439,9.894197503992203,6
4349450,9.756884999187559,11
4349459,9.804074192726453,9
4349479,9.550270875774945,20
4349486,9.896134987675312,7
4349499,9.35352198780392,13
4349513,9.736525530728379,14
4349514,10.0,1
4349518,9.945457005681002,4
4349526,9.88187102755667,8
4349535,9.815160863581367,9
4349540,9.927869338352476,5
4349550,9.78379253465188,10
4349567,9.607233655679725,17
4349578,9.780074950802842,11
4349581,9.958649699427104,3
4349591,9.77348446300143,10
4349600,9.808408319653363,9
4349605,9.917897725593317,5
4349611,9.884502587944707,6
4349618,9.891862287484333,7
4349624,9.899991263086992,6
4349627,9.966514141782154,3
4349646,9.573318127912696,19
4349652,9.89004663175399,6
4349657,9.906281152472188,5
4349667,9.788830141176732,10
4349668,10.0,1
4349677,9.703280112808706,9
4349689,9.742297140752367,12
4349696,9.88725177320846,7
4349703,9.86187014533862,7
4349708,9.908601983474096,5
4349717,9.82347952422574,9
4349722,9.904622223216265,5
4349731,9.787315444611716,9
4349739,9.839903274252148,8
4349745,9.904860258381602,6
4349752,9.892721902068311,7
4349765,9.733772780505134,13
4349770,9.92510892008099,5
4349781,9.757381413612693,11
4349786,9.932766941614995,5
4349793,9.868880725683395,7
4349798,9.905602195977073,5
4349802,9.939181494691008,4
4349809,9.881385772675308,7
4349814,9.928260660067323,5
4349824,9.806899187754775,10
4349825,9.99315370543659,1
4349836,9.763115426698077,11
4349837,10.0,1
4349844,9.866299302235124,7
4349852,9.859376555805573,8
4349853,9.993235764646041,1
4349866,9.7363468490609,13
4349880,9.67956600293952,14
4349884,9.937525050994891,4
4349891,9.859493557658206,7
4349899,9.855614977380037,8
4349907,9.832254455656381,8
4349911,9.950403062846126,4
4349912,10.0,1
4349920,9.842291626767429,8
4349923,9.960719595880091,3
4349929,9.874971025578345,6
4349930,10.0,1
4349940,9.80539644943036,10
4349949,9.57296086526646,9
4349957,9.864811934918558,8
4349968,9.784745496463128,11
4349981,9.72163519642876,13
4349989,9.83675673320462,8
4350002,9.534658711030545,13
4350019,8.985879032406736,17
4350036,7.941471658166293,17
4350037,10.0,1
4350045,9.73752038920843,8
4350059,9.683338948011118,14
4350069,9.779591498834588,10
4350071,9.980965437143059,2
4350081,9.801536747381082,10
4350088,9.881582381391262,7
4350093,9.913220847303926,5
4350105,9.716521329025712,12
4350112,9.87079108331468,7
4350123,9.772120499246967,11
4350124,10.0,1
4350134,9.773310036746128,10
4350142,9.842690967603657,8
4350147,9.921191382526123,5
4350157,9.811120934904649,10
4350166,9.813781979029667,9
4350178,9.719944774557726,12
4350186,9.878860876340894,8
4350193,9.890941854577258,7
4350200,9.868919031851902,7
4350212,9.769161159489554,12
4350219,9.86625471790875,7
4350231,9.756835395528322,12
4350237,9.897136106820543,6
4350244,9.842630824882772,7
4350249,9.913237580427175,5
4350263,9.72352983933199,14
4350269,9.885354746600537,6
4350275,9.90255324119949,6
4350278,9.95865808945255,3
4350287,9.836405946338814,9
4350298,9.735652583094806,11
4350303,9.899424382954106,5
4350311,9.865846117679808,8
4350322,9.762504578911916,11
4350326,9.927864776803288,4
4350336,9.79214595788924,10
4350344,9.834822737248254,8
4350352,9.811699939871795,8
4350357,9.936223938792113,5
4350361,9.942288759032431,4
4350366,9.900239706029613,5
4350380,9.688177452084334,14
4350388,9.836688192151883,8
4350400,9.741755170206483,12
4350410,9.799755393555298,10
4350415,9.89668500405716,5
4350422,9.87113445758881,7
4350432,9.791532492951024,10
4350440,9.846811883811553,8
4350452,9.731761852973769,12
4350466,9.693791223893614,14
4350467,10.0,1
4350478,9.75541069601223,11
4350481,9.962460312979815,3
4350489,9.866242628174625,8
4350493,9.948417883744327,4
4350498,9.904496682032212,5
4350511,9.731719786280662,13
4350523,9.731249439620157,12
4350526,9.961589966617325,3
4350539,9.711834549909426,13
4350545,9.885944256094287,6
4350554,9.821324113518635,9
4350558,9.945202229580207,4
4350565,9.869651208274188,7
4350569,9.942817819026738,4
4350577,9.854907964418006,8
4350589,9.73159658835426,12
4350600,9.767505583988639,11
4350608,9.868028360089085,8
4350622,9.70514887697867,14
4350629,9.868597416045386,7
4350634,9.920400233894432,5
4350642,9.841737219560647,8
4350654,9.732746978316216,12
4350664,9.779280953937551,10
4350676,9.735780391653906,12
4350690,9.687217034304608,14
4350702,9.780914842494694,12
4350709,9.884154992476404,7
4350717,9.859914464367103,8
4350725,9.85604000792916,8
4350726,9.989426483671213,1
4351226,-33.80168645174805,500
4351241,9.674881288827926,15
4351247,9.912337733780864,6
4351256,9.80352616687309,9
4351261,9.92253634388189,5
4351265,9.94658817577359,4
4351269,9.932234570264267,4
4351292,9.438886726402428,23
4351309,9.43305336908358,17
4351310,9.996561207028458,1
4351315,9.926314445874313,5
4351321,9.902448902654186,6
4351334,9.715380398040269,13
4351344,9.800561563539148,10
4351359,9.560115503509321,15
4351364,9.909758502731261,5
4351369,9.929933314456084,5
4351376,9.892394491676962,7
4351384,9.851404395779268,8
4351385,10.0,1
4351390,9.921064516561177,5
4351399,9.817858320295269,9
4351408,9.831498004060533,9
4351409,9.98862455370285,1
4351420,9.750200720402393,11
4351429,9.844716213537192,9
4351439,9.79018507573055,10
4351449,9.79459747736967,10
4351454,9.908818181839395,5
4351457,9.960372950232752,3
4351468,9.73744214118934,11
4351478,9.79570806617116,10
4351486,9.85380655800466,8
4351490,9.932887246391179,4
4351493,9.959934856873225,3
4351500,9.877252254451943,7
4351503,9.96108568244855,3
4351504,10.0,1
4351506,9.971676125365747,2
4351526,9.632968371273108,20
4351530,9.939156209554739,4
4351531,10.0,1
4351541,9.826903639546801,10
4351542,10.0,1
4351551,9.81782693119291,9
4351566,9.675475852077454,15
4351578,9.723783637884207,12
4351590,9.74405079060713,12
4351594,9.935537814645455,4
4351602,9.843134096590477,8
4351614,9.743326783849916,12
4351632,9.544535636524515,18
4351643,9.760696305268677,11
4351652,9.806925825972414,9
4351660,9.824353311321909,8
4351669,9.792277897800155,9
4351681,9.759107394768511,12
4351682,9.986752423076577,1
4351704,9.505646018133412,22
4351711,9.87645860235255,7
4351712,10.0,1
4351718,9.897343877409455,6
4351731,9.703966702706264,13
4351732,10.0,1
4351736,9.942167915822349,4
4351750,9.70693561151802,14
4351758,9.833189258003038,8
4351761,9.951550962048302,3
4351771,9.802023960946684,10
4351783,9.73123350012271,12
4351791,9.850754618050907,8
4351803,9.732167853221661,12
4351810,9.881429990732709,7
4351821,9.768821904258406,11
4351829,9.834024561760904,8
4351830,10.0,1
4351838,9.84497283104286,8
4351844,9.884209755597416,6
4351849,9.906610083498952,5
4351859,9.792144202867915,10
4351871,9.765362389154106,12
4351873,9.975189491703626,2
4351883,9.802291374424714,10
4351888,9.927526630882802,5
4351902,9.729052901549448,14
4351912,9.789568509776664,10
4351925,9.67808503073699,13
4351941,9.640626268974057,16
4351956,9.666508744373212,15
4351968,9.735218263768111,12
4351972,9.943658603103689,4
4351990,9.564108026489567,18
4351994,9.941530217655599,4
4352004,9.780637484503552,10
4352008,9.931051875301451,4
4352009,10.0,1
4352010,10.0,1
4352020,9.777504601781656,10
4352030,9.799538278672065,10
4352038,9.839165591389746,8
4352041,9.960787003783592,3
4352048,9.8524191114982,7
4352057,9.796756745875378,9
4352064,9.873941563939301,7
4352073,9.803802364490057,9
4352081,9.83147058182925,8
4352088,9.856488185511644,7
4352094,9.893873130309338,6
4352107,9.641178696312831,13
4352114,9.864678784974002,7
4352120,9.879596999367424,6
4352136,9.693884626317523,16
4352145,9.8362174604755,9
4352157,9.720691068269076,12
4352172,9.653752511181729,15
4352173,10.0,1
4352183,9.77119378830155,10
4352187,9.948815865351333,4
4352194,9.851381109431824,7
4352200,9.896061326909498,6
4352209,9.827161813512847,9
4352212,9.96982894386853,3
4352219,9.881284502251505,7
4352232,9.696066898938044,13
4352241,9.809987102316784,9
4352253,9.733492832180158,12
4352261,9.83513956577408,8
4352272,9.761076958754128,11
4352273,10.0,1
4352277,9.94847842689805,4
4352286,9.818101065564933,9
4352289,9.95668849307312,3
4352299,9.787200299768346,10
4352312,9.704431377548532,13
4352318,9.87856494971017,6
4352331,9.728637728253648,13
4352341,9.811752453204884,10
4352352,9.764038544065158,11
4352368,9.601616561844851,16
4352375,9.88610472122489,7
4352379,9.940312555096911,4
4352383,9.938007562839896,4
4352386,9.95778525929546,3
4352394,9.859559648518124,8
4352402,9.859290002280689,8
4352412,9.029278709646944,10
4352423,9.766447675557009,11
4352433,9.805282862683557,10
4352445,9.718008828004606,12
4352446,10.0,1
4352447,10.0,1
4352457,9.770170157028993,10
4352460,9.95106491024389,3
4352461,10.0,1
4352472,9.773897615446986,11
4352482,9.776769718062068,10
4352487,9.903640185903464,5
4352490,9.969755104609645,3
4352491,9.989208413519819,1
4352492,10.0,1
4352500,9.851090072293845,8
4352516,9.633612994271488,16
4352529,9.718484663439957,13
4352530,10.0,1
4352542,9.730268757195258,12
4352543,9.988715450597622,1
4352552,9.794211146055016,9
4352563,9.74550374412948,11
4352572,9.796371154402442,9
4352578,9.893850543711855,6
4352589,9.752303257787354,11
4352598,9.809750973208493,9
4352610,9.52748466395118,12
4352626,9.63699979650586,16
4352636,9.761086435240571,10
4352648,9.709748788704063,12
4352660,9.736644217714725,12
4352674,9.689909791399772,14
4352684,9.803404363242517,10
4352692,9.86943847680437,8
4352693,10.0,1
4352706,9.713284617815273,13
4352711,9.919841899336593,5
4352721,9.825079333463153,10
4352728,9.866991653286206,7
4352734,9.895268733440805,6
4352747,9.731479763849377,13
4352754,9.871074133556123,7
4352758,9.932291219864519,4
4352768,9.806942030062302,10
4352772,9.93235775390143,4
4352779,9.871582772287411,7
4352788,9.820645515066893,9
4352791,9.966463728212032,3
4352804,9.702108855062344,13
4352814,9.787750355794415,10
4352818,9.933626848810096,4
4352825,9.899671473471445,7
4352832,9.886004232171,7
4352843,9.757300937156026,11
4352860,9.61888851268586,17
4352870,9.79921791865664,10
4352871,10.0,1
4352886,9.702994716984541,15
4352893,9.87413346355048,7
4352900,9.86068238968283,7
4352905,9.917432860252003,5
4352915,9.805620993935968,10
4352930,9.638344481501885,15
4352935,9.924646037812204,5
4352937,9.9751831039406,2
4352940,9.967300168501438,3
4352948,9.847670199726315,8
4352959,9.75995954027526,11
4352967,9.85082899907907,8
4352968,10.0,1
4352974,9.897314553300264,6
4352975,10.0,1
4352981,9.889925008956089,6
4352983,9.974119716612721,2
4352992,9.854648351396115,9
4353001,9.83431399775978,9
4353003,9.979688795122955,2
4353013,9.807301653332821,10
4353020,9.877541875331053,7
4353027,9.881746581914738,7
4353038,9.758770796809186,11
4353045,9.885174363955652,7
4353063,9.397090574005144,18
4353069,9.893217725951374,6
4353078,9.8153960060126,9
4353091,9.703075523984088,13
4353101,9.778895500034471,10
4353113,9.76131540973609,12
4353114,10.0,1
4353125,9.753819436114897,11
4353139,9.691476298112269,14
4353152,9.687627597592233,13
4353157,9.897928903339544,5
4353170,9.75460551798784,13
4353182,9.730964848368663,12
4353187,9.913804210975734,5
4353196,9.81913608446643,9
4353204,9.872561962283186,8
4353212,9.834646275981253,8
4353219,9.868074916989752,7
4353228,9.85480226641959,9
4353233,9.91370306170409,5
4353243,9.620675321731085,10
4353256,9.715017455891342,13
4353265,9.801644417654346,9
4353266,10.0,1
4353276,9.781584205020069,10
4353289,9.746158268326308,13
4353298,9.845229551079045,9
4353305,9.876080991245535,7
4353317,9.728403732637315,12
4353318,10.0,1
4353329,9.775047191626257,11
4353339,9.785468319204963,10
4353345,9.903830045612244,6
4353354,9.808876304298291,9
4353360,9.9090061507174,6
4353362,9.972918476445297,2
4353367,9.917633098847729,5
4353374,9.866427968008551,7
4353375,10.0,1
4353383,9.829568968062814,8
4353392,9.818794607261845,9
4353402,9.801184778243112,10
4353414,9.74149472622429,12
4353421,9.861223740595504,7
4353426,9.909698713752334,5
4353434,9.828791890374996,8
4353441,9.861644743197337,7
4353449,9.827862190372079,8
4353470,9.491505438928895,21
4353474,9.933320507914537,4
4353477,9.956810208433081,3
4353487,9.784021843747711,10
4353496,9.812897562394452,9
4353517,9.410016379173394,21
4353524,9.86307313670108,7
4353527,9.961904372760408,3
4353535,9.867582892742728,8
4353541,9.905303597961295,6
4353544,9.94884787558078,3
4353546,9.97236213357509,2
4353558,9.738064087785036,12
4353566,9.852968635884926,8
4353570,9.944237054621443,4
4353583,9.711770257092896,13
4353587,9.939787440671324,4
4353590,9.942476907588706,3
4353599,9.814991403205578,9
4353611,9.745853722996483,12
4353616,9.903850288207998,5
4353622,9.882628552188221,6
4353636,9.72866710258672,14
4353640,9.837584222348081,4
4353645,9.904370660424435,5
4353646,10.0,1
4353650,9.936774314328108,4
4353661,9.789948591906132,11
4353671,9.770431345048273,10
4353677,9.911344509876216,6
4353687,9.780456415520325,10
4353692,9.910259050341232,5
4353700,9.81992117863549,8
4353708,9.841467487675173,8
4353715,9.867961158583,7
4353727,9.517394283770727,12
4353732,9.908429011515286,5
4353737,9.922649038108078,5
4353747,9.800833667908538,10
4353751,9.937183429544602,4
4353755,9.933033278848464,4
4353760,9.918256668812656,5
4353772,9.74197084463335,12
4353782,9.796274860055176,10
4353790,9.849559696855989,8
4353794,9.931842902788038,4
4353798,9.949957445909753,4
4353805,9.869398542095535,7
4353806,10.0,1
4353815,9.828160232183548,9
4353818,9.953602391760253,3
4353829,9.775328433096526,11
4353837,9.860705890168948,8
4353846,9.808052821334327,9
4353857,9.81872120198282,11
4353865,9.837035052025515,8
4353872,9.877304695028139,7
4353877,9.908320736458341,5
4353891,9.69303117860544,14
4353903,9.739816212496113,12
4353910,9.885242478601157,7
4353918,9.857952776015603,8
4353934,9.633769821273571,16
4353943,9.84178578992051,9
4353944,10.0,1
4353956,9.742945935830972,12
4353965,9.817866014086361,9
4353976,9.783947219759776,11
4353987,9.765266883525852,11
4354001,9.696202218698355,14
4354008,9.869397294269291,7
4354014,9.902895833999246,6
4354027,9.742418216140324,13
4354036,9.845243697876075,9
4354044,9.834934239863912,8
4354050,9.917546306788822,6
4354065,9.65204069221335,15
4354082,9.617132474013502,17
4354083,10.0,1
4354087,9.93778709932934,4
4354100,9.72847025571323,13
4354110,9.813335852446308,10
4354119,9.80420313135055,9
4354128,9.80710293347545,9
4354141,9.70441849580246,13
4354147,9.902175004063995,6
4354160,9.716735914266101,13
4354172,9.73183781098396,12
4354178,9.897473257366228,6
4354185,9.871785129613464,7
4354199,9.726525494321692,14
4354209,9.605035696835973,10
4354214,9.914375631408316,5
4354218,9.941318329043966,4
4354230,9.761686459883983,12
4354246,9.560472862646574,16
4354251,9.921194035753365,5
4354258,9.87213406715685,7
4354267,9.813232805176535,9
4354277,9.790662133160161,10
4354280,9.968092820873695,3
4354286,9.909308320701708,6
4354287,10.0,1
4354300,9.711955441801093,13
4354305,9.926616714542327,5
4354313,9.826045267144368,8
4354318,9.93244128133949,5
4354326,9.839137263749382,8
4354331,9.90060800235424,5
4354335,9.931415458729793,4
4354346,9.753279539590281,11
4354354,9.830063796127199,8
4354361,9.88187013482764,7
4354374,9.690809023165409,13
4354375,10.0,1
4354386,9.759236670590491,11
4354395,9.812795198817332,9
4354396,9.996718108380787,1
4354405,9.61229585835384,9
4354414,9.70923969438585,9
4354420,9.903532995176047,6
4354435,9.685873664359718,15
4354439,9.943142451427775,4
4354444,9.905200320520706,5
4354445,10.0,1
4354456,9.775355634382318,11
4354459,9.966078539397316,3
4354473,9.70868289242724,14
4354478,9.921585886995235,5
4354485,9.862996447596037,7
4354498,9.707761313092396,13
4354505,9.854275185324834,7
4354507,9.972615298536176,2
4354519,9.719093272818887,12
4354530,9.814413956773599,11
4354535,9.906530928653043,5
4354540,9.921071051988593,5
4354545,9.89548127120072,5
4354553,9.84236759250513,8
4354563,9.811444740428362,10
4354566,9.951516200123026,3
4354575,9.808554887921904,9
4354593,9.567171035361625,18
4354597,9.936362321219988,4
4354598,10.0,1
4354606,9.842443490000457,8
4354624,9.563126612480797,18
4354631,9.780086940261805,7
4354633,9.986111533596743,2
4354636,9.95565696746258,3
4354644,9.848625530565439,8
4354649,9.915036602482669,5
4354650,10.0,1
4354653,9.966202972986567,3
4354670,9.608961457995369,17
4354671,10.0,1
4354694,9.365881369517172,23
4354705,9.787450116912087,11
4354713,9.859838940895287,8
4354723,9.798080483451246,10
4354724,9.991888549630113,1
4354725,10.0,1
4354733,9.846146476440477,8
4354738,9.921550372620338,5
4354743,9.926323244324449,5
4354744,10.0,1
4354759,9.689543204706276,15
4354766,9.871635167800138,7
4354770,9.939697081007116,4
4354777,9.879518172482571,7
4354788,9.771620451553357,11
4354791,9.968250557540843,3
4354797,9.898095727188474,6
4354799,9.978313203130046,2
4354817,9.370065956037653,18
4354828,9.750325015343194,11
4354833,9.918410296368563,5
4354839,9.897061061134988,6
4354847,9.829131410238803,8
4354849,9.977212218788326,2
4354856,9.878916216740047,7
4354857,10.0,1
4354864,9.876905136319568,7
4354869,9.916208901714032,5
4354876,9.860588422720388,7
4354886,9.819962805382488,10
4354901,9.667926196755293,15
4354904,9.953114139532229,3
4354905,10.0,1
4354916,9.754309370192589,11
4354922,9.906706641090258,6
4354923,10.0,1
4354930,9.860538895202723,7
4354946,9.669197295962231,16
4354956,9.797630931561391,10
4354962,9.902348690419233,6
4354975,9.704564786232138,13
4354978,9.953637752781512,3
4354984,9.886000526758139,6
4354997,9.711408592621474,13
4355005,9.835627791559304,8
4355015,9.772011916239515,10
4355016,10.0,1
4355020,9.944940185192191,4
4355032,9.72251033881083,12
4355033,10.0,1
4355054,9.622289761034034,21
4355058,9.939461815822602,4
4355067,9.760169427575253,9
4355076,9.812224392438479,9
4355086,9.802859704875225,10
4355095,9.839288237419632,9
4355098,9.95509330501777,3
4355106,9.830228548705811,8
4355117,9.764119756728135,11
4355123,9.905852652375588,6
4355130,9.850210732602715,7
4355133,9.960967819015293,3
4355142,9.817286433722517,9
4355151,9.799551101203155,9
4355152,10.0,1
4355160,9.852107838724251,8
4355171,9.776766428630436,11
4355183,9.732532310645066,12
4355191,9.836181124657132,8
4355200,9.812673028420225,9
4355207,9.743955694014208,7
4355208,10.0,1
4355212,9.831134744758144,4
4355218,9.914647688245724,6
4355231,9.615137717841765,13
4355245,9.690527503056883,14
4355248,9.950424864926628,3
4355258,9.780152195079639,10
4355268,9.77250325624467,10
4355279,9.756333426202369,11
4355287,9.83080152574436,8
4355294,9.850885536501785,7
4355297,9.965300879740827,3
4355308,9.76088886016035,11
4355325,9.57519024518749,17
4355334,9.813036268316,9
4355340,9.894408568342685,6
4355350,9.778867050679711,10
4355359,9.839104707729723,9
4355362,9.9641478455644,3
4355368,9.895588521949874,6
4355373,9.902637399868436,5
4355374,10.0,1
4355378,9.940644581843724,4
4355384,9.914662576258491,6
4355396,9.72219278901297,12
4355400,9.924146695321912,4
4355417,9.532650696636487,17
4355421,9.940864935577146,4
4355432,9.784667135613809,11
4355435,9.952461069840576,3
4355440,9.917340738215,5
4355445,9.914359031031957,5
4355456,9.757849965685802,11
4355471,9.663542176447544,15
4355482,9.794106332886635,11
4355490,9.847110033876492,8
4355493,9.962945770547861,3
4355498,9.930583585657915,5
4355514,9.632532354401183,16
4355522,9.779729483058574,8
4355530,9.832926330118894,8
4355542,9.730010114198341,12
4355554,9.747482436345912,12
4355555,9.996581886349453,1
4355570,9.642272486414004,15
4355575,9.929893607152536,5
4355592,9.620205308946785,17
4355607,9.670327637096333,15
4355609,9.974537313617752,2
4355621,9.716281772400562,12
4355628,9.6746166520249,7
4355639,9.759858885760115,11
4355642,9.9529240080587,3
4355645,9.965475594511862,3
4355652,9.865411933605824,7
4355658,9.890340090356116,6
4355663,9.925395205677562,5
4355674,9.78828314075445,11
4355686,9.750163390072474,12
4355690,9.933949527680467,4
4355691,9.99287586615915,1
4355706,9.632656446168747,15
4355714,9.835521037016289,8
4355720,9.890517871398838,6
4355729,9.818179699342895,9
4355737,9.845786230504629,8
4355743,9.694015129685813,6
4355764,9.521164928399083,21
4355773,9.81001120173482,9
4355774,10.0,1
4355788,9.701671262481709,14
4355793,9.918872694222939,5
4355804,9.746928268996767,11
4355808,9.942138808080735,4
4355816,9.843929947900744,8
4355821,9.916014257980388,5
4355831,9.801909447654374,10
4355846,9.694998028589671,15
4355857,9.766472572630652,11
4355859,9.969567716769129,2
4355865,9.898070172032018,6
4355866,10.0,1
4355879,9.68719539904413,13
4355888,9.83290874982898,9
4355898,9.791662278930591,10
4355899,10.0,1
4355908,9.79405273773338,9
4355911,9.964193412772241,3
4355916,9.925009959869255,5
4355921,9.924723224177473,5
4355932,9.760420448855198,11
4355945,9.717140264418132,13
4355950,9.907061240586339,5
4355961,9.765449062173259,11
4355972,9.760708861297642,11
4355975,9.959409241538157,3
4355978,9.965147541458572,3
4355988,9.759895973782744,10
4355998,9.771401638344413,10
4356007,9.84100636557329,9
4356009,9.970295497531001,2
4356010,10.0,1
4356019,9.819333539909255,9
4356033,9.681026366086845,14
4356044,9.745200650133762,11
4356053,9.815712698048339,9
4356068,9.506851768745237,15
4356079,9.765332959118894,11
4356088,9.818738760698453,9
4356097,9.817783557686134,9
4356105,9.83612321339422,8
4356110,9.921559859409397,5
4356122,9.766848104824604,12
4356135,9.763066818016176,13
4356146,9.771110046249898,11
4356152,9.886114981032454,6
4356162,9.699528200744084,10
4356167,9.905849667909369,5
4356176,9.82426817879276,9
4356184,9.844804402285794,8
4356190,9.885180976916496,6
4356199,9.847132517141509,9
4356205,9.89667815131645,6
4356206,10.0,1
4356219,9.690406808686951,13
4356223,9.934255566741284,4
4356229,9.885971877773041,6
4356240,9.778762168201284,11
4356257,9.604790509330744,17
4356268,9.773621465928695,11
4356275,9.85007841634399,7
4356278,9.94693931834724,3
4356281,9.967982490428573,3
4356286,9.920955648624481,5
4356294,9.832586336355307,8
4356305,9.748036330980641,11
4356306,10.0,1
4356315,9.835618975279925,9
4356323,9.843305371091295,8
4356332,9.807064991398391,9
4356333,10.0,1
4356344,9.791639370683344,11
4356353,9.805002398899626,9
4356354,10.0,1
4356359,9.917287136809051,5
4356365,9.896525234537537,6
4356379,9.65229493409903,14
4356390,9.766507554238201,11
4356396,9.902809005989809,6
4356412,9.669522142341862,16
4356413,9.992906163476956,1
4356423,9.81722262007323,10
4356431,9.83438908840634,8
4356438,9.869634918516432,7
4356447,9.824508507779244,9
4356459,9.759453195771211,12
4356465,9.910026063690067,6
4356474,9.798055747840364,9
4356477,9.95278830109655,3
4356483,9.881017939535674,6
4356491,9.815258735801914,8
4356499,9.842784655454873,8
4356509,9.796971892380995,10
4356510,10.0,1
4356518,9.850239978177987,8
4356522,9.950853373231851,4
4356533,9.756467913394257,11
4356534,9.996572935843187,1
4356538,9.921501512935931,4
4356546,9.857923527780436,8
4356559,9.741575555521749,13
4356565,9.899842799573271,6
4356574,9.82786276157546,9
4356584,9.791704923528407,10
4356585,10.0,1
4356588,9.950565018965086,3
4356589,10.0,1
4356604,9.743223658430427,15
4356613,9.806316638767354,9
4356618,9.927281449677073,5
4356633,9.430470876752732,15
4356634,10.0,1
4356647,9.70453271516724,13
4356649,9.978251600353515,2
4356654,9.90871654320125,5
4356655,10.0,1
4356665,9.783810582883644,10
4356676,9.779285093077936,11
4356681,9.918718522049838,5
4356686,9.906343174265874,5
4356699,9.712974088855407,13
4356710,9.753105960599225,11
4356728,9.55872067464953,18
4356736,9.65359384078677,8
4356748,9.724761244497609,12
4356758,9.799250036827697,10
4356770,9.720246178611998,12
4356778,9.85802651202338,8
4356784,9.930435972108114,6
4356791,9.858521134683428,7
4356801,9.796578024760764,10
4356802,10.0,1
4356807,9.919003897204655,5
4356813,9.874176838652579,6
4356820,9.855868391348869,7
4356831,9.753325078033598,11
4356838,9.875417039522272,7
4356839,9.99635715674507,1
4356851,9.73241671715603,12
4356852,10.0,1
4356865,8.446932288222024,13
4356877,9.72314127177905,12
4356887,9.818343393616109,10
4356899,9.791324443572355,12
4356913,9.65625355365146,14
4356914,10.0,1
4356925,9.762528055891359,11
4356929,9.934447179879712,4
4356938,9.824014656889725,9
4356945,9.860519041330498,7
4356946,10.0,1
4356958,9.726009291450001,12
4356969,9.752628401943994,11
4356980,9.761167140273429,11
4356993,9.698311832763848,13
4357005,9.742751194945228,12
4357012,9.856286210467452,7
4357013,10.0,1
4357021,9.858413022726024,8
4357032,9.656782492009228,11
4357042,9.788733017662558,10
4357050,9.735634392218524,8
4357064,9.729471491064407,14
4357072,9.812601964401194,8
4357083,9.761631432565345,11
4357091,9.849190509591173,8
4357095,9.934244172377264,4
4357096,10.0,1
4357108,9.70787103892308,12
4357119,9.771896109558869,11
4357125,9.896093724094023,6
4357137,9.725389380977424,12
4357147,9.803450451814738,10
4357152,9.91456868202239,5
4357157,9.925070894309174,5
4357158,10.0,1
4357169,9.760971737298823,11
4357179,9.799215656063742,10
4357196,9.630062788716888,17
4357200,9.935095279219384,4
4357210,9.779508255015244,10
4357213,9.962101820349144,3
4357220,9.876881552128758,7
4357223,9.956131421946425,3
4357233,9.777012355974033,10
4357234,10.0,1
4357245,9.797780368478646,11
4357249,9.73378417808374,4
4357250,10.0,1
4357258,9.87837788736556,8
4357273,9.723727316845169,15
4357280,9.850808823492503,7
4357288,9.828408698686903,8
4357300,9.745306857731444,12
4357310,9.776878179942466,10
4357322,9.742197860709721,12
4357338,9.656283738186186,16
4357343,9.916960323502432,5
4357358,9.66340879383211,15
4357366,9.844454478845794,8
4357370,9.943766368995032,4
4357374,9.94821731591518,4
4357388,9.717083130842218,14
4357396,9.83492127079523,8
4357399,9.95417275608025,3
4357407,9.838786210679649,8
4357410,9.960994526183281,3
4357411,10.0,1
4357412,10.0,1
4357421,9.798657212648619,9
4357433,9.75005508925342,12
4357441,9.850175703243021,8
4357453,9.736810844462967,12
4357461,9.840629816405636,8
4357466,9.907071479711451,5
4357477,9.752763975530355,11
4357482,9.918274009768655,5
4357496,9.6734886705275,14
4357505,9.806582198776233,9
4357515,9.792546864585777,10
4357520,9.91530143396978,5
4357530,9.780507730788072,10
4357531,9.991251034809098,1
4357540,9.842233388312069,9
4357549,9.810340457450396,9
4357554,9.908083703019173,5
4357561,9.869616290538282,7
4357573,9.718199447832312,12
4357583,9.786822358710173,10
4357591,9.85303047868101,8
4357598,9.877639851548997,7
4357606,9.84642965645936,8
4357610,9.942661110915262,4
4357624,9.654592227866791,14
4357630,9.891501046365496,6
4357641,9.762944561405618,11
4357646,9.919784310923534,5
4357652,9.89228101192099,6
4357663,9.755175048139035,11
4357671,9.845305290839853,8
4357677,9.900521842407626,6
4357687,9.793029704038613,10
4357703,9.677674592613801,16
4357710,9.871145740140552,7
4357717,9.887644879035898,7
4357726,9.506354055420225,9
4357727,10.0,1
4357739,9.746690082558864,12
4357748,9.810636110997875,9
4357755,9.884527686426274,7
4357772,9.605943600227796,17
4357781,9.81389909395296,9
4357792,9.779405385447719,11
4357807,9.662507565534284,15
4357820,9.7050422060917,13
4357827,9.872321898341228,7
4357832,9.923503318328931,5
4357839,9.861462857403165,7
4357842,9.968670971232688,3
4357866,9.643643302430263,24
4357877,9.76197531337249,11
4357880,9.956508923890471,3
4357897,9.583329150594068,17
4357905,9.820394859549186,8
4357918,9.757272395011661,13
4357928,9.789453829683563,10
4357939,9.760083766528181,11
4357950,9.767725746649234,11
4357966,9.683907893238882,16
4357983,9.669777316833581,17
4357984,9.996189311432792,1
4357996,9.740776928661218,12
4358004,9.848309556484363,8
4358010,9.907318010101543,6
4358011,10.0,1
4358017,9.87874887959024,6
4358018,9.993347168135283,1
4358025,9.697903710673893,7
4358040,9.637109914358364,15
4358047,9.86765768603655,7
4358061,9.64748087968524,14
4358066,9.917943394055916,5
4358075,9.860739911139872,9
4358086,9.766066638919447,11
4358090,9.945974033394243,4
4358099,9.844851832336166,9
4358110,9.843030127838116,11
4358120,9.791281818210505,10
4358130,9.837543112816125,10
4358139,9.828345135744803,9
4358147,9.875778937758446,8
4358148,10.0,1
4358149,10.0,1
4358165,9.757191029921612,16
4358173,9.842066541552136,8
4358177,9.936980459414555,4
4358181,9.94375138033366,4
4358191,9.829380245892327,10
4358206,9.672178585191885,15
4358217,9.773173709105546,11
4358224,9.877322966680904,7
4358235,9.774733795783703,11
4358244,9.820527833165158,9
4358253,9.832913319535452,9
4358254,10.0,1
4358270,9.62297820522688,16
4358271,10.0,1
4358285,9.695034510386298,14
4358295,9.780002890397062,10
4358311,9.711176327664305,16
4358319,9.855288875787748,8
4358325,9.879599840438859,6
4358329,9.951516978390245,4
4358342,9.693083280705679,13
4358348,9.90875345339332,6
4358357,9.816642604526445,9
4358362,9.90915121133586,5
4358373,9.773288386873206,11
4358382,9.816154594072076,9
4358396,9.65898258033014,14
4358404,9.840309624463671,8
4358405,10.0,1
4358425,9.565002471238897,20
4358439,9.691783914788617,14
4358448,9.838840932222572,9
4358449,9.993430043262345,1
4358457,9.862627293853237,8
4358459,9.969653606324984,2
4358465,9.886400629916944,6
4358471,9.88496081660698,6
4358477,9.88186608545339,6
4358487,9.710530645765616,10
4358493,9.893558268184131,6
4358501,9.840067359301422,8
4358504,9.955931545654595,3
4358522,9.609734131839982,18
4358526,9.952772751554004,4
4358533,9.869512746525086,7
4358540,9.858658007680912,7
4358553,9.684609924522805,13
4358560,9.874049398677133,7
4358566,9.896104641987534,6
4358567,10.0,1
4358568,9.992803805492864,1
4358575,9.854832385902556,7
4358581,9.891941889761126,6
4358594,9.728313146924759,13
4358607,9.703676847445807,13
4358617,9.823685844913495,10
4358618,9.996587264289873,1
4358625,9.878708263859215,7
4358635,9.817925557694668,10
4358646,9.755613764539936,11
4358649,9.959537354309553,3
4358654,9.900882512666623,5
4358657,9.956094808305785,3
4358666,9.806749635132972,9
4358678,9.772184111619914,12
4358688,9.411227100607862,10
4358703,9.633604742381396,15
4358705,9.97818223235555,2
4358713,9.855719518185765,8
4358718,9.922356743732202,5
4358730,9.765649180475808,12
4358737,9.868345088419167,7
4358738,9.996474003162499,1
4358749,9.732663054206412,11
4358756,9.890244720040773,7
4358764,9.859884794584056,8
4358772,9.839149141494326,8
4358781,9.80746464960046,9
4358782,10.0,1
4358789,9.875299347290035,7
4358796,9.693073261759169,7
4358799,9.956912246229459,3
4358806,9.789419059038774,7
4358807,10.0,1
4358808,10.0,1
4358815,9.872450967606369,7
4358820,9.914151676730281,5
4358832,9.733552186875231,12
4358840,9.843768589184718,8
4358844,9.924417546097905,4
4358847,9.959702483253691,3
4358856,9.826934546696718,9
4358861,9.92014585603552,5
4358870,9.817541550106244,9
4358881,9.576391835345344,11
4358888,9.883334950756714,7
4358893,9.91092560503253,5
4358898,9.912656706860478,5
4358904,9.88918678540562,6
4358910,9.909532600023644,6
4358921,9.764309136349604,11
4358922,10.0,1
4358937,9.677841780734406,15
4358946,9.806471633196738,9
4358956,9.814251419596957,10
4358961,9.90632983961539,5
4358966,9.914793217446404,5
4358976,9.814513545549561,10
4358983,9.872971992857206,7
4358995,9.732314596343342,12
4359001,9.893891676022154,6
4359014,9.705231131428565,13
4359029,9.630994251821512,15
4359041,9.759135332793916,12
4359052,9.74253678676379,11
4359061,9.817627064933674,9
4359079,9.577506840796767,18
4359091,9.754224858316274,12
4359105,9.734046020266836,14
4359115,9.809745497082828,10
4359122,9.866112510262962,7
4359129,9.88190931459917,7
4359138,9.835670251646977,9
4359145,9.862375320084416,7
4359154,9.830131312217368,9
4359160,9.91063083411066,6
4359163,9.960558307122428,3
4359177,9.698444677733889,14
4359187,9.783988552076307,10
4359194,9.89547934797672,7
4359206,9.716072829554161,12
4359215,9.818245999759675,9
4359224,9.818150043462042,9
4359225,9.996305675065134,1
4359233,9.845767093232094,8
4359241,9.831146174794505,8
4359247,9.88756061705396,6
4359259,9.75943083270275,12
4359262,9.85168363890679,3
4359268,9.88318495467569,6
4359271,9.946078972930632,3
4359288,9.633809947549807,17
4359299,9.75062881151116,11
4359313,9.666363427714963,14
4359324,9.759318104367672,11
4359330,9.899918267605463,6
4359336,9.905990863404618,6
4359346,9.761385729664907,10
4359358,9.768725737403253,12
4359361,9.951214217534636,3
4359362,9.988884649001932,1
4359368,9.893235024883783,6
4359378,9.785840464518154,10
4359389,9.778964416645545,11
4359392,9.952461746283012,3
4359398,9.885622620772185,6
4359405,9.869482171774726,7
4359410,9.916114156305953,5
4359418,9.846483728148485,8
4359427,9.8570126639771,9
4359443,9.640157053365968,16
4359451,9.835903913564605,8
4359460,9.798098653191767,9
4359470,9.79704416199644,10
4359471,10.0,1
4359485,9.701594313305645,14
4359489,9.94146327092019,4
4359500,9.780909174208931,11
4359510,9.78221209364203,10
4359511,10.0,1
4359525,9.698297653065353,14
4359536,9.760315854118895,11
4359546,9.796479483505378,10
4359560,9.737246287243106,14
4359570,9.800945126556973,10
4359578,9.844899513200776,8
4359594,9.613195531628792,16
4359599,9.921338499115054,5
4359603,9.923574287295935,4
4359611,9.84196011804485,8
4359617,9.909792634541079,6
4359622,9.920359112648278,5
4359633,9.756800882541247,11
4359641,9.82628151386816,8
4359646,9.914218617525815,5
4359652,9.881220166280418,6
4359653,10.0,1
4359663,9.82366659423341,10
4359675,9.735745072836716,12
4359689,9.729641641210778,14
4359699,9.815660746371796,10
4359710,9.746629466993882,11
4359711,10.0,1
4359728,9.615541222930885,17
4359729,10.0,1
4359740,9.786877647367213,11
4359750,9.789380951772461,10
4359751,10.0,1
4359752,10.0,1
4359755,9.942379488344297,3
4359763,9.844433944571213,8
4359764,10.0,1
4359771,9.86675931471607,7
4359784,9.413117018577893,13
4359785,10.0,1
4359792,9.859943613097164,7
4359801,9.822863053703962,9
4359805,9.944722616974339,4
4359816,9.749438135860988,11
4359829,9.708116351339333,13
4359841,9.738557792595483,12
4359849,9.82471921865313,8
4359863,9.683255803565888,14
4359877,9.661420206728652,14
4359884,9.868218395167595,7
4359891,9.892579379362095,7
4359895,9.93985350903801,4
4359903,9.834527697457856,8
4359910,9.864717233010346,7
4359921,9.753580881988924,11
4359933,9.723708881817192,12
4359935,9.970022597103597,2
4359936,10.0,1
4359947,9.754755125518324,11
4359950,9.958712597479954,3
4359955,9.913964573149535,5
4359966,9.786630890908874,11
4359973,9.870462314890712,7
4359983,9.775014453559574,10
4359988,9.919431015676818,5
4359999,9.791668649489493,11
4360000,10.0,1
4360009,9.812898797175036,9
4360020,9.763639392682094,11
4360026,9.882966747103787,6
4360035,9.81841674522083,9
4360045,9.755648308570171,10
4360053,9.849305297647403,8
4360054,10.0,1
4360065,9.74797850887288,11
4360072,9.874787389001854,7
4360085,9.716780832149382,13
4360097,9.712741618293926,12
4360107,9.810327005762877,10
4360121,9.691876073365892,14
4360122,9.99651789507986,1
4360136,9.165273680589518,14
4360146,9.797984705169563,10
4360152,9.909650811998175,6
4360161,9.823196730655946,9
4360166,9.920072835410108,5
4360175,9.886251955603738,9
4360176,10.0,1
4360189,9.497088862132722,13
4360190,9.996559732304734,1
4360205,9.671651510623747,15
4360214,9.831152638072346,9
4360220,9.903459825992995,6
4360230,9.834957312904233,10
4360237,9.864727497139882,7
4360238,9.992282901651862,1
4360246,9.836532779444363,8
4360247,9.9878063050565,1
4360252,9.929397914308092,5
4360253,10.0,1
4360256,9.960724558737853,3
4360265,9.798046077239913,9
4360272,9.86166064895087,7
4360280,9.824165922730261,8
4360290,9.787634835936712,10
4360300,9.754642900650927,10
4360308,9.832433427859959,8
4360309,10.0,1
4360312,9.965170282378342,3
4360324,9.741489818337762,12
4360329,9.912466951207,5
4360343,9.683668437011708,14
4360357,9.697439222199819,14
4360361,9.934017473514707,4
4360375,9.683942881507866,14
4360382,9.874027667729003,7
4360386,9.95622438697509,4
4360387,10.0,1
4360398,9.756118981814954,11
4360406,9.857306922560706,8
4360414,9.86907151948372,8
4360420,9.896889539668988,6
4360427,9.852093628350968,7
4360437,9.765224382903124,10
4360443,9.901979262707783,6
4360453,9.769016713803229,10
4360456,9.958771784592525,3
4360458,9.971818169738219,2
4360459,10.0,1
4360471,9.729568472845989,12
4360484,9.688951411219804,13
4360503,9.554679677365334,19
4360515,9.729482556972723,12
4360520,9.917919664075681,5
4360524,9.93748712868416,4
4360530,9.902652576675884,6
4360537,9.888754865553425,7
4360550,9.60128102546578,13
4360556,9.905143945878223,6
4360568,9.761941244068826,12
4360578,9.810042363646554,10
4360589,9.741578522847536,11
4360598,9.824840424012816,9
4360608,9.772214970777618,10
4360614,9.908524342010294,6
4360615,10.0,1
4360629,9.571020229298899,14
4360645,9.600705483538693,16
4360652,9.89984375266598,7
4360662,9.789135702292818,10
4360668,9.900850577953024,6
4360684,9.59129987304786,16
4360690,9.788683988926882,6
4360707,9.588859475583241,17
4360714,9.888014745313761,7
4360723,9.802352346228115,9
4360730,9.880533411989296,7
4360737,9.867758243908085,7
4360742,9.917791625579339,5
4360748,9.900618508499551,6
4360751,9.95898741981211,3
4360758,9.874695870604064,7
4360765,9.861644022392234,7
4360766,9.991982185556243,1
4360774,9.85124895652892,8
4360781,9.894975062267996,7
4360789,9.864781178769919,8
4360798,9.807968545095116,9
4360807,9.80910724653416,9
4360823,9.607968047504205,16
4360834,9.795416434788304,11
4360843,9.797679637447434,9
4360853,9.764360803930224,10
4360865,9.730427394151521,12
4360878,9.727632112507337,13
4360902,5.530983245454445,24
4360907,9.906674257774249,5
4360912,9.915756845274027,5
4360913,10.0,1
4360914,10.0,1
4360923,9.820542937069812,9
4360926,9.956287553151801,3
4360932,9.888810188215382,6
4360943,9.785095942514902,11
4360953,9.780625571505727,10
4360954,10.0,1
4360964,9.294891636627604,10
4360976,9.74919055833889,12
4360985,9.816553726929653,9
4360988,9.958465866665211,3
4360994,9.879325665728677,6
4361001,9.878149917069978,7
4361009,9.841276230003027,8
4361026,9.630455919250167,17
4361028,9.97788865352756,2
4361037,9.821077674985814,9
4361042,9.912089869742497,5
4361043,10.0,1
4361050,9.856014465033395,7
4361058,9.838861828067335,8
4361074,9.655395742216179,16
4361085,9.772835565642824,11
4361088,9.95943887585751,3
4361092,9.951176651327865,4
4361106,9.68448565845389,14
4361109,9.967551911959152,3
4361111,9.980683463234012,2
4361126,9.642125555818945,15
4361137,9.753512888100772,11
4361138,9.99648580606088,1
4361147,9.833418904070312,9
4361150,9.949830475303665,3
4361151,10.0,1
4361156,9.903606018435442,5
4361162,9.884749824259062,6
4361171,9.839860930596615,9
4361177,9.896044493536987,6
4361188,9.781894833747193,11
4361199,9.74152692605974,11
4361207,9.820894705701518,8
4361213,9.910708454485777,6
4361216,9.958809789577133,3
4361223,9.862684653443722,7
4361240,9.701637561300396,17
4361249,9.838838650765874,9
4361261,9.76825089114006,12
4361267,9.887820257963904,6
4361280,9.713758863269252,13
4361287,9.859129724336023,7
4361298,9.757507030778646,11
4361304,9.889454372548602,6
4361319,9.646730729134081,15
4361332,9.729539765920592,13
4361343,9.768666050325992,11
4361352,9.832639437673704,9
4361362,9.795170702028223,10
4361377,9.676465167556488,15
4361378,10.0,1
4361386,9.842339852044262,8
4361393,9.871276159541702,7
4361399,9.900767244144964,6
4361401,9.974381425357453,2
4361408,9.877571920158589,7
4361419,9.7721949611845,11
4361426,9.87436971013129,7
4361430,9.929212655714862,4
4361444,9.684308839654841,14
4361445,10.0,1
4361450,9.922722842413128,5
4361459,9.812248625774489,9
4361465,9.872819417601765,6
4361475,9.787745085002962,10
4361484,9.816475852939242,9
4361490,9.887450420292257,6
4361497,9.86711306877508,7
4361508,9.760670212676056,11
4361523,9.664229898219533,15
4361534,9.766961861173298,11
4361542,9.849122252980514,8
4361548,9.877961729285312,6
4361556,9.835973364308783,8
4361565,9.829905674453268,9
4361569,9.928793117804114,4
4361575,9.88794409832389,6
4361579,9.9431889873445,4
4361589,9.788945693492197,10
4361596,9.869355971234887,7
4361607,9.79131295556479,11
4361614,9.876451531866284,7
4361629,9.668097681602925,15
4361638,9.816565121944477,9
4361647,9.315029024797981,9
4361659,9.74225254957306,12
4361671,9.759883295893838,12
4361672,9.989035708223241,1
4361683,9.76202144714065,11
4361694,9.769437644325778,11
4361698,9.935550913514678,4
4361703,9.91626284753237,5
4361714,9.76649747217756,11
4361718,9.937227221143424,4
4361727,9.826197513666834,9
4361728,10.0,1
4361740,9.741677063029572,12
4361741,10.0,1
4361742,10.0,1
4361746,9.944557561367565,4
4361747,10.0,1
4361751,9.93641641022436,4
4361752,10.0,1
4361765,9.717650902590577,13
4361766,9.993021736906,1
4361774,9.837674696896432,8
4361783,9.809862911862202,9
4361790,9.882338908817383,7
4361801,9.70788727181054,11
4361805,9.942753159539336,4
4361819,9.693693231244746,14
4361827,9.845656847865765,8
4361840,9.720151386512985,13
4361849,9.821573996072937,9
4361861,9.756173752951506,12
4361867,9.899898616287153,6
4361873,9.698953352552689,6
4361874,10.0,1
4361878,9.926235378158864,4
4361880,9.982288023404672,2
4361883,9.958713792530057,3
4361889,9.895272313912349,6
4361898,9.830227252468942,9
4361899,10.0,1
4361904,9.921028245218118,5
4361911,9.871247186588022,7
4361926,9.643919120848842,15
4361927,10.0,1
4361936,9.83876102510573,9
4361943,9.874711211287702,7
4361944,10.0,1
4361959,9.134353203564228,15
4361967,9.839556255670287,8
4361979,9.751535477515509,12
4361988,9.824529086255177,9
4361996,9.826145319867328,8
4362003,9.867862502294747,7
4362012,9.8110597814385,9
4362023,9.795516406016656,11
4362026,9.969825375823158,3
4362029,9.950185228734767,3
4362030,9.995775318686395,1
4362035,9.927741015638299,5
4362036,10.0,1
4362053,9.615386904959973,17
4362056,9.966030972127305,3
4362075,9.549167343650431,19
4362084,9.803947326591189,9
4362097,9.73587993151772,13
4362100,9.965925559477673,3
4362109,9.790710638196328,9
4362122,9.610904971626614,13
4362129,9.86319692259499,7
4362137,9.84842800667907,8
4362144,9.878371180475389,7
4362154,9.78348755537287,10
4362162,9.826160639389425,8
4362163,10.0,1
4362173,9.795298376213161,10
4362182,9.803411854116332,9
4362189,9.872277383239146,7
4362190,10.0,1
4362201,9.78731415138541,11
4362210,9.803877410685983,9
4362213,9.965962483620252,3
4362214,10.0,1
4362223,9.795448891496148,9
4362235,9.735869417553248,12
4362243,9.839656014833235,8
4362259,9.621243469555266,16
4362263,9.941941236403276,4
4362267,9.926285203245598,4
4362276,9.801697578559345,9
4362283,9.859573558512734,7
4362287,9.948162238048257,4
4362303,7.130075088046196,16
4362314,9.77466135764862,11
4362335,9.417008980189213,21
4362344,9.8244354849172,9
4362348,9.935247205501351,4
4362364,9.628852679510938,16
4362365,10.0,1
4362379,9.6965897834914,14
4362399,9.540290255037519,20
4362410,9.76307078248514,11
4362420,9.79650665428402,10
4362429,9.831468472782204,9
4362432,9.950639264731219,3
4362434,9.769343761229294,2
4362445,9.751154254472315,11
4362458,9.743933070982713,13
4362468,9.786569499576254,10
4362472,9.93970254981226,4
4362479,9.880036927387694,7
4362485,9.898642822593274,6
4362499,9.669976791953342,14
4362504,9.9006658354477,5
4362508,9.935733476329716,4
4362516,9.880764428756764,8
4362518,9.980523037619827,2
4362522,9.946433606521072,4
4362532,9.832360360926064,10
4362544,9.77286445792323,12
4362555,9.785041609746237,11
4362568,9.694133023971318,13
4362578,9.797031490886809,10
4362584,9.92022271135947,6
4362597,9.719848379861846,13
4362603,9.898362677021787,6
4362614,9.781146498866262,11
4362626,9.775111934107672,12
4362635,9.812518846072502,9
4362640,9.913801491804163,5
4362653,9.762036613509611,13
4362659,9.88499270335525,6
4362666,9.874968283207476,7
4362677,9.765301923957995,11
4362680,9.957266788928818,3
4362689,9.81846990257622,9
4362700,9.749976943903548,11
4362708,9.840182495599462,8
4362721,9.723571659999916,13
4362731,9.78092573797392,10
4362740,9.822902199570569,9
4362748,9.818707634468986,8
4362753,9.916630952840572,5
4362769,9.620779311622243,16
4362777,9.832082485705598,8
4362794,9.652759716648335,17
4362800,9.882430391112035,6
4362805,9.919125160789015,5
4362815,9.787314110078933,10
4362825,9.778902200057603,10
4362835,9.81922132579569,10
4362848,9.701143330476464,13
4362857,9.819398494989434,9
4362872,9.652622597380024,15
4362883,9.790736980388685,11
4362892,9.814244640518378,9
4362895,9.968969853516358,3
4362907,9.744653919703069,12
4362915,9.856403626282715,8
4362925,9.808616745312209,10
4362937,9.726084610068407,12
4362953,9.632228117376743,16
4362966,9.76361670370844,13
4362968,9.978806254666186,2
4362976,9.834429613046616,8
4362991,9.681374045423428,15
4362998,9.890058946844986,7
4362999,10.0,1
4363008,9.83560354944868,9
4363015,9.883467120552034,7
4363020,9.92738274194706,5
4363025,9.931849627622583,5
4363026,10.0,1
4363027,10.0,1
4363029,9.978866426787985,2
4363033,9.944655845876214,4
4363048,9.63785558291483,15
4363057,9.818895261684673,9
4363065,9.849290979730714,8
4363066,10.0,1
4363078,9.746856211957638,12
4363089,9.768429493307975,11
4363098,9.803808358012247,9
4363112,9.699334296601949,14
4363122,9.809297925558228,10
4363129,9.860403050539773,7
4363142,9.70002658867131,13
4363149,9.858713291561763,7
4363154,9.9058460370059,5
4363161,9.867989503562603,7
4363166,9.916614613167063,5
4363173,9.851879351089279,7
4363175,9.977955891423349,2
4363176,10.0,1
4363177,9.98985961149211,1
4363183,9.909439109516525,6
4363188,9.906429496590983,5
4363198,9.776334503436946,10
4363205,9.879550306924887,7
4363218,9.726567962719423,13
4363228,9.784261781018351,10
4363240,9.744402882302499,12
4363244,9.92441764920671,4
4363257,9.714876807799088,13
4363258,10.0,1
4363270,9.748188957987429,12
4363277,9.866146125911401,7
4363289,9.761384247167388,12
4363304,9.66486370964112,15
4363313,9.807981140325296,9
4363322,9.807402093860674,9
4363329,9.881382647720956,7
4363340,9.759632209565668,11
4363348,9.851175103321369,8
4363350,9.980244878645909,2
4363355,9.892947278134095,5
4363373,9.585027535685455,18
4363382,9.806467131742213,9
4363387,9.912888249863688,5
4363393,9.903504108623315,6
4363394,10.0,1
4363395,10.0,1
4363422,9.297528273934157,27
4363431,9.831268178286159,9
4363442,9.77090912437282,11
4363451,9.827714281550803,9
4363455,9.94291135006053,4
4363471,9.640672314303373,16
4363477,9.90421426265846,6
4363486,9.825971269268374,9
4363498,9.72034127289872,12
4363500,9.978964353946752,2
4363518,9.586081762564962,18
4363528,9.796808093857635,10
4363537,9.826028663995547,9
4363551,9.684914894770149,14
4363554,9.950331601007584,3
4363563,9.817760342085462,9
4363575,9.75215528916577,12
4363577,9.978605408806297,2
4363586,9.799010793875693,9
4363589,9.964623876354567,3
4363594,9.91384410965708,5
4363607,9.732056844002969,13
4363618,9.739834120251883,11
4363622,9.929803056895727,4
4363625,9.951415592965116,3
4363633,9.830690676179444,8
4363637,9.94361125634141,4
4363644,9.864559763223092,7
4363650,9.88585255581635,6
4363659,9.805636695053742,9
4363666,9.86321750412481,7
4363674,9.842279244680583,8
4363679,9.903509497663968,5
4363685,9.88178660610257,6
4363699,9.701149048364215,14
4363708,9.816075781131198,9
4363720,9.762150218111934,12
4363729,9.841210370298027,9
4363733,9.941379899584065,4
4363737,9.927288110981817,4
4363755,9.552687546734399,18
4363768,9.735658110101042,13
4363772,9.937757840615882,4
4363785,9.72120331518597,13
4363793,9.830109616613631,8
4363807,9.683195659800173,14
4363813,9.894575851556917,6
4363820,9.852558836590555,7
4363835,9.715622531991928,15
4363847,9.74946176424012,12
4363848,10.0,1
4363859,9.778357437438643,11
4363860,9.991882251697575,1
4363867,9.87722835213694,7
4363870,9.9643243710836,3
4363877,9.869292973574845,7
4363890,9.725922485571328,13
4363901,9.790386697800116,11
4363908,9.87484874949739,7
4363912,9.931942802628297,4
4363928,9.639070685899073,16
4363934,9.89641170127457,6
4363943,9.827508449400915,9
4363955,9.73809361805774,12
4363963,9.86373199507327,8
4363966,9.950184610388423,3
4363971,9.909587120401435,5
4363976,9.909126608135807,5
4363980,9.938156633792246,4
4363987,9.903218568170631,7
4363997,9.803287475330183,10
4364000,9.96620050495953,3
4364010,9.793055386517919,10
4364017,9.855416653660397,7
4364026,9.792997583433028,9
4364030,9.940061029139686,4
4364043,9.69415318176144,13
4364044,10.0,1
4364048,9.943979582396764,4
4364051,9.957674397774436,3
4364066,9.683563206887385,15
4364076,9.800792560690212,10
4364083,9.874821183949164,7
4364088,9.904485047184549,5
4364097,9.827098717563668,9
4364105,9.838649957905597,8
4364113,9.849167475344949,8
4364121,9.86534989397654,8
4364123,9.978332951825566,2
4364133,9.811078444099861,10
4364147,9.688235772871524,14
4364152,9.93434212753832,5
4364162,9.697119619087708,10
4364170,9.568848906810224,8
4364181,9.773279130223752,11
4364189,9.826197700623531,8
4364195,9.894970372124398,6
4364206,9.639463673090797,11
4364218,9.716066093937727,12
4364228,9.620976009766677,10
4364234,9.895044698834068,6
4364243,9.794108629067154,9
4364253,9.80529765279306,10
4364263,9.820687926810383,10
4364270,9.8557890284429,7
4364276,9.904496804065069,6
4364285,9.715403175204322,9
4364290,9.92350129369288,5
4364294,9.930409093013475,4
4364299,9.906163722880606,5
4364308,9.861337780247014,9
4364317,9.819261632865949,9
4364325,9.846613318000976,8
4364336,9.769921057086702,11
4364346,9.818158657839525,10
4364350,9.929830097600739,4
4364362,9.558339635019347,12
4364370,9.766850911016942,8
4364384,9.601705525677518,14
4364391,9.869265443060828,7
4364403,9.741770728842061,12
4364413,9.797676850178032,10
4364420,9.85977710045175,7
4364428,9.846387366028507,8
4364443,8.861502959018974,15
4364447,9.934585213714756,4
4364456,9.806885428606213,9
4364464,9.856200315347024,8
4364465,10.0,1
4364471,9.902301104413908,6
4364482,9.769562355681947,11
4364494,9.758460341531709,12
4364517,9.43443858933812,23
4364527,9.782385268275693,10
4364535,9.827321546604805,8
4364546,9.756047694440376,11
4364551,9.908355383181446,5
4364566,9.681317435431183,15
4364578,9.715030673623845,12
4364585,9.874894221005771,7
4364598,9.711402616207396,13
4364607,9.824292600976483,9
4364612,9.933041382634096,5
4364619,9.858639527100651,7
4365119,-84.2412918289322,500
4365135,9.63925343484887,16
4365140,9.90565474005641,5
4365147,9.850272841314416,7
4365148,9.993620788394223,1
4365163,9.66198725024361,15
4365169,9.904694325037209,6
4365174,9.91891976794012,5
4365176,9.974528599892164,2
4365191,9.66755740549046,15
4365198,9.894739083388476,7
4365219,9.586959360095515,21
4365228,9.829940323650955,9
4365243,9.758803917473836,15
4365255,9.749893247244792,12
4365268,9.723714162336236,13
4365270,9.982210846360184,2
4365282,9.739078495618925,12
4365291,9.834136010122734,9
4365300,9.821185726240932,9
4365311,9.582029172105736,11
4365323,9.733896971258071,12
4365333,9.78749953926298,10
4365342,9.806346642533766,9
4365351,9.824742661968111,9
4365363,9.75860757150713,12
4365364,10.0,1
4365367,9.950206547613176,3
4365378,9.753760821090776,11
4365389,9.788866323200347,11
4365394,9.931777202700836,5
4365411,9.64255243475372,17
4365417,9.895658448737485,6
4365425,9.851557275538267,8
4365436,9.755441573849147,11
4365452,9.163474681496071,16
4365465,9.697840490807025,13
4365466,10.0,1
4365474,9.87820478046449,8
4365489,9.492614629721576,15
4365499,9.775040673803083,10
4365511,9.725506070511592,12
4365523,9.746232533232646,12
4365534,9.768787235068991,11
4365537,9.96081287311683,3
4365548,9.755612537482575,11
4365551,9.968510423181355,3
4365561,9.801308040122864,10
4365574,9.683845838322634,13
4365581,9.79487286908656,7
4365593,9.749085300140175,12
4365603,9.802547415386208,10
4365614,9.70232348084917,11
4365615,10.0,1
4365624,9.8284773953724,9
4365637,9.728255263610562,13
4365639,9.976091876886326,2
4365650,9.774121048171276,11
4365651,10.0,1
4365662,9.656754635103086,11
4365675,9.718708728264673,13
4365689,9.692862935890922,14
4365702,9.75128539604226,13
4365715,9.7100322407999,13
4365726,9.813855582532804,11
4365738,9.721331171891922,12
4365749,9.765697830102075,11
4365762,9.692161621170277,13
4365767,9.921491925046626,5
4365776,9.511283273326038,9
4365781,9.912593100479356,5
4365785,9.940445848395191,4
4365794,9.808655592637935,9
4365808,9.686020584143625,14
4365809,10.0,1
4365817,9.8600258697815,8
4365832,9.64479445219455,15
4365833,9.989708963230461,1
4365843,9.605388942941241,10
4365854,9.770146869463854,11
4365858,9.946813003860433,4
4365859,10.0,1
4365868,9.824326844421886,9
4365876,9.85414254820025,8
4365892,9.673506926706098,16
4365895,9.957552958156096,3
4365902,9.896068835993185,7
4365909,9.885820696929636,7
4365918,9.846615506182513,9
4365926,9.850596672509873,8
4365940,9.76056891321966,14
4365941,9.989751379265922,1
4365952,9.767471772092684,11
4365963,9.805221570427168,11
4365969,9.921949663048828,6
4365979,9.819388213295179,10
4365980,10.0,1
4366000,9.571476871567658,20
4366004,9.941177673707069,4
4366010,9.894097566429606,6
4366021,9.768995679461678,11
4366030,9.804732396923637,9
4366039,9.793525760396829,9
4366047,9.857672909734328,8
4366055,9.861542138118567,8
4366056,10.0,1
4366068,9.72634412461622,12
4366080,9.816040241090338,12
4366082,9.973212419473269,2
4366092,9.7717013750079,10
4366098,9.889710778941225,6
4366113,9.586871973785135,15
4366130,9.620786688872352,17
4366141,9.733617033559788,11
4366147,9.905703878267188,6
4366159,9.75608538324724,12
4366171,9.716119253825056,12
4366179,9.755889056897821,8
4366187,9.844405348353373,8
4366198,9.553811564871536,11
4366199,10.0,1
4366209,9.811912180791829,10
4366220,9.788081967300746,11
4366232,9.724381972744057,12
4366243,9.766230839433181,11
4366252,9.811459453131404,9
4366257,9.915693250034161,5
4366267,9.776247908928235,10
4366278,9.74526172318943,11
4366288,9.758478481808416,10
4366301,9.732291339307848,13
4366311,9.772863728076327,10
4366326,9.648796199909118,15
4366327,10.0,1
4366338,9.75035642803211,11
4366348,9.796065546637779,10
4366358,9.77956285430314,10
4366366,9.84010657390908,8
4366375,9.807482866328698,9
4366386,9.77249499807632,11
4366392,9.899408176896147,6
4366403,9.75917567118011,11
4366405,9.973237466348548,2
4366413,9.820079525869804,8
4366419,9.8907536370592,6
4366428,9.824161613103763,9
4366435,9.882005027140464,7
4366442,9.871000263116684,7
4366446,9.952670795388068,4
4366450,9.936525216265263,4
4366452,9.971072955905898,2
4366455,9.959839125496693,3
4366460,9.922306611606095,5
4366468,9.822850975519666,8
4366470,9.978864879958323,2
4366473,9.958990442089247,3
4366489,9.639810615116925,16
4366496,9.887814060361302,7
4366506,9.819161938911044,10
4366513,9.862515531907475,7
4366523,9.771228304712553,10
4366524,10.0,1
4366530,9.882861912964945,6
4366531,10.0,1
4366536,9.910585131233415,5
4366553,9.605475032278164,17
4366555,9.973946403021824,2
4366561,9.890514850465367,6
4366569,9.869301120955145,8
4366570,10.0,1
4366576,9.894619667003123,6
4366585,9.817573773136308,9
4366594,9.810289588931042,9
4366595,10.0,1
4366599,9.937346360871471,4
4366607,9.8362044382581,8
4366608,10.0,1
4366619,9.748749607377668,11
4366629,9.802910160312369,10
4366634,9.92852907216116,5
4366646,9.739658315814346,12
4366654,9.856391465141545,8
4366664,9.781132931515689,10
4366674,9.815585864439832,10
4366679,9.917114747527934,5
4366691,9.721868128555995,12
4366702,9.762226851996818,11
4366717,9.64619593254042,15
4366732,9.66101408345602,15
4366744,9.748112425767767,12
4366752,9.846487880867176,8
4366771,9.598761012360786,19
4366779,9.842173725055781,8
4366786,9.859672770144284,7
4366791,9.921035761837157,5
4366804,9.586577133087356,13
4366808,9.933094219039027,4
4366814,9.905165316857131,6
4366822,9.821728183867313,8
4366823,9.992415410611603,1
4366829,9.89395464454865,6
4366836,9.880430633579609,7
4366837,9.989314043809703,1
4366845,9.83161257826014,8
4366851,9.878652905192691,6
4366856,9.928918031354462,5
4366864,9.85937274475819,8
4366867,9.964137491973204,3
4366868,10.0,1
4366873,9.901295019552006,5
4366883,9.781947309235505,10
4366891,9.851498238206455,8
4366900,9.820981632957563,9
4366906,9.906051002394426,6
4366911,9.927089593905901,5
4366912,10.0,1
4366917,9.919662121329567,5
4366926,9.804469002255516,9
4366933,9.85690457874408,7
4366942,9.805628752765847,9
4366957,9.651948628665348,15
4366968,9.775870860029904,11
4366976,9.838024112935033,8
4366980,9.941925480880004,4
4366995,9.676868885005234,15
4367001,9.900922800452435,6
4367002,10.0,1
4367010,9.845639992642697,8
4367025,9.641994447566864,15
4367035,9.768672672614146,10
4367043,9.850663956059057,8
4367044,10.0,1
4367050,9.905680127573458,6
4367058,9.842185509443212,8
4367067,9.809427379047731,9
4367072,9.72557781851034,5
4367073,10.0,1
4367083,9.793661772309731,10
4367088,9.931103432798162,5
4367093,9.918985151067028,5
4367095,9.976071213117429,2
4367099,9.92543462422761,4
4367107,9.820046991260142,8
4367111,9.931031190360114,4
4367112,10.0,1
4367125,9.780790093322032,13
4367135,9.771706810003662,10
4367137,9.970816533410026,2
4367143,9.898502367741997,6
4367152,9.808553878345577,9
4367170,9.60669814448383,18
4367182,9.735549619466012,12
4367195,9.685243172087159,13
4367196,10.0,1
4367212,9.641305345640678,16
4367230,9.601197924250938,18
4367237,9.912258316163006,7
4367247,9.809121596331137,10
4367260,9.701822606436464,13
4367265,9.923069433527653,5
4367272,9.886044226911867,7
4367279,9.865845199508675,7
4367285,9.91149436538571,6
4367286,9.99210460930862,1
4367295,9.835344552301782,9
4367308,9.69068447263748,13
4367319,9.782867433501231,11
4367320,10.0,1
4367321,10.0,1
4367324,9.966087692328717,3
4367338,9.694312880020282,14
4367341,9.96191277509609,3
4367342,10.0,1
4367354,9.75462244459158,12
4367363,9.822053290164076,9
4367374,9.784005282248243,11
4367386,9.718829401977962,12
4367388,9.978982602158297,2
4367395,9.84702793089273,7
4367401,9.786183327941455,6
4367412,9.78359075736758,11
4367444,4.495984828583334,32
4367450,9.880635456521231,6
4367458,9.860869381494902,8
4367463,9.920355676570296,5
4367472,9.824125593109246,9
4367475,9.971400733446588,3
4367482,9.874146579193653,7
4367493,9.760189601443015,11
4367507,9.674148646896374,14
4367515,9.840444145171983,8
4367521,9.876285888845505,6
4367525,9.951534053599671,4
4367526,10.0,1
4367539,9.71331654224913,13
4367544,9.92961424628816,5
4367557,9.696815594367955,13
4367571,9.680335797855113,14
4367577,9.888862255122273,6
4367594,9.594768643004642,17
4367604,9.793877124879169,10
4367612,9.851896668333119,8
4367615,9.95364694568003,3
4367621,9.894345984647662,6
4367626,9.926462120725773,5
4367639,9.688021163815126,13
4367642,9.962902741315839,3
4367651,9.816455511170108,9
4367662,9.759773840920973,11
4367671,9.81092554969989,9
4367679,9.868062540668996,8
4367698,9.221050185067915,19
4367709,9.789383750469256,11
4367720,9.765071161566663,11
4367730,9.816170854133995,10
4367735,9.907943745840631,5
4367751,9.62871915600674,16
4367762,9.792337287325589,11
4367775,9.72294294449732,13
4367782,9.893786254174273,7
4367794,9.754867858458594,12
4367796,9.983949640059368,2
4367812,9.622074207955537,16
4367816,9.929456665003718,4
4367822,9.90045184552811,6
4367830,9.842725915253435,8
4367834,9.94471928435959,4
4367844,9.79204675548524,10
4367852,9.835236197637999,8
4367868,9.64744313513138,16
4367872,9.933483883841504,4
4367882,9.796562824636949,10
4367898,9.629184695728457,16
4367903,9.916200903424167,5
4367914,9.775584009216896,11
4367920,9.899243829977621,6
4367926,9.896346437813586,6
4367932,9.88791478720465,6
4367939,9.862990722099312,7
4367940,10.0,1
4367944,9.942010916328986,4
4367954,9.794077505227405,10
4367957,9.963457671089383,3
4367968,9.771629204079154,11
4367980,9.516076410824017,12
4367985,9.920613705449908,5
4367993,9.864698393681355,8
4367998,9.905505140438155,5
4368011,9.70404053543559,13
4368016,9.91784494384872,5
4368035,9.379990622967096,19
4368039,9.944831401668406,4
4368046,9.861398036137691,7
4368059,9.70631788813184,13
4368067,9.849741286808852,8
4368075,9.839452259526682,8
4368079,9.84791467205939,4
4368086,9.861692599731919,7
4368093,9.869706077650418,7
4368104,9.68611134469756,11
4368107,9.953357901215892,3
4368117,9.750204319717048,10
4368120,9.959470617366811,3
4368620,-154.79353104946372,500
4368633,9.729418329551152,13
4368644,9.840773214928124,11
4368645,10.0,1
4368648,9.9541246180528,3
4368655,9.865424116082785,7
4368662,9.887561818750568,7
4368663,10.0,1
4368677,9.658640692528017,14
4368685,9.805894957073246,8
4368693,9.846325010350322,8
4368698,9.924845377147228,5
4368712,9.68933040122392,14
4368717,9.905835405761165,5
4368731,9.667125306407456,14
4368737,9.88766256232332,6
4368742,9.936418228611982,5
4368754,9.726846834241032,12
4368759,9.920270749021553,5
4368772,9.748718014067435,13
4368782,9.756569185353639,10
4368787,9.908127234320323,5
4368799,9.75538605584683,12
4368806,9.866996417067929,7
4368820,9.681541865266006,14
4368827,9.873266494767233,7
4368849,9.509767918502678,22
4368858,9.85698282097261,9
4368871,9.695976808104273,13
4368877,9.895696001587128,6
4368890,9.676108303485016,13
4368893,9.968887000206701,3
4368898,9.920256104812506,5
4368909,9.78275302132309,11
4368920,9.760616755342578,11
4368930,9.830779785828607,10
4368943,9.714468499370724,13
4368952,9.796968990203103,9
4368960,9.843872545051347,8
4368973,9.698780172151928,13
4368980,9.871221545561172,7
4368993,9.719375468835265,13
4369001,9.84760675323442,8
4369010,9.820487899828287,9
4369016,9.908037982548958,6
4369028,9.722062269917453,12
4369029,9.992695564628761,1
4369040,9.73573736099106,11
4369048,9.63050762702357,8
4369059,9.772283697770403,11
4369068,9.825820154734286,9
4369074,9.903766625417571,6
4369080,9.898075790276879,6
4369088,9.8691027916374,8
4369104,9.649900175857455,16
4369105,10.0,1
4369119,9.694738950347718,14
4369136,9.573222102545266,17
4369138,9.98455700233294,2
4369147,9.796063645566388,9
4369159,9.760848642191931,12
4369172,9.716406091164036,13
4369179,9.874347945452358,7
4369193,8.215506249879912,14
4369209,9.674193171247937,16
4369219,9.81349731884128,10
4369230,9.75513811466141,11
4369241,9.613678581108436,11
4369250,9.820749119232008,9
4369252,9.974821885490694,2
4369255,9.960781743137831,3
4369265,9.792094326806946,10
4369278,9.72760227314785,13
4369290,9.751362313446354,12
4369294,9.94300322380424,4
4369299,9.91654721806068,5
4369300,10.0,1
4369304,9.940713835748891,4
4369312,9.856111162937342,8
4369325,9.725610615468733,13
4369332,9.864104989502625,7
4369348,9.665347537097794,16
4369349,10.0,1
4369355,9.898232158626667,6
4369366,9.663534597125693,11
4369373,9.84106977290346,7
4369377,9.940133034482162,4
4369381,9.93129736636747,4
4369383,9.976807408398802,2
4369390,9.844072804725757,7
4369397,9.85843056597624,7
4369408,9.742677609829894,11
4369415,9.872737816832032,7
4369427,9.751600560990294,12
4369433,9.904274586002867,6
4369448,9.65499025881327,15
4369450,9.97227816252933,2
4369460,9.798998655608738,10
4369466,9.891575202567465,6
4369472,9.876494563189876,6
4369477,9.910214463218932,5
4369492,9.665476777330397,15
4369493,10.0,1
4369507,9.684831724514705,14
4369516,9.809902061698809,9
4369530,9.692031878146912,14
4369535,9.925715646684607,5
4369544,9.815783264559919,9
4369552,9.858954803483059,8
4369562,9.777605578107755,10
4369566,9.929010672350923,4
4369573,9.87473318611254,7
4369584,9.767979357905068,11
4369590,9.880681801451738,6
4369601,9.761702272287287,11
4369613,9.769214317059976,12
4369625,9.72463060238358,12
4369634,9.813368393565593,9
4369644,9.77117544729536,10
4369645,10.0,1
4369651,9.895540437725172,6
4369652,10.0,1
4369658,9.890267854609064,6
4369665,9.870113090568896,7
4369666,10.0,1
4369678,9.7400920991752,12
4369689,9.755265266933218,11
4369697,9.829086395139392,8
4369701,9.935842965048552,4
4369711,9.775913089355798,10
4369720,9.807474787492739,9
4369724,9.948369175569036,4
4369725,10.0,1
4369734,9.822533950431753,9
4369747,9.686149823147588,13
4369757,9.792790878597343,10
4369769,9.624646409990865,12
4369774,9.92057200845573,5
4369789,9.65903552716038,15
4369798,9.824648482678038,9
4369806,9.858797508832431,8
4369821,9.678500677463628,15
4369833,9.721683401309662,12
4369839,9.896753593865894,6
4369854,9.651820133021104,15
4369866,9.763831154985287,12
4369876,9.77068896222767,10
4369886,9.787050300793243,10
4369889,9.971741126745817,3
4369891,9.985525148886381,2
4369892,10.0,1
4369903,9.768530768798243,11
4369904,9.99233072031873,1
4369917,9.700416848577373,13
4369925,9.82703250657387,8
4369931,9.90516313126561,6
4369932,9.98952920167657,1
4369937,9.933879484455595,5
4369948,9.75345316004689,11
4369955,9.858423778447156,7
4369966,9.756732360566366,11
4369967,10.0,1
4369976,9.859056712281772,9
4369981,9.924748026034525,5
4369987,9.90563157419524,6
4370000,9.722020981514703,13
4370007,9.872287805144568,7
4370022,9.650025021117525,15
4370033,9.798322103408283,11
4370041,9.822304701343969,8
4370057,9.663826765531073,16
4370060,9.95873929231704,3
4370065,9.931700083473986,5
4370075,9.787496640804033,10
4370080,9.909729773621837,5
4370087,9.885790785627936,7
4370102,9.45847092238795,15
4370109,9.849996741423244,7
4370110,10.0,1
4370121,9.79580213522963,11
4370136,9.683737666065731,15
4370143,9.883953277282542,7
4370152,9.612044164323923,9
4370162,9.803167251090066,10
4370176,9.662760849748913,14
4370179,9.96024781554997,3
4370186,9.847864887259455,7
4370195,9.82728181563347,9
4370196,10.0,1
4370206,9.786166428016493,10
4370215,9.813671282855223,9
4370222,9.87215248130588,7
4370232,9.784769173766733,10
4370240,9.871985929415438,8
4370251,9.754688479718844,11
4370254,9.966134318742105,3
4370263,9.803742911237455,9
4370264,10.0,1
4370273,9.802157918209899,9
4370282,9.79900731285255,9
4370293,9.775951957946296,11
4370294,10.0,1
4370295,10.0,1
4370307,9.74147823059353,12
4370316,9.839792957843787,9
4370330,9.67764154287154,14
4370335,9.913272435877277,5
4370337,9.980362746693068,2
4370355,9.600082613488967,18
4370363,9.831611906672972,8
4370375,9.73584795544141,12
4370376,9.993114689084315,1
4370384,9.82896091289535,8
4370385,10.0,1
4370394,9.835476133235765,9
4370407,9.72817532505153,13
4370417,9.78807232447494,10
4370423,9.884245059003293,6
4370432,9.8278392278918,9
4370439,9.864486486710746,7
4370447,9.864332810279237,8
4370453,9.907352054284544,6
4370470,9.383127670605685,17
4370479,9.825703939752719,9
4370489,9.796405433002237,10
4370490,10.0,1
4370492,9.97813068795501,2
4370505,9.709741369203376,13
4370512,9.87964351909467,7
4370522,9.801491627598894,10
4370531,9.792474002991515,9
4370541,9.782001025295008,10
4370558,9.599208873222192,17
4370569,9.762472360489399,11
4370573,9.940400858328177,4
4370581,9.843739299044257,8
4370582,10.0,1
4370594,9.733215474088924,12
4370609,9.695843213015817,15
4370619,9.808839223362103,10
4370621,9.970390056471585,2
4370626,9.90755877746049,5
4370637,9.757383290529438,11
4370644,9.902929190219789,7
4370652,9.845757552055854,8
4370669,9.599787256023754,17
4370684,9.699555914419953,15
4370692,9.852726154145135,8
4370702,9.809138569474621,10
4370719,9.439236305344016,17
4370728,9.845553225112548,9
4370729,9.993029839042107,1
4370740,9.57544827134574,11
4370742,9.971847896760726,2
4370754,9.729949755147086,12
4370766,9.74162800416065,12
4370785,9.538397193870598,19
4370792,9.89112333887701,7
4370799,9.871450335644772,7
4370802,9.955033250361698,3
4370813,9.757662890167863,11
4370824,9.738018003222786,11
4370836,9.735941394082149,12
4370842,9.891010485375565,6
4370853,9.78257274527374,11
4370861,9.859234828150171,8
4370874,9.723436817630445,13
4370888,9.681568363626447,14
4370897,9.789237549792611,9
4370907,9.78947964056686,10
4370908,10.0,1
4370921,9.742036251000789,13
4370923,9.970974814626631,2
4370933,9.7876264764063,10
4370950,9.584660870076966,17
4370951,10.0,1
4370960,9.837228741169753,9
4370968,9.84511588389407,8
4370980,9.716907851054138,12
4370981,10.0,1
4370995,9.679015195801316,14
4371006,9.76122054466002,11
4371014,9.833600065367634,8
4371024,9.786346067062007,10
4371031,9.86667151441907,7
4371048,9.63239676954616,17
4371051,9.97070685903033,3
4371054,9.957571791824105,3
4371057,9.955106388763694,3
4371069,9.71826078303189,12
4371074,9.927712411868868,5
4371080,9.882021861290111,6
4371093,9.705520339947201,13
4371105,9.772713709437888,12
4371122,9.656339981973998,17
4371130,9.838337484098213,8
4371143,9.726365961157779,13
4371147,9.93137031191477,4
4371152,9.92270991632107,5
4371165,9.715035867434938,13
4371180,9.670922075245503,15
4371189,9.808814764231087,9
4371195,9.898573507590337,6
4371204,9.794874344151685,9
4371210,9.875231786352572,6
4371218,9.828006463648753,8
4371228,9.81967956809251,10
4371236,9.858546301504672,8
4371241,9.905118748451333,5
4371250,9.822337515065225,9
4371257,9.681639755262962,7
4371260,9.95143720756576,3
4371273,9.763291202160849,13
4371281,9.86206127083349,8
4371292,9.797889161084294,11
4371300,9.838103992893652,8
4371308,9.846934922138727,8
4371313,9.921763029853908,5
4371324,9.760099898473833,11
4371336,9.747072915769913,12
4371351,9.571256738130959,15
4371362,9.76679446565006,11
4371369,9.86178467275441,7
4371378,9.80153847243558,9
4371387,9.818154670503251,9
4371388,10.0,1
4371393,9.927336094542351,5
4371398,9.924234556072857,5
4371408,9.790734738951983,10
4371419,9.755220927203622,11
4371424,9.894799341059715,5
4371435,9.749334992249711,11
4371440,9.912031063341834,5
4371451,9.750585879807675,11
4371453,9.979645948616113,2
4371462,9.787512374428978,9
4371467,9.90957607075639,5
4371471,9.939428216978252,4
4371480,9.823824380109512,9
4371481,10.0,1
4371492,9.737254272080238,11
4371495,9.950916719964326,3
4371505,9.78734671013511,10
4371513,9.840717316800475,8
4371514,10.0,1
4371520,9.894377129549078,6
4371523,9.95395645910881,3
4371529,9.892630055953987,6
4371535,9.876897136517869,6
4371545,9.784656935534167,10
4371557,9.76143334409178,12
4371558,10.0,1
4371569,9.738353290938447,11
4371575,9.909488646757993,6
4371582,9.882727372075415,7
4371594,9.726481090665022,12
4371598,9.932714486402556,4
4371612,9.6742409140647,14
4371613,10.0,1
4371623,9.823374967913349,10
4371632,9.808867671066576,9
4371633,10.0,1
4371643,9.765912021837833,10
4371652,9.81424819975524,9
4371660,9.838569293578097,8
4371661,10.0,1
4371668,9.878259761920614,7
4371679,9.760229291277183,11
4371683,9.93450502641924,4
4371696,9.716428613572239,13
4371703,9.866326132360417,7
4371704,10.0,1
4371716,9.746818986470814,12
4371717,10.0,1
4371724,9.86563883978384,7
4371736,9.738361811436093,12
4371737,10.0,1
4371756,9.465949193485258,19
4371765,9.840952286683615,9
4371776,9.770471921065715,11
4371787,9.761312921549415,11
4371795,9.847984991564426,8
4371805,9.78097059279369,10
4371815,9.686734462332597,10
4371826,9.72059975784568,11
4371834,9.827997867743624,8
4371842,9.828939523814924,8
4371854,9.731979392032757,12
4371855,10.0,1
4371859,9.923954497425253,4
4371860,10.0,1
4371874,9.66731894917137,14
4371885,9.773577536841367,11
4371898,9.725211997623406,13
4371909,9.74122200197505,11
4371912,9.963105792706717,3
4371913,10.0,1
4371921,9.846035958545654,8
4371929,9.839563818101952,8
4371935,9.887355502982393,6
4371942,9.85145282799461,7
4371958,9.624402257230033,16
4371968,9.807242958897557,10
4371985,9.702132729327683,17
4371989,9.933833967818575,4
4371992,9.954634557455183,3
4371999,9.864802405500534,7
4372013,9.689258439323783,14
4372015,9.97314152897687,2
4372025,9.820487763339461,10
4372031,9.895951158495848,6
4372034,9.961880663425818,3
4372043,9.824869561207366,9
4372056,9.72730445577316,13
4372057,9.996357835851535,1
4372071,9.694630899485007,14
4372080,9.818899361359284,9
4372084,9.938315756195946,4
4372093,9.811489869351007,9
4372103,9.807645210893979,10
4372112,9.819896080269203,9
4372126,9.700169057726002,14
4372127,9.993207597024375,1
4372136,9.833735941479732,9
4372145,9.828467009492135,9
4372155,9.777455266908579,10
4372165,9.786256585789854,10
4372168,9.960887105765925,3
4372173,9.91435899687077,5
4372174,10.0,1
4372185,9.760925701819856,11
4372191,9.88480212541207,6
4372200,9.831231953656356,9
4372210,9.795771358864444,10
4372230,9.513588661184556,20
4372231,10.0,1
4372235,9.937408814018307,4
4372248,9.710586509715851,13
4372249,10.0,1
4372250,9.991783410144478,1
4372254,9.935448296321873,4
4372257,9.945284981881098,3
4372264,9.861626705072096,7
4372267,9.952492062225266,3
4372280,9.707463995910567,13
4372286,9.908946074347414,6
4372295,9.803461619810603,9
4372306,9.767651139503112,11
4372322,9.705686029999972,16
4372328,9.791505768439217,6
4372330,9.975693665275728,2
4372335,9.695930785307441,5
4372336,10.0,1
4372342,9.884755382496156,6
4372354,9.74165070362357,12
4372355,10.0,1
4372368,9.715344097441774,13
4372378,9.759734721698823,10
4372387,9.800231374975988,9
4372388,10.0,1
4372398,9.774638887587079,10
4372411,9.680095136759054,13
4372420,9.812546163261073,9
4372426,9.89082087871573,6
4372428,9.972997569434101,2
4372439,9.77110091729032,11
4372448,9.800442872959408,9
4372458,9.80139357054785,10
4372468,9.796144959844693,10
4372471,9.959672567613536,3
4372475,9.939206757546335,4
4372477,9.97632238682831,2
4372481,9.923442467119418,4
4372493,9.748820631229178,12
4372504,9.812432397566903,11
4372508,9.939392650149845,4
4372513,9.917676491180229,5
4372522,9.8134927816004,9
4372532,9.80995630684302,10
4372545,9.703775028011037,13
4372553,9.847203055328654,8
4372564,9.777373739527318,11
4372575,9.763353677637141,11
4372576,10.0,1
4372589,9.754715562313882,13
4372608,9.534471435576062,19
4372616,9.841945281107519,8
4372620,9.740876862053666,4
4372626,9.900010793286535,6
4372635,9.827290963806902,9
4372647,9.742004749606863,12
4372649,9.978344118170682,2
4372662,9.727152206386378,13
4372677,9.02802361760894,15
4372680,9.95296399651168,3
4372694,9.69254869273146,14
4372703,9.809039841949117,9
4372713,9.769661464284937,10
4372714,10.0,1
4372726,9.755504047985884,12
4372732,9.908379570673734,6
4372745,9.729369622921963,13
4372753,9.84969361637968,8
4372764,9.79639998123337,11
4372773,9.827968962810893,9
4372784,9.767467476005622,11
4372799,9.653148209578072,15
4372812,9.723073148036049,13
4372823,9.775748900281457,11
4372824,10.0,1
4372831,9.868297355335242,7
4372841,9.805374461745794,10
4372842,10.0,1
4372848,9.892995500260817,6
4372856,9.850717802426399,8
4372857,10.0,1
4372862,9.919343635744506,5
4372866,9.93860939285166,4
4372892,9.336436729222264,26
4372901,9.806234580398572,9
4372916,9.70854804690934,15
4372920,9.949829967687682,4
4372933,9.693287441346449,13
4372941,9.846505977694191,8
4372959,9.651681462889734,18
4372976,9.62643280204199,17
4372991,9.660563856513761,15
4373006,9.684573643361162,15
4373010,9.944107977232758,4
4373017,9.87824666227692,7
4373022,9.928504950077006,5
4373024,9.982829053788373,2
4373031,9.870511721056705,7
4373038,9.859510944043883,7
4373045,9.880298422848712,7
4373052,9.879680256225491,7
4373059,9.854361608342657,7
4373068,9.827069704508665,9
4373072,9.95288059983704,4
4373079,9.865722346718544,7
4373085,9.897052987971058,6
4373091,9.885785809236687,6
4373092,10.0,1
4373107,9.634950699906614,15
4373116,9.840380801329207,9
4373125,9.812527211622353,9
4373130,9.916561292388002,5
4373135,9.903077830812762,5
4373143,9.843084622558504,8
4373156,9.68670816145671,13
4373163,9.864709848322677,7
4373171,9.843503648613254,8
4373180,9.799469215339883,9
4373190,9.763930009304987,10
4373202,9.708790656751514,12
4373214,9.767022075142766,12
4373230,9.652388655784444,16
4373233,9.96112735430168,3
4373248,9.681671882765933,15
4373249,10.0,1
4373265,9.647508075915319,16
4373273,9.84251265268685,8
4373277,9.945715135013703,4
4373289,9.704262438409138,12
4373298,9.816586022477567,9
4373309,9.797998344855799,11
4373310,10.0,1
4373315,9.917005420940436,5
4373331,9.62920140397664,16
4373341,9.78999616904731,10
4373348,9.886896597719822,7
4373358,9.777822791403082,10
4373361,9.954699851996287,3
4373372,9.760427690906905,11
4373383,9.75194568882386,11
4373390,9.87168286061159,7
4373402,9.743709359264772,12
4373413,9.767329950955524,11
4373423,9.78990724422586,10
4373434,9.79490870219235,11
4373449,9.657730599448787,15
4373465,9.647798805080791,16
4373466,10.0,1
4373471,9.917265328907376,5
4373476,9.92445045459685,5
4373481,9.922344994340458,5
4373492,9.737479150666545,11
4373499,9.875551472057454,7
4373506,9.883595832911855,7
4373515,9.806693400849968,9
4373523,9.820918655959721,8
4373532,9.79629882956162,9
4373536,9.939967734923245,4
4373565,9.22858906696714,29
4373583,9.49653542588933,18
4373587,9.933794317954183,4
4373598,9.751733380100882,11
4373608,9.793337158330418,10
4373621,9.694760848910837,13
4373627,9.900809971254406,6
4373639,9.726650046677042,12
4373652,9.714337773385848,13
4373659,9.873499973542991,7
4373660,10.0,1
4373669,9.81829948891434,9
4373677,9.851846926941954,8
4373686,9.803360761545626,9
4373687,10.0,1
4373694,9.870700619649233,7
4373695,10.0,1
4373702,9.86786063358667,7
4373709,9.879172625231124,7
4373714,9.926119018997943,5
4373726,9.761249590257131,12
4373732,9.891210413839605,6
4373749,9.440693177665983,17
4373762,9.704620434136544,13
4373767,9.91770549989681,5
4373778,9.757522518574909,11
4373782,9.945672598057644,4
4373790,9.857824598658299,8
4373794,9.94367776423435,4
4373798,9.842155292129467,4
4373808,9.817662783913464,10
4373818,9.784750042368294,10
4373822,9.943235145016798,4
4373833,9.767012364233969,11
4373846,9.71043679441963,13
4373860,9.668834643678952,14
4373866,9.888088592461516,6
4373879,9.712411570551932,13
4373880,10.0,1
4373885,9.936511925288848,5
4373894,9.801182265199904,9
4373910,9.6658247679106,16
4373917,9.887030415241592,7
4373923,9.893980348743558,6
4373926,9.970300426306517,3
4373933,9.871681776933492,7
4373943,9.803501472806333,10
4373952,9.841052238994811,9
4373953,10.0,1
4373959,9.90102234267569,6
4373971,9.741608208537926,12
4373985,9.706888470554496,14
4374001,9.638250337580093,16
4374002,9.992963347482494,1
4374005,9.965816561594979,3
4374015,9.810629900053053,10
4374021,9.88531065596633,6
4374027,9.886029798792796,6
4374040,9.749307748514546,13
4374045,9.918869378761677,5
4374046,9.98879601430241,1
4374047,10.0,1
4374060,9.71234108543542,13
4374072,9.724008389506652,12
4374082,9.776534236082421,10
4374096,9.590248674098412,14
4374104,9.866982957962342,8
4374105,9.987949270413377,1
4374107,9.976630884454138,2
4374115,9.869277747056744,8
4374122,9.879064280848759,7
4374128,9.895689158289242,6
4374133,9.90115785846478,5
4374137,9.93671340075103,4
4374143,9.903990346942876,6
4374148,9.921492125502592,5
4374155,9.874896315450483,7
4374160,9.9238287702913,5
4374162,9.972236432771448,2
4374165,9.953564311865325,3
4374173,9.82132644657758,8
4374180,9.887540894948481,7
4374189,9.818154656317615,9
4374195,9.889041061294316,6
4374207,9.715664557887632,12
4374218,9.799639922907696,11
4374227,9.835522684183807,9
4374236,9.840734480679366,9
4374246,9.81077066463227,10
4374254,9.823280446750351,8
4374255,10.0,1
4374260,9.913504158383237,5
4374273,9.76702737814624,13
4374274,10.0,1
4374277,9.968272259938333,3
4374280,9.961756689944227,3
4374287,9.867294809484807,7
4374296,9.848648219766021,9
4374316,9.529752394716372,20
4374321,9.915336686013605,5
4374322,10.0,1
4374330,9.863643838248647,8
4374341,9.780696119382926,11
4374342,9.98879520088913,1
4374345,9.951946402583042,3
4374354,9.820238208250355,9
4374355,9.990211356044991,1
4374356,10.0,1
4374361,9.929279767351376,5
4374366,9.935322866143794,5
4374373,9.781736133141093,7
4374374,10.0,1
4374387,9.745407098391633,13
4374394,9.853379451724194,7
4374405,9.76810327495099,11
4374406,10.0,1
4374407,10.0,1
4374415,9.846275480559662,8
4374417,9.975946693526321,2
4374424,9.867099818557548,7
4374431,9.884079068868193,7
4374440,9.81726164444903,9
4374442,9.980608838974701,2
4374456,9.703412607700558,14
4374472,9.675712662858283,16
4374484,9.746711768653045,12
4374493,9.814644176388374,9
4374494,10.0,1
4374505,9.800193775066253,11
4374521,9.671885714089795,16
4374526,9.918621639936932,5
4374534,9.846969349825963,8
4374535,10.0,1
4374542,9.869445582270538,7
4374547,9.908574959379456,5
4374554,9.898672123159749,7
4374565,9.783801446911205,11
4374571,9.916280217721269,6
4374584,9.708426857568265,13
4374600,9.657842726890557,16
4374607,9.876618747106532,7
4374610,9.967105438393801,3
4374611,9.991972380961034,1
4374618,9.873483465958985,7
4374623,9.926883609848595,5
4374633,9.798726870085888,10
4374638,9.927744366315883,5
4374639,10.0,1
4374640,10.0,1
4374652,9.731115479902272,12
4374665,9.743505687575437,13
4374674,9.801835708430549,9
4374677,9.964542643019982,3
4374689,9.760545832686287,12
4374699,9.78724573926232,10
4374702,9.956631019542863,3
4374716,9.680262835060091,14
4374721,9.9084032514847,5
4374731,9.795892956967315,10
4374736,9.917897900723402,5
4374743,9.872959956585541,7
4374748,9.89783612816924,5
4374751,9.962740685899446,3
4374759,9.84417741196166,8
4374763,9.936672818948802,4
4374765,9.976315695189403,2
4374766,10.0,1
4374776,9.778347946201471,10
4374781,9.909355260823528,5
4374792,9.767395024813833,11
4374797,9.923245263480903,5
4374807,9.75934989529599,10
4374810,9.961592130643375,3
4374820,9.781807096645819,10
4374832,9.777987348890196,12
4374837,9.916163152521307,5
4374851,9.72382631377401,14
4374858,9.876822365907094,7
4374862,9.935786056418058,4
4374865,9.96129213373683,3
4374869,9.931154020737159,4
4374877,9.827393079495693,8
4374881,9.930146767039934,4
4374882,10.0,1
4374889,9.867079194819791,7
4374894,9.937954527335082,5
4374898,9.931533884904994,4
4374913,9.665246525911165,15
4374916,9.965424083968216,3
4374917,10.0,1
4374924,9.858744766546755,7
4374930,9.889840046052981,6
4374931,9.996083317685263,1
4374932,10.0,1
4374941,9.816223549977943,9
4374948,9.867242999756991,7
4374955,9.875303132433784,7
4374961,9.902543567187983,6
4374965,9.929935309235074,4
4374974,9.819695700271522,9
4374982,9.746368170096515,8
4374994,9.765286818928724,12
4375004,9.78659517642954,10
4375018,9.6836949958802,14
4375033,9.680253004277255,15
4375042,9.851260786760891,9
4375053,9.74249498588648,11
4375062,9.814744015378368,9
4375067,9.615850724444927,5
4375069,9.980305050843091,2
4375084,9.662315641857044,15
4375085,10.0,1
4375086,9.996496516583894,1
4375109,9.320876616576783,23
4375125,9.687326225027558,16
4375126,10.0,1
4375133,9.874747796752544,7
4375135,9.978594983386037,2
4375139,9.936833458753156,4
4375146,9.878866170163267,7
4375157,9.748567203013712,11
4375158,10.0,1
4375160,9.98491082865561,2
4375167,9.679282821767016,7
4375175,9.84876658295006,8
4375193,9.571465474067377,18
4375204,9.769024240970252,11
4375218,9.688627967128955,14
4375225,9.876938944382175,7
4375237,9.743428160404688,12
4375242,9.926413086953062,5
4375246,9.935424025522751,4
4375254,9.848290760514283,8
4375266,9.735959366418127,12
4375274,9.853664017162458,8
4375284,9.788989030870143,10
4375296,9.753337947013522,12
4375304,9.846675653707749,8
4375310,9.875803870573847,6
4375321,9.773350388187447,11
4375339,9.57370126463832,18
4375344,9.938891514758621,5
4375355,9.781216858886111,11
4375356,10.0,1
4375365,9.809774738591308,9
4375378,9.681692192155076,13
4375380,9.976715671458123,2
4375390,9.802969199405705,10
4375391,9.996241664591373,1
4375396,9.907874936710176,5
4375400,9.9475805276039,4
4375406,9.89777266484661,6
4375413,9.85039921589488,7
4375420,9.85980939849332,7
4375434,9.68437907749775,14
4375445,9.753518975942995,11
4375459,9.673804299592126,14
4375469,9.805471208469465,10
4375485,9.659621772145158,16
4375495,9.778627784870462,10
4375498,9.671243872391736,3
4375503,9.920431817292226,5
4375508,9.91694163510831,5
4375519,9.792287792924423,11
4375524,9.918911567742805,5
4375533,9.830515963425357,9
4375556,9.488977589732043,23
4375561,9.932318669324493,5
4375564,9.965722985541703,3
4375570,9.913682124463561,6
4375572,9.976079479841285,2
4375586,9.711025077957743,14
4375600,9.70728141970288,14
4375611,9.764484749373208,11
4375623,9.550222236169205,12
4375632,9.800499381390317,9
4375633,9.992757885911349,1
4375634,10.0,1
4375646,9.743210770803657,12
4375659,9.64371429608859,13
4375665,9.890896221304702,6
4375673,9.87354482267534,8
4375674,9.99305087383514,1
4375683,9.798305745353945,9
4375691,9.85559368701107,8
4375699,9.84842461213933,8
4375705,9.892813953808078,6
4375709,9.927731847209525,4
4375725,9.637881812491806,16
4375732,9.871420630776326,7
4375748,9.611783837345955,16
4375759,9.796549676907617,11
4375761,9.979878370948219,2
4375772,9.754447370337184,11
4375790,9.556411435263428,18
4375803,9.708389548625398,13
4375810,9.858726223091994,7
4375813,9.96524018208957,3
4375814,10.0,1
4375819,9.922226805919761,5
4375820,10.0,1
4375831,9.762957811009125,11
4375841,9.796112487710374,10
4375849,9.830078605982852,8
4375863,9.706407251771695,14
4375864,10.0,1
4375865,10.0,1
4375873,9.839408376657932,8
4375874,10.0,1
4375880,9.88901465835282,6
4375883,9.953323469183076,3
4375889,9.910070047858994,6
4375902,9.714839120103766,13
4375913,9.773519154574336,11
4375920,9.855875016275343,7
4375930,9.799575279275986,10
4375939,9.80375997138665,9
4375948,9.814653730977874,9
4375954,9.509308218707321,6
4375955,10.0,1
4375963,9.841569659829657,8
4375973,9.783581469113109,10
4375982,9.830661309423865,9
4375994,9.716208217813016,12
4376004,9.82731017539127,10
4376015,9.74470372593432,11
4376017,9.974824251102406,2
4376030,9.726082467533164,13
4376037,9.864958949958869,7
4376045,9.842322361176413,8
4376059,9.687434555104183,14
4376070,9.755337130509451,11
4376076,9.891877417239023,6
4376080,9.934292303544316,4
4376093,9.725980688155325,13
4376101,9.848385420149452,8
4376104,9.972286977026688,3
4376116,9.775586792996398,12
4376127,9.766159373439523,11
4376133,9.901822693223163,6
4376142,9.823116252805882,9
4376152,9.784930004007899,10
4376163,9.785149132014244,11
4376170,9.872855202228523,7
4376179,9.80793792381411,9
4376191,9.750956403490152,12
4376195,9.936608945377689,4
4376201,9.910961053451874,6
4376214,9.713566551772756,13
4376221,9.859593675309556,7
4376232,9.759642898629139,11
4376241,9.81517617609,9
4376251,9.78639113924944,10
4376252,10.0,1
4376255,9.968899876006285,3
4376265,9.79552793795366,10
4376273,9.839439524814784,8
4376278,9.90684018819331,5
4376286,9.85074738174514,8
4376296,9.800745061157226,10
4376303,9.870268214932649,7
4376307,9.94637164611364,4
4376308,10.0,1
4376313,9.919502025335266,5
4376325,9.727069955004168,12
4376334,9.831692435007014,9
4376342,9.856508784521132,8
4376348,9.886029041486681,6
4376358,9.818879977110013,10
4376366,9.844618703467392,8
4376372,9.886374423658701,6
4376380,9.832547760782395,8
4376381,10.0,1
4376389,9.856903965834723,8
4376404,9.700375863991018,15
4376410,9.889894712551886,6
4376423,9.739319231347116,13
4376435,9.774689593935612,12
4376445,9.76841596189432,10
4376453,9.83798583542185,8
4376468,9.671965122875363,15
4376473,9.923437491365297,5
4376484,9.683111121072594,11
4376494,9.783384866036576,10
4376502,9.831556967625291,8
4376506,9.93092582529143,4
4376516,9.778032657476722,10
4376522,9.697603376406077,6
4376528,9.871063699423459,6
4376540,9.739216493029382,12
4376547,9.863832635582598,7
4376554,9.863159870413128,7
4376562,9.852161852261219,8
4376580,9.595856791845037,18
4376588,9.866434292218665,8
4376592,9.943954071967843,4
4376600,9.836027422622019,8
4376606,9.879004012886599,6
4376613,9.871934694432758,7
4376618,9.918750199198303,5
4376619,10.0,1
4376627,9.864727425778213,8
4376628,9.99593028020571,1
4376636,9.84256754815448,8
4376639,9.954385079565904,3
4376648,9.520864159180444,9
4376666,9.578262449826626,18
4376679,9.73861927978685,13
4376694,9.67231995870084,15
4376702,9.847259710368442,8
4376704,9.971777889333108,2
4376712,9.862251111411148,8
4376720,9.854025907843985,8
4376732,9.72373856729362,12
4376745,9.703520131585034,13
4376758,9.720263203036401,13
4376769,9.76590761449308,11
4376775,9.915238154399491,6
4376780,9.901859736698006,5
4376784,9.952684482842294,4
4376787,9.959180212129478,3
4376793,9.681090837506192,6
4376800,9.889863533335278,7
4376804,9.944458831919787,4
4376812,9.825673535159314,8
4376822,9.82479226296368,10
4376832,9.803862992819747,10
4376842,9.775787631479238,10
4376855,9.713198967847836,13
4376860,9.92217423579548,5
4376872,9.728803407900019,12
4376881,9.818541088931168,9
4376889,9.880160052377786,8
4376899,9.812303388087374,10
4376910,9.65723255053264,11
4376911,10.0,1
4376918,9.880218879649204,7
4376926,9.843543284405643,8
4376936,9.804406405436044,10
4376937,10.0,1
4376938,9.996160085256317,1
4376942,9.930689624439298,4
4376952,9.770813807873695,10
4376962,9.782700896109317,10
4376969,9.86414799572616,7
4376979,9.774126186193458,10
4376989,9.786237980365446,10
4377002,9.71127967216533,13
4377015,9.708732531575436,13
4377028,9.715609167499604,13
4377042,9.477452457715884,14
4377051,9.81849516277531,9
4377053,9.983730315362884,2
4377064,9.762983368365214,11
4377078,9.70125180598776,14
4377082,9.937800756533052,4
4377090,9.836712422178682,8
4377098,9.846573849310552,8
4377103,9.927350257233837,5
4377107,9.935840169209245,4
4377116,9.72345296108711,9
4377125,9.81691676902742,9
4377132,9.866326652348597,7
4377138,9.909970202512028,6
4377142,9.939160260232645,4
4377150,9.855264528460765,8
4377160,9.839484540334427,10
4377171,9.764689306907773,11
4377173,9.970221755471554,2
4377180,9.875493914048848,7
4377188,9.83968959497008,8
4377194,9.885554678789688,6
4377210,9.671477697029113,16
4377217,9.864615464450742,7
4377218,10.0,1
4377232,9.685321759065623,14
4377242,9.80433817440552,10
4377249,9.871496498490082,7
4377263,9.685901206877107,14
4377271,9.859657910411524,8
4377274,9.950588640981747,3
4377277,9.956604413366245,3
4377292,9.653348936071975,15
4377293,9.992424314440779,1
4377306,9.707229659722742,13
4377314,9.820522666723688,8
4377326,9.722722336617371,12
4377341,9.656585046988312,15
4377352,9.759023364215087,11
4377359,9.883628189520524,7
4377369,9.787247436643865,10
4377383,9.703414721125736,14
4377394,9.766030266595822,11
4377402,9.84088966718788,8
4377413,9.758793541892876,11
4377417,9.94819838366661,4
4377429,9.743620447948931,12
4377437,9.843010364815024,8
4377440,9.95646199774416,3
4377449,9.812279845190668,9
4377458,9.836465654428403,9
4377467,9.611877646908454,9
4377468,10.0,1
4377482,9.696882951468755,14
4377494,9.750748578414594,12
4377500,9.888568084292292,6
4377506,9.911611941035572,6
4377517,9.760366584274736,11
4377531,9.71007084578967,14
4377540,9.81587902976253,9
4377548,9.845533184687378,8
4377549,10.0,1
4377559,9.81657683635673,10
4377569,9.807867973828408,10
4377579,9.832550305923784,10
4377584,9.913002510544034,5
4377590,9.908562550442056,6
4377602,9.716581820588171,12
4377615,9.684574865530438,13
4377623,9.849650081402208,8
4377624,10.0,1
4377633,9.804204740575248,9
4377649,9.665648059680159,16
4377662,9.732948753095307,13
4377671,9.802921499177003,9
4377679,9.848265891084992,8
4377682,9.958055241655012,3
4377687,9.935865464957892,5
4377699,9.763385021353395,12
4377710,9.763745126541805,11
4377726,9.661674770222568,16
4377727,10.0,1
4377736,9.811045056081186,9
4377741,9.909121198432064,5
4377745,9.937777536740258,4
4377752,9.884624639304668,7
4377760,9.870536650499826,8
4377761,10.0,1
4377773,9.741774740394487,12
4377785,9.702364827873758,12
4377790,9.915575770622743,5
4377791,10.0,1
4377801,9.783526290204792,10
4377802,9.996191489201976,1
4377810,9.852160461413241,8
4377821,9.757684602851505,11
4377828,9.892928294231151,7
4377829,10.0,1
4377835,9.895832731449605,6
4377845,9.809698123648634,10
4377852,9.855311683143606,7
4377857,9.913402208921891,5
4377865,9.826797551752431,8
4377866,10.0,1
4377872,9.896737170211372,6
4377884,9.727677523127324,12
4377901,9.615383665550313,17
4377904,9.96621907065683,3
4377909,9.927378618644376,5
4377915,9.882142783288202,6
4377917,9.96771878627875,2
4377921,9.940423439636191,4
4377932,9.365259277507231,11
4377943,9.777461567237907,11
4377948,9.913462263242765,5
4377957,9.848436503638101,9
4377971,9.67921124521546,14
4377980,9.812205250108804,9
4377983,9.95974912768344,3
4377986,9.959096987548266,3
4377994,9.852170175643305,8
4378006,9.741140052948513,12
4378009,9.96251548317344,3
4378020,9.780067071203991,11
4378021,10.0,1
4378032,9.765250201374313,11
4378041,9.810635566565933,9
4378049,9.840486771585748,8
4378054,9.920853231811195,5
4378056,9.976504885188335,2
4378066,9.812265068895558,10
4378076,9.788259622030898,10
4378087,9.78892826578408,11
4378091,9.934969821354468,4
4378092,10.0,1
4378101,9.827835177725254,9
4378114,9.698657076214332,13
4378127,9.732325010713495,13
4378137,9.813984217076232,10
4378148,9.755332444189706,11
4378161,9.693666637681636,13
4378172,9.753360144770278,11
4378177,9.905400410204154,5
4378181,9.94308619312303,4
4378192,9.76784797919257,11
4378201,9.809167506210049,9
4378204,9.956974196089062,3
4378211,9.865958005334912,7
4378220,9.742255436154286,9
4378223,9.966243199093267,3
4378232,9.805510257784283,9
4378239,9.854250208576014,7
4378250,9.743346784581338,11
4378256,9.896856037013944,6
4378263,9.85641492651604,7
4378271,9.84527218188553,8
4378281,9.804539112845163,10
4378285,9.927468303375967,4
4378289,9.934484248637252,4
4378290,9.993070468610123,1
4378297,9.8706375346817,7
4378305,9.838510422133982,8
4378310,9.904552258731151,5
4378324,9.69220719633907,14
4378333,9.839320550783542,9
4378334,10.0,1
4378335,9.989002058863234,1
4378336,9.992302049474556,1
4378347,9.820468407245189,11
4378349,9.975454439188471,2
4378359,9.77630823904108,10
4378364,9.904499589932827,5
4378365,10.0,1
4378367,9.972371378207939,2
4378381,9.708432353328464,14
4378390,9.7120546365705,9
4378400,9.796230035140477,10
4378413,9.706641654326182,13
4378420,9.878166161518909,7
4378433,9.709708455214317,13
4378439,9.901471875212176,6
4378445,9.906247552452122,6
4378450,9.9177586798813,5
4378459,9.815306324268986,9
4378465,9.916429467286497,6
4378482,9.571149590285305,17
4378489,9.873603196504895,7
4378503,9.71923076079154,14
4378513,9.76882224093203,10
4378518,9.903813163646076,5
4378525,9.852004121731996,7
4378530,9.932040965844687,5
4378540,9.80000270788262,10
4378548,9.863096740735138,8
4378551,9.964938217956863,3
4378555,9.942121113140304,4
4378559,9.925093305277601,4
4378565,9.905588620492107,6
4378573,9.856721942721983,8
4378594,9.532503488044561,21
4378599,9.903827757553394,5
4378610,9.767660304459447,11
4378615,9.91575940482373,5
4378617,9.968173216305372,2
4378618,10.0,1
4378625,9.84582397777275,7
4378633,9.841197292318476,8
4378634,10.0,1
4378641,9.853954240355623,7
4378652,9.774626909244708,11
4378658,9.91557563783488,6
4378663,9.915020644924272,5
4378678,9.665490598362124,15
4378692,9.66815760787108,14
4378698,9.889184884807808,6
4378711,9.747352444758713,13
4378728,9.618916661143496,17
4378735,9.864826224693159,7
4378745,9.784243384332978,10
4378755,9.79464462520051,10
4378761,9.886845479492676,6
4378776,9.637994684243683,15
4378784,9.84490884630717,8
4378792,9.864786489158138,8
4378799,9.860662794052658,7
4378807,9.82895447433857,8
4378816,9.817665299075426,9
4378827,9.74218055136748,11
4378831,9.950816052227642,4
4378834,9.95762056423373,3
4378850,9.67667065916693,16
4378861,9.761476972984672,11
4378878,9.60500545794454,17
4378895,9.693332867833377,17
4378900,9.912886234063887,5
4378909,9.814435952449804,9
4378916,9.854344884202565,7
4378927,9.711701161605125,11
4378935,9.855446431670211,8
4378948,9.708036397793697,13
4378960,9.742355648887491,12
4378969,9.818646391122716,9
4378974,9.907249395963499,5
4378979,9.901921470072415,5
4378989,9.786790413053156,10
4378997,9.833253441002578,8
4379005,9.825981961687138,8
4379018,9.704115084513433,13
4379032,9.681616878953115,14
4379035,9.971632212930494,3
4379044,9.842084977871824,9
4379050,9.877139093544658,6
4379055,9.904310006704254,5
4379073,9.668650723503838,18
4379083,9.582855092549565,10
4379092,9.79725224389914,9
4379100,9.825278286328519,8
4379106,9.900903150155212,6
4379118,9.747207526266074,12
4379126,9.847204717537764,8
4379133,9.839142305811515,7
4379138,9.92189357183349,5
4379143,9.904404371459526,5
4379145,9.980216714917551,2
4379154,9.819293875733088,9
4379164,9.795073229914278,10
4379165,10.0,1
4379170,9.935831298110289,5
4379180,9.787496135148768,10
4379186,9.90936585533958,6
4379196,9.78987325824105,10
4379203,9.860120756532964,7
4379214,9.751421591357174,11
4379223,9.787243055592628,9
4379232,9.826222258367187,9
4379246,9.716145062219512,14
4379252,9.883449770771843,6
4379256,9.951952415708648,4
4379257,10.0,1
4379269,9.713998046311255,12
4379272,9.954765632413551,3
4379275,9.967548811367136,3
4379280,9.931937131073784,5
4379288,9.841547804493972,8
4379300,9.74194951685229,12
4379314,9.66886076066141,14
4379319,9.91257486238269,5
4379322,9.952621248820885,3
4379323,10.0,1
4379324,9.996546708591458,1
4379335,9.783389357834015,11
4379338,9.965587648892063,3
4379340,9.985614137811021,2
4379355,9.657449196053648,15
4379361,9.888112845019407,6
4379373,9.767584053553254,12
4379384,9.83119231094618,11
4379389,9.909826167348614,5
4379395,9.892713218440711,6
4379400,9.92914156860949,5
4379405,9.940933023877337,5
4379417,9.762229709404263,12
4379418,9.988693420738644,1
4379419,9.989395510264785,1
4379424,9.922355853027154,5
4379436,9.722696612093014,12
4379442,9.907527344848713,6
4379445,9.953642195492868,3
4379466,9.338793948885115,21
4379476,9.792853038298098,10
4379477,10.0,1
4379482,9.917630579423127,5
4379493,9.785899647273645,11
4379498,9.922494055562922,5
4379509,9.779643999761852,11
4379521,9.722982783898324,12
4379531,9.80697200374538,10
4379535,9.94323840219111,4
4379536,10.0,1
4379545,9.821549736774557,9
4379548,9.957933794479718,3
4379554,9.898296478900265,6
4379559,9.915482192250138,5
4379571,9.742989080526941,12
4379578,9.861148907148579,7
4379583,9.934432529356927,5
4379584,10.0,1
4379592,9.840846626478278,8
4379602,9.781668806395793,10
4379617,9.678162364357945,15
4379621,9.921210668899066,4
4379626,9.913766530518444,5
4379633,9.864475601632384,7
4379640,9.848922716601535,7
4379642,9.971013047933893,2
4379647,9.923533030597993,5
4379650,9.958011597292884,3
4379665,9.680413894298187,15
4379676,9.772432903234302,11
4379686,9.792832190839768,10
4379687,10.0,1
4379693,9.781315280024918,6
4379696,9.948509434312411,3
4379702,9.893700210040299,6
4379706,9.945793909796807,4
4379707,10.0,1
4379709,9.985003195994656,2
4379716,9.882379333744026,7
4379729,9.72926564220278,13
4379738,9.8290688556134,9
4379748,9.786744016104537,10
4379756,9.855047117034193,8
4379764,9.870606863752153,8
4379771,9.861485518119881,7
4379772,10.0,1
4379785,9.715265091273132,13
4379796,9.78514575821854,11
4379809,9.728853591730964,13
4379825,9.626291871089636,16
4379836,9.781336740501922,11
4379839,9.955238625483918,3
4379851,9.529150122884872,12
4379858,9.872421711329551,7
4379873,9.663289062934744,15
4379881,9.87776225925019,8
4379889,9.73493498491494,8
4379897,9.84658901871353,8
4379899,9.97258826093412,2
4379901,9.970682777757903,2
4379905,9.944400373439263,4
4379913,9.852119124337813,8
4379916,9.94873094006993,3
4379926,9.773881966905194,10
4379936,9.791458917246649,10
4379942,9.899831249405956,6
4379953,9.778623713545635,11
4379957,9.941308482141839,4
4379963,9.88974076077609,6
4379977,9.682545886968239,14
4379985,9.837449013916926,8
4379994,9.814569235968081,9
4379999,9.919364609013305,5
4380009,9.773907912221592,10
4380016,9.866053331905944,7
4380021,9.906776711979902,5
4380028,9.857015074431825,7
4380031,9.95766831460651,3
4380038,9.907902851301623,7
4380044,9.885718671271437,6
4380070,9.491455592109283,26
4380075,9.905096604922749,5
4380085,9.81475617601429,10
4380090,9.91778015438975,5
4380091,10.0,1
4380095,9.951950701329263,4
4380103,9.863074710722561,8
4380112,9.819310094593694,9
4380121,9.7990865162306,9
4380137,9.538372805589125,16
4380141,9.940915732947138,4
4380149,9.857628283050905,8
4380154,9.91667075130417,5
4380159,9.917083571828297,5
4380163,9.947864965497482,4
4380175,9.763453548811157,12
4380184,9.828298332551691,9
4380195,9.766445536349309,11
4380206,9.734752186198262,11
4380215,9.81796768801795,9
4380223,9.849934438492058,8
4380231,9.846196001113366,8
4380238,9.858335729106763,7
4380245,9.895400340847754,7
4380258,9.71286062374096,13
4380263,9.924511829185358,5
4380265,9.971744534578264,2
4380277,9.719173096100485,12
4380290,9.719685284097247,13
4380305,9.67875424880325,15
4380314,9.80996211638059,9
4380320,9.891656592974572,6
4380327,9.861619720640233,7
4380335,9.864755482667732,8
4380350,9.654090058396346,15
4380353,9.955307713473523,3
4380362,9.815788243760574,9
4380363,10.0,1
4380372,9.838453188478066,9
4380380,9.837294584146772,8
4380387,9.891416509460655,7
4380402,9.633382502010338,15
4380405,9.954934983354532,3
4380421,9.654960362841175,16
4380433,9.710364348620455,12
4380446,9.742516248932048,13
4380457,9.783651591075154,11
4380459,9.981196396066316,2
4380470,9.772040675286569,11
4380471,10.0,1
4380486,9.645349939091027,15
4380488,9.980592707000811,2
4380497,9.813230850884075,9
4380501,9.939494343790273,4
4380511,9.795048125150132,10
4380520,9.79169229427444,9
4380532,9.738310075192055,12
4380537,9.914909096660343,5
4380538,10.0,1
4380552,9.704890538343504,14
4380553,10.0,1
4380563,9.784126998526249,10
4380578,9.429293560757023,15
4380585,9.845982573508698,7
4380590,9.904847465079545,5
4380592,9.983029232608832,2
4380603,9.742088091012997,11
4380605,9.979848167997982,2
4380609,9.934092179693076,4
4380625,9.602994026582449,16
4380633,9.828238153855368,8
4380640,9.849270409726564,7
4380642,9.875181942871789,2
4380646,9.922419727404758,4
4380650,9.933708943051457,4
4380661,9.77392103078481,11
4380681,9.504990060017414,20
4380693,9.748468829491369,12
4380705,9.734631657356006,12
4380714,9.838899186842822,9
4380725,9.782482566258892,11
4380730,9.89862032366405,5
4380738,9.839491516405634,8
4380742,9.935491673180797,4
4380743,10.0,1
4380755,9.737862139094721,12
4380761,9.889324735138675,6
4380766,9.919229721279217,5
4380781,9.669324733210045,15
4380785,9.938229071913502,4
4380792,9.865023162092157,7
4380801,9.82514997238506,9
4380806,9.92782026372355,5
4380816,9.493558931199145,10
4380832,9.647786671925134,16
4380842,9.606345657654124,10
4380848,9.876891022273849,6
4380854,9.89929217836524,6
4380865,9.736194110873452,11
4380870,9.793718807157152,5
4380881,9.760793544063308,11
4380894,9.706059720554657,13
4380910,9.650579257812122,16
4380916,9.89584113605958,6
4380923,9.867118579167109,7
4380924,9.987596353523816,1
4380926,9.96989705900776,2
4380932,9.892729607927514,6
4380940,9.833672773474438,8
4380955,9.699463646095294,15
4380971,9.62884653648317,16
4380982,9.75808102530715,11
4380992,9.809672334679714,10
4380993,10.0,1
4381002,9.833778751242432,9
4381014,9.516858052443684,12
4381024,9.77878172247286,10
4381031,9.879903142298932,7
4381034,9.955561011593357,3
4381042,9.834034881355903,8
4381043,10.0,1
4381051,9.88039236532034,8
4381055,9.943114211106506,4
4381059,9.937037981745926,4
4381074,9.674063052214295,15
4381082,9.845258813796692,8
4381094,9.787350422349594,12
4381097,9.970412797996367,3
4381098,10.0,1
4381112,9.719035433877321,14
4381123,9.803985932100018,11
4381134,9.751762575287106,11
4381143,9.825798773403193,9
4381158,9.655759547202356,15
4381160,9.974124245061764,2
4381170,9.777768690121459,10
4381175,9.920382401268563,5
4381181,9.888173307022665,6
4381196,9.744579218950138,15
4381204,9.84518589462067,8
4381211,9.886182488456667,7
4381221,9.784852781120879,10
4381227,9.878681161946437,6
4381237,9.806664559235914,10
4381246,9.840363108684233,9
4381247,10.0,1
4381254,9.863728069063669,7
4381265,9.764054206017631,11
4381275,9.791897551683954,10
4381282,9.887967233248302,7
4381295,9.695457517843618,13
4381306,9.776288008708406,11
4381307,9.993327869683126,1
4381314,9.874607426183205,7
4381324,9.782138313864882,10
4381331,9.8426010908242,7
4381334,9.965428433756697,3
4381345,9.784921311715284,11
4381353,9.642859053763383,8
4381363,9.769111072966266,10
4381364,9.996639453405102,1
4381370,9.895731644140882,6
4381376,9.89626854568723,6
4381389,9.737227974970214,13
4381393,9.935174518545432,4
4381399,9.884671466801528,6
4381409,9.793926546218714,10
4381411,9.97554268760201,2
4381416,9.915451249357945,5
4381430,9.709360032469334,14
4381439,9.811733971926115,9
4381442,9.968647619567028,3
4381446,9.940858112972128,4
4381460,9.480988072095231,14
4381464,9.924693964246156,4
4381472,9.817102293966935,8
4381484,9.653007647033046,12
4381492,9.848484295862843,8
4381503,9.771422631859588,11
4381504,9.98892902862404,1
4381516,9.746557317138322,12
4381525,9.82652242501634,9
4381528,9.953668321958391,3
4381529,10.0,1
4381539,9.792499575670302,10
4381542,9.964100803813812,3
4381556,9.684150548477573,14
4381566,9.816638263408962,10
4381568,9.967216019017698,2
4381579,9.763398027633528,11
4381588,9.830209118722038,9
4381596,9.815227636839488,8
4381601,9.904906258243443,5
4381608,9.869989745086944,7
4381615,9.865983350068868,7
4381629,9.685534619970342,14
4381637,9.841062806720412,8
4381642,9.890514580280392,5
4381652,9.793016123381765,10
4381659,9.866598843418075,7
4381672,9.70723412481813,13
4381676,9.957768450986269,4
4381692,9.424889149212182,16
4381697,9.917854105645171,5
4381708,9.789182717555985,11
4381713,9.912617989820042,5
4381718,9.91383220633978,5
4381733,9.647084894037404,15
4381741,9.851056312737494,8
4381746,9.92620166398265,5
4381749,9.961331566143594,3
4381758,9.8047829451307,9
4381770,9.736517322926874,12
4381779,9.826951309978716,9
4381788,9.830061963382228,9
4381794,9.890465475867442,6
4381802,9.849213852614279,8
4381808,9.886940836160408,6
4381819,9.749475060096845,11
4381826,9.870898014062925,7
4381832,9.896553656889804,6
4381841,9.795295549914291,9
4381851,9.788084441540162,10
4381860,9.832829392496611,9
4381872,9.736902686109064,12
4381881,9.81887627477724,9
4381885,9.936768783681707,4
4381898,9.687938930322462,13
4381908,9.826339473859788,10
4381911,9.959659119321719,3
4381922,9.796515161243775,11
4381928,9.891161274561945,6
4381934,9.901642541113091,6
4381935,9.9967739329547,1
4381946,9.741921240196264,11
4381953,9.871915371189726,7
4381954,10.0,1
4381961,9.861413271275275,7
4381980,9.533488507918234,19
4381987,9.868941748230323,7
4381993,9.910324922555011,6
4381999,9.891330290240099,6
4382004,9.911479067450681,5
4382006,9.972161471912802,2
4382007,10.0,1
4382019,9.722524435257322,12
4382026,9.88187107145329,7
4382030,9.942325400012358,4
4382043,9.702118947054412,13
4382057,9.75142348385123,14
4382067,9.81022951405002,10
4382068,10.0,1
4382073,9.91483464029958,5
4382081,9.852149902729355,8
4382087,9.872898857936987,6
4382092,9.916022632732396,5
4382098,9.91351750453237,6
4382110,9.740560867399,12
4382115,9.911454977568548,5
4382122,9.87586959355931,7
4382129,9.87672131451183,7
4382137,9.844390061488687,8
4382152,9.679630013956267,15
4382157,9.89412484521329,5
4382172,9.670487449110786,15
4382183,9.755430864133226,11
4382194,9.752764127536796,11
4382195,10.0,1
4382211,9.668411310253163,16
4382215,9.941724671078449,4
4382228,9.721707962657094,13
4382235,9.8633259489663,7
4382241,9.89538928556873,6
4382245,9.934123495608329,4
4382246,10.0,1
4382260,9.69997983654957,14
4382270,9.803228858738137,10
4382274,9.944444064219324,4
4382283,9.828910307364742,9
4382296,9.413814615181641,13
4382307,9.773172405524402,11
4382316,9.825075595162858,9
4382328,9.711228429246615,12
4382343,9.641027854673949,15
4382348,9.911420137686182,5
4382360,9.744213764358076,12
4382370,9.707393850473933,10
4382371,10.0,1
4382379,9.855825718560363,8
4382384,9.906432705864372,5
4382395,9.825783305750457,11
4382404,9.820419342822666,9
4382414,9.792424859420207,10
4382430,9.64797560627155,16
4382436,9.901049214770854,6
4382447,9.743605210644242,11
4382455,9.853462327505207,8
4382460,9.912406633953637,5
4382472,9.739084970283042,12
4382477,9.905073084005917,5
4382488,9.787490223747438,11
4382502,9.69584700401467,14
4382517,9.689620213840774,15
4382524,9.851295969253387,7
4382527,9.961181047168612,3
4382532,9.917972390752398,5
4382539,9.8736491191496,7
4382544,9.926512756993882,5
4382552,9.842018937513641,8
4382562,9.792571233001814,10
4382567,9.933148433064598,5
4382573,9.79940962996914,6
4382584,9.769755525672947,11
4382595,9.766555641290031,11
4382603,9.848216454727416,8
4382606,9.964728844249239,3
4382610,9.947032780469797,4
4382611,10.0,1
4382620,9.804571968360401,9
4382628,9.848737145718585,8
4382637,9.804051365527782,9
4382642,9.921287480268786,5
4382650,9.83223202185899,8
4382658,9.86594558242696,8
4382666,9.833096663997965,8
4382670,9.937133014135844,4
4382688,9.618358274541702,18
4382695,9.885625358292515,7
4382703,9.840559948326566,8
4382711,9.836415254953874,8
4382714,9.952227775069412,3
4382723,9.820198642624389,9
4382732,9.816359333278369,9
4382738,9.88827716251538,6
4382752,9.682765014831366,14
4382761,9.807733406142894,9
4382772,9.743999178867966,11
4382780,9.837546862879075,8
4382794,9.692472651383667,14
4382801,9.85806435416529,7
4382810,9.833084898705733,9
4382813,9.952810082463156,3
4382817,9.951980482407794,4
4382821,9.926991133221843,4
4382832,9.758607669230319,11
4382844,9.765384073342515,12
4382856,9.748313347395877,12
4382863,9.896445171367562,7
4382867,9.929349572640657,4
4382881,9.720669943535325,14
4382891,9.79159771925852,10
4382894,9.96427693433024,3
4382897,9.958967969836625,3
4382903,9.879174765455119,6
4382910,9.867442882505859,7
4382913,9.946325491317348,3
4382926,9.773146953582511,13
4382936,9.815426748560276,10
4382937,10.0,1
4382950,9.697694685541864,13
4382960,9.781991985427043,10
4382973,9.710599311980234,13
4382983,9.798637270247411,10
4382988,9.924406366032132,5
4382995,9.891750766959992,7
4382996,10.0,1
4383015,9.518392539977073,19
4383020,9.909850079140707,5
4383023,9.964015843942315,3
4383030,9.855625586869401,7
4383042,9.523263036591802,12
4383048,9.906075720799674,6
4383053,9.911531121291763,5
4383064,9.740601017007553,11
4383070,9.890065183612185,6
4383073,9.950112667993082,3
4383076,9.959397768586642,3
4383093,9.666271664693083,17
4383105,9.731594653062656,12
4383106,10.0,1
4383116,9.788746329610882,10
4383128,9.716197270150639,12
4383133,9.907711710370283,5
4383134,10.0,1
4383135,10.0,1
4383148,9.787462100357637,13
4383155,9.858345245185797,7
4383160,9.921379614751652,5
4383169,9.82351158828595,9
4383185,9.639552254630473,16
4383195,9.587755724652459,10
4383198,9.95440789344886,3
4383202,9.931585235894408,4
4383217,9.713980517672347,15
4383228,9.76064442342182,11
4383239,9.769748963447073,11
4383243,9.956156163724486,4
4383247,9.946515866967358,4
4383250,9.952000339427522,3
4383254,9.939893286493296,4
4383262,9.859609238487558,8
4383274,9.745768127058065,12
4383281,9.875071907636835,7
4383283,9.973846562197338,2
4383292,9.830013733814686,9
4383299,9.850041429337093,7
4383313,9.69990648072164,14
4383321,9.856721843688513,8
4383331,9.778239520940657,10
4383343,9.750207590301152,12
4383344,10.0,1
4383351,9.876234291857317,7
4383363,9.712953531990433,12
4383369,9.904861397985247,6
4383372,9.756089063408725,3
4383379,9.758951451824652,7
4383380,10.0,1
4383392,9.71887858000088,12
4383397,9.919351749475995,5
4383402,9.920832898881239,5
4383414,9.72885948662828,12
4383415,10.0,1
4383420,9.929392640945169,5
4383431,9.793912113267027,11
4383449,9.592236107936882,18
4383455,9.890867901473756,6
4383470,9.698143346769985,15
4383475,9.918082241164178,5
4383476,10.0,1
4383477,10.0,1
4383481,9.933726995761491,4
4383489,9.840701334689337,8
4383499,9.785471224279211,10
4383514,9.407023779255372,15
4383521,9.857476962887743,7
4383526,9.911362116714345,5
4383548,9.442161668991252,22
4383558,9.810661520539094,10
4383561,9.955674051137398,3
4383571,9.800052156496113,10
4383577,9.905980032772636,6
4383587,9.779419307665723,10
4383600,9.744653639837455,13
4383605,9.925409519713954,5
4383608,9.955724220552694,3
4383617,9.831825361142446,9
4383619,9.97266362945149,2
4383623,9.946428680377414,4
4383633,9.773726815462268,10
4383644,9.748322796216163,11
4383656,9.72657668348771,12
4383662,9.88197891919365,6
4383665,9.955672008920425,3
4383669,9.946389072867941,4
4383673,9.949226154323057,4
4383679,9.902826339630865,6
4383688,9.856644693518033,9
4383689,10.0,1
4383700,9.766288222721304,11
4383707,9.88349137882006,7
4383718,9.788952280431593,11
4383725,9.876282846928174,7
4383738,9.739072544669096,13
4383747,9.820773909758481,9
4383756,9.804397488126163,9
4383762,9.914797478378192,6
4383766,9.92723446782532,4
4383767,10.0,1
4383769,9.975591212292311,2
4383776,9.872058039149582,7
4383784,9.830316380638788,8
4383789,9.912376434952643,5
4383794,9.928512431130354,5
4383801,9.8551818992039,7
4383802,10.0,1
4383819,9.578890685346643,17
4383820,10.0,1
4383828,9.843693536255657,8
4383841,9.73441684323141,13
4383846,9.91284902564129,5
4383871,4.589828695590394,25
4383879,9.832043902410113,8
4383891,9.754350746412326,12
4383901,9.770831790405152,10
4383908,9.870752133907997,7
4383917,9.834384974300358,9
4383924,9.885822674768079,7
4383929,9.909883895615472,5
4383942,9.633963653392478,13
4383954,9.414835166978339,12
4383959,9.921171296587932,5
4383960,10.0,1
4383964,9.94109534355591,4
4383970,9.881315457174587,6
4383980,9.764175690889799,10
4383985,9.934174732009815,5
4383996,9.750617088770825,11
4384009,9.718588305811265,13
4384020,9.780848850557193,11
4384036,9.646607821084855,16
4384044,9.871752406046271,8
4384048,9.93647389266821,4
4384053,9.927784019451256,5
4384062,9.809184215590605,9
4384068,9.887766132932384,6
4384077,9.803342496165671,9
4384081,9.942421069821755,4
4384082,10.0,1
4384090,9.851799079467217,8
4384097,9.870471492885695,7
4384098,10.0,1
4384112,9.705283611573053,14
4384118,9.895151242267257,6
4384130,9.746047771406674,12
4384135,9.900474413490473,5
4384144,9.827224517043101,9
4384155,9.645359972499904,11
4384160,9.904888461871357,5
4384164,9.944838672742817,4
4384168,9.938591727032932,4
4384176,9.629031436805413,8
4384177,10.0,1
4384189,9.717828142772555,12
4384200,9.733884660474931,11
4384206,9.898441440785382,6
4384212,9.78865516732935,6
4384222,9.799639932591584,10
4384236,9.737474022381079,14
4384243,9.874094501727646,7
4384250,9.871899900864117,7
4384257,9.875570803073629,7
4384258,10.0,1
4384271,9.719713484009224,13
4384277,9.905934311189215,6
4384284,9.790062725031605,7
4384288,9.948692189432451,4
4384300,9.727517282865056,12
4384311,9.779487307110642,11
4384327,9.66858063481648,16
4384340,9.706284815213705,13
4384344,9.9313294878808,4
4384348,9.923860767422408,4
4384353,9.916418622310363,5
4384362,9.80758490016309,9
4384365,9.967447770318,3
4384373,9.849241175728144,8
4384387,9.686752945253822,14
4384392,9.914757582775483,5
4384403,9.78759181610649,11
4384413,9.781592220890152,10
4384420,9.888105165772133,7
4384434,9.682242896781084,14
4384440,9.886439999570126,6
4384447,9.858915556664087,7
4384464,9.573170919023552,17
4384478,9.678879717065133,14
4384487,9.83046866483477,9
4384494,9.861309786927695,7
4384502,9.835253317675367,8
4384509,9.872869344340444,7
4384518,9.847594847637652,9
4384529,9.772726225078417,11
4384535,9.894127038953329,6
4384545,9.807430538332865,10
4384554,9.82379295408186,9
4384561,9.886666819879215,7
4384565,9.935853105328551,4
4384573,9.84725392551613,8
4384578,9.904985616506195,5
4384588,9.79931457475959,10
4384597,9.814121491512333,9
4384608,9.773910745145793,11
4384624,9.661514493708518,16
4384629,9.922010809676273,5
4384633,9.942585285292656,4
4384644,9.794008382222977,11
4384656,9.766692296121034,12
4384664,9.826781732595318,8
4384665,9.993281580717163,1
4384675,9.787991215340183,10
4384685,9.786710972536785,10
4384693,9.869642552178673,8
4384710,9.686662027873576,17
4384717,9.889360884771127,7
4384721,9.951009906532466,4
4384727,9.907956789073195,6
4384733,9.890328532753307,6
4384746,9.723621602299827,13
4384758,9.760983766206756,12
4384770,9.72759537704263,12
4384771,10.0,1
4384777,9.892558318101411,6
4384787,9.812902720122853,10
4384791,9.938029352684163,4
4384797,9.88505027554739,6
4384814,9.592514246372337,17
4384819,9.925155721102692,5
4384829,9.785463931057013,10
4384837,9.829769008464252,8
4384845,9.821734080558452,8
4384852,9.844797983714011,7
4384856,9.946369154578624,4
4384858,9.970136634716658,2
4384863,9.91795078114023,5
4384871,9.844618345166644,8
4384882,9.774643131771255,11
4384890,9.85574790519955,8
4384893,9.963659382103215,3
4384910,9.60827904908602,17
4384918,9.849518133885159,8
4384921,9.962378357334266,3
4384925,9.946452526020252,4
4384932,9.857425905371855,7
4384935,9.96982985646189,3
4384936,10.0,1
4384937,10.0,1
4384941,9.942104817416137,4
4384948,9.871248761623924,7
4384962,9.300948404756989,14
4384979,9.607184019738204,17
4384985,9.893798619658565,6
4384986,10.0,1
4384989,9.954572143451307,3
4384995,9.902681803970074,6
4385005,9.769592618292933,10
4385009,9.938078884044765,4
4385016,9.873290068660685,7
4385019,9.943853298300557,3
4385039,9.480988592280877,20
4385049,9.781099806816686,10
4385062,9.684355811466135,13
4385071,9.811195614817354,9
4385095,9.211540995110711,24
4385096,10.0,1
4385098,9.976229759591074,2
4385107,9.805688842789383,9
4385115,9.826675022364935,8
4385131,9.665811284055103,16
4385138,9.860550380455686,7
4385149,9.76884612014685,11
4385155,9.887223687307062,6
4385164,9.827294250065663,9
4385167,9.960013426812196,3
4385168,10.0,1
4385178,9.797729815015046,10
4385184,9.879268102774672,6
4385193,9.813735002538062,9
4385196,9.96626116406769,3
4385211,9.638732033105198,15
4385213,9.983817804279909,2
4385216,9.956454075518101,3
4385218,9.972532649641078,2
4385225,9.795076514940302,7
4385233,9.840174251531167,8
4385243,9.798552032179622,10
4385254,9.751096445692921,11
4385256,9.972846238439358,2
4385263,9.901070187026788,7
4385275,9.734424672821431,12
4385276,10.0,1
4385283,9.875914123823444,7
4385295,9.772931887910525,12
4385299,9.93936014433446,4
4385308,9.830949172434671,9
4385315,9.879250901605708,7
4385334,9.644843300395573,19
4385338,9.955816340214843,4
4385350,9.718639391262398,12
4385358,9.84295427578311,8
4385371,9.703272066537217,13
4385388,9.650627226717663,17
4385394,9.889831480422897,6
4385401,9.88650187767374,7
4385404,9.969119754903941,3
4385415,9.671140049895346,11
4385421,9.895859190927967,6
4385428,9.905624440306052,7
4385434,9.906919425839734,6
4385445,9.778830013869303,11
4385452,9.882452302894645,7
4385459,9.874679828593631,7
4385466,9.855614971505991,7
4385472,9.879693765224483,6
4385480,9.847253044012824,8
4385491,9.775904615772879,11
4385502,9.743177137660227,11
4385505,9.96403192881235,3
4385517,9.727230150426886,12
4385518,10.0,1
4385519,10.0,1
4385529,9.797441653488494,10
4385536,9.8743675460318,7
4385544,9.831661565594372,8
4385554,9.78286331205106,10
4385564,9.780887921271402,10
4385572,9.838908756900581,8
4385578,9.717920232202577,6
4385589,9.77418206600873,11
4385600,9.757385293378023,11
4385605,9.902244452084688,5
4385611,9.897182446845363,6
4385616,9.90513569056773,5
4385621,9.910897616429358,5
4385623,9.971178864975975,2
4385627,9.941676100914227,4
4385631,9.94186102101473,4
4385636,9.913757484779971,5
4385644,9.8719564107959,8
4385658,9.691855570262739,14
4385662,9.945965092128327,4
4385673,9.792633682332664,11
4385686,9.69182214266588,13
4385692,9.890609349553738,6
4385699,9.880023163261464,7
4385700,10.0,1
4385719,9.591005567703935,19
4385730,9.751791280108987,11
4385733,9.960816176606414,3
4385739,9.895524282956663,6
4385740,9.989309195391321,1
4385749,9.817852682579696,9
4385761,9.72760586804476,12
4385763,9.973261176357031,2
4385778,9.667197465585472,15
4385780,9.976875984451551,2
4385788,9.835708281334865,8
4385790,9.975567760741981,2
4385805,9.66227370881141,15
4385810,9.912941650298443,5
4385817,9.876250062173547,7
4385828,9.751818193783668,11
4385838,9.821241095576122,10
4385849,9.775312632651225,11
4385856,9.870957180200026,7
4385868,9.717051107806935,12
4385877,9.799923695699416,9
4385889,9.745260858213888,12
4385901,9.754663043128417,12
4385913,9.753194060928752,12
4385923,9.799806036956038,10
4385937,9.700899711117168,14
4385952,9.65372022282968,15
4385953,10.0,1
4385962,9.802668244046219,9
4385966,9.943514461907451,4
4385971,9.901892842523177,5
4385985,9.681311798062685,14
4385989,9.94625133655283,4
4385990,10.0,1
4386000,9.803431940296486,10
4386008,9.83368284516794,8
4386022,9.47786810399705,14
4386032,9.794590597293203,10
4386042,9.827609642805102,10
4386048,9.883694688394495,6
4386057,9.8060383200568,9
4386072,9.682060613578793,15
4386073,10.0,1
4386079,9.891572375704193,6
4386090,9.779901373330143,11
4386099,9.808539502289198,9
4386111,9.748949222942858,12
4386115,9.945662804201724,4
4386116,10.0,1
4386120,9.943301724077143,4
4386129,9.822116383419294,9
4386133,9.935306930064064,4
4386140,9.846096955405578,7
4386147,9.890517167935736,7
4386161,9.68541533480651,14
4386174,9.707747314024695,13
4386187,9.719562678755002,13
4386193,9.877684431037952,6
4386197,9.929263309135457,4
4386207,9.78084347898171,10
4386215,9.82427306636656,8
4386227,9.73395108631663,12
4386229,9.973264401905977,2
4386236,9.887886664463396,7
4386237,10.0,1
4386240,9.965124325897598,3
4386241,10.0,1
4386255,9.664747694106278,14
4386262,9.862172433003018,7
4386272,9.789576194671085,10
4386273,10.0,1
4386279,9.907001047479541,6
4386290,9.77584491943182,11
4386303,9.692779802370312,13
4386312,9.803092261696875,9
4386322,9.788353467052548,10
4386327,9.920019886852467,5
4386330,9.959050879765744,3
4386333,9.955947068876666,3
4386343,9.784269776300732,10
4386350,9.867544132904916,7
4386351,9.992739837615781,1
4386363,9.735816307295615,12
4386373,9.819366743759927,10
4386374,10.0,1
4386379,9.923768299106587,5
4386389,9.778168295827957,10
4386402,9.724335096015215,13
4386403,10.0,1
4386412,9.830219536679085,9
4386421,9.817998403560637,9
4386435,9.654036816894536,14
4386442,9.887220017326168,7
4386448,9.878847315190567,6
4386458,9.774707331329068,10
4386470,9.728407840689712,12
4386475,9.917575176960986,5
4386487,9.740793407867535,12
4386498,9.738292625038653,11
4386510,9.722567906693273,12
4386527,9.589855984705936,17
4386537,9.79586818516329,10
4386548,9.76209152007164,11
4386556,9.863183026368134,8
4386565,9.804998975980348,9
4386569,9.944311627210212,4
4386572,9.956478780459566,3
4386576,9.938356369317363,4
4386584,9.850699474013215,8
4386592,9.830399487951144,8
4386604,9.767966072942189,12
4386611,9.865900591996708,7
4386622,9.802433289306858,11
4386629,9.895291731983217,7
4386636,9.859264779573042,7
4386649,9.730598157638179,13
4386652,9.957149855128765,3
4386657,9.903559783999055,5
4386663,9.890178962068486,6
4386673,9.792522371499258,10
4386680,9.876313032443663,7
4386696,9.648095316842875,16
4386705,9.79605816508982,9
4386712,9.863847031358448,7
4386725,9.727705073022628,13
4386729,9.930396473719727,4
4386730,10.0,1
4386752,9.599334232547958,22
4386761,9.811112662486801,9
4386769,9.8425571735456,8
4386770,10.0,1
4386771,10.0,1
4386778,9.781844670046354,7
4386789,9.749439131558228,11
4386796,9.869374402460823,7
4386799,9.947578173620538,3
4386807,9.819376006058086,8
4386811,9.93529672125928,4
4386821,9.781333967491943,10
4386822,10.0,1
4386826,9.934982574375814,4
4386835,9.839263044425287,9
4386847,9.750823314132852,12
4386848,9.989063500651074,1
4386856,9.859542382738768,8
4386862,9.898801197674342,6
4386867,9.904216606430278,5
4386870,9.953518690586728,3
4386880,9.766857357071501,10
4386887,9.881908130221738,7
4386893,9.898531306469195,6
4386894,10.0,1
4386903,9.802342157115408,9
4386921,9.64361396958865,18
4386941,8.87898310710316,20
4386951,9.810363656730303,10
4386966,9.638704515032899,15
4386979,9.710485676954042,13
4386991,9.748033313122955,12
4387003,9.746775955566683,12
4387012,9.82559242408892,9
4387027,9.662725449761094,15
4387037,9.829770856321577,10
4387046,9.809034708394885,9
4387054,9.847234721098594,8
4387058,9.841445800790963,4
4387067,9.81125860840744,9
4387071,9.937946917466325,4
4387078,9.866246891995768,7
4387085,9.873357706558684,7
4387091,9.901581401258115,6
4387106,9.664794730026479,15
4387122,9.625906914013832,16
4387131,9.827195644336674,9
4387138,9.871423109567187,7
4387146,9.75334017891659,8
4387149,9.966224202810848,3
4387155,9.890601638327446,6
4387170,9.655285177678834,15
4387174,9.9233580261095,4
4387177,9.961025015419228,3
4387178,10.0,1
4387183,9.920897237834472,5
4387185,9.984735981097337,2
4387198,9.730791211614847,13
4387209,9.75965165440613,11
4387215,9.88332732387047,6
4387217,9.976876678234861,2
4387218,9.996038252593936,1
4387221,9.957800927269563,3
4387233,9.622111615750255,12
4387246,9.716589030659682,13
4387256,9.797034827563158,10
4387272,9.625457517435116,16
4387280,9.856867306359145,8
4387294,9.68136339660047,14
4387304,9.784849505775014,10
4387316,9.737992649017832,12
4387326,9.798664649888574,10
4387340,9.562079754549027,14
4387350,9.78256153572109,10
4387351,10.0,1
4387357,9.891302554198012,6
4387366,9.829686296379656,9
4387381,9.642618693715557,15
4387387,9.87074432673441,6
4387388,10.0,1
4387397,9.808363195579288,9
4387407,9.80151426141941,10
4387411,9.934562685314306,4
4387412,10.0,1
4387413,9.992917147007516,1
4387419,9.901523549954726,6
4387429,9.815837951392021,10
4387430,10.0,1
4387439,9.817243589789383,9
4387449,9.815164708666709,10
4387465,9.620108337694512,16
4387470,9.917750294062493,5
4387477,9.879951829320078,7
4387488,9.74411874764074,11
4387499,9.748847670086972,11
4387500,9.988860380916817,1
4387506,9.88670826819939,6
4387517,9.769132990906442,11
4387526,9.78177360052422,9
4387542,9.7261615415609,16
4387550,9.853462530989757,8
4387557,9.867914597046461,7
4387566,9.800124254010177,9
4387567,10.0,1
4387568,10.0,1
4387578,9.796335495273876,10
4387588,9.795756730249309,10
4387596,9.86434297449448,8
4387604,9.842353796857301,8
4387605,10.0,1
4387620,9.661296104901034,15
4387623,9.967101006500048,3
4387630,9.859409330564075,7
4387639,9.808028134520809,9
4387649,9.802013679631571,10
4387662,9.724096509239608,13
4387663,10.0,1
4387664,10.0,1
4387670,9.875555764998563,6
4387680,9.795521018384859,10
4387690,9.766312256922928,10
4387699,9.832843690593043,9
4387700,10.0,1
4387708,9.840947196344969,8
4387713,9.906957358467919,5
4387724,9.800560768808163,11
4387731,9.870169180378022,7
4387734,9.960872903027724,3
4387742,9.84492202575373,8
4387749,9.88997703129155,7
4387756,9.870790776208496,7
4387764,9.853124595645307,8
4387772,9.845652002743064,8
4387781,9.841829182413717,9
4387782,10.0,1
4387791,9.813176410576908,9
4387804,9.731442530818969,13
4387809,9.906714743081622,5
4387819,9.604215108667399,10
4387826,9.87227435134956,7
4387842,9.58991015352178,16
4387847,9.909391422444704,5
4387848,10.0,1
4387859,9.741509993185856,11
4387875,9.618989763607233,16
4387888,9.713225523649044,13
4387889,10.0,1
4387905,9.63605304154001,16
4387909,9.9420608509682,4
4387910,10.0,1
4387919,9.846189686785316,9
4387920,10.0,1
4387929,9.79764081823222,9
4387932,9.955214141340898,3
4387941,9.803498027969466,9
4387945,9.952772549041894,4
4387953,9.631783021626992,8
4387959,9.905800739709315,6
4387966,9.873828954526475,7
4387972,9.886139035208318,6
4387975,9.964011616859064,3
4387984,9.863625403184646,9
4387991,9.86621801934027,7
4388008,9.623990683189163,17
4388022,9.730201762981185,14
4388029,9.88723816247481,7
4388032,9.965057931460011,3
4388039,9.872439011059324,7
4388053,9.710950418500826,14
4388060,9.874165474186364,7
4388066,9.892013584123472,6
4388069,9.956602750487352,3
4388082,8.830021522321756,13
4388083,10.0,1
4388094,9.75600830781262,11
4388109,9.488310946195362,15
4388116,9.869870470947355,7
4388123,9.869549961526316,7
4388136,9.708219484274563,13
4388141,9.90446401201157,5
4388148,9.873055253113648,7
4388163,9.685586299474151,15
4388165,9.983727002408731,2
4388171,9.903306710132895,6
4388180,9.818219243519152,9
4388184,9.936069628419459,4
4388194,9.786644380070074,10
4388195,9.992354364679299,1
4388204,9.816459983582469,9
4388208,9.93670487101035,4
4388215,9.863885606316742,7
4388217,9.975254527780207,2
4388221,9.943417257535513,4
4388230,9.813449115669924,9
4388234,9.931044782978082,4
4388246,9.729434798469727,12
4388247,9.996428316963662,1
4388254,9.874605404746166,7
4388259,9.920884708642937,5
4388267,9.861888454398079,8
4388273,9.888255620981692,6
4388281,9.861449427257433,8
4388282,10.0,1
4388291,9.818357727350635,9
4388303,9.751552214896867,12
4388310,9.856553797545583,7
4388321,9.769023876875908,11
4388326,9.900723460803034,5
4388327,9.992828110349015,1
4388333,9.886767886296548,6
4388342,9.807783788346908,9
4388349,9.878728729279734,7
4388361,9.641513999836633,12
4388367,9.894032110721877,6
4388372,9.9159869380604,5
4388375,9.964454803350375,3
4388386,9.761462302296747,11
4388393,9.857563507758833,7
4388399,9.894788229188773,6
4388410,9.801684298434942,11
4388419,9.797044456774662,9
4388428,9.812961988569437,9
4388431,9.951497168140872,3
4388442,9.750098016148954,11
4388450,9.830275389837183,8
4388451,10.0,1
4388456,9.915498591694826,5
4388466,9.780342666508746,10
4388479,9.69093662214108,13
4388493,9.68341025699121,14
4388498,9.917889641766106,5
4388510,9.722747867350215,12
4388520,9.793896357989556,10
4388529,9.810841064498181,9
4388539,9.794751613179725,10
4388554,9.284363477352853,15
4388565,9.760093038187236,11
4388569,9.930347730536011,4
4388582,9.730354636600708,13
4388591,9.831253071605522,9
4388601,9.789974225722103,10
4388615,9.684851027941244,14
4388619,9.928658018253918,4
4388632,9.758287165413217,13
4388633,10.0,1
4388638,9.919085560956024,5
4388643,9.906233249969114,5
4388655,9.717832834465254,12
4388672,9.614413147251296,17
4388682,9.814549573391671,10
4388684,9.98055228061634,2
4388702,9.596290968623654,18
4388710,9.823047391407533,8
4388717,9.866228075473582,7
4388727,9.7943452192887,10
4388733,9.899081360817783,6
4388746,9.73446963264302,13
4388757,9.736844565630303,11
4388758,9.99266216292723,1
4388759,9.99674133933275,1
4388768,9.815473679093847,9
4388779,9.754397095634175,11
4388785,9.89711965333625,6
4388791,9.885894890227403,6
4388799,9.848363831113332,8
4388806,9.868429305752576,7
4388811,9.91965709077044,5
4388819,9.828864794968704,8
4388829,9.824254552409185,10
4388837,9.856831488124362,8
4388844,9.885189883600567,7
4388854,9.767778078088197,10
4388859,9.929322968226556,5
4388864,9.914827060584058,5
4388865,10.0,1
4388874,9.823218206067514,9
4388892,9.591171352263974,18
4388901,9.819248590235246,9
4388910,9.819189240973188,9
4388917,9.87330106108756,7
4388922,9.70714855398388,5
4388929,9.881774282768388,7
4388937,9.852735898201317,8
4388944,9.890000504093969,7
4388954,9.786780544217027,10
4388960,9.88448151048606,6
4388966,9.910925700353298,6
4388978,9.74844584038678,12
4388984,9.887373953072052,6
4388991,9.89955067220383,7
4388992,9.996327505610504,1
4389001,9.833290249374816,9
4389007,9.897657241756232,6
4389016,9.814683270404885,9
4389017,10.0,1
4389032,9.65059633990205,15
4389041,9.81498919845185,9
4389046,9.898853557464383,5
4389059,9.704096875081445,13
4389066,9.88712744492408,7
4389089,7.866205494086175,23
4389098,9.793931830087539,9
4389099,10.0,1
4389111,9.733242361754398,12
4389124,9.705987985807337,13
4389135,9.783231001370906,11
4389148,9.706795346907539,13
4389156,9.847723119552382,8
4389157,10.0,1
4389169,9.743060730441204,12
4389177,9.875286720304185,8
4389184,9.863476910768968,7
4389190,9.916548481585593,6
4389194,9.934461455097003,4
4389195,9.992929661634182,1
4389196,10.0,1
4389204,9.822170563863846,8
4389213,9.798180905135156,9
4389220,9.881646633921456,7
4389221,10.0,1
4389222,9.988398079158857,1
4389228,9.886769887271594,6
4389240,9.772495067579072,12
4389251,9.737185080052221,11
4389259,9.866600194612035,8
4389271,9.360880805301173,12
4389276,9.916187980928186,5
4389290,9.696277502453638,14
4389291,10.0,1
4389302,9.484838161907463,11
4389312,9.488826746447982,10
4389320,9.833046432067833,8
4389322,9.970431467013496,2
4389328,9.716663479714267,6
4389337,9.82454753371947,9
4389346,9.81097244100949,9
4389353,9.882743986619445,7
4389363,9.77608601730182,10
4389368,9.911181006082742,5
4389369,9.993159353225726,1
4389375,9.92150615148627,6
4389386,9.771975605675937,11
4389387,10.0,1
4389397,9.77895569472566,10
4389404,9.85594945558825,7
4389416,9.758270581080268,12
4389428,9.734412343540898,12
4389429,10.0,1
4389431,9.971408852167906,2
4389432,10.0,1
4389444,9.738420262358385,12
4389445,10.0,1
4389457,9.720511896196488,12
4389464,9.840409748419663,7
4389470,9.907383275898473,6
4389486,9.628317704281084,16
4389487,10.0,1
4389495,9.756447236000918,8
4389501,9.887130284987729,6
4389505,9.92602217211112,4
4389514,9.794981666880615,9
4389522,9.845401649862518,8
4389531,9.838080096060004,9
4389536,9.903798622070727,5
4389542,9.889383163034365,6
4389549,9.862862930368065,7
4389557,9.839259270200914,8
4389565,9.864252019267504,8
4389577,9.747929384937978,12
4389589,9.760595397226309,12
4389606,9.638507741498387,17
4389615,9.816637095291384,9
4389626,9.797176570550718,11
4389638,9.795887674869103,12
4389648,9.78351468060983,10
4389661,9.71846714770524,13
4389666,9.92557633109649,5
4389667,9.996418031633029,1
4389672,9.911576809725348,5
4389677,9.92661455050169,5
4389684,9.875449950978943,7
4389690,9.911974887090237,6
4389698,9.858603542989673,8
4389707,9.807749055659308,9
4389708,9.996370059115124,1
4389719,9.751274067931629,11
4389739,9.532263566589839,20
4389743,9.933527443275322,4
4389751,9.845631514334512,8
4389766,9.599676094003218,15
4389773,9.841186103317217,7
4389778,9.924696924642145,5
4389794,9.672994730351006,16
4389802,9.844676844972968,8
4389803,10.0,1
4389813,9.806577573711566,10
4389814,10.0,1
4389827,9.69819316731501,13
4389828,9.99663334764524,1
4389837,9.806217828581763,9
4389841,9.933831568484651,4
4389850,9.83513529228246,9
4389858,9.840317785091033,8
4389869,9.74685679819785,11
4389872,9.963827450651221,3
4389873,10.0,1
4389874,9.99660208722795,1
4389881,9.875423041334171,7
4389883,9.983858899910132,2
4389898,9.663707613090056,15
4389901,9.971480424318912,3
4389911,9.792660718511833,10
4389922,9.764286942193255,11
4389934,9.755103502542049,12
4389940,9.876584205488443,6
4389952,9.73143169527085,12
4389966,9.563416010835658,14
4389976,9.799968360060376,10
4389988,9.743979821760368,12
4390003,9.616881986492556,15
4390015,9.75408270614659,12
4390021,9.897729650946365,6
4390032,9.752952799170519,11
4390045,9.717246099154979,13
4390056,9.759369749797923,11
4390070,9.67444729172452,14
4390078,9.837240397756553,8
4390085,9.862457343242172,7
4390086,10.0,1
4390100,9.700229371971426,14
4390111,9.757162575914945,11
4390118,9.788947022084082,7
4390127,9.817041290710286,9
4390134,9.862575002741934,7
4390141,9.888668721827644,7
4390148,9.888574667561763,7
4390160,9.737323056883412,12
4390161,9.989472006082718,1
4390173,9.734324537065403,12
4390185,9.76987698283856,12
4390192,9.889537233959711,7
4390204,9.74159786223687,12
4390217,9.719959544923494,13
4390218,10.0,1
4390226,9.857489900486934,8
4390233,9.872677251188824,7
4390245,9.719318579091102,12
4390257,9.734946633862632,12
4390263,9.801461073857173,6
4390285,9.557365113890134,22
4390291,9.907147780041353,6
4390292,10.0,1
4390298,9.900349125766105,6
4390300,9.983826769356002,2
4390301,9.99320093235858,1
4390303,9.976923211109685,2
4390312,9.831092717253474,9
4390313,10.0,1
4390330,9.58109226256229,17
4390335,9.929186377940345,5
4390348,9.735782543097825,13
4390355,9.858724194173702,7
4390358,9.955756445225191,3
4390367,9.817263512558421,9
4390373,9.89263384539448,6
4390381,9.831815012683847,8
4390391,9.783572352465876,10
4390395,9.937703011821995,4
4390401,9.898341199820447,6
4390416,9.643732289932888,15
4390426,9.802934070643014,10
4390434,9.845317063706549,8
4390441,9.871678794139793,7
4390443,9.979968259274589,2
4390453,9.807346273145171,10
4390461,9.825218174576078,8
4390471,9.7961385196327,10
4390480,9.82207813383905,9
4390488,9.848265590602804,8
4390499,9.739668986916886,11
4390511,9.730646708538714,12
4390525,9.492414906820551,14
4390527,9.979655202826597,2
4390532,9.92210413744777,5
4390538,9.904886167772505,6
4390539,10.0,1
4390547,9.841872552722348,8
4390558,9.768645319626117,11
4390569,9.761417257865524,11
4390582,9.732406422111191,13
4390587,9.916536941515659,5
4390599,9.735463975375609,12
4390608,9.792154584044885,9
4390614,9.909846202423811,6
4390623,9.828772218747423,9
4390627,9.942411686936309,4
4390633,9.878301341158593,6
4390641,9.848954759570503,8
4390649,9.833578791135846,8
4390658,9.819570831109717,9
4390665,9.874782165838097,7
4390673,9.824615399896835,8
4390678,9.930679506657238,5
4390687,9.798110795062332,9
4390696,9.820984034548056,9
4390697,9.988455447584737,1
4390699,9.975494323367855,2
4390702,9.962066390589362,3
4390711,9.817338626421295,9
4390719,9.823508088487138,8
4390726,9.894306783707595,7
4390740,9.673325935667307,14
4390750,9.785809842067122,10
4390763,9.700625591506913,13
4390773,9.821212710481198,10
4390781,9.852958594051941,8
4390785,9.944328581213629,4
4390794,9.818945186466767,9
4390807,9.716147589663738,13
4390808,10.0,1
4390809,10.0,1
4390821,9.705442344155369,12
4390834,9.7285230827145,13
4390838,9.955578739456836,4
4390846,9.858776226147254,8
4390858,9.729423151692554,12
4390863,9.91279668866594,5
4390870,9.875297370917279,7
4390877,9.888247621351493,7
4390886,9.819976141149409,9
4390900,9.701597450368551,14
4390911,9.766061463917296,11
4390915,9.947864155721769,4
4390931,9.61285116586839,16
4390939,9.815660466252558,8
4390950,9.804390439391723,11
4390954,9.928808905706937,4
4390971,9.724998553011678,17
4390990,9.579795725062127,19
4391000,9.785057414841637,10
4391006,9.892722198087121,6
4391017,9.755452922119632,11
4391024,9.871942069764792,7
4391038,9.675148263986515,14
4391046,9.842893607765568,8
4391066,8.48266298189993,20
4391077,9.758941697035297,11
4391092,9.66153071769544,15
4391103,9.805552643934973,11
4391124,9.518252300749841,21
4391135,9.743323853105354,11
4391143,9.866296623308948,8
4391154,9.76352757362673,11
4391162,9.825869858932037,8
4391168,9.881290723023834,6
4391178,9.763203310043979,10
4391185,9.902908041488027,7
4391195,9.771225554026454,10
4391200,9.918254463398556,5
4391208,9.826436282696347,8
4391219,9.771191787655889,11
4391225,9.90151566135812,6
4391230,9.924253811402522,5
4391235,9.919901265418304,5
4391242,9.88013896410791,7
4391249,9.865841268030106,7
4391261,9.746206820338536,12
4391275,9.691536171818711,14
4391289,9.727618213119337,14
4391292,9.955957025419899,3
4391293,10.0,1
4391302,9.813225356290777,9
4391314,9.739989235785176,12
4391320,9.705156628614636,6
4391325,9.924347279364238,5
4391327,9.976183452382262,2
4391337,9.798913758102819,10
4391353,9.604582122987814,16
4391360,9.85756238467,7
4391368,9.851757406285655,8
4391371,9.971482089658124,3
4391378,9.868533378036576,7
4391383,9.928460885779138,5
4391390,9.859517496231813,7
4391401,9.775684321254166,11
4391419,9.640486333212705,18
4391442,9.458907019890695,23
4391443,10.0,1
4391444,9.996124446545325,1
4391460,9.630702017256294,16
4391468,9.865976990373113,8
4391483,9.674774017449643,15
4391491,9.850116738781363,8
4391498,9.849424262813296,7
4391506,9.854533752950376,8
4391515,9.81253476860574,9
4391527,9.745102735330121,12
4391542,9.720360120198814,15
4391549,9.882675371743657,7
4391562,9.680623955559907,13
4391565,9.966390118075108,3
4391575,9.78471534751947,10
4391586,9.764280885285352,11
4391595,9.801250133407896,9
4391596,10.0,1
4391602,9.889720089613757,6
4391612,9.83890930981543,10
4391613,10.0,1
4391618,9.929432344121306,5
4391633,9.699430851139052,15
4391645,9.613433639656023,12
4391651,9.887926332576875,6
4391661,9.779083022667757,10
4391668,9.870683525559537,7
4391669,10.0,1
4391677,9.847201951084493,8
4391686,9.800152599576615,9
4391696,9.787812870424588,10
4391710,9.73175662404773,14
4391722,9.768227651908191,12
4391735,9.731053758703434,13
4391738,9.956219186874172,3
4391739,10.0,1
4391748,9.819640120819397,9
4391750,9.972640502993537,2
4391755,9.914268539001563,5
4391764,9.799680101493378,9
4391768,9.940747879978662,4
4391782,9.667430365067723,14
4391787,9.923637472431892,5
4391796,9.849139150973402,9
4391799,9.961554274876507,3
4391810,9.773485387655995,11
4391820,9.79057027030236,10
4391829,9.844675885278534,9
4391836,9.86880151618969,7
4391844,9.848928452516365,8
4391850,9.900576491825726,6
4391861,9.760252726572377,11
4391868,9.880529401512103,7
4391876,9.853600488776763,8
4391887,9.77369409167623,11
4391893,9.899153419541387,6
4391899,9.889656150833993,6
4391903,9.939898296211375,4
4391909,9.901845116151653,6
4391910,10.0,1
4391916,9.900778137975761,6
4391929,9.71862581088319,13
4391935,9.893545352673147,6
4391940,9.923349695502909,5
4391947,9.87139692635366,7
4391956,9.823906181410013,9
4391969,9.731643834993202,13
4391979,9.77904554369522,10
4391981,9.975774940073073,2
4391988,9.890248529892572,7
4392002,9.773020270344315,14
4392009,9.863803423547699,7
4392015,9.908817491027698,6
4392025,9.838932700312455,10
4392029,9.934933407320575,4
4392041,9.779143602656857,12
4392057,9.619020834765706,16
4392067,9.795463192645542,10
4392082,9.667090698217288,15
4392085,9.955527425414184,3
4392089,9.949968727868272,4
4392090,10.0,1
4392095,9.909273289468992,5
4392104,9.82491757674877,9
4392109,9.931064093770681,5
4392113,9.953207098457401,4
4392120,9.869707972001109,7
4392130,9.812875498558554,10
4392136,9.891356967839698,6
4392142,9.87133216650537,6
4392145,9.969187729157433,3
4392157,9.733592114893419,12
4392161,9.955179096592133,4
4392162,10.0,1
4392177,9.649883467115432,15
4392183,9.892314009879447,6
4392190,9.868112797251797,7
4392196,9.897722951874886,6
4392199,9.943308833016548,3
4392212,9.711287505662652,13
4392220,9.849676225050027,8
4392231,9.758272841174595,11
4392243,9.749676475541145,12
4392251,9.84566664541598,8
4392256,9.89951197874793,5
4392258,9.984058014750834,2
4392263,9.915285958427384,5
4392270,9.864632248932697,7
4392271,10.0,1
4392281,9.816461285027405,10
4392287,9.886960051983225,6
4392301,9.7011052035178,14
4392302,9.988865464632594,1
4392314,9.793493120282434,12
4392322,9.845465787286297,8
4392334,9.723540464929686,12
4392350,9.617125492757905,16
4392362,9.642871729902131,12
4392367,9.899765664291875,5
4392377,9.810198437707555,10
4392378,10.0,1
4392389,9.75306758662717,11
4392401,9.732973264084618,12
4392403,9.985868025465592,2
4392408,9.90399794419464,5
4392420,9.727404935755324,12
4392427,9.76062322041697,7
4392428,9.996203416702626,1
4392433,9.897496465005583,5
4392434,10.0,1
4392444,9.780258910841248,10
4392455,9.747997897673645,11
4392468,9.707703561783436,13
4392473,9.909707638525179,5
4392484,9.758436073355691,11
4392490,9.870802866510703,6
4392491,10.0,1
4392506,9.706273735417033,15
4392515,9.81907512346456,9
4392523,9.8463747128946,8
4392525,9.975730319888077,2
4392527,9.970319184598434,2
4392536,9.793950858746204,9
4392541,9.925827496227265,5
4392542,10.0,1
4392549,9.889964189786769,7
4392554,9.91341960152757,5
4392557,9.952973446333326,3
4392566,9.81019579811983,9
4392570,9.943745106005732,4
4392579,9.829422478535719,9
4392584,9.927125487549615,5
4392593,9.798703824914133,9
4392606,9.73339536673858,13
4392618,9.72048538117798,12
4392624,9.882180297720122,6
4392628,9.941117709974973,4
4392637,9.818612977410162,9
4392652,9.647381508344075,15
4392662,9.839329327781913,10
4392673,9.756649414921052,11
4392685,9.74175824783563,12
4392695,9.81427321715385,10
4392704,9.804699838874548,9
4392711,9.862713692347297,7
4392718,9.667017376742164,7
4392720,9.971621595264166,2
4392721,10.0,1
4392731,9.790715915190182,10
4392739,9.836819517948745,8
4392745,9.894854070125241,6
4392746,10.0,1
4392749,9.950262379668194,3
4392750,10.0,1
4392753,9.966562263630399,3
4392764,9.756725235802861,11
4392775,9.767460287045921,11
4392776,10.0,1
4392777,10.0,1
4392787,9.800116850966791,10
4392794,9.887613119528606,7
4392801,9.87293536881293,7
4392806,9.910890851072251,5
4392815,9.80881849361613,9
4392826,9.758364078376104,11
4392836,9.815131373419257,10
4392851,9.715575017675157,15
4392866,9.654922753104788,15
4392869,9.949508535585258,3
4392879,9.801575087811152,10
4392884,9.919910386419511,5
4392891,9.87188994361409,7
4392895,9.948773631089558,4
4392910,9.66158191875137,15
4392921,9.787197125953886,11
4392926,9.915008644945441,5
4392939,9.717825843145196,13
4392947,9.841759486241164,8
4392959,9.741771144790475,12
4392960,10.0,1
4392964,9.92734754472735,4
4392976,9.758042285844502,12
4392979,9.95879960913379,3
4392993,9.675639361894357,14
4392997,9.94070727133294,4
4393005,9.844010512246008,8
4393011,9.892939028124962,6
4393020,9.808976798370624,9
4393032,9.729743721255394,12
4393040,9.844013877702498,8
4393042,9.968346321861697,2
4393049,9.875143246187589,7
4393060,9.767016416940526,11
4393063,9.948475345177345,3
4393065,9.974173754882711,2
4393069,9.935760244617741,4
4393085,9.39407042657881,16
4393090,9.91280356224898,5
4393098,9.845805076462158,8
4393101,9.957497660122351,3
4393105,9.943770738538019,4
4393121,9.69182311730467,16
4393131,9.77724366257518,10
4393139,9.862259545573648,8
4393145,9.872978337447702,6
4393153,9.857022371661865,8
4393154,10.0,1
4393161,9.863922610905345,7
4393170,9.800883007794999,9
4393186,9.622278310952925,16
4393193,9.854464138595658,7
4393197,9.930497458926176,4
4393198,10.0,1
4393199,10.0,1
4393201,9.97482552939839,2
4393206,9.922120679660145,5
4393211,9.932836257912019,5
4393224,9.7407579486313,13
4393228,9.940435241295196,4
4393235,9.865558328933083,7
4393240,9.917860027605048,5
4393253,9.605519201563466,13
4393254,10.0,1
4393264,9.832091644801572,10
4393265,10.0,1
4393273,9.814112242813675,8
4393279,9.916364481131671,6
4393286,9.875399157007404,7
4393297,9.759303826844993,11
4393298,10.0,1
4393301,9.965109486483863,3
4393302,10.0,1
4393324,9.608430420058374,22
4393327,9.961446638306752,3
4393332,9.922167176514115,5
4393344,9.765718304821364,12
4393345,10.0,1
4393352,9.882027185714376,7
4393356,9.946103716438307,4
4393368,9.776298330525082,12
4393377,9.789761507151622,9
4393384,9.854468117676506,7
4393389,9.931613829434198,5
4393397,9.855496838634247,8
4393406,9.806015905080503,9
4393407,10.0,1
4393412,9.907694004199064,5
4393415,9.957864755950082,3
4393425,9.773704618237675,10
4393436,9.763008456316296,11
4393440,9.9381343908246,4
4393441,10.0,1
4393446,9.93525903849993,5
4393456,9.802257191258771,10
4393459,9.952762320368995,3
4393465,9.912195626513103,6
4393468,9.964583153221351,3
4393483,9.703226408733943,15
4393488,9.925129819042812,5
4393499,9.772447895963133,11
4393508,9.840739619432014,9
4393509,10.0,1
4393513,9.93345214370048,4
4393515,9.969231302185122,2
4393516,10.0,1
4393524,9.84334222560014,8
4393535,9.786642374772383,11
4393548,9.689001270875277,13
4393558,9.802421942229884,10
4393563,9.936377905665069,5
4393574,9.78140274518627,11
4393579,9.932231216404514,5
4393581,9.978686346727992,2
4393589,9.823572233895684,8
4393597,9.84095844920242,8
4393610,9.67411132227117,13
4393613,9.75883110629197,3
4393624,9.772667793374147,11
4393631,9.85695132191507,7
4393644,9.69602863144729,13
4393653,9.806283150621796,9
4393667,9.65784477490298,14
4393679,9.741479624266876,12
4393687,9.835482767847699,8
4393692,9.918881510760544,5
4393702,9.786564638921124,10
4393708,9.90030198816764,6
4393717,9.81085033565283,9
4393728,9.786475865403798,11
4393736,9.852820144571368,8
4393747,9.785134773299957,11
4393771,9.394361069623782,24
4393783,9.752908626941235,12
4393792,9.803612258323318,9
4393803,9.783633213339883,11
4393812,9.785996208362171,9
4393825,9.687541282123753,13
4393837,9.734698768619428,12
4393841,9.939631788276888,4
4393851,9.777603037774083,10
4393864,9.687875057581168,13
4393877,9.696365850846039,13
4393878,10.0,1
4393901,9.576972029818934,23
4393913,9.744799869384794,12
4393919,9.899943107927047,6
4393924,9.92077737876728,5
4393937,9.715025113093455,13
4393947,9.828451816082284,10
4393957,9.810276859993026,10
4393960,9.960875440080207,3
4393968,9.830761759415342,8
4393974,9.920902698869078,6
4393979,9.920527520277343,5
4393987,9.844388747090598,8
4393999,9.726372809793146,12
4394010,9.780749123268517,11
4394015,9.924860743181176,5
4394020,9.919349086224802,5
4394027,9.87220056972674,7
4394034,9.875457047984979,7
4394046,9.716366770850726,12
4394059,9.719732226870503,13
4394069,9.770946946049163,10
4394077,9.822559833019424,8
4394086,9.812212275870616,9
4394092,9.870537480066318,6
4394105,9.630082154735463,13
4394106,10.0,1
4394114,9.820048198737158,8
4394121,9.879944219847047,7
4394127,9.917105398126841,6
4394137,9.787824486862162,10
4394143,9.870686402106493,6
4394146,9.96381070438771,3
4394161,9.640258464644583,15
4394179,9.585298330149538,18
4394180,10.0,1
4394188,9.821600004209206,8
4394197,9.814845006741557,9
4394203,9.872074695457187,6
4394214,9.76804563400202,11
4394226,9.731023797578144,12
4394237,9.780887785402866,11
4394243,9.88864182614265,6
4394247,9.945854448461677,4
4394260,9.697458524200574,13
4394263,9.968500895910186,3
4394264,10.0,1
4394270,9.884317861963105,6
4394277,9.880944148788776,7
4394287,9.80850437419573,10
4394295,9.83706829325531,8
4394303,9.852545593652188,8
4394316,9.712561116853372,13
4394326,9.779673339667697,10
4394339,9.7124105544125,13
4394343,9.939625070147805,4
4394345,9.984824310536686,2
4394346,10.0,1
4394347,10.0,1
4394348,10.0,1
4394359,9.762754051963139,11
4394368,9.805213490949582,9
4394378,9.808944877871127,10
4394387,9.803191440118097,9
4394399,9.722855898737704,12
4394403,9.94180024356344,4
4394413,9.813453610347128,10
4394416,9.951050485867569,3
4394421,9.908810395475516,5
4394430,9.80932949450084,9
4394431,10.0,1
4394444,9.75779247942917,13
4394453,9.80168087624691,9
4394456,9.76437507146656,3
4394462,9.886034878709417,6
4394472,9.765911005002076,10
4394482,9.752829757268087,10
4394487,9.923134744728598,5
4394495,9.873064922615338,8
4394502,9.879729361293476,7
4394508,9.902336397141132,6
4394523,9.662787533739605,15
4394533,9.785331689574493,10
4394537,9.9217328123842,4
4394544,9.87236132969018,7
4394551,9.859051005741346,7
4394563,9.744959455552838,12
4394569,9.89341531370592,6
4394575,9.871839902081618,6
4394586,9.75349308051406,11
4394590,9.946248395636538,4
4394591,10.0,1
4394599,9.847437406729723,8
4394610,9.771972979178019,11
4394625,9.658427170492368,15
4394632,9.878427559092978,7
4394633,10.0,1
4394642,9.830719751216112,9
4394647,9.91002034666806,5
4394657,9.809538385277959,10
4394665,9.836064748017986,8
4394668,9.958281386595635,3
4394673,9.934993135724246,5
4394674,10.0,1
4394683,9.797940866942799,9
4394700,9.60602139021884,17
4394709,9.801717831690794,9
4394720,9.750372501333873,11
4394724,9.935650845372383,4
4394733,9.805955305552391,9
4394744,9.764902531807959,11
4394751,9.883592397431487,7
4394757,9.917680874386306,6
4394772,9.678050816258379,15
4394780,9.847234939178062,8
4394795,9.640362082713954,15
4394818,9.35919964061851,23
4394826,9.855920892565049,8
4394829,9.967327030318573,3
4394836,9.86424983294462,7
4394847,9.772391847718644,11
4394853,9.904116817814394,6
4394864,9.788214571203348,11
4394870,9.900211468074259,6
4394878,9.867636062487916,8
4394892,9.312767761612452,14
4394902,9.79205793468855,10
4394912,9.794153539015518,10
4394922,9.834459266253711,10
4394930,9.878769117955429,8
4394937,9.869229048323652,7
4394948,9.769126194916899,11
4394952,9.73858027644244,4
4394959,9.855752079207251,7
4394967,9.829060041768907,8
4394972,9.927518160440005,5
4394980,9.833740314018307,8
4394987,9.864420340700763,7
4395002,9.671146373016473,15
4395017,9.650088311013617,15
4395027,9.78221853630959,10
4395037,9.777599648916603,10
4395056,9.563567644392592,19
4395074,9.648425569816132,18
4395079,9.923296866216317,5
4395091,9.735086989743476,12
4395100,9.806151980341244,9
4395117,9.604271531030516,17
4395123,9.88667054848437,6
4395129,9.887289120167374,6
4395136,9.863443920605915,7
4395148,9.716909344381882,12
4395152,9.939186771957482,4
4395157,9.918743183649331,5
4395163,9.87640664929809,6
4395173,9.798781170984364,10
4395188,9.573914465843849,15
4395199,9.782835072135468,11
4395207,9.813363579333668,8
4395212,9.924062870423414,5
4395213,10.0,1
4395218,9.91718761286591,5
4395225,9.860023928675906,7
4395229,9.924946999317953,4
4395239,9.796764468828663,10
4395250,9.754183515999534,11
4395256,9.889173616860838,6
4395264,9.84682965514665,8
4395272,9.840268336160268,8
4395281,9.815547388029904,9
4395282,10.0,1
4395288,9.887608340334449,6
4395289,9.98856787121354,1
4395297,9.843212665929721,8
4395310,9.704427628115987,13
4395326,9.637800608794109,16
4395336,9.76012552376685,10
4395348,9.70826451490716,12
4395355,9.879456656603484,7
4395367,9.737819343012598,12
4395378,9.780938500537445,11
4395390,9.758272657405508,12
4395400,9.80880552730808,10
4395403,9.961900909203557,3
4395416,9.721350502761986,13
4395423,9.860807112093125,7
4395427,9.942335131283597,4
4395434,9.861067407817412,7
4395435,10.0,1
4395440,9.909326592673708,5
4395444,9.944476067528495,4
4395445,10.0,1
4395450,9.939660001562064,5
4395461,9.78568893141257,11
4395471,9.787468291427489,10
4395472,10.0,1
4395485,9.71018893848302,13
4395492,9.672528630223391,7
4395498,9.895639237653329,6
4395505,9.843001575265179,7
4395517,9.741578767489646,12
4395524,9.855423545350575,7
4395535,9.773630596437265,11
4395541,9.894289460365028,6
4395555,9.570288132491202,14
4395562,9.857866391222247,7
4395567,9.909665247629455,5
4395581,9.687460404110261,14
4395588,9.770547008797447,7
4395593,9.939272365345976,5
4395594,10.0,1
4395595,10.0,1
4395604,9.846136613213016,9
4395608,9.938390817155646,4
4395616,9.837618586769821,8
4395627,9.769407471035576,11
4395628,10.0,1
4395634,9.898622297556406,6
4395640,9.921509273134788,6
4395644,9.935599159963358,4
4395655,9.791419637967747,11
4395668,9.727634786817736,13
4395683,9.674332399477443,15
4395688,9.921666221315258,5
4395698,9.8201207009482,10
4395702,9.944718169831285,4
4395720,9.571549414707722,18
4395728,9.834883831520397,8
4395729,10.0,1
4395733,9.943333652294077,4
4395740,9.856035477217537,7
4395753,9.690980735946154,13
4395761,9.825189347261217,8
4395773,9.732744942152936,12
4395779,9.879176783666031,6
4395782,9.954786875710452,3
4395794,9.704124576730484,12
4395806,9.769104189009807,12
4395813,9.873587221432965,7
4395817,9.92067404934339,4
4395834,9.599102411106813,17
4395844,9.801502844147844,10
4395847,9.958560815439574,3
4395853,9.891614980944627,6
4395864,9.755879475969227,11
4395875,9.75949942098939,11
4395884,9.822593208450419,9
4395895,9.745490532351097,11
4395896,10.0,1
4395910,9.677893685481672,14
4395924,9.67138029234125,14
4395935,9.748457835848916,11
4395940,9.932477230471035,5
4395948,9.824135231455976,8
4395949,10.0,1
4395953,9.945077389905371,4
4395954,9.988506315058531,1
4395962,9.823426182128008,8
4395967,9.92433342301359,5
4395979,9.718840908295636,12
4395986,9.874140385121445,7
4395994,9.833615690819018,8
4395998,9.941348592578873,4
4396008,9.775558031362275,10
4396016,9.824357320524754,8
4396022,9.884021030721716,6
4396027,9.93445449536739,5
4396038,9.761371248822998,11
4396044,9.903946727509034,6
4396057,9.687034567317783,13
4396064,9.850961696382555,7
4396065,10.0,1
4396066,10.0,1
4396080,9.663641112491257,14
4396083,9.945737452871395,3
4396084,10.0,1
4396088,9.925063421061425,4
4396091,9.954694754975241,3
4396105,9.702047729176382,14
4396110,9.92444782783751,5
4396120,9.778741102117413,10
4396121,10.0,1
4396129,9.838511716471526,8
4396138,9.858596104789262,9
4396149,9.765497568511254,11
4396159,9.786225736084763,10
4396168,9.825289567436123,9
4396178,9.798288338425184,10
4396188,9.817513677384957,10
4396194,9.902026570561862,6
4396201,9.885708763430099,7
4396208,9.883942684011776,7
4396218,9.782734099244362,10
4396219,9.996844378043491,1
4396224,9.937776976684793,5
4396237,9.711732637391423,13
4396241,9.93246935949828,4
4396243,9.97707226206373,2
4396260,9.64415828415204,17
4396270,9.805408973254055,10
4396279,9.838627495242699,9
4396284,9.930574360907427,5
4396287,9.964982945333759,3
4396295,9.841865857842174,8
4396306,9.740751937776595,11
4396315,9.806228643827652,9
4396326,9.767737712866241,11
4396331,9.91301034449499,5
4396346,9.634031134229227,15
4396356,9.778224415081132,10
4396367,9.779675527248257,11
4396368,10.0,1
4396377,9.820741134514348,9
4396378,10.0,1
4396383,9.916348665785849,5
4396388,9.91508703452409,5
4396402,9.645354909953948,14
4396403,10.0,1
4396413,9.819293579995144,10
4396416,9.948446006834077,3
4396420,9.942057989485523,4
4396423,9.966915469441425,3
4396437,9.699746623084428,14
4396441,9.933849757700958,4
4396447,9.899646103662613,6
4396454,9.874479311834248,7
4396463,9.808953934185398,9
4396471,9.831095651728033,8
4396475,9.94346378339861,4
4396484,9.850022113124139,9
4396490,9.887272670741224,6
4396491,10.0,1
4396502,9.570502281003986,11
4396510,9.843279617073645,8
4396522,9.739170789030732,12
4396528,9.895433611705371,6
4396531,9.964849576268263,3
4396539,9.831086610328834,8
4396541,9.974886006796236,2
4396551,9.783467973758128,10
4396554,9.955351061371575,3
4396562,9.845950441069174,8
4396579,9.583464519245963,17
4396580,9.993129743068346,1
4396583,9.946361731121897,3
4396594,9.668247097695893,11
4396601,9.844224124976318,7
4396616,9.663326438522809,15
4396619,9.950831595735321,3
4396630,9.751181943614581,11
4396641,9.766297011035654,11
4396650,9.628603477268243,9
4396655,9.899098071682273,5
4396656,10.0,1
4396661,9.706454756022753,5
4396666,9.912387682267008,5
4396678,9.733404764852034,12
4396684,9.881596393823386,6
4396700,9.623725165894413,16
4396710,9.78165455437986,10
4396712,9.976229345126503,2
4396721,9.832624641559756,9
4396731,9.787328226156813,10
4396737,9.883509000972943,6
4396748,9.79605878926126,11
4396761,9.755813259204803,13
4396773,9.746238327375252,12
4396780,9.858074025408854,7
4396787,9.872579838504718,7
4396797,9.805261726685298,10
4396801,9.932985232733465,4
4396812,9.789396190988558,11
4396815,9.963050286606762,3
4396816,10.0,1
4396822,9.891961661382396,6
4396833,9.73463975172294,11
4396836,9.95253805092649,3
4396844,9.852247777986559,8
4396852,9.868731295422947,8
4396864,9.738082364141864,12
4396874,9.768215086719962,10
4396881,9.7737355791934,7
4396893,9.733103866141867,12
4396903,9.789888935016323,10
4396910,9.763622218163299,7
4396917,9.867468258920773,7
4396923,9.904270919172701,6
4396928,9.914262401593325,5
4396935,9.865756453946451,7
4396945,9.81877505886522,10
4396946,9.996789285826926,1
4396951,9.907845366787809,5
4396958,9.866576392041218,7
4396965,9.871697329186148,7
4396970,9.915734142305604,5
4396981,9.764996898787127,11
4396996,9.64615585492416,15
4397005,9.809749696468653,9
4397006,10.0,1
4397016,9.77394015538782,10
4397024,9.834981421458908,8
4397029,9.911969752486689,5
4397039,9.777212478878173,10
4397040,10.0,1
4397050,9.79418507266496,10
4397059,9.812387889095705,9
4397060,10.0,1
4397065,9.896760195357702,5
4397075,9.816208520879988,10
4397076,10.0,1
4397078,9.972556448789964,2
4397087,9.833934906126352,9
4397094,9.904378644204227,7
4397098,9.934539970091635,4
4397102,9.937565101308385,4
4397103,10.0,1
4397116,9.764388615060529,13
4397117,10.0,1
4397127,9.807851307591998,10
4397142,9.679645262749975,15
4397146,9.927102932757817,4
4397149,9.958681706306205,3
4397153,9.936277115757814,4
4397163,9.803165433353145,10
4397171,9.857582422403267,8
4397172,10.0,1
4397203,9.266022493929873,31
4397209,9.895628838812065,6
4397218,9.832998155725381,9
4397226,9.822080587516007,8
4397237,9.764134275901444,11
4397238,10.0,1
4397250,9.752183129533906,12
4397256,9.905674925251802,6
4397264,9.860514122686682,8
4397270,9.788439707394472,6
4397271,10.0,1
4397283,9.758418469980791,12
4397289,9.872663533278029,6
4397302,9.504418589419005,13
4397316,9.696807408157325,14
4397320,9.940685025659382,4
4397329,9.835307897393092,9
4397338,9.831985634319736,9
4397339,10.0,1
4397346,9.849238066422199,7
4397357,9.772120519367757,11
4397362,9.916613628338425,5
4397367,9.907759088520905,5
4397382,9.652987041050888,15
4397393,9.776493782172798,11
4397403,9.790622644492716,10
4397412,9.831882441317157,9
4397427,9.649100546098301,15
4397432,9.908649479508469,5
4397447,9.660982104966605,15
4397451,9.952158421262181,4
4397454,9.956244980911588,3
4397461,9.873318093000817,7
4397462,10.0,1
4397499,0.048834828615548886,37
4397507,9.849622317894077,8
4397514,9.869066840313714,7
4397519,9.904481375922169,5
4397529,9.83544328292193,10
4397537,9.838982345639796,8
4397550,9.713818794484123,13
4397557,9.861842331965477,7
4397566,9.832385489456515,9
4397577,9.753788069927147,11
4397586,9.814847058159614,9
4397594,9.841457916588181,8
4397597,9.967547340402046,3
4397608,9.757942174841382,11
4397614,9.90474867590453,6
4397617,9.966284518249655,3
4397621,9.945680596014606,4
4397626,9.917633581237162,5
4397640,9.68814483151658,14
4397650,9.81540072884169,10
4397651,10.0,1
4397659,9.861917170964196,8
4397667,9.86827482629332,8
4397672,9.925722240374382,5
4397687,9.697338644112548,15
4397696,9.83937886881687,9
4397707,9.777364705053204,11
4397718,9.827931916840594,11
4397723,9.923345497794086,5
4397736,9.738154129124593,13
4397739,9.959192936431572,3
4397740,9.993087071121062,1
4397750,9.789692356807087,10
4397751,9.988396273601195,1
4397757,9.903995531698094,6
4397768,9.766590233286998,11
4397773,9.933950842649475,5
4397774,10.0,1
4397786,9.746756689556205,12
4397793,9.897797700015303,7
4397810,9.59692744626147,17
4397821,9.754981175905131,11
4397837,9.619980353651396,16
4397848,9.751382689700808,11
4397849,9.99265628001955,1
4397855,9.900429161052474,6
4397872,9.58556175624647,17
4397877,9.911280730573553,5
4397889,9.746817747530136,12
4397898,9.83450138751744,9
4397909,9.764333730191193,11
4397918,9.816432763366203,9
4397919,9.996608722414502,1
4397934,9.64482491658418,15
4397937,9.961434685945985,3
4397948,9.75779601761727,11
4397956,9.853305550717309,8
4397963,9.877121538233755,7
4397966,9.955076865999125,3
4397972,9.908867600907607,6
4397986,9.740811320504344,14
4397992,9.875036908914407,6
4398004,9.743527736507607,12
4398009,9.910592842597724,5
4398015,9.89479316131135,6
4398022,9.869816271705277,7
4398031,9.831945020513727,9
4398035,9.931986712460821,4
4398041,9.893196824388369,6
4398047,9.880422969465588,6
4398056,9.810515101572795,9
4398063,9.874626111810928,7
4398072,9.833715071341873,9
4398077,9.919266194473622,5
4398087,9.777362458231645,10
4398097,9.791899598603607,10
4398113,9.611185469749913,16
4398125,9.747716382065049,12
4398131,9.884630586861435,6
4398135,9.941353413687777,4
4398140,9.894903391495234,5
4398148,9.849641528912235,8
4398164,9.649141595810553,16
4398175,9.73780389793876,11
4398182,9.870159436828947,7
4398188,9.900709592380037,6
4398196,9.839126065849902,8
4398202,9.90379254176848,6
4398212,9.788217239884503,10
4398224,9.776310135965332,12
4398241,9.586670518876154,17
4398247,9.884801683247838,6
4398255,9.871399991290282,8
4398258,9.968453311937823,3
4398265,9.88057532472477,7
4398270,9.93261318588843,5
4398283,9.716286176289554,13
4398286,9.954050553790696,3
4398290,9.947519245704653,4
4398308,9.546063879597753,18
4398320,9.721091990124176,12
4398325,9.90980145725528,5
4398337,9.371060405595408,12
4398344,9.846610677444101,7
4398349,9.901279711099136,5
4398356,9.875728871896984,7
4398357,10.0,1
4398358,10.0,1
4398369,9.749323449917958,11
4398381,9.760481263384527,12
4398393,9.736968204114437,12
4398399,9.898683768556507,6
4398405,9.894487778408338,6
4398407,9.978238969787919,2
4398408,9.9879037974933,1
4398415,9.856749727332922,7
4398422,9.855485837904041,7
4398432,9.792758118374334,10
4398438,9.913883710451497,6
4398449,9.753882653918636,11
4398450,10.0,1
4398460,9.828296195334588,10
4398469,9.831318945033107,9
4398470,10.0,1
4398474,9.943572083780287,4
4398477,9.964521513715964,3
4398487,9.79418872659032,10
4398498,9.759162899115644,11
4398508,9.82016077296899,10
4398513,9.920940604860139,5
4398517,9.941169032854042,4
4398526,9.80076917215299,9
4398540,9.72356515046358,14
4398553,9.720348456507894,13
4398554,10.0,1
4398560,9.898846706360498,6
4398572,9.726402319356254,12
4398582,9.802689948121483,10
4398587,9.927646158930845,5
4398593,9.902942226214975,6
4398605,9.746731659844796,12
4398606,9.992899850855986,1
4398617,9.774142230868879,11
4398620,9.955954011206375,3
4398627,9.849924132964519,7
4398637,9.79631171787883,10
4398641,9.937844051709511,4
4398642,10.0,1
4398648,9.88662743076676,6
4398652,9.94587093307075,4
4398659,9.877114874833046,7
4398668,9.813290715408389,9
4398674,9.872505896274266,6
4398686,9.73372722739426,12
4398696,9.82839325759062,10
4398705,9.816331852128924,9
4398713,9.83542467150474,8
4398727,9.576615731398755,14
4398735,9.849150512563407,8
4398739,9.946047579176057,4
4398749,9.784067370560027,10
4398764,9.634657746758384,15
4398768,9.943504003911952,4
4398774,9.90242469336469,6
4398781,9.87237906412028,7
4398792,9.779042320880473,11
4398804,9.762531170904593,12
4398808,9.933540758277616,4
4398821,9.703535711958635,13
4398829,9.830468746834214,8
4398833,9.928518493086171,4
4398835,9.969519926877766,2
4398844,9.830115726236876,9
4398849,9.917622591115247,5
4398856,9.851466483620202,7
4398863,9.841299147787286,7
4398868,9.902036830847504,5
4398879,9.763799055723522,11
4398885,9.881866587327956,6
4398889,9.945633128905316,4
4398894,9.920454499170376,5
4398901,9.869053102707912,7
4398904,9.957635992743405,3
4398912,9.839959580739192,8
4398916,9.921925936591792,4
4398924,9.828660142968042,8
4398935,9.774575857599988,11
4398936,10.0,1
4398945,9.815861825406582,9
4398950,9.928122842445774,5
4398956,9.889853663135879,6
4398957,9.990116096510716,1
4398963,9.892080699404342,6
4398968,9.915661057879575,5
4398971,9.95455702548633,3
4398976,9.900627273726117,5
4398977,10.0,1
4398989,9.733877756231944,12
4398990,10.0,1
4398991,10.0,1
4399001,9.805958899106873,10
4399008,9.847160220821785,7
4399013,9.932906216823142,5
4399018,9.90203446369158,5
4399026,9.855411937408695,8
4399038,9.64988936651035,12
4399046,9.85118050899229,8
4399048,9.968649023564664,2
4399054,9.880177918701055,6
4399061,9.86102727287831,7
4399072,9.778080041716924,11
4399079,9.872759783456688,7
4399091,9.723331917891397,12
4399107,9.621442853627414,16
4399114,9.865606841235078,7
4399118,9.950941936205098,4
4399123,9.916978345967326,5
4399126,9.95068671484543,3
4399137,9.776288383267051,11
4399157,9.514871040350386,20
4399178,9.430025378200051,21
4399185,9.866924928164366,7
4399198,9.729468076162561,13
4399212,9.68673295908827,14
4399222,9.785647091862677,10
4399223,10.0,1
4399231,9.872121800972542,8
4399239,9.834291193914602,8
4399244,9.916405502886217,5
4399247,9.950347004623092,3
4399251,9.932785961294192,4
4399257,9.870264759099932,6
4399271,9.700212412581248,14
4399276,9.905390275862722,5
4399277,10.0,1
4399288,9.744029797138,11
4399304,9.657115231941038,16
4399320,9.616011251060128,16
4399329,9.827692993243039,9
4399338,9.799047798642064,9
4399351,9.713812136069519,13
4399354,9.950832999417173,3
4399365,9.742678128755246,11
4399371,9.895630873222132,6
4399377,9.881970708619894,6
4399388,9.771107083344248,11
4399400,9.730275917389934,12
4399401,10.0,1
4399410,9.809174617171594,9
4399418,9.865770997996526,8
4399425,9.866872046558477,7
4399428,9.953976367233867,3
4399439,9.826520155073023,11
4399447,9.861902472003056,8
4399451,9.93636901414363,4
4399458,9.868417597209504,7
4399472,9.68780237919934,14
4399483,9.745484692565256,11
4399488,9.908677846844991,5
4399495,9.879220265085337,7
4399503,9.823985634661803,8
4399511,9.847894944202679,8
4399519,9.886672713458653,8
4399525,9.90298304821698,6
4399537,9.710695102971096,12
4399542,9.938373895068112,5
4399547,9.898569445053976,5
4399555,9.850889604724648,8
4399563,9.854023857300154,8
4399569,9.886465162917071,6
4399582,9.71994464716396,13
4399590,9.87477308387911,8
4399605,9.666090340169003,15
4399614,9.84768171600977,9
4399624,9.790967412488955,10
4399625,10.0,1
4399633,9.840535007279401,8
4399645,9.724793408356147,12
4399648,9.966084939522982,3
4399651,9.966075454354623,3
4399657,9.885572101972992,6
4399671,9.729246053558413,14
4399681,9.799297335265743,10
4399686,9.926726962752795,5
4399689,9.958568098270604,3
4399703,9.714315110445966,14
4399709,9.887704612920734,6
4399719,9.83308503928367,10
4399720,10.0,1
4399729,9.837556992755227,9
4399741,9.53412629805564,12
4399744,9.954610860853023,3
4399752,9.85039231532283,8
4399761,9.792612808990755,9
4399772,9.764032820850503,11
4399778,9.897712146820158,6
4399792,9.66897740130618,14
4399813,9.525879700592853,21
4399824,9.79670481042668,11
4399826,9.971286026829041,2
4399834,9.892214114910606,8
4399839,9.896755444450164,5
4399843,9.740353573503642,4
4399854,9.79492797675525,11
4399862,9.814456969071886,8
4399863,10.0,1
4399878,9.628439827417356,15
4399884,9.892174965583148,6
4399893,9.817666871038954,9
4399906,9.705460590293761,13
4399915,9.832606922694907,9
4399921,9.906460642366964,6
4399931,9.78624936165088,10
4399951,9.466515131278934,20
4399967,9.681685579569692,16
4399980,9.70559020712908,13
4399984,9.948166125549744,4
4399993,9.823996218500572,9
4399999,9.89506118134494,6
4400003,9.9449820148202,4
4400012,9.828044534979389,9
4400014,9.97925116875299,2
4400025,9.73837585236031,11
4400026,10.0,1
4400030,9.939210792879294,4
4400041,9.745810476606112,11
4400048,9.863830309227794,7
4400055,9.856341032883012,7
4400062,9.864889246096954,7
4400063,10.0,1
4400071,9.824548519116377,8
4400082,9.754924218684062,11
4400100,9.708120242168622,18
4400104,9.94978801633391,4
4400112,9.847874246214667,8
4400113,10.0,1
4400123,9.794195270805261,10
4400124,10.0,1
4400131,9.86323086141637,7
4400134,9.967934818544009,3
4400136,9.984567318863116,2
4400147,9.77394479081594,11
4400148,10.0,1
4400157,9.805566518695516,9
4400166,9.834782792467866,9
4400167,9.988013870565204,1
4400171,9.944603956017051,4
4400179,9.82930974309807,8
4400184,9.912305988516014,5
4400195,9.75736787959963,11
4400209,9.137172936005125,14
4400210,10.0,1
4400216,9.896724201577562,6
4400217,9.988186288916449,1
4400223,9.88878433176156,6
4400236,9.711022304479844,13
4400244,9.845041238620464,8
4400247,9.95863137174708,3
4400262,9.657584564134451,15
4400270,9.851243213815948,8
4400276,9.886600433470342,6
4400280,9.950613175277566,4
4400281,9.993054047303723,1
4400293,9.574320014201989,12
4400305,9.757971984753812,12
4400312,9.773304798284725,7
4400318,9.884116540088831,6
4400326,9.830757423178339,8
4400331,9.914710765340912,5
4400345,9.678698111690661,14
4400350,9.91861025297773,5
4400357,9.876211784091725,7
4400358,10.0,1
4400359,10.0,1
4400371,9.750167366920719,12
4400385,9.678108212962021,14
4400393,9.885639133660549,8
4400407,9.689291766789497,14
4400414,9.868569731107097,7
4400421,9.864068849278324,7
4400428,9.8939868710193,7
4400434,9.90139454408848,6
4400441,9.876241222020754,7
4400447,9.909680873332315,6
4400456,9.808997456791136,9
4400465,9.831539950014383,9
4400475,9.774970937748876,10
4400488,9.714361856437726,13
4400497,9.823511435953884,9
4400502,9.904706374661682,5
4400506,9.947815152261247,4
4400515,9.804518465444005,9
4400528,9.742118184919047,13
4400531,9.953693156965771,3
4400542,9.781753193888244,11
4400552,9.800658401509486,10
4400562,9.784268411545623,10
4400571,9.815518166360164,9
4400576,9.910564732015054,5
4400584,9.819462280124922,8
4400589,9.90679039867637,5
4400607,9.719717548790754,18
4400617,9.776171826708714,10
4400626,9.829216871511974,9
4400629,9.954962370422562,3
4400630,10.0,1
4400640,9.846535412738778,10
4400650,9.793307681509543,10
4400659,9.831678024139931,9
4400664,9.90965455496517,5
4400675,9.787571995044738,11
4400687,9.755055494296146,12
4400693,9.88703879435851,6
4400711,9.589019503479157,18
4400717,9.907508929246406,6
4400730,9.700190036706278,13
4400731,10.0,1
4400732,10.0,1
4400737,9.922032909305083,5
4400741,9.92843365610193,4
4400750,9.815372773433293,9
4400757,9.877926738771484,7
4400764,9.854193095962966,7
4400771,9.860256204263317,7
4400775,9.939879439271726,4
4400785,9.776142707270466,10
4400801,9.617068076985316,16
4400805,9.934116125693338,4
4400813,9.844068931829474,8
4400820,9.877105099575417,7
4400830,9.796711419347426,10
4400838,9.865163050935262,8
4400842,9.85098411750348,4
4400843,10.0,1
4400850,9.881204387515375,7
4400857,9.861972627259743,7
4400865,9.848940812518055,8
4400873,9.855918898144186,8
4400885,9.8080933134409,12
4400895,9.783948310821234,10
4400905,9.830672287618865,10
4400909,9.734680508265368,4
4400923,9.70474672295961,14
4400929,9.881811865204337,6
4400934,9.916796499988804,5
4400950,9.650796405682899,16
4400951,10.0,1
4400956,9.91672855712825,5
4400957,9.992280744282485,1
4400978,9.541384363983305,21
4400981,9.965266489613063,3
4400989,9.83616450547032,8
4400996,9.881465992600763,7
4401003,9.856008236985243,7
4401016,9.719389577896555,13
4401017,10.0,1
4401024,9.895090177521363,7
4401036,9.737677009343626,12
4401045,9.85303141968916,9
4401058,9.746882391789743,13
4401072,9.682795472087115,14
4401088,9.65701447435811,16
4401094,9.901239123023398,6
4401103,9.828616228908022,9
4401109,9.883277592426982,6
4401117,9.845681799813839,8
4401129,9.739283840816137,12
4401131,9.971720701053982,2
4401137,9.897670992867456,6
4401147,9.816157577310346,10
4401160,9.478472007741079,13
4401161,10.0,1
4401165,9.939604957821542,4
4401178,9.748332704143479,13
4401185,9.900832983216265,7
4401192,9.861217066083565,7
4401202,9.817711344364492,10
4401208,9.905029562814661,6
4401209,10.0,1
4401217,9.846405720499149,8
4401220,9.957960982573384,3
4401235,9.669232957176288,15
4401242,9.859411768352782,7
4401256,9.612996515581168,14
4401267,9.782082837712542,11
4401275,9.827040491879186,8
4401279,9.944657495277026,4
4401286,9.871507119319581,7
4401298,9.738449642128288,12
4401308,9.724032801418577,10
4401309,10.0,1
4401319,9.799231777061532,10
4401320,10.0,1
4401332,9.737292733138528,12
4401333,10.0,1
4401336,9.958171506868117,3
4401348,9.714609202479181,12
4401362,9.69676955095842,14
4401374,9.722757082668407,12
4401381,9.85641809244813,7
4401391,9.8108218242985,10
4401407,9.620852602398083,16
4401414,9.88382183566247,7
4401424,9.795901575200054,10
4401433,9.811861367124544,9
4401444,9.832799857621149,11
4401448,9.952504939774967,4
4401456,9.84731687946116,8
4401462,9.802090080038479,6
4401476,9.68460297194854,14
4401477,10.0,1
4401491,9.683288253530106,14
4401502,9.798648504955542,11
4401512,9.775295419618384,10
4401527,9.640204617175272,15
4401528,10.0,1
4401543,9.63770718901706,15
4401557,9.720052274053828,14
4401561,9.929123860338738,4
4401562,10.0,1
4401567,9.908451946432681,5
4401573,9.897609056010236,6
4401583,9.781082458177876,10
4401590,9.87838086342833,7
4401605,9.654008780775353,15
4401610,9.926985230524368,5
4401616,9.89876706091206,6
4401624,9.858489476412839,8
4401632,9.836607707136363,8
4401635,9.950686988042706,3
4401636,9.99652330937509,1
4401650,9.659425438294935,14
4401656,9.893380396853116,6
4401666,9.794641866953176,10
4401676,9.790760675331237,10
4401691,9.626662069999021,15
4401699,9.824917895560045,8
4401705,9.8901095669248,6
4401710,9.926015490113398,5
4401726,9.630080706648203,16
4401739,9.698138777180224,13
4401752,9.720407330631918,13
4401763,9.76786553732025,11
4401767,9.950485926108856,4
4401781,9.682373017810928,14
4401800,9.430252552259933,19
4401801,10.0,1
4401808,9.86706102981112,7
4401813,9.91644758869326,5
4401820,9.846440950833923,7
4401826,9.89867534799479,6
4401834,9.81620433513064,8
4401840,9.907151141529962,6
4401846,9.901838332862853,6
4401854,9.860067867391878,8
4401863,9.81839098562162,9
4401868,9.912768913707193,5
4401874,9.89151526354186,6
4401892,9.56598015345714,18
4401893,10.0,1
4401903,9.783027341859727,10
4401908,9.90917874390469,5
4401919,9.786165445184206,11
4401920,10.0,1
4401926,9.884607655124412,6
4401931,9.914488056701089,5
4401942,9.770188154915319,11
4401954,9.73086400447445,12
4401961,9.893340734478654,7
4401972,9.77143224678489,11
4401981,9.833356992462877,9
4401983,9.978884422959363,2
4401990,9.858426559260032,7
4401991,10.0,1
4401999,9.817223083763071,8
4402011,9.786776781631161,12
4402018,9.863989231570269,7
4402028,9.806423257318205,10
4402032,9.95471874409574,4
4402036,9.948449706338831,4
4402047,9.796109583517492,11
4402055,9.85463935175544,8
4402068,9.75239242135201,13
4402076,9.833225350512876,8
4402081,9.909004302874697,5
4402082,10.0,1
4402089,9.874007869666615,7
4402099,9.800854879754317,10
4402110,9.778016415528658,11
4402115,9.9285350377162,5
4402121,9.885577311402614,6
4402133,9.724899819323472,12
4402142,9.812994558560863,9
4402151,9.835982879042364,9
4402160,9.80501463950045,9
4402170,9.669751214078557,10
4402191,9.51593940418373,21
4402196,9.910114034928633,5
4402202,9.89626585529222,6
4402208,9.882960693020399,6
4402217,9.797434996718058,9
4402222,9.92244726907562,5
4402224,9.973677797527465,2
4402240,9.664810265140828,16
4402248,9.852121522037088,8
4402256,9.853251688798228,8
4402257,10.0,1
4402258,10.0,1
4402266,9.857340992378951,8
4402278,9.73848928658939,12
4402281,9.956649505157143,3
4402286,9.925045002964227,5
4402296,9.785019391216009,10
4402298,9.980717062091347,2
4402306,9.823281391537567,8
4402312,9.87991023237639,6
4402315,9.965910157835255,3
4402328,9.708032441087488,13
4402337,9.85544926126577,9
4402342,9.927421852852609,5
4402350,9.850716685128427,8
4402362,9.764832887589023,12
4402363,10.0,1
4402373,9.780214218853098,10
4402390,9.561061099570455,17
4402392,9.982519921135193,2
4402403,9.771928538423076,11
4402412,9.818038035862973,9
4402413,10.0,1
4402419,9.798513688587999,6
4402432,9.753147349327284,13
4402436,9.93504681774473,4
4402439,9.963823566278895,3
4402453,9.723077287752341,14
4402458,9.919805258467985,5
4402462,9.948827611427285,4
4402472,9.804647248800741,10
4402482,9.808123470125208,10
4402497,9.657357229045626,15
4402511,9.739330359325727,14
4402515,9.949524663644949,4
4402531,9.641097280254103,16
4402536,9.930625601747563,5
4402541,9.92104863096736,5
4402558,9.596971802428964,17
4402565,9.882010157895966,7
4402578,9.72107555531768,13
4402583,9.931059787465761,5
4402596,9.812357219317626,13
4402604,9.907688386510713,8
4402623,9.53728361758134,19
4402632,9.800740770704476,9
4402636,9.943026316649114,4
4402637,10.0,1
4402643,9.905508980749643,6
4402654,9.770826877918779,11
4402669,9.640530087794762,15
4402671,9.979302409385545,2
4402672,10.0,1
4402680,9.836232657496732,8
4402689,9.84719873901412,9
4402699,9.790338316178435,10
4402705,9.888485854059287,6
4402712,9.868771012379623,7
4402720,9.837656364290227,8
4402721,10.0,1
4402731,9.756082611607408,10
4402740,9.806559732973943,9
4402748,9.839476258855225,8
4402756,9.848997595207923,8
4402765,9.809514188691493,9
4402771,9.896223797457983,6
4402773,9.968061796087396,2
4402790,9.617609656510586,17
4402792,9.979293927306287,2
4402805,9.719207345542163,13
4402809,9.927747773838115,4
4402815,9.886870079166105,6
4402825,9.76926969616371,10
4402841,9.635277526418637,16
4402854,9.704141979156454,13
4402864,9.80544809382017,10
4402871,9.888553586890245,7
4402880,9.800873166005669,9
4402897,9.59809454184139,17
4402906,9.829909485658227,9
4402914,9.557349746209509,8
4402922,9.836540028801464,8
4402924,9.97308008267971,2
4402935,9.755115360254152,11
4402940,9.916081018280446,5
4402946,9.900239052334946,6
4402955,9.792300699579247,9
4402962,9.871831720741774,7
4402968,9.876688995247177,6
4402980,9.71856943072118,12
4402990,9.76358317045525,10
4402995,9.922138442059328,5
4403001,9.90035719642319,6
4403008,9.870670463370011,7
4403013,9.904108613878561,5
4403027,9.675063593959402,14
4403037,9.778117443923685,10
4403044,9.857580229921876,7
4403058,9.693479873904046,14
4403072,9.69912612144002,14
4403076,9.945287367939335,4
4403089,9.736923959602498,13
4403100,9.762446511086234,11
4403107,9.894382044810454,7
4403114,9.88082264301825,7
4403116,9.969047648615124,2
4403127,9.779565539137751,11
4403135,9.850661645345841,8
4403144,9.821352151907039,9
4403151,9.878592904117578,7
4403152,10.0,1
4403153,10.0,1
4403156,9.957850163357591,3
4403166,9.788463466665611,10
4403179,9.703857791878253,13
4403194,9.668283294465828,15
4403195,10.0,1
4403205,9.783356746851661,10
4403218,9.72634338378944,13
4403223,9.924121784849184,5
4403227,9.945360782773731,4
4403237,9.80644570672202,10
4403244,9.848810052995669,7
4403247,9.950326607265,3
4403258,9.774798373877848,11
4403268,9.798541967437762,10
4403272,9.937187388941433,4
4403273,10.0,1
4403279,9.886259477314159,6
4403284,9.917513639247941,5
4403292,9.845482416779126,8
4403293,9.996533222021265,1
4403297,9.924292872147596,4
4403301,9.932209628075402,4
4403309,9.854146191513559,8
4403314,9.924192402320406,5
4403323,9.82606245206793,9
4403336,9.747078616881652,13
4403340,9.920919484806326,4
4403349,9.840144191821235,9
4403360,9.759276704324147,11
4403373,9.691153676493993,13
4403385,9.765009445045965,12
4403391,9.891614219567236,6
4403397,9.901045506552025,6
4403400,9.963348024597849,3
4403409,9.82002244744002,9
4403420,9.78407962945561,11
4403429,9.798332747022592,9
4403437,9.876991472805345,8
4403443,9.892155783206897,6
4403450,9.874259588827343,7
4403456,9.88626178403601,6
4403462,9.909465970938314,6
4403467,9.909030656872348,5
4403473,9.887681088515208,6
4403478,9.941553863211087,5
4403494,9.644587107112473,16
4403505,9.783454520877434,11
4403527,9.604030215695145,22
4404027,-41.564272946771965,500
4404036,9.797740473312148,9
4404045,9.816043804541694,9
4404047,9.986940879486632,2
4404053,9.885412759171652,6
4404059,9.892804615731054,6
4404068,9.837223914925517,9
4404076,9.817332578173614,8
4404576,-17.969466090923678,500
4404579,9.957040916629099,3
4404580,10.0,1
4405080,-16.942252319752477,500
4405092,9.319658511021109,12
4405104,9.735334686759684,12
4405108,9.92617089987869,4
4405117,9.828723579016769,9
4405123,9.884723591182222,6
4405131,9.843729682691611,8
4405139,9.833458203856678,8
4405147,9.86987687302037,8
4405152,9.916978774790767,5
4405156,9.93677178895568,4
4405158,9.972051698334065,2
4405175,9.618298886446631,17
4405185,9.812676257091876,10
4405197,9.734796464165683,12
4405206,9.787589060084292,9
4405212,9.913284626753043,6
4405215,9.961356754361685,3
4405224,9.83214067609874,9
4405225,10.0,1
4405233,9.84671961418542,8
4405238,9.915035137346855,5
4405239,10.0,1
4405241,9.982649610751873,2
4405242,10.0,1
4405257,9.665602641596465,15
4405265,9.849913925750107,8
4405275,9.802760656988621,10
4405285,9.803154058159983,10
4405297,9.784261474897772,12
4405298,10.0,1
4405299,10.0,1
4405308,9.777784837684571,9
4405320,9.770180449438554,12
4405331,9.75653121500027,11
4405340,9.832703475426614,9
4405357,9.59669006133783,17
4405361,9.939893013837201,4
4405370,9.804284279819408,9
4405379,9.829065864018595,9
4405380,10.0,1
4405389,9.801970081679277,9
4405394,9.918750606307714,5
4405397,9.958483990357834,3
4405398,10.0,1
4405402,9.94106580883038,4
4405408,9.918732862352453,6
4405413,9.923772073053122,5
4405421,9.87741441263323,8
4405435,9.70636850662635,14
4405441,9.891067568558071,6
4405445,9.942387932083022,4
4405458,9.702180080017298,13
4405470,9.754592941091719,12
4405479,9.809754532057953,9
4405489,9.765238354201774,10
4405498,9.82820577198311,9
4405504,9.906885886096106,6
4405516,9.755747412902123,12
4405520,9.955455312993772,4
4405531,9.781369795785924,11
4405536,9.920639753189272,5
4405537,10.0,1
4405546,9.615297276966988,9
4405561,9.465747132195784,15
4405574,9.711713341119736,13
4405584,9.8091671857299,10
4405590,9.9102906199119,6
4405597,9.878935866072327,7
4405605,9.825920764168076,8
4405617,9.766475092640517,12
4405621,9.94193316912291,4
4405622,10.0,1
4405623,9.988183602770167,1
4405626,9.966501948194407,3
4405633,9.859493505922648,7
4405637,9.92838003557259,4
4405638,10.0,1
4405649,9.762628203947248,11
4405654,9.921050930774689,5
4405666,9.727359430678506,12
4405676,9.792329104579178,10
4405693,9.592585271112808,17
4405698,9.916736889272052,5
4405710,9.74362602991635,12
4405720,9.789415917849887,10
4405727,9.875153781121124,7
4405741,9.658741280756349,14
4405750,9.79562845570401,9
4405760,9.788453642089786,10
4405771,9.76642791185766,11
4405775,9.938954591013772,4
4405784,9.805818440125964,9
4405792,9.850536591515816,8
4405802,9.796797797890074,10
4405803,10.0,1
4405815,9.73563664668573,12
4405826,9.75148829267122,11
4405838,9.727919387308365,12
4405849,9.764171359203813,11
4405866,9.593756503537731,17
4405870,9.944118421039967,4
4405871,9.99634375726895,1
4405876,9.91513522965508,5
4405882,9.892399697927669,6
4405887,9.917125792287102,5
4405894,9.875040236534527,7
4405927,9.098145717375484,33
4405930,9.9616971369825,3
4405933,9.966926297456629,3
4405944,9.762131153627946,11
4405957,9.727093222484566,13
4405969,9.765134942771684,12
4405978,9.84704476509738,9
4405979,10.0,1
4405992,9.720753993962756,13
4406002,9.811788091144086,10
4406008,9.90744693420764,6
4406021,9.708716012049834,13
4406038,9.573004983121916,17
4406040,9.976409975259362,2
4406049,9.80557311214646,9
4406065,9.649948367527003,16
4406077,9.7170712684829,12
4406082,9.903443845080135,5
4406086,9.949126339892594,4
4406093,9.87854854140454,7
4406099,9.91705366827157,6
4406109,9.807931685002789,10
4406111,9.974553525265042,2
4406114,9.958378146807194,3
4406129,9.712486370953846,15
4406134,9.936236265361458,5
4406135,10.0,1
4406150,9.711350464195904,15
4406161,9.811026636001762,11
4406166,9.91489683635756,5
4406171,9.910464238317228,5
4406180,9.802508891776029,9
4406182,9.985549344270902,2
4406191,9.87210695791764,9
4406195,9.926220515637175,4
4406201,9.89423069389587,6
4406209,9.839926655441527,8
4406213,9.936382062018177,4
4406220,9.878725819779516,7
4406229,9.800301046004606,9
4406233,9.93438377672117,4
4406242,9.88112370932615,9
4406252,9.807876709947662,10
4406265,9.72707232045397,13
4406271,9.890224276009489,6
4406283,9.720676136015587,12
4406295,9.737458332929203,12
4406302,9.87545191892526,7
4406315,9.69800151709548,13
4406324,9.8060115868605,9
4406328,9.934436827859724,4
4406338,9.798453386453106,10
4406339,10.0,1
4406351,9.731194453506804,12
4406358,9.838161621912167,7
4406365,9.86158247647889,7
4406373,9.847634787522928,8
4406375,9.980615102668658,2
4406378,9.961151042238107,3
4406380,9.969958412493739,2
4406388,9.8394882173699,8
4406395,9.869110136370706,7
4406396,10.0,1
4406404,9.854154298292666,8
4406417,9.723625990052891,13
4406420,9.955745816226239,3
4406433,9.72852719854194,13
4406443,9.783183686842463,10
4406449,9.881863107276319,6
4406457,9.847033626646255,8
4406458,9.992783369512779,1
4406480,9.505006505110712,22
4406488,9.86186934676298,8
4406498,9.768149045161852,10
4406512,9.67330011054859,14
4406523,9.765045452666396,11
4406529,9.892971864972274,6
4406540,9.780190502717193,11
4406553,9.7226257205563,13
4406566,9.747796231462317,13
4406567,10.0,1
4406578,9.763360389837965,11
4406594,9.645880233537854,16
4406604,9.799834502700957,10
4406606,9.973307580872884,2
4406618,9.737021064141864,12
4406620,9.97389111244484,2
4406626,9.885042928715139,6
4406633,9.880830812602474,7
4406640,9.894247696865586,7
4406643,9.95565904224179,3
4406653,9.791161160428882,10
4406656,9.953949663144071,3
4406663,9.852522989528621,7
4406676,9.716385787459593,13
4406679,9.970360432882998,3
4406690,9.768617470165795,11
4406698,9.837950280008306,8
4406704,9.890860006456338,6
4406711,9.88262833803183,7
4406722,9.780775432741944,11
4406729,9.8545976666487,7
4406735,9.882462517801216,6
4406746,9.75571006550314,11
4406755,9.8099074707653,9
4406756,9.992322665875582,1
4406766,9.81445821003324,10
4406783,9.626636951109091,17
4406784,9.996253272888763,1
4406789,9.923652573441263,5
4406795,9.901452925983168,6
4406803,9.846705651161756,8
4406807,9.928946889933956,4
4406810,9.963107344102577,3
4406823,9.69713381389621,13
4406839,9.707174620434175,16
4406844,9.920985406636948,5
4406855,9.77918920770935,11
4406863,9.841700066291004,8
4406875,8.7599995077139,12
4406883,9.851135337848545,8
4406887,9.948043329978988,4
4406889,9.970867073904408,2
4406893,9.946243958518144,4
4406899,9.887499842446886,6
4406907,9.861353789803795,8
4406916,9.820908264055673,9
4406919,9.96846571425587,3
4406933,9.676324787318414,14
4406945,9.748115061679874,12
4406955,9.81023771660177,10
4406961,9.887923969846797,6
4406972,9.757166131812127,11
4406976,9.948254101977598,4
4406989,9.726747656973211,13
4406995,9.920302787132016,6
4407003,9.85563116449736,8
4407006,9.964003371586891,3
4407019,9.712996687734238,13
4407035,9.605875322320713,16
4407046,9.763132243994711,11
4407061,9.658778290285214,15
4407068,9.86472073359156,7
4407069,10.0,1
4407081,9.832440051487348,12
4407093,9.76750791383298,12
4407101,9.859439183131926,8
4407110,9.83758987589283,9
4407123,9.705801310077378,13
4407130,9.87192807089179,7
4407132,9.983791226237948,2
4407142,9.804903212332473,10
4407148,9.906029264000159,6
4407149,10.0,1
4407163,9.688044323033779,14
4407174,9.7733104454775,11
4407179,9.926883771412689,5
4407183,9.942892319646624,4
4407184,10.0,1
4407203,9.598824338321556,19
4407214,9.75886382069527,11
4407223,9.871493727675192,9
4407234,9.74971606600418,11
4407239,9.927896059168733,5
4407252,9.698980443550575,13
4407258,9.91408077336023,6
4407264,9.88808231166864,6
4407282,9.281194956578299,18
4407292,9.789422179892803,10
4407305,9.76248732348913,13
4407309,9.940320176385644,4
4407319,9.80648746022956,10
4407324,9.920028800243102,5
4407333,9.615522270694854,9
4407342,9.83365604828933,9
4407364,9.481854970677844,22
4407376,9.722180200294108,12
4407390,9.728586530287133,14
4407396,9.889755673891639,6
4407406,9.780535759085472,10
4407411,9.921251179390103,5
4407417,9.913091431304974,6
4407424,9.879582815831354,7
4407427,9.967653119423495,3
4407435,9.822711103072226,8
4407444,9.853825351244028,9
4407448,9.945143130169932,4
4407449,10.0,1
4407458,9.8344058144756,9
4407465,9.861253333632368,7
4407466,10.0,1
4407481,9.636160379863837,15
4407488,9.894058235074219,7
4407493,9.92173367020234,5
4407500,9.855322818327464,7
4407501,10.0,1
4407511,9.77817028805721,10
4407516,9.916260872506212,5
4407527,9.737681290841833,11
4407532,9.929276157518993,5
4407539,9.878325878479137,7
4407543,9.939934645484117,4
4407553,9.80137849019993,10
4407555,9.981599210747982,2
4407559,9.953337137716765,4
4407565,9.884653094690066,6
4407577,9.74842741700568,12
4407584,9.878746280400433,7
4407597,9.69819416827878,13
4407604,9.855854703315744,7
4407613,9.713775658177598,9
4407616,9.969617449123007,3
4407629,9.697255072387552,13
4407633,9.935231056131217,4
4407641,9.841726842889543,8
4407643,9.969456343173574,2
4407650,9.873674706513546,7
4407655,9.931793322636764,5
4407666,9.797125635744829,11
4407670,9.943057136972776,4
4407671,10.0,1
4407683,9.732386462771489,12
4407692,9.815152469844618,9
4407705,9.707504569809025,13
4407706,10.0,1
4407714,9.845286227394858,8
4407727,9.700446603278166,13
4407735,9.838316607485043,8
4407738,9.97162095569262,3
4407746,9.892364894442833,8
4407761,9.72955456481482,15
4407764,9.957748703777009,3
4407775,9.777874458671578,11
4407780,9.909901403554036,5
4407783,9.957562515025854,3
4407795,9.714029638284883,12
4407801,9.91734881485046,6
4407811,9.785394908577354,10
4407821,9.779028959825558,10
4407826,9.910543101795172,5
4407836,9.794522699441064,10
4407846,9.790425874191659,10
4407853,9.868979024728711,7
4407861,9.86786883685185,8
4407868,9.872527410861075,7
4407870,9.976921681548642,2
4407882,9.748841042120498,12
4407895,9.750826021188029,13
4407903,9.835498959820605,8
4407909,9.894038662950983,6
4407919,9.786189747508457,10
4407929,9.790251161041423,10
4407936,9.863329143145817,7
4407944,9.836220421471536,8
4407953,9.795046632303196,9
4407957,9.943661088862005,4
4407963,9.884587280587954,6
4407969,9.921375771710279,6
4407980,9.752639421023552,11
4407981,10.0,1
4407985,9.934462421220932,4
4407989,9.937071080385822,4
4407997,9.835893297118892,8
4408004,9.857077753742754,7
4408006,9.971601171475887,2
4408012,9.871656666083375,6
4408016,9.936178091633387,4
4408021,9.915353815285128,5
4408028,9.869801685014211,7
4408033,9.910560396458877,5
4408036,9.963361067832762,3
4408046,9.799947276153992,10
4408061,9.669143678512738,15
4408076,9.642706101889168,15
4408084,9.836461440996489,8
4408094,9.793943370948352,10
4408100,9.89842955241421,6
4408112,9.763427243557572,12
4408124,9.759095502028952,12
4408132,9.853583031959873,8
4408135,9.954089565617258,3
4408145,9.777417661336154,10
4408152,9.858392838564955,7
4408160,9.857652824611717,8
4408174,9.715358531317056,14
4408188,9.73410764768826,14
4408197,9.811539626626086,9
4408204,9.86047568201111,7
4408216,9.733015643767445,12
4408221,9.91437813058893,5
4408222,9.992481140532322,1
4408229,9.85080965116038,7
4408237,9.843695602810712,8
4408251,9.600171770278777,14
4408263,9.745292504119849,12
4408270,9.769137776019424,7
4408271,10.0,1
4408284,9.733027739590796,13
4408290,9.886843942320667,6
4408292,9.98156115016462,2
4408293,10.0,1
4408304,9.786327905067814,11
4408306,9.981078361949448,2
4408321,9.75108948738796,15
4408328,9.862147828838138,7
4408337,9.823765698177382,9
4408346,9.809894388614245,9
4408349,9.960479779860071,3
4408350,10.0,1
4408364,9.673680676685946,14
4408381,9.58953543934191,17
4408385,9.926919442931435,4
4408396,9.770282335792851,11
4408399,9.967695708069819,3
4408410,9.567906574128495,11
4408420,9.789145507483731,10
4408436,9.630381837296424,16
4408449,9.711191556814775,13
4408452,9.967414315206995,3
4408455,9.966206351605324,3
4408466,9.775200361009778,11
4408472,9.887538011886427,6
4408478,9.882790892256915,6
4408488,9.79710912464423,10
4408492,9.94724607401116,4
4408500,9.86794014495741,8
4408513,9.697242487576766,13
4408519,9.883688768618216,6
4408526,9.87503365350132,7
4408527,10.0,1
4408532,9.916751558661005,5
4408540,9.82456780050382,8
4408554,9.668650504356343,14
4408557,9.951987179607139,3
4408558,10.0,1
4408566,9.859283563857216,8
4408575,9.805461908332244,9
4408585,9.796300930257381,10
4408603,8.931551931919616,18
4408614,9.780158873661378,11
4408615,10.0,1
4408625,9.84195498987877,10
4408626,9.988789887070732,1
4408633,9.891383922016116,7
4408643,9.808213896462703,10
4408651,9.865955923717642,8
4408658,9.854523229813752,7
4408663,9.922609997690088,5
4408674,9.744855982603271,11
4408684,9.829800561953647,10
4408693,9.637956354840258,9
4408698,9.806408161005466,5
4408713,9.689812309094487,15
4408717,9.934839754484567,4
4408729,9.770872645271435,12
4408731,9.973773200470177,2
4408739,9.855888602204875,8
4408744,9.939380738610039,5
4408752,9.836498780088933,8
4408768,9.640466641983156,16
4408774,9.893260932756489,6
4408782,9.829312475864425,8
4408792,9.787024689730318,10
4408793,10.0,1
4408804,9.733322607523391,11
4408811,9.861661527536429,7
4408821,9.794454079536973,10
4408828,9.892585262185484,7
4408842,9.721518824838219,14
4408843,10.0,1
4408853,9.77442328402282,10
4408857,9.944597564287623,4
4408864,9.858077938513237,7
4408874,9.766105065655376,10
4408889,9.695477583737189,15
4408890,10.0,1
4408902,9.7058368209819,12
4408913,9.781826949348442,11
4408920,9.85284731598244,7
4408928,9.83374660007575,8
4408929,10.0,1
4408930,10.0,1
4408945,9.677151015913122,15
4408958,9.71388656788027,13
4408964,9.892643266179384,6
4408974,9.816212129689523,10
4408979,9.92087019180509,5
4408989,9.794123078103308,10
4408994,9.915197091309613,5
4409001,9.885200485095277,7
4409005,9.938636493450861,4
4409007,9.98178917407714,2
4409013,9.911762648762956,6
4409021,9.837492697903715,8
4409026,9.934514229606389,5
4409044,9.56438316223883,18
4409053,9.823510978392283,9
4409060,9.872094629930912,7
4409065,9.922517619141919,5
4409078,9.69934422409658,13
4409088,9.776105503573568,10
4409094,9.895767388965805,6
4409095,10.0,1
4409098,9.957739194703567,3
4409109,9.792628671128497,11
4409110,9.988063384643233,1
4409122,9.722448781724667,12
4409123,10.0,1
4409134,9.771255113834737,11
4409140,9.905287993170994,6
4409144,9.93918659495686,4
4409154,9.790025248615626,10
4409167,9.721802091895757,13
4409174,9.892865685273383,7
4409184,9.79754341233528,10
4409187,9.962505739709595,3
4409191,9.94985821892595,4
4409202,9.776031512127949,11
4409212,9.788292151660382,10
4409223,9.773698560267903,11
4409231,9.786682514340509,8
4409242,9.771062857816514,11
4409254,9.781020674313304,12
4409264,9.485522766240898,10
4409273,9.798345715324235,9
4409281,9.842909548593237,8
4409291,9.824430325385693,10
4409303,9.751594293809,12
4409312,9.838115579433513,9
4409328,9.646358871382864,16
4409337,9.797228513269031,9
4409344,9.885652242043115,7
4409347,9.962639752764224,3
4409356,9.802424191459643,9
4409362,9.893210338580726,6
4409376,9.675103067950943,14
4409384,9.856864630221894,8
4409386,9.984638778887728,2
4409387,10.0,1
4409392,9.920734505362441,5
4409394,9.97524418401736,2
4409403,9.804164056477575,9
4409404,10.0,1
4409405,9.9892965772356,1
4409407,9.978834284370532,2
4409422,9.657382111942265,15
4409427,9.908688966102575,5
4409437,9.769388963307026,10
4409452,9.682276034931906,15
4409462,9.793064185853618,10
4409467,9.910058536708277,5
4409478,9.754537959448081,11
4409492,9.740542487369941,14
4409504,9.759349491827882,12
4409519,9.68064614295124,15
4409527,9.853874182689143,8
4409539,9.739493043613793,12
4409540,10.0,1
4409550,9.818309363862678,10
4409561,9.756576299880658,11
4409565,9.92983236029242,4
4409572,9.878536204571649,7
4409585,9.703032916554223,13
4409599,9.718185171601268,14
4409611,9.734353447517435,12
4409620,9.824975591661424,9
4409637,9.605996474460126,17
4409642,9.923224543826704,5
4409645,9.963855829035868,3
4409646,9.992872447297731,1
4409655,9.808543906338958,9
4409662,9.874985413341776,7
4409672,9.835789990898496,10
4409674,9.682378341491155,2
4409690,9.677296551775369,16
4409691,10.0,1
4409694,9.961143911909732,3
4409705,9.75031249912663,11
4409707,9.978908888642724,2
4409711,9.941812864972059,4
4409724,9.71572786574004,13
4409727,9.962735829319008,3
4409732,9.91069200484503,5
4409733,10.0,1
4409734,9.987612059605505,1
4409741,9.853662985780671,7
4409743,9.984420699069439,2
4409749,9.894088445832184,6
4409757,9.83564431240352,8
4409762,9.911123739822251,5
4409763,10.0,1
4409768,9.922264568430386,5
4409776,9.867142929826178,8
4409789,9.696888732565935,13
4409795,9.89724685421319,6
4409807,9.724875380436137,12
4409821,9.57990980257296,14
4409831,9.78815884326019,10
4409838,9.874997551017602,7
4409844,9.908169723498526,6
4409847,9.962433808734518,3
4409853,9.889752350728983,6
4409868,9.635699315606907,15
4409876,9.839389463568828,8
4409882,9.88777152910217,6
4409886,9.955696022357362,4
4409900,9.26789688908896,14
4409905,9.928695194375937,5
4409917,9.72961205472712,12
4409926,9.82261559502129,9
4409930,9.954499345552783,4
4409934,9.929279208260816,4
4409945,9.750748108431491,11
4409951,9.897698256081082,6
4409952,10.0,1
4409961,9.813257640901458,9
4409968,9.86469714374924,7
4409971,9.949556392972836,3
4409979,9.865085993307659,8
4409997,9.610910712742681,18
4410003,9.896288814559508,6
4410006,9.963787598962037,3
4410013,9.870701888207492,7
4410021,9.841166817057204,8
4410030,9.813345377911208,9
4410045,9.645054369539741,15
4410060,9.218622241622848,15
4410067,9.867787077056091,7
4410068,10.0,1
4410080,9.76479593106405,12
4410090,9.765047051350447,10
4410094,9.929576037476211,4
4410098,9.948051546213641,4
4410102,9.932468636050952,4
4410111,9.806647144813718,9
4410118,9.746090644206118,7
4410125,9.881278559344379,7
4410126,10.0,1
4410131,9.902031897197661,5
4410142,9.781547505934801,11
4410146,9.934538850369783,4
4410162,9.646384979031833,16
4410170,9.848139553515724,8
4410179,9.817375082880915,9
4410184,9.909802156257548,5
4410186,9.967704059139557,2
4410193,9.67882635681607,7
4410203,9.787841151187864,10
4410212,9.812391104112796,9
4410215,9.961936678728417,3
4410228,9.724183940050812,13
4410229,10.0,1
4410236,9.878224127948798,7
4410244,9.861661376537944,8
4410254,9.786085022995355,10
4410256,9.971896543542586,2
4410264,9.854294354029841,8
4410271,9.851258729387618,7
4410284,9.682198331227275,13
4410285,10.0,1
4410298,9.720851305546395,13
4410299,10.0,1
4410305,9.889591928115363,6
4410306,10.0,1
4410321,9.663583153404058,15
4410325,9.931974571685883,4
4410339,9.663327698791257,14
4410351,9.732663654615969,12
4410352,10.0,1
4410369,9.59581037293126,17
4410370,10.0,1
4410377,9.864907769827612,7
4410389,9.747098246216126,12
4410390,10.0,1
4410392,9.976922501395613,2
4410402,9.82263153538534,10
4410406,9.931380330983842,4
4410413,9.856948935640277,7
4410424,9.782319762826933,11
4410433,9.804735707706852,9
4410439,9.897257633385903,6
4410446,9.856832406143685,7
4410458,9.763381374619332,12
4410461,9.952594030802048,3
4410472,9.765453425508628,11
4410476,9.94514946813258,4
4410486,9.790923867746105,10
4410492,9.887671226050067,6
4410493,10.0,1
4410494,9.993240073431505,1
4410504,9.78610047140146,10
4410520,9.750478546281682,16
4410521,10.0,1
4410525,9.935423579119174,4
4410534,9.81500697097746,9
4410545,9.770342282626507,11
4410554,9.81713854163588,9
4410561,9.876683828368122,7
4410570,9.802582898379331,9
4410574,9.939448863565296,4
4410587,8.518388796577682,13
4410589,9.971698602593248,2
4410603,9.668401541290802,14
4410615,9.726544931761754,12
4410621,9.89581095867969,6
4410624,9.959320399195702,3
4410633,9.813553130371744,9
4410640,9.850591903574252,7
4410651,9.783197327868418,11
4410659,9.825111169102598,8
4410662,9.955816119958689,3
4410667,9.917091121573476,5
4410680,9.71905569123827,13
4410695,9.697988758640166,15
4410703,9.820589125655097,8
4410716,9.675584978811964,13
4410723,9.874599987353163,7
4410733,9.785065554684373,10
4410743,9.797746717029586,10
4410754,9.747257863059515,11
4410762,9.831207899698784,8
4410766,9.926377268635331,4
4410779,9.701713793563743,13
4410793,9.736730708596026,14
4410800,9.86465531779477,7
4410804,9.942087671466748,4
4410805,10.0,1
4410820,9.624429374824363,15
4410821,10.0,1
4410826,9.90177121623891,5
4410831,9.920314103408492,5
4410844,9.695040875159616,13
4410859,9.663385519223159,15
4410871,9.74812978690727,12
4410880,9.824552892600941,9
4410891,9.54345515206713,11
4410896,9.929866758512063,5
4410905,9.806737510451757,9
4410916,9.81085602987245,11
4410919,9.962596485565152,3
4410929,9.692850591052242,10
4410938,9.824099767500133,9
4410950,9.742539777034645,12
4410959,9.843045616153882,9
4410969,9.80963125655343,10
4410978,9.830393484598943,9
4410979,10.0,1
4410986,9.866308591607185,7
4410992,9.883714582819849,6
4410993,9.996436090281895,1
4410994,10.0,1
4411002,9.846735200268208,8
4411006,9.933021907337606,4
4411012,9.890839932137537,6
4411021,9.802439060373935,9
4411030,9.829981973372927,9
4411040,9.763520956898375,10
4411047,9.873722549452587,7
4411059,9.726943829223824,12
4411069,9.787414277129457,10
4411083,9.676534474778478,14
4411093,9.80200165238668,10
4411106,9.704821609101309,13
4411111,9.906748284161099,5
4411112,10.0,1
4411129,8.746428185356887,17
4411135,9.789509265579259,6
4411141,9.898963626497185,6
4411147,9.888357391091995,6
4411148,10.0,1
4411162,9.675367421165394,14
4411178,9.63530873596283,16
4411179,9.992335325897713,1
4411189,9.801318330319894,10
4411204,9.663569533535094,15
4411214,9.786483936535403,10
4411223,9.812736213411991,9
4411224,10.0,1
4411234,9.794474023318498,10
4411240,9.891769543417496,6
4411249,9.828791402209212,9
4411260,9.767741785649935,11
4411261,10.0,1
4411275,9.674307999535225,14
4411276,10.0,1
4411286,9.789463650077083,10
4411290,9.943196390590767,4
4411297,9.877390516020409,7
4411305,9.82129222142678,8
4411310,9.917827384688442,5
4411316,9.87974686914573,6
4411321,9.922094065796214,5
4411334,9.705487185748906,13
4411338,9.939866531377763,4
4411340,9.974950741258361,2
4411341,10.0,1
4411346,9.90260595787057,5
4411358,9.750666974736502,12
4411369,9.783013178967686,11
4411380,9.748034446327566,11
4411387,9.879744916472694,7
4411401,9.662743184566496,14
4411418,9.096801263915179,17
4411423,9.926192970731371,5
4411434,9.777042306469927,11
4411435,10.0,1
4411444,9.795604288902402,9
4411454,9.801970593848514,10
4411458,9.950451157746652,4
4411460,9.980263695119307,2
4411468,9.869544752269924,8
4411475,9.857218720581947,7
4411481,9.896194097649719,6
4411494,9.678994621606982,13
4411502,9.834834221685595,8
4411503,10.0,1
4411504,10.0,1
4411511,9.87564560254667,7
4411512,9.996037454266782,1
4411515,9.942232952435562,3
4411526,9.772057303201056,11
4411532,9.893391438190415,6
4411539,9.899273219937305,7
4411547,9.843001927208721,8
4411556,9.84814362087173,9
4411557,9.992240149196142,1
4411571,9.682765439315498,14
4411575,9.928757565661954,4
4411601,9.280462550240875,26
4411613,9.722172023673792,12
4411615,9.975445702596794,2
4411623,9.846760448645789,8
4411629,9.884420138286545,6
4411637,9.845050536932348,8
4411642,9.923515225296677,5
4411653,9.773336178718296,11
4411660,9.854331359352456,7
4411669,9.812062635127052,9
4411676,9.862105441303632,7
4411677,10.0,1
4411683,9.899327796894188,6
4411692,9.838810121271237,9
4411704,9.71809225743967,12
4411706,9.974732608696911,2
4411723,9.59986600542207,17
4411725,9.978738096854094,2
4411727,9.969236329808068,2
4411737,9.786607187467915,10
4411742,9.92389872725458,5
4411756,9.582309145410603,14
4411768,9.74223738701924,12
4411779,9.790669835196285,11
4411789,9.773165095683238,10
4411797,9.853929773450588,8
4411806,9.808664077841184,9
4411818,9.759006498580229,12
4411823,9.928726440555023,5
4411831,9.857198934160273,8
4411839,9.832450326829056,8
4411846,9.837466500046641,7
4411852,9.88721025643254,6
4411859,9.861302065833959,7
4411861,9.974390285214762,2
4411864,9.947856898415449,3
4411879,9.656666185680923,15
4411892,9.73117854880563,13
4411894,9.977190985789766,2
4411900,9.891999143919644,6
4411915,9.687001003187802,15
4411916,9.988713427005717,1
4411927,9.76285478051527,11
4411928,10.0,1
4411939,9.790204940732377,11
4411945,9.910032788074766,6
4411955,9.789972488226475,10
4411963,9.854379132490504,8
4411968,9.930314296847122,5
4411976,9.850954518918748,8
4411989,9.752718247100425,13
4411994,9.906064661700965,5
4412006,9.71684004551101,12
4412009,9.961896620269691,3
4412014,9.925943848112528,5
4412022,9.844569583552195,8
4412023,10.0,1
4412036,9.761318701301015,13
4412044,9.82892052155652,8
4412057,9.681589701023261,13
4412062,9.924191262856667,5
4412064,9.970682336264817,2
4412070,9.89426157405962,6
4412071,10.0,1
4412077,9.888482807926495,6
4412087,9.770757271947565,10
4412090,9.960344441692449,3
4412101,9.761335353703563,11
4412116,9.664653464559821,15
4412122,9.890733327664753,6
4412132,9.77940429092974,10
4412139,9.905457636268391,7
4412152,9.725435753517324,13
4412159,9.863823567687398,7
4412170,9.738417999053969,11
4412181,9.77564151752981,11
4412187,9.900185751002008,6
4412193,9.89795069023021,6
4412196,9.95481284908789,3
4412209,9.692334682768761,13
4412210,9.988561880094196,1
4412218,9.834912652002034,8
4412230,9.763252748757301,12
4412231,10.0,1
4412241,9.806140747038125,10
4412251,9.791703394961495,10
4412255,9.94358674298432,4
4412260,9.928464803206513,5
4412266,9.883044010502086,6
4412284,9.635285176361165,18
4412285,10.0,1
4412295,9.778460665580624,10
4412302,9.872908856053568,7
4412314,9.754945593004246,12
4412315,9.992275527588516,1
4412320,9.922618583398554,5
4412323,9.953195711566012,3
4412324,10.0,1
4412334,9.805340985526971,10
4412341,9.870703541382078,7
4412348,9.867777775515586,7
4412351,9.953697217973659,3
4412357,9.898448527137106,6
4412367,9.780562841356627,10
4412377,9.779997912910705,10
4412382,9.916823214168636,5
4412383,9.992944804413503,1
4412387,9.935603398115104,4
4412395,9.841607099462339,8
4412406,9.744611798476392,11
4412410,9.948516507897201,4
4412425,9.665999727781402,15
4412432,9.873737235758368,7
4412442,9.82584947830014,10
4412449,9.848617772214993,7
4412453,9.828258358730242,4
4412470,9.596514558063742,17
4412475,9.913724808596177,5
4412484,9.79938018160573,9
4412506,9.500623010054255,22
4412516,9.803693212784223,10
4412520,9.730442155486685,4
4412529,9.800310803376275,9
4412543,9.689678209876032,14
4412553,9.79817896148252,10
4412554,10.0,1
4412561,9.873417654354116,7
4412566,9.899317720789185,5
4412585,9.65261692564624,19
4412592,9.865388963366266,7
4412606,9.712002033815216,14
4412612,9.893898779691002,6
4412621,9.80957900104433,9
4412639,9.543435891171073,18
4412648,9.820684768315804,9
4412654,9.900319343808754,6
4412660,9.90231163975298,6
4412670,9.78411171953211,10
4412673,9.96270235291344,3
4412686,9.74925802292541,13
4412697,9.761277700319631,11
4412706,9.745739101345551,9
4412712,9.896700945189336,6
4412718,9.902469463710782,6
4412731,9.69746042274079,13
4412743,9.758601751423669,12
4412751,9.852897102581924,8
4412755,9.933625974306096,4
4412760,9.926493254437002,5
4412767,9.864900490377352,7
4412776,9.802302700277144,9
4412789,9.731360203435237,13
4412801,9.728390585626322,12
4412817,8.222399517465405,16
4412823,9.912710099926764,6
4412827,9.951117743781305,4
4412834,9.846378971765876,7
4412841,9.844170600310534,7
4412851,9.78419427783855,10
4412852,10.0,1
4412859,9.87176044735593,7
4412865,9.9002649618584,6
4412870,9.91997058054045,5
4412876,9.900275505828072,6
4412879,9.95170486826417,3
4412887,9.866585956275413,8
4412893,9.890961259031007,6
4412902,9.871879483821607,9
4412916,9.69813596395147,14
4412929,9.742912870987366,13
4412941,9.724925638868662,12
4412948,9.854508833613949,7
4412953,9.902131521618506,5
4412965,9.777778111645338,12
4412972,9.858095214757942,7
4412985,9.718247005481352,13
4412991,9.888786173526903,6
4412993,9.97369497108802,2
4413004,9.754034164543073,11
4413013,9.822663946700187,9
4413023,9.809578590137452,10
4413027,9.942422981658646,4
4413040,9.75151415198105,13
4413041,10.0,1
4413058,9.671759637580925,17
4413060,9.979943208920371,2
4413070,9.794945579025484,10
4413076,9.882984896674662,6
4413077,10.0,1
4413083,9.91328939474082,6
4413088,9.916011981975696,5
4413097,9.818178005858142,9
4413104,9.866725641986012,7
4413111,9.888998562971432,7
4413112,10.0,1
4413126,9.692317584652073,14
4413135,9.819612859357347,9
4413142,9.891867516928755,7
4413146,9.951600621117597,4
4413148,9.980094022078065,2
4413158,9.800086408585969,10
4413159,9.996252482872265,1
4413160,10.0,1
4413173,9.70230794527934,13
4413183,9.811865092503162,10
4413190,9.886485352228359,7
4413197,9.858514167033496,7
4413198,10.0,1
4413204,9.912460332729443,6
4413217,9.716726382019804,13
4413229,9.683912935557352,12
4413233,9.939733934314223,4
4413247,9.712690225625591,14
4413256,9.826910052320445,9
4413262,9.898114737198554,6
4413268,9.887511887021715,6
4413278,9.792570812818912,10
4413281,9.967696067256098,3
4413292,9.800748589332139,11
4413299,9.86435469297339,7
4413304,9.925231655879125,5
4413314,9.810954287868311,10
4413320,9.906041657638898,6
4413327,9.865425464521888,7
4413334,9.876385980500599,7
4413338,9.94507528895806,4
4413346,9.874374231792281,8
4413351,9.91552478068316,5
4413359,9.84822876155045,8
4413365,9.870178832113746,6
4413369,9.932343338941969,4
4413373,9.93515908160442,4
4413391,9.605205816949352,18
4413398,9.872831101696253,7
4413406,9.852816282714375,8
4413419,9.74272540286125,13
4413426,9.874801339626313,7
4413439,9.716469061009331,13
4413447,9.841077045957473,8
4413456,9.72119361083943,9
4413466,9.778462604087288,10
4413472,9.898404586117755,6
4413482,9.789865046583905,10
4413496,9.65087723564372,14
4413507,9.671602933617928,11
4413514,9.908612411067695,7
4413525,9.7910358180321,11
4413536,9.791108850861585,11
4413546,9.7881788335656,10
4413556,9.81737970531147,10
4413571,9.704603636283728,15
4413572,10.0,1
4413575,9.95163112402092,3
4413585,9.806094142713327,10
4413592,9.866899444846895,7
4413608,8.973393509913107,16
4413616,9.835101082257296,8
4413634,9.539553671364361,18
4413647,9.721806835232998,13
4413650,9.961005963118966,3
4413665,9.64517476451608,15
4413673,9.837893085865382,8
4413674,9.996454591468959,1
4413675,10.0,1
4413689,9.673280923445725,14
4413694,9.91376623283897,5
4413703,9.838068416932918,9
4413704,10.0,1
4413715,9.752360000597141,11
4413721,9.897223019731275,6
4413723,9.977422498307119,2
4413736,9.700857743470499,13
4413741,9.909340288909208,5
4413742,10.0,1
4413750,9.857176390732969,8
4413756,9.877419555319094,6
4413764,9.85336753841599,8
4413772,9.838704719198129,8
4413776,9.953204511499552,4
4413785,9.835539452855647,9
4413786,10.0,1
4413793,9.775673005959343,7
4413805,9.772626211735044,12
4413813,9.837157157628772,8
4413826,9.728688432917703,13
4413832,9.903860301205846,6
4413842,9.781519766574359,10
4413846,9.929308138802728,4
4413848,9.97927803487957,2
4413858,9.769874330218496,10
4413859,10.0,1
4413869,9.789399214616637,10
4413872,9.963880415960677,3
4413886,9.725298323502079,14
4413897,9.771916316531744,11
4413906,9.782597433679932,9
4413913,9.869951278172394,7
4413914,10.0,1
4413929,9.574255259035729,15
4413935,9.91000015775655,6
4413946,9.743255495276445,11
4413952,9.89878297338614,6
4413961,9.80637772630163,9
4413972,9.635421003518314,11
4413977,9.91653631524957,5
4413979,9.985201599219653,2
4413983,9.931631726171672,4
4413996,9.74650472623838,13
4414003,9.655797250042168,7
4414012,9.81766584059754,9
4414013,10.0,1
4414019,9.898315148104485,6
4414024,9.924186403939846,5
4414033,9.809834294648734,9
4414039,9.905224084252094,6
4414059,9.523104740887023,20
4414069,9.77370692913197,10
4414078,9.818456732755203,9
4414088,9.796205763893148,10
4414091,9.9606309646358,3
4414097,9.893195209530433,6
4414106,9.810246657284202,9
4414113,9.865218975087098,7
4414121,9.840848727259873,8
4414131,9.79385960062453,10
4414143,9.748155086974908,12
4414145,9.98540362038315,2
4414154,9.816241028691268,9
4414162,9.852906973165616,8
4414170,9.860371927591036,8
4414183,9.725958304367271,13
4414194,9.789661772735043,11
4414203,9.818022470878633,9
4414211,9.838464327063212,8
4414214,9.94340577514948,3
4414218,9.938396551749928,4
4414225,9.867860182451938,7
4414237,9.718986787562587,12
4414253,9.651171232828933,16
4414260,9.884584334099761,7
4414261,10.0,1
4414264,9.962570650037707,3
4414269,9.919193587852794,5
4414274,9.914303961228272,5
4414285,9.77649763140852,11
4414302,9.643086921360576,17
4414310,9.815285761024583,8
4414323,9.709936175865273,13
4414330,9.867168805543464,7
4414342,9.746326896014487,12
4414354,9.747442598521385,12
4414365,9.759034046435477,11
4414373,9.852181554008911,8
4414377,9.955372432420782,4
4414392,9.647968434326787,15
4414395,9.967004239943622,3
4414407,9.745150766118597,12
4414416,9.819427165994592,9
4414425,9.824094805165549,9
4414428,9.95571944886064,3
4414443,9.647643247513434,15
4414451,9.836736329149975,8
4414459,9.857937962807398,8
4414465,9.888153787608426,6
4414473,9.864080420798068,8
4414484,9.756504513660387,11
4414490,9.882701348962792,6
4414497,9.869633026026644,7
4414510,9.714670914684307,13
4414517,9.865943152707949,7
4414527,9.786100361197075,10
4414530,9.950446185209836,3
4414538,9.861667406601311,8
4414548,9.78897390992243,10
4414556,9.84542771779295,8
4414564,9.869574934227256,8
4414576,9.732105896842608,12
4414585,9.808649087448279,9
4414595,9.799834776990794,10
4414605,9.782592823139902,10
4414612,9.8600870710266,7
4414625,9.708749591654662,13
4414634,9.814171211530537,9
4414641,9.866836913697064,7
4414643,9.978569008390304,2
4414653,9.817110343430006,10
4414655,9.973574271810946,2
4414660,9.90617501784341,5
4414671,9.76762188417859,11
4414679,9.868572764966729,8
4414686,9.896651328712029,7
4414692,9.909997529110642,6
4414700,9.862641623151388,8
4414710,9.779521241797372,10
4414722,9.747766425410228,12
4414732,9.783486546265962,10
4414739,9.873474882854799,7
4414752,9.715374767310824,13
4414762,9.80070962226862,10
4414769,9.872206264938168,7
4414777,9.834989373820719,8
4414786,9.826350145565819,9
4414790,9.940095901816562,4
4414800,9.812750515960015,10
4414808,9.837623591235394,8
4414816,9.858109573211857,8
4414822,9.903845350096976,6
4414824,9.970170785604076,2
4414829,9.911252242980725,5
4414844,9.682112188831928,15
4414855,9.798603721583147,11
4414858,9.961384600848952,3
4414865,9.858690422581303,7
4414867,9.980771202356017,2
4414878,9.805611333682453,11
4414884,9.909300658715667,6
4414887,9.970394120960012,3
4414891,9.946755982544882,4
4414901,9.849091737749852,10
4415401,-137.46976557434053,500
4415901,-218.49112116132508,500
4416401,-218.7386475111461,500
4416901,-217.85298280919088,500
4416909,9.84437099145721,8
4416924,9.713872824194397,15
4416937,9.73939799930065,13
4416941,9.950723788665579,4
4416951,9.785662458045309,10
4416961,9.776599849189083,10
4416963,9.974028137692143,2
4416974,9.763552842019502,11
4416979,9.919071414271798,5
4416984,9.919781889681028,5
4416994,9.793576335388678,10
4417008,9.575234353077734,14
4417015,9.873206865259567,7
4417020,9.912363737605322,5
4417021,10.0,1
4417022,10.0,1
4417024,9.975592290454754,2
4417031,9.876453836025217,7
4417043,9.737358266934885,12
4417051,9.846974937701015,8
4417058,9.880876148049687,7
4417062,9.946511907315001,4
4417071,9.819007813935775,9
4417074,9.948679641290095,3
4417077,9.957009763107912,3
4417079,9.977959562236581,2
4417081,9.970625143141913,2
4417091,9.786519008133967,10
4417097,9.917244612890507,6
4417111,9.696023438415327,14
4417122,9.751994449501684,11
4417134,9.73872511914678,12
4417139,9.919659051914305,5
4417149,9.80626339927012,10
4417157,9.825375261018554,8
4417164,9.870001214492355,7
4417170,9.906156937302862,6
4417175,9.913482288041163,5
4417188,9.721300705045875,13
4417197,9.831584291935833,9
4417198,10.0,1
4417209,9.788233950514158,11
4417221,9.727301528804464,12
4417235,9.750547173867224,14
4417249,9.693221956048701,14
4417262,9.695076928105095,13
4417279,9.663940347449344,17
4417284,9.906409971529895,5
4417285,10.0,1
4417291,9.888847010918655,6
4417300,9.817367198771167,9
4417308,9.845624355217305,8
4417324,9.650232604409872,16
4417327,9.96515176490857,3
4417333,9.905194581085063,6
4417338,9.921651812820087,5
4417351,9.721731114509108,13
4417352,10.0,1
4417366,9.691411690575686,14
4417372,9.902929934906844,6
4417378,9.909047025759977,6
4417383,9.908050113262078,5
4417396,9.708610030634285,13
4417399,9.957088886867716,3
4417400,9.99154133708514,1
4417401,10.0,1
4417408,9.862189421202311,7
4417421,9.750731888768179,13
4417427,9.874614399683844,6
4417448,9.139697428273275,21
4417463,9.271158511699454,15
4417472,9.849969603647128,9
4417481,9.598499398077347,9
4417493,9.759401161218522,12
4417502,9.826328157494748,9
4417511,9.830366932855826,9
4417516,9.920229754364875,5
4417524,9.829639852320756,8
4417532,9.836037702855496,8
4417543,9.754679463602427,11
4417544,10.0,1
4417557,9.699646454449367,13
4417574,9.583359067423048,17
4417587,9.705253622227396,13
4417588,10.0,1
4417591,9.9640804600602,3
4417603,9.730491702999055,12
4417604,9.992361186388505,1
4417613,9.82296357355707,9
4417614,10.0,1
4417625,9.74477858994684,11
4417635,9.795821741611743,10
4417644,9.807510380613088,9
4417653,9.816598684067234,9
4417661,9.819975470450002,8
4417668,9.892506376472955,7
4417676,9.872712324829052,8
4417684,9.85054831079955,8
4417693,9.809758349860305,9
4417699,9.883409914448123,6
4417705,9.890178532149605,6
4417724,9.638233683489899,19
4417730,9.89791971160659,6
4417739,9.849360731889995,9
4417744,9.927879640126418,5
4417757,9.597953721801009,13
4417760,9.966214843688906,3
4417763,9.959820525797408,3
4417767,9.946412361481277,4
4417768,9.99267878679154,1
4417774,9.89065061051455,6
4417782,9.858387450589202,8
4417784,9.984422885745088,2
4417793,9.81010241091804,9
4417797,9.939266667100338,4
4417802,9.92068649593705,5
4417811,9.816969031624609,9
4417812,10.0,1
4417820,9.85146219494605,8
4417821,10.0,1
4417830,9.827080275380323,9
4417837,9.86892042500721,7
4417847,9.706631998008453,10
4417858,9.761682132921111,11
4417863,9.921300201324255,5
4417864,10.0,1
4417873,9.812113375712913,9
4417881,9.83686743328726,8
4417888,9.863150630798879,7
4417896,9.83381832501425,8
4417905,9.821947593273407,9
4417908,9.956983761111758,3
4417911,9.957614309744777,3
4417917,9.90653844701549,6
4417922,9.910456356780966,5
4417933,9.763377937761918,11
4417937,9.930135939730487,4
4417945,9.87121399152176,8
4417957,9.746247424643245,12
4417966,9.798921705876934,9
4417973,9.86346585126875,7
4417991,9.58062008271321,18
4417994,9.959853012221851,3
4418000,9.89333646256806,6
4418002,9.971955298499049,2
4418013,9.761575607131372,11
4418023,9.780193432635768,10
4418033,9.79576988582983,10
4418046,9.704605077251955,13
4418053,9.849088477800105,7
4418054,10.0,1
4418066,9.744055279243867,12
4418081,9.66488114685515,15
4418090,9.626707769004177,9
4418100,9.789781388169349,10
4418109,9.82468937668445,9
4418125,9.634628520720522,16
4418129,9.938696863733071,4
4418132,9.966022442663629,3
4418136,9.953737178413093,4
4418145,9.823776101522911,9
4418152,9.878459745965108,7
4418165,9.709003214211416,13
4418175,9.825321018727307,10
4418185,9.826950655285724,10
4418190,9.913296456739086,5
4418198,9.8578207085581,8
4418211,9.715158139424869,13
4418220,9.827491452737664,9
4418221,10.0,1
4418227,9.905157320695304,6
4418235,9.857499279648907,8
4418236,10.0,1
4418245,9.80003740621933,9
4418249,9.951213212405044,4
4418250,10.0,1
4418252,9.970809832672366,2
4418261,9.850467182958171,9
4418262,10.0,1
4418266,9.94744642517925,4
4418267,10.0,1
4418275,9.874732991886562,8
4418281,9.895183889904713,6
4418288,9.874356413792633,7
4418294,9.905099119437656,6
4418295,10.0,1
4418303,9.648178907787871,8
4418304,10.0,1
4418305,9.996571309181594,1
4418311,9.888173428176051,6
4418316,9.908532535635745,5
4418326,9.584659903750564,10
4418329,9.961810489924792,3
4418343,9.65110088624112,14
4418350,9.866538814663794,7
4418359,9.82379455345743,9
4418366,9.882689948987856,7
4418367,10.0,1
4418368,10.0,1
4418375,9.88784025862257,7
4418378,9.95219210618819,3
4418382,9.949650132943129,4
4418387,9.926059608360523,5
4418391,9.94046688393404,4
4418392,9.996566058604406,1
4418402,9.803339946695111,10
4418415,9.7029616436292,13
4418425,9.79509436828788,10
4418430,9.907483493127254,5
4418435,9.91853973810009,5
4418453,9.639789081303316,18
4418458,9.927451551463053,5
4418471,9.743458369846238,13
4418478,9.881096087942472,7
4418490,9.737779445119449,12
4418491,10.0,1
4418498,9.881434306680104,7
4418510,9.731708966209224,12
4418519,9.813600505687836,9
4418533,9.688275428788554,14
4418546,9.705222226925809,13
4418557,9.779222045145964,11
4418570,9.718110362629176,13
4418576,9.897734177895485,6
4418577,10.0,1
4418585,9.826761835169071,8
4418593,9.827770325706883,8
4418594,10.0,1
4418604,9.80630510158544,10
4418614,9.802698665576438,10
4418623,9.844818409219208,9
4418638,9.644273258847269,15
4418651,9.71524402354053,13
4418652,10.0,1
4418653,9.992245493748053,1
4418657,9.926738159883293,4
4418663,9.887550770943136,6
4418674,9.770822826119732,11
4418679,9.904503309039105,5
4418680,10.0,1
4418684,9.936446424435326,4
4418685,10.0,1
4418693,9.842512017533778,8
4418699,9.906613304464821,6
4418700,10.0,1
4418707,9.862495234264507,7
4418719,9.753431269818897,12
4418725,9.901558140230616,6
4418732,9.870852724611217,7
4418742,9.76869133812696,10
4418749,9.873825229371626,7
4418753,9.946576615138186,4
4418762,9.827027830845282,9
4418763,10.0,1
4418772,9.795671580038908,9
4418783,9.770399731502765,11
4418784,10.0,1
4418793,9.85268728646155,9
4418801,9.825069468656988,8
4418803,9.978673130826508,2
4418809,9.889612142562058,6
4418824,9.650261591764744,15
4418831,9.880719383937285,7
4418837,9.86732444135594,6
4418852,9.705809168876133,15
4418863,9.774008935588805,11
4418867,9.950203625584406,4
4418874,9.851804733962805,7
4418884,9.792858871957161,10
4418895,9.750322297219022,11
4418898,9.945844167336894,3
4418904,9.899666309334968,6
4418917,9.696831800901338,13
4418923,9.887768715507812,6
4418934,9.745870242691357,11
4418946,9.732239857159515,12
4418957,9.783010792349016,11
4418969,9.751247695102292,12
4418970,10.0,1
4418981,9.743386350791427,11
4418990,9.857159552376,9
4418996,9.886838779538742,6
4419002,9.90229009919485,6
4419011,9.814950488848915,9
4419019,9.8646975797217,8
4419029,9.847154800901007,10
4419037,9.845790591223913,8
4419047,9.780501203388745,10
4419058,9.78838144258876,11
4419068,9.783318969978513,10
4419084,9.627793948464879,16
4419099,9.576429971373742,15
4419106,9.777200676639813,7
4419126,9.51000527876371,20
4419142,9.635244779161809,16
4419143,10.0,1
4419144,10.0,1
4419158,9.697663133581994,14
4419164,9.920878577309301,6
4419172,9.848489441916861,8
4419176,9.941417837376235,4
4419177,10.0,1
4419181,9.945540342233757,4
4419190,9.824853880973643,9
4419196,9.881231471217452,6
4419200,9.940074577614155,4
4419206,9.878608520197043,6
4419215,9.796546919072448,9
4419216,10.0,1
4419223,9.870087055073952,7
4419225,9.970017174846591,2
4419236,9.775887830372954,11
4419248,9.652822194115796,12
4419249,10.0,1
4419256,9.861659369196204,7
4419264,9.857287766177746,8
4419276,9.758073117899862,12
4419290,9.662692720979377,14
4419303,9.694929707562823,13
4419314,9.74548614292057,11
4419317,9.965777498743062,3
4419330,9.706775649181388,13
4419335,9.91450742407812,5
4419344,9.83324761431466,9
4419355,9.75143533566059,11
4419367,9.729465363762815,12
4419369,9.97747658167811,2
4419373,9.948337657877651,4
4419381,9.828555681151755,8
4419391,9.78129031608101,10
4419400,9.820479079452058,9
4419412,9.71506359647856,12
4419418,9.897975105188213,6
4419424,9.881726332524455,6
4419430,9.89188200940551,6
4419436,9.900353149211291,6
4419445,9.81985058704237,9
4419456,9.773986524995793,11
4419463,9.86703367976991,7
4419466,9.964315918752318,3
4419468,9.978728285556553,2
4419474,9.91719179831517,6
4419479,9.918130535351063,5
4419488,9.80862390613937,9
4419492,9.943292317413595,4
4419503,9.743771417870205,11
4419516,9.711600186878966,13
4419525,9.830419354841819,9
4419532,9.78483074039395,7
4419533,9.992353680677894,1
4419538,9.91608789041659,5
4419547,9.816555671146324,9
4419558,9.753107158173847,11
4419567,9.83602397143511,9
4419575,9.847944406447704,8
4419586,9.661650751984835,11
4419593,9.853583924311025,7
4419601,9.836449727120261,8
4419608,9.867584829033104,7
4419615,9.88281152019273,7
4419620,9.930207197163309,5
4419632,9.756663488698369,12
4419635,9.960986255101615,3
4419649,9.693801273252237,14
4419655,9.894848941863959,6
4419661,9.889173406145561,6
4419666,9.898617634538196,5
4419676,9.710118133914449,10
4419694,9.589491691226112,18
4419702,9.830646629648774,8
4419713,9.806025169656333,11
4419718,9.920485342299626,5
4419726,9.84058771451366,8
4419738,9.743756982692158,12
4419753,9.67175357997754,15
4419763,9.785783379910582,10
4419772,9.85895250614518,9
4419778,9.874252552989159,6
4419787,9.83078101691527,9
4419793,9.921258667933069,6
4419806,9.73720865697211,13
4419818,9.752974348869207,12
4419828,9.82087633835066,10
4419838,9.791289566161042,10
4419842,9.934285993875879,4
4419849,9.891558798251447,7
4419856,9.865418449306427,7
4419870,9.577332704889903,14
4419875,9.919784291573286,5
4419883,9.835442028108424,8
4419899,9.64455826879912,16
4419901,9.974208044221513,2
4419902,9.993104150628465,1
4419915,9.691216263277719,13
4419922,9.862448111196166,7
4419933,9.760260746369422,11
4419941,9.560021079435048,8
4419950,9.824357949676893,9
4419957,9.866267007058449,7
4419963,9.892999425189737,6
4419975,9.70973813129991,12
4419985,9.779555143005794,10
4419993,9.651715457715795,8
4419997,9.942471135893555,4
4420010,9.692157975251666,13
4420018,9.85701318212743,8
4420027,9.80349104645007,9
4420039,9.759091836777515,12
4420050,9.74473228650917,11
4420058,9.818415635765634,8
4420066,9.84963302134781,8
4420067,10.0,1
4420070,9.962812649949887,3
4420076,9.897408588068489,6
4420081,9.911884550691834,5
4420085,9.941356120692578,4
4420094,9.807610601801812,9
4420102,9.854927183724332,8
4420107,9.912015610119099,5
4420113,9.902368868642988,6
4420114,10.0,1
4420125,9.770419841628776,11
4420146,9.58946461992283,21
4420158,9.746421212556653,12
4420219,-8.872191364314256,61
4420225,9.878667452601,6
4420228,9.965754764632768,3
4420229,10.0,1
4420236,9.845101625166151,7
4420247,9.75117607564749,11
4420259,9.733369020857884,12
4420265,9.89125058389931,6
4420275,9.789689348712766,10
4420281,9.888645641807818,6
4420288,9.8697953546821,7
4420300,9.74088295351024,12
4420310,9.799190737932229,10
4420317,9.882644953368601,7
4420318,10.0,1
4420326,9.841376512634842,8
4420342,9.637922930191046,16
4420354,9.739323343973414,12
4420364,9.776322866367865,10
4420380,9.651108130051014,16
4420395,9.7425002033713,15
4420405,9.777180380733558,10
4420412,9.881495210478956,7
4420422,9.833595932878666,10
4420435,9.712348722717174,13
4420447,9.774320656760057,12
4420449,9.971741627742276,2
4420450,10.0,1
4420459,9.81616293444753,9
4420462,9.954900834787358,3
4420471,9.81077605659362,9
4420486,9.689715854155798,15
4420499,9.70592506439027,13
4420509,9.805190021858003,10
4420514,9.907810205132392,5
4420524,9.78287639204098,10
4420542,9.632292318823595,18
4420552,9.795777054128262,10
4420554,9.97078669273093,2
4420565,9.780495828515704,11
4420573,9.836920606369263,8
4420584,9.772288773442293,11
4420593,9.8125857115217,9
4420606,9.720337408884571,13
4420607,10.0,1
4420613,9.885982814592133,6
4420625,9.712841747507964,12
4420626,10.0,1
4420627,10.0,1
4420636,9.816045473338242,9
4420646,9.793939718243852,10
4420656,9.81572281043437,10
4420668,9.742565371951425,12
4420676,9.853646182321484,8
4420683,9.865200980476809,7
4420693,9.787048599004295,10
4420703,9.78311153036759,10
4420709,9.909443531827725,6
4420710,9.989794794646468,1
4420725,9.655917979959233,15
4420736,9.761502847701415,11
4420740,9.954082252700745,4
4420745,9.924196084498494,5
4420753,9.857986042716288,8
4420760,9.872210955166398,7
4420761,10.0,1
4420773,9.743570048286086,12
4420785,9.714029164358854,12
4420791,9.889129092328556,6
4420793,9.977585738897048,2
4420811,9.630576763212515,18
4420812,10.0,1
4420814,9.971274598604856,2
4420820,9.685969843456864,6
4420829,9.816086640614362,9
4420830,10.0,1
4420834,9.9371773800434,4
4420835,10.0,1
4420836,10.0,1
4420842,9.905624937200036,6
4420855,9.72853283600137,13
4420863,9.852391974891283,8
4420877,9.672808525873034,14
4420881,9.932388258926412,4
4420890,9.847977961533573,9
4420907,9.631746195962695,17
4420908,10.0,1
4420909,10.0,1
4420922,9.709823279794708,13
4420935,9.729630132623805,13
4420957,9.563680097120404,22
4420965,9.86048135743559,8
4420976,9.767073825464221,11
4420982,9.89585592552988,6
4420989,9.858450732944638,7
4420991,9.97617791794207,2
4420992,10.0,1
4421002,9.793686663438248,10
4421016,9.699365095932796,14
4421027,9.795054111760276,11
4421029,9.982458188656585,2
4421033,9.840531400523444,4
4421040,9.878635112130917,7
4421044,9.932434644388097,4
4421045,10.0,1
4421056,9.789100475565228,11
4421066,9.806595484455457,10
4421073,9.861457622665876,7
4421079,9.8936548888365,6
4421083,9.952050050675993,4
4421094,9.651316562216474,11
4421097,9.953774435121264,3
4421105,9.841278084364744,8
4421118,9.71615631702817,13
4421129,9.776369682116611,11
4421137,9.812311097898785,8
4421141,9.94391440292121,4
4421145,9.934233389928766,4
4421146,10.0,1
4421169,8.170696483846239,23
4421175,9.89326450206204,6
4421176,10.0,1
4421177,9.996644788843376,1
4421191,9.675783630751937,14
4421195,9.942598295649008,4
4421203,9.84574815839138,8
4421219,9.647485622657245,16
4421235,9.62498485569497,16
4421240,9.89983268216882,5
4421245,9.922920811991116,5
4421246,10.0,1
4421261,9.728685311618966,15
4421274,9.699379604817633,13
4421283,9.820836712924383,9
4421295,9.706780800604884,12
4421305,9.794702394556634,10
4421314,9.795766798018676,9
4421315,9.988670019809241,1
4421324,9.823516747565792,9
4421340,9.669935059411165,16
4421360,9.527170826690847,20
4421367,9.877768739710174,7
4421373,9.882042726793514,6
4421382,9.796998799585205,9
4421394,9.767068591320703,12
4421405,9.73585976546338,11
4421426,9.58019280893155,21
4421441,9.758984175926086,15
4421450,9.609623777137589,9
4421459,9.792780133999218,9
4421476,9.55343474660053,17
4421483,9.870595824542043,7
4421485,9.976616269476938,2
4421498,9.704357193446764,13
4421512,9.704155849218521,14
4421521,9.75667248497349,9
4421527,9.899501271132888,6
4421531,9.941585446421994,4
4421542,9.792803420006985,11
4421552,9.785864321247402,10
4421555,9.957352057012882,3
4421559,9.944825555964796,4
4421565,9.902334233267652,6
4421577,9.74406403987444,12
4421586,9.816951934766063,9
4421596,9.78421044420233,10
4421617,9.490896648514378,21
4421627,9.784311575147582,10
4421631,9.944444514188572,4
4421632,10.0,1
4421637,9.904645813156996,5
4421656,9.589034674443944,19
4421657,10.0,1
4421662,9.911645496478025,5
4421670,9.851288811675943,8
4421671,10.0,1
4421679,9.875779513450908,8
4421689,9.828873029151305,10
4421696,9.865116455989321,7
4421704,9.874669206255945,8
4421709,9.818255429797272,5
4421725,9.630382762758744,16
4421736,9.756065815188942,11
4421748,9.734139597134186,12
4421752,9.92776769276552,4
4421762,9.78720408773407,10
4421763,9.98768076190874,1
4421771,9.851978808962091,8
4421781,9.796540323787305,10
4421792,9.749141469192212,11
4421797,9.914886952707791,5
4421798,10.0,1
4421801,9.956905197740598,3
4421812,9.76197658633387,11
4421825,9.741099678695479,13
4421835,9.792902715727264,10
4421843,9.84795172267082,8
4421844,10.0,1
4421862,9.567967478269347,18
4421872,9.58848517318269,10
4421876,9.938570506644027,4
4421881,9.914283757088473,5
4421884,9.958553160575326,3
4421894,9.79060512443536,10
4421906,9.641510901161508,12
4421917,9.649927624313776,11
4421925,9.84571764207165,8
4421933,9.836500277699217,8
4421945,9.763159431763398,12
4421954,9.84709027430543,9
4421963,9.815593332608817,9
4421972,9.821728033017633,9
4421977,9.911346653924257,5
4421982,9.914992439743132,5
4421988,9.904936786257712,6
4421998,9.792024741632904,10
4422004,9.884912879630983,6
4422005,10.0,1
4422014,9.80638981333621,9
4422015,10.0,1
4422021,9.878125286351997,6
4422031,9.799762556439358,10
4422045,9.718736628383056,14
4422058,9.726208882970303,13
4422070,9.760515410898362,12
4422082,9.734301499179205,12
4422089,9.850329785212411,7
4422104,9.64239680782953,15
4422109,9.926369038495091,5
4422116,9.887534251153564,7
4422125,9.796227854856074,9
4422135,9.786872951753484,10
4422136,10.0,1
4422142,9.910173524501648,6
4422147,9.907439710320684,5
4422159,9.787100969726723,12
4422173,9.671328758809711,14
4422180,9.876448346239291,7
4422186,9.68344914252018,6
4422193,9.850719736058657,7
4422198,9.907670057922813,5
4422205,9.895262240575502,7
4422213,9.844075906789143,8
4422226,9.426858010017655,13
4422238,9.722942161119864,12
4422243,9.922403101445951,5
4422246,9.960774984398373,3
4422247,10.0,1
4422248,10.0,1
4422261,9.682153974049463,13
4422266,9.911572060818083,5
4422277,9.741594853099713,11
4422282,9.902218202750177,5
4422290,9.654728385839107,8
4422291,10.0,1
4422301,9.785515591825277,10
4422317,9.631010953942015,16
4422322,9.923002517904745,5
4422326,9.94094258077167,4
4422337,9.749184939531702,11
4422346,9.826306027249485,9
4422360,9.326273397551665,14
4422361,10.0,1
4422371,9.777977924698263,10
4422381,9.796071071688207,10
4422382,10.0,1
4422390,9.853436655343032,8
4422400,9.807927904214313,10
4422411,9.750193135425963,11
4422423,9.736843576757941,12
4422428,9.926515409370388,5
4422440,9.74737009452661,12
4422442,9.984711181483123,2
4422443,10.0,1
4422448,9.921009337814858,5
4422449,10.0,1
4422456,9.885228378033645,7
4422466,9.807824540373613,10
4422477,9.765601923122555,11
4422483,9.901339873362557,6
4422496,9.72109082443736,13
4422505,9.831748135837845,9
4422517,9.755468518439995,12
4422529,9.741638160627943,12
4422538,9.860165101882401,9
4422544,9.89032181370937,6
4422555,9.761038383402573,11
4422567,9.737634470357026,12
4422572,9.929370374298943,5
4422578,9.88889078266123,6
4422585,9.862397439862487,7
4422590,9.9171718757866,5
4422595,9.922761669243414,5
4422604,9.794608459882713,9
4422609,9.915343287523472,5
4422614,9.926289801844954,5
4422623,9.811302406263605,9
4422632,9.811192252753148,9
4422640,9.840421235785461,8
4422650,9.806570612607484,10
4422651,10.0,1
4422654,9.964753755084724,3
4422655,10.0,1
4422669,9.689379405990522,14
4422670,10.0,1
4422676,9.89866025832349,6
4422681,9.926173631764406,5
4422683,9.977985776047039,2
4422684,10.0,1
4422697,9.711847878884548,13
4422711,9.684393141056352,14
4422728,9.517773628036686,17
4422734,9.88289416856844,6
4422737,9.962931907369999,3
4422740,9.960907441148168,3
4422745,9.916612136758717,5
4422757,9.725562792070914,12
4422762,9.926928894966489,5
4422773,9.772111151118601,11
4422783,9.774943474988106,10
4422789,9.897568787131089,6
4422790,9.988460754855577,1
4422793,9.946193768467653,3
4422801,9.82704250434542,8
4422805,9.945874415400597,4
4422811,9.91851696752811,6
4422824,9.708395325477925,13
4422842,9.456487808979519,18
4422848,9.90676248315064,6
4422854,9.882969686900921,6
4422866,9.749025462651966,12
4422878,9.726369466661765,12
4422887,9.822391638971661,9
4422896,9.85784419666896,9
4422902,9.887907671705713,6
4422903,10.0,1
4422914,9.77496356110252,11
4422926,9.756572945561334,12
4422935,9.804626248944748,9
4422939,9.923814393576848,4
4422947,9.848396668772898,8
4422954,9.862746721023898,7
4422964,9.781981550034178,10
4422971,9.86455158085575,7
4422972,10.0,1
4422978,9.897178405761592,6
4422990,9.743952835922288,12
4423002,9.730692576380601,12
4423015,9.692245219018492,13
4423016,10.0,1
4423017,10.0,1
4423020,9.959912241527947,3
4423031,9.744686755427953,11
4423034,9.962047662543265,3
4423038,9.936295269971582,4
4423047,9.810149433800868,9
4423057,9.804296758798307,10
4423060,9.958178216047681,3
4423066,9.898273114495687,6
4423079,9.52327815163481,13
4423085,9.892831486386862,6
4423086,10.0,1
4423097,9.680506897620832,11
4423103,9.901133365476927,6
4423121,9.64986712628736,18
4423128,9.855996551435915,7
4423135,9.875664581084457,7
4423137,9.978430687553491,2
4423145,9.85833532108044,8
4423151,9.812553411869011,6
4423152,10.0,1
4423161,9.827445754856708,9
4423170,9.819432360154387,9
4423178,9.864123610146228,8
4423179,10.0,1
4423183,9.930817158684807,4
4423197,9.67407623429468,14
4423206,9.850429239754137,9
4423218,9.72257383740246,12
4423219,9.988869500170418,1
4423239,9.414359285616122,20
4423250,9.760077570599327,11
4423262,9.746921120822408,12
4423268,9.923851893273822,6
4423276,9.848133071764602,8
4423285,9.813390450476977,9
4423290,9.924254438124727,5
4423298,9.850038640984199,8
4423301,9.96311426745511,3
4423318,9.612568962298251,17
4423327,9.806801393332579,9
4423339,9.729965295499001,12
4423345,9.884165884588278,6
4423356,9.786439021834136,11
4423367,9.790952219553075,11
4423374,9.86866259606704,7
4423383,9.846391173867234,9
4423390,9.849488302475345,7
4423393,9.967015068044104,3
4423397,9.938296033256957,4
4423401,9.940078744343511,4
4423409,9.85503848451604,8
4423418,9.836171430717783,9
4423423,9.91268002435117,5
4423427,9.938375579192474,4
4423430,9.962643932894931,3
4423440,9.780090781142734,10
4423442,9.979506520682502,2
4423452,9.797050280282118,10
4423459,9.862238419333849,7
4423460,9.996527013762966,1
4423468,9.831208271046643,8
4423482,9.657755337926238,14
4423489,9.852593132397661,7
4423495,9.907034925640403,6
4423500,9.912729411631762,5
4423501,10.0,1
4423511,9.782672393794105,10
4423512,10.0,1
4423521,9.820118973950201,9
4423533,9.738434259711873,12
4423540,9.874235706167775,7
4423544,9.931882290038805,4
4423547,9.947367086548232,3
4423558,9.753850344441476,11
4423565,9.856085042630193,7
4423579,9.460702044923668,14
4423587,9.826398289854733,8
4423600,9.70986290069026,13
4423604,9.939803957219185,4
4423605,10.0,1
4423613,9.856446877826754,8
4423621,9.86247560085624,8
4423625,9.94027293257435,4
4423628,9.950569428048524,3
4423640,9.746390990555737,12
4423647,9.872220019193096,7
4423660,9.751537489958109,13
4423675,9.446814191995992,15
4423680,9.9102624026791,5
4423690,9.78592738867292,10
4423700,9.774268139853493,10
4423704,9.948222240346112,4
4423717,9.730300217075419,13
4423729,9.781740439770209,12
4423734,9.927412790153587,5
4423744,9.827413677353006,10
4423745,10.0,1
4423748,9.9596355349758,3
4423759,9.767215856942679,11
4423765,9.89405719267157,6
4423768,9.95377495569393,3
4423777,9.81198028354769,9
4423778,10.0,1
4423785,9.576671240783304,7
4423799,9.713197083832371,14
4423814,9.67817505276328,15
4423818,9.953004660407384,4
4423833,9.66067563110877,15
4423839,9.890056801764379,6
4423849,9.767694891983389,10
4423854,9.901964937997107,5
4423865,9.81467935957934,11
4423869,9.946540978597262,4
4423882,9.728390494526483,13
4423897,9.685088715925666,15
4423910,9.749012278606148,13
4423924,9.5963394854763,14
4423935,9.765193968217494,11
4423942,9.865216927203416,7
4423950,9.82716327525911,8
4423963,9.72196116174655,13
4423971,9.833094507750111,8
4423989,9.547133168305495,18
4423997,9.731584915053208,8
4424002,9.907617452373971,5
4424018,9.637213838044323,16
4424025,9.89013751783848,7
4424034,9.844666582250051,9
4424045,9.674205215081306,11
4424053,9.83242747173612,8
4424068,9.682249386216453,15
4424078,9.770252260800044,10
4424094,9.607465168005424,16
4424098,9.943407507687015,4
4424114,7.2214278837284684,16
4424127,9.697362772562762,13
4424139,9.719930967632813,12
4424147,9.754302166460866,8
4424154,9.855583823928434,7
4424163,9.790528511068207,9
4424168,9.910455548424904,5
4424172,9.941696800361457,4
4424180,9.856524900908475,8
4424192,9.749682027062223,12
4424207,9.69281724295117,15
4424210,9.971149632138134,3
4424218,9.762245800933405,8
4424228,9.797654275493338,10
4424229,10.0,1
4424241,9.735103009012303,12
4424250,9.826984798315891,9
4424265,9.665890044418536,15
4424266,10.0,1
4424270,9.940707037085376,4
4424275,9.91458773415282,5
4424276,10.0,1
4424286,9.790182608076092,10
4424296,9.773649446932486,10
4424307,9.75954434696806,11
4424318,9.77661714143998,11
4424331,9.707257679951287,13
4424336,9.900316132172954,5
4424345,9.82495003167712,9
4424352,9.870991657807206,7
4424367,9.732038817260484,15
4424370,9.966282579214091,3
4424377,9.864672161027583,7
4424385,9.8428476790444,8
4424394,9.84813978226199,9
4424403,9.80854100361853,9
4424404,10.0,1
4424415,9.7777408742641,11
4424419,9.946712045847564,4
4424420,9.992659088290296,1
4424428,9.833387230203964,8
4424439,9.785139052311942,11
4424452,9.691775121719932,13
4424461,9.825081509820322,9
4424468,9.87834248752115,7
4424478,9.799186284423033,10
4424479,10.0,1
4424489,9.781371041373417,10
4424497,9.851513144334799,8
4424507,9.794782141670263,10
4424511,9.947942346500755,4
4424519,9.848079427190179,8
4424525,9.918887874186728,6
4424532,9.883687006035942,7
4424541,9.800100128458425,9
4424548,9.849759778358914,7
4424558,9.788185907058729,10
4424568,9.785271644175893,10
4424575,9.8854972683448,7
4424584,9.824068996800404,9
4424587,9.95116304231301,3
4424597,9.824490788666216,10
4424610,9.720722985516225,13
4424623,9.712559869858076,13
4424635,9.741822450318919,12
4424645,9.820899704128387,10
4424651,9.895136601404147,6
4424653,9.975293492972355,2
4424663,9.794118112602503,10
4424673,9.797981740160742,10
4424679,9.924028248715867,6
4424683,9.930862291348388,4
4424685,9.974508115064458,2
4424697,9.754571922253756,12
4424705,9.890167707804611,8
4424723,9.606977546124883,18
4424735,9.734288134014806,12
4424736,9.992345987994542,1
4424742,9.9000357781161,6
4424746,9.943421171790941,4
4424756,9.770849391525323,10
4424765,9.818522193863966,9
4424772,9.857484717900029,7
4424782,9.795183999049188,10
4424785,9.957955013788222,3
4424790,9.919954701617966,5
4424800,9.787978619650314,10
4424803,9.94844443858533,3
4424815,9.781855009043516,12
4424823,9.840793937623081,8
4424824,10.0,1
4424830,9.903986851812931,6
4424842,9.738696006847608,12
4424849,9.880150561600768,7
4424858,9.816283739939049,9
4424868,9.790707012089861,10
4424877,9.796282662858559,9
4424886,9.821541381783769,9
4424894,9.836220196222481,8
4424901,9.88908732026775,7
4424913,9.72619328955748,12
4424914,10.0,1
4424930,9.495410636597354,16
4424945,9.664749230897792,15
4424956,9.763258049719914,11
4424964,9.849089003344876,8
4424971,9.84590177816051,7
4424978,9.891766604441203,7
4424993,9.672031707985694,15
4424999,9.915304987139898,6
4425011,9.696830441465975,12
4425027,9.626301204035734,16
4425035,9.841349701885466,8
4425038,9.963242993897044,3
4425050,9.74341414414754,12
4425051,10.0,1
4425056,9.927311659179942,5
4425068,9.746394239390401,12
4425085,9.517144080987725,17
4425091,9.89165143808026,6
4425104,9.71229553327045,13
4425119,9.684885467222042,15
4425130,9.799877367415947,11
4425131,10.0,1
4425143,9.770752275165572,12
4425153,9.823975092484137,10
4425166,9.762093705336333,13
4425175,9.793859475337467,9
4425183,9.862561110403357,8
4425188,9.905844900708585,5
4425193,9.92033920351827,5
4425202,9.812485240331023,9
4425203,10.0,1
4425211,9.850024776178628,8
4425221,9.806465585138739,10
4425226,9.923019170150488,5
4425232,9.887468710116066,6
4425242,9.786780354085586,10
4425251,9.799660465690172,9
4425260,9.812931211828147,9
4425263,9.948648312910123,3
4425276,9.68599434948321,13
4425282,9.904276824890841,6
4425290,9.864937812850076,8
4425299,9.83495601387486,9
4425304,9.908043358719464,5
4425307,9.95970860304541,3
4425315,9.666274467563152,8
4425323,9.834671830935196,8
4425332,9.84248771025765,9
4425335,9.965906824438198,3
4425336,10.0,1
4425343,9.858142576875895,7
4425354,9.771143571603021,11
4425357,9.951745122685269,3
4425362,9.906163651798815,5
4425370,9.849375012826298,8
4425374,9.943469181056793,4
4425381,9.863206765506956,7
4425382,10.0,1
4425390,9.838652859174164,8
4425403,9.70975433276702,13
4425415,9.74816028524714,12
4425428,9.759487507205446,13
4425433,9.910433114457469,5
4425434,10.0,1
4425445,9.754447611422048,11
4425453,9.85653505785153,8
4425458,9.907153637189513,5
4425462,9.93859467567898,4
4425473,9.789619896327833,11
4425474,10.0,1
4425480,9.873051273627507,6
4425491,9.765934844970234,11
4425502,9.765100541901843,11
4425511,9.852571485224646,9
4425524,9.709317473527161,13
4425533,9.833458728999565,9
4425539,9.900477564957423,6
4425540,9.996586640780343,1
4425543,9.955483187012971,3
4425559,9.628221183972265,16
4425560,10.0,1
4425561,10.0,1
4425568,9.876477014851414,7
4425582,9.678972806524238,14
4425601,9.58682041060072,19
4425610,9.796441861202464,9
4425624,9.66002867921803,14
4425642,9.581589780269063,18
4425649,9.777563320075501,7
4425660,9.771458691220262,11
4425671,9.742917082356255,11
4425681,9.777366440539424,10
4425686,9.901898364748508,5
4425701,9.65330914868045,15
4425715,9.676357874160255,14
4425726,9.761755875466871,11
4425730,9.936670719427363,4
4425735,9.916661706884446,5
4425743,9.866411734956323,8
4425758,9.69330768731646,15
4425759,10.0,1
4425771,9.733430332495114,12
4425783,9.721878374881337,12
4425784,10.0,1
4425792,9.854882991890282,8
4425805,9.706054523477944,13
4425824,8.875494608801299,19
4425830,9.898281233348607,6
4425832,9.981129212901221,2
4425836,9.936376496500653,4
4425842,9.895242474347361,6
4425854,9.753045268232764,12
4425867,9.727100536121924,13
4425872,9.518978649128343,5
4425878,9.886971836352304,6
4425888,9.80466513095348,10
4425899,9.744414539635125,11
4425908,9.78708218297039,9
4425921,9.708751222345043,13
4425927,9.88047872879761,6
4425930,9.965853672637303,3
4425941,9.67231734970621,11
4425947,9.916799562171837,6
4425958,9.756962168954187,11
4425960,9.975264637330925,2
4425971,9.776485617125687,11
4425987,9.554825279583822,16
4425998,9.771915171560819,11
4426005,9.844640669692023,7
4426012,9.884786924131982,7
4426015,9.961662471445914,3
4426023,9.869266158423041,8
4426033,9.809780750858742,10
4426043,9.797865277895532,10
4426047,9.947535657759483,4
4426055,9.868088380480469,8
4426065,9.80368783747103,10
4426075,9.780143525766862,10
4426077,9.984978947341613,2
4426087,9.793162846285664,10
4426091,9.924621705938918,4
4426092,9.993109658213566,1
4426102,9.802167654892198,10
4426104,9.974728414227226,2
4426108,9.940595880970292,4
4426113,9.914627367115937,5
4426121,9.848877304416158,8
4426124,9.965827591857446,3
4426135,9.548858834699724,11
4426146,9.792456932856632,11
4426162,9.366614457475983,16
4426168,9.878792784371315,6
4426176,9.83778748044809,8
4426184,9.87450627210567,8
4426190,9.892143760096564,6
4426203,9.694642249118004,13
4426205,9.972896527276342,2
4426209,9.92726074486128,4
4426220,9.770638851287728,11
4426229,9.808954209701659,9
4426244,9.660328920543225,15
4426249,9.919229905738394,5
4426260,9.743392724691937,11
4426268,9.8332220101444,8
4426273,9.905866644490137,5
4426276,9.967444903547126,3
4426281,9.915490063570175,5
4426293,9.769884198406817,12
4426305,9.724613116508504,12
4426306,10.0,1
4426316,9.810037795567036,10
4426332,9.665783249876352,16
4426347,9.666961761144316,15
4426356,9.834433226768354,9
4426359,9.951070962189231,3
4426362,9.958374437388906,3
4426375,9.733246463174284,13
4426384,9.822754468759614,9
4426389,9.910578456935045,5
4426397,9.857691395984272,8
4426402,9.919281581199488,5
4426403,10.0,1
4426405,9.974389397874496,2
4426415,9.802218255843574,10
4426423,9.835562252618223,8
4426438,9.662171845522016,15
4426450,9.77020342568492,12
4426458,9.851558990329186,8
4426466,9.861133498323401,8
4426475,9.843231340278729,9
4426486,9.740819027636386,11
4426492,9.889522930412166,6
4426498,9.918365345421446,6
4426499,10.0,1
4426505,9.899334810366264,6
4426508,9.969492778212233,3
4426514,9.896872417567899,6
4426522,9.846499662872624,8
4426535,9.704231420467954,13
4426543,9.843452781964611,8
4426555,9.750839175673619,12
4426559,9.943447460593081,4
4426561,9.984003328434339,2
4426573,9.730474289495877,12
4426585,9.740721301875542,12
4426599,9.710555615855236,14
4426611,9.737091821006482,12
4426623,9.71869499312564,12
4426628,9.911400682119726,5
4426633,9.922558783640474,5
4426644,9.770813268558406,11
4426649,9.910573669772642,5
4426655,9.8899296201229,6
4426665,9.77982534581825,10
4426667,9.973156515776893,2
4426668,10.0,1
4426672,9.936811040739869,4
4426675,9.958054871713411,3
4426682,9.87620751720388,7
4426693,9.770274962097464,11
4426699,9.895914204616233,6
4426710,9.7539660299586,11
4426717,9.889075615064097,7
4426729,9.74410191485999,12
4426745,9.553094056016914,16
4426751,9.906799175719923,6
4426762,9.780996567123932,11
4426771,9.84206699164456,9
4426783,9.751626501193648,12
4426792,9.806173311617723,9
4426798,9.901215038867903,6
4426808,9.777136518252618,10
4426814,9.899640074031764,6
4426827,9.715809127752795,13
4426831,9.945492833073638,4
4426835,9.943811555784995,4
4426843,9.829052220673992,8
4426850,9.763661284770116,7
4426855,9.918121565856758,5
4426859,9.93567045294213,4
4426872,9.71912909802453,13
4426885,9.742323078129228,13
4426894,9.816843307657658,9
4426903,9.846762541824772,9
4426913,9.789653748980829,10
4426922,9.820982821355644,9
4426927,9.930084583496875,5
4426937,9.792319862816113,10
4426944,9.886297889425357,7
4426949,9.913003383874347,5
4426957,9.86451752947219,8
4426964,9.846365398012207,7
4426978,9.665254598359226,14
4426982,9.9321077806552,4
4426993,9.785605179692233,11
4426994,9.987977782492887,1
4426999,9.914374400892427,5
4427009,9.787054436993113,10
4427016,9.878895418852032,7
4427030,9.686124594516372,14
4427042,9.760835210078021,12
4427044,9.975857805768527,2
4427053,9.816976052800873,9
4427059,9.912171742946477,6
4427071,9.780338243682442,12
4427084,9.696705787038397,13
4427090,9.89536120724077,6
4427098,9.833535542548152,8
4427108,9.78133427519039,10
4427119,9.769834746835963,11
4427133,9.704165408233328,14
4427148,9.684763059112608,15
4427157,9.823643577025525,9
4427172,9.668249049814644,15
4427180,9.681630095168035,8
4427181,10.0,1
4427182,10.0,1
4427187,9.908994384564787,5
4427200,9.727899549609786,13
4427207,9.889211576056985,7
4427214,9.87700253768598,7
4427225,9.788228460342426,11
4427229,9.947346407554843,4
4427245,9.607874555579798,16
4427246,9.996663997720576,1
4427249,9.963001278096085,3
4427251,9.973123744888543,2
4427263,9.730017889267385,12
4427279,9.616491617112644,16
4427292,9.719004376802372,13
4427301,9.805334390260821,9
4427307,9.899385284568694,6
4427313,9.888257824234536,6
4427326,9.708274327688937,13
4427329,9.964006574097102,3
4427334,9.906597979705804,5
4427343,9.790439040154636,9
4427349,9.88646858359565,6
4427360,9.774172700068984,11
4427369,9.795614987807735,9
4427370,10.0,1
4427375,9.923001227836027,5
4427380,9.916011953383402,5
4427395,9.63632796568302,15
4427406,9.741426830813726,11
4427408,9.97185638191112,2
4427415,9.853980361069977,7
4427426,9.77748831810938,11
4427431,9.896144338993377,5
4427441,9.769457126367737,10
4427451,9.783624591761097,10
4427461,9.774767121814701,10
4427469,9.848917718219672,8
4427480,9.785461274518632,11
4427488,9.829885554169962,8
4427493,9.919173212183733,5
4427504,9.763215463430429,11
4427515,9.784109039770922,11
4427530,9.683726241154014,15
4427539,9.839731961300076,9
4427547,9.875875092498351,8
4427554,9.86410226695913,7
4427564,9.77852328300544,10
4427573,9.8165606993164,9
4427583,9.772262171994315,10
4427587,9.933292312279715,4
4427601,9.661250160969498,14
4427609,9.860415501689355,8
4427620,9.740219953062518,11
4427622,9.969214622560596,2
4427632,9.774345238297187,10
4427640,9.847904416755545,8
4427654,9.673070465520277,14
4427658,9.92460309237611,4
4427659,10.0,1
4427662,9.951057460358433,3
4427663,10.0,1
4427668,9.912741343464608,5
4427675,9.865781827703984,7
4427685,9.78314028988229,10
4427700,9.66526822044972,15
4427709,9.821151599984569,9
4427710,10.0,1
4427717,9.846415352662587,7
4427735,9.5738420458225,18
4427736,10.0,1
4427749,9.686447767564124,13
4427753,9.948471672457737,4
4427756,9.964495676022223,3
4427764,9.861721415131601,8
4427787,9.489278995654312,23
4427798,9.779226242658455,11
4427803,9.910690301226161,5
4427809,9.919695068445234,6
4427823,9.694933407573457,14
4427835,9.748317494353287,12
4427840,9.908603442644466,5
4427856,9.663144434427474,16
4427866,9.783986302061772,10
4427872,9.923867282822753,6
4427882,9.786813143460176,10
4427895,9.750895303612413,13
4427896,10.0,1
4427912,9.64602330855799,16
4427923,9.754910526249514,11
4427932,9.817049442012177,9
4427944,9.739393328981622,12
4427954,9.814853597794285,10
4427963,9.794973854497135,9
4427964,10.0,1
4427968,9.944131934347054,4
4427973,9.92063180568498,5
4427984,9.766136565725985,11
4427997,9.729871299726499,13
4428009,9.737293251322082,12
4428012,9.951382872083789,3
4428021,9.72740445998776,9
4428034,9.74258985737268,13
4428048,9.703341453164219,14
4428062,9.706663224939902,14
4428073,9.752402961057648,11
4428082,9.843423797075536,9
4428091,9.819194663300332,9
4428093,9.976666268994423,2
4428107,9.67610744795347,14
4428111,9.746390179667761,4
4428122,9.769511796975015,11
4428155,8.409700554754844,33
4428156,9.996170562408595,1
4428165,9.819530046890625,9
4428185,9.552122880249122,20
4428198,9.716101698329624,13
4428201,9.949842963295428,3
4428211,9.797902459933342,10
4428224,9.74399196425294,13
4428229,9.924806080300677,5
4428234,9.899956534068629,5
4428236,9.969508557629492,2
4428244,9.82143471643511,8
4428271,9.362572236207747,27
4428272,10.0,1
4428273,10.0,1
4428280,9.873958949316933,7
4428282,9.981274770260894,2
4428284,9.974996712882753,2
4428294,9.788282978786002,10
4428295,10.0,1
4428300,9.922785566091669,5
4428301,10.0,1
4428304,9.965826085307368,3
4428312,9.869399985598145,8
4428326,9.684359707575982,14
4428337,9.752867089152872,11
4428338,9.98685346565117,1
4428345,9.87046176640081,7
4428354,9.839403766151008,9
4428364,9.593137526841689,10
4428376,9.726288531162933,12
4428381,9.928293033092578,5
4428393,9.625835342733634,12
4428402,9.85500110660798,9
4428407,9.9140377622187,5
4428413,9.896125743002528,6
4428431,9.569839862670642,18
4428443,9.769807191356659,12
4428452,9.82441023211249,9
4428462,9.791343148913462,10
4428475,9.71952723830045,13
4428486,9.763316361679376,11
4428494,9.84587647771924,8
4428510,9.541044620359468,16
4428524,9.729271501966064,14
4428534,9.792080924556235,10
4428544,9.791163831518743,10
4428555,9.777172504984327,11
4428556,10.0,1
4428562,9.884103364151313,6
4428567,9.909964713376825,5
4428576,9.807677329844656,9
4428586,9.788842956872376,10
4428601,9.678699109564286,15
4428604,9.967876158434752,3
4428612,9.835437701239504,8
4428614,9.976111943871617,2
4428619,9.933453088223468,5
4428621,9.974636336045052,2
4428633,9.73676727512353,12
4428634,10.0,1
4428639,9.91582418807622,5
4428651,9.74057613143714,12
4428661,9.821074136360828,10
4428667,9.903649721483434,6
4428676,9.833100715135044,9
4428686,9.812481618561085,10
4428698,9.758882201561127,12
4428707,9.802383019223077,9
4428717,9.78294097407462,10
4428719,9.977826829442892,2
4428724,9.914956140630277,5
4428733,9.821704601925118,9
4428740,9.865033673119987,7
4428748,9.882473869113372,8
4428754,9.896245497170186,6
4428760,9.89899733235493,6
4428770,9.783049094574112,10
4428785,9.620541839186364,15
4428792,9.878982957982524,7
4428811,9.573965256140118,19
4428817,9.873157804387683,6
4428831,9.725192634767874,14
4428846,9.680897625253655,15
4428854,9.835698989547394,8
4428858,9.929116136419456,4
4428864,9.891878796506996,6
4428871,9.864910372170623,7
4428878,9.846035074847723,7
4428896,9.63247332947675,18
4428897,10.0,1
4428901,9.946963639207548,4
4428903,9.984920978276996,2
4428908,9.9184750425195,5
4428920,9.636476914900118,12
4428924,9.932198917298496,4
4428937,9.773599579144914,13
4428942,9.91645338551105,5
4428949,9.870376200522818,7
4428955,9.902756926974737,6
4428960,9.92579388443002,5
4428969,9.797917587664493,9
4428979,9.797371772921242,10
4428987,9.84085134667468,8
4429004,9.625638363817991,17
4429013,9.841754372331764,9
4429016,9.959768558082963,3
4429017,10.0,1
4429031,9.669147095019484,14
4429043,9.7297644938629,12
4429059,9.605504821764274,16
4429074,9.632408544861901,15
4429075,10.0,1
4429084,9.840563799881739,9
4429095,9.766863266356525,11
4429108,9.71460282938263,13
4429117,9.79755508293558,9
4429128,9.761944850003047,11
4429138,9.775959753097586,10
4429144,9.918123240544436,6
4429152,9.860684247766969,8
4429166,9.690911129539936,14
4429180,9.702635724955282,14
4429188,9.849504762709952,8
4429196,9.83239497897147,8
4429208,9.732940977994208,12
4429218,9.776209884124004,10
4429226,9.851833269259757,8
4429244,9.592039947417831,18
4429246,9.981793950500395,2
4429253,9.859888588687616,7
4429263,9.810797645776255,10
4429267,9.94026507947434,4
4429281,9.659467629170388,14
4429289,9.867030070330273,8
4429294,9.728272470512994,5
4429307,9.71410453924215,13
4429313,9.899952533810161,6
4429323,9.796641976994277,10
4429335,9.74256750478676,12
4429341,9.888356852729123,6
4429346,9.91780744968665,5
4429356,9.800318043895645,10
4429360,9.944758761446364,4
4429370,9.797313626863726,10
4429379,9.817782579366948,9
4429391,9.764199728135166,12
4429406,9.675897466750708,15
4429415,9.832316762881307,9
4429419,9.93883408595354,4
4429431,9.745314261573343,12
4429436,9.910970796538814,5
4429443,9.897985743332306,7
4429456,9.712182064923487,13
4429460,9.947527292389552,4
4429465,9.917753823289239,5
4429470,9.905770168054188,5
4429477,9.857944580574806,7
4429487,9.778663784720967,10
4429498,9.755510613250342,11
4429503,9.908561037041341,5
4429514,9.7850414741443,11
4429529,9.66186572247972,15
4429543,9.488588001751987,14
4429555,9.771607864230795,12
4429559,9.939038911105031,4
4429570,9.752261611357394,11
4429580,9.84977042700393,10
4429587,9.86934945887055,7
4429593,9.882627805496162,6
4429606,9.723684370188568,13
4429629,6.924496632151073,23
4429649,9.592350557320788,20
4429650,10.0,1
4429660,9.785705184476182,10
4429667,9.882258067303606,7
4429671,9.947523537405221,4
4429679,9.829690323852029,8
4429685,9.897495636712152,6
4429691,9.894668382265683,6
4429700,9.842472158726213,9
4429701,10.0,1
4429705,9.932082731093486,4
4429717,9.747296021417709,12
4429725,9.839422082316394,8
4429740,9.674759210959156,15
4429744,9.935771151391238,4
4429749,9.898383180262613,5
4429754,9.925278500049796,5
4429760,9.904585926484318,6
4429770,9.82166191610989,10
4429781,9.755099108717312,11
4429788,9.88032354449933,7
4429806,9.563735426138168,18
4429812,9.899518116103526,6
4429821,9.815261680031869,9
4429822,10.0,1
4429837,9.758214580147275,15
4429849,9.739045997966183,12
4429859,9.80048024314355,10
4429863,9.942904096148801,4
4429875,9.75360934187098,12
4429885,9.782172480277676,10
4429897,9.719815810808678,12
4429907,9.310880791380242,10
4429915,9.870477092504395,8
4429927,9.752633320851666,12
4429944,9.496873125298409,17
4429948,9.936886430368046,4
4429960,9.736958860380032,12
4429961,10.0,1
4429973,9.744084673819916,12
4429984,9.75579280089944,11
4429992,9.837693238696591,8
4430002,9.769413745757747,10
4430006,9.931071072964166,4
4430014,9.84080435741063,8
4430017,9.965124585980472,3
4430023,9.894343281805678,6
4430032,9.825479197804473,9
4430037,9.903789749086469,5
4430049,8.800374415134257,12
4430061,9.739211778127162,12
4430077,9.537672656656284,16
4430091,9.697111816923938,14
4430101,9.772195595852523,10
4430110,9.797112151171023,9
4430114,9.936834128571583,4
4430125,9.762772855215736,11
4430139,9.702544200769779,14
4430141,9.970562664714045,2
4430148,9.855108998859496,7
4430157,9.818078096807254,9
4430168,9.768846128780957,11
4430182,9.717298695327477,14
4430190,9.839427393421285,8
4430200,9.789239470768782,10
4430201,10.0,1
4430207,9.89976862470298,6
4430212,9.929017374362006,5
4430222,9.800892783203844,10
4430231,9.831880340437833,9
4430236,9.819563970542294,5
4430245,9.811686600365604,9
4430246,10.0,1
4430255,9.824898267955323,9
4430256,10.0,1
4430262,9.91234938010743,6
4430263,10.0,1
4430277,9.676602562664868,14
4430288,9.740864188552749,11
4430294,9.880506368245925,6
4430306,9.75032305917497,12
4430323,9.63547983204601,17
4430332,9.80889068830549,9
4430347,9.671435515569394,15
4430359,9.74023201437024,12
4430371,9.724067028991067,12
4430377,9.892573905891823,6
4430383,9.903865301028272,6
4430393,9.816155427809553,10
4430407,9.706522350762604,14
4430417,9.783826466386627,10
4430426,9.807418120987437,9
4430436,9.79769803100754,10
4430445,9.81761584854824,9
4430452,9.856920285880603,7
4430463,9.770149661670985,11
4430469,9.875836118870472,6
4430474,9.928106976924187,5
4430486,9.733699903616063,12
4430491,9.902280219597765,5
4430495,9.944034215986905,4
4430506,9.800867511539689,11
4430514,9.856722577553958,8
4430526,9.771161283028562,12
4430532,9.782957416423642,6
4430543,9.754383046446629,11
4430550,9.871703465764918,7
4430564,9.670825456586158,14
4430568,9.930255240421461,4
4430577,9.786285881789498,9
4430581,9.951745955848041,4
4430589,9.823750746806109,8
4430590,10.0,1
4430595,9.915448123635299,5
4430598,9.953504456985373,3
4430599,10.0,1
4430612,9.725643022843684,13
4430621,9.823989833249833,9
4430632,9.66656484110937,11
4430641,9.81143735958335,9
4430647,9.91311946934677,6
4430651,9.935605373866613,4
4430653,9.982593539808882,2
4430655,9.980682742027918,2
4430663,9.863329106009527,8
4430681,9.637874643942444,18
4430697,9.623426373910364,16
4430712,9.6443016866439,15
4430722,9.823326727110135,10
4430732,9.800173294572131,10
4430738,9.796761914625884,6
4430742,9.942509897068764,4
4430747,9.821593351668234,5
4430756,9.809274961865649,9
4430762,9.580717586109682,6
4430774,9.730992079107493,12
4430789,9.65644068244906,15
4430796,9.880074939661258,7
4430803,9.862772210549103,7
4430807,9.941408803926477,4
4430808,10.0,1
4430818,9.600831487962552,10
4430827,9.824004276750959,9
4430839,9.737190787247384,12
4430853,9.721980891901637,14
4430857,9.93908592533264,4
4430865,9.865032586575298,8
4430876,9.768307917869816,11
4430889,9.668874299793245,13
4430895,9.900863931390278,6
4430899,9.94235986553171,4
4430900,10.0,1
4430913,9.708084552735455,13
4430925,9.743532498186674,12
4430932,9.870908391999697,7
4430946,9.690681506273283,14
4430953,9.868680573771574,7
4430962,9.826876120727679,9
4430975,9.705752173850978,13
4430978,9.973697969926654,3
4430979,10.0,1
4430982,9.966537162723021,3
4430992,9.79233511949511,10
4431002,9.810156993236621,10
4431007,9.902936206499776,5
4431013,9.882859109879387,6
4431019,9.900569303552794,6
4431041,9.51047832898453,22
4431053,9.775095855212003,12
4431065,9.818771735615138,12
4431081,9.665683093731525,16
4431092,9.845207562833492,11
4431096,9.940385054628937,4
4431100,9.94091141362308,4
4431107,9.883124369367179,7
4431108,10.0,1
4431116,9.851346828454679,8
4431126,9.783442266668805,10
4431141,9.651933738066525,15
4431160,9.557931770825304,19
4431167,9.852729389242793,7
4431174,9.8382828822614,7
4431181,9.869866043697508,7
4431207,6.657391682235886,26
4431218,9.769323742141216,11
4431224,9.900279170858377,6
4431230,9.908388259524878,6
4431247,9.571033034934743,17
4431261,9.656495884279758,14
4431264,9.94921991741139,3
4431275,9.769280037019598,11
4431277,9.975476661757932,2
4431282,9.908551852394984,5
4431288,9.905690368588298,6
4431296,9.858473532602035,8
4431307,9.797401362893492,11
4431319,9.746385910660052,12
4431323,9.951131248537118,4
4431326,9.961995594516528,3
4431330,9.953424002394362,4
4431339,9.855369886520009,9
4431340,9.996651798146303,1
4431355,9.652426236857643,15
4431364,9.831979696857186,9
4431374,9.791125295283049,10
4431380,9.909977282074669,6
4431385,9.910791783074835,5
4431397,9.777408343995955,12
4431420,9.489613710641818,23
4431433,9.70883607390109,13
4431446,9.761122192473923,13
4431455,9.692749930028802,9
4431473,9.462642256114131,18
4431479,9.898032323851274,6
4431481,9.979138638795755,2
4431483,9.983722144327679,2
4431499,9.594568336304913,16
4431511,9.766179269863377,12
4431512,10.0,1
4431527,9.656707453531105,15
4431531,9.926100908385239,4
4431538,9.868733046128154,7
4431541,9.963921787653906,3
4431552,9.768602646960604,11
4431553,9.98907516241729,1
4431557,9.937034365372694,4
4431565,9.849119039610455,8
4431573,9.83042585593268,8
4431582,9.846293646483234,9
4431585,9.963702201405905,3
4431599,9.660615916161408,14
4431607,9.834936969938562,8
4431612,9.909980706859665,5
4431625,9.726493942162552,13
4431630,9.914011859051664,5
4431643,9.711815712133282,13
4431650,9.864140795413167,7
4431652,9.971818944826133,2
4431660,9.83315620340323,8
4431672,9.733313178236648,12
4431678,9.904425106942526,6
4431704,7.164790642307786,26
4431714,9.778236416988673,10
4431727,9.722897026030957,13
4431738,9.752622902710236,11
4431744,9.875219048839188,6
4431746,9.978330091540125,2
4431754,9.856460861151774,8
4431765,9.558505679883574,11
4431771,9.906735358944578,6
4431789,9.539265103347635,18
4431799,9.779212418167898,10
4431802,9.9553595477585,3
4431810,9.827027711743991,8
4431819,9.799781850585653,9
4431830,9.772334093992463,11
4431837,9.885822632694506,7
4431843,9.896253763665769,6
4431844,10.0,1
4431847,9.958229954251692,3
4431855,9.829668972990826,8
4431861,9.881975756717802,6
4431872,9.757490140900746,11
4431879,9.890396248257057,7
4431888,9.825159358147689,9
4431894,9.872583598782825,6
4431897,9.962419620792943,3
4431901,9.94104969112943,4
4431902,10.0,1
4431904,9.97788531915899,2
4431920,9.629575056837465,16
4431933,9.697795395023315,13
4431936,9.966427803119226,3
4431937,10.0,1
4431944,9.873015518502168,7
4431950,9.889861303698476,6
4431957,9.882306215569784,7
4431970,9.704301924519378,13
4431975,9.919886670867564,5
4431988,9.715246288943828,13
4431997,9.812203137175112,9
4432001,9.94683595610754,4
4432015,9.662248348842335,14
4432016,10.0,1
4432026,9.591193954541001,10
4432035,9.817419142005727,9
4432039,9.92098135572332,4
4432049,9.774252424810975,10
4432056,9.868896506587063,7
4432069,9.726316277166099,13
4432081,9.731492569238974,12
4432088,9.863727388075093,7
4432093,9.905404068409412,5
4432099,9.881641511460403,6
4432109,9.798239788182615,10
4432119,9.808124457273893,10
4432129,9.786714257790466,10
4432132,9.96854531500565,3
4432137,9.923412349142378,5
4432138,10.0,1
4432148,9.788892844140017,10
4432152,9.924262339402896,4
4432158,9.892413165277292,6
4432162,9.950244852653237,4
4432179,9.594529402225476,17
4432191,9.745100198704355,12
4432200,9.781530806668968,9
4432201,10.0,1
4432205,9.928471117928773,4
4432208,9.96636665430776,3
4432209,10.0,1
4432217,9.847253321567802,8
4432226,9.814627454501677,9
4432239,9.709028038748453,13
4432248,9.817211977501975,9
4432260,9.74218863125106,12
4432266,9.891316796490383,6
4432272,9.886897859799404,6
4432280,9.845916573070605,8
4432289,9.811793206659662,9
4432297,9.83213546818444,8
4432303,9.898115904400024,6
4432314,9.753919441876036,11
4432320,9.898424837865866,6
4432323,9.970388173546043,3
4432333,9.764551658229147,10
4432340,9.855849076327033,7
4432347,9.869898401871021,7
4432358,9.763074220381172,11
4432371,9.703561726720128,13
4432380,9.808996574199046,9
4432395,9.704247530186086,15
4432416,9.593220514142361,21
4432421,9.928741270695246,5
4432428,9.878356986966107,7
4432431,9.96218929733493,3
4432437,9.901607595110024,6
4432452,9.653990556130292,15
4432470,9.58803363135495,18
4432473,9.954617683663821,3
4432494,9.543204641317754,21
4432503,9.832438155295572,9
4432513,9.797178378313296,10
4432534,9.599256554401997,21
4432544,9.799650279818364,10
4432549,9.920754110857692,5
4432559,9.808870210493666,10
4432563,9.937383515442585,4
4432575,9.731651718193634,12
4432584,9.822114960751577,9
4432594,9.812349086399163,10
4432595,10.0,1
4432606,9.753857321924308,11
4432616,9.797564778498606,10
4432621,9.924092808041845,5
4432635,9.691144400657869,14
4432647,9.719262730577347,12
4432652,9.923947447234074,5
4432661,9.814764331620989,9
4432676,9.664107228068245,15
4432685,9.81601496601535,9
4432691,9.8817947765822,6
4432702,9.758894386606563,11
4432710,9.818478814257192,8
4432711,10.0,1
4432712,10.0,1
4432723,9.754666266135526,11
4432730,9.850250771696867,7
4432741,9.78028630600969,11
4432751,9.785104762390757,10
4432752,9.995783555500898,1
4432760,9.85799206093146,8
4432771,9.779702254245917,11
4432780,9.82852338046835,9
4432786,9.900878542506083,6
4432799,9.709346315880772,13
4432800,9.987655434006893,1
4432805,9.901752161468231,5
4432813,9.861914433129728,8
4432831,9.590265279176029,18
4432837,9.898384086125631,6
4432845,9.853992494658305,8
4432850,9.903709682715455,5
4432851,10.0,1
4432855,9.94608244029996,4
4432866,9.767094405382322,11
4432875,9.805734952885494,9
4432885,9.81429708091447,10
4432892,9.869790141506353,7
4432901,9.825042305392325,9
4432904,9.946652321848525,3
4432912,9.845132831108824,8
4432920,9.83821106185132,8
4432923,9.955253421677611,3
4432931,9.836095983713976,8
4432942,9.768755812433369,11
4432950,9.842156830816833,8
4432957,9.89918157393076,7
4432966,9.815808581565788,9
4432971,9.932437579440425,5
4432985,9.678541002881436,14
4432995,9.809198661903187,10
4432998,9.95103837715425,3
4433012,9.709876816506707,14
4433020,9.850803522388631,8
4433037,9.602992678306594,17
4433046,9.831476066330803,9
4433057,9.78553332199134,11
4433070,9.696758682934645,13
4433079,9.822564216720208,9
4433082,9.945820932788148,3
4433088,9.894026765740822,6
4433095,9.86924747452127,7
4433099,9.935613166056228,4
4433106,9.853988162642,7
4433113,9.872808569028006,7
4433114,10.0,1
4433121,9.868877866336767,7
4433134,9.703793215924724,13
4433141,9.871311807604753,7
4433150,9.841763014704844,9
4433157,9.861302082088521,7
4433165,9.867434590381315,8
4433169,9.93289510282067,4
4433170,9.98959147076605,1
4433183,9.727666252998409,13
4433192,9.809388299943349,9
4433195,9.764105261923348,3
4433207,9.722772527001823,12
4433213,9.883543636037057,6
4433214,10.0,1
4433221,9.870972966452772,7
4433227,9.902086754732862,6
4433234,9.869434983809258,7
4433238,9.928812916710683,4
4433244,9.885123639168354,6
4433254,9.799499406739415,10
4433264,9.758131953218747,10
4433265,10.0,1
4433275,9.8059549848243,10
4433289,9.695852891641362,14
4433297,9.835536662408368,8
4433306,9.80512184279823,9
4433316,9.798169521628537,10
4433328,9.742713328889351,12
4433339,9.764038972462462,11
4433346,9.861741669928282,7
4433354,9.841157910494724,8
4433362,9.838922135254775,8
4433363,10.0,1
4433367,9.941257637691969,4
4433383,9.621180142054431,16
4433390,9.889479480069987,7
4433395,9.932952320653712,5
4433399,9.940860364019738,4
4433406,9.860652378105055,7
4433407,10.0,1
4433416,9.834351535340119,9
4433425,9.788647085849462,9
4433431,9.882837767546436,6
4433440,9.80436624153084,9
4433452,9.785615464880015,12
4433456,9.92989665065169,4
4433462,9.898365822754332,6
4433466,9.930342044855818,4
4433473,9.873865741960342,7
4433483,9.801065213363518,10
4433495,9.78518462837495,12
4433505,9.796452606886813,10
4433517,9.730046401047202,12
4433519,9.980380810159108,2
4433528,9.818484705908531,9
4433541,9.694362381805854,13
4433563,9.507037873533765,22
4433571,9.850028330310794,8
4433575,9.932788231427825,4
4433590,9.64448070903148,15
4433597,9.858086974273737,7
4433604,9.879635149712417,7
4433606,9.981369915935929,2
4433609,9.96722304785389,3
4433620,9.759194303815047,11
4433634,9.671933505355955,14
4433641,9.867809774718092,7
4433644,9.951953446236399,3
4433654,9.80758265555211,10
4433663,9.801878353542357,9
4433675,9.721515845428403,12
4433678,9.956773500912755,3
4433684,9.90210454885246,6
4433687,9.968162132028985,3
4433702,9.72555498692941,15
4433710,9.832819119990766,8
4433722,9.700585360417596,12
4433730,9.839664945445195,8
4433738,9.847952981127726,8
4433756,9.58052815708491,18
4433770,9.671074152365312,14
4433772,9.9736015719004,2
4433777,9.914568138472363,5
4433779,9.976338614992768,2
4433794,9.64652033973455,15
4433801,9.880043034863546,7
4433805,9.941809518959474,4
4433818,9.716978229422024,13
4433826,9.8569045223401,8
4433830,9.94547104712979,4
4433842,9.7337622646286,12
4433843,10.0,1
4433855,9.728100251532465,12
4433886,2.6510609321251435,31
4433895,9.830198014573785,9
4433904,9.836775769075656,9
4433909,9.91012157367159,5
4433917,9.867842786670417,8
4433927,9.77789385605006,10
4433940,9.747496754622604,13
4433953,9.69852874304398,13
4433961,9.878768444432005,8
4433975,9.688120186369487,14
4433983,9.849803041118202,8
4433986,9.969459065331275,3
4434001,9.645361923806323,15
4434015,9.685409877611045,14
4434028,9.707104327358474,13
4434040,9.762630808920733,12
4434041,10.0,1
4434055,9.70322193261023,14
4434056,10.0,1
4434065,9.821125666880695,9
4434068,9.965386427337291,3
4434074,9.888376247325738,6
4434081,9.864001686844448,7
4434089,9.859591574286005,8
4434093,9.941635442583063,4
4434097,9.947523527817523,4
4434102,9.911577346272525,5
4434116,9.665679297124994,14
4434123,9.881664990161513,7
4434132,9.809554990375304,9
4434133,10.0,1
4434134,10.0,1
4434136,9.977482853374784,2
4434141,9.928488066876213,5
4434142,10.0,1
4434149,9.870562384850082,7
4434153,9.939868160005846,4
4434160,9.893419557526967,7
4434166,9.899850707347868,6
4434175,9.815838611228342,9
4434185,9.784138836175446,10
4434196,9.743734931939015,11
4434200,9.923517929375276,4
4434205,9.920629008410058,5
4434207,9.978803043130213,2
4434218,9.756642012904354,11
4434219,10.0,1
4434220,9.988628298952685,1
4434229,9.81283308081962,9
4434240,9.767263979359903,11
4434246,9.88983003101088,6
4434251,9.909872346122917,5
4434266,9.677315517517568,15
4434267,9.989574713649706,1
4434280,9.699381984233025,13
4434290,9.812625308886345,10
4434295,9.906344770788508,5
4434307,9.761290483262037,12
4434313,9.894961900503976,6
4434321,9.834164466104456,8
4434324,9.952630821020783,3
4434327,9.951963502779346,3
4434339,9.437678994688921,12
4434345,9.90414812736916,6
4434355,9.783246750654339,10
4434365,9.80242927185708,10
4434368,9.969009366000963,3
4434390,9.575776940444912,22
4434399,9.810075593462477,9
4434409,9.847514410440874,10
4434418,9.836299197903061,9
4434421,9.965451256397497,3
4434431,9.766298461819062,10
4434447,9.718343882375066,16
4434453,9.887740633553824,6
4434461,9.842053535273767,8
4434475,9.695481611556605,14
4434476,10.0,1
4434488,9.76502389138547,12
4434532,-2.543268514952608,44
4434553,9.433866369591234,21
4434560,9.873689057007264,7
4434565,9.92062218590328,5
4434570,9.928147028272381,5
4434586,9.658830849675065,16
4434591,9.922535562307488,5
4434599,9.867121980772255,8
4434612,9.7003864191228,13
4434613,10.0,1
4434627,9.689563590863182,14
4434636,9.809659024538265,9
4434638,9.986218349522382,2
4434639,10.0,1
4434654,9.653683958813366,15
4434664,9.778609134490916,10
4434677,9.706183010413257,13
4434680,9.963643324875134,3
4434688,9.85048262858651,8
4434692,9.941066970700835,4
4434699,9.859562472767482,7
4434705,9.889560393850958,6
4434716,9.746771374640755,11
4434731,9.66447636914857,15
4434733,9.984605413630808,2
4434736,9.96175536072686,3
4434737,9.992669983975752,1
4434742,9.906809140648198,5
4434757,9.643264578738426,15
4434760,9.947607839066665,3
4434772,9.744447141254001,12
4434779,9.879705707113745,7
4434780,10.0,1
4434787,9.875553121298593,7
4434794,9.857206414671518,7
4434803,9.812268047423556,9
4434808,9.91666302740575,5
4434827,9.544369092195948,19
4434830,9.966241422261,3
4434841,9.800893304817803,11
4434847,9.896844267420466,6
4434857,9.448285529818074,10
4434866,9.814910011489866,9
4434875,9.830923926685943,9
4434879,9.931005500422408,4
4434889,9.79246799864376,10
4434899,9.808750421663554,10
4434913,9.714404001927553,14
4434914,10.0,1
4434921,9.860053291191113,7
4434935,9.668562962204994,14
4434940,9.912754205826994,5
4434947,9.866571403148798,7
4434955,9.856018023988044,8
4434963,9.829583707880555,8
4434970,9.880825271972848,7
4434986,9.703294717658387,16
4434993,9.877805494586859,7
4434999,9.893064686584152,6
4435008,9.828099026851122,9
4435009,10.0,1
4435018,9.8135728618182,9
4435022,9.940095458869983,4
4435032,9.775031989310996,10
4435036,9.943971916869202,4
4435037,10.0,1
4435041,9.934382930567445,4
4435050,9.795649579672224,9
4435056,9.909334406538475,6
4435067,9.765478717626662,11
4435086,9.519385729048421,19
4435098,9.744235633908096,12
4435100,9.97021635230664,2
4435112,9.731437838983547,12
4435124,9.163984149899946,12
4435125,10.0,1
4435137,9.736562719406546,12
4435147,9.792635563228693,10
4435158,9.768757969736548,11
4435164,9.886877746611137,6
4435168,9.947021375930646,4
4435176,9.827546086978648,8
4435187,9.749003404200318,11
4435197,9.789827102225788,10
4435205,9.862145236770385,8
4435211,9.882736365261477,6
4435221,9.809027025590064,10
4435232,9.76624008661555,11
4435240,9.818413420558558,8
4435253,9.749448562301405,13
4435256,9.947173724435093,3
4435269,9.710853374267414,13
4435279,9.764451420021853,10
4435291,9.737542794211512,12
4435301,9.793180021912464,10
4435310,9.79466010465142,9
4435317,9.881007282533202,7
4435322,9.929408971029163,5
4435333,9.778286089414376,11
4435339,9.88463546355699,6
4435349,9.79307465292866,10
4435358,9.849649152043627,9
4435365,9.858103330716997,7
4435371,9.884731905193622,6
4435378,9.851958711225837,7
4435394,9.623661432834917,16
4435399,9.92103736040966,5
4435414,9.674318587993609,15
4435415,10.0,1
4435420,9.727055748566972,5
4435430,9.788820035507662,10
4435437,9.842993620742774,7
4435453,9.597010079439622,16
4435460,9.858839442957297,7
4435463,9.968803267086749,3
4435477,9.670294337098277,14
4435485,9.83602185111665,8
4435498,9.728907886650042,13
4435504,9.89285018897149,6
4435508,9.94003678061435,4
4435517,9.816151767578512,9
4435527,9.789242892113146,10
4435543,9.610920956714835,16
4435549,9.871815604729905,6
4435553,9.93642185350256,4
4435571,9.625877025590574,18
4435584,9.682462314313725,13
4435591,9.677677503417442,7
4435600,9.841206140309321,9
4435611,9.76870638621374,11
4435626,9.64607345283077,15
4435628,9.977928794405958,2
4435634,9.895739488504084,6
4435654,9.508993523540749,20
4435660,9.872844181108796,6
4435670,9.784626063091837,10
4435671,10.0,1
4435687,9.621494136541505,16
4435693,9.90676258340331,6
4435700,9.90272483046065,7
4435707,9.860548364122264,7
4435720,9.692927055047988,13
4435732,9.712129856997402,12
4435738,9.898415499626616,6
4435739,10.0,1
4435741,9.974436656436279,2
4435749,9.851895136982181,8
4435762,9.719259440011697,13
4435768,9.890930437394243,6
4435780,9.773164602608386,12
4435781,10.0,1
4435782,10.0,1
4435783,10.0,1
4435792,9.838671422337887,9
4435805,9.704748957637184,13
4435818,9.720265001047492,13
4435849,9.218916216666456,31
4435850,10.0,1
4435859,9.804505843227563,9
4435869,9.7920528545275,10
4435875,9.887625651224777,6
4435896,9.47809401462823,21
4435898,9.978386351647307,2
4435907,9.816880896918114,9
4435923,9.645928346787269,16
4435924,10.0,1
4435932,9.842529665826387,8
4435938,9.902541337865543,6
4435939,10.0,1
4435949,9.80593885225757,10
4435950,10.0,1
4435954,9.936046407997313,4
4435963,9.823241050166331,9
4435973,9.799414917665912,10
4435993,9.512241302033937,20
4435998,9.904969671280917,5
4436006,9.840146942611508,8
4436016,9.77461387926019,10
4436025,9.835139802491176,9
4436034,9.836832184737156,9
4436035,10.0,1
4436038,9.957603072354582,3
4436046,9.842113662108492,8
4436054,9.837956377704906,8
4436055,10.0,1
4436058,9.964669141174362,3
4436065,9.870576845943292,7
4436072,9.851854334286326,7
4436087,9.668380160511134,15
4436099,9.723128035754593,12
4436113,9.688000352378767,14
4436118,9.928286377070439,5
4436132,9.73345057425437,14
4436133,10.0,1
4436141,9.860723280071674,8
4436154,9.734669381307057,13
4436161,9.884571062441731,7
4436175,9.688179444937926,14
4436190,9.659850183168182,15
4436191,10.0,1
4436197,9.894152378481909,6
4436205,9.827144345959335,8
4436210,9.923239679246528,5
4436226,9.743062402306197,16
4436236,9.807494972444204,10
4436242,9.883973677715522,6
4436247,9.935265469034897,5
4436258,9.76094767851709,11
4436263,9.910096655795332,5
4436267,9.945943395543464,4
4436274,9.883409272067926,7
4436282,9.82316983360711,8
4436283,10.0,1
4436294,9.747347899293075,11
4436302,9.849432104987422,8
4436306,9.642306657923218,4
4436322,9.62272487901148,16
4436326,9.931143545715035,4
4436328,9.973713319853806,2
4436339,9.774806942123766,11
4436344,9.912664062610506,5
4436354,9.775119581007965,10
4436365,9.757807514675967,11
4436374,9.83638685634247,9
4436387,9.721495987589861,13
4436394,9.885956765603913,7
4436407,9.699146763161584,13
4436416,9.799236162570077,9
4436426,9.784767603214648,10
4436428,9.984117258899829,2
4436434,9.900063969627398,6
4436440,9.879705403258194,6
4436453,9.717524878526488,13
4436461,9.832198965290283,8
4436468,9.854997078533392,7
4436478,9.794353274626971,10
4436482,9.94280482107697,4
4436488,9.89579530982807,6
4436497,9.825979337535653,9
4436498,10.0,1
4436504,9.884607888557397,6
4436515,9.74699499038461,11
4436528,9.705621038402391,13
4436540,9.728771796844109,12
4436557,9.60779168063235,17
4436564,9.855502154326171,7
4436571,9.842441498237715,7
4436578,9.851892864582657,7
4436579,10.0,1
4436590,9.760331889353502,11
4436603,9.713749167837458,13
4436609,9.89540222197608,6
4436624,9.674675293507415,15
4436628,9.940406290821812,4
4436641,9.71778618545542,13
4436652,9.74394709744122,11
4436655,9.957215074321915,3
4436662,9.869222450895784,7
4436666,9.937258609042711,4
4436671,9.932125058893996,5
4436675,9.956029132156445,4
4436684,9.836935855428182,9
4436700,9.654049831631395,16
4436713,9.707240179142255,13
4436729,9.652735057711126,16
4436738,9.817322313466867,9
4436750,9.769156839334462,12
4436755,9.909623215055614,5
4436762,9.874871680044413,7
4436774,9.730636327608138,12
4436782,9.848489746401684,8
4436792,9.764295554098224,10
4436793,10.0,1
4436797,9.946814838811873,4
4436809,9.731490512835649,12
4436821,9.626874516324932,12
4436822,10.0,1
4436831,9.817262012483392,9
4436846,9.672804799454898,15
4436857,9.791306802532054,11
4436862,9.908314538297017,5
4436869,9.857931777776676,7
4436873,9.944274631122962,4
4436879,9.901127892580666,6
4436882,9.969869849444924,3
4436887,9.919121494357833,5
4436895,9.811053688195798,8
4436906,9.768059165067388,11
4436917,9.782302402322602,11
4436918,10.0,1
4436922,9.945691013260857,4
4436935,9.738070975932695,13
4436936,10.0,1
4436939,9.954154561937324,3
4436950,9.776279768228816,11
4436964,9.68347722505663,14
4436973,9.83624726073158,9
4436979,9.887707615572769,6
4436988,9.816199925387469,9
4436993,9.91290008239572,5
4436995,9.982153393320514,2
4437006,9.767103589835397,11
4437012,9.911832886127383,6
4437029,9.614851656732345,17
4437039,9.785702034293251,10
4437048,9.841569234523224,9
4437060,9.748382573338747,12
4437069,9.844966031435202,9
4437082,9.723559659685547,13
4437083,10.0,1
4437084,10.0,1
4437094,9.771529885158364,10
4437101,9.8733931527673,7
4437102,10.0,1
4437110,9.853523237846648,8
4437117,9.879240159169772,7
4437132,9.645631555192718,15
4437137,9.91572187195489,5
4437141,9.940097095051817,4
4437146,9.906069101344206,5
4437147,10.0,1
4437158,9.739668100811258,11
4437176,9.63878544441615,18
4437186,9.796856527202157,10
4437187,9.992828561787217,1
4437196,9.81591050192288,9
4437200,9.923468953591605,4
4437201,10.0,1
4437211,9.793718146979211,10
4437221,9.79158126413959,10
4437224,9.962662446509194,3
4437231,9.860036867103998,7
4437246,9.666219427651747,15
4437262,9.663294007388346,16
4437273,9.787088982917894,11
4437282,9.827477302192353,9
4437295,9.714585140269726,13
4437301,9.910863504096444,6
4437310,9.802374408370918,9
4437318,9.819296434439117,8
4437324,9.892101330375102,6
4437332,9.826356484003297,8
4437342,9.781106560139428,10
4437347,9.923917178778888,5
4437357,9.768556130009399,10
4437363,9.874898128887406,6
4437364,10.0,1
4437370,9.908548541652365,6
4437375,9.919166245131523,5
4437389,9.680313391967347,14
4437398,9.80936060260962,9
4437402,9.948835637686395,4
4437407,9.917868941311099,5
4437412,9.941518600270259,5
4437419,9.881363720152148,7
4437430,9.75632024598149,11
4437438,9.852463354970633,8
4437447,9.8162145675741,9
4437462,9.671606712033068,15
4437471,9.81025677066831,9
4437477,9.892891350286845,6
4437486,9.740249217152197,9
4437502,9.636740674702333,16
4437510,9.834153045904438,8
4437516,9.892065289920566,6
4437527,9.743351167952294,11
4437534,9.895292393208225,7
4437546,9.754390490630096,12
4437555,9.815811741155855,9
4437556,10.0,1
4437575,9.618195784066069,19
4437579,9.943702158108918,4
4437591,9.733403015538126,12
4437594,9.95738736899404,3
4437601,9.876002432907617,7
4437607,9.894471363749927,6
4437613,9.892596735886471,6
4437623,9.824953051845757,10
4437632,9.813118230291394,9
4437646,9.67737418955021,14
4437653,9.887759485062803,7
4437656,9.956795960376718,3
4437669,9.693620041134526,13
4437678,9.823080449394713,9
4437681,9.958431489972039,3
4437685,9.937941241676489,4
4437689,9.944051269538642,4
4437694,9.921861748286323,5
4437708,9.678726626700229,14
4437727,9.594599604921271,19
4437733,9.879037330217978,6
4437744,9.763830579341427,11
4437749,9.911145208273727,5
4437761,9.757671335458143,12
4437762,9.992480049037853,1
4437765,9.958237894586155,3
4437768,9.956168944225958,3
4437773,9.919443815915626,5
4437782,9.828811520028928,9
4437786,9.928517182422354,4
4437790,9.927416145082763,4
4437799,9.811744937136803,9
4437800,9.996314147381089,1
4437811,9.768482733660745,11
4437820,9.811469406286179,9
4437827,9.841480827388741,7
4437836,9.796945400385628,9
4437838,9.973088570081764,2
4437841,9.966196759736745,3
4437844,9.966112119313667,3
4437847,9.958375370804623,3
4437854,9.863768916694895,7
4437860,9.913120068147366,6
4437861,10.0,1
4437868,9.846661033518876,7
4437875,9.879613863230748,7
4437883,9.840353849896191,8
4437896,9.762083350587849,13
4437907,9.762885037590005,11
4437911,9.93538866584613,4
4437923,9.55196700634227,12
4437934,9.76003820877027,11
4437942,9.846375853571878,8
4437947,9.91497131450626,5
4437954,9.877481756713921,7
4437955,9.991890513756998,1
4437961,9.879362925190732,6
4437968,9.884818535834752,7
4437972,9.922220882231514,4
4437980,9.841916171201602,8
4437993,9.703118562421233,13
4438005,9.723793823850746,12
4438012,9.871680586984917,7
4438017,9.903901519413909,5
4438026,9.810103984073091,9
4438037,9.801563307546507,11
4438038,10.0,1
4438054,9.650578351654776,16
4438057,9.967557414201064,3
4438068,9.765994688263664,11
4438073,9.930582254906753,5
4438081,9.86010001870845,8
4438082,10.0,1
4438089,9.862864806568046,7
4438100,9.770614869843529,11
4438107,9.86778451559575,7
4438116,9.808267476630345,9
4438128,9.750601070443876,12
4438140,9.722901400176607,12
4438149,9.842177412350873,9
4438157,9.857485506203448,8
4438164,9.86861378969902,7
4438169,9.912469464415487,5
4438170,9.987910086907311,1
4438179,9.80578503558003,9
4438191,9.727285036403126,12
4438199,9.848098139074521,8
4438209,9.777757995797064,10
4438216,9.866463909494758,7
4438218,9.985399233203678,2
4438229,9.75317872439936,11
4438233,9.939587071209072,4
4438237,9.940862664747282,4
4438240,9.9543001177422,3
4438245,9.910924034240917,5
4438256,9.737777689598841,11
4438267,9.796529956991135,11
4438268,10.0,1
4438269,10.0,1
4438280,9.771370009572973,11
4438283,9.94880605154227,3
4438295,9.730068397838878,12
4438305,9.777299867821426,10
4438323,9.617207880143418,18
4438329,9.910112802814764,6
4438340,9.764096662658114,11
4438356,9.635999759662369,16
4438370,9.68934404203599,14
4438378,9.832469037390533,8
4438389,9.773791540513313,11
4438391,9.883738615562915,2
4438392,10.0,1
4438404,9.743198937207499,12
4438418,9.677141401675218,14
4438425,9.861475153522065,7
4438434,9.799417021826931,9
4438447,9.729934953459969,13
4438457,9.81598492335193,10
4438464,9.861445854057854,7
4438467,9.95561464775549,3
4438477,9.77224529611366,10
4438485,9.835610305693512,8
4438488,9.960593183836526,3
4438491,9.972954192790914,3
4438495,9.94876311990065,4
4438504,9.796009423956017,9
4438510,9.891726881387214,6
4438515,9.91286199050348,5
4438522,9.893384085387154,7
4438528,9.897723486735991,6
4438540,9.733534130302528,12
4438551,9.754604098531686,11
4438560,9.8225986013114,9
4438570,9.786041059856558,10
4438575,9.909479185942516,5
4438590,9.693208522591629,15
4438600,9.789722286377343,10
4438603,9.96983177068737,3
4438604,10.0,1
4438615,9.750288566270328,11
4438623,9.849032910371497,8
4438624,10.0,1
4438642,9.019120212742722,18
4438657,9.677285809473126,15
4438670,9.715705683607633,13
4438673,9.966509577455401,3
4438680,9.872852465420777,7
4438690,9.792936215486002,10
4438691,10.0,1
4438708,9.580129404380468,17
4438714,9.89902191038527,6
4438719,9.918855745154223,5
4438728,9.802371293319428,9
4438732,9.744485269478245,4
4438738,9.898787838983498,6
4438740,9.97944307955196,2
4438747,9.874153336454562,7
4438753,9.88918239630269,6
4438764,9.785285284685694,11
4438779,9.650614213000724,15
4438783,9.93332121733898,4
4438795,9.719136925814711,12
4438804,9.806197773266414,9
4438813,9.801834773928844,9
4438823,9.789100234311741,10
4438824,10.0,1
4438827,9.965131984702941,3
4438841,9.672225959828435,14
4438854,9.719362818148566,13
4438858,9.943281712984172,4
4438861,9.966122219069515,3
4438868,9.870749090323065,7
4438877,9.826268815206252,9
4438885,9.876030269260424,8
4438895,9.808184501119154,10
4438905,9.794543448909394,10
4438916,9.785609196331174,11
4438919,9.958303652339746,3
4438927,9.853991152438162,8
4438936,9.801154015672836,9
4438940,9.923887983135693,4
4438947,9.870095214605739,7
4438959,9.724214689265152,12
4438967,9.83912211802315,8
4438979,9.716313219867327,12
4438987,9.840895926168225,8
4438994,9.859556034635018,7
4439001,9.859615018998959,7
4439002,10.0,1
4439005,9.962992713871323,3
4439012,9.846091524087033,7
4439017,9.909762142193335,5
4439024,9.84785062966198,7
4439031,9.869673980001954,7
4439041,9.757535904247371,10
4439042,10.0,1
4439045,9.95377617410601,3
4439047,9.97918997751357,2
4439056,9.820125531765607,9
4439065,9.819776795193231,9
4439073,9.848197761974847,8
4439075,9.970370863883987,2
4439080,9.91767959352536,5
4439086,9.876015548485537,6
4439087,10.0,1
4439093,9.879832810333937,6
4439098,9.900088605697624,5
4439106,9.849042571800858,8
4439115,9.807363808906713,9
4439125,9.787818988501744,10
4439142,9.598828190840614,17
4439147,9.914651702161752,5
4439157,9.791447629207125,10
4439168,9.769369867487743,11
4439183,9.693258904108527,15
4439190,9.87416735527648,7
4439203,9.697243649277379,13
4439208,9.93671839495324,5
4439216,9.815959676406127,8
4439225,9.832640290220153,9
4439236,9.757131615904518,11
4439248,9.749656921391066,12
4439252,9.939138033257914,4
4439253,10.0,1
4439265,9.734209172795849,12
4439272,9.872347366084801,7
4439277,9.83626896010621,5
4439288,9.751753692763137,11
4439292,9.95134931773809,4
4439300,9.849138380679454,8
4439301,10.0,1
4439306,9.941305723391405,5
4439314,9.856641589803184,8
4439335,9.5479743082577,21
4439344,9.806882652400915,9
4439357,9.500180423687743,13
4439369,9.778307708497135,12
4439377,9.835957070575361,8
4439384,9.885287111192675,7
4439400,9.600624179107715,16
4439407,9.8643182556895,7
4439420,9.722396633804243,13
4439423,9.960741707572733,3
4439428,9.905511185806336,5
4439439,9.760323577586606,11
4439443,9.94120362956904,4
4439449,9.890151895760948,6
4439450,10.0,1
4439464,9.655675403534511,14
4439467,9.96438758989992,3
4439472,9.919375725481991,5
4439475,9.967562557224886,3
4439484,9.822801693502758,9
4439491,9.888681871032968,7
4439499,9.842239753564321,8
4439517,9.562742852684105,18
4439522,9.908567920297914,5
4439527,9.916911843938582,5
4439535,9.826907486168201,8
4439543,9.836055320743883,8
4439552,9.818225063852593,9
4439560,9.852982804365665,8
4439561,10.0,1
4439572,9.769711140789315,11
4439582,9.793290331437476,10
4439586,9.93431904104703,4
4439597,9.788585740790943,11
4439598,10.0,1
4439604,9.905481279186935,6
4439607,9.964231860936565,3
4439612,9.713764558971581,5
4439617,9.901833754048704,5
4439619,9.96865865792966,2
4439622,9.953451876187323,3
4439633,9.78499764564658,11
4439639,9.884899844529883,6
4439651,9.734775091536347,12
4439661,9.813220071109322,10
4439673,9.720082467170354,12
4439680,9.877488925928269,7
4439694,9.691208107665982,14
4439700,9.896797399278103,6
4439710,9.825532516929464,10
4439733,9.426438050480423,23
4439737,9.950838636314977,4
4439743,9.899583124990855,6
4439748,9.923686890303998,5
4439752,9.941754994748289,4
4439757,9.923757938245057,5
4439763,9.917920263766787,6
4439766,9.961201840144476,3
4439779,9.694510370708212,13
4439786,9.88428023016542,7
4439795,9.812677967519473,9
4439803,9.845808526978336,8
4439812,9.799815564638305,9
4439818,9.873687372388106,6
4439827,9.80085009108116,9
4439835,9.846344536575034,8
4439844,9.809236854478415,9
4439848,9.936350906603012,4
4439855,9.861366049407469,7
4439864,9.829267330463741,9
4439870,9.902452189620226,6
4439877,9.875662679120195,7
4439880,9.961488873232755,3
4439890,9.815817554308632,10
4439899,9.81826464950996,9
4439913,9.707146333825346,14
4439919,9.876070479332157,6
4439922,9.963883583243385,3
4439933,9.772626092856928,11
4439936,9.956305770809017,3
4439951,9.673307575575228,15
4439961,9.787158257355873,10
4439975,9.702156785930281,14
4439987,9.764428994316283,12
4439997,9.809792849844923,10
4439999,9.972495147796621,2
4440007,9.849850794495078,8
4440020,9.706509700939883,13
4440033,9.700233406303798,13
4440045,9.762882013089543,12
4440052,9.892773110759373,7
4440066,9.739729570708505,14
4440070,9.935772237545507,4
4440086,9.6682313609833,16
4440091,9.931483173197632,5
4440093,9.972384396069414,2
4440105,9.713882140931847,12
4440115,9.679762226854223,10
4440119,9.94056213288317,4
4440130,9.775042607373566,11
4440136,9.904983342283609,6
4440143,9.861910973773139,7
4440148,9.929269905727526,5
4440155,9.87595921857367,7
4440167,9.736671960991552,12
4440171,9.939468118868433,4
4440178,9.88485855784476,7
4440186,9.888719913251341,8
4440197,9.759054040740645,11
4440203,9.907974922947112,6
4440207,9.948877155740599,4
4440226,9.383470701412639,19
4440232,9.896034401825554,6
4440240,9.856310823036576,8
4440250,9.799958659654838,10
4440267,9.643752609553374,17
4440285,9.684285770467367,18
4440300,9.669132163766998,15
4440302,9.985244841122778,2
4440306,9.93758890597879,4
4440318,9.73170438501861,12
4440324,9.905022296816265,6
4440329,9.810622817671653,5
4440340,9.736405009410213,11
4440352,9.749337997596434,12
4440360,9.865185402471035,8
4440371,9.768671524304308,11
4440372,10.0,1
4440378,9.884583707524946,6
4440391,9.702180496429687,13
4440399,9.821659478758194,8
4440400,10.0,1
4440410,9.778268328146051,10
4440422,9.765290568811432,12
4440439,9.644355121718284,17
4440441,9.971607458996566,2
4440455,9.671177024920175,14
4440460,9.933597412172393,5
4440470,9.763661467551293,10
4440476,9.909239800937303,6
4440484,9.852866208417694,8
4440490,9.874667403765711,6
4440495,9.924518831719409,5
4440506,9.771605204641986,11
4440509,9.950706935486522,3
4440522,9.724075757726485,13
4440531,9.823171585921477,9
4440534,9.969990710701772,3
4440549,9.652383813658421,15
4440556,9.883685849757738,7
4440567,9.645788079801015,11
4440572,9.916228143928226,5
4440577,9.931181638959872,5
4440589,9.785549098542214,12
4440597,9.835920827550614,8
4440606,9.824106412942825,9
4440607,10.0,1
4440612,9.907491866603346,5
4440624,9.749213390314669,12
4440625,10.0,1
4440634,9.799110197494846,9
4440645,9.758768918372763,11
4440659,9.690972002426957,14
4440660,10.0,1
4440666,9.897843296325004,6
4440675,9.830283453564782,9
4440677,9.974416138948758,2
4440678,10.0,1
4440690,9.712841967553171,12
4440706,9.64804147021476,16
4440716,9.809305915034908,10
4440728,9.79261362808837,12
4440738,9.80656563683665,10
4440754,9.659611036192903,16
4440763,9.875812610274666,9
4440768,9.919644959143694,5
4440783,9.673707306075363,15
4440789,9.88977785223262,6
4440793,9.9343228056067,4
4440807,9.711834439946426,14
4440810,9.961033538728485,3
4440815,9.927654469025997,5
4440826,9.764706142549374,11
4440835,9.799782783901653,9
4440842,9.857531619290906,7
4440856,9.708933004658796,14
4440861,9.913388608406722,5
4440869,9.838236478450767,8
4440871,9.973056796389882,2
4440872,10.0,1
4440877,9.909696753728346,5
4440886,9.811146168653265,9
4440902,9.629823462947249,16
4440903,10.0,1
4440916,9.683963851400545,13
4440917,10.0,1
4440920,9.968008625002536,3
4440932,9.719819705596434,12
4440942,9.78097718746802,10
4440952,9.644327475034332,10
4440964,9.727239352851447,12
4440967,9.957481312527737,3
4440978,9.751807137413884,11
4440986,9.847958511810157,8
4440996,9.797224655308744,10
4440999,9.947398272924094,3
4441008,9.803374402269215,9
4441014,9.882442571265925,6
4441017,9.969889114197994,3
4441024,9.87296467922587,7
4441034,9.810895401185071,10
4441039,9.92465659117956,5
4441044,9.926494018982146,5
4441052,9.84681833267587,8
4441053,10.0,1
4441063,9.793102442051628,10
4441071,9.859974157467924,8
4441077,9.907710773389601,6
4441090,9.697849382841055,13
4441098,9.832159140159881,8
4441104,9.89740381804571,6
4441110,9.902585829787851,6
4441119,9.806342607911633,9
4441125,9.90747139158787,6
4441132,9.865790405849108,7
4441133,10.0,1
4441138,9.928181943144025,5
4441147,9.816071096588827,9
4441155,9.818467104413116,8
4441164,9.825488447312493,9
4441167,9.967245398597758,3
4441172,9.915423666351792,5
4441173,10.0,1
4441186,9.670194691004015,13
4441201,9.66052093514935,15
4441202,9.99655527482714,1
4441208,9.925727925095611,6
4441209,10.0,1
4441219,9.770179872352633,10
4441220,10.0,1
4441228,9.826165223670287,8
4441232,9.935937975778105,4
4441240,9.856943445367186,8
4441246,9.891414854831856,6
4441257,9.769765437593358,11
4441261,9.95555414117701,4
4441271,9.780778735921153,10
4441284,9.756310051308041,13
4441290,9.892712390635968,6
4441293,9.954192362919837,3
4441297,9.935845726590253,4
4441298,10.0,1
4441299,10.0,1
4441310,9.760233228905594,11
4441318,9.839191682833608,8
4441321,9.944491133974372,3
4441322,10.0,1
4441328,9.906158123076057,6
4441336,9.835473890895036,8
4441341,9.922410284679504,5
4441348,9.87113112144256,7
4441360,9.736522053396023,12
4441368,9.848387045582678,8
4441377,9.800235325241273,9
4441385,9.868154956499806,8
4441390,9.90956073903658,5
4441400,9.771678298023946,10
4441402,9.966589659591351,2
4441403,10.0,1
4441411,9.84874211696059,8
4441415,9.936943640590275,4
4441424,9.807889914373499,9
4441427,9.955875921823433,3
4441434,9.868383552473391,7
4441444,9.78684182068178,10
4441460,9.649959844311915,16
4441465,9.916379913226017,5
4441472,9.852700537406834,7
4441482,9.771421694701688,10
4441490,9.839971267505705,8
4441501,9.643157071643097,11
4441513,9.744909353588437,12
4441515,9.979480604764499,2
4441521,9.897327711234233,6
4441523,9.97093536932806,2
4441537,9.6961889519988,14
4441541,9.941356322807044,4
4441552,9.772173636384435,11
4441565,9.69127081198358,13
4441569,9.95446115955875,4
4441582,9.73305179004479,13
4441583,10.0,1
4441590,9.881996167287408,7
4441601,9.736887850765003,11
4441606,9.91964791699422,5
4441613,9.864211107550194,7
4441619,9.890264959103625,6
4441620,10.0,1
4441625,9.922372320364245,5
4441632,9.869692994789142,7
4441644,9.523506030225862,12
4441651,9.868780843031539,7
4441663,9.766271756945308,12
4441670,9.88060434003381,7
4441674,9.923795249755537,4
4441681,9.884950722612752,7
4441692,9.773130498889078,11
4441693,10.0,1
4441699,9.897755449351024,6
4441703,9.937812685505536,4
4441718,9.710339406610963,15
4441734,9.62685150544765,16
4441746,9.731319329103124,12
4441753,9.848235526463341,7
4441758,9.916290574133214,5
4441765,9.89273868760788,7
4441768,9.954592063783945,3
4441773,9.916634091598992,5
4441775,9.982315855139806,2
4441782,9.87447390425164,7
4441791,9.826374520797724,9
4441801,9.846353686940144,10
4441809,9.87214428156196,8
4441815,9.91307240857479,6
4441825,9.773497708367303,10
4441830,9.916802260970448,5
4441835,9.908550898409404,5
4441843,9.856018047289995,8
4441847,9.934767022985355,4
4441860,9.703810838007145,13
4441865,9.905747689408084,5
4441879,9.701616548316728,14
4441888,9.812691673077445,9
4441889,10.0,1
4441898,9.814905275897566,9
4441906,9.843248369522666,8
4441912,9.900455221567615,6
4441917,9.907141138445526,5
4441926,9.828440820343895,9
4441935,9.8248382437993,9
4441948,9.73666623430986,13
4441958,9.79090979647932,10
4441959,10.0,1
4441971,9.76470925487978,12
4441976,9.90931214841709,5
4441986,9.794645583175825,10
4441988,9.973962323640272,2
4441998,9.832382859605664,10
4442004,9.897437317209334,6
4442010,9.902395656818198,6
4442016,9.89942786094045,6
4442022,9.887399463210743,6
4442032,9.810171962051689,10
4442044,9.76327096376574,12
4442048,9.94412757900562,4
4442057,9.819675003191895,9
4442062,9.916719395324288,5
4442068,9.878155190460317,6
4442080,9.737905245982981,12
4442089,9.801778582289066,9
4442096,9.866116071345427,7
4442103,9.865412685439885,7
4442107,9.944628741014558,4
4442108,9.996032263652344,1
4442109,10.0,1
4442113,9.945433628685484,4
4442114,9.99614846371226,1
4442119,9.899311651418754,5
4442130,9.767928999350918,11
4442132,9.977733705528246,2
4442141,9.843395188833995,9
4442148,9.877697454872187,7
4442157,9.807937259584913,9
4442158,10.0,1
4442163,9.903828322556052,5
4442178,9.641098662594958,15
4442185,9.880315435968539,7
4442186,10.0,1
4442190,9.948911456126876,4
4442211,9.63137451729794,21
4442220,9.833260840959223,9
4442225,9.915540317184313,5
4442232,9.869372015381762,7
4442241,9.822038501967473,9
4442252,9.760925049385015,11
4442259,9.86811163184783,7
4442270,9.750307314360379,11
4442274,9.945136055844065,4
4442281,9.864142476561842,7
4442287,9.887336093144247,6
4442301,9.735996564861171,14
4442304,9.950923869690156,3
4442309,9.919113992066757,5
4442310,9.993239891549567,1
4442318,9.841161362093295,8
4442328,9.786236949655104,10
4442333,9.895770016180522,5
4442341,9.838535664307399,8
4442357,9.642654619469486,16
4442361,9.930254473113035,4
4442372,9.791948598720168,11
4442381,9.824363053944506,9
4442394,9.69784537869028,13
4442402,9.835409440906533,8
4442407,9.910225091156237,5
4442422,9.65730888824436,15
4442437,9.63838406311273,15
4442439,9.97728097873723,2
4442446,9.868502462211522,7
4442456,9.793925908002187,10
4442457,10.0,1
4442462,9.901182282581987,5
4442469,9.87505591204724,7
4442472,9.94870361211201,3
4442482,9.782949222745975,10
4442486,9.948131637010906,4
4442494,9.830441690012735,8
4442500,9.886305394529375,6
4442501,9.996442912858269,1
4442506,9.917119996824628,5
4442517,9.773195102499326,11
4442529,9.720380877736359,12
4442543,9.655225743326149,14
4442549,9.879215092041582,6
4442550,9.986587134282132,1
4442562,9.72741807883833,12
4442574,9.752812762450482,12
4442581,9.89239605509456,7
4442582,10.0,1
4442591,9.827040963758561,9
4442602,9.802435728315313,11
4442607,9.91329071000119,5
4442615,9.863792578665327,8
4442617,9.969855579581692,2
4442625,9.824722401235388,8
4442629,9.722154400256688,4
4442639,9.792650499348774,10
4442640,10.0,1
4442641,10.0,1
4442642,10.0,1
4442649,9.852098482491225,7
4442654,9.929093637634352,5
4442668,9.665576386540383,14
4442676,9.848912098390505,8
4442680,9.93447543740715,4
4442690,9.812947871919732,10
4442703,9.73615208682599,13
4442713,9.802387359139246,10
4442721,9.828447715330872,8
4442726,9.92666205187132,5
4442737,9.78909339544688,11
4442742,9.930851466542144,5
4442746,9.929989815474704,4
4442754,9.833210034338915,8
4442758,9.934965680173974,4
4442764,9.893260719441683,6
4442771,9.865378532529027,7
4442781,9.792218279358009,10
4442791,9.815337800553953,10
4442807,9.638187278714549,16
4442812,9.913022804183349,5
4442820,9.754368262447382,8
4442832,9.792229435449297,12
4442836,9.94291565042716,4
4442851,9.64837266661407,15
4442862,9.742239918080088,11
4442871,9.80571405428034,9
4442880,9.802514031636887,9
4442886,9.906660607227588,6
4442896,9.791551703192651,10
4442908,9.743171537660773,12
4442931,9.3762359613469,23
4442932,9.996666777937525,1
4442939,9.87217623657331,7
4442943,9.946968571917035,4
4442955,9.734946534470517,12
4442960,9.915082069793067,5
4442968,9.852808187227872,8
4442975,9.88423870023275,7
4442982,9.883784040665876,7
4442986,9.932215684051735,4
4442994,9.843127064507048,8
4443003,9.82439660585455,9
4443004,9.992618164175392,1
4443012,9.74848758886769,8
4443018,9.905438081287206,6
4443019,10.0,1
4443033,9.702451369716012,14
4443041,9.850012526516803,8
4443052,9.782073145114815,11
4443053,10.0,1
4443064,9.754230399064422,11
4443073,9.796147003868294,9
4443084,9.752869790957504,11
4443092,9.835706544592412,8
4443096,9.947488973317327,4
4443103,9.87915194140812,7
4443113,9.819390197674045,10
4443114,10.0,1
4443127,9.703525115146583,13
4443134,9.858309322756586,7
4443139,9.905584886161336,5
4443140,10.0,1
4443145,9.915865539898808,5
4443148,9.946472364992726,3
4443149,9.988429747897463,1
4443163,9.675878731537665,14
4443174,9.769250402941354,11
4443175,10.0,1
4443184,9.79583658309561,9
4443187,9.961289956717794,3
4443200,9.715561744109221,13
4443208,9.838828289049339,8
4443219,9.757532730636818,11
4443236,9.570697766601445,17
4443250,9.678653912847507,14
4443261,9.75345870977715,11
4443262,10.0,1
4443266,9.92101573240546,4
4443275,9.841792364444835,9
4443281,9.885858961070097,6
4443289,9.851424119028295,8
4443294,9.910240973766012,5
4443303,9.823247681119836,9
4443310,9.859651454393129,7
4443313,9.957178835125628,3
4443315,9.978820266257454,2
4443320,9.910896982264564,5
4443329,9.820709608299078,9
4443330,10.0,1
4443334,9.939978508191256,4
4443347,9.71126880094685,13
4443356,9.804270760865249,9
4443365,9.813780842813143,9
4443375,9.801389766004204,10
4443389,9.655422126179412,14
4443393,9.93356786162857,4
4443406,9.70757458832035,13
4443414,9.837803476985066,8
4443914,-206.74345235230982,500
4443919,9.918318272559876,5
4443931,9.722960072232702,12
4443939,9.845118806480333,8
4443947,9.840262463946464,8
4443955,9.745773394474305,8
4443966,9.766072839322378,11
4443971,9.89908625308548,5
4443985,9.722136776079791,14
4443992,9.864682329371211,7
4443995,9.952323395331337,3
4444002,9.884013135243492,7
4444009,9.876675078741005,7
4444016,9.674787126813516,7
4444030,9.69014021619521,14
4444040,9.800901210695478,10
4444041,10.0,1
4444053,9.718715358250442,12
4444063,9.824838727665542,10
4444078,9.641095801602528,15
4444093,9.681365366187798,15
4444096,9.95193283761046,3
4444110,9.691562509686468,14
4444122,9.769779623417017,12
4444136,9.736859650428135,14
4444145,9.821953256554098,9
4444153,9.835433323379569,8
4444163,9.817292259906745,10
4444169,9.886143500314148,6
4444178,9.848520320622889,9
4444192,9.71746782303374,14
4444200,9.826976244989371,8
4444205,9.911865350804462,5
4444206,10.0,1
4444210,9.92665505162707,4
4444219,9.820547680009419,9
4444227,9.838401511952135,8
4444232,9.926223907444669,5
4444240,9.816593874890545,8
4444257,9.646794236873736,17
4444265,9.85650493986517,8
4444274,9.807384555578263,9
4444281,9.868683989148645,7
4444288,9.860482386296667,7
4444289,10.0,1
4444295,9.890798313579142,6
4444296,10.0,1
4444306,9.796335229730417,10
4444315,9.8107537239612,9
4444322,9.864830180640284,7
4444336,9.754769801909898,14
4444342,9.888298886152292,6
4444352,9.80490098309156,10
4444359,9.870270675094872,7
4444370,9.778000777821642,11
4444382,9.745261829119183,12
4444390,9.829518393435979,8
4444404,9.702664668526022,14
4444415,9.753640083944077,11
4444428,9.72247481601743,13
4444436,9.84982029113022,8
4444440,9.953948382566137,4
4444453,9.72178993266264,13
4444463,9.773568791977992,10
4444472,9.808621803846576,9
4444477,9.913849530835218,5
4444483,9.888668043390865,6
4444495,9.712056767696279,12
4444505,9.784442818184052,10
4444506,10.0,1
4444516,9.82414643743032,10
4444523,9.86338603868176,7
4444534,9.756108034698768,11
4444543,9.808533503297811,9
4444544,9.992956370482732,1
4444555,9.792433826151608,11
4444564,9.822073272914418,9
4444570,9.899397306160706,6
4444583,9.717892664702052,13
4444590,9.852708263398167,7
4444602,9.714441149070332,12
4444613,9.790252867425782,11
4444624,9.780125085345666,11
4444635,9.574086907387846,11
4444643,9.865594307678846,8
4444651,9.849428445793752,8
4444655,9.931466312718655,4
4444660,9.933040630426992,5
4444670,9.783182017181634,10
4444672,9.977306519092574,2
4444683,9.778985114221888,11
4444692,9.821351536693744,9
4444703,9.74588619711381,11
4444711,9.844157918304528,8
4444718,9.847054054816603,7
4444725,9.873870534055865,7
4444732,9.867447339679837,7
4444743,9.769944259614501,11
4444748,9.918613733364161,5
4444754,9.886780501009163,6
4444760,9.90669230035733,6
4444767,9.863954454657637,7
4444770,9.96032044670681,3
4444774,9.9445438381618,4
4444784,9.792192681108494,10
4444794,9.786067304748961,10
4444805,9.751718713767856,11
4444809,9.946261659633667,4
4444810,10.0,1
4444817,9.903256175484549,7
4444829,9.703272767821256,12
4444830,9.989430568100719,1
4444839,9.82307476435274,9
4444849,9.800428872442168,10
4444858,9.857625668252469,9
4444866,9.840839048465932,8
4444882,9.653565382759691,16
4444896,9.714987651466531,14
4444908,9.71704698164591,12
4444914,9.884757093453754,6
4444925,9.600177738789979,11
4444933,9.847034890599916,8
4444946,9.709098527613115,13
4444953,9.8632655078824,7
4444967,9.672586119034365,14
4444982,9.654815546329086,15
4444984,9.974446527786693,2
4444996,9.75945358559838,12
4445009,9.704954783580451,13
4445020,9.761511091497317,11
4445021,10.0,1
4445029,9.853118334435292,8
4445036,9.849441312437145,7
4445038,9.97939275438506,2
4445048,9.789012844868212,10
4445057,9.824276625550402,9
4445065,9.861015766755951,8
4445076,9.756767720049767,11
4445085,9.815372844238441,9
4445101,9.651347244800476,16
4445113,9.633375682905926,12
4445114,10.0,1
4445122,9.833071535452666,8
4445127,9.919482523146854,5
4445152,9.437864023779527,25
4445159,9.867844344286162,7
4445165,9.887520718012649,6
4445173,9.73786895396078,8
4445174,9.992716020615278,1
4445186,9.725072369927773,12
4445192,9.905329663427132,6
4445198,9.901358810358388,6
4445209,9.760892348405026,11
4445220,9.778857362940416,11
4445233,9.713130507079839,13
4445239,9.895832685158764,6
4445248,9.840302454869384,9
4445256,9.828501220528425,8
4445265,9.794311665928191,9
4445267,9.96843769987941,2
4445276,9.837866623767207,9
4445284,9.833752435440134,8
4445292,9.86006898390451,8
4445305,9.697546827907011,13
4445314,9.840346587114428,9
4445329,9.661267382578336,15
4445330,10.0,1
4445331,10.0,1
4445332,10.0,1
4445334,9.970099892196407,2
4445341,9.874971098363849,7
4445351,9.785018032098213,10
4445366,9.638379117783025,15
4445380,9.666998779947363,14
4445384,9.938924874514242,4
4445387,9.948787801655325,3
4445396,9.824227776673924,9
4445413,9.646422588847553,17
4445424,9.788268329651348,11
4445434,9.791950679435804,10
4445436,9.968626232283158,2
4445442,9.900766218193393,6
4445453,9.650317076276336,11
4445459,9.8962673476563,6
4445461,9.978996482738099,2
4445468,9.870336081134493,7
4445477,9.790852803057307,9
4445478,10.0,1
4445486,9.858905991423612,8
4445492,9.891710910590731,6
4445500,9.872835339277346,8
4445506,9.880716430215505,6
4445507,10.0,1
4445513,9.789460547268543,6
4445516,9.955400031779437,3
4445525,9.81599453324127,9
4445532,9.862324034336964,7
4445536,9.949387482071264,4
4445546,9.773812337980328,10
4445557,9.7806844325435,11
4445558,10.0,1
4445570,9.749077611176066,12
4445577,9.86339552112965,7
4445583,9.900593791316336,6
4445598,9.654298566506782,15
4445599,10.0,1
4445606,9.84858000415974,7
4445616,9.781951170390963,10
4445630,9.707055786875822,14
4445639,9.814068543073704,9
4445655,9.562174829849676,16
4445673,9.54900762351795,18
4445676,9.957362635357203,3
4445683,9.858093694128332,7
4445693,9.808218913217313,10
4445710,9.593369860024485,17
4445715,9.926548755612137,5
4445720,9.922523291173219,5
4445725,9.92149119491982,5
4445736,9.759575195772564,11
4445737,10.0,1
4445744,9.863640623476003,7
4445747,9.957052843599842,3
4445760,9.695116704537572,13
4445773,9.721944482820321,13
4445787,9.672430311766316,14
4445795,9.874109272251735,8
4445799,9.94266747081558,4
4445812,9.707388193933225,13
4445820,9.725534819750003,8
4445841,9.49453986835405,21
4445849,9.850650833148121,8
4445858,9.820175526601716,9
4445859,10.0,1
4445860,10.0,1
4445861,10.0,1
4445864,9.95376718883183,3
4445866,9.98249411952919,2
4445870,9.935818725669058,4
4445884,9.691175236679266,14
4445888,9.93516937833421,4
4445892,9.950775328050646,4
4445901,9.803906637965468,9
4445905,9.935033929430036,4
4445916,9.77865310858336,11
4445925,9.828101848518127,9
4445931,9.899957323704108,6
4445942,9.778312397850012,11
4445949,9.878856294819517,7
4445958,9.812289125654857,9
4445963,9.904445543652486,5
4445974,9.753418125563389,11
4445981,9.866133920466778,7
4445988,9.886367365057168,7
4445995,9.858696824500447,7
4446003,9.833829133342759,8
4446013,9.765459444518775,10
4446026,9.703584201142897,13
4446033,9.880207356060096,7
4446039,9.900869431489665,6
4446045,9.89032055721019,6
4446056,9.773040968461558,11
4446068,9.741577029616705,12
4446069,10.0,1
4446074,9.824381726141372,5
4446081,9.890229416206651,7
4446099,9.575112827755653,18
4446100,10.0,1
4446107,9.86626520724248,7
4446117,9.783933481940233,10
4446118,9.991886261725382,1
4446130,9.70288698948201,12
4446133,9.965894917168406,3
4446134,9.988442869770685,1
4446141,9.864908365738428,7
4446152,9.751709178332534,11
4446162,9.7757956207719,10
4446163,10.0,1
4446169,9.895933240674548,6
4446180,9.779209249919305,11
4446189,9.827058535201258,9
4446201,9.766494622954434,12
4446202,10.0,1
4446220,9.616849952266895,18
4446229,9.828270527969714,9
4446235,9.899670668430185,6
4446244,9.799398340110523,9
4446254,9.62915897374053,10
4446266,9.653084918833786,12
4446270,9.935202659496793,4
4446283,9.707325629812354,13
4446298,9.637911183070623,15
4446312,9.6748544222703,14
4446320,9.862118090085692,8
4446332,9.73041817929313,12
4446526,4.349142196837879,194
4446532,9.877708888242145,6
4446539,9.893053626070058,7
4446552,9.742234764512732,13
4446555,9.955023741425547,3
4446556,10.0,1
4446570,9.681298838011255,14
4446579,9.830987800652858,9
4446583,9.935801340172851,4
4446592,9.81796391489573,9
4446601,9.84165365816724,9
4446607,9.898174095175802,6
4446609,9.978645946763159,2
4446620,9.418567262551644,11
4446630,9.77739288854157,10
4446642,9.720729830950908,12
4446648,9.899429030224821,6
4446653,9.931431207973649,5
4446657,9.942562771355568,4
4446662,9.919149247836852,5
4446664,9.969421713549952,2
4446676,9.7488258001778,12
4446677,9.987837213930971,1
4446688,9.794657406953094,11
4446689,10.0,1
4446696,9.86063573368515,7
4446706,9.765161303169972,10
4446715,9.832478541801347,9
4446729,9.682641523900928,14
4446738,9.586176650270003,9
4446743,9.922073812423694,5
4446751,9.851909352813783,8
4446766,9.631769023176691,15
4446767,10.0,1
4446771,9.94242859601024,4
4446772,10.0,1
4446782,9.781416253853372,10
4446797,9.667303022000644,15
4446802,9.910663621411155,5
4446816,9.687208316465508,14
4446824,9.846171144572482,8
4446835,9.775434373622819,11
4446837,9.973013904487344,2
4446848,9.799027038957329,11
4446850,9.972804408954751,2
4446857,9.86754046926724,7
4446863,9.90378549388127,6
4446868,9.907164170404569,5
4446875,9.849309261537242,7
4446887,9.750464426910144,12
4446892,9.929194009240343,5
4446899,9.867591788866179,7
4446907,9.87284052096317,8
4446915,9.85291810697382,8
4446918,9.955157416147136,3
4446933,9.684130042980316,15
4446943,9.792853082521486,10
4446946,9.96770796819979,3
4446954,9.85064964149259,8
4446965,9.75329031521172,11
4446974,9.826490428269407,9
4446976,9.979275167750307,2
4446981,9.92831734645426,5
4446983,9.983346630606052,2
4446994,9.761997804514065,11
4446999,9.941173483704512,5
4447011,9.728227828445439,12
4447024,9.705501785016478,13
4447034,9.763472627584136,10
4447044,9.775613886197824,10
4447059,7.744655696645462,15
4447065,9.88451604740881,6
4447078,9.730391278241592,13
4447084,9.905734104984294,6
4447087,9.964421632972865,3
4447096,9.817430513294108,9
4447113,9.588519298251038,17
4447117,9.944693056208072,4
4447128,9.746035337341509,11
4447141,9.73649780898397,13
4447146,9.91833577994287,5
4447156,9.763875214275773,10
4447164,9.830436838386518,8
4447169,9.896993925131957,5
4447174,9.923618272012773,5
4447178,9.93508569846258,4
4447187,9.796043694438662,9
4447204,9.599858170206351,17
4447205,10.0,1
4447206,10.0,1
4447218,9.735583019928557,12
4447223,9.905794593026748,5
4447230,9.874955152191644,7
4447239,9.818291374622433,9
4447248,9.837466963858954,9
4447262,9.472788460244859,14
4447276,9.673976813273827,14
4447283,9.866701873139776,7
4447293,9.834047922836122,10
4447294,10.0,1
4447297,9.953854377907758,3
4447306,9.830083242972352,9
4447313,9.376479439840114,7
4447325,9.724388505542091,12
4447331,9.890550876020585,6
4447338,9.880659218075351,7
4447341,9.968977979864833,3
4447342,10.0,1
4447345,9.962769322084641,3
4447355,9.790242693459163,10
4447362,9.87903946229135,7
4447367,9.94400063152292,5
4447383,9.60028845781173,16
4447384,10.0,1
4447394,9.807611138886905,10
4447401,9.874088466748354,7
4447402,10.0,1
4447409,9.869380802430266,7
4447422,9.585301974207413,13
4447429,9.903433536814443,7
4447442,9.705360012391687,13
4447450,9.849019354460616,8
4447462,9.749819015163945,12
4447468,9.879695969664489,6
4447481,9.709009889235466,13
4447501,9.58260973668788,20
4447505,9.928711994105896,4
4447511,9.887100618765007,6
4447525,9.679440370979862,14
4447533,9.841107302168737,8
4447534,10.0,1
4447543,9.82420875589765,9
4447555,9.74370964296919,12
4447569,9.689864255848361,14
4447581,9.721322492503024,12
4447585,9.940348657128272,4
4447586,10.0,1
4447596,9.790793364386602,10
4447606,9.786339994911707,10
4447614,9.859188031937107,8
4447619,9.909711985061445,5
4447635,9.491251645606427,16
4447644,9.816084836429122,9
4447661,9.583501294046814,17
4447676,9.682060833184051,15
4447691,9.65970175602642,15
4447703,9.758694183974733,12
4447710,9.850754080990578,7
4447711,9.99327272368973,1
4447724,9.768131774617686,13
4447730,9.892734945392673,6
4447740,9.794855542490033,10
4447741,10.0,1
4447742,10.0,1
4447750,9.826504831707929,8
4447758,9.858535312281756,8
4447767,9.821696982031419,9
4447771,9.946004853684263,4
4447780,9.819777929607067,9
4447788,9.847446584147553,8
4447797,9.80540019993495,9
4447813,9.694217307706673,16
4447822,9.804017080643098,9
4447834,9.730171947988204,12
4447840,9.897063749099388,6
4447849,9.805174991817902,9
4447850,9.987480869280752,1
4447860,9.812470807040471,10
4447865,9.925797923778587,5
4447875,9.782315948065085,10
4447889,9.6722459439701,14
4447899,9.785410198125858,10
4447909,9.792891556963758,10
4447922,9.722624215787539,13
4447929,9.882109063934632,7
4447938,9.8146305169336,9
4447951,9.700929761136496,13
4447968,9.620837632223234,17
4447978,9.784995626791122,10
4447988,9.797508116684417,10
4447993,9.912573592483625,5
4448008,9.670643411383576,15
4448012,9.939185127361327,4
4448015,9.956667763934686,3
4448022,9.887475492501789,7
4448036,9.6817133268002,14
4448037,9.988330445326223,1
4448046,9.807870587510077,9
4448050,9.945219670638977,4
4448067,9.651849401695268,17
4448081,9.506720996278785,14
4448082,9.992921455451574,1
4448091,9.816029523567286,9
4448094,9.969947717230127,3
4448096,9.969206690104933,2
4448101,9.925130174747308,5
4448106,9.897976268674407,5
4448110,9.938750531015218,4
4448116,9.886676702311778,6
4448124,9.849029298473663,8
4448129,9.912836397716939,5
4448131,9.966291317864554,2
4448140,9.807883249781643,9
4448157,9.588306704587994,17
4448164,9.870516369918768,7
4448174,9.785581046974743,10
4448178,9.93836660986549,4
4448186,9.840743979668307,8
4448187,10.0,1
4448193,9.909703380129393,6
4448205,9.725324267843469,12
4448214,9.820948803958766,9
4448222,9.846858983900733,8
4448230,9.824087727005072,8
4448232,9.983609564272312,2
4448234,9.975107481078572,2
4448235,10.0,1
4448245,9.852295480238494,10
4448255,9.796773255703169,10
4448258,9.957818210443495,3
4448271,9.69387483691774,13
4448277,9.89567375947643,6
4448280,9.956255616716648,3
4448291,9.575229217205683,11
4448301,9.79361488502217,10
4448312,9.780487311605018,11
4448323,9.774842865869694,11
4448329,9.89780137233526,6
4448337,9.842064641943134,8
4448344,9.882379738405737,7
4448349,9.919999476727313,5
4448354,9.925927759749486,5
4448363,9.822335951910356,9
4448375,9.735416556326093,12
4448376,10.0,1
4448390,9.689089389085481,14
4448402,9.436513283020883,12
4448416,9.69833829572912,14
4448431,9.664965488298048,15
4448440,9.81261094087629,9
4448445,9.917715209563632,5
4448452,9.887829738974077,7
4448457,9.917043334864879,5
4448473,9.682149339612995,16
4448486,9.710291527810185,13
4448495,9.823818924201447,9
4448496,9.992721582083293,1
4448506,9.824883739748218,10
4448515,9.838396182481908,9
4448523,9.83845202075546,8
4448534,9.827067767462886,11
4448544,9.805412851176357,10
4448554,9.82774322755875,10
4448562,9.829527713228929,8
4448565,9.964121635232889,3
4448571,9.904105531094082,6
4448572,9.991571734190266,1
4448582,9.804765852205238,10
4448592,9.81056250975754,10
4448600,9.841290759093773,8
4448601,10.0,1
4448615,9.691687683197756,14
4448623,9.845636310538803,8
4448639,9.598301195072937,16
4448644,9.910863172797454,5
4448654,9.80541705933135,10
4448655,10.0,1
4448662,9.875327730230971,7
4448670,9.844718966645457,8
4448675,9.90179810688331,5
4448684,9.81352415247556,9
4448692,9.83356991349673,8
4448698,9.882104907299581,6
4448715,9.599190304749492,17
4448722,9.839436472864916,7
4448728,9.87659092404029,6
4448731,9.94579834280196,3
4448735,9.939259440338601,4
4448741,9.897606771686203,6
4448750,9.812418933701187,9
4448756,9.915688138215929,6
4448765,9.83070509386807,9
4448776,9.771950556880277,11
4448792,9.629979092524115,16
4448799,9.869363775462205,7
4448809,9.804598615933122,10
4448815,9.893656650496455,6
4448828,9.70727936913195,13
4448832,9.948163681521084,4
4448842,9.780688175515898,10
4448851,9.825209830297641,9
4448861,9.783857000097056,10
4448866,9.716541372014225,5
4448869,9.965379187750957,3
4448875,9.877080257200063,6
4448884,9.814753941607192,9
4448895,9.769267945808204,11
4448909,9.547086543706008,14
4448917,9.841794711352511,8
4448926,9.836703281230164,9
4448937,9.571141124529237,11
4448942,9.917378543165109,5
4448948,9.887893088618863,6
4448954,9.884054150963738,6
4448963,9.805005750176612,9
4448974,9.767816105677325,11
4448981,9.889856970388674,7
4448998,9.601328721549406,17
4449006,9.867613889927185,8
4449013,9.880220393300482,7
4449022,9.84008559226156,9
4449030,9.859959292237187,8
4449041,9.793289574089385,11
4449054,9.750275098808803,13
4449059,9.915794084953843,5
4449067,9.842117787527352,8
4449081,9.6918718288601,14
4449097,9.692910994722274,16
4449108,9.772270613218577,11
4449111,9.957757906162744,3
4449120,9.810898748791738,9
4449130,9.81608082031798,10
4449137,9.87881030985437,7
4449145,9.831169160891898,8
4449151,9.89383711718056,6
4449158,9.851439244509535,7
4449161,9.959610057807424,3
4449171,9.771408739286988,10
4449178,9.855422266429473,7
4449187,9.817495274374673,9
4449197,9.786643547145536,10
4449205,9.849527768241302,8
4449213,9.81737480089929,8
4449222,9.815997553283658,9
4449231,9.860052471808459,9
4449239,9.823829591666327,8
4449247,9.841784628592734,8
4449253,9.881872185065017,6
4449263,9.804987583002301,10
4449269,9.907701383358795,6
4449272,9.972410643682009,3
4449278,9.877510495426467,6
4449290,9.798975411169783,12
4449298,9.874459670075316,8
4449309,9.758471304930657,11
4449320,9.785684306290367,11
4449326,9.880248648241576,6
4449334,9.826719521095656,8
4449342,9.833680273926573,8
4449343,10.0,1
4449355,9.735898029417758,12
4449360,9.918337107807744,5
4449368,9.839282782256927,8
4449369,10.0,1
4449388,9.56588513819115,19
4449397,9.839375792029996,9
4449409,9.739646252593252,12
4449417,9.855186006372408,8
4449425,9.847105764481409,8
4449437,9.551485379967794,12
4449448,9.766407861402667,11
4449451,9.959340240533777,3
4449465,9.699848734396502,14
4449476,9.766730560794315,11
4449487,9.784868514336212,11
4449496,9.815643400218352,9
4449501,9.914831287189186,5
4449504,9.752811301632526,3
4449510,9.891269237270308,6
4449519,9.799004200525985,9
4449525,9.906160040118408,6
4449533,9.843094633713301,8
4449540,9.882568685791387,7
4449549,9.841114117870212,9
4449562,9.712964770611038,13
4449566,9.942725741872158,4
4449577,9.748381429958751,11
4449586,9.813067956326815,9
4449593,9.86273285255713,7
4449603,9.81355967357449,10
4449611,9.850192939507814,8
4449620,9.809450703997177,9
4449625,9.916940961201684,5
4449635,9.800048446181282,10
4449642,9.884826796360281,7
4449648,9.90440196228425,6
4449654,9.890647139344436,6
4449666,9.755891505273414,12
4449667,10.0,1
4449668,9.992083019331677,1
4449678,9.80293385742206,10
4449685,9.861374375398691,7
4449695,9.782072795534168,10
4449700,9.926556566746768,5
4449717,9.628974087023002,17
4449730,9.712340552749737,13
4449734,9.94867458954921,4
4449747,9.705423744378502,13
4449759,9.731280558484794,12
4449770,9.782211899109438,11
4449776,9.886721276834878,6
4449777,10.0,1
4449785,9.842619604113134,8
4449791,9.886278882476661,6
4449802,9.739042182757345,11
4449814,9.747879846201664,12
4449825,9.73881541786582,11
4449829,9.938013264998226,4
4449836,9.860429318989866,7
4449839,9.95908150588323,3
4449845,9.89210967761445,6
4449846,10.0,1
4449857,9.74560403407395,11
4449865,9.838909557766067,8
4449875,9.796504054042563,10
4449885,9.767966171843021,10
4449888,9.950064172954393,3
4449898,9.797860347011726,10
4449901,9.966699363840172,3
4449914,9.675420218394391,13
4449927,9.702707104406318,13
4449938,9.757571968221217,11
4449940,9.985146175086836,2
4449948,9.822797170399399,8
4449949,9.989298499708102,1
4449955,9.885524020406784,6
4449959,9.931085984460633,4
4449972,9.735245950034141,13
4449983,9.768443887037725,11
4449989,9.880331310357898,6
4449993,9.932636059690656,4
4449999,9.91018128132743,6
4450006,9.858659579533121,7
4450007,10.0,1
4450017,9.779087705429912,10
4450038,9.585038147564656,21
4450044,9.893647423796375,6
4450055,9.772092531678359,11
4450068,9.713940655566073,13
4450081,9.755869158789228,13
4450087,9.917674012825314,6
4450099,9.760210441270418,12
4450111,9.640493823381087,12
4450121,9.774319019727589,10
4450124,9.9623317206288,3
4450138,9.776945876354118,14
4450147,9.816818563170141,9
4450150,9.953232883367331,3
4450157,9.856938063638585,7
4450161,9.937395107236963,4
4450165,9.934006000078982,4
4450177,9.746605906921122,12
4450190,9.725524004787543,13
4450196,9.898164886187976,6
4450203,9.893663697665053,7
4450214,9.773632079343503,11
4450222,9.83449472923239,8
4450223,10.0,1
4450233,9.807229042137434,10
4450234,10.0,1
4450238,9.941514207432796,4
4450244,9.892746401306482,6
4450252,9.84437854301449,8
4450253,9.989497335072107,1
4450263,9.595770990837652,10
4450271,9.843211831528006,8
4450276,9.905464638786086,5
4450290,9.498974947064331,14
4450297,9.85468639362888,7
4450307,9.820177983374238,10
4450321,9.70635484815415,14
4450323,9.97205018817392,2
4450330,9.865938251422882,7
4450340,9.79324517284083,10
4450356,9.648740206724446,16
4450369,9.690012453017456,13
4450377,9.840575274840434,8
4450388,9.738962999358932,11
4450392,9.947120857338078,4
4450402,9.79878299288482,10
4450406,9.937561324036203,4
4450416,9.788221701648173,10
4450427,9.800272898970851,11
4450431,9.73605580733948,4
4450442,9.796682816266335,11
4450454,9.731781948729447,12
4450462,9.8347240134043,8
4450470,9.846958050617204,8
4450480,9.490158323212881,10
4450481,10.0,1
4450500,9.5848628195023,19
4450501,10.0,1
4450512,9.788483275186216,11
4450518,9.873411693241842,6
4450534,9.643891710091705,16
4450543,9.61920653094171,9
4450549,9.899603986716063,6
4450556,9.869508379924609,7
4450558,9.972466645812961,2
4450559,10.0,1
4450564,9.92985543633371,5
4450573,9.806243701244487,9
4450581,9.860389309041606,8
4450584,9.963710089623563,3
4450594,9.799798689343067,10
4450599,9.921717213907906,5
4450610,9.768258189564786,11
4450623,9.709326567809873,13
4450633,9.794434416668402,10
4450639,9.873200073309654,6
4450656,9.634118682164365,17
4450670,9.676061913860773,14
4450671,10.0,1
4450686,9.638332764074837,15
4450695,9.808028046531396,9
4450697,9.973610599587856,2
4450707,9.816978695667885,10
4450714,9.88087566798457,7
4450721,9.872439800412584,7
4450726,9.909413784746159,5
4450732,9.886738344389732,6
4450739,9.87044759855725,7
4450749,9.800292595758217,10
4450751,9.976813392052446,2
4450755,9.932237812622079,4
4450764,9.797254240518766,9
4450770,9.891481560542646,6
4450777,9.857406740090992,7
4450783,9.708020871493947,6
4450792,9.82296601132895,9
4450793,10.0,1
4450796,9.960515551343608,3
4450813,9.62032050228881,17
4450824,9.757291340984795,11
4450832,9.855707187443434,8
4450848,9.679519684264081,16
4450861,9.72590578887182,13
4450874,9.69985969644552,13
4450885,9.768494966742034,11
4450886,10.0,1
4450895,9.825422066694298,9
4450896,10.0,1
4450906,9.786078994967648,10
4450916,9.78263465725806,10
4450925,9.830796319623207,9
4450927,9.977660654746954,2
4450928,10.0,1
4450940,9.744441720876399,12
4450945,9.918398796321425,5
4450952,9.671429759497078,7
4450960,9.858768511144092,8
4450968,9.84091999134389,8
4450976,9.858702618204656,8
4450983,9.881004344749288,7
4450991,9.85550959002983,8
4450998,9.889125866927147,7
4451006,9.829843987593375,8
4451023,9.616283106938381,17
4451034,9.771826121597607,11
4451053,9.576601314613507,19
4451060,9.869279149910643,7
4451070,9.774130867264159,10
4451079,9.821385339283596,9
4451086,9.86794495116978,7
4451093,9.870976321343528,7
4451101,9.870796252651868,8
4451102,10.0,1
4451113,9.773675378396126,11
4451122,9.815564256623958,9
4451131,9.792752546996761,9
4451132,10.0,1
4451148,9.63035983826365,16
4451156,9.820298925500545,8
4451164,9.856319893172934,8
4451170,9.90971124192645,6
4451179,9.82639428144036,9
4451188,9.82173746266932,9
4451201,9.679660414742546,13
4451202,9.996388631966807,1
4451209,9.864639277811007,7
4451218,9.833483185105942,9
4451230,9.770485278347614,12
4451237,9.90546176960952,7
4451245,9.81929375502394,8
4451250,9.920171869780997,5
4451260,9.792682560309228,10
4451272,9.727360289930552,12
4451286,9.493154706434964,14
4451296,9.839955046692353,10
4451297,9.989555451476242,1
4451302,9.919249001702836,5
4451322,9.482325879820165,20
4451327,9.91732429393951,5
4451344,9.618525879461961,17
4451352,9.862164112878265,8
4451361,9.827694189652451,9
4451365,9.95058325444243,4
4451369,9.745087117643836,4
4451382,9.616421336442565,13
4451393,9.762282842022328,11
4451400,9.882881279691665,7
4451408,9.830923138568192,8
4451414,9.911129944597338,6
4451421,9.874915835744153,7
4451425,9.937638082105344,4
4451436,9.780834123414786,11
4451450,9.690399351645947,14
4451457,9.90033458163003,7
4451460,9.945936853761612,3
4451468,9.840830253741986,8
4451470,9.981497539063353,2
4451477,9.874106421719988,7
4451486,9.793172287766897,9
4451498,9.742774328673223,12
4451514,9.619362271681316,16
4451518,9.945461831504103,4
4451529,9.788666962894512,11
4451540,9.768991038759536,11
4451545,9.900377027141891,5
4451554,9.826193366611605,9
4451561,9.65925279607162,7
4451574,9.433483410879598,13
4451586,9.72084951433689,12
4451595,9.788483754590953,9
4451605,9.788009542609737,10
4451617,9.737183942418138,12
4451622,9.921621486026904,5
4451626,9.949140513177657,4
4451640,9.686777006903618,14
4451650,9.790150366097542,10
4451662,9.734841585442044,12
4451673,9.74975261595361,11
4451674,10.0,1
4451681,9.852240722953693,7
4451690,9.834649399057946,9
4451704,9.676463878273367,14
4451707,9.96080452074672,3
4451714,9.868371213720522,7
4451725,9.763076007779553,11
4451732,9.866004690945543,7
4451744,9.72592217302805,12
4451762,9.59975667364496,18
4451775,9.70859538188304,13
4451783,9.838774907609542,8
4451788,9.906991446368627,5
4451795,9.875083973223244,7
4451804,9.840579117974844,9
4451805,9.996070016552146,1
4451815,9.76162695861109,10
4451825,9.785174321026027,10
4451842,9.651993158907073,17
4451851,9.827832701840485,9
4451862,9.774610328604094,11
4451864,9.970969823711995,2
4451867,9.945273884539562,3
4451878,9.76597414236368,11
4451882,9.949054243501083,4
4451894,9.740732696374584,12
4451899,9.910124222992174,5
4451902,9.966369634253365,3
4451911,9.807084714212328,9
4451920,9.845230550697039,9
4451930,9.795845520743425,10
4451936,9.900926973713744,6
4451944,9.8429906874303,8
4451948,9.92928464596313,4
4451957,9.804579524150116,9
4451966,9.843625421674615,9
4451975,9.813854974475296,9
4451984,9.819088583300394,9
4451995,9.73675424268558,11
4452002,9.86570659458745,7
4452011,9.839821388279363,9
4452015,9.942162972961466,4
4452019,9.942404085088343,4
4452020,10.0,1
4452033,9.445470515321029,13
4452042,9.846859605609602,9
4452043,10.0,1
4452051,9.860577023776203,8
4452060,9.80684342089118,9
4452069,9.823101168585822,9
4452074,9.926236263832905,5
4452076,9.972794192757615,2
4452082,9.894150775259662,6
4452087,9.912045599887122,5
4452093,9.911928154705047,6
4452107,9.68778858110889,14
4452115,9.848363800548526,8
4452125,9.804212119764461,10
4452135,9.791696850190592,10
4452141,9.880633733090239,6
4452142,10.0,1
4452150,9.829712648385641,8
4452156,9.883576059917957,6
4452157,10.0,1
4452166,9.807072319728457,9
4452179,9.707818057806646,13
4452191,9.743879347770502,12
4452196,9.928761470476639,5
4452206,9.518622980019778,10
4452207,10.0,1
4452212,9.925601874096948,5
4452220,9.861089650884992,8
4452232,9.741330929011243,12
4452238,9.90344048488316,6
4452250,9.767171220389972,12
4452255,9.919669077020881,5
4452273,9.566958278868196,18
4452287,9.6825057712216,14
4452288,10.0,1
4452299,9.800169121018305,11
4452307,9.868552444230447,8
4452319,9.759559459591289,12
4452329,9.782841959690842,10
4452330,10.0,1
4452339,9.845363962158647,9
4452348,9.796724209319565,9
4452358,9.79011090789404,10
4452369,9.774483036535285,11
4452370,10.0,1
4452379,9.800114154868151,9
4452389,9.766887541497105,10
4452394,9.927199603295103,5
4452406,9.755993310936132,12
4452419,9.7182699331724,13
4452425,9.907953524483936,6
4452436,9.799018380612807,11
4452446,9.766863209229882,10
4452449,9.968498628032226,3
4452453,9.935868035794375,4
4452463,9.84641298928034,10
4452470,9.876212761931066,7
4452482,9.732682649478756,12
4452483,10.0,1
4452498,9.654403213534964,15
4452500,9.980954952582117,2
4452510,9.67536199497825,10
4452518,9.848575345869216,8
4452523,9.913229219974527,5
4452534,9.743466822071156,11
4452535,10.0,1
4452543,9.8564236643981,8
4452551,9.749752676132122,8
4452560,9.810259296299522,9
4452563,9.959037568304725,3
4452568,9.907589332792124,5
4452576,9.847144735758182,8
4452587,9.784774706994945,11
4452595,9.844524603250717,8
4452606,9.78096323280805,11
4452619,9.735365526747215,13
4452628,9.821932053053983,9
4452634,9.879940277283454,6
4452640,9.89758875578112,6
4452649,9.810671754375976,9
4452656,9.855784841701329,7
4452660,9.93559771661861,4
4452667,9.859828878204906,7
4452671,9.926666721910234,4
4452674,9.957128279632768,3
4452685,9.753344466995735,11
4452690,9.919295706676845,5
4452693,9.947458291470229,3
4452701,9.830540445173023,8
4452712,9.749255519066958,11
4452728,9.668839192199234,16
4452734,9.901632492465055,6
4452739,9.920189282771661,5
4452756,9.666328625172167,17
4452764,9.837780726990331,8
4452769,9.8982425094988,5
4452772,9.962672499431804,3
4452777,9.91224508110811,5
4452783,9.925895444787733,6
4452795,9.742670567595964,12
4452807,9.740611274197946,12
4452821,9.691432568440304,14
4452842,9.624177396488436,21
4452850,9.845860681626096,8
4452855,9.921936994773981,5
4452859,9.931115986340306,4
4452860,10.0,1
4452864,9.93868528569489,4
4452875,9.769420737187405,11
4452879,9.930896994329833,4
4452884,9.911372100428581,5
4452897,9.712167823492576,13
4452902,9.911298661391351,5
4452911,9.834031359718862,9
4452928,9.582351778640728,17
4452935,9.85916949262703,7
4452946,9.753590023973452,11
4452954,9.836563285064992,8
4452960,9.881566406582362,6
4452966,9.899437646638706,6
4452979,9.696380057391831,13
4452992,9.706646487402557,13
4453008,9.422955767986977,16
4453023,9.641025338517098,15
4453024,10.0,1
4453025,10.0,1
4453032,9.881931964706467,7
4453044,9.725825339232864,12
4453050,9.884992354057628,6
4453052,9.980205601219511,2
4453063,9.741581524782182,11
4453064,10.0,1
4453065,10.0,1
4453068,9.960125593545312,3
4453073,9.924062808274593,5
4453083,9.764136390942728,10
4453090,9.87420837576527,7
4453100,9.78969123713284,10
4453111,9.775034053967216,11
4453112,10.0,1
4453117,9.924557439478471,5
4453124,9.8861998305961,7
4453131,9.870359780973313,7
4453139,9.856141861717482,8
4453153,9.671252312465365,14
4453157,9.926542755133003,4
4453167,9.791056550409218,10
4453177,9.774738989414354,10
4453188,9.759608553459964,11
4453191,9.948934167354581,3
4453199,9.85900167033641,8
4453210,9.757512718915757,11
4453214,9.940732704134566,4
4453229,9.657163354035387,15
4453231,9.984809759349057,2
4453238,9.85498391222038,7
4453245,9.853622170938902,7
4453255,9.805444445316798,10
4453263,9.555588631853034,8
4453271,9.829347608967357,8
4453283,9.707583683016919,12
4453284,10.0,1
4453285,10.0,1
4453286,10.0,1
4453293,9.861192311784864,7
4453305,9.765919929035462,12
4453308,9.96224784878683,3
4453312,9.94051792720261,4
4453315,9.964395010039901,3
4453323,9.834342982399033,8
4453333,9.765464788544625,10
4453340,9.864497582851453,7
4453347,9.851107983287333,7
4453353,9.901900199623835,6
4453357,9.94455284924997,4
4453363,9.899044136087676,6
4453369,9.88190768473384,6
4453370,10.0,1
4453374,9.93169974703278,4
4453386,9.702620525382578,12
4453394,9.846487864416227,8
4453401,9.855873848165032,7
4453412,9.772980826921078,11
4453413,10.0,1
4453422,9.8211114567285,9
4453439,9.632017585332957,17
4453445,9.907237982122668,6
4453453,9.845461160626241,8
4453459,9.885270390120814,6
4453466,9.770365009452767,7
4453472,9.889015886297974,6
4453480,9.826919814140517,8
4453481,10.0,1
4453491,9.786691376410197,10
4453503,9.728657219029628,12
4453511,9.810763657033672,8
4453524,9.69866840893939,13
4453525,10.0,1
4453535,9.791567541767726,10
4453544,9.80832959847889,9
4453551,9.845115317672438,7
4453568,9.60820147288492,17
4453569,10.0,1
4453591,7.862584785400991,22
4453595,9.948047292920068,4
4453596,10.0,1
4453602,9.900965962868556,6
4453608,9.872432477158315,6
4453611,9.951382906358187,3
4453615,9.94913339384159,4
4453620,9.9176309212783,5
4453633,9.7310969192825,13
4453646,9.709404107125758,13
4453651,9.935205865532746,5
4453656,9.91869356906511,5
4453664,9.857683859397058,8
4453679,9.670357657640164,15
4453692,9.75834137090127,13
4453702,9.813612578815201,10
4453715,9.706878408173191,13
4453716,10.0,1
4453721,9.931884313077948,5
4453722,10.0,1
4453728,9.890267888961203,6
4453737,9.818843385187915,9
4453744,9.86580365194431,7
4453755,9.761502756980443,11
4453761,9.903346045794738,6
4453774,9.691324219800743,13
4453777,9.949210746515178,3
4453779,9.97919111894628,2
4453784,9.91477782288634,5
4453790,9.897263777558964,6
4453803,9.69959955754934,13
4453807,9.94018976856739,4
4453808,10.0,1
4453819,9.756083612169977,11
4453830,9.757672700385106,11
4453831,9.99621146654219,1
4453836,9.920742783095397,5
4453845,9.824300236283044,9
4453856,9.773887568573317,11
4453867,9.784926450944456,11
4453868,9.988931932102457,1
4453873,9.911587357193595,5
4453877,9.940137410959967,4
4453884,9.846084036211428,7
4453885,10.0,1
4453886,10.0,1
4453890,9.940721760324912,4
4453908,9.56577817094439,18
4453919,9.765720806814537,11
4453921,9.985031421546628,2
4453942,4.876738275560301,21
4453954,9.740206767467427,12
4453959,9.932096166868963,5
4453964,9.92333961049435,5
4453979,9.434042622114049,15
4453989,9.793709688424777,10
4453997,9.84033488437341,8
4454001,9.935849622770537,4
4454006,9.62032887719962,5
4454013,9.879039653166936,7
4454027,9.680304109926684,14
4454045,9.389347162872285,18
4454054,9.835366306534919,9
4454058,9.944252849002982,4
4454060,9.971489368940293,2
4454072,9.702860288485539,12
4454082,9.792323863779348,10
4454088,9.892283322405937,6
4454089,10.0,1
4454093,9.930820790765168,4
4454102,9.811868137121257,9
4454125,9.48942328471062,23
4454137,9.740968607871544,12
4454143,9.881594025434229,6
4454144,10.0,1
4454156,9.773455720294306,12
4454157,10.0,1
4454161,9.951678801648805,4
4454166,9.936004635714644,5
4454173,9.88156395435589,7
4454182,9.81741449746983,9
4454187,9.936820155146204,5
4454195,9.822878639119727,8
4454205,9.801671883656297,10
4454217,9.732200070907577,12
4454230,9.698623201990419,13
4454234,9.952325749942366,4
4454246,9.722917216145916,12
4454251,9.908730603327777,5
4454265,9.72758701495814,14
4454273,9.848198457584393,8
4454276,9.957713484332254,3
4454285,9.83857649480315,9
4454290,9.906036357874273,5
4454297,9.873421208539664,7
4454308,9.735933756697495,11
4454316,9.81959881176679,8
4454324,9.848186132435949,8
4454337,9.689417770893696,13
4454352,9.648243156958598,15
4454353,10.0,1
4454362,9.811914400155747,9
4454366,9.945164232604357,4
4454374,9.841169300431215,8
4454392,9.4891382993954,18
4454409,9.712401053500013,17
4454414,9.917253728811646,5
4454422,9.832660754574126,8
4454434,9.79044756127696,12
4454442,9.839284260912601,8
4454444,9.98091148939289,2
4454447,9.953843402874414,3
4454457,9.794688237906865,10
4454463,9.873774101251579,6
4454475,9.759566002158232,12
4454476,9.992813410314579,1
4454487,9.771618828369354,11
4454494,9.883493059929254,7
4454509,9.562997674438021,15
4454517,9.86508479027881,8
4454526,9.816665033081124,9
4454535,9.817313051532722,9
4454548,9.398476629455002,13
4454556,9.832405672409095,8
4454564,9.843620266954062,8
4454581,9.677298600896687,17
4454589,9.845477674904743,8
4454593,9.934429458031039,4
4454603,9.78586613924073,10
4454613,9.78703944803278,10
4454625,9.735859458875051,12
4454633,9.818862227540084,8
4454642,9.809242116668552,9
4454650,9.85325503131071,8
4454657,9.888419646752325,7
4454663,9.907089371872708,6
4454686,9.378575414911074,23
4454695,9.81346914254373,9
4454705,9.813254659628871,10
4454713,9.832241544798006,8
4454727,9.700231455895715,14
4454732,9.920349176816222,5
4454735,9.95945642483463,3
4454750,9.687370037289535,15
4454752,9.985355079374722,2
4454765,9.750541514714067,13
4454770,9.912620331982284,5
4454777,9.896876607934656,7
4454786,9.81763803853107,9
4454789,9.953342469165959,3
4454799,9.797305556739492,10
4454807,9.866490164008962,8
4454808,10.0,1
4454819,9.764851172325654,11
4454830,9.763926854903385,11
4454838,9.865604785643084,8
4454846,9.851912271457573,8
4454853,9.765793375356337,7
4454869,9.64307777842278,16
4454879,9.77880982455116,10
4454887,9.84444502937327,8
4454894,9.88915799918543,7
4454903,9.790904191113034,9
4454907,9.921439667608318,4
4454910,9.950008466023077,3
4454917,9.84054438544866,7
4454919,9.978201855891905,2
4454923,9.934028572161836,4
4454928,9.914391353187339,5
4454929,10.0,1
4454938,9.818052397791405,9
4454945,9.871757193227262,7
4454951,9.881180045453794,6
4454960,9.815030677629979,9
4454974,9.696988389392848,14
4454980,9.90226417523773,6
4454982,9.980767185243096,2
4454990,9.834965673547073,8
4454991,10.0,1
4454995,9.92631705700703,4
4454996,10.0,1
4454998,9.97971206921038,2
4455003,9.913731752995188,5
4455011,9.824776330597743,8
4455012,10.0,1
4455021,9.826782421393041,9
4455030,9.821673617312692,9
4455048,9.632053302006229,18
4455056,9.869403215133309,8
4455062,9.903937558990874,6
4455071,9.814612426959012,9
4455072,9.992084006922974,1
4455082,9.807016731541443,10
4455090,9.634550371901744,8
4455104,9.683078657738875,14
4455114,9.792199426713895,10
4455124,9.792690927077148,10
4455135,9.764002961951824,11
4455149,9.681118955056311,14
4455160,9.765045008895216,11
4455166,9.914421448294448,6
4455180,9.76497644705361,14
4455188,9.853912107519987,8
4455201,9.698049638600276,13
4455210,9.818011175336322,9
4455214,9.945373394836327,4
4455222,9.821128112337634,8
4455228,9.892040539302455,6
4455239,9.753243991889567,11
4455253,9.698991316570654,14
4455259,9.803295392658582,6
4455264,9.910830327847322,5
4455268,9.950828856298697,4
4455282,9.495268167511218,14
4455288,9.904478992756067,6
4455295,9.870393091057934,7
4455305,9.77016057406469,10
4455306,10.0,1
4455317,9.74941197119278,11
4455318,10.0,1
4455329,9.785431708855217,11
4455343,9.697198306788875,14
4455354,9.751408441773219,11
4455366,9.643994973457248,12
4455371,9.915686187398856,5
4455380,9.788014957920772,9
4455385,9.917057020966816,5
4455389,9.940122438724796,4
4455394,9.932973247571956,5
4455417,9.524124078921949,23
4455428,9.749918926812823,11
4455436,9.81519913954039,8
4455443,9.863806336098055,7
4455448,9.911770173756242,5
4455460,9.745522007897195,12
4455467,9.867470002174592,7
4455477,9.794113156770795,10
4455482,9.910995781882853,5
4455491,9.807040374158328,9
4455497,9.904974923734931,6
4455502,9.921488626536338,5
4455509,9.867227264829891,7
4455524,9.545238470635923,15
4455534,9.7965346423268,10
4455540,9.891620121018606,6
4455546,9.910665760140809,6
4455559,9.718598324259899,13
4455563,9.926714321959999,4
4455572,9.81907708592212,9
4455577,9.917220240716292,5
4455580,9.848280354956584,3
4455581,10.0,1
4455588,9.88428952312656,7
4455592,9.942354615169746,4
4455601,9.824290340487913,9
4455603,9.978519593645162,2
4455604,9.992476353637525,1
4455620,9.598429982453663,16
4455625,9.907249075876456,5
4455637,9.729706042423194,12
4455647,9.79196718413179,10
4455659,9.749757979739709,12
4455665,9.905370771829295,6
4455668,9.966992332370598,3
4455671,9.95082103343266,3
4455686,9.681534208835108,15
4455697,9.683254809009231,11
4455709,9.729943244158056,12
4455711,9.975788772134418,2
4455722,9.784247297347353,11
4455729,9.864967149769704,7
4455735,9.905796453357807,6
4455739,9.92896101388098,4
4455748,9.8333687942675,9
4455759,9.760076038384454,11
4455771,9.704311820923394,12
4455772,10.0,1
4455778,9.880649236245437,6
4455785,9.66780216205813,7
4455794,9.849503919776964,9
4455802,9.845100254360466,8
4455806,9.940099378795058,4
4455814,9.850273503492867,8
4455827,9.70599412991974,13
4455843,9.65820591916643,16
4455848,9.915242090302446,5
4455856,9.825509555074005,8
4455863,9.881017467968446,7
4455871,9.83251582267252,8
4455890,9.607462572904556,19
4455901,9.754490108170383,11
4455909,9.664337129130821,8
4455916,9.882779360608495,7
4455921,9.720434522595085,5
4455926,9.905253302403061,5
4455935,9.817822918705106,9
4455936,10.0,1
4455948,9.730172505962145,12
4455949,9.996382063752216,1
4455959,9.776528454878504,10
4455965,9.893386389640288,6
4455972,9.869447333275899,7
4455977,9.915752647945276,5
4455982,9.89680336293611,5
4455998,9.638950315393323,16
4456002,9.950718371845285,4
4456017,9.692923877440922,15
4456024,9.863707584322096,7
4456035,9.762521955693739,11
4456041,9.88256944543208,6
4456042,10.0,1
4456053,9.788319713680666,11
4456054,10.0,1
4456059,9.928370710775031,5
4456064,9.935489885716768,5
4456070,9.910960410182886,6
4456081,9.801573919866444,11
4456089,9.843981726250039,8
4456098,9.814182209313788,9
4456112,9.69493605535797,14
4456116,9.939930728364171,4
4456125,9.820648504208297,9
4456132,9.85594485543344,7
4456147,9.623425996723082,15
4456151,9.933318870883792,4
4456168,7.858170390822439,17
4456173,9.905838382100486,5
4456179,9.895690079150611,6
4456185,9.88583464805989,6
4456198,9.754591303309459,13
4456204,9.878341832065143,6
4456217,9.71122511521883,13
4456219,9.97038516517651,2
4456228,9.837304750177475,9
4456236,9.831523431064632,8
4456243,9.886862052369978,7
4456250,9.874174330700503,7
4456268,9.600441074796228,18
4456280,9.725210232685265,12
4456282,9.976788607372749,2
4456288,9.886797716800878,6
4456294,9.877689619264785,6
4456299,9.904231886679046,5
4456303,9.928486507751693,4
4456313,9.799776916389408,10
4456323,9.785990030252126,10
4456331,9.841783023125329,8
4456344,9.713022412611409,13
4456358,9.690462834693976,14
4456367,9.711834910752295,9
4456368,10.0,1
4456375,9.851427696608683,7
4456384,9.80826741889733,9
4456388,9.941866143692472,4
4456398,9.805671363285697,10
4456408,9.782058387251364,10
4456409,10.0,1
4456425,9.628462376121055,16
4456433,9.818435033872655,8
4456444,9.787948493624565,11
4456452,9.832085736870777,8
4456459,9.849951312899858,7
4456468,9.79547983502485,9
4456489,9.480869412825578,21
4456493,9.93932373183378,4
4456497,9.930700766562197,4
4456505,9.85198737246158,8
4456512,9.860924350648986,7
4456520,9.843236107017242,8
4456523,9.95100081210946,3
4456525,9.974524492405417,2
4456533,9.85304877259897,8
4456548,9.550127749033168,15
4456555,9.878990377478,7
4456556,10.0,1
4456559,9.959383743216131,3
4456569,9.796512014159594,10
4456570,10.0,1
4456575,9.89879227103271,5
4456587,9.758679615065406,12
4456593,9.9007213880213,6
4456603,9.779733824119894,10
4456604,9.996280988611428,1
4456611,9.873112144335881,7
4456612,9.996433768940095,1
4456622,9.775486257803847,10
4456629,9.851348822552552,7
4456640,9.771229165576313,11
4456648,9.85305913590698,8
4456651,9.954484771630534,3
4456661,9.786724478397243,10
4456667,9.897755083384881,6
4456680,9.709827928256644,13
4456685,9.930496223549198,5
4456694,9.80453208376387,9
4456701,9.865436909659728,7
4456705,9.945880014964308,4
4456713,9.84638936935415,8
4456720,9.68121705057281,7
4456721,10.0,1
4456735,9.683475125834974,14
4456761,9.498984864044994,26
4456770,9.801174704194676,9
4456771,10.0,1
4456776,9.937055046974153,5
4456783,9.846817318700317,7
4456789,9.886409781667345,6
4456801,9.739708844889877,12
4456806,9.927210483944034,5
4456811,9.93101778086866,5
4456820,9.835008100896268,9
4456824,9.934074746006813,4
4456831,9.860965240562514,7
4456835,9.952641968217659,4
4456843,9.823533358060107,8
4456844,9.990065659310313,1
4456852,9.815294898557351,8
4456860,9.869126864428159,8
4456876,9.615784224798373,16
4456878,9.970968021753766,2
4456889,9.75698581891729,11
4456905,9.55975302568343,16
4456920,9.662851361394344,15
4456921,10.0,1
4456923,9.97700549484641,2
4456935,9.73970045215299,12
4456945,9.801433128122575,10
4456954,9.82261196826527,9
4456964,9.838783457526542,10
4456970,9.886587932111253,6
4456976,9.8893186049129,6
4456994,9.592865242163118,18
4456999,9.905093616946388,5
4457006,9.664125617588839,7
4457007,10.0,1
4457011,9.939492580978428,4
4457016,9.903045875639508,5
4457025,9.821387686004023,9
4457031,9.893930662890154,6
4457038,9.839094777664963,7
4457045,9.873327765489558,7
4457055,9.779977395953638,10
4457068,9.708011034218407,13
4457069,10.0,1
4457070,10.0,1
4457072,9.97886452732675,2
4457081,9.802652179811863,9
4457088,9.854974403517991,7
4457098,9.806864049861199,10
4457109,9.75493881074841,11
4457115,9.907205846250335,6
4457119,9.936287073985998,4
4457130,9.726668423869992,11
4457131,10.0,1
4457141,9.797581643016544,10
4457143,9.972600244180912,2
4457151,9.828377867965145,8
4457160,9.826015430536069,9
4457166,9.902818660619731,6
4457168,9.975251956600964,2
4457175,9.849718111093384,7
4457180,9.91255780397496,5
4457188,9.866057952377544,8
4457196,9.866114454832394,8
4457197,9.996561207028458,1
4457204,9.873342340606321,7
4457214,9.817704351483991,10
4457221,9.846254813031658,7
4457223,9.981060084422007,2
4457235,9.631434891385004,12
4457258,9.491122583313174,23
4457261,9.961720264329392,3
4457265,9.949609510800773,4
4457275,9.77941573486433,10
4457284,9.822442700166183,9
4457296,9.730682204993311,12
4457302,9.894117350371065,6
4457312,9.681813862900444,10
4457320,9.824780098294145,8
4457323,9.96292744027026,3
4457334,9.765575571513587,11
4457343,9.802117925661431,9
4457357,9.698423818093401,14
4457366,9.822514779216458,9
4457367,10.0,1
4457369,9.970897221164117,2
4457375,9.897162767823339,6
4457379,9.944002408011062,4
4457383,9.936603073816965,4
4457387,9.923188705862716,4
4457396,9.805583758202598,9
4457409,9.696067331835753,13
4457418,9.83742855195241,9
4457424,9.885377770538025,6
4457428,9.94300583856639,4
4457435,9.862791173014818,7
4457448,9.67692341770067,13
4457458,9.781002062893988,10
4457467,9.854286358531406,9
4457471,9.942696215930843,4
4457480,9.797992433619585,9
4457492,9.73022051189146,12
4457500,9.82773345074157,8
4457515,9.645734024715535,15
4457516,10.0,1
4457528,9.559901018720689,12
4457541,9.701853828987414,13
4457550,9.819483390557675,9
4457562,9.700813636704705,12
4457568,9.90434066556179,6
4457572,9.925882953554021,4
4457576,9.944575050153608,4
4457577,10.0,1
4457584,9.885731268554087,7
4457593,9.834534383015482,9
4457604,9.761595377241015,11
4457605,10.0,1
4457611,9.899271747718782,6
4457623,9.774268489533593,12
4457629,9.888324893599568,6
4457645,9.615997653079761,16
4457646,10.0,1
4457658,9.716284243977022,12
4457667,9.841753017276934,9
4457675,9.868037761977352,8
4457685,9.797592246434856,10
4457689,9.944636615930575,4
4457698,9.812941221825675,9
4457708,9.802711667578334,10
4457714,9.888801108901262,6
4457725,9.766066896187068,11
4457726,10.0,1
4457733,9.868940716849224,7
4457741,9.836758325609182,8
4457752,9.768282973182872,11
4457760,9.849546682678996,8
4457769,9.82141440411237,9
4457778,9.812962193165625,9
4457788,9.789332067755723,10
4457796,9.82792536933982,8
4457803,9.858384186221917,7
4457819,9.5224071375824,16
4457825,9.890334809494021,6
4457826,10.0,1
4457835,9.797649697144042,9
4457845,9.795031809755663,10
4457853,9.85941620767258,8
4457861,9.860134316230337,8
4457870,9.809403311814938,9
4457873,9.962892740328922,3
4457879,9.894585212510897,6
4457894,9.67207345775156,15
4457903,9.819738936060022,9
4457909,9.905104502969191,6
4457918,9.817265502312985,9
4457924,9.887802945275958,6
4457935,9.764491498369186,11
4457950,9.63806187475319,15
4457956,9.902219928557184,6
4457957,9.989052136237817,1
4457963,9.88829288636731,6
4457968,9.905822337207145,5
4457977,9.822010788172502,9
4457978,10.0,1
4457992,9.522324555011163,14
4457999,9.674985530945133,7
4458005,9.893604519815892,6
4458014,9.867019273302128,9
4458019,9.901429344510014,5
4458027,9.854236125152326,8
4458036,9.84906573025226,9
4458037,9.996340555789434,1
4458050,9.74097259866344,13
4458061,9.721244297831214,11
4458066,9.89921798550182,5
4458076,9.794629495210874,10
4458084,9.853911201968955,8
4458093,9.792747454097821,9
4458101,9.822271516768758,8
4458107,9.895140771930167,6
4458110,9.964856888995095,3
4458130,9.524987936826722,20
4458142,9.724846509473753,12
4458150,9.828678868930858,8
4458157,9.86725553969402,7
4458162,9.9068465816289,5
4458173,9.760300032267875,11
4458178,9.909977775764583,5
4458187,9.833891395357057,9
4458192,9.91980042909519,5
4458207,9.665085599627515,15
4458214,9.872798646017065,7
4458228,9.670093299475589,14
4458239,9.751067086600496,11
4458255,9.637129783593135,16
4458262,9.855685324829802,7
4458263,10.0,1
4458269,9.892859404753596,6
4458278,9.819721360756096,9
4458285,9.870010234973815,7
4458286,10.0,1
4458287,10.0,1
4458298,9.79991602193526,11
4458301,9.956068094636015,3
4458302,10.0,1
4458303,10.0,1
4458313,9.818002802357652,10
4458315,9.974575542057895,2
4458324,9.83840140630516,9
4458335,9.78888437622327,11
4458336,9.996664509793183,1
4458338,9.978928648351246,2
4458345,9.860792563776819,7
4458354,9.52449791891589,9
4458362,9.827785186857959,8
4458368,9.905093666046044,6
4458375,9.857083193778324,7
4458381,9.904644232666469,6
4458394,9.702283186721795,13
4458399,9.914341116153079,5
4458407,9.86970607979907,8
4458410,9.964065357991615,3
4458417,9.87104481048196,7
4458432,9.708612119256546,15
4458441,9.802820602291563,9
4458452,9.752293013171055,11
4458468,9.614291087007848,16
4458479,9.78582739945523,11
4458489,9.787534550805361,10
4458498,9.819612035628385,9
4458504,9.904414423033105,6
4458510,9.914141983690255,6
4458517,9.865302721885712,7
4458522,9.916598877200222,5
4458523,10.0,1
4458533,9.669155834721893,10
4458539,9.884440488684609,6
4458547,9.842327165252494,8
4458556,9.80116585246275,9
4458564,9.822956349844087,8
4458573,9.822001529282609,9
4458584,9.777501601313183,11
4458588,9.93267021595245,4
4458594,9.899041539045664,6
4458597,9.962539955329303,3
4458603,9.902880005593325,6
4458605,9.984791166384671,2
4458606,10.0,1
4458607,10.0,1
4458608,10.0,1
4458613,9.812387523754644,5
4458616,9.963226300743328,3
4458627,9.782878018069303,11
4458631,9.84512678407349,4
4458641,9.776968548526323,10
4458644,9.953011029895832,3
4458654,9.789771294294622,10
4458661,9.87560409676775,7
4458674,9.668858873696571,13
4458683,9.81959611987709,9
4458690,9.885408017557333,7
4458691,9.996146772985753,1
4458696,9.906027588622033,5
4458700,9.946763964851577,4
4458707,9.861746585412995,7
4458720,9.739737916838497,13
4458723,9.966035299733521,3
4458726,9.957761848602964,3
4458735,9.831596367039293,9
4458743,9.851102467715368,8
4458747,9.929823988739493,4
4458749,9.985174769922999,2
4458752,9.966206700427833,3
4458757,9.915632362709184,5
4458764,9.860575896169808,7
4458765,10.0,1
4458781,9.63023174704918,16
4458791,9.79271011253467,10
4458804,9.701402874896992,13
4458809,9.901264417552959,5
4458820,9.79398060522103,11
4458826,9.899514593130448,6
4458827,9.98705872932419,1
4458836,9.831680104370474,9
4458842,9.912647654261654,6
4458845,9.9516521334876,3
4458853,9.846910062350918,8
4458859,9.905606568254699,6
4458860,10.0,1
4458861,10.0,1
4458873,9.714461664475307,12
4458881,9.871455044097525,8
4458893,9.757075257820823,12
4458901,9.824488305014166,8
4458914,9.70544155213381,13
4458918,9.931352204566025,4
4458923,9.913240611826115,5
4458925,9.970683739682755,2
4458937,9.81089329164657,12
4458942,9.932669826007958,5
4458946,9.927788351594128,4
4458953,9.872764888298116,7
4458960,9.864762224072262,7
4458975,9.550267429236266,15
4458985,9.783039938313635,10
4458998,9.721725199633076,13
4459012,9.67822316680749,14
4459013,9.989661736074417,1
4459022,9.814153576109963,9
4459023,9.993558869578347,1
4459025,9.98667664879411,2
4459038,9.714036797542038,13
4459048,9.775196364075466,10
4459049,9.993259855152965,1
4459059,9.774982116651922,10
4459060,10.0,1
4459068,9.866742853084883,8
4459078,9.78806779761154,10
4459093,9.643186748290978,15
4459106,9.749571969954527,13
4459117,9.77455310421738,11
4459121,9.939438088932139,4
4459131,9.80168228974606,10
4459144,9.734901260624374,13
4459145,10.0,1
4459164,9.57979586236928,19
4459165,10.0,1
4459170,9.921383238428062,5
4459174,9.950585044833835,4
4459175,10.0,1
4459183,9.84627464945689,8
4459186,9.959490758586796,3
4459191,9.911428930341017,5
4459203,9.745524950333541,12
4459211,9.84343450474385,8
4459216,9.917181861640895,5
4459226,9.776719934389128,10
4459235,9.82861755343068,9
4459239,9.943494082072407,4
4459246,9.859604499660746,7
4459252,9.900910368803764,6
4459257,9.9246712441594,5
4459259,9.970213818236873,2
4459274,9.670610732737565,15
4459287,9.71297024717677,13
4459288,10.0,1
4459297,9.814801010872046,9
4459306,9.813853269496859,9
4459313,9.863887497274899,7
4459329,9.63468255915015,16
4459335,9.891043166294573,6
4459338,9.957257499081717,3
4459348,9.796512790393484,10
4459356,9.84091235035394,8
4459358,9.98605250331275,2
4459366,9.845268504154072,8
4459372,9.895098314723061,6
4459377,9.928519734397874,5
4459384,9.85812798553161,7
4459394,9.780550254836719,10
4459400,9.903736029967595,6
4459411,9.622171415699455,11
4459424,9.729906839266787,13
4459432,9.83725837502875,8
4459434,9.970432083754758,2
4459436,9.9732584003689,2
4459449,9.726231050098763,13
4459458,9.813792427913071,9
4459469,9.753102307762463,11
4459475,9.891954209788684,6
4459488,9.728560963133631,13
4459496,9.842910905848964,8
4459504,9.846164141017931,8
4459510,9.900273423692171,6
4459519,9.809991610044033,9
4459526,9.8531747261503,7
4459533,9.884294959938764,7
4459542,9.822578263050827,9
4459550,9.84644829914097,8
4459557,9.87556808076629,7
4459572,9.700920874235907,15
4459580,9.851964422301394,8
4459586,9.901897974983761,6
4459591,9.924415965213283,5
4459600,9.805538109888126,9
4459607,9.859122095126544,7
4459608,10.0,1
4459611,9.966650521149013,3
4459614,9.858924695344848,3
4459619,9.915699940564613,5
4459634,9.70502919869798,15
4459637,9.945658567203898,3
4459645,9.847665862063751,8
4459656,9.775387360855708,11
4459662,9.892276827127445,6
4459667,9.897983182502362,5
4459676,9.81441798841714,9
4459686,9.756986079400493,10
4459692,9.891156022350152,6
4459703,9.78559367821015,11
4459708,9.911382318453077,5
4459709,10.0,1
4459718,9.833420343255717,9
4459729,9.776359399000253,11
4459739,9.822198111966486,10
4459745,9.891514351391333,6
4459752,9.88240710912934,7
4459773,9.135412399272932,21
4459785,9.735423017358386,12
4459799,9.674939693319612,14
4459804,9.928071273274046,5
4459819,9.673955214728583,15
4459829,9.810943208739836,10
4459835,9.890388346308859,6
4459843,9.83848380358069,8
4459848,9.914486801979256,5
4459858,9.792332643531012,10
4459865,9.865644807689105,7
4459874,9.615935283816773,9
4459879,9.912833277535894,5
4459883,9.935166191408667,4
4459889,9.89105304613116,6
4459890,10.0,1
4459898,9.845373247605414,8
4459905,9.874031073656633,7
4459912,9.86521064400627,7
4459923,9.764023415636169,11
4459934,9.772403879714727,11
4459942,9.848267838780886,8
4459956,9.582863964444847,14
4459962,9.875639063363849,6
4459970,9.82673791185408,8
4459974,9.926046692151132,4
4459986,9.746125118446013,12
4459994,9.854961536666432,8
4459997,9.966213471410848,3
4460002,9.925804296513045,5
4460003,10.0,1
4460014,9.757379934089167,11
4460019,9.921387995511802,5
4460027,9.854834575074909,8
4460037,9.809532909693441,10
4460043,9.892732939138012,6
4460048,9.901913804483186,5
4460053,9.922858921850043,5
4460057,9.940528327992928,4
4460068,9.772222773325975,11
4460071,9.952682675336773,3
4460081,9.7996123971147,10
4460082,10.0,1
4460086,9.931926841062875,4
4460090,9.930961932904204,4
4460105,9.64329128944043,15
4460108,9.96078470863465,3
4460116,9.831993642671376,8
4460123,9.862215245531921,7
4460127,9.944924970595006,4
4460136,9.794959728291483,9
4460160,9.534600364037919,24
4460168,9.862563638265403,8
4460173,9.914434768073217,5
4460181,9.842983155065946,8
4460182,10.0,1
4460195,9.734067279167254,13
4460204,9.818657778020683,9
4460213,9.811126984365313,9
4460229,9.624453638120944,16
4460230,9.996242355272148,1
4460234,9.938839277187718,4
4460238,9.934706605554888,4
4460247,9.829947887301024,9
4460254,9.863990461049577,7
4460264,9.809482620169836,10
4460278,9.682234974973179,14
4460288,9.793714741458531,10
4460298,9.848606347067848,10
4460299,10.0,1
4460300,10.0,1
4460308,9.848272594851435,8
4460319,9.769847720567084,11
4460321,9.97000658245298,2
4460332,9.758307289920058,11
4460338,9.914586542007276,6
4460348,9.788707796593592,10
4460356,9.839529547769146,8
4460357,9.996737422460944,1
4460369,9.721228889175041,12
4460384,9.655422042188546,15
4460386,9.970367664396319,2
4460387,10.0,1
4460394,9.871837060137949,7
4460409,9.659360244783484,15
4460423,9.594291019313538,14
4460433,9.82598540197534,10
4460437,9.940999801587255,4
4460452,9.665419763529037,15
4460456,9.938775118208806,4
4460469,9.706197286385416,13
4460472,9.969476118424732,3
4460476,9.938188518753739,4
4460477,10.0,1
4460488,9.557533306795793,11
4460495,9.851645736895179,7
4460507,9.747476516726529,12
4460523,9.64171787710846,16
4460534,9.75705085645692,11
4460542,9.874522969209231,8
4460546,9.930921462320821,4
4460552,9.890223125655078,6
4460555,9.961925162271706,3
4460563,9.876064767241663,8
4460568,9.903135199182431,5
4460587,9.5140823053346,19
4460599,9.738974268884288,12
4460610,9.775160476404679,11
4460616,9.90620117918875,6
4460625,9.799620806390068,9
4460639,9.694456842285183,14
4460651,9.754077054982584,12
4460652,9.988989938237891,1
4460658,9.914182339099613,6
4460669,9.76038104240765,11
4460679,9.791438839911036,10
4460689,9.824905660277533,10
4460694,9.914421609619216,5
4460704,9.782978928223011,10
4460711,9.87855390549124,7
4460724,9.760573589306167,13
4460730,9.892837959544122,6
4460736,9.893340365571282,6
4460744,9.83968791844356,8
4460754,9.799650376272407,10
4460755,9.992349827905766,1
4460761,9.879678082919467,6
4460772,9.758754378896667,11
4460783,9.770762461028195,11
4460784,9.987916641963954,1
4460790,9.879805289013058,6
4460804,9.716164901076159,14
4460810,9.892940087695393,6
4460822,9.720895316782888,12
4460832,9.851898322305022,10
4460842,9.768353051974461,10
4460858,9.704797345273121,16
4460866,9.859084325243808,8
4460874,9.856360743506494,8
4460886,9.770745517379005,12
4460898,9.74955845108197,12
4460899,10.0,1
4460904,9.916578370256673,5
4460905,9.989141090587536,1
4460915,9.816472685725362,10
4460932,9.569282560609107,17
4460935,9.970103637556651,3
4460944,9.819392253487448,9
4460955,9.768957694766979,11
4460963,9.81997841166539,8
4460972,9.830675812295294,9
4460984,9.740973658560572,12
4460994,9.785468722192398,10
4460997,9.951270826196023,3
4461001,9.93496424672135,4
4461002,10.0,1
4461013,9.775648656855948,11
4461014,10.0,1
4461017,9.952855463807378,3
4461030,9.74812220614867,13
4461048,9.575405164619665,18
4461049,10.0,1
4461053,9.939261976003717,4
4461054,10.0,1
4461061,9.886083216170931,7
4461077,9.651295557453956,16
4461087,9.814112292788908,10
4461099,9.528562751996805,12
4461108,9.84050927322513,9
4461121,9.725020105734846,13
4461130,9.820789444562491,9
4461145,9.650119038555253,15
4461153,9.87643081196265,8
4461159,9.88596690090016,6
4461172,9.7009490308707,13
4461180,9.838329384791567,8
4461191,9.787595349018938,11
4461194,9.963953239549245,3
4461202,9.856206191129997,8
4461203,9.98934891017804,1
4461207,9.939097979458204,4
4461210,9.962201385574936,3
4461220,9.777793853421475,10
4461228,9.825549622540418,8
4461241,9.71652474449797,13
4461257,9.647317837502138,16
4461284,4.061662112981368,27
4461289,9.925685841405894,5
4461302,9.71802363667222,13
4461310,9.848387419520174,8
4461320,9.781452136842502,10
4461330,9.799637500296974,10
4461341,9.769986328468985,11
4461352,9.78697459052301,11
4461364,9.717737394487976,12
4461365,10.0,1
4461369,9.942076574531736,4
4461376,9.883257699098218,7
4461377,9.993246316753304,1
4461390,9.708009621581471,13
4461401,9.786623347586254,11
4461412,9.78097557549629,11
4461425,9.69396922853636,13
4461433,9.843582710730342,8
4461443,9.798864306040558,10
4461448,9.910056471801301,5
4461456,9.837572032087541,8
4461467,9.78261730673344,11
4461480,9.70199887245492,13
4461487,9.874879004697789,7
4461490,9.94963830848296,3
4461497,9.86780943248346,7
4461507,9.800909602053853,10
4461512,9.902791325154139,5
4461520,9.832170948302002,8
4461531,9.788785602359884,11
4461540,9.834764951969241,9
4461544,9.924353359728947,4
4461546,9.975806028817681,2
4461557,9.753092672532336,11
4461558,10.0,1
4461572,9.664268476780586,14
4461581,9.798443990607561,9
4461589,9.82927805002282,8
4461601,9.739299465520789,12
4461604,9.961476415183839,3
4461611,9.871829297998971,7
4461615,9.932771582124223,4
4461623,9.825260644025875,8
4461624,10.0,1
4461627,9.946754862177167,3
4461635,9.817346982099924,8
4461640,9.925697398686154,5
4461645,9.913469922930359,5
4461654,9.806376054703167,9
4461655,10.0,1
4461658,9.96472777058174,3
4461659,10.0,1
4461660,9.996466979413594,1
4461665,9.913490198222748,5
4461677,9.716124252305436,12
4461684,9.866288854831893,7
4461685,10.0,1
4461692,9.859083106973959,7
4461703,9.76645727159257,11
4461709,9.899190151117592,6
4461720,9.751332656452586,11
4461734,9.663784823987273,14
4461746,9.746264641796602,12
4461752,9.904325877917515,6
4461762,9.80943458820903,10
4461773,9.76874658416899,11
4461781,9.843596046585754,8
4461788,9.883533212569025,7
4461800,9.741509963899862,12
4461810,9.784801538394424,10
4461823,9.726444114879047,13
4461837,9.705303760950107,14
4461839,9.968554435946142,2
4461843,9.934007811573581,4
4461852,9.81393842887998,9
4461868,9.6950215463221,16
4461879,9.758028231424474,11
4461889,9.787302912245051,10
4461893,9.933043058114345,4
4461898,9.912270416992474,5
4461908,9.789566785707354,10
4461909,10.0,1
4461915,9.899922251165709,6
4461923,9.848244366015745,8
4461933,9.778932096700863,10
4461943,9.826126402081366,10
4461950,9.87293102215191,7
4461955,9.921242616581583,5
4461968,9.745740823210568,13
4461980,9.768490789925455,12
4461984,9.950370183825566,4
4461985,10.0,1
4461997,9.648597896519522,12
4462005,9.839788266140154,8
4462014,9.813825481255213,9
4462019,9.913554474609018,5
4462020,9.99268665194746,1
4462029,9.792403379713107,9
4462030,10.0,1
4462031,10.0,1
4462037,9.90200361299051,6
4462044,9.864239516719403,7
4462054,9.813585730773164,10
4462065,9.780441216335591,11
4462073,9.832041321644082,8
4462089,7.314241388142911,16
4462097,9.846431200058174,8
4462106,9.822556806786663,9
4462117,9.791927433561128,11
4462118,9.996228725127166,1
4462120,9.976392037036286,2
4462129,9.819590473971257,9
4462134,9.927074884992122,5
4462139,9.921019152703305,5
4462147,9.845375923721333,8
4462153,9.896725169816381,6
4462166,9.706285968647347,13
4462167,9.991369827480353,1
4462168,10.0,1
4462181,9.703260791706283,13
4462199,9.619577359555901,18
4462212,9.742817535451925,13
4462220,9.775833395608183,8
4462224,9.931798631529432,4
4462234,9.76564685582945,10
4462238,9.950904823797934,4
4462246,9.843802276658657,8
4462247,10.0,1
4462256,9.840570557129025,9
4462261,9.718856739457236,5
4462272,9.75679031374798,11
4462280,9.827725188852721,8
4462288,9.884687947410438,8
4462298,9.776862223152705,10
4462299,9.992657141487046,1
4462307,9.850094684128335,8
4462326,9.569305603894959,19
4462335,9.809042908446557,9
4462340,9.929911611101629,5
4462350,9.787647939901804,10
4462351,10.0,1
4462359,9.84506972566821,8
4462369,9.81345218560708,10
4462375,9.890747488743104,6
4462383,9.867078365647416,8
4462394,9.779274263205936,11
4462407,9.738982957719443,13
4462408,9.996058001546473,1
4462422,9.69480048941699,14
4462438,9.636703977227308,16
4462447,9.825521060259055,9
4462450,9.967268801523332,3
4462463,9.685369936922392,13
4462473,9.775961240741168,10
4462481,9.863270810149542,8
4462494,9.7198723102328,13
4462500,9.90044708691239,6
4462509,9.806994877577715,9
4462510,10.0,1
4462511,9.996670512546519,1
4462522,9.775966862581608,11
4462530,9.732010403071635,8
4462536,9.896324794668905,6
4462545,9.824362810478066,9
4462552,9.86805287519535,7
4462560,9.851889885754886,8
4462563,9.95777101629212,3
4462576,9.718868008067593,13
4462580,9.93836426524483,4
4462586,9.873975278604489,6
4462587,9.988367976612416,1
4462592,9.91346574232421,5
4462598,9.888666460574115,6
4462606,9.851220294150911,8
4462613,9.853201560027438,7
4462633,9.365879285132504,20
4462639,9.89027157858355,6
4462640,10.0,1
4462650,9.807625440177542,10
4462660,9.81050077207212,10
4462666,9.870645261466871,6
4462678,9.77970897634876,12
4462683,9.914964768379674,5
4462694,9.7720716467097,11
4462700,9.880432487927079,6
4462708,9.874122115450843,8
4462713,9.911460306354,5
4462714,10.0,1
4462724,9.788548437897388,10
4462735,9.75915836803434,11
4462741,9.881177327384675,6
4462746,9.911571863737633,5
4462753,9.886565637991026,7
4462757,9.937574299622684,4
4462773,9.625346805361724,16
4462777,9.948061233294577,4
4462791,9.744270409665932,14
4462798,9.87757303911498,7
4462807,9.804453203157783,9
4462814,9.670440310828315,7
4462822,9.869137093617091,8
4462828,9.885038932323711,6
4462834,9.896384918582829,6
4462841,9.9025772095437,7
4462853,9.768991476095277,12
4462861,9.87834279381025,8
4462872,9.755224580881316,11
4462880,9.847065640746377,8
4462884,9.927044738571576,4
4462898,9.688442738674127,14
4462901,9.955655225017068,3
4462902,10.0,1
4462903,10.0,1
4462908,9.915650087133066,5
4462923,9.69221669345666,15
4462927,9.932816622826719,4
4462949,9.462717410168217,22
4462956,9.845857410789671,7
4462965,9.81503880188413,9
4462967,9.982627831366655,2
4462972,9.918397128812053,5
4462977,9.916348399296355,5
4462990,9.739511197807202,13
4462991,10.0,1
4463002,9.763299392854382,11
4463016,9.711845078023527,14
4463021,9.912480093400012,5
4463022,10.0,1
4463027,9.934115180807101,5
4463036,9.789023637389183,9
4463041,9.624528286377302,5
4463042,10.0,1
4463045,9.952280489097781,3
4463053,9.83072082875883,8
4463062,9.829569057462793,9
4463067,9.919261961111726,5
4463078,9.772990004340238,11
4463079,10.0,1
4463110,9.289251414987927,31
4463122,9.695075877019788,12
4463128,9.668803784948748,6
4463139,9.776502159607134,11
4463151,9.736080666203137,12
4463156,9.92293686920134,5
4463157,10.0,1
4463170,9.703546514116105,13
4463175,9.92277667460551,5
4463186,9.804591095453514,11
4463196,9.795825945656993,10
4463203,9.652286969540588,7
4463210,9.880814468673842,7
4463211,10.0,1
4463225,9.65298428221912,14
4463226,10.0,1
4463228,9.971170681707495,2
4463234,9.877332956121156,6
4463239,9.915952913183805,5
4463253,9.694974119127023,14
4463269,9.618364920625547,16
4463270,10.0,1
4463282,9.698908741702848,12
4463288,9.904267319806838,6
4463299,9.75674550454653,11
4463301,9.973571671805038,2
4463310,9.842128955352898,9
4463323,9.72633481149197,13
4463324,9.993234628648828,1
4463336,9.748055874499023,12
4463344,9.853092697081099,8
4463352,9.817533365124529,8
4463353,9.988924884482438,1
4463366,9.706729414684055,13
4463374,9.851700918458777,8
4463385,9.770295420380808,11
4463394,9.813747852135645,9
4463400,9.899724285517111,6
4463402,9.981310066680823,2
4463412,9.759416364839812,10
4463422,9.793151956786785,10
4463434,9.727217933267548,12
4463447,9.723909427124678,13
4463448,9.988937161202468,1
4463454,9.899931701425762,6
4463460,9.897114779161694,6
4463471,9.797892751449922,11
4463482,9.795154841651575,11
4463497,9.653079604423676,15
4463507,9.794937053912193,10
4463508,10.0,1
4463509,10.0,1
4463513,9.943223642959467,4
4463520,9.861836363317114,7
4463532,9.796737726721787,12
4463539,9.885046811136267,7
4463545,9.889510190756843,6
4463548,9.965625004189427,3
4463551,9.956223170212967,3
4463559,9.825342746600661,8
4463573,9.721710710904627,14
4463579,9.882047393193398,6
4463591,9.742429849387621,12
4463600,9.8212882381371,9
4463608,9.84889410010548,8
4463618,9.784644232821353,10
4463623,9.922865159310824,5
4463632,9.83533981413238,9
4463642,9.799044014181252,10
4463648,9.90127452197308,6
4463660,9.755993626543514,12
4463667,9.843232268416108,7
4463672,9.923137284077177,5
4463679,9.866840881166905,7
4463680,10.0,1
4463686,9.896508428723594,6
4463705,9.61773753936187,19
4463709,9.942085821970743,4
4463725,9.73383096740639,16
4463729,9.943911887690405,4
4463740,9.750230204086844,11
4463747,9.853541703155983,7
4463757,9.794311679335244,10
4463763,9.904337188058324,6
4463781,9.5621768382538,18
4463792,9.769868471164575,11
4463802,9.803092710019769,10
4463810,9.837625526948898,8
4463828,9.549594071528748,18
4463840,9.73206133944344,12
4463858,9.647119656854311,18
4463871,9.712511538546078,13
4463881,9.780420349542402,10
4463890,9.796037513571658,9
4463898,9.8606007932834,8
4463902,9.940953134040548,4
4463918,9.634604224105892,16
4463933,9.679425164552502,15
4463939,9.897260922434404,6
4463950,9.773096139693754,11
4463963,9.728758700603029,13
4463964,10.0,1
4463974,9.807520602443274,10
4463984,9.78550370165941,10
4463986,9.97082082937926,2
4463997,9.761826915831813,11
4464000,9.946949859231935,3
4464008,9.861711849584633,8
4464027,9.367593020834166,19
4464038,9.746444154803239,11
4464050,9.772159310648084,12
4464057,9.678508718350821,7
4464060,9.960399763126457,3
4464061,10.0,1
4464065,9.959019444436574,4
4464067,9.980774695588305,2
4464077,9.794114765144105,10
4464081,9.933122381179503,4
4464086,9.909328555743706,5
4464090,9.932147328733533,4
4464091,10.0,1
4464096,9.91891617635142,5
4464106,9.778818302637855,10
4464116,9.80873752655771,10
4464121,9.920063769326184,5
4464129,9.854449260316331,8
4464140,9.741088609549665,11
4464142,9.772898752139852,2
4464155,9.730123639631994,13
4464156,10.0,1
4464164,9.84915866682252,8
4464176,9.709908763554399,12
4464186,9.784909730058851,10
4464189,9.962938897287465,3
4464199,9.807231065984581,10
4464206,9.88358383273334,7
4464219,9.709917126041665,13
4464231,9.713800824905718,12
4464248,9.647169121281626,17
4464254,9.885005104910624,6
4464263,9.829304010348089,9
4464273,9.758049276714557,10
4464287,9.70803016558007,14
4464306,9.582612579664529,19
4464310,9.938395271318218,4
4464314,9.930649622048215,4
4464318,9.943371797829048,4
4464328,9.823598457128112,10
4464336,9.858617941811598,8
4464352,9.652095213011988,16
4464353,10.0,1
4464358,9.922553083834794,5
4464370,9.745849060088387,12
4464376,9.89963947562653,6
4464384,9.857140236493422,8
4464393,9.802860291481496,9
4464400,9.876724586495511,7
4464412,9.729383717162477,12
4464420,9.830884395189003,8
4464427,9.858714915483553,7
4464441,9.66585206060889,14
4464446,9.909299975389702,5
4464447,10.0,1
4464459,9.72504059629726,12
4464468,9.655579891606157,9
4464486,9.573444668710504,18
4464493,9.866861255586318,7
4464503,9.791586796948307,10
4464508,9.913461920439818,5
4464510,9.97192464907042,2
4464521,9.779114879285109,11
4464530,9.813860474844363,9
4464540,9.789555545176277,10
4464545,9.923033673171043,5
4464553,9.83212122073805,8
4464554,9.989901974500135,1
4464571,9.606222781933322,17
4464583,9.749694692439068,12
4464593,9.785515587254254,10
4464601,9.839474195940198,8
4464609,9.840771444514749,8
4464620,9.761253862225656,11
4464621,10.0,1
4464632,9.76307086566936,11
4464642,9.808318399324202,10
4464645,9.958326363755223,3
4464651,9.900263989611865,6
4464654,9.952706307276816,3
4464665,9.77820713315012,11
4464668,9.958337157970242,3
4464676,9.839744456744713,8
4464684,9.874220663380001,8
4464701,9.604186603664761,17
4464702,10.0,1
4464707,9.918322407026624,5
4464708,10.0,1
4464720,9.795371240103684,12
4464728,9.843430895291744,8
4464729,9.992507269463047,1
4464737,9.866305372225824,8
4464746,9.798957398273627,9
4464748,9.976697986305014,2
4464756,9.843221121235969,8
4464757,10.0,1
4464772,9.65744541101388,15
4464781,9.830555954905018,9
4464790,9.79662551712257,9
4464800,9.800659390229141,10
4464813,9.681029056951719,13
4464825,9.703209106336487,12
4464833,9.835384015030723,8
4464839,9.911146492200249,6
4464846,9.88746450637166,7
4464851,9.916526979656046,5
4464858,9.883430246458644,7
4464861,9.956298028401712,3
4464871,9.791285167958572,10
4464880,9.829377751971009,9
4464883,9.963306775030224,3
4464893,9.810230696741913,10
4464899,9.893135733711132,6
4464909,9.794635496073564,10
4464928,9.605341360621043,19
4464939,9.769642113107512,11
4464953,9.710716447660264,14
4464956,9.973104931686056,3
4464967,9.800456834795039,11
4464970,9.962771321624137,3
4464977,9.879098479767263,7
4464986,9.815939924701796,9
4464993,9.84848268885973,7
4464994,9.996273758446021,1
4465001,9.87469391524603,7
4465009,9.861826937333804,8
4465019,9.823413951424898,10
4465027,9.841325762443034,8
4465032,9.926356249649615,5
4465042,9.799598708808256,10
4465055,9.714611015361015,13
4465072,7.215495353306408,17
4465085,9.762448058078746,13
4465090,9.934333071295745,5
4465101,9.761134660833463,11
4465114,9.71680231611015,13
4465122,9.83608487271412,8
4465129,9.892441194673635,7
4465137,9.831939879905162,8
4465151,8.01376950259373,14
4465152,9.996880795621454,1
4465160,9.854048973634782,8
4465164,9.934976131147307,4
4465176,9.627588961864973,12
4465182,9.907449292149476,6
4465186,9.954936350603937,4
4465194,9.837686006288534,8
4465201,9.871384454191796,7
4465202,10.0,1
4465212,9.815412694161719,10
4465223,9.77042383924567,11
4465225,9.974852863736563,2
4465237,9.39099071387819,12
4465255,9.587550167327542,18
4465266,9.73237395794932,11
4465273,9.884681659206292,7
4465286,9.71077341848932,13
4465289,9.966804986787471,3
4465300,9.754401809108627,11
4465301,10.0,1
4465317,9.691970711733982,16
4465320,9.957005489788992,3
4465326,9.912123216833669,6
4465332,9.900839646947038,6
4465342,9.791367788937889,10
4465350,9.857775830390457,8
4465361,9.749644116661116,11
4465367,9.892229256619803,6
4465375,9.832592848632295,8
4465384,9.792346092692163,9
4465401,9.676387082604668,17
4465402,10.0,1
4465410,9.840875985905823,8
4465420,9.780391117865824,10
4465428,9.870162362197215,8
4465438,9.801127251264388,10
4465439,10.0,1
4465448,9.80160876668299,9
4465458,9.80333624604853,10
4465464,9.894536217967998,6
4465472,9.841009290516965,8
4465473,10.0,1
4465476,9.954423318892879,3
4465486,9.788267076640299,10
4465500,9.69741059039601,14
4465506,9.879546079545781,6
4465513,9.885986045302932,7
4465528,9.664760855788453,15
4465533,9.92119208856766,5
4465539,9.888325760846296,6
4465548,9.810003148967695,9
4465564,9.585775476847692,16
4465578,9.666187092771278,14
4465583,9.917334000345974,5
4465592,9.817037435725382,9
4465594,9.984672157893305,2
4465599,9.924125340509562,5
4465610,9.748971436669999,11
4465618,9.846099057071854,8
4465625,9.88534413645634,7
4465626,9.996135746430827,1
4465632,9.892601613090008,6
4465643,9.770452001427776,11
4465652,9.811352981347119,9
4465666,9.684626370939284,14
4465676,9.79977507348169,10
4465691,9.657566563846474,15
4465692,9.99655217164098,1
4465698,9.798927235648097,6
4465703,9.907166711599599,5
4465707,9.944109477466652,4
4465708,10.0,1
4465722,9.728810187747639,14
4465731,9.834132525710961,9
4465750,9.554313312072335,19
4465757,9.894567678849288,7
4465758,10.0,1
4465770,9.770221194582811,12
4465778,9.828880956071657,8
4465788,9.518828846236305,10
4465798,9.774686781946912,10
4465805,9.861569456298781,7
4465817,9.764877227061943,12
4465823,9.903759115408922,6
4465840,9.59847575055458,17
4465852,9.722515850193547,12
4465864,9.747392830316258,12
4465872,9.840226893321331,8
4465875,9.961704769686188,3
4465887,9.718012212013944,12
4465897,9.795853780387406,10
4465901,9.958860592959846,4
4465912,9.751345297034705,11
4465924,9.76626090232681,12
4465927,9.953112603605648,3
4465938,9.55756586037903,11
4465943,9.720129942971,5
4465954,9.777162117035504,11
4465974,9.579739295530143,20
4465975,10.0,1
4465987,9.735383221106176,12
4465996,9.80314620441139,9
4466000,9.928513009178996,4
4466012,9.794041847910195,12
4466024,9.743577639492447,12
4466037,9.704676104898335,13
4466039,9.974773703270765,2
4466044,9.924581856928015,5
4466053,9.82023186830553,9
4466058,9.892984052887336,5
4466062,9.937515611027516,4
4466072,9.786047428278296,10
4466073,10.0,1
4466078,9.939870252856874,5
4466079,9.99269180738704,1
4466092,9.706435909195928,13
4466099,9.872340318852817,7
4466107,9.836321285015602,8
4466117,9.811410746790456,10
4466129,9.750091463438068,12
4466131,9.977320869824727,2
4466141,9.775808232321065,10
4466153,9.733311801433826,12
4466156,9.662871107049936,3
4466163,9.867243696527376,7
4466167,9.936132782873546,4
4466173,9.892273033331982,6
4466188,9.648402631302163,15
4466193,9.93103185978097,5
4466203,9.79451607530129,10
4466208,9.924270624525215,5
4466218,9.78482746416219,10
4466228,9.807742584115795,10
4466233,9.918453445260146,5
4466254,9.55643198544823,21
4466255,9.993284502416087,1
4466263,9.852046946162467,8
4466281,9.597616234215229,18
4466290,9.720359459559566,9
4466292,9.97720621846826,2
4466300,9.851407050222441,8
4466307,9.856169844145587,7
4466308,9.99668462348403,1
4466310,9.979671394123779,2
4466324,9.698116113446149,14
4466331,9.860089937205668,7
4466333,9.971037206423906,2
4466340,9.887137560530473,7
4466349,9.803311091187771,9
4466356,9.882743861855005,7
4466361,9.925950863827248,5
4466379,9.045561078419347,18
4466390,9.804054835911975,11
4466402,9.754800402807033,12
4466406,9.938671381026975,4
4466417,9.766287721485508,11
4466433,9.650788686358673,16
4466434,9.996561871951661,1
4466435,9.989581403707907,1
4466442,9.878215046588954,7
4466443,10.0,1
4466451,9.663520552598346,8
4466455,9.941764656131701,4
4466461,9.899578221670428,6
4466467,9.90052761569723,6
4466477,9.78993799678902,10
4466480,9.956214311732047,3
4466486,9.897635726513947,6
4466493,9.883625761849643,7
4466505,9.718244426196062,12
4466511,9.89552194494166,6
4466519,9.844802562924905,8
4466530,9.754261593607392,11
4466542,9.749623359939827,12
4466560,9.58733486329023,18
4466566,9.903350980752215,6
4466573,9.885826314362363,7
4466585,9.761771599534924,12
4466599,9.687977406544642,14
4466613,9.68205879367879,14
4466618,9.928571978619901,5
4466619,10.0,1
4466629,9.802823653223232,10
4466639,9.789649144698664,10
4466641,9.981405897995655,2
4466652,9.764173796043709,11
4466658,9.881596028431016,6
4466672,9.704882697280965,14
4466683,9.796466099404585,11
4466692,9.837069584742963,9
4466699,9.88936132642285,7
4466707,9.84158225012611,8
4466721,9.676504579399447,14
4466734,9.726626511236718,13
4466746,9.731724320156186,12
4466752,9.91030422175937,6
4466758,9.895222380440652,6
4466770,9.796091238881893,12
4466779,9.834649230637186,9
4466782,9.95250693923297,3
4466797,9.680463585122945,15
4466799,9.982166289372389,2
4466809,9.80001802981988,10
4466821,9.77073993988056,12
4466822,10.0,1
4466833,9.760300108601047,11
4466852,9.392700921994816,19
4466865,9.74066491216533,13
4466876,9.771146979576518,11
4466888,9.730108317837452,12
4466893,9.921527140094016,5
4466895,9.981724754967237,2
4466904,9.797418910348986,9
4466909,9.926064336407094,5
4466928,9.430850352456643,19
4466937,9.832192438700805,9
4466944,9.850951771355591,7
4466955,9.755241182954089,11
4466963,9.842903702970684,8
4466978,9.645127702102519,15
4466989,9.785939438859897,11
4466992,9.961653376543783,3
4467004,9.73849003669503,12
4467005,10.0,1
4467017,9.754924635266105,12
4467026,9.816981277216748,9
4467032,9.8872361514207,6
4467039,9.880391868256101,7
4467042,9.969532731766645,3
4467045,9.95325338687801,3
4467051,9.89859018678291,6
4467052,10.0,1
4467064,9.723845820730665,12
4467068,9.926669787758463,4
4467069,9.995801810562925,1
4467079,9.77860886462474,10
4467086,9.846085953568881,7
4467097,9.740251445015973,11
4467104,9.85880660371327,7
4467114,9.798852662097785,10
4467121,9.869837244355063,7
4467131,9.781587787210128,10
4467132,9.992703018368841,1
4467141,9.806587614648944,9
4467142,9.992665993824437,1
4467147,9.914583148371586,5
4467158,9.75886819261312,11
4467166,9.828138020530734,8
4467174,9.842048362268786,8
4467183,9.823029941639437,9
4467193,9.800890405448513,10
4467201,9.834810534651822,8
4467210,9.79443903903889,9
4467215,9.904410864691263,5
4467216,9.989234124307611,1
4467229,9.721325465585714,13
4467238,9.822375304932136,9
4467239,10.0,1
4467243,9.94562962036177,4
4467255,9.716901030777363,12
4467268,9.76314958492006,13
4467269,10.0,1
4467278,9.811793997974545,9
4467279,10.0,1
4467280,9.992549824401927,1
4467290,9.80842923076888,10
4467291,10.0,1
4467304,9.712405294350283,13
4467316,9.747187975694269,12
4467322,9.79358880998658,6
4467327,9.902080358926668,5
4467331,9.939100779177275,4
4467340,9.813286006435309,9
4467352,9.743401013971642,12
4467359,9.90307156954753,7
4467364,9.925433123534368,5
4467374,9.795997938570872,10
4467375,10.0,1
4467384,9.81341760184023,9
4467390,9.898279559044004,6
4467392,9.97356026641036,2
4467402,9.79975111802463,10
4467407,9.924135670666168,5
4467420,9.768657987542163,13
4467434,9.45741521792899,14
4467451,9.217279972745846,17
4467459,9.855279810907339,8
4467471,9.732797537762966,12
4467481,9.79974554234888,10
4467494,9.566245748566411,13
4467508,9.707892799828658,14
4467524,9.650888719924541,16
4467531,9.867312005241766,7
4467538,9.871422550973074,7
4467552,9.676263995810418,14
4467561,9.825980615117317,9
4467569,9.825443316162717,8
4467582,9.720181107149799,13
4467588,9.885687329571406,6
4467599,9.76882496378219,11
4467607,9.823209831366228,8
4467612,9.914030414659923,5
4467621,9.813161358995103,9
4467633,9.778457089407098,12
4467646,9.72487552245403,13
4467650,9.942436409497144,4
4467660,9.792675142320128,10
4467669,9.802532076928541,9
4467683,9.088639755636102,14
4467690,9.855935748083601,7
4467699,9.802936804934381,9
4467700,10.0,1
4467713,9.688863702175663,13
4467716,9.965204729886086,3
4467723,9.668538701729142,7
4467734,9.786217521849457,11
4467739,9.915001666315767,5
4467748,9.808490981234268,9
4467752,9.93603142565968,4
4467777,9.532329662788932,25
4467785,9.865124343820613,8
4467789,9.94288606370567,4
4467798,9.821375189957081,9
4467808,9.779434269853153,10
4467821,9.725878375981981,13
4467823,9.977685018614837,2
4467833,9.790053623758249,10
4467840,9.846388855261619,7
4467846,9.888794416434694,6
4467856,9.79580701118612,10
4467859,9.968232864649222,3
4467863,9.946434568374809,4
4467874,9.777926212290021,11
4467883,9.864562418020137,9
4467892,9.810170167954137,9
4467907,6.877316196668463,15
4467919,9.453883143415114,12
4467925,9.902589686729279,6
4467936,9.736635640775823,11
4467943,9.879560847745527,7
4467950,9.878360909197045,7
4467953,9.94685978231574,3
4467962,9.83185798205824,9
4467972,9.813582377492542,10
4467973,10.0,1
4467980,9.88969341431082,7
4467990,9.784192614135007,10
4467994,9.946995921897937,4
4468011,9.596149485936964,17
4468024,9.715152450460552,13
4468028,9.932364059894557,4
4468035,9.855730385517687,7
4468045,9.80867981966992,10
4468054,9.824983868978748,9
4468062,9.857997213071117,8
4468071,9.813634518454986,9
4468094,7.431641403373221,23
4468096,9.97390569296966,2
4468110,9.710258607076597,14
4468127,9.605898276631029,17
4468133,9.903737300826771,6
4468144,9.768231168141119,11
4468155,9.792435471654706,11
4468163,9.827041917466836,8
4468176,9.6963222744179,13
4468183,9.872944284514979,7
4468193,9.789226506509456,10
4468211,9.574244439310313,18
4468216,9.91141905731238,5
4468229,9.75885453895474,13
4468249,9.647005314708396,20
4468251,9.978748049265855,2
4468253,9.977330092391822,2
4468263,9.76875816427768,10
4468266,9.962548690170049,3
4468275,9.844495221523314,9
4468284,9.854508073685771,9
4468306,9.47424926833842,22
4468316,9.799454418798568,10
4468317,9.98857736123878,1
4468318,9.993162273778207,1
4468325,9.87693102964152,7
4468338,9.61081428337637,13
4468353,9.674833431827256,15
4468364,9.76467970516732,11
4468380,9.601015975381875,16
4468388,9.848976558894131,8
4468403,9.66573920137321,15
4468414,9.768148171294511,11
4468421,9.85626596820958,7
4468428,9.876132978990215,7
4468438,9.787543969826688,10
4468444,9.889006154699139,6
4468456,9.72332054285034,12
4468467,9.78076508562686,11
4468482,9.668092582955524,15
4468487,9.902558222085577,5
4468496,9.807241438592929,9
4468501,9.914423683290664,5
4468505,9.939729615370027,4
4468515,9.769244761787016,10
4468525,9.789172449198816,10
4468540,9.530558248187933,15
4468553,9.719665703263457,13
4468558,9.920646821882242,5
4468575,9.639745616558585,17
4468587,9.781722231715264,12
4468595,9.838977954510414,8
4468601,9.869258738779843,6
4468610,9.710240276808372,9
4468613,9.959164088042028,3
4468623,9.796800259399996,10
4468636,9.70634383556296,13
4468637,10.0,1
4468640,9.9627484736497,3
4468642,9.98375949455456,2
4468665,6.760555916175269,23
4468672,9.887930948864458,7
4468683,9.803731943221429,11
4468697,9.69405577297851,14
4468707,9.800959480157355,10
4468709,9.979187480710317,2
4468720,9.806874244064026,11
4468726,9.887829162486913,6
4468744,9.472611566809158,18
4468755,9.755188771678819,11
4468764,9.333890191169068,9
4468781,9.636528249598058,17
4468790,9.813932313294115,9
4468797,9.86964584962493,7
4468798,10.0,1
4468810,9.771133686717459,12
4468816,9.8992960119507,6
4468823,9.863976483182702,7
4468835,9.790107186804184,12
4468840,9.930376758462364,5
4468848,9.871953846753744,8
4468859,9.805947065634081,11
4468864,9.922019242919761,5
4468871,9.877091342329157,7
4468872,10.0,1
4468879,9.85547539881047,7
4468895,9.624501244567467,16
4468905,9.777645924005181,10
4468914,9.792741561889914,9
4468926,9.733316838205111,12
4468937,9.764261402351787,11
4468945,9.83804378245889,8
4468952,9.87618384293373,7
4468961,9.81613572989178,9
4468970,9.841422062244247,9
4468980,9.786531253995728,10
4468993,9.71123482227396,13
4469003,9.790541865255742,10
4469020,9.647408864760472,17
4469022,9.977653003759922,2
4469025,9.958133301077277,3
4469037,9.773500504776273,12
4469048,9.759759792637835,11
4469057,9.816916449727504,9
4469058,10.0,1
4469067,9.816685640165566,9
4469079,9.756396394720133,12
4469083,9.942181344781194,4
4469090,9.862416517042723,7
4469099,9.80549603387636,9
4469102,9.955246243933313,3
4469109,9.887557204092154,7
4469120,9.780666666726377,11
4469124,9.954962743916493,4
4469141,9.61335158284485,17
4469150,9.813397426157191,9
4469155,9.921633286556483,5
4469160,9.919409164501262,5
4469161,10.0,1
4469174,9.699751122078693,13
4469181,9.853450849688457,7
4469186,9.921126551218322,5
4469187,10.0,1
4469198,9.760401051458992,11
4469199,9.988210887931082,1
4469206,9.862658317832754,7
4469212,9.916837669902439,6
4469213,10.0,1
4469228,9.654474680581956,15
4469241,9.741834365327724,13
4469245,9.938543922240301,4
4469256,9.799858538577576,11
4469263,9.89666498856415,7
4469273,9.786663164237599,10
4469294,9.558943256964437,21
4469306,9.728096602195556,12
4469308,9.984080624699024,2
4469324,7.991157208774764,16
4469331,9.869388477712173,7
4469337,9.90625516803162,6
4469353,9.622329035078943,16
4469364,9.579170241607997,11
4469374,9.774049821951152,10
4469382,9.83268636566323,8
4469386,9.941586425532027,4
4469387,10.0,1
4469394,9.86701980739183,7
4469404,9.786532417113959,10
4469413,9.806152288187715,9
4469424,9.76565369825828,11
4469434,9.777147638844886,10
4469444,9.792906577390832,10
4469456,8.189742961998896,12
4469470,9.719442982065651,14
4469471,10.0,1
4469483,9.738424451687472,12
4469484,10.0,1
4469485,10.0,1
4469486,10.0,1
4469495,9.831907051263212,9
4469505,9.784619080144868,10
4469513,9.86322132200783,8
4469514,10.0,1
4469518,9.949038202032211,4
4469526,9.753903415285892,8
4469540,9.72150588809131,14
4469547,9.848505939593627,7
4469553,9.901067720333257,6
4469554,10.0,1
4469562,9.630778663174521,8
4469574,9.726055996405755,12
4469578,9.92552077098537,4
4469587,9.83836547602175,9
4469596,9.832518465273749,9
4469601,9.900703416939995,5
4469605,9.950558565143883,4
4469614,9.810512444113638,9
4469623,9.79003691190035,9
4469645,9.520950850729593,22
4469652,9.844537854078341,7
4469661,9.823938555160794,9
4469672,9.808792833868754,11
4469685,9.72346626434365,13
